,A1,A2,A3,A4,A5,A6,A7,A8,A9,A10,A11,A12,A13,A14,A15,B1,B2,B3,B4,B5,B6,B7,B8,B9,B10,B11,B12,B13,B14,B15,C1,C2,C3,C4,C5,C6,C7,C8,C9,C10,C11,C12,C13,C14,C15,D1,D2,D3,D4,D5,D6,D7,D8,D9,D10,D11,D12,D13,D14,D15,E1,E2,E3,E4,E5,E6,E7,E8,E9,E10,E11,E12,E13,E14,E15
A1,0.0,0.3826722204685211,0.629737377166748,0.9365686178207397,1.1924004554748535,1.4920161962509155,1.8001042604446411,2.0323047637939453,2.3691673278808594,2.6271541118621826,2.8441667556762695,3.1305484771728516,3.357109308242798,3.3947412967681885,3.5711159706115723,2.5863053798675537,2.8551995754241943,3.215904474258423,3.3348870277404785,3.5717549324035645,3.9230213165283203,4.13677453994751,4.374900817871094,4.734156608581543,4.987393856048584,5.1796722412109375,5.498833179473877,5.682594299316406,5.764044284820557,5.91445779800415,3.7426276206970215,3.978062629699707,4.268463134765625,4.5804290771484375,4.819321155548096,5.059154510498047,5.394967555999756,5.577637672424316,5.883315086364746,6.193418025970459,6.276699066162109,6.607880592346191,6.6373677253723145,6.643505096435547,6.516000747680664,3.6581530570983887,3.8369126319885254,3.7144775390625,4.078889846801758,4.02576208114624,4.051265239715576,4.40960693359375,4.351633548736572,4.644618988037109,4.875935077667236,4.814128875732422,5.1740570068359375,5.212362766265869,4.99186372756958,5.268554210662842,2.9343180656433105,2.825890302658081,2.4832923412323,2.530693769454956,2.250276803970337,2.049734354019165,2.1577816009521484,1.8460824489593506,1.9819477796554565,2.0917603969573975,1.886069893836975,2.2310450077056885,2.2832818031311035,2.0421206951141357,2.3302817344665527
A2,0.3826722204685211,0.0,0.3834984600543976,0.5792621970176697,0.8752623796463013,1.1922762393951416,1.467840552330017,1.7327957153320312,2.050084352493286,2.310755491256714,2.552687883377075,2.8235206604003906,3.045304536819458,3.088866949081421,3.2878406047821045,2.3324851989746094,2.5756890773773193,2.9429547786712646,3.047743797302246,3.3034474849700928,3.643754720687866,3.8589742183685303,4.115095615386963,4.464295864105225,4.720507621765137,4.931351661682129,5.239349365234375,5.422040939331055,5.513683319091797,5.6806230545043945,3.620311975479126,3.8765809535980225,4.170502662658691,4.465822219848633,4.72854471206665,4.966346740722656,5.296443462371826,5.501497745513916,5.798216819763184,6.114407062530518,6.219486236572266,6.541659832000732,6.571448802947998,6.594771862030029,6.47939395904541,3.629152536392212,3.8379433155059814,3.743229389190674,4.11430025100708,4.096428871154785,4.123364448547363,4.490946292877197,4.46284294128418,4.749587059020996,5.0013933181762695,4.9580793380737305,5.313733100891113,5.33411979675293,5.118003845214844,5.384700775146484,2.8672292232513428,2.800603151321411,2.4546985626220703,2.553469657897949,2.3121633529663086,2.118717908859253,2.2865731716156006,2.015532970428467,2.181378126144409,2.339246988296509,2.170473337173462,2.5290756225585938,2.5699422359466553,2.345566511154175,2.6395437717437744
A3,0.629737377166748,0.3834984600543976,0.0,0.3959614038467407,0.6518057584762573,0.8854877948760986,1.213244915008545,1.4668084383010864,1.7816327810287476,2.0721898078918457,2.284409284591675,2.5768685340881348,2.7751564979553223,2.790879011154175,2.971958637237549,2.051621437072754,2.2882001399993896,2.6500866413116455,2.7385029792785645,2.972679376602173,3.323490619659424,3.5254039764404297,3.7680370807647705,4.124709606170654,4.373154640197754,4.57614278793335,4.888630390167236,5.077735900878906,5.171205997467041,5.33473539352417,3.3199450969696045,3.5657591819763184,3.8736917972564697,4.158511638641357,4.4210710525512695,4.672468662261963,4.992358207702637,5.199220180511475,5.50178337097168,5.811498165130615,5.925796985626221,6.248286724090576,6.291988849639893,6.327874660491943,6.229007720947266,3.3884217739105225,3.5964627265930176,3.5305042266845703,3.908719301223755,3.91550350189209,3.9704370498657227,4.340883731842041,4.335443019866943,4.632996082305908,4.889141082763672,4.873820781707764,5.22780179977417,5.25514030456543,5.0617570877075195,5.336726188659668,2.7884631156921387,2.711305856704712,2.389641761779785,2.5288193225860596,2.288332462310791,2.1544992923736572,2.352476119995117,2.095104455947876,2.3180437088012695,2.467092990875244,2.3355419635772705,2.690887689590454,2.7767629623413086,2.5806589126586914,2.8936192989349365
A4,0.9365686178207397,0.5792621970176697,0.3959614038467407,0.0,0.4046802222728729,0.6685881018638611,0.9120268225669861,1.220104694366455,1.5019886493682861,1.7861090898513794,2.0398924350738525,2.3031165599823,2.5019750595092773,2.5355379581451416,2.7511961460113525,1.912820816040039,2.104632616043091,2.4731242656707764,2.538917064666748,2.8012163639068604,3.1329104900360107,3.3355400562286377,3.6036689281463623,3.9442806243896484,4.195165634155273,4.424360752105713,4.719864845275879,4.907867431640625,5.015766620635986,5.201512813568115,3.3400418758392334,3.6090164184570312,3.91544771194458,4.179037094116211,4.467303276062012,4.712290287017822,5.024686813354492,5.255675315856934,5.545291423797607,5.861197471618652,5.9980998039245605,6.308874130249023,6.350495338439941,6.4032769203186035,6.315321922302246,3.50616192817688,3.74404239654541,3.7028067111968994,4.08152961730957,4.119205951690674,4.168638706207275,4.543993949890137,4.563014984130859,4.849298477172852,5.122737407684326,5.118571758270264,5.466658592224121,5.474471569061279,5.280698776245117,5.5419535636901855,2.8391668796539307,2.8128304481506348,2.490565061569214,2.6691489219665527,2.4741861820220947,2.3345799446105957,2.5721027851104736,2.351294994354248,2.5746471881866455,2.7618870735168457,2.645387887954712,3.009361982345581,3.0700414180755615,2.8756508827209473,3.1840333938598633
A5,1.1924004554748535,0.8752623796463013,0.6518057584762573,0.4046802222728729,0.0,0.3979713022708893,0.6220951080322266,0.8588658571243286,1.1841039657592773,1.4404245615005493,1.6787915229797363,1.9507471323013306,2.173095941543579,2.23003888130188,2.4345195293426514,2.0005009174346924,2.136913537979126,2.493213653564453,2.4963841438293457,2.7329840660095215,3.0662548542022705,3.2268781661987305,3.4837710857391357,3.826268434524536,4.04782247543335,4.28684663772583,4.573370456695557,4.785892963409424,4.918814182281494,5.117593765258789,3.4358251094818115,3.686534881591797,4.012873649597168,4.254007816314697,4.542163372039795,4.8072428703308105,5.100160121917725,5.334156513214111,5.631229400634766,5.935118675231934,6.086590766906738,6.396663665771484,6.459510803222656,6.530267715454102,6.46469783782959,3.6859071254730225,3.915524959564209,3.9035589694976807,4.286334037780762,4.340834140777588,4.418581485748291,4.792558670043945,4.823023796081543,5.120719909667969,5.39024543762207,5.403224945068359,5.7512359619140625,5.770870208740234,5.592966079711914,5.8623857498168945,3.163611888885498,3.133889675140381,2.8291549682617188,3.024434804916382,2.825226306915283,2.7097818851470947,2.9457590579986572,2.7156383991241455,2.94618558883667,3.1122701168060303,2.9829916954040527,3.339933156967163,3.413907289505005,3.205497980117798,3.5065841674804688
A6,1.4920161962509155,1.1922762393951416,0.8854877948760986,0.6685881018638611,0.3979713022708893,0.0,0.390110582113266,0.6190693974494934,0.9058839082717896,1.2239890098571777,1.4227890968322754,1.7181912660598755,1.8941599130630493,1.9066766500473022,2.09820556640625,1.727630615234375,1.8326032161712646,2.1744911670684814,2.1493513584136963,2.364168167114258,2.7030913829803467,2.848735809326172,3.096196413040161,3.4428534507751465,3.6584529876708984,3.8938162326812744,4.1822052001953125,4.398982524871826,4.534619331359863,4.733266353607178,3.147162675857544,3.389967441558838,3.7249250411987305,3.94669771194458,4.239009857177734,4.512563228607178,4.791421890258789,5.031970500946045,5.328774452209473,5.626658916473389,5.791615962982178,6.097084045410156,6.1714253425598145,6.257445335388184,6.209959506988525,3.480626106262207,3.7139899730682373,3.7363128662109375,4.1187825202941895,4.203880310058594,4.303520679473877,4.676063060760498,4.733309268951416,5.0335307121276855,5.309042453765869,5.349704265594482,5.691247463226318,5.7112531661987305,5.55497407913208,5.825845718383789,3.1079704761505127,3.080082416534424,2.806959390640259,3.0381956100463867,2.855565309524536,2.7900967597961426,3.050658702850342,2.8445053100585938,3.113387107849121,3.279790163040161,3.186166286468506,3.5398471355438232,3.6427226066589355,3.461190700531006,3.7780230045318604
A7,1.8001042604446411,1.467840552330017,1.213244915008545,0.9120268225669861,0.6220951080322266,0.390110582113266,0.0,0.39168787002563477,0.5916925668716431,0.8963671326637268,1.1564421653747559,1.407904863357544,1.5906826257705688,1.6375131607055664,1.8731582164764404,1.7681347131729126,1.7985657453536987,2.126601457595825,2.0546934604644775,2.2871041297912598,2.5950989723205566,2.7251908779144287,2.994535446166992,3.318369150161743,3.5256271362304688,3.7906179428100586,4.0550336837768555,4.275588512420654,4.432354927062988,4.6562066078186035,3.284310817718506,3.539666175842285,3.8700203895568848,4.0652289390563965,4.376616954803467,4.6441330909729,4.9098029136657715,5.1701741218566895,5.453800201416016,5.752790451049805,5.939085960388184,6.231851577758789,6.307248115539551,6.410444736480713,6.376043319702148,3.704564094543457,3.957092523574829,4.000325679779053,4.379091739654541,4.487473011016846,4.583719730377197,4.957087993621826,5.032159805297852,5.3231425285339355,5.609707355499268,5.658653259277344,5.994867324829102,6.001049995422363,5.845364570617676,6.105445861816406,3.2952380180358887,3.3057861328125,3.036926031112671,3.290041446685791,3.138558864593506,3.066208600997925,3.3461456298828125,3.159658908843994,3.4229576587677,3.610978364944458,3.5201497077941895,3.879767417907715,3.9639384746551514,3.77824330329895,4.089740753173828
A8,2.0323047637939453,1.7327957153320312,1.4668084383010864,1.220104694366455,0.8588658571243286,0.6190693974494934,0.39168787002563477,0.0,0.3903651237487793,0.6278098225593567,0.822648823261261,1.1127042770385742,1.327771782875061,1.401513934135437,1.6028984785079956,2.0022573471069336,1.9928557872772217,2.2882080078125,2.157370090484619,2.338656187057495,2.644373655319214,2.7191836833953857,2.959820508956909,3.28524112701416,3.4527385234832764,3.7179698944091797,3.9741039276123047,4.221946716308594,4.401760578155518,4.6315436363220215,3.4275286197662354,3.653646230697632,3.9993033409118652,4.175041675567627,4.4754743576049805,4.762305736541748,5.0076470375061035,5.262302875518799,5.554837703704834,5.837722301483154,6.031688213348389,6.325110912322998,6.422247886657715,6.538467884063721,6.523655891418457,3.8944175243377686,4.128538131713867,4.191775798797607,4.570494651794434,4.6854705810546875,4.807636737823486,5.176266193389893,5.255023956298828,5.557579517364502,5.835113048553467,5.896460056304932,6.2329301834106445,6.254586219787598,6.113492012023926,6.38367223739624,3.6270384788513184,3.621058702468872,3.365539789199829,3.618840456008911,3.452641487121582,3.396761178970337,3.6656668186187744,3.4634957313537598,3.7305703163146973,3.8950448036193848,3.7911956310272217,4.143102645874023,4.24211311340332,4.045515537261963,4.352047443389893
A9,2.3691673278808594,2.050084352493286,1.7816327810287476,1.5019886493682861,1.1841039657592773,0.9058839082717896,0.5916925668716431,0.3903651237487793,0.0,0.3863060772418976,0.6057772040367126,0.845909059047699,1.0005258321762085,1.0615235567092896,1.3097478151321411,1.9200217723846436,1.8385690450668335,2.100003957748413,1.92182195186615,2.1014797687530518,2.3754942417144775,2.431842088699341,2.685729503631592,2.9895904064178467,3.1513354778289795,3.4373183250427246,3.6741955280303955,3.9210205078125,4.114288330078125,4.361799240112305,3.3675615787506104,3.6000993251800537,3.938167095184326,4.084082126617432,4.399886131286621,4.679574012756348,4.908634662628174,5.181114673614502,5.459080696105957,5.740823268890381,5.955725193023682,6.234855651855469,6.333943843841553,6.468222141265869,6.469202995300293,3.9256134033203125,4.176163196563721,4.267197132110596,4.638795852661133,4.783934593200684,4.908184051513672,5.274742603302002,5.378939628601074,5.671694278717041,5.960768699645996,6.039641380310059,6.367210388183594,6.37563419342041,6.244035720825195,6.504034042358398,3.6882808208465576,3.7110226154327393,3.475473403930664,3.756516218185425,3.622770309448242,3.5838727951049805,3.8765149116516113,3.7028145790100098,3.9830358028411865,4.166210651397705,4.085698127746582,4.441262722015381,4.539619445800781,4.3577141761779785,4.670907020568848
A10,2.6271541118621826,2.310755491256714,2.0721898078918457,1.7861090898513794,1.4404245615005493,1.2239890098571777,0.8963671326637268,0.6278098225593567,0.3863060772418976,0.0,0.38008376955986023,0.5212090015411377,0.7781458497047424,0.9613605737686157,1.2171387672424316,2.2765867710113525,2.163681745529175,2.4005002975463867,2.1857657432556152,2.347341299057007,2.588700294494629,2.6041908264160156,2.849224328994751,3.1287083625793457,3.2557449340820312,3.558180093765259,3.7675364017486572,4.030390739440918,4.249964237213135,4.515042304992676,3.711291551589966,3.935377359390259,4.27457332611084,4.4034743309021,4.719053268432617,5.002194881439209,5.217044830322266,5.49273157119751,5.768055438995361,6.042028903961182,6.2670159339904785,6.540661334991455,6.6486616134643555,6.793750286102295,6.806325435638428,4.298320293426514,4.5460968017578125,4.644005298614502,5.01466178894043,5.1624531745910645,5.291241645812988,5.656888484954834,5.761422157287598,6.055903434753418,6.343446254730225,6.422830104827881,6.751046657562256,6.761325359344482,6.629711627960205,6.88995361328125,4.0611114501953125,4.091308116912842,3.8514912128448486,4.130191326141357,3.995274543762207,3.9441821575164795,4.232348918914795,4.049916744232178,4.317828178405762,4.498593330383301,4.400082588195801,4.755931377410889,4.843777179718018,4.6446452140808105,4.946877479553223
A11,2.8441667556762695,2.552687883377075,2.284409284591675,2.0398924350738525,1.6787915229797363,1.4227890968322754,1.1564421653747559,0.822648823261261,0.6057772040367126,0.38008376955986023,0.0,0.36369553208351135,0.5817680954933167,0.7463430166244507,0.9185546040534973,2.397067070007324,2.265805721282959,2.467012882232666,2.2144455909729004,2.3134851455688477,2.553619146347046,2.516563653945923,2.7197535037994385,3.0024731159210205,3.090531349182129,3.380181074142456,3.5868091583251953,3.872422695159912,4.105536937713623,4.366598129272461,3.702280044555664,3.894853353500366,4.243656635284424,4.3534321784973145,4.654165744781494,4.95306921005249,5.147209644317627,5.4142351150512695,5.696571350097656,5.9532952308654785,6.183256149291992,6.4564032554626465,6.584671497344971,6.740904808044434,6.772343635559082,4.3270039558410645,4.555934906005859,4.675046920776367,5.041558742523193,5.198992729187012,5.352906227111816,5.711301803588867,5.823731899261475,6.126822471618652,6.40609884262085,6.502137184143066,6.8273844718933105,6.851498603820801,6.738600730895996,7.007638931274414,4.247401237487793,4.258358478546143,4.038415908813477,4.321261882781982,4.176685333251953,4.152891159057617,4.436140537261963,4.248501777648926,4.530929088592529,4.692300796508789,4.597774505615234,4.945481777191162,5.05637264251709,4.86164665222168,5.167754173278809
A12,3.1305484771728516,2.8235206604003906,2.5768685340881348,2.3031165599823,1.9507471323013306,1.7181912660598755,1.407904863357544,1.1127042770385742,0.845909059047699,0.5212090015411377,0.36369553208351135,0.0,0.3745265305042267,0.6858405470848083,0.9005005359649658,2.5990066528320312,2.4287707805633545,2.6057705879211426,2.328038454055786,2.4309089183807373,2.6255552768707275,2.5674936771392822,2.7794320583343506,3.024852991104126,3.094672441482544,3.4076054096221924,3.5806524753570557,3.866487503051758,4.119218826293945,4.401280879974365,3.9321603775024414,4.131906032562256,4.4711456298828125,4.561148166656494,4.87226676940918,5.16214656829834,5.344740867614746,5.624385833740234,5.89349365234375,6.1491899490356445,6.393828392028809,6.654930591583252,6.78256893157959,6.950824737548828,6.991384506225586,4.599669456481934,4.840343475341797,4.968802452087402,5.331450939178467,5.501219749450684,5.64963436126709,6.008203506469727,6.130360126495361,6.426192760467529,6.712701320648193,6.811927318572998,7.133792400360107,7.1476898193359375,7.033329010009766,7.294244766235352,4.480781078338623,4.515313148498535,4.295961856842041,4.587985515594482,4.460813045501709,4.428853511810303,4.721919536590576,4.5442118644714355,4.8212971687316895,4.9966139793396,4.9018964767456055,5.25450325012207,5.35178804397583,5.153223991394043,5.455546855926514
A13,3.357109308242798,3.045304536819458,2.7751564979553223,2.5019750595092773,2.173095941543579,1.8941599130630493,1.5906826257705688,1.327771782875061,1.0005258321762085,0.7781458497047424,0.5817680954933167,0.3745265305042267,0.0,0.3548353314399719,0.6047163605690002,2.514005661010742,2.3005244731903076,2.430050849914551,2.117417097091675,2.1863718032836914,2.349104166030884,2.2586958408355713,2.460451602935791,2.6871204376220703,2.742600440979004,3.0623574256896973,3.222397804260254,3.50948166847229,3.770122766494751,4.059045314788818,3.7714812755584717,3.963222026824951,4.294058322906494,4.356934547424316,4.6709771156311035,4.956361770629883,5.1207194328308105,5.408153057098389,5.666431427001953,5.915612697601318,6.1741251945495605,6.423483848571777,6.556169509887695,6.738458633422852,6.7944159507751465,4.50228214263916,4.746445178985596,4.899546146392822,5.252091884613037,5.4456562995910645,5.60178279876709,5.953935146331787,6.0972819328308105,6.386406898498535,6.6778035163879395,6.795731544494629,7.108048915863037,7.116055488586426,7.016365051269531,7.271584987640381,4.467016220092773,4.51093864440918,4.317056179046631,4.627255916595459,4.519966125488281,4.514304161071777,4.821269989013672,4.665000915527344,4.9600725173950195,5.141646862030029,5.071974754333496,5.423800945281982,5.533303260803223,5.354129314422607,5.6675238609313965
A14,3.3947412967681885,3.088866949081421,2.790879011154175,2.5355379581451416,2.23003888130188,1.9066766500473022,1.6375131607055664,1.401513934135437,1.0615235567092896,0.9613605737686157,0.7463430166244507,0.6858405470848083,0.3548353314399719,0.0,0.36230194568634033,2.310251235961914,2.078162908554077,2.17399263381958,1.842055320739746,1.8726212978363037,2.035169839859009,1.9267743825912476,2.114927053451538,2.352461338043213,2.41040301322937,2.722447633743286,2.8962247371673584,3.183990955352783,3.43790602684021,3.719611167907715,3.4737250804901123,3.654358386993408,3.982527256011963,4.031894207000732,4.343385696411133,4.629613399505615,4.784762859344482,5.0725812911987305,5.328719615936279,5.57352876663208,5.836052417755127,6.082080841064453,6.219006061553955,6.40661096572876,6.470556735992432,4.23921537399292,4.480213165283203,4.6506781578063965,4.995321750640869,5.203875541687012,5.369351863861084,5.7150092124938965,5.872310161590576,6.158542633056641,6.450262069702148,6.583161354064941,6.88815975189209,6.89608907699585,6.810476779937744,7.064517498016357,4.303530216217041,4.342806339263916,4.17309045791626,4.493839740753174,4.396121025085449,4.419146537780762,4.73235559463501,4.5914692878723145,4.904472827911377,5.083972930908203,5.037838459014893,5.385083198547363,5.512197017669678,5.353512287139893,5.677889823913574
A15,3.5711159706115723,3.2878406047821045,2.971958637237549,2.7511961460113525,2.4345195293426514,2.09820556640625,1.8731582164764404,1.6028984785079956,1.3097478151321411,1.2171387672424316,0.9185546040534973,0.9005005359649658,0.6047163605690002,0.36230194568634033,0.0,2.481253147125244,2.254288673400879,2.320939064025879,1.9752709865570068,1.9351829290390015,2.0973517894744873,1.9336920976638794,2.0579187870025635,2.2995898723602295,2.3081390857696533,2.594116449356079,2.7683544158935547,3.0815589427948,3.345475912094116,3.615659475326538,3.490170955657959,3.6344666481018066,3.9696288108825684,4.002424240112305,4.293035984039307,4.594496250152588,4.728979587554932,5.003237247467041,5.267349720001221,5.492929458618164,5.756465435028076,6.002966403961182,6.160124778747559,6.355800628662109,6.436543941497803,4.272189617156982,4.49016809463501,4.676762580871582,5.015220642089844,5.228250980377197,5.416593074798584,5.753279209136963,5.9144158363342285,6.208469390869141,6.489482402801514,6.6358160972595215,6.937633991241455,6.960362434387207,6.891900539398193,7.154643535614014,4.481004238128662,4.498120307922363,4.344666957855225,4.662863731384277,4.552964210510254,4.597510814666748,4.9016547203063965,4.753791332244873,5.076212406158447,5.2360687255859375,5.191517353057861,5.529733180999756,5.676567554473877,5.521148204803467,5.847365856170654
B1,2.5863053798675537,2.3324851989746094,2.051621437072754,1.912820816040039,2.0005009174346924,1.727630615234375,1.7681347131729126,2.0022573471069336,1.9200217723846436,2.2765867710113525,2.397067070007324,2.5990066528320312,2.514005661010742,2.310251235961914,2.481253147125244,0.0,0.3795420229434967,0.6705843806266785,0.9392538666725159,1.2108347415924072,1.4942272901535034,1.8150662183761597,2.089369773864746,2.389784097671509,2.7285194396972656,2.909390687942505,3.213972330093384,3.3072097301483154,3.335874557495117,3.4885175228118896,1.7155412435531616,2.056384563446045,2.310762882232666,2.502326488494873,2.8577797412872314,3.054863214492798,3.3444266319274902,3.6392486095428467,3.873918056488037,4.2075653076171875,4.4009294509887695,4.667296886444092,4.694094181060791,4.794682025909424,4.748265743255615,2.2573113441467285,2.5877315998077393,2.692347288131714,3.027737617492676,3.234327793121338,3.3059041500091553,3.6623306274414062,3.832508087158203,4.066944122314453,4.397183418273926,4.510865211486816,4.800669193267822,4.7497992515563965,4.638182163238525,4.856071472167969,2.0293359756469727,2.100764513015747,1.9929044246673584,2.355243444442749,2.3625710010528564,2.466244697570801,2.8241653442382812,2.8231210708618164,3.1764609813690186,3.410566806793213,3.5132017135620117,3.837015390396118,3.9776103496551514,3.9527060985565186,4.310052871704102
B2,2.8551995754241943,2.5756890773773193,2.2882001399993896,2.104632616043091,2.136913537979126,1.8326032161712646,1.7985657453536987,1.9928557872772217,1.8385690450668335,2.163681745529175,2.265805721282959,2.4287707805633545,2.3005244731903076,2.078162908554077,2.254288673400879,0.3795420229434967,0.0,0.37169474363327026,0.5845450758934021,0.9100744724273682,1.1661328077316284,1.4894959926605225,1.7952210903167725,2.077117681503296,2.417444944381714,2.6265926361083984,2.9125478267669678,3.009098529815674,3.058915853500366,3.2390494346618652,1.8228278160095215,2.151743173599243,2.4020442962646484,2.540666341781616,2.9118194580078125,3.1082839965820312,3.367335796356201,3.6826117038726807,3.903021812438965,4.228891849517822,4.450582504272461,4.7003679275512695,4.738123893737793,4.864985942840576,4.8445305824279785,2.498427391052246,2.828456163406372,2.9675681591033936,3.2899158000946045,3.5224037170410156,3.605163335800171,3.9525060653686523,4.141899585723877,4.3697190284729,4.702147483825684,4.831447124481201,5.112077236175537,5.055931091308594,4.956109523773193,5.16605806350708,2.3447346687316895,2.4416110515594482,2.3480048179626465,2.715704917907715,2.736649513244629,2.8354573249816895,3.1968834400177,3.1960697174072266,3.5452218055725098,3.7833688259124756,3.877953052520752,4.206175327301025,4.341080188751221,4.306154251098633,4.661604404449463
B3,3.215904474258423,2.9429547786712646,2.6500866413116455,2.4731242656707764,2.493213653564453,2.1744911670684814,2.126601457595825,2.2882080078125,2.100003957748413,2.4005002975463867,2.467012882232666,2.6057705879211426,2.430050849914551,2.17399263381958,2.320939064025879,0.6705843806266785,0.37169474363327026,0.0,0.39287036657333374,0.6686100363731384,0.8584793210029602,1.2172422409057617,1.517652153968811,1.7724790573120117,2.132199287414551,2.3281118869781494,2.6086549758911133,2.6800312995910645,2.7133843898773193,2.8901236057281494,1.6776872873306274,1.997800588607788,2.223642587661743,2.3159499168395996,2.698810577392578,2.882045269012451,3.118089199066162,3.4495716094970703,3.6516664028167725,3.973634958267212,4.214977741241455,4.448396682739258,4.48914098739624,4.634624481201172,4.633663654327393,2.464550733566284,2.7952754497528076,2.972162961959839,3.2699356079101562,3.536008358001709,3.628187417984009,3.9591803550720215,4.177178859710693,4.391201972961426,4.726090908050537,4.879915714263916,5.143570899963379,5.079827785491943,5.001945495605469,5.2013349533081055,2.470207929611206,2.5776584148406982,2.5333614349365234,2.9079134464263916,2.955735206604004,3.0856070518493652,3.4467880725860596,3.4695680141448975,3.8255183696746826,4.060506820678711,4.175857067108154,4.4942193031311035,4.639049053192139,4.621181488037109,4.9786458015441895
B4,3.3348870277404785,3.047743797302246,2.7385029792785645,2.538917064666748,2.4963841438293457,2.1493513584136963,2.0546934604644775,2.157370090484619,1.92182195186615,2.1857657432556152,2.2144455909729004,2.328038454055786,2.117417097091675,1.842055320739746,1.9752709865570068,0.9392538666725159,0.5845450758934021,0.39287036657333374,0.0,0.3952788710594177,0.612105131149292,0.9144585728645325,1.245073914527893,1.5125699043273926,1.8471622467041016,2.0804994106292725,2.350191831588745,2.459948778152466,2.5395400524139404,2.749281167984009,1.9086555242538452,2.185004711151123,2.432762384414673,2.487121105194092,2.860901117324829,3.067511796951294,3.2698974609375,3.6020708084106445,3.8091838359832764,4.111265659332275,4.370887279510498,4.599211692810059,4.6655988693237305,4.832639217376709,4.85866641998291,2.756373882293701,3.066213846206665,3.262143850326538,3.562694549560547,3.832960605621338,3.948845624923706,4.277312755584717,4.495935916900635,4.721510410308838,5.048793792724609,5.210590839385986,5.476371765136719,5.425217628479004,5.3561482429504395,5.563470363616943,2.8506712913513184,2.9461781978607178,2.8884596824645996,3.2589776515960693,3.2832231521606445,3.4028587341308594,3.7599263191223145,3.7560901641845703,4.112059593200684,4.337749481201172,4.429704189300537,4.754753589630127,4.9021525382995605,4.862581729888916,5.219110488891602
B5,3.5717549324035645,3.3034474849700928,2.972679376602173,2.8012163639068604,2.7329840660095215,2.364168167114258,2.2871041297912598,2.338656187057495,2.1014797687530518,2.347341299057007,2.3134851455688477,2.4309089183807373,2.1863718032836914,1.8726212978363037,1.9351829290390015,1.2108347415924072,0.9100744724273682,0.6686100363731384,0.3952788710594177,0.0,0.3893093764781952,0.6149452924728394,0.8871136903762817,1.1961522102355957,1.5198122262954712,1.7235937118530273,2.016679525375366,2.142069101333618,2.222316026687622,2.420764684677124,1.8006834983825684,2.0218610763549805,2.277768850326538,2.2899296283721924,2.6485390663146973,2.87546443939209,3.045023202896118,3.3725857734680176,3.5859618186950684,3.8678157329559326,4.1396074295043945,4.36506986618042,4.456910133361816,4.641824722290039,4.695113658905029,2.7250425815582275,3.00679612159729,3.2383060455322266,3.5247793197631836,3.813689947128296,3.961203098297119,4.274507999420166,4.507906436920166,4.738747596740723,5.055161952972412,5.240877628326416,5.497885704040527,5.461122989654541,5.418891429901123,5.633075714111328,3.064243793487549,3.130352735519409,3.103968858718872,3.4698617458343506,3.483595371246338,3.634657621383667,3.9801011085510254,3.972477674484253,4.340415954589844,4.544032096862793,4.642282009124756,4.956355571746826,5.126963138580322,5.094239711761475,5.453890323638916
B6,3.9230213165283203,3.643754720687866,3.323490619659424,3.1329104900360107,3.0662548542022705,2.7030913829803467,2.5950989723205566,2.644373655319214,2.3754942417144775,2.588700294494629,2.553619146347046,2.6255552768707275,2.349104166030884,2.035169839859009,2.0973517894744873,1.4942272901535034,1.1661328077316284,0.8584793210029602,0.612105131149292,0.3893093764781952,0.0,0.3922671377658844,0.7182188034057617,0.922791063785553,1.285247802734375,1.5111024379730225,1.7654746770858765,1.8528449535369873,1.9321755170822144,2.156400680541992,1.9549719095230103,2.1676690578460693,2.3766872882843018,2.335252523422241,2.7003910541534424,2.894467353820801,3.0326876640319824,3.3791348934173584,3.5575335025787354,3.833956003189087,4.129096984863281,4.326647758483887,4.413336277008057,4.618164539337158,4.68880033493042,2.922593355178833,3.210078239440918,3.458240509033203,3.720329761505127,4.030314922332764,4.168979167938232,4.46891975402832,4.722067356109619,4.932973861694336,5.255019187927246,5.452383041381836,5.694070816040039,5.6409993171691895,5.607386112213135,5.8041205406188965,3.2566092014312744,3.3527274131774902,3.347041606903076,3.719508647918701,3.7633583545684814,3.9172890186309814,4.2702131271362305,4.284116268157959,4.649104118347168,4.864951133728027,4.974879741668701,5.288556098937988,5.451818943023682,5.427036762237549,5.786282539367676
B7,4.13677453994751,3.8589742183685303,3.5254039764404297,3.3355400562286377,3.2268781661987305,2.848735809326172,2.7251908779144287,2.7191836833953857,2.431842088699341,2.6041908264160156,2.516563653945923,2.5674936771392822,2.2586958408355713,1.9267743825912476,1.9336920976638794,1.8150662183761597,1.4894959926605225,1.2172422409057617,0.9144585728645325,0.6149452924728394,0.3922671377658844,0.0,0.38816696405410767,0.6169348359107971,0.9331982731819153,1.1925098896026611,1.442624807357788,1.5843713283538818,1.7175811529159546,1.9675304889678955,2.178354501724243,2.3371994495391846,2.5566892623901367,2.4789092540740967,2.8176522254943848,3.0315141677856445,3.12964129447937,3.465580463409424,3.6477060317993164,3.8957395553588867,4.204213619232178,4.394832134246826,4.510277271270752,4.73486328125,4.834257125854492,3.1712865829467773,3.432162046432495,3.6985514163970947,3.956360340118408,4.2705488204956055,4.433814525604248,4.725977897644043,4.98163366317749,5.201846599578857,5.513332366943359,5.722594261169434,5.962619781494141,5.9239935874938965,5.904926300048828,6.109793663024902,3.621363878250122,3.699704647064209,3.693403959274292,4.0617289543151855,4.086852073669434,4.244258880615234,4.590468406677246,4.586513519287109,4.955099105834961,5.157101154327393,5.2544755935668945,5.567774295806885,5.740781784057617,5.704970836639404,6.064201831817627
B8,4.374900817871094,4.115095615386963,3.7680370807647705,3.6036689281463623,3.4837710857391357,3.096196413040161,2.994535446166992,2.959820508956909,2.685729503631592,2.849224328994751,2.7197535037994385,2.7794320583343506,2.460451602935791,2.114927053451538,2.0579187870025635,2.089369773864746,1.7952210903167725,1.517652153968811,1.245073914527893,0.8871136903762817,0.7182188034057617,0.38816696405410767,0.0,0.39792466163635254,0.6534040570259094,0.8442777395248413,1.1408190727233887,1.3114655017852783,1.4466060400009155,1.676171064376831,2.1853559017181396,2.280745506286621,2.4940855503082275,2.3743903636932373,2.680776357650757,2.9079642295837402,2.9658091068267822,3.2878611087799072,3.4723024368286133,3.692782402038574,4.009826183319092,4.194454669952393,4.336028575897217,4.576380729675293,4.702554225921631,3.1985037326812744,3.427114486694336,3.718226432800293,3.9580729007720947,4.283000469207764,4.471578121185303,4.746308326721191,5.011714935302734,5.234352111816406,5.532792568206787,5.7615227699279785,5.991811752319336,5.966818809509277,5.971831798553467,6.181819438934326,3.8355202674865723,3.8889808654785156,3.906259536743164,4.267611980438232,4.283942699432373,4.465421676635742,4.80019998550415,4.793906211853027,5.170514106750488,5.35338830947876,5.4567646980285645,5.758949279785156,5.951145172119141,5.922605037689209,6.283541202545166
B9,4.734156608581543,4.464295864105225,4.124709606170654,3.9442806243896484,3.826268434524536,3.4428534507751465,3.318369150161743,3.28524112701416,2.9895904064178467,3.1287083625793457,3.0024731159210205,3.024852991104126,2.6871204376220703,2.352461338043213,2.2995898723602295,2.389784097671509,2.077117681503296,1.7724790573120117,1.5125699043273926,1.1961522102355957,0.922791063785553,0.6169348359107971,0.39792466163635254,0.0,0.39560702443122864,0.6338361501693726,0.8436427116394043,0.9685688018798828,1.1289736032485962,1.4087754487991333,2.4307701587677,2.5191092491149902,2.6883819103240967,2.524688243865967,2.8252933025360107,3.017082929611206,3.03886079788208,3.3709816932678223,3.5172014236450195,3.7245402336120605,4.0621018409729,4.214974403381348,4.353302478790283,4.613329887390137,4.758604526519775,3.4577221870422363,3.6892290115356445,3.9905505180358887,4.209242820739746,4.549144268035889,4.7294182777404785,4.991696357727051,5.2723894119262695,5.4775261878967285,5.779362201690674,6.017518997192383,6.233919143676758,6.1953654289245605,6.208226680755615,6.402830123901367,4.0809831619262695,4.157238960266113,4.188553333282471,4.554781436920166,4.59377384185791,4.776308059692383,5.117541313171387,5.127445220947266,5.502016067504883,5.695285797119141,5.807382106781006,6.110225200653076,6.296240329742432,6.273338794708252,6.634397983551025
B10,4.987393856048584,4.720507621765137,4.373154640197754,4.195165634155273,4.04782247543335,3.6584529876708984,3.5256271362304688,3.4527385234832764,3.1513354778289795,3.2557449340820312,3.090531349182129,3.094672441482544,2.742600440979004,2.41040301322937,2.3081390857696533,2.7285194396972656,2.417444944381714,2.132199287414551,1.8471622467041016,1.5198122262954712,1.285247802734375,0.9331982731819153,0.6534040570259094,0.39560702443122864,0.0,0.39013299345970154,0.5337703824043274,0.7845603823661804,1.0400878190994263,1.3358103036880493,2.7288150787353516,2.777406930923462,2.9511373043060303,2.7659988403320312,3.033729314804077,3.2374267578125,3.2229247093200684,3.5357439517974854,3.681981325149536,3.8568012714385986,4.200796604156494,4.3439555168151855,4.508324146270752,4.783498764038086,4.953996658325195,3.7527577877044678,3.961059808731079,4.2725090980529785,4.486395835876465,4.826098442077637,5.0250043869018555,5.279642581939697,5.560287952423096,5.772440433502197,6.06382417678833,6.310784339904785,6.525119304656982,6.499264240264893,6.524168014526367,6.725344657897949,4.452167987823486,4.51507043838501,4.54442024230957,4.907144546508789,4.93140172958374,5.115786552429199,5.451417446136475,5.4471964836120605,5.823908805847168,6.005801200866699,6.1076202392578125,6.409461498260498,6.603177070617676,6.571463584899902,6.93192720413208
B11,5.1796722412109375,4.931351661682129,4.57614278793335,4.424360752105713,4.28684663772583,3.8938162326812744,3.7906179428100586,3.7179698944091797,3.4373183250427246,3.558180093765259,3.380181074142456,3.4076054096221924,3.0623574256896973,2.722447633743286,2.594116449356079,2.909390687942505,2.6265926361083984,2.3281118869781494,2.0804994106292725,1.7235937118530273,1.5111024379730225,1.1925098896026611,0.8442777395248413,0.6338361501693726,0.39013299345970154,0.0,0.3771955370903015,0.609894871711731,0.8069140315055847,1.0371601581573486,2.6738948822021484,2.671065330505371,2.8219783306121826,2.601496458053589,2.8326377868652344,3.0342328548431396,2.9819443225860596,3.2779343128204346,3.4180593490600586,3.5668325424194336,3.9149205684661865,4.048580646514893,4.2311506271362305,4.5170488357543945,4.708445072174072,3.688660144805908,3.8688321113586426,4.197694778442383,4.387583255767822,4.736120223999023,4.950479030609131,5.184660911560059,5.475185394287109,5.682402610778809,5.961740970611572,6.2257819175720215,6.4266157150268555,6.408906936645508,6.456293106079102,6.65725040435791,4.5382256507873535,4.58220100402832,4.638815879821777,4.9937849044799805,5.018376350402832,5.227527141571045,5.55256462097168,5.555758953094482,5.938600063323975,6.105693817138672,6.221522808074951,6.509876728057861,6.720108509063721,6.703402519226074,7.065382480621338
B12,5.498833179473877,5.239349365234375,4.888630390167236,4.719864845275879,4.573370456695557,4.1822052001953125,4.0550336837768555,3.9741039276123047,3.6741955280303955,3.7675364017486572,3.5868091583251953,3.5806524753570557,3.222397804260254,2.8962247371673584,2.7683544158935547,3.213972330093384,2.9125478267669678,2.6086549758911133,2.350191831588745,2.016679525375366,1.7654746770858765,1.442624807357788,1.1408190727233887,0.8436427116394043,0.5337703824043274,0.3771955370903015,0.0,0.3756832778453827,0.6959229111671448,0.9844730496406555,3.0167975425720215,3.017183303833008,3.147434949874878,2.9083425998687744,3.1327521800994873,3.310485363006592,3.233426332473755,3.529447555541992,3.6405141353607178,3.772770643234253,4.132418155670166,4.239048957824707,4.421124458312988,4.721286296844482,4.928192615509033,4.034613609313965,4.218130111694336,4.549391746520996,4.730550765991211,5.084845066070557,5.293692111968994,5.522528648376465,5.819626808166504,6.017849922180176,6.299078941345215,6.566765785217285,6.7607245445251465,6.7351908683776855,6.785247802734375,6.977190017700195,4.848066806793213,4.908235549926758,4.964966773986816,5.3243207931518555,5.359174728393555,5.562324047088623,5.893229961395264,5.900826454162598,6.281451225280762,6.45653772354126,6.5712809562683105,6.863842964172363,7.067591190338135,7.047871112823486,7.409589767456055
B13,5.682594299316406,5.422040939331055,5.077735900878906,4.907867431640625,4.785892963409424,4.398982524871826,4.275588512420654,4.221946716308594,3.9210205078125,4.030390739440918,3.872422695159912,3.866487503051758,3.50948166847229,3.183990955352783,3.0815589427948,3.3072097301483154,3.009098529815674,2.6800312995910645,2.459948778152466,2.142069101333618,1.8528449535369873,1.5843713283538818,1.3114655017852783,0.9685688018798828,0.7845603823661804,0.609894871711731,0.3756832778453827,0.0,0.36000245809555054,0.698624312877655,3.014173746109009,3.0161702632904053,3.1025607585906982,2.837317705154419,3.059706449508667,3.197267770767212,3.101524591445923,3.4069721698760986,3.481058120727539,3.612074136734009,3.982121229171753,4.062731742858887,4.229026794433594,4.537280559539795,4.749743461608887,4.026910781860352,4.2154083251953125,4.551384449005127,4.71013879776001,5.07672643661499,5.271951675415039,5.487453460693359,5.798469066619873,5.976049423217773,6.2609543800354,6.5356364250183105,6.714349746704102,6.673220157623291,6.7301225662231445,6.905179023742676,4.837081432342529,4.9127397537231445,4.99116849899292,5.351264476776123,5.411020755767822,5.623339653015137,5.957142353057861,5.988217830657959,6.368024826049805,6.551631927490234,6.685087203979492,6.973055839538574,7.1739301681518555,7.170466899871826,7.533188343048096
B14,5.764044284820557,5.513683319091797,5.171205997467041,5.015766620635986,4.918814182281494,4.534619331359863,4.432354927062988,4.401760578155518,4.114288330078125,4.249964237213135,4.105536937713623,4.119218826293945,3.770122766494751,3.43790602684021,3.345475912094116,3.335874557495117,3.058915853500366,2.7133843898773193,2.5395400524139404,2.222316026687622,1.9321755170822144,1.7175811529159546,1.4466060400009155,1.1289736032485962,1.0400878190994263,0.8069140315055847,0.6959229111671448,0.36000245809555054,0.0,0.37085047364234924,2.881056308746338,2.8662221431732178,2.9129974842071533,2.6227104663848877,2.8299474716186523,2.93819260597229,2.8220205307006836,3.1278579235076904,3.1774239540100098,3.3040552139282227,3.679042339324951,3.7440500259399414,3.9029152393341064,4.215755939483643,4.43380880355835,3.8736908435821533,4.054122447967529,4.396481037139893,4.530898571014404,4.906379222869873,5.096776008605957,5.295477867126465,5.617455959320068,5.779354095458984,6.061465263366699,6.345400810241699,6.509333610534668,6.46155309677124,6.53056526184082,6.695084095001221,4.740622043609619,4.815354824066162,4.919670581817627,5.274321556091309,5.34949254989624,5.57865047454834,5.907614231109619,5.957615375518799,6.3383870124816895,6.520020008087158,6.672657489776611,6.9501519203186035,7.156271457672119,7.171553611755371,7.534808158874512
