,A1,A2,A3,A4,A5,A6,A7,A8,A9,A10,A11,A12,A13,A14,A15,B1,B2,B3,B4,B5,B6,B7,B8,B9,B10,B11,B12,B13,B14,B15,C1,C2,C3,C4,C5,C6,C7,C8,C9,C10,C11,C12,C13,C14,C15,D1,D2,D3,D4,D5,D6,D7,D8,D9,D10,D11,D12,D13,D14,D15,E1,E2,E3,E4,E5,E6,E7,E8,E9,E10,E11,E12,E13,E14,E15
A1,0.0,0.40131619572639465,0.6275727152824402,0.937629222869873,1.2757843732833862,1.4449687004089355,1.7926559448242188,2.069373607635498,2.406794309616089,2.743964910507202,2.8824284076690674,3.22314453125,3.3019957542419434,2.991928815841675,3.0852484703063965,1.1741907596588135,1.3784267902374268,1.421586275100708,1.5001506805419922,1.8622641563415527,1.8641974925994873,2.1351478099823,2.4240574836730957,2.671339273452759,3.0507123470306396,3.1713552474975586,3.5298986434936523,3.5760505199432373,3.371492385864258,3.5504631996154785,2.2136788368225098,2.291198492050171,2.263024091720581,2.2331647872924805,2.534938335418701,2.5042591094970703,2.668034076690674,2.997823476791382,3.1212546825408936,3.4929118156433105,3.5839953422546387,3.91764497756958,3.9529812335968018,3.825467348098755,4.04121208190918,3.130333423614502,3.156165599822998,3.098130226135254,3.0285558700561523,3.3001503944396973,3.239372968673706,3.4157798290252686,3.714621067047119,3.7149434089660645,4.050687789916992,4.143798351287842,4.428356647491455,4.474587917327881,4.398087024688721,4.66996431350708,4.165095329284668,4.042288780212402,3.9770712852478027,3.8340067863464355,4.076383113861084,3.978633165359497,4.017785549163818,4.333467483520508,4.323943614959717,4.680708408355713,4.8446784019470215,5.123726844787598,5.042895317077637,5.085052967071533,5.417734622955322
A2,0.40131619572639465,0.0,0.3918830454349518,0.6449038982391357,0.954079270362854,1.2016545534133911,1.530280351638794,1.8014092445373535,2.156538486480713,2.4685099124908447,2.62941312789917,2.951267957687378,3.0633115768432617,2.771390914916992,2.900646209716797,1.0972031354904175,1.201228380203247,1.1858402490615845,1.179230809211731,1.5300483703613281,1.5445092916488647,1.7870469093322754,2.1014304161071777,2.347531795501709,2.72409725189209,2.875401496887207,3.2287495136260986,3.3058345317840576,3.1238486766815186,3.3358891010284424,2.106473445892334,2.1445040702819824,2.062270402908325,1.9801419973373413,2.251319408416748,2.2105417251586914,2.3381834030151367,2.674079656600952,2.7870655059814453,3.1591618061065674,3.275519847869873,3.6038856506347656,3.6645264625549316,3.5619800090789795,3.802912712097168,3.012787342071533,3.024421215057373,2.9227147102355957,2.820279836654663,3.061128854751587,2.9827845096588135,3.126657009124756,3.4257969856262207,3.406903028488159,3.733552932739258,3.842717170715332,4.115525245666504,4.179442882537842,4.127542018890381,4.415240287780762,4.0363240242004395,3.9210193157196045,3.8201980590820312,3.6717100143432617,3.8865551948547363,3.757338047027588,3.7819933891296387,4.080372333526611,4.050219535827637,4.408807277679443,4.552301406860352,4.836600303649902,4.740549564361572,4.7666144371032715,5.094003200531006
A3,0.6275727152824402,0.3918830454349518,0.0,0.39383724331855774,0.662603497505188,0.8334944248199463,1.1856698989868164,1.44832444190979,1.7958306074142456,2.1225972175598145,2.269325017929077,2.6026527881622314,2.698094367980957,2.4009852409362793,2.526803731918335,1.078174352645874,1.200229525566101,1.0729211568832397,1.0907223224639893,1.384436011314392,1.3072476387023926,1.5510704517364502,1.829940676689148,2.0551960468292236,2.436983108520508,2.5623881816864014,2.915346622467041,2.971362829208374,2.7874772548675537,2.9888193607330322,1.9980192184448242,2.080749273300171,1.953476905822754,1.9034303426742554,2.1412792205810547,2.0378260612487793,2.165377378463745,2.46980881690979,2.5537893772125244,2.9167754650115967,3.002634048461914,3.324171781539917,3.359677791595459,3.252614736557007,3.4793143272399902,2.869518756866455,2.9231364727020264,2.7991511821746826,2.727287769317627,2.9488847255706787,2.8275835514068604,2.9761314392089844,3.2466750144958496,3.204540491104126,3.522772789001465,3.6007063388824463,3.8686275482177734,3.906250476837158,3.846719264984131,4.120232105255127,3.8833072185516357,3.801023006439209,3.7002458572387695,3.5872066020965576,3.8074874877929688,3.665738105773926,3.722896099090576,4.008752346038818,3.9968321323394775,4.366534233093262,4.492897987365723,4.796123504638672,4.713443756103516,4.717400074005127,5.052920341491699
A4,0.937629222869873,0.6449038982391357,0.39383724331855774,0.0,0.39877524971961975,0.6459646224975586,0.9141886234283447,1.2314598560333252,1.5650478601455688,1.8810491561889648,2.0848193168640137,2.394988775253296,2.5322041511535645,2.2687108516693115,2.447117567062378,1.3992466926574707,1.4485833644866943,1.2522101402282715,1.1597784757614136,1.377746343612671,1.2523061037063599,1.403643250465393,1.697961688041687,1.867674469947815,2.248990058898926,2.4097864627838135,2.7422966957092285,2.8281874656677246,2.689932107925415,2.9214096069335938,2.237586498260498,2.2997584342956543,2.1158697605133057,2.020529270172119,2.1991350650787354,2.0541069507598877,2.1145424842834473,2.400930881500244,2.4327304363250732,2.7817177772521973,2.8854191303253174,3.1820600032806396,3.233128309249878,3.1673882007598877,3.4106528759002686,3.0682590007781982,3.124741315841675,2.9579784870147705,2.8655261993408203,3.043189764022827,2.8855299949645996,2.989799737930298,3.241734266281128,3.154914140701294,3.447514772415161,3.5263867378234863,3.7659926414489746,3.8072571754455566,3.7809221744537354,4.059906005859375,4.055534362792969,3.99301815032959,3.863715887069702,3.7583038806915283,3.951770782470703,3.7758803367614746,3.8245205879211426,4.0840840339660645,4.050312519073486,4.420845031738281,4.515218734741211,4.826761722564697,4.724484920501709,4.700515270233154,5.026216506958008
A5,1.2757843732833862,0.954079270362854,0.662603497505188,0.39877524971961975,0.0,0.40106675028800964,0.6257118582725525,0.8844954371452332,1.2422568798065186,1.5293442010879517,1.7302799224853516,2.0289969444274902,2.181774854660034,1.9305840730667114,2.132765293121338,1.426629662513733,1.410179853439331,1.1284598112106323,0.987861156463623,1.1026954650878906,0.9134688377380371,1.023701548576355,1.3078553676605225,1.4692862033843994,1.850412368774414,2.0176005363464355,2.3488247394561768,2.446821928024292,2.321028470993042,2.572779893875122,2.1048169136047363,2.1587865352630615,1.9198380708694458,1.8122942447662354,1.93446946144104,1.7444169521331787,1.7750132083892822,2.038090229034424,2.047389507293701,2.390378952026367,2.4934260845184326,2.7854719161987305,2.8421545028686523,2.7887279987335205,3.043646812438965,2.8715438842773438,2.937476873397827,2.732980966567993,2.6381142139434814,2.778257131576538,2.587113857269287,2.670428991317749,2.9018263816833496,2.792231798171997,3.0734024047851562,3.145933151245117,3.3771934509277344,3.417815685272217,3.4019246101379395,3.68483829498291,3.823244094848633,3.782942533493042,3.6316452026367188,3.5434584617614746,3.7186529636383057,3.518993377685547,3.57735013961792,3.815563440322876,3.7824511528015137,4.156455039978027,4.22928524017334,4.55238676071167,4.453284740447998,4.408729076385498,4.735641002655029
A6,1.4449687004089355,1.2016545534133911,0.8334944248199463,0.6459646224975586,0.40106675028800964,0.0,0.3904449939727783,0.6323760747909546,0.9631974101066589,1.302470088005066,1.4642395973205566,1.796415090560913,1.9018568992614746,1.6298222541809082,1.8100612163543701,1.5337837934494019,1.574880599975586,1.2587350606918335,1.2103325128555298,1.2656582593917847,0.9730061888694763,1.0873045921325684,1.2646416425704956,1.3804528713226318,1.7588824033737183,1.8609896898269653,2.1905601024627686,2.236586332321167,2.0956578254699707,2.311842918395996,2.109956741333008,2.2252705097198486,1.9784986972808838,1.9378043413162231,2.0399978160858154,1.7951436042785645,1.8484174013137817,2.055785894393921,2.033581256866455,2.3539106845855713,2.396739959716797,2.6783454418182373,2.6840312480926514,2.6099839210510254,2.8290207386016846,2.8225834369659424,2.9393136501312256,2.7374579906463623,2.694730281829834,2.8287899494171143,2.604766607284546,2.7110090255737305,2.9042396545410156,2.7809393405914307,3.052495002746582,3.0753891468048096,3.3049395084381104,3.3011350631713867,3.2610671520233154,3.5148024559020996,3.755113124847412,3.7474923133850098,3.6159064769744873,3.5690536499023438,3.7622807025909424,3.5690994262695312,3.668466806411743,3.9008283615112305,3.898869752883911,4.279139995574951,4.345792770385742,4.682271480560303,4.606714248657227,4.549805641174316,4.885416507720947
A7,1.7926559448242188,1.530280351638794,1.1856698989868164,0.9141886234283447,0.6257118582725525,0.3904449939727783,0.0,0.39368000626564026,0.6605891585350037,0.9888137578964233,1.2240711450576782,1.522968053817749,1.6739577054977417,1.4548335075378418,1.698865532875061,1.8952443599700928,1.896874189376831,1.5566351413726807,1.4479798078536987,1.4153320789337158,1.0860471725463867,1.061700701713562,1.1930259466171265,1.1991761922836304,1.5578787326812744,1.6822116374969482,1.975256323814392,2.0449132919311523,1.9639719724655151,2.2048895359039307,2.387515068054199,2.4887919425964355,2.203284502029419,2.1367061138153076,2.173672676086426,1.8878004550933838,1.8709100484848022,2.0285515785217285,1.935088038444519,2.2196264266967773,2.263939619064331,2.506033182144165,2.5163350105285645,2.488887071609497,2.715097427368164,3.0312063694000244,3.1554510593414307,2.919116973876953,2.867992877960205,2.9540224075317383,2.692887544631958,2.7551567554473877,2.912818193435669,2.740342140197754,2.974179744720459,2.983781337738037,3.1769752502441406,3.1655187606811523,3.1579232215881348,3.407242774963379,3.913156032562256,3.9310529232025146,3.777275800704956,3.7467739582061768,3.9142956733703613,3.6924571990966797,3.7914223670959473,3.9926235675811768,3.9774348735809326,4.354912757873535,4.387383937835693,4.732113838195801,4.645247459411621,4.5576558113098145,4.882951259613037
A8,2.069373607635498,1.8014092445373535,1.44832444190979,1.2314598560333252,0.8844954371452332,0.6323760747909546,0.39368000626564026,0.0,0.3841143846511841,0.6770782470703125,0.8569565415382385,1.1689541339874268,1.3108282089233398,1.0886585712432861,1.3509314060211182,1.9604970216751099,1.9324153661727905,1.5609995126724243,1.4682705402374268,1.3397672176361084,0.9630429744720459,0.8924541473388672,0.9034096598625183,0.8676830530166626,1.2148933410644531,1.3006926774978638,1.5998144149780273,1.6551450490951538,1.5713483095169067,1.8213238716125488,2.272768259048462,2.379807233810425,2.0642929077148438,2.0181384086608887,2.0005292892456055,1.6714438199996948,1.6435059309005737,1.7432124614715576,1.6227223873138428,1.8864977359771729,1.8978122472763062,2.1368563175201416,2.1299242973327637,2.098057985305786,2.3229918479919434,2.8194987773895264,2.9625070095062256,2.703446388244629,2.6706066131591797,2.722585439682007,2.43040132522583,2.4856886863708496,2.6080312728881836,2.4191367626190186,2.640117645263672,2.624274253845215,2.8147761821746826,2.786602735519409,2.7734031677246094,3.016848087310791,3.646869421005249,3.691267728805542,3.528437852859497,3.525094985961914,3.682020425796509,3.4493677616119385,3.569971799850464,3.751350164413452,3.7514984607696533,4.128927707672119,4.146503925323486,4.500565528869629,4.429788589477539,4.327380657196045,4.656238555908203
A9,2.406794309616089,2.156538486480713,1.7958306074142456,1.5650478601455688,1.2422568798065186,0.9631974101066589,0.6605891585350037,0.3841143846511841,0.0,0.38844165205955505,0.6039775609970093,0.897050678730011,1.0378845930099487,0.8746730089187622,1.18050217628479,2.318713426589966,2.3000454902648926,1.924957513809204,1.8403232097625732,1.6796540021896362,1.297817349433899,1.1728920936584473,1.0873396396636963,0.9187977910041809,1.182591438293457,1.217951774597168,1.4551185369491577,1.4827691316604614,1.453294277191162,1.6849812269210815,2.561533212661743,2.685309648513794,2.3604819774627686,2.3307862281799316,2.2747459411621094,1.9184366464614868,1.8616700172424316,1.889661192893982,1.7042725086212158,1.903180480003357,1.8692896366119385,2.0533816814422607,2.009352207183838,2.00522780418396,2.200429677963257,3.029655694961548,3.199242353439331,2.929494857788086,2.918649673461914,2.9385530948638916,2.6167337894439697,2.6539103984832764,2.7257282733917236,2.5001635551452637,2.6781740188598633,2.618990898132324,2.7733047008514404,2.7075419425964355,2.704317331314087,2.917329788208008,3.7964260578155518,3.874086856842041,3.7115461826324463,3.7399816513061523,3.888144016265869,3.6458423137664795,3.7848880290985107,3.940950632095337,3.94882869720459,4.321859836578369,4.314260959625244,4.675900936126709,4.61084508895874,4.48354959487915,4.8061113357543945
A10,2.743964910507202,2.4685099124908447,2.1225972175598145,1.8810491561889648,1.5293442010879517,1.302470088005066,0.9888137578964233,0.6770782470703125,0.38844165205955505,0.0,0.4005051553249359,0.559292733669281,0.8042370676994324,0.7683380246162415,1.1384018659591675,2.5757875442504883,2.5134925842285156,2.1307506561279297,2.0138301849365234,1.7858150005340576,1.422562599182129,1.2119147777557373,1.0452954769134521,0.7560502886772156,0.9140481948852539,0.9552963376045227,1.1292448043823242,1.198217511177063,1.2536828517913818,1.525148868560791,2.712827682495117,2.810833692550659,2.460115909576416,2.410486936569214,2.290882110595703,1.9173427820205688,1.8014522790908813,1.7607896327972412,1.5116908550262451,1.6491997241973877,1.6101913452148438,1.7457349300384521,1.713604211807251,1.7654097080230713,1.9775795936584473,3.0914864540100098,3.255974769592285,2.956082582473755,2.9348678588867188,2.9025189876556396,2.5553603172302246,2.546550989151001,2.575420618057251,2.3093035221099854,2.4422049522399902,2.3703408241271973,2.486556053161621,2.4186007976531982,2.4512624740600586,2.664573907852173,3.782254219055176,3.8810384273529053,3.693389654159546,3.7355899810791016,3.8511509895324707,3.5842134952545166,3.721602201461792,3.8419065475463867,3.8409793376922607,4.204469203948975,4.164412021636963,4.529769420623779,4.461390495300293,4.307182312011719,4.6186299324035645
A11,2.8824284076690674,2.62941312789917,2.269325017929077,2.0848193168640137,1.7302799224853516,1.4642395973205566,1.2240711450576782,0.8569565415382385,0.6039775609970093,0.4005051553249359,0.0,0.3804510533809662,0.46006667613983154,0.3771146237850189,0.756126880645752,2.5817956924438477,2.531975269317627,2.1500191688537598,2.091273546218872,1.8420922756195068,1.4730886220932007,1.3166496753692627,1.0530264377593994,0.7970854640007019,0.8831183910369873,0.7560596466064453,0.9401664733886719,0.8969961404800415,0.8997518420219421,1.1358375549316406,2.580357074737549,2.70697283744812,2.362224578857422,2.3662028312683105,2.2325069904327393,1.843395709991455,1.7704466581344604,1.6754368543624878,1.4390162229537964,1.545812964439392,1.418634295463562,1.5598920583724976,1.455483317375183,1.4528992176055908,1.6255192756652832,2.864436149597168,3.0605998039245605,2.766838788986206,2.789747953414917,2.7493393421173096,2.388457775115967,2.40781831741333,2.400207042694092,2.1460957527160645,2.277665853500366,2.155073881149292,2.2875516414642334,2.1742727756500244,2.1615450382232666,2.347658395767212,3.502378225326538,3.6277501583099365,3.4556984901428223,3.532931089401245,3.658684253692627,3.404987335205078,3.5780508518218994,3.6937670707702637,3.7278966903686523,4.0908589363098145,4.05575704574585,4.426267623901367,4.38936710357666,4.237392425537109,4.558821678161621
A12,3.22314453125,2.951267957687378,2.6026527881622314,2.394988775253296,2.0289969444274902,1.796415090560913,1.522968053817749,1.1689541339874268,0.897050678730011,0.559292733669281,0.3804510533809662,0.0,0.3828445374965668,0.5903832316398621,0.9419840574264526,2.9081220626831055,2.8279004096984863,2.445699691772461,2.3541479110717773,2.0676987171173096,1.7259172201156616,1.5070713758468628,1.2176239490509033,0.8852192163467407,0.8119592070579529,0.6800317168235779,0.705167829990387,0.7102335095405579,0.8736311793327332,1.1339746713638306,2.8530499935150146,2.954207181930542,2.594338893890381,2.574648380279541,2.391303777694702,2.001417636871338,1.8710781335830688,1.7135945558547974,1.4149446487426758,1.4316059350967407,1.2949812412261963,1.3488184213638306,1.250685214996338,1.335403561592102,1.5155242681503296,3.0647315979003906,3.251824378967285,2.935328722000122,2.945063591003418,2.8557136058807373,2.4780900478363037,2.4466569423675537,2.3920040130615234,2.0948948860168457,2.1643970012664795,2.0237958431243896,2.098647356033325,1.9765598773956299,2.0128438472747803,2.189507246017456,3.6220486164093018,3.7668135166168213,3.5723280906677246,3.6610543727874756,3.752751111984253,3.4764745235443115,3.6435821056365967,3.7209393978118896,3.742917060852051,4.092156887054443,4.0215067863464355,4.392792224884033,4.349836349487305,4.16875696182251,4.474301338195801
A13,3.3019957542419434,3.0633115768432617,2.698094367980957,2.5322041511535645,2.181774854660034,1.9018568992614746,1.6739577054977417,1.3108282089233398,1.0378845930099487,0.8042370676994324,0.46006667613983154,0.3828445374965668,0.0,0.36623719334602356,0.6246830821037292,2.9351003170013428,2.8891217708587646,2.5134317874908447,2.4812729358673096,2.2095494270324707,1.8562687635421753,1.7051668167114258,1.3879362344741821,1.12344491481781,1.0646475553512573,0.8041000366210938,0.8362094163894653,0.6470092535018921,0.7164065837860107,0.8601556420326233,2.8072664737701416,2.9492506980895996,2.6099226474761963,2.647383689880371,2.480125665664673,2.087393283843994,2.017063856124878,1.843290090560913,1.5846679210662842,1.5929073095321655,1.3727456331253052,1.432694435119629,1.2357207536697388,1.233790397644043,1.3261998891830444,2.958163261413574,3.1828911304473877,2.8889365196228027,2.9490959644317627,2.8734381198883057,2.495112419128418,2.5087547302246094,2.4317495822906494,2.1635260581970215,2.240757703781128,2.047266960144043,2.1425728797912598,1.9624545574188232,1.9329758882522583,2.0592422485351562,3.481687068939209,3.6502091884613037,3.486041307449341,3.608670234680176,3.724055051803589,3.472630262374878,3.676086902618408,3.7608084678649902,3.819995880126953,4.170112609863281,4.114250659942627,4.487730026245117,4.475189685821533,4.304206371307373,4.620206832885742
A14,2.991928815841675,2.771390914916992,2.4009852409362793,2.2687108516693115,1.9305840730667114,1.6298222541809082,1.4548335075378418,1.0886585712432861,0.8746730089187622,0.7683380246162415,0.3771146237850189,0.5903832316398621,0.36623719334602356,0.0,0.3817689120769501,2.6057684421539307,2.584094285964966,2.2133281230926514,2.2178430557250977,1.9760966300964355,1.610327959060669,1.524061679840088,1.2235299348831177,1.0418740510940552,1.0924944877624512,0.8382598757743835,1.0122182369232178,0.8243455290794373,0.7185196280479431,0.8451824188232422,2.499063491821289,2.663882255554199,2.3400380611419678,2.4039957523345947,2.278425455093384,1.8899129629135132,1.8756537437438965,1.7523926496505737,1.5543214082717896,1.6407660245895386,1.4337555170059204,1.5805244445800781,1.395165205001831,1.3101328611373901,1.4091438055038452,2.703761339187622,2.9367334842681885,2.663548231124878,2.7377254962921143,2.705312490463257,2.343573808670044,2.405031442642212,2.3709323406219482,2.1456174850463867,2.2823328971862793,2.110948324203491,2.2642035484313965,2.102121353149414,2.0281641483306885,2.172966718673706,3.2998995780944824,3.4493794441223145,3.304990530014038,3.416914224624634,3.562856912612915,3.332840919494629,3.542163372039795,3.661759853363037,3.7331840991973877,4.09507942199707,4.072886943817139,4.4449782371521,4.439385414123535,4.296464443206787,4.627501964569092
A15,3.0852484703063965,2.900646209716797,2.526803731918335,2.447117567062378,2.132765293121338,1.8100612163543701,1.698865532875061,1.3509314060211182,1.18050217628479,1.1384018659591675,0.756126880645752,0.9419840574264526,0.6246830821037292,0.3817689120769501,0.0,2.6262378692626953,2.636888265609741,2.2861716747283936,2.353219985961914,2.1308412551879883,1.7781349420547485,1.760318398475647,1.4522597789764404,1.3415852785110474,1.3849940299987793,1.0748499631881714,1.2391283512115479,0.9604081511497498,0.7430175542831421,0.6879170536994934,2.425354480743408,2.6300981044769287,2.3377110958099365,2.461961030960083,2.3557701110839844,1.9812184572219849,2.0286195278167725,1.8959554433822632,1.7481979131698608,1.827111840248108,1.5666812658309937,1.7225550413131714,1.4769036769866943,1.3028990030288696,1.311580777168274,2.5553107261657715,2.8251259326934814,2.582766056060791,2.709951639175415,2.6949682235717773,2.3443243503570557,2.4536702632904053,2.40346360206604,2.219481945037842,2.367112159729004,2.158844232559204,2.336460590362549,2.135371208190918,1.9948960542678833,2.094000816345215,3.1136419773101807,3.2833917140960693,3.1740972995758057,3.3183016777038574,3.4892337322235107,3.2900338172912598,3.5333425998687744,3.662019729614258,3.7705392837524414,4.130068302154541,4.126436710357666,4.496686935424805,4.521575450897217,4.393112659454346,4.7332563400268555
B1,1.1741907596588135,1.0972031354904175,1.078174352645874,1.3992466926574707,1.426629662513733,1.5337837934494019,1.8952443599700928,1.9604970216751099,2.318713426589966,2.5757875442504883,2.5817956924438477,2.9081220626831055,2.9351003170013428,2.6057684421539307,2.6262378692626953,0.0,0.38604146242141724,0.5743823051452637,0.9079305529594421,1.2253167629241943,1.3301928043365479,1.707899570465088,1.9078878164291382,2.2570841312408447,2.5831587314605713,2.6396687030792236,3.014361619949341,3.0315325260162354,2.7598323822021484,2.91247296333313,1.0521488189697266,1.1286773681640625,1.159536600112915,1.2321655750274658,1.5880542993545532,1.629380464553833,1.9096606969833374,2.2289576530456543,2.4570233821868896,2.827099084854126,2.8893117904663086,3.259971857070923,3.2902944087982178,3.0996813774108887,3.306708812713623,1.978137731552124,1.984181523323059,1.9498090744018555,1.9081867933273315,2.218820810317993,2.207628011703491,2.4486324787139893,2.7578306198120117,2.842165946960449,3.2094802856445312,3.3056704998016357,3.6348977088928223,3.6909854412078857,3.5665175914764404,3.8392868041992188,3.0108067989349365,2.872763156890869,2.811649799346924,2.669219732284546,2.9296717643737793,2.862175226211548,2.933152198791504,3.2673258781433105,3.308943748474121,3.6663596630096436,3.862103223800659,4.140708923339844,4.113897323608398,4.181300640106201,4.5352091789245605
B2,1.3784267902374268,1.201228380203247,1.200229525566101,1.4485833644866943,1.410179853439331,1.574880599975586,1.896874189376831,1.9324153661727905,2.3000454902648926,2.5134925842285156,2.531975269317627,2.8279004096984863,2.8891217708587646,2.584094285964966,2.636888265609741,0.38604146242141724,0.0,0.38417258858680725,0.642900288105011,0.951557457447052,1.1535669565200806,1.509340524673462,1.7301549911499023,2.098256826400757,2.4054319858551025,2.4963784217834473,2.8638803958892822,2.919619083404541,2.6688177585601807,2.858332633972168,1.0021182298660278,0.9561988711357117,0.9328718781471252,0.9086388349533081,1.2701140642166138,1.3585056066513062,1.6195509433746338,1.9632954597473145,2.2136032581329346,2.5872995853424072,2.688265323638916,3.0600011348724365,3.129019021987915,2.961824417114258,3.2014245986938477,1.8983639478683472,1.8529788255691528,1.7711466550827026,1.6630886793136597,1.952035903930664,1.9519528150558472,2.160369396209717,2.4906833171844482,2.5781753063201904,2.9452929496765137,3.0765609741210938,3.401063919067383,3.4908628463745117,3.392106771469116,3.6888227462768555,2.9066848754882812,2.7589619159698486,2.65163516998291,2.4810950756073,2.70451283454895,2.6071412563323975,2.6456830501556396,2.97104549407959,2.985471725463867,3.3422694206237793,3.5294692516326904,3.806044340133667,3.7627930641174316,3.8277642726898193,4.176900863647461
B3,1.421586275100708,1.1858402490615845,1.0729211568832397,1.2522101402282715,1.1284598112106323,1.2587350606918335,1.5566351413726807,1.5609995126724243,1.924957513809204,2.1307506561279297,2.1500191688537598,2.445699691772461,2.5134317874908447,2.2133281230926514,2.2861716747283936,0.5743823051452637,0.38417258858680725,0.0,0.39922937750816345,0.6548047065734863,0.7836792469024658,1.1546992063522339,1.3652693033218384,1.7265678644180298,2.0438334941864014,2.1335885524749756,2.503525495529175,2.5606207847595215,2.3209235668182373,2.5252602100372314,1.0493369102478027,1.0517014265060425,0.8888406753540039,0.8517847657203674,1.137924313545227,1.1205673217773438,1.3611013889312744,1.6904343366622925,1.903867244720459,2.2796287536621094,2.370208740234375,2.7368485927581787,2.798219919204712,2.643588066101074,2.8893418312072754,1.892927885055542,1.8969485759735107,1.7515342235565186,1.6565252542495728,1.894349217414856,1.8179413080215454,2.005960464477539,2.3091726303100586,2.349435567855835,2.706179618835449,2.8165905475616455,3.129757881164551,3.203948497772217,3.1155595779418945,3.4115800857543945,2.889702796936035,2.786588191986084,2.657381534576416,2.525865077972412,2.735931158065796,2.5987861156463623,2.6616761684417725,2.9592597484588623,2.9732749462127686,3.3441734313964844,3.4955623149871826,3.7962729930877686,3.749328136444092,3.777573347091675,4.129653453826904
B4,1.5001506805419922,1.179230809211731,1.0907223224639893,1.1597784757614136,0.987861156463623,1.2103325128555298,1.4479798078536987,1.4682705402374268,1.8403232097625732,2.0138301849365234,2.091273546218872,2.3541479110717773,2.4812729358673096,2.2178430557250977,2.353219985961914,0.9079305529594421,0.642900288105011,0.39922937750816345,0.0,0.39927637577056885,0.6324239373207092,0.923308253288269,1.2150208950042725,1.563407301902771,1.881286859512329,2.0399837493896484,2.395620584487915,2.509892702102661,2.321220874786377,2.5770742893218994,1.3701854944229126,1.2952065467834473,1.0693024396896362,0.8819732069969177,1.0869648456573486,1.0607434511184692,1.1963331699371338,1.5573428869247437,1.7439076900482178,2.12577223777771,2.2733614444732666,2.62546443939209,2.7331976890563965,2.6310691833496094,2.9155983924865723,2.146425485610962,2.1189591884613037,1.9219393730163574,1.7607084512710571,1.9392731189727783,1.841696858406067,1.9548500776290894,2.264859914779663,2.2645819187164307,2.602881669998169,2.747767210006714,3.0350759029388428,3.141277551651001,3.100987434387207,3.4208059310913086,3.0978050231933594,2.9982707500457764,2.824913263320923,2.6759283542633057,2.8375513553619385,2.65622878074646,2.678208112716675,2.9483392238616943,2.9152443408966064,3.2835376262664795,3.405066967010498,3.706679582595825,3.6237130165100098,3.63179612159729,3.9706943035125732
B5,1.8622641563415527,1.5300483703613281,1.384436011314392,1.377746343612671,1.1026954650878906,1.2656582593917847,1.4153320789337158,1.3397672176361084,1.6796540021896362,1.7858150005340576,1.8420922756195068,2.0676987171173096,2.2095494270324707,1.9760966300964355,2.1308412551879883,1.2253167629241943,0.951557457447052,0.6548047065734863,0.39927637577056885,0.0,0.39410120248794556,0.617827296257019,0.8740776777267456,1.2370296716690063,1.523529291152954,1.69191575050354,2.037731647491455,2.1728904247283936,2.003618001937866,2.284978151321411,1.4151411056518555,1.3265377283096313,1.0085101127624512,0.7856632471084595,0.8443933725357056,0.730256199836731,0.8111725449562073,1.1662979125976562,1.3461012840270996,1.7278227806091309,1.8867624998092651,2.2364730834960938,2.3610329627990723,2.2774317264556885,2.5813770294189453,2.0553226470947266,2.0396251678466797,1.781485915184021,1.6098426580429077,1.7177937030792236,1.5631436109542847,1.63522469997406,1.9232789278030396,1.8907641172409058,2.219163179397583,2.365262746810913,2.643845558166504,2.7570836544036865,2.734271287918091,3.0637309551239014,2.941326379776001,2.8738086223602295,2.6665499210357666,2.542130708694458,2.6717944145202637,2.4508442878723145,2.483720302581787,2.719853639602661,2.683317184448242,3.057697296142578,3.146066188812256,3.4651949405670166,3.383150815963745,3.360666513442993,3.7012112140655518
B6,1.8641974925994873,1.5445092916488647,1.3072476387023926,1.2523061037063599,0.9134688377380371,0.9730061888694763,1.0860471725463867,0.9630429744720459,1.297817349433899,1.422562599182129,1.4730886220932007,1.7259172201156616,1.8562687635421753,1.610327959060669,1.7781349420547485,1.3301928043365479,1.1535669565200806,0.7836792469024658,0.6324239373207092,0.39410120248794556,0.0,0.39097362756729126,0.6079529523849487,0.9527530670166016,1.2848109006881714,1.4239581823349,1.784291386604309,1.89229154586792,1.7225884199142456,2.0006492137908936,1.5265251398086548,1.5277587175369263,1.194092869758606,1.0731974840164185,1.0897023677825928,0.8404541015625,0.900022566318512,1.1673327684402466,1.2592952251434326,1.6309399604797363,1.7374988794326782,2.0772671699523926,2.159349203109741,2.073997974395752,2.3609211444854736,2.1346049308776855,2.1862525939941406,1.9213753938674927,1.813676357269287,1.9021880626678467,1.6828343868255615,1.7632975578308105,1.9933162927627563,1.909444808959961,2.217531204223633,2.3066065311431885,2.5726752281188965,2.639089584350586,2.6079163551330566,2.916290521621704,3.0140042304992676,2.9887983798980713,2.7977194786071777,2.7231316566467285,2.8689944744110107,2.6446945667266846,2.7213001251220703,2.9406206607818604,2.927741765975952,3.3074889183044434,3.3740289211273193,3.709688663482666,3.640162944793701,3.5908188819885254,3.933271646499634
B7,2.1351478099823,1.7870469093322754,1.5510704517364502,1.403643250465393,1.023701548576355,1.0873045921325684,1.061700701713562,0.8924541473388672,1.1728920936584473,1.2119147777557373,1.3166496753692627,1.5070713758468628,1.7051668167114258,1.524061679840088,1.760318398475647,1.707899570465088,1.509340524673462,1.1546992063522339,0.923308253288269,0.617827296257019,0.39097362756729126,0.0,0.38888293504714966,0.6633941531181335,0.9894680380821228,1.2114053964614868,1.5411741733551025,1.712830662727356,1.6177574396133423,1.9459904432296753,1.8699162006378174,1.8427528142929077,1.4834082126617432,1.3116958141326904,1.2243523597717285,0.9370603561401367,0.8299185037612915,1.0405895709991455,1.0340285301208496,1.389517068862915,1.5412534475326538,1.8478766679763794,1.9696192741394043,1.951033115386963,2.2694594860076904,2.391202926635742,2.4368107318878174,2.1333560943603516,1.9995688199996948,2.016610860824585,1.7576866149902344,1.7567663192749023,1.9493681192398071,1.7972444295883179,2.061617612838745,2.160247802734375,2.3848087787628174,2.4669487476348877,2.4881250858306885,2.8086025714874268,3.1978657245635986,3.194413661956787,2.971064805984497,2.9051084518432617,3.00832200050354,2.7450075149536133,2.8051466941833496,2.9814305305480957,2.9387247562408447,3.3115315437316895,3.334010124206543,3.676339626312256,3.5839388370513916,3.4982523918151855,3.826113224029541
B8,2.4240574836730957,2.1014304161071777,1.829940676689148,1.697961688041687,1.3078553676605225,1.2646416425704956,1.1930259466171265,0.9034096598625183,1.0873396396636963,1.0452954769134521,1.0530264377593994,1.2176239490509033,1.3879362344741821,1.2235299348831177,1.4522597789764404,1.9078878164291382,1.7301549911499023,1.3652693033218384,1.2150208950042725,0.8740776777267456,0.6079529523849487,0.38888293504714966,0.0,0.38713863492012024,0.6800873875617981,0.8401622176170349,1.1863988637924194,1.3367332220077515,1.2346614599227905,1.5715761184692383,1.8891479969024658,1.8951088190078735,1.517264723777771,1.4094589948654175,1.2530300617218018,0.8899922966957092,0.7754775285720825,0.8425244688987732,0.7697020769119263,1.1018811464309692,1.1920533180236816,1.5039018392562866,1.5953052043914795,1.566426396369934,1.882340908050537,2.2778513431549072,2.3632779121398926,2.0394937992095947,1.9505776166915894,1.9234906435012817,1.6109120845794678,1.6080513000488281,1.7360379695892334,1.5504082441329956,1.7973533868789673,1.8460136651992798,2.0699422359466553,2.1184639930725098,2.1270158290863037,2.436547040939331,3.0130836963653564,3.0507423877716064,2.8262057304382324,2.8066773414611816,2.9053707122802734,2.633582830429077,2.734623432159424,2.885192632675171,2.8722140789031982,3.2454593181610107,3.248267650604248,3.6049273014068604,3.5385701656341553,3.431452751159668,3.764444351196289
B9,2.671339273452759,2.347531795501709,2.0551960468292236,1.867674469947815,1.4692862033843994,1.3804528713226318,1.1991761922836304,0.8676830530166626,0.9187977910041809,0.7560502886772156,0.7970854640007019,0.8852192163467407,1.12344491481781,1.0418740510940552,1.3415852785110474,2.2570841312408447,2.098256826400757,1.7265678644180298,1.563407301902771,1.2370296716690063,0.9527530670166016,0.6633941531181335,0.38713863492012024,0.0,0.38380706310272217,0.6100075840950012,0.910524845123291,1.1041814088821411,1.1006765365600586,1.4662721157073975,2.252014398574829,2.2726306915283203,1.8936783075332642,1.789695143699646,1.6056556701660156,1.2379040718078613,1.06352698802948,1.0230720043182373,0.798524022102356,1.028940200805664,1.095533013343811,1.3354401588439941,1.4202032089233398,1.461621642112732,1.7768681049346924,2.5868301391601562,2.6927833557128906,2.3589677810668945,2.282736301422119,2.2163937091827393,1.8756734132766724,1.829148769378662,1.892085075378418,1.6397358179092407,1.8167567253112793,1.8259373903274536,1.991799235343933,2.0133891105651855,2.0615668296813965,2.3537731170654297,3.2600338459014893,3.328963041305542,3.0988616943359375,3.1055850982666016,3.1858534812927246,2.897488832473755,3.0046894550323486,3.1196107864379883,3.0994956493377686,3.462724208831787,3.4277358055114746,3.7897963523864746,3.716059684753418,3.5742685794830322,3.892504930496216
B10,3.0507123470306396,2.72409725189209,2.436983108520508,2.248990058898926,1.850412368774414,1.7588824033737183,1.5578787326812744,1.2148933410644531,1.182591438293457,0.9140481948852539,0.8831183910369873,0.8119592070579529,1.0646475553512573,1.0924944877624512,1.3849940299987793,2.5831587314605713,2.4054319858551025,2.0438334941864014,1.881286859512329,1.523529291152954,1.2848109006881714,0.9894680380821228,0.6800873875617981,0.38380706310272217,0.0,0.38986140489578247,0.5865619778633118,0.8666899800300598,0.9609880447387695,1.350451946258545,2.4640350341796875,2.469762086868286,2.0842747688293457,1.9814047813415527,1.7342569828033447,1.3704568147659302,1.1455634832382202,0.9768493175506592,0.6464366912841797,0.7419649958610535,0.7956339120864868,0.9788884520530701,1.0973553657531738,1.210709571838379,1.549198865890503,2.6770129203796387,2.783562660217285,2.4285004138946533,2.3550102710723877,2.2265801429748535,1.8614839315414429,1.7610746622085571,1.7526131868362427,1.4468705654144287,1.5571731328964233,1.5422067642211914,1.6634527444839478,1.6834458112716675,1.773784875869751,2.068519353866577,3.242140769958496,3.339268445968628,3.089076042175293,3.119774341583252,3.164545774459839,2.855025291442871,2.9677791595458984,3.0372085571289062,3.0157454013824463,3.3642492294311523,3.291794538497925,3.658005714416504,3.588991165161133,3.416205406188965,3.723198175430298
B11,3.1713552474975586,2.875401496887207,2.5623881816864014,2.4097864627838135,2.0176005363464355,1.8609896898269653,1.6822116374969482,1.3006926774978638,1.217951774597168,0.9552963376045227,0.7560596466064453,0.6800317168235779,0.8041000366210938,0.8382598757743835,1.0748499631881714,2.6396687030792236,2.4963784217834473,2.1335885524749756,2.0399837493896484,1.69191575050354,1.4239581823349,1.2114053964614868,0.8401622176170349,0.6100075840950012,0.38986140489578247,0.0,0.3760443925857544,0.5159074664115906,0.5726395845413208,0.9621282815933228,2.417402505874634,2.46846866607666,2.0959572792053223,2.064091682434082,1.8230247497558594,1.4415355920791626,1.296359658241272,1.0725009441375732,0.7850003242492676,0.811103105545044,0.6673710942268372,0.8534006476402283,0.8390112519264221,0.8861057758331299,1.1925688982009888,2.541015625,2.692913293838501,2.350216865539551,2.3377363681793213,2.210063934326172,1.8263490200042725,1.7735044956207275,1.7133424282073975,1.4214951992034912,1.5253182649612427,1.4194974899291992,1.558692216873169,1.4979026317596436,1.5269062519073486,1.7854058742523193,3.055767297744751,3.1875102519989014,2.961456537246704,3.0376617908477783,3.102728843688965,2.812828302383423,2.973698854446411,3.0421183109283447,3.0664825439453125,3.415241003036499,3.350616455078125,3.722729444503784,3.691213369369507,3.521566867828369,3.8385696411132812
B12,3.5298986434936523,3.2287495136260986,2.915346622467041,2.7422966957092285,2.3488247394561768,2.1905601024627686,1.975256323814392,1.5998144149780273,1.4551185369491577,1.1292448043823242,0.9401664733886719,0.705167829990387,0.8362094163894653,1.0122182369232178,1.2391283512115479,3.014361619949341,2.8638803958892822,2.503525495529175,2.395620584487915,2.037731647491455,1.784291386604309,1.5411741733551025,1.1863988637924194,0.910524845123291,0.5865619778633118,0.3760443925857544,0.0,0.3809173107147217,0.6650335788726807,1.0084400177001953,2.7605743408203125,2.8031537532806396,2.4308290481567383,2.3912343978881836,2.1203911304473877,1.7534993886947632,1.5720638036727905,1.295570731163025,0.9631387591362,0.8320754766464233,0.6452213525772095,0.644023597240448,0.6161515116691589,0.8078923225402832,1.0985764265060425,2.8113224506378174,2.9639484882354736,2.6131398677825928,2.601404905319214,2.4311511516571045,2.040937900543213,1.9426472187042236,1.818648099899292,1.485121726989746,1.4940145015716553,1.3441463708877563,1.3967205286026,1.3047617673873901,1.3936655521392822,1.6262803077697754,3.229983329772949,3.3876147270202637,3.150489568710327,3.2472338676452637,3.28194260597229,2.978039503097534,3.138852119445801,3.1644346714019775,3.1830332279205322,3.512119770050049,3.4090945720672607,3.7798099517822266,3.747889995574951,3.5463781356811523,3.8444559574127197
B13,3.5760505199432373,3.3058345317840576,2.971362829208374,2.8281874656677246,2.446821928024292,2.236586332321167,2.0449132919311523,1.6551450490951538,1.4827691316604614,1.198217511177063,0.8969961404800415,0.7102335095405579,0.6470092535018921,0.8243455290794373,0.9604081511497498,3.0315325260162354,2.919619083404541,2.5606207847595215,2.509892702102661,2.1728904247283936,1.89229154586792,1.712830662727356,1.3367332220077515,1.1041814088821411,0.8666899800300598,0.5159074664115906,0.3809173107147217,0.0,0.3820026218891144,0.6545200943946838,2.72257399559021,2.8113489151000977,2.4587562084198,2.4797136783599854,2.234668254852295,1.8597127199172974,1.7503114938735962,1.4754008054733276,1.2020158767700195,1.096490502357483,0.801941990852356,0.8164294362068176,0.5906285643577576,0.6398667097091675,0.829519510269165,2.7202725410461426,2.9163570404052734,2.5894744396209717,2.634268045425415,2.4852135181427,2.092979669570923,2.0536038875579834,1.9093022346496582,1.615675926208496,1.6405798196792603,1.4186863899230957,1.4990314245224,1.3185707330703735,1.3137025833129883,1.4813200235366821,3.111363410949707,3.2961292266845703,3.092797040939331,3.2271957397460938,3.2918479442596436,3.0162570476531982,3.2185535430908203,3.256526470184326,3.3167929649353027,3.648355484008789,3.5643041133880615,3.9369101524353027,3.9370718002319336,3.748642683029175,4.057509899139404
