,A1,A2,A3,A4,A5,A6,A7,A8,A9,A10,A11,A12,A13,A14,A15,B1,B2,B3,B4,B5,B6,B7,B8,B9,B10,B11,B12,B13,B14,B15,C1,C2,C3,C4,C5,C6,C7,C8,C9,C10,C11,C12,C13,C14,C15,D1,D2,D3,D4,D5,D6,D7,D8,D9,D10,D11,D12,D13,D14,D15,E1,E2,E3,E4,E5,E6,E7,E8,E9,E10,E11,E12,E13,E14,E15
A1,0.0,0.3863857686519623,0.5911600589752197,0.913780927658081,1.2404532432556152,1.4195926189422607,1.763109803199768,2.042724132537842,2.347219944000244,2.6660866737365723,2.899533748626709,3.2161972522735596,3.436748743057251,3.257539749145508,3.508835792541504,3.0100326538085938,2.8175253868103027,2.684993028640747,2.477243661880493,2.632608652114868,2.384479284286499,2.4246530532836914,2.7192447185516357,2.7104198932647705,3.0638561248779297,3.2621850967407227,3.542308807373047,3.7677175998687744,3.6450247764587402,3.906341314315796,3.5544140338897705,3.5961077213287354,3.524228572845459,3.375946283340454,3.5131263732910156,3.2406868934631348,3.22709584236145,3.451829433441162,3.3383631706237793,3.654607057571411,3.800327777862549,4.031057357788086,4.171354293823242,4.075610637664795,4.353599548339844,4.3089823722839355,4.460270404815674,4.42071533203125,4.345934867858887,4.463404178619385,4.152295112609863,4.151981830596924,4.350137710571289,4.156529426574707,4.423648357391357,4.532660007476807,4.74160623550415,4.725105285644531,4.66778564453125,4.965330123901367,5.445187091827393,5.663971900939941,5.511253833770752,5.788559436798096,5.779125690460205,5.692887306213379,6.020145416259766,5.9173784255981445,6.205059051513672,6.374802112579346,6.312601089477539,6.672205924987793,6.757917404174805,6.535123348236084,6.817473888397217
A2,0.3863857686519623,0.0,0.3936515748500824,0.611041784286499,0.9513614773750305,1.198786973953247,1.5028327703475952,1.7960717678070068,2.10347056388855,2.3991751670837402,2.6653809547424316,2.962287425994873,3.2123899459838867,3.065819501876831,3.3469467163085938,3.0546882152557373,2.8327476978302,2.662233829498291,2.414949655532837,2.520235538482666,2.2595839500427246,2.240983009338379,2.5293798446655273,2.4840478897094727,2.816683053970337,3.032390594482422,3.290498971939087,3.535926103591919,3.4450783729553223,3.729841947555542,3.574850082397461,3.5830419063568115,3.473722219467163,3.295322895050049,3.3937690258026123,3.1077475547790527,3.0506749153137207,3.264047861099243,3.1214137077331543,3.415214776992798,3.572587013244629,3.7802813053131104,3.9354889392852783,3.8683454990386963,4.163043022155762,4.288119792938232,4.421122074127197,4.3503875732421875,4.250733852386475,4.337764739990234,4.012860298156738,3.9789257049560547,4.16316556930542,3.9470927715301514,4.191956996917725,4.306107044219971,4.4932942390441895,4.482638835906982,4.450344085693359,4.756259441375732,5.377230167388916,5.611608028411865,5.45566987991333,5.7455034255981445,5.730063438415527,5.667057991027832,5.998973846435547,5.903086185455322,6.205416679382324,6.3672895431518555,6.320524215698242,6.674674987792969,6.779639720916748,6.568946361541748,6.858379364013672
A3,0.5911600589752197,0.3936515748500824,0.0,0.39153626561164856,0.6560156941413879,0.853843629360199,1.199205994606018,1.46196711063385,1.7818471193313599,2.0870261192321777,2.3267688751220703,2.641300916671753,2.876166582107544,2.7133607864379883,2.9856271743774414,2.733222484588623,2.5189011096954346,2.32315731048584,2.0874571800231934,2.1770129203796387,1.8952012062072754,1.8884481191635132,2.1656713485717773,2.131688117980957,2.478987693786621,2.681015729904175,2.9552161693573,3.1898810863494873,3.0819411277770996,3.359750509262085,3.24198579788208,3.257214069366455,3.133655548095703,2.9697275161743164,3.058641195297241,2.7594120502471924,2.714345932006836,2.9145843982696533,2.775892496109009,3.0811705589294434,3.2233994007110596,3.4452950954437256,3.588829755783081,3.5051848888397217,3.793238878250122,3.9404408931732178,4.08519983291626,4.005822658538818,3.9190378189086914,3.999267816543579,3.6687991619110107,3.6471903324127197,3.8218777179718018,3.6087255477905273,3.8630871772766113,3.9636452198028564,4.163590431213379,4.142785549163818,4.094359874725342,4.394810676574707,5.028266429901123,5.271570205688477,5.129107475280762,5.4288554191589355,5.429708957672119,5.377649307250977,5.719826698303223,5.642946720123291,5.953212738037109,6.130036354064941,6.100295543670654,6.458710193634033,6.577695846557617,6.381354808807373,6.684330940246582
A4,0.913780927658081,0.611041784286499,0.39153626561164856,0.0,0.39448636770248413,0.6304234862327576,0.8950449824333191,1.2031891345977783,1.498759388923645,1.7931407690048218,2.067779064178467,2.355945587158203,2.611844301223755,2.482107162475586,2.7808849811553955,2.897491693496704,2.674748659133911,2.434095859527588,2.180663824081421,2.2004547119140625,1.8877609968185425,1.8092329502105713,2.045637845993042,1.946340560913086,2.2675275802612305,2.4650497436523438,2.707475185394287,2.9461991786956787,2.8692288398742676,3.162313222885132,3.3725051879882812,3.369008779525757,3.203200340270996,3.0252392292022705,3.0627424716949463,2.7389893531799316,2.648499011993408,2.811418056488037,2.6261706352233887,2.899510145187378,3.0316810607910156,3.221425771713257,3.3612210750579834,3.305196523666382,3.600149631500244,4.017989635467529,4.157095432281494,4.041871547698975,3.942200183868408,3.981919765472412,3.6324357986450195,3.5792667865753174,3.721639633178711,3.477111339569092,3.7020137310028076,3.7888927459716797,3.962219715118408,3.928983211517334,3.902512788772583,4.201108455657959,5.05452299118042,5.319392204284668,5.186107158660889,5.502946376800537,5.509403705596924,5.484813213348389,5.835023403167725,5.774239540100098,6.098926067352295,6.275240898132324,6.265269756317139,6.619461536407471,6.7586517333984375,6.577403545379639,6.889069080352783
A5,1.2404532432556152,0.9513614773750305,0.6560156941413879,0.39448636770248413,0.0,0.3987409472465515,0.6294013261795044,0.8679577708244324,1.2032129764556885,1.4667857885360718,1.7404507398605347,2.0332748889923096,2.3043131828308105,2.1873292922973633,2.5005874633789062,2.6855287551879883,2.44878888130188,2.1768898963928223,1.9070316553115845,1.8776559829711914,1.558252215385437,1.4399285316467285,1.6684914827346802,1.562910556793213,1.8808966875076294,2.094078540802002,2.341024398803711,2.596700429916382,2.5294103622436523,2.8382203578948975,3.1242153644561768,3.0968501567840576,2.9019274711608887,2.7118752002716064,2.718966007232666,2.386596441268921,2.2756800651550293,2.428297519683838,2.2354471683502197,2.506226062774658,2.646158218383789,2.8384456634521484,2.9910879135131836,2.9411396980285645,3.2479097843170166,3.7236506938934326,3.8511624336242676,3.714182138442993,3.604229211807251,3.6239330768585205,3.2679429054260254,3.202404499053955,3.336087703704834,3.0859625339508057,3.3077750205993652,3.3972463607788086,3.570978879928589,3.544804096221924,3.522211790084839,3.827906608581543,4.71968936920166,4.994479179382324,4.86403226852417,5.18996524810791,5.199332237243652,5.193639755249023,5.549041271209717,5.502059459686279,5.837409973144531,6.015805721282959,6.024265766143799,6.375527858734131,6.533066749572754,6.368300437927246,6.690242290496826
A6,1.4195926189422607,1.198786973953247,0.853843629360199,0.6304234862327576,0.3987409472465515,0.0,0.3954015076160431,0.6336721777915955,0.9337812662124634,1.2591280937194824,1.4811418056488037,1.798596739768982,2.023159980773926,1.8688106536865234,2.1596930027008057,2.5824837684631348,2.3870773315429688,2.0896008014678955,1.8738166093826294,1.8217332363128662,1.4551599025726318,1.3640741109848022,1.5237746238708496,1.403516411781311,1.7419841289520264,1.8915079832077026,2.1521289348602295,2.360121011734009,2.256868600845337,2.5385544300079346,3.0064890384674072,3.014536142349243,2.809130907058716,2.6638708114624023,2.658085346221924,2.3016037940979004,2.218646287918091,2.3238649368286133,2.12204909324646,2.3994271755218506,2.483813524246216,2.686190605163574,2.7908003330230713,2.7099506855010986,2.9897167682647705,3.5901224613189697,3.7513740062713623,3.608046293258667,3.5333151817321777,3.542426109313965,3.1778998374938965,3.1385912895202637,3.2420990467071533,2.990507125854492,3.2186801433563232,3.2653584480285645,3.451647996902466,3.3862552642822266,3.3340742588043213,3.616605758666992,4.595744609832764,4.883474826812744,4.781920433044434,5.120009422302246,5.159707069396973,5.1630964279174805,5.530594825744629,5.508997440338135,5.8474860191345215,6.048552513122559,6.072268962860107,6.429607391357422,6.5951385498046875,6.442329406738281,6.775084972381592
A7,1.763109803199768,1.5028327703475952,1.199205994606018,0.8950449824333191,0.6294013261795044,0.3954015076160431,0.0,0.3798920810222626,0.6055723428726196,0.9177110195159912,1.1875711679458618,1.468078851699829,1.720582127571106,1.6149649620056152,1.9412368535995483,2.7953338623046875,2.5984153747558594,2.2698116302490234,2.0492329597473145,1.9231395721435547,1.549547791481018,1.3762410879135132,1.4542146921157837,1.2410085201263428,1.5272846221923828,1.6577396392822266,1.8722131252288818,2.080658197402954,2.0185751914978027,2.3179919719696045,3.1699514389038086,3.1575825214385986,2.9125518798828125,2.7582249641418457,2.694243907928467,2.321690320968628,2.1897034645080566,2.239276885986328,1.9832942485809326,2.2120513916015625,2.275195598602295,2.4352242946624756,2.530017614364624,2.482905387878418,2.7680699825286865,3.681216239929199,3.8333845138549805,3.6530966758728027,3.566922664642334,3.529859781265259,3.1506872177124023,3.0776867866516113,3.138613224029541,2.8542542457580566,3.0442798137664795,3.0695929527282715,3.224001407623291,3.1407999992370605,3.11281156539917,3.389880657196045,4.613907337188721,4.922266006469727,4.832713603973389,5.185865879058838,5.2323174476623535,5.265038013458252,5.637919902801514,5.634366989135742,5.985057353973389,6.18518590927124,6.229753494262695,6.580743312835693,6.766296863555908,6.630351543426514,6.97065544128418
A8,2.042724132537842,1.7960717678070068,1.46196711063385,1.2031891345977783,0.8679577708244324,0.6336721777915955,0.3798920810222626,0.0,0.3833363652229309,0.6429684162139893,0.8735588788986206,1.1840733289718628,1.440381407737732,1.3359291553497314,1.6721243858337402,2.600653886795044,2.4060134887695312,2.054288864135742,1.843963623046875,1.662787675857544,1.2899748086929321,1.0825117826461792,1.1007254123687744,0.8668742775917053,1.159816026687622,1.2878421545028687,1.5246354341506958,1.7435600757598877,1.6770378351211548,1.9911805391311646,2.926374673843384,2.8984158039093018,2.627678394317627,2.4768424034118652,2.379948616027832,1.9996553659439087,1.8581488132476807,1.8782069683074951,1.6146901845932007,1.8458318710327148,1.900802731513977,2.0754032135009766,2.173921585083008,2.119318962097168,2.4137697219848633,3.3813512325286865,3.5275938510894775,3.327958345413208,3.2416698932647705,3.1847922801971436,2.801210880279541,2.7261011600494385,2.77170991897583,2.4857728481292725,2.678762197494507,2.6967451572418213,2.8613977432250977,2.7783021926879883,2.741811513900757,3.0234498977661133,4.271937370300293,4.589255332946777,4.508083343505859,4.869058609008789,4.923971176147461,4.973836898803711,5.3511152267456055,5.364368438720703,5.722074508666992,5.927791118621826,5.990281581878662,6.33832311630249,6.539199352264404,6.4199137687683105,6.768982887268066
A9,2.347219944000244,2.10347056388855,1.7818471193313599,1.498759388923645,1.2032129764556885,0.9337812662124634,0.6055723428726196,0.3833363652229309,0.0,0.3867909908294678,0.5972754955291748,0.8778533935546875,1.1152647733688354,1.0348310470581055,1.388603925704956,2.826270818710327,2.660187005996704,2.294905424118042,2.120607852935791,1.9036120176315308,1.5327000617980957,1.317313551902771,1.2224795818328857,0.9191914796829224,1.1274511814117432,1.1547490358352661,1.3357638120651245,1.499172568321228,1.4464523792266846,1.7478549480438232,3.1113009452819824,3.094787836074829,2.8037514686584473,2.6785757541656494,2.542412757873535,2.1539697647094727,2.0030243396759033,1.947144627571106,1.6452505588531494,1.8207937479019165,1.8058743476867676,1.9381074905395508,1.9807097911834717,1.9356865882873535,2.205810308456421,3.5056729316711426,3.66495680809021,3.4419984817504883,3.371744394302368,3.278217315673828,2.8882009983062744,2.8066678047180176,2.7978761196136475,2.491443395614624,2.649669647216797,2.616591215133667,2.756915330886841,2.6273953914642334,2.591737747192383,2.8451268672943115,4.3416666984558105,4.677192211151123,4.6225175857543945,4.996368885040283,5.072509765625,5.144528388977051,5.528323650360107,5.5654168128967285,5.928905010223389,6.144501209259033,6.225563049316406,6.571258068084717,6.785632610321045,6.681313514709473,7.037694931030273
A10,2.6660866737365723,2.3991751670837402,2.0870261192321777,1.7931407690048218,1.4667857885360718,1.2591280937194824,0.9177110195159912,0.6429684162139893,0.3867909908294678,0.0,0.39022719860076904,0.5730082392692566,0.9031907320022583,0.9381848573684692,1.3263877630233765,2.943089723587036,2.7646243572235107,2.3893072605133057,2.203711748123169,1.9302759170532227,1.6008241176605225,1.3234097957611084,1.157516360282898,0.7898878455162048,0.8674495816230774,0.8910963535308838,1.0034183263778687,1.20932936668396,1.2362314462661743,1.57865309715271,3.1709744930267334,3.117518663406372,2.79573130607605,2.651301860809326,2.46134614944458,2.0814690589904785,1.8791507482528687,1.7742451429367065,1.4309074878692627,1.5391629934310913,1.5205286741256714,1.6057721376419067,1.6673884391784668,1.6752477884292603,1.9709471464157104,3.4824161529541016,3.613987445831299,3.3581886291503906,3.2649927139282227,3.128607749938965,2.7355563640594482,2.6140546798706055,2.5701675415039062,2.2386393547058105,2.3555164337158203,2.316558361053467,2.42512845993042,2.298311710357666,2.2971229553222656,2.559671640396118,4.222465515136719,4.570078372955322,4.51735258102417,4.898597240447998,4.971375942230225,5.070736408233643,5.453188896179199,5.502626419067383,5.875298500061035,6.083224296569824,6.183055877685547,6.5183634757995605,6.751582622528076,6.664552688598633,7.025478839874268
A11,2.899533748626709,2.6653809547424316,2.3267688751220703,2.067779064178467,1.7404507398605347,1.4811418056488037,1.1875711679458618,0.8735588788986206,0.5972754955291748,0.39022719860076904,0.0,0.3755398690700531,0.5842897295951843,0.5735436677932739,0.9573602676391602,2.834261178970337,2.694162130355835,2.313565254211426,2.1847126483917236,1.892626404762268,1.5744569301605225,1.3433680534362793,1.082237958908081,0.7516153454780579,0.7899592518806458,0.6502362489700317,0.7905952334403992,0.9039363861083984,0.867311418056488,1.1953004598617554,3.014347791671753,2.9811434745788574,2.6512749195098877,2.5521492958068848,2.345141887664795,1.9652328491210938,1.8004435300827026,1.6333566904067993,1.30497407913208,1.4081076383590698,1.301434874534607,1.4106273651123047,1.4006909132003784,1.3545315265655518,1.621349573135376,3.271501302719116,3.4242002964019775,3.16032338142395,3.1007192134857178,2.9507346153259277,2.560866594314575,2.4705557823181152,2.3914811611175537,2.0730574131011963,2.1984901428222656,2.107844829559326,2.240708112716675,2.071444272994995,2.023289442062378,2.25968861579895,3.9844446182250977,4.341689586639404,4.317116737365723,4.705945014953613,4.805910587310791,4.916608810424805,5.305572032928467,5.380097389221191,5.753152370452881,5.979071140289307,6.095122337341309,6.431619644165039,6.6733527183532715,6.601179599761963,6.970347881317139
A12,3.2161972522735596,2.962287425994873,2.641300916671753,2.355945587158203,2.0332748889923096,1.798596739768982,1.468078851699829,1.1840733289718628,0.8778533935546875,0.5730082392692566,0.3755398690700531,0.0,0.40171322226524353,0.6257994174957275,0.9885111451148987,3.154467821121216,3.013444423675537,2.632195472717285,2.5000228881835938,2.1828768253326416,1.8945672512054443,1.6352424621582031,1.348246693611145,1.0045413970947266,0.8950952887535095,0.7011010646820068,0.6409071683883667,0.712526798248291,0.8136635422706604,1.1396368741989136,3.295576572418213,3.244049549102783,2.8969523906707764,2.7912261486053467,2.5443832874298096,2.1812970638275146,1.980907678604126,1.7641321420669556,1.408431887626648,1.406337022781372,1.2574712038040161,1.2642511129379272,1.2206021547317505,1.2523975372314453,1.509727120399475,3.482309103012085,3.6179513931274414,3.3277366161346436,3.256406545639038,3.0636708736419678,2.678225517272949,2.552570104598999,2.422909736633301,2.0809788703918457,2.140012502670288,2.015981435775757,2.0910165309906006,1.8931936025619507,1.8874872922897339,2.1043827533721924,4.09720516204834,4.466679096221924,4.453109264373779,4.84814977645874,4.95090913772583,5.087459087371826,5.474401950836182,5.562978267669678,5.942103385925293,6.162891864776611,6.295531749725342,6.622458457946777,6.879434108734131,6.82192325592041,7.193944931030273
A13,3.436748743057251,3.2123899459838867,2.876166582107544,2.611844301223755,2.3043131828308105,2.023159980773926,1.720582127571106,1.440381407737732,1.1152647733688354,0.9031907320022583,0.5842897295951843,0.40171322226524353,0.0,0.3640352487564087,0.6392635703086853,3.1863932609558105,3.0897295475006104,2.7125329971313477,2.6365134716033936,2.3255014419555664,2.040874719619751,1.8383021354675293,1.5116676092147827,1.2275820970535278,1.130957841873169,0.8201833963394165,0.7595966458320618,0.5959973931312561,0.5958672761917114,0.8233169317245483,3.294175624847412,3.2766287326812744,2.9348297119140625,2.881471633911133,2.634824752807617,2.2787885665893555,2.128950834274292,1.8703970909118652,1.5536649227142334,1.5479105710983276,1.3042540550231934,1.3187521696090698,1.150695562362671,1.1092654466629028,1.2781246900558472,3.4399471282958984,3.605661630630493,3.316787004470825,3.2888708114624023,3.090299606323242,2.7164201736450195,2.6316468715667725,2.4676084518432617,2.1511857509613037,2.2129735946655273,2.0247397422790527,2.1156206130981445,1.8567233085632324,1.7922757863998413,1.948673129081726,4.033586025238037,4.410173416137695,4.430804252624512,4.830582141876221,4.964418411254883,5.107722759246826,5.499927997589111,5.612600803375244,5.988523006439209,6.228880405426025,6.373743534088135,6.703005313873291,6.963779449462891,6.917343616485596,7.295485019683838
A14,3.257539749145508,3.065819501876831,2.7133607864379883,2.482107162475586,2.1873292922973633,1.8688106536865234,1.6149649620056152,1.3359291553497314,1.0348310470581055,0.9381848573684692,0.5735436677932739,0.6257994174957275,0.3640352487564087,0.0,0.3915034532546997,2.933615207672119,2.8624651432037354,2.4908390045166016,2.4483561515808105,2.16768217086792,1.8630720376968384,1.719212293624878,1.4033842086791992,1.1718660593032837,1.1799393892288208,0.8709005117416382,0.9569052457809448,0.8033734560012817,0.6155492663383484,0.7809947729110718,3.062394618988037,3.081071615219116,2.7598953247070312,2.7391979694366455,2.530535936355591,2.1653661727905273,2.0714380741119385,1.8389936685562134,1.5641653537750244,1.6407475471496582,1.402042269706726,1.5053950548171997,1.337831735610962,1.1983975172042847,1.338088870048523,3.2564234733581543,3.453871250152588,3.191413164138794,3.19516658782959,3.0340704917907715,2.6622703075408936,2.627157688140869,2.4945626258850098,2.2095632553100586,2.3296000957489014,2.149183750152588,2.2957112789154053,2.044407844543457,1.9223250150680542,2.0739798545837402,3.93489146232605,4.302858352661133,4.328861236572266,4.724607467651367,4.8697638511657715,4.991507530212402,5.387657165527344,5.49763822555542,5.8660502433776855,6.119632720947266,6.253976345062256,6.5930047035217285,6.840757369995117,6.7851667404174805,7.1628594398498535
A15,3.508835792541504,3.3469467163085938,2.9856271743774414,2.7808849811553955,2.5005874633789062,2.1596930027008057,1.9412368535995483,1.6721243858337402,1.388603925704956,1.3263877630233765,0.9573602676391602,0.9885111451148987,0.6392635703086853,0.3915034532546997,0.0,2.9680707454681396,2.9442992210388184,2.587641954421997,2.6026358604431152,2.335843563079834,2.052337646484375,1.9649357795715332,1.6334192752838135,1.4679433107376099,1.473531723022461,1.126660704612732,1.2037798166275024,0.9418939352035522,0.6666285991668701,0.6099402904510498,3.0566608905792236,3.109896421432495,2.8019802570343018,2.834735631942749,2.632716417312622,2.287569761276245,2.2450363636016846,1.986853003501892,1.7629930973052979,1.835237741470337,1.5414150953292847,1.6541357040405273,1.4091719388961792,1.1991490125656128,1.2246415615081787,3.204646587371826,3.4308061599731445,3.1761679649353027,3.2247445583343506,3.0643632411956787,2.7131571769714355,2.7211716175079346,2.5645639896392822,2.315634250640869,2.440725803375244,2.214587926864624,2.378504514694214,2.089876890182495,1.9110835790634155,1.9998159408569336,3.858281373977661,4.2280802726745605,4.287631988525391,4.683742523193359,4.858648777008057,4.984451770782471,5.3829264640808105,5.515502452850342,5.878026485443115,6.149898052215576,6.2950520515441895,6.6350202560424805,6.884870529174805,6.840265274047852,7.222385883331299
B1,3.0100326538085938,3.0546882152557373,2.733222484588623,2.897491693496704,2.6855287551879883,2.5824837684631348,2.7953338623046875,2.600653886795044,2.826270818710327,2.943089723587036,2.834261178970337,3.154467821121216,3.1863932609558105,2.933615207672119,2.9680707454681396,0.0,0.37074610590934753,0.6139250993728638,0.9715375900268555,1.2286579608917236,1.410855770111084,1.78182852268219,1.9207477569580078,2.2825090885162354,2.5422427654266357,2.6334640979766846,2.994755744934082,3.117706060409546,2.8627893924713135,2.967574119567871,0.5724944472312927,0.7732055187225342,0.9306656122207642,1.1140557527542114,1.449872612953186,1.4466601610183716,1.7980616092681885,2.0214130878448486,2.2684381008148193,2.635624408721924,2.728309154510498,3.107104778289795,3.2135744094848633,2.957087278366089,3.119804620742798,1.4124209880828857,1.6269047260284424,1.7368485927581787,1.8406109809875488,2.123542070388794,1.990879774093628,2.2598400115966797,2.525315046310425,2.60361647605896,2.9967663288116455,3.097172975540161,3.460613965988159,3.4990274906158447,3.2768633365631104,3.5141549110412598,2.658508539199829,2.8109800815582275,2.7017149925231934,2.9540677070617676,3.0301880836486816,2.925722599029541,3.281264066696167,3.273306131362915,3.5619306564331055,3.8352649211883545,3.8538689613342285,4.235320091247559,4.374570369720459,4.242379188537598,4.594046115875244
B2,2.8175253868103027,2.8327476978302,2.5189011096954346,2.674748659133911,2.44878888130188,2.3870773315429688,2.5984153747558594,2.4060134887695312,2.660187005996704,2.7646243572235107,2.694162130355835,3.013444423675537,3.0897295475006104,2.8624651432037354,2.9442992210388184,0.37074610590934753,0.0,0.381299763917923,0.6511973142623901,0.9525220990180969,1.1784001588821411,1.531398057937622,1.7224067449569702,2.085862874984741,2.3472702503204346,2.4871835708618164,2.846435308456421,3.0138823986053467,2.791522741317749,2.9428439140319824,0.784473180770874,0.8010796904563904,0.8772059082984924,0.9215770959854126,1.2688463926315308,1.2528104782104492,1.5669082403182983,1.8415019512176514,2.077866792678833,2.4503273963928223,2.5893747806549072,2.960886001586914,3.108194589614868,2.884888172149658,3.089221477508545,1.5528051853179932,1.6962248086929321,1.7603708505630493,1.783119559288025,2.049269199371338,1.8875421285629272,2.105368137359619,2.3973469734191895,2.450486183166504,2.8392715454101562,2.975372552871704,3.3245763778686523,3.38901948928833,3.2010858058929443,3.4696245193481445,2.7408883571624756,2.9051015377044678,2.759681463241577,3.0193979740142822,3.0563316345214844,2.964432716369629,3.317404270172119,3.285569667816162,3.5891425609588623,3.8339109420776367,3.8472893238067627,4.22415018081665,4.370452880859375,4.230587482452393,4.579803466796875
B3,2.684993028640747,2.662233829498291,2.32315731048584,2.434095859527588,2.1768898963928223,2.0896008014678955,2.2698116302490234,2.054288864135742,2.294905424118042,2.3893072605133057,2.313565254211426,2.632195472717285,2.7125329971313477,2.4908390045166016,2.587641954421997,0.6139250993728638,0.381299763917923,0.0,0.39438316226005554,0.6261902451515198,0.8131352066993713,1.1751102209091187,1.3485405445098877,1.7099360227584839,1.9781372547149658,2.1134331226348877,2.4762396812438965,2.6463537216186523,2.4278876781463623,2.595306873321533,0.9571517705917358,0.9474472403526306,0.8602688312530518,0.8555665612220764,1.1099464893341064,0.9883456826210022,1.2823073863983154,1.5367947816848755,1.7395541667938232,2.121595859527588,2.250481605529785,2.6209044456481934,2.7636053562164307,2.545264720916748,2.763571262359619,1.629313588142395,1.7847367525100708,1.7676423788070679,1.77047598361969,1.9680817127227783,1.7418009042739868,1.9261157512664795,2.186103582382202,2.1923601627349854,2.5761382579803467,2.6951489448547363,3.037358045578003,3.0827267169952393,2.9015579223632812,3.177471160888672,2.7774486541748047,2.9876322746276855,2.861591339111328,3.156981945037842,3.207610845565796,3.158524990081787,3.5259480476379395,3.516995668411255,3.839963912963867,4.082983493804932,4.119020462036133,4.490037441253662,4.657859802246094,4.5322041511535645,4.887528419494629
B4,2.477243661880493,2.414949655532837,2.0874571800231934,2.180663824081421,1.9070316553115845,1.8738166093826294,2.0492329597473145,1.843963623046875,2.120607852935791,2.203711748123169,2.1847126483917236,2.5000228881835938,2.6365134716033936,2.4483561515808105,2.6026358604431152,0.9715375900268555,0.6511973142623901,0.39438316226005554,0.0,0.3932892978191376,0.611082911491394,0.9210036396980286,1.1834348440170288,1.5263643264770508,1.800809621810913,1.9995943307876587,2.3538851737976074,2.577003240585327,2.4023313522338867,2.6231207847595215,1.3046321868896484,1.2070443630218506,1.0667847394943237,0.9054786562919617,1.1033573150634766,0.9381625652313232,1.1284040212631226,1.4397482872009277,1.5995467901229858,1.982033371925354,2.1651718616485596,2.516749620437622,2.7041499614715576,2.5310330390930176,2.7944388389587402,1.9127410650253296,2.009078025817871,1.9516353607177734,1.8768844604492188,2.0378470420837402,1.7802660465240479,1.8858903646469116,2.1599793434143066,2.1214659214019775,2.4876503944396973,2.6425228118896484,2.9586806297302246,3.027726411819458,2.891294240951538,3.1981067657470703,2.9809226989746094,3.1991641521453857,3.0447258949279785,3.342069625854492,3.356935977935791,3.319984197616577,3.6793389320373535,3.6478843688964844,3.9796693325042725,4.193013668060303,4.222106456756592,4.585238456726074,4.7565813064575195,4.6227641105651855,4.971577167510986
B5,2.632608652114868,2.520235538482666,2.1770129203796387,2.2004547119140625,1.8776559829711914,1.8217332363128662,1.9231395721435547,1.662787675857544,1.9036120176315308,1.9302759170532227,1.892626404762268,2.1828768253326416,2.3255014419555664,2.16768217086792,2.335843563079834,1.2286579608917236,0.9525220990180969,0.6261902451515198,0.3932892978191376,0.0,0.40103864669799805,0.6300175189971924,0.8388344049453735,1.1997381448745728,1.4373594522476196,1.642124891281128,1.9863556623458862,2.221090078353882,2.069578170776367,2.309302806854248,1.4428160190582275,1.3021548986434937,1.0489895343780518,0.84361332654953,0.890016496181488,0.6264473795890808,0.760665774345398,1.0586456060409546,1.2067136764526367,1.588780164718628,1.7781516313552856,2.126509189605713,2.325444459915161,2.1690962314605713,2.450070381164551,1.9037573337554932,1.9838796854019165,1.851099967956543,1.747713565826416,1.8335285186767578,1.5279213190078735,1.5891461372375488,1.8320026397705078,1.7580865621566772,2.1165268421173096,2.2663986682891846,2.5753560066223145,2.6432197093963623,2.5196926593780518,2.8368375301361084,2.872568130493164,3.12746262550354,2.987934112548828,3.313873529434204,3.3390939235687256,3.3487446308135986,3.718639612197876,3.715160369873047,4.06620979309082,4.278177261352539,4.338338851928711,4.691693305969238,4.89166259765625,4.782406806945801,5.140560626983643
B6,2.384479284286499,2.2595839500427246,1.8952012062072754,1.8877609968185425,1.558252215385437,1.4551599025726318,1.549547791481018,1.2899748086929321,1.5327000617980957,1.6008241176605225,1.5744569301605225,1.8945672512054443,2.040874719619751,1.8630720376968384,2.052337646484375,1.410855770111084,1.1784001588821411,0.8131352066993713,0.611082911491394,0.40103864669799805,0.0,0.3870002329349518,0.6213932037353516,0.9373690485954285,1.2509560585021973,1.4370825290679932,1.7995579242706299,2.0243184566497803,1.858771800994873,2.1115903854370117,1.691444754600525,1.6213555335998535,1.371050238609314,1.222254753112793,1.2266727685928345,0.8903990983963013,0.9464669823646545,1.1508878469467163,1.1808044910430908,1.5712594985961914,1.7164318561553955,2.053694725036621,2.2190868854522705,2.059030771255493,2.342705488204956,2.1829400062561035,2.3079302310943604,2.1627490520477295,2.0874688625335693,2.136491060256958,1.8001635074615479,1.840027928352356,2.0220232009887695,1.886501669883728,2.220640182495117,2.324636936187744,2.6158978939056396,2.6340599060058594,2.51149845123291,2.8201122283935547,3.167896032333374,3.4418129920959473,3.32828688621521,3.665363311767578,3.709822177886963,3.725020170211792,4.099730014801025,4.104623794555664,4.454071521759033,4.672523021697998,4.731366157531738,5.08709716796875,5.28290319442749,5.168941497802734,5.525191307067871
B7,2.4246530532836914,2.240983009338379,1.8884481191635132,1.8092329502105713,1.4399285316467285,1.3640741109848022,1.3762410879135132,1.0825117826461792,1.317313551902771,1.3234097957611084,1.3433680534362793,1.6352424621582031,1.8383021354675293,1.719212293624878,1.9649357795715332,1.78182852268219,1.531398057937622,1.1751102209091187,0.9210036396980286,0.6300175189971924,0.3870002329349518,0.0,0.3957916796207428,0.6396635174751282,0.9388603568077087,1.1934025287628174,1.5302659273147583,1.8076913356781006,1.7041893005371094,2.00897479057312,2.0222373008728027,1.9085693359375,1.6183868646621704,1.413938283920288,1.3240861892700195,0.9660125374794006,0.8587665557861328,1.0278857946395874,0.9534325003623962,1.3187131881713867,1.501641035079956,1.803415060043335,2.0056145191192627,1.9018187522888184,2.2251083850860596,2.430121898651123,2.519639730453491,2.327955961227417,2.206346273422241,2.1929423809051514,1.8304632902145386,1.7879445552825928,1.936613917350769,1.7391893863677979,2.0321953296661377,2.147644519805908,2.401170492172241,2.427600145339966,2.352802038192749,2.682375192642212,3.311154365539551,3.6034443378448486,3.4852559566497803,3.8329238891601562,3.8642003536224365,3.9082353115081787,4.280459403991699,4.287747383117676,4.648416042327881,4.849551677703857,4.9198784828186035,5.264544486999512,5.475569248199463,5.3700995445251465,5.726025104522705
B8,2.7192447185516357,2.5293798446655273,2.1656713485717773,2.045637845993042,1.6684914827346802,1.5237746238708496,1.4542146921157837,1.1007254123687744,1.2224795818328857,1.157516360282898,1.082237958908081,1.348246693611145,1.5116676092147827,1.4033842086791992,1.6334192752838135,1.9207477569580078,1.7224067449569702,1.3485405445098877,1.1834348440170288,0.8388344049453735,0.6213932037353516,0.3957916796207428,0.0,0.3840521574020386,0.6399349570274353,0.8288388252258301,1.1820682287216187,1.432734727859497,1.3202682733535767,1.6249340772628784,2.0820419788360596,1.9809627532958984,1.6499754190444946,1.494994878768921,1.3219777345657349,0.9352633357048035,0.805167555809021,0.8106670379638672,0.6658693552017212,1.0292736291885376,1.1454459428787231,1.459486722946167,1.6286544799804688,1.5094441175460815,1.8306889533996582,2.3831021785736084,2.489067316055298,2.255760669708252,2.1572718620300293,2.085052728652954,1.7016032934188843,1.653980016708374,1.727651834487915,1.4994171857833862,1.7782683372497559,1.8389239311218262,2.095524311065674,2.0827713012695312,1.9908380508422852,2.309631824493408,3.1884429454803467,3.5086772441864014,3.4255759716033936,3.793661117553711,3.855211019515991,3.9320647716522217,4.314119815826416,4.356856822967529,4.725802898406982,4.94136381149292,5.039596080780029,5.379923343658447,5.610748767852783,5.528629779815674,5.894715785980225
B9,2.7104198932647705,2.4840478897094727,2.131688117980957,1.946340560913086,1.562910556793213,1.403516411781311,1.2410085201263428,0.8668742775917053,0.9191914796829224,0.7898878455162048,0.7516153454780579,1.0045413970947266,1.2275820970535278,1.1718660593032837,1.4679433107376099,2.2825090885162354,2.085862874984741,1.7099360227584839,1.5263643264770508,1.1997381448745728,0.9373690485954285,0.6396635174751282,0.3840521574020386,0.0,0.3918972909450531,0.6079221367835999,0.9312455654144287,1.2153851985931396,1.161038875579834,1.5123746395111084,2.458242654800415,2.3642308712005615,2.0297043323516846,1.8693748712539673,1.672062873840332,1.2932227849960327,1.1002874374389648,1.034942388534546,0.7518436312675476,1.0113744735717773,1.0928771495819092,1.3349772691726685,1.4929276704788208,1.4283735752105713,1.7679636478424072,2.7421860694885254,2.8478751182556152,2.5961217880249023,2.48935866355896,2.378110647201538,1.9870496988296509,1.890997052192688,1.9088867902755737,1.6223112344741821,1.8333349227905273,1.8621695041656494,2.063939094543457,2.017007350921631,1.9664649963378906,2.2808401584625244,3.495718002319336,3.8293862342834473,3.7558236122131348,4.130457878112793,4.1929402351379395,4.285079479217529,4.666192531585693,4.712799549102783,5.085463047027588,5.294558525085449,5.397219657897949,5.732658386230469,5.968736171722412,5.88842248916626,6.253103256225586
B10,3.0638561248779297,2.816683053970337,2.478987693786621,2.2675275802612305,1.8808966875076294,1.7419841289520264,1.5272846221923828,1.159816026687622,1.1274511814117432,0.8674495816230774,0.7899592518806458,0.8950952887535095,1.130957841873169,1.1799393892288208,1.473531723022461,2.5422427654266357,2.3472702503204346,1.9781372547149658,1.800809621810913,1.4373594522476196,1.2509560585021973,0.9388603568077087,0.6399349570274353,0.3918972909450531,0.0,0.387861967086792,0.6181272268295288,0.9690551161766052,1.0168761014938354,1.394127368927002,2.648178815841675,2.5206589698791504,2.1590867042541504,1.987979769706726,1.7212249040603638,1.3745784759521484,1.1146634817123413,0.9462498426437378,0.5760812163352966,0.6967929601669312,0.7779722213745117,0.9682736396789551,1.16989004611969,1.176880121231079,1.5480822324752808,2.821120262145996,2.8957040309906006,2.6041665077209473,2.4741947650909424,2.3010547161102295,1.9099280834197998,1.7567121982574463,1.7116245031356812,1.381249189376831,1.5306020975112915,1.5458197593688965,1.7098945379257202,1.6660624742507935,1.6586955785751343,1.9870091676712036,3.4408299922943115,3.789910316467285,3.7246525287628174,4.10770845413208,4.170273780822754,4.296915054321289,4.675200462341309,4.739604949951172,5.1209516525268555,5.3224005699157715,5.447876453399658,5.77010440826416,6.0272536277771,5.967861652374268,6.336597919464111
B11,3.2621850967407227,3.032390594482422,2.681015729904175,2.4650497436523438,2.094078540802002,1.8915079832077026,1.6577396392822266,1.2878421545028687,1.1547490358352661,0.8910963535308838,0.6502362489700317,0.7011010646820068,0.8201833963394165,0.8709005117416382,1.126660704612732,2.6334640979766846,2.4871835708618164,2.1134331226348877,1.9995943307876587,1.642124891281128,1.4370825290679932,1.1934025287628174,0.8288388252258301,0.6079221367835999,0.387861967086792,0.0,0.37815845012664795,0.6193491816520691,0.6292815804481506,1.0099302530288696,2.7064430713653564,2.6176586151123047,2.253838300704956,2.144972562789917,1.8694837093353271,1.5233913660049438,1.326846957206726,1.0726959705352783,0.736088216304779,0.7895012497901917,0.6600110530853271,0.8417800664901733,0.9099238514900208,0.8634421825408936,1.2110604047775269,2.8308908939361572,2.940457582473755,2.6401686668395996,2.557828426361084,2.363865375518799,1.977469801902771,1.8628654479980469,1.7521380186080933,1.4292086362838745,1.5584831237792969,1.474458932876587,1.642238974571228,1.5115622282028198,1.4551739692687988,1.7413699626922607,3.4209682941436768,3.7857632637023926,3.759857654571533,4.15342903137207,4.2508463859558105,4.3906402587890625,4.776525497436523,4.869097709655762,5.249716281890869,5.471175193786621,5.612043380737305,5.935937404632568,6.199716567993164,6.153106212615967,6.528792858123779
B12,3.542308807373047,3.290498971939087,2.9552161693573,2.707475185394287,2.341024398803711,2.1521289348602295,1.8722131252288818,1.5246354341506958,1.3357638120651245,1.0034183263778687,0.7905952334403992,0.6409071683883667,0.7595966458320618,0.9569052457809448,1.2037798166275024,2.994755744934082,2.846435308456421,2.4762396812438965,2.3538851737976074,1.9863556623458862,1.7995579242706299,1.5302659273147583,1.1820682287216187,0.9312455654144287,0.6181272268295288,0.37815845012664795,0.0,0.4088806211948395,0.642834484577179,1.01059091091156,3.0395359992980957,2.9348104000091553,2.561326026916504,2.4437217712402344,2.1358537673950195,1.8175358772277832,1.58488130569458,1.2950183153152466,0.9449706077575684,0.8292184472084045,0.6415193676948547,0.631898820400238,0.6765278577804565,0.772721529006958,1.1215776205062866,3.0994420051574707,3.188880205154419,2.864929437637329,2.7678260803222656,2.5287623405456543,2.154355525970459,1.9947360754013062,1.8243194818496704,1.472522497177124,1.504520058631897,1.3786637783050537,1.464556097984314,1.2987860441207886,1.309203863143921,1.5818774700164795,3.5796170234680176,3.9547126293182373,3.9388298988342285,4.336081027984619,4.433551788330078,4.599630355834961,4.980757236480713,5.085578441619873,5.4709625244140625,5.684398651123047,5.840703964233398,6.153316497802734,6.431478023529053,6.398791790008545,6.77556037902832
B13,3.7677175998687744,3.535926103591919,3.1898810863494873,2.9461991786956787,2.596700429916382,2.360121011734009,2.080658197402954,1.7435600757598877,1.499172568321228,1.20932936668396,0.9039363861083984,0.712526798248291,0.5959973931312561,0.8033734560012817,0.9418939352035522,3.117706060409546,3.0138823986053467,2.6463537216186523,2.577003240585327,2.221090078353882,2.0243184566497803,1.8076913356781006,1.432734727859497,1.2153851985931396,0.9690551161766052,0.6193491816520691,0.4088806211948395,0.0,0.3734046518802643,0.6636344194412231,3.133488416671753,3.06636905670166,2.6994285583496094,2.6374409198760986,2.333193063735962,2.022164821624756,1.8467086553573608,1.5198642015457153,1.2229673862457275,1.1103591918945312,0.7962566614151001,0.7618028521537781,0.5564982295036316,0.5705065727233887,0.8230218887329102,3.150174379348755,3.2723779678344727,2.9483790397644043,2.899095296859741,2.6504900455474854,2.2915194034576416,2.176647663116455,1.9606178998947144,1.6413135528564453,1.6607414484024048,1.4424279928207397,1.5278215408325195,1.2646576166152954,1.2072865962982178,1.3967117071151733,3.5977413654327393,3.982788324356079,4.006190776824951,4.409187316894531,4.540395736694336,4.7159295082092285,5.10206937789917,5.232903480529785,5.61502742767334,5.84779691696167,6.017236232757568,6.331273555755615,6.613813400268555,6.592632293701172,6.975119113922119
