,A1,A2,A3,A4,A5,A6,A7,A8,A9,A10,A11,A12,A13,A14,A15,B1,B2,B3,B4,B5,B6,B7,B8,B9,B10,B11,B12,B13,B14,B15,C1,C2,C3,C4,C5,C6,C7,C8,C9,C10,C11,C12,C13,C14,C15,D1,D2,D3,D4,D5,D6,D7,D8,D9,D10,D11,D12,D13,D14,D15,E1,E2,E3,E4,E5,E6,E7,E8,E9,E10,E11,E12,E13,E14,E15
A1,0.0,0.388173371553421,0.600578248500824,0.8786907196044922,1.2101686000823975,1.4257969856262207,1.7461220026016235,2.039444923400879,2.353261709213257,2.685164213180542,2.8680386543273926,3.221222162246704,3.4144792556762695,3.190434217453003,3.40368914604187,2.3844151496887207,2.3436224460601807,2.200984477996826,1.94862961769104,2.0950374603271484,2.017904281616211,2.1513688564300537,2.4535675048828125,2.528574228286743,2.8981354236602783,3.0640411376953125,3.38739275932312,3.611051321029663,3.4124886989593506,3.641047239303589,3.1894052028656006,3.138962984085083,3.043308734893799,2.8376471996307373,2.94464111328125,2.8117239475250244,2.8631231784820557,3.0936100482940674,3.046672821044922,3.373344898223877,3.477036237716675,3.7433135509490967,3.9196114540100098,3.728210210800171,3.9642109870910645,3.8600757122039795,3.788377046585083,3.786151647567749,3.6507461071014404,3.8045449256896973,3.6351089477539062,3.687788248062134,3.9051947593688965,3.7625160217285156,4.015289783477783,4.075582504272461,4.302714824676514,4.356022357940674,4.161063194274902,4.399420738220215,4.510026931762695,4.440223693847656,4.42152214050293,4.247558116912842,4.459316253662109,4.269747734069824,4.299011707305908,4.507524013519287,4.4447340965271,4.79683780670166,4.891602039337158,5.170603275299072,4.987995147705078,4.9194817543029785,5.131557464599609
A2,0.388173371553421,0.0,0.38909414410591125,0.6009174585342407,0.905916154384613,1.1928529739379883,1.484301209449768,1.7656326293945312,2.0988779067993164,2.4057371616363525,2.6084794998168945,2.951139450073242,3.168699264526367,2.971045732498169,3.2065377235412598,2.2960288524627686,2.2125957012176514,2.030954122543335,1.7372891902923584,1.8269367218017578,1.7433068752288818,1.831599473953247,2.145310163497925,2.2067129611968994,2.5685012340545654,2.7602052688598633,3.0795912742614746,3.3270883560180664,3.1536080837249756,3.406956672668457,3.0488529205322266,2.9843597412109375,2.8475022315979004,2.6164841651916504,2.681978464126587,2.5334231853485107,2.549393892288208,2.7804322242736816,2.7144863605499268,3.034623384475708,3.1573569774627686,3.418633222579956,3.6151764392852783,3.445544958114624,3.7034659385681152,3.7015249729156494,3.6253044605255127,3.585458755493164,3.4304182529449463,3.5517499446868896,3.3624932765960693,3.3859987258911133,3.596125841140747,3.4378554821014404,3.6807823181152344,3.754330635070801,3.972217559814453,4.040804386138916,3.8651537895202637,4.120795726776123,4.3574652671813965,4.301298141479492,4.259124755859375,4.099677562713623,4.299008846282959,4.089653968811035,4.134156227111816,4.320972442626953,4.265859127044678,4.623662948608398,4.698598384857178,4.993387699127197,4.816617965698242,4.72521448135376,4.9436774253845215
A3,0.600578248500824,0.38909414410591125,0.0,0.3878899812698364,0.6294503211975098,0.8490079045295715,1.184002161026001,1.449697494506836,1.7774144411087036,2.101334571838379,2.2765729427337646,2.631375312805176,2.8264174461364746,2.6110637187957764,2.8354287147521973,2.119755506515503,2.0768704414367676,1.8494185209274292,1.5909188985824585,1.6579086780548096,1.5086721181869507,1.6115374565124512,1.8862868547439575,1.9411102533340454,2.311140298843384,2.466785192489624,2.7885801792144775,3.010719060897827,2.817117214202881,3.0557305812835693,2.866248607635498,2.844735622406006,2.691072702407837,2.494516611099243,2.550809144973755,2.3602004051208496,2.384160280227661,2.5759942531585693,2.5010271072387695,2.814908742904663,2.8998172283172607,3.1565310955047607,3.3247272968292236,3.136431932449341,3.376993179321289,3.51521897315979,3.4764420986175537,3.435814142227173,3.3136088848114014,3.4312264919281006,3.2166292667388916,3.2470078468322754,3.427137613296509,3.255084276199341,3.4866907596588135,3.525377035140991,3.7392165660858154,3.7778050899505615,3.5857560634613037,3.821824789047241,4.1696696281433105,4.1424150466918945,4.122133255004883,3.9927773475646973,4.21783447265625,4.030364513397217,4.109363079071045,4.308785438537598,4.288452625274658,4.656741619110107,4.746809005737305,5.053254127502441,4.903034210205078,4.816681861877441,5.058931350708008
A4,0.8786907196044922,0.6009174585342407,0.3878899812698364,0.0,0.39741042256355286,0.6464003920555115,0.8947709798812866,1.2086952924728394,1.520033597946167,1.8349398374557495,2.056565761566162,2.389110565185547,2.6187658309936523,2.4392991065979004,2.7024271488189697,2.3642613887786865,2.3033008575439453,2.0320820808410645,1.7540501356124878,1.733729600906372,1.5355302095413208,1.5459619760513306,1.7928359508514404,1.773306965827942,2.120960235595703,2.289902687072754,2.5812299251556396,2.820249080657959,2.661707639694214,2.92834210395813,3.0517776012420654,3.0334506034851074,2.8358266353607178,2.625955581665039,2.625032901763916,2.396796703338623,2.3611512184143066,2.523240327835083,2.3915133476257324,2.6726884841918945,2.75956392288208,2.9815824031829834,3.1560375690460205,2.9997341632843018,3.2586164474487305,3.6740310192108154,3.6458017826080322,3.5669138431549072,3.4342193603515625,3.5091135501861572,3.2606632709503174,3.246906042098999,3.3976099491119385,3.1864280700683594,3.3834426403045654,3.4204442501068115,3.601104974746704,3.638296604156494,3.474890947341919,3.718597888946533,4.327327251434326,4.3242363929748535,4.289790153503418,4.183080196380615,4.400091648101807,4.198215007781982,4.294763565063477,4.471540927886963,4.459004878997803,4.829860687255859,4.897353172302246,5.217251300811768,5.069859981536865,4.95853853225708,5.200582027435303
A5,1.2101686000823975,0.905916154384613,0.6294503211975098,0.39741042256355286,0.0,0.39301562309265137,0.6248054504394531,0.8642419576644897,1.2114615440368652,1.5034711360931396,1.7103432416915894,2.0471243858337402,2.2768542766571045,2.10600209236145,2.3727450370788574,2.189678907394409,2.1216940879821777,1.8077540397644043,1.5391981601715088,1.4522956609725952,1.2074189186096191,1.1822019815444946,1.4042757749557495,1.377812385559082,1.7299025058746338,1.8970218896865845,2.197049140930176,2.4402341842651367,2.285177230834961,2.561004400253296,2.807196617126465,2.803192138671875,2.571643829345703,2.371826648712158,2.335894823074341,2.074550151824951,2.0212161540985107,2.155179500579834,2.0106725692749023,2.2866971492767334,2.3638575077056885,2.5880825519561768,2.762293577194214,2.606440544128418,2.871640682220459,3.401149272918701,3.3905608654022217,3.2872354984283447,3.1637325286865234,3.2149341106414795,2.942485809326172,2.9168577194213867,3.043856382369995,2.819570541381836,3.0065741539001465,3.031470537185669,3.209690809249878,3.241715431213379,3.078089475631714,3.3237857818603516,4.048680305480957,4.069719314575195,4.0318427085876465,3.952935218811035,4.173927307128906,3.975773334503174,4.101613998413086,4.271432876586914,4.286276340484619,4.662848949432373,4.729373455047607,5.062423229217529,4.9382100105285645,4.820233345031738,5.080732345581055
A6,1.4257969856262207,1.1928529739379883,0.8490079045295715,0.6464003920555115,0.39301562309265137,0.0,0.3924068212509155,0.6350712180137634,0.933887779712677,1.2764390707015991,1.447972059249878,1.7997751235961914,1.9967408180236816,1.7984917163848877,2.0579123497009277,2.2433085441589355,2.2331435680389404,1.895031452178955,1.692554235458374,1.5954071283340454,1.283071756362915,1.2687914371490479,1.3924388885498047,1.3253852128982544,1.6653469800949097,1.7602453231811523,2.043606758117676,2.2387325763702393,2.0560946464538574,2.307692289352417,2.845710515975952,2.8935091495513916,2.658759117126465,2.507829427719116,2.4691684246063232,2.17032790184021,2.1275267601013184,2.1990818977355957,2.036949396133423,2.284431219100952,2.29856538772583,2.4981138706207275,2.6210362911224365,2.442908525466919,2.676555871963501,3.4260098934173584,3.459779739379883,3.3648548126220703,3.2829549312591553,3.333486557006836,3.0405592918395996,3.0236945152282715,3.1098484992980957,2.8693840503692627,3.0313851833343506,3.006133794784546,3.1676700115203857,3.1521456241607666,2.9708683490753174,3.1816420555114746,4.060540199279785,4.111927509307861,4.103998184204102,4.054685115814209,4.301645755767822,4.131342887878418,4.284135341644287,4.468040466308594,4.510884761810303,4.8917999267578125,4.9741530418396,5.311219215393066,5.207204341888428,5.098164081573486,5.37346887588501
A7,1.7461220026016235,1.484301209449768,1.184002161026001,0.8947709798812866,0.6248054504394531,0.3924068212509155,0.0,0.3873070776462555,0.6313759684562683,0.9567153453826904,1.196091890335083,1.5114516019821167,1.7549018859863281,1.614039659500122,1.9222021102905273,2.5257937908172607,2.496992588043213,2.136352062225342,1.928004503250122,1.7578939199447632,1.4237926006317139,1.3049083948135376,1.3612606525421143,1.1873409748077393,1.472593069076538,1.5704795122146606,1.8032382726669312,2.0140128135681152,1.881826639175415,2.1657650470733643,3.0520882606506348,3.1013615131378174,2.8301358222961426,2.67287540435791,2.5785715579986572,2.250702381134033,2.146599531173706,2.1727499961853027,1.9480801820755005,2.141892671585083,2.1486806869506836,2.297684669494629,2.4211626052856445,2.285336494445801,2.5365467071533203,3.590665817260742,3.6349937915802,3.5031564235687256,3.4143624305725098,3.4202167987823486,3.097409248352051,3.035290479660034,3.082866668701172,2.803157091140747,2.9193742275238037,2.8863914012908936,3.0051729679107666,2.983403444290161,2.83754301071167,3.052119731903076,4.2124152183532715,4.288486957550049,4.266572952270508,4.241852760314941,4.4785027503967285,4.2975897789001465,4.467698097229004,4.628535270690918,4.681429386138916,5.061817646026611,5.12353515625,5.471665859222412,5.374229907989502,5.243424415588379,5.519341468811035
A8,2.039444923400879,1.7656326293945312,1.449697494506836,1.2086952924728394,0.8642419576644897,0.6350712180137634,0.3873070776462555,0.0,0.38044798374176025,0.656758189201355,0.8518632054328918,1.1860843896865845,1.421690583229065,1.2884888648986816,1.6006916761398315,2.4252090454101562,2.3993096351623535,2.017155408859253,1.8466055393218994,1.625099778175354,1.262344479560852,1.10764741897583,1.0682605504989624,0.8581103682518005,1.1272008419036865,1.1907492876052856,1.4327657222747803,1.63767671585083,1.5022615194320679,1.796632170677185,2.8603906631469727,2.9299166202545166,2.634584426879883,2.502699375152588,2.3775055408477783,2.0218911170959473,1.9054847955703735,1.8785938024520874,1.6400330066680908,1.8116809129714966,1.7856329679489136,1.93086576461792,2.040424108505249,1.8981951475143433,2.151287078857422,3.3548789024353027,3.422231435775757,3.2711803913116455,3.2009835243225098,3.184390068054199,2.841758966445923,2.7720980644226074,2.7850778102874756,2.494082450866699,2.592500686645508,2.533576250076294,2.646984815597534,2.608506202697754,2.4570553302764893,2.6663014888763428,3.9584553241729736,4.060727596282959,4.040305137634277,4.046173095703125,4.286944389343262,4.117034435272217,4.314873695373535,4.470334053039551,4.5513105392456055,4.932544231414795,4.996719837188721,5.352643966674805,5.27979850769043,5.147869110107422,5.439812660217285
A9,2.353261709213257,2.0988779067993164,1.7774144411087036,1.520033597946167,1.2114615440368652,0.933887779712677,0.6313759684562683,0.38044798374176025,0.0,0.38445237278938293,0.5919791460037231,0.8944054841995239,1.133700966835022,1.0328353643417358,1.3782076835632324,2.712031364440918,2.710341215133667,2.322287082672119,2.1842148303985596,1.9496757984161377,1.5773710012435913,1.4075596332550049,1.2826861143112183,1.0078362226486206,1.1712121963500977,1.1493147611618042,1.3041731119155884,1.4574787616729736,1.3436264991760254,1.629119873046875,3.102348566055298,3.200260639190674,2.896542549133301,2.7916622161865234,2.647162675857544,2.27339768409729,2.1406772136688232,2.0531723499298096,1.782149314880371,1.8842244148254395,1.8006267547607422,1.8765861988067627,1.9319093227386475,1.8072357177734375,2.0338828563690186,3.560084581375122,3.6578872203826904,3.498732566833496,3.4510762691497803,3.4143896102905273,3.0537726879119873,2.968733072280884,2.934762954711914,2.6201157569885254,2.6691973209381104,2.568885564804077,2.636359453201294,2.554175615310669,2.4170193672180176,2.5922422409057617,4.139054298400879,4.270482063293457,4.262642860412598,4.296623229980469,4.54524040222168,4.388338088989258,4.605710506439209,4.757742404937744,4.856509208679199,5.237020492553711,5.300121784210205,5.66060733795166,5.6006598472595215,5.46460485458374,5.76216983795166
A10,2.685164213180542,2.4057371616363525,2.101334571838379,1.8349398374557495,1.5034711360931396,1.2764390707015991,0.9567153453826904,0.656758189201355,0.38445237278938293,0.0,0.3805926740169525,0.574329674243927,0.8926926255226135,0.9126448035240173,1.2865947484970093,2.8778464794158936,2.855125904083252,2.4609291553497314,2.330329656600952,2.046058177947998,1.6875165700912476,1.4562673568725586,1.2587355375289917,0.9178016781806946,0.9523292183876038,0.9052728414535522,0.9771881103515625,1.1515628099441528,1.1199777126312256,1.4446847438812256,3.1713461875915527,3.2671475410461426,2.935908794403076,2.834055185317993,2.6422462463378906,2.2569456100463867,2.0789358615875244,1.93863844871521,1.6264089345932007,1.6561734676361084,1.553916573524475,1.5706353187561035,1.623764991760254,1.5524675846099854,1.8003069162368774,3.5708224773406982,3.676454782485962,3.482877731323242,3.4332962036132812,3.353816032409668,2.9735589027404785,2.8513107299804688,2.7744715213775635,2.4335386753082275,2.433979034423828,2.3209733963012695,2.346334457397461,2.2576661109924316,2.1583707332611084,2.338297128677368,4.1240925788879395,4.278162479400635,4.254754543304443,4.315310955047607,4.550487518310547,4.388791561126709,4.624787330627441,4.754044055938721,4.868566989898682,5.244506359100342,5.291851043701172,5.660076141357422,5.615001201629639,5.463745594024658,5.765648365020752
A11,2.8680386543273926,2.6084794998168945,2.2765729427337646,2.056565761566162,1.7103432416915894,1.447972059249878,1.196091890335083,0.8518632054328918,0.5919791460037231,0.3805926740169525,0.0,0.38482049107551575,0.573931097984314,0.5462764501571655,0.9137967228889465,2.7900424003601074,2.8021161556243896,2.4091780185699463,2.338635206222534,2.0625205039978027,1.6977646350860596,1.513286828994751,1.244226098060608,0.956372082233429,0.9552986025810242,0.76292484998703,0.8271450400352478,0.8890669345855713,0.7832711338996887,1.0788578987121582,3.0263307094573975,3.1605472564697266,2.835489511489868,2.7827212810516357,2.5995354652404785,2.205491781234741,2.063035726547241,1.8732885122299194,1.5938478708267212,1.6056772470474243,1.4228373765945435,1.4363194704055786,1.410851001739502,1.2835334539413452,1.4831836223602295,3.3904008865356445,3.5317656993865967,3.348815441131592,3.3403117656707764,3.266916036605835,2.88448166847229,2.788158893585205,2.6810600757598877,2.3532402515411377,2.3461532592773438,2.1789135932922363,2.209437847137451,2.068169116973877,1.9286357164382935,2.064336061477661,3.917073965072632,4.095743179321289,4.096826076507568,4.184265613555908,4.437715530395508,4.305606365203857,4.563685894012451,4.705966949462891,4.847628116607666,5.223199844360352,5.289950847625732,5.657222747802734,5.635478973388672,5.4997687339782715,5.817225456237793
A12,3.221222162246704,2.951139450073242,2.631375312805176,2.389110565185547,2.0471243858337402,1.7997751235961914,1.5114516019821167,1.1860843896865845,0.8944054841995239,0.574329674243927,0.38482049107551575,0.0,0.3883216083049774,0.6166785359382629,0.9609760046005249,3.1215617656707764,3.1234209537506104,2.731691837310791,2.663290023803711,2.362154483795166,2.0139365196228027,1.7932672500610352,1.4970576763153076,1.1802805662155151,1.053568720817566,0.832125186920166,0.7063482403755188,0.7122738361358643,0.7572423815727234,1.047786831855774,3.291888952255249,3.426767349243164,3.0865230560302734,3.0377357006073,2.820974349975586,2.4263274669647217,2.2484347820281982,2.01655650138855,1.7076905965805054,1.631199836730957,1.4210928678512573,1.3296639919281006,1.2615100145339966,1.2172971963882446,1.4051762819290161,3.602837562561035,3.7542216777801514,3.5464398860931396,3.5393855571746826,3.429246187210083,3.0341386795043945,2.9034900665283203,2.7512550354003906,2.401268720626831,2.3315610885620117,2.142810106277466,2.1069512367248535,1.9398822784423828,1.853980302810669,1.9688793420791626,4.097281455993652,4.298259735107422,4.290566444396973,4.402398586273193,4.644701957702637,4.51123046875,4.783384323120117,4.905885219573975,5.059307098388672,5.42910099029541,5.481135368347168,5.853443145751953,5.842709541320801,5.693202018737793,6.011279106140137
A13,3.4144792556762695,3.168699264526367,2.8264174461364746,2.6187658309936523,2.2768542766571045,1.9967408180236816,1.7549018859863281,1.421690583229065,1.133700966835022,0.8926926255226135,0.573931097984314,0.3883216083049774,0.0,0.3742477297782898,0.628766655921936,3.1296942234039307,3.1710329055786133,2.7880139350891113,2.773359537124634,2.4941864013671875,2.1452701091766357,1.9768553972244263,1.6496373414993286,1.3947771787643433,1.2744605541229248,0.965430498123169,0.8369095921516418,0.6444246768951416,0.589807391166687,0.758379340171814,3.258788824081421,3.433049201965332,3.108994722366333,3.108623504638672,2.9111053943634033,2.5175445079803467,2.3821537494659424,2.1189942359924316,1.8554989099502563,1.7724599838256836,1.4947131872177124,1.3990744352340698,1.2252436876296997,1.116194248199463,1.2010376453399658,3.536306619644165,3.724639654159546,3.536179780960083,3.5724380016326904,3.4755730628967285,3.08620023727417,2.987373113632202,2.811243772506714,2.4840049743652344,2.409777879714966,2.167410373687744,2.1344034671783447,1.9050631523132324,1.775377631187439,1.817304015159607,3.998061180114746,4.2226152420043945,4.245227813720703,4.381433486938477,4.643607139587402,4.542614936828613,4.832375526428223,4.970705509185791,5.147430419921875,5.515866756439209,5.588757514953613,5.957576751708984,5.966756343841553,5.834576606750488,6.165343284606934
A14,3.190434217453003,2.971045732498169,2.6110637187957764,2.4392991065979004,2.10600209236145,1.7984917163848877,1.614039659500122,1.2884888648986816,1.0328353643417358,0.9126448035240173,0.5462764501571655,0.6166785359382629,0.3742477297782898,0.0,0.38055017590522766,2.863801956176758,2.937682628631592,2.5600225925445557,2.569918155670166,2.3295130729675293,1.9690570831298828,1.861635446548462,1.5523687601089478,1.354227066040039,1.3300540447235107,1.0195927619934082,1.0290480852127075,0.8608834147453308,0.6247590184211731,0.7253947257995605,3.042825937271118,3.2365527153015137,2.937023401260376,2.95554518699646,2.800230026245117,2.410095453262329,2.325993776321411,2.089892864227295,1.8704818487167358,1.85848069190979,1.5835678577423096,1.5741080045700073,1.4123538732528687,1.208227276802063,1.2626893520355225,3.358647584915161,3.5551817417144775,3.401421308517456,3.4559593200683594,3.400552272796631,3.026559829711914,2.972494125366211,2.8287417888641357,2.5302927494049072,2.509305715560913,2.2685844898223877,2.294419288635254,2.069550037384033,1.8772106170654297,1.9109970331192017,3.837134838104248,4.050582408905029,4.097073078155518,4.219976902008057,4.502371788024902,4.417243003845215,4.7002058029174805,4.864424228668213,5.038793563842773,5.411813735961914,5.506965160369873,5.86913537979126,5.87509298324585,5.762747287750244,6.096986293792725
A15,3.40368914604187,3.2065377235412598,2.8354287147521973,2.7024271488189697,2.3727450370788574,2.0579123497009277,1.9222021102905273,1.6006916761398315,1.3782076835632324,1.2865947484970093,0.9137967228889465,0.9609760046005249,0.628766655921936,0.38055017590522766,0.0,2.8605527877807617,2.9718849658966064,2.6133244037628174,2.6790719032287598,2.464694023132324,2.120727062225342,2.063955068588257,1.7401611804962158,1.607094168663025,1.5805444717407227,1.2359830141067505,1.246698021888733,0.9878043532371521,0.6906129121780396,0.5726826190948486,2.9850971698760986,3.216202735900879,2.9388411045074463,3.006868839263916,2.873497247695923,2.49560284614563,2.4551544189453125,2.1980972290039062,2.0305519104003906,2.015789270401001,1.700477123260498,1.6988734006881714,1.4710204601287842,1.2126814126968384,1.1524747610092163,3.2597005367279053,3.491509437561035,3.3602757453918457,3.4581103324890137,3.41784930229187,3.0571646690368652,3.0371270179748535,2.876241445541382,2.609036445617676,2.590039014816284,2.3103089332580566,2.3474440574645996,2.0802667140960693,1.845758080482483,1.8095263242721558,3.6991348266601562,3.933793067932129,4.010898590087891,4.156974792480469,4.456786632537842,4.405332565307617,4.703441619873047,4.882177829742432,5.078682899475098,5.447580337524414,5.563171863555908,5.919595718383789,5.94576358795166,5.851579666137695,6.1969380378723145
B1,2.3844151496887207,2.2960288524627686,2.119755506515503,2.3642613887786865,2.189678907394409,2.2433085441589355,2.5257937908172607,2.4252090454101562,2.712031364440918,2.8778464794158936,2.7900424003601074,3.1215617656707764,3.1296942234039307,2.863801956176758,2.8605527877807617,0.0,0.3847111463546753,0.5455108284950256,0.8830230832099915,1.189732313156128,1.3403910398483276,1.719018816947937,1.8578718900680542,2.2179369926452637,2.5069949626922607,2.546024799346924,2.923292875289917,3.028702974319458,2.7483878135681152,2.817204475402832,0.8693837523460388,0.9402655959129333,1.014323353767395,1.1084522008895874,1.4261099100112915,1.4438890218734741,1.791623830795288,1.9704779386520386,2.2191226482391357,2.5715513229370117,2.5966956615448,2.971456289291382,3.0782763957977295,2.782637596130371,2.897179365158081,1.551630973815918,1.5369372367858887,1.6661264896392822,1.711976170539856,2.0073251724243164,1.9553730487823486,2.2322323322296143,2.4542267322540283,2.5168042182922363,2.8590357303619385,2.859213352203369,3.210125207901001,3.24216365814209,2.9342756271362305,3.0994110107421875,2.17146372795105,2.1046791076660156,2.166429042816162,2.0465641021728516,2.3577516078948975,2.3117880821228027,2.4528863430023193,2.756840229034424,2.8567466735839844,3.2190372943878174,3.4397408962249756,3.7213261127471924,3.6961467266082764,3.724734306335449,4.051596164703369
B2,2.3436224460601807,2.2125957012176514,2.0768704414367676,2.3033008575439453,2.1216940879821777,2.2331435680389404,2.496992588043213,2.3993096351623535,2.710341215133667,2.855125904083252,2.8021161556243896,3.1234209537506104,3.1710329055786133,2.937682628631592,2.9718849658966064,0.3847111463546753,0.0,0.3948448896408081,0.6493673920631409,0.965362012386322,1.2116663455963135,1.5621386766433716,1.7479655742645264,2.118988513946533,2.4014313220977783,2.4919686317443848,2.8713607788085938,3.0206215381622314,2.777249813079834,2.888035535812378,0.8866825103759766,0.805476188659668,0.8245103359222412,0.8046318888664246,1.1387836933135986,1.2130135297775269,1.5530565977096558,1.7889010906219482,2.050050735473633,2.4151275157928467,2.4939191341400146,2.877873659133911,3.0307226181030273,2.7693939208984375,2.926009178161621,1.5488396883010864,1.4548274278640747,1.523244023323059,1.4850094318389893,1.7660902738571167,1.724344253540039,1.9827407598495483,2.2456929683685303,2.317653179168701,2.6768605709075928,2.7260632514953613,3.0820465087890625,3.159144163131714,2.8818740844726562,3.0878961086273193,2.188444137573242,2.097949743270874,2.0886409282684326,1.9405707120895386,2.206169605255127,2.099987745285034,2.2245473861694336,2.5013740062713623,2.578421115875244,2.9496631622314453,3.14408802986145,3.438156843185425,3.396794319152832,3.402752161026001,3.7258753776550293
B3,2.200984477996826,2.030954122543335,1.8494185209274292,2.0320820808410645,1.8077540397644043,1.895031452178955,2.136352062225342,2.017155408859253,2.322287082672119,2.4609291553497314,2.4091780185699463,2.731691837310791,2.7880139350891113,2.5600225925445557,2.6133244037628174,0.5455108284950256,0.3948448896408081,0.0,0.3932737112045288,0.6452932953834534,0.832522451877594,1.1959065198898315,1.3684831857681274,1.7347246408462524,2.0267395973205566,2.1135692596435547,2.4964120388031006,2.6513538360595703,2.40962553024292,2.539785623550415,1.029762864112854,1.017309308052063,0.8816089034080505,0.8248099684715271,1.0442237854003906,0.9899798631668091,1.298464298248291,1.508348822593689,1.7293018102645874,2.0973875522613525,2.1629059314727783,2.5410401821136475,2.6923046112060547,2.4316394329071045,2.6046667098999023,1.672150731086731,1.6333532333374023,1.628015398979187,1.5858646631240845,1.7950506210327148,1.6631016731262207,1.8693925142288208,2.0931007862091064,2.1034743785858154,2.4419307708740234,2.4717612266540527,2.8111813068389893,2.8731000423431396,2.5985727310180664,2.812833309173584,2.3281707763671875,2.2967162132263184,2.284249782562256,2.1885361671447754,2.454878330230713,2.3331313133239746,2.492410182952881,2.7394564151763916,2.8298940658569336,3.209170341491699,3.3752071857452393,3.6902196407318115,3.649613618850708,3.622922420501709,3.9481289386749268
B4,1.94862961769104,1.7372891902923584,1.5909188985824585,1.7540501356124878,1.5391981601715088,1.692554235458374,1.928004503250122,1.8466055393218994,2.1842148303985596,2.330329656600952,2.338635206222534,2.663290023803711,2.773359537124634,2.569918155670166,2.6790719032287598,0.8830230832099915,0.6493673920631409,0.3932737112045288,0.0,0.3992457091808319,0.6561617851257324,0.9839280247688293,1.2514712810516357,1.5926094055175781,1.9068266153335571,2.055361747741699,2.4395158290863037,2.6453490257263184,2.437570333480835,2.6212852001190186,1.3760361671447754,1.2912623882293701,1.1111401319503784,0.9143606424331665,1.0538218021392822,0.9800055027008057,1.2009905576705933,1.47014319896698,1.6375187635421753,2.020061731338501,2.137770414352417,2.508282423019409,2.703108310699463,2.479485273361206,2.700404167175293,1.9888012409210205,1.9082378149032593,1.852049469947815,1.7324022054672241,1.893148422241211,1.7381021976470947,1.876840353012085,2.1213436126708984,2.091541290283203,2.4242680072784424,2.4954872131347656,2.8167624473571777,2.9102091789245605,2.673211097717285,2.9250681400299072,2.6448721885681152,2.602202892303467,2.54598331451416,2.429482936859131,2.6532840728759766,2.477971076965332,2.607950210571289,2.820223808288574,2.8706400394439697,3.252307415008545,3.3807477951049805,3.703848123550415,3.6300203800201416,3.5721726417541504,3.879002809524536
B5,2.0950374603271484,1.8269367218017578,1.6579086780548096,1.733729600906372,1.4522956609725952,1.5954071283340454,1.7578939199447632,1.625099778175354,1.9496757984161377,2.046058177947998,2.0625205039978027,2.362154483795166,2.4941864013671875,2.3295130729675293,2.464694023132324,1.189732313156128,0.965362012386322,0.6452932953834534,0.3992457091808319,0.0,0.38536396622657776,0.6285771131515503,0.8974729776382446,1.2428935766220093,1.5360980033874512,1.711530089378357,2.0886270999908447,2.320136785507202,2.1478259563446045,2.3640551567077637,1.509504795074463,1.4354530572891235,1.1543697118759155,0.9276952147483826,0.9062778353691101,0.7179137468338013,0.852794885635376,1.1162679195404053,1.2502137422561646,1.6338162422180176,1.7717485427856445,2.137922525405884,2.356261968612671,2.161595106124878,2.41426682472229,2.0459718704223633,1.9858342409133911,1.8515253067016602,1.711642861366272,1.7879518270492554,1.5612047910690308,1.6309881210327148,1.8423739671707153,1.7620995044708252,2.0761520862579346,2.154404640197754,2.460197687149048,2.5657336711883545,2.353590965270996,2.62983775138855,2.6919193267822266,2.691413640975952,2.60913348197937,2.5367660522460938,2.7432243824005127,2.546896457672119,2.7103662490844727,2.8829705715179443,2.9522864818573,3.335747003555298,3.4318108558654785,3.775282859802246,3.712693214416504,3.6206626892089844,3.9323129653930664
B6,2.017904281616211,1.7433068752288818,1.5086721181869507,1.5355302095413208,1.2074189186096191,1.283071756362915,1.4237926006317139,1.262344479560852,1.5773710012435913,1.6875165700912476,1.6977646350860596,2.0139365196228027,2.1452701091766357,1.9690570831298828,2.120727062225342,1.3403910398483276,1.2116663455963135,0.832522451877594,0.6561617851257324,0.38536396622657776,0.0,0.3914220929145813,0.6250717639923096,0.9458612203598022,1.279494047164917,1.4251106977462769,1.8096412420272827,2.0300378799438477,1.8405448198318481,2.067500114440918,1.7051753997802734,1.704691767692566,1.4148497581481934,1.2534198760986328,1.1953516006469727,0.9058864712715149,0.965863823890686,1.120562195777893,1.1590193510055542,1.523939609527588,1.6083787679672241,1.9524117708206177,2.1419577598571777,1.932784914970398,2.1852104663848877,2.236893892288208,2.234508991241455,2.100400686264038,2.0035290718078613,2.0553059577941895,1.7807990312576294,1.8190878629684448,1.9617682695388794,1.8164759874343872,2.082866668701172,2.10921573638916,2.383117198944092,2.4435102939605713,2.2232742309570312,2.483205556869507,2.876328229904175,2.91569185256958,2.8640921115875244,2.8254940509796143,3.0548148155212402,2.87973690032959,3.064033031463623,3.2396352291107178,3.3239405155181885,3.707550525665283,3.803377151489258,4.150160312652588,4.093231678009033,3.9964709281921387,4.308588027954102
B7,2.1513688564300537,1.831599473953247,1.6115374565124512,1.5459619760513306,1.1822019815444946,1.2687914371490479,1.3049083948135376,1.10764741897583,1.4075596332550049,1.4562673568725586,1.513286828994751,1.7932672500610352,1.9768553972244263,1.861635446548462,2.063955068588257,1.719018816947937,1.5621386766433716,1.1959065198898315,0.9839280247688293,0.6285771131515503,0.3914220929145813,0.0,0.3881746530532837,0.6419257521629333,0.9638760685920715,1.182852029800415,1.5485643148422241,1.822746753692627,1.697232723236084,1.9786756038665771,1.9984681606292725,1.9792163372039795,1.6475731134414673,1.4523223638534546,1.291115164756775,0.9622469544410706,0.8597940802574158,0.977750301361084,0.9011723399162292,1.247586965560913,1.374780535697937,1.6930214166641235,1.9248555898666382,1.7727872133255005,2.073253631591797,2.467094898223877,2.4610984325408936,2.2716221809387207,2.1431381702423096,2.1224417686462402,1.8057584762573242,1.7581777572631836,1.8642222881317139,1.6543673276901245,1.8783924579620361,1.9251046180725098,2.1613521575927734,2.2437386512756348,2.073122501373291,2.3650624752044678,3.0864431858062744,3.145751476287842,3.0640885829925537,3.0452306270599365,3.246591091156006,3.0446012020111084,3.2368462085723877,3.3731555938720703,3.4553561210632324,3.835026264190674,3.895171642303467,4.254080772399902,4.19443941116333,4.0647053718566895,4.369851589202881
B8,2.4535675048828125,2.145310163497925,1.8862868547439575,1.7928359508514404,1.4042757749557495,1.3924388885498047,1.3612606525421143,1.0682605504989624,1.2826861143112183,1.2587355375289917,1.244226098060608,1.4970576763153076,1.6496373414993286,1.5523687601089478,1.7401611804962158,1.8578718900680542,1.7479655742645264,1.3684831857681274,1.2514712810516357,0.8974729776382446,0.6250717639923096,0.3881746530532837,0.0,0.386888712644577,0.6643639802932739,0.8213924169540405,1.1983009576797485,1.4505070447921753,1.323789358139038,1.606563687324524,2.031318187713623,2.06638240814209,1.7129061222076416,1.585347056388855,1.384779930114746,1.001991868019104,0.8727124929428101,0.8247801065444946,0.6839127540588379,0.9860577583312988,1.0361053943634033,1.3505104780197144,1.552450180053711,1.3868787288665771,1.68798828125,2.4338364601135254,2.4805169105529785,2.272473096847534,2.189988136291504,2.1350677013397217,1.7791730165481567,1.7148913145065308,1.7393405437469482,1.4891932010650635,1.6655690670013428,1.6492047309875488,1.8667458295822144,1.9068019390106201,1.7233918905258179,2.002375602722168,3.021878242492676,3.1283671855926514,3.064246416091919,3.095259428024292,3.3114395141601562,3.1354892253875732,3.366184949874878,3.4994776248931885,3.6190340518951416,3.996259927749634,4.06102180480957,4.425792217254639,4.395031452178955,4.265438556671143,4.584606170654297
B9,2.528574228286743,2.2067129611968994,1.9411102533340454,1.773306965827942,1.377812385559082,1.3253852128982544,1.1873409748077393,0.8581103682518005,1.0078362226486206,0.9178016781806946,0.956372082233429,1.1802805662155151,1.3947771787643433,1.354227066040039,1.607094168663025,2.2179369926452637,2.118988513946533,1.7347246408462524,1.5926094055175781,1.2428935766220093,0.9458612203598022,0.6419257521629333,0.386888712644577,0.0,0.3840422034263611,0.5963798761367798,0.9372133016586304,1.2361270189285278,1.1693966388702393,1.507513165473938,2.410639524459839,2.452350378036499,2.0954692363739014,1.9614174365997314,1.7381755113601685,1.357680320739746,1.1625481843948364,1.0623973608016968,0.7863496541976929,0.9676310420036316,0.992728590965271,1.2163889408111572,1.4193048477172852,1.3093414306640625,1.6376217603683472,2.7947850227355957,2.8525924682617188,2.6308417320251465,2.544243097305298,2.4574224948883057,2.084594964981079,1.9689161777496338,1.9466848373413086,1.6398303508758545,1.7381441593170166,1.703668236732483,1.8476308584213257,1.866881012916565,1.7319704294204712,2.008082389831543,3.366257429122925,3.4898152351379395,3.424034833908081,3.4673092365264893,3.676410675048828,3.493276834487915,3.72540020942688,3.8421924114227295,3.9573192596435547,4.331470966339111,4.37711763381958,4.746252059936523,4.709563732147217,4.561535358428955,4.871978282928467
B10,2.8981354236602783,2.5685012340545654,2.311140298843384,2.120960235595703,1.7299025058746338,1.6653469800949097,1.472593069076538,1.1272008419036865,1.1712121963500977,0.9523292183876038,0.9552986025810242,1.053568720817566,1.2744605541229248,1.3300540447235107,1.5805444717407227,2.5069949626922607,2.4014313220977783,2.0267395973205566,1.9068266153335571,1.5360980033874512,1.279494047164917,0.9638760685920715,0.6643639802932739,0.3840422034263611,0.0,0.3745795786380768,0.628929853439331,0.9808470606803894,1.022118091583252,1.3838565349578857,2.594264268875122,2.6402761936187744,2.2639570236206055,2.1452908515930176,1.8721920251846313,1.494040846824646,1.2440013885498047,1.048682689666748,0.696022629737854,0.7164430022239685,0.7114620208740234,0.864497721195221,1.097927451133728,1.0675581693649292,1.4300401210784912,2.8996434211730957,2.9720091819763184,2.7147216796875,2.6327855587005615,2.492147922515869,2.097790479660034,1.9307615756988525,1.8391886949539185,1.488768458366394,1.5073498487472534,1.4501261711120605,1.536318302154541,1.5517830848693848,1.469169020652771,1.7593544721603394,3.429335832595825,3.5818872451782227,3.5031707286834717,3.58042311668396,3.774432420730591,3.5911481380462646,3.8443567752838135,3.934807538986206,4.068978309631348,4.4345479011535645,4.46281623840332,4.838186264038086,4.819499492645264,4.655782699584961,4.969341278076172
B11,3.0640411376953125,2.7602052688598633,2.466785192489624,2.289902687072754,1.8970218896865845,1.7602453231811523,1.5704795122146606,1.1907492876052856,1.1493147611618042,0.9052728414535522,0.76292484998703,0.832125186920166,0.965430498123169,1.0195927619934082,1.2359830141067505,2.546024799346924,2.4919686317443848,2.1135692596435547,2.055361747741699,1.711530089378357,1.4251106977462769,1.182852029800415,0.8213924169540405,0.5963798761367798,0.3745795786380768,0.0,0.3882773518562317,0.6490201354026794,0.6480509638786316,1.0106556415557861,2.6023099422454834,2.7006354331970215,2.3361191749572754,2.27738881111145,2.0268685817718506,1.6370923519134521,1.4453835487365723,1.1875468492507935,0.8935295939445496,0.8576753735542297,0.6676134467124939,0.7666596174240112,0.8667965531349182,0.7670708298683167,1.1024216413497925,2.879000663757324,2.9994940757751465,2.7604541778564453,2.7316854000091553,2.6033694744110107,2.205850839614868,2.072836399078369,1.9358173608779907,1.5970393419265747,1.5850704908370972,1.4341461658477783,1.5006839036941528,1.4213836193084717,1.2905182838439941,1.5219976902008057,3.381941318511963,3.5664665699005127,3.5225789546966553,3.6304001808166504,3.850584030151367,3.702883005142212,3.978736639022827,4.087436676025391,4.248011112213135,4.613852500915527,4.663569927215576,5.036726951599121,5.038288593292236,4.891010284423828,5.217194080352783
B12,3.38739275932312,3.0795912742614746,2.7885801792144775,2.5812299251556396,2.197049140930176,2.043606758117676,1.8032382726669312,1.4327657222747803,1.3041731119155884,0.9771881103515625,0.8271450400352478,0.7063482403755188,0.8369095921516418,1.0290480852127075,1.246698021888733,2.923292875289917,2.8713607788085938,2.4964120388031006,2.4395158290863037,2.0886270999908447,1.8096412420272827,1.5485643148422241,1.1983009576797485,0.9372133016586304,0.628929853439331,0.3882773518562317,0.0,0.3959933817386627,0.6211113333702087,0.9768570065498352,2.9375150203704834,3.0417470932006836,2.672098159790039,2.62068510055542,2.3476624488830566,1.9671696424484253,1.7476598024368286,1.4576644897460938,1.1423648595809937,0.9767448306083679,0.744145929813385,0.629271388053894,0.6591413021087646,0.7011971473693848,1.0246930122375488,3.163861036300659,3.298027753829956,3.041475296020508,3.018303871154785,2.856011390686035,2.451519012451172,2.283306121826172,2.0935592651367188,1.731878638267517,1.6318082809448242,1.4470003843307495,1.4129644632339478,1.2893288135528564,1.2345925569534302,1.4355992078781128,3.628438711166382,3.836369514465332,3.789126396179199,3.921351194381714,4.131909370422363,3.9861929416656494,4.273798942565918,4.363914489746094,4.534603118896484,4.893051624298096,4.928339958190918,5.304614067077637,5.3158793449401855,5.155519962310791,5.480145454406738
B13,3.611051321029663,3.3270883560180664,3.010719060897827,2.820249080657959,2.4402341842651367,2.2387325763702393,2.0140128135681152,1.63767671585083,1.4574787616729736,1.1515628099441528,0.8890669345855713,0.7122738361358643,0.6444246768951416,0.8608834147453308,0.9878043532371521,3.028702974319458,3.0206215381622314,2.6513538360595703,2.6453490257263184,2.320136785507202,2.0300378799438477,1.822746753692627,1.4505070447921753,1.2361270189285278,0.9808470606803894,0.6490201354026794,0.3959933817386627,0.0,0.3837178945541382,0.6543216109275818,3.0081982612609863,3.1566250324249268,2.8042166233062744,2.804206371307373,2.5536906719207764,2.1741445064544678,2.002622127532959,1.6829851865768433,1.4236313104629517,1.2533247470855713,0.935250997543335,0.7816474437713623,0.582987368106842,0.548783004283905,0.7497588992118835,3.1979727745056152,3.3750243186950684,3.1385421752929688,3.163512945175171,3.013908624649048,2.615445613861084,2.4804303646087646,2.2585721015930176,1.9231719970703125,1.804997444152832,1.5461338758468628,1.4918416738510132,1.2661314010620117,1.166628122329712,1.2622069120407104,3.6248247623443604,3.862320899963379,3.8484585285186768,4.009378433227539,4.241370677947998,4.130240440368652,4.43679141998291,4.542374610900879,4.736851215362549,5.0934224128723145,5.148339748382568,5.521061420440674,5.551835060119629,5.407288074493408,5.743047714233398
