,A1,A2,A3,A4,A5,A6,A7,A8,A9,A10,A11,A12,A13,A14,A15,B1,B2,B3,B4,B5,B6,B7,B8,B9,B10,B11,B12,B13,B14,B15,C1,C2,C3,C4,C5,C6,C7,C8,C9,C10,C11,C12,C13,C14,C15,D1,D2,D3,D4,D5,D6,D7,D8,D9,D10,D11,D12,D13,D14,D15,E1,E2,E3,E4,E5,E6,E7,E8,E9,E10,E11,E12,E13,E14,E15
A1,0.0,0.3936874568462372,0.620751142501831,0.9119327068328857,1.1955171823501587,1.5314122438430786,1.810951828956604,2.0583245754241943,2.3354392051696777,2.577348232269287,2.481699228286743,2.824579954147339,2.69887113571167,2.9871621131896973,2.82637357711792,1.2569011449813843,1.3397259712219238,1.1599347591400146,1.2456324100494385,1.5835071802139282,1.6710267066955566,2.051172971725464,2.260707378387451,2.537407636642456,2.7608821392059326,2.695909023284912,3.0351104736328125,2.9853577613830566,3.2884294986724854,3.1956729888916016,2.078488826751709,2.1514627933502197,1.8928970098495483,1.9273831844329834,2.2218017578125,2.1661248207092285,2.5208075046539307,2.7206952571868896,2.9420931339263916,3.013317108154297,2.9691321849823,3.2924935817718506,3.288206100463867,3.5971875190734863,3.5617661476135254,2.810326337814331,2.9111175537109375,2.6213185787200928,2.6725997924804688,2.9374914169311523,2.8177011013031006,3.138251304626465,3.325077772140503,3.5194053649902344,3.4213664531707764,3.3904073238372803,3.6766698360443115,3.7142508029937744,4.000373363494873,4.020971775054932,3.7496886253356934,3.8689308166503906,3.5893969535827637,3.7275378704071045,3.93450927734375,3.838191509246826,4.1938862800598145,4.246537208557129,4.50785493850708,4.404695510864258,4.336352825164795,4.622509002685547,4.64608907699585,4.90415096282959,5.0471577644348145
A2,0.3936874568462372,0.0,0.39460933208465576,0.6442908644676208,0.8598504662513733,1.223363995552063,1.4700212478637695,1.7069480419158936,1.9763482809066772,2.2326126098632812,2.1529414653778076,2.502424478530884,2.3951566219329834,2.704771041870117,2.561204433441162,1.1321642398834229,1.103956937789917,0.8616533279418945,0.8776113986968994,1.2066837549209595,1.279840350151062,1.657932162284851,1.8757339715957642,2.147667407989502,2.381169080734253,2.3304967880249023,2.6790831089019775,2.64884352684021,2.969130754470825,2.893965005874634,1.900231957435608,1.9082952737808228,1.6118830442428589,1.6014517545700073,1.872517704963684,1.7888641357421875,2.1376607418060303,2.336942672729492,2.5509731769561768,2.6237754821777344,2.59092116355896,2.920427083969116,2.9336485862731934,3.2553763389587402,3.237276792526245,2.605285167694092,2.6605231761932373,2.343296766281128,2.364762544631958,2.6077377796173096,2.4621994495391846,2.7737302780151367,2.954073429107666,3.1400249004364014,3.034379005432129,3.011211633682251,3.2977609634399414,3.349954605102539,3.6431357860565186,3.680781841278076,3.5315158367156982,3.6175224781036377,3.315685510635376,3.4358255863189697,3.6242752075195312,3.5078396797180176,3.8564000129699707,3.894901990890503,4.153055667877197,4.036311149597168,3.9657320976257324,4.245294570922852,4.2714524269104,4.523455619812012,4.672664165496826
A3,0.620751142501831,0.39460933208465576,0.0,0.38728925585746765,0.6170845031738281,0.9405741095542908,1.255979061126709,1.4719220399856567,1.7788313627243042,1.9863663911819458,1.8687535524368286,2.207364320755005,2.085212469100952,2.3813819885253906,2.2430806159973145,1.2362759113311768,1.2084729671478271,0.8774418830871582,0.9285481572151184,1.1581677198410034,1.1969083547592163,1.5903440713882446,1.7345812320709229,2.031621217727661,2.2091786861419678,2.1156768798828125,2.442214250564575,2.3907361030578613,2.692089319229126,2.6201465129852295,1.9674968719482422,1.9701793193817139,1.6346384286880493,1.653377652168274,1.8627912998199463,1.7596486806869507,2.1131584644317627,2.250591278076172,2.487032651901245,2.5040833950042725,2.429992437362671,2.7328238487243652,2.721357822418213,3.019526958465576,3.0009238719940186,2.6396846771240234,2.68770432472229,2.3527371883392334,2.401956558227539,2.6034271717071533,2.4489524364471436,2.767486572265625,2.8984627723693848,3.105677604675293,2.962268590927124,2.898388624191284,3.157113552093506,3.181969404220581,3.4475462436676025,3.4760375022888184,3.52392840385437,3.6037094593048096,3.29817533493042,3.442878246307373,3.6000802516937256,3.493020534515381,3.840639352798462,3.847233772277832,4.126999378204346,3.9983739852905273,3.8913631439208984,4.163983345031738,4.154163360595703,4.400604248046875,4.520809650421143
A4,0.9119327068328857,0.6442908644676208,0.38728925585746765,0.0,0.3751685619354248,0.634479284286499,0.9303072094917297,1.203214406967163,1.4744807481765747,1.6975722312927246,1.626604437828064,1.9866840839385986,1.925115704536438,2.2522764205932617,2.1717872619628906,1.542598843574524,1.4341541528701782,1.065446376800537,0.9851694107055664,1.1313034296035767,1.0446995496749878,1.4178189039230347,1.5477802753448486,1.8063757419586182,1.9704060554504395,1.9105337858200073,2.2406094074249268,2.2397923469543457,2.558971881866455,2.5399904251098633,2.207035779953003,2.1472835540771484,1.7801399230957031,1.7302401065826416,1.8793575763702393,1.7002424001693726,2.0169756412506104,2.130430221557617,2.329608917236328,2.3122446537017822,2.2644762992858887,2.5567214488983154,2.584019899368286,2.887225866317749,2.9151244163513184,2.837207794189453,2.8354437351226807,2.473388671875,2.478912353515625,2.636227607727051,2.4310081005096436,2.7189536094665527,2.823945999145508,3.0030226707458496,2.8220841884613037,2.772815465927124,3.0085442066192627,3.0616397857666016,3.3186044692993164,3.384040355682373,3.6906213760375977,3.732067108154297,3.4025065898895264,3.5229644775390625,3.6471643447875977,3.508145809173584,3.837944984436035,3.8114919662475586,4.083925724029541,3.9209320545196533,3.801954507827759,4.050090789794922,4.03294563293457,4.252871036529541,4.373806476593018
A5,1.1955171823501587,0.8598504662513733,0.6170845031738281,0.3751685619354248,0.0,0.38458895683288574,0.6499211192131042,0.8645598888397217,1.1619384288787842,1.3824515342712402,1.3051366806030273,1.6667604446411133,1.6104984283447266,1.9550858736038208,1.8858155012130737,1.5118606090545654,1.330591082572937,0.9405738115310669,0.8084423542022705,0.8367512822151184,0.7138502597808838,1.0812214612960815,1.1798313856124878,1.456325650215149,1.6129517555236816,1.5445470809936523,1.8813817501068115,1.8864655494689941,2.218994617462158,2.210163116455078,2.0618722438812256,1.9502108097076416,1.561989426612854,1.4864152669906616,1.5771350860595703,1.37429678440094,1.6818530559539795,1.7686042785644531,1.9767166376113892,1.9477957487106323,1.890055537223816,2.184208393096924,2.215120315551758,2.526520252227783,2.5632526874542236,2.632176160812378,2.591632843017578,2.213942050933838,2.2048370838165283,2.326306104660034,2.1048710346221924,2.3858916759490967,2.4692516326904297,2.6526293754577637,2.461073160171509,2.401693105697632,2.634111166000366,2.687739849090576,2.947498083114624,3.020192861557007,3.444298028945923,3.4577300548553467,3.1154372692108154,3.2273166179656982,3.328413248062134,3.180593967437744,3.502964496612549,3.460484266281128,3.736161708831787,3.5660855770111084,3.4372072219848633,3.6823320388793945,3.6595656871795654,3.8794214725494385,3.9988725185394287
A6,1.5314122438430786,1.223363995552063,0.9405741095542908,0.634479284286499,0.38458895683288574,0.0,0.3932223320007324,0.610082745552063,0.9045185446739197,1.0743293762207031,1.0052361488342285,1.3733328580856323,1.3667738437652588,1.721907377243042,1.7133710384368896,1.8531689643859863,1.6626489162445068,1.2710398435592651,1.128224492073059,1.0445489883422852,0.8265314698219299,1.1072508096694946,1.1027610301971436,1.3458164930343628,1.4240518808364868,1.3461710214614868,1.6546138525009155,1.6872565746307373,2.0117902755737305,2.0519397258758545,2.3419830799102783,2.2054333686828613,1.8073341846466064,1.718984603881836,1.7288539409637451,1.4815137386322021,1.7374622821807861,1.7502992153167725,1.936741590499878,1.8342349529266357,1.7637606859207153,2.0157217979431152,2.0572891235351562,2.346524477005005,2.4199390411376953,2.855201482772827,2.785863161087036,2.398146152496338,2.3811402320861816,2.4446909427642822,2.1954171657562256,2.4479291439056396,2.4748926162719727,2.648169755935669,2.4075241088867188,2.328742027282715,2.5151166915893555,2.56746768951416,2.7941293716430664,2.886826992034912,3.606149673461914,3.593534231185913,3.242643356323242,3.3524997234344482,3.411315679550171,3.252943992614746,3.556283950805664,3.471734046936035,3.7523293495178223,3.554504156112671,3.394122838973999,3.6135196685791016,3.5599005222320557,3.754446268081665,3.8518965244293213
A7,1.810951828956604,1.4700212478637695,1.255979061126709,0.9303072094917297,0.6499211192131042,0.3932223320007324,0.0,0.38416895270347595,0.5505801439285278,0.8099290132522583,0.8700852394104004,1.2528877258300781,1.3445770740509033,1.7310876846313477,1.7833659648895264,2.0647830963134766,1.8112123012542725,1.4452390670776367,1.2119983434677124,1.053215742111206,0.7279145121574402,0.8861177563667297,0.8732910752296448,1.031365990638733,1.1220399141311646,1.130889654159546,1.4571150541305542,1.5769004821777344,1.9322820901870728,2.0306968688964844,2.4714748859405518,2.2743914127349854,1.879014492034912,1.716933012008667,1.6680846214294434,1.356655478477478,1.5400105714797974,1.5401428937911987,1.6647652387619019,1.5474355220794678,1.5365643501281738,1.7899457216262817,1.8991210460662842,2.209632158279419,2.3365976810455322,2.9296159744262695,2.8072707653045654,2.4096994400024414,2.334444046020508,2.3564887046813965,2.0617873668670654,2.2658064365386963,2.2789669036865234,2.408411741256714,2.145519971847534,2.104311227798462,2.2775566577911377,2.379995107650757,2.614879846572876,2.7557170391082764,3.6436808109283447,3.5884339809417725,3.2182343006134033,3.2872326374053955,3.319504499435425,3.1239943504333496,3.4020869731903076,3.2955501079559326,3.555389642715454,3.328314781188965,3.1729156970977783,3.3679039478302,3.3261020183563232,3.495929479598999,3.611462116241455
A8,2.0583245754241943,1.7069480419158936,1.4719220399856567,1.203214406967163,0.8645598888397217,0.610082745552063,0.38416895270347595,0.0,0.3894466459751129,0.532995879650116,0.5335624814033508,0.9089469909667969,1.0023729801177979,1.3966920375823975,1.4664623737335205,2.106832504272461,1.8382136821746826,1.4922999143600464,1.2933720350265503,1.0296306610107422,0.7438042163848877,0.7981044054031372,0.6247756481170654,0.82083660364151,0.8223776817321777,0.7608543634414673,1.0826612710952759,1.194081425666809,1.5546700954437256,1.6644046306610107,2.398374557495117,2.1781845092773438,1.7888656854629517,1.6422916650772095,1.5141236782073975,1.2116142511367798,1.363178014755249,1.2804826498031616,1.4352449178695679,1.2666138410568237,1.1977120637893677,1.4310650825500488,1.5206677913665771,1.8259214162826538,1.9566843509674072,2.776149034500122,2.629122734069824,2.233358860015869,2.1685192584991455,2.1392948627471924,1.8474688529968262,2.0438153743743896,2.0062601566314697,2.1585073471069336,1.8753005266189575,1.788696050643921,1.94150710105896,2.0184996128082275,2.241032838821411,2.3767313957214355,3.4180896282196045,3.3425638675689697,2.9722137451171875,3.0478198528289795,3.048460006713867,2.860617160797119,3.130002975463867,3.000166177749634,3.2742130756378174,3.046581506729126,2.8646671772003174,3.058643102645874,2.992147445678711,3.1672909259796143,3.2640914916992188
A9,2.3354392051696777,1.9763482809066772,1.7788313627243042,1.4744807481765747,1.1619384288787842,0.9045185446739197,0.5505801439285278,0.3894466459751129,0.0,0.39004433155059814,0.64878910779953,0.9657489061355591,1.1855027675628662,1.571940302848816,1.7095838785171509,2.420698642730713,2.1210484504699707,1.7956064939498901,1.5395348072052002,1.269126057624817,0.931695282459259,0.8440156579017639,0.6766504049301147,0.667126476764679,0.6433159112930298,0.7510412335395813,1.047332763671875,1.27955961227417,1.6438325643539429,1.8237875699996948,2.6777987480163574,2.419515371322632,2.043525457382202,1.839150309562683,1.6743181943893433,1.325437307357788,1.3761498928070068,1.2772120237350464,1.326888084411621,1.1236648559570312,1.150308609008789,1.356306791305542,1.5378503799438477,1.84640634059906,2.044013500213623,3.017446756362915,2.8300352096557617,2.4348716735839844,2.315608024597168,2.248363494873047,1.9160046577453613,2.0458264350891113,1.9891629219055176,2.077361822128296,1.7632976770401,1.7291219234466553,1.8476996421813965,1.9888198375701904,2.205679416656494,2.400621175765991,3.623715877532959,3.5107955932617188,3.127753496170044,3.160987615585327,3.1336472034454346,2.9077816009521484,3.14310884475708,2.9864304065704346,3.2319982051849365,2.9678285121917725,2.790705442428589,2.946524143218994,2.889866352081299,3.0251736640930176,3.1386497020721436
A10,2.577348232269287,2.2326126098632812,1.9863663911819458,1.6975722312927246,1.3824515342712402,1.0743293762207031,0.8099290132522583,0.532995879650116,0.39004433155059814,0.0,0.375188946723938,0.612511157989502,0.902306079864502,1.263152003288269,1.4596138000488281,2.6092801094055176,2.3315889835357666,2.002800941467285,1.801377296447754,1.5006103515625,1.2136025428771973,1.1251908540725708,0.8445799946784973,0.854860246181488,0.6332663297653198,0.6085883975028992,0.7905328273773193,1.0228946208953857,1.3477391004562378,1.5685943365097046,2.822382926940918,2.5744779109954834,2.203631639480591,2.0441031455993652,1.8364289999008179,1.5235214233398438,1.5582373142242432,1.3672460317611694,1.4421091079711914,1.1528205871582031,1.0868268013000488,1.1967501640319824,1.3378701210021973,1.5916342735290527,1.8071730136871338,3.1108992099761963,2.922656297683716,2.5369925498962402,2.4520387649536133,2.3423633575439453,2.0307271480560303,2.15389084815979,2.0295958518981934,2.1422476768493652,1.797523856163025,1.6945794820785522,1.7477339506149292,1.8384714126586914,1.9982494115829468,2.1849308013916016,3.646167278289795,3.526218891143799,3.1537041664123535,3.209404230117798,3.1458740234375,2.9408206939697266,3.1633455753326416,2.97220516204834,3.236375093460083,2.96903920173645,2.747908353805542,2.8881208896636963,2.779918670654297,2.9040346145629883,2.971565008163452
A11,2.481699228286743,2.1529414653778076,1.8687535524368286,1.626604437828064,1.3051366806030273,1.0052361488342285,0.8700852394104004,0.5335624814033508,0.64878910779953,0.375188946723938,0.0,0.3834909200668335,0.558090090751648,0.9374315142631531,1.1031557321548462,2.4401373863220215,2.1973965167999268,1.8658007383346558,1.7344890832901,1.4295140504837036,1.2139663696289062,1.197264552116394,0.8817720413208008,1.0281600952148438,0.8074970841407776,0.5850279331207275,0.7344805598258972,0.814693033695221,1.1201896667480469,1.2889962196350098,2.6429519653320312,2.4286975860595703,2.058534622192383,1.963293433189392,1.7621126174926758,1.505411982536316,1.6006735563278198,1.3903064727783203,1.5554938316345215,1.277442216873169,1.1000261306762695,1.2010321617126465,1.2283778190612793,1.4548749923706055,1.6085751056671143,2.9277114868164062,2.7699010372161865,2.392223358154297,2.364360809326172,2.2649426460266113,1.9971051216125488,2.168152332305908,2.0350072383880615,2.209604501724243,1.8849599361419678,1.7144149541854858,1.7773215770721436,1.7879798412322998,1.9321876764297485,2.0560948848724365,3.4529004096984863,3.3595831394195557,3.0034451484680176,3.102456569671631,3.0468268394470215,2.8828012943267822,3.1278791427612305,2.9477314949035645,3.242413282394409,3.0073513984680176,2.768068313598633,2.937316417694092,2.804180860519409,2.9622442722320557,2.99967360496521
A12,2.824579954147339,2.502424478530884,2.207364320755005,1.9866840839385986,1.6667604446411133,1.3733328580856323,1.2528877258300781,0.9089469909667969,0.9657489061355591,0.612511157989502,0.3834909200668335,0.0,0.3915802240371704,0.6753103137016296,0.9385011792182922,2.6970698833465576,2.4627695083618164,2.1536967754364014,2.051603078842163,1.7229264974594116,1.5442355871200562,1.4830023050308228,1.124298334121704,1.2303504943847656,0.9173870086669922,0.635587751865387,0.5592097043991089,0.5936070084571838,0.8127045631408691,1.0461925268173218,2.820101022720337,2.603590488433838,2.2577311992645264,2.1867151260375977,1.9400485754013062,1.7183867692947388,1.7689038515090942,1.4898070096969604,1.6505963802337646,1.323350429534912,1.0837920904159546,1.063907504081726,1.0339295864105225,1.1767535209655762,1.3524373769760132,3.0252652168273926,2.854090452194214,2.497474431991577,2.4868128299713135,2.337529182434082,2.0918052196502686,2.235433340072632,2.0394480228424072,2.2228078842163086,1.8831819295883179,1.6591835021972656,1.6507130861282349,1.608265995979309,1.6852468252182007,1.7996448278427124,3.452824831008911,3.341024398803711,2.998562812805176,3.106210947036743,3.0083367824554443,2.8609185218811035,3.0816123485565186,2.867281913757324,3.1706981658935547,2.934175491333008,2.6581900119781494,2.806757926940918,2.6275343894958496,2.77254319190979,2.766219139099121
A13,2.69887113571167,2.3951566219329834,2.085212469100952,1.925115704536438,1.6104984283447266,1.3667738437652588,1.3445770740509033,1.0023729801177979,1.1855027675628662,0.902306079864502,0.558090090751648,0.3915802240371704,0.0,0.39563557505607605,0.564214825630188,2.4756267070770264,2.27827787399292,1.9840314388275146,1.9516440629959106,1.6339936256408691,1.5351299047470093,1.5340030193328857,1.1868577003479004,1.3919706344604492,1.1375854015350342,0.7798569798469543,0.7378008961677551,0.5341392755508423,0.7000024914741516,0.7979452610015869,2.5764541625976562,2.397153615951538,2.0634727478027344,2.057644844055176,1.8299885988235474,1.6747970581054688,1.784311056137085,1.5172837972640991,1.7561801671981812,1.477168321609497,1.1718590259552002,1.1830768585205078,1.0314912796020508,1.152799367904663,1.2157336473464966,2.7760820388793945,2.640364170074463,2.298330783843994,2.345590829849243,2.2187564373016357,2.025408983230591,2.2190539836883545,2.036717414855957,2.2774484157562256,1.9781301021575928,1.7101786136627197,1.7390244007110596,1.6233857870101929,1.7055323123931885,1.736578106880188,3.200425863265991,3.1216588020324707,2.7989234924316406,2.9500579833984375,2.8725545406341553,2.7693920135498047,3.0175704956054688,2.8304851055145264,3.1596827507019043,2.964872121810913,2.6878747940063477,2.8747453689575195,2.6903998851776123,2.878934860229492,2.858506441116333
A14,2.9871621131896973,2.704771041870117,2.3813819885253906,2.2522764205932617,1.9550858736038208,1.721907377243042,1.7310876846313477,1.3966920375823975,1.571940302848816,1.263152003288269,0.9374315142631531,0.6753103137016296,0.39563557505607605,0.0,0.3664209246635437,2.6986827850341797,2.533626079559326,2.2625207901000977,2.2756025791168213,1.9625860452651978,1.902735710144043,1.90056312084198,1.547946572303772,1.7449687719345093,1.4659212827682495,1.1022332906723022,0.9503462910652161,0.653174102306366,0.5684001445770264,0.6129988431930542,2.742093324661255,2.588247060775757,2.2859127521514893,2.325636625289917,2.0868215560913086,1.9808681011199951,2.0801186561584473,1.78592848777771,2.0337820053100586,1.747088074684143,1.4059882164001465,1.3356506824493408,1.094388484954834,1.0811781883239746,1.081621766090393,2.8770532608032227,2.7553937435150146,2.447270631790161,2.535356044769287,2.3856143951416016,2.237738609313965,2.4249796867370605,2.20589017868042,2.4670608043670654,2.179344892501831,1.8661566972732544,1.846453070640564,1.6537762880325317,1.6578408479690552,1.6242516040802002,3.207517385482788,3.13400936126709,2.842268228530884,3.0224709510803223,2.919260025024414,2.8560848236083984,3.0905942916870117,2.888823986053467,3.2315330505371094,3.05705189704895,2.7519898414611816,2.9312729835510254,2.703681230545044,2.8928442001342773,2.8204596042633057
A15,2.82637357711792,2.561204433441162,2.2430806159973145,2.1717872619628906,1.8858155012130737,1.7133710384368896,1.7833659648895264,1.4664623737335205,1.7095838785171509,1.4596138000488281,1.1031557321548462,0.9385011792182922,0.564214825630188,0.3664209246635437,0.0,2.4450700283050537,2.3135385513305664,2.067784070968628,2.1378653049468994,1.8473851680755615,1.8559579849243164,1.8983433246612549,1.5778595209121704,1.8360509872436523,1.6167513132095337,1.23619544506073,1.1573691368103027,0.7999706864356995,0.7417691946029663,0.5792771577835083,2.4659011363983154,2.3481314182281494,2.0645089149475098,2.1588454246520996,1.9498392343521118,1.9029639959335327,2.0503129959106445,1.789116621017456,2.0879979133605957,1.8555107116699219,1.4967970848083496,1.484588623046875,1.198522686958313,1.2128790616989136,1.1036626100540161,2.6021454334259033,2.516998529434204,2.225379467010498,2.3615500926971436,2.2449951171875,2.144278049468994,2.3742012977600098,2.1875600814819336,2.4874372482299805,2.2427806854248047,1.9190176725387573,1.952164888381958,1.7300649881362915,1.7701935768127441,1.6744060516357422,2.9472410678863525,2.9095711708068848,2.635610580444336,2.850867509841919,2.779738664627075,2.7525181770324707,3.015151023864746,2.851513385772705,3.208883285522461,3.073040246963501,2.78446888923645,3.0012874603271484,2.791459321975708,3.0202624797821045,2.9580585956573486
B1,1.2569011449813843,1.1321642398834229,1.2362759113311768,1.542598843574524,1.5118606090545654,1.8531689643859863,2.0647830963134766,2.106832504272461,2.420698642730713,2.6092801094055176,2.4401373863220215,2.6970698833465576,2.4756267070770264,2.6986827850341797,2.4450700283050537,0.0,0.4008322060108185,0.6299624443054199,0.9727014899253845,1.2155864238739014,1.5503162145614624,1.837437629699707,2.0080175399780273,2.337924003601074,2.5633718967437744,2.4340574741363525,2.7371625900268555,2.596017599105835,2.857276201248169,2.664071798324585,0.8329840302467346,1.001222014427185,0.8786417841911316,1.1095508337020874,1.4487528800964355,1.6148862838745117,1.9816949367523193,2.185781478881836,2.4855809211730957,2.6337499618530273,2.5260071754455566,2.850888252258301,2.7685747146606445,3.0635085105895996,2.932371139526367,1.5734831094741821,1.7319329977035522,1.5139542818069458,1.6655566692352295,1.9842621088027954,2.007404327392578,2.3691515922546387,2.583143711090088,2.843581199645996,2.8480851650238037,2.7737693786621094,3.0992798805236816,3.0725202560424805,3.378960132598877,3.323540210723877,2.5209527015686035,2.6757965087890625,2.439523935317993,2.61401629447937,2.8665101528167725,2.843181610107422,3.2180709838867188,3.3350603580474854,3.6067802906036377,3.5911407470703125,3.5477194786071777,3.8816676139831543,3.923513174057007,4.2413129806518555,4.38372802734375
B2,1.3397259712219238,1.103956937789917,1.2084729671478271,1.4341541528701782,1.330591082572937,1.6626489162445068,1.8112123012542725,1.8382136821746826,2.1210484504699707,2.3315889835357666,2.1973965167999268,2.4627695083618164,2.27827787399292,2.533626079559326,2.3135385513305664,0.4008322060108185,0.0,0.39685574173927307,0.650651752948761,0.8697907328605652,1.2189011573791504,1.472640037536621,1.668576717376709,1.979042410850525,2.2288405895233154,2.133190393447876,2.452040433883667,2.349271059036255,2.6401610374450684,2.4800970554351807,0.8235127925872803,0.8132980465888977,0.594651460647583,0.7340613007545471,1.0886669158935547,1.2338569164276123,1.5957286357879639,1.8228437900543213,2.1054344177246094,2.2724626064300537,2.194988489151001,2.535641670227051,2.489734411239624,2.8102123737335205,2.711820125579834,1.5109094381332397,1.5761611461639404,1.2980937957763672,1.3764697313308716,1.6830177307128906,1.6607155799865723,2.0130159854888916,2.23781681060791,2.4785265922546387,2.4806020259857178,2.4324898719787598,2.7670788764953613,2.774012327194214,3.098581075668335,3.076718330383301,2.451843023300171,2.548647403717041,2.268566846847534,2.4010186195373535,2.6340060234069824,2.567563056945801,2.935093402862549,3.037520170211792,3.298832654953003,3.259732484817505,3.2230076789855957,3.548239231109619,3.604085683822632,3.9113378524780273,4.071806907653809
B3,1.1599347591400146,0.8616533279418945,0.8774418830871582,1.065446376800537,0.9405738115310669,1.2710398435592651,1.4452390670776367,1.4922999143600464,1.7956064939498901,2.002800941467285,1.8658007383346558,2.1536967754364014,1.9840314388275146,2.2625207901000977,2.067784070968628,0.6299624443054199,0.39685574173927307,0.0,0.39671453833580017,0.6247761249542236,0.9302149415016174,1.2476212978363037,1.4212921857833862,1.750455617904663,1.9781653881072998,1.8736101388931274,2.202850580215454,2.114121913909912,2.419138193130493,2.2892508506774902,1.1498483419418335,1.0970685482025146,0.7649189829826355,0.82974773645401,1.1017543077468872,1.1378828287124634,1.520877718925476,1.7076579332351685,1.9912450313568115,2.102348804473877,2.015885353088379,2.351469039916992,2.3156819343566895,2.637441635131836,2.5687954425811768,1.7935822010040283,1.8217642307281494,1.493752121925354,1.5525379180908203,1.7953333854675293,1.7041356563568115,2.0521860122680664,2.230579376220703,2.4681265354156494,2.407740592956543,2.344726085662842,2.6557364463806152,2.6675777435302734,2.9762983322143555,2.9752187728881836,2.6917614936828613,2.7629969120025635,2.458608627319336,2.594290256500244,2.782118558883667,2.6926474571228027,3.0529732704162598,3.107004165649414,3.3819096088409424,3.3024017810821533,3.230587959289551,3.5375664234161377,3.5644538402557373,3.85172700881958,3.9965198040008545
B4,1.2456324100494385,0.8776113986968994,0.9285481572151184,0.9851694107055664,0.8084423542022705,1.128224492073059,1.2119983434677124,1.2933720350265503,1.5395348072052002,1.801377296447754,1.7344890832901,2.051603078842163,1.9516440629959106,2.2756025791168213,2.1378653049468994,0.9727014899253845,0.650651752948761,0.39671453833580017,0.0,0.3917793929576874,0.6248466372489929,0.936821699142456,1.1839022636413574,1.4674880504608154,1.7415711879730225,1.7065619230270386,2.065171003341675,2.0478923320770264,2.391977071762085,2.319295644760132,1.401796579360962,1.2474247217178345,0.8961438536643982,0.7716130614280701,1.0055675506591797,0.92586749792099,1.2848628759384155,1.5093046426773071,1.7402230501174927,1.8662843704223633,1.8433812856674194,2.1984944343566895,2.2277719974517822,2.5791337490081787,2.5652272701263428,1.9855461120605469,1.9407856464385986,1.5832526683807373,1.5433859825134277,1.7540205717086792,1.586740493774414,1.89658784866333,2.086016893386841,2.2759087085723877,2.1983096599578857,2.1856281757354736,2.4990241527557373,2.5673880577087402,2.8921384811401367,2.9423840045928955,2.859022378921509,2.8801746368408203,2.5440733432769775,2.6263716220855713,2.7915701866149902,2.6489715576171875,2.989656925201416,3.024320363998413,3.2766969203948975,3.1613242626190186,3.1012439727783203,3.387566566467285,3.4334347248077393,3.69705867767334,3.8659000396728516
B5,1.5835071802139282,1.2066837549209595,1.1581677198410034,1.1313034296035767,0.8367512822151184,1.0445489883422852,1.053215742111206,1.0296306610107422,1.269126057624817,1.5006103515625,1.4295140504837036,1.7229264974594116,1.6339936256408691,1.9625860452651978,1.8473851680755615,1.2155864238739014,0.8697907328605652,0.6247761249542236,0.3917793929576874,0.0,0.3790375888347626,0.6288285851478577,0.8199486136436462,1.1303240060806274,1.383545160293579,1.3344676494598389,1.689090371131897,1.6786783933639526,2.0306243896484375,1.976117730140686,1.4632363319396973,1.2362457513809204,0.8509921431541443,0.6788622140884399,0.7523597478866577,0.6026286482810974,0.9694287776947021,1.14248788356781,1.397610068321228,1.4972658157348633,1.453966736793518,1.8076558113098145,1.839832067489624,2.1964852809906006,2.1979331970214844,1.932010531425476,1.8270968198776245,1.439496636390686,1.379425287246704,1.513979434967041,1.306585431098938,1.6111570596694946,1.7544409036636353,1.956412672996521,1.848623275756836,1.8129180669784546,2.116708993911743,2.182710886001587,2.504951000213623,2.566318988800049,2.725799083709717,2.7055232524871826,2.348545551300049,2.424710988998413,2.5450825691223145,2.3880550861358643,2.7186853885650635,2.7177820205688477,2.981908082962036,2.847604751586914,2.7616207599639893,3.040543556213379,3.0680391788482666,3.3272407054901123,3.4864401817321777
B6,1.6710267066955566,1.279840350151062,1.1969083547592163,1.0446995496749878,0.7138502597808838,0.8265314698219299,0.7279145121574402,0.7438042163848877,0.931695282459259,1.2136025428771973,1.2139663696289062,1.5442355871200562,1.5351299047470093,1.902735710144043,1.8559579849243164,1.5503162145614624,1.2189011573791504,0.9302149415016174,0.6248466372489929,0.3790375888347626,0.0,0.394210547208786,0.6168901324272156,0.8808925151824951,1.1456284523010254,1.1592302322387695,1.5357664823532104,1.6009840965270996,1.9786039590835571,1.992569088935852,1.8417452573776245,1.6013762950897217,1.2215962409973145,1.0043599605560303,0.9955633878707886,0.7066618800163269,0.9791195392608643,1.1133478879928589,1.2997714281082153,1.3455591201782227,1.3518073558807373,1.6984540224075317,1.790514349937439,2.154715061187744,2.2181777954101562,2.2868502140045166,2.1516454219818115,1.7569059133529663,1.65321946144104,1.729763150215149,1.4566885232925415,1.7035489082336426,1.8083555698394775,1.9628711938858032,1.7955305576324463,1.7862612009048462,2.0572638511657715,2.165686845779419,2.475050926208496,2.5850002765655518,3.0417287349700928,2.9908440113067627,2.619129180908203,2.6693882942199707,2.7515203952789307,2.558870792388916,2.8626742362976074,2.8204424381256104,3.0722410678863525,2.8926734924316406,2.791954278945923,3.037198066711426,3.0552022457122803,3.278895139694214,3.439523220062256
B7,2.051172971725464,1.657932162284851,1.5903440713882446,1.4178189039230347,1.0812214612960815,1.1072508096694946,0.8861177563667297,0.7981044054031372,0.8440156579017639,1.1251908540725708,1.197264552116394,1.4830023050308228,1.5340030193328857,1.90056312084198,1.8983433246612549,1.837437629699707,1.472640037536621,1.2476212978363037,0.936821699142456,0.6288285851478577,0.394210547208786,0.0,0.3841012120246887,0.5403976440429688,0.871572732925415,0.9745404124259949,1.3471523523330688,1.4790475368499756,1.8689477443695068,1.9261325597763062,1.9885151386260986,1.6850935220718384,1.3397456407546997,1.0559015274047852,0.9221842885017395,0.546914279460907,0.6750116944313049,0.7971900105476379,0.9225074648857117,0.9893519878387451,1.0660407543182373,1.4248987436294556,1.579848051071167,1.9627074003219604,2.068125009536743,2.325566053390503,2.1252248287200928,1.7323890924453735,1.5618181228637695,1.565873146057129,1.237349271774292,1.4203203916549683,1.5047143697738647,1.6176646947860718,1.4333117008209229,1.4649310111999512,1.7358438968658447,1.8940869569778442,2.2183313369750977,2.3696653842926025,3.000628709793091,2.8982656002044678,2.509951114654541,2.51477313041687,2.559323787689209,2.328054428100586,2.602545738220215,2.535308361053467,2.7684664726257324,2.562066078186035,2.465803623199463,2.6926372051239014,2.7250635623931885,2.9332010746002197,3.1134300231933594
B8,2.260707378387451,1.8757339715957642,1.7345812320709229,1.5477802753448486,1.1798313856124878,1.1027610301971436,0.8732910752296448,0.6247756481170654,0.6766504049301147,0.8445799946784973,0.8817720413208008,1.124298334121704,1.1868577003479004,1.547946572303772,1.5778595209121704,2.0080175399780273,1.668576717376709,1.4212921857833862,1.1839022636413574,0.8199486136436462,0.6168901324272156,0.3841012120246887,0.0,0.3829123377799988,0.5639887452125549,0.5934066772460938,0.9670984745025635,1.1021006107330322,1.4945883750915527,1.5785406827926636,2.106861114501953,1.8092880249023438,1.4603230953216553,1.2414737939834595,1.0170739889144897,0.6817368865013123,0.7509768605232239,0.6691616177558899,0.8461248874664307,0.7719320058822632,0.754229724407196,1.0913069248199463,1.2301017045974731,1.6041030883789062,1.727317214012146,2.3779819011688232,2.1666793823242188,1.7744561433792114,1.6436136960983276,1.574544906616211,1.251322865486145,1.4232652187347412,1.4066299200057983,1.5538520812988281,1.3055565357208252,1.256248950958252,1.4812663793563843,1.604837417602539,1.9007136821746826,2.0526065826416016,2.971710681915283,2.853806257247925,2.4671287536621094,2.4956259727478027,2.4916906356811523,2.2746241092681885,2.5374815464019775,2.4234323501586914,2.6828291416168213,2.4628806114196777,2.3132567405700684,2.528702974319458,2.510289430618286,2.7130987644195557,2.8565714359283447
B9,2.537407636642456,2.147667407989502,2.031621217727661,1.8063757419586182,1.456325650215149,1.3458164930343628,1.031365990638733,0.82083660364151,0.667126476764679,0.854860246181488,1.0281600952148438,1.2303504943847656,1.3919706344604492,1.7449687719345093,1.8360509872436523,2.337924003601074,1.979042410850525,1.750455617904663,1.4674880504608154,1.1303240060806274,0.8808925151824951,0.5403976440429688,0.3829123377799988,0.0,0.39218002557754517,0.6599746942520142,0.9811721444129944,1.232516884803772,1.6165997982025146,1.767322063446045,2.4098384380340576,2.0822248458862305,1.7596244812011719,1.4898961782455444,1.241287350654602,0.8814123272895813,0.7833132147789001,0.6821205615997314,0.6661255955696106,0.5559850335121155,0.7172062397003174,1.0230385065078735,1.2743333578109741,1.6465119123458862,1.8379426002502441,2.6369359493255615,2.3861587047576904,2.0064048767089844,1.8157213926315308,1.7019373178482056,1.3378024101257324,1.4104094505310059,1.3707680702209473,1.4270424842834473,1.1390293836593628,1.173047661781311,1.3630512952804565,1.5725104808807373,1.8661071062088013,2.0836315155029297,3.1819114685058594,3.023833751678467,2.6287333965301514,2.606295108795166,2.5700626373291016,2.308992862701416,2.5279808044433594,2.384491443634033,2.607177734375,2.3446075916290283,2.2052674293518066,2.3782224655151367,2.3782591819763184,2.539419651031494,2.7085893154144287
B10,2.7608821392059326,2.381169080734253,2.2091786861419678,1.9704060554504395,1.6129517555236816,1.4240518808364868,1.1220399141311646,0.8223776817321777,0.6433159112930298,0.6332663297653198,0.8074970841407776,0.9173870086669922,1.1375854015350342,1.4659212827682495,1.6167513132095337,2.5633718967437744,2.2288405895233154,1.9781653881072998,1.7415711879730225,1.383545160293579,1.1456284523010254,0.871572732925415,0.5639887452125549,0.39218002557754517,0.0,0.3819156885147095,0.6285288333892822,0.9443220496177673,1.309747338294983,1.5187021493911743,2.6159512996673584,2.3029725551605225,1.978118658065796,1.7600685358047485,1.4750380516052246,1.1581529378890991,1.060364842414856,0.8212526440620422,0.8283830881118774,0.5214202404022217,0.5571805834770203,0.7538398504257202,1.0155236721038818,1.3531482219696045,1.588951587677002,2.799248695373535,2.5480759143829346,2.176450490951538,2.025698661804199,1.861671805381775,1.521217942237854,1.5784952640533447,1.441448450088501,1.5181251764297485,1.1704363822937012,1.113937497138977,1.2077443599700928,1.380752444267273,1.6175010204315186,1.849080204963684,3.2700631618499756,3.1011035442352295,2.714975118637085,2.7150702476501465,2.632328987121582,2.3896124362945557,2.5882904529571533,2.3954689502716064,2.6371283531188965,2.3596858978271484,2.1632485389709473,2.3090429306030273,2.246816873550415,2.3867132663726807,2.5087552070617676
B11,2.695909023284912,2.3304967880249023,2.1156768798828125,1.9105337858200073,1.5445470809936523,1.3461710214614868,1.130889654159546,0.7608543634414673,0.7510412335395813,0.6085883975028992,0.5850279331207275,0.635587751865387,0.7798569798469543,1.1022332906723022,1.23619544506073,2.4340574741363525,2.133190393447876,1.8736101388931274,1.7065619230270386,1.3344676494598389,1.1592302322387695,0.9745404124259949,0.5934066772460938,0.6599746942520142,0.3819156885147095,0.0,0.3806248605251312,0.5939857363700867,0.9789943695068359,1.1613123416900635,2.4726600646972656,2.191793203353882,1.862036943435669,1.71524977684021,1.425752878189087,1.1703085899353027,1.154870867729187,0.8700629472732544,1.0197633504867554,0.7222855091094971,0.5167573690414429,0.6754788160324097,0.7900517582893372,1.114663004875183,1.3046730756759644,2.64579439163208,2.4229018688201904,2.0551512241363525,1.971616268157959,1.8087910413742065,1.5180180072784424,1.6361873149871826,1.4712560176849365,1.633091926574707,1.3038688898086548,1.1339795589447021,1.2192105054855347,1.2775073051452637,1.4867538213729858,1.654524326324463,3.0974862575531006,2.9526963233947754,2.5811450481414795,2.6332125663757324,2.550044298171997,2.3550493717193604,2.5782363414764404,2.3873775005340576,2.669645309448242,2.4259374141693115,2.1956939697265625,2.3697509765625,2.263375997543335,2.4365882873535156,2.5119423866271973
B12,3.0351104736328125,2.6790831089019775,2.442214250564575,2.2406094074249268,1.8813817501068115,1.6546138525009155,1.4571150541305542,1.0826612710952759,1.047332763671875,0.7905328273773193,0.7344805598258972,0.5592097043991089,0.7378008961677551,0.9503462910652161,1.1573691368103027,2.7371625900268555,2.452040433883667,2.202850580215454,2.065171003341675,1.689090371131897,1.5357664823532104,1.3471523523330688,0.9670984745025635,0.9811721444129944,0.6285288333892822,0.3806248605251312,0.0,0.3976837992668152,0.7022354006767273,0.974606990814209,2.7200064659118652,2.444488763809204,2.1388115882873535,2.0214362144470215,1.7027090787887573,1.4894986152648926,1.433341383934021,1.0909773111343384,1.210843801498413,0.8587424159049988,0.5908169746398926,0.5058196187019348,0.5698480010032654,0.8102885484695435,1.0628093481063843,2.820199728012085,2.58712100982666,2.2453224658966064,2.181715488433838,1.9681990146636963,1.7071408033370972,1.7856091260910034,1.5447553396224976,1.705414891242981,1.3563745021820068,1.1226099729537964,1.0939604043960571,1.0921759605407715,1.2176778316497803,1.3967740535736084,3.1684203147888184,3.0029220581054688,2.6476943492889404,2.706491231918335,2.5734336376190186,2.3948163986206055,2.5842978954315186,2.3489739894866943,2.6375627517700195,2.3862078189849854,2.110262632369995,2.252377510070801,2.088542938232422,2.2399635314941406,2.2658610343933105
B13,2.9853577613830566,2.64884352684021,2.3907361030578613,2.2397923469543457,1.8864655494689941,1.6872565746307373,1.5769004821777344,1.194081425666809,1.27955961227417,1.0228946208953857,0.814693033695221,0.5936070084571838,0.5341392755508423,0.653174102306366,0.7999706864356995,2.596017599105835,2.349271059036255,2.114121913909912,2.0478923320770264,1.6786783933639526,1.6009840965270996,1.4790475368499756,1.1021006107330322,1.232516884803772,0.9443220496177673,0.5939857363700867,0.3976837992668152,0.0,0.39436590671539307,0.5903417468070984,2.543897867202759,2.3054709434509277,2.0146336555480957,1.970056176185608,1.6616859436035156,1.5245758295059204,1.5339480638504028,1.1962436437606812,1.412887692451477,1.1204354763031006,0.7653052806854248,0.6965230107307434,0.49791696667671204,0.6694926619529724,0.7963672280311584,2.6200618743896484,2.4198403358459473,2.0959508419036865,2.100886106491089,1.8985826969146729,1.702023983001709,1.835902452468872,1.5950108766555786,1.8292912244796753,1.5287363529205322,1.2253180742263794,1.2212083339691162,1.090281367301941,1.1889526844024658,1.2546790838241577,2.9396543502807617,2.8033101558685303,2.4706358909606934,2.5824220180511475,2.4582903385162354,2.33528733253479,2.55108904838562,2.3352386951446533,2.658595085144043,2.455134153366089,2.165116548538208,2.344832181930542,2.156604766845703,2.352430582046509,2.3419077396392822
