,A1,A2,A3,A4,A5,A6,A7,A8,A9,A10,A11,A12,A13,A14,A15,B1,B2,B3,B4,B5,B6,B7,B8,B9,B10,B11,B12,B13,B14,B15,C1,C2,C3,C4,C5,C6,C7,C8,C9,C10,C11,C12,C13,C14,C15,D1,D2,D3,D4,D5,D6,D7,D8,D9,D10,D11,D12,D13,D14,D15,E1,E2,E3,E4,E5,E6,E7,E8,E9,E10,E11,E12,E13,E14,E15
A1,0.0,0.39191341400146484,0.6294083595275879,0.9367372393608093,1.239848256111145,1.589259147644043,1.870391607284546,2.1104581356048584,2.3996927738189697,2.6447408199310303,2.599820375442505,2.9575552940368652,2.902348756790161,3.212003231048584,3.0496764183044434,1.594589114189148,1.5150331258773804,1.3475691080093384,1.358114242553711,1.6602222919464111,1.7012014389038086,2.061537981033325,2.2616496086120605,2.5576159954071045,2.8182075023651123,2.75205397605896,3.0970115661621094,3.0919229984283447,3.3927457332611084,3.283583879470825,2.2828755378723145,2.300546646118164,2.0675766468048096,2.067840337753296,2.291879415512085,2.249941825866699,2.5792500972747803,2.703551769256592,2.95930814743042,3.14184308052063,3.0442562103271484,3.3643746376037598,3.3560791015625,3.653916597366333,3.575542688369751,2.978557586669922,3.0795788764953613,2.83254075050354,2.8642237186431885,3.0646204948425293,2.9392406940460205,3.2222063541412354,3.3186347484588623,3.5870206356048584,3.552398443222046,3.434830665588379,3.7460856437683105,3.69802188873291,4.010845184326172,3.926729440689087,3.61545467376709,3.669893980026245,3.3675994873046875,3.559042453765869,3.4905943870544434,3.5098955631256104,3.796513557434082,3.6351380348205566,3.9985616207122803,3.9208626747131348,3.631640672683716,3.8785927295684814,3.664496421813965,3.777287244796753,3.855360269546509
A2,0.39191341400146484,0.0,0.3874378204345703,0.6387853026390076,0.9040899276733398,1.269614338874817,1.5185966491699219,1.7553678750991821,2.0336415767669678,2.29429030418396,2.265465259552002,2.6241564750671387,2.5906546115875244,2.9141080379486084,2.773380756378174,1.4803452491760254,1.326611042022705,1.0910090208053589,1.0343883037567139,1.3050756454467773,1.3148268461227417,1.6721898317337036,1.8745371103286743,2.1664366722106934,2.4324686527252197,2.3796141147613525,2.7318882942199707,2.7472097873687744,3.0627593994140625,2.9749319553375244,2.133755683898926,2.105726957321167,1.8235790729522705,1.7885210514068604,1.9736846685409546,1.8978586196899414,2.213810682296753,2.3282504081726074,2.574899196624756,2.7544775009155273,2.665038585662842,2.9884228706359863,2.9960720539093018,3.305816888809204,3.2474281787872314,2.8124516010284424,2.8810880184173584,2.598172903060913,2.6066105365753174,2.7735610008239746,2.618114709854126,2.88301944732666,2.9667673110961914,3.2244632244110107,3.1773457527160645,3.064784288406372,3.3738529682159424,3.335880994796753,3.6552727222442627,3.5890259742736816,3.4875190258026123,3.5438246726989746,3.2632532119750977,3.481276273727417,3.399946689605713,3.4558608531951904,3.7371177673339844,3.5771102905273438,3.945333480834961,3.9044349193573,3.6215529441833496,3.884488105773926,3.67429518699646,3.8259735107421875,3.906351327896118
A3,0.6294083595275879,0.3874378204345703,0.0,0.3920421004295349,0.633477509021759,0.983109176158905,1.2915741205215454,1.5064985752105713,1.8199859857559204,2.037123441696167,1.976262092590332,2.334505796432495,2.2842483520507812,2.6029350757598877,2.4634737968444824,1.551989197731018,1.4328430891036987,1.1260682344436646,1.1106162071228027,1.2913405895233154,1.2695575952529907,1.6278709173202515,1.7582226991653442,2.057297706604004,2.2742817401885986,2.1792752742767334,2.5108766555786133,2.500595808029175,2.8026070594787598,2.713794469833374,2.228811740875244,2.2229044437408447,1.9137214422225952,1.907159686088562,2.034128427505493,1.9449101686477661,2.2399814128875732,2.2907400131225586,2.533402442932129,2.6609652042388916,2.5345516204833984,2.8286144733428955,2.8064043521881104,3.0972728729248047,3.035242795944214,2.906710624694824,2.9909634590148926,2.6950602531433105,2.726475954055786,2.855870246887207,2.6877646446228027,2.9361438751220703,2.9694111347198486,3.2269175052642822,3.1361021995544434,2.9914612770080566,3.2715253829956055,3.200483560562134,3.4977047443389893,3.4253957271575928,3.567854642868042,3.662059783935547,3.411104679107666,3.660640239715576,3.6060633659362793,3.6916048526763916,3.9887869358062744,3.853008508682251,4.227652072906494,4.200384140014648,3.933168649673462,4.211113929748535,4.016339302062988,4.175572395324707,4.269586563110352
A4,0.9367372393608093,0.6387853026390076,0.3920421004295349,0.0,0.38271400332450867,0.6659095287322998,0.9548048973083496,1.2252318859100342,1.503010869026184,1.7357362508773804,1.7258700132369995,2.100513219833374,2.1055870056152344,2.453160285949707,2.368274450302124,1.8183417320251465,1.6414637565612793,1.2926082611083984,1.1782913208007812,1.267285943031311,1.1264417171478271,1.4368678331375122,1.5545886754989624,1.8077471256256104,2.0208640098571777,1.9575085639953613,2.2920358180999756,2.3252360820770264,2.6501529216766357,2.6122524738311768,2.439006805419922,2.384324312210083,2.0347678661346436,1.9711178541183472,2.0374958515167236,1.875951886177063,2.1211307048797607,2.150716781616211,2.345848321914673,2.45428466796875,2.352431535720825,2.6366324424743652,2.6455373764038086,2.9513063430786133,2.934163808822632,3.0843045711517334,3.1292564868927,2.7992048263549805,2.7908740043640137,2.8746607303619385,2.657317876815796,2.862844705581665,2.878786087036133,3.100728750228882,2.9796335697174072,2.853569984436035,3.1177351474761963,3.064483404159546,3.3652005195617676,3.331073045730591,3.7733194828033447,3.862872838973999,3.6285181045532227,3.8895630836486816,3.8150651454925537,3.918707847595215,4.200198173522949,4.052071571350098,4.422895431518555,4.418418884277344,4.1460747718811035,4.420934200286865,4.213714599609375,4.393176078796387,4.468132972717285
A5,1.239848256111145,0.9040899276733398,0.633477509021759,0.38271400332450867,0.0,0.391800194978714,0.6726453900337219,0.8758443593978882,1.189664363861084,1.4068964719772339,1.3720018863677979,1.740384817123413,1.74176025390625,2.0921380519866943,2.015622615814209,1.756982684135437,1.568278193473816,1.1833577156066895,1.0687357187271118,1.0464040040969849,0.8828055262565613,1.176896572113037,1.2291090488433838,1.4995073080062866,1.6801023483276367,1.5883034467697144,1.9178303480148315,1.9432172775268555,2.269483804702759,2.2379097938537598,2.3224003314971924,2.2561264038085938,1.882878303527832,1.8259024620056152,1.8293155431747437,1.6588445901870728,1.8794822692871094,1.857077717781067,2.055243492126465,2.1295204162597656,2.0010409355163574,2.27224063873291,2.268409013748169,2.5701663494110107,2.556685447692871,2.9321112632751465,2.967176914215088,2.621056318283081,2.618802547454834,2.6617307662963867,2.4337637424468994,2.621225357055664,2.5975048542022705,2.8194258213043213,2.6723451614379883,2.524059534072876,2.7715303897857666,2.702439308166504,2.9943909645080566,2.961364507675171,3.6196162700653076,3.72812557220459,3.527148485183716,3.8159637451171875,3.752458333969116,3.8928942680358887,4.178542613983154,4.052069664001465,4.425526142120361,4.449991226196289,4.197889804840088,4.491596698760986,4.305118560791016,4.509735584259033,4.603061676025391
A6,1.589259147644043,1.269614338874817,0.983109176158905,0.6659095287322998,0.391800194978714,0.0,0.38491958379745483,0.6120734214782715,0.9065631031990051,1.0853209495544434,1.0819541215896606,1.4629665613174438,1.5143051147460938,1.883249044418335,1.8676360845565796,2.0989279747009277,1.9078588485717773,1.5153062343597412,1.381675362586975,1.270762324333191,1.0270850658416748,1.2183996438980103,1.1866960525512695,1.3881747722625732,1.5072382688522339,1.4150115251541138,1.7157163619995117,1.7648677825927734,2.0943281650543213,2.113668441772461,2.6265411376953125,2.5457887649536133,2.1575796604156494,2.0820934772491455,2.022130012512207,1.806383728981018,1.9596261978149414,1.8804360628128052,2.022170066833496,2.037132501602173,1.9091408252716064,2.1373376846313477,2.140535593032837,2.4337446689605713,2.4597678184509277,3.2015464305877686,3.2196080684661865,2.8573243618011475,2.840266704559326,2.834906578063965,2.574981212615967,2.714902400970459,2.6502602100372314,2.836189031600952,2.6413469314575195,2.492704153060913,2.6990909576416016,2.6246910095214844,2.897264003753662,2.8941407203674316,3.885281801223755,4.005620956420898,3.8285295963287354,4.131669521331787,4.068086624145508,4.226689338684082,4.5071120262146,4.3828816413879395,4.753654956817627,4.794157981872559,4.545161247253418,4.839737892150879,4.651336669921875,4.86670446395874,4.952572822570801
A7,1.870391607284546,1.5185966491699219,1.2915741205215454,0.9548048973083496,0.6726453900337219,0.38491958379745483,0.0,0.380763441324234,0.5563672780990601,0.8144665956497192,0.9200432300567627,1.2941287755966187,1.430404543876648,1.817265510559082,1.863413691520691,2.2618041038513184,2.0238149166107178,1.6394051313400269,1.4398120641708374,1.2512249946594238,0.9273248910903931,0.9981480836868286,0.9377865195274353,1.0615081787109375,1.182832956314087,1.1562602519989014,1.468693494796753,1.5919865369796753,1.9505466222763062,2.029423475265503,2.704869508743286,2.575151205062866,2.171416759490967,2.045477867126465,1.927872896194458,1.6571166515350342,1.7427148818969727,1.6435961723327637,1.7287033796310425,1.7296537160873413,1.6425076723098755,1.8679405450820923,1.9238945245742798,2.2408459186553955,2.3196303844451904,3.2257344722747803,3.1997108459472656,2.8160698413848877,2.7585623264312744,2.7089715003967285,2.411654233932495,2.504067897796631,2.426891803741455,2.573270320892334,2.3592872619628906,2.2390973567962646,2.4340460300445557,2.3933444023132324,2.676729679107666,2.7181055545806885,3.926892042160034,4.032719612121582,3.8734242916107178,4.181100845336914,4.096645832061768,4.273099422454834,4.5337815284729,4.402848243713379,4.76528263092041,4.832491397857666,4.586822032928467,4.880249500274658,4.690065860748291,4.929005146026611,5.0053300857543945
A8,2.1104581356048584,1.7553678750991821,1.5064985752105713,1.2252318859100342,0.8758443593978882,0.6120734214782715,0.380763441324234,0.0,0.39228200912475586,0.5496184229850769,0.5778427720069885,0.942097544670105,1.0710480213165283,1.4572880268096924,1.5169070959091187,2.2555367946624756,2.037870407104492,1.6589218378067017,1.503271460533142,1.2394734621047974,0.9650249481201172,0.9812023639678955,0.7807331681251526,0.916209876537323,0.9334149956703186,0.8215514421463013,1.1141972541809082,1.2134068012237549,1.5698124170303345,1.655949592590332,2.641073703765869,2.519794464111328,2.119311571121216,2.024367094039917,1.852583646774292,1.6060932874679565,1.6596908569335938,1.48345148563385,1.5754296779632568,1.5098075866699219,1.3633590936660767,1.5527271032333374,1.5724176168441772,1.8740324974060059,1.9513561725616455,3.1168928146362305,3.093755006790161,2.711688995361328,2.6761834621429443,2.5895214080810547,2.301337242126465,2.376866102218628,2.2462100982666016,2.3976330757141113,2.151318311691284,1.9893746376037598,2.1518704891204834,2.0750935077667236,2.3366904258728027,2.370279312133789,3.791407346725464,3.9212658405303955,3.7972114086151123,4.12732458114624,4.063772678375244,4.270230770111084,4.538295745849609,4.4352593421936035,4.7983880043029785,4.885390281677246,4.663039684295654,4.973159313201904,4.807780742645264,5.060605525970459,5.159536838531494
A9,2.3996927738189697,2.0336415767669678,1.8199859857559204,1.503010869026184,1.189664363861084,0.9065631031990051,0.5563672780990601,0.39228200912475586,0.0,0.379999577999115,0.6462869644165039,0.9358438849449158,1.186401605606079,1.5633554458618164,1.7027621269226074,2.561877727508545,2.3099863529205322,1.9462857246398926,1.7373520135879517,1.447911262512207,1.1210819482803345,1.0038152933120728,0.7925605773925781,0.7460780143737793,0.7258479595184326,0.7505646347999573,1.0168932676315308,1.2303597927093506,1.5992226600646973,1.7664464712142944,2.8890621662139893,2.726210594177246,2.32159686088562,2.1760149002075195,1.9633686542510986,1.6635109186172485,1.6318085193634033,1.4419784545898438,1.4350385665893555,1.3384685516357422,1.2661747932434082,1.4279754161834717,1.5267109870910645,1.844000220298767,1.995115041732788,3.317816734313965,3.252641439437866,2.8561856746673584,2.775618076324463,2.6481385231018066,2.321768045425415,2.3364150524139404,2.196380615234375,2.286048650741577,2.013768434524536,1.8995059728622437,2.0342824459075928,2.0057151317596436,2.270242929458618,2.3663575649261475,4.003867149353027,4.1154375076293945,4.002729892730713,4.329406261444092,4.242612838745117,4.456794261932373,4.702539920806885,4.586609363555908,4.938877582550049,5.04526948928833,4.820628643035889,5.122525691986084,4.94843864440918,5.216999053955078,5.298501491546631
A10,2.6447408199310303,2.29429030418396,2.037123441696167,1.7357362508773804,1.4068964719772339,1.0853209495544434,0.8144665956497192,0.5496184229850769,0.379999577999115,0.0,0.37484556436538696,0.6064403653144836,0.9061387181282043,1.268880844116211,1.4627294540405273,2.752854824066162,2.537827730178833,2.1711602210998535,2.012265205383301,1.708694338798523,1.4271416664123535,1.3225961923599243,1.042907953262329,0.9939245581626892,0.8184758424758911,0.7276356220245361,0.8619081377983093,1.0350104570388794,1.364022970199585,1.5630426406860352,3.0775198936462402,2.9419524669647217,2.54630970954895,2.4392430782318115,2.2064545154571533,1.9385781288146973,1.8929367065429688,1.6461191177368164,1.6320488452911377,1.4509451389312744,1.3185747861862183,1.384114146232605,1.4232113361358643,1.6846692562103271,1.843910574913025,3.4887664318084717,3.4418210983276367,3.055232524871826,3.003544330596924,2.8546793460845947,2.544621229171753,2.5454514026641846,2.3559458255767822,2.4402596950531006,2.129940986633301,1.9756821393966675,2.04660964012146,1.966509461402893,2.176262140274048,2.2679343223571777,4.1398210525512695,4.28038215637207,4.1929144859313965,4.536319255828857,4.473789691925049,4.704073905944824,4.961516380310059,4.866480350494385,5.2214884757995605,5.332668781280518,5.1208815574646,5.432708740234375,5.271920680999756,5.540607929229736,5.635324478149414
A11,2.599820375442505,2.265465259552002,1.976262092590332,1.7258700132369995,1.3720018863677979,1.0819541215896606,0.9200432300567627,0.5778427720069885,0.6462869644165039,0.37484556436538696,0.0,0.38309669494628906,0.5660603046417236,0.9483121633529663,1.1049261093139648,2.59570050239563,2.426168918609619,2.062222719192505,1.9699753522872925,1.668128490447998,1.4578444957733154,1.4179940223693848,1.1053857803344727,1.162606120109558,0.9653995037078857,0.7197733521461487,0.8101162910461426,0.834851861000061,1.1324316263198853,1.2742453813552856,2.9315285682678223,2.8373546600341797,2.456136465072632,2.405810594558716,2.181556463241577,1.9712051153182983,1.967940092086792,1.6974660158157349,1.7522140741348267,1.5582630634307861,1.338416576385498,1.3841503858566284,1.321444034576416,1.539799690246582,1.63526451587677,3.3480820655822754,3.3375022411346436,2.969186305999756,2.965177059173584,2.8282182216644287,2.556692123413086,2.5913376808166504,2.380399465560913,2.5099735260009766,2.2033164501190186,1.9902364015579224,2.053673267364502,1.9078154563903809,2.088449001312256,2.1222236156463623,3.964820146560669,4.134455680847168,4.059384822845459,4.415346622467041,4.383827209472656,4.622082710266113,4.899652004241943,4.8296098709106445,5.191641807556152,5.2966718673706055,5.099008083343506,5.423838138580322,5.282022953033447,5.543508529663086,5.661752223968506
A12,2.9575552940368652,2.6241564750671387,2.334505796432495,2.100513219833374,1.740384817123413,1.4629665613174438,1.2941287755966187,0.942097544670105,0.9358438849449158,0.6064403653144836,0.38309669494628906,0.0,0.38173404335975647,0.6830206513404846,0.9439920783042908,2.8241682052612305,2.6701769828796387,2.3268041610717773,2.254650354385376,1.9269129037857056,1.747619867324829,1.6648738384246826,1.3131656646728516,1.3224893808364868,1.027687907218933,0.748805820941925,0.6436401009559631,0.6126621961593628,0.8365488052368164,1.0484235286712646,3.097724199295044,3.006908416748047,2.642373561859131,2.6074941158294678,2.34696364402771,2.156759023666382,2.1105942726135254,1.7931140661239624,1.818893551826477,1.5548622608184814,1.3054797649383545,1.2445377111434937,1.132814645767212,1.2800774574279785,1.403246283531189,3.4549877643585205,3.439572811126709,3.0813608169555664,3.08724045753479,2.9129364490509033,2.65231990814209,2.6533799171447754,2.3955070972442627,2.5032904148101807,2.1665050983428955,1.9302539825439453,1.9234023094177246,1.7408418655395508,1.861470341682434,1.9050378799438477,4.033250331878662,4.219729900360107,4.180349826812744,4.549411296844482,4.531918525695801,4.79296875,5.069067478179932,5.019268989562988,5.376165866851807,5.499453544616699,5.320455551147461,5.653554916381836,5.528748035430908,5.801492214202881,5.9314093589782715
A13,2.902348756790161,2.5906546115875244,2.2842483520507812,2.1055870056152344,1.74176025390625,1.5143051147460938,1.430404543876648,1.0710480213165283,1.186401605606079,0.9061387181282043,0.5660603046417236,0.38173404335975647,0.0,0.38888049125671387,0.5718262195587158,2.6594936847686768,2.554375648498535,2.224790096282959,2.217937469482422,1.9074616432189941,1.7988770008087158,1.7779247760772705,1.4288853406906128,1.526584267616272,1.2632702589035034,0.9150734543800354,0.820480227470398,0.5922005772590637,0.7168532013893127,0.8003929853439331,2.9404470920562744,2.8938398361206055,2.5515284538269043,2.572755813598633,2.332282781600952,2.201533079147339,2.202770948410034,1.8846875429153442,1.978475570678711,1.732202172279358,1.4239646196365356,1.3709118366241455,1.1601715087890625,1.2484833002090454,1.2673581838607788,3.302029609680176,3.3256983757019043,2.9916059970855713,3.0454230308532715,2.892073154449463,2.6750564575195312,2.7157795429229736,2.4518513679504395,2.607252359390259,2.2910573482513428,2.0084526538848877,2.0095906257629395,1.7695417404174805,1.8628076314926147,1.8297929763793945,3.8409061431884766,4.05455207824707,4.024650573730469,4.401914119720459,4.414974212646484,4.679500579833984,4.974102020263672,4.9477105140686035,5.309832572937012,5.424116134643555,5.258501052856445,5.601709365844727,5.494860649108887,5.75791597366333,5.909444808959961
A14,3.212003231048584,2.9141080379486084,2.6029350757598877,2.453160285949707,2.0921380519866943,1.883249044418335,1.817265510559082,1.4572880268096924,1.5633554458618164,1.268880844116211,0.9483121633529663,0.6830206513404846,0.38888049125671387,0.0,0.3792855143547058,2.85146427154541,2.782337188720703,2.4787790775299072,2.5102691650390625,2.199204921722412,2.1321287155151367,2.108112096786499,1.7498608827590942,1.8428475856781006,1.5496816635131836,1.1968880891799927,1.0083881616592407,0.6927588582038879,0.5842412710189819,0.6199056506156921,3.0878772735595703,3.066657304763794,2.753397226333618,2.8090097904205322,2.5583817958831787,2.4666390419006348,2.4583773612976074,2.1194276809692383,2.2156190872192383,1.9392582178115845,1.6069661378860474,1.48232102394104,1.2000795602798462,1.1634159088134766,1.1333140134811401,3.4009695053100586,3.440833330154419,3.1321187019348145,3.2150185108184814,3.046586275100708,2.861226797103882,2.8938677310943604,2.5988786220550537,2.7545855045318604,2.432894706726074,2.1223506927490234,2.069679021835327,1.7792969942092896,1.7927221059799194,1.7224035263061523,3.879984140396118,4.1198530197143555,4.123390197753906,4.5112996101379395,4.550731658935547,4.831796646118164,5.132564544677734,5.132641315460205,5.491471290588379,5.613921642303467,5.468893051147461,5.821096420288086,5.734935283660889,6.000019073486328,6.1689863204956055
A15,3.0496764183044434,2.773380756378174,2.4634737968444824,2.368274450302124,2.015622615814209,1.8676360845565796,1.863413691520691,1.5169070959091187,1.7027621269226074,1.4627294540405273,1.1049261093139648,0.9439920783042908,0.5718262195587158,0.3792855143547058,0.0,2.5903286933898926,2.563707113265991,2.28088116645813,2.367215633392334,2.0844974517822266,2.080096960067749,2.1121625900268555,1.7773888111114502,1.943010687828064,1.7013022899627686,1.3243887424468994,1.2093963623046875,0.8498635292053223,0.7505449652671814,0.5690518021583557,2.835291862487793,2.8535287380218506,2.5639808177948,2.666522979736328,2.4472434520721436,2.4076201915740967,2.4501709938049316,2.131967544555664,2.2907559871673584,2.056783437728882,1.6982874870300293,1.6273245811462402,1.310928463935852,1.2774019241333008,1.1357324123382568,3.1613433361053467,3.23763108253479,2.9524357318878174,3.0753986835479736,2.9395251274108887,2.7940778732299805,2.8721914291381836,2.593069076538086,2.7964024543762207,2.509626626968384,2.175168991088867,2.1626508235931396,1.8510655164718628,1.8773236274719238,1.7352381944656372,3.612417459487915,3.8695459365844727,3.8712472915649414,4.260361194610596,4.322655200958252,4.599501609802246,4.914942264556885,4.930891036987305,5.293436527252197,5.403384685516357,5.267143249511719,5.624752998352051,5.551901817321777,5.805510997772217,5.990909576416016
B1,1.594589114189148,1.4803452491760254,1.551989197731018,1.8183417320251465,1.756982684135437,2.0989279747009277,2.2618041038513184,2.2555367946624756,2.561877727508545,2.752854824066162,2.59570050239563,2.8241682052612305,2.6594936847686768,2.85146427154541,2.5903286933898926,0.0,0.3964214324951172,0.6512523293495178,1.0046052932739258,1.227550745010376,1.5940459966659546,1.902168869972229,2.019333600997925,2.3902814388275146,2.594334125518799,2.451676368713379,2.736635446548462,2.6339926719665527,2.844533681869507,2.623593807220459,0.7508457899093628,0.929318368434906,0.8657194375991821,1.1533297300338745,1.4082064628601074,1.649892807006836,2.0189921855926514,2.112065553665161,2.485933542251587,2.6686089038848877,2.49265456199646,2.798079490661621,2.7102391719818115,2.9405434131622314,2.7512881755828857,1.457502007484436,1.652748703956604,1.496286392211914,1.6987030506134033,1.9427143335342407,2.000778913497925,2.362250328063965,2.4337801933288574,2.7960102558135986,2.8388867378234863,2.6492538452148438,2.9659106731414795,2.870086908340454,3.1473023891448975,2.9635419845581055,2.0476505756378174,2.1564197540283203,1.9130181074142456,2.1873042583465576,2.2116522789001465,2.3448779582977295,2.6935384273529053,2.6662938594818115,3.049516439437866,3.049388885498047,2.87752366065979,3.2212164402008057,3.1504318714141846,3.3389759063720703,3.5560264587402344
B2,1.5150331258773804,1.326611042022705,1.4328430891036987,1.6414637565612793,1.568278193473816,1.9078588485717773,2.0238149166107178,2.037870407104492,2.3099863529205322,2.537827730178833,2.426168918609619,2.6701769828796387,2.554375648498535,2.782337188720703,2.563707113265991,0.3964214324951172,0.0,0.3948618471622467,0.6565414071083069,0.9050469398498535,1.2708646059036255,1.5655937194824219,1.7273072004318237,2.0829062461853027,2.3230743408203125,2.22690749168396,2.538311719894409,2.4874446392059326,2.737236499786377,2.5616021156311035,0.8155662417411804,0.8114582300186157,0.6148667931556702,0.8113393187522888,1.087064266204834,1.2942519187927246,1.6724426746368408,1.8025459051132202,2.164417266845703,2.3784561157226562,2.242685317993164,2.574608087539673,2.5355072021484375,2.8038923740386963,2.659666061401367,1.488174557685852,1.5892444849014282,1.3545794486999512,1.4759068489074707,1.706158995628357,1.7093956470489502,2.0633351802825928,2.1607160568237305,2.505845785140991,2.555335760116577,2.40012526512146,2.737452983856201,2.682887554168701,2.9913392066955566,2.84979510307312,2.1713104248046875,2.235677480697632,1.9890013933181763,2.2595250606536865,2.220261335372925,2.3620786666870117,2.6785526275634766,2.609010934829712,2.9922566413879395,3.0172431468963623,2.8206844329833984,3.1576926708221436,3.0565850734710693,3.274256944656372,3.4615111351013184
B3,1.3475691080093384,1.0910090208053589,1.1260682344436646,1.2926082611083984,1.1833577156066895,1.5153062343597412,1.6394051313400269,1.6589218378067017,1.9462857246398926,2.1711602210998535,2.062222719192505,2.3268041610717773,2.224790096282959,2.4787790775299072,2.28088116645813,0.6512523293495178,0.3948618471622467,0.0,0.39483314752578735,0.6199546456336975,0.9544157981872559,1.2881145477294922,1.428391695022583,1.7961148023605347,2.0276377201080322,1.9205996990203857,2.2440195083618164,2.201795816421509,2.4731690883636475,2.3210928440093994,1.1506681442260742,1.1159226894378662,0.8059914708137512,0.9081448316574097,1.0827323198318481,1.1856451034545898,1.552304983139038,1.6373867988586426,1.9846336841583252,2.1679248809814453,2.0195281505584717,2.3482778072357178,2.310323715209961,2.5927481651306152,2.4723987579345703,1.795050024986267,1.8716765642166138,1.5837193727493286,1.6671642065048218,1.8274614810943604,1.751808524131775,2.068117380142212,2.1229310035705566,2.449294090270996,2.4425313472747803,2.275832414627075,2.5987119674682617,2.5331954956054688,2.843949794769287,2.7233922481536865,2.4842441082000732,2.571920156478882,2.3512496948242188,2.6373016834259033,2.594442129135132,2.7461962699890137,3.054069995880127,2.9720406532287598,3.3533589839935303,3.3849706649780273,3.1754276752471924,3.503882884979248,3.380533456802368,3.6000540256500244,3.76340651512146
B4,1.358114242553711,1.0343883037567139,1.1106162071228027,1.1782913208007812,1.0687357187271118,1.381675362586975,1.4398120641708374,1.503271460533142,1.7373520135879517,2.012265205383301,1.9699753522872925,2.254650354385376,2.217937469482422,2.5102691650390625,2.367215633392334,1.0046052932739258,0.6565414071083069,0.39483314752578735,0.0,0.3882783055305481,0.6544600129127502,0.9816655516624451,1.2000579833984375,1.5360180139541626,1.8193105459213257,1.780470848083496,2.1337361335754395,2.159775972366333,2.47253155708313,2.3784749507904053,1.3864140510559082,1.2435346841812134,0.8789227604866028,0.8019147515296936,0.9440235495567322,0.9308197498321533,1.2907153367996216,1.4225438833236694,1.7349947690963745,1.9544973373413086,1.865073800086975,2.2194697856903076,2.2442069053649902,2.5656380653381348,2.50191593170166,1.9693150520324707,1.9695137739181519,1.634645700454712,1.6244966983795166,1.7530860900878906,1.6030809879302979,1.8873834609985352,1.96966552734375,2.259777545928955,2.253380537033081,2.135434627532959,2.4737699031829834,2.4586691856384277,2.798238515853882,2.7296907901763916,2.7022557258605957,2.7510688304901123,2.5273406505584717,2.798283100128174,2.7045466899871826,2.8524794578552246,3.1259944438934326,3.004880905151367,3.377708673477173,3.425804376602173,3.1941659450531006,3.506932497024536,3.3532402515411377,3.591468334197998,3.7205963134765625
B5,1.6602222919464111,1.3050756454467773,1.2913405895233154,1.267285943031311,1.0464040040969849,1.270762324333191,1.2512249946594238,1.2394734621047974,1.447911262512207,1.708694338798523,1.668128490447998,1.9269129037857056,1.9074616432189941,2.199204921722412,2.0844974517822266,1.227550745010376,0.9050469398498535,0.6199546456336975,0.3882783055305481,0.0,0.3977035880088806,0.6759005784988403,0.8371137976646423,1.1886236667633057,1.4506969451904297,1.4073854684829712,1.7577799558639526,1.7978755235671997,2.1189322471618652,2.0502469539642334,1.5034501552581787,1.3302148580551147,0.9245983362197876,0.8190876245498657,0.7859958410263062,0.6994501948356628,1.0174254179000854,1.0784529447555542,1.395916223526001,1.5848067998886108,1.4793665409088135,1.8317570686340332,1.8630337715148926,2.193188428878784,2.1516330242156982,2.007261276245117,1.9757031202316284,1.604087233543396,1.5776230096817017,1.619594693183899,1.4198511838912964,1.6614443063735962,1.6862237453460693,1.9673718214035034,1.91921067237854,1.7830835580825806,2.108926773071289,2.089367389678955,2.4305479526519775,2.3799889087677,2.7388036251068115,2.808539390563965,2.6335389614105225,2.9351017475128174,2.847776412963867,3.0377161502838135,3.304107666015625,3.20068097114563,3.567702293395996,3.6502130031585693,3.4376513957977295,3.7588870525360107,3.6182990074157715,3.879363536834717,4.01108980178833
B6,1.7012014389038086,1.3148268461227417,1.2695575952529907,1.1264417171478271,0.8828055262565613,1.0270850658416748,0.9273248910903931,0.9650249481201172,1.1210819482803345,1.4271416664123535,1.4578444957733154,1.747619867324829,1.7988770008087158,2.1321287155151367,2.080096960067749,1.5940459966659546,1.2708646059036255,0.9544157981872559,0.6544600129127502,0.3977035880088806,0.0,0.3838469386100769,0.604401171207428,0.913317859172821,1.212881088256836,1.2301620244979858,1.605865478515625,1.712526798248291,2.07088565826416,2.0680489540100098,1.898008942604065,1.7056553363800049,1.2990763187408447,1.1250934600830078,1.034190058708191,0.7901657223701477,1.0020453929901123,1.039069414138794,1.2698218822479248,1.443105697631836,1.3846027851104736,1.7346887588500977,1.8166779279708862,2.172743320465088,2.1930532455444336,2.3825771808624268,2.321542739868164,1.9336920976638794,1.8548460006713867,1.849069356918335,1.5791864395141602,1.748856544494629,1.7577847242355347,1.9773674011230469,1.8820562362670898,1.7814499139785767,2.087242841720581,2.095728874206543,2.4436933994293213,2.446479320526123,3.1190335750579834,3.1805238723754883,3.0083534717559814,3.302617073059082,3.194384813308716,3.3772826194763184,3.6250855922698975,3.4972729682922363,3.856656074523926,3.9425852298736572,3.7125461101531982,4.017612457275391,3.850923538208008,4.114254474639893,4.215291976928711
B7,2.061537981033325,1.6721898317337036,1.6278709173202515,1.4368678331375122,1.176896572113037,1.2183996438980103,0.9981480836868286,0.9812023639678955,1.0038152933120728,1.3225961923599243,1.4179940223693848,1.6648738384246826,1.7779247760772705,2.108112096786499,2.1121625900268555,1.902168869972229,1.5655937194824219,1.2881145477294922,0.9816655516624451,0.6759005784988403,0.3838469386100769,0.0,0.3779800236225128,0.5822546482086182,0.9319467544555664,1.0461114645004272,1.4171205759048462,1.5963252782821655,1.967779517173767,2.0233683586120605,2.0994069576263428,1.8605791330337524,1.460349440574646,1.2313134670257568,1.0373117923736572,0.6950082182884216,0.7556623816490173,0.7610729336738586,0.9190868735313416,1.1052494049072266,1.1150448322296143,1.4740194082260132,1.6242647171020508,2.001678466796875,2.0793423652648926,2.4961743354797363,2.382512092590332,1.9767699241638184,1.8451610803604126,1.767087697982788,1.4401049613952637,1.532225489616394,1.5195417404174805,1.6864399909973145,1.567090630531311,1.5074751377105713,1.807342767715454,1.8638612031936646,2.2257795333862305,2.280928611755371,3.2322146892547607,3.280752182006836,3.137577772140503,3.4352807998657227,3.3081295490264893,3.5122814178466797,3.734978199005127,3.6042802333831787,3.949577808380127,4.0667033195495605,3.845337152481079,4.146575927734375,3.981555223464966,4.268223285675049,4.358790874481201
B8,2.2616496086120605,1.8745371103286743,1.7582226991653442,1.5545886754989624,1.2291090488433838,1.1866960525512695,0.9377865195274353,0.7807331681251526,0.7925605773925781,1.042907953262329,1.1053857803344727,1.3131656646728516,1.4288853406906128,1.7498608827590942,1.7773888111114502,2.019333600997925,1.7273072004318237,1.428391695022583,1.2000579833984375,0.8371137976646423,0.604401171207428,0.3779800236225128,0.0,0.38603121042251587,0.6201006770133972,0.671770453453064,1.0442562103271484,1.2206710577011108,1.5954482555389404,1.6713664531707764,2.2071805000305176,1.999975323677063,1.6028497219085693,1.437268853187561,1.183789849281311,0.8961540460586548,0.8874626159667969,0.7126732468605042,0.8548808693885803,0.9055591225624084,0.8266592025756836,1.1571694612503052,1.2795484066009521,1.653247356414795,1.7433079481124878,2.5760610103607178,2.480076551437378,2.0780229568481445,1.9854198694229126,1.8584973812103271,1.54168701171875,1.5986080169677734,1.491416335105896,1.6535334587097168,1.4587891101837158,1.3347713947296143,1.5847790241241455,1.592635989189148,1.9328275918960571,1.9892446994781494,3.277946949005127,3.363966464996338,3.2577950954437256,3.582172155380249,3.485393762588501,3.716200590133667,3.9526209831237793,3.850745916366577,4.198248386383057,4.326228618621826,4.1239471435546875,4.438309192657471,4.292230606079102,4.5817461013793945,4.688998222351074
B9,2.5576159954071045,2.1664366722106934,2.057297706604004,1.8077471256256104,1.4995073080062866,1.3881747722625732,1.0615081787109375,0.916209876537323,0.7460780143737793,0.9939245581626892,1.162606120109558,1.3224893808364868,1.526584267616272,1.8428475856781006,1.943010687828064,2.3902814388275146,2.0829062461853027,1.7961148023605347,1.5360180139541626,1.1886236667633057,0.913317859172821,0.5822546482086182,0.38603121042251587,0.0,0.3914298713207245,0.6585848927497864,0.9809923768043518,1.2632278203964233,1.6393241882324219,1.7944480180740356,2.538283109664917,2.3016223907470703,1.9141309261322021,1.7061227560043335,1.4224754571914673,1.0876893997192383,0.9446781277656555,0.7483269572257996,0.6959841251373291,0.6962560415267944,0.7488790154457092,1.041405200958252,1.26271390914917,1.6447256803512573,1.8143523931503296,2.8567802906036377,2.722012519836426,2.314762592315674,2.175868511199951,2.0012192726135254,1.6443675756454468,1.6130192279815674,1.488807201385498,1.5599815845489502,1.3225047588348389,1.266757845878601,1.4759767055511475,1.5458303689956665,1.8844410181045532,2.0133941173553467,3.5558879375457764,3.626055955886841,3.533935546875,3.8521344661712646,3.734653949737549,3.9706547260284424,4.18314266204834,4.0689167976379395,4.402761459350586,4.548786640167236,4.344789981842041,4.648250579833984,4.4930524826049805,4.79548978805542,4.883560657501221
B10,2.8182075023651123,2.4324686527252197,2.2742817401885986,2.0208640098571777,1.6801023483276367,1.5072382688522339,1.182832956314087,0.9334149956703186,0.7258479595184326,0.8184758424758911,0.9653995037078857,1.027687907218933,1.2632702589035034,1.5496816635131836,1.7013022899627686,2.594334125518799,2.3230743408203125,2.0276377201080322,1.8193105459213257,1.4506969451904297,1.212881088256836,0.9319467544555664,0.6201006770133972,0.3914298713207245,0.0,0.38046032190322876,0.6190369129180908,0.9497542977333069,1.314121127128601,1.522891640663147,2.730926275253296,2.5210046768188477,2.143679618835449,1.9817668199539185,1.6696207523345947,1.3832930326461792,1.2191935777664185,0.9258165955543518,0.8389164805412292,0.6350727081298828,0.5866175889968872,0.7590224146842957,0.9704369902610779,1.333832025527954,1.5451457500457764,3.018624782562256,2.8981432914733887,2.501556634902954,2.3944079875946045,2.183516263961792,1.8470765352249146,1.7835328578948975,1.5792442560195923,1.6283471584320068,1.3182135820388794,1.205011010169983,1.319513201713562,1.3377145528793335,1.631934642791748,1.7807639837265015,3.678428888320923,3.77951979637146,3.7212839126586914,4.059333324432373,3.9670944213867188,4.224549770355225,4.446497917175293,4.356281280517578,4.690402984619141,4.846187114715576,4.658462047576904,4.9720869064331055,4.8324456214904785,5.137681484222412,5.238949775695801
B11,2.75205397605896,2.3796141147613525,2.1792752742767334,1.9575085639953613,1.5883034467697144,1.4150115251541138,1.1562602519989014,0.8215514421463013,0.7505646347999573,0.7276356220245361,0.7197733521461487,0.748805820941925,0.9150734543800354,1.1968880891799927,1.3243887424468994,2.451676368713379,2.22690749168396,1.9205996990203857,1.780470848083496,1.4073854684829712,1.2301620244979858,1.0461114645004272,0.671770453453064,0.6585848927497864,0.38046032190322876,0.0,0.3803049921989441,0.6120466589927673,0.9958293437957764,1.1716538667678833,2.616748809814453,2.4548518657684326,2.0838239192962646,1.9887712001800537,1.6878528594970703,1.4676787853240967,1.3751026391983032,1.0499945878982544,1.0794227123260498,0.8567437529563904,0.6209211349487305,0.7348987460136414,0.7834494709968567,1.1218048334121704,1.2776552438735962,2.923785448074341,2.848318576812744,2.467209815979004,2.4195444583892822,2.225048303604126,1.9339805841445923,1.9190621376037598,1.6836919784545898,1.7949327230453491,1.4844104051589966,1.277519941329956,1.3681060075759888,1.2780027389526367,1.5335686206817627,1.616074800491333,3.5527734756469727,3.690335988998413,3.6435086727142334,3.9987595081329346,3.941887617111206,4.207195281982422,4.455021381378174,4.3901166915893555,4.735133171081543,4.880543231964111,4.703955173492432,5.031676292419434,4.908210754394531,5.202862739562988,5.326828479766846
B12,3.0970115661621094,2.7318882942199707,2.5108766555786133,2.2920358180999756,1.9178303480148315,1.7157163619995117,1.468693494796753,1.1141972541809082,1.0168932676315308,0.8619081377983093,0.8101162910461426,0.6436401009559631,0.820480227470398,1.0083881616592407,1.2093963623046875,2.736635446548462,2.538311719894409,2.2440195083618164,2.1337361335754395,1.7577799558639526,1.605865478515625,1.4171205759048462,1.0442562103271484,0.9809923768043518,0.6190369129180908,0.3803049921989441,0.0,0.3859654664993286,0.7135471105575562,0.9828522801399231,2.8648619651794434,2.717597007751465,2.3675215244293213,2.2966461181640625,1.9752724170684814,1.7840462923049927,1.6569409370422363,1.2983238697052002,1.2823832035064697,0.9681645035743713,0.7054449319839478,0.6025477051734924,0.5758653283119202,0.8430081009864807,1.061282992362976,3.121161699295044,3.0482425689697266,2.6833999156951904,2.6515493392944336,2.4233345985412598,2.150775194168091,2.0983805656433105,1.810742735862732,1.8885785341262817,1.5385704040527344,1.3045704364776611,1.2856742143630981,1.1405316591262817,1.3170362710952759,1.4231410026550293,3.7040855884552,3.862272024154663,3.8502912521362305,4.217463970184326,4.177917957305908,4.462198734283447,4.710375785827637,4.665266036987305,5.00520658493042,5.164141654968262,5.004094123840332,5.337983131408691,5.228912353515625,5.529734134674072,5.6630048751831055
B13,3.0919229984283447,2.7472097873687744,2.500595808029175,2.3252360820770264,1.9432172775268555,1.7648677825927734,1.5919865369796753,1.2134068012237549,1.2303597927093506,1.0350104570388794,0.834851861000061,0.6126621961593628,0.5922005772590637,0.6927588582038879,0.8498635292053223,2.6339926719665527,2.4874446392059326,2.201795816421509,2.159775972366333,1.7978755235671997,1.712526798248291,1.5963252782821655,1.2206710577011108,1.2632278203964233,0.9497542977333069,0.6120466589927673,0.3859654664993286,0.0,0.38842055201530457,0.6065590381622314,2.77083158493042,2.67246675491333,2.343539237976074,2.336167097091675,2.0337209701538086,1.9080722332000732,1.8371256589889526,1.4767189025878906,1.5419727563858032,1.2527104616165161,0.9180847406387329,0.8051664233207703,0.5686724781990051,0.7138370275497437,0.8157696723937988,3.029592275619507,3.0003530979156494,2.660670518875122,2.68508243560791,2.4759933948516846,2.2534940242767334,2.244683027267456,1.9436360597610474,2.0749313831329346,1.746389627456665,1.4511083364486694,1.4223912954330444,1.180924415588379,1.294912338256836,1.3032504320144653,3.5676982402801514,3.7603886127471924,3.7632744312286377,4.143231391906738,4.138915538787842,4.42989444732666,4.6995344161987305,4.680789470672607,5.027395725250244,5.177535057067871,5.031607627868652,5.377287864685059,5.2866010665893555,5.577404022216797,5.733076095581055
