,A1,A2,A3,A4,A5,A6,A7,A8,A9,A10,A11,A12,A13,A14,A15,B1,B2,B3,B4,B5,B6,B7,B8,B9,B10,B11,B12,B13,B14,B15,C1,C2,C3,C4,C5,C6,C7,C8,C9,C10,C11,C12,C13,C14,C15,D1,D2,D3,D4,D5,D6,D7,D8,D9,D10,D11,D12,D13,D14,D15,E1,E2,E3,E4,E5,E6,E7,E8,E9,E10,E11,E12,E13,E14,E15
A1,0.0,0.3964863419532776,0.6590415835380554,0.949188232421875,1.2841233015060425,1.6002371311187744,1.9024215936660767,2.219348430633545,2.4450690746307373,2.629011869430542,2.8720703125,3.170262336730957,3.3471786975860596,3.7090370655059814,3.876471757888794,4.660540580749512,4.538828372955322,4.610233306884766,4.3419318199157715,4.222094535827637,4.148490905761719,3.8596041202545166,4.088466167449951,3.8840346336364746,3.9333393573760986,4.285107135772705,4.458957672119141,4.713706970214844,4.862508773803711,4.997364521026611,4.558622360229492,4.2814459800720215,4.1170783042907715,3.75919771194458,3.504517078399658,3.2495741844177246,2.890298843383789,2.647984027862549,2.339827537536621,2.3220977783203125,2.3445699214935303,2.471903085708618,2.7591934204101562,2.8096489906311035,3.1108288764953613,4.620542049407959,4.652063369750977,4.474770545959473,4.141420364379883,4.133471965789795,3.8130764961242676,3.764299154281616,3.7135095596313477,3.561293840408325,3.565721035003662,3.9246480464935303,4.013980388641357,4.257497310638428,4.53981351852417,4.873547077178955,6.72965145111084,6.86447286605835,6.547181606292725,6.666461944580078,6.66386604309082,6.737974643707275,7.062682628631592,7.026304244995117,7.283341884613037,7.096411228179932,7.06711483001709,7.370521545410156,7.340725898742676,7.666202068328857,7.7628350257873535
A2,0.3964863419532776,0.0,0.40428289771080017,0.6656798720359802,0.9446642994880676,1.299451231956482,1.5803673267364502,1.880956768989563,2.1249141693115234,2.335167407989502,2.568614959716797,2.882593870162964,3.0857393741607666,3.443065881729126,3.615971565246582,4.39808464050293,4.269198894500732,4.316086769104004,4.033905029296875,3.9012978076934814,3.810835123062134,3.5099704265594482,3.7245543003082275,3.510831594467163,3.566499948501587,3.9236207008361816,4.098596572875977,4.3623504638671875,4.524272441864014,4.667410373687744,4.335505485534668,4.058610439300537,3.8665459156036377,3.5109639167785645,3.2473654747009277,2.9754562377929688,2.631772994995117,2.3588125705718994,2.067721366882324,2.059755563735962,2.132997751235962,2.2630422115325928,2.5842909812927246,2.669830322265625,2.9821035861968994,4.503444671630859,4.518202781677246,4.315269947052002,3.9908223152160645,3.96988844871521,3.65736985206604,3.596066474914551,3.555670976638794,3.434314250946045,3.4786999225616455,3.847593307495117,3.9588558673858643,4.220662593841553,4.497562408447266,4.8204498291015625,6.716861248016357,6.8490071296691895,6.534738063812256,6.67225456237793,6.662477970123291,6.755724906921387,7.0779948234558105,7.033023834228516,7.304803371429443,7.128396511077881,7.089882850646973,7.399736404418945,7.357310771942139,7.687522888183594,7.767116069793701
A3,0.6590415835380554,0.40428289771080017,0.0,0.3946230113506317,0.6646490097045898,0.9788790941238403,1.311616063117981,1.5972802639007568,1.8529053926467896,2.0190062522888184,2.236412286758423,2.5482912063598633,2.728475332260132,3.0824966430664062,3.241474151611328,4.0557708740234375,3.9473114013671875,4.005704402923584,3.7239067554473877,3.6174333095550537,3.5281736850738525,3.245750665664673,3.485081911087036,3.2750446796417236,3.302145004272461,3.6487996578216553,3.815742254257202,4.066105842590332,4.207767009735107,4.345905780792236,4.0245747566223145,3.7678334712982178,3.582261323928833,3.2142720222473145,2.9769654273986816,2.6893842220306396,2.3503217697143555,2.0977020263671875,1.7773030996322632,1.717512845993042,1.7672921419143677,1.872724175453186,2.194363832473755,2.2716996669769287,2.5908546447753906,4.223294734954834,4.2571797370910645,4.060647010803223,3.752580165863037,3.7592408657073975,3.4661407470703125,3.437438726425171,3.4366092681884766,3.345099687576294,3.398644208908081,3.76324200630188,3.910421133041382,4.158494472503662,4.4171977043151855,4.727012634277344,6.608180522918701,6.758782386779785,6.457751750946045,6.614696502685547,6.6222310066223145,6.73414421081543,7.066511154174805,7.03660774230957,7.315394401550293,7.157158851623535,7.13270378112793,7.4525909423828125,7.420929431915283,7.760327339172363,7.8419294357299805
A4,0.949188232421875,0.6656798720359802,0.3946230113506317,0.0,0.39554280042648315,0.6589615345001221,0.9582439064979553,1.2831135988235474,1.4995837211608887,1.6839569807052612,1.9342350959777832,2.2325096130371094,2.4338269233703613,2.7972047328948975,2.989551067352295,3.9947669506073,3.908266305923462,3.942622423171997,3.6368651390075684,3.541499137878418,3.414358377456665,3.1269195079803467,3.352285146713257,3.109750509262085,3.106598377227783,3.457298994064331,3.5940334796905518,3.863438606262207,4.001504421234131,4.1678876876831055,4.056059837341309,3.8233258724212646,3.6154978275299072,3.2422776222229004,3.0232694149017334,2.7029919624328613,2.39715313911438,2.1274068355560303,1.8143774271011353,1.699229121208191,1.7734287977218628,1.8108657598495483,2.1611366271972656,2.2227845191955566,2.569658041000366,4.365520477294922,4.405701637268066,4.198619842529297,3.912013530731201,3.92708158493042,3.6541709899902344,3.632189989089966,3.6546483039855957,3.5956311225891113,3.6761012077331543,4.041514873504639,4.208849906921387,4.460853099822998,4.709964752197266,5.008338451385498,6.895049571990967,7.051246643066406,6.756982326507568,6.927487373352051,6.936850070953369,7.061293601989746,7.394223213195801,7.363527297973633,7.649526596069336,7.4988508224487305,7.472187042236328,7.795383453369141,7.7587690353393555,8.100354194641113,8.173480033874512
A5,1.2841233015060425,0.9446642994880676,0.6646490097045898,0.39554280042648315,0.0,0.4003659784793854,0.6772944331169128,0.9424322843551636,1.214295744895935,1.4172366857528687,1.6320698261260986,1.9581180810928345,2.1846158504486084,2.5341477394104004,2.7193658351898193,3.6813762187957764,3.5885345935821533,3.6002886295318604,3.283438205718994,3.179297685623169,3.038177728652954,2.7439796924591064,2.961972951889038,2.715000867843628,2.7142703533172607,3.0675275325775146,3.2093772888183594,3.4817535877227783,3.6307015419006348,3.7996268272399902,3.781376600265503,3.553431272506714,3.3211448192596436,2.9536092281341553,2.7335493564605713,2.397722005844116,2.118803024291992,1.8271961212158203,1.5406543016433716,1.4272650480270386,1.5638091564178467,1.6019302606582642,1.9811257123947144,2.089928388595581,2.433628797531128,4.195092678070068,4.2195000648498535,3.9907829761505127,3.71946382522583,3.725752592086792,3.469028949737549,3.4418907165527344,3.4820172786712646,3.4590160846710205,3.575078248977661,3.940518617630005,4.130704879760742,4.39176607131958,4.629176139831543,4.9116997718811035,6.815095901489258,6.970414638519287,6.682751178741455,6.871325969696045,6.877079963684082,7.020711898803711,7.351292610168457,7.316082954406738,7.6146135330200195,7.477347373962402,7.445741653442383,7.7748613357543945,7.730025768280029,8.076028823852539,8.13492202758789
A6,1.6002371311187744,1.299451231956482,0.9788790941238403,0.6589615345001221,0.4003659784793854,0.0,0.3909541368484497,0.6638092398643494,0.8937264084815979,1.0428577661514282,1.275862216949463,1.5831727981567383,1.7991150617599487,2.156529426574707,2.357048511505127,3.5073611736297607,3.452716827392578,3.4628522396087646,3.1356921195983887,3.0692617893218994,2.9063916206359863,2.634568691253662,2.863731622695923,2.6017932891845703,2.546062707901001,2.885686159133911,2.992509603500366,3.263082504272461,3.38515305519104,3.5692191123962402,3.6922173500061035,3.501786231994629,3.270697593688965,2.895846128463745,2.7200565338134766,2.361865282058716,2.11967396736145,1.8582128286361694,1.5678011178970337,1.3625836372375488,1.4732121229171753,1.4169648885726929,1.7972825765609741,1.8721497058868408,2.233032703399658,4.173674583435059,4.221304893493652,4.000611782073975,3.7577686309814453,3.793696880340576,3.5664584636688232,3.5708460807800293,3.6487650871276855,3.6563127040863037,3.7806873321533203,4.136143207550049,4.352716445922852,4.599655628204346,4.818995952606201,5.086672306060791,6.960415840148926,7.131775379180908,6.857579708099365,7.061561107635498,7.081848621368408,7.239506244659424,7.576627254486084,7.553267478942871,7.855766773223877,7.732264518737793,7.71101713180542,8.045994758605957,8.008708000183105,8.359878540039062,8.419617652893066
A7,1.9024215936660767,1.5803673267364502,1.311616063117981,0.9582439064979553,0.6772944331169128,0.3909541368484497,0.0,0.38832709193229675,0.5453860759735107,0.7964986562728882,1.0657365322113037,1.3619484901428223,1.6376965045928955,1.990086555480957,2.232682704925537,3.5238842964172363,3.4784739017486572,3.4485421180725098,3.098447561264038,3.0277059078216553,2.8209497928619385,2.538034200668335,2.729461908340454,2.4314565658569336,2.3554677963256836,2.7004003524780273,2.776014566421509,3.074488401412964,3.2072534561157227,3.4248526096343994,3.793381929397583,3.620037078857422,3.3606135845184326,2.9990508556365967,2.83151912689209,2.4582695960998535,2.265355348587036,1.9851819276809692,1.747397541999817,1.5441012382507324,1.7009531259536743,1.6076000928878784,1.9916390180587769,2.0725908279418945,2.4315593242645264,4.3891777992248535,4.426352024078369,4.188384056091309,3.9643592834472656,3.9907588958740234,3.779712438583374,3.7732510566711426,3.8577632904052734,3.8899412155151367,4.0413618087768555,4.396941661834717,4.620851993560791,4.878264904022217,5.0928473472595215,5.350464344024658,7.235654830932617,7.403140544891357,7.131927013397217,7.345179557800293,7.358526706695557,7.525599956512451,7.857849597930908,7.8262176513671875,8.136077880859375,8.01663589477539,7.986335754394531,8.321966171264648,8.273515701293945,8.62421989440918,8.670902252197266
A8,2.219348430633545,1.880956768989563,1.5972802639007568,1.2831135988235474,0.9424322843551636,0.6638092398643494,0.38832709193229675,0.0,0.38278138637542725,0.6081873774528503,0.7733914256095886,1.1100122928619385,1.411901831626892,1.7327017784118652,1.9581499099731445,3.2060744762420654,3.1633198261260986,3.111069679260254,2.751490831375122,2.6838202476501465,2.459388494491577,2.181469440460205,2.3690645694732666,2.066849946975708,1.9733474254608154,2.314598560333252,2.3885412216186523,2.6864447593688965,2.823427200317383,3.0438730716705322,3.5278961658477783,3.3708410263061523,3.093848466873169,2.7448172569274902,2.594083547592163,2.2126805782318115,2.069652795791626,1.7965703010559082,1.6084926128387451,1.3999691009521484,1.5987409353256226,1.4905089139938354,1.871009111404419,1.9912981986999512,2.3277487754821777,4.2235236167907715,4.250516414642334,3.999075174331665,3.7990002632141113,3.824324369430542,3.638868808746338,3.6367387771606445,3.744311809539795,3.8126585483551025,3.990452766418457,4.33679723739624,4.581989288330078,4.838863849639893,5.036868572235107,5.275163173675537,7.151067733764648,7.320536136627197,7.059512138366699,7.289787292480469,7.303901672363281,7.489001750946045,7.8194661140441895,7.787841796875,8.107210159301758,8.002923011779785,7.972155570983887,8.312803268432617,8.26081371307373,8.6152925491333,8.651366233825684
A9,2.4450690746307373,2.1249141693115234,1.8529053926467896,1.4995837211608887,1.214295744895935,0.8937264084815979,0.5453860759735107,0.38278138637542725,0.0,0.3918464183807373,0.6672713160514832,0.909543514251709,1.2434802055358887,1.5719497203826904,1.8574597835540771,3.3687398433685303,3.3604061603546143,3.294236660003662,2.9259963035583496,2.8846166133880615,2.629854917526245,2.3698527812957764,2.532984495162964,2.2058539390563965,2.061845302581787,2.384443759918213,2.399109363555908,2.712122678756714,2.828646421432495,3.0834767818450928,3.769571304321289,3.6422505378723145,3.3657732009887695,3.022205114364624,2.900580406188965,2.5155038833618164,2.400726795196533,2.1460297107696533,1.9648503065109253,1.726410984992981,1.8924956321716309,1.724239706993103,2.079089641571045,2.149777412414551,2.492114305496216,4.507189750671387,4.549013614654541,4.304440021514893,4.121331691741943,4.160019397735596,3.9882731437683105,3.9964189529418945,4.113862991333008,4.189133167266846,4.367225170135498,4.711043357849121,4.960184574127197,5.213283538818359,5.40752649307251,5.6423516273498535,7.504186153411865,7.679744243621826,7.423274040222168,7.657055377960205,7.6757493019104,7.863086700439453,8.195272445678711,8.166378021240234,8.485809326171875,8.383001327514648,8.35387134552002,8.694839477539062,8.643511772155762,8.998066902160645,9.033854484558105
A10,2.629011869430542,2.335167407989502,2.0190062522888184,1.6839569807052612,1.4172366857528687,1.0428577661514282,0.7964986562728882,0.6081873774528503,0.3918464183807373,0.0,0.37293803691864014,0.5731857419013977,0.8678916692733765,1.2157232761383057,1.5012269020080566,3.159501552581787,3.1912059783935547,3.1472089290618896,2.789402484893799,2.7983970642089844,2.5533244609832764,2.3401479721069336,2.5377824306488037,2.233461618423462,2.036299705505371,2.3216445446014404,2.311234712600708,2.5913572311401367,2.6605727672576904,2.907252073287964,3.605139970779419,3.512822151184082,3.259006977081299,2.911491870880127,2.8378653526306152,2.45369029045105,2.360964775085449,2.1612489223480225,1.9692647457122803,1.6720161437988281,1.7831357717514038,1.5466349124908447,1.860807180404663,1.8941779136657715,2.227907180786133,4.348230361938477,4.416766166687012,4.192113399505615,4.032408237457275,4.104226112365723,3.9569599628448486,4.00091552734375,4.149475574493408,4.240096569061279,4.410393714904785,4.740572929382324,5.009106159210205,5.241373062133789,5.418456077575684,5.641311168670654,7.456104278564453,7.648757457733154,7.4058332443237305,7.650020599365234,7.686692714691162,7.8834309577941895,8.223478317260742,8.211023330688477,8.530162811279297,8.440343856811523,8.426671028137207,8.772807121276855,8.735328674316406,9.095052719116211,9.138460159301758
A11,2.8720703125,2.568614959716797,2.236412286758423,1.9342350959777832,1.6320698261260986,1.275862216949463,1.0657365322113037,0.7733914256095886,0.6672713160514832,0.37293803691864014,0.0,0.3751049041748047,0.6686006188392639,0.9618921279907227,1.2047145366668701,2.816371202468872,2.8595762252807617,2.8062021732330322,2.44820237159729,2.4773871898651123,2.2281553745269775,2.0431101322174072,2.252013683319092,1.965496301651001,1.7368505001068115,1.9979277849197388,1.984057903289795,2.2442619800567627,2.3006198406219482,2.539893627166748,3.309124708175659,3.2391233444213867,2.9812469482421875,2.647939443588257,2.604109764099121,2.224112033843994,2.1814584732055664,2.0149364471435547,1.8662729263305664,1.5658864974975586,1.6875834465026855,1.4386030435562134,1.721625804901123,1.7887225151062012,2.085467576980591,4.12642240524292,4.190995216369629,3.961928367614746,3.8279852867126465,3.906113386154175,3.786419630050659,3.8426222801208496,4.015008926391602,4.135378837585449,4.321290016174316,4.63774299621582,4.924888610839844,5.149845123291016,5.308854579925537,5.512537956237793,7.30134391784668,7.498307704925537,7.267040729522705,7.525903701782227,7.566983222961426,7.77926778793335,8.118644714355469,8.110127449035645,8.435663223266602,8.361067771911621,8.350909233093262,8.701333999633789,8.664855003356934,9.027985572814941,9.065269470214844
A12,3.170262336730957,2.882593870162964,2.5482912063598633,2.2325096130371094,1.9581180810928345,1.5831727981567383,1.3619484901428223,1.1100122928619385,0.909543514251709,0.5731857419013977,0.3751049041748047,0.0,0.38220950961112976,0.6664980053901672,0.9874969720840454,2.892879009246826,2.9815008640289307,2.924220323562622,2.573323965072632,2.6437418460845947,2.3812479972839355,2.2373249530792236,2.4307363033294678,2.146034002304077,1.8665997982025146,2.0793120861053467,1.9999662637710571,2.2461259365081787,2.2568209171295166,2.518089532852173,3.464707851409912,3.4343557357788086,3.1890459060668945,2.8684980869293213,2.86447811126709,2.493511438369751,2.480494976043701,2.344547986984253,2.202859878540039,1.8846842050552368,1.9684796333312988,1.676727294921875,1.9060697555541992,1.9207441806793213,2.198843002319336,4.31427001953125,4.3979291915893555,4.182760715484619,4.073420524597168,4.171223163604736,4.072568416595459,4.146792888641357,4.335373401641846,4.466394901275635,4.650647163391113,4.958738803863525,5.254634380340576,5.469349384307861,5.618183135986328,5.812932014465332,7.567084789276123,7.774168491363525,7.552718639373779,7.818629741668701,7.869288444519043,8.08761978149414,8.430087089538574,8.429301261901855,8.755059242248535,8.687585830688477,8.683938980102539,9.036343574523926,9.004878997802734,9.369767189025879,9.408493995666504
A13,3.3471786975860596,3.0857393741607666,2.728475332260132,2.4338269233703613,2.1846158504486084,1.7991150617599487,1.6376965045928955,1.411901831626892,1.2434802055358887,0.8678916692733765,0.6686006188392639,0.38220950961112976,0.0,0.38073286414146423,0.693755030632019,2.7783188819885254,2.9117910861968994,2.888319969177246,2.564039468765259,2.68723201751709,2.4528608322143555,2.3626041412353516,2.5864415168762207,2.340245485305786,2.0358757972717285,2.1992602348327637,2.1047332286834717,2.2956268787384033,2.246776580810547,2.4819626808166504,3.377554178237915,3.383549213409424,3.1724724769592285,2.854112386703491,2.8973865509033203,2.542447090148926,2.5426340103149414,2.4622976779937744,2.3098762035369873,1.9601856470108032,1.9803916215896606,1.644470453262329,1.8012369871139526,1.764158844947815,2.0122032165527344,4.200766086578369,4.313868045806885,4.125438690185547,4.0383124351501465,4.168981075286865,4.092185974121094,4.199997425079346,4.412164688110352,4.550127029418945,4.720514297485352,5.013473987579346,5.321897506713867,5.51453971862793,5.647820949554443,5.832195281982422,7.529616832733154,7.752771377563477,7.54435396194458,7.816734313964844,7.885095596313477,8.10898494720459,8.458263397216797,8.473906517028809,8.796661376953125,8.739910125732422,8.751713752746582,9.107319831848145,9.090299606323242,9.458666801452637,9.506674766540527
A14,3.7090370655059814,3.443065881729126,3.0824966430664062,2.7972047328948975,2.5341477394104004,2.156529426574707,1.990086555480957,1.7327017784118652,1.5719497203826904,1.2157232761383057,0.9618921279907227,0.6664980053901672,0.38073286414146423,0.0,0.3922958970069885,2.622776985168457,2.793022871017456,2.7566258907318115,2.446972608566284,2.608518123626709,2.370440721511841,2.3321480751037598,2.54314923286438,2.322604179382324,1.982352375984192,2.0827202796936035,1.9451124668121338,2.0949220657348633,1.998249888420105,2.2342612743377686,3.3036093711853027,3.3512392044067383,3.1465954780578613,2.857952833175659,2.9431252479553223,2.60844349861145,2.6615447998046875,2.616410732269287,2.504462957382202,2.166592597961426,2.184812545776367,1.8497217893600464,1.9514435529708862,1.9211924076080322,2.112323045730591,4.200148105621338,4.316202163696289,4.1321587562561035,4.079949378967285,4.220877647399902,4.176551818847656,4.2977447509765625,4.530848503112793,4.6944355964660645,4.8758978843688965,5.153082370758057,5.475841045379639,5.658975124359131,5.773749828338623,5.938018321990967,7.59206485748291,7.821298122406006,7.62717866897583,7.913308620452881,7.98785400390625,8.225942611694336,8.574122428894043,8.594868659973145,8.92219066619873,8.880228042602539,8.896181106567383,9.254755020141602,9.23928165435791,9.609813690185547,9.652314186096191
A15,3.876471757888794,3.615971565246582,3.241474151611328,2.989551067352295,2.7193658351898193,2.357048511505127,2.232682704925537,1.9581499099731445,1.8574597835540771,1.5012269020080566,1.2047145366668701,0.9874969720840454,0.693755030632019,0.3922958970069885,0.0,2.295346260070801,2.4975407123565674,2.484334945678711,2.205406665802002,2.411714553833008,2.209188222885132,2.2285711765289307,2.466029405593872,2.2997426986694336,1.9552515745162964,2.003497362136841,1.881088376045227,1.9604265689849854,1.8166260719299316,2.002763509750366,3.00370454788208,3.0848846435546875,2.904895067214966,2.635071277618408,2.7653746604919434,2.4588520526885986,2.5471653938293457,2.5574235916137695,2.4696545600891113,2.1374800205230713,2.1290481090545654,1.7979261875152588,1.8291163444519043,1.8094255924224854,1.9361892938613892,3.9174602031707764,4.0430450439453125,3.8726298809051514,3.848815441131592,4.008659362792969,3.9935216903686523,4.138315677642822,4.3942461013793945,4.576075077056885,4.756545066833496,5.013571262359619,5.350103378295898,5.515475749969482,5.610074996948242,5.755764007568359,7.355379104614258,7.59327507019043,7.413234710693359,7.709807872772217,7.79498291015625,8.044047355651855,8.393416404724121,8.424518585205078,8.752801895141602,8.725663185119629,8.751447677612305,9.11279582977295,9.105497360229492,9.478508949279785,9.522226333618164
B1,4.660540580749512,4.39808464050293,4.0557708740234375,3.9947669506073,3.6813762187957764,3.5073611736297607,3.5238842964172363,3.2060744762420654,3.3687398433685303,3.159501552581787,2.816371202468872,2.892879009246826,2.7783188819885254,2.622776985168457,2.295346260070801,0.0,0.39387407898902893,0.6227160692214966,0.8185395002365112,1.1584724187850952,1.3807237148284912,1.6987645626068115,1.9740461111068726,2.198756217956543,2.098081588745117,1.9418213367462158,2.106975555419922,1.8564931154251099,1.7475672960281372,1.463683009147644,0.9485536813735962,1.210004210472107,1.1506261825561523,1.2077617645263672,1.5590674877166748,1.6057679653167725,1.9384024143218994,2.2118725776672363,2.3899996280670166,2.341343402862549,2.3582234382629395,2.3404147624969482,2.180209159851074,2.4168169498443604,2.2355661392211914,2.248807668685913,2.2621684074401855,2.0718154907226562,2.228834390640259,2.3822858333587646,2.557048797607422,2.7517428398132324,3.0908710956573486,3.395223379135132,3.613440990447998,3.7342233657836914,4.1146626472473145,4.212789058685303,4.193572521209717,4.213313579559326,5.575948715209961,5.805489540100098,5.684732913970947,6.035295486450195,6.125655651092529,6.437776565551758,6.760592460632324,6.803353309631348,7.148317337036133,7.196181297302246,7.234914302825928,7.59946346282959,7.597518444061279,7.970418453216553,7.985221862792969
B2,4.538828372955322,4.269198894500732,3.9473114013671875,3.908266305923462,3.5885345935821533,3.452716827392578,3.4784739017486572,3.1633198261260986,3.3604061603546143,3.1912059783935547,2.8595762252807617,2.9815008640289307,2.9117910861968994,2.793022871017456,2.4975407123565674,0.39387407898902893,0.0,0.3947502076625824,0.6616724133491516,0.9090569019317627,1.2109934091567993,1.5121678113937378,1.7836780548095703,2.046405553817749,2.0145022869110107,1.884230613708496,2.1106066703796387,1.8851269483566284,1.8509604930877686,1.573824405670166,0.7604944109916687,0.9348499774932861,0.8071910738945007,0.9331223368644714,1.2620537281036377,1.3637993335723877,1.721287488937378,1.9946990013122559,2.21966552734375,2.235429525375366,2.2914984226226807,2.3351118564605713,2.2108616828918457,2.4936914443969727,2.3323817253112793,2.1349120140075684,2.0861618518829346,1.84341561794281,1.9812145233154297,2.0877015590667725,2.259033203125,2.424778699874878,2.7561144828796387,3.0729570388793945,3.3106603622436523,3.4316494464874268,3.808168888092041,3.921420097351074,3.907010078430176,3.927039384841919,5.3473801612854,5.558980941772461,5.426070213317871,5.774271011352539,5.846995830535889,6.158786773681641,6.474732398986816,6.502819538116455,6.853036880493164,6.89599084854126,6.922050476074219,7.285462856292725,7.2717390060424805,7.6431756019592285,7.64888334274292
B3,4.610233306884766,4.316086769104004,4.005704402923584,3.942622423171997,3.6002886295318604,3.4628522396087646,3.4485421180725098,3.111069679260254,3.294236660003662,3.1472089290618896,2.8062021732330322,2.924220323562622,2.888319969177246,2.7566258907318115,2.484334945678711,0.6227160692214966,0.3947502076625824,0.0,0.3910007178783417,0.6278629302978516,0.9139714241027832,1.256155252456665,1.4725455045700073,1.761654019355774,1.7417179346084595,1.5736398696899414,1.8092570304870605,1.569349765777588,1.5732566118240356,1.29161536693573,1.1116971969604492,1.2240625619888306,0.997765839099884,1.1265590190887451,1.3755627870559692,1.4361755847930908,1.8190956115722656,2.030866861343384,2.2893080711364746,2.319411277770996,2.4304323196411133,2.4681074619293213,2.398961305618286,2.692749500274658,2.5754411220550537,2.4946184158325195,2.4134137630462646,2.139819622039795,2.258535385131836,2.3129961490631104,2.4653894901275635,2.5806984901428223,2.888231039047241,3.2138378620147705,3.4810352325439453,3.6171746253967285,3.9843533039093018,4.1241607666015625,4.121618747711182,4.144286155700684,5.604489326477051,5.798089027404785,5.65889310836792,6.006577014923096,6.0597333908081055,6.372983455657959,6.678317546844482,6.68776273727417,7.044677257537842,7.083436965942383,7.0915632247924805,7.45241117477417,7.420073509216309,7.788171291351318,7.776853084564209
B4,4.3419318199157715,4.033905029296875,3.7239067554473877,3.6368651390075684,3.283438205718994,3.1356921195983887,3.098447561264038,2.751490831375122,2.9259963035583496,2.789402484893799,2.44820237159729,2.573323965072632,2.564039468765259,2.446972608566284,2.205406665802002,0.8185395002365112,0.6616724133491516,0.3910007178783417,0.0,0.38330841064453125,0.5686302781105042,0.9070424437522888,1.1578165292739868,1.4080517292022705,1.366653323173523,1.228102684020996,1.4793025255203247,1.2907577753067017,1.3368333578109741,1.1299551725387573,1.371096134185791,1.4162499904632568,1.1222436428070068,1.132164478302002,1.316054105758667,1.2748572826385498,1.6501336097717285,1.8062419891357422,2.056497097015381,2.067467212677002,2.2122812271118164,2.2321605682373047,2.2133219242095947,2.512730121612549,2.446411371231079,2.704303741455078,2.6347200870513916,2.3463540077209473,2.4093453884124756,2.4509975910186768,2.549899101257324,2.64009690284729,2.9268438816070557,3.233071804046631,3.507117748260498,3.680875539779663,4.040284633636475,4.2065534591674805,4.234177589416504,4.287904262542725,5.837150573730469,6.025163173675537,5.86679744720459,6.202512264251709,6.246066093444824,6.54620361328125,6.854658603668213,6.853849411010742,7.2108001708984375,7.230775356292725,7.2290496826171875,7.589452266693115,7.549012660980225,7.9170637130737305,7.906389236450195
B5,4.222094535827637,3.9012978076934814,3.6174333095550537,3.541499137878418,3.179297685623169,3.0692617893218994,3.0277059078216553,2.6838202476501465,2.8846166133880615,2.7983970642089844,2.4773871898651123,2.6437418460845947,2.68723201751709,2.608518123626709,2.411714553833008,1.1584724187850952,0.9090569019317627,0.6278629302978516,0.38330841064453125,0.0,0.3840404450893402,0.6607577800750732,0.8874173164367676,1.1864038705825806,1.2474756240844727,1.1596128940582275,1.4784520864486694,1.3519418239593506,1.4929074048995972,1.334039330482483,1.5130231380462646,1.4634860754013062,1.104853630065918,1.1245709657669067,1.1995536088943481,1.1637866497039795,1.540157437324524,1.6460387706756592,1.9438470602035522,2.0185842514038086,2.216367244720459,2.2856826782226562,2.3188204765319824,2.647779941558838,2.614109992980957,2.7987172603607178,2.6842026710510254,2.35880970954895,2.3831238746643066,2.366786003112793,2.4358878135681152,2.473595142364502,2.7307956218719482,3.038088083267212,3.3351500034332275,3.5215656757354736,3.8672099113464355,4.058987140655518,4.102076053619385,4.164994716644287,5.779732704162598,5.946329593658447,5.772456169128418,6.1003336906433105,6.121962547302246,6.416581153869629,6.716070652008057,6.695929527282715,7.057005405426025,7.066570281982422,7.047357082366943,7.404562950134277,7.34783411026001,7.712510108947754,7.690520763397217
B6,4.148490905761719,3.810835123062134,3.5281736850738525,3.414358377456665,3.038177728652954,2.9063916206359863,2.8209497928619385,2.459388494491577,2.629854917526245,2.5533244609832764,2.2281553745269775,2.3812479972839355,2.4528608322143555,2.370440721511841,2.209188222885132,1.3807237148284912,1.2109934091567993,0.9139714241027832,0.5686302781105042,0.3840404450893402,0.0,0.38236600160598755,0.5946587324142456,0.8479055166244507,0.8695199489593506,0.7828816175460815,1.1150388717651367,1.0432475805282593,1.2374986410140991,1.1661969423294067,1.859349250793457,1.815971851348877,1.4546124935150146,1.408457636833191,1.4441136121749878,1.3143641948699951,1.6538515090942383,1.684788703918457,1.9584146738052368,1.997991919517517,2.2253201007843018,2.2560760974884033,2.336432695388794,2.6505167484283447,2.6631886959075928,3.1328787803649902,3.0354628562927246,2.7128703594207764,2.7155981063842773,2.698268175125122,2.7365691661834717,2.757096290588379,2.993434429168701,3.282170295715332,3.581965208053589,3.79378604888916,4.130029201507568,4.339651107788086,4.402287006378174,4.48335599899292,6.137951850891113,6.3013434410095215,6.118780136108398,6.439952850341797,6.45518684387207,6.742156505584717,7.041529655456543,7.0135817527771,7.374592304229736,7.372851371765137,7.345361232757568,7.700909614562988,7.636321544647217,7.999343395233154,7.974417209625244
B7,3.8596041202545166,3.5099704265594482,3.245750665664673,3.1269195079803467,2.7439796924591064,2.634568691253662,2.538034200668335,2.181469440460205,2.3698527812957764,2.3401479721069336,2.0431101322174072,2.2373249530792236,2.3626041412353516,2.3321480751037598,2.2285711765289307,1.6987645626068115,1.5121678113937378,1.256155252456665,0.9070424437522888,0.6607577800750732,0.38236600160598755,0.0,0.3954479694366455,0.5606998801231384,0.6855865120887756,0.7690829038619995,1.1318780183792114,1.1903929710388184,1.440365195274353,1.4534903764724731,2.0915043354034424,1.9859468936920166,1.6027899980545044,1.4975229501724243,1.4384362697601318,1.2468194961547852,1.5310134887695312,1.4771409034729004,1.752547025680542,1.8161996603012085,2.0904104709625244,2.142493486404419,2.2846755981445312,2.609327793121338,2.670745372772217,3.2805440425872803,3.1754744052886963,2.8390510082244873,2.790709972381592,2.746424674987793,2.733943462371826,2.7179651260375977,2.9196853637695312,3.1833300590515137,3.487691879272461,3.728400230407715,4.0475077629089355,4.2822442054748535,4.372596740722656,4.480221271514893,6.211417198181152,6.362811088562012,6.160360813140869,6.4665913581848145,6.46769905090332,6.739745140075684,7.03786039352417,6.996669769287109,7.356420516967773,7.3356428146362305,7.295933246612549,7.648501873016357,7.574106216430664,7.934689998626709,7.909026622772217
B8,4.088466167449951,3.7245543003082275,3.485081911087036,3.352285146713257,2.961972951889038,2.863731622695923,2.729461908340454,2.3690645694732666,2.532984495162964,2.5377824306488037,2.252013683319092,2.4307363033294678,2.5864415168762207,2.54314923286438,2.466029405593872,1.9740461111068726,1.7836780548095703,1.4725455045700073,1.1578165292739868,0.8874173164367676,0.5946587324142456,0.3954479694366455,0.0,0.38810282945632935,0.6425895094871521,0.6778760552406311,1.0440982580184937,1.1284096240997314,1.4440377950668335,1.4854975938796997,2.38623046875,2.285658359527588,1.8970532417297363,1.8406589031219482,1.765419602394104,1.6035988330841064,1.8785310983657837,1.7889604568481445,2.0755717754364014,2.1587235927581787,2.4526350498199463,2.5042672157287598,2.66552734375,2.9847915172576904,3.057650566101074,3.606818437576294,3.477823495864868,3.1294844150543213,3.089097023010254,3.01395845413208,3.0050435066223145,2.955444097518921,3.1338798999786377,3.402754783630371,3.7249772548675537,3.9627153873443604,4.268895149230957,4.517148971557617,4.608354568481445,4.708155155181885,6.4391984939575195,6.574402809143066,6.371572494506836,6.678310394287109,6.6628570556640625,6.9377055168151855,7.222939491271973,7.165811061859131,7.5301361083984375,7.509523868560791,7.454108715057373,7.8020853996276855,7.710786819458008,8.065847396850586,8.022530555725098
B9,3.8840346336364746,3.510831594467163,3.2750446796417236,3.109750509262085,2.715000867843628,2.6017932891845703,2.4314565658569336,2.066849946975708,2.2058539390563965,2.233461618423462,1.965496301651001,2.146034002304077,2.340245485305786,2.322604179382324,2.2997426986694336,2.198756217956543,2.046405553817749,1.761654019355774,1.4080517292022705,1.1864038705825806,0.8479055166244507,0.5606998801231384,0.38810282945632935,0.0,0.38904571533203125,0.619978129863739,0.9316168427467346,1.1467312574386597,1.4724693298339844,1.6056773662567139,2.6506927013397217,2.543912887573242,2.1573896408081055,2.0404117107391357,1.9433128833770752,1.7148101329803467,1.9335577487945557,1.7833856344223022,2.0214483737945557,2.0681092739105225,2.3777718544006348,2.4002578258514404,2.605681896209717,2.9054086208343506,3.023409605026245,3.8314080238342285,3.724426031112671,3.382659912109375,3.3154354095458984,3.2502646446228027,3.2088027000427246,3.1561355590820312,3.3188157081604004,3.559791088104248,3.8717119693756104,4.134883880615234,4.431663513183594,4.691928386688232,4.804507732391357,4.928127288818359,6.703533172607422,6.840421199798584,6.626038551330566,6.922323226928711,6.905674457550049,7.168026447296143,7.458026885986328,7.3983283042907715,7.759039878845215,7.723487854003906,7.665063858032227,8.01180648803711,7.919094085693359,8.273472785949707,8.235753059387207
B10,3.9333393573760986,3.566499948501587,3.302145004272461,3.106598377227783,2.7142703533172607,2.546062707901001,2.3554677963256836,1.9733474254608154,2.061845302581787,2.036299705505371,1.7368505001068115,1.8665997982025146,2.0358757972717285,1.982352375984192,1.9552515745162964,2.098081588745117,2.0145022869110107,1.7417179346084595,1.366653323173523,1.2474756240844727,0.8695199489593506,0.6855865120887756,0.6425895094871521,0.38904571533203125,0.0,0.37997379899024963,0.6182792782783508,0.884986400604248,1.1803621053695679,1.3723726272583008,2.665783166885376,2.606255292892456,2.241018295288086,2.0998194217681885,2.0592236518859863,1.8019516468048096,2.0232994556427,1.9004814624786377,2.089702606201172,2.061514139175415,2.3381104469299316,2.298234701156616,2.4881014823913574,2.755181312561035,2.875730276107788,3.8711681365966797,3.8004841804504395,3.4806997776031494,3.4314489364624023,3.407276153564453,3.3795108795166016,3.3647654056549072,3.552447557449341,3.79254150390625,4.088738441467285,4.3515520095825195,4.661317825317383,4.906976699829102,5.013780117034912,5.1372480392456055,6.885615825653076,7.040401935577393,6.834348678588867,7.135988712310791,7.136303901672363,7.40144157409668,7.7011566162109375,7.655919075012207,8.014180183410645,7.983146667480469,7.937709808349609,8.288189888000488,8.207730293273926,8.566032409667969,8.538407325744629
B11,4.285107135772705,3.9236207008361816,3.6487996578216553,3.457298994064331,3.0675275325775146,2.885686159133911,2.7004003524780273,2.314598560333252,2.384443759918213,2.3216445446014404,1.9979277849197388,2.0793120861053467,2.1992602348327637,2.0827202796936035,2.003497362136841,1.9418213367462158,1.884230613708496,1.5736398696899414,1.228102684020996,1.1596128940582275,0.7828816175460815,0.7690829038619995,0.6778760552406311,0.619978129863739,0.37997379899024963,0.0,0.3745209276676178,0.530483067035675,0.8576065301895142,1.0329352617263794,2.588029384613037,2.577101230621338,2.225594997406006,2.1365678310394287,2.1521010398864746,1.9399861097335815,2.211575508117676,2.14406156539917,2.3526499271392822,2.319948673248291,2.569286823272705,2.516507863998413,2.659181594848633,2.9194140434265137,3.0007646083831787,3.8667447566986084,3.795092821121216,3.4821908473968506,3.4747886657714844,3.461421251296997,3.4738125801086426,3.4766077995300293,3.686640739440918,3.951821804046631,4.25319766998291,4.493033409118652,4.815218448638916,5.045654296875,5.129888534545898,5.228957176208496,6.9157257080078125,7.075697422027588,6.8865966796875,7.201953887939453,7.208990573883057,7.4886698722839355,7.785608291625977,7.746499538421631,8.108080863952637,8.093944549560547,8.053848266601562,8.406051635742188,8.328322410583496,8.68752670288086,8.654338836669922
B12,4.458957672119141,4.098596572875977,3.815742254257202,3.5940334796905518,3.2093772888183594,2.992509603500366,2.776014566421509,2.3885412216186523,2.399109363555908,2.311234712600708,1.984057903289795,1.9999662637710571,2.1047332286834717,1.9451124668121338,1.881088376045227,2.106975555419922,2.1106066703796387,1.8092570304870605,1.4793025255203247,1.4784520864486694,1.1150388717651367,1.1318780183792114,1.0440982580184937,0.9316168427467346,0.6182792782783508,0.3745209276676178,0.0,0.39435940980911255,0.6810956597328186,0.9748603105545044,2.8385727405548096,2.8630897998809814,2.5301272869110107,2.4332845211029053,2.4755992889404297,2.249260187149048,2.509438991546631,2.4415557384490967,2.6156647205352783,2.537957191467285,2.7670319080352783,2.6666946411132812,2.8045570850372314,3.028151512145996,3.1183083057403564,4.127774238586426,4.078546524047852,3.7808477878570557,3.7857606410980225,3.792440891265869,3.81095290184021,3.8280909061431885,4.0447235107421875,4.306710243225098,4.601504325866699,4.843367576599121,5.168666839599609,5.394832611083984,5.477984428405762,5.577215671539307,7.246551036834717,7.414454936981201,7.23054838180542,7.548691272735596,7.56244421005249,7.843590259552002,8.143559455871582,8.109210014343262,8.4700345993042,8.45754337310791,8.42100715637207,8.774044036865234,8.69899845123291,9.05888557434082,9.027280807495117
B13,4.713706970214844,4.3623504638671875,4.066105842590332,3.863438606262207,3.4817535877227783,3.263082504272461,3.074488401412964,2.6864447593688965,2.712122678756714,2.5913572311401367,2.2442619800567627,2.2461259365081787,2.2956268787384033,2.0949220657348633,1.9604265689849854,1.8564931154251099,1.8851269483566284,1.569349765777588,1.2907577753067017,1.3519418239593506,1.0432475805282593,1.1903929710388184,1.1284096240997314,1.1467312574386597,0.884986400604248,0.530483067035675,0.39435940980911255,0.0,0.3661818504333496,0.5984094142913818,2.636798858642578,2.7057695388793945,2.3965888023376465,2.3465874195098877,2.441098928451538,2.261293649673462,2.5622847080230713,2.551823139190674,2.7460765838623047,2.6734869480133057,2.87532377243042,2.7781293392181396,2.86453914642334,3.0896337032318115,3.1326420307159424,3.9700582027435303,3.9216153621673584,3.63543701171875,3.679077625274658,3.699880361557007,3.7563602924346924,3.795462131500244,4.035467147827148,4.318992614746094,4.613566875457764,4.830658435821533,5.168651103973389,5.375450611114502,5.435019493103027,5.510509967803955,7.11094856262207,7.286146640777588,7.119626522064209,7.4500861167907715,7.473791122436523,7.768069267272949,8.067054748535156,8.042597770690918,8.404772758483887,8.409623146057129,8.382418632507324,8.737541198730469,8.669814109802246,9.031338691711426,8.998808860778809
B14,4.862508773803711,4.524272441864014,4.207767009735107,4.001504421234131,3.6307015419006348,3.38515305519104,3.2072534561157227,2.823427200317383,2.828646421432495,2.6605727672576904,2.3006198406219482,2.2568209171295166,2.246776580810547,1.998249888420105,1.8166260719299316,1.7475672960281372,1.8509604930877686,1.5732566118240356,1.3368333578109741,1.4929074048995972,1.2374986410140991,1.440365195274353,1.4440377950668335,1.4724693298339844,1.1803621053695679,0.8576065301895142,0.6810956597328186,0.3661818504333496,0.0,0.38413187861442566,2.6060917377471924,2.7252919673919678,2.454620122909546,2.4059181213378906,2.55173921585083,2.3798112869262695,2.684424638748169,2.7126893997192383,2.8822762966156006,2.7725138664245605,2.9329354763031006,2.801567792892456,2.8461732864379883,3.0406665802001953,3.0582077503204346,3.9357845783233643,3.916907548904419,3.6576931476593018,3.726722478866577,3.7820911407470703,3.8595452308654785,3.932084083557129,4.19394063949585,4.480677604675293,4.761031150817871,4.967158794403076,5.316367149353027,5.503908157348633,5.550533294677734,5.617484092712402,7.164072036743164,7.355434894561768,7.201896667480469,7.538998126983643,7.579836845397949,7.879380226135254,8.18513298034668,8.176204681396484,8.535550117492676,8.549873352050781,8.536942481994629,8.895073890686035,8.840662002563477,9.205415725708008,9.18178653717041
