,A1,A2,A3,A4,A5,A6,A7,A8,A9,A10,A11,A12,A13,A14,A15,B1,B2,B3,B4,B5,B6,B7,B8,B9,B10,B11,B12,B13,B14,B15,C1,C2,C3,C4,C5,C6,C7,C8,C9,C10,C11,C12,C13,C14,C15,D1,D2,D3,D4,D5,D6,D7,D8,D9,D10,D11,D12,D13,D14,D15,E1,E2,E3,E4,E5,E6,E7,E8,E9,E10,E11,E12,E13,E14,E15
A1,0.0,0.406476229429245,0.6449143886566162,0.903459370136261,1.211179494857788,1.484999656677246,1.7255234718322754,2.021695613861084,2.209129571914673,2.3614675998687744,2.5169360637664795,2.8448596000671387,3.0167460441589355,3.233391046524048,3.2739784717559814,2.5561864376068115,2.85127592086792,3.1936755180358887,3.320100784301758,3.607193946838379,3.8303492069244385,4.074095726013184,4.362159729003906,4.537397384643555,4.619397163391113,4.834214210510254,5.068929672241211,5.037204265594482,5.283619403839111,5.146788597106934,4.6722636222839355,4.845338821411133,4.850396633148193,5.232023239135742,5.360767841339111,5.597146987915039,5.954301834106445,6.049737930297852,6.373322486877441,6.34480094909668,6.40627908706665,6.714953899383545,6.752697467803955,6.725113868713379,6.567675590515137,4.851266384124756,4.832072734832764,4.742091178894043,5.074264049530029,4.975527286529541,5.135476589202881,5.387840270996094,5.208920955657959,5.541111469268799,5.432158946990967,5.105937957763672,5.268015384674072,5.128782272338867,4.900442600250244,4.545497417449951,3.448631525039673,3.6134591102600098,3.5841422080993652,3.9587907791137695,4.0695109367370605,4.279382228851318,4.634182453155518,4.678454875946045,5.030397415161133,5.031434059143066,4.957420825958252,5.315657615661621,5.3267717361450195,5.470361709594727,5.408766269683838
A2,0.406476229429245,0.0,0.3993380665779114,0.639846682548523,0.8651478886604309,1.1892205476760864,1.4117144346237183,1.6787325143814087,1.8932775259017944,2.066920757293701,2.194654941558838,2.519144296646118,2.7216999530792236,2.9449048042297363,2.9798858165740967,2.504848003387451,2.8233189582824707,3.1469368934631348,3.3113625049591064,3.6019163131713867,3.8335442543029785,4.1004743576049805,4.36485481262207,4.566044807434082,4.6305623054504395,4.820098876953125,5.063878536224365,5.025254726409912,5.249695777893066,5.093225955963135,4.435765743255615,4.58427619934082,4.577464580535889,4.960731506347656,5.068613052368164,5.308230876922607,5.662991046905518,5.741957187652588,6.07365083694458,6.046355724334717,6.0919318199157715,6.404933929443359,6.445572376251221,6.412935256958008,6.2480082511901855,4.475380897521973,4.4448561668396,4.355489730834961,4.683907985687256,4.578551769256592,4.742159366607666,4.990417957305908,4.810042858123779,5.144150257110596,5.042165756225586,4.717391014099121,4.882260799407959,4.752859592437744,4.530810356140137,4.180748462677002,3.0436325073242188,3.212923765182495,3.184810161590576,3.5597002506256104,3.6791627407073975,3.8925087451934814,4.248278617858887,4.3045334815979,4.652532577514648,4.659186363220215,4.5977888107299805,4.95846700668335,4.974453449249268,5.132519245147705,5.0866780281066895
A3,0.6449143886566162,0.3993380665779114,0.0,0.3912152349948883,0.6308327317237854,0.9059572815895081,1.2042516469955444,1.4548734426498413,1.6909006834030151,1.803685188293457,1.9188560247421265,2.264901638031006,2.4424753189086914,2.6351852416992188,2.6514780521392822,2.1352689266204834,2.4513113498687744,2.7723398208618164,2.954301118850708,3.237241506576538,3.4799985885620117,3.750087022781372,4.002683162689209,4.217141628265381,4.283324241638184,4.460118770599365,4.71337890625,4.684150695800781,4.905179977416992,4.752655506134033,4.080807209014893,4.236395359039307,4.247453212738037,4.631363868713379,4.749993324279785,4.998697757720947,5.349735736846924,5.442835330963135,5.770474910736084,5.756270885467529,5.81412410736084,6.131039619445801,6.184453964233398,6.1700310707092285,6.0218000411987305,4.318691730499268,4.297408103942871,4.238468170166016,4.57706880569458,4.487060546875,4.678238391876221,4.931392669677734,4.768520355224609,5.113969802856445,5.035844326019287,4.724725246429443,4.909029006958008,4.804806232452393,4.605114459991455,4.266547679901123,2.9217615127563477,3.0587856769561768,3.056392192840576,3.438171625137329,3.531120777130127,3.7697503566741943,4.111259460449219,4.153526782989502,4.5077900886535645,4.53992223739624,4.467252254486084,4.823432922363281,4.868288516998291,5.029047012329102,4.974705696105957
A4,0.903459370136261,0.639846682548523,0.3912152349948883,0.0,0.3909766674041748,0.5833715796470642,0.8479675650596619,1.143804669380188,1.3349432945251465,1.4611637592315674,1.6182684898376465,1.9465810060501099,2.114335536956787,2.335449695587158,2.3914477825164795,2.2064263820648193,2.495680809020996,2.817094087600708,3.03621768951416,3.289733409881592,3.5628952980041504,3.825061559677124,4.0565667152404785,4.294492244720459,4.37624454498291,4.529176235198975,4.802993297576904,4.7957963943481445,5.0107879638671875,4.864901065826416,4.05307674407959,4.1845927238464355,4.215160846710205,4.600755214691162,4.7019147872924805,4.972117900848389,5.310790538787842,5.3966569900512695,5.732025146484375,5.740179061889648,5.786625862121582,6.115518093109131,6.188719272613525,6.185019493103027,6.040464878082275,4.281421661376953,4.231363773345947,4.1912055015563965,4.519041538238525,4.407553195953369,4.615126609802246,4.847573757171631,4.670856475830078,5.018665313720703,4.96330451965332,4.650264739990234,4.822410583496094,4.7412800788879395,4.539186000823975,4.213611602783203,2.769035577774048,2.8674075603485107,2.833587408065796,3.2095305919647217,3.273776054382324,3.4981002807617188,3.836900234222412,3.8552086353302,4.2155561447143555,4.237186431884766,4.145567417144775,4.498335838317871,4.539865493774414,4.6865739822387695,4.618607521057129
A5,1.211179494857788,0.8651478886604309,0.6308327317237854,0.3909766674041748,0.0,0.3861595094203949,0.6240332126617432,0.8323314189910889,1.0946393013000488,1.2373312711715698,1.3320856094360352,1.6634328365325928,1.8769081830978394,2.096123456954956,2.1333556175231934,2.228264093399048,2.536128282546997,2.82370662689209,3.0732548236846924,3.329332113265991,3.5999419689178467,3.8838963508605957,4.089329242706299,4.347422122955322,4.405909538269043,4.5334696769714355,4.810043811798096,4.791471004486084,4.9812211990356445,4.814407825469971,3.822127103805542,3.926906108856201,3.9417169094085693,4.3271355628967285,4.406461715698242,4.677309036254883,5.013556003570557,5.082347869873047,5.424817085266113,5.432180881500244,5.463112831115723,5.7948102951049805,5.869365692138672,5.860167503356934,5.7087507247924805,3.906583309173584,3.8480682373046875,3.811707019805908,4.137058734893799,4.023515701293945,4.237393856048584,4.4680047035217285,4.2952189445495605,4.6457839012146,4.599409103393555,4.292262077331543,4.472043991088867,4.403683185577393,4.214690208435059,3.897897958755493,2.3806912899017334,2.481440782546997,2.459386110305786,2.8387551307678223,2.9132940769195557,3.1504385471343994,3.48844313621521,3.5239980220794678,3.87965726852417,3.9150900840759277,3.841217279434204,4.196861267089844,4.250105381011963,4.417990207672119,4.371265888214111
A6,1.484999656677246,1.1892205476760864,0.9059572815895081,0.5833715796470642,0.3861595094203949,0.0,0.38506338000297546,0.613119900226593,0.8271299600601196,0.8980300426483154,1.0369082689285278,1.3724346160888672,1.540822982788086,1.7590311765670776,1.8213894367218018,2.1272809505462646,2.3971683979034424,2.6809558868408203,2.958202838897705,3.1811604499816895,3.4771571159362793,3.748157501220703,3.9331860542297363,4.209412574768066,4.2846598625183105,4.3910136222839355,4.6852498054504395,4.691401958465576,4.878936290740967,4.726119041442871,3.673262596130371,3.7698962688446045,3.817331075668335,4.201254367828369,4.280045509338379,4.571922779083252,4.894562721252441,4.972272872924805,5.313863754272461,5.347378253936768,5.382653713226318,5.723406791687012,5.8206048011779785,5.833461761474609,5.699149131774902,3.934382677078247,3.864413261413574,3.8637101650238037,4.184904098510742,4.068897247314453,4.309928894042969,4.527099609375,4.3578386306762695,4.713465690612793,4.697712421417236,4.400717735290527,4.581218242645264,4.543047904968262,4.366274356842041,4.0679850578308105,2.380209445953369,2.418057441711426,2.3889706134796143,2.7607338428497314,2.7853221893310547,3.025806188583374,3.3464581966400146,3.346578359603882,3.7110180854797363,3.755098342895508,3.653332233428955,4.0000176429748535,4.070576190948486,4.223771095275879,4.155055522918701
A7,1.7255234718322754,1.4117144346237183,1.2042516469955444,0.8479675650596619,0.6240332126617432,0.38506338000297546,0.0,0.37885764241218567,0.4885210394859314,0.6879660487174988,0.876124382019043,1.1456307172775269,1.346311092376709,1.627770185470581,1.7484184503555298,2.462831974029541,2.7159571647644043,2.9869062900543213,3.282374620437622,3.4872727394104004,3.793983221054077,4.061030387878418,4.228276252746582,4.517740726470947,4.596230506896973,4.6838459968566895,4.986923694610596,5.000898838043213,5.177239418029785,5.021908283233643,3.8188841342926025,3.8789594173431396,3.926551342010498,4.306351184844971,4.354068279266357,4.656988143920898,4.966740131378174,5.022531032562256,5.373455047607422,5.418920993804932,5.430823802947998,5.778883457183838,5.886322975158691,5.896224021911621,5.753964424133301,3.8955297470092773,3.789273738861084,3.7906625270843506,4.091096878051758,3.9446961879730225,4.186739444732666,4.3779296875,4.187061786651611,4.5375566482543945,4.534980297088623,4.232614517211914,4.391689777374268,4.368310451507568,4.183318138122559,3.8979198932647705,2.2152464389801025,2.2270612716674805,2.1458466053009033,2.504032611846924,2.5143754482269287,2.7252769470214844,3.0516529083251953,3.039337396621704,3.405555009841919,3.4268314838409424,3.3171329498291016,3.6652023792266846,3.7189390659332275,3.8640525341033936,3.794010877609253
A8,2.021695613861084,1.6787325143814087,1.4548734426498413,1.143804669380188,0.8323314189910889,0.613119900226593,0.37885764241218567,0.0,0.37803640961647034,0.534253716468811,0.5757240056991577,0.8512787818908691,1.1159635782241821,1.3805245161056519,1.4726940393447876,2.484138250350952,2.742016077041626,2.974238395690918,3.2918701171875,3.492992401123047,3.7932987213134766,4.075572967529297,4.2154860496521,4.520966529846191,4.578024387359619,4.639858722686768,4.94359016418457,4.949033737182617,5.10048770904541,4.929079532623291,3.5640156269073486,3.5963287353515625,3.6341638565063477,4.010186195373535,4.037430286407471,4.342800140380859,4.646357536315918,4.688675880432129,5.044072151184082,5.093216896057129,5.09304141998291,5.443845272064209,5.556425094604492,5.56662130355835,5.423531532287598,3.55509877204895,3.441687822341919,3.4594759941101074,3.7570230960845947,3.6137993335723877,3.8707938194274902,4.05934476852417,3.8796603679656982,4.234331130981445,4.249429225921631,3.9604361057281494,4.13207483291626,4.130128860473633,3.9676151275634766,3.6985926628112793,1.881905436515808,1.8705413341522217,1.810866355895996,2.172757148742676,2.1790387630462646,2.4160549640655518,2.7341361045837402,2.7352097034454346,3.098633050918579,3.146561622619629,3.0530617237091064,3.4017632007598877,3.4805002212524414,3.6503965854644775,3.601842164993286
A9,2.209129571914673,1.8932775259017944,1.6909006834030151,1.3349432945251465,1.0946393013000488,0.8271299600601196,0.4885210394859314,0.37803640961647034,0.0,0.38088375329971313,0.5938574075698853,0.732797384262085,0.9482285380363464,1.282204508781433,1.4651758670806885,2.7070701122283936,2.9283692836761475,3.1668972969055176,3.4927499294281006,3.664775848388672,3.9847021102905273,4.246554374694824,4.3773393630981445,4.689767837524414,4.768811225891113,4.820411205291748,5.136784076690674,5.165130138397217,5.320531368255615,5.164888858795166,3.76737904548645,3.783496141433716,3.8456437587738037,4.214848041534424,4.230376720428467,4.5514702796936035,4.838063716888428,4.8769707679748535,5.233101844787598,5.304009914398193,5.296421051025391,5.6537580490112305,5.783430576324463,5.804343223571777,5.667215347290039,3.7802274227142334,3.639415979385376,3.6714460849761963,3.9486961364746094,3.782257080078125,4.045251369476318,4.205803394317627,4.008738994598389,4.356566429138184,4.390642166137695,4.100243091583252,4.2482500076293945,4.264041900634766,4.093167304992676,3.839233160018921,2.0356078147888184,1.9704490900039673,1.851162075996399,2.1814610958099365,2.137948989868164,2.3332648277282715,2.6431193351745605,2.5986905097961426,2.9694395065307617,2.990232229232788,2.8605573177337646,3.2022926807403564,3.2668404579162598,3.40612530708313,3.329341173171997
A10,2.3614675998687744,2.066920757293701,1.803685188293457,1.4611637592315674,1.2373312711715698,0.8980300426483154,0.6879660487174988,0.534253716468811,0.38088375329971313,0.0,0.3651934564113617,0.5534977912902832,0.6647139191627502,0.9579757452011108,1.1388943195343018,2.479264497756958,2.6702396869659424,2.890483856201172,3.230289936065674,3.3785948753356934,3.70646071434021,3.9606945514678955,4.072534084320068,4.394939422607422,4.478275775909424,4.513197898864746,4.836946487426758,4.87880802154541,5.029586315155029,4.883619785308838,3.4852867126464844,3.50799298286438,3.5984373092651367,3.964665412902832,3.9943807125091553,4.326704502105713,4.605708122253418,4.664216995239258,5.012591361999512,5.100438117980957,5.109905242919922,5.469679355621338,5.613826751708984,5.656885147094727,5.5412726402282715,3.7680795192718506,3.6442503929138184,3.710888624191284,3.9966111183166504,3.8545334339141846,4.141884803771973,4.308874607086182,4.137240886688232,4.491273403167725,4.545809745788574,4.274604797363281,4.442340850830078,4.476919174194336,4.329943656921387,4.0869059562683105,2.1353020668029785,2.0249972343444824,1.953960657119751,2.2762084007263184,2.1904516220092773,2.4178049564361572,2.693572759628296,2.6250975131988525,2.997304916381836,3.055327892303467,2.9088568687438965,3.2350575923919678,3.3401360511779785,3.476722478866577,3.384979486465454
A11,2.5169360637664795,2.194654941558838,1.9188560247421265,1.6182684898376465,1.3320856094360352,1.0369082689285278,0.876124382019043,0.5757240056991577,0.5938574075698853,0.3651934564113617,0.0,0.37836483120918274,0.6029285192489624,0.8141109943389893,0.9077160358428955,2.439419984817505,2.6470425128936768,2.829162120819092,3.1804983615875244,3.3369855880737305,3.648353099822998,3.9225058555603027,4.014837741851807,4.345872402191162,4.401327133178711,4.418761730194092,4.736340522766113,4.761160373687744,4.8887481689453125,4.7231621742248535,3.1986632347106934,3.2022705078125,3.276113986968994,3.641245126724243,3.657806396484375,3.9870798587799072,4.2667670249938965,4.3158392906188965,4.6675825119018555,4.751102924346924,4.753940582275391,5.11368465423584,5.256404399871826,5.2968668937683105,5.179734706878662,3.4197676181793213,3.302116870880127,3.3815603256225586,3.6711294651031494,3.5436534881591797,3.8420674800872803,4.016680717468262,3.864250421524048,4.222635746002197,4.2860331535339355,4.029761791229248,4.216762542724609,4.263102054595947,4.13992977142334,3.907172679901123,1.8542046546936035,1.7315316200256348,1.7103153467178345,2.039198398590088,1.9618617296218872,2.231010913848877,2.496506690979004,2.4567737579345703,2.8217501640319824,2.917442560195923,2.8004050254821777,3.1275391578674316,3.262101650238037,3.4325695037841797,3.372011661529541
A12,2.8448596000671387,2.519144296646118,2.264901638031006,1.9465810060501099,1.6634328365325928,1.3724346160888672,1.1456307172775269,0.8512787818908691,0.732797384262085,0.5534977912902832,0.37836483120918274,0.0,0.37734508514404297,0.6591506004333496,0.846885085105896,2.7629590034484863,2.9461915493011475,3.1094343662261963,3.471353054046631,3.6037187576293945,3.920773983001709,4.185722351074219,4.25477933883667,4.596683502197266,4.654831409454346,4.649019241333008,4.973193645477295,5.008727073669434,5.122119903564453,4.958435535430908,3.3029096126556396,3.265507459640503,3.348137140274048,3.6981360912323,3.6825404167175293,4.0231781005859375,4.279618263244629,4.309640884399414,4.664520263671875,4.768191814422607,4.750515937805176,5.1158127784729,5.275200366973877,5.321386337280273,5.2057576179504395,3.416130542755127,3.2647480964660645,3.3643534183502197,3.6268653869628906,3.477668285369873,3.786334276199341,3.929844617843628,3.7682013511657715,4.1190361976623535,4.210105895996094,3.962836265563965,4.133544445037842,4.208646297454834,4.092872142791748,3.88629150390625,1.8111066818237305,1.6191304922103882,1.5537965297698975,1.839842677116394,1.7060296535491943,1.9522958993911743,2.1974611282348633,2.124171018600464,2.492149829864502,2.5847535133361816,2.4489634037017822,2.7687466144561768,2.9112188816070557,3.075237274169922,3.0099358558654785
A13,3.0167460441589355,2.7216999530792236,2.4424753189086914,2.114335536956787,1.8769081830978394,1.540822982788086,1.346311092376709,1.1159635782241821,0.9482285380363464,0.6647139191627502,0.6029285192489624,0.37734508514404297,0.0,0.38546574115753174,0.6974843144416809,2.731818437576294,2.866652011871338,3.021599292755127,3.3896853923797607,3.4849507808685303,3.8168931007385254,4.058372497558594,4.110588550567627,4.458980560302734,4.536924839019775,4.516384601593018,4.851736545562744,4.9132399559021,5.029782295227051,4.887786865234375,3.268801212310791,3.236660957336426,3.361394166946411,3.702063798904419,3.699662208557129,4.055270195007324,4.295191764831543,4.3455305099487305,4.689596652984619,4.818724155426025,4.816616058349609,5.184372425079346,5.363237380981445,5.434402942657471,5.341814041137695,3.6608822345733643,3.5163564682006836,3.643587589263916,3.9024837017059326,3.763861894607544,4.086402893066406,4.222621917724609,4.071677207946777,4.41996431350708,4.529022216796875,4.293387413024902,4.464114665985107,4.553483486175537,4.445322036743164,4.248016834259033,2.1447649002075195,1.9186930656433105,1.8618524074554443,2.1134774684906006,1.9280911684036255,2.1592891216278076,2.3622708320617676,2.237013578414917,2.6004254817962646,2.701552152633667,2.5258185863494873,2.818540334701538,2.981330394744873,3.113849401473999,3.0110909938812256
A14,3.233391046524048,2.9449048042297363,2.6351852416992188,2.335449695587158,2.096123456954956,1.7590311765670776,1.627770185470581,1.3805245161056519,1.282204508781433,0.9579757452011108,0.8141109943389893,0.6591506004333496,0.38546574115753174,0.0,0.3667827248573303,2.6204655170440674,2.7274422645568848,2.839787721633911,3.217167854309082,3.2896785736083984,3.6149446964263916,3.853968620300293,3.876502275466919,4.234585762023926,4.302469253540039,4.256533145904541,4.592947483062744,4.65915060043335,4.758608818054199,4.618063449859619,2.9459311962127686,2.907609462738037,3.055941343307495,3.3870811462402344,3.3914835453033447,3.755035400390625,3.9837143421173096,4.049004077911377,4.38421630859375,4.528732776641846,4.540197372436523,4.907981872558594,5.099724769592285,5.190855979919434,5.118965148925781,3.5734379291534424,3.4501497745513916,3.6103506088256836,3.8732247352600098,3.7646725177764893,4.10569429397583,4.249248027801514,4.129652976989746,4.47973108291626,4.605634689331055,4.393441677093506,4.585433006286621,4.690308570861816,4.6092529296875,4.4236345291137695,2.2356832027435303,1.9844657182693481,1.9910359382629395,2.2241034507751465,2.0197324752807617,2.283519744873047,2.44309663772583,2.3163747787475586,2.6618733406066895,2.8104851245880127,2.641451358795166,2.910696029663086,3.1171562671661377,3.2598869800567627,3.1624090671539307
A15,3.2739784717559814,2.9798858165740967,2.6514780521392822,2.3914477825164795,2.1333556175231934,1.8213894367218018,1.7484184503555298,1.4726940393447876,1.4651758670806885,1.1388943195343018,0.9077160358428955,0.846885085105896,0.6974843144416809,0.3667827248573303,0.0,2.4392356872558594,2.554046392440796,2.629535675048828,3.010676860809326,3.090568780899048,3.3968889713287354,3.652376890182495,3.661024570465088,4.02237606048584,4.064935207366943,4.008176326751709,4.33665657043457,4.38706111907959,4.469974994659424,4.315100193023682,2.585400104522705,2.5491654872894287,2.6934378147125244,3.028578519821167,3.042356014251709,3.4035964012145996,3.6401968002319336,3.7149899005889893,4.048388481140137,4.186839580535889,4.209578037261963,4.575395584106445,4.763806343078613,4.859008312225342,4.79422664642334,3.335998296737671,3.2419683933258057,3.4159111976623535,3.692528486251831,3.616305112838745,3.9652090072631836,4.128998756408691,4.0385942459106445,4.3931708335876465,4.518224716186523,4.321643352508545,4.538952827453613,4.643673896789551,4.584043502807617,4.399160385131836,2.160264015197754,1.9204660654067993,1.9987266063690186,2.2395317554473877,2.060798168182373,2.3679041862487793,2.515533685684204,2.4271817207336426,2.7570791244506836,2.944516897201538,2.809657096862793,3.075822353363037,3.3065483570098877,3.4780168533325195,3.407676935195923
B1,2.5561864376068115,2.504848003387451,2.1352689266204834,2.2064263820648193,2.228264093399048,2.1272809505462646,2.462831974029541,2.484138250350952,2.7070701122283936,2.479264497756958,2.439419984817505,2.7629590034484863,2.731818437576294,2.6204655170440674,2.4392356872558594,0.0,0.399783730506897,0.648297131061554,0.8470231890678406,1.1379070281982422,1.3739128112792969,1.676962971687317,1.8909825086593628,2.1324145793914795,2.1790289878845215,2.328934669494629,2.596785545349121,2.599548578262329,2.827833652496338,2.7216262817382812,2.6412582397460938,2.9377758502960205,3.059236764907837,3.3929073810577393,3.65022873878479,3.884580612182617,4.207436561584473,4.430168151855469,4.675580978393555,4.702462673187256,4.8843231201171875,5.173343658447266,5.262991905212402,5.35328483581543,5.325382232666016,4.400359153747559,4.496782302856445,4.576842308044434,4.946839809417725,4.990668773651123,5.26948356628418,5.559852123260498,5.524107933044434,5.888598918914795,5.890427112579346,5.673178195953369,5.950168132781982,5.926244258880615,5.841087341308594,5.556272983551025,3.6678385734558105,3.6753506660461426,3.8422014713287354,4.191662788391113,4.1788411140441895,4.522697448730469,4.750622749328613,4.747580528259277,5.083791255950928,5.254711151123047,5.155841827392578,5.457077503204346,5.645265579223633,5.8192243576049805,5.739221096038818
B2,2.85127592086792,2.8233189582824707,2.4513113498687744,2.495680809020996,2.536128282546997,2.3971683979034424,2.7159571647644043,2.742016077041626,2.9283692836761475,2.6702396869659424,2.6470425128936768,2.9461915493011475,2.866652011871338,2.7274422645568848,2.554046392440796,0.399783730506897,0.0,0.38547825813293457,0.5890709757804871,0.79551762342453,1.0910327434539795,1.3526021242141724,1.5614885091781616,1.8147690296173096,1.9062632322311401,2.0493478775024414,2.33860445022583,2.389167308807373,2.6363205909729004,2.5758650302886963,2.6749470233917236,2.985305070877075,3.1488780975341797,3.462305784225464,3.7369065284729004,3.9774649143218994,4.280064105987549,4.525100231170654,4.753074645996094,4.802154541015625,5.002016067504883,5.288108825683594,5.3941450119018555,5.508881092071533,5.504990577697754,4.679599285125732,4.775561809539795,4.877029895782471,5.242508411407471,5.289665222167969,5.5810980796813965,5.864511966705322,5.8335490226745605,6.19882345199585,6.2158637046813965,6.004912376403809,6.281950950622559,6.27104377746582,6.190344333648682,5.912232875823975,3.9656479358673096,3.943451404571533,4.106176853179932,4.445391654968262,4.404318332672119,4.745059490203857,4.956359386444092,4.929139614105225,5.264463901519775,5.440924644470215,5.323149681091309,5.611097812652588,5.810543060302734,5.969092845916748,5.870575428009033
B3,3.1936755180358887,3.1469368934631348,2.7723398208618164,2.817094087600708,2.82370662689209,2.6809558868408203,2.9869062900543213,2.974238395690918,3.1668972969055176,2.890483856201172,2.829162120819092,3.1094343662261963,3.021599292755127,2.839787721633911,2.629535675048828,0.648297131061554,0.38547825813293457,0.0,0.38320648670196533,0.557435929775238,0.8221961855888367,1.127106785774231,1.2780958414077759,1.5602298974990845,1.6097115278244019,1.7172768115997314,2.011521100997925,2.0568130016326904,2.2833218574523926,2.2173750400543213,2.4010508060455322,2.7329087257385254,2.9083518981933594,3.1999189853668213,3.4953081607818604,3.723114013671875,4.015354633331299,4.278929233551025,4.4873151779174805,4.539764881134033,4.758455276489258,5.0339884757995605,5.143136501312256,5.2733635902404785,5.289888381958008,4.621053695678711,4.737252235412598,4.85781717300415,5.220677375793457,5.291654586791992,5.590177059173584,5.876882076263428,5.86971378326416,6.232086181640625,6.260049819946289,6.068613529205322,6.359018802642822,6.360057830810547,6.3008551597595215,6.034874439239502,4.056441307067871,4.023010730743408,4.213588237762451,4.538947582244873,4.492191791534424,4.845137119293213,5.03516960144043,5.012582778930664,5.334990978240967,5.5346856117248535,5.425478935241699,5.702244758605957,5.9229736328125,6.091416358947754,6.001533508300781
B4,3.320100784301758,3.3113625049591064,2.954301118850708,3.03621768951416,3.0732548236846924,2.958202838897705,3.282374620437622,3.2918701171875,3.4927499294281006,3.230289936065674,3.1804983615875244,3.471353054046631,3.3896853923797607,3.217167854309082,3.010676860809326,0.8470231890678406,0.5890709757804871,0.38320648670196533,0.0,0.3785130977630615,0.5286733508110046,0.8442370891571045,1.0726860761642456,1.2896689176559448,1.3404595851898193,1.5172301530838013,1.7793760299682617,1.816933035850525,2.083756446838379,2.046325922012329,2.6247847080230713,2.979539155960083,3.1441893577575684,3.4167323112487793,3.7321016788482666,3.934420347213745,4.225800037384033,4.502723693847656,4.692107677459717,4.730072975158691,4.966585159301758,5.225277423858643,5.320210933685303,5.449838638305664,5.473865985870361,4.894011497497559,5.027981281280518,5.138766288757324,5.505685329437256,5.588668346405029,5.8776679039001465,6.174356460571289,6.173651695251465,6.534269332885742,6.550320148468018,6.359196186065674,6.654027938842773,6.642589092254639,6.582132816314697,6.308611869812012,4.38261604309082,4.366602897644043,4.561237335205078,4.891636848449707,4.855897903442383,5.210296630859375,5.405365467071533,5.388439655303955,5.711160182952881,5.909774303436279,5.802985668182373,6.082164764404297,6.30000638961792,6.468430995941162,6.377439975738525
B5,3.607193946838379,3.6019163131713867,3.237241506576538,3.289733409881592,3.329332113265991,3.1811604499816895,3.4872727394104004,3.492992401123047,3.664775848388672,3.3785948753356934,3.3369855880737305,3.6037187576293945,3.4849507808685303,3.2896785736083984,3.090568780899048,1.1379070281982422,0.79551762342453,0.557435929775238,0.3785130977630615,0.0,0.3818863332271576,0.5862774848937988,0.7675155997276306,1.0307658910751343,1.148524284362793,1.2880553007125854,1.58795964717865,1.6973398923873901,1.9709198474884033,1.9892699718475342,2.6655569076538086,3.0182909965515137,3.221278667449951,3.4723856449127197,3.7941601276397705,4.004798412322998,4.272315502166748,4.564541816711426,4.7388916015625,4.80157995223999,5.049081802368164,5.306478977203369,5.4200592041015625,5.572595596313477,5.617711067199707,5.1104888916015625,5.238868713378906,5.3703436851501465,5.73090934753418,5.813720703125,6.115466117858887,6.402859687805176,6.405203819274902,6.766203880310059,6.79890251159668,6.6139302253723145,6.9076924324035645,6.91119909286499,6.855621814727783,6.5903425216674805,4.604323863983154,4.560001373291016,4.750166893005371,5.069284439086914,5.00771951675415,5.358074188232422,5.536234378814697,5.498013019561768,5.81760311126709,6.021597862243652,5.899209499359131,6.164513111114502,6.393122673034668,6.54837703704834,6.442784309387207
B6,3.8303492069244385,3.8335442543029785,3.4799985885620117,3.5628952980041504,3.5999419689178467,3.4771571159362793,3.793983221054077,3.7932987213134766,3.9847021102905273,3.70646071434021,3.648353099822998,3.920773983001709,3.8168931007385254,3.6149446964263916,3.3968889713287354,1.3739128112792969,1.0910327434539795,0.8221961855888367,0.5286733508110046,0.3818863332271576,0.0,0.38008320331573486,0.5880209803581238,0.7738972306251526,0.8177763819694519,1.0147674083709717,1.2711539268493652,1.349273681640625,1.643570899963379,1.6731419563293457,2.697624921798706,3.07165265083313,3.2571146488189697,3.483726978302002,3.8254358768463135,4.004326343536377,4.269442558288574,4.574598789215088,4.726363182067871,4.771856307983398,5.038210391998291,5.2752909660339355,5.37362813949585,5.526940822601318,5.583004474639893,5.21049165725708,5.363458156585693,5.4919281005859375,5.854085445404053,5.958420276641846,6.252629280090332,6.550757884979248,6.570318222045898,6.927383899688721,6.952935695648193,6.778060436248779,7.082350254058838,7.079696178436279,7.034497261047363,6.7692060470581055,4.823850631713867,4.794517517089844,5.00377893447876,5.32170295715332,5.273728847503662,5.632742404937744,5.80796480178833,5.784362316131592,6.097167015075684,6.311631679534912,6.2021379470825195,6.467433929443359,6.702243328094482,6.86842155456543,6.773249626159668
B7,4.074095726013184,4.1004743576049805,3.750087022781372,3.825061559677124,3.8838963508605957,3.748157501220703,4.061030387878418,4.075572967529297,4.246554374694824,3.9606945514678955,3.9225058555603027,4.185722351074219,4.058372497558594,3.853968620300293,3.652376890182495,1.676962971687317,1.3526021242141724,1.127106785774231,0.8442370891571045,0.5862774848937988,0.38008320331573486,0.0,0.3786300718784332,0.4713623821735382,0.6717332005500793,0.8981315493583679,1.1490695476531982,1.3122698068618774,1.6378871202468872,1.7494316101074219,2.973984718322754,3.3449113368988037,3.551597833633423,3.760298728942871,4.106534481048584,4.285523891448975,4.532963275909424,4.849124908447266,4.986191272735596,5.0449018478393555,5.321060657501221,5.552545070648193,5.659081935882568,5.825965881347656,5.896215438842773,5.570743560791016,5.720414161682129,5.855865955352783,6.215861797332764,6.3179402351379395,6.61672830581665,6.910858631134033,6.928493976593018,7.2863922119140625,7.317197799682617,7.1414289474487305,7.443077087402344,7.443701267242432,7.395500659942627,7.129819393157959,5.164402484893799,5.122983932495117,5.322886943817139,5.638365745544434,5.575993537902832,5.9292707443237305,6.0992751121521,6.059568405151367,6.373819351196289,6.585541725158691,6.461903095245361,6.72012996673584,6.956338882446289,7.108766555786133,6.99858283996582
B8,4.362159729003906,4.36485481262207,4.002683162689209,4.0565667152404785,4.089329242706299,3.9331860542297363,4.228276252746582,4.2154860496521,4.3773393630981445,4.072534084320068,4.014837741851807,4.25477933883667,4.110588550567627,3.876502275466919,3.661024570465088,1.8909825086593628,1.5614885091781616,1.2780958414077759,1.0726860761642456,0.7675155997276306,0.5880209803581238,0.3786300718784332,0.0,0.3769194483757019,0.5410075783729553,0.6081125140190125,0.9228329658508301,1.1488757133483887,1.4321469068527222,1.5722216367721558,2.812164068222046,3.1784346103668213,3.407365322113037,3.5883901119232178,3.939467668533325,4.115731239318848,4.3399224281311035,4.66810941696167,4.786981582641602,4.8629350662231445,5.149223804473877,5.374619007110596,5.494909763336182,5.681643009185791,5.772593975067139,5.556148052215576,5.70911979675293,5.865973949432373,6.217729568481445,6.3297553062438965,6.6388020515441895,6.926394462585449,6.957608699798584,7.312596797943115,7.360262870788574,7.199431419372559,7.506096839904785,7.523786544799805,7.49100399017334,7.239027976989746,5.226659774780273,5.163867473602295,5.374871730804443,5.674391269683838,5.596436500549316,5.952240467071533,6.10057258605957,6.054301738739014,6.357143878936768,6.5840678215026855,6.459926605224609,6.703751087188721,6.956772804260254,7.10978364944458,7.000606060028076
B9,4.537397384643555,4.566044807434082,4.217141628265381,4.294492244720459,4.347422122955322,4.209412574768066,4.517740726470947,4.520966529846191,4.689767837524414,4.394939422607422,4.345872402191162,4.596683502197266,4.458980560302734,4.234585762023926,4.02237606048584,2.1324145793914795,1.8147690296173096,1.5602298974990845,1.2896689176559448,1.0307658910751343,0.7738972306251526,0.4713623821735382,0.3769194483757019,0.0,0.37425342202186584,0.5939786434173584,0.7806065678596497,1.0231993198394775,1.3551009893417358,1.553322196006775,3.1131134033203125,3.4880197048187256,3.702890634536743,3.870649814605713,4.231075286865234,4.386439800262451,4.608946323394775,4.943332195281982,5.047082424163818,5.109821319580078,5.4074530601501465,5.6177077293396,5.724956035614014,5.909295082092285,6.005141735076904,5.850222587585449,6.015148162841797,6.163154125213623,6.51814603805542,6.637848854064941,6.939202308654785,7.234408378601074,7.269252777099609,7.6232452392578125,7.661049842834473,7.499355316162109,7.808929443359375,7.816365718841553,7.781552791595459,7.523080348968506,5.54885196685791,5.499692916870117,5.712506294250488,6.017776966094971,5.948811054229736,6.305972099304199,6.460316181182861,6.418587684631348,6.723221302032471,6.948093891143799,6.825497627258301,7.07268762588501,7.322275638580322,7.475232124328613,7.364919185638428
B10,4.619397163391113,4.6305623054504395,4.283324241638184,4.37624454498291,4.405909538269043,4.2846598625183105,4.596230506896973,4.578024387359619,4.768811225891113,4.478275775909424,4.401327133178711,4.654831409454346,4.536924839019775,4.302469253540039,4.064935207366943,2.1790289878845215,1.9062632322311401,1.6097115278244019,1.3404595851898193,1.148524284362793,0.8177763819694519,0.6717332005500793,0.5410075783729553,0.37425342202186584,0.0,0.38114115595817566,0.494078665971756,0.6649060249328613,1.005124807357788,1.187147617340088,2.9278619289398193,3.312532424926758,3.505352020263672,3.655968427658081,4.025909900665283,4.155521392822266,4.37878942489624,4.716951847076416,4.807272911071777,4.853194236755371,5.160008430480957,5.355710983276367,5.449790000915527,5.631185054779053,5.732051849365234,5.678171634674072,5.862216949462891,6.009609222412109,6.36299991607666,6.50144100189209,6.796774864196777,7.098949909210205,7.150842666625977,7.499748706817627,7.5343122482299805,7.385130882263184,7.704337120056152,7.7107253074646,7.689782619476318,7.4364776611328125,5.4934773445129395,5.455526828765869,5.68923807144165,5.98995304107666,5.934917449951172,6.301576137542725,6.451071739196777,6.427970886230469,6.723564147949219,6.961239337921143,6.856757640838623,7.104587554931641,7.361860275268555,7.5316596031188965,7.43898868560791
B11,4.834214210510254,4.820098876953125,4.460118770599365,4.529176235198975,4.5334696769714355,4.3910136222839355,4.6838459968566895,4.639858722686768,4.820411205291748,4.513197898864746,4.418761730194092,4.649019241333008,4.516384601593018,4.256533145904541,4.008176326751709,2.328934669494629,2.0493478775024414,1.7172768115997314,1.5172301530838013,1.2880553007125854,1.0147674083709717,0.8981315493583679,0.6081125140190125,0.5939786434173584,0.38114115595817566,0.0,0.363598108291626,0.6326361894607544,0.8626553416252136,1.0678800344467163,2.7352449893951416,3.1094977855682373,3.3240315914154053,3.448315143585205,3.8187997341156006,3.9486701488494873,4.148232460021973,4.495532512664795,4.570613384246826,4.635984420776367,4.949316501617432,5.141725063323975,5.251920700073242,5.452764511108398,5.572272300720215,5.606088638305664,5.789455413818359,5.9579362869262695,6.301915168762207,6.446927547454834,6.75266170501709,7.046202182769775,7.109168529510498,7.4549455642700195,7.507115364074707,7.37172269821167,7.693907737731934,7.718135356903076,7.711251735687256,7.472131729125977,5.483137607574463,5.423332691192627,5.665271759033203,5.949606895446777,5.879031658172607,6.24630069732666,6.374843120574951,6.345137119293213,6.62919807434082,6.880122661590576,6.7753119468688965,7.008976459503174,7.2811737060546875,7.45121431350708,7.36012077331543
B12,5.068929672241211,5.063878536224365,4.71337890625,4.802993297576904,4.810043811798096,4.6852498054504395,4.986923694610596,4.94359016418457,5.136784076690674,4.836946487426758,4.736340522766113,4.973193645477295,4.851736545562744,4.592947483062744,4.33665657043457,2.596785545349121,2.33860445022583,2.011521100997925,1.7793760299682617,1.58795964717865,1.2711539268493652,1.1490695476531982,0.9228329658508301,0.7806065678596497,0.494078665971756,0.363598108291626,0.0,0.36942604184150696,0.6193782687187195,0.90874844789505,2.923612594604492,3.301877498626709,3.494725227355957,3.5949699878692627,3.9736244678497314,4.072343349456787,4.2654218673706055,4.61832857131958,4.6709442138671875,4.7191057205200195,5.0457072257995605,5.216064453125,5.310266971588135,5.509660720825195,5.63836669921875,5.784841060638428,5.985808849334717,6.1490983963012695,6.492596626281738,6.652815818786621,6.9502058029174805,7.251205921173096,7.3262224197387695,7.6677656173706055,7.712801933288574,7.584556579589844,7.913294315338135,7.931196212768555,7.930896759033203,7.691199779510498,5.743946075439453,5.697031021118164,5.949650764465332,6.234081268310547,6.174684524536133,6.546555042266846,6.675038814544678,6.656074047088623,6.935926914215088,7.192047595977783,7.096261024475098,7.33091402053833,7.605311870574951,7.782470226287842,7.698292255401611
B13,5.037204265594482,5.025254726409912,4.684150695800781,4.7957963943481445,4.791471004486084,4.691401958465576,5.000898838043213,4.949033737182617,5.165130138397217,4.87880802154541,4.761160373687744,5.008727073669434,4.9132399559021,4.65915060043335,4.38706111907959,2.599548578262329,2.389167308807373,2.0568130016326904,1.816933035850525,1.6973398923873901,1.349273681640625,1.3122698068618774,1.1488757133483887,1.0231993198394775,0.6649060249328613,0.6326361894607544,0.36942604184150696,0.0,0.37615060806274414,0.6139533519744873,2.842747449874878,3.229017734527588,3.3856101036071777,3.480604887008667,3.8641576766967773,3.9361350536346436,4.141238212585449,4.490119934082031,4.537939548492432,4.558635711669922,4.888628005981445,5.046142101287842,5.118656635284424,5.304040431976318,5.427233695983887,5.627090930938721,5.8454694747924805,5.99759578704834,6.342087745666504,6.51629638671875,6.801887035369873,7.11215353012085,7.197908401489258,7.534769058227539,7.568604469299316,7.4464569091796875,7.781720161437988,7.790717601776123,7.79733943939209,7.557315826416016,5.669562816619873,5.643310546875,5.910238742828369,6.196141242980957,6.157469272613525,6.536067485809326,6.669295310974121,6.67134952545166,6.946971893310547,7.207760334014893,7.129838943481445,7.371219635009766,7.644606113433838,7.837266445159912,7.769606113433838
B14,5.283619403839111,5.249695777893066,4.905179977416992,5.0107879638671875,4.9812211990356445,4.878936290740967,5.177239418029785,5.10048770904541,5.320531368255615,5.029586315155029,4.8887481689453125,5.122119903564453,5.029782295227051,4.758608818054199,4.469974994659424,2.827833652496338,2.6363205909729004,2.2833218574523926,2.083756446838379,1.9709198474884033,1.643570899963379,1.6378871202468872,1.4321469068527222,1.3551009893417358,1.005124807357788,0.8626553416252136,0.6193782687187195,0.37615060806274414,0.0,0.3699370324611664,2.7179157733917236,3.093377113342285,3.241612672805786,3.2988154888153076,3.6845180988311768,3.731105089187622,3.9158177375793457,4.271218776702881,4.293800354003906,4.312904357910156,4.654075622558594,4.793737888336182,4.865178108215332,5.061318874359131,5.202447891235352,5.54607629776001,5.776420593261719,5.940378665924072,6.2751264572143555,6.46582555770874,6.751883506774902,7.0597968101501465,7.163965225219727,7.493550777435303,7.536013126373291,7.431675434112549,7.7736496925354,7.792881488800049,7.817297458648682,7.590420246124268,5.7074785232543945,5.675351142883301,5.957958221435547,6.228967189788818,6.1897735595703125,6.571888446807861,6.6884684562683105,6.697869300842285,6.959143161773682,7.234424591064453,7.167617321014404,7.399387836456299,7.6851487159729,7.88697624206543,7.830785274505615
