,A1,A2,A3,A4,A5,A6,A7,A8,A9,A10,A11,A12,A13,A14,A15,B1,B2,B3,B4,B5,B6,B7,B8,B9,B10,B11,B12,B13,B14,B15,C1,C2,C3,C4,C5,C6,C7,C8,C9,C10,C11,C12,C13,C14,C15,D1,D2,D3,D4,D5,D6,D7,D8,D9,D10,D11,D12,D13,D14,D15,E1,E2,E3,E4,E5,E6,E7,E8,E9,E10,E11,E12,E13,E14,E15
A1,0.0,0.40241095423698425,0.6259518265724182,0.9461139440536499,1.257773518562317,1.6033910512924194,1.918952465057373,2.163231372833252,2.4786314964294434,2.7814621925354004,2.8312323093414307,3.206345558166504,3.215888023376465,3.52825927734375,3.4734301567077637,1.5502575635910034,1.565563678741455,1.4258739948272705,1.475172758102417,1.7795944213867188,1.8815823793411255,2.2538537979125977,2.4562180042266846,2.738770008087158,3.0760793685913086,3.1740527153015137,3.547244071960449,3.631101369857788,3.982844829559326,3.919816017150879,2.5571632385253906,2.534680128097534,2.3578782081604004,2.3059794902801514,2.556725025177002,2.492509126663208,2.8277220726013184,3.005472421646118,3.2331321239471436,3.5175228118896484,3.572761058807373,3.9385130405426025,4.044829368591309,4.407204627990723,4.384284019470215,3.5022966861724854,3.5273590087890625,3.4065208435058594,3.338529348373413,3.618767261505127,3.460491895675659,3.7479758262634277,3.902190685272217,3.950650930404663,4.306527614593506,4.332159519195557,4.71279239654541,4.833298206329346,5.221418857574463,5.200918674468994,4.81602144241333,4.747513771057129,4.418558597564697,4.58349609375,4.691364765167236,4.618608474731445,4.976110458374023,5.07305908203125,5.222247123718262,5.571202754974365,5.828972339630127,6.065459251403809,6.436407566070557,6.690274715423584,7.006223201751709
A2,0.40241095423698425,0.0,0.39636290073394775,0.6583312153816223,0.9059666991233826,1.2725762128829956,1.5636157989501953,1.7951325178146362,2.1210668087005615,2.4105045795440674,2.474367618560791,2.848827600479126,2.8711488246917725,3.1979219913482666,3.1534042358398438,1.37678861618042,1.3114895820617676,1.1061208248138428,1.1090348958969116,1.3917145729064941,1.480918049812317,1.8547931909561157,2.0540120601654053,2.337749719619751,2.6741693019866943,2.776001214981079,3.1496896743774414,3.2409274578094482,3.596642255783081,3.542703628540039,2.3353331089019775,2.281799554824829,2.0590970516204834,1.990005612373352,2.2092065811157227,2.1268770694732666,2.456897735595703,2.6184616088867188,2.844682455062866,3.122615098953247,3.1736643314361572,3.538105010986328,3.64676570892334,4.010263919830322,3.995084285736084,3.2655060291290283,3.2792375087738037,3.124411106109619,3.0525622367858887,3.31196928024292,3.1353015899658203,3.4152300357818604,3.5513315200805664,3.5924158096313477,3.9428107738494873,3.9543724060058594,4.334529399871826,4.449176788330078,4.837466239929199,4.819699764251709,4.570255756378174,4.499314308166504,4.184854030609131,4.367841720581055,4.466470718383789,4.412185192108154,4.778962135314941,4.861174583435059,5.029438018798828,5.387170314788818,5.631789207458496,5.88534688949585,6.250589847564697,6.509731292724609,6.831600666046143
A3,0.6259518265724182,0.39636290073394775,0.0,0.394804447889328,0.680333137512207,0.9956013560295105,1.3381502628326416,1.5736000537872314,1.8795335292816162,2.1907498836517334,2.2283995151519775,2.6052119731903076,2.6257567405700684,2.9373960494995117,2.911029815673828,1.527902603149414,1.4830801486968994,1.1966267824172974,1.2267428636550903,1.421856164932251,1.4844515323638916,1.8584973812103271,1.9935649633407593,2.2681360244750977,2.593506336212158,2.6606433391571045,3.0272841453552246,3.1067094802856445,3.454287052154541,3.412648916244507,2.5004801750183105,2.4701597690582275,2.2099039554595947,2.1677041053771973,2.342874050140381,2.2480320930480957,2.564579725265503,2.6720216274261475,2.891047477722168,3.1378977298736572,3.1529688835144043,3.504354238510132,3.595961809158325,3.9487218856811523,3.9367311000823975,3.444964647293091,3.4808690547943115,3.305412530899048,3.256307601928711,3.4970757961273193,3.308953285217285,3.582728624343872,3.682121515274048,3.715848684310913,4.052079200744629,4.027071475982666,4.40392541885376,4.49444055557251,4.880195617675781,4.857084274291992,4.777024269104004,4.722699165344238,4.426858901977539,4.632839679718018,4.735687255859375,4.702425479888916,5.0775580406188965,5.153720855712891,5.337214946746826,5.699606418609619,5.93621826171875,6.20137357711792,6.561555862426758,6.824917793273926,7.149351596832275
A4,0.9461139440536499,0.6583312153816223,0.394804447889328,0.0,0.3878461420536041,0.6871822476387024,1.0018622875213623,1.2927883863449097,1.5688289403915405,1.902160406112671,1.9847935438156128,2.3665268421173096,2.43800950050354,2.7652878761291504,2.788001775741577,1.758020043373108,1.6345703601837158,1.2936148643493652,1.2215291261672974,1.3324289321899414,1.296654224395752,1.6393566131591797,1.7654167413711548,1.9977898597717285,2.3323919773101807,2.4204299449920654,2.781186580657959,2.894613027572632,3.2500572204589844,3.24906849861145,2.6406569480895996,2.5656936168670654,2.258929491043091,2.1723766326904297,2.286670207977295,2.134767770767212,2.411644458770752,2.4952008724212646,2.6769914627075195,2.916062355041504,2.9377315044403076,3.276146650314331,3.3890156745910645,3.743504524230957,3.764651298522949,3.5408377647399902,3.550628185272217,3.3344919681549072,3.2626891136169434,3.4659481048583984,3.241536855697632,3.4840450286865234,3.5659241676330566,3.5651257038116455,3.887024164199829,3.8427395820617676,4.213651180267334,4.307372570037842,4.693039417266846,4.6914896965026855,4.828392028808594,4.758553504943848,4.475715637207031,4.686858654022217,4.764364242553711,4.735739707946777,5.108943939208984,5.157242298126221,5.347229480743408,5.716131210327148,5.931597709655762,6.205470085144043,6.563636302947998,6.819760322570801,7.155465126037598
A5,1.257773518562317,0.9059666991233826,0.680333137512207,0.3878461420536041,0.0,0.3798396587371826,0.6667019724845886,0.9202219843864441,1.2223361730575562,1.5353752374649048,1.6225616931915283,2.003690004348755,2.082388162612915,2.42299485206604,2.453326940536499,1.7058712244033813,1.5330255031585693,1.1472365856170654,1.0429673194885254,1.051203727722168,0.9879679083824158,1.3182704448699951,1.400739073753357,1.6388441324234009,1.9619766473770142,2.035778760910034,2.396127700805664,2.5069215297698975,2.8629260063171387,2.8673927783966064,2.484814405441284,2.3957560062408447,2.052407741546631,1.9697145223617554,2.033120632171631,1.8734709024429321,2.1352760791778564,2.177119255065918,2.361048698425293,2.5770392417907715,2.5767879486083984,2.9101765155792236,3.013389825820923,3.3639543056488037,3.3865339756011963,3.347358226776123,3.3568642139434814,3.11348032951355,3.052421808242798,3.2303080558776855,2.9968090057373047,3.2315282821655273,3.2824039459228516,3.2809841632843018,3.5909528732299805,3.523568868637085,3.8910748958587646,3.9678761959075928,4.350387096405029,4.343565464019775,4.617640495300293,4.555033206939697,4.2938408851623535,4.525545120239258,4.600952625274658,4.597194194793701,4.97775411605835,5.017391681671143,5.227722644805908,5.600674152374268,5.805027008056641,6.09487771987915,6.442924499511719,6.706696510314941,7.042754650115967
A6,1.6033910512924194,1.2725762128829956,0.9956013560295105,0.6871822476387024,0.3798396587371826,0.0,0.38747841119766235,0.6422685384750366,0.8943652510643005,1.2346265316009521,1.314077377319336,1.6949784755706787,1.7988779544830322,2.1317861080169678,2.2045540809631348,1.968483805656433,1.797587275505066,1.3929152488708496,1.2957842350006104,1.196786880493164,1.0820358991622925,1.3436349630355835,1.3311100006103516,1.5249642133712769,1.8180618286132812,1.8558744192123413,2.1959915161132812,2.3049612045288086,2.6497135162353516,2.6826188564300537,2.6854920387268066,2.601860761642456,2.233332872390747,2.1640186309814453,2.169022798538208,1.994565725326538,2.2158312797546387,2.1933343410491943,2.3521411418914795,2.52370285987854,2.4869234561920166,2.7937324047088623,2.8835153579711914,3.2175207138061523,3.2538650035858154,3.516461133956909,3.5342512130737305,3.267669916152954,3.220583438873291,3.36716890335083,3.121126890182495,3.335855722427368,3.346484422683716,3.3304531574249268,3.615851879119873,3.509791612625122,3.865417003631592,3.9180569648742676,4.292359352111816,4.286103248596191,4.771121025085449,4.718391418457031,4.480447769165039,4.730045318603516,4.801385402679443,4.817671298980713,5.201238632202148,5.228701114654541,5.453062057495117,5.82863712310791,6.019314289093018,6.320502758026123,6.660591125488281,6.925955772399902,7.264779090881348
A7,1.918952465057373,1.5636157989501953,1.3381502628326416,1.0018622875213623,0.6667019724845886,0.38747841119766235,0.0,0.3943118155002594,0.5896288156509399,0.9315322041511536,1.1011061668395996,1.4711511135101318,1.6434670686721802,1.997263789176941,2.117476463317871,2.169290781021118,1.941727638244629,1.541783094406128,1.3716667890548706,1.1820818185806274,0.9676474332809448,1.128192663192749,1.076762080192566,1.2023069858551025,1.4922319650650024,1.5566802024841309,1.8858373165130615,2.0368764400482178,2.388988494873047,2.4648478031158447,2.759080171585083,2.634099006652832,2.2403533458709717,2.1349191665649414,2.07177472114563,1.8536642789840698,2.0169808864593506,1.9573240280151367,2.0737814903259277,2.2255465984344482,2.192429780960083,2.4812920093536377,2.5922629833221436,2.9259469509124756,2.995832920074463,3.5140461921691895,3.5050227642059326,3.2051150798797607,3.1399343013763428,3.243875503540039,2.9710192680358887,3.1504857540130615,3.1379687786102295,3.0920257568359375,3.3567090034484863,3.2307472229003906,3.5759968757629395,3.628647804260254,3.9991838932037354,4.011794567108154,4.698141098022461,4.632474899291992,4.412957668304443,4.666646480560303,4.715245723724365,4.741047382354736,5.119955539703369,5.1230340003967285,5.355797290802002,5.733638763427734,5.903305530548096,6.213418483734131,6.546217918395996,6.806834697723389,7.151865005493164
A8,2.163231372833252,1.7951325178146362,1.5736000537872314,1.2927883863449097,0.9202219843864441,0.6422685384750366,0.3943118155002594,0.0,0.37350451946258545,0.6185287237167358,0.7404622435569763,1.1137815713882446,1.2672388553619385,1.6320499181747437,1.7448261976242065,2.1489202976226807,1.9242645502090454,1.5312104225158691,1.4014557600021362,1.1290565729141235,0.9606232643127441,1.063080906867981,0.8826512098312378,1.026902675628662,1.2523044347763062,1.2403054237365723,1.5654197931289673,1.677101969718933,2.021181583404541,2.0844216346740723,2.6325223445892334,2.5243661403656006,2.120946168899536,2.05826735496521,1.9543131589889526,1.772310733795166,1.9229798316955566,1.797916293144226,1.9353556632995605,2.035400867462158,1.9440395832061768,2.2218918800354004,2.29099702835083,2.609623908996582,2.6591055393218994,3.344709634780884,3.3559086322784424,3.04693603515625,3.0165793895721436,3.1031699180603027,2.84499454498291,3.027754306793213,2.9739718437194824,2.9491167068481445,3.1970736980438232,3.041724920272827,3.3799123764038086,3.3969662189483643,3.758709669113159,3.7468974590301514,4.5213212966918945,4.478779315948486,4.285156726837158,4.562717437744141,4.624344825744629,4.680947780609131,5.0675272941589355,5.076000213623047,5.329491138458252,5.706120014190674,5.87294864654541,6.196525573730469,6.516015529632568,6.789283275604248,7.126802921295166
A9,2.4786314964294434,2.1210668087005615,1.8795335292816162,1.5688289403915405,1.2223361730575562,0.8943652510643005,0.5896288156509399,0.37350451946258545,0.0,0.384816437959671,0.5969062447547913,0.9291338324546814,1.1754435300827026,1.519574522972107,1.714179277420044,2.5192065238952637,2.292238235473633,1.9024600982666016,1.758834958076477,1.4699656963348389,1.2597805261611938,1.2760225534439087,1.0495916604995728,1.068200707435608,1.232040286064148,1.201910376548767,1.4686815738677979,1.6076689958572388,1.9299120903015137,2.054082155227661,2.965033531188965,2.848074436187744,2.438840627670288,2.364574432373047,2.2191545963287354,2.0124905109405518,2.104755163192749,1.935811161994934,2.0154435634613037,2.0690813064575195,1.9596889019012451,2.188375234603882,2.261347532272339,2.5554890632629395,2.641355037689209,3.631883144378662,3.634847402572632,3.307973623275757,3.272296667098999,3.3241000175476074,3.049257278442383,3.1967201232910156,3.1141562461853027,3.0588386058807373,3.2744264602661133,3.0867741107940674,3.4031739234924316,3.406503677368164,3.7546885013580322,3.7589893341064453,4.758483409881592,4.712827205657959,4.5375776290893555,4.819137096405029,4.865400791168213,4.929624557495117,5.310698509216309,5.299929618835449,5.557833194732666,5.934754371643066,6.083684921264648,6.412445545196533,6.7258219718933105,6.992943286895752,7.3356099128723145
A10,2.7814621925354004,2.4105045795440674,2.1907498836517334,1.902160406112671,1.5353752374649048,1.2346265316009521,0.9315322041511536,0.6185287237167358,0.384816437959671,0.0,0.37923046946525574,0.6227670907974243,0.9195592999458313,1.2704113721847534,1.487265706062317,2.6355855464935303,2.396937608718872,2.0319180488586426,1.8943846225738525,1.555722951889038,1.3634783029556274,1.2945343255996704,0.9803357124328613,0.9440532922744751,0.9944774508476257,0.8866058588027954,1.11348295211792,1.241015076637268,1.5531787872314453,1.6997249126434326,2.9502391815185547,2.8298864364624023,2.419543981552124,2.3618009090423584,2.1656811237335205,1.9777463674545288,2.0267364978790283,1.794508695602417,1.8621115684509277,1.852308988571167,1.6919893026351929,1.8873395919799805,1.930608868598938,2.204145669937134,2.2922587394714355,3.5363540649414062,3.541057586669922,3.1997945308685303,3.1819727420806885,3.2000720500946045,2.9310033321380615,3.060567855834961,2.9360122680664062,2.884350061416626,3.071042060852051,2.851884126663208,3.15138578414917,3.123894691467285,3.4586901664733887,3.451958656311035,4.607014179229736,4.572853088378906,4.426881313323975,4.724063873291016,4.76948881149292,4.859492778778076,5.240448951721191,5.223745346069336,5.49814510345459,5.8721723556518555,6.009546756744385,6.349778175354004,6.64849853515625,6.921806335449219,7.259610652923584
A11,2.8312323093414307,2.474367618560791,2.2283995151519775,1.9847935438156128,1.6225616931915283,1.314077377319336,1.1011061668395996,0.7404622435569763,0.5969062447547913,0.37923046946525574,0.0,0.3818950057029724,0.5797679424285889,0.9333195090293884,1.1341404914855957,2.587171792984009,2.396656036376953,2.036752462387085,1.9734781980514526,1.6420071125030518,1.531835913658142,1.5153028964996338,1.1770051717758179,1.2203294038772583,1.2276147603988647,1.0141122341156006,1.210382103919983,1.2187403440475464,1.4872132539749146,1.5780035257339478,2.9063608646392822,2.8364837169647217,2.4399611949920654,2.4445059299468994,2.270343542098999,2.141072988510132,2.226388692855835,1.9812074899673462,2.095973014831543,2.062629461288452,1.8506454229354858,2.0381977558135986,2.0126280784606934,2.255086898803711,2.288766384124756,3.5121798515319824,3.558894634246826,3.2376179695129395,3.265015125274658,3.3014769554138184,3.0663466453552246,3.2244129180908203,3.084245443344116,3.0723984241485596,3.2583932876586914,3.030059337615967,3.3261094093322754,3.2641189098358154,3.587860107421875,3.5425052642822266,4.630810737609863,4.629035472869873,4.492425441741943,4.806726455688477,4.880406379699707,4.988110542297363,5.378304958343506,5.383617401123047,5.6675944328308105,6.038990020751953,6.189159393310547,6.533119201660156,6.826847076416016,7.112996578216553,7.440675735473633
A12,3.206345558166504,2.848827600479126,2.6052119731903076,2.3665268421173096,2.003690004348755,1.6949784755706787,1.4711511135101318,1.1137815713882446,0.9291338324546814,0.6227670907974243,0.3818950057029724,0.0,0.38987669348716736,0.6759443283081055,0.9595307111740112,2.8757054805755615,2.6884279251098633,2.3493454456329346,2.2938108444213867,1.9442729949951172,1.8409756422042847,1.7726006507873535,1.4034875631332397,1.3902946710586548,1.2944551706314087,1.0084774494171143,1.0858098268508911,1.0349440574645996,1.2309377193450928,1.3567591905593872,3.101125478744507,3.037022352218628,2.6489932537078857,2.6695873737335205,2.460601568222046,2.3475184440612793,2.3917951583862305,2.0999865531921387,2.18985652923584,2.0910484790802,1.8308966159820557,1.9547712802886963,1.8829628229141235,2.071882963180542,2.1062498092651367,3.631608724594116,3.6849026679992676,3.3566033840179443,3.4027767181396484,3.4070074558258057,3.1807823181152344,3.3163001537323,3.1354198455810547,3.122973680496216,3.271104574203491,3.008605480194092,3.2749857902526855,3.174794912338257,3.4726696014404297,3.415820360183716,4.68959903717041,4.702155113220215,4.596364974975586,4.923819065093994,4.996367454528809,5.127109527587891,5.514444351196289,5.512773036956787,5.809723854064941,6.176912784576416,6.314204692840576,6.667149543762207,6.946406841278076,7.235852241516113,7.559108734130859
A13,3.215888023376465,2.8711488246917725,2.6257567405700684,2.43800950050354,2.082388162612915,1.7988779544830322,1.6434670686721802,1.2672388553619385,1.1754435300827026,0.9195592999458313,0.5797679424285889,0.38987669348716736,0.0,0.3852362334728241,0.5799171924591064,2.754242420196533,2.6106348037719727,2.293971300125122,2.303562641143799,1.9686816930770874,1.9410449266433716,1.91542649269104,1.5450713634490967,1.6084365844726562,1.5099455118179321,1.1804592609405518,1.2614232301712036,1.0951944589614868,1.2409261465072632,1.2592885494232178,2.9562618732452393,2.939901828765869,2.5748255252838135,2.6540188789367676,2.471235513687134,2.4179623126983643,2.5005855560302734,2.211902141571045,2.3542561531066895,2.2529659271240234,1.963722586631775,2.0989789962768555,1.9685250520706177,2.1357920169830322,2.0993258953094482,3.493337392807007,3.586668014526367,3.283869504928589,3.3736014366149902,3.4001986980438232,3.212355375289917,3.380148410797119,3.1939382553100586,3.226660966873169,3.38273286819458,3.126004695892334,3.3948404788970947,3.2703731060028076,3.560969114303589,3.462575674057007,4.593017578125,4.637063980102539,4.537988185882568,4.879089832305908,4.981003284454346,5.127182483673096,5.5223188400268555,5.545571327209473,5.850028038024902,6.213052272796631,6.365828037261963,6.720433712005615,6.9949798583984375,7.297785758972168,7.60902214050293
A14,3.52825927734375,3.1979219913482666,2.9373960494995117,2.7652878761291504,2.42299485206604,2.1317861080169678,1.997263789176941,1.6320499181747437,1.519574522972107,1.2704113721847534,0.9333195090293884,0.6759443283081055,0.3852362334728241,0.0,0.3996450901031494,3.033491849899292,2.92080020904541,2.6174635887145996,2.656738042831421,2.330080509185791,2.3204944133758545,2.2955188751220703,1.9217876195907593,1.9735100269317627,1.842829704284668,1.4928399324417114,1.502694845199585,1.2807644605636597,1.318185567855835,1.3180760145187378,3.2091879844665527,3.2224934101104736,2.8758633136749268,2.9836418628692627,2.801544666290283,2.770869255065918,2.8471500873565674,2.543625831604004,2.6812939643859863,2.5483877658843994,2.233424425125122,2.325188159942627,2.1506845951080322,2.25856351852417,2.197761297225952,3.715439796447754,3.8329193592071533,3.5424442291259766,3.6591227054595947,3.6787402629852295,3.5104820728302,3.6752445697784424,3.466935157775879,3.5109574794769287,3.644655704498291,3.3699355125427246,3.6154186725616455,3.457753896713257,3.721597194671631,3.6019866466522217,4.795982837677002,4.863699913024902,4.785408020019531,5.137701034545898,5.251168251037598,5.414505481719971,5.80983829498291,5.838726997375488,6.151386260986328,6.50991678237915,6.661072254180908,7.02008581161499,7.284893035888672,7.593348026275635,7.897621154785156
A15,3.4734301567077637,3.1534042358398438,2.911029815673828,2.788001775741577,2.453326940536499,2.2045540809631348,2.117476463317871,1.7448261976242065,1.714179277420044,1.487265706062317,1.1341404914855957,0.9595307111740112,0.5799171924591064,0.3996450901031494,0.0,2.834589958190918,2.7572689056396484,2.488990545272827,2.579876184463501,2.273153781890869,2.32888126373291,2.334567070007324,1.9735735654830933,2.0872669219970703,1.965789794921875,1.6058969497680664,1.64517080783844,1.3668855428695679,1.394027829170227,1.278104543685913,2.9652063846588135,3.0187668800354004,2.7015159130096436,2.858468770980835,2.703587055206299,2.7276954650878906,2.8376052379608154,2.5480613708496094,2.733180522918701,2.611098051071167,2.2873501777648926,2.404191255569458,2.195986032485962,2.3027234077453613,2.176945209503174,3.46652889251709,3.6172239780426025,3.3546175956726074,3.5076520442962646,3.5504250526428223,3.419654607772827,3.614985466003418,3.41113543510437,3.4977378845214844,3.6452438831329346,3.387965440750122,3.6413800716400146,3.4740664958953857,3.7373769283294678,3.582768440246582,4.579171657562256,4.672616004943848,4.596951961517334,4.957313537597656,5.097012519836426,5.271081447601318,5.67138147354126,5.724337100982666,6.040998935699463,6.39420223236084,6.561027526855469,6.919049263000488,7.180126667022705,7.500034332275391,7.7922587394714355
B1,1.5502575635910034,1.37678861618042,1.527902603149414,1.758020043373108,1.7058712244033813,1.968483805656433,2.169290781021118,2.1489202976226807,2.5192065238952637,2.6355855464935303,2.587171792984009,2.8757054805755615,2.754242420196533,3.033491849899292,2.834589958190918,0.0,0.4142467975616455,0.6653532385826111,1.0168707370758057,1.2704797983169556,1.630362629890442,1.9413719177246094,2.059356689453125,2.4309635162353516,2.6506192684173584,2.6544606685638428,2.9945433139801025,2.9573814868927,3.251344919204712,3.059565544128418,1.0751721858978271,1.1992827653884888,1.1322683095932007,1.3253703117370605,1.6424564123153687,1.8198908567428589,2.208594799041748,2.3438339233398438,2.6882598400115967,2.9101858139038086,2.891345500946045,3.256852388381958,3.2601733207702637,3.581394910812378,3.4447238445281982,2.072235345840454,2.196990966796875,2.139768362045288,2.2122952938079834,2.539799213409424,2.5098190307617188,2.877450942993164,2.9864485263824463,3.167171001434326,3.5166358947753906,3.546757459640503,3.9161314964294434,3.9713590145111084,4.331110000610352,4.218079566955566,3.4896304607391357,3.5055577754974365,3.217876434326172,3.451843738555908,3.645806312561035,3.667212724685669,4.062258243560791,4.222245693206787,4.437521934509277,4.777936935424805,5.058963775634766,5.334219932556152,5.6639790534973145,5.975500583648682,6.25211238861084
B2,1.565563678741455,1.3114895820617676,1.4830801486968994,1.6345703601837158,1.5330255031585693,1.797587275505066,1.941727638244629,1.9242645502090454,2.292238235473633,2.396937608718872,2.396656036376953,2.6884279251098633,2.6106348037719727,2.92080020904541,2.7572689056396484,0.4142467975616455,0.0,0.4088873267173767,0.6614348292350769,0.9245783090591431,1.2782118320465088,1.5690289735794067,1.7233691215515137,2.0851197242736816,2.315857172012329,2.359034299850464,2.704728126525879,2.7050678730010986,3.018220901489258,2.8555376529693604,1.028738260269165,1.0094897747039795,0.8441852331161499,0.9569700956344604,1.2684096097946167,1.4170911312103271,1.8072115182876587,1.961637020111084,2.2975096702575684,2.53733229637146,2.5468664169311523,2.918975353240967,2.9533298015594482,3.290678024291992,3.1832597255706787,1.9717578887939453,2.032778024673462,1.9140430688858032,1.9357597827911377,2.240710735321045,2.168539524078369,2.5224382877349854,2.637887954711914,2.7951366901397705,3.149158000946045,3.1834452152252197,3.557448387145996,3.6316335201263428,3.99955415725708,3.9104089736938477,3.3370776176452637,3.3181233406066895,3.02992582321167,3.263669490814209,3.4232406616210938,3.4405086040496826,3.837587356567383,3.9676215648651123,4.188581943511963,4.540431499481201,4.803133487701416,5.08773136138916,5.420680522918701,5.7253737449646,6.016524314880371
B3,1.4258739948272705,1.1061208248138428,1.1966267824172974,1.2936148643493652,1.1472365856170654,1.3929152488708496,1.541783094406128,1.5312104225158691,1.9024600982666016,2.0319180488586426,2.036752462387085,2.3493454456329346,2.293971300125122,2.6174635887145996,2.488990545272827,0.6653532385826111,0.4088873267173767,0.0,0.40621185302734375,0.6337034702301025,0.9773260951042175,1.3128520250320435,1.4398475885391235,1.805594563484192,2.0572946071624756,2.094623565673828,2.454216480255127,2.471001148223877,2.800084352493286,2.6705024242401123,1.35049307346344,1.3074545860290527,1.0327001810073853,1.0865561962127686,1.3035534620285034,1.3645590543746948,1.74263334274292,1.8519244194030762,2.1688144207000732,2.3988587856292725,2.3912317752838135,2.762551784515381,2.8053112030029297,3.1501657962799072,3.069523811340332,2.2658851146698,2.3178229331970215,2.1440274715423584,2.1500730514526367,2.4102940559387207,2.2839300632476807,2.610069513320923,2.6932387351989746,2.811561346054077,3.1557295322418213,3.15120792388916,3.528935670852661,3.5946521759033203,3.9700140953063965,3.89612078666687,3.6139464378356934,3.588926076889038,3.3173446655273438,3.5623414516448975,3.6993141174316406,3.7216451168060303,4.11932373046875,4.221879482269287,4.448859691619873,4.809541702270508,5.0535197257995605,5.346360683441162,5.68088436126709,5.978343963623047,6.282273769378662
B4,1.475172758102417,1.1090348958969116,1.2267428636550903,1.2215291261672974,1.0429673194885254,1.2957842350006104,1.3716667890548706,1.4014557600021362,1.758834958076477,1.8943846225738525,1.9734781980514526,2.2938108444213867,2.303562641143799,2.656738042831421,2.579876184463501,1.0168707370758057,0.6614348292350769,0.40621185302734375,0.0,0.38901039958000183,0.6546367406845093,0.9887465238571167,1.1976999044418335,1.535691499710083,1.8224310874938965,1.9269450902938843,2.2937076091766357,2.370579481124878,2.7226665019989014,2.640225887298584,1.5332889556884766,1.3804556131362915,1.0543971061706543,0.9566676616668701,1.1197010278701782,1.079172968864441,1.442318320274353,1.5854154825210571,1.8699772357940674,2.133286714553833,2.174114942550659,2.5504400730133057,2.643082618713379,3.0071306228637695,2.971747636795044,2.3506100177764893,2.3358089923858643,2.113879919052124,2.0519487857818604,2.2758336067199707,2.0938572883605957,2.386281967163086,2.484290838241577,2.558112859725952,2.905550241470337,2.908886194229126,3.289994955062866,3.385831117630005,3.769960403442383,3.732227325439453,3.607266426086426,3.5416126251220703,3.2671241760253906,3.4970974922180176,3.5925192832946777,3.5985023975372314,3.988325834274292,4.057193756103516,4.2790093421936035,4.647430896759033,4.871753215789795,5.166325569152832,5.50628137588501,5.790322303771973,6.109310626983643
B5,1.7795944213867188,1.3917145729064941,1.421856164932251,1.3324289321899414,1.051203727722168,1.196786880493164,1.1820818185806274,1.1290565729141235,1.4699656963348389,1.555722951889038,1.6420071125030518,1.9442729949951172,1.9686816930770874,2.330080509185791,2.273153781890869,1.2704797983169556,0.9245783090591431,0.6337034702301025,0.38901039958000183,0.0,0.38385918736457825,0.6836039423942566,0.8254382610321045,1.180986762046814,1.4494572877883911,1.5387648344039917,1.9057403802871704,1.985474944114685,2.3414804935455322,2.2754340171813965,1.6253958940505981,1.4585154056549072,1.0687267780303955,0.9742408990859985,0.9983953833580017,0.9173266887664795,1.2437009811401367,1.30508553981781,1.5903738737106323,1.819111943244934,1.8272672891616821,2.1990091800689697,2.283625602722168,2.646639347076416,2.621901273727417,2.364596128463745,2.3485937118530273,2.0780341625213623,2.0288660526275635,2.19978404045105,1.9906556606292725,2.259348154067993,2.3037633895874023,2.3634419441223145,2.690457582473755,2.651855707168579,3.029477834701538,3.102418899536133,3.4854190349578857,3.447110891342163,3.5834593772888184,3.525324821472168,3.28448486328125,3.540034294128418,3.6249489784240723,3.660954475402832,4.054540157318115,4.103619575500488,4.347058296203613,4.719305992126465,4.923210620880127,5.234886169433594,5.562776565551758,5.8498687744140625,6.17228364944458
B6,1.8815823793411255,1.480918049812317,1.4844515323638916,1.296654224395752,0.9879679083824158,1.0820358991622925,0.9676474332809448,0.9606232643127441,1.2597805261611938,1.3634783029556274,1.531835913658142,1.8409756422042847,1.9410449266433716,2.3204944133758545,2.32888126373291,1.630362629890442,1.2782118320465088,0.9773260951042175,0.6546367406845093,0.38385918736457825,0.0,0.38882744312286377,0.6139708757400513,0.9090173244476318,1.2327605485916138,1.3914583921432495,1.7605528831481934,1.9089770317077637,2.282979965209961,2.281442642211914,1.9742521047592163,1.7662805318832397,1.3700295686721802,1.1932722330093384,1.1304494142532349,0.9142991304397583,1.154241919517517,1.2003884315490723,1.4132332801818848,1.6560016870498657,1.6992026567459106,2.060856580734253,2.1953125,2.569262742996216,2.6004741191864014,2.6454741954803467,2.5895988941192627,2.2855122089385986,2.1891632080078125,2.309810161590576,2.046753168106079,2.260585069656372,2.2975757122039795,2.295558214187622,2.6083216667175293,2.5542523860931396,2.927614450454712,3.0194804668426514,3.4066827297210693,3.406900644302368,3.779517650604248,3.6932923793792725,3.4596989154815674,3.7035417556762695,3.7512049674987793,3.7760653495788574,4.158075332641602,4.17267370223999,4.410676956176758,4.787364959716797,4.968131065368652,5.2807722091674805,5.610882759094238,5.882911205291748,6.219162940979004
B7,2.2538537979125977,1.8547931909561157,1.8584973812103271,1.6393566131591797,1.3182704448699951,1.3436349630355835,1.128192663192749,1.063080906867981,1.2760225534439087,1.2945343255996704,1.5153028964996338,1.7726006507873535,1.91542649269104,2.2955188751220703,2.334567070007324,1.9413719177246094,1.5690289735794067,1.3128520250320435,0.9887465238571167,0.6836039423942566,0.38882744312286377,0.0,0.39046451449394226,0.5943437218666077,0.9144994616508484,1.142689824104309,1.4910094738006592,1.6880522966384888,2.063406467437744,2.099970579147339,2.11599063873291,1.8652173280715942,1.4634028673171997,1.2452726364135742,1.0614861249923706,0.7693095207214355,0.8888804316520691,0.8779507279396057,1.0451525449752808,1.2848939895629883,1.3543434143066406,1.7101606130599976,1.8798121213912964,2.2600598335266113,2.32778000831604,2.658501386642456,2.567272663116455,2.2240724563598633,2.1034393310546875,2.159627676010132,1.8600990772247314,2.02357816696167,2.029353141784668,1.989866852760315,2.282529592514038,2.208974838256836,2.5766818523406982,2.673854351043701,3.061103105545044,3.0828261375427246,3.6820735931396484,3.5801727771759033,3.3725571632385254,3.620213031768799,3.6397957801818848,3.67866587638855,4.053114414215088,4.038936614990234,4.288148403167725,4.66575813293457,4.821507930755615,5.1450066566467285,5.464579105377197,5.7323198318481445,6.073861122131348
B8,2.4562180042266846,2.0540120601654053,1.9935649633407593,1.7654167413711548,1.400739073753357,1.3311100006103516,1.076762080192566,0.8826512098312378,1.0495916604995728,0.9803357124328613,1.1770051717758179,1.4034875631332397,1.5450713634490967,1.9217876195907593,1.9735735654830933,2.059356689453125,1.7233691215515137,1.4398475885391235,1.1976999044418335,0.8254382610321045,0.6139708757400513,0.39046451449394226,0.0,0.37816163897514343,0.635938286781311,0.7830196022987366,1.148370623588562,1.3237274885177612,1.7021995782852173,1.74769926071167,2.2010557651519775,1.9934570789337158,1.579994797706604,1.4421876668930054,1.2175480127334595,0.9980959892272949,1.0754177570343018,0.9153732657432556,1.0821311473846436,1.2131621837615967,1.176187515258789,1.5141243934631348,1.6352344751358032,2.0019915103912354,2.061713457107544,2.7250216007232666,2.6702661514282227,2.31803035736084,2.249549388885498,2.281573534011841,1.9997735023498535,2.156935214996338,2.0947327613830566,2.068335771560669,2.324627161026001,2.1912386417388916,2.544642210006714,2.5890679359436035,2.9654881954193115,2.96410870552063,3.757969379425049,3.6872034072875977,3.5118539333343506,3.7879908084869385,3.8226265907287598,3.894645929336548,4.275050640106201,4.263998031616211,4.532209873199463,4.907308578491211,5.056766510009766,5.39209508895874,5.697967052459717,5.9745893478393555,6.310104846954346
B9,2.738770008087158,2.337749719619751,2.2681360244750977,1.9977898597717285,1.6388441324234009,1.5249642133712769,1.2023069858551025,1.026902675628662,1.068200707435608,0.9440532922744751,1.2203294038772583,1.3902946710586548,1.6084365844726562,1.9735100269317627,2.0872669219970703,2.4309635162353516,2.0851197242736816,1.805594563484192,1.535691499710083,1.180986762046814,0.9090173244476318,0.5943437218666077,0.37816163897514343,0.0,0.37139469385147095,0.6620009541511536,0.9740095138549805,1.2446669340133667,1.6169180870056152,1.7422009706497192,2.532154083251953,2.2996139526367188,1.8936419486999512,1.7203108072280884,1.447930097579956,1.1782255172729492,1.131137728691101,0.9172030091285706,0.9477696418762207,1.0331482887268066,1.0201321840286255,1.3131108283996582,1.4907654523849487,1.8534119129180908,1.9812294244766235,2.9784886837005615,2.893949031829834,2.519807815551758,2.422996759414673,2.399458885192871,2.085498094558716,2.176487445831299,2.0870754718780518,1.999728798866272,2.2161428928375244,2.051568031311035,2.3843419551849365,2.4353699684143066,2.8052818775177,2.8420233726501465,3.907994508743286,3.8179819583892822,3.662295341491699,3.9313011169433594,3.9338326454162598,4.0067057609558105,4.372982978820801,4.32976770401001,4.598071098327637,4.972280025482178,5.094956874847412,5.43388032913208,5.732996463775635,5.997372150421143,6.341181755065918
B10,3.0760793685913086,2.6741693019866943,2.593506336212158,2.3323919773101807,1.9619766473770142,1.8180618286132812,1.4922319650650024,1.2523044347763062,1.232040286064148,0.9944774508476257,1.2276147603988647,1.2944551706314087,1.5099455118179321,1.842829704284668,1.965789794921875,2.6506192684173584,2.315857172012329,2.0572946071624756,1.8224310874938965,1.4494572877883911,1.2327605485916138,0.9144994616508484,0.635938286781311,0.37139469385147095,0.0,0.3843706548213959,0.6271426677703857,0.9309900999069214,1.2879085540771484,1.4464755058288574,2.641202449798584,2.4182093143463135,2.0240678787231445,1.885154128074646,1.5673750638961792,1.3458143472671509,1.2367273569107056,0.9233890175819397,0.9140639901161194,0.8584210276603699,0.7440597414970398,0.9919118285179138,1.1477991342544556,1.4983195066452026,1.6444952487945557,2.9954628944396973,2.917271137237549,2.531507730484009,2.4609932899475098,2.3927390575408936,2.0914053916931152,2.1522560119628906,1.9998944997787476,1.9135608673095703,2.081509828567505,1.8643286228179932,2.172555685043335,2.1798605918884277,2.5350229740142822,2.561325788497925,3.8528847694396973,3.778200387954712,3.659916639328003,3.9463610649108887,3.948115587234497,4.051358222961426,4.414762020111084,4.364254474639893,4.6499176025390625,5.018629550933838,5.126577377319336,5.477015495300293,5.758225917816162,6.027947425842285,6.365680694580078
B11,3.1740527153015137,2.776001214981079,2.6606433391571045,2.4204299449920654,2.035778760910034,1.8558744192123413,1.5566802024841309,1.2403054237365723,1.201910376548767,0.8866058588027954,1.0141122341156006,1.0084774494171143,1.1804592609405518,1.4928399324417114,1.6058969497680664,2.6544606685638428,2.359034299850464,2.094623565673828,1.9269450902938843,1.5387648344039917,1.3914583921432495,1.142689824104309,0.7830196022987366,0.6620009541511536,0.3843706548213959,0.0,0.37491583824157715,0.5849713683128357,0.9596620202064514,1.104595422744751,2.631457567214966,2.4589922428131104,2.0697028636932373,2.0039446353912354,1.6992465257644653,1.5515429973602295,1.4912307262420654,1.1502641439437866,1.2076860666275024,1.0857561826705933,0.8400942087173462,1.037123441696167,1.0630813837051392,1.3734639883041382,1.4666659832000732,2.9921023845672607,2.9605021476745605,2.587886095046997,2.5751090049743652,2.517622947692871,2.2570993900299072,2.345839262008667,2.1575024127960205,2.1197304725646973,2.2693846225738525,2.02199649810791,2.3121273517608643,2.257944107055664,2.5923218727111816,2.570310354232788,3.8912696838378906,3.855278253555298,3.7567083835601807,4.067539215087891,4.098592758178711,4.227775573730469,4.600688457489014,4.570213794708252,4.869565010070801,5.234655380249023,5.351098537445068,5.7079010009765625,5.97987699508667,6.262686252593994,6.589560508728027
B12,3.547244071960449,3.1496896743774414,3.0272841453552246,2.781186580657959,2.396127700805664,2.1959915161132812,1.8858373165130615,1.5654197931289673,1.4686815738677979,1.11348295211792,1.210382103919983,1.0858098268508911,1.2614232301712036,1.502694845199585,1.64517080783844,2.9945433139801025,2.704728126525879,2.454216480255127,2.2937076091766357,1.9057403802871704,1.7605528831481934,1.4910094738006592,1.148370623588562,0.9740095138549805,0.6271426677703857,0.37491583824157715,0.0,0.3854846656322479,0.6893739700317383,0.9363330006599426,2.8987414836883545,2.728776693344116,2.3568196296691895,2.300292491912842,1.970603108406067,1.8372315168380737,1.7231478691101074,1.350386381149292,1.3453646898269653,1.1245471239089966,0.819730818271637,0.872675895690918,0.8454509973526001,1.0946534872055054,1.2331202030181885,3.1709678173065186,3.136890172958374,2.7589099407196045,2.756883144378662,2.655278444290161,2.403402805328369,2.4496002197265625,2.2136855125427246,2.1612446308135986,2.250861883163452,1.9569884538650513,2.200533151626587,2.1017518043518066,2.4046640396118164,2.3825950622558594,3.972744941711426,3.9442880153656006,3.881371259689331,4.1993231773376465,4.220292091369629,4.370441436767578,4.733635902404785,4.688577175140381,4.998032093048096,5.35618257522583,5.452788829803467,5.816956996917725,6.071901798248291,6.3534088134765625,6.676689147949219
B13,3.631101369857788,3.2409274578094482,3.1067094802856445,2.894613027572632,2.5069215297698975,2.3049612045288086,2.0368764400482178,1.677101969718933,1.6076689958572388,1.241015076637268,1.2187403440475464,1.0349440574645996,1.0951944589614868,1.2807644605636597,1.3668855428695679,2.9573814868927,2.7050678730010986,2.471001148223877,2.370579481124878,1.985474944114685,1.9089770317077637,1.6880522966384888,1.3237274885177612,1.2446669340133667,0.9309900999069214,0.5849713683128357,0.3854846656322479,0.0,0.3802226185798645,0.564591109752655,2.8179173469543457,2.694790840148926,2.342374324798584,2.3512661457061768,2.0401902198791504,1.9764589071273804,1.9064946174621582,1.5313187837600708,1.5951765775680542,1.3668512105941772,1.011906623840332,1.0519626140594482,0.8794327974319458,1.0559659004211426,1.0822817087173462,3.075232982635498,3.0848772525787354,2.7277233600616455,2.78064227104187,2.6944358348846436,2.4889020919799805,2.568382978439331,2.3125784397125244,2.3173558712005615,2.403764247894287,2.105987071990967,2.338212013244629,2.1898093223571777,2.470628023147583,2.388988733291626,3.9065754413604736,3.9169392585754395,3.8713762760162354,4.209972858428955,4.262233257293701,4.436182975769043,4.807769298553467,4.787023067474365,5.108299732208252,5.461318016052246,5.570424556732178,5.938950061798096,6.185083866119385,6.481173992156982,6.7910895347595215
