0.000000000000000000e+00,4.038372039794921875e-01,6.562482118606567383e-01,9.158546328544616699e-01,1.234645485877990723e+00,1.550253272056579590e+00,1.815743803977966309e+00,2.167530536651611328e+00,2.335943222045898438e+00,2.460298299789428711e+00,2.777632951736450195e+00,3.064179420471191406e+00,3.235246419906616211e+00,3.331501960754394531e+00,3.310461282730102539e+00,2.631614446640014648e+00,2.993140935897827148e+00,3.221326112747192383e+00,3.513712406158447266e+00,3.670534372329711914e+00,4.031653881072998047e+00,4.398793220520019531e+00,4.586853504180908203e+00,4.828955173492431641e+00,5.115031242370605469e+00,5.114551067352294922e+00,5.449068069458007812e+00,5.484847068786621094e+00,5.598481655120849609e+00,5.519804000854492188e+00,3.496948003768920898e+00,3.830442667007446289e+00,3.877720832824707031e+00,4.211730480194091797e+00,4.457704544067382812e+00,4.665331840515136719e+00,5.039529800415039062e+00,5.202976703643798828e+00,5.467809677124023438e+00,5.441564559936523438e+00,5.537240028381347656e+00,5.810291290283203125e+00,5.730408668518066406e+00,5.904187202453613281e+00,5.740513324737548828e+00,3.779690504074096680e+00,3.890015840530395508e+00,3.686634063720703125e+00,3.890869379043579102e+00,4.086208343505859375e+00,4.116858005523681641e+00,4.483032703399658203e+00,4.554192066192626953e+00,4.806547164916992188e+00,4.675829410552978516e+00,4.597751140594482422e+00,4.875274181365966797e+00,4.751201629638671875e+00,4.726566314697265625e+00,4.422144889831542969e+00,2.385234117507934570e+00,2.129633426666259766e+00,2.300476551055908203e+00,2.438533544540405273e+00,2.278761863708496094e+00,2.614249467849731445e+00,2.731128692626953125e+00,2.650737285614013672e+00,3.007526636123657227e+00,3.122375249862670898e+00,2.941042661666870117e+00,3.090555429458618164e+00,3.453232049942016602e+00,3.522682428359985352e+00,3.452919960021972656e+00
4.038372039794921875e-01,0.000000000000000000e+00,4.046811163425445557e-01,6.415887475013732910e-01,8.896360397338867188e-01,1.244369983673095703e+00,1.519963502883911133e+00,1.864676237106323242e+00,2.073877811431884766e+00,2.170853137969970703e+00,2.478694438934326172e+00,2.783232688903808594e+00,2.971627235412597656e+00,3.055495500564575195e+00,3.056240320205688477e+00,2.584196567535400391e+00,2.960759401321411133e+00,3.224761486053466797e+00,3.492949247360229492e+00,3.660089731216430664e+00,4.006546020507812500e+00,4.375918388366699219e+00,4.569530487060546875e+00,4.813161849975585938e+00,5.099928379058837891e+00,5.103949069976806641e+00,5.449829101562500000e+00,5.511887073516845703e+00,5.624871253967285156e+00,5.563105106353759766e+00,3.651752948760986328e+00,4.005821704864501953e+00,4.071565628051757812e+00,4.390498638153076172e+00,4.659594058990478516e+00,4.857680320739746094e+00,5.230204105377197266e+00,5.415821552276611328e+00,5.666066646575927734e+00,5.648680210113525391e+00,5.765454769134521484e+00,6.037246704101562500e+00,5.969074249267578125e+00,6.160400390625000000e+00,6.014756679534912109e+00,4.110900878906250000e+00,4.237052440643310547e+00,4.049391269683837891e+00,4.259994983673095703e+00,4.464870929718017578e+00,4.502061367034912109e+00,4.869021892547607422e+00,4.947823524475097656e+00,5.199566841125488281e+00,5.071691989898681641e+00,4.998347759246826172e+00,5.276540279388427734e+00,5.151056289672851562e+00,5.127717018127441406e+00,4.822744369506835938e+00,2.781868696212768555e+00,2.521145105361938477e+00,2.672913789749145508e+00,2.806471824645996094e+00,2.619861125946044922e+00,2.936761379241943359e+00,3.038269519805908203e+00,2.921387434005737305e+00,3.277208328247070312e+00,3.382733106613159180e+00,3.169949293136596680e+00,3.295472383499145508e+00,3.665514469146728516e+00,3.719751358032226562e+00,3.611916303634643555e+00
6.562482118606567383e-01,4.046811163425445557e-01,0.000000000000000000e+00,3.877698779106140137e-01,6.317241787910461426e-01,9.246948361396789551e-01,1.239408969879150391e+00,1.561252355575561523e+00,1.739857673645019531e+00,1.824903726577758789e+00,2.148636579513549805e+00,2.437159299850463867e+00,2.604445457458496094e+00,2.685996532440185547e+00,2.673391819000244141e+00,2.219528198242187500e+00,2.603322029113769531e+00,2.876902580261230469e+00,3.132856130599975586e+00,3.293168783187866211e+00,3.633232355117797852e+00,4.004408359527587891e+00,4.206811428070068359e+00,4.443486213684082031e+00,4.734994888305664062e+00,4.750076770782470703e+00,5.099605560302734375e+00,5.174557685852050781e+00,5.297772884368896484e+00,5.252827644348144531e+00,3.418857336044311523e+00,3.786794185638427734e+00,3.852233886718750000e+00,4.153450012207031250e+00,4.440500736236572266e+00,4.620257854461669922e+00,4.992300510406494141e+00,5.195777893066406250e+00,5.428960800170898438e+00,5.413036346435546875e+00,5.551146030426025391e+00,5.817104339599609375e+00,5.757557868957519531e+00,5.967153072357177734e+00,5.842709064483642578e+00,4.062204837799072266e+00,4.206367015838623047e+00,4.046936035156250000e+00,4.258220195770263672e+00,4.490856170654296875e+00,4.536193847656250000e+00,4.902711868286132812e+00,5.010751247406005859e+00,5.255716323852539062e+00,5.142628192901611328e+00,5.095088005065917969e+00,5.381988048553466797e+00,5.265350818634033203e+00,5.270524501800537109e+00,4.982230663299560547e+00,2.870506763458251953e+00,2.597711086273193359e+00,2.694673299789428711e+00,2.842442512512207031e+00,2.621932029724121094e+00,2.909590959548950195e+00,3.025182485580444336e+00,2.872505903244018555e+00,3.233677864074707031e+00,3.297812461853027344e+00,3.057104587554931641e+00,3.188417911529541016e+00,3.554725885391235352e+00,3.571083068847656250e+00,3.443141698837280273e+00
9.158546328544616699e-01,6.415887475013732910e-01,3.877698779106140137e-01,0.000000000000000000e+00,3.921840786933898926e-01,6.556669473648071289e-01,9.008912444114685059e-01,1.253762245178222656e+00,1.442273020744323730e+00,1.575406193733215332e+00,1.876647114753723145e+00,2.174407720565795898e+00,2.375853538513183594e+00,2.497885465621948242e+00,2.531789064407348633e+00,2.312260627746582031e+00,2.704879522323608398e+00,2.983795166015625000e+00,3.218617439270019531e+00,3.348984479904174805e+00,3.676469564437866211e+00,4.052041053771972656e+00,4.278807163238525391e+00,4.491837024688720703e+00,4.797922134399414062e+00,4.840537071228027344e+00,5.193614959716796875e+00,5.286531925201416016e+00,5.430832386016845703e+00,5.410361289978027344e+00,3.640637874603271484e+00,4.012387275695800781e+00,4.057337284088134766e+00,4.344174861907958984e+00,4.636890888214111328e+00,4.790737152099609375e+00,5.166124820709228516e+00,5.374427318572998047e+00,5.592572212219238281e+00,5.559872150421142578e+00,5.712166786193847656e+00,5.962638854980468750e+00,5.891491889953613281e+00,6.108217716217041016e+00,5.991184711456298828e+00,4.324002265930175781e+00,4.458791255950927734e+00,4.296692848205566406e+00,4.486245632171630859e+00,4.729762077331542969e+00,4.752296924591064453e+00,5.113089561462402344e+00,5.229729652404785156e+00,5.458169460296630859e+00,5.330272197723388672e+00,5.297469615936279297e+00,5.573146820068359375e+00,5.437743186950683594e+00,5.447854518890380859e+00,5.161689758300781250e+00,3.093101501464843750e+00,2.786719083786010742e+00,2.858301401138305664e+00,2.965790033340454102e+00,2.706700325012207031e+00,2.964514255523681641e+00,3.038844347000122070e+00,2.846732378005981445e+00,3.194890737533569336e+00,3.264448881149291992e+00,2.997108936309814453e+00,3.086979150772094727e+00,3.457850933074951172e+00,3.475477933883666992e+00,3.310390710830688477e+00
1.234645485877990723e+00,8.896360397338867188e-01,6.317241787910461426e-01,3.921840786933898926e-01,0.000000000000000000e+00,3.923137187957763672e-01,6.871493458747863770e-01,9.947582483291625977e-01,1.245229959487915039e+00,1.310606122016906738e+00,1.602308392524719238e+00,1.920630812644958496e+00,2.133800745010375977e+00,2.227122783660888672e+00,2.280310153961181641e+00,2.299123525619506836e+00,2.690788507461547852e+00,3.000237703323364258e+00,3.204234123229980469e+00,3.349147081375122070e+00,3.654666900634765625e+00,4.024866104125976562e+00,4.249297142028808594e+00,4.465865612030029297e+00,4.765637397766113281e+00,4.807260990142822266e+00,5.168252468109130859e+00,5.285621166229248047e+00,5.423636436462402344e+00,5.417155742645263672e+00,3.778256893157958984e+00,4.162977695465087891e+00,4.230576038360595703e+00,4.501008510589599609e+00,4.812259197235107422e+00,4.960703372955322266e+00,5.329291343688964844e+00,5.557649612426757812e+00,5.762174606323242188e+00,5.743514060974121094e+00,5.913206577301025391e+00,6.164503097534179688e+00,6.109657287597656250e+00,6.341636657714843750e+00,6.242565631866455078e+00,4.613482475280761719e+00,4.764946937561035156e+00,4.619347572326660156e+00,4.820469379425048828e+00,5.069198608398437500e+00,5.105090618133544922e+00,5.467498779296875000e+00,5.589536666870117188e+00,5.822035312652587891e+00,5.702631950378417969e+00,5.670770645141601562e+00,5.951114177703857422e+00,5.821408748626708984e+00,5.832968235015869141e+00,5.546780586242675781e+00,3.459004402160644531e+00,3.162110328674316406e+00,3.228349685668945312e+00,3.346026182174682617e+00,3.082991361618041992e+00,3.331482648849487305e+00,3.406863451004028320e+00,3.199680805206298828e+00,3.544251203536987305e+00,3.599433660507202148e+00,3.316447734832763672e+00,3.395831823348999023e+00,3.763235330581665039e+00,3.761810541152954102e+00,3.572840929031372070e+00
1.550253272056579590e+00,1.244369983673095703e+00,9.246948361396789551e-01,6.556669473648071289e-01,3.923137187957763672e-01,0.000000000000000000e+00,3.883165121078491211e-01,6.420665383338928223e-01,8.624045252799987793e-01,9.326029419898986816e-01,1.234880685806274414e+00,1.541451930999755859e+00,1.751064300537109375e+00,1.865564942359924316e+00,1.933118581771850586e+00,2.125379323959350586e+00,2.512745380401611328e+00,2.824954986572265625e+00,3.001456975936889648e+00,3.122839927673339844e+00,3.410340547561645508e+00,3.778954267501831055e+00,4.019875526428222656e+00,4.216897487640380859e+00,4.524600505828857422e+00,4.588044643402099609e+00,4.950428962707519531e+00,5.085520744323730469e+00,5.240337371826171875e+00,5.258395671844482422e+00,3.730565071105957031e+00,4.119973182678222656e+00,4.177749633789062500e+00,4.424395084381103516e+00,4.747430801391601562e+00,4.869355201721191406e+00,5.234714031219482422e+00,5.476541042327880859e+00,5.659867286682128906e+00,5.635846614837646484e+00,5.826309204101562500e+00,6.064925193786621094e+00,6.012818336486816406e+00,6.259990215301513672e+00,6.180915355682373047e+00,4.699926376342773438e+00,4.858781337738037109e+00,4.733255863189697266e+00,4.925336360931396484e+00,5.194739341735839844e+00,5.228398323059082031e+00,5.585781574249267578e+00,5.730468273162841797e+00,5.951296806335449219e+00,5.838402748107910156e+00,5.829739570617675781e+00,6.111230850219726562e+00,5.982690334320068359e+00,6.016079902648925781e+00,5.743729114532470703e+00,3.638760089874267578e+00,3.329687118530273438e+00,3.352443933486938477e+00,3.465340852737426758e+00,3.174723386764526367e+00,3.387593030929565430e+00,3.458818435668945312e+00,3.218599796295166016e+00,3.554206132888793945e+00,3.577910661697387695e+00,3.271048545837402344e+00,3.338572740554809570e+00,3.695700883865356445e+00,3.663205146789550781e+00,3.447336673736572266e+00
1.815743803977966309e+00,1.519963502883911133e+00,1.239408969879150391e+00,9.008912444114685059e-01,6.871493458747863770e-01,3.883165121078491211e-01,0.000000000000000000e+00,3.822495341300964355e-01,6.264767646789550781e-01,8.044803142547607422e-01,1.034438610076904297e+00,1.347081065177917480e+00,1.609587550163269043e+00,1.787453174591064453e+00,1.921496391296386719e+00,2.353955030441284180e+00,2.732582569122314453e+00,3.034514427185058594e+00,3.190169572830200195e+00,3.276275873184204102e+00,3.546607971191406250e+00,3.912790536880493164e+00,4.174765586853027344e+00,4.343852043151855469e+00,4.663022518157958984e+00,4.753759384155273438e+00,5.114329814910888672e+00,5.262575626373291016e+00,5.437366485595703125e+00,5.476812362670898438e+00,4.001381874084472656e+00,4.387236595153808594e+00,4.423177719116210938e+00,4.657818317413330078e+00,4.979647159576416016e+00,5.078371524810791016e+00,5.444840908050537109e+00,5.686045169830322266e+00,5.856492042541503906e+00,5.814832210540771484e+00,6.014477252960205078e+00,6.237039566040039062e+00,6.171827316284179688e+00,6.421863555908203125e+00,6.347314357757568359e+00,4.964536190032958984e+00,5.111662387847900391e+00,4.980743408203125000e+00,5.152224063873291016e+00,5.427757740020751953e+00,5.439818859100341797e+00,5.790583133697509766e+00,5.940321922302246094e+00,6.145711898803710938e+00,6.018697261810302734e+00,6.021879196166992188e+00,6.291633605957031250e+00,6.146124362945556641e+00,6.182606220245361328e+00,5.912724494934082031e+00,3.860291004180908203e+00,3.528010368347167969e+00,3.534038066864013672e+00,3.611522674560546875e+00,3.296416521072387695e+00,3.481269121170043945e+00,3.514359235763549805e+00,3.246123075485229492e+00,3.561146497726440430e+00,3.590769529342651367e+00,3.267248392105102539e+00,3.292361497879028320e+00,3.645318031311035156e+00,3.615874052047729492e+00,3.367327451705932617e+00
2.167530536651611328e+00,1.864676237106323242e+00,1.561252355575561523e+00,1.253762245178222656e+00,9.947582483291625977e-01,6.420665383338928223e-01,3.822495341300964355e-01,0.000000000000000000e+00,3.600836098194122314e-01,4.641134738922119141e-01,6.545368432998657227e-01,9.778706431388854980e-01,1.256042242050170898e+00,1.436787247657775879e+00,1.607834935188293457e+00,2.326785564422607422e+00,2.685452938079833984e+00,2.996050834655761719e+00,3.112555503845214844e+00,3.190080165863037109e+00,3.429444551467895508e+00,3.784408807754516602e+00,4.051220417022705078e+00,4.207656383514404297e+00,4.523930549621582031e+00,4.626597881317138672e+00,4.988719463348388672e+00,5.160508155822753906e+00,5.340059757232666016e+00,5.401730060577392578e+00,4.078703403472900391e+00,4.468701362609863281e+00,4.511690616607666016e+00,4.722023963928222656e+00,5.057119846343994141e+00,5.138035297393798828e+00,5.495484352111816406e+00,5.753553390502929688e+00,5.903601646423339844e+00,5.867924213409423828e+00,6.087328433990478516e+00,6.302489757537841797e+00,6.249265193939208984e+00,6.514925479888916016e+00,6.462045192718505859e+00,5.182428836822509766e+00,5.342150688171386719e+00,5.231410980224609375e+00,5.405161380767822266e+00,5.692770481109619141e+00,5.712684154510498047e+00,6.061076164245605469e+00,6.225123882293701172e+00,6.427328109741210938e+00,6.310346603393554688e+00,6.325532436370849609e+00,6.599230289459228516e+00,6.459784030914306641e+00,6.508894920349121094e+00,6.246926307678222656e+00,4.173833847045898438e+00,3.844712495803833008e+00,3.829350948333740234e+00,3.913838148117065430e+00,3.589766502380371094e+00,3.754159688949584961e+00,3.791068553924560547e+00,3.506141662597656250e+00,3.812720298767089844e+00,3.816112041473388672e+00,3.479218959808349609e+00,3.497662544250488281e+00,3.836672306060791016e+00,3.778564214706420898e+00,3.509736061096191406e+00
2.335943222045898438e+00,2.073877811431884766e+00,1.739857673645019531e+00,1.442273020744323730e+00,1.245229959487915039e+00,8.624045252799987793e-01,6.264767646789550781e-01,3.600836098194122314e-01,0.000000000000000000e+00,3.835965096950531006e-01,5.504821538925170898e-01,7.802360653877258301e-01,1.027310371398925781e+00,1.271631479263305664e+00,1.438737869262695312e+00,2.189241170883178711e+00,2.530655622482299805e+00,2.820500612258911133e+00,2.920629739761352539e+00,2.963389158248901367e+00,3.190868616104125977e+00,3.542925119400024414e+00,3.825861215591430664e+00,3.958567380905151367e+00,4.284218311309814453e+00,4.409019947052001953e+00,4.765885829925537109e+00,4.941498756408691406e+00,5.139847278594970703e+00,5.218004226684570312e+00,3.954964637756347656e+00,4.338737964630126953e+00,4.362807273864746094e+00,4.554569721221923828e+00,4.889992237091064453e+00,4.947045326232910156e+00,5.301162719726562500e+00,5.562065124511718750e+00,5.696443557739257812e+00,5.650426387786865234e+00,5.881298542022705078e+00,6.083017826080322266e+00,6.026827812194824219e+00,6.299696445465087891e+00,6.259531974792480469e+00,5.113533973693847656e+00,5.273475170135498047e+00,5.177506923675537109e+00,5.338625907897949219e+00,5.641072750091552734e+00,5.656163692474365234e+00,5.996936321258544922e+00,6.179389476776123047e+00,6.369095802307128906e+00,6.258102893829345703e+00,6.294176578521728516e+00,6.567115306854248047e+00,6.430140018463134766e+00,6.499681472778320312e+00,6.252791404724121094e+00,4.183261871337890625e+00,3.848326683044433594e+00,3.796206474304199219e+00,3.875740051269531250e+00,3.536295413970947266e+00,3.668221473693847656e+00,3.705206155776977539e+00,3.401565551757812500e+00,3.696261405944824219e+00,3.669965267181396484e+00,3.322128772735595703e+00,3.336987018585205078e+00,3.659817218780517578e+00,3.574286222457885742e+00,3.293025493621826172e+00
2.460298299789428711e+00,2.170853137969970703e+00,1.824903726577758789e+00,1.575406193733215332e+00,1.310606122016906738e+00,9.326029419898986816e-01,8.044803142547607422e-01,4.641134738922119141e-01,3.835965096950531006e-01,0.000000000000000000e+00,3.534151613712310791e-01,6.202820539474487305e-01,8.333972692489624023e-01,9.832110404968261719e-01,1.144884109497070312e+00,2.089943170547485352e+00,2.417813062667846680e+00,2.733489990234375000e+00,2.808097362518310547e+00,2.882405996322631836e+00,3.090167522430419922e+00,3.431712150573730469e+00,3.697232007980346680e+00,3.846805334091186523e+00,4.156164646148681641e+00,4.264605522155761719e+00,4.627211093902587891e+00,4.818944931030273438e+00,4.999546051025390625e+00,5.080346584320068359e+00,3.929451704025268555e+00,4.321152210235595703e+00,4.376191139221191406e+00,4.557357311248779297e+00,4.906789302825927734e+00,4.971216678619384766e+00,5.315341949462890625e+00,5.593048095703125000e+00,5.721194744110107422e+00,5.698788166046142578e+00,5.938755989074707031e+00,6.149479866027832031e+00,6.116597652435302734e+00,6.400157451629638672e+00,6.373802185058593750e+00,5.209951877593994141e+00,5.389435768127441406e+00,5.310383319854736328e+00,5.492219448089599609e+00,5.794960498809814453e+00,5.833600521087646484e+00,6.179220676422119141e+00,6.363423824310302734e+00,6.565460205078125000e+00,6.470418453216552734e+00,6.500610351562500000e+00,6.784802436828613281e+00,6.663194656372070312e+00,6.732958316802978516e+00,6.484875202178955078e+00,4.365399837493896484e+00,4.050573348999023438e+00,4.006432533264160156e+00,4.115408897399902344e+00,3.790221691131591797e+00,3.935886621475219727e+00,3.999049425125122070e+00,3.706720829010009766e+00,4.012054443359375000e+00,3.973005771636962891e+00,3.629336357116699219e+00,3.666334390640258789e+00,3.986592531204223633e+00,3.886237144470214844e+00,3.614345073699951172e+00
2.777632951736450195e+00,2.478694438934326172e+00,2.148636579513549805e+00,1.876647114753723145e+00,1.602308392524719238e+00,1.234880685806274414e+00,1.034438610076904297e+00,6.545368432998657227e-01,5.504821538925170898e-01,3.534151613712310791e-01,0.000000000000000000e+00,3.515419661998748779e-01,6.637295484542846680e-01,8.636147975921630859e-01,1.126395225524902344e+00,2.360404491424560547e+00,2.664827585220336914e+00,2.972925186157226562e+00,3.016829252243041992e+00,3.070229053497314453e+00,3.246914386749267578e+00,3.573339700698852539e+00,3.846528768539428711e+00,3.973482131958007812e+00,4.281729221343994141e+00,4.408093929290771484e+00,4.767058849334716797e+00,4.977473258972167969e+00,5.167034149169921875e+00,5.268669605255126953e+00,4.221964359283447266e+00,4.610777378082275391e+00,4.660338401794433594e+00,4.826086521148681641e+00,5.177847862243652344e+00,5.225195884704589844e+00,5.563663005828857422e+00,5.846614360809326172e+00,5.959794044494628906e+00,5.932292938232421875e+00,6.183426380157470703e+00,6.382719039916992188e+00,6.348815917968750000e+00,6.638715267181396484e+00,6.622935295104980469e+00,5.536207675933837891e+00,5.713786125183105469e+00,5.636854648590087891e+00,5.810777664184570312e+00,6.117670059204101562e+00,6.148746490478515625e+00,6.490682601928710938e+00,6.679170131683349609e+00,6.873781204223632812e+00,6.774010658264160156e+00,6.811037063598632812e+00,7.090170860290527344e+00,6.961371421813964844e+00,7.033450603485107422e+00,6.786894321441650391e+00,4.689728736877441406e+00,4.366305351257324219e+00,4.314733505249023438e+00,4.408597469329833984e+00,4.072692394256591797e+00,4.202193737030029297e+00,4.246039867401123047e+00,3.938785314559936523e+00,4.228950023651123047e+00,4.188735961914062500e+00,3.836419343948364258e+00,3.847074747085571289e+00,4.157821178436279297e+00,4.052799224853515625e+00,3.758651018142700195e+00
3.064179420471191406e+00,2.783232688903808594e+00,2.437159299850463867e+00,2.174407720565795898e+00,1.920630812644958496e+00,1.541451930999755859e+00,1.347081065177917480e+00,9.778706431388854980e-01,7.802360653877258301e-01,6.202820539474487305e-01,3.515419661998748779e-01,0.000000000000000000e+00,3.571788668632507324e-01,6.481079459190368652e-01,9.526001214981079102e-01,2.368152379989624023e+00,2.636972188949584961e+00,2.926470518112182617e+00,2.934950828552246094e+00,2.959161996841430664e+00,3.102782726287841797e+00,3.412713766098022461e+00,3.694917201995849609e+00,3.795952796936035156e+00,4.104370117187500000e+00,4.251422882080078125e+00,4.603925228118896484e+00,4.829066753387451172e+00,5.031820774078369141e+00,5.156008243560791016e+00,4.239874362945556641e+00,4.621609210968017578e+00,4.662878036499023438e+00,4.803460597991943359e+00,5.158161163330078125e+00,5.181746959686279297e+00,5.510200023651123047e+00,5.801104068756103516e+00,5.893350601196289062e+00,5.863029003143310547e+00,6.129341602325439453e+00,6.315330028533935547e+00,6.286183834075927734e+00,6.586426258087158203e+00,6.589263916015625000e+00,5.635338783264160156e+00,5.817257404327392578e+00,5.757655620574951172e+00,5.924477100372314453e+00,6.243074417114257812e+00,6.274681568145751953e+00,6.609743118286132812e+00,6.813851833343505859e+00,6.999375343322753906e+00,6.907723903656005859e+00,6.961327075958251953e+00,7.240849018096923828e+00,7.116498947143554688e+00,7.205030918121337891e+00,6.970759868621826172e+00,4.875545024871826172e+00,4.552299499511718750e+00,4.474249362945556641e+00,4.567536830902099609e+00,4.223490238189697266e+00,4.327230930328369141e+00,4.372500419616699219e+00,4.052896976470947266e+00,4.330072879791259766e+00,4.263599395751953125e+00,3.905309200286865234e+00,3.911637067794799805e+00,4.202651500701904297e+00,4.071144580841064453e+00,3.766602993011474609e+00
3.235246419906616211e+00,2.971627235412597656e+00,2.604445457458496094e+00,2.375853538513183594e+00,2.133800745010375977e+00,1.751064300537109375e+00,1.609587550163269043e+00,1.256042242050170898e+00,1.027310371398925781e+00,8.333972692489624023e-01,6.637295484542846680e-01,3.571788668632507324e-01,0.000000000000000000e+00,3.881184756755828857e-01,6.663206815719604492e-01,2.208585023880004883e+00,2.438373327255249023e+00,2.716310977935791016e+00,2.690938234329223633e+00,2.705174446105957031e+00,2.819875240325927734e+00,3.114552259445190430e+00,3.394957304000854492e+00,3.486647367477416992e+00,3.789131402969360352e+00,3.942162752151489258e+00,4.291491508483886719e+00,4.527882099151611328e+00,4.732949256896972656e+00,4.870704650878906250e+00,4.084342956542968750e+00,4.460535526275634766e+00,4.506731510162353516e+00,4.624120712280273438e+00,4.984424591064453125e+00,4.994691371917724609e+00,5.310870647430419922e+00,5.612803936004638672e+00,5.688675880432128906e+00,5.667266845703125000e+00,5.946138858795166016e+00,6.127635002136230469e+00,6.113032817840576172e+00,6.423983573913574219e+00,6.445500850677490234e+00,5.584219455718994141e+00,5.777916908264160156e+00,5.741415023803710938e+00,5.911873340606689453e+00,6.239531040191650391e+00,6.284088611602783203e+00,6.614968776702880859e+00,6.833049774169921875e+00,7.017332553863525391e+00,6.942627906799316406e+00,7.007315158843994141e+00,7.293594360351562500e+00,7.183591842651367188e+00,7.287696838378906250e+00,7.065147399902343750e+00,4.947983264923095703e+00,4.637504577636718750e+00,4.539412498474121094e+00,4.649760723114013672e+00,4.309402942657470703e+00,4.400288105010986328e+00,4.466588497161865234e+00,4.147926807403564453e+00,4.423679828643798828e+00,4.327313899993896484e+00,3.970752477645874023e+00,3.995933771133422852e+00,4.271139621734619141e+00,4.110947608947753906e+00,3.814065217971801758e+00
3.331501960754394531e+00,3.055495500564575195e+00,2.685996532440185547e+00,2.497885465621948242e+00,2.227122783660888672e+00,1.865564942359924316e+00,1.787453174591064453e+00,1.436787247657775879e+00,1.271631479263305664e+00,9.832110404968261719e-01,8.636147975921630859e-01,6.481079459190368652e-01,3.881184756755828857e-01,0.000000000000000000e+00,3.687818944454193115e-01,2.140927553176879883e+00,2.345463037490844727e+00,2.641861200332641602e+00,2.591675043106079102e+00,2.643972635269165039e+00,2.737540960311889648e+00,3.016064643859863281e+00,3.269939661026000977e+00,3.384263753890991211e+00,3.663925886154174805e+00,3.792961597442626953e+00,4.146380424499511719e+00,4.395738124847412109e+00,4.577582359313964844e+00,4.713740348815917969e+00,4.037827968597412109e+00,4.417485237121582031e+00,4.494965553283691406e+00,4.603689193725585938e+00,4.974021434783935547e+00,4.995476722717285156e+00,5.300223350524902344e+00,5.615673542022705078e+00,5.688330173492431641e+00,5.692218303680419922e+00,5.975553989410400391e+00,6.167924404144287109e+00,6.176771163940429688e+00,6.494816303253173828e+00,6.526700973510742188e+00,5.632776260375976562e+00,5.843649387359619141e+00,5.821973800659179688e+00,6.012239456176757812e+00,6.337487220764160156e+00,6.404799461364746094e+00,6.739982604980468750e+00,6.957512378692626953e+00,7.154429912567138672e+00,7.095090389251708984e+00,7.152191162109375000e+00,7.449101448059082031e+00,7.354528903961181641e+00,7.457500934600830078e+00,7.233443260192871094e+00,5.074497222900390625e+00,4.784109115600585938e+00,4.696013927459716797e+00,4.833414554595947266e+00,4.508735179901123047e+00,4.616211891174316406e+00,4.707726955413818359e+00,4.403319358825683594e+00,4.692198276519775391e+00,4.589006423950195312e+00,4.239499092102050781e+00,4.289035797119140625e+00,4.566643238067626953e+00,4.399466037750244141e+00,4.118337631225585938e+00
3.310461282730102539e+00,3.056240320205688477e+00,2.673391819000244141e+00,2.531789064407348633e+00,2.280310153961181641e+00,1.933118581771850586e+00,1.921496391296386719e+00,1.607834935188293457e+00,1.438737869262695312e+00,1.144884109497070312e+00,1.126395225524902344e+00,9.526001214981079102e-01,6.663206815719604492e-01,3.687818944454193115e-01,0.000000000000000000e+00,1.850728273391723633e+00,2.025408029556274414e+00,2.322188854217529297e+00,2.256247997283935547e+00,2.326630592346191406e+00,2.413713932037353516e+00,2.688726902008056641e+00,2.929662704467773438e+00,3.060895919799804688e+00,3.332481384277343750e+00,3.447044134140014648e+00,3.803663730621337891e+00,4.051597118377685547e+00,4.224084854125976562e+00,4.355637550354003906e+00,3.735752344131469727e+00,4.112852573394775391e+00,4.204371929168701172e+00,4.302727699279785156e+00,4.677620410919189453e+00,4.702363491058349609e+00,4.998862743377685547e+00,5.321770191192626953e+00,5.391403675079345703e+00,5.410527229309082031e+00,5.696386337280273438e+00,5.895004272460937500e+00,5.919777870178222656e+00,6.242372989654541016e+00,6.282847404479980469e+00,5.405772686004638672e+00,5.628966808319091797e+00,5.626113414764404297e+00,5.826415538787841797e+00,6.154108524322509766e+00,6.239020824432373047e+00,6.572782993316650391e+00,6.797003269195556641e+00,6.998870849609375000e+00,6.957221984863281250e+00,7.016769409179687500e+00,7.322177886962890625e+00,7.244800567626953125e+00,7.356881618499755859e+00,7.140790939331054688e+00,4.958373069763183594e+00,4.687769412994384766e+00,4.591367721557617188e+00,4.752706527709960938e+00,4.441792964935302734e+00,4.550638198852539062e+00,4.670686721801757812e+00,4.379640102386474609e+00,4.675653934478759766e+00,4.552506923675537109e+00,4.212755203247070312e+00,4.292782306671142578e+00,4.563817501068115234e+00,4.380383014678955078e+00,4.121391773223876953e+00
2.631614446640014648e+00,2.584196567535400391e+00,2.219528198242187500e+00,2.312260627746582031e+00,2.299123525619506836e+00,2.125379323959350586e+00,2.353955030441284180e+00,2.326785564422607422e+00,2.189241170883178711e+00,2.089943170547485352e+00,2.360404491424560547e+00,2.368152379989624023e+00,2.208585023880004883e+00,2.140927553176879883e+00,1.850728273391723633e+00,0.000000000000000000e+00,3.939059078693389893e-01,7.174564599990844727e-01,9.194785952568054199e-01,1.132521390914916992e+00,1.455579876899719238e+00,1.810565352439880371e+00,1.990567445755004883e+00,2.247263193130493164e+00,2.521732807159423828e+00,2.533951759338378906e+00,2.887506008148193359e+00,2.988410949707031250e+00,3.129937887191772461e+00,3.137167215347290039e+00,1.910209417343139648e+00,2.300951480865478516e+00,2.412333726882934570e+00,2.563755750656127930e+00,2.935078859329223633e+00,3.031526088714599609e+00,3.352162599563598633e+00,3.654908418655395508e+00,3.790176391601562500e+00,3.837280273437500000e+00,4.074300289154052734e+00,4.325792312622070312e+00,4.366219997406005859e+00,4.664029121398925781e+00,4.670789718627929688e+00,3.617788791656494141e+00,3.866907119750976562e+00,3.908857822418212891e+00,4.138603210449218750e+00,4.464581489562988281e+00,4.602945327758789062e+00,4.931190490722656250e+00,5.166411399841308594e+00,5.386264801025390625e+00,5.401151657104492188e+00,5.461258888244628906e+00,5.791298389434814453e+00,5.775844097137451172e+00,5.915379524230957031e+00,5.732895851135253906e+00,3.537605285644531250e+00,3.361141920089721680e+00,3.233355283737182617e+00,3.489237785339355469e+00,3.267542839050292969e+00,3.392061710357666016e+00,3.638353109359741211e+00,3.449478149414062500e+00,3.769577503204345703e+00,3.593497276306152344e+00,3.340561866760253906e+00,3.570288419723510742e+00,3.815554618835449219e+00,3.616424322128295898e+00,3.509480714797973633e+00
2.993140935897827148e+00,2.960759401321411133e+00,2.603322029113769531e+00,2.704879522323608398e+00,2.690788507461547852e+00,2.512745380401611328e+00,2.732582569122314453e+00,2.685452938079833984e+00,2.530655622482299805e+00,2.417813062667846680e+00,2.664827585220336914e+00,2.636972188949584961e+00,2.438373327255249023e+00,2.345463037490844727e+00,2.025408029556274414e+00,3.939059078693389893e-01,0.000000000000000000e+00,3.749947547912597656e-01,5.450652241706848145e-01,8.189803361892700195e-01,1.128195166587829590e+00,1.462596535682678223e+00,1.615251660346984863e+00,1.891206622123718262e+00,2.149862766265869141e+00,2.146865129470825195e+00,2.498951435089111328e+00,2.597930669784545898e+00,2.736490964889526367e+00,2.748707532882690430e+00,1.723003864288330078e+00,2.095588207244873047e+00,2.223204612731933594e+00,2.328393697738647461e+00,2.709647417068481445e+00,2.789713382720947266e+00,3.087676048278808594e+00,3.409007310867309570e+00,3.522165775299072266e+00,3.590416908264160156e+00,3.842890262603759766e+00,4.092142581939697266e+00,4.159159660339355469e+00,4.469921588897705078e+00,4.503268718719482422e+00,3.600508451461791992e+00,3.864133119583129883e+00,3.943822622299194336e+00,4.174695014953613281e+00,4.505882263183593750e+00,4.662288188934326172e+00,4.977498531341552734e+00,5.227900505065917969e+00,5.442917823791503906e+00,5.482362270355224609e+00,5.555959701538085938e+00,5.889884471893310547e+00,5.894814491271972656e+00,6.052273750305175781e+00,5.888303279876708984e+00,3.726226568222045898e+00,3.576634883880615234e+00,3.427393913269042969e+00,3.695325613021850586e+00,3.489960193634033203e+00,3.592371940612792969e+00,3.855370283126831055e+00,3.676416635513305664e+00,3.982162714004516602e+00,3.777533054351806641e+00,3.539052724838256836e+00,3.782126665115356445e+00,4.000766277313232422e+00,3.776780128479003906e+00,3.686247825622558594e+00
3.221326112747192383e+00,3.224761486053466797e+00,2.876902580261230469e+00,2.983795166015625000e+00,3.000237703323364258e+00,2.824954986572265625e+00,3.034514427185058594e+00,2.996050834655761719e+00,2.820500612258911133e+00,2.733489990234375000e+00,2.972925186157226562e+00,2.926470518112182617e+00,2.716310977935791016e+00,2.641861200332641602e+00,2.322188854217529297e+00,7.174564599990844727e-01,3.749947547912597656e-01,0.000000000000000000e+00,3.473200201988220215e-01,5.758882761001586914e-01,9.133340716361999512e-01,1.230159401893615723e+00,1.372652530670166016e+00,1.640628218650817871e+00,1.900394916534423828e+00,1.900948286056518555e+00,2.235916376113891602e+00,2.303880929946899414e+00,2.460489511489868164e+00,2.469798088073730469e+00,1.475976824760437012e+00,1.822012066841125488e+00,1.927803516387939453e+00,1.999455571174621582e+00,2.381806135177612305e+00,2.440010547637939453e+00,2.731426477432250977e+00,3.058022499084472656e+00,3.159140348434448242e+00,3.227773427963256836e+00,3.488370656967163086e+00,3.732496261596679688e+00,3.807432413101196289e+00,4.124370098114013672e+00,4.171922683715820312e+00,3.423905611038208008e+00,3.689510107040405273e+00,3.797347545623779297e+00,4.016383171081542969e+00,4.355544567108154297e+00,4.516666412353515625e+00,4.816720962524414062e+00,5.083693027496337891e+00,5.286974906921386719e+00,5.343649387359619141e+00,5.435615062713623047e+00,5.768568992614746094e+00,5.787373065948486328e+00,5.965047836303710938e+00,5.822013854980468750e+00,3.715460062026977539e+00,3.584709405899047852e+00,3.404923200607299805e+00,3.675383806228637695e+00,3.483629226684570312e+00,3.556637048721313477e+00,3.833347558975219727e+00,3.666547298431396484e+00,3.953842401504516602e+00,3.721075534820556641e+00,3.502406835556030273e+00,3.761178731918334961e+00,3.950330972671508789e+00,3.706238269805908203e+00,3.641230344772338867e+00
3.513712406158447266e+00,3.492949247360229492e+00,3.132856130599975586e+00,3.218617439270019531e+00,3.204234123229980469e+00,3.001456975936889648e+00,3.190169572830200195e+00,3.112555503845214844e+00,2.920629739761352539e+00,2.808097362518310547e+00,3.016829252243041992e+00,2.934950828552246094e+00,2.690938234329223633e+00,2.591675043106079102e+00,2.256247997283935547e+00,9.194785952568054199e-01,5.450652241706848145e-01,3.473200201988220215e-01,0.000000000000000000e+00,3.753342032432556152e-01,6.208198070526123047e-01,9.281086921691894531e-01,1.076980710029602051e+00,1.349691748619079590e+00,1.609668493270874023e+00,1.625636219978332520e+00,1.975096464157104492e+00,2.084893465042114258e+00,2.252970457077026367e+00,2.303819417953491211e+00,1.699700474739074707e+00,2.012645244598388672e+00,2.122592926025390625e+00,2.138649940490722656e+00,2.520858764648437500e+00,2.543802738189697266e+00,2.804197549819946289e+00,3.148684740066528320e+00,3.212356090545654297e+00,3.292034149169921875e+00,3.576362848281860352e+00,3.804165363311767578e+00,3.897845268249511719e+00,4.229890346527099609e+00,4.306899070739746094e+00,3.713897943496704102e+00,3.982454061508178711e+00,4.105497360229492188e+00,4.319302558898925781e+00,4.661282539367675781e+00,4.824209690093994141e+00,5.116282939910888672e+00,5.391126155853271484e+00,5.587775707244873047e+00,5.650924682617187500e+00,5.751806259155273438e+00,6.083237648010253906e+00,6.104978084564208984e+00,6.290082454681396484e+00,6.153133869171142578e+00,4.058777809143066406e+00,3.925040245056152344e+00,3.738261461257934570e+00,4.001397609710693359e+00,3.800768613815307617e+00,3.859717607498168945e+00,4.127008438110351562e+00,3.946256637573242188e+00,4.224296092987060547e+00,3.980384588241577148e+00,3.752553224563598633e+00,3.997303247451782227e+00,4.175873279571533203e+00,3.915175676345825195e+00,3.833911895751953125e+00
3.670534372329711914e+00,3.660089731216430664e+00,3.293168783187866211e+00,3.348984479904174805e+00,3.349147081375122070e+00,3.122839927673339844e+00,3.276275873184204102e+00,3.190080165863037109e+00,2.963389158248901367e+00,2.882405996322631836e+00,3.070229053497314453e+00,2.959161996841430664e+00,2.705174446105957031e+00,2.643972635269165039e+00,2.326630592346191406e+00,1.132521390914916992e+00,8.189803361892700195e-01,5.758882761001586914e-01,3.753342032432556152e-01,0.000000000000000000e+00,3.807533383369445801e-01,7.377909421920776367e-01,9.814925789833068848e-01,1.162374973297119141e+00,1.475475311279296875e+00,1.570569753646850586e+00,1.900609731674194336e+00,2.011753082275390625e+00,2.237430334091186523e+00,2.326690435409545898e+00,1.809496164321899414e+00,2.087544918060302734e+00,2.133754014968872070e+00,2.115972280502319336e+00,2.484443902969360352e+00,2.453165531158447266e+00,2.711879014968872070e+00,3.052895784378051758e+00,3.089720726013183594e+00,3.138060092926025391e+00,3.440879583358764648e+00,3.641434907913208008e+00,3.719969987869262695e+00,4.061012268066406250e+00,4.152536392211914062e+00,3.762523889541625977e+00,4.015644550323486328e+00,4.143244266510009766e+00,4.328693866729736328e+00,4.682793617248535156e+00,4.825539112091064453e+00,5.104558944702148438e+00,5.394924640655517578e+00,5.570751190185546875e+00,5.630342483520507812e+00,5.753630161285400391e+00,6.075749874114990234e+00,6.090611457824707031e+00,6.292037010192871094e+00,6.168747425079345703e+00,4.124349594116210938e+00,3.975991964340209961e+00,3.758075237274169922e+00,3.997903108596801758e+00,3.781914710998535156e+00,3.803744554519653320e+00,4.056908130645751953e+00,3.861469984054565430e+00,4.117308139801025391e+00,3.851475238800048828e+00,3.621302843093872070e+00,3.854649066925048828e+00,4.008845329284667969e+00,3.726699352264404297e+00,3.640971660614013672e+00
4.031653881072998047e+00,4.006546020507812500e+00,3.633232355117797852e+00,3.676469564437866211e+00,3.654666900634765625e+00,3.410340547561645508e+00,3.546607971191406250e+00,3.429444551467895508e+00,3.190868616104125977e+00,3.090167522430419922e+00,3.246914386749267578e+00,3.102782726287841797e+00,2.819875240325927734e+00,2.737540960311889648e+00,2.413713932037353516e+00,1.455579876899719238e+00,1.128195166587829590e+00,9.133340716361999512e-01,6.208198070526123047e-01,3.807533383369445801e-01,0.000000000000000000e+00,3.790598213672637939e-01,6.751487255096435547e-01,8.155555725097656250e-01,1.139782786369323730e+00,1.277520537376403809e+00,1.608562469482421875e+00,1.765640020370483398e+00,2.012062788009643555e+00,2.153128147125244141e+00,2.054913282394409180e+00,2.293743848800659180e+00,2.343459129333496094e+00,2.269630432128906250e+00,2.626781225204467773e+00,2.558784008026123047e+00,2.775882959365844727e+00,3.129526376724243164e+00,3.123493671417236328e+00,3.184401750564575195e+00,3.508723974227905273e+00,3.688612937927246094e+00,3.789241552352905273e+00,4.143178939819335938e+00,4.267546176910400391e+00,4.051774978637695312e+00,4.307788848876953125e+00,4.454075813293457031e+00,4.634120464324951172e+00,4.989350318908691406e+00,5.136240005493164062e+00,5.404311656951904297e+00,5.703086376190185547e+00,5.871269226074218750e+00,5.941107749938964844e+00,6.074410438537597656e+00,6.394755363464355469e+00,6.416222095489501953e+00,6.627183437347412109e+00,6.513349533081054688e+00,4.492187023162841797e+00,4.347520828247070312e+00,4.122237682342529297e+00,4.357880592346191406e+00,4.140152454376220703e+00,4.147648811340332031e+00,4.395026206970214844e+00,4.192785263061523438e+00,4.436312675476074219e+00,4.158597469329833984e+00,3.927123069763183594e+00,4.149425506591796875e+00,4.287547111511230469e+00,3.990084648132324219e+00,3.896103382110595703e+00
