,A1,A2,A3,A4,A5,A6,A7,A8,A9,A10,A11,A12,A13,A14,A15,B1,B2,B3,B4,B5,B6,B7,B8,B9,B10,B11,B12,B13,B14,B15,C1,C2,C3,C4,C5,C6,C7,C8,C9,C10,C11,C12,C13,C14,C15,D1,D2,D3,D4,D5,D6,D7,D8,D9,D10,D11,D12,D13,D14,D15,E1,E2,E3,E4,E5,E6,E7,E8,E9,E10,E11,E12,E13,E14,E15
A1,0.0,0.4090292155742645,0.6519624590873718,0.9358060359954834,1.2550090551376343,1.487036943435669,1.7745639085769653,1.8844724893569946,2.2465949058532715,2.3843469619750977,2.7180471420288086,2.906970739364624,3.0936453342437744,3.253293991088867,3.3654375076293945,2.498640775680542,2.763976573944092,2.5865182876586914,2.715606212615967,2.987835168838501,2.9950077533721924,3.050036907196045,3.2080061435699463,3.500655174255371,3.6598525047302246,3.951432704925537,4.055755615234375,4.433234214782715,4.463362216949463,4.747100353240967,4.00666618347168,4.0504560470581055,3.777306079864502,4.001033782958984,3.9933156967163086,4.1065592765808105,4.097763538360596,4.33082914352417,4.576791763305664,4.803929805755615,5.0856614112854,5.262429714202881,5.651461601257324,5.802793025970459,6.07025671005249,5.014918804168701,5.159714698791504,5.018007278442383,4.770963668823242,5.003530025482178,4.707812786102295,4.775150775909424,5.144805431365967,5.217132091522217,5.582515716552734,5.76679801940918,6.08180046081543,6.417632102966309,6.692254066467285,6.927127838134766,6.0411553382873535,6.286244869232178,6.048133850097656,6.017370700836182,6.214369297027588,6.049436569213867,5.876596927642822,6.135870933532715,6.13326358795166,6.287929534912109,6.3162336349487305,6.625036239624023,6.638121604919434,6.812648773193359,7.144754886627197
A2,0.4090292155742645,0.0,0.3867259919643402,0.647274911403656,0.899226725101471,1.1729977130889893,1.4554312229156494,1.5261448621749878,1.8966455459594727,2.0027122497558594,2.343083381652832,2.5136265754699707,2.6996235847473145,2.852748155593872,2.9594266414642334,2.1683223247528076,2.416640043258667,2.2280235290527344,2.3828518390655518,2.6419565677642822,2.678049087524414,2.722313165664673,2.8551788330078125,3.1568877696990967,3.2947394847869873,3.5876150131225586,3.6764955520629883,4.051441669464111,4.070760250091553,4.353285789489746,3.701601266860962,3.731072187423706,3.46828293800354,3.7073922157287598,3.6900057792663574,3.82887601852417,3.818051338195801,4.032549858093262,4.291597843170166,4.49822998046875,4.785020351409912,4.9445648193359375,5.334595203399658,5.471571922302246,5.736870288848877,4.740619659423828,4.906785011291504,4.764739990234375,4.538781642913818,4.788629531860352,4.507699489593506,4.5679144859313965,4.933470249176025,5.0240325927734375,5.379268646240234,5.574217796325684,5.877376079559326,6.221049785614014,6.4818925857543945,6.713039398193359,5.851917743682861,6.114718914031982,5.892343521118164,5.880784034729004,6.095848083496094,5.947065830230713,5.788341045379639,6.0522661209106445,6.074141979217529,6.231389999389648,6.284684181213379,6.592556953430176,6.62781286239624,6.80405855178833,7.147833824157715
A3,0.6519624590873718,0.3867259919643402,0.0,0.40984177589416504,0.6599391102790833,0.9383404850959778,1.1673637628555298,1.2520573139190674,1.6130852699279785,1.7687382698059082,2.0867366790771484,2.302915573120117,2.491525888442993,2.682263135910034,2.831651449203491,2.299356698989868,2.501181125640869,2.26686954498291,2.4214324951171875,2.6342945098876953,2.671485424041748,2.661874771118164,2.7710986137390137,3.0511393547058105,3.189142942428589,3.4552061557769775,3.5521583557128906,3.9292147159576416,3.9588537216186523,4.260325908660889,3.8295342922210693,3.823378086090088,3.557318687438965,3.791240692138672,3.7365102767944336,3.886026620864868,3.8418312072753906,4.031320571899414,4.281203269958496,4.475584983825684,4.745696067810059,4.901490688323975,5.294022083282471,5.430803298950195,5.709474086761475,4.879045009613037,5.058138370513916,4.897768974304199,4.686460971832275,4.936828136444092,4.659276485443115,4.691483497619629,5.049554824829102,5.135334491729736,5.485025405883789,5.669166088104248,5.96754264831543,6.319190502166748,6.574377536773682,6.815858840942383,6.061948299407959,6.334969520568848,6.116030216217041,6.124372959136963,6.342275142669678,6.210020065307617,6.048010349273682,6.30349588394165,6.336972236633301,6.4817070960998535,6.542919158935547,6.842166423797607,6.879398822784424,7.043707847595215,7.389892101287842
A4,0.9358060359954834,0.647274911403656,0.40984177589416504,0.0,0.3880944848060608,0.5571421384811401,0.8454350829124451,1.009411334991455,1.3465526103973389,1.5272984504699707,1.8642431497573853,2.080369472503662,2.3181934356689453,2.535029172897339,2.6844418048858643,2.1255974769592285,2.283682346343994,2.010054349899292,2.1253764629364014,2.3140690326690674,2.3251585960388184,2.2948567867279053,2.417238473892212,2.681812047958374,2.843045949935913,3.1027371883392334,3.223737955093384,3.6051218509674072,3.660900831222534,3.971406936645508,3.604248046875,3.567148447036743,3.284114122390747,3.4972379207611084,3.415968418121338,3.557446002960205,3.490572929382324,3.6736133098602295,3.9119091033935547,4.109929084777832,4.369475841522217,4.533295154571533,4.926170349121094,5.073199272155762,5.360576152801514,4.630139350891113,4.806929111480713,4.624683380126953,4.417750358581543,4.660097599029541,4.3816704750061035,4.389388084411621,4.741036415100098,4.818970680236816,5.165228366851807,5.339258193969727,5.635357856750488,5.9909467697143555,6.244105815887451,6.494082927703857,5.84682559967041,6.1248860359191895,5.904446601867676,5.934129238128662,6.150270462036133,6.038393974304199,5.869637966156006,6.112729072570801,6.160260200500488,6.2892045974731445,6.361858367919922,6.650236129760742,6.693579196929932,6.845469951629639,7.196100234985352
A5,1.2550090551376343,0.899226725101471,0.6599391102790833,0.3880944848060608,0.0,0.377187043428421,0.5790133476257324,0.6490932106971741,1.0064079761505127,1.1489900350570679,1.4917269945144653,1.6963123083114624,1.9312180280685425,2.1488969326019287,2.304074287414551,1.9524399042129517,2.071500301361084,1.7818527221679688,1.93428373336792,2.086568832397461,2.1427571773529053,2.0837903022766113,2.157294988632202,2.428081512451172,2.553807497024536,2.807523012161255,2.9050240516662598,3.282405138015747,3.322005033493042,3.634050130844116,3.423832416534424,3.3675262928009033,3.104231119155884,3.3349087238311768,3.2392678260803223,3.4140541553497314,3.342583179473877,3.4955780506134033,3.7477340698242188,3.9151127338409424,4.177419185638428,4.316599369049072,4.709132194519043,4.836014270782471,5.120694160461426,4.477621078491211,4.679396152496338,4.49989652633667,4.321043014526367,4.581302165985107,4.323653697967529,4.323606014251709,4.666371822357178,4.764601230621338,5.095819473266602,5.280466079711914,5.560673236846924,5.922719478607178,6.158561706542969,6.402739524841309,5.780616283416748,6.0755133628845215,5.874216556549072,5.921683311462402,6.155355930328369,6.058468341827393,5.906559467315674,6.154011249542236,6.2239861488342285,6.356619834899902,6.45193338394165,6.738861083984375,6.802701473236084,6.956873416900635,7.316167831420898
A6,1.487036943435669,1.1729977130889893,0.9383404850959778,0.5571421384811401,0.377187043428421,0.0,0.37181615829467773,0.6329326033592224,0.8907915353775024,1.0998479127883911,1.437894582748413,1.6566953659057617,1.9458391666412354,2.199134349822998,2.361570358276367,1.9979286193847656,2.065535545349121,1.7350480556488037,1.8216898441314697,1.9351789951324463,1.9433317184448242,1.8476111888885498,1.9436006546020508,2.1813058853149414,2.347381353378296,2.5836668014526367,2.7209110260009766,3.103163480758667,3.1820077896118164,3.507659912109375,3.377143144607544,3.28633189201355,3.000793933868408,3.1978275775909424,3.068060874938965,3.223536252975464,3.118722677230835,3.2656166553497314,3.4953057765960693,3.6727633476257324,3.915905475616455,4.0711212158203125,4.463760852813721,4.60867166519165,4.906989574432373,4.387339115142822,4.579296588897705,4.373046398162842,4.1938371658325195,4.437209129333496,4.174169063568115,4.144089221954346,4.478703022003174,4.559381008148193,4.888993263244629,5.055300235748291,5.33636999130249,5.7007598876953125,5.938541889190674,6.195516109466553,5.700808525085449,5.995087623596191,5.786993503570557,5.852780818939209,6.0774102210998535,5.998617172241211,5.83390998840332,6.064451217651367,6.141452312469482,6.253979682922363,6.352722644805908,6.626440525054932,6.688227653503418,6.826155185699463,7.18531608581543
A7,1.7745639085769653,1.4554312229156494,1.1673637628555298,0.8454350829124451,0.5790133476257324,0.37181615829467773,0.0,0.376830130815506,0.5532201528549194,0.8410747051239014,1.1324642896652222,1.4033701419830322,1.6888058185577393,1.978867530822754,2.1842827796936035,2.168147087097168,2.188908338546753,1.8425078392028809,1.9466896057128906,1.9955476522445679,2.0312464237213135,1.8744301795959473,1.9102675914764404,2.118486166000366,2.256640672683716,2.4545297622680664,2.582207202911377,2.9573025703430176,3.033973455429077,3.373263120651245,3.5023415088653564,3.3831353187561035,3.1149985790252686,3.3146092891693115,3.1555960178375244,3.3332571983337402,3.2048017978668213,3.3124520778656006,3.5378777980804443,3.685164213180542,3.9124772548675537,4.04842472076416,4.438260555267334,4.5697455406188965,4.874105930328369,4.519637584686279,4.730471134185791,4.5187764167785645,4.36500883102417,4.614893436431885,4.367578506469727,4.3185224533081055,4.639768600463867,4.72646427154541,5.041532039642334,5.2044172286987305,5.471960067749023,5.841402053833008,6.065194129943848,6.323927879333496,5.903397560119629,6.209133148193359,6.013623237609863,6.096131324768066,6.329200267791748,6.264388561248779,6.107052803039551,6.334920883178711,6.426008224487305,6.534297466278076,6.64519739151001,6.913337707519531,6.98370885848999,7.11637544631958,7.478480339050293
A8,1.8844724893569946,1.5261448621749878,1.2520573139190674,1.009411334991455,0.6490932106971741,0.6329326033592224,0.376830130815506,0.0,0.3793395161628723,0.5538582801818848,0.8578920364379883,1.1173101663589478,1.36332106590271,1.6388198137283325,1.853070616722107,2.0751123428344727,2.0896475315093994,1.7646509408950806,1.9357035160064697,1.9731664657592773,2.077491044998169,1.9239447116851807,1.8979544639587402,2.1293740272521973,2.202852487564087,2.403630256652832,2.4791605472564697,2.844139575958252,2.8778183460235596,3.2083845138549805,3.428175210952759,3.3158652782440186,3.0815927982330322,3.314143180847168,3.1672723293304443,3.3821840286254883,3.2736399173736572,3.3600029945373535,3.6096901893615723,3.723876714706421,3.964918375015259,4.0685248374938965,4.4556684494018555,4.55735969543457,4.84877872467041,4.486148834228516,4.721477031707764,4.53054141998291,4.399641990661621,4.672342777252197,4.445687770843506,4.4108805656433105,4.7288312911987305,4.841911315917969,5.145164489746094,5.327625751495361,5.581470489501953,5.9527201652526855,6.1613078117370605,6.406103610992432,5.922060489654541,6.239597320556641,6.063440322875977,6.146887302398682,6.3978071212768555,6.3324198722839355,6.196047306060791,6.437295913696289,6.5396599769592285,6.663422107696533,6.787985801696777,7.063171863555908,7.149390697479248,7.294203758239746,7.661977291107178
A9,2.2465949058532715,1.8966455459594727,1.6130852699279785,1.3465526103973389,1.0064079761505127,0.8907915353775024,0.5532201528549194,0.3793395161628723,0.0,0.394583523273468,0.5912013053894043,0.9060381054878235,1.1863576173782349,1.5121829509735107,1.758499264717102,2.2361814975738525,2.1878647804260254,1.8444859981536865,1.9879964590072632,1.9516758918762207,2.054448127746582,1.840282678604126,1.7686890363693237,1.9510149955749512,2.0119292736053467,2.1658236980438232,2.2486162185668945,2.6043689250946045,2.6555726528167725,3.0010552406311035,3.472583770751953,3.3214244842529297,3.0944864749908447,3.3091020584106445,3.125068426132202,3.3469901084899902,3.2070891857147217,3.2559406757354736,3.4903221130371094,3.5806703567504883,3.798846960067749,3.8907980918884277,4.272353649139404,4.369163990020752,4.66914701461792,4.501626014709473,4.7456769943237305,4.5393853187561035,4.430781364440918,4.699254035949707,4.485723972320557,4.422858715057373,4.723343372344971,4.834353446960449,5.122040748596191,5.293964385986328,5.534599781036377,5.9090752601623535,6.105057716369629,6.354905605316162,5.991041660308838,6.31653356552124,6.148840427398682,6.254846572875977,6.508044242858887,6.463571071624756,6.328599452972412,6.559203624725342,6.67735481262207,6.788493633270264,6.925929546356201,7.189823150634766,7.283908367156982,7.417455196380615,7.787558555603027
A10,2.3843469619750977,2.0027122497558594,1.7687382698059082,1.5272984504699707,1.1489900350570679,1.0998479127883911,0.8410747051239014,0.5538582801818848,0.394583523273468,0.0,0.38253509998321533,0.5684807896614075,0.8589150905609131,1.1531211137771606,1.3744041919708252,2.00872802734375,1.9370591640472412,1.6194535493850708,1.8133299350738525,1.7628278732299805,1.931268334388733,1.7360478639602661,1.6093443632125854,1.8243464231491089,1.818562388420105,1.9929956197738647,2.0199246406555176,2.3674368858337402,2.3753457069396973,2.705923318862915,3.210972309112549,3.0643911361694336,2.8699605464935303,3.111724615097046,2.9433963298797607,3.198620319366455,3.0848917961120605,3.1176655292510986,3.3783719539642334,3.4392800331115723,3.677191972732544,3.7388105392456055,4.116774559020996,4.185591697692871,4.468534469604492,4.264265537261963,4.528557777404785,4.3421196937561035,4.256080627441406,4.544552326202393,4.353344440460205,4.305290222167969,4.600809097290039,4.738943576812744,5.01345157623291,5.206508159637451,5.432681560516357,5.80692195892334,5.987629413604736,6.221308708190918,5.795621395111084,6.131446361541748,5.983336925506592,6.09294319152832,6.362559795379639,6.321450233459473,6.207716464996338,6.4489006996154785,6.581198215484619,6.705702304840088,6.859813213348389,7.128417015075684,7.241375923156738,7.386335849761963,7.762528419494629
A11,2.7180471420288086,2.343083381652832,2.0867366790771484,1.8642431497573853,1.4917269945144653,1.437894582748413,1.1324642896652222,0.8578920364379883,0.5912013053894043,0.38253509998321533,0.0,0.39393848180770874,0.6261329650878906,0.9843466877937317,1.272057056427002,2.30782413482666,2.201436758041382,1.8974307775497437,2.0887880325317383,1.9846725463867188,2.166856050491333,1.9332679510116577,1.7506312131881714,1.9137848615646362,1.861378788948059,1.9731568098068237,1.972149133682251,2.289151668548584,2.2844462394714355,2.6199398040771484,3.4153671264648438,3.2457621097564697,3.0767574310302734,3.313632011413574,3.123725175857544,3.393291711807251,3.262192487716675,3.254530429840088,3.505080461502075,3.530613422393799,3.747551202774048,3.783505916595459,4.150008201599121,4.199309825897217,4.482245922088623,4.451753616333008,4.730759620666504,4.543017387390137,4.482954025268555,4.773674011230469,4.599940299987793,4.536241054534912,4.815264701843262,4.958168029785156,5.215468883514404,5.404264450073242,5.614619731903076,5.990005016326904,6.154817581176758,6.387154579162598,6.032198905944824,6.376307487487793,6.241599082946777,6.365647792816162,6.641606330871582,6.613291263580322,6.507245063781738,6.74507474899292,6.889402866363525,7.0100417137146,7.174528121948242,7.437471389770508,7.558080673217773,7.698417663574219,8.076342582702637
A12,2.906970739364624,2.5136265754699707,2.302915573120117,2.080369472503662,1.6963123083114624,1.6566953659057617,1.4033701419830322,1.1173101663589478,0.9060381054878235,0.5684807896614075,0.39393848180770874,0.0,0.38089296221733093,0.6837829351425171,0.9220287799835205,2.1294116973876953,1.984330654144287,1.7145442962646484,1.9289182424545288,1.7967182397842407,2.029700517654419,1.81378173828125,1.5794249773025513,1.7570750713348389,1.635696291923523,1.75965416431427,1.6999268531799316,2.002135753631592,1.956127643585205,2.275824785232544,3.1347222328186035,2.9611141681671143,2.825655937194824,3.0775299072265625,2.8976049423217773,3.1937367916107178,3.083740472793579,3.0558743476867676,3.3252110481262207,3.3205316066741943,3.5517289638519287,3.558396816253662,3.918098211288452,3.9414992332458496,4.2076239585876465,4.171027183532715,4.466441631317139,4.293896675109863,4.2585859298706055,4.562937259674072,4.413096904754639,4.357576370239258,4.626396179199219,4.79201078414917,5.033003330230713,5.238001823425293,5.432157516479492,5.805601596832275,5.954301834106445,6.171793460845947,5.787311553955078,6.140023231506348,6.024339199066162,6.156391143798828,6.445235729217529,6.425421237945557,6.338190078735352,6.5810465812683105,6.740940570831299,6.869359016418457,7.050965309143066,7.314136981964111,7.452967643737793,7.600287437438965,7.9829487800598145
A13,3.0936453342437744,2.6996235847473145,2.491525888442993,2.3181934356689453,1.9312180280685425,1.9458391666412354,1.6888058185577393,1.36332106590271,1.1863576173782349,0.8589150905609131,0.6261329650878906,0.38089296221733093,0.0,0.37479880452156067,0.707237958908081,2.317119598388672,2.1832337379455566,1.9591500759124756,2.2115869522094727,2.0866849422454834,2.350590467453003,2.1523923873901367,1.8963862657546997,2.070783853530884,1.900896430015564,2.0033421516418457,1.8861395120620728,2.1430158615112305,2.039247989654541,2.329576253890991,3.30096435546875,3.141953945159912,3.044954776763916,3.3174071311950684,3.1548616886138916,3.4703688621520996,3.378310441970825,3.3348522186279297,3.613157272338867,3.5810725688934326,3.813960313796997,3.7914063930511475,4.138506889343262,4.132189750671387,4.380984783172607,4.351118564605713,4.6636962890625,4.513421058654785,4.496932506561279,4.814749240875244,4.681753635406494,4.639224052429199,4.9026875495910645,5.084712028503418,5.31507682800293,5.531599521636963,5.714146137237549,6.085285186767578,6.221137523651123,6.426006317138672,5.988744735717773,6.347602367401123,6.248373985290527,6.377539157867432,6.678136348724365,6.655160427093506,6.584376811981201,6.83708381652832,7.0017194747924805,7.142246246337891,7.330154895782471,7.598668098449707,7.745936393737793,7.902148246765137,8.286711692810059
A14,3.253293991088867,2.852748155593872,2.682263135910034,2.535029172897339,2.1488969326019287,2.199134349822998,1.978867530822754,1.6388198137283325,1.5121829509735107,1.1531211137771606,0.9843466877937317,0.6837829351425171,0.37479880452156067,0.0,0.3673054575920105,2.2696621417999268,2.1326255798339844,1.9684069156646729,2.2542781829833984,2.1374638080596924,2.4413981437683105,2.281782627105713,2.007333993911743,2.20013689994812,1.980457067489624,2.097191572189331,1.920722484588623,2.141779899597168,1.9759348630905151,2.2225868701934814,3.182732343673706,3.042823553085327,2.988675594329834,3.284156084060669,3.150658130645752,3.487522840499878,3.4284558296203613,3.3771355152130127,3.6740410327911377,3.618298292160034,3.8672680854797363,3.816757917404175,4.152717590332031,4.1171875,4.341117858886719,4.240863800048828,4.569251537322998,4.446548938751221,4.449983596801758,4.783285140991211,4.671899795532227,4.649647235870361,4.907342433929443,5.112302303314209,5.330239295959473,5.565508842468262,5.735038757324219,6.101459980010986,6.2238311767578125,6.410282611846924,5.890732288360596,6.255190849304199,6.1753363609313965,6.301815032958984,6.615682125091553,6.591363906860352,6.5417046546936035,6.804865837097168,6.977889537811279,7.132728099822998,7.331598281860352,7.605198860168457,7.766682147979736,7.934654235839844,8.321959495544434
A15,3.3654375076293945,2.9594266414642334,2.831651449203491,2.6844418048858643,2.304074287414551,2.361570358276367,2.1842827796936035,1.853070616722107,1.758499264717102,1.3744041919708252,1.272057056427002,0.9220287799835205,0.707237958908081,0.3673054575920105,0.0,2.1039676666259766,1.9493441581726074,1.8420528173446655,2.1425235271453857,2.0281057357788086,2.362748146057129,2.2437076568603516,1.9591907262802124,2.169396162033081,1.9129382371902466,2.0548324584960938,1.835569143295288,2.032370090484619,1.8217999935150146,2.0270698070526123,2.9116642475128174,2.7847790718078613,2.766136884689331,3.076754570007324,2.9696261882781982,3.321735143661499,3.2940123081207275,3.2390201091766357,3.552046060562134,3.4801530838012695,3.746476173400879,3.676563024520874,4.003962993621826,3.9486448764801025,4.150820255279541,3.966738224029541,4.305405616760254,4.203804016113281,4.2237701416015625,4.567760944366455,4.475875377655029,4.469885349273682,4.720915794372559,4.944982528686523,5.151287078857422,5.402401447296143,5.560702800750732,5.921830654144287,6.033568382263184,6.2041497230529785,5.622366428375244,5.990602970123291,5.926182746887207,6.053208351135254,6.376579761505127,6.354798316955566,6.322099208831787,6.591001510620117,6.773252010345459,6.937317371368408,7.147370338439941,7.422590255737305,7.597612380981445,7.773715019226074,8.163056373596191
B1,2.498640775680542,2.1683223247528076,2.299356698989868,2.1255974769592285,1.9524399042129517,1.9979286193847656,2.168147087097168,2.0751123428344727,2.2361814975738525,2.00872802734375,2.30782413482666,2.1294116973876953,2.317119598388672,2.2696621417999268,2.1039676666259766,0.0,0.3790496289730072,0.5906472206115723,0.8249778151512146,1.1337554454803467,1.3480416536331177,1.5956721305847168,1.6548835039138794,2.0128586292266846,2.0080714225769043,2.3789753913879395,2.3531534671783447,2.645280599594116,2.5933849811553955,2.7479841709136963,1.568899154663086,1.6325562000274658,1.459397315979004,1.7922135591506958,1.8831638097763062,2.119817018508911,2.249854803085327,2.4307773113250732,2.774193525314331,2.893664598464966,3.2533087730407715,3.3244779109954834,3.679541826248169,3.7410054206848145,3.9282751083374023,2.683765172958374,2.9163761138916016,2.8289296627044678,2.6940927505493164,3.024742841720581,2.8478353023529053,2.952240467071533,3.284233570098877,3.492255687713623,3.77799391746521,4.05768346786499,4.289922714233398,4.631119251251221,4.822742462158203,4.991371154785156,4.019521236419678,4.341596603393555,4.202399253845215,4.257926940917969,4.55006217956543,4.469503879547119,4.400379657745361,4.68641996383667,4.8189544677734375,5.0033721923828125,5.174830436706543,5.475473403930664,5.62650203704834,5.827648639678955,6.210935115814209
B2,2.763976573944092,2.416640043258667,2.501181125640869,2.283682346343994,2.071500301361084,2.065535545349121,2.188908338546753,2.0896475315093994,2.1878647804260254,1.9370591640472412,2.201436758041382,1.984330654144287,2.1832337379455566,2.1326255798339844,1.9493441581726074,0.3790496289730072,0.0,0.3838222622871399,0.6058385372161865,0.8311745524406433,1.1004835367202759,1.3360575437545776,1.3529216051101685,1.700790286064148,1.6667019128799438,2.036106824874878,1.9993113279342651,2.280515670776367,2.233689785003662,2.3847439289093018,1.377625823020935,1.3672089576721191,1.1962376832962036,1.537428855895996,1.588856816291809,1.862595796585083,1.9757490158081055,2.1201295852661133,2.4720005989074707,2.56351637840271,2.922454833984375,2.9764583110809326,3.331684112548828,3.3837432861328125,3.5748884677886963,2.497983694076538,2.7536206245422363,2.6441457271575928,2.5446839332580566,2.8813376426696777,2.726375102996826,2.796643018722534,3.1101512908935547,3.327632188796997,3.594407320022583,3.8722140789031982,4.087888717651367,4.436483383178711,4.6120195388793945,4.783669471740723,3.9440603256225586,4.281307697296143,4.1563544273376465,4.245957374572754,4.5443243980407715,4.494869709014893,4.4306769371032715,4.7029337882995605,4.860149383544922,5.028995513916016,5.220981597900391,5.507072448730469,5.671971321105957,5.860513687133789,6.248030185699463
B3,2.5865182876586914,2.2280235290527344,2.26686954498291,2.010054349899292,1.7818527221679688,1.7350480556488037,1.8425078392028809,1.7646509408950806,1.8444859981536865,1.6194535493850708,1.8974307775497437,1.7145442962646484,1.9591500759124756,1.9684069156646729,1.8420528173446655,0.5906472206115723,0.3838222622871399,0.0,0.3900759220123291,0.6059198379516602,0.8716248273849487,1.0461622476577759,1.075460433959961,1.4401406049728394,1.4505879878997803,1.8205410242080688,1.8286141157150269,2.1504790782928467,2.1450188159942627,2.3497812747955322,1.6696566343307495,1.5933966636657715,1.3692512512207031,1.66196870803833,1.6304296255111694,1.8908846378326416,1.933006763458252,2.0699973106384277,2.4048850536346436,2.512908697128296,2.8515822887420654,2.9282336235046387,3.301067352294922,3.376619815826416,3.6008431911468506,2.745054244995117,2.9893696308135986,2.8383893966674805,2.7281148433685303,3.0427398681640625,2.863956928253174,2.8912391662597656,3.2074084281921387,3.395533561706543,3.6740000247955322,3.9257774353027344,4.153106212615967,4.512092113494873,4.697709560394287,4.893341541290283,4.201642036437988,4.5348052978515625,4.392922878265381,4.49269437789917,4.775837421417236,4.733536243438721,4.645216941833496,4.902037143707275,5.052482604980469,5.201175689697266,5.3823723793029785,5.660366058349609,5.809426307678223,5.981584072113037,6.367216110229492
B4,2.715606212615967,2.3828518390655518,2.4214324951171875,2.1253764629364014,1.93428373336792,1.8216898441314697,1.9466896057128906,1.9357035160064697,1.9879964590072632,1.8133299350738525,2.0887880325317383,1.9289182424545288,2.2115869522094727,2.2542781829833984,2.1425235271453857,0.8249778151512146,0.6058385372161865,0.3900759220123291,0.0,0.3835989534854889,0.5249910950660706,0.7902604341506958,0.9249247908592224,1.257974624633789,1.3467659950256348,1.7166104316711426,1.7862870693206787,2.1063766479492188,2.1602394580841064,2.365522861480713,1.592212200164795,1.4740945100784302,1.1796371936798096,1.4075005054473877,1.342746376991272,1.5636253356933594,1.5854401588439941,1.753066062927246,2.073887348175049,2.2197065353393555,2.5544040203094482,2.66558575630188,3.0422780513763428,3.151150703430176,3.388017416000366,2.5750625133514404,2.7905664443969727,2.6011009216308594,2.471677303314209,2.762880563735962,2.5663418769836426,2.565593719482422,2.8837051391601562,3.05251145362854,3.3393423557281494,3.5768067836761475,3.8136558532714844,4.1756792068481445,4.372066497802734,4.582172870635986,4.003664493560791,4.33022928237915,4.172209739685059,4.28739595413208,4.5554890632629395,4.5293498039245605,4.422077655792236,4.660092830657959,4.814062595367432,4.941677093505859,5.123674392700195,5.389363765716553,5.534853935241699,5.692317962646484,6.077722072601318
B5,2.987835168838501,2.6419565677642822,2.6342945098876953,2.3140690326690674,2.086568832397461,1.9351789951324463,1.9955476522445679,1.9731664657592773,1.9516758918762207,1.7628278732299805,1.9846725463867188,1.7967182397842407,2.0866849422454834,2.1374638080596924,2.0281057357788086,1.1337554454803467,0.8311745524406433,0.6059198379516602,0.3835989534854889,0.0,0.3758566975593567,0.5281820893287659,0.575761616230011,0.9007083177566528,0.9682914614677429,1.3377108573913574,1.4152929782867432,1.7358053922653198,1.8151112794876099,2.034822702407837,1.6394709348678589,1.4371700286865234,1.164750576019287,1.3579083681106567,1.203271508216858,1.4613618850708008,1.4241012334823608,1.5224436521530151,1.8439431190490723,1.950373888015747,2.2732813358306885,2.365736722946167,2.7476589679718018,2.8488945960998535,3.100243330001831,2.5683138370513916,2.802454710006714,2.59002685546875,2.5040369033813477,2.7900967597961426,2.6204912662506104,2.5739142894744873,2.8622233867645264,3.032816171646118,3.2940893173217773,3.5204410552978516,3.7366344928741455,4.105458736419678,4.282517433166504,4.498287200927734,4.083609104156494,4.421112537384033,4.278841018676758,4.425011157989502,4.695952892303467,4.698339462280273,4.5962629318237305,4.819056034088135,4.993481159210205,5.104938507080078,5.303167343139648,5.553129196166992,5.708768367767334,5.852123260498047,6.2387590408325195
B6,2.9950077533721924,2.678049087524414,2.671485424041748,2.3251585960388184,2.1427571773529053,1.9433317184448242,2.0312464237213135,2.077491044998169,2.054448127746582,1.931268334388733,2.166856050491333,2.029700517654419,2.350590467453003,2.4413981437683105,2.362748146057129,1.3480416536331177,1.1004835367202759,0.8716248273849487,0.5249910950660706,0.3758566975593567,0.0,0.3756714165210724,0.6442924737930298,0.8772364854812622,1.0795050859451294,1.4136837720870972,1.5739084482192993,1.891092300415039,2.0319507122039795,2.2577931880950928,1.7723201513290405,1.5611194372177124,1.2303401231765747,1.3281755447387695,1.1347153186798096,1.3069086074829102,1.2186444997787476,1.3681358098983765,1.6523282527923584,1.8242803812026978,2.129279136657715,2.277466297149658,2.6638126373291016,2.812382221221924,3.0821499824523926,2.589648962020874,2.7810311317443848,2.5307044982910156,2.410188674926758,2.658879280090332,2.4575772285461426,2.3795523643493652,2.6743974685668945,2.8086612224578857,3.0884833335876465,3.2898716926574707,3.525850772857666,3.8969454765319824,4.094387531280518,4.330908298492432,4.024899005889893,4.347409725189209,4.180336952209473,4.3312907218933105,4.579610347747803,4.588675022125244,4.460073947906494,4.663570880889893,4.829873561859131,4.919472694396973,5.107091903686523,5.3465962409973145,5.488306999206543,5.615958213806152,5.999202728271484
B7,3.050036907196045,2.722313165664673,2.661874771118164,2.2948567867279053,2.0837903022766113,1.8476111888885498,1.8744301795959473,1.9239447116851807,1.840282678604126,1.7360478639602661,1.9332679510116577,1.81378173828125,2.1523923873901367,2.281782627105713,2.2437076568603516,1.5956721305847168,1.3360575437545776,1.0461622476577759,0.7902604341506958,0.5281820893287659,0.3756714165210724,0.0,0.36860984563827515,0.56451815366745,0.8328083753585815,1.1367006301879883,1.3446913957595825,1.6865835189819336,1.8636811971664429,2.132514715194702,2.0697169303894043,1.823406457901001,1.5240708589553833,1.6068352460861206,1.3528934717178345,1.5310306549072266,1.366852879524231,1.4411590099334717,1.6920379400253296,1.8329062461853027,2.0987751483917236,2.240140199661255,2.6329450607299805,2.782158374786377,3.076965093612671,2.8695712089538574,3.07161545753479,2.8080735206604004,2.7117624282836914,2.948603391647339,2.7573177814483643,2.643876314163208,2.9164130687713623,3.0350699424743652,3.300278425216675,3.478317975997925,3.703956365585327,4.079094886779785,4.266842365264893,4.514999866485596,4.3445024490356445,4.670003414154053,4.507733345031738,4.67207145690918,4.917004108428955,4.9373931884765625,4.804893970489502,4.99778938293457,5.167286396026611,5.244019031524658,5.431213855743408,5.661063194274902,5.79804801940918,5.912680149078369,6.293296813964844
B8,3.2080061435699463,2.8551788330078125,2.7710986137390137,2.417238473892212,2.157294988632202,1.9436006546020508,1.9102675914764404,1.8979544639587402,1.7686890363693237,1.6093443632125854,1.7506312131881714,1.5794249773025513,1.8963862657546997,2.007333993911743,1.9591907262802124,1.6548835039138794,1.3529216051101685,1.075460433959961,0.9249247908592224,0.575761616230011,0.6442924737930298,0.36860984563827515,0.0,0.37010711431503296,0.5028663277626038,0.8371552228927612,1.0022486448287964,1.3600118160247803,1.518683671951294,1.804944396018982,2.0876429080963135,1.8178726434707642,1.5788902044296265,1.697820782661438,1.433197021484375,1.6744741201400757,1.5168488025665283,1.510901689529419,1.7774145603179932,1.8404685258865356,2.102235794067383,2.1870534420013428,2.575629949569702,2.683332681655884,2.9739129543304443,2.9188733100891113,3.15655255317688,2.910106658935547,2.8586275577545166,3.1159634590148926,2.9598007202148438,2.847289562225342,3.0986721515655518,3.2421042919158936,3.4796345233917236,3.667816162109375,3.8671932220458984,4.2423930168151855,4.404270172119141,4.639983654022217,4.47982120513916,4.819935321807861,4.682925224304199,4.858047962188721,5.1196160316467285,5.148462772369385,5.03694486618042,5.236131191253662,5.420494556427002,5.504993915557861,5.706914901733398,5.936647891998291,6.087960720062256,6.2068562507629395,6.590184211730957
B9,3.500655174255371,3.1568877696990967,3.0511393547058105,2.681812047958374,2.428081512451172,2.1813058853149414,2.118486166000366,2.1293740272521973,1.9510149955749512,1.8243464231491089,1.9137848615646362,1.7570750713348389,2.070783853530884,2.20013689994812,2.169396162033081,2.0128586292266846,1.700790286064148,1.4401406049728394,1.257974624633789,0.9007083177566528,0.8772364854812622,0.56451815366745,0.37010711431503296,0.0,0.39032188057899475,0.5927476286888123,0.8678600788116455,1.196306824684143,1.4356590509414673,1.729030728340149,2.2793385982513428,1.9704504013061523,1.7430371046066284,1.794365644454956,1.473900556564331,1.6817442178726196,1.4580588340759277,1.3861584663391113,1.6006451845169067,1.639770269393921,1.8553733825683594,1.944150447845459,2.3301734924316406,2.453200340270996,2.7659146785736084,2.9992105960845947,3.2262516021728516,2.9540319442749023,2.923596143722534,3.1540164947509766,3.0110697746276855,2.8542604446411133,3.07433819770813,3.1993472576141357,3.4154460430145264,3.5776870250701904,3.7623910903930664,4.137726783752441,4.288389682769775,4.535355567932129,4.5611419677734375,4.899428844451904,4.765736103057861,4.9643731117248535,5.216523170471191,5.269345760345459,5.152175426483154,5.330488204956055,5.525821208953857,5.5885910987854,5.797464370727539,6.009044647216797,6.161905288696289,6.262532711029053,6.6430230140686035
B10,3.6598525047302246,3.2947394847869873,3.189142942428589,2.843045949935913,2.553807497024536,2.347381353378296,2.256640672683716,2.202852487564087,2.0119292736053467,1.818562388420105,1.861378788948059,1.635696291923523,1.900896430015564,1.980457067489624,1.9129382371902466,2.0080714225769043,1.6667019128799438,1.4505879878997803,1.3467659950256348,0.9682914614677429,1.0795050859451294,0.8328083753585815,0.5028663277626038,0.39032188057899475,0.0,0.3740755617618561,0.5126917958259583,0.8620655536651611,1.0594193935394287,1.3593953847885132,2.1975948810577393,1.880445957183838,1.7214853763580322,1.8173362016677856,1.5185275077819824,1.7895907163619995,1.6123170852661133,1.4878120422363281,1.733441710472107,1.690779685974121,1.9190536737442017,1.93324875831604,2.3045504093170166,2.368182897567749,2.658787727355957,2.948673725128174,3.2119483947753906,2.9691317081451416,2.9811904430389404,3.2386105060577393,3.132249355316162,2.9943935871124268,3.199416160583496,3.3593122959136963,3.549687385559082,3.7344202995300293,3.892820358276367,4.264466762542725,4.388580799102783,4.613583087921143,4.5845417976379395,4.937234401702881,4.83161735534668,5.035465717315674,5.307705879211426,5.364421367645264,5.27357816696167,5.463888645172119,5.673825740814209,5.751769542694092,5.97680139541626,6.192901611328125,6.363791465759277,6.475722789764404,6.860152244567871
B11,3.951432704925537,3.5876150131225586,3.4552061557769775,3.1027371883392334,2.807523012161255,2.5836668014526367,2.4545297622680664,2.403630256652832,2.1658236980438232,1.9929956197738647,1.9731568098068237,1.75965416431427,2.0033421516418457,2.097191572189331,2.0548324584960938,2.3789753913879395,2.036106824874878,1.8205410242080688,1.7166104316711426,1.3377108573913574,1.4136837720870972,1.1367006301879883,0.8371552228927612,0.5927476286888123,0.3740755617618561,0.0,0.36888808012008667,0.6523696184158325,0.9447285532951355,1.261744499206543,2.4894001483917236,2.151425838470459,2.017655849456787,2.075462818145752,1.7503710985183716,1.9978508949279785,1.7821011543273926,1.5952856540679932,1.7835520505905151,1.6900849342346191,1.855025291442871,1.8414617776870728,2.1924707889556885,2.2459921836853027,2.550936222076416,3.158358573913574,3.419790029525757,3.1659843921661377,3.203970432281494,3.442676305770874,3.3539395332336426,3.1852309703826904,3.3591291904449463,3.507084608078003,3.671651601791382,3.8343613147735596,3.9718611240386963,4.339788913726807,4.445602893829346,4.675008296966553,4.80143404006958,5.154466152191162,5.058060646057129,5.2806220054626465,5.548513412475586,5.624059677124023,5.5334153175354,5.709229946136475,5.928999900817871,5.992105960845947,6.223785877227783,6.42592716217041,6.599387168884277,6.69767951965332,7.0794548988342285
B12,4.055755615234375,3.6764955520629883,3.5521583557128906,3.223737955093384,2.9050240516662598,2.7209110260009766,2.582207202911377,2.4791605472564697,2.2486162185668945,2.0199246406555176,1.972149133682251,1.6999268531799316,1.8861395120620728,1.920722484588623,1.835569143295288,2.3531534671783447,1.9993113279342651,1.8286141157150269,1.7862870693206787,1.4152929782867432,1.5739084482192993,1.3446913957595825,1.0022486448287964,0.8678600788116455,0.5126917958259583,0.36888808012008667,0.0,0.38464799523353577,0.592336893081665,0.9289438128471375,2.4113235473632812,2.081665277481079,2.008253574371338,2.1092560291290283,1.8207076787948608,2.1138346195220947,1.9495584964752197,1.748274326324463,1.9691886901855469,1.8262295722961426,2.012078046798706,1.937131643295288,2.2662954330444336,2.260140895843506,2.531249761581421,3.1119492053985596,3.403237819671631,3.182361364364624,3.2507717609405518,3.5146589279174805,3.4533803462982178,3.3105506896972656,3.478383779525757,3.657665729522705,3.805964469909668,3.992737293243408,4.111989498138428,4.475054740905762,4.561225414276123,4.768009662628174,4.803918361663818,5.167885780334473,5.095146656036377,5.3164381980896,5.602250576019287,5.676072120666504,5.609124660491943,5.798722743988037,6.028048992156982,6.108285903930664,6.351759433746338,6.561172962188721,6.749403953552246,6.861123085021973,7.246473789215088
B13,4.433234214782715,4.051441669464111,3.9292147159576416,3.6051218509674072,3.282405138015747,3.103163480758667,2.9573025703430176,2.844139575958252,2.6043689250946045,2.3674368858337402,2.289151668548584,2.002135753631592,2.1430158615112305,2.141779899597168,2.032370090484619,2.645280599594116,2.280515670776367,2.1504790782928467,2.1063766479492188,1.7358053922653198,1.891092300415039,1.6865835189819336,1.3600118160247803,1.196306824684143,0.8620655536651611,0.6523696184158325,0.38464799523353577,0.0,0.37578079104423523,0.6497954726219177,2.518716812133789,2.1756317615509033,2.156891107559204,2.2323570251464844,1.947769045829773,2.2371740341186523,2.0809123516082764,1.8260595798492432,2.0183703899383545,1.8048899173736572,1.9548752307891846,1.8141943216323853,2.100609302520752,2.043733596801758,2.2950334548950195,3.120457887649536,3.419806480407715,3.2087759971618652,3.3204362392425537,3.57763671875,3.5537328720092773,3.4003210067749023,3.5318825244903564,3.7220253944396973,3.832779884338379,4.017527103424072,4.1034770011901855,4.456405162811279,4.511970520019531,4.704176902770996,4.8263840675354,5.194552898406982,5.146135330200195,5.386165142059326,5.676936626434326,5.771045684814453,5.720491886138916,5.902132987976074,6.149158477783203,6.224861145019531,6.484800815582275,6.68328332901001,6.886573791503906,6.994117736816406,7.378747463226318
B14,4.463362216949463,4.070760250091553,3.9588537216186523,3.660900831222534,3.322005033493042,3.1820077896118164,3.033973455429077,2.8778183460235596,2.6555726528167725,2.3753457069396973,2.2844462394714355,1.956127643585205,2.039247989654541,1.9759348630905151,1.8217999935150146,2.5933849811553955,2.233689785003662,2.1450188159942627,2.1602394580841064,1.8151112794876099,2.0319507122039795,1.8636811971664429,1.518683671951294,1.4356590509414673,1.0594193935394287,0.9447285532951355,0.592336893081665,0.37578079104423523,0.0,0.3720603287220001,2.4612128734588623,2.1447157859802246,2.177842378616333,2.303013801574707,2.0663065910339355,2.39017391204834,2.284759521484375,2.0459282398223877,2.27254056930542,2.0481314659118652,2.2271389961242676,2.0565176010131836,2.323420524597168,2.220278024673462,2.4280295372009277,3.112800359725952,3.438180446624756,3.265000343322754,3.393693208694458,3.676389694213867,3.6694493293762207,3.5492193698883057,3.6854567527770996,3.902451992034912,4.008388519287109,4.217749118804932,4.295639991760254,4.643717288970947,4.688558578491211,4.859141826629639,4.847105026245117,5.223302364349365,5.193775177001953,5.424365520477295,5.731622219085693,5.816466808319092,5.787020206451416,5.985523700714111,6.2358527183532715,6.331562519073486,6.597721099853516,6.807122707366943,7.020729064941406,7.144057750701904,7.531703472137451
