,A1,A2,A3,A4,A5,A6,A7,A8,A9,A10,A11,A12,A13,A14,A15,B1,B2,B3,B4,B5,B6,B7,B8,B9,B10,B11,B12,B13,B14,B15,C1,C2,C3,C4,C5,C6,C7,C8,C9,C10,C11,C12,C13,C14,C15,D1,D2,D3,D4,D5,D6,D7,D8,D9,D10,D11,D12,D13,D14,D15,E1,E2,E3,E4,E5,E6,E7,E8,E9,E10,E11,E12,E13,E14,E15
A1,0.0,0.38225141167640686,0.60401451587677,0.9152538776397705,1.236734390258789,1.4613471031188965,1.8123165369033813,1.9580113887786865,2.3248085975646973,2.477911949157715,2.8476498126983643,2.9251108169555664,3.281271457672119,3.3092525005340576,3.5041403770446777,1.6289474964141846,1.7561118602752686,1.5356898307800293,1.7091997861862183,1.9312015771865845,1.9373483657836914,2.2851402759552,2.3897786140441895,2.6998512744903564,2.8959896564483643,3.2284696102142334,3.3753116130828857,3.708004951477051,3.8025577068328857,4.066483974456787,2.721383571624756,2.7600598335266113,2.4975409507751465,2.6851673126220703,2.6963865756988525,2.7042741775512695,2.9083549976348877,2.9392142295837402,3.1944432258605957,3.3602499961853027,3.6371755599975586,3.817012071609497,4.11591100692749,4.282182216644287,4.541107177734375,3.8450515270233154,3.88149356842041,3.5840981006622314,3.736680269241333,3.6987204551696777,3.721522331237793,3.8141613006591797,3.7492566108703613,3.998124837875366,4.072490215301514,4.320103645324707,4.496044158935547,4.762662887573242,4.991225242614746,5.263287544250488,5.222438812255859,5.26638650894165,4.990853309631348,5.218230247497559,5.108452796936035,5.235408782958984,5.112484931945801,5.150712013244629,5.482661247253418,5.50239896774292,5.754671573638916,5.911579132080078,6.179760932922363,6.3530402183532715,6.744174480438232
A2,0.38225141167640686,0.0,0.38393092155456543,0.6625889539718628,0.9387895464897156,1.2167185544967651,1.5317970514297485,1.717520833015442,2.07304310798645,2.2468230724334717,2.6229617595672607,2.7087419033050537,3.078745126724243,3.1253862380981445,3.352865219116211,1.4920517206192017,1.544334053993225,1.2716425657272339,1.3871548175811768,1.6071293354034424,1.5811601877212524,1.9294415712356567,2.0611765384674072,2.367196798324585,2.586226224899292,2.9254868030548096,3.083165168762207,3.4295873641967773,3.534724712371826,3.8181569576263428,2.4970898628234863,2.493617534637451,2.2053134441375732,2.362143039703369,2.3576242923736572,2.344909906387329,2.5414631366729736,2.581716299057007,2.831418037414551,3.0126898288726807,3.2932300567626953,3.485751152038574,3.7948496341705322,3.9713778495788574,4.244414329528809,3.5781099796295166,3.5874266624450684,3.278747320175171,3.4130823612213135,3.3585739135742188,3.3713717460632324,3.451589584350586,3.3846635818481445,3.626493453979492,3.7062630653381348,3.9520745277404785,4.137568473815918,4.407891273498535,4.643292427062988,4.922859191894531,4.937510967254639,4.964271068572998,4.687318325042725,4.908329010009766,4.783224105834961,4.911313056945801,4.776554584503174,4.802618503570557,5.131762981414795,5.141659259796143,5.391562461853027,5.542873382568359,5.808983325958252,5.9779744148254395,6.368537902832031
A3,0.60401451587677,0.38393092155456543,0.0,0.387307345867157,0.6418826580047607,0.8854219913482666,1.2198976278305054,1.3648122549057007,1.7306649684906006,1.8890153169631958,2.2624855041503906,2.3490233421325684,2.7139182090759277,2.764946222305298,2.9848499298095703,1.3799065351486206,1.3924542665481567,1.0992763042449951,1.2525792121887207,1.3985928297042847,1.3997341394424438,1.7301974296569824,1.8024202585220337,2.109206199645996,2.296499013900757,2.625438928604126,2.777186632156372,3.1100165843963623,3.2170016765594482,3.4875357151031494,2.399902105331421,2.376904249191284,2.112621307373047,2.283461809158325,2.2302935123443604,2.251232862472534,2.415672540664673,2.4024558067321777,2.6468822956085205,2.7885043621063232,3.054582357406616,3.229987144470215,3.5203356742858887,3.6911067962646484,3.9468026161193848,3.4650888442993164,3.4746086597442627,3.1873152256011963,3.3425257205963135,3.2627248764038086,3.308122396469116,3.368605852127075,3.2640044689178467,3.502723217010498,3.5446834564208984,3.7803955078125,3.9415512084960938,4.1945109367370605,4.422110080718994,4.684152126312256,4.820327281951904,4.856171607971191,4.60123872756958,4.843019485473633,4.716675758361816,4.870691299438477,4.7414469718933105,4.759716510772705,5.098003387451172,5.094663143157959,5.359428405761719,5.491683006286621,5.769509315490723,5.927799701690674,6.315335750579834
A4,0.9152538776397705,0.6625889539718628,0.387307345867157,0.0,0.40477514266967773,0.573489785194397,0.9182352423667908,1.122779369354248,1.4607040882110596,1.677486777305603,2.0376105308532715,2.1780974864959717,2.545393705368042,2.6479032039642334,2.8815598487854004,1.619922399520874,1.5496184825897217,1.2051626443862915,1.2774194478988647,1.3323338031768799,1.2576582431793213,1.5431236028671265,1.6007592678070068,1.8653743267059326,2.074284791946411,2.381307601928711,2.574497938156128,2.905547618865967,3.05253267288208,3.3314783573150635,2.533485174179077,2.45251727104187,2.173107624053955,2.295480251312256,2.182671546936035,2.1732466220855713,2.28377366065979,2.2429518699645996,2.4445695877075195,2.5821967124938965,2.8184149265289307,3.0186257362365723,3.2954952716827393,3.4953129291534424,3.749589204788208,3.522630453109741,3.495025157928467,3.2053301334381104,3.3371665477752686,3.214205741882324,3.2515745162963867,3.2696034908294678,3.135631799697876,3.3422532081604004,3.364867687225342,3.5712826251983643,3.7407121658325195,3.9723777770996094,4.219340801239014,4.47419548034668,4.839603424072266,4.8550639152526855,4.610259532928467,4.848934173583984,4.6970062255859375,4.860477924346924,4.7110419273376465,4.701028823852539,5.032493591308594,5.000537395477295,5.25913667678833,5.369417667388916,5.639592170715332,5.777608394622803,6.160650253295898
A5,1.236734390258789,0.9387895464897156,0.6418826580047607,0.40477514266967773,0.0,0.3759683072566986,0.6020298600196838,0.8132513165473938,1.1471943855285645,1.3520231246948242,1.72275972366333,1.846356749534607,2.2244060039520264,2.3294296264648438,2.5927793979644775,1.4753104448318481,1.3195111751556396,0.9543178081512451,0.9808268547058105,0.9594262838363647,0.89069002866745,1.1625815629959106,1.2011268138885498,1.4819749593734741,1.6841906309127808,2.0048584938049316,2.18644380569458,2.5266034603118896,2.6682636737823486,2.95841908454895,2.257793664932251,2.138101577758789,1.8668721914291382,1.9764256477355957,1.8272147178649902,1.836630940437317,1.9270890951156616,1.8595073223114014,2.0683176517486572,2.1908698081970215,2.4351518154144287,2.6238090991973877,2.9062328338623047,3.0989348888397217,3.358752965927124,3.1870627403259277,3.1456968784332275,2.8664627075195312,3.0021767616271973,2.8614342212677,2.917919874191284,2.9252116680145264,2.7723195552825928,2.9825246334075928,2.988858461380005,3.1997625827789307,3.355257272720337,3.5889320373535156,3.8268487453460693,4.081031799316406,4.481480121612549,4.494405746459961,4.2616167068481445,4.508135795593262,4.352660179138184,4.530888557434082,4.384538173675537,4.369920253753662,4.706473350524902,4.668993949890137,4.938480377197266,5.0391926765441895,5.319336891174316,5.455258369445801,5.836427688598633
A6,1.4613471031188965,1.2167185544967651,0.8854219913482666,0.573489785194397,0.3759683072566986,0.0,0.3918837904930115,0.5770150423049927,0.8943141102790833,1.1377593278884888,1.4823384284973145,1.6603782176971436,2.022672176361084,2.1689229011535645,2.413212299346924,1.7439779043197632,1.5802839994430542,1.2395848035812378,1.274808406829834,1.1549351215362549,1.0763473510742188,1.2556525468826294,1.2011479139328003,1.4217177629470825,1.5905133485794067,1.8650082349777222,2.0726490020751953,2.3844447135925293,2.557115077972412,2.8279452323913574,2.506253957748413,2.3681867122650146,2.123805046081543,2.222730875015259,2.0231354236602783,2.0401904582977295,2.0715315341949463,1.9440202713012695,2.105647325515747,2.180840253829956,2.3769702911376953,2.563530683517456,2.807508945465088,3.0135817527770996,3.2467691898345947,3.3845274448394775,3.3336963653564453,3.0758581161499023,3.2137930393218994,3.0410358905792236,3.113107681274414,3.085254192352295,2.893096923828125,3.074903726577759,3.038560152053833,3.2150256633758545,3.353498935699463,3.5514304637908936,3.794290065765381,4.023238182067871,4.644961357116699,4.65779972076416,4.4473137855529785,4.70396614074707,4.539234638214111,4.735470771789551,4.585017204284668,4.552451133728027,4.8871049880981445,4.826954364776611,5.098394393920898,5.174650192260742,5.453990459442139,5.569819450378418,5.9438557624816895
A7,1.8123165369033813,1.5317970514297485,1.2198976278305054,0.9182352423667908,0.6020298600196838,0.3918837904930115,0.0,0.37374863028526306,0.5867202281951904,0.8798635005950928,1.210756778717041,1.4108126163482666,1.7781795263290405,1.9598662853240967,2.2398693561553955,1.8475091457366943,1.6108700037002563,1.2782238721847534,1.2332319021224976,1.0071367025375366,0.890680193901062,0.9668852090835571,0.8617908954620361,1.041406273841858,1.218025803565979,1.4864271879196167,1.7151358127593994,2.035104274749756,2.229700803756714,2.5177674293518066,2.428285837173462,2.23734188079834,2.0019783973693848,2.057143449783325,1.804418921470642,1.8170515298843384,1.7929736375808716,1.6248263120651245,1.7554254531860352,1.810556411743164,1.9910309314727783,2.1836183071136475,2.424825429916382,2.6434762477874756,2.8831427097320557,3.195298433303833,3.1136553287506104,2.86677885055542,2.989943265914917,2.7839198112487793,2.863793134689331,2.804523468017578,2.5843541622161865,2.7469260692596436,2.6864919662475586,2.8480236530303955,2.979457378387451,3.1671228408813477,3.4131858348846436,3.6389284133911133,4.3997721672058105,4.398332595825195,4.202585697174072,4.459163188934326,4.279840469360352,4.488577365875244,4.3311872482299805,4.281257629394531,4.612863540649414,4.535160541534424,4.80928373336792,4.867649555206299,5.148890495300293,5.253288269042969,5.622204780578613
A8,1.9580113887786865,1.717520833015442,1.3648122549057007,1.122779369354248,0.8132513165473938,0.5770150423049927,0.37374863028526306,0.0,0.3813421130180359,0.5613629817962646,0.9170439839363098,1.0874251127243042,1.4518961906433105,1.616711974143982,1.8800915479660034,1.8060626983642578,1.5766570568084717,1.304876685142517,1.333074927330017,1.0654678344726562,1.0658941268920898,1.1109145879745483,0.8889858722686768,1.0736289024353027,1.1274272203445435,1.3746956586837769,1.5492141246795654,1.8366527557373047,2.004793167114258,2.2610554695129395,2.3805360794067383,2.2072601318359375,2.0299525260925293,2.1273980140686035,1.8656351566314697,1.945165991783142,1.9153259992599487,1.6948752403259277,1.838155746459961,1.8193316459655762,1.9864519834518433,2.1191864013671875,2.329143762588501,2.511162757873535,2.717628240585327,3.1378848552703857,3.083047389984131,2.874397039413452,3.0358235836029053,2.8340654373168945,2.958827018737793,2.906714677810669,2.6653382778167725,2.84075927734375,2.741586208343506,2.9043946266174316,2.9882304668426514,3.1601510047912598,3.3749053478240967,3.5750796794891357,4.33734130859375,4.361624240875244,4.190112590789795,4.470615863800049,4.310331344604492,4.540612697601318,4.4063334465026855,4.367783069610596,4.709807395935059,4.6376633644104,4.929714679718018,4.980160236358643,5.277002811431885,5.381642818450928,5.745999336242676
A9,2.3248085975646973,2.07304310798645,1.7306649684906006,1.4607040882110596,1.1471943855285645,0.8943141102790833,0.5867202281951904,0.3813421130180359,0.0,0.37993451952934265,0.6362090110778809,0.898063600063324,1.2370901107788086,1.4765108823776245,1.7551145553588867,2.1155335903167725,1.8518835306167603,1.5980278253555298,1.5725997686386108,1.2457817792892456,1.2102967500686646,1.1335495710372925,0.8413086533546448,0.8919112682342529,0.8921612501144409,1.0651657581329346,1.2801822423934937,1.5437015295028687,1.7599836587905884,2.0157179832458496,2.5481157302856445,2.3330471515655518,2.174839496612549,2.2275967597961426,1.9179450273513794,1.9875472784042358,1.8874927759170532,1.6154282093048096,1.6906801462173462,1.618920922279358,1.7262461185455322,1.8577513694763184,2.030454397201538,2.2330050468444824,2.424377918243408,3.1785848140716553,3.0930817127227783,2.9054174423217773,3.0487101078033447,2.8089890480041504,2.9407081604003906,2.8460021018981934,2.5684545040130615,2.7054028511047363,2.5640084743499756,2.68778133392334,2.7541329860687256,2.8907408714294434,3.1102232933044434,3.2897775173187256,4.297159671783447,4.307116985321045,4.159086227416992,4.439246654510498,4.262397289276123,4.507241249084473,4.364472389221191,4.30210018157959,4.635923862457275,4.537890434265137,4.828481674194336,4.851679801940918,5.145567893981934,5.229153633117676,5.583291053771973
A10,2.477911949157715,2.2468230724334717,1.8890153169631958,1.677486777305603,1.3520231246948242,1.1377593278884888,0.8798635005950928,0.5613629817962646,0.37993451952934265,0.0,0.3849935531616211,0.539397120475769,0.8990997076034546,1.104133129119873,1.388331651687622,2.04884672164917,1.789068579673767,1.6055803298950195,1.6287469863891602,1.287634015083313,1.3520761728286743,1.271398663520813,0.9236595630645752,1.0007562637329102,0.8568344116210938,1.010918140411377,1.1150914430618286,1.3422951698303223,1.5028265714645386,1.7277077436447144,2.42120099067688,2.2240636348724365,2.127321720123291,2.21772837638855,1.913422703742981,2.0484273433685303,1.95834481716156,1.656022071838379,1.7607253789901733,1.624466061592102,1.7357901334762573,1.7874374389648438,1.9364341497421265,2.080888032913208,2.242009162902832,3.0219128131866455,2.9652841091156006,2.81799054145813,2.998965263366699,2.773137092590332,2.948744058609009,2.8720133304595947,2.586211919784546,2.745622158050537,2.5775363445281982,2.715848445892334,2.7318882942199707,2.8646788597106934,3.0414814949035645,3.2006380558013916,4.128748893737793,4.16586446762085,4.0402936935424805,4.342374801635742,4.189195156097412,4.452139377593994,4.336523532867432,4.291696071624756,4.635927200317383,4.551330089569092,4.860355377197266,4.8824310302734375,5.19336462020874,5.2841033935546875,5.634458065032959
A11,2.8476498126983643,2.6229617595672607,2.2624855041503906,2.0376105308532715,1.72275972366333,1.4823384284973145,1.210756778717041,0.9170439839363098,0.6362090110778809,0.3849935531616211,0.0,0.3848273456096649,0.6267938017845154,0.9348952174186707,1.1993107795715332,2.3948287963867188,2.1309304237365723,1.9712104797363281,1.9817098379135132,1.6229910850524902,1.6761271953582764,1.5354968309402466,1.1672283411026,1.1345791816711426,0.8999893069267273,0.9012645483016968,0.982528567314148,1.1120702028274536,1.305369257926941,1.485339641571045,2.6791269779205322,2.4667727947235107,2.4028329849243164,2.4722328186035156,2.1449480056762695,2.2829225063323975,2.145531177520752,1.8070652484893799,1.8518191576004028,1.6469779014587402,1.68010413646698,1.6899462938308716,1.7632358074188232,1.8994442224502563,2.0095441341400146,3.167534589767456,3.098602294921875,2.986318349838257,3.1620397567749023,2.9129865169525146,3.104187250137329,2.997046709060669,2.682088851928711,2.8072338104248047,2.591261148452759,2.6874752044677734,2.66416072845459,2.7477524280548096,2.909292459487915,3.0280301570892334,4.1846466064453125,4.220305919647217,4.126991271972656,4.434576034545898,4.276642322540283,4.556809902191162,4.443619728088379,4.3831071853637695,4.720091819763184,4.615744590759277,4.926335334777832,4.9213175773620605,5.231945514678955,5.302732944488525,5.63947057723999
A12,2.9251108169555664,2.7087419033050537,2.3490233421325684,2.1780974864959717,1.846356749534607,1.6603782176971436,1.4108126163482666,1.0874251127243042,0.898063600063324,0.539397120475769,0.3848273456096649,0.0,0.38605064153671265,0.5892489552497864,0.906329333782196,2.2595744132995605,2.00040864944458,1.908354640007019,1.950206995010376,1.5990509986877441,1.7294412851333618,1.603225827217102,1.228996753692627,1.252660870552063,0.9518615007400513,0.9841597080230713,0.9121602177619934,1.0149786472320557,1.0969151258468628,1.251763105392456,2.4597864151000977,2.268505096435547,2.2609150409698486,2.363931179046631,2.05737042427063,2.2513058185577393,2.140275716781616,1.7988919019699097,1.8905476331710815,1.6566135883331299,1.7252943515777588,1.6602013111114502,1.7371799945831299,1.7981457710266113,1.8936316967010498,2.918132781982422,2.8807592391967773,2.8034770488739014,3.0142154693603516,2.7901854515075684,3.0178112983703613,2.940427303314209,2.6338906288146973,2.792161464691162,2.571932077407837,2.6999728679656982,2.6386187076568604,2.7398149967193604,2.8558075428009033,2.9695467948913574,3.9323108196258545,3.9952664375305176,3.9160780906677246,4.241395950317383,4.110440254211426,4.401361465454102,4.3163604736328125,4.279776096343994,4.6271843910217285,4.545084476470947,4.872294902801514,4.87667989730835,5.2037434577941895,5.290258884429932,5.626655578613281
A13,3.281271457672119,3.078745126724243,2.7139182090759277,2.545393705368042,2.2244060039520264,2.022672176361084,1.7781795263290405,1.4518961906433105,1.2370901107788086,0.8990997076034546,0.6267938017845154,0.38605064153671265,0.0,0.3893912732601166,0.641548752784729,2.578071355819702,2.3308746814727783,2.269003391265869,2.3187220096588135,1.9678179025650024,2.1032204627990723,1.9553204774856567,1.5787886381149292,1.5548691749572754,1.2156727313995361,1.1420762538909912,1.002779245376587,0.9517350792884827,0.993120551109314,1.0341929197311401,2.7153117656707764,2.5303587913513184,2.562870502471924,2.663757562637329,2.35551118850708,2.5617122650146484,2.42956805229187,2.07254958152771,2.1311681270599365,1.8482697010040283,1.8590161800384521,1.733542561531067,1.7278820276260376,1.7401707172393799,1.7574793100357056,3.077681064605713,3.04668927192688,3.0124940872192383,3.2296414375305176,3.0008015632629395,3.248847723007202,3.1590592861175537,2.8376996517181396,2.9757933616638184,2.718715190887451,2.8171870708465576,2.708040475845337,2.764944314956665,2.845001697540283,2.91050124168396,4.001058101654053,4.075847148895264,4.032497882843018,4.367428779602051,4.245264530181885,4.552599906921387,4.481420993804932,4.441097736358643,4.783621788024902,4.6933135986328125,5.0254225730896,5.0096211433410645,5.3400187492370605,5.413716793060303,5.736088275909424
A14,3.3092525005340576,3.1253862380981445,2.764946222305298,2.6479032039642334,2.3294296264648438,2.1689229011535645,1.9598662853240967,1.616711974143982,1.4765108823776245,1.104133129119873,0.9348952174186707,0.5892489552497864,0.3893912732601166,0.0,0.38233116269111633,2.452728033065796,2.232142210006714,2.2341902256011963,2.3256731033325195,2.0044190883636475,2.2006843090057373,2.0888466835021973,1.726786732673645,1.7653589248657227,1.4225008487701416,1.4069464206695557,1.191521167755127,1.1423122882843018,1.0489877462387085,1.0347331762313843,2.5502419471740723,2.406712055206299,2.4904534816741943,2.6339595317840576,2.362912893295288,2.6137678623199463,2.522076368331909,2.1820552349090576,2.291391134262085,2.0120582580566406,2.0675694942474365,1.899474024772644,1.9124549627304077,1.8566257953643799,1.8626469373703003,2.915773391723633,2.929924964904785,2.9264190196990967,3.180638074874878,2.989100456237793,3.2645983695983887,3.2133076190948486,2.912814140319824,3.0870912075042725,2.8425405025482178,2.976321220397949,2.8455569744110107,2.926816940307617,2.967332124710083,3.0332233905792236,3.851747512817383,3.9603958129882812,3.925717353820801,4.276913642883301,4.187439441680908,4.499138832092285,4.457712173461914,4.44661808013916,4.799142360687256,4.736549377441406,5.082120418548584,5.082314968109131,5.4263916015625,5.519120216369629,5.843077182769775
A15,3.5041403770446777,3.352865219116211,2.9848499298095703,2.8815598487854004,2.5927793979644775,2.413212299346924,2.2398693561553955,1.8800915479660034,1.7551145553588867,1.388331651687622,1.1993107795715332,0.906329333782196,0.641548752784729,0.38233116269111633,0.0,2.6765553951263428,2.495114803314209,2.515836238861084,2.6431145668029785,2.339324951171875,2.544677257537842,2.451665163040161,2.0890276432037354,2.1301522254943848,1.7916009426116943,1.753392219543457,1.5455162525177002,1.4428123235702515,1.3347309827804565,1.224498987197876,2.8263280391693115,2.7165660858154297,2.8190436363220215,2.984621047973633,2.7277753353118896,2.9863243103027344,2.9026401042938232,2.5642197132110596,2.6708641052246094,2.38529372215271,2.4216790199279785,2.2406411170959473,2.215090751647949,2.136103630065918,2.087275505065918,3.1999146938323975,3.2398810386657715,3.257112503051758,3.5255424976348877,3.3461802005767822,3.630356788635254,3.584926128387451,3.2853336334228516,3.4573395252227783,3.203730821609497,3.3263964653015137,3.1775550842285156,3.2359795570373535,3.25653338432312,3.290853977203369,4.106098175048828,4.235483646392822,4.218975067138672,4.578614711761475,4.505242824554443,4.822539329528809,4.79526424407959,4.791175365447998,5.143587112426758,5.084174156188965,5.433007717132568,5.428213119506836,5.774601459503174,5.863892078399658,6.181432247161865
B1,1.6289474964141846,1.4920517206192017,1.3799065351486206,1.619922399520874,1.4753104448318481,1.7439779043197632,1.8475091457366943,1.8060626983642578,2.1155335903167725,2.04884672164917,2.3948287963867188,2.2595744132995605,2.578071355819702,2.452728033065796,2.6765553951263428,0.0,0.3843994140625,0.6483122706413269,0.9770660996437073,1.209108829498291,1.503795862197876,1.800728440284729,1.8417906761169434,2.217296600341797,2.270219564437866,2.630354404449463,2.5936062335968018,2.9038007259368896,2.845566987991333,3.0844855308532715,1.2011808156967163,1.3507710695266724,1.2625560760498047,1.6092545986175537,1.7041183710098267,1.9114577770233154,2.178666591644287,2.1847057342529297,2.5439772605895996,2.6286821365356445,2.969313621520996,3.008216619491577,3.3205082416534424,3.356926202774048,3.6060352325439453,2.3776333332061768,2.50784969329834,2.2957417964935303,2.561954975128174,2.6016931533813477,2.744337797164917,2.9209604263305664,2.8695454597473145,3.2054905891418457,3.2556567192077637,3.5769264698028564,3.654362201690674,3.959664821624756,4.081715106964111,4.345748424530029,3.776273250579834,3.887180805206299,3.6464810371398926,3.9258949756622314,3.890713930130005,4.058822154998779,4.021350860595703,4.125881671905518,4.493415832519531,4.570084095001221,4.882261276245117,5.050930500030518,5.376791000366211,5.587629795074463,5.972487449645996
B2,1.7561118602752686,1.544334053993225,1.3924542665481567,1.5496184825897217,1.3195111751556396,1.5802839994430542,1.6108700037002563,1.5766570568084717,1.8518835306167603,1.789068579673767,2.1309304237365723,2.00040864944458,2.3308746814727783,2.232142210006714,2.495114803314209,0.3843994140625,0.0,0.3864704370498657,0.6644723415374756,0.8545010685920715,1.173706293106079,1.4445769786834717,1.4875926971435547,1.8600730895996094,1.917106032371521,2.282222270965576,2.2489266395568848,2.572672128677368,2.526740312576294,2.788801431655884,1.039458990097046,1.0858632326126099,0.9621654748916626,1.2914409637451172,1.3416017293930054,1.559255599975586,1.8091175556182861,1.8021656274795532,2.1620242595672607,2.2462000846862793,2.5900661945343018,2.633990526199341,2.9542348384857178,3.000622272491455,3.263054609298706,2.1542930603027344,2.2412517070770264,2.0166540145874023,2.271275758743286,2.274959087371826,2.422839403152466,2.5765669345855713,2.50532865524292,2.835594654083252,2.876767873764038,3.1946325302124023,3.2738304138183594,3.578662395477295,3.7073516845703125,3.975512742996216,3.542597770690918,3.6318554878234863,3.3956172466278076,3.6762027740478516,3.616694688796997,3.797564744949341,3.743804931640625,3.827857732772827,4.196291446685791,4.253786563873291,4.5681681632995605,4.722500324249268,5.049194812774658,5.24979305267334,5.633485317230225
B3,1.5356898307800293,1.2716425657272339,1.0992763042449951,1.2051626443862915,0.9543178081512451,1.2395848035812378,1.2782238721847534,1.304876685142517,1.5980278253555298,1.6055803298950195,1.9712104797363281,1.908354640007019,2.269003391265869,2.2341902256011963,2.515836238861084,0.6483122706413269,0.3864704370498657,0.0,0.38630393147468567,0.60276859998703,0.8630441427230835,1.1789003610610962,1.2535374164581299,1.629316806793213,1.7443830966949463,2.118338108062744,2.1491341590881348,2.4958229064941406,2.5079169273376465,2.794536590576172,1.3311793804168701,1.2863867282867432,1.0649429559707642,1.3092495203018188,1.2928560972213745,1.4403992891311646,1.6636581420898438,1.6550642251968384,1.9910298585891724,2.1052775382995605,2.438431978225708,2.5331037044525146,2.858670473098755,2.9535324573516846,3.2291369438171387,2.372666835784912,2.403069496154785,2.1432206630706787,2.3501460552215576,2.3044514656066895,2.4155917167663574,2.527590751647949,2.4368906021118164,2.73921799659729,2.781839370727539,3.078015089035034,3.1894664764404297,3.4845023155212402,3.650651454925537,3.9249119758605957,3.7369136810302734,3.7933571338653564,3.5502145290374756,3.815225839614868,3.719064950942993,3.89554500579834,3.8066930770874023,3.8586690425872803,4.21859073638916,4.247668743133545,4.547976970672607,4.690171241760254,5.002993106842041,5.18737268447876,5.573484897613525
B4,1.7091997861862183,1.3871548175811768,1.2525792121887207,1.2774194478988647,0.9808268547058105,1.274808406829834,1.2332319021224976,1.333074927330017,1.5725997686386108,1.6287469863891602,1.9817098379135132,1.950206995010376,2.3187220096588135,2.3256731033325195,2.6431145668029785,0.9770660996437073,0.6644723415374756,0.38630393147468567,0.0,0.3913551867008209,0.5698068737983704,0.8902918100357056,1.0599629878997803,1.4172927141189575,1.5913937091827393,1.9719798564910889,2.032633066177368,2.4026873111724854,2.441939115524292,2.7616372108459473,1.3433891534805298,1.2019928693771362,0.8973597288131714,1.042931318283081,0.998468279838562,1.0866285562515259,1.3149237632751465,1.349785566329956,1.6828413009643555,1.8465863466262817,2.191235065460205,2.3209030628204346,2.669581413269043,2.790839672088623,3.09499454498291,2.263166904449463,2.2355878353118896,1.9406591653823853,2.0986204147338867,2.0248286724090576,2.1021370887756348,2.195732593536377,2.112211227416992,2.4044201374053955,2.471500873565674,2.7680230140686035,2.909276008605957,3.216032028198242,3.4021098613739014,3.695444107055664,3.587677478790283,3.608447313308716,3.353017807006836,3.5973079204559326,3.47188663482666,3.6396379470825195,3.524810791015625,3.556288242340088,3.908499240875244,3.9234771728515625,4.213594436645508,4.3531293869018555,4.657230377197266,4.837132453918457,5.224728107452393
B5,1.9312015771865845,1.6071293354034424,1.3985928297042847,1.3323338031768799,0.9594262838363647,1.1549351215362549,1.0071367025375366,1.0654678344726562,1.2457817792892456,1.287634015083313,1.6229910850524902,1.5990509986877441,1.9678179025650024,2.0044190883636475,2.339324951171875,1.209108829498291,0.8545010685920715,0.60276859998703,0.3913551867008209,0.0,0.36882442235946655,0.593944251537323,0.682793915271759,1.0503263473510742,1.2024227380752563,1.5829070806503296,1.6493531465530396,2.0211966037750244,2.08026385307312,2.4062790870666504,1.4592527151107788,1.2486764192581177,0.9950770139694214,1.0901685953140259,0.9071007966995239,1.0226043462753296,1.1513956785202026,1.0861936807632446,1.4019441604614258,1.5187982320785522,1.8478572368621826,1.9715276956558228,2.3073413372039795,2.4380319118499756,2.7352445125579834,2.248835325241089,2.1914517879486084,1.9254150390625,2.0838749408721924,1.9491066932678223,2.0576140880584717,2.0974037647247314,1.95062255859375,2.2204320430755615,2.2343497276306152,2.5087127685546875,2.629232883453369,2.913111686706543,3.101900815963745,3.379481077194214,3.522797107696533,3.5376780033111572,3.3120975494384766,3.5714824199676514,3.4290719032287598,3.625917673110962,3.5045745372772217,3.5104587078094482,3.8641574382781982,3.8496315479278564,4.148378372192383,4.257204055786133,4.566695690155029,4.725545406341553,5.106919765472412
B6,1.9373483657836914,1.5811601877212524,1.3997341394424438,1.2576582431793213,0.89069002866745,1.0763473510742188,0.890680193901062,1.0658941268920898,1.2102967500686646,1.3520761728286743,1.6761271953582764,1.7294412851333618,2.1032204627990723,2.2006843090057373,2.544677257537842,1.503795862197876,1.173706293106079,0.8630441427230835,0.5698068737983704,0.36882442235946655,0.0,0.37100949883461,0.6155763864517212,0.9243360161781311,1.1841211318969727,1.5505393743515015,1.695637583732605,2.0802066326141357,2.197866678237915,2.543609619140625,1.7546242475509644,1.5119469165802002,1.209607720375061,1.2003318071365356,0.9825347661972046,0.9645588397979736,1.0406116247177124,1.0067111253738403,1.2647652626037598,1.4448628425598145,1.7544633150100708,1.9465522766113281,2.288499593734741,2.4718377590179443,2.785712957382202,2.4657516479492188,2.3591761589050293,2.0651051998138428,2.1610443592071533,1.9886462688446045,2.041883707046509,2.037353754043579,1.8861708641052246,2.1142232418060303,2.1456069946289062,2.3931543827056885,2.559236764907837,2.8359808921813965,3.064943313598633,3.3536922931671143,3.685969591140747,3.6652040481567383,3.4300365447998047,3.6631901264190674,3.4871253967285156,3.6697185039520264,3.5139291286468506,3.488715887069702,3.826418399810791,3.786099910736084,4.064006328582764,4.163679599761963,4.454147815704346,4.598310947418213,4.980372428894043
B7,2.2851402759552,1.9294415712356567,1.7301974296569824,1.5431236028671265,1.1625815629959106,1.2556525468826294,0.9668852090835571,1.1109145879745483,1.1335495710372925,1.271398663520813,1.5354968309402466,1.603225827217102,1.9553204774856567,2.0888466835021973,2.451665163040161,1.800728440284729,1.4445769786834717,1.1789003610610962,0.8902918100357056,0.593944251537323,0.37100949883461,0.0,0.37825655937194824,0.5981749296188354,0.8941152691841125,1.2434734106063843,1.410374641418457,1.7982906103134155,1.943664789199829,2.3046603202819824,1.8820550441741943,1.582984209060669,1.317585825920105,1.2344557046890259,0.9233734607696533,0.8840528130531311,0.8268736004829407,0.7060181498527527,0.9176480770111084,1.0887670516967773,1.3879061937332153,1.5986148118972778,1.9417532682418823,2.1461069583892822,2.4687626361846924,2.4237585067749023,2.2734203338623047,1.999674916267395,2.068859815597534,1.8399802446365356,1.9017597436904907,1.8396401405334473,1.637683391571045,1.8323720693588257,1.8270225524902344,2.052807569503784,2.2154552936553955,2.4790096282958984,2.718186855316162,3.0037615299224854,3.556790590286255,3.5162267684936523,3.302826404571533,3.5351884365081787,3.336812973022461,3.5366370677948,3.368499994277954,3.315279006958008,3.6474640369415283,3.578731060028076,3.8584935665130615,3.931412935256958,4.222514629364014,4.348228931427002,4.7239603996276855
B8,2.3897786140441895,2.0611765384674072,1.8024202585220337,1.6007592678070068,1.2011268138885498,1.2011479139328003,0.8617908954620361,0.8889858722686768,0.8413086533546448,0.9236595630645752,1.1672283411026,1.228996753692627,1.5787886381149292,1.726786732673645,2.0890276432037354,1.8417906761169434,1.4875926971435547,1.2535374164581299,1.0599629878997803,0.682793915271759,0.6155763864517212,0.37825655937194824,0.0,0.3771108388900757,0.5708159804344177,0.9392993450164795,1.0968077182769775,1.4784597158432007,1.6321346759796143,1.9803990125656128,1.951522946357727,1.662936806678772,1.4687919616699219,1.440813422203064,1.1027792692184448,1.157211422920227,1.0566636323928833,0.8063463568687439,0.9777925610542297,1.008682131767273,1.2673003673553467,1.4292128086090088,1.734950304031372,1.9267785549163818,2.2190749645233154,2.4731221199035645,2.3431966304779053,2.119442939758301,2.2294721603393555,1.9876337051391602,2.1041104793548584,2.026761531829834,1.7765343189239502,1.9591782093048096,1.879737138748169,2.079962968826294,2.1863303184509277,2.4131357669830322,2.6325578689575195,2.8839194774627686,3.588486671447754,3.5702528953552246,3.3910903930664062,3.6505415439605713,3.463977575302124,3.6926021575927734,3.5429275035858154,3.4891977310180664,3.8274142742156982,3.749687671661377,4.044120788574219,4.094888210296631,4.396970748901367,4.509704113006592,4.876418113708496
B9,2.6998512744903564,2.367196798324585,2.109206199645996,1.8653743267059326,1.4819749593734741,1.4217177629470825,1.041406273841858,1.0736289024353027,0.8919112682342529,1.0007562637329102,1.1345791816711426,1.252660870552063,1.5548691749572754,1.7653589248657227,2.1301522254943848,2.217296600341797,1.8600730895996094,1.629316806793213,1.4172927141189575,1.0503263473510742,0.9243360161781311,0.5981749296188354,0.3771108388900757,0.0,0.3859761655330658,0.6703969240188599,0.9203506112098694,1.289723515510559,1.5110093355178833,1.8679614067077637,2.2479536533355713,1.929553508758545,1.7510918378829956,1.6637983322143555,1.2926284074783325,1.298151969909668,1.091225266456604,0.7843770980834961,0.7995052933692932,0.7773185968399048,0.9593764543533325,1.1708117723464966,1.455714464187622,1.6992709636688232,1.9938585758209229,2.6274704933166504,2.4555470943450928,2.250506639480591,2.3204967975616455,2.030576705932617,2.1352052688598633,1.9938087463378906,1.6999071836471558,1.815896987915039,1.6890144348144531,1.8331860303878784,1.94075608253479,2.131089687347412,2.375819206237793,2.6159353256225586,3.6335906982421875,3.5894181728363037,3.431941032409668,3.6805288791656494,3.467529296875,3.70493745803833,3.536534547805786,3.447908878326416,3.7704708576202393,3.6570935249328613,3.9423041343688965,3.9612112045288086,4.253658294677734,4.339659690856934,4.696298122406006
B10,2.8959896564483643,2.586226224899292,2.296499013900757,2.074284791946411,1.6841906309127808,1.5905133485794067,1.218025803565979,1.1274272203445435,0.8921612501144409,0.8568344116210938,0.8999893069267273,0.9518615007400513,1.2156727313995361,1.4225008487701416,1.7916009426116943,2.270219564437866,1.917106032371521,1.7443830966949463,1.5913937091827393,1.2024227380752563,1.1841211318969727,0.8941152691841125,0.5708159804344177,0.3859761655330658,0.0,0.380695641040802,0.5542466640472412,0.9270537495613098,1.1379883289337158,1.487790584564209,2.2450883388519287,1.9373310804367065,1.8327492475509644,1.7858980894088745,1.4124712944030762,1.501336932182312,1.2970439195632935,0.9366869330406189,0.9566155076026917,0.7701756954193115,0.9015212059020996,0.9921132326126099,1.2304881811141968,1.4285376071929932,1.6909726858139038,2.5616748332977295,2.411902904510498,2.26269268989563,2.3732149600982666,2.0858137607574463,2.2477078437805176,2.1118972301483154,1.792141079902649,1.9145699739456177,1.7255308628082275,1.8604868650436401,1.8894473314285278,2.0498979091644287,2.248870611190796,2.452609062194824,3.5299630165100098,3.511223554611206,3.3893144130706787,3.6643617153167725,3.4712917804718018,3.73592209815979,3.5947673320770264,3.5159575939178467,3.8461718559265137,3.7359261512756348,4.039810657501221,4.044257640838623,4.352547645568848,4.434882640838623,4.781627655029297
B11,3.2284696102142334,2.9254868030548096,2.625438928604126,2.381307601928711,2.0048584938049316,1.8650082349777222,1.4864271879196167,1.3746956586837769,1.0651657581329346,1.010918140411377,0.9012645483016968,0.9841597080230713,1.1420762538909912,1.4069464206695557,1.753392219543457,2.630354404449463,2.282222270965576,2.118338108062744,1.9719798564910889,1.5829070806503296,1.5505393743515015,1.2434734106063843,0.9392993450164795,0.6703969240188599,0.380695641040802,0.0,0.388271301984787,0.6674901843070984,0.9733192920684814,1.3006789684295654,2.5673835277557373,2.2536699771881104,2.1761982440948486,2.110884189605713,1.730447769165039,1.807144045829773,1.5570707321166992,1.1855199337005615,1.0988596677780151,0.8209750652313232,0.7819429636001587,0.8313676118850708,0.9656868577003479,1.1976737976074219,1.4225229024887085,2.774595260620117,2.6077847480773926,2.4947221279144287,2.5890212059020996,2.2766482830047607,2.4437124729156494,2.2667102813720703,1.9171490669250488,1.9796645641326904,1.7289493083953857,1.7928802967071533,1.7785351276397705,1.8697667121887207,2.0661585330963135,2.2271785736083984,3.629439353942871,3.601285219192505,3.5138132572174072,3.7874767780303955,3.5837182998657227,3.8627569675445557,3.7186484336853027,3.6160576343536377,3.931919813156128,3.793593168258667,4.092981338500977,4.063267230987549,4.365748882293701,4.420955657958984,4.751226425170898
B12,3.3753116130828857,3.083165168762207,2.777186632156372,2.574497938156128,2.18644380569458,2.0726490020751953,1.7151358127593994,1.5492141246795654,1.2801822423934937,1.1150914430618286,0.982528567314148,0.9121602177619934,1.002779245376587,1.191521167755127,1.5455162525177002,2.5936062335968018,2.2489266395568848,2.1491341590881348,2.032633066177368,1.6493531465530396,1.695637583732605,1.410374641418457,1.0968077182769775,0.9203506112098694,0.5542466640472412,0.388271301984787,0.0,0.3890177011489868,0.6055077314376831,0.95831298828125,2.4208996295928955,2.1190764904022217,2.1087350845336914,2.0714035034179688,1.7084730863571167,1.8522590398788452,1.6270551681518555,1.2487781047821045,1.2188389301300049,0.8813595175743103,0.8768796324729919,0.7499377131462097,0.858455240726471,0.9696379899978638,1.1773219108581543,2.546787738800049,2.4037387371063232,2.341442346572876,2.4725472927093506,2.1795170307159424,2.396831750869751,2.2470457553863525,1.8992830514907837,1.9950956106185913,1.7225570678710938,1.817008376121521,1.7314848899841309,1.8300449848175049,1.9570146799087524,2.099461555480957,3.36702823638916,3.3658034801483154,3.3042666912078857,3.600472927093506,3.4237027168273926,3.7219176292419434,3.6100568771362305,3.5298354625701904,3.8562662601470947,3.7377235889434814,4.057462692260742,4.030617713928223,4.3523640632629395,4.420088291168213,4.745671272277832
B13,3.708004951477051,3.4295873641967773,3.1100165843963623,2.905547618865967,2.5266034603118896,2.3844447135925293,2.035104274749756,1.8366527557373047,1.5437015295028687,1.3422951698303223,1.1120702028274536,1.0149786472320557,0.9517350792884827,1.1423122882843018,1.4428123235702515,2.9038007259368896,2.572672128677368,2.4958229064941406,2.4026873111724854,2.0211966037750244,2.0802066326141357,1.7982906103134155,1.4784597158432007,1.289723515510559,0.9270537495613098,0.6674901843070984,0.3890177011489868,0.0,0.3826313018798828,0.654930830001831,2.7029025554656982,2.414975881576538,2.443511962890625,2.414252996444702,2.0604753494262695,2.215542793273926,1.981229543685913,1.6057757139205933,1.5420879125595093,1.1743369102478027,1.0735859870910645,0.8547531366348267,0.7818103432655334,0.8121497631072998,0.9029273986816406,2.740220308303833,2.605656623840332,2.592019557952881,2.7286489009857178,2.4357149600982666,2.670933246612549,2.5088865756988525,2.152285575866699,2.2164785861968994,1.9018359184265137,1.9465492963790894,1.7943878173828125,1.8207558393478394,1.8987072706222534,1.9719924926757812,3.4483654499053955,3.4572861194610596,3.438314199447632,3.7421953678131104,3.5742504596710205,3.8891918659210205,3.792090654373169,3.7055580615997314,4.022213459014893,3.8919591903686523,4.213719844818115,4.16079568862915,4.483094692230225,4.532827377319336,4.839640140533447
