,A1,A2,A3,A4,A5,A6,A7,A8,A9,A10,A11,A12,A13,A14,A15,B1,B2,B3,B4,B5,B6,B7,B8,B9,B10,B11,B12,B13,B14,B15,C1,C2,C3,C4,C5,C6,C7,C8,C9,C10,C11,C12,C13,C14,C15,D1,D2,D3,D4,D5,D6,D7,D8,D9,D10,D11,D12,D13,D14,D15,E1,E2,E3,E4,E5,E6,E7,E8,E9,E10,E11,E12,E13,E14,E15
A1,0.0,0.38977742195129395,0.6400988101959229,0.8991109132766724,1.2305989265441895,1.4583616256713867,1.5779141187667847,1.6541309356689453,2.0198183059692383,2.1597137451171875,2.302762031555176,2.60998272895813,2.7748801708221436,2.865651845932007,2.8784306049346924,2.4779412746429443,2.824307441711426,2.7607173919677734,2.8960726261138916,3.2051360607147217,3.2628722190856934,3.1231000423431396,3.1952569484710693,3.457087993621826,3.5498239994049072,3.536207675933838,3.7725141048431396,3.6565561294555664,3.744525194168091,3.6716690063476562,4.888185501098633,4.990176200866699,4.8832173347473145,5.217271327972412,5.213621139526367,5.469870090484619,5.222728729248047,5.023575305938721,5.188888072967529,5.0988359451293945,5.071232795715332,5.178920269012451,5.087634563446045,5.233481407165527,5.04918909072876,6.192975997924805,6.385908126831055,6.348574638366699,6.709732532501221,6.679767608642578,7.000481605529785,6.817047119140625,6.577507495880127,6.767582416534424,6.481362342834473,6.4920148849487305,6.392446994781494,6.171866416931152,6.218392372131348,5.945174694061279,6.9869608879089355,6.785546779632568,7.0434088706970215,7.116814613342285,7.075778484344482,7.281939506530762,7.576519966125488,7.485909938812256,7.699240684509277,7.702981472015381,8.08126163482666,8.056684494018555,8.44334602355957,8.655545234680176,8.78918743133545
A2,0.38977742195129395,0.0,0.39226335287094116,0.6565553545951843,0.925770103931427,1.1984212398529053,1.3587325811386108,1.3977887630462646,1.7727683782577515,1.8956154584884644,2.086834669113159,2.3708629608154297,2.569411277770996,2.6904728412628174,2.7374074459075928,2.1825454235076904,2.513951301574707,2.427377700805664,2.539928913116455,2.849226713180542,2.890697479248047,2.7499260902404785,2.8381097316741943,3.097194194793701,3.208030939102173,3.2048587799072266,3.4578685760498047,3.365875720977783,3.4764885902404785,3.415438175201416,4.621294021606445,4.716453552246094,4.588596820831299,4.911919593811035,4.901166915893555,5.14681339263916,4.88795280456543,4.691252708435059,4.845941066741943,4.76637077331543,4.731860637664795,4.854554176330566,4.76902437210083,4.929306507110596,4.7618842124938965,5.887964725494385,6.0823469161987305,6.031616687774658,6.388525485992432,6.358244895935059,6.672759532928467,6.479474067687988,6.2423996925354,6.427037715911865,6.142994403839111,6.1444621086120605,6.050825595855713,5.822981834411621,5.875314235687256,5.60308313369751,6.604648590087891,6.404926776885986,6.666131973266602,6.739130020141602,6.703883647918701,6.909858226776123,7.206842422485352,7.12204647064209,7.339319705963135,7.349567890167236,7.729552268981934,7.7134108543396,8.100326538085938,8.318596839904785,8.46031379699707
A3,0.6400988101959229,0.39226335287094116,0.0,0.3862236738204956,0.6201227903366089,0.9072785377502441,0.9999498724937439,1.026277780532837,1.4003428220748901,1.5306060314178467,1.705302357673645,2.003135919570923,2.2008824348449707,2.334345817565918,2.400665044784546,2.123886823654175,2.4319965839385986,2.300657272338867,2.4322915077209473,2.7063841819763184,2.758638858795166,2.5761892795562744,2.631002426147461,2.8689510822296143,2.9612646102905273,2.92436146736145,3.168534755706787,3.0554604530334473,3.167663097381592,3.1268322467803955,4.47417688369751,4.540984630584717,4.413636207580566,4.738314628601074,4.703259468078613,4.960525035858154,4.706143856048584,4.48854398727417,4.635659217834473,4.5329790115356445,4.486030101776123,4.593327045440674,4.486945629119873,4.6458635330200195,4.468173503875732,5.743819713592529,5.917582035064697,5.858689785003662,6.211266040802002,6.160541534423828,6.475498199462891,6.282214164733887,6.030595779418945,6.204972267150879,5.9084014892578125,5.908878326416016,5.796116352081299,5.570087909698486,5.603667736053467,5.323187351226807,6.437738418579102,6.24910831451416,6.513856410980225,6.607896327972412,6.577047824859619,6.800300598144531,7.0877861976623535,6.996908664703369,7.228341579437256,7.228989124298096,7.612328052520752,7.596529006958008,7.979946136474609,8.194212913513184,8.336318969726562
A4,0.8991109132766724,0.6565553545951843,0.3862236738204956,0.0,0.3920819163322449,0.5602800250053406,0.7319527864456177,0.8687124252319336,1.2071725130081177,1.4147593975067139,1.6193293333053589,1.9317594766616821,2.169654369354248,2.356633186340332,2.4761803150177,2.304879903793335,2.578585624694824,2.3967905044555664,2.487170934677124,2.7393205165863037,2.7509677410125732,2.5345120429992676,2.607656955718994,2.8040225505828857,2.9251389503479004,2.8585290908813477,3.1267037391662598,3.0242393016815186,3.1740200519561768,3.177988290786743,4.620946884155273,4.663647174835205,4.512862205505371,4.82206916809082,4.760020732879639,5.008034706115723,4.738163948059082,4.509860992431641,4.628054141998291,4.523660182952881,4.446344375610352,4.565313339233398,4.4395012855529785,4.6236891746521,4.459090232849121,5.839612007141113,6.003303050994873,5.920617580413818,6.262540340423584,6.196804046630859,6.500853538513184,6.29046106338501,6.031707286834717,6.184539318084717,5.879665374755859,5.857143878936768,5.732945442199707,5.4893412590026855,5.5053181648254395,5.208632469177246,6.3407182693481445,6.171450138092041,6.452510356903076,6.55652379989624,6.547699451446533,6.775561332702637,7.066741943359375,6.990020751953125,7.235722064971924,7.248134136199951,7.635396480560303,7.636855602264404,8.018558502197266,8.242012977600098,8.397817611694336
A5,1.2305989265441895,0.925770103931427,0.6201227903366089,0.3920819163322449,0.0,0.3813203275203705,0.5431286692619324,0.5683822631835938,0.9071246981620789,1.083933711051941,1.343057632446289,1.6208988428115845,1.8922674655914307,2.111345052719116,2.2692437171936035,2.0831992626190186,2.319767713546753,2.098912477493286,2.177590847015381,2.4039957523345947,2.4092938899993896,2.171619176864624,2.2382466793060303,2.4207141399383545,2.5465357303619385,2.475236415863037,2.752715826034546,2.664612293243408,2.8343896865844727,2.8563692569732666,4.328967571258545,4.3546600341796875,4.189170837402344,4.488714694976807,4.412276268005371,4.656008243560791,4.381165981292725,4.147345066070557,4.255146026611328,4.1497368812561035,4.0641279220581055,4.187912464141846,4.060727596282959,4.25418758392334,4.100095272064209,5.512811660766602,5.668745994567871,5.574159145355225,5.910552978515625,5.837469577789307,6.1370038986206055,5.921097278594971,5.659460067749023,5.8056559562683105,5.498786926269531,5.471233367919922,5.345491886138916,5.0992889404296875,5.114792346954346,4.8181376457214355,5.9651947021484375,5.799559593200684,6.0817718505859375,6.194034576416016,6.188392639160156,6.423436641693115,6.710534572601318,6.633388042449951,6.886317253112793,6.897487640380859,7.2862067222595215,7.292016506195068,7.671660900115967,7.896298408508301,8.056450843811035
A6,1.4583616256713867,1.1984212398529053,0.9072785377502441,0.5602800250053406,0.3813203275203705,0.0,0.3778764605522156,0.6143091917037964,0.824975311756134,1.1100393533706665,1.3579280376434326,1.6527992486953735,1.9430323839187622,2.2016749382019043,2.3981759548187256,2.410141944885254,2.61842942237854,2.364391803741455,2.4135384559631348,2.6090238094329834,2.5813426971435547,2.3109889030456543,2.3835155963897705,2.5136728286743164,2.6568188667297363,2.5445032119750977,2.8332324028015137,2.744333267211914,2.94130277633667,3.0074386596679688,4.580519199371338,4.581896781921387,4.403238296508789,4.689502239227295,4.586276531219482,4.824535846710205,4.541542053222656,4.295097351074219,4.37521505355835,4.2613725662231445,4.145526885986328,4.271924018859863,4.119515419006348,4.3319478034973145,4.1844964027404785,5.72276496887207,5.864593505859375,5.75076150894165,6.075752258300781,5.985032558441162,6.274479866027832,6.045900821685791,5.775179386138916,5.898874759674072,5.582231521606445,5.53413200378418,5.391631603240967,5.131304740905762,5.122357368469238,4.808076858520508,6.001707077026367,5.858333587646484,6.15554141998291,6.280877113342285,6.296485900878906,6.537731170654297,6.825249671936035,6.759870529174805,7.0268754959106445,7.046186923980713,7.437378883361816,7.4575018882751465,7.833682060241699,8.064128875732422,8.234678268432617
A7,1.5779141187667847,1.3587325811386108,0.9999498724937439,0.7319527864456177,0.5431286692619324,0.3778764605522156,0.0,0.37917646765708923,0.5435148477554321,0.8605956435203552,1.037428855895996,1.3672775030136108,1.6292413473129272,1.8807777166366577,2.078333616256714,2.437191963195801,2.6360068321228027,2.3736565113067627,2.468104124069214,2.6292433738708496,2.640028953552246,2.346153736114502,2.3597822189331055,2.479057550430298,2.573805093765259,2.425902843475342,2.6803832054138184,2.548646926879883,2.721930980682373,2.7934951782226562,4.481532573699951,4.464112281799316,4.3052544593811035,4.6012139320373535,4.485592842102051,4.743499755859375,4.479340553283691,4.214668273925781,4.302430629730225,4.158454895019531,4.044816493988037,4.139892578125,3.9685075283050537,4.161106109619141,3.9891626834869385,5.654800891876221,5.777050495147705,5.670318126678467,5.995243549346924,5.88871955871582,6.184718132019043,5.968696594238281,5.6848015785217285,5.808027744293213,5.481045722961426,5.446252822875977,5.284437656402588,5.038613796234131,5.012592315673828,4.6965718269348145,6.027179718017578,5.8870015144348145,6.177340507507324,6.320930004119873,6.3283538818359375,6.585347652435303,6.8584699630737305,6.777620315551758,7.050748825073242,7.051437854766846,7.442404270172119,7.45154333114624,7.8234405517578125,8.042312622070312,8.203472137451172
A8,1.6541309356689453,1.3977887630462646,1.026277780532837,0.8687124252319336,0.5683822631835938,0.6143091917037964,0.37917646765708923,0.0,0.3825463652610779,0.5527374744415283,0.780482828617096,1.0778440237045288,1.3487272262573242,1.5941963195800781,1.7926056385040283,2.115363121032715,2.3001935482025146,2.034745216369629,2.156137704849243,2.304433822631836,2.346470594406128,2.0550506114959717,2.0376954078674316,2.1786532402038574,2.2472140789031982,2.1137194633483887,2.3559818267822266,2.2214348316192627,2.3822555541992188,2.435436248779297,4.1049275398254395,4.088359355926514,3.934967517852783,4.236387729644775,4.127161026000977,4.391391754150391,4.1353230476379395,3.8712351322174072,3.974152088165283,3.8273370265960693,3.7309160232543945,3.818849802017212,3.660165309906006,3.8398725986480713,3.6634669303894043,5.2918806076049805,5.41406774520874,5.315427303314209,5.644802093505859,5.5424017906188965,5.844380855560303,5.63722562789917,5.354883193969727,5.490156173706055,5.166515827178955,5.146897315979004,4.991721153259277,4.758236885070801,4.745995998382568,4.442760944366455,5.781192302703857,5.628179550170898,5.906346797943115,6.050024509429932,6.04217529296875,6.30273962020874,6.569079399108887,6.4758381843566895,6.744562149047852,6.734084606170654,7.123711585998535,7.12263298034668,7.494358062744141,7.706860542297363,7.860912322998047
A9,2.0198183059692383,1.7727683782577515,1.4003428220748901,1.2071725130081177,0.9071246981620789,0.824975311756134,0.5435148477554321,0.3825463652610779,0.0,0.37785956263542175,0.5790013670921326,0.8595139980316162,1.1592031717300415,1.4614343643188477,1.7201403379440308,2.3178391456604004,2.4532182216644287,2.1506235599517822,2.2575557231903076,2.347407817840576,2.377568483352661,2.0484838485717773,2.00148868560791,2.080057382583618,2.1371703147888184,1.948458194732666,2.1829545497894287,2.036407947540283,2.220594644546509,2.326655149459839,4.119100570678711,4.06683874130249,3.9051406383514404,4.192015647888184,4.049759387969971,4.313879489898682,4.059515953063965,3.776810646057129,3.855205535888672,3.688284397125244,3.565397024154663,3.642453908920288,3.454982042312622,3.64477801322937,3.4695653915405273,5.258403778076172,5.356905460357666,5.241062164306641,5.557225704193115,5.431391716003418,5.725014686584473,5.511885643005371,5.216602325439453,5.330844879150391,4.995413303375244,4.963990211486816,4.78715181350708,4.549395561218262,4.5107598304748535,4.194553852081299,5.635307312011719,5.502050876617432,5.786994457244873,5.95194149017334,5.957087516784668,6.231663703918457,6.488664150238037,6.397034645080566,6.681128025054932,6.6677117347717285,7.058356285095215,7.065005302429199,7.430155277252197,7.6418585777282715,7.801188945770264
A10,2.1597137451171875,1.8956154584884644,1.5306060314178467,1.4147593975067139,1.083933711051941,1.1100393533706665,0.8605956435203552,0.5527374744415283,0.37785956263542175,0.0,0.3799930512905121,0.553415834903717,0.8782308101654053,1.1816697120666504,1.4512639045715332,2.066093921661377,2.173243522644043,1.866747260093689,2.004699468612671,2.065211772918701,2.1340296268463135,1.807253360748291,1.710832118988037,1.8051530122756958,1.8200827836990356,1.6385194063186646,1.8510820865631104,1.6936107873916626,1.863342046737671,1.9547667503356934,3.7510859966278076,3.694624900817871,3.5399765968322754,3.832247734069824,3.6932332515716553,3.966132879257202,3.7229042053222656,3.437865734100342,3.5322790145874023,3.3577401638031006,3.253100633621216,3.318000316619873,3.1415021419525146,3.3151979446411133,3.132448196411133,4.902639389038086,4.997779846191406,4.890193462371826,5.21028995513916,5.086254596710205,5.386450290679932,5.183711051940918,4.888369560241699,5.014667510986328,4.681504726409912,4.667452812194824,4.495376110076904,4.272668838500977,4.246842861175537,3.9448206424713135,5.406974792480469,5.261308193206787,5.532357692718506,5.699452877044678,5.688246250152588,5.968006134033203,6.215889930725098,6.110105514526367,6.390360355377197,6.3635573387146,6.752456188201904,6.747828483581543,7.111918926239014,7.315892696380615,7.467217445373535
A11,2.302762031555176,2.086834669113159,1.705302357673645,1.6193293333053589,1.343057632446289,1.3579280376434326,1.037428855895996,0.780482828617096,0.5790013670921326,0.3799930512905121,0.0,0.3807354271411896,0.5939849019050598,0.8850353956222534,1.1603602170944214,2.2728099822998047,2.379157304763794,2.092217445373535,2.272724151611328,2.3063418865203857,2.4120357036590576,2.0871026515960693,1.9379162788391113,2.0180065631866455,1.9698630571365356,1.7531028985977173,1.897385597229004,1.673213005065918,1.7880781888961792,1.8797473907470703,3.793116569519043,3.718873977661133,3.5957887172698975,3.8983142375946045,3.7502357959747314,4.044340133666992,3.828867197036743,3.5285582542419434,3.633270740509033,3.425107002258301,3.327498197555542,3.349457263946533,3.151228666305542,3.2923784255981445,3.0750248432159424,4.978479385375977,5.0518317222595215,4.95677375793457,5.27533483505249,5.135526180267334,5.442086696624756,5.257044315338135,4.949596405029297,5.075545310974121,4.733700275421143,4.736608982086182,4.543337821960449,4.341158390045166,4.294475078582764,3.9939095973968506,5.5907673835754395,5.449769973754883,5.711307525634766,5.894221782684326,5.8744120597839355,6.166505813598633,6.39874792098999,6.27788782119751,6.561068534851074,6.515163421630859,6.9010491371154785,6.88375997543335,7.241690635681152,7.431856632232666,7.571231365203857
A12,2.60998272895813,2.3708629608154297,2.003135919570923,1.9317594766616821,1.6208988428115845,1.6527992486953735,1.3672775030136108,1.0778440237045288,0.8595139980316162,0.553415834903717,0.3807354271411896,0.0,0.3684103488922119,0.7224321961402893,1.0580910444259644,2.208517551422119,2.2573654651641846,1.9545698165893555,2.136059522628784,2.1111912727355957,2.2332348823547363,1.9037772417068481,1.7048782110214233,1.7548097372055054,1.6629680395126343,1.4241451025009155,1.535850167274475,1.297524333000183,1.4191110134124756,1.539306879043579,3.503762722015381,3.405667781829834,3.2778828144073486,3.5708024501800537,3.4065048694610596,3.702371597290039,3.4947316646575928,3.1855757236480713,3.2863988876342773,3.0653574466705322,2.9674830436706543,2.9773337841033936,2.775479555130005,2.9124577045440674,2.695420742034912,4.652730941772461,4.71229887008667,4.611254692077637,4.9239606857299805,4.774837970733643,5.079683780670166,4.897095203399658,4.585163116455078,4.708594799041748,4.364479064941406,4.372693061828613,4.175410747528076,3.9816300868988037,3.934973955154419,3.6412246227264404,5.283505439758301,5.1429853439331055,5.396696090698242,5.589825630187988,5.565282344818115,5.866138458251953,6.087192058563232,5.958698749542236,6.245933532714844,6.190986633300781,6.575291633605957,6.5557708740234375,6.909158229827881,7.094829559326172,7.232931613922119
A13,2.7748801708221436,2.569411277770996,2.2008824348449707,2.169654369354248,1.8922674655914307,1.9430323839187622,1.6292413473129272,1.3487272262573242,1.1592031717300415,0.8782308101654053,0.5939849019050598,0.3684103488922119,0.0,0.3733770251274109,0.7330154180526733,2.3435723781585693,2.389875888824463,2.1199662685394287,2.344066858291626,2.300600051879883,2.4643867015838623,2.1549534797668457,1.9131418466567993,1.9681479930877686,1.8121305704116821,1.571441411972046,1.596130609512329,1.2942161560058594,1.3221925497055054,1.4156907796859741,3.4475972652435303,3.3377230167388916,3.2486541271209717,3.5536699295043945,3.3905417919158936,3.707822322845459,3.5342836380004883,3.217625856399536,3.3388442993164062,3.08927583694458,3.0136590003967285,2.9770660400390625,2.7677385807037354,2.858196496963501,2.603079319000244,4.6350531578063965,4.67626428604126,4.595123767852783,4.908532619476318,4.750438213348389,5.063986301422119,4.905157566070557,4.586334228515625,4.717679977416992,4.371208190917969,4.405270576477051,4.195643424987793,4.030728340148926,3.974961042404175,3.694629669189453,5.433467864990234,5.289854526519775,5.52699089050293,5.729814529418945,5.689209938049316,5.998652935028076,6.20294189453125,6.055827617645264,6.339903831481934,6.263211250305176,6.6421895027160645,6.605219841003418,6.952399730682373,7.121734619140625,7.244070529937744
A14,2.865651845932007,2.6904728412628174,2.334345817565918,2.356633186340332,2.111345052719116,2.2016749382019043,1.8807777166366577,1.5941963195800781,1.4614343643188477,1.1816697120666504,0.8850353956222534,0.7224321961402893,0.3733770251274109,0.0,0.3703191876411438,2.379032850265503,2.4326183795928955,2.20851731300354,2.4771721363067627,2.433318853378296,2.640686273574829,2.3628268241882324,2.0936343669891357,2.178802967071533,1.9756109714508057,1.766344428062439,1.7260698080062866,1.392690658569336,1.3164385557174683,1.3359094858169556,3.3418526649475098,3.237571954727173,3.1919591426849365,3.5149319171905518,3.3705978393554688,3.707401752471924,3.5670251846313477,3.2542459964752197,3.4071359634399414,3.1431705951690674,3.103865385055542,3.0310134887695312,2.83506178855896,2.8749425411224365,2.5870678424835205,4.587214946746826,4.621601581573486,4.5688676834106445,4.88878870010376,4.734430313110352,5.059917449951172,4.9277663230896,4.610157489776611,4.7600250244140625,4.4192023277282715,4.484262466430664,4.276292324066162,4.141660213470459,4.093213081359863,3.8347034454345703,5.603325366973877,5.447126388549805,5.6644744873046875,5.866501331329346,5.803936958312988,6.115159034729004,6.306858539581299,6.140636444091797,6.414143085479736,6.31724739074707,6.690037250518799,6.632167339324951,6.975863933563232,7.129180431365967,7.233290672302246
A15,2.8784306049346924,2.7374074459075928,2.400665044784546,2.4761803150177,2.2692437171936035,2.3981759548187256,2.078333616256714,1.7926056385040283,1.7201403379440308,1.4512639045715332,1.1603602170944214,1.0580910444259644,0.7330154180526733,0.3703191876411438,0.0,2.402663230895996,2.4784634113311768,2.305935859680176,2.6121559143066406,2.5863237380981445,2.827281951904297,2.581740379333496,2.3055310249328613,2.428563117980957,2.2037229537963867,2.0337045192718506,1.9626328945159912,1.6265027523040771,1.4786787033081055,1.4139221906661987,3.303945302963257,3.219904661178589,3.2164344787597656,3.5583643913269043,3.443143844604492,3.793823480606079,3.6801695823669434,3.37904691696167,3.563631057739258,3.2978546619415283,3.29437255859375,3.199777841567993,3.025378704071045,3.024200201034546,2.7150869369506836,4.613983154296875,4.650877952575684,4.628684997558594,4.957460880279541,4.8148064613342285,5.15172004699707,5.043748378753662,4.732607841491699,4.903313159942627,4.572129726409912,4.664258003234863,4.465075492858887,4.354498863220215,4.319169044494629,4.080694675445557,5.835962772369385,5.66495418548584,5.865451812744141,6.060039043426514,5.976921081542969,6.284645080566406,6.469367980957031,6.28798770904541,6.5478081703186035,6.435862064361572,6.8027472496032715,6.725374698638916,7.067831039428711,7.207883834838867,7.294798374176025
B1,2.4779412746429443,2.1825454235076904,2.123886823654175,2.304879903793335,2.0831992626190186,2.410141944885254,2.437191963195801,2.115363121032715,2.3178391456604004,2.066093921661377,2.2728099822998047,2.208517551422119,2.3435723781585693,2.379032850265503,2.402663230895996,0.0,0.3794138729572296,0.5837750434875488,0.8397288918495178,1.1170153617858887,1.3536124229431152,1.4465428590774536,1.4426329135894775,1.8224012851715088,1.8306893110275269,2.056291103363037,2.2095038890838623,2.251382827758789,2.2947745323181152,2.1056413650512695,2.533132314682007,2.683626651763916,2.543433666229248,2.85715913772583,2.928854465484619,3.1486294269561768,2.9205069541931152,2.7971889972686768,3.026872396469116,3.013495922088623,3.097466230392456,3.229827404022217,3.283306121826172,3.3858561515808105,3.277705192565918,3.75783634185791,3.986163854598999,3.9681544303894043,4.33806848526001,4.364287376403809,4.687105655670166,4.529561519622803,4.339344501495361,4.586232662200928,4.360209941864014,4.426472187042236,4.416236400604248,4.253413200378418,4.412595748901367,4.2442450523376465,4.993529796600342,4.724045276641846,4.909012794494629,4.9563775062561035,4.842103958129883,5.044187068939209,5.309732437133789,5.174543380737305,5.35557222366333,5.325401306152344,5.69209098815918,5.63571310043335,6.021341800689697,6.2187323570251465,6.336693286895752
B2,2.824307441711426,2.513951301574707,2.4319965839385986,2.578585624694824,2.319767713546753,2.61842942237854,2.6360068321228027,2.3001935482025146,2.4532182216644287,2.173243522644043,2.379157304763794,2.2573654651641846,2.389875888824463,2.4326183795928955,2.4784634113311768,0.3794138729572296,0.0,0.3889301121234894,0.627303957939148,0.8248518705368042,1.1025677919387817,1.250004529953003,1.2238702774047852,1.5964604616165161,1.5913976430892944,1.862575650215149,1.9979209899902344,2.0863640308380127,2.1368460655212402,1.9530467987060547,2.2364518642425537,2.3766674995422363,2.2078919410705566,2.506222724914551,2.576878309249878,2.7835404872894287,2.548628330230713,2.435715913772583,2.665764331817627,2.669703483581543,2.764864206314087,2.9088294506073,2.9867310523986816,3.0915591716766357,3.009463310241699,3.4057607650756836,3.6344189643859863,3.6048874855041504,3.971906900405884,4.000048637390137,4.318685531616211,4.156759738922119,3.971421480178833,4.21968936920166,4.001010894775391,4.068294048309326,4.070946216583252,3.912806510925293,4.087601661682129,3.9352877140045166,4.638913154602051,4.364406585693359,4.54201078414917,4.591623306274414,4.472379684448242,4.679232597351074,4.939833641052246,4.800808429718018,4.985033988952637,4.952217102050781,5.320372581481934,5.266256332397461,5.651572227478027,5.850794315338135,5.973159313201904
B3,2.7607173919677734,2.427377700805664,2.300657272338867,2.3967905044555664,2.098912477493286,2.364391803741455,2.3736565113067627,2.034745216369629,2.1506235599517822,1.866747260093689,2.092217445373535,1.9545698165893555,2.1199662685394287,2.20851731300354,2.305935859680176,0.5837750434875488,0.3889301121234894,0.0,0.3856523334980011,0.564852237701416,0.8381635546684265,0.9013421535491943,0.8668314814567566,1.2458134889602661,1.2691830396652222,1.5206340551376343,1.698238730430603,1.7974936962127686,1.899189829826355,1.770876169204712,2.364128351211548,2.445971727371216,2.2445194721221924,2.530869722366333,2.5431325435638428,2.754542350769043,2.493293285369873,2.340580463409424,2.5340380668640137,2.5164825916290283,2.566256046295166,2.7214057445526123,2.764111042022705,2.9030518531799316,2.824144124984741,3.484313488006592,3.6870365142822266,3.6226279735565186,3.9787800312042236,3.9746925830841064,4.28601598739624,4.1014509201049805,3.893756628036499,4.1149115562438965,3.8727469444274902,3.914346218109131,3.891434669494629,3.709773063659668,3.8592007160186768,3.6799707412719727,4.48702335357666,4.235215187072754,4.437916278839111,4.51168966293335,4.419679641723633,4.644219875335693,4.907783508300781,4.780862331390381,4.991543292999268,4.967268466949463,5.3447184562683105,5.310168266296387,5.693889617919922,5.902041435241699,6.039835453033447
B4,2.8960726261138916,2.539928913116455,2.4322915077209473,2.487170934677124,2.177590847015381,2.4135384559631348,2.468104124069214,2.156137704849243,2.2575557231903076,2.004699468612671,2.272724151611328,2.136059522628784,2.344066858291626,2.4771721363067627,2.6121559143066406,0.8397288918495178,0.627303957939148,0.3856523334980011,0.0,0.3840712904930115,0.5163983702659607,0.6767927408218384,0.7898602485656738,1.1366298198699951,1.2627451419830322,1.5416243076324463,1.7702383995056152,1.9327868223190308,2.0903117656707764,2.010878562927246,2.505970001220703,2.581275224685669,2.332338809967041,2.5733907222747803,2.5746657848358154,2.741743803024292,2.443401336669922,2.312241554260254,2.4644784927368164,2.4912631511688232,2.5144753456115723,2.7192389965057373,2.774409055709839,2.954359292984009,2.921360492706299,3.4875147342681885,3.701852798461914,3.6068274974823,3.949026346206665,3.9520514011383057,4.243286609649658,4.031820774078369,3.8369762897491455,4.04178524017334,3.809138774871826,3.8197169303894043,3.8147976398468018,3.607717275619507,3.7693886756896973,3.5880730152130127,4.243044853210449,3.994511842727661,4.2125935554504395,4.273608207702637,4.201533794403076,4.414626121520996,4.695481300354004,4.592496395111084,4.807302474975586,4.810107707977295,5.19088888168335,5.180362701416016,5.566816329956055,5.793361663818359,5.9510273933410645
B5,3.2051360607147217,2.849226713180542,2.7063841819763184,2.7393205165863037,2.4039957523345947,2.6090238094329834,2.6292433738708496,2.304433822631836,2.347407817840576,2.065211772918701,2.3063418865203857,2.1111912727355957,2.300600051879883,2.433318853378296,2.5863237380981445,1.1170153617858887,0.8248518705368042,0.564852237701416,0.3840712904930115,0.0,0.36593544483184814,0.5366377830505371,0.5439079999923706,0.8589699268341064,0.953076183795929,1.2754024267196655,1.4772579669952393,1.6852248907089233,1.8525360822677612,1.796262502670288,2.2847776412963867,2.3177497386932373,2.0423686504364014,2.264843463897705,2.234683036804199,2.4000015258789062,2.0940849781036377,1.9465234279632568,2.0884110927581787,2.1107876300811768,2.1307711601257324,2.3401010036468506,2.4035544395446777,2.5891759395599365,2.575735569000244,3.2030930519104004,3.3970584869384766,3.2833573818206787,3.6188008785247803,3.6046855449676514,3.893378257751465,3.6766340732574463,3.47176456451416,3.6697709560394287,3.4307289123535156,3.4410414695739746,3.431914806365967,3.228254556655884,3.3919613361358643,3.218130588531494,3.9316446781158447,3.6871981620788574,3.9027538299560547,3.98470401763916,3.9123260974884033,4.144865989685059,4.413042068481445,4.301582336425781,4.531081676483154,4.523411273956299,4.907644271850586,4.898996353149414,5.2816314697265625,5.505767345428467,5.666497230529785
B6,3.2628722190856934,2.890697479248047,2.758638858795166,2.7509677410125732,2.4092938899993896,2.5813426971435547,2.640028953552246,2.346470594406128,2.377568483352661,2.1340296268463135,2.4120357036590576,2.2332348823547363,2.4643867015838623,2.640686273574829,2.827281951904297,1.3536124229431152,1.1025677919387817,0.8381635546684265,0.5163983702659607,0.36593544483184814,0.0,0.3807486295700073,0.6119940876960754,0.8242822289466858,1.050620436668396,1.3489086627960205,1.609612226486206,1.8527735471725464,2.073148488998413,2.0680816173553467,2.56984806060791,2.5915884971618652,2.2864699363708496,2.4660356044769287,2.415038585662842,2.539445638656616,2.202016830444336,2.0676634311676025,2.1525142192840576,2.2079129219055176,2.183001756668091,2.4365947246551514,2.4928245544433594,2.7228682041168213,2.7452313899993896,3.3624448776245117,3.5589566230773926,3.413814067840576,3.730189561843872,3.714627981185913,3.9803977012634277,3.7353315353393555,3.538118362426758,3.710047483444214,3.4745662212371826,3.4460079669952393,3.4439265727996826,3.2082347869873047,3.370290517807007,3.183030128479004,3.777716875076294,3.546550989151001,3.7868173122406006,3.861795663833618,3.8198652267456055,4.043123245239258,4.32949161529541,4.2471699714660645,4.485756874084473,4.507842540740967,4.895144939422607,4.914267063140869,5.297214508056641,5.539659023284912,5.721175670623779
B7,3.1231000423431396,2.7499260902404785,2.5761892795562744,2.5345120429992676,2.171619176864624,2.3109889030456543,2.346153736114502,2.0550506114959717,2.0484838485717773,1.807253360748291,2.0871026515960693,1.9037772417068481,2.1549534797668457,2.3628268241882324,2.581740379333496,1.4465428590774536,1.250004529953003,0.9013421535491943,0.6767927408218384,0.5366377830505371,0.3807486295700073,0.0,0.3727642893791199,0.5589631199836731,0.8398698568344116,1.0677947998046875,1.3799498081207275,1.6022838354110718,1.8610972166061401,1.9040160179138184,2.735291004180908,2.718264579772949,2.4243109226226807,2.617924928665161,2.5214436054229736,2.6745870113372803,2.342865228652954,2.15761399269104,2.2212862968444824,2.2223215103149414,2.15348482131958,2.3871428966522217,2.3868613243103027,2.6341347694396973,2.6325509548187256,3.5687808990478516,3.7341713905334473,3.5787110328674316,3.889427661895752,3.838927745819092,4.106394290924072,3.857100486755371,3.631465435028076,3.7811930179595947,3.516446352005005,3.4757890701293945,3.4318175315856934,3.1829874515533447,3.302210569381714,3.0797078609466553,3.883653163909912,3.6807644367218018,3.939046859741211,4.04489803314209,4.022430896759033,4.265448093414307,4.543574810028076,4.462395668029785,4.721166133880615,4.737423896789551,5.128055572509766,5.152017593383789,5.529440879821777,5.768533229827881,5.951737403869629
B8,3.1952569484710693,2.8381097316741943,2.631002426147461,2.607656955718994,2.2382466793060303,2.3835155963897705,2.3597822189331055,2.0376954078674316,2.00148868560791,1.710832118988037,1.9379162788391113,1.7048782110214233,1.9131418466567993,2.0936343669891357,2.3055310249328613,1.4426329135894775,1.2238702774047852,0.8668314814567566,0.7898602485656738,0.5439079999923706,0.6119940876960754,0.3727642893791199,0.0,0.3798156976699829,0.5114889740943909,0.7686536312103271,1.0417134761810303,1.2547413110733032,1.4961026906967163,1.5350887775421143,2.5014472007751465,2.456212043762207,2.181455135345459,2.398190975189209,2.283231496810913,2.4747660160064697,2.16886305809021,1.9473109245300293,2.037583589553833,1.9881128072738647,1.9341868162155151,2.125436305999756,2.1111245155334473,2.332474946975708,2.301567554473877,3.398869514465332,3.5401875972747803,3.3965227603912354,3.714048385620117,3.644279956817627,3.927233934402466,3.696598529815674,3.45125150680542,3.6093790531158447,3.329192876815796,3.314903974533081,3.248582601547241,3.023287296295166,3.129868984222412,2.91046142578125,3.9043781757354736,3.701503276824951,3.94382643699646,4.0734405517578125,4.033165454864502,4.297190189361572,4.552581787109375,4.445862770080566,4.709735870361328,4.696900367736816,5.0866780281066895,5.091858386993408,5.464570045471191,5.686977386474609,5.8557939529418945
B9,3.457087993621826,3.097194194793701,2.8689510822296143,2.8040225505828857,2.4207141399383545,2.5136728286743164,2.479057550430298,2.1786532402038574,2.080057382583618,1.8051530122756958,2.0180065631866455,1.7548097372055054,1.9681479930877686,2.178802967071533,2.428563117980957,1.8224012851715088,1.5964604616165161,1.2458134889602661,1.1366298198699951,0.8589699268341064,0.8242822289466858,0.5589631199836731,0.3798156976699829,0.0,0.38089287281036377,0.5741169452667236,0.8871939182281494,1.1649882793426514,1.4657325744628906,1.5870707035064697,2.633946657180786,2.539438009262085,2.2422401905059814,2.4159586429595947,2.246490716934204,2.417898178100586,2.100253105163574,1.8557069301605225,1.8826135396957397,1.8208342790603638,1.7058753967285156,1.916922688484192,1.8721320629119873,2.138322353363037,2.1405749320983887,3.4065752029418945,3.5187034606933594,3.340170383453369,3.633500576019287,3.534651041030884,3.798933506011963,3.547947883605957,3.288670778274536,3.4124538898468018,3.117539644241333,3.0727620124816895,2.9858970642089844,2.738072395324707,2.82171368598938,2.5821990966796875,3.6598896980285645,3.483675241470337,3.7431893348693848,3.8987038135528564,3.884049892425537,4.163811206817627,4.412830352783203,4.31704044342041,4.603129863739014,4.5962677001953125,4.988234043121338,5.012084007263184,5.376917839050293,5.604743480682373,5.7869954109191895
B10,3.5498239994049072,3.208030939102173,2.9612646102905273,2.9251389503479004,2.5465357303619385,2.6568188667297363,2.573805093765259,2.2472140789031982,2.1371703147888184,1.8200827836990356,1.9698630571365356,1.6629680395126343,1.8121305704116821,1.9756109714508057,2.2037229537963867,1.8306893110275269,1.5913976430892944,1.2691830396652222,1.2627451419830322,0.953076183795929,1.050620436668396,0.8398698568344116,0.5114889740943909,0.38089287281036377,0.0,0.37077558040618896,0.5615379810333252,0.8487344980239868,1.115341305732727,1.2272064685821533,2.3777952194213867,2.2568912506103516,1.9865890741348267,2.1855015754699707,2.0035998821258545,2.218376636505127,1.9382269382476807,1.6602214574813843,1.728844404220581,1.6084538698196411,1.5274471044540405,1.6781225204467773,1.6258469820022583,1.8493709564208984,1.8135110139846802,3.2177670001983643,3.3077516555786133,3.148812770843506,3.451319456100464,3.3380939960479736,3.621105670928955,3.3963515758514404,3.1207690238952637,3.261125326156616,2.9552462100982666,2.9486284255981445,2.843952178955078,2.63242769241333,2.709810495376587,2.485297918319702,3.7301878929138184,3.547417163848877,3.781620502471924,3.9535694122314453,3.9131131172180176,4.208440780639648,4.43317985534668,4.30840539932251,4.592443466186523,4.553761005401611,4.94199275970459,4.9419941902160645,5.301849365234375,5.510219573974609,5.674073219299316
B11,3.536207675933838,3.2048587799072266,2.92436146736145,2.8585290908813477,2.475236415863037,2.5445032119750977,2.425902843475342,2.1137194633483887,1.948458194732666,1.6385194063186646,1.7531028985977173,1.4241451025009155,1.571441411972046,1.766344428062439,2.0337045192718506,2.056291103363037,1.862575650215149,1.5206340551376343,1.5416243076324463,1.2754024267196655,1.3489086627960205,1.0677947998046875,0.7686536312103271,0.5741169452667236,0.37077558040618896,0.0,0.38484081625938416,0.6195523142814636,0.9636024236679077,1.1719398498535156,2.6375694274902344,2.48575758934021,2.2398478984832764,2.4382715225219727,2.221566677093506,2.4505183696746826,2.1906750202178955,1.8846375942230225,1.922961711883545,1.7500982284545898,1.620386004447937,1.7279516458511353,1.5958271026611328,1.8299505710601807,1.7608555555343628,3.480285882949829,3.5394599437713623,3.3734922409057617,3.6620030403137207,3.51669979095459,3.7940099239349365,3.569549560546875,3.2721900939941406,3.384770154953003,3.055703639984131,3.0363073348999023,2.886608839035034,2.668358325958252,2.6913115978240967,2.4312565326690674,3.8806891441345215,3.7276878356933594,3.9740073680877686,4.170884132385254,4.148748397827148,4.456892490386963,4.6722025871276855,4.550673961639404,4.849429607391357,4.806906700134277,5.194047927856445,5.199214935302734,5.55062198638916,5.75453519821167,5.919150352478027
B12,3.7725141048431396,3.4578685760498047,3.168534755706787,3.1267037391662598,2.752715826034546,2.8332324028015137,2.6803832054138184,2.3559818267822266,2.1829545497894287,1.8510820865631104,1.897385597229004,1.535850167274475,1.596130609512329,1.7260698080062866,1.9626328945159912,2.2095038890838623,1.9979209899902344,1.698238730430603,1.7702383995056152,1.4772579669952393,1.609612226486206,1.3799498081207275,1.0417134761810303,0.8871939182281494,0.5615379810333252,0.38484081625938416,0.0,0.36953553557395935,0.6656288504600525,0.9045444130897522,2.4362103939056396,2.24603271484375,2.02953839302063,2.2311553955078125,1.9928418397903442,2.2518484592437744,2.037574052810669,1.707036018371582,1.7683303356170654,1.5367693901062012,1.4352174997329712,1.4678841829299927,1.3198803663253784,1.5050957202911377,1.3982832431793213,3.2838847637176514,3.3126888275146484,3.159532308578491,3.446345090866089,3.2821738719940186,3.5700037479400635,3.3702147006988525,3.0584592819213867,3.179276943206787,2.841892957687378,2.856764078140259,2.6890363693237305,2.510164260864258,2.525266170501709,2.2872579097747803,3.879580497741699,3.724449396133423,3.9452478885650635,4.159159183502197,4.116236209869385,4.438628196716309,4.627666473388672,4.48128080368042,4.779319763183594,4.707894325256348,5.088727951049805,5.074776649475098,5.417372226715088,5.6025543212890625,5.751488208770752
B13,3.6565561294555664,3.365875720977783,3.0554604530334473,3.0242393016815186,2.664612293243408,2.744333267211914,2.548646926879883,2.2214348316192627,2.036407947540283,1.6936107873916626,1.673213005065918,1.297524333000183,1.2942161560058594,1.392690658569336,1.6265027523040771,2.251382827758789,2.0863640308380127,1.7974936962127686,1.9327868223190308,1.6852248907089233,1.8527735471725464,1.6022838354110718,1.2547413110733032,1.1649882793426514,0.8487344980239868,0.6195523142814636,0.36953553557395935,0.0,0.37651270627975464,0.6850457191467285,2.5413897037506104,2.3515162467956543,2.1887519359588623,2.424745798110962,2.1980950832366943,2.4899940490722656,2.3124446868896484,1.976825475692749,2.0667052268981934,1.802621603012085,1.722895860671997,1.690793752670288,1.5082521438598633,1.630953073501587,1.4431679248809814,3.491636276245117,3.507276773452759,3.380676507949829,3.6727256774902344,3.499575614929199,3.7986702919006348,3.6231565475463867,3.302464008331299,3.428067207336426,3.0842652320861816,3.1204335689544678,2.9296395778656006,2.774419069290161,2.7606356143951416,2.5187079906463623,4.226614952087402,4.075718879699707,4.289669990539551,4.509167194366455,4.458616256713867,4.784079551696777,4.964298725128174,4.806793212890625,5.101058006286621,5.014728546142578,5.391361236572266,5.362741470336914,5.701330661773682,5.872995853424072,6.00748348236084
B14,3.744525194168091,3.4764885902404785,3.167663097381592,3.1740200519561768,2.8343896865844727,2.94130277633667,2.721930980682373,2.3822555541992188,2.220594644546509,1.863342046737671,1.7880781888961792,1.4191110134124756,1.3221925497055054,1.3164385557174683,1.4786787033081055,2.2947745323181152,2.1368460655212402,1.899189829826355,2.0903117656707764,1.8525360822677612,2.073148488998413,1.8610972166061401,1.4961026906967163,1.4657325744628906,1.115341305732727,0.9636024236679077,0.6656288504600525,0.37651270627975464,0.0,0.370289146900177,2.3723597526550293,2.1756865978240967,2.0712432861328125,2.3347320556640625,2.1272382736206055,2.452895164489746,2.3270416259765625,1.9946612119674683,2.1331288814544678,1.8428810834884644,1.8235692977905273,1.7243497371673584,1.5614416599273682,1.591424822807312,1.3363367319107056,3.401028871536255,3.4032974243164062,3.3121423721313477,3.612880229949951,3.440436601638794,3.756396770477295,3.616697072982788,3.295276641845703,3.444672107696533,3.1073923110961914,3.1872637271881104,2.996424674987793,2.8866167068481445,2.8790745735168457,2.6696481704711914,4.414517402648926,4.250737190246582,4.438138961791992,4.657374858856201,4.580054759979248,4.907690048217773,5.070184230804443,4.8887715339660645,5.170420169830322,5.057950019836426,5.426423072814941,5.3721489906311035,5.705594539642334,5.857152462005615,5.969747066497803
