0.000000000000000000e+00,3.938162624835968018e-01,6.524567604064941406e-01,9.293116331100463867e-01,1.260892748832702637e+00,1.470324397087097168e+00,1.749105691909790039e+00,1.895288467407226562e+00,2.229262828826904297e+00,2.363807678222656250e+00,2.725163936614990234e+00,2.918607234954833984e+00,3.181855440139770508e+00,3.301112890243530273e+00,3.443394660949707031e+00,3.391944885253906250e+00,3.143654823303222656e+00,3.004941463470458984e+00,3.245712280273437500e+00,3.032765865325927734e+00,3.248189687728881836e+00,3.440984010696411133e+00,3.519115447998046875e+00,3.835390329360961914e+00,3.996477365493774414e+00,4.323729515075683594e+00,4.487130641937255859e+00,4.844919204711914062e+00,4.902945995330810547e+00,5.172905445098876953e+00,5.020126819610595703e+00,4.886308193206787109e+00,4.690735340118408203e+00,4.960290908813476562e+00,4.801586151123046875e+00,5.099928855895996094e+00,4.989722728729248047e+00,5.073056221008300781e+00,5.342326164245605469e+00,5.539489269256591797e+00,5.809039115905761719e+00,6.040549755096435547e+00,6.320780277252197266e+00,6.504957199096679688e+00,6.650392532348632812e+00,6.078004837036132812e+00,6.116815090179443359e+00,6.109439849853515625e+00,5.813615798950195312e+00,6.014770507812500000e+00,5.760446548461914062e+00,5.939390659332275391e+00,6.300832271575927734e+00,6.439629554748535156e+00,6.760634422302246094e+00,7.041352272033691406e+00,7.354348182678222656e+00,7.671047687530517578e+00,7.878848075866699219e+00,8.090147018432617188e+00,7.630967140197753906e+00,7.816197395324707031e+00,7.701776981353759766e+00,8.045907974243164062e+00,8.027624130249023438e+00,8.186652183532714844e+00,7.973551750183105469e+00,8.183286666870117188e+00,8.150904655456542969e+00,8.523149490356445312e+00,8.542594909667968750e+00,8.899342536926269531e+00,9.060007095336914062e+00,9.326530456542968750e+00,9.430781364440917969e+00
3.938162624835968018e-01,0.000000000000000000e+00,3.955311477184295654e-01,6.610974073410034180e-01,9.274705648422241211e-01,1.195498228073120117e+00,1.464176654815673828e+00,1.590671420097351074e+00,1.906988024711608887e+00,2.044880628585815430e+00,2.408961534500122070e+00,2.598338365554809570e+00,2.882369279861450195e+00,3.028572082519531250e+00,3.176478862762451172e+00,3.167156696319580078e+00,2.894650697708129883e+00,2.737779378890991211e+00,2.949226856231689453e+00,2.710184812545776367e+00,2.909443616867065430e+00,3.097018241882324219e+00,3.162979125976562500e+00,3.472256422042846680e+00,3.635938882827758789e+00,3.955770015716552734e+00,4.126395702362060547e+00,4.489035129547119141e+00,4.558610916137695312e+00,4.838110446929931641e+00,4.788372993469238281e+00,4.631861686706542969e+00,4.437148571014404297e+00,4.696293354034423828e+00,4.519477844238281250e+00,4.819256305694580078e+00,4.704725265502929688e+00,4.768595218658447266e+00,5.036342144012451172e+00,5.221915721893310547e+00,5.484824180603027344e+00,5.708777427673339844e+00,5.988802433013916016e+00,6.172812938690185547e+00,6.320644378662109375e+00,5.857656478881835938e+00,5.916648387908935547e+00,5.902961730957031250e+00,5.618175029754638672e+00,5.834840774536132812e+00,5.582799434661865234e+00,5.751012325286865234e+00,6.107337951660156250e+00,6.256181240081787109e+00,6.565645217895507812e+00,6.855137825012207031e+00,7.159087657928466797e+00,7.477725505828857422e+00,7.673576354980468750e+00,7.888652801513671875e+00,7.489548683166503906e+00,7.669104099273681641e+00,7.567336559295654297e+00,7.917394161224365234e+00,7.900101661682128906e+00,8.074670791625976562e+00,7.871040344238281250e+00,8.077031135559082031e+00,8.060729026794433594e+00,8.437540054321289062e+00,8.470499038696289062e+00,8.829271316528320312e+00,9.004566192626953125e+00,9.271672248840332031e+00,9.388673782348632812e+00
6.524567604064941406e-01,3.955311477184295654e-01,0.000000000000000000e+00,4.024040400981903076e-01,6.672747135162353516e-01,9.019750952720642090e-01,1.125009536743164062e+00,1.244295358657836914e+00,1.582332611083984375e+00,1.713359713554382324e+00,2.072823286056518555e+00,2.273850440979003906e+00,2.541707992553710938e+00,2.677448749542236328e+00,2.840722799301147461e+00,3.023386955261230469e+00,2.729457616806030273e+00,2.612069845199584961e+00,2.820470571517944336e+00,2.574672937393188477e+00,2.793607950210571289e+00,3.010373115539550781e+00,3.034474134445190430e+00,3.352772235870361328e+00,3.477144479751586914e+00,3.795621871948242188e+00,3.937341690063476562e+00,4.295037746429443359e+00,4.340899467468261719e+00,4.621429920196533203e+00,4.693941116333007812e+00,4.535588264465332031e+00,4.370015621185302734e+00,4.642884731292724609e+00,4.472207546234130859e+00,4.789452075958251953e+00,4.698216915130615234e+00,4.743339061737060547e+00,5.027178287506103516e+00,5.186618804931640625e+00,5.458258628845214844e+00,5.661452770233154297e+00,5.926155090332031250e+00,6.090290546417236328e+00,6.220915794372558594e+00,5.798538208007812500e+00,5.873414993286132812e+00,5.880486488342285156e+00,5.612915992736816406e+00,5.848128795623779297e+00,5.614799976348876953e+00,5.794284820556640625e+00,6.146599292755126953e+00,6.316329956054687500e+00,6.617421627044677734e+00,6.920170307159423828e+00,7.213906288146972656e+00,7.523609161376953125e+00,7.705203056335449219e+00,7.908778667449951172e+00,7.469406127929687500e+00,7.661302566528320312e+00,7.576990127563476562e+00,7.933327674865722656e+00,7.933419227600097656e+00,8.111824989318847656e+00,7.922844409942626953e+00,8.140453338623046875e+00,8.136805534362792969e+00,8.513637542724609375e+00,8.561244010925292969e+00,8.916769027709960938e+00,9.093830108642578125e+00,9.350607872009277344e+00,9.465758323669433594e+00
9.293116331100463867e-01,6.610974073410034180e-01,4.024040400981903076e-01,0.000000000000000000e+00,3.888988792896270752e-01,5.436195731163024902e-01,8.482478857040405273e-01,1.059219598770141602e+00,1.358585000038146973e+00,1.571350097656250000e+00,1.899872303009033203e+00,2.153403997421264648e+00,2.438181877136230469e+00,2.610446929931640625e+00,2.818443536758422852e+00,3.221247434616088867e+00,2.898771047592163086e+00,2.780221939086914062e+00,2.945621728897094727e+00,2.661755323410034180e+00,2.853247880935668945e+00,3.062029838562011719e+00,3.047757387161254883e+00,3.346645116806030273e+00,3.460553407669067383e+00,3.754725456237792969e+00,3.897209644317626953e+00,4.261486530303955078e+00,4.315413475036621094e+00,4.615291118621826172e+00,4.884289264678955078e+00,4.702462196350097656e+00,4.545419692993164062e+00,4.805693626403808594e+00,4.613543987274169922e+00,4.930886745452880859e+00,4.833339214324951172e+00,4.849253177642822266e+00,5.126704692840576172e+00,5.267385005950927734e+00,5.524034023284912109e+00,5.713191986083984375e+00,5.976446151733398438e+00,6.138371944427490234e+00,6.270434379577636719e+00,6.001551151275634766e+00,6.097852706909179688e+00,6.101307868957519531e+00,5.846598148345947266e+00,6.095413684844970703e+00,5.864951610565185547e+00,6.032811164855957031e+00,6.378869533538818359e+00,6.555478572845458984e+00,6.844946384429931641e+00,7.153588294982910156e+00,7.438640117645263672e+00,7.750499248504638672e+00,7.920631408691406250e+00,8.128270149230957031e+00,7.740142345428466797e+00,7.928741455078125000e+00,7.855681419372558594e+00,8.215982437133789062e+00,8.217386245727539062e+00,8.406803131103515625e+00,8.224848747253417969e+00,8.439036369323730469e+00,8.445926666259765625e+00,8.825201988220214844e+00,8.880563735961914062e+00,9.237140655517578125e+00,9.422940254211425781e+00,9.680282592773437500e+00,9.802677154541015625e+00
1.260892748832702637e+00,9.274705648422241211e-01,6.672747135162353516e-01,3.888988792896270752e-01,0.000000000000000000e+00,3.769563734531402588e-01,5.948312878608703613e-01,7.636408209800720215e-01,1.023107171058654785e+00,1.248866796493530273e+00,1.573937773704528809e+00,1.826022267341613770e+00,2.134457826614379883e+00,2.340021610260009766e+00,2.556078195571899414e+00,3.039656400680541992e+00,2.695597887039184570e+00,2.569438219070434570e+00,2.694950580596923828e+00,2.385597467422485352e+00,2.556934833526611328e+00,2.762542724609375000e+00,2.721750974655151367e+00,3.010013341903686523e+00,3.115455627441406250e+00,3.397870779037475586e+00,3.541064977645874023e+00,3.907902479171752930e+00,3.969718456268310547e+00,4.278941631317138672e+00,4.675079822540283203e+00,4.472344875335693359e+00,4.323345661163330078e+00,4.572540283203125000e+00,4.365699291229248047e+00,4.684276580810546875e+00,4.588147163391113281e+00,4.580764770507812500e+00,4.857348918914794922e+00,4.980018138885498047e+00,5.230045318603515625e+00,5.406341075897216797e+00,5.664861679077148438e+00,5.821990489959716797e+00,5.952603340148925781e+00,5.798537254333496094e+00,5.915709018707275391e+00,5.916424751281738281e+00,5.676942825317382812e+00,5.940954208374023438e+00,5.717608451843261719e+00,5.876022338867187500e+00,6.213929653167724609e+00,6.401883602142333984e+00,6.677458763122558594e+00,6.994337558746337891e+00,7.267830848693847656e+00,7.578285217285156250e+00,7.734387874603271484e+00,7.942631244659423828e+00,7.605463504791259766e+00,7.789594173431396484e+00,7.730871200561523438e+00,8.095694541931152344e+00,8.100435256958007812e+00,8.303556442260742188e+00,8.132999420166015625e+00,8.344527244567871094e+00,8.367569923400878906e+00,8.749320030212402344e+00,8.818582534790039062e+00,9.175141334533691406e+00,9.373537063598632812e+00,9.629105567932128906e+00,9.762235641479492188e+00
1.470324397087097168e+00,1.195498228073120117e+00,9.019750952720642090e-01,5.436195731163024902e-01,3.769563734531402588e-01,0.000000000000000000e+00,3.870313465595245361e-01,7.065215110778808594e-01,9.266707897186279297e-01,1.224183201789855957e+00,1.492381334304809570e+00,1.801513671875000000e+00,2.087873220443725586e+00,2.293885707855224609e+00,2.551654577255249023e+00,3.275988101959228516e+00,2.921645879745483398e+00,2.828226566314697266e+00,2.941999435424804688e+00,2.627397775650024414e+00,2.797652482986450195e+00,3.012124776840209961e+00,2.931890487670898438e+00,3.210117578506469727e+00,3.282430410385131836e+00,3.546123027801513672e+00,3.666109561920166016e+00,4.027299404144287109e+00,4.072852134704589844e+00,4.388297080993652344e+00,4.926419734954833984e+00,4.721521854400634766e+00,4.593528747558593750e+00,4.846439361572265625e+00,4.640260219573974609e+00,4.965303897857666016e+00,4.879590988159179688e+00,4.854851245880126953e+00,5.134678363800048828e+00,5.237435817718505859e+00,5.484204292297363281e+00,5.643420696258544922e+00,5.891657352447509766e+00,6.035880088806152344e+00,6.156117439270019531e+00,6.066652297973632812e+00,6.194533348083496094e+00,6.207202911376953125e+00,5.979027748107910156e+00,6.252139091491699219e+00,6.038862705230712891e+00,6.201234817504882812e+00,6.535690784454345703e+00,6.732723712921142578e+00,7.002808570861816406e+00,7.325080394744873047e+00,7.592602729797363281e+00,7.898697376251220703e+00,8.046412467956542969e+00,8.249181747436523438e+00,7.891867160797119141e+00,8.083357810974121094e+00,8.034182548522949219e+00,8.401464462280273438e+00,8.415530204772949219e+00,8.619269371032714844e+00,8.455644607543945312e+00,8.672934532165527344e+00,8.700498580932617188e+00,9.081445693969726562e+00,9.155863761901855469e+00,9.510471343994140625e+00,9.707579612731933594e+00,9.957977294921875000e+00,1.008798313140869141e+01
1.749105691909790039e+00,1.464176654815673828e+00,1.125009536743164062e+00,8.482478857040405273e-01,5.948312878608703613e-01,3.870313465595245361e-01,0.000000000000000000e+00,3.612404465675354004e-01,5.764518976211547852e-01,8.661816120147705078e-01,1.119571685791015625e+00,1.436142683029174805e+00,1.709290862083435059e+00,1.915080428123474121e+00,2.184788465499877930e+00,3.072575330734252930e+00,2.707422018051147461e+00,2.647754669189453125e+00,2.745449542999267578e+00,2.433960914611816406e+00,2.612945079803466797e+00,2.847371339797973633e+00,2.729619979858398438e+00,3.009594202041625977e+00,3.041562080383300781e+00,3.300900220870971680e+00,3.390905380249023438e+00,3.742087841033935547e+00,3.765837192535400391e+00,4.078185081481933594e+00,4.719986438751220703e+00,4.512940406799316406e+00,4.411440372467041016e+00,4.670507907867431641e+00,4.471710205078125000e+00,4.807212352752685547e+00,4.743784427642822266e+00,4.703224182128906250e+00,4.994644165039062500e+00,5.073103904724121094e+00,5.326810836791992188e+00,5.466374397277832031e+00,5.698156356811523438e+00,5.823195934295654297e+00,5.926980495452880859e+00,5.875953674316406250e+00,6.018465995788574219e+00,6.046746730804443359e+00,5.836651802062988281e+00,6.124366760253906250e+00,5.929092407226562500e+00,6.097868919372558594e+00,6.425179958343505859e+00,6.639480590820312500e+00,6.899093627929687500e+00,7.231340408325195312e+00,7.487398147583007812e+00,7.783940792083740234e+00,7.917487621307373047e+00,8.109564781188964844e+00,7.731209278106689453e+00,7.929907321929931641e+00,7.897245883941650391e+00,8.268458366394042969e+00,8.296482086181640625e+00,8.505217552185058594e+00,8.356147766113281250e+00,8.580903053283691406e+00,8.621820449829101562e+00,9.001813888549804688e+00,9.090680122375488281e+00,9.441472053527832031e+00,9.642439842224121094e+00,9.883623123168945312e+00,1.001475429534912109e+01
1.895288467407226562e+00,1.590671420097351074e+00,1.244295358657836914e+00,1.059219598770141602e+00,7.636408209800720215e-01,7.065215110778808594e-01,3.612404465675354004e-01,0.000000000000000000e+00,3.716993629932403564e-01,5.338221788406372070e-01,8.452929258346557617e-01,1.116142630577087402e+00,1.395768404006958008e+00,1.600561022758483887e+00,1.850714445114135742e+00,2.746445417404174805e+00,2.376188278198242188e+00,2.332909107208251953e+00,2.422936916351318359e+00,2.119368553161621094e+00,2.310866594314575195e+00,2.561984777450561523e+00,2.430935382843017578e+00,2.720891952514648438e+00,2.732263565063476562e+00,3.001520395278930664e+00,3.075747013092041016e+00,3.421115875244140625e+00,3.432695865631103516e+00,3.737798690795898438e+00,4.385259151458740234e+00,4.178311347961425781e+00,4.090036869049072266e+00,4.353848934173583984e+00,4.162990093231201172e+00,4.505032539367675781e+00,4.457569599151611328e+00,4.413337230682373047e+00,4.714356899261474609e+00,4.782080650329589844e+00,5.045197963714599609e+00,5.176833152770996094e+00,5.399164199829101562e+00,5.513784408569335938e+00,5.608070850372314453e+00,5.547029972076416016e+00,5.696249485015869141e+00,5.732631206512451172e+00,5.532571315765380859e+00,5.828165054321289062e+00,5.644123077392578125e+00,5.817130088806152344e+00,6.139779567718505859e+00,6.364595890045166016e+00,6.617963790893554688e+00,6.955921173095703125e+00,7.205048084259033203e+00,7.495017528533935547e+00,7.620803833007812500e+00,7.805907249450683594e+00,7.417149066925048828e+00,7.618445396423339844e+00,7.595042228698730469e+00,7.968223094940185547e+00,8.003692626953125000e+00,8.216079711914062500e+00,8.076134681701660156e+00,8.304511070251464844e+00,8.354546546936035156e+00,8.733807563781738281e+00,8.832475662231445312e+00,9.180663108825683594e+00,9.385338783264160156e+00,9.620972633361816406e+00,9.754491806030273438e+00
2.229262828826904297e+00,1.906988024711608887e+00,1.582332611083984375e+00,1.358585000038146973e+00,1.023107171058654785e+00,9.266707897186279297e-01,5.764518976211547852e-01,3.716993629932403564e-01,0.000000000000000000e+00,3.946188986301422119e-01,5.797825455665588379e-01,9.060910940170288086e-01,1.211947202682495117e+00,1.477465510368347168e+00,1.760419368743896484e+00,2.831719160079956055e+00,2.448925971984863281e+00,2.405107021331787109e+00,2.437490701675415039e+00,2.111784934997558594e+00,2.262529134750366211e+00,2.498459815979003906e+00,2.321666717529296875e+00,2.580595731735229492e+00,2.568459033966064453e+00,2.804813623428344727e+00,2.871567487716674805e+00,3.215611219406127930e+00,3.234164953231811523e+00,3.554318666458129883e+00,4.404039859771728516e+00,4.174523353576660156e+00,4.099523544311523438e+00,4.345285415649414062e+00,4.137677669525146484e+00,4.475707054138183594e+00,4.428711891174316406e+00,4.353369712829589844e+00,4.647207736968994141e+00,4.689619541168212891e+00,4.937969207763671875e+00,5.049763202667236328e+00,5.264001846313476562e+00,5.370936870574951172e+00,5.462374210357666016e+00,5.561441898345947266e+00,5.733727455139160156e+00,5.766841888427734375e+00,5.585425376892089844e+00,5.894390583038330078e+00,5.718509674072265625e+00,5.878712654113769531e+00,6.190091133117675781e+00,6.423837184906005859e+00,6.660770893096923828e+00,7.004500389099121094e+00,7.240270137786865234e+00,7.528181552886962891e+00,7.638410568237304688e+00,7.824330329895019531e+00,7.493669509887695312e+00,7.689530372619628906e+00,7.680855274200439453e+00,8.056702613830566406e+00,8.094918251037597656e+00,8.319882392883300781e+00,8.191068649291992188e+00,8.415237426757812500e+00,8.479873657226562500e+00,8.860079765319824219e+00,8.970450401306152344e+00,9.317721366882324219e+00,9.533288955688476562e+00,9.767229080200195312e+00,9.910137176513671875e+00
2.363807678222656250e+00,2.044880628585815430e+00,1.713359713554382324e+00,1.571350097656250000e+00,1.248866796493530273e+00,1.224183201789855957e+00,8.661816120147705078e-01,5.338221788406372070e-01,3.946188986301422119e-01,0.000000000000000000e+00,3.833227157592773438e-01,5.848498344421386719e-01,8.905897140502929688e-01,1.139704346656799316e+00,1.391422748565673828e+00,2.488255023956298828e+00,2.106063604354858398e+00,2.097255706787109375e+00,2.130986928939819336e+00,1.830585718154907227e+00,2.008887052536010742e+00,2.272350549697875977e+00,2.082580089569091797e+00,2.359947204589843750e+00,2.313940525054931641e+00,2.569159269332885742e+00,2.606183052062988281e+00,2.938206434249877930e+00,2.930403470993041992e+00,3.235364913940429688e+00,4.058767318725585938e+00,3.837881565093994141e+00,3.782801628112792969e+00,4.040946006774902344e+00,3.851847887039184570e+00,4.199942588806152344e+00,4.177648067474365234e+00,4.104773998260498047e+00,4.413549900054931641e+00,4.445353507995605469e+00,4.710195064544677734e+00,4.813736915588378906e+00,5.014560222625732422e+00,5.106304168701171875e+00,5.182682514190673828e+00,5.225133419036865234e+00,5.400215148925781250e+00,5.448225021362304688e+00,5.276920318603515625e+00,5.592400074005126953e+00,5.431520938873291016e+00,5.602252483367919922e+00,5.909622669219970703e+00,6.155128479003906250e+00,6.387956619262695312e+00,6.737194061279296875e+00,6.966907978057861328e+00,7.245265483856201172e+00,7.348993301391601562e+00,7.523772716522216797e+00,7.153615474700927734e+00,7.356221199035644531e+00,7.356443405151367188e+00,7.733607292175292969e+00,7.782562732696533203e+00,8.007194519042968750e+00,7.887868881225585938e+00,8.119114875793457031e+00,8.190843582153320312e+00,8.568756103515625000e+00,8.688165664672851562e+00,9.031333923339843750e+00,9.246787071228027344e+00,9.472714424133300781e+00,9.614139556884765625e+00
2.725163936614990234e+00,2.408961534500122070e+00,2.072823286056518555e+00,1.899872303009033203e+00,1.573937773704528809e+00,1.492381334304809570e+00,1.119571685791015625e+00,8.452929258346557617e-01,5.797825455665588379e-01,3.833227157592773438e-01,0.000000000000000000e+00,3.876865208148956299e-01,6.564888954162597656e-01,9.602963924407958984e-01,1.266793370246887207e+00,2.654257297515869141e+00,2.273892164230346680e+00,2.294141054153442383e+00,2.282247543334960938e+00,1.987176895141601562e+00,2.134087324142456055e+00,2.387614727020263672e+00,2.144980669021606445e+00,2.386482477188110352e+00,2.288621187210083008e+00,2.502414226531982422e+00,2.502537727355957031e+00,2.816776275634765625e+00,2.791007995605468750e+00,3.101933002471923828e+00,4.152253150939941406e+00,3.920545816421508789e+00,3.894491195678710938e+00,4.142182350158691406e+00,3.950448036193847656e+00,4.297537803649902344e+00,4.289219856262207031e+00,4.186637401580810547e+00,4.492945194244384766e+00,4.491568088531494141e+00,4.746380329132080078e+00,4.821651935577392578e+00,5.003886222839355469e+00,5.075885772705078125e+00,5.137620925903320312e+00,5.315080642700195312e+00,5.511655807495117188e+00,5.568658351898193359e+00,5.420882225036621094e+00,5.749801158905029297e+00,5.605505466461181641e+00,5.771791934967041016e+00,6.066526412963867188e+00,6.324879646301269531e+00,6.541234493255615234e+00,6.897103786468505859e+00,7.111638545989990234e+00,7.381953716278076172e+00,7.467924594879150391e+00,7.635853290557861328e+00,7.282663822174072266e+00,7.487042427062988281e+00,7.505435943603515625e+00,7.884608268737792969e+00,7.943829059600830078e+00,8.176246643066406250e+00,8.071528434753417969e+00,8.304550170898437500e+00,8.390322685241699219e+00,8.766565322875976562e+00,8.898914337158203125e+00,9.238255500793457031e+00,9.459597587585449219e+00,9.678560256958007812e+00,9.823668479919433594e+00
2.918607234954833984e+00,2.598338365554809570e+00,2.273850440979003906e+00,2.153403997421264648e+00,1.826022267341613770e+00,1.801513671875000000e+00,1.436142683029174805e+00,1.116142630577087402e+00,9.060910940170288086e-01,5.848498344421386719e-01,3.876865208148956299e-01,0.000000000000000000e+00,3.729670643806457520e-01,7.064333558082580566e-01,9.546214342117309570e-01,2.362304449081420898e+00,1.988187909126281738e+00,2.035623311996459961e+00,1.998437643051147461e+00,1.730698704719543457e+00,1.880672216415405273e+00,2.146283864974975586e+00,1.883240103721618652e+00,2.126509189605712891e+00,1.989643454551696777e+00,2.211332082748413086e+00,2.181207180023193359e+00,2.482421875000000000e+00,2.436137914657592773e+00,2.736349344253540039e+00,3.807632684707641602e+00,3.575819492340087891e+00,3.569540500640869141e+00,3.818952560424804688e+00,3.638901472091674805e+00,3.990346431732177734e+00,4.003202915191650391e+00,3.895371437072753906e+00,4.210585117340087891e+00,4.194250583648681641e+00,4.458898067474365234e+00,4.523010253906250000e+00,4.691743373870849609e+00,4.749832153320312500e+00,4.799041748046875000e+00,4.968727588653564453e+00,5.173875808715820312e+00,5.239749908447265625e+00,5.106186866760253906e+00,5.442776679992675781e+00,5.313194274902343750e+00,5.482246875762939453e+00,5.768806457519531250e+00,6.037925243377685547e+00,6.245109081268310547e+00,6.605679512023925781e+00,6.810866355895996094e+00,7.072521209716796875e+00,7.149016857147216797e+00,7.308595657348632812e+00,6.948852062225341797e+00,7.154643058776855469e+00,7.183807373046875000e+00,7.563811302185058594e+00,7.630750179290771484e+00,7.867055416107177734e+00,7.773053646087646484e+00,8.008594512939453125e+00,8.104553222656250000e+00,8.478663444519042969e+00,8.621455192565917969e+00,8.956858634948730469e+00,9.182088851928710938e+00,9.394677162170410156e+00,9.542631149291992188e+00
3.181855440139770508e+00,2.882369279861450195e+00,2.541707992553710938e+00,2.438181877136230469e+00,2.134457826614379883e+00,2.087873220443725586e+00,1.709290862083435059e+00,1.395768404006958008e+00,1.211947202682495117e+00,8.905897140502929688e-01,6.564888954162597656e-01,3.729670643806457520e-01,0.000000000000000000e+00,3.651412129402160645e-01,6.564545035362243652e-01,2.380126476287841797e+00,2.029414653778076172e+00,2.142239093780517578e+00,2.108611106872558594e+00,1.894301414489746094e+00,2.058329105377197266e+00,2.334330081939697266e+00,2.053634881973266602e+00,2.285816192626953125e+00,2.091554164886474609e+00,2.296644687652587891e+00,2.203964471817016602e+00,2.463315248489379883e+00,2.361211061477661133e+00,2.635179519653320312e+00,3.784725904464721680e+00,3.570097684860229492e+00,3.603731870651245117e+00,3.864423036575317383e+00,3.711357831954956055e+00,4.069022655487060547e+00,4.114026546478271484e+00,4.000954151153564453e+00,4.326052188873291016e+00,4.285896301269531250e+00,4.559413909912109375e+00,4.601078510284423828e+00,4.744339466094970703e+00,4.774119377136230469e+00,4.796538829803466797e+00,4.947538852691650391e+00,5.159148216247558594e+00,5.250567436218261719e+00,5.136354446411132812e+00,5.480199337005615234e+00,5.374005794525146484e+00,5.556021690368652344e+00,5.834086894989013672e+00,6.117261886596679688e+00,6.316403865814208984e+00,6.682211399078369141e+00,6.876882076263427734e+00,7.123846054077148438e+00,7.188473224639892578e+00,7.331078529357910156e+00,6.909039974212646484e+00,7.127347469329833984e+00,7.171544075012207031e+00,7.551844120025634766e+00,7.636562824249267578e+00,7.869709491729736328e+00,7.789780139923095703e+00,8.036133766174316406e+00,8.139884948730468750e+00,8.508949279785156250e+00,8.662109375000000000e+00,8.990546226501464844e+00,9.211989402770996094e+00,9.411983489990234375e+00,9.553945541381835938e+00
3.301112890243530273e+00,3.028572082519531250e+00,2.677448749542236328e+00,2.610446929931640625e+00,2.340021610260009766e+00,2.293885707855224609e+00,1.915080428123474121e+00,1.600561022758483887e+00,1.477465510368347168e+00,1.139704346656799316e+00,9.602963924407958984e-01,7.064333558082580566e-01,3.651412129402160645e-01,0.000000000000000000e+00,3.717200160026550293e-01,2.308310747146606445e+00,1.987298369407653809e+00,2.162911891937255859e+00,2.163469791412353516e+00,2.007793426513671875e+00,2.206619977951049805e+00,2.500356435775756836e+00,2.232868671417236328e+00,2.476210594177246094e+00,2.256072282791137695e+00,2.470566749572753906e+00,2.337735176086425781e+00,2.561177253723144531e+00,2.409574031829833984e+00,2.644177913665771484e+00,3.713372945785522461e+00,3.528849840164184570e+00,3.591546773910522461e+00,3.873422145843505859e+00,3.755170106887817383e+00,4.120738983154296875e+00,4.194581508636474609e+00,4.095253467559814453e+00,4.433363437652587891e+00,4.387602329254150391e+00,4.677894592285156250e+00,4.712395191192626953e+00,4.838403701782226562e+00,4.848401069641113281e+00,4.849172592163085938e+00,4.880634307861328125e+00,5.084816455841064453e+00,5.202147006988525391e+00,5.095620632171630859e+00,5.439063072204589844e+00,5.350629806518554688e+00,5.551792144775390625e+00,5.827971935272216797e+00,6.119621276855468750e+00,6.320100307464599609e+00,6.687734603881835938e+00,6.879834651947021484e+00,7.114182472229003906e+00,7.176426887512207031e+00,7.302745819091796875e+00,6.789866924285888672e+00,7.022991657257080078e+00,7.073352813720703125e+00,7.452625751495361328e+00,7.552654743194580078e+00,7.776264190673828125e+00,7.703852176666259766e+00,7.962659358978271484e+00,8.066375732421875000e+00,8.430228233337402344e+00,8.587394714355468750e+00,8.909708023071289062e+00,9.122193336486816406e+00,9.311119079589843750e+00,9.442824363708496094e+00
3.443394660949707031e+00,3.176478862762451172e+00,2.840722799301147461e+00,2.818443536758422852e+00,2.556078195571899414e+00,2.551654577255249023e+00,2.184788465499877930e+00,1.850714445114135742e+00,1.760419368743896484e+00,1.391422748565673828e+00,1.266793370246887207e+00,9.546214342117309570e-01,6.564545035362243652e-01,3.717200160026550293e-01,0.000000000000000000e+00,2.041697978973388672e+00,1.751833677291870117e+00,1.973155856132507324e+00,1.974706172943115234e+00,1.880221247673034668e+00,2.092313766479492188e+00,2.391940355300903320e+00,2.136284112930297852e+00,2.382111072540283203e+00,2.139338016510009766e+00,2.365988016128540039e+00,2.204316854476928711e+00,2.398353338241577148e+00,2.215036630630493164e+00,2.414733409881591797e+00,3.393713235855102539e+00,3.225076436996459961e+00,3.310495615005493164e+00,3.602081060409545898e+00,3.509855508804321289e+00,3.878505468368530273e+00,3.977366447448730469e+00,3.886874198913574219e+00,4.234106063842773438e+00,4.182390213012695312e+00,4.486698627471923828e+00,4.516392707824707031e+00,4.628913879394531250e+00,4.625527381896972656e+00,4.612071037292480469e+00,4.557182788848876953e+00,4.760551929473876953e+00,4.892094135284423828e+00,4.795615196228027344e+00,5.141119956970214844e+00,5.068078994750976562e+00,5.278020858764648438e+00,5.548178672790527344e+00,5.847615242004394531e+00,6.043749332427978516e+00,6.413087844848632812e+00,6.599446296691894531e+00,6.823793411254882812e+00,6.881468296051025391e+00,6.997070789337158203e+00,6.447558403015136719e+00,6.685624599456787109e+00,6.742725849151611328e+00,7.121446609497070312e+00,7.229999065399169922e+00,7.452064514160156250e+00,7.387724876403808594e+00,7.651408195495605469e+00,7.760436058044433594e+00,8.120818138122558594e+00,8.284811019897460938e+00,8.602498054504394531e+00,8.814279556274414062e+00,8.996206283569335938e+00,9.126696586608886719e+00
3.391944885253906250e+00,3.167156696319580078e+00,3.023386955261230469e+00,3.221247434616088867e+00,3.039656400680541992e+00,3.275988101959228516e+00,3.072575330734252930e+00,2.746445417404174805e+00,2.831719160079956055e+00,2.488255023956298828e+00,2.654257297515869141e+00,2.362304449081420898e+00,2.380126476287841797e+00,2.308310747146606445e+00,2.041697978973388672e+00,0.000000000000000000e+00,3.888632953166961670e-01,6.171383261680603027e-01,8.319335579872131348e-01,1.162268161773681641e+00,1.420864105224609375e+00,1.650016546249389648e+00,1.736772418022155762e+00,2.020458459854125977e+00,1.990933775901794434e+00,2.336902141571044922e+00,2.325258493423461914e+00,2.490864515304565430e+00,2.424221515655517578e+00,2.491181135177612305e+00,1.746619582176208496e+00,1.662716627120971680e+00,1.627678036689758301e+00,1.995820999145507812e+00,2.005861997604370117e+00,2.370753526687622070e+00,2.486232042312622070e+00,2.570524454116821289e+00,2.937426805496215820e+00,3.021907567977905273e+00,3.394585609436035156e+00,3.539041042327880859e+00,3.697582721710205078e+00,3.762100696563720703e+00,3.797548532485961914e+00,2.910336256027221680e+00,3.019305706024169922e+00,3.115955591201782227e+00,2.934931993484497070e+00,3.239974021911621094e+00,3.129388809204101562e+00,3.370527505874633789e+00,3.675839900970458984e+00,3.948410272598266602e+00,4.193581581115722656e+00,4.545584678649902344e+00,4.775117874145507812e+00,5.014268398284912109e+00,5.131282329559326172e+00,5.262240886688232422e+00,4.683868885040283203e+00,4.900798320770263672e+00,4.897172927856445312e+00,5.273540973663330078e+00,5.342941284179687500e+00,5.554426670074462891e+00,5.450988769531250000e+00,5.704191207885742188e+00,5.787445068359375000e+00,6.156215190887451172e+00,6.297942161560058594e+00,6.627285480499267578e+00,6.840267181396484375e+00,7.044781684875488281e+00,7.185046195983886719e+00
3.143654823303222656e+00,2.894650697708129883e+00,2.729457616806030273e+00,2.898771047592163086e+00,2.695597887039184570e+00,2.921645879745483398e+00,2.707422018051147461e+00,2.376188278198242188e+00,2.448925971984863281e+00,2.106063604354858398e+00,2.273892164230346680e+00,1.988187909126281738e+00,2.029414653778076172e+00,1.987298369407653809e+00,1.751833677291870117e+00,3.888632953166961670e-01,0.000000000000000000e+00,3.896031081676483154e-01,6.265043020248413086e-01,8.675144314765930176e-01,1.173201918601989746e+00,1.450394988059997559e+00,1.493014454841613770e+00,1.810065150260925293e+00,1.778431773185729980e+00,2.140739679336547852e+00,2.142530918121337891e+00,2.353183746337890625e+00,2.300685405731201172e+00,2.421786308288574219e+00,2.051835298538208008e+00,1.914650559425354004e+00,1.867192506790161133e+00,2.208524227142333984e+00,2.156961441040039062e+00,2.529306650161743164e+00,2.610916852951049805e+00,2.657246112823486328e+00,3.021576166152954102e+00,3.096627950668334961e+00,3.454640150070190430e+00,3.594742059707641602e+00,3.767294406890869141e+00,3.841169118881225586e+00,3.888620138168334961e+00,3.224915266036987305e+00,3.354914903640747070e+00,3.434486865997314453e+00,3.255909442901611328e+00,3.566730022430419922e+00,3.441518545150756836e+00,3.662317991256713867e+00,3.968816757202148438e+00,4.236682415008544922e+00,4.478199958801269531e+00,4.831756114959716797e+00,5.061158657073974609e+00,5.311088085174560547e+00,5.424476146697998047e+00,5.567531108856201172e+00,5.055208683013916016e+00,5.265461444854736328e+00,5.263369560241699219e+00,5.640367984771728516e+00,5.703082084655761719e+00,5.920642852783203125e+00,5.814105987548828125e+00,6.060075759887695312e+00,6.143024444580078125e+00,6.514723300933837891e+00,6.652980804443359375e+00,6.986005783081054688e+00,7.202507495880126953e+00,7.412816047668457031e+00,7.556349277496337891e+00
3.004941463470458984e+00,2.737779378890991211e+00,2.612069845199584961e+00,2.780221939086914062e+00,2.569438219070434570e+00,2.828226566314697266e+00,2.647754669189453125e+00,2.332909107208251953e+00,2.405107021331787109e+00,2.097255706787109375e+00,2.294141054153442383e+00,2.035623311996459961e+00,2.142239093780517578e+00,2.162911891937255859e+00,1.973155856132507324e+00,6.171383261680603027e-01,3.896031081676483154e-01,0.000000000000000000e+00,3.926839232444763184e-01,6.133501529693603516e-01,9.078974127769470215e-01,1.163045287132263184e+00,1.278887271881103516e+00,1.604492902755737305e+00,1.655584692955017090e+00,2.029283761978149414e+00,2.100106716156005859e+00,2.344839334487915039e+00,2.355936765670776367e+00,2.505992412567138672e+00,2.107320308685302734e+00,1.930793762207031250e+00,1.809727668762207031e+00,2.118327856063842773e+00,2.014689445495605469e+00,2.375827074050903320e+00,2.406978130340576172e+00,2.460556983947753906e+00,2.812249660491943359e+00,2.920166254043579102e+00,3.266499996185302734e+00,3.435331583023071289e+00,3.639303445816040039e+00,3.748557567596435547e+00,3.829893827438354492e+00,3.244767665863037109e+00,3.372061252593994141e+00,3.407340288162231445e+00,3.206077337265014648e+00,3.508194923400878906e+00,3.348664522171020508e+00,3.543256759643554688e+00,3.858695507049560547e+00,4.108401298522949219e+00,4.356309890747070312e+00,4.704246520996093750e+00,4.944285869598388672e+00,5.213976383209228516e+00,5.338842391967773438e+00,5.505420207977294922e+00,5.107779979705810547e+00,5.295539855957031250e+00,5.277570724487304688e+00,5.652708053588867188e+00,5.690592288970947266e+00,5.916674137115478516e+00,5.795091629028320312e+00,6.022925853729248047e+00,6.100510120391845703e+00,6.478472232818603516e+00,6.606691360473632812e+00,6.948031425476074219e+00,7.173564434051513672e+00,7.399719715118408203e+00,7.554829120635986328e+00
3.245712280273437500e+00,2.949226856231689453e+00,2.820470571517944336e+00,2.945621728897094727e+00,2.694950580596923828e+00,2.941999435424804688e+00,2.745449542999267578e+00,2.422936916351318359e+00,2.437490701675415039e+00,2.130986928939819336e+00,2.282247543334960938e+00,1.998437643051147461e+00,2.108611106872558594e+00,2.163469791412353516e+00,1.974706172943115234e+00,8.319335579872131348e-01,6.265043020248413086e-01,3.926839232444763184e-01,0.000000000000000000e+00,3.932141661643981934e-01,5.899258255958557129e-01,8.315529823303222656e-01,9.268411397933959961e-01,1.232147216796875000e+00,1.279785633087158203e+00,1.649324774742126465e+00,1.734311819076538086e+00,1.982366204261779785e+00,2.024683475494384766e+00,2.188581466674804688e+00,2.023397922515869141e+00,1.785162210464477539e+00,1.668719291687011719e+00,1.936614990234375000e+00,1.785020232200622559e+00,2.147986650466918945e+00,2.173616647720336914e+00,2.179049015045166016e+00,2.530237436294555664e+00,2.610122919082641602e+00,2.947180271148681641e+00,3.100795507431030273e+00,3.304471254348754883e+00,3.414195299148559570e+00,3.501541852951049805e+00,3.146906137466430664e+00,3.312724828720092773e+00,3.330293416976928711e+00,3.156152486801147461e+00,3.477835416793823242e+00,3.325650691986083984e+00,3.490887880325317383e+00,3.788205385208129883e+00,4.047966480255126953e+00,4.270646095275878906e+00,4.625996112823486328e+00,4.847954273223876953e+00,5.118732452392578125e+00,5.223786354064941406e+00,5.397022724151611328e+00,5.115188121795654297e+00,5.287690162658691406e+00,5.287457942962646484e+00,5.664385318756103516e+00,5.699626445770263672e+00,5.945370674133300781e+00,5.837016105651855469e+00,6.052875041961669922e+00,6.150134563446044922e+00,6.528855323791503906e+00,6.670830249786376953e+00,7.010997772216796875e+00,7.253025054931640625e+00,7.479570865631103516e+00,7.650038242340087891e+00
3.032765865325927734e+00,2.710184812545776367e+00,2.574672937393188477e+00,2.661755323410034180e+00,2.385597467422485352e+00,2.627397775650024414e+00,2.433960914611816406e+00,2.119368553161621094e+00,2.111784934997558594e+00,1.830585718154907227e+00,1.987176895141601562e+00,1.730698704719543457e+00,1.894301414489746094e+00,2.007793426513671875e+00,1.880221247673034668e+00,1.162268161773681641e+00,8.675144314765930176e-01,6.133501529693603516e-01,3.932141661643981934e-01,0.000000000000000000e+00,3.563231229782104492e-01,6.768953204154968262e-01,7.144743800163269043e-01,1.069743633270263672e+00,1.155926823616027832e+00,1.534273266792297363e+00,1.663118720054626465e+00,1.967618823051452637e+00,2.044673919677734375e+00,2.266905307769775391e+00,2.396692752838134766e+00,2.136966705322265625e+00,2.009413003921508789e+00,2.243092060089111328e+00,2.044194459915161133e+00,2.391386508941650391e+00,2.374063014984130859e+00,2.346618413925170898e+00,2.677441596984863281e+00,2.754496335983276367e+00,3.063828229904174805e+00,3.216929912567138672e+00,3.437674999237060547e+00,3.562559366226196289e+00,3.667068243026733398e+00,3.503299951553344727e+00,3.677538633346557617e+00,3.678235054016113281e+00,3.501750707626342773e+00,3.819939374923706055e+00,3.652368307113647461e+00,3.798425197601318359e+00,4.096178531646728516e+00,4.344674587249755859e+00,4.565602302551269531e+00,4.916964054107666016e+00,5.140609741210937500e+00,5.421984195709228516e+00,5.527230739593505859e+00,5.713256835937500000e+00,5.493200778961181641e+00,5.658194065093994141e+00,5.654652118682861328e+00,6.030387401580810547e+00,6.056313991546630859e+00,6.305498600006103516e+00,6.190965175628662109e+00,6.398468971252441406e+00,6.492136478424072266e+00,6.873229980468750000e+00,7.008744716644287109e+00,7.352780342102050781e+00,7.597172737121582031e+00,7.830957889556884766e+00,8.004391670227050781e+00
3.248189687728881836e+00,2.909443616867065430e+00,2.793607950210571289e+00,2.853247880935668945e+00,2.556934833526611328e+00,2.797652482986450195e+00,2.612945079803466797e+00,2.310866594314575195e+00,2.262529134750366211e+00,2.008887052536010742e+00,2.134087324142456055e+00,1.880672216415405273e+00,2.058329105377197266e+00,2.206619977951049805e+00,2.092313766479492188e+00,1.420864105224609375e+00,1.173201918601989746e+00,9.078974127769470215e-01,5.899258255958557129e-01,3.563231229782104492e-01,0.000000000000000000e+00,3.332456946372985840e-01,4.032797515392303467e-01,7.400223016738891602e-01,9.033957123756408691e-01,1.268018007278442383e+00,1.456771731376647949e+00,1.772381663322448730e+00,1.909361243247985840e+00,2.146232604980468750e+00,2.406670570373535156e+00,2.106200456619262695e+00,1.960545539855957031e+00,2.138973951339721680e+00,1.890689730644226074e+00,2.216784715652465820e+00,2.171005725860595703e+00,2.106631278991699219e+00,2.420473337173461914e+00,2.488430738449096680e+00,2.777860403060913086e+00,2.930372238159179688e+00,3.163270235061645508e+00,3.303955793380737305e+00,3.427769184112548828e+00,3.460098028182983398e+00,3.655273199081420898e+00,3.627865791320800781e+00,3.464447498321533203e+00,3.787177562713623047e+00,3.615242004394531250e+00,3.729255676269531250e+00,4.013109207153320312e+00,4.258835315704345703e+00,4.461679935455322266e+00,4.812611579895019531e+00,5.025313854217529297e+00,5.312408924102783203e+00,5.407265663146972656e+00,5.605406284332275391e+00,5.508015155792236328e+00,5.653449535369873047e+00,5.656127452850341797e+00,6.030076980590820312e+00,6.045159339904785156e+00,6.309500217437744141e+00,6.199433803558349609e+00,6.391225337982177734e+00,6.496330261230468750e+00,6.878347396850585938e+00,7.019567966461181641e+00,7.364253044128417969e+00,7.622556209564208984e+00,7.861279964447021484e+00,8.049074172973632812e+00
