,A1,A2,A3,A4,A5,A6,A7,A8,A9,A10,A11,A12,A13,A14,A15,B1,B2,B3,B4,B5,B6,B7,B8,B9,B10,B11,B12,B13,B14,B15,C1,C2,C3,C4,C5,C6,C7,C8,C9,C10,C11,C12,C13,C14,C15,D1,D2,D3,D4,D5,D6,D7,D8,D9,D10,D11,D12,D13,D14,D15,E1,E2,E3,E4,E5,E6,E7,E8,E9,E10,E11,E12,E13,E14,E15
A1,0.0,0.3820688724517822,0.6443833112716675,0.9421621561050415,1.2650501728057861,1.5129364728927612,1.7338393926620483,1.738000750541687,2.108819007873535,2.1855852603912354,2.5409395694732666,2.624333620071411,2.7770798206329346,2.9275944232940674,2.905555486679077,2.7847626209259033,2.7992351055145264,2.6835274696350098,2.372314453125,2.5673506259918213,2.2655584812164307,2.4137110710144043,2.619924545288086,3.0018270015716553,3.118040084838867,3.4002442359924316,3.6956968307495117,3.9627525806427,4.082001686096191,4.1505126953125,4.135368347167969,4.218617916107178,4.063492298126221,3.7503907680511475,3.867471218109131,3.517615556716919,3.5296342372894287,3.888774871826172,3.897134780883789,4.264040470123291,4.423609256744385,4.779404163360596,5.057601451873779,5.3109025955200195,5.394054412841797,4.860874176025391,5.058070659637451,4.833400726318359,4.677285194396973,4.885828018188477,4.599361419677734,4.483370304107666,4.781907558441162,4.820658206939697,5.167033672332764,5.1887431144714355,5.4879150390625,5.772902488708496,6.0801310539245605,6.199087142944336,6.3322625160217285,6.616084575653076,6.878974914550781,7.1249680519104,7.419160842895508,7.622808456420898,7.878172874450684,7.850521564483643,8.189640045166016,8.21621036529541,8.555134773254395,8.537019729614258,8.671379089355469,8.9940824508667,8.995898246765137
A2,0.3820688724517822,0.0,0.3933522701263428,0.6528205871582031,0.9374057650566101,1.2085893154144287,1.4444448947906494,1.4569993019104004,1.8166011571884155,1.9282788038253784,2.2724623680114746,2.3771276473999023,2.5676136016845703,2.759111166000366,2.7705657482147217,2.716578245162964,2.733003854751587,2.567173480987549,2.2568490505218506,2.420503616333008,2.0984909534454346,2.195023536682129,2.39492130279541,2.7710113525390625,2.8732354640960693,3.1637232303619385,3.444470167160034,3.732461929321289,3.870162010192871,3.9653964042663574,3.9728853702545166,4.044279098510742,3.8599276542663574,3.5470595359802246,3.644935369491577,3.291013240814209,3.2697513103485107,3.617434024810791,3.6047163009643555,3.9688851833343506,4.111846446990967,4.470359802246094,4.7593889236450195,5.024256706237793,5.121596336364746,4.739377021789551,4.9491496086120605,4.7182111740112305,4.588835716247559,4.8043694496154785,4.537784099578857,4.405839443206787,4.6868462562561035,4.739054203033447,5.071911334991455,5.086947441101074,5.371128559112549,5.663417816162109,5.956212997436523,6.054559707641602,6.124914169311523,6.400436878204346,6.676835536956787,6.913580894470215,7.206247329711914,7.406397819519043,7.672581195831299,7.655308723449707,7.990923881530762,8.031659126281738,8.369476318359375,8.365002632141113,8.506019592285156,8.830133438110352,8.842597007751465
A3,0.6443833112716675,0.3933522701263428,0.0,0.3931370973587036,0.6456637382507324,0.9332917928695679,1.106798529624939,1.0962083339691162,1.4663139581680298,1.56752610206604,1.925959825515747,2.049327850341797,2.2438554763793945,2.4330685138702393,2.4737839698791504,2.661224842071533,2.730686664581299,2.5471928119659424,2.2746407985687256,2.4629709720611572,2.1588382720947266,2.2148196697235107,2.353978157043457,2.7345333099365234,2.784428119659424,3.0526468753814697,3.3110458850860596,3.5928854942321777,3.7083184719085693,3.799311637878418,3.964318037033081,4.062133312225342,3.864612102508545,3.5763893127441406,3.6912026405334473,3.348932981491089,3.3018476963043213,3.6281490325927734,3.6179723739624023,3.9662370681762695,4.110623359680176,4.467626094818115,4.7715020179748535,5.0374603271484375,5.13076114654541,4.8152079582214355,5.049417495727539,4.8368401527404785,4.727491855621338,4.965869426727295,4.714803695678711,4.596717834472656,4.8758225440979,4.953638553619385,5.280249118804932,5.310451030731201,5.58363151550293,5.889475345611572,6.171572208404541,6.252013683319092,6.1578803062438965,6.438131809234619,6.719799518585205,6.939671993255615,7.242992401123047,7.425946235656738,7.702373027801514,7.703685760498047,8.042807579040527,8.098057746887207,8.44199275970459,8.451350212097168,8.606074333190918,8.937565803527832,8.964478492736816
A4,0.9421621561050415,0.6528205871582031,0.3931370973587036,0.0,0.3864995837211609,0.571124255657196,0.8236497044563293,0.9320080280303955,1.2896006107330322,1.4798474311828613,1.8371175527572632,2.030663013458252,2.275339365005493,2.497647523880005,2.596057891845703,2.9443674087524414,3.02091121673584,2.8038361072540283,2.5400545597076416,2.6972837448120117,2.3814311027526855,2.3840551376342773,2.510561466217041,2.8748526573181152,2.90004825592041,3.168698787689209,3.398676872253418,3.7005176544189453,3.8275346755981445,3.9431047439575195,4.160976409912109,4.2458319664001465,4.019149303436279,3.733336925506592,3.8208460807800293,3.4763879776000977,3.3880603313446045,3.694875478744507,3.6487843990325928,3.9903311729431152,4.100574016571045,4.459563255310059,4.778016090393066,5.062674045562744,5.179940700531006,5.039259433746338,5.279677867889404,5.058793067932129,4.969776630401611,5.206198692321777,4.968906402587891,4.832279205322266,5.0934576988220215,5.171654224395752,5.485665321350098,5.499577045440674,5.760739803314209,6.064393520355225,6.334728240966797,6.400483131408691,6.28791618347168,6.555681228637695,6.852141857147217,7.062076091766357,7.36078405380249,7.541013240814209,7.828699588775635,7.839871406555176,8.173032760620117,8.24242877960205,8.582718849182129,8.604997634887695,8.763476371765137,9.093612670898438,9.128304481506348
A5,1.2650501728057861,0.9374057650566101,0.6456637382507324,0.3864995837211609,0.0,0.3800804615020752,0.5395759344100952,0.6154979467391968,0.9434467554092407,1.1668169498443604,1.5008387565612793,1.7143046855926514,1.9923319816589355,2.2502241134643555,2.383183717727661,2.8406403064727783,2.934366464614868,2.681725263595581,2.4458470344543457,2.5844228267669678,2.278871536254883,2.2254035472869873,2.3104915618896484,2.6587324142456055,2.6481223106384277,2.90608549118042,3.1110591888427734,3.420799970626831,3.5517451763153076,3.6849050521850586,3.9749765396118164,4.062370777130127,3.814380645751953,3.5460081100463867,3.629159688949585,3.2957279682159424,3.1760830879211426,3.4587252140045166,3.4045896530151367,3.730668306350708,3.8340260982513428,4.189537048339844,4.51807165145874,4.805442810058594,4.925529956817627,4.906002998352051,5.163456916809082,4.950379371643066,4.888976573944092,5.139032363891602,4.924666404724121,4.788057804107666,5.03529167175293,5.135744571685791,5.435584545135498,5.456071853637695,5.700183868408203,6.014562129974365,6.268719673156738,6.3120293617248535,6.071360111236572,6.335441589355469,6.640204906463623,6.835577964782715,7.137441158294678,7.306428909301758,7.603786468505859,7.62980842590332,7.9615960121154785,8.045770645141602,8.387454986572266,8.424248695373535,8.593144416809082,8.927013397216797,8.975316047668457
A6,1.5129364728927612,1.2085893154144287,0.9332917928695679,0.571124255657196,0.3800804615020752,0.0,0.3832649290561676,0.6795523762702942,0.9389787912368774,1.2435553073883057,1.5635416507720947,1.8447647094726562,2.147596597671509,2.410230875015259,2.5887017250061035,3.196545124053955,3.300772190093994,3.0397398471832275,2.812662363052368,2.9404776096343994,2.6337337493896484,2.5568506717681885,2.6304409503936768,2.9629533290863037,2.9310288429260254,3.179851770401001,3.3578951358795166,3.673842191696167,3.8034138679504395,3.9469692707061768,4.2969770431518555,4.3792500495910645,4.1153106689453125,3.8524701595306396,3.918018341064453,3.5867486000061035,3.440068006515503,3.7039878368377686,3.622379779815674,3.9381961822509766,4.011164665222168,4.364581108093262,4.703413486480713,5.004449844360352,5.143080234527588,5.243106365203857,5.503305435180664,5.28641414642334,5.235046863555908,5.482142448425293,5.273754119873047,5.12672758102417,5.363837718963623,5.460777759552002,5.753478050231934,5.761436462402344,5.998930931091309,6.308863639831543,6.556189060211182,6.591676712036133,6.344254970550537,6.598776817321777,6.913122177124023,7.099809646606445,7.398094654083252,7.563421726226807,7.868680953979492,7.902716636657715,8.229660034179688,8.32418441772461,8.662798881530762,8.708846092224121,8.88017749786377,9.212545394897461,9.265989303588867
A7,1.7338393926620483,1.4444448947906494,1.106798529624939,0.8236497044563293,0.5395759344100952,0.3832649290561676,0.0,0.37536385655403137,0.5872424244880676,0.8965010046958923,1.2146365642547607,1.518938422203064,1.8233627080917358,2.083617687225342,2.2925631999969482,3.0935702323913574,3.237394332885742,2.971315383911133,2.7852981090545654,2.931131362915039,2.6543030738830566,2.554102659225464,2.5691869258880615,2.8935959339141846,2.8145389556884766,3.03208065032959,3.1859354972839355,3.4853243827819824,3.5889875888824463,3.723963737487793,4.210147857666016,4.318272590637207,4.052212715148926,3.8180794715881348,3.9054436683654785,3.5933940410614014,3.4362668991088867,3.6777591705322266,3.6120216846466064,3.9066386222839355,3.991840124130249,4.33706521987915,4.681787967681885,4.973555564880371,5.09820556640625,5.217477321624756,5.496913909912109,5.301408767700195,5.2652106285095215,5.532139301300049,5.337287902832031,5.2088799476623535,5.446728706359863,5.567724704742432,5.855857849121094,5.883716583251953,6.1125006675720215,6.435208320617676,6.67417573928833,6.695950031280518,6.288524627685547,6.549492835998535,6.862923622131348,7.0342020988464355,7.342894554138184,7.490678787231445,7.801599502563477,7.851498603820801,8.182190895080566,8.287010192871094,8.631497383117676,8.687753677368164,8.871346473693848,9.210493087768555,9.276339530944824
A8,1.738000750541687,1.4569993019104004,1.0962083339691162,0.9320080280303955,0.6154979467391968,0.6795523762702942,0.37536385655403137,0.0,0.3780015707015991,0.5750946402549744,0.9257012009620667,1.1830960512161255,1.4722107648849487,1.7328786849975586,1.9277584552764893,2.7581818103790283,2.9232542514801025,2.6599693298339844,2.500523328781128,2.6657068729400635,2.415321111679077,2.314586877822876,2.292799711227417,2.6206459999084473,2.522765636444092,2.723735809326172,2.881324529647827,3.164050817489624,3.250566244125366,3.3715896606445312,3.907196044921875,4.036828994750977,3.7818362712860107,3.564431667327881,3.679574966430664,3.3808348178863525,3.2372257709503174,3.4760448932647705,3.442091464996338,3.7290592193603516,3.8452625274658203,4.185611724853516,4.525265216827393,4.79985237121582,4.900942325592041,4.943310737609863,5.233076572418213,5.0551533699035645,5.022215843200684,5.3037190437316895,5.114511489868164,5.006282329559326,5.250752925872803,5.389786720275879,5.67889928817749,5.7285475730896,5.955615043640137,6.288901329040527,6.526737213134766,6.545255184173584,6.040213584899902,6.312293529510498,6.617551326751709,6.785340785980225,7.103152275085449,7.242415904998779,7.550718307495117,7.604609966278076,7.941098690032959,8.04456901550293,8.39482593536377,8.450563430786133,8.6399564743042,8.984238624572754,9.05403995513916
A9,2.108819007873535,1.8166011571884155,1.4663139581680298,1.2896006107330322,0.9434467554092407,0.9389787912368774,0.5872424244880676,0.3780015707015991,0.0,0.3892408311367035,0.635354220867157,0.9675411581993103,1.301047682762146,1.5959593057632446,1.8490979671478271,2.8412728309631348,3.0248498916625977,2.7390666007995605,2.618805408477783,2.7632102966308594,2.5368709564208984,2.3871285915374756,2.314502000808716,2.6068572998046875,2.4606354236602783,2.6319468021392822,2.7451961040496826,3.0257718563079834,3.106064558029175,3.242527723312378,3.885500907897949,4.019516944885254,3.7464396953582764,3.556487798690796,3.6659960746765137,3.388225555419922,3.2130532264709473,3.4147725105285645,3.3716986179351807,3.630838394165039,3.734278440475464,4.063296318054199,4.411127090454102,4.685866355895996,4.78953742980957,4.966987133026123,5.271589756011963,5.10491418838501,5.099225044250488,5.390994548797607,5.2250213623046875,5.118560791015625,5.34759521484375,5.505221843719482,5.778605937957764,5.833179950714111,6.042473316192627,6.382532119750977,6.603384017944336,6.600254058837891,5.962263107299805,6.228337287902832,6.540755271911621,6.689839839935303,7.0099101066589355,7.134319305419922,7.452461242675781,7.523821830749512,7.857243061065674,7.977149963378906,8.32755184173584,8.399270057678223,8.599427223205566,8.94642448425293,9.030622482299805
A10,2.1855852603912354,1.9282788038253784,1.56752610206604,1.4798474311828613,1.1668169498443604,1.2435553073883057,0.8965010046958923,0.5750946402549744,0.3892408311367035,0.0,0.38577404618263245,0.6422025561332703,0.9356142282485962,1.2122390270233154,1.4636930227279663,2.5885350704193115,2.809157133102417,2.5419840812683105,2.4624083042144775,2.640448570251465,2.454376459121704,2.3178658485412598,2.197580099105835,2.49031662940979,2.3164405822753906,2.4536256790161133,2.5661685466766357,2.8121025562286377,2.8543105125427246,2.960667371749878,3.703700304031372,3.8710215091705322,3.6184566020965576,3.453605890274048,3.601077079772949,3.3429136276245117,3.190154790878296,3.386772871017456,3.3841440677642822,3.630387783050537,3.769468307495117,4.088958740234375,4.428170204162598,4.680278778076172,4.754105567932129,4.818091869354248,5.133895397186279,4.991637229919434,4.985075950622559,5.292999744415283,5.130012035369873,5.050964832305908,5.290812969207764,5.465855598449707,5.7426347732543945,5.822329044342041,6.032324314117432,6.3819098472595215,6.60390567779541,6.600816249847412,5.8539509773254395,6.134300231933594,6.434488773345947,6.578360080718994,6.910008907318115,7.022235870361328,7.336203575134277,7.41286039352417,7.753429889678955,7.87088680267334,8.228293418884277,8.298443794250488,8.505216598510742,8.85809326171875,8.946090698242188
A11,2.5409395694732666,2.2724623680114746,1.925959825515747,1.8371175527572632,1.5008387565612793,1.5635416507720947,1.2146365642547607,0.9257012009620667,0.635354220867157,0.38577404618263245,0.0,0.39430171251296997,0.7404207587242126,1.0647751092910767,1.3705674409866333,2.611884117126465,2.8469154834747314,2.562472105026245,2.5297648906707764,2.6839346885681152,2.532409906387329,2.352877616882324,2.1772408485412598,2.423990249633789,2.1994571685791016,2.2951977252960205,2.3585734367370605,2.592532157897949,2.6232118606567383,2.7426843643188477,3.5970866680145264,3.771550416946411,3.5070621967315674,3.3764801025390625,3.5238170623779297,3.2941949367523193,3.1183671951293945,3.2747819423675537,3.2744157314300537,3.487504243850708,3.6236979961395264,3.9265520572662354,4.267618179321289,4.511507987976074,4.579260349273682,4.751453876495361,5.081535816192627,4.955092430114746,4.976105213165283,5.294666767120361,5.1569600105285645,5.084349632263184,5.308757305145264,5.50450325012207,5.7645263671875,5.8535895347595215,6.045046806335449,6.401717185974121,6.60629940032959,6.582098484039307,5.688315391540527,5.964648723602295,6.268074989318848,6.392979145050049,6.7279229164123535,6.823792934417725,7.145240306854248,7.23887300491333,7.577066898345947,7.709097862243652,8.067108154296875,8.151788711547852,8.369462966918945,8.725248336791992,8.827408790588379
A12,2.624333620071411,2.3771276473999023,2.049327850341797,2.030663013458252,1.7143046855926514,1.8447647094726562,1.518938422203064,1.1830960512161255,0.9675411581993103,0.6422025561332703,0.39430171251296997,0.0,0.38050878047943115,0.7482967376708984,1.0276793241500854,2.2968578338623047,2.5550642013549805,2.2825019359588623,2.2951691150665283,2.4641997814178467,2.358802080154419,2.186051845550537,1.9635494947433472,2.1968398094177246,1.9490559101104736,2.009611129760742,2.0751025676727295,2.276256799697876,2.2783021926879883,2.3751301765441895,3.2928924560546875,3.4933080673217773,3.2488129138946533,3.1429898738861084,3.3232030868530273,3.1162846088409424,2.96494722366333,3.115142345428467,3.1564860343933105,3.356741189956665,3.5301527976989746,3.8217616081237793,4.148882865905762,4.367833614349365,4.4051971435546875,4.468005657196045,4.806308269500732,4.701510906219482,4.725008010864258,5.05605411529541,4.925629138946533,4.876633644104004,5.106177806854248,5.3184733390808105,5.577513217926025,5.689141273498535,5.878144264221191,6.242315769195557,6.445496082305908,6.420194625854492,5.436726093292236,5.7253522872924805,6.0163254737854,6.139094829559326,6.482799053192139,6.570580005645752,6.886171340942383,6.981412410736084,7.325429439544678,7.4529876708984375,7.816248416900635,7.897727012634277,8.119630813598633,8.479568481445312,8.583768844604492
A13,2.7770798206329346,2.5676136016845703,2.2438554763793945,2.275339365005493,1.9923319816589355,2.147596597671509,1.8233627080917358,1.4722107648849487,1.301047682762146,0.9356142282485962,0.7404207587242126,0.38050878047943115,0.0,0.38149383664131165,0.6669327020645142,2.1502809524536133,2.449704170227051,2.215502977371216,2.277836799621582,2.480585813522339,2.42331600189209,2.2792282104492188,2.02180552482605,2.243250608444214,1.9790372848510742,1.9900425672531128,2.051851272583008,2.1926443576812744,2.1353750228881836,2.1804940700531006,3.2186169624328613,3.455888509750366,3.243065595626831,3.167275905609131,3.3854012489318848,3.2030467987060547,3.0825140476226807,3.2262909412384033,3.307528257369995,3.4921536445617676,3.696765422821045,3.9739677906036377,4.286156177520752,4.479131698608398,4.4851813316345215,4.410713195800781,4.756561756134033,4.679588794708252,4.699041366577148,5.042949199676514,4.91462516784668,4.895367622375488,5.135425090789795,5.361217975616455,5.62309455871582,5.758406639099121,5.948602199554443,6.31851053237915,6.5233473777771,6.500711441040039,5.423293113708496,5.7255353927612305,6.000236988067627,6.1175856590271,6.471513271331787,6.546288013458252,6.854796409606934,6.954184532165527,7.304373264312744,7.427485942840576,7.796597480773926,7.874833106994629,8.102030754089355,8.466550827026367,8.573183059692383
A14,2.9275944232940674,2.759111166000366,2.4330685138702393,2.497647523880005,2.2502241134643555,2.410230875015259,2.083617687225342,1.7328786849975586,1.5959593057632446,1.2122390270233154,1.0647751092910767,0.7482967376708984,0.38149383664131165,0.0,0.3849025368690491,2.152874708175659,2.489682674407959,2.306225299835205,2.401540994644165,2.640716791152954,2.6161885261535645,2.5087380409240723,2.24068021774292,2.4587225914001465,2.1950206756591797,2.170428514480591,2.2314085960388184,2.3138585090637207,2.197572708129883,2.1819214820861816,3.319153308868408,3.588623285293579,3.408939838409424,3.354956865310669,3.6032888889312744,3.437378168106079,3.3450284004211426,3.488166093826294,3.597195863723755,3.772531509399414,3.9975428581237793,4.264440536499023,4.564897537231445,4.73839807510376,4.720564365386963,4.511265277862549,4.859968662261963,4.807278156280518,4.816631317138672,5.169097423553467,5.037027835845947,5.0445237159729,5.297293186187744,5.529747009277344,5.797510623931885,5.951468467712402,6.146435260772705,6.519061088562012,6.728636741638184,6.712449550628662,5.574084758758545,5.887861251831055,6.146493911743164,6.259489059448242,6.621618270874023,6.684720516204834,6.985469818115234,7.087686538696289,7.442948818206787,7.560678005218506,7.934476375579834,8.008339881896973,8.239103317260742,8.607023239135742,8.714263916015625
A15,2.905555486679077,2.7705657482147217,2.4737839698791504,2.596057891845703,2.383183717727661,2.5887017250061035,2.2925631999969482,1.9277584552764893,1.8490979671478271,1.4636930227279663,1.3705674409866333,1.0276793241500854,0.6669327020645142,0.3849025368690491,0.0,1.8575010299682617,2.2155258655548096,2.0767366886138916,2.2002675533294678,2.4683966636657715,2.4804272651672363,2.414510726928711,2.1431074142456055,2.363004446029663,2.1222596168518066,2.084906816482544,2.1802072525024414,2.2245750427246094,2.0824923515319824,2.0183775424957275,3.123462200164795,3.414945602416992,3.2719016075134277,3.2248425483703613,3.5035884380340576,3.3481364250183105,3.297537326812744,3.454972505569458,3.5996475219726562,3.7789382934570312,4.035243988037109,4.297671794891357,4.579996585845947,4.732889652252197,4.689828872680664,4.2933349609375,4.638217449188232,4.60087776184082,4.594361782073975,4.9508185386657715,4.811695098876953,4.8422465324401855,5.108158588409424,5.343602657318115,5.618449687957764,5.78959321975708,5.991780757904053,6.365240097045898,6.582577228546143,6.578258514404297,5.4485182762146,5.775237083435059,6.016604423522949,6.139225006103516,6.505850315093994,6.571093559265137,6.858924388885498,6.950894355773926,7.311975002288818,7.414811134338379,7.7920098304748535,7.852667331695557,8.079788208007812,8.44876766204834,8.548574447631836
B1,2.7847626209259033,2.716578245162964,2.661224842071533,2.9443674087524414,2.8406403064727783,3.196545124053955,3.0935702323913574,2.7581818103790283,2.8412728309631348,2.5885350704193115,2.611884117126465,2.2968578338623047,2.1502809524536133,2.152874708175659,1.8575010299682617,0.0,0.3922436237335205,0.5274190306663513,0.7874308228492737,1.0763975381851196,1.2998937368392944,1.4477155208587646,1.2936931848526,1.4572415351867676,1.5063908100128174,1.547833800315857,1.8579258918762207,1.8721798658370972,1.8673442602157593,1.785278081893921,1.787185788154602,2.0625593662261963,2.0729970932006836,1.971683382987976,2.3239212036132812,2.1934990882873535,2.355046272277832,2.5989279747009277,2.8637096881866455,3.08284854888916,3.4373056888580322,3.6816351413726807,3.8654186725616455,3.948483943939209,3.838730812072754,2.701481819152832,2.9952454566955566,2.95129656791687,2.868156671524048,3.2137908935546875,3.0382115840911865,3.116020917892456,3.419973850250244,3.6476263999938965,3.9449031352996826,4.15565299987793,4.384859561920166,4.749814987182617,4.997338771820068,5.045751571655273,4.2796759605407715,4.6322102546691895,4.821300983428955,5.026057243347168,5.376086235046387,5.505984306335449,5.73642635345459,5.7459845542907715,6.116257667541504,6.143378734588623,6.5168046951293945,6.509576797485352,6.694537162780762,7.052148342132568,7.1001200675964355
B2,2.7992351055145264,2.733003854751587,2.730686664581299,3.02091121673584,2.934366464614868,3.300772190093994,3.237394332885742,2.9232542514801025,3.0248498916625977,2.809157133102417,2.8469154834747314,2.5550642013549805,2.449704170227051,2.489682674407959,2.2155258655548096,0.3922436237335205,0.0,0.39045897126197815,0.6049455404281616,0.827422559261322,1.099550485610962,1.301714539527893,1.2263269424438477,1.3594145774841309,1.5043458938598633,1.5890569686889648,1.9239535331726074,1.9618531465530396,2.015733480453491,1.9692131280899048,1.6169452667236328,1.8454546928405762,1.880699634552002,1.741163730621338,2.0853497982025146,1.9500656127929688,2.1593332290649414,2.4261813163757324,2.699782133102417,2.9318528175354004,3.291435480117798,3.532989978790283,3.6958675384521484,3.7723686695098877,3.662377119064331,2.418083429336548,2.6900930404663086,2.621774673461914,2.518005609512329,2.8534352779388428,2.6641476154327393,2.734703540802002,3.045341730117798,3.2643280029296875,3.568063259124756,3.7767374515533447,4.013514518737793,4.3748860359191895,4.630065441131592,4.690431594848633,4.071844577789307,4.420657157897949,4.605673313140869,4.832022190093994,5.170710563659668,5.322208881378174,5.542587757110596,5.530939102172852,5.898653030395508,5.910987377166748,6.279423713684082,6.258661270141602,6.430778980255127,6.782887935638428,6.817777633666992
B3,2.6835274696350098,2.567173480987549,2.5471928119659424,2.8038361072540283,2.681725263595581,3.0397398471832275,2.971315383911133,2.6599693298339844,2.7390666007995605,2.5419840812683105,2.562472105026245,2.2825019359588623,2.215502977371216,2.306225299835205,2.0767366886138916,0.5274190306663513,0.39045897126197815,0.0,0.3763062059879303,0.564947247505188,0.8268346190452576,0.9551818370819092,0.8392707109451294,0.9982735514640808,1.141888976097107,1.2694010734558105,1.6206612586975098,1.7179079055786133,1.8200535774230957,1.8351298570632935,1.5429965257644653,1.7445704936981201,1.6996904611587524,1.5331988334655762,1.8569672107696533,1.691523551940918,1.853952407836914,2.1247317790985107,2.3775649070739746,2.6204137802124023,2.96773624420166,3.2242579460144043,3.4108726978302,3.5128681659698486,3.429098129272461,2.456362724304199,2.7468361854553223,2.649378776550293,2.5851900577545166,2.9207472801208496,2.751591920852661,2.776679277420044,3.0624136924743652,3.2855846881866455,3.5768773555755615,3.7614450454711914,3.985729217529297,4.352939605712891,4.595818519592285,4.635040283203125,3.98093581199646,4.318448066711426,4.532027721405029,4.749711990356445,5.0869832038879395,5.239479064941406,5.479945182800293,5.481144428253174,5.844888687133789,5.877526760101318,6.244521617889404,6.241824626922607,6.420358657836914,6.773463726043701,6.819264888763428
B4,2.372314453125,2.2568490505218506,2.2746407985687256,2.5400545597076416,2.4458470344543457,2.812662363052368,2.7852981090545654,2.500523328781128,2.618805408477783,2.4624083042144775,2.5297648906707764,2.2951691150665283,2.277836799621582,2.401540994644165,2.2002675533294678,0.7874308228492737,0.6049455404281616,0.3763062059879303,0.0,0.38790836930274963,0.5220428109169006,0.7591995596885681,0.7989698648452759,1.049370288848877,1.2592928409576416,1.468057632446289,1.8305379152297974,1.9877763986587524,2.1254172325134277,2.171288251876831,1.7924519777297974,1.9317697286605835,1.8594095706939697,1.6223933696746826,1.8935630321502686,1.6644577980041504,1.8232896327972412,2.1430461406707764,2.356490135192871,2.642038106918335,2.9647159576416016,3.2457027435302734,3.4433400630950928,3.5738086700439453,3.5230209827423096,2.6104824542999268,2.8718056678771973,2.728754758834839,2.638262987136841,2.9457602500915527,2.7450976371765137,2.7305896282196045,3.025193691253662,3.2135910987854004,3.5224087238311768,3.6766936779022217,3.920288324356079,4.277606010437012,4.536891937255859,4.593725204467773,4.150310039520264,4.4753546714782715,4.69927978515625,4.932577610015869,5.256594657897949,5.429403305053711,5.669462203979492,5.656129360198975,6.0142292976379395,6.0403618812561035,6.400268077850342,6.389923095703125,6.555428981781006,6.901291370391846,6.934457302093506
B5,2.5673506259918213,2.420503616333008,2.4629709720611572,2.6972837448120117,2.5844228267669678,2.9404776096343994,2.931131362915039,2.6657068729400635,2.7632102966308594,2.640448570251465,2.6839346885681152,2.4641997814178467,2.480585813522339,2.640716791152954,2.4683966636657715,1.0763975381851196,0.827422559261322,0.564947247505188,0.38790836930274963,0.0,0.36737126111984253,0.5510804057121277,0.6648960113525391,0.8208516836166382,1.122583270072937,1.362722396850586,1.7226864099502563,1.9069850444793701,2.103850841522217,2.1967461109161377,1.5865904092788696,1.6603065729141235,1.5618221759796143,1.2838135957717896,1.527489185333252,1.2860431671142578,1.466719627380371,1.7984768152236938,2.0163614749908447,2.306626319885254,2.6314380168914795,2.9077680110931396,3.092735528945923,3.2224044799804688,3.1786551475524902,2.35848331451416,2.614628314971924,2.443084955215454,2.3763201236724854,2.6766552925109863,2.495985269546509,2.450221538543701,2.7217321395874023,2.916839599609375,3.2112247943878174,3.3550519943237305,3.5863282680511475,3.947207450866699,4.196143627166748,4.240692138671875,3.840437173843384,4.154851913452148,4.388940334320068,4.629359722137451,4.943751335144043,5.129228591918945,5.371795177459717,5.352612495422363,5.705503940582275,5.733951091766357,6.088989734649658,6.0814409255981445,6.243671417236328,6.58646821975708,6.619951248168945
B6,2.2655584812164307,2.0984909534454346,2.1588382720947266,2.3814311027526855,2.278871536254883,2.6337337493896484,2.6543030738830566,2.415321111679077,2.5368709564208984,2.454376459121704,2.532409906387329,2.358802080154419,2.42331600189209,2.6161885261535645,2.4804272651672363,1.2998937368392944,1.099550485610962,0.8268346190452576,0.5220428109169006,0.36737126111984253,0.0,0.37817293405532837,0.6718100905418396,0.9312243461608887,1.2241010665893555,1.5191890001296997,1.8718628883361816,2.1091489791870117,2.3217289447784424,2.4390861988067627,1.9158563613891602,1.9577635526657104,1.815105676651001,1.5021967887878418,1.6776255369186401,1.375993013381958,1.4999735355377197,1.8624917268753052,2.0189106464385986,2.3465466499328613,2.632725954055786,2.936910629272461,3.147040605545044,3.3142130374908447,3.3111581802368164,2.6615283489227295,2.900827646255493,2.6978487968444824,2.6240272521972656,2.897691249847412,2.7007269859313965,2.6134626865386963,2.8796637058258057,3.0418646335601807,3.34312105178833,3.4501001834869385,3.691328525543213,4.041357517242432,4.297913551330566,4.349204063415527,4.084805965423584,4.384171009063721,4.634261131286621,4.877076148986816,5.1816511154174805,5.3767619132995605,5.626405715942383,5.605077743530273,5.951377868652344,5.984083652496338,6.332830429077148,6.327597141265869,6.483579158782959,6.820838928222656,6.8499836921691895
B7,2.4137110710144043,2.195023536682129,2.2148196697235107,2.3840551376342773,2.2254035472869873,2.5568506717681885,2.554102659225464,2.314586877822876,2.3871285915374756,2.3178658485412598,2.352877616882324,2.186051845550537,2.2792282104492188,2.5087380409240723,2.414510726928711,1.4477155208587646,1.301714539527893,0.9551818370819092,0.7591995596885681,0.5510804057121277,0.37817293405532837,0.0,0.3988465964794159,0.6531842350959778,0.9341790676116943,1.262195348739624,1.5942326784133911,1.8750855922698975,2.122248411178589,2.286238670349121,1.850266695022583,1.8769731521606445,1.6660329103469849,1.3618594408035278,1.5051358938217163,1.195562481880188,1.2361353635787964,1.5819900035858154,1.716335654258728,2.0422263145446777,2.318026542663574,2.630511522293091,2.8636465072631836,3.0487773418426514,3.06398868560791,2.687925100326538,2.949789524078369,2.747448444366455,2.724985122680664,3.0057759284973145,2.8488211631774902,2.74371600151062,2.9734127521514893,3.1548092365264893,3.4275729656219482,3.524587869644165,3.7382023334503174,4.09454345703125,4.3263115882873535,4.34568977355957,3.9491188526153564,4.23822021484375,4.509724140167236,4.734894275665283,5.040742874145508,5.226681709289551,5.494178771972656,5.491799354553223,5.8342509269714355,5.889442443847656,6.237855434417725,6.253727436065674,6.421144485473633,6.761059761047363,6.806702136993408
B8,2.619924545288086,2.39492130279541,2.353978157043457,2.510561466217041,2.3104915618896484,2.6304409503936768,2.5691869258880615,2.292799711227417,2.314502000808716,2.197580099105835,2.1772408485412598,1.9635494947433472,2.02180552482605,2.24068021774292,2.1431074142456055,1.2936931848526,1.2263269424438477,0.8392707109451294,0.7989698648452759,0.6648960113525391,0.6718100905418396,0.3988465964794159,0.0,0.39317283034324646,0.5705784559249878,0.8861749172210693,1.2254043817520142,1.4994951486587524,1.734455943107605,1.9029760360717773,1.6722595691680908,1.7582459449768066,1.5321961641311646,1.3021697998046875,1.5014228820800781,1.2581136226654053,1.2608017921447754,1.5385526418685913,1.7081984281539917,1.9856631755828857,2.2844488620758057,2.5799663066864014,2.8215506076812744,2.9900591373443604,2.980999708175659,2.6585047245025635,2.9572908878326416,2.797482967376709,2.8089089393615723,3.1198675632476807,2.9941389560699463,2.9229848384857178,3.143268346786499,3.359785318374634,3.615133047103882,3.738342523574829,3.9309661388397217,4.298544406890869,4.511402130126953,4.507409572601318,3.8535563945770264,4.153142929077148,4.424939155578613,4.626150608062744,4.948409557342529,5.108623504638672,5.3860063552856445,5.407658100128174,5.755574703216553,5.8269782066345215,6.183577060699463,6.2153520584106445,6.400561809539795,6.749411582946777,6.813321590423584
B9,3.0018270015716553,2.7710113525390625,2.7345333099365234,2.8748526573181152,2.6587324142456055,2.9629533290863037,2.8935959339141846,2.6206459999084473,2.6068572998046875,2.49031662940979,2.423990249633789,2.1968398094177246,2.243250608444214,2.4587225914001465,2.363004446029663,1.4572415351867676,1.3594145774841309,0.9982735514640808,1.049370288848877,0.8208516836166382,0.9312243461608887,0.6531842350959778,0.39317283034324646,0.0,0.3847306966781616,0.6734314560890198,0.9937989115715027,1.263758897781372,1.549966812133789,1.7544091939926147,1.3718268871307373,1.428708553314209,1.1664115190505981,0.9652283191680908,1.1708506345748901,0.98564612865448,0.9819809794425964,1.2105882167816162,1.4291414022445679,1.6682229042053223,1.9977390766143799,2.2679529190063477,2.491117477416992,2.636772632598877,2.6083526611328125,2.38287091255188,2.6950113773345947,2.545846939086914,2.602379083633423,2.9202651977539062,2.8378710746765137,2.769225597381592,2.9571521282196045,3.2010040283203125,3.4264912605285645,3.5607316493988037,3.7252023220062256,4.099654197692871,4.2888336181640625,4.2596330642700195,3.474719762802124,3.7725870609283447,4.0486955642700195,4.2429046630859375,4.566422462463379,4.722487926483154,5.004113674163818,5.0326056480407715,5.379485607147217,5.459224224090576,5.816262245178223,5.857253551483154,6.049310684204102,6.40028715133667,6.474161148071289
B10,3.118040084838867,2.8732354640960693,2.784428119659424,2.90004825592041,2.6481223106384277,2.9310288429260254,2.8145389556884766,2.522765636444092,2.4606354236602783,2.3164405822753906,2.1994571685791016,1.9490559101104736,1.9790372848510742,2.1950206756591797,2.1222596168518066,1.5063908100128174,1.5043458938598633,1.141888976097107,1.2592928409576416,1.122583270072937,1.2241010665893555,0.9341790676116943,0.5705784559249878,0.3847306966781616,0.0,0.34956231713294983,0.6606855392456055,0.9674451947212219,1.2481950521469116,1.4804637432098389,1.471088171005249,1.584999680519104,1.308406114578247,1.206473469734192,1.4141645431518555,1.2855875492095947,1.2085191011428833,1.3464384078979492,1.5462754964828491,1.7324942350387573,2.0488100051879883,2.3065595626831055,2.551323413848877,2.696568012237549,2.6639442443847656,2.5930349826812744,2.928860664367676,2.813692569732666,2.8951351642608643,3.226414918899536,3.1640095710754395,3.1126601696014404,3.2908785343170166,3.5494205951690674,3.7614786624908447,3.9033291339874268,4.052042484283447,4.42920446395874,4.602640628814697,4.55396842956543,3.5628411769866943,3.860964775085449,4.14258337020874,4.306982040405273,4.641882419586182,4.770600318908691,5.065857410430908,5.121772766113281,5.469175815582275,5.569700241088867,5.9308342933654785,5.9911789894104,6.199369430541992,6.555943489074707,6.647898197174072
B11,3.4002442359924316,3.1637232303619385,3.0526468753814697,3.168698787689209,2.90608549118042,3.179851770401001,3.03208065032959,2.723735809326172,2.6319468021392822,2.4536256790161133,2.2951977252960205,2.009611129760742,1.9900425672531128,2.170428514480591,2.084906816482544,1.547833800315857,1.5890569686889648,1.2694010734558105,1.468057632446289,1.362722396850586,1.5191890001296997,1.262195348739624,0.8861749172210693,0.6734314560890198,0.34956231713294983,0.0,0.3639160692691803,0.6206570863723755,0.9036570191383362,1.1529301404953003,1.3626697063446045,1.5306340456008911,1.2766855955123901,1.2805031538009644,1.5207551717758179,1.4730675220489502,1.4048376083374023,1.4631876945495605,1.693501591682434,1.8101484775543213,2.139807939529419,2.3576812744140625,2.5856404304504395,2.695969820022583,2.627441883087158,2.556366205215454,2.9127275943756104,2.840801954269409,2.947415590286255,3.2944397926330566,3.2595062255859375,3.239147424697876,3.4073894023895264,3.6897289752960205,3.8851819038391113,4.050101280212402,4.1811394691467285,4.56290864944458,4.720386981964111,4.655750751495361,3.4518885612487793,3.7584078311920166,4.03099250793457,4.173336029052734,4.520763874053955,4.624871253967285,4.922990322113037,4.997729301452637,5.34853458404541,5.4592108726501465,5.825758934020996,5.896790504455566,6.1185455322265625,6.480981349945068,6.586900234222412
B12,3.6956968307495117,3.444470167160034,3.3110458850860596,3.398676872253418,3.1110591888427734,3.3578951358795166,3.1859354972839355,2.881324529647827,2.7451961040496826,2.5661685466766357,2.3585734367370605,2.0751025676727295,2.051851272583008,2.2314085960388184,2.1802072525024414,1.8579258918762207,1.9239535331726074,1.6206612586975098,1.8305379152297974,1.7226864099502563,1.8718628883361816,1.5942326784133911,1.2254043817520142,0.9937989115715027,0.6606855392456055,0.3639160692691803,0.0,0.3930298686027527,0.7263972759246826,1.0486369132995605,1.4927090406417847,1.6535849571228027,1.3838714361190796,1.462068796157837,1.663330316543579,1.668758511543274,1.5501012802124023,1.518295168876648,1.7283533811569214,1.774956226348877,2.0843746662139893,2.2690024375915527,2.4990062713623047,2.5980560779571533,2.524630069732666,2.6897976398468018,3.054802417755127,3.004366874694824,3.1480658054351807,3.4945051670074463,3.492476463317871,3.4739339351654053,3.6148366928100586,3.9104976654052734,4.0798773765563965,4.245387554168701,4.350576400756836,4.731995105743408,4.86491584777832,4.773534774780273,3.382995367050171,3.6784987449645996,3.9592418670654297,4.071041107177734,4.4216132164001465,4.502180576324463,4.813810348510742,4.914150238037109,5.259688854217529,5.393038749694824,5.758568286895752,5.85123872756958,6.0868401527404785,6.451244831085205,6.575865745544434
B13,3.9627525806427,3.732461929321289,3.5928854942321777,3.7005176544189453,3.420799970626831,3.673842191696167,3.4853243827819824,3.164050817489624,3.0257718563079834,2.8121025562286377,2.592532157897949,2.276256799697876,2.1926443576812744,2.3138585090637207,2.2245750427246094,1.8721798658370972,1.9618531465530396,1.7179079055786133,1.9877763986587524,1.9069850444793701,2.1091489791870117,1.8750855922698975,1.4994951486587524,1.263758897781372,0.9674451947212219,0.6206570863723755,0.3930298686027527,0.0,0.3790714740753174,0.7099698781967163,1.3959145545959473,1.6191279888153076,1.420449137687683,1.5830721855163574,1.8270753622055054,1.8913547992706299,1.823069453239441,1.7633016109466553,2.0115039348602295,2.013070821762085,2.339050531387329,2.480628490447998,2.6731228828430176,2.722261667251587,2.5982654094696045,2.6109228134155273,2.988264322280884,2.9878287315368652,3.1418302059173584,3.50172758102417,3.518805742263794,3.5403192043304443,3.6808154582977295,3.9961094856262207,4.155877113342285,4.350523471832275,4.4458327293396,4.829802513122559,4.954195022583008,4.85788631439209,3.289388418197632,3.5996525287628174,3.8561294078826904,3.951093912124634,4.315090656280518,4.371146202087402,4.675285816192627,4.787591457366943,5.138803482055664,5.272089958190918,5.643845081329346,5.738315582275391,5.984121799468994,6.353856563568115,6.486924648284912
B14,4.082001686096191,3.870162010192871,3.7083184719085693,3.8275346755981445,3.5517451763153076,3.8034138679504395,3.5889875888824463,3.250566244125366,3.106064558029175,2.8543105125427246,2.6232118606567383,2.2783021926879883,2.1353750228881836,2.197572708129883,2.0824923515319824,1.8673442602157593,2.015733480453491,1.8200535774230957,2.1254172325134277,2.103850841522217,2.3217289447784424,2.122248411178589,1.734455943107605,1.549966812133789,1.2481950521469116,0.9036570191383362,0.7263972759246826,0.3790714740753174,0.0,0.3562261164188385,1.5652750730514526,1.8461449146270752,1.7076536417007446,1.8893787860870361,2.163578987121582,2.231159210205078,2.1866211891174316,2.137608051300049,2.3904168605804443,2.3872017860412598,2.710521697998047,2.8412513732910156,3.025317430496216,3.056802749633789,2.9123358726501465,2.778886079788208,3.161041736602783,3.1964244842529297,3.3384463787078857,3.7088966369628906,3.7220449447631836,3.7750844955444336,3.9302737712860107,4.251572608947754,4.4173688888549805,4.6307196617126465,4.7302727699279785,5.115266799926758,5.242740154266357,5.151549339294434,3.4895410537719727,3.8093533515930176,4.043453693389893,4.12283182144165,4.496180057525635,4.528813362121582,4.825072765350342,4.948374271392822,5.303051948547363,5.4354071617126465,5.811445236206055,5.906097888946533,6.159250259399414,6.532558917999268,6.670774459838867
