,A1,A2,A3,A4,A5,A6,A7,A8,A9,A10,A11,A12,A13,A14,A15,B1,B2,B3,B4,B5,B6,B7,B8,B9,B10,B11,B12,B13,B14,B15,C1,C2,C3,C4,C5,C6,C7,C8,C9,C10,C11,C12,C13,C14,C15,D1,D2,D3,D4,D5,D6,D7,D8,D9,D10,D11,D12,D13,D14,D15,E1,E2,E3,E4,E5,E6,E7,E8,E9,E10,E11,E12,E13,E14,E15
A1,0.0,0.38599449396133423,0.604529619216919,0.8866201639175415,1.1877834796905518,1.378953218460083,1.6650421619415283,1.9594743251800537,2.221825361251831,2.3625924587249756,2.6959729194641113,2.8632612228393555,2.8704068660736084,2.8368732929229736,2.7425382137298584,3.618499517440796,3.719017744064331,4.045698642730713,4.082852363586426,4.327004432678223,4.480139255523682,4.768983364105225,4.93561315536499,5.209636688232422,5.392271995544434,5.743581295013428,5.935520648956299,6.12703800201416,6.1091532707214355,6.135868549346924,5.398016452789307,5.334681987762451,5.69395637512207,5.899440765380859,5.9231133460998535,6.274620056152344,6.416566371917725,6.341235160827637,6.686184406280518,6.655349254608154,6.941775321960449,6.849921703338623,6.924985408782959,6.8390889167785645,6.67398738861084,4.668485641479492,4.476762771606445,4.5385332107543945,4.742069244384766,4.487301826477051,4.809350490570068,4.781247138977051,4.465304851531982,4.555372714996338,4.22754430770874,4.34010648727417,4.031072616577148,3.9397172927856445,3.978555202484131,3.7602078914642334,2.6758346557617188,2.2985010147094727,2.240081310272217,2.188955545425415,1.818464756011963,1.9173256158828735,1.936808705329895,1.6742019653320312,1.5637685060501099,1.3892731666564941,1.4495817422866821,1.186751127243042,1.1559255123138428,1.1985982656478882,1.1288641691207886
A2,0.38599449396133423,0.0,0.39079004526138306,0.6305698752403259,0.8834428787231445,1.1301069259643555,1.4238529205322266,1.6859015226364136,1.9203107357025146,2.0794405937194824,2.3967859745025635,2.5683577060699463,2.562305212020874,2.554145574569702,2.432647228240967,3.5095062255859375,3.5729000568389893,3.9069368839263916,3.9264049530029297,4.147387504577637,4.303064823150635,4.605407238006592,4.764291286468506,5.022326946258545,5.220267295837402,5.563400745391846,5.754133224487305,5.963862895965576,5.96821928024292,6.003999710083008,5.276428699493408,5.189344882965088,5.550431251525879,5.738567352294922,5.748768329620361,6.097115516662598,6.249878883361816,6.163124084472656,6.508429527282715,6.493113994598389,6.774582862854004,6.684147834777832,6.7771100997924805,6.710755825042725,6.553543567657471,4.577761173248291,4.360841751098633,4.430525779724121,4.610923767089844,4.345855712890625,4.661056041717529,4.655807971954346,4.3458380699157715,4.423434257507324,4.104942798614502,4.241461753845215,3.9371321201324463,3.880079507827759,3.9522032737731934,3.758718490600586,2.6682682037353516,2.2922933101654053,2.2757585048675537,2.1882917881011963,1.8317646980285645,1.9055968523025513,1.988254427909851,1.7815148830413818,1.6521031856536865,1.560807228088379,1.6204845905303955,1.422963261604309,1.3622440099716187,1.4851945638656616,1.4117889404296875
A3,0.604529619216919,0.39079004526138306,0.0,0.38959699869155884,0.6059999465942383,0.8343138098716736,1.0856646299362183,1.3668830394744873,1.621370553970337,1.7597050666809082,2.0924489498138428,2.2668979167938232,2.293666124343872,2.285121440887451,2.210859537124634,3.2711877822875977,3.334817886352539,3.6526272296905518,3.6485917568206787,3.8801333904266357,4.012495994567871,4.3218994140625,4.499544143676758,4.752744197845459,4.962184429168701,5.302112579345703,5.510058879852295,5.722168445587158,5.727383136749268,5.779969215393066,5.1514434814453125,5.070275783538818,5.440556049346924,5.61629056930542,5.644827365875244,5.984105587005615,6.1550421714782715,6.085818290710449,6.436369895935059,6.437929630279541,6.731142520904541,6.66206169128418,6.766592502593994,6.701861381530762,6.5631103515625,4.605114459991455,4.387867450714111,4.490758419036865,4.675161361694336,4.428170204162598,4.754237651824951,4.773646354675293,4.479984283447266,4.578230381011963,4.275836944580078,4.436588764190674,4.150894641876221,4.108047962188721,4.176657676696777,3.9775350093841553,2.7398929595947266,2.3605823516845703,2.400557279586792,2.354215383529663,2.0158419609069824,2.1417813301086426,2.2578372955322266,2.0525102615356445,1.9714735746383667,1.8702093362808228,1.9680386781692505,1.75212824344635,1.7188668251037598,1.797391414642334,1.7023347616195679
A4,0.8866201639175415,0.6305698752403259,0.38959699869155884,0.0,0.37955281138420105,0.5060614347457886,0.8308101296424866,1.1110948324203491,1.3937311172485352,1.6007344722747803,1.9005448818206787,2.1275813579559326,2.194118022918701,2.2501962184906006,2.1781527996063232,3.449864625930786,3.484912872314453,3.792024612426758,3.751673936843872,3.9692652225494385,4.07908296585083,4.406592845916748,4.593966007232666,4.825107097625732,5.058959007263184,5.386270046234131,5.606818199157715,5.836819648742676,5.861607551574707,5.933630466461182,5.369661808013916,5.272789001464844,5.646116733551025,5.801856994628906,5.825124740600586,6.156825065612793,6.34315824508667,6.269186019897461,6.620222568511963,6.640019416809082,6.930444240570068,6.866740703582764,6.988337993621826,6.940125465393066,6.810275554656982,4.883423805236816,4.64926815032959,4.758500576019287,4.923835277557373,4.669011116027832,4.986246585845947,5.02203893661499,4.732278823852539,4.81494140625,4.518189430236816,4.689882278442383,4.402707099914551,4.379825592041016,4.471280574798584,4.2893452644348145,3.0801126956939697,2.7051355838775635,2.7580275535583496,2.6911888122558594,2.357860803604126,2.4552712440490723,2.580441474914551,2.389981985092163,2.274378776550293,2.188920259475708,2.2455708980560303,2.0318589210510254,1.9398155212402344,2.02168869972229,1.8712313175201416
A5,1.1877834796905518,0.8834428787231445,0.6059999465942383,0.37955281138420105,0.0,0.3775510787963867,0.5908246040344238,0.8074776530265808,1.0456010103225708,1.2436532974243164,1.54190993309021,1.7588192224502563,1.8173363208770752,1.8869143724441528,1.8133009672164917,3.212557315826416,3.216993570327759,3.5217597484588623,3.4634549617767334,3.663083553314209,3.7703399658203125,4.1062703132629395,4.289463520050049,4.507171630859375,4.752281665802002,5.071769714355469,5.293554782867432,5.535436153411865,5.5759758949279785,5.6575846672058105,5.132885932922363,5.022321701049805,5.39740514755249,5.536014556884766,5.557052135467529,5.881460189819336,6.080509662628174,6.006560325622559,6.358138084411621,6.394384384155273,6.685245513916016,6.631998062133789,6.769134998321533,6.734158992767334,6.6182780265808105,4.734012126922607,4.485926628112793,4.6149797439575195,4.765993118286133,4.5172576904296875,4.832814693450928,4.895263671875,4.62139892578125,4.708198547363281,4.429965019226074,4.628090858459473,4.359007835388184,4.364774703979492,4.472181797027588,4.304017543792725,3.039504289627075,2.676307439804077,2.7789204120635986,2.7108712196350098,2.4073822498321533,2.51387095451355,2.6887762546539307,2.5357229709625244,2.4427571296691895,2.3992440700531006,2.485633134841919,2.3046367168426514,2.2357611656188965,2.347747564315796,2.223015069961548
A6,1.378953218460083,1.1301069259643555,0.8343138098716736,0.5060614347457886,0.3775510787963867,0.0,0.3702555000782013,0.6485583186149597,0.9747357368469238,1.2226561307907104,1.4914196729660034,1.7639567852020264,1.8959678411483765,2.0091731548309326,1.984999179840088,3.392566680908203,3.398484230041504,3.6790270805358887,3.589824676513672,3.7968809604644775,3.869218587875366,4.21380615234375,4.419497966766357,4.6246018409729,4.885843753814697,5.196536540985107,5.4378509521484375,5.683884143829346,5.727307319641113,5.827593803405762,5.394896507263184,5.289021968841553,5.668229579925537,5.795926570892334,5.828169345855713,6.143899440765381,6.355814456939697,6.291820049285889,6.6449480056762695,6.6931047439575195,6.988658428192139,6.9467949867248535,7.091159820556641,7.058483600616455,6.951594352722168,5.079602241516113,4.83328104019165,4.972679138183594,5.124091148376465,4.880292892456055,5.196504592895508,5.265216827392578,4.994591236114502,5.0821733474731445,4.805934906005859,5.005212306976318,4.735337257385254,4.739940643310547,4.845577239990234,4.673922061920166,3.387648105621338,3.021853446960449,3.1244893074035645,3.07008695602417,2.759690046310425,2.8716976642608643,3.02970290184021,2.8566553592681885,2.755340337753296,2.682967185974121,2.748901844024658,2.5371320247650146,2.442042589187622,2.5147063732147217,2.343085527420044
A7,1.6650421619415283,1.4238529205322266,1.0856646299362183,0.8308101296424866,0.5908246040344238,0.3702555000782013,0.0,0.34093087911605835,0.6936802268028259,0.9030352234840393,1.179443120956421,1.4515526294708252,1.6238371133804321,1.7437061071395874,1.7744903564453125,3.171269178390503,3.1642680168151855,3.4245152473449707,3.309304714202881,3.5145795345306396,3.5648105144500732,3.9149436950683594,4.132172107696533,4.326341152191162,4.598561763763428,4.90151309967041,5.154826641082764,5.404945373535156,5.454164505004883,5.569553375244141,5.2262139320373535,5.121494293212891,5.504037380218506,5.61639404296875,5.66135835647583,5.965662002563477,6.192856788635254,6.142458438873291,6.497025966644287,6.561485767364502,6.863918781280518,6.840795993804932,6.996472358703613,6.968428134918213,6.8792033195495605,5.047487258911133,4.800413131713867,4.966229438781738,5.115436553955078,4.8890604972839355,5.209357261657715,5.3007025718688965,5.047945022583008,5.15097713470459,4.892748832702637,5.11251163482666,4.8621063232421875,4.881736755371094,4.9869279861450195,4.815673351287842,3.442919969558716,3.0881850719451904,3.2328834533691406,3.2014780044555664,2.9146530628204346,3.0542309284210205,3.239151954650879,3.077836275100708,3.008483409881592,2.943373203277588,3.0399529933929443,2.8319404125213623,2.7647793292999268,2.833160638809204,2.67501163482666
A8,1.9594743251800537,1.6859015226364136,1.3668830394744873,1.1110948324203491,0.8074776530265808,0.6485583186149597,0.34093087911605835,0.0,0.3677750527858734,0.6359333992004395,0.860379159450531,1.1630395650863647,1.359031081199646,1.5335453748703003,1.5692907571792603,3.1296989917755127,3.084742307662964,3.335331916809082,3.193678379058838,3.3716952800750732,3.4116899967193604,3.772149085998535,3.984809160232544,4.156119346618652,4.444875717163086,4.73364782333374,4.989235877990723,5.255101203918457,5.325450420379639,5.453636646270752,5.1571125984191895,5.035489559173584,5.41635799407959,5.507771968841553,5.5464677810668945,5.840865135192871,6.080798625946045,6.026966571807861,6.379481315612793,6.4617438316345215,6.760574817657471,6.745552062988281,6.917703628540039,6.906045436859131,6.829335689544678,5.051919937133789,4.790951728820801,4.968710422515869,5.098851203918457,4.874895095825195,5.186783313751221,5.300417900085449,5.061429500579834,5.159578323364258,4.917680263519287,5.1557793617248535,4.9183735847473145,4.962867736816406,5.085725784301758,4.931086540222168,3.558993339538574,3.2190799713134766,3.3908188343048096,3.348808765411377,3.083834409713745,3.214648485183716,3.427018880844116,3.2932968139648438,3.224970817565918,3.189741373062134,3.290534734725952,3.1049513816833496,3.036358118057251,3.1287646293640137,2.9777262210845947
A9,2.221825361251831,1.9203107357025146,1.621370553970337,1.3937311172485352,1.0456010103225708,0.9747357368469238,0.6936802268028259,0.3677750527858734,0.0,0.37719669938087463,0.526237428188324,0.8367908000946045,1.0281438827514648,1.2548096179962158,1.2827184200286865,3.009357452392578,2.9229915142059326,3.169325590133667,3.0104176998138428,3.155348300933838,3.1969480514526367,3.564082384109497,3.7631211280822754,3.9143431186676025,4.214289665222168,4.490860462188721,4.741744518280029,5.022207736968994,5.113434314727783,5.248571872711182,4.9751152992248535,4.835146903991699,5.212394714355469,5.28464412689209,5.314455032348633,5.600228309631348,5.84981632232666,5.79077672958374,6.140429496765137,6.238085746765137,6.532200813293457,6.52366828918457,6.71073055267334,6.714967727661133,6.649916172027588,4.9324870109558105,4.658330917358398,4.847535133361816,4.95794153213501,4.738525867462158,5.041225433349609,5.177615165710449,4.954953193664551,5.050261974334717,4.827760219573975,5.085148811340332,4.865054607391357,4.93564510345459,5.074813365936279,4.937828540802002,3.5706064701080322,3.2511887550354004,3.452479124069214,3.4008991718292236,3.165347099304199,3.289400100708008,3.532883644104004,3.4325435161590576,3.3733229637145996,3.3730077743530273,3.4866459369659424,3.3301291465759277,3.2719905376434326,3.3930892944335938,3.2627429962158203
A10,2.3625924587249756,2.0794405937194824,1.7597050666809082,1.6007344722747803,1.2436532974243164,1.2226561307907104,0.9030352234840393,0.6359333992004395,0.37719669938087463,0.0,0.3735334873199463,0.5511308312416077,0.7610503435134888,0.9374854564666748,1.0515964031219482,2.665391206741333,2.5720977783203125,2.8059325218200684,2.638000726699829,2.786024332046509,2.822296619415283,3.189033269882202,3.392688274383545,3.547032356262207,3.845818281173706,4.1244025230407715,4.379679203033447,4.656252384185791,4.743908405303955,4.882795810699463,4.659083366394043,4.526771068572998,4.906135082244873,4.973229885101318,5.0180816650390625,5.297168254852295,5.553959846496582,5.51060676574707,5.861794948577881,5.965827465057373,6.268252849578857,6.2752227783203125,6.464404582977295,6.464823246002197,6.412679672241211,4.725869178771973,4.459453582763672,4.671828746795654,4.788047790527344,4.591188907623291,4.900822639465332,5.051478385925293,4.846168041229248,4.963765621185303,4.757841110229492,5.028621673583984,4.82974100112915,4.905537128448486,5.033552646636963,4.8913254737854,3.446889877319336,3.1446475982666016,3.3806285858154297,3.357632637023926,3.1495766639709473,3.3047523498535156,3.5663981437683105,3.4753854274749756,3.4552361965179443,3.457916498184204,3.607041597366333,3.4557833671569824,3.4358575344085693,3.5526716709136963,3.4485127925872803
A11,2.6959729194641113,2.3967859745025635,2.0924489498138428,1.9005448818206787,1.54190993309021,1.4914196729660034,1.179443120956421,0.860379159450531,0.526237428188324,0.3735334873199463,0.0,0.3756144642829895,0.6744996905326843,0.9719723463058472,1.0880762338638306,2.832298755645752,2.6983020305633545,2.908006429672241,2.7049880027770996,2.8130836486816406,2.8257057666778564,3.200227737426758,3.3988378047943115,3.5160765647888184,3.836737632751465,4.090539455413818,4.350164413452148,4.645674705505371,4.760159015655518,4.917201519012451,4.763932704925537,4.613189220428467,4.986539840698242,5.026700019836426,5.063357830047607,5.327232360839844,5.598522186279297,5.550769329071045,5.896826267242432,6.022267818450928,6.317844390869141,6.333585739135742,6.541399002075195,6.56147575378418,6.522952556610107,4.906728744506836,4.627689361572266,4.847043991088867,4.940454483032227,4.744746208190918,5.040374755859375,5.211179733276367,5.01921272277832,5.1257710456848145,4.935448169708252,5.21904993057251,5.029970645904541,5.127676963806152,5.27369499206543,5.1488871574401855,3.737855911254883,3.4493350982666016,3.6949269771575928,3.6580820083618164,3.4622602462768555,3.600637197494507,3.873558759689331,3.7989771366119385,3.7675323486328125,3.7868828773498535,3.925318479537964,3.784285306930542,3.7486839294433594,3.8771729469299316,3.7634880542755127
A12,2.8632612228393555,2.5683577060699463,2.2668979167938232,2.1275813579559326,1.7588192224502563,1.7639567852020264,1.4515526294708252,1.1630395650863647,0.8367908000946045,0.5511308312416077,0.3756144642829895,0.0,0.3729007840156555,0.6540106534957886,0.8440173864364624,2.5372791290283203,2.3758544921875,2.5771777629852295,2.367233991622925,2.4554951190948486,2.475390672683716,2.849837064743042,3.0377042293548584,3.1509523391723633,3.471604347229004,3.724033832550049,3.979184865951538,4.277447700500488,4.397824764251709,4.555351257324219,4.425734043121338,4.271758556365967,4.643275737762451,4.673761367797852,4.715169429779053,4.972222805023193,5.249629974365234,5.2091522216796875,5.55451774597168,5.68794059753418,5.986385822296143,6.01351261138916,6.226701259613037,6.249577045440674,6.223103046417236,4.657341003417969,4.380034446716309,4.617565155029297,4.706537246704102,4.5297064781188965,4.8246917724609375,5.01254415512085,4.840251445770264,4.961087226867676,4.791170597076416,5.089114665985107,4.923187732696533,5.0333356857299805,5.176425457000732,5.055953025817871,3.613875389099121,3.35098934173584,3.62691593170166,3.6042568683624268,3.4422056674957275,3.595473051071167,3.88912296295166,3.8357529640197754,3.8340721130371094,3.8699562549591064,4.035815715789795,3.9123971462249756,3.90726637840271,4.045245170593262,3.960238456726074
A13,2.8704068660736084,2.562305212020874,2.293666124343872,2.194118022918701,1.8173363208770752,1.8959678411483765,1.6238371133804321,1.359031081199646,1.0281438827514648,0.7610503435134888,0.6744996905326843,0.3729007840156555,0.0,0.38829076290130615,0.49289682507514954,2.3829126358032227,2.1928870677948,2.422985315322876,2.2428228855133057,2.301193952560425,2.3711953163146973,2.73779296875,2.8891055583953857,3.0086193084716797,3.3158957958221436,3.574355125427246,3.8038437366485596,4.105996608734131,4.233624458312988,4.373178005218506,4.150817394256592,3.980142831802368,4.347756385803223,4.379737854003906,4.403845310211182,4.667834758758545,4.93828821182251,4.883590221405029,5.228034019470215,5.357712745666504,5.650136947631836,5.668600082397461,5.883084297180176,5.912040710449219,5.882204055786133,4.3348917961120605,4.0481157302856445,4.283295154571533,4.360025405883789,4.181900501251221,4.47055721282959,4.666072845458984,4.501275062561035,4.619511127471924,4.460450172424316,4.7665886878967285,4.612709045410156,4.737277030944824,4.88903284072876,4.782066345214844,3.3791091442108154,3.137471914291382,3.4259138107299805,3.390415668487549,3.256687879562378,3.3991918563842773,3.7123403549194336,3.690072774887085,3.6984243392944336,3.765683174133301,3.9432144165039062,3.8512754440307617,3.8624064922332764,4.027256965637207,3.9720706939697266
A14,2.8368732929229736,2.554145574569702,2.285121440887451,2.2501962184906006,1.8869143724441528,2.0091731548309326,1.7437061071395874,1.5335453748703003,1.2548096179962158,0.9374854564666748,0.9719723463058472,0.6540106534957886,0.38829076290130615,0.0,0.39228057861328125,2.0021872520446777,1.8171497583389282,2.064116954803467,1.9109711647033691,1.9883543252944946,2.090374708175659,2.4476914405822754,2.5937836170196533,2.7454943656921387,3.0314016342163086,3.311539649963379,3.534076690673828,3.8204948902130127,3.928419828414917,4.053370952606201,3.7984957695007324,3.6424927711486816,4.015855312347412,4.062735557556152,4.10167121887207,4.3726091384887695,4.6374430656433105,4.5960588455200195,4.945277690887451,5.064384937286377,5.3672685623168945,5.390697479248047,5.594160556793213,5.607727527618408,5.578597545623779,4.015868186950684,3.7426693439483643,3.992438554763794,4.086479663848877,3.927813768386841,4.229287624359131,4.424127578735352,4.267601013183594,4.410788059234619,4.258488655090332,4.566890239715576,4.427487850189209,4.544236660003662,4.676416397094727,4.558055877685547,3.0938374996185303,2.8690688610076904,3.1801068782806396,3.172974109649658,3.064396619796753,3.2354047298431396,3.5553791522979736,3.5387327671051025,3.584115743637085,3.65053129196167,3.858543872833252,3.773165464401245,3.821489095687866,3.9808802604675293,3.9547781944274902
A15,2.7425382137298584,2.432647228240967,2.210859537124634,2.1781527996063232,1.8133009672164917,1.984999179840088,1.7744903564453125,1.5692907571792603,1.2827184200286865,1.0515964031219482,1.0880762338638306,0.8440173864364624,0.49289682507514954,0.39228057861328125,0.0,2.1898696422576904,1.9948599338531494,2.2785696983337402,2.167351484298706,2.215297222137451,2.3620622158050537,2.705075740814209,2.8122189044952393,2.9626290798187256,3.2337608337402344,3.512643575668335,3.704875946044922,3.9963834285736084,4.114189147949219,4.218025207519531,3.8221633434295654,3.6413516998291016,4.007045745849609,4.06077766418457,4.065423965454102,4.349759578704834,4.599340438842773,4.526736259460449,4.872956275939941,4.9819111824035645,5.269867897033691,5.268728256225586,5.472018718719482,5.4962029457092285,5.450897693634033,3.872321844100952,3.5787124633789062,3.8035340309143066,3.8785393238067627,3.6937034130096436,3.9837536811828613,4.1749372482299805,4.008400917053223,4.128151893615723,3.970860242843628,4.279423236846924,4.132686614990234,4.262758731842041,4.4165730476379395,4.3174357414245605,2.9541828632354736,2.733084201812744,3.0299737453460693,2.981856107711792,2.8795650005340576,3.0134661197662354,3.3446853160858154,3.355471134185791,3.3808984756469727,3.4807310104370117,3.675403594970703,3.620152473449707,3.6579160690307617,3.849606513977051,3.835927724838257
B1,3.618499517440796,3.5095062255859375,3.2711877822875977,3.449864625930786,3.212557315826416,3.392566680908203,3.171269178390503,3.1296989917755127,3.009357452392578,2.665391206741333,2.832298755645752,2.5372791290283203,2.3829126358032227,2.0021872520446777,2.1898696422576904,0.0,0.3769356608390808,0.5381549000740051,0.8093202710151672,1.0801302194595337,1.3125618696212769,1.405505895614624,1.5079480409622192,1.8618168830871582,1.9155895709991455,2.291109323501587,2.462733507156372,2.579535722732544,2.5105538368225098,2.543936014175415,2.318437099456787,2.3422369956970215,2.7192344665527344,2.8515355587005615,3.0408999919891357,3.301518440246582,3.526536464691162,3.62045955657959,3.9685912132263184,4.030320644378662,4.393317699432373,4.481095314025879,4.608154296875,4.516757965087891,4.520823001861572,3.060908794403076,2.9463517665863037,3.286761522293091,3.4895386695861816,3.50423002243042,3.84318470954895,4.020585060119629,3.9479403495788574,4.23188591003418,4.146496295928955,4.433396816253662,4.397993564605713,4.4539690017700195,4.449679374694824,4.267794609069824,2.5976803302764893,2.544593572616577,2.923273801803589,3.1151177883148193,3.1620562076568604,3.4661848545074463,3.7502810955047607,3.7427046298980713,3.9714391231536865,3.996917724609375,4.323233127593994,4.254756450653076,4.465103626251221,4.554786205291748,4.6440110206604
B2,3.719017744064331,3.5729000568389893,3.334817886352539,3.484912872314453,3.216993570327759,3.398484230041504,3.1642680168151855,3.084742307662964,2.9229915142059326,2.5720977783203125,2.6983020305633545,2.3758544921875,2.1928870677948,1.8171497583389282,1.9948599338531494,0.3769356608390808,0.0,0.3840550482273102,0.6114882826805115,0.7934902310371399,1.084964394569397,1.21628737449646,1.2860263586044312,1.6170309782028198,1.7098227739334106,2.0791571140289307,2.249584674835205,2.411925792694092,2.3958077430725098,2.449500560760498,2.2490227222442627,2.2188880443573,2.6004748344421387,2.695297956466675,2.8628273010253906,3.117703437805176,3.3662030696868896,3.443389892578125,3.793928861618042,3.883230209350586,4.2395806312561035,4.332048416137695,4.486582279205322,4.4250102043151855,4.441767692565918,3.0523979663848877,2.90415096282959,3.2525322437286377,3.419538736343384,3.4270126819610596,3.751295328140259,3.957308769226074,3.89737868309021,4.1656413078308105,4.096490383148193,4.403341770172119,4.376591205596924,4.4629950523376465,4.488008975982666,4.331758499145508,2.7190918922424316,2.6690995693206787,3.0575761795043945,3.2123186588287354,3.2640504837036133,3.541961669921875,3.8490986824035645,3.863800525665283,4.07192850112915,4.124078273773193,4.439420700073242,4.384788990020752,4.576422691345215,4.6907854080200195,4.772161960601807
B3,4.045698642730713,3.9069368839263916,3.6526272296905518,3.792024612426758,3.5217597484588623,3.6790270805358887,3.4245152473449707,3.335331916809082,3.169325590133667,2.8059325218200684,2.908006429672241,2.5771777629852295,2.422985315322876,2.064116954803467,2.2785696983337402,0.5381549000740051,0.3840550482273102,0.0,0.37702494859695435,0.5796448588371277,0.8232607841491699,0.8802120685577393,0.9744333028793335,1.324870228767395,1.399904727935791,1.7716684341430664,1.9673007726669312,2.1124155521392822,2.082254409790039,2.163376569747925,2.2175652980804443,2.217285633087158,2.582310676574707,2.6483945846557617,2.8540198802948,3.0729737281799316,3.3381640911102295,3.452496290206909,3.792949676513672,3.9013733863830566,4.263463497161865,4.387829303741455,4.54750394821167,4.484934329986572,4.529070854187012,3.267354965209961,3.1420702934265137,3.504218101501465,3.6670937538146973,3.7030868530273438,4.017099380493164,4.2334723472595215,4.195247173309326,4.471868515014648,4.420239448547363,4.728605270385742,4.717228412628174,4.8052544593811035,4.822196960449219,4.665276050567627,3.0568161010742188,3.0191731452941895,3.405667781829834,3.5745689868927,3.6291732788085938,3.914248466491699,4.215753555297852,4.223598957061768,4.437691688537598,4.478962421417236,4.796945095062256,4.732062339782715,4.925671100616455,5.027015209197998,5.101722240447998
B4,4.082852363586426,3.9264049530029297,3.6485917568206787,3.751673936843872,3.4634549617767334,3.589824676513672,3.309304714202881,3.193678379058838,3.0104176998138428,2.638000726699829,2.7049880027770996,2.367233991622925,2.2428228855133057,1.9109711647033691,2.167351484298706,0.8093202710151672,0.6114882826805115,0.37702494859695435,0.0,0.38015708327293396,0.5078997611999512,0.6930163502693176,0.8894858360290527,1.187795877456665,1.357568383216858,1.7036973237991333,1.9541364908218384,2.1407148838043213,2.152473211288452,2.2886085510253906,2.518683433532715,2.493767261505127,2.8522799015045166,2.8810532093048096,3.0777957439422607,3.277390480041504,3.5658340454101562,3.6754984855651855,4.012696743011475,4.147546291351318,4.503448009490967,4.636373519897461,4.816329479217529,4.7736992835998535,4.827958106994629,3.5931949615478516,3.447115659713745,3.806307315826416,3.952162981033325,3.970796823501587,4.279542446136475,4.506961822509766,4.462793827056885,4.723672389984131,4.666883945465088,4.983242511749268,4.959787368774414,5.0575971603393555,5.091938018798828,4.940033435821533,3.320004940032959,3.2514808177948,3.635847806930542,3.7880773544311523,3.8147897720336914,4.092859268188477,4.399231910705566,4.395353317260742,4.587283611297607,4.622626781463623,4.927380084991455,4.846673965454102,5.017632484436035,5.1168928146362305,5.166103363037109
B5,4.327004432678223,4.147387504577637,3.8801333904266357,3.9692652225494385,3.663083553314209,3.7968809604644775,3.5145795345306396,3.3716952800750732,3.155348300933838,2.786024332046509,2.8130836486816406,2.4554951190948486,2.301193952560425,1.9883543252944946,2.215297222137451,1.0801302194595337,0.7934902310371399,0.5796448588371277,0.38015708327293396,0.0,0.3781282305717468,0.5378421545028687,0.6268143057823181,0.8862125277519226,1.0911641120910645,1.4234669208526611,1.6617363691329956,1.8908666372299194,1.958122730255127,2.108494758605957,2.3908708095550537,2.327747106552124,2.6731739044189453,2.6602165699005127,2.844071865081787,3.0242323875427246,3.332102060317993,3.4365618228912354,3.767915725708008,3.929166555404663,4.2770795822143555,4.422101974487305,4.62402868270874,4.606070041656494,4.678802967071533,3.5656898021698,3.4060792922973633,3.7719788551330566,3.885880470275879,3.9141831398010254,4.201984405517578,4.454186916351318,4.433340072631836,4.685243606567383,4.653764247894287,4.98386287689209,4.979942798614502,5.103156089782715,5.155364513397217,5.026792049407959,3.478105068206787,3.431178092956543,3.821779251098633,3.952005624771118,3.997537851333618,4.254912376403809,4.576718330383301,4.597646236419678,4.782041072845459,4.842405319213867,5.142820835113525,5.080865859985352,5.245077610015869,5.365253925323486,5.417703628540039
B6,4.480139255523682,4.303064823150635,4.012495994567871,4.07908296585083,3.7703399658203125,3.869218587875366,3.5648105144500732,3.4116899967193604,3.1969480514526367,2.822296619415283,2.8257057666778564,2.475390672683716,2.3711953163146973,2.090374708175659,2.3620622158050537,1.3125618696212769,1.084964394569397,0.8232607841491699,0.5078997611999512,0.3781282305717468,0.0,0.37680280208587646,0.6412415504455566,0.8147963881492615,1.084733486175537,1.3712520599365234,1.6738758087158203,1.9036400318145752,1.9763544797897339,2.1779837608337402,2.689556360244751,2.643035888671875,2.9736099243164062,2.9391849040985107,3.138242721557617,3.2906651496887207,3.6099538803100586,3.731518268585205,4.053249359130859,4.229798316955566,4.576377868652344,4.737830638885498,4.945438861846924,4.930240154266357,5.015719890594482,3.9371836185455322,3.782458543777466,4.148915767669678,4.263814926147461,4.291454315185547,4.578784465789795,4.831697463989258,4.808461666107178,5.058235168457031,5.0221943855285645,5.351830959320068,5.340607643127441,5.460323810577393,5.511844158172607,5.376809597015381,3.7948222160339355,3.7286510467529297,4.115047454833984,4.251088619232178,4.275590896606445,4.5400285720825195,4.855862140655518,4.8577141761779785,5.034931182861328,5.07745361328125,5.372598171234131,5.289808750152588,5.443761825561523,5.548539638519287,5.581222057342529
B7,4.768983364105225,4.605407238006592,4.3218994140625,4.406592845916748,4.1062703132629395,4.21380615234375,3.9149436950683594,3.772149085998535,3.564082384109497,3.189033269882202,3.200227737426758,2.849837064743042,2.73779296875,2.4476914405822754,2.705075740814209,1.405505895614624,1.21628737449646,0.8802120685577393,0.6930163502693176,0.5378421545028687,0.37680280208587646,0.0,0.357302188873291,0.5801335573196411,0.766451358795166,1.0691567659378052,1.3738240003585815,1.5658107995986938,1.6138594150543213,1.8237032890319824,2.4961001873016357,2.4804632663726807,2.7884578704833984,2.7425622940063477,2.9734647274017334,3.0991291999816895,3.417729139328003,3.5719475746154785,3.8819074630737305,4.061235427856445,4.41178560256958,4.595614910125732,4.796874523162842,4.772923946380615,4.8772053718566895,3.9097023010253906,3.7826037406921387,4.159279823303223,4.276266574859619,4.336862564086914,4.615972995758057,4.872259140014648,4.872365474700928,5.136823654174805,5.120870113372803,5.448227405548096,5.459345817565918,5.577768802642822,5.614872932434082,5.47999906539917,3.919379234313965,3.8841285705566406,4.272909641265869,4.42578649520874,4.474175453186035,4.745733261108398,5.058106422424316,5.067654609680176,5.2635884284973145,5.307276248931885,5.613645076751709,5.537983417510986,5.708700656890869,5.809784889221191,5.856729984283447
B8,4.93561315536499,4.764291286468506,4.499544143676758,4.593966007232666,4.289463520050049,4.419497966766357,4.132172107696533,3.984809160232544,3.7631211280822754,3.392688274383545,3.3988378047943115,3.0377042293548584,2.8891055583953857,2.5937836170196533,2.8122189044952393,1.5079480409622192,1.2860263586044312,0.9744333028793335,0.8894858360290527,0.6268143057823181,0.6412415504455566,0.357302188873291,0.0,0.37045350670814514,0.4729593098163605,0.8176398277282715,1.071893334388733,1.2831708192825317,1.3638904094696045,1.5574126243591309,2.220306158065796,2.187999725341797,2.4802334308624268,2.411853075027466,2.6420483589172363,2.7544472217559814,3.0788283348083496,3.2366092205047607,3.5409889221191406,3.7301032543182373,4.07722282409668,4.269974231719971,4.478358268737793,4.464181900024414,4.581119060516357,3.7204818725585938,3.5966343879699707,3.9777169227600098,4.076602458953857,4.1563262939453125,4.418574810028076,4.687832355499268,4.711375713348389,4.976333141326904,4.984355449676514,5.316575050354004,5.350315093994141,5.482794284820557,5.523980140686035,5.405176162719727,3.9132564067840576,3.909019947052002,4.301568031311035,4.446104049682617,4.521944999694824,4.7813334465026855,5.1017985343933105,5.135493278503418,5.337057113647461,5.402066230773926,5.712021350860596,5.658346176147461,5.836052894592285,5.953709602355957,6.016594409942627
B9,5.209636688232422,5.022326946258545,4.752744197845459,4.825107097625732,4.507171630859375,4.6246018409729,4.326341152191162,4.156119346618652,3.9143431186676025,3.547032356262207,3.5160765647888184,3.1509523391723633,3.0086193084716797,2.7454943656921387,2.9626290798187256,1.8618168830871582,1.6170309782028198,1.324870228767395,1.187795877456665,0.8862125277519226,0.8147963881492615,0.5801335573196411,0.37045350670814514,0.0,0.38498008251190186,0.5787801146507263,0.8841918110847473,1.1618047952651978,1.3300765752792358,1.575327754020691,2.40826153755188,2.3497252464294434,2.610836982727051,2.491015911102295,2.708212375640869,2.7805771827697754,3.124574899673462,3.2825615406036377,3.5700063705444336,3.791273355484009,4.124416351318359,4.3344526290893555,4.564694881439209,4.575656890869141,4.71340274810791,3.9690709114074707,3.835092067718506,4.2151713371276855,4.288578510284424,4.369901657104492,4.613999366760254,4.90011739730835,4.936954975128174,5.189907550811768,5.2120280265808105,5.55280065536499,5.594117641448975,5.7432942390441895,5.799258708953857,5.694577693939209,4.236316204071045,4.2311553955078125,4.624871253967285,4.754765033721924,4.828856468200684,5.0765275955200195,5.4047627449035645,5.4447197914123535,5.634781837463379,5.7079243659973145,6.010748863220215,5.958673000335693,6.124390125274658,6.249507904052734,6.302999019622803
B10,5.392271995544434,5.220267295837402,4.962184429168701,5.058959007263184,4.752281665802002,4.885843753814697,4.598561763763428,4.444875717163086,4.214289665222168,3.845818281173706,3.836737632751465,3.471604347229004,3.3158957958221436,3.0314016342163086,3.2337608337402344,1.9155895709991455,1.7098227739334106,1.399904727935791,1.357568383216858,1.0911641120910645,1.084733486175537,0.766451358795166,0.4729593098163605,0.38498008251190186,0.0,0.37690868973731995,0.6125743389129639,0.8222126960754395,0.9566172957420349,1.191042184829712,2.146545171737671,2.1241817474365234,2.3586585521698,2.237534761428833,2.489173412322998,2.5407936573028564,2.874711513519287,3.066009998321533,3.342654228210449,3.5558907985687256,3.8943874835968018,4.121039867401123,4.337281703948975,4.333283424377441,4.484012603759766,3.837122678756714,3.7339539527893066,4.118978500366211,4.198235034942627,4.31144380569458,4.54848051071167,4.831361293792725,4.88855504989624,5.156641483306885,5.19580078125,5.529858589172363,5.591986656188965,5.735840797424316,5.774692535400391,5.669217109680176,4.243712902069092,4.269655227661133,4.662064552307129,4.8077545166015625,4.906406402587891,5.160046577453613,5.482528209686279,5.531163692474365,5.740686893463135,5.8159708976745605,6.130104064941406,6.08799409866333,6.272576808929443,6.395362377166748,6.467142105102539
B11,5.743581295013428,5.563400745391846,5.302112579345703,5.386270046234131,5.071769714355469,5.196536540985107,4.90151309967041,4.73364782333374,4.490860462188721,4.1244025230407715,4.090539455413818,3.724033832550049,3.574355125427246,3.311539649963379,3.512643575668335,2.291109323501587,2.0791571140289307,1.7716684341430664,1.7036973237991333,1.4234669208526611,1.3712520599365234,1.0691567659378052,0.8176398277282715,0.5787801146507263,0.37690868973731995,0.0,0.3768277168273926,0.6353757977485657,0.8777044415473938,1.1675975322723389,2.335829973220825,2.304621934890747,2.4933531284332275,2.3232977390289307,2.5704832077026367,2.5690553188323975,2.9133200645446777,3.1170356273651123,3.3670976161956787,3.6082844734191895,3.931145668029785,4.181197166442871,4.411998271942139,4.426762104034424,4.60247802734375,4.100996017456055,3.9997973442077637,4.383357524871826,4.4425177574157715,4.566372394561768,4.784553050994873,5.079838275909424,5.154420852661133,5.416016101837158,5.472012042999268,5.81048059463501,5.884732246398926,6.040465354919434,6.086299896240234,5.991844654083252,4.60044002532959,4.632083415985107,5.024881839752197,5.164135456085205,5.266218662261963,5.513167858123779,5.8398027420043945,5.894033908843994,6.099423885345459,6.180067539215088,6.491509437561035,6.451387882232666,6.630959987640381,6.75753116607666,6.8250908851623535
B12,5.935520648956299,5.754133224487305,5.510058879852295,5.606818199157715,5.293554782867432,5.4378509521484375,5.154826641082764,4.989235877990723,4.741744518280029,4.379679203033447,4.350164413452148,3.979184865951538,3.8038437366485596,3.534076690673828,3.704875946044922,2.462733507156372,2.249584674835205,1.9673007726669312,1.9541364908218384,1.6617363691329956,1.6738758087158203,1.3738240003585815,1.071893334388733,0.8841918110847473,0.6125743389129639,0.3768277168273926,0.0,0.3799217939376831,0.7199986577033997,0.9563775658607483,2.1312053203582764,2.0931317806243896,2.23717999458313,2.0353574752807617,2.2845897674560547,2.248762845993042,2.5921897888183594,2.8094398975372314,3.0419962406158447,3.2924559116363525,3.607659339904785,3.87213397026062,4.10547399520874,4.127755165100098,4.320211410522461,3.9642107486724854,3.875826835632324,4.256547451019287,4.299080848693848,4.446083068847656,4.643353462219238,4.945502758026123,5.044992923736572,5.307201862335205,5.387441158294678,5.724706172943115,5.822249889373779,5.986971378326416,6.031852722167969,5.951447010040283,4.638116836547852,4.699001789093018,5.089628219604492,5.224464416503906,5.351348876953125,5.588289737701416,5.917078495025635,5.991044044494629,6.203592777252197,6.300259590148926,6.615253925323486,6.594114303588867,6.782405376434326,6.920472145080566,7.003979206085205
B13,6.12703800201416,5.963862895965576,5.722168445587158,5.836819648742676,5.535436153411865,5.683884143829346,5.404945373535156,5.255101203918457,5.022207736968994,4.656252384185791,4.645674705505371,4.277447700500488,4.105996608734131,3.8204948902130127,3.9963834285736084,2.579535722732544,2.411925792694092,2.1124155521392822,2.1407148838043213,1.8908666372299194,1.9036400318145752,1.5658107995986938,1.2831708192825317,1.1618047952651978,0.8222126960754395,0.6353757977485657,0.3799217939376831,0.0,0.37990880012512207,0.6303141713142395,2.065678358078003,2.086960792541504,2.193699359893799,2.0040953159332275,2.2937421798706055,2.2311954498291016,2.5486056804656982,2.8076016902923584,3.020892858505249,3.254155158996582,3.5726513862609863,3.8542983531951904,4.064488410949707,4.063313007354736,4.267491817474365,3.992666482925415,3.939192295074463,4.320431709289551,4.377198219299316,4.550259113311768,4.745858192443848,5.037073612213135,5.148375034332275,5.425700664520264,5.513603687286377,5.840315341949463,5.950078010559082,6.10242223739624,6.126750946044922,6.038539409637451,4.7347331047058105,4.813952922821045,5.200054168701172,5.354503631591797,5.4938883781433105,5.741759777069092,6.0603790283203125,6.132152080535889,6.361588001251221,6.450516223907471,6.774860858917236,6.753644943237305,6.9574174880981445,7.085175037384033,7.179357051849365
B14,6.1091532707214355,5.96821928024292,5.727383136749268,5.861607551574707,5.5759758949279785,5.727307319641113,5.454164505004883,5.325450420379639,5.113434314727783,4.743908405303955,4.760159015655518,4.397824764251709,4.233624458312988,3.928419828414917,4.114189147949219,2.5105538368225098,2.3958077430725098,2.082254409790039,2.152473211288452,1.958122730255127,1.9763544797897339,1.6138594150543213,1.3638904094696045,1.3300765752792358,0.9566172957420349,0.8777044415473938,0.7199986577033997,0.37990880012512207,0.0,0.34929159283638,1.9756919145584106,2.0646510124206543,2.1691906452178955,2.0287675857543945,2.355816125869751,2.307339668273926,2.592439651489258,2.878331184387207,3.0917279720306396,3.289968729019165,3.6208720207214355,3.901435375213623,4.080460071563721,4.044347763061523,4.241732120513916,3.9366185665130615,3.9139859676361084,4.296061992645264,4.380252361297607,4.567553997039795,4.775087833404541,5.047648906707764,5.15590238571167,5.450274467468262,5.531685829162598,5.845831871032715,5.955981731414795,6.088277339935303,6.089331150054932,5.9849677085876465,4.660205841064453,4.748382091522217,5.128713607788086,5.306098937988281,5.450229644775391,5.713347434997559,6.018613338470459,6.08092737197876,6.326619625091553,6.401541233062744,6.734646797180176,6.7081193923950195,6.926851272583008,7.039755821228027,7.142427444458008
