,A1,A2,A3,A4,A5,A6,A7,A8,A9,A10,A11,A12,A13,A14,A15,B1,B2,B3,B4,B5,B6,B7,B8,B9,B10,B11,B12,B13,B14,B15,C1,C2,C3,C4,C5,C6,C7,C8,C9,C10,C11,C12,C13,C14,C15,D1,D2,D3,D4,D5,D6,D7,D8,D9,D10,D11,D12,D13,D14,D15,E1,E2,E3,E4,E5,E6,E7,E8,E9,E10,E11,E12,E13,E14,E15
A1,0.0,0.39164409041404724,0.5913009643554688,0.8709657788276672,1.1380424499511719,1.4469863176345825,1.6098401546478271,1.8713783025741577,2.1333835124969482,2.3153669834136963,2.3726820945739746,2.702840566635132,2.5824825763702393,2.90375018119812,3.270496368408203,4.696288585662842,4.340073108673096,4.460546016693115,4.20747184753418,3.838780641555786,3.715975761413574,3.9436545372009277,3.71282696723938,3.456507444381714,3.6631691455841064,4.010603904724121,3.906555414199829,4.239107608795166,4.575491905212402,4.759639739990234,6.948675155639648,6.799510478973389,6.812260150909424,6.4354143142700195,6.295046329498291,6.287466526031494,6.010311126708984,5.662336826324463,5.5977463722229,5.518977165222168,5.113333702087402,4.998032569885254,5.213320732116699,5.597633361816406,5.7387471199035645,6.928537845611572,6.739243507385254,6.651271343231201,6.337278366088867,6.0102996826171875,5.845229625701904,5.573451995849609,5.255185604095459,5.152792930603027,4.784348487854004,4.706263542175293,4.54597282409668,4.643567085266113,4.885693073272705,5.2482805252075195,5.833025932312012,5.477479457855225,5.540219783782959,5.417638301849365,5.0548095703125,4.9592413902282715,5.144522666931152,4.962146759033203,4.588275909423828,4.664783954620361,4.7787017822265625,4.722933769226074,4.536144256591797,4.385688781738281,4.072169780731201
A2,0.39164409041404724,0.0,0.372564435005188,0.5642551183700562,0.7864258885383606,1.0753124952316284,1.2252174615859985,1.4814060926437378,1.7483350038528442,1.9323972463607788,1.99928617477417,2.328662633895874,2.22938871383667,2.559666872024536,2.9263195991516113,4.3581929206848145,3.9977269172668457,4.107141494750977,3.8577661514282227,3.4871230125427246,3.3497722148895264,3.572057008743286,3.3428826332092285,3.0971624851226807,3.302215099334717,3.651946783065796,3.56508731842041,3.9026153087615967,4.230449199676514,4.421916484832764,6.568052291870117,6.414617538452148,6.427174091339111,6.051322937011719,5.9079508781433105,5.898421764373779,5.623070240020752,5.27474308013916,5.207479953765869,5.128011226654053,4.722534656524658,4.606464385986328,4.82263708114624,5.207594394683838,5.350346088409424,6.556371688842773,6.370814800262451,6.289594650268555,5.976809024810791,5.64721155166626,5.489295482635498,5.218276500701904,4.894282341003418,4.791016101837158,4.422942638397217,4.334236145019531,4.17165994644165,4.262022495269775,4.500433921813965,4.864023685455322,5.5217156410217285,5.166900157928467,5.24697208404541,5.117284297943115,4.753055572509766,4.677496910095215,4.871737480163574,4.691201210021973,4.321203231811523,4.422110080718994,4.548441410064697,4.50029182434082,4.332079887390137,4.207343101501465,3.9142825603485107
A3,0.5913009643554688,0.372564435005188,0.0,0.3848915994167328,0.6879154443740845,0.9408024549484253,1.1377826929092407,1.4249320030212402,1.6460413932800293,1.8646600246429443,1.9785460233688354,2.3301026821136475,2.2757728099823,2.6274092197418213,3.0014705657958984,4.336389541625977,3.9683401584625244,4.0508952140808105,3.7781665325164795,3.4121198654174805,3.2711756229400635,3.469090700149536,3.2119698524475098,2.940014600753784,3.1234869956970215,3.4704935550689697,3.352475881576538,3.6939759254455566,4.029909133911133,4.227883815765381,6.421009063720703,6.286556243896484,6.296074867248535,5.915894508361816,5.78932523727417,5.794254779815674,5.511233329772949,5.162555694580078,5.11520528793335,5.055836200714111,4.64491605758667,4.544264316558838,4.7793426513671875,5.167219161987305,5.29585599899292,6.548933982849121,6.382769584655762,6.3006367683410645,5.9787468910217285,5.648622512817383,5.512802600860596,5.2272233963012695,4.899085998535156,4.819581985473633,4.445041656494141,4.333823204040527,4.191933631896973,4.27464485168457,4.505012035369873,4.874876976013184,5.694399356842041,5.339240074157715,5.439111232757568,5.293185710906982,4.929412364959717,4.878827095031738,5.073065757751465,4.883548259735107,4.519155025482178,4.644665718078613,4.767878532409668,4.70963716506958,4.542844772338867,4.429488658905029,4.14801025390625
A4,0.8709657788276672,0.5642551183700562,0.3848915994167328,0.0,0.3259851932525635,0.6416898369789124,0.9185781478881836,1.1411720514297485,1.403172492980957,1.662833333015442,1.8196756839752197,2.1570944786071777,2.154733896255493,2.5109448432922363,2.8725507259368896,4.234266757965088,3.860884428024292,3.919360399246216,3.6549906730651855,3.28788423538208,3.1107728481292725,3.2849812507629395,3.0211989879608154,2.7681424617767334,2.9246127605438232,3.27691912651062,3.182105302810669,3.541931629180908,3.8603503704071045,4.083746910095215,6.160501956939697,6.020819664001465,6.014199256896973,5.631777763366699,5.511045455932617,5.501209259033203,5.208839416503906,4.86613655090332,4.828278064727783,4.755762100219727,4.346858501434326,4.2632856369018555,4.509952545166016,4.902539253234863,5.046785354614258,6.20174503326416,6.037989139556885,5.946670055389404,5.6202287673950195,5.292623996734619,5.158066272735596,4.866239547729492,4.541949272155762,4.473723888397217,4.095493793487549,3.988938093185425,3.8623576164245605,3.961343765258789,4.204021453857422,4.577078342437744,5.434436321258545,5.075122833251953,5.181391716003418,5.016623020172119,4.655289173126221,4.620007038116455,4.80473518371582,4.602327346801758,4.242982864379883,4.386745929718018,4.502020835876465,4.43303918838501,4.2686052322387695,4.168802738189697,3.903097629547119
A5,1.1380424499511719,0.7864258885383606,0.6879154443740845,0.3259851932525635,0.0,0.3889170289039612,0.6967194676399231,0.8485203385353088,1.1483924388885498,1.4229673147201538,1.5996214151382446,1.9179987907409668,1.9496266841888428,2.30285906791687,2.6513352394104004,4.035556316375732,3.6613099575042725,3.7080276012420654,3.4563183784484863,3.0892484188079834,2.8886446952819824,3.052912473678589,2.795168399810791,2.5659544467926025,2.7132537364959717,3.0681114196777344,3.0033271312713623,3.3707644939422607,3.6726160049438477,3.9084184169769287,5.896153926849365,5.747154712677002,5.73502779006958,5.3535590171813965,5.229033470153809,5.208725452423096,4.915797710418701,4.575287342071533,4.534643173217773,4.451680660247803,4.044988632202148,3.9643783569335938,4.211971282958984,4.605937957763672,4.760631084442139,5.877163410186768,5.712296009063721,5.6222615242004395,5.297030448913574,4.968693733215332,4.834449768066406,4.544111251831055,4.218258380889893,4.148522853851318,3.770597457885742,3.663378953933716,3.5369515419006348,3.639298439025879,3.8861935138702393,4.259668350219727,5.14366340637207,4.784362316131592,4.899758815765381,4.72711181640625,4.366998195648193,4.345746994018555,4.531776428222656,4.328399181365967,3.9742064476013184,4.13508415222168,4.2553629875183105,4.189869403839111,4.039251327514648,3.959538459777832,3.712733030319214
A6,1.4469863176345825,1.0753124952316284,0.9408024549484253,0.6416898369789124,0.3889170289039612,0.0,0.36653441190719604,0.5337727069854736,0.7737708687782288,1.0652648210525513,1.277532696723938,1.601523995399475,1.6781991720199585,2.039694309234619,2.384883403778076,3.6931686401367188,3.3160295486450195,3.3460593223571777,3.087989568710327,2.724045515060425,2.5173189640045166,2.6722166538238525,2.408658981323242,2.1776185035705566,2.3261053562164307,2.6810853481292725,2.62205171585083,2.988490581512451,3.287682056427002,3.5231869220733643,5.530061721801758,5.384482383728027,5.3817596435546875,5.001328468322754,4.874171733856201,4.86626672744751,4.579405307769775,4.233583450317383,4.190077304840088,4.123294353485107,3.712934732437134,3.6262199878692627,3.875856876373291,4.268629550933838,4.409698009490967,5.637598514556885,5.485007286071777,5.41241979598999,5.090115070343018,4.756791114807129,4.643214702606201,4.354437351226807,4.01631498336792,3.9477033615112305,3.573359966278076,3.434274673461914,3.303392171859741,3.3768038749694824,3.603447675704956,3.977701187133789,5.012434959411621,4.661309719085693,4.804835319519043,4.630766868591309,4.272282600402832,4.281220436096191,4.484391212463379,4.293182849884033,3.9505960941314697,4.141060829162598,4.281670093536377,4.232897758483887,4.1117401123046875,4.0651631355285645,3.8464410305023193
A7,1.6098401546478271,1.2252174615859985,1.1377826929092407,0.9185781478881836,0.6967194676399231,0.36653441190719604,0.0,0.3738512396812439,0.5240094065666199,0.7447109222412109,0.9225680232048035,1.2605183124542236,1.3223247528076172,1.6880024671554565,2.0395822525024414,3.3434975147247314,2.9679486751556396,3.0144076347351074,2.762190580368042,2.3939924240112305,2.2022125720977783,2.385913372039795,2.1457676887512207,1.9254921674728394,2.116861581802368,2.469909191131592,2.4330146312713623,2.7818126678466797,3.0805349349975586,3.294708251953125,5.345070838928223,5.190711498260498,5.209549903869629,4.835871696472168,4.688855171203613,4.690850257873535,4.423012733459473,4.069198131561279,4.000101089477539,3.942021369934082,3.531874656677246,3.4146687984466553,3.6435670852661133,4.030288219451904,4.159202575683594,5.525538921356201,5.370184421539307,5.3221940994262695,5.012960433959961,4.673831939697266,4.564850807189941,4.293106555938721,3.9436261653900146,3.850919485092163,3.4884679317474365,3.3306291103363037,3.1685678958892822,3.206125020980835,3.4094207286834717,3.7778244018554688,4.840710639953613,4.499978542327881,4.658236980438232,4.502598762512207,4.143418312072754,4.161013603210449,4.388297080993652,4.222329616546631,3.885209083557129,4.083436965942383,4.252425670623779,4.233323097229004,4.141486167907715,4.1167097091674805,3.912882089614868
A8,1.8713783025741577,1.4814060926437378,1.4249320030212402,1.1411720514297485,0.8485203385353088,0.5337727069854736,0.3738512396812439,0.0,0.396475613117218,0.6532289385795593,0.8788877129554749,1.144018530845642,1.2824779748916626,1.6232805252075195,1.9378281831741333,3.2802515029907227,2.9069902896881104,2.930668830871582,2.703673839569092,2.3415422439575195,2.1046464443206787,2.261183738708496,2.0312163829803467,1.860866665840149,2.0193984508514404,2.371354579925537,2.383565902709961,2.743480682373047,3.009639024734497,3.2479634284973145,5.1265788078308105,4.958798408508301,4.96154260635376,4.58764123916626,4.439723014831543,4.419690132141113,4.14513635635376,3.797618865966797,3.7301549911499023,3.6491689682006836,3.2425103187561035,3.1381728649139404,3.3738644123077393,3.765580177307129,3.918063163757324,5.170022487640381,5.011430263519287,4.9568986892700195,4.646096706390381,4.307844638824463,4.195277214050293,3.9221410751342773,3.5743672847747803,3.4840445518493652,3.119109630584717,2.9676475524902344,2.8122823238372803,2.867034912109375,3.086582899093628,3.458319902420044,4.5366902351379395,4.193000316619873,4.35764741897583,4.185850143432617,3.8299434185028076,3.8637499809265137,4.083695411682129,3.9097533226013184,3.5806427001953125,3.7978973388671875,3.963498115539551,3.9407436847686768,3.859832525253296,3.8551177978515625,3.6742873191833496
A9,2.1333835124969482,1.7483350038528442,1.6460413932800293,1.403172492980957,1.1483924388885498,0.7737708687782288,0.5240094065666199,0.396475613117218,0.0,0.3515501916408539,0.6678585410118103,0.9411025643348694,1.1487369537353516,1.4895539283752441,1.7965610027313232,2.9779162406921387,2.599938154220581,2.601716995239258,2.3541295528411865,1.9959148168563843,1.7610548734664917,1.9075853824615479,1.6605576276779175,1.470499038696289,1.6411665678024292,1.9936933517456055,1.9995476007461548,2.353323459625244,2.625448703765869,2.856447458267212,4.822829723358154,4.666801452636719,4.686587810516357,4.313847541809082,4.1654052734375,4.171334266662598,3.9065465927124023,3.5506458282470703,3.4816999435424805,3.434016227722168,3.022031545639038,2.9070541858673096,3.14524245262146,3.5329015254974365,3.6562788486480713,5.090509414672852,4.95178747177124,4.920076847076416,4.614230632781982,4.2729644775390625,4.191067218780518,3.9211370944976807,3.5624072551727295,3.4781763553619385,3.1241111755371094,2.9290623664855957,2.7720513343811035,2.779170274734497,2.9606668949127197,3.329418659210205,4.599767208099365,4.270654678344727,4.464838027954102,4.296905994415283,3.9475584030151367,4.011666774749756,4.248218059539795,4.091022491455078,3.778379201889038,4.018083572387695,4.200829982757568,4.193721294403076,4.137641429901123,4.157193183898926,3.997231960296631
A10,2.3153669834136963,1.9323972463607788,1.8646600246429443,1.662833333015442,1.4229673147201538,1.0652648210525513,0.7447109222412109,0.6532289385795593,0.3515501916408539,0.0,0.3409208059310913,0.6068402528762817,0.8318293690681458,1.1625691652297974,1.4669491052627563,2.645449161529541,2.2687737941741943,2.2925591468811035,2.0570030212402344,1.6919859647750854,1.4733237028121948,1.6641857624053955,1.4607635736465454,1.302374243736267,1.5326374769210815,1.8710707426071167,1.9138883352279663,2.23506236076355,2.4988625049591064,2.699998378753662,4.693103790283203,4.525426387786865,4.569516658782959,4.207087993621826,4.034856796264648,4.049983024597168,3.8097293376922607,3.4478955268859863,3.3467934131622314,3.3069982528686523,2.9001519680023193,2.74674916267395,2.95500111579895,3.3330814838409424,3.443307876586914,5.020545482635498,4.877301216125488,4.871811866760254,4.582947254180908,4.238487243652344,4.159356117248535,3.911931037902832,3.5461196899414062,3.43396258354187,3.0989224910736084,2.889331102371216,2.6967825889587402,2.6618196964263916,2.8133983612060547,3.1709885597229004,4.449883460998535,4.134213447570801,4.341176986694336,4.195300102233887,3.848386526107788,3.9190785884857178,4.178239345550537,4.049081802368164,3.745023488998413,3.98742938041687,4.196242332458496,4.21860408782959,4.190216541290283,4.227951526641846,4.081391334533691
A11,2.3726820945739746,1.99928617477417,1.9785460233688354,1.8196756839752197,1.5996214151382446,1.277532696723938,0.9225680232048035,0.8788877129554749,0.6678585410118103,0.3409208059310913,0.0,0.3719364404678345,0.4983349144458771,0.842849612236023,1.1737385988235474,2.443739652633667,2.0736095905303955,2.1481988430023193,1.9357640743255615,1.5647059679031372,1.3905439376831055,1.6459708213806152,1.5078730583190918,1.3860151767730713,1.6701487302780151,1.9843593835830688,2.051830291748047,2.3335115909576416,2.5910041332244873,2.753960609436035,4.765451908111572,4.583642959594727,4.649972438812256,4.299912452697754,4.103379249572754,4.121460914611816,3.906036615371704,3.5427086353302,3.4079904556274414,3.3664491176605225,2.970659017562866,2.778787851333618,2.947629928588867,3.3119900226593018,3.4149487018585205,5.083685874938965,4.927048683166504,4.941009998321533,4.66942834854126,4.323780536651611,4.234100818634033,4.010607719421387,3.643423557281494,3.4981396198272705,3.1807942390441895,2.9765100479125977,2.7461254596710205,2.684692859649658,2.8165786266326904,3.1590559482574463,4.3388590812683105,4.033167362213135,4.238178253173828,4.120946884155273,3.7736356258392334,3.8324790000915527,4.111273765563965,4.008862495422363,3.7056291103363037,3.934861660003662,4.1658735275268555,4.215303421020508,4.204113006591797,4.246321678161621,4.100440979003906
A12,2.702840566635132,2.328662633895874,2.3301026821136475,2.1570944786071777,1.9179987907409668,1.601523995399475,1.2605183124542236,1.144018530845642,0.9411025643348694,0.6068402528762817,0.3719364404678345,0.0,0.39552536606788635,0.6067359447479248,0.8666682839393616,2.1756579875946045,1.8145785331726074,1.8915590047836304,1.7263342142105103,1.3687708377838135,1.1745367050170898,1.4436970949172974,1.3774514198303223,1.3496726751327515,1.632347822189331,1.9136723279953003,2.049133062362671,2.3014373779296875,2.51621150970459,2.6695663928985596,4.538231372833252,4.336920261383057,4.411602020263672,4.072657585144043,3.8558099269866943,3.8648805618286133,3.6680707931518555,3.307743787765503,3.1457223892211914,3.0939488410949707,2.710522174835205,2.492953062057495,2.634669303894043,2.9911346435546875,3.1004538536071777,4.807157039642334,4.645745754241943,4.678762912750244,4.4228620529174805,4.077674388885498,3.9902021884918213,3.78808856010437,3.419783592224121,3.253009080886841,2.9571962356567383,2.7449686527252197,2.489102840423584,2.396411657333374,2.506774663925171,2.8372175693511963,4.0403594970703125,3.7475292682647705,3.9698164463043213,3.861570358276367,3.5226454734802246,3.601393461227417,3.8932642936706543,3.812117099761963,3.5276365280151367,3.7712981700897217,4.020140647888184,4.091892242431641,4.112518787384033,4.183622360229492,4.066915988922119
A13,2.5824825763702393,2.22938871383667,2.2757728099823,2.154733896255493,1.9496266841888428,1.6781991720199585,1.3223247528076172,1.2824779748916626,1.1487369537353516,0.8318293690681458,0.4983349144458771,0.39552536606788635,0.0,0.3710475265979767,0.742220938205719,2.210617780685425,1.8667049407958984,2.017549753189087,1.8691242933273315,1.516222357749939,1.4050134420394897,1.7237287759780884,1.69097101688385,1.64559006690979,1.9622666835784912,2.234175682067871,2.3481342792510986,2.5769314765930176,2.8066372871398926,2.924299955368042,4.861182689666748,4.654044151306152,4.745035171508789,4.415609359741211,4.185192108154297,4.197126388549805,4.016878604888916,3.6584274768829346,3.4772188663482666,3.4225354194641113,3.051071882247925,2.8116631507873535,2.9196131229400635,3.258918285369873,3.3612053394317627,5.096645355224609,4.9184160232543945,4.958069324493408,4.7137770652771,4.369886875152588,4.26244592666626,4.076636791229248,3.7130351066589355,3.520631790161133,3.2339508533477783,3.0451602935791016,2.765144109725952,2.6727237701416016,2.779247283935547,3.0931501388549805,4.093372821807861,3.8047800064086914,4.005598068237305,3.930156707763672,3.5869557857513428,3.6303372383117676,3.9346354007720947,3.873019218444824,3.5775086879730225,3.7882697582244873,4.0500030517578125,4.139668941497803,4.158226013183594,4.212584972381592,4.076552391052246
A14,2.90375018119812,2.559666872024536,2.6274092197418213,2.5109448432922363,2.30285906791687,2.039694309234619,1.6880024671554565,1.6232805252075195,1.4895539283752441,1.1625691652297974,0.842849612236023,0.6067359447479248,0.3710475265979767,0.0,0.3835145831108093,1.9696377515792847,1.653723120689392,1.8442052602767944,1.7579071521759033,1.4398914575576782,1.3641659021377563,1.7013320922851562,1.7489445209503174,1.7725510597229004,2.0914838314056396,2.323753833770752,2.481271982192993,2.6696557998657227,2.8648900985717773,2.954845905303955,4.781154632568359,4.556253910064697,4.664529323577881,4.353001594543457,4.099390506744385,4.107913017272949,3.956350088119507,3.6049513816833496,3.3913676738739014,3.3314831256866455,2.9834325313568115,2.7120578289031982,2.7737364768981934,3.0894224643707275,3.188014507293701,4.985330581665039,4.798915386199951,4.862596035003662,4.640898704528809,4.300739288330078,4.191573619842529,4.035337448120117,3.6758387088775635,3.455430746078491,3.199064254760742,3.0113799571990967,2.7023544311523438,2.5753495693206787,2.6500906944274902,2.936488389968872,3.875981330871582,3.607473373413086,3.8181345462799072,3.768998622894287,3.4368038177490234,3.4871666431427,3.809512138366699,3.7806668281555176,3.5040290355682373,3.7144675254821777,3.998422861099243,4.1178765296936035,4.167851448059082,4.244161128997803,4.130471706390381
A15,3.270496368408203,2.9263195991516113,3.0014705657958984,2.8725507259368896,2.6513352394104004,2.384883403778076,2.0395822525024414,1.9378281831741333,1.7965610027313232,1.4669491052627563,1.1737385988235474,0.8666682839393616,0.742220938205719,0.3835145831108093,0.0,1.7460139989852905,1.4679758548736572,1.674886703491211,1.665482521057129,1.4011197090148926,1.3399367332458496,1.6641254425048828,1.7885701656341553,1.8874818086624146,2.187696695327759,2.377380609512329,2.5835301876068115,2.736335515975952,2.8869309425354004,2.9592854976654053,4.6129984855651855,4.36934232711792,4.489580154418945,4.196689128875732,3.922372341156006,3.9232239723205566,3.7992537021636963,3.458693504333496,3.2156131267547607,3.1477553844451904,2.8273324966430664,2.529323101043701,2.5450711250305176,2.835763692855835,2.9352834224700928,4.771883487701416,4.580921649932861,4.668428421020508,4.469346523284912,4.134773254394531,4.028963088989258,3.902043581008911,3.5488102436065674,3.3057098388671875,3.083242416381836,2.893878698348999,2.5625007152557373,2.3986825942993164,2.437725305557251,2.693586587905884,3.617522954940796,3.371352195739746,3.599717378616333,3.5690395832061768,3.2527213096618652,3.3229384422302246,3.6589667797088623,3.659903049468994,3.409868001937866,3.6295957565307617,3.931290626525879,4.076071262359619,4.160034656524658,4.264716625213623,4.181663990020752
B1,4.696288585662842,4.3581929206848145,4.336389541625977,4.234266757965088,4.035556316375732,3.6931686401367188,3.3434975147247314,3.2802515029907227,2.9779162406921387,2.645449161529541,2.443739652633667,2.1756579875946045,2.210617780685425,1.9696377515792847,1.7460139989852905,0.0,0.38062891364097595,0.5669633150100708,0.8539316654205322,1.0822148323059082,1.3366037607192993,1.476688027381897,1.809354543685913,2.029813766479492,2.249638557434082,2.1780683994293213,2.4141361713409424,2.293686628341675,2.2898457050323486,2.151110887527466,3.6963539123535156,3.4979381561279297,3.748991012573242,3.546358823776245,3.2461864948272705,3.382446050643921,3.4016759395599365,3.1027660369873047,2.8177707195281982,2.9292266368865967,2.7268269062042236,2.3807449340820312,2.2656843662261963,2.3737714290618896,2.235861301422119,4.883479118347168,4.790261268615723,4.98822021484375,4.854333400726318,4.555264472961426,4.579862594604492,4.506224155426025,4.173811435699463,3.9745595455169678,3.85659122467041,3.564154863357544,3.286982774734497,2.9571375846862793,2.7725284099578857,2.8850879669189453,4.410388469696045,4.277008533477783,4.5896124839782715,4.583618640899658,4.34799337387085,4.520035743713379,4.863304138183594,4.919285774230957,4.75588321685791,5.023183345794678,5.339340686798096,5.509146690368652,5.651057720184326,5.813228607177734,5.786659240722656
B2,4.340073108673096,3.9977269172668457,3.9683401584625244,3.860884428024292,3.6613099575042725,3.3160295486450195,2.9679486751556396,2.9069902896881104,2.599938154220581,2.2687737941741943,2.0736095905303955,1.8145785331726074,1.8667049407958984,1.653723120689392,1.4679758548736572,0.38062891364097595,0.0,0.3845037817955017,0.5716274976730347,0.7214452624320984,0.9799380302429199,1.1694085597991943,1.4818826913833618,1.6847410202026367,1.9295891523361206,1.8974604606628418,2.126221179962158,2.051002025604248,2.0906126499176025,1.9948725700378418,3.727725028991699,3.533937454223633,3.756622076034546,3.519925594329834,3.234548330307007,3.359440326690674,3.335242509841919,3.013197660446167,2.7488460540771484,2.846395969390869,2.5980114936828613,2.262707471847534,2.202335834503174,2.371663808822632,2.271296977996826,4.836108207702637,4.73696231842041,4.9085869789123535,4.74893856048584,4.437595844268799,4.451701641082764,4.351078987121582,4.006101608276367,3.816555976867676,3.666264533996582,3.3717432022094727,3.0980582237243652,2.791264295578003,2.6445398330688477,2.803784132003784,4.36334753036499,4.199638843536377,4.505119323730469,4.47765588760376,4.221407413482666,4.384954929351807,4.723364353179932,4.7549872398376465,4.570863246917725,4.840751647949219,5.147603511810303,5.300385475158691,5.42281436920166,5.5718607902526855,5.530881881713867
B3,4.460546016693115,4.107141494750977,4.0508952140808105,3.919360399246216,3.7080276012420654,3.3460593223571777,3.0144076347351074,2.930668830871582,2.601716995239258,2.2925591468811035,2.1481988430023193,1.8915590047836304,2.017549753189087,1.8442052602767944,1.674886703491211,0.5669633150100708,0.3845037817955017,0.0,0.37403884530067444,0.6608060598373413,0.8622097969055176,0.9296128153800964,1.2703214883804321,1.5193455219268799,1.704425573348999,1.6199027299880981,1.8777166604995728,1.7753970623016357,1.767930269241333,1.6793252229690552,3.3636646270751953,3.181070566177368,3.4022343158721924,3.16090726852417,2.8854846954345703,3.027263641357422,3.001279830932617,2.679609775543213,2.4292891025543213,2.5578691959381104,2.3129141330718994,1.9930555820465088,1.9527534246444702,2.121253252029419,1.995653748512268,4.621945381164551,4.54788875579834,4.720034599304199,4.555208206176758,4.248204231262207,4.290968418121338,4.181173324584961,3.838796854019165,3.6779067516326904,3.5322465896606445,3.21506929397583,2.972482919692993,2.6543924808502197,2.487935781478882,2.6451597213745117,4.411645412445068,4.247772216796875,4.569584846496582,4.515439033508301,4.266513347625732,4.457281112670898,4.783047199249268,4.79942512512207,4.625795841217041,4.917891979217529,5.212690353393555,5.350536823272705,5.472962379455566,5.632376670837402,5.603952407836914
B4,4.20747184753418,3.8577661514282227,3.7781665325164795,3.6549906730651855,3.4563183784484863,3.087989568710327,2.762190580368042,2.703673839569092,2.3541295528411865,2.0570030212402344,1.9357640743255615,1.7263342142105103,1.8691242933273315,1.7579071521759033,1.665482521057129,0.8539316654205322,0.5716274976730347,0.37403884530067444,0.0,0.37308841943740845,0.638973593711853,0.7300453186035156,1.0096814632415771,1.2029032707214355,1.4158871173858643,1.3520352840423584,1.5665322542190552,1.4794552326202393,1.532867670059204,1.457664966583252,3.460336446762085,3.30526065826416,3.509209394454956,3.242013692855835,2.995558023452759,3.1479179859161377,3.0847716331481934,2.746534824371338,2.535308361053467,2.6736156940460205,2.389336347579956,2.1005256175994873,2.124833583831787,2.334678888320923,2.220848321914673,4.78649377822876,4.717856407165527,4.866466999053955,4.677003860473633,4.361913204193115,4.403947353363037,4.263955593109131,3.911526679992676,3.7718234062194824,3.5928215980529785,3.2694504261016846,3.0438954830169678,2.7537596225738525,2.6241719722747803,2.8212969303131104,4.622342109680176,4.434460163116455,4.747314929962158,4.675411224365234,4.408707618713379,4.588479042053223,4.908186435699463,4.9002556800842285,4.704972743988037,4.996487140655518,5.280169486999512,5.398517608642578,5.496676445007324,5.637893199920654,5.589127063751221
B5,3.838780641555786,3.4871230125427246,3.4121198654174805,3.28788423538208,3.0892484188079834,2.724045515060425,2.3939924240112305,2.3415422439575195,1.9959148168563843,1.6919859647750854,1.5647059679031372,1.3687708377838135,1.516222357749939,1.4398914575576782,1.4011197090148926,1.0822148323059082,0.7214452624320984,0.6608060598373413,0.37308841943740845,0.0,0.3671097755432129,0.6269637942314148,0.8319079279899597,0.9738484025001526,1.2549644708633423,1.2861196994781494,1.4791325330734253,1.4845075607299805,1.6104182004928589,1.6018284559249878,3.686436414718628,3.5254204273223877,3.699214220046997,3.407623052597046,3.1705174446105957,3.295313835144043,3.19413423538208,2.840839147567749,2.6437158584594727,2.745076894760132,2.422706365585327,2.1447720527648926,2.208592176437378,2.4667744636535645,2.404900550842285,4.817883491516113,4.731140613555908,4.854402542114258,4.645768642425537,4.320040225982666,4.3376994132995605,4.178755283355713,3.8169796466827393,3.6742656230926514,3.4648971557617188,3.1546361446380615,2.9219765663146973,2.665557384490967,2.5848119258880615,2.8214235305786133,4.53704833984375,4.324461936950684,4.621490001678467,4.541131973266602,4.255983352661133,4.416169166564941,4.732970237731934,4.708786964416504,4.492552757263184,4.775951385498047,5.053463459014893,5.161243438720703,5.2414445877075195,5.366534233093262,5.300899505615234
B6,3.715975761413574,3.3497722148895264,3.2711756229400635,3.1107728481292725,2.8886446952819824,2.5173189640045166,2.2022125720977783,2.1046464443206787,1.7610548734664917,1.4733237028121948,1.3905439376831055,1.1745367050170898,1.4050134420394897,1.3641659021377563,1.3399367332458496,1.3366037607192993,0.9799380302429199,0.8622097969055176,0.638973593711853,0.3671097755432129,0.0,0.3770347535610199,0.5620183348655701,0.7731224298477173,1.0275863409042358,1.1069276332855225,1.3487262725830078,1.4315325021743774,1.551103115081787,1.6278154850006104,3.577332019805908,3.4061830043792725,3.5460782051086426,3.233969211578369,3.0061581134796143,3.103255271911621,2.9696149826049805,2.607930898666382,2.4262797832489014,2.500993013381958,2.1529743671417236,1.8945051431655884,2.002155303955078,2.300384044647217,2.282642364501953,4.551168918609619,4.46220064163208,4.566535949707031,4.343225002288818,4.0135369300842285,4.0280985832214355,3.853944778442383,3.489163875579834,3.3588173389434814,3.1349802017211914,2.8228721618652344,2.603121519088745,2.365051507949829,2.310743570327759,2.5745749473571777,4.345332622528076,4.117406845092773,4.415067672729492,4.309835433959961,4.020859241485596,4.19003438949585,4.493994235992432,4.450413227081299,4.233327865600586,4.528924465179443,4.793753623962402,4.886432647705078,4.960928440093994,5.0892333984375,5.030154705047607
B7,3.9436545372009277,3.572057008743286,3.469090700149536,3.2849812507629395,3.052912473678589,2.6722166538238525,2.385913372039795,2.261183738708496,1.9075853824615479,1.6641857624053955,1.6459708213806152,1.4436970949172974,1.7237287759780884,1.7013320922851562,1.6641254425048828,1.476688027381897,1.1694085597991943,0.9296128153800964,0.7300453186035156,0.6269637942314148,0.3770347535610199,0.0,0.3727206289768219,0.7155714631080627,0.8323875069618225,0.8264708518981934,1.1384414434432983,1.200020432472229,1.2562366724014282,1.3725523948669434,3.2304084300994873,3.0715510845184326,3.203270673751831,2.884317636489868,2.671515464782715,2.7821853160858154,2.641354560852051,2.279200792312622,2.1201250553131104,2.2261922359466553,1.8791782855987549,1.6485393047332764,1.78977370262146,2.0873494148254395,2.0528335571289062,4.342844486236572,4.280860424041748,4.386774063110352,4.1604180335998535,3.8375492095947266,3.8842082023620605,3.703033447265625,3.3440141677856445,3.2461304664611816,3.0326125621795654,2.696671485900879,2.5159740447998047,2.26645827293396,2.1891605854034424,2.4454450607299805,4.405853271484375,4.184414863586426,4.497715950012207,4.370334148406982,4.094671726226807,4.292018890380859,4.582181930541992,4.528223991394043,4.328015327453613,4.644072532653809,4.89691162109375,4.977293014526367,5.05588960647583,5.197643280029297,5.155928134918213
B8,3.71282696723938,3.3428826332092285,3.2119698524475098,3.0211989879608154,2.795168399810791,2.408658981323242,2.1457676887512207,2.0312163829803467,1.6605576276779175,1.4607635736465454,1.5078730583190918,1.3774514198303223,1.69097101688385,1.7489445209503174,1.7885701656341553,1.809354543685913,1.4818826913833618,1.2703214883804321,1.0096814632415771,0.8319079279899597,0.5620183348655701,0.3727206289768219,0.0,0.3775479197502136,0.4821091592311859,0.5895628333091736,0.8570544719696045,1.0243749618530273,1.1596261262893677,1.3472436666488647,3.3595285415649414,3.2253799438476562,3.3278145790100098,2.9866530895233154,2.810389995574951,2.9182255268096924,2.7362678050994873,2.369307518005371,2.261770009994507,2.3634696006774902,1.9890007972717285,1.813764214515686,2.014312505722046,2.3368308544158936,2.3221073150634766,4.463076114654541,4.406365871429443,4.483223915100098,4.2322564125061035,3.905813455581665,3.9503326416015625,3.7377521991729736,3.375227451324463,3.3057169914245605,3.0595765113830566,2.7262651920318604,2.5756397247314453,2.371187686920166,2.3407161235809326,2.6284453868865967,4.587807655334473,4.344837665557861,4.646283149719238,4.497916221618652,4.2095561027526855,4.396843910217285,4.673562526702881,4.591954231262207,4.374271392822266,4.689596652984619,4.924708366394043,4.980497360229492,5.032958507537842,5.15688943862915,5.0982184410095215
B9,3.456507444381714,3.0971624851226807,2.940014600753784,2.7681424617767334,2.5659544467926025,2.1776185035705566,1.9254921674728394,1.860866665840149,1.470499038696289,1.302374243736267,1.3860151767730713,1.3496726751327515,1.64559006690979,1.7725510597229004,1.8874818086624146,2.029813766479492,1.6847410202026367,1.5193455219268799,1.2029032707214355,0.9738484025001526,0.7731224298477173,0.7155714631080627,0.3775479197502136,0.0,0.37963756918907166,0.6292452216148376,0.7100653648376465,0.9597190618515015,1.2075830698013306,1.3994239568710327,3.6411263942718506,3.531165599822998,3.625976085662842,3.277277946472168,3.124765634536743,3.2402076721191406,3.0408592224121094,2.6755268573760986,2.5967063903808594,2.6994004249572754,2.315760850906372,2.165086269378662,2.3821330070495605,2.7099123001098633,2.695107936859131,4.77691650390625,4.7190351486206055,4.777190685272217,4.511179447174072,4.182003498077393,4.217013835906982,3.9846835136413574,3.6199824810028076,3.5617847442626953,3.290311813354492,2.9690563678741455,2.828434467315674,2.6582107543945312,2.660780191421509,2.96517276763916,4.8558454513549805,4.597172737121582,4.88316011428833,4.731321334838867,4.428824424743652,4.594789028167725,4.867696762084961,4.770407676696777,4.531249046325684,4.834249973297119,5.060317516326904,5.101405143737793,5.128359317779541,5.228127479553223,5.143528938293457
B10,3.6631691455841064,3.302215099334717,3.1234869956970215,2.9246127605438232,2.7132537364959717,2.3261053562164307,2.116861581802368,2.0193984508514404,1.6411665678024292,1.5326374769210815,1.6701487302780151,1.632347822189331,1.9622666835784912,2.0914838314056396,2.187696695327759,2.249638557434082,1.9295891523361206,1.704425573348999,1.4158871173858643,1.2549644708633423,1.0275863409042358,0.8323875069618225,0.4821091592311859,0.37963756918907166,0.0,0.3553909361362457,0.4814663231372833,0.7962470054626465,0.9964888691902161,1.2724292278289795,3.3870105743408203,3.296189308166504,3.3678081035614014,3.008791446685791,2.887023687362671,3.0070412158966064,2.7872443199157715,2.4283783435821533,2.3934998512268066,2.514788866043091,2.133880138397217,2.0357613563537598,2.2920517921447754,2.618286371231079,2.6020278930664062,4.604835033416748,4.571723461151123,4.621340274810791,4.347309112548828,4.026197910308838,4.088007926940918,3.842660665512085,3.486570119857788,3.4660682678222656,3.1984851360321045,2.86289644241333,2.768024444580078,2.6054368019104004,2.6037704944610596,2.9046597480773926,4.929100513458252,4.672261714935303,4.967748165130615,4.792486667633057,4.500740051269531,4.688705921173096,4.945069789886475,4.833327293395996,4.607638359069824,4.92767858505249,5.138247489929199,5.163159370422363,5.189305305480957,5.2985687255859375,5.2287492752075195
B11,4.010603904724121,3.651946783065796,3.4704935550689697,3.27691912651062,3.0681114196777344,2.6810853481292725,2.469909191131592,2.371354579925537,1.9936933517456055,1.8710707426071167,1.9843593835830688,1.9136723279953003,2.234175682067871,2.323753833770752,2.377380609512329,2.1780683994293213,1.8974604606628418,1.6199027299880981,1.3520352840423584,1.2861196994781494,1.1069276332855225,0.8264708518981934,0.5895628333091736,0.6292452216148376,0.3553909361362457,0.0,0.39408034086227417,0.5501596331596375,0.6602522730827332,0.9538333415985107,3.0911307334899902,3.0180716514587402,3.1090118885040283,2.7611594200134277,2.6446123123168945,2.798532485961914,2.6022326946258545,2.2523815631866455,2.2229573726654053,2.3921988010406494,2.040316581726074,1.9466828107833862,2.1889078617095947,2.4812846183776855,2.421741247177124,4.548311710357666,4.5387983322143555,4.609302520751953,4.349451541900635,4.038670063018799,4.130002975463867,3.8984885215759277,3.5513484477996826,3.5406782627105713,3.3013479709625244,2.9483726024627686,2.865837812423706,2.6700024604797363,2.6226966381073,2.8924522399902344,5.0297651290893555,4.791999816894531,5.103620529174805,4.931446552276611,4.654956817626953,4.863123893737793,5.121751308441162,5.022069454193115,4.814988613128662,5.145206451416016,5.36083984375,5.393794536590576,5.4361066818237305,5.561005115509033,5.50735330581665
B12,3.906555414199829,3.56508731842041,3.352475881576538,3.182105302810669,3.0033271312713623,2.62205171585083,2.4330146312713623,2.383565902709961,1.9995476007461548,1.9138883352279663,2.051830291748047,2.049133062362671,2.3481342792510986,2.481271982192993,2.5835301876068115,2.4141361713409424,2.126221179962158,1.8777166604995728,1.5665322542190552,1.4791325330734253,1.3487262725830078,1.1384414434432983,0.8570544719696045,0.7100653648376465,0.4814663231372833,0.39408034086227417,0.0,0.400732159614563,0.6909322142601013,0.9637226462364197,3.3417177200317383,3.3030450344085693,3.3911194801330566,3.0441951751708984,2.9565184116363525,3.125959634780884,2.9214513301849365,2.581632614135742,2.580479621887207,2.758301258087158,2.4073355197906494,2.332343816757202,2.5812933444976807,2.870805501937866,2.801508903503418,4.899173736572266,4.895287036895752,4.952565670013428,4.681684494018555,4.371574878692627,4.4613800048828125,4.213954925537109,3.8675248622894287,3.8702924251556396,3.6135902404785156,3.268097400665283,3.1965057849884033,3.023223638534546,2.9955787658691406,3.2746262550354004,5.378800868988037,5.130635738372803,5.432696342468262,5.257759094238281,4.971199035644531,5.1649580001831055,5.420994758605957,5.309126377105713,5.086206912994385,5.407871723175049,5.6158833503723145,5.6360602378845215,5.657333850860596,5.762591361999512,5.687907695770264
B13,4.239107608795166,3.9026153087615967,3.6939759254455566,3.541931629180908,3.3707644939422607,2.988490581512451,2.7818126678466797,2.743480682373047,2.353323459625244,2.23506236076355,2.3335115909576416,2.3014373779296875,2.5769314765930176,2.6696557998657227,2.736335515975952,2.293686628341675,2.051002025604248,1.7753970623016357,1.4794552326202393,1.4845075607299805,1.4315325021743774,1.200020432472229,1.0243749618530273,0.9597190618515015,0.7962470054626465,0.5501596331596375,0.400732159614563,0.0,0.3832436203956604,0.5758979320526123,3.1654016971588135,3.1479954719543457,3.2730329036712646,2.9509599208831787,2.8601462841033936,3.0704126358032227,2.906696319580078,2.5812501907348633,2.568653106689453,2.7911813259124756,2.4757885932922363,2.3845908641815186,2.597031831741333,2.843731164932251,2.722142457962036,4.987344264984131,4.99992561340332,5.083746910095215,4.832032203674316,4.530354976654053,4.640676021575928,4.412964344024658,4.072420120239258,4.070281028747559,3.840247631072998,3.4827423095703125,3.405151844024658,3.1959152221679688,3.124000072479248,3.3707098960876465,5.53424072265625,5.306017875671387,5.621161460876465,5.459872245788574,5.184524059295654,5.389960765838623,5.655820369720459,5.5625200271606445,5.352549076080322,5.677845478057861,5.897943019866943,5.933058738708496,5.970808982849121,6.087759494781494,6.02254056930542
B14,4.575491905212402,4.230449199676514,4.029909133911133,3.8603503704071045,3.6726160049438477,3.287682056427002,3.0805349349975586,3.009639024734497,2.625448703765869,2.4988625049591064,2.5910041332244873,2.51621150970459,2.8066372871398926,2.8648900985717773,2.8869309425354004,2.2898457050323486,2.0906126499176025,1.767930269241333,1.532867670059204,1.6104182004928589,1.551103115081787,1.2562366724014282,1.1596261262893677,1.2075830698013306,0.9964888691902161,0.6602522730827332,0.6909322142601013,0.3832436203956604,0.0,0.38183656334877014,2.790405511856079,2.783278465270996,2.917558431625366,2.607097625732422,2.522608518600464,2.7543647289276123,2.6115572452545166,2.302844285964966,2.299114227294922,2.555171489715576,2.275526762008667,2.2004435062408447,2.4014792442321777,2.6140987873077393,2.4650540351867676,4.767340660095215,4.8011369705200195,4.900969982147217,4.663486003875732,4.374321937561035,4.51088809967041,4.2975172996521,3.9695091247558594,3.9787182807922363,3.777353286743164,3.4088587760925293,3.3481743335723877,3.1171364784240723,3.010408878326416,3.2265400886535645,5.485439777374268,5.274921417236328,5.604452610015869,5.440033912658691,5.182719707489014,5.41112756729126,5.6730780601501465,5.588083744049072,5.400431156158447,5.738711357116699,5.959545612335205,5.999884605407715,6.055614948272705,6.192459583282471,6.150108814239502
