,A1,A2,A3,A4,A5,A6,A7,A8,A9,A10,A11,A12,A13,A14,A15,B1,B2,B3,B4,B5,B6,B7,B8,B9,B10,B11,B12,B13,B14,B15,C1,C2,C3,C4,C5,C6,C7,C8,C9,C10,C11,C12,C13,C14,C15,D1,D2,D3,D4,D5,D6,D7,D8,D9,D10,D11,D12,D13,D14,D15,E1,E2,E3,E4,E5,E6,E7,E8,E9,E10,E11,E12,E13,E14,E15
A1,0.0,0.38993337750434875,0.5239356160163879,0.8310237526893616,0.9338779449462891,1.2968080043792725,1.4230700731277466,1.767635703086853,1.9310415983200073,2.2734248638153076,2.4562458992004395,2.771479845046997,2.791038751602173,3.025789737701416,2.770106315612793,1.318703293800354,1.34628164768219,1.3765277862548828,1.5543793439865112,1.5613864660263062,1.7912155389785767,1.9007562398910522,2.182079792022705,2.318737745285034,2.5997750759124756,2.6475160121917725,3.002810478210449,2.95456600189209,3.2677292823791504,3.092329740524292,2.0123369693756104,2.0192692279815674,2.027564525604248,2.1530871391296387,2.139589309692383,2.3145182132720947,2.3949968814849854,2.6242141723632812,2.7696478366851807,2.9890317916870117,3.0597681999206543,3.3821842670440674,3.3203489780426025,3.6068038940429688,3.4827780723571777,2.604036569595337,2.6162850856781006,2.604008674621582,2.700423240661621,2.6995794773101807,2.8416450023651123,2.9238455295562744,3.114497184753418,3.2883174419403076,3.4491944313049316,3.712871789932251,3.8912665843963623,4.04532527923584,4.100362777709961,3.975346326828003,3.4606645107269287,3.4670486450195312,3.485727310180664,3.5129499435424805,3.4508609771728516,3.5979666709899902,3.5784714221954346,3.687223196029663,3.8226377964019775,3.849912166595459,4.121581077575684,4.0547003746032715,4.433001518249512,4.418768882751465,4.6747541427612305
A2,0.38993337750434875,0.0,0.38555046916007996,0.5460402369499207,0.5608212947845459,0.9398755431175232,1.0413557291030884,1.3984930515289307,1.5550955533981323,1.9016824960708618,2.1001288890838623,2.4115021228790283,2.4523234367370605,2.6878790855407715,2.450371026992798,1.2014576196670532,1.1377705335617065,1.2101459503173828,1.3237723112106323,1.2570699453353882,1.4731403589248657,1.5422110557556152,1.813157558441162,1.9368741512298584,2.2126200199127197,2.2581093311309814,2.6151540279388428,2.576425552368164,2.897707223892212,2.737774610519409,1.870894432067871,1.8263132572174072,1.866025447845459,1.949567437171936,1.8784688711166382,2.0369865894317627,2.0756590366363525,2.287290573120117,2.4131059646606445,2.61924147605896,2.6800596714019775,2.997797966003418,2.938854694366455,3.230236053466797,3.1202962398529053,2.4541947841644287,2.4325029850006104,2.4496941566467285,2.5145366191864014,2.466078519821167,2.5957789421081543,2.638486623764038,2.8124303817749023,2.9621739387512207,3.1062028408050537,3.359332799911499,3.5257372856140137,3.6752238273620605,3.731804609298706,3.6149954795837402,3.309774398803711,3.29699969291687,3.3469953536987305,3.3589372634887695,3.2604010105133057,3.4104702472686768,3.356111764907837,3.465400218963623,3.569950580596924,3.5957024097442627,3.845578193664551,3.7667245864868164,4.143160343170166,4.110030651092529,4.373902320861816
A3,0.5239356160163879,0.38555046916007996,0.0,0.37808969616889954,0.6372904181480408,0.919933557510376,1.1432145833969116,1.467712640762329,1.6939411163330078,2.015315055847168,2.2584452629089355,2.5854928493499756,2.673576831817627,2.9259490966796875,2.7211978435516357,1.303445816040039,1.1888364553451538,1.1395378112792969,1.2031432390213013,1.2032748460769653,1.3581098318099976,1.5083363056182861,1.7639530897140503,1.960492491722107,2.236626386642456,2.342984914779663,2.719266891479492,2.733154773712158,3.0767319202423096,2.9495325088500977,1.944324254989624,1.8532798290252686,1.8181489706039429,1.856045126914978,1.8183398246765137,1.9253252744674683,2.0104875564575195,2.2025692462921143,2.3853604793548584,2.5889663696289062,2.7054996490478516,3.0455470085144043,3.036652088165283,3.356628894805908,3.2772955894470215,2.5173470973968506,2.4525258541107178,2.4160242080688477,2.440263509750366,2.408505916595459,2.4910640716552734,2.5601541996002197,2.708728313446045,2.8978655338287354,3.0349459648132324,3.3231873512268066,3.519315242767334,3.706448793411255,3.800267457962036,3.7194645404815674,3.370095729827881,3.3190090656280518,3.336974620819092,3.3101601600646973,3.205169439315796,3.312919855117798,3.255552053451538,3.3261942863464355,3.438972234725952,3.431234121322632,3.6923418045043945,3.600149631500244,3.969498634338379,3.946383476257324,4.187802791595459
A4,0.8310237526893616,0.5460402369499207,0.37808969616889954,0.0,0.36984413862228394,0.5539892315864563,0.8292917013168335,1.1182678937911987,1.3803706169128418,1.6786757707595825,1.9408384561538696,2.276742935180664,2.3967208862304688,2.6667463779449463,2.4985835552215576,1.4501197338104248,1.2491220235824585,1.227086067199707,1.1819039583206177,1.08637273311615,1.1625540256500244,1.2641737461090088,1.466901421546936,1.671880841255188,1.91795814037323,2.030214309692383,2.4063963890075684,2.445873975753784,2.804901361465454,2.714524269104004,2.0383989810943604,1.8913097381591797,1.8796818256378174,1.8534460067749023,1.7473331689834595,1.8030091524124146,1.832971215248108,1.9736946821212769,2.141968250274658,2.3068058490753174,2.421377658843994,2.7511401176452637,2.758979320526123,3.0885813236236572,3.043015956878662,2.587651252746582,2.483457326889038,2.471885919570923,2.4505674839019775,2.3634328842163086,2.411590099334717,2.429455518722534,2.536471366882324,2.698446035385132,2.7965548038482666,3.0781803131103516,3.2585153579711914,3.446232795715332,3.5503151416778564,3.4905388355255127,3.4260897636413574,3.3517706394195557,3.3989009857177734,3.34963321685791,3.2029504776000977,3.302257537841797,3.20052170753479,3.2572500705718994,3.328645944595337,3.302579641342163,3.533088445663452,3.4119625091552734,3.771700143814087,3.717836380004883,3.9561634063720703
A5,0.9338779449462891,0.5608212947845459,0.6372904181480408,0.36984413862228394,0.0,0.3909149467945099,0.5131434202194214,0.8537026643753052,1.0587822198867798,1.3845856189727783,1.6230158805847168,1.9485505819320679,2.0471203327178955,2.309096336364746,2.1311933994293213,1.4154719114303589,1.207659125328064,1.2926969528198242,1.2478519678115845,1.0517082214355469,1.1573385000228882,1.1464273929595947,1.3435583114624023,1.4721413850784302,1.7085734605789185,1.7644639015197754,2.126885414123535,2.1305370330810547,2.4799745082855225,2.3776931762695312,1.9836446046829224,1.844867467880249,1.9057681560516357,1.890499234199524,1.7257102727890015,1.8083055019378662,1.769361972808838,1.9084721803665161,2.012002468109131,2.164668560028076,2.2234859466552734,2.529442310333252,2.497953176498413,2.8080151081085205,2.750091552734375,2.523151159286499,2.433962106704712,2.4789071083068848,2.4713406562805176,2.34525990486145,2.4214539527893066,2.393061876296997,2.5072999000549316,2.6193504333496094,2.7092607021331787,2.953439474105835,3.0995774269104004,3.2526776790618896,3.3273909091949463,3.2446608543395996,3.352221727371216,3.2974507808685303,3.3851335048675537,3.357793092727661,3.197866201400757,3.330374240875244,3.2125492095947266,3.299046039581299,3.3457393646240234,3.3450582027435303,3.5521483421325684,3.4346187114715576,3.796644687652588,3.7228903770446777,3.982510805130005
A6,1.2968080043792725,0.9398755431175232,0.919933557510376,0.5539892315864563,0.3909149467945099,0.0,0.37569931149482727,0.5764531493186951,0.8773397207260132,1.1413990259170532,1.4277048110961914,1.7650562524795532,1.9263296127319336,2.2110044956207275,2.096177101135254,1.6846460103988647,1.412973165512085,1.4656226634979248,1.3173596858978271,1.0741575956344604,1.0474848747253418,0.9958476424217224,1.0903894901275635,1.255765438079834,1.4416362047195435,1.5327953100204468,1.8989300727844238,1.9606783390045166,2.3338422775268555,2.292355537414551,2.177694797515869,1.9797704219818115,2.028306007385254,1.9391025304794312,1.7299765348434448,1.7333790063858032,1.6513127088546753,1.713579773902893,1.8183244466781616,1.916753888130188,1.9957540035247803,2.294564962387085,2.3064932823181152,2.6371567249298096,2.6330602169036865,2.6766834259033203,2.5378239154815674,2.581925392150879,2.51721453666687,2.349001407623291,2.369413137435913,2.298715353012085,2.3539977073669434,2.4487783908843994,2.4891726970672607,2.736804485321045,2.875612258911133,3.0441086292266846,3.14599347114563,3.103489637374878,3.4757161140441895,3.3850560188293457,3.484578847885132,3.421617269515991,3.2231056690216064,3.328202724456787,3.1682345867156982,3.223944664001465,3.2313249111175537,3.1983890533447266,3.375006675720215,3.2227511405944824,3.5677480697631836,3.465317487716675,3.710768938064575
A7,1.4230700731277466,1.0413557291030884,1.1432145833969116,0.8292917013168335,0.5131434202194214,0.37569931149482727,0.0,0.3923828899860382,0.5540573596954346,0.8810356855392456,1.1401499509811401,1.4553756713867188,1.5907686948776245,1.856982707977295,1.7271976470947266,1.6554899215698242,1.394482135772705,1.5378284454345703,1.4112781286239624,1.1019787788391113,1.1257094144821167,0.9544788002967834,1.049018383026123,1.0937728881835938,1.2721139192581177,1.2827457189559937,1.6322137117385864,1.643105387687683,2.003614664077759,1.9411112070083618,2.1082231998443604,1.9274195432662964,2.0445351600646973,1.9774420261383057,1.724452257156372,1.7674726247787476,1.622219443321228,1.6946614980697632,1.7199010848999023,1.8133835792541504,1.8202269077301025,2.090393304824829,2.048861265182495,2.35402774810791,2.3278751373291016,2.5861103534698486,2.4681615829467773,2.5669422149658203,2.5237836837768555,2.326033115386963,2.383291721343994,2.273249387741089,2.3464181423187256,2.3882198333740234,2.4299473762512207,2.6314189434051514,2.732876777648926,2.8589494228363037,2.9231643676757812,2.8491806983947754,3.3651065826416016,3.2978670597076416,3.435289144515991,3.398792266845703,3.1945066452026367,3.3357911109924316,3.1684799194335938,3.2596983909606934,3.2492945194244385,3.2505362033843994,3.407442569732666,3.269911527633667,3.6179535388946533,3.5036537647247314,3.774096965789795
A8,1.767635703086853,1.3984930515289307,1.467712640762329,1.1182678937911987,0.8537026643753052,0.5764531493186951,0.3923828899860382,0.0,0.38378146290779114,0.5704665780067444,0.8641049265861511,1.2060341835021973,1.4003182649612427,1.7046903371810913,1.6524690389633179,2.0301687717437744,1.7493581771850586,1.8770570755004883,1.7002142667770386,1.374497890472412,1.3041352033615112,1.083918809890747,1.0331991910934448,1.0572434663772583,1.1191129684448242,1.1117678880691528,1.431740164756775,1.4871138334274292,1.863023042678833,1.8742318153381348,2.4391956329345703,2.2305493354797363,2.346574306488037,2.234468698501587,1.9501997232437134,1.9323638677597046,1.7378346920013428,1.7236069440841675,1.7165627479553223,1.7250124216079712,1.716204285621643,1.943702220916748,1.9277896881103516,2.2339251041412354,2.268148183822632,2.8824167251586914,2.7376863956451416,2.8445777893066406,2.764242172241211,2.531644344329834,2.5469741821289062,2.3906922340393066,2.405076742172241,2.4087252616882324,2.3874733448028564,2.5685887336730957,2.6377432346343994,2.7578108310699463,2.8339850902557373,2.793208599090576,3.6272499561309814,3.5406532287597656,3.6946723461151123,3.637139320373535,3.4030065536499023,3.5270462036132812,3.3231141567230225,3.3916540145874023,3.339094877243042,3.314072370529175,3.431124687194824,3.25832200050354,3.5819528102874756,3.428748846054077,3.683685541152954
A9,1.9310415983200073,1.5550955533981323,1.6939411163330078,1.3803706169128418,1.0587822198867798,0.8773397207260132,0.5540573596954346,0.38378146290779114,0.0,0.3744291365146637,0.6133386492729187,0.9040318727493286,1.072522759437561,1.3460052013397217,1.28354811668396,2.034635305404663,1.7717711925506592,1.964685082435608,1.8106484413146973,1.4526580572128296,1.4300647974014282,1.134315848350525,1.0932233333587646,0.9757698178291321,1.0169347524642944,0.8902671337127686,1.1741323471069336,1.1572927236557007,1.5175285339355469,1.5058201551437378,2.3855204582214355,2.196075916290283,2.3691864013671875,2.27905011177063,1.9660162925720215,1.9863231182098389,1.743735432624817,1.7446643114089966,1.655745029449463,1.6623457670211792,1.5684969425201416,1.7550395727157593,1.6716495752334595,1.9427341222763062,1.9503092765808105,2.7937211990356445,2.6698358058929443,2.8256094455718994,2.766357421875,2.5116219520568848,2.562619209289551,2.374272346496582,2.409379482269287,2.3610966205596924,2.346465587615967,2.474576950073242,2.503235101699829,2.573824882507324,2.6056149005889893,2.528465747833252,3.503847360610962,3.439937114715576,3.628767728805542,3.596912145614624,3.3604342937469482,3.5181198120117188,3.311157703399658,3.414696216583252,3.348155975341797,3.3597044944763184,3.459207057952881,3.3076388835906982,3.633073091506958,3.47465443611145,3.7547643184661865
A10,2.2734248638153076,1.9016824960708618,2.015315055847168,1.6786757707595825,1.3845856189727783,1.1413990259170532,0.8810356855392456,0.5704665780067444,0.3744291365146637,0.0,0.3640991449356079,0.6591077446937561,0.9231922030448914,1.2254493236541748,1.2723195552825928,2.392258882522583,2.114304304122925,2.291339635848999,2.1022610664367676,1.7403011322021484,1.655358076095581,1.3422231674194336,1.194718360900879,1.0544196367263794,0.9573590755462646,0.7890164852142334,0.9942263960838318,1.0291274785995483,1.3914459943771362,1.4731563329696655,2.7070181369781494,2.49627685546875,2.6653330326080322,2.5406227111816406,2.2084546089172363,2.1810142993927,1.9043549299240112,1.8320763111114502,1.7093650102615356,1.6305108070373535,1.5108094215393066,1.6329039335250854,1.5726557970046997,1.8317124843597412,1.9071708917617798,3.0817089080810547,2.935807466506958,3.0968449115753174,3.007159948348999,2.7260074615478516,2.7418391704559326,2.5155134201049805,2.49900221824646,2.411868095397949,2.337850332260132,2.4356305599212646,2.4250824451446533,2.4815666675567627,2.5206103324890137,2.4775242805480957,3.7538418769836426,3.6730642318725586,3.8759543895721436,3.8262617588043213,3.565239191055298,3.7076542377471924,3.470031976699829,3.554598569869995,3.449730157852173,3.4407479763031006,3.5005898475646973,3.3208014965057373,3.6194233894348145,3.425388813018799,3.691106081008911
A11,2.4562458992004395,2.1001288890838623,2.2584452629089355,1.9408384561538696,1.6230158805847168,1.4277048110961914,1.1401499509811401,0.8641049265861511,0.6133386492729187,0.3640991449356079,0.0,0.38572701811790466,0.5982884764671326,0.9452813267707825,1.0265780687332153,2.6077542304992676,2.360766649246216,2.5709404945373535,2.411214590072632,2.045893669128418,1.9938973188400269,1.6704975366592407,1.5391439199447632,1.353273630142212,1.2309311628341675,0.9754456281661987,1.0602446794509888,0.998539924621582,1.2986396551132202,1.3837131261825562,2.9238572120666504,2.7425243854522705,2.9409000873565674,2.841212511062622,2.506136894226074,2.5039587020874023,2.215662717819214,2.1517081260681152,1.9909515380859375,1.8979272842407227,1.720011591911316,1.7749323844909668,1.655129313468933,1.847618579864502,1.9130162000656128,3.291245222091675,3.172621488571167,3.3599534034729004,3.2923967838287354,3.008376359939575,3.04697322845459,2.809868574142456,2.802686929702759,2.686143398284912,2.6060831546783447,2.661860942840576,2.6089985370635986,2.6164608001708984,2.6130709648132324,2.5424017906188965,3.9462554454803467,3.8905928134918213,4.112966537475586,4.085642337799072,3.8300294876098633,3.9933152198791504,3.758223533630371,3.86073637008667,3.7488276958465576,3.7552285194396973,3.8016841411590576,3.626944065093994,3.917961359024048,3.7123289108276367,3.9812471866607666
A12,2.771479845046997,2.4115021228790283,2.5854928493499756,2.276742935180664,1.9485505819320679,1.7650562524795532,1.4553756713867188,1.2060341835021973,0.9040318727493286,0.6591077446937561,0.38572701811790466,0.0,0.37381401658058167,0.6381744742393494,0.836712121963501,2.795609951019287,2.5538363456726074,2.7876009941101074,2.626095771789551,2.2510433197021484,2.202901601791382,1.84939706325531,1.7016880512237549,1.4454056024551392,1.2751015424728394,0.9448696374893188,0.8858208656311035,0.7529665231704712,0.9826652407646179,1.1152511835098267,3.0401904582977295,2.8624353408813477,3.0897490978240967,2.9889254570007324,2.6361844539642334,2.6385459899902344,2.3174784183502197,2.2402005195617676,2.01847505569458,1.8978832960128784,1.6514532566070557,1.6267954111099243,1.455631136894226,1.582948088645935,1.6594585180282593,3.3541810512542725,3.239212989807129,3.4581642150878906,3.3907535076141357,3.085683822631836,3.1324784755706787,2.863574266433716,2.8511228561401367,2.6841320991516113,2.589434862136841,2.5862646102905273,2.483025550842285,2.437441110610962,2.3948557376861572,2.309500217437744,3.9491500854492188,3.9005661010742188,4.151639461517334,4.133541584014893,3.868105411529541,4.045978546142578,3.798741102218628,3.917562961578369,3.78114914894104,3.807746648788452,3.8245317935943604,3.660144567489624,3.937793493270874,3.7198686599731445,4.000507831573486
A13,2.791038751602173,2.4523234367370605,2.673576831817627,2.3967208862304688,2.0471203327178955,1.9263296127319336,1.5907686948776245,1.4003182649612427,1.072522759437561,0.9231922030448914,0.5982884764671326,0.37381401658058167,0.0,0.3883301019668579,0.5431106686592102,2.834207057952881,2.6345698833465576,2.901998281478882,2.78505277633667,2.4145455360412598,2.4194774627685547,2.0697720050811768,1.9761936664581299,1.706183910369873,1.58490788936615,1.2366441488265991,1.1689932346343994,0.9289369583129883,1.0579447746276855,1.0971734523773193,3.09281063079834,2.957711935043335,3.2117533683776855,3.1526331901550293,2.810732841491699,2.858035087585449,2.5472512245178223,2.5132126808166504,2.2838642597198486,2.199518918991089,1.930995225906372,1.8989964723587036,1.6682580709457397,1.7362614870071411,1.7458617687225342,3.413010597229004,3.3388612270355225,3.578153133392334,3.5489590167999268,3.2582669258117676,3.3441243171691895,3.0886266231536865,3.1125128269195557,2.945094347000122,2.8800668716430664,2.862870454788208,2.750432014465332,2.672489881515503,2.5860612392425537,2.450068712234497,4.006592750549316,3.9941654205322266,4.254709243774414,4.269336700439453,4.025101184844971,4.230760097503662,4.004924774169922,4.150510787963867,4.030965328216553,4.082468509674072,4.111752986907959,3.9677481651306152,4.255590915679932,4.049196720123291,4.341081142425537
A14,3.025789737701416,2.6878790855407715,2.9259490966796875,2.6667463779449463,2.309096336364746,2.2110044956207275,1.856982707977295,1.7046903371810913,1.3460052013397217,1.2254493236541748,0.9452813267707825,0.6381744742393494,0.3883301019668579,0.0,0.3876408338546753,2.928692579269409,2.745661735534668,3.03732967376709,2.932098865509033,2.561666488647461,2.5872981548309326,2.222534656524658,2.142500638961792,1.8246498107910156,1.7053120136260986,1.3289732933044434,1.1826777458190918,0.8602940440177917,0.8427799344062805,0.8443024754524231,3.1147494316101074,2.9958784580230713,3.2790727615356445,3.2327423095703125,2.885422945022583,2.9531748294830322,2.62666654586792,2.6047985553741455,2.3320906162261963,2.2548418045043945,1.937703251838684,1.8560764789581299,1.5641086101531982,1.5499671697616577,1.5192488431930542,3.3809025287628174,3.3227057456970215,3.5927748680114746,3.576915979385376,3.2779574394226074,3.385620355606079,3.114755153656006,3.1532247066497803,2.9510021209716797,2.8968303203582764,2.8314106464385986,2.6852822303771973,2.556000232696533,2.4191060066223145,2.244020938873291,3.912062168121338,3.9170806407928467,4.202628135681152,4.236298561096191,3.9943768978118896,4.221433639526367,3.9976227283477783,4.168022155761719,4.03928804397583,4.120821475982666,4.135337829589844,4.015460968017578,4.299148082733154,4.0970778465271,4.40585994720459
A15,2.770106315612793,2.450371026992798,2.7211978435516357,2.4985835552215576,2.1311933994293213,2.096177101135254,1.7271976470947266,1.6524690389633179,1.28354811668396,1.2723195552825928,1.0265780687332153,0.836712121963501,0.5431106686592102,0.3876408338546753,0.0,2.6605417728424072,2.514697551727295,2.829347848892212,2.7680580615997314,2.4106593132019043,2.4912612438201904,2.1431775093078613,2.131035804748535,1.821239948272705,1.780171275138855,1.4199706315994263,1.361242651939392,1.0123361349105835,1.0294281244277954,0.8762921094894409,2.868032932281494,2.78692364692688,3.084165573120117,3.079394817352295,2.7524564266204834,2.8666090965270996,2.566746234893799,2.601924180984497,2.3498733043670654,2.335062026977539,2.034998655319214,2.013049602508545,1.702677607536316,1.7103170156478882,1.596895694732666,3.1562952995300293,3.133762836456299,3.408557176589966,3.430316209793091,3.1570422649383545,3.3027255535125732,3.0636563301086426,3.148179292678833,2.9751229286193848,2.970059633255005,2.9302825927734375,2.8181545734405518,2.7026896476745605,2.5581471920013428,2.343535900115967,3.7141432762145996,3.7478244304656982,4.025784015655518,4.086028575897217,3.8714911937713623,4.119225025177002,3.9262895584106445,4.1182990074157715,4.023892879486084,4.1259446144104,4.1746416091918945,4.078535556793213,4.3863301277160645,4.2127299308776855,4.534420013427734
B1,1.318703293800354,1.2014576196670532,1.303445816040039,1.4501197338104248,1.4154719114303589,1.6846460103988647,1.6554899215698242,2.0301687717437744,2.034635305404663,2.392258882522583,2.6077542304992676,2.795609951019287,2.834207057952881,2.928692579269409,2.6605417728424072,0.0,0.37983304262161255,0.6001304984092712,0.9328622221946716,1.0135735273361206,1.3947763442993164,1.4969329833984375,1.8827821016311646,1.9281394481658936,2.291377305984497,2.3604493141174316,2.6938302516937256,2.630077838897705,2.87485671043396,2.632430076599121,0.6956702470779419,0.786699116230011,0.8994664549827576,1.1709522008895874,1.2112928628921509,1.5469242334365845,1.663634181022644,2.021425485610962,2.1241188049316406,2.4567646980285645,2.5103087425231934,2.84829044342041,2.7599191665649414,3.0142204761505127,2.809037685394287,1.2873685359954834,1.3424217700958252,1.385213851928711,1.5751457214355469,1.6101833581924438,1.8774999380111694,1.9997559785842896,2.3074707984924316,2.471635580062866,2.7437944412231445,2.9666876792907715,3.1675472259521484,3.3006234169006348,3.323960781097412,3.1574814319610596,2.1426751613616943,2.168044328689575,2.20992374420166,2.2864911556243896,2.2549731731414795,2.4750607013702393,2.5054845809936523,2.7067320346832275,2.87703013420105,3.0139453411102295,3.3026318550109863,3.3417699337005615,3.7417500019073486,3.7917683124542236,4.108338356018066
B2,1.34628164768219,1.1377705335617065,1.1888364553451538,1.2491220235824585,1.207659125328064,1.412973165512085,1.394482135772705,1.7493581771850586,1.7717711925506592,2.114304304122925,2.360766649246216,2.5538363456726074,2.6345698833465576,2.745661735534668,2.514697551727295,0.37983304262161255,0.0,0.37956997752189636,0.6035974621772766,0.6348279714584351,1.0175293684005737,1.1247791051864624,1.5116305351257324,1.5809043645858765,1.9474165439605713,2.0489654541015625,2.397467613220215,2.373333692550659,2.643744707107544,2.4397952556610107,0.7908252477645874,0.6885516047477722,0.7863860726356506,0.9439116716384888,0.9099228978157043,1.2149899005889893,1.3140865564346313,1.658661961555481,1.7769427299499512,2.102485179901123,2.179309368133545,2.5310842990875244,2.4752979278564453,2.757213592529297,2.589228391647339,1.3453829288482666,1.2948054075241089,1.335911750793457,1.435078501701355,1.404452919960022,1.6243566274642944,1.712909460067749,1.9906233549118042,2.155463933944702,2.4068546295166016,2.645228147506714,2.8528687953948975,3.0065581798553467,3.0564515590667725,2.922126054763794,2.194812059402466,2.1609411239624023,2.221766471862793,2.2426528930664062,2.1503965854644775,2.341916084289551,2.318859100341797,2.492797374725342,2.630049467086792,2.740333318710327,3.0137672424316406,3.0258491039276123,3.424043893814087,3.4555888175964355,3.768404006958008
B3,1.3765277862548828,1.2101459503173828,1.1395378112792969,1.227086067199707,1.2926969528198242,1.4656226634979248,1.5378284454345703,1.8770570755004883,1.964685082435608,2.291339635848999,2.5709404945373535,2.7876009941101074,2.901998281478882,3.03732967376709,2.829347848892212,0.6001304984092712,0.37956997752189636,0.0,0.3828338384628296,0.6337355375289917,0.9487941861152649,1.1776551008224487,1.5500011444091797,1.7016736268997192,2.0656912326812744,2.226235866546631,2.5922040939331055,2.6160783767700195,2.9078030586242676,2.7360763549804688,0.9344720840454102,0.7757338285446167,0.6788715124130249,0.7847310900688171,0.8590419888496399,1.1051658391952515,1.301608681678772,1.6346983909606934,1.8305302858352661,2.1575372219085693,2.2989513874053955,2.6732754707336426,2.670067310333252,2.978447437286377,2.842754364013672,1.4475141763687134,1.3422532081604004,1.2766430377960205,1.3265957832336426,1.3485782146453857,1.5108426809310913,1.6613202095031738,1.920348882675171,2.146913766860962,2.4002561569213867,2.682562828063965,2.927997350692749,3.1242825984954834,3.2144625186920166,3.1188862323760986,2.277010440826416,2.1970934867858887,2.2006678581237793,2.1733222007751465,2.086069345474243,2.2220709323883057,2.21077036857605,2.3403310775756836,2.5049593448638916,2.581803560256958,2.8820302486419678,2.8893609046936035,3.285017728805542,3.3386099338531494,3.6294260025024414
B4,1.5543793439865112,1.3237723112106323,1.2031432390213013,1.1819039583206177,1.2478519678115845,1.3173596858978271,1.4112781286239624,1.7002142667770386,1.8106484413146973,2.1022610664367676,2.411214590072632,2.626095771789551,2.78505277633667,2.932098865509033,2.7680580615997314,0.9328622221946716,0.6035974621772766,0.3828338384628296,0.0,0.37774035334587097,0.5959645509719849,0.8816418051719666,1.229095220565796,1.4280328750610352,1.7817292213439941,1.9887124300003052,2.361722230911255,2.4352400302886963,2.746015787124634,2.6205673217773438,1.1560996770858765,0.8818669319152832,0.7680080533027649,0.6726170778274536,0.6489966511726379,0.7913681268692017,0.988782525062561,1.2896003723144531,1.5224618911743164,1.834794521331787,2.015197992324829,2.4008350372314453,2.4427103996276855,2.7762033939361572,2.685159206390381,1.591446042060852,1.3994061946868896,1.3333146572113037,1.2717528343200684,1.217179775238037,1.295300006866455,1.406581163406372,1.6155707836151123,1.8508611917495728,2.0764617919921875,2.380419969558716,2.63688325881958,2.8595480918884277,2.9823997020721436,2.9272191524505615,2.3753714561462402,2.2415366172790527,2.2630057334899902,2.17927622795105,2.030115842819214,2.1262946128845215,2.053879737854004,2.1440587043762207,2.2683115005493164,2.3090531826019287,2.5909759998321533,2.5663836002349854,2.958277940750122,2.9933323860168457,3.2778334617614746
B5,1.5613864660263062,1.2570699453353882,1.2032748460769653,1.08637273311615,1.0517082214355469,1.0741575956344604,1.1019787788391113,1.374497890472412,1.4526580572128296,1.7403011322021484,2.045893669128418,2.2510433197021484,2.4145455360412598,2.561666488647461,2.4106593132019043,1.0135735273361206,0.6348279714584351,0.6337355375289917,0.37774035334587097,0.0,0.3861231207847595,0.5442545413970947,0.9194751381874084,1.0799528360366821,1.438246726989746,1.6225004196166992,1.9975084066390991,2.064606189727783,2.3827168941497803,2.267568826675415,1.2551189661026,0.9708276391029358,0.9915415048599243,0.8784477710723877,0.6764500737190247,0.7959434986114502,0.8362208008766174,1.1103013753890991,1.281721830368042,1.572500467300415,1.713144302368164,2.089576482772827,2.112971067428589,2.4477784633636475,2.3662285804748535,1.6852937936782837,1.4952976703643799,1.5168429613113403,1.446450114250183,1.299216628074646,1.3773709535598755,1.3840008974075317,1.5633612871170044,1.7302285432815552,1.9191014766693115,2.1947367191314697,2.4153895378112793,2.614630699157715,2.7227115631103516,2.660745859146118,2.461557149887085,2.339353561401367,2.4193227291107178,2.348024845123291,2.1613001823425293,2.283460855484009,2.162635326385498,2.2666797637939453,2.333667516708374,2.376836061477661,2.6138319969177246,2.5624990463256836,2.9505701065063477,2.941725015640259,3.239466905593872
B6,1.7912155389785767,1.4731403589248657,1.3581098318099976,1.1625540256500244,1.1573385000228882,1.0474848747253418,1.1257094144821167,1.3041352033615112,1.4300647974014282,1.655358076095581,1.9938973188400269,2.202901601791382,2.4194774627685547,2.5872981548309326,2.4912612438201904,1.3947763442993164,1.0175293684005737,0.9487941861152649,0.5959645509719849,0.3861231207847595,0.0,0.3815641403198242,0.6535729169845581,0.9251935482025146,1.245309591293335,1.502065658569336,1.8816859722137451,2.019094467163086,2.359320640563965,2.3080263137817383,1.5890432596206665,1.2638171911239624,1.2363635301589966,1.010274887084961,0.7733039259910583,0.6902249455451965,0.6905543804168701,0.8507426977157593,1.0874314308166504,1.3323451280593872,1.5382428169250488,1.9246472120285034,2.015976905822754,2.380173921585083,2.3617353439331055,1.9575492143630981,1.7121469974517822,1.7095458507537842,1.5534106492996216,1.3620672225952148,1.3300213813781738,1.2892589569091797,1.374520182609558,1.5502798557281494,1.683821678161621,1.9916163682937622,2.2258715629577637,2.4624948501586914,2.6159896850585938,2.610016107559204,2.6779565811157227,2.5094659328460693,2.5880584716796875,2.4646098613739014,2.234208822250366,2.303178310394287,2.1295711994171143,2.1769375801086426,2.1997690200805664,2.1883039474487305,2.3997695446014404,2.3022236824035645,2.6777803897857666,2.6444969177246094,2.924755811691284
B7,1.9007562398910522,1.5422110557556152,1.5083363056182861,1.2641737461090088,1.1464273929595947,0.9958476424217224,0.9544788002967834,1.083918809890747,1.134315848350525,1.3422231674194336,1.6704975366592407,1.84939706325531,2.0697720050811768,2.222534656524658,2.1431775093078613,1.4969329833984375,1.1247791051864624,1.1776551008224487,0.8816418051719666,0.5442545413970947,0.3815641403198242,0.0,0.38730359077453613,0.5620539784431458,0.9040157198905945,1.1301751136779785,1.5100454092025757,1.6376115083694458,1.9791696071624756,1.9369981288909912,1.6681115627288818,1.3561569452285767,1.4272152185440063,1.2284497022628784,0.9074722528457642,0.8577067255973816,0.6724846363067627,0.7779762744903564,0.8825711011886597,1.0979431867599487,1.2337267398834229,1.6060503721237183,1.6667500734329224,2.027743101119995,2.0140798091888428,2.0133416652679443,1.783666729927063,1.8578548431396484,1.7177460193634033,1.4665077924728394,1.4632614850997925,1.3285956382751465,1.3971871137619019,1.4753056764602661,1.5727161169052124,1.826880931854248,2.0109822750091553,2.2093775272369385,2.336512327194214,2.3152713775634766,2.709202289581299,2.56024432182312,2.6923718452453613,2.592315912246704,2.340620517730713,2.4458189010620117,2.2429988384246826,2.3202879428863525,2.2954792976379395,2.306717872619629,2.4703757762908936,2.363736391067505,2.7306137084960938,2.657881498336792,2.9573020935058594
B8,2.182079792022705,1.813157558441162,1.7639530897140503,1.466901421546936,1.3435583114624023,1.0903894901275635,1.049018383026123,1.0331991910934448,1.0932233333587646,1.194718360900879,1.5391439199447632,1.7016880512237549,1.9761936664581299,2.142500638961792,2.131035804748535,1.8827821016311646,1.5116305351257324,1.5500011444091797,1.229095220565796,0.9194751381874084,0.6535729169845581,0.38730359077453613,0.0,0.3888568580150604,0.6146031022071838,0.921805739402771,1.291055679321289,1.4971058368682861,1.8547407388687134,1.8908576965332031,2.033859968185425,1.709609866142273,1.7725067138671875,1.5302915573120117,1.198821783065796,1.048011302947998,0.7924761176109314,0.6936406493186951,0.758841335773468,0.8433610796928406,1.0101865530014038,1.3686020374298096,1.4938170909881592,1.8761857748031616,1.9381000995635986,2.3370392322540283,2.082982301712036,2.160285711288452,1.9754657745361328,1.6893352270126343,1.6170305013656616,1.4162018299102783,1.3797941207885742,1.404271125793457,1.404478669166565,1.6510130167007446,1.8113738298416138,2.02413272857666,2.1837761402130127,2.2154669761657715,2.979724168777466,2.806917905807495,2.95346736907959,2.8254261016845703,2.5396852493286133,2.614706039428711,2.3645946979522705,2.403934955596924,2.320338726043701,2.2901813983917236,2.400056838989258,2.242966890335083,2.582493543624878,2.4613418579101562,2.7465076446533203
B9,2.318737745285034,1.9368741512298584,1.960492491722107,1.671880841255188,1.4721413850784302,1.255765438079834,1.0937728881835938,1.0572434663772583,0.9757698178291321,1.0544196367263794,1.353273630142212,1.4454056024551392,1.706183910369873,1.8246498107910156,1.821239948272705,1.9281394481658936,1.5809043645858765,1.7016736268997192,1.4280328750610352,1.0799528360366821,0.9251935482025146,0.5620539784431458,0.3888568580150604,0.0,0.3713230490684509,0.596725583076477,0.9609324336051941,1.136115312576294,1.480413794517517,1.5089341402053833,2.0270540714263916,1.7280876636505127,1.867248773574829,1.6638832092285156,1.2972782850265503,1.2175912857055664,0.8861880898475647,0.8147668838500977,0.68058842420578,0.7436463832855225,0.7530510425567627,1.0872474908828735,1.1437344551086426,1.5149372816085815,1.5598984956741333,2.2923781871795654,2.0639359951019287,2.2069849967956543,2.0532078742980957,1.7365341186523438,1.7180383205413818,1.465661644935608,1.4573981761932373,1.3866102695465088,1.384833574295044,1.5445982217788696,1.6414241790771484,1.7908287048339844,1.9005358219146729,1.8943467140197754,2.8968846797943115,2.7510738372802734,2.9439170360565186,2.848642587661743,2.5584895610809326,2.6783769130706787,2.422889232635498,2.508627414703369,2.4027016162872314,2.4200265407562256,2.499382257461548,2.3664090633392334,2.7003443241119385,2.564602851867676,2.876258134841919
B10,2.5997750759124756,2.2126200199127197,2.236626386642456,1.91795814037323,1.7085734605789185,1.4416362047195435,1.2721139192581177,1.1191129684448242,1.0169347524642944,0.9573590755462646,1.2309311628341675,1.2751015424728394,1.58490788936615,1.7053120136260986,1.780171275138855,2.291377305984497,1.9474165439605713,2.0656912326812744,1.7817292213439941,1.438246726989746,1.245309591293335,0.9040157198905945,0.6146031022071838,0.3713230490684509,0.0,0.3816338777542114,0.6966895461082458,0.9703784584999084,1.320246696472168,1.444277286529541,2.3880503177642822,2.089684009552002,2.2287745475769043,2.008629560470581,1.6410319805145264,1.519670844078064,1.173414945602417,0.9963828921318054,0.8034952282905579,0.6738208532333374,0.613044023513794,0.864896833896637,0.9719542264938354,1.3489779233932495,1.482169270515442,2.628431797027588,2.3937344551086426,2.5441765785217285,2.3703742027282715,2.036546230316162,1.9826494455337524,1.691602349281311,1.612660527229309,1.4804770946502686,1.382124900817871,1.4894105195999146,1.5237417221069336,1.654198408126831,1.7755627632141113,1.8138368129730225,3.1893270015716553,3.035161256790161,3.2434396743774414,3.136096239089966,2.826014995574951,2.930424928665161,2.6447291374206543,2.7083511352539062,2.55582332611084,2.5479650497436523,2.573777437210083,2.404158115386963,2.702408790588379,2.5181753635406494,2.814842939376831
B11,2.6475160121917725,2.2581093311309814,2.342984914779663,2.030214309692383,1.7644639015197754,1.5327953100204468,1.2827457189559937,1.1117678880691528,0.8902671337127686,0.7890164852142334,0.9754456281661987,0.9448696374893188,1.2366441488265991,1.3289732933044434,1.4199706315994263,2.3604493141174316,2.0489654541015625,2.226235866546631,1.9887124300003052,1.6225004196166992,1.502065658569336,1.1301751136779785,0.921805739402771,0.596725583076477,0.3816338777542114,0.0,0.3927188515663147,0.6014437079429626,0.972041130065918,1.102613091468811,2.470158338546753,2.2127015590667725,2.402926206588745,2.230114459991455,1.8568084239959717,1.7989076375961304,1.4456931352615356,1.326470971107483,1.0788383483886719,0.9650455713272095,0.7476929426193237,0.8677741885185242,0.8249737620353699,1.1491132974624634,1.2613153457641602,2.713449478149414,2.5209827423095703,2.7141642570495605,2.582789659500122,2.249317169189453,2.2474968433380127,1.9523042440414429,1.912671685218811,1.7430144548416138,1.6576298475265503,1.6932461261749268,1.658008098602295,1.701950192451477,1.7474663257598877,1.7267794609069824,3.26723575592041,3.1521120071411133,3.388970375061035,3.319348096847534,3.022285223007202,3.1652908325195312,2.892610549926758,2.991854667663574,2.8412811756134033,2.865375280380249,2.8829245567321777,2.731365919113159,3.0243446826934814,2.833191156387329,3.137758255004883
B12,3.002810478210449,2.6151540279388428,2.719266891479492,2.4063963890075684,2.126885414123535,1.8989300727844238,1.6322137117385864,1.431740164756775,1.1741323471069336,0.9942263960838318,1.0602446794509888,0.8858208656311035,1.1689932346343994,1.1826777458190918,1.361242651939392,2.6938302516937256,2.397467613220215,2.5922040939331055,2.361722230911255,1.9975084066390991,1.8816859722137451,1.5100454092025757,1.291055679321289,0.9609324336051941,0.6966895461082458,0.3927188515663147,0.0,0.3880021274089813,0.6861987113952637,0.9364500641822815,2.7609362602233887,2.5157060623168945,2.7272748947143555,2.5572171211242676,2.1791441440582275,2.1206576824188232,1.7511684894561768,1.6066287755966187,1.305729627609253,1.1271352767944336,0.8151339888572693,0.7411900162696838,0.6262170076370239,0.8735777735710144,1.0604995489120483,2.9571571350097656,2.772722005844116,2.992335319519043,2.861219882965088,2.5128355026245117,2.5114011764526367,2.1864013671875,2.125805377960205,1.8954569101333618,1.7691019773483276,1.7180140018463135,1.5975594520568848,1.5643802881240845,1.5650590658187866,1.5468530654907227,3.445348024368286,3.3376941680908203,3.6019644737243652,3.5396366119384766,3.2328245639801025,3.3839690685272217,3.09625244140625,3.202880620956421,3.019340753555298,3.053544521331787,3.0271735191345215,2.875190496444702,3.1382896900177,2.920776128768921,3.224586248397827
B13,2.95456600189209,2.576425552368164,2.733154773712158,2.445873975753784,2.1305370330810547,1.9606783390045166,1.643105387687683,1.4871138334274292,1.1572927236557007,1.0291274785995483,0.998539924621582,0.7529665231704712,0.9289369583129883,0.8602940440177917,1.0123361349105835,2.630077838897705,2.373333692550659,2.6160783767700195,2.4352400302886963,2.064606189727783,2.019094467163086,1.6376115083694458,1.4971058368682861,1.136115312576294,0.9703784584999084,0.6014437079429626,0.3880021274089813,0.0,0.39161691069602966,0.579365611076355,2.7031164169311523,2.503638744354248,2.75653338432312,2.6376290321350098,2.2654497623443604,2.2717032432556152,1.9112164974212646,1.8371636867523193,1.5269181728363037,1.421913504600525,1.0832306146621704,1.0089752674102783,0.7413872480392456,0.8630537390708923,0.9262102246284485,2.9040486812591553,2.7668397426605225,3.019193410873413,2.936401605606079,2.6015937328338623,2.657029867172241,2.348773717880249,2.3456976413726807,2.116952896118164,2.0429234504699707,1.973058819770813,1.8410632610321045,1.7523337602615356,1.6744405031204224,1.5632041692733765,3.3928871154785156,3.3289430141448975,3.6106350421905518,3.5900156497955322,3.30764102935791,3.498610019683838,3.238456964492798,3.3842709064483643,3.2247684001922607,3.2958273887634277,3.288926839828491,3.16799259185791,3.446138858795166,3.2478344440460205,3.566474199295044
