,A1,A2,A3,A4,A5,A6,A7,A8,A9,A10,A11,A12,A13,A14,A15,B1,B2,B3,B4,B5,B6,B7,B8,B9,B10,B11,B12,B13,B14,B15,C1,C2,C3,C4,C5,C6,C7,C8,C9,C10,C11,C12,C13,C14,C15,D1,D2,D3,D4,D5,D6,D7,D8,D9,D10,D11,D12,D13,D14,D15,E1,E2,E3,E4,E5,E6,E7,E8,E9,E10,E11,E12,E13,E14,E15
A1,0.0,0.3870285153388977,0.6117534637451172,0.9332519769668579,1.1920928955078125,1.518234372138977,1.7857730388641357,2.140099287033081,2.3516218662261963,2.711120843887329,2.865510940551758,3.237098217010498,3.208761692047119,3.5348715782165527,3.335653066635132,1.1411279439926147,1.2243086099624634,1.1125303506851196,1.3186562061309814,1.522400975227356,1.7421009540557861,2.024860143661499,2.3225700855255127,2.5835437774658203,2.9200429916381836,3.1071667671203613,3.492382287979126,3.5468764305114746,3.9013442993164062,3.8686063289642334,2.196134090423584,2.177161931991577,1.9442980289459229,2.021228075027466,2.0539183616638184,2.184309244155884,2.396198272705078,2.6262407302856445,2.8771824836730957,3.1613285541534424,3.3665239810943604,3.734015464782715,3.8910343647003174,4.212953567504883,4.30486536026001,3.152606725692749,3.0754811763763428,2.782214641571045,2.809072732925415,2.709750175476074,2.7863268852233887,2.89062237739563,3.0485517978668213,3.2712724208831787,3.4882943630218506,3.7114222049713135,4.034161567687988,4.328553199768066,4.60600471496582,4.828721523284912,4.267244338989258,4.07774019241333,3.8268983364105225,3.8777809143066406,3.617863893508911,3.701526403427124,3.581317186355591,3.6637749671936035,3.7737627029418945,3.7805845737457275,3.9640963077545166,4.008631229400635,4.304847240447998,4.2174072265625,4.576017379760742
A2,0.3870285153388977,0.0,0.386249303817749,0.6293237805366516,0.894921600818634,1.2179807424545288,1.4740046262741089,1.8366023302078247,2.0298354625701904,2.393613815307617,2.547097682952881,2.9100496768951416,2.879213333129883,3.1962902545928955,2.995135545730591,0.8980687260627747,0.8944510817527771,0.7355279326438904,0.9382095336914062,1.1394511461257935,1.375237226486206,1.6563496589660645,1.9694255590438843,2.2204809188842773,2.5662858486175537,2.749061107635498,3.1343283653259277,3.1806485652923584,3.534964084625244,3.49613094329834,1.8939793109893799,1.8470627069473267,1.5880082845687866,1.6620680093765259,1.6738245487213135,1.8130700588226318,2.0178022384643555,2.25961971282959,2.5026533603668213,2.7961385250091553,2.9963293075561523,3.3667917251586914,3.514979839324951,3.838618516921997,3.9242563247680664,2.8236746788024902,2.7363479137420654,2.4301881790161133,2.4591875076293945,2.3420403003692627,2.425201892852783,2.5184216499328613,2.684791326522827,2.8983089923858643,3.1235296726226807,3.340014934539795,3.666990280151367,3.9541797637939453,4.232489585876465,4.448976993560791,3.9095704555511475,3.714071035385132,3.471064805984497,3.5231077671051025,3.2566351890563965,3.34708833694458,3.219550371170044,3.3117735385894775,3.413255453109741,3.430879592895508,3.6099512577056885,3.667452812194824,3.964123249053955,3.885146141052246,4.250338554382324
A3,0.6117534637451172,0.386249303817749,0.0,0.38950029015541077,0.5838150382041931,0.9190756678581238,1.1781002283096313,1.5302033424377441,1.7480504512786865,2.1031365394592285,2.266777753829956,2.6429085731506348,2.636688709259033,2.975524663925171,2.8051090240478516,1.093091368675232,1.0591000318527222,0.7898715734481812,0.9830071330070496,1.0516968965530396,1.2630023956298828,1.4923104047775269,1.7757070064544678,2.023634195327759,2.34745192527771,2.5283732414245605,2.9114627838134766,2.9824624061584473,3.342576265335083,3.338980197906494,2.038105010986328,1.9886668920516968,1.6905734539031982,1.7673882246017456,1.6943652629852295,1.8141454458236694,1.951716661453247,2.1587507724761963,2.3771157264709473,2.6384201049804688,2.824435234069824,3.1794228553771973,3.347691059112549,3.6607422828674316,3.776038885116577,2.9340286254882812,2.8536620140075684,2.531226396560669,2.57085919380188,2.4020917415618896,2.4772708415985107,2.5114831924438477,2.649087429046631,2.8262407779693604,3.0182993412017822,3.212947130203247,3.515564441680908,3.8097829818725586,4.068762302398682,4.303591728210449,3.968815565109253,3.7708992958068848,3.555716037750244,3.6108238697052,3.323777675628662,3.4146015644073486,3.24858021736145,3.3298017978668213,3.3876161575317383,3.381577253341675,3.5231618881225586,3.5550472736358643,3.826568841934204,3.7125415802001953,4.077597141265869
A4,0.9332519769668579,0.6293237805366516,0.38950029015541077,0.0,0.37901464104652405,0.6079238653182983,0.920103132724762,1.2486544847488403,1.4905362129211426,1.8321685791015625,2.0309059619903564,2.400736093521118,2.4255430698394775,2.761597156524658,2.6143198013305664,1.2111401557922363,1.04751455783844,0.7071873545646667,0.7602119445800781,0.7564924955368042,0.9011642932891846,1.1428866386413574,1.4077051877975464,1.6809362173080444,2.0009143352508545,2.2076897621154785,2.5962464809417725,2.6887805461883545,3.0616531372070312,3.0726232528686523,1.9871717691421509,1.8731030225753784,1.5351389646530151,1.5546590089797974,1.4238982200622559,1.494269609451294,1.6087205410003662,1.7889151573181152,2.018065929412842,2.269566297531128,2.4725935459136963,2.8311469554901123,3.0156595706939697,3.341731071472168,3.4686079025268555,2.8019332885742188,2.6856491565704346,2.3381800651550293,2.347642421722412,2.136723279953003,2.179250717163086,2.182215690612793,2.293079137802124,2.4671149253845215,2.644052028656006,2.8459675312042236,3.1464035511016846,3.4507577419281006,3.7166855335235596,3.9612460136413574,3.7590394020080566,3.53656005859375,3.325634479522705,3.3577768802642822,3.0483593940734863,3.1197264194488525,2.927443265914917,2.990384578704834,3.031127691268921,3.0100340843200684,3.143977403640747,3.1682984828948975,3.4387874603271484,3.3259806632995605,3.690436601638794
A5,1.1920928955078125,0.894921600818634,0.5838150382041931,0.37901464104652405,0.0,0.3829450309276581,0.5944964289665222,0.9530684947967529,1.166990876197815,1.5199737548828125,1.6937719583511353,2.0707409381866455,2.08868145942688,2.4359657764434814,2.2981436252593994,1.273403286933899,1.1294230222702026,0.7769498229026794,0.879400908946991,0.7211186289787292,0.8933144211769104,1.009581208229065,1.270087718963623,1.4860575199127197,1.7953053712844849,1.9631860256195068,2.342473030090332,2.4271090030670166,2.791471004486084,2.8162639141082764,1.9683866500854492,1.887449860572815,1.5468990802764893,1.6166621446609497,1.4265934228897095,1.5293632745742798,1.5633974075317383,1.7397152185440063,1.9062145948410034,2.1405444145202637,2.297898054122925,2.637423038482666,2.811925172805786,3.1139943599700928,3.2499918937683105,2.748764753341675,2.6664316654205322,2.3272175788879395,2.3797900676727295,2.145219564437866,2.219883441925049,2.1752660274505615,2.291358709335327,2.4094910621643066,2.5752594470977783,2.7322375774383545,3.0124521255493164,3.300313949584961,3.5387625694274902,3.781475067138672,3.673250198364258,3.4700684547424316,3.2962074279785156,3.355715751647949,3.0488803386688232,3.148170232772827,2.9406323432922363,3.0240092277526855,3.0261011123657227,3.0131585597991943,3.1081719398498535,3.133331060409546,3.3768022060394287,3.240631341934204,3.6125388145446777
A6,1.518234372138977,1.2179807424545288,0.9190756678581238,0.6079238653182983,0.3829450309276581,0.0,0.3786829113960266,0.6461018919944763,0.9291506409645081,1.243959665298462,1.4748620986938477,1.8475617170333862,1.9222854375839233,2.2737464904785156,2.18452787399292,1.583892822265625,1.3742575645446777,1.0157712697982788,0.9861070513725281,0.7203012108802795,0.7327749133110046,0.77476966381073,0.952418863773346,1.1947656869888306,1.4728538990020752,1.6738531589508057,2.0553171634674072,2.1839921474456787,2.5634453296661377,2.625805616378784,2.1292073726654053,1.9970227479934692,1.6344707012176514,1.6446125507354736,1.3826509714126587,1.410096526145935,1.3734668493270874,1.480581283569336,1.6379176378250122,1.8307645320892334,1.9991905689239502,2.329775094985962,2.5367391109466553,2.8461742401123047,3.0118918418884277,2.8049421310424805,2.6925606727600098,2.3357326984405518,2.3582427501678467,2.073481321334839,2.1050097942352295,2.0023856163024902,2.067100763320923,2.160200357437134,2.284222364425659,2.4367058277130127,2.6970725059509277,3.0005908012390137,3.2358014583587646,3.4995534420013428,3.6219141483306885,3.3958852291107178,3.2373931407928467,3.27217960357666,2.94085955619812,3.0156354904174805,2.769473075866699,2.8238677978515625,2.7886736392974854,2.7448625564575195,2.8117005825042725,2.8114874362945557,3.0383248329162598,2.883511781692505,3.2516255378723145
A7,1.7857730388641357,1.4740046262741089,1.1781002283096313,0.920103132724762,0.5944964289665222,0.3786829113960266,0.0,0.3879774808883667,0.578478991985321,0.925674319267273,1.116573452949524,1.4937564134597778,1.5524581670761108,1.9098328351974487,1.8259855508804321,1.6618205308914185,1.4667123556137085,1.1398334503173828,1.1438275575637817,0.8053129315376282,0.849820613861084,0.7207159399986267,0.8831520676612854,1.008714199066162,1.2750164270401,1.4116805791854858,1.7795084714889526,1.8847858905792236,2.251248598098755,2.318723678588867,2.0775890350341797,1.9758013486862183,1.6301851272583008,1.6873910427093506,1.3899480104446411,1.4589951038360596,1.3447775840759277,1.457309365272522,1.5280430316925049,1.7076994180679321,1.8119277954101562,2.1200063228607178,2.300975799560547,2.5820467472076416,2.746774435043335,2.689225435256958,2.6114697456359863,2.2731759548187256,2.339958429336548,2.0453250408172607,2.11651611328125,1.9761699438095093,2.058164119720459,2.088860511779785,2.2115678787231445,2.3088295459747314,2.550779342651367,2.824981212615967,3.031109571456909,3.2825233936309814,3.4596526622772217,3.2569704055786133,3.137526750564575,3.2023704051971436,2.883007764816284,2.990617036819458,2.741098403930664,2.825403928756714,2.7580299377441406,2.737226963043213,2.7685725688934326,2.7841081619262695,2.984679698944092,2.819769859313965,3.1953065395355225
A8,2.140099287033081,1.8366023302078247,1.5302033424377441,1.2486544847488403,0.9530684947967529,0.6461018919944763,0.3879774808883667,0.0,0.37754178047180176,0.6114798784255981,0.8813332319259644,1.2488936185836792,1.3891445398330688,1.7509984970092773,1.7423595190048218,2.037747621536255,1.8222757577896118,1.5007363557815552,1.4499855041503906,1.0869566202163696,1.0176711082458496,0.7854175567626953,0.7695569396018982,0.8430539965629578,1.0124608278274536,1.156495451927185,1.5072270631790161,1.670058012008667,2.0420777797698975,2.16731595993042,2.3577394485473633,2.2318549156188965,1.8876153230667114,1.9078916311264038,1.5672518014907837,1.57374906539917,1.3759602308273315,1.3946503400802612,1.4098331928253174,1.5077022314071655,1.5891746282577515,1.8601850271224976,2.0757954120635986,2.3450284004211426,2.551741123199463,2.864759683609009,2.7741951942443848,2.435303211212158,2.4850974082946777,2.1539146900177,2.1908435821533203,1.9866724014282227,2.0111684799194336,1.9881383180618286,2.0487658977508545,2.1128108501434326,2.3104171752929688,2.590881586074829,2.7737903594970703,3.048487663269043,3.512665271759033,3.299445390701294,3.209219217300415,3.258096694946289,2.924227476119995,3.0136961936950684,2.7280194759368896,2.786233901977539,2.667520523071289,2.614990234375,2.596411943435669,2.579570770263672,2.741877555847168,2.5421500205993652,2.9097323417663574
A9,2.3516218662261963,2.0298354625701904,1.7480504512786865,1.4905362129211426,1.166990876197815,0.9291506409645081,0.578478991985321,0.37754178047180176,0.0,0.38010290265083313,0.5488587617874146,0.9190670847892761,1.0200663805007935,1.381369948387146,1.3659275770187378,2.0724101066589355,1.8667840957641602,1.5894445180892944,1.5603162050247192,1.1830048561096191,1.1610074043273926,0.8489385843276978,0.850725531578064,0.7523325681686401,0.9078895449638367,0.9362747669219971,1.264518141746521,1.3716081380844116,1.7252423763275146,1.8375215530395508,2.2477028369903564,2.149292230606079,1.8368005752563477,1.8980451822280884,1.551409363746643,1.6059616804122925,1.3642122745513916,1.411681056022644,1.3372151851654053,1.4395792484283447,1.439568042755127,1.6874631643295288,1.8502097129821777,2.087904453277588,2.275238275527954,2.674917697906494,2.618459939956665,2.3071887493133545,2.3997206687927246,2.076049566268921,2.1582999229431152,1.9381486177444458,1.9971613883972168,1.9205228090286255,2.000124216079712,2.0072243213653564,2.196180820465088,2.4318184852600098,2.5888500213623047,2.8355765342712402,3.274775981903076,3.0886528491973877,3.034553289413452,3.115642786026001,2.8035728931427,2.9298996925354004,2.656799554824829,2.754518985748291,2.620046854019165,2.608032464981079,2.569254159927368,2.5880584716796875,2.7340943813323975,2.548043727874756,2.921753168106079
A10,2.711120843887329,2.393613815307617,2.1031365394592285,1.8321685791015625,1.5199737548828125,1.243959665298462,0.925674319267273,0.6114798784255981,0.38010290265083313,0.0,0.35484734177589417,0.6635117530822754,0.887039065361023,1.2313610315322876,1.3189789056777954,2.446475028991699,2.230289936065674,1.9564682245254517,1.8975242376327515,1.5158685445785522,1.434491753578186,1.091052770614624,0.9643641710281372,0.7831610441207886,0.7649570107460022,0.7353603839874268,1.001125454902649,1.1704425811767578,1.5134401321411133,1.6964788436889648,2.5504136085510254,2.438103437423706,2.1361806392669678,2.171438217163086,1.8060357570648193,1.815475344657898,1.5183587074279785,1.4843156337738037,1.3405611515045166,1.3424315452575684,1.284559726715088,1.4621175527572632,1.6477298736572266,1.8534795045852661,2.0856149196624756,2.876479148864746,2.81449556350708,2.5136237144470215,2.594263792037964,2.250138282775879,2.3059959411621094,2.0353739261627197,2.0442874431610107,1.9067323207855225,1.9214836359024048,1.8750633001327515,2.0029869079589844,2.227750539779663,2.3460896015167236,2.610139846801758,3.345079183578491,3.15678334236145,3.137549638748169,3.207451820373535,2.891381025314331,3.0041728019714355,2.7049906253814697,2.78255295753479,2.597872495651245,2.562657594680786,2.4683587551116943,2.4607465267181396,2.5574798583984375,2.3392202854156494,2.6991305351257324
A11,2.865510940551758,2.547097682952881,2.266777753829956,2.0309059619903564,1.6937719583511353,1.4748620986938477,1.116573452949524,0.8813332319259644,0.5488587617874146,0.35484734177589417,0.0,0.3905617892742157,0.553331732749939,0.9200847744941711,1.0140445232391357,2.4942944049835205,2.3091304302215576,2.0698702335357666,2.05216383934021,1.6774325370788574,1.6545253992080688,1.3022041320800781,1.233484148979187,0.9857786893844604,0.97110515832901,0.8068296909332275,0.9856782555580139,1.0576452016830444,1.3461939096450806,1.5133112668991089,2.52174711227417,2.453425168991089,2.1868765354156494,2.2704918384552,1.922134280204773,1.9845393896102905,1.686104655265808,1.6953785419464111,1.5032678842544556,1.5203973054885864,1.3877341747283936,1.5224268436431885,1.6328717470169067,1.7804298400878906,1.9838756322860718,2.802314281463623,2.786184072494507,2.5198774337768555,2.646829128265381,2.326683521270752,2.4298739433288574,2.16721510887146,2.216193675994873,2.0482051372528076,2.0874550342559814,1.9931857585906982,2.1079931259155273,2.2772200107574463,2.3585407733917236,2.5847761631011963,3.248866081237793,3.098954439163208,3.1136839389801025,3.2216358184814453,2.935245990753174,3.0862090587615967,2.810384511947632,2.9264183044433594,2.7399508953094482,2.74368953704834,2.640082836151123,2.6638739109039307,2.746339797973633,2.5423481464385986,2.8985462188720703
A12,3.237098217010498,2.9100496768951416,2.6429085731506348,2.400736093521118,2.0707409381866455,1.8475617170333862,1.4937564134597778,1.2488936185836792,0.9190670847892761,0.6635117530822754,0.3905617892742157,0.0,0.36525383591651917,0.628511905670166,0.847642719745636,2.7974865436553955,2.6060526371002197,2.3925018310546875,2.358583927154541,1.9878994226455688,1.9489964246749878,1.5782214403152466,1.4725710153579712,1.1603318452835083,1.0530202388763428,0.7766246795654297,0.7897647023200989,0.8133668899536133,1.0295720100402832,1.2422901391983032,2.700671911239624,2.6333789825439453,2.3983638286590576,2.4776477813720703,2.1307899951934814,2.184995651245117,1.8558452129364014,1.8375929594039917,1.5776487588882446,1.5405468940734863,1.3219361305236816,1.3646270036697388,1.4210577011108398,1.496438980102539,1.705159068107605,2.851766347885132,2.848680257797241,2.6140756607055664,2.7499659061431885,2.433637857437134,2.540252685546875,2.2517971992492676,2.2900006771087646,2.063889980316162,2.0769169330596924,1.9144190549850464,1.9767049551010132,2.088804006576538,2.117377519607544,2.320908784866333,3.1564059257507324,3.025240898132324,3.0869405269622803,3.2036118507385254,2.93644642829895,3.0967724323272705,2.8217153549194336,2.946897506713867,2.727649211883545,2.7458293437957764,2.6020455360412598,2.637078046798706,2.678663969039917,2.479179859161377,2.818648099899292
A13,3.208761692047119,2.879213333129883,2.636688709259033,2.4255430698394775,2.08868145942688,1.9222854375839233,1.5524581670761108,1.3891445398330688,1.0200663805007935,0.887039065361023,0.553331732749939,0.36525383591651917,0.0,0.3873032033443451,0.5102360844612122,2.6614890098571777,2.498274326324463,2.324706554412842,2.327636957168579,1.9770119190216064,1.9984184503555298,1.6399273872375488,1.6122636795043945,1.2902339696884155,1.2660003900527954,0.9720861911773682,0.9954436421394348,0.8749246001243591,1.0288770198822021,1.1394919157028198,2.496124267578125,2.4720380306243896,2.2738332748413086,2.400681972503662,2.0843329429626465,2.196972131729126,1.8939201831817627,1.9428101778030396,1.682060956954956,1.7116152048110962,1.4834269285202026,1.550382137298584,1.5277258157730103,1.5813226699829102,1.7147343158721924,2.628723382949829,2.6701319217681885,2.467833995819092,2.64880108833313,2.368406295776367,2.526736259460449,2.2724087238311768,2.3683688640594482,2.1519887447357178,2.222813367843628,2.0598337650299072,2.156048536300659,2.2313876152038574,2.2627511024475098,2.4158859252929688,2.9699997901916504,2.8764052391052246,2.9509615898132324,3.1074845790863037,2.8722715377807617,3.072770118713379,2.8352489471435547,3.0042483806610107,2.8138210773468018,2.878837823867798,2.763005256652832,2.8409719467163086,2.9056930541992188,2.7420291900634766,3.089205503463745
A14,3.5348715782165527,3.1962902545928955,2.975524663925171,2.761597156524658,2.4359657764434814,2.2737464904785156,1.9098328351974487,1.7509984970092773,1.381369948387146,1.2313610315322876,0.9200847744941711,0.628511905670166,0.3873032033443451,0.0,0.37667837738990784,2.907014846801758,2.7411015033721924,2.6014273166656494,2.592517137527466,2.2564034461975098,2.2739431858062744,1.9124019145965576,1.8755890130996704,1.5212737321853638,1.4625245332717896,1.1223227977752686,1.0268707275390625,0.7951227426528931,0.7949222326278687,0.8722095489501953,2.6073265075683594,2.590214967727661,2.434856414794922,2.562425136566162,2.2633326053619385,2.378833055496216,2.066727876663208,2.111128330230713,1.8078868389129639,1.8184154033660889,1.5341002941131592,1.5339171886444092,1.4220536947250366,1.3932510614395142,1.4774823188781738,2.598999500274658,2.6619584560394287,2.5041582584381104,2.700024127960205,2.440737009048462,2.6126487255096436,2.353529691696167,2.45695161819458,2.201868772506714,2.2717626094818115,2.0582635402679443,2.1238229274749756,2.129179000854492,2.1172993183135986,2.217877149581909,2.7985212802886963,2.736671209335327,2.859895944595337,3.0345888137817383,2.832771062850952,3.0517358779907227,2.8332226276397705,3.023242950439453,2.8194375038146973,2.914917469024658,2.780134439468384,2.8856770992279053,2.9274990558624268,2.790334939956665,3.1216607093811035
A15,3.335653066635132,2.995135545730591,2.8051090240478516,2.6143198013305664,2.2981436252593994,2.18452787399292,1.8259855508804321,1.7423595190048218,1.3659275770187378,1.3189789056777954,1.0140445232391357,0.847642719745636,0.5102360844612122,0.37667837738990784,0.0,2.6242785453796387,2.4766602516174316,2.3737294673919678,2.390251398086548,2.081728458404541,2.1494011878967285,1.8137038946151733,1.850193977355957,1.5125261545181274,1.5445289611816406,1.2347404956817627,1.2280226945877075,0.9542263746261597,0.9927445650100708,0.9271317720413208,2.274017810821533,2.288119077682495,2.1613543033599854,2.326215982437134,2.0605666637420654,2.2264065742492676,1.9528576135635376,2.063645362854004,1.787796974182129,1.8762524127960205,1.6266900300979614,1.6979924440383911,1.5634839534759521,1.5822750329971313,1.5987353324890137,2.2809035778045654,2.3744444847106934,2.234358549118042,2.464669942855835,2.239621639251709,2.454832077026367,2.2399580478668213,2.3987338542938232,2.1798388957977295,2.3130850791931152,2.1360156536102295,2.2617876529693604,2.2734375,2.305724620819092,2.3813183307647705,2.581721782684326,2.539712905883789,2.647425889968872,2.851639986038208,2.6699509620666504,2.9191207885742188,2.7362890243530273,2.960671901702881,2.8006958961486816,2.931936502456665,2.8439385890960693,2.983591079711914,3.0688743591308594,2.9645025730133057,3.313089370727539
B1,1.1411279439926147,0.8980687260627747,1.093091368675232,1.2111401557922363,1.273403286933899,1.583892822265625,1.6618205308914185,2.037747621536255,2.0724101066589355,2.446475028991699,2.4942944049835205,2.7974865436553955,2.6614890098571777,2.907014846801758,2.6242785453796387,0.0,0.3938276171684265,0.6322073340415955,0.9527608752250671,1.1699905395507812,1.5223897695541382,1.7146135568618774,2.09424090385437,2.222022771835327,2.5966556072235107,2.6863722801208496,3.0364575386047363,2.9737343788146973,3.270731210708618,3.142127513885498,1.0975655317306519,1.1909313201904297,1.0653390884399414,1.313751459121704,1.432453989982605,1.7262096405029297,1.9367989301681519,2.27754545211792,2.4433741569519043,2.793408155441284,2.922882080078125,3.2864677906036377,3.335700273513794,3.624386787414551,3.628427505493164,2.0910747051239014,2.091155529022217,1.86372709274292,2.0026094913482666,1.9850722551345825,2.1954987049102783,2.342107057571411,2.6161253452301025,2.7945058345794678,3.0961101055145264,3.2632598876953125,3.6126339435577393,3.827871322631836,4.0931172370910645,4.2389373779296875,3.2727410793304443,3.143744468688965,2.920119285583496,3.049806594848633,2.8581511974334717,3.035656213760376,2.9858458042144775,3.1751010417938232,3.303039789199829,3.41937518119812,3.609023094177246,3.7503247261047363,4.05302095413208,4.024561882019043,4.4080023765563965
B2,1.2243086099624634,0.8944510817527771,1.0591000318527222,1.04751455783844,1.1294230222702026,1.3742575645446777,1.4667123556137085,1.8222757577896118,1.8667840957641602,2.230289936065674,2.3091304302215576,2.6060526371002197,2.498274326324463,2.7411015033721924,2.4766602516174316,0.3938276171684265,0.0,0.3633404076099396,0.590053379535675,0.8421289920806885,1.1753888130187988,1.3896477222442627,1.767714023590088,1.911420464515686,2.29008412361145,2.404147148132324,2.7613840103149414,2.7151405811309814,3.0279335975646973,2.907125473022461,1.006165623664856,0.9687241911888123,0.755101203918457,0.9515674114227295,1.0561367273330688,1.3360203504562378,1.5627403259277344,1.903396487236023,2.0878753662109375,2.4432902336120605,2.594280481338501,2.9676742553710938,3.029221296310425,3.3375375270843506,3.348064422607422,1.932889699935913,1.870699405670166,1.5948221683502197,1.6916050910949707,1.6371679306030273,1.822802186012268,1.964463233947754,2.229856014251709,2.42091703414917,2.722344160079956,2.905366897583008,3.261594533920288,3.4872331619262695,3.766977071762085,3.9207675457000732,3.054344654083252,2.887998104095459,2.653334140777588,2.752577304840088,2.5323262214660645,2.688584089279175,2.6195552349090576,2.7948381900787354,2.9212424755096436,3.030413866043091,3.2257936000823975,3.3673062324523926,3.67655611038208,3.6591291427612305,4.040157318115234
B3,1.1125303506851196,0.7355279326438904,0.7898715734481812,0.7071873545646667,0.7769498229026794,1.0157712697982788,1.1398334503173828,1.5007363557815552,1.5894445180892944,1.9564682245254517,2.0698702335357666,2.3925018310546875,2.324706554412842,2.6014273166656494,2.3737294673919678,0.6322073340415955,0.3633404076099396,0.0,0.3827502131462097,0.5638913512229919,0.9047855734825134,1.1289294958114624,1.4984699487686157,1.6763432025909424,2.0489516258239746,2.1890363693237305,2.5617644786834717,2.557643413543701,2.894768714904785,2.8182291984558105,1.2857792377471924,1.2031971216201782,0.903569221496582,1.030312418937683,1.0101816654205322,1.235161304473877,1.4179672002792358,1.7218135595321655,1.916542410850525,2.247204065322876,2.411362409591675,2.784524440765381,2.8846681118011475,3.200657606124878,3.2511024475097656,2.149343729019165,2.0649492740631104,1.750471591949463,1.81894850730896,1.686070442199707,1.8265475034713745,1.9075175523757935,2.1269259452819824,2.3057525157928467,2.570848226547241,2.755601644515991,3.09635853767395,3.3472065925598145,3.6218478679656982,3.806325912475586,3.1974079608917236,3.008437156677246,2.7888290882110596,2.8665521144866943,2.606968402862549,2.738267421722412,2.6168887615203857,2.758755683898926,2.8481082916259766,2.9169297218322754,3.08721923828125,3.194308280944824,3.4902286529541016,3.4408745765686035,3.821549415588379
B4,1.3186562061309814,0.9382095336914062,0.9830071330070496,0.7602119445800781,0.879400908946991,0.9861070513725281,1.1438275575637817,1.4499855041503906,1.5603162050247192,1.8975242376327515,2.05216383934021,2.358583927154541,2.327636957168579,2.592517137527466,2.390251398086548,0.9527608752250671,0.590053379535675,0.3827502131462097,0.0,0.3819390833377838,0.6231702566146851,0.9179494380950928,1.2684359550476074,1.4845362901687622,1.8547083139419556,2.034778118133545,2.412008762359619,2.43204665184021,2.783470869064331,2.7156710624694824,1.3597179651260376,1.1624754667282104,0.8149744868278503,0.7983552813529968,0.7399200201034546,0.8931986689567566,1.11484694480896,1.406520962715149,1.6441302299499512,1.9786754846572876,2.181157350540161,2.566099166870117,2.68438720703125,3.024947166442871,3.0812582969665527,2.102611780166626,1.951054573059082,1.6002914905548096,1.5993015766143799,1.4262744188308716,1.5105922222137451,1.5894612073898315,1.7862982749938965,1.9946134090423584,2.2568459510803223,2.4719276428222656,2.822584867477417,3.089155912399292,3.385039806365967,3.5783894062042236,3.06412410736084,2.8354437351226807,2.59956431388855,2.634101390838623,2.3461172580718994,2.4406912326812744,2.299694061279297,2.4149134159088135,2.5100951194763184,2.5652730464935303,2.7508552074432373,2.85623836517334,3.1657016277313232,3.1344053745269775,3.509809970855713
B5,1.522400975227356,1.1394511461257935,1.0516968965530396,0.7564924955368042,0.7211186289787292,0.7203012108802795,0.8053129315376282,1.0869566202163696,1.1830048561096191,1.5158685445785522,1.6774325370788574,1.9878994226455688,1.9770119190216064,2.2564034461975098,2.081728458404541,1.1699905395507812,0.8421289920806885,0.5638913512229919,0.3819390833377838,0.0,0.3719625473022461,0.5707515478134155,0.9382142424583435,1.1359224319458008,1.5059345960617065,1.6791653633117676,2.061068058013916,2.097604751586914,2.458949565887451,2.4219472408294678,1.4851312637329102,1.298987865447998,0.9284995198249817,0.9292741417884827,0.7067719101905823,0.8365803956985474,0.9246590733528137,1.190208911895752,1.3830161094665527,1.6964411735534668,1.8763900995254517,2.252683162689209,2.3843088150024414,2.7169981002807617,2.799597978591919,2.1438167095184326,2.0069148540496826,1.6469136476516724,1.6691339015960693,1.4259613752365112,1.5087628364562988,1.49490225315094,1.6637065410614014,1.8129112720489502,2.0456972122192383,2.2274396419525146,2.5574278831481934,2.825972318649292,3.102362632751465,3.3104357719421387,3.020548105239868,2.792327880859375,2.5981128215789795,2.641378879547119,2.333820343017578,2.436342239379883,2.2496116161346436,2.36129093170166,2.3979716300964355,2.4366023540496826,2.574716329574585,2.6635124683380127,2.9457509517669678,2.883117914199829,3.265230894088745
B6,1.7421009540557861,1.375237226486206,1.2630023956298828,0.9011642932891846,0.8933144211769104,0.7327749133110046,0.849820613861084,1.0176711082458496,1.1610074043273926,1.434491753578186,1.6545253992080688,1.9489964246749878,1.9984184503555298,2.2739431858062744,2.1494011878967285,1.5223897695541382,1.1753888130187988,0.9047855734825134,0.6231702566146851,0.3719625473022461,0.0,0.3804035186767578,0.6643391847610474,0.9440321922302246,1.2886556386947632,1.5235971212387085,1.9090548753738403,1.9979219436645508,2.377607822418213,2.3763575553894043,1.757682204246521,1.51199471950531,1.1402645111083984,1.0249474048614502,0.7327286005020142,0.6828765869140625,0.7169246077537537,0.8972587585449219,1.14096999168396,1.4266060590744019,1.655409574508667,2.0362939834594727,2.21064829826355,2.565779209136963,2.677119493484497,2.298454523086548,2.112065553665161,1.7323616743087769,1.688139796257019,1.3876558542251587,1.3825844526290894,1.3118129968643188,1.4075806140899658,1.5664087533950806,1.7604550123214722,1.9700825214385986,2.2942054271698,2.5922396183013916,2.882424831390381,3.1157948970794678,3.0533998012542725,2.7888238430023193,2.595296621322632,2.5919604301452637,2.2501308917999268,2.3039190769195557,2.071802854537964,2.134002685546875,2.1459264755249023,2.1420505046844482,2.2724056243896484,2.3343989849090576,2.6181564331054688,2.5507843494415283,2.927624225616455
B7,2.024860143661499,1.6563496589660645,1.4923104047775269,1.1428866386413574,1.009581208229065,0.77476966381073,0.7207159399986267,0.7854175567626953,0.8489385843276978,1.091052770614624,1.3022041320800781,1.5782214403152466,1.6399273872375488,1.9124019145965576,1.8137038946151733,1.7146135568618774,1.3896477222442627,1.1289294958114624,0.9179494380950928,0.5707515478134155,0.3804035186767578,0.0,0.38263654708862305,0.5818610787391663,0.9421824216842651,1.151868462562561,1.5393720865249634,1.6300806999206543,2.0135653018951416,2.033837080001831,1.8274476528167725,1.6052002906799316,1.2502094507217407,1.180488109588623,0.8188179731369019,0.7891263365745544,0.6287943720817566,0.7661699652671814,0.8977596759796143,1.1625696420669556,1.3417019844055176,1.7118107080459595,1.8825606107711792,2.223944664001465,2.3509652614593506,2.268763303756714,2.108433961868286,1.742201805114746,1.7372223138809204,1.4004310369491577,1.4211479425430298,1.2625702619552612,1.3455132246017456,1.4113497734069824,1.5817365646362305,1.7326186895370483,2.0346240997314453,2.318039894104004,2.583021402359009,2.8190724849700928,2.9319047927856445,2.6795992851257324,2.534723997116089,2.552406072616577,2.2099416255950928,2.2877535820007324,2.028601884841919,2.107455253601074,2.0592782497406006,2.0606682300567627,2.1347391605377197,2.197392702102661,2.4464359283447266,2.355551242828369,2.741534948348999
B8,2.3225700855255127,1.9694255590438843,1.7757070064544678,1.4077051877975464,1.270087718963623,0.952418863773346,0.8831520676612854,0.7695569396018982,0.850725531578064,0.9643641710281372,1.233484148979187,1.4725710153579712,1.6122636795043945,1.8755890130996704,1.850193977355957,2.09424090385437,1.767714023590088,1.4984699487686157,1.2684359550476074,0.9382142424583435,0.6643391847610474,0.38263654708862305,0.0,0.3811734914779663,0.6477378010749817,0.9377038478851318,1.3171073198318481,1.4843471050262451,1.8801935911178589,1.9606724977493286,2.172196626663208,1.9311569929122925,1.5883666276931763,1.4749642610549927,1.1003910303115845,0.9658722281455994,0.7022422552108765,0.6312774419784546,0.7206185460090637,0.8807265162467957,1.0889266729354858,1.4432740211486816,1.673358678817749,2.0234005451202393,2.198303699493408,2.5139381885528564,2.3332273960113525,1.9705426692962646,1.9309643507003784,1.5592162609100342,1.513192057609558,1.2723909616470337,1.2511286735534668,1.2621062994003296,1.3452339172363281,1.4862642288208008,1.7527297735214233,2.0649893283843994,2.3241589069366455,2.594528913497925,3.037322521209717,2.7652812004089355,2.645042896270752,2.630699872970581,2.2674295902252197,2.3065969944000244,1.9983348846435547,2.027308940887451,1.9183684587478638,1.8658279180526733,1.889244794845581,1.907720685005188,2.129354476928711,2.0063793659210205,2.3899784088134766
B9,2.5835437774658203,2.2204809188842773,2.023634195327759,1.6809362173080444,1.4860575199127197,1.1947656869888306,1.008714199066162,0.8430539965629578,0.7523325681686401,0.7831610441207886,0.9857786893844604,1.1603318452835083,1.2902339696884155,1.5212737321853638,1.5125261545181274,2.222022771835327,1.911420464515686,1.6763432025909424,1.4845362901687622,1.1359224319458008,0.9440321922302246,0.5818610787391663,0.3811734914779663,0.0,0.37923750281333923,0.5836916565895081,0.9679837226867676,1.1065160036087036,1.5018219947814941,1.585667610168457,2.160564661026001,1.9456342458724976,1.6384403705596924,1.56991446018219,1.1862558126449585,1.1111135482788086,0.7695808410644531,0.711549699306488,0.5898772478103638,0.7238293290138245,0.8134430646896362,1.1561604738235474,1.348398208618164,1.6798608303070068,1.8510373830795288,2.39397931098938,2.2450342178344727,1.9122313261032104,1.9179028272628784,1.54486882686615,1.5476374626159668,1.2633062601089478,1.2688883543014526,1.174527645111084,1.258245587348938,1.3071115016937256,1.5542793273925781,1.8230923414230347,2.0528221130371094,2.3054163455963135,2.8278613090515137,2.5783894062042236,2.5072624683380127,2.5239813327789307,2.1792032718658447,2.257080316543579,1.9504982233047485,2.0204861164093018,1.8708440065383911,1.8583924770355225,1.8341832160949707,1.8847885131835938,2.070199489593506,1.9484108686447144,2.33740496635437
B10,2.9200429916381836,2.5662858486175537,2.34745192527771,2.0009143352508545,1.7953053712844849,1.4728538990020752,1.2750164270401,1.0124608278274536,0.9078895449638367,0.7649570107460022,0.97110515832901,1.0530202388763428,1.2660003900527954,1.4625245332717896,1.5445289611816406,2.5966556072235107,2.29008412361145,2.0489516258239746,1.8547083139419556,1.5059345960617065,1.2886556386947632,0.9421824216842651,0.6477378010749817,0.37923750281333923,0.0,0.360372930765152,0.6944830417633057,0.940159261226654,1.329888105392456,1.4938557147979736,2.5081284046173096,2.292405843734741,1.9994990825653076,1.9173189401626587,1.5358426570892334,1.422348976135254,1.0578089952468872,0.8842602372169495,0.6685057878494263,0.5800025463104248,0.5914095640182495,0.8649548292160034,1.1229994297027588,1.440376877784729,1.6726062297821045,2.657346725463867,2.5071582794189453,2.19234299659729,2.1855077743530273,1.803823471069336,1.7721145153045654,1.438523530960083,1.3656816482543945,1.187835931777954,1.159476637840271,1.1354923248291016,1.3038661479949951,1.5796993970870972,1.776794195175171,2.062584400177002,2.950674295425415,2.69889760017395,2.6659340858459473,2.666149854660034,2.3201003074645996,2.374964952468872,2.0382280349731445,2.0735690593719482,1.8577593564987183,1.8052740097045898,1.7039997577667236,1.713067889213562,1.838271141052246,1.6734451055526733,2.054792642593384
B11,3.1071667671203613,2.749061107635498,2.5283732414245605,2.2076897621154785,1.9631860256195068,1.6738531589508057,1.4116805791854858,1.156495451927185,0.9362747669219971,0.7353603839874268,0.8068296909332275,0.7766246795654297,0.9720861911773682,1.1223227977752686,1.2347404956817627,2.6863722801208496,2.404147148132324,2.1890363693237305,2.034778118133545,1.6791653633117676,1.5235971212387085,1.151868462562561,0.9377038478851318,0.5836916565895081,0.360372930765152,0.0,0.39165323972702026,0.5984188318252563,0.990138590335846,1.1720117330551147,2.512014627456665,2.334439754486084,2.0754895210266113,2.042658805847168,1.6718319654464722,1.6199802160263062,1.248767375946045,1.1381300687789917,0.8444865942001343,0.7640106678009033,0.5818366408348083,0.7595614790916443,0.9294118285179138,1.191426157951355,1.4186617136001587,2.590108871459961,2.483388900756836,2.205084800720215,2.2482399940490723,1.8871166706085205,1.9102228879928589,1.5774980783462524,1.5522254705429077,1.316912055015564,1.308343768119812,1.1875132322311401,1.3144912719726562,1.5109658241271973,1.6528773307800293,1.9052249193191528,2.822134494781494,2.6068098545074463,2.6214962005615234,2.661755323410034,2.347078323364258,2.445727586746216,2.131105899810791,2.211801528930664,1.9814280271530151,1.9763236045837402,1.8470134735107422,1.8908815383911133,1.9788693189620972,1.8225972652435303,2.1918437480926514
B12,3.492382287979126,3.1343283653259277,2.9114627838134766,2.5962464809417725,2.342473030090332,2.0553171634674072,1.7795084714889526,1.5072270631790161,1.264518141746521,1.001125454902649,0.9856782555580139,0.7897647023200989,0.9954436421394348,1.0268707275390625,1.2280226945877075,3.0364575386047363,2.7613840103149414,2.5617644786834717,2.412008762359619,2.061068058013916,1.9090548753738403,1.5393720865249634,1.3171073198318481,0.9679837226867676,0.6944830417633057,0.39165323972702026,0.0,0.38086411356925964,0.6986184120178223,0.9723188281059265,2.784464120864868,2.6179094314575195,2.3893837928771973,2.361219882965088,2.0025227069854736,1.9496392011642456,1.5718523263931274,1.4376860857009888,1.1005651950836182,0.933809757232666,0.6253912448883057,0.575943648815155,0.6879131197929382,0.8616182208061218,1.1379185914993286,2.752281665802002,2.6619021892547607,2.420290946960449,2.472264051437378,2.1242117881774902,2.147791862487793,1.7979365587234497,1.7521015405654907,1.4533069133758545,1.3902323246002197,1.1672371625900269,1.1902480125427246,1.3089491128921509,1.3734521865844727,1.617248773574829,2.828150510787964,2.6328542232513428,2.700730562210083,2.7461864948272705,2.4556422233581543,2.557731866836548,2.2449159622192383,2.326124429702759,2.052919387817383,2.054229974746704,1.8646234273910522,1.908581256866455,1.9294958114624023,1.7684377431869507,2.108081340789795
B13,3.5468764305114746,3.1806485652923584,2.9824624061584473,2.6887805461883545,2.4271090030670166,2.1839921474456787,1.8847858905792236,1.670058012008667,1.3716081380844116,1.1704425811767578,1.0576452016830444,0.8133668899536133,0.8749246001243591,0.7951227426528931,0.9542263746261597,2.9737343788146973,2.7151405811309814,2.557643413543701,2.43204665184021,2.097604751586914,1.9979219436645508,1.6300806999206543,1.4843471050262451,1.1065160036087036,0.940159261226654,0.5984188318252563,0.38086411356925964,0.0,0.3978370130062103,0.6041921973228455,2.6111717224121094,2.4744317531585693,2.289771795272827,2.2998526096343994,1.968995451927185,1.9724394083023071,1.6109386682510376,1.5511772632598877,1.1942929029464722,1.1191846132278442,0.7850443720817566,0.7534099221229553,0.6540356874465942,0.7587059736251831,0.9281075596809387,2.4991488456726074,2.4465742111206055,2.2455968856811523,2.3420333862304688,2.0287129878997803,2.109123706817627,1.7864030599594116,1.8096431493759155,1.5031166076660156,1.5167043209075928,1.272657036781311,1.3313894271850586,1.3635448217391968,1.412077784538269,1.5704301595687866,2.537961959838867,2.379686117172241,2.4805595874786377,2.5690979957580566,2.3169569969177246,2.468672275543213,2.1979570388793945,2.337582588195801,2.0892460346221924,2.159040689468384,1.9966946840286255,2.103793144226074,2.143881320953369,2.037130117416382,2.373103618621826
