0.000000000000000000e+00,3.921364843845367432e-01,5.866528749465942383e-01,9.048144817352294922e-01,1.008212685585021973e+00,1.390015482902526855e+00,1.558542013168334961e+00,1.933227062225341797e+00,2.042712450027465820e+00,2.426558017730712891e+00,2.558747053146362305e+00,2.928503274917602539e+00,2.915282487869262695e+00,3.242785215377807617e+00,3.054677724838256836e+00,7.955433130264282227e-01,8.149397373199462891e-01,9.169937968254089355e-01,1.192933559417724609e+00,1.288309335708618164e+00,1.609609961509704590e+00,1.785672783851623535e+00,2.132477998733520508e+00,2.264861583709716797e+00,2.634062051773071289e+00,2.782208204269409180e+00,3.145647525787353516e+00,3.149445295333862305e+00,3.487641096115112305e+00,3.353368282318115234e+00,1.516475439071655273e+00,1.471275448799133301e+00,1.516483306884765625e+00,1.673382401466369629e+00,1.724438190460205078e+00,1.976750135421752930e+00,2.116873741149902344e+00,2.420667648315429688e+00,2.561936140060424805e+00,2.898293733596801758e+00,3.044006347656250000e+00,3.393444061279296875e+00,3.421794414520263672e+00,3.749757051467895508e+00,3.671804904937744141e+00,2.189916133880615234e+00,2.110816717147827148e+00,2.109057664871215820e+00,2.194040060043334961e+00,2.219052791595458984e+00,2.415675878524780273e+00,2.507819652557373047e+00,2.767554521560668945e+00,2.905836582183837891e+00,3.199345111846923828e+00,3.356063365936279297e+00,3.685357332229614258e+00,3.748356819152832031e+00,4.039484500885009766e+00,4.007085800170898438e+00,2.879911184310913086e+00,2.797886610031127930e+00,2.777871370315551758e+00,2.784367799758911133e+00,2.762304067611694336e+00,2.922073125839233398e+00,2.959650993347167969e+00,3.174352169036865234e+00,3.312052488327026367e+00,3.551948070526123047e+00,3.720540046691894531e+00,4.031727313995361328e+00,4.155131816864013672e+00,4.392371654510498047e+00,4.434544086456298828e+00
3.921364843845367432e-01,0.000000000000000000e+00,3.960724472999572754e-01,5.675185918807983398e-01,6.326359510421752930e-01,1.007567524909973145e+00,1.189400315284729004e+00,1.559567213058471680e+00,1.698627591133117676e+00,2.077862024307250977e+00,2.239892959594726562e+00,2.610009193420410156e+00,2.630803108215332031e+00,2.974004983901977539e+00,2.818955183029174805e+00,8.602219820022583008e-01,7.110612988471984863e-01,8.419443368911743164e-01,9.996836185455322266e-01,1.024213075637817383e+00,1.300385951995849609e+00,1.462559223175048828e+00,1.788607001304626465e+00,1.936980843544006348e+00,2.295397520065307617e+00,2.463333368301391602e+00,2.825350522994995117e+00,2.858533382415771484e+00,3.210825204849243164e+00,3.109367370605468750e+00,1.544450879096984863e+00,1.411385059356689453e+00,1.475671291351318359e+00,1.548863530158996582e+00,1.536527752876281738e+00,1.737811326980590820e+00,1.847130179405212402e+00,2.119175434112548828e+00,2.263801813125610352e+00,2.580462694168090820e+00,2.737201929092407227e+00,3.080432891845703125e+00,3.135123491287231445e+00,3.472043037414550781e+00,3.425585508346557617e+00,2.202699184417724609e+00,2.063616275787353516e+00,2.079836130142211914e+00,2.103656768798828125e+00,2.076050281524658203e+00,2.226635932922363281e+00,2.281950950622558594e+00,2.507220745086669922e+00,2.638351202011108398e+00,2.905868768692016602e+00,3.066397905349731445e+00,3.384911775588989258e+00,3.471747636795043945e+00,3.764731168746948242e+00,3.761322975158691406e+00,2.878180027008056641e+00,2.751675367355346680e+00,2.750319242477416992e+00,2.711072206497192383e+00,2.644990444183349609e+00,2.766366004943847656e+00,2.767283678054809570e+00,2.948817014694213867e+00,3.071395397186279297e+00,3.281421422958374023e+00,3.448315143585205078e+00,3.744088649749755859e+00,3.888000011444091797e+00,4.122102737426757812e+00,4.190813541412353516e+00
5.866528749465942383e-01,3.960724472999572754e-01,0.000000000000000000e+00,3.992039263248443604e-01,6.748560667037963867e-01,9.924208521842956543e-01,1.268741130828857422e+00,1.626816987991333008e+00,1.825207591056823730e+00,2.194901227951049805e+00,2.403099536895751953e+00,2.772430181503295898e+00,2.828178644180297852e+00,3.175585746765136719e+00,3.045524835586547852e+00,9.586029052734375000e-01,7.462214827537536621e-01,6.777849197387695312e-01,7.883256077766418457e-01,9.327726960182189941e-01,1.173428058624267578e+00,1.427466630935668945e+00,1.750553965568542480e+00,1.964263200759887695e+00,2.326736211776733398e+00,2.543015241622924805e+00,2.915546178817749023e+00,2.981500864028930664e+00,3.346468925476074219e+00,3.263931035995483398e+00,1.535672187805175781e+00,1.358137249946594238e+00,1.320540070533752441e+00,1.348675608634948730e+00,1.399788618087768555e+00,1.567839741706848145e+00,1.746504783630371094e+00,2.015368938446044922e+00,2.221449613571166992e+00,2.546602964401245117e+00,2.751081943511962891e+00,3.109570264816284180e+00,3.193959474563598633e+00,3.551447868347167969e+00,3.520344018936157227e+00,2.147104263305664062e+00,1.973517298698425293e+00,1.922111034393310547e+00,1.907863855361938477e+00,1.920967817306518555e+00,2.040216922760009766e+00,2.144575119018554688e+00,2.362251758575439453e+00,2.546232461929321289e+00,2.821321010589599609e+00,3.026581525802612305e+00,3.361571311950683594e+00,3.474426746368408203e+00,3.794106960296630859e+00,3.806693553924560547e+00,2.792718172073364258e+00,2.637810230255126953e+00,2.589397430419921875e+00,2.518997192382812500e+00,2.480239868164062500e+00,2.572690248489379883e+00,2.610284090042114258e+00,2.777942180633544922e+00,2.943825960159301758e+00,3.156343936920166016e+00,3.364652633666992188e+00,3.674090623855590820e+00,3.841979503631591797e+00,4.105339050292968750e+00,4.188166618347167969e+00
9.048144817352294922e-01,5.675185918807983398e-01,3.992039263248443604e-01,0.000000000000000000e+00,3.713149428367614746e-01,6.075078845024108887e-01,9.242755174636840820e-01,1.260770082473754883e+00,1.498789787292480469e+00,1.852353334426879883e+00,2.094241142272949219e+00,2.456837177276611328e+00,2.549680471420288086e+00,2.906671524047851562e+00,2.813901901245117188e+00,1.125567317008972168e+00,8.100264668464660645e-01,7.850361466407775879e-01,7.009635567665100098e-01,7.242674827575683594e-01,8.674184083938598633e-01,1.107406854629516602e+00,1.396490097045898438e+00,1.633888363838195801e+00,1.979161143302917480e+00,2.218811035156250000e+00,2.586209535598754883e+00,2.684273481369018555e+00,3.059885501861572266e+00,3.012788295745849609e+00,1.622511744499206543e+00,1.371382713317871094e+00,1.366074562072753906e+00,1.294535994529724121e+00,1.257276773452758789e+00,1.348881125450134277e+00,1.482564330101013184e+00,1.706356883049011230e+00,1.915882468223571777e+00,2.215248823165893555e+00,2.432001113891601562e+00,2.781401634216308594e+00,2.893917798995971680e+00,3.258206844329833984e+00,3.260288953781127930e+00,2.193184852600097656e+00,1.965996980667114258e+00,1.943817615509033203e+00,1.864680409431457520e+00,1.810849547386169434e+00,1.872644066810607910e+00,1.926856040954589844e+00,2.099815130233764648e+00,2.271815538406372070e+00,2.514718532562255859e+00,2.722405195236206055e+00,3.043610334396362305e+00,3.181047439575195312e+00,3.500632524490356445e+00,3.543297052383422852e+00,2.808989524841308594e+00,2.613064050674438477e+00,2.591821908950805664e+00,2.476317644119262695e+00,2.385153532028198242e+00,2.434420585632324219e+00,2.425374984741210938e+00,2.553514003753662109e+00,2.697476625442504883e+00,2.874747991561889648e+00,3.078043937683105469e+00,3.368854045867919922e+00,3.556884050369262695e+00,3.814879179000854492e+00,3.924553632736206055e+00
1.008212685585021973e+00,6.326359510421752930e-01,6.748560667037963867e-01,3.713149428367614746e-01,0.000000000000000000e+00,3.892402946949005127e-01,5.957160592079162598e-01,9.611328840255737305e-01,1.154067873954772949e+00,1.521161675453186035e+00,1.739633679389953613e+00,2.106055736541748047e+00,2.185251712799072266e+00,2.542187213897705078e+00,2.446534156799316406e+00,1.087665915489196777e+00,7.579941749572753906e-01,8.850500583648681641e-01,7.805414199829101562e-01,6.171992421150207520e-01,7.626897096633911133e-01,8.800698518753051758e-01,1.172323107719421387e+00,1.350334048271179199e+00,1.696412205696105957e+00,1.903324723243713379e+00,2.267208337783813477e+00,2.348160505294799805e+00,2.720047712326049805e+00,2.669610500335693359e+00,1.567243814468383789e+00,1.310497045516967773e+00,1.403719186782836914e+00,1.331963181495666504e+00,1.196221828460693359e+00,1.294432759284973145e+00,1.335041522979736328e+00,1.551273703575134277e+00,1.697665333747863770e+00,1.986986756324768066e+00,2.164518356323242188e+00,2.503078937530517578e+00,2.597275972366333008e+00,2.950205564498901367e+00,2.949307441711425781e+00,2.137051820755004883e+00,1.910285353660583496e+00,1.960268139839172363e+00,1.887535452842712402e+00,1.767072439193725586e+00,1.838567852973937988e+00,1.824603080749511719e+00,1.992457866668701172e+00,2.106214284896850586e+00,2.335693597793579102e+00,2.501962184906005859e+00,2.807733297348022461e+00,2.927407741546630859e+00,3.227312326431274414e+00,3.264880180358886719e+00,2.754002332687377930e+00,2.561530828475952148e+00,2.594580411911010742e+00,2.487761974334716797e+00,2.349045038223266602e+00,2.409800052642822266e+00,2.347793102264404297e+00,2.477814674377441406e+00,2.570948362350463867e+00,2.737967967987060547e+00,2.899599552154541016e+00,3.174912929534912109e+00,3.344698667526245117e+00,3.577641963958740234e+00,3.681864976882934570e+00
1.390015482902526855e+00,1.007567524909973145e+00,9.924208521842956543e-01,6.075078845024108887e-01,3.892402946949005127e-01,0.000000000000000000e+00,3.819454014301300049e-01,6.623138785362243652e-01,9.488461017608642578e-01,1.272312521934509277e+00,1.552915811538696289e+00,1.901209950447082520e+00,2.040966033935546875e+00,2.405786991119384766e+00,2.366424798965454102e+00,1.429235816001892090e+00,1.076511025428771973e+00,1.158598780632019043e+00,9.307929873466491699e-01,7.011777758598327637e-01,6.264259815216064453e-01,6.899257302284240723e-01,8.850279450416564941e-01,1.114686012268066406e+00,1.422220349311828613e+00,1.674875378608703613e+00,2.027654409408569336e+00,2.162079334259033203e+00,2.546201229095458984e+00,2.547944068908691406e+00,1.803394079208374023e+00,1.498903512954711914e+00,1.581319808959960938e+00,1.418534994125366211e+00,1.223101854324340820e+00,1.204281449317932129e+00,1.189770102500915527e+00,1.319458365440368652e+00,1.479068636894226074e+00,1.722112298011779785e+00,1.926584959030151367e+00,2.250729322433471680e+00,2.390963554382324219e+00,2.753606319427490234e+00,2.799897909164428711e+00,2.300183773040771484e+00,2.027651309967041016e+00,2.081469297409057617e+00,1.942253828048706055e+00,1.772923350334167480e+00,1.766175270080566406e+00,1.703934192657470703e+00,1.802306771278381348e+00,1.909417390823364258e+00,2.089934110641479492e+00,2.268255710601806641e+00,2.555093765258789062e+00,2.713544607162475586e+00,3.016668319702148438e+00,3.096389055252075195e+00,2.862927913665771484e+00,2.630007743835449219e+00,2.673417806625366211e+00,2.518156528472900391e+00,2.339938402175903320e+00,2.343512773513793945e+00,2.240961074829101562e+00,2.315018415451049805e+00,2.390528917312622070e+00,2.509154081344604492e+00,2.673150777816772461e+00,2.924423694610595703e+00,3.125299215316772461e+00,3.356896162033081055e+00,3.497488260269165039e+00
1.558542013168334961e+00,1.189400315284729004e+00,1.268741130828857422e+00,9.242755174636840820e-01,5.957160592079162598e-01,3.819454014301300049e-01,0.000000000000000000e+00,3.790211379528045654e-01,5.790456533432006836e-01,9.297509193420410156e-01,1.180917382240295410e+00,1.537084221839904785e+00,1.661446452140808105e+00,2.026736974716186523e+00,1.987168788909912109e+00,1.486490249633789062e+00,1.164080262184143066e+00,1.338840484619140625e+00,1.135140895843505859e+00,8.107905387878417969e-01,7.451127767562866211e-01,5.955783128738403320e-01,7.469797730445861816e-01,8.545331954956054688e-01,1.154133915901184082e+00,1.354938030242919922e+00,1.703026294708251953e+00,1.814293742179870605e+00,2.194047451019287109e+00,2.192511558532714844e+00,1.812762141227722168e+00,1.523933529853820801e+00,1.688409328460693359e+00,1.543248057365417480e+00,1.275254845619201660e+00,1.269423842430114746e+00,1.143409252166748047e+00,1.251256108283996582e+00,1.310012221336364746e+00,1.530174493789672852e+00,1.673966765403747559e+00,1.980504512786865234e+00,2.094167470932006836e+00,2.440736055374145508e+00,2.482533931732177734e+00,2.285257577896118164e+00,2.024978160858154297e+00,2.147032976150512695e+00,2.024471282958984375e+00,1.799379825592041016e+00,1.808295726776123047e+00,1.674529075622558594e+00,1.765492677688598633e+00,1.794597983360290527e+00,1.954602837562561035e+00,2.074014425277709961e+00,2.337916135787963867e+00,2.469993829727172852e+00,2.746290683746337891e+00,2.817708492279052734e+00,2.834191560745239258e+00,2.612144470214843750e+00,2.709347963333129883e+00,2.570421218872070312e+00,2.351029872894287109e+00,2.371088027954101562e+00,2.216182708740234375e+00,2.294378995895385742e+00,2.308811187744140625e+00,2.415938615798950195e+00,2.525193929672241211e+00,2.755735397338867188e+00,2.929675817489624023e+00,3.129131555557250977e+00,3.260036230087280273e+00
1.933227062225341797e+00,1.559567213058471680e+00,1.626816987991333008e+00,1.260770082473754883e+00,9.611328840255737305e-01,6.623138785362243652e-01,3.790211379528045654e-01,0.000000000000000000e+00,3.848141133785247803e-01,6.225591897964477539e-01,9.465293884277343750e-01,1.267936468124389648e+00,1.461190342903137207e+00,1.827638030052185059e+00,1.854377269744873047e+00,1.844745635986328125e+00,1.523885607719421387e+00,1.684587121009826660e+00,1.439425230026245117e+00,1.105063438415527344e+00,9.299911856651306152e-01,6.864835619926452637e-01,6.244596838951110840e-01,6.882696747779846191e-01,8.836797475814819336e-01,1.104992151260375977e+00,1.422138571739196777e+00,1.587594985961914062e+00,1.971420884132385254e+00,2.029567956924438477e+00,2.104664564132690430e+00,1.802458286285400391e+00,1.970047950744628906e+00,1.780875682830810547e+00,1.476107835769653320e+00,1.389207959175109863e+00,1.186581611633300781e+00,1.178611636161804199e+00,1.188933014869689941e+00,1.319226861000061035e+00,1.452720046043395996e+00,1.719910383224487305e+00,1.873101353645324707e+00,2.214813709259033203e+00,2.307763576507568359e+00,2.513129472732543945e+00,2.232692241668701172e+00,2.371124505996704102e+00,2.211004495620727539e+00,1.944143772125244141e+00,1.895581364631652832e+00,1.701184988021850586e+00,1.715991258621215820e+00,1.699369192123413086e+00,1.786226391792297363e+00,1.883305907249450684e+00,2.105235815048217773e+00,2.265912532806396484e+00,2.526276111602783203e+00,2.639198780059814453e+00,3.007550239562988281e+00,2.763256072998046875e+00,2.882124662399291992e+00,2.714713811874389648e+00,2.457783699035644531e+00,2.435587882995605469e+00,2.231620073318481445e+00,2.256413698196411133e+00,2.226831197738647461e+00,2.274850368499755859e+00,2.357291936874389648e+00,2.546206235885620117e+00,2.738481998443603516e+00,2.917213916778564453e+00,3.080986499786376953e+00
2.042712450027465820e+00,1.698627591133117676e+00,1.825207591056823730e+00,1.498789787292480469e+00,1.154067873954772949e+00,9.488461017608642578e-01,5.790456533432006836e-01,3.848141133785247803e-01,0.000000000000000000e+00,3.868486583232879639e-01,6.044782996177673340e-01,9.591507315635681152e-01,1.100302696228027344e+00,1.466931939125061035e+00,1.472753167152404785e+00,1.857280254364013672e+00,1.582585573196411133e+00,1.806007742881774902e+00,1.604059934616088867e+00,1.238122344017028809e+00,1.132393836975097656e+00,8.064370751380920410e-01,7.580131292343139648e-01,6.043801903724670410e-01,7.726398706436157227e-01,8.629124164581298828e-01,1.176369428634643555e+00,1.277324676513671875e+00,1.651564836502075195e+00,1.682049751281738281e+00,2.068801879882812500e+00,1.802395224571228027e+00,2.034541606903076172e+00,1.885717034339904785e+00,1.550160884857177734e+00,1.513163685798645020e+00,1.249111294746398926e+00,1.259376049041748047e+00,1.151010394096374512e+00,1.268314480781555176e+00,1.300318360328674316e+00,1.545704126358032227e+00,1.635978341102600098e+00,1.950886011123657227e+00,2.015238285064697266e+00,2.451561689376831055e+00,2.201270341873168945e+00,2.398047447204589844e+00,2.274217128753662109e+00,1.978951215744018555e+00,1.971854090690612793e+00,1.735982656478881836e+00,1.772697567939758301e+00,1.679109454154968262e+00,1.765052318572998047e+00,1.784923672676086426e+00,1.985283017158508301e+00,2.090855836868286133e+00,2.315926790237426758e+00,2.397674322128295898e+00,2.933272361755371094e+00,2.715049743652343750e+00,2.880881309509277344e+00,2.746155500411987305e+00,2.467589855194091797e+00,2.481425762176513672e+00,2.246741294860839844e+00,2.298460483551025391e+00,2.215467691421508789e+00,2.274057626724243164e+00,2.294596195220947266e+00,2.470258474349975586e+00,2.613301515579223633e+00,2.755622148513793945e+00,2.889207363128662109e+00
2.426558017730712891e+00,2.077862024307250977e+00,2.194901227951049805e+00,1.852353334426879883e+00,1.521161675453186035e+00,1.272312521934509277e+00,9.297509193420410156e-01,6.225591897964477539e-01,3.868486583232879639e-01,0.000000000000000000e+00,3.850081861019134521e-01,6.524682044982910156e-01,8.980798721313476562e-01,1.251233696937561035e+00,1.350227832794189453e+00,2.232992887496948242e+00,1.959623336791992188e+00,2.170486927032470703e+00,1.943234682083129883e+00,1.578205823898315430e+00,1.416450381278991699e+00,1.070942282676696777e+00,8.898454904556274414e-01,6.701713204383850098e-01,6.155095100402832031e-01,6.463240981101989746e-01,8.789201974868774414e-01,1.041819572448730469e+00,1.408754587173461914e+00,1.516816854476928711e+00,2.394137382507324219e+00,2.123874187469482422e+00,2.354504108428955078e+00,2.177891254425048828e+00,1.825422763824462891e+00,1.734765052795410156e+00,1.425946474075317383e+00,1.339115619659423828e+00,1.167443394660949707e+00,1.160227775573730469e+00,1.137439489364624023e+00,1.303942084312438965e+00,1.425257086753845215e+00,1.716473460197448730e+00,1.840095996856689453e+00,2.717311859130859375e+00,2.457674980163574219e+00,2.667009592056274414e+00,2.517905235290527344e+00,2.194843769073486328e+00,2.144479274749755859e+00,1.862144231796264648e+00,1.830406665802001953e+00,1.681547522544860840e+00,1.682312369346618652e+00,1.653131008148193359e+00,1.786875486373901367e+00,1.909399986267089844e+00,2.099226951599121094e+00,2.223300218582153320e+00,3.142033100128173828e+00,2.910485744476318359e+00,3.096831321716308594e+00,2.942871332168579102e+00,2.635192155838012695e+00,2.615381240844726562e+00,2.338600635528564453e+00,2.342195272445678711e+00,2.208475351333618164e+00,2.205145120620727539e+00,2.180724143981933594e+00,2.300400018692016602e+00,2.449302673339843750e+00,2.555388689041137695e+00,2.718561649322509766e+00
2.558747053146362305e+00,2.239892959594726562e+00,2.403099536895751953e+00,2.094241142272949219e+00,1.739633679389953613e+00,1.552915811538696289e+00,1.180917382240295410e+00,9.465293884277343750e-01,6.044782996177673340e-01,3.850081861019134521e-01,0.000000000000000000e+00,3.723301887512207031e-01,5.207756161689758301e-01,8.862494230270385742e-01,9.694838523864746094e-01,2.308891773223876953e+00,2.083151102066040039e+00,2.338729619979858398e+00,2.154762506484985352e+00,1.781092286109924316e+00,1.679483056068420410e+00,1.315482258796691895e+00,1.185482144355773926e+00,8.795403242111206055e-01,8.070767521858215332e-01,6.303656697273254395e-01,7.803607583045959473e-01,8.151093721389770508e-01,1.145777344703674316e+00,1.218303561210632324e+00,2.441235065460205078e+00,2.214130878448486328e+00,2.490777730941772461e+00,2.356863021850585938e+00,1.997009158134460449e+00,1.956291913986206055e+00,1.627934694290161133e+00,1.574579477310180664e+00,1.330010294914245605e+00,1.316104292869567871e+00,1.180417180061340332e+00,1.292743563652038574e+00,1.317971825599670410e+00,1.549705386161804199e+00,1.633620142936706543e+00,2.744046688079833984e+00,2.522666931152343750e+00,2.776247024536132812e+00,2.666537046432495117e+00,2.333823442459106445e+00,2.326183795928955078e+00,2.027202606201171875e+00,2.023607730865478516e+00,1.820102214813232422e+00,1.824907660484313965e+00,1.718214988708496094e+00,1.817788243293762207e+00,1.867964625358581543e+00,2.001708030700683594e+00,2.083441019058227539e+00,3.156183481216430664e+00,2.957650184631347656e+00,3.181637048721313477e+00,3.063591718673706055e+00,2.747545242309570312e+00,2.765041112899780273e+00,2.473596572875976562e+00,2.506474256515502930e+00,2.332549810409545898e+00,2.343460559844970703e+00,2.259540557861328125e+00,2.361251592636108398e+00,2.450695991516113281e+00,2.509640216827392578e+00,2.633426666259765625e+00
2.928503274917602539e+00,2.610009193420410156e+00,2.772430181503295898e+00,2.456837177276611328e+00,2.106055736541748047e+00,1.901209950447082520e+00,1.537084221839904785e+00,1.267936468124389648e+00,9.591507315635681152e-01,6.524682044982910156e-01,3.723301887512207031e-01,0.000000000000000000e+00,3.782454431056976318e-01,6.581863760948181152e-01,8.760872483253479004e-01,2.668215274810791016e+00,2.448665618896484375e+00,2.700867652893066406e+00,2.506886959075927734e+00,2.133409500122070312e+00,2.008410453796386719e+00,1.638382554054260254e+00,1.458012700080871582e+00,1.140262603759765625e+00,9.501583576202392578e-01,6.893764138221740723e-01,6.340652704238891602e-01,6.662341952323913574e-01,9.240320920944213867e-01,1.082308292388916016e+00,2.764449119567871094e+00,2.542718648910522461e+00,2.821828365325927734e+00,2.677115678787231445e+00,2.309735536575317383e+00,2.244267940521240234e+00,1.895282506942749023e+00,1.791696786880493164e+00,1.509159684181213379e+00,1.405513167381286621e+00,1.201097607612609863e+00,1.197140574455261230e+00,1.210301637649536133e+00,1.369589805603027344e+00,1.501795768737792969e+00,3.020221471786499023e+00,2.801663637161254883e+00,3.067817211151123047e+00,2.948555231094360352e+00,2.600289821624755859e+00,2.571154594421386719e+00,2.245268344879150391e+00,2.200415849685668945e+00,1.953588843345642090e+00,1.893257737159729004e+00,1.727731347084045410e+00,1.747141361236572266e+00,1.784391164779663086e+00,1.853612899780273438e+00,1.960920572280883789e+00,3.383224010467529297e+00,3.183938026428222656e+00,3.427455902099609375e+00,3.303649663925170898e+00,2.969317674636840820e+00,2.969606399536132812e+00,2.650202274322509766e+00,2.653016567230224609e+00,2.435446977615356445e+00,2.400041580200195312e+00,2.263710737228393555e+00,2.305726766586303711e+00,2.377856254577636719e+00,2.383328676223754883e+00,2.519519805908203125e+00
2.915282487869262695e+00,2.630803108215332031e+00,2.828178644180297852e+00,2.549680471420288086e+00,2.185251712799072266e+00,2.040966033935546875e+00,1.661446452140808105e+00,1.461190342903137207e+00,1.100302696228027344e+00,8.980798721313476562e-01,5.207756161689758301e-01,3.782454431056976318e-01,0.000000000000000000e+00,3.773171603679656982e-01,5.032480359077453613e-01,2.605224370956420898e+00,2.432531833648681641e+00,2.718829393386840820e+00,2.570476531982421875e+00,2.197946548461914062e+00,2.135004520416259766e+00,1.763073682785034180e+00,1.649977803230285645e+00,1.299284696578979492e+00,1.181862473487854004e+00,8.635551333427429199e-01,8.261400461196899414e-01,6.637468934059143066e-01,8.398408889770507812e-01,8.764712810516357422e-01,2.681605100631713867e+00,2.504589080810546875e+00,2.818601608276367188e+00,2.720955610275268555e+00,2.358802795410156250e+00,2.350721836090087891e+00,2.005424976348876953e+00,1.960300445556640625e+00,1.652160167694091797e+00,1.601358532905578613e+00,1.351981878280639648e+00,1.358554005622863770e+00,1.262811541557312012e+00,1.368364691734313965e+00,1.408234000205993652e+00,2.930108785629272461e+00,2.753418445587158203e+00,3.051225185394287109e+00,2.976812601089477539e+00,2.634321689605712891e+00,2.657064437866210938e+00,2.338241815567016602e+00,2.343580961227416992e+00,2.079260110855102539e+00,2.063723564147949219e+00,1.864973783493041992e+00,1.895857572555541992e+00,1.857036828994750977e+00,1.893768191337585449e+00,1.927366614341735840e+00,3.295705318450927734e+00,3.134583473205566406e+00,3.402445554733276367e+00,3.319680929183959961e+00,2.992376089096069336e+00,3.038850784301757812e+00,2.726868629455566406e+00,2.775494098663330078e+00,2.548801660537719727e+00,2.556447982788085938e+00,2.394979953765869141e+00,2.453482866287231445e+00,2.467862844467163086e+00,2.451789617538452148e+00,2.529141902923583984e+00
3.242785215377807617e+00,2.974004983901977539e+00,3.175585746765136719e+00,2.906671524047851562e+00,2.542187213897705078e+00,2.405786991119384766e+00,2.026736974716186523e+00,1.827638030052185059e+00,1.466931939125061035e+00,1.251233696937561035e+00,8.862494230270385742e-01,6.581863760948181152e-01,3.773171603679656982e-01,0.000000000000000000e+00,3.750678896903991699e-01,2.888530969619750977e+00,2.738942146301269531e+00,3.028828620910644531e+00,2.888190984725952148e+00,2.518752098083496094e+00,2.460717916488647461e+00,2.084460020065307617e+00,1.963394880294799805e+00,1.595912337303161621e+00,1.443061232566833496e+00,1.082059144973754883e+00,9.362073540687561035e-01,6.806529760360717773e-01,6.593057513236999512e-01,6.853971481323242188e-01,2.908416509628295898e+00,2.754794359207153320e+00,3.080446481704711914e+00,2.992561578750610352e+00,2.629333496093750000e+00,2.625028848648071289e+00,2.268696069717407227e+00,2.213203907012939453e+00,1.872328281402587891e+00,1.787191390991210938e+00,1.480291962623596191e+00,1.408563375473022461e+00,1.240449190139770508e+00,1.234265446662902832e+00,1.249997138977050781e+00,3.099217653274536133e+00,2.944391489028930664e+00,3.263555526733398438e+00,3.200696945190429688e+00,2.850779294967651367e+00,2.878901004791259766e+00,2.545767545700073242e+00,2.543313026428222656e+00,2.241719245910644531e+00,2.201628446578979492e+00,1.946254730224609375e+00,1.921457648277282715e+00,1.825037956237792969e+00,1.785094618797302246e+00,1.790039896965026855e+00,3.411126613616943359e+00,3.268145561218261719e+00,3.562082290649414062e+00,3.494144916534423828e+00,3.157623767852783203e+00,3.211365938186645508e+00,2.883817195892333984e+00,2.931185245513916016e+00,2.667978048324584961e+00,2.663472175598144531e+00,2.449505805969238281e+00,2.469937086105346680e+00,2.433070421218872070e+00,2.360377073287963867e+00,2.407860517501831055e+00
3.054677724838256836e+00,2.818955183029174805e+00,3.045524835586547852e+00,2.813901901245117188e+00,2.446534156799316406e+00,2.366424798965454102e+00,1.987168788909912109e+00,1.854377269744873047e+00,1.472753167152404785e+00,1.350227832794189453e+00,9.694838523864746094e-01,8.760872483253479004e-01,5.032480359077453613e-01,3.750678896903991699e-01,0.000000000000000000e+00,2.670976877212524414e+00,2.562500238418579102e+00,2.876373529434204102e+00,2.780123710632324219e+00,2.420369863510131836e+00,2.420725584030151367e+00,2.057396173477172852e+00,2.004760742187500000e+00,1.634894967079162598e+00,1.568397402763366699e+00,1.218840718269348145e+00,1.172789931297302246e+00,8.696571588516235352e-01,8.763794898986816406e-01,7.217922210693359375e-01,2.691887855529785156e+00,2.577907562255859375e+00,2.925949811935424805e+00,2.883268594741821289e+00,2.535060405731201172e+00,2.586155176162719727e+00,2.250096082687377930e+00,2.258287668228149414e+00,1.925511240959167480e+00,1.914268970489501953e+00,1.620689153671264648e+00,1.618187189102172852e+00,1.407803177833557129e+00,1.422821283340454102e+00,1.338921308517456055e+00,2.899009943008422852e+00,2.781418085098266602e+00,3.116321325302124023e+00,3.095880270004272461e+00,2.763760805130004883e+00,2.842217445373535156e+00,2.533100843429565430e+00,2.586489915847778320e+00,2.299479961395263672e+00,2.321884870529174805e+00,2.081078052520751953e+00,2.109221220016479492e+00,1.978285789489746094e+00,1.961527347564697266e+00,1.899634480476379395e+00,3.238103866577148438e+00,3.129570960998535156e+00,3.430096149444580078e+00,3.399257659912109375e+00,3.081825256347656250e+00,3.179894685745239258e+00,2.876533031463623047e+00,2.972332715988159180e+00,2.729220628738403320e+00,2.778634309768676758e+00,2.580142259597778320e+00,2.645739555358886719e+00,2.584311962127685547e+00,2.532634735107421875e+00,2.532199621200561523e+00
7.955433130264282227e-01,8.602219820022583008e-01,9.586029052734375000e-01,1.125567317008972168e+00,1.087665915489196777e+00,1.429235816001892090e+00,1.486490249633789062e+00,1.844745635986328125e+00,1.857280254364013672e+00,2.232992887496948242e+00,2.308891773223876953e+00,2.668215274810791016e+00,2.605224370956420898e+00,2.888530969619750977e+00,2.670976877212524414e+00,0.000000000000000000e+00,3.733963370323181152e-01,6.091923713684082031e-01,9.334480166435241699e-01,9.823065400123596191e-01,1.374257683753967285e+00,1.490921735763549805e+00,1.870151519775390625e+00,1.928495049476623535e+00,2.314506530761718750e+00,2.415263414382934570e+00,2.781469821929931641e+00,2.730193853378295898e+00,3.039731979370117188e+00,2.855452299118041992e+00,7.439633607864379883e-01,7.663596272468566895e-01,9.313450455665588379e-01,1.183133721351623535e+00,1.213214993476867676e+00,1.560382008552551270e+00,1.676631689071655273e+00,2.036617755889892578e+00,2.123021841049194336e+00,2.494576454162597656e+00,2.601012468338012695e+00,2.961173295974731445e+00,2.931394577026367188e+00,3.244436979293823242e+00,3.111551523208618164e+00,1.428967833518981934e+00,1.386060118675231934e+00,1.461041808128356934e+00,1.614441752433776855e+00,1.620446085929870605e+00,1.898228168487548828e+00,1.982196211814880371e+00,2.300683736801147461e+00,2.401195764541625977e+00,2.738037824630737305e+00,2.861001968383789062e+00,3.205277442932128906e+00,3.210308313369750977e+00,3.497499465942382812e+00,3.413084983825683594e+00,2.127890348434448242e+00,2.073557853698730469e+00,2.104476451873779297e+00,2.160748720169067383e+00,2.125355720520019531e+00,2.349072217941284180e+00,2.381693363189697266e+00,2.653748273849487305e+00,2.767054319381713867e+00,3.055857658386230469e+00,3.193775177001953125e+00,3.525268077850341797e+00,3.593770027160644531e+00,3.829470872879028320e+00,3.821285724639892578e+00
8.149397373199462891e-01,7.110612988471984863e-01,7.462214827537536621e-01,8.100264668464660645e-01,7.579941749572753906e-01,1.076511025428771973e+00,1.164080262184143066e+00,1.523885607719421387e+00,1.582585573196411133e+00,1.959623336791992188e+00,2.083151102066040039e+00,2.448665618896484375e+00,2.432531833648681641e+00,2.738942146301269531e+00,2.562500238418579102e+00,3.733963370323181152e-01,0.000000000000000000e+00,3.886727392673492432e-01,6.106003522872924805e-01,6.237220764160156250e-01,1.012612581253051758e+00,1.154396295547485352e+00,1.534149408340454102e+00,1.634281039237976074e+00,2.023471355438232422e+00,2.165353298187255859e+00,2.541054010391235352e+00,2.532738447189331055e+00,2.867135047912597656e+00,2.723914384841918945e+00,8.612715601921081543e-01,7.057281136512756348e-01,8.436300754547119141e-01,9.782590270042419434e-01,9.588328599929809570e-01,1.262786507606506348e+00,1.380186915397644043e+00,1.723758816719055176e+00,1.841047286987304688e+00,2.206490755081176758e+00,2.345716238021850586e+00,2.711928129196166992e+00,2.721956253051757812e+00,3.057002305984497070e+00,2.963657855987548828e+00,1.502289175987243652e+00,1.362465858459472656e+00,1.421526908874511719e+00,1.484940886497497559e+00,1.448202848434448242e+00,1.669561624526977539e+00,1.736572384834289551e+00,2.025425672531127930e+00,2.143024206161499023e+00,2.463199853897094727e+00,2.610706090927124023e+00,2.955615520477294922e+00,2.997367858886718750e+00,3.300322294235229492e+00,3.253512859344482422e+00,2.174852848052978516e+00,2.055035829544067383e+00,2.081567764282226562e+00,2.071186542510986328e+00,1.999233722686767578e+00,2.170966148376464844e+00,2.180234909057617188e+00,2.416067600250244141e+00,2.534024000167846680e+00,2.796797037124633789e+00,2.952266931533813477e+00,3.277223348617553711e+00,3.378965377807617188e+00,3.625051259994506836e+00,3.651848077774047852e+00
9.169937968254089355e-01,8.419443368911743164e-01,6.777849197387695312e-01,7.850361466407775879e-01,8.850500583648681641e-01,1.158598780632019043e+00,1.338840484619140625e+00,1.684587121009826660e+00,1.806007742881774902e+00,2.170486927032470703e+00,2.338729619979858398e+00,2.700867652893066406e+00,2.718829393386840820e+00,3.028828620910644531e+00,2.876373529434204102e+00,6.091923713684082031e-01,3.886727392673492432e-01,0.000000000000000000e+00,3.923242688179016113e-01,6.374951601028442383e-01,9.820795655250549316e-01,1.232864856719970703e+00,1.602430343627929688e+00,1.772898077964782715e+00,2.160192012786865234e+00,2.350560188293457031e+00,2.732378721237182617e+00,2.757406234741210938e+00,3.101213455200195312e+00,2.977664232254028320e+00,9.089378118515014648e-01,7.104991078376770020e-01,6.495339870452880859e-01,7.578414082527160645e-01,8.692765235900878906e-01,1.150470495223999023e+00,1.368539333343505859e+00,1.711937308311462402e+00,1.900515079498291016e+00,2.273531436920166016e+00,2.463377714157104492e+00,2.842658996582031250e+00,2.883195161819458008e+00,3.236216068267822266e+00,3.158105373382568359e+00,1.477158188819885254e+00,1.303502917289733887e+00,1.255988001823425293e+00,1.286614179611206055e+00,1.325148224830627441e+00,1.523197531700134277e+00,1.666068196296691895e+00,1.954759359359741211e+00,2.137673139572143555e+00,2.469448804855346680e+00,2.666751146316528320e+00,3.028933286666870117e+00,3.097045183181762695e+00,3.426635026931762695e+00,3.394825458526611328e+00,2.115517139434814453e+00,1.969071388244628906e+00,1.927689552307128906e+00,1.888876199722290039e+00,1.864505887031555176e+00,2.012272834777832031e+00,2.078164100646972656e+00,2.306666374206542969e+00,2.480552673339843750e+00,2.751977920532226562e+00,2.955234289169311523e+00,3.296802043914794922e+00,3.422530412673950195e+00,3.700242757797241211e+00,3.739377975463867188e+00
1.192933559417724609e+00,9.996836185455322266e-01,7.883256077766418457e-01,7.009635567665100098e-01,7.805414199829101562e-01,9.307929873466491699e-01,1.135140895843505859e+00,1.439425230026245117e+00,1.604059934616088867e+00,1.943234682083129883e+00,2.154762506484985352e+00,2.506886959075927734e+00,2.570476531982421875e+00,2.888190984725952148e+00,2.780123710632324219e+00,9.334480166435241699e-01,6.106003522872924805e-01,3.923242688179016113e-01,0.000000000000000000e+00,3.742633461952209473e-01,6.266766190528869629e-01,9.330489039421081543e-01,1.278148889541625977e+00,1.499029040336608887e+00,1.874001026153564453e+00,2.106516122817993164e+00,2.487910747528076172e+00,2.555511236190795898e+00,2.913457870483398438e+00,2.831013202667236328e+00,1.100522756576538086e+00,7.886765599250793457e-01,7.072137594223022461e-01,5.948955416679382324e-01,6.287351846694946289e-01,8.148914575576782227e-01,1.051018118858337402e+00,1.366620063781738281e+00,1.596808314323425293e+00,1.957798600196838379e+00,2.184328317642211914e+00,2.564985513687133789e+00,2.644631862640380859e+00,3.014213800430297852e+00,2.973996877670288086e+00,1.563558578491210938e+00,1.303711533546447754e+00,1.252621769905090332e+00,1.166101574897766113e+00,1.141852378845214844e+00,1.255170941352844238e+00,1.378327727317810059e+00,1.627656698226928711e+00,1.833044052124023438e+00,2.145631313323974609e+00,2.370691537857055664e+00,2.731811285018920898e+00,2.835157632827758789e+00,3.179301977157592773e+00,3.183319091796875000e+00,2.138612031936645508e+00,1.928138494491577148e+00,1.892538547515869141e+00,1.779367208480834961e+00,1.706715464591979980e+00,1.789004564285278320e+00,1.824998021125793457e+00,2.009484052658081055e+00,2.187903165817260742e+00,2.431461095809936523e+00,2.653517961502075195e+00,2.987918138504028320e+00,3.144621133804321289e+00,3.433314323425292969e+00,3.504789113998413086e+00
1.288309335708618164e+00,1.024213075637817383e+00,9.327726960182189941e-01,7.242674827575683594e-01,6.171992421150207520e-01,7.011777758598327637e-01,8.107905387878417969e-01,1.105063438415527344e+00,1.238122344017028809e+00,1.578205823898315430e+00,1.781092286109924316e+00,2.133409500122070312e+00,2.197946548461914062e+00,2.518752098083496094e+00,2.420369863510131836e+00,9.823065400123596191e-01,6.237220764160156250e-01,6.374951601028442383e-01,3.742633461952209473e-01,0.000000000000000000e+00,3.921661972999572754e-01,5.961670875549316406e-01,9.662409424781799316e-01,1.149867296218872070e+00,1.532257676124572754e+00,1.749317526817321777e+00,2.131515502929687500e+00,2.196291446685791016e+00,2.558304548263549805e+00,2.484692573547363281e+00,1.153702855110168457e+00,8.185356259346008301e-01,8.937854170799255371e-01,7.563655376434326172e-01,5.790646076202392578e-01,7.322346568107604980e-01,8.331327438354492188e-01,1.140247344970703125e+00,1.316451430320739746e+00,1.670367956161499023e+00,1.870539784431457520e+00,2.244997501373291016e+00,2.319974899291992188e+00,2.686654090881347656e+00,2.655933380126953125e+00,1.612996697425842285e+00,1.339427709579467773e+00,1.387143492698669434e+00,1.286787509918212891e+00,1.149923324584960938e+00,1.244191288948059082e+00,1.261072754859924316e+00,1.487647891044616699e+00,1.630560755729675293e+00,1.922026515007019043e+00,2.112135410308837891e+00,2.458555221557617188e+00,2.557130336761474609e+00,2.886779069900512695e+00,2.898304224014282227e+00,2.182366847991943359e+00,1.963515996932983398e+00,1.996561050415039062e+00,1.877495288848876953e+00,1.732037544250488281e+00,1.806170344352722168e+00,1.762531876564025879e+00,1.930483102798461914e+00,2.048238992691040039e+00,2.267361164093017578e+00,2.449426174163818359e+00,2.764305591583251953e+00,2.914787054061889648e+00,3.179898738861083984e+00,3.258505821228027344e+00
1.609609961509704590e+00,1.300385951995849609e+00,1.173428058624267578e+00,8.674184083938598633e-01,7.626897096633911133e-01,6.264259815216064453e-01,7.451127767562866211e-01,9.299911856651306152e-01,1.132393836975097656e+00,1.416450381278991699e+00,1.679483056068420410e+00,2.008410453796386719e+00,2.135004520416259766e+00,2.460717916488647461e+00,2.420725584030151367e+00,1.374257683753967285e+00,1.012612581253051758e+00,9.820795655250549316e-01,6.266766190528869629e-01,3.921661972999572754e-01,0.000000000000000000e+00,3.806754648685455322e-01,6.657220721244812012e-01,9.470261931419372559e-01,1.294454813003540039e+00,1.574803471565246582e+00,1.947546958923339844e+00,2.073480129241943359e+00,2.448523759841918945e+00,2.431682348251342773e+00,1.483359098434448242e+00,1.122166991233825684e+00,1.154864192008972168e+00,8.963817954063415527e-01,6.614200472831726074e-01,5.780887603759765625e-01,6.325960755348205566e-01,8.443360328674316406e-01,1.082984685897827148e+00,1.401530981063842773e+00,1.654448270797729492e+00,2.022673368453979492e+00,2.154602050781250000e+00,2.537447929382324219e+00,2.559434413909912109e+00,1.844797015190124512e+00,1.522529244422912598e+00,1.555528759956359863e+00,1.361919045448303223e+00,1.172383427619934082e+00,1.140250325202941895e+00,1.106145858764648438e+00,1.244661331176757812e+00,1.407513141632080078e+00,1.654019951820373535e+00,1.879268765449523926e+00,2.216061592102050781e+00,2.364968538284301758e+00,2.707879304885864258e+00,2.768260240554809570e+00,2.335361957550048828e+00,2.066942453384399414e+00,2.099546670913696289e+00,1.914275288581848145e+00,1.727318406105041504e+00,1.717927575111389160e+00,1.632478713989257812e+00,1.727707624435424805e+00,1.841671466827392578e+00,2.009957075119018555e+00,2.212488651275634766e+00,2.510085821151733398e+00,2.702934503555297852e+00,2.977323293685913086e+00,3.098920822143554688e+00
