,A1,A2,A3,A4,A5,A6,A7,A8,A9,A10,A11,A12,A13,A14,A15,B1,B2,B3,B4,B5,B6,B7,B8,B9,B10,B11,B12,B13,B14,B15,C1,C2,C3,C4,C5,C6,C7,C8,C9,C10,C11,C12,C13,C14,C15,D1,D2,D3,D4,D5,D6,D7,D8,D9,D10,D11,D12,D13,D14,D15,E1,E2,E3,E4,E5,E6,E7,E8,E9,E10,E11,E12,E13,E14,E15
A1,0.0,0.38381242752075195,0.5994269251823425,0.9104504585266113,1.0177342891693115,1.404621958732605,1.5588823556900024,1.942179560661316,2.0455565452575684,2.4456472396850586,2.581644058227539,2.9705474376678467,2.991975784301758,3.3136489391326904,3.223029136657715,0.8813893795013428,0.8855047225952148,1.0519391298294067,1.2752283811569214,1.3340593576431274,1.6717201471328735,1.8267543315887451,2.189361095428467,2.321073055267334,2.7184321880340576,2.859654426574707,3.2178523540496826,3.316737413406372,3.5108988285064697,3.513420581817627,1.5200139284133911,1.5224876403808594,1.631927728652954,1.7768418788909912,1.828017234802246,2.1025266647338867,2.2298471927642822,2.547057628631592,2.6997406482696533,3.0383365154266357,3.20000958442688,3.4612910747528076,3.5924417972564697,3.7083656787872314,3.745767831802368,2.1224365234375,2.1029598712921143,2.1933343410491943,2.2850234508514404,2.353407859802246,2.5704877376556396,2.6599769592285156,2.9124114513397217,3.0806877613067627,3.3247265815734863,3.498075246810913,3.702444553375244,3.8082430362701416,3.842069149017334,3.8245911598205566,2.74086856842041,2.7368791103363037,2.844339609146118,2.8932697772979736,2.912942409515381,3.1132326126098633,3.150825023651123,3.3383326530456543,3.514007091522217,3.6363534927368164,3.851933240890503,3.8662335872650146,4.25432014465332,4.3289995193481445,4.700676918029785
A2,0.38381242752075195,0.0,0.3974972367286682,0.5757707357406616,0.6421071290969849,1.0265470743179321,1.193171501159668,1.5737643241882324,1.7031604051589966,2.103755235671997,2.26767635345459,2.6603472232818604,2.7142624855041504,3.0516529083251953,2.9965898990631104,0.9313446879386902,0.7767050862312317,0.9572936296463013,1.0710465908050537,1.0594582557678223,1.3595333099365234,1.5009069442749023,1.8461849689483643,1.9933511018753052,2.384148597717285,2.5485589504241943,2.9058175086975098,3.0350284576416016,3.2401158809661865,3.276789903640747,1.4991785287857056,1.4123986959457397,1.5475647449493408,1.6189392805099487,1.6132434606552124,1.8491944074630737,1.9510743618011475,2.2408363819122314,2.400426149368286,2.7207508087158203,2.8980438709259033,3.149977922439575,3.3072118759155273,3.4288060665130615,3.4969353675842285,2.0870115756988525,2.0056681632995605,2.1224193572998047,2.1603243350982666,2.1794087886810303,2.3632287979125977,2.4196836948394775,2.641009569168091,2.8044657707214355,3.020977020263672,3.1966822147369385,3.3865978717803955,3.5005505084991455,3.553046941757202,3.5573465824127197,2.7126896381378174,2.6637024879455566,2.79339599609375,2.803825616836548,2.777466297149658,2.9538304805755615,2.950918436050415,3.1137731075286865,3.2674522399902344,3.36330246925354,3.561281442642212,3.553105354309082,3.939828634262085,3.999011278152466,4.3692097663879395
A3,0.5994269251823425,0.3974972367286682,0.0,0.3892958462238312,0.6671117544174194,0.9914709329605103,1.2522048950195312,1.6154288053512573,1.804420828819275,2.1926820278167725,2.3969757556915283,2.787036180496216,2.8573718070983887,3.2172446250915527,3.182945966720581,0.982356607913971,0.7677725553512573,0.7714316248893738,0.8395141959190369,0.9363662600517273,1.2058665752410889,1.437722086906433,1.7788975238800049,1.987493634223938,2.3845980167388916,2.591536521911621,2.966921329498291,3.111355781555176,3.355123519897461,3.40750789642334,1.4837862253189087,1.3493388891220093,1.3891851902008057,1.4155369997024536,1.4661184549331665,1.6642110347747803,1.830902338027954,2.1157615184783936,2.3296635150909424,2.6633522510528564,2.8841516971588135,3.1639246940612793,3.3448410034179688,3.507211446762085,3.600654363632202,2.0384490489959717,1.9183207750320435,1.9724936485290527,1.9706127643585205,2.021450996398926,2.166473388671875,2.2670464515686035,2.4772889614105225,2.687988758087158,2.9162983894348145,3.1379833221435547,3.353518009185791,3.510024070739746,3.602231979370117,3.6453237533569336,2.6497652530670166,2.5638256072998047,2.6493349075317383,2.6226999759674072,2.6074821949005127,2.745943307876587,2.7624781131744385,2.899731397628784,3.0836079120635986,3.167609691619873,3.395318031311035,3.386382818222046,3.771819591522217,3.858067274093628,4.214694023132324
A4,0.9104504585266113,0.5757707357406616,0.3892958462238312,0.0,0.3656512200832367,0.6153990030288696,0.915880560874939,1.257749319076538,1.4837703704833984,1.8605682849884033,2.096184492111206,2.4826996326446533,2.587449073791504,2.959348440170288,2.963254451751709,1.1541982889175415,0.8356468677520752,0.8527171611785889,0.7460549473762512,0.7235406637191772,0.9064776301383972,1.1234358549118042,1.4339063167572021,1.665169358253479,2.049252986907959,2.2829434871673584,2.6535677909851074,2.829996347427368,3.083784580230713,3.1719281673431396,1.5452247858047485,1.3274704217910767,1.39949369430542,1.3340617418289185,1.3035588264465332,1.440325379371643,1.568884015083313,1.8132694959640503,2.0343446731567383,2.3429975509643555,2.580656051635742,2.8479316234588623,3.0563437938690186,3.2239127159118652,3.349447250366211,2.0573015213012695,1.8774700164794922,1.9648268222808838,1.9036438465118408,1.8901100158691406,1.9922105073928833,2.047055959701538,2.2161848545074463,2.417375087738037,2.6109466552734375,2.833174228668213,3.0309245586395264,3.195486307144165,3.307529926300049,3.373961925506592,2.658792734146118,2.5300416946411133,2.6427862644195557,2.577907085418701,2.5087697505950928,2.62044095993042,2.5867629051208496,2.6952381134033203,2.8488285541534424,2.9020469188690186,3.106114625930786,3.0715596675872803,3.4550507068634033,3.522233486175537,3.878145456314087
A5,1.0177342891693115,0.6421071290969849,0.6671117544174194,0.3656512200832367,0.0,0.3906233608722687,0.5897237658500671,0.9594544172286987,1.1472994089126587,1.5363534688949585,1.7550164461135864,2.1454763412475586,2.2503345012664795,2.6161797046661377,2.623919725418091,1.1729729175567627,0.8391558527946472,0.9826735258102417,0.8575705289840698,0.6651877164840698,0.8339902758598328,0.9280112981796265,1.2338712215423584,1.4109628200531006,1.7891066074371338,1.9969531297683716,2.3554439544677734,2.531714677810669,2.7649617195129395,2.8576440811157227,1.5176280736923218,1.288727045059204,1.4539674520492554,1.386305809020996,1.2630797624588013,1.4085428714752197,1.4494067430496216,1.6818594932556152,1.8493280410766602,2.1376278400421143,2.342406988143921,2.5844783782958984,2.783864736557007,2.9250147342681885,3.046105146408081,2.0185859203338623,1.8359509706497192,1.992407202720642,1.9365429878234863,1.8619863986968994,1.9807533025741577,1.971139669418335,2.1340444087982178,2.283057689666748,2.453418254852295,2.633049249649048,2.8041324615478516,2.9367454051971436,3.0253701210021973,3.0732815265655518,2.6196517944335938,2.495993137359619,2.6595494747161865,2.606549024581909,2.5004665851593018,2.6337969303131104,2.559119462966919,2.6806654930114746,2.7909255027770996,2.8460533618927,3.0115036964416504,2.972778797149658,3.355703115463257,3.3926303386688232,3.7618141174316406
A6,1.404621958732605,1.0265470743179321,0.9914709329605103,0.6153990030288696,0.3906233608722687,0.0,0.37249889969825745,0.65306556224823,0.9285774827003479,1.2809706926345825,1.5558769702911377,1.932094693183899,2.087876319885254,2.468090295791626,2.529362201690674,1.4874370098114014,1.1234978437423706,1.210459589958191,0.9672045707702637,0.7069674730300903,0.6693127751350403,0.7130748629570007,0.9309801459312439,1.1553301811218262,1.5036550760269165,1.7598804235458374,2.110269546508789,2.3323192596435547,2.584871292114258,2.725532293319702,1.717151403427124,1.426921010017395,1.5798853635787964,1.4216299057006836,1.2340524196624756,1.2751072645187378,1.269186019897461,1.4253573417663574,1.609447717666626,1.8569056987762451,2.093268394470215,2.3215901851654053,2.5619406700134277,2.718358039855957,2.885085344314575,2.143286943435669,1.90450119972229,2.0673129558563232,1.946407437324524,1.8153871297836304,1.8680779933929443,1.8126673698425293,1.9124857187271118,2.0556769371032715,2.1780667304992676,2.3671822547912598,2.5186448097229004,2.6716465950012207,2.795593500137329,2.882667303085327,2.7085814476013184,2.5382208824157715,2.710785388946533,2.6124069690704346,2.457749366760254,2.54803466796875,2.4244234561920166,2.5023112297058105,2.58132004737854,2.594216823577881,2.734786033630371,2.663090467453003,3.039849281311035,3.058806896209717,3.421848773956299
A7,1.5588823556900024,1.193171501159668,1.2522048950195312,0.915880560874939,0.5897237658500671,0.37249889969825745,0.0,0.38451436161994934,0.5731086134910583,0.9515002965927124,1.1990091800689697,1.5828449726104736,1.7311581373214722,2.1056528091430664,2.168060064315796,1.546080470085144,1.2059335708618164,1.3736989498138428,1.15802001953125,0.8176450133323669,0.781627893447876,0.6313557028770447,0.812393844127655,0.9233232140541077,1.2587897777557373,1.4684662818908691,1.8048579692840576,2.0181996822357178,2.2467234134674072,2.3872358798980713,1.712417483329773,1.4332239627838135,1.6612820625305176,1.5223358869552612,1.265241026878357,1.3249295949935913,1.216931700706482,1.3578027486801147,1.4557827711105347,1.6766217947006226,1.8596901893615723,2.058396577835083,2.278766632080078,2.4036471843719482,2.5595009326934814,2.1056253910064697,1.8768597841262817,2.10154128074646,1.9986556768417358,1.8165669441223145,1.8952118158340454,1.7751986980438232,1.8752777576446533,1.9492932558059692,2.050159454345703,2.1802055835723877,2.302640676498413,2.4123218059539795,2.5023391246795654,2.5633699893951416,2.653593063354492,2.495978832244873,2.7157695293426514,2.6375324726104736,2.4544763565063477,2.572784662246704,2.4157798290252686,2.5157744884490967,2.5491411685943604,2.5750977993011475,2.6729977130889893,2.608537197113037,2.9802968502044678,2.969313621520996,3.3467020988464355
A8,1.942179560661316,1.5737643241882324,1.6154288053512573,1.257749319076538,0.9594544172286987,0.65306556224823,0.38451436161994934,0.0,0.3671208322048187,0.6448831558227539,0.9606955051422119,1.3150336742401123,1.5271333456039429,1.905217170715332,2.0302834510803223,1.894486427307129,1.552270770072937,1.695610523223877,1.4353907108306885,1.0857605934143066,0.9236361980438232,0.6762323975563049,0.6490969657897949,0.7253164649009705,0.9731351137161255,1.2165452241897583,1.5223385095596313,1.7884154319763184,2.021249532699585,2.2163305282592773,1.9813979864120483,1.6788568496704102,1.9025039672851562,1.7142356634140015,1.4120310544967651,1.3844573497772217,1.1993283033370972,1.2297970056533813,1.2921514511108398,1.4315587282180786,1.6189631223678589,1.7766406536102295,2.0348875522613525,2.157785415649414,2.3596487045288086,2.301086187362671,2.041630268096924,2.2789363861083984,2.1349401473999023,1.8996350765228271,1.9247053861618042,1.7423572540283203,1.771224021911621,1.8026074171066284,1.8318992853164673,1.9383236169815063,2.0170583724975586,2.1261343955993652,2.2396349906921387,2.332225799560547,2.801142692565918,2.613656997680664,2.849426507949829,2.742100954055786,2.513974905014038,2.6002769470214844,2.3908979892730713,2.454105854034424,2.4367198944091797,2.4230029582977295,2.472348213195801,2.3744747638702393,2.7313010692596436,2.6847176551818848,3.0585508346557617
A9,2.0455565452575684,1.7031604051589966,1.804420828819275,1.4837703704833984,1.1472994089126587,0.9285774827003479,0.5731086134910583,0.3671208322048187,0.0,0.4012279212474823,0.6310878396034241,1.011942744255066,1.1898682117462158,1.5619970560073853,1.6716805696487427,1.9156574010849,1.6133540868759155,1.8140416145324707,1.5993542671203613,1.2270668745040894,1.1266932487487793,0.802873969078064,0.7814802527427673,0.6623485684394836,0.8699716925621033,1.0018415451049805,1.2881330251693726,1.5178302526474,1.7149221897125244,1.8918838500976562,1.9527230262756348,1.6836390495300293,1.96279776096344,1.8159092664718628,1.4860763549804688,1.5063197612762451,1.2595990896224976,1.3050569295883179,1.259454607963562,1.3789554834365845,1.4757729768753052,1.600818395614624,1.8102868795394897,1.889334797859192,2.0595543384552,2.240126609802246,2.009732484817505,2.295651435852051,2.1875689029693604,1.9279779195785522,1.9970651865005493,1.775882363319397,1.8296446800231934,1.7904399633407593,1.8186653852462769,1.85014808177948,1.9047300815582275,1.9508811235427856,2.0061707496643066,2.0512731075286865,2.717435598373413,2.556776762008667,2.831501007080078,2.7570719718933105,2.5198676586151123,2.645066738128662,2.4244256019592285,2.52475643157959,2.4755783081054688,2.4946725368499756,2.5120394229888916,2.4420554637908936,2.7899184226989746,2.7244973182678223,3.110788345336914
A10,2.4456472396850586,2.103755235671997,2.1926820278167725,1.8605682849884033,1.5363534688949585,1.2809706926345825,0.9515002965927124,0.6448831558227539,0.4012279212474823,0.0,0.3685583472251892,0.6752200126647949,0.9358803629875183,1.3021537065505981,1.4894570112228394,2.271703004837036,1.9743809700012207,2.1576414108276367,1.9203499555587769,1.5507196187973022,1.38997220993042,1.0372239351272583,0.8700566291809082,0.6500544548034668,0.6420555710792542,0.7328851222991943,0.945888340473175,1.2304811477661133,1.419528841972351,1.6591168642044067,2.2355988025665283,1.9598373174667358,2.233114242553711,2.0587422847747803,1.704820990562439,1.6662331819534302,1.361074686050415,1.3054066896438599,1.1813281774520874,1.1827853918075562,1.2317811250686646,1.2818683385849,1.5145752429962158,1.5748291015625,1.791513442993164,2.444436550140381,2.1990299224853516,2.4953649044036865,2.3621485233306885,2.0607426166534424,2.090686321258545,1.8127481937408447,1.8038625717163086,1.6966838836669922,1.645723581314087,1.6145941019058228,1.6045255661010742,1.6204783916473389,1.680867075920105,1.7495654821395874,2.859651565551758,2.679877996444702,2.971219778060913,2.87902569770813,2.6039621829986572,2.7064590454101562,2.4399523735046387,2.514317750930786,2.4067723751068115,2.3988804817199707,2.3548078536987305,2.2655117511749268,2.5860953330993652,2.4785759449005127,2.8607614040374756
A11,2.581644058227539,2.26767635345459,2.3969757556915283,2.096184492111206,1.7550164461135864,1.5558769702911377,1.1990091800689697,0.9606955051422119,0.6310878396034241,0.3685583472251892,0.0,0.393664687871933,0.5911535620689392,0.9503578543663025,1.1264475584030151,2.3460309505462646,2.09143328666687,2.312843084335327,2.117461681365967,1.7453030347824097,1.6377569437026978,1.268460988998413,1.1460191011428833,0.8395479321479797,0.7825369834899902,0.6703787446022034,0.8016892671585083,1.0068975687026978,1.127657413482666,1.3426684141159058,2.2691311836242676,2.0346643924713135,2.3438854217529297,2.2113091945648193,1.8523560762405396,1.8589404821395874,1.5303512811660767,1.502393364906311,1.295845866203308,1.2809195518493652,1.2103466987609863,1.2078349590301514,1.3532768487930298,1.3421462774276733,1.508836030960083,2.4410717487335205,2.232734441757202,2.5632903575897217,2.4680981636047363,2.158381700515747,2.2299745082855225,1.9336947202682495,1.9543917179107666,1.7887862920761108,1.7460436820983887,1.6339048147201538,1.596975326538086,1.526945948600769,1.49946129322052,1.4948899745941162,2.8224692344665527,2.674853801727295,2.996817111968994,2.9395065307617188,2.664778470993042,2.8038508892059326,2.53731369972229,2.6480071544647217,2.517732858657837,2.5458784103393555,2.4771785736083984,2.4223806858062744,2.726883888244629,2.6076741218566895,2.99375581741333
A12,2.9705474376678467,2.6603472232818604,2.787036180496216,2.4826996326446533,2.1454763412475586,1.932094693183899,1.5828449726104736,1.3150336742401123,1.011942744255066,0.6752200126647949,0.393664687871933,0.0,0.39286378026008606,0.675319492816925,0.959858238697052,2.70255970954895,2.4584462642669678,2.672398328781128,2.4705517292022705,2.103121042251587,1.9716624021530151,1.5977981090545654,1.4209762811660767,1.091990351676941,0.8911709189414978,0.6662664413452148,0.57784104347229,0.7826635837554932,0.8265649080276489,1.1138828992843628,2.575213670730591,2.3476898670196533,2.652477979660034,2.5113911628723145,2.1454784870147705,2.1232471466064453,1.7698553800582886,1.684685468673706,1.4206558465957642,1.3037409782409668,1.1418089866638184,1.0183868408203125,1.1292572021484375,1.0447232723236084,1.2421962022781372,2.6830732822418213,2.4768621921539307,2.813173532485962,2.7099082469940186,2.377894163131714,2.4283764362335205,2.098884105682373,2.0794057846069336,1.852931022644043,1.74747633934021,1.5519167184829712,1.4352326393127441,1.2863359451293945,1.2139067649841309,1.1972358226776123,3.0017685890197754,2.850342273712158,3.185159921646118,3.123488426208496,2.826108932495117,2.9532673358917236,2.658102035522461,2.7547121047973633,2.5750131607055664,2.5904903411865234,2.4641001224517822,2.4057421684265137,2.670603036880493,2.5122880935668945,2.885493278503418
A13,2.991975784301758,2.7142624855041504,2.8573718070983887,2.587449073791504,2.2503345012664795,2.087876319885254,1.7311581373214722,1.5271333456039429,1.1898682117462158,0.9358803629875183,0.5911535620689392,0.39286378026008606,0.0,0.397062748670578,0.5971190333366394,2.6344101428985596,2.433588743209839,2.6655898094177246,2.5044264793395996,2.1480515003204346,2.0673675537109375,1.693217158317566,1.575711727142334,1.2082042694091797,1.0604110956192017,0.7287828922271729,0.6466317772865295,0.617806077003479,0.5892190933227539,0.7713819146156311,2.449880361557007,2.264216423034668,2.588503837585449,2.4900689125061035,2.1323068141937256,2.1588642597198486,1.8036384582519531,1.7720229625701904,1.4626892805099487,1.3936558961868286,1.149061918258667,1.0522263050079346,1.0207549333572388,0.8860823512077332,0.9647661447525024,2.508511543273926,2.3414669036865234,2.699235200881958,2.636862277984619,2.3100831508636475,2.408088207244873,2.08180570602417,2.113985300064087,1.8580952882766724,1.8080103397369385,1.572999358177185,1.4925049543380737,1.2909986972808838,1.1168885231018066,0.9909968972206116,2.7858142852783203,2.668301820755005,3.02398419380188,3.0000839233398438,2.7152185440063477,2.8833842277526855,2.6066184043884277,2.750748872756958,2.5725080966949463,2.643113851547241,2.5258843898773193,2.5241525173187256,2.7881150245666504,2.6549580097198486,3.0352814197540283
A14,3.3136489391326904,3.0516529083251953,3.2172446250915527,2.959348440170288,2.6161797046661377,2.468090295791626,2.1056528091430664,1.905217170715332,1.5619970560073853,1.3021537065505981,0.9503578543663025,0.675319492816925,0.397062748670578,0.0,0.3871696889400482,2.94899845123291,2.7752819061279297,3.0232303142547607,2.881012201309204,2.527724504470825,2.4607934951782227,2.0876848697662354,1.9702869653701782,1.6015608310699463,1.4258874654769897,1.075703501701355,0.8818731904029846,0.7488123178482056,0.4851652681827545,0.614441990852356,2.7521910667419434,2.596956491470337,2.9303998947143555,2.8517425060272217,2.4993643760681152,2.5354199409484863,2.1783556938171387,2.140411376953125,1.8111263513565063,1.707262635231018,1.409753680229187,1.2373566627502441,1.1108444929122925,0.8439005017280579,0.8252281546592712,2.780782461166382,2.6438374519348145,3.010396718978882,2.9676623344421387,2.641739845275879,2.7491018772125244,2.416952133178711,2.4454405307769775,2.1591880321502686,2.0886218547821045,1.7993446588516235,1.6696444749832153,1.387840747833252,1.1172059774398804,0.8800559043884277,3.012615442276001,2.921008825302124,3.289050579071045,3.2855851650238037,3.00225830078125,3.181161642074585,2.902251958847046,3.05317759513855,2.8513927459716797,2.928194284439087,2.7789924144744873,2.785931348800659,3.017207145690918,2.8605427742004395,3.22416353225708
A15,3.223029136657715,2.9965898990631104,3.182945966720581,2.963254451751709,2.623919725418091,2.529362201690674,2.168060064315796,2.0302834510803223,1.6716805696487427,1.4894570112228394,1.1264475584030151,0.959858238697052,0.5971190333366394,0.3871696889400482,0.0,2.8076012134552,2.6798808574676514,2.948737621307373,2.853020191192627,2.5153448581695557,2.50494122505188,2.144982099533081,2.093086004257202,1.7198147773742676,1.6199474334716797,1.2598788738250732,1.1513572931289673,0.9282993674278259,0.6921507716178894,0.5655266642570496,2.5917587280273438,2.485314130783081,2.8352038860321045,2.8055648803710938,2.4729039669036865,2.563978672027588,2.2253353595733643,2.250370502471924,1.9193521738052368,1.885237693786621,1.5794315338134766,1.4755345582962036,1.2857751846313477,1.0413551330566406,0.8739546537399292,2.6055643558502197,2.5172476768493652,2.896608591079712,2.901277542114258,2.598524808883667,2.756906509399414,2.4490771293640137,2.534925937652588,2.2565784454345703,2.2512941360473633,1.9736344814300537,1.9011281728744507,1.6284326314926147,1.3265810012817383,1.0242507457733154,2.8216381072998047,2.775263547897339,3.1542015075683594,3.193793773651123,2.939091205596924,3.1604909896850586,2.9156291484832764,3.1114039421081543,2.934624671936035,3.058716297149658,2.941251516342163,2.9888980388641357,3.2345871925354004,3.1105763912200928,3.483289957046509
B1,0.8813893795013428,0.9313446879386902,0.982356607913971,1.1541982889175415,1.1729729175567627,1.4874370098114014,1.546080470085144,1.894486427307129,1.9156574010849,2.271703004837036,2.3460309505462646,2.70255970954895,2.6344101428985596,2.94899845123291,2.8076012134552,0.0,0.3822851777076721,0.6085086464881897,0.943448007106781,1.0194934606552124,1.4142835140228271,1.5331555604934692,1.9242604970932007,1.9854751825332642,2.387988805770874,2.466668128967285,2.837360382080078,2.851224184036255,3.0671496391296387,3.0048131942749023,0.6498119235038757,0.7587441802024841,0.9160430431365967,1.182411789894104,1.2584527730941772,1.6235817670822144,1.7475404739379883,2.1256258487701416,2.224733591079712,2.606635570526123,2.7204437255859375,3.022324800491333,3.0872366428375244,3.231011152267456,3.2201313972473145,1.2519068717956543,1.2866661548614502,1.4041081666946411,1.5757476091384888,1.664181113243103,1.9627461433410645,2.0679173469543457,2.390956163406372,2.530956745147705,2.8406760692596436,2.9939992427825928,3.2456820011138916,3.3446054458618164,3.3549249172210693,3.3232314586639404,1.866196632385254,1.891469120979309,2.01994252204895,2.119359016418457,2.1605918407440186,2.4221036434173584,2.4915127754211426,2.7466747760772705,2.9255318641662598,3.122321605682373,3.3486099243164062,3.438369035720825,3.8216350078582764,3.9299755096435547,4.312131404876709
B2,0.8855047225952148,0.7767050862312317,0.7677725553512573,0.8356468677520752,0.8391558527946472,1.1234978437423706,1.2059335708618164,1.552270770072937,1.6133540868759155,1.9743809700012207,2.09143328666687,2.4584462642669678,2.433588743209839,2.7752819061279297,2.6798808574676514,0.3822851777076721,0.0,0.3910367786884308,0.6178640723228455,0.6479300856590271,1.0441861152648926,1.1811612844467163,1.5735818147659302,1.6715850830078125,2.081256866455078,2.2014074325561523,2.5826945304870605,2.6393394470214844,2.8788795471191406,2.862457036972046,0.7419376373291016,0.6454147100448608,0.8176186084747314,0.9687790870666504,0.9908450841903687,1.3237358331680298,1.4454323053359985,1.8074671030044556,1.9359806776046753,2.310908317565918,2.4594693183898926,2.7622272968292236,2.8675246238708496,3.0283515453338623,3.061375379562378,1.314082384109497,1.2366690635681152,1.3683886528015137,1.4502912759780884,1.4874732494354248,1.7394394874572754,1.822320818901062,2.113586187362671,2.2679965496063232,2.5544891357421875,2.727879524230957,2.9724068641662598,3.0936214923858643,3.136579751968384,3.1394553184509277,1.9384591579437256,1.8900049924850464,2.0298969745635986,2.064783811569214,2.052313804626465,2.2731802463531494,2.300536870956421,2.5205023288726807,2.6874685287475586,2.850400447845459,3.069410562515259,3.131702184677124,3.5182881355285645,3.6169910430908203,3.9967212677001953
B3,1.0519391298294067,0.9572936296463013,0.7714316248893738,0.8527171611785889,0.9826735258102417,1.210459589958191,1.3736989498138428,1.695610523223877,1.8140416145324707,2.1576414108276367,2.312843084335327,2.672398328781128,2.6655898094177246,3.0232303142547607,2.948737621307373,0.6085086464881897,0.3910367786884308,0.0,0.3889596164226532,0.6426948308944702,0.9893369674682617,1.2304580211639404,1.6070489883422852,1.7684733867645264,2.176142692565918,2.3382768630981445,2.7322421073913574,2.802812099456787,3.0778589248657227,3.0761680603027344,0.8121264576911926,0.6601884961128235,0.6235061287879944,0.7393900156021118,0.8858935236930847,1.18235445022583,1.398559808731079,1.757485032081604,1.947067379951477,2.3356220722198486,2.5291330814361572,2.8598334789276123,2.9871013164520264,3.1888084411621094,3.2457115650177,1.3036422729492188,1.1817318201065063,1.206023931503296,1.2459716796875,1.3481029272079468,1.5613542795181274,1.7143810987472534,2.001469135284424,2.21364164352417,2.5189499855041504,2.743330955505371,3.0168874263763428,3.1825520992279053,3.265896797180176,3.307809352874756,1.8971384763717651,1.8068443536758423,1.880184531211853,1.8740119934082031,1.8887207508087158,2.069427013397217,2.1339142322540283,2.3318192958831787,2.5418734550476074,2.6995279788970947,2.9571914672851562,3.0251975059509277,3.4093902111053467,3.541383743286133,3.9055638313293457
B4,1.2752283811569214,1.0710465908050537,0.8395141959190369,0.7460549473762512,0.8575705289840698,0.9672045707702637,1.15802001953125,1.4353907108306885,1.5993542671203613,1.9203499555587769,2.117461681365967,2.4705517292022705,2.5044264793395996,2.881012201309204,2.853020191192627,0.943448007106781,0.6178640723228455,0.3889596164226532,0.0,0.3749158978462219,0.6323019862174988,0.9298297166824341,1.2806512117385864,1.4930065870285034,1.8920260667800903,2.0994105339050293,2.4966330528259277,2.6067166328430176,2.9065122604370117,2.9487853050231934,1.0285024642944336,0.7411841154098511,0.6989813446998596,0.594048023223877,0.6620630621910095,0.8703747391700745,1.101757526397705,1.4293392896652222,1.6607333421707153,2.0364372730255127,2.2699670791625977,2.602018356323242,2.7688753604888916,2.992297887802124,3.0930938720703125,1.4261837005615234,1.20441472530365,1.2393262386322021,1.1630909442901611,1.194286584854126,1.3303966522216797,1.4588770866394043,1.7007547616958618,1.9336953163146973,2.2130093574523926,2.46329402923584,2.732154130935669,2.925647497177124,3.0464656352996826,3.1279423236846924,1.9883695840835571,1.827578067779541,1.9117588996887207,1.834811806678772,1.7853426933288574,1.9111965894699097,1.9248452186584473,2.0772786140441895,2.2729389667510986,2.3922863006591797,2.643423318862915,2.684821367263794,3.070204496383667,3.1963107585906982,3.555586338043213
B5,1.3340593576431274,1.0594582557678223,0.9363662600517273,0.7235406637191772,0.6651877164840698,0.7069674730300903,0.8176450133323669,1.0857605934143066,1.2270668745040894,1.5507196187973022,1.7453030347824097,2.103121042251587,2.1480515003204346,2.527724504470825,2.5153448581695557,1.0194934606552124,0.6479300856590271,0.6426948308944702,0.3749158978462219,0.0,0.39635732769966125,0.5962042808532715,0.9747158885002136,1.1570394039154053,1.5643119812011719,1.7643285989761353,2.1583523750305176,2.282125234603882,2.571174383163452,2.6308958530426025,1.080590009689331,0.7545051574707031,0.8760877251625061,0.7427917718887329,0.6022540330886841,0.7983408570289612,0.9052892923355103,1.222261905670166,1.4117012023925781,1.7709095478057861,1.9864704608917236,2.29687762260437,2.4694745540618896,2.6728737354278564,2.7826004028320312,1.47116219997406,1.2286642789840698,1.3667019605636597,1.2781641483306885,1.200835108757019,1.336614966392517,1.3651676177978516,1.5845063924789429,1.763266921043396,2.0084500312805176,2.222339153289795,2.4621758460998535,2.631610155105591,2.739743232727051,2.8132078647613525,2.0371828079223633,1.8714599609375,2.0230801105499268,1.9482536315917969,1.8369510173797607,1.974692940711975,1.9199877977371216,2.0715010166168213,2.209246873855591,2.3140695095062256,2.5181965827941895,2.540703535079956,2.9290690422058105,3.017721176147461,3.3914177417755127
B6,1.6717201471328735,1.3595333099365234,1.2058665752410889,0.9064776301383972,0.8339902758598328,0.6693127751350403,0.781627893447876,0.9236361980438232,1.1266932487487793,1.38997220993042,1.6377569437026978,1.9716624021530151,2.0673675537109375,2.4607934951782227,2.50494122505188,1.4142835140228271,1.0441861152648926,0.9893369674682617,0.6323019862174988,0.39635732769966125,0.0,0.37617799639701843,0.6642611026763916,0.9389278292655945,1.3164737224578857,1.581001877784729,1.9703962802886963,2.143064260482788,2.46035099029541,2.5719475746154785,1.4019474983215332,1.039995789527893,1.1133137941360474,0.8515838384628296,0.6329382061958313,0.6083119511604309,0.6821897029876709,0.9128839373588562,1.1627306938171387,1.4917323589324951,1.7623744010925293,2.070906639099121,2.2931935787200928,2.5242602825164795,2.6867871284484863,1.69011652469635,1.3856804370880127,1.509994387626648,1.3263568878173828,1.1787360906600952,1.2016935348510742,1.1810625791549683,1.3176792860031128,1.515128493309021,1.7158482074737549,1.962595820426941,2.194444417953491,2.401113271713257,2.5583443641662598,2.6828110218048096,2.195194959640503,1.9711847305297852,2.1200337409973145,1.981096625328064,1.811468243598938,1.8811101913452148,1.76736581325531,1.8563306331634521,1.96757173538208,2.0202181339263916,2.210200071334839,2.197861671447754,2.5852713584899902,2.6660666465759277,3.032867431640625
B7,1.8267543315887451,1.5009069442749023,1.437722086906433,1.1234358549118042,0.9280112981796265,0.7130748629570007,0.6313557028770447,0.6762323975563049,0.802873969078064,1.0372239351272583,1.268460988998413,1.5977981090545654,1.693217158317566,2.0876848697662354,2.144982099533081,1.5331555604934692,1.1811612844467163,1.2304580211639404,0.9298297166824341,0.5962042808532715,0.37617799639701843,0.0,0.3924694359302521,0.5822561979293823,0.979301393032074,1.2223130464553833,1.6111047267913818,1.7873868942260742,2.0947234630584717,2.218249797821045,1.4706323146820068,1.1201999187469482,1.2922741174697876,1.0646511316299438,0.7453092932701111,0.7266278862953186,0.587357759475708,0.7760302424430847,0.9236342906951904,1.2296011447906494,1.460363745689392,1.7461507320404053,1.962992548942566,2.172593355178833,2.3379979133605957,1.7202383279800415,1.4212733507156372,1.6264601945877075,1.4608701467514038,1.2342379093170166,1.2764931917190552,1.145759105682373,1.2616419792175293,1.3664956092834473,1.5296908617019653,1.7156105041503906,1.9160635471343994,2.0868899822235107,2.2216453552246094,2.3326642513275146,2.203134298324585,1.9871869087219238,2.195465087890625,2.074551820755005,1.860587477684021,1.9552831649780273,1.7855631113052368,1.8889069557189941,1.932274580001831,1.986156702041626,2.11661696434021,2.099935531616211,2.4834203720092773,2.5237460136413574,2.90755033493042
B8,2.189361095428467,1.8461849689483643,1.7788975238800049,1.4339063167572021,1.2338712215423584,0.9309801459312439,0.812393844127655,0.6490969657897949,0.7814802527427673,0.8700566291809082,1.1460191011428833,1.4209762811660767,1.575711727142334,1.9702869653701782,2.093086004257202,1.9242604970932007,1.5735818147659302,1.6070489883422852,1.2806512117385864,0.9747158885002136,0.6642611026763916,0.3924694359302521,0.0,0.3807426691055298,0.6795119643211365,1.0041048526763916,1.3681820631027222,1.6053881645202637,1.9312505722045898,2.1154558658599854,1.8237411975860596,1.4691859483718872,1.6207417249679565,1.3492165803909302,1.0181457996368408,0.8616837859153748,0.6234757900238037,0.5826155543327332,0.719730794429779,0.9311732053756714,1.2096490859985352,1.4695382118225098,1.7434308528900146,1.9699242115020752,2.193650960922241,2.0009074211120605,1.6778748035430908,1.8797491788864136,1.6653355360031128,1.3870391845703125,1.3390737771987915,1.1288211345672607,1.1240348815917969,1.1871761083602905,1.256493330001831,1.4429163932800293,1.6088703870773315,1.805020809173584,1.9865012168884277,2.1485984325408936,2.4209306240081787,2.1712822914123535,2.3858389854431152,2.2258081436157227,1.9618843793869019,2.002751111984253,1.7671889066696167,1.8093708753585815,1.7909631729125977,1.7847611904144287,1.862586498260498,1.8007853031158447,2.175306558609009,2.1831672191619873,2.565659999847412
B9,2.321073055267334,1.9933511018753052,1.987493634223938,1.665169358253479,1.4109628200531006,1.1553301811218262,0.9233232140541077,0.7253164649009705,0.6623485684394836,0.6500544548034668,0.8395479321479797,1.091990351676941,1.2082042694091797,1.6015608310699463,1.7198147773742676,1.9854751825332642,1.6715850830078125,1.7684733867645264,1.4930065870285034,1.1570394039154053,0.9389278292655945,0.5822561979293823,0.3807426691055298,0.0,0.41190487146377563,0.6508715152740479,1.0333267450332642,1.2428876161575317,1.5603781938552856,1.7365838289260864,1.8278040885925293,1.5067431926727295,1.7230621576309204,1.5016520023345947,1.137819766998291,1.05146062374115,0.7201628684997559,0.6864169239997864,0.598353385925293,0.7736223340034485,0.9422334432601929,1.1828073263168335,1.41850745677948,1.6188222169876099,1.8251310586929321,1.9580172300338745,1.662244439125061,1.9249556064605713,1.751144528388977,1.435975432395935,1.4418928623199463,1.1670516729354858,1.1859846115112305,1.1285394430160522,1.181829810142517,1.2619621753692627,1.3997074365615845,1.5314143896102905,1.6623992919921875,1.791468858718872,2.3443470001220703,2.1187236309051514,2.3830721378326416,2.2583134174346924,1.97599196434021,2.0616302490234375,1.8033360242843628,1.8886985778808594,1.817635416984558,1.8481619358062744,1.8724907636642456,1.8410817384719849,2.200029134750366,2.1771247386932373,2.574821710586548
B10,2.7184321880340576,2.384148597717285,2.3845980167388916,2.049252986907959,1.7891066074371338,1.5036550760269165,1.2587897777557373,0.9731351137161255,0.8699716925621033,0.6420555710792542,0.7825369834899902,0.8911709189414978,1.0604110956192017,1.4258874654769897,1.6199474334716797,2.387988805770874,2.081256866455078,2.176142692565918,1.8920260667800903,1.5643119812011719,1.3164737224578857,0.979301393032074,0.6795119643211365,0.41190487146377563,0.0,0.3917818069458008,0.7021304965019226,0.9899449944496155,1.3173164129257202,1.5654540061950684,2.198160171508789,1.8857181072235107,2.094745635986328,1.8591773509979248,1.4964579343795776,1.3563653230667114,1.003281593322754,0.8204710483551025,0.6180564165115356,0.5408813953399658,0.6652193665504456,0.8248366713523865,1.1230347156524658,1.3269633054733276,1.6000125408172607,2.266309976577759,1.9691550731658936,2.2334237098693848,2.0401785373687744,1.6964397430419922,1.6517254114151,1.3226057291030884,1.2425707578659058,1.0884196758270264,1.0043379068374634,0.9977648258209229,1.0512094497680664,1.1715242862701416,1.3380517959594727,1.5188120603561401,2.5848493576049805,2.34548020362854,2.620643377304077,2.47817063331604,2.1604788303375244,2.2123990058898926,1.9028056859970093,1.9451504945755005,1.7970983982086182,1.7821009159088135,1.7202867269515991,1.6559299230575562,1.9809906482696533,1.902662754058838,2.2988290786743164
B11,2.859654426574707,2.5485589504241943,2.591536521911621,2.2829434871673584,1.9969531297683716,1.7598804235458374,1.4684662818908691,1.2165452241897583,1.0018415451049805,0.7328851222991943,0.6703787446022034,0.6662664413452148,0.7287828922271729,1.075703501701355,1.2598788738250732,2.466668128967285,2.2014074325561523,2.3382768630981445,2.0994105339050293,1.7643285989761353,1.581001877784729,1.2223130464553833,1.0041048526763916,0.6508715152740479,0.3917818069458008,0.0,0.39810919761657715,0.6126389503479004,0.9385018944740295,1.173682689666748,2.2299563884735107,1.9609431028366089,2.2106804847717285,2.024247169494629,1.6571953296661377,1.5796983242034912,1.208278775215149,1.0867787599563599,0.7750533819198608,0.6758666038513184,0.5408867597579956,0.6246573328971863,0.8191463947296143,0.976052463054657,1.2189433574676514,2.250561237335205,1.9936001300811768,2.2982969284057617,2.150381326675415,1.7974460124969482,1.8077902793884277,1.4598345756530762,1.4260631799697876,1.1876665353775024,1.1178995370864868,0.9702383875846863,0.9799494743347168,0.9734697341918945,1.036573052406311,1.1572319269180298,2.5241265296936035,2.318648338317871,2.6314239501953125,2.5296406745910645,2.2110345363616943,2.308610439300537,1.9999635219573975,2.0904176235198975,1.9122320413589478,1.9471969604492188,1.8507053852081299,1.8353079557418823,2.131340265274048,2.0367674827575684,2.4335215091705322
B12,3.2178523540496826,2.9058175086975098,2.966921329498291,2.6535677909851074,2.3554439544677734,2.110269546508789,1.8048579692840576,1.5223385095596313,1.2881330251693726,0.945888340473175,0.8016892671585083,0.57784104347229,0.6466317772865295,0.8818731904029846,1.1513572931289673,2.837360382080078,2.5826945304870605,2.7322421073913574,2.4966330528259277,2.1583523750305176,1.9703962802886963,1.6111047267913818,1.3681820631027222,1.0333267450332642,0.7021304965019226,0.39810919761657715,0.0,0.40674224495887756,0.6674368381500244,0.9998329281806946,2.594247817993164,2.3413991928100586,2.59706974029541,2.4147398471832275,2.04937481880188,1.960791826248169,1.5881690979003906,1.4262070655822754,1.1006399393081665,0.8805302977561951,0.6273064613342285,0.4421813488006592,0.6087979078292847,0.6713457107543945,0.9873403310775757,2.5861289501190186,2.344770669937134,2.6549549102783203,2.510014533996582,2.1501729488372803,2.146223306655884,1.7830842733383179,1.7082206010818481,1.4205138683319092,1.2649303674697876,1.0054007768630981,0.8710166215896606,0.7288129925727844,0.737027645111084,0.8707754611968994,2.81296443939209,2.6162729263305664,2.9392075538635254,2.8405075073242188,2.5097498893737793,2.5964243412017822,2.2672369480133057,2.337779998779297,2.1105732917785645,2.121605396270752,1.9552878141403198,1.9229965209960938,2.1647071838378906,2.0134358406066895,2.3902604579925537
B13,3.316737413406372,3.0350284576416016,3.111355781555176,2.829996347427368,2.531714677810669,2.3323192596435547,2.0181996822357178,1.7884154319763184,1.5178302526474,1.2304811477661133,1.0068975687026978,0.7826635837554932,0.617806077003479,0.7488123178482056,0.9282993674278259,2.851224184036255,2.6393394470214844,2.802812099456787,2.6067166328430176,2.282125234603882,2.143064260482788,1.7873868942260742,1.6053881645202637,1.2428876161575317,0.9899449944496155,0.6126389503479004,0.40674224495887756,0.0,0.3907594382762909,0.634878933429718,2.5448408126831055,2.3346593379974365,2.6040897369384766,2.4637300968170166,2.110227584838867,2.068636417388916,1.6988786458969116,1.5936999320983887,1.2247593402862549,1.0666301250457764,0.7054202556610107,0.5607205629348755,0.40659061074256897,0.3959236443042755,0.6125713586807251,2.4705872535705566,2.2689900398254395,2.5974221229553223,2.492919445037842,2.137892246246338,2.1802103519439697,1.8206897974014282,1.7995128631591797,1.4733556509017944,1.38249671459198,1.06490957736969,0.9748704433441162,0.7378994226455688,0.557091474533081,0.5522693395614624,2.634260654449463,2.4694669246673584,2.8141860961914062,2.7531566619873047,2.4320735931396484,2.5593574047088623,2.2474074363708496,2.36847186088562,2.1359167098999023,2.210139751434326,2.0476014614105225,2.0841007232666016,2.3116536140441895,2.187196969985962,2.5609705448150635
