,A1,A2,A3,A4,A5,A6,A7,A8,A9,A10,A11,A12,A13,A14,A15,B1,B2,B3,B4,B5,B6,B7,B8,B9,B10,B11,B12,B13,B14,B15,C1,C2,C3,C4,C5,C6,C7,C8,C9,C10,C11,C12,C13,C14,C15,D1,D2,D3,D4,D5,D6,D7,D8,D9,D10,D11,D12,D13,D14,D15,E1,E2,E3,E4,E5,E6,E7,E8,E9,E10,E11,E12,E13,E14,E15
A1,0.0,0.38346007466316223,0.6174721121788025,0.950724184513092,1.1583904027938843,1.5079145431518555,1.7384955883026123,2.106574773788452,2.2961368560791016,2.6789398193359375,2.876192331314087,3.2532496452331543,3.304887533187866,3.664773464202881,3.580256938934326,1.552143931388855,1.4736413955688477,1.146389126777649,1.2753938436508179,1.4269353151321411,1.6380542516708374,1.9134442806243896,2.2273995876312256,2.4631025791168213,2.829212188720703,3.039928436279297,3.4214730262756348,3.51027512550354,3.8803963661193848,3.8643510341644287,2.261824131011963,2.1796157360076904,1.869890570640564,1.961700439453125,1.9432320594787598,2.0854787826538086,2.268679141998291,2.5234217643737793,2.742830753326416,3.077096462249756,3.280611515045166,3.649413585662842,3.765263319015503,4.1230340003967285,4.152853488922119,2.934208393096924,2.79826021194458,2.551703691482544,2.612877607345581,2.5166144371032715,2.6249611377716064,2.720815896987915,2.922842502593994,3.1198551654815674,3.4001455307006836,3.6062865257263184,3.9513840675354004,4.108006000518799,4.4387946128845215,4.513101577758789,3.848982095718384,3.7818658351898193,3.596564292907715,3.615334987640381,3.405609607696533,3.5343985557556152,3.4598326683044434,3.5836775302886963,3.7077713012695312,3.7883291244506836,4.027453422546387,4.036905288696289,4.423821926116943,4.456461429595947,4.8616251945495605
A2,0.38346007466316223,0.0,0.3807075321674347,0.6045594811439514,0.8770142197608948,1.1923887729644775,1.4572248458862305,1.8127641677856445,2.0323126316070557,2.4063162803649902,2.6321308612823486,3.0071563720703125,3.086202621459961,3.4510138034820557,3.3899617195129395,1.5310736894607544,1.3628873825073242,0.9905318021774292,1.014955997467041,1.1363543272018433,1.295045256614685,1.59248685836792,1.890255331993103,2.153958797454834,2.5149314403533936,2.7505719661712646,3.1349685192108154,3.2485015392303467,3.6275618076324463,3.6326797008514404,2.164149045944214,2.0198934078216553,1.6898285150527954,1.7163668870925903,1.6625137329101562,1.760571837425232,1.9409573078155518,2.1748592853546143,2.413071870803833,2.7400336265563965,2.963857650756836,3.335080146789551,3.4728024005889893,3.8407034873962402,3.8890271186828613,2.7973029613494873,2.6164848804473877,2.360992908477783,2.373365879058838,2.24639630317688,2.3186092376708984,2.399949789047241,2.5782246589660645,2.783233880996704,3.052053689956665,3.272308588027954,3.616291046142578,3.791294813156128,4.130002975463867,4.2208709716796875,3.6772778034210205,3.5774896144866943,3.3896069526672363,3.3749845027923584,3.141688346862793,3.246497869491577,3.150567054748535,3.2533299922943115,3.3687124252319336,3.431833505630493,3.6684138774871826,3.6678528785705566,4.054617881774902,4.088139533996582,4.492181777954102
A3,0.6174721121788025,0.3807075321674347,0.0,0.39570352435112,0.5569742918014526,0.8979110717773438,1.1434378623962402,1.5015736818313599,1.718717098236084,2.0935354232788086,2.316930055618286,2.693387269973755,2.7808732986450195,3.153275728225708,3.10922908782959,1.5044668912887573,1.3431624174118042,0.9735339283943176,1.013912558555603,1.0069657564163208,1.1640263795852661,1.3947314023971558,1.6748019456863403,1.9150779247283936,2.2637617588043213,2.4873158931732178,2.864976644515991,2.983607769012451,3.362872838973999,3.385028123855591,2.208623170852661,2.05599308013916,1.7601325511932373,1.776036024093628,1.6436986923217773,1.7344099283218384,1.8397175073623657,2.047819137573242,2.2475931644439697,2.5516653060913086,2.7543630599975586,3.110905408859253,3.2502737045288086,3.6096365451812744,3.674394369125366,2.8638758659362793,2.6759696006774902,2.458405017852783,2.456333637237549,2.276911973953247,2.3439419269561768,2.3624608516693115,2.5173792839050293,2.679841995239258,2.921117067337036,3.1143295764923096,3.438734531402588,3.6103389263153076,3.9321725368499756,4.037306308746338,3.7471024990081787,3.6465823650360107,3.4892842769622803,3.4641194343566895,3.2057909965515137,3.3117213249206543,3.1735727787017822,3.2700936794281006,3.342725992202759,3.39144229888916,3.593846082687378,3.569246768951416,3.946561336517334,3.9463062286376953,4.34695291519165
A4,0.950724184513092,0.6045594811439514,0.39570352435112,0.0,0.3788968324661255,0.6002935171127319,0.912652850151062,1.2390828132629395,1.5032793283462524,1.8585623502731323,2.1213021278381348,2.490434169769287,2.6139519214630127,2.988342761993408,2.974123239517212,1.610537052154541,1.3666630983352661,0.9947652816772461,0.8874449729919434,0.8034248948097229,0.845353364944458,1.0986236333847046,1.3442093133926392,1.6277014017105103,1.9655669927597046,2.224532127380371,2.603905439376831,2.7555110454559326,3.1438980102539062,3.192572593688965,2.1885876655578613,1.972712516784668,1.6686071157455444,1.6022976636886597,1.423762559890747,1.4440550804138184,1.5345110893249512,1.7049108743667603,1.9295634031295776,2.220456838607788,2.451282262802124,2.8099207878112793,2.978360652923584,3.3496484756469727,3.437370538711548,2.778655767440796,2.544659376144409,2.322126865386963,2.2620551586151123,2.0487051010131836,2.0659873485565186,2.0616884231567383,2.18011474609375,2.3510191440582275,2.5743935108184814,2.786224126815796,3.1083600521087646,3.3040242195129395,3.6356801986694336,3.761201858520508,3.606518030166626,3.470108985900879,3.3107945919036865,3.2475240230560303,2.96551251411438,3.0405728816986084,2.8777475357055664,2.946263074874878,3.006927490234375,3.0324268341064453,3.230654001235962,3.1928319931030273,3.569608211517334,3.5708909034729004,3.970182180404663
A5,1.1583904027938843,0.8770142197608948,0.5569742918014526,0.3788968324661255,0.0,0.38734200596809387,0.5879990458488464,0.9484904408454895,1.171033263206482,1.541074275970459,1.7802504301071167,2.1541948318481445,2.265194892883301,2.6422812938690186,2.6280035972595215,1.49787437915802,1.2803080081939697,0.9593837857246399,0.9116951823234558,0.6982602477073669,0.7872564792633057,0.9118726253509521,1.1607969999313354,1.3817943334579468,1.7183516025543213,1.9425523281097412,2.31695818901062,2.4519660472869873,2.8357629776000977,2.8838183879852295,2.1262261867523193,1.924136757850647,1.6756649017333984,1.6326967477798462,1.3936195373535156,1.44493567943573,1.4459375143051147,1.6111226081848145,1.7672325372695923,2.044844627380371,2.2326362133026123,2.5775036811828613,2.7259840965270996,3.083270311355591,3.1701548099517822,2.7388527393341064,2.517777919769287,2.3468210697174072,2.2987213134765625,2.0482559204101562,2.090351104736328,2.0249292850494385,2.142587661743164,2.2531661987304688,2.4612910747528076,2.6278111934661865,2.9331603050231934,3.1050055027008057,3.415205717086792,3.5378329753875732,3.574974536895752,3.454589366912842,3.334310293197632,3.2798163890838623,2.9868040084838867,3.0830819606781006,2.8894519805908203,2.9738519191741943,2.9915847778320312,3.025467872619629,3.1861329078674316,3.141908645629883,3.5063984394073486,3.4755501747131348,3.8723556995391846
A6,1.5079145431518555,1.1923887729644775,0.8979110717773438,0.6002935171127319,0.38734200596809387,0.0,0.38667750358581543,0.6495903730392456,0.9592251777648926,1.2876241207122803,1.5805773735046387,1.9398493766784668,2.1052982807159424,2.485949754714966,2.520937204360962,1.7790330648422241,1.5246360301971436,1.236066222190857,1.0947359800338745,0.7991318106651306,0.7085245847702026,0.7507492303848267,0.886496365070343,1.1432794332504272,1.4390586614608765,1.7015241384506226,2.0669543743133545,2.249875545501709,2.6407968997955322,2.7336182594299316,2.3043031692504883,2.056838035583496,1.8233754634857178,1.7075194120407104,1.4144623279571533,1.3768515586853027,1.310290813446045,1.3896265029907227,1.5431374311447144,1.7733639478683472,1.9808984994888306,2.3119170665740967,2.4997644424438477,2.8621838092803955,2.9884567260742188,2.8493330478668213,2.5911803245544434,2.430788040161133,2.32547664642334,2.034679651260376,2.0175371170043945,1.8998550176620483,1.9524717330932617,2.0453948974609375,2.2051875591278076,2.376375436782837,2.6608169078826904,2.8614063262939453,3.169996738433838,3.326962947845459,3.6196415424346924,3.4665448665618896,3.354389190673828,3.2597217559814453,2.9406776428222656,3.0008654594421387,2.769041061401367,2.8144478797912598,2.799398899078369,2.793952703475952,2.9296252727508545,2.852062463760376,3.2068090438842773,3.157067060470581,3.547171115875244
A7,1.7384955883026123,1.4572248458862305,1.1434378623962402,0.912652850151062,0.5879990458488464,0.38667750358581543,0.0,0.3814941942691803,0.5943263173103333,0.9543437361717224,1.2144159078598022,1.5823006629943848,1.7271595001220703,2.1083924770355225,2.137979030609131,1.6916823387145996,1.4641880989074707,1.256777286529541,1.1632195711135864,0.8041829466819763,0.7684733271598816,0.6183350086212158,0.7413063049316406,0.8773953318595886,1.1752976179122925,1.3858028650283813,1.7492737770080566,1.904822826385498,2.2908427715301514,2.375791311264038,2.205246686935425,1.974037766456604,1.806148886680603,1.7158355712890625,1.3840385675430298,1.3866125345230103,1.2290151119232178,1.3082588911056519,1.3657374382019043,1.5833643674850464,1.7309589385986328,2.0482337474823,2.203831195831299,2.5509185791015625,2.6679532527923584,2.7475128173828125,2.506274700164795,2.401707649230957,2.312638521194458,1.9966670274734497,2.0122385025024414,1.8391594886779785,1.9005457162857056,1.9227921962738037,2.072665214538574,2.1867194175720215,2.4553449153900146,2.6200881004333496,2.9059388637542725,3.050621271133423,3.5099005699157715,3.3755123615264893,3.3045132160186768,3.2231218814849854,2.900961399078369,2.9873178005218506,2.733085870742798,2.8032240867614746,2.7477622032165527,2.763537883758545,2.8612096309661865,2.790858030319214,3.1297762393951416,3.0531702041625977,3.4396636486053467
A8,2.106574773788452,1.8127641677856445,1.5015736818313599,1.2390828132629395,0.9484904408454895,0.6495903730392456,0.3814941942691803,0.0,0.3893202245235443,0.6469256281852722,0.9713547825813293,1.3117607831954956,1.5204415321350098,1.8993818759918213,1.9885447025299072,2.0059590339660645,1.7719175815582275,1.5990216732025146,1.4690093994140625,1.0953577756881714,0.9644998908042908,0.7094627022743225,0.6237419843673706,0.6971278786659241,0.8950429558753967,1.1226462125778198,1.4616847038269043,1.667030930519104,2.052978515625,2.1899423599243164,2.437160015106201,2.184515953063965,2.0478451251983643,1.915079116821289,1.5537763833999634,1.493744134902954,1.2557852268218994,1.2290915250778198,1.227393627166748,1.358483076095581,1.4924142360687256,1.7743293046951294,1.9627922773361206,2.3026514053344727,2.463177442550659,2.91464900970459,2.653890371322632,2.57509708404541,2.4467625617980957,2.101247549057007,2.0732781887054443,1.8400193452835083,1.8334425687789917,1.804544448852539,1.8855568170547485,1.9737777709960938,2.2021255493164062,2.383009910583496,2.6515369415283203,2.831042528152466,3.6069934368133545,3.451828956604004,3.4012038707733154,3.2898504734039307,2.9494316577911377,3.0088014602661133,2.716536521911621,2.7546803951263428,2.6522631645202637,2.6330485343933105,2.685774326324463,2.580030679702759,2.895998954772949,2.7845304012298584,3.15798282623291
A9,2.2961368560791016,2.0323126316070557,1.718717098236084,1.5032793283462524,1.171033263206482,0.9592251777648926,0.5943263173103333,0.3893202245235443,0.0,0.38894790410995483,0.6224519610404968,0.9881415367126465,1.151383876800537,1.533225417137146,1.6044576168060303,1.9334731101989746,1.7392094135284424,1.6467679738998413,1.5689839124679565,1.1942094564437866,1.139765739440918,0.8026531338691711,0.7411937117576599,0.5945399403572083,0.7655693292617798,0.8707726001739502,1.203528881072998,1.3507788181304932,1.7288330793380737,1.8431721925735474,2.3371448516845703,2.1148862838745117,2.045187473297119,1.951574444770813,1.5843079090118408,1.580894947052002,1.2913110256195068,1.2894525527954102,1.1757631301879883,1.2942880392074585,1.3316479921340942,1.5906862020492554,1.718497395515442,2.034194231033325,2.169996976852417,2.805806875228882,2.574019193649292,2.5511491298675537,2.4521212577819824,2.101207733154297,2.118911027908325,1.8529261350631714,1.8737508058547974,1.7750741243362427,1.8573276996612549,1.8729702234268188,2.083756685256958,2.207127809524536,2.445721387863159,2.5973281860351562,3.4885811805725098,3.361029863357544,3.351490020751953,3.2636613845825195,2.9317030906677246,3.0250556468963623,2.7256948947906494,2.7991983890533447,2.6674766540527344,2.6838340759277344,2.7045388221740723,2.6219749450683594,2.9185028076171875,2.7886359691619873,3.1548032760620117
A10,2.6789398193359375,2.4063162803649902,2.0935354232788086,1.8585623502731323,1.541074275970459,1.2876241207122803,0.9543437361717224,0.6469256281852722,0.38894790410995483,0.0,0.37560611963272095,0.6707620024681091,0.9254738688468933,1.290397047996521,1.4399800300598145,2.2711830139160156,2.0775179862976074,2.010899066925049,1.9114313125610352,1.537799596786499,1.4351502656936646,1.072727918624878,0.8886011838912964,0.6454413533210754,0.5900272727012634,0.6215452551841736,0.8865641951560974,1.085410714149475,1.4524427652359009,1.6301313638687134,2.5961735248565674,2.3648569583892822,2.327591896057129,2.207326650619507,1.8314714431762695,1.7872720956802368,1.44834303855896,1.359703779220581,1.1672286987304688,1.1643184423446655,1.1377198696136475,1.3233920335769653,1.4686150550842285,1.7592283487319946,1.9418681859970093,2.9965052604675293,2.756335735321045,2.763747215270996,2.637483596801758,2.271077871322632,2.2578766345977783,1.9443085193634033,1.9066240787506104,1.7443299293518066,1.7477612495422363,1.708107829093933,1.856365442276001,1.9764912128448486,2.1794140338897705,2.3628456592559814,3.6009697914123535,3.4604411125183105,3.477126359939575,3.3670997619628906,3.0259220600128174,3.0987672805786133,2.768955945968628,2.817882537841797,2.6369974613189697,2.627023935317993,2.592639446258545,2.4816901683807373,2.741422414779663,2.57020902633667,2.914059638977051
A11,2.876192331314087,2.6321308612823486,2.316930055618286,2.1213021278381348,1.7802504301071167,1.5805773735046387,1.2144159078598022,0.9713547825813293,0.6224519610404968,0.37560611963272095,0.0,0.37741097807884216,0.559108316898346,0.9367516040802002,1.0795782804489136,2.292048454284668,2.145766496658325,2.1392529010772705,2.0886645317077637,1.729762315750122,1.687404751777649,1.3114259243011475,1.180298089981079,0.8603151440620422,0.7794519066810608,0.6062567234039307,0.7760376930236816,0.8588841557502747,1.192691445350647,1.3443185091018677,2.599557638168335,2.4079697132110596,2.426276206970215,2.347700595855713,1.9837093353271484,1.990035891532898,1.6396188735961914,1.585399866104126,1.3272377252578735,1.3131617307662964,1.1782549619674683,1.3042949438095093,1.3560045957565308,1.5915207862854004,1.7407978773117065,2.9909932613372803,2.787207841873169,2.843136787414551,2.7502634525299072,2.392063856124878,2.4215822219848633,2.0976641178131104,2.0896942615509033,1.8786406517028809,1.8848074674606323,1.7730991840362549,1.8897860050201416,1.9363576173782349,2.0898475646972656,2.236546039581299,3.5829780101776123,3.4744269847869873,3.528930425643921,3.4455244541168213,3.119457244873047,3.2238967418670654,2.897040367126465,2.9781172275543213,2.7784423828125,2.8014798164367676,2.741091012954712,2.6540727615356445,2.8892369270324707,2.7035789489746094,3.030778646469116
A12,3.2532496452331543,3.0071563720703125,2.693387269973755,2.490434169769287,2.1541948318481445,1.9398493766784668,1.5823006629943848,1.3117607831954956,0.9881415367126465,0.6707620024681091,0.37741097807884216,0.0,0.37455669045448303,0.6670079231262207,0.9176455736160278,2.6106162071228027,2.4725539684295654,2.4909656047821045,2.4335014820098877,2.079843044281006,2.0200767517089844,1.6365710496902466,1.4639307260513306,1.1207994222640991,0.9247719049453735,0.6465447545051575,0.6002550721168518,0.6516996026039124,0.9144893884658813,1.1302684545516968,2.8517370223999023,2.664726495742798,2.715474843978882,2.628075361251831,2.2677054405212402,2.258382558822632,1.887176275253296,1.791398048400879,1.485113501548767,1.3830382823944092,1.1663107872009277,1.1748048067092896,1.1894598007202148,1.3517240285873413,1.5317870378494263,3.182321310043335,2.984257459640503,3.072627067565918,2.9693636894226074,2.6093485355377197,2.6270627975463867,2.2769827842712402,2.236891269683838,1.9748706817626953,1.9216514825820923,1.7433310747146606,1.7841345071792603,1.7919210195541382,1.8811630010604858,2.0390100479125977,3.6998648643493652,3.5911412239074707,3.6757986545562744,3.583621025085449,3.259817361831665,3.3559107780456543,3.0129549503326416,3.0836236476898193,2.8450381755828857,2.8584203720092773,2.747593879699707,2.649634599685669,2.839736223220825,2.619239568710327,2.9132707118988037
A13,3.304887533187866,3.086202621459961,2.7808732986450195,2.6139519214630127,2.265194892883301,2.1052982807159424,1.7271595001220703,1.5204415321350098,1.151383876800537,0.9254738688468933,0.559108316898346,0.37455669045448303,0.0,0.38813990354537964,0.5574038624763489,2.503051280975342,2.409003257751465,2.480569839477539,2.4682886600494385,2.138549566268921,2.138122797012329,1.757620930671692,1.6516200304031372,1.2835060358047485,1.1563829183578491,0.8294157981872559,0.7805803418159485,0.6256385445594788,0.811957061290741,0.9153861403465271,2.724658966064453,2.58121657371521,2.677297592163086,2.6361708641052246,2.29742169380188,2.343879222869873,1.9837878942489624,1.9460563659667969,1.620326042175293,1.5685194730758667,1.309349536895752,1.3197524547576904,1.2237448692321777,1.335221290588379,1.4268910884857178,3.055110216140747,2.8984062671661377,3.024334192276001,2.9630329608917236,2.621750593185425,2.6899611949920654,2.352355718612671,2.3633406162261963,2.0883572101593018,2.0789647102355957,1.8702586889266968,1.923011064529419,1.8594043254852295,1.922422170639038,2.010561466217041,3.579021692276001,3.5085034370422363,3.6205763816833496,3.5644776821136475,3.2626357078552246,3.3977267742156982,3.073873996734619,3.1868762969970703,2.9553098678588867,3.0147886276245117,2.9098994731903076,2.8533802032470703,3.0422303676605225,2.837939739227295,3.130197286605835
A14,3.664773464202881,3.4510138034820557,3.153275728225708,2.988342761993408,2.6422812938690186,2.485949754714966,2.1083924770355225,1.8993818759918213,1.533225417137146,1.290397047996521,0.9367516040802002,0.6670079231262207,0.38813990354537964,0.0,0.3717149496078491,2.7689125537872314,2.6922640800476074,2.798708438873291,2.7909438610076904,2.475905656814575,2.477837085723877,2.0963988304138184,1.9827145338058472,1.6020382642745972,1.437459945678711,1.0759048461914062,0.9041650891304016,0.6388062238693237,0.6092080473899841,0.6841780543327332,2.914544105529785,2.790520191192627,2.926858425140381,2.892756938934326,2.569554328918457,2.6205244064331055,2.2553229331970215,2.2082436084747314,1.8532614707946777,1.7630318403244019,1.4478240013122559,1.3694247007369995,1.1883424520492554,1.1819133758544922,1.2383701801300049,3.181324005126953,3.046736478805542,3.2120397090911865,3.1573314666748047,2.827234983444214,2.9028351306915283,2.5559275150299072,2.561570167541504,2.25018572807312,2.214813232421875,1.9495611190795898,1.945073127746582,1.8128983974456787,1.7997567653656006,1.852367877960205,3.630164384841919,3.575362205505371,3.723658561706543,3.6748859882354736,3.388198137283325,3.5302140712738037,3.205838680267334,3.3266613483428955,3.0704100131988525,3.142176628112793,3.0019052028656006,2.9584274291992188,3.1076107025146484,2.8890538215637207,3.148463726043701
A15,3.580256938934326,3.3899617195129395,3.10922908782959,2.974123239517212,2.6280035972595215,2.520937204360962,2.137979030609131,1.9885447025299072,1.6044576168060303,1.4399800300598145,1.0795782804489136,0.9176455736160278,0.5574038624763489,0.3717149496078491,0.0,2.557452917098999,2.5164003372192383,2.6665656566619873,2.6952192783355713,2.410545825958252,2.4632439613342285,2.0975396633148193,2.0468406677246094,1.6652034521102905,1.5758646726608276,1.2208380699157715,1.1282963752746582,0.8018115758895874,0.777086615562439,0.6504168510437012,2.6788489818573,2.595150947570801,2.765232801437378,2.773916721343994,2.4777934551239014,2.579143524169922,2.2376041412353516,2.2499501705169678,1.9008697271347046,1.8778009414672852,1.567702054977417,1.5447773933410645,1.311012625694275,1.3139240741729736,1.262589693069458,2.9507834911346436,2.854773998260498,3.044750213623047,3.031515598297119,2.725076198577881,2.8479130268096924,2.526059150695801,2.5858888626098633,2.2855331897735596,2.309183359146118,2.050743818283081,2.0921003818511963,1.9252300262451172,1.9304054975509644,1.9127246141433716,3.4219248294830322,3.4031617641448975,3.5655806064605713,3.5535242557525635,3.289558172225952,3.468712568283081,3.17116117477417,3.33282732963562,3.1002037525177,3.216269016265869,3.1032967567443848,3.1012659072875977,3.2691855430603027,3.083062171936035,3.3575689792633057
B1,1.552143931388855,1.5310736894607544,1.5044668912887573,1.610537052154541,1.49787437915802,1.7790330648422241,1.6916823387145996,2.0059590339660645,1.9334731101989746,2.2711830139160156,2.292048454284668,2.6106162071228027,2.503051280975342,2.7689125537872314,2.557452917098999,0.0,0.38819003105163574,0.6690747141838074,1.012157917022705,1.148748517036438,1.524976372718811,1.5945026874542236,1.9633443355560303,1.9783121347427368,2.345327615737915,2.3947372436523438,2.733370542526245,2.662069320678711,2.9569315910339355,2.8079116344451904,0.9584041237831116,1.0520764589309692,1.0187010765075684,1.3319417238235474,1.3327323198318481,1.6878231763839722,1.7699882984161377,2.1270711421966553,2.173795461654663,2.54312801361084,2.603987455368042,2.948983907699585,2.9117701053619385,3.2076079845428467,3.1113264560699463,1.7321540117263794,1.7235881090164185,1.6720223426818848,1.8821686506271362,1.7939532995224,2.0881500244140625,2.1263391971588135,2.4464783668518066,2.5117788314819336,2.851179361343384,2.931652069091797,3.275420904159546,3.2902891635894775,3.5743114948272705,3.5294222831726074,2.7062501907348633,2.748079776763916,2.690683603286743,2.8135764598846436,2.645829200744629,2.9100182056427,2.8372316360473633,3.094691038131714,3.161022424697876,3.371797561645508,3.5557701587677,3.661639928817749,4.017551898956299,4.0441765785217285,4.444054126739502
B2,1.4736413955688477,1.3628873825073242,1.3431624174118042,1.3666630983352661,1.2803080081939697,1.5246360301971436,1.4641880989074707,1.7719175815582275,1.7392094135284424,2.0775179862976074,2.145766496658325,2.4725539684295654,2.409003257751465,2.6922640800476074,2.5164003372192383,0.38819003105163574,0.0,0.38673049211502075,0.6500530242919922,0.8122721910476685,1.173150658607483,1.2772772312164307,1.6516168117523193,1.708107352256775,2.086336612701416,2.179319143295288,2.53535532951355,2.503786087036133,2.8227055072784424,2.7050395011901855,0.8983410596847534,0.842051088809967,0.7187474966049194,0.9785158038139343,0.958792507648468,1.3065483570098877,1.4138137102127075,1.7764701843261719,1.860930323600769,2.2424685955047607,2.342445135116577,2.7060036659240723,2.704263210296631,3.027074098587036,2.957232713699341,1.6213817596435547,1.528325080871582,1.4290764331817627,1.5820729732513428,1.4639679193496704,1.7317177057266235,1.775733232498169,2.0893354415893555,2.1823692321777344,2.5268399715423584,2.639730453491211,2.9969534873962402,3.0434560775756836,3.351694345474243,3.3303370475769043,2.568450927734375,2.556912660598755,2.47353458404541,2.5539000034332275,2.3575639724731445,2.5946013927459717,2.508296251296997,2.746450185775757,2.8195762634277344,3.016232490539551,3.2126498222351074,3.313760757446289,3.6776468753814697,3.716264009475708,4.120067596435547
B3,1.146389126777649,0.9905318021774292,0.9735339283943176,0.9947652816772461,0.9593837857246399,1.236066222190857,1.256777286529541,1.5990216732025146,1.6467679738998413,2.010899066925049,2.1392529010772705,2.4909656047821045,2.480569839477539,2.798708438873291,2.6665656566619873,0.6690747141838074,0.38673049211502075,0.0,0.3940059542655945,0.5921710729598999,0.9561067819595337,1.1408641338348389,1.5213333368301392,1.6541762351989746,2.0436174869537354,2.1923248767852783,2.568204402923584,2.5909111499786377,2.93837833404541,2.867629289627075,1.237466812133789,1.1110258102416992,0.869517982006073,1.0192434787750244,0.9585063457489014,1.234657645225525,1.370728850364685,1.7076066732406616,1.8498649597167969,2.2255594730377197,2.3730618953704834,2.747873544692993,2.7978925704956055,3.14312481880188,3.1181416511535645,1.916408658027649,1.7707726955413818,1.6060166358947754,1.6928032636642456,1.5504792928695679,1.7489510774612427,1.7982059717178345,2.0713694095611572,2.2034716606140137,2.5286221504211426,2.680643320083618,3.039201498031616,3.132511615753174,3.4558613300323486,3.4764130115509033,2.8361077308654785,2.7833008766174316,2.663538932800293,2.701718330383301,2.480172872543335,2.670928478240967,2.5702054500579834,2.763845682144165,2.846290111541748,2.9997360706329346,3.208909749984741,3.276773452758789,3.6523430347442627,3.6878552436828613,4.09613037109375
B4,1.2753938436508179,1.014955997467041,1.013912558555603,0.8874449729919434,0.9116951823234558,1.0947359800338745,1.1632195711135864,1.4690093994140625,1.5689839124679565,1.9114313125610352,2.0886645317077637,2.4335014820098877,2.4682886600494385,2.7909438610076904,2.6952192783355713,1.012157917022705,0.6500530242919922,0.3940059542655945,0.0,0.3785511553287506,0.6463090181350708,0.9123901724815369,1.2758723497390747,1.4702669382095337,1.8552459478378296,2.0535876750946045,2.435804843902588,2.5010569095611572,2.8625752925872803,2.8236608505249023,1.3282111883163452,1.0898666381835938,0.7839350700378418,0.7761350870132446,0.6741259694099426,0.8830273151397705,1.067044734954834,1.3937791585922241,1.5935405492782593,1.972139835357666,2.167170524597168,2.55387282371521,2.6429827213287354,3.0092031955718994,3.0109925270080566,1.8921029567718506,1.6716725826263428,1.4643787145614624,1.46574068069458,1.291038990020752,1.4289408922195435,1.4871028661727905,1.7382279634475708,1.9095622301101685,2.233248710632324,2.425081253051758,2.7931430339813232,2.9215424060821533,3.26668643951416,3.31099271774292,2.7408831119537354,2.6343982219696045,2.490257501602173,2.478351354598999,2.2294387817382812,2.3797607421875,2.2645211219787598,2.4280264377593994,2.5191798210144043,2.651974678039551,2.8759117126464844,2.9379985332489014,3.3205084800720215,3.371983289718628,3.7817933559417725
B5,1.4269353151321411,1.1363543272018433,1.0069657564163208,0.8034248948097229,0.6982602477073669,0.7991318106651306,0.8041829466819763,1.0953577756881714,1.1942094564437866,1.537799596786499,1.729762315750122,2.079843044281006,2.138549566268921,2.475905656814575,2.410545825958252,1.148748517036438,0.8122721910476685,0.5921710729598999,0.3785511553287506,0.0,0.3849259316921234,0.566561222076416,0.9403077363967896,1.1269891262054443,1.5137499570846558,1.7178966999053955,2.1041111946105957,2.1902427673339844,2.5633296966552734,2.555380344390869,1.5177165269851685,1.2630057334899902,1.0299447774887085,0.9648674726486206,0.7082493901252747,0.8452849984169006,0.8920708894729614,1.176058292388916,1.3390302658081055,1.6962655782699585,1.8819557428359985,2.2614097595214844,2.3668549060821533,2.73469614982605,2.7665212154388428,2.0649027824401855,1.8257625102996826,1.6683249473571777,1.6237541437149048,1.3713873624801636,1.4664465188980103,1.4248430728912354,1.624172568321228,1.7452694177627563,2.029768705368042,2.1995725631713867,2.548536539077759,2.685802698135376,3.019686698913574,3.0909879207611084,2.8784127235412598,2.7576706409454346,2.6462290287017822,2.605113983154297,2.3213982582092285,2.4526219367980957,2.2784171104431152,2.4162445068359375,2.452481508255005,2.554565668106079,2.7382619380950928,2.765258550643921,3.1389553546905518,3.153306007385254,3.5609664916992188
B6,1.6380542516708374,1.295045256614685,1.1640263795852661,0.845353364944458,0.7872564792633057,0.7085245847702026,0.7684733271598816,0.9644998908042908,1.139765739440918,1.4351502656936646,1.687404751777649,2.0200767517089844,2.138122797012329,2.477837085723877,2.4632439613342285,1.524976372718811,1.173150658607483,0.9561067819595337,0.6463090181350708,0.3849259316921234,0.0,0.3874727785587311,0.6769300103187561,0.9652261734008789,1.3234976530075073,1.5923066139221191,1.9755033254623413,2.1204118728637695,2.504560708999634,2.544236898422241,1.7754517793655396,1.4653817415237427,1.2257424592971802,1.035831093788147,0.7300742268562317,0.6754337549209595,0.6898758411407471,0.8911144137382507,1.1218059062957764,1.4546819925308228,1.6975626945495605,2.078594207763672,2.238675117492676,2.6232964992523193,2.69779896736145,2.219964027404785,1.9278810024261475,1.7541084289550781,1.6216440200805664,1.3299342393875122,1.3222880363464355,1.2446719408035278,1.3692446947097778,1.5163724422454834,1.767886757850647,1.97780442237854,2.322779893875122,2.5068352222442627,2.8557493686676025,2.965693235397339,2.944293737411499,2.7740859985351562,2.650268793106079,2.552940607070923,2.238840341567993,2.313521385192871,2.1051862239837646,2.189507246017456,2.212545394897461,2.2689015865325928,2.4514498710632324,2.4501352310180664,2.827514886856079,2.8430497646331787,3.2504563331604004
B7,1.9134442806243896,1.59248685836792,1.3947314023971558,1.0986236333847046,0.9118726253509521,0.7507492303848267,0.6183350086212158,0.7094627022743225,0.8026531338691711,1.072727918624878,1.3114259243011475,1.6365710496902466,1.757620930671692,2.0963988304138184,2.0975396633148193,1.5945026874542236,1.2772772312164307,1.1408641338348389,0.9123901724815369,0.566561222076416,0.3874727785587311,0.0,0.38145187497138977,0.5896371603012085,0.9637635946273804,1.2123340368270874,1.5980851650238037,1.7408883571624756,2.1279144287109375,2.180903673171997,1.8353126049041748,1.536523461341858,1.3839281797409058,1.2141294479370117,0.8478027582168579,0.8051085472106934,0.6116479635238647,0.7516658306121826,0.8608587384223938,1.1731904745101929,1.3717468976974487,1.7436879873275757,1.8942809104919434,2.2726893424987793,2.3585712909698486,2.260655164718628,1.9770158529281616,1.8740389347076416,1.7410106658935547,1.404378890991211,1.4054334163665771,1.2225978374481201,1.314048409461975,1.3614665269851685,1.5760796070098877,1.7282384634017944,2.0513455867767334,2.2164247035980225,2.5454516410827637,2.6625821590423584,2.9534223079681396,2.7911460399627686,2.716451644897461,2.616605520248413,2.287945508956909,2.37258243560791,2.118633270263672,2.206719160079956,2.1643927097320557,2.218247890472412,2.344080686569214,2.3272223472595215,2.6845812797546387,2.6588549613952637,3.061217784881592
B8,2.2273995876312256,1.890255331993103,1.6748019456863403,1.3442093133926392,1.1607969999313354,0.886496365070343,0.7413063049316406,0.6237419843673706,0.7411937117576599,0.8886011838912964,1.180298089981079,1.4639307260513306,1.6516200304031372,1.9827145338058472,2.0468406677246094,1.9633443355560303,1.6516168117523193,1.5213333368301392,1.2758723497390747,0.9403077363967896,0.6769300103187561,0.38145187497138977,0.0,0.38932397961616516,0.6726924777030945,0.9928919672966003,1.3598899841308594,1.5709165334701538,1.9610544443130493,2.074279308319092,2.149820327758789,1.8340120315551758,1.7042936086654663,1.4870121479034424,1.1154816150665283,0.9671486020088196,0.6808472275733948,0.6059322357177734,0.6738447546958923,0.8909313082695007,1.1238374710083008,1.4767402410507202,1.6857839822769165,2.0691771507263184,2.209427833557129,2.500342607498169,2.1934211254119873,2.1080613136291504,1.9224681854248047,1.5608965158462524,1.4857501983642578,1.2317532300949097,1.2106661796569824,1.210600733757019,1.3387646675109863,1.4899934530258179,1.7814701795578003,1.9863688945770264,2.311490058898926,2.475637197494507,3.1047332286834717,2.9116766452789307,2.850344181060791,2.707956552505493,2.3573591709136963,2.3959782123565674,2.096651792526245,2.1316745281219482,2.0382001399993896,2.0379693508148193,2.1208810806274414,2.057588577270508,2.400554656982422,2.3445684909820557,2.7406694889068604
B9,2.4631025791168213,2.153958797454834,1.9150779247283936,1.6277014017105103,1.3817943334579468,1.1432794332504272,0.8773953318595886,0.6971278786659241,0.5945399403572083,0.6454413533210754,0.8603151440620422,1.1207994222640991,1.2835060358047485,1.6020382642745972,1.6652034521102905,1.9783121347427368,1.708107352256775,1.6541762351989746,1.4702669382095337,1.1269891262054443,0.9652261734008789,0.5896371603012085,0.38932397961616516,0.0,0.38986867666244507,0.6301212310791016,1.0123255252838135,1.1911817789077759,1.5828630924224854,1.6905896663665771,2.134836196899414,1.8488847017288208,1.7973575592041016,1.6233772039413452,1.2458336353302002,1.1669501066207886,0.8091388940811157,0.7415078282356262,0.5813418030738831,0.7479486465454102,0.8577708005905151,1.19736647605896,1.3601624965667725,1.7311726808547974,1.8622996807098389,2.466092586517334,2.1868414878845215,2.169811248779297,2.011796474456787,1.6404036283493042,1.6124950647354126,1.3046358823776245,1.297021746635437,1.1805799007415771,1.282004952430725,1.3305602073669434,1.5939991474151611,1.7434256076812744,2.038395881652832,2.186951160430908,3.0460901260375977,2.877899646759033,2.8671984672546387,2.743992805480957,2.398984670639038,2.469149351119995,2.1521193981170654,2.218078136444092,2.0749270915985107,2.103391408920288,2.1313459873199463,2.080108165740967,2.3915607929229736,2.3002419471740723,2.684515953063965
B10,2.829212188720703,2.5149314403533936,2.2637617588043213,1.9655669927597046,1.7183516025543213,1.4390586614608765,1.1752976179122925,0.8950429558753967,0.7655693292617798,0.5900272727012634,0.7794519066810608,0.9247719049453735,1.1563829183578491,1.437459945678711,1.5758646726608276,2.345327615737915,2.086336612701416,2.0436174869537354,1.8552459478378296,1.5137499570846558,1.3234976530075073,0.9637635946273804,0.6726924777030945,0.38986867666244507,0.0,0.37434741854667664,0.6985938549041748,0.9660411477088928,1.346131443977356,1.5279781818389893,2.458087205886841,2.1718287467956543,2.1471548080444336,1.9544684886932373,1.583549976348877,1.4635120630264282,1.084882378578186,0.899796724319458,0.6447455883026123,0.5743442177772522,0.6116252541542053,0.8827555179595947,1.1018048524856567,1.461827278137207,1.6570453643798828,2.72456431388855,2.440653085708618,2.451432228088379,2.2664458751678467,1.8889046907424927,1.8205307722091675,1.4687432050704956,1.375540852546692,1.1794159412384033,1.1577770709991455,1.1389814615249634,1.3279627561569214,1.4931145906448364,1.759513258934021,1.9562920331954956,3.2164793014526367,3.032883882522583,3.0477828979492188,2.8978919982910156,2.5451865196228027,2.5849788188934326,2.2346129417419434,2.2625174522399902,2.0600321292877197,2.047015905380249,2.0061535835266113,1.9129999876022339,2.1835598945617676,2.042133092880249,2.4065470695495605
B11,3.039928436279297,2.7505719661712646,2.4873158931732178,2.224532127380371,1.9425523281097412,1.7015241384506226,1.3858028650283813,1.1226462125778198,0.8707726001739502,0.6215452551841736,0.6062567234039307,0.6465447545051575,0.8294157981872559,1.0759048461914062,1.2208380699157715,2.3947372436523438,2.179319143295288,2.1923248767852783,2.0535876750946045,1.7178966999053955,1.5923066139221191,1.2123340368270874,0.9928919672966003,0.6301212310791016,0.37434741854667664,0.0,0.3877876102924347,0.5987300872802734,0.9861512184143066,1.1681382656097412,2.487917423248291,2.239856004714966,2.2743778228759766,2.1252810955047607,1.7649762630462646,1.7031195163726807,1.315773367881775,1.1818031072616577,0.8504807949066162,0.7511498332023621,0.5721620321273804,0.7436977028846741,0.8575059175491333,1.1805437803268433,1.3611091375350952,2.7392704486846924,2.491483211517334,2.557236433029175,2.406475782394409,2.037087917327881,2.0162155628204346,1.6525647640228271,1.5927960872650146,1.3310377597808838,1.2993888854980469,1.1669820547103882,1.2991950511932373,1.3712469339370728,1.5799185037612915,1.7474256753921509,3.2088606357574463,3.0566813945770264,3.1159582138061523,2.992067337036133,2.6551239490509033,2.7277092933654785,2.378366708755493,2.4396979808807373,2.209967613220215,2.2311270236968994,2.1501972675323486,2.07973575592041,2.3113837242126465,2.1440610885620117,2.4833500385284424
B12,3.4214730262756348,3.1349685192108154,2.864976644515991,2.603905439376831,2.31695818901062,2.0669543743133545,1.7492737770080566,1.4616847038269043,1.203528881072998,0.8865641951560974,0.7760376930236816,0.6002550721168518,0.7805803418159485,0.9041650891304016,1.1282963752746582,2.733370542526245,2.53535532951355,2.568204402923584,2.435804843902588,2.1041111946105957,1.9755033254623413,1.5980851650238037,1.3598899841308594,1.0123255252838135,0.6985938549041748,0.3877876102924347,0.0,0.3809279799461365,0.6951875686645508,0.9722428917884827,2.785865068435669,2.5506911277770996,2.615696668624878,2.4669079780578613,2.1169450283050537,2.0471675395965576,1.6562566757202148,1.489601969718933,1.1356391906738281,0.928632915019989,0.6381506323814392,0.5747923851013184,0.6457445025444031,0.8883346915245056,1.1327097415924072,2.982635259628296,2.746715545654297,2.8452725410461426,2.6893346309661865,2.3258821964263916,2.2949929237365723,1.9149383306503296,1.8201974630355835,1.5084495544433594,1.3956434726715088,1.1716543436050415,1.1850515604019165,1.2050291299819946,1.330678939819336,1.5248008966445923,3.372511148452759,3.222412586212158,3.314286947250366,3.1826324462890625,2.852450370788574,2.9143881797790527,2.551663637161255,2.5982794761657715,2.325178623199463,2.33127760887146,2.1870739459991455,2.100323438644409,2.27193284034729,2.0587222576141357,2.3560001850128174
B13,3.51027512550354,3.2485015392303467,2.983607769012451,2.7555110454559326,2.4519660472869873,2.249875545501709,1.904822826385498,1.667030930519104,1.3507788181304932,1.085410714149475,0.8588841557502747,0.6516996026039124,0.6256385445594788,0.6388062238693237,0.8018115758895874,2.662069320678711,2.503786087036133,2.5909111499786377,2.5010569095611572,2.1902427673339844,2.1204118728637695,1.7408883571624756,1.5709165334701538,1.1911817789077759,0.9660411477088928,0.5987300872802734,0.3809279799461365,0.0,0.3943420946598053,0.6027988791465759,2.678039312362671,2.484513759613037,2.6014020442962646,2.4981915950775146,2.169569730758667,2.158675193786621,1.776995301246643,1.6761444807052612,1.299633502960205,1.1624598503112793,0.8216718435287476,0.7506570219993591,0.5986300706863403,0.750959575176239,0.8913909792900085,2.8598263263702393,2.665800094604492,2.8104584217071533,2.6968798637390137,2.3523247241973877,2.3766701221466064,2.0076098442077637,1.9711514711380005,1.6407108306884766,1.5805917978286743,1.311683177947998,1.3292641639709473,1.235395073890686,1.3096851110458374,1.412179708480835,3.2409067153930664,3.130281686782837,3.25801944732666,3.1637725830078125,2.857600212097168,2.962712049484253,2.6195390224456787,2.714480400085449,2.445577621459961,2.505915880203247,2.363861322402954,2.3267173767089844,2.488395929336548,2.292149066925049,2.5774343013763428
