,A1,A2,A3,A4,A5,A6,A7,A8,A9,A10,A11,A12,A13,A14,A15,B1,B2,B3,B4,B5,B6,B7,B8,B9,B10,B11,B12,B13,B14,B15,C1,C2,C3,C4,C5,C6,C7,C8,C9,C10,C11,C12,C13,C14,C15,D1,D2,D3,D4,D5,D6,D7,D8,D9,D10,D11,D12,D13,D14,D15,E1,E2,E3,E4,E5,E6,E7,E8,E9,E10,E11,E12,E13,E14,E15
A1,0.0,0.36719077825546265,0.6024158596992493,0.9204649329185486,1.1961232423782349,1.4368987083435059,1.7669740915298462,2.0756208896636963,2.292356491088867,2.6202590465545654,2.920208692550659,3.1781957149505615,3.4847278594970703,3.7468531131744385,4.01151704788208,2.767526388168335,2.6257736682891846,2.225930690765381,2.1257970333099365,1.8849645853042603,1.6689671277999878,1.7854446172714233,2.1271603107452393,2.227429151535034,2.5049185752868652,2.8624680042266846,3.135429859161377,3.4018852710723877,3.67618727684021,3.9724221229553223,3.6304409503936768,3.452988862991333,3.0863568782806396,2.8517398834228516,2.8493547439575195,2.6154561042785645,2.8063323497772217,2.877362012863159,3.141178846359253,3.2979142665863037,3.6075568199157715,3.6449220180511475,4.029252529144287,4.116152286529541,4.484870433807373,5.010666370391846,4.825528621673584,4.511630058288574,4.198408126831055,4.13804292678833,3.7733631134033203,3.783757209777832,3.9876911640167236,3.729182481765747,4.015060901641846,4.046102046966553,4.155783653259277,4.37322998046875,4.313888072967529,4.656154632568359,5.898311614990234,5.517912864685059,5.555591583251953,5.180117607116699,5.074512004852295,4.742193222045898,4.637720584869385,4.4231276512146,4.094772815704346,3.876868486404419,3.7911558151245117,3.421523094177246,3.4850058555603027,3.133448362350464,3.2148597240448
A2,0.36719077825546265,0.0,0.396442174911499,0.6206574440002441,0.8971841931343079,1.1591249704360962,1.4766031503677368,1.7612992525100708,2.0070993900299072,2.3192543983459473,2.6295409202575684,2.8687005043029785,3.189033031463623,3.437206745147705,3.7121200561523438,2.5639076232910156,2.405107259750366,2.0052988529205322,1.8575512170791626,1.609465479850769,1.3584990501403809,1.439301609992981,1.7731798887252808,1.8826966285705566,2.174025774002075,2.536222457885742,2.7957212924957275,3.0740811824798584,3.3367702960968018,3.636446237564087,3.3622968196868896,3.1809403896331787,2.820676326751709,2.5612170696258545,2.5621206760406494,2.308469295501709,2.476451873779297,2.5350210666656494,2.7906241416931152,2.9471347332000732,3.2502145767211914,3.2863736152648926,3.6703102588653564,3.7557313442230225,4.1269707679748535,4.6743059158325195,4.49342679977417,4.188430309295654,3.8681869506835938,3.8179938793182373,3.449456214904785,3.451683759689331,3.6446187496185303,3.380584955215454,3.6626930236816406,3.6869442462921143,3.791206121444702,4.009552001953125,3.949113368988037,4.292412281036377,5.553596496582031,5.17445707321167,5.220836639404297,4.844394683837891,4.750634670257568,4.415560245513916,4.325295925140381,4.114793300628662,3.796400308609009,3.585958242416382,3.5222411155700684,3.1575186252593994,3.2515923976898193,2.9152653217315674,3.0330116748809814
A3,0.6024158596992493,0.396442174911499,0.0,0.39808204770088196,0.6122279763221741,0.8520810008049011,1.1706373691558838,1.4933751821517944,1.7037556171417236,2.0289642810821533,2.334503650665283,2.60282039642334,2.910170555114746,3.183542013168335,3.46030592918396,2.589833974838257,2.4746475219726562,2.082412004470825,1.9014637470245361,1.715291142463684,1.4091843366622925,1.4387850761413574,1.7323676347732544,1.7725776433944702,2.0351550579071045,2.3987278938293457,2.6752572059631348,2.929936408996582,3.2106521129608154,3.4850211143493652,3.486119031906128,3.330397367477417,2.9910953044891357,2.7099926471710205,2.744216203689575,2.472407341003418,2.595189332962036,2.6044678688049316,2.8413500785827637,2.971635341644287,3.2543821334838867,3.251893997192383,3.6364822387695312,3.6820120811462402,4.057477951049805,4.761638641357422,4.592516899108887,4.310304164886475,3.9745025634765625,3.9404022693634033,3.5641415119171143,3.5333621501922607,3.6913082599639893,3.401026964187622,3.6535403728485107,3.639533758163452,3.7326927185058594,3.9194583892822266,3.8343117237091064,4.162633419036865,5.4518208503723145,5.0771484375,5.137738227844238,4.769186496734619,4.672348499298096,4.352869033813477,4.256216526031494,4.076578617095947,3.7609705924987793,3.5245137214660645,3.4864699840545654,3.1190295219421387,3.218571186065674,2.8971853256225586,3.004126787185669
A4,0.9204649329185486,0.6206574440002441,0.39808204770088196,0.0,0.3923981785774231,0.5498796701431274,0.8884470462799072,1.1698462963104248,1.3933912515640259,1.716532826423645,2.0142040252685547,2.2599527835845947,2.572441816329956,2.8285675048828125,3.1016104221343994,2.278904914855957,2.1661131381988525,1.785918951034546,1.5668586492538452,1.4133089780807495,1.0763695240020752,1.080501675605774,1.3594441413879395,1.3797712326049805,1.6380703449249268,2.0014030933380127,2.2795817852020264,2.5338051319122314,2.8153860569000244,3.0921854972839355,3.165956497192383,3.027038097381592,2.706731081008911,2.4138200283050537,2.481412172317505,2.2103354930877686,2.3114967346191406,2.279768228530884,2.5193238258361816,2.621735095977783,2.904625177383423,2.8827016353607178,3.2680277824401855,3.3059093952178955,3.677330493927002,4.459428787231445,4.310885429382324,4.040791988372803,3.704751491546631,3.701446533203125,3.326887845993042,3.2976019382476807,3.436547040939331,3.1429662704467773,3.38862943649292,3.355098009109497,3.4213457107543945,3.6103897094726562,3.5068347454071045,3.8310141563415527,5.202581882476807,4.832854747772217,4.916175365447998,4.547423839569092,4.477313041687012,4.154636383056641,4.087810516357422,3.9186630249023438,3.6249794960021973,3.4036452770233154,3.40506911277771,3.050884246826172,3.1961100101470947,2.902642250061035,3.055727005004883
A5,1.1961232423782349,0.8971841931343079,0.6122279763221741,0.3923981785774231,0.0,0.3814038336277008,0.5972906947135925,0.9042176008224487,1.1595382690429688,1.450592279434204,1.7823914289474487,2.03726863861084,2.3643951416015625,2.6317102909088135,2.934242010116577,2.4980757236480713,2.3886141777038574,2.0298984050750732,1.7587186098098755,1.6245259046554565,1.253199815750122,1.1406288146972656,1.3342171907424927,1.3196051120758057,1.5756720304489136,1.9408892393112183,2.1941821575164795,2.450450897216797,2.716402292251587,2.9728384017944336,3.3055028915405273,3.161418914794922,2.8578507900238037,2.532977342605591,2.586942195892334,2.2811694145202637,2.320239305496216,2.27298641204834,2.4648725986480713,2.5757081508636475,2.8192245960235596,2.7867510318756104,3.1644811630249023,3.17511248588562,3.5570719242095947,4.392163276672363,4.236189365386963,3.9888336658477783,3.635303258895874,3.6244776248931885,3.2444825172424316,3.1726393699645996,3.2827301025390625,2.96724009513855,3.1844425201416016,3.1301987171173096,3.2093582153320312,3.369194507598877,3.26690936088562,3.5848026275634766,4.90574836730957,4.537148475646973,4.618858814239502,4.256784915924072,4.174430847167969,3.8652184009552,3.7848434448242188,3.636521816253662,3.342180013656616,3.1008830070495605,3.1171202659606934,2.76430082321167,2.9129717350006104,2.637284755706787,2.788682222366333
A6,1.4368987083435059,1.1591249704360962,0.8520810008049011,0.5498796701431274,0.3814038336277008,0.0,0.3746199607849121,0.6834897994995117,0.8554932475090027,1.1921288967132568,1.4842067956924438,1.7559093236923218,2.058318614959717,2.3375394344329834,2.618248224258423,2.3011834621429443,2.2417619228363037,1.908461332321167,1.636802315711975,1.5882102251052856,1.2206922769546509,1.116483211517334,1.2628587484359741,1.1540710926055908,1.3427276611328125,1.6909945011138916,1.976641297340393,2.1932194232940674,2.4884233474731445,2.7250137329101562,3.225181818008423,3.1234047412872314,2.8488144874572754,2.5323851108551025,2.6425719261169434,2.3590731620788574,2.3835747241973877,2.274653196334839,2.471903085708618,2.525913715362549,2.7660791873931885,2.6848108768463135,3.059988021850586,3.0383667945861816,3.408810615539551,4.410836219787598,4.2864580154418945,4.056302547454834,3.7066519260406494,3.735039472579956,3.3612265586853027,3.2902276515960693,3.3715429306030273,3.0506703853607178,3.2469916343688965,3.154397964477539,3.1920299530029297,3.335810661315918,3.192776918411255,3.4905879497528076,4.922443389892578,4.5643205642700195,4.676313877105713,4.321568965911865,4.263228416442871,3.9628841876983643,3.906148910522461,3.7838921546936035,3.5125198364257812,3.2741222381591797,3.329984664916992,2.991563320159912,3.1662521362304688,2.9170942306518555,3.081225633621216
A7,1.7669740915298462,1.4766031503677368,1.1706373691558838,0.8884470462799072,0.5972906947135925,0.3746199607849121,0.0,0.36804014444351196,0.5724440217018127,0.8628399968147278,1.1915438175201416,1.4647232294082642,1.782792568206787,2.066962957382202,2.375495433807373,2.4634926319122314,2.408229351043701,2.1078741550445557,1.7981253862380981,1.7754850387573242,1.4031237363815308,1.2123812437057495,1.2521519660949707,1.0942374467849731,1.250051498413086,1.5782320499420166,1.8301804065704346,2.038663625717163,2.314523220062256,2.52519154548645,3.2946841716766357,3.1964924335479736,2.947566032409668,2.609837293624878,2.717617988586426,2.415903329849243,2.380772113800049,2.2441020011901855,2.393082857131958,2.4383742809295654,2.635263442993164,2.5333733558654785,2.8947434425354004,2.8404877185821533,3.214681625366211,4.295851707458496,4.174989700317383,3.9722812175750732,3.6120765209198,3.6463818550109863,3.274873971939087,3.1684987545013428,3.213408946990967,2.8763668537139893,3.037865161895752,2.9149956703186035,2.9495620727539062,3.061830759048462,2.909039258956909,3.1944007873535156,4.6130757331848145,4.260421276092529,4.381588459014893,4.0358967781066895,3.9787654876708984,3.6932806968688965,3.6379342079162598,3.54292893409729,3.285046339035034,3.03796124458313,3.1251273155212402,2.801483631134033,2.994020938873291,2.7787766456604004,2.953754425048828
A8,2.0756208896636963,1.7612992525100708,1.4933751821517944,1.1698462963104248,0.9042176008224487,0.6834897994995117,0.36804014444351196,0.0,0.38328084349632263,0.5710018277168274,0.9170571565628052,1.1400525569915771,1.4844990968704224,1.741146206855774,2.064999580383301,2.3906450271606445,2.3363122940063477,2.0794382095336914,1.7410831451416016,1.7595571279525757,1.4069499969482422,1.1609089374542236,1.090444803237915,0.8772625923156738,0.9858387112617493,1.2873504161834717,1.508895754814148,1.7151665687561035,1.9744244813919067,2.176537275314331,3.1234779357910156,3.03952693939209,2.824045419692993,2.4786226749420166,2.604179859161377,2.3071014881134033,2.225598096847534,2.045337438583374,2.1639842987060547,2.1783998012542725,2.347604990005493,2.2195050716400146,2.5705349445343018,2.49532151222229,2.866919994354248,4.031887054443359,3.929504156112671,3.7496795654296875,3.390505790710449,3.451245069503784,3.089632034301758,2.972987651824951,2.9863970279693604,2.647186040878296,2.785706043243408,2.634990930557251,2.642014980316162,2.7442970275878906,2.571733236312866,2.848910331726074,4.332754611968994,3.9875876903533936,4.130525588989258,3.7893004417419434,3.7583916187286377,3.4763238430023193,3.4509363174438477,3.373081684112549,3.1444506645202637,2.916875123977661,3.0454800128936768,2.7480967044830322,2.979565143585205,2.8027961254119873,3.0140998363494873
A9,2.292356491088867,2.0070993900299072,1.7037556171417236,1.3933912515640259,1.1595382690429688,0.8554932475090027,0.5724440217018127,0.38328084349632263,0.0,0.3793651759624481,0.6316149234771729,0.9337747693061829,1.2216060161590576,1.525459885597229,1.8224899768829346,2.421117067337036,2.4273908138275146,2.199484348297119,1.8873405456542969,1.9723261594772339,1.642196774482727,1.4390350580215454,1.353965163230896,1.0718272924423218,1.0566014051437378,1.2887539863586426,1.5373995304107666,1.6625880002975464,1.9543932676315308,2.106365203857422,3.279266357421875,3.2363338470458984,3.046560525894165,2.7187979221343994,2.88348650932312,2.6096463203430176,2.5261638164520264,2.3082520961761475,2.4250173568725586,2.3892316818237305,2.542994737625122,2.3650636672973633,2.69838285446167,2.5777816772460938,2.927586793899536,4.258385181427002,4.182338714599609,4.021217346191406,3.668456554412842,3.7544329166412354,3.402094602584839,3.2820627689361572,3.269958257675171,2.9301419258117676,3.0399558544158936,2.853424310684204,2.8260445594787598,2.894497871398926,2.681344747543335,2.9219765663146973,4.469149589538574,4.139437675476074,4.305881023406982,3.980567693710327,3.9607994556427,3.699615240097046,3.6816840171813965,3.635143756866455,3.4227969646453857,3.187680959701538,3.337906837463379,3.051262617111206,3.2808518409729004,3.1188364028930664,3.3145592212677
A10,2.6202590465545654,2.3192543983459473,2.0289642810821533,1.716532826423645,1.450592279434204,1.1921288967132568,0.8628399968147278,0.5710018277168274,0.3793651759624481,0.0,0.38474133610725403,0.636502206325531,0.9603615999221802,1.2483309507369995,1.5861871242523193,2.6063990592956543,2.606468439102173,2.4147250652313232,2.082549810409546,2.1778788566589355,1.8627673387527466,1.6131669282913208,1.4463820457458496,1.1580525636672974,1.09458589553833,1.2547340393066406,1.4272761344909668,1.5315355062484741,1.7785264253616333,1.8921643495559692,3.3267529010772705,3.287700653076172,3.1286470890045166,2.791287422180176,2.950514316558838,2.672285795211792,2.5360827445983887,2.29534649848938,2.3579559326171875,2.306678056716919,2.4062323570251465,2.206254005432129,2.5112056732177734,2.353823661804199,2.6985669136047363,4.103970050811768,4.037261486053467,3.9079086780548096,3.553196907043457,3.6504151821136475,3.3105552196502686,3.1623754501342773,3.110157012939453,2.765519380569458,2.8336689472198486,2.6132681369781494,2.5708811283111572,2.60318922996521,2.373941421508789,2.5938408374786377,4.145370960235596,3.825927495956421,4.007996082305908,3.695378065109253,3.688361167907715,3.444448232650757,3.441117525100708,3.4244539737701416,3.239339828491211,3.0115206241607666,3.1990878582000732,2.941771984100342,3.1936147212982178,3.0741589069366455,3.2867331504821777
A11,2.920208692550659,2.6295409202575684,2.334503650665283,2.0142040252685547,1.7823914289474487,1.4842067956924438,1.1915438175201416,0.9170571565628052,0.6316149234771729,0.38474133610725403,0.0,0.3740079402923584,0.6042888760566711,0.9338538646697998,1.2419027090072632,2.617586135864258,2.665606737136841,2.519443988800049,2.210129499435425,2.3640873432159424,2.082476854324341,1.8602086305618286,1.6694433689117432,1.3448060750961304,1.1786189079284668,1.2343835830688477,1.3985220193862915,1.4049321413040161,1.6639419794082642,1.7145663499832153,3.3852217197418213,3.388216257095337,3.26521897315979,2.9485394954681396,3.145104169845581,2.8955564498901367,2.752202272415161,2.4728708267211914,2.5293056964874268,2.422908067703247,2.501847982406616,2.253074884414673,2.528524160385132,2.327064275741577,2.6376585960388184,4.205560207366943,4.172626495361328,4.0660834312438965,3.7247464656829834,3.855103015899658,3.531750202178955,3.3881149291992188,3.3096799850463867,2.975097894668579,3.016340732574463,2.764127016067505,2.67557692527771,2.6803340911865234,2.408745288848877,2.584193468093872,4.219364166259766,3.9212594032287598,4.133077144622803,3.8385403156280518,3.8576574325561523,3.632249116897583,3.6531217098236084,3.663139820098877,3.505880355834961,3.2894930839538574,3.5027780532836914,3.2650368213653564,3.527040719985962,3.426985502243042,3.641934633255005
A12,3.1781957149505615,2.8687005043029785,2.60282039642334,2.2599527835845947,2.03726863861084,1.7559093236923218,1.4647232294082642,1.1400525569915771,0.9337747693061829,0.636502206325531,0.3740079402923584,0.0,0.3883904814720154,0.6134690046310425,0.9671134352684021,2.6190247535705566,2.659944772720337,2.5597593784332275,2.2442452907562256,2.417889356613159,2.170746326446533,1.9311285018920898,1.6799169778823853,1.3619555234909058,1.1448297500610352,1.102803111076355,1.1806963682174683,1.1468538045883179,1.3586097955703735,1.3744701147079468,3.243406057357788,3.2608070373535156,3.1758177280426025,2.8656628131866455,3.0710043907165527,2.8387396335601807,2.661116361618042,2.3533308506011963,2.3741514682769775,2.232165575027466,2.2705798149108887,1.993233561515808,2.236908435821533,2.0060718059539795,2.2995872497558594,3.949106454849243,3.9391045570373535,3.858595609664917,3.5285749435424805,3.6854472160339355,3.382753849029541,3.237316608428955,3.129469394683838,2.8083014488220215,2.8232314586639404,2.547740936279297,2.420954942703247,2.4127702713012695,2.116236686706543,2.2702150344848633,3.9793410301208496,3.6943111419677734,3.929015636444092,3.643333673477173,3.695460557937622,3.4757652282714844,3.53281831741333,3.5560364723205566,3.4335572719573975,3.2480039596557617,3.491668701171875,3.2840981483459473,3.5741679668426514,3.504843235015869,3.7487688064575195
A13,3.4847278594970703,3.189033031463623,2.910170555114746,2.572441816329956,2.3643951416015625,2.058318614959717,1.782792568206787,1.4844990968704224,1.2216060161590576,0.9603615999221802,0.6042888760566711,0.3883904814720154,0.0,0.37860172986984253,0.658687949180603,2.7612862586975098,2.8478646278381348,2.7819972038269043,2.4946088790893555,2.7062902450561523,2.4802093505859375,2.2671468257904053,2.0201914310455322,1.690446376800537,1.429599404335022,1.3186476230621338,1.3848168849945068,1.2446422576904297,1.446698784828186,1.3704395294189453,3.438016653060913,3.4921674728393555,3.43562912940979,3.146728992462158,3.3773303031921387,3.167238235473633,2.9904677867889404,2.6636247634887695,2.6808481216430664,2.502528429031372,2.5218358039855957,2.212352991104126,2.416785955429077,2.1471657752990723,2.3918206691741943,4.170348644256592,4.188645839691162,4.129690170288086,3.813250780105591,3.9919872283935547,3.704308032989502,3.560194253921509,3.4323208332061768,3.121439218521118,3.1113219261169434,2.81367564201355,2.6554477214813232,2.614276170730591,2.2886927127838135,2.38718843460083,4.123179912567139,3.8629534244537354,4.120456218719482,3.8575150966644287,3.925795078277588,3.7298550605773926,3.798990249633789,3.8488097190856934,3.7463018894195557,3.5631957054138184,3.8221940994262695,3.6277754306793213,3.9168407917022705,3.860283136367798,4.096236705780029
A14,3.7468531131744385,3.437206745147705,3.183542013168335,2.8285675048828125,2.6317102909088135,2.3375394344329834,2.066962957382202,1.741146206855774,1.525459885597229,1.2483309507369995,0.9338538646697998,0.6134690046310425,0.37860172986984253,0.0,0.3965241014957428,2.7941689491271973,2.875821352005005,2.855898141860962,2.57254958152771,2.7999329566955566,2.6099295616149902,2.3917810916900635,2.1066043376922607,1.7957329750061035,1.5082579851150513,1.315299153327942,1.2901020050048828,1.089609146118164,1.214716911315918,1.0666383504867554,3.327501058578491,3.4003639221191406,3.3844780921936035,3.1106038093566895,3.3497846126556396,3.163547992706299,2.962070941925049,2.6142048835754395,2.60079026222229,2.3861653804779053,2.3651514053344727,2.0303773880004883,2.187512159347534,1.8873590230941772,2.0935964584350586,3.9564154148101807,4.002903938293457,3.9712255001068115,3.672973394393921,3.8795387744903564,3.617457389831543,3.4780309200286865,3.3245773315429688,3.035522699356079,3.001230001449585,2.6872971057891846,2.4875295162200928,2.4345250129699707,2.08632230758667,2.149488925933838,3.95295786857605,3.7111377716064453,3.9915759563446045,3.741189479827881,3.8448193073272705,3.6562860012054443,3.7623515129089355,3.8225088119506836,3.7545416355133057,3.6041393280029297,3.886260509490967,3.719778537750244,4.030908584594727,3.9989945888519287,4.259130954742432
A15,4.01151704788208,3.7121200561523438,3.46030592918396,3.1016104221343994,2.934242010116577,2.618248224258423,2.375495433807373,2.064999580383301,1.8224899768829346,1.5861871242523193,1.2419027090072632,0.9671134352684021,0.658687949180603,0.3965241014957428,0.0,2.827127456665039,2.95184326171875,2.9747188091278076,2.7276036739349365,2.993645429611206,2.8363969326019287,2.6522605419158936,2.375481367111206,2.0591588020324707,1.73830246925354,1.4945826530456543,1.4722574949264526,1.1868367195129395,1.3035467863082886,1.0820791721343994,3.399783134460449,3.5150232315063477,3.530642509460449,3.288094997406006,3.5575931072235107,3.403925895690918,3.215242862701416,2.850391149520874,2.8487298488616943,2.596210241317749,2.57513689994812,2.2188098430633545,2.342172384262085,2.0291476249694824,2.1741678714752197,4.124970436096191,4.20468807220459,4.185338020324707,3.9083685874938965,4.141156196594238,3.8954546451568604,3.7745795249938965,3.615920066833496,3.345175266265869,3.3063371181488037,2.9886600971221924,2.758622884750366,2.7022337913513184,2.3395657539367676,2.362703323364258,4.1978302001953125,3.978070020675659,4.276632785797119,4.041146278381348,4.165765762329102,3.986743688583374,4.110466480255127,4.177941799163818,4.124344348907471,3.9845330715179443,4.272301197052002,4.110994338989258,4.425116539001465,4.393526077270508,4.654911041259766
B1,2.767526388168335,2.5639076232910156,2.589833974838257,2.278904914855957,2.4980757236480713,2.3011834621429443,2.4634926319122314,2.3906450271606445,2.421117067337036,2.6063990592956543,2.617586135864258,2.6190247535705566,2.7612862586975098,2.7941689491271973,2.827127456665039,0.0,0.3882049024105072,0.6410253047943115,0.8808029294013977,1.2136558294296265,1.446391224861145,1.683325171470642,1.7452338933944702,1.7172679901123047,1.6429580450057983,1.6394078731536865,1.8530186414718628,1.9180012941360474,2.162208080291748,2.433953285217285,1.6444499492645264,1.792647361755371,1.6995854377746582,1.6932957172393799,2.0589005947113037,2.127709150314331,2.2907607555389404,2.077223300933838,2.397063970565796,2.21653413772583,2.547563314437866,2.4331955909729004,2.7203190326690674,2.801939010620117,2.9945154190063477,3.951322317123413,3.9907803535461426,3.7529025077819824,3.559779644012451,3.7630789279937744,3.509899139404297,3.6420817375183105,3.743605136871338,3.5763559341430664,3.8140463829040527,3.749310255050659,3.612075090408325,3.862642288208008,3.669485092163086,3.9191653728485107,5.717402935028076,5.40727424621582,5.5996785163879395,5.250976085662842,5.34812593460083,5.013125419616699,5.1223225593566895,4.965867042541504,4.803639888763428,4.718974590301514,4.833767890930176,4.570634365081787,4.843724250793457,4.637293815612793,4.916595458984375
B2,2.6257736682891846,2.405107259750366,2.4746475219726562,2.1661131381988525,2.3886141777038574,2.2417619228363037,2.408229351043701,2.3363122940063477,2.4273908138275146,2.606468439102173,2.665606737136841,2.659944772720337,2.8478646278381348,2.875821352005005,2.95184326171875,0.3882049024105072,0.0,0.40063971281051636,0.6571370363235474,0.9290745258331299,1.2257378101348877,1.4713616371154785,1.5500646829605103,1.5972473621368408,1.590281367301941,1.6273257732391357,1.8081635236740112,1.9426298141479492,2.1522858142852783,2.4617116451263428,1.3930857181549072,1.4801584482192993,1.3413006067276,1.3315240144729614,1.6856698989868164,1.7666919231414795,1.956608772277832,1.7789729833602905,2.115967035293579,1.972366452217102,2.3254740238189697,2.2621374130249023,2.560396432876587,2.6868603229522705,2.8973066806793213,3.6814491748809814,3.698838710784912,3.4408249855041504,3.24906325340271,3.436034917831421,3.1831893920898438,3.332611083984375,3.4580516815185547,3.305325746536255,3.5650007724761963,3.532219648361206,3.4167513847351074,3.6927947998046875,3.531752586364746,3.804032802581787,5.540608882904053,5.222670078277588,5.397119522094727,5.041017532348633,5.133303642272949,4.787255764007568,4.895580768585205,4.718135356903076,4.552974224090576,4.483774185180664,4.583602428436279,4.324607849121094,4.596642017364502,4.388210773468018,4.676945209503174
B3,2.225930690765381,2.0052988529205322,2.082412004470825,1.785918951034546,2.0298984050750732,1.908461332321167,2.1078741550445557,2.0794382095336914,2.199484348297119,2.4147250652313232,2.519443988800049,2.5597593784332275,2.7819972038269043,2.855898141860962,2.9747188091278076,0.6410253047943115,0.40063971281051636,0.0,0.38348543643951416,0.6035267114639282,0.8833487629890442,1.1775110960006714,1.3334003686904907,1.4032310247421265,1.4659634828567505,1.5931346416473389,1.8168209791183472,1.9984087944030762,2.23698091506958,2.5594441890716553,1.653252124786377,1.657917857170105,1.4338401556015015,1.3456653356552124,1.6456966400146484,1.656022310256958,1.866175651550293,1.7262797355651855,2.0779480934143066,1.9940845966339111,2.3604183197021484,2.3167710304260254,2.650330066680908,2.772789478302002,3.0269157886505127,3.779203176498413,3.7567083835601807,3.4814183712005615,3.25858473777771,3.405601978302002,3.122131824493408,3.2515804767608643,3.394641876220703,3.2168538570404053,3.4902565479278564,3.4669835567474365,3.3881304264068604,3.6622190475463867,3.514882802963257,3.8082833290100098,5.493265151977539,5.160391807556152,5.3158793449401855,4.950906276702881,5.014230728149414,4.663985729217529,4.742701530456543,4.556692600250244,4.364969253540039,4.273736476898193,4.3517279624938965,4.07331657409668,4.326054096221924,4.097610950469971,4.368899822235107
B4,2.1257970333099365,1.8575512170791626,1.9014637470245361,1.5668586492538452,1.7587186098098755,1.636802315711975,1.7981253862380981,1.7410831451416016,1.8873405456542969,2.082549810409546,2.210129499435425,2.2442452907562256,2.4946088790893555,2.57254958152771,2.7276036739349365,0.8808029294013977,0.6571370363235474,0.38348543643951416,0.0,0.3900149464607239,0.5844184160232544,0.8222918510437012,0.9513096213340759,1.0286846160888672,1.1242940425872803,1.291764259338379,1.514448881149292,1.7380256652832031,1.9754375219345093,2.309303045272827,1.690945029258728,1.6555486917495728,1.4193916320800781,1.2325860261917114,1.5154858827590942,1.4521173238754272,1.611962914466858,1.447365641593933,1.7878822088241577,1.7181615829467773,2.0781099796295166,2.0303685665130615,2.3839383125305176,2.4940977096557617,2.777475595474243,3.579998254776001,3.5419652462005615,3.2769205570220947,3.025486707687378,3.1646790504455566,2.8630483150482178,2.9615142345428467,3.0895934104919434,2.8902220726013184,3.154985189437866,3.1207547187805176,3.051114559173584,3.3170855045318604,3.1718170642852783,3.472836971282959,5.1400580406188965,4.803584575653076,4.957428932189941,4.592135906219482,4.649327278137207,4.302156925201416,4.3760762214660645,4.198197841644287,4.006499767303467,3.909034490585327,3.9973602294921875,3.7216289043426514,3.982511281967163,3.7657558917999268,4.044100761413574
B5,1.8849645853042603,1.609465479850769,1.715291142463684,1.4133089780807495,1.6245259046554565,1.5882102251052856,1.7754850387573242,1.7595571279525757,1.9723261594772339,2.1778788566589355,2.3640873432159424,2.417889356613159,2.7062902450561523,2.7999329566955566,2.993645429611206,1.2136558294296265,0.9290745258331299,0.6035267114639282,0.3900149464607239,0.0,0.38188207149505615,0.6756490468978882,0.9085877537727356,1.0970065593719482,1.2987942695617676,1.526637315750122,1.721901535987854,1.996375560760498,2.206667184829712,2.5556211471557617,1.7810332775115967,1.6616374254226685,1.3544071912765503,1.1330716609954834,1.3279973268508911,1.2234032154083252,1.4336620569229126,1.359239101409912,1.711042881011963,1.726285696029663,2.0968542098999023,2.112637758255005,2.475611448287964,2.6201882362365723,2.9249958992004395,3.5314531326293945,3.453295946121216,3.161297082901001,2.9013729095458984,2.996788263320923,2.6823391914367676,2.7885727882385254,2.954066276550293,2.7595627307891846,3.0530383586883545,3.059150218963623,3.0332446098327637,3.3179168701171875,3.2127678394317627,3.538109302520752,5.1038498878479,4.755133628845215,4.880547046661377,4.505989074707031,4.5416669845581055,4.183462619781494,4.238142967224121,4.033985137939453,3.822990655899048,3.727950096130371,3.783949375152588,3.4996886253356934,3.743605375289917,3.509129762649536,3.7831127643585205
B6,1.6689671277999878,1.3584990501403809,1.4091843366622925,1.0763695240020752,1.253199815750122,1.2206922769546509,1.4031237363815308,1.4069499969482422,1.642196774482727,1.8627673387527466,2.082476854324341,2.170746326446533,2.4802093505859375,2.6099295616149902,2.8363969326019287,1.446391224861145,1.2257378101348877,0.8833487629890442,0.5844184160232544,0.38188207149505615,0.0,0.36310461163520813,0.6842905879020691,0.8546560406684875,1.1144556999206543,1.411171555519104,1.634964942932129,1.924761414527893,2.1573681831359863,2.4945952892303467,2.0896010398864746,1.9622299671173096,1.6607340574264526,1.383458137512207,1.5347732305526733,1.3417805433273315,1.4884589910507202,1.405100703239441,1.7219781875610352,1.7636172771453857,2.1084506511688232,2.106384754180908,2.4866461753845215,2.5952463150024414,2.9299349784851074,3.6278903484344482,3.530057668685913,3.2507994174957275,2.957796096801758,3.03098201751709,2.6910741329193115,2.748469114303589,2.8974945545196533,2.6647181510925293,2.943673610687256,2.9304606914520264,2.9255638122558594,3.1853580474853516,3.076084613800049,3.405595302581787,4.943385601043701,4.587945938110352,4.708113670349121,4.333181858062744,4.346741676330566,3.995788335800171,4.025966167449951,3.834512948989868,3.6068809032440186,3.481977701187134,3.5379369258880615,3.2392067909240723,3.474804162979126,3.235649585723877,3.4960672855377197
B7,1.7854446172714233,1.439301609992981,1.4387850761413574,1.080501675605774,1.1406288146972656,1.116483211517334,1.2123812437057495,1.1609089374542236,1.4390350580215454,1.6131669282913208,1.8602086305618286,1.9311285018920898,2.2671468257904053,2.3917810916900635,2.6522605419158936,1.683325171470642,1.4713616371154785,1.1775110960006714,0.8222918510437012,0.6756490468978882,0.36310461163520813,0.0,0.3720698356628418,0.5985766649246216,0.9252046346664429,1.2505736351013184,1.4394516944885254,1.7612894773483276,1.9709303379058838,2.305089235305786,2.1743078231811523,2.03045654296875,1.7499457597732544,1.4191409349441528,1.5380356311798096,1.280808448791504,1.3397321701049805,1.2340179681777954,1.5055832862854004,1.5686737298965454,1.883134126663208,1.879503607749939,2.265484094619751,2.3581466674804688,2.7138571739196777,3.4495232105255127,3.3404746055603027,3.0799202919006348,2.7631235122680664,2.829957962036133,2.477787733078003,2.4962313175201416,2.622047185897827,2.366318464279175,2.6301801204681396,2.6032156944274902,2.608877182006836,2.85680890083313,2.75246000289917,3.087134599685669,4.597970008850098,4.240810871124268,4.360838890075684,3.9870615005493164,3.9971706867218018,3.650447130203247,3.6790337562561035,3.4985122680664062,3.2750484943389893,3.146052837371826,3.2193024158477783,2.927663803100586,3.178586006164551,2.9596245288848877,3.2339463233947754
B8,2.1271603107452393,1.7731798887252808,1.7323676347732544,1.3594441413879395,1.3342171907424927,1.2628587484359741,1.2521519660949707,1.090444803237915,1.353965163230896,1.4463820457458496,1.6694433689117432,1.6799169778823853,2.0201914310455322,2.1066043376922607,2.375481367111206,1.7452338933944702,1.5500646829605103,1.3334003686904907,0.9513096213340759,0.9085877537727356,0.6842905879020691,0.3720698356628418,0.0,0.352695107460022,0.6776940226554871,0.9750655293464661,1.1093379259109497,1.453783392906189,1.6337336301803589,1.9686745405197144,2.0947139263153076,1.9685630798339844,1.7415574789047241,1.3890091180801392,1.5295394659042358,1.2676794528961182,1.2264803647994995,1.0359361171722412,1.2612147331237793,1.2848725318908691,1.571109414100647,1.537192940711975,1.9242148399353027,1.9976372718811035,2.3594071865081787,3.2052104473114014,3.11419939994812,2.8840930461883545,2.5598132610321045,2.65700364112854,2.3118467330932617,2.3064639568328857,2.38965106010437,2.124492645263672,2.360710859298706,2.3018710613250732,2.279924154281616,2.5192782878875732,2.398240566253662,2.726881504058838,4.288750171661377,3.939445972442627,4.079444408416748,3.7119202613830566,3.744509696960449,3.404733419418335,3.458935499191284,3.3001229763031006,3.1053380966186523,2.9903016090393066,3.104703664779663,2.839165687561035,3.1222124099731445,2.9433846473693848,3.242182970046997
B9,2.227429151535034,1.8826966285705566,1.7725776433944702,1.3797712326049805,1.3196051120758057,1.1540710926055908,1.0942374467849731,0.8772625923156738,1.0718272924423218,1.1580525636672974,1.3448060750961304,1.3619555234909058,1.690446376800537,1.7957329750061035,2.0591588020324707,1.7172679901123047,1.5972473621368408,1.4032310247421265,1.0286846160888672,1.0970065593719482,0.8546560406684875,0.5985766649246216,0.352695107460022,0.0,0.3599123954772949,0.7087041139602661,0.9163269996643066,1.221003532409668,1.4561030864715576,1.762598991394043,2.247076988220215,2.173835515975952,1.9834295511245728,1.6516495943069458,1.8368990421295166,1.5984610319137573,1.5350548028945923,1.2919732332229614,1.482054352760315,1.4368650913238525,1.6849011182785034,1.5723649263381958,1.9514497518539429,1.9595584869384766,2.316710948944092,3.387214183807373,3.321324586868286,3.1196343898773193,2.794626474380493,2.9143645763397217,2.5758211612701416,2.5446815490722656,2.58705997467041,2.304028034210205,2.4981791973114014,2.3874855041503906,2.334334373474121,2.5317931175231934,2.363900661468506,2.6664698123931885,4.306371212005615,3.9663214683532715,4.129357814788818,3.7732160091400146,3.8109872341156006,3.490017890930176,3.544875383377075,3.4208271503448486,3.234854221343994,3.098407745361328,3.2389917373657227,2.97464919090271,3.259641647338867,3.093040704727173,3.3781931400299072
B10,2.5049185752868652,2.174025774002075,2.0351550579071045,1.6380703449249268,1.5756720304489136,1.3427276611328125,1.250051498413086,0.9858387112617493,1.0566014051437378,1.09458589553833,1.1786189079284668,1.1448297500610352,1.429599404335022,1.5082579851150513,1.73830246925354,1.6429580450057983,1.590281367301941,1.4659634828567505,1.1242940425872803,1.2987942695617676,1.1144556999206543,0.9252046346664429,0.6776940226554871,0.3599123954772949,0.0,0.37164390087127686,0.6566725969314575,0.9013375043869019,1.1848849058151245,1.4694664478302002,2.2448551654815674,2.2304675579071045,2.094080686569214,1.7925612926483154,2.0294106006622314,1.8333560228347778,1.7497187852859497,1.4491339921951294,1.6148511171340942,1.4852709770202637,1.7011492252349854,1.5136836767196655,1.870297908782959,1.8269116878509521,2.1598422527313232,3.435429096221924,3.4082388877868652,3.2355785369873047,2.9241390228271484,3.083057165145874,2.764526605606079,2.7303686141967773,2.735511302947998,2.45794677734375,2.6157279014587402,2.4630682468414307,2.359614372253418,2.529216766357422,2.3148539066314697,2.582937717437744,4.3230390548706055,3.9999029636383057,4.192716598510742,3.8510196208953857,3.913249969482422,3.6087558269500732,3.685764789581299,3.5911171436309814,3.4310755729675293,3.298732042312622,3.4702653884887695,3.2228493690490723,3.5200347900390625,3.3753504753112793,3.661608934402466
B11,2.8624680042266846,2.536222457885742,2.3987278938293457,2.0014030933380127,1.9408892393112183,1.6909945011138916,1.5782320499420166,1.2873504161834717,1.2887539863586426,1.2547340393066406,1.2343835830688477,1.102803111076355,1.3186476230621338,1.315299153327942,1.4945826530456543,1.6394078731536865,1.6273257732391357,1.5931346416473389,1.291764259338379,1.526637315750122,1.411171555519104,1.2505736351013184,0.9750655293464661,0.7087041139602661,0.37164390087127686,0.0,0.3703564703464508,0.5401479005813599,0.8514348864555359,1.1294230222702026,2.1618545055389404,2.199265956878662,2.127885103225708,1.8585646152496338,2.1320204734802246,1.9808577299118042,1.8687187433242798,1.5205007791519165,1.6517019271850586,1.4411344528198242,1.6163930892944336,1.3643242120742798,1.6843806505203247,1.6024843454360962,1.900765061378479,3.341186761856079,3.3552405834198,3.2135558128356934,2.922731399536133,3.123870849609375,2.8335533142089844,2.804563522338867,2.7752978801727295,2.5170559883117676,2.642997980117798,2.460913896560669,2.3039591312408447,2.4580302238464355,2.208696126937866,2.4419384002685547,4.269283294677734,3.9659438133239746,4.186891555786133,3.8601057529449463,3.9557719230651855,3.6641762256622314,3.7743778228759766,3.7010796070098877,3.575368642807007,3.4645121097564697,3.6658825874328613,3.444681406021118,3.760335922241211,3.6429097652435303,3.942394495010376
B12,3.135429859161377,2.7957212924957275,2.6752572059631348,2.2795817852020264,2.1941821575164795,1.976641297340393,1.8301804065704346,1.508895754814148,1.5373995304107666,1.4272761344909668,1.3985220193862915,1.1806963682174683,1.3848168849945068,1.2901020050048828,1.4722574949264526,1.8530186414718628,1.8081635236740112,1.8168209791183472,1.514448881149292,1.721901535987854,1.634964942932129,1.4394516944885254,1.1093379259109497,0.9163269996643066,0.6566725969314575,0.3703564703464508,0.0,0.37849491834640503,0.5412179827690125,0.8664708733558655,2.087980031967163,2.1228737831115723,2.0974814891815186,1.8279603719711304,2.085662364959717,1.9452316761016846,1.7744619846343994,1.4005521535873413,1.4626423120498657,1.2098252773284912,1.3229551315307617,1.0326577425003052,1.3307727575302124,1.232669711112976,1.5335698127746582,3.0330355167388916,3.064157724380493,2.9515326023101807,2.668511152267456,2.8933916091918945,2.6260852813720703,2.5891523361206055,2.5272743701934814,2.285553216934204,2.3848228454589844,2.1879451274871826,1.9979346990585327,2.152634859085083,1.8971269130706787,2.1224324703216553,3.977464437484741,3.684692621231079,3.9184491634368896,3.5995922088623047,3.722111225128174,3.435687303543091,3.576570987701416,3.5128495693206787,3.4201152324676514,3.339890480041504,3.565542459487915,3.3765337467193604,3.71325945854187,3.6289312839508057,3.9504997730255127
B13,3.4018852710723877,3.0740811824798584,2.929936408996582,2.5338051319122314,2.450450897216797,2.1932194232940674,2.038663625717163,1.7151665687561035,1.6625880002975464,1.5315355062484741,1.4049321413040161,1.1468538045883179,1.2446422576904297,1.089609146118164,1.1868367195129395,1.9180012941360474,1.9426298141479492,1.9984087944030762,1.7380256652832031,1.996375560760498,1.924761414527893,1.7612894773483276,1.453783392906189,1.221003532409668,0.9013375043869019,0.5401479005813599,0.37849491834640503,0.0,0.3836299479007721,0.6044574975967407,2.2399792671203613,2.332120418548584,2.3483545780181885,2.116143226623535,2.4024415016174316,2.2916793823242188,2.127749443054199,1.74541437625885,1.7968735694885254,1.5073491334915161,1.5790433883666992,1.2432286739349365,1.466103196144104,1.2970044612884521,1.5278695821762085,3.224898099899292,3.2930755615234375,3.209303140640259,2.945873975753784,3.19508957862854,2.947953701019287,2.9084506034851074,2.8203186988830566,2.5877368450164795,2.6525044441223145,2.424091339111328,2.1972007751464844,2.308774471282959,2.0121428966522217,2.179549217224121,4.095564842224121,3.8253555297851562,4.084963798522949,3.786447048187256,3.926405906677246,3.662081480026245,3.815228223800659,3.779942035675049,3.7056143283843994,3.6227076053619385,3.8671011924743652,3.6875336170196533,4.0256147384643555,3.9528136253356934,4.267455577850342
