,A1,A2,A3,A4,A5,A6,A7,A8,A9,A10,A11,A12,A13,A14,A15,B1,B2,B3,B4,B5,B6,B7,B8,B9,B10,B11,B12,B13,B14,B15,C1,C2,C3,C4,C5,C6,C7,C8,C9,C10,C11,C12,C13,C14,C15,D1,D2,D3,D4,D5,D6,D7,D8,D9,D10,D11,D12,D13,D14,D15,E1,E2,E3,E4,E5,E6,E7,E8,E9,E10,E11,E12,E13,E14,E15
A1,0.0,0.38639819622039795,0.6370717287063599,0.9276828765869141,1.2440241575241089,1.5174890756607056,1.8510324954986572,2.1081743240356445,2.4177067279815674,2.5812389850616455,2.9494597911834717,3.1171841621398926,3.510531425476074,3.837981700897217,4.215901851654053,6.025691032409668,5.6506266593933105,5.61066198348999,5.211527347564697,4.998169422149658,4.649113655090332,4.341437816619873,4.023760795593262,3.6906681060791016,3.431210517883301,3.503741502761841,3.4536986351013184,3.716942310333252,3.8308069705963135,4.189337253570557,6.022524833679199,5.683018684387207,5.662983417510986,5.281195640563965,5.071864128112793,4.725884437561035,4.429920673370361,4.102818965911865,3.823615789413452,3.689793825149536,3.4613125324249268,3.563822031021118,3.6548011302948,3.7156548500061035,4.018557548522949,6.05421781539917,5.713827133178711,5.743294715881348,5.397420406341553,5.239623069763184,4.8649001121521,4.668047904968262,4.3125319480896,3.9861910343170166,3.9222867488861084,3.668938398361206,3.8657772541046143,3.717594861984253,4.031861782073975,4.117358207702637,6.404383182525635,6.1383843421936035,6.222068786621094,5.834185600280762,5.748619079589844,5.41372013092041,5.112811088562012,4.742671966552734,4.51153039932251,4.159026622772217,3.9253666400909424,3.55712890625,3.37823224067688,2.9959261417388916,2.8756089210510254
A2,0.38639819622039795,0.0,0.39628657698631287,0.5715092420578003,0.9222431778907776,1.1611080169677734,1.5057815313339233,1.7486858367919922,2.058246374130249,2.204590320587158,2.5787346363067627,2.737854242324829,3.131364583969116,3.460162401199341,3.839884042739868,5.731583118438721,5.362943172454834,5.3402533531188965,4.942842960357666,4.747198581695557,4.3930840492248535,4.098495006561279,3.771578550338745,3.4310834407806396,3.1503467559814453,3.195430278778076,3.12711238861084,3.3754096031188965,3.4804158210754395,3.833378553390503,5.7382493019104,5.407772541046143,5.407288074493408,5.029936790466309,4.839931488037109,4.493402004241943,4.208296298980713,3.8774588108062744,3.579685926437378,3.4373910427093506,3.1850810050964355,3.274732828140259,3.339006185531616,3.392871141433716,3.690831422805786,5.787917613983154,5.459122180938721,5.510161399841309,5.170324325561523,5.034795761108398,4.663328170776367,4.483686447143555,4.131721496582031,3.791182518005371,3.731694221496582,3.457317352294922,3.6446454524993896,3.477039337158203,3.777888059616089,3.8473081588745117,6.176481246948242,5.924564361572266,6.0210089683532715,5.6380720138549805,5.575931072235107,5.254218101501465,4.9658203125,4.605442047119141,4.385941028594971,4.046638011932373,3.8170711994171143,3.461486339569092,3.305860757827759,2.931234121322632,2.8565940856933594
A3,0.6370717287063599,0.39628657698631287,0.0,0.38442355394363403,0.6209417581558228,0.9310275912284851,1.2411723136901855,1.509397268295288,1.8182495832443237,2.0175700187683105,2.3666579723358154,2.569823741912842,2.958805561065674,3.2937159538269043,3.6597328186035156,5.448133945465088,5.074851989746094,5.0380754470825195,4.638542175292969,4.431854724884033,4.07328462600708,3.77567195892334,3.443955421447754,3.1083147525787354,2.83880615234375,2.8990426063537598,2.865274667739868,3.1209349632263184,3.2613980770111084,3.614337682723999,5.437369346618652,5.1025471687316895,5.093501091003418,4.712336540222168,4.522342205047607,4.167109489440918,3.8876869678497314,3.5678179264068604,3.269087076187134,3.1533427238464355,2.9057981967926025,3.0290744304656982,3.103599786758423,3.1955313682556152,3.5150299072265625,5.495319843292236,5.162303447723389,5.2061238288879395,4.857118129730225,4.724772930145264,4.346490383148193,4.180171012878418,3.839383363723755,3.5065066814422607,3.476189136505127,3.216763734817505,3.4314346313476562,3.2915735244750977,3.6026079654693604,3.6998672485351562,5.892961025238037,5.632742404937744,5.713202476501465,5.323934078216553,5.255189418792725,4.929901123046875,4.6337809562683105,4.274468898773193,4.04199743270874,3.7077207565307617,3.462965488433838,3.116190195083618,2.9501378536224365,2.5829501152038574,2.5138957500457764
A4,0.9276828765869141,0.5715092420578003,0.38442355394363403,0.0,0.39073610305786133,0.5927842259407043,0.9346777200698853,1.1873888969421387,1.4911860227584839,1.660792350769043,2.022932529449463,2.205166816711426,2.596646308898926,2.9302916526794434,3.302159547805786,5.201296329498291,4.836822986602783,4.823766708374023,4.42770528793335,4.2452850341796875,3.884143352508545,3.60364031791687,3.265078067779541,2.920619487762451,2.623143196105957,2.6459693908691406,2.578918218612671,2.816663980484009,2.936192035675049,3.2843446731567383,5.207501411437988,4.884262561798096,4.899470806121826,4.525584697723389,4.357448577880859,4.006599426269531,3.7384941577911377,3.411882162094116,3.0937533378601074,2.9590799808502197,2.683157444000244,2.779859781265259,2.8202860355377197,2.8935387134552,3.2015678882598877,5.280869960784912,4.962484359741211,5.032407283782959,4.694674491882324,4.586410999298096,4.216241359710693,4.065373420715332,3.72690486907959,3.3774266242980957,3.3427369594573975,3.056323528289795,3.2498466968536377,3.080897092819214,3.3716020584106445,3.44316029548645,5.715613842010498,5.47441291809082,5.574680328369141,5.194607734680176,5.154908657073975,4.847435474395752,4.570456027984619,4.224340915679932,4.0130462646484375,3.695265293121338,3.465465545654297,3.1346027851104736,3.00524640083313,2.651700258255005,2.6386682987213135
A5,1.2440241575241089,0.9222431778907776,0.6209417581558228,0.39073610305786133,0.0,0.40087977051734924,0.6567214727401733,0.8993255496025085,1.2209644317626953,1.438105583190918,1.771479845046997,2.0057313442230225,2.386766195297241,2.732170343399048,3.0870749950408936,4.946872234344482,4.582619667053223,4.564332962036133,4.168069839477539,3.9844014644622803,3.614504814147949,3.341438055038452,2.9902548789978027,2.649726152420044,2.351916551589966,2.366950035095215,2.3326468467712402,2.55812406539917,2.717043399810791,3.0542752742767334,4.937439918518066,4.616451263427734,4.634736061096191,4.260031700134277,4.106297016143799,3.7444283962249756,3.4938080310821533,3.183069944381714,2.8532638549804688,2.7512001991271973,2.4655556678771973,2.5953309535980225,2.6227822303771973,2.7365424633026123,3.0610780715942383,5.036072731018066,4.721461296081543,4.7958292961120605,4.451079368591309,4.360941410064697,3.9857702255249023,3.863236665725708,3.5442724227905273,3.2010514736175537,3.205230236053467,2.9294815063476562,3.1457479000091553,2.9987783432006836,3.2871861457824707,3.376333475112915,5.505561828613281,5.262966632843018,5.349466800689697,4.965352535247803,4.928884029388428,4.624438762664795,4.344233512878418,4.006398677825928,3.7832224369049072,3.4812891483306885,3.232834815979004,2.9252684116363525,2.7890639305114746,2.4578959941864014,2.463477849960327
A6,1.5174890756607056,1.1611080169677734,0.9310275912284851,0.5927842259407043,0.40087977051734924,0.0,0.35600003600120544,0.6318170428276062,0.9013678431510925,1.099878191947937,1.44229257106781,1.6454137563705444,2.0319809913635254,2.3664443492889404,2.72932505607605,4.657845973968506,4.301437854766846,4.306528568267822,3.914858102798462,3.7559545040130615,3.389808416366577,3.132734775543213,2.783749580383301,2.435600757598877,2.111665964126587,2.0933609008789062,2.0134689807891846,2.2328879833221436,2.360308885574341,2.7017693519592285,4.670248031616211,4.358980178833008,4.398115158081055,4.032309055328369,3.8945577144622803,3.544633150100708,3.30012583732605,2.9786932468414307,2.6363775730133057,2.503258466720581,2.1944148540496826,2.2863118648529053,2.2865288257598877,2.3745226860046387,2.6871750354766846,4.770291805267334,4.468391418457031,4.5657172203063965,4.236671447753906,4.164309024810791,3.8022682666778564,3.686504602432251,3.366560220718384,3.00744366645813,2.9963324069976807,2.6934189796447754,2.8810532093048096,2.7039523124694824,2.9710915088653564,3.0354506969451904,5.259346008300781,5.036490440368652,5.147702217102051,4.776330471038818,4.769329071044922,4.484841346740723,4.229394912719727,3.906151056289673,3.715313673019409,3.4298768043518066,3.212425708770752,2.919503927230835,2.835986375808716,2.520768880844116,2.5886363983154297
A7,1.8510324954986572,1.5057815313339233,1.2411723136901855,0.9346777200698853,0.6567214727401733,0.35600003600120544,0.0,0.38056251406669617,0.5866477489471436,0.8624231815338135,1.1529821157455444,1.4023056030273438,1.7734673023223877,2.108161211013794,2.453423023223877,4.3372015953063965,3.982931137084961,3.9902279376983643,3.6002585887908936,3.4485433101654053,3.0777337551116943,2.833289623260498,2.4763646125793457,2.1303629875183105,1.7974594831466675,1.760313868522644,1.6960862874984741,1.9066063165664673,2.06276535987854,2.397808313369751,4.343545436859131,4.036571979522705,4.0839762687683105,3.7209553718566895,3.6001341342926025,3.24690842628479,3.019937753677368,2.709743022918701,2.3550477027893066,2.240250825881958,1.9169198274612427,2.0262038707733154,2.0071587562561035,2.127390146255493,2.4514236450195312,4.462170124053955,4.167172431945801,4.274839401245117,3.9462993144989014,3.89473819732666,3.534973382949829,3.445585250854492,3.1439647674560547,2.7876462936401367,2.8050098419189453,2.5061066150665283,2.702106475830078,2.5387163162231445,2.7942302227020264,2.8685500621795654,4.98272705078125,4.7653656005859375,4.873624324798584,4.50441837310791,4.510472297668457,4.2368597984313965,3.9896321296691895,3.680691719055176,3.495145559310913,3.231876850128174,3.0156149864196777,2.7518773078918457,2.688556671142578,2.4049973487854004,2.5144572257995605
A8,2.1081743240356445,1.7486858367919922,1.509397268295288,1.1873888969421387,0.8993255496025085,0.6318170428276062,0.38056251406669617,0.0,0.38619181513786316,0.5830470323562622,0.8875432014465332,1.159085988998413,1.5208042860031128,1.8800814151763916,2.2208123207092285,4.290371894836426,3.9525272846221924,3.9842684268951416,3.604435443878174,3.481971263885498,3.1070494651794434,2.8962361812591553,2.529853105545044,2.193753957748413,1.842360258102417,1.7324432134628296,1.6516841650009155,1.7887858152389526,1.9458962678909302,2.244107484817505,4.301914691925049,4.015889644622803,4.09425687789917,3.7439863681793213,3.662562370300293,3.3100340366363525,3.1173737049102783,2.826017379760742,2.4552178382873535,2.356017827987671,2.006463050842285,2.102473258972168,2.0145347118377686,2.1322247982025146,2.43485164642334,4.464958667755127,4.193978786468506,4.331135272979736,4.011959075927734,3.998897075653076,3.64865779876709,3.596824884414673,3.3193299770355225,2.966214895248413,3.004642963409424,2.7010843753814697,2.8819735050201416,2.7061355113983154,2.9273064136505127,2.9746267795562744,5.0492472648620605,4.850850582122803,4.963321208953857,4.602834224700928,4.633082866668701,4.377959728240967,4.143667697906494,3.8548500537872314,3.6733176708221436,3.43674373626709,3.215088367462158,2.983954906463623,2.9237468242645264,2.668910503387451,2.7888195514678955
A9,2.4177067279815674,2.058246374130249,1.8182495832443237,1.4911860227584839,1.2209644317626953,0.9013678431510925,0.5866477489471436,0.38619181513786316,0.0,0.3826051354408264,0.5715622901916504,0.8641912341117859,1.2108327150344849,1.551633358001709,1.883414387702942,3.9222662448883057,3.5895235538482666,3.6355996131896973,3.2610881328582764,3.158618688583374,2.7891921997070312,2.5976996421813965,2.2376766204833984,1.9052164554595947,1.5388662815093994,1.3904008865356445,1.2790223360061646,1.4082781076431274,1.5608999729156494,1.8646130561828613,3.945512056350708,3.6665027141571045,3.759382724761963,3.4180550575256348,3.3531486988067627,3.0126302242279053,2.8333816528320312,2.544252395629883,2.167558431625366,2.0567450523376465,1.6922175884246826,1.766647458076477,1.6476569175720215,1.7691800594329834,2.0702812671661377,4.110954284667969,3.850520610809326,4.004627704620361,3.6986210346221924,3.7046871185302734,3.3687005043029785,3.33240008354187,3.066845417022705,2.711775779724121,2.7532734870910645,2.4425132274627686,2.6050002574920654,2.4241466522216797,2.620668649673462,2.6611404418945312,4.712925910949707,4.529565334320068,4.656630039215088,4.307880401611328,4.362481117248535,4.127481937408447,3.916696071624756,3.6474609375,3.4952943325042725,3.2831220626831055,3.091294050216675,2.8869588375091553,2.875356674194336,2.650623321533203,2.82393217086792
A10,2.5812389850616455,2.204590320587158,2.0175700187683105,1.660792350769043,1.438105583190918,1.099878191947937,0.8624231815338135,0.5830470323562622,0.3826051354408264,0.0,0.40415656566619873,0.5846245288848877,0.9575017094612122,1.3188958168029785,1.6761993169784546,3.9913482666015625,3.681164503097534,3.764385938644409,3.4059019088745117,3.3423500061035156,2.9833452701568604,2.824479818344116,2.475065231323242,2.154690980911255,1.7796095609664917,1.5691649913787842,1.3893108367919922,1.4370505809783936,1.5166887044906616,1.7837146520614624,4.041446685791016,3.787710189819336,3.9146602153778076,3.592897415161133,3.558819055557251,3.2357723712921143,3.0768425464630127,2.791943311691284,2.4142062664031982,2.281576156616211,1.9046388864517212,1.9188090562820435,1.7340326309204102,1.7936010360717773,2.04314923286438,4.228944778442383,3.9955098628997803,4.180856227874756,3.8969171047210693,3.9293558597564697,3.6123788356781006,3.5891337394714355,3.3307392597198486,2.971564531326294,2.996239423751831,2.666990041732788,2.7877776622772217,2.5681071281433105,2.723977565765381,2.711909294128418,4.867950439453125,4.711310863494873,4.860365390777588,4.528641700744629,4.611161708831787,4.396993637084961,4.207212448120117,3.9534716606140137,3.8207497596740723,3.6221065521240234,3.4442670345306396,3.249509572982788,3.2505221366882324,3.0293772220611572,3.205573081970215
A11,2.9494597911834717,2.5787346363067627,2.3666579723358154,2.022932529449463,1.771479845046997,1.44229257106781,1.1529821157455444,0.8875432014465332,0.5715622901916504,0.40415656566619873,0.0,0.3879376947879791,0.661844789981842,1.016955018043518,1.3372125625610352,3.6369147300720215,3.3382880687713623,3.4357259273529053,3.0893149375915527,3.051018238067627,2.6980397701263428,2.574737548828125,2.23319673538208,1.93806791305542,1.5694267749786377,1.2994403839111328,1.1151059865951538,1.0869262218475342,1.1887469291687012,1.4225431680679321,3.687523365020752,3.44893479347229,3.5963656902313232,3.289259910583496,3.2882449626922607,2.975468158721924,2.8511970043182373,2.592020034790039,2.214456081390381,2.1036651134490967,1.7249187231063843,1.7352837324142456,1.4982250928878784,1.5856196880340576,1.8229386806488037,3.902421474456787,3.688145875930786,3.894186496734619,3.622619390487671,3.6889190673828125,3.3884267807006836,3.402036428451538,3.1755011081695557,2.8310413360595703,2.8832385540008545,2.567830801010132,2.680027484893799,2.477531909942627,2.5996270179748535,2.5887088775634766,4.5842604637146,4.4435343742370605,4.594568252563477,4.275007247924805,4.38125467300415,4.190394401550293,4.021777629852295,3.7956554889678955,3.681497097015381,3.5184109210968018,3.356157064437866,3.2034599781036377,3.2344934940338135,3.0558156967163086,3.268904447555542
A12,3.1171841621398926,2.737854242324829,2.569823741912842,2.205166816711426,2.0057313442230225,1.6454137563705444,1.4023056030273438,1.159085988998413,0.8641912341117859,0.5846245288848877,0.3879376947879791,0.0,0.39390087127685547,0.7398849725723267,1.1128789186477661,3.632747173309326,3.3557546138763428,3.48994517326355,3.1616311073303223,3.1607465744018555,2.8297927379608154,2.731299638748169,2.4160373210906982,2.1327128410339355,1.7669464349746704,1.473781943321228,1.206883192062378,1.1305460929870605,1.0981956720352173,1.3061283826828003,3.7210962772369385,3.504364490509033,3.678265333175659,3.392702341079712,3.4084901809692383,3.1245903968811035,3.0066723823547363,2.7417306900024414,2.375530481338501,2.222059965133667,1.8458081483840942,1.7772462368011475,1.494723916053772,1.4908745288848877,1.6626890897750854,3.9303553104400635,3.7391440868377686,3.970313310623169,3.727369785308838,3.806668281555176,3.5307233333587646,3.5400359630584717,3.311537504196167,2.961015462875366,2.9785845279693604,2.6424059867858887,2.7022042274475098,2.4568169116973877,2.5355358123779297,2.468311309814453,4.617927551269531,4.505099773406982,4.687369346618652,4.389286994934082,4.523092746734619,4.353890419006348,4.211934566497803,3.999112129211426,3.9167349338531494,3.7612721920013428,3.629244804382324,3.476405620574951,3.5350661277770996,3.3532016277313232,3.579551935195923
A13,3.510531425476074,3.131364583969116,2.958805561065674,2.596646308898926,2.386766195297241,2.0319809913635254,1.7734673023223877,1.5208042860031128,1.2108327150344849,0.9575017094612122,0.661844789981842,0.39390087127685547,0.0,0.3797942101955414,0.7304865121841431,3.4078269004821777,3.159975528717041,3.326565980911255,3.025590181350708,3.0686326026916504,2.758558750152588,2.7099316120147705,2.4192607402801514,2.175659656524658,1.8355764150619507,1.4968358278274536,1.222503900527954,1.0266562700271606,0.9384539723396301,1.038509488105774,3.512032985687256,3.327558755874634,3.535698413848877,3.279606580734253,3.3395118713378906,3.080444812774658,3.004089832305908,2.770050048828125,2.417771816253662,2.278995990753174,1.9184319972991943,1.8233702182769775,1.484459638595581,1.4664987325668335,1.5734853744506836,3.7547454833984375,3.5988030433654785,3.8611364364624023,3.6447362899780273,3.7644505500793457,3.5167675018310547,3.5620858669281006,3.3673081398010254,3.035374641418457,3.067613124847412,2.744947671890259,2.778677463531494,2.5396711826324463,2.5675644874572754,2.477745771408081,4.491205215454102,4.407464981079102,4.60051155090332,4.3250298500061035,4.4905595779418945,4.352531433105469,4.239157199859619,4.0580735206604,3.999372720718384,3.878692626953125,3.7651925086975098,3.6486597061157227,3.73149037361145,3.582303524017334,3.83186411857605
A14,3.837981700897217,3.460162401199341,3.2937159538269043,2.9302916526794434,2.732170343399048,2.3664443492889404,2.108161211013794,1.8800814151763916,1.551633358001709,1.3188958168029785,1.016955018043518,0.7398849725723267,0.3797942101955414,0.0,0.3977252244949341,3.182626724243164,2.963075876235962,3.1642911434173584,2.8922722339630127,2.9788413047790527,2.7009849548339844,2.6933562755584717,2.441545248031616,2.23403000831604,1.9248013496398926,1.5739811658859253,1.275420069694519,1.019530177116394,0.8154847621917725,0.8077434301376343,3.317317008972168,3.161590814590454,3.3974664211273193,3.1725308895111084,3.261653423309326,3.039053201675415,2.988375425338745,2.772441864013672,2.4451963901519775,2.2948758602142334,1.9610941410064697,1.8144521713256836,1.4405423402786255,1.3701483011245728,1.3916105031967163,3.5635786056518555,3.438985586166382,3.7276487350463867,3.545114040374756,3.6906588077545166,3.47678542137146,3.537813663482666,3.364560604095459,3.046856641769409,3.0698163509368896,2.753632068634033,2.744965076446533,2.4995574951171875,2.4725427627563477,2.348604440689087,4.316426753997803,4.263914108276367,4.479803562164307,4.231482028961182,4.428579807281494,4.3217926025390625,4.242171287536621,4.088901519775391,4.06552791595459,3.9710023403167725,3.8908262252807617,3.797328233718872,3.9146814346313477,3.786813259124756,4.061634540557861
A15,4.215901851654053,3.839884042739868,3.6597328186035156,3.302159547805786,3.0870749950408936,2.72932505607605,2.453423023223877,2.2208123207092285,1.883414387702942,1.6761993169784546,1.3372125625610352,1.1128789186477661,0.7304865121841431,0.3977252244949341,0.0,2.9374608993530273,2.753709077835083,2.9841432571411133,2.748263359069824,2.87853741645813,2.630291223526001,2.675485134124756,2.4572324752807617,2.2997260093688965,2.0337510108947754,1.6699663400650024,1.4089288711547852,1.0794082880020142,0.8702877759933472,0.673672080039978,3.083158016204834,2.965315341949463,3.2331552505493164,3.0440075397491455,3.1791083812713623,2.985987424850464,2.981628179550171,2.806663990020752,2.5046627521514893,2.3831419944763184,2.082312822341919,1.9331145286560059,1.5420533418655396,1.4861536026000977,1.4481110572814941,3.366556167602539,3.2815780639648438,3.5972821712493896,3.443521499633789,3.6298370361328125,3.447486639022827,3.54738450050354,3.4144959449768066,3.12522029876709,3.169903039932251,2.88071346282959,2.8574090003967285,2.637500524520874,2.5693678855895996,2.442500114440918,4.166188716888428,4.142077922821045,4.361742973327637,4.138108253479004,4.363236427307129,4.28849983215332,4.236782550811768,4.117630481719971,4.115034103393555,4.056859493255615,3.9930388927459717,3.937311887741089,4.073675155639648,3.979783058166504,4.272564888000488
B1,6.025691032409668,5.731583118438721,5.448133945465088,5.201296329498291,4.946872234344482,4.657845973968506,4.3372015953063965,4.290371894836426,3.9222662448883057,3.9913482666015625,3.6369147300720215,3.632747173309326,3.4078269004821777,3.182626724243164,2.9374608993530273,0.0,0.3999563157558441,0.670210599899292,0.9775229096412659,1.3449643850326538,1.593335747718811,1.9343661069869995,2.1777219772338867,2.436624526977539,2.633674144744873,2.5902042388916016,2.665433645248413,2.5552334785461426,2.559828996658325,2.384082078933716,0.3668966293334961,0.6008411049842834,0.9274581670761108,1.1775767803192139,1.5237001180648804,1.752240777015686,2.0299201011657715,2.2232627868652344,2.341603994369507,2.430047035217285,2.5789170265197754,2.5242116451263428,2.4681179523468018,2.5838871002197266,2.4995996952056885,0.6250876784324646,0.8852429389953613,1.2736915349960327,1.4491322040557861,1.8334599733352661,2.0079092979431152,2.3049802780151367,2.5181922912597656,2.5811333656311035,2.7402095794677734,2.802133083343506,2.735332727432251,2.8646812438964844,2.6747853755950928,2.765495777130127,1.5611066818237305,1.7013193368911743,1.915815830230713,1.9285647869110107,2.316464900970459,2.510343074798584,2.719702959060669,2.891230344772339,3.118650436401367,3.32926344871521,3.49815034866333,3.697622776031494,4.0150957107543945,4.170679569244385,4.566709041595459
B2,5.6506266593933105,5.362943172454834,5.074851989746094,4.836822986602783,4.582619667053223,4.301437854766846,3.982931137084961,3.9525272846221924,3.5895235538482666,3.681164503097534,3.3382880687713623,3.3557546138763428,3.159975528717041,2.963075876235962,2.753709077835083,0.3999563157558441,0.0,0.378714382648468,0.5918794274330139,0.968385636806488,1.2016785144805908,1.5379157066345215,1.7839550971984863,2.0454249382019043,2.254798173904419,2.2355759143829346,2.3298988342285156,2.2539751529693604,2.286759614944458,2.1556527614593506,0.4569910168647766,0.3596853017807007,0.6942585706710815,0.841925323009491,1.176155924797058,1.3747977018356323,1.6409814357757568,1.8259282112121582,1.9428272247314453,2.0398948192596436,2.1993155479431152,2.165229558944702,2.1357901096343994,2.2820675373077393,2.239926815032959,0.6258280277252197,0.6789904832839966,1.0774773359298706,1.1630580425262451,1.535865068435669,1.662089467048645,1.9547820091247559,2.149729013442993,2.1980984210968018,2.370718479156494,2.4316539764404297,2.3897085189819336,2.5328614711761475,2.373687267303467,2.4975130558013916,1.5482615232467651,1.598397135734558,1.8048332929611206,1.736228108406067,2.097900152206421,2.242398977279663,2.416997194290161,2.556187152862549,2.76937198638916,2.9615321159362793,3.1228713989257812,3.310396432876587,3.62739896774292,3.775596857070923,4.172385215759277
B3,5.61066198348999,5.3402533531188965,5.0380754470825195,4.823766708374023,4.564332962036133,4.306528568267822,3.9902279376983643,3.9842684268951416,3.6355996131896973,3.764385938644409,3.4357259273529053,3.48994517326355,3.326565980911255,3.1642911434173584,2.9841432571411133,0.670210599899292,0.378714382648468,0.0,0.4013907313346863,0.7101805210113525,1.0221174955368042,1.3562995195388794,1.6518582105636597,1.9521465301513672,2.213428020477295,2.251868724822998,2.3960049152374268,2.3665390014648438,2.4470067024230957,2.3608717918395996,0.5154469609260559,0.1709306389093399,0.3202165365219116,0.5126158595085144,0.8607514500617981,1.1103345155715942,1.4076626300811768,1.6502881050109863,1.822291374206543,1.967119812965393,2.1734538078308105,2.1905951499938965,2.2196571826934814,2.4067585468292236,2.4138290882110596,0.5236796736717224,0.4099693298339844,0.7576867341995239,0.8142381310462952,1.2094776630401611,1.3563590049743652,1.6810994148254395,1.9220114946365356,2.0221829414367676,2.2298688888549805,2.3435094356536865,2.34089732170105,2.537066698074341,2.418647527694702,2.5952205657958984,1.3635096549987793,1.340130090713501,1.4931225776672363,1.3900827169418335,1.7395262718200684,1.8850849866867065,2.0653719902038574,2.2275164127349854,2.4494268894195557,2.6679270267486572,2.8440802097320557,3.059299945831299,3.382801055908203,3.559255599975586,3.9546921253204346
B4,5.211527347564697,4.942842960357666,4.638542175292969,4.42770528793335,4.168069839477539,3.914858102798462,3.6002585887908936,3.604435443878174,3.2610881328582764,3.4059019088745117,3.0893149375915527,3.1616311073303223,3.025590181350708,2.8922722339630127,2.748263359069824,0.9775229096412659,0.5918794274330139,0.4013907313346863,0.0,0.3805982172489166,0.63545161485672,0.9698153138160706,1.2552772760391235,1.5515459775924683,1.8169094324111938,1.8734244108200073,2.0338568687438965,2.0360605716705322,2.14448618888855,2.103121042251587,0.8675025105476379,0.4920462965965271,0.5259525179862976,0.35040608048439026,0.6389558911323547,0.7839096188545227,1.0599888563156128,1.2767456769943237,1.4256327152252197,1.5804730653762817,1.7837880849838257,1.8255475759506226,1.873262643814087,2.0919058322906494,2.1447315216064453,0.8939906358718872,0.6365810632705688,0.8876717686653137,0.7624016404151917,1.0958013534545898,1.1283378601074219,1.4374679327011108,1.630401611328125,1.6872202157974243,1.9121389389038086,2.004877805709839,2.035184383392334,2.2302403450012207,2.1499621868133545,2.3499011993408203,1.6074342727661133,1.5056633949279785,1.6461994647979736,1.4459060430526733,1.735624074935913,1.7963658571243286,1.9100254774093628,2.0093436241149902,2.1974241733551025,2.378434181213379,2.531489133834839,2.721524477005005,3.0385990142822266,3.196056365966797,3.5923900604248047
B5,4.998169422149658,4.747198581695557,4.431854724884033,4.2452850341796875,3.9844014644622803,3.7559545040130615,3.4485433101654053,3.481971263885498,3.158618688583374,3.3423500061035156,3.051018238067627,3.1607465744018555,3.0686326026916504,2.9788413047790527,2.87853741645813,1.3449643850326538,0.968385636806488,0.7101805210113525,0.3805982172489166,0.0,0.38568395376205444,0.6726694703102112,1.0107498168945312,1.3367198705673218,1.65183687210083,1.7782140970230103,1.9857181310653687,2.0490787029266357,2.204047918319702,2.2228479385375977,1.194341778755188,0.8074771165847778,0.6680552959442139,0.2869342863559723,0.3290584683418274,0.4078681170940399,0.7090546488761902,0.9803942441940308,1.1803369522094727,1.3889480829238892,1.6346867084503174,1.7387666702270508,1.852073073387146,2.1107757091522217,2.2230756282806396,1.1551682949066162,0.8098595142364502,0.8914810419082642,0.6044698357582092,0.8501707911491394,0.7913344502449036,1.1185345649719238,1.3226498365402222,1.4060964584350586,1.67527437210083,1.8075604438781738,1.8954981565475464,2.134094715118408,2.1136605739593506,2.3639233112335205,1.6917486190795898,1.4996166229248047,1.580819010734558,1.2964316606521606,1.5129241943359375,1.5065619945526123,1.5722002983093262,1.645395278930664,1.8193846940994263,1.9999617338180542,2.1554441452026367,2.355442762374878,2.676924467086792,2.8490896224975586,3.244833469390869
B6,4.649113655090332,4.3930840492248535,4.07328462600708,3.884143352508545,3.614504814147949,3.389808416366577,3.0777337551116943,3.1070494651794434,2.7891921997070312,2.9833452701568604,2.6980397701263428,2.8297927379608154,2.758558750152588,2.7009849548339844,2.630291223526001,1.593335747718811,1.2016785144805908,1.0221174955368042,0.63545161485672,0.38568395376205444,0.0,0.35923346877098083,0.6398422718048096,0.9669327735900879,1.2814091444015503,1.4145081043243408,1.6506335735321045,1.732598900794983,1.9284223318099976,1.9821134805679321,1.4660125970840454,1.0908125638961792,1.0254369974136353,0.6465898752212524,0.6147456765174866,0.37089720368385315,0.5675535202026367,0.7580240368843079,0.8642192482948303,1.1091099977493286,1.315123200416565,1.4649841785430908,1.5742294788360596,1.873055100440979,2.035200834274292,1.5050865411758423,1.17913019657135,1.2711148262023926,0.9543609023094177,1.105513572692871,0.9077091217041016,1.171055555343628,1.2779399156570435,1.2713651657104492,1.5614233016967773,1.6392580270767212,1.7738114595413208,1.9840385913848877,2.0082669258117676,2.2611255645751953,2.0661580562591553,1.863020658493042,1.936091661453247,1.618387222290039,1.7754136323928833,1.6930079460144043,1.67243230342865,1.661228060722351,1.7610728740692139,1.8838179111480713,1.9806231260299683,2.145076036453247,2.4408321380615234,2.5853803157806396,2.9778764247894287
B7,4.341437816619873,4.098495006561279,3.77567195892334,3.60364031791687,3.341438055038452,3.132734775543213,2.833289623260498,2.8962361812591553,2.5976996421813965,2.824479818344116,2.574737548828125,2.731299638748169,2.7099316120147705,2.6933562755584717,2.675485134124756,1.9343661069869995,1.5379157066345215,1.3562995195388794,0.9698153138160706,0.6726694703102112,0.35923346877098083,0.0,0.3793039619922638,0.7053152322769165,1.0603127479553223,1.275613784790039,1.5352309942245483,1.6921727657318115,1.9118986129760742,2.0341880321502686,1.8181946277618408,1.4386826753616333,1.3373525142669678,0.9472644925117493,0.7749118208885193,0.4182750880718231,0.34258708357810974,0.4411877393722534,0.5513864159584045,0.8489087224006653,1.0877351760864258,1.2969321012496948,1.4749114513397217,1.7957764863967896,2.0113368034362793,1.8132541179656982,1.4570749998092651,1.4871406555175781,1.130752444267273,1.1550713777542114,0.8507052063941956,1.0174803733825684,1.0403894186019897,0.9873841404914856,1.3040255308151245,1.3826253414154053,1.5754376649856567,1.8029805421829224,1.8894349336624146,2.175645351409912,2.270258903503418,2.0258450508117676,2.0848793983459473,1.7272553443908691,1.8137075901031494,1.6558640003204346,1.564685344696045,1.474422574043274,1.5331072807312012,1.6006821393966675,1.6822696924209595,1.8134582042694092,2.1122491359710693,2.240438222885132,2.636262893676758
B8,4.023760795593262,3.771578550338745,3.443955421447754,3.265078067779541,2.9902548789978027,2.783749580383301,2.4763646125793457,2.529853105545044,2.2376766204833984,2.475065231323242,2.23319673538208,2.4160373210906982,2.4192607402801514,2.441545248031616,2.4572324752807617,2.1777219772338867,1.7839550971984863,1.6518582105636597,1.2552772760391235,1.0107498168945312,0.6398422718048096,0.3793039619922638,0.0,0.3511773347854614,0.7102897763252258,0.9440489411354065,1.2437070608139038,1.4240652322769165,1.6901291608810425,1.8493651151657104,2.078153133392334,1.714652419090271,1.663771390914917,1.279347538948059,1.1497899293899536,0.7816540598869324,0.6593765020370483,0.5630790591239929,0.39119091629981995,0.7184731364250183,0.8467936515808105,1.1226568222045898,1.2785238027572632,1.6354694366455078,1.899763822555542,2.133683681488037,1.798897385597229,1.8585015535354614,1.5071107149124146,1.5266748666763306,1.1984952688217163,1.3069677352905273,1.2393611669540405,1.0837173461914062,1.3793518543243408,1.372483730316162,1.6024162769317627,1.773406982421875,1.9006240367889404,2.168853282928467,2.639754056930542,2.403069019317627,2.462975025177002,2.1009809970855713,2.1662745475769043,1.9774514436721802,1.8359825611114502,1.686906099319458,1.6665016412734985,1.664231538772583,1.6634024381637573,1.7380712032318115,1.9880752563476562,2.071916103363037,2.4560418128967285
B9,3.6906681060791016,3.4310834407806396,3.1083147525787354,2.920619487762451,2.649726152420044,2.435600757598877,2.1303629875183105,2.193753957748413,1.9052164554595947,2.154690980911255,1.93806791305542,2.1327128410339355,2.175659656524658,2.23403000831604,2.2997260093688965,2.436624526977539,2.0454249382019043,1.9521465301513672,1.5515459775924683,1.3367198705673218,0.9669327735900879,0.7053152322769165,0.3511773347854614,0.0,0.3776552975177765,0.6823098659515381,0.9855763912200928,1.2287312746047974,1.508406639099121,1.727110505104065,2.3684661388397217,2.0148518085479736,1.9905593395233154,1.611224889755249,1.4777415990829468,1.119337558746338,0.9392971396446228,0.7173328399658203,0.3674025535583496,0.5832546353340149,0.5806755423545837,0.9130352735519409,1.0763651132583618,1.445413589477539,1.7545353174209595,2.4306137561798096,2.101740598678589,2.17453670501709,1.8308025598526,1.823749303817749,1.482506513595581,1.5208464860916138,1.367890477180481,1.1234413385391235,1.3649340867996216,1.273418664932251,1.523198127746582,1.6386260986328125,1.806148886680603,2.05961537361145,2.9339613914489746,2.701495409011841,2.779540538787842,2.415886640548706,2.468188524246216,2.2564003467559814,2.088265895843506,1.8907359838485718,1.8330531120300293,1.7591608762741089,1.7135233879089355,1.7095705270767212,1.9246997833251953,1.943833827972412,2.316257953643799
B10,3.431210517883301,3.1503467559814453,2.83880615234375,2.623143196105957,2.351916551589966,2.111665964126587,1.7974594831466675,1.842360258102417,1.5388662815093994,1.7796095609664917,1.5694267749786377,1.7669464349746704,1.8355764150619507,1.9248013496398926,2.0337510108947754,2.633674144744873,2.254798173904419,2.213428020477295,1.8169094324111938,1.65183687210083,1.2814091444015503,1.0603127479553223,0.7102897763252258,0.3776552975177765,0.0,0.3755551278591156,0.6656047701835632,0.9558656811714172,1.247999668121338,1.5147510766983032,2.6002471446990967,2.2676761150360107,2.2889468669891357,1.9235563278198242,1.8208342790603638,1.477186918258667,1.3018722534179688,1.0441908836364746,0.6642934679985046,0.6915987133979797,0.45442017912864685,0.7736563086509705,0.8656755685806274,1.2358099222183228,1.5770214796066284,2.692899227142334,2.3865621089935303,2.494751453399658,2.16961932182312,2.174189329147339,1.842484474182129,1.8566129207611084,1.6625494956970215,1.3652101755142212,1.5362623929977417,1.352846384048462,1.5790611505508423,1.6054531335830688,1.7826671600341797,1.988948106765747,3.2345528602600098,3.022986888885498,3.1252663135528564,2.7716660499572754,2.8357419967651367,2.625326633453369,2.4544475078582764,2.2401976585388184,2.165109634399414,2.0515763759613037,1.9707962274551392,1.907112717628479,2.076052665710449,2.0296859741210938,2.3751449584960938
B11,3.503741502761841,3.195430278778076,2.8990426063537598,2.6459693908691406,2.366950035095215,2.0933609008789062,1.760313868522644,1.7324432134628296,1.3904008865356445,1.5691649913787842,1.2994403839111328,1.473781943321228,1.4968358278274536,1.5739811658859253,1.6699663400650024,2.5902042388916016,2.2355759143829346,2.251868724822998,1.8734244108200073,1.7782140970230103,1.4145081043243408,1.275613784790039,0.9440489411354065,0.6823098659515381,0.3755551278591156,0.0,0.37695497274398804,0.594436764717102,0.9267828464508057,1.1790001392364502,2.584597587585449,2.2864773273468018,2.3690121173858643,2.031644344329834,1.9972667694091797,1.6770992279052734,1.5607682466506958,1.3346624374389648,0.9682484865188599,0.953729510307312,0.6504384875297546,0.8269197344779968,0.7357496023178101,1.0947121381759644,1.4142531156539917,2.736257314682007,2.4717631340026855,2.6343612670898438,2.3388564586639404,2.398566246032715,2.0980193614959717,2.148390531539917,1.9770780801773071,1.6822317838668823,1.8289670944213867,1.611542820930481,1.7796474695205688,1.7416534423828125,1.8675172328948975,2.0092291831970215,3.3627312183380127,3.188164472579956,3.312202215194702,2.981661796569824,3.0848405361175537,2.9056830406188965,2.7606306076049805,2.5723814964294434,2.5086348056793213,2.414140462875366,2.327305793762207,2.2714312076568604,2.4210045337677,2.3644115924835205,2.6920557022094727
B12,3.4536986351013184,3.12711238861084,2.865274667739868,2.578918218612671,2.3326468467712402,2.0134689807891846,1.6960862874984741,1.6516841650009155,1.2790223360061646,1.3893108367919922,1.1151059865951538,1.206883192062378,1.222503900527954,1.275420069694519,1.4089288711547852,2.665433645248413,2.3298988342285156,2.3960049152374268,2.0338568687438965,1.9857181310653687,1.6506335735321045,1.5352309942245483,1.2437070608139038,0.9855763912200928,0.6656047701835632,0.37695497274398804,0.0,0.3893614411354065,0.6163964867591858,0.9433529376983643,2.7102103233337402,2.4345815181732178,2.550541400909424,2.235903024673462,2.2140777111053467,1.9298012256622314,1.8054533004760742,1.5513195991516113,1.1969040632247925,1.0715521574020386,0.7207574248313904,0.7253139615058899,0.49548855423927307,0.7899996638298035,1.109458088874817,2.852266311645508,2.609606981277466,2.801661491394043,2.5378267765045166,2.6015264987945557,2.324965715408325,2.349681854248047,2.1534242630004883,1.8313065767288208,1.9102013111114502,1.6353600025177002,1.739799976348877,1.6209315061569214,1.7156587839126587,1.7946698665618896,3.4811553955078125,3.3347089290618896,3.498304605484009,3.1885316371917725,3.3165502548217773,3.1533408164978027,3.0301449298858643,2.8433382511138916,2.805328607559204,2.697819948196411,2.6314642429351807,2.546213388442993,2.7018651962280273,2.6099061965942383,2.929908275604248
B13,3.716942310333252,3.3754096031188965,3.1209349632263184,2.816663980484009,2.55812406539917,2.2328879833221436,1.9066063165664673,1.7887858152389526,1.4082781076431274,1.4370505809783936,1.0869262218475342,1.1305460929870605,1.0266562700271606,1.019530177116394,1.0794082880020142,2.5552334785461426,2.2539751529693604,2.3665390014648438,2.0360605716705322,2.0490787029266357,1.732598900794983,1.6921727657318115,1.4240652322769165,1.2287312746047974,0.9558656811714172,0.594436764717102,0.3893614411354065,0.0,0.3972623348236084,0.6187517642974854,2.614933729171753,2.380802631378174,2.549482583999634,2.2698450088500977,2.3158276081085205,2.054849624633789,1.9946703910827637,1.7917871475219727,1.45902681350708,1.3745760917663574,1.062299370765686,1.0300201177597046,0.7055168747901917,0.9187217950820923,1.137341022491455,2.8223304748535156,2.6265881061553955,2.8632006645202637,2.6276724338531494,2.748382329940796,2.5026543140411377,2.5778088569641113,2.424663782119751,2.129544973373413,2.224898099899292,1.966110348701477,2.0384154319763184,1.9106543064117432,1.9464914798736572,1.977631688117981,3.5345869064331055,3.4223921298980713,3.5929617881774902,3.30666446685791,3.4687469005584717,3.3382043838500977,3.2396512031555176,3.0859103202819824,3.0575881004333496,2.983518362045288,2.915003776550293,2.861811876296997,3.0120701789855957,2.9402828216552734,3.2565290927886963
