,A1,A2,A3,A4,A5,A6,A7,A8,A9,A10,A11,A12,A13,A14,A15,B1,B2,B3,B4,B5,B6,B7,B8,B9,B10,B11,B12,B13,B14,B15,C1,C2,C3,C4,C5,C6,C7,C8,C9,C10,C11,C12,C13,C14,C15,D1,D2,D3,D4,D5,D6,D7,D8,D9,D10,D11,D12,D13,D14,D15,E1,E2,E3,E4,E5,E6,E7,E8,E9,E10,E11,E12,E13,E14,E15
A1,0.0,0.3682549297809601,0.602949321269989,0.9509199857711792,1.2716175317764282,1.6357022523880005,1.9874825477600098,2.372272253036499,2.7270069122314453,3.0949482917785645,3.4246034622192383,3.7479026317596436,4.069159984588623,4.30845308303833,4.636631965637207,3.2540242671966553,2.8931610584259033,2.582235097885132,2.3103818893432617,2.116241693496704,2.124516487121582,2.2549166679382324,2.5491890907287598,2.846222400665283,3.142488956451416,3.471876859664917,3.8379147052764893,4.166562080383301,4.470367431640625,4.802267074584961,3.8929097652435303,3.53322696685791,3.188392400741577,2.866156578063965,2.6125032901763916,2.621542453765869,2.477138042449951,2.6909706592559814,2.9211952686309814,3.2332661151885986,3.5101490020751953,3.9095005989074707,4.162269115447998,4.556402683258057,4.852026462554932,4.351831436157227,4.019053936004639,3.6967544555664062,3.4359354972839355,3.0742413997650146,2.8835649490356445,2.747112512588501,2.77860689163208,3.0095338821411133,3.199917793273926,3.5128350257873535,3.8655624389648438,4.14240026473999,4.519520282745361,4.810161113739014,4.487747669219971,4.150790691375732,3.8440842628479004,3.547855854034424,3.161081075668335,2.912247896194458,2.694150447845459,2.5351755619049072,2.7238197326660156,2.6292455196380615,2.968801975250244,2.939927816390991,3.1903326511383057,3.4613571166992188,3.793604850769043
A2,0.3682549297809601,0.0,0.391997367143631,0.646681010723114,0.9933897852897644,1.329801321029663,1.6962209939956665,2.0633387565612793,2.4254558086395264,2.7846531867980957,3.128636121749878,3.448829412460327,3.7820277214050293,4.02974796295166,4.368923187255859,3.184959888458252,2.8163554668426514,2.4930429458618164,2.1945579051971436,1.9475295543670654,1.9000933170318604,2.0004935264587402,2.262502908706665,2.564622163772583,2.839066982269287,3.178514003753662,3.538684129714966,3.8765628337860107,4.1853928565979,4.5258402824401855,3.7715485095977783,3.397890090942383,3.0702712535858154,2.7326886653900146,2.4464216232299805,2.4070756435394287,2.2411465644836426,2.422529458999634,2.656374931335449,2.9477248191833496,3.2371373176574707,3.630800724029541,3.900198459625244,4.290526866912842,4.59859561920166,4.261895179748535,3.919955015182495,3.6110517978668213,3.3220410346984863,2.9729678630828857,2.742476224899292,2.5885751247406006,2.57395339012146,2.802039623260498,2.9594006538391113,3.2848966121673584,3.6205129623413086,3.9144582748413086,4.284179210662842,4.590500831604004,4.447179317474365,4.107415199279785,3.819688320159912,3.513054370880127,3.135529041290283,2.8510210514068604,2.6248531341552734,2.4156887531280518,2.5783212184906006,2.4381425380706787,2.7667245864868164,2.714141368865967,2.937009572982788,3.211724281311035,3.5304582118988037
A3,0.602949321269989,0.391997367143631,0.0,0.38054758310317993,0.6781933903694153,1.0443344116210938,1.3879185914993286,1.778126835823059,2.128586769104004,2.50173020362854,2.826195240020752,3.1565916538238525,3.4765212535858154,3.7269206047058105,4.058811187744141,2.9305388927459717,2.549062728881836,2.253387451171875,1.9300708770751953,1.699325442314148,1.6334704160690308,1.7075217962265015,1.9865070581436157,2.2666196823120117,2.563596248626709,2.884028911590576,3.257214069366455,3.581509590148926,3.89547061920166,4.226434230804443,3.5305800437927246,3.152733325958252,2.8376362323760986,2.4912846088409424,2.2063045501708984,2.1658689975738525,1.9671964645385742,2.1440742015838623,2.351126194000244,2.6570310592651367,2.9240012168884277,3.3252756595611572,3.575273275375366,3.971940040588379,4.267608165740967,3.920292615890503,3.5724658966064453,3.276186227798462,2.981168270111084,2.625807762145996,2.3956611156463623,2.22275447845459,2.2137656211853027,2.432610273361206,2.605560064315796,2.922092914581299,3.2685470581054688,3.5519564151763916,3.9262795448303223,4.224027156829834,4.06745719909668,3.725411891937256,3.4448201656341553,3.133225440979004,2.760134220123291,2.4663422107696533,2.237504720687866,2.0245683193206787,2.1943681240081787,2.068308115005493,2.4078285694122314,2.3826982975006104,2.629223346710205,2.91520357131958,3.2510313987731934
A4,0.9509199857711792,0.646681010723114,0.38054758310317993,0.0,0.380683034658432,0.6900268793106079,1.053736686706543,1.4240034818649292,1.782800316810608,2.146951198577881,2.4849987030029297,2.8120765686035156,3.1432535648345947,3.4019830226898193,3.7444612979888916,2.8556535243988037,2.4718568325042725,2.17407488822937,1.8260682821273804,1.5412465333938599,1.397542953491211,1.4205358028411865,1.658058762550354,1.9399020671844482,2.2152609825134277,2.544701099395752,2.9131081104278564,3.245723247528076,3.565110921859741,3.903841495513916,3.3906521797180176,3.0011467933654785,2.712441921234131,2.353811502456665,2.036849021911621,1.9371358156204224,1.7062971591949463,1.8378565311431885,2.0433592796325684,2.326455593109131,2.6048614978790283,3.0003349781036377,3.2665634155273438,3.659135103225708,3.966895580291748,3.8001389503479004,3.445012331008911,3.1683430671691895,2.8442883491516113,2.50939679145813,2.2353644371032715,2.042646884918213,1.9759221076965332,2.1899595260620117,2.3237476348876953,2.654888391494751,2.9813427925109863,3.2836785316467285,3.6483042240142822,3.9623751640319824,4.003680229187012,3.6629109382629395,3.4069552421569824,3.089369535446167,2.7338671684265137,2.4047341346740723,2.1759867668151855,1.9069432020187378,2.0441460609436035,1.8651000261306763,2.1898036003112793,2.1445415019989014,2.359785318374634,2.654036283493042,2.976196050643921
A5,1.2716175317764282,0.9933897852897644,0.6781933903694153,0.380683034658432,0.0,0.4022829234600067,0.7245437502861023,1.1261018514633179,1.4724968671798706,1.8609023094177246,2.187211275100708,2.5385637283325195,2.864304304122925,3.1469247341156006,3.4910061359405518,2.84710955619812,2.4566845893859863,2.2003414630889893,1.8284715414047241,1.5535813570022583,1.343786597251892,1.273016333580017,1.4729962348937988,1.7063542604446411,1.978894829750061,2.28312349319458,2.666219711303711,2.9862849712371826,3.3246326446533203,3.6571719646453857,3.3626747131347656,2.9695050716400146,2.712611198425293,2.348262310028076,2.0274581909179688,1.8933268785476685,1.6032668352127075,1.6747093200683594,1.8247517347335815,2.0949230194091797,2.3426265716552734,2.7417285442352295,2.9914400577545166,3.3904459476470947,3.688843011856079,3.6410224437713623,3.2763423919677734,3.032369613647461,2.691019058227539,2.3600943088531494,2.0706627368927,1.8274208307266235,1.7205653190612793,1.890925407409668,2.005894422531128,2.3214118480682373,2.6470959186553955,2.941732883453369,3.311673402786255,3.6239328384399414,3.7697787284851074,3.4224090576171875,3.1929287910461426,2.86088490486145,2.5270578861236572,2.1734280586242676,1.9192209243774414,1.6117340326309204,1.708287000656128,1.501263976097107,1.8155910968780518,1.76401686668396,1.9838085174560547,2.2808618545532227,2.6103241443634033
A6,1.6357022523880005,1.329801321029663,1.0443344116210938,0.6900268793106079,0.4022829234600067,0.0,0.3776504397392273,0.738930881023407,1.0975109338760376,1.4721651077270508,1.8127763271331787,2.1567463874816895,2.4934780597686768,2.781458616256714,3.1352124214172363,2.7694380283355713,2.389887571334839,2.1444807052612305,1.7667979001998901,1.4559556245803833,1.162004828453064,1.004805088043213,1.1257647275924683,1.3486063480377197,1.5934488773345947,1.9058613777160645,2.282796621322632,2.61076283454895,2.9525492191314697,3.2921371459960938,3.201533794403076,2.804168701171875,2.5851573944091797,2.220284938812256,1.8791680335998535,1.6798760890960693,1.3564143180847168,1.3541942834854126,1.490655779838562,1.7282565832138062,1.9874451160430908,2.377856731414795,2.6456923484802246,3.0380218029022217,3.349503517150879,3.499783992767334,3.1337201595306396,2.9156110286712646,2.5495007038116455,2.2546615600585938,1.9231443405151367,1.6685081720352173,1.4873957633972168,1.6495251655578613,1.709636926651001,2.044796943664551,2.341660261154175,2.660348415374756,3.01399827003479,3.344550848007202,3.7091658115386963,3.371757745742798,3.172003984451294,2.845252513885498,2.539961814880371,2.161393880844116,1.930489182472229,1.5756348371505737,1.6323976516723633,1.3680514097213745,1.6514081954956055,1.588079571723938,1.7611315250396729,2.0718722343444824,2.381640672683716
A7,1.9874825477600098,1.6962209939956665,1.3879185914993286,1.053736686706543,0.7245437502861023,0.3776504397392273,0.0,0.42306938767433167,0.749694287776947,1.1483649015426636,1.4680026769638062,1.832221508026123,2.1595184803009033,2.466158866882324,2.818876266479492,2.736185073852539,2.3660812377929688,2.169966697692871,1.792271375656128,1.509860634803772,1.1720774173736572,0.9096474051475525,0.9458789825439453,1.082152247428894,1.3176161050796509,1.59333336353302,1.9827311038970947,2.294020652770996,2.6505208015441895,2.9816441535949707,3.1234264373779297,2.7314183712005615,2.555499792098999,2.1993653774261475,1.869364619255066,1.6393088102340698,1.2732912302017212,1.185126781463623,1.2394598722457886,1.4510668516159058,1.6715705394744873,2.0618960857391357,2.312962055206299,2.7089147567749023,3.012021064758301,3.3055784702301025,2.93666934967041,2.7582039833068848,2.3784127235412598,2.1082160472869873,1.7623144388198853,1.4689494371414185,1.2257548570632935,1.3344554901123047,1.3551700115203857,1.68264901638031,1.9708353281021118,2.290158271789551,2.6426498889923096,2.975630283355713,3.484586238861084,3.151136636734009,2.9852867126464844,2.6573853492736816,2.3876540660858154,1.9925891160964966,1.766740322113037,1.3784024715423584,1.3830381631851196,1.0806570053100586,1.3341907262802124,1.2819114923477173,1.4443280696868896,1.7683663368225098,2.0802111625671387
A8,2.372272253036499,2.0633387565612793,1.778126835823059,1.4240034818649292,1.1261018514633179,0.738930881023407,0.42306938767433167,0.0,0.3688192069530487,0.739082932472229,1.0881171226501465,1.4431425333023071,1.7887860536575317,2.108114242553711,2.4746227264404297,2.780423164367676,2.4381117820739746,2.263000965118408,1.905703067779541,1.6132311820983887,1.2301026582717896,0.8930180668830872,0.7416742444038391,0.7955999374389648,0.9435961842536926,1.2204970121383667,1.5972552299499512,1.9183292388916016,2.2822608947753906,2.6222102642059326,3.0583267211914062,2.673708915710449,2.550165891647339,2.211256265640259,1.8798638582229614,1.587119460105896,1.2155699729919434,1.0000377893447876,0.996988832950592,1.1171016693115234,1.3433548212051392,1.7101843357086182,1.9869524240493774,2.3686318397521973,2.6889514923095703,3.2580912113189697,2.8971214294433594,2.7566893100738525,2.3619155883789062,2.149994134902954,1.77667236328125,1.4935004711151123,1.1648507118225098,1.2341660261154175,1.1438485383987427,1.4829901456832886,1.7083808183670044,2.0581586360931396,2.378875732421875,2.7345826625823975,3.523732900619507,3.209414482116699,3.0820794105529785,2.770542621612549,2.542628765106201,2.1428520679473877,1.9557172060012817,1.5551705360412598,1.508831262588501,1.1738427877426147,1.3382307291030884,1.2699304819107056,1.3366271257400513,1.6557224988937378,1.9202214479446411
A9,2.7270069122314453,2.4254558086395264,2.128586769104004,1.782800316810608,1.4724968671798706,1.0975109338760376,0.749694287776947,0.3688192069530487,0.0,0.4200066328048706,0.734428346157074,1.1143646240234375,1.4502702951431274,1.7939465045928955,2.1599252223968506,2.823124408721924,2.5051324367523193,2.3788793087005615,2.0424282550811768,1.7882640361785889,1.406692385673523,1.0366319417953491,0.7893816828727722,0.667410135269165,0.7269036769866943,0.9214831590652466,1.302060842514038,1.5991452932357788,1.979386568069458,2.3090500831604004,3.0350019931793213,2.667335271835327,2.5945241451263428,2.279663562774658,1.9751107692718506,1.668190598487854,1.3002368211746216,1.0021488666534424,0.8742233514785767,0.8988344669342041,1.0547380447387695,1.4024490118026733,1.663310170173645,2.0414421558380127,2.355802536010742,3.1317245960235596,2.778273344039917,2.686077833175659,2.2890665531158447,2.123056173324585,1.7524776458740234,1.4620323181152344,1.0819082260131836,1.0651912689208984,0.8734385371208191,1.191097378730774,1.3701220750808716,1.7296770811080933,2.0334408283233643,2.3974337577819824,3.3909106254577637,3.0915961265563965,3.0052666664123535,2.706272602081299,2.525275468826294,2.129011631011963,1.9687557220458984,1.5711429119110107,1.4739917516708374,1.1397154331207275,1.218451738357544,1.171158790588379,1.181792974472046,1.4912710189819336,1.728863000869751
A10,3.0949482917785645,2.7846531867980957,2.50173020362854,2.146951198577881,1.8609023094177246,1.4721651077270508,1.1483649015426636,0.739082932472229,0.4200066328048706,0.0,0.39873141050338745,0.7264312505722046,1.0888365507125854,1.436679720878601,1.815743327140808,2.8807284832000732,2.6021602153778076,2.498628854751587,2.198526382446289,1.9528976678848267,1.5745303630828857,1.2106080055236816,0.8599280118942261,0.625516414642334,0.4475494623184204,0.5730091333389282,0.9130066633224487,1.221154808998108,1.603298544883728,1.9425570964813232,2.974771022796631,2.628058671951294,2.6111090183258057,2.3289177417755127,2.043264627456665,1.7050349712371826,1.3813698291778564,1.0083097219467163,0.8178849220275879,0.6555096507072449,0.785527765750885,1.064940094947815,1.3626402616500854,1.7093251943588257,2.045832633972168,3.1052887439727783,2.772584915161133,2.717867374420166,2.3238744735717773,2.2262043952941895,1.8542258739471436,1.6116814613342285,1.2118629217147827,1.171444058418274,0.8825708031654358,1.1654728651046753,1.2284624576568604,1.6105825901031494,1.8498443365097046,2.2317495346069336,3.4786863327026367,3.2089757919311523,3.1555113792419434,2.8856849670410156,2.7425990104675293,2.3613839149475098,2.2503345012664795,1.873666763305664,1.7677792310714722,1.460957407951355,1.4742615222930908,1.440406322479248,1.3708151578903198,1.6369673013687134,1.8019510507583618
A11,3.4246034622192383,3.128636121749878,2.826195240020752,2.4849987030029297,2.187211275100708,1.8127763271331787,1.4680026769638062,1.0881171226501465,0.734428346157074,0.39873141050338745,0.0,0.4178682863712311,0.7268854379653931,1.1053739786148071,1.4711374044418335,2.8915209770202637,2.645033597946167,2.5998294353485107,2.329784631729126,2.1400723457336426,1.7909907102584839,1.4349924325942993,1.100062608718872,0.7703872919082642,0.5584192872047424,0.3692225217819214,0.6733941435813904,0.8999977707862854,1.299849033355713,1.611158013343811,2.927931785583496,2.6112000942230225,2.645984649658203,2.399092197418213,2.159367799758911,1.8421523571014404,1.5456125736236572,1.1680378913879395,0.8787804841995239,0.6271146535873413,0.5396796464920044,0.7498895525932312,0.9979355931282043,1.3438091278076172,1.664979338645935,2.9169211387634277,2.60143780708313,2.602032423019409,2.2226738929748535,2.179168224334717,1.8363616466522217,1.6096630096435547,1.215211033821106,1.0930715799331665,0.7334116101264954,0.9249396324157715,0.89151930809021,1.2745109796524048,1.4761192798614502,1.8611795902252197,3.284095525741577,3.039379835128784,3.0279948711395264,2.7834908962249756,2.692368984222412,2.3333535194396973,2.264037609100342,1.9196844100952148,1.7926840782165527,1.5356608629226685,1.4869691133499146,1.5106451511383057,1.4258642196655273,1.6589913368225098,1.795756459236145
A12,3.7479026317596436,3.448829412460327,3.1565916538238525,2.8120765686035156,2.5385637283325195,2.1567463874816895,1.832221508026123,1.4431425333023071,1.1143646240234375,0.7264312505722046,0.4178682863712311,0.0,0.38448548316955566,0.7333210110664368,1.1149612665176392,2.9141786098480225,2.7148962020874023,2.6914799213409424,2.4661855697631836,2.2934622764587402,1.968403697013855,1.6457529067993164,1.288945198059082,0.9593826532363892,0.657625675201416,0.30889150500297546,0.29066380858421326,0.5017013549804688,0.8984081745147705,1.2256821393966675,2.8296854496002197,2.5458528995513916,2.635894298553467,2.432178258895874,2.2243335247039795,1.902658462524414,1.6722122430801392,1.2881793975830078,1.0053942203521729,0.6449189186096191,0.4770786762237549,0.433575838804245,0.7413080930709839,1.0182647705078125,1.3743889331817627,2.8770313262939453,2.5942904949188232,2.6255204677581787,2.2654874324798584,2.2912256717681885,1.9645174741744995,1.8060171604156494,1.4406049251556396,1.34528648853302,1.0078033208847046,1.1411694288253784,0.9969655275344849,1.347711443901062,1.4429112672805786,1.8209737539291382,3.393547296524048,3.185717821121216,3.194988489151001,2.9878628253936768,2.9233274459838867,2.5891475677490234,2.5697431564331055,2.254108190536499,2.1486523151397705,1.924267053604126,1.8691740036010742,1.9114587306976318,1.8076196908950806,2.0110714435577393,2.1006314754486084
A13,4.069159984588623,3.7820277214050293,3.4765212535858154,3.1432535648345947,2.864304304122925,2.4934780597686768,2.1595184803009033,1.7887860536575317,1.4502702951431274,1.0888365507125854,0.7268854379653931,0.38448548316955566,0.0,0.4235914647579193,0.7705188989639282,2.9697678089141846,2.8083083629608154,2.8361618518829346,2.6443638801574707,2.520662784576416,2.227996349334717,1.9233967065811157,1.596763253211975,1.251344919204712,1.0010181665420532,0.618634045124054,0.4258904457092285,0.24900385737419128,0.6319974064826965,0.897826075553894,2.824152708053589,2.58096981048584,2.7192161083221436,2.556265354156494,2.3964781761169434,2.106794595718384,1.9097094535827637,1.5517984628677368,1.2428388595581055,0.9096652865409851,0.6119346022605896,0.3096562623977661,0.4311450123786926,0.6488420367240906,0.9956145286560059,2.7404892444610596,2.488558292388916,2.575719118118286,2.2466180324554443,2.329024314880371,2.0457816123962402,1.918701171875,1.5911731719970703,1.4553972482681274,1.1325242519378662,1.1566647291183472,0.9146546125411987,1.1950280666351318,1.1960219144821167,1.5517092943191528,3.2705838680267334,3.0970306396484375,3.1452853679656982,2.9722228050231934,2.9558522701263428,2.6539666652679443,2.675607919692993,2.3991191387176514,2.2894697189331055,2.113732099533081,2.0268166065216064,2.1103627681732178,2.0087878704071045,2.1830594539642334,2.2512590885162354
A14,4.30845308303833,4.02974796295166,3.7269206047058105,3.4019830226898193,3.1469247341156006,2.781458616256714,2.466158866882324,2.108114242553711,1.7939465045928955,1.436679720878601,1.1053739786148071,0.7333210110664368,0.4235914647579193,0.0,0.3887470066547394,2.8728997707366943,2.765687942504883,2.825525999069214,2.6867623329162598,2.5997543334960938,2.3507885932922363,2.091763734817505,1.787733554840088,1.465220332145691,1.2409839630126953,0.8927112221717834,0.5966488718986511,0.2593507766723633,0.26465436816215515,0.5175952911376953,2.6184637546539307,2.421668767929077,2.61346435546875,2.5039947032928467,2.393840789794922,2.131298303604126,2.00479793548584,1.6832606792449951,1.4013628959655762,1.088536024093628,0.8130877017974854,0.4058469831943512,0.38663697242736816,0.36597365140914917,0.7535659670829773,2.579305410385132,2.3700366020202637,2.4819798469543457,2.189127206802368,2.338416814804077,2.0898566246032715,2.038127899169922,1.7642658948898315,1.6728827953338623,1.4144768714904785,1.432855486869812,1.2003675699234009,1.416976809501648,1.341651201248169,1.6388837099075317,3.281813859939575,3.1492483615875244,3.2043280601501465,3.0752146244049072,3.0768463611602783,2.80867338180542,2.8844187259674072,2.6451404094696045,2.575462579727173,2.439396381378174,2.377315044403076,2.4944307804107666,2.4170730113983154,2.5955121517181396,2.665933132171631
A15,4.636631965637207,4.368923187255859,4.058811187744141,3.7444612979888916,3.4910061359405518,3.1352124214172363,2.818876266479492,2.4746227264404297,2.1599252223968506,1.815743327140808,1.4711374044418335,1.1149612665176392,0.7705188989639282,0.3887470066547394,0.0,2.959479570388794,2.89737868309021,3.0013697147369385,2.9005980491638184,2.856386423110962,2.6412878036499023,2.4053235054016113,2.128509283065796,1.8094902038574219,1.6154953241348267,1.2694242000579834,0.9825877547264099,0.6365719437599182,0.3855642080307007,0.2494480460882187,2.6359567642211914,2.4929237365722656,2.729161500930786,2.6662540435791016,2.6048054695129395,2.378969430923462,2.28821063041687,1.998774766921997,1.7189491987228394,1.4406198263168335,1.1495964527130127,0.7659225463867188,0.5684519410133362,0.2200900763273239,0.4680997133255005,2.491574287414551,2.3312344551086426,2.4945435523986816,2.24995493888855,2.4537203311920166,2.256028413772583,2.2433478832244873,2.0157854557037354,1.9134522676467896,1.6895607709884644,1.649748682975769,1.3922042846679688,1.520187258720398,1.358532190322876,1.5805330276489258,3.24175763130188,3.1522748470306396,3.238438367843628,3.150623321533203,3.192458391189575,2.962315082550049,3.0768167972564697,2.8764753341674805,2.8141698837280273,2.7177281379699707,2.6439990997314453,2.789019823074341,2.7198307514190674,2.8816609382629395,2.9416141510009766
B1,3.2540242671966553,3.184959888458252,2.9305388927459717,2.8556535243988037,2.84710955619812,2.7694380283355713,2.736185073852539,2.780423164367676,2.823124408721924,2.8807284832000732,2.8915209770202637,2.9141786098480225,2.9697678089141846,2.8728997707366943,2.959479570388794,0.0,0.3962107300758362,0.7117008566856384,1.035750150680542,1.3979532718658447,1.6969274282455444,1.9268794059753418,2.1803433895111084,2.2638020515441895,2.5631425380706787,2.6577017307281494,2.8205792903900146,2.941939115524292,2.972839117050171,3.1266374588012695,0.8451552987098694,0.7022881507873535,0.5299104452133179,0.7122277021408081,1.0660654306411743,1.4157873392105103,1.6514971256256104,1.959258794784546,2.0678598880767822,2.3624000549316406,2.4604458808898926,2.671872854232788,2.746868133544922,2.979207992553711,3.1385560035705566,1.612226128578186,1.4642503261566162,1.0967448949813843,1.1070847511291504,1.138892412185669,1.2586538791656494,1.6277199983596802,1.9154709577560425,2.2238569259643555,2.514575481414795,2.7370193004608154,2.99052357673645,3.1749825477600098,3.3747305870056152,3.547293186187744,2.796639919281006,2.687936782836914,2.4295859336853027,2.424776792526245,2.220829963684082,2.1742706298828125,2.438187599182129,2.4796524047851562,2.7898082733154297,2.9044840335845947,3.182960271835327,3.4502522945404053,3.6981637477874756,4.019584655761719,4.335768699645996
B2,2.8931610584259033,2.8163554668426514,2.549062728881836,2.4718568325042725,2.4566845893859863,2.389887571334839,2.3660812377929688,2.4381117820739746,2.5051324367523193,2.6021602153778076,2.645033597946167,2.7148962020874023,2.8083083629608154,2.765687942504883,2.89737868309021,0.3962107300758362,0.0,0.4055280089378357,0.6653512716293335,1.052765965461731,1.3552590608596802,1.5900616645812988,1.8795220851898193,1.9861469268798828,2.316227436065674,2.4409666061401367,2.6501102447509766,2.8048415184020996,2.8880810737609863,3.076294422149658,1.1357673406600952,0.8692386746406555,0.5986636281013489,0.5434238910675049,0.811500072479248,1.1664811372756958,1.3509984016418457,1.6828889846801758,1.8065786361694336,2.1365573406219482,2.2586209774017334,2.5181565284729004,2.6189749240875244,2.894829750061035,3.080317258834839,1.7365713119506836,1.5109070539474487,1.1262104511260986,1.0215644836425781,0.9273039102554321,0.9830758571624756,1.3210066556930542,1.6133450269699097,1.941736102104187,2.247222661972046,2.4938290119171143,2.7781219482421875,2.981929063796997,3.217916488647461,3.413456439971924,2.734614372253418,2.5754644870758057,2.3003127574920654,2.23852801322937,1.9917184114456177,1.8975917100906372,2.123415470123291,2.1397054195404053,2.4564239978790283,2.558682441711426,2.8548026084899902,3.1105258464813232,3.368746042251587,3.6950531005859375,4.021716594696045
B3,2.582235097885132,2.4930429458618164,2.253387451171875,2.17407488822937,2.2003414630889893,2.1444807052612305,2.169966697692871,2.263000965118408,2.3788793087005615,2.498628854751587,2.5998294353485107,2.6914799213409424,2.8361618518829346,2.825525999069214,3.0013697147369385,0.7117008566856384,0.4055280089378357,0.0,0.38298431038856506,0.7310338616371155,1.088222861289978,1.3870723247528076,1.7052276134490967,1.8808848857879639,2.214911937713623,2.4003024101257324,2.627765417098999,2.8312759399414062,2.9408719539642334,3.1688990592956543,1.3318431377410889,1.0097768306732178,0.6506590247154236,0.4292815327644348,0.5662915706634521,0.9465678930282593,1.1568682193756104,1.5337038040161133,1.7303352355957031,2.0733346939086914,2.26070499420166,2.5474815368652344,2.705261468887329,3.0000243186950684,3.2269062995910645,2.1211109161376953,1.875417947769165,1.5013549327850342,1.3332122564315796,1.1793513298034668,1.115728735923767,1.3860526084899902,1.6214383840560913,1.9839566946029663,2.26705265045166,2.560590982437134,2.853050947189331,3.096763849258423,3.3517274856567383,3.5824573040008545,3.05582332611084,2.865032911300659,2.580848217010498,2.4726779460906982,2.186038017272949,2.0384581089019775,2.198636293411255,2.1592373847961426,2.4721574783325195,2.5242950916290283,2.8416566848754883,3.057321786880493,3.3065006732940674,3.6415135860443115,3.9680306911468506
B4,2.3103818893432617,2.1945579051971436,1.9300708770751953,1.8260682821273804,1.8284715414047241,1.7667979001998901,1.792271375656128,1.905703067779541,2.0424282550811768,2.198526382446289,2.329784631729126,2.4661855697631836,2.6443638801574707,2.6867623329162598,2.9005980491638184,1.035750150680542,0.6653512716293335,0.38298431038856506,0.0,0.4133816957473755,0.7541519403457642,1.048737645149231,1.401375412940979,1.597517967224121,1.9546324014663696,2.165374279022217,2.433560609817505,2.6636035442352295,2.821328639984131,3.0755715370178223,1.6151026487350464,1.2529338598251343,0.9371141195297241,0.6087507009506226,0.4984206259250641,0.7794925570487976,0.880673885345459,1.266816258430481,1.4727731943130493,1.8401117324829102,2.0463545322418213,2.3716673851013184,2.5504655838012695,2.8781774044036865,3.1245710849761963,2.23964524269104,1.9471086263656616,1.5960248708724976,1.3496960401535034,1.1204265356063843,0.9586988687515259,1.1413177251815796,1.3416231870651245,1.7129508256912231,1.9928323030471802,2.30671763420105,2.6179988384246826,2.8787155151367188,3.1604318618774414,3.4112558364868164,3.018333911895752,2.7891509532928467,2.5102992057800293,2.3501715660095215,2.04193377494812,1.8367290496826172,1.942043662071228,1.8556032180786133,2.1578078269958496,2.182631015777588,2.509237766265869,2.7068827152252197,2.9576351642608643,3.294752597808838,3.6257224082946777
B5,2.116241693496704,1.9475295543670654,1.699325442314148,1.5412465333938599,1.5535813570022583,1.4559556245803833,1.509860634803772,1.6132311820983887,1.7882640361785889,1.9528976678848267,2.1400723457336426,2.2934622764587402,2.520662784576416,2.5997543334960938,2.856386423110962,1.3979532718658447,1.052765965461731,0.7310338616371155,0.4133816957473755,0.0,0.3979775011539459,0.7555115222930908,1.1128015518188477,1.3767726421356201,1.7188549041748047,1.9858683347702026,2.2660317420959473,2.540119171142578,2.726719856262207,3.016932249069214,1.8520852327346802,1.4647797346115112,1.1756176948547363,0.8149203658103943,0.5075398683547974,0.5870018601417542,0.6283287405967712,1.0222563743591309,1.2966399192810059,1.653132677078247,1.9199706315994263,2.261038064956665,2.4940338134765625,2.8328471183776855,3.1171655654907227,2.5523414611816406,2.2436845302581787,1.9236758947372437,1.6283003091812134,1.4014692306518555,1.1417171955108643,1.2243740558624268,1.3054968118667603,1.6818634271621704,1.9042888879776,2.257249116897583,2.555866241455078,2.8552560806274414,3.1437675952911377,3.4296061992645264,3.2927980422973633,3.0417160987854004,2.781261682510376,2.5826823711395264,2.268988847732544,2.0062427520751953,2.0414907932281494,1.8743467330932617,2.1354928016662598,2.0851619243621826,2.4091835021972656,2.55452036857605,2.774693489074707,3.11430025100708,3.431627035140991
B6,2.124516487121582,1.9000933170318604,1.6334704160690308,1.397542953491211,1.343786597251892,1.162004828453064,1.1720774173736572,1.2301026582717896,1.406692385673523,1.5745303630828857,1.7909907102584839,1.968403697013855,2.227996349334717,2.3507885932922363,2.6412878036499023,1.6969274282455444,1.3552590608596802,1.088222861289978,0.7541519403457642,0.3979775011539459,0.0,0.37478652596473694,0.7328001856803894,1.0269477367401123,1.3653050661087036,1.6600579023361206,1.9621402025222778,2.26119065284729,2.484844207763672,2.7979273796081543,2.060945510864258,1.6622403860092163,1.4379079341888428,1.0760552883148193,0.7207738161087036,0.555275022983551,0.36349397897720337,0.6950588822364807,0.9889251589775085,1.3364510536193848,1.6308321952819824,1.9894073009490967,2.251573324203491,2.605065107345581,2.911102771759033,2.664318084716797,2.3345072269439697,2.0619428157806396,1.7172542810440063,1.4969875812530518,1.1610076427459717,1.1400915384292603,1.098275065422058,1.4559986591339111,1.6216001510620117,1.9958949089050293,2.2803916931152344,2.6041460037231445,2.8973498344421387,3.2073819637298584,3.3294320106506348,3.0611772537231445,2.8338170051574707,2.603511333465576,2.3066320419311523,1.993013858795166,1.97835111618042,1.7394529581069946,1.9454001188278198,1.8325843811035156,2.13539719581604,2.247150182723999,2.436534881591797,2.774700880050659,3.0776939392089844
B7,2.2549166679382324,2.0004935264587402,1.7075217962265015,1.4205358028411865,1.273016333580017,1.004805088043213,0.9096474051475525,0.8930180668830872,1.0366319417953491,1.2106080055236816,1.4349924325942993,1.6457529067993164,1.9233967065811157,2.091763734817505,2.4053235054016113,1.9268794059753418,1.5900616645812988,1.3870723247528076,1.048737645149231,0.7555115222930908,0.37478652596473694,0.0,0.40786707401275635,0.6876652240753174,1.0426067113876343,1.339470624923706,1.6733925342559814,1.980323314666748,2.243020534515381,2.566040277481079,2.2365942001342773,1.8410509824752808,1.6761418581008911,1.327684998512268,0.9899847507476807,0.735090434551239,0.3650002181529999,0.4529843032360077,0.6945142149925232,1.0387696027755737,1.330607295036316,1.7098335027694702,1.979396939277649,2.349597692489624,2.6630468368530273,2.67803955078125,2.3327088356018066,2.1116039752960205,1.7343653440475464,1.5258651971817017,1.1478036642074585,1.0270302295684814,0.862125813961029,1.1803529262542725,1.2932020425796509,1.6779788732528687,1.952619194984436,2.289642810821533,2.588470220565796,2.913022041320801,3.2493224143981934,2.970107316970825,2.778952121734619,2.5266506671905518,2.2574291229248047,1.9083055257797241,1.8598637580871582,1.5669045448303223,1.7138285636901855,1.5544750690460205,1.826828956604004,1.9230867624282837,2.0883047580718994,2.4242992401123047,2.7173361778259277
B8,2.5491890907287598,2.262502908706665,1.9865070581436157,1.658058762550354,1.4729962348937988,1.1257647275924683,0.9458789825439453,0.7416742444038391,0.7893816828727722,0.8599280118942261,1.100062608718872,1.288945198059082,1.596763253211975,1.787733554840088,2.128509283065796,2.1803433895111084,1.8795220851898193,1.7052276134490967,1.401375412940979,1.1128015518188477,0.7328001856803894,0.40786707401275635,0.0,0.36708053946495056,0.6539087295532227,0.9895415306091309,1.314706563949585,1.6476068496704102,1.9281070232391357,2.271085262298584,2.3614342212677,1.978551983833313,1.8806651830673218,1.5626028776168823,1.2354073524475098,0.896282434463501,0.556222677230835,0.2726784944534302,0.4640039801597595,0.702313244342804,1.0420410633087158,1.403393268585205,1.7156962156295776,2.074619770050049,2.4135146141052246,2.791391611099243,2.4531168937683105,2.2850537300109863,1.8942198753356934,1.7468414306640625,1.352516531944275,1.2095600366592407,0.9267611503601074,1.1629889011383057,1.147070288658142,1.5364370346069336,1.7448047399520874,2.1101720333099365,2.379863739013672,2.7291176319122314,3.383725166320801,3.1138837337493896,2.966817855834961,2.715463638305664,2.4876058101654053,2.1248371601104736,2.0679941177368164,1.7387664318084717,1.8090497255325317,1.590955376625061,1.792844533920288,1.8496791124343872,1.941374659538269,2.2634997367858887,2.514246702194214
B9,2.846222400665283,2.564622163772583,2.2666196823120117,1.9399020671844482,1.7063542604446411,1.3486063480377197,1.082152247428894,0.7955999374389648,0.667410135269165,0.625516414642334,0.7703872919082642,0.9593826532363892,1.251344919204712,1.465220332145691,1.8094902038574219,2.2638020515441895,1.9861469268798828,1.8808848857879639,1.597517967224121,1.3767726421356201,1.0269477367401123,0.6876652240753174,0.36708053946495056,0.0,0.39837631583213806,0.655261218547821,1.0138158798217773,1.3244937658309937,1.6294699907302856,1.9639567136764526,2.3906195163726807,2.029482841491699,1.9910084009170532,1.7040674686431885,1.424904704093933,1.1016933917999268,0.780590295791626,0.41270995140075684,0.2285381257534027,0.3943116068840027,0.6885276436805725,1.0684822797775269,1.3668326139450073,1.7377660274505615,2.0712461471557617,2.650831699371338,2.3147876262664795,2.203622817993164,1.8071774244308472,1.7033299207687378,1.3150585889816284,1.1423118114471436,0.7896327376365662,0.9359278678894043,0.8399600386619568,1.2168282270431519,1.3920612335205078,1.7619919776916504,2.01861572265625,2.3718268871307373,3.2022173404693604,2.9429702758789062,2.8373751640319824,2.593250036239624,2.412144660949707,2.0498158931732178,2.0086898803710938,1.6781790256500244,1.6997525691986084,1.4851571321487427,1.6261389255523682,1.7062323093414307,1.7705869674682617,2.079986810684204,2.3134217262268066
B10,3.142488956451416,2.839066982269287,2.563596248626709,2.2152609825134277,1.978894829750061,1.5934488773345947,1.3176161050796509,0.9435961842536926,0.7269036769866943,0.4475494623184204,0.5584192872047424,0.657625675201416,1.0010181665420532,1.2409839630126953,1.6154953241348267,2.5631425380706787,2.316227436065674,2.214911937713623,1.9546324014663696,1.7188549041748047,1.3653050661087036,1.0426067113876343,0.6539087295532227,0.39837631583213806,0.0,0.38985782861709595,0.7009720206260681,1.055194616317749,1.3779354095458984,1.7357611656188965,2.583153247833252,2.2436001300811768,2.2507405281066895,1.9918901920318604,1.7211042642593384,1.3680154085159302,1.1021006107330322,0.7024438977241516,0.5299567580223083,0.27569952607154846,0.5815906524658203,0.8646356463432312,1.2221051454544067,1.5530930757522583,1.9153636693954468,2.868177652359009,2.5514652729034424,2.4809205532073975,2.0923147201538086,2.037574052810669,1.6599210500717163,1.5006436109542847,1.1325709819793701,1.1929144859313965,0.9727675318717957,1.2920279502868652,1.3530776500701904,1.7379165887832642,1.9394667148590088,2.313054323196411,3.4478986263275146,3.203599214553833,3.133336067199707,2.8972132205963135,2.747530698776245,2.3868401050567627,2.340599775314331,1.9985427856445312,1.965924620628357,1.7153290510177612,1.7834175825119019,1.813247799873352,1.7900421619415283,2.065662384033203,2.2368361949920654
B11,3.471876859664917,3.178514003753662,2.884028911590576,2.544701099395752,2.28312349319458,1.9058613777160645,1.59333336353302,1.2204970121383667,0.9214831590652466,0.5730091333389282,0.3692225217819214,0.30889150500297546,0.618634045124054,0.8927112221717834,1.2694242000579834,2.6577017307281494,2.4409666061401367,2.4003024101257324,2.165374279022217,1.9858683347702026,1.6600579023361206,1.339470624923706,0.9895415306091309,0.655261218547821,0.38985782861709595,0.0,0.40675750374794006,0.7049641609191895,1.0632823705673218,1.403064250946045,2.622241735458374,2.315802574157715,2.377014636993408,2.154407024383545,1.9322764873504639,1.6090445518493652,1.3658418655395508,0.9824138283729553,0.6990953683853149,0.344647079706192,0.2955431044101715,0.5078326463699341,0.8516600728034973,1.185306191444397,1.5418928861618042,2.739372730255127,2.439061403274536,2.430114984512329,2.055954933166504,2.0537431240081787,1.7080543041229248,1.5518207550048828,1.184143304824829,1.14736008644104,0.8566396832466125,1.0855963230133057,1.0541876554489136,1.4287896156311035,1.586373209953308,1.960089087486267,3.2907025814056396,3.0685906410217285,3.0432605743408203,2.8275094032287598,2.7302677631378174,2.3879289627075195,2.3696672916412354,2.0506021976470947,1.983435869216919,1.7633146047592163,1.766248106956482,1.8279441595077515,1.7783091068267822,2.023109197616577,2.164811372756958
B12,3.8379147052764893,3.538684129714966,3.257214069366455,2.9131081104278564,2.666219711303711,2.282796621322632,1.9827311038970947,1.5972552299499512,1.302060842514038,0.9130066633224487,0.6733941435813904,0.29066380858421326,0.4258904457092285,0.5966488718986511,0.9825877547264099,2.8205792903900146,2.6501102447509766,2.627765417098999,2.433560609817505,2.2660317420959473,1.9621402025222778,1.6733925342559814,1.314706563949585,1.0138158798217773,0.7009720206260681,0.40675750374794006,0.0,0.37842249870300293,0.7049245834350586,1.0664684772491455,2.662876844406128,2.3949460983276367,2.5107128620147705,2.3326215744018555,2.141519069671631,1.8184607028961182,1.6406137943267822,1.2677544355392456,1.021101951599121,0.6378012299537659,0.5257389545440674,0.3530633747577667,0.7273712754249573,0.9413074851036072,1.3244136571884155,2.824707269668579,2.5607831478118896,2.5877809524536133,2.238985061645508,2.2987866401672363,1.9765985012054443,1.8716775178909302,1.5327246189117432,1.491399884223938,1.1985609531402588,1.3506648540496826,1.2117969989776611,1.5441383123397827,1.600205421447754,1.9608707427978516,3.4804885387420654,3.2914440631866455,3.2928879261016846,3.10725998878479,3.0394630432128906,2.7181992530822754,2.729466438293457,2.428760528564453,2.357558012008667,2.1493310928344727,2.1226751804351807,2.178631067276001,2.0886929035186768,2.2987515926361084,2.387359380722046
B13,4.166562080383301,3.8765628337860107,3.581509590148926,3.245723247528076,2.9862849712371826,2.61076283454895,2.294020652770996,1.9183292388916016,1.5991452932357788,1.221154808998108,0.8999977707862854,0.5017013549804688,0.24900385737419128,0.2593507766723633,0.6365719437599182,2.941939115524292,2.8048415184020996,2.8312759399414062,2.6636035442352295,2.540119171142578,2.26119065284729,1.980323314666748,1.6476068496704102,1.3244937658309937,1.055194616317749,0.7049641609191895,0.37842249870300293,0.0,0.4067331552505493,0.7248640656471252,2.72989559173584,2.502974271774292,2.663710117340088,2.522676467895508,2.375356674194336,2.083728075027466,1.9267998933792114,1.5760879516601562,1.2976051568984985,0.9478129744529724,0.7025332450866699,0.31406617164611816,0.4840768575668335,0.5846874713897705,0.9654239416122437,2.7464051246643066,2.512873411178589,2.5973663330078125,2.2788989543914795,2.3885653018951416,2.1080238819122314,2.021124839782715,1.710105299949646,1.6173158884048462,1.3221758604049683,1.3734363317489624,1.1468125581741333,1.411657452583313,1.3790429830551147,1.7125401496887207,3.393317222595215,3.235482931137085,3.2775659561157227,3.120882272720337,3.10050630569458,2.807013750076294,2.8483266830444336,2.5786776542663574,2.4924156665802,2.3203446865081787,2.2541110515594482,2.338090658187866,2.238882064819336,2.4178831577301025,2.4804296493530273
