,A1,A2,A3,A4,A5,A6,A7,A8,A9,A10,A11,A12,A13,A14,A15,B1,B2,B3,B4,B5,B6,B7,B8,B9,B10,B11,B12,B13,B14,B15,C1,C2,C3,C4,C5,C6,C7,C8,C9,C10,C11,C12,C13,C14,C15,D1,D2,D3,D4,D5,D6,D7,D8,D9,D10,D11,D12,D13,D14,D15,E1,E2,E3,E4,E5,E6,E7,E8,E9,E10,E11,E12,E13,E14,E15
A1,0.0,0.37865281105041504,0.6733542680740356,0.9813920855522156,1.3441401720046997,1.607140064239502,1.9718172550201416,2.263606309890747,2.6332461833953857,2.7938179969787598,3.1750078201293945,3.223121166229248,3.5548672676086426,3.534856081008911,3.64688777923584,0.7464429140090942,0.6532288789749146,0.6985818147659302,1.0080037117004395,1.3161309957504272,1.6023155450820923,1.9695603847503662,2.2632389068603516,2.64282488822937,2.8301191329956055,3.2200183868408203,3.3135828971862793,3.668632745742798,3.6482274532318115,3.8665802478790283,1.2302874326705933,1.0952601432800293,1.1060136556625366,1.2693699598312378,1.512131929397583,1.759108304977417,2.091763734817505,2.365356922149658,2.734891653060913,2.9383292198181152,3.324928045272827,3.447934150695801,3.81657075881958,3.8272087574005127,4.090857982635498,1.7139935493469238,1.5571234226226807,1.5598806142807007,1.6308201551437378,1.8241040706634521,2.0258588790893555,2.3099217414855957,2.558176279067993,2.895644187927246,3.127582550048828,3.5011699199676514,3.665398120880127,4.04752254486084,4.168835163116455,4.338251113891602,2.2079885005950928,2.0386505126953125,2.0634138584136963,2.0649967193603516,2.2288930416107178,2.398470401763916,2.62092924118042,2.842041015625,3.121788501739502,3.3677279949188232,3.6821162700653076,3.919008255004883,4.285898685455322,4.503727436065674,4.897620677947998
A2,0.37865281105041504,0.0,0.4059498608112335,0.6361644864082336,1.0176148414611816,1.2615348100662231,1.638552188873291,1.9229408502578735,2.298227310180664,2.461564064025879,2.8495349884033203,2.9082019329071045,3.2511274814605713,3.2454137802124023,3.382751226425171,0.8752965927124023,0.6349204778671265,0.6435227990150452,0.8051789999008179,1.0905992984771729,1.3333271741867065,1.696989893913269,1.9726533889770508,2.351520538330078,2.5396087169647217,2.9311110973358154,3.036731243133545,3.4000580310821533,3.395110607147217,3.6364023685455322,1.3499066829681396,1.1347088813781738,1.1367400884628296,1.1791540384292603,1.384816288948059,1.5706216096878052,1.8835163116455078,2.1278939247131348,2.4897537231445312,2.6905298233032227,3.071993827819824,3.20613169670105,3.5779826641082764,3.604081869125366,3.8893027305603027,1.8292776346206665,1.618289828300476,1.6227365732192993,1.6044930219650269,1.7672628164291382,1.9067225456237793,2.165102481842041,2.377236843109131,2.699885129928589,2.925848960876465,3.288130283355713,3.4622161388397217,3.844008445739746,3.97986102104187,4.17234992980957,2.3210558891296387,2.1098392009735107,2.143338680267334,2.076448440551758,2.2225983142852783,2.334778070449829,2.5333516597747803,2.7132046222686768,2.9778599739074707,3.2062532901763916,3.5054826736450195,3.7368240356445312,4.09937047958374,4.314046859741211,4.7120866775512695
A3,0.6733542680740356,0.4059498608112335,0.0,0.3976922333240509,0.7007912397384644,1.0258476734161377,1.3683793544769287,1.6984727382659912,2.057431697845459,2.271014928817749,2.658226728439331,2.7662177085876465,3.1258695125579834,3.165802240371704,3.3415441513061523,1.1387652158737183,0.8044758439064026,0.6081334948539734,0.6424968838691711,0.8053490519523621,1.0889313220977783,1.4145327806472778,1.7244582176208496,2.089083433151245,2.32138729095459,2.712874174118042,2.863652229309082,3.2420589923858643,3.280266523361206,3.5538833141326904,1.5119259357452393,1.2140653133392334,1.1014230251312256,1.0515027046203613,1.1531128883361816,1.3419175148010254,1.6068549156188965,1.870123267173767,2.2157576084136963,2.4545185565948486,2.833646059036255,3.008491039276123,3.391512393951416,3.457120895385742,3.769691228866577,1.9272304773330688,1.6521294116973877,1.580304741859436,1.491289496421814,1.5731210708618164,1.6970863342285156,1.903856635093689,2.122034788131714,2.421675443649292,2.677687883377075,3.0316853523254395,3.2409629821777344,3.629243850708008,3.7969937324523926,4.019308567047119,2.373199701309204,2.1120405197143555,2.0926694869995117,1.9702813625335693,2.05415940284729,2.142226457595825,2.289341926574707,2.4624903202056885,2.696478843688965,2.9409892559051514,3.219759702682495,3.4738359451293945,3.823719024658203,4.059014797210693,4.450768947601318
A4,0.9813920855522156,0.6361644864082336,0.3976922333240509,0.0,0.3917745053768158,0.6436177492141724,1.0109022855758667,1.3182199001312256,1.6866106986999512,1.8868547677993774,2.2779650688171387,2.3840885162353516,2.7481982707977295,2.794948101043701,2.9873905181884766,1.2677675485610962,0.8945651650428772,0.7458604574203491,0.549278974533081,0.6443244814872742,0.8033525943756104,1.1262283325195312,1.3944944143295288,1.7613210678100586,1.9765846729278564,2.36763072013855,2.516242027282715,2.8966472148895264,2.940713882446289,3.2285642623901367,1.5974855422973633,1.2675788402557373,1.1891989707946777,1.0169634819030762,1.0820879936218262,1.155653476715088,1.3971494436264038,1.6041477918624878,1.9417911767959595,2.158202648162842,2.529371738433838,2.7001798152923584,3.0803277492523193,3.1504154205322266,3.475797653198242,1.9891444444656372,1.6883026361465454,1.6472302675247192,1.4786659479141235,1.5440301895141602,1.577823519706726,1.7621631622314453,1.9207011461257935,2.2060465812683105,2.435896158218384,2.7763521671295166,2.979677677154541,3.361820936203003,3.532609701156616,3.7684285640716553,2.4220635890960693,2.137942314147949,2.1479647159576416,1.9672248363494873,2.0500848293304443,2.0674924850463867,2.202087640762329,2.3176820278167725,2.5433547496795654,2.752112627029419,3.019864082336426,3.252473831176758,3.6010022163391113,3.8207004070281982,4.217739105224609
A5,1.3441401720046997,1.0176148414611816,0.7007912397384644,0.3917745053768158,0.0,0.39642444252967834,0.6819995045661926,1.0364218950271606,1.3789880275726318,1.6312013864517212,2.015925645828247,2.1740317344665527,2.5511786937713623,2.646545171737671,2.879685163497925,1.5972641706466675,1.2067979574203491,0.9947537183761597,0.6881147027015686,0.5427430272102356,0.6109001040458679,0.8325785398483276,1.1097019910812378,1.450167179107666,1.7065595388412476,2.091115713119507,2.2861053943634033,2.6775927543640137,2.7673466205596924,3.0882723331451416,1.848795771598816,1.483780026435852,1.3480943441390991,1.0833656787872314,1.0159640312194824,1.011805772781372,1.1563305854797363,1.3416767120361328,1.6458417177200317,1.8904086351394653,2.249389171600342,2.459716320037842,2.8453176021575928,2.9561755657196045,3.3094565868377686,2.1746973991394043,1.8364511728286743,1.751824975013733,1.509390115737915,1.4879670143127441,1.4578871726989746,1.5635100603103638,1.6892329454421997,1.933746099472046,2.1786515712738037,2.498847007751465,2.733527421951294,3.1154205799102783,3.3172812461853027,3.5850837230682373,2.555133104324341,2.236030101776123,2.2146549224853516,1.9747823476791382,1.998484492301941,1.9606212377548218,2.0334975719451904,2.109935998916626,2.2947423458099365,2.4988527297973633,2.7370128631591797,2.9802169799804688,3.3129265308380127,3.5444142818450928,3.9356467723846436
A6,1.607140064239502,1.2615348100662231,1.0258476734161377,0.6436177492141724,0.39642444252967834,0.0,0.39431434869766235,0.6764828562736511,1.0456253290176392,1.2591757774353027,1.6511735916137695,1.792288064956665,2.17085599899292,2.2643396854400635,2.508237600326538,1.7306396961212158,1.3537415266036987,1.2165378332138062,0.8467416763305664,0.7049667239189148,0.5225705504417419,0.6850860714912415,0.8429346680641174,1.184409737586975,1.3935751914978027,1.7761625051498413,1.9519932270050049,2.340506076812744,2.4253246784210205,2.7536580562591553,1.942217230796814,1.5856173038482666,1.5080599784851074,1.1908425092697144,1.1274522542953491,0.985047459602356,1.093147873878479,1.1712604761123657,1.457060694694519,1.6479823589324951,1.9924787282943726,2.180372953414917,2.5561892986297607,2.6594035625457764,3.017717123031616,2.242004632949829,1.9073123931884766,1.8711650371551514,1.5885013341903687,1.576939344406128,1.4566127061843872,1.5470054149627686,1.5878788232803345,1.8137668371200562,2.0055110454559326,2.306436777114868,2.5166683197021484,2.8851888179779053,3.077812910079956,3.349443197250366,2.6063144207000732,2.2860236167907715,2.3062732219696045,2.0341124534606934,2.0749623775482178,1.972672700881958,2.0477523803710938,2.0579946041107178,2.240168571472168,2.389772653579712,2.6194162368774414,2.823833703994751,3.1566569805145264,3.3595759868621826,3.7564539909362793
A7,1.9718172550201416,1.638552188873291,1.3683793544769287,1.0109022855758667,0.6819995045661926,0.39431434869766235,0.0,0.38743531703948975,0.6982111930847168,0.9801663756370544,1.3532675504684448,1.5568197965621948,1.941854476928711,2.0920512676239014,2.3763558864593506,2.063443660736084,1.6847459077835083,1.517090916633606,1.1247397661209106,0.8782586455345154,0.5969895720481873,0.4983748495578766,0.5566772818565369,0.8370490670204163,1.0866011381149292,1.4545587301254272,1.682000756263733,2.0772697925567627,2.213454484939575,2.573704957962036,2.207977056503296,1.8396360874176025,1.7304751873016357,1.369006872177124,1.2135393619537354,0.9825770854949951,0.9463819861412048,0.936724841594696,1.15276300907135,1.3546329736709595,1.674152135848999,1.9003560543060303,2.2758066654205322,2.4219155311584473,2.8062596321105957,2.442375421524048,2.0899691581726074,2.0269930362701416,1.6954456567764282,1.6134849786758423,1.4201663732528687,1.4174658060073853,1.3885403871536255,1.550598382949829,1.7354868650436401,2.0026562213897705,2.2374775409698486,2.5985586643218994,2.8199450969696045,3.122474193572998,2.7488584518432617,2.407991647720337,2.4073173999786377,2.089526414871216,2.0799505710601807,1.9153146743774414,1.927903175354004,1.8775352239608765,2.010932207107544,2.1342337131500244,2.3272104263305664,2.528386116027832,2.8426005840301514,3.048525094985962,3.4388513565063477
A8,2.263606309890747,1.9229408502578735,1.6984727382659912,1.3182199001312256,1.0364218950271606,0.6764828562736511,0.38743531703948975,0.0,0.3839266300201416,0.6039252877235413,0.9898446202278137,1.1863980293273926,1.5762271881103516,1.7374684810638428,2.0442655086517334,2.27803373336792,1.9221030473709106,1.806692361831665,1.4072728157043457,1.2002812623977661,0.8535710573196411,0.7038323879241943,0.5155431628227234,0.6916695833206177,0.8364364504814148,1.1801202297210693,1.3862195014953613,1.7729854583740234,1.9115740060806274,2.2837753295898438,2.3945682048797607,2.0474915504455566,1.9846299886703491,1.613537311553955,1.4801517724990845,1.1812434196472168,1.1106481552124023,0.9665326476097107,1.108365774154663,1.214051365852356,1.4879841804504395,1.6823421716690063,2.035428047180176,2.176373243331909,2.5657310485839844,2.6042022705078125,2.267763614654541,2.2455108165740967,1.9018248319625854,1.8350040912628174,1.583441972732544,1.5643621683120728,1.44557785987854,1.5642778873443604,1.6706528663635254,1.895264983177185,2.09482741355896,2.429152727127075,2.6390342712402344,2.9453647136688232,2.8902366161346436,2.5588138103485107,2.593238592147827,2.261497735977173,2.267530918121338,2.054668664932251,2.067333221435547,1.9520714282989502,2.0720584392547607,2.1278250217437744,2.2996737957000732,2.449371337890625,2.7538952827453613,2.9229562282562256,3.3133115768432617
A9,2.6332461833953857,2.298227310180664,2.057431697845459,1.6866106986999512,1.3789880275726318,1.0456253290176392,0.6982111930847168,0.3839266300201416,0.0,0.38803988695144653,0.6942813992500305,0.9843831062316895,1.363932490348816,1.5954241752624512,1.942955732345581,2.6270859241485596,2.2738850116729736,2.145265817642212,1.7419012784957886,1.4997740983963013,1.1463910341262817,0.8909717202186584,0.5934268832206726,0.5191713571548462,0.6234164237976074,0.891279935836792,1.1560946702957153,1.5327318906784058,1.7321922779083252,2.133079767227173,2.7004430294036865,2.353778839111328,2.2768983840942383,1.8918949365615845,1.7160488367080688,1.3837778568267822,1.2169297933578491,0.9788709878921509,0.9812643527984619,1.0402334928512573,1.2370539903640747,1.4592194557189941,1.791198968887329,1.9776512384414673,2.388127326965332,2.8615942001342773,2.5223207473754883,2.487354278564453,2.1221230030059814,2.013827323913574,1.7178535461425781,1.624758243560791,1.4309402704238892,1.459256649017334,1.521121859550476,1.6786694526672363,1.8864299058914185,2.1940228939056396,2.4277713298797607,2.762509346008301,3.098994016647339,2.7612311840057373,2.7846055030822754,2.427896738052368,2.399134874343872,2.138753652572632,2.0996689796447754,1.9210747480392456,1.9845157861709595,1.990301251411438,2.110187292098999,2.2347164154052734,2.5093190670013428,2.666851758956909,3.045430898666382
A10,2.7938179969787598,2.461564064025879,2.271014928817749,1.8868547677993774,1.6312013864517212,1.2591757774353027,0.9801663756370544,0.6039252877235413,0.38803988695144653,0.0,0.3983582556247711,0.6089338660240173,0.9976311922073364,1.2137935161590576,1.5679175853729248,2.7034971714019775,2.38100528717041,2.306955337524414,1.9086978435516357,1.7202295064926147,1.33998703956604,1.1365306377410889,0.786226749420166,0.6964883804321289,0.5605738162994385,0.7546898722648621,0.9086558818817139,1.2604336738586426,1.4231706857681274,1.8175547122955322,2.75095534324646,2.4350764751434326,2.41049861907959,2.0337045192718506,1.9055598974227905,1.5478646755218506,1.420453429222107,1.1336630582809448,1.1236498355865479,1.0490503311157227,1.19346022605896,1.3188034296035767,1.6114577054977417,1.7523154020309448,2.145995616912842,2.8942437171936035,2.582165241241455,2.596198320388794,2.239705801010132,2.173064947128296,1.8547546863555908,1.7957791090011597,1.5608415603637695,1.5925333499908447,1.565469741821289,1.696079134941101,1.8272982835769653,2.100379705429077,2.2906415462493896,2.601957082748413,3.1203291416168213,2.804213047027588,2.8713457584381104,2.5217363834381104,2.5310966968536377,2.252448558807373,2.249401330947876,2.0418918132781982,2.1266281604766846,2.0747244358062744,2.200920343399048,2.261354446411133,2.537489652633667,2.6428470611572266,3.0229413509368896
A11,3.1750078201293945,2.8495349884033203,2.658226728439331,2.2779650688171387,2.015925645828247,1.6511735916137695,1.3532675504684448,0.9898446202278137,0.6942813992500305,0.3983582556247711,0.0,0.393462210893631,0.7130162119865417,1.0175820589065552,1.4044411182403564,3.0472540855407715,2.736201524734497,2.6644978523254395,2.2675282955169678,2.069573402404785,1.6870362758636475,1.448177456855774,1.0757204294204712,0.8639095425605774,0.6112906336784363,0.5633658170700073,0.6836212873458862,0.9713500142097473,1.1891640424728394,1.6000468730926514,3.052696704864502,2.748539447784424,2.7261343002319336,2.3471176624298096,2.204519748687744,1.8306376934051514,1.6605405807495117,1.3256583213806152,1.2125403881072998,1.0426924228668213,1.051862120628357,1.1345241069793701,1.3591582775115967,1.522878646850586,1.9198991060256958,3.149977922439575,2.8478574752807617,2.8648548126220703,2.5015597343444824,2.418240785598755,2.072317123413086,1.974166989326477,1.6841261386871338,1.6438844203948975,1.53914475440979,1.5825785398483276,1.6728267669677734,1.8883700370788574,2.0753378868103027,2.3973939418792725,3.329277753829956,3.019662618637085,3.089695692062378,2.729637384414673,2.7239725589752197,2.4105935096740723,2.380406618118286,2.120457410812378,2.1644058227539062,2.046652317047119,2.124574661254883,2.1271255016326904,2.367583990097046,2.4322524070739746,2.7949836254119873
A12,3.223121166229248,2.9082019329071045,2.7662177085876465,2.3840885162353516,2.1740317344665527,1.792288064956665,1.5568197965621948,1.1863980293273926,0.9843831062316895,0.6089338660240173,0.393462210893631,0.0,0.39254140853881836,0.633445143699646,1.0189287662506104,3.01900053024292,2.7436673641204834,2.7236218452453613,2.3426995277404785,2.199861526489258,1.811212420463562,1.6346216201782227,1.2649015188217163,1.1247450113296509,0.800356924533844,0.7428891658782959,0.6279675364494324,0.8340635299682617,0.9370906352996826,1.314736008644104,3.003419876098633,2.7354736328125,2.7636232376098633,2.404493808746338,2.315091371536255,1.9388792514801025,1.8277722597122192,1.4955202341079712,1.4302470684051514,1.1949597597122192,1.2019435167312622,1.1531766653060913,1.324501872062683,1.3903218507766724,1.740883231163025,3.0891647338867188,2.820328712463379,2.885680675506592,2.543793201446533,2.5100297927856445,2.1651692390441895,2.1207988262176514,1.8305327892303467,1.8314541578292847,1.6760790348052979,1.7298717498779297,1.7345670461654663,1.92035973072052,2.0375163555145264,2.3082938194274902,3.264597177505493,2.9834518432617188,3.0972249507904053,2.757625102996826,2.797811508178711,2.488715171813965,2.5097997188568115,2.2534639835357666,2.3398876190185547,2.1965956687927246,2.3062150478363037,2.2624168395996094,2.516766309738159,2.5347511768341064,2.899190664291382
A13,3.5548672676086426,3.2511274814605713,3.1258695125579834,2.7481982707977295,2.5511786937713623,2.17085599899292,1.941854476928711,1.5762271881103516,1.363932490348816,0.9976311922073364,0.7130162119865417,0.39254140853881836,0.0,0.3784428834915161,0.7652274370193481,3.298125982284546,3.0468246936798096,3.0460681915283203,2.675539970397949,2.5460071563720703,2.1589550971984863,1.9840635061264038,1.612989068031311,1.4470127820968628,1.0911037921905518,0.9208419919013977,0.6725553274154663,0.6666352152824402,0.7108290195465088,1.047910451889038,3.244232654571533,3.0021162033081055,3.0495522022247314,2.7013707160949707,2.6227755546569824,2.243224620819092,2.1302154064178467,1.7844175100326538,1.685225248336792,1.3916300535202026,1.3115969896316528,1.1622051000595093,1.2155183553695679,1.226065993309021,1.52541184425354,3.290534257888794,3.04655122756958,3.131570339202881,2.799158811569214,2.773956060409546,2.4195287227630615,2.372663736343384,2.0587217807769775,2.032909393310547,1.8143411874771118,1.810551404953003,1.7380329370498657,1.8489665985107422,1.9141497611999512,2.1523423194885254,3.4270310401916504,3.1673784255981445,3.2993946075439453,2.966919422149658,3.0150108337402344,2.6909070014953613,2.715177297592163,2.4330477714538574,2.509084939956665,2.31472110748291,2.4029603004455566,2.2955150604248047,2.5224623680114746,2.482476234436035,2.8248722553253174
A14,3.534856081008911,3.2454137802124023,3.165802240371704,2.794948101043701,2.646545171737671,2.2643396854400635,2.0920512676239014,1.7374684810638428,1.5954241752624512,1.2137935161590576,1.0175820589065552,0.633445143699646,0.3784428834915161,0.0,0.4070492684841156,3.219369888305664,3.004990339279175,3.0503575801849365,2.7031517028808594,2.624971389770508,2.246110200881958,2.12990403175354,1.7790297269821167,1.6798588037490845,1.3201186656951904,1.2130053043365479,0.901623010635376,0.8541149497032166,0.7072468400001526,0.9207157492637634,3.1549367904663086,2.950404644012451,3.0428390502929688,2.7215147018432617,2.6934046745300293,2.3264598846435547,2.2712268829345703,1.948136568069458,1.9054862260818481,1.6044213771820068,1.5671000480651855,1.3577806949615479,1.3914211988449097,1.2953379154205322,1.514086127281189,3.1993768215179443,2.990485906600952,3.1183626651763916,2.8144683837890625,2.837064504623413,2.498812198638916,2.5058040618896484,2.213019609451294,2.2363646030426025,2.009385585784912,2.040971040725708,1.9218547344207764,2.025975465774536,2.027385711669922,2.201432228088379,3.341076135635376,3.112414598464966,3.28287935256958,2.9784023761749268,3.0704808235168457,2.7656126022338867,2.8397247791290283,2.5801963806152344,2.699737071990967,2.5088632106781006,2.6352410316467285,2.5141024589538574,2.7609732151031494,2.699624538421631,3.0442073345184326
A15,3.64688777923584,3.382751226425171,3.3415441513061523,2.9873905181884766,2.879685163497925,2.508237600326538,2.3763558864593506,2.0442655086517334,1.942955732345581,1.5679175853729248,1.4044411182403564,1.0189287662506104,0.7652274370193481,0.4070492684841156,0.0,3.2578060626983643,3.0868875980377197,3.1703121662139893,2.852489948272705,2.8159143924713135,2.4528512954711914,2.3772783279418945,2.0488743782043457,1.9848263263702393,1.6218210458755493,1.5282279253005981,1.168885350227356,1.0512768030166626,0.7617565989494324,0.7721850275993347,3.154749631881714,2.9952845573425293,3.125556230545044,2.8359358310699463,2.847890615463257,2.496641159057617,2.481553316116333,2.1772117614746094,2.162616729736328,1.8445675373077393,1.8143584728240967,1.540748119354248,1.5251740217208862,1.326590895652771,1.433506965637207,3.167198419570923,3.0014333724975586,3.166762351989746,2.8947389125823975,2.9550106525421143,2.631277322769165,2.6768157482147217,2.397066354751587,2.447608470916748,2.1966047286987305,2.238232374191284,2.0591485500335693,2.132884979248047,2.060906410217285,2.1579360961914062,3.283830404281616,3.093801498413086,3.2983450889587402,3.0242950916290283,3.1512651443481445,2.859988212585449,2.973327875137329,2.7265257835388184,2.875741958618164,2.6727256774902344,2.8233916759490967,2.67240834236145,2.9257702827453613,2.830437660217285,3.1663265228271484
B1,0.7464429140090942,0.8752965927124023,1.1387652158737183,1.2677675485610962,1.5972641706466675,1.7306396961212158,2.063443660736084,2.27803373336792,2.6270859241485596,2.7034971714019775,3.0472540855407715,3.01900053024292,3.298125982284546,3.219369888305664,3.2578060626983643,0.0,0.39525383710861206,0.7264366745948792,1.0112192630767822,1.385435700416565,1.5813302993774414,1.9612617492675781,2.194322109222412,2.57000994682312,2.6755330562591553,3.0429494380950928,3.054182529449463,3.365727186203003,3.2800049781799316,3.4317920207977295,0.5546640157699585,0.5786068439483643,0.8286226987838745,1.0629174709320068,1.4208097457885742,1.6193183660507202,2.002988576889038,2.2352516651153564,2.6152098178863525,2.742536783218384,3.120563507080078,3.163635492324829,3.5005531311035156,3.4442503452301025,3.6478519439697266,1.0804253816604614,1.0106713771820068,1.170067310333252,1.3081586360931396,1.6168179512023926,1.7983121871948242,2.1534616947174072,2.3729426860809326,2.7405459880828857,2.9038825035095215,3.2841947078704834,3.373178243637085,3.733125925064087,3.792022943496704,3.901045560836792,1.6078304052352905,1.4958388805389404,1.6293054819107056,1.6802341938018799,1.9447320699691772,2.1099038124084473,2.414992094039917,2.6226537227630615,2.953803777694702,3.152522087097168,3.50262451171875,3.6845390796661377,4.069476127624512,4.241306304931641,4.637767314910889
B2,0.6532288789749146,0.6349204778671265,0.8044758439064026,0.8945651650428772,1.2067979574203491,1.3537415266036987,1.6847459077835083,1.9221030473709106,2.2738850116729736,2.38100528717041,2.736201524734497,2.7436673641204834,3.0468246936798096,3.004990339279175,3.0868875980377197,0.39525383710861206,0.0,0.38108712434768677,0.6235725283622742,1.0014785528182983,1.2091052532196045,1.5922821760177612,1.8435704708099365,2.223466157913208,2.3578786849975586,2.735799789428711,2.783104419708252,3.1168904304504395,3.068098783493042,3.2604217529296875,0.7406955361366272,0.5179821848869324,0.6484073400497437,0.7719700336456299,1.1012979745864868,1.2911700010299683,1.6653096675872803,1.9050376415252686,2.2852840423583984,2.438349723815918,2.8220584392547607,2.8994221687316895,3.2532613277435303,3.232612133026123,3.4730119705200195,1.211179494857788,1.0125821828842163,1.0932087898254395,1.1224465370178223,1.3804301023483276,1.5334111452102661,1.862683653831482,2.0779173374176025,2.435962677001953,2.6206536293029785,2.9986214637756348,3.1191723346710205,3.490502119064331,3.5816142559051514,3.7276856899261475,1.710066795349121,1.5138704776763916,1.6012859344482422,1.5645866394042969,1.7812901735305786,1.9077203273773193,2.1759133338928223,2.3662776947021484,2.678318738937378,2.884511947631836,3.219832181930542,3.4181716442108154,3.7976949214935303,3.9850478172302246,4.383852958679199
B3,0.6985818147659302,0.6435227990150452,0.6081334948539734,0.7458604574203491,0.9947537183761597,1.2165378332138062,1.517090916633606,1.806692361831665,2.145265817642212,2.306955337524414,2.6644978523254395,2.7236218452453613,3.0460681915283203,3.0503575801849365,3.1703121662139893,0.7264366745948792,0.38108712434768677,0.0,0.4038051664829254,0.7252554297447205,1.0226496458053589,1.3831440210342407,1.6870969533920288,2.05879545211792,2.2449963092803955,2.62739634513855,2.7234315872192383,3.075514316558838,3.0713040828704834,3.29610538482666,0.9463850259780884,0.622849702835083,0.508945882320404,0.5737444162368774,0.8272072076797485,1.082764744758606,1.431442379951477,1.717014193534851,2.0908589363098145,2.2924439907073975,2.680849075317383,2.803276777267456,3.172821283340454,3.1934046745300293,3.461162805557251,1.323991060256958,1.047784686088562,0.9975212216377258,0.9684537053108215,1.146667718887329,1.328041434288025,1.6220799684524536,1.8716270923614502,2.21804141998291,2.4453823566436768,2.823791742324829,2.9843926429748535,3.367579221725464,3.4924614429473877,3.667257785797119,1.7655390501022339,1.5139745473861694,1.5180009603500366,1.4359209537506104,1.5838472843170166,1.7156884670257568,1.9393967390060425,2.148587703704834,2.437490224838257,2.6756060123443604,2.9977457523345947,3.2284016609191895,3.59826922416687,3.8132739067077637,4.205962657928467
B4,1.0080037117004395,0.8051789999008179,0.6424968838691711,0.549278974533081,0.6881147027015686,0.8467416763305664,1.1247397661209106,1.4072728157043457,1.7419012784957886,1.9086978435516357,2.2675282955169678,2.3426995277404785,2.675539970397949,2.7031517028808594,2.852489948272705,1.0112192630767822,0.6235725283622742,0.4038051664829254,0.0,0.3811245858669281,0.6239306330680847,0.9958796501159668,1.2899062633514404,1.665566325187683,1.855263113975525,2.24153470993042,2.3532114028930664,2.716069459915161,2.734123468399048,2.9865121841430664,1.1730082035064697,0.7986631393432617,0.6824461221694946,0.47088417410850525,0.6238183975219727,0.7681947350502014,1.1034349203109741,1.3590267896652222,1.731791615486145,1.9321060180664062,2.3194172382354736,2.4556493759155273,2.831519365310669,2.872518301010132,3.1659634113311768,1.4908862113952637,1.162777304649353,1.1115057468414307,0.9350475072860718,1.0462297201156616,1.118019461631775,1.3761428594589233,1.5773011445999146,1.9105015993118286,2.1303696632385254,2.499387502670288,2.671095371246338,3.055769920349121,3.1981747150421143,3.4000256061553955,1.8917462825775146,1.5944164991378784,1.604900598526001,1.4255354404449463,1.5384950637817383,1.5800814628601074,1.7687970399856567,1.9199072122573853,2.1923630237579346,2.40696120262146,2.7143375873565674,2.937291145324707,3.304049015045166,3.515213966369629,3.9128408432006836
B5,1.3161309957504272,1.0905992984771729,0.8053490519523621,0.6443244814872742,0.5427430272102356,0.7049667239189148,0.8782586455345154,1.2002812623977661,1.4997740983963013,1.7202295064926147,2.069573402404785,2.199861526489258,2.5460071563720703,2.624971389770508,2.8159143924713135,1.385435700416565,1.0014785528182983,0.7252554297447205,0.3811245858669281,0.0,0.3886958062648773,0.6855377554893494,1.030611515045166,1.3848812580108643,1.627310037612915,2.009958028793335,2.1742494106292725,2.5511727333068848,2.61972713470459,2.9076154232025146,1.4903167486190796,1.1006118059158325,0.9020391702651978,0.5847276449203491,0.4754018783569336,0.5565019845962524,0.8035761713981628,1.0826287269592285,1.436211109161377,1.6828296184539795,2.0660533905029297,2.2504348754882812,2.6371469497680664,2.724667549133301,3.0491459369659424,1.7300142049789429,1.3672857284545898,1.244264006614685,0.9765457510948181,0.9490553140640259,0.9559326171875,1.1243795156478882,1.318020224571228,1.6204696893692017,1.874165415763855,2.2316975593566895,2.444463014602661,2.8351473808288574,3.0145392417907715,3.252058982849121,2.0620157718658447,1.726545810699463,1.6837925910949707,1.434577465057373,1.460843801498413,1.4459601640701294,1.558915615081787,1.6832572221755981,1.9159611463546753,2.142120838165283,2.424365997314453,2.669776439666748,3.023010730743408,3.2545204162597656,3.646864891052246
B6,1.6023155450820923,1.3333271741867065,1.0889313220977783,0.8033525943756104,0.6109001040458679,0.5225705504417419,0.5969895720481873,0.8535710573196411,1.1463910341262817,1.33998703956604,1.6870362758636475,1.811212420463562,2.1589550971984863,2.246110200881958,2.4528512954711914,1.5813302993774414,1.2091052532196045,1.0226496458053589,0.6239306330680847,0.3886958062648773,0.0,0.38925108313560486,0.670671820640564,1.045139193534851,1.259076476097107,1.6473791599273682,1.804266333580017,2.1852781772613525,2.2591121196746826,2.5625956058502197,1.6529228687286377,1.2749179601669312,1.1495763063430786,0.7764042019844055,0.6548364758491516,0.46315187215805054,0.6430071592330933,0.8071354627609253,1.1610089540481567,1.3688732385635376,1.7486045360565186,1.9223943948745728,2.3079299926757812,2.397566080093384,2.736246109008789,1.8599207401275635,1.500034213066101,1.431029200553894,1.1080585718154907,1.0724029541015625,0.935469388961792,1.0611443519592285,1.1455270051956177,1.4286901950836182,1.6358442306518555,1.9784868955612183,2.1769094467163086,2.560513734817505,2.7395455837249756,2.9901926517486572,2.1660284996032715,1.8252874612808228,1.8249696493148804,1.5286413431167603,1.560386300086975,1.4522805213928223,1.5501480102539062,1.586851716041565,1.8093934059143066,1.9786185026168823,2.249361515045166,2.460618019104004,2.814518451690674,3.022493600845337,3.422231674194336
B7,1.9695603847503662,1.696989893913269,1.4145327806472778,1.1262283325195312,0.8325785398483276,0.6850860714912415,0.4983748495578766,0.7038323879241943,0.8909717202186584,1.1365306377410889,1.448177456855774,1.6346216201782227,1.9840635061264038,2.12990403175354,2.3772783279418945,1.9612617492675781,1.5922821760177612,1.3831440210342407,0.9958796501159668,0.6855377554893494,0.38925108313560486,0.0,0.3786548972129822,0.7025719881057739,0.9815266728401184,1.35524582862854,1.5730350017547607,1.9619630575180054,2.094135046005249,2.4321770668029785,1.989998459815979,1.6127269268035889,1.4571571350097656,1.0690195560455322,0.8374916911125183,0.5487200021743774,0.44870659708976746,0.5161008238792419,0.8184454441070557,1.070115327835083,1.4357270002365112,1.6624033451080322,2.053257942199707,2.1948251724243164,2.5642037391662598,2.135092258453369,1.7662111520767212,1.664141297340393,1.3004400730133057,1.167784571647644,0.9404252171516418,0.9203113317489624,0.9190187454223633,1.132348656654358,1.352259874343872,1.6676501035690308,1.904888391494751,2.28727388381958,2.5038280487060547,2.7922327518463135,2.376565456390381,2.0188400745391846,1.9884616136550903,1.6454216241836548,1.6062819957733154,1.4229909181594849,1.431401014328003,1.395577311515808,1.5585609674453735,1.708682656288147,1.9418067932128906,2.1603851318359375,2.4971253871917725,2.716101884841919,3.110501527786255
B8,2.2632389068603516,1.9726533889770508,1.7244582176208496,1.3944944143295288,1.1097019910812378,0.8429346680641174,0.5566772818565369,0.5155431628227234,0.5934268832206726,0.786226749420166,1.0757204294204712,1.2649015188217163,1.612989068031311,1.7790297269821167,2.0488743782043457,2.194322109222412,1.8435704708099365,1.6870969533920288,1.2899062633514404,1.030611515045166,0.670671820640564,0.3786548972129822,0.0,0.3851104974746704,0.6149761080741882,0.9980196356773376,1.2155942916870117,1.6097906827926636,1.7571735382080078,2.115903377532959,2.201192855834961,1.8455991744995117,1.7407011985778809,1.3484861850738525,1.153762936592102,0.8016249537467957,0.6472437977790833,0.4515301585197449,0.6515964865684509,0.8090460300445557,1.1518795490264893,1.3643385171890259,1.748197078704834,1.8964282274246216,2.2819290161132812,2.3210229873657227,1.96963369846344,1.9117523431777954,1.5387084484100342,1.4235750436782837,1.1269768476486206,1.0706623792648315,0.9306888580322266,1.0752135515213013,1.203984022140503,1.477490782737732,1.6884474754333496,2.0521388053894043,2.266267776489258,2.5681312084198,2.5374813079833984,2.189648389816284,2.195857048034668,1.8373801708221436,1.8111011981964111,1.566713571548462,1.564023733139038,1.4379900693893433,1.5747795104980469,1.6422653198242188,1.848624587059021,2.014336109161377,2.3434271812438965,2.528168201446533,2.926206350326538
B9,2.64282488822937,2.351520538330078,2.089083433151245,1.7613210678100586,1.450167179107666,1.184409737586975,0.8370490670204163,0.6916695833206177,0.5191713571548462,0.6964883804321289,0.8639095425605774,1.1247450113296509,1.4470127820968628,1.6798588037490845,1.9848263263702393,2.57000994682312,2.223466157913208,2.05879545211792,1.665566325187683,1.3848812580108643,1.045139193534851,0.7025719881057739,0.3851104974746704,0.0,0.3780938684940338,0.6913557052612305,0.9947593808174133,1.3804064989089966,1.5989866256713867,1.9873974323272705,2.54699444770813,2.197284460067749,2.0818932056427,1.6890387535095215,1.4605334997177124,1.103816270828247,0.8458441495895386,0.5345627069473267,0.4628545641899109,0.5764693021774292,0.8459029793739319,1.117652177810669,1.4898686408996582,1.698189616203308,2.110562801361084,2.623108148574829,2.275056838989258,2.2048182487487793,1.8205318450927734,1.662341833114624,1.3300050497055054,1.1768081188201904,0.9369194507598877,0.941943883895874,1.0169755220413208,1.2128490209579468,1.4486525058746338,1.7912274599075317,2.0406501293182373,2.3797500133514404,2.788742780685425,2.4393868446350098,2.4320895671844482,2.0538082122802734,1.9857081174850464,1.6913868188858032,1.6194485425949097,1.41264808177948,1.4707673788070679,1.4764240980148315,1.61995530128479,1.7628720998764038,2.0626957416534424,2.241389036178589,2.6305508613586426
B10,2.8301191329956055,2.5396087169647217,2.32138729095459,1.9765846729278564,1.7065595388412476,1.3935751914978027,1.0866011381149292,0.8364364504814148,0.6234164237976074,0.5605738162994385,0.6112906336784363,0.800356924533844,1.0911037921905518,1.3201186656951904,1.6218210458755493,2.6755330562591553,2.3578786849975586,2.2449963092803955,1.855263113975525,1.627310037612915,1.259076476097107,0.9815266728401184,0.6149761080741882,0.3780938684940338,0.0,0.3923349976539612,0.6277173161506653,1.0211132764816284,1.2277262210845947,1.6225205659866333,2.620769739151001,2.3016152381896973,2.2379212379455566,1.8535230159759521,1.6755380630493164,1.2947478294372559,1.0907607078552246,0.7345665097236633,0.6349564790725708,0.4891503155231476,0.6825541853904724,0.8510262370109558,1.2044018507003784,1.3814913034439087,1.7933331727981567,2.6706695556640625,2.3502252101898193,2.3296217918395996,1.9541412591934204,1.8395782709121704,1.4825726747512817,1.36774480342865,1.0742985010147095,1.0694044828414917,1.0066837072372437,1.156156063079834,1.2989373207092285,1.6077831983566284,1.8175292015075684,2.1421754360198975,2.8157501220703125,2.4881410598754883,2.5256059169769287,2.1532113552093506,2.1237144470214844,1.8051676750183105,1.7704126834869385,1.522631287574768,1.597907304763794,1.5217324495315552,1.6645327806472778,1.7242733240127563,2.0245509147644043,2.1429595947265625,2.53615403175354
B11,3.2200183868408203,2.9311110973358154,2.712874174118042,2.36763072013855,2.091115713119507,1.7761625051498413,1.4545587301254272,1.1801202297210693,0.891279935836792,0.7546898722648621,0.5633658170700073,0.7428891658782959,0.9208419919013977,1.2130053043365479,1.5282279253005981,3.0429494380950928,2.735799789428711,2.62739634513855,2.24153470993042,2.009958028793335,1.6473791599273682,1.35524582862854,0.9980196356773376,0.6913557052612305,0.3923349976539612,0.0,0.3988139033317566,0.7321513295173645,1.0283840894699097,1.4406352043151855,2.9591257572174072,2.6534793376922607,2.5935418605804443,2.2136762142181396,2.027430534362793,1.6473582983016968,1.4136241674423218,1.0437722206115723,0.8257423043251038,0.5625535249710083,0.48965126276016235,0.6231340765953064,0.9107019305229187,1.1441196203231812,1.5721153020858765,2.970487594604492,2.663426160812378,2.6457741260528564,2.271284580230713,2.1423728466033936,1.771324634552002,1.6163527965545654,1.2770793437957764,1.1732416152954102,1.0080647468566895,1.0229073762893677,1.1187008619308472,1.3611505031585693,1.5810694694519043,1.9299817085266113,3.070474147796631,2.7532341480255127,2.7918126583099365,2.415264844894409,2.368429660797119,2.02095627784729,1.9518340826034546,1.6488761901855469,1.6651710271835327,1.5068398714065552,1.580599308013916,1.5683743953704834,1.8252613544464111,1.8995064496994019,2.2771425247192383
B12,3.3135828971862793,3.036731243133545,2.863652229309082,2.516242027282715,2.2861053943634033,1.9519932270050049,1.682000756263733,1.3862195014953613,1.1560946702957153,0.9086558818817139,0.6836212873458862,0.6279675364494324,0.6725553274154663,0.901623010635376,1.168885350227356,3.054182529449463,2.783104419708252,2.7234315872192383,2.3532114028930664,2.1742494106292725,1.804266333580017,1.5730350017547607,1.2155942916870117,0.9947593808174133,0.6277173161506653,0.3988139033317566,0.0,0.3968743681907654,0.634003758430481,1.0476657152175903,2.936119794845581,2.6681039333343506,2.6574020385742188,2.2976181507110596,2.164090871810913,1.780649185180664,1.6095281839370728,1.2459238767623901,1.0932706594467163,0.7550911903381348,0.665709912776947,0.527318000793457,0.731711745262146,0.8511207103729248,1.256767988204956,2.9210238456726074,2.6492507457733154,2.6803629398345947,2.327355146408081,2.2485105991363525,1.876062273979187,1.779082179069519,1.4389278888702393,1.3825329542160034,1.143128752708435,1.1564157009124756,1.1122788190841675,1.3023722171783447,1.4307655096054077,1.7262616157531738,3.002208948135376,2.7151942253112793,2.799060821533203,2.4424712657928467,2.4425971508026123,2.0948843955993652,2.0817084312438965,1.7785954475402832,1.8415104150772095,1.6430586576461792,1.7488090991973877,1.6651371717453003,1.9307652711868286,1.9372987747192383,2.3134119510650635
B13,3.668632745742798,3.4000580310821533,3.2420589923858643,2.8966472148895264,2.6775927543640137,2.340506076812744,2.0772697925567627,1.7729854583740234,1.5327318906784058,1.2604336738586426,0.9713500142097473,0.8340635299682617,0.6666352152824402,0.8541149497032166,1.0512768030166626,3.365727186203003,3.1168904304504395,3.075514316558838,2.716069459915161,2.5511727333068848,2.1852781772613525,1.9619630575180054,1.6097906827926636,1.3804064989089966,1.0211132764816284,0.7321513295173645,0.3968743681907654,0.0,0.38596126437187195,0.7725051641464233,3.2147226333618164,2.972646713256836,2.980139970779419,2.634282350540161,2.5131325721740723,2.134390115737915,1.9671673774719238,1.6065729856491089,1.4298453330993652,1.0683927536010742,0.872785210609436,0.59683758020401,0.5527910590171814,0.6035400032997131,0.9733881950378418,3.161644697189331,2.9166009426116943,2.9657435417175293,2.6267189979553223,2.5568149089813232,2.183720111846924,2.085353374481201,1.7339820861816406,1.6463991403579712,1.3463131189346313,1.2739535570144653,1.1214560270309448,1.1912213563919067,1.2503527402877808,1.5144658088684082,3.2008886337280273,2.93841552734375,3.03816294670105,2.6933720111846924,2.6993753910064697,2.3421988487243652,2.3291175365448,2.004261016845703,2.0476796627044678,1.7920856475830078,1.8613711595535278,1.695617914199829,1.9171682596206665,1.8474854230880737,2.194096565246582
