,A1,A2,A3,A4,A5,A6,A7,A8,A9,A10,A11,A12,A13,A14,A15,B1,B2,B3,B4,B5,B6,B7,B8,B9,B10,B11,B12,B13,B14,B15,C1,C2,C3,C4,C5,C6,C7,C8,C9,C10,C11,C12,C13,C14,C15,D1,D2,D3,D4,D5,D6,D7,D8,D9,D10,D11,D12,D13,D14,D15,E1,E2,E3,E4,E5,E6,E7,E8,E9,E10,E11,E12,E13,E14,E15
A1,0.0,0.38481494784355164,0.6192643642425537,0.9795011281967163,1.2689491510391235,1.5280745029449463,1.8633956909179688,2.0785341262817383,2.3214409351348877,2.669309616088867,2.8995864391326904,3.117863893508911,3.429988384246826,3.5931472778320312,3.6050527095794678,2.9618470668792725,2.855800151824951,2.597566604614258,2.635521173477173,2.4325406551361084,2.5363335609436035,2.363260507583618,2.550032377243042,2.672788381576538,2.7430310249328613,3.1017415523529053,3.2195682525634766,3.5370492935180664,3.7871594429016113,3.8517119884490967,3.9976329803466797,4.225861072540283,4.582397937774658,4.796051979064941,5.099776744842529,5.322160243988037,5.47538948059082,5.478499412536621,5.607660293579102,5.640303611755371,5.5482587814331055,5.748159885406494,5.621565341949463,5.849637508392334,5.72164249420166,4.936087608337402,5.282701015472412,5.462100982666016,5.820359230041504,6.055327415466309,6.338247299194336,6.538479804992676,6.64744234085083,6.854333877563477,6.943766117095947,6.872507095336914,7.0301618576049805,6.873470306396484,6.959840774536133,6.758184432983398,6.900235652923584,7.232333660125732,7.473927974700928,7.802600860595703,8.07876205444336,8.378342628479004,8.701727867126465,8.970696449279785,9.160417556762695,9.45236587524414,9.715983390808105,9.9015531539917,10.17141342163086,10.443608283996582,10.668943405151367
A2,0.38481494784355164,0.0,0.37491753697395325,0.6524376273155212,0.9022881984710693,1.1947535276412964,1.5087722539901733,1.7191994190216064,1.976357340812683,2.3175876140594482,2.535574197769165,2.7690114974975586,3.075303077697754,3.254669189453125,3.2860357761383057,2.8021843433380127,2.6990959644317627,2.479776620864868,2.5379323959350586,2.362398386001587,2.4678430557250977,2.3113784790039062,2.4862804412841797,2.586459159851074,2.6237165927886963,2.9665374755859375,3.0475549697875977,3.347813129425049,3.5785670280456543,3.6255369186401367,3.7207133769989014,3.9342305660247803,4.292535305023193,4.4899444580078125,4.797199726104736,5.007425308227539,5.157719135284424,5.160192966461182,5.27710485458374,5.312386989593506,5.21501350402832,5.405846118927002,5.27353572845459,5.492981433868408,5.35723352432251,4.5867815017700195,4.933023452758789,5.121245861053467,5.475802421569824,5.714488506317139,5.992420673370361,6.1853346824646,6.294861793518066,6.494841575622559,6.582304000854492,6.507352828979492,6.659489154815674,6.500753402709961,6.582559108734131,6.377839088439941,6.539968013763428,6.873088359832764,7.116903305053711,7.443560600280762,7.720952987670898,8.018726348876953,8.340034484863281,8.605579376220703,8.791312217712402,9.083187103271484,9.344073295593262,9.526543617248535,9.795788764953613,10.066315650939941,10.290299415588379
A3,0.6192643642425537,0.37491753697395325,0.0,0.38332080841064453,0.721939206123352,0.9312893748283386,1.2773231267929077,1.5275545120239258,1.7330373525619507,2.0890052318573,2.3453431129455566,2.5498697757720947,2.877441644668579,3.027326822280884,3.0531928539276123,2.7363202571868896,2.6811115741729736,2.4796526432037354,2.5930938720703125,2.461852550506592,2.6151838302612305,2.504392623901367,2.708538055419922,2.8286538124084473,2.8741891384124756,3.207097053527832,3.2765862941741943,3.5617713928222656,3.7667152881622314,3.780975341796875,3.603543281555176,3.796858072280884,4.1549601554870605,4.350105285644531,4.671091556549072,4.88778018951416,5.059744834899902,5.087366104125977,5.207223892211914,5.268960475921631,5.187859535217285,5.378990650177002,5.258358955383301,5.465285778045654,5.309110164642334,4.361180305480957,4.700732231140137,4.884803771972656,5.241547107696533,5.486011981964111,5.776553630828857,5.98115348815918,6.105961322784424,6.314226150512695,6.420162200927734,6.363018989562988,6.521766662597656,6.3815178871154785,6.4683356285095215,6.266341686248779,6.304366111755371,6.634414196014404,6.874329566955566,7.204334735870361,7.479994297027588,7.78056001663208,8.106703758239746,8.38049602508545,8.576777458190918,8.869860649108887,9.138978004455566,9.332000732421875,9.602580070495605,9.880157470703125,10.110099792480469
A4,0.9795011281967163,0.6524376273155212,0.38332080841064453,0.0,0.3613063395023346,0.5729433298110962,0.8998822569847107,1.1684902906417847,1.3691463470458984,1.7226866483688354,1.9780752658843994,2.192242383956909,2.519893169403076,2.6802053451538086,2.729241371154785,2.6495206356048584,2.6103384494781494,2.4578161239624023,2.5989620685577393,2.505706787109375,2.664419651031494,2.5790750980377197,2.771812677383423,2.8723723888397217,2.8888638019561768,3.1978747844696045,3.2294461727142334,3.489948034286499,3.667752981185913,3.6577436923980713,3.3622963428497314,3.531824827194214,3.8897554874420166,4.065088272094727,4.392406463623047,4.596517086029053,4.770275592803955,4.8034749031066895,4.910167694091797,4.981136798858643,4.898428916931152,5.078897476196289,4.955073833465576,5.148594379425049,4.9790143966674805,4.000329971313477,4.337274551391602,4.530733108520508,4.883718967437744,5.134274482727051,5.422640323638916,5.622068881988525,5.7517499923706055,5.954286098480225,6.062881946563721,6.006219387054443,6.160233497619629,6.02243185043335,6.105067729949951,5.900161266326904,5.926778793334961,6.25697660446167,6.4987897872924805,6.82731819152832,7.104270935058594,7.4033894538879395,7.728717803955078,8.000970840454102,8.195545196533203,8.489165306091309,8.757389068603516,8.949616432189941,9.219626426696777,9.497222900390625,9.726910591125488
A5,1.2689491510391235,0.9022881984710693,0.721939206123352,0.3613063395023346,0.0,0.3813598155975342,0.6135104894638062,0.8500162363052368,1.0957798957824707,1.4306144714355469,1.6549532413482666,1.8966915607452393,2.2087137699127197,2.3977768421173096,2.4703996181488037,2.538558006286621,2.49405574798584,2.388000965118408,2.5338048934936523,2.465599298477173,2.6116549968719482,2.54106068611145,2.711789131164551,2.786942481994629,2.7732107639312744,3.0565364360809326,3.053553581237793,3.2907307147979736,3.4458343982696533,3.419050931930542,3.110489845275879,3.266857862472534,3.6241602897644043,3.781628131866455,4.107421875,4.2966694831848145,4.461613655090332,4.488498210906982,4.582786560058594,4.6511149406433105,4.561426639556885,4.73392391204834,4.604768753051758,4.7932844161987305,4.621225833892822,3.705869674682617,4.046154499053955,4.247714519500732,4.596669673919678,4.8467817306518555,5.1253204345703125,5.3142876625061035,5.437974452972412,5.632539749145508,5.733094215393066,5.668231010437012,5.817166328430176,5.673139572143555,5.7529449462890625,5.547022819519043,5.638113975524902,5.9725494384765625,6.215200424194336,6.542410373687744,6.81899356842041,7.117446422576904,7.438337802886963,7.704477787017822,7.892399311065674,8.183777809143066,8.447052955627441,8.633599281311035,8.904562950134277,9.1779203414917,9.406343460083008
A6,1.5280745029449463,1.1947535276412964,0.9312893748283386,0.5729433298110962,0.3813598155975342,0.0,0.37816810607910156,0.6489326357841492,0.8021729588508606,1.160642385482788,1.4388304948806763,1.6280512809753418,1.9653596878051758,2.111452579498291,2.1670515537261963,2.416926622390747,2.4259097576141357,2.347350597381592,2.545870065689087,2.5269618034362793,2.716498374938965,2.694690465927124,2.892908811569214,2.992227554321289,2.9963841438293457,3.266418933868408,3.26116681098938,3.4805195331573486,3.6053483486175537,3.541527032852173,2.917022466659546,3.0519027709960938,3.406111478805542,3.5644259452819824,3.902263879776001,4.101657390594482,4.290729999542236,4.3462018966674805,4.449399948120117,4.547342300415039,4.481658935546875,4.659934997558594,4.55215311050415,4.731479167938232,4.542568683624268,3.4328441619873047,3.770177125930786,3.959369421005249,4.3136091232299805,4.563612937927246,4.855034351348877,5.059204578399658,5.193975448608398,5.401853561401367,5.520135879516602,5.4758620262146,5.637635231018066,5.51553201675415,5.608035564422607,5.412528991699219,5.388584136962891,5.724246978759766,5.956970691680908,6.291522979736328,6.561630725860596,6.867278575897217,7.19136905670166,7.465671062469482,7.66550350189209,7.9541144371032715,8.226088523864746,8.424290657043457,8.700325012207031,8.979426383972168,9.217231750488281
A7,1.8633956909179688,1.5087722539901733,1.2773231267929077,0.8998822569847107,0.6135104894638062,0.37816810607910156,0.0,0.3747122585773468,0.5000228881835938,0.8364439606666565,1.099467158317566,1.3201960325241089,1.6493213176727295,1.8247714042663574,1.9281452894210815,2.492161273956299,2.5078024864196777,2.483276128768921,2.6883206367492676,2.696612596511841,2.8721811771392822,2.8630709648132324,3.035971164703369,3.106750249862671,3.07737135887146,3.316417932510376,3.270688056945801,3.4594621658325195,3.556107759475708,3.473130464553833,2.774989366531372,2.8753366470336914,3.2240049839019775,3.350221872329712,3.6911115646362305,3.8679845333099365,4.052685260772705,4.109222888946533,4.190829753875732,4.294556140899658,4.221704959869385,4.382404804229736,4.266079425811768,4.427361965179443,4.223806858062744,3.1135940551757812,3.4472970962524414,3.6536941528320312,4.000520706176758,4.259279727935791,4.5440802574157715,4.736989498138428,4.876071929931641,5.072510719299316,5.190382957458496,5.142076015472412,5.294113636016846,5.170555114746094,5.254240989685059,5.0524396896362305,5.038978576660156,5.374722003936768,5.612380027770996,5.943215370178223,6.216611862182617,6.518633842468262,6.840882778167725,7.111214637756348,7.305980205535889,7.5960187911987305,7.864802837371826,8.059232711791992,8.333351135253906,8.611173629760742,8.84643268585205
A8,2.0785341262817383,1.7191994190216064,1.5275545120239258,1.1684902906417847,0.8500162363052368,0.6489326357841492,0.3747122585773468,0.0,0.3782885670661926,0.6268033981323242,0.8230356574058533,1.0581527948379517,1.360832929611206,1.5614593029022217,1.6573915481567383,2.2489922046661377,2.2631194591522217,2.2848193645477295,2.494570255279541,2.5350639820098877,2.706817388534546,2.727302074432373,2.8907997608184814,2.9553585052490234,2.9201557636260986,3.131201982498169,3.070023536682129,3.234255790710449,3.3014323711395264,3.1911394596099854,2.421787977218628,2.5230941772460938,2.8725883960723877,2.9971132278442383,3.33308482170105,3.508289337158203,3.6871724128723145,3.7392001152038574,3.8255887031555176,3.92820143699646,3.8610730171203613,4.030960559844971,3.9263110160827637,4.097743988037109,3.9026339054107666,2.8710012435913086,3.219484329223633,3.414281129837036,3.764052152633667,4.006446361541748,4.2803263664245605,4.469862937927246,4.590203762054443,4.790154933929443,4.895013809204102,4.84073543548584,5.001635551452637,4.874178409576416,4.971484184265137,4.782878875732422,4.875500679016113,5.22296667098999,5.449490547180176,5.785877704620361,6.049380779266357,6.358598709106445,6.673061370849609,6.937053680419922,7.127689838409424,7.407993793487549,7.672708988189697,7.863469123840332,8.145435333251953,8.416666984558105,8.65683364868164
A9,2.3214409351348877,1.976357340812683,1.7330373525619507,1.3691463470458984,1.0957798957824707,0.8021729588508606,0.5000228881835938,0.3782885670661926,0.0,0.36411723494529724,0.6938366889953613,0.8406751751899719,1.1905572414398193,1.3327478170394897,1.4416860342025757,2.386479139328003,2.452944755554199,2.4943442344665527,2.7408838272094727,2.8113653659820557,3.0103442668914795,3.054797649383545,3.2338082790374756,3.3107986450195312,3.283475637435913,3.487527370452881,3.4221243858337402,3.5731735229492188,3.62092661857605,3.489219903945923,2.432874917984009,2.489030599594116,2.826768636703491,2.9352662563323975,3.2857413291931152,3.460540294647217,3.66520094871521,3.7502217292785645,3.832942485809326,3.968956708908081,3.9212942123413086,4.083023548126221,3.9916951656341553,4.138952255249023,3.917414426803589,2.6324758529663086,2.96871018409729,3.1638681888580322,3.514944076538086,3.7699081897735596,4.060469627380371,4.2630157470703125,4.406854629516602,4.6139044761657715,4.744032382965088,4.713012218475342,4.878246784210205,4.775636672973633,4.875124454498291,4.688708305358887,4.610599994659424,4.9535746574401855,5.177201271057129,5.516861915588379,5.77990198135376,6.0913801193237305,6.412108898162842,6.685792922973633,6.888333320617676,7.171196460723877,7.4452433586120605,7.647834777832031,7.929956912994385,8.209510803222656,8.455275535583496
A10,2.669309616088867,2.3175876140594482,2.0890052318573,1.7226866483688354,1.4306144714355469,1.160642385482788,0.8364439606666565,0.6268033981323242,0.36411723494529724,0.0,0.37186381220817566,0.49351033568382263,0.8378745913505554,1.0021120309829712,1.1639305353164673,2.4435582160949707,2.523303270339966,2.6159791946411133,2.8682539463043213,2.969222068786621,3.160874128341675,3.2266085147857666,3.389554262161255,3.4511899948120117,3.4068734645843506,3.5783486366271973,3.4851768016815186,3.6028857231140137,3.6157450675964355,3.4570295810699463,2.2510900497436523,2.2635486125946045,2.587435007095337,2.6631741523742676,3.0149526596069336,3.1705777645111084,3.37636661529541,3.470393180847168,3.538586139678955,3.688683271408081,3.6461129188537598,3.7969369888305664,3.7113070487976074,3.8426456451416016,3.607576847076416,2.2792670726776123,2.617826461791992,2.8194994926452637,3.167123317718506,3.423215627670288,3.708052635192871,3.9047915935516357,4.048799991607666,4.252068042755127,4.382872104644775,4.353326320648193,4.518180847167969,4.420650482177734,4.5224127769470215,4.34002685546875,4.274122714996338,4.622311592102051,4.8419904708862305,5.183117389678955,5.44265079498291,5.75626277923584,6.073292255401611,6.343730926513672,6.544193744659424,6.82349157333374,7.096004486083984,7.297637462615967,7.5827107429504395,7.860348701477051,8.108647346496582
A11,2.8995864391326904,2.535574197769165,2.3453431129455566,1.9780752658843994,1.6549532413482666,1.4388304948806763,1.099467158317566,0.8230356574058533,0.6938366889953613,0.37186381220817566,0.0,0.37468379735946655,0.5832261443138123,0.8680976033210754,1.0916954278945923,2.477116346359253,2.5356006622314453,2.669874429702759,2.9016191959381104,3.0140135288238525,3.177140474319458,3.2478601932525635,3.3798019886016846,3.4130709171295166,3.3415896892547607,3.4780919551849365,3.3529505729675293,3.4381866455078125,3.4226481914520264,3.248398542404175,2.089477062225342,2.0796260833740234,2.393341302871704,2.435600519180298,2.7766377925872803,2.9041101932525635,3.0886502265930176,3.166236639022827,3.2143373489379883,3.3551623821258545,3.299959182739258,3.439692497253418,3.3462016582489014,3.4735612869262695,3.2386937141418457,2.0783767700195312,2.4259393215179443,2.639275550842285,2.9772212505340576,3.2261130809783936,3.4882588386535645,3.6641764640808105,3.7908830642700195,3.9804799556732178,4.091733455657959,4.043641090393066,4.201378345489502,4.0885090827941895,4.187825679779053,4.004983901977539,4.0897417068481445,4.445291519165039,4.6647138595581055,5.002535820007324,5.259819507598877,5.571817874908447,5.879642486572266,6.138173580169678,6.325925350189209,6.600368499755859,6.8633131980896,7.053948879241943,7.340831279754639,7.610116958618164,7.855683326721191
A12,3.117863893508911,2.7690114974975586,2.5498697757720947,2.192242383956909,1.8966915607452393,1.6280512809753418,1.3201960325241089,1.0581527948379517,0.8406751751899719,0.49351033568382263,0.37468379735946655,0.0,0.3711288869380951,0.5225285291671753,0.73859703540802,2.4326937198638916,2.5420784950256348,2.6993279457092285,2.9653210639953613,3.114089250564575,3.3079826831817627,3.4141147136688232,3.568941831588745,3.6270205974578857,3.5799427032470703,3.7111480236053467,3.598580837249756,3.67484712600708,3.638777256011963,3.4371891021728516,1.9329297542572021,1.8841683864593506,2.1842010021209717,2.226766347885132,2.581089496612549,2.7248728275299072,2.9433882236480713,3.0612778663635254,3.1272847652435303,3.306541919708252,3.289565324783325,3.4408254623413086,3.3842201232910156,3.5034425258636475,3.2575390338897705,1.8188692331314087,2.1710565090179443,2.356304407119751,2.708115816116333,2.9504599571228027,3.231245279312134,3.431959390640259,3.5684187412261963,3.781268835067749,3.9142980575561523,3.8955330848693848,4.075690269470215,3.9941935539245605,4.116501808166504,3.9557993412017822,3.9070723056793213,4.267145156860352,4.467536926269531,4.817292213439941,5.06160831451416,5.385665416717529,5.6952104568481445,5.962846755981445,6.165392875671387,6.432732582092285,6.705728530883789,6.910353183746338,7.205414772033691,7.479671478271484,7.7379150390625
A13,3.429988384246826,3.075303077697754,2.877441644668579,2.519893169403076,2.2087137699127197,1.9653596878051758,1.6493213176727295,1.360832929611206,1.1905572414398193,0.8378745913505554,0.5832261443138123,0.3711288869380951,0.0,0.38538840413093567,0.6792972683906555,2.52829909324646,2.6318509578704834,2.8311729431152344,3.0847666263580322,3.2523608207702637,3.4274556636810303,3.5469326972961426,3.6790707111358643,3.718047857284546,3.653681516647339,3.749375820159912,3.611442804336548,3.652289867401123,3.5813186168670654,3.3566970825195312,1.7850478887557983,1.686394453048706,1.959494709968567,1.9549145698547363,2.300328016281128,2.4139389991760254,2.622645616531372,2.7408370971679688,2.7887251377105713,2.9763400554656982,2.962366819381714,3.103468418121338,3.0546207427978516,3.1623778343200684,2.9099583625793457,1.5363612174987793,1.8996315002441406,2.08711838722229,2.4309654235839844,2.6623871326446533,2.923882246017456,3.1102185249328613,3.2320985794067383,3.4385156631469727,3.5595407485961914,3.5327417850494385,3.7139570713043213,3.629472255706787,3.7583324909210205,3.606351375579834,3.664247989654541,4.032643795013428,4.225033283233643,4.574676513671875,4.811356544494629,5.137377738952637,5.437407970428467,5.695578575134277,5.8900885581970215,6.149669647216797,6.416268348693848,6.614599227905273,6.914181709289551,7.181668281555176,7.44154691696167
A14,3.5931472778320312,3.254669189453125,3.027326822280884,2.6802053451538086,2.3977768421173096,2.111452579498291,1.8247714042663574,1.5614593029022217,1.3327478170394897,1.0021120309829712,0.8680976033210754,0.5225285291671753,0.38538840413093567,0.0,0.3638426959514618,2.529688596725464,2.683917760848999,2.889674425125122,3.1756110191345215,3.36965274810791,3.5771970748901367,3.7238211631774902,3.882885217666626,3.9500157833099365,3.913255214691162,4.01527738571167,3.89752459526062,3.941598892211914,3.863750696182251,3.6233413219451904,1.7425034046173096,1.6062989234924316,1.857163667678833,1.8621746301651,2.220365524291992,2.3596901893615723,2.6104815006256104,2.7761027812957764,2.8485605716705322,3.0757253170013428,3.104130506515503,3.2577316761016846,3.2473011016845703,3.3468403816223145,3.08783221244812,1.3689295053482056,1.7298840284347534,1.8748060464859009,2.237576723098755,2.462209939956665,2.7524263858795166,2.973536491394043,3.1118757724761963,3.3474934101104736,3.498450756072998,3.5101118087768555,3.7157483100891113,3.6702680587768555,3.821974277496338,3.6939520835876465,3.5609588623046875,3.929788827896118,4.100903511047363,4.4628448486328125,4.685609817504883,5.0237908363342285,5.327556610107422,5.598140716552734,5.811305999755859,6.064446449279785,6.343663692474365,6.5591816902160645,6.865729808807373,7.140251159667969,7.413105487823486
A15,3.6050527095794678,3.2860357761383057,3.0531928539276123,2.729241371154785,2.4703996181488037,2.1670515537261963,1.9281452894210815,1.6573915481567383,1.4416860342025757,1.1639305353164673,1.0916954278945923,0.73859703540802,0.6792972683906555,0.3638426959514618,0.0,2.2897403240203857,2.479990005493164,2.695214033126831,3.0020062923431396,3.221489667892456,3.453319787979126,3.6290600299835205,3.810391902923584,3.905461311340332,3.9000349044799805,4.005400657653809,3.9140944480895996,3.9635472297668457,3.8817222118377686,3.6277029514312744,1.5208665132522583,1.3954899311065674,1.6513822078704834,1.7094666957855225,2.0750420093536377,2.262274980545044,2.5405280590057373,2.729008674621582,2.8459575176239014,3.087080478668213,3.1502268314361572,3.337120294570923,3.363042116165161,3.4862358570098877,3.2482964992523193,1.4996545314788818,1.857670545578003,1.934890866279602,2.3096141815185547,2.4962644577026367,2.7951207160949707,3.0425307750701904,3.164576292037964,3.429556369781494,3.5826714038848877,3.6124894618988037,3.846261739730835,3.8173575401306152,3.99813175201416,3.898282766342163,3.750204563140869,4.121284008026123,4.267459869384766,4.638535499572754,4.842164993286133,5.191579818725586,5.4911723136901855,5.765318393707275,5.988086700439453,6.228485584259033,6.512422561645508,6.736087322235107,7.05148458480835,7.324833869934082,7.608276844024658
B1,2.9618470668792725,2.8021843433380127,2.7363202571868896,2.6495206356048584,2.538558006286621,2.416926622390747,2.492161273956299,2.2489922046661377,2.386479139328003,2.4435582160949707,2.477116346359253,2.4326937198638916,2.52829909324646,2.529688596725464,2.2897403240203857,0.0,0.36677372455596924,0.586420476436615,0.9136158227920532,1.2385399341583252,1.5458135604858398,1.855218529701233,2.124890089035034,2.3679025173187256,2.556037187576294,2.693814754486084,2.8060367107391357,2.9361538887023926,2.926060199737549,2.719801187515259,1.5885331630706787,1.9239946603775024,2.19189453125,2.526670217514038,2.735424280166626,3.0494046211242676,3.2255947589874268,3.2787959575653076,3.5515472888946533,3.63792085647583,3.709141254425049,4.032121181488037,4.101470470428467,4.400259494781494,4.345396995544434,3.650656223297119,4.01418399810791,4.008598327636719,4.364288806915283,4.435389041900635,4.668304920196533,4.901854515075684,4.893997669219971,5.177032470703125,5.225142002105713,5.195931911468506,5.463960647583008,5.36688756942749,5.594988822937012,5.542577743530273,5.954517841339111,6.335895538330078,6.456007957458496,6.828485488891602,7.002480983734131,7.360803127288818,7.634280204772949,7.884995460510254,8.088007926940918,8.294771194458008,8.556023597717285,8.755501747131348,9.086502075195312,9.32809066772461,9.613001823425293
B2,2.855800151824951,2.6990959644317627,2.6811115741729736,2.6103384494781494,2.49405574798584,2.4259097576141357,2.5078024864196777,2.2631194591522217,2.452944755554199,2.523303270339966,2.5356006622314453,2.5420784950256348,2.6318509578704834,2.683917760848999,2.479990005493164,0.36677372455596924,0.0,0.3741982877254486,0.6058968901634216,0.93374103307724,1.2057918310165405,1.5191655158996582,1.7716188430786133,2.008828639984131,2.2004268169403076,2.3344566822052,2.458994150161743,2.5971624851226807,2.6021006107330322,2.4157471656799316,1.7237401008605957,2.0760934352874756,2.348222255706787,2.667250156402588,2.860198974609375,3.152747392654419,3.2938711643218994,3.307025194168091,3.5675370693206787,3.6160526275634766,3.659281015396118,3.9797987937927246,4.029261112213135,4.342764377593994,4.308627128601074,3.818932294845581,4.188884258270264,4.203017711639404,4.5546488761901855,4.630435466766357,4.84946346282959,5.064820289611816,5.045352458953857,5.312441825866699,5.340166091918945,5.286965847015381,5.541553974151611,5.420119762420654,5.636902332305908,5.5755486488342285,6.1138715744018555,6.496853828430176,6.627721309661865,6.994560241699219,7.175715446472168,7.528265476226807,7.798750877380371,8.041094779968262,8.231837272644043,8.44097900390625,8.693256378173828,8.880613327026367,9.208039283752441,9.443249702453613,9.719813346862793
B3,2.597566604614258,2.479776620864868,2.4796526432037354,2.4578161239624023,2.388000965118408,2.347350597381592,2.483276128768921,2.2848193645477295,2.4943442344665527,2.6159791946411133,2.669874429702759,2.6993279457092285,2.8311729431152344,2.889674425125122,2.695214033126831,0.586420476436615,0.3741982877254486,0.0,0.3828534781932831,0.667746365070343,1.0100992918014526,1.3085049390792847,1.6117851734161377,1.8910375833511353,2.121004343032837,2.3038947582244873,2.470834255218506,2.653120517730713,2.7070577144622803,2.566004991531372,2.0766682624816895,2.421694040298462,2.7033302783966064,3.021745443344116,3.2251808643341064,3.518263816833496,3.662182331085205,3.6733484268188477,3.92739200592041,3.9698386192321777,4.00004243850708,4.314191818237305,4.347036361694336,4.659910678863525,4.622119426727295,4.086170196533203,4.458423137664795,4.484759330749512,4.843089580535889,4.933778762817383,5.164715766906738,5.385089874267578,5.378427028656006,5.645330905914307,5.680670738220215,5.627918720245361,5.877275466918945,5.752780914306641,5.960305690765381,5.8865227699279785,6.377847194671631,6.758302688598633,6.8986496925354,7.265714645385742,7.455427169799805,7.806398391723633,8.084114074707031,8.332077980041504,8.526168823242188,8.743025779724121,8.998865127563477,9.188652038574219,9.512744903564453,9.752630233764648,10.026653289794922
B4,2.635521173477173,2.5379323959350586,2.5930938720703125,2.5989620685577393,2.5338048934936523,2.545870065689087,2.6883206367492676,2.494570255279541,2.7408838272094727,2.8682539463043213,2.9016191959381104,2.9653210639953613,3.0847666263580322,3.1756110191345215,3.0020062923431396,0.9136158227920532,0.6058968901634216,0.3828534781932831,0.0,0.35195624828338623,0.6539984345436096,0.9845210909843445,1.2769159078598022,1.570055603981018,1.828754186630249,2.005547285079956,2.2070720195770264,2.3993821144104004,2.473487377166748,2.3634071350097656,2.2993361949920654,2.6551809310913086,2.9263088703155518,3.2358617782592773,3.4153380393981934,3.6926584243774414,3.804671287536621,3.7817020416259766,4.03009033203125,4.037242889404297,4.04866886138916,4.362520694732666,4.384687423706055,4.712436199188232,4.700613975524902,4.359504222869873,4.734110355377197,4.768369197845459,5.120940685272217,5.207630634307861,5.423770427703857,5.62946891784668,5.60737419128418,5.862722873687744,5.87778902053833,5.805821418762207,6.046492576599121,5.902773857116699,6.104453086853027,6.028988838195801,6.640923500061035,7.022738933563232,7.167638301849365,7.530206203460693,7.72189998626709,8.068988800048828,8.34170150756836,8.581185340881348,8.764541625976562,8.979822158813477,9.226969718933105,9.405900001525879,9.728256225585938,9.960599899291992,10.228517532348633
B5,2.4325406551361084,2.362398386001587,2.461852550506592,2.505706787109375,2.465599298477173,2.5269618034362793,2.696612596511841,2.5350639820098877,2.8113653659820557,2.969222068786621,3.0140135288238525,3.114089250564575,3.2523608207702637,3.36965274810791,3.221489667892456,1.2385399341583252,0.93374103307724,0.667746365070343,0.35195624828338623,0.0,0.3833876848220825,0.6682230830192566,0.9984059929847717,1.3194289207458496,1.6049727201461792,1.823938250541687,2.059497356414795,2.290729522705078,2.414151906967163,2.3564987182617188,2.5983638763427734,2.949946641921997,3.2313289642333984,3.5293967723846436,3.7135462760925293,3.9788451194763184,4.079118728637695,4.039499759674072,4.272176742553711,4.260830402374268,4.248080730438232,4.550446033477783,4.548306465148926,4.876791000366211,4.868453025817871,4.587595462799072,4.965121746063232,5.018918037414551,5.372842788696289,5.4737114906311035,5.691077709197998,5.89008903503418,5.873237609863281,6.118861198425293,6.130448818206787,6.047126293182373,6.275289058685303,6.117895126342773,6.304900646209717,6.214581489562988,6.8518877029418945,7.231683254241943,7.389512062072754,7.748106956481934,7.9501953125,8.29195785522461,8.568074226379395,8.806696891784668,8.98530387878418,9.208025932312012,9.452618598937988,9.626452445983887,9.943455696105957,10.17592716217041,10.436634063720703
B6,2.5363335609436035,2.4678430557250977,2.6151838302612305,2.664419651031494,2.6116549968719482,2.716498374938965,2.8721811771392822,2.706817388534546,3.0103442668914795,3.160874128341675,3.177140474319458,3.3079826831817627,3.4274556636810303,3.5771970748901367,3.453319787979126,1.5458135604858398,1.2057918310165405,1.0100992918014526,0.6539984345436096,0.3833876848220825,0.0,0.3639468848705292,0.6397541165351868,0.9644653797149658,1.2723859548568726,1.4806151390075684,1.7456220388412476,1.9855259656906128,2.1325278282165527,2.114462375640869,2.7738020420074463,3.126347064971924,3.3998289108276367,3.6812126636505127,3.846118211746216,4.089745998382568,4.158318519592285,4.085439682006836,4.304088592529297,4.258593559265137,4.222434043884277,4.517258167266846,4.49937105178833,4.837018966674805,4.851595401763916,4.770654678344727,5.148825168609619,5.213807582855225,5.559975624084473,5.659206390380859,5.86038064956665,6.04163932800293,6.011090278625488,6.241444110870361,6.23268985748291,6.128573417663574,6.344132900238037,6.166430473327637,6.343719005584717,6.249424934387207,7.011621475219727,7.391673564910889,7.555443286895752,7.90753698348999,8.112635612487793,8.44852066040039,8.718840599060059,8.947388648986816,9.11313247680664,9.334957122802734,9.56933879852295,9.73048210144043,10.04413890838623,10.268365859985352,10.521052360534668
B7,2.363260507583618,2.3113784790039062,2.504392623901367,2.5790750980377197,2.54106068611145,2.694690465927124,2.8630709648132324,2.727302074432373,3.054797649383545,3.2266085147857666,3.2478601932525635,3.4141147136688232,3.5469326972961426,3.7238211631774902,3.6290600299835205,1.855218529701233,1.5191655158996582,1.3085049390792847,0.9845210909843445,0.6682230830192566,0.3639468848705292,0.0,0.3694514334201813,0.7137299180030823,1.0366426706314087,1.304985761642456,1.5937747955322266,1.876795768737793,2.079775810241699,2.121943473815918,3.039548635482788,3.382915735244751,3.667612075805664,3.933497428894043,4.106245994567871,4.335071563720703,4.393428325653076,4.306251525878906,4.504096508026123,4.442930221557617,4.3803534507751465,4.658194065093994,4.612222671508789,4.945156097412109,4.959427833557129,4.938883304595947,5.318054676055908,5.405020236968994,5.750647068023682,5.865799427032471,6.06722354888916,6.239643096923828,6.216038227081299,6.43403959274292,6.422346115112305,6.306201934814453,6.506288051605225,6.314548492431641,6.473872184753418,6.362418174743652,7.149397373199463,7.5260796546936035,7.704131126403809,8.050399780273438,8.266924858093262,8.595627784729004,8.868931770324707,9.095579147338867,9.255081176757812,9.485218048095703,9.716057777404785,9.870889663696289,10.177633285522461,10.40177059173584,10.645586967468262
B8,2.550032377243042,2.4862804412841797,2.708538055419922,2.771812677383423,2.711789131164551,2.892908811569214,3.035971164703369,2.8907997608184814,3.2338082790374756,3.389554262161255,3.3798019886016846,3.568941831588745,3.6790707111358643,3.882885217666626,3.810391902923584,2.124890089035034,1.7716188430786133,1.6117851734161377,1.2769159078598022,0.9984059929847717,0.6397541165351868,0.3694514334201813,0.0,0.3588535487651825,0.7105617523193359,0.9654996395111084,1.28262460231781,1.5733305215835571,1.8033078908920288,1.892410159111023,3.1773223876953125,3.5154240131378174,3.790813684463501,4.037325859069824,4.192551136016846,4.398243427276611,4.427375793457031,4.310798645019531,4.491511821746826,4.399803638458252,4.314387321472168,4.58076810836792,4.51874303817749,4.8563232421875,4.891143321990967,5.060661315917969,5.437891483306885,5.5347723960876465,5.870865821838379,5.983855247497559,6.168605327606201,6.322872161865234,6.286639213562012,6.488602161407471,6.457769870758057,6.3222479820251465,6.508851051330566,6.298661708831787,6.4474873542785645,6.332569122314453,7.2377214431762695,7.613512992858887,7.796318531036377,8.135159492492676,8.353681564331055,8.675783157348633,8.942423820495605,9.158422470092773,9.304803848266602,9.533394813537598,9.753656387329102,9.895706176757812,10.198582649230957,10.414196968078613,10.649771690368652
B9,2.672788381576538,2.586459159851074,2.8286538124084473,2.8723723888397217,2.786942481994629,2.992227554321289,3.106750249862671,2.9553585052490234,3.3107986450195312,3.4511899948120117,3.4130709171295166,3.6270205974578857,3.718047857284546,3.9500157833099365,3.905461311340332,2.3679025173187256,2.008828639984131,1.8910375833511353,1.570055603981018,1.3194289207458496,0.9644653797149658,0.7137299180030823,0.3588535487651825,0.0,0.36612194776535034,0.6300008893013,0.9576255083084106,1.2659435272216797,1.5319539308547974,1.6733723878860474,3.276193380355835,3.6015825271606445,3.872701644897461,4.094805717468262,4.240610122680664,4.420805931091309,4.42530632019043,4.283897876739502,4.4410247802734375,4.324017524719238,4.212138652801514,4.460949897766113,4.3766021728515625,4.712384223937988,4.759660243988037,5.092081546783447,5.465909957885742,5.577586650848389,5.903947353363037,6.020267009735107,6.190913200378418,6.326887130737305,6.28394889831543,6.468075275421143,6.4222331047058105,6.268488883972168,6.4385480880737305,6.210814476013184,6.344879150390625,6.221789836883545,7.22321081161499,7.596316337585449,7.786572456359863,8.116730690002441,8.339716911315918,8.65356159210205,8.915077209472656,9.121463775634766,9.25519847869873,9.484793663024902,9.695323944091797,9.825310707092285,10.12255573272705,10.331405639648438,10.557647705078125
B10,2.7430310249328613,2.6237165927886963,2.8741891384124756,2.8888638019561768,2.7732107639312744,2.9963841438293457,3.07737135887146,2.9201557636260986,3.283475637435913,3.4068734645843506,3.3415896892547607,3.5799427032470703,3.653681516647339,3.913255214691162,3.9000349044799805,2.556037187576294,2.2004268169403076,2.121004343032837,1.828754186630249,1.6049727201461792,1.2723859548568726,1.0366426706314087,0.7105617523193359,0.36612194776535034,0.0,0.3732452988624573,0.6429333686828613,0.9811772108078003,1.2861073017120361,1.474645972251892,3.3107733726501465,3.6173126697540283,3.887798547744751,4.082273483276367,4.225759983062744,4.379919528961182,4.365579605102539,4.205526828765869,4.335142135620117,4.200058937072754,4.060894966125488,4.288136005401611,4.177794933319092,4.506028652191162,4.55705451965332,5.0188751220703125,5.3878679275512695,5.517115592956543,5.833676815032959,5.957229137420654,6.11641788482666,6.235015869140625,6.190648555755615,6.356630802154541,6.300379753112793,6.13089656829834,6.283172130584717,6.04023551940918,6.157242774963379,6.022738456726074,7.095458507537842,7.4645771980285645,7.6636247634887695,7.9846272468566895,8.213478088378906,8.51832103729248,8.776152610778809,8.974405288696289,9.096866607666016,9.329310417175293,9.531599998474121,9.651183128356934,9.941919326782227,10.146049499511719,10.363027572631836
B11,3.1017415523529053,2.9665374755859375,3.207097053527832,3.1978747844696045,3.0565364360809326,3.266418933868408,3.316417932510376,3.131201982498169,3.487527370452881,3.5783486366271973,3.4780919551849365,3.7111480236053467,3.749375820159912,4.01527738571167,4.005400657653809,2.693814754486084,2.3344566822052,2.3038947582244873,2.005547285079956,1.823938250541687,1.4806151390075684,1.304985761642456,0.9654996395111084,0.6300008893013,0.3732452988624573,0.0,0.37064898014068604,0.6607129573822021,0.9652761816978455,1.1904282569885254,3.316671848297119,3.6166884899139404,3.8641724586486816,4.042911052703857,4.157882213592529,4.291802883148193,4.248290538787842,4.062751770019531,4.1838250160217285,4.021561622619629,3.8730456829071045,4.0963263511657715,3.9875223636627197,4.324100017547607,4.40283203125,5.051793098449707,5.415008544921875,5.53828763961792,5.842027187347412,5.950243949890137,6.088480472564697,6.191338539123535,6.126599311828613,6.281614303588867,6.204341411590576,6.020922660827637,6.167806625366211,5.913817405700684,6.03153657913208,5.9072418212890625,7.101101398468018,7.4704999923706055,7.663156032562256,7.978935718536377,8.200390815734863,8.50223445892334,8.749058723449707,8.935592651367188,9.047001838684082,9.27039909362793,9.462347030639648,9.571307182312012,9.862435340881348,10.055953979492188,10.269798278808594
B12,3.2195682525634766,3.0475549697875977,3.2765862941741943,3.2294461727142334,3.053553581237793,3.26116681098938,3.270688056945801,3.070023536682129,3.4221243858337402,3.4851768016815186,3.3529505729675293,3.598580837249756,3.611442804336548,3.89752459526062,3.9140944480895996,2.8060367107391357,2.458994150161743,2.470834255218506,2.2070720195770264,2.059497356414795,1.7456220388412476,1.5937747955322266,1.28262460231781,0.9576255083084106,0.6429333686828613,0.37064898014068604,0.0,0.3519740700721741,0.6910668015480042,0.9553797245025635,3.2540035247802734,3.530402898788452,3.771963119506836,3.9209351539611816,4.031045436859131,4.137936592102051,4.076514720916748,3.8751962184906006,3.9691591262817383,3.792311429977417,3.620094060897827,3.8228819370269775,3.692615270614624,4.021570205688477,4.103549480438232,4.878011703491211,5.2338385581970215,5.369455814361572,5.661163806915283,5.7723236083984375,5.897324562072754,5.9832234382629395,5.915335655212402,6.053563117980957,5.96624231338501,5.769580364227295,5.90134334564209,5.635486602783203,5.7399821281433105,5.6086106300354,6.870418548583984,7.23600959777832,7.433170318603516,7.740469455718994,7.964260101318359,8.258367538452148,8.500040054321289,8.678372383117676,8.779770851135254,9.003509521484375,9.187887191772461,9.288016319274902,9.574382781982422,9.763174057006836,9.970232009887695
B13,3.5370492935180664,3.347813129425049,3.5617713928222656,3.489948034286499,3.2907307147979736,3.4805195331573486,3.4594621658325195,3.234255790710449,3.5731735229492188,3.6028857231140137,3.4381866455078125,3.67484712600708,3.652289867401123,3.941598892211914,3.9635472297668457,2.9361538887023926,2.5971624851226807,2.653120517730713,2.3993821144104004,2.290729522705078,1.9855259656906128,1.876795768737793,1.5733305215835571,1.2659435272216797,0.9811772108078003,0.6607129573822021,0.3519740700721741,0.0,0.36366891860961914,0.6903498768806458,3.2317495346069336,3.4932053089141846,3.7106025218963623,3.838259696960449,3.921814203262329,4.004815578460693,3.9154016971588135,3.6908531188964844,3.7713308334350586,3.569669246673584,3.3864567279815674,3.5814125537872314,3.451096534729004,3.785114288330078,3.8919241428375244,4.8427300453186035,5.189873695373535,5.320209503173828,5.597220420837402,5.694250583648682,5.798384189605713,5.867978096008301,5.78203821182251,5.908145427703857,5.80167818069458,5.592301368713379,5.717566013336182,5.442212104797363,5.546452045440674,5.424848556518555,6.795074462890625,7.159505367279053,7.350010395050049,7.651255130767822,7.867528915405273,8.157879829406738,8.388656616210938,8.5556640625,8.646642684936523,8.861673355102539,9.036307334899902,9.126725196838379,9.413061141967773,9.592138290405273,9.79634952545166
B14,3.7871594429016113,3.5785670280456543,3.7667152881622314,3.667752981185913,3.4458343982696533,3.6053483486175537,3.556107759475708,3.3014323711395264,3.62092661857605,3.6157450675964355,3.4226481914520264,3.638777256011963,3.5813186168670654,3.863750696182251,3.8817222118377686,2.926060199737549,2.6021006107330322,2.7070577144622803,2.473487377166748,2.414151906967163,2.1325278282165527,2.079775810241699,1.8033078908920288,1.5319539308547974,1.2861073017120361,0.9652761816978455,0.6910668015480042,0.36366891860961914,0.0,0.37003764510154724,3.0662529468536377,3.313843250274658,3.506096363067627,3.6173975467681885,3.675708532333374,3.7415976524353027,3.6312601566314697,3.3910810947418213,3.467702865600586,3.251039505004883,3.068754196166992,3.2674171924591064,3.1507318019866943,3.4939656257629395,3.6203527450561523,4.688192844390869,5.027628421783447,5.145601272583008,5.410515785217285,5.490217208862305,5.5771355628967285,5.636804580688477,5.533716678619385,5.655127048492432,5.534718990325928,5.320062637329102,5.447443008422852,5.170656204223633,5.283721923828125,5.177715301513672,6.620678424835205,6.985838413238525,7.165069103240967,7.464297294616699,7.669943809509277,7.960691452026367,8.182018280029297,8.341462135314941,8.427582740783691,8.63255786895752,8.801802635192871,8.888191223144531,9.178009033203125,9.350351333618164,9.557015419006348
