,A1,A2,A3,A4,A5,A6,A7,A8,A9,A10,A11,A12,A13,A14,A15,B1,B2,B3,B4,B5,B6,B7,B8,B9,B10,B11,B12,B13,B14,B15,C1,C2,C3,C4,C5,C6,C7,C8,C9,C10,C11,C12,C13,C14,C15,D1,D2,D3,D4,D5,D6,D7,D8,D9,D10,D11,D12,D13,D14,D15,E1,E2,E3,E4,E5,E6,E7,E8,E9,E10,E11,E12,E13,E14,E15
A1,0.0,0.3838922381401062,0.5915200114250183,0.8755772709846497,1.1492820978164673,1.4428168535232544,1.6545408964157104,1.9362355470657349,2.170126438140869,2.4436447620391846,2.712650775909424,2.9532887935638428,3.2687838077545166,3.4884185791015625,3.4476053714752197,4.856084823608398,4.770465850830078,5.115854263305664,5.044426918029785,5.292993545532227,5.5291748046875,5.620077133178711,5.61384916305542,5.875372886657715,5.931995868682861,5.920646667480469,5.99198055267334,5.983523845672607,5.890167236328125,5.812612056732178,4.892816066741943,4.583810329437256,4.5506134033203125,4.318170547485352,4.013661861419678,3.9253990650177,3.6150898933410645,3.4728684425354004,3.1262075901031494,3.162224054336548,2.9891197681427,2.675088405609131,2.8557276725769043,2.6967508792877197,2.979527235031128,3.23667573928833,3.0127179622650146,2.644418239593506,2.5119872093200684,2.173351764678955,2.18766450881958,1.8692653179168701,1.9123015403747559,1.9255216121673584,2.1930437088012695,2.2382915019989014,2.351489305496216,2.4746804237365723,2.5608787536621094,2.8101630210876465,3.5490317344665527,3.393239974975586,3.5050127506256104,3.236354112625122,3.417757987976074,3.499021053314209,3.827004909515381,3.831678867340088,4.139361381530762,4.488597869873047,4.541714191436768,4.916245460510254,5.103766918182373,5.368715763092041,5.621641159057617
A2,0.3838922381401062,0.0,0.377957284450531,0.5422893762588501,0.8673239946365356,1.1167889833450317,1.3774138689041138,1.622304916381836,1.8919252157211304,2.1369903087615967,2.429887533187866,2.6574761867523193,2.98527193069458,3.200878858566284,3.164323568344116,4.703375339508057,4.62183952331543,4.957067966461182,4.889932155609131,5.119161128997803,5.367246627807617,5.448209762573242,5.426718235015869,5.6735453605651855,5.709779262542725,5.691084384918213,5.74327278137207,5.721033096313477,5.6174516677856445,5.524542331695557,4.524165153503418,4.211217403411865,4.183178901672363,3.957155704498291,3.658449411392212,3.5726675987243652,3.26729154586792,3.1254730224609375,2.777003049850464,2.818621873855591,2.6440937519073486,2.3291683197021484,2.517652750015259,2.3590588569641113,2.6455233097076416,3.019801378250122,2.8234267234802246,2.4544789791107178,2.355562210083008,2.0197439193725586,2.0570626258850098,1.7515381574630737,1.7962545156478882,1.7712905406951904,2.079280138015747,2.1394829750061035,2.2450549602508545,2.3470070362091064,2.466034173965454,2.69773006439209,3.5158541202545166,3.385082960128784,3.4853527545928955,3.228384494781494,3.4248111248016357,3.4945502281188965,3.8333969116210938,3.826737403869629,4.130553245544434,4.469977855682373,4.510134696960449,4.878022193908691,5.063320159912109,5.315435886383057,5.549305438995361
A3,0.5915200114250183,0.377957284450531,0.0,0.3817654252052307,0.5683620572090149,0.8699369430541992,1.0643832683563232,1.3511193990707397,1.578831672668457,1.8554162979125977,2.1212587356567383,2.3649919033050537,2.6779205799102783,2.9021873474121094,2.87492036819458,4.334126949310303,4.249068737030029,4.586167335510254,4.518515110015869,4.752787113189697,4.999561786651611,5.08640193939209,5.073057174682617,5.325377941131592,5.371220111846924,5.362884998321533,5.424777507781982,5.415747165679932,5.3271684646606445,5.246872425079346,4.370598793029785,4.071569919586182,4.0473527908325195,3.8204009532928467,3.5211873054504395,3.4669888019561768,3.177773952484131,3.0755529403686523,2.745131254196167,2.836740493774414,2.6994895935058594,2.4075052738189697,2.63659405708313,2.5000524520874023,2.794877767562866,3.300001859664917,3.127470016479492,2.7605156898498535,2.6843881607055664,2.3528223037719727,2.3927700519561768,2.086498737335205,2.1044938564300537,2.0323598384857178,2.3337483406066895,2.3559329509735107,2.4132096767425537,2.4574718475341797,2.5392932891845703,2.7336573600769043,3.244938611984253,3.1027257442474365,3.1772172451019287,2.9083497524261475,3.093963384628296,3.1468288898468018,3.483933210372925,3.4664268493652344,3.766106605529785,4.102208137512207,4.13801383972168,4.50451135635376,4.689676761627197,4.94065523147583,5.173381328582764
A4,0.8755772709846497,0.5422893762588501,0.3817654252052307,0.0,0.37511616945266724,0.6118910908699036,0.8767509460449219,1.1154391765594482,1.3908437490463257,1.6346598863601685,1.9242651462554932,2.1654067039489746,2.483316659927368,2.7171630859375,2.714202642440796,4.299805164337158,4.207757949829102,4.528775215148926,4.453989028930664,4.663749694824219,4.915285110473633,4.981362342834473,4.943918228149414,5.179355621337891,5.2015838623046875,5.174906253814697,5.2175679206848145,5.1882147789001465,5.08026123046875,4.983748435974121,4.02599573135376,3.723257064819336,3.689857006072998,3.459650754928589,3.159074068069458,3.0949788093566895,2.8027703762054443,2.6956591606140137,2.364232301712036,2.4596903324127197,2.32999324798584,2.0471532344818115,2.2945914268493652,2.180645704269409,2.488223075866699,3.0789425373077393,2.941324234008789,2.5803275108337402,2.5498898029327393,2.239248037338257,2.3212335109710693,2.0508978366851807,2.0963733196258545,2.01607346534729,2.3533732891082764,2.4084434509277344,2.4754276275634766,2.5151147842407227,2.6382739543914795,2.8192355632781982,3.4106147289276123,3.289083480834961,3.3439385890960693,3.0829689502716064,3.2702746391296387,3.2999141216278076,3.637587070465088,3.5970633029937744,3.882436990737915,4.203452110290527,4.215017795562744,4.571447849273682,4.743544578552246,4.975789546966553,5.185650825500488
A5,1.1492820978164673,0.8673239946365356,0.5683620572090149,0.37511616945266724,0.0,0.3697013258934021,0.5202202200889587,0.8162854909896851,1.043195366859436,1.3230282068252563,1.5840308666229248,1.8439537286758423,2.1464343070983887,2.3909802436828613,2.4020466804504395,3.928502082824707,3.8336384296417236,4.153806686401367,4.079638957977295,4.290067195892334,4.543172359466553,4.613502025604248,4.581543922424316,4.819652080535889,4.847766876220703,4.831125736236572,4.880083084106445,4.862368106842041,4.768980026245117,4.68297004699707,3.847372531890869,3.560774087905884,3.533681631088257,3.305652141571045,3.008225202560425,2.982412099838257,2.71382737159729,2.654170513153076,2.349708318710327,2.499840021133423,2.4128222465515137,2.1627895832061768,2.4429993629455566,2.352181911468506,2.6575944423675537,3.368338108062744,3.253143310546875,2.8989052772521973,2.8856406211853027,2.5806190967559814,2.659290313720703,2.3885083198547363,2.4092721939086914,2.291377544403076,2.6173739433288574,2.639996290206909,2.664870500564575,2.6526637077331543,2.7435615062713623,2.885516881942749,3.1832010746002197,3.0575976371765137,3.081620216369629,2.8151001930236816,2.9913742542266846,2.999054431915283,3.333437442779541,3.2784998416900635,3.5557377338409424,3.86844801902771,3.8719964027404785,4.223637580871582,4.394504070281982,4.621833324432373,4.82556676864624
A6,1.4428168535232544,1.1167889833450317,0.8699369430541992,0.6118910908699036,0.3697013258934021,0.0,0.37819889187812805,0.5088751912117004,0.8210870027542114,1.027444839477539,1.3372852802276611,1.5584534406661987,1.8876901865005493,2.1110832691192627,2.1126348972320557,3.8093597888946533,3.731846332550049,4.039356231689453,3.9823873043060303,4.170246124267578,4.441500663757324,4.508681774139404,4.466224670410156,4.6857428550720215,4.691019058227539,4.675207138061523,4.699580669403076,4.670245170593262,4.572446823120117,4.46751594543457,3.5281822681427,3.236697196960449,3.2310643196105957,3.0217697620391846,2.7407851219177246,2.7356317043304443,2.4879367351531982,2.442466974258423,2.1461379528045654,2.3138625621795654,2.229788303375244,1.9904316663742065,2.2684812545776367,2.172959089279175,2.459853172302246,3.3050427436828613,3.216073751449585,2.8772284984588623,2.885042428970337,2.5929770469665527,2.6690914630889893,2.4160897731781006,2.4170196056365967,2.2588963508605957,2.587050437927246,2.6047048568725586,2.6069841384887695,2.5616960525512695,2.6673102378845215,2.779167413711548,3.1463782787323,3.057047128677368,3.077491283416748,2.8409483432769775,3.037062406539917,3.0447840690612793,3.385775327682495,3.333163261413574,3.6062729358673096,3.9042630195617676,3.9047975540161133,4.243819236755371,4.418567180633545,4.6332783699035645,4.816593170166016
A7,1.6545408964157104,1.3774138689041138,1.0643832683563232,0.8767509460449219,0.5202202200889587,0.37819889187812805,0.0,0.3798266053199768,0.5237568020820618,0.8307903409004211,1.065622091293335,1.3383517265319824,1.6284836530685425,1.8820419311523438,1.9170907735824585,3.467921733856201,3.3763294219970703,3.685192108154297,3.618767499923706,3.81339693069458,4.078403949737549,4.148189067840576,4.113039970397949,4.341824531555176,4.36140775680542,4.354233264923096,4.395334243774414,4.382735729217529,4.301980972290039,4.217146396636963,3.476829767227173,3.2106616497039795,3.19956111907959,2.9848413467407227,2.7030014991760254,2.733694553375244,2.5091357231140137,2.514163017272949,2.2544915676116943,2.470392942428589,2.4356114864349365,2.2352261543273926,2.541809558868408,2.479125499725342,2.7688212394714355,3.651949644088745,3.5746207237243652,3.236799716949463,3.253894090652466,2.9643383026123047,3.0445518493652344,2.787576675415039,2.7840261459350586,2.6198153495788574,2.9369447231292725,2.9333105087280273,2.911882162094116,2.8369147777557373,2.9067800045013428,2.9918031692504883,2.997490882873535,2.890148401260376,2.869767665863037,2.617016553878784,2.786034345626831,2.760740280151367,3.0897066593170166,3.0133118629455566,3.2721898555755615,3.5613672733306885,3.548027753829956,3.883284091949463,4.050982475280762,4.26112699508667,4.4417500495910645
A8,1.9362355470657349,1.622304916381836,1.3511193990707397,1.1154391765594482,0.8162854909896851,0.5088751912117004,0.3798266053199768,0.0,0.3788616955280304,0.5196317434310913,0.8404603600502014,1.0541452169418335,1.3826143741607666,1.6096174716949463,1.637852430343628,3.400002956390381,3.3283212184906006,3.6189398765563965,3.571669578552246,3.737222671508789,4.021251201629639,4.085020542144775,4.035891532897949,4.241146564483643,4.232641696929932,4.224308490753174,4.235607624053955,4.207644939422607,4.119856357574463,4.011960506439209,3.146449327468872,2.8754007816314697,2.8887481689453125,2.6964612007141113,2.435673952102661,2.491372585296631,2.294642925262451,2.317610263824463,2.074296474456787,2.306668519973755,2.278500556945801,2.0976390838623047,2.3953962326049805,2.3328914642333984,2.597520112991333,3.5987839698791504,3.5481414794921875,3.22908616065979,3.2667534351348877,2.9938876628875732,3.07305645942688,2.8374173641204834,2.819605588912964,2.6251380443573,2.9403493404388428,2.9356255531311035,2.8965604305267334,2.794156312942505,2.8802273273468018,2.9356932640075684,3.0321762561798096,2.9656829833984375,2.943420171737671,2.727278470993042,2.9149527549743652,2.8911280632019043,3.2220046520233154,3.149266242980957,3.3999881744384766,3.669917106628418,3.652599573135376,3.9706618785858154,4.140052795410156,4.334083080291748,4.490366458892822
A9,2.170126438140869,1.8919252157211304,1.578831672668457,1.3908437490463257,1.043195366859436,0.8210870027542114,0.5237568020820618,0.3788616955280304,0.0,0.38121500611305237,0.5434710383415222,0.8319972157478333,1.1052641868591309,1.367933988571167,1.437407374382019,3.0401434898376465,2.9572813510894775,3.2485737800598145,3.1958301067352295,3.3668971061706543,3.6483232975006104,3.7174484729766846,3.6776607036590576,3.891641616821289,3.897601366043091,3.9024412631988525,3.9301064014434814,3.922011613845825,3.8561313152313232,3.7698416709899902,3.1287455558776855,2.889389753341675,2.9015064239501953,2.710184097290039,2.4567432403564453,2.5542690753936768,2.389404773712158,2.4639334678649902,2.2623276710510254,2.5328257083892822,2.546919584274292,2.3998138904571533,2.7147600650787354,2.676387071609497,2.940028190612793,3.9623608589172363,3.918339729309082,3.5990562438964844,3.6402153968811035,3.3663277626037598,3.445408344268799,3.2026357650756836,3.178945302963257,2.9794745445251465,3.283773183822632,3.2590224742889404,3.1990628242492676,3.071428060531616,3.1232950687408447,3.154041051864624,2.8939738273620605,2.8144590854644775,2.7489945888519287,2.524528741836548,2.6839470863342285,2.625758171081543,2.940934419631958,2.8450796604156494,3.0779659748077393,3.334010124206543,3.3029699325561523,3.6134352684020996,3.7770111560821533,3.9645495414733887,4.115268707275391
A10,2.4436447620391846,2.1369903087615967,1.8554162979125977,1.6346598863601685,1.3230282068252563,1.027444839477539,0.8307903409004211,0.5196317434310913,0.38121500611305237,0.0,0.3844969570636749,0.5383795499801636,0.8756851553916931,1.0955116748809814,1.1590996980667114,3.012118101119995,2.9543938636779785,3.221879243850708,3.192753314971924,3.329392433166504,3.630432605743408,3.6932668685913086,3.6389594078063965,3.8249568939208984,3.7993125915527344,3.804022789001465,3.797548294067383,3.7727482318878174,3.7004096508026123,3.58827805519104,2.812089204788208,2.5706896781921387,2.6142947673797607,2.4531002044677734,2.229896068572998,2.3599133491516113,2.233125686645508,2.3290789127349854,2.1526741981506348,2.4342293739318848,2.455526113510132,2.3321282863616943,2.6299006938934326,2.5920753479003906,2.824575662612915,3.9447154998779297,3.924898147583008,3.6257004737854004,3.6836657524108887,3.426659107208252,3.502760887145996,3.280413866043091,3.243748426437378,3.0200576782226562,3.3178515434265137,3.291673421859741,3.2159628868103027,3.064323663711548,3.129669427871704,3.1315770149230957,2.968341588973999,2.931875705718994,2.8681933879852295,2.685288429260254,2.862401008605957,2.80999755859375,3.1229593753814697,3.0349371433258057,3.257692575454712,3.491680860519409,3.4588024616241455,3.7481753826141357,3.9128670692443848,4.0825700759887695,4.2069854736328125
A11,2.712650775909424,2.429887533187866,2.1212587356567383,1.9242651462554932,1.5840308666229248,1.3372852802276611,1.065622091293335,0.8404603600502014,0.5434710383415222,0.3844969570636749,0.0,0.36755478382110596,0.5647068023681641,0.8586400151252747,1.0129512548446655,2.6696255207061768,2.59568190574646,2.8547680377960205,2.816380262374878,2.948781967163086,3.2474870681762695,3.3088064193725586,3.2569966316223145,3.446946620941162,3.430325508117676,3.4446308612823486,3.451320171356201,3.4438021183013916,3.3917226791381836,3.300751209259033,2.7798986434936523,2.5790300369262695,2.615468978881836,2.455798387527466,2.2444987297058105,2.4152767658233643,2.3244776725769043,2.4705493450164795,2.339639186859131,2.6523900032043457,2.715388774871826,2.62591552734375,2.939911127090454,2.929530143737793,3.1642258167266846,4.295441150665283,4.28478479385376,3.9857735633850098,4.051530361175537,3.7960946559906006,3.878678321838379,3.6535518169403076,3.6188933849334717,3.396311044692993,3.690141439437866,3.653693675994873,3.566638708114624,3.4001617431640625,3.4415860176086426,3.4258036613464355,2.9433765411376953,2.896301507949829,2.7854318618774414,2.599318504333496,2.740504741668701,2.6467905044555664,2.9337680339813232,2.815744161605835,3.008993625640869,3.218472480773926,3.1627352237701416,3.435988664627075,3.5875189304351807,3.7420756816864014,3.8518152236938477
A12,2.9532887935638428,2.6574761867523193,2.3649919033050537,2.1654067039489746,1.8439537286758423,1.5584534406661987,1.3383517265319824,1.0541452169418335,0.8319972157478333,0.5383795499801636,0.36755478382110596,0.0,0.3935212194919586,0.557189404964447,0.6769784688949585,2.611279010772705,2.5801098346710205,2.8199610710144043,2.822281837463379,2.9275474548339844,3.249837636947632,3.3205933570861816,3.2700564861297607,3.4348673820495605,3.3950345516204834,3.425869941711426,3.402031421661377,3.3898444175720215,3.347081184387207,3.2360403537750244,2.6136105060577393,2.418369770050049,2.5038113594055176,2.3901827335357666,2.224043846130371,2.430957555770874,2.382521390914917,2.542440414428711,2.4314310550689697,2.7411086559295654,2.797898292541504,2.7180094718933105,3.004485607147217,2.979016065597534,3.178138494491577,4.377145767211914,4.37681770324707,4.093292236328125,4.159636497497559,3.9113211631774902,3.976926565170288,3.7595267295837402,3.701280117034912,3.452601909637451,3.7280595302581787,3.676520824432373,3.5650572776794434,3.368647813796997,3.4057486057281494,3.3568103313446045,2.9054908752441406,2.9021999835968018,2.7982165813446045,2.659384250640869,2.8222713470458984,2.7461764812469482,3.032560110092163,2.937044382095337,3.1276347637176514,3.3189656734466553,3.2769575119018555,3.53031325340271,3.693479299545288,3.837935209274292,3.9289634227752686
A13,3.2687838077545166,2.98527193069458,2.6779205799102783,2.483316659927368,2.1464343070983887,1.8876901865005493,1.6284836530685425,1.3826143741607666,1.1052641868591309,0.8756851553916931,0.5647068023681641,0.3935212194919586,0.0,0.37109145522117615,0.6833102703094482,2.324519395828247,2.2757318019866943,2.4896929264068604,2.482304334640503,2.564823627471924,2.886211395263672,2.9459786415100098,2.887805700302124,3.0452537536621094,3.0025277137756348,3.038762092590332,3.018131732940674,3.0172595977783203,2.9919190406799316,2.8970577716827393,2.5403330326080322,2.3941097259521484,2.469414710998535,2.3621978759765625,2.216630458831787,2.4616611003875732,2.4539248943328857,2.659890651702881,2.5965309143066406,2.9309937953948975,3.0280447006225586,2.983908176422119,3.2841458320617676,3.2890870571136475,3.490145206451416,4.702162742614746,4.716142177581787,4.4357590675354,4.5158371925354,4.27378511428833,4.351681709289551,4.138055801391602,4.087846755981445,3.8435306549072266,4.121093273162842,4.0687174797058105,3.9539833068847656,3.7511515617370605,3.7769455909729004,3.716585874557495,3.022495746612549,3.012659788131714,2.864043951034546,2.7279810905456543,2.851358652114868,2.7327535152435303,2.9837534427642822,2.855283498764038,3.005286931991577,3.160349130630493,3.0876576900482178,3.313180923461914,3.4548277854919434,3.572910785675049,3.636669874191284
A14,3.4884185791015625,3.200878858566284,2.9021873474121094,2.7171630859375,2.3909802436828613,2.1110832691192627,1.8820419311523438,1.6096174716949463,1.367933988571167,1.0955116748809814,0.8586400151252747,0.557189404964447,0.37109145522117615,0.0,0.3794313073158264,2.2604708671569824,2.2681326866149902,2.4646060466766357,2.5103237628936768,2.5717155933380127,2.916193962097168,2.996748447418213,2.952681303024292,3.0874063968658447,3.0298709869384766,3.094560146331787,3.0484657287597656,3.052828311920166,3.048705577850342,2.9408559799194336,2.518620729446411,2.3842532634735107,2.5127556324005127,2.455930233001709,2.356832265853882,2.6265158653259277,2.6506423950195312,2.8587915897369385,2.8039822578430176,3.1277735233306885,3.210676908493042,3.1650843620300293,3.4378650188446045,3.4212913513183594,3.590405225753784,4.8452229499816895,4.86085844039917,4.591445446014404,4.663823127746582,4.423093318939209,4.479182720184326,4.266306400299072,4.1902384757995605,3.9224438667297363,4.177155494689941,4.104493618011475,3.9636902809143066,3.7314374446868896,3.74342679977417,3.6502463817596436,2.937998056411743,2.970111846923828,2.829244375228882,2.742412567138672,2.88561749458313,2.78926682472229,3.0380213260650635,2.9390995502471924,3.089585065841675,3.228699207305908,3.178800106048584,3.38513445854187,3.5439765453338623,3.657150983810425,3.7080979347229004
A15,3.4476053714752197,3.164323568344116,2.87492036819458,2.714202642440796,2.4020466804504395,2.1126348972320557,1.9170907735824585,1.637852430343628,1.437407374382019,1.1590996980667114,1.0129512548446655,0.6769784688949585,0.6833102703094482,0.3794313073158264,0.0,2.335141181945801,2.3950860500335693,2.6088545322418213,2.698334217071533,2.7772669792175293,3.1347179412841797,3.247683525085449,3.23150634765625,3.3686623573303223,3.3201870918273926,3.409658908843994,3.3608107566833496,3.375117063522339,3.3850436210632324,3.2726449966430664,2.713444471359253,2.5591278076171875,2.724931001663208,2.691772699356079,2.6035120487213135,2.861736297607422,2.8747761249542236,3.0543715953826904,2.971012830734253,3.271031618118286,3.3162472248077393,3.2400004863739014,3.4856560230255127,3.4286623001098633,3.576289415359497,4.832480430603027,4.83104944229126,4.56303071975708,4.6115546226501465,4.361306667327881,4.386115074157715,4.162744998931885,4.056380271911621,3.767751455307007,3.9959099292755127,3.8979604244232178,3.7322161197662354,3.475572347640991,3.467982053756714,3.3517749309539795,2.682908773422241,2.7496209144592285,2.6397225856781006,2.590808629989624,2.7709813117980957,2.7189478874206543,2.986543893814087,2.9338793754577637,3.112457513809204,3.2658793926239014,3.2582852840423584,3.472433090209961,3.6627559661865234,3.796428680419922,3.864863634109497
B1,4.856084823608398,4.703375339508057,4.334126949310303,4.299805164337158,3.928502082824707,3.8093597888946533,3.467921733856201,3.400002956390381,3.0401434898376465,3.012118101119995,2.6696255207061768,2.611279010772705,2.324519395828247,2.2604708671569824,2.335141181945801,0.0,0.37338516116142273,0.535502016544342,0.839650571346283,1.039486289024353,1.3308331966400146,1.6488337516784668,1.8837348222732544,2.103292465209961,2.289755344390869,2.582897424697876,2.7349507808685303,2.981396198272705,3.2263193130493164,3.343749761581421,4.327394962310791,4.32757568359375,4.415981292724609,4.356766223907471,4.273478031158447,4.566893577575684,4.612862586975098,4.86970853805542,4.847611904144287,5.200599193572998,5.323113918304443,5.275798320770264,5.59050178527832,5.582448482513428,5.789340019226074,6.9567694664001465,6.930303573608398,6.621957302093506,6.651015758514404,6.364615440368652,6.393518924713135,6.11602258682251,6.015511989593506,5.754134178161621,5.9671101570129395,5.82213830947876,5.6331329345703125,5.36243200302124,5.237699508666992,5.105559349060059,2.913311719894409,2.873471975326538,2.5359318256378174,2.5168392658233643,2.404484748840332,2.1544623374938965,2.1034440994262695,1.9381392002105713,1.825670838356018,1.6930418014526367,1.607512354850769,1.5822733640670776,1.7237305641174316,1.759167194366455,1.7491183280944824
B2,4.770465850830078,4.62183952331543,4.249068737030029,4.207757949829102,3.8336384296417236,3.731846332550049,3.3763294219970703,3.3283212184906006,2.9572813510894775,2.9543938636779785,2.59568190574646,2.5801098346710205,2.2757318019866943,2.2681326866149902,2.3950860500335693,0.37338516116142273,0.0,0.3795239329338074,0.5292925238609314,0.813751757144928,1.0833936929702759,1.3862125873565674,1.618032455444336,1.8770692348480225,2.091670513153076,2.3634753227233887,2.5502030849456787,2.8009891510009766,3.0377988815307617,3.1761293411254883,4.272490978240967,4.275986671447754,4.333171367645264,4.25034236907959,4.150641441345215,4.433448314666748,4.471875190734863,4.733030796051025,4.718385219573975,5.076624393463135,5.214827537536621,5.177847862243652,5.507622241973877,5.519684314727783,5.743605613708496,6.887129783630371,6.865610599517822,6.553524971008301,6.59340238571167,6.310729503631592,6.358914375305176,6.085478782653809,6.005916118621826,5.760997772216797,5.9925432205200195,5.865194797515869,5.695580005645752,5.4445390701293945,5.335458278656006,5.225139141082764,3.0903847217559814,3.014763593673706,2.6705050468444824,2.598524808883667,2.4626572132110596,2.1761488914489746,2.1188440322875977,1.8951416015625,1.7556778192520142,1.6215535402297974,1.4613643884658813,1.4433032274246216,1.532149076461792,1.5493525266647339,1.5331348180770874
B3,5.115854263305664,4.957067966461182,4.586167335510254,4.528775215148926,4.153806686401367,4.039356231689453,3.685192108154297,3.6189398765563965,3.2485737800598145,3.221879243850708,2.8547680377960205,2.8199610710144043,2.4896929264068604,2.4646060466766357,2.6088545322418213,0.535502016544342,0.3795239329338074,0.0,0.3783218264579773,0.5249596834182739,0.7965897917747498,1.1205018758773804,1.3764504194259644,1.6019625663757324,1.8244680166244507,2.128885507583618,2.3182883262634277,2.592726230621338,2.862488031387329,3.021655797958374,4.298320293426514,4.333252429962158,4.3902268409729,4.323248863220215,4.247103214263916,4.5440521240234375,4.608824253082275,4.887679100036621,4.899068832397461,5.263463020324707,5.418571472167969,5.402132987976074,5.731698513031006,5.757792949676514,5.97507905960083,7.144342422485352,7.137177467346191,6.832122325897217,6.884791851043701,6.6103715896606445,6.666494846343994,6.4017415046691895,6.325854778289795,6.078293800354004,6.31354284286499,6.190343856811523,6.019659042358398,5.764082908630371,5.661017894744873,5.5425896644592285,3.422079086303711,3.3620078563690186,3.018186092376709,2.963282585144043,2.8257055282592773,2.540966749191284,2.4646573066711426,2.2411201000213623,2.072336435317993,1.8954081535339355,1.7127007246017456,1.6217283010482788,1.6512951850891113,1.589743971824646,1.4826534986495972
B4,5.044426918029785,4.889932155609131,4.518515110015869,4.453989028930664,4.079638957977295,3.9823873043060303,3.618767499923706,3.571669578552246,3.1958301067352295,3.192753314971924,2.816380262374878,2.822281837463379,2.482304334640503,2.5103237628936768,2.698334217071533,0.839650571346283,0.5292925238609314,0.3783218264579773,0.0,0.37787580490112305,0.5762428045272827,0.8661810755729675,1.117149829864502,1.397658109664917,1.655888557434082,1.9284194707870483,2.1597766876220703,2.4362239837646484,2.6935832500457764,2.875685214996338,4.260526180267334,4.298018932342529,4.3226823806762695,4.231809616088867,4.1393609046936035,4.423248291015625,4.480084419250488,4.761740684509277,4.780981540679932,5.148586750030518,5.318811416625977,5.313018321990967,5.655860424041748,5.701815128326416,5.93484354019165,7.076465606689453,7.07436990737915,6.76674222946167,6.830066680908203,6.560413837432861,6.635271072387695,6.375619888305664,6.320327281951904,6.08945894241333,6.341736316680908,6.235895156860352,6.084223747253418,5.84805154800415,5.760191917419434,5.662517070770264,3.604501962661743,3.5147757530212402,3.1683640480041504,3.0693788528442383,2.915487051010132,2.6054728031158447,2.5281155109405518,2.260657787322998,2.0757951736450195,1.906416654586792,1.6625784635543823,1.5822314023971558,1.5499320030212402,1.463161587715149,1.343326449394226
B5,5.292993545532227,5.119161128997803,4.752787113189697,4.663749694824219,4.290067195892334,4.170246124267578,3.81339693069458,3.737222671508789,3.3668971061706543,3.329392433166504,2.948781967163086,2.9275474548339844,2.564823627471924,2.5717155933380127,2.7772669792175293,1.039486289024353,0.813751757144928,0.5249596834182739,0.37787580490112305,0.0,0.37746816873550415,0.6240019202232361,0.8551983833312988,1.0805046558380127,1.3211055994033813,1.6228828430175781,1.8402559757232666,2.1307997703552246,2.41385555267334,2.6056554317474365,4.12723445892334,4.194719314575195,4.221408843994141,4.149825096130371,4.084725856781006,4.383666038513184,4.470054626464844,4.768705368041992,4.815540313720703,5.187384605407715,5.373354434967041,5.390127182006836,5.728835105895996,5.7887797355651855,6.010991096496582,7.184873580932617,7.200857639312744,6.9039154052734375,6.983066558837891,6.725106716156006,6.808841228485107,6.562185764312744,6.51083517074585,6.2757062911987305,6.533075332641602,6.434605598449707,6.283189296722412,6.04293966293335,5.967888832092285,5.862367630004883,3.8850972652435303,3.817225694656372,3.477699041366577,3.3938450813293457,3.2574429512023926,2.957214593887329,2.890058755874634,2.631143808364868,2.450662612915039,2.2751424312591553,2.0328903198242188,1.9292844533920288,1.8726000785827637,1.7411974668502808,1.5563886165618896
B6,5.5291748046875,5.367246627807617,4.999561786651611,4.915285110473633,4.543172359466553,4.441500663757324,4.078403949737549,4.021251201629639,3.6483232975006104,3.630432605743408,3.2474870681762695,3.249837636947632,2.886211395263672,2.916193962097168,3.1347179412841797,1.3308331966400146,1.0833936929702759,0.7965897917747498,0.5762428045272827,0.37746816873550415,0.0,0.3632919490337372,0.6974451541900635,0.9461487531661987,1.2646019458770752,1.5646733045578003,1.8368133306503296,2.151963472366333,2.4513583183288574,2.6834094524383545,4.380728721618652,4.461515426635742,4.467155456542969,4.385254383087158,4.316352367401123,4.607081890106201,4.693133354187012,4.995725154876709,5.052348613739014,5.42572021484375,5.62393856048584,5.649275779724121,5.996453285217285,6.069649696350098,6.3014655113220215,7.454413890838623,7.472382545471191,7.172931671142578,7.256722450256348,7.0000810623168945,7.0933756828308105,6.846877574920654,6.8059492111206055,6.580753326416016,6.844489097595215,6.751314163208008,6.6071929931640625,6.374884128570557,6.299702167510986,6.202024936676025,4.172399520874023,4.086185455322266,3.737433910369873,3.6404922008514404,3.4762487411499023,3.1591908931732178,3.0592429637908936,2.780168056488037,2.5614795684814453,2.3536651134490967,2.0779688358306885,1.9275070428848267,1.8042343854904175,1.6125117540359497,1.3682770729064941
B7,5.620077133178711,5.448209762573242,5.08640193939209,4.981362342834473,4.613502025604248,4.508681774139404,4.148189067840576,4.085020542144775,3.7174484729766846,3.6932668685913086,3.3088064193725586,3.3205933570861816,2.9459786415100098,2.996748447418213,3.247683525085449,1.6488337516784668,1.3862125873565674,1.1205018758773804,0.8661810755729675,0.6240019202232361,0.3632919490337372,0.0,0.3547028601169586,0.6245485544204712,0.9737898111343384,1.2455451488494873,1.5490446090698242,1.8679686784744263,2.1665854454040527,2.422374963760376,4.2636823654174805,4.363142013549805,4.346071243286133,4.259418964385986,4.196555137634277,4.4837141036987305,4.581916332244873,4.894176006317139,4.973400592803955,5.3483686447143555,5.565503120422363,5.612414836883545,5.963535785675049,6.058761119842529,6.293054103851318,7.4421892166137695,7.475417613983154,7.182563781738281,7.283718109130859,7.039200305938721,7.15064001083374,6.917351722717285,6.893065929412842,6.677177429199219,6.954810619354248,6.878747463226318,6.748308181762695,6.527422904968262,6.471534252166748,6.38336181640625,4.460446834564209,4.370708465576172,4.02707052230835,3.912898540496826,3.7551538944244385,3.4334428310394287,3.347729206085205,3.0536835193634033,2.8410377502441406,2.6481428146362305,2.3520898818969727,2.2155840396881104,2.062894344329834,1.8558796644210815,1.5980865955352783
B8,5.61384916305542,5.426718235015869,5.073057174682617,4.943918228149414,4.581543922424316,4.466224670410156,4.113039970397949,4.035891532897949,3.6776607036590576,3.6389594078063965,3.2569966316223145,3.2700564861297607,2.887805700302124,2.952681303024292,3.23150634765625,1.8837348222732544,1.618032455444336,1.3764504194259644,1.117149829864502,0.8551983833312988,0.6974451541900635,0.3547028601169586,0.0,0.3577662706375122,0.687529444694519,0.9098955392837524,1.2306381464004517,1.5410826206207275,1.829304814338684,2.0958242416381836,4.025457859039307,4.139852523803711,4.105433940887451,4.017533302307129,3.9630792140960693,4.2489237785339355,4.360785484313965,4.681560516357422,4.781789302825928,5.157020568847656,5.389497756958008,5.4565839767456055,5.8076653480529785,5.9213643074035645,6.153867721557617,7.305522918701172,7.354506492614746,7.070397853851318,7.188320636749268,6.95688009262085,7.08376407623291,6.865199089050293,6.854607105255127,6.645150184631348,6.934526443481445,6.874898433685303,6.75652551651001,6.5453009605407715,6.510274887084961,6.429460048675537,4.644864559173584,4.5586090087890625,4.224808692932129,4.098525524139404,3.9584004878997803,3.6396095752716064,3.5804481506347656,3.280432939529419,3.0884811878204346,2.9217190742492676,2.6199028491973877,2.5129716396331787,2.360313653945923,2.1638758182525635,1.918351173400879
B9,5.875372886657715,5.6735453605651855,5.325377941131592,5.179355621337891,4.819652080535889,4.6857428550720215,4.341824531555176,4.241146564483643,3.891641616821289,3.8249568939208984,3.446946620941162,3.4348673820495605,3.0452537536621094,3.0874063968658447,3.3686623573303223,2.103292465209961,1.8770692348480225,1.6019625663757324,1.397658109664917,1.0805046558380127,0.9461487531661987,0.6245485544204712,0.3577662706375122,0.0,0.37741819024086,0.6573190093040466,0.9625487923622131,1.2966728210449219,1.622084379196167,1.902583122253418,3.9633986949920654,4.106815814971924,4.076444149017334,4.010941982269287,3.9858877658843994,4.28279972076416,4.42216157913208,4.75439977645874,4.878086090087891,5.252795696258545,5.495711326599121,5.581075668334961,5.924320220947266,6.0473527908325195,6.267208099365234,7.443798542022705,7.507786273956299,7.234405994415283,7.364137172698975,7.142947673797607,7.274576663970947,7.066967964172363,7.057200908660889,6.843072891235352,7.1336140632629395,7.078149795532227,6.958193778991699,6.742241382598877,6.715721607208252,6.626749515533447,4.897892951965332,4.829591751098633,4.500362873077393,4.38917350769043,4.261671543121338,3.95113205909729,3.897785186767578,3.6075289249420166,3.4193339347839355,3.247156858444214,2.9540653228759766,2.83475399017334,2.6837382316589355,2.4738097190856934,2.205042839050293
B10,5.931995868682861,5.709779262542725,5.371220111846924,5.2015838623046875,4.847766876220703,4.691019058227539,4.36140775680542,4.232641696929932,3.897601366043091,3.7993125915527344,3.430325508117676,3.3950345516204834,3.0025277137756348,3.0298709869384766,3.3201870918273926,2.289755344390869,2.091670513153076,1.8244680166244507,1.655888557434082,1.3211055994033813,1.2646019458770752,0.9737898111343384,0.687529444694519,0.37741819024086,0.0,0.3775521516799927,0.6021795272827148,0.943283200263977,1.2894208431243896,1.5633331537246704,3.6880557537078857,3.8538622856140137,3.825712203979492,3.779738664627075,3.781367301940918,4.087709903717041,4.252603054046631,4.594003677368164,4.739516258239746,5.111968040466309,5.363609790802002,5.467411518096924,5.800876140594482,5.933659076690674,6.1398515701293945,7.339223384857178,7.419766902923584,7.159305095672607,7.302779197692871,7.094738483428955,7.233016490936279,7.040312767028809,7.034030437469482,6.8171868324279785,7.11114501953125,7.064984321594238,6.948066711425781,6.732199668884277,6.722092151641846,6.629652500152588,5.034666061401367,4.984531879425049,4.6680192947387695,4.563791275024414,4.461592674255371,4.164017677307129,4.136867046356201,3.856278657913208,3.691506862640381,3.538036823272705,3.256227731704712,3.1563024520874023,3.0244455337524414,2.8284811973571777,2.5684406757354736
B11,5.920646667480469,5.691084384918213,5.362884998321533,5.174906253814697,4.831125736236572,4.675207138061523,4.354233264923096,4.224308490753174,3.9024412631988525,3.804022789001465,3.4446308612823486,3.425869941711426,3.038762092590332,3.094560146331787,3.409658908843994,2.582897424697876,2.3634753227233887,2.128885507583618,1.9284194707870483,1.6228828430175781,1.5646733045578003,1.2455451488494873,0.9098955392837524,0.6573190093040466,0.3775521516799927,0.0,0.37833502888679504,0.676722526550293,0.987675130367279,1.295331597328186,3.53745174407959,3.714672803878784,3.6553938388824463,3.5978293418884277,3.6003150939941406,3.8941478729248047,4.065954208374023,4.411175727844238,4.576744079589844,4.945693492889404,5.213646411895752,5.337419509887695,5.672544956207275,5.826940059661865,6.036229133605957,7.216393947601318,7.310676097869873,7.0577826499938965,7.217373847961426,7.022753715515137,7.179049015045166,7.000825881958008,7.012764930725098,6.808882713317871,7.115776062011719,7.088551998138428,6.988523006439209,6.788705348968506,6.798967361450195,6.7204813957214355,5.248489856719971,5.190792083740234,4.881904125213623,4.757641792297363,4.662592887878418,4.363199710845947,4.352479457855225,4.060754776000977,3.907383441925049,3.774113655090332,3.4804399013519287,3.402796506881714,3.260955572128296,3.0711026191711426,2.8232932090759277
B12,5.99198055267334,5.74327278137207,5.424777507781982,5.2175679206848145,4.880083084106445,4.699580669403076,4.395334243774414,4.235607624053955,3.9301064014434814,3.797548294067383,3.451320171356201,3.402031421661377,3.018131732940674,3.0484657287597656,3.3608107566833496,2.7349507808685303,2.5502030849456787,2.3182883262634277,2.1597766876220703,1.8402559757232666,1.8368133306503296,1.5490446090698242,1.2306381464004517,0.9625487923622131,0.6021795272827148,0.37833502888679504,0.0,0.34569042921066284,0.7120862007141113,0.9939670562744141,3.2776894569396973,3.4786031246185303,3.43115496635437,3.4021739959716797,3.438142776489258,3.744722366333008,3.944425106048584,4.296563625335693,4.4807448387146,4.845261573791504,5.116517066955566,5.2549147605896,5.575907230377197,5.734039306640625,5.92528772354126,7.1330132484436035,7.241697788238525,7.002274513244629,7.171882152557373,6.988855361938477,7.146378517150879,6.981330871582031,6.991473197937012,6.78142786026001,7.086907863616943,7.064579010009766,6.963387966156006,6.759906768798828,6.782498359680176,6.696615219116211,5.3430891036987305,5.306784152984619,5.010924339294434,4.9004225730896,4.8300275802612305,4.5464253425598145,4.557403087615967,4.2806315422058105,4.147972583770752,4.027503490447998,3.7500479221343994,3.6843132972717285,3.564803123474121,3.3870129585266113,3.1441614627838135
B13,5.983523845672607,5.721033096313477,5.415747165679932,5.1882147789001465,4.862368106842041,4.670245170593262,4.382735729217529,4.207644939422607,3.922011613845825,3.7727482318878174,3.4438021183013916,3.3898444175720215,3.0172595977783203,3.052828311920166,3.375117063522339,2.981396198272705,2.8009891510009766,2.592726230621338,2.4362239837646484,2.1307997703552246,2.151963472366333,1.8679686784744263,1.5410826206207275,1.2966728210449219,0.943283200263977,0.676722526550293,0.34569042921066284,0.0,0.3807011842727661,0.6619554758071899,3.0278236865997314,3.246065139770508,3.1841742992401123,3.1626343727111816,3.2167820930480957,3.5202090740203857,3.737975597381592,4.093843460083008,4.298933506011963,4.656896114349365,4.93816614151001,5.095573425292969,5.408568382263184,5.580966472625732,5.7639970779418945,6.9706711769104,7.094685077667236,6.8675079345703125,7.051458358764648,6.88312292098999,7.051608085632324,6.9027910232543945,6.923054218292236,6.718507766723633,7.030271053314209,7.022402763366699,6.931666851043701,6.737353801727295,6.779178619384766,6.699068546295166,5.491393089294434,5.4609761238098145,5.178158760070801,5.062304496765137,5.009807109832764,4.734930038452148,4.767965793609619,4.493823051452637,4.3805084228515625,4.2805562019348145,4.006435871124268,3.962139368057251,3.851043939590454,3.686321973800659,3.4566807746887207
B14,5.890167236328125,5.6174516677856445,5.3271684646606445,5.08026123046875,4.768980026245117,4.572446823120117,4.301980972290039,4.119856357574463,3.8561313152313232,3.7004096508026123,3.3917226791381836,3.347081184387207,2.9919190406799316,3.048705577850342,3.3850436210632324,3.2263193130493164,3.0377988815307617,2.862488031387329,2.6935832500457764,2.41385555267334,2.4513583183288574,2.1665854454040527,1.829304814338684,1.622084379196167,1.2894208431243896,0.987675130367279,0.7120862007141113,0.3807011842727661,0.0,0.34648412466049194,2.778285026550293,3.004530429840088,2.912991523742676,2.883755922317505,2.9440152645111084,3.234973669052124,3.4629788398742676,3.8199503421783447,4.044558525085449,4.3950653076171875,4.6882805824279785,4.86467981338501,5.173281192779541,5.363630771636963,5.544424057006836,6.734095573425293,6.872025489807129,6.655372619628906,6.854189872741699,6.700878143310547,6.8839874267578125,6.75172758102417,6.787242889404297,6.593982219696045,6.915086269378662,6.925511360168457,6.850663185119629,6.671950817108154,6.735167503356934,6.667689323425293,5.614587783813477,5.582204341888428,5.312817096710205,5.182873725891113,5.1452741622924805,4.876842021942139,4.932418346405029,4.65673828125,4.563448905944824,4.488560199737549,4.214269161224365,4.196992874145508,4.091274738311768,3.942899227142334,3.732746124267578
