0.000000000000000000e+00,3.982190787792205811e-01,6.501917839050292969e-01,9.793611168861389160e-01,1.212145686149597168e+00,1.520178079605102539e+00,1.768555045127868652e+00,2.069294929504394531e+00,2.281359434127807617e+00,2.492781877517700195e+00,2.762042760848999023e+00,2.942116498947143555e+00,3.266639471054077148e+00,3.505524635314941406e+00,3.561953783035278320e+00,5.167065620422363281e+00,5.210217952728271484e+00,5.267585754394531250e+00,5.113802909851074219e+00,5.142841815948486328e+00,5.373517036437988281e+00,5.437417984008789062e+00,5.296373844146728516e+00,5.602549076080322266e+00,5.596346855163574219e+00,5.646807670593261719e+00,5.656275272369384766e+00,5.638605117797851562e+00,5.937211036682128906e+00,5.978912353515625000e+00,4.883124828338623047e+00,4.655766963958740234e+00,4.318991661071777344e+00,4.265860080718994141e+00,4.070727348327636719e+00,3.724009752273559570e+00,3.567258596420288086e+00,3.200852394104003906e+00,3.025637149810791016e+00,2.670919656753540039e+00,2.541326045989990234e+00,2.508962392807006836e+00,2.418057918548583984e+00,2.442409753799438477e+00,2.444315671920776367e+00,3.645547866821289062e+00,3.570186376571655273e+00,3.328844785690307617e+00,3.178666591644287109e+00,2.867145299911499023e+00,2.693006277084350586e+00,2.475638628005981445e+00,2.144362449645996094e+00,2.174870729446411133e+00,2.208786964416503906e+00,1.991789460182189941e+00,2.148045539855957031e+00,2.108686923980712891e+00,2.315680265426635742e+00,2.454987525939941406e+00,4.641291141510009766e+00,4.739968299865722656e+00,4.680590629577636719e+00,4.872089385986328125e+00,4.782736778259277344e+00,4.530660629272460938e+00,4.757038116455078125e+00,4.553221702575683594e+00,4.695751190185546875e+00,4.645721435546875000e+00,4.718730926513671875e+00,5.051814079284667969e+00,4.964384078979492188e+00,5.266438484191894531e+00,5.344908237457275391e+00
3.982190787792205811e-01,0.000000000000000000e+00,3.842229545116424561e-01,6.370745897293090820e-01,9.393328428268432617e-01,1.195748090744018555e+00,1.485484123229980469e+00,1.778239488601684570e+00,2.032555580139160156e+00,2.242267131805419922e+00,2.530736684799194336e+00,2.733092308044433594e+00,3.058230638504028320e+00,3.309522628784179688e+00,3.368867158889770508e+00,4.863394737243652344e+00,4.907430648803710938e+00,4.979697227478027344e+00,4.840033054351806641e+00,4.890059471130371094e+00,5.136717796325683594e+00,5.220267295837402344e+00,5.097699165344238281e+00,5.407522678375244141e+00,5.424624443054199219e+00,5.484890937805175781e+00,5.495182991027832031e+00,5.498428344726562500e+00,5.791910648345947266e+00,5.841764450073242188e+00,4.894822120666503906e+00,4.692021369934082031e+00,4.343408584594726562e+00,4.308723926544189453e+00,4.142619132995605469e+00,3.799456596374511719e+00,3.678686380386352539e+00,3.309156179428100586e+00,3.171230554580688477e+00,2.815918684005737305e+00,2.711787223815917969e+00,2.666637897491455078e+00,2.618961811065673828e+00,2.625885725021362305e+00,2.585759878158569336e+00,3.854179859161376953e+00,3.791721105575561523e+00,3.575540781021118164e+00,3.431451559066772461e+00,3.140685319900512695e+00,2.974784851074218750e+00,2.749212503433227539e+00,2.407605648040771484e+00,2.411638021469116211e+00,2.392080307006835938e+00,2.133654832839965820e+00,2.227657794952392578e+00,2.135401487350463867e+00,2.288656473159790039e+00,2.378407716751098633e+00,4.415751934051513672e+00,4.503742694854736328e+00,4.419130802154541016e+00,4.601537227630615234e+00,4.491866588592529297e+00,4.229201316833496094e+00,4.440789699554443359e+00,4.233798503875732422e+00,4.358695983886718750e+00,4.308996200561523438e+00,4.366813182830810547e+00,4.698129653930664062e+00,4.601113796234130859e+00,4.896173477172851562e+00,4.966147422790527344e+00
6.501917839050292969e-01,3.842229545116424561e-01,0.000000000000000000e+00,3.759799003601074219e-01,6.043580770492553711e-01,9.054850339889526367e-01,1.143931627273559570e+00,1.463987350463867188e+00,1.699410796165466309e+00,1.941967606544494629e+00,2.205097198486328125e+00,2.427689313888549805e+00,2.735123872756958008e+00,3.003514289855957031e+00,3.091314554214477539e+00,4.533420562744140625e+00,4.569262981414794922e+00,4.629341125488281250e+00,4.480143070220947266e+00,4.521172046661376953e+00,4.763163089752197266e+00,4.843472957611083984e+00,4.720049858093261719e+00,5.032262802124023438e+00,5.049808979034423828e+00,5.115861415863037109e+00,5.134557247161865234e+00,5.144070625305175781e+00,5.442660808563232422e+00,5.502984523773193359e+00,4.591793537139892578e+00,4.398206233978271484e+00,4.041189670562744141e+00,4.006095409393310547e+00,3.854385614395141602e+00,3.511697053909301758e+00,3.417801141738891602e+00,3.046424627304077148e+00,2.941906213760375977e+00,2.596331596374511719e+00,2.531114339828491211e+00,2.503929376602172852e+00,2.509851694107055664e+00,2.540201663970947266e+00,2.499106407165527344e+00,3.889591693878173828e+00,3.863307952880859375e+00,3.653030872344970703e+00,3.545148611068725586e+00,3.259192943572998047e+00,3.131476879119873047e+00,2.938425302505493164e+00,2.612356185913085938e+00,2.653462409973144531e+00,2.645293951034545898e+00,2.400790214538574219e+00,2.475194215774536133e+00,2.396291255950927734e+00,2.521565198898315430e+00,2.573133707046508789e+00,4.342492580413818359e+00,4.401128292083740234e+00,4.307147502899169922e+00,4.464450359344482422e+00,4.340942859649658203e+00,4.061055660247802734e+00,4.258874416351318359e+00,4.027604579925537109e+00,4.151723861694335938e+00,4.074591159820556641e+00,4.135234355926513672e+00,4.456665992736816406e+00,4.356977462768554688e+00,4.662029266357421875e+00,4.753740310668945312e+00
9.793611168861389160e-01,6.370745897293090820e-01,3.759799003601074219e-01,0.000000000000000000e+00,3.726384341716766357e-01,5.635914206504821777e-01,8.686619997024536133e-01,1.156747102737426758e+00,1.438026785850524902e+00,1.660597085952758789e+00,1.949257612228393555e+00,2.182325839996337891e+00,2.494153976440429688e+00,2.764745950698852539e+00,2.845727205276489258e+00,4.227401256561279297e+00,4.274763584136962891e+00,4.354236125946044922e+00,4.225627899169921875e+00,4.287446975708007812e+00,4.542239189147949219e+00,4.635993957519531250e+00,4.525356769561767578e+00,4.834367275238037109e+00,4.870832920074462891e+00,4.937819480895996094e+00,4.948249816894531250e+00,4.972773551940917969e+00,5.260963439941406250e+00,5.321889877319335938e+00,4.562339305877685547e+00,4.396464824676513672e+00,4.034790039062500000e+00,4.027062416076660156e+00,3.907896041870117188e+00,3.577675819396972656e+00,3.516125917434692383e+00,3.151874303817749023e+00,3.078874349594116211e+00,2.735484600067138672e+00,2.682382345199584961e+00,2.629298925399780273e+00,2.667520999908447266e+00,2.669151782989501953e+00,2.583244562149047852e+00,4.001638889312744141e+00,3.987838506698608398e+00,3.805596828460693359e+00,3.705066204071044922e+00,3.443623781204223633e+00,3.326764822006225586e+00,3.130749702453613281e+00,2.801850080490112305e+00,2.825155735015869141e+00,2.775252580642700195e+00,2.507977247238159180e+00,2.526995420455932617e+00,2.416556119918823242e+00,2.488731145858764648e+00,2.488936662673950195e+00,4.053565502166748047e+00,4.100917339324951172e+00,3.988458633422851562e+00,4.137080192565917969e+00,3.999778509140014648e+00,3.713279008865356445e+00,3.902039051055908203e+00,3.670125246047973633e+00,3.785743236541748047e+00,3.712260007858276367e+00,3.767904996871948242e+00,4.091700553894042969e+00,3.993294239044189453e+00,4.296590328216552734e+00,4.384811878204345703e+00
1.212145686149597168e+00,9.393328428268432617e-01,6.043580770492553711e-01,3.726384341716766357e-01,0.000000000000000000e+00,3.762113451957702637e-01,5.595757961273193359e-01,8.653419613838195801e-01,1.099147200584411621e+00,1.344329833984375000e+00,1.608300566673278809e+00,1.843828678131103516e+00,2.147048234939575195e+00,2.423208951950073242e+00,2.522684097290039062e+00,3.956345081329345703e+00,4.008425712585449219e+00,4.076938152313232422e+00,3.942504167556762695e+00,3.989254713058471680e+00,4.232041358947753906e+00,4.310310363769531250e+00,4.186682224273681641e+00,4.490440845489501953e+00,4.517039775848388672e+00,4.577205657958984375e+00,4.584718227386474609e+00,4.604307174682617188e+00,4.893918037414550781e+00,4.954935550689697266e+00,4.207920074462890625e+00,4.051551818847656250e+00,3.687528371810913086e+00,3.688926696777343750e+00,3.585735082626342773e+00,3.263225078582763672e+00,3.222968101501464844e+00,2.865301847457885742e+00,2.819140434265136719e+00,2.485117912292480469e+00,2.456726551055908203e+00,2.404661417007446289e+00,2.488556146621704102e+00,2.498790264129638672e+00,2.405208826065063477e+00,3.905404567718505859e+00,3.925465345382690430e+00,3.753650903701782227e+00,3.688304901123046875e+00,3.438085079193115234e+00,3.359692096710205078e+00,3.197322130203247070e+00,2.889099359512329102e+00,2.948254585266113281e+00,2.912986040115356445e+00,2.669425964355468750e+00,2.677104949951171875e+00,2.595678329467773438e+00,2.651479244232177734e+00,2.626054048538208008e+00,3.935883522033691406e+00,3.957698345184326172e+00,3.850757598876953125e+00,3.978523969650268555e+00,3.841588258743286133e+00,3.547123193740844727e+00,3.733678579330444336e+00,3.483123064041137695e+00,3.614463567733764648e+00,3.518638849258422852e+00,3.594352722167968750e+00,3.912626981735229492e+00,3.828339099884033203e+00,4.147974967956542969e+00,4.264620780944824219e+00
1.520178079605102539e+00,1.195748090744018555e+00,9.054850339889526367e-01,5.635914206504821777e-01,3.762113451957702637e-01,0.000000000000000000e+00,3.881610035896301270e-01,6.068351864814758301e-01,9.299038052558898926e-01,1.144461989402770996e+00,1.438866734504699707e+00,1.694889783859252930e+00,1.993972539901733398e+00,2.275116682052612305e+00,2.369486570358276367e+00,3.676406145095825195e+00,3.737465143203735352e+00,3.829181432723999023e+00,3.718655347824096680e+00,3.792994260787963867e+00,4.053326129913330078e+00,4.152386188507080078e+00,4.049451351165771484e+00,4.351298809051513672e+00,4.404064178466796875e+00,4.470124244689941406e+00,4.472489833831787109e+00,4.513696193695068359e+00,4.791420936584472656e+00,4.856700420379638672e+00,4.290267467498779297e+00,4.164216518402099609e+00,3.798187017440795898e+00,3.824397087097167969e+00,3.754463434219360352e+00,3.447183132171630859e+00,3.439698696136474609e+00,3.093531608581542969e+00,3.077666521072387695e+00,2.753937244415283203e+00,2.738246917724609375e+00,2.668678760528564453e+00,2.774131536483764648e+00,2.760738849639892578e+00,2.631880283355712891e+00,4.123727798461914062e+00,4.149568557739257812e+00,4.001977920532226562e+00,3.937299966812133789e+00,3.707527160644531250e+00,3.630859851837158203e+00,3.460211515426635742e+00,3.147990465164184570e+00,3.183741569519042969e+00,3.111330986022949219e+00,2.846473693847656250e+00,2.809065103530883789e+00,2.693740844726562500e+00,2.701800584793090820e+00,2.630713701248168945e+00,3.713379144668579102e+00,3.721412181854248047e+00,3.587671041488647461e+00,3.703165292739868164e+00,3.544729471206665039e+00,3.239598274230957031e+00,3.409678936004638672e+00,3.156188249588012695e+00,3.270184755325317383e+00,3.176375865936279297e+00,3.239137411117553711e+00,3.558573961257934570e+00,3.469297885894775391e+00,3.784341812133789062e+00,3.894058465957641602e+00
1.768555045127868652e+00,1.485484123229980469e+00,1.143931627273559570e+00,8.686619997024536133e-01,5.595757961273193359e-01,3.881610035896301270e-01,0.000000000000000000e+00,3.731615543365478516e-01,6.157067418098449707e-01,9.157283902168273926e-01,1.140169024467468262e+00,1.432888150215148926e+00,1.694676756858825684e+00,2.002487659454345703e+00,2.144188880920410156e+00,3.399009466171264648e+00,3.449642419815063477e+00,3.519762277603149414e+00,3.392336845397949219e+00,3.447865962982177734e+00,3.697526693344116211e+00,3.786072969436645508e+00,3.675942659378051758e+00,3.980169773101806641e+00,4.027976512908935547e+00,4.098726749420166016e+00,4.111236095428466797e+00,4.156277179718017578e+00,4.441963672637939453e+00,4.519226551055908203e+00,3.977772474288940430e+00,3.862357854843139648e+00,3.491070985794067383e+00,3.516508102416992188e+00,3.464821338653564453e+00,3.165033102035522461e+00,3.189685344696044922e+00,2.852724790573120117e+00,2.876888990402221680e+00,2.578522920608520508e+00,2.606854200363159180e+00,2.560119867324829102e+00,2.716586112976074219e+00,2.730031728744506836e+00,2.611250400543212891e+00,4.175271987915039062e+00,4.233875751495361328e+00,4.088775157928466797e+00,4.057908058166503906e+00,3.831703424453735352e+00,3.787866115570068359e+00,3.648788213729858398e+00,3.355911970138549805e+00,3.425275087356567383e+00,3.375932216644287109e+00,3.133769035339355469e+00,3.101773738861083984e+00,3.011768102645874023e+00,3.018394231796264648e+00,2.937418222427368164e+00,3.768615484237670898e+00,3.742440223693847656e+00,3.607555627822875977e+00,3.690359830856323242e+00,3.522943019866943359e+00,3.203362226486206055e+00,3.355838537216186523e+00,3.072495222091674805e+00,3.190281152725219727e+00,3.056761980056762695e+00,3.129446029663085938e+00,3.430976152420043945e+00,3.343504905700683594e+00,3.672543048858642578e+00,3.815360784530639648e+00
2.069294929504394531e+00,1.778239488601684570e+00,1.463987350463867188e+00,1.156747102737426758e+00,8.653419613838195801e-01,6.068351864814758301e-01,3.731615543365478516e-01,0.000000000000000000e+00,3.766059279441833496e-01,5.897195339202880859e-01,8.566582202911376953e-01,1.143918991088867188e+00,1.414205670356750488e+00,1.709965348243713379e+00,1.834906458854675293e+00,3.120660066604614258e+00,3.201004981994628906e+00,3.294936895370483398e+00,3.197740793228149414e+00,3.269941568374633789e+00,3.523119211196899414e+00,3.612087011337280273e+00,3.504226207733154297e+00,3.792942285537719727e+00,3.851029157638549805e+00,3.908661842346191406e+00,3.899550199508666992e+00,3.950381278991699219e+00,4.218515872955322266e+00,4.286173343658447266e+00,3.900330305099487305e+00,3.817042827606201172e+00,3.452682018280029297e+00,3.515231847763061523e+00,3.499430179595947266e+00,3.225153684616088867e+00,3.275400638580322266e+00,2.960590124130249023e+00,3.006360054016113281e+00,2.717338800430297852e+00,2.743890285491943359e+00,2.664654970169067383e+00,2.840156793594360352e+00,2.820899724960327148e+00,2.662636756896972656e+00,4.206948280334472656e+00,4.280288219451904297e+00,4.164937019348144531e+00,4.146205902099609375e+00,3.947733163833618164e+00,3.919973373413085938e+00,3.787396669387817383e+00,3.502983093261718750e+00,3.565772056579589844e+00,3.491696119308471680e+00,3.248088836669921875e+00,3.176361083984375000e+00,3.080050468444824219e+00,3.045493364334106445e+00,2.922921419143676758e+00,3.457292318344116211e+00,3.412545680999755859e+00,3.269409418106079102e+00,3.337941408157348633e+00,3.165377855300903320e+00,2.842383861541748047e+00,2.992783069610595703e+00,2.706622362136840820e+00,2.834274053573608398e+00,2.702985763549804688e+00,2.792687177658081055e+00,3.100847721099853516e+00,3.035835742950439453e+00,3.373288393020629883e+00,3.525591850280761719e+00
2.281359434127807617e+00,2.032555580139160156e+00,1.699410796165466309e+00,1.438026785850524902e+00,1.099147200584411621e+00,9.299038052558898926e-01,6.157067418098449707e-01,3.766059279441833496e-01,0.000000000000000000e+00,3.791764080524444580e-01,5.248771905899047852e-01,8.307667374610900879e-01,1.079607605934143066e+00,1.390163421630859375e+00,1.553765058517456055e+00,2.954838275909423828e+00,3.042258739471435547e+00,3.115142583847045898e+00,3.006882190704345703e+00,3.050269365310668945e+00,3.279787063598632812e+00,3.339883327484130859e+00,3.207358598709106445e+00,3.486705780029296875e+00,3.524454355239868164e+00,3.568745613098144531e+00,3.553743600845336914e+00,3.592357635498046875e+00,3.864241361618041992e+00,3.929748773574829102e+00,3.536987304687500000e+00,3.464971542358398438e+00,3.102052450180053711e+00,3.176756858825683594e+00,3.181234359741210938e+00,2.923338651657104492e+00,2.998039245605468750e+00,2.702495098114013672e+00,2.778512239456176758e+00,2.513751268386840820e+00,2.566509962081909180e+00,2.491544246673583984e+00,2.708035945892333984e+00,2.699635744094848633e+00,2.543220043182373047e+00,4.121809482574462891e+00,4.226546764373779297e+00,4.119751453399658203e+00,4.134604930877685547e+00,3.947338581085205078e+00,3.954025983810424805e+00,3.854485273361206055e+00,3.594110250473022461e+00,3.688529491424560547e+00,3.635545015335083008e+00,3.419545888900756836e+00,3.352268218994140625e+00,3.288132905960083008e+00,3.255609273910522461e+00,3.129520416259765625e+00,3.460954189300537109e+00,3.389896154403686523e+00,3.264871597290039062e+00,3.309136390686035156e+00,3.147792816162109375e+00,2.826244831085205078e+00,2.975481033325195312e+00,2.672836542129516602e+00,2.825568199157714844e+00,2.667236328125000000e+00,2.788551330566406250e+00,3.082093477249145508e+00,3.041488647460937500e+00,3.394376754760742188e+00,3.581223249435424805e+00
2.492781877517700195e+00,2.242267131805419922e+00,1.941967606544494629e+00,1.660597085952758789e+00,1.344329833984375000e+00,1.144461989402770996e+00,9.157283902168273926e-01,5.897195339202880859e-01,3.791764080524444580e-01,0.000000000000000000e+00,3.853154182434082031e-01,5.755013227462768555e-01,8.888405561447143555e-01,1.142983436584472656e+00,1.245559692382812500e+00,2.852087974548339844e+00,2.985087633132934570e+00,3.088382482528686523e+00,3.020213603973388672e+00,3.078637599945068359e+00,3.303518533706665039e+00,3.354335784912109375e+00,3.216032981872558594e+00,3.467858791351318359e+00,3.505717039108276367e+00,3.521931648254394531e+00,3.470075845718383789e+00,3.500435113906860352e+00,3.746490716934204102e+00,3.786706924438476562e+00,3.516555547714233398e+00,3.472181797027587891e+00,3.125866651535034180e+00,3.243033170700073242e+00,3.274448633193969727e+00,3.044508218765258789e+00,3.124667882919311523e+00,2.853396415710449219e+00,2.928009748458862305e+00,2.663839340209960938e+00,2.691245317459106445e+00,2.570757865905761719e+00,2.784283399581909180e+00,2.730417490005493164e+00,2.530346155166625977e+00,4.047609806060791016e+00,4.160088539123535156e+00,4.085350036621093750e+00,4.106609821319580078e+00,3.950132369995117188e+00,3.968707799911499023e+00,3.873181343078613281e+00,3.623010635375976562e+00,3.707503795623779297e+00,3.629810094833374023e+00,3.416688680648803711e+00,3.312565565109252930e+00,3.247988939285278320e+00,3.179567337036132812e+00,3.019422531127929688e+00,3.100138425827026367e+00,3.020506620407104492e+00,2.902290582656860352e+00,2.944925546646118164e+00,2.796030759811401367e+00,2.484249114990234375e+00,2.652003526687622070e+00,2.362389802932739258e+00,2.545952796936035156e+00,2.410841226577758789e+00,2.567288160324096680e+00,2.876142740249633789e+00,2.876641750335693359e+00,3.235602378845214844e+00,3.425304889678955078e+00
2.762042760848999023e+00,2.530736684799194336e+00,2.205097198486328125e+00,1.949257612228393555e+00,1.608300566673278809e+00,1.438866734504699707e+00,1.140169024467468262e+00,8.566582202911376953e-01,5.248771905899047852e-01,3.853154182434082031e-01,0.000000000000000000e+00,3.682801723480224609e-01,5.590276122093200684e-01,8.769765496253967285e-01,1.078920245170593262e+00,2.609697818756103516e+00,2.734934568405151367e+00,2.811016798019409180e+00,2.727044582366943359e+00,2.759465932846069336e+00,2.965313911437988281e+00,2.997054100036621094e+00,2.845279932022094727e+00,3.094413518905639648e+00,3.124134778976440430e+00,3.140745878219604492e+00,3.095896244049072266e+00,3.130202293395996094e+00,3.384761333465576172e+00,3.438460111618041992e+00,3.227155208587646484e+00,3.203438758850097656e+00,2.856478929519653320e+00,2.980239391326904297e+00,3.041809797286987305e+00,2.832395553588867188e+00,2.953413486480712891e+00,2.706402301788330078e+00,2.826657533645629883e+00,2.602279663085937500e+00,2.674069643020629883e+00,2.579234600067138672e+00,2.836383104324340820e+00,2.810052871704101562e+00,2.627959012985229492e+00,4.173799037933349609e+00,4.315113544464111328e+00,4.242310047149658203e+00,4.293149948120117188e+00,4.140133380889892578e+00,4.184985637664794922e+00,4.115787506103515625e+00,3.882794618606567383e+00,3.992300033569335938e+00,3.935699701309204102e+00,3.740319967269897461e+00,3.647429704666137695e+00,3.600609302520751953e+00,3.538842678070068359e+00,3.380867719650268555e+00,3.264397621154785156e+00,3.148780584335327148e+00,3.033210039138793945e+00,3.035530090332031250e+00,2.880919456481933594e+00,2.563646078109741211e+00,2.702736854553222656e+00,2.386308193206787109e+00,2.569173097610473633e+00,2.387815713882446289e+00,2.554738998413085938e+00,2.831434488296508789e+00,2.837717771530151367e+00,3.204864978790283203e+00,3.429385900497436523e+00
2.942116498947143555e+00,2.733092308044433594e+00,2.427689313888549805e+00,2.182325839996337891e+00,1.843828678131103516e+00,1.694889783859252930e+00,1.432888150215148926e+00,1.143918991088867188e+00,8.307667374610900879e-01,5.755013227462768555e-01,3.682801723480224609e-01,0.000000000000000000e+00,3.854425847530364990e-01,5.830693840980529785e-01,7.319127321243286133e-01,2.660275697708129883e+00,2.825614690780639648e+00,2.910737752914428711e+00,2.851269960403442383e+00,2.873158693313598633e+00,3.052555561065673828e+00,3.051792860031127930e+00,2.874259233474731445e+00,3.087786197662353516e+00,3.092555761337280273e+00,3.068019866943359375e+00,2.981738328933715820e+00,2.986083745956420898e+00,3.219219923019409180e+00,3.239043235778808594e+00,3.054018020629882812e+00,3.049903631210327148e+00,2.723620891571044922e+00,2.887442827224731445e+00,2.969912290573120117e+00,2.791024446487426758e+00,2.911582708358764648e+00,2.694534063339233398e+00,2.811560630798339844e+00,2.595648288726806641e+00,2.646785020828247070e+00,2.515005111694335938e+00,2.775777578353881836e+00,2.717069387435913086e+00,2.506905078887939453e+00,3.993955135345458984e+00,4.152741909027099609e+00,4.106735229492187500e+00,4.176421642303466797e+00,4.051857471466064453e+00,4.120177745819091797e+00,4.070247173309326172e+00,3.859074354171752930e+00,3.976413249969482422e+00,3.916193008422851562e+00,3.740873098373413086e+00,3.630880594253540039e+00,3.604456186294555664e+00,3.527208328247070312e+00,3.354776859283447266e+00,3.042073965072631836e+00,2.917766332626342773e+00,2.834048271179199219e+00,2.834076166152954102e+00,2.713336229324340820e+00,2.421627044677734375e+00,2.587491512298583984e+00,2.291547536849975586e+00,2.519715309143066406e+00,2.360390663146972656e+00,2.573752403259277344e+00,2.854410409927368164e+00,2.909396648406982422e+00,3.280307769775390625e+00,3.513842344284057617e+00
3.266639471054077148e+00,3.058230638504028320e+00,2.735123872756958008e+00,2.494153976440429688e+00,2.147048234939575195e+00,1.993972539901733398e+00,1.694676756858825684e+00,1.414205670356750488e+00,1.079607605934143066e+00,8.888405561447143555e-01,5.590276122093200684e-01,3.854425847530364990e-01,0.000000000000000000e+00,3.667117655277252197e-01,6.844748258590698242e-01,2.371588230133056641e+00,2.534919977188110352e+00,2.600112915039062500e+00,2.537881135940551758e+00,2.541966438293457031e+00,2.702986001968383789e+00,2.687172889709472656e+00,2.503357887268066406e+00,2.707685470581054688e+00,2.714454412460327148e+00,2.690441608428955078e+00,2.607038736343383789e+00,2.626456499099731445e+00,2.861805915832519531e+00,2.898941755294799805e+00,2.877707004547119141e+00,2.909796714782714844e+00,2.590024471282958984e+00,2.766053199768066406e+00,2.890036344528198242e+00,2.741497516632080078e+00,2.909332990646362305e+00,2.723630428314208984e+00,2.887279748916625977e+00,2.715166568756103516e+00,2.807773351669311523e+00,2.702794075012207031e+00,2.995331048965454102e+00,2.960037708282470703e+00,2.766828060150146484e+00,4.251986503601074219e+00,4.432186603546142578e+00,4.390609741210937500e+00,4.481091499328613281e+00,4.360814571380615234e+00,4.445811748504638672e+00,4.411648273468017578e+00,4.210252285003662109e+00,4.339628696441650391e+00,4.288828372955322266e+00,4.119824886322021484e+00,4.013029098510742188e+00,3.989580631256103516e+00,3.910684108734130859e+00,3.733801603317260742e+00,3.207471370697021484e+00,3.045037984848022461e+00,2.952183246612548828e+00,2.906032323837280273e+00,2.770687818527221680e+00,2.473778963088989258e+00,2.598025083541870117e+00,2.278343677520751953e+00,2.493277072906494141e+00,2.289006471633911133e+00,2.505262851715087891e+00,2.747488260269165039e+00,2.807890892028808594e+00,3.180197954177856445e+00,3.444102764129638672e+00
3.505524635314941406e+00,3.309522628784179688e+00,3.003514289855957031e+00,2.764745950698852539e+00,2.423208951950073242e+00,2.275116682052612305e+00,2.002487659454345703e+00,1.709965348243713379e+00,1.390163421630859375e+00,1.142983436584472656e+00,8.769765496253967285e-01,5.830693840980529785e-01,3.667117655277252197e-01,0.000000000000000000e+00,3.713029325008392334e-01,2.423366785049438477e+00,2.627938508987426758e+00,2.705979108810424805e+00,2.676292419433593750e+00,2.675757169723510742e+00,2.809242963790893555e+00,2.764067411422729492e+00,2.562109470367431641e+00,2.721101760864257812e+00,2.707090854644775391e+00,2.638023376464843750e+00,2.505654335021972656e+00,2.496650457382202148e+00,2.699307441711425781e+00,2.697764635086059570e+00,2.776726961135864258e+00,2.839917182922363281e+00,2.550804853439331055e+00,2.769898414611816406e+00,2.920205593109130859e+00,2.809096336364746094e+00,2.978665590286254883e+00,2.827420711517333984e+00,2.988389253616333008e+00,2.829097747802734375e+00,2.902903556823730469e+00,2.766916036605834961e+00,3.057589292526245117e+00,2.992348194122314453e+00,2.775574207305908203e+00,4.176190376281738281e+00,4.372239112854003906e+00,4.359420776367187500e+00,4.466558456420898438e+00,4.375644683837890625e+00,4.480637550354003906e+00,4.462439060211181641e+00,4.280900478363037109e+00,4.413037300109863281e+00,4.355539798736572266e+00,4.202635765075683594e+00,4.077826023101806641e+00,4.068183898925781250e+00,3.971906185150146484e+00,3.779683589935302734e+00,3.015533924102783203e+00,2.837043762207031250e+00,2.773151874542236328e+00,2.714674234390258789e+00,2.611732244491577148e+00,2.345465898513793945e+00,2.486069917678833008e+00,2.191354513168334961e+00,2.444720506668090820e+00,2.263298511505126953e+00,2.521141529083251953e+00,2.759393692016601562e+00,2.868223190307617188e+00,3.237914800643920898e+00,3.508470296859741211e+00
3.561953783035278320e+00,3.368867158889770508e+00,3.091314554214477539e+00,2.845727205276489258e+00,2.522684097290039062e+00,2.369486570358276367e+00,2.144188880920410156e+00,1.834906458854675293e+00,1.553765058517456055e+00,1.245559692382812500e+00,1.078920245170593262e+00,7.319127321243286133e-01,6.844748258590698242e-01,3.713029325008392334e-01,0.000000000000000000e+00,2.610931396484375000e+00,2.850817918777465820e+00,2.959902524948120117e+00,2.963899612426757812e+00,2.981876134872436523e+00,3.115033388137817383e+00,3.068374872207641602e+00,2.868376016616821289e+00,3.001051902770996094e+00,2.982633590698242188e+00,2.885642290115356445e+00,2.716452836990356445e+00,2.685795545578002930e+00,2.852435350418090820e+00,2.809345245361328125e+00,2.914911985397338867e+00,2.983521699905395508e+00,2.718123435974121094e+00,2.961901187896728516e+00,3.107841014862060547e+00,3.007286548614501953e+00,3.150046825408935547e+00,3.005716085433959961e+00,3.135853767395019531e+00,2.959292411804199219e+00,2.991211175918579102e+00,2.812530279159545898e+00,3.076222658157348633e+00,2.966603755950927734e+00,2.715141296386718750e+00,4.021519184112548828e+00,4.214128494262695312e+00,4.228331565856933594e+00,4.332445621490478516e+00,4.267765045166015625e+00,4.375570297241210938e+00,4.356465816497802734e+00,4.183907032012939453e+00,4.303445816040039062e+00,4.226591110229492188e+00,4.079502582550048828e+00,3.929893970489501953e+00,3.923488855361938477e+00,3.804999589920043945e+00,3.595216035842895508e+00,2.679851531982421875e+00,2.506050586700439453e+00,2.469424724578857422e+00,2.426264524459838867e+00,2.359568357467651367e+00,2.124705553054809570e+00,2.305342912673950195e+00,2.051256179809570312e+00,2.345125675201416016e+00,2.216430425643920898e+00,2.505990266799926758e+00,2.765207767486572266e+00,2.911826133728027344e+00,3.275966167449951172e+00,3.530407190322875977e+00
5.167065620422363281e+00,4.863394737243652344e+00,4.533420562744140625e+00,4.227401256561279297e+00,3.956345081329345703e+00,3.676406145095825195e+00,3.399009466171264648e+00,3.120660066604614258e+00,2.954838275909423828e+00,2.852087974548339844e+00,2.609697818756103516e+00,2.660275697708129883e+00,2.371588230133056641e+00,2.423366785049438477e+00,2.610931396484375000e+00,0.000000000000000000e+00,3.803372681140899658e-01,6.809133291244506836e-01,9.959456324577331543e-01,1.262923121452331543e+00,1.485382914543151855e+00,1.699051022529602051e+00,1.857032179832458496e+00,1.969926953315734863e+00,2.280942201614379883e+00,2.415205001831054688e+00,2.436814546585083008e+00,2.732423543930053711e+00,2.831500768661499023e+00,3.018507719039916992e+00,4.325994968414306641e+00,4.498593330383300781e+00,4.242258548736572266e+00,4.405128479003906250e+00,4.634217262268066406e+00,4.561033248901367188e+00,4.843988418579101562e+00,4.712752819061279297e+00,4.970644474029541016e+00,4.875409603118896484e+00,5.048350811004638672e+00,5.007618904113769531e+00,5.323713779449462891e+00,5.320429325103759766e+00,5.138013839721679688e+00,6.594497203826904297e+00,6.777079105377197266e+00,6.752047061920166016e+00,6.831673622131347656e+00,6.712068557739257812e+00,6.773042201995849609e+00,6.703654289245605469e+00,6.467454433441162109e+00,6.548661231994628906e+00,6.446788311004638672e+00,6.216817378997802734e+00,6.065724372863769531e+00,5.953180313110351562e+00,5.811057090759277344e+00,5.573762893676757812e+00,4.193560123443603516e+00,3.905245542526245117e+00,3.657462120056152344e+00,3.411258935928344727e+00,3.119356870651245117e+00,2.821773767471313477e+00,2.609875202178955078e+00,2.272322893142700195e+00,2.173856973648071289e+00,1.794152021408081055e+00,1.777454257011413574e+00,1.634491324424743652e+00,1.608274936676025391e+00,1.825843930244445801e+00,2.188148021697998047e+00
5.210217952728271484e+00,4.907430648803710938e+00,4.569262981414794922e+00,4.274763584136962891e+00,4.008425712585449219e+00,3.737465143203735352e+00,3.449642419815063477e+00,3.201004981994628906e+00,3.042258739471435547e+00,2.985087633132934570e+00,2.734934568405151367e+00,2.825614690780639648e+00,2.534919977188110352e+00,2.627938508987426758e+00,2.850817918777465820e+00,3.803372681140899658e-01,0.000000000000000000e+00,3.600508868694305420e-01,6.947582960128784180e-01,1.009227871894836426e+00,1.265251278877258301e+00,1.539791703224182129e+00,1.753849506378173828e+00,1.901044845581054688e+00,2.239373683929443359e+00,2.424954414367675781e+00,2.503535032272338867e+00,2.819947957992553711e+00,2.943460226058959961e+00,3.164871454238891602e+00,4.411259651184082031e+00,4.572983264923095703e+00,4.309200763702392578e+00,4.444195747375488281e+00,4.665956974029541016e+00,4.585084915161132812e+00,4.876058578491210938e+00,4.740797996520996094e+00,5.009282112121582031e+00,4.925128459930419922e+00,5.117944717407226562e+00,5.103509902954101562e+00,5.425148487091064453e+00,5.445940017700195312e+00,5.283711910247802734e+00,6.783670902252197266e+00,6.964612483978271484e+00,6.922039508819580078e+00,6.999820709228515625e+00,6.863184928894042969e+00,6.918788909912109375e+00,6.847313404083251953e+00,6.604818820953369141e+00,6.690899372100830078e+00,6.600449085235595703e+00,6.366497516632080078e+00,6.231945514678955078e+00,6.116620540618896484e+00,5.989912986755371094e+00,5.766058444976806641e+00,4.529088973999023438e+00,4.249641418457031250e+00,3.996615886688232422e+00,3.760886669158935547e+00,3.461418867111206055e+00,3.152229070663452148e+00,2.941725254058837891e+00,2.596992731094360352e+00,2.480204105377197266e+00,2.097151517868041992e+00,2.039967536926269531e+00,1.889729619026184082e+00,1.797039151191711426e+00,1.987412214279174805e+00,2.333834648132324219e+00
5.267585754394531250e+00,4.979697227478027344e+00,4.629341125488281250e+00,4.354236125946044922e+00,4.076938152313232422e+00,3.829181432723999023e+00,3.519762277603149414e+00,3.294936895370483398e+00,3.115142583847045898e+00,3.088382482528686523e+00,2.811016798019409180e+00,2.910737752914428711e+00,2.600112915039062500e+00,2.705979108810424805e+00,2.959902524948120117e+00,6.809133291244506836e-01,3.600508868694305420e-01,0.000000000000000000e+00,3.754875659942626953e-01,6.753216385841369629e-01,9.241241216659545898e-01,1.224818587303161621e+00,1.473730444908142090e+00,1.636546611785888672e+00,1.988561868667602539e+00,2.209782361984252930e+00,2.334042310714721680e+00,2.664523601531982422e+00,2.806926250457763672e+00,3.057973384857177734e+00,4.273292541503906250e+00,4.435216903686523438e+00,4.176630496978759766e+00,4.293653488159179688e+00,4.519698143005371094e+00,4.447963237762451172e+00,4.753009796142578125e+00,4.630877017974853516e+00,4.915867805480957031e+00,4.855533599853515625e+00,5.070028781890869141e+00,5.078872680664062500e+00,5.412383079528808594e+00,5.455752849578857422e+00,5.313930511474609375e+00,6.836294174194335938e+00,7.026726722717285156e+00,6.973453998565673828e+00,7.062453269958496094e+00,6.917458057403564453e+00,6.981694698333740234e+00,6.922061443328857422e+00,6.685349941253662109e+00,6.787600040435791016e+00,6.716147899627685547e+00,6.491106986999511719e+00,6.374171733856201172e+00,6.271216392517089844e+00,6.161628723144531250e+00,5.951440811157226562e+00,4.801435947418212891e+00,4.523437976837158203e+00,4.284398555755615234e+00,4.053726673126220703e+00,3.765132427215576172e+00,3.453850269317626953e+00,3.260539531707763672e+00,2.908871412277221680e+00,2.812512874603271484e+00,2.427297592163085938e+00,2.383693695068359375e+00,2.246430397033691406e+00,2.148467302322387695e+00,2.338516235351562500e+00,2.679848432540893555e+00
5.113802909851074219e+00,4.840033054351806641e+00,4.480143070220947266e+00,4.225627899169921875e+00,3.942504167556762695e+00,3.718655347824096680e+00,3.392336845397949219e+00,3.197740793228149414e+00,3.006882190704345703e+00,3.020213603973388672e+00,2.727044582366943359e+00,2.851269960403442383e+00,2.537881135940551758e+00,2.676292419433593750e+00,2.963899612426757812e+00,9.959456324577331543e-01,6.947582960128784180e-01,3.754875659942626953e-01,0.000000000000000000e+00,3.542453944683074951e-01,6.796870827674865723e-01,1.015224218368530273e+00,1.268136382102966309e+00,1.496008992195129395e+00,1.836206436157226562e+00,2.093607425689697266e+00,2.264189243316650391e+00,2.588937282562255859e+00,2.772731542587280273e+00,3.043939828872680664e+00,4.097615718841552734e+00,4.241721630096435547e+00,3.974965810775756836e+00,4.065580368041992188e+00,4.280978202819824219e+00,4.202246665954589844e+00,4.511192798614501953e+00,4.388394355773925781e+00,4.681356430053710938e+00,4.634430885314941406e+00,4.866203308105468750e+00,4.899063110351562500e+00,5.238099098205566406e+00,5.304886817932128906e+00,5.185241699218750000e+00,6.738615512847900391e+00,6.930868625640869141e+00,6.861127853393554688e+00,6.953904151916503906e+00,6.795137405395507812e+00,6.860914707183837891e+00,6.807518959045410156e+00,6.572507381439208984e+00,6.687495231628417969e+00,6.634809970855712891e+00,6.415917396545410156e+00,6.319822788238525391e+00,6.226619720458984375e+00,6.137962341308593750e+00,5.945948123931884766e+00,4.968011856079101562e+00,4.702259540557861328e+00,4.473887443542480469e+00,4.262224674224853516e+00,3.980554103851318359e+00,3.657239437103271484e+00,3.491401910781860352e+00,3.126023530960083008e+00,3.050397157669067383e+00,2.663552761077880859e+00,2.628506183624267578e+00,2.527873277664184570e+00,2.411634683609008789e+00,2.620661258697509766e+00,2.953194141387939453e+00
5.142841815948486328e+00,4.890059471130371094e+00,4.521172046661376953e+00,4.287446975708007812e+00,3.989254713058471680e+00,3.792994260787963867e+00,3.447865962982177734e+00,3.269941568374633789e+00,3.050269365310668945e+00,3.078637599945068359e+00,2.759465932846069336e+00,2.873158693313598633e+00,2.541966438293457031e+00,2.675757169723510742e+00,2.981876134872436523e+00,1.262923121452331543e+00,1.009227871894836426e+00,6.753216385841369629e-01,3.542453944683074951e-01,0.000000000000000000e+00,3.593472242355346680e-01,6.928592920303344727e-01,9.521063566207885742e-01,1.206725597381591797e+00,1.537818431854248047e+00,1.820360660552978516e+00,2.028684139251708984e+00,2.353034019470214844e+00,2.556957721710205078e+00,2.847460269927978516e+00,3.851717948913574219e+00,3.998846054077148438e+00,3.742614030838012695e+00,3.822129487991333008e+00,4.045619487762451172e+00,3.983027935028076172e+00,4.305307865142822266e+00,4.202772617340087891e+00,4.510919094085693359e+00,4.490209102630615234e+00,4.739073276519775391e+00,4.788701534271240234e+00,5.138843536376953125e+00,5.222465515136718750e+00,5.119891643524169922e+00,6.673975467681884766e+00,6.878515243530273438e+00,6.803885459899902344e+00,6.911814212799072266e+00,6.751499652862548828e+00,6.831184387207031250e+00,6.794609069824218750e+00,6.571430206298828125e+00,6.704610347747802734e+00,6.670809745788574219e+00,6.466588973999023438e+00,6.384903907775878906e+00,6.309739112854003906e+00,6.235395908355712891e+00,6.054738044738769531e+00,5.125987052917480469e+00,4.860665798187255859e+00,4.652829170227050781e+00,4.445514202117919922e+00,4.181599140167236328e+00,3.862183332443237305e+00,3.717810869216918945e+00,3.349895715713500977e+00,3.304707288742065430e+00,2.919684648513793945e+00,2.913788080215454102e+00,2.830109596252441406e+00,2.733117818832397461e+00,2.955208778381347656e+00,3.292116880416870117e+00
5.373517036437988281e+00,5.136717796325683594e+00,4.763163089752197266e+00,4.542239189147949219e+00,4.232041358947753906e+00,4.053326129913330078e+00,3.697526693344116211e+00,3.523119211196899414e+00,3.279787063598632812e+00,3.303518533706665039e+00,2.965313911437988281e+00,3.052555561065673828e+00,2.702986001968383789e+00,2.809242963790893555e+00,3.115033388137817383e+00,1.485382914543151855e+00,1.265251278877258301e+00,9.241241216659545898e-01,6.796870827674865723e-01,3.593472242355346680e-01,0.000000000000000000e+00,3.702747821807861328e-01,6.973299980163574219e-01,9.108429551124572754e-01,1.255341887474060059e+00,1.559961199760437012e+00,1.801447391510009766e+00,2.137679815292358398e+00,2.333269596099853516e+00,2.644100666046142578e+00,3.724981546401977539e+00,3.891861200332641602e+00,3.660729646682739258e+00,3.741094827651977539e+00,3.984224557876586914e+00,3.951714038848876953e+00,4.290278434753417969e+00,4.218112468719482422e+00,4.541859149932861328e+00,4.549674987792968750e+00,4.810944080352783203e+00,4.868977069854736328e+00,5.229640483856201172e+00,5.321450710296630859e+00,5.228028297424316406e+00,6.761589050292968750e+00,6.981091499328613281e+00,6.910312175750732422e+00,7.035416603088378906e+00,6.881326198577880859e+00,6.977396965026855469e+00,6.957938194274902344e+00,6.748168468475341797e+00,6.895828723907470703e+00,6.873965740203857422e+00,6.683280944824218750e+00,6.606875419616699219e+00,6.546547889709472656e+00,6.476839542388916016e+00,6.298807621002197266e+00,5.317700386047363281e+00,5.044073581695556641e+00,4.853243350982666016e+00,4.637268543243408203e+00,4.389346599578857422e+00,4.083077430725097656e+00,3.943428039550781250e+00,3.582387208938598633e+00,3.555109262466430664e+00,3.173035144805908203e+00,3.188996553421020508e+00,3.096759557723999023e+00,3.025451660156250000e+00,3.243547677993774414e+00,3.588030099868774414e+00
