,A1,A2,A3,A4,A5,A6,A7,A8,A9,A10,A11,A12,A13,A14,A15,B1,B2,B3,B4,B5,B6,B7,B8,B9,B10,B11,B12,B13,B14,B15,C1,C2,C3,C4,C5,C6,C7,C8,C9,C10,C11,C12,C13,C14,C15,D1,D2,D3,D4,D5,D6,D7,D8,D9,D10,D11,D12,D13,D14,D15,E1,E2,E3,E4,E5,E6,E7,E8,E9,E10,E11,E12,E13,E14,E15
A1,0.0,0.37421783804893494,0.7165760397911072,1.0155528783798218,1.341625690460205,1.6287153959274292,1.9778838157653809,2.3122007846832275,2.613395929336548,2.850724935531616,3.022956371307373,3.276550054550171,3.367076873779297,3.7287604808807373,4.045436382293701,3.9389021396636963,4.207493305206299,4.056169033050537,3.9194960594177246,3.9303667545318604,4.094460487365723,4.392533779144287,4.44189977645874,4.702586650848389,4.969061374664307,5.152900218963623,5.267427921295166,5.426429748535156,5.520548343658447,5.465060234069824,3.964926242828369,4.119007587432861,4.287364959716797,4.599020481109619,4.876782417297363,5.119664192199707,5.274313449859619,5.343122482299805,5.3533501625061035,5.394232749938965,5.27197265625,5.511468410491943,5.435698986053467,5.708081245422363,5.913411617279053,6.6913909912109375,6.900713920593262,7.215841293334961,7.340566158294678,7.41947603225708,7.483061790466309,7.358528137207031,7.483090877532959,7.194617748260498,7.238992691040039,6.924856662750244,6.664646148681641,6.310895919799805,6.144586086273193,6.033318519592285,7.882905960083008,8.061503410339355,8.348172187805176,8.470830917358398,8.638470649719238,8.874109268188477,8.919289588928223,9.164280891418457,9.214910507202148,9.415151596069336,9.515544891357422,9.54879379272461,9.439125061035156,9.700398445129395,9.625397682189941
A2,0.37421783804893494,0.0,0.38222241401672363,0.6433184742927551,0.9768032431602478,1.283376932144165,1.6229585409164429,1.9607993364334106,2.2658467292785645,2.5178704261779785,2.709528923034668,2.9678120613098145,3.06679105758667,3.430452823638916,3.7369449138641357,3.718184232711792,3.9987401962280273,3.871403217315674,3.76399827003479,3.802699565887451,3.9894115924835205,4.297114372253418,4.358503818511963,4.615635871887207,4.868292808532715,5.0323100090026855,5.121356964111328,5.266034126281738,5.338412761688232,5.261216163635254,3.673750400543213,3.831310510635376,3.9996097087860107,4.316817760467529,4.606533527374268,4.86173677444458,5.027876377105713,5.107078552246094,5.114919662475586,5.174588680267334,5.051164150238037,5.2908935546875,5.209152698516846,5.4777116775512695,5.6702961921691895,6.351647853851318,6.56243371963501,6.881171226501465,7.010210037231445,7.0954694747924805,7.161445617675781,7.044154167175293,7.178705215454102,6.896842002868652,6.953409671783447,6.646344184875488,6.391502380371094,6.033529758453369,5.869497776031494,5.74772834777832,7.542836666107178,7.724292278289795,8.015701293945312,8.145008087158203,8.319818496704102,8.56058406829834,8.613062858581543,8.859804153442383,8.914298057556152,9.11322021484375,9.209696769714355,9.245392799377441,9.135823249816895,9.400643348693848,9.33169937133789
A3,0.7165760397911072,0.38222241401672363,0.0,0.3778230547904968,0.6759464144706726,0.959622323513031,1.3046646118164062,1.6588245630264282,1.9888440370559692,2.2628707885742188,2.4867215156555176,2.771799325942993,2.9084951877593994,3.2656702995300293,3.55214524269104,3.731898307800293,4.031249523162842,3.937030792236328,3.860887289047241,3.922816753387451,4.123873233795166,4.432648181915283,4.493686199188232,4.737813949584961,4.969594955444336,5.1084418296813965,5.173030376434326,5.295615196228027,5.346925258636475,5.246131420135498,3.4892032146453857,3.626868486404419,3.773399829864502,4.083840370178223,4.382628917694092,4.653954029083252,4.84050989151001,4.943645477294922,4.96599817276001,5.052467346191406,4.945204257965088,5.196005344390869,5.123884677886963,5.396891117095947,5.581535339355469,6.127477169036865,6.3289618492126465,6.647611618041992,6.771567344665527,6.855624198913574,6.911688327789307,6.792855739593506,6.937643051147461,6.657443046569824,6.727301597595215,6.4283246994018555,6.186587333679199,5.830000400543213,5.681628704071045,5.559771537780762,7.324612617492676,7.518553256988525,7.814995288848877,7.959146022796631,8.143218994140625,8.386455535888672,8.444314002990723,8.6869478225708,8.73842716217041,8.928155899047852,9.012243270874023,9.042049407958984,8.92336368560791,9.185503959655762,9.115509033203125
A4,1.0155528783798218,0.6433184742927551,0.3778230547904968,0.0,0.3517591655254364,0.7028810977935791,1.0082539319992065,1.3525196313858032,1.6685518026351929,1.9515026807785034,2.185581922531128,2.457869529724121,2.584231376647949,2.9442977905273438,3.2246906757354736,3.4287967681884766,3.732964515686035,3.6582448482513428,3.6078848838806152,3.694091320037842,3.913983106613159,4.229481220245361,4.304643630981445,4.546721458435059,4.767518520355225,4.890906810760498,4.933052062988281,5.046387195587158,5.078773021697998,4.961501121520996,3.188992500305176,3.3440940380096436,3.5044503211975098,3.826495885848999,4.135880947113037,4.413320064544678,4.602121353149414,4.703982830047607,4.712650299072266,4.809268951416016,4.69062614440918,4.933046817779541,4.846924304962158,5.110140800476074,5.280433654785156,5.7730302810668945,5.98184061050415,6.304916858673096,6.437777996063232,6.531219005584717,6.597408771514893,6.490181922912598,6.641889572143555,6.370723724365234,6.448949337005615,6.155508995056152,5.913265705108643,5.550570487976074,5.395432949066162,5.258545875549316,6.965408802032471,7.155574321746826,7.4544806480407715,7.598202705383301,7.785562515258789,8.0333833694458,8.097189903259277,8.344133377075195,8.402320861816406,8.595724105834961,8.682296752929688,8.719138145446777,8.606720924377441,8.87528133392334,8.814529418945312
A5,1.341625690460205,0.9768032431602478,0.6759464144706726,0.3517591655254364,0.0,0.3706623911857605,0.6567800641059875,1.0026110410690308,1.327589988708496,1.6202170848846436,1.8733488321304321,2.1614460945129395,2.3162710666656494,2.6674492359161377,2.9321699142456055,3.3161728382110596,3.6379170417785645,3.5972366333007812,3.5740811824798584,3.6763434410095215,3.9027023315429688,4.212350368499756,4.282505989074707,4.507558822631836,4.705149173736572,4.803090572357178,4.82271146774292,4.9145283699035645,4.928825378417969,4.792541980743408,2.895643949508667,3.0384879112243652,3.187577724456787,3.5072147846221924,3.8227107524871826,4.109385013580322,4.309654235839844,4.425298690795898,4.440760612487793,4.556506156921387,4.448227882385254,4.696833610534668,4.617834568023682,4.883453845977783,5.047680854797363,5.4612603187561035,5.662186145782471,5.983236789703369,6.111170291900635,6.202154636383057,6.263063430786133,6.154691219329834,6.310684680938721,6.040860176086426,6.125960826873779,5.837419509887695,5.6022515296936035,5.240156173706055,5.093609809875488,4.956308841705322,6.658775329589844,6.8575239181518555,7.156747817993164,7.3087968826293945,7.49936056137085,7.745957851409912,7.810436248779297,8.053064346313477,8.107451438903809,8.294485092163086,8.373631477355957,8.406237602233887,8.288548469543457,8.55524730682373,8.49378776550293
A6,1.6287153959274292,1.283376932144165,0.959622323513031,0.7028810977935791,0.3706623911857605,0.0,0.3677127957344055,0.7134435176849365,1.0619146823883057,1.3517740964889526,1.6201179027557373,1.9423949718475342,2.1490204334259033,2.479860305786133,2.724980115890503,3.349705696105957,3.6909866333007812,3.683556318283081,3.6784093379974365,3.783844470977783,4.004038333892822,4.299142360687256,4.3513078689575195,4.552659511566162,4.72423791885376,4.7965240478515625,4.8003621101379395,4.867690086364746,4.870355129241943,4.719936847686768,2.6620938777923584,2.770963668823242,2.891901969909668,3.19862961769104,3.514334201812744,3.8091607093811035,4.023723602294922,4.159725189208984,4.19518518447876,4.330526828765869,4.246091842651367,4.509523391723633,4.4520182609558105,4.728168964385986,4.894774913787842,5.244516849517822,5.4274749755859375,5.7409186363220215,5.854049205780029,5.933338642120361,5.97909688949585,5.859750747680664,6.0153021812438965,5.740225791931152,5.827676773071289,5.5414581298828125,5.316172122955322,4.959776878356934,4.830397605895996,4.704771041870117,6.451406002044678,6.664791584014893,6.961043834686279,7.124152660369873,7.315315246582031,7.5554327964782715,7.615189075469971,7.8478102684021,7.891137599945068,8.066333770751953,8.133520126342773,8.154717445373535,8.025192260742188,8.284244537353516,8.21469783782959
A7,1.9778838157653809,1.6229585409164429,1.3046646118164062,1.0082539319992065,0.6567800641059875,0.3677127957344055,0.0,0.3690319061279297,0.7332702279090881,1.056817889213562,1.3665063381195068,1.6896977424621582,1.915118932723999,2.2313849925994873,2.4485862255096436,3.2236876487731934,3.570716381072998,3.59714412689209,3.6272432804107666,3.7583181858062744,3.992832899093628,4.286517143249512,4.347479820251465,4.5375800132751465,4.68841028213501,4.735898971557617,4.710460662841797,4.7582902908325195,4.735085487365723,4.560846328735352,2.413109064102173,2.521840810775757,2.638824462890625,2.948833703994751,3.2777061462402344,3.5855712890625,3.8124914169311523,3.9601550102233887,3.991427183151245,4.149982929229736,4.066021919250488,4.325382232666016,4.2622599601745605,4.529665946960449,4.67818021774292,4.902996063232422,5.086031436920166,5.40252685546875,5.519922256469727,5.6062140464782715,5.6550798416137695,5.5449652671813965,5.711792945861816,5.445993900299072,5.547807216644287,5.2717413902282715,5.054140090942383,4.694680213928223,4.569044589996338,4.430769443511963,6.107974529266357,6.325045108795166,6.625289440155029,6.795721054077148,6.993875980377197,7.238296985626221,7.305291175842285,7.538700580596924,7.585640907287598,7.75876522064209,7.821537017822266,7.845361709594727,7.7164435386657715,7.979105472564697,7.916675567626953
A8,2.3122007846832275,1.9607993364334106,1.6588245630264282,1.3525196313858032,1.0026110410690308,0.7134435176849365,0.3690319061279297,0.0,0.37377163767814636,0.7067762613296509,1.0419541597366333,1.3695220947265625,1.6238887310028076,1.9172700643539429,2.1112608909606934,3.0726916790008545,3.429621696472168,3.4916880130767822,3.5484166145324707,3.6918540000915527,3.9272210597991943,4.208784103393555,4.2649126052856445,4.434908390045166,4.559678077697754,4.580163955688477,4.530508041381836,4.555966854095459,4.513383865356445,4.321321964263916,2.0812551975250244,2.183305263519287,2.2971696853637695,2.609783411026001,2.945492744445801,3.259326696395874,3.492243528366089,3.6468470096588135,3.6765809059143066,3.8520805835723877,3.77299165725708,4.032079696655273,3.9718923568725586,4.2367048263549805,4.376303672790527,4.546840190887451,4.724151611328125,5.0380964279174805,5.152448654174805,5.2373366355896,5.286383628845215,5.177812099456787,5.346292495727539,5.0834760665893555,5.189591884613037,4.917473793029785,4.70280122756958,4.342121124267578,4.219050407409668,4.076714515686035,5.7551774978637695,5.977114200592041,6.2747368812561035,6.448579788208008,6.646249294281006,6.887831211090088,6.953481197357178,7.183480739593506,7.227651119232178,7.397383689880371,7.456970691680908,7.479348182678223,7.349281311035156,7.612139701843262,7.551166534423828
A9,2.613395929336548,2.2658467292785645,1.9888440370559692,1.6685518026351929,1.327589988708496,1.0619146823883057,0.7332702279090881,0.37377163767814636,0.0,0.3593730628490448,0.7167699337005615,1.0247968435287476,1.293219804763794,1.5661218166351318,1.7434661388397217,2.849984884262085,3.213033437728882,3.3083314895629883,3.3902223110198975,3.545114278793335,3.7806711196899414,4.049696922302246,4.103789806365967,4.2554707527160645,4.356184482574463,4.352123260498047,4.279000282287598,4.285590648651123,4.224571228027344,4.016964912414551,1.7306642532348633,1.845550775527954,1.9763271808624268,2.3013150691986084,2.643218994140625,2.9568192958831787,3.186476945877075,3.3364744186401367,3.353079319000244,3.538402795791626,3.453594207763672,3.7058463096618652,3.640371084213257,3.898669958114624,4.028314590454102,4.188040256500244,4.36606502532959,4.679069519042969,4.795176982879639,4.881786346435547,4.938748359680176,4.8357086181640625,5.003003120422363,4.744881629943848,4.851618766784668,4.581113338470459,4.362761497497559,3.997530698776245,3.867110252380371,3.7152440547943115,5.398687839508057,5.619621276855469,5.913233757019043,6.084351062774658,6.278586387634277,6.517590522766113,6.5810418128967285,6.810613632202148,6.8548431396484375,7.026086330413818,7.088334560394287,7.113519668579102,6.98764705657959,7.253774166107178,7.197089195251465
A10,2.850724935531616,2.5178704261779785,2.2628707885742188,1.9515026807785034,1.6202170848846436,1.3517740964889526,1.056817889213562,0.7067762613296509,0.3593730628490448,0.0,0.36965805292129517,0.6949183344841003,1.012860655784607,1.25248384475708,1.4259968996047974,2.71343994140625,3.0861239433288574,3.2079334259033203,3.2977287769317627,3.4450607299804688,3.664512872695923,3.9110865592956543,3.946228265762329,4.072293758392334,4.147023677825928,4.120088577270508,4.034730434417725,4.021552085876465,3.9542770385742188,3.7413864135742188,1.3791675567626953,1.4885808229446411,1.6316269636154175,1.9662498235702515,2.305553436279297,2.6122522354125977,2.834613561630249,2.979295492172241,2.9938104152679443,3.182048797607422,3.102592945098877,3.3591744899749756,3.30465030670166,3.569472551345825,3.705362319946289,3.942920684814453,4.110629081726074,4.413869857788086,4.519242286682129,4.594243049621582,4.650033950805664,4.538957595825195,4.6930952072143555,4.428906440734863,4.523553371429443,4.245965957641602,4.020018577575684,3.6540839672088623,3.5194225311279297,3.374417304992676,5.159430980682373,5.382736682891846,5.664836406707764,5.830816268920898,6.013743877410889,6.241419792175293,6.292482376098633,6.515223026275635,6.55022668838501,6.719080924987793,6.7826690673828125,6.803045749664307,6.675899505615234,6.938879013061523,6.876913070678711
A11,3.022956371307373,2.709528923034668,2.4867215156555176,2.185581922531128,1.8733488321304321,1.6201179027557373,1.3665063381195068,1.0419541597366333,0.7167699337005615,0.36965805292129517,0.0,0.38153374195098877,0.7412123680114746,0.9526044726371765,1.1556396484375,2.5340921878814697,2.9140193462371826,3.0522923469543457,3.139150381088257,3.2705323696136475,3.468374490737915,3.6909000873565674,3.7043824195861816,3.8066275119781494,3.859980821609497,3.8165781497955322,3.727163076400757,3.7009921073913574,3.636497735977173,3.4275920391082764,1.049277424812317,1.1762272119522095,1.3617576360702515,1.7137377262115479,2.0394363403320312,2.3243963718414307,2.523251533508301,2.645369291305542,2.6485488414764404,2.823483467102051,2.7395989894866943,2.999110221862793,2.952227830886841,3.226642370223999,3.3774211406707764,3.7921409606933594,3.9532313346862793,4.244467258453369,4.340179920196533,4.402246475219727,4.461607456207275,4.341993808746338,4.474528789520264,4.202332019805908,4.274536609649658,3.9835963249206543,3.740650177001953,3.373026132583618,3.223174810409546,3.087409019470215,5.008133411407471,5.226943016052246,5.493541240692139,5.646058559417725,5.811746120452881,6.025660037994385,6.060207843780518,6.277467250823975,6.303600788116455,6.47437047958374,6.54555606842041,6.56328821182251,6.4390668869018555,6.699495315551758,6.631776809692383
A12,3.276550054550171,2.9678120613098145,2.771799325942993,2.457869529724121,2.1614460945129395,1.9423949718475342,1.6896977424621582,1.3695220947265625,1.0247968435287476,0.6949183344841003,0.38153374195098877,0.0,0.3947197198867798,0.5726071000099182,0.8044407963752747,2.252777099609375,2.629730224609375,2.7982940673828125,2.9088642597198486,3.0506043434143066,3.2473649978637695,3.455990791320801,3.4738564491271973,3.56086802482605,3.5931100845336914,3.5285379886627197,3.414764165878296,3.3755745887756348,3.2924411296844482,3.0700950622558594,0.7494561672210693,0.9755422472953796,1.2423607110977173,1.6128731966018677,1.9272050857543945,2.1872806549072266,2.355921983718872,2.4432339668273926,2.403430223464966,2.5704128742218018,2.4535701274871826,2.690155029296875,2.616832971572876,2.876631498336792,3.0152997970581055,3.5155675411224365,3.6898412704467773,3.9816360473632812,4.088827133178711,4.1593098640441895,4.241421699523926,4.136812210083008,4.262735366821289,4.00127649307251,4.067171573638916,3.775829553604126,3.517618417739868,3.1409952640533447,2.9620723724365234,2.804340362548828,4.722902297973633,4.9281792640686035,5.188229560852051,5.326342582702637,5.483663082122803,5.696235656738281,5.728109836578369,5.951057434082031,5.983540058135986,6.165098190307617,6.2495927810668945,6.278555870056152,6.168832778930664,6.437946319580078,6.3805108070373535
A13,3.367076873779297,3.06679105758667,2.9084951877593994,2.584231376647949,2.3162710666656494,2.1490204334259033,1.915118932723999,1.6238887310028076,1.293219804763794,1.012860655784607,0.7412123680114746,0.3947197198867798,0.0,0.3736191987991333,0.706214427947998,1.8670099973678589,2.242095947265625,2.4225735664367676,2.546936511993408,2.699207305908203,2.902040481567383,3.1097207069396973,3.143714427947998,3.233884572982788,3.2658722400665283,3.200873374938965,3.0761983394622803,3.0468077659606934,2.957200050354004,2.733902931213379,0.7738666534423828,1.1104604005813599,1.441799283027649,1.809507966041565,2.0961437225341797,2.3163015842437744,2.4384782314300537,2.470728874206543,2.373757839202881,2.503406047821045,2.330035448074341,2.527242660522461,2.404334783554077,2.6403377056121826,2.7685132026672363,3.4380202293395996,3.639838218688965,3.936314821243286,4.065545558929443,4.152223110198975,4.265946865081787,4.183417797088623,4.301177978515625,4.054956912994385,4.110440731048584,3.8187315464019775,3.5408997535705566,3.1579437255859375,2.939060926437378,2.754817247390747,4.622974872589111,4.802236557006836,5.057488441467285,5.17158842086792,5.319186210632324,5.534765243530273,5.566725254058838,5.802538871765137,5.849173545837402,6.05001163482666,6.1566243171691895,6.204293251037598,6.117320537567139,6.398499011993408,6.355663299560547
A14,3.7287604808807373,3.430452823638916,3.2656702995300293,2.9442977905273438,2.6674492359161377,2.479860305786133,2.2313849925994873,1.9172700643539429,1.5661218166351318,1.25248384475708,0.9526044726371765,0.5726071000099182,0.3736191987991333,0.0,0.36582881212234497,1.9484237432479858,2.3077809810638428,2.5310983657836914,2.6798436641693115,2.8319640159606934,3.0170133113861084,3.191965103149414,3.2106311321258545,3.263350486755371,3.2520275115966797,3.1452207565307617,2.9868407249450684,2.9174680709838867,2.798924446105957,2.5508229732513428,0.48037034273147583,0.8569493293762207,1.2109270095825195,1.5619875192642212,1.829645037651062,2.0320777893066406,2.142305612564087,2.1681392192840576,2.055753469467163,2.2071237564086914,2.0376501083374023,2.2296342849731445,2.11319899559021,2.345723867416382,2.462570905685425,3.124105215072632,3.313283920288086,3.5990188121795654,3.7195003032684326,3.798762321472168,3.9145073890686035,3.831913709640503,3.94268536567688,3.6995110511779785,3.7518625259399414,3.4623160362243652,3.182314872741699,2.7976863384246826,2.5729737281799316,2.382429361343384,4.306809425354004,4.490909099578857,4.7360005378723145,4.850236892700195,4.990950107574463,5.197459697723389,5.221659183502197,5.450598239898682,5.489940166473389,5.686419486999512,5.790735721588135,5.835014820098877,5.746848106384277,6.0270185470581055,5.983750820159912
A15,4.045436382293701,3.7369449138641357,3.55214524269104,3.2246906757354736,2.9321699142456055,2.724980115890503,2.4485862255096436,2.1112608909606934,1.7434661388397217,1.4259968996047974,1.1556396484375,0.8044407963752747,0.706214427947998,0.36582881212234497,0.0,2.1503705978393555,2.4866292476654053,2.7438154220581055,2.924185276031494,3.0922765731811523,3.278536081314087,3.43928861618042,3.4608314037323,3.493062734603882,3.452070713043213,3.3130178451538086,3.1201443672180176,3.0164856910705566,2.8607840538024902,2.5810511112213135,0.4425260126590729,0.7578768134117126,1.0766334533691406,1.3959245681762695,1.6613523960113525,1.8696376085281372,1.9946527481079102,2.0429790019989014,1.929347038269043,2.1293253898620605,1.9803308248519897,2.1606011390686035,2.050917148590088,2.2619125843048096,2.3417603969573975,2.775238037109375,2.9562482833862305,3.2426071166992188,3.3626344203948975,3.4461774826049805,3.563765048980713,3.4902751445770264,3.614112138748169,3.3824198246002197,3.4542808532714844,3.1803536415100098,2.914135694503784,2.526470184326172,2.311182737350464,2.09916353225708,3.966693878173828,4.162437438964844,4.409816265106201,4.537465572357178,4.686102867126465,4.894489765167236,4.924689769744873,5.150410175323486,5.189119815826416,5.37861967086792,5.473231792449951,5.516366004943848,5.424478530883789,5.707131862640381,5.669619083404541
B1,3.9389021396636963,3.718184232711792,3.731898307800293,3.4287967681884766,3.3161728382110596,3.349705696105957,3.2236876487731934,3.0726916790008545,2.849984884262085,2.71343994140625,2.5340921878814697,2.252777099609375,1.8670099973678589,1.9484237432479858,2.1503705978393555,0.0,0.3854984939098358,0.5958415865898132,0.836583137512207,1.0966964960098267,1.3718998432159424,1.60821533203125,1.8149200677871704,1.986952781677246,2.090704917907715,2.1096479892730713,1.9875887632369995,2.1091432571411133,2.044524669647217,1.919439673423767,2.359617233276367,2.7382123470306396,3.1102681159973145,3.4306535720825195,3.625718355178833,3.7213916778564453,3.697826623916626,3.5551092624664307,3.2978515625,3.2447104454040527,2.894679069519043,2.8772342205047607,2.5599255561828613,2.6111197471618652,2.666145086288452,4.027791976928711,4.324763298034668,4.614527702331543,4.825336933135986,4.972376346588135,5.197031497955322,5.202110290527344,5.2833638191223145,5.107690811157227,5.119412422180176,4.845860004425049,4.521971702575684,4.160960674285889,3.831936836242676,3.5891354084014893,4.985113143920898,5.025338172912598,5.245639324188232,5.235453128814697,5.329805850982666,5.552204608917236,5.587857246398926,5.876584053039551,5.993247985839844,6.277060508728027,6.482534885406494,6.6143693923950195,6.633150577545166,6.953885555267334,6.974753379821777
B2,4.207493305206299,3.9987401962280273,4.031249523162842,3.732964515686035,3.6379170417785645,3.6909866333007812,3.570716381072998,3.429621696472168,3.213033437728882,3.0861239433288574,2.9140193462371826,2.629730224609375,2.242095947265625,2.3077809810638428,2.4866292476654053,0.3854984939098358,0.0,0.36909815669059753,0.7047768235206604,0.9986680746078491,1.2745919227600098,1.4928044080734253,1.7526798248291016,1.9314581155776978,2.0390779972076416,2.0697214603424072,1.9405380487442017,2.087423801422119,2.018387794494629,1.9185398817062378,2.7121312618255615,3.0892834663391113,3.4603383541107178,3.7721145153045654,3.956615686416626,4.038175106048584,3.998774290084839,3.83786940574646,3.56197452545166,3.4908902645111084,3.1257705688476562,3.069913864135742,2.7298712730407715,2.7352542877197266,2.7609832286834717,4.161373138427734,4.471074104309082,4.75570011138916,4.980616569519043,5.139639377593994,5.38318395614624,5.407351493835449,5.4850897789001465,5.327202796936035,5.336154460906982,5.072758197784424,4.748348712921143,4.395820140838623,4.056123733520508,3.8040239810943604,5.054321765899658,5.065600872039795,5.277015209197998,5.242631435394287,5.327030181884766,5.550357341766357,5.589810848236084,5.887540340423584,6.019975662231445,6.31798791885376,6.540646076202393,6.689923286437988,6.730353355407715,7.057875156402588,7.093986511230469
B3,4.056169033050537,3.871403217315674,3.937030792236328,3.6582448482513428,3.5972366333007812,3.683556318283081,3.59714412689209,3.4916880130767822,3.3083314895629883,3.2079334259033203,3.0522923469543457,2.7982940673828125,2.4225735664367676,2.5310983657836914,2.7438154220581055,0.5958415865898132,0.36909815669059753,0.0,0.36891302466392517,0.7036059498786926,1.0234951972961426,1.2959766387939453,1.5959473848342896,1.8313088417053223,2.0030322074890137,2.099294900894165,2.034158945083618,2.2304036617279053,2.214489698410034,2.165783166885376,2.943688154220581,3.3203506469726562,3.6930222511291504,4.0144124031066895,4.204253196716309,4.289699554443359,4.251274585723877,4.089253902435303,3.8231630325317383,3.73622727394104,3.3745040893554688,3.3300621509552,3.002824544906616,3.0234169960021973,3.072054862976074,4.5241265296936035,4.833580493927002,5.120081424713135,5.342710494995117,5.498373508453369,5.736748218536377,5.753241539001465,5.828022003173828,5.661170959472656,5.663821220397949,5.391885757446289,5.062978744506836,4.709980010986328,4.371994972229004,4.131494045257568,5.42158317565918,5.431177139282227,5.642861843109131,5.605268478393555,5.687221527099609,5.9089484214782715,5.945935249328613,6.243172645568848,6.374784469604492,6.674053192138672,6.899465560913086,7.0476484298706055,7.087824821472168,7.412874221801758,7.444591045379639
B4,3.9194960594177246,3.76399827003479,3.860887289047241,3.6078848838806152,3.5740811824798584,3.6784093379974365,3.6272432804107666,3.5484166145324707,3.3902223110198975,3.2977287769317627,3.139150381088257,2.9088642597198486,2.546936511993408,2.6798436641693115,2.924185276031494,0.836583137512207,0.7047768235206604,0.36891302466392517,0.0,0.3535742461681366,0.7045671343803406,1.0262805223464966,1.3355510234832764,1.6157608032226562,1.8436771631240845,1.99925696849823,2.003321886062622,2.240039587020874,2.283846378326416,2.288149833679199,3.079566478729248,3.447563648223877,3.8193557262420654,4.142215251922607,4.325667381286621,4.403703689575195,4.356843948364258,4.186293601989746,3.9300389289855957,3.818500280380249,3.462294101715088,3.4298033714294434,3.1223011016845703,3.1648218631744385,3.2484612464904785,4.834619522094727,5.133913516998291,5.414990425109863,5.624804496765137,5.766342639923096,5.993775844573975,5.993505954742432,6.055546283721924,5.87364387512207,5.860101699829102,5.574713230133057,5.238032341003418,4.888336181640625,4.551601886749268,4.332340240478516,5.7466630935668945,5.761162757873535,5.966197967529297,5.9255757331848145,5.997838497161865,6.2087531089782715,6.232346057891846,6.522097110748291,6.642643451690674,6.938872814178467,7.165207386016846,7.3049187660217285,7.339751243591309,7.657171726226807,7.6766133308410645
B5,3.9303667545318604,3.802699565887451,3.922816753387451,3.694091320037842,3.6763434410095215,3.783844470977783,3.7583181858062744,3.6918540000915527,3.545114278793335,3.4450607299804688,3.2705323696136475,3.0506043434143066,2.699207305908203,2.8319640159606934,3.0922765731811523,1.0966964960098267,0.9986680746078491,0.7036059498786926,0.3535742461681366,0.0,0.36439308524131775,0.7183734774589539,1.0236726999282837,1.3343453407287598,1.6052547693252563,1.8106141090393066,1.8782610893249512,2.148068904876709,2.247527837753296,2.3057212829589844,3.2045559883117676,3.559025287628174,3.927457809448242,4.2424774169921875,4.4090423583984375,4.468909740447998,4.404289722442627,4.217126369476318,3.964578866958618,3.8228025436401367,3.4702696800231934,3.4383697509765625,3.148473024368286,3.202571153640747,3.316037893295288,5.067470073699951,5.35414981842041,5.623831748962402,5.819058895111084,5.944427013397217,6.163405418395996,6.148253917694092,6.192080020904541,5.998859405517578,5.964598655700684,5.668256759643555,5.32368803024292,4.982458114624023,4.644676685333252,4.447646141052246,5.9800639152526855,5.995930194854736,6.188104629516602,6.139332294464111,6.1960978507995605,6.391503810882568,6.3974809646606445,6.677735328674316,6.785739421844482,7.079351902008057,7.309001445770264,7.440798759460449,7.473191261291504,7.781981468200684,7.789846897125244
B6,4.094460487365723,3.9894115924835205,4.123873233795166,3.913983106613159,3.9027023315429688,4.004038333892822,3.992832899093628,3.9272210597991943,3.7806711196899414,3.664512872695923,3.468374490737915,3.2473649978637695,2.902040481567383,3.0170133113861084,3.278536081314087,1.3718998432159424,1.2745919227600098,1.0234951972961426,0.7045671343803406,0.36439308524131775,0.0,0.37413346767425537,0.6801816821098328,1.012026071548462,1.3177896738052368,1.5693670511245728,1.697684645652771,1.9974358081817627,2.1491665840148926,2.264455556869507,3.3560569286346436,3.695006847381592,4.05833625793457,4.358747482299805,4.501645088195801,4.536034107208252,4.4471211433410645,4.237394332885742,3.982229709625244,3.807039737701416,3.4558229446411133,3.41208815574646,3.135836124420166,3.188530683517456,3.3233094215393066,5.247631072998047,5.52178430557251,5.776037693023682,5.957740306854248,6.067872047424316,6.2824225425720215,6.256928443908691,6.279816150665283,6.080934047698975,6.024214744567871,5.721036911010742,5.369546890258789,5.0411529541015625,4.7002668380737305,4.523817539215088,6.143319129943848,6.1551618576049805,6.32996129989624,6.267796039581299,6.305020809173584,6.48239278793335,6.4693498611450195,6.739726543426514,6.836454391479492,7.128983020782471,7.36494255065918,7.491481304168701,7.525976181030273,7.826430797576904,7.825716018676758
B7,4.392533779144287,4.297114372253418,4.432648181915283,4.229481220245361,4.212350368499756,4.299142360687256,4.286517143249512,4.208784103393555,4.049696922302246,3.9110865592956543,3.6909000873565674,3.455990791320801,3.1097207069396973,3.191965103149414,3.43928861618042,1.60821533203125,1.4928044080734253,1.2959766387939453,1.0262805223464966,0.7183734774589539,0.37413346767425537,0.0,0.3766067922115326,0.685509979724884,0.9989278316497803,1.2813563346862793,1.4537981748580933,1.777233362197876,1.9695218801498413,2.139336109161377,3.4971306324005127,3.821756362915039,4.179469585418701,4.4605207443237305,4.576380252838135,4.5814337730407715,4.464868068695068,4.229381561279297,3.963953733444214,3.757476329803467,3.4037129878997803,3.3344340324401855,3.063823699951172,3.099148750305176,3.241891860961914,5.324936389923096,5.588015556335449,5.82417106628418,5.995349884033203,6.093498706817627,6.308929920196533,6.28004264831543,6.282115936279297,6.085231781005859,6.007699012756348,5.703732967376709,5.347532749176025,5.034934043884277,4.688810348510742,4.527600288391113,6.185505390167236,6.187815189361572,6.34222412109375,6.262539863586426,6.278130054473877,6.436859607696533,6.405747413635254,6.6671271324157715,6.755672931671143,7.04908561706543,7.293946743011475,7.419191837310791,7.460884094238281,7.754715442657471,7.750439167022705
B8,4.44189977645874,4.358503818511963,4.493686199188232,4.304643630981445,4.282505989074707,4.3513078689575195,4.347479820251465,4.2649126052856445,4.103789806365967,3.946228265762329,3.7043824195861816,3.4738564491271973,3.143714427947998,3.2106311321258545,3.4608314037323,1.8149200677871704,1.7526798248291016,1.5959473848342896,1.3355510234832764,1.0236726999282837,0.6801816821098328,0.3766067922115326,0.0,0.3628104329109192,0.727901816368103,1.0566219091415405,1.307906150817871,1.6347155570983887,1.8820925951004028,2.0923497676849365,3.474078416824341,3.7754836082458496,4.121743202209473,4.385988235473633,4.478903293609619,4.462047576904297,4.327089786529541,4.0774946212768555,3.820364475250244,3.587695837020874,3.247037887573242,3.1830356121063232,2.942701816558838,2.9973256587982178,3.174254894256592,5.38980770111084,5.63301420211792,5.854498386383057,6.004762649536133,6.081646919250488,6.282742500305176,6.235065937042236,6.217553615570068,6.008225917816162,5.909606456756592,5.596195220947266,5.23581075668335,4.935500621795654,4.594239234924316,4.460363864898682,6.257840156555176,6.270185470581055,6.411677360534668,6.331705093383789,6.333820343017578,6.47441291809082,6.423330783843994,6.6696038246154785,6.738640308380127,7.02246618270874,7.263528347015381,7.374162197113037,7.406578063964844,7.6878557205200195,7.667439937591553
B9,4.702586650848389,4.615635871887207,4.737813949584961,4.546721458435059,4.507558822631836,4.552659511566162,4.5375800132751465,4.434908390045166,4.2554707527160645,4.072293758392334,3.8066275119781494,3.56086802482605,3.233884572982788,3.263350486755371,3.493062734603882,1.986952781677246,1.9314581155776978,1.8313088417053223,1.6157608032226562,1.3343453407287598,1.012026071548462,0.685509979724884,0.3628104329109192,0.0,0.3803653419017792,0.7366088032722473,1.04277765750885,1.369961142539978,1.6567986011505127,1.9109129905700684,3.4870615005493164,3.7694249153137207,4.105430603027344,4.346558094024658,4.411489486694336,4.365972518920898,4.205696105957031,3.934194564819336,3.669495105743408,3.4112398624420166,3.0729784965515137,2.986713171005249,2.7584123611450195,2.801027536392212,2.9886670112609863,5.3317766189575195,5.559462547302246,5.761931896209717,5.898176193237305,5.960712432861328,6.158721446990967,6.105586051940918,6.068463325500488,5.860490798950195,5.743048191070557,5.430110931396484,5.067774772644043,4.784133434295654,4.441582679748535,4.324706077575684,6.171590328216553,6.181216239929199,6.30394983291626,6.213470458984375,6.197248935699463,6.319058895111084,6.2499566078186035,6.4843549728393555,6.541340351104736,6.821425914764404,7.065809726715088,7.170957565307617,7.205377578735352,7.478429794311523,7.452092170715332
B10,4.969061374664307,4.868292808532715,4.969594955444336,4.767518520355225,4.705149173736572,4.72423791885376,4.68841028213501,4.559678077697754,4.356184482574463,4.147023677825928,3.859980821609497,3.5931100845336914,3.2658722400665283,3.2520275115966797,3.452070713043213,2.090704917907715,2.0390779972076416,2.0030322074890137,1.8436771631240845,1.6052547693252563,1.3177896738052368,0.9989278316497803,0.727901816368103,0.3803653419017792,0.0,0.371697336435318,0.721459686756134,1.0387139320373535,1.3548808097839355,1.6464475393295288,3.439321994781494,3.7051682472229004,4.031175136566162,4.248661041259766,4.287667274475098,4.215712070465088,4.032419204711914,3.7408552169799805,3.463184118270874,3.186734914779663,2.8464033603668213,2.7295944690704346,2.5040600299835205,2.5243070125579834,2.7126200199127197,5.156959533691406,5.3709187507629395,5.554924964904785,5.680387496948242,5.732442378997803,5.9308905601501465,5.877683639526367,5.824613094329834,5.623088359832764,5.491787910461426,5.1836981773376465,4.82139253616333,4.553338050842285,4.208086967468262,4.101481914520264,5.962211608886719,5.967753887176514,6.072842597961426,5.97254753112793,5.940201759338379,6.045820236206055,5.962096214294434,6.186798095703125,6.234908103942871,6.512486934661865,6.760199069976807,6.8626813888549805,6.900958061218262,7.168689727783203,7.140641689300537
B11,5.152900218963623,5.0323100090026855,5.1084418296813965,4.890906810760498,4.803090572357178,4.7965240478515625,4.735898971557617,4.580163955688477,4.352123260498047,4.120088577270508,3.8165781497955322,3.5285379886627197,3.200873374938965,3.1452207565307617,3.3130178451538086,2.1096479892730713,2.0697214603424072,2.099294900894165,1.99925696849823,1.8106141090393066,1.5693670511245728,1.2813563346862793,1.0566219091415405,0.7366088032722473,0.371697336435318,0.0,0.38890162110328674,0.6786331534385681,1.0142849683761597,1.3293148279190063,3.3018839359283447,3.554551362991333,3.8716697692871094,4.06902551651001,4.088722229003906,3.997830629348755,3.798856258392334,3.493847608566284,3.201782464981079,2.9186227321624756,2.5725324153900146,2.426079750061035,2.194488048553467,2.1912715435028076,2.3752493858337402,4.88358211517334,5.086462497711182,5.2564005851745605,5.37443733215332,5.420090675354004,5.620183944702148,5.569581985473633,5.507254123687744,5.3133463859558105,5.175595760345459,4.873856067657471,4.512853622436523,4.255014419555664,3.9066731929779053,3.803161144256592,5.66279935836792,5.667297840118408,5.760401248931885,5.655844211578369,5.614020824432373,5.709394454956055,5.616796493530273,5.835200786590576,5.877354145050049,6.152657508850098,6.400950908660889,6.501847743988037,6.542043209075928,6.807897090911865,6.780534267425537
B12,5.267427921295166,5.121356964111328,5.173030376434326,4.933052062988281,4.82271146774292,4.8003621101379395,4.710460662841797,4.530508041381836,4.279000282287598,4.034730434417725,3.727163076400757,3.414764165878296,3.0761983394622803,2.9868407249450684,3.1201443672180176,1.9875887632369995,1.9405380487442017,2.034158945083618,2.003321886062622,1.8782610893249512,1.697684645652771,1.4537981748580933,1.307906150817871,1.04277765750885,0.721459686756134,0.38890162110328674,0.0,0.3422585427761078,0.6366122364997864,0.9536728858947754,3.140244722366333,3.3965532779693604,3.713794469833374,3.9039573669433594,3.921943187713623,3.8296127319335938,3.630300283432007,3.3243067264556885,3.0114352703094482,2.745680093765259,2.381817102432251,2.202324151992798,1.932786464691162,1.8871674537658691,2.037205934524536,4.533725261688232,4.739824295043945,4.907026767730713,5.032693386077881,5.08726167678833,5.299597263336182,5.2645697593688965,5.20802116394043,5.029687881469727,4.901957035064697,4.612571716308594,4.255200386047363,3.9960336685180664,3.639631986618042,3.5166101455688477,5.2884135246276855,5.286497592926025,5.377693176269531,5.270155906677246,5.229185581207275,5.328346252441406,5.241290092468262,5.465517520904541,5.515799522399902,5.79628849029541,6.047509670257568,6.157094955444336,6.204684734344482,6.478755474090576,6.463407516479492
B13,5.426429748535156,5.266034126281738,5.295615196228027,5.046387195587158,4.9145283699035645,4.867690086364746,4.7582902908325195,4.555966854095459,4.285590648651123,4.021552085876465,3.7009921073913574,3.3755745887756348,3.0468077659606934,2.9174680709838867,3.0164856910705566,2.1091432571411133,2.087423801422119,2.2304036617279053,2.240039587020874,2.148068904876709,1.9974358081817627,1.777233362197876,1.6347155570983887,1.369961142539978,1.0387139320373535,0.6786331534385681,0.3422585427761078,0.0,0.3653440475463867,0.7130106687545776,3.0311150550842285,3.2663495540618896,3.56843638420105,3.734557867050171,3.731121063232422,3.619250535964966,3.4051918983459473,3.088369846343994,2.765036106109619,2.495208263397217,2.131718397140503,1.9218074083328247,1.6507019996643066,1.5787767171859741,1.7281861305236816,4.2957987785339355,4.486330032348633,4.637804985046387,4.752060890197754,4.796743392944336,5.007033348083496,4.97100830078125,4.904018878936768,4.730778217315674,4.595473289489746,4.311368942260742,3.9559154510498047,3.7083001136779785,3.3512966632843018,3.23529314994812,5.030129432678223,5.031954288482666,5.11128044128418,5.003314018249512,4.953628063201904,5.041209697723389,4.94352912902832,5.159064769744873,5.199644088745117,5.475009441375732,5.723763942718506,5.828208923339844,5.873747825622559,6.144404411315918,6.126571178436279
B14,5.520548343658447,5.338412761688232,5.346925258636475,5.078773021697998,4.928825378417969,4.870355129241943,4.735085487365723,4.513383865356445,4.224571228027344,3.9542770385742188,3.636497735977173,3.2924411296844482,2.957200050354004,2.798924446105957,2.8607840538024902,2.044524669647217,2.018387794494629,2.214489698410034,2.283846378326416,2.247527837753296,2.1491665840148926,1.9695218801498413,1.8820925951004028,1.6567986011505127,1.3548808097839355,1.0142849683761597,0.6366122364997864,0.3653440475463867,0.0,0.3717438578605652,2.9127044677734375,3.1514766216278076,3.4517383575439453,3.612368583679199,3.612203359603882,3.505359649658203,3.2983641624450684,2.9892075061798096,2.648932933807373,2.4105918407440186,2.035090446472168,1.79600191116333,1.4796396493911743,1.3496426343917847,1.4415572881698608,3.965900182723999,4.162693977355957,4.314521312713623,4.440030097961426,4.497552871704102,4.7221221923828125,4.704648017883301,4.648258209228516,4.492509841918945,4.372826099395752,4.1035003662109375,3.7541861534118652,3.5026938915252686,3.13866925239563,2.996328830718994,4.6786041259765625,4.674254894256592,4.755198955535889,4.646324634552002,4.601442337036133,4.697297096252441,4.6095380783081055,4.834222793579102,4.886266708374023,5.168034076690674,5.418989181518555,5.533956527709961,5.5868682861328125,5.868170738220215,5.864599704742432
