,A1,A2,A3,A4,A5,A6,A7,A8,A9,A10,A11,A12,A13,A14,A15,B1,B2,B3,B4,B5,B6,B7,B8,B9,B10,B11,B12,B13,B14,B15,C1,C2,C3,C4,C5,C6,C7,C8,C9,C10,C11,C12,C13,C14,C15,D1,D2,D3,D4,D5,D6,D7,D8,D9,D10,D11,D12,D13,D14,D15,E1,E2,E3,E4,E5,E6,E7,E8,E9,E10,E11,E12,E13,E14,E15
A1,0.0,0.3847520649433136,0.6273950934410095,0.9739755988121033,1.2489128112792969,1.5184911489486694,1.8572701215744019,2.120728015899658,2.33508563041687,2.648479461669922,2.913084030151367,3.0975499153137207,3.4170334339141846,3.6148681640625,3.930516481399536,6.52981424331665,6.736956596374512,6.8714447021484375,6.930749416351318,6.932321548461914,6.8542938232421875,6.6121015548706055,6.82844352722168,6.681746006011963,6.483413219451904,6.704015731811523,6.555410385131836,6.317905426025391,6.044248104095459,5.718132019042969,4.57025146484375,4.421591281890869,4.121557235717773,3.907343864440918,3.5696630477905273,3.257608413696289,2.9612560272216797,2.7851274013519287,2.482369899749756,2.3616294860839844,1.9990543127059937,1.8885865211486816,2.0057191848754883,2.1564483642578125,2.4350035190582275,4.748812675476074,4.842750072479248,4.893008232116699,5.213290214538574,5.265151023864746,5.245722770690918,5.554396152496338,5.456746578216553,5.701886177062988,5.625418186187744,5.7804412841796875,5.75260066986084,5.56483793258667,5.335677623748779,4.992679119110107,2.285233974456787,1.9397070407867432,1.682357668876648,1.4781521558761597,1.4119199514389038,1.0594590902328491,1.1082932949066162,1.0189714431762695,1.0885802507400513,1.2734909057617188,1.552446722984314,1.670632243156433,1.695235252380371,1.847817063331604,2.2184643745422363
A2,0.3847520649433136,0.0,0.39160358905792236,0.6490998268127441,0.9306179285049438,1.2279688119888306,1.5599297285079956,1.8435440063476562,2.0954082012176514,2.4137117862701416,2.68101167678833,2.8924992084503174,3.2188684940338135,3.4320030212402344,3.726287364959717,6.304930210113525,6.512492656707764,6.650604724884033,6.703939914703369,6.710170745849609,6.625702381134033,6.386695861816406,6.603081226348877,6.46640682220459,6.257843017578125,6.469406604766846,6.311975955963135,6.064823150634766,5.79012393951416,5.457394599914551,4.485467433929443,4.364773273468018,4.065940856933594,3.880150556564331,3.539898633956909,3.20871639251709,2.9350767135620117,2.71583890914917,2.4280893802642822,2.252253293991089,1.8947733640670776,1.7321557998657227,1.8094459772109985,1.9729831218719482,2.2103958129882812,4.553225994110107,4.6722493171691895,4.7423224449157715,5.0597758293151855,5.124887943267822,5.1047844886779785,5.403379440307617,5.3011956214904785,5.530139923095703,5.432700157165527,5.589554786682129,5.545155048370361,5.350066184997559,5.106926918029785,4.753998279571533,2.169025421142578,1.8163928985595703,1.576453685760498,1.316001296043396,1.3219525814056396,0.9732065200805664,1.0329034328460693,1.0815000534057617,1.1643857955932617,1.399140477180481,1.6503950357437134,1.796234130859375,1.862815260887146,1.9970911741256714,2.3764898777008057
A3,0.6273950934410095,0.39160358905792236,0.0,0.3889916241168976,0.7239097356796265,0.9355286955833435,1.3005235195159912,1.6048593521118164,1.8316168785095215,2.153151273727417,2.4527530670166016,2.6378724575042725,2.976015090942383,3.2147555351257324,3.5058507919311523,6.140805721282959,6.364414215087891,6.52152156829834,6.592596530914307,6.618619441986084,6.5511956214904785,6.32905912399292,6.562192916870117,6.44558048248291,6.24809455871582,6.469865798950195,6.322988510131836,6.081023693084717,5.820268630981445,5.487100124359131,4.674942970275879,4.562647342681885,4.281795978546143,4.101641654968262,3.7738916873931885,3.4380743503570557,3.1606903076171875,2.9305670261383057,2.6278867721557617,2.434795618057251,2.0860142707824707,1.8750216960906982,1.881668210029602,1.982363224029541,2.209073781967163,4.5440897941589355,4.678614139556885,4.7368998527526855,5.038568019866943,5.085302352905273,5.038662433624268,5.321718215942383,5.1940436363220215,5.4081501960754395,5.295968532562256,5.429786682128906,5.3687872886657715,5.155006408691406,4.900827884674072,4.5502471923828125,1.9004662036895752,1.5622100830078125,1.3830221891403198,1.1660943031311035,1.2728632688522339,1.0038248300552368,1.187494158744812,1.2884001731872559,1.4585057497024536,1.7248402833938599,2.0036027431488037,2.1697587966918945,2.2424607276916504,2.383270263671875,2.7615227699279785
A4,0.9739755988121033,0.6490998268127441,0.3889916241168976,0.0,0.3801591396331787,0.6058739423751831,0.9568305015563965,1.2816845178604126,1.546717882156372,1.8685615062713623,2.1673293113708496,2.378765821456909,2.7200028896331787,2.971808910369873,3.238922119140625,5.845848083496094,6.070225715637207,6.231462001800537,6.298924922943115,6.33093786239624,6.260465621948242,6.0439453125,6.279129505157471,6.174477577209473,5.971395969390869,6.18742561340332,6.036498546600342,5.789258003234863,5.5321173667907715,5.1952738761901855,4.574095726013184,4.488708972930908,4.217465877532959,4.064860820770264,3.74330472946167,3.395519971847534,3.1408421993255615,2.876842975616455,2.5899338722229004,2.3518552780151367,2.0246498584747314,1.764248013496399,1.7105944156646729,1.7994836568832397,1.9752551317214966,4.300516128540039,4.458939552307129,4.532207489013672,4.826710224151611,4.882429122924805,4.8320722579956055,5.10251522064209,4.968827247619629,5.165725231170654,5.033725738525391,5.1673126220703125,5.090770721435547,4.8705549240112305,4.604437828063965,4.246079444885254,1.7616854906082153,1.4309090375900269,1.2879998683929443,1.0284619331359863,1.2262375354766846,1.0196547508239746,1.214891791343689,1.422282099723816,1.6065006256103516,1.901184320449829,2.160459518432617,2.3541488647460938,2.466350793838501,2.6061716079711914,2.9872875213623047
A5,1.2489128112792969,0.9306179285049438,0.7239097356796265,0.3801591396331787,0.0,0.3720207214355469,0.6365963220596313,0.9319331049919128,1.221759557723999,1.5389901399612427,1.816199779510498,2.0517218112945557,2.3861560821533203,2.6305856704711914,2.8890938758850098,5.471761703491211,5.6935272216796875,5.853137493133545,5.919262886047363,5.951928615570068,5.882377624511719,5.668247699737549,5.9062418937683105,5.806534290313721,5.606602191925049,5.826153755187988,5.6803436279296875,5.4373674392700195,5.1872687339782715,4.852589130401611,4.339714527130127,4.269814968109131,4.016063213348389,3.880288600921631,3.5733232498168945,3.222137689590454,2.979771375656128,2.698467254638672,2.4163458347320557,2.1543805599212646,1.8545570373535156,1.555469036102295,1.4385775327682495,1.4905000925064087,1.6386796236038208,3.941915273666382,4.1094584465026855,4.1848835945129395,4.473583698272705,4.530694961547852,4.477633476257324,4.742436408996582,4.6075944900512695,4.799021244049072,4.662258148193359,4.799605846405029,4.722517490386963,4.506113052368164,4.2415571212768555,3.8813083171844482,1.5298221111297607,1.2057284116744995,1.0726207494735718,0.7782725691795349,1.0405042171478271,0.928029477596283,1.1422102451324463,1.4295097589492798,1.6495964527130127,1.9702566862106323,2.2284364700317383,2.462402820587158,2.6231045722961426,2.79003643989563,3.1722283363342285
A6,1.5184911489486694,1.2279688119888306,0.9355286955833435,0.6058739423751831,0.3720207214355469,0.0,0.3822687864303589,0.7220229506492615,0.9723585844039917,1.2904136180877686,1.611675500869751,1.8140437602996826,2.161691904067993,2.4390461444854736,2.6863536834716797,5.316286087036133,5.554638862609863,5.734350204467773,5.818753719329834,5.872718811035156,5.821235656738281,5.6264848709106445,5.8807291984558105,5.8032732009887695,5.615783214569092,5.8439741134643555,5.709799289703369,5.473726749420166,5.240317344665527,4.908236980438232,4.563335418701172,4.5020575523376465,4.267301082611084,4.138065338134766,3.845925807952881,3.4972052574157715,3.2560441493988037,2.973806619644165,2.687480926513672,2.422999858856201,2.1433701515197754,1.8270655870437622,1.6565104722976685,1.6362931728363037,1.7555302381515503,3.9709370136260986,4.154105186462402,4.217301368713379,4.485533237457275,4.5235443115234375,4.442732810974121,4.687446594238281,4.525832653045654,4.698033332824707,4.543990135192871,4.655263423919678,4.558455944061279,4.321372032165527,4.043878555297852,3.686826467514038,1.3299423456192017,1.0523498058319092,1.0380620956420898,0.8460075259208679,1.195589542388916,1.1805859804153442,1.4491244554519653,1.7304798364639282,1.984595537185669,2.310617208480835,2.5838258266448975,2.8219826221466064,2.978101968765259,3.1467318534851074,3.5295979976654053
A7,1.8572701215744019,1.5599297285079956,1.3005235195159912,0.9568305015563965,0.6365963220596313,0.3822687864303589,0.0,0.36666086316108704,0.6693317890167236,0.9704058766365051,1.2750914096832275,1.5084123611450195,1.8495780229568481,2.1313955783843994,2.3536336421966553,4.952355861663818,5.191135883331299,5.3739447593688965,5.458320140838623,5.518181800842285,5.468867301940918,5.281463623046875,5.540473937988281,5.474976062774658,5.290107727050781,5.519285202026367,5.389617919921875,5.156695365905762,4.933683395385742,4.603962421417236,4.438121318817139,4.399028778076172,4.1851396560668945,4.079553604125977,3.8058230876922607,3.4579222202301025,3.238283395767212,2.940788984298706,2.6719343662261963,2.386568546295166,2.1495351791381836,1.8095433712005615,1.574636459350586,1.5037709474563599,1.5581631660461426,3.675593137741089,3.8769326210021973,3.945467233657837,4.200954914093018,4.240579605102539,4.152400970458984,4.382998943328857,4.214643478393555,4.3715386390686035,4.20296049118042,4.312894821166992,4.206045627593994,3.9663736820220947,3.683030366897583,3.321570634841919,1.2310844659805298,1.0127453804016113,1.0585789680480957,0.8913484215736389,1.2682620286941528,1.3427404165267944,1.5950050354003906,1.9187010526657104,2.181119441986084,2.514840602874756,2.7758877277374268,3.0365798473358154,3.2243995666503906,3.4047234058380127,3.785691499710083
A8,2.120728015899658,1.8435440063476562,1.6048593521118164,1.2816845178604126,0.9319331049919128,0.7220229506492615,0.36666086316108704,0.0,0.3692527711391449,0.6430596709251404,0.9153509736061096,1.1737080812454224,1.504355788230896,1.7761178016662598,1.9953885078430176,4.594849109649658,4.833889484405518,5.017220973968506,5.106766700744629,5.1696929931640625,5.128555774688721,4.946722030639648,5.212947368621826,5.153723239898682,4.980717658996582,5.220463275909424,5.104326248168945,4.883625507354736,4.6743574142456055,4.352628231048584,4.277440071105957,4.247703552246094,4.05949068069458,3.965120553970337,3.715097427368164,3.376070261001587,3.1664137840270996,2.8712849617004395,2.6088485717773438,2.326098918914795,2.130789279937744,1.7856625318527222,1.5008881092071533,1.3544589281082153,1.3724573850631714,3.3667478561401367,3.5715420246124268,3.6301867961883545,3.8736350536346436,3.9041621685028076,3.8057186603546143,4.028800964355469,3.8542604446411133,4.007405757904053,3.8381741046905518,3.946906328201294,3.843127965927124,3.6072838306427,3.329888343811035,2.9702916145324707,1.0689278841018677,0.9200692772865295,1.0124337673187256,0.9085375666618347,1.274693489074707,1.4428952932357788,1.6909637451171875,2.028623342514038,2.31117582321167,2.6487252712249756,2.9106295108795166,3.1952099800109863,3.411458730697632,3.615452766418457,3.993675470352173
A9,2.33508563041687,2.0954082012176514,1.8316168785095215,1.546717882156372,1.221759557723999,0.9723585844039917,0.6693317890167236,0.3692527711391449,0.0,0.32259830832481384,0.6621907949447632,0.8447944521903992,1.1911653280258179,1.4826185703277588,1.7200770378112793,4.396063327789307,4.64915132522583,4.8468708992004395,4.959742546081543,5.038495063781738,5.022366046905518,4.857677459716797,5.140505313873291,5.095252513885498,4.9472246170043945,5.205704212188721,5.1131272315979,4.912586212158203,4.7250800132751465,4.416326522827148,4.387360572814941,4.3515448570251465,4.188118934631348,4.0873026847839355,3.8590171337127686,3.5338022708892822,3.3153810501098633,3.0410213470458984,2.766890048980713,2.510923147201538,2.333253860473633,2.0004568099975586,1.7035914659500122,1.4864140748977661,1.5175321102142334,3.332127809524536,3.530000925064087,3.5568552017211914,3.7782344818115234,3.776524305343628,3.648223876953125,3.8577237129211426,3.659029483795166,3.806764602661133,3.639677047729492,3.7225942611694336,3.617551565170288,3.371544361114502,3.0990912914276123,2.753856658935547,0.8080719709396362,0.7796330451965332,0.9866918921470642,1.0214558839797974,1.3771007061004639,1.6144325733184814,1.8954665660858154,2.2074687480926514,2.5225892066955566,2.8614141941070557,3.1445064544677734,3.439453601837158,3.658351421356201,3.881308078765869,4.259831428527832
A10,2.648479461669922,2.4137117862701416,2.153151273727417,1.8685615062713623,1.5389901399612427,1.2904136180877686,0.9704058766365051,0.6430596709251404,0.32259830832481384,0.0,0.3840566873550415,0.5418297052383423,0.885062575340271,1.1950095891952515,1.4108082056045532,4.096304893493652,4.356595993041992,4.563825607299805,4.6877875328063965,4.778859615325928,4.77635383605957,4.626217365264893,4.9196295738220215,4.890481472015381,4.756506443023682,5.022943496704102,4.944763660430908,4.756677627563477,4.587964057922363,4.2891154289245605,4.4084391593933105,4.385525226593018,4.247067451477051,4.160373687744141,3.954702377319336,3.640117883682251,3.4357540607452393,3.1652238368988037,2.9043872356414795,2.6528778076171875,2.5107715129852295,2.182914972305298,1.863726019859314,1.6064375638961792,1.5935615301132202,3.178057909011841,3.385307788848877,3.401320219039917,3.599557876586914,3.5838255882263184,3.435709238052368,3.6250476837158203,3.4093501567840576,3.5401699542999268,3.3616039752960205,3.4296786785125732,3.314852476119995,3.0610764026641846,2.7857964038848877,2.4445013999938965,0.8847064971923828,0.9704135060310364,1.2088881731033325,1.286798119544983,1.6120307445526123,1.883825659751892,2.1541714668273926,2.4669904708862305,2.7860705852508545,3.1228513717651367,3.4022865295410156,3.706620693206787,3.9381654262542725,4.169454097747803,4.545588493347168
A11,2.913084030151367,2.68101167678833,2.4527530670166016,2.1673293113708496,1.816199779510498,1.611675500869751,1.2750914096832275,0.9153509736061096,0.6621907949447632,0.3840566873550415,0.0,0.37561649084091187,0.6205318570137024,0.8811903595924377,1.0804100036621094,3.7369227409362793,3.990216016769409,4.190366744995117,4.3116607666015625,4.399200916290283,4.398385047912598,4.249065399169922,4.545210838317871,4.518621921539307,4.3932623863220215,4.666818141937256,4.599889755249023,4.423654079437256,4.2677435874938965,3.9793577194213867,4.199363708496094,4.191734313964844,4.080287933349609,4.012657642364502,3.8337481021881104,3.5334532260894775,3.3514575958251953,3.0855538845062256,2.8482673168182373,2.6029109954833984,2.51149582862854,2.1968066692352295,1.8574018478393555,1.5623748302459717,1.4958120584487915,2.8290045261383057,3.0408670902252197,3.0525739192962646,3.237905979156494,3.2204267978668213,3.068567991256714,3.2507758140563965,3.0359010696411133,3.163663148880005,2.9843668937683105,3.063319206237793,2.956634283065796,2.7162091732025146,2.4520037174224854,2.1087257862091064,1.090775966644287,1.2109076976776123,1.408461093902588,1.4854331016540527,1.7554703950881958,2.0593647956848145,2.2939040660858154,2.613770008087158,2.9256768226623535,3.2552807331085205,3.5192601680755615,3.837470769882202,4.093578338623047,4.338067054748535,4.707200050354004
A12,3.0975499153137207,2.8924992084503174,2.6378724575042725,2.378765821456909,2.0517218112945557,1.8140437602996826,1.5084123611450195,1.1737080812454224,0.8447944521903992,0.5418297052383423,0.37561649084091187,0.0,0.3555457890033722,0.6911793351173401,0.920348584651947,3.665011167526245,3.937425374984741,4.157459735870361,4.308877468109131,4.417357921600342,4.447606563568115,4.321430683135986,4.633830547332764,4.6241230964660645,4.527286052703857,4.8170576095581055,4.774439334869385,4.619447708129883,4.485960483551025,4.212835311889648,4.445612907409668,4.4267377853393555,4.33231258392334,4.252636432647705,4.087954998016357,3.800152063369751,3.6049375534057617,3.3612163066864014,3.1097021102905273,2.8909811973571777,2.796053886413574,2.4936115741729736,2.1655821800231934,1.849787950515747,1.8201590776443481,2.989081621170044,3.1859607696533203,3.1601157188415527,3.3169362545013428,3.259054660797119,3.071002244949341,3.2325730323791504,2.9864625930786133,3.1040918827056885,2.928922414779663,2.965888023376465,2.8548049926757812,2.597322702407837,2.3401544094085693,2.0262746810913086,1.034421443939209,1.257104754447937,1.5172154903411865,1.6745458841323853,1.9395081996917725,2.2645263671875,2.5291779041290283,2.8209478855133057,3.155057430267334,3.4843626022338867,3.7686655521392822,4.087719440460205,4.335317611694336,4.589509010314941,4.960330009460449
A13,3.4170334339141846,3.2188684940338135,2.976015090942383,2.7200028896331787,2.3861560821533203,2.161691904067993,1.8495780229568481,1.504355788230896,1.1911653280258179,0.885062575340271,0.6205318570137024,0.3555457890033722,0.0,0.3704747259616852,0.5780715942382812,3.3352973461151123,3.611579418182373,3.8364710807800293,4.000728607177734,4.118135929107666,4.165700912475586,4.054137706756592,4.376258373260498,4.379703044891357,4.304440498352051,4.605625152587891,4.584165573120117,4.449793815612793,4.33962869644165,4.08453893661499,4.42833948135376,4.419746398925781,4.355173587799072,4.288694858551025,4.152268409729004,3.882664203643799,3.7034695148468018,3.472623825073242,3.2384192943573,3.0345966815948486,2.9762110710144043,2.690016031265259,2.3574492931365967,2.021454334259033,1.9649593830108643,2.8156027793884277,3.0099146366119385,2.96357798576355,3.0897574424743652,3.010596990585327,2.799851417541504,2.938476085662842,2.6751515865325928,2.7788844108581543,2.6013102531433105,2.6232776641845703,2.5138959884643555,2.2580935955047607,2.0144383907318115,1.7176182270050049,1.3110758066177368,1.558009147644043,1.8018473386764526,1.96969473361969,2.2000834941864014,2.543104648590088,2.7906577587127686,3.0777788162231445,3.4101507663726807,3.732746124267578,4.0103302001953125,4.337338924407959,4.598196983337402,4.8626298904418945,5.228435039520264
A14,3.6148681640625,3.4320030212402344,3.2147555351257324,2.971808910369873,2.6305856704711914,2.4390461444854736,2.1313955783843994,1.7761178016662598,1.4826185703277588,1.1950095891952515,0.8811903595924377,0.6911793351173401,0.3704747259616852,0.0,0.38594573736190796,3.0823702812194824,3.3483192920684814,3.5601518154144287,3.727508544921875,3.8362505435943604,3.8928167819976807,3.7804136276245117,4.105005264282227,4.103250980377197,4.047965049743652,4.363682270050049,4.362351894378662,4.249726295471191,4.154793739318848,3.91831374168396,4.249515056610107,4.24232292175293,4.206336975097656,4.146159648895264,4.038983345031738,3.79193377494812,3.6251003742218018,3.4158849716186523,3.1971933841705322,3.0195987224578857,2.999218702316284,2.73996901512146,2.4137892723083496,2.058487892150879,1.994880199432373,2.5603020191192627,2.733785629272461,2.6601314544677734,2.7691988945007324,2.6697206497192383,2.4473233222961426,2.5854427814483643,2.320739507675171,2.439342737197876,2.2858095169067383,2.317758083343506,2.2423853874206543,2.0174965858459473,1.8174669742584229,1.5473592281341553,1.521273136138916,1.7664240598678589,1.9705543518066406,2.144343614578247,2.322082757949829,2.683933973312378,2.9062180519104004,3.181441068649292,3.50923228263855,3.8198437690734863,4.0886101722717285,4.4242353439331055,4.700992107391357,4.980520248413086,5.3375725746154785
A15,3.930516481399536,3.726287364959717,3.5058507919311523,3.238922119140625,2.8890938758850098,2.6863536834716797,2.3536336421966553,1.9953885078430176,1.7200770378112793,1.4108082056045532,1.0804100036621094,0.920348584651947,0.5780715942382812,0.38594573736190796,0.0,2.7587459087371826,3.0359928607940674,3.2653250694274902,3.439826250076294,3.5696611404418945,3.6358578205108643,3.546638011932373,3.880821466445923,3.909022092819214,3.860212564468384,4.171051979064941,4.177165508270264,4.070999622344971,3.998072862625122,3.7718114852905273,4.374175071716309,4.395333290100098,4.375842094421387,4.343934059143066,4.250241756439209,4.007407188415527,3.8675310611724854,3.646867275238037,3.454566717147827,3.261073589324951,3.2624239921569824,2.9979472160339355,2.6598711013793945,2.318005084991455,2.201028347015381,2.4988222122192383,2.703005313873291,2.642976999282837,2.7140395641326904,2.6180827617645264,2.3801186084747314,2.4693663120269775,2.1835837364196777,2.2470452785491943,2.045471668243408,2.0546188354492188,1.9364416599273682,1.685133934020996,1.4554579257965088,1.1732691526412964,1.862937569618225,2.1032559871673584,2.313971757888794,2.461939573287964,2.6556289196014404,3.0065770149230957,3.21742582321167,3.5101351737976074,3.826554775238037,4.138251304626465,4.3936052322387695,4.728987693786621,5.011338233947754,5.282548904418945,5.639406681060791
B1,6.52981424331665,6.304930210113525,6.140805721282959,5.845848083496094,5.471761703491211,5.316286087036133,4.952355861663818,4.594849109649658,4.396063327789307,4.096304893493652,3.7369227409362793,3.665011167526245,3.3352973461151123,3.0823702812194824,2.7587459087371826,0.0,0.356326699256897,0.7168294787406921,1.0324188470840454,1.3444079160690308,1.6143379211425781,1.816320776939392,2.1559200286865234,2.416757583618164,2.580156087875366,2.8547310829162598,3.0463366508483887,3.150083541870117,3.335268974304199,3.345777988433838,5.141509056091309,5.290169715881348,5.442934989929199,5.554841041564941,5.622729778289795,5.502198696136475,5.51890754699707,5.352048873901367,5.319949626922607,5.172173500061035,5.3344621658325195,5.152778148651123,4.844808101654053,4.5543107986450195,4.318352222442627,2.737514019012451,2.8931925296783447,2.8246259689331055,2.5605666637420654,2.452070713043213,2.2357709407806396,1.9167368412017822,1.7368872165679932,1.3602852821350098,1.1215219497680664,0.9693557620048523,0.8739086985588074,1.122714877128601,1.3959739208221436,1.6993632316589355,4.602016925811768,4.822463035583496,4.975222587585449,5.069664478302002,5.1922526359558105,5.532236099243164,5.645540714263916,5.942886829376221,6.196084976196289,6.463496685028076,6.6372551918029785,6.976452827453613,7.308734893798828,7.582286834716797,7.89969539642334
B2,6.736956596374512,6.512492656707764,6.364414215087891,6.070225715637207,5.6935272216796875,5.554638862609863,5.191135883331299,4.833889484405518,4.64915132522583,4.356595993041992,3.990216016769409,3.937425374984741,3.611579418182373,3.3483192920684814,3.0359928607940674,0.356326699256897,0.0,0.37003761529922485,0.6985718011856079,1.0245320796966553,1.3211272954940796,1.5620352029800415,1.8818387985229492,2.162912130355835,2.355980157852173,2.618529796600342,2.835096597671509,2.9710164070129395,3.184762477874756,3.2312917709350586,5.095068454742432,5.257529258728027,5.428955554962158,5.558128833770752,5.645534038543701,5.5432844161987305,5.58098840713501,5.424395561218262,5.4147725105285645,5.276744365692139,5.45924186706543,5.293786525726318,4.996497631072998,4.717066287994385,4.473292827606201,2.728431463241577,2.8641440868377686,2.8038172721862793,2.5156919956207275,2.426877737045288,2.2488534450531006,1.912119746208191,1.797235369682312,1.4247585535049438,1.2488162517547607,1.173806071281433,1.1595402956008911,1.4435557126998901,1.7176592350006104,1.9965424537658691,4.861649513244629,5.069862365722656,5.204745292663574,5.286903381347656,5.392925262451172,5.728073596954346,5.822440147399902,6.1171674728393555,6.357014179229736,6.614246368408203,6.772942066192627,7.110225200653076,7.448869705200195,7.722224235534668,8.03043270111084
B3,6.8714447021484375,6.650604724884033,6.52152156829834,6.231462001800537,5.853137493133545,5.734350204467773,5.3739447593688965,5.017220973968506,4.8468708992004395,4.563825607299805,4.190366744995117,4.157459735870361,3.8364710807800293,3.5601518154144287,3.2653250694274902,0.7168294787406921,0.37003761529922485,0.0,0.3685242831707001,0.6818884611129761,1.0115631818771362,1.2811689376831055,1.5773009061813354,1.8662967681884766,2.093747138977051,2.350796937942505,2.5948312282562256,2.7652220726013184,3.0025553703308105,3.084742307662964,4.963179111480713,5.136650085449219,5.32738733291626,5.471898555755615,5.580121994018555,5.498520851135254,5.556625843048096,5.413821697235107,5.426784515380859,5.302497863769531,5.505938529968262,5.360264301300049,5.076888561248779,4.808884143829346,4.561333179473877,2.659733295440674,2.7677698135375977,2.712907552719116,2.4040963649749756,2.3362536430358887,2.2024827003479004,1.8587844371795654,1.8163772821426392,1.468014121055603,1.3639147281646729,1.3689016103744507,1.427262544631958,1.7401684522628784,2.0176126956939697,2.2695488929748535,5.058606147766113,5.252600193023682,5.365854740142822,5.435966968536377,5.520750522613525,5.850615501403809,5.923990249633789,6.212910175323486,6.438190460205078,6.682962894439697,6.825791358947754,7.1605544090271,7.505415439605713,7.7796220779418945,8.076923370361328
B4,6.930749416351318,6.703939914703369,6.592596530914307,6.298924922943115,5.919262886047363,5.818753719329834,5.458320140838623,5.106766700744629,4.959742546081543,4.6877875328063965,4.3116607666015625,4.308877468109131,4.000728607177734,3.727508544921875,3.439826250076294,1.0324188470840454,0.6985718011856079,0.3685242831707001,0.0,0.3508070409297943,0.6644633412361145,0.9707900881767273,1.2392513751983643,1.5533357858657837,1.7827622890472412,2.0159566402435303,2.2686078548431396,2.4566798210144043,2.7145707607269287,2.8246707916259766,4.8170294761657715,5.010342121124268,5.208255767822266,5.374217987060547,5.491776466369629,5.420358180999756,5.502135276794434,5.359648704528809,5.39762020111084,5.272959232330322,5.493288993835449,5.359422206878662,5.0861334800720215,4.837798118591309,4.575433731079102,2.5694799423217773,2.6767494678497314,2.65693998336792,2.3502299785614014,2.3327252864837646,2.253917932510376,1.9309717416763306,1.949901819229126,1.6368049383163452,1.548429012298584,1.6280187368392944,1.694809913635254,2.0008013248443604,2.24942684173584,2.4605884552001953,5.2036309242248535,5.377378463745117,5.471216678619385,5.518426418304443,5.592803001403809,5.910152912139893,5.9617791175842285,6.253535270690918,6.460383892059326,6.695748329162598,6.819295406341553,7.14901065826416,7.498222351074219,7.765631198883057,8.053688049316406
B5,6.932321548461914,6.710170745849609,6.618619441986084,6.33093786239624,5.951928615570068,5.872718811035156,5.518181800842285,5.1696929931640625,5.038495063781738,4.778859615325928,4.399200916290283,4.417357921600342,4.118135929107666,3.8362505435943604,3.5696611404418945,1.3444079160690308,1.0245320796966553,0.6818884611129761,0.3508070409297943,0.0,0.3673174977302551,0.6794706583023071,0.9181739687919617,1.2256828546524048,1.4857611656188965,1.7222132682800293,1.99856698513031,2.2159759998321533,2.486156940460205,2.6250052452087402,4.588879108428955,4.791256904602051,5.003297328948975,5.1822733879089355,5.3162665367126465,5.262875080108643,5.362878322601318,5.233022212982178,5.291795253753662,5.180192470550537,5.418429374694824,5.304253101348877,5.046605110168457,4.81176233291626,4.54840612411499,2.43086576461792,2.511026382446289,2.502943515777588,2.1908013820648193,2.2050445079803467,2.1777963638305664,1.8742849826812744,1.9598945379257202,1.6939903497695923,1.658682107925415,1.802442193031311,1.9125927686691284,2.229220151901245,2.473330020904541,2.6536507606506348,5.281450271606445,5.438395977020264,5.509401321411133,5.54323673248291,5.596390247344971,5.905852794647217,5.936361789703369,6.221174240112305,6.412428379058838,6.634737968444824,6.742368698120117,7.068100452423096,7.421671390533447,7.688686847686768,7.9654998779296875
B6,6.8542938232421875,6.625702381134033,6.5511956214904785,6.260465621948242,5.882377624511719,5.821235656738281,5.468867301940918,5.128555774688721,5.022366046905518,4.77635383605957,4.398385047912598,4.447606563568115,4.165700912475586,3.8928167819976807,3.6358578205108643,1.6143379211425781,1.3211272954940796,1.0115631818771362,0.6644633412361145,0.3673174977302551,0.0,0.36506369709968567,0.5768111348152161,0.9114922881126404,1.1430078744888306,1.361120581626892,1.634312391281128,1.8573952913284302,2.1379752159118652,2.295130491256714,4.3689494132995605,4.590299606323242,4.800641059875488,4.998732566833496,5.134095191955566,5.084649085998535,5.205191135406494,5.071041107177734,5.151834487915039,5.035862922668457,5.286376953125,5.181323051452637,4.933721542358398,4.720749378204346,4.443598747253418,2.2775471210479736,2.366926908493042,2.4053940773010254,2.116720676422119,2.1911919116973877,2.216548442840576,1.9568308591842651,2.0815742015838623,1.8581115007400513,1.8159798383712769,2.013443946838379,2.1152870655059814,2.412550926208496,2.6213278770446777,2.7559378147125244,5.300058364868164,5.434751510620117,5.486845970153809,5.496225357055664,5.541568279266357,5.835724830627441,5.845737934112549,6.13395357131958,6.306545734405518,6.52039098739624,6.609574317932129,6.9289960861206055,7.284670829772949,7.5427985191345215,7.8113603591918945
B7,6.6121015548706055,6.386695861816406,6.32905912399292,6.0439453125,5.668247699737549,5.6264848709106445,5.281463623046875,4.946722030639648,4.857677459716797,4.626217365264893,4.249065399169922,4.321430683135986,4.054137706756592,3.7804136276245117,3.546638011932373,1.816320776939392,1.5620352029800415,1.2811689376831055,0.9707900881767273,0.6794706583023071,0.36506369709968567,0.0,0.36791476607322693,0.6142541170120239,0.8160415887832642,1.0887423753738403,1.3544079065322876,1.5713411569595337,1.8332691192626953,1.9881738424301147,4.0116071701049805,4.238564968109131,4.448963165283203,4.654041767120361,4.792307376861572,4.748505115509033,4.879632949829102,4.749337196350098,4.8434953689575195,4.733104228973389,4.994215488433838,4.902381896972656,4.667281150817871,4.467823028564453,4.1897735595703125,1.9725139141082764,2.054062843322754,2.118860960006714,1.8496400117874146,1.9703068733215332,2.042788028717041,1.8309434652328491,1.9971314668655396,1.8310860395431519,1.8087726831436157,2.0644078254699707,2.185736894607544,2.4732730388641357,2.6611080169677734,2.751859188079834,5.140174865722656,5.255863666534424,5.286890506744385,5.28134822845459,5.31062126159668,5.594935894012451,5.587571620941162,5.8713274002075195,6.030568599700928,6.235032558441162,6.312201023101807,6.627808094024658,6.9853434562683105,7.24153470993042,7.502748012542725
B8,6.82844352722168,6.603081226348877,6.562192916870117,6.279129505157471,5.9062418937683105,5.8807291984558105,5.540473937988281,5.212947368621826,5.140505313873291,4.9196295738220215,4.545210838317871,4.633830547332764,4.376258373260498,4.105005264282227,3.880821466445923,2.1559200286865234,1.8818387985229492,1.5773009061813354,1.2392513751983643,0.9181739687919617,0.5768111348152161,0.36791476607322693,0.0,0.37824949622154236,0.6285380125045776,0.8250628113746643,1.1382375955581665,1.4148318767547607,1.71396005153656,1.9274359941482544,4.0011115074157715,4.24564790725708,4.469504356384277,4.695322513580322,4.849850177764893,4.825343132019043,4.980665683746338,4.860126972198486,4.9796142578125,4.877595901489258,5.154021739959717,5.079338073730469,4.860016345977783,4.680060863494873,4.3979315757751465,2.1394994258880615,2.1955158710479736,2.2837655544281006,2.0273401737213135,2.1799068450927734,2.296640634536743,2.106797695159912,2.3080053329467773,2.1656720638275146,2.166076898574829,2.4259941577911377,2.5531482696533203,2.8407886028289795,3.0241756439208984,3.1058759689331055,5.433923721313477,5.535274505615234,5.550106525421143,5.529453754425049,5.545591831207275,5.8177947998046875,5.790724277496338,6.070202350616455,6.211320877075195,6.4028120040893555,6.460888862609863,6.769136905670166,7.128748893737793,7.379034519195557,7.62769889831543
B9,6.681746006011963,6.46640682220459,6.44558048248291,6.174477577209473,5.806534290313721,5.8032732009887695,5.474976062774658,5.153723239898682,5.095252513885498,4.890481472015381,4.518621921539307,4.6241230964660645,4.379703044891357,4.103250980377197,3.909022092819214,2.416757583618164,2.162912130355835,1.8662967681884766,1.5533357858657837,1.2256828546524048,0.9114922881126404,0.6142541170120239,0.37824949622154236,0.0,0.3866307735443115,0.6574748158454895,0.9774806499481201,1.2678171396255493,1.5378646850585938,1.7635613679885864,3.663940191268921,3.9117660522460938,4.146702289581299,4.379818439483643,4.548407077789307,4.541675090789795,4.710427761077881,4.605891227722168,4.742203235626221,4.657700061798096,4.94832706451416,4.895998954772949,4.6965813636779785,4.5303778648376465,4.256725788116455,1.9532161951065063,1.9685136079788208,2.070500135421753,1.8347954750061035,2.02579402923584,2.196636438369751,2.0575380325317383,2.3043792247772217,2.223095178604126,2.262855291366577,2.559709310531616,2.715534210205078,3.0013411045074463,3.17810320854187,3.230902910232544,5.374264717102051,5.457936763763428,5.448696613311768,5.417563438415527,5.4094367027282715,5.672201633453369,5.625193119049072,5.892457485198975,6.018504619598389,6.195305824279785,6.239573955535889,6.542758464813232,6.904285430908203,7.15538215637207,7.392481327056885
B10,6.483413219451904,6.257843017578125,6.24809455871582,5.971395969390869,5.606602191925049,5.615783214569092,5.290107727050781,4.980717658996582,4.9472246170043945,4.756506443023682,4.3932623863220215,4.527286052703857,4.304440498352051,4.047965049743652,3.860212564468384,2.580156087875366,2.355980157852173,2.093747138977051,1.7827622890472412,1.4857611656188965,1.1430078744888306,0.8160415887832642,0.6285380125045776,0.3866307735443115,0.0,0.38474801182746887,0.6308057308197021,0.8907703757286072,1.1516361236572266,1.3813295364379883,3.4653818607330322,3.732325315475464,3.947253942489624,4.195613861083984,4.348629474639893,4.330629825592041,4.5130615234375,4.391663551330566,4.542600154876709,4.442086696624756,4.735356330871582,4.682534694671631,4.488363742828369,4.3453593254089355,4.056217193603516,1.8104519844055176,1.864731788635254,2.0315744876861572,1.8547741174697876,2.0987510681152344,2.290759801864624,2.1993706226348877,2.436356544494629,2.3766143321990967,2.3798978328704834,2.6968750953674316,2.823951244354248,3.0774924755096436,3.2125723361968994,3.221822738647461,5.268864631652832,5.3314900398254395,5.31001615524292,5.254110336303711,5.24821138381958,5.493286609649658,5.432104110717773,5.707220554351807,5.817648887634277,5.991284370422363,6.02144718170166,6.317971706390381,6.67823600769043,6.917026042938232,7.150783061981201
B11,6.704015731811523,6.469406604766846,6.469865798950195,6.18742561340332,5.826153755187988,5.8439741134643555,5.519285202026367,5.220463275909424,5.205704212188721,5.022943496704102,4.666818141937256,4.8170576095581055,4.605625152587891,4.363682270050049,4.171051979064941,2.8547310829162598,2.618529796600342,2.350796937942505,2.0159566402435303,1.7222132682800293,1.361120581626892,1.0887423753738403,0.8250628113746643,0.6574748158454895,0.38474801182746887,0.0,0.35346946120262146,0.6991223692893982,1.0208640098571777,1.3190202713012695,3.590733051300049,3.8793628215789795,4.08994197845459,4.35984992980957,4.51287841796875,4.499946594238281,4.703767776489258,4.577023029327393,4.748928546905518,4.640806674957275,4.939334869384766,4.891144275665283,4.705510139465332,4.585305690765381,4.283968448638916,2.105494260787964,2.170811176300049,2.36578631401062,2.2129275798797607,2.4708950519561768,2.671236038208008,2.5840306282043457,2.817481756210327,2.7483043670654297,2.734571933746338,3.0422210693359375,3.148763656616211,3.3922417163848877,3.5121049880981445,3.5136489868164062,5.5619635581970215,5.6117939949035645,5.583436965942383,5.508667945861816,5.504887580871582,5.734126091003418,5.659094333648682,5.938511848449707,6.031763076782227,6.198185920715332,6.210312843322754,6.497323989868164,6.855978488922119,7.081333637237549,7.306088924407959
B12,6.555410385131836,6.311975955963135,6.322988510131836,6.036498546600342,5.6803436279296875,5.709799289703369,5.389617919921875,5.104326248168945,5.1131272315979,4.944763660430908,4.599889755249023,4.774439334869385,4.584165573120117,4.362351894378662,4.177165508270264,3.0463366508483887,2.835096597671509,2.5948312282562256,2.2686078548431396,1.99856698513031,1.634312391281128,1.3544079065322876,1.1382375955581665,0.9774806499481201,0.6308057308197021,0.35346946120262146,0.0,0.3602343201637268,0.6921341419219971,1.0140968561172485,3.465158700942993,3.769083023071289,3.9576475620269775,4.239988803863525,4.3765997886657715,4.353186130523682,4.5689215660095215,4.4270501136779785,4.612013339996338,4.48930549621582,4.787800312042236,4.739601135253906,4.560841083526611,4.464423656463623,4.151302337646484,2.0828850269317627,2.1787586212158203,2.4187729358673096,2.3156983852386475,2.6036856174468994,2.814265012741089,2.761439085006714,2.9843268394470215,2.931248188018799,2.8924715518951416,3.21018385887146,3.294421434402466,3.509986639022827,3.595219135284424,3.5612435340881348,5.506193161010742,5.536619186401367,5.49738883972168,5.400064945220947,5.398599624633789,5.609537124633789,5.521495342254639,5.806700229644775,5.884363651275635,6.0467529296875,6.044986724853516,6.323974609375,6.679788112640381,6.892096996307373,7.112618446350098
B13,6.317905426025391,6.064823150634766,6.081023693084717,5.789258003234863,5.4373674392700195,5.473726749420166,5.156695365905762,4.883625507354736,4.912586212158203,4.756677627563477,4.423654079437256,4.619447708129883,4.449793815612793,4.249726295471191,4.070999622344971,3.150083541870117,2.9710164070129395,2.7652220726013184,2.4566798210144043,2.2159759998321533,1.8573952913284302,1.5713411569595337,1.4148318767547607,1.2678171396255493,0.8907703757286072,0.6991223692893982,0.3602343201637268,0.0,0.3590458035469055,0.6774283051490784,3.3447816371917725,3.6565675735473633,3.8158071041107178,4.1022114753723145,4.214380741119385,4.1714019775390625,4.389975547790527,4.227529048919678,4.4165358543396,4.274389266967773,4.567140579223633,4.512145042419434,4.334659576416016,4.2570953369140625,3.932178020477295,2.0034737586975098,2.1405553817749023,2.419248342514038,2.364337921142578,2.672544240951538,2.881606101989746,2.8598835468292236,3.0629842281341553,3.0233800411224365,2.9555819034576416,3.2796809673309326,3.339110851287842,3.522777795791626,3.571138620376587,3.500566005706787,5.341395378112793,5.355592250823975,5.310084819793701,5.1936421394348145,5.199295520782471,5.394896984100342,5.3000335693359375,5.593271255493164,5.6611433029174805,5.824376583099365,5.815267562866211,6.088898658752441,6.441192626953125,6.642200469970703,6.863536834716797
B14,6.044248104095459,5.79012393951416,5.820268630981445,5.5321173667907715,5.1872687339782715,5.240317344665527,4.933683395385742,4.6743574142456055,4.7250800132751465,4.587964057922363,4.2677435874938965,4.485960483551025,4.33962869644165,4.154793739318848,3.998072862625122,3.335268974304199,3.184762477874756,3.0025553703308105,2.7145707607269287,2.486156940460205,2.1379752159118652,1.8332691192626953,1.71396005153656,1.5378646850585938,1.1516361236572266,1.0208640098571777,0.6921341419219971,0.3590458035469055,0.0,0.3577044904232025,3.090592861175537,3.4086968898773193,3.545703411102295,3.8372106552124023,3.933957099914551,3.882497787475586,4.108671188354492,3.9373743534088135,4.136997699737549,3.98835825920105,4.282420635223389,4.233741283416748,4.068572044372559,4.013501167297363,3.6862974166870117,1.894333004951477,2.0442676544189453,2.3557562828063965,2.355964422225952,2.686028480529785,2.9081482887268066,2.9304397106170654,3.1297779083251953,3.1232080459594727,3.051222085952759,3.388424873352051,3.4428272247314453,3.6026573181152344,3.623814105987549,3.5165657997131348,5.169285774230957,5.162399768829346,5.100159645080566,4.9647440910339355,4.963248252868652,5.1416144371032715,5.0319437980651855,5.324086666107178,5.377039432525635,5.533443927764893,5.51243782043457,5.7793169021606445,6.129386901855469,6.322523593902588,6.539185047149658
