,A1,A2,A3,A4,A5,A6,A7,A8,A9,A10,A11,A12,A13,A14,A15,B1,B2,B3,B4,B5,B6,B7,B8,B9,B10,B11,B12,B13,B14,B15,C1,C2,C3,C4,C5,C6,C7,C8,C9,C10,C11,C12,C13,C14,C15,D1,D2,D3,D4,D5,D6,D7,D8,D9,D10,D11,D12,D13,D14,D15,E1,E2,E3,E4,E5,E6,E7,E8,E9,E10,E11,E12,E13,E14,E15
A1,0.0,0.3899247944355011,0.67549729347229,1.007886290550232,1.296347975730896,1.5331593751907349,1.819775938987732,2.062549352645874,2.411602735519409,2.6670942306518555,2.9150352478027344,3.25000262260437,3.5188729763031006,3.8440325260162354,3.9844207763671875,4.477057456970215,4.284496784210205,4.335577487945557,4.024866104125977,4.1441569328308105,3.8239641189575195,3.994196653366089,3.7769672870635986,4.009493350982666,3.908412218093872,4.137102127075195,4.395181179046631,4.392580986022949,4.681597709655762,4.546229362487793,5.892765998840332,5.753297805786133,5.961266994476318,5.702949047088623,5.898191928863525,5.646787643432617,5.855677127838135,5.6896491050720215,5.906524181365967,5.940149784088135,5.7634687423706055,5.946753025054932,5.7740092277526855,5.943694114685059,5.705836772918701,6.821557998657227,6.8876471519470215,7.171539306640625,7.117356777191162,7.425948143005371,7.352500915527344,7.67532205581665,7.610202789306641,7.8498053550720215,7.8210320472717285,7.644958019256592,7.689572334289551,7.4352288246154785,7.479331970214844,7.161688804626465,7.371572017669678,7.678232192993164,7.603837966918945,7.87405252456665,7.825125217437744,8.16225528717041,8.228531837463379,8.368392944335938,8.538644790649414,8.628143310546875,8.914258003234863,9.13269329071045,9.503097534179688,9.743666648864746,10.117067337036133
A2,0.3899247944355011,0.0,0.3441592752933502,0.6298232674598694,0.9525326490402222,1.1549540758132935,1.4612095355987549,1.6904503107070923,2.03281569480896,2.297314167022705,2.534425735473633,2.872837781906128,3.150207042694092,3.4762494564056396,3.6294634342193604,4.229913711547852,4.038076877593994,4.078928470611572,3.761898994445801,3.8676598072052,3.5369131565093994,3.691840410232544,3.4559268951416016,3.672794818878174,3.555171489715576,3.7746102809906006,4.024303913116455,4.0155415534973145,4.3058600425720215,4.175259590148926,5.618596076965332,5.482726097106934,5.685902118682861,5.427436828613281,5.618754863739014,5.3589911460876465,5.562620162963867,5.382073879241943,5.592029094696045,5.6108856201171875,5.4275431632995605,5.599557876586914,5.418342113494873,5.583180904388428,5.346893787384033,6.535583972930908,6.604809284210205,6.885351657867432,6.829259872436523,7.134912967681885,7.0551557540893555,7.375670909881592,7.303091049194336,7.533372402191162,7.493537425994873,7.312803268432617,7.347570896148682,7.087032318115234,7.125491142272949,6.808722972869873,7.083928108215332,7.395493984222412,7.331802845001221,7.604828834533691,7.559919834136963,7.900132179260254,7.9603753089904785,8.11082649230957,8.274094581604004,8.37169361114502,8.654289245605469,8.866403579711914,9.235657691955566,9.468994140625,9.843975067138672
A3,0.67549729347229,0.3441592752933502,0.0,0.3754696249961853,0.629776656627655,0.8736807703971863,1.1455905437469482,1.4046919345855713,1.7519240379333496,2.011993885040283,2.271005392074585,2.604836940765381,2.8712286949157715,3.185697078704834,3.3279881477355957,3.899850368499756,3.715841054916382,3.765465259552002,3.4544010162353516,3.5709009170532227,3.2444489002227783,3.411287784576416,3.1754956245422363,3.3988165855407715,3.284351110458374,3.514774799346924,3.761509418487549,3.7430613040924072,4.021255016326904,3.876262903213501,5.28281831741333,5.152453422546387,5.36110782623291,5.108839988708496,5.307804107666016,5.0534281730651855,5.266082286834717,5.087460517883301,5.306719779968262,5.323318004608154,5.150946617126465,5.323434829711914,5.137912750244141,5.293993949890137,5.048130512237549,6.1956963539123535,6.268332004547119,6.551937580108643,6.501060485839844,6.810023307800293,6.736016750335693,7.0602922439575195,6.993839740753174,7.226449966430664,7.189152240753174,7.015674114227295,7.052392482757568,6.791468620300293,6.825296401977539,6.503603458404541,6.740894317626953,7.052947521209717,6.9904327392578125,7.2654218673706055,7.223881244659424,7.566036701202393,7.629657745361328,7.783538341522217,7.9498701095581055,8.052595138549805,8.337822914123535,8.552146911621094,8.921127319335938,9.155129432678223,9.52877426147461
A4,1.007886290550232,0.6298232674598694,0.3754696249961853,0.0,0.3849554657936096,0.5356951951980591,0.8626736998558044,1.1000219583511353,1.4237490892410278,1.7112101316452026,1.9443268775939941,2.2867343425750732,2.5717053413391113,2.8848044872283936,3.0513322353363037,3.729745388031006,3.5400333404541016,3.567713737487793,3.2463057041168213,3.337082862854004,2.996938705444336,3.1370887756347656,2.8799169063568115,3.0815420150756836,2.948637008666992,3.1657135486602783,3.407086133956909,3.390040397644043,3.6767868995666504,3.546178102493286,5.076251029968262,4.944397449493408,5.141023635864258,4.884061336517334,5.071816444396973,4.804523944854736,5.004780292510986,4.808967113494873,5.015071392059326,5.017280101776123,4.832818984985352,4.9941205978393555,4.8033318519592285,4.960416316986084,4.722104072570801,5.978654861450195,6.049592018127441,6.324940204620361,6.26642370223999,6.568441390991211,6.482614994049072,6.8010125160217285,6.722180366516113,6.943237781524658,6.893226623535156,6.710785865783691,6.737174987792969,6.471189975738525,6.503556728363037,6.186234951019287,6.528501987457275,6.843720436096191,6.79121732711792,7.06549596786499,7.023992538452148,7.366838455200195,7.419105052947998,7.582065105438232,7.7367424964904785,7.844539165496826,8.122961044311523,8.327836990356445,8.695244789123535,8.920207023620605,9.29629135131836
A5,1.296347975730896,0.9525326490402222,0.629776656627655,0.3849554657936096,0.0,0.3874618113040924,0.5792641043663025,0.8996154069900513,1.2101455926895142,1.492875576019287,1.7600185871124268,2.0904018878936768,2.3551523685455322,2.6418445110321045,2.7898123264312744,3.347400188446045,3.1633119583129883,3.2014589309692383,2.887909173965454,2.9954657554626465,2.6643619537353516,2.8264424800872803,2.5785868167877197,2.7978899478912354,2.6810173988342285,2.920652389526367,3.16477632522583,3.1419880390167236,3.412147283554077,3.2618720531463623,4.697541236877441,4.567902088165283,4.770513534545898,4.519068241119385,4.716064453125,4.457450866699219,4.670226573944092,4.4827985763549805,4.703559398651123,4.710548400878906,4.543742656707764,4.712551116943359,4.522297382354736,4.672497272491455,4.4222025871276855,5.603412628173828,5.674195766448975,5.952572345733643,5.8983941078186035,6.204468250274658,6.126303672790527,6.449509620666504,6.380148410797119,6.608112812042236,6.566461086273193,6.394576072692871,6.428973197937012,6.166543006896973,6.19795036315918,5.87492036819458,6.156147480010986,6.468809604644775,6.412264823913574,6.685825347900391,6.644245147705078,6.987426280975342,7.0434184074401855,7.2060465812683105,7.365139484405518,7.475121974945068,7.757049083709717,7.966010570526123,8.333633422851562,8.561686515808105,8.936057090759277
A6,1.5331593751907349,1.1549540758132935,0.8736807703971863,0.5356951951980591,0.3874618113040924,0.0,0.38130122423171997,0.5802326202392578,0.8895264267921448,1.186387062072754,1.4205381870269775,1.7614225149154663,2.047222137451172,2.3537685871124268,2.529141902923584,3.388733148574829,3.216423749923706,3.2413883209228516,2.926182746887207,3.006962537765503,2.6634597778320312,2.7874600887298584,2.5020971298217773,2.676464319229126,2.5143115520477295,2.7206337451934814,2.9375874996185303,2.8934857845306396,3.1672146320343018,3.027229070663452,4.672389030456543,4.55560302734375,4.752148151397705,4.50554895401001,4.695760726928711,4.425383567810059,4.626452922821045,4.412662506103516,4.616461277008057,4.592830657958984,4.409629821777344,4.551174640655518,4.341204643249512,4.478804588317871,4.232492923736572,5.545130729675293,5.626775741577148,5.901589393615723,5.848694801330566,6.150068759918213,6.063458442687988,6.382102966308594,6.300323009490967,6.5099873542785645,6.446556568145752,6.265353202819824,6.278199195861816,6.002029895782471,6.01918888092041,5.697821617126465,6.081309795379639,6.404044151306152,6.368651390075684,6.649753570556641,6.61968994140625,6.968102931976318,7.01835823059082,7.198168754577637,7.348280906677246,7.471827030181885,7.748368740081787,7.947716236114502,8.312315940856934,8.52877140045166,8.904265403747559
A7,1.819775938987732,1.4612095355987549,1.1455905437469482,0.8626736998558044,0.5792641043663025,0.38130122423171997,0.0,0.3690941333770752,0.6716670989990234,0.9223411083221436,1.2161787748336792,1.5308810472488403,1.78073251247406,2.06598162651062,2.2125442028045654,3.071378707885742,2.9225051403045654,2.970595359802246,2.674631357192993,2.7790541648864746,2.451390504837036,2.5975255966186523,2.3153529167175293,2.4955241680145264,2.336730480194092,2.557486057281494,2.7585792541503906,2.6870570182800293,2.9301841259002686,2.7568376064300537,4.337502956390381,4.235869884490967,4.446193695068359,4.215086936950684,4.42191219329834,4.164707660675049,4.383526802062988,4.1744537353515625,4.395110130310059,4.365478992462158,4.2035040855407715,4.342432498931885,4.1223015785217285,4.239025592803955,3.9732048511505127,5.197604179382324,5.289723873138428,5.573023319244385,5.533419132232666,5.842402935028076,5.768968105316162,6.0952606201171875,6.026268482208252,6.239921569824219,6.180653095245361,6.013438701629639,6.028252124786377,5.750237941741943,5.755903244018555,5.424696445465088,5.720806121826172,6.046319007873535,6.014541149139404,6.301873207092285,6.2810797691345215,6.633979797363281,6.693866729736328,6.879804611206055,7.038051128387451,7.171230792999268,7.453616619110107,7.65828275680542,8.022099494934082,8.240677833557129,8.612956047058105
A8,2.062549352645874,1.6904503107070923,1.4046919345855713,1.1000219583511353,0.8996154069900513,0.5802326202392578,0.3690941333770752,0.0,0.3797670304775238,0.6114726066589355,0.8830190300941467,1.2061116695404053,1.4739116430282593,1.7877802848815918,1.9597759246826172,3.1703755855560303,3.041124105453491,3.081796169281006,2.7938361167907715,2.87548565864563,2.5459859371185303,2.6552140712738037,2.342644691467285,2.4716014862060547,2.2661056518554688,2.4459543228149414,2.6073086261749268,2.502439022064209,2.7391955852508545,2.570159912109375,4.353865623474121,4.270328044891357,4.476933002471924,4.256283760070801,4.458592891693115,4.194835186004639,4.40377140045166,4.170959949493408,4.375702857971191,4.313385009765625,4.13914155960083,4.247098922729492,4.004405975341797,4.101395130157471,3.836946487426758,5.170938968658447,5.277295112609863,5.558459758758545,5.5242743492126465,5.829278469085693,5.7511091232299805,6.073329925537109,5.995028018951416,6.190162181854248,6.109498500823975,5.936093807220459,5.928410053253174,5.636063575744629,5.623363494873047,5.292640686035156,5.6691741943359375,6.005011081695557,5.996001720428467,6.2921462059021,6.2859578132629395,6.644090175628662,6.701354503631592,6.904770851135254,7.056284427642822,7.204336166381836,7.482264041900635,7.678535461425781,8.038375854492188,8.24586009979248,8.61766529083252
A9,2.411602735519409,2.03281569480896,1.7519240379333496,1.4237490892410278,1.2101455926895142,0.8895264267921448,0.6716670989990234,0.3797670304775238,0.0,0.3679497539997101,0.5585103034973145,0.8889280557632446,1.1832243204116821,1.4784778356552124,1.688158392906189,3.0318071842193604,2.9057323932647705,2.922194480895996,2.637788772583008,2.68791127204895,2.3589982986450195,2.4311347007751465,2.0983455181121826,2.186075448989868,1.95249342918396,2.108829975128174,2.2485108375549316,2.1310157775878906,2.3684072494506836,2.210340976715088,4.137761116027832,4.056598663330078,4.248239040374756,4.028396129608154,4.217924118041992,3.9448907375335693,4.140170097351074,3.8893682956695557,4.079770088195801,3.9972760677337646,3.8149573802948,3.9061057567596436,3.6538705825805664,3.7449240684509277,3.485567569732666,4.931152820587158,5.0360307693481445,5.306586742401123,5.265899658203125,5.562155246734619,5.473201751708984,5.788371562957764,5.698818206787109,5.88065767288208,5.786580562591553,5.606523513793945,5.587343692779541,5.289349555969238,5.272359371185303,4.945204734802246,5.4301981925964355,5.767625331878662,5.770279884338379,6.064192295074463,6.059015274047852,6.416247844696045,6.46175479888916,6.674928665161133,6.81399393081665,6.968287467956543,7.238400936126709,7.4244866371154785,7.781114101409912,7.978604793548584,8.351319313049316
A10,2.6670942306518555,2.297314167022705,2.011993885040283,1.7112101316452026,1.492875576019287,1.186387062072754,0.9223411083221436,0.6114726066589355,0.3679497539997101,0.0,0.3786467909812927,0.6247407793998718,0.8643360137939453,1.1793937683105469,1.3636146783828735,2.9995927810668945,2.9159913063049316,2.9604339599609375,2.7091615200042725,2.7767388820648193,2.474396228790283,2.5518205165863037,2.2222342491149902,2.2856533527374268,2.0376434326171875,2.1726889610290527,2.2594950199127197,2.084761142730713,2.2711901664733887,2.074627161026001,4.032523155212402,3.983069896697998,4.190587043762207,3.9980082511901855,4.203978061676025,3.946873664855957,4.155077934265137,3.901050329208374,4.098565578460693,3.9924540519714355,3.8269824981689453,3.894493579864502,3.6189732551574707,3.670973539352417,3.392409086227417,4.778421401977539,4.907106876373291,5.188048839569092,5.169264316558838,5.472174167633057,5.398319721221924,5.719130039215088,5.64037561416626,5.815688610076904,5.714261531829834,5.546988487243652,5.515669822692871,5.207462787628174,5.164222717285156,4.827334403991699,5.237624645233154,5.58500337600708,5.605801105499268,5.9136223793029785,5.9301300048828125,6.295073986053467,6.35377836227417,6.581832408905029,6.728946685791016,6.901159286499023,7.176015377044678,7.36469030380249,7.717549800872803,7.91228723526001,8.27987289428711
A11,2.9150352478027344,2.534425735473633,2.271005392074585,1.9443268775939941,1.7600185871124268,1.4205381870269775,1.2161787748336792,0.8830190300941467,0.5585103034973145,0.3786467909812927,0.0,0.3540976643562317,0.6977676153182983,1.0207504034042358,1.2860324382781982,3.14510178565979,3.0576183795928955,3.0674092769622803,2.8142943382263184,2.835810661315918,2.530137538909912,2.551187515258789,2.199984073638916,2.2011654376983643,1.911088466644287,1.9880568981170654,2.036686420440674,1.8476550579071045,2.0467641353607178,1.8904134035110474,4.084465980529785,4.035581588745117,4.219408988952637,4.024424076080322,4.206711769104004,3.934091329574585,4.1148576736450195,3.835211992263794,4.002084255218506,3.867995262145996,3.678729772567749,3.717090606689453,3.4296393394470215,3.4779903888702393,3.2191457748413086,4.794278144836426,4.920535564422607,5.184969902038574,5.15543794631958,5.443271636962891,5.351188659667969,5.658369541168213,5.559141635894775,5.711963176727295,5.587450981140137,5.404233932495117,5.351415157318115,5.033696174621582,4.984657287597656,4.65844202041626,5.248149394989014,5.597474098205566,5.635191917419434,5.9395647048950195,5.957462787628174,6.319589614868164,6.361825942993164,6.600679397583008,6.729706287384033,6.90713357925415,7.16963005065918,7.342950820922852,7.6909966468811035,7.871185779571533,8.24025821685791
A12,3.25000262260437,2.872837781906128,2.604836940765381,2.2867343425750732,2.0904018878936768,1.7614225149154663,1.5308810472488403,1.2061116695404053,0.8889280557632446,0.6247407793998718,0.3540976643562317,0.0,0.36498403549194336,0.6899740695953369,0.9773722887039185,3.1209523677825928,3.066293716430664,3.0838358402252197,2.8615376949310303,2.880441904067993,2.6025466918945312,2.610447883605957,2.2657840251922607,2.2293946743011475,1.927581548690796,1.9694585800170898,1.9564650058746338,1.7132086753845215,1.8573644161224365,1.6787887811660767,3.9510161876678467,3.927572011947632,4.112997531890869,3.9410321712493896,4.126620769500732,3.8646273612976074,4.04576301574707,3.75821852684021,3.9209365844726562,3.7596848011016846,3.58172607421875,3.591602087020874,3.2833995819091797,3.2952301502227783,3.0267062187194824,4.604879379272461,4.747342586517334,5.011965751647949,4.995663166046143,5.281991958618164,5.196229934692383,5.50216817855835,5.405865669250488,5.546053409576416,5.409558296203613,5.233642101287842,5.165586948394775,4.83840799331665,4.766397953033447,4.436082363128662,5.025664806365967,5.381402969360352,5.438798904418945,5.750664234161377,5.7850470542907715,6.150532245635986,6.19631290435791,6.449875354766846,6.578035831451416,6.770886421203613,7.031977653503418,7.201598167419434,7.544144153594971,7.716921329498291,8.081625938415527
A13,3.5188729763031006,3.150207042694092,2.8712286949157715,2.5717053413391113,2.3551523685455322,2.047222137451172,1.78073251247406,1.4739116430282593,1.1832243204116821,0.8643360137939453,0.6977676153182983,0.36498403549194336,0.0,0.38399654626846313,0.6328397989273071,3.051143169403076,3.038604497909546,3.0825064182281494,2.8985917568206787,2.9366836547851562,2.6936333179473877,2.7138850688934326,2.3899075984954834,2.3441147804260254,2.0550711154937744,2.0888702869415283,2.030081033706665,1.740018606185913,1.8058078289031982,1.577258586883545,3.790644407272339,3.7990684509277344,3.9986958503723145,3.856961965560913,4.0584187507629395,3.818525791168213,4.013742446899414,3.7317121028900146,3.9049110412597656,3.7272844314575195,3.5764541625976562,3.5683937072753906,3.2441775798797607,3.2135231494903564,2.9236884117126465,4.39163875579834,4.556057929992676,4.829707622528076,4.836001396179199,5.1282124519348145,5.060398578643799,5.3716230392456055,5.290180683135986,5.426828861236572,5.288505554199219,5.130580902099609,5.055819988250732,4.723189830780029,4.626183032989502,4.285745620727539,4.772073745727539,5.134912014007568,5.208089828491211,5.53125,5.585710525512695,5.95661735534668,6.015804767608643,6.28146505355835,6.418215274810791,6.626954555511475,6.892667293548584,7.065816879272461,7.403914928436279,7.575296878814697,7.93359899520874
A14,3.8440325260162354,3.4762494564056396,3.185697078704834,2.8848044872283936,2.6418445110321045,2.3537685871124268,2.06598162651062,1.7877802848815918,1.4784778356552124,1.1793937683105469,1.0207504034042358,0.6899740695953369,0.38399654626846313,0.0,0.3604643642902374,2.883975028991699,2.897383451461792,2.9382693767547607,2.788728713989258,2.8180458545684814,2.611642360687256,2.6183300018310547,2.316314697265625,2.2414722442626953,1.96523916721344,1.9795148372650146,1.8739142417907715,1.5495423078536987,1.5420571565628052,1.2789212465286255,3.501030206680298,3.526292324066162,3.720094919204712,3.597614288330078,3.797422170639038,3.569310188293457,3.763335943222046,3.479937791824341,3.651839017868042,3.456911325454712,3.325570821762085,3.3005757331848145,2.9661624431610107,2.904977798461914,2.603001594543457,4.057507038116455,4.227819919586182,4.496692657470703,4.508906841278076,4.797379016876221,4.733120918273926,5.042267799377441,4.964242458343506,5.0937819480896,4.951171398162842,4.802364349365234,4.722546577453613,4.38744592666626,4.277562141418457,3.9325647354125977,4.424532413482666,4.788185119628906,4.872486591339111,5.195766925811768,5.257022857666016,5.627445220947266,5.684441566467285,5.959173679351807,6.091978549957275,6.309995174407959,6.572704792022705,6.741883754730225,7.075511932373047,7.241406440734863,7.596513271331787
A15,3.9844207763671875,3.6294634342193604,3.3279881477355957,3.0513322353363037,2.7898123264312744,2.529141902923584,2.2125442028045654,1.9597759246826172,1.688158392906189,1.3636146783828735,1.2860324382781982,0.9773722887039185,0.6328397989273071,0.3604643642902374,0.0,2.781363010406494,2.8383920192718506,2.9200375080108643,2.8088064193725586,2.875667095184326,2.7032229900360107,2.7452666759490967,2.4735219478607178,2.42263126373291,2.1804606914520264,2.2186145782470703,2.1088716983795166,1.7771207094192505,1.7075514793395996,1.3925774097442627,3.349346876144409,3.406407356262207,3.6259636878967285,3.5348033905029297,3.7608351707458496,3.56325626373291,3.7830288410186768,3.5209548473358154,3.716968536376953,3.525554656982422,3.4319162368774414,3.408989667892456,3.0733401775360107,2.9794976711273193,2.6521270275115967,3.870997905731201,4.064391136169434,4.35087776184082,4.390994071960449,4.692622184753418,4.655703067779541,4.976217746734619,4.923591136932373,5.062007427215576,4.931539058685303,4.808725833892822,4.735837459564209,4.403753757476807,4.275870323181152,3.9179673194885254,4.200381278991699,4.570103168487549,4.660436630249023,4.996622085571289,5.07654333114624,5.453380107879639,5.5320353507995605,5.811976909637451,5.962366104125977,6.191990852355957,6.465115070343018,6.645434856414795,6.977051734924316,7.149219036102295,7.497239112854004
B1,4.477057456970215,4.229913711547852,3.899850368499756,3.729745388031006,3.347400188446045,3.388733148574829,3.071378707885742,3.1703755855560303,3.0318071842193604,2.9995927810668945,3.14510178565979,3.1209523677825928,3.051143169403076,2.883975028991699,2.781363010406494,0.0,0.3665269613265991,0.6967331171035767,0.9687133431434631,1.2744688987731934,1.489123821258545,1.7797610759735107,1.9402985572814941,2.1620094776153564,2.360743284225464,2.640993118286133,2.7723939418792725,2.7553868293762207,2.700035572052002,2.4566586017608643,1.484326958656311,1.3370909690856934,1.6158608198165894,1.4769991636276245,1.8104456663131714,1.7714736461639404,2.146976947784424,2.174377918243408,2.5592644214630127,2.6703662872314453,2.805431842803955,3.0499818325042725,2.9637928009033203,3.0138192176818848,2.7095985412597656,2.4856278896331787,2.493643283843994,2.7820968627929688,2.7612340450286865,3.1021645069122314,3.1262521743774414,3.4912514686584473,3.5543413162231445,3.8714962005615234,3.962938070297241,3.942308187484741,4.099196910858154,3.93599271774292,3.9855573177337646,3.6485071182250977,3.140159845352173,3.373384952545166,3.226145029067993,3.448610782623291,3.36479115486145,3.6916942596435547,3.7713563442230225,3.9084577560424805,4.108816146850586,4.2257304191589355,4.540460109710693,4.792365550994873,5.158417224884033,5.421363353729248,5.77334451675415
B2,4.284496784210205,4.038076877593994,3.715841054916382,3.5400333404541016,3.1633119583129883,3.216423749923706,2.9225051403045654,3.041124105453491,2.9057323932647705,2.9159913063049316,3.0576183795928955,3.066293716430664,3.038604497909546,2.897383451461792,2.8383920192718506,0.3665269613265991,0.0,0.3824557662010193,0.6262702941894531,0.9574024677276611,1.174494981765747,1.4876142740249634,1.6744012832641602,1.9297194480895996,2.157043218612671,2.4577386379241943,2.630187749862671,2.6549994945526123,2.6476545333862305,2.4375762939453125,1.7284276485443115,1.5213159322738647,1.737152338027954,1.5240107774734497,1.80813729763031,1.7118768692016602,2.062087059020996,2.077051877975464,2.4516594409942627,2.588521718978882,2.6905875205993652,2.9620323181152344,2.894880533218384,2.992347478866577,2.7106926441192627,2.7496273517608643,2.725860357284546,2.9848833084106445,2.9225962162017822,3.2427608966827393,3.2296013832092285,3.5797574520111084,3.612774610519409,3.928105354309082,4.015038967132568,3.965968608856201,4.126981735229492,3.967095375061035,4.044788837432861,3.720219135284424,3.4355452060699463,3.6602423191070557,3.50724720954895,3.7097737789154053,3.600630521774292,3.913048267364502,3.964106321334839,4.086373329162598,4.26396369934082,4.357845783233643,4.658994674682617,4.8991546630859375,5.2687225341796875,5.528168201446533,5.88848876953125
B3,4.335577487945557,4.078928470611572,3.765465259552002,3.567713737487793,3.2014589309692383,3.2413883209228516,2.970595359802246,3.081796169281006,2.922194480895996,2.9604339599609375,3.0674092769622803,3.0838358402252197,3.0825064182281494,2.9382693767547607,2.9200375080108643,0.6967331171035767,0.3824557662010193,0.0,0.3740149438381195,0.6180388927459717,0.9056490659713745,1.1808820962905884,1.4224207401275635,1.6686662435531616,1.9367958307266235,2.2316858768463135,2.421964406967163,2.4936797618865967,2.5090415477752686,2.3487393856048584,1.7990511655807495,1.53873610496521,1.6761447191238403,1.39669668674469,1.618847370147705,1.4640445709228516,1.7823759317398071,1.7836077213287354,2.145355463027954,2.303999900817871,2.388310432434082,2.682123899459839,2.6429271697998047,2.7803308963775635,2.5304412841796875,2.8173372745513916,2.757429361343384,2.977820634841919,2.8695883750915527,3.1630375385284424,3.107285737991333,3.4389922618865967,3.4382152557373047,3.7458574771881104,3.8249542713165283,3.7498764991760254,3.914182186126709,3.7609939575195312,3.8669795989990234,3.5594303607940674,3.5393080711364746,3.7529213428497314,3.6010396480560303,3.780261993408203,3.6461799144744873,3.9435830116271973,3.9566071033477783,4.073592185974121,4.218681335449219,4.296912670135498,4.578874588012695,4.799800395965576,5.170481204986572,5.419094085693359,5.78831148147583
B4,4.024866104125977,3.761898994445801,3.4544010162353516,3.2463057041168213,2.887909173965454,2.926182746887207,2.674631357192993,2.7938361167907715,2.637788772583008,2.7091615200042725,2.8142943382263184,2.8615376949310303,2.8985917568206787,2.788728713989258,2.8088064193725586,0.9687133431434631,0.6262702941894531,0.3740149438381195,0.0,0.3826754689216614,0.5670191049575806,0.8989439010620117,1.1185945272445679,1.4117738008499146,1.678078055381775,1.997910737991333,2.2282159328460693,2.3210408687591553,2.391571521759033,2.249431610107422,2.136624813079834,1.883598804473877,2.003955841064453,1.7041763067245483,1.886639952659607,1.6751949787139893,1.948330044746399,1.8959925174713135,2.224935293197632,2.369194984436035,2.392946720123291,2.687040090560913,2.6354281902313232,2.804022789001465,2.563070297241211,3.142005205154419,3.0899646282196045,3.304619073867798,3.18517804145813,3.4680588245391846,3.387739419937134,3.708280086517334,3.6783254146575928,3.968997001647949,4.024308681488037,3.918530225753784,4.064420700073242,3.8957741260528564,4.006192207336426,3.7017605304718018,3.85659122467041,4.08286714553833,3.945434093475342,4.130417823791504,3.99980092048645,4.297833442687988,4.300827980041504,4.421405792236328,4.553710460662842,4.6281819343566895,4.900386810302734,5.110008239746094,5.480231285095215,5.720600605010986,6.094472885131836
B5,4.1441569328308105,3.8676598072052,3.5709009170532227,3.337082862854004,2.9954657554626465,3.006962537765503,2.7790541648864746,2.87548565864563,2.68791127204895,2.7767388820648193,2.835810661315918,2.880441904067993,2.9366836547851562,2.8180458545684814,2.875667095184326,1.2744688987731934,0.9574024677276611,0.6180388927459717,0.3826754689216614,0.0,0.3765391409397125,0.5828027725219727,0.8818206787109375,1.1410937309265137,1.452370524406433,1.7530468702316284,1.995272159576416,2.13777494430542,2.2289376258850098,2.1453096866607666,2.2340123653411865,1.9583958387374878,2.0123419761657715,1.6772328615188599,1.7889810800552368,1.5186924934387207,1.733396053314209,1.6431225538253784,1.9387272596359253,2.088247060775757,2.0798285007476807,2.387432098388672,2.358823776245117,2.566061496734619,2.3616530895233154,3.2063870429992676,3.1310064792633057,3.3105270862579346,3.1552865505218506,3.409785032272339,3.289205551147461,3.5876545906066895,3.521144390106201,3.794116258621216,3.832260847091675,3.6979753971099854,3.8376667499542236,3.670743942260742,3.803062915802002,3.5168557167053223,3.9381582736968994,4.157725811004639,4.029784679412842,4.19795560836792,4.052975654602051,4.338909149169922,4.308386325836182,4.4310479164123535,4.531384468078613,4.597949981689453,4.849418640136719,5.036914825439453,5.404688358306885,5.6296467781066895,6.010120391845703
B6,3.8239641189575195,3.5369131565093994,3.2444489002227783,2.996938705444336,2.6643619537353516,2.6634597778320312,2.451390504837036,2.5459859371185303,2.3589982986450195,2.474396228790283,2.530137538909912,2.6025466918945312,2.6936333179473877,2.611642360687256,2.7032229900360107,1.489123821258545,1.174494981765747,0.9056490659713745,0.5670191049575806,0.3765391409397125,0.0,0.38891586661338806,0.5858172178268433,0.9182083010673523,1.2005499601364136,1.5321540832519531,1.8131203651428223,1.9608968496322632,2.1083106994628906,2.032353401184082,2.53472638130188,2.2828149795532227,2.3521480560302734,2.0251495838165283,2.134697437286377,1.8445351123809814,2.0324361324310303,1.8928413391113281,2.151641607284546,2.26226544380188,2.1941561698913574,2.4786341190338135,2.4182913303375244,2.6363885402679443,2.430608034133911,3.4947311878204346,3.4414803981781006,3.629870653152466,3.481722354888916,3.7368152141571045,3.6081790924072266,3.903048515319824,3.8195278644561768,4.07407283782959,4.086182117462158,3.930340051651001,4.044083118438721,3.855513572692871,3.9767000675201416,3.6876463890075684,4.205951690673828,4.444029808044434,4.334131717681885,4.518220901489258,4.387935161590576,4.6823577880859375,4.65493631362915,4.788241386413574,4.886758327484131,4.9600348472595215,5.208688735961914,5.390461444854736,5.756838321685791,5.974969387054443,6.357054233551025
B7,3.994196653366089,3.691840410232544,3.411287784576416,3.1370887756347656,2.8264424800872803,2.7874600887298584,2.5975255966186523,2.6552140712738037,2.4311347007751465,2.5518205165863037,2.551187515258789,2.610447883605957,2.7138850688934326,2.6183300018310547,2.7452666759490967,1.7797610759735107,1.4876142740249634,1.1808820962905884,0.8989439010620117,0.5828027725219727,0.38891586661338806,0.0,0.37533098459243774,0.616362452507019,0.953421413898468,1.2502464056015015,1.540754795074463,1.7431719303131104,1.913007140159607,1.90509033203125,2.6461923122406006,2.389378547668457,2.408205032348633,2.068967819213867,2.1194217205047607,1.7874032258987427,1.9089912176132202,1.7173794507980347,1.922007441520691,2.0127580165863037,1.8962371349334717,2.1772994995117188,2.128610134124756,2.381415367126465,2.2148098945617676,3.5571300983428955,3.491042375564575,3.649324893951416,3.475515365600586,3.703664779663086,3.5399866104125977,3.8119254112243652,3.692507266998291,3.9211955070495605,3.9078502655029297,3.7228078842163086,3.8201422691345215,3.627077341079712,3.7616703510284424,3.490663766860962,4.2709808349609375,4.506220817565918,4.412111759185791,4.585198402404785,4.449245929718018,4.734835624694824,4.679378986358643,4.820732116699219,4.890042304992676,4.962521076202393,5.191050052642822,5.350083351135254,5.711366176605225,5.911241054534912,6.2976460456848145
B8,3.7769672870635986,3.4559268951416016,3.1754956245422363,2.8799169063568115,2.5785868167877197,2.5020971298217773,2.3153529167175293,2.342644691467285,2.0983455181121826,2.2222342491149902,2.199984073638916,2.2657840251922607,2.3899075984954834,2.316314697265625,2.4735219478607178,1.9402985572814941,1.6744012832641602,1.4224207401275635,1.1185945272445679,0.8818206787109375,0.5858172178268433,0.37533098459243774,0.0,0.37917354702949524,0.636633574962616,0.9719709753990173,1.2877118587493896,1.4745328426361084,1.6918303966522217,1.6854273080825806,2.836615800857544,2.6132214069366455,2.6567344665527344,2.3379275798797607,2.4058563709259033,2.0713562965393066,2.191000461578369,1.9584087133407593,2.1384775638580322,2.169205904006958,2.0098485946655273,2.242298126220703,2.1409034729003906,2.377779960632324,2.197828769683838,3.721580743789673,3.686096668243408,3.859011650085449,3.7027745246887207,3.9377644062042236,3.7757723331451416,4.050310134887695,3.922502040863037,4.130852222442627,4.088258743286133,3.890984535217285,3.955456495285034,3.734485626220703,3.842564821243286,3.562591314315796,4.403999328613281,4.661367893218994,4.592146396636963,4.787091255187988,4.674612045288086,4.97395133972168,4.927792072296143,5.088818073272705,5.161343574523926,5.251704692840576,5.481679439544678,5.637541770935059,5.996493816375732,6.188624858856201,6.574662685394287
B9,4.009493350982666,3.672794818878174,3.3988165855407715,3.0815420150756836,2.7978899478912354,2.676464319229126,2.4955241680145264,2.4716014862060547,2.186075448989868,2.2856533527374268,2.2011654376983643,2.2293946743011475,2.3441147804260254,2.2414722442626953,2.42263126373291,2.1620094776153564,1.9297194480895996,1.6686662435531616,1.4117738008499146,1.1410937309265137,0.9182083010673523,0.616362452507019,0.37917354702949524,0.0,0.36364132165908813,0.6340375542640686,0.9416133165359497,1.1738877296447754,1.403761625289917,1.4662935733795166,2.886512517929077,2.6778757572174072,2.6917223930358887,2.3834667205810547,2.4175031185150146,2.065213918685913,2.1383779048919678,1.8548520803451538,1.9822746515274048,1.959023118019104,1.7549011707305908,1.9503859281539917,1.829721212387085,2.076430559158325,1.922528862953186,3.7052879333496094,3.6720378398895264,3.8251075744628906,3.6596896648406982,3.875417709350586,3.6915063858032227,3.9490573406219482,3.7947261333465576,3.9726977348327637,3.8982925415039062,3.6798038482666016,3.7165114879608154,3.480637788772583,3.583199977874756,3.313338041305542,4.3712687492370605,4.631850719451904,4.5864105224609375,4.779699325561523,4.674317359924316,4.971172332763672,4.90794038772583,5.085714340209961,5.137431621551514,5.238715648651123,5.453928470611572,5.590968132019043,5.942948818206787,6.116543292999268,6.503463268280029
B10,3.908412218093872,3.555171489715576,3.284351110458374,2.948637008666992,2.6810173988342285,2.5143115520477295,2.336730480194092,2.2661056518554688,1.95249342918396,2.0376434326171875,1.911088466644287,1.927581548690796,2.0550711154937744,1.96523916721344,2.1804606914520264,2.360743284225464,2.157043218612671,1.9367958307266235,1.678078055381775,1.452370524406433,1.2005499601364136,0.953421413898468,0.636633574962616,0.36364132165908813,0.0,0.3587733209133148,0.6860858798027039,0.8917291760444641,1.183457612991333,1.2621591091156006,3.075713872909546,2.8998122215270996,2.9328689575195312,2.6474709510803223,2.696080207824707,2.349950075149536,2.423698902130127,2.1168131828308105,2.22338604927063,2.1452643871307373,1.9147663116455078,2.048809766769409,1.8739184141159058,2.0883712768554688,1.9252740144729614,3.854768991470337,3.8499038219451904,4.013676166534424,3.866154670715332,4.085768699645996,3.9056010246276855,4.163427829742432,4.003631114959717,4.1603312492370605,4.058305740356445,3.832127571105957,3.8354878425598145,3.574232578277588,3.646596908569336,3.3709380626678467,4.483620643615723,4.762728214263916,4.742639541625977,4.954625606536865,4.872300148010254,5.1801042556762695,5.125223636627197,5.321765899658203,5.375694751739502,5.494655609130859,5.710292816162109,5.843580722808838,6.191751003265381,6.356810569763184,6.741851329803467
B11,4.137102127075195,3.7746102809906006,3.514774799346924,3.1657135486602783,2.920652389526367,2.7206337451934814,2.557486057281494,2.4459543228149414,2.108829975128174,2.1726889610290527,1.9880568981170654,1.9694585800170898,2.0888702869415283,1.9795148372650146,2.2186145782470703,2.640993118286133,2.4577386379241943,2.2316858768463135,1.997910737991333,1.7530468702316284,1.5321540832519531,1.2502464056015015,0.9719709753990173,0.6340375542640686,0.3587733209133148,0.0,0.3726362884044647,0.6676520109176636,0.996790885925293,1.177157998085022,3.2240543365478516,3.062678337097168,3.071690797805786,2.7996292114257812,2.8198118209838867,2.4685733318328857,2.501004457473755,2.1629862785339355,2.2143912315368652,2.0847301483154297,1.8134709596633911,1.8903814554214478,1.6925327777862549,1.9063838720321655,1.7817392349243164,3.9358370304107666,3.933762311935425,4.078358173370361,3.924651861190796,4.12408971786499,3.925901174545288,4.164233684539795,3.9806926250457764,4.105174541473389,3.9716079235076904,3.725494623184204,3.69775128364563,3.4227075576782227,3.4862987995147705,3.225921392440796,4.541744709014893,4.822099208831787,4.824082374572754,5.033444881439209,4.958308219909668,5.261733531951904,5.192087173461914,5.401876926422119,5.436761379241943,5.564121246337891,5.764933109283447,5.880118370056152,6.219963073730469,6.366913795471191,6.7510294914245605
B12,4.395181179046631,4.024303913116455,3.761509418487549,3.407086133956909,3.16477632522583,2.9375874996185303,2.7585792541503906,2.6073086261749268,2.2485108375549316,2.2594950199127197,2.036686420440674,1.9564650058746338,2.030081033706665,1.8739142417907715,2.1088716983795166,2.7723939418792725,2.630187749862671,2.421964406967163,2.2282159328460693,1.995272159576416,1.8131203651428223,1.540754795074463,1.2877118587493896,0.9416133165359497,0.6860858798027039,0.3726362884044647,0.0,0.3730623424053192,0.6843706369400024,0.948293924331665,3.2109789848327637,3.0819284915924072,3.086341142654419,2.8456523418426514,2.862623691558838,2.5244362354278564,2.545562982559204,2.1872026920318604,2.213329792022705,2.0216665267944336,1.7485404014587402,1.75205659866333,1.5008102655410767,1.6652840375900269,1.5429459810256958,3.8431739807128906,3.8586931228637695,3.997070789337158,3.854889154434204,4.046263217926025,3.84761381149292,4.078453063964844,3.8881781101226807,3.9857401847839355,3.8238606452941895,3.575573444366455,3.5151543617248535,3.2187156677246094,3.2518556118011475,2.990020751953125,4.409975051879883,4.6976141929626465,4.727145195007324,4.94367790222168,4.887894630432129,5.194162368774414,5.123335361480713,5.353695392608643,5.381687641143799,5.5287699699401855,5.723726272583008,5.829200744628906,6.1609697341918945,6.294053554534912,6.673967361450195
B13,4.392580986022949,4.0155415534973145,3.7430613040924072,3.390040397644043,3.1419880390167236,2.8934857845306396,2.6870570182800293,2.502439022064209,2.1310157775878906,2.084761142730713,1.8476550579071045,1.7132086753845215,1.740018606185913,1.5495423078536987,1.7771207094192505,2.7553868293762207,2.6549994945526123,2.4936797618865967,2.3210408687591553,2.13777494430542,1.9608968496322632,1.7431719303131104,1.4745328426361084,1.1738877296447754,0.8917291760444641,0.6676520109176636,0.3730623424053192,0.0,0.3964483141899109,0.6356574892997742,3.164592981338501,3.075829267501831,3.1138367652893066,2.9066035747528076,2.9601399898529053,2.6464619636535645,2.702688455581665,2.3494222164154053,2.4029059410095215,2.1833603382110596,1.948681354522705,1.9147707223892212,1.6135213375091553,1.6917647123336792,1.513135313987732,3.756420373916626,3.8071858882904053,3.9679811000823975,3.858381986618042,4.066822052001953,3.8929550647735596,4.138401508331299,3.967398166656494,4.061239242553711,3.8908891677856445,3.6623830795288086,3.584211587905884,3.267942190170288,3.2566072940826416,2.9717166423797607,4.278542995452881,4.584670543670654,4.635881423950195,4.875415325164795,4.848084449768066,5.169009208679199,5.120138168334961,5.368959426879883,5.413400650024414,5.583073616027832,5.7891387939453125,5.903017997741699,6.232862949371338,6.36678409576416,6.741305351257324
B14,4.681597709655762,4.3058600425720215,4.021255016326904,3.6767868995666504,3.412147283554077,3.1672146320343018,2.9301841259002686,2.7391955852508545,2.3684072494506836,2.2711901664733887,2.0467641353607178,1.8573644161224365,1.8058078289031982,1.5420571565628052,1.7075514793395996,2.700035572052002,2.6476545333862305,2.5090415477752686,2.391571521759033,2.2289376258850098,2.1083106994628906,1.913007140159607,1.6918303966522217,1.403761625289917,1.183457612991333,0.996790885925293,0.6843706369400024,0.3964483141899109,0.0,0.38618651032447815,2.9453353881835938,2.8919317722320557,2.9324257373809814,2.7645134925842285,2.8273262977600098,2.542179822921753,2.607820510864258,2.2576067447662354,2.3173036575317383,2.060669422149658,1.8721314668655396,1.7950993776321411,1.4556779861450195,1.447814702987671,1.2254726886749268,3.460893392562866,3.529723882675171,3.6908693313598633,3.6002228260040283,3.8093183040618896,3.6489851474761963,3.8971610069274902,3.737631320953369,3.8212015628814697,3.641615629196167,3.4317970275878906,3.3399579524993896,3.010899543762207,2.965754508972168,2.66408371925354,3.9477946758270264,4.25868034362793,4.329988479614258,4.576597213745117,4.5678839683532715,4.892521381378174,4.850225448608398,5.115832805633545,5.162802696228027,5.351872444152832,5.559268474578857,5.67262601852417,5.996626377105713,6.125300884246826,6.493869304656982
