0.000000000000000000e+00,3.749431073665618896e-01,5.882601737976074219e-01,9.179717898368835449e-01,1.177155971527099609e+00,1.497567772865295410e+00,1.834634661674499512e+00,2.065055608749389648e+00,2.358221530914306641e+00,2.542820215225219727e+00,2.832425117492675781e+00,2.917804956436157227e+00,3.239213228225708008e+00,3.548093318939208984e+00,3.742572307586669922e+00,4.594634532928466797e+00,4.701194763183593750e+00,4.843625068664550781e+00,5.210257530212402344e+00,5.349232196807861328e+00,5.605429649353027344e+00,5.949662685394287109e+00,6.257308483123779297e+00,6.491807937622070312e+00,6.638226032257080078e+00,6.913578987121582031e+00,7.004610061645507812e+00,6.957859516143798828e+00,6.797952651977539062e+00,6.578411579132080078e+00,5.088397979736328125e+00,4.919146537780761719e+00,4.869687557220458984e+00,4.560044288635253906e+00,4.308128356933593750e+00,4.222034454345703125e+00,3.866536140441894531e+00,3.514014720916748047e+00,3.413118600845336914e+00,3.043801546096801758e+00,2.961570024490356445e+00,2.604289770126342773e+00,2.397826671600341797e+00,2.430207729339599609e+00,2.592281818389892578e+00,3.396816492080688477e+00,3.387948513031005859e+00,3.161260843276977539e+00,3.090452432632446289e+00,2.797040939331054688e+00,2.719051837921142578e+00,2.414841651916503906e+00,2.170537710189819336e+00,2.199949264526367188e+00,2.107861518859863281e+00,2.212880611419677734e+00,2.143737316131591797e+00,2.030679464340209961e+00,2.152254104614257812e+00,2.033266067504882812e+00,9.594808816909790039e-01,1.299873232841491699e+00,1.664763450622558594e+00,1.943633794784545898e+00,2.239275932312011719e+00,2.473055124282836914e+00,2.782045364379882812e+00,3.026862859725952148e+00,3.281388282775878906e+00,3.595006465911865234e+00,3.751151800155639648e+00,4.072057247161865234e+00,4.256354331970214844e+00,4.410858631134033203e+00,4.471707820892333984e+00
3.749431073665618896e-01,0.000000000000000000e+00,3.890488743782043457e-01,6.005432009696960449e-01,9.220619797706604004e-01,1.252958416938781738e+00,1.567167878150939941e+00,1.831014871597290039e+00,2.106764316558837891e+00,2.331705093383789062e+00,2.605790853500366211e+00,2.727539777755737305e+00,3.052746772766113281e+00,3.343271732330322266e+00,3.511196374893188477e+00,4.284653663635253906e+00,4.405406475067138672e+00,4.536763668060302734e+00,4.905918598175048828e+00,5.044611930847167969e+00,5.289740085601806641e+00,5.636748313903808594e+00,5.948717117309570312e+00,6.173531055450439453e+00,6.312892913818359375e+00,6.591494083404541016e+00,6.678121566772460938e+00,6.628388404846191406e+00,6.462819099426269531e+00,6.247897624969482422e+00,4.742321968078613281e+00,4.581222057342529297e+00,4.545388698577880859e+00,4.241027832031250000e+00,4.001105785369873047e+00,3.934798240661621094e+00,3.588199853897094727e+00,3.237369060516357422e+00,3.164937973022460938e+00,2.792943954467773438e+00,2.746232032775878906e+00,2.397177219390869141e+00,2.213864088058471680e+00,2.300477266311645508e+00,2.470406770706176758e+00,3.499302864074707031e+00,3.469882726669311523e+00,3.232796192169189453e+00,3.191035270690917969e+00,2.891087293624877930e+00,2.850867033004760742e+00,2.565060615539550781e+00,2.360603570938110352e+00,2.435628414154052734e+00,2.372766971588134766e+00,2.512435197830200195e+00,2.472306489944458008e+00,2.378597021102905273e+00,2.502570867538452148e+00,2.385801315307617188e+00,6.973780989646911621e-01,9.901150465011596680e-01,1.357112050056457520e+00,1.634315490722656250e+00,1.948749303817749023e+00,2.190845251083374023e+00,2.508100748062133789e+00,2.762645483016967773e+00,3.038199186325073242e+00,3.352025985717773438e+00,3.533261537551879883e+00,3.864057540893554688e+00,4.070727825164794922e+00,4.238309383392333984e+00,4.328582763671875000e+00
5.882601737976074219e-01,3.890488743782043457e-01,0.000000000000000000e+00,3.884411156177520752e-01,5.894925594329833984e-01,9.231411218643188477e-01,1.270725965499877930e+00,1.527922272682189941e+00,1.835404276847839355e+00,2.040745258331298828e+00,2.342490434646606445e+00,2.470872879028320312e+00,2.780121088027954102e+00,3.065198659896850586e+00,3.249557495117187500e+00,4.145478248596191406e+00,4.279142856597900391e+00,4.435414791107177734e+00,4.798193931579589844e+00,4.962863922119140625e+00,5.204176425933837891e+00,5.558985710144042969e+00,5.860770225524902344e+00,6.084308624267578125e+00,6.208656787872314453e+00,6.471800804138183594e+00,6.543645381927490234e+00,6.478576660156250000e+00,6.305714130401611328e+00,6.073827266693115234e+00,4.750884532928466797e+00,4.614965915679931641e+00,4.598675251007080078e+00,4.315988063812255859e+00,4.091316223144531250e+00,4.041502475738525391e+00,3.709918737411499023e+00,3.355225801467895508e+00,3.296260595321655273e+00,2.932471275329589844e+00,2.918796062469482422e+00,2.573841571807861328e+00,2.370873928070068359e+00,2.467303276062011719e+00,2.589642524719238281e+00,3.744372367858886719e+00,3.740368366241455078e+00,3.524259328842163086e+00,3.501706600189208984e+00,3.217945575714111328e+00,3.187183380126953125e+00,2.908053159713745117e+00,2.692435026168823242e+00,2.739673614501953125e+00,2.676761865615844727e+00,2.785383701324462891e+00,2.707128047943115234e+00,2.568968057632446289e+00,2.649122238159179688e+00,2.482678651809692383e+00,6.888513565063476562e-01,9.451176524162292480e-01,1.310375809669494629e+00,1.513855338096618652e+00,1.851547598838806152e+00,2.036179542541503906e+00,2.382347822189331055e+00,2.595156669616699219e+00,2.883417129516601562e+00,3.167254209518432617e+00,3.325398445129394531e+00,3.669142961502075195e+00,3.860482931137084961e+00,4.002735614776611328e+00,4.093725204467773438e+00
9.179717898368835449e-01,6.005432009696960449e-01,3.884411156177520752e-01,0.000000000000000000e+00,3.775082826614379883e-01,6.913931965827941895e-01,9.870884418487548828e-01,1.285961866378784180e+00,1.562824368476867676e+00,1.817875504493713379e+00,2.094359397888183594e+00,2.264292716979980469e+00,2.575554132461547852e+00,2.837641716003417969e+00,2.989671945571899414e+00,3.798632621765136719e+00,3.945914506912231445e+00,4.092350006103515625e+00,4.456638813018798828e+00,4.622014999389648438e+00,4.852772235870361328e+00,5.210033893585205078e+00,5.514840602874755859e+00,5.729654788970947266e+00,5.847494602203369141e+00,6.113008975982666016e+00,6.181263446807861328e+00,6.114196777343750000e+00,5.937360286712646484e+00,5.709951877593994141e+00,4.385311126708984375e+00,4.260025978088378906e+00,4.257826328277587891e+00,3.984972715377807617e+00,3.774526596069335938e+00,3.745436668395996094e+00,3.427742958068847656e+00,3.077360868453979492e+00,3.048479080200195312e+00,2.689710378646850586e+00,2.717653989791870117e+00,2.389621496200561523e+00,2.210900545120239258e+00,2.359539747238159180e+00,2.478746652603149414e+00,3.842724561691284180e+00,3.822606325149536133e+00,3.602541446685791016e+00,3.610303640365600586e+00,3.327333688735961914e+00,3.333268880844116211e+00,3.075855016708374023e+00,2.895883083343505859e+00,2.978594303131103516e+00,2.944668292999267578e+00,3.081765174865722656e+00,3.028603792190551758e+00,2.907920598983764648e+00,2.990690231323242188e+00,2.830748558044433594e+00,5.578858256340026855e-01,6.646612882614135742e-01,1.005723357200622559e+00,1.181346178054809570e+00,1.541056275367736816e+00,1.725796461105346680e+00,2.080683708190917969e+00,2.299993753433227539e+00,2.610119104385375977e+00,2.891645193099975586e+00,3.076786994934082031e+00,3.428931951522827148e+00,3.644032716751098633e+00,3.801154136657714844e+00,3.923820972442626953e+00
1.177155971527099609e+00,9.220619797706604004e-01,5.894925594329833984e-01,3.775082826614379883e-01,0.000000000000000000e+00,3.725749850273132324e-01,7.244535088539123535e-01,1.024332046508789062e+00,1.341715693473815918e+00,1.574463129043579102e+00,1.882725358009338379e+00,2.067005634307861328e+00,2.353093624114990234e+00,2.602008819580078125e+00,2.769608020782470703e+00,3.708549499511718750e+00,3.871520042419433594e+00,4.042925357818603516e+00,4.397752285003662109e+00,4.590146064758300781e+00,4.813732624053955078e+00,5.177620887756347656e+00,5.470611572265625000e+00,5.681718826293945312e+00,5.781905174255371094e+00,6.030271053314208984e+00,6.081448078155517578e+00,5.997087955474853516e+00,5.811425685882568359e+00,5.566344738006591797e+00,4.442598819732666016e+00,4.345039844512939453e+00,4.364157199859619141e+00,4.115655422210693359e+00,3.923684597015380859e+00,3.912342548370361328e+00,3.613434553146362305e+00,3.265511512756347656e+00,3.250828027725219727e+00,2.906210660934448242e+00,2.962358713150024414e+00,2.644747257232666016e+00,2.454322099685668945e+00,2.605577707290649414e+00,2.682551860809326172e+00,4.120777606964111328e+00,4.121380805969238281e+00,3.918076276779174805e+00,3.936836481094360352e+00,3.665573120117187500e+00,3.673567056655883789e+00,3.417579889297485352e+00,3.225389957427978516e+00,3.285205841064453125e+00,3.245849847793579102e+00,3.358020305633544922e+00,3.275338172912597656e+00,3.122047662734985352e+00,3.172813415527343750e+00,2.976783752441406250e+00,8.204021453857421875e-01,8.559765815734863281e-01,1.130428791046142578e+00,1.190923333168029785e+00,1.557693123817443848e+00,1.660976052284240723e+00,2.041009664535522461e+00,2.204305648803710938e+00,2.526779174804687500e+00,2.767551660537719727e+00,2.925872325897216797e+00,3.291091918945312500e+00,3.488721132278442383e+00,3.616140842437744141e+00,3.741799592971801758e+00
1.497567772865295410e+00,1.252958416938781738e+00,9.231411218643188477e-01,6.913931965827941895e-01,3.725749850273132324e-01,0.000000000000000000e+00,3.786157369613647461e-01,6.572458744049072266e-01,9.869960546493530273e-01,1.211124181747436523e+00,1.526048302650451660e+00,1.722440719604492188e+00,1.996286153793334961e+00,2.235934257507324219e+00,2.406310558319091797e+00,3.423110723495483398e+00,3.587608575820922852e+00,3.779798984527587891e+00,4.125849246978759766e+00,4.336245536804199219e+00,4.560271263122558594e+00,4.926252841949462891e+00,5.208021640777587891e+00,5.421943187713623047e+00,5.515623092651367188e+00,5.751139163970947266e+00,5.796623706817626953e+00,5.707111358642578125e+00,5.524201393127441406e+00,5.268902301788330078e+00,4.299791336059570312e+00,4.221549510955810547e+00,4.249416351318359375e+00,4.025121688842773438e+00,3.845358848571777344e+00,3.842091798782348633e+00,3.562603950500488281e+00,3.218270063400268555e+00,3.210835933685302734e+00,2.887281179428100586e+00,2.971858024597167969e+00,2.671059846878051758e+00,2.470384359359741211e+00,2.629042863845825195e+00,2.659510374069213867e+00,4.232749938964843750e+00,4.248879432678222656e+00,4.066061019897460938e+00,4.114823341369628906e+00,3.863207817077636719e+00,3.897013187408447266e+00,3.661526679992675781e+00,3.479468584060668945e+00,3.534900426864624023e+00,3.520422697067260742e+00,3.628008365631103516e+00,3.537873744964599609e+00,3.370104074478149414e+00,3.391734838485717773e+00,3.176487684249877930e+00,9.718276262283325195e-01,9.125105142593383789e-01,1.085039854049682617e+00,1.031912446022033691e+00,1.374741792678833008e+00,1.403627276420593262e+00,1.791597366333007812e+00,1.909726858139038086e+00,2.235066413879394531e+00,2.447846174240112305e+00,2.591116428375244141e+00,2.962155818939208984e+00,3.153353691101074219e+00,3.269695520401000977e+00,3.404397010803222656e+00
1.834634661674499512e+00,1.567167878150939941e+00,1.270725965499877930e+00,9.870884418487548828e-01,7.244535088539123535e-01,3.786157369613647461e-01,0.000000000000000000e+00,3.682635724544525146e-01,6.418953537940979004e-01,9.206987619400024414e-01,1.202399492263793945e+00,1.446046352386474609e+00,1.709949135780334473e+00,1.921180844306945801e+00,2.063071727752685547e+00,3.060071468353271484e+00,3.233020544052124023e+00,3.431761980056762695e+00,3.772660732269287109e+00,3.993732213973999023e+00,4.212008953094482422e+00,4.579831600189208984e+00,4.856309890747070312e+00,5.067349433898925781e+00,5.154606819152832031e+00,5.384382247924804688e+00,5.425975799560546875e+00,5.334004878997802734e+00,5.152080535888671875e+00,4.894387245178222656e+00,4.017375469207763672e+00,3.957550525665283203e+00,3.997760534286499023e+00,3.796778440475463867e+00,3.634341716766357422e+00,3.647290229797363281e+00,3.392000675201416016e+00,3.058173418045043945e+00,3.072068929672241211e+00,2.772648811340332031e+00,2.896007061004638672e+00,2.623466968536376953e+00,2.435957193374633789e+00,2.621246576309204102e+00,2.621853590011596680e+00,4.350061893463134766e+00,4.365037918090820312e+00,4.192433357238769531e+00,4.271276473999023438e+00,4.032526493072509766e+00,4.096897602081298828e+00,3.884086847305297852e+00,3.725321769714355469e+00,3.795621633529663086e+00,3.807148694992065430e+00,3.927193641662597656e+00,3.848098754882812500e+00,3.685509204864501953e+00,3.698666810989379883e+00,3.483397483825683594e+00,1.162332057952880859e+00,9.908665418624877930e-01,1.029161930084228516e+00,8.472338914871215820e-01,1.153120279312133789e+00,1.107866525650024414e+00,1.499360561370849609e+00,1.583647489547729492e+00,1.925048828125000000e+00,2.115067958831787109e+00,2.270009517669677734e+00,2.648462772369384766e+00,2.853840351104736328e+00,2.976613521575927734e+00,3.139920473098754883e+00
2.065055608749389648e+00,1.831014871597290039e+00,1.527922272682189941e+00,1.285961866378784180e+00,1.024332046508789062e+00,6.572458744049072266e-01,3.682635724544525146e-01,0.000000000000000000e+00,3.660680055618286133e-01,5.615362524986267090e-01,8.760908842086791992e-01,1.096940398216247559e+00,1.353257536888122559e+00,1.580130457878112793e+00,1.752451181411743164e+00,2.907500028610229492e+00,3.061625480651855469e+00,3.292311191558837891e+00,3.619519710540771484e+00,3.857193946838378906e+00,4.087447166442871094e+00,4.452310562133789062e+00,4.712076187133789062e+00,4.935953617095947266e+00,5.025473594665527344e+00,5.239175796508789062e+00,5.282026767730712891e+00,5.191530227661132812e+00,5.022399425506591797e+00,4.753393650054931641e+00,4.043360710144042969e+00,3.994017601013183594e+00,4.027790069580078125e+00,3.848079919815063477e+00,3.687277555465698242e+00,3.690243244171142578e+00,3.448697805404663086e+00,3.118513107299804688e+00,3.116659641265869141e+00,2.842154979705810547e+00,2.968472719192504883e+00,2.707701206207275391e+00,2.496061086654663086e+00,2.657853126525878906e+00,2.605254411697387695e+00,4.376573085784912109e+00,4.416322708129882812e+00,4.270883083343505859e+00,4.372016429901123047e+00,4.157876968383789062e+00,4.237765312194824219e+00,4.042532444000244141e+00,3.884430170059204102e+00,3.937655925750732422e+00,3.969520092010498047e+00,4.075573921203613281e+00,3.983039140701293945e+00,3.802878379821777344e+00,3.783653974533081055e+00,3.550816774368286133e+00,1.363740801811218262e+00,1.201799035072326660e+00,1.179954648017883301e+00,9.400473833084106445e-01,1.144653081893920898e+00,1.001460552215576172e+00,1.365935325622558594e+00,1.379637956619262695e+00,1.694009184837341309e+00,1.851775765419006348e+00,1.965702295303344727e+00,2.342978715896606445e+00,2.525579214096069336e+00,2.631016254425048828e+00,2.784870147705078125e+00
2.358221530914306641e+00,2.106764316558837891e+00,1.835404276847839355e+00,1.562824368476867676e+00,1.341715693473815918e+00,9.869960546493530273e-01,6.418953537940979004e-01,3.660680055618286133e-01,0.000000000000000000e+00,3.793075382709503174e-01,5.674293041229248047e-01,8.561272025108337402e-01,1.108046054840087891e+00,1.303630232810974121e+00,1.432859897613525391e+00,2.548666000366210938e+00,2.700475215911865234e+00,2.938477516174316406e+00,3.260835409164428711e+00,3.504736423492431641e+00,3.735296010971069336e+00,4.099389076232910156e+00,4.354128360748291016e+00,4.580064296722412109e+00,4.670427799224853516e+00,4.881039142608642578e+00,4.927065372467041016e+00,4.841375350952148438e+00,4.680193901062011719e+00,4.413006782531738281e+00,3.767441987991333008e+00,3.730710506439208984e+00,3.768234729766845703e+00,3.611333370208740234e+00,3.464024305343627930e+00,3.475709199905395508e+00,3.259054183959960938e+00,2.943392038345336914e+00,2.955730915069580078e+00,2.712253808975219727e+00,2.869323492050170898e+00,2.641645669937133789e+00,2.445488929748535156e+00,2.625092029571533203e+00,2.543723821640014648e+00,4.434638023376464844e+00,4.471467971801757812e+00,4.336933612823486328e+00,4.466183185577392578e+00,4.266629219055175781e+00,4.375534057617187500e+00,4.204353332519531250e+00,4.070824623107910156e+00,4.139517784118652344e+00,4.197316646575927734e+00,4.317389488220214844e+00,4.239823341369628906e+00,4.070314884185791016e+00,4.048305511474609375e+00,3.823266983032226562e+00,1.568248867988586426e+00,1.345954298973083496e+00,1.219805598258972168e+00,9.007387757301330566e-01,9.954361319541931152e-01,7.502588629722595215e-01,1.081150174140930176e+00,1.042421460151672363e+00,1.366360902786254883e+00,1.503872752189636230e+00,1.637522697448730469e+00,2.020250797271728516e+00,2.225246667861938477e+00,2.350278854370117188e+00,2.536228179931640625e+00
2.542820215225219727e+00,2.331705093383789062e+00,2.040745258331298828e+00,1.817875504493713379e+00,1.574463129043579102e+00,1.211124181747436523e+00,9.206987619400024414e-01,5.615362524986267090e-01,3.793075382709503174e-01,0.000000000000000000e+00,3.762590289115905762e-01,5.699675083160400391e-01,7.929358482360839844e-01,1.030054688453674316e+00,1.237494111061096191e+00,2.605283737182617188e+00,2.731297731399536133e+00,3.006267786026000977e+00,3.306048870086669922e+00,3.567805290222167969e+00,3.809308290481567383e+00,4.166343688964843750e+00,4.398559570312500000e+00,4.637097358703613281e+00,4.727139472961425781e+00,4.915633678436279297e+00,4.959486484527587891e+00,4.872050285339355469e+00,4.723314285278320312e+00,4.441365718841552734e+00,3.994810104370117188e+00,3.966976165771484375e+00,3.996752500534057617e+00,3.857181549072265625e+00,3.709101200103759766e+00,3.706673145294189453e+00,3.498427629470825195e+00,3.186423063278198242e+00,3.175373077392578125e+00,2.950484991073608398e+00,3.093424558639526367e+00,2.867924690246582031e+00,2.644032955169677734e+00,2.784814596176147461e+00,2.658874988555908203e+00,4.509412765502929688e+00,4.575623512268066406e+00,4.467304706573486328e+00,4.605658531188964844e+00,4.426959037780761719e+00,4.536458969116210938e+00,4.372482299804687500e+00,4.227712154388427734e+00,4.269738674163818359e+00,4.334137916564941406e+00,4.430937290191650391e+00,4.331488609313964844e+00,4.138868808746337891e+00,4.083603858947753906e+00,3.837517023086547852e+00,1.799257874488830566e+00,1.625260591506958008e+00,1.515941977500915527e+00,1.220567464828491211e+00,1.256559252738952637e+00,9.753382205963134766e-01,1.226892471313476562e+00,1.097120761871337891e+00,1.345181941986083984e+00,1.421805143356323242e+00,1.467084407806396484e+00,1.841153621673583984e+00,1.994682192802429199e+00,2.077981472015380859e+00,2.236119985580444336e+00
2.832425117492675781e+00,2.605790853500366211e+00,2.342490434646606445e+00,2.094359397888183594e+00,1.882725358009338379e+00,1.526048302650451660e+00,1.202399492263793945e+00,8.760908842086791992e-01,5.674293041229248047e-01,3.762590289115905762e-01,0.000000000000000000e+00,3.772522807121276855e-01,5.707828402519226074e-01,7.611058950424194336e-01,9.106197357177734375e-01,2.258703708648681641e+00,2.371875047683715820e+00,2.659051179885864258e+00,2.949417591094970703e+00,3.217048406600952148e+00,3.461987257003784180e+00,3.815234899520874023e+00,4.039522171020507812e+00,4.283167839050292969e+00,4.377161026000976562e+00,4.561393260955810547e+00,4.611601829528808594e+00,4.532630443572998047e+00,4.396840095520019531e+00,4.118361949920654297e+00,3.745352745056152344e+00,3.729052305221557617e+00,3.758529186248779297e+00,3.644454240798950195e+00,3.509813547134399414e+00,3.512491703033447266e+00,3.332208156585693359e+00,3.039726972579956055e+00,3.038967370986938477e+00,2.851227760314941406e+00,3.019352912902832031e+00,2.830444574356079102e+00,2.623999595642089844e+00,2.776100158691406250e+00,2.622025489807128906e+00,4.566088676452636719e+00,4.629098892211914062e+00,4.532697200775146484e+00,4.697808742523193359e+00,4.534776687622070312e+00,4.671717643737792969e+00,4.531930923461914062e+00,4.411539554595947266e+00,4.468540668487548828e+00,4.557576179504394531e+00,4.668214321136474609e+00,4.584595203399658203e+00,4.404336452484130859e+00,4.348673343658447266e+00,4.113162517547607422e+00,2.022253990173339844e+00,1.807564020156860352e+00,1.626551508903503418e+00,1.298385858535766602e+00,1.228801369667053223e+00,8.819816708564758301e-01,1.027648448944091797e+00,8.055923581123352051e-01,1.024553537368774414e+00,1.055289030075073242e+00,1.110615015029907227e+00,1.492951512336730957e+00,1.673565983772277832e+00,1.784924030303955078e+00,1.982880711555480957e+00
2.917804956436157227e+00,2.727539777755737305e+00,2.470872879028320312e+00,2.264292716979980469e+00,2.067005634307861328e+00,1.722440719604492188e+00,1.446046352386474609e+00,1.096940398216247559e+00,8.561272025108337402e-01,5.699675083160400391e-01,3.772522807121276855e-01,0.000000000000000000e+00,3.532728850841522217e-01,6.850317716598510742e-01,9.239014387130737305e-01,2.385029792785644531e+00,2.444181442260742188e+00,2.752906560897827148e+00,3.026232481002807617e+00,3.289101839065551758e+00,3.558339118957519531e+00,3.897148609161376953e+00,4.104809761047363281e+00,4.370242595672607422e+00,4.482363224029541016e+00,4.655592918395996094e+00,4.720658779144287109e+00,4.657190799713134766e+00,4.546281814575195312e+00,4.267667770385742188e+00,3.947057485580444336e+00,3.918081521987915039e+00,3.920304775238037109e+00,3.807615041732788086e+00,3.656065702438354492e+00,3.627167940139770508e+00,3.442667484283447266e+00,3.149307250976562500e+00,3.109085559844970703e+00,2.935899496078491211e+00,3.074467897415161133e+00,2.884469747543334961e+00,2.647427320480346680e+00,2.752253532409667969e+00,2.555682897567749023e+00,4.438092708587646484e+00,4.528046607971191406e+00,4.459564208984375000e+00,4.636540889739990234e+00,4.498739242553710938e+00,4.641407966613769531e+00,4.516680717468261719e+00,4.393825054168701172e+00,4.429921150207519531e+00,4.535506248474121094e+00,4.630145549774169922e+00,4.535944461822509766e+00,4.344539642333984375e+00,4.261926651000976562e+00,4.019533157348632812e+00,2.131565809249877930e+00,1.959360837936401367e+00,1.790267229080200195e+00,1.504535198211669922e+00,1.393713474273681641e+00,1.078779935836791992e+00,1.150872230529785156e+00,9.178988933563232422e-01,1.005602121353149414e+00,1.025618076324462891e+00,9.791674613952636719e-01,1.324844121932983398e+00,1.451377987861633301e+00,1.549323916435241699e+00,1.695181608200073242e+00
3.239213228225708008e+00,3.052746772766113281e+00,2.780121088027954102e+00,2.575554132461547852e+00,2.353093624114990234e+00,1.996286153793334961e+00,1.709949135780334473e+00,1.353257536888122559e+00,1.108046054840087891e+00,7.929358482360839844e-01,5.707828402519226074e-01,3.532728850841522217e-01,0.000000000000000000e+00,3.712421655654907227e-01,6.854801774024963379e-01,2.345426559448242188e+00,2.404793739318847656e+00,2.739678859710693359e+00,2.980937242507934570e+00,3.268162012100219727e+00,3.525201559066772461e+00,3.857598066329956055e+00,4.040546894073486328e+00,4.301743507385253906e+00,4.396620273590087891e+00,4.543649673461914062e+00,4.593663215637207031e+00,4.517873287200927734e+00,4.409097194671630859e+00,4.115396022796630859e+00,4.048348426818847656e+00,4.046089649200439453e+00,4.063378334045410156e+00,3.980573654174804688e+00,3.850311994552612305e+00,3.835084438323974609e+00,3.676392793655395508e+00,3.400043725967407227e+00,3.371992588043212891e+00,3.221292734146118164e+00,3.373865604400634766e+00,3.201144218444824219e+00,2.971697807312011719e+00,3.075485944747924805e+00,2.863191604614257812e+00,4.741514205932617188e+00,4.841290473937988281e+00,4.784183025360107422e+00,4.967971801757812500e+00,4.838235378265380859e+00,4.983415603637695312e+00,4.861680030822753906e+00,4.736432552337646484e+00,4.764966011047363281e+00,4.869537830352783203e+00,4.955191135406494141e+00,4.850899696350097656e+00,4.648518562316894531e+00,4.552013397216796875e+00,4.297682285308837891e+00,2.472648620605468750e+00,2.298472404479980469e+00,2.127576112747192383e+00,1.825333237648010254e+00,1.709230661392211914e+00,1.369812846183776855e+00,1.403448700904846191e+00,1.104786992073059082e+00,1.135897397994995117e+00,1.024154782295227051e+00,8.713584542274475098e-01,1.194998860359191895e+00,1.264093160629272461e+00,1.296159029006958008e+00,1.457902073860168457e+00
3.548093318939208984e+00,3.343271732330322266e+00,3.065198659896850586e+00,2.837641716003417969e+00,2.602008819580078125e+00,2.235934257507324219e+00,1.921180844306945801e+00,1.580130457878112793e+00,1.303630232810974121e+00,1.030054688453674316e+00,7.611058950424194336e-01,6.850317716598510742e-01,3.712421655654907227e-01,0.000000000000000000e+00,3.689806461334228516e-01,2.154862403869628906e+00,2.234524250030517578e+00,2.582847595214843750e+00,2.797015428543090820e+00,3.108030319213867188e+00,3.341383218765258789e+00,3.671741008758544922e+00,3.837522983551025391e+00,4.084654331207275391e+00,4.156283378601074219e+00,4.283865928649902344e+00,4.315267086029052734e+00,4.224024772644042969e+00,4.109648704528808594e+00,3.804573297500610352e+00,3.961147308349609375e+00,3.991020441055297852e+00,4.032987117767333984e+00,3.983274936676025391e+00,3.883460283279418945e+00,3.895173072814941406e+00,3.769080162048339844e+00,3.515076637268066406e+00,3.517113685607910156e+00,3.389652490615844727e+00,3.571902036666870117e+00,3.424305915832519531e+00,3.220047235488891602e+00,3.346877813339233398e+00,3.135401487350463867e+00,5.067268371582031250e+00,5.159348487854003906e+00,5.100375175476074219e+00,5.291823387145996094e+00,5.160533905029296875e+00,5.313589572906494141e+00,5.194425106048583984e+00,5.076520919799804688e+00,5.114940166473388672e+00,5.218804359436035156e+00,5.310832023620605469e+00,5.210073947906494141e+00,5.009756565093994141e+00,4.917365074157714844e+00,4.661934852600097656e+00,2.765353679656982422e+00,2.563146352767944336e+00,2.370591640472412109e+00,2.040216445922851562e+00,1.913087725639343262e+00,1.547553896903991699e+00,1.547162413597106934e+00,1.199496984481811523e+00,1.215655207633972168e+00,9.876388907432556152e-01,8.024888634681701660e-01,1.108276605606079102e+00,1.170387268066406250e+00,1.164091229438781738e+00,1.395991444587707520e+00
3.742572307586669922e+00,3.511196374893188477e+00,3.249557495117187500e+00,2.989671945571899414e+00,2.769608020782470703e+00,2.406310558319091797e+00,2.063071727752685547e+00,1.752451181411743164e+00,1.432859897613525391e+00,1.237494111061096191e+00,9.106197357177734375e-01,9.239014387130737305e-01,6.854801774024963379e-01,3.689806461334228516e-01,0.000000000000000000e+00,1.810081005096435547e+00,1.905747056007385254e+00,2.255357980728149414e+00,2.459142923355102539e+00,2.780705928802490234e+00,2.998927354812622070e+00,3.330687284469604492e+00,3.494457960128784180e+00,3.732423067092895508e+00,3.795456647872924805e+00,3.922919273376464844e+00,3.950982809066772461e+00,3.858652591705322266e+00,3.743389844894409180e+00,3.441432952880859375e+00,3.667743206024169922e+00,3.717960596084594727e+00,3.775321483612060547e+00,3.752140522003173828e+00,3.677371025085449219e+00,3.711188554763793945e+00,3.616298437118530273e+00,3.386761903762817383e+00,3.417953729629516602e+00,3.317786931991577148e+00,3.530156135559082031e+00,3.414802074432373047e+00,3.243194103240966797e+00,3.397968053817749023e+00,3.191610097885131836e+00,5.200488567352294922e+00,5.274572849273681641e+00,5.209680557250976562e+00,5.413526058197021484e+00,5.281044960021972656e+00,5.450506210327148438e+00,5.341675281524658203e+00,5.243470191955566406e+00,5.304093837738037109e+00,5.416882038116455078e+00,5.527971267700195312e+00,5.445429325103759766e+00,5.261320590972900391e+00,5.184680938720703125e+00,4.942131996154785156e+00,2.913446187973022461e+00,2.673816919326782227e+00,2.442699670791625977e+00,2.093936204910278320e+00,1.932886719703674316e+00,1.558092474937438965e+00,1.500860571861267090e+00,1.126869440078735352e+00,1.126189947128295898e+00,8.190950155258178711e-01,6.863793730735778809e-01,9.822477698326110840e-01,1.111629843711853027e+00,1.155054569244384766e+00,1.465152740478515625e+00
4.594634532928466797e+00,4.284653663635253906e+00,4.145478248596191406e+00,3.798632621765136719e+00,3.708549499511718750e+00,3.423110723495483398e+00,3.060071468353271484e+00,2.907500028610229492e+00,2.548666000366210938e+00,2.605283737182617188e+00,2.258703708648681641e+00,2.385029792785644531e+00,2.345426559448242188e+00,2.154862403869628906e+00,1.810081005096435547e+00,0.000000000000000000e+00,3.809517621994018555e-01,5.404266715049743652e-01,7.687186002731323242e-01,1.079689502716064453e+00,1.235666275024414062e+00,1.597824811935424805e+00,1.828610897064208984e+00,2.037362575531005859e+00,2.131872892379760742e+00,2.353389263153076172e+00,2.445734977722167969e+00,2.432696104049682617e+00,2.356806755065917969e+00,2.176484346389770508e+00,2.065182209014892578e+00,2.189983129501342773e+00,2.292025566101074219e+00,2.414091587066650391e+00,2.471420288085937500e+00,2.603871822357177734e+00,2.691755056381225586e+00,2.633651733398437500e+00,2.799050092697143555e+00,2.868402481079101562e+00,3.186759471893310547e+00,3.255191802978515625e+00,3.264770030975341797e+00,3.514061927795410156e+00,3.361537456512451172e+00,5.513463973999023438e+00,5.493949413299560547e+00,5.406469345092773438e+00,5.661094665527343750e+00,5.538552284240722656e+00,5.783581256866455078e+00,5.742176532745361328e+00,5.751819610595703125e+00,5.914514541625976562e+00,6.078615665435791016e+00,6.277551651000976562e+00,6.292532444000244141e+00,6.200057506561279297e+00,6.198902130126953125e+00,6.035982131958007812e+00,3.646192789077758789e+00,3.305823564529418945e+00,2.954777002334594727e+00,2.652737855911254883e+00,2.373587846755981445e+00,2.149269104003906250e+00,1.876009106636047363e+00,1.699261307716369629e+00,1.623799800872802734e+00,1.452659130096435547e+00,1.683086037635803223e+00,1.703328371047973633e+00,2.010298013687133789e+00,2.263192653656005859e+00,2.627355098724365234e+00
4.701194763183593750e+00,4.405406475067138672e+00,4.279142856597900391e+00,3.945914506912231445e+00,3.871520042419433594e+00,3.587608575820922852e+00,3.233020544052124023e+00,3.061625480651855469e+00,2.700475215911865234e+00,2.731297731399536133e+00,2.371875047683715820e+00,2.444181442260742188e+00,2.404793739318847656e+00,2.234524250030517578e+00,1.905747056007385254e+00,3.809517621994018555e-01,0.000000000000000000e+00,3.819286823272705078e-01,5.821273326873779297e-01,8.762542009353637695e-01,1.124111413955688477e+00,1.455647230148315430e+00,1.670568704605102539e+00,1.934586405754089355e+00,2.085727214813232422e+00,2.305286407470703125e+00,2.444166421890258789e+00,2.479222297668457031e+00,2.460043907165527344e+00,2.305215835571289062e+00,2.146204233169555664e+00,2.237776994705200195e+00,2.285623788833618164e+00,2.414671897888183594e+00,2.451586961746215820e+00,2.542762756347656250e+00,2.641720294952392578e+00,2.598879098892211914e+00,2.730065584182739258e+00,2.834623813629150391e+00,3.134281158447265625e+00,3.222990274429321289e+00,3.226167440414428711e+00,3.447678804397583008e+00,3.267016172409057617e+00,5.383344173431396484e+00,5.373431682586669922e+00,5.307942867279052734e+00,5.580368041992187500e+00,5.481725215911865234e+00,5.742028236389160156e+00,5.722603797912597656e+00,5.744267463684082031e+00,5.903216361999511719e+00,6.087620258331298828e+00,6.285180091857910156e+00,6.304796218872070312e+00,6.216160774230957031e+00,6.204902648925781250e+00,6.048535823822021484e+00,3.744732379913330078e+00,3.417638301849365234e+00,3.059768438339233398e+00,2.777271032333374023e+00,2.463574647903442383e+00,2.253641366958618164e+00,1.935156702995300293e+00,1.764331459999084473e+00,1.608859300613403320e+00,1.444661140441894531e+00,1.647973179817199707e+00,1.590620994567871094e+00,1.886505007743835449e+00,2.165825605392456055e+00,2.508391857147216797e+00
4.843625068664550781e+00,4.536763668060302734e+00,4.435414791107177734e+00,4.092350006103515625e+00,4.042925357818603516e+00,3.779798984527587891e+00,3.431761980056762695e+00,3.292311191558837891e+00,2.938477516174316406e+00,3.006267786026000977e+00,2.659051179885864258e+00,2.752906560897827148e+00,2.739678859710693359e+00,2.582847595214843750e+00,2.255357980728149414e+00,5.404266715049743652e-01,3.819286823272705078e-01,0.000000000000000000e+00,3.770692348480224609e-01,5.760386586189270020e-01,8.160435557365417480e-01,1.165471553802490234e+00,1.432381153106689453e+00,1.682102799415588379e+00,1.856461524963378906e+00,2.121810913085937500e+00,2.285810232162475586e+00,2.350375652313232422e+00,2.340409517288208008e+00,2.237659454345703125e+00,1.805598735809326172e+00,1.908684849739074707e+00,1.964110016822814941e+00,2.130761384963989258e+00,2.204549312591552734e+00,2.323036193847656250e+00,2.468365430831909180e+00,2.473084449768066406e+00,2.637310504913330078e+00,2.775346279144287109e+00,3.089708328247070312e+00,3.215005636215209961e+00,3.260367870330810547e+00,3.499350309371948242e+00,3.344262361526489258e+00,5.447412490844726562e+00,5.414147377014160156e+00,5.339060783386230469e+00,5.614320755004882812e+00,5.514060497283935547e+00,5.783906459808349609e+00,5.774983882904052734e+00,5.817073345184326172e+00,5.996297359466552734e+00,6.185659885406494141e+00,6.399859905242919922e+00,6.439003944396972656e+00,6.369817256927490234e+00,6.376573085784912109e+00,6.237148761749267578e+00,3.886065006256103516e+00,3.549141407012939453e+00,3.183734655380249023e+00,2.922410726547241211e+00,2.609672784805297852e+00,2.441109657287597656e+00,2.120839357376098633e+00,2.004858970642089844e+00,1.874736666679382324e+00,1.764577150344848633e+00,1.999233484268188477e+00,1.950183033943176270e+00,2.252464532852172852e+00,2.541095972061157227e+00,2.877386093139648438e+00
5.210257530212402344e+00,4.905918598175048828e+00,4.798193931579589844e+00,4.456638813018798828e+00,4.397752285003662109e+00,4.125849246978759766e+00,3.772660732269287109e+00,3.619519710540771484e+00,3.260835409164428711e+00,3.306048870086669922e+00,2.949417591094970703e+00,3.026232481002807617e+00,2.980937242507934570e+00,2.797015428543090820e+00,2.459142923355102539e+00,7.687186002731323242e-01,5.821273326873779297e-01,3.770692348480224609e-01,0.000000000000000000e+00,3.718609213829040527e-01,5.609132051467895508e-01,8.772310614585876465e-01,1.095253348350524902e+00,1.358174324035644531e+00,1.536372661590576172e+00,1.780654907226562500e+00,1.960055232048034668e+00,2.048853158950805664e+00,2.080410718917846680e+00,1.999338507652282715e+00,1.947820425033569336e+00,2.085098266601562500e+00,2.147158384323120117e+00,2.360607147216796875e+00,2.462458848953247070e+00,2.583705425262451172e+00,2.760919809341430664e+00,2.793548583984375000e+00,2.954058885574340820e+00,3.114251136779785156e+00,3.422808408737182617e+00,3.561359643936157227e+00,3.607758045196533203e+00,3.835152149200439453e+00,3.667006969451904297e+00,5.743414402008056641e+00,5.715714931488037109e+00,5.652949810028076172e+00,5.937205314636230469e+00,5.848354339599609375e+00,6.124823570251464844e+00,6.124654769897460938e+00,6.170700073242187500e+00,6.347443103790283203e+00,6.542649745941162109e+00,6.754501342773437500e+00,6.791927337646484375e+00,6.719777107238769531e+00,6.718955039978027344e+00,6.576104640960693359e+00,4.252163887023925781e+00,3.917561531066894531e+00,3.553205251693725586e+00,3.286812067031860352e+00,2.973135948181152344e+00,2.791566610336303711e+00,2.469643115997314453e+00,2.329154014587402344e+00,2.174703359603881836e+00,2.023096323013305664e+00,2.210479259490966797e+00,2.111972093582153320e+00,2.375577449798583984e+00,2.639945745468139648e+00,2.972215652465820312e+00
5.349232196807861328e+00,5.044611930847167969e+00,4.962863922119140625e+00,4.622014999389648438e+00,4.590146064758300781e+00,4.336245536804199219e+00,3.993732213973999023e+00,3.857193946838378906e+00,3.504736423492431641e+00,3.567805290222167969e+00,3.217048406600952148e+00,3.289101839065551758e+00,3.268162012100219727e+00,3.108030319213867188e+00,2.780705928802490234e+00,1.079689502716064453e+00,8.762542009353637695e-01,5.760386586189270020e-01,3.718609213829040527e-01,0.000000000000000000e+00,3.792023360729217529e-01,6.377998590469360352e-01,9.141964316368103027e-01,1.199550867080688477e+00,1.449796795845031738e+00,1.737227797508239746e+00,1.968412518501281738e+00,2.112267732620239258e+00,2.180043697357177734e+00,2.160732030868530273e+00,1.779927730560302734e+00,1.897794604301452637e+00,1.928143143653869629e+00,2.170634746551513672e+00,2.287817001342773438e+00,2.403843879699707031e+00,2.619678735733032227e+00,2.697016477584838867e+00,2.861395359039306641e+00,3.060400724411010742e+00,3.364485263824462891e+00,3.537914752960205078e+00,3.612602233886718750e+00,3.837473869323730469e+00,3.679280519485473633e+00,5.709120273590087891e+00,5.666870117187500000e+00,5.606673717498779297e+00,5.899474143981933594e+00,5.820859909057617188e+00,6.110357284545898438e+00,6.128751754760742188e+00,6.196361541748046875e+00,6.386675357818603516e+00,6.594434261322021484e+00,6.818172931671142578e+00,6.873434066772460938e+00,6.819170951843261719e+00,6.828525066375732422e+00,6.703176498413085938e+00,4.392010688781738281e+00,4.058698177337646484e+00,3.689138174057006836e+00,3.449547767639160156e+00,3.125509977340698242e+00,2.981517553329467773e+00,2.645313024520874023e+00,2.547450065612792969e+00,2.385462522506713867e+00,2.279575347900390625e+00,2.483807802200317383e+00,2.373832464218139648e+00,2.641278266906738281e+00,2.924998760223388672e+00,3.240175724029541016e+00
5.605429649353027344e+00,5.289740085601806641e+00,5.204176425933837891e+00,4.852772235870361328e+00,4.813732624053955078e+00,4.560271263122558594e+00,4.212008953094482422e+00,4.087447166442871094e+00,3.735296010971069336e+00,3.809308290481567383e+00,3.461987257003784180e+00,3.558339118957519531e+00,3.525201559066772461e+00,3.341383218765258789e+00,2.998927354812622070e+00,1.235666275024414062e+00,1.124111413955688477e+00,8.160435557365417480e-01,5.609132051467895508e-01,3.792023360729217529e-01,0.000000000000000000e+00,3.756043314933776855e-01,6.845121383666992188e-01,8.889752626419067383e-01,1.105752587318420410e+00,1.419299364089965820e+00,1.642755866050720215e+00,1.790917634963989258e+00,1.858290672302246094e+00,1.878712177276611328e+00,1.710560083389282227e+00,1.891141295433044434e+00,1.976473450660705566e+00,2.262729406356811523e+00,2.430176496505737305e+00,2.588847160339355469e+00,2.831663846969604492e+00,2.931077718734741211e+00,3.126523971557617188e+00,3.324734210968017578e+00,3.642087697982788086e+00,3.821118593215942383e+00,3.913017034530639648e+00,4.154538631439208984e+00,4.013285636901855469e+00,6.051405906677246094e+00,5.998624801635742188e+00,5.928033828735351562e+00,6.215505599975585938e+00,6.127324104309082031e+00,6.414081096649169922e+00,6.426832675933837891e+00,6.495883941650390625e+00,6.694088935852050781e+00,6.893942356109619141e+00,7.122920036315917969e+00,7.180614948272705078e+00,7.128311634063720703e+00,7.145368576049804688e+00,7.018817901611328125e+00,4.651646137237548828e+00,4.308386802673339844e+00,3.940812587738037109e+00,3.693008184432983398e+00,3.387241840362548828e+00,3.238490581512451172e+00,2.922310590744018555e+00,2.819471120834350586e+00,2.686530828475952148e+00,2.563187837600708008e+00,2.766347408294677734e+00,2.669891357421875000e+00,2.930654048919677734e+00,3.192760705947875977e+00,3.520811080932617188e+00
