,A1,A2,A3,A4,A5,A6,A7,A8,A9,A10,A11,A12,A13,A14,A15,B1,B2,B3,B4,B5,B6,B7,B8,B9,B10,B11,B12,B13,B14,B15,C1,C2,C3,C4,C5,C6,C7,C8,C9,C10,C11,C12,C13,C14,C15,D1,D2,D3,D4,D5,D6,D7,D8,D9,D10,D11,D12,D13,D14,D15,E1,E2,E3,E4,E5,E6,E7,E8,E9,E10,E11,E12,E13,E14,E15
A1,0.0,0.39174845814704895,0.6364442706108093,0.9214012026786804,1.2270163297653198,1.4940049648284912,1.7853256464004517,2.0485897064208984,2.2781822681427,2.634265899658203,2.739389419555664,3.067272186279297,3.3644354343414307,3.695392608642578,3.8779919147491455,3.110034465789795,2.8047189712524414,2.7735884189605713,2.592848539352417,2.6715950965881348,2.9085917472839355,3.0926802158355713,3.3354599475860596,3.7047853469848633,3.991975784301758,4.30714750289917,4.5401530265808105,4.669451713562012,4.7402825355529785,4.534694671630859,4.521585464477539,4.5868659019470215,4.452578544616699,4.756900787353516,4.724132061004639,5.087717533111572,5.313159942626953,5.658743858337402,5.830957412719727,6.155578136444092,6.343013286590576,6.408747673034668,6.41832160949707,6.226652145385742,6.0010271072387695,5.6042094230651855,5.916723728179932,5.778855800628662,6.113334655761719,6.056891441345215,6.420346736907959,6.450606346130371,6.702338218688965,6.8685760498046875,7.130822658538818,7.260823726654053,7.33984375,7.309700965881348,7.404070854187012,7.106484889984131,6.511928081512451,6.618265628814697,6.938202381134033,7.246661186218262,7.42252779006958,7.772334098815918,8.023390769958496,8.337407112121582,8.572595596313477,8.761122703552246,9.134651184082031,9.382577896118164,9.537201881408691,9.673877716064453,9.689679145812988
A2,0.39174845814704895,0.0,0.3630627989768982,0.5521880984306335,0.888705849647522,1.1172184944152832,1.4128774404525757,1.665656566619873,1.8901933431625366,2.24552059173584,2.349701404571533,2.676647663116455,2.9761152267456055,3.3088459968566895,3.496936559677124,2.8507635593414307,2.5562944412231445,2.5698602199554443,2.409369945526123,2.538242816925049,2.805177688598633,2.998490571975708,3.2690627574920654,3.627976179122925,3.933331251144409,4.239617347717285,4.454342842102051,4.556681156158447,4.597842216491699,4.376424312591553,4.181051731109619,4.2329630851745605,4.089313507080078,4.388787269592285,4.34927225112915,4.710508346557617,4.937460422515869,5.285747528076172,5.465670108795166,5.793224811553955,5.988418102264404,6.064467430114746,6.08240270614624,5.902502536773682,5.677669048309326,5.343587875366211,5.665382385253906,5.543124675750732,5.8867506980896,5.850488185882568,6.220252513885498,6.271071434020996,6.532829284667969,6.703260898590088,6.977360725402832,7.109504222869873,7.182664394378662,7.141229629516602,7.217918872833252,6.91055965423584,6.200026512145996,6.304365158081055,6.624440670013428,6.925806045532227,7.101337432861328,7.449467182159424,7.70225715637207,8.019979476928711,8.262042999267578,8.458248138427734,8.828720092773438,9.082259178161621,9.239999771118164,9.385497093200684,9.404712677001953
A3,0.6364442706108093,0.3630627989768982,0.0,0.3821960985660553,0.601209282875061,0.9153574109077454,1.186453104019165,1.471553921699524,1.7250880002975464,2.073667526245117,2.2244198322296143,2.559738874435425,2.8602960109710693,3.180271625518799,3.346670150756836,2.560034990310669,2.249405860900879,2.255943536758423,2.0752925872802734,2.2126834392547607,2.4774346351623535,2.660013198852539,2.9428205490112305,3.296215772628784,3.609447717666626,3.9169113636016846,4.132152080535889,4.2320709228515625,4.265092849731445,4.050893306732178,3.899905204772949,3.972569227218628,3.8525352478027344,4.167366027832031,4.15372371673584,4.520778179168701,4.763945579528809,5.111471176147461,5.293807029724121,5.622881889343262,5.815520763397217,5.890240669250488,5.893673896789551,5.7117509841918945,5.469550609588623,5.019108295440674,5.335197925567627,5.204496383666992,5.544855117797852,5.505117416381836,5.873964309692383,5.924320220947266,6.189793586730957,6.367213726043701,6.643714427947998,6.783233642578125,6.863692760467529,6.82842493057251,6.906549453735352,6.602755546569824,5.945950031280518,6.065414905548096,6.394403457641602,6.694432258605957,6.883779525756836,7.226626873016357,7.489686489105225,7.800711631774902,8.048497200012207,8.236839294433594,8.609435081481934,8.856141090393066,9.003782272338867,9.142889976501465,9.15125846862793
A4,0.9214012026786804,0.5521880984306335,0.3821960985660553,0.0,0.37852510809898376,0.574406623840332,0.8970004916191101,1.1327177286148071,1.396320104598999,1.7374850511550903,1.88706636428833,2.2128429412841797,2.524044990539551,2.854529857635498,3.042856454849243,2.4945549964904785,2.2037558555603027,2.27247953414917,2.11724853515625,2.3121328353881836,2.5991463661193848,2.7789151668548584,3.087738513946533,3.423996686935425,3.7526824474334717,4.050537109375,4.2481584548950195,4.320796966552734,4.320173263549805,4.092968463897705,3.6823835372924805,3.731990098953247,3.595641851425171,3.900571346282959,3.870936632156372,4.231595993041992,4.476312637329102,4.829811096191406,5.0276288986206055,5.361713409423828,5.569149017333984,5.662193298339844,5.682667255401611,5.520537376403809,5.28311824798584,4.924317359924316,5.250448703765869,5.138261795043945,5.487974643707275,5.472762107849121,5.847464561462402,5.921929359436035,6.199976921081543,6.384695529937744,6.67410135269165,6.817887306213379,6.893533229827881,6.846991539001465,6.904854774475098,6.590961933135986,5.780584335327148,5.895998001098633,6.223794937133789,6.512439727783203,6.699398517608643,7.039826393127441,7.303836822509766,7.621108055114746,7.878049373626709,8.078572273254395,8.445972442626953,8.701471328735352,8.854634284973145,9.006689071655273,9.020687103271484
A5,1.2270163297653198,0.888705849647522,0.601209282875061,0.37852510809898376,0.0,0.39156627655029297,0.6391037702560425,0.9137138724327087,1.2083877325057983,1.5310863256454468,1.7369487285614014,2.066192388534546,2.372781276702881,2.6837732791900635,2.845646619796753,2.184311866760254,1.884610891342163,1.9661784172058105,1.8026940822601318,2.025923728942871,2.315847635269165,2.484947919845581,2.810244560241699,3.131560802459717,3.46964430809021,3.7617061138153076,3.9513301849365234,4.011859893798828,3.9936389923095703,3.7693116664886475,3.347867250442505,3.416134834289551,3.30306339263916,3.622880220413208,3.6199374198913574,3.9854743480682373,4.2467145919799805,4.5986480712890625,4.799351692199707,5.134527206420898,5.339939117431641,5.433044910430908,5.440208911895752,5.278686046600342,5.024462699890137,4.566460132598877,4.889386177062988,4.773926734924316,5.122783184051514,5.110241413116455,5.4853105545043945,5.565155506134033,5.8487043380737305,6.040268898010254,6.334517478942871,6.485044002532959,6.5653791427612305,6.521419048309326,6.5757646560668945,6.263174057006836,5.477381706237793,5.607150077819824,5.943264007568359,6.228775501251221,6.429005146026611,6.763494491577148,7.037539005279541,7.348571300506592,7.61201810836792,7.806124687194824,8.174628257751465,8.424351692199707,8.56832218170166,8.715848922729492,8.72025203704834
A6,1.4940049648284912,1.1172184944152832,0.9153574109077454,0.574406623840332,0.39156627655029297,0.0,0.38427606225013733,0.5612494349479675,0.8610715866088867,1.1807117462158203,1.3756215572357178,1.6958402395248413,2.012458086013794,2.33608078956604,2.5240061283111572,2.185807466506958,1.9279305934906006,2.0796549320220947,1.9652786254882812,2.235713005065918,2.544279098510742,2.7181591987609863,3.055962562561035,3.357046604156494,3.702242136001587,3.9777655601501465,4.143514156341553,4.173296928405762,4.1230340003967285,3.881129503250122,3.164806604385376,3.1985673904418945,3.0579943656921387,3.3607888221740723,3.3325047492980957,3.6899991035461426,3.946950674057007,4.304433822631836,4.518498420715332,4.85761833190918,5.077523708343506,5.188471794128418,5.216621398925781,5.0756659507751465,4.832502365112305,4.5241498947143555,4.859337329864502,4.769998073577881,5.1290059089660645,5.145083427429199,5.525008678436279,5.63074254989624,5.923275470733643,6.116291522979736,6.4217352867126465,6.571135997772217,6.641131401062012,6.581361293792725,6.612863063812256,6.288701057434082,5.322572231292725,5.441812515258789,5.772544860839844,6.046786308288574,6.239285945892334,6.5727858543396,6.843730926513672,7.162723064422607,7.4327239990234375,7.641179084777832,8.003399848937988,8.263792037963867,8.41665267944336,8.57907485961914,8.593235969543457
A7,1.7853256464004517,1.4128774404525757,1.186453104019165,0.8970004916191101,0.6391037702560425,0.38427606225013733,0.0,0.38619837164878845,0.596133291721344,0.9210286736488342,1.134098768234253,1.4682697057724,1.759246826171875,2.0558922290802,2.2079520225524902,1.8493012189865112,1.6211096048355103,1.818948745727539,1.7558931112289429,2.061366081237793,2.3884646892547607,2.5814387798309326,2.9204375743865967,3.200859785079956,3.5463383197784424,3.7988104820251465,3.9364676475524902,3.937725305557251,3.866811513900757,3.607175588607788,2.808946132659912,2.8413305282592773,2.69953989982605,3.0063297748565674,2.98825740814209,3.3520572185516357,3.6098036766052246,3.9630279541015625,4.168397903442383,4.505575656890869,4.718560695648193,4.823365688323975,4.843709468841553,4.699525833129883,4.452116966247559,4.1816086769104,4.524001598358154,4.450389385223389,4.81561279296875,4.845630168914795,5.228123664855957,5.346256732940674,5.637901782989502,5.823446273803711,6.133113384246826,6.275770664215088,6.335054397583008,6.263637065887451,6.283168315887451,5.952731132507324,4.939752578735352,5.057979583740234,5.388913154602051,5.664276123046875,5.857783317565918,6.191334247589111,6.463075637817383,6.780790328979492,7.050623893737793,7.25773286819458,7.620341777801514,7.879929542541504,8.032405853271484,8.195000648498535,8.210042953491211
A8,2.0485897064208984,1.665656566619873,1.471553921699524,1.1327177286148071,0.9137138724327087,0.5612494349479675,0.38619837164878845,0.0,0.39157000184059143,0.6355116367340088,0.8947573304176331,1.1922340393066406,1.510572910308838,1.8240245580673218,2.0170013904571533,2.034433126449585,1.841330885887146,2.0802364349365234,2.027045726776123,2.3545079231262207,2.671877861022949,2.838944911956787,3.1902594566345215,3.449770212173462,3.80143666267395,4.047529220581055,4.175826549530029,4.1594390869140625,4.058892726898193,3.801487922668457,2.710092306137085,2.7126338481903076,2.556443452835083,2.848003387451172,2.8112757205963135,3.1615450382232666,3.4273757934570312,3.789069890975952,4.021421909332275,4.365109443664551,4.600049018859863,4.732334136962891,4.774256229400635,4.65980863571167,4.4170684814453125,4.217941761016846,4.5630693435668945,4.505325794219971,4.873138427734375,4.92658805847168,5.309476375579834,5.449918270111084,5.7544779777526855,5.9519524574279785,6.27215576171875,6.423535346984863,6.483634948730469,6.406871795654297,6.4080586433410645,6.072865962982178,4.912420749664307,5.029966831207275,5.359483242034912,5.616396427154541,5.809899806976318,6.136229038238525,6.410951137542725,6.733348846435547,7.01564884185791,7.235190391540527,7.590044021606445,7.857654094696045,8.013242721557617,8.189107894897461,8.207152366638184
A9,2.2781822681427,1.8901933431625366,1.7250880002975464,1.396320104598999,1.2083877325057983,0.8610715866088867,0.596133291721344,0.39157000184059143,0.0,0.3737923204898834,0.540651798248291,0.8724674582481384,1.167357325553894,1.477758765220642,1.6664732694625854,1.9457073211669922,1.8172427415847778,2.1006877422332764,2.1186840534210205,2.460026741027832,2.796003818511963,2.993675708770752,3.333848476409912,3.5796239376068115,3.9240646362304688,4.144792556762695,4.241765022277832,4.195674896240234,4.079921245574951,3.796090602874756,2.538184404373169,2.5020558834075928,2.304987668991089,2.5733492374420166,2.5071957111358643,2.856762409210205,3.1021037101745605,3.462019681930542,3.684276580810547,4.025793075561523,4.259086608886719,4.3898539543151855,4.4433417320251465,4.332082748413086,4.106159210205078,4.115264892578125,4.473594665527344,4.447291851043701,4.8239054679870605,4.899689674377441,5.284456253051758,5.441311359405518,5.740348815917969,5.921380996704102,6.244095802307129,6.379772186279297,6.418866157531738,6.320712566375732,6.303462028503418,5.956887722015381,4.657354831695557,4.7542595863342285,5.072461128234863,5.329439163208008,5.507485866546631,5.839056015014648,6.103160381317139,6.432512283325195,6.71001672744751,6.938814640045166,7.290531635284424,7.566071510314941,7.732956409454346,7.918184280395508,7.949929237365723
A10,2.634265899658203,2.24552059173584,2.073667526245117,1.7374850511550903,1.5310863256454468,1.1807117462158203,0.9210286736488342,0.6355116367340088,0.3737923204898834,0.0,0.3819338381290436,0.6114978194236755,0.9052528142929077,1.1999210119247437,1.4018839597702026,2.013732433319092,1.9289612770080566,2.245698928833008,2.2820324897766113,2.641132116317749,2.9654433727264404,3.142305850982666,3.487736701965332,3.7047507762908936,4.050332069396973,4.255414962768555,4.334167003631592,4.263884544372559,4.115893363952637,3.833352565765381,2.3002893924713135,2.2369227409362793,2.031550407409668,2.2876250743865967,2.2156007289886475,2.5547094345092773,2.813854217529297,3.178772211074829,3.423811435699463,3.7699737548828125,4.0194993019104,4.172714710235596,4.238035202026367,4.153397083282471,3.9257712364196777,3.9833858013153076,4.342457294464111,4.335049629211426,4.712403774261475,4.812736988067627,5.195615291595459,5.375106334686279,5.683524131774902,5.872303009033203,6.204101085662842,6.345662593841553,6.3831586837768555,6.278377532958984,6.241650104522705,5.891545295715332,4.465190410614014,4.565164566040039,4.8833909034729,5.122490406036377,5.304630279541016,5.626970291137695,5.896520137786865,6.226588249206543,6.516131401062012,6.752358436584473,7.097248077392578,7.3768157958984375,7.5428948402404785,7.7374091148376465,7.768840312957764
A11,2.739389419555664,2.349701404571533,2.2244198322296143,1.88706636428833,1.7369487285614014,1.3756215572357178,1.134098768234253,0.8947573304176331,0.540651798248291,0.3819338381290436,0.0,0.35325637459754944,0.6386504173278809,0.9744966626167297,1.2184377908706665,2.165970802307129,2.1217353343963623,2.447971820831299,2.5243382453918457,2.877429485321045,3.2167110443115234,3.4218595027923584,3.755619764328003,3.9765124320983887,4.314830303192139,4.508314609527588,4.571439743041992,4.488560199737549,4.342015266418457,4.03926420211792,2.424575090408325,2.313281536102295,2.0546419620513916,2.2637693881988525,2.1345736980438232,2.46024227142334,2.679396390914917,3.041766405105591,3.27508282661438,3.616940975189209,3.867595672607422,4.021228790283203,4.110157012939453,4.0308709144592285,3.834367513656616,4.146494388580322,4.515066146850586,4.533536911010742,4.915925025939941,5.030256271362305,5.412972927093506,5.6004462242126465,5.900435447692871,6.071946620941162,6.402093410491943,6.527094841003418,6.545149326324463,6.421940803527832,6.3726301193237305,6.013369560241699,4.456214427947998,4.525962829589844,4.825629234313965,5.064833641052246,5.221997261047363,5.551807880401611,5.8034491539001465,6.143750190734863,6.424277305603027,6.673739433288574,7.013665676116943,7.304365158081055,7.486802101135254,7.693177223205566,7.743410110473633
A12,3.067272186279297,2.676647663116455,2.559738874435425,2.2128429412841797,2.066192388534546,1.6958402395248413,1.4682697057724,1.1922340393066406,0.8724674582481384,0.6114978194236755,0.35325637459754944,0.0,0.3478648364543915,0.7053358554840088,1.0139415264129639,2.38417911529541,2.3739871978759766,2.716887950897217,2.8065426349639893,3.167121648788452,3.4996981620788574,3.693697690963745,4.028948783874512,4.2317633628845215,4.569127559661865,4.750498294830322,4.798918724060059,4.6973466873168945,4.528189659118652,4.2246623039245605,2.3731703758239746,2.217665910720825,1.9342567920684814,2.1004014015197754,1.935219407081604,2.233551263809204,2.4460346698760986,2.8110625743865967,3.0657520294189453,3.4089229106903076,3.6783902645111084,3.8572676181793213,3.9703545570373535,3.92258620262146,3.739750385284424,4.182801723480225,4.551354885101318,4.592596530914307,4.974132061004639,5.112164497375488,5.491156578063965,5.698746681213379,6.003769397735596,6.177603244781494,6.513858795166016,6.639747619628906,6.65190315246582,6.519010543823242,6.4500203132629395,6.086650371551514,4.378170967102051,4.438925743103027,4.72941255569458,4.948945999145508,5.099266052246094,5.421215534210205,5.670077800750732,6.014364719390869,6.302704334259033,6.564491271972656,6.894580364227295,7.193183422088623,7.380859851837158,7.600593090057373,7.657432556152344
A13,3.3644354343414307,2.9761152267456055,2.8602960109710693,2.524044990539551,2.372781276702881,2.012458086013794,1.759246826171875,1.510572910308838,1.167357325553894,0.9052528142929077,0.6386504173278809,0.3478648364543915,0.0,0.3701417148113251,0.706879198551178,2.4374277591705322,2.479055166244507,2.837386131286621,2.966137170791626,3.3274734020233154,3.65998911857605,3.863255262374878,4.187673568725586,4.372495174407959,4.700870037078857,4.85984992980957,4.8826494216918945,4.756732940673828,4.5719804763793945,4.256356239318848,2.2617690563201904,2.0635054111480713,1.7445381879806519,1.8626809120178223,1.6580318212509155,1.9405908584594727,2.128830909729004,2.490379810333252,2.74094295501709,3.08149790763855,3.353724241256714,3.538339138031006,3.6658060550689697,3.6316096782684326,3.4661099910736084,4.099179267883301,4.471351146697998,4.541322231292725,4.923608303070068,5.08249044418335,5.4574198722839355,5.680156230926514,5.979912281036377,6.141579627990723,6.478838920593262,6.593469142913818,6.589505195617676,6.440033912658691,6.352488994598389,5.982906341552734,4.143288612365723,4.185882568359375,4.46344518661499,4.675434589385986,4.812692642211914,5.134305953979492,5.374727725982666,5.723339557647705,6.0101847648620605,6.280420303344727,6.604844570159912,6.909708499908447,7.105255126953125,7.3340229988098145,7.401175498962402
A14,3.695392608642578,3.3088459968566895,3.180271625518799,2.854529857635498,2.6837732791900635,2.33608078956604,2.0558922290802,1.8240245580673218,1.477758765220642,1.1999210119247437,0.9744966626167297,0.7053358554840088,0.3701417148113251,0.0,0.3787539005279541,2.4723281860351562,2.5648574829101562,2.935323715209961,3.096949338912964,3.45839786529541,3.782904863357544,3.98555850982666,4.299039840698242,4.4584503173828125,4.776723861694336,4.910912036895752,4.906754016876221,4.754552364349365,4.549002647399902,4.227285861968994,2.073255777359009,1.8334627151489258,1.4870569705963135,1.5531407594680786,1.3155615329742432,1.5834699869155884,1.7601174116134644,2.120839834213257,2.373997449874878,2.7149152755737305,2.9918935298919678,3.1857211589813232,3.3217685222625732,3.3050336837768555,3.147813558578491,3.9291038513183594,4.301087856292725,4.399319648742676,4.779413223266602,4.96066427230835,5.329225540161133,5.568891525268555,5.86488676071167,6.01773738861084,6.35670280456543,6.4635491371154785,6.4466071128845215,6.283150672912598,6.175940990447998,5.802392959594727,3.839432716369629,3.8713228702545166,4.140212059020996,4.34127950668335,4.4730095863342285,4.790633201599121,5.028709888458252,5.378691673278809,5.668543338775635,5.944354057312012,6.263538360595703,6.571907043457031,6.770441055297852,7.006224632263184,7.078507423400879
A15,3.8779919147491455,3.496936559677124,3.346670150756836,3.042856454849243,2.845646619796753,2.5240061283111572,2.2079520225524902,2.0170013904571533,1.6664732694625854,1.4018839597702026,1.2184377908706665,1.0139415264129639,0.706879198551178,0.3787539005279541,0.0,2.3177692890167236,2.4604601860046387,2.8358232975006104,3.033491849899292,3.388545274734497,3.704070806503296,3.911342144012451,4.2080607414245605,4.343966960906982,4.648663520812988,4.7573981285095215,4.7270894050598145,4.55244779586792,4.334266185760498,4.004965782165527,1.8079806566238403,1.5502874851226807,1.183913230895996,1.2309118509292603,0.99476158618927,1.291246771812439,1.4698131084442139,1.8277431726455688,2.0605359077453613,2.403337240219116,2.6664154529571533,2.846303939819336,2.965420961380005,2.9394633769989014,2.7731409072875977,3.6280601024627686,4.00164270401001,4.119388580322266,4.498591423034668,4.69132137298584,5.0553412437438965,5.302292346954346,5.590250015258789,5.7304606437683105,6.067790985107422,6.164531707763672,6.1357598304748535,5.961738109588623,5.844130039215088,5.467831134796143,3.4662673473358154,3.4955172538757324,3.7657761573791504,3.9723315238952637,4.107161998748779,4.427728652954102,4.668744087219238,5.016870498657227,5.305667400360107,5.5768327713012695,5.899709701538086,6.2050676345825195,6.401471138000488,6.633910655975342,6.705300807952881
B1,3.110034465789795,2.8507635593414307,2.560034990310669,2.4945549964904785,2.184311866760254,2.185807466506958,1.8493012189865112,2.034433126449585,1.9457073211669922,2.013732433319092,2.165970802307129,2.38417911529541,2.4374277591705322,2.4723281860351562,2.3177692890167236,0.0,0.3703739643096924,0.6379809379577637,0.9735172390937805,1.2352023124694824,1.5111546516418457,1.772966980934143,1.9947123527526855,2.127030849456787,2.403261184692383,2.5091333389282227,2.5007424354553223,2.3839328289031982,2.2659077644348145,1.9305717945098877,1.9015650749206543,2.0766992568969727,2.0878899097442627,2.421072244644165,2.5767927169799805,2.9361050128936768,3.1777398586273193,3.437851905822754,3.5224459171295166,3.8012783527374268,3.9027581214904785,3.8981387615203857,3.784881353378296,3.5505588054656982,3.2377092838287354,2.5850133895874023,2.924928665161133,2.8653485774993896,3.230635166168213,3.2525439262390137,3.630368232727051,3.7410426139831543,3.9919676780700684,4.1201887130737305,4.419984817504883,4.521956443786621,4.545746326446533,4.451019763946533,4.469603538513184,4.136087894439697,3.5158793926239014,3.671599864959717,4.018197536468506,4.334101676940918,4.562631130218506,4.888607978820801,5.173824310302734,5.446314811706543,5.690042972564697,5.8334550857543945,6.2157697677612305,6.4289960861206055,6.5440287590026855,6.654303550720215,6.637924671173096
B2,2.8047189712524414,2.5562944412231445,2.249405860900879,2.2037558555603027,1.884610891342163,1.9279305934906006,1.6211096048355103,1.841330885887146,1.8172427415847778,1.9289612770080566,2.1217353343963623,2.3739871978759766,2.479055166244507,2.5648574829101562,2.4604601860046387,0.3703739643096924,0.0,0.3777485191822052,0.6445746421813965,0.9543080925941467,1.264733076095581,1.5283403396606445,1.7881015539169312,1.9689868688583374,2.273125410079956,2.4295339584350586,2.476024627685547,2.4112515449523926,2.3262152671813965,2.025669574737549,2.1167855262756348,2.299622058868408,2.3102047443389893,2.659844398498535,2.8047068119049072,3.1730408668518066,3.431096315383911,3.709977626800537,3.8177194595336914,4.10807991027832,4.225846767425537,4.235620498657227,4.133599758148193,3.907590389251709,3.5955517292022705,2.827338695526123,3.152661085128784,3.057173252105713,3.4132513999938965,3.408543825149536,3.7858736515045166,3.876085042953491,4.134026050567627,4.281048774719238,4.577020168304443,4.695493698120117,4.74205207824707,4.670839309692383,4.710817337036133,4.390329837799072,3.865455150604248,4.0291428565979,4.379200458526611,4.690673828125,4.923353672027588,5.247018814086914,5.535740852355957,5.8082733154296875,6.055575370788574,6.198646545410156,6.580636501312256,6.7924909591674805,6.903840065002441,7.011429786682129,6.9890289306640625
B3,2.7735884189605713,2.5698602199554443,2.255943536758423,2.27247953414917,1.9661784172058105,2.0796549320220947,1.818948745727539,2.0802364349365234,2.1006877422332764,2.245698928833008,2.447971820831299,2.716887950897217,2.837386131286621,2.935323715209961,2.8358232975006104,0.6379809379577637,0.3777485191822052,0.0,0.3828301429748535,0.6033379435539246,0.9130394458770752,1.2126671075820923,1.447091817855835,1.651018738746643,1.9489498138427734,2.1210787296295166,2.193281412124634,2.167992353439331,2.133479356765747,1.8545031547546387,2.4196646213531494,2.627932071685791,2.6621010303497314,3.012214422225952,3.1691505908966064,3.5342016220092773,3.7900075912475586,4.060362815856934,4.155734539031982,4.437519073486328,4.5402984619140625,4.532695293426514,4.411892414093018,4.168479919433594,3.8524105548858643,2.908140182495117,3.2079052925109863,3.0765790939331055,3.412785768508911,3.366917371749878,3.734511137008667,3.7879793643951416,4.031223297119141,4.173637390136719,4.453932762145996,4.572241306304932,4.631249904632568,4.580514907836914,4.651039123535156,4.347564220428467,4.072422504425049,4.245100498199463,4.594394207000732,4.913590908050537,5.151199817657471,5.471371650695801,5.759675025939941,6.020040512084961,6.2571306228637695,6.382318019866943,6.76798152923584,6.965812683105469,7.066023349761963,7.155455112457275,7.121781349182129
B4,2.592848539352417,2.409369945526123,2.0752925872802734,2.11724853515625,1.8026940822601318,1.9652786254882812,1.7558931112289429,2.027045726776123,2.1186840534210205,2.2820324897766113,2.5243382453918457,2.8065426349639893,2.966137170791626,3.096949338912964,3.033491849899292,0.9735172390937805,0.6445746421813965,0.3828301429748535,0.0,0.37340158224105835,0.6960423588752747,0.9567442536354065,1.248612880706787,1.4994865655899048,1.8274563550949097,2.055459499359131,2.188854694366455,2.2176742553710938,2.206346273422241,1.9818562269210815,2.6117947101593018,2.8325836658477783,2.8793535232543945,3.2427568435668945,3.401289463043213,3.769278049468994,4.043923854827881,4.327427387237549,4.445539474487305,4.736706256866455,4.854456901550293,4.86234188079834,4.747887134552002,4.5159220695495605,4.1935811042785645,3.105914831161499,3.3873331546783447,3.222543478012085,3.5451104640960693,3.476289749145508,3.8390936851501465,3.8752925395965576,4.127720355987549,4.294046878814697,4.571425914764404,4.711299419403076,4.796972274780273,4.772287368774414,4.860393047332764,4.572333812713623,4.384247303009033,4.57107400894165,4.927068710327148,5.238276481628418,5.4858293533325195,5.79988956451416,6.096215724945068,6.353969573974609,6.598631381988525,6.721790313720703,7.106480121612549,7.301026821136475,7.393610954284668,7.479608058929443,7.435759544372559
B5,2.6715950965881348,2.538242816925049,2.2126834392547607,2.3121328353881836,2.025923728942871,2.235713005065918,2.061366081237793,2.3545079231262207,2.460026741027832,2.641132116317749,2.877429485321045,3.167121648788452,3.3274734020233154,3.45839786529541,3.388545274734497,1.2352023124694824,0.9543080925941467,0.6033379435539246,0.37340158224105835,0.0,0.3674793243408203,0.7053881287574768,0.9408709406852722,1.228934645652771,1.5384162664413452,1.782796859741211,1.9450644254684448,2.020479917526245,2.069042921066284,1.8753421306610107,2.9113214015960693,3.1477372646331787,3.2095775604248047,3.5698630809783936,3.737987756729126,4.10279655456543,4.3711771965026855,4.644353866577148,4.746528625488281,5.0280632972717285,5.129234790802002,5.118396282196045,4.986035346984863,4.7368268966674805,4.4130940437316895,3.2072389125823975,3.463165760040283,3.2723989486694336,3.5720245838165283,3.4661481380462646,3.814058542251587,3.8136749267578125,4.045673370361328,4.201424598693848,4.459494113922119,4.594576835632324,4.688694477081299,4.681845664978027,4.798130512237549,4.527824401855469,4.56478214263916,4.755981922149658,5.108545303344727,5.427354335784912,5.676782608032227,5.987983226776123,6.281664848327637,6.527868270874023,6.760855197906494,6.8670268058776855,7.254522323608398,7.435704231262207,7.518667221069336,7.587379455566406,7.534457683563232
B6,2.9085917472839355,2.805177688598633,2.4774346351623535,2.5991463661193848,2.315847635269165,2.544279098510742,2.3884646892547607,2.671877861022949,2.796003818511963,2.9654433727264404,3.2167110443115234,3.4996981620788574,3.65998911857605,3.782904863357544,3.704070806503296,1.5111546516418457,1.264733076095581,0.9130394458770752,0.6960423588752747,0.3674793243408203,0.0,0.382934033870697,0.5734664797782898,0.8768425583839417,1.1874233484268188,1.456438660621643,1.6565477848052979,1.7776050567626953,1.862430453300476,1.7273483276367188,3.088068723678589,3.350790023803711,3.4462122917175293,3.808678150177002,4.000198841094971,4.357836723327637,4.63287878036499,4.896439552307129,4.994749546051025,5.269035816192627,5.360828876495361,5.342472553253174,5.191950798034668,4.9385294914245605,4.603392124176025,3.1900033950805664,3.412876605987549,3.1885476112365723,3.4609360694885254,3.320331573486328,3.6522622108459473,3.621472120285034,3.844686508178711,4.007020950317383,4.2526350021362305,4.398289203643799,4.513158798217773,4.532195568084717,4.6721577644348145,4.423722743988037,4.679062843322754,4.887824058532715,5.243091106414795,5.558913707733154,5.821043014526367,6.120987415313721,6.420930862426758,6.651881217956543,6.8829216957092285,6.971351623535156,7.3590407371521,7.524726867675781,7.591090679168701,7.643011093139648,7.57306432723999
B7,3.0926802158355713,2.998490571975708,2.660013198852539,2.7789151668548584,2.484947919845581,2.7181591987609863,2.5814387798309326,2.838944911956787,2.993675708770752,3.142305850982666,3.4218595027923584,3.693697690963745,3.863255262374878,3.98555850982666,3.911342144012451,1.772966980934143,1.5283403396606445,1.2126671075820923,0.9567442536354065,0.7053881287574768,0.382934033870697,0.0,0.3733604848384857,0.6507698893547058,0.9959509372711182,1.3073011636734009,1.5563507080078125,1.7139079570770264,1.795174479484558,1.7350385189056396,3.1745593547821045,3.4591479301452637,3.5866758823394775,3.9553418159484863,4.167000770568848,4.517772674560547,4.809642791748047,5.072534084320068,5.184418201446533,5.459604740142822,5.55697774887085,5.548314571380615,5.391855239868164,5.149867534637451,4.800896644592285,3.1876657009124756,3.3814358711242676,3.1247079372406006,3.3739962577819824,3.2115578651428223,3.5314431190490723,3.4857304096221924,3.7182254791259766,3.90773868560791,4.151806831359863,4.323541641235352,4.467759609222412,4.514284133911133,4.666040897369385,4.436764717102051,4.807206153869629,5.037674903869629,5.400440216064453,5.7039899826049805,5.982784271240234,6.269222259521484,6.58108377456665,6.801624298095703,7.041731834411621,7.121309280395508,7.506476879119873,7.6626811027526855,7.713820457458496,7.757747173309326,7.6707353591918945
B8,3.3354599475860596,3.2690627574920654,2.9428205490112305,3.087738513946533,2.810244560241699,3.055962562561035,2.9204375743865967,3.1902594566345215,3.333848476409912,3.487736701965332,3.755619764328003,4.028948783874512,4.187673568725586,4.299039840698242,4.2080607414245605,1.9947123527526855,1.7881015539169312,1.447091817855835,1.248612880706787,0.9408709406852722,0.5734664797782898,0.3733604848384857,0.0,0.37819600105285645,0.6678321957588196,0.9957508444786072,1.277573585510254,1.4899744987487793,1.6410975456237793,1.6258636713027954,3.415163278579712,3.709052085876465,3.848099708557129,4.209640026092529,4.43121862411499,4.776654243469238,5.058944225311279,5.307529926300049,5.3996148109436035,5.662172794342041,5.740053653717041,5.711000442504883,5.535384178161621,5.277639389038086,4.9288177490234375,3.232825517654419,3.3984107971191406,3.125826835632324,3.346968412399292,3.1512157917022705,3.449136734008789,3.3663604259490967,3.5706465244293213,3.7420942783355713,3.9631845951080322,4.125519752502441,4.274531841278076,4.336845874786377,4.514243125915527,4.304694652557373,4.893988609313965,5.12645149230957,5.482667922973633,5.791702747344971,6.070835113525391,6.352262020111084,6.659852027893066,6.866821765899658,7.093841075897217,7.155158042907715,7.541316986083984,7.682787895202637,7.723545074462891,7.7495646476745605,7.653724193572998
B9,3.7047853469848633,3.627976179122925,3.296215772628784,3.423996686935425,3.131560802459717,3.357046604156494,3.200859785079956,3.449770212173462,3.5796239376068115,3.7047507762908936,3.9765124320983887,4.2317633628845215,4.372495174407959,4.4584503173828125,4.343966960906982,2.127030849456787,1.9689868688583374,1.651018738746643,1.4994865655899048,1.228934645652771,0.8768425583839417,0.6507698893547058,0.37819600105285645,0.0,0.3605533540248871,0.669546902179718,0.9572997093200684,1.1816527843475342,1.3353267908096313,1.388491153717041,3.399019718170166,3.7122292518615723,3.8840012550354004,4.238804340362549,4.485246181488037,4.816720485687256,5.100285530090332,5.331877708435059,5.415482044219971,5.6659088134765625,5.731436729431152,5.6948041915893555,5.500671863555908,5.243708610534668,4.8848347663879395,3.018425226211548,3.1509625911712646,2.8577566146850586,3.0522286891937256,2.8341026306152344,3.1166088581085205,3.0165674686431885,3.2157933712005615,3.3935327529907227,3.610755681991577,3.7836310863494873,3.9472057819366455,4.02572774887085,4.2121195793151855,4.018686294555664,4.769230365753174,5.017609596252441,5.37377405166626,5.67489767074585,5.965898036956787,6.2326531410217285,6.5459370613098145,6.736505031585693,6.963106632232666,7.008274078369141,7.391776084899902,7.518738746643066,7.5433454513549805,7.556009769439697,7.444697856903076
B10,3.991975784301758,3.933331251144409,3.609447717666626,3.7526824474334717,3.46964430809021,3.702242136001587,3.5463383197784424,3.80143666267395,3.9240646362304688,4.050332069396973,4.314830303192139,4.569127559661865,4.700870037078857,4.776723861694336,4.648663520812988,2.403261184692383,2.273125410079956,1.9489498138427734,1.8274563550949097,1.5384162664413452,1.1874233484268188,0.9959509372711182,0.6678321957588196,0.3605533540248871,0.0,0.36637234687805176,0.7183228731155396,1.0226290225982666,1.2574679851531982,1.3812307119369507,3.6524970531463623,3.9717671871185303,4.154639720916748,4.501002788543701,4.756450176239014,5.0804219245910645,5.355823040008545,5.5732245445251465,5.640234470367432,5.877928733825684,5.926076412200928,5.872405529022217,5.6610565185546875,5.393202781677246,5.035229682922363,3.092142343521118,3.189983606338501,2.8837127685546875,3.0414087772369385,2.7900638580322266,3.041332721710205,2.9006271362304688,3.066704273223877,3.226074695587158,3.4160990715026855,3.5814201831817627,3.7534635066986084,3.8523850440979004,4.065516948699951,3.897460460662842,4.872661113739014,5.123702526092529,5.471920490264893,5.774184226989746,6.066061019897461,6.324480056762695,6.63381290435791,6.8090033531188965,7.023548126220703,7.049818515777588,7.432167053222656,7.543124198913574,7.555361747741699,7.5496506690979,7.4276885986328125
B11,4.30714750289917,4.239617347717285,3.9169113636016846,4.050537109375,3.7617061138153076,3.9777655601501465,3.7988104820251465,4.047529220581055,4.144792556762695,4.255414962768555,4.508314609527588,4.750498294830322,4.85984992980957,4.910912036895752,4.7573981285095215,2.5091333389282227,2.4295339584350586,2.1210787296295166,2.055459499359131,1.782796859741211,1.456438660621643,1.3073011636734009,0.9957508444786072,0.669546902179718,0.36637234687805176,0.0,0.3715018033981323,0.7155604362487793,1.0041875839233398,1.1846802234649658,3.6768524646759033,4.0016045570373535,4.199974060058594,4.5322794914245605,4.801229476928711,5.111790657043457,5.376199245452881,5.573116302490234,5.620267868041992,5.841299533843994,5.86961555480957,5.798910140991211,5.568810939788818,5.2937092781066895,4.935572147369385,2.926697254180908,2.9962985515594482,2.68818998336792,2.819490671157837,2.5499656200408936,2.7807822227478027,2.61869478225708,2.7596092224121094,2.8983442783355713,3.0761961936950684,3.2313644886016846,3.4013590812683105,3.5057318210601807,3.7300705909729004,3.5749168395996094,4.718122482299805,4.972387313842773,5.312432289123535,5.613002300262451,5.90651273727417,6.154778480529785,6.460986137390137,6.620880126953125,6.825807571411133,6.8354387283325195,7.215630531311035,7.312764644622803,7.314117908477783,7.294335842132568,7.163934230804443
B12,4.5401530265808105,4.454342842102051,4.132152080535889,4.2481584548950195,3.9513301849365234,4.143514156341553,3.9364676475524902,4.175826549530029,4.241765022277832,4.334167003631592,4.571439743041992,4.798918724060059,4.8826494216918945,4.906754016876221,4.7270894050598145,2.5007424354553223,2.476024627685547,2.193281412124634,2.188854694366455,1.9450644254684448,1.6565477848052979,1.5563507080078125,1.277573585510254,0.9572997093200684,0.7183228731155396,0.3715018033981323,0.0,0.3701860010623932,0.7151182293891907,0.9256426095962524,3.580660104751587,3.9054477214813232,4.1139445304870605,4.4297003746032715,4.708522796630859,5.005047798156738,5.256041049957275,5.432568550109863,5.459666728973389,5.664433479309082,5.674203395843506,5.587963581085205,5.342392444610596,5.061506748199463,4.704893112182617,2.6767842769622803,2.730969190597534,2.433824300765991,2.55369234085083,2.282317876815796,2.5059163570404053,2.3419549465179443,2.4651875495910645,2.5787763595581055,2.7576637268066406,2.896845817565918,3.0518481731414795,3.14516019821167,3.367480993270874,3.2104012966156006,4.447092056274414,4.701140403747559,5.033199787139893,5.333003044128418,5.625844955444336,5.86699104309082,6.169369697570801,6.318453788757324,6.5154876708984375,6.514094829559326,6.89278507232666,6.981470108032227,6.977286338806152,6.9497270584106445,6.816402435302734
B13,4.669451713562012,4.556681156158447,4.2320709228515625,4.320796966552734,4.011859893798828,4.173296928405762,3.937725305557251,4.1594390869140625,4.195674896240234,4.263884544372559,4.488560199737549,4.6973466873168945,4.756732940673828,4.754552364349365,4.55244779586792,2.3839328289031982,2.4112515449523926,2.167992353439331,2.2176742553710938,2.020479917526245,1.7776050567626953,1.7139079570770264,1.4899744987487793,1.1816527843475342,1.0226290225982666,0.7155604362487793,0.3701860010623932,0.0,0.3863944709300995,0.6096435785293579,3.3420794010162354,3.6658122539520264,3.884274959564209,4.185119152069092,4.473113059997559,4.755969047546387,4.997798442840576,5.158204555511475,5.173104763031006,5.366419792175293,5.365475654602051,5.272531032562256,5.017933368682861,4.73822021484375,4.3799543380737305,2.3370866775512695,2.391017198562622,2.1095402240753174,2.238640069961548,1.9843698740005493,2.2225310802459717,2.0858800411224365,2.216508626937866,2.3197412490844727,2.5225670337677,2.6535754203796387,2.7885427474975586,2.8563475608825684,3.056105613708496,2.8791868686676025,4.091736793518066,4.348111152648926,4.677931308746338,4.974915504455566,5.26975154876709,5.50625467300415,5.809193134307861,5.954192638397217,6.151673793792725,6.148399829864502,6.526334762573242,6.614371299743652,6.609498023986816,6.583854675292969,6.451328754425049
B14,4.7402825355529785,4.597842216491699,4.265092849731445,4.320173263549805,3.9936389923095703,4.1230340003967285,3.866811513900757,4.058892726898193,4.079921245574951,4.115893363952637,4.342015266418457,4.528189659118652,4.5719804763793945,4.549002647399902,4.334266185760498,2.2659077644348145,2.3262152671813965,2.133479356765747,2.206346273422241,2.069042921066284,1.862430453300476,1.795174479484558,1.6410975456237793,1.3353267908096313,1.2574679851531982,1.0041875839233398,0.7151182293891907,0.3863944709300995,0.0,0.3929113745689392,3.0291290283203125,3.35952091217041,3.598314046859741,3.8916726112365723,4.193995475769043,4.464034557342529,4.710183143615723,4.862790107727051,4.88299560546875,5.073626518249512,5.076324939727783,4.993359565734863,4.7381157875061035,4.4737677574157715,4.105400085449219,1.9634979963302612,2.020298957824707,1.7359087467193604,1.8862276077270508,1.6551672220230103,1.927024245262146,1.8392651081085205,2.0143795013427734,2.1478898525238037,2.3935883045196533,2.5449161529541016,2.677597761154175,2.7265634536743164,2.8886091709136963,2.6891157627105713,3.777484655380249,4.048048496246338,4.3857879638671875,4.671309471130371,4.977614879608154,5.2069172859191895,5.520219802856445,5.665353775024414,5.876944065093994,5.879499912261963,6.255403995513916,6.347825527191162,6.341301441192627,6.325160026550293,6.190141677856445
