,A1,A2,A3,A4,A5,A6,A7,A8,A9,A10,A11,A12,A13,A14,A15,B1,B2,B3,B4,B5,B6,B7,B8,B9,B10,B11,B12,B13,B14,B15,C1,C2,C3,C4,C5,C6,C7,C8,C9,C10,C11,C12,C13,C14,C15,D1,D2,D3,D4,D5,D6,D7,D8,D9,D10,D11,D12,D13,D14,D15,E1,E2,E3,E4,E5,E6,E7,E8,E9,E10,E11,E12,E13,E14,E15
A1,0.0,0.38449475169181824,0.5970504283905029,0.9421972632408142,1.176634669303894,1.471352458000183,1.7205381393432617,2.026719331741333,2.2478344440460205,2.564652919769287,2.7807247638702393,3.109375238418579,3.3218374252319336,3.3862228393554688,3.1944782733917236,4.3130598068237305,4.548402786254883,4.631103992462158,4.737861156463623,4.9549946784973145,4.84381103515625,5.20583963394165,5.181408882141113,5.1865763664245605,5.38071870803833,5.246138572692871,5.447484016418457,5.086551189422607,4.924923419952393,4.565931797027588,4.2548112869262695,4.617897987365723,4.799251556396484,5.154429912567139,5.387797832489014,5.510499954223633,5.886421203613281,6.07568883895874,6.24984884262085,6.569390296936035,6.727451324462891,6.724131107330322,6.541581153869629,6.221738338470459,5.834846019744873,4.015896320343018,4.280538082122803,4.539264678955078,4.8479461669921875,5.15510892868042,5.404654026031494,5.734464168548584,5.997780799865723,6.225554466247559,6.574176788330078,6.771651744842529,6.7632269859313965,6.540888786315918,6.165712833404541,5.970630168914795,3.026219606399536,2.8396079540252686,2.673373222351074,2.4389755725860596,2.5676355361938477,2.348388195037842,2.494035005569458,2.217646598815918,2.4620113372802734,2.2717316150665283,2.344774007797241,2.3840579986572266,2.2390363216400146,2.221022129058838,2.0158536434173584
A2,0.38449475169181824,0.0,0.38333240151405334,0.6354541182518005,0.9020920395851135,1.1647149324417114,1.445699691772461,1.7266054153442383,1.9749529361724854,2.2847046852111816,2.489665985107422,2.8287627696990967,3.0547428131103516,3.1533241271972656,2.9810068607330322,4.24836540222168,4.466219902038574,4.517513751983643,4.617076396942139,4.811198711395264,4.676527500152588,5.0290021896362305,4.98084831237793,4.985441207885742,5.15923547744751,5.018648624420166,5.217415809631348,4.864939212799072,4.724215507507324,4.364816188812256,4.201770305633545,4.554262638092041,4.715442180633545,5.0673956871032715,5.28158712387085,5.382560729980469,5.757908344268799,5.929643630981445,6.099700450897217,6.4059295654296875,6.557046413421631,6.546571731567383,6.362677097320557,6.044998645782471,5.660248279571533,3.9221293926239014,4.160132884979248,4.42919397354126,4.719742774963379,5.036815166473389,5.268800258636475,5.61106014251709,5.858526229858398,6.095266819000244,6.433165550231934,6.630439758300781,6.619410514831543,6.393145561218262,6.024548530578613,5.819072723388672,2.9430885314941406,2.7277584075927734,2.60457444190979,2.340564727783203,2.4962995052337646,2.2523083686828613,2.439725875854492,2.165755033493042,2.434100389480591,2.295025587081909,2.346839427947998,2.438659429550171,2.3030855655670166,2.3410189151763916,2.190082550048828
A3,0.5970504283905029,0.38333240151405334,0.0,0.3726082146167755,0.6675785779953003,0.9019522070884705,1.1830413341522217,1.4617164134979248,1.6646791696548462,1.9948210716247559,2.1921677589416504,2.523517608642578,2.7504541873931885,2.8281524181365967,2.6636745929718018,4.065395355224609,4.262439727783203,4.314651966094971,4.388007640838623,4.5845441818237305,4.438972473144531,4.787292957305908,4.736043453216553,4.718447208404541,4.89161491394043,4.737275123596191,4.929798126220703,4.5721659660339355,4.432457447052002,4.08119010925293,4.1173248291015625,4.4693756103515625,4.646907806396484,4.985820293426514,5.205009460449219,5.288154602050781,5.669458866119385,5.828876495361328,5.977327346801758,6.2827839851379395,6.415433883666992,6.386175632476807,6.184726715087891,5.854954719543457,5.4710373878479,3.868013620376587,4.106031894683838,4.396698474884033,4.6723504066467285,5.0037312507629395,5.2186198234558105,5.561893463134766,5.798892498016357,6.019957065582275,6.354713439941406,6.533257007598877,6.501081466674805,6.257880687713623,5.884884357452393,5.661479473114014,2.820250988006592,2.6346726417541504,2.5422515869140625,2.3102850914001465,2.516038417816162,2.309821128845215,2.5387299060821533,2.308760166168213,2.6124777793884277,2.503955841064453,2.5962321758270264,2.7102243900299072,2.6096949577331543,2.658857583999634,2.5046215057373047
A4,0.9421972632408142,0.6354541182518005,0.3726082146167755,0.0,0.39623892307281494,0.5469788312911987,0.8673385381698608,1.115153193473816,1.3443365097045898,1.665385127067566,1.8569469451904297,2.196263074874878,2.431724786758423,2.540062427520752,2.393641471862793,3.943699836730957,4.119203567504883,4.141132831573486,4.203487396240234,4.3774261474609375,4.209136486053467,4.546621322631836,4.473557949066162,4.453225612640381,4.6078691482543945,4.447785377502441,4.637579917907715,4.287710666656494,4.166894912719727,3.816800355911255,4.0238447189331055,4.362835884094238,4.5240092277526855,4.854826927185059,5.056446075439453,5.11573600769043,5.496004581451416,5.636526107788086,5.7762956619262695,6.068838596343994,6.191372871398926,6.152420520782471,5.947235584259033,5.618272304534912,5.2375807762146,3.7463760375976562,3.957796096801758,4.260526180267334,4.514211177825928,4.855707168579102,5.049644947052002,5.402375221252441,5.6218719482421875,5.846342086791992,6.169727325439453,6.343456268310547,6.304745674133301,6.055509567260742,5.688815593719482,5.45356559753418,2.708693027496338,2.5061111450195312,2.464503526687622,2.2195870876312256,2.457667827606201,2.2466442584991455,2.5171422958374023,2.3097891807556152,2.634983777999878,2.5797104835510254,2.666219711303711,2.82539963722229,2.7466940879821777,2.840902805328369,2.728483200073242
A5,1.176634669303894,0.9020920395851135,0.6675785779953003,0.39623892307281494,0.0,0.3845767080783844,0.5497937202453613,0.8713556528091431,1.1405538320541382,1.4132381677627563,1.6664718389511108,1.98862624168396,2.181424617767334,2.281686305999756,2.0990843772888184,3.566441297531128,3.739952802658081,3.754122734069824,3.823287010192871,3.994203567504883,3.830655813217163,4.1715898513793945,4.105267524719238,4.098773956298828,4.262972831726074,4.118201732635498,4.316469669342041,3.966156005859375,3.833132028579712,3.474811553955078,3.6522421836853027,3.986147880554199,4.1454548835754395,4.471656322479248,4.671065330505371,4.724931716918945,5.1059088706970215,5.244146347045898,5.3813157081604,5.674753189086914,5.797097682952881,5.759406089782715,5.555830001831055,5.228096008300781,4.846609592437744,3.373688220977783,3.580371379852295,3.8904247283935547,4.136737823486328,4.482774257659912,4.670002460479736,5.022584915161133,5.238615036010742,5.458700180053711,5.781249523162842,5.9512553215026855,5.909867763519287,5.65960693359375,5.292662620544434,5.0576629638671875,2.3324029445648193,2.1291890144348145,2.1119441986083984,1.8760043382644653,2.1419198513031006,1.9556244611740112,2.2571375370025635,2.0945096015930176,2.4444384574890137,2.43521785736084,2.5551064014434814,2.749614715576172,2.7223901748657227,2.853173017501831,2.7718026638031006
A6,1.471352458000183,1.1647149324417114,0.9019522070884705,0.5469788312911987,0.3845767080783844,0.0,0.3848561942577362,0.5687896013259888,0.8303518295288086,1.1277803182601929,1.33255934715271,1.6710666418075562,1.9008846282958984,2.035454034805298,1.9055454730987549,3.656599283218384,3.7950055599212646,3.780405044555664,3.8189165592193604,3.965724229812622,3.7686562538146973,4.090634346008301,3.9935567378997803,3.96374249458313,4.099479675292969,3.931666135787964,4.117857456207275,3.775001049041748,3.672929286956787,3.326965093612671,3.815200090408325,4.133569717407227,4.282459259033203,4.593326568603516,4.775973320007324,4.798866271972656,5.178256511688232,5.290963172912598,5.409291744232178,5.686405181884766,5.7885565757751465,5.730660438537598,5.514248847961426,5.182024002075195,4.806781768798828,3.52636981010437,3.704069137573242,4.028225421905518,4.245693683624268,4.602647304534912,4.7621026039123535,5.122341632843018,5.315577983856201,5.533209800720215,5.840920925140381,5.998490333557129,5.942049980163574,5.679107189178467,5.318915367126465,5.063539505004883,2.4905781745910645,2.291215658187866,2.3306620121002197,2.102134943008423,2.394474506378174,2.213597059249878,2.5400922298431396,2.3948776721954346,2.7488009929656982,2.7680134773254395,2.872671127319336,3.084946632385254,3.054119348526001,3.197636365890503,3.127265691757202
A7,1.7205381393432617,1.445699691772461,1.1830413341522217,0.8673385381698608,0.5497937202453613,0.3848561942577362,0.0,0.37244731187820435,0.6553611755371094,0.8739237189292908,1.162096619606018,1.4667112827301025,1.6395775079727173,1.7551190853118896,1.5837337970733643,3.2935571670532227,3.4221489429473877,3.3999297618865967,3.4365503787994385,3.5810742378234863,3.385624408721924,3.7102575302124023,3.6198713779449463,3.5973737239837646,3.7441723346710205,3.588263511657715,3.782026529312134,3.4359779357910156,3.320016384124756,2.967080593109131,3.488577365875244,3.7992937564849854,3.950881004333496,4.251532554626465,4.433389186859131,4.446402072906494,4.827084541320801,4.934510707855225,5.043881893157959,5.321991443634033,5.418896198272705,5.357246398925781,5.1374287605285645,4.802746772766113,4.426904201507568,3.212148904800415,3.38380765914917,3.718813419342041,3.9235036373138428,4.286597728729248,4.4344401359558105,4.792654991149902,4.9796552658081055,5.1873579025268555,5.493238925933838,5.641590118408203,5.576769828796387,5.308502674102783,4.946908950805664,4.687216758728027,2.1663691997528076,1.9828113317489624,2.0605390071868896,1.8623406887054443,2.1861400604248047,2.0484795570373535,2.400139331817627,2.3102564811706543,2.6801726818084717,2.7399935722351074,2.878554344177246,3.114894151687622,3.129966974258423,3.296957492828369,3.246086597442627
A8,2.026719331741333,1.7266054153442383,1.4617164134979248,1.115153193473816,0.8713556528091431,0.5687896013259888,0.37244731187820435,0.0,0.3863886296749115,0.5765839219093323,0.8202843070030212,1.1437740325927734,1.3538322448730469,1.5248264074325562,1.4200533628463745,3.3967185020446777,3.488286018371582,3.431659698486328,3.4392969608306885,3.5526859760284424,3.322416067123413,3.623070478439331,3.498076915740967,3.455329656600952,3.568568468093872,3.391521453857422,3.573094129562378,3.238797903060913,3.1592013835906982,2.8205153942108154,3.649104118347168,3.939089298248291,4.074375629425049,4.357573509216309,4.518276691436768,4.499358654022217,4.874820709228516,4.955065727233887,5.046399116516113,5.305077075958252,5.382253170013428,5.3017401695251465,5.071875095367432,4.736160755157471,4.369178771972656,3.3586723804473877,3.4958927631378174,3.8396313190460205,4.012523651123047,4.382688522338867,4.50103759765625,4.865206718444824,5.027341842651367,5.233458042144775,5.521880149841309,5.6586503982543945,5.580838680267334,5.302563190460205,4.9511919021606445,4.673379898071289,2.3529622554779053,2.1721017360687256,2.301379680633545,2.109605550765991,2.4438421726226807,2.308699369430542,2.6738922595977783,2.597313404083252,2.9647278785705566,3.0496840476989746,3.1715247631073,3.4237143993377686,3.436347723007202,3.6169469356536865,3.579468250274658
A9,2.2478344440460205,1.9749529361724854,1.6646791696548462,1.3443365097045898,1.1405538320541382,0.8303518295288086,0.6553611755371094,0.3863886296749115,0.0,0.38404959440231323,0.553667426109314,0.862237274646759,1.097182035446167,1.2320467233657837,1.1761600971221924,3.3989078998565674,3.457805871963501,3.4041190147399902,3.369493007659912,3.483135938644409,3.236898422241211,3.5236480236053467,3.3916776180267334,3.308253049850464,3.414376974105835,3.2098898887634277,3.3767383098602295,3.0362660884857178,2.9658823013305664,2.648130416870117,3.769558906555176,4.0531086921691895,4.2064714431762695,4.469193935394287,4.634580612182617,4.596760272979736,4.972881317138672,5.03803825378418,5.1012725830078125,5.3557610511779785,5.408202648162842,5.303470134735107,5.05187463760376,4.702936172485352,4.342410087585449,3.5271058082580566,3.6633923053741455,4.019747734069824,4.17446231842041,4.551018238067627,4.650173664093018,5.0079026222229,5.157042503356934,5.341584205627441,5.623144626617432,5.736154556274414,5.633601665496826,5.337428569793701,4.984875202178955,4.6874098777771,2.484405040740967,2.3549318313598633,2.502987861633301,2.35874605178833,2.7108922004699707,2.6126396656036377,2.9812653064727783,2.926043748855591,3.2992429733276367,3.380389928817749,3.521287441253662,3.7661283016204834,3.7825517654418945,3.9498751163482666,3.892967939376831
A10,2.564652919769287,2.2847046852111816,1.9948210716247559,1.665385127067566,1.4132381677627563,1.1277803182601929,0.8739237189292908,0.5765839219093323,0.38404959440231323,0.0,0.38260045647621155,0.6095746159553528,0.7781141400337219,0.9671892523765564,0.9203053116798401,3.2098207473754883,3.241117238998413,3.152726173400879,3.1076409816741943,3.1923165321350098,2.9264509677886963,3.198514938354492,3.047593832015991,2.9684715270996094,3.0601541996002197,2.859731674194336,3.0296010971069336,2.6975395679473877,2.640737533569336,2.321817398071289,3.608020305633545,3.867741584777832,4.003602981567383,4.248488426208496,4.394707202911377,4.331839561462402,4.701755523681641,4.747154712677002,4.798103332519531,5.039298057556152,5.080611228942871,4.967177391052246,4.713274955749512,4.367142677307129,4.012462139129639,3.3552496433258057,3.45967698097229,3.821260929107666,3.9461867809295654,4.326070785522461,4.3995842933654785,4.75825309753418,4.8874616622924805,5.067821025848389,5.335832595825195,5.439746379852295,5.3293023109436035,5.028690814971924,4.684811592102051,4.378445625305176,2.375821352005005,2.25180983543396,2.452481985092163,2.327049970626831,2.6881864070892334,2.6141629219055176,2.9953067302703857,2.9798645973205566,3.3524422645568848,3.474846124649048,3.6208620071411133,3.890209913253784,3.9347033500671387,4.128705024719238,4.099584102630615
A11,2.7807247638702393,2.489665985107422,2.1921677589416504,1.8569469451904297,1.6664718389511108,1.33255934715271,1.162096619606018,0.8202843070030212,0.553667426109314,0.38260045647621155,0.0,0.3571179211139679,0.6790805459022522,0.9312247037887573,1.0351289510726929,3.5099072456359863,3.512718677520752,3.4085099697113037,3.3316760063171387,3.3939878940582275,3.1018099784851074,3.342841148376465,3.161126136779785,3.046929121017456,3.0981791019439697,2.864323139190674,3.00876522064209,2.6937618255615234,2.6842260360717773,2.4007129669189453,3.9543724060058594,4.202420711517334,4.331638813018799,4.5630621910095215,4.696656227111816,4.612461090087891,4.97556209564209,4.999826431274414,5.033031463623047,5.256504058837891,5.277369499206543,5.144418716430664,4.879412651062012,4.5327277183532715,4.191632270812988,3.702486038208008,3.7893247604370117,4.151872634887695,4.257630825042725,4.638319492340088,4.692361354827881,5.051615238189697,5.162441730499268,5.33860969543457,5.591625213623047,5.683561325073242,5.560574054718018,5.251675128936768,4.918247699737549,4.597559452056885,2.74415922164917,2.625494956970215,2.8334884643554688,2.7054407596588135,3.0641684532165527,2.9795279502868652,3.360487937927246,3.332709312438965,3.7022619247436523,3.8202922344207764,3.950314521789551,4.2177934646606445,4.244236946105957,4.433549880981445,4.398707389831543
A12,3.109375238418579,2.8287627696990967,2.523517608642578,2.196263074874878,1.98862624168396,1.6710666418075562,1.4667112827301025,1.1437740325927734,0.862237274646759,0.6095746159553528,0.3571179211139679,0.0,0.37020015716552734,0.6567941308021545,0.8660805225372314,3.4335038661956787,3.39847993850708,3.275890827178955,3.1654255390167236,3.2066683769226074,2.8951709270477295,3.1103508472442627,2.912203311920166,2.771009683609009,2.8034613132476807,2.5522265434265137,2.6844396591186523,2.3752479553222656,2.3873953819274902,2.128364086151123,3.9564900398254395,4.1836371421813965,4.311975479125977,4.5179243087768555,4.641829013824463,4.532251358032227,4.888263702392578,4.891105651855469,4.898486614227295,5.109316349029541,5.106997013092041,4.9536519050598145,4.674768447875977,4.324107646942139,3.9950356483459473,3.7307205200195312,3.798319101333618,4.165929317474365,4.2429423332214355,4.624814510345459,4.652094841003418,5.0041069984436035,5.094455718994141,5.252863883972168,5.4916486740112305,5.562267780303955,5.4195146560668945,5.098765850067139,4.772866725921631,4.437116622924805,2.806619167327881,2.720921754837036,2.959134817123413,2.866399049758911,3.2323665618896484,3.179415464401245,3.5641558170318604,3.567431926727295,3.9379332065582275,4.0742363929748535,4.217979907989502,4.4936370849609375,4.538342475891113,4.73487663269043,4.704989910125732
A13,3.3218374252319336,3.0547428131103516,2.7504541873931885,2.431724786758423,2.181424617767334,1.9008846282958984,1.6395775079727173,1.3538322448730469,1.097182035446167,0.7781141400337219,0.6790805459022522,0.37020015716552734,0.0,0.3869272470474243,0.6235893368721008,3.1587090492248535,3.0974009037017822,2.959451913833618,2.831888437271118,2.859738349914551,2.540371894836426,2.746610641479492,2.5473475456237793,2.401489019393921,2.4405603408813477,2.1942222118377686,2.3347554206848145,2.0172348022460938,2.0201542377471924,1.7587482929229736,3.734588146209717,3.9427335262298584,4.070743560791016,4.255795955657959,4.374302387237549,4.248820781707764,4.6002397537231445,4.5918145179748535,4.5826005935668945,4.789909839630127,4.77581262588501,4.613237380981445,4.32697868347168,3.9725842475891113,3.6473610401153564,3.5343148708343506,3.5876197814941406,3.9580798149108887,4.013035774230957,4.394388198852539,4.402988433837891,4.746546268463135,4.8247294425964355,4.967222690582275,5.19891357421875,5.25455904006958,5.099043369293213,4.771155834197998,4.44759464263916,4.104365348815918,2.653287649154663,2.599902868270874,2.866726875305176,2.8131468296051025,3.1822986602783203,3.1680822372436523,3.5529773235321045,3.59578013420105,3.965017557144165,4.1240410804748535,4.287955284118652,4.573183059692383,4.646798610687256,4.854613780975342,4.8358154296875
A14,3.3862228393554688,3.1533241271972656,2.8281524181365967,2.540062427520752,2.281686305999756,2.035454034805298,1.7551190853118896,1.5248264074325562,1.2320467233657837,0.9671892523765564,0.9312247037887573,0.6567941308021545,0.3869272470474243,0.0,0.38551846146583557,2.9711947441101074,2.895233392715454,2.7867119312286377,2.6306374073028564,2.6863980293273926,2.3822402954101562,2.595999002456665,2.429919719696045,2.254689931869507,2.3321852684020996,2.0811409950256348,2.2211995124816895,1.8749477863311768,1.8327949047088623,1.5790975093841553,3.6413159370422363,3.852262258529663,4.0110321044921875,4.183084487915039,4.322537422180176,4.2015461921691895,4.55630350112915,4.554087162017822,4.527669906616211,4.7479352951049805,4.7235517501831055,4.551445007324219,4.249998092651367,3.881321907043457,3.5557620525360107,3.507354736328125,3.582531213760376,3.9576525688171387,4.014971733093262,4.395487308502197,4.405355453491211,4.734182357788086,4.817832946777344,4.9351019859313965,5.173303604125977,5.210827827453613,5.0382232666015625,4.699315547943115,4.365766525268555,4.017141819000244,2.5834128856658936,2.5857484340667725,2.8439598083496094,2.8385732173919678,3.213789463043213,3.2381179332733154,3.616250514984131,3.679230213165283,4.052540302276611,4.200944423675537,4.393995761871338,4.66705846786499,4.753625392913818,4.947048187255859,4.910166263580322
A15,3.1944782733917236,2.9810068607330322,2.6636745929718018,2.393641471862793,2.0990843772888184,1.9055454730987549,1.5837337970733643,1.4200533628463745,1.1761600971221924,0.9203053116798401,1.0351289510726929,0.8660805225372314,0.6235893368721008,0.38551846146583557,0.0,2.6371560096740723,2.589916229248047,2.50533390045166,2.3797426223754883,2.4710123538970947,2.1991512775421143,2.4577739238739014,2.3355448246002197,2.202049493789673,2.3375110626220703,2.13148832321167,2.3032071590423584,1.9364078044891357,1.8233294486999512,1.5177557468414307,3.28759765625,3.5126593112945557,3.6860361099243164,3.8707094192504883,4.028575897216797,3.9311470985412598,4.295581817626953,4.317777156829834,4.308581829071045,4.55147123336792,4.5488152503967285,4.397254467010498,4.1057257652282715,3.7343595027923584,3.3909220695495605,3.168384075164795,3.2663121223449707,3.642570734024048,3.7200772762298584,4.100607872009277,4.1312785148620605,4.457917213439941,4.562554359436035,4.680937767028809,4.937326431274414,4.985769271850586,4.824343204498291,4.492039203643799,4.143588542938232,3.8087449073791504,2.2102434635162354,2.2287423610687256,2.480605363845825,2.496425151824951,2.8720569610595703,2.918855667114258,3.2910075187683105,3.370959758758545,3.7434825897216797,3.892500877380371,4.103918075561523,4.3735880851745605,4.477442741394043,4.6703200340271,4.635059833526611
B1,4.3130598068237305,4.24836540222168,4.065395355224609,3.943699836730957,3.566441297531128,3.656599283218384,3.2935571670532227,3.3967185020446777,3.3989078998565674,3.2098207473754883,3.5099072456359863,3.4335038661956787,3.1587090492248535,2.9711947441101074,2.6371560096740723,0.0,0.3813396394252777,0.6714544296264648,0.9427345395088196,1.2464543581008911,1.498573899269104,1.819157361984253,2.0984790325164795,2.281944513320923,2.653576612472534,2.8012871742248535,3.0266149044036865,2.7764878273010254,2.421755313873291,2.188805341720581,1.1442716121673584,1.2546659708023071,1.570236325263977,1.644953727722168,1.9288078546524048,1.96067214012146,2.3057849407196045,2.4643731117248535,2.4876949787139893,2.853227138519287,2.949190378189087,2.932185649871826,2.741410493850708,2.4335718154907227,2.0956387519836426,1.54713773727417,1.702932596206665,1.9590041637420654,2.0222809314727783,2.2904064655303955,2.3591256141662598,2.532459020614624,2.7134110927581787,2.705474376678467,3.0302810668945312,3.0601048469543457,2.9267446994781494,2.6543710231781006,2.2549855709075928,2.0772032737731934,1.421138048171997,1.7647831439971924,1.9272812604904175,2.2755677700042725,2.42211651802063,2.758763074874878,2.9210870265960693,3.2428691387176514,3.4689624309539795,3.684281349182129,4.008619785308838,4.240963935852051,4.525313854217529,4.729282855987549,4.763689994812012
B2,4.548402786254883,4.466219902038574,4.262439727783203,4.119203567504883,3.739952802658081,3.7950055599212646,3.4221489429473877,3.488286018371582,3.457805871963501,3.241117238998413,3.512718677520752,3.39847993850708,3.0974009037017822,2.895233392715454,2.589916229248047,0.3813396394252777,0.0,0.3935152292251587,0.591576874256134,0.9091771841049194,1.193433403968811,1.4876630306243896,1.792176365852356,1.966304898262024,2.3441038131713867,2.5065159797668457,2.7217588424682617,2.491161584854126,2.1327743530273438,1.9394594430923462,1.4532086849212646,1.4964964389801025,1.7648320198059082,1.7751150131225586,2.0129077434539795,1.9740486145019531,2.3003835678100586,2.406221866607666,2.3722283840179443,2.7157182693481445,2.7664144039154053,2.709026575088501,2.485414743423462,2.157012701034546,1.8273481130599976,1.8148763179779053,1.9079288244247437,2.1664814949035645,2.166860580444336,2.4338576793670654,2.4429686069488525,2.6065454483032227,2.7389440536499023,2.7009057998657227,2.99359130859375,2.982090950012207,2.8063762187957764,2.5023317337036133,2.109631299972534,1.8869824409484863,1.700707197189331,2.0252768993377686,2.2281088829040527,2.55645751953125,2.7289881706237793,3.0496749877929688,3.235854387283325,3.551271438598633,3.7897512912750244,4.013978481292725,4.330168724060059,4.5738348960876465,4.85126256942749,5.061550617218018,5.095250606536865
B3,4.631103992462158,4.517513751983643,4.314651966094971,4.141132831573486,3.754122734069824,3.780405044555664,3.3999297618865967,3.431659698486328,3.4041190147399902,3.152726173400879,3.4085099697113037,3.275890827178955,2.959451913833618,2.7867119312286377,2.50533390045166,0.6714544296264648,0.3935152292251587,0.0,0.3856144845485687,0.5911645293235779,0.8709331154823303,1.1642571687698364,1.455369234085083,1.6743037700653076,2.036682605743408,2.224193572998047,2.4452219009399414,2.2383904457092285,1.9019086360931396,1.7114709615707397,1.5431455373764038,1.541651964187622,1.7336148023605347,1.7247519493103027,1.901782512664795,1.7959833145141602,2.123964548110962,2.18428635597229,2.1340744495391846,2.4569759368896484,2.4927146434783936,2.4177260398864746,2.1825296878814697,1.8420302867889404,1.4908019304275513,1.7906228303909302,1.8088082075119019,2.0798044204711914,2.025667905807495,2.3090217113494873,2.2701735496520996,2.4563260078430176,2.550203800201416,2.5260894298553467,2.7969248294830322,2.782215118408203,2.5959043502807617,2.2735090255737305,1.8841699361801147,1.6183408498764038,1.7667745351791382,2.040343761444092,2.2947895526885986,2.5874571800231934,2.770855665206909,3.0691030025482178,3.275686025619507,3.5902040004730225,3.83255934715271,4.083608150482178,4.378767490386963,4.645410537719727,4.920033931732178,5.152282238006592,5.206077575683594
B4,4.737861156463623,4.617076396942139,4.388007640838623,4.203487396240234,3.823287010192871,3.8189165592193604,3.4365503787994385,3.4392969608306885,3.369493007659912,3.1076409816741943,3.3316760063171387,3.1654255390167236,2.831888437271118,2.6306374073028564,2.3797426223754883,0.9427345395088196,0.591576874256134,0.3856144845485687,0.0,0.37099894881248474,0.6347320079803467,0.9133126139640808,1.2236089706420898,1.3828558921813965,1.7624186277389526,1.9371743202209473,2.145606279373169,1.9382365942001343,1.5876576900482178,1.4395934343338013,1.9195202589035034,1.9248746633529663,2.1144094467163086,2.0873003005981445,2.243976593017578,2.102287769317627,2.4078333377838135,2.424745798110962,2.3233604431152344,2.6128432750701904,2.5948948860168457,2.466796875,2.186075448989868,1.816450595855713,1.4846657514572144,2.1569409370422363,2.1705923080444336,2.4504644870758057,2.381385564804077,2.6659088134765625,2.6006293296813965,2.78200626373291,2.8442463874816895,2.8008551597595215,3.041494131088257,2.9912168979644775,2.7677252292633057,2.4199695587158203,2.0518572330474854,1.7433897256851196,2.005272626876831,2.277686595916748,2.5443997383117676,2.82485294342041,3.0411627292633057,3.3236751556396484,3.5548925399780273,3.8517870903015137,4.114379405975342,4.355804920196533,4.650405406951904,4.918474197387695,5.178496837615967,5.404902935028076,5.443032741546631
B5,4.9549946784973145,4.811198711395264,4.5845441818237305,4.3774261474609375,3.994203567504883,3.965724229812622,3.5810742378234863,3.5526859760284424,3.483135938644409,3.1923165321350098,3.3939878940582275,3.2066683769226074,2.859738349914551,2.6863980293273926,2.4710123538970947,1.2464543581008911,0.9091771841049194,0.5911645293235779,0.37099894881248474,0.0,0.38937807083129883,0.5865515470504761,0.9178236126899719,1.1388713121414185,1.4969103336334229,1.7190288305282593,1.9232008457183838,1.765861988067627,1.4503180980682373,1.3456742763519287,2.0960423946380615,2.0542876720428467,2.1813395023345947,2.119713544845581,2.2166523933410645,2.014402151107788,2.295077085494995,2.258445978164673,2.1234683990478516,2.3774707317352295,2.328697443008423,2.1724491119384766,1.874025583267212,1.4931787252426147,1.15969979763031,2.269122362136841,2.2187793254852295,2.4870786666870117,2.3633415699005127,2.640730142593384,2.5243477821350098,2.7051379680633545,2.72098708152771,2.6735458374023438,2.879195213317871,2.810776710510254,2.568892240524292,2.2059760093688965,1.8602735996246338,1.5143136978149414,2.2259349822998047,2.4585113525390625,2.75337290763855,3.0072031021118164,3.2219738960266113,3.4879143238067627,3.726732015609741,4.024464130401611,4.283394813537598,4.5456695556640625,4.823078632354736,5.106866359710693,5.3669538497924805,5.610023021697998,5.665444850921631
B6,4.84381103515625,4.676527500152588,4.438972473144531,4.209136486053467,3.830655813217163,3.7686562538146973,3.385624408721924,3.322416067123413,3.236898422241211,2.9264509677886963,3.1018099784851074,2.8951709270477295,2.540371894836426,2.3822402954101562,2.1991512775421143,1.498573899269104,1.193433403968811,0.8709331154823303,0.6347320079803467,0.38937807083129883,0.0,0.38884150981903076,0.6052553653717041,0.8101478219032288,1.166171669960022,1.364929437637329,1.5842469930648804,1.4101719856262207,1.1102209091186523,0.9878771901130676,2.3207788467407227,2.308544635772705,2.4153709411621094,2.3860065937042236,2.46195912361145,2.240706443786621,2.5270986557006836,2.464853048324585,2.3333654403686523,2.5554306507110596,2.489661931991577,2.307217836380005,1.9918912649154663,1.602950096130371,1.2705713510513306,2.407703399658203,2.3449344635009766,2.639587640762329,2.517509698867798,2.81990647315979,2.697038173675537,2.9121060371398926,2.9141347408294678,2.8992722034454346,3.090782403945923,3.0328972339630127,2.7938945293426514,2.4272425174713135,2.10121750831604,1.7320138216018677,2.2601728439331055,2.4531280994415283,2.775205612182617,2.9909493923187256,3.2356975078582764,3.469111204147339,3.7380871772766113,4.013133525848389,4.290803909301758,4.555242538452148,4.8170013427734375,5.112783908843994,5.35460090637207,5.603909015655518,5.6581926345825195
B7,5.20583963394165,5.0290021896362305,4.787292957305908,4.546621322631836,4.1715898513793945,4.090634346008301,3.7102575302124023,3.623070478439331,3.5236480236053467,3.198514938354492,3.342841148376465,3.1103508472442627,2.746610641479492,2.595999002456665,2.4577739238739014,1.819157361984253,1.4876630306243896,1.1642571687698364,0.9133126139640808,0.5865515470504761,0.38884150981903076,0.0,0.3776935636997223,0.6243639588356018,0.9426770210266113,1.212107539176941,1.398298978805542,1.3141329288482666,1.0691243410110474,1.0761197805404663,2.6191301345825195,2.5648739337921143,2.63991379737854,2.564131021499634,2.5979294776916504,2.3327414989471436,2.5742971897125244,2.4593937397003174,2.2750067710876465,2.4475526809692383,2.3281328678131104,2.1003289222717285,1.7571226358413696,1.366064190864563,1.090187668800354,2.707362174987793,2.6071078777313232,2.8771018981933594,2.710451126098633,2.9878900051116943,2.8191370964050293,3.008751153945923,2.9634878635406494,2.920175552368164,3.0664963722229004,2.969564437866211,2.699446439743042,2.3215110301971436,2.03885817527771,1.6506606340408325,2.639974594116211,2.823408603668213,3.1506452560424805,3.359294891357422,3.598907709121704,3.827230453491211,4.095179557800293,4.372161388397217,4.644954681396484,4.9184370040893555,5.172961711883545,5.4744110107421875,5.717358589172363,5.973030090332031,6.033806800842285
B8,5.181408882141113,4.98084831237793,4.736043453216553,4.473557949066162,4.105267524719238,3.9935567378997803,3.6198713779449463,3.498076915740967,3.3916776180267334,3.047593832015991,3.161126136779785,2.912203311920166,2.5473475456237793,2.429919719696045,2.3355448246002197,2.0984790325164795,1.792176365852356,1.455369234085083,1.2236089706420898,0.9178236126899719,0.6052553653717041,0.3776935636997223,0.0,0.3882206678390503,0.6244469285011292,0.9053282141685486,1.1039862632751465,1.0457661151885986,0.8820473551750183,0.9094545245170593,2.8460235595703125,2.805544853210449,2.8548357486724854,2.800642967224121,2.810298204421997,2.528993606567383,2.7686023712158203,2.630573272705078,2.454665184020996,2.5927727222442627,2.463205575942993,2.2209713459014893,1.8802359104156494,1.5088603496551514,1.2557164430618286,2.859527349472046,2.739591598510742,3.0212113857269287,2.849381446838379,3.1401216983795166,2.961540937423706,3.1765830516815186,3.1150858402252197,3.101763963699341,3.2309963703155518,3.146389961242676,2.8857457637786865,2.5140416622161865,2.2560691833496094,1.8630053997039795,2.7506351470947266,2.8919405937194824,3.238487958908081,3.4092352390289307,3.6649274826049805,3.8618593215942383,4.150022983551025,4.407824993133545,4.690186977386475,4.969448566436768,5.204948902130127,5.5181074142456055,5.746119022369385,6.010507106781006,6.076297283172607
B9,5.1865763664245605,4.985441207885742,4.718447208404541,4.453225612640381,4.098773956298828,3.96374249458313,3.5973737239837646,3.455329656600952,3.308253049850464,2.9684715270996094,3.046929121017456,2.771009683609009,2.401489019393921,2.254689931869507,2.202049493789673,2.281944513320923,1.966304898262024,1.6743037700653076,1.3828558921813965,1.1388713121414185,0.8101478219032288,0.6243639588356018,0.3882206678390503,0.0,0.3901563286781311,0.5945642590522766,0.7858863472938538,0.700255274772644,0.5351070761680603,0.6922339200973511,3.1174120903015137,3.104588270187378,3.1829192638397217,3.140511989593506,3.1706812381744385,2.900630474090576,3.14482045173645,3.010589122772217,2.825198173522949,2.9578747749328613,2.8096542358398438,2.5478432178497314,2.1930510997772217,1.8244937658309937,1.603962779045105,3.1479625701904297,3.056758165359497,3.354123830795288,3.2033798694610596,3.5034549236297607,3.3375372886657715,3.554955005645752,3.499840259552002,3.4812583923339844,3.6100409030914307,3.5148937702178955,3.242851495742798,2.866748094558716,2.6133029460906982,2.2194697856903076,2.910499334335327,3.058699369430542,3.400784730911255,3.56632399559021,3.8468756675720215,4.033228874206543,4.338260173797607,4.577627658843994,4.878016948699951,5.140263557434082,5.3788065910339355,5.687201976776123,5.899562835693359,6.152578353881836,6.198630332946777
B10,5.38071870803833,5.15923547744751,4.89161491394043,4.6078691482543945,4.262972831726074,4.099479675292969,3.7441723346710205,3.568568468093872,3.414376974105835,3.0601541996002197,3.0981791019439697,2.8034613132476807,2.4405603408813477,2.3321852684020996,2.3375110626220703,2.653576612472534,2.3441038131713867,2.036682605743408,1.7624186277389526,1.4969103336334229,1.166171669960022,0.9426770210266113,0.6244469285011292,0.3901563286781311,0.0,0.35687047243118286,0.4981214702129364,0.5891599655151367,0.6614401936531067,0.886451244354248,3.4410135746002197,3.4186055660247803,3.46794056892395,3.420912981033325,3.42008638381958,3.1266918182373047,3.3501360416412354,3.1836400032043457,2.9873647689819336,3.076059103012085,2.9034054279327393,2.6212289333343506,2.2707085609436035,1.9340760707855225,1.762165904045105,3.4268784523010254,3.3087663650512695,3.6003921031951904,3.4298033714294434,3.725309371948242,3.5367586612701416,3.757965326309204,3.674501657485962,3.664470672607422,3.762843370437622,3.6618430614471436,3.388155460357666,3.0188114643096924,2.80204439163208,2.4085633754730225,3.208807945251465,3.3256773948669434,3.6790032386779785,3.8165299892425537,4.101109504699707,4.264054298400879,4.57882022857666,4.805863380432129,5.107790946960449,5.377781867980957,5.5986433029174805,5.916733741760254,6.11918306350708,6.3810133934021,6.434649467468262
B11,5.246138572692871,5.018648624420166,4.737275123596191,4.447785377502441,4.118201732635498,3.931666135787964,3.588263511657715,3.391521453857422,3.2098898887634277,2.859731674194336,2.864323139190674,2.5522265434265137,2.1942222118377686,2.0811409950256348,2.13148832321167,2.8012871742248535,2.5065159797668457,2.224193572998047,1.9371743202209473,1.7190288305282593,1.364929437637329,1.212107539176941,0.9053282141685486,0.5945642590522766,0.35687047243118286,0.0,0.2541254758834839,0.2681172788143158,0.5211369395256042,0.7811751961708069,3.6170809268951416,3.627068281173706,3.6944127082824707,3.674490451812744,3.6916964054107666,3.41377592086792,3.655125856399536,3.50268292427063,3.320965528488159,3.4189577102661133,3.2545390129089355,2.9760451316833496,2.6269798278808594,2.288422107696533,2.10427188873291,3.5884997844696045,3.493407964706421,3.803636074066162,3.6588222980499268,3.9710755348205566,3.80269455909729,4.041222095489502,3.9736168384552,3.9787423610687256,4.089694976806641,4.000393867492676,3.7330644130706787,3.363938331604004,3.136141300201416,2.7422327995300293,3.2568719387054443,3.3623239994049072,3.7129461765289307,3.832249164581299,4.137599945068359,4.280969619750977,4.612175941467285,4.816591739654541,5.1337432861328125,5.389482498168945,5.605897903442383,5.921516418457031,6.105717182159424,6.359622001647949,6.399147987365723
B12,5.447484016418457,5.217415809631348,4.929798126220703,4.637579917907715,4.316469669342041,4.117857456207275,3.782026529312134,3.573094129562378,3.3767383098602295,3.0296010971069336,3.00876522064209,2.6844396591186523,2.3347554206848145,2.2211995124816895,2.3032071590423584,3.0266149044036865,2.7217588424682617,2.4452219009399414,2.145606279373169,1.9232008457183838,1.5842469930648804,1.398298978805542,1.1039862632751465,0.7858863472938538,0.4981214702129364,0.2541254758834839,0.0,0.3865412771701813,0.6976257562637329,1.0029168128967285,3.8588974475860596,3.862147331237793,3.9276206493377686,3.89628529548645,3.9063024520874023,3.619119644165039,3.8471410274505615,3.680335521697998,3.481839656829834,3.5602734088897705,3.3748676776885986,3.0801711082458496,2.727416753768921,2.402965545654297,2.252249002456665,3.8378005027770996,3.7383837699890137,4.044327259063721,3.8907556533813477,4.196827411651611,4.017518997192383,4.247665882110596,4.16670560836792,4.161481857299805,4.2564778327941895,4.152204990386963,3.874286413192749,3.5051519870758057,3.2957139015197754,2.902336359024048,3.5065698623657227,3.6132519245147705,3.9628331661224365,4.0803985595703125,4.388271331787109,4.528351306915283,4.861844539642334,5.062528133392334,5.3816094398498535,5.635709762573242,5.850149154663086,6.165919780731201,6.3460798263549805,6.598753929138184,6.635155200958252
B13,5.086551189422607,4.864939212799072,4.5721659660339355,4.287710666656494,3.966156005859375,3.775001049041748,3.4359779357910156,3.238797903060913,3.0362660884857178,2.6975395679473877,2.6937618255615234,2.3752479553222656,2.0172348022460938,1.8749477863311768,1.9364078044891357,2.7764878273010254,2.491161584854126,2.2383904457092285,1.9382365942001343,1.765861988067627,1.4101719856262207,1.3141329288482666,1.0457661151885986,0.700255274772644,0.5891599655151367,0.2681172788143158,0.3865412771701813,0.0,0.3814980685710907,0.6546968221664429,3.631312370300293,3.6668448448181152,3.7588043212890625,3.7571277618408203,3.798537254333496,3.5398828983306885,3.7988007068634033,3.6667635440826416,3.4957332611083984,3.614792585372925,3.461726665496826,3.190294027328491,2.838189125061035,2.4868435859680176,2.2828261852264404,3.6145431995391846,3.547183036804199,3.870790719985962,3.7510461807250977,4.074550628662109,3.927875518798828,4.174044609069824,4.126943588256836,4.136030673980713,4.26552677154541,4.183419704437256,3.918696880340576,3.5465431213378906,3.299830675125122,2.905940055847168,3.1936004161834717,3.305528163909912,3.6472249031066895,3.7662529945373535,4.084567546844482,4.2244157791137695,4.562499523162842,4.755671977996826,5.082977294921875,5.323857307434082,5.545452117919922,5.854052543640137,6.029237747192383,6.272441864013672,6.297171115875244
