,A1,A2,A3,A4,A5,A6,A7,A8,A9,A10,A11,A12,A13,A14,A15,B1,B2,B3,B4,B5,B6,B7,B8,B9,B10,B11,B12,B13,B14,B15,C1,C2,C3,C4,C5,C6,C7,C8,C9,C10,C11,C12,C13,C14,C15,D1,D2,D3,D4,D5,D6,D7,D8,D9,D10,D11,D12,D13,D14,D15,E1,E2,E3,E4,E5,E6,E7,E8,E9,E10,E11,E12,E13,E14,E15
A1,0.0,0.38717105984687805,0.5860849022865295,0.8899650573730469,1.12986159324646,1.3947906494140625,1.6836730241775513,1.890373945236206,2.214611530303955,2.4462921619415283,2.727562189102173,3.0441505908966064,3.2351367473602295,3.2911977767944336,3.2953686714172363,2.0267813205718994,1.9430932998657227,1.8670943975448608,1.7402137517929077,1.5853195190429688,1.675538420677185,1.6249055862426758,1.5985314846038818,1.6118841171264648,1.7323442697525024,1.8039082288742065,1.8792074918746948,1.7842118740081787,1.8384051322937012,1.5546927452087402,1.6464767456054688,1.9159516096115112,2.0916495323181152,2.3605620861053467,2.305065631866455,2.6575610637664795,2.6746950149536133,2.9161970615386963,2.9475505352020264,3.2649035453796387,3.51126766204834,3.7002651691436768,3.932762622833252,4.064535140991211,3.9705824851989746,5.815464973449707,6.018205165863037,6.173351287841797,6.244582176208496,6.323901653289795,6.358735084533691,6.430891990661621,6.368886470794678,6.304126262664795,6.152777194976807,6.109386444091797,5.8744683265686035,5.710263729095459,5.369556427001953,5.167981147766113,7.187222003936768,7.475462913513184,7.580492973327637,7.798718452453613,7.731689929962158,8.038679122924805,8.091338157653809,8.154960632324219,8.24334716796875,8.291982650756836,8.566746711730957,8.699920654296875,8.90156078338623,9.052204132080078,9.269603729248047
A2,0.38717105984687805,0.0,0.3763279318809509,0.5523870587348938,0.8622857928276062,1.0950582027435303,1.4073681831359863,1.6209492683410645,1.9266369342803955,2.174560308456421,2.435580015182495,2.7383763790130615,2.908303737640381,2.9605581760406494,2.9454681873321533,1.8514204025268555,1.827336311340332,1.827270746231079,1.7689708471298218,1.6411935091018677,1.8081103563308716,1.8227872848510742,1.8098317384719849,1.8803393840789795,1.999242901802063,2.0944015979766846,2.1975958347320557,2.1034657955169678,2.18634295463562,1.8954230546951294,1.669095754623413,1.8866771459579468,2.028336524963379,2.319242477416992,2.245314598083496,2.6121678352355957,2.6777899265289307,2.9018566608428955,2.974029779434204,3.311696767807007,3.547912120819092,3.769383192062378,4.006775379180908,4.1718292236328125,4.09212064743042,5.910696029663086,6.095336437225342,6.231451511383057,6.283261299133301,6.352022647857666,6.365825176239014,6.431154251098633,6.355601787567139,6.285629749298096,6.1191725730896,6.0782341957092285,5.8418869972229,5.694354057312012,5.363110065460205,5.181394100189209,7.270431995391846,7.549928665161133,7.63955020904541,7.843654155731201,7.7590460777282715,8.056124687194824,8.091816902160645,8.139236450195312,8.21479320526123,8.247076988220215,8.516419410705566,8.63571834564209,8.827644348144531,8.967363357543945,9.172022819519043
A3,0.5860849022865295,0.3763279318809509,0.0,0.37391793727874756,0.544935405254364,0.825859010219574,1.0980725288391113,1.3211884498596191,1.634459137916565,1.8835351467132568,2.1696648597717285,2.4775938987731934,2.681326389312744,2.7664644718170166,2.7914559841156006,2.0423216819763184,2.0518734455108643,2.070180892944336,2.041810989379883,1.9569826126098633,2.1219446659088135,2.136399269104004,2.1412289142608643,2.1875507831573486,2.307277202606201,2.374498128890991,2.437124490737915,2.304918050765991,2.337825059890747,2.0121500492095947,1.323220133781433,1.5203936100006104,1.6622084379196167,1.9647074937820435,1.91211998462677,2.283879041671753,2.373568058013916,2.612638235092163,2.71272873878479,3.0435268878936768,3.2954471111297607,3.5294556617736816,3.7483038902282715,3.9269912242889404,3.83524751663208,5.583130836486816,5.760866165161133,5.8916144371032715,5.9393205642700195,6.010404586791992,6.020551681518555,6.091615200042725,6.0197601318359375,5.958101749420166,5.797319412231445,5.769150257110596,5.543056011199951,5.407318115234375,5.083364009857178,4.897276878356934,7.002614498138428,7.274506092071533,7.364987373352051,7.561533451080322,7.475215435028076,7.767080307006836,7.8007707595825195,7.8431477546691895,7.91003942489624,7.943376541137695,8.205909729003906,8.32830810546875,8.51449203491211,8.659790992736816,8.862921714782715
A4,0.8899650573730469,0.5523870587348938,0.37391793727874756,0.0,0.38791805505752563,0.5543538331985474,0.8765192627906799,1.092397928237915,1.3812693357467651,1.6429486274719238,1.8987599611282349,2.1923487186431885,2.3678042888641357,2.442134141921997,2.444650650024414,1.8985456228256226,1.9663838148117065,2.0524144172668457,2.0846199989318848,2.0280227661132812,2.247448205947876,2.3130393028259277,2.332465887069702,2.424870491027832,2.5503740310668945,2.6435632705688477,2.7354071140289307,2.616630792617798,2.676919460296631,2.356779098510742,1.494189739227295,1.6273775100708008,1.732069969177246,2.051182270050049,1.9874074459075928,2.363476276397705,2.5031650066375732,2.721144676208496,2.8603291511535645,3.203347682952881,3.443004846572876,3.7038075923919678,3.9235942363739014,4.129842758178711,4.049931049346924,5.748845100402832,5.909647464752197,6.023011684417725,6.0531392097473145,6.115896701812744,6.106119632720947,6.172348499298096,6.088993072509766,6.024352550506592,5.850559234619141,5.826809406280518,5.601616382598877,5.484110355377197,5.171802043914795,5.005514144897461,7.165829181671143,7.428483963012695,7.505062103271484,7.687571048736572,7.585193157196045,7.866513729095459,7.88392448425293,7.910165309906006,7.963477611541748,7.980784893035889,8.236490249633789,8.345121383666992,8.520357131958008,8.654936790466309,8.844365119934082
A5,1.12986159324646,0.8622857928276062,0.544935405254364,0.38791805505752563,0.0,0.3793734014034271,0.563762903213501,0.8394337296485901,1.1149930953979492,1.4016854763031006,1.6907093524932861,1.9778631925582886,2.1971232891082764,2.3251712322235107,2.373631715774536,2.2253167629241943,2.3103854656219482,2.399601936340332,2.4381165504455566,2.3946242332458496,2.599980354309082,2.648806095123291,2.6646149158477783,2.726313829421997,2.839705228805542,2.900757312774658,2.9543697834014893,2.7973482608795166,2.819850444793701,2.4726293087005615,1.2297395467758179,1.3003419637680054,1.3699889183044434,1.6916236877441406,1.6352087259292603,2.0109071731567383,2.179288387298584,2.400278329849243,2.5693862438201904,2.9058361053466797,3.1524100303649902,3.4270217418670654,3.6309802532196045,3.853724479675293,3.7704265117645264,5.416796684265137,5.56688117980957,5.670411109924316,5.692195892333984,5.7515482902526855,5.735182285308838,5.801696300506592,5.717676162719727,5.656671047210693,5.484652996063232,5.46943998336792,5.251728057861328,5.144895553588867,4.8402228355407715,4.674106597900391,6.8512163162231445,7.106260776519775,7.1803483963012695,7.354909420013428,7.248905658721924,7.524834632873535,7.538852691650391,7.559985637664795,7.606292724609375,7.623223304748535,7.873907566070557,7.98400354385376,8.155150413513184,8.293307304382324,8.481803894042969
A6,1.3947906494140625,1.0950582027435303,0.825859010219574,0.5543538331985474,0.3793734014034271,0.0,0.38429245352745056,0.5412067770957947,0.8355059623718262,1.0900074243545532,1.3554389476776123,1.654490351676941,1.8574196100234985,1.9619953632354736,2.014755964279175,2.0913829803466797,2.2228426933288574,2.3577678203582764,2.452418565750122,2.459522008895874,2.700162172317505,2.7957863807678223,2.8487932682037354,2.949306011199951,3.090219259262085,3.181912899017334,3.259498119354248,3.1259703636169434,3.1547935009002686,2.8172402381896973,1.390944004058838,1.4244358539581299,1.5038843154907227,1.8457545042037964,1.8279601335525513,2.1947078704833984,2.4095425605773926,2.629973888397217,2.834864616394043,3.1621439456939697,3.4126055240631104,3.7012176513671875,3.8878068923950195,4.124720573425293,4.031852722167969,5.546240329742432,5.68618106842041,5.781671047210693,5.796012878417969,5.860842227935791,5.832780361175537,5.908486366271973,5.826260566711426,5.7764787673950195,5.60568380355835,5.608327388763428,5.403456687927246,5.319639682769775,5.030444622039795,4.871769905090332,7.071299076080322,7.315166473388672,7.38540506362915,7.546662330627441,7.432593822479248,7.697457790374756,7.70117712020874,7.708248138427734,7.73739767074585,7.7451171875,7.983223915100098,8.086637496948242,8.243085861206055,8.378573417663574,8.553973197937012
A7,1.6836730241775513,1.4073681831359863,1.0980725288391113,0.8765192627906799,0.563762903213501,0.38429245352745056,0.0,0.36378976702690125,0.56038498878479,0.8783167004585266,1.1702871322631836,1.4391390085220337,1.6860953569412231,1.8607509136199951,1.9559738636016846,2.4529836177825928,2.597666025161743,2.738410472869873,2.8345720767974854,2.8394856452941895,3.0727434158325195,3.154412269592285,3.194904327392578,3.2739222049713135,3.3979575634002686,3.464123010635376,3.515293598175049,3.35091233253479,3.359222888946533,3.003131866455078,1.3281222581863403,1.2614450454711914,1.2667450904846191,1.5926759243011475,1.5731228590011597,1.9226906299591064,2.1774542331695557,2.3822360038757324,2.622847080230713,2.942291259765625,3.187272548675537,3.493124008178711,3.6656713485717773,3.924454689025879,3.8376166820526123,5.296905994415283,5.419564247131348,5.498050689697266,5.496981143951416,5.552295207977295,5.510672569274902,5.581414222717285,5.492576599121094,5.442318439483643,5.267312526702881,5.276395320892334,5.077548980712891,5.008382797241211,4.730874538421631,4.581480503082275,6.8048834800720215,7.0389604568481445,7.1009135246276855,7.250680923461914,7.12791633605957,7.384499549865723,7.379792213439941,7.377752304077148,7.3978376388549805,7.3998517990112305,7.632406234741211,7.732186794281006,7.882838726043701,8.0172119140625,8.188267707824707
A8,1.890373945236206,1.6209492683410645,1.3211884498596191,1.092397928237915,0.8394337296485901,0.5412067770957947,0.36378976702690125,0.0,0.3711360692977905,0.5651501417160034,0.8708676695823669,1.1848382949829102,1.4441852569580078,1.5953378677368164,1.7316240072250366,2.409353256225586,2.5760021209716797,2.733166217803955,2.864750862121582,2.9171152114868164,3.1627957820892334,3.2733278274536133,3.3510525226593018,3.450998067855835,3.6041183471679688,3.6915225982666016,3.7536442279815674,3.6082332134246826,3.6068613529205322,3.2585160732269287,1.4214754104614258,1.3485575914382935,1.4012490510940552,1.7391185760498047,1.785369634628296,2.1169626712799072,2.395061731338501,2.6161885261535645,2.8757524490356445,3.1728057861328125,3.4329707622528076,3.738206624984741,3.8847038745880127,4.143217086791992,4.033693313598633,5.332120418548584,5.452165126800537,5.531808376312256,5.533270835876465,5.60347318649292,5.560301303863525,5.648995399475098,5.572606086730957,5.542108058929443,5.380309104919434,5.412928104400635,5.233199596405029,5.183571815490723,4.920004367828369,4.765481948852539,6.97661018371582,7.200994491577148,7.268167495727539,7.409017086029053,7.287167549133301,7.535451889038086,7.528567314147949,7.5186004638671875,7.523934841156006,7.525505542755127,7.744462013244629,7.845762729644775,7.983210563659668,8.122693061828613,8.285451889038086
A9,2.214611530303955,1.9266369342803955,1.634459137916565,1.3812693357467651,1.1149930953979492,0.8355059623718262,0.56038498878479,0.3711360692977905,0.0,0.38423603773117065,0.6382561326026917,0.8843008875846863,1.159087896347046,1.375530481338501,1.52961266040802,2.657343864440918,2.8512728214263916,3.0360488891601562,3.1847362518310547,3.2356863021850586,3.494446277618408,3.6113405227661133,3.6792500019073486,3.78267502784729,3.923369884490967,4.005221843719482,4.065804958343506,3.9082257747650146,3.9129157066345215,3.5569775104522705,1.6719876527786255,1.5278009176254272,1.5014638900756836,1.7994747161865234,1.825003981590271,2.12333345413208,2.4378066062927246,2.6224422454833984,2.913090944290161,3.2070865631103516,3.4462673664093018,3.770723581314087,3.911435842514038,4.194675445556641,4.10203742980957,5.345466136932373,5.44205379486084,5.497631072998047,5.476197719573975,5.531305313110352,5.46535062789917,5.543808460235596,5.453536510467529,5.418059825897217,5.243623733520508,5.280213832855225,5.104413032531738,5.075336456298828,4.828826427459717,4.696991443634033,6.9411211013793945,7.153392314910889,7.204666614532471,7.329245567321777,7.191307067871094,7.4267778396606445,7.403346061706543,7.377200603485107,7.368947982788086,7.355142116546631,7.5662665367126465,7.654330253601074,7.781026840209961,7.91051721572876,8.060626983642578
A10,2.4462921619415283,2.174560308456421,1.8835351467132568,1.6429486274719238,1.4016854763031006,1.0900074243545532,0.8783167004585266,0.5651501417160034,0.38423603773117065,0.0,0.34940305352211,0.6744378209114075,0.9829085469245911,1.1734790802001953,1.4008147716522217,2.7084689140319824,2.9141998291015625,3.10467267036438,3.2789461612701416,3.3712310791015625,3.6333720684051514,3.7702014446258545,3.8704071044921875,3.9862899780273438,4.151932716369629,4.248552322387695,4.313755512237549,4.170233249664307,4.160869598388672,3.8109357357025146,1.796614408493042,1.6531052589416504,1.6718406677246094,1.9702650308609009,2.057806968688965,2.335391044616699,2.661186933517456,2.863926649093628,3.1658849716186523,3.4342525005340576,3.6896135807037354,4.008642673492432,4.121369361877441,4.400124549865723,4.282985687255859,5.351728916168213,5.446110248565674,5.504032611846924,5.487058639526367,5.559229850769043,5.494096279144287,5.5928568840026855,5.518416881561279,5.505653381347656,5.348731994628906,5.410852432250977,5.256989002227783,5.246783256530762,5.014771938323975,4.874803066253662,7.091466903686523,7.293607711791992,7.352271556854248,7.468447685241699,7.333983421325684,7.5611395835876465,7.537676811218262,7.505098342895508,7.4823102951049805,7.4706244468688965,7.666973114013672,7.758902549743652,7.872165203094482,8.009124755859375,8.151921272277832
A11,2.727562189102173,2.435580015182495,2.1696648597717285,1.8987599611282349,1.6907093524932861,1.3554389476776123,1.1702871322631836,0.8708676695823669,0.6382561326026917,0.34940305352211,0.0,0.36771681904792786,0.6487866044044495,0.8388643264770508,1.0991276502609253,2.779503583908081,3.0142784118652344,3.2357242107391357,3.440011501312256,3.550013303756714,3.8314759731292725,3.991999626159668,4.1016106605529785,4.2390594482421875,4.410347938537598,4.521811485290527,4.6030802726745605,4.4700093269348145,4.4745635986328125,4.128647804260254,2.1444003582000732,1.9954321384429932,1.9997550249099731,2.2823915481567383,2.3612191677093506,2.6223971843719482,2.961179494857788,3.1450769901275635,3.458871841430664,3.7260351181030273,3.9693000316619873,4.296886444091797,4.406700611114502,4.696295738220215,4.585686206817627,5.584909439086914,5.665132999420166,5.709390163421631,5.679582118988037,5.747190952301025,5.666692733764648,5.763843059539795,5.683706283569336,5.6728129386901855,5.510336399078369,5.57990026473999,5.432844161987305,5.440617084503174,5.223372936248779,5.099410057067871,7.328135967254639,7.5204973220825195,7.569469451904297,7.672726154327393,7.527303695678711,7.742967128753662,7.70650053024292,7.659693717956543,7.622924327850342,7.598023891448975,7.784043788909912,7.864030838012695,7.964001655578613,8.092033386230469,8.219971656799316
A12,3.0441505908966064,2.7383763790130615,2.4775938987731934,2.1923487186431885,1.9778631925582886,1.654490351676941,1.4391390085220337,1.1848382949829102,0.8843008875846863,0.6744378209114075,0.36771681904792786,0.0,0.37019670009613037,0.6893109679222107,0.9740403890609741,3.0499560832977295,3.302004337310791,3.542712926864624,3.757455825805664,3.8633432388305664,4.154577732086182,4.3197407722473145,4.4205756187438965,4.561755180358887,4.723179817199707,4.8316264152526855,4.913748264312744,4.772838592529297,4.784669399261475,4.433655261993408,2.4442038536071777,2.2611801624298096,2.2184877395629883,2.467315673828125,2.526205539703369,2.7569336891174316,3.1130614280700684,3.2644431591033936,3.595440626144409,3.8578784465789795,4.079923152923584,4.419478416442871,4.52499532699585,4.832333087921143,4.737590312957764,5.684422492980957,5.742547512054443,5.7640204429626465,5.712706089019775,5.765635967254639,5.6633524894714355,5.750082492828369,5.657003402709961,5.6416144371032715,5.467925548553467,5.54109525680542,5.399316310882568,5.427287578582764,5.228470802307129,5.127549648284912,7.372542381286621,7.552740573883057,7.586141109466553,7.67324161529541,7.512607574462891,7.714559078216553,7.661519527435303,7.598351001739502,7.547604084014893,7.506560325622559,7.683243274688721,7.7485671043396,7.836178302764893,7.952667713165283,8.065801620483398
A13,3.2351367473602295,2.908303737640381,2.681326389312744,2.3678042888641357,2.1971232891082764,1.8574196100234985,1.6860953569412231,1.4441852569580078,1.159087896347046,0.9829085469245911,0.6487866044044495,0.37019670009613037,0.0,0.38921430706977844,0.6512574553489685,3.03790283203125,3.3139548301696777,3.5839600563049316,3.8233816623687744,3.938788414001465,4.249052047729492,4.437063217163086,4.54267692565918,4.707922458648682,4.872393608093262,4.998461723327637,5.102216720581055,4.976759910583496,5.010900497436523,4.667734146118164,2.772555351257324,2.6058356761932373,2.5645222663879395,2.8165671825408936,2.855123281478882,3.0899486541748047,3.4447364807128906,3.582702159881592,3.911853790283203,4.184950351715088,4.394772052764893,4.739761829376221,4.855899333953857,5.168722152709961,5.0845866203308105,6.041166305541992,6.092876434326172,6.106743812561035,6.047241687774658,6.09379243850708,5.981167316436768,6.061439514160156,5.9599409103393555,5.939032554626465,5.75556755065918,5.8251872062683105,5.680793762207031,5.715244770050049,5.522150039672852,5.436203479766846,7.69588041305542,7.8728814125061035,7.896781921386719,7.977298736572266,7.807126998901367,8.002701759338379,7.938928604125977,7.866110324859619,7.808726787567139,7.754817008972168,7.927283763885498,7.979430675506592,8.059185981750488,8.163318634033203,8.26389217376709
A14,3.2911977767944336,2.9605581760406494,2.7664644718170166,2.442134141921997,2.3251712322235107,1.9619953632354736,1.8607509136199951,1.5953378677368164,1.375530481338501,1.1734790802001953,0.8388643264770508,0.6893109679222107,0.38921430706977844,0.0,0.37358614802360535,2.8495824337005615,3.1411094665527344,3.4288933277130127,3.6949501037597656,3.8376028537750244,4.159975051879883,4.374846935272217,4.502676010131836,4.694005489349365,4.876864433288574,5.028156280517578,5.154938220977783,5.056394100189209,5.103309631347656,4.774940013885498,2.954169273376465,2.8263142108917236,2.826050043106079,3.1026415824890137,3.151402711868286,3.406553030014038,3.75171160697937,3.906327724456787,4.225219249725342,4.504923343658447,4.7244977951049805,5.064599990844727,5.185642719268799,5.489293575286865,5.395681858062744,6.3443169593811035,6.405716896057129,6.4303202629089355,6.3808512687683105,6.438443183898926,6.332887172698975,6.422165870666504,6.328124523162842,6.313348293304443,6.135256767272949,6.20758056640625,6.063886642456055,6.095005035400391,5.897390365600586,5.8047614097595215,8.059038162231445,8.2391357421875,8.268733978271484,8.352785110473633,8.186565399169922,8.384081840515137,8.32309627532959,8.251684188842773,8.193808555603027,8.141172409057617,8.311771392822266,8.364435195922852,8.441638946533203,8.545951843261719,8.643656730651855
A15,3.2953686714172363,2.9454681873321533,2.7914559841156006,2.444650650024414,2.373631715774536,2.014755964279175,1.9559738636016846,1.7316240072250366,1.52961266040802,1.4008147716522217,1.0991276502609253,0.9740403890609741,0.6512574553489685,0.37358614802360535,0.0,2.718743324279785,3.0258944034576416,3.3375258445739746,3.614269256591797,3.7478771209716797,4.085092067718506,4.313259124755859,4.4329447746276855,4.642736911773682,4.819005012512207,4.982664585113525,5.129636287689209,5.0444231033325195,5.118715286254883,4.800105571746826,3.1364645957946777,3.028365135192871,3.023030996322632,3.306330680847168,3.3212924003601074,3.5908522605895996,3.9261724948883057,4.068297386169434,4.376111030578613,4.675563812255859,4.881814479827881,5.225371360778809,5.368834495544434,5.6746439933776855,5.597439765930176,6.651300430297852,6.714559078216553,6.737842559814453,6.684892177581787,6.7327423095703125,6.6235671043396,6.700284481048584,6.594315052032471,6.564589500427246,6.371886730194092,6.427628517150879,6.269160270690918,6.29146146774292,6.086925983428955,6.005340099334717,8.283652305603027,8.469583511352539,8.491251945495605,8.578323364257812,8.405851364135742,8.606013298034668,8.540010452270508,8.467857360839844,8.415605545043945,8.354830741882324,8.532416343688965,8.575427055358887,8.656484603881836,8.749027252197266,8.843764305114746
B1,2.0267813205718994,1.8514204025268555,2.0423216819763184,1.8985456228256226,2.2253167629241943,2.0913829803466797,2.4529836177825928,2.409353256225586,2.657343864440918,2.7084689140319824,2.779503583908081,3.0499560832977295,3.03790283203125,2.8495824337005615,2.718743324279785,0.0,0.3351639211177826,0.7049059867858887,1.041469931602478,1.2578344345092773,1.6088966131210327,1.938971996307373,2.1540071964263916,2.4767096042633057,2.735959053039551,3.0248067378997803,3.2886362075805664,3.3915927410125732,3.542853355407715,3.3875937461853027,3.071946859359741,3.276083469390869,3.482933759689331,3.837031602859497,3.8436203002929688,4.219877243041992,4.3695902824401855,4.61001443862915,4.7427263259887695,5.073791027069092,5.327237606048584,5.570382118225098,5.7826313972473145,5.960134506225586,5.847104072570801,7.363885879516602,7.547360420227051,7.6882643699646,7.743655681610107,7.844645023345947,7.84493350982666,7.945226669311523,7.883941650390625,7.846131324768066,7.686323642730713,7.685675621032715,7.473911762237549,7.370197772979736,7.063652992248535,6.891657829284668,9.023702621459961,9.287565231323242,9.37867546081543,9.562862396240234,9.466822624206543,9.745383262634277,9.762526512145996,9.781630516052246,9.820491790771484,9.831642150878906,10.073325157165527,10.17550277709961,10.33205509185791,10.462206840515137,10.631797790527344
B2,1.9430932998657227,1.827336311340332,2.0518734455108643,1.9663838148117065,2.3103854656219482,2.2228426933288574,2.597666025161743,2.5760021209716797,2.8512728214263916,2.9141998291015625,3.0142784118652344,3.302004337310791,3.3139548301696777,3.1411094665527344,3.0258944034576416,0.3351639211177826,0.0,0.375855952501297,0.7165793180465698,0.9612426161766052,1.298733115196228,1.6401677131652832,1.877160906791687,2.207669734954834,2.4819438457489014,2.783236503601074,3.0548720359802246,3.183476686477661,3.335458755493164,3.2080111503601074,3.0892622470855713,3.323918104171753,3.548966407775879,3.89752197265625,3.9066851139068604,4.282825946807861,4.4061713218688965,4.65515661239624,4.7641754150390625,5.089362144470215,5.346563816070557,5.572132587432861,5.786396026611328,5.944397926330566,5.825939655303955,7.376006126403809,7.572549819946289,7.72672176361084,7.795130252838135,7.902191162109375,7.916357517242432,8.019591331481934,7.9653449058532715,7.928273677825928,7.775500774383545,7.769965648651123,7.55537223815918,7.438133716583252,7.1226806640625,6.9392781257629395,9.032598495483398,9.304040908813477,9.404606819152832,9.599753379821777,9.514884948730469,9.801643371582031,9.830090522766113,9.860897064208984,9.910416603088379,9.93198013305664,10.179838180541992,10.29072093963623,10.455891609191895,10.592321395874023,10.771626472473145
B3,1.8670943975448608,1.827270746231079,2.070180892944336,2.0524144172668457,2.399601936340332,2.3577678203582764,2.738410472869873,2.733166217803955,3.0360488891601562,3.10467267036438,3.2357242107391357,3.542712926864624,3.5839600563049316,3.4288933277130127,3.3375258445739746,0.7049059867858887,0.375855952501297,0.0,0.3680245280265808,0.6903796195983887,0.9818062782287598,1.329370141029358,1.6042617559432983,1.9318629503250122,2.229348659515381,2.5388071537017822,2.8097896575927734,2.9633846282958984,3.1044600009918213,3.0064613819122314,3.0717720985412598,3.3381454944610596,3.5854005813598633,3.925999402999878,3.944679021835327,4.317386150360107,4.4125447273254395,4.673509120941162,4.758031845092773,5.0718674659729,5.33597469329834,5.540693283081055,5.751990795135498,5.887099266052246,5.758647918701172,7.322220802307129,7.533318996429443,7.702914714813232,7.786935806274414,7.902805328369141,7.9334893226623535,8.0424165725708,7.998579978942871,7.965362548828125,7.823570728302002,7.8158674240112305,7.6013712882995605,7.471068382263184,7.147542953491211,6.949361801147461,8.99190902709961,9.270333290100098,9.383160591125488,9.589691162109375,9.51867961883545,9.813685417175293,9.855669975280762,9.899495124816895,9.959513664245605,9.994153022766113,10.247076034545898,10.369312286376953,10.54291820526123,10.688400268554688,10.878643035888672
B4,1.7402137517929077,1.7689708471298218,2.041810989379883,2.0846199989318848,2.4381165504455566,2.452418565750122,2.8345720767974854,2.864750862121582,3.1847362518310547,3.2789461612701416,3.440011501312256,3.757455825805664,3.8233816623687744,3.6949501037597656,3.614269256591797,1.041469931602478,0.7165793180465698,0.3680245280265808,0.0,0.3789716362953186,0.6186976432800293,0.9660029411315918,1.2564947605133057,1.5826619863510132,1.8896658420562744,2.2045538425445557,2.478973388671875,2.6535379886627197,2.797762632369995,2.7287447452545166,3.048070192337036,3.337552547454834,3.5892364978790283,3.9153451919555664,3.9255924224853516,4.293256759643555,4.356827735900879,4.6183085441589355,4.6743316650390625,4.982553005218506,5.24345588684082,5.428905963897705,5.645872116088867,5.761343002319336,5.634679317474365,7.262116432189941,7.483830451965332,7.663271427154541,7.756957530975342,7.8730149269104,7.915750503540039,8.021666526794434,7.9807000160217285,7.943061351776123,7.8048319816589355,7.787006855010986,7.56660795211792,7.420236587524414,7.087503910064697,6.881518840789795,8.881302833557129,9.16795539855957,9.287221908569336,9.5050630569458,9.443948745727539,9.747374534606934,9.799851417541504,9.856070518493652,9.92930793762207,9.973315238952637,10.23457145690918,10.363927841186523,10.54832935333252,10.697831153869629,10.898674011230469
B5,1.5853195190429688,1.6411935091018677,1.9569826126098633,2.0280227661132812,2.3946242332458496,2.459522008895874,2.8394856452941895,2.9171152114868164,3.2356863021850586,3.3712310791015625,3.550013303756714,3.8633432388305664,3.938788414001465,3.8376028537750244,3.7478771209716797,1.2578344345092773,0.9612426161766052,0.6903796195983887,0.3789716362953186,0.0,0.3699023425579071,0.6934600472450256,0.9239850044250488,1.267412781715393,1.5513701438903809,1.8710582256317139,2.16182541847229,2.3431894779205322,2.5189743041992188,2.4645557403564453,3.036821126937866,3.3286120891571045,3.5589802265167236,3.8688888549804688,3.8481900691986084,4.212082862854004,4.252390384674072,4.49799919128418,4.531367778778076,4.846163749694824,5.090628623962402,5.267777442932129,5.5018205642700195,5.6111674308776855,5.503068447113037,7.2419328689575195,7.464217185974121,7.64147424697876,7.7322869300842285,7.8364057540893555,7.8796539306640625,7.971626281738281,7.92149019241333,7.869410037994385,7.7223591804504395,7.687100410461426,7.454198360443115,7.2938232421875,6.953505039215088,6.753006935119629,8.742513656616211,9.036028861999512,9.150545120239258,9.375011444091797,9.313739776611328,9.622543334960938,9.676650047302246,9.739150047302246,9.8240327835083,9.868049621582031,10.13904094696045,10.266399383544922,10.460532188415527,10.605103492736816,10.811625480651855
B6,1.675538420677185,1.8081103563308716,2.1219446659088135,2.247448205947876,2.599980354309082,2.700162172317505,3.0727434158325195,3.1627957820892334,3.494446277618408,3.6333720684051514,3.8314759731292725,4.154577732086182,4.249052047729492,4.159975051879883,4.085092067718506,1.6088966131210327,1.298733115196228,0.9818062782287598,0.6186976432800293,0.3699023425579071,0.0,0.36570703983306885,0.6684315204620361,1.0022377967834473,1.3136368989944458,1.6427379846572876,1.93368399143219,2.1536707878112793,2.320842742919922,2.3150341510772705,3.1311752796173096,3.444304943084717,3.6867239475250244,3.981476306915283,3.9659008979797363,4.320036888122559,4.330332279205322,4.581385612487793,4.58753776550293,4.888316631317139,5.134149074554443,5.2876505851745605,5.519301891326904,5.603860378265381,5.48974609375,7.246841907501221,7.482060432434082,7.6728620529174805,7.77763032913208,7.887961387634277,7.946524620056152,8.041545867919922,8.000078201293945,7.9498796463012695,7.812462329864502,7.773007392883301,7.539615631103516,7.36594295501709,7.018863677978516,6.806426048278809,8.735926628112793,9.036269187927246,9.161523818969727,9.397197723388672,9.349320411682129,9.665756225585938,9.732687950134277,9.808080673217773,9.904109001159668,9.960060119628906,10.236273765563965,10.373390197753906,10.57599925994873,10.727743148803711,10.944378852844238
B7,1.6249055862426758,1.8227872848510742,2.136399269104004,2.3130393028259277,2.648806095123291,2.7957863807678223,3.154412269592285,3.2733278274536133,3.6113405227661133,3.7702014446258545,3.991999626159668,4.3197407722473145,4.437063217163086,4.374846935272217,4.313259124755859,1.938971996307373,1.6401677131652832,1.329370141029358,0.9660029411315918,0.6934600472450256,0.36570703983306885,0.0,0.3645108938217163,0.6523725986480713,0.9805012941360474,1.304003357887268,1.5882185697555542,1.8268518447875977,1.9924761056900024,2.020683765411377,3.0981428623199463,3.422408103942871,3.660618782043457,3.933570146560669,3.9092354774475098,4.250969409942627,4.229422569274902,4.476662635803223,4.454159259796143,4.744900226593018,4.984531402587891,5.117190837860107,5.352041721343994,5.416894435882568,5.306480407714844,7.119626045227051,7.362358093261719,7.560024738311768,7.672085762023926,7.78053092956543,7.849511623382568,7.94010591506958,7.900861740112305,7.846126079559326,7.712600231170654,7.663514137268066,7.4258646965026855,7.237794399261475,6.884088516235352,6.665409564971924,8.544978141784668,8.851862907409668,8.982319831848145,9.227643966674805,9.189069747924805,9.512293815612793,9.588869094848633,9.675749778747559,9.78400707244873,9.848825454711914,10.132048606872559,10.27573013305664,10.488082885742188,10.643525123596191,10.86992359161377
B8,1.5985314846038818,1.8098317384719849,2.1412289142608643,2.332465887069702,2.6646149158477783,2.8487932682037354,3.194904327392578,3.3510525226593018,3.6792500019073486,3.8704071044921875,4.1016106605529785,4.4205756187438965,4.54267692565918,4.502676010131836,4.4329447746276855,2.1540071964263916,1.877160906791687,1.6042617559432983,1.2564947605133057,0.9239850044250488,0.6684315204620361,0.3645108938217163,0.0,0.3738956153392792,0.6484254598617554,0.9864667654037476,1.3001739978790283,1.549171805381775,1.7621933221817017,1.8117997646331787,3.1392126083374023,3.454956531524658,3.6657609939575195,3.9189562797546387,3.8633337020874023,4.196422100067139,4.153824806213379,4.380538463592529,4.336547374725342,4.632124900817871,4.8516082763671875,4.9762420654296875,5.227715492248535,5.288053512573242,5.1992645263671875,7.1151227951049805,7.355271339416504,7.5477705001831055,7.654388904571533,7.749332427978516,7.816463470458984,7.892117977142334,7.842629909515381,7.773226737976074,7.630187511444092,7.564047813415527,7.314762115478516,7.114597320556641,6.755510330200195,6.544930458068848,8.413005828857422,8.725264549255371,8.8490629196167,9.0991792678833,9.05892562866211,9.385885238647461,9.462409019470215,9.553970336914062,9.672486305236816,9.7357816696167,10.027509689331055,10.167720794677734,10.388382911682129,10.53773021697998,10.7681884765625
B9,1.6118841171264648,1.8803393840789795,2.1875507831573486,2.424870491027832,2.726313829421997,2.949306011199951,3.2739222049713135,3.450998067855835,3.78267502784729,3.9862899780273438,4.2390594482421875,4.561755180358887,4.707922458648682,4.694005489349365,4.642736911773682,2.4767096042633057,2.207669734954834,1.9318629503250122,1.5826619863510132,1.267412781715393,1.0022377967834473,0.6523725986480713,0.3738956153392792,0.0,0.35134878754615784,0.6546424627304077,0.9450112581253052,1.2137712240219116,1.4164128303527832,1.5082802772521973,3.0913503170013428,3.4135336875915527,3.6196627616882324,3.8471336364746094,3.7876594066619873,4.103270053863525,4.028012752532959,4.251508712768555,4.178521633148193,4.458664417266846,4.673018455505371,4.774190425872803,5.024628639221191,5.0632548332214355,4.975855350494385,6.931119918823242,7.1782755851745605,7.3776631355285645,7.492127418518066,7.5863142013549805,7.6646409034729,7.737374782562256,7.692084789276123,7.620395183563232,7.483938217163086,7.410541534423828,7.1597442626953125,6.946523666381836,6.582447052001953,6.363983154296875,8.1737060546875,8.491371154785156,8.62165355682373,8.880792617797852,8.851049423217773,9.18404483795166,9.271032333374023,9.37416934967041,9.50390625,9.5773286819458,9.874497413635254,10.022594451904297,10.251997947692871,10.406657218933105,10.646892547607422
B10,1.7323442697525024,1.999242901802063,2.307277202606201,2.5503740310668945,2.839705228805542,3.090219259262085,3.3979575634002686,3.6041183471679688,3.923369884490967,4.151932716369629,4.410347938537598,4.723179817199707,4.872393608093262,4.876864433288574,4.819005012512207,2.735959053039551,2.4819438457489014,2.229348659515381,1.8896658420562744,1.5513701438903809,1.3136368989944458,0.9805012941360474,0.6484254598617554,0.35134878754615784,0.0,0.3500838577747345,0.6939879655838013,0.9868583083152771,1.2534210681915283,1.3868939876556396,3.2135307788848877,3.5231032371520996,3.7014334201812744,3.90594744682312,3.8177874088287354,4.119848728179932,4.0221991539001465,4.2228593826293945,4.126132488250732,4.406710624694824,4.598409652709961,4.6877970695495605,4.9531755447387695,4.984175205230713,4.919118404388428,6.966157913208008,7.210837364196777,7.4055681228637695,7.515501976013184,7.5968241691589355,7.674334526062012,7.732594966888428,7.678232192993164,7.592639923095703,7.448179244995117,7.3578877449035645,7.096470355987549,6.870815753936768,6.50226354598999,6.291843891143799,8.077458381652832,8.400345802307129,8.524662017822266,8.789041519165039,8.758956909179688,9.095606803894043,9.183523178100586,9.292234420776367,9.432804107666016,9.505600929260254,9.810938835144043,9.956151962280273,10.193936347961426,10.34292984008789,10.587503433227539
B11,1.8039082288742065,2.0944015979766846,2.374498128890991,2.6435632705688477,2.900757312774658,3.181912899017334,3.464123010635376,3.6915225982666016,4.005221843719482,4.248552322387695,4.521811485290527,4.8316264152526855,4.998461723327637,5.028156280517578,4.982664585113525,3.0248067378997803,2.783236503601074,2.5388071537017822,2.2045538425445557,1.8710582256317139,1.6427379846572876,1.304003357887268,0.9864667654037476,0.6546424627304077,0.3500838577747345,0.0,0.3584980070590973,0.6684709191322327,0.9596757292747498,1.1411212682724,3.197537899017334,3.5007617473602295,3.662266492843628,3.838078260421753,3.737541913986206,4.019179821014404,3.891995668411255,4.08019495010376,3.955920934677124,4.223900318145752,4.402736663818359,4.471786022186279,4.740424156188965,4.754857540130615,4.699798583984375,6.80134916305542,7.047802448272705,7.243572235107422,7.355589866638184,7.430759429931641,7.514349460601807,7.564935684204102,7.509833812713623,7.417909145355225,7.27523136138916,7.1747002601623535,6.909522533416748,6.671842575073242,6.299673080444336,6.087430953979492,7.824793338775635,8.15212345123291,8.277922630310059,8.54903507232666,8.525227546691895,8.866284370422363,8.960888862609863,9.078548431396484,9.229547500610352,9.308606147766113,9.61960220336914,9.76889705657959,10.014724731445312,10.165349006652832,10.417499542236328
B12,1.8792074918746948,2.1975958347320557,2.437124490737915,2.7354071140289307,2.9543697834014893,3.259498119354248,3.515293598175049,3.7536442279815674,4.065804958343506,4.313755512237549,4.6030802726745605,4.913748264312744,5.102216720581055,5.154938220977783,5.129636287689209,3.2886362075805664,3.0548720359802246,2.8097896575927734,2.478973388671875,2.16182541847229,1.93368399143219,1.5882185697555542,1.3001739978790283,0.9450112581253052,0.6939879655838013,0.3584980070590973,0.0,0.37315717339515686,0.6347420811653137,0.8869997262954712,3.1333749294281006,3.43402099609375,3.5881080627441406,3.7355196475982666,3.6358509063720703,3.8949215412139893,3.738044500350952,3.9224250316619873,3.772054672241211,4.019479751586914,4.193938255310059,4.239010810852051,4.501968860626221,4.495165824890137,4.4398193359375,6.561829566955566,6.812995910644531,7.0138373374938965,7.1324052810668945,7.207119941711426,7.300725936889648,7.349552631378174,7.299612522125244,7.207563400268555,7.073126316070557,6.968496799468994,6.704888343811035,6.457347393035889,6.0828166007995605,5.862261772155762,7.540670394897461,7.871423244476318,8.003799438476562,8.281844139099121,8.268051147460938,8.613422393798828,8.717683792114258,8.845252990722656,9.004806518554688,9.093759536743164,9.407784461975098,9.565106391906738,9.817384719848633,9.974139213562012,10.234649658203125
B13,1.7842118740081787,2.1034657955169678,2.304918050765991,2.616630792617798,2.7973482608795166,3.1259703636169434,3.35091233253479,3.6082332134246826,3.9082257747650146,4.170233249664307,4.4700093269348145,4.772838592529297,4.976759910583496,5.056394100189209,5.0444231033325195,3.3915927410125732,3.183476686477661,2.9633846282958984,2.6535379886627197,2.3431894779205322,2.1536707878112793,1.8268518447875977,1.549171805381775,1.2137712240219116,0.9868583083152771,0.6684709191322327,0.37315717339515686,0.0,0.37750914692878723,0.5763253569602966,2.9247939586639404,3.2080368995666504,3.337885618209839,3.4606614112854004,3.346449613571167,3.589182138442993,3.415616273880005,3.5879602432250977,3.424234390258789,3.668031930923462,3.8338799476623535,3.8744800090789795,4.141861438751221,4.135885715484619,4.091009616851807,6.260792255401611,6.505858898162842,6.699642658233643,6.811989784240723,6.877819061279297,6.968639373779297,7.009537696838379,6.95478630065918,6.8568949699401855,6.7198286056518555,6.60969352722168,6.343669891357422,6.0926194190979,5.717328071594238,5.498692035675049,7.179983139038086,7.510622024536133,7.6390380859375,7.916264533996582,7.90029764175415,8.245649337768555,8.34902572631836,8.47718620300293,8.638922691345215,8.728059768676758,9.043885231018066,9.201223373413086,9.455894470214844,9.612335205078125,9.875032424926758
B14,1.8384051322937012,2.18634295463562,2.337825059890747,2.676919460296631,2.819850444793701,3.1547935009002686,3.359222888946533,3.6068613529205322,3.9129157066345215,4.160869598388672,4.4745635986328125,4.784669399261475,5.010900497436523,5.103309631347656,5.118715286254883,3.542853355407715,3.335458755493164,3.1044600009918213,2.797762632369995,2.5189743041992188,2.320842742919922,1.9924761056900024,1.7621933221817017,1.4164128303527832,1.2534210681915283,0.9596757292747498,0.6347420811653137,0.37750914692878723,0.0,0.3877655565738678,2.785548448562622,3.0756659507751465,3.218937873840332,3.3227643966674805,3.2350451946258545,3.4591503143310547,3.264785051345825,3.4532508850097656,3.2754976749420166,3.490326404571533,3.6720211505889893,3.6904094219207764,3.9359774589538574,3.9071459770202637,3.8398756980895996,5.961993217468262,6.216586589813232,6.42202615737915,6.547580718994141,6.624267101287842,6.72943115234375,6.780673503875732,6.7405853271484375,6.654476642608643,6.535037517547607,6.434080123901367,6.179157733917236,5.925902843475342,5.551227569580078,5.314131736755371,6.939734935760498,7.270781517028809,7.413352966308594,7.695469856262207,7.692982196807861,8.041075706481934,8.156285285949707,8.292584419250488,8.45624828338623,8.558610916137695,8.871565818786621,9.041534423828125,9.297464370727539,9.466306686401367,9.735915184020996
