,A1,A2,A3,A4,A5,A6,A7,A8,A9,A10,A11,A12,A13,A14,A15,B1,B2,B3,B4,B5,B6,B7,B8,B9,B10,B11,B12,B13,B14,B15,C1,C2,C3,C4,C5,C6,C7,C8,C9,C10,C11,C12,C13,C14,C15,D1,D2,D3,D4,D5,D6,D7,D8,D9,D10,D11,D12,D13,D14,D15,E1,E2,E3,E4,E5,E6,E7,E8,E9,E10,E11,E12,E13,E14,E15
A1,0.0,0.3940611481666565,0.616686999797821,0.9041367173194885,1.2032876014709473,1.44522225856781,1.7766468524932861,2.0095901489257812,2.2448570728302,2.5561411380767822,2.889457941055298,3.1741232872009277,3.5203628540039062,3.831953287124634,4.098007678985596,4.32843017578125,4.080966472625732,3.774932384490967,3.588146686553955,3.209757089614868,2.9982211589813232,2.658534288406372,2.4079060554504395,2.41740083694458,2.781458854675293,3.022520065307617,3.1616716384887695,3.554966926574707,3.745828151702881,4.094848155975342,4.398454189300537,4.132522106170654,3.8618547916412354,3.6910641193389893,3.306441068649292,3.0836896896362305,2.739203929901123,2.541102170944214,2.3533525466918945,2.647636651992798,2.809755563735962,3.085434913635254,3.4384114742279053,3.6496615409851074,4.025298118591309,4.295699596405029,4.031276226043701,3.7214250564575195,3.4992053508758545,3.113516330718994,2.8514015674591064,2.5089588165283203,2.3361191749572754,2.219494342803955,2.568293333053589,2.7434263229370117,3.079017400741577,3.4014410972595215,3.622684955596924,3.9653749465942383,4.253212928771973,4.013373374938965,3.6671507358551025,3.468163013458252,3.2057900428771973,2.889741897583008,2.861137628555298,2.5038044452667236,2.586439371109009,2.8058953285217285,3.142521381378174,3.3874993324279785,3.6169180870056152,3.9580981731414795,4.140061378479004
A2,0.3940611481666565,0.0,0.39856696128845215,0.570810854434967,0.8971260190010071,1.1614934206008911,1.457862138748169,1.732469916343689,1.96664297580719,2.2830257415771484,2.619127035140991,2.881633996963501,3.2423760890960693,3.5365567207336426,3.818922996520996,4.097656726837158,3.866269111633301,3.555558443069458,3.4009499549865723,3.013221263885498,2.832184076309204,2.4988207817077637,2.244908571243286,2.2117552757263184,2.5606634616851807,2.7747714519500732,2.881242036819458,3.277050495147705,3.441786766052246,3.7975826263427734,4.081397533416748,3.8097410202026367,3.5549368858337402,3.3913369178771973,3.002894163131714,2.808183431625366,2.4533631801605225,2.2770256996154785,2.0729403495788574,2.3692197799682617,2.5164473056793213,2.7662196159362793,3.126898765563965,3.317091464996338,3.6965816020965576,3.9055423736572266,3.638140916824341,3.330723762512207,3.108250617980957,2.7212789058685303,2.4644603729248047,2.118429660797119,1.952645182609558,1.8375471830368042,2.193056583404541,2.3715178966522217,2.698641777038574,3.0295870304107666,3.2449469566345215,3.592733383178711,3.8812766075134277,3.6527113914489746,3.2997961044311523,3.1158273220062256,2.8552157878875732,2.549205780029297,2.543909788131714,2.189227819442749,2.3068437576293945,2.529393196105957,2.8811254501342773,3.1089272499084473,3.3626937866210938,3.690967321395874,3.89428973197937
A3,0.616686999797821,0.39856696128845215,0.0,0.38445720076560974,0.5947408676147461,0.8566939830780029,1.1758439540863037,1.3987263441085815,1.6555002927780151,1.9531593322753906,2.296823501586914,2.5695533752441406,2.9177117347717285,3.223839521408081,3.4881551265716553,3.737417459487915,3.5047714710235596,3.1894121170043945,3.024700403213501,2.6403472423553467,2.4447274208068848,2.1160049438476562,1.8533023595809937,1.8298534154891968,2.1859421730041504,2.4165163040161133,2.5459587574005127,2.939845085144043,3.129469156265259,3.478816509246826,3.860990524291992,3.6148841381073,3.339815616607666,3.2045633792877197,2.8173258304595947,2.6110591888427734,2.2816429138183594,2.058838367462158,1.8215550184249878,2.0867559909820557,2.218991756439209,2.4945197105407715,2.838141918182373,3.0494823455810547,3.4255664348602295,3.822890281677246,3.5721256732940674,3.2743330001831055,3.0879857540130615,2.697866439819336,2.4645886421203613,2.1195456981658936,1.9364806413650513,1.746485710144043,2.081437587738037,2.2059268951416016,2.5498740673065186,2.8502678871154785,3.0696961879730225,3.4034922122955322,3.7918920516967773,3.5640432834625244,3.2147376537323,3.0458731651306152,2.749509334564209,2.468879222869873,2.4190101623535156,2.045757293701172,2.1213197708129883,2.2987046241760254,2.6502087116241455,2.8594107627868652,3.0931074619293213,3.4175262451171875,3.5979974269866943
A4,0.9041367173194885,0.570810854434967,0.38445720076560974,0.0,0.39785781502723694,0.6055797338485718,0.8969825506210327,1.1875808238983154,1.4033578634262085,1.7265958786010742,2.0574264526367188,2.316859245300293,2.680464267730713,2.973222017288208,3.262938976287842,3.6254844665527344,3.423774480819702,3.094587802886963,2.972947120666504,2.583983898162842,2.41469144821167,2.1137278079986572,1.8326703310012817,1.7326873540878296,2.0662519931793213,2.2466254234313965,2.3481969833374023,2.7420599460601807,2.9034314155578613,3.267345428466797,3.693763017654419,3.4460608959198,3.1953961849212646,3.0806801319122314,2.6909327507019043,2.5308139324188232,2.195499897003174,2.002058744430542,1.7309495210647583,1.9776904582977295,2.0647010803222656,2.2982497215270996,2.642498731613159,2.8155782222747803,3.2000532150268555,3.511789560317993,3.2448673248291016,2.9624645709991455,2.7669851779937744,2.3721752166748047,2.1645586490631104,1.8043146133422852,1.6637380123138428,1.4740574359893799,1.8233072757720947,1.9337337017059326,2.2547826766967773,2.5691006183624268,2.76167893409729,3.1095428466796875,3.411921501159668,3.182082414627075,2.832712173461914,2.6626038551330566,2.3699758052825928,2.0890355110168457,2.0543160438537598,1.6859850883483887,1.7944517135620117,1.9897578954696655,2.3509256839752197,2.5574584007263184,2.816701650619507,3.135148525238037,3.342846155166626
A5,1.2032876014709473,0.8971260190010071,0.5947408676147461,0.39785781502723694,0.0,0.3868265748023987,0.6001272201538086,0.8516129851341248,1.1344189643859863,1.4141759872436523,1.7689414024353027,2.0092945098876953,2.3696281909942627,2.656970262527466,2.9313080310821533,3.2342193126678467,3.028651714324951,2.7032127380371094,2.5852909088134766,2.194462776184082,2.04219388961792,1.7417460680007935,1.4745631217956543,1.3749089241027832,1.6992321014404297,1.8921115398406982,1.9842956066131592,2.380190372467041,2.5491225719451904,2.9042630195617676,3.3500313758850098,3.120457172393799,2.8545730113983154,2.7603986263275146,2.374539375305176,2.209592819213867,1.8992817401885986,1.675478219985962,1.3776277303695679,1.5994199514389038,1.6802464723587036,1.9329214096069336,2.270986795425415,2.466142177581787,2.8458173274993896,3.321836471557617,3.083787679672241,2.8032453060150146,2.6541030406951904,2.267813205718994,2.075554132461548,1.7406764030456543,1.5631906986236572,1.2973648309707642,1.60591459274292,1.6682283878326416,2.010820150375366,2.291048049926758,2.502607583999634,2.830301523208618,3.310049057006836,3.1024818420410156,2.7509877681732178,2.6232032775878906,2.301041841506958,2.070686101913452,2.016122817993164,1.6428385972976685,1.7321654558181763,1.8600901365280151,2.2284445762634277,2.386019229888916,2.6376872062683105,2.9337778091430664,3.1260008811950684
A6,1.44522225856781,1.1614934206008911,0.8566939830780029,0.6055797338485718,0.3868265748023987,0.0,0.39314085245132446,0.6113010048866272,0.8062753081321716,1.1295270919799805,1.457842230796814,1.7338447570800781,2.08711576461792,2.3947789669036865,2.6764376163482666,3.109623432159424,2.9391567707061768,2.5883469581604004,2.4914968013763428,2.1125738620758057,1.9401531219482422,1.6937695741653442,1.3787108659744263,1.1985182762145996,1.5154305696487427,1.6663188934326172,1.7930221557617188,2.180424213409424,2.364499092102051,2.730912446975708,3.3873648643493652,3.1865522861480713,2.929488182067871,2.883877754211426,2.5079751014709473,2.375906467437744,2.096465826034546,1.8650429248809814,1.5248686075210571,1.669705867767334,1.66721510887146,1.898151159286499,2.1977360248565674,2.3673782348632812,2.7492427825927734,3.302483320236206,3.0525786876678467,2.8099002838134766,2.6692850589752197,2.2839035987854004,2.150479555130005,1.8069041967391968,1.6947674751281738,1.4073517322540283,1.6956437826156616,1.6810401678085327,1.9895591735839844,2.248793125152588,2.4122798442840576,2.7421023845672607,3.109309434890747,2.8783516883850098,2.5471608638763428,2.4007318019866943,2.0581917762756348,1.832746148109436,1.7221195697784424,1.3421903848648071,1.3812061548233032,1.4944961071014404,1.855992317199707,2.02690052986145,2.2681965827941895,2.5766661167144775,2.766829013824463
A7,1.7766468524932861,1.457862138748169,1.1758439540863037,0.8969825506210327,0.6001272201538086,0.39314085245132446,0.0,0.386364221572876,0.5989940166473389,0.876868724822998,1.2162901163101196,1.4334698915481567,1.806660532951355,2.082526445388794,2.378202199935913,2.83884596824646,2.6892051696777344,2.3416032791137695,2.2925093173980713,1.9149959087371826,1.8040056228637695,1.5880589485168457,1.3083760738372803,1.069042682647705,1.3198127746582031,1.419316291809082,1.4808624982833862,1.8695487976074219,2.017765522003174,2.389099359512329,3.0340263843536377,2.839677572250366,2.597848415374756,2.5764858722686768,2.2095115184783936,2.1179428100585938,1.858924388885498,1.652678370475769,1.2943456172943115,1.396234154701233,1.3474997282028198,1.5384397506713867,1.8380401134490967,1.986807942390442,2.3717706203460693,2.9463114738464355,2.711244821548462,2.478228807449341,2.369312286376953,1.9974714517593384,1.8944131135940552,1.5802958011627197,1.4740372896194458,1.1479851007461548,1.3889871835708618,1.3219276666641235,1.6215022802352905,1.864258885383606,2.026174306869507,2.350938081741333,2.823134660720825,2.6213700771331787,2.2845325469970703,2.1869189739227295,1.8340471982955933,1.666227102279663,1.5781464576721191,1.2223984003067017,1.299607276916504,1.3591850996017456,1.73166823387146,1.838103175163269,2.104837417602539,2.375234842300415,2.5826797485351562
A8,2.0095901489257812,1.732469916343689,1.3987263441085815,1.1875808238983154,0.8516129851341248,0.6113010048866272,0.386364221572876,0.0,0.3899558484554291,0.5688831210136414,0.9377458095550537,1.1807284355163574,1.5255862474441528,1.8288456201553345,2.0904767513275146,2.5154740810394287,2.369042158126831,2.009056329727173,1.9501625299453735,1.5826822519302368,1.4507733583450317,1.2731057405471802,0.978077232837677,0.695784330368042,0.9455087780952454,1.065038800239563,1.1846431493759155,1.5717480182647705,1.773624062538147,2.132855176925659,2.9472382068634033,2.7967495918273926,2.5328283309936523,2.5544745922088623,2.208653211593628,2.1066253185272217,1.9060072898864746,1.6538290977478027,1.2799289226531982,1.2902430295944214,1.1885230541229248,1.4148048162460327,1.6602959632873535,1.8426640033721924,2.2118325233459473,3.0585317611694336,2.8546292781829834,2.644531488418579,2.5838403701782227,2.234703302383423,2.1623940467834473,1.881285548210144,1.7658542394638062,1.4083890914916992,1.5786799192428589,1.4329352378845215,1.7229963541030884,1.8924951553344727,2.0486249923706055,2.333801507949829,2.924492359161377,2.729174852371216,2.4172520637512207,2.3411998748779297,1.9661418199539185,1.8475550413131714,1.6986520290374756,1.362666130065918,1.3481757640838623,1.3065518140792847,1.6472762823104858,1.7115459442138672,1.929810881614685,2.187608480453491,2.350921392440796
A9,2.2448570728302,1.96664297580719,1.6555002927780151,1.4033578634262085,1.1344189643859863,0.8062753081321716,0.5989940166473389,0.3899558484554291,0.0,0.3777481019496918,0.6557720899581909,0.9523719549179077,1.2943854331970215,1.6155951023101807,1.902216911315918,2.539473533630371,2.449165105819702,2.072075366973877,2.0581533908843994,1.7267812490463257,1.5953595638275146,1.5012434720993042,1.195198655128479,0.8409860134124756,1.0047404766082764,1.0017603635787964,1.1415821313858032,1.4915130138397217,1.6855297088623047,2.0570755004882812,3.074103355407715,2.9468119144439697,2.712130546569824,2.773577928543091,2.445457935333252,2.3886468410491943,2.205820083618164,1.980386734008789,1.6053965091705322,1.5676647424697876,1.3899006843566895,1.5424948930740356,1.729911208152771,1.8484548330307007,2.210019111633301,3.040915012359619,2.8194503784179688,2.6553425788879395,2.593571662902832,2.2552614212036133,2.242340564727783,1.9605252742767334,1.9190173149108887,1.5844532251358032,1.7402647733688354,1.546006679534912,1.7677106857299805,1.9186644554138184,2.001725196838379,2.289271831512451,2.6895322799682617,2.470154285430908,2.1873350143432617,2.093001365661621,1.7077064514160156,1.6084085702896118,1.4037824869155884,1.0938400030136108,1.0178123712539673,0.9277840852737427,1.2594037055969238,1.3284480571746826,1.550201177597046,1.82196044921875,2.0010318756103516
A10,2.5561411380767822,2.2830257415771484,1.9531593322753906,1.7265958786010742,1.4141759872436523,1.1295270919799805,0.876868724822998,0.5688831210136414,0.3777481019496918,0.0,0.3787458539009094,0.6391420364379883,0.9648357629776001,1.2900422811508179,1.551805853843689,2.174107789993286,2.104360342025757,1.7245739698410034,1.7425042390823364,1.4375971555709839,1.34516441822052,1.324120044708252,1.0708692073822021,0.687735915184021,0.7147688865661621,0.6349659562110901,0.7818654775619507,1.120861530303955,1.342166543006897,1.7026829719543457,2.8438713550567627,2.7569587230682373,2.5187928676605225,2.624291181564331,2.327385425567627,2.2864065170288086,2.1625030040740967,1.9314179420471191,1.5663963556289673,1.4411451816558838,1.2004964351654053,1.334706425666809,1.4543801546096802,1.5826324224472046,1.921473503112793,2.980201005935669,2.798898935317993,2.6559088230133057,2.648942470550537,2.3437225818634033,2.357984781265259,2.122819423675537,2.0676207542419434,1.713335394859314,1.7937484979629517,1.5350980758666992,1.7319804430007935,1.8049062490463257,1.8826459646224976,2.1215529441833496,2.7029647827148438,2.5176033973693848,2.2561211585998535,2.2160422801971436,1.829609990119934,1.805267095565796,1.5969849824905396,1.3449809551239014,1.2475353479385376,1.052756667137146,1.3206839561462402,1.2851052284240723,1.464730143547058,1.6787556409835815,1.821892499923706
A11,2.889457941055298,2.619127035140991,2.296823501586914,2.0574264526367188,1.7689414024353027,1.457842230796814,1.2162901163101196,0.9377458095550537,0.6557720899581909,0.3787458539009094,0.0,0.39027613401412964,0.6550219058990479,1.0081567764282227,1.2767754793167114,2.112351179122925,2.1089305877685547,1.7287399768829346,1.8001759052276611,1.5590720176696777,1.486324667930603,1.554349660873413,1.3282506465911865,0.9520537853240967,0.8634761571884155,0.6268600225448608,0.7741947770118713,1.0032321214675903,1.2177715301513672,1.5645718574523926,2.9277007579803467,2.878673791885376,2.6675453186035156,2.817354917526245,2.5511255264282227,2.5467145442962646,2.454669237136841,2.2424352169036865,1.8885940313339233,1.7198514938354492,1.430280327796936,1.4937077760696411,1.525712013244629,1.5906082391738892,1.891772985458374,3.0132951736450195,2.838047981262207,2.745150089263916,2.7589354515075684,2.4822161197662354,2.548845052719116,2.3340036869049072,2.324094772338867,1.9877138137817383,2.0366854667663574,1.738472580909729,1.8664114475250244,1.8894784450531006,1.897273063659668,2.1049070358276367,2.57789945602417,2.390430450439453,2.1759603023529053,2.1464548110961914,1.7666325569152832,1.7977452278137207,1.5491079092025757,1.371370792388916,1.2155693769454956,0.9264413118362427,1.103250503540039,0.9917981624603271,1.1301466226577759,1.3153636455535889,1.4484509229660034
A12,3.1741232872009277,2.881633996963501,2.5695533752441406,2.316859245300293,2.0092945098876953,1.7338447570800781,1.4334698915481567,1.1807284355163574,0.9523719549179077,0.6391420364379883,0.39027613401412964,0.0,0.392781525850296,0.6637659072875977,0.9745059013366699,1.8974651098251343,1.9404481649398804,1.5838874578475952,1.7354508638381958,1.533423900604248,1.5564748048782349,1.664975643157959,1.5144062042236328,1.1627614498138428,0.9695984125137329,0.6335867643356323,0.5836061835289001,0.7247040271759033,0.8615216612815857,1.2159157991409302,2.638929843902588,2.616582155227661,2.4351184368133545,2.6235451698303223,2.3941800594329834,2.438488483428955,2.389178991317749,2.2165658473968506,1.8905118703842163,1.6709226369857788,1.3344590663909912,1.305202603340149,1.2647069692611694,1.2701375484466553,1.5453907251358032,2.7534587383270264,2.612361192703247,2.5488195419311523,2.6106083393096924,2.377058982849121,2.480410099029541,2.319502115249634,2.319375514984131,1.993491291999817,1.9710770845413208,1.627320408821106,1.6948193311691284,1.6469181776046753,1.6235867738723755,1.7858433723449707,2.4080259799957275,2.271069049835205,2.072756767272949,2.1126303672790527,1.7536391019821167,1.8616312742233276,1.6596394777297974,1.5432060956954956,1.4432882070541382,1.1421771049499512,1.2774347066879272,1.0569976568222046,1.2021366357803345,1.2757962942123413,1.4204667806625366
A13,3.5203628540039062,3.2423760890960693,2.9177117347717285,2.680464267730713,2.3696281909942627,2.08711576461792,1.806660532951355,1.5255862474441528,1.2943854331970215,0.9648357629776001,0.6550219058990479,0.392781525850296,0.0,0.390376478433609,0.629134476184845,1.722247838973999,1.8312790393829346,1.4933266639709473,1.685610055923462,1.569172739982605,1.608566403388977,1.799250841140747,1.6889182329177856,1.3721507787704468,1.1085127592086792,0.7334820032119751,0.7142102718353271,0.6378109455108643,0.7954115867614746,1.0629841089248657,2.7214014530181885,2.753634452819824,2.5824830532073975,2.8125321865081787,2.6227309703826904,2.676438570022583,2.671908140182495,2.4950592517852783,2.187812566757202,1.9276567697525024,1.577760100364685,1.529846429824829,1.3916547298431396,1.3756905794143677,1.5671807527542114,2.949442148208618,2.8393471240997314,2.812196731567383,2.9057791233062744,2.702176332473755,2.8281705379486084,2.6880836486816406,2.6926138401031494,2.3689475059509277,2.3210251331329346,1.9612524509429932,1.9965592622756958,1.8888095617294312,1.831215262413025,1.9253149032592773,2.554889678955078,2.4348278045654297,2.2876222133636475,2.345817804336548,2.0072133541107178,2.151407241821289,1.9264761209487915,1.8528833389282227,1.7089135646820068,1.3668767213821411,1.4032620191574097,1.1192392110824585,1.1493635177612305,1.1296157836914062,1.1898829936981201
A14,3.831953287124634,3.5365567207336426,3.223839521408081,2.973222017288208,2.656970262527466,2.3947789669036865,2.082526445388794,1.8288456201553345,1.6155951023101807,1.2900422811508179,1.0081567764282227,0.6637659072875977,0.390376478433609,0.0,0.3885557949542999,1.6436054706573486,1.8169333934783936,1.5322145223617554,1.7978334426879883,1.7302788496017456,1.843582272529602,2.051299810409546,1.990054965019226,1.692794919013977,1.3990414142608643,1.0233067274093628,0.8712579607963562,0.6522625088691711,0.6198675036430359,0.8160937428474426,2.542109966278076,2.6087961196899414,2.4813928604125977,2.7483367919921875,2.60359525680542,2.7060277462005615,2.7386844158172607,2.604613780975342,2.3297173976898193,2.0433340072631836,1.6774195432662964,1.5440692901611328,1.3315093517303467,1.227866768836975,1.34416663646698,2.7700533866882324,2.6978065967559814,2.7109744548797607,2.8481080532073975,2.694063425064087,2.8557465076446533,2.7653698921203613,2.78593111038208,2.4845709800720215,2.3821909427642822,2.0012569427490234,1.970586895942688,1.795715570449829,1.6916728019714355,1.7171686887741089,2.4393105506896973,2.3729608058929443,2.2571051120758057,2.375293493270874,2.072786808013916,2.2765908241271973,2.0928781032562256,2.0703701972961426,1.9663996696472168,1.6310843229293823,1.640761375427246,1.3046618700027466,1.3380126953125,1.2101776599884033,1.276478886604309
A15,4.098007678985596,3.818922996520996,3.4881551265716553,3.262938976287842,2.9313080310821533,2.6764376163482666,2.378202199935913,2.0904767513275146,1.902216911315918,1.551805853843689,1.2767754793167114,0.9745059013366699,0.629134476184845,0.3885557949542999,0.0,1.3979179859161377,1.6291091442108154,1.386484146118164,1.6784251928329468,1.6973248720169067,1.8310129642486572,2.0975799560546875,2.0851802825927734,1.835936188697815,1.5004979372024536,1.1469210386276245,1.0327880382537842,0.6981999278068542,0.7131906151771545,0.7253643274307251,2.5845425128936768,2.703275203704834,2.5691263675689697,2.8636269569396973,2.7547664642333984,2.8468310832977295,2.92313814163208,2.7747766971588135,2.521982431411743,2.2042553424835205,1.8454573154449463,1.729306936264038,1.4545899629592896,1.3853943347930908,1.4141970872879028,3.034040689468384,2.9984052181243896,3.017932653427124,3.1808652877807617,3.0411152839660645,3.1962692737579346,3.117255449295044,3.115441083908081,2.803070306777954,2.685004234313965,2.3019931316375732,2.279816150665283,2.0683062076568604,1.9814859628677368,1.9496548175811768,2.7717959880828857,2.722254514694214,2.626246213912964,2.751925468444824,2.4554388523101807,2.660109043121338,2.463728189468384,2.4354050159454346,2.3061394691467285,1.9575668573379517,1.9387471675872803,1.6021473407745361,1.559760570526123,1.391722559928894,1.3538872003555298
B1,4.32843017578125,4.097656726837158,3.737417459487915,3.6254844665527344,3.2342193126678467,3.109623432159424,2.83884596824646,2.5154740810394287,2.539473533630371,2.174107789993286,2.112351179122925,1.8974651098251343,1.722247838973999,1.6436054706573486,1.3979179859161377,0.0,0.39154723286628723,0.5655608177185059,0.8782523274421692,1.1672178506851196,1.4691157341003418,1.7752128839492798,2.0083024501800537,2.006542682647705,1.653031349182129,1.5613651275634766,1.4516111612319946,1.1851450204849243,1.2898344993591309,1.0567028522491455,2.1383426189422607,2.3521859645843506,2.129415512084961,2.429563283920288,2.4282472133636475,2.43234920501709,2.6570730209350586,2.478215217590332,2.370314836502075,2.000103235244751,1.7774162292480469,1.7697564363479614,1.445945143699646,1.6229404211044312,1.5107502937316895,3.5297017097473145,3.6003565788269043,3.5284109115600586,3.7487728595733643,3.6193642616271973,3.6703882217407227,3.6343472003936768,3.488060712814331,3.147608995437622,2.974639415740967,2.649068593978882,2.7277936935424805,2.4677932262420654,2.5706467628479004,2.454049587249756,3.895758867263794,3.8937673568725586,3.722419023513794,3.8729918003082275,3.552215337753296,3.7010061740875244,3.5456268787384033,3.40740704536438,3.315723419189453,3.014289140701294,3.104389190673828,2.8405745029449463,2.82127046585083,2.7350733280181885,2.645979642868042
B2,4.080966472625732,3.866269111633301,3.5047714710235596,3.423774480819702,3.028651714324951,2.9391567707061768,2.6892051696777344,2.369042158126831,2.449165105819702,2.104360342025757,2.1089305877685547,1.9404481649398804,1.8312790393829346,1.8169333934783936,1.6291091442108154,0.39154723286628723,0.0,0.38947704434394836,0.5903887152671814,0.8932976126670837,1.2184877395629883,1.4925246238708496,1.771207332611084,1.8310308456420898,1.5116347074508667,1.5084131956100464,1.4259206056594849,1.2566931247711182,1.4116939306259155,1.2618838548660278,2.100109100341797,2.2759554386138916,2.0032761096954346,2.2611849308013916,2.239285707473755,2.1907236576080322,2.416219472885132,2.2100307941436768,2.122390031814575,1.7647407054901123,1.5969120264053345,1.6589123010635376,1.395994782447815,1.6552749872207642,1.600716233253479,3.5748252868652344,3.6352310180664062,3.5219006538391113,3.724602222442627,3.572220802307129,3.583228826522827,3.534245729446411,3.3519012928009033,3.003453493118286,2.846176862716675,2.5518393516540527,2.6802330017089844,2.4539952278137207,2.6114797592163086,2.529409885406494,4.020094871520996,4.004113674163818,3.799980640411377,3.9331774711608887,3.5983967781066895,3.7125754356384277,3.5639545917510986,3.387662172317505,3.3070905208587646,3.0312447547912598,3.161440372467041,2.933875322341919,2.939171552658081,2.9016051292419434,2.830394983291626
B3,3.774932384490967,3.555558443069458,3.1894121170043945,3.094587802886963,2.7032127380371094,2.5883469581604004,2.3416032791137695,2.009056329727173,2.072075366973877,1.7245739698410034,1.7287399768829346,1.5838874578475952,1.4933266639709473,1.5322145223617554,1.386484146118164,0.5655608177185059,0.38947704434394836,0.0,0.38695910573005676,0.6061751246452332,0.9172365069389343,1.2127786874771118,1.446022629737854,1.4671798944473267,1.1332566738128662,1.1222705841064453,1.0733659267425537,0.9394448399543762,1.1689902544021606,1.1108330488204956,2.1787643432617188,2.3052048683166504,2.02178955078125,2.262279510498047,2.1778793334960938,2.1226396560668945,2.292591094970703,2.0606071949005127,1.9136357307434082,1.5594605207443237,1.352949619293213,1.4453822374343872,1.2129765748977661,1.4866833686828613,1.5129913091659546,3.440845251083374,3.4612321853637695,3.3429477214813232,3.5168259143829346,3.3370742797851562,3.3498153686523438,3.270453929901123,3.1023731231689453,2.7419285774230957,2.615612506866455,2.31233286857605,2.4572348594665527,2.264799118041992,2.4135618209838867,2.380197763442993,3.758605480194092,3.7152655124664307,3.504966974258423,3.61419939994812,3.268498182296753,3.367603063583374,3.2042760848999023,3.0205159187316895,2.9287569522857666,2.653745412826538,2.7891831398010254,2.5766615867614746,2.588336706161499,2.5780627727508545,2.520519495010376
B4,3.588146686553955,3.4009499549865723,3.024700403213501,2.972947120666504,2.5852909088134766,2.4914968013763428,2.2925093173980713,1.9501625299453735,2.0581533908843994,1.7425042390823364,1.8001759052276611,1.7354508638381958,1.685610055923462,1.7978334426879883,1.6784251928329468,0.8782523274421692,0.5903887152671814,0.38695910573005676,0.0,0.39455756545066833,0.6432821750640869,0.9466580152511597,1.225783348083496,1.3386380672454834,1.0635521411895752,1.1745139360427856,1.224645733833313,1.1922129392623901,1.475343942642212,1.4732333421707153,2.411116123199463,2.504319667816162,2.184034824371338,2.374018669128418,2.258363962173462,2.1375722885131836,2.2850534915924072,2.0054030418395996,1.8593701124191284,1.5410680770874023,1.401913046836853,1.5887877941131592,1.4392907619476318,1.7601255178451538,1.834073781967163,3.690730571746826,3.6916050910949707,3.5421433448791504,3.688575267791748,3.4787631034851074,3.454993724822998,3.3463895320892334,3.150306463241577,2.7786457538604736,2.6912500858306885,2.4230093955993652,2.61932110786438,2.4731054306030273,2.6548075675964355,2.6596457958221436,3.999332904815674,3.930248975753784,3.700408697128296,3.7781260013580322,3.4173288345336914,3.4758362770080566,3.299525260925293,3.078892469406128,2.9741485118865967,2.7197911739349365,2.8753774166107178,2.707265853881836,2.714937686920166,2.7517688274383545,2.684831142425537
B5,3.209757089614868,3.013221263885498,2.6403472423553467,2.583983898162842,2.194462776184082,2.1125738620758057,1.9149959087371826,1.5826822519302368,1.7267812490463257,1.4375971555709839,1.5590720176696777,1.533423900604248,1.569172739982605,1.7302788496017456,1.6973248720169067,1.1672178506851196,0.8932976126670837,0.6061751246452332,0.39455756545066833,0.0,0.3893013000488281,0.6108599305152893,0.882904052734375,0.9947249293327332,0.7581467628479004,0.9458932876586914,1.0090017318725586,1.1029986143112183,1.3994492292404175,1.4960592985153198,2.359614372253418,2.39262056350708,2.057297706604004,2.206639051437378,2.0348546504974365,1.8938794136047363,1.9897741079330444,1.6888419389724731,1.5065927505493164,1.2083624601364136,1.0826846361160278,1.3301634788513184,1.267549991607666,1.6167025566101074,1.7693804502487183,3.490464687347412,3.461850643157959,3.288005828857422,3.4056777954101562,3.171987295150757,3.1281356811523438,2.999598979949951,2.79569149017334,2.4193339347839355,2.3581080436706543,2.1088013648986816,2.3384640216827393,2.238917350769043,2.4436752796173096,2.498408317565918,3.788403034210205,3.7034895420074463,3.449782371520996,3.509657859802246,3.1435513496398926,3.175043821334839,3.0108449459075928,2.7674641609191895,2.683087110519409,2.4584758281707764,2.6530656814575195,2.517448902130127,2.5679140090942383,2.64746356010437,2.6265530586242676
B6,2.9982211589813232,2.832184076309204,2.4447274208068848,2.41469144821167,2.04219388961792,1.9401531219482422,1.8040056228637695,1.4507733583450317,1.5953595638275146,1.34516441822052,1.486324667930603,1.5564748048782349,1.608566403388977,1.843582272529602,1.8310129642486572,1.4691157341003418,1.2184877395629883,0.9172365069389343,0.6432821750640869,0.3893013000488281,0.0,0.3873094916343689,0.6023778915405273,0.7833726406097412,0.6375195384025574,0.9252032041549683,1.1259703636169434,1.2770298719406128,1.6230475902557373,1.7648301124572754,2.721889019012451,2.7297422885894775,2.389195680618286,2.5078070163726807,2.2972147464752197,2.124924421310425,2.163785696029663,1.8273751735687256,1.603939414024353,1.3696004152297974,1.2699873447418213,1.5649518966674805,1.5579240322113037,1.893580675125122,2.08602237701416,3.723395347595215,3.658886194229126,3.476295232772827,3.5567071437835693,3.2903175354003906,3.2324798107147217,3.0602219104766846,2.8606629371643066,2.4765002727508545,2.473827600479126,2.2457237243652344,2.503680467605591,2.4539496898651123,2.6498138904571533,2.7475545406341553,3.8847789764404297,3.7622063159942627,3.505686044692993,3.5225021839141846,3.1436595916748047,3.1372311115264893,2.9419596195220947,2.674617290496826,2.555856943130493,2.3434791564941406,2.537400007247925,2.4482181072235107,2.4798688888549805,2.605393648147583,2.5705933570861816
B7,2.658534288406372,2.4988207817077637,2.1160049438476562,2.1137278079986572,1.7417460680007935,1.6937695741653442,1.5880589485168457,1.2731057405471802,1.5012434720993042,1.324120044708252,1.554349660873413,1.664975643157959,1.799250841140747,2.051299810409546,2.0975799560546875,1.7752128839492798,1.4925246238708496,1.2127786874771118,0.9466580152511597,0.6108599305152893,0.3873094916343689,0.0,0.3754335045814514,0.6819735169410706,0.7119577527046204,1.0700604915618896,1.2463253736495972,1.485599160194397,1.8002680540084839,1.987425446510315,2.733424186706543,2.689317226409912,2.333613872528076,2.394289970397949,2.1448378562927246,1.9303500652313232,1.9219844341278076,1.5610475540161133,1.334550380706787,1.1705552339553833,1.1593308448791504,1.5140658617019653,1.6025028228759766,1.9572540521621704,2.193094491958618,3.6724069118499756,3.5909578800201416,3.3737924098968506,3.4263992309570312,3.1398661136627197,3.042510509490967,2.854949712753296,2.6269633769989014,2.2467751502990723,2.275759696960449,2.098353624343872,2.3989017009735107,2.400479555130005,2.6337897777557373,2.7687041759490967,3.8945682048797607,3.764021873474121,3.479032278060913,3.479917526245117,3.101872682571411,3.0584826469421387,2.8882508277893066,2.589062213897705,2.504207134246826,2.3428707122802734,2.583714246749878,2.5373024940490723,2.6142568588256836,2.7780580520629883,2.784822940826416
B8,2.4079060554504395,2.244908571243286,1.8533023595809937,1.8326703310012817,1.4745631217956543,1.3787108659744263,1.3083760738372803,0.978077232837677,1.195198655128479,1.0708692073822021,1.3282506465911865,1.5144062042236328,1.6889182329177856,1.990054965019226,2.0851802825927734,2.0083024501800537,1.771207332611084,1.446022629737854,1.225783348083496,0.882904052734375,0.6023778915405273,0.3754335045814514,0.0,0.38515204191207886,0.5921082496643066,0.9679322242736816,1.2115747928619385,1.504448413848877,1.830066442489624,2.072291851043701,2.931473731994629,2.8615875244140625,2.522463798522949,2.5733518600463867,2.28802227973938,2.089916467666626,2.018317461013794,1.6617586612701416,1.3735665082931519,1.2634303569793701,1.2227706909179688,1.5719023942947388,1.699984073638916,2.017972230911255,2.2965729236602783,3.651650905609131,3.530914783477783,3.3166933059692383,3.333425998687744,3.021847724914551,2.928410291671753,2.7030575275421143,2.502258539199829,2.121372699737549,2.2018611431121826,2.0313122272491455,2.3379669189453125,2.3853421211242676,2.594050168991089,2.7727243900299072,3.723001003265381,3.5614771842956543,3.275786876678467,3.2414722442626953,2.858294725418091,2.786501884460449,2.5976336002349854,2.2850358486175537,2.1832337379455566,2.0407590866088867,2.2906997203826904,2.2853410243988037,2.371213912963867,2.5750839710235596,2.6006953716278076
B9,2.41740083694458,2.2117552757263184,1.8298534154891968,1.7326873540878296,1.3749089241027832,1.1985182762145996,1.069042682647705,0.695784330368042,0.8409860134124756,0.687735915184021,0.9520537853240967,1.1627614498138428,1.3721507787704468,1.692794919013977,1.835936188697815,2.006542682647705,1.8310308456420898,1.4671798944473267,1.3386380672454834,0.9947249293327332,0.7833726406097412,0.6819735169410706,0.38515204191207886,0.0,0.3767673373222351,0.6902196407318115,0.9547958970069885,1.2830497026443481,1.5981571674346924,1.8850760459899902,2.8785910606384277,2.8039026260375977,2.495138168334961,2.569282293319702,2.2742903232574463,2.130990505218506,2.0379104614257812,1.717760443687439,1.3827998638153076,1.2572197914123535,1.1289949417114258,1.425410509109497,1.552835464477539,1.8201838731765747,2.1245203018188477,3.4099886417388916,3.268674850463867,3.07700777053833,3.0860722064971924,2.7733101844787598,2.714016914367676,2.4809467792510986,2.3251047134399414,1.9436719417572021,2.0278849601745605,1.8232390880584717,2.1024394035339355,2.157480001449585,2.327200174331665,2.525667667388916,3.3626303672790527,3.19199538230896,2.9150521755218506,2.8768608570098877,2.491617202758789,2.4319331645965576,2.2327699661254883,1.9345695972442627,1.826831579208374,1.6680288314819336,1.9199880361557007,1.9084118604660034,2.013373613357544,2.2229926586151123,2.277719259262085
B10,2.781458854675293,2.5606634616851807,2.1859421730041504,2.0662519931793213,1.6992321014404297,1.5154305696487427,1.3198127746582031,0.9455087780952454,1.0047404766082764,0.7147688865661621,0.8634761571884155,0.9695984125137329,1.1085127592086792,1.3990414142608643,1.5004979372024536,1.653031349182129,1.5116347074508667,1.1332566738128662,1.0635521411895752,0.7581467628479004,0.6375195384025574,0.7119577527046204,0.5921082496643066,0.3767673373222351,0.0,0.37841933965682983,0.6595290303230286,0.9371373057365417,1.2790708541870117,1.5377057790756226,2.6699061393737793,2.639408588409424,2.3417224884033203,2.4685521125793457,2.2137770652770996,2.1089351177215576,2.0769433975219727,1.7798397541046143,1.467437982559204,1.2489465475082397,1.0394647121429443,1.2816519737243652,1.3180596828460693,1.5805513858795166,1.8483312129974365,3.306546926498413,3.1969070434570312,3.0348410606384277,3.0876216888427734,2.8079867362976074,2.7861363887786865,2.592191219329834,2.450667381286621,2.0677549839019775,2.0884575843811035,1.8280521631240845,2.0620548725128174,2.0481390953063965,2.1959173679351807,2.3466312885284424,3.2888777256011963,3.146010637283325,2.8919146060943604,2.894437551498413,2.513432264328003,2.5111424922943115,2.310157537460327,2.0564892292022705,1.9417052268981934,1.722838282585144,1.9321995973587036,1.8460439443588257,1.9232960939407349,2.0737719535827637,2.1028406620025635
B11,3.022520065307617,2.7747714519500732,2.4165163040161133,2.2466254234313965,1.8921115398406982,1.6663188934326172,1.419316291809082,1.065038800239563,1.0017603635787964,0.6349659562110901,0.6268600225448608,0.6335867643356323,0.7334820032119751,1.0233067274093628,1.1469210386276245,1.5613651275634766,1.5084131956100464,1.1222705841064453,1.1745139360427856,0.9458932876586914,0.9252032041549683,1.0700604915618896,0.9679322242736816,0.6902196407318115,0.37841933965682983,0.0,0.3948788642883301,0.63340824842453,0.9783014059066772,1.2594802379608154,2.595937728881836,2.588776111602783,2.3306643962860107,2.501065492630005,2.268779993057251,2.2265474796295166,2.2099368572235107,1.9592928886413574,1.645149827003479,1.3940379619598389,1.1031827926635742,1.2332922220230103,1.1982908248901367,1.3849220275878906,1.640619158744812,3.1226985454559326,3.0157463550567627,2.8945841789245605,2.965980291366577,2.710214138031006,2.738917589187622,2.5650579929351807,2.4709560871124268,2.100811243057251,2.0895636081695557,1.7807143926620483,1.9513146877288818,1.8994125127792358,1.9890154600143433,2.1220390796661377,3.011641025543213,2.879002571105957,2.6520957946777344,2.6767890453338623,2.303168535232544,2.349433660507202,2.1413357257843018,1.9386380910873413,1.8161474466323853,1.5493133068084717,1.7186079025268555,1.5719292163848877,1.6429152488708496,1.7504448890686035,1.7881330251693726
B12,3.1616716384887695,2.881242036819458,2.5459587574005127,2.3481969833374023,1.9842956066131592,1.7930221557617188,1.4808624982833862,1.1846431493759155,1.1415821313858032,0.7818654775619507,0.7741947770118713,0.5836061835289001,0.7142102718353271,0.8712579607963562,1.0327880382537842,1.4516111612319946,1.4259206056594849,1.0733659267425537,1.224645733833313,1.0090017318725586,1.1259703636169434,1.2463253736495972,1.2115747928619385,0.9547958970069885,0.6595290303230286,0.3948788642883301,0.0,0.396503210067749,0.6455431580543518,0.9659449458122253,2.236999273300171,2.2330870628356934,2.000474691390991,2.195319652557373,1.9857606887817383,1.996627926826477,2.007387399673462,1.809289813041687,1.521533727645874,1.2323381900787354,0.8874146938323975,0.912275493144989,0.8308863043785095,0.990528404712677,1.2548162937164307,2.769287586212158,2.6889898777008057,2.577449083328247,2.683654546737671,2.460714101791382,2.510408401489258,2.3836441040039062,2.294459819793701,1.9379761219024658,1.8637871742248535,1.522528052330017,1.6517531871795654,1.5503666400909424,1.6410058736801147,1.7462362051010132,2.7994837760925293,2.7110302448272705,2.4799916744232178,2.5579419136047363,2.203132152557373,2.2944436073303223,2.139472723007202,1.9688929319381714,1.910067081451416,1.6523463726043701,1.8327628374099731,1.637625813484192,1.7572323083877563,1.810065746307373,1.8912553787231445
B13,3.554966926574707,3.277050495147705,2.939845085144043,2.7420599460601807,2.380190372467041,2.180424213409424,1.8695487976074219,1.5717480182647705,1.4915130138397217,1.120861530303955,1.0032321214675903,0.7247040271759033,0.6378109455108643,0.6522625088691711,0.6981999278068542,1.1851450204849243,1.2566931247711182,0.9394448399543762,1.1922129392623901,1.1029986143112183,1.2770298719406128,1.485599160194397,1.504448413848877,1.2830497026443481,0.9371373057365417,0.63340824842453,0.396503210067749,0.0,0.39381957054138184,0.6272952556610107,2.192929983139038,2.255261182785034,2.0526139736175537,2.303889274597168,2.1538281440734863,2.199697971343994,2.2665319442749023,2.0919551849365234,1.8413275480270386,1.5165901184082031,1.1660374402999878,1.1119310855865479,0.8834657073020935,0.9715877771377563,1.1228840351104736,2.831339120864868,2.7894701957702637,2.7222728729248047,2.869849443435669,2.688577651977539,2.774481773376465,2.6821129322052,2.6113147735595703,2.2699549198150635,2.1556200981140137,1.7919576168060303,1.8584662675857544,1.681711196899414,1.7214837074279785,1.7466564178466797,2.854393720626831,2.795461654663086,2.60685658454895,2.7185258865356445,2.3833394050598145,2.523845911026001,2.3615381717681885,2.2391722202301025,2.160118818283081,1.8634992837905884,1.9779341220855713,1.721196174621582,1.7844901084899902,1.7560573816299438,1.789858102798462
