,A1,A2,A3,A4,A5,A6,A7,A8,A9,A10,A11,A12,A13,A14,A15,B1,B2,B3,B4,B5,B6,B7,B8,B9,B10,B11,B12,B13,B14,B15,C1,C2,C3,C4,C5,C6,C7,C8,C9,C10,C11,C12,C13,C14,C15,D1,D2,D3,D4,D5,D6,D7,D8,D9,D10,D11,D12,D13,D14,D15,E1,E2,E3,E4,E5,E6,E7,E8,E9,E10,E11,E12,E13,E14,E15
A1,0.0,0.37278661131858826,0.6862597465515137,0.952587902545929,1.2544987201690674,1.5628820657730103,1.868114709854126,2.1405441761016846,2.4865219593048096,2.6384353637695312,3.0225815773010254,3.2080416679382324,3.613101005554199,3.8173606395721436,4.130476951599121,4.167729377746582,3.8876125812530518,3.5341506004333496,3.3645334243774414,3.068816900253296,2.729356527328491,2.4512107372283936,2.2238500118255615,2.342968225479126,2.563328504562378,2.9311041831970215,3.176870346069336,3.5558738708496094,3.8297204971313477,4.221303939819336,4.642882823944092,4.2997941970825195,4.015783786773682,3.7135045528411865,3.3576388359069824,3.0512404441833496,2.7272889614105225,2.4971423149108887,2.4401674270629883,2.71498441696167,2.963350772857666,3.2918121814727783,3.5551462173461914,3.9059197902679443,4.163984775543213,4.429837226867676,4.177496910095215,3.938753128051758,3.747053384780884,3.3804709911346436,3.1877245903015137,2.847254514694214,2.6287405490875244,2.5264816284179688,2.826185464859009,3.014024496078491,3.353994846343994,3.6071102619171143,3.9174702167510986,4.225132942199707,4.7384257316589355,4.468843460083008,4.114046096801758,4.044146537780762,3.770892858505249,3.4742379188537598,3.269918918609619,2.9596974849700928,2.9325814247131348,3.1643869876861572,3.540666341781616,3.6563236713409424,3.9698593616485596,4.186439037322998,4.363128185272217
A2,0.37278661131858826,0.0,0.3701455593109131,0.6146997809410095,0.9490136504173279,1.2231963872909546,1.5544002056121826,1.8102270364761353,2.1621243953704834,2.3419876098632812,2.722888946533203,2.9340155124664307,3.33723521232605,3.5602200031280518,3.882438898086548,4.009274005889893,3.7499585151672363,3.3934693336486816,3.260448932647705,2.9673376083374023,2.632906436920166,2.369696855545044,2.1014227867126465,2.167245626449585,2.3756070137023926,2.73689866065979,2.9861292839050293,3.3542604446411133,3.6251120567321777,4.012252330780029,4.346457481384277,3.9949631690979004,3.7221999168395996,3.4072277545928955,3.0547754764556885,2.7559216022491455,2.4197206497192383,2.218177318572998,2.1746954917907715,2.468203544616699,2.7030489444732666,3.0471115112304688,3.3102731704711914,3.6676759719848633,3.934889793395996,4.267473220825195,4.000747203826904,3.78926944732666,3.597777843475342,3.223363161087036,3.064892292022705,2.7157790660858154,2.529231309890747,2.430148124694824,2.7285051345825195,2.8885390758514404,3.219059705734253,3.4684348106384277,3.764500141143799,4.074040412902832,4.464923858642578,4.183018684387207,3.822862148284912,3.7323989868164062,3.4479970932006836,3.14430570602417,2.9253125190734863,2.616023063659668,2.599825620651245,2.84136700630188,3.2166783809661865,3.3533897399902344,3.664680004119873,3.897468090057373,4.080246448516846
A3,0.6862597465515137,0.3701455593109131,0.0,0.39502236247062683,0.637046754360199,0.9347852468490601,1.2649346590042114,1.4877907037734985,1.8529882431030273,2.022155523300171,2.407480478286743,2.633117198944092,3.0291383266448975,3.2701797485351562,3.5829920768737793,3.710253953933716,3.4649059772491455,3.1134159564971924,3.0009167194366455,2.7253291606903076,2.3861231803894043,2.1542956829071045,1.8624621629714966,1.9045295715332031,2.131587505340576,2.4807674884796143,2.7531416416168213,3.104471206665039,3.390880584716797,3.767145872116089,4.1759138107299805,3.8211140632629395,3.5740761756896973,3.25545072555542,2.8954687118530273,2.629566192626953,2.269803285598755,2.090778350830078,2.015749454498291,2.299055576324463,2.494086265563965,2.8559277057647705,3.0923428535461426,3.461786985397339,3.714353084564209,4.185761451721191,3.9255855083465576,3.7379889488220215,3.571780204772949,3.1960513591766357,3.0704379081726074,2.7315025329589844,2.5542502403259277,2.4218332767486572,2.690695285797119,2.8043837547302246,3.1389269828796387,3.3602304458618164,3.65696120262146,3.950669050216675,4.354675769805908,4.0683112144470215,3.703160285949707,3.597587823867798,3.2891743183135986,2.992565870285034,2.740818977355957,2.4134838581085205,2.3720510005950928,2.5946707725524902,2.9619317054748535,3.114359140396118,3.4053478240966797,3.6533493995666504,3.816868543624878
A4,0.952587902545929,0.6146997809410095,0.39502236247062683,0.0,0.39524421095848083,0.6159126162528992,0.9460976123809814,1.2150540351867676,1.5545594692230225,1.7509835958480835,2.1244752407073975,2.3469114303588867,2.7492716312408447,2.981323003768921,3.3140065670013428,3.5656204223632812,3.3344671726226807,2.9744644165039062,2.896907091140747,2.603093385696411,2.2959237098693848,2.0523509979248047,1.734706997871399,1.7117966413497925,1.8861737251281738,2.23234224319458,2.4779160022735596,2.829552412033081,3.0935120582580566,3.473212242126465,3.785667896270752,3.4321563243865967,3.1807947158813477,2.8649404048919678,2.503495454788208,2.2365894317626953,1.8776715993881226,1.696287989616394,1.6307134628295898,1.9269615411758423,2.1324403285980225,2.4928739070892334,2.7451465129852295,3.1097891330718994,3.3792271614074707,3.8299314975738525,3.559830904006958,3.3869431018829346,3.2188546657562256,2.841676950454712,2.7384400367736816,2.3990681171417236,2.2481064796447754,2.126004695892334,2.3946638107299805,2.4957380294799805,2.814091920852661,3.0415782928466797,3.321608781814575,3.6224172115325928,3.9604337215423584,3.6759116649627686,3.3112950325012207,3.2129693031311035,2.9073874950408936,2.618398427963257,2.377330780029297,2.046734571456909,2.00293231010437,2.2333908081054688,2.606532335281372,2.750243902206421,3.055217981338501,3.2970430850982666,3.4788622856140137
A5,1.2544987201690674,0.9490136504173279,0.637046754360199,0.39524421095848083,0.0,0.38966503739356995,0.6403377652168274,0.89561927318573,1.2394776344299316,1.3942043781280518,1.7780578136444092,1.998512864112854,2.3963797092437744,2.6379663944244385,2.957130193710327,3.189239740371704,2.9685616493225098,2.6131322383880615,2.5551109313964844,2.2777578830718994,1.973517656326294,1.7640979290008545,1.4267092943191528,1.3739293813705444,1.5691205263137817,1.9010157585144043,2.1731534004211426,2.507814884185791,2.7919511795043945,3.1602888107299805,3.634552478790283,3.286214590072632,3.066042900085449,2.7609055042266846,2.3873984813690186,2.17250919342041,1.7953068017959595,1.6262990236282349,1.4935736656188965,1.75047767162323,1.9005494117736816,2.27459979057312,2.486940383911133,2.8635926246643066,3.1072633266448975,3.7141599655151367,3.4640352725982666,3.3119866847991943,3.183516502380371,2.813964366912842,2.7419018745422363,2.429858922958374,2.278208017349243,2.107767343521118,2.3268063068389893,2.370683431625366,2.694883346557617,2.8813560009002686,3.1669459342956543,3.44273042678833,3.8812999725341797,3.603616952896118,3.239372968673706,3.1402997970581055,2.8114476203918457,2.5484418869018555,2.2770907878875732,1.919607162475586,1.8168896436691284,2.002246379852295,2.362745523452759,2.506866455078125,2.7848892211914062,3.0333924293518066,3.1850574016571045
A6,1.5628820657730103,1.2231963872909546,0.9347852468490601,0.6159126162528992,0.38966503739356995,0.0,0.3906227946281433,0.6122267246246338,0.9479557275772095,1.1841696500778198,1.5436490774154663,1.8044732809066772,2.194988965988159,2.455756902694702,2.7939417362213135,3.1925268173217773,3.006734848022461,2.6566667556762695,2.6542601585388184,2.3846986293792725,2.118455410003662,1.9338536262512207,1.5785900354385376,1.4322681427001953,1.5596944093704224,1.8568612337112427,2.103163719177246,2.4120473861694336,2.6705708503723145,3.028297185897827,3.311342716217041,2.9534687995910645,2.7449843883514404,2.425022602081299,2.062342643737793,1.8605650663375854,1.474981665611267,1.365152359008789,1.2707738876342773,1.5531303882598877,1.6825238466262817,2.0674374103546143,2.286604166030884,2.660997152328491,2.924617290496826,3.565612554550171,3.29595685005188,3.181490421295166,3.0485634803771973,2.680755853652954,2.6545896530151367,2.344047784805298,2.2481629848480225,2.1063156127929688,2.317418098449707,2.3317763805389404,2.6213572025299072,2.8064804077148438,3.0582187175750732,3.337063789367676,3.5727345943450928,3.2816712856292725,2.9146108627319336,2.7915399074554443,2.453568696975708,2.1841611862182617,1.8987581729888916,1.543779730796814,1.4607844352722168,1.6699970960617065,2.032155752182007,2.2060296535491943,2.488970994949341,2.756599187850952,2.9288997650146484
A7,1.868114709854126,1.5544002056121826,1.2649346590042114,0.9460976123809814,0.6403377652168274,0.3906227946281433,0.0,0.39214956760406494,0.6332764625549316,0.827477753162384,1.1851176023483276,1.4215859174728394,1.8182520866394043,2.068230152130127,2.4093780517578125,2.861900806427002,2.6901304721832275,2.3419911861419678,2.3733439445495605,2.1066102981567383,1.8800956010818481,1.7177940607070923,1.360557198524475,1.1434377431869507,1.2244205474853516,1.4955787658691406,1.7356739044189453,2.0308711528778076,2.288703680038452,2.641306161880493,3.0500857830047607,2.7055704593658447,2.5192136764526367,2.2251951694488525,1.8500750064849854,1.7048267126083374,1.32229483127594,1.2090511322021484,1.0357670783996582,1.2613035440444946,1.3393112421035767,1.7294033765792847,1.920698881149292,2.300673246383667,2.5496249198913574,3.2921388149261475,3.041937828063965,2.947143077850342,2.8519701957702637,2.498565435409546,2.504488706588745,2.2298784255981445,2.141961097717285,1.9665485620498657,2.124770164489746,2.0840752124786377,2.3646013736724854,2.5144193172454834,2.7619245052337646,3.020475387573242,3.3646833896636963,3.091461658477783,2.731609582901001,2.629840135574341,2.2827999591827393,2.0590591430664062,1.7714695930480957,1.3939319849014282,1.2254376411437988,1.3740471601486206,1.7278939485549927,1.8763073682785034,2.146738290786743,2.405059814453125,2.5608057975769043
A8,2.1405441761016846,1.8102270364761353,1.4877907037734985,1.2150540351867676,0.89561927318573,0.6122267246246338,0.39214956760406494,0.0,0.38981932401657104,0.6429864764213562,0.9824011325836182,1.3000606298446655,1.6587659120559692,1.9636995792388916,2.286343812942505,2.7888009548187256,2.657348155975342,2.3344807624816895,2.4111359119415283,2.1941051483154297,1.9785611629486084,1.8869428634643555,1.5336220264434814,1.282982587814331,1.3687593936920166,1.5694379806518555,1.8258203268051147,2.059683322906494,2.3236243724823,2.6394083499908447,3.021272659301758,2.671599864959717,2.534674644470215,2.2312917709350586,1.882084608078003,1.7965573072433472,1.4189201593399048,1.404394268989563,1.2544782161712646,1.4460872411727905,1.4331135749816895,1.824373722076416,1.9616326093673706,2.3412904739379883,2.5681660175323486,3.4728074073791504,3.2256455421447754,3.171814203262329,3.0946614742279053,2.754387855529785,2.799038887023926,2.5395727157592773,2.4804415702819824,2.3077619075775146,2.4385924339294434,2.3566741943359375,2.6136727333068848,2.7290291786193848,2.953850507736206,3.187548875808716,3.4038257598876953,3.118427038192749,2.761561393737793,2.6173646450042725,2.2468690872192383,2.027195453643799,1.6918765306472778,1.32541024684906,1.155702829360962,1.2747764587402344,1.5909039974212646,1.8007334470748901,2.023162841796875,2.322801351547241,2.453517436981201
A9,2.4865219593048096,2.1621243953704834,1.8529882431030273,1.5545594692230225,1.2394776344299316,0.9479557275772095,0.6332764625549316,0.38981932401657104,0.0,0.38134393095970154,0.6338728666305542,0.9677078127861023,1.3128398656845093,1.619873046875,1.9551808834075928,2.614222526550293,2.518118143081665,2.210500955581665,2.3425676822662354,2.139275550842285,1.9874465465545654,1.9252333641052246,1.5935766696929932,1.2765344381332397,1.2688277959823608,1.3926225900650024,1.6053595542907715,1.7920968532562256,2.028028964996338,2.3231935501098633,2.695521831512451,2.3577747344970703,2.2538490295410156,1.9751582145690918,1.6360323429107666,1.6244856119155884,1.2792960405349731,1.3097001314163208,1.1378324031829834,1.257393479347229,1.160691738128662,1.5373258590698242,1.638271689414978,2.01041579246521,2.23056960105896,3.2294347286224365,2.993025541305542,2.9767751693725586,2.929508924484253,2.6125972270965576,2.702610731124878,2.4807472229003906,2.454803228378296,2.280583620071411,2.363955020904541,2.2303202152252197,2.449582576751709,2.53104829788208,2.725985050201416,2.93849778175354,3.1307411193847656,2.8586676120758057,2.5140979290008545,2.379279136657715,2.00431227684021,1.8348779678344727,1.5037550926208496,1.1420531272888184,0.8955175280570984,0.9344609975814819,1.2258589267730713,1.4330224990844727,1.6375523805618286,1.941942811012268,2.068190097808838
A10,2.6384353637695312,2.3419876098632812,2.022155523300171,1.7509835958480835,1.3942043781280518,1.1841696500778198,0.827477753162384,0.6429864764213562,0.38134393095970154,0.0,0.3921978771686554,0.6707683801651001,1.029962182044983,1.3346003293991089,1.645527958869934,2.2328901290893555,2.1408307552337646,1.8403853178024292,1.9929003715515137,1.813666820526123,1.6919620037078857,1.6783169507980347,1.376076579093933,1.037089228630066,1.0239535570144653,1.0879658460617065,1.3320391178131104,1.4903841018676758,1.7624818086624146,2.0450446605682373,2.768239974975586,2.4612295627593994,2.3850862979888916,2.15279221534729,1.8137071132659912,1.8488900661468506,1.531528115272522,1.5191175937652588,1.272010326385498,1.2935075759887695,1.125939130783081,1.4749150276184082,1.499029278755188,1.875076174736023,2.0392138957977295,3.1808269023895264,2.986084222793579,2.9691994190216064,2.968353033065796,2.6713204383850098,2.761892080307007,2.5760555267333984,2.5227110385894775,2.3028616905212402,2.333542823791504,2.1571569442749023,2.384316921234131,2.414044141769409,2.6248271465301514,2.7996485233306885,3.253765821456909,3.0123074054718018,2.685206651687622,2.584840774536133,2.217935562133789,2.0993576049804688,1.788095474243164,1.4374064207077026,1.1318854093551636,1.0556511878967285,1.283303141593933,1.427045226097107,1.5754016637802124,1.8528530597686768,1.9157161712646484
A11,3.0225815773010254,2.722888946533203,2.407480478286743,2.1244752407073975,1.7780578136444092,1.5436490774154663,1.1851176023483276,0.9824011325836182,0.6338728666305542,0.3921978771686554,0.0,0.4011997580528259,0.685512900352478,1.023645281791687,1.3358567953109741,2.130676507949829,2.09733247756958,1.8370580673217773,2.0570058822631836,1.917084813117981,1.8678961992263794,1.8972129821777344,1.6363763809204102,1.2769047021865845,1.1797103881835938,1.1218817234039307,1.2912983894348145,1.3484504222869873,1.5767979621887207,1.8076390027999878,2.5297181606292725,2.245849370956421,2.225313186645508,2.0299251079559326,1.730201005935669,1.8496214151382446,1.5889936685562134,1.6321406364440918,1.399557113647461,1.3462969064712524,1.0818240642547607,1.3675053119659424,1.312006950378418,1.659274935722351,1.7934060096740723,3.0753204822540283,2.8975822925567627,2.928784132003784,2.960977077484131,2.6968469619750977,2.833808183670044,2.6874279975891113,2.67002534866333,2.4590959548950195,2.445199489593506,2.2210967540740967,2.397381067276001,2.382654905319214,2.5502562522888184,2.6897943019866943,3.0825369358062744,2.8578970432281494,2.5544064044952393,2.456496238708496,2.0954833030700684,2.0354244709014893,1.7387439012527466,1.433223009109497,1.0995796918869019,0.9091957211494446,1.0304802656173706,1.165869116783142,1.2432321310043335,1.5309778451919556,1.562544584274292
A12,3.2080416679382324,2.9340155124664307,2.633117198944092,2.3469114303588867,1.998512864112854,1.8044732809066772,1.4215859174728394,1.3000606298446655,0.9677078127861023,0.6707683801651001,0.4011997580528259,0.0,0.4128805100917816,0.6649046540260315,0.9986712336540222,1.8569499254226685,1.8313957452774048,1.5821595191955566,1.8326722383499146,1.6989935636520386,1.7261310815811157,1.7738789319992065,1.5705887079238892,1.2069586515426636,1.0265862941741943,0.8573908805847168,0.9637041091918945,0.960236668586731,1.1879462003707886,1.4135948419570923,2.4681167602539062,2.228163957595825,2.21926212310791,2.0863356590270996,1.7930107116699219,1.9465034008026123,1.7317619323730469,1.7291010618209839,1.4510904550552368,1.296913504600525,0.9784683585166931,1.182404637336731,1.039570689201355,1.3724435567855835,1.453577995300293,2.8327932357788086,2.6981892585754395,2.7332520484924316,2.812689781188965,2.5801589488983154,2.7253873348236084,2.6270904541015625,2.6001806259155273,2.3643269538879395,2.2910537719726562,2.0228750705718994,2.1798293590545654,2.111957311630249,2.2770886421203613,2.3784682750701904,3.038729667663574,2.8566105365753174,2.5788087844848633,2.5377864837646484,2.2059271335601807,2.202287197113037,1.9561371803283691,1.6668263673782349,1.3019708395004272,1.0456552505493164,1.1050664186477661,1.1061701774597168,1.1420536041259766,1.3498204946517944,1.3290927410125732
A13,3.613101005554199,3.33723521232605,3.0291383266448975,2.7492716312408447,2.3963797092437744,2.194988965988159,1.8182520866394043,1.6587659120559692,1.3128398656845093,1.029962182044983,0.685512900352478,0.4128805100917816,0.0,0.39468619227409363,0.6611329317092896,1.738993525505066,1.79405677318573,1.6185225248336792,1.9307068586349487,1.8664301633834839,1.95225989818573,2.056184768676758,1.8962678909301758,1.5509971380233765,1.3658404350280762,1.116989254951477,1.153487205505371,0.9949204921722412,1.1565343141555786,1.2629340887069702,2.4366438388824463,2.239344596862793,2.2997238636016846,2.212623119354248,1.9743108749389648,2.190915822982788,2.022426128387451,2.0600638389587402,1.8042197227478027,1.616834282875061,1.2609035968780518,1.3694790601730347,1.1241437196731567,1.3720144033432007,1.3634700775146484,2.916029453277588,2.8147976398468018,2.894852638244629,3.011641502380371,2.8170814514160156,2.9942543506622314,2.9312186241149902,2.924870014190674,2.693575859069824,2.58410906791687,2.2832491397857666,2.3945744037628174,2.2736318111419678,2.3947644233703613,2.439504861831665,3.078493118286133,2.9213759899139404,2.6780850887298584,2.63779616355896,2.3225486278533936,2.3702025413513184,2.138707160949707,1.8995369672775269,1.5475188493728638,1.2378207445144653,1.165948510169983,1.1407418251037598,1.0315340757369995,1.2126750946044922,1.0860202312469482
A14,3.8173606395721436,3.5602200031280518,3.2701797485351562,2.981323003768921,2.6379663944244385,2.455756902694702,2.068230152130127,1.9636995792388916,1.619873046875,1.3346003293991089,1.023645281791687,0.6649046540260315,0.39468619227409363,0.0,0.39841926097869873,1.6435260772705078,1.7121342420578003,1.5650770664215088,1.891860008239746,1.8307477235794067,1.9887455701828003,2.0903255939483643,1.9836534261703491,1.6550263166427612,1.4097639322280884,1.0977516174316406,1.015599250793457,0.7459730505943298,0.8232439160346985,0.8742822408676147,2.367715358734131,2.2222442626953125,2.29079008102417,2.2662222385406494,2.046212673187256,2.2844443321228027,2.1631550788879395,2.1699774265289307,1.899888277053833,1.6462396383285522,1.2810256481170654,1.280591368675232,0.9538725018501282,1.1265997886657715,1.0330439805984497,2.6671717166900635,2.611760139465332,2.7031772136688232,2.8643808364868164,2.7099883556365967,2.8982315063476562,2.8843507766723633,2.879885673522949,2.6420700550079346,2.480933427810669,2.147580146789551,2.2197647094726562,2.046083927154541,2.1440656185150146,2.141589879989624,3.0075740814208984,2.895970344543457,2.684377431869507,2.6992480754852295,2.421393394470215,2.5161778926849365,2.3354218006134033,2.114781141281128,1.7545413970947266,1.4251240491867065,1.3222107887268066,1.1780245304107666,1.0393424034118652,1.0904673337936401,0.9011296629905701
A15,4.130476951599121,3.882438898086548,3.5829920768737793,3.3140065670013428,2.957130193710327,2.7939417362213135,2.4093780517578125,2.286343812942505,1.9551808834075928,1.645527958869934,1.3358567953109741,0.9986712336540222,0.6611329317092896,0.39841926097869873,0.0,1.4247820377349854,1.5686286687850952,1.5086572170257568,1.8725459575653076,1.8884036540985107,2.0911784172058105,2.250349521636963,2.1906707286834717,1.8955408334732056,1.680038332939148,1.335465431213379,1.258065104484558,0.9124588370323181,0.9641579985618591,0.8575029373168945,2.6199378967285156,2.512268543243408,2.61702299118042,2.6176950931549072,2.421016216278076,2.6739141941070557,2.559267282485962,2.5677738189697266,2.2926764488220215,2.032805919647217,1.6718372106552124,1.6444002389907837,1.2901394367218018,1.388925552368164,1.1908634901046753,2.891852378845215,2.879894495010376,2.9825851917266846,3.1748762130737305,3.0452969074249268,3.2336606979370117,3.2408411502838135,3.226154327392578,2.974623203277588,2.788468837738037,2.4420883655548096,2.503654956817627,2.2870612144470215,2.3735768795013428,2.3137385845184326,3.290468215942383,3.2021782398223877,3.014713764190674,3.03299880027771,2.766172170639038,2.878199815750122,2.6968131065368652,2.4888176918029785,2.134614944458008,1.8001261949539185,1.6627914905548096,1.5234125852584839,1.3167859315872192,1.3237948417663574,1.0340269804000854
B1,4.167729377746582,4.009274005889893,3.710253953933716,3.5656204223632812,3.189239740371704,3.1925268173217773,2.861900806427002,2.7888009548187256,2.614222526550293,2.2328901290893555,2.130676507949829,1.8569499254226685,1.738993525505066,1.6435260772705078,1.4247820377349854,0.0,0.36436885595321655,0.6737629771232605,0.9712721705436707,1.2687278985977173,1.5318835973739624,1.8616797924041748,1.9915696382522583,1.919955849647522,1.9039794206619263,1.619368076324463,1.7171813249588013,1.5149867534637451,1.759450078010559,1.717572569847107,3.98598313331604,3.855731725692749,3.8921778202056885,3.8488614559173584,3.5721991062164307,3.723783254623413,3.5172410011291504,3.414275884628296,3.0643057823181152,2.8454508781433105,2.5845372676849365,2.638761520385742,2.3608009815216064,2.516054391860962,2.294940710067749,3.774153232574463,3.823326587677002,3.8077681064605713,4.012280464172363,3.858375310897827,3.932192325592041,3.922389268875122,3.777259111404419,3.437769651412964,3.245029926300049,2.9478890895843506,3.1246726512908936,2.8921658992767334,3.1068356037139893,3.0178258419036865,4.594181537628174,4.5016584396362305,4.2802557945251465,4.306267261505127,4.009650230407715,4.045997142791748,3.8125617504119873,3.5188910961151123,3.153364658355713,2.8954265117645264,2.8890633583068848,2.7936298847198486,2.678605079650879,2.7069222927093506,2.445692539215088
B2,3.8876125812530518,3.7499585151672363,3.4649059772491455,3.3344671726226807,2.9685616493225098,3.006734848022461,2.6901304721832275,2.657348155975342,2.518118143081665,2.1408307552337646,2.09733247756958,1.8313957452774048,1.79405677318573,1.7121342420578003,1.5686286687850952,0.36436885595321655,0.0,0.37337833642959595,0.6123766899108887,0.9291807413101196,1.2019728422164917,1.5347017049789429,1.6989200115203857,1.6750065088272095,1.688725233078003,1.444091558456421,1.574155330657959,1.4496080875396729,1.7347854375839233,1.7683324813842773,4.0280022621154785,3.880028009414673,3.879516363143921,3.8210084438323975,3.5196115970611572,3.6355714797973633,3.413188934326172,3.2758665084838867,2.9149258136749268,2.708742618560791,2.48567795753479,2.56034779548645,2.3220925331115723,2.5059590339660645,2.3202247619628906,3.694925546646118,3.7359824180603027,3.684377670288086,3.874312162399292,3.705808162689209,3.7489655017852783,3.728005886077881,3.5563864707946777,3.205556869506836,3.023120164871216,2.7493631839752197,2.957197427749634,2.7459795475006104,2.9957902431488037,2.932753801345825,4.594902038574219,4.494828701019287,4.25830078125,4.292835235595703,3.9931585788726807,4.0075364112854,3.77447509765625,3.46005916595459,3.09505033493042,2.8644676208496094,2.904172658920288,2.806673526763916,2.7419893741607666,2.777186870574951,2.5562214851379395
B3,3.5341506004333496,3.3934693336486816,3.1134159564971924,2.9744644165039062,2.6131322383880615,2.6566667556762695,2.3419911861419678,2.3344807624816895,2.210500955581665,1.8403853178024292,1.8370580673217773,1.5821595191955566,1.6185225248336792,1.5650770664215088,1.5086572170257568,0.6737629771232605,0.37337833642959595,0.0,0.38633856177330017,0.6072121858596802,0.8719013929367065,1.188794732093811,1.3339473009109497,1.3039170503616333,1.3268100023269653,1.1097240447998047,1.2836987972259521,1.2348194122314453,1.5659351348876953,1.6820672750473022,3.8315534591674805,3.6613593101501465,3.632370710372925,3.554816484451294,3.2359695434570312,3.3264682292938232,3.0917305946350098,2.938629388809204,2.5746467113494873,2.383347988128662,2.1838114261627197,2.286691188812256,2.0867080688476562,2.3082990646362305,2.1731295585632324,3.4868459701538086,3.5000572204589844,3.4302635192871094,3.596257448196411,3.40667462348938,3.4373655319213867,3.3969902992248535,3.218939781188965,2.867629051208496,2.705385446548462,2.446803092956543,2.6793487071990967,2.500417470932007,2.772664785385132,2.750807762145996,4.367969036102295,4.253164291381836,4.001153469085693,4.033803462982178,3.729445695877075,3.724597692489624,3.490985155105591,3.163938283920288,2.8019344806671143,2.593806505203247,2.6704952716827393,2.5799977779388428,2.5602991580963135,2.6144227981567383,2.438131809234619
B4,3.3645334243774414,3.260448932647705,3.0009167194366455,2.896907091140747,2.5551109313964844,2.6542601585388184,2.3733439445495605,2.4111359119415283,2.3425676822662354,1.9929003715515137,2.0570058822631836,1.8326722383499146,1.9307068586349487,1.891860008239746,1.8725459575653076,0.9712721705436707,0.6123766899108887,0.38633856177330017,0.0,0.38460448384284973,0.6365541219711304,0.9693194627761841,1.194054126739502,1.2740534543991089,1.3625880479812622,1.234816312789917,1.4346191883087158,1.4740766286849976,1.8091371059417725,1.9673902988433838,4.085251331329346,3.9033944606781006,3.8417978286743164,3.7507412433624268,3.412139892578125,3.4624757766723633,3.2116682529449463,3.021618604660034,2.6525075435638428,2.484870433807373,2.337681770324707,2.4586904048919678,2.3048863410949707,2.5400519371032715,2.4319682121276855,3.6074788570404053,3.6202449798583984,3.5096981525421143,3.660933256149292,3.460209846496582,3.4498274326324463,3.3980798721313477,3.183589458465576,2.8198013305664062,2.672715663909912,2.4536025524139404,2.7197556495666504,2.56595778465271,2.8717522621154785,2.8692896366119385,4.579288959503174,4.460211277008057,4.197142124176025,4.237115383148193,3.9326043128967285,3.9043171405792236,3.6709043979644775,3.3268396854400635,2.974363088607788,2.800929069519043,2.918856620788574,2.831713914871216,2.8519108295440674,2.9089579582214355,2.7616965770721436
B5,3.068816900253296,2.9673376083374023,2.7253291606903076,2.603093385696411,2.2777578830718994,2.3846986293792725,2.1066102981567383,2.1941051483154297,2.139275550842285,1.813666820526123,1.917084813117981,1.6989935636520386,1.8664301633834839,1.8307477235794067,1.8884036540985107,1.2687278985977173,0.9291807413101196,0.6072121858596802,0.38460448384284973,0.0,0.3893473446369171,0.631740927696228,0.8735301494598389,0.9709064960479736,1.0501199960708618,0.9839081764221191,1.1942025423049927,1.3285332918167114,1.6709768772125244,1.8996151685714722,3.8898346424102783,3.6964824199676514,3.6028172969818115,3.504257917404175,3.153233289718628,3.175499200820923,2.9245641231536865,2.708057403564453,2.337376832962036,2.1774613857269287,2.0698130130767822,2.2012219429016113,2.0949721336364746,2.349442481994629,2.289797782897949,3.345503330230713,3.338980197906494,3.205564260482788,3.3369662761688232,3.1235175132751465,3.095932722091675,3.034506320953369,2.810298442840576,2.4450631141662598,2.3102190494537354,2.1104981899261475,2.397944688796997,2.2762370109558105,2.602630853652954,2.6376190185546875,4.338567733764648,4.214993476867676,3.944269895553589,3.995147228240967,3.697390556335449,3.657735824584961,3.438585042953491,3.0881597995758057,2.7419400215148926,2.5935819149017334,2.746342420578003,2.6502583026885986,2.718937873840332,2.7759060859680176,2.6764156818389893
B6,2.729356527328491,2.632906436920166,2.3861231803894043,2.2959237098693848,1.973517656326294,2.118455410003662,1.8800956010818481,1.9785611629486084,1.9874465465545654,1.6919620037078857,1.8678961992263794,1.7261310815811157,1.95225989818573,1.9887455701828003,2.0911784172058105,1.5318835973739624,1.2019728422164917,0.8719013929367065,0.6365541219711304,0.3893473446369171,0.0,0.37966570258140564,0.5935368537902832,0.7903529405593872,1.002711296081543,1.0589431524276733,1.3487130403518677,1.550032138824463,1.9138922691345215,2.1789941787719727,3.983851909637451,3.758370876312256,3.6436045169830322,3.505690574645996,3.1376547813415527,3.1218926906585693,2.8368537425994873,2.615074634552002,2.254878282546997,2.1547622680664062,2.085390090942383,2.2780354022979736,2.2235159873962402,2.519634962081909,2.511206865310669,3.5195963382720947,3.4739644527435303,3.3241429328918457,3.413851499557495,3.165560722351074,3.1161344051361084,3.008880376815796,2.7710163593292236,2.411661148071289,2.3357372283935547,2.1826999187469482,2.5055415630340576,2.4397764205932617,2.781393051147461,2.862346649169922,4.41302490234375,4.260542392730713,3.9672486782073975,3.991645574569702,3.6778464317321777,3.5985300540924072,3.357651472091675,2.9918127059936523,2.666783094406128,2.562373161315918,2.7563538551330566,2.7061429023742676,2.807459831237793,2.9086663722991943,2.841916561126709
B7,2.4512107372283936,2.369696855545044,2.1542956829071045,2.0523509979248047,1.7640979290008545,1.9338536262512207,1.7177940607070923,1.8869428634643555,1.9252333641052246,1.6783169507980347,1.8972129821777344,1.7738789319992065,2.056184768676758,2.0903255939483643,2.250349521636963,1.8616797924041748,1.5347017049789429,1.188794732093811,0.9693194627761841,0.631740927696228,0.37966570258140564,0.0,0.36006495356559753,0.6593353748321533,0.8739344477653503,1.0426573753356934,1.310736060142517,1.594833493232727,1.9368598461151123,2.2511534690856934,3.8978376388549805,3.6633427143096924,3.511857032775879,3.366605758666992,2.987969160079956,2.933077096939087,2.6494140625,2.392138957977295,2.037961959838867,1.9593678712844849,1.952697515487671,2.1535165309906006,2.1601905822753906,2.4647412300109863,2.50498628616333,3.344374179840088,3.280121326446533,3.0998353958129883,3.162914276123047,2.901364803314209,2.822373151779175,2.7008109092712402,2.4438791275024414,2.084949254989624,2.035130500793457,1.9250764846801758,2.2722585201263428,2.2523763179779053,2.6117939949035645,2.732306718826294,4.268677711486816,4.11353063583374,3.8142988681793213,3.8521339893341064,3.5500755310058594,3.4560635089874268,3.2347490787506104,2.8653464317321777,2.556540012359619,2.488842010498047,2.7200074195861816,2.6612815856933594,2.8126862049102783,2.9091837406158447,2.890627384185791
B8,2.2238500118255615,2.1014227867126465,1.8624621629714966,1.734706997871399,1.4267092943191528,1.5785900354385376,1.360557198524475,1.5336220264434814,1.5935766696929932,1.376076579093933,1.6363763809204102,1.5705887079238892,1.8962678909301758,1.9836534261703491,2.1906707286834717,1.9915696382522583,1.6989200115203857,1.3339473009109497,1.194054126739502,0.8735301494598389,0.5935368537902832,0.36006495356559753,0.0,0.37563762068748474,0.685533344745636,0.942592978477478,1.2567282915115356,1.5719302892684937,1.9206290245056152,2.2587594985961914,3.69905424118042,3.440875291824341,3.282597780227661,3.1091272830963135,2.7245876789093018,2.6553399562835693,2.350893259048462,2.107478380203247,1.7633919715881348,1.7274818420410156,1.7326020002365112,1.9831715822219849,2.0246663093566895,2.361436367034912,2.4468495845794678,3.298905372619629,3.1939401626586914,3.027034282684326,3.058565616607666,2.7706031799316406,2.705012559890747,2.5474720001220703,2.3122165203094482,1.9728479385375977,1.969199299812317,1.8699949979782104,2.2224767208099365,2.241420269012451,2.5895986557006836,2.745441198348999,4.067018032073975,3.8879737854003906,3.5742180347442627,3.58699893951416,3.273035764694214,3.1569464206695557,2.921421766281128,2.5467920303344727,2.2512094974517822,2.2101151943206787,2.4652693271636963,2.441887617111206,2.6161491870880127,2.7482504844665527,2.760387659072876
B9,2.342968225479126,2.167245626449585,1.9045295715332031,1.7117966413497925,1.3739293813705444,1.4322681427001953,1.1434377431869507,1.282982587814331,1.2765344381332397,1.037089228630066,1.2769047021865845,1.2069586515426636,1.5509971380233765,1.6550263166427612,1.8955408334732056,1.919955849647522,1.6750065088272095,1.3039170503616333,1.2740534543991089,0.9709064960479736,0.7903529405593872,0.6593353748321533,0.37563762068748474,0.0,0.3754503130912781,0.6536798477172852,0.9937960505485535,1.3088819980621338,1.6565940380096436,2.0021398067474365,3.348680019378662,3.087831497192383,2.945030689239502,2.7723169326782227,2.3932716846466064,2.3531107902526855,2.053647518157959,1.8406397104263306,1.4883238077163696,1.4329973459243774,1.3953226804733276,1.6618887186050415,1.6950654983520508,2.047301769256592,2.149048089981079,3.0865254402160645,2.965470790863037,2.834442615509033,2.869321346282959,2.58101487159729,2.5600290298461914,2.4057443141937256,2.215492010116577,1.8920609951019287,1.8783016204833984,1.7357596158981323,2.062361001968384,2.0744853019714355,2.396331310272217,2.556278944015503,3.7438056468963623,3.5600855350494385,3.247239828109741,3.251260757446289,2.9319348335266113,2.8294525146484375,2.5912954807281494,2.221389055252075,1.9092211723327637,1.8466150760650635,2.0923948287963867,2.0724377632141113,2.244746446609497,2.3884904384613037,2.409773349761963
B10,2.563328504562378,2.3756070137023926,2.131587505340576,1.8861737251281738,1.5691205263137817,1.5596944093704224,1.2244205474853516,1.3687593936920166,1.2688277959823608,1.0239535570144653,1.1797103881835938,1.0265862941741943,1.3658404350280762,1.4097639322280884,1.680038332939148,1.9039794206619263,1.688725233078003,1.3268100023269653,1.3625880479812622,1.0501199960708618,1.002711296081543,0.8739344477653503,0.685533344745636,0.3754503130912781,0.0,0.3727511167526245,0.6502374410629272,1.003314733505249,1.3215854167938232,1.6893389225006104,3.0334672927856445,2.792449712753296,2.652960777282715,2.5133957862854004,2.1438581943511963,2.135122537612915,1.8763926029205322,1.6616334915161133,1.2921571731567383,1.1590640544891357,1.0907725095748901,1.3155931234359741,1.3397868871688843,1.6832432746887207,1.7926244735717773,2.7272493839263916,2.614377975463867,2.5001699924468994,2.5573573112487793,2.2881572246551514,2.2980051040649414,2.178982973098755,2.0173709392547607,1.6963213682174683,1.6353206634521484,1.4420928955078125,1.741099238395691,1.7320609092712402,2.03989315032959,2.1960625648498535,3.4285690784454346,3.2655489444732666,2.968092679977417,3.001831531524658,2.701033592224121,2.636967897415161,2.4328012466430664,2.0803961753845215,1.7458093166351318,1.6449531316757202,1.8683980703353882,1.7937928438186646,1.9720628261566162,2.0787742137908936,2.111826181411743
B11,2.9311041831970215,2.73689866065979,2.4807674884796143,2.23234224319458,1.9010157585144043,1.8568612337112427,1.4955787658691406,1.5694379806518555,1.3926225900650024,1.0879658460617065,1.1218817234039307,0.8573908805847168,1.116989254951477,1.0977516174316406,1.335465431213379,1.619368076324463,1.444091558456421,1.1097240447998047,1.234816312789917,0.9839081764221191,1.0589431524276733,1.0426573753356934,0.942592978477478,0.6536798477172852,0.3727511167526245,0.0,0.380577027797699,0.6560457944869995,1.008004903793335,1.3489365577697754,2.9304752349853516,2.7200372219085693,2.626034736633301,2.5254406929016113,2.1827340126037598,2.2401199340820312,2.0172390937805176,1.8441705703735352,1.4784358739852905,1.2740310430526733,1.1028918027877808,1.25433349609375,1.1695746183395386,1.485504388809204,1.527773141860962,2.654454231262207,2.5783088207244873,2.5047779083251953,2.611058235168457,2.380211114883423,2.432281732559204,2.3602025508880615,2.2276597023010254,1.9103481769561768,1.787731409072876,1.528100609779358,1.7721331119537354,1.6861549615859985,1.963309407234192,2.0626320838928223,3.3850483894348145,3.2454347610473633,2.970954656600952,3.015418529510498,2.7208969593048096,2.7026913166046143,2.5055906772613525,2.175663948059082,1.81520414352417,1.6422432661056519,1.7948700189590454,1.682154655456543,1.7966562509536743,1.8722716569900513,1.8504211902618408
B12,3.176870346069336,2.9861292839050293,2.7531416416168213,2.4779160022735596,2.1731534004211426,2.103163719177246,1.7356739044189453,1.8258203268051147,1.6053595542907715,1.3320391178131104,1.2912983894348145,0.9637041091918945,1.153487205505371,1.015599250793457,1.258065104484558,1.7171813249588013,1.574155330657959,1.2836987972259521,1.4346191883087158,1.1942025423049927,1.3487130403518677,1.310736060142517,1.2567282915115356,0.9937960505485535,0.6502374410629272,0.380577027797699,0.0,0.4055882692337036,0.679711103439331,1.0583381652832031,2.7121686935424805,2.5387094020843506,2.44987154006958,2.401365041732788,2.083373546600342,2.1733267307281494,2.010748863220215,1.836269497871399,1.481487512588501,1.2001639604568481,1.0062940120697021,1.037540316581726,0.9084591269493103,1.174009084701538,1.198349952697754,2.3110098838806152,2.2631423473358154,2.206348180770874,2.350595235824585,2.158686876296997,2.2388596534729004,2.220524311065674,2.115011215209961,1.8098584413528442,1.6267162561416626,1.314780354499817,1.5014779567718506,1.364962100982666,1.619345784187317,1.6944817304611206,3.155588388442993,3.0509631633758545,2.80401349067688,2.891934871673584,2.6309804916381836,2.6596760749816895,2.5109310150146484,2.2125163078308105,1.8487358093261719,1.6437643766403198,1.7543319463729858,1.5631706714630127,1.6716405153274536,1.6739494800567627,1.6568238735198975
B13,3.5558738708496094,3.3542604446411133,3.104471206665039,2.829552412033081,2.507814884185791,2.4120473861694336,2.0308711528778076,2.059683322906494,1.7920968532562256,1.4903841018676758,1.3484504222869873,0.960236668586731,0.9949204921722412,0.7459730505943298,0.9124588370323181,1.5149867534637451,1.4496080875396729,1.2348194122314453,1.4740766286849976,1.3285332918167114,1.550032138824463,1.594833493232727,1.5719302892684937,1.3088819980621338,1.003314733505249,0.6560457944869995,0.4055882692337036,0.0,0.3880450427532196,0.6933937668800354,2.6538212299346924,2.518516778945923,2.4901349544525146,2.4810047149658203,2.204338312149048,2.3589165210723877,2.2286148071289062,2.106322765350342,1.7732152938842773,1.4701589345932007,1.2011429071426392,1.157459020614624,0.8917785286903381,1.0753753185272217,0.9771938920021057,2.3519914150238037,2.3441104888916016,2.3437273502349854,2.531306028366089,2.382056951522827,2.5044398307800293,2.5213780403137207,2.4478914737701416,2.159553050994873,1.9462257623672485,1.6030595302581787,1.7184808254241943,1.5114384889602661,1.698900818824768,1.694600224494934,3.166593551635742,3.0858287811279297,2.8680033683776855,2.9571526050567627,2.705018997192383,2.777402400970459,2.632812738418579,2.3646907806396484,1.9925634860992432,1.7289191484451294,1.7527884244918823,1.5352472066879272,1.5485347509384155,1.5093685388565063,1.408630609512329
