0.000000000000000000e+00,3.791393935680389404e-01,6.601143479347229004e-01,9.373865723609924316e-01,1.194656729698181152e+00,1.505461812019348145e+00,1.779179930686950684e+00,1.995981812477111816e+00,2.326412439346313477e+00,2.471163272857666016e+00,2.819408416748046875e+00,2.794401884078979492e+00,3.152969360351562500e+00,3.202259778976440430e+00,3.472546100616455078e+00,2.875750064849853516e+00,2.819755077362060547e+00,2.643010854721069336e+00,2.549104452133178711e+00,2.603620290756225586e+00,2.424170970916748047e+00,2.700714111328125000e+00,2.564224958419799805e+00,2.879560947418212891e+00,2.907296180725097656e+00,3.241469383239746094e+00,3.393203973770141602e+00,3.652472496032714844e+00,3.875002622604370117e+00,4.082669258117675781e+00,4.340826988220214844e+00,4.289546012878417969e+00,3.946890354156494141e+00,4.052949428558349609e+00,3.780866146087646484e+00,3.824567794799804688e+00,3.643621921539306641e+00,3.471113681793212891e+00,3.614710330963134766e+00,3.525259256362915039e+00,3.758198261260986328e+00,3.925997972488403320e+00,4.070622920989990234e+00,4.347172737121582031e+00,4.476563930511474609e+00,5.474456787109375000e+00,5.386082172393798828e+00,5.011846065521240234e+00,5.026082992553710938e+00,4.683955669403076172e+00,4.635300636291503906e+00,4.366299152374267578e+00,4.172658920288085938e+00,4.226315975189208984e+00,4.059680461883544922e+00,4.226480960845947266e+00,4.380398273468017578e+00,4.444118022918701172e+00,4.701831817626953125e+00,4.760215759277343750e+00,6.242446422576904297e+00,6.165986061096191406e+00,5.794438838958740234e+00,5.834522724151611328e+00,5.491459846496582031e+00,5.418286800384521484e+00,5.258387088775634766e+00,4.894451141357421875e+00,4.815958499908447266e+00,4.648771286010742188e+00,4.798854827880859375e+00,4.885807514190673828e+00,4.871469020843505859e+00,5.071837902069091797e+00,4.996068000793457031e+00
3.791393935680389404e-01,0.000000000000000000e+00,3.834376037120819092e-01,5.684465169906616211e-01,8.653520941734313965e-01,1.148447036743164062e+00,1.435993790626525879e+00,1.662974596023559570e+00,1.979288816452026367e+00,2.151197195053100586e+00,2.499512672424316406e+00,2.497726440429687500e+00,2.866751670837402344e+00,2.940832853317260742e+00,3.226321935653686523e+00,2.752876281738281250e+00,2.681140899658203125e+00,2.461739301681518555e+00,2.355672121047973633e+00,2.360997676849365234e+00,2.158987998962402344e+00,2.407587051391601562e+00,2.240895748138427734e+00,2.539602756500244141e+00,2.568147182464599609e+00,2.899111270904541016e+00,3.070769071578979492e+00,3.331892490386962891e+00,3.570614814758300781e+00,3.786818981170654297e+00,4.138744831085205078e+00,4.064785480499267578e+00,3.713147878646850586e+00,3.797399997711181641e+00,3.507166385650634766e+00,3.532324075698852539e+00,3.332821130752563477e+00,3.148243904113769531e+00,3.272504091262817383e+00,3.177867889404296875e+00,3.404296159744262695e+00,3.585317373275756836e+00,3.729727029800415039e+00,4.018005371093750000e+00,4.152693271636962891e+00,5.195426940917968750e+00,5.094668865203857422e+00,4.718968391418457031e+00,4.723366260528564453e+00,4.373120784759521484e+00,4.316165447235107422e+00,4.035604000091552734e+00,3.840789318084716797e+00,3.879095315933227539e+00,3.706159830093383789e+00,3.865531921386718750e+00,4.027575969696044922e+00,4.089232444763183594e+00,4.355835437774658203e+00,4.417040824890136719e+00,5.912074565887451172e+00,5.829555034637451172e+00,5.456652164459228516e+00,5.497114181518554688e+00,5.149160385131835938e+00,5.078972339630126953e+00,4.909810066223144531e+00,4.548453330993652344e+00,4.459318637847900391e+00,4.287927150726318359e+00,4.431143283843994141e+00,4.522326946258544922e+00,4.504572868347167969e+00,4.710758209228515625e+00,4.635955810546875000e+00
6.601143479347229004e-01,3.834376037120819092e-01,0.000000000000000000e+00,3.922598659992218018e-01,5.985162258148193359e-01,8.861001133918762207e-01,1.181457400321960449e+00,1.352930784225463867e+00,1.696902275085449219e+00,1.841125607490539551e+00,2.201853990554809570e+00,2.215176343917846680e+00,2.575134515762329102e+00,2.670226573944091797e+00,2.936892986297607422e+00,2.653490543365478516e+00,2.619055032730102539e+00,2.372526168823242188e+00,2.313375949859619141e+00,2.282356739044189453e+00,2.113745689392089844e+00,2.353226184844970703e+00,2.151697635650634766e+00,2.427908182144165039e+00,2.406256198883056641e+00,2.711907625198364258e+00,2.887007474899291992e+00,3.117039442062377930e+00,3.369459629058837891e+00,3.560383558273315430e+00,4.080837249755859375e+00,4.011157035827636719e+00,3.665714740753173828e+00,3.755131006240844727e+00,3.444634437561035156e+00,3.478335857391357422e+00,3.248563289642333984e+00,3.082075357437133789e+00,3.181779146194458008e+00,3.046105146408081055e+00,3.239765882492065430e+00,3.412430047988891602e+00,3.522479057312011719e+00,3.810148954391479492e+00,3.917069196701049805e+00,5.066254615783691406e+00,4.975896835327148438e+00,4.605079650878906250e+00,4.626665592193603516e+00,4.267257690429687500e+00,4.228662967681884766e+00,3.932080984115600586e+00,3.764008998870849609e+00,3.790140390396118164e+00,3.584975719451904297e+00,3.712404966354370117e+00,3.858184576034545898e+00,3.886903285980224609e+00,4.143409729003906250e+00,4.176688194274902344e+00,5.739962100982666016e+00,5.673192977905273438e+00,5.304993152618408203e+00,5.369332313537597656e+00,5.024582862854003906e+00,4.981232166290283203e+00,4.811099529266357422e+00,4.460982799530029297e+00,4.362183570861816406e+00,4.163775920867919922e+00,4.280860424041748047e+00,4.351383209228515625e+00,4.306143283843994141e+00,4.494690418243408203e+00,4.395306587219238281e+00
9.373865723609924316e-01,5.684465169906616211e-01,3.922598659992218018e-01,0.000000000000000000e+00,3.890724182128906250e-01,5.860669016838073730e-01,9.016333818435668945e-01,1.122361302375793457e+00,1.423470377922058105e+00,1.625035762786865234e+00,1.974844336509704590e+00,2.013539314270019531e+00,2.390059947967529297e+00,2.507554054260253906e+00,2.803268671035766602e+00,2.591702699661254883e+00,2.519680738449096680e+00,2.236567735671997070e+00,2.141853809356689453e+00,2.059756278991699219e+00,1.850423693656921387e+00,2.048514604568481445e+00,1.820854067802429199e+00,2.079725027084350586e+00,2.080250024795532227e+00,2.391837835311889648e+00,2.591631650924682617e+00,2.838458776473999023e+00,3.104477882385253906e+00,3.318859338760375977e+00,3.874418258666992188e+00,3.774889707565307617e+00,3.418599367141723633e+00,3.477321386337280273e+00,3.155172109603881836e+00,3.161381483078002930e+00,2.922095298767089844e+00,2.734098672866821289e+00,2.818820953369140625e+00,2.693773746490478516e+00,2.893375396728515625e+00,3.086082458496093750e+00,3.212415218353271484e+00,3.514720439910888672e+00,3.642671823501586914e+00,4.791374206542968750e+00,4.681155204772949219e+00,4.307518005371093750e+00,4.309166431427001953e+00,3.945127248764038086e+00,3.888601541519165039e+00,3.585792064666748047e+00,3.405895471572875977e+00,3.418985128402709961e+00,3.219853878021240234e+00,3.352395296096801758e+00,3.514774799346923828e+00,3.557023763656616211e+00,3.829063415527343750e+00,3.880567073822021484e+00,5.422445297241210938e+00,5.341096401214599609e+00,4.969454288482666016e+00,5.023180961608886719e+00,4.671841144561767578e+00,4.620378494262695312e+00,4.440755367279052734e+00,4.089406490325927734e+00,3.983363866806030273e+00,3.791398763656616211e+00,3.912584781646728516e+00,3.996643066406250000e+00,3.961204290390014648e+00,4.164955139160156250e+00,4.080111503601074219e+00
1.194656729698181152e+00,8.653520941734313965e-01,5.985162258148193359e-01,3.890724182128906250e-01,0.000000000000000000e+00,3.833953142166137695e-01,5.915498137474060059e-01,8.215815424919128418e-01,1.139013886451721191e+00,1.289022684097290039e+00,1.634262561798095703e+00,1.645719170570373535e+00,2.017827987670898438e+00,2.126327991485595703e+00,2.417036533355712891e+00,2.295627832412719727e+00,2.251585960388183594e+00,1.951249837875366211e+00,1.902889609336853027e+00,1.800696492195129395e+00,1.643774390220642090e+00,1.852498173713684082e+00,1.620707154273986816e+00,1.877892136573791504e+00,1.823814749717712402e+00,2.119840860366821289e+00,2.294541597366333008e+00,2.519962787628173828e+00,2.779158353805541992e+00,2.973892688751220703e+00,3.609514713287353516e+00,3.523416280746459961e+00,3.178833007812500000e+00,3.256213903427124023e+00,2.926315784454345703e+00,2.959321022033691406e+00,2.706099510192871094e+00,2.557473897933959961e+00,2.644564867019653320e+00,2.481295824050903320e+00,2.661647319793701172e+00,2.822847366333007812e+00,2.925826311111450195e+00,3.211933612823486328e+00,3.320368766784667969e+00,4.501548767089843750e+00,4.409739017486572266e+00,4.041734218597412109e+00,4.069388866424560547e+00,3.704820156097412109e+00,3.678285360336303711e+00,3.374184131622314453e+00,3.228741168975830078e+00,3.256595134735107422e+00,3.031497955322265625e+00,3.147367715835571289e+00,3.276041507720947266e+00,3.298857927322387695e+00,3.548532009124755859e+00,3.583735466003417969e+00,5.146674633026123047e+00,5.085780620574951172e+00,4.720052242279052734e+00,4.795558452606201172e+00,4.455621242523193359e+00,4.429054737091064453e+00,4.267114162445068359e+00,3.925194025039672852e+00,3.833277702331542969e+00,3.617561578750610352e+00,3.729727983474731445e+00,3.780954360961914062e+00,3.735527276992797852e+00,3.913734674453735352e+00,3.819530010223388672e+00
1.505461812019348145e+00,1.148447036743164062e+00,8.861001133918762207e-01,5.860669016838073730e-01,3.833953142166137695e-01,0.000000000000000000e+00,3.804470896720886230e-01,5.574661493301391602e-01,8.396274447441101074e-01,1.066003918647766113e+00,1.414944648742675781e+00,1.503159165382385254e+00,1.878752231597900391e+00,2.047132730484008789e+00,2.343821048736572266e+00,2.461892604827880859e+00,2.406286478042602539e+00,2.069113254547119141e+00,2.011773347854614258e+00,1.835861206054687500e+00,1.655192494392395020e+00,1.787596106529235840e+00,1.495574355125427246e+00,1.688583135604858398e+00,1.625025629997253418e+00,1.895562410354614258e+00,2.118277549743652344e+00,2.332377195358276367e+00,2.626446962356567383e+00,2.825932979583740234e+00,3.628883361816406250e+00,3.512094736099243164e+00,3.162873268127441406e+00,3.202742338180541992e+00,2.850380897521972656e+00,2.847628355026245117e+00,2.562940120697021484e+00,2.391992807388305664e+00,2.428861856460571289e+00,2.251553058624267578e+00,2.405378341674804688e+00,2.597171068191528320e+00,2.688400983810424805e+00,2.998968839645385742e+00,3.107875347137451172e+00,4.384523391723632812e+00,4.273531913757324219e+00,3.907444477081298828e+00,3.917582511901855469e+00,3.541692733764648438e+00,3.499062299728393555e+00,3.173945665359497070e+00,3.027636051177978516e+00,3.017586708068847656e+00,2.778599977493286133e+00,2.869678497314453125e+00,3.016974449157714844e+00,3.025714635848999023e+00,3.293498754501342773e+00,3.324383497238159180e+00,4.927971363067626953e+00,4.857172966003417969e+00,4.490674972534179688e+00,4.568117618560791016e+00,4.219362735748291016e+00,4.199122428894042969e+00,4.016141414642333984e+00,3.682174921035766602e+00,3.563288211822509766e+00,3.339054584503173828e+00,3.429248809814453125e+00,3.490762233734130859e+00,3.428842306137084961e+00,3.618021249771118164e+00,3.515433788299560547e+00
1.779179930686950684e+00,1.435993790626525879e+00,1.181457400321960449e+00,9.016333818435668945e-01,5.915498137474060059e-01,3.804470896720886230e-01,0.000000000000000000e+00,3.833977580070495605e-01,5.812758207321166992e-01,7.743563055992126465e-01,1.091074228286743164e+00,1.145580649375915527e+00,1.528418540954589844e+00,1.686819911003112793e+00,1.999797224998474121e+00,2.192441463470458984e+00,2.140894412994384766e+00,1.783730506896972656e+00,1.751461505889892578e+00,1.538189768791198730e+00,1.398875713348388672e+00,1.518309116363525391e+00,1.224469184875488281e+00,1.408540606498718262e+00,1.296730637550354004e+00,1.559254288673400879e+00,1.758258819580078125e+00,1.966313958168029785e+00,2.252704381942749023e+00,2.449508428573608398e+00,3.299646377563476562e+00,3.185292482376098633e+00,2.845304727554321289e+00,2.892604112625122070e+00,2.534725427627563477e+00,2.550634384155273438e+00,2.256673336029052734e+00,2.122104167938232422e+00,2.165971040725708008e+00,1.959565877914428711e+00,2.104732036590576172e+00,2.265724897384643555e+00,2.349281549453735352e+00,2.645524024963378906e+00,2.751630544662475586e+00,4.023011207580566406e+00,3.922562837600708008e+00,3.560187339782714844e+00,3.587823867797851562e+00,3.213272809982299805e+00,3.194044113159179688e+00,2.871950864791870117e+00,2.754558324813842773e+00,2.764554738998413086e+00,2.508775472640991211e+00,2.594929695129394531e+00,2.710969209671020508e+00,2.715669393539428711e+00,2.965100765228271484e+00,2.996181488037109375e+00,4.587283611297607422e+00,4.529549598693847656e+00,4.166739463806152344e+00,4.256960868835449219e+00,3.918687105178833008e+00,3.914955615997314453e+00,3.751827239990234375e+00,3.424670696258544922e+00,3.326487541198730469e+00,3.086769104003906250e+00,3.179622888565063477e+00,3.212647914886474609e+00,3.155516624450683594e+00,3.325422763824462891e+00,3.229166030883789062e+00
1.995981812477111816e+00,1.662974596023559570e+00,1.352930784225463867e+00,1.122361302375793457e+00,8.215815424919128418e-01,5.574661493301391602e-01,3.833977580070495605e-01,0.000000000000000000e+00,3.817608058452606201e-01,5.277957916259765625e-01,8.964130878448486328e-01,1.040109157562255859e+00,1.390561461448669434e+00,1.614421486854553223e+00,1.882300019264221191e+00,2.385862350463867188e+00,2.379161834716796875e+00,2.018738985061645508e+00,2.037219047546386719e+00,1.802340865135192871e+00,1.706781744956970215e+00,1.791258692741394043e+00,1.475517153739929199e+00,1.585674643516540527e+00,1.409353137016296387e+00,1.594314575195312500e+00,1.808886766433715820e+00,1.950107574462890625e+00,2.262741565704345703e+00,2.414575815200805664e+00,3.495348215103149414e+00,3.384609699249267578e+00,3.060536861419677734e+00,3.104097366333007812e+00,2.734285593032836914e+00,2.747783422470092773e+00,2.425461292266845703e+00,2.307180881500244141e+00,2.300457954406738281e+00,2.050080299377441406e+00,2.129741191864013672e+00,2.288531780242919922e+00,2.311498403549194336e+00,2.611320734024047852e+00,2.671585083007812500e+00,4.100807189941406250e+00,4.008415699005126953e+00,3.658664464950561523e+00,3.698876380920410156e+00,3.318653583526611328e+00,3.313164949417114258e+00,2.973832845687866211e+00,2.887068033218383789e+00,2.864936351776123047e+00,2.575541257858276367e+00,2.605846881866455078e+00,2.708518981933593750e+00,2.658668041229248047e+00,2.898649930953979492e+00,2.883657693862915039e+00,4.573118209838867188e+00,4.530408382415771484e+00,4.176634788513183594e+00,4.293509483337402344e+00,3.959025859832763672e+00,3.986274719238281250e+00,3.813482761383056641e+00,3.507685184478759766e+00,3.385828733444213867e+00,3.118507146835327148e+00,3.165494680404663086e+00,3.179794788360595703e+00,3.076380729675292969e+00,3.226387262344360352e+00,3.088487148284912109e+00
2.326412439346313477e+00,1.979288816452026367e+00,1.696902275085449219e+00,1.423470377922058105e+00,1.139013886451721191e+00,8.396274447441101074e-01,5.812758207321166992e-01,3.817608058452606201e-01,0.000000000000000000e+00,3.747007548809051514e-01,6.430347561836242676e-01,8.662661910057067871e-01,1.202295303344726562e+00,1.469103217124938965e+00,1.752618789672851562e+00,2.421669721603393555e+00,2.394372940063476562e+00,2.014940977096557617e+00,2.023825407028198242e+00,1.730555176734924316e+00,1.637045860290527344e+00,1.643376827239990234e+00,1.303943037986755371e+00,1.331587433815002441e+00,1.123716235160827637e+00,1.260778069496154785e+00,1.506968498229980469e+00,1.635306715965270996e+00,1.971748709678649902e+00,2.134059667587280273e+00,3.333759069442749023e+00,3.197318792343139648e+00,2.878254890441894531e+00,2.890597343444824219e+00,2.509355783462524414e+00,2.499560117721557617e+00,2.155910015106201172e+00,2.040980339050292969e+00,1.995232820510864258e+00,1.722579240798950195e+00,1.771598935127258301e+00,1.939953684806823730e+00,1.954006195068359375e+00,2.268355846405029297e+00,2.337324857711791992e+00,3.811457395553588867e+00,3.705353021621704102e+00,3.360484123229980469e+00,3.390702724456787109e+00,3.006328344345092773e+00,2.996821403503417969e+00,2.647155761718750000e+00,2.574598073959350586e+00,2.534237384796142578e+00,2.229634761810302734e+00,2.238803863525390625e+00,2.340367794036865234e+00,2.283070802688598633e+00,2.531293630599975586e+00,2.522647619247436523e+00,4.216874122619628906e+00,4.168783187866210938e+00,3.815667390823364258e+00,3.935512304306030273e+00,3.599994897842407227e+00,3.636783838272094727e+00,3.459865808486938477e+00,3.164505004882812500e+00,3.036191463470458984e+00,2.757770299911499023e+00,2.793033838272094727e+00,2.801640033721923828e+00,2.694633245468139648e+00,2.847092628479003906e+00,2.714867830276489258e+00
2.471163272857666016e+00,2.151197195053100586e+00,1.841125607490539551e+00,1.625035762786865234e+00,1.289022684097290039e+00,1.066003918647766113e+00,7.743563055992126465e-01,5.277957916259765625e-01,3.747007548809051514e-01,0.000000000000000000e+00,3.798914253711700439e-01,5.811922550201416016e-01,8.909574151039123535e-01,1.168161273002624512e+00,1.416900634765625000e+00,2.270838737487792969e+00,2.296938896179199219e+00,1.930313348770141602e+00,2.010589838027954102e+00,1.732335567474365234e+00,1.725050568580627441e+00,1.761198043823242188e+00,1.464553117752075195e+00,1.495850682258605957e+00,1.217838168144226074e+00,1.297123074531555176e+00,1.469494819641113281e+00,1.530739545822143555e+00,1.845123648643493652e+00,1.950576186180114746e+00,3.255156993865966797e+00,3.151540994644165039e+00,2.859116077423095703e+00,2.907828092575073242e+00,2.534640312194824219e+00,2.570719957351684570e+00,2.229592323303222656e+00,2.178459167480468750e+00,2.147182941436767578e+00,1.837685108184814453e+00,1.848889231681823730e+00,1.949846625328063965e+00,1.909232497215270996e+00,2.182105779647827148e+00,2.199475049972534180e+00,3.723473072052001953e+00,3.652093410491943359e+00,3.320976257324218750e+00,3.393527030944824219e+00,3.018221139907836914e+00,3.055094242095947266e+00,2.716669797897338867e+00,2.693853616714477539e+00,2.678859472274780273e+00,2.353100538253784180e+00,2.335511445999145508e+00,2.377611875534057617e+00,2.281142473220825195e+00,2.480281114578247070e+00,2.430138111114501953e+00,4.158566951751708984e+00,4.144663810729980469e+00,3.805067777633666992e+00,3.956553936004638672e+00,3.643195629119873047e+00,3.713364362716674805e+00,3.564519405364990234e+00,3.287437915802001953e+00,3.181653261184692383e+00,2.880941152572631836e+00,2.900154113769531250e+00,2.859302759170532227e+00,2.732555389404296875e+00,2.836330652236938477e+00,2.679847002029418945e+00
2.819408416748046875e+00,2.499512672424316406e+00,2.201853990554809570e+00,1.974844336509704590e+00,1.634262561798095703e+00,1.414944648742675781e+00,1.091074228286743164e+00,8.964130878448486328e-01,6.430347561836242676e-01,3.798914253711700439e-01,0.000000000000000000e+00,3.767485916614532471e-01,5.922660231590270996e-01,9.235632419586181641e-01,1.165798544883728027e+00,2.252725362777709961e+00,2.283213376998901367e+00,1.918687820434570312e+00,2.021965980529785156e+00,1.712240099906921387e+00,1.753375291824340820e+00,1.737551450729370117e+00,1.466334581375122070e+00,1.427725434303283691e+00,1.095480561256408691e+00,1.073708295822143555e+00,1.208668708801269531e+00,1.202535748481750488e+00,1.520549178123474121e+00,1.599693536758422852e+00,3.065466403961181641e+00,2.957372665405273438e+00,2.688980579376220703e+00,2.729525327682495117e+00,2.357889413833618164e+00,2.400712251663208008e+00,2.050931692123413086e+00,2.046699523925781250e+00,1.994253635406494141e+00,1.651558160781860352e+00,1.609789848327636719e+00,1.664884448051452637e+00,1.579864263534545898e+00,1.833441138267517090e+00,1.828395962715148926e+00,3.409428596496582031e+00,3.346188068389892578e+00,3.029103517532348633e+00,3.117918252944946289e+00,2.748175382614135742e+00,2.810719966888427734e+00,2.476069450378417969e+00,2.498483896255493164e+00,2.487838983535766602e+00,2.143074989318847656e+00,2.093247413635253906e+00,2.090518951416015625e+00,1.966504454612731934e+00,2.136854648590087891e+00,2.071064472198486328e+00,3.809322118759155273e+00,3.810588836669921875e+00,3.480115652084350586e+00,3.651385307312011719e+00,3.352837562561035156e+00,3.450015306472778320e+00,3.318691730499267578e+00,3.063498020172119141e+00,2.971650600433349609e+00,2.652600765228271484e+00,2.656281948089599609e+00,2.577529430389404297e+00,2.442517042160034180e+00,2.515806198120117188e+00,2.356987714767456055e+00
2.794401884078979492e+00,2.497726440429687500e+00,2.215176343917846680e+00,2.013539314270019531e+00,1.645719170570373535e+00,1.503159165382385254e+00,1.145580649375915527e+00,1.040109157562255859e+00,8.662661910057067871e-01,5.811922550201416016e-01,3.767485916614532471e-01,0.000000000000000000e+00,3.875164985656738281e-01,6.032062768936157227e-01,9.056433439254760742e-01,1.894771218299865723e+00,1.946186780929565430e+00,1.595952749252319336e+00,1.744040608406066895e+00,1.461373209953308105e+00,1.575091958045959473e+00,1.607193589210510254e+00,1.402181625366210938e+00,1.421215415000915527e+00,1.078540802001953125e+00,1.088904142379760742e+00,1.112149000167846680e+00,1.117487549781799316e+00,1.368343472480773926e+00,1.439579129219055176e+00,2.777304887771606445e+00,2.701757669448852539e+00,2.446571588516235352e+00,2.532136917114257812e+00,2.178920745849609375e+00,2.276277542114257812e+00,1.955964088439941406e+00,2.005064249038696289e+00,2.016319513320922852e+00,1.682395577430725098e+00,1.678835391998291016e+00,1.666119694709777832e+00,1.601790189743041992e+00,1.800226449966430664e+00,1.798323154449462891e+00,3.239882230758666992e+00,3.206309080123901367e+00,2.888512134552001953e+00,3.011061906814575195e+00,2.655947208404541016e+00,2.754157543182373047e+00,2.449281454086303711e+00,2.490800619125366211e+00,2.538362741470336914e+00,2.208581447601318359e+00,2.195414781570434570e+00,2.150747060775756836e+00,2.055293798446655273e+00,2.184819221496582031e+00,2.135462760925292969e+00,3.780245065689086914e+00,3.800275564193725586e+00,3.473762989044189453e+00,3.647824764251708984e+00,3.367730855941772461e+00,3.464900255203247070e+00,3.371527671813964844e+00,3.111567258834838867e+00,3.065532684326171875e+00,2.755135536193847656e+00,2.793398857116699219e+00,2.690445661544799805e+00,2.590653181076049805e+00,2.640639066696166992e+00,2.509992837905883789e+00
3.152969360351562500e+00,2.866751670837402344e+00,2.575134515762329102e+00,2.390059947967529297e+00,2.017827987670898438e+00,1.878752231597900391e+00,1.528418540954589844e+00,1.390561461448669434e+00,1.202295303344726562e+00,8.909574151039123535e-01,5.922660231590270996e-01,3.875164985656738281e-01,0.000000000000000000e+00,3.838668763637542725e-01,5.855017900466918945e-01,1.986578822135925293e+00,2.078356504440307617e+00,1.761180400848388672e+00,1.956424951553344727e+00,1.682736039161682129e+00,1.851908087730407715e+00,1.860218882560729980e+00,1.691141843795776367e+00,1.662963032722473145e+00,1.299818873405456543e+00,1.207689762115478516e+00,1.154001832008361816e+00,1.031171798706054688e+00,1.235813498497009277e+00,1.207937598228454590e+00,2.758110046386718750e+00,2.702178239822387695e+00,2.491218805313110352e+00,2.587086439132690430e+00,2.251952886581420898e+00,2.371429920196533203e+00,2.057936429977416992e+00,2.163294076919555664e+00,2.156039237976074219e+00,1.800723314285278320e+00,1.732428789138793945e+00,1.650918483734130859e+00,1.508930325508117676e+00,1.644450068473815918e+00,1.570282340049743652e+00,3.087712526321411133e+00,3.084607362747192383e+00,2.795540809631347656e+00,2.954523563385009766e+00,2.617601871490478516e+00,2.758429050445556641e+00,2.469094991683959961e+00,2.568528652191162109e+00,2.620343446731567383e+00,2.276485681533813477e+00,2.218269348144531250e+00,2.112037181854248047e+00,1.966933131217956543e+00,2.033424854278564453e+00,1.934342384338378906e+00,3.591512918472290039e+00,3.645972490310668945e+00,3.341291427612304688e+00,3.550052881240844727e+00,3.298406362533569336e+00,3.436068534851074219e+00,3.367427587509155273e+00,3.141336441040039062e+00,3.109439849853515625e+00,2.780488729476928711e+00,2.789050340652465820e+00,2.635822057723999023e+00,2.512474298477172852e+00,2.506791830062866211e+00,2.354775905609130859e+00
3.202259778976440430e+00,2.940832853317260742e+00,2.670226573944091797e+00,2.507554054260253906e+00,2.126327991485595703e+00,2.047132730484008789e+00,1.686819911003112793e+00,1.614421486854553223e+00,1.469103217124938965e+00,1.168161273002624512e+00,9.235632419586181641e-01,6.032062768936157227e-01,3.838668763637542725e-01,0.000000000000000000e+00,3.857904076576232910e-01,1.673903226852416992e+00,1.795309185981750488e+00,1.516512751579284668e+00,1.762680888175964355e+00,1.535174489021301270e+00,1.777745842933654785e+00,1.825669050216674805e+00,1.731149554252624512e+00,1.748031735420227051e+00,1.402940392494201660e+00,1.340465307235717773e+00,1.184739112854003906e+00,1.076849102973937988e+00,1.169142246246337891e+00,1.119619607925415039e+00,2.481510639190673828e+00,2.466753959655761719e+00,2.281662225723266602e+00,2.426644802093505859e+00,2.123697042465209961e+00,2.299499273300170898e+00,2.028634071350097656e+00,2.186366558074951172e+00,2.237208366394042969e+00,1.904027104377746582e+00,1.872304916381835938e+00,1.731379032135009766e+00,1.618459105491638184e+00,1.686013698577880859e+00,1.619443058967590332e+00,2.929844141006469727e+00,2.962166309356689453e+00,2.679052591323852539e+00,2.874436140060424805e+00,2.561674118041992188e+00,2.739023208618164062e+00,2.488306045532226562e+00,2.606342077255249023e+00,2.712591886520385742e+00,2.391784191131591797e+00,2.369326114654541016e+00,2.228006839752197266e+00,2.117378950119018555e+00,2.142260789871215820e+00,2.066627025604248047e+00,3.581989765167236328e+00,3.655783414840698242e+00,3.359670162200927734e+00,3.568500041961669922e+00,3.339965343475341797e+00,3.475986480712890625e+00,3.446636438369750977e+00,3.219842433929443359e+00,3.232681035995483398e+00,2.917944431304931641e+00,2.959464073181152344e+00,2.787891626358032227e+00,2.702245473861694336e+00,2.677106618881225586e+00,2.558594703674316406e+00
3.472546100616455078e+00,3.226321935653686523e+00,2.936892986297607422e+00,2.803268671035766602e+00,2.417036533355712891e+00,2.343821048736572266e+00,1.999797224998474121e+00,1.882300019264221191e+00,1.752618789672851562e+00,1.416900634765625000e+00,1.165798544883728027e+00,9.056433439254760742e-01,5.855017900466918945e-01,3.857904076576232910e-01,0.000000000000000000e+00,1.865274429321289062e+00,2.041493177413940430e+00,1.807371854782104492e+00,2.089500188827514648e+00,1.891268134117126465e+00,2.153531789779663086e+00,2.204890966415405273e+00,2.115037441253662109e+00,2.116570234298706055e+00,1.764625549316406250e+00,1.660675883293151855e+00,1.492995023727416992e+00,1.308706164360046387e+00,1.355852246284484863e+00,1.196065068244934082e+00,2.665576457977294922e+00,2.682881593704223633e+00,2.540133476257324219e+00,2.700128316879272461e+00,2.419481754302978516e+00,2.609066247940063477e+00,2.347214698791503906e+00,2.527999401092529297e+00,2.561904907226562500e+00,2.218513727188110352e+00,2.143286943435668945e+00,1.972875356674194336e+00,1.799213409423828125e+00,1.813067197799682617e+00,1.666937589645385742e+00,3.016469955444335938e+00,3.085391998291015625e+00,2.836291313171386719e+00,3.063753366470336914e+00,2.772942066192626953e+00,2.980435132980346680e+00,2.743194103240966797e+00,2.896790504455566406e+00,2.996893167495727539e+00,2.667107820510864258e+00,2.606768846511840820e+00,2.430131673812866211e+00,2.272942543029785156e+00,2.245069026947021484e+00,2.111656904220581055e+00,3.626813411712646484e+00,3.737227201461791992e+00,3.467437028884887695e+00,3.708187103271484375e+00,3.506942033767700195e+00,3.676889419555664062e+00,3.663034439086914062e+00,3.464845657348632812e+00,3.479739904403686523e+00,3.151940345764160156e+00,3.161816835403442383e+00,2.956319570541381836e+00,2.840317249298095703e+00,2.767291069030761719e+00,2.617140769958496094e+00
2.875750064849853516e+00,2.752876281738281250e+00,2.653490543365478516e+00,2.591702699661254883e+00,2.295627832412719727e+00,2.461892604827880859e+00,2.192441463470458984e+00,2.385862350463867188e+00,2.421669721603393555e+00,2.270838737487792969e+00,2.252725362777709961e+00,1.894771218299865723e+00,1.986578822135925293e+00,1.673903226852416992e+00,1.865274429321289062e+00,0.000000000000000000e+00,3.811496496200561523e-01,5.852619409561157227e-01,9.207134246826171875e-01,1.159259080886840820e+00,1.508319854736328125e+00,1.799541473388671875e+00,1.976337432861328125e+00,2.238168954849243164e+00,2.114830017089843750e+00,2.292580842971801758e+00,2.071860074996948242e+00,2.219189405441284180e+00,2.134819507598876953e+00,2.236139535903930664e+00,1.884075760841369629e+00,2.029991865158081055e+00,1.868876099586486816e+00,2.193515062332153320e+00,2.067517995834350586e+00,2.374771595001220703e+00,2.326017856597900391e+00,2.502063274383544922e+00,2.780650138854980469e+00,2.629342555999755859e+00,2.814491033554077148e+00,2.671003580093383789e+00,2.773519515991210938e+00,2.792038440704345703e+00,2.877548694610595703e+00,3.230423927307128906e+00,3.305796861648559570e+00,3.010845661163330078e+00,3.212459564208984375e+00,2.988794088363647461e+00,3.160418272018432617e+00,3.043338298797607422e+00,3.072734355926513672e+00,3.333874702453613281e+00,3.157566547393798828e+00,3.323886871337890625e+00,3.221423864364624023e+00,3.295211315155029297e+00,3.333989143371582031e+00,3.403048753738403320e+00,4.411082267761230469e+00,4.459803104400634766e+00,4.161304473876953125e+00,4.273158073425292969e+00,4.070780277252197266e+00,4.095744132995605469e+00,4.140613079071044922e+00,3.854458808898925781e+00,3.978273630142211914e+00,3.773569583892822266e+00,3.965605258941650391e+00,3.854278087615966797e+00,3.915283203125000000e+00,3.946100473403930664e+00,3.948179721832275391e+00
2.819755077362060547e+00,2.681140899658203125e+00,2.619055032730102539e+00,2.519680738449096680e+00,2.251585960388183594e+00,2.406286478042602539e+00,2.140894412994384766e+00,2.379161834716796875e+00,2.394372940063476562e+00,2.296938896179199219e+00,2.283213376998901367e+00,1.946186780929565430e+00,2.078356504440307617e+00,1.795309185981750488e+00,2.041493177413940430e+00,3.811496496200561523e-01,0.000000000000000000e+00,3.896120786666870117e-01,6.082798838615417480e-01,9.104376435279846191e-01,1.239467144012451172e+00,1.530248522758483887e+00,1.755639314651489258e+00,2.032150745391845703e+00,1.964922308921813965e+00,2.173343658447265625e+00,1.963484168052673340e+00,2.165628910064697266e+00,2.084362268447875977e+00,2.245676755905151367e+00,1.700072407722473145e+00,1.805947065353393555e+00,1.606518864631652832e+00,1.917979598045349121e+00,1.802535176277160645e+00,2.099260568618774414e+00,2.081601858139038086e+00,2.240997076034545898e+00,2.547315359115600586e+00,2.438993930816650391e+00,2.662483453750610352e+00,2.537906646728515625e+00,2.690747022628784180e+00,2.726558446884155273e+00,2.861794710159301758e+00,3.114792346954345703e+00,3.157108545303344727e+00,2.845619678497314453e+00,3.013271808624267578e+00,2.790352106094360352e+00,2.933017969131469727e+00,2.827839612960815430e+00,2.826143264770507812e+00,3.100981950759887695e+00,2.956625938415527344e+00,3.158369302749633789e+00,3.080194711685180664e+00,3.196354866027832031e+00,3.259733676910400391e+00,3.370301246643066406e+00,4.311132431030273438e+00,4.330857753753662109e+00,4.021193981170654297e+00,4.101807594299316406e+00,3.888626575469970703e+00,3.882122516632080078e+00,3.923699140548706055e+00,3.623807907104492188e+00,3.756754636764526367e+00,3.578076839447021484e+00,3.798086881637573242e+00,3.712758779525756836e+00,3.805257320404052734e+00,3.864245891571044922e+00,3.897081851959228516e+00
2.643010854721069336e+00,2.461739301681518555e+00,2.372526168823242188e+00,2.236567735671997070e+00,1.951249837875366211e+00,2.069113254547119141e+00,1.783730506896972656e+00,2.018738985061645508e+00,2.014940977096557617e+00,1.930313348770141602e+00,1.918687820434570312e+00,1.595952749252319336e+00,1.761180400848388672e+00,1.516512751579284668e+00,1.807371854782104492e+00,5.852619409561157227e-01,3.896120786666870117e-01,0.000000000000000000e+00,3.889108300209045410e-01,5.768483281135559082e-01,9.260544776916503906e-01,1.217445373535156250e+00,1.401116132736206055e+00,1.677232861518859863e+00,1.593653678894042969e+00,1.814976572990417480e+00,1.634708166122436523e+00,1.855792641639709473e+00,1.824838638305664062e+00,2.011543273925781250e+00,1.789454340934753418e+00,1.825970649719238281e+00,1.572453141212463379e+00,1.831872820854187012e+00,1.642590403556823730e+00,1.904060125350952148e+00,1.827653884887695312e+00,1.959307551383972168e+00,2.241482496261596680e+00,2.110156059265136719e+00,2.330837965011596680e+00,2.233580827713012695e+00,2.385707139968872070e+00,2.460026025772094727e+00,2.601866006851196289e+00,3.049745798110961914e+00,3.060559034347534180e+00,2.728248119354248047e+00,2.873907566070556641e+00,2.612342596054077148e+00,2.733839988708496094e+00,2.586678028106689453e+00,2.573084831237792969e+00,2.818870306015014648e+00,2.651427984237670898e+00,2.842169761657714844e+00,2.783614397048950195e+00,2.889760494232177734e+00,2.979947090148925781e+00,3.086806774139404297e+00,4.143138408660888672e+00,4.149012565612792969e+00,3.824651718139648438e+00,3.909462213516235352e+00,3.671981096267700195e+00,3.668882608413696289e+00,3.680517196655273438e+00,3.372630596160888672e+00,3.476421833038330078e+00,3.282888412475585938e+00,3.489688873291015625e+00,3.415390729904174805e+00,3.491878271102905273e+00,3.566006183624267578e+00,3.586522817611694336e+00
2.549104452133178711e+00,2.355672121047973633e+00,2.313375949859619141e+00,2.141853809356689453e+00,1.902889609336853027e+00,2.011773347854614258e+00,1.751461505889892578e+00,2.037219047546386719e+00,2.023825407028198242e+00,2.010589838027954102e+00,2.021965980529785156e+00,1.744040608406066895e+00,1.956424951553344727e+00,1.762680888175964355e+00,2.089500188827514648e+00,9.207134246826171875e-01,6.082798838615417480e-01,3.889108300209045410e-01,0.000000000000000000e+00,3.960781991481781006e-01,6.433015465736389160e-01,9.591830968856811523e-01,1.197294950485229492e+00,1.505889892578125000e+00,1.507535338401794434e+00,1.776866436004638672e+00,1.638222455978393555e+00,1.922309994697570801e+00,1.914401650428771973e+00,2.160087347030639648e+00,1.793245434761047363e+00,1.771302938461303711e+00,1.467881321907043457e+00,1.681375503540039062e+00,1.491282701492309570e+00,1.712587118148803711e+00,1.662638545036315918e+00,1.745008587837219238e+00,2.056005239486694336e+00,1.981293797492980957e+00,2.250912427902221680e+00,2.195289373397827148e+00,2.403585672378540039e+00,2.509369373321533203e+00,2.701202869415283203e+00,3.075019598007202148e+00,3.044084787368774414e+00,2.694839715957641602e+00,2.791297435760498047e+00,2.525624275207519531e+00,2.599574327468872070e+00,2.456483125686645508e+00,2.391726255416870117e+00,2.641539335250854492e+00,2.511658906936645508e+00,2.743398666381835938e+00,2.726592063903808594e+00,2.877616405487060547e+00,3.004198551177978516e+00,3.151729583740234375e+00,4.154319763183593750e+00,4.125163078308105469e+00,3.787692546844482422e+00,3.835855007171630859e+00,3.580717325210571289e+00,3.538373470306396484e+00,3.535478115081787109e+00,3.207903623580932617e+00,3.311152696609497070e+00,3.148710966110229492e+00,3.384553194046020508e+00,3.348819255828857422e+00,3.455129384994506836e+00,3.566579818725585938e+00,3.614952087402343750e+00
2.603620290756225586e+00,2.360997676849365234e+00,2.282356739044189453e+00,2.059756278991699219e+00,1.800696492195129395e+00,1.835861206054687500e+00,1.538189768791198730e+00,1.802340865135192871e+00,1.730555176734924316e+00,1.732335567474365234e+00,1.712240099906921387e+00,1.461373209953308105e+00,1.682736039161682129e+00,1.535174489021301270e+00,1.891268134117126465e+00,1.159259080886840820e+00,9.104376435279846191e-01,5.768483281135559082e-01,3.960781991481781006e-01,0.000000000000000000e+00,3.997819721698760986e-01,6.413236856460571289e-01,8.497264981269836426e-01,1.129807949066162109e+00,1.114294290542602539e+00,1.382944941520690918e+00,1.262564539909362793e+00,1.567705035209655762e+00,1.598580718040466309e+00,1.872385263442993164e+00,1.816112279891967773e+00,1.731752872467041016e+00,1.398767709732055664e+00,1.548136711120605469e+00,1.282545089721679688e+00,1.464281439781188965e+00,1.347478747367858887e+00,1.418116569519042969e+00,1.701071023941040039e+00,1.599485635757446289e+00,1.862575531005859375e+00,1.822610139846801758e+00,2.034056186676025391e+00,2.167754888534545898e+00,2.371281623840332031e+00,2.896633148193359375e+00,2.838460206985473633e+00,2.476614713668823242e+00,2.555481433868408203e+00,2.257241964340209961e+00,2.317606449127197266e+00,2.137117862701416016e+00,2.074126720428466797e+00,2.299165010452270508e+00,2.144878625869750977e+00,2.363596677780151367e+00,2.355677366256713867e+00,2.500924348831176758e+00,2.645666599273681641e+00,2.795913457870483398e+00,3.871081352233886719e+00,3.831953048706054688e+00,3.485175371170043945e+00,3.540096282958984375e+00,3.268306493759155273e+00,3.235739231109619141e+00,3.211479902267456055e+00,2.883562803268432617e+00,2.965435981750488281e+00,2.786222457885742188e+00,3.009099245071411133e+00,2.975850343704223633e+00,3.072263717651367188e+00,3.192475795745849609e+00,3.237500190734863281e+00
2.424170970916748047e+00,2.158987998962402344e+00,2.113745689392089844e+00,1.850423693656921387e+00,1.643774390220642090e+00,1.655192494392395020e+00,1.398875713348388672e+00,1.706781744956970215e+00,1.637045860290527344e+00,1.725050568580627441e+00,1.753375291824340820e+00,1.575091958045959473e+00,1.851908087730407715e+00,1.777745842933654785e+00,2.153531789779663086e+00,1.508319854736328125e+00,1.239467144012451172e+00,9.260544776916503906e-01,6.433015465736389160e-01,3.997819721698760986e-01,0.000000000000000000e+00,3.917967975139617920e-01,5.878135561943054199e-01,9.345631003379821777e-01,1.028002738952636719e+00,1.361740112304687500e+00,1.341971278190612793e+00,1.694065093994140625e+00,1.786211013793945312e+00,2.096814632415771484e+00,2.077761650085449219e+00,1.940596461296081543e+00,1.574924588203430176e+00,1.644338488578796387e+00,1.358055710792541504e+00,1.444829821586608887e+00,1.312097072601318359e+00,1.270732283592224121e+00,1.549270272254943848e+00,1.497644901275634766e+00,1.804452419281005859e+00,1.844021439552307129e+00,2.095393657684326172e+00,2.284402370452880859e+00,2.520347118377685547e+00,3.090698480606079102e+00,2.987256288528442383e+00,2.612409353256225586e+00,2.632988452911376953e+00,2.317741632461547852e+00,2.312605142593383789e+00,2.108781814575195312e+00,1.976935029029846191e+00,2.169332504272460938e+00,2.039155960083007812e+00,2.285848140716552734e+00,2.343126296997070312e+00,2.515480756759643555e+00,2.712312698364257812e+00,2.885711908340454102e+00,3.981251716613769531e+00,3.905697584152221680e+00,3.544159889221191406e+00,3.568320751190185547e+00,3.267943620681762695e+00,3.199767112731933594e+00,3.137004613876342773e+00,2.786506414413452148e+00,2.838574647903442383e+00,2.682624578475952148e+00,2.918960094451904297e+00,2.936621427536010742e+00,3.042878866195678711e+00,3.208402872085571289e+00,3.262682437896728516e+00
