,A1,A2,A3,A4,A5,A6,A7,A8,A9,A10,A11,A12,A13,A14,A15,B1,B2,B3,B4,B5,B6,B7,B8,B9,B10,B11,B12,B13,B14,B15,C1,C2,C3,C4,C5,C6,C7,C8,C9,C10,C11,C12,C13,C14,C15,D1,D2,D3,D4,D5,D6,D7,D8,D9,D10,D11,D12,D13,D14,D15,E1,E2,E3,E4,E5,E6,E7,E8,E9,E10,E11,E12,E13,E14,E15
A1,0.0,0.3812152147293091,0.6741368174552917,0.9206336736679077,1.2021598815917969,1.4914170503616333,1.7917490005493164,2.007751941680908,2.345625400543213,2.5242936611175537,2.8669497966766357,2.9108023643493652,3.2772700786590576,3.418928384780884,3.6612017154693604,3.5369489192962646,3.4119019508361816,3.1226155757904053,2.9497323036193848,2.931744337081909,2.564689874649048,2.658259868621826,2.5481081008911133,2.641958713531494,2.993354320526123,3.2442495822906494,3.401926279067993,3.7103078365325928,3.8543002605438232,4.2094902992248535,5.311006546020508,5.172885894775391,4.801260948181152,4.73701286315918,4.467054843902588,4.1792893409729,4.070033073425293,3.704718589782715,3.5353991985321045,3.6705737113952637,3.8026208877563477,3.8597466945648193,4.178884029388428,4.2518229484558105,4.621136665344238,5.977549076080322,5.80911111831665,5.479571342468262,5.436972618103027,5.073414325714111,4.898901462554932,4.615463733673096,4.256869792938232,4.152577877044678,4.054214000701904,4.114527702331543,4.36884880065918,4.3038225173950195,4.645771026611328,4.616374969482422,6.637816905975342,6.504853248596191,6.206825256347656,6.22529411315918,5.867211818695068,5.778876304626465,5.470042705535889,5.125604152679443,4.926758766174316,4.661160945892334,4.698108673095703,4.67501163482666,4.530396938323975,4.62515115737915,4.410447120666504
A2,0.3812152147293091,0.0,0.37565553188323975,0.5577002167701721,0.8758003115653992,1.131178855895996,1.45407235622406,1.6505979299545288,1.9877560138702393,2.1831743717193604,2.5313422679901123,2.6032307147979736,2.9696004390716553,3.1372926235198975,3.3830230236053467,3.4568541049957275,3.358099937438965,3.050701141357422,2.915604829788208,2.8766210079193115,2.513124465942383,2.6068403720855713,2.4541666507720947,2.494335174560547,2.8273682594299316,3.0875205993652344,3.211740016937256,3.538421154022217,3.6661839485168457,4.032214164733887,5.185232639312744,5.038851261138916,4.672493934631348,4.600625991821289,4.309234142303467,4.029696464538574,3.89239764213562,3.5216803550720215,3.3245012760162354,3.428652763366699,3.564683675765991,3.596362829208374,3.924412250518799,3.9853336811065674,4.359742641448975,5.727386951446533,5.552156925201416,5.22885274887085,5.1769280433654785,4.81571626663208,4.6263885498046875,4.344207763671875,3.981180429458618,3.854851484298706,3.7569973468780518,3.798985242843628,4.060703754425049,3.986210823059082,4.331007957458496,4.299232482910156,6.30169677734375,6.168957233428955,5.872574806213379,5.885494709014893,5.524723052978516,5.432456970214844,5.121598720550537,4.779326915740967,4.571170330047607,4.301670074462891,4.330387115478516,4.309704303741455,4.159169673919678,4.258488655090332,4.044546604156494
A3,0.6741368174552917,0.37565553188323975,0.0,0.3866572380065918,0.5748828053474426,0.8810918927192688,1.1724004745483398,1.3547717332839966,1.707685947418213,1.8649847507476807,2.217650890350342,2.272890090942383,2.6315650939941406,2.795912027359009,3.0277750492095947,3.182929754257202,3.115332841873169,2.8135037422180176,2.717088460922241,2.696070909500122,2.3554892539978027,2.489210844039917,2.3362715244293213,2.3444879055023193,2.666210174560547,2.9020354747772217,2.99637770652771,3.322699546813965,3.4199626445770264,3.793308734893799,5.052587509155273,4.922098636627197,4.564146995544434,4.512912750244141,4.212587833404541,3.9579880237579346,3.818490743637085,3.444775342941284,3.2208006381988525,3.2952115535736084,3.4012770652770996,3.4039852619171143,3.720888137817383,3.7524216175079346,4.1267619132995605,5.550024509429932,5.38881254196167,5.077880382537842,5.040389060974121,4.687732696533203,4.502173900604248,4.236557960510254,3.868509292602539,3.7233903408050537,3.5959813594818115,3.611659526824951,3.8549387454986572,3.7522976398468018,4.085302829742432,4.028741836547852,6.093368053436279,5.97774076461792,5.69402551651001,5.720146656036377,5.362005233764648,5.283444881439209,4.979580402374268,4.647410869598389,4.428867816925049,4.141206741333008,4.1453704833984375,4.099369525909424,3.9322824478149414,4.0075364112854,3.774415969848633
A4,0.9206336736679077,0.5577002167701721,0.3866572380065918,0.0,0.38332656025886536,0.5759897828102112,0.9085772037506104,1.1131187677383423,1.435965895652771,1.6496151685714722,1.991566777229309,2.087109088897705,2.456503391265869,2.646324872970581,2.906158447265625,3.2105607986450195,3.144531011581421,2.8151252269744873,2.734734058380127,2.6642184257507324,2.3182356357574463,2.4122018814086914,2.207803964614868,2.1697027683258057,2.468944787979126,2.731567144393921,2.808283567428589,3.153360605239868,3.258207321166992,3.634056329727173,4.855371952056885,4.7049736976623535,4.349594593048096,4.276827812194824,3.96110463142395,3.702543258666992,3.536289930343628,3.162078380584717,2.9265635013580322,2.9867875576019287,3.114950656890869,3.112790822982788,3.4450936317443848,3.4884092807769775,3.866333484649658,5.25375509262085,5.07766056060791,4.764941692352295,4.711251258850098,4.356539726257324,4.157901763916016,3.885791301727295,3.5177831649780273,3.366664171218872,3.2552757263183594,3.2743468284606934,3.534484386444092,3.446659803390503,3.790975332260132,3.755580425262451,5.758986473083496,5.6327033042907715,5.342290878295898,5.360293388366699,5.000406742095947,4.916045665740967,4.609836101531982,4.274242401123047,4.060618877410889,3.779547929763794,3.7978453636169434,3.763965129852295,3.612323522567749,3.7049145698547363,3.4927704334259033
A5,1.2021598815917969,0.8758003115653992,0.5748828053474426,0.38332656025886536,0.0,0.37828528881073,0.6014513969421387,0.8386114239692688,1.1653746366500854,1.3287074565887451,1.6651203632354736,1.728522539138794,2.0975489616394043,2.273919105529785,2.530977964401245,2.8902082443237305,2.8511829376220703,2.525104522705078,2.484475612640381,2.425159215927124,2.1079416275024414,2.2376062870025635,2.0353684425354004,1.96318519115448,2.246326208114624,2.479654312133789,2.5271782875061035,2.8690683841705322,2.945535659790039,3.3266358375549316,4.644692420959473,4.512618541717529,4.166936874389648,4.1183695793151855,3.798107385635376,3.5680675506591797,3.4068009853363037,3.0333175659179688,2.7749147415161133,2.808119773864746,2.898585796356201,2.8711037635803223,3.1873791217803955,3.202975273132324,3.5792295932769775,5.0210957527160645,4.863053798675537,4.562564373016357,4.529252529144287,4.184606552124023,3.9975571632385254,3.7464253902435303,3.375988006591797,3.2134599685668945,3.0651497840881348,3.062483072280884,3.2962474822998047,3.182419538497925,3.5127334594726562,3.454192638397217,5.533223628997803,5.426109790802002,5.149565696716309,5.18771505355835,4.833990097045898,4.770848274230957,4.476728916168213,4.153648853302002,3.9372317790985107,3.6374247074127197,3.634695291519165,3.5663881301879883,3.4055159091949463,3.4662153720855713,3.237291097640991
A6,1.4914170503616333,1.131178855895996,0.8810918927192688,0.5759897828102112,0.37828528881073,0.0,0.37995725870132446,0.5598620772361755,0.8607091307640076,1.0967984199523926,1.4330470561981201,1.5681891441345215,1.9328407049179077,2.156965494155884,2.4243500232696533,3.0404052734375,3.0218043327331543,2.683223009109497,2.675015449523926,2.581357002258301,2.277672052383423,2.377795934677124,2.130493640899658,1.9961146116256714,2.235551118850708,2.4843051433563232,2.4905471801757812,2.8498194217681885,2.914440155029297,3.298231363296509,4.611083507537842,4.461530685424805,4.1247878074646,4.0563201904296875,3.7157952785491943,3.490954875946045,3.293283224105835,2.922900438308716,2.6402969360351562,2.634552001953125,2.7434134483337402,2.6872658729553223,3.018641471862793,3.0290331840515137,3.408804178237915,4.827213287353516,4.65342903137207,4.358464241027832,4.304823875427246,3.9626340866088867,3.753093719482422,3.4991769790649414,3.1281018257141113,2.9397175312042236,2.8062241077423096,2.7844080924987793,3.03767991065979,2.9225528240203857,3.2620530128479004,3.2132105827331543,5.227550983428955,5.112834453582764,4.833083152770996,4.857644557952881,4.499274730682373,4.425172328948975,4.125787258148193,3.802243709564209,3.5771117210388184,3.278446912765503,3.2740519046783447,3.2193732261657715,3.057954788208008,3.1370983123779297,2.919916868209839
A7,1.7917490005493164,1.45407235622406,1.1724004745483398,0.9085772037506104,0.6014513969421387,0.37995725870132446,0.0,0.3920927345752716,0.6028956770896912,0.7938453555107117,1.0982894897460938,1.2051538228988647,1.5790382623672485,1.790961503982544,2.0751266479492188,2.7687480449676514,2.772216320037842,2.4329025745391846,2.466001272201538,2.3646273612976074,2.0968620777130127,2.2102553844451904,1.9566118717193604,1.7755106687545776,1.9801536798477173,2.2026591300964355,2.1728971004486084,2.530731678009033,2.571288824081421,2.95721435546875,4.336467742919922,4.200051307678223,3.8750832080841064,3.825315237045288,3.4804699420928955,3.2847115993499756,3.0897293090820312,2.725137948989868,2.4218785762786865,2.386437177658081,2.459346294403076,2.3786633014678955,2.6953399181365967,2.6836822032928467,3.061786651611328,4.519412517547607,4.361203193664551,4.077147006988525,4.042441368103027,3.7105891704559326,3.514483690261841,3.282468557357788,2.9121482372283936,2.717437267303467,2.5472121238708496,2.508794069290161,2.7349934577941895,2.601008176803589,2.9292070865631104,2.8664681911468506,4.945749282836914,4.847394943237305,4.579568862915039,4.62630558013916,4.276346683502197,4.226749897003174,3.942718982696533,3.6325361728668213,3.413635730743408,3.0998592376708984,3.083289384841919,2.9914698600769043,2.833534002304077,2.8802051544189453,2.656721591949463
A8,2.007751941680908,1.6505979299545288,1.3547717332839966,1.1131187677383423,0.8386114239692688,0.5598620772361755,0.3920927345752716,0.0,0.38007280230522156,0.568795919418335,0.9321098327636719,1.122182011604309,1.4519906044006348,1.7264950275421143,1.9653160572052002,2.961529493331909,3.0087738037109375,2.6890451908111572,2.761212110519409,2.6794896125793457,2.438650131225586,2.5691604614257812,2.317017078399658,2.1104984283447266,2.2805964946746826,2.4818294048309326,2.4042391777038574,2.757969379425049,2.755448579788208,3.1415417194366455,4.588972091674805,4.454558372497559,4.1438798904418945,4.0940704345703125,3.737539768218994,3.55975604057312,3.3426079750061035,2.9870643615722656,2.6624319553375244,2.5781919956207275,2.643580913543701,2.512117385864258,2.822443723678589,2.7709507942199707,3.1443305015563965,4.616938591003418,4.456133842468262,4.190908432006836,4.145297050476074,3.8264989852905273,3.6098361015319824,3.388104200363159,3.0217573642730713,2.7857978343963623,2.61767840385437,2.526585578918457,2.7541449069976807,2.5818963050842285,2.8993091583251953,2.8075063228607178,4.861715316772461,4.770648002624512,4.512570858001709,4.545741081237793,4.191387176513672,4.129952907562256,3.8413808345794678,3.5412209033966064,3.29191255569458,2.9681572914123535,2.9118778705596924,2.823391914367676,2.625007152557373,2.6721303462982178,2.4233837127685547
A9,2.345625400543213,1.9877560138702393,1.707685947418213,1.435965895652771,1.1653746366500854,0.8607091307640076,0.6028956770896912,0.38007280230522156,0.0,0.3717726171016693,0.641157329082489,0.9100102186203003,1.219637155532837,1.5239121913909912,1.7843878269195557,2.97019100189209,3.0326499938964844,2.7087950706481934,2.8130176067352295,2.7007555961608887,2.4896175861358643,2.596179962158203,2.320382833480835,2.0616726875305176,2.172837734222412,2.3651840686798096,2.2414698600769043,2.596095085144043,2.575772762298584,2.9542288780212402,4.3964619636535645,4.256144046783447,3.9615960121154785,3.9066405296325684,3.5389816761016846,3.383117437362671,3.1456570625305176,2.8045921325683594,2.4605400562286377,2.33081316947937,2.3882808685302734,2.2220299243927,2.529884099960327,2.4644265174865723,2.8342368602752686,4.2920732498168945,4.12839412689209,3.8742361068725586,3.8245022296905518,3.5159239768981934,3.2931551933288574,3.085151195526123,2.7244763374328613,2.468707799911499,2.2914535999298096,2.174947738647461,2.3993725776672363,2.217877149581909,2.5355775356292725,2.448845863342285,4.4823384284973145,4.393793106079102,4.1393561363220215,4.177351951599121,3.8259239196777344,3.77360463142395,3.492608070373535,3.201242685317993,2.954251289367676,2.6229870319366455,2.56179141998291,2.4575626850128174,2.267754554748535,2.30900502204895,2.0722103118896484
A10,2.5242936611175537,2.1831743717193604,1.8649847507476807,1.6496151685714722,1.3287074565887451,1.0967984199523926,0.7938453555107117,0.568795919418335,0.3717726171016693,0.0,0.38469812273979187,0.6090332269668579,0.8973923325538635,1.207095742225647,1.4365968704223633,2.757833242416382,2.861433506011963,2.565375804901123,2.713648557662964,2.636168956756592,2.4695489406585693,2.619218111038208,2.3749754428863525,2.111121892929077,2.2030882835388184,2.3404154777526855,2.1831459999084473,2.5139684677124023,2.4445760250091553,2.821648120880127,4.3816423416137695,4.270522594451904,3.9899535179138184,3.968970775604248,3.6087136268615723,3.4862656593322754,3.269129753112793,2.9382786750793457,2.5877199172973633,2.437805652618408,2.4389209747314453,2.2419891357421875,2.5104823112487793,2.395374298095703,2.753239631652832,4.278696060180664,4.143702507019043,3.909863233566284,3.8893492221832275,3.59953236579895,3.3977465629577637,3.2210662364959717,2.868978500366211,2.609118700027466,2.3886516094207764,2.2396750450134277,2.4118313789367676,2.182816982269287,2.4640958309173584,2.3252274990081787,4.46351432800293,4.404542922973633,4.173916816711426,4.235724925994873,3.8966996669769287,3.8696353435516357,3.607875347137451,3.340346574783325,3.0900075435638428,2.743567943572998,2.6439950466156006,2.492853879928589,2.2782647609710693,2.2613537311553955,1.9840223789215088
A11,2.8669497966766357,2.5313422679901123,2.217650890350342,1.991566777229309,1.6651203632354736,1.4330470561981201,1.0982894897460938,0.9321098327636719,0.641157329082489,0.38469812273979187,0.0,0.3800142705440521,0.5964595079421997,0.9328100085258484,1.1859238147735596,2.697187900543213,2.8227806091308594,2.5364294052124023,2.7235026359558105,2.628290891647339,2.5071868896484375,2.6442811489105225,2.3967065811157227,2.0941805839538574,2.121382474899292,2.223543405532837,2.0129482746124268,2.3262925148010254,2.2219979763031006,2.584695339202881,4.168292045593262,4.064592361450195,3.806155204772949,3.795435667037964,3.4330663681030273,3.3459980487823486,3.1249349117279053,2.817121982574463,2.455386161804199,2.2612006664276123,2.2258598804473877,1.9875067472457886,2.228241443634033,2.0785646438598633,2.4244353771209717,3.959885597229004,3.836911916732788,3.6217739582061768,3.6138038635253906,3.3432302474975586,3.1517398357391357,3.004828691482544,2.6672394275665283,2.3980460166931152,2.1480355262756348,1.966908574104309,2.1016275882720947,1.8443344831466675,2.1052985191345215,1.948813796043396,4.125722885131836,4.082390785217285,3.865764856338501,3.9474704265594482,3.6204636096954346,3.618485927581787,3.377274513244629,3.1309404373168945,2.892050266265869,2.5380048751831055,2.4252774715423584,2.2326126098632812,2.02931547164917,1.9716260433197021,1.6966068744659424
A12,2.9108023643493652,2.6032307147979736,2.272890090942383,2.087109088897705,1.728522539138794,1.5681891441345215,1.2051538228988647,1.122182011604309,0.9100102186203003,0.6090332269668579,0.3800142705440521,0.0,0.3877525329589844,0.616532564163208,0.913694441318512,2.3337156772613525,2.4775712490081787,2.210009813308716,2.425793170928955,2.3548591136932373,2.2744853496551514,2.444053888320923,2.2333803176879883,1.9412773847579956,1.9611865282058716,2.0102531909942627,1.7910319566726685,2.078134059906006,1.9455060958862305,2.309785842895508,3.98057222366333,3.907156229019165,3.6534080505371094,3.6792147159576416,3.334461212158203,3.2700414657592773,3.0870397090911865,2.7854700088500977,2.435119152069092,2.2577178478240967,2.1683058738708496,1.9403067827224731,2.140183687210083,1.9691715240478516,2.305216073989868,3.90181565284729,3.811373710632324,3.6017749309539795,3.632673740386963,3.370948314666748,3.217647075653076,3.0926766395568848,2.7618210315704346,2.5239923000335693,2.235182285308838,2.0720765590667725,2.151423215866089,1.8853987455368042,2.1125588417053223,1.9287257194519043,4.218653202056885,4.197725772857666,3.9966533184051514,4.110528469085693,3.800309658050537,3.829131841659546,3.608860492706299,3.375438928604126,3.1585030555725098,2.8048384189605713,2.6955676078796387,2.4687907695770264,2.2834956645965576,2.1793909072875977,1.9018235206604004
A13,3.2772700786590576,2.9696004390716553,2.6315650939941406,2.456503391265869,2.0975489616394043,1.9328407049179077,1.5790382623672485,1.4519906044006348,1.219637155532837,0.8973923325538635,0.5964595079421997,0.3877525329589844,0.0,0.38608017563819885,0.5988986492156982,2.40677809715271,2.5982391834259033,2.3705530166625977,2.630394458770752,2.576702117919922,2.544954776763916,2.723526954650879,2.529486894607544,2.226825475692749,2.2015740871429443,2.2026193141937256,1.9366225004196167,2.180213689804077,1.9870861768722534,2.321484327316284,4.049421310424805,3.995281219482422,3.7703893184661865,3.8148763179779053,3.47479510307312,3.4493629932403564,3.267338991165161,2.992171287536621,2.6386773586273193,2.4220333099365234,2.2942564487457275,2.0217058658599854,2.169477701187134,1.9384434223175049,2.2383203506469727,3.841033935546875,3.7722795009613037,3.5964009761810303,3.6420023441314697,3.4113330841064453,3.267085075378418,3.1786370277404785,2.870748996734619,2.617469549179077,2.310967445373535,2.100536823272705,2.1269145011901855,1.8123031854629517,1.981378436088562,1.739481806755066,4.048574924468994,4.056530475616455,3.8837859630584717,4.012442111968994,3.718364715576172,3.7669849395751953,3.569143533706665,3.3677937984466553,3.1468870639801025,2.788816452026367,2.639431953430176,2.375781774520874,2.1722705364227295,2.012518882751465,1.7120692729949951
A14,3.418928384780884,3.1372926235198975,2.795912027359009,2.646324872970581,2.273919105529785,2.156965494155884,1.790961503982544,1.7264950275421143,1.5239121913909912,1.207095742225647,0.9328100085258484,0.616532564163208,0.38608017563819885,0.0,0.39260804653167725,2.0945396423339844,2.3097217082977295,2.113415002822876,2.4078550338745117,2.373021125793457,2.3965342044830322,2.5933375358581543,2.4383983612060547,2.1478941440582275,2.0979795455932617,2.036176919937134,1.7562594413757324,1.9511698484420776,1.7178007364273071,2.0361647605895996,3.833702564239502,3.811610221862793,3.5998220443725586,3.6810805797576904,3.362863063812256,3.367347002029419,3.223054885864258,2.964942216873169,2.6293535232543945,2.4259302616119385,2.24548602104187,1.9857784509658813,2.078650712966919,1.826144814491272,2.099315881729126,3.7350356578826904,3.7014527320861816,3.5360801219940186,3.6209912300109863,3.405179500579834,3.3015317916870117,3.2390997409820557,2.945664882659912,2.7260990142822266,2.390223503112793,2.2014384269714355,2.1705634593963623,1.860506296157837,1.9848906993865967,1.7260187864303589,4.099393844604492,4.1293230056762695,3.973551034927368,4.13453483581543,3.861042022705078,3.941086769104004,3.7667226791381836,3.579742431640625,3.385319471359253,3.0331943035125732,2.895070791244507,2.605764389038086,2.432267904281616,2.2390270233154297,1.9588149785995483
A15,3.6612017154693604,3.3830230236053467,3.0277750492095947,2.906158447265625,2.530977964401245,2.4243500232696533,2.0751266479492188,1.9653160572052002,1.7843878269195557,1.4365968704223633,1.1859238147735596,0.913694441318512,0.5988986492156982,0.39260804653167725,0.0,2.2003347873687744,2.4641971588134766,2.3192555904388428,2.638711929321289,2.647087335586548,2.6962451934814453,2.9200196266174316,2.7897398471832275,2.514521598815918,2.466890335083008,2.3797333240509033,2.095850944519043,2.2538933753967285,1.9842689037322998,2.2697298526763916,4.1080756187438965,4.108341217041016,3.914747476577759,4.014224052429199,3.705251693725586,3.728649377822876,3.590714931488037,3.3428614139556885,3.0090644359588623,2.7949185371398926,2.6011054515838623,2.3261559009552,2.3870177268981934,2.1013615131378174,2.335522413253784,3.9525249004364014,3.9396464824676514,3.8018667697906494,3.8969063758850098,3.703531265258789,3.6038661003112793,3.560903310775757,3.2800912857055664,3.048105001449585,2.711836338043213,2.494288682937622,2.438356637954712,2.099980354309082,2.1741368770599365,1.8673263788223267,4.201498985290527,4.258466720581055,4.129666328430176,4.2952728271484375,4.0337653160095215,4.120462417602539,3.9585072994232178,3.794039011001587,3.585869073867798,3.231580972671509,3.05495548248291,2.751668930053711,2.5467934608459473,2.3187410831451416,2.009700059890747
B1,3.5369489192962646,3.4568541049957275,3.182929754257202,3.2105607986450195,2.8902082443237305,3.0404052734375,2.7687480449676514,2.961529493331909,2.97019100189209,2.757833242416382,2.697187900543213,2.3337156772613525,2.40677809715271,2.0945396423339844,2.2003347873687744,0.0,0.38514184951782227,0.6249148845672607,0.956165075302124,1.2129099369049072,1.5072377920150757,1.825305461883545,2.009246826171875,2.023921251296997,2.063828468322754,1.8059711456298828,1.8192905187606812,1.7455835342407227,1.6392971277236938,1.7874298095703125,3.362649917602539,3.4866201877593994,3.26772403717041,3.500504970550537,3.354395627975464,3.376791000366211,3.4690542221069336,3.254749298095703,3.0995190143585205,3.1314237117767334,2.886521100997925,2.8814122676849365,2.866960287094116,2.7678568363189697,2.9408576488494873,4.3903350830078125,4.458675861358643,4.26359224319458,4.466372013092041,4.251248836517334,4.297257900238037,4.244167804718018,3.981785297393799,3.9450597763061523,3.6050851345062256,3.609346628189087,3.527137517929077,3.3723244667053223,3.4647533893585205,3.3073062896728516,5.604138374328613,5.64621114730835,5.493786811828613,5.719210147857666,5.485256195068359,5.6137213706970215,5.465017318725586,5.258328914642334,5.1447882652282715,4.824129104614258,4.781069755554199,4.502975940704346,4.411138534545898,4.234765529632568,4.007344722747803
B2,3.4119019508361816,3.358099937438965,3.115332841873169,3.144531011581421,2.8511829376220703,3.0218043327331543,2.772216320037842,3.0087738037109375,3.0326499938964844,2.861433506011963,2.8227806091308594,2.4775712490081787,2.5982391834259033,2.3097217082977295,2.4641971588134766,0.38514184951782227,0.0,0.39112377166748047,0.6273095011711121,0.9108750224113464,1.231567621231079,1.536147117614746,1.7681752443313599,1.8427786827087402,1.9073015451431274,1.6606624126434326,1.7516299486160278,1.6736692190170288,1.6509006023406982,1.7908625602722168,3.2044386863708496,3.319880485534668,3.082041025161743,3.310241460800171,3.1835086345672607,3.1839892864227295,3.3025598526000977,3.089934825897217,2.968522071838379,3.0466833114624023,2.821488380432129,2.8666441440582275,2.866323947906494,2.8176352977752686,2.9975783824920654,4.390102863311768,4.44774055480957,4.231725215911865,4.430600166320801,4.202205657958984,4.257033348083496,4.189164161682129,3.9280872344970703,3.9208061695098877,3.5974948406219482,3.6405720710754395,3.576256513595581,3.4590890407562256,3.574277400970459,3.4541988372802734,5.715923309326172,5.739450931549072,5.570809364318848,5.791703224182129,5.55463981628418,5.677478313446045,5.523110866546631,5.303239345550537,5.204159736633301,4.893683433532715,4.878921985626221,4.617368221282959,4.545407295227051,4.392123699188232,4.181881904602051
B3,3.1226155757904053,3.050701141357422,2.8135037422180176,2.8151252269744873,2.525104522705078,2.683223009109497,2.4329025745391846,2.6890451908111572,2.7087950706481934,2.565375804901123,2.5364294052124023,2.210009813308716,2.3705530166625977,2.113415002822876,2.3192555904388428,0.6249148845672607,0.39112377166748047,0.0,0.39147821068763733,0.5969845056533813,0.8861833214759827,1.2018272876739502,1.4006785154342651,1.462206244468689,1.549281120300293,1.3368300199508667,1.4505133628845215,1.4340811967849731,1.457323431968689,1.6591726541519165,3.08670711517334,3.159777879714966,2.8938355445861816,3.086909532546997,2.929966688156128,2.9003067016601562,2.994251251220703,2.759345531463623,2.625939130783081,2.7117559909820557,2.5104122161865234,2.565472364425659,2.601809501647949,2.5771594047546387,2.7903592586517334,4.205853462219238,4.2340617179870605,3.997856855392456,4.173609256744385,3.9254353046417236,3.9608800411224365,3.872606039047241,3.5989246368408203,3.5891971588134766,3.2768309116363525,3.3316080570220947,3.294766902923584,3.1915595531463623,3.3377792835235596,3.2393665313720703,5.500372409820557,5.503986358642578,5.317568302154541,5.523563385009766,5.274476528167725,5.383018970489502,5.2165446281433105,4.984106063842773,4.884439468383789,4.577215194702148,4.576423645019531,4.330619812011719,4.265364646911621,4.134313106536865,3.9331741333007812
B4,2.9497323036193848,2.915604829788208,2.717088460922241,2.734734058380127,2.484475612640381,2.675015449523926,2.466001272201538,2.761212110519409,2.8130176067352295,2.713648557662964,2.7235026359558105,2.425793170928955,2.630394458770752,2.4078550338745117,2.638711929321289,0.956165075302124,0.6273095011711121,0.39147821068763733,0.0,0.3875828981399536,0.640219509601593,0.9587751626968384,1.228578805923462,1.3892186880111694,1.537468671798706,1.3800426721572876,1.583144187927246,1.5873005390167236,1.6924546957015991,1.886215090751648,3.112048387527466,3.167720079421997,2.8781938552856445,3.053431749343872,2.9137446880340576,2.845501184463501,2.9597277641296387,2.7184438705444336,2.620370388031006,2.7587785720825195,2.5952775478363037,2.698458194732666,2.7617850303649902,2.784966230392456,3.0088422298431396,4.364173412322998,4.376039028167725,4.118154525756836,4.281360149383545,4.016533374786377,4.051476001739502,3.9406180381774902,3.6640374660491943,3.6777820587158203,3.390286684036255,3.4795148372650146,3.4713692665100098,3.40016770362854,3.5723607540130615,3.503911018371582,5.727077484130859,5.711178779602051,5.507682800292969,5.702667236328125,5.446709632873535,5.542634963989258,5.365417003631592,5.116976737976074,5.024718761444092,4.726929664611816,4.749898910522461,4.526137351989746,4.471247673034668,4.366429328918457,4.1749186515808105
B5,2.931744337081909,2.8766210079193115,2.696070909500122,2.6642184257507324,2.425159215927124,2.581357002258301,2.3646273612976074,2.6794896125793457,2.7007555961608887,2.636168956756592,2.628290891647339,2.3548591136932373,2.576702117919922,2.373021125793457,2.647087335586548,1.2129099369049072,0.9108750224113464,0.5969845056533813,0.3875828981399536,0.0,0.4000084102153778,0.6280719637870789,0.8902418613433838,1.0531160831451416,1.1842288970947266,1.041287899017334,1.2959526777267456,1.3173792362213135,1.4918996095657349,1.6920037269592285,2.8206050395965576,2.846204996109009,2.5402777194976807,2.6941580772399902,2.5450522899627686,2.463595151901245,2.5773301124572754,2.3375296592712402,2.2537343502044678,2.4121716022491455,2.261003017425537,2.39601469039917,2.469078779220581,2.5314271450042725,2.759761095046997,4.066810131072998,4.062765598297119,3.7914164066314697,3.9453697204589844,3.673044204711914,3.710634708404541,3.593951940536499,3.3231360912323,3.357426643371582,3.0825579166412354,3.1992790699005127,3.1993303298950195,3.1618075370788574,3.3469040393829346,3.3148272037506104,5.474769592285156,5.443810939788818,5.229650974273682,5.42094612121582,5.166644096374512,5.261455535888672,5.086135387420654,4.83479642868042,4.760161399841309,4.475417137145996,4.522575378417969,4.309598445892334,4.281342506408691,4.192806243896484,4.028754234313965
B6,2.564689874649048,2.513124465942383,2.3554892539978027,2.3182356357574463,2.1079416275024414,2.277672052383423,2.0968620777130127,2.438650131225586,2.4896175861358643,2.4695489406585693,2.5071868896484375,2.2744853496551514,2.544954776763916,2.3965342044830322,2.6962451934814453,1.5072377920150757,1.231567621231079,0.8861833214759827,0.640219509601593,0.4000084102153778,0.0,0.3893981873989105,0.6202948093414307,0.8542152643203735,1.0991853475570679,1.0888878107070923,1.3714576959609985,1.48848295211792,1.694297194480896,1.9406474828720093,3.0103323459625244,2.98895525932312,2.6551084518432617,2.7553160190582275,2.577392101287842,2.4382426738739014,2.5164196491241455,2.2391436100006104,2.1461760997772217,2.3280975818634033,2.2358858585357666,2.3825650215148926,2.515017032623291,2.6028952598571777,2.868311882019043,4.180087566375732,4.140188694000244,3.846803665161133,3.965237855911255,3.667124032974243,3.6720337867736816,3.519878387451172,3.228616237640381,3.2543840408325195,3.0063886642456055,3.1342883110046387,3.182941198348999,3.1566081047058105,3.38126802444458,3.365461587905884,5.513404846191406,5.459325790405273,5.2243170738220215,5.390729904174805,5.1182146072387695,5.187107086181641,4.99035120010376,4.7189249992370605,4.634380340576172,4.352668285369873,4.411886215209961,4.226524829864502,4.193160533905029,4.136534214019775,3.9725537300109863
B7,2.658259868621826,2.6068403720855713,2.489210844039917,2.4122018814086914,2.2376062870025635,2.377795934677124,2.2102553844451904,2.5691604614257812,2.596179962158203,2.619218111038208,2.6442811489105225,2.444053888320923,2.723526954650879,2.5933375358581543,2.9200196266174316,1.825305461883545,1.536147117614746,1.2018272876739502,0.9587751626968384,0.6280719637870789,0.3893981873989105,0.0,0.37180864810943604,0.7056481242179871,0.9365415573120117,0.9875672459602356,1.332118034362793,1.448594331741333,1.7250808477401733,1.9433562755584717,2.7826311588287354,2.7298436164855957,2.379473924636841,2.450944423675537,2.2822561264038086,2.114906072616577,2.2099242210388184,1.9424853324890137,1.896154761314392,2.1266469955444336,2.064422607421875,2.2652904987335205,2.404601812362671,2.5468523502349854,2.803724765777588,4.008578777313232,3.95357608795166,3.6446120738983154,3.7532224655151367,3.4483375549316406,3.463153123855591,3.302252769470215,3.0248782634735107,3.088106393814087,2.866767644882202,3.03680682182312,3.09604811668396,3.1172707080841064,3.3517282009124756,3.3802809715270996,5.424313545227051,5.352632522583008,5.1061110496521,5.268417835235596,5.0010666847229,5.068533420562744,4.875385761260986,4.600372314453125,4.540958404541016,4.279633522033691,4.3712358474731445,4.20256233215332,4.2019429206848145,4.1656341552734375,4.034379959106445
B8,2.5481081008911133,2.4541666507720947,2.3362715244293213,2.207803964614868,2.0353684425354004,2.130493640899658,1.9566118717193604,2.317017078399658,2.320382833480835,2.3749754428863525,2.3967065811157227,2.2333803176879883,2.529486894607544,2.4383983612060547,2.7897398471832275,2.009246826171875,1.7681752443313599,1.4006785154342651,1.228578805923462,0.8902418613433838,0.6202948093414307,0.37180864810943604,0.0,0.3823661208152771,0.6802999973297119,0.8607221841812134,1.1835461854934692,1.3817838430404663,1.6674696207046509,1.9225343465805054,2.7839195728302,2.6885087490081787,2.328021287918091,2.352029800415039,2.134208917617798,1.9386005401611328,1.9757099151611328,1.674132227897644,1.5927274227142334,1.818108081817627,1.7931324243545532,1.9918991327285767,2.1735944747924805,2.3319902420043945,2.614312171936035,3.8283932209014893,3.744892120361328,3.4251537322998047,3.505978584289551,3.1858716011047363,3.1731369495391846,2.9935920238494873,2.7021255493164062,2.753725290298462,2.545651435852051,2.720428943634033,2.8077657222747803,2.8402249813079834,3.098466396331787,3.1454145908355713,5.156485080718994,5.070399761199951,4.812281608581543,4.959641456604004,4.683011054992676,4.737555503845215,4.535464286804199,4.253119945526123,4.191653728485107,3.934326410293579,4.035331726074219,3.8811562061309814,3.8873772621154785,3.870169162750244,3.75177001953125
B9,2.641958713531494,2.494335174560547,2.3444879055023193,2.1697027683258057,1.96318519115448,1.9961146116256714,1.7755106687545776,2.1104984283447266,2.0616726875305176,2.111121892929077,2.0941805839538574,1.9412773847579956,2.226825475692749,2.1478941440582275,2.514521598815918,2.023921251296997,1.8427786827087402,1.462206244468689,1.3892186880111694,1.0531160831451416,0.8542152643203735,0.7056481242179871,0.3823661208152771,0.0,0.3729027509689331,0.6435103416442871,0.8966261744499207,1.1666735410690308,1.4337555170059204,1.7226426601409912,2.7095608711242676,2.598811149597168,2.248717784881592,2.259049892425537,1.9934804439544678,1.8180227279663086,1.7983145713806152,1.4783564805984497,1.328170895576477,1.5010173320770264,1.4644675254821777,1.6328294277191162,1.8329288959503174,1.9814412593841553,2.2818105220794678,3.5488665103912354,3.45617938041687,3.1409687995910645,3.213897466659546,2.8928678035736084,2.8637824058532715,2.6891613006591797,2.3871471881866455,2.4149630069732666,2.189537525177002,2.3488824367523193,2.435168981552124,2.4601612091064453,2.7235031127929688,2.77278208732605,4.791991233825684,4.707951068878174,4.4516496658325195,4.599226951599121,4.320696830749512,4.37819242477417,4.178361892700195,3.901561737060547,3.836561441421509,3.573995590209961,3.668718099594116,3.506483793258667,3.516425371170044,3.4951226711273193,3.3844027519226074
B10,2.993354320526123,2.8273682594299316,2.666210174560547,2.468944787979126,2.246326208114624,2.235551118850708,1.9801536798477173,2.2805964946746826,2.172837734222412,2.2030882835388184,2.121382474899292,1.9611865282058716,2.2015740871429443,2.0979795455932617,2.466890335083008,2.063828468322754,1.9073015451431274,1.549281120300293,1.537468671798706,1.1842288970947266,1.0991853475570679,0.9365415573120117,0.6802999973297119,0.3729027509689331,0.0,0.3755066692829132,0.6051375865936279,0.8713845610618591,1.1674220561981201,1.4314998388290405,2.399044990539551,2.2858123779296875,1.9492511749267578,1.9693933725357056,1.6897385120391846,1.5596115589141846,1.5409692525863647,1.2495179176330566,1.0909148454666138,1.2372654676437378,1.1434884071350098,1.3298218250274658,1.4937111139297485,1.6609128713607788,1.9412778615951538,3.1835873126983643,3.101440191268921,2.7928411960601807,2.884490489959717,2.5768215656280518,2.5729708671569824,2.42763352394104,2.1464991569519043,2.1945724487304688,1.948334813117981,2.118842601776123,2.165093421936035,2.210885524749756,2.450845718383789,2.5207247734069824,4.492706298828125,4.416656970977783,4.169985294342041,4.336065292358398,4.074209690093994,4.1546478271484375,3.976731300354004,3.7185726165771484,3.6765382289886475,3.422046661376953,3.5231430530548096,3.343242883682251,3.3812780380249023,3.3434994220733643,3.258988857269287
B11,3.2442495822906494,3.0875205993652344,2.9020354747772217,2.731567144393921,2.479654312133789,2.4843051433563232,2.2026591300964355,2.4818294048309326,2.3651840686798096,2.3404154777526855,2.223543405532837,2.0102531909942627,2.2026193141937256,2.036176919937134,2.3797333240509033,1.8059711456298828,1.6606624126434326,1.3368300199508667,1.3800426721572876,1.041287899017334,1.0888878107070923,0.9875672459602356,0.8607221841812134,0.6435103416442871,0.3755066692829132,0.0,0.3773513436317444,0.5339533090591431,0.8494226932525635,1.092381477355957,2.214341402053833,2.155806064605713,1.8461227416992188,1.9386346340179443,1.6950185298919678,1.6442471742630005,1.6810004711151123,1.4489920139312744,1.313532829284668,1.4160361289978027,1.2263001203536987,1.382107138633728,1.4550049304962158,1.5791162252426147,1.8189334869384766,3.0966410636901855,3.058978796005249,2.77665638923645,2.914497137069702,2.6390511989593506,2.67515230178833,2.5753660202026367,2.320460319519043,2.3719165325164795,2.090336799621582,2.2357189655303955,2.2181813716888428,2.239302158355713,2.429954767227173,2.4720773696899414,4.489469051361084,4.44146728515625,4.219282150268555,4.413397312164307,4.170624256134033,4.279032230377197,4.123611927032471,3.8882501125335693,3.851407289505005,3.5904417037963867,3.670922040939331,3.4586055278778076,3.493712902069092,3.417407989501953,3.3243937492370605
B12,3.401926279067993,3.211740016937256,2.99637770652771,2.808283567428589,2.5271782875061035,2.4905471801757812,2.1728971004486084,2.4042391777038574,2.2414698600769043,2.1831459999084473,2.0129482746124268,1.7910319566726685,1.9366225004196167,1.7562594413757324,2.095850944519043,1.8192905187606812,1.7516299486160278,1.4505133628845215,1.583144187927246,1.2959526777267456,1.3714576959609985,1.332118034362793,1.1835461854934692,0.8966261744499207,0.6051375865936279,0.3773513436317444,0.0,0.3772292733192444,0.5802577137947083,0.886461079120636,2.2551169395446777,2.2040770053863525,1.9323352575302124,2.0295939445495605,1.757224440574646,1.7581003904342651,1.7448704242706299,1.5283474922180176,1.329661250114441,1.3252519369125366,1.0724915266036987,1.1371756792068481,1.180562973022461,1.2453614473342896,1.4970000982284546,2.888333559036255,2.8587558269500732,2.5984907150268555,2.7432594299316406,2.4842848777770996,2.511928081512451,2.4388465881347656,2.1853256225585938,2.1998751163482666,1.8827917575836182,1.9832403659820557,1.93051278591156,1.9179799556732178,2.088467836380005,2.1105690002441406,4.181583881378174,4.149519443511963,3.940925359725952,4.144834041595459,3.9061591625213623,4.026944637298584,3.881747007369995,3.663011074066162,3.618917942047119,3.348215103149414,3.4063639640808105,3.1707921028137207,3.2021355628967285,3.1020772457122803,3.0090229511260986
B13,3.7103078365325928,3.538421154022217,3.322699546813965,3.153360605239868,2.8690683841705322,2.8498194217681885,2.530731678009033,2.757969379425049,2.596095085144043,2.5139684677124023,2.3262925148010254,2.078134059906006,2.180213689804077,1.9511698484420776,2.2538933753967285,1.7455835342407227,1.6736692190170288,1.4340811967849731,1.5873005390167236,1.3173792362213135,1.48848295211792,1.448594331741333,1.3817838430404663,1.1666735410690308,0.8713845610618591,0.5339533090591431,0.3772292733192444,0.0,0.3774016499519348,0.5615555644035339,1.98930823802948,1.9908336400985718,1.7514957189559937,1.9149996042251587,1.6966426372528076,1.7662780284881592,1.8202413320541382,1.669433355331421,1.531585693359375,1.537244200706482,1.237496018409729,1.318831205368042,1.2539446353912354,1.3059736490249634,1.4716570377349854,2.786125898361206,2.80275559425354,2.5664360523223877,2.757863998413086,2.5346295833587646,2.6146509647369385,2.583885669708252,2.371253728866577,2.417882204055786,2.095916509628296,2.2004737854003906,2.090954065322876,2.0869715213775635,2.1996161937713623,2.2178993225097656,4.23162841796875,4.220762252807617,4.034271717071533,4.264739036560059,4.0523176193237305,4.200432777404785,4.081750392913818,3.88533616065979,3.8619017601013184,3.6004178524017334,3.656791925430298,3.403358221054077,3.4487085342407227,3.3234877586364746,3.23988676071167
