,A1,A2,A3,A4,A5,A6,A7,A8,A9,A10,A11,A12,A13,A14,A15,B1,B2,B3,B4,B5,B6,B7,B8,B9,B10,B11,B12,B13,B14,B15,C1,C2,C3,C4,C5,C6,C7,C8,C9,C10,C11,C12,C13,C14,C15,D1,D2,D3,D4,D5,D6,D7,D8,D9,D10,D11,D12,D13,D14,D15,E1,E2,E3,E4,E5,E6,E7,E8,E9,E10,E11,E12,E13,E14,E15
A1,0.0,0.38333630561828613,0.6021382212638855,0.9263479113578796,1.0682278871536255,1.403383493423462,1.733688235282898,1.9486302137374878,2.2382936477661133,2.513353109359741,2.82041597366333,3.0751049518585205,3.414921998977661,3.587303876876831,3.953310251235962,2.678406000137329,2.4276108741760254,2.065312623977661,1.8532178401947021,1.590600848197937,1.6250061988830566,1.950929045677185,2.095961093902588,2.3878068923950195,2.649299144744873,2.965181589126587,3.2644665241241455,3.605046510696411,3.82218861579895,4.184335708618164,2.9667601585388184,2.583904504776001,2.3574330806732178,2.066478967666626,1.809757947921753,1.882245659828186,1.9771919250488281,2.1268973350524902,2.47756290435791,2.643430709838867,3.004241466522217,3.2550160884857178,3.570728063583374,3.857174873352051,4.131733417510986,3.4633779525756836,3.1160950660705566,2.7439279556274414,2.441187858581543,2.1694743633270264,2.2029922008514404,2.1892664432525635,2.311163902282715,2.6168277263641357,2.7267889976501465,3.079315185546875,3.242485523223877,3.6121737957000732,3.8139145374298096,4.166349411010742,4.082324981689453,3.7435731887817383,3.3623454570770264,3.0233263969421387,2.650040626525879,2.466121196746826,2.4774656295776367,2.643400192260742,2.8397254943847656,2.854275941848755,3.1580810546875,3.159686326980591,3.535392999649048,3.5215330123901367,3.9165360927581787
A2,0.38333630561828613,0.0,0.38168013095855713,0.5868447422981262,0.7958885431289673,1.0854843854904175,1.417242169380188,1.675853967666626,1.9483742713928223,2.2479164600372314,2.5568668842315674,2.8095004558563232,3.157241106033325,3.3145062923431396,3.6807854175567627,2.3084774017333984,2.0483109951019287,1.6876565217971802,1.47019624710083,1.2119901180267334,1.2747344970703125,1.619721531867981,1.7806434631347656,2.0910263061523438,2.358992576599121,2.6929638385772705,2.983440399169922,3.329941749572754,3.5265092849731445,3.8919432163238525,2.6093175411224365,2.226543664932251,2.0213449001312256,1.7452236413955688,1.4911302328109741,1.6102677583694458,1.6938865184783936,1.8887931108474731,2.2162539958953857,2.413994312286377,2.7561872005462646,3.0262768268585205,3.3220338821411133,3.616536855697632,3.872689723968506,3.168607473373413,2.83723783493042,2.466599225997925,2.1845767498016357,1.9160486459732056,1.9979361295700073,1.9655654430389404,2.1294076442718506,2.4074928760528564,2.5485565662384033,2.882986545562744,3.0676236152648926,3.425199031829834,3.637800931930542,3.9853460788726807,3.901590585708618,3.571958065032959,3.2018074989318848,2.866316795349121,2.5003883838653564,2.3365426063537598,2.327143430709839,2.5285327434539795,2.6908202171325684,2.7364888191223145,3.0219478607177734,3.0510191917419434,3.423250198364258,3.428936004638672,3.828221559524536
A3,0.6021382212638855,0.38168013095855713,0.0,0.3891068398952484,0.512535035610199,0.8631022572517395,1.1573688983917236,1.3705494403839111,1.6413570642471313,1.9286075830459595,2.226125478744507,2.491546869277954,2.8282248973846436,3.006199359893799,3.367920160293579,2.2887351512908936,2.0195960998535156,1.6483749151229858,1.4430131912231445,1.1210047006607056,1.0962541103363037,1.3899849653244019,1.5016603469848633,1.7983320951461792,2.048488140106201,2.3702197074890137,2.663518190383911,3.007660388946533,3.220777988433838,3.5841012001037598,2.584975481033325,2.198975086212158,1.987931728363037,1.6776632070541382,1.3649799823760986,1.4304434061050415,1.448021650314331,1.596122145652771,1.9248437881469727,2.0867960453033447,2.4373698234558105,2.6864166259765625,2.9977383613586426,3.2802610397338867,3.5511107444763184,3.1018664836883545,2.772132396697998,2.4100661277770996,2.1031618118286133,1.7912119626998901,1.837250828742981,1.743088722229004,1.8659679889678955,2.1257998943328857,2.232017993927002,2.562361240386963,2.723889112472534,3.087848663330078,3.2852118015289307,3.6414928436279297,3.7720232009887695,3.4594192504882812,3.0882925987243652,2.7657737731933594,2.390876054763794,2.1880366802215576,2.1240930557250977,2.294736623764038,2.426466703414917,2.441312074661255,2.7086403369903564,2.7160141468048096,3.081576108932495,3.072629451751709,3.4708125591278076
A4,0.9263479113578796,0.5868447422981262,0.3891068398952484,0.0,0.3819333612918854,0.5882076025009155,0.8634000420570374,1.1496782302856445,1.3823165893554688,1.7075403928756714,2.0015690326690674,2.2654366493225098,2.6096341609954834,2.7682831287384033,3.128300666809082,1.9326817989349365,1.6477322578430176,1.2824928760528564,1.0670335292816162,0.7343024611473083,0.7344780564308167,1.0567693710327148,1.1955041885375977,1.5184204578399658,1.7805110216140747,2.125122308731079,2.407485008239746,2.757021427154541,2.9436275959014893,3.310166120529175,2.2266640663146973,1.843622088432312,1.6621150970458984,1.3745357990264893,1.065759539604187,1.196179986000061,1.1910157203674316,1.4047771692276,1.6934443712234497,1.900360345840454,2.2211883068084717,2.496103525161743,2.7778778076171875,3.071049928665161,3.3163530826568604,2.8126723766326904,2.505404472351074,2.1507058143615723,1.8754425048828125,1.574661374092102,1.6829274892807007,1.5668352842330933,1.7440801858901978,1.9614239931106567,2.109407901763916,2.4112539291381836,2.600944757461548,2.9446327686309814,3.1561148166656494,3.5019044876098633,3.6109912395477295,3.311096668243408,2.9576330184936523,2.644171714782715,2.2867729663848877,2.115293502807617,2.0310487747192383,2.2421834468841553,2.331639051437378,2.387657642364502,2.629295587539673,2.673264265060425,3.029651641845703,3.0472147464752197,3.445176601409912
A5,1.0682278871536255,0.7958885431289673,0.512535035610199,0.3819333612918854,0.0,0.38424453139305115,0.6849045753479004,0.8873271346092224,1.1943297386169434,1.4629182815551758,1.7915090322494507,2.0231940746307373,2.3758411407470703,2.5281801223754883,2.8972458839416504,1.9512425661087036,1.7131260633468628,1.3373870849609375,1.2241134643554688,0.9046971797943115,0.8940231204032898,1.131832242012024,1.1416629552841187,1.4847972393035889,1.6711262464523315,2.025855302810669,2.27276349067688,2.640946865081787,2.823169708251953,3.1969528198242188,2.444000482559204,2.072589635848999,1.929160475730896,1.6510573625564575,1.3192076683044434,1.418384075164795,1.313730239868164,1.4661359786987305,1.7246757745742798,1.8685587644577026,2.18550181388855,2.4139459133148193,2.7170968055725098,2.9783689975738525,3.2432668209075928,3.065387487411499,2.7744944095611572,2.4340357780456543,2.158543825149536,1.8364462852478027,1.918823003768921,1.737656831741333,1.860870122909546,2.0369882583618164,2.125504970550537,2.407010078430176,2.5459983348846436,2.8976175785064697,3.0691587924957275,3.4355475902557373,3.8448214530944824,3.5624122619628906,3.212085247039795,2.912221908569336,2.5524630546569824,2.34971022605896,2.2159786224365234,2.383716344833374,2.434244394302368,2.4395751953125,2.6469058990478516,2.6434032917022705,2.981314182281494,2.956242322921753,3.347456216812134
A6,1.403383493423462,1.0854843854904175,0.8631022572517395,0.5882076025009155,0.38424453139305115,0.0,0.3742552101612091,0.6638942956924438,0.9528571963310242,1.2348477840423584,1.5780084133148193,1.7787636518478394,2.1462461948394775,2.2618253231048584,2.633526086807251,1.6074748039245605,1.3861790895462036,1.0203578472137451,0.981364369392395,0.7113723158836365,0.7609167695045471,0.9599092602729797,0.9252967834472656,1.3080872297286987,1.4595041275024414,1.8455842733383179,2.052088737487793,2.433776617050171,2.574261426925659,2.954127311706543,2.22208833694458,1.8708049058914185,1.7905066013336182,1.5639687776565552,1.2604087591171265,1.4152858257293701,1.2584519386291504,1.452201247215271,1.6361228227615356,1.8022632598876953,2.070838212966919,2.3054325580596924,2.5759785175323486,2.8326330184936523,3.0714545249938965,2.939117431640625,2.684690475463867,2.3645286560058594,2.1341657638549805,1.834307312965393,1.968775987625122,1.759209394454956,1.9157531261444092,2.0293002128601074,2.1395275592803955,2.3753812313079834,2.5235531330108643,2.84909987449646,3.018434762954712,3.3763084411621094,3.8451952934265137,3.5820558071136475,3.254403829574585,2.9703261852264404,2.6336870193481445,2.458653688430786,2.3014776706695557,2.4919559955596924,2.4928133487701416,2.523834466934204,2.691925048828125,2.7101049423217773,3.0268969535827637,3.0145511627197266,3.397481918334961
A7,1.733688235282898,1.417242169380188,1.1573688983917236,0.8634000420570374,0.6849045753479004,0.3742552101612091,0.0,0.38384759426116943,0.5903570055961609,0.9026878476142883,1.2259302139282227,1.4398497343063354,1.8011747598648071,1.9236257076263428,2.2882931232452393,1.555819034576416,1.3328497409820557,1.0205134153366089,1.0146101713180542,0.7656692862510681,0.7153573036193848,0.7553333640098572,0.6046128273010254,0.9885668754577637,1.0983043909072876,1.492415189743042,1.6826667785644531,2.0667896270751953,2.2003414630889893,2.580610513687134,2.111222982406616,1.7851393222808838,1.7297886610031128,1.517486810684204,1.2154784202575684,1.3392637968063354,1.097497820854187,1.263526201248169,1.3750344514846802,1.525215744972229,1.7576777935028076,1.9827888011932373,2.2379982471466064,2.486532211303711,2.7167773246765137,2.7980222702026367,2.5698082447052,2.2795403003692627,2.0648281574249268,1.7639408111572266,1.8953931331634521,1.6337298154830933,1.7747342586517334,1.821191668510437,1.9207804203033447,2.1134936809539795,2.254566192626953,2.5599758625030518,2.7216567993164062,3.073431968688965,3.7009057998657227,3.46517014503479,3.1571590900421143,2.8990046977996826,2.581850528717041,2.4062533378601074,2.204378128051758,2.3834102153778076,2.3284504413604736,2.3597261905670166,2.4836537837982178,2.508737802505493,2.801429510116577,2.7967348098754883,3.168879747390747
A8,1.9486302137374878,1.675853967666626,1.3705494403839111,1.1496782302856445,0.8873271346092224,0.6638942956924438,0.38384759426116943,0.0,0.3934672772884369,0.5820280909538269,0.9405407309532166,1.1376516819000244,1.498199701309204,1.6411845684051514,2.01008939743042,1.8031047582626343,1.6243617534637451,1.345131278038025,1.382942795753479,1.144139051437378,1.0407977104187012,0.9761056900024414,0.6846891045570374,0.9846144318580627,0.967899739742279,1.3367016315460205,1.486588478088379,1.8783235549926758,2.0239503383636475,2.4029369354248047,2.3991992473602295,2.093668222427368,2.042086362838745,1.8211363554000854,1.5050569772720337,1.5601553916931152,1.2576789855957031,1.31815505027771,1.3873265981674194,1.4381184577941895,1.6559240818023682,1.8117331266403198,2.091012954711914,2.297287702560425,2.553251266479492,3.027894973754883,2.809807062149048,2.5392167568206787,2.312338352203369,1.9934667348861694,2.075220823287964,1.766675591468811,1.834573745727539,1.8365544080734253,1.8603883981704712,2.021388530731201,2.098982810974121,2.405215263366699,2.5202865600585938,2.888385534286499,3.835458278656006,3.6208629608154297,3.317826747894287,3.0784311294555664,2.7624623775482178,2.5545008182525635,2.309828042984009,2.4347879886627197,2.341648578643799,2.3179008960723877,2.399243116378784,2.375356435775757,2.6390910148620605,2.594099283218384,2.951707124710083
A9,2.2382936477661133,1.9483742713928223,1.6413570642471313,1.3823165893554688,1.1943297386169434,0.9528571963310242,0.5903570055961609,0.3934672772884369,0.0,0.39437422156333923,0.6423963904380798,0.9063620567321777,1.2401336431503296,1.4062172174453735,1.7533315420150757,1.806729793548584,1.6137512922286987,1.402524709701538,1.4291938543319702,1.2213785648345947,1.0566980838775635,0.8512043356895447,0.47263357043266296,0.6714867353439331,0.5834910273551941,0.9653447270393372,1.1129679679870605,1.504072666168213,1.6483699083328247,2.027414083480835,2.2350337505340576,1.9641064405441284,1.9296528100967407,1.7328661680221558,1.4467289447784424,1.4722723960876465,1.121602177619934,1.1537566184997559,1.1202332973480225,1.1648327112197876,1.3225579261779785,1.484570860862732,1.731881022453308,1.9438104629516602,2.18033504486084,2.7996585369110107,2.610924482345581,2.3771300315856934,2.1758389472961426,1.8753364086151123,1.9589325189590454,1.6216686964035034,1.684889554977417,1.6118048429489136,1.6433037519454956,1.7482504844665527,1.8381690979003906,2.110508918762207,2.2345755100250244,2.584165573120117,3.6005656719207764,3.414217948913574,3.1372592449188232,2.927241086959839,2.641310214996338,2.449002742767334,2.1750245094299316,2.2990283966064453,2.1524312496185303,2.150029182434082,2.186523675918579,2.193618059158325,2.431396722793579,2.417834758758545,2.762268543243408
A10,2.513353109359741,2.2479164600372314,1.9286075830459595,1.7075403928756714,1.4629182815551758,1.2348477840423584,0.9026878476142883,0.5820280909538269,0.39437422156333923,0.0,0.39844486117362976,0.5630431771278381,0.9162307977676392,1.0811657905578613,1.4404189586639404,2.01448917388916,1.8806359767913818,1.6934794187545776,1.7773573398590088,1.5920436382293701,1.4482684135437012,1.2397788763046265,0.8537144064903259,0.9536840319633484,0.7007835507392883,0.9886017441749573,1.013862133026123,1.4063175916671753,1.5281291007995605,1.9000300168991089,2.5623021125793457,2.315910816192627,2.3047103881835938,2.1201539039611816,1.8380318880081177,1.844120979309082,1.4803110361099243,1.4502912759780884,1.37382173538208,1.319103717803955,1.4216365814208984,1.4817166328430176,1.7285364866256714,1.870031714439392,2.11883544921875,3.121398448944092,2.952634811401367,2.738201856613159,2.542266368865967,2.2417476177215576,2.3009350299835205,1.9452366828918457,1.9573627710342407,1.8446155786514282,1.8062947988510132,1.8591879606246948,1.8720500469207764,2.1234641075134277,2.1822006702423096,2.5397439002990723,3.874993324279785,3.710588216781616,3.4445111751556396,3.25192928314209,2.9726459980010986,2.764061689376831,2.4659721851348877,2.546884775161743,2.3681676387786865,2.3180530071258545,2.304015636444092,2.2612812519073486,2.4528372287750244,2.393244981765747,2.7083659172058105
A11,2.82041597366333,2.5568668842315674,2.226125478744507,2.0015690326690674,1.7915090322494507,1.5780084133148193,1.2259302139282227,0.9405407309532166,0.6423963904380798,0.39844486117362976,0.0,0.3993742763996124,0.6291275024414062,0.8812854290008545,1.1874160766601562,2.2408180236816406,2.098912239074707,1.9574741125106812,2.019010305404663,1.841942310333252,1.6511225700378418,1.3674070835113525,0.9866307973861694,0.9206937551498413,0.5534031391143799,0.6913873553276062,0.6452881097793579,1.0234549045562744,1.168593168258667,1.5298280715942383,2.6150195598602295,2.4041926860809326,2.3934977054595947,2.2205517292022705,1.9620683193206787,1.9202016592025757,1.53812575340271,1.444346308708191,1.2772780656814575,1.1526012420654297,1.1639301776885986,1.1601752042770386,1.3791139125823975,1.4890623092651367,1.7360349893569946,3.0608644485473633,2.918161392211914,2.744061231613159,2.5627012252807617,2.278136730194092,2.3113603591918945,1.9372137784957886,1.910209059715271,1.7246670722961426,1.6520837545394897,1.628235936164856,1.6100475788116455,1.81577730178833,1.8527884483337402,2.1942527294158936,3.72816801071167,3.598224401473999,3.3591039180755615,3.201875686645508,2.952509880065918,2.7471230030059814,2.420360565185547,2.4718070030212402,2.240266799926758,2.183147668838501,2.107997417449951,2.070366859436035,2.2145397663116455,2.1679584980010986,2.454747200012207
A12,3.0751049518585205,2.8095004558563232,2.491546869277954,2.2654366493225098,2.0231940746307373,1.7787636518478394,1.4398497343063354,1.1376516819000244,0.9063620567321777,0.5630431771278381,0.3993742763996124,0.0,0.38585200905799866,0.5264450311660767,0.8795937299728394,2.2721498012542725,2.196096420288086,2.085191011428833,2.2151005268096924,2.081326484680176,1.9434067010879517,1.6845605373382568,1.3019298315048218,1.280705213546753,0.9036861658096313,1.0128018856048584,0.8136105537414551,1.1479504108428955,1.1827800273895264,1.5243985652923584,2.825491189956665,2.6385910511016846,2.673214912414551,2.5325584411621094,2.2893259525299072,2.282367467880249,1.9049855470657349,1.837221622467041,1.6617717742919922,1.5405199527740479,1.50872802734375,1.4568543434143066,1.6231340169906616,1.6644628047943115,1.875746726989746,3.3499908447265625,3.233675718307495,3.0698659420013428,2.9125328063964844,2.640679121017456,2.695037364959717,2.3253488540649414,2.308684825897217,2.1153745651245117,2.0371901988983154,1.9846997261047363,1.9349427223205566,2.1036088466644287,2.0925445556640625,2.4165213108062744,4.081789016723633,3.9635186195373535,3.7357189655303955,3.583393096923828,3.3400087356567383,3.1422131061553955,2.8172781467437744,2.869140386581421,2.6299264430999756,2.5657765865325928,2.469028949737549,2.4133975505828857,2.5235517024993896,2.4505631923675537,2.7047414779663086
A13,3.414921998977661,3.157241106033325,2.8282248973846436,2.6096341609954834,2.3758411407470703,2.1462461948394775,1.8011747598648071,1.498199701309204,1.2401336431503296,0.9162307977676392,0.6291275024414062,0.38585200905799866,0.0,0.36831867694854736,0.590889573097229,2.5905752182006836,2.518268585205078,2.433194398880005,2.5528624057769775,2.4204936027526855,2.2570414543151855,1.9648274183273315,1.591597318649292,1.4895133972167969,1.0887645483016968,1.0514878034591675,0.7508835792541504,0.9704200625419617,0.982387900352478,1.2694764137268066,3.0454022884368896,2.8868491649627686,2.9222300052642822,2.7886345386505127,2.558852195739746,2.5186641216278076,2.1364428997039795,2.0230867862701416,1.8014428615570068,1.6234561204910278,1.5174317359924316,1.3771450519561768,1.4927685260772705,1.4527140855789185,1.6486485004425049,3.4810492992401123,3.3877758979797363,3.2564051151275635,3.1090948581695557,2.8489391803741455,2.8786661624908447,2.5011963844299316,2.4477877616882324,2.2086145877838135,2.091247081756592,1.9727237224578857,1.8721481561660767,1.9816396236419678,1.917988657951355,2.2138304710388184,4.122469425201416,4.036785125732422,3.83318829536438,3.7114405632019043,3.491780996322632,3.292969226837158,2.9491117000579834,2.9677233695983887,2.6916861534118652,2.6089730262756348,2.456810474395752,2.38814640045166,2.4388575553894043,2.3587844371795654,2.5657176971435547
A14,3.587303876876831,3.3145062923431396,3.006199359893799,2.7682831287384033,2.5281801223754883,2.2618253231048584,1.9236257076263428,1.6411845684051514,1.4062172174453735,1.0811657905578613,0.8812854290008545,0.5264450311660767,0.36831867694854736,0.0,0.38315796852111816,2.5058343410491943,2.487130641937256,2.4391212463378906,2.610835313796997,2.525162935256958,2.409240484237671,2.135810613632202,1.768650770187378,1.7100567817687988,1.314850091934204,1.3266948461532593,0.9912399649620056,1.1937220096588135,1.0856986045837402,1.3492308855056763,3.0934946537017822,2.959088087081909,3.0393154621124268,2.9423506259918213,2.734541177749634,2.737001419067383,2.3618240356445312,2.294332981109619,2.0677788257598877,1.9338370561599731,1.8145902156829834,1.7017443180084229,1.7716577053070068,1.723036766052246,1.8621654510498047,3.6185054779052734,3.5503690242767334,3.425948143005371,3.307877540588379,3.0652647018432617,3.130676507949829,2.7625839710235596,2.7442266941070557,2.5071277618408203,2.4213509559631348,2.301140785217285,2.2214114665985107,2.3128597736358643,2.2512621879577637,2.5236740112304688,4.370359420776367,4.287530422210693,4.092994213104248,3.9691715240478516,3.7550907135009766,3.5748980045318604,3.2414944171905518,3.285400152206421,3.012110948562622,2.951108694076538,2.8036139011383057,2.749580144882202,2.7990665435791016,2.723973274230957,2.9220240116119385
A15,3.953310251235962,3.6807854175567627,3.367920160293579,3.128300666809082,2.8972458839416504,2.633526086807251,2.2882931232452393,2.01008939743042,1.7533315420150757,1.4404189586639404,1.1874160766601562,0.8795937299728394,0.590889573097229,0.38315796852111816,0.0,2.8021841049194336,2.792497158050537,2.7730088233947754,2.941570997238159,2.8657219409942627,2.737346649169922,2.441363573074341,2.0848374366760254,1.9773527383804321,1.5773158073425293,1.505233883857727,1.122802734375,1.199770212173462,1.0269094705581665,1.1899890899658203,3.3132612705230713,3.21048641204834,3.300452947616577,3.2188832759857178,3.0291991233825684,3.0148415565490723,2.6400227546691895,2.550455331802368,2.2893106937408447,2.1301467418670654,1.9536000490188599,1.7894630432128906,1.7944751977920532,1.675595998764038,1.7646690607070923,3.7751080989837646,3.735196590423584,3.642449378967285,3.542246103286743,3.316516637802124,3.371485710144043,3.0026798248291016,2.966439962387085,2.6952528953552246,2.5923714637756348,2.4208552837371826,2.313544750213623,2.3447980880737305,2.2450125217437744,2.471932888031006,4.474390983581543,4.4224324226379395,4.254115581512451,4.1576385498046875,3.967982053756714,3.794945478439331,3.45135760307312,3.4767847061157227,3.175956964492798,3.1107218265533447,2.921541690826416,2.867426872253418,2.8671605587005615,2.795189619064331,2.946868658065796
B1,2.678406000137329,2.3084774017333984,2.2887351512908936,1.9326817989349365,1.9512425661087036,1.6074748039245605,1.555819034576416,1.8031047582626343,1.806729793548584,2.01448917388916,2.2408180236816406,2.2721498012542725,2.5905752182006836,2.5058343410491943,2.8021841049194336,0.0,0.3840474486351013,0.6583358645439148,0.9998094439506531,1.3163464069366455,1.5959752798080444,1.6805938482284546,1.7208223342895508,1.994709849357605,2.0655133724212646,2.420746326446533,2.457608222961426,2.7824840545654297,2.706143856048584,3.0379645824432373,1.6022417545318604,1.4782774448394775,1.7381712198257446,1.863370656967163,1.8731168508529663,2.198911190032959,2.1026620864868164,2.420790910720825,2.3931875228881836,2.6666948795318604,2.7338407039642334,3.0061469078063965,3.0863771438598633,3.331540584564209,3.4044342041015625,2.753892421722412,2.6848762035369873,2.483476161956787,2.5093700885772705,2.420081853866577,2.735288143157959,2.5971879959106445,2.8869192600250244,2.872612237930298,3.103398323059082,3.2050423622131348,3.4249625205993652,3.6246509552001953,3.8193843364715576,4.090815544128418,4.200693130493164,3.991286039352417,3.7700788974761963,3.5402021408081055,3.3250274658203125,3.3119564056396484,3.1954896450042725,3.487537384033203,3.415555000305176,3.5780115127563477,3.6734304428100586,3.8031203746795654,4.062932968139648,4.130585193634033,4.476025104522705
B2,2.4276108741760254,2.0483109951019287,2.0195960998535156,1.6477322578430176,1.7131260633468628,1.3861790895462036,1.3328497409820557,1.6243617534637451,1.6137512922286987,1.8806359767913818,2.098912239074707,2.196096420288086,2.518268585205078,2.487130641937256,2.792497158050537,0.3840474486351013,0.0,0.38281044363975525,0.646470844745636,0.9782050848007202,1.2496918439865112,1.3479951620101929,1.4458715915679932,1.7183667421340942,1.8493077754974365,2.2062594890594482,2.2989730834960938,2.6222798824310303,2.5903780460357666,2.9291086196899414,1.327937364578247,1.1448243856430054,1.3722399473190308,1.48069429397583,1.494274616241455,1.8262242078781128,1.7538273334503174,2.089141368865967,2.081912040710449,2.380722999572754,2.4698898792266846,2.769644260406494,2.8618080615997314,3.13393235206604,3.219513416290283,2.4425411224365234,2.3433563709259033,2.1228559017181396,2.132185697555542,2.039245367050171,2.3575191497802734,2.2334225177764893,2.5357491970062256,2.5396876335144043,2.7893881797790527,2.9108290672302246,3.152535915374756,3.361974000930786,3.5795350074768066,3.8501806259155273,3.850659132003784,3.630330801010132,3.3994297981262207,3.163106679916382,2.9434666633605957,2.93259596824646,2.825791358947754,3.126483678817749,3.069122552871704,3.244802474975586,3.358496904373169,3.503159761428833,3.777150869369507,3.861377716064453,4.215312957763672
B3,2.065312623977661,1.6876565217971802,1.6483749151229858,1.2824928760528564,1.3373870849609375,1.0203578472137451,1.0205134153366089,1.345131278038025,1.402524709701538,1.6934794187545776,1.9574741125106812,2.085191011428833,2.433194398880005,2.4391212463378906,2.7730088233947754,0.6583358645439148,0.38281044363975525,0.0,0.39926931262016296,0.6682081818580627,0.9773575663566589,1.1434470415115356,1.2411832809448242,1.5689605474472046,1.7245113849639893,2.108076333999634,2.239942789077759,2.589907169342041,2.6070408821105957,2.965991735458374,1.5113499164581299,1.2428737878799438,1.3680399656295776,1.3775466680526733,1.308189868927002,1.632739543914795,1.5550986528396606,1.8848240375518799,1.9351372718811035,2.219902753829956,2.3632609844207764,2.659579038619995,2.80245041847229,3.079871416091919,3.20914888381958,2.5353305339813232,2.3795530796051025,2.1140971183776855,2.0535080432891846,1.9041128158569336,2.1932435035705566,2.0573573112487793,2.341978073120117,2.3848979473114014,2.6131539344787598,2.773155689239502,3.0009944438934326,3.246157646179199,3.4585700035095215,3.7554051876068115,3.8297996520996094,3.588228940963745,3.3243510723114014,3.0653653144836426,2.8083853721618652,2.7601842880249023,2.650454044342041,2.9361963272094727,2.9032087326049805,3.0508487224578857,3.188318967819214,3.3066718578338623,3.599318742752075,3.662480354309082,4.029166221618652
B4,1.8532178401947021,1.47019624710083,1.4430131912231445,1.0670335292816162,1.2241134643554688,0.981364369392395,1.0146101713180542,1.382942795753479,1.4291938543319702,1.7773573398590088,2.019010305404663,2.2151005268096924,2.5528624057769775,2.610835313796997,2.941570997238159,0.9998094439506531,0.646470844745636,0.39926931262016296,0.0,0.37820878624916077,0.702642023563385,0.9396633505821228,1.1525886058807373,1.461087703704834,1.7021905183792114,2.0684902667999268,2.2664144039154053,2.599709987640381,2.663745164871216,3.017512083053589,1.3438382148742676,1.0112223625183105,1.0474936962127686,1.0150097608566284,0.9537767767906189,1.2998404502868652,1.2916669845581055,1.650761604309082,1.7469991445541382,2.066392183303833,2.241680860519409,2.5706212520599365,2.723825216293335,3.030888080596924,3.1690261363983154,2.2708144187927246,2.074563503265381,1.7810072898864746,1.6961771249771118,1.5482012033462524,1.845188021659851,1.750433087348938,2.059361457824707,2.1431398391723633,2.401545286178589,2.59360671043396,2.852003812789917,3.1071648597717285,3.349578857421875,3.6396970748901367,3.51127552986145,3.251460313796997,2.975222587585449,2.7036068439483643,2.440980911254883,2.403208017349243,2.3228530883789062,2.6268253326416016,2.6270790100097656,2.797481060028076,2.9675261974334717,3.1085100173950195,3.421400785446167,3.5082476139068604,3.884296417236328
B5,1.590600848197937,1.2119901180267334,1.1210047006607056,0.7343024611473083,0.9046971797943115,0.7113723158836365,0.7656692862510681,1.144139051437378,1.2213785648345947,1.5920436382293701,1.841942310333252,2.081326484680176,2.4204936027526855,2.525162935256958,2.8657219409942627,1.3163464069366455,0.9782050848007202,0.6682081818580627,0.37820878624916077,0.0,0.3721344470977783,0.6949530839920044,0.9225613474845886,1.251030445098877,1.5233662128448486,1.8893531560897827,2.1302311420440674,2.470487594604492,2.585561752319336,2.946441888809204,1.553023099899292,1.186834454536438,1.1087470054626465,0.9400853514671326,0.7444796562194824,1.0445480346679688,1.0167769193649292,1.3565317392349243,1.5096492767333984,1.8087307214736938,2.032714366912842,2.355032444000244,2.5508077144622803,2.860758066177368,3.036054849624634,2.3168578147888184,2.0744004249572754,1.754210352897644,1.5881153345108032,1.3672986030578613,1.6124591827392578,1.4898617267608643,1.7693233489990234,1.884613037109375,2.1178293228149414,2.342257022857666,2.5871329307556152,2.8699426651000977,3.108455181121826,3.4161410331726074,3.394899606704712,3.125309467315674,2.822165012359619,2.5388271808624268,2.242414712905884,2.157468557357788,2.0590403079986572,2.3393430709838867,2.3537397384643555,2.495107650756836,2.6818251609802246,2.8007781505584717,3.1267354488372803,3.199608564376831,3.583493232727051
B6,1.6250061988830566,1.2747344970703125,1.0962541103363037,0.7344780564308167,0.8940231204032898,0.7609167695045471,0.7153573036193848,1.0407977104187012,1.0566980838775635,1.4482684135437012,1.6511225700378418,1.9434067010879517,2.2570414543151855,2.409240484237671,2.737346649169922,1.5959752798080444,1.2496918439865112,0.9773575663566589,0.702642023563385,0.3721344470977783,0.0,0.38684967160224915,0.6778167486190796,0.9599371552467346,1.2812544107437134,1.6177186965942383,1.903838872909546,2.2265851497650146,2.3849730491638184,2.7384724617004395,1.6031944751739502,1.2362470626831055,1.0824170112609863,0.8204096555709839,0.5142252445220947,0.7291526198387146,0.6528158187866211,0.985538899898529,1.161688208580017,1.4609676599502563,1.707322120666504,2.036041021347046,2.247041702270508,2.566185712814331,2.757450819015503,2.189831495285034,1.9250725507736206,1.6063798666000366,1.3865997791290283,1.1102683544158936,1.309974193572998,1.14317786693573,1.4045041799545288,1.5194438695907593,1.7482340335845947,1.983170509338379,2.2326552867889404,2.5216972827911377,2.7684202194213867,3.0754640102386475,3.1286680698394775,2.865809917449951,2.5547800064086914,2.278978109359741,1.9722435474395752,1.8558318614959717,1.7229728698730469,1.9872390031814575,1.989286184310913,2.124211072921753,2.3104054927825928,2.4328010082244873,2.76123309135437,2.843414068222046,3.2279350757598877
B7,1.950929045677185,1.619721531867981,1.3899849653244019,1.0567693710327148,1.131832242012024,0.9599092602729797,0.7553333640098572,0.9761056900024414,0.8512043356895447,1.2397788763046265,1.3674070835113525,1.6845605373382568,1.9648274183273315,2.135810613632202,2.441363573074341,1.6805938482284546,1.3479951620101929,1.1434470415115356,0.9396633505821228,0.6949530839920044,0.38684967160224915,0.0,0.38956013321876526,0.587884247303009,0.9331044554710388,1.2481127977371216,1.5438220500946045,1.8510444164276123,2.0176379680633545,2.3644604682922363,1.5790188312530518,1.2559596300125122,1.1268351078033447,0.8866444230079651,0.6064590215682983,0.6959071159362793,0.44549641013145447,0.7455703020095825,0.8229416012763977,1.1301918029785156,1.3402018547058105,1.674389362335205,1.8678195476531982,2.1881651878356934,2.3718535900115967,2.0731992721557617,1.8373252153396606,1.5637083053588867,1.356489896774292,1.0742950439453125,1.2446268796920776,0.9935611486434937,1.2253187894821167,1.250868797302246,1.4745498895645142,1.6630240678787231,1.914331078529358,2.1813528537750244,2.427476167678833,2.725184917449951,2.9655215740203857,2.736771583557129,2.4479219913482666,2.2077252864837646,1.9258379936218262,1.8000993728637695,1.6036131381988525,1.8445603847503662,1.776333212852478,1.9111615419387817,2.0476598739624023,2.181666612625122,2.484670639038086,2.579802989959717,2.9517858028411865
B8,2.095961093902588,1.7806434631347656,1.5016603469848633,1.1955041885375977,1.1416629552841187,0.9252967834472656,0.6046128273010254,0.6846891045570374,0.47263357043266296,0.8537144064903259,0.9866307973861694,1.3019298315048218,1.591597318649292,1.768650770187378,2.0848374366760254,1.7208223342895508,1.4458715915679932,1.2411832809448242,1.1525886058807373,0.9225613474845886,0.6778167486190796,0.38956013321876526,0.0,0.3946925401687622,0.615766167640686,0.9847104549407959,1.24385404586792,1.5895274877548218,1.7553129196166992,2.1197633743286133,1.8496822118759155,1.5594455003738403,1.4833605289459229,1.2707246541976929,0.9925628304481506,1.025111198425293,0.6858423352241516,0.8178231716156006,0.8137012124061584,1.0075173377990723,1.1976763010025024,1.4717603921890259,1.6910161972045898,1.9737396240234375,2.1819114685058594,2.3605315685272217,2.152970314025879,1.9081110954284668,1.705946922302246,1.4141236543655396,1.530126929283142,1.2168188095092773,1.3541150093078613,1.311663031578064,1.4448808431625366,1.5900849103927612,1.7759844064712524,2.0464985370635986,2.2448437213897705,2.5665178298950195,3.1963322162628174,2.9936091899871826,2.7139272689819336,2.4945948123931885,2.2145557403564453,2.052940845489502,1.805388331413269,1.985293984413147,1.865177869796753,1.9361095428466797,2.01887845993042,2.1005470752716064,2.3744943141937256,2.4274728298187256,2.789393901824951
B9,2.3878068923950195,2.0910263061523438,1.7983320951461792,1.5184204578399658,1.4847972393035889,1.3080872297286987,0.9885668754577637,0.9846144318580627,0.6714867353439331,0.9536840319633484,0.9206937551498413,1.280705213546753,1.4895133972167969,1.7100567817687988,1.9773527383804321,1.994709849357605,1.7183667421340942,1.5689605474472046,1.461087703704834,1.251030445098877,0.9599371552467346,0.587884247303009,0.3946925401687622,0.0,0.4032474756240845,0.6623819470405579,0.9876712560653687,1.2816660404205322,1.489740252494812,1.8314677476882935,1.8895519971847534,1.6432549953460693,1.5522346496582031,1.3472131490707397,1.1081198453903198,1.0386486053466797,0.6648883819580078,0.6633884310722351,0.49278852343559265,0.6735128164291382,0.8121054768562317,1.11240553855896,1.3118919134140015,1.6136914491653442,1.8166471719741821,2.2227492332458496,2.03472900390625,1.8370462656021118,1.6420480012893677,1.364459753036499,1.4321211576461792,1.0801063776016235,1.1648935079574585,1.024160623550415,1.1489895582199097,1.236840009689331,1.4392200708389282,1.6807419061660767,1.8958775997161865,2.198269844055176,2.940004825592041,2.7695815563201904,2.5135695934295654,2.332413673400879,2.0840585231781006,1.9214133024215698,1.6313835382461548,1.7817281484603882,1.599213719367981,1.6777855157852173,1.711389422416687,1.820658802986145,2.0682923793792725,2.153719425201416,2.500392198562622
B10,2.649299144744873,2.358992576599121,2.048488140106201,1.7805110216140747,1.6711262464523315,1.4595041275024414,1.0983043909072876,0.967899739742279,0.5834910273551941,0.7007835507392883,0.5534031391143799,0.9036861658096313,1.0887645483016968,1.314850091934204,1.5773158073425293,2.0655133724212646,1.8493077754974365,1.7245113849639893,1.7021905183792114,1.5233662128448486,1.2812544107437134,0.9331044554710388,0.615766167640686,0.4032474756240845,0.0,0.40699321031570435,0.6326947212219238,0.9841585755348206,1.173803687095642,1.5361288785934448,2.143156051635742,1.932055950164795,1.895204782485962,1.7248677015304565,1.4957858324050903,1.4409208297729492,1.0637015104293823,1.0040427446365356,0.7816164493560791,0.7803837656974792,0.8021969199180603,0.9793122410774231,1.1711820363998413,1.4074745178222656,1.6199383735656738,2.5152995586395264,2.36613130569458,2.1980795860290527,2.027348756790161,1.7620289325714111,1.8165278434753418,1.452361822128296,1.4787954092025757,1.2808135747909546,1.3100203275680542,1.3105192184448242,1.421294927597046,1.6307271718978882,1.7778688669204712,2.090564727783203,3.217510938644409,3.078383207321167,2.8433029651641846,2.6862094402313232,2.452118158340454,2.2789957523345947,1.964891791343689,2.0675787925720215,1.84003746509552,1.8643807172775269,1.826423168182373,1.8843036890029907,2.0756828784942627,2.119023084640503,2.4364545345306396
B11,2.965181589126587,2.6929638385772705,2.3702197074890137,2.125122308731079,2.025855302810669,1.8455842733383179,1.492415189743042,1.3367016315460205,0.9653447270393372,0.9886017441749573,0.6913873553276062,1.0128018856048584,1.0514878034591675,1.3266948461532593,1.505233883857727,2.420746326446533,2.2062594890594482,2.108076333999634,2.0684902667999268,1.8893531560897827,1.6177186965942383,1.2481127977371216,0.9847104549407959,0.6623819470405579,0.40699321031570435,0.0,0.4062386751174927,0.6463590264320374,0.9268287420272827,1.2473373413085938,2.340503215789795,2.1669440269470215,2.117473840713501,1.9522641897201538,1.748049020767212,1.6292357444763184,1.265527606010437,1.11018967628479,0.8020111918449402,0.662481427192688,0.5133697986602783,0.6056650280952454,0.7721307873725891,1.002190113067627,1.2287323474884033,2.5459840297698975,2.42055606842041,2.300015687942505,2.1375820636749268,1.8919786214828491,1.8947592973709106,1.5237053632736206,1.4790353775024414,1.1966758966445923,1.1613242626190186,1.0524590015411377,1.1232200860977173,1.2746858596801758,1.4088538885116577,1.702522873878479,3.0861141681671143,2.9876487255096436,2.782318592071533,2.669079542160034,2.469815492630005,2.2932941913604736,1.949723482131958,1.9998747110366821,1.7125346660614014,1.7166298627853394,1.6014634370803833,1.6629830598831177,1.796641230583191,1.859398603439331,2.143110752105713
B12,3.2644665241241455,2.983440399169922,2.663518190383911,2.407485008239746,2.27276349067688,2.052088737487793,1.6826667785644531,1.486588478088379,1.1129679679870605,1.013862133026123,0.6452881097793579,0.8136105537414551,0.7508835792541504,0.9912399649620056,1.122802734375,2.457608222961426,2.2989730834960938,2.239942789077759,2.2664144039154053,2.1302311420440674,1.903838872909546,1.5438220500946045,1.24385404586792,0.9876712560653687,0.6326947212219238,0.4062386751174927,0.0,0.4013955295085907,0.5859026908874512,0.9394610524177551,2.51456880569458,2.377973794937134,2.384669065475464,2.2614097595214844,2.0768115520477295,1.997308611869812,1.631888747215271,1.5081876516342163,1.1987597942352295,1.059630274772644,0.8524085879325867,0.805333137512207,0.8549301624298096,0.9556121826171875,1.1310791969299316,2.7878503799438477,2.705317735671997,2.609060525894165,2.482682943344116,2.2576897144317627,2.285013198852539,1.9197648763656616,1.884067416191101,1.5901741981506348,1.536745548248291,1.3754407167434692,1.380299687385559,1.4596885442733765,1.5156733989715576,1.7801543474197388,3.3878979682922363,3.3154420852661133,3.1346805095672607,3.0378000736236572,2.8552844524383545,2.6912639141082764,2.348400592803955,2.3929221630096436,2.0897557735443115,2.0806989669799805,1.9239587783813477,1.958829641342163,2.034024953842163,2.066648006439209,2.303602695465088
B13,3.605046510696411,3.329941749572754,3.007660388946533,2.757021427154541,2.640946865081787,2.433776617050171,2.0667896270751953,1.8783235549926758,1.504072666168213,1.4063175916671753,1.0234549045562744,1.1479504108428955,0.9704200625419617,1.1937220096588135,1.199770212173462,2.7824840545654297,2.6222798824310303,2.589907169342041,2.599709987640381,2.470487594604492,2.2265851497650146,1.8510444164276123,1.5895274877548218,1.2816660404205322,0.9841585755348206,0.6463590264320374,0.4013955295085907,0.0,0.39016830921173096,0.6267364621162415,2.691256523132324,2.5936460494995117,2.5980896949768066,2.4906506538391113,2.335899829864502,2.22371244430542,1.8789174556732178,1.7196325063705444,1.3736580610275269,1.197228193283081,0.8862258791923523,0.7367494106292725,0.6187365055084229,0.6238393187522888,0.7437079548835754,2.826965570449829,2.7774691581726074,2.7292349338531494,2.6245980262756348,2.429548740386963,2.430964231491089,2.0782926082611084,2.0100812911987305,1.6684085130691528,1.590085506439209,1.3390896320343018,1.3114292621612549,1.281785249710083,1.309118628501892,1.506394863128662,3.303354263305664,3.274925470352173,3.1327688694000244,3.0795793533325195,2.9378535747528076,2.78682017326355,2.435403823852539,2.4485182762145996,2.10666561126709,2.0977530479431152,1.8781671524047852,1.928984522819519,1.9350130558013916,1.9961234331130981,2.17814040184021
