,A1,A2,A3,A4,A5,A6,A7,A8,A9,A10,A11,A12,A13,A14,A15,B1,B2,B3,B4,B5,B6,B7,B8,B9,B10,B11,B12,B13,B14,B15,C1,C2,C3,C4,C5,C6,C7,C8,C9,C10,C11,C12,C13,C14,C15,D1,D2,D3,D4,D5,D6,D7,D8,D9,D10,D11,D12,D13,D14,D15,E1,E2,E3,E4,E5,E6,E7,E8,E9,E10,E11,E12,E13,E14,E15
A1,0.0,0.3934541940689087,0.6028328537940979,0.9246532320976257,1.109560251235962,1.4417697191238403,1.622688889503479,2.000594139099121,2.0935540199279785,2.4612748622894287,2.597184181213379,2.9518191814422607,3.093369483947754,3.3301496505737305,3.58372163772583,1.6437582969665527,1.5008928775787354,1.361480474472046,1.5292819738388062,1.3419204950332642,1.6542376279830933,1.7990953922271729,2.1612401008605957,2.308419942855835,2.637465476989746,2.833519697189331,3.1580121517181396,3.341310739517212,3.6207096576690674,3.8528103828430176,2.4458298683166504,2.208019495010376,2.093308925628662,2.1247334480285645,1.8639981746673584,2.1119630336761475,2.1495087146759033,2.4527268409729004,2.6111795902252197,2.8884339332580566,3.1125400066375732,3.3972227573394775,3.6150450706481934,3.8834078311920166,4.140787601470947,3.133617639541626,2.864633560180664,2.769686222076416,2.7270233631134033,2.428705930709839,2.6038856506347656,2.5684564113616943,2.8215785026550293,2.9735522270202637,3.1978867053985596,3.4414424896240234,3.6801257133483887,3.9464993476867676,4.223029613494873,4.522937297821045,4.081509590148926,3.7395687103271484,3.6536662578582764,3.50309157371521,3.1529793739318848,3.187058687210083,3.0702719688415527,3.2956936359405518,3.391974925994873,3.5498526096343994,3.7840752601623535,3.9158222675323486,4.235528469085693,4.315690994262695,4.7034783363342285
A2,0.3934541940689087,0.0,0.3798902928829193,0.5822497010231018,0.789851188659668,1.1300288438796997,1.2650439739227295,1.6436083316802979,1.7124996185302734,2.0786900520324707,2.2072954177856445,2.5599708557128906,2.701875686645508,2.9374375343322754,3.194326162338257,1.4178051948547363,1.2113443613052368,1.0976970195770264,1.2148414850234985,1.0428811311721802,1.3789585828781128,1.4749776124954224,1.8325941562652588,1.9524184465408325,2.2736170291900635,2.4592559337615967,2.7768313884735107,2.9578540325164795,3.2311654090881348,3.465366840362549,2.245835065841675,1.9801815748214722,1.8932994604110718,1.8787837028503418,1.627693772315979,1.8807806968688965,1.8689740896224976,2.157851219177246,2.285339832305908,2.549531936645508,2.758802890777588,3.0325801372528076,3.244955062866211,3.5046393871307373,3.7618134021759033,2.9320850372314453,2.6482067108154297,2.57958722114563,2.5041403770446777,2.219339609146118,2.397355556488037,2.319084882736206,2.5554404258728027,2.6744794845581055,2.8848507404327393,3.1095218658447266,3.3360595703125,3.594686985015869,3.861356735229492,4.162601470947266,3.872741460800171,3.523561477661133,3.4606075286865234,3.2883996963500977,2.9559829235076904,2.994685649871826,2.8413360118865967,3.0526206493377686,3.115239381790161,3.262488603591919,3.473921537399292,3.5971128940582275,3.904088258743286,3.9781250953674316,4.362808704376221
A3,0.6028328537940979,0.3798902928829193,0.0,0.3929601013660431,0.5586530566215515,0.8474645018577576,1.0731958150863647,1.4393010139465332,1.5681477785110474,1.9374291896820068,2.1083388328552246,2.469334363937378,2.6425633430480957,2.903473138809204,3.1801609992980957,1.5242538452148438,1.2598594427108765,1.0546964406967163,1.088438868522644,0.8147029876708984,1.0881645679473877,1.2121368646621704,1.5684114694595337,1.7445224523544312,2.0725202560424805,2.2978157997131348,2.62638783454895,2.8361032009124756,3.127856969833374,3.3807530403137207,2.2091007232666016,1.9021891355514526,1.76007878780365,1.6986589431762695,1.3949213027954102,1.595272421836853,1.5859076976776123,1.867742896080017,2.0397636890411377,2.306818723678589,2.5514652729034424,2.834986448287964,3.0738048553466797,3.347428560256958,3.6218690872192383,2.827035427093506,2.511772871017456,2.404968023300171,2.2952640056610107,1.9782170057296753,2.1116769313812256,2.0296754837036133,2.2539355754852295,2.4052934646606445,2.6124820709228516,2.8660244941711426,3.0980117321014404,3.378366470336914,3.6556296348571777,3.9643797874450684,3.690443515777588,3.3255128860473633,3.236402750015259,3.0427322387695312,2.6994001865386963,2.702026128768921,2.5479769706726074,2.745026111602783,2.82993483543396,2.967179775238037,3.200519561767578,3.3209431171417236,3.644928216934204,3.7213292121887207,4.1106648445129395
A4,0.9246532320976257,0.5822497010231018,0.3929601013660431,0.0,0.38837730884552,0.6011582612991333,0.7638934850692749,1.1224764585494995,1.2024513483047485,1.5761626958847046,1.7259399890899658,2.0931713581085205,2.256481170654297,2.527977705001831,2.799973964691162,1.3153704404830933,0.9893198609352112,0.8104017972946167,0.7553549408912659,0.5101974606513977,0.8276076316833496,0.8932716846466064,1.2544564008712769,1.3840413093566895,1.7150945663452148,1.9193272590637207,2.2507073879241943,2.449000358581543,2.743245840072632,2.9900777339935303,1.9772987365722656,1.6482458114624023,1.5432825088500977,1.4329534769058228,1.1573117971420288,1.3722947835922241,1.3076748847961426,1.581581473350525,1.7071222066879272,1.9704874753952026,2.1915395259857178,2.4733879566192627,2.6986470222473145,2.9712932109832764,3.2381086349487305,2.583324670791626,2.2593894004821777,2.1869373321533203,2.0486624240875244,1.759024739265442,1.9066264629364014,1.7810819149017334,1.994511604309082,2.1013917922973633,2.3033406734466553,2.5310113430023193,2.759622812271118,3.024812698364258,3.298536777496338,3.6015501022338867,3.440810441970825,3.0739028453826904,3.0143747329711914,2.8055341243743896,2.4869778156280518,2.5069775581359863,2.31689190864563,2.506328821182251,2.550304412841797,2.6868133544921875,2.893040418624878,3.015554428100586,3.3236215114593506,3.40405011177063,3.7891428470611572
A5,1.109560251235962,0.789851188659668,0.5586530566215515,0.38837730884552,0.0,0.39065998792648315,0.5448327660560608,0.9122108817100525,1.0900896787643433,1.4412773847579956,1.6638926267623901,2.0028531551361084,2.222562313079834,2.467245101928711,2.7764313220977783,1.6654720306396484,1.3156373500823975,1.1594704389572144,1.0111126899719238,0.7190347909927368,0.894086480140686,0.8428427577018738,1.1436558961868286,1.3270161151885986,1.610748529434204,1.865885853767395,2.161982774734497,2.407346725463867,2.6764328479766846,2.962247610092163,2.2960398197174072,1.945387363433838,1.8308794498443604,1.6573880910873413,1.3540178537368774,1.4783473014831543,1.3385533094406128,1.5373804569244385,1.6838446855545044,1.8912523984909058,2.1419520378112793,2.383526086807251,2.6454038619995117,2.8904364109039307,3.190969705581665,2.853071451187134,2.5075156688690186,2.4246742725372314,2.2362494468688965,1.9318088293075562,2.0121357440948486,1.8342384099960327,1.9824612140655518,2.0917413234710693,2.2381629943847656,2.4775688648223877,2.663541316986084,2.9558444023132324,3.2033274173736572,3.5349020957946777,3.634756088256836,3.253452777862549,3.1845321655273438,2.938196897506714,2.626168966293335,2.5957539081573486,2.373131513595581,2.5093843936920166,2.5448436737060547,2.627760648727417,2.828934907913208,2.9038472175598145,3.215620994567871,3.2568604946136475,3.644831418991089
A6,1.4417697191238403,1.1300288438796997,0.8474645018577576,0.6011582612991333,0.39065998792648315,0.0,0.37787705659866333,0.6479091048240662,0.8797011375427246,1.2144932746887207,1.465578556060791,1.8066915273666382,2.0446033477783203,2.3195948600769043,2.6345179080963135,1.7377804517745972,1.3622088432312012,1.1737478971481323,0.9189017415046692,0.6089662313461304,0.6129005551338196,0.49303072690963745,0.7711539268493652,1.0063488483428955,1.2930833101272583,1.5801498889923096,1.8872411251068115,2.15145206451416,2.440622568130493,2.734611749649048,2.202188491821289,1.8254897594451904,1.6900858879089355,1.4509035348892212,1.138205885887146,1.1851009130477905,0.9942450523376465,1.1581265926361084,1.3256957530975342,1.5294522047042847,1.8054910898208618,2.0571703910827637,2.3364899158477783,2.596802234649658,2.9057350158691406,2.67112135887146,2.304168224334717,2.208911418914795,1.975865125656128,1.6701961755752563,1.7049158811569214,1.4912984371185303,1.60849928855896,1.7211017608642578,1.8580244779586792,2.11216139793396,2.303575038909912,2.607931137084961,2.8662900924682617,3.198499917984009,3.3635218143463135,2.972991466522217,2.8984971046447754,2.6269218921661377,2.326704502105713,2.271700143814087,2.02655029296875,2.13899564743042,2.1693384647369385,2.240817070007324,2.4475009441375732,2.5234034061431885,2.8433573246002197,2.8935601711273193,3.2837843894958496
A7,1.622688889503479,1.2650439739227295,1.0731958150863647,0.7638934850692749,0.5448327660560608,0.37787705659866333,0.0,0.3809400796890259,0.5689446926116943,0.9025893807411194,1.158412218093872,1.4831066131591797,1.731934905052185,1.9789518117904663,2.3048181533813477,1.7411270141601562,1.3552626371383667,1.263319730758667,0.978084921836853,0.7967194318771362,0.8381590247154236,0.5645694136619568,0.7402725219726562,0.8641195297241211,1.0972346067428589,1.3581873178482056,1.6300832033157349,1.8935589790344238,2.151137590408325,2.454124689102173,2.2571911811828613,1.8896193504333496,1.8215166330337524,1.5623462200164795,1.3184266090393066,1.3822578191757202,1.1193476915359497,1.2182812690734863,1.2870317697525024,1.4321926832199097,1.6609742641448975,1.8678829669952393,2.133950710296631,2.3598294258117676,2.6709516048431396,2.7372775077819824,2.381481409072876,2.33912992477417,2.0924715995788574,1.8366619348526,1.8882354497909546,1.6263089179992676,1.7021886110305786,1.735153317451477,1.8276333808898926,2.0279245376586914,2.177370548248291,2.4621474742889404,2.6874616146087646,3.026888132095337,3.4395346641540527,3.056204319000244,3.0224220752716064,2.7410924434661865,2.4782650470733643,2.4434759616851807,2.1603105068206787,2.246676206588745,2.2131950855255127,2.2581756114959717,2.4097650051116943,2.4572627544403076,2.744215250015259,2.7688910961151123,3.150979995727539
A8,2.000594139099121,1.6436083316802979,1.4393010139465332,1.1224764585494995,0.9122108817100525,0.6479091048240662,0.3809400796890259,0.0,0.3772987723350525,0.6055293679237366,0.9284992218017578,1.2169044017791748,1.5067565441131592,1.75612473487854,2.0978801250457764,1.959492564201355,1.5728274583816528,1.496975064277649,1.1574430465698242,1.031093955039978,0.9502359628677368,0.5840627551078796,0.5349109768867493,0.626237690448761,0.7667537331581116,1.065496563911438,1.3054417371749878,1.6041343212127686,1.8532994985580444,2.179047107696533,2.350705623626709,1.9781020879745483,1.9219881296157837,1.6096782684326172,1.4046192169189453,1.3909958600997925,1.0565156936645508,1.0375531911849976,1.0576889514923096,1.1235466003417969,1.3531533479690552,1.5232667922973633,1.8110028505325317,2.022151231765747,2.352323532104492,2.742549419403076,2.37992787361145,2.3496689796447754,2.0594189167022705,1.8355611562728882,1.8394927978515625,1.5240426063537598,1.5223934650421143,1.5070587396621704,1.538499116897583,1.718665599822998,1.8311424255371094,2.123378038406372,2.331404447555542,2.683002471923828,3.3443806171417236,2.9599521160125732,2.9388628005981445,2.6290252208709717,2.4033334255218506,2.3468070030212402,2.0263943672180176,2.059420585632324,1.9828438758850098,1.9838396310806274,2.1032965183258057,2.1196107864379883,2.3942604064941406,2.4014744758605957,2.781221866607666
A9,2.0935540199279785,1.7124996185302734,1.5681477785110474,1.2024513483047485,1.0900896787643433,0.8797011375427246,0.5689446926116943,0.3772987723350525,0.0,0.37481290102005005,0.5934262275695801,0.9298056364059448,1.1740753650665283,1.4444366693496704,1.765638828277588,1.7698290348052979,1.39930260181427,1.4004000425338745,1.0626764297485352,1.0688025951385498,1.051863431930542,0.7012140154838562,0.6635982394218445,0.5175153017044067,0.6507197618484497,0.8307690024375916,1.0870622396469116,1.3316444158554077,1.587175965309143,1.8852403163909912,2.156592845916748,1.807139277458191,1.8180657625198364,1.516169786453247,1.3956584930419922,1.442182183265686,1.1111496686935425,1.1122429370880127,1.0095468759536743,1.0796282291412354,1.211843729019165,1.3843291997909546,1.613390564918518,1.8247840404510498,2.122091293334961,2.5621750354766846,2.223707914352417,2.2495362758636475,1.975872278213501,1.8116722106933594,1.8733701705932617,1.558674931526184,1.5794864892959595,1.4875788688659668,1.5359158515930176,1.6451470851898193,1.7642871141433716,2.0030832290649414,2.20841121673584,2.5351245403289795,3.2089614868164062,2.8418502807617188,2.865699291229248,2.573821783065796,2.380091667175293,2.3789350986480713,2.0520668029785156,2.1078507900238037,1.9816854000091553,2.0123708248138428,2.0838465690612793,2.125944137573242,2.3618860244750977,2.3899006843566895,2.7547528743743896
A10,2.4612748622894287,2.0786900520324707,1.9374291896820068,1.5761626958847046,1.4412773847579956,1.2144932746887207,0.9025893807411194,0.6055293679237366,0.37481290102005005,0.0,0.37982743978500366,0.6130881905555725,0.9221278429031372,1.1683140993118286,1.512099027633667,2.0584347248077393,1.7062712907791138,1.7345638275146484,1.3909016847610474,1.423779010772705,1.358265995979309,0.9964737892150879,0.825017511844635,0.6028072834014893,0.49213114380836487,0.6160707473754883,0.7665398120880127,1.0461618900299072,1.2611252069473267,1.5906261205673218,2.3660764694213867,2.032047986984253,2.067399263381958,1.7437422275543213,1.667138695716858,1.6657198667526245,1.3064779043197632,1.2064770460128784,1.026411771774292,0.9665895700454712,1.0299752950668335,1.1086777448654175,1.3367046117782593,1.5001612901687622,1.8154493570327759,2.697511672973633,2.3696327209472656,2.419835090637207,2.1218948364257812,2.001936912536621,2.0308072566986084,1.684546947479248,1.6314810514450073,1.4712169170379639,1.4373235702514648,1.4801255464553833,1.527632474899292,1.747682809829712,1.9081512689590454,2.246042251586914,3.253605604171753,2.896777391433716,2.9445950984954834,2.6351377964019775,2.488792657852173,2.476964235305786,2.123277187347412,2.1250905990600586,1.9426900148391724,1.9220184087753296,1.9301637411117554,1.926681637763977,2.1214711666107178,2.1178648471832275,2.4677224159240723
A11,2.597184181213379,2.2072954177856445,2.1083388328552246,1.7259399890899658,1.6638926267623901,1.465578556060791,1.158412218093872,0.9284992218017578,0.5934262275695801,0.37982743978500366,0.0,0.38821250200271606,0.5840671062469482,0.8884045481681824,1.1918461322784424,1.9461619853973389,1.6342180967330933,1.727156162261963,1.411171793937683,1.5422667264938354,1.5190783739089966,1.1986265182495117,1.0655869245529175,0.7393426895141602,0.6367347240447998,0.5115532279014587,0.6477461457252502,0.801086962223053,1.0275301933288574,1.306003212928772,2.211442470550537,1.9160003662109375,2.015096426010132,1.7163578271865845,1.7221784591674805,1.767629861831665,1.4374547004699707,1.3673317432403564,1.1041864156723022,1.0608309507369995,0.9952208995819092,1.0708205699920654,1.1944973468780518,1.3566211462020874,1.613614797592163,2.535571813583374,2.242621898651123,2.348344564437866,2.0763700008392334,2.020231246948242,2.0996501445770264,1.7721372842788696,1.7461949586868286,1.5273642539978027,1.5193431377410889,1.4842849969863892,1.543839931488037,1.6863634586334229,1.8434902429580688,2.137434482574463,3.1210196018218994,2.7890586853027344,2.8820629119873047,2.5982468128204346,2.487684965133667,2.5298469066619873,2.1829707622528076,2.209904432296753,1.989641547203064,2.005436897277832,1.9684486389160156,2.0004069805145264,2.1490540504455566,2.176583766937256,2.5004169940948486
A12,2.9518191814422607,2.5599708557128906,2.469334363937378,2.0931713581085205,2.0028531551361084,1.8066915273666382,1.4831066131591797,1.2169044017791748,0.9298056364059448,0.6130881905555725,0.38821250200271606,0.0,0.37629401683807373,0.5786541700363159,0.9209034442901611,2.28987455368042,1.9965076446533203,2.109022378921509,1.798106074333191,1.9265440702438354,1.8861169815063477,1.5528349876403809,1.3691697120666504,1.0565730333328247,0.8340544104576111,0.6405050158500671,0.5141108632087708,0.6297481656074524,0.7195407152175903,1.0376715660095215,2.524973154067993,2.2511792182922363,2.3674302101135254,2.0649983882904053,2.0888373851776123,2.107053279876709,1.76561439037323,1.638828992843628,1.3509857654571533,1.2088388204574585,1.0664018392562866,0.996403694152832,1.0682215690612793,1.1211620569229126,1.379278302192688,2.7965891361236572,2.523043632507324,2.6485631465911865,2.3677806854248047,2.341799259185791,2.397216320037842,2.055804967880249,1.9774187803268433,1.717836618423462,1.6363134384155273,1.5287604331970215,1.4946531057357788,1.587912917137146,1.6652741432189941,1.958340048789978,3.3041090965270996,2.990051746368408,3.105588912963867,2.8142130374908447,2.7445900440216064,2.7776923179626465,2.417600154876709,2.3994691371917725,2.137713670730591,2.1039175987243652,2.0002005100250244,1.978581428527832,2.0647168159484863,2.0484251976013184,2.3380038738250732
A13,3.093369483947754,2.701875686645508,2.6425633430480957,2.256481170654297,2.222562313079834,2.0446033477783203,1.731934905052185,1.5067565441131592,1.1740753650665283,0.9221278429031372,0.5840671062469482,0.37629401683807373,0.0,0.3983011841773987,0.6240317821502686,2.2333874702453613,1.9891620874404907,2.148540735244751,1.8725777864456177,2.0674352645874023,2.057990789413452,1.7614167928695679,1.6121207475662231,1.2587023973464966,1.0828696489334106,0.7854654788970947,0.6735918521881104,0.553104043006897,0.615435004234314,0.8071785569190979,2.4153366088867188,2.188633441925049,2.3571906089782715,2.088102340698242,2.176840305328369,2.232511043548584,1.924431324005127,1.8302574157714844,1.5036660432815552,1.3969682455062866,1.1756678819656372,1.1220451593399048,1.067097544670105,1.112768292427063,1.2678966522216797,2.67047381401062,2.4392638206481934,2.6129281520843506,2.3650879859924316,2.3941211700439453,2.492154359817505,2.177258014678955,2.1288928985595703,1.8379387855529785,1.7906562089920044,1.6301518678665161,1.619897723197937,1.6320855617523193,1.7079099416732788,1.9360429048538208,3.198430299758911,2.9148356914520264,3.071032762527466,2.8110013008117676,2.7733070850372314,2.854763984680176,2.510329484939575,2.519216299057007,2.2368831634521484,2.2422845363616943,2.109821319580078,2.1290197372436523,2.1757326126098633,2.197061777114868,2.455249309539795
A14,3.3301496505737305,2.9374375343322754,2.903473138809204,2.527977705001831,2.467245101928711,2.3195948600769043,1.9789518117904663,1.75612473487854,1.4444366693496704,1.1683140993118286,0.8884045481681824,0.5786541700363159,0.3983011841773987,0.0,0.38705772161483765,2.5232021808624268,2.2902116775512695,2.4741415977478027,2.2116708755493164,2.3934266567230225,2.4016082286834717,2.086596727371216,1.9342752695083618,1.6032894849777222,1.3986201286315918,1.1371995210647583,0.9336882829666138,0.8184927701950073,0.6651074886322021,0.826602041721344,2.7716259956359863,2.558678150177002,2.7378342151641846,2.476539373397827,2.553802728652954,2.611983060836792,2.2931206226348877,2.185748338699341,1.8704469203948975,1.7279654741287231,1.5076377391815186,1.3744816780090332,1.29999577999115,1.2259093523025513,1.3540139198303223,3.0416946411132812,2.82480788230896,3.007298469543457,2.7630488872528076,2.7899107933044434,2.8823015689849854,2.55963134765625,2.4930965900421143,2.200596332550049,2.1164190769195557,1.9370828866958618,1.8625144958496094,1.8492391109466553,1.8448609113693237,2.064739465713501,3.5604000091552734,3.2892324924468994,3.455129623413086,3.1945598125457764,3.1662333011627197,3.2402184009552,2.8900678157806396,2.8785767555236816,2.585911273956299,2.5582902431488037,2.396812677383423,2.3692970275878906,2.375208616256714,2.346511125564575,2.5702908039093018
A15,3.58372163772583,3.194326162338257,3.1801609992980957,2.799973964691162,2.7764313220977783,2.6345179080963135,2.3048181533813477,2.0978801250457764,1.765638828277588,1.512099027633667,1.1918461322784424,0.9209034442901611,0.6240317821502686,0.38705772161483765,0.0,2.627387285232544,2.441429853439331,2.6551148891448975,2.4204766750335693,2.6446592807769775,2.6655945777893066,2.3759238719940186,2.235435724258423,1.8823620080947876,1.693242073059082,1.3825079202651978,1.1838613748550415,0.95320725440979,0.7562927007675171,0.7161651253700256,2.810352087020874,2.644963264465332,2.862032651901245,2.6286590099334717,2.7551121711730957,2.8315470218658447,2.5373318195343018,2.442772388458252,2.102912664413452,1.9734021425247192,1.7031441926956177,1.5705599784851074,1.4057334661483765,1.3065497875213623,1.3186638355255127,3.0433530807495117,2.8710525035858154,3.0915687084198,2.875185489654541,2.949510097503662,3.0663530826568604,2.7646405696868896,2.7109053134918213,2.3946332931518555,2.3252313137054443,2.102975368499756,2.0346500873565674,1.9509434700012207,1.929072380065918,2.0786259174346924,3.5461907386779785,3.3105788230895996,3.5123374462127686,3.279827356338501,3.2865495681762695,3.395078182220459,3.059086322784424,3.0596044063568115,2.748798370361328,2.742922306060791,2.551886558532715,2.5483601093292236,2.512282371520996,2.50869083404541,2.6939010620117188
B1,1.6437582969665527,1.4178051948547363,1.5242538452148438,1.3153704404830933,1.6654720306396484,1.7377804517745972,1.7411270141601562,1.959492564201355,1.7698290348052979,2.0584347248077393,1.9461619853973389,2.28987455368042,2.2333874702453613,2.5232021808624268,2.627387285232544,0.0,0.38903409242630005,0.6374915242195129,0.9232033491134644,1.2239277362823486,1.5417112112045288,1.6579903364181519,1.9515823125839233,1.8364017009735107,2.1532135009765625,2.1278135776519775,2.46504282951355,2.466324806213379,2.7685706615448,2.8514907360076904,1.04826819896698,0.9526623487472534,1.125641107559204,1.271275520324707,1.355473279953003,1.740032434463501,1.790584683418274,2.1077208518981934,2.05111026763916,2.359656572341919,2.400146961212158,2.716007709503174,2.7725918292999268,3.0663323402404785,3.1881954669952393,1.8365330696105957,1.6788896322250366,1.782120943069458,1.833738923072815,1.7632412910461426,2.1103501319885254,2.0890491008758545,2.3903586864471436,2.3760576248168945,2.66091251373291,2.7599434852600098,3.047539710998535,3.173086643218994,3.4689602851867676,3.6574883460998535,2.941932201385498,2.673422336578369,2.732130765914917,2.6596450805664062,2.427553415298462,2.6429860591888428,2.5173041820526123,2.804518699645996,2.7819926738739014,3.033339738845825,3.1664185523986816,3.391962766647339,3.624018430709839,3.7932486534118652,4.133620738983154
B2,1.5008928775787354,1.2113443613052368,1.2598594427108765,0.9893198609352112,1.3156373500823975,1.3622088432312012,1.3552626371383667,1.5728274583816528,1.39930260181427,1.7062712907791138,1.6342180967330933,1.9965076446533203,1.9891620874404907,2.2902116775512695,2.441429853439331,0.38903409242630005,0.0,0.36837437748908997,0.5702406764030457,0.8749022483825684,1.198895812034607,1.282419204711914,1.580726981163025,1.4821385145187378,1.8081132173538208,1.8209683895111084,2.1666438579559326,2.2121472358703613,2.5215048789978027,2.6484267711639404,1.1735180616378784,0.9467772841453552,1.0570017099380493,1.0897016525268555,1.1051794290542603,1.4712064266204834,1.4708075523376465,1.7775236368179321,1.7342300415039062,2.0357744693756104,2.1069281101226807,2.4193625450134277,2.513338565826416,2.8064186573028564,2.9659645557403564,1.8996728658676147,1.6690526008605957,1.7374473810195923,1.708978533744812,1.5882887840270996,1.8962992429733276,1.825006127357483,2.102957010269165,2.0946547985076904,2.3600869178771973,2.479053497314453,2.753466844558716,2.909123182296753,3.2008056640625,3.4193270206451416,2.929628849029541,2.6233558654785156,2.661888360977173,2.536299705505371,2.288879871368408,2.459355354309082,2.2951786518096924,2.5549890995025635,2.5286717414855957,2.751950979232788,2.891479969024658,3.0931217670440674,3.3386240005493164,3.487894296646118,3.8393049240112305
B3,1.361480474472046,1.0976970195770264,1.0546964406967163,0.8104017972946167,1.1594704389572144,1.1737478971481323,1.263319730758667,1.496975064277649,1.4004000425338745,1.7345638275146484,1.727156162261963,2.109022378921509,2.148540735244751,2.4741415977478027,2.6551148891448975,0.6374915242195129,0.36837437748908997,0.0,0.3798343539237976,0.6062615513801575,0.9265516996383667,1.0997710227966309,1.4317498207092285,1.4118719100952148,1.7713927030563354,1.8450978994369507,2.216736316680908,2.3044447898864746,2.6400411128997803,2.7939774990081787,1.1802774667739868,0.8889175057411194,0.8659563660621643,0.8894821405410767,0.8153406381607056,1.1889638900756836,1.242736577987671,1.585901141166687,1.614141583442688,1.9464969635009766,2.074162721633911,2.4136714935302734,2.546693801879883,2.864300489425659,3.0486981868743896,1.8521250486373901,1.5784549713134766,1.570540428161621,1.5286136865615845,1.3421226739883423,1.6327471733093262,1.5917860269546509,1.893419623374939,1.94540536403656,2.2316737174987793,2.400925397872925,2.6972336769104004,2.8865678310394287,3.200627326965332,3.4309959411621094,2.830843448638916,2.5027523040771484,2.4931747913360596,2.357456684112549,2.0712313652038574,2.212193727493286,2.0694618225097656,2.34059476852417,2.3622777462005615,2.5928783416748047,2.776045560836792,2.986201763153076,3.2629621028900146,3.4206063747406006,3.7838294506073
B4,1.5292819738388062,1.2148414850234985,1.088438868522644,0.7553549408912659,1.0111126899719238,0.9189017415046692,0.978084921836853,1.1574430465698242,1.0626764297485352,1.3909016847610474,1.411171793937683,1.798106074333191,1.8725777864456177,2.2116708755493164,2.4204766750335693,0.9232033491134644,0.5702406764030457,0.3798343539237976,0.0,0.3882565200328827,0.6378128528594971,0.7466667890548706,1.0592434406280518,1.034714937210083,1.3984169960021973,1.4965132474899292,1.873009204864502,1.9908347129821777,2.3331732749938965,2.5149929523468018,1.3037402629852295,0.9464595317840576,0.9025170207023621,0.7585098147392273,0.6372525095939636,0.9535348415374756,0.9177797436714172,1.2357165813446045,1.2543678283691406,1.5770717859268188,1.7212234735488892,2.056992292404175,2.2139201164245605,2.5313007831573486,2.7392895221710205,1.8681080341339111,1.5463708639144897,1.5317684412002563,1.3985114097595215,1.1949217319488525,1.4330976009368896,1.318313717842102,1.5818192958831787,1.6167594194412231,1.8806040287017822,2.054832935333252,2.338601589202881,2.544464588165283,2.8538167476654053,3.1016266345977783,2.744861125946045,2.392054796218872,2.3819127082824707,2.1940667629241943,1.918588638305664,2.0215461254119873,1.8271512985229492,2.0614876747131348,2.0594544410705566,2.2624592781066895,2.4379048347473145,2.6292097568511963,2.9086453914642334,3.053790807723999,3.420870780944824
B5,1.3419204950332642,1.0428811311721802,0.8147029876708984,0.5101974606513977,0.7190347909927368,0.6089662313461304,0.7967194318771362,1.031093955039978,1.0688025951385498,1.423779010772705,1.5422667264938354,1.9265440702438354,2.0674352645874023,2.3934266567230225,2.6446592807769775,1.2239277362823486,0.8749022483825684,0.6062615513801575,0.3882565200328827,0.0,0.39330148696899414,0.5747042298316956,0.9466349482536316,1.060233235359192,1.428251028060913,1.616629719734192,1.985494613647461,2.165562868118286,2.501763343811035,2.7274670600891113,1.6223030090332031,1.2557756900787354,1.1166733503341675,0.9465588927268982,0.6605119705200195,0.885386049747467,0.8438295125961304,1.1631354093551636,1.2870198488235474,1.5982152223587036,1.8169126510620117,2.142657518386841,2.3554177284240723,2.666818141937256,2.9156129360198975,2.1416444778442383,1.7951080799102783,1.7109453678131104,1.5464494228363037,1.25999915599823,1.4170482158660889,1.2950501441955566,1.5382559299468994,1.645138144493103,1.8875916004180908,2.1189913749694824,2.388956069946289,2.6428306102752686,2.948817491531372,3.227693557739258,2.943657398223877,2.571229934692383,2.5116171836853027,2.2971789836883545,1.9854360818862915,2.01922869682312,1.8271434307098389,2.0366122722625732,2.0810537338256836,2.2517337799072266,2.466740846633911,2.629999876022339,2.941028594970703,3.06278657913208,3.4441161155700684
B6,1.6542376279830933,1.3789585828781128,1.0881645679473877,0.8276076316833496,0.894086480140686,0.6129005551338196,0.8381590247154236,0.9502359628677368,1.051863431930542,1.358265995979309,1.5190783739089966,1.8861169815063477,2.057990789413452,2.4016082286834717,2.6655945777893066,1.5417112112045288,1.198895812034607,0.9265516996383667,0.6378128528594971,0.39330148696899414,0.0,0.3776578903198242,0.6876932382583618,0.8881627321243286,1.2449690103530884,1.4799690246582031,1.8496097326278687,2.0602529048919678,2.410827398300171,2.652735471725464,1.7323499917984009,1.3441029787063599,1.152016520500183,0.8865870833396912,0.546225368976593,0.5878432989120483,0.4980781674385071,0.8118587732315063,1.0103609561920166,1.3256447315216064,1.5923593044281006,1.9279100894927979,2.1710100173950195,2.496241331100464,2.761533498764038,2.1148695945739746,1.7368444204330444,1.6102341413497925,1.3780556917190552,1.059159755706787,1.1231486797332764,0.9608022570610046,1.1766942739486694,1.3252049684524536,1.5634654760360718,1.8333957195281982,2.111217975616455,2.390014410018921,2.7081005573272705,2.9924728870391846,2.777499198913574,2.3872320652008057,2.3003525733947754,2.047152280807495,1.7336393594741821,1.7123894691467285,1.498451590538025,1.6795185804367065,1.7433761358261108,1.899560809135437,2.140385150909424,2.3025002479553223,2.632819175720215,2.760815143585205,3.1453118324279785
B7,1.7990953922271729,1.4749776124954224,1.2121368646621704,0.8932716846466064,0.8428427577018738,0.49303072690963745,0.5645694136619568,0.5840627551078796,0.7012140154838562,0.9964737892150879,1.1986265182495117,1.5528349876403809,1.7614167928695679,2.086596727371216,2.3759238719940186,1.6579903364181519,1.282419204711914,1.0997710227966309,0.7466667890548706,0.5747042298316956,0.3776578903198242,0.0,0.37791404128074646,0.5862135291099548,0.9242650270462036,1.1917957067489624,1.53841233253479,1.7808187007904053,2.1088149547576904,2.3799164295196533,1.913947343826294,1.5247830152511597,1.4021097421646118,1.0926666259765625,0.8360984325408936,0.8321025967597961,0.5560598373413086,0.7179832458496094,0.8475096821784973,1.0955570936203003,1.3624038696289062,1.6571065187454224,1.9199936389923096,2.2158429622650146,2.5052971839904785,2.2887673377990723,1.9118233919143677,1.8338459730148315,1.5618531703948975,1.2942132949829102,1.3253142833709717,1.065970778465271,1.1799949407577515,1.2518082857131958,1.4171067476272583,1.6595460176467896,1.8876723051071167,2.175008535385132,2.46159029006958,2.771202564239502,2.9173507690429688,2.5261569023132324,2.4720988273620605,2.1871464252471924,1.9168552160263062,1.8807870149612427,1.6052972078323364,1.7206683158874512,1.7164005041122437,1.8138971328735352,2.0088016986846924,2.1227052211761475,2.436500072479248,2.527052164077759,2.9134981632232666
B8,2.1612401008605957,1.8325941562652588,1.5684114694595337,1.2544564008712769,1.1436558961868286,0.7711539268493652,0.7402725219726562,0.5349109768867493,0.6635982394218445,0.825017511844635,1.0655869245529175,1.3691697120666504,1.6121207475662231,1.9342752695083618,2.235435724258423,1.9515823125839233,1.580726981163025,1.4317498207092285,1.0592434406280518,0.9466349482536316,0.6876932382583618,0.37791404128074646,0.0,0.38008174300193787,0.6253288984298706,0.95106440782547,1.2671855688095093,1.547487497329712,1.868066668510437,2.161280632019043,2.1033666133880615,1.7187395095825195,1.6124247312545776,1.2563945055007935,1.059183955192566,0.9418229460716248,0.5730308294296265,0.5039144158363342,0.5984254479408264,0.7608672380447388,1.0641337633132935,1.33177649974823,1.6281236410140991,1.9143054485321045,2.226189136505127,2.376065492630005,1.9949145317077637,1.9274542331695557,1.604665994644165,1.3780049085617065,1.3326823711395264,0.9994120597839355,0.9911670088768005,1.0114800930023193,1.101318597793579,1.3431450128555298,1.5390628576278687,1.8468294143676758,2.12147855758667,2.4469411373138428,2.87735915184021,2.483952522277832,2.4392948150634766,2.117034673690796,1.890694499015808,1.8167511224746704,1.4927786588668823,1.5323511362075806,1.4802091121673584,1.51988685131073,1.6900291442871094,1.7701308727264404,2.0819225311279297,2.1563313007354736,2.5443804264068604
B9,2.308419942855835,1.9524184465408325,1.7445224523544312,1.3840413093566895,1.3270161151885986,1.0063488483428955,0.8641195297241211,0.626237690448761,0.5175153017044067,0.6028072834014893,0.7393426895141602,1.0565730333328247,1.2587023973464966,1.6032894849777222,1.8823620080947876,1.8364017009735107,1.4821385145187378,1.4118719100952148,1.034714937210083,1.060233235359192,0.8881627321243286,0.5862135291099548,0.38008174300193787,0.0,0.3754536509513855,0.6086093187332153,0.9629663228988647,1.2032535076141357,1.5387526750564575,1.8109177350997925,1.9602075815200806,1.5975713729858398,1.5694736242294312,1.2127076387405396,1.1273596286773682,1.0793954133987427,0.7194115519523621,0.6489514112472534,0.49253690242767334,0.63105309009552,0.8179071545600891,1.0947591066360474,1.3419593572616577,1.633263349533081,1.9206613302230835,2.2281839847564697,1.8697350025177002,1.8710482120513916,1.5552618503570557,1.4113290309906006,1.428471326828003,1.0882099866867065,1.0832284688949585,0.9721325635910034,1.0569653511047363,1.1989243030548096,1.391974925994873,1.6459623575210571,1.9153876304626465,2.222273349761963,2.7570290565490723,2.380868673324585,2.3923304080963135,2.0820562839508057,1.9048992395401,1.8920667171478271,1.5517786741256714,1.6005741357803345,1.4685726165771484,1.5261740684509277,1.6225166320800781,1.7183921337127686,1.9814585447311401,2.0695526599884033,2.4422335624694824
B10,2.637465476989746,2.2736170291900635,2.0725202560424805,1.7150945663452148,1.610748529434204,1.2930833101272583,1.0972346067428589,0.7667537331581116,0.6507197618484497,0.49213114380836487,0.6367347240447998,0.8340544104576111,1.0828696489334106,1.3986201286315918,1.693242073059082,2.1532135009765625,1.8081132173538208,1.7713927030563354,1.3984169960021973,1.428251028060913,1.2449690103530884,0.9242650270462036,0.6253288984298706,0.3754536509513855,0.0,0.38023436069488525,0.6431406736373901,0.947506308555603,1.2507668733596802,1.5595498085021973,2.2449376583099365,1.9016602039337158,1.8978321552276611,1.5343295335769653,1.4806872606277466,1.3892441987991333,1.0202864408493042,0.8235644102096558,0.590682864189148,0.4747191369533539,0.5992613434791565,0.7731436491012573,1.0570534467697144,1.309009075164795,1.6301400661468506,2.44580340385437,2.10209584236145,2.125430107116699,1.7897841930389404,1.689303994178772,1.661810040473938,1.295226812362671,1.1862454414367676,0.9950876235961914,0.9464475512504578,1.0128272771835327,1.1148625612258911,1.3709895610809326,1.5976059436798096,1.9298421144485474,2.8698248863220215,2.505466938018799,2.5382485389709473,2.2072832584381104,2.0829100608825684,2.0473926067352295,1.6800634860992432,1.6522964239120483,1.4547855854034424,1.432936668395996,1.4545842409133911,1.4860941171646118,1.7133177518844604,1.762169361114502,2.1283185482025146
B11,2.833519697189331,2.4592559337615967,2.2978157997131348,1.9193272590637207,1.865885853767395,1.5801498889923096,1.3581873178482056,1.065496563911438,0.8307690024375916,0.6160707473754883,0.5115532279014587,0.6405050158500671,0.7854654788970947,1.1371995210647583,1.3825079202651978,2.1278135776519775,1.8209683895111084,1.8450978994369507,1.4965132474899292,1.616629719734192,1.4799690246582031,1.1917957067489624,0.95106440782547,0.6086093187332153,0.38023436069488525,0.0,0.3936726748943329,0.5977882742881775,0.9428345561027527,1.2114654779434204,2.1576168537139893,1.8549925088882446,1.917348027229309,1.5758095979690552,1.6128628253936768,1.5671042203903198,1.2337902784347534,1.0717449188232422,0.7396873235702515,0.6189348697662354,0.4841727316379547,0.6283867955207825,0.7929182648658752,1.0563063621520996,1.330353021621704,2.3264033794403076,2.0197365283966064,2.105407953262329,1.7913355827331543,1.7700344324111938,1.7909761667251587,1.4460644721984863,1.356618046760559,1.0819469690322876,1.0418643951416016,0.9750642776489258,1.0672699213027954,1.2221624851226807,1.438857913017273,1.7299113273620605,2.7505712509155273,2.4139976501464844,2.5009658336639404,2.192770481109619,2.120715618133545,2.141505718231201,1.7796235084533691,1.7669554948806763,1.512026071548462,1.5184919834136963,1.463492512702942,1.5223549604415894,1.6798511743545532,1.7548714876174927,2.0871119499206543
B12,3.1580121517181396,2.7768313884735107,2.62638783454895,2.2507073879241943,2.161982774734497,1.8872411251068115,1.6300832033157349,1.3054417371749878,1.0870622396469116,0.7665398120880127,0.6477461457252502,0.5141108632087708,0.6735918521881104,0.9336882829666138,1.1838613748550415,2.46504282951355,2.1666438579559326,2.216736316680908,1.873009204864502,1.985494613647461,1.8496097326278687,1.53841233253479,1.2671855688095093,0.9629663228988647,0.6431406736373901,0.3936726748943329,0.0,0.3776688575744629,0.6154580116271973,0.9474488496780396,2.5038766860961914,2.2212162017822266,2.300884246826172,1.9628057479858398,2.004798412322998,1.9417468309402466,1.6001780033111572,1.3917815685272217,1.0705509185791016,0.8358362317085266,0.6198537945747375,0.4832727611064911,0.6027133464813232,0.739180326461792,1.0543525218963623,2.6361823081970215,2.3511335849761963,2.4542195796966553,2.1374053955078125,2.138350009918213,2.1345388889312744,1.781743049621582,1.6373300552368164,1.335738182067871,1.1965367794036865,1.0391558408737183,0.9843665361404419,1.0840083360671997,1.200160264968872,1.5096009969711304,2.980623245239258,2.6649434566497803,2.7720727920532227,2.4578115940093994,2.4267163276672363,2.4323487281799316,2.0619988441467285,1.9951897859573364,1.700887680053711,1.6374586820602417,1.499553918838501,1.47861647605896,1.5595680475234985,1.57477605342865,1.8745766878128052
B13,3.341310739517212,2.9578540325164795,2.8361032009124756,2.449000358581543,2.407346725463867,2.15145206451416,1.8935589790344238,1.6041343212127686,1.3316444158554077,1.0461618900299072,0.801086962223053,0.6297481656074524,0.553104043006897,0.8184927701950073,0.95320725440979,2.466324806213379,2.2121472358703613,2.3044447898864746,1.9908347129821777,2.165562868118286,2.0602529048919678,1.7808187007904053,1.547487497329712,1.2032535076141357,0.947506308555603,0.5977882742881775,0.3776688575744629,0.0,0.3949849307537079,0.6164840459823608,2.436588764190674,2.2011208534240723,2.3318793773651123,2.0245790481567383,2.133993625640869,2.1063601970672607,1.7995704412460327,1.6265039443969727,1.2677382230758667,1.0814876556396484,0.7681792974472046,0.6464523077011108,0.515547513961792,0.6293626427650452,0.8185214996337891,2.531407356262207,2.2909040451049805,2.4451699256896973,2.1594340801239014,2.2237548828125,2.261035203933716,1.9374406337738037,1.8226343393325806,1.485077142715454,1.3829197883605957,1.150404453277588,1.1139014959335327,1.0841302871704102,1.1836349964141846,1.4086005687713623,2.8699371814727783,2.588963270187378,2.743504047393799,2.460885763168335,2.4731931686401367,2.5295655727386475,2.1766164302825928,2.1341326236724854,1.8125882148742676,1.7899712324142456,1.6077632904052734,1.6303369998931885,1.6480252742767334,1.7035319805145264,1.9541759490966797
