,A1,A2,A3,A4,A5,A6,A7,A8,A9,A10,A11,A12,A13,A14,A15,B1,B2,B3,B4,B5,B6,B7,B8,B9,B10,B11,B12,B13,B14,B15,C1,C2,C3,C4,C5,C6,C7,C8,C9,C10,C11,C12,C13,C14,C15,D1,D2,D3,D4,D5,D6,D7,D8,D9,D10,D11,D12,D13,D14,D15,E1,E2,E3,E4,E5,E6,E7,E8,E9,E10,E11,E12,E13,E14,E15
A1,0.0,0.38196271657943726,0.6281274557113647,0.9619669318199158,1.1357814073562622,1.4817802906036377,1.7679489850997925,2.063058376312256,2.3240928649902344,2.6353561878204346,2.9014790058135986,3.1661157608032227,3.472238540649414,3.5194828510284424,3.8768839836120605,2.231968641281128,1.9732551574707031,1.856642484664917,1.8586863279342651,1.5998305082321167,1.7948718070983887,1.8893768787384033,2.2394778728485107,2.490401029586792,2.800154209136963,3.077988624572754,3.3715574741363525,3.6790645122528076,3.924128293991089,4.214493274688721,2.9919052124023438,2.6850268840789795,2.581301212310791,2.43095064163208,2.1447248458862305,2.259572744369507,2.2169299125671387,2.4982709884643555,2.734518527984619,2.9896440505981445,3.2795796394348145,3.5314078330993652,3.8581295013427734,4.089323997497559,4.393734455108643,3.5803842544555664,3.2704668045043945,3.182785749435425,2.9662084579467773,2.670790910720825,2.6855409145355225,2.5873663425445557,2.815213203430176,3.0212557315826416,3.206684112548828,3.4963574409484863,3.671297311782837,4.027122974395752,4.206348896026611,4.562513828277588,4.268251895904541,3.9334707260131836,3.89595627784729,3.6016604900360107,3.3213837146759033,3.1953301429748535,3.0505259037017822,3.2331430912017822,3.382352113723755,3.4880709648132324,3.7511556148529053,3.804490327835083,4.150643348693848,4.130396366119385,4.516563415527344
A2,0.38196271657943726,0.0,0.3916473388671875,0.6301121711730957,0.8581003546714783,1.1814817190170288,1.4938952922821045,1.821000099182129,2.0422630310058594,2.373166084289551,2.610163927078247,2.891953229904175,3.1782350540161133,3.2183730602264404,3.567500352859497,1.8564059734344482,1.5971144437789917,1.5033849477767944,1.5236196517944336,1.3047517538070679,1.5563048124313354,1.6484545469284058,2.0164825916290283,2.2269766330718994,2.5503718852996826,2.799994468688965,3.1052494049072266,3.391669988632202,3.6389341354370117,3.9127590656280518,2.6495914459228516,2.3469464778900146,2.2743093967437744,2.133218765258789,1.87907874584198,2.0427942276000977,1.9958293437957764,2.293489694595337,2.4937164783477783,2.7618446350097656,3.0257298946380615,3.2895185947418213,3.5978844165802,3.833045721054077,4.122321128845215,3.2667880058288574,2.964855432510376,2.9070987701416016,2.7031469345092773,2.4279356002807617,2.4897611141204834,2.387733221054077,2.6309216022491455,2.8057901859283447,3.0055038928985596,3.2725272178649902,3.461341142654419,3.8018529415130615,3.9878902435302734,4.3328142166137695,3.9972496032714844,3.6698248386383057,3.660128355026245,3.376924991607666,3.1016502380371094,3.015484094619751,2.866818904876709,3.068169116973877,3.191655397415161,3.3180058002471924,3.5644021034240723,3.6373815536499023,3.9747061729431152,3.970890522003174,4.358927249908447
A3,0.6281274557113647,0.3916473388671875,0.0,0.3794001638889313,0.5287426710128784,0.8574886322021484,1.1518906354904175,1.457571029663086,1.7033517360687256,2.025499105453491,2.283702850341797,2.5613999366760254,2.863844156265259,2.932878017425537,3.2884445190429688,1.7898515462875366,1.47211492061615,1.3474229574203491,1.2760957479476929,1.0373976230621338,1.2398289442062378,1.2888656854629517,1.6427874565124512,1.8713747262954712,2.184147357940674,2.452416181564331,2.7506542205810547,3.0526511669158936,3.303077459335327,3.5902037620544434,2.5049891471862793,2.169725179672241,2.0820648670196533,1.8846174478530884,1.6363561153411865,1.7634755373001099,1.6677528619766235,1.9388930797576904,2.141496419906616,2.3928918838500977,2.667612075805664,2.9209463596343994,3.2399041652679443,3.4716711044311523,3.77066969871521,3.0691256523132324,2.743492603302002,2.683842420578003,2.442596435546875,2.18780255317688,2.2300071716308594,2.084502935409546,2.2972354888916016,2.4621660709381104,2.6412105560302734,2.9096550941467285,3.0854268074035645,3.430982828140259,3.610276699066162,3.960611343383789,3.7555034160614014,3.415106773376465,3.408536672592163,3.103801727294922,2.8545024394989014,2.762835741043091,2.5792880058288574,2.753343105316162,2.8582282066345215,2.964099407196045,3.2013309001922607,3.260756254196167,3.5945236682891846,3.583223342895508,3.97019100189209
A4,0.9619669318199158,0.6301121711730957,0.3794001638889313,0.0,0.362608939409256,0.5762839317321777,0.9185109734535217,1.2627607583999634,1.4434773921966553,1.7936699390411377,2.010401725769043,2.3145744800567627,2.590768814086914,2.6602556705474854,3.0039939880371094,1.4297467470169067,1.0979143381118774,0.987569272518158,0.9216461777687073,0.7439126968383789,1.0254141092300415,1.073683500289917,1.4473466873168945,1.61745023727417,1.950703501701355,2.1811583042144775,2.4977848529815674,2.7722294330596924,3.03078031539917,3.296550750732422,2.153141975402832,1.819268822669983,1.7659255266189575,1.5762394666671753,1.3741616010665894,1.5610904693603516,1.4633636474609375,1.7528343200683594,1.9072290658950806,2.1772844791412354,2.4182915687561035,2.68949556350708,2.9843175411224365,3.225050687789917,3.5037965774536133,2.7401695251464844,2.422895669937134,2.3968048095703125,2.1710283756256104,1.9442191123962402,2.042592763900757,1.8962756395339966,2.1262168884277344,2.2522435188293457,2.45080304145813,2.6910223960876465,2.8865737915039062,3.2119944095611572,3.402987480163574,3.7372939586639404,3.468010187149048,3.136871099472046,3.1605865955352783,2.8708181381225586,2.6291956901550293,2.5846316814422607,2.4004127979278564,2.5957770347595215,2.6712470054626465,2.8034698963165283,3.0213937759399414,3.1072282791137695,3.430175542831421,3.442253351211548,3.8295392990112305
A5,1.1357814073562622,0.8581003546714783,0.5287426710128784,0.362608939409256,0.0,0.3763577342033386,0.639735996723175,0.970084011554718,1.1952201128005981,1.5160411596298218,1.7667262554168701,2.0396575927734375,2.3389391899108887,2.404994487762451,2.7619125843048096,1.5757871866226196,1.206122636795044,1.1419029235839844,0.9616824984550476,0.8427934646606445,1.0407733917236328,0.9544382691383362,1.2722586393356323,1.4439555406570435,1.7327313423156738,1.9816899299621582,2.264349937438965,2.5611050128936768,2.7942569255828857,3.0828967094421387,2.275285005569458,1.9216930866241455,1.8867627382278442,1.6355693340301514,1.4772166013717651,1.6191226243972778,1.4345213174819946,1.6565072536468506,1.7872322797775269,2.005242347717285,2.247990846633911,2.4810872077941895,2.789717197418213,3.0001909732818604,3.298649787902832,2.822338342666626,2.488525152206421,2.4822843074798584,2.2179815769195557,2.035493850708008,2.1157283782958984,1.9066133499145508,2.076517105102539,2.1683995723724365,2.3158419132232666,2.5424087047576904,2.6977577209472656,3.0258429050445557,3.1842963695526123,3.5318284034729004,3.5154495239257812,3.1745786666870117,3.2141528129577637,2.9019899368286133,2.701397180557251,2.6565628051757812,2.426353693008423,2.575235366821289,2.611785888671875,2.7014009952545166,2.8904824256896973,2.939253568649292,3.2443439960479736,3.225107192993164,3.6044273376464844
A6,1.4817802906036377,1.1814817190170288,0.8574886322021484,0.5762839317321777,0.3763577342033386,0.0,0.3564068377017975,0.7123165726661682,0.8676185607910156,1.2190061807632446,1.4396147727966309,1.7429637908935547,2.026608467102051,2.1214025020599365,2.468935489654541,1.3867934942245483,0.9955490827560425,0.9287275671958923,0.6617527604103088,0.644705593585968,0.8280287384986877,0.6819208860397339,0.988518476486206,1.1010429859161377,1.4060040712356567,1.6294976472854614,1.9306461811065674,2.211179256439209,2.46024751663208,2.7366721630096436,1.98800528049469,1.6243999004364014,1.60901939868927,1.33103609085083,1.2365108728408813,1.3946863412857056,1.1787163019180298,1.3868448734283447,1.464928150177002,1.689493179321289,1.9055558443069458,2.1524617671966553,2.444617748260498,2.6661975383758545,2.950810670852661,2.5026605129241943,2.165966033935547,2.185800313949585,1.916512370109558,1.7791852951049805,1.8919854164123535,1.6623528003692627,1.8226882219314575,1.8695842027664185,2.022247076034546,2.222257137298584,2.3908400535583496,2.702676773071289,2.871929168701172,3.206496238708496,3.192139148712158,2.854628562927246,2.9190597534179688,2.611534833908081,2.4356424808502197,2.4273784160614014,2.18306040763855,2.3320467472076416,2.3324456214904785,2.4345438480377197,2.6011102199554443,2.668828010559082,2.9624385833740234,2.9642014503479004,3.342587471008301
A7,1.7679489850997925,1.4938952922821045,1.1518906354904175,0.9185109734535217,0.639735996723175,0.3564068377017975,0.0,0.3735053539276123,0.5588473081588745,0.8804987668991089,1.1365001201629639,1.4135849475860596,1.7202345132827759,1.829003930091858,2.185912609100342,1.574535608291626,1.1868518590927124,1.1592646837234497,0.8262558579444885,0.8846495747566223,0.9498285055160522,0.6594272255897522,0.8246548771858215,0.8954207897186279,1.1331114768981934,1.3662919998168945,1.6302562952041626,1.930479884147644,2.157172203063965,2.454542875289917,2.0899953842163086,1.7230732440948486,1.7276018857955933,1.4037363529205322,1.374699354171753,1.481146216392517,1.1889123916625977,1.2979862689971924,1.320379614830017,1.4749842882156372,1.6769437789916992,1.8812388181686401,2.180776357650757,2.3722474575042725,2.6726014614105225,2.5377395153045654,2.1938509941101074,2.23775577545166,1.9397424459457397,1.8635421991348267,1.9623256921768188,1.6786830425262451,1.7667464017868042,1.758655071258545,1.8518439531326294,2.0217111110687256,2.1482300758361816,2.453822135925293,2.5911600589752197,2.933626651763916,3.1759555339813232,2.835697650909424,2.920598030090332,2.5992677211761475,2.4741716384887695,2.4757440090179443,2.191775321960449,2.2910141944885254,2.2401211261749268,2.3002912998199463,2.4252421855926514,2.4601218700408936,2.7274856567382812,2.7046620845794678,3.0723659992218018
A8,2.063058376312256,1.821000099182129,1.457571029663086,1.2627607583999634,0.970084011554718,0.7123165726661682,0.3735053539276123,0.0,0.38155269622802734,0.5908789038658142,0.9201546907424927,1.1552573442459106,1.4982447624206543,1.65945303440094,2.017677068710327,1.8528715372085571,1.476783037185669,1.434395670890808,1.063032627105713,1.1244571208953857,1.063964605331421,0.689211905002594,0.6513824462890625,0.7064673900604248,0.8412250876426697,1.11697518825531,1.3359483480453491,1.6734861135482788,1.8900601863861084,2.2160894870758057,2.228351593017578,1.8598085641860962,1.8506561517715454,1.4861581325531006,1.4939396381378174,1.5224379301071167,1.1701644659042358,1.1605358123779297,1.144342064857483,1.2114752531051636,1.4187747240066528,1.5750092267990112,1.8954869508743286,2.0644428730010986,2.387523889541626,2.572655439376831,2.2189977169036865,2.2623605728149414,1.9312541484832764,1.906014323234558,1.9669221639633179,1.634995698928833,1.6388788223266602,1.5875418186187744,1.6108152866363525,1.762087106704712,1.842032790184021,2.1510190963745117,2.261025905609131,2.615936279296875,3.118246078491211,2.772721767425537,2.861447334289551,2.5223703384399414,2.449214220046997,2.444427967071533,2.1233489513397217,2.1624813079833984,2.0685667991638184,2.077800750732422,2.1674513816833496,2.1647021770477295,2.4120290279388428,2.3650460243225098,2.7251312732696533
A9,2.3240928649902344,2.0422630310058594,1.7033517360687256,1.4434773921966553,1.1952201128005981,0.8676185607910156,0.5588473081588745,0.38155269622802734,0.0,0.37991517782211304,0.5905338525772095,0.8979961276054382,1.1938762664794922,1.3661996126174927,1.7081629037857056,1.6983460187911987,1.357235074043274,1.3663793802261353,1.0078991651535034,1.191429853439331,1.164099097251892,0.81864333152771,0.7368823885917664,0.5730816125869751,0.6835386753082275,0.84334397315979,1.0875104665756226,1.375301480293274,1.6003940105438232,1.8979626893997192,2.001913547515869,1.6570976972579956,1.7079609632492065,1.362236738204956,1.4698172807693481,1.5465714931488037,1.2121269702911377,1.1909610033035278,1.055023431777954,1.115607738494873,1.2269026041030884,1.3960810899734497,1.6654571294784546,1.8378905057907104,2.129197359085083,2.334331750869751,2.0023202896118164,2.1027839183807373,1.8001341819763184,1.8394591808319092,1.9620838165283203,1.6427642107009888,1.650073766708374,1.5229146480560303,1.5568933486938477,1.637097716331482,1.7351632118225098,1.9967232942581177,2.1145236492156982,2.4397268295288086,2.9102017879486084,2.5843498706817627,2.71882963180542,2.407458782196045,2.3604440689086914,2.417416572570801,2.1048965454101562,2.160155773162842,2.018209934234619,2.05671763420105,2.1024727821350098,2.13387393951416,2.349215030670166,2.3348169326782227,2.6826837062835693
A10,2.6353561878204346,2.373166084289551,2.025499105453491,1.7936699390411377,1.5160411596298218,1.2190061807632446,0.8804987668991089,0.5908789038658142,0.37991517782211304,0.0,0.38466134667396545,0.5724644660949707,0.9213752746582031,1.1349118947982788,1.4769200086593628,2.0334784984588623,1.7113600969314575,1.7355047464370728,1.3781986236572266,1.5546783208847046,1.4779596328735352,1.1111458539962769,0.9072494506835938,0.710757315158844,0.5855118036270142,0.7092567086219788,0.8213387727737427,1.1415356397628784,1.3129576444625854,1.647405743598938,2.2651963233947754,1.939228892326355,1.9970207214355469,1.6442019939422607,1.7789496183395386,1.806712031364441,1.4482241868972778,1.3279942274093628,1.1396046876907349,1.06437349319458,1.122833251953125,1.1867674589157104,1.45437490940094,1.5626323223114014,1.877642035484314,2.5150818824768066,2.193021059036255,2.3073248863220215,1.9942859411239624,2.083317518234253,2.1797280311584473,1.8339221477508545,1.7634490728378296,1.5823962688446045,1.5256489515304565,1.5472335815429688,1.5656158924102783,1.8019506931304932,1.8602206707000732,2.1918485164642334,3.0076072216033936,2.689697265625,2.838860034942627,2.523751735687256,2.5318615436553955,2.5912351608276367,2.2545061111450195,2.2509777545928955,2.058018445968628,2.037954807281494,2.0217387676239014,2.002291679382324,2.1672587394714355,2.1152184009552,2.4374356269836426
A11,2.9014790058135986,2.610163927078247,2.283702850341797,2.010401725769043,1.7667262554168701,1.4396147727966309,1.1365001201629639,0.9201546907424927,0.5905338525772095,0.38466134667396545,0.0,0.3847528100013733,0.61238032579422,0.8544918298721313,1.1646020412445068,1.9776110649108887,1.7087870836257935,1.779043436050415,1.4611629247665405,1.7114015817642212,1.6669421195983887,1.3406047821044922,1.1477274894714355,0.8401116728782654,0.6906489729881287,0.5819403529167175,0.667385458946228,0.8752488493919373,1.0384690761566162,1.330572485923767,2.1288113594055176,1.8460335731506348,1.962749719619751,1.6505367755889893,1.8626774549484253,1.9309067726135254,1.6071408987045288,1.4928110837936401,1.2213451862335205,1.141442894935608,1.0698621273040771,1.1270051002502441,1.3004428148269653,1.3962198495864868,1.6593778133392334,2.3544368743896484,2.069211006164551,2.241548538208008,1.9711699485778809,2.118119239807129,2.2670629024505615,1.9472013711929321,1.886077880859375,1.6463253498077393,1.6024718284606934,1.5426234006881714,1.5751196146011353,1.738668441772461,1.7980777025222778,2.0818140506744385,2.8665552139282227,2.578115940093994,2.7739098072052,2.496011734008789,2.5305213928222656,2.6476380825042725,2.3294270038604736,2.342442512512207,2.1110150814056396,2.1206741333007812,2.0594608783721924,2.0757057666778564,2.198539972305298,2.182554244995117,2.480151653289795
A12,3.1661157608032227,2.891953229904175,2.5613999366760254,2.3145744800567627,2.0396575927734375,1.7429637908935547,1.4135849475860596,1.1552573442459106,0.8979961276054382,0.5724644660949707,0.3847528100013733,0.0,0.38709765672683716,0.6464241743087769,0.9543088674545288,2.332752227783203,2.068453550338745,2.1546742916107178,1.8339442014694214,2.068373441696167,2.0066306591033936,1.6578541994094849,1.4244343042373657,1.1521843671798706,0.9013527631759644,0.7843162417411804,0.6494521498680115,0.8362535238265991,0.8527493476867676,1.1867073774337769,2.4882845878601074,2.2193429470062256,2.338627815246582,2.0232717990875244,2.2307608127593994,2.2706642150878906,1.9294999837875366,1.7668277025222778,1.4946954250335693,1.3261252641677856,1.2222610712051392,1.1501760482788086,1.2936244010925293,1.27668297290802,1.555387258529663,2.6729519367218018,2.4006121158599854,2.5771968364715576,2.3020341396331787,2.4663517475128174,2.59110426902771,2.2546756267547607,2.145325183868408,1.8865803480148315,1.7716501951217651,1.6691919565200806,1.613313913345337,1.7367908954620361,1.7113806009292603,1.9909635782241821,3.1214613914489746,2.8441107273101807,3.0464720726013184,2.7676119804382324,2.8370554447174072,2.946845769882202,2.613596200942993,2.5824155807495117,2.3230865001678467,2.279202938079834,2.16788387298584,2.1274516582489014,2.1923933029174805,2.1271893978118896,2.38354229927063
A13,3.472238540649414,3.1782350540161133,2.863844156265259,2.590768814086914,2.3389391899108887,2.026608467102051,1.7202345132827759,1.4982447624206543,1.1938762664794922,0.9213752746582031,0.61238032579422,0.38709765672683716,0.0,0.41215264797210693,0.6173233985900879,2.4092860221862793,2.196758270263672,2.3170149326324463,2.0327906608581543,2.3101282119750977,2.269862174987793,1.948471188545227,1.7246750593185425,1.4042103290557861,1.161036729812622,0.921800434589386,0.7393830418586731,0.718957245349884,0.6274889707565308,0.8843774199485779,2.4927825927734375,2.273041248321533,2.437145233154297,2.163069486618042,2.4208505153656006,2.487093687057495,2.1744377613067627,2.017364740371704,1.7007981538772583,1.533267617225647,1.3379597663879395,1.245724081993103,1.2699609994888306,1.2063027620315552,1.4034839868545532,2.6427619457244873,2.415010452270508,2.637646436691284,2.4053356647491455,2.6133010387420654,2.774017333984375,2.4615800380706787,2.357968807220459,2.0616519451141357,1.9546245336532593,1.7871675491333008,1.7348408699035645,1.7765767574310303,1.7374818325042725,1.951360821723938,3.087502956390381,2.8459396362304688,3.087608814239502,2.847266435623169,2.942399263381958,3.097309112548828,2.7828829288482666,2.7611939907073975,2.4737789630889893,2.4496536254882812,2.2985191345214844,2.283461332321167,2.301849365234375,2.265502691268921,2.485335111618042
A14,3.5194828510284424,3.2183730602264404,2.932878017425537,2.6602556705474854,2.404994487762451,2.1214025020599365,1.829003930091858,1.65945303440094,1.3661996126174927,1.1349118947982788,0.8544918298721313,0.6464241743087769,0.41215264797210693,0.0,0.37577325105667114,2.4323766231536865,2.242097854614258,2.4231247901916504,2.171915292739868,2.4707820415496826,2.488497018814087,2.1686487197875977,1.9973335266113281,1.6922996044158936,1.498705506324768,1.2892446517944336,1.146453857421875,1.1117510795593262,0.961057722568512,1.1311476230621338,2.6438956260681152,2.442439317703247,2.647601842880249,2.397712469100952,2.651268243789673,2.760885238647461,2.4541070461273193,2.3386828899383545,2.040783166885376,1.90764319896698,1.7332037687301636,1.6565964221954346,1.6744319200515747,1.5865025520324707,1.7515230178833008,2.8806827068328857,2.6719088554382324,2.9176979064941406,2.7062127590179443,2.8946802616119385,3.0812087059020996,2.778270721435547,2.7072339057922363,2.4287023544311523,2.343397855758667,2.191786289215088,2.144577980041504,2.1854209899902344,2.13026762008667,2.330638885498047,3.4039394855499268,3.1736199855804443,3.427393674850464,3.1982436180114746,3.2697486877441406,3.433220624923706,3.1281230449676514,3.130643367767334,2.8577980995178223,2.845897912979126,2.706658124923706,2.689340829849243,2.707679510116577,2.6561501026153564,2.8653037548065186
A15,3.8768839836120605,3.567500352859497,3.2884445190429688,3.0039939880371094,2.7619125843048096,2.468935489654541,2.185912609100342,2.017677068710327,1.7081629037857056,1.4769200086593628,1.1646020412445068,0.9543088674545288,0.6173233985900879,0.37577325105667114,0.0,2.653125524520874,2.5029795169830322,2.695509433746338,2.465580940246582,2.7820005416870117,2.7983205318450928,2.4925506114959717,2.3092544078826904,1.9809073209762573,1.7706096172332764,1.5070643424987793,1.324453353881836,1.1787986755371094,0.9442177414894104,0.9902322888374329,2.784193277359009,2.6248011589050293,2.8522443771362305,2.630281925201416,2.9145185947418213,3.0279736518859863,2.7372536659240723,2.6101877689361572,2.2850677967071533,2.1359262466430664,1.9075111150741577,1.8018001317977905,1.73879075050354,1.6041206121444702,1.6924349069595337,2.968545913696289,2.7990589141845703,3.071992874145508,2.890714406967163,3.113499402999878,3.3147928714752197,3.0256972312927246,2.9451658725738525,2.639251947402954,2.5452640056610107,2.346600294113159,2.2875826358795166,2.2648985385894775,2.187405824661255,2.3289577960968018,3.4562644958496094,3.259237766265869,3.539158582687378,3.340405225753784,3.4399094581604004,3.632023334503174,3.3384945392608643,3.3358402252197266,3.0392401218414307,3.0296833515167236,2.8547425270080566,2.8452351093292236,2.819981813430786,2.7826108932495117,2.9537248611450195
B1,2.231968641281128,1.8564059734344482,1.7898515462875366,1.4297467470169067,1.5757871866226196,1.3867934942245483,1.574535608291626,1.8528715372085571,1.6983460187911987,2.0334784984588623,1.9776110649108887,2.332752227783203,2.4092860221862793,2.4323766231536865,2.653125524520874,0.0,0.3930293619632721,0.6459309458732605,0.9441516399383545,1.2181707620620728,1.5614888668060303,1.657854676246643,1.9328175783157349,1.8107937574386597,2.1353471279144287,2.1178054809570312,2.464289665222168,2.538830041885376,2.8026633262634277,2.909224510192871,1.0858688354492188,0.9563204646110535,1.1979738473892212,1.2866907119750977,1.3944624662399292,1.7893316745758057,1.8154246807098389,2.1102850437164307,2.0465571880340576,2.354271411895752,2.3926937580108643,2.7148513793945312,2.844000816345215,3.1090428829193115,3.248128890991211,1.8799902200698853,1.7196546792984009,1.8811436891555786,1.868994116783142,1.7923469543457031,2.1318516731262207,2.1023879051208496,2.3909435272216797,2.367248773574829,2.6430978775024414,2.734877109527588,3.0094857215881348,3.205307960510254,3.4432153701782227,3.6678974628448486,2.842522382736206,2.617504596710205,2.7709920406341553,2.6298043727874756,2.4092390537261963,2.5803916454315186,2.4906816482543945,2.7813117504119873,2.7697994709014893,3.021691083908081,3.159087657928467,3.362832546234131,3.6214473247528076,3.739124298095703,4.098010540008545
B2,1.9732551574707031,1.5971144437789917,1.47211492061615,1.0979143381118774,1.206122636795044,0.9955490827560425,1.1868518590927124,1.476783037185669,1.357235074043274,1.7113600969314575,1.7087870836257935,2.068453550338745,2.196758270263672,2.242097854614258,2.5029795169830322,0.3930293619632721,0.0,0.38797032833099365,0.5980072021484375,0.8877642154693604,1.238111138343811,1.2974168062210083,1.5854395627975464,1.4959381818771362,1.8312445878982544,1.8645049333572388,2.213897943496704,2.340975046157837,2.6095104217529297,2.7634098529815674,1.2334345579147339,0.9826812148094177,1.1520718336105347,1.118179440498352,1.1861212253570557,1.5543702840805054,1.5233638286590576,1.8115661144256592,1.7715644836425781,2.071902275085449,2.150679349899292,2.4644105434417725,2.6359007358551025,2.896108388900757,3.0748579502105713,1.954491376876831,1.7234801054000854,1.8487826585769653,1.7536375522613525,1.659224271774292,1.9555894136428833,1.870690941810608,2.137615442276001,2.1260783672332764,2.3802545070648193,2.497978448867798,2.7531795501708984,2.979757785797119,3.204709053039551,3.459449529647827,2.8534135818481445,2.588005542755127,2.720820903778076,2.526854991912842,2.315324306488037,2.4437003135681152,2.3074264526367188,2.568737030029297,2.556626558303833,2.7770063877105713,2.92193865776062,3.0965871810913086,3.365839958190918,3.457897901535034,3.8244264125823975
B3,1.856642484664917,1.5033849477767944,1.3474229574203491,0.987569272518158,1.1419029235839844,0.9287275671958923,1.1592646837234497,1.434395670890808,1.3663793802261353,1.7355047464370728,1.779043436050415,2.1546742916107178,2.3170149326324463,2.4231247901916504,2.695509433746338,0.6459309458732605,0.38797032833099365,0.0,0.3909986913204193,0.5816437602043152,0.9277202486991882,1.080003023147583,1.4027917385101318,1.375282645225525,1.7502468824386597,1.8314197063446045,2.2082130908966064,2.3653247356414795,2.6729400157928467,2.8445045948028564,1.1696640253067017,0.8590878844261169,0.898733913898468,0.8466028571128845,0.830059826374054,1.2049295902252197,1.2249739170074463,1.5560665130615234,1.5757296085357666,1.916324496269226,2.0412676334381104,2.3832485675811768,2.5796875953674316,2.873689889907837,3.06375789642334,1.8207790851593018,1.552013874053955,1.6040602922439575,1.4859308004379272,1.3329156637191772,1.6070888042449951,1.5469551086425781,1.8457337617874146,1.8852272033691406,2.170342445373535,2.3311939239501953,2.610882520675659,2.8617196083068848,3.1147329807281494,3.3768248558044434,2.6624646186828613,2.3758203983306885,2.464301586151123,2.253418445587158,2.012552261352539,2.1068732738494873,1.983163595199585,2.260345220565796,2.289849281311035,2.5249128341674805,2.708710193634033,2.8975369930267334,3.1952433586120605,3.302334785461426,3.680530548095703
B4,1.8586863279342651,1.5236196517944336,1.2760957479476929,0.9216461777687073,0.9616824984550476,0.6617527604103088,0.8262558579444885,1.063032627105713,1.0078991651535034,1.3781986236572266,1.4611629247665405,1.8339442014694214,2.0327906608581543,2.171915292739868,2.465580940246582,0.9441516399383545,0.5980072021484375,0.3909986913204193,0.0,0.3926456868648529,0.6603379845619202,0.7156620025634766,1.0226967334747314,1.0050201416015625,1.3825279474258423,1.5029810667037964,1.8756766319274902,2.072617530822754,2.3816280364990234,2.5885112285614014,1.3351333141326904,0.9675512909889221,0.9645468592643738,0.7425368428230286,0.7370644807815552,1.0340840816497803,0.9419493079185486,1.2336194515228271,1.248903751373291,1.569167971611023,1.7199132442474365,2.047074317932129,2.2740001678466797,2.558739185333252,2.7782838344573975,1.8674002885818481,1.5482810735702515,1.5904215574264526,1.3836500644683838,1.2639302015304565,1.4866636991500854,1.3374017477035522,1.5823038816452026,1.6034200191497803,1.852371335029602,2.021103858947754,2.276038885116577,2.5453643798828125,2.7818024158477783,3.0647788047790527,2.622671127319336,2.306995391845703,2.39400053024292,2.135495662689209,1.936814308166504,2.004873514175415,1.8161736726760864,2.0429205894470215,2.0433437824249268,2.2384049892425537,2.4099559783935547,2.56877064704895,2.8644628524780273,2.9491355419158936,3.3287851810455322
B5,1.5998305082321167,1.3047517538070679,1.0373976230621338,0.7439126968383789,0.8427934646606445,0.644705593585968,0.8846495747566223,1.1244571208953857,1.191429853439331,1.5546783208847046,1.7114015817642212,2.068373441696167,2.3101282119750977,2.4707820415496826,2.7820005416870117,1.2181707620620728,0.8877642154693604,0.5816437602043152,0.3926456868648529,0.0,0.4043522775173187,0.6110872626304626,0.9958963990211487,1.1201884746551514,1.5093719959259033,1.7062389850616455,2.0756454467773438,2.316288471221924,2.6365222930908203,2.8702969551086426,1.5732296705245972,1.2048563957214355,1.0807111263275146,0.8473849296569824,0.6436485648155212,0.8683086633682251,0.813454270362854,1.1592350006103516,1.2955726385116577,1.6322847604751587,1.8556944131851196,2.184303045272827,2.4508063793182373,2.7471203804016113,2.990712881088257,2.0491955280303955,1.7112606763839722,1.6644786596298218,1.427120327949524,1.2145522832870483,1.350620985031128,1.2144601345062256,1.4843159914016724,1.5970898866653442,1.8555781841278076,2.0890583992004395,2.344507932662964,2.6511595249176025,2.8964741230010986,3.198906183242798,2.7286148071289062,2.3940505981445312,2.4196815490722656,2.1352550983428955,1.9006801843643188,1.8919001817703247,1.7101176977157593,1.9370336532592773,2.003075361251831,2.1884992122650146,2.4118874073028564,2.5595626831054688,2.889239549636841,2.96541428565979,3.356825351715088
B6,1.7948718070983887,1.5563048124313354,1.2398289442062378,1.0254141092300415,1.0407733917236328,0.8280287384986877,0.9498285055160522,1.063964605331421,1.164099097251892,1.4779596328735352,1.6669421195983887,2.0066306591033936,2.269862174987793,2.488497018814087,2.7983205318450928,1.5614888668060303,1.238111138343811,0.9277202486991882,0.6603379845619202,0.4043522775173187,0.0,0.3901939392089844,0.7233816385269165,0.9319645762443542,1.3082529306411743,1.5529844760894775,1.9150749444961548,2.1834073066711426,2.5221989154815674,2.7741734981536865,1.7067928314208984,1.3265928030014038,1.124934196472168,0.8048467636108398,0.5613344311714172,0.5827373266220093,0.44643735885620117,0.7928774952888489,1.0051199197769165,1.3425832986831665,1.6147665977478027,1.9417965412139893,2.2328147888183594,2.542266845703125,2.7998692989349365,2.0267128944396973,1.657799243927002,1.5566513538360596,1.2497837543487549,1.0417864322662354,1.0801362991333008,0.8764963150024414,1.1119509935379028,1.2623424530029297,1.5123337507247925,1.7839244604110718,2.0375945568084717,2.3652539253234863,2.619811534881592,2.930130958557129,2.5714385509490967,2.2144293785095215,2.2074058055877686,1.8834843635559082,1.6760838031768799,1.6183805465698242,1.3912835121154785,1.577630877494812,1.653769850730896,1.8171110153198242,2.0607125759124756,2.200223922729492,2.546100378036499,2.6244494915008545,3.0197746753692627
B7,1.8893768787384033,1.6484545469284058,1.2888656854629517,1.073683500289917,0.9544382691383362,0.6819208860397339,0.6594272255897522,0.689211905002594,0.81864333152771,1.1111458539962769,1.3406047821044922,1.6578541994094849,1.948471188545227,2.1686487197875977,2.4925506114959717,1.657854676246643,1.2974168062210083,1.080003023147583,0.7156620025634766,0.6110872626304626,0.3901939392089844,0.0,0.40125954151153564,0.6421689987182617,0.9920760989189148,1.2753033638000488,1.609247088432312,1.9112273454666138,2.224519968032837,2.5058839321136475,1.862013339996338,1.4734545946121216,1.343845248222351,0.9718260169029236,0.8646959662437439,0.8556046485900879,0.5409111976623535,0.7088319659233093,0.8545125722885132,1.1183744668960571,1.3976396322250366,1.6820861101150513,1.9969886541366577,2.271198272705078,2.5568113327026367,2.1674206256866455,1.7921682596206665,1.7456870079040527,1.407012701034546,1.2925103902816772,1.326704740524292,1.0330557823181152,1.146749496459961,1.2142183780670166,1.3796473741531372,1.6253012418746948,1.8255809545516968,2.1603853702545166,2.373764753341675,2.705596923828125,2.6924314498901367,2.331799030303955,2.360851526260376,2.0185184478759766,1.8772153854370117,1.8369364738464355,1.5512480735778809,1.6625721454620361,1.663144826889038,1.7615344524383545,1.9537192583084106,2.042205572128296,2.363574981689453,2.4010250568389893,2.7919349670410156
B8,2.2394778728485107,2.0164825916290283,1.6427874565124512,1.4473466873168945,1.2722586393356323,0.988518476486206,0.8246548771858215,0.6513824462890625,0.7368823885917664,0.9072494506835938,1.1477274894714355,1.4244343042373657,1.7246750593185425,1.9973335266113281,2.3092544078826904,1.9328175783157349,1.5854395627975464,1.4027917385101318,1.0226967334747314,0.9958963990211487,0.7233816385269165,0.40125954151153564,0.0,0.3904203176498413,0.6507613062858582,0.9855434894561768,1.2859429121017456,1.6158329248428345,1.9287593364715576,2.2291295528411865,2.008793592453003,1.6321908235549927,1.5124261379241943,1.1116244792938232,1.0937268733978271,0.9905247092247009,0.6020392179489136,0.5099238753318787,0.5830916166305542,0.7525922060012817,1.0608547925949097,1.3123010396957397,1.6507818698883057,1.9146833419799805,2.218256711959839,2.1924562454223633,1.813523769378662,1.7794779539108276,1.4064840078353882,1.382550835609436,1.3764654397964478,1.0155051946640015,0.9880833625793457,0.9742209911346436,1.0515862703323364,1.282859444618225,1.44530189037323,1.7892402410507202,1.9862658977508545,2.3290629386901855,2.6068904399871826,2.2427616119384766,2.284630060195923,1.9230023622512817,1.8583606481552124,1.8227007389068604,1.4858198165893555,1.512195110321045,1.4411711692810059,1.4781787395477295,1.6263444423675537,1.6813626289367676,1.9867098331451416,2.0098767280578613,2.3980801105499268
B9,2.490401029586792,2.2269766330718994,1.8713747262954712,1.61745023727417,1.4439555406570435,1.1010429859161377,0.8954207897186279,0.7064673900604248,0.5730816125869751,0.710757315158844,0.8401116728782654,1.1521843671798706,1.4042103290557861,1.6922996044158936,1.9809073209762573,1.8107937574386597,1.4959381818771362,1.375282645225525,1.0050201416015625,1.1201884746551514,0.9319645762443542,0.6421689987182617,0.3904203176498413,0.0,0.3966881036758423,0.6356909871101379,0.9837359189987183,1.2731612920761108,1.6003466844558716,1.8767725229263306,1.8162519931793213,1.4622637033462524,1.416839361190796,1.0297143459320068,1.1502764225006104,1.1255699396133423,0.7782745361328125,0.6694408655166626,0.4822738468647003,0.6223406195640564,0.8059177994728088,1.081930160522461,1.3745360374450684,1.6434965133666992,1.9210422039031982,1.9823315143585205,1.6221776008605957,1.6645152568817139,1.319722294807434,1.3908381462097168,1.470995306968689,1.1299396753311157,1.097684383392334,0.950707733631134,1.0222673416137695,1.1440556049346924,1.3196485042572021,1.6100672483444214,1.8088171482086182,2.1253464221954346,2.433342218399048,2.0886292457580566,2.1929919719696045,1.861783742904663,1.838201880455017,1.8849172592163086,1.556750774383545,1.5958266258239746,1.4471149444580078,1.509924292564392,1.5849802494049072,1.6695375442504883,1.9262126684188843,1.9751914739608765,2.3462469577789307
B10,2.800154209136963,2.5503718852996826,2.184147357940674,1.950703501701355,1.7327313423156738,1.4060040712356567,1.1331114768981934,0.8412250876426697,0.6835386753082275,0.5855118036270142,0.6906489729881287,0.9013527631759644,1.161036729812622,1.498705506324768,1.7706096172332764,2.1353471279144287,1.8312445878982544,1.7502468824386597,1.3825279474258423,1.5093719959259033,1.3082529306411743,0.9920760989189148,0.6507613062858582,0.3966881036758423,0.0,0.3897632956504822,0.6355050802230835,0.9819994568824768,1.284016728401184,1.5960466861724854,2.100503444671631,1.7739700078964233,1.7531306743621826,1.3786394596099854,1.5273501873016357,1.4617482423782349,1.1080974340438843,0.8791342973709106,0.6215371489524841,0.48117372393608093,0.5900207161903381,0.7498214840888977,1.0716769695281982,1.2939985990524292,1.605578064918518,2.182351589202881,1.8424688577651978,1.9077750444412231,1.5644179582595825,1.6959694623947144,1.7461662292480469,1.3865854740142822,1.2490593194961548,1.0220929384231567,0.9460907578468323,0.9772166013717651,1.0518558025360107,1.3267403841018677,1.4704346656799316,1.8035820722579956,2.533182382583618,2.201836347579956,2.3260674476623535,1.995441198348999,2.0437872409820557,2.0951836109161377,1.743792176246643,1.703393578529358,1.4829181432724,1.4627915620803833,1.4496670961380005,1.4709994792938232,1.6711475849151611,1.6828352212905884,2.0347697734832764
B11,3.077988624572754,2.799994468688965,2.452416181564331,2.1811583042144775,1.9816899299621582,1.6294976472854614,1.3662919998168945,1.11697518825531,0.84334397315979,0.7092567086219788,0.5819403529167175,0.7843162417411804,0.921800434589386,1.2892446517944336,1.5070643424987793,2.1178054809570312,1.8645049333572388,1.8314197063446045,1.5029810667037964,1.7062389850616455,1.5529844760894775,1.2753033638000488,0.9855434894561768,0.6356909871101379,0.3897632956504822,0.0,0.3981062173843384,0.6376135945320129,0.9788997173309326,1.2478519678115845,1.9897942543029785,1.7109570503234863,1.7538143396377563,1.4269335269927979,1.6628047227859497,1.6478577852249146,1.3427492380142212,1.1405786275863647,0.7932095527648926,0.6503611207008362,0.4932819902896881,0.6377241611480713,0.8361018896102905,1.0628288984298706,1.3228759765625,2.0270674228668213,1.7277573347091675,1.8621546030044556,1.5698295831680298,1.774764895439148,1.8863656520843506,1.5644149780273438,1.4414585828781128,1.1417114734649658,1.0771898031234741,0.9745557904243469,1.0574073791503906,1.2262763977050781,1.3694645166397095,1.647286295890808,2.3862030506134033,2.0881497859954834,2.2707042694091797,1.9849947690963745,2.071584701538086,2.1925363540649414,1.8663612604141235,1.8429474830627441,1.572582721710205,1.5850969552993774,1.5037387609481812,1.5641589164733887,1.6993430852890015,1.7498904466629028,2.0653982162475586
B12,3.3715574741363525,3.1052494049072266,2.7506542205810547,2.4977848529815674,2.264349937438965,1.9306461811065674,1.6302562952041626,1.3359483480453491,1.0875104665756226,0.8213387727737427,0.667385458946228,0.6494521498680115,0.7393830418586731,1.146453857421875,1.324453353881836,2.464289665222168,2.213897943496704,2.2082130908966064,1.8756766319274902,2.0756454467773438,1.9150749444961548,1.609247088432312,1.2859429121017456,0.9837359189987183,0.6355050802230835,0.3981062173843384,0.0,0.40399476885795593,0.6579342484474182,0.9896466135978699,2.346611976623535,2.0881314277648926,2.1445319652557373,1.8232700824737549,2.05530047416687,2.0172979831695557,1.6982284784317017,1.4495923519134521,1.1186453104019165,0.8591089248657227,0.6443194150924683,0.5175261497497559,0.664746880531311,0.75361168384552,1.0595697164535522,2.339195489883423,2.064767599105835,2.2091715335845947,1.9233667850494385,2.1474146842956543,2.234013557434082,1.901201844215393,1.7233268022537231,1.4047083854675293,1.2409073114395142,1.0620085000991821,1.0040515661239624,1.1018903255462646,1.13613760471344,1.4154607057571411,2.615509033203125,2.339045286178589,2.5319013595581055,2.254239082336426,2.386490821838379,2.5020368099212646,2.1652534008026123,2.0870795249938965,1.7806735038757324,1.7221988439559937,1.5632963180541992,1.55040442943573,1.6001557111740112,1.598830223083496,1.8669930696487427
B13,3.6790645122528076,3.391669988632202,3.0526511669158936,2.7722294330596924,2.5611050128936768,2.211179256439209,1.930479884147644,1.6734861135482788,1.375301480293274,1.1415356397628784,0.8752488493919373,0.8362535238265991,0.718957245349884,1.1117510795593262,1.1787986755371094,2.538830041885376,2.340975046157837,2.3653247356414795,2.072617530822754,2.316288471221924,2.1834073066711426,1.9112273454666138,1.6158329248428345,1.2731612920761108,0.9819994568824768,0.6376135945320129,0.40399476885795593,0.0,0.39935368299484253,0.6245977878570557,2.322309970855713,2.1207938194274902,2.222229480743408,1.9528603553771973,2.2392566204071045,2.233144998550415,1.9554030895233154,1.7280703783035278,1.360775113105774,1.136142611503601,0.8147394061088562,0.6887469291687012,0.5805999040603638,0.6214696168899536,0.7968459129333496,2.254406690597534,2.0344879627227783,2.2307393550872803,2.001373052597046,2.2768731117248535,2.4055540561676025,2.110095739364624,1.9481234550476074,1.5946084260940552,1.4568911790847778,1.1976122856140137,1.1593754291534424,1.1244523525238037,1.1533383131027222,1.327755331993103,2.5084638595581055,2.2773325443267822,2.518242359161377,2.2925586700439453,2.457557439804077,2.628337860107422,2.321589708328247,2.2592997550964355,1.925219178199768,1.8997207880020142,1.6951724290847778,1.7249618768692017,1.7140429019927979,1.7600680589675903,1.977364420890808
