,A1,A2,A3,A4,A5,A6,A7,A8,A9,A10,A11,A12,A13,A14,A15,B1,B2,B3,B4,B5,B6,B7,B8,B9,B10,B11,B12,B13,B14,B15,C1,C2,C3,C4,C5,C6,C7,C8,C9,C10,C11,C12,C13,C14,C15,D1,D2,D3,D4,D5,D6,D7,D8,D9,D10,D11,D12,D13,D14,D15,E1,E2,E3,E4,E5,E6,E7,E8,E9,E10,E11,E12,E13,E14,E15
A1,0.0,0.39331910014152527,0.6517333388328552,0.9573943614959717,1.1602014303207397,1.4877359867095947,1.7079159021377563,2.047603130340576,2.2621910572052,2.5969316959381104,2.7992281913757324,3.0908138751983643,3.2760519981384277,3.3666510581970215,3.623201608657837,1.795177698135376,1.6096028089523315,1.4587233066558838,1.6888912916183472,1.512468934059143,1.7910568714141846,1.9625829458236694,2.273921012878418,2.536567449569702,2.84393572807312,3.1033856868743896,3.40405535697937,3.6446943283081055,3.8951032161712646,4.092082500457764,2.692549705505371,2.411449670791626,2.2767834663391113,2.32804536819458,2.0381016731262207,2.230220317840576,2.3098998069763184,2.5753352642059326,2.8246490955352783,3.0790023803710938,3.359515905380249,3.6186554431915283,3.8962607383728027,4.116910457611084,4.410827159881592,3.4953794479370117,3.1625664234161377,2.997910737991333,2.9468352794647217,2.609367609024048,2.7084856033325195,2.7149600982666016,2.9440362453460693,3.161707878112793,3.361058473587036,3.6534955501556396,3.8698527812957764,4.190576076507568,4.425939559936523,4.755373954772949,4.298790454864502,3.936206817626953,3.787144422531128,3.6596856117248535,3.2896292209625244,3.278811454772949,3.195331335067749,3.4057693481445312,3.550774335861206,3.6689860820770264,3.9288978576660156,4.010900497436523,4.3504791259765625,4.366486549377441,4.751077175140381
A2,0.39331910014152527,0.0,0.39774417877197266,0.6346092224121094,0.7988125085830688,1.1452802419662476,1.3308665752410889,1.6782264709472656,1.8774076700210571,2.212062358856201,2.4093945026397705,2.698949098587036,2.883239984512329,2.975032329559326,3.2344062328338623,1.5575810670852661,1.3177199363708496,1.1923421621322632,1.3892160654067993,1.1904715299606323,1.4920284748077393,1.6220532655715942,1.9359411001205444,2.1765506267547607,2.479116201400757,2.7296338081359863,3.0243468284606934,3.2614047527313232,3.5063743591308594,3.7046127319335938,2.448230266571045,2.1476871967315674,2.0399842262268066,2.0595598220825195,1.7654366493225098,1.969952940940857,2.0096213817596436,2.2715084552764893,2.492583751678467,2.7396557331085205,3.0064656734466553,3.2583892345428467,3.5295355319976807,3.742961883544922,4.034717559814453,3.239691734313965,2.9003489017486572,2.7626497745513916,2.6927318572998047,2.3602960109710693,2.474017858505249,2.4482786655426025,2.672332525253296,2.8582417964935303,3.0507757663726807,3.3258023262023926,3.535949468612671,3.848449230194092,4.078343391418457,4.407382965087891,4.047863006591797,3.6828296184539795,3.559525489807129,3.4202489852905273,3.0589277744293213,3.0670716762542725,2.9552276134490967,3.162053346633911,3.274458646774292,3.3905739784240723,3.629694938659668,3.7117977142333984,4.0392069816589355,4.054132461547852,4.436519145965576
A3,0.6517333388328552,0.39774417877197266,0.0,0.39160627126693726,0.564612627029419,0.8529149293899536,1.1191656589508057,1.4392765760421753,1.6875814199447632,2.0201289653778076,2.2472965717315674,2.5504164695739746,2.7669599056243896,2.8932149410247803,3.1763250827789307,1.6494529247283936,1.34599769115448,1.1408296823501587,1.2334307432174683,0.9616082906723022,1.1936454772949219,1.3401447534561157,1.6333497762680054,1.917639136314392,2.219621181488037,2.4992077350616455,2.8039450645446777,3.063408613204956,3.3270280361175537,3.5379838943481445,2.400939702987671,2.0626702308654785,1.9086978435516357,1.8658051490783691,1.530391812324524,1.6755013465881348,1.7043203115463257,1.9440354108810425,2.1971333026885986,2.4384467601776123,2.7313406467437744,2.98746395111084,3.277491807937622,3.502370595932007,3.804933786392212,3.1044700145721436,2.7428441047668457,2.5801756381988525,2.465360641479492,2.1113717555999756,2.1781363487243652,2.132495403289795,2.3334929943084717,2.5390398502349854,2.7204182147979736,3.0149807929992676,3.2233548164367676,3.54995059967041,3.782815933227539,4.115131855010986,3.831698417663574,3.4541022777557373,3.3175880908966064,3.1485323905944824,2.7851672172546387,2.7602756023406982,2.632401466369629,2.817903757095337,2.9391050338745117,3.0392849445343018,3.2895443439483643,3.363189935684204,3.7001771926879883,3.715181589126587,4.099847316741943
A4,0.9573943614959717,0.6346092224121094,0.39160627126693726,0.0,0.385344922542572,0.5802320241928101,0.8395001888275146,1.1837759017944336,1.3847724199295044,1.7378681898117065,1.9312045574188232,2.2576828002929688,2.453056812286377,2.6085562705993652,2.8778364658355713,1.3711035251617432,1.0280239582061768,0.8106218576431274,0.852073609828949,0.5781158208847046,0.8577315211296082,1.0096162557601929,1.3387128114700317,1.5921262502670288,1.918612003326416,2.1724417209625244,2.4948296546936035,2.7324604988098145,3.009509801864624,3.1991195678710938,2.0472030639648438,1.6967060565948486,1.5568348169326782,1.4977723360061646,1.1709330081939697,1.351157784461975,1.3750323057174683,1.644439697265625,1.8719059228897095,2.1374499797821045,2.409688711166382,2.6842026710510254,2.9547886848449707,3.1936123371124268,3.4805216789245605,2.732708692550659,2.3702633380889893,2.226289749145508,2.110548734664917,1.7683579921722412,1.8681246042251587,1.819707989692688,2.044102191925049,2.226250648498535,2.4311110973358154,2.708714246749878,2.937051296234131,3.2465925216674805,3.494098663330078,3.8134660720825195,3.4726085662841797,3.0979902744293213,2.980776786804199,2.817826986312866,2.4619414806365967,2.469939947128296,2.3369040489196777,2.5419135093688965,2.64361572265625,2.7695720195770264,3.009392499923706,3.110118865966797,3.4414024353027344,3.480410099029541,3.864025354385376
A5,1.1602014303207397,0.7988125085830688,0.564612627029419,0.385344922542572,0.0,0.38530975580215454,0.5623297691345215,0.8881515264511108,1.1316174268722534,1.457694411277771,1.69412362575531,1.9892200231552124,2.219111919403076,2.348613739013672,2.6458280086517334,1.5622944831848145,1.188461184501648,1.055485486984253,1.0089654922485352,0.6717166900634766,0.8905007243156433,0.8921783566474915,1.16677987575531,1.4119906425476074,1.6935102939605713,1.9678714275360107,2.256232738494873,2.520038604736328,2.7719249725341797,2.9948158264160156,2.2191195487976074,1.8569560050964355,1.7575947046279907,1.6356077194213867,1.3020496368408203,1.438528299331665,1.3568260669708252,1.5628668069839478,1.754151701927185,1.9663918018341064,2.237767219543457,2.4723286628723145,2.757683515548706,2.9648871421813965,3.2698137760162354,2.8617184162139893,2.4940667152404785,2.3839972019195557,2.2258784770965576,1.891096591949463,1.9691100120544434,1.8466722965240479,2.017444372177124,2.153712749481201,2.3075180053710938,2.56835675239563,2.755706787109375,3.0709168910980225,3.2879767417907715,3.623702049255371,3.569152355194092,3.1904866695404053,3.1017465591430664,2.9068031311035156,2.5687031745910645,2.5708794593811035,2.3850090503692627,2.548996686935425,2.602562189102173,2.686717987060547,2.8930253982543945,2.9573090076446533,3.269089937210083,3.2748937606811523,3.654351234436035
A6,1.4877359867095947,1.1452802419662476,0.8529149293899536,0.5802320241928101,0.38530975580215454,0.0,0.3813735544681549,0.6402110457420349,0.9041491150856018,1.2309969663619995,1.4714686870574951,1.7908974885940552,2.034573554992676,2.2146012783050537,2.518031358718872,1.622702717781067,1.227739691734314,1.0592896938323975,0.8694696426391602,0.49599993228912354,0.5690272450447083,0.5246599912643433,0.7939403653144836,1.0707533359527588,1.3683881759643555,1.6568156480789185,1.9665716886520386,2.2372207641601562,2.514854907989502,2.7344603538513184,2.088535785675049,1.7049560546875,1.584109902381897,1.3892656564712524,1.0410830974578857,1.1168630123138428,0.9888561367988586,1.1779980659484863,1.378849983215332,1.5992512702941895,1.8839560747146606,2.1349828243255615,2.4262304306030273,2.653560161590576,2.958111047744751,2.6229095458984375,2.243250608444214,2.128826141357422,1.9280836582183838,1.5920403003692627,1.641231656074524,1.484649419784546,1.6387650966644287,1.770074725151062,1.9252650737762451,2.192699432373047,2.3911988735198975,2.7090697288513184,2.938730478286743,3.2696094512939453,3.2565340995788574,2.8722567558288574,2.78725528717041,2.569504737854004,2.2409021854400635,2.234637498855591,2.0258595943450928,2.177316665649414,2.219560384750366,2.3033907413482666,2.5105419158935547,2.5844168663024902,2.901045560836792,2.922842264175415,3.3042259216308594
A7,1.7079159021377563,1.3308665752410889,1.1191656589508057,0.8395001888275146,0.5623297691345215,0.3813735544681549,0.0,0.3753524422645569,0.5709201693534851,0.9044001698493958,1.139215350151062,1.44309401512146,1.6838184595108032,1.842954397201538,2.1504111289978027,1.6052356958389282,1.2126158475875854,1.158932089805603,0.9568829536437988,0.6694722771644592,0.7683826684951782,0.5375059247016907,0.7473699450492859,0.8993536829948425,1.1614642143249512,1.4172964096069336,1.6982810497283936,1.9594330787658691,2.210301160812378,2.4369423389434814,2.065523386001587,1.6978747844696045,1.6578974723815918,1.4537456035614014,1.166995882987976,1.2743980884552002,1.0685573816299438,1.219766616821289,1.3110992908477783,1.4922465085983276,1.72588312625885,1.9449561834335327,2.216656446456909,2.414592981338501,2.715346574783325,2.597702741622925,2.2348101139068604,2.18365478515625,1.984752893447876,1.6940449476242065,1.782581090927124,1.5863858461380005,1.7201440334320068,1.7657463550567627,1.8942112922668457,2.1068837642669678,2.2796878814697266,2.573425769805908,2.781562089920044,3.1128742694854736,3.259927988052368,2.8880417346954346,2.85146164894104,2.6366796493530273,2.337785243988037,2.3735311031341553,2.137291431427002,2.2788186073303223,2.256357192993164,2.332123041152954,2.4864556789398193,2.5529167652130127,2.8341782093048096,2.843775749206543,3.2143287658691406
A8,2.047603130340576,1.6782264709472656,1.4392765760421753,1.1837759017944336,0.8881515264511108,0.6402110457420349,0.3753524422645569,0.0,0.3875334560871124,0.6199345588684082,0.9280134439468384,1.200278401374817,1.4957488775253296,1.6685222387313843,2.0052366256713867,1.914495825767517,1.5285186767578125,1.481264352798462,1.2179161310195923,0.9524561762809753,0.9120513200759888,0.5659810900688171,0.5601112842559814,0.6704795956611633,0.8466807007789612,1.141809344291687,1.3916301727294922,1.6912856101989746,1.9340572357177734,2.193939208984375,2.2441728115081787,1.877820372581482,1.8443464040756226,1.5787287950515747,1.3126980066299438,1.3336820602416992,1.0374479293823242,1.0725895166397095,1.1063289642333984,1.2082040309906006,1.443374514579773,1.622558355331421,1.915472149848938,2.0938713550567627,2.4137070178985596,2.6570119857788086,2.296048402786255,2.2631475925445557,2.0164222717285156,1.7485945224761963,1.7908333539962769,1.5279655456542969,1.5852142572402954,1.5750975608825684,1.6400961875915527,1.8319342136383057,1.9640086889266968,2.263293504714966,2.4475958347320557,2.7905712127685547,3.221799373626709,2.851412057876587,2.8363211154937744,2.5873191356658936,2.31921124458313,2.3387856483459473,2.0571460723876953,2.145831346511841,2.0730338096618652,2.10364031791687,2.2209219932556152,2.255373477935791,2.516744613647461,2.504627227783203,2.8700337409973145
A9,2.2621910572052,1.8774076700210571,1.6875814199447632,1.3847724199295044,1.1316174268722534,0.9041491150856018,0.5709201693534851,0.3875334560871124,0.0,0.37061652541160583,0.5735113620758057,0.8901679515838623,1.139864444732666,1.339274287223816,1.653178334236145,1.8069345951080322,1.4520776271820068,1.4822840690612793,1.21049964427948,1.05469810962677,1.0465680360794067,0.6868075728416443,0.6827698349952698,0.554811418056488,0.7184857130050659,0.899687647819519,1.1533602476119995,1.399778962135315,1.640778660774231,1.8709585666656494,2.052175998687744,1.7155317068099976,1.7537246942520142,1.4974578619003296,1.3157230615615845,1.3871663808822632,1.0850672721862793,1.1360903978347778,1.0457905530929565,1.1520582437515259,1.2923178672790527,1.4729101657867432,1.7094813585281372,1.8849796056747437,2.1744301319122314,2.4442665576934814,2.1094703674316406,2.1375434398651123,1.913713812828064,1.704914927482605,1.8068499565124512,1.5505528450012207,1.6292378902435303,1.5431585311889648,1.6273990869522095,1.7501426935195923,1.8935532569885254,2.142975091934204,2.3322198390960693,2.65200138092041,3.0479249954223633,2.69756817817688,2.728215217590332,2.504277467727661,2.266658067703247,2.3458361625671387,2.068992853164673,2.179473876953125,2.06113862991333,2.1253223419189453,2.2003653049468994,2.2685365676879883,2.4967105388641357,2.510221481323242,2.8595664501190186
A10,2.5969316959381104,2.212062358856201,2.0201289653778076,1.7378681898117065,1.457694411277771,1.2309969663619995,0.9044001698493958,0.6199345588684082,0.37061652541160583,0.0,0.3772851526737213,0.5868054032325745,0.9114962816238403,1.1031701564788818,1.4483444690704346,2.134453058242798,1.7965689897537231,1.8455885648727417,1.5638349056243896,1.4163156747817993,1.363927960395813,0.9867029190063477,0.8536215424537659,0.6277234554290771,0.5675513744354248,0.7041352391242981,0.8565407395362854,1.1350644826889038,1.335546612739563,1.61002516746521,2.3060641288757324,1.9906378984451294,2.0497171878814697,1.7705745697021484,1.6196434497833252,1.6437201499938965,1.3022397756576538,1.2564222812652588,1.0783753395080566,1.062006950378418,1.1385221481323242,1.2316490411758423,1.463376522064209,1.5871258974075317,1.8906985521316528,2.6030962467193604,2.2887179851531982,2.3482961654663086,2.1020584106445312,1.9309866428375244,2.005506992340088,1.7093381881713867,1.7190399169921875,1.559609293937683,1.566301703453064,1.6259855031967163,1.7039775848388672,1.9320605993270874,2.0771286487579346,2.4030330181121826,3.12686824798584,2.791437864303589,2.854860544204712,2.6125199794769287,2.415595531463623,2.4916279315948486,2.184224843978882,2.2455050945281982,2.0675156116485596,2.086064338684082,2.0986363887786865,2.130340337753296,2.311868906021118,2.296751022338867,2.626399040222168
A11,2.7992281913757324,2.4093945026397705,2.2472965717315674,1.9312045574188232,1.69412362575531,1.4714686870574951,1.139215350151062,0.9280134439468384,0.5735113620758057,0.3772851526737213,0.0,0.3842147886753082,0.5897591710090637,0.8600302338600159,1.154939889907837,2.0769660472869873,1.7842166423797607,1.884581446647644,1.6073942184448242,1.547951102256775,1.5154194831848145,1.1655558347702026,1.0681480169296265,0.7363355159759521,0.6778762936592102,0.5935350656509399,0.7324786186218262,0.8940339088439941,1.0992590188980103,1.3167001008987427,2.139446973800659,1.8671506643295288,1.9860749244689941,1.7278132438659668,1.6585111618041992,1.7201285362243652,1.4032119512557983,1.3847488164901733,1.1274555921554565,1.1317070722579956,1.091890573501587,1.1913952827453613,1.3303786516189575,1.4575176239013672,1.7074966430664062,2.393972158432007,2.115840435028076,2.2325079441070557,2.0173234939575195,1.909178376197815,2.0338361263275146,1.7624318599700928,1.7989529371261597,1.5874143838882446,1.6256126165390015,1.6168639659881592,1.7169557809829712,1.8793550729751587,2.0364232063293457,2.3231093883514404,2.944371461868286,2.635270595550537,2.7413179874420166,2.531099319458008,2.367323160171509,2.497758626937866,2.2086143493652344,2.294917345046997,2.0881710052490234,2.14819073677063,2.1287484169006348,2.2040998935699463,2.354722738265991,2.377441167831421,2.6852707862854004
A12,3.0908138751983643,2.698949098587036,2.5504164695739746,2.2576828002929688,1.9892200231552124,1.7908974885940552,1.44309401512146,1.200278401374817,0.8901679515838623,0.5868054032325745,0.3842147886753082,0.0,0.38842254877090454,0.5769050121307373,0.9158910512924194,2.40034818649292,2.12233567237854,2.2468018531799316,1.9845057725906372,1.9126466512680054,1.8814513683319092,1.5193308591842651,1.3830502033233643,1.0595780611038208,0.882300078868866,0.7429272532463074,0.6633617877960205,0.7940390706062317,0.8677983283996582,1.1403388977050781,2.4688644409179688,2.2204699516296387,2.35896897315979,2.103604555130005,2.041261911392212,2.0879414081573486,1.7566484212875366,1.6922037601470947,1.4081732034683228,1.3212847709655762,1.2185578346252441,1.195815086364746,1.291151523590088,1.3167673349380493,1.5611833333969116,2.6836631298065186,2.432192087173462,2.5738518238067627,2.356820583343506,2.2700212001800537,2.38020396232605,2.0911638736724854,2.084843397140503,1.8343433141708374,1.8071571588516235,1.7384891510009766,1.7602607011795044,1.88148832321167,1.971435308456421,2.2527542114257812,3.186584711074829,2.8987834453582764,3.032125234603882,2.816746950149536,2.6831765174865723,2.8107950687408447,2.506363868713379,2.556687831878662,2.310711622238159,2.3291664123535156,2.2526490688323975,2.2864151000976562,2.3796865940093994,2.364698886871338,2.638906717300415
A13,3.2760519981384277,2.883239984512329,2.7669599056243896,2.453056812286377,2.219111919403076,2.034573554992676,1.6838184595108032,1.4957488775253296,1.139864444732666,0.9114962816238403,0.5897591710090637,0.38842254877090454,0.0,0.3845292627811432,0.595689594745636,2.3774008750915527,2.151904821395874,2.323793649673462,2.08414888381958,2.079195261001587,2.0772109031677246,1.743241310119629,1.6494176387786865,1.2926080226898193,1.1611216068267822,0.9207037091255188,0.8360242247581482,0.7754813432693481,0.7956361770629883,0.9510064721107483,2.3704872131347656,2.176074504852295,2.3698644638061523,2.1517601013183594,2.1542227268218994,2.240926504135132,1.9427348375320435,1.9148149490356445,1.6010797023773193,1.5506254434585571,1.3781567811965942,1.36844003200531,1.360339641571045,1.3779455423355103,1.5361188650131226,2.562739372253418,2.3579607009887695,2.5517051219940186,2.3783223628997803,2.344602584838867,2.501295328140259,2.2459073066711426,2.2721927165985107,1.9996488094329834,2.0087153911590576,1.8955577611923218,1.941314935684204,1.9984409809112549,2.0963857173919678,2.3273274898529053,3.104893445968628,2.8502514362335205,3.021101713180542,2.846074342727661,2.739900827407837,2.915506601333618,2.6374926567077637,2.7160775661468506,2.4596469402313232,2.518303394317627,2.4246504306793213,2.497962236404419,2.5674185752868652,2.5867695808410645,2.8375017642974854
A14,3.3666510581970215,2.975032329559326,2.8932149410247803,2.6085562705993652,2.348613739013672,2.2146012783050537,1.842954397201538,1.6685222387313843,1.339274287223816,1.1031701564788818,0.8600302338600159,0.5769050121307373,0.3845292627811432,0.0,0.388584703207016,2.536698579788208,2.3228368759155273,2.5265347957611084,2.3256232738494873,2.2998275756835938,2.336961030960083,1.9955081939697266,1.9170159101486206,1.592705249786377,1.452519416809082,1.260741949081421,1.1257027387619019,1.0862452983856201,0.9918773770332336,1.161840558052063,2.640857219696045,2.4563212394714355,2.664583444595337,2.468982219696045,2.45135760307312,2.5573670864105225,2.257019519805908,2.2344064712524414,1.9422051906585693,1.8745057582855225,1.7204928398132324,1.6660139560699463,1.6619895696640015,1.6120562553405762,1.7635836601257324,2.899611473083496,2.7028141021728516,2.899832010269165,2.7392117977142334,2.690491199493408,2.851706027984619,2.594024896621704,2.6187744140625,2.356607675552368,2.3451623916625977,2.2345128059387207,2.242605447769165,2.2975897789001465,2.350696325302124,2.5839927196502686,3.4767606258392334,3.2278409004211426,3.399848222732544,3.228177547454834,3.114269256591797,3.2851755619049072,3.003706216812134,3.077096939086914,2.8216991424560547,2.8597145080566406,2.7570760250091553,2.799179792404175,2.850346803665161,2.8332412242889404,3.0687832832336426
A15,3.623201608657837,3.2344062328338623,3.1763250827789307,2.8778364658355713,2.6458280086517334,2.518031358718872,2.1504111289978027,2.0052366256713867,1.653178334236145,1.4483444690704346,1.154939889907837,0.9158910512924194,0.595689594745636,0.388584703207016,0.0,2.6321094036102295,2.4692304134368896,2.7062315940856934,2.5246894359588623,2.54845929145813,2.600632905960083,2.280468463897705,2.222261905670166,1.8763455152511597,1.7537633180618286,1.5070070028305054,1.367879867553711,1.2216886281967163,1.0817039012908936,1.1264017820358276,2.6648476123809814,2.5343494415283203,2.7838993072509766,2.620208978652954,2.653157949447632,2.7828376293182373,2.506896495819092,2.5031020641326904,2.189894199371338,2.1391947269439697,1.938923954963684,1.8873153924942017,1.8106542825698853,1.7486780881881714,1.8215500116348267,2.890469551086426,2.742403030395508,2.9809954166412354,2.8575327396392822,2.8537046909332275,3.0453991889953613,2.8130054473876953,2.8559420108795166,2.576237916946411,2.5848135948181152,2.4391627311706543,2.458665370941162,2.461825370788574,2.514364719390869,2.7012131214141846,3.4828174114227295,3.2695975303649902,3.4737436771392822,3.3367576599121094,3.2503585815429688,3.4566409587860107,3.196429967880249,3.286496639251709,3.0212106704711914,3.0852479934692383,2.9654381275177,3.034022092819214,3.061796188354492,3.0693891048431396,3.281430721282959
B1,1.795177698135376,1.5575810670852661,1.6494529247283936,1.3711035251617432,1.5622944831848145,1.622702717781067,1.6052356958389282,1.914495825767517,1.8069345951080322,2.134453058242798,2.0769660472869873,2.40034818649292,2.3774008750915527,2.536698579788208,2.6321094036102295,0.0,0.39791762828826904,0.6708256006240845,0.9554527997970581,1.2285078763961792,1.5505653619766235,1.6692616939544678,2.0122132301330566,2.013747215270996,2.353930950164795,2.3952090740203857,2.7172510623931885,2.773310661315918,3.032526731491089,3.0672595500946045,1.0854467153549194,0.9628273844718933,1.1061943769454956,1.3393681049346924,1.3650352954864502,1.7527711391448975,1.8648390769958496,2.2142457962036133,2.2663190364837646,2.5934834480285645,2.697697162628174,3.0065832138061523,3.1275010108947754,3.380749464035034,3.550767183303833,2.040125608444214,1.8166515827178955,1.8244322538375854,1.9374184608459473,1.7928736209869385,2.1190102100372314,2.1957309246063232,2.528590679168701,2.602670907974243,2.903661012649536,3.062349557876587,3.3560397624969482,3.5477616786956787,3.833744764328003,4.070429801940918,3.07148814201355,2.7878670692443848,2.759476900100708,2.761776924133301,2.4727976322174072,2.6755483150482178,2.64382004737854,2.9579484462738037,3.0131382942199707,3.2649993896484375,3.4513962268829346,3.6626861095428467,3.944392442703247,4.069345951080322,4.423553943634033
B2,1.6096028089523315,1.3177199363708496,1.34599769115448,1.0280239582061768,1.188461184501648,1.227739691734314,1.2126158475875854,1.5285186767578125,1.4520776271820068,1.7965689897537231,1.7842166423797607,2.12233567237854,2.151904821395874,2.3228368759155273,2.4692304134368896,0.39791762828826904,0.0,0.384880393743515,0.6253095269203186,0.850098192691803,1.1888651847839355,1.2894376516342163,1.6388781070709229,1.6691057682037354,2.015197515487671,2.096755027770996,2.4260780811309814,2.524678945541382,2.7938456535339355,2.8693015575408936,1.199089527130127,0.9484333992004395,1.0251147747039795,1.1520363092422485,1.089453935623169,1.4632595777511597,1.5356354713439941,1.8763210773468018,1.9466772079467773,2.265068769454956,2.399996280670166,2.7042696475982666,2.858733654022217,3.1103949546813965,3.310420513153076,2.0674567222595215,1.7846777439117432,1.7642924785614014,1.7969706058502197,1.5972403287887573,1.8874653577804565,1.9168683290481567,2.2290117740631104,2.309004783630371,2.590054988861084,2.7678909301757812,3.047712802886963,3.264511823654175,3.5421693325042725,3.800274133682251,3.024911880493164,2.707998514175415,2.6695761680603027,2.6171083450317383,2.310835599899292,2.477734327316284,2.40360951423645,2.693279504776001,2.7414777278900146,2.965890645980835,3.155081033706665,3.343252182006836,3.6318726539611816,3.7381491661071777,4.0992326736450195
B3,1.4587233066558838,1.1923421621322632,1.1408296823501587,0.8106218576431274,1.055485486984253,1.0592896938323975,1.158932089805603,1.481264352798462,1.4822840690612793,1.8455885648727417,1.884581446647644,2.2468018531799316,2.323793649673462,2.5265347957611084,2.7062315940856934,0.6708256006240845,0.384880393743515,0.0,0.39762377738952637,0.6177825927734375,0.9396167397499084,1.1402746438980103,1.5063084363937378,1.6139440536499023,1.9847185611724854,2.115172863006592,2.4712891578674316,2.6045615673065186,2.9034600257873535,2.9968185424804688,1.266951322555542,0.9575361609458923,0.8825712203979492,0.9841139912605286,0.8432467579841614,1.201206922531128,1.3331477642059326,1.6921011209487915,1.833784580230713,2.1729040145874023,2.3559064865112305,2.6820003986358643,2.867656707763672,3.143503189086914,3.3612775802612305,2.0583372116088867,1.7384952306747437,1.6384152173995972,1.6410681009292603,1.3855913877487183,1.6366842985153198,1.6930406093597412,2.0150654315948486,2.154700517654419,2.447950839996338,2.669360876083374,2.963499069213867,3.2068188190460205,3.499009609222412,3.764051914215088,2.939448833465576,2.600923538208008,2.514394760131836,2.4421088695526123,2.1074323654174805,2.231203079223633,2.1721813678741455,2.4638254642486572,2.557783842086792,2.7816991806030273,3.0084927082061768,3.1969785690307617,3.5123298168182373,3.6244208812713623,3.9949588775634766
B4,1.6888912916183472,1.3892160654067993,1.2334307432174683,0.852073609828949,1.0089654922485352,0.8694696426391602,0.9568829536437988,1.2179161310195923,1.21049964427948,1.5638349056243896,1.6073942184448242,1.9845057725906372,2.08414888381958,2.3256232738494873,2.5246894359588623,0.9554527997970581,0.6253095269203186,0.39762377738952637,0.0,0.38301220536231995,0.6059533953666687,0.797284722328186,1.1483001708984375,1.2506077289581299,1.6288889646530151,1.7657049894332886,2.1352195739746094,2.279846429824829,2.5976662635803223,2.6991567611694336,1.2457389831542969,0.8688969016075134,0.7538301348686218,0.696060836315155,0.49297311902046204,0.8460967540740967,0.9433994293212891,1.302530288696289,1.439188838005066,1.784568428993225,1.9738157987594604,2.308624029159546,2.501688003540039,2.7891640663146973,3.012289047241211,1.885322093963623,1.5291850566864014,1.4249318838119507,1.3510946035385132,1.072933554649353,1.306228518486023,1.3192836046218872,1.6316202878952026,1.7587597370147705,2.050901174545288,2.2736639976501465,2.570995330810547,2.817331314086914,3.11374831199646,3.3788530826568604,2.6811459064483643,2.324342966079712,2.2458953857421875,2.1326422691345215,1.8012281656265259,1.9162310361862183,1.81937575340271,2.0969038009643555,2.1716883182525635,2.390268325805664,2.6116409301757812,2.8015291690826416,3.116076707839966,3.2338273525238037,3.6032490730285645
B5,1.512468934059143,1.1904715299606323,0.9616082906723022,0.5781158208847046,0.6717166900634766,0.49599993228912354,0.6694722771644592,0.9524561762809753,1.05469810962677,1.4163156747817993,1.547951102256775,1.9126466512680054,2.079195261001587,2.2998275756835938,2.54845929145813,1.2285078763961792,0.850098192691803,0.6177825927734375,0.38301220536231995,0.0,0.3886004686355591,0.569543719291687,0.938927173614502,1.1359986066818237,1.5015151500701904,1.7127684354782104,2.068467617034912,2.272915840148926,2.581005096435547,2.735867500305176,1.624267339706421,1.2421398162841797,1.1050682067871094,0.9660539627075195,0.6413416266441345,0.8578242659568787,0.8677281141281128,1.1832245588302612,1.3724546432495117,1.680678129196167,1.9234626293182373,2.232480525970459,2.474168539047241,2.7428550720214844,3.0046803951263428,2.2091288566589355,1.8364194631576538,1.7130993604660034,1.5710523128509521,1.245537281036377,1.3824628591537476,1.3215618133544922,1.5765318870544434,1.7243202924728394,1.9672876596450806,2.2220237255096436,2.484650135040283,2.768381118774414,3.0418639183044434,3.3375442028045654,2.9221277236938477,2.547797679901123,2.456286668777466,2.290809392929077,1.9505306482315063,2.0004358291625977,1.8545479774475098,2.081943988800049,2.1551506519317627,2.3192927837371826,2.546110153198242,2.6896307468414307,3.013437271118164,3.093454599380493,3.471953868865967
B6,1.7910568714141846,1.4920284748077393,1.1936454772949219,0.8577315211296082,0.8905007243156433,0.5690272450447083,0.7683826684951782,0.9120513200759888,1.0465680360794067,1.363927960395813,1.5154194831848145,1.8814513683319092,2.0772109031677246,2.336961030960083,2.600632905960083,1.5505653619766235,1.1888651847839355,0.9396167397499084,0.6059533953666687,0.3886004686355591,0.0,0.3821414113044739,0.6839390397071838,0.9436087012290955,1.3054379224777222,1.5455483198165894,1.91336989402771,2.137737512588501,2.468996286392212,2.6315555572509766,1.730150818824768,1.3358831405639648,1.1441881656646729,0.8899704813957214,0.518342912197113,0.5519304275512695,0.5202069878578186,0.8258616924285889,1.0757461786270142,1.3911550045013428,1.6689698696136475,1.9914363622665405,2.252021551132202,2.5403103828430176,2.809217691421509,2.145690441131592,1.7546067237854004,1.6001038551330566,1.3823027610778809,1.031248927116394,1.0823657512664795,0.9736429452896118,1.203832983970642,1.3819574117660522,1.6235897541046143,1.9069344997406006,2.177767276763916,2.476372480392456,2.759906530380249,3.0546483993530273,2.7250547409057617,2.3366873264312744,2.2302865982055664,2.0205790996551514,1.6816775798797607,1.687974214553833,1.5104410648345947,1.7130870819091797,1.7948745489120483,1.9482535123825073,2.192556619644165,2.3367714881896973,2.67464542388916,2.765044689178467,3.1457417011260986
B7,1.9625829458236694,1.6220532655715942,1.3401447534561157,1.0096162557601929,0.8921783566474915,0.5246599912643433,0.5375059247016907,0.5659810900688171,0.6868075728416443,0.9867029190063477,1.1655558347702026,1.5193308591842651,1.743241310119629,1.9955081939697266,2.280468463897705,1.6692616939544678,1.2894376516342163,1.1402746438980103,0.797284722328186,0.569543719291687,0.3821414113044739,0.0,0.37173232436180115,0.6102903485298157,0.9603167176246643,1.2206017971038818,1.570414662361145,1.8180744647979736,2.132636547088623,2.3239433765411377,1.8527319431304932,1.464887022972107,1.356408715248108,1.0660605430603027,0.7668748497962952,0.7745351791381836,0.5314310789108276,0.7191798090934753,0.8721696734428406,1.1352624893188477,1.4029817581176758,1.6927874088287354,1.9644814729690552,2.225890636444092,2.5110580921173096,2.2316160202026367,1.8495596647262573,1.7605669498443604,1.513062834739685,1.2106001377105713,1.2594362497329712,1.0489511489868164,1.1995466947555542,1.2790977954864502,1.4617598056793213,1.709579586982727,1.9414165019989014,2.23956561088562,2.4960992336273193,2.807035207748413,2.7915420532226562,2.408597469329834,2.352174997329712,2.118217945098877,1.817600965499878,1.8397542238235474,1.6000511646270752,1.7529946565628052,1.7523746490478516,1.8633286952972412,2.053304433822632,2.1664340496063232,2.476524829864502,2.5390312671661377,2.9164059162139893
B8,2.273921012878418,1.9359411001205444,1.6333497762680054,1.3387128114700317,1.16677987575531,0.7939403653144836,0.7473699450492859,0.5601112842559814,0.6827698349952698,0.8536215424537659,1.0681480169296265,1.3830502033233643,1.6494176387786865,1.9170159101486206,2.222261905670166,2.0122132301330566,1.6388781070709229,1.5063084363937378,1.1483001708984375,0.938927173614502,0.6839390397071838,0.37173232436180115,0.0,0.39721545577049255,0.6699768900871277,0.9883292317390442,1.3172369003295898,1.6043639183044434,1.919003963470459,2.139310836791992,2.0938761234283447,1.7173526287078857,1.6163336038589478,1.2763192653656006,1.0206856727600098,0.9069332480430603,0.5511541962623596,0.5126683115959167,0.6214157938957214,0.8062341213226318,1.1113498210906982,1.3763169050216675,1.680385708808899,1.9343419075012207,2.239837169647217,2.3387792110443115,1.9633314609527588,1.8894158601760864,1.5877444744110107,1.3183284997940063,1.2919824123382568,0.9920527935028076,1.0251960754394531,1.0455833673477173,1.1546845436096191,1.4022605419158936,1.6012459993362427,1.9174820184707642,2.1584019660949707,2.482888698577881,2.7720999717712402,2.3905832767486572,2.352368116378784,2.074799060821533,1.8115538358688354,1.802616834640503,1.5055222511291504,1.5861074924468994,1.5303562879562378,1.5855497121810913,1.746300458908081,1.8273398876190186,2.129138946533203,2.17514705657959,2.552900552749634
B9,2.536567449569702,2.1765506267547607,1.917639136314392,1.5921262502670288,1.4119906425476074,1.0707533359527588,0.8993536829948425,0.6704795956611633,0.554811418056488,0.6277234554290771,0.7363355159759521,1.0595780611038208,1.2926080226898193,1.592705249786377,1.8763455152511597,2.013747215270996,1.6691057682037354,1.6139440536499023,1.2506077289581299,1.1359986066818237,0.9436087012290955,0.6102903485298157,0.39721545577049255,0.0,0.38215363025665283,0.6157208681106567,0.9712990522384644,1.2255536317825317,1.5489426851272583,1.7509222030639648,1.9940614700317383,1.6498140096664429,1.62733793258667,1.2863377332687378,1.1354399919509888,1.0753793716430664,0.7138764262199402,0.6542720794677734,0.49181073904037476,0.6433914303779602,0.8347594141960144,1.1035521030426025,1.363509178161621,1.6173468828201294,1.9030414819717407,2.1792478561401367,1.8319910764694214,1.833224892616272,1.542320966720581,1.3543721437454224,1.3890730142593384,1.082568645477295,1.1096293926239014,0.9894087314605713,1.0896011590957642,1.235702633857727,1.433191180229187,1.6985236406326294,1.9386006593704224,2.2467362880706787,2.6217501163482666,2.261566638946533,2.284451961517334,2.023050546646118,1.8086053133010864,1.8661277294158936,1.5612664222717285,1.645354986190796,1.5076361894607544,1.5821771621704102,1.669935941696167,1.7749524116516113,2.0279126167297363,2.0910470485687256,2.4496047496795654
B10,2.84393572807312,2.479116201400757,2.219621181488037,1.918612003326416,1.6935102939605713,1.3683881759643555,1.1614642143249512,0.8466807007789612,0.7184857130050659,0.5675513744354248,0.6778762936592102,0.882300078868866,1.1611216068267822,1.452519416809082,1.7537633180618286,2.353930950164795,2.015197515487671,1.9847185611724854,1.6288889646530151,1.5015151500701904,1.3054379224777222,0.9603167176246643,0.6699768900871277,0.38215363025665283,0.0,0.3848240077495575,0.6530752182006836,0.9738678932189941,1.2708125114440918,1.5229840278625488,2.3059000968933105,1.9834140539169312,1.9833484888076782,1.6362721920013428,1.5081944465637207,1.412591814994812,1.038623571395874,0.8616602420806885,0.6019954085350037,0.49652859568595886,0.6194101572036743,0.7835332155227661,1.0764665603637695,1.2876341342926025,1.604358196258545,2.4066693782806396,2.084972620010376,2.1162736415863037,1.8086662292480469,1.6618456840515137,1.6595304012298584,1.3187285661697388,1.2463505268096924,1.0342875719070435,1.0025943517684937,1.0684585571289062,1.1764845848083496,1.435821294784546,1.6291439533233643,1.9564011096954346,2.7510857582092285,2.409735918045044,2.465395212173462,2.18220591545105,2.017479181289673,2.0610082149505615,1.7239331007003784,1.7358629703521729,1.5244415998458862,1.5256704092025757,1.5324879884719849,1.5829910039901733,1.7859137058258057,1.8125602006912231,2.1570940017700195
B11,3.1033856868743896,2.7296338081359863,2.4992077350616455,2.1724417209625244,1.9678714275360107,1.6568156480789185,1.4172964096069336,1.141809344291687,0.899687647819519,0.7041352391242981,0.5935350656509399,0.7429272532463074,0.9207037091255188,1.260741949081421,1.5070070028305054,2.3952090740203857,2.096755027770996,2.115172863006592,1.7657049894332886,1.7127684354782104,1.5455483198165894,1.2206017971038818,0.9883292317390442,0.6157208681106567,0.3848240077495575,0.0,0.39175403118133545,0.6170153021812439,0.95123690366745,1.1584597826004028,2.232985496520996,1.9566309452056885,2.015094757080078,1.6857526302337646,1.6433337926864624,1.5841888189315796,1.2411372661590576,1.0968040227890015,0.7405052185058594,0.6345610022544861,0.5016159415245056,0.6436696648597717,0.8164822459220886,1.0383954048156738,1.3086055517196655,2.2550086975097656,1.9759165048599243,2.0720415115356445,1.7904149293899536,1.7218278646469116,1.7673674821853638,1.4531699419021606,1.3991793394088745,1.1073306798934937,1.091552495956421,1.0306097269058228,1.1421735286712646,1.3049463033676147,1.5022543668746948,1.7872530221939087,2.5899415016174316,2.2804977893829346,2.391967296600342,2.137450695037842,2.023467540740967,2.1256184577941895,1.805275797843933,1.8319613933563232,1.5706140995025635,1.6080809831619263,1.5513755083084106,1.6432336568832397,1.7876602411270142,1.8502715826034546,2.1589901447296143
B12,3.40405535697937,3.0243468284606934,2.8039450645446777,2.4948296546936035,2.256232738494873,1.9665716886520386,1.6982810497283936,1.3916301727294922,1.1533602476119995,0.8565407395362854,0.7324786186218262,0.6633617877960205,0.8360242247581482,1.1257027387619019,1.367879867553711,2.7172510623931885,2.4260780811309814,2.4712891578674316,2.1352195739746094,2.068467617034912,1.91336989402771,1.570414662361145,1.3172369003295898,0.9712990522384644,0.6530752182006836,0.39175403118133545,0.0,0.38880813121795654,0.6292333006858826,0.9205402135848999,2.56661319732666,2.311680316925049,2.3932840824127197,2.071726083755493,2.0335774421691895,1.9697750806808472,1.6192631721496582,1.440395712852478,1.0866303443908691,0.8735634684562683,0.6556577086448669,0.5436069965362549,0.6496471166610718,0.7387022972106934,1.03596830368042,2.552347421646118,2.3037281036376953,2.4263756275177,2.1489038467407227,2.102454900741577,2.1352450847625732,1.8111461400985718,1.712041974067688,1.388208270072937,1.2827363014221191,1.1336596012115479,1.1189266443252563,1.2181607484817505,1.3247191905975342,1.6105074882507324,2.827547073364258,2.546447515487671,2.6877377033233643,2.430811643600464,2.3540542125701904,2.4507927894592285,2.119951009750366,2.1019487380981445,1.798209309577942,1.7782405614852905,1.6426624059677124,1.675903081893921,1.7390871047973633,1.7555509805679321,2.0225534439086914
B13,3.6446943283081055,3.2614047527313232,3.063408613204956,2.7324604988098145,2.520038604736328,2.2372207641601562,1.9594330787658691,1.6912856101989746,1.399778962135315,1.1350644826889038,0.8940339088439941,0.7940390706062317,0.7754813432693481,1.0862452983856201,1.2216886281967163,2.773310661315918,2.524678945541382,2.6045615673065186,2.279846429824829,2.272915840148926,2.137737512588501,1.8180744647979736,1.6043639183044434,1.2255536317825317,0.9738678932189941,0.6170153021812439,0.38880813121795654,0.0,0.379696249961853,0.552943766117096,2.518101692199707,2.3143324851989746,2.441746234893799,2.1467878818511963,2.176212787628174,2.142235279083252,1.8246434926986694,1.6797689199447632,1.2952916622161865,1.1314520835876465,0.8196442127227783,0.7220350503921509,0.5979086756706238,0.6643167734146118,0.828630268573761,2.428959846496582,2.231889486312866,2.4088823795318604,2.167227268218994,2.186184883117676,2.2588717937469482,1.9691120386123657,1.8974499702453613,1.5432054996490479,1.4762417078018188,1.255956768989563,1.2636072635650635,1.2492625713348389,1.3579113483428955,1.5649094581604004,2.692002058029175,2.4514946937561035,2.6412851810455322,2.422370195388794,2.3901989459991455,2.5368754863739014,2.2335968017578125,2.2375919818878174,1.9139201641082764,1.937092661857605,1.768545389175415,1.8491287231445312,1.867212176322937,1.9281301498413086,2.152041435241699
