0.000000000000000000e+00,3.850820064544677734e-01,6.192594170570373535e-01,9.232653379440307617e-01,1.170407652854919434e+00,1.467429518699645996e+00,1.661588788032531738e+00,1.988367795944213867e+00,1.968231797218322754e+00,2.330288648605346680e+00,2.401703596115112305e+00,2.773922204971313477e+00,2.908291101455688477e+00,3.230826854705810547e+00,3.348922967910766602e+00,1.352982044219970703e+00,1.226800680160522461e+00,1.136418938636779785e+00,1.265921473503112793e+00,1.134615421295166016e+00,1.470112323760986328e+00,1.698929309844970703e+00,2.067385435104370117e+00,2.117125749588012695e+00,2.472588777542114258e+00,2.615817308425903320e+00,2.971491336822509766e+00,3.158065557479858398e+00,3.475016355514526367e+00,3.663888692855834961e+00,2.024505138397216797e+00,1.839573621749877930e+00,1.702391028404235840e+00,1.689035177230834961e+00,1.450772166252136230e+00,1.735316753387451172e+00,1.880913138389587402e+00,2.249698638916015625e+00,2.338839769363403320e+00,2.670682430267333984e+00,2.848038434982299805e+00,3.173965454101562500e+00,3.397891283035278320e+00,3.687996149063110352e+00,3.914884567260742188e+00,2.658522605895996094e+00,2.439975976943969727e+00,2.275292634963989258e+00,2.188259363174438477e+00,1.893619060516357422e+00,2.109079599380493164e+00,2.172396183013916016e+00,2.519443988800048828e+00,2.631770610809326172e+00,2.925927877426147461e+00,3.128056049346923828e+00,3.415305137634277344e+00,3.669624090194702148e+00,3.928623676300048828e+00,4.193897724151611328e+00,3.330613851547241211e+00,3.058490276336669922e+00,2.888369798660278320e+00,2.762368917465209961e+00,2.426405668258666992e+00,2.520459890365600586e+00,2.537348508834838867e+00,2.862018108367919922e+00,2.978383302688598633e+00,3.228424549102783203e+00,3.448865413665771484e+00,3.685319662094116211e+00,3.972380876541137695e+00,4.162581443786621094e+00,4.473227024078369141e+00
3.850820064544677734e-01,0.000000000000000000e+00,3.846039175987243652e-01,5.775909423828125000e-01,8.448240160942077637e-01,1.172577261924743652e+00,1.326882839202880859e+00,1.668067336082458496e+00,1.665558099746704102e+00,2.030504465103149414e+00,2.134271383285522461e+00,2.499240398406982422e+00,2.666645288467407227e+00,2.974913835525512695e+00,3.122637510299682617e+00,1.330431699752807617e+00,1.111117005348205566e+00,1.037889957427978516e+00,1.061215162277221680e+00,9.303030371665954590e-01,1.286435961723327637e+00,1.445378303527832031e+00,1.810731410980224609e+00,1.870081186294555664e+00,2.212037563323974609e+00,2.376776933670043945e+00,2.716819763183593750e+00,2.927635431289672852e+00,3.227163314819335938e+00,3.439987421035766602e+00,2.003972530364990234e+00,1.767851948738098145e+00,1.659712314605712891e+00,1.575529932975769043e+00,1.357415914535522461e+00,1.646347641944885254e+00,1.713358283042907715e+00,2.059087276458740234e+00,2.145879030227661133e+00,2.451118469238281250e+00,2.637903213500976562e+00,2.940584659576416016e+00,3.180188655853271484e+00,3.448964357376098633e+00,3.693723917007446289e+00,2.633239269256591797e+00,2.383259534835815430e+00,2.255474328994750977e+00,2.125302314758300781e+00,1.859158039093017578e+00,2.078903198242187500e+00,2.072885036468505859e+00,2.386958122253417969e+00,2.486006498336791992e+00,2.746712446212768555e+00,2.946296691894531250e+00,3.205511331558227539e+00,3.466844081878662109e+00,3.701691865921020508e+00,3.979014158248901367e+00,3.303987741470336914e+00,3.015758752822875977e+00,2.886291980743408203e+00,2.737912178039550781e+00,2.428591012954711914e+00,2.529544591903686523e+00,2.487900972366333008e+00,2.778937339782714844e+00,2.872484445571899414e+00,3.086338281631469727e+00,3.294403076171875000e+00,3.499401092529296875e+00,3.782760381698608398e+00,3.945331096649169922e+00,4.257280349731445312e+00
6.192594170570373535e-01,3.846039175987243652e-01,0.000000000000000000e+00,3.843760192394256592e-01,5.889406204223632812e-01,8.501959443092346191e-01,1.062060117721557617e+00,1.391165375709533691e+00,1.418037295341491699e+00,1.793662071228027344e+00,1.920718669891357422e+00,2.297070741653442383e+00,2.480937957763671875e+00,2.809869766235351562e+00,2.977670907974243164e+00,1.294804453849792480e+00,1.020926713943481445e+00,8.335989713668823242e-01,7.864250540733337402e-01,5.686143040657043457e-01,9.049159288406372070e-01,1.091968655586242676e+00,1.467450857162475586e+00,1.555345296859741211e+00,1.913328886032104492e+00,2.104120731353759766e+00,2.456399202346801758e+00,2.684512853622436523e+00,2.998825550079345703e+00,3.226509571075439453e+00,1.845525264739990234e+00,1.566416025161743164e+00,1.409555673599243164e+00,1.268699526786804199e+00,1.014596223831176758e+00,1.276829600334167480e+00,1.335175275802612305e+00,1.687771797180175781e+00,1.798671483993530273e+00,2.114965677261352539e+00,2.326292514801025391e+00,2.638853549957275391e+00,2.895363569259643555e+00,3.175722360610961914e+00,3.434046983718872070e+00,2.406960964202880859e+00,2.125458240509033203e+00,1.979851484298706055e+00,1.807350635528564453e+00,1.531943082809448242e+00,1.727959394454956055e+00,1.699389219284057617e+00,2.010275602340698242e+00,2.125945091247558594e+00,2.390022039413452148e+00,2.609324932098388672e+00,2.874331951141357422e+00,3.151161193847656250e+00,3.394219398498535156e+00,3.682859897613525391e+00,3.027813434600830078e+00,2.719463825225830078e+00,2.593006610870361328e+00,2.414187669754028320e+00,2.110297441482543945e+00,2.193042993545532227e+00,2.126013040542602539e+00,2.407061100006103516e+00,2.509275913238525391e+00,2.719224929809570312e+00,2.941009998321533203e+00,3.147217988967895508e+00,3.444025754928588867e+00,3.612422943115234375e+00,3.935276031494140625e+00
9.232653379440307617e-01,5.775909423828125000e-01,3.843760192394256592e-01,0.000000000000000000e+00,3.770838379859924316e-01,6.518999338150024414e-01,7.513610720634460449e-01,1.092879891395568848e+00,1.122835993766784668e+00,1.495748758316040039e+00,1.652366399765014648e+00,2.013879299163818359e+00,2.228555917739868164e+00,2.534733295440673828e+00,2.728574752807617188e+00,1.324216485023498535e+00,9.862428307533264160e-01,8.722201585769653320e-01,6.870723366737365723e-01,5.548378229141235352e-01,8.897026777267456055e-01,9.323797225952148438e-01,1.278855443000793457e+00,1.354053974151611328e+00,1.681950092315673828e+00,1.883908629417419434e+00,2.210407733917236328e+00,2.457299947738647461e+00,2.745962858200073242e+00,2.993189334869384766e+00,1.862316966056823730e+00,1.550973057746887207e+00,1.458565711975097656e+00,1.259599447250366211e+00,1.083165287971496582e+00,1.347723245620727539e+00,1.297284245491027832e+00,1.595435619354248047e+00,1.677477836608886719e+00,1.947993040084838867e+00,2.152920246124267578e+00,2.431259870529174805e+00,2.695083856582641602e+00,2.946156501770019531e+00,3.216594457626342773e+00,2.417691707611083984e+00,2.119980812072753906e+00,2.033657073974609375e+00,1.836251854896545410e+00,1.621988415718078613e+00,1.832365274429321289e+00,1.729419708251953125e+00,1.985984802246093750e+00,2.063814163208007812e+00,2.279291152954101562e+00,2.478336334228515625e+00,2.705738544464111328e+00,2.979051113128662109e+00,3.190992116928100586e+00,3.485103130340576172e+00,3.042477846145629883e+00,2.730991363525390625e+00,2.656418800354003906e+00,2.472909212112426758e+00,2.211666107177734375e+00,2.316841602325439453e+00,2.194635629653930664e+00,2.430777072906494141e+00,2.490396976470947266e+00,2.655361890792846680e+00,2.847817659378051758e+00,3.015936851501464844e+00,3.296914100646972656e+00,3.432146072387695312e+00,3.748197078704833984e+00
1.170407652854919434e+00,8.448240160942077637e-01,5.889406204223632812e-01,3.770838379859924316e-01,0.000000000000000000e+00,3.870912194252014160e-01,5.881235599517822266e-01,9.661300778388977051e-01,1.122480630874633789e+00,1.493536353111267090e+00,1.722979784011840820e+00,2.071836709976196289e+00,2.331917524337768555e+00,2.633984327316284180e+00,2.866687297821044922e+00,1.651618361473083496e+00,1.300578474998474121e+00,1.122839450836181641e+00,8.591403365135192871e-01,6.062090396881103516e-01,7.767166495323181152e-01,7.741745114326477051e-01,1.133681178092956543e+00,1.309801220893859863e+00,1.631397962570190430e+00,1.898715496063232422e+00,2.213183164596557617e+00,2.501877784729003906e+00,2.783977985382080078e+00,3.064936637878417969e+00,2.097167730331420898e+00,1.756492853164672852e+00,1.620849609375000000e+00,1.350787878036499023e+00,1.130272150039672852e+00,1.289958000183105469e+00,1.177130579948425293e+00,1.457565069198608398e+00,1.611051440238952637e+00,1.865875244140625000e+00,2.125194311141967773e+00,2.388460397720336914e+00,2.689846992492675781e+00,2.931767225265502930e+00,3.233431577682495117e+00,2.573758363723754883e+00,2.244691610336303711e+00,2.139521598815917969e+00,1.882783055305480957e+00,1.657632946968078613e+00,1.794789671897888184e+00,1.636169314384460449e+00,1.862525224685668945e+00,1.987298846244812012e+00,2.179912090301513672e+00,2.418732881546020508e+00,2.627151012420654297e+00,2.932320356369018555e+00,3.131773233413696289e+00,3.452548265457153320e+00,3.125668525695800781e+00,2.789384841918945312e+00,2.719572305679321289e+00,2.487939834594726562e+00,2.236539363861083984e+00,2.288588047027587891e+00,2.119873046875000000e+00,2.322745800018310547e+00,2.410131216049194336e+00,2.545309066772460938e+00,2.764116048812866211e+00,2.907802104949951172e+00,3.212754726409912109e+00,3.331510543823242188e+00,3.667659044265747070e+00
1.467429518699645996e+00,1.172577261924743652e+00,8.501959443092346191e-01,6.518999338150024414e-01,3.870912194252014160e-01,0.000000000000000000e+00,3.756725788116455078e-01,6.800799965858459473e-01,8.978541493415832520e-01,1.252282500267028809e+00,1.511831164360046387e+00,1.853457689285278320e+00,2.129942655563354492e+00,2.441726446151733398e+00,2.693990468978881836e+00,1.711182832717895508e+00,1.349593758583068848e+00,1.128244280815124512e+00,7.932998538017272949e-01,5.557724833488464355e-01,5.352841019630432129e-01,4.137112498283386230e-01,7.629051208496093750e-01,9.916691184043884277e-01,1.310111999511718750e+00,1.611766576766967773e+00,1.924252748489379883e+00,2.231821060180664062e+00,2.519345760345458984e+00,2.815208673477172852e+00,2.008786678314208984e+00,1.643105626106262207e+00,1.493024349212646484e+00,1.160733342170715332e+00,9.706187248229980469e-01,1.055948615074157715e+00,8.556162118911743164e-01,1.093373298645019531e+00,1.267348647117614746e+00,1.509055137634277344e+00,1.794818758964538574e+00,2.054334402084350586e+00,2.373384714126586914e+00,2.618311882019042969e+00,2.933614253997802734e+00,2.390326976776123047e+00,2.037967681884765625e+00,1.941708087921142578e+00,1.642111659049987793e+00,1.453293681144714355e+00,1.557704687118530273e+00,1.338112354278564453e+00,1.519350528717041016e+00,1.643193244934082031e+00,1.814334273338317871e+00,2.066144704818725586e+00,2.266595125198364258e+00,2.585267305374145508e+00,2.784567594528198242e+00,3.115920305252075195e+00,2.875580549240112305e+00,2.526399850845336914e+00,2.481341361999511719e+00,2.224422693252563477e+00,2.007951021194458008e+00,2.050103425979614258e+00,1.834344267845153809e+00,1.997994065284729004e+00,2.072406768798828125e+00,2.182451486587524414e+00,2.402281284332275391e+00,2.533935546875000000e+00,2.846170425415039062e+00,2.962549209594726562e+00,3.306424856185913086e+00
1.661588788032531738e+00,1.326882839202880859e+00,1.062060117721557617e+00,7.513610720634460449e-01,5.881235599517822266e-01,3.756725788116455078e-01,0.000000000000000000e+00,3.869536221027374268e-01,6.126911044120788574e-01,9.510200619697570801e-01,1.239556074142456055e+00,1.556653618812561035e+00,1.858084917068481445e+00,2.141215324401855469e+00,2.412086486816406250e+00,1.709773898124694824e+00,1.333983659744262695e+00,1.202074289321899414e+00,8.298184275627136230e-01,7.647634148597717285e-01,7.983719110488891602e-01,5.151484012603759766e-01,7.095378637313842773e-01,8.597607016563415527e-01,1.114358901977539062e+00,1.406873226165771484e+00,1.682458639144897461e+00,1.998673081398010254e+00,2.254759073257446289e+00,2.561931371688842773e+00,1.998362660408020020e+00,1.630007982254028320e+00,1.562823414802551270e+00,1.228541970252990723e+00,1.153752684593200684e+00,1.279724478721618652e+00,1.017345428466796875e+00,1.155763506889343262e+00,1.242158651351928711e+00,1.411473512649536133e+00,1.659231662750244141e+00,1.873777985572814941e+00,2.185197114944458008e+00,2.395406723022460938e+00,2.712801456451416016e+00,2.384411334991455078e+00,2.038333177566528320e+00,2.012464046478271484e+00,1.726706624031066895e+00,1.614831686019897461e+00,1.761193394660949707e+00,1.509067296981811523e+00,1.628469824790954590e+00,1.676483631134033203e+00,1.788167715072631836e+00,1.989592313766479492e+00,2.145894527435302734e+00,2.443314790725708008e+00,2.607736349105834961e+00,2.933408021926879883e+00,2.888879299163818359e+00,2.554003715515136719e+00,2.561300754547119141e+00,2.328016757965087891e+00,2.157060384750366211e+00,2.244219779968261719e+00,2.005632162094116211e+00,2.129922151565551758e+00,2.140103816986083984e+00,2.207075119018554688e+00,2.374073266983032227e+00,2.467458724975585938e+00,2.745954513549804688e+00,2.828217267990112305e+00,3.153454065322875977e+00
1.988367795944213867e+00,1.668067336082458496e+00,1.391165375709533691e+00,1.092879891395568848e+00,9.661300778388977051e-01,6.800799965858459473e-01,3.869536221027374268e-01,0.000000000000000000e+00,3.793962299823760986e-01,6.278239488601684570e-01,9.624553918838500977e-01,1.246039748191833496e+00,1.571042418479919434e+00,1.846533179283142090e+00,2.140552759170532227e+00,1.805485248565673828e+00,1.444859743118286133e+00,1.331796646118164062e+00,9.535961151123046875e-01,9.881324768066406250e-01,9.347537159919738770e-01,5.622367858886718750e-01,5.036189556121826172e-01,5.939519405364990234e-01,7.630690336227416992e-01,1.078610897064208984e+00,1.324295997619628906e+00,1.660511374473571777e+00,1.904430627822875977e+00,2.228262901306152344e+00,1.953404903411865234e+00,1.583411812782287598e+00,1.554746747016906738e+00,1.201413035392761230e+00,1.228290081024169922e+00,1.313442468643188477e+00,9.847865700721740723e-01,9.910174012184143066e-01,1.007636427879333496e+00,1.096294403076171875e+00,1.330646991729736328e+00,1.509964704513549805e+00,1.828791618347167969e+00,2.022912740707397461e+00,2.350824832916259766e+00,2.246831655502319336e+00,1.896798372268676758e+00,1.921703338623046875e+00,1.625375866889953613e+00,1.598044991493225098e+00,1.739060282707214355e+00,1.441336035728454590e+00,1.476419091224670410e+00,1.461022615432739258e+00,1.508823394775390625e+00,1.677388191223144531e+00,1.797808766365051270e+00,2.088572978973388672e+00,2.234220504760742188e+00,2.562520980834960938e+00,2.696087360382080078e+00,2.366690158843994141e+00,2.425310850143432617e+00,2.194898128509521484e+00,2.085102319717407227e+00,2.191723108291625977e+00,1.916469216346740723e+00,1.982970833778381348e+00,1.936556220054626465e+00,1.955662369728088379e+00,2.082124471664428711e+00,2.143326759338378906e+00,2.401995658874511719e+00,2.465187072753906250e+00,2.783130168914794922e+00
1.968231797218322754e+00,1.665558099746704102e+00,1.418037295341491699e+00,1.122835993766784668e+00,1.122480630874633789e+00,8.978541493415832520e-01,6.126911044120788574e-01,3.793962299823760986e-01,0.000000000000000000e+00,3.799759149551391602e-01,6.278235316276550293e-01,9.591377973556518555e-01,1.247665882110595703e+00,1.544988393783569336e+00,1.810583353042602539e+00,1.542796134948730469e+00,1.204259276390075684e+00,1.162653684616088867e+00,8.227265477180480957e-01,1.006522059440612793e+00,1.041146516799926758e+00,7.333217859268188477e-01,6.562710404396057129e-01,4.976148307323455811e-01,6.457715630531311035e-01,8.455467820167541504e-01,1.116164207458496094e+00,1.406234622001647949e+00,1.665629148483276367e+00,1.957804918289184570e+00,1.660019397735595703e+00,1.306530833244323730e+00,1.355670571327209473e+00,1.052412509918212891e+00,1.183897376060485840e+00,1.351310491561889648e+00,1.075876832008361816e+00,1.083036541938781738e+00,9.689753651618957520e-01,1.055538415908813477e+00,1.189348936080932617e+00,1.383032798767089844e+00,1.649316906929016113e+00,1.855111956596374512e+00,2.146679162979125977e+00,1.983579993247985840e+00,1.658423900604248047e+00,1.738290071487426758e+00,1.497994661331176758e+00,1.525509119033813477e+00,1.740531086921691895e+00,1.487774610519409180e+00,1.537043452262878418e+00,1.440541267395019531e+00,1.500301003456115723e+00,1.596886038780212402e+00,1.733424186706542969e+00,1.974495172500610352e+00,2.132709741592407227e+00,2.425322294235229492e+00,2.493974685668945312e+00,2.192325830459594727e+00,2.272635459899902344e+00,2.095898628234863281e+00,2.002664804458618164e+00,2.174096345901489258e+00,1.934780359268188477e+00,2.021145582199096680e+00,1.922841429710388184e+00,1.965178132057189941e+00,2.042201042175292969e+00,2.126632690429687500e+00,2.344323158264160156e+00,2.424627065658569336e+00,2.711666345596313477e+00
2.330288648605346680e+00,2.030504465103149414e+00,1.793662071228027344e+00,1.495748758316040039e+00,1.493536353111267090e+00,1.252282500267028809e+00,9.510200619697570801e-01,6.278239488601684570e-01,3.799759149551391602e-01,0.000000000000000000e+00,3.796109557151794434e-01,6.182668209075927734e-01,9.533451795578002930e-01,1.220028519630432129e+00,1.520023226737976074e+00,1.757197856903076172e+00,1.457614064216613770e+00,1.458287000656127930e+00,1.154286742210388184e+00,1.369662284851074219e+00,1.366943597793579102e+00,1.044211387634277344e+00,8.387429118156433105e-01,5.976533889770507812e-01,4.931161105632781982e-01,6.103844046592712402e-01,7.869777679443359375e-01,1.091510057449340820e+00,1.312960386276245117e+00,1.625588059425354004e+00,1.756777763366699219e+00,1.434705972671508789e+00,1.542539000511169434e+00,1.265583634376525879e+00,1.469025731086730957e+00,1.604147553443908691e+00,1.308081269264221191e+00,1.208104372024536133e+00,1.010483622550964355e+00,9.611786603927612305e-01,1.007550120353698730e+00,1.115028262138366699e+00,1.360212445259094238e+00,1.522245526313781738e+00,1.816536545753479004e+00,1.986802697181701660e+00,1.683119177818298340e+00,1.831888914108276367e+00,1.610615849494934082e+00,1.721169471740722656e+00,1.928909420967102051e+00,1.656768679618835449e+00,1.626716375350952148e+00,1.456685423851013184e+00,1.429933071136474609e+00,1.448989152908325195e+00,1.518707871437072754e+00,1.721091270446777344e+00,1.837410211563110352e+00,2.118326425552368164e+00,2.442494153976440430e+00,2.165126562118530273e+00,2.306954145431518555e+00,2.152258872985839844e+00,2.125631809234619141e+00,2.317517995834350586e+00,2.058342218399047852e+00,2.086910963058471680e+00,1.924893021583557129e+00,1.909966945648193359e+00,1.918479919433593750e+00,1.954195380210876465e+00,2.122896432876586914e+00,2.167477369308471680e+00,2.427634000778198242e+00
2.401703596115112305e+00,2.134271383285522461e+00,1.920718669891357422e+00,1.652366399765014648e+00,1.722979784011840820e+00,1.511831164360046387e+00,1.239556074142456055e+00,9.624553918838500977e-01,6.278235316276550293e-01,3.796109557151794434e-01,0.000000000000000000e+00,3.857840895652770996e-01,6.204317212104797363e-01,9.407765269279479980e-01,1.192503809928894043e+00,1.608961701393127441e+00,1.370285153388977051e+00,1.432641386985778809e+00,1.207991600036621094e+00,1.503042459487915039e+00,1.543187499046325684e+00,1.281293749809265137e+00,1.092284560203552246e+00,7.557992935180664062e-01,6.316044926643371582e-01,4.925827682018280029e-01,6.631376147270202637e-01,8.542315959930419922e-01,1.101187944412231445e+00,1.356896519660949707e+00,1.520372271537780762e+00,1.247407555580139160e+00,1.437065362930297852e+00,1.241757750511169434e+00,1.524690628051757812e+00,1.703897476196289062e+00,1.467721819877624512e+00,1.374672293663024902e+00,1.092285871505737305e+00,1.042868971824645996e+00,9.545223712921142578e-01,1.067004323005676270e+00,1.216284871101379395e+00,1.393182396888732910e+00,1.626191616058349609e+00,1.739390492439270020e+00,1.480659246444702148e+00,1.693161129951477051e+00,1.545215487480163574e+00,1.713376522064208984e+00,1.970583200454711914e+00,1.750443577766418457e+00,1.730757832527160645e+00,1.496745347976684570e+00,1.483324289321899414e+00,1.421422362327575684e+00,1.508185267448425293e+00,1.639144659042358398e+00,1.772310256958007812e+00,1.999321579933166504e+00,2.235966682434082031e+00,1.999168038368225098e+00,2.166466951370239258e+00,2.074090242385864258e+00,2.073402643203735352e+00,2.319587469100952148e+00,2.101900815963745117e+00,2.144576787948608398e+00,1.938502192497253418e+00,1.947923302650451660e+00,1.905207037925720215e+00,1.968435883522033691e+00,2.087349653244018555e+00,2.156274080276489258e+00,2.375568628311157227e+00
2.773922204971313477e+00,2.499240398406982422e+00,2.297070741653442383e+00,2.013879299163818359e+00,2.071836709976196289e+00,1.853457689285278320e+00,1.556653618812561035e+00,1.246039748191833496e+00,9.591377973556518555e-01,6.182668209075927734e-01,3.857840895652770996e-01,0.000000000000000000e+00,3.846468627452850342e-01,6.064692139625549316e-01,9.221705198287963867e-01,1.930607676506042480e+00,1.721300840377807617e+00,1.809025049209594727e+00,1.593556046485900879e+00,1.884284615516662598e+00,1.905239343643188477e+00,1.621270775794982910e+00,1.384176611900329590e+00,1.064984321594238281e+00,8.222600221633911133e-01,6.030798554420471191e-01,5.161114931106567383e-01,6.453148722648620605e-01,7.824122905731201172e-01,1.058876752853393555e+00,1.780735731124877930e+00,1.553507804870605469e+00,1.771463155746459961e+00,1.595605731010437012e+00,1.893842577934265137e+00,2.047355175018310547e+00,1.793624520301818848e+00,1.642725825309753418e+00,1.340673565864562988e+00,1.189126253128051758e+00,1.018199682235717773e+00,9.905886650085449219e-01,1.067236781120300293e+00,1.150624394416809082e+00,1.365247488021850586e+00,1.912827968597412109e+00,1.694154858589172363e+00,1.953491091728210449e+00,1.825559616088867188e+00,2.038006067276000977e+00,2.278180122375488281e+00,2.044119119644165039e+00,1.968247532844543457e+00,1.696541666984558105e+00,1.605540871620178223e+00,1.468899607658386230e+00,1.465918183326721191e+00,1.528867602348327637e+00,1.591370105743408203e+00,1.785398721694946289e+00,2.338528633117675781e+00,2.138095855712890625e+00,2.357688665390014648e+00,2.287447452545166016e+00,2.339644432067871094e+00,2.591053009033203125e+00,2.359781265258789062e+00,2.353752851486206055e+00,2.104264974594116211e+00,2.057425260543823242e+00,1.947562694549560547e+00,1.950631618499755859e+00,2.002537488937377930e+00,2.019937276840209961e+00,2.192575454711914062e+00
2.908291101455688477e+00,2.666645288467407227e+00,2.480937957763671875e+00,2.228555917739868164e+00,2.331917524337768555e+00,2.129942655563354492e+00,1.858084917068481445e+00,1.571042418479919434e+00,1.247665882110595703e+00,9.533451795578002930e-01,6.204317212104797363e-01,3.846468627452850342e-01,0.000000000000000000e+00,3.909359574317932129e-01,5.914256572723388672e-01,1.904291152954101562e+00,1.765236735343933105e+00,1.891205072402954102e+00,1.745368003845214844e+00,2.075703859329223633e+00,2.119468927383422852e+00,1.881067991256713867e+00,1.658435940742492676e+00,1.302337765693664551e+00,1.084339499473571777e+00,7.588837146759033203e-01,6.550323963165283203e-01,5.397655367851257324e-01,6.670677661895751953e-01,8.115087151527404785e-01,1.655369639396667480e+00,1.503079771995544434e+00,1.776756882667541504e+00,1.679769158363342285e+00,2.022454738616943359e+00,2.198568582534790039e+00,1.995294451713562012e+00,1.853748559951782227e+00,1.510073900222778320e+00,1.372970938682556152e+00,1.113050580024719238e+00,1.087618112564086914e+00,1.033738017082214355e+00,1.119932770729064941e+00,1.228120803833007812e+00,1.739993453025817871e+00,1.589569568634033203e+00,1.901249885559082031e+00,1.848324775695800781e+00,2.103523969650268555e+00,2.372322559356689453e+00,2.186717510223388672e+00,2.119864463806152344e+00,1.808461666107177734e+00,1.733164310455322266e+00,1.532436966896057129e+00,1.545133233070373535e+00,1.525250077247619629e+00,1.602296948432922363e+00,1.720005035400390625e+00,2.175236463546752930e+00,2.029889822006225586e+00,2.273147583007812500e+00,2.267301082611083984e+00,2.347212076187133789e+00,2.638590812683105469e+00,2.448840856552124023e+00,2.452786207199096680e+00,2.171814680099487305e+00,2.147657155990600586e+00,1.993574261665344238e+00,2.023532629013061523e+00,2.022191286087036133e+00,2.066218137741088867e+00,2.188070297241210938e+00
3.230826854705810547e+00,2.974913835525512695e+00,2.809869766235351562e+00,2.534733295440673828e+00,2.633984327316284180e+00,2.441726446151733398e+00,2.141215324401855469e+00,1.846533179283142090e+00,1.544988393783569336e+00,1.220028519630432129e+00,9.407765269279479980e-01,6.064692139625549316e-01,3.909359574317932129e-01,0.000000000000000000e+00,3.789527416229248047e-01,2.228323221206665039e+00,2.098418951034545898e+00,2.252197742462158203e+00,2.100108146667480469e+00,2.427209615707397461e+00,2.476303815841674805e+00,2.214487075805664062e+00,1.980409622192382812e+00,1.644383430480957031e+00,1.390600562095642090e+00,1.091347694396972656e+00,8.783052563667297363e-01,7.212543487548828125e-01,6.171063780784606934e-01,7.059515714645385742e-01,2.004054546356201172e+00,1.876953840255737305e+00,2.163036823272705078e+00,2.067924976348876953e+00,2.404389858245849609e+00,2.577607154846191406e+00,2.356515645980834961e+00,2.196188211441040039e+00,1.860545277595520020e+00,1.680305719375610352e+00,1.411070823669433594e+00,1.293704509735107422e+00,1.186384677886962891e+00,1.146970748901367188e+00,1.199511051177978516e+00,2.071026086807250977e+00,1.952081561088562012e+00,2.277416944503784180e+00,2.231801509857177734e+00,2.492899417877197266e+00,2.754538536071777344e+00,2.556255102157592773e+00,2.465770244598388672e+00,2.148936748504638672e+00,2.030903816223144531e+00,1.801608562469482422e+00,1.744005441665649414e+00,1.670931696891784668e+00,1.665644764900207520e+00,1.734581351280212402e+00,2.463183879852294922e+00,2.349147319793701172e+00,2.616390228271484375e+00,2.622793912887573242e+00,2.723143577575683594e+00,3.012730836868286133e+00,2.813694953918457031e+00,2.792803525924682617e+00,2.496272802352905273e+00,2.434667825698852539e+00,2.243943452835083008e+00,2.221840620040893555e+00,2.165785312652587891e+00,2.152962684631347656e+00,2.220507860183715820e+00
3.348922967910766602e+00,3.122637510299682617e+00,2.977670907974243164e+00,2.728574752807617188e+00,2.866687297821044922e+00,2.693990468978881836e+00,2.412086486816406250e+00,2.140552759170532227e+00,1.810583353042602539e+00,1.520023226737976074e+00,1.192503809928894043e+00,9.221705198287963867e-01,5.914256572723388672e-01,3.789527416229248047e-01,0.000000000000000000e+00,2.235210418701171875e+00,2.168027400970458984e+00,2.354537963867187500e+00,2.259825468063354492e+00,2.613122463226318359e+00,2.687815427780151367e+00,2.462588071823120117e+00,2.249701976776123047e+00,1.891344189643859863e+00,1.669187307357788086e+00,1.330198049545288086e+00,1.156119704246520996e+00,9.029629826545715332e-01,8.108389973640441895e-01,7.027221322059631348e-01,1.957280278205871582e+00,1.901836991310119629e+00,2.224509954452514648e+00,2.194702148437500000e+00,2.553639888763427734e+00,2.750391244888305664e+00,2.571889877319335938e+00,2.431548357009887695e+00,2.075673341751098633e+00,1.923511147499084473e+00,1.617870211601257324e+00,1.528352856636047363e+00,1.349831700325012207e+00,1.325384497642517090e+00,1.271557807922363281e+00,2.003364801406860352e+00,1.953491091728210449e+00,2.306356668472290039e+00,2.324850559234619141e+00,2.604598045349121094e+00,2.890474081039428711e+00,2.735582351684570312e+00,2.664407491683959961e+00,2.329647541046142578e+00,2.237919807434082031e+00,1.979524374008178711e+00,1.948580861091613770e+00,1.824382662773132324e+00,1.839223980903625488e+00,1.839861273765563965e+00,2.409228563308715820e+00,2.349407911300659180e+00,2.622154951095581055e+00,2.684763431549072266e+00,2.796013593673706055e+00,3.115195989608764648e+00,2.956525087356567383e+00,2.953844308853149414e+00,2.644136428833007812e+00,2.610895395278930664e+00,2.399351596832275391e+00,2.407816886901855469e+00,2.319097518920898438e+00,2.334747076034545898e+00,2.361557483673095703e+00
1.352982044219970703e+00,1.330431699752807617e+00,1.294804453849792480e+00,1.324216485023498535e+00,1.651618361473083496e+00,1.711182832717895508e+00,1.709773898124694824e+00,1.805485248565673828e+00,1.542796134948730469e+00,1.757197856903076172e+00,1.608961701393127441e+00,1.930607676506042480e+00,1.904291152954101562e+00,2.228323221206665039e+00,2.235210418701171875e+00,0.000000000000000000e+00,3.772130310535430908e-01,6.389833688735961914e-01,9.473473429679870605e-01,1.238657712936401367e+00,1.550918340682983398e+00,1.662088632583618164e+00,1.836465835571289062e+00,1.634598135948181152e+00,1.888762593269348145e+00,1.826046109199523926e+00,2.149410963058471680e+00,2.193477153778076172e+00,2.507035732269287109e+00,2.589816093444824219e+00,8.142992854118347168e-01,7.627674341201782227e-01,9.086667299270629883e-01,1.106552243232727051e+00,1.229032039642333984e+00,1.622601032257080078e+00,1.739896535873413086e+00,1.975780010223388672e+00,1.831647038459777832e+00,2.100174188613891602e+00,2.093510627746582031e+00,2.403386116027832031e+00,2.498347520828247070e+00,2.788774967193603516e+00,2.915372610092163086e+00,1.557057976722717285e+00,1.440588235855102539e+00,1.451101422309875488e+00,1.534219503402709961e+00,1.470757603645324707e+00,1.855329871177673340e+00,1.934794425964355469e+00,2.203335046768188477e+00,2.113000869750976562e+00,2.372834920883178711e+00,2.417498350143432617e+00,2.702514410018920898e+00,2.840251445770263672e+00,3.105951547622680664e+00,3.280093431472778320e+00,2.351650476455688477e+00,2.168255090713500977e+00,2.094762563705444336e+00,2.116968154907226562e+00,1.898860216140747070e+00,2.184192895889282227e+00,2.221062421798706055e+00,2.506596326828002930e+00,2.455049753189086914e+00,2.700902462005615234e+00,2.787114143371582031e+00,3.039119958877563477e+00,3.221853256225585938e+00,3.431343555450439453e+00,3.662736415863037109e+00
1.226800680160522461e+00,1.111117005348205566e+00,1.020926713943481445e+00,9.862428307533264160e-01,1.300578474998474121e+00,1.349593758583068848e+00,1.333983659744262695e+00,1.444859743118286133e+00,1.204259276390075684e+00,1.457614064216613770e+00,1.370285153388977051e+00,1.721300840377807617e+00,1.765236735343933105e+00,2.098418951034545898e+00,2.168027400970458984e+00,3.772130310535430908e-01,0.000000000000000000e+00,3.849759399890899658e-01,6.023623347282409668e-01,9.153832793235778809e-01,1.244033098220825195e+00,1.319075584411621094e+00,1.510215163230895996e+00,1.336428284645080566e+00,1.612684488296508789e+00,1.607704520225524902e+00,1.943565726280212402e+00,2.046685457229614258e+00,2.361252069473266602e+00,2.497163772583007812e+00,9.682984352111816406e-01,7.592313289642333984e-01,8.532673120498657227e-01,9.122130870819091797e-01,1.005956411361694336e+00,1.404407501220703125e+00,1.463797330856323242e+00,1.704296588897705078e+00,1.588168501853942871e+00,1.857375860214233398e+00,1.897034525871276855e+00,2.203370332717895508e+00,2.345783472061157227e+00,2.628750562667846680e+00,2.799553394317626953e+00,1.650771975517272949e+00,1.452627897262573242e+00,1.454241275787353516e+00,1.439064979553222656e+00,1.353173136711120605e+00,1.718384265899658203e+00,1.732431888580322266e+00,1.990616202354431152e+00,1.921870946884155273e+00,2.166254043579101562e+00,2.242824316024780273e+00,2.512491941452026367e+00,2.686159610748291016e+00,2.937467336654663086e+00,3.146784067153930664e+00,2.404002189636230469e+00,2.173029661178588867e+00,2.117866039276123047e+00,2.074812889099121094e+00,1.854362964630126953e+00,2.107430696487426758e+00,2.083335638046264648e+00,2.349263906478881836e+00,2.308453798294067383e+00,2.527059078216552734e+00,2.631930589675903320e+00,2.858732461929321289e+00,3.064462423324584961e+00,3.251822948455810547e+00,3.505843162536621094e+00
1.136418938636779785e+00,1.037889957427978516e+00,8.335989713668823242e-01,8.722201585769653320e-01,1.122839450836181641e+00,1.128244280815124512e+00,1.202074289321899414e+00,1.331796646118164062e+00,1.162653684616088867e+00,1.458287000656127930e+00,1.432641386985778809e+00,1.809025049209594727e+00,1.891205072402954102e+00,2.252197742462158203e+00,2.354537963867187500e+00,6.389833688735961914e-01,3.849759399890899658e-01,0.000000000000000000e+00,3.821941614151000977e-01,6.173870563507080078e-01,9.149338603019714355e-01,1.068131566047668457e+00,1.296975612640380859e+00,1.187268257141113281e+00,1.516737103462219238e+00,1.573614478111267090e+00,1.942294955253601074e+00,2.083468914031982422e+00,2.425535917282104492e+00,2.588880062103271484e+00,1.016394257545471191e+00,7.386368513107299805e-01,6.494401097297668457e-01,6.422902941703796387e-01,6.390721797943115234e-01,1.040374875068664551e+00,1.144248247146606445e+00,1.429457783699035645e+00,1.373475909233093262e+00,1.691646337509155273e+00,1.791105389595031738e+00,2.130032539367675781e+00,2.311048746109008789e+00,2.620362043380737305e+00,2.818761825561523438e+00,1.602252960205078125e+00,1.351320624351501465e+00,1.266806602478027344e+00,1.189681768417358398e+00,1.030910134315490723e+00,1.372376441955566406e+00,1.397984027862548828e+00,1.689997673034667969e+00,1.675426006317138672e+00,1.955582737922668457e+00,2.086366176605224609e+00,2.382756948471069336e+00,2.594784975051879883e+00,2.868583202362060547e+00,3.103768587112426758e+00,2.287701845169067383e+00,2.017682552337646484e+00,1.924106597900390625e+00,1.828723549842834473e+00,1.572320818901062012e+00,1.784795045852661133e+00,1.757778644561767578e+00,2.042799472808837891e+00,2.047809123992919922e+00,2.286848068237304688e+00,2.438722133636474609e+00,2.683655023574829102e+00,2.927714109420776367e+00,3.133170366287231445e+00,3.415229320526123047e+00
1.265921473503112793e+00,1.061215162277221680e+00,7.864250540733337402e-01,6.870723366737365723e-01,8.591403365135192871e-01,7.932998538017272949e-01,8.298184275627136230e-01,9.535961151123046875e-01,8.227265477180480957e-01,1.154286742210388184e+00,1.207991600036621094e+00,1.593556046485900879e+00,1.745368003845214844e+00,2.100108146667480469e+00,2.259825468063354492e+00,9.473473429679870605e-01,6.023623347282409668e-01,3.821941614151000977e-01,0.000000000000000000e+00,3.906083405017852783e-01,6.671414375305175781e-01,7.210324406623840332e-01,9.565179347991943359e-01,8.835144639015197754e-01,1.228616714477539062e+00,1.354218006134033203e+00,1.719068884849548340e+00,1.918194770812988281e+00,2.248373508453369141e+00,2.460313796997070312e+00,1.244404673576354980e+00,8.982555866241455078e-01,8.145759105682373047e-01,6.048004627227783203e-01,5.872778892517089844e-01,9.361597895622253418e-01,9.119547009468078613e-01,1.175371527671813965e+00,1.145938277244567871e+00,1.444240808486938477e+00,1.590838432312011719e+00,1.909945368766784668e+00,2.135446071624755859e+00,2.425899744033813477e+00,2.664376497268676758e+00,1.740419983863830566e+00,1.435681819915771484e+00,1.377991199493408203e+00,1.201338529586791992e+00,1.063606381416320801e+00,1.353949904441833496e+00,1.271458029747009277e+00,1.519035100936889648e+00,1.514814615249633789e+00,1.754984617233276367e+00,1.909643054008483887e+00,2.174798727035522461e+00,2.417007923126220703e+00,2.665968418121337891e+00,2.931785821914672852e+00,2.364121437072753906e+00,2.062376022338867188e+00,2.010744810104370117e+00,1.859221100807189941e+00,1.634347796440124512e+00,1.812001347541809082e+00,1.700999140739440918e+00,1.937645435333251953e+00,1.936950683593750000e+00,2.127191066741943359e+00,2.284580230712890625e+00,2.489974498748779297e+00,2.747910261154174805e+00,2.921978235244750977e+00,3.220246553421020508e+00
1.134615421295166016e+00,9.303030371665954590e-01,5.686143040657043457e-01,5.548378229141235352e-01,6.062090396881103516e-01,5.557724833488464355e-01,7.647634148597717285e-01,9.881324768066406250e-01,1.006522059440612793e+00,1.369662284851074219e+00,1.503042459487915039e+00,1.884284615516662598e+00,2.075703859329223633e+00,2.427209615707397461e+00,2.613122463226318359e+00,1.238657712936401367e+00,9.153832793235778809e-01,6.173870563507080078e-01,3.906083405017852783e-01,0.000000000000000000e+00,4.025343954563140869e-01,5.921443700790405273e-01,9.431452155113220215e-01,1.022816658020019531e+00,1.395219922065734863e+00,1.599415421485900879e+00,1.963906049728393555e+00,2.202247619628906250e+00,2.532704353332519531e+00,2.770976781845092773e+00,1.554307937622070312e+00,1.215420365333557129e+00,1.028575420379638672e+00,7.775447964668273926e-01,5.413164496421813965e-01,7.980354428291320801e-01,7.946156859397888184e-01,1.133167982101440430e+00,1.230969548225402832e+00,1.555170416831970215e+00,1.777503609657287598e+00,2.100413322448730469e+00,2.366502761840820312e+00,2.659513473510742188e+00,2.926090955734252930e+00,2.001427650451660156e+00,1.678307652473449707e+00,1.546403050422668457e+00,1.314616680145263672e+00,1.080392718315124512e+00,1.279288291931152344e+00,1.187639236450195312e+00,1.470481038093566895e+00,1.563912153244018555e+00,1.821902155876159668e+00,2.043652772903442383e+00,2.312870979309082031e+00,2.596126079559326172e+00,2.847629547119140625e+00,3.141190052032470703e+00,2.559550762176513672e+00,2.231419563293457031e+00,2.139484643936157227e+00,1.933177947998046875e+00,1.668730854988098145e+00,1.765210866928100586e+00,1.642781853675842285e+00,1.892261385917663574e+00,1.964765787124633789e+00,2.159924268722534180e+00,2.374424219131469727e+00,2.579086542129516602e+00,2.877415418624877930e+00,3.051739931106567383e+00,3.377823352813720703e+00
1.470112323760986328e+00,1.286435961723327637e+00,9.049159288406372070e-01,8.897026777267456055e-01,7.767166495323181152e-01,5.352841019630432129e-01,7.983719110488891602e-01,9.347537159919738770e-01,1.041146516799926758e+00,1.366943597793579102e+00,1.543187499046325684e+00,1.905239343643188477e+00,2.119468927383422852e+00,2.476303815841674805e+00,2.687815427780151367e+00,1.550918340682983398e+00,1.244033098220825195e+00,9.149338603019714355e-01,6.671414375305175781e-01,4.025343954563140869e-01,0.000000000000000000e+00,3.863558769226074219e-01,7.133023738861083984e-01,8.987402319908142090e-01,1.266864180564880371e+00,1.524597406387329102e+00,1.883425951004028320e+00,2.148840904235839844e+00,2.484679460525512695e+00,2.744088649749755859e+00,1.697232007980346680e+00,1.343801975250244141e+00,1.101168513298034668e+00,7.699872255325317383e-01,4.972512722015380859e-01,5.255988240242004395e-01,4.410375654697418213e-01,8.021616339683532715e-01,9.960547089576721191e-01,1.329021573066711426e+00,1.610349893569946289e+00,1.934836149215698242e+00,2.231718540191650391e+00,2.531562089920043945e+00,2.820206880569458008e+00,2.002054452896118164e+00,1.647644996643066406e+00,1.486519932746887207e+00,1.177523374557495117e+00,9.400728344917297363e-01,1.031535148620605469e+00,8.634370565414428711e-01,1.127186655998229980e+00,1.281607985496520996e+00,1.538183689117431641e+00,1.810258030891418457e+00,2.080286741256713867e+00,2.395110130310058594e+00,2.652096271514892578e+00,2.966301918029785156e+00,2.445046663284301758e+00,2.089767456054687500e+00,2.001249313354492188e+00,1.736135363578796387e+00,1.491445660591125488e+00,1.526198267936706543e+00,1.344115257263183594e+00,1.561479091644287109e+00,1.666508436203002930e+00,1.846125245094299316e+00,2.096724033355712891e+00,2.296077251434326172e+00,2.623527288436889648e+00,2.801386833190917969e+00,3.148053169250488281e+00
