,A1,A2,A3,A4,A5,A6,A7,A8,A9,A10,A11,A12,A13,A14,A15,B1,B2,B3,B4,B5,B6,B7,B8,B9,B10,B11,B12,B13,B14,B15,C1,C2,C3,C4,C5,C6,C7,C8,C9,C10,C11,C12,C13,C14,C15,D1,D2,D3,D4,D5,D6,D7,D8,D9,D10,D11,D12,D13,D14,D15,E1,E2,E3,E4,E5,E6,E7,E8,E9,E10,E11,E12,E13,E14,E15
A1,0.0,0.35608845949172974,0.665023148059845,0.8652154207229614,1.226142406463623,1.3951925039291382,1.7488454580307007,1.953972578048706,2.2970194816589355,2.482022762298584,2.8656489849090576,2.8954949378967285,2.636974811553955,2.844200611114502,2.5516762733459473,0.8772230744361877,0.6701762676239014,0.9898272752761841,1.0766299962997437,1.4139478206634521,1.609843373298645,1.9203065633773804,2.1553845405578613,2.470273733139038,2.6937096118927,3.0603225231170654,3.1356616020202637,2.954486608505249,3.1616439819335938,2.981658935546875,1.5546963214874268,1.2511309385299683,1.4619944095611572,1.4742166996002197,1.7519652843475342,1.9234119653701782,2.1841673851013184,2.4266884326934814,2.6990652084350586,2.9486870765686035,3.2956340312957764,3.427832841873169,3.3107664585113525,3.5284976959228516,3.4055278301239014,2.2519009113311768,1.8943397998809814,1.9680607318878174,1.9337127208709717,2.1607062816619873,2.304680109024048,2.5184056758880615,2.746189594268799,2.980005979537964,3.248706817626953,3.5692641735076904,3.7559471130371094,3.7133195400238037,3.9516754150390625,3.915830612182617,3.034125804901123,2.6540169715881348,2.5594282150268555,2.4569480419158936,2.657102584838867,2.7573328018188477,2.926861047744751,3.1361801624298096,3.3058865070343018,3.5889389514923096,3.815783739089966,4.083373546600342,4.186371326446533,4.449548721313477,4.566088676452637
A2,0.35608845949172974,0.0,0.3775300681591034,0.5104802846908569,0.8735154867172241,1.0444101095199585,1.3950685262680054,1.6130558252334595,1.9524285793304443,2.153498411178589,2.534043073654175,2.583333969116211,2.341233253479004,2.573434352874756,2.3039872646331787,0.8166057467460632,0.59134840965271,0.8189145922660828,0.7933596968650818,1.10434889793396,1.2818267345428467,1.5769537687301636,1.8146538734436035,2.1212518215179443,2.354532480239868,2.718372344970703,2.809912919998169,2.645103693008423,2.8725078105926514,2.7148358821868896,1.4813899993896484,1.1685574054718018,1.3281915187835693,1.255128026008606,1.4926561117172241,1.6326215267181396,1.8692046403884888,2.103085517883301,2.3612008094787598,2.6142752170562744,2.9549965858459473,3.100074291229248,3.0003466606140137,3.2319507598876953,3.1305415630340576,2.1703743934631348,1.801586627960205,1.8471404314041138,1.7490193843841553,1.9372528791427612,2.0455973148345947,2.2332379817962646,2.443568706512451,2.6600048542022705,2.9255363941192627,3.2370219230651855,3.432440996170044,3.4070308208465576,3.6523215770721436,3.6370935440063477,2.912797451019287,2.539752721786499,2.4381752014160156,2.2889041900634766,2.457665205001831,2.522228240966797,2.669003963470459,2.8549458980560303,3.007974624633789,3.281216621398926,3.4970602989196777,3.765157699584961,3.882209539413452,4.140945911407471,4.27224588394165
A3,0.665023148059845,0.3775300681591034,0.0,0.37865498661994934,0.6448438167572021,0.9146859645843506,1.2321453094482422,1.5038120746612549,1.8286306858062744,2.075495958328247,2.4395415782928467,2.5252087116241455,2.308471918106079,2.57000470161438,2.3300888538360596,0.8924831748008728,0.5868406295776367,0.6151840686798096,0.5406973361968994,0.7991058230400085,1.0526509284973145,1.327357292175293,1.6182156801223755,1.9174551963806152,2.190812826156616,2.5525338649749756,2.6741185188293457,2.522477865219116,2.7822790145874023,2.638936996459961,1.4351634979248047,1.0886040925979614,1.1364984512329102,1.015354037284851,1.1980081796646118,1.3757230043411255,1.5883442163467407,1.8613704442977905,2.109875440597534,2.3973512649536133,2.7352380752563477,2.9072980880737305,2.8202409744262695,3.082218647003174,2.9928441047668457,2.0641465187072754,1.6835237741470337,1.6551406383514404,1.5169016122817993,1.6561195850372314,1.7806309461593628,1.9388009309768677,2.1737396717071533,2.3756580352783203,2.66845703125,2.974797487258911,3.193697452545166,3.181072473526001,3.4521286487579346,3.4476869106292725,2.743468999862671,2.378352642059326,2.2331180572509766,2.0554869174957275,2.1836514472961426,2.2530136108398438,2.369256019592285,2.5670461654663086,2.700639009475708,2.9917826652526855,3.195432186126709,3.4817583560943604,3.6108803749084473,3.886237621307373,4.032644271850586
A4,0.8652154207229614,0.5104802846908569,0.37865498661994934,0.0,0.3688681721687317,0.5772337913513184,0.9024164080619812,1.1653683185577393,1.4845175743103027,1.7270855903625488,2.0964269638061523,2.1921398639678955,1.9918750524520874,2.2714736461639404,2.0552282333374023,1.022625207901001,0.8309423923492432,0.8403768539428711,0.5874608755111694,0.7540634870529175,0.8826111555099487,1.117552399635315,1.36739182472229,1.6459428071975708,1.906532645225525,2.260183811187744,2.3908305168151855,2.265024423599243,2.531940221786499,2.4216394424438477,1.5662496089935303,1.270018458366394,1.3213920593261719,1.1074719429016113,1.232210636138916,1.3051918745040894,1.4729998111724854,1.6896681785583496,1.9088003635406494,2.173200845718384,2.496903896331787,2.6728925704956055,2.611675262451172,2.8708183765411377,2.812786817550659,2.1946582794189453,1.82723867893219,1.8178815841674805,1.6201870441436768,1.7221136093139648,1.7645691633224487,1.889430284500122,2.0656774044036865,2.2396485805511475,2.5016918182373047,2.790909767150879,3.007661819458008,3.0185704231262207,3.278376817703247,3.3026881217956543,2.847634792327881,2.4961366653442383,2.380030870437622,2.1606366634368896,2.265434503555298,2.269660711288452,2.3661868572235107,2.5090625286102295,2.6237332820892334,2.8798835277557373,3.0694215297698975,3.341697931289673,3.4877045154571533,3.739717721939087,3.899932861328125
A5,1.226142406463623,0.8735154867172241,0.6448438167572021,0.3688681721687317,0.0,0.3869388997554779,0.6102229952812195,0.9363943934440613,1.2183226346969604,1.5085574388504028,1.854368805885315,1.9959282875061035,1.8393571376800537,2.1538314819335938,1.9885026216506958,1.2635020017623901,1.0882110595703125,0.9713223576545715,0.6274568438529968,0.5840329527854919,0.667090892791748,0.8077635169029236,1.087632417678833,1.3326220512390137,1.629677653312683,1.9707857370376587,2.1403651237487793,2.0490856170654297,2.350647449493408,2.2788312435150146,1.687347412109375,1.4117376804351807,1.3753397464752197,1.0814895629882812,1.0898112058639526,1.1124398708343506,1.2022078037261963,1.4131804704666138,1.5926891565322876,1.8771289587020874,2.1846954822540283,2.3920788764953613,2.3632700443267822,2.6494052410125732,2.62518310546875,2.2408132553100586,1.8852657079696655,1.8256449699401855,1.5650755167007446,1.587415099143982,1.5838961601257324,1.6464424133300781,1.800604224205017,1.934178352355957,2.2011280059814453,2.470632791519165,2.709874391555786,2.750412940979004,3.0270726680755615,3.081051826477051,2.8080673217773438,2.4794845581054688,2.345918893814087,2.081547260284424,2.129279136657715,2.0930850505828857,2.142322301864624,2.255391836166382,2.334473133087158,2.5821585655212402,2.7479934692382812,3.028233051300049,3.197455644607544,3.4493627548217773,3.63295316696167
A6,1.3951925039291382,1.0444101095199585,0.9146859645843506,0.5772337913513184,0.3869388997554779,0.0,0.3700946867465973,0.5912340879440308,0.9225245714187622,1.1631547212600708,1.525924801826477,1.6330184936523438,1.4606215953826904,1.7723397016525269,1.612290382385254,1.2882212400436401,1.2255971431732178,1.1383322477340698,0.7665920257568359,0.7167196869850159,0.5692160725593567,0.693671464920044,0.8473965525627136,1.1055022478103638,1.3430653810501099,1.6918443441390991,1.8273993730545044,1.729796290397644,2.015606164932251,1.9539185762405396,1.6771020889282227,1.47269868850708,1.4772138595581055,1.1559535264968872,1.1640163660049438,1.061110258102417,1.1432374715805054,1.2555469274520874,1.4362151622772217,1.6597764492034912,1.9690356254577637,2.1410675048828125,2.107288360595703,2.3673582077026367,2.3515214920043945,2.220959186553955,1.894553303718567,1.8866804838180542,1.6071171760559082,1.6361356973648071,1.5501395463943481,1.6196000576019287,1.6994527578353882,1.8377994298934937,2.0479824542999268,2.318302631378174,2.521573781967163,2.555495262145996,2.8009376525878906,2.860511302947998,2.776801586151123,2.4635531902313232,2.384460687637329,2.1061010360717773,2.1646268367767334,2.0701398849487305,2.1361939907073975,2.194483757019043,2.288649320602417,2.488839864730835,2.6675288677215576,2.910712718963623,3.0675129890441895,3.28804612159729,3.4601049423217773
A7,1.7488454580307007,1.3950685262680054,1.2321453094482422,0.9024164080619812,0.6102229952812195,0.3700946867465973,0.0,0.3793245851993561,0.6094456911087036,0.9215742945671082,1.2505474090576172,1.427571177482605,1.3313103914260864,1.6844544410705566,1.603785514831543,1.6365900039672852,1.5729072093963623,1.4369077682495117,1.0535483360290527,0.8809108138084412,0.6617022156715393,0.5648367404937744,0.6568015813827515,0.8132007122039795,1.0826815366744995,1.4010334014892578,1.5934995412826538,1.5615181922912598,1.8836106061935425,1.886900544166565,1.9535291194915771,1.7701812982559204,1.7220507860183716,1.365225076675415,1.2746630907058716,1.1028064489364624,1.0627278089523315,1.1088696718215942,1.2011277675628662,1.4210785627365112,1.6918796300888062,1.9025874137878418,1.924945592880249,2.20749568939209,2.2462058067321777,2.4284260272979736,2.1229441165924072,2.081089496612549,1.7606614828109741,1.7145485877990723,1.5688138008117676,1.5567432641983032,1.5766361951828003,1.6451479196548462,1.833894968032837,2.063903331756592,2.2887985706329346,2.3689210414886475,2.6224100589752197,2.7269585132598877,2.8979926109313965,2.6140050888061523,2.527703046798706,2.215156316757202,2.2166707515716553,2.0716347694396973,2.0817196369171143,2.085299491882324,2.12912917137146,2.2974212169647217,2.438181161880493,2.679575204849243,2.8683295249938965,3.074894905090332,3.276667594909668
A8,1.953972578048706,1.6130558252334595,1.5038120746612549,1.1653683185577393,0.9363943934440613,0.5912340879440308,0.3793245851993561,0.0,0.3798940181732178,0.5801768898963928,0.9358232617378235,1.062613606452942,0.9533213376998901,1.3104478120803833,1.2556109428405762,1.7367440462112427,1.753232717514038,1.6413497924804688,1.2679252624511719,1.1227355003356934,0.8006762266159058,0.6996718049049377,0.5629144906997681,0.6918568015098572,0.8330150842666626,1.1538070440292358,1.2932096719741821,1.257374882698059,1.5577880144119263,1.581730604171753,2.0024585723876953,1.8851454257965088,1.8700037002563477,1.5159460306167603,1.438219428062439,1.1816128492355347,1.139831304550171,1.0624605417251587,1.1442806720733643,1.2632625102996826,1.5258527994155884,1.6822595596313477,1.6979775428771973,1.9428781270980835,1.9935716390609741,2.447395086288452,2.1788933277130127,2.1826252937316895,1.8618178367614746,1.82734215259552,1.6171320676803589,1.6158863306045532,1.5561245679855347,1.628720760345459,1.7403624057769775,1.9655252695083618,2.1389567852020264,2.2073960304260254,2.4190726280212402,2.527953863143921,2.892963409423828,2.6304008960723877,2.596500873565674,2.282179594039917,2.2961666584014893,2.1031486988067627,2.132667303085327,2.082244396209717,2.1442785263061523,2.256340265274048,2.411109685897827,2.604492425918579,2.7727513313293457,2.941527843475342,3.1257529258728027
A9,2.2970194816589355,1.9524285793304443,1.8286306858062744,1.4845175743103027,1.2183226346969604,0.9225245714187622,0.6094456911087036,0.3798940181732178,0.0,0.3833358585834503,0.6550359725952148,0.9041731953620911,0.9362304210662842,1.3188354969024658,1.371721625328064,2.115015745162964,2.118685722351074,1.9880523681640625,1.6087535619735718,1.4151891469955444,1.1018038988113403,0.8873201012611389,0.688592791557312,0.5939450860023499,0.6972546577453613,0.922861635684967,1.1398464441299438,1.2150444984436035,1.5357738733291626,1.6469000577926636,2.357573986053467,2.245607376098633,2.2019429206848145,1.8346588611602783,1.702880859375,1.4234813451766968,1.290246844291687,1.1443277597427368,1.0998930931091309,1.1716560125350952,1.3512051105499268,1.5453307628631592,1.6411784887313843,1.8937052488327026,2.0140092372894287,2.7590579986572266,2.5060417652130127,2.486530303955078,2.145832061767578,2.0600194931030273,1.8147639036178589,1.742936611175537,1.6216994524002075,1.608963966369629,1.673140525817871,1.8310500383377075,2.018237590789795,2.144454002380371,2.3507847785949707,2.5134098529815674,3.136655330657959,2.900414228439331,2.861158609390259,2.5272977352142334,2.4961204528808594,2.266035318374634,2.2435882091522217,2.137298345565796,2.142838954925537,2.2070345878601074,2.3106415271759033,2.4901320934295654,2.6930794715881348,2.834437847137451,3.0500528812408447
A10,2.482022762298584,2.153498411178589,2.075495958328247,1.7270855903625488,1.5085574388504028,1.1631547212600708,0.9215742945671082,0.5801768898963928,0.3833358585834503,0.0,0.3874441385269165,0.5414021611213684,0.5989545583724976,0.9756757616996765,1.0849642753601074,2.2336606979370117,2.2976222038269043,2.197075843811035,1.8320960998535156,1.6765828132629395,1.3241546154022217,1.157491683959961,0.8674017190933228,0.7768549919128418,0.667289137840271,0.8357921838760376,0.9463911652565002,1.0255305767059326,1.2884196043014526,1.4297406673431396,2.4453489780426025,2.385396957397461,2.378706932067871,2.026594877243042,1.92426335811615,1.6072022914886475,1.502343773841858,1.2843812704086304,1.248610258102417,1.201904535293579,1.3535478115081787,1.4604250192642212,1.542149305343628,1.7293033599853516,1.8595173358917236,2.826695203781128,2.6068623065948486,2.6327319145202637,2.3056325912475586,2.2449684143066406,1.966144323348999,1.920874834060669,1.7475974559783936,1.7510758638381958,1.7372055053710938,1.885933518409729,2.003715991973877,2.10783052444458,2.2559006214141846,2.415879487991333,3.193106174468994,2.974799394607544,2.9845118522644043,2.660839080810547,2.651759386062622,2.394228935241699,2.39967679977417,2.257323980331421,2.2882723808288574,2.3011415004730225,2.421151638031006,2.545933723449707,2.718252658843994,2.815901756286621,3.0044662952423096
A11,2.8656489849090576,2.534043073654175,2.4395415782928467,2.0964269638061523,1.854368805885315,1.525924801826477,1.2505474090576172,0.9358232617378235,0.6550359725952148,0.3874441385269165,0.0,0.399545818567276,0.680016279220581,0.9958786964416504,1.224837303161621,2.590406894683838,2.659593105316162,2.535947322845459,2.1717848777770996,1.9826947450637817,1.624312400817871,1.4062256813049316,1.0816301107406616,0.8755359649658203,0.6520954966545105,0.6228390336036682,0.747628927230835,0.9543022513389587,1.1985453367233276,1.4317537546157837,2.747406005859375,2.709446668624878,2.678598165512085,2.320629835128784,2.180222511291504,1.8386752605438232,1.680040955543518,1.401294469833374,1.278183102607727,1.13970148563385,1.1842747926712036,1.274657130241394,1.4254772663116455,1.5896309614181519,1.7881853580474854,3.0660643577575684,2.874539613723755,2.8875575065612793,2.5491116046905518,2.451129913330078,2.1373188495635986,2.045896053314209,1.8107037544250488,1.7527512311935425,1.6638144254684448,1.7432581186294556,1.8342962265014648,1.9771220684051514,2.0947911739349365,2.3003432750701904,3.3514297008514404,3.1682422161102295,3.1867494583129883,2.8519132137298584,2.8089258670806885,2.51406192779541,2.4856059551239014,2.285928249359131,2.280698299407959,2.229931116104126,2.3128855228424072,2.3958778381347656,2.5787558555603027,2.633162498474121,2.8351337909698486
A12,2.8954949378967285,2.583333969116211,2.5252087116241455,2.1921398639678955,1.9959282875061035,1.6330184936523438,1.427571177482605,1.062613606452942,0.9041731953620911,0.5414021611213684,0.399545818567276,0.0,0.3709109127521515,0.610414981842041,0.8903276324272156,2.539231777191162,2.6647725105285645,2.5682308673858643,2.2279069423675537,2.0828349590301514,1.7019163370132446,1.55168616771698,1.1937857866287231,1.0801360607147217,0.771475076675415,0.7803276777267456,0.6827042698860168,0.7894582748413086,0.9276889562606812,1.151071310043335,2.6560604572296143,2.668388843536377,2.675506114959717,2.3428304195404053,2.2446298599243164,1.8862886428833008,1.7849622964859009,1.4830290079116821,1.4307892322540283,1.2320045232772827,1.3113940954208374,1.2812306880950928,1.3507286310195923,1.430220603942871,1.5929054021835327,2.954709053039551,2.795450448989868,2.856344699859619,2.542970657348633,2.4858903884887695,2.1607213020324707,2.122663736343384,1.8746538162231445,1.8765981197357178,1.750363826751709,1.8658982515335083,1.8797377347946167,1.9565179347991943,2.015578508377075,2.179896831512451,3.2452917098999023,3.073054790496826,3.1400539875030518,2.8268628120422363,2.822171688079834,2.5215003490448,2.5425853729248047,2.3404598236083984,2.38922381401062,2.321497917175293,2.45167875289917,2.4932730197906494,2.620760202407837,2.6512060165405273,2.8022687435150146
A13,2.636974811553955,2.341233253479004,2.308471918106079,1.9918750524520874,1.8393571376800537,1.4606215953826904,1.3313103914260864,0.9533213376998901,0.9362304210662842,0.5989545583724976,0.680016279220581,0.3709109127521515,0.0,0.3827405273914337,0.545475959777832,2.2299063205718994,2.388047218322754,2.3160347938537598,1.9980899095535278,1.8994591236114502,1.5161583423614502,1.443475365638733,1.0974292755126953,1.1055445671081543,0.8329930901527405,0.9807427525520325,0.8255763649940491,0.7555683255195618,0.8583337664604187,0.9643421769142151,2.3406119346618652,2.373100757598877,2.413912057876587,2.104473352432251,2.0543768405914307,1.7050220966339111,1.673709750175476,1.401649832725525,1.4458868503570557,1.2835174798965454,1.4550423622131348,1.3948187828063965,1.368056058883667,1.433683156967163,1.5098758935928345,2.6601734161376953,2.5033774375915527,2.59883713722229,2.3096258640289307,2.2999205589294434,1.9932942390441895,2.0172317028045654,1.8066952228546143,1.8834902048110962,1.7943893671035767,1.9783093929290771,1.98073148727417,1.995070457458496,2.0566484928131104,2.159731388092041,3.0047872066497803,2.8153696060180664,2.9030661582946777,2.611020088195801,2.6501636505126953,2.373567581176758,2.4455792903900146,2.284395933151245,2.3874566555023193,2.358804702758789,2.5395877361297607,2.594452142715454,2.6869144439697266,2.7440521717071533,2.86053204536438
A14,2.844200611114502,2.573434352874756,2.57000470161438,2.2714736461639404,2.1538314819335938,1.7723397016525269,1.6844544410705566,1.3104478120803833,1.3188354969024658,0.9756757616996765,0.9958786964416504,0.610414981842041,0.3827405273914337,0.0,0.3815580904483795,2.373600959777832,2.579982042312622,2.5308594703674316,2.244612455368042,2.1781609058380127,1.7967529296875,1.7630281448364258,1.4152259826660156,1.4443840980529785,1.1363060474395752,1.2362521886825562,0.9742287397384644,0.8448007106781006,0.766235888004303,0.8408041596412659,2.4303841590881348,2.51645565032959,2.5870461463928223,2.3101909160614014,2.289585828781128,1.9379714727401733,1.9397788047790527,1.654026746749878,1.7211581468582153,1.5088406801223755,1.6620312929153442,1.513603687286377,1.4337652921676636,1.3969215154647827,1.4380395412445068,2.7059855461120605,2.593451976776123,2.7305333614349365,2.4715800285339355,2.4902055263519287,2.177704334259033,2.2337937355041504,2.007448673248291,2.110429286956787,1.978048324584961,2.1617236137390137,2.09621524810791,2.0626590251922607,2.056737184524536,2.1244049072265625,3.028883695602417,2.8635640144348145,2.9998834133148193,2.7336370944976807,2.798995018005371,2.5164265632629395,2.6209723949432373,2.448293924331665,2.582526922225952,2.5242185592651367,2.72676944732666,2.7359557151794434,2.782388687133789,2.8046770095825195,2.8749282360076904
A15,2.5516762733459473,2.3039872646331787,2.3300888538360596,2.0552282333374023,1.9885026216506958,1.612290382385254,1.603785514831543,1.2556109428405762,1.371721625328064,1.0849642753601074,1.224837303161621,0.8903276324272156,0.545475959777832,0.3815580904483795,0.0,2.0497684478759766,2.284275770187378,2.2681496143341064,2.011898994445801,2.000171661376953,1.6389832496643066,1.6845028400421143,1.3821123838424683,1.5074738264083862,1.2667208909988403,1.4592500925064087,1.2237873077392578,1.0089112520217896,0.9510819315910339,0.8715643286705017,2.1187326908111572,2.216834306716919,2.3273379802703857,2.0814011096954346,2.116132974624634,1.7944272756576538,1.866970181465149,1.636103868484497,1.781599998474121,1.6298954486846924,1.8525313138961792,1.7199269533157349,1.582017421722412,1.5646053552627563,1.5217591524124146,2.435598611831665,2.3160035610198975,2.487828493118286,2.2596731185913086,2.330554485321045,2.0546748638153076,2.1700279712677,1.9989701509475708,2.162679433822632,2.0843732357025146,2.3214075565338135,2.2720084190368652,2.199251651763916,2.2169487476348877,2.231691360473633,2.8357343673706055,2.643017530441284,2.7909114360809326,2.5503602027893066,2.661403179168701,2.4174296855926514,2.567021608352661,2.4474263191223145,2.622786283493042,2.614015817642212,2.8514742851257324,2.888726234436035,2.9176831245422363,2.976083517074585,3.0271313190460205
B1,0.8772230744361877,0.8166057467460632,0.8924831748008728,1.022625207901001,1.2635020017623901,1.2882212400436401,1.6365900039672852,1.7367440462112427,2.115015745162964,2.2336606979370117,2.590406894683838,2.539231777191162,2.2299063205718994,2.373600959777832,2.0497684478759766,0.0,0.3819526731967926,0.6193209886550903,0.7748696208000183,1.1288946866989136,1.2329505681991577,1.6077135801315308,1.773667335510254,2.1410434246063232,2.296380043029785,2.6758363246917725,2.665647506713867,2.409464120864868,2.5660228729248047,2.321627378463745,0.7113510370254517,0.5087528824806213,0.8424321413040161,0.9077885746955872,1.265366792678833,1.3888624906539917,1.7295055389404297,1.9348750114440918,2.2744853496551514,2.4719252586364746,2.8470747470855713,2.9011218547821045,2.7101492881774902,2.8861961364746094,2.7026281356811523,1.431551456451416,1.0982266664505005,1.2702497243881226,1.2663096189498901,1.5695083141326904,1.6861109733581543,1.9803892374038696,2.1899282932281494,2.494438648223877,2.7251992225646973,3.0840320587158203,3.2029354572296143,3.090023994445801,3.2947537899017334,3.202430248260498,2.2325279712677,1.8590648174285889,1.8406877517700195,1.754616141319275,2.015342950820923,2.098259687423706,2.3407046794891357,2.5443596839904785,2.785020589828491,3.0457189083099365,3.3307785987854004,3.551439046859741,3.5879194736480713,3.839512825012207,3.900545835494995
B2,0.6701762676239014,0.59134840965271,0.5868406295776367,0.8309423923492432,1.0882110595703125,1.2255971431732178,1.5729072093963623,1.753232717514038,2.118685722351074,2.2976222038269043,2.659593105316162,2.6647725105285645,2.388047218322754,2.579982042312622,2.284275770187378,0.3819526731967926,0.0,0.38846808671951294,0.6138924360275269,0.9833054542541504,1.1952768564224243,1.551871657371521,1.7897543907165527,2.1418237686157227,2.3555071353912354,2.7343826293945312,2.7780208587646484,2.5553531646728516,2.7569758892059326,2.543069839477539,0.9334325790405273,0.5958701968193054,0.8007763624191284,0.8525629043579102,1.1818886995315552,1.3813501596450806,1.6932170391082764,1.954219937324524,2.271345853805542,2.5189218521118164,2.8870351314544678,2.9904613494873047,2.8321545124053955,3.048861026763916,2.892219305038452,1.6071964502334595,1.238480567932129,1.30337655544281,1.276528239250183,1.5357614755630493,1.700513482093811,1.956466794013977,2.206099033355713,2.4825360774993896,2.754716634750366,3.101085901260376,3.263721466064453,3.1822948455810547,3.4221389293670654,3.35418963432312,2.368910551071167,1.9898444414138794,1.8956613540649414,1.7926294803619385,2.011570692062378,2.1241886615753174,2.3249499797821045,2.5543646812438965,2.760826587677002,3.051696300506592,3.3108322620391846,3.5658347606658936,3.6330323219299316,3.906639814376831,3.997483730316162
B3,0.9898272752761841,0.8189145922660828,0.6151840686798096,0.8403768539428711,0.9713223576545715,1.1383322477340698,1.4369077682495117,1.6413497924804688,1.9880523681640625,2.197075843811035,2.535947322845459,2.5682308673858643,2.3160347938537598,2.5308594703674316,2.2681496143341064,0.6193209886550903,0.38846808671951294,0.0,0.38372552394866943,0.6867358684539795,0.9588751792907715,1.2987821102142334,1.5722520351409912,1.9183831214904785,2.1586437225341797,2.5324790477752686,2.596348762512207,2.382413625717163,2.6116855144500732,2.4111926555633545,0.8908783793449402,0.5277953147888184,0.5250404477119446,0.5110810399055481,0.8159645795822144,1.0672063827514648,1.371736764907837,1.6692516803741455,1.985062837600708,2.258437156677246,2.6247828006744385,2.745896577835083,2.5941996574401855,2.8378419876098633,2.6906683444976807,1.4647561311721802,1.081626534461975,1.0474603176116943,0.9591497778892517,1.1767964363098145,1.3632804155349731,1.6033495664596558,1.8799173831939697,2.1521575450897217,2.446930170059204,2.79213285446167,2.97021746635437,2.8951034545898438,3.158015012741089,3.0976428985595703,2.1451525688171387,1.7750998735427856,1.6334151029586792,1.488349437713623,1.6683462858200073,1.7840174436569214,1.9627602100372314,2.205815315246582,2.4024181365966797,2.7091968059539795,2.96343994140625,3.230846643447876,3.3035335540771484,3.592292070388794,3.6939947605133057
B4,1.0766299962997437,0.7933596968650818,0.5406973361968994,0.5874608755111694,0.6274568438529968,0.7665920257568359,1.0535483360290527,1.2679252624511719,1.6087535619735718,1.8320960998535156,2.1717848777770996,2.2279069423675537,1.9980899095535278,2.244612455368042,2.011898994445801,0.7748696208000183,0.6138924360275269,0.38372552394866943,0.0,0.3759613633155823,0.6141470670700073,0.9505054354667664,1.2273423671722412,1.5652575492858887,1.8170746564865112,2.1893718242645264,2.277059555053711,2.0922653675079346,2.3475732803344727,2.185729503631592,1.0893141031265259,0.7949259877204895,0.7594660520553589,0.5211186408996582,0.7052857279777527,0.8560749888420105,1.1178690195083618,1.3915587663650513,1.684056043624878,1.958730936050415,2.316838026046753,2.4582502841949463,2.339109420776367,2.598201274871826,2.4900918006896973,1.6474260091781616,1.2787805795669556,1.2369600534439087,1.0349578857421875,1.167324185371399,1.2568556070327759,1.444760799407959,1.6753281354904175,1.9149622917175293,2.198056221008301,2.528095245361328,2.7202253341674805,2.6784751415252686,2.945328712463379,2.9233129024505615,2.271085262298584,1.9201412200927734,1.7930147647857666,1.5774391889572144,1.7030175924301147,1.7392315864562988,1.8769816160202026,2.06545090675354,2.2309443950653076,2.5139431953430176,2.7480766773223877,3.0148229598999023,3.116269588470459,3.390336513519287,3.51780104637146
B5,1.4139478206634521,1.10434889793396,0.7991058230400085,0.7540634870529175,0.5840329527854919,0.7167196869850159,0.8809108138084412,1.1227355003356934,1.4151891469955444,1.6765828132629395,1.9826947450637817,2.0828349590301514,1.8994591236114502,2.1781609058380127,2.000171661376953,1.1288946866989136,0.9833054542541504,0.6867358684539795,0.3759613633155823,0.0,0.3905012607574463,0.6413026452064514,0.9736511707305908,1.2820792198181152,1.5736908912658691,1.9312347173690796,2.058340072631836,1.907616376876831,2.201340913772583,2.080286979675293,1.310375452041626,1.060763955116272,0.9050098657608032,0.559855580329895,0.5067514777183533,0.6143069267272949,0.792901873588562,1.097028136253357,1.3598397970199585,1.6680430173873901,2.0133283138275146,2.1896347999572754,2.102229118347168,2.3956687450408936,2.3228931427001953,1.7502621412277222,1.4070159196853638,1.2899802923202515,1.0001481771469116,1.005303144454956,1.042333960533142,1.1527702808380127,1.3788461685180664,1.5818982124328613,1.8843836784362793,2.199234962463379,2.419384241104126,2.407680034637451,2.6993582248687744,2.708425283432007,2.2542829513549805,1.9347072839736938,1.7789888381958008,1.5040302276611328,1.548624038696289,1.5383682250976562,1.6157193183898926,1.780297040939331,1.9079339504241943,2.1930172443389893,2.40511417388916,2.6864840984344482,2.8129336833953857,3.0934410095214844,3.2474069595336914
B6,1.609843373298645,1.2818267345428467,1.0526509284973145,0.8826111555099487,0.667090892791748,0.5692160725593567,0.6617022156715393,0.8006762266159058,1.1018038988113403,1.3241546154022217,1.624312400817871,1.7019163370132446,1.5161583423614502,1.7967529296875,1.6389832496643066,1.2329505681991577,1.1952768564224243,0.9588751792907715,0.6141470670700073,0.3905012607574463,0.0,0.3761904537677765,0.6168436408042908,0.9608108401298523,1.2120287418365479,1.5810201168060303,1.6845382452011108,1.5297728776931763,1.8243122100830078,1.7203412055969238,1.3753682374954224,1.2138644456863403,1.109179139137268,0.7359113693237305,0.6493916511535645,0.49211105704307556,0.6323330998420715,0.8216966390609741,1.095544695854187,1.3558905124664307,1.7096046209335327,1.8608592748641968,1.7738044261932373,2.0555291175842285,1.9996142387390137,1.789010763168335,1.4855546951293945,1.4247077703475952,1.1004860401153564,1.0860739946365356,0.9813043475151062,1.0746973752975464,1.197227954864502,1.3981302976608276,1.6443339586257935,1.9609140157699585,2.1529219150543213,2.1430275440216064,2.4115350246429443,2.436245918273926,2.2566423416137695,1.9620394706726074,1.8683171272277832,1.5651532411575317,1.6030679941177368,1.5015015602111816,1.5811843872070312,1.6658921241760254,1.7989411354064941,2.0287857055664062,2.248953342437744,2.495384693145752,2.6181092262268066,2.8671200275421143,3.0182430744171143
B7,1.9203065633773804,1.5769537687301636,1.327357292175293,1.117552399635315,0.8077635169029236,0.693671464920044,0.5648367404937744,0.6996718049049377,0.8873201012611389,1.157491683959961,1.4062256813049316,1.55168616771698,1.443475365638733,1.7630281448364258,1.6845028400421143,1.6077135801315308,1.551871657371521,1.2987821102142334,0.9505054354667664,0.6413026452064514,0.3761904537677765,0.0,0.38410693407058716,0.642835259437561,0.9620517492294312,1.3030756711959839,1.4740278720855713,1.3900933265686035,1.731347918510437,1.7000197172164917,1.7228949069976807,1.573727011680603,1.4255669116973877,1.0432671308517456,0.8367576599121094,0.606972873210907,0.49859628081321716,0.6196609139442444,0.7926205396652222,1.0889970064163208,1.4122724533081055,1.6196544170379639,1.597465991973877,1.9164791107177734,1.9239897727966309,2.063793182373047,1.7868125438690186,1.6849350929260254,1.327589750289917,1.2094744443893433,1.0322564840316772,0.9922540187835693,1.0418627262115479,1.1511552333831787,1.3949707746505737,1.6734261512756348,1.9034847021102905,1.9500690698623657,2.2391300201416016,2.3173351287841797,2.4266834259033203,2.1692023277282715,2.0609302520751953,1.7230554819107056,1.6820423603057861,1.5206652879714966,1.517006278038025,1.5359725952148438,1.600589394569397,1.8044564723968506,1.9810585975646973,2.237259864807129,2.402069330215454,2.6439342498779297,2.833805799484253
B8,2.1553845405578613,1.8146538734436035,1.6182156801223755,1.36739182472229,1.087632417678833,0.8473965525627136,0.6568015813827515,0.5629144906997681,0.688592791557312,0.8674017190933228,1.0816301107406616,1.1937857866287231,1.0974292755126953,1.4152259826660156,1.3821123838424683,1.773667335510254,1.7897543907165527,1.5722520351409912,1.2273423671722412,0.9736511707305908,0.6168436408042908,0.38410693407058716,0.0,0.37433764338493347,0.6001791954040527,0.9644570350646973,1.0998263359069824,1.0180253982543945,1.365512728691101,1.369685173034668,1.8466203212738037,1.7654385566711426,1.6561764478683472,1.2835044860839844,1.1019760370254517,0.7708361744880676,0.6372355818748474,0.49992451071739197,0.6341851353645325,0.8143900036811829,1.1433074474334717,1.3081752061843872,1.2901480197906494,1.5904314517974854,1.6255035400390625,2.1488125324249268,1.915953516960144,1.8624796867370605,1.506564974784851,1.3956619501113892,1.1284841299057007,1.0806024074554443,0.9934938549995422,1.0845592021942139,1.2247624397277832,1.4947611093521118,1.6763982772827148,1.7229515314102173,1.9754751920700073,2.0721969604492188,2.468475341796875,2.2416672706604004,2.191627025604248,1.8493647575378418,1.8120787143707275,1.5818957090377808,1.5867730379104614,1.5195980072021484,1.590916395187378,1.715800166130066,1.8994553089141846,2.101752996444702,2.2539477348327637,2.452773094177246,2.6335933208465576
B9,2.470273733139038,2.1212518215179443,1.9174551963806152,1.6459428071975708,1.3326220512390137,1.1055022478103638,0.8132007122039795,0.6918568015098572,0.5939450860023499,0.7768549919128418,0.8755359649658203,1.0801360607147217,1.1055445671081543,1.4443840980529785,1.5074738264083862,2.1410434246063232,2.1418237686157227,1.9183831214904785,1.5652575492858887,1.2820792198181152,0.9608108401298523,0.642835259437561,0.37433764338493347,0.0,0.39039456844329834,0.6745004653930664,0.9209428429603577,0.9683898687362671,1.3467531204223633,1.4479377269744873,2.2153103351593018,2.1338441371917725,2.005187749862671,1.6285905838012695,1.404415249824524,1.0800672769546509,0.8428547978401184,0.6190689206123352,0.506123960018158,0.6373679637908936,0.8786998391151428,1.1150339841842651,1.201744794845581,1.523658037185669,1.6426221132278442,2.480574607849121,2.2639989852905273,2.1886050701141357,1.8218916654586792,1.6591298580169678,1.3662893772125244,1.2261236906051636,1.056958794593811,1.0159940719604492,1.0960252285003662,1.2856823205947876,1.4976176023483276,1.620033621788025,1.8755366802215576,2.0381267070770264,2.726659059524536,2.530815839767456,2.473803997039795,2.1171231269836426,2.0279507637023926,1.760581374168396,1.6970508098602295,1.5587563514709473,1.5518248081207275,1.6172001361846924,1.737860918045044,1.9301695823669434,2.1281542778015137,2.300658941268921,2.5220000743865967
B10,2.6937096118927,2.354532480239868,2.190812826156616,1.906532645225525,1.629677653312683,1.3430653810501099,1.0826815366744995,0.8330150842666626,0.6972546577453613,0.667289137840271,0.6520954966545105,0.771475076675415,0.8329930901527405,1.1363060474395752,1.2667208909988403,2.296380043029785,2.3555071353912354,2.1586437225341797,1.8170746564865112,1.5736908912658691,1.2120287418365479,0.9620517492294312,0.6001791954040527,0.39039456844329834,0.0,0.38033315539360046,0.5389374494552612,0.6189827919006348,0.9923112988471985,1.1516244411468506,2.327463388442993,2.3032021522521973,2.2082719802856445,1.848030686378479,1.6553019285202026,1.2907087802886963,1.0950051546096802,0.7711889743804932,0.6606610417366028,0.5353572368621826,0.7335502505302429,0.8602060675621033,0.9486550092697144,1.220861792564392,1.3741414546966553,2.554636240005493,2.3801369667053223,2.349703311920166,1.9972962141036987,1.8579833507537842,1.5221253633499146,1.4098225831985474,1.1592313051223755,1.1276646852493286,1.0725209712982178,1.2399133443832397,1.358393669128418,1.4628487825393677,1.6540552377700806,1.8280222415924072,2.765407085418701,2.5984601974487305,2.5964345932006836,2.249570846557617,2.1783339977264404,1.871617317199707,1.835193395614624,1.6388036012649536,1.6570523977279663,1.640698790550232,1.7763627767562866,1.8923578262329102,2.0555877685546875,2.1721351146698,2.3677217960357666
B11,3.0603225231170654,2.718372344970703,2.5525338649749756,2.260183811187744,1.9707857370376587,1.6918443441390991,1.4010334014892578,1.1538070440292358,0.922861635684967,0.8357921838760376,0.6228390336036682,0.7803276777267456,0.9807427525520325,1.2362521886825562,1.4592500925064087,2.6758363246917725,2.7343826293945312,2.5324790477752686,2.1893718242645264,1.9312347173690796,1.5810201168060303,1.3030756711959839,0.9644570350646973,0.6745004653930664,0.38033315539360046,0.0,0.39886513352394104,0.6890736222267151,1.0133792161941528,1.272212266921997,2.6905596256256104,2.6768431663513184,2.570645332336426,2.2107951641082764,1.9958080053329468,1.6322858333587646,1.3977686166763306,1.0542800426483154,0.8354639410972595,0.5931386351585388,0.5632781982421875,0.6941279172897339,0.9142783284187317,1.1582460403442383,1.4031047821044922,2.876765489578247,2.724317789077759,2.684596300125122,2.3295602798461914,2.1613080501556396,1.8096157312393188,1.6506344079971313,1.3486326932907104,1.228466272354126,1.074438452720642,1.1255519390106201,1.2182060480117798,1.390516996383667,1.5470945835113525,1.7861922979354858,3.017324924468994,2.8838090896606445,2.887345314025879,2.536224842071533,2.4323201179504395,2.0983707904815674,2.020569324493408,1.7649506330490112,1.7283153533935547,1.6317893266677856,1.7075086832046509,1.7738958597183228,1.9601794481277466,2.023588180541992,2.2443349361419678
B12,3.1356616020202637,2.809912919998169,2.6741185188293457,2.3908305168151855,2.1403651237487793,1.8273993730545044,1.5934995412826538,1.2932096719741821,1.1398464441299438,0.9463911652565002,0.747628927230835,0.6827042698860168,0.8255763649940491,0.9742287397384644,1.2237873077392578,2.665647506713867,2.7780208587646484,2.596348762512207,2.277059555053711,2.058340072631836,1.6845382452011108,1.4740278720855713,1.0998263359069824,0.9209428429603577,0.5389374494552612,0.39886513352394104,0.0,0.37179672718048096,0.6281647086143494,0.9267343878746033,2.6232969760894775,2.66454815864563,2.5893568992614746,2.254991054534912,2.078234910964966,1.6941330432891846,1.5201984643936157,1.1471199989318848,1.024518370628357,0.6963439583778381,0.7137922644615173,0.6004244685173035,0.7089062929153442,0.8498787879943848,1.0899404287338257,2.7685680389404297,2.6571242809295654,2.6622891426086426,2.3317668437957764,2.20076584815979,1.830672264099121,1.728468894958496,1.4033360481262207,1.3578890562057495,1.1422247886657715,1.235044240951538,1.202636957168579,1.2847062349319458,1.3589109182357788,1.5612077713012695,2.889896869659424,2.7776670455932617,2.8344812393188477,2.5044009685516357,2.4357752799987793,2.0878255367279053,2.063436508178711,1.7957727909088135,1.8241026401519775,1.6958820819854736,1.8290181159973145,1.831805944442749,1.9435219764709473,1.9691976308822632,2.1277639865875244
B13,2.954486608505249,2.645103693008423,2.522477865219116,2.265024423599243,2.0490856170654297,1.729796290397644,1.5615181922912598,1.257374882698059,1.2150444984436035,1.0255305767059326,0.9543022513389587,0.7894582748413086,0.7555683255195618,0.8448007106781006,1.0089112520217896,2.409464120864868,2.5553531646728516,2.382413625717163,2.0922653675079346,1.907616376876831,1.5297728776931763,1.3900933265686035,1.0180253982543945,0.9683898687362671,0.6189827919006348,0.6890736222267151,0.37179672718048096,0.0,0.3828183710575104,0.5837879776954651,2.315777540206909,2.3918964862823486,2.3356659412384033,2.0264041423797607,1.8855786323547363,1.4978216886520386,1.3913273811340332,1.02705717086792,1.0282713174819946,0.7315071821212769,0.8940309286117554,0.7134479880332947,0.6142685413360596,0.7201004028320312,0.8425121307373047,2.4394311904907227,2.3477790355682373,2.383023977279663,2.074507713317871,1.982275366783142,1.6137211322784424,1.5777167081832886,1.2739975452423096,1.3297771215438843,1.1459263563156128,1.3366745710372925,1.2691113948822021,1.2446134090423584,1.3094630241394043,1.4244507551193237,2.578535795211792,2.4629127979278564,2.5495553016662598,2.2379837036132812,2.209493398666382,1.871382713317871,1.9070221185684204,1.672337293624878,1.776024341583252,1.6851787567138672,1.8899670839309692,1.89730703830719,1.9510033130645752,2.004009246826172,2.1086056232452393
