,A1,A2,A3,A4,A5,A6,A7,A8,A9,A10,A11,A12,A13,A14,A15,B1,B2,B3,B4,B5,B6,B7,B8,B9,B10,B11,B12,B13,B14,B15,C1,C2,C3,C4,C5,C6,C7,C8,C9,C10,C11,C12,C13,C14,C15,D1,D2,D3,D4,D5,D6,D7,D8,D9,D10,D11,D12,D13,D14,D15,E1,E2,E3,E4,E5,E6,E7,E8,E9,E10,E11,E12,E13,E14,E15
A1,0.0,0.3653886020183563,0.6961969137191772,0.8686020374298096,1.2234296798706055,1.2933269739151,1.6645668745040894,1.855921983718872,2.222055196762085,2.4457831382751465,2.8184151649475098,2.9368221759796143,2.74405837059021,2.9937663078308105,2.8423545360565186,1.0125885009765625,0.7503251433372498,0.9672150015830994,0.9823832511901855,1.3435944318771362,1.4691113233566284,1.7964792251586914,2.0204660892486572,2.35024356842041,2.60758113861084,2.9543936252593994,3.112048625946045,2.9937593936920166,3.24533748626709,3.180738687515259,1.5621984004974365,1.3136731386184692,1.491841435432434,1.3833280801773071,1.6716996431350708,1.7781742811203003,2.0487992763519287,2.2688779830932617,2.5570597648620605,2.823904037475586,3.1384451389312744,3.3294196128845215,3.281156301498413,3.5347559452056885,3.5379748344421387,2.1754043102264404,1.912729263305664,2.013853073120117,1.8541675806045532,2.086007595062256,2.167006731033325,2.387491226196289,2.588017463684082,2.832420825958252,3.0986499786376953,3.367786407470703,3.5882420539855957,3.625025987625122,3.877793788909912,3.9526422023773193,2.9272868633270264,2.6301374435424805,2.599385976791382,2.3904693126678467,2.582742929458618,2.6250412464141846,2.798689603805542,2.9797449111938477,3.168292999267578,3.4333701133728027,3.6203677654266357,3.873889207839966,4.000759124755859,4.246509552001953,4.432797908782959
A2,0.3653886020183563,0.0,0.38337212800979614,0.5114569664001465,0.8779712319374084,1.0003407001495361,1.3637158870697021,1.6008058786392212,1.9535046815872192,2.2127277851104736,2.5739595890045166,2.726637125015259,2.5628604888916016,2.8439459800720215,2.726699113845825,1.0225012302398682,0.7605383992195129,0.8708187937736511,0.7508940100669861,1.0648272037506104,1.2107765674591064,1.5098644495010376,1.764237403869629,2.073615312576294,2.3586485385894775,2.6911699771881104,2.8802990913391113,2.793386220932007,3.0717804431915283,3.040715217590332,1.5477955341339111,1.3139997720718384,1.4273179769515991,1.231242299079895,1.4555729627609253,1.560528039932251,1.7903058528900146,2.023622751235962,2.284862995147705,2.570000410079956,2.8665926456451416,3.084085702896118,3.067131996154785,3.3415000438690186,3.376356601715088,2.1388440132141113,1.8992494344711304,1.960119366645813,1.7383121252059937,1.9110908508300781,1.9801369905471802,2.1570262908935547,2.3574461936950684,2.5708796977996826,2.845431089401245,3.093360662460327,3.334047555923462,3.3998749256134033,3.6671032905578613,3.771024465560913,2.867128849029541,2.596195936203003,2.542670965194702,2.289945363998413,2.432276725769043,2.458946466445923,2.5908472537994385,2.7624704837799072,2.9185197353363037,3.1816582679748535,3.3436596393585205,3.6077122688293457,3.758859634399414,4.007813930511475,4.216742038726807
A3,0.6961969137191772,0.38337212800979614,0.0,0.3819679915904999,0.665143609046936,0.893771231174469,1.2311276197433472,1.5199605226516724,1.8556392192840576,2.1443545818328857,2.4955642223358154,2.6673192977905273,2.5160727500915527,2.817584276199341,2.7116358280181885,1.070391297340393,0.7767576575279236,0.6987375020980835,0.49617689847946167,0.7655088305473328,1.001792073249817,1.288333535194397,1.5984143018722534,1.8987501859664917,2.217883586883545,2.544260263442993,2.757187604904175,2.6829800605773926,2.985193967819214,2.964446544647217,1.4671345949172974,1.2163079977035522,1.2263466119766235,0.9783796668052673,1.1535594463348389,1.3101119995117188,1.522505283355713,1.8027448654174805,2.055307388305664,2.373991012573242,2.6654701232910156,2.9082772731781006,2.905097246170044,3.204440116882324,3.2501637935638428,1.9942071437835693,1.7540682554244995,1.7483265399932861,1.488822340965271,1.6172066926956177,1.7149901390075684,1.8686116933822632,2.102975845336914,2.30436635017395,2.6074085235595703,2.84965181350708,3.115541934967041,3.195958375930786,3.4875311851501465,3.60310435295105,2.670893907546997,2.41243314743042,2.31697154045105,2.0394980907440186,2.1445696353912354,2.187990427017212,2.2933907508850098,2.4864649772644043,2.6257734298706055,2.9102303981781006,3.0616934299468994,3.3477706909179688,3.5119993686676025,3.7801051139831543,3.996835470199585
A4,0.8686020374298096,0.5114569664001465,0.3819679915904999,0.0,0.3799310326576233,0.5893749594688416,0.9141114950180054,1.2136880159378052,1.5351855754852295,1.8380697965621948,2.17718243598938,2.372469902038574,2.2516093254089355,2.5701472759246826,2.503859043121338,1.1247000694274902,0.9491482973098755,0.9299677610397339,0.6074314713478088,0.7379716634750366,0.8658645153045654,1.0891413688659668,1.372483730316162,1.6418169736862183,1.9581189155578613,2.2660908699035645,2.4939768314361572,2.451822280883789,2.7617478370666504,2.779113531112671,1.5698093175888062,1.4019575119018555,1.4405832290649414,1.1303128004074097,1.2182213068008423,1.2792139053344727,1.42379891872406,1.6531503200531006,1.8656219244003296,2.16546368598938,2.433018445968628,2.6810994148254395,2.7073628902435303,3.0041630268096924,3.0834622383117676,2.101355791091919,1.9217948913574219,1.9456074237823486,1.644347071647644,1.714949607849121,1.736627221107483,1.8363839387893677,2.0132508277893066,2.1749367713928223,2.4478931427001953,2.663036823272705,2.9237520694732666,3.0277340412139893,3.3076884746551514,3.4509150981903076,2.7809383869171143,2.5623083114624023,2.497363805770874,2.1881885528564453,2.252418279647827,2.235581636428833,2.3023197650909424,2.440378189086914,2.5471999645233154,2.793625831604004,2.9205501079559326,3.189464569091797,3.370375394821167,3.6160991191864014,3.8541743755340576
A5,1.2234296798706055,0.8779712319374084,0.665143609046936,0.3799310326576233,0.0,0.3764306306838989,0.605991780757904,0.9530579447746277,1.2407376766204834,1.5684555768966675,1.8897241353988647,2.1053340435028076,2.0094354152679443,2.3484742641448975,2.312696933746338,1.222753643989563,1.1200575828552246,1.027654767036438,0.6413347721099854,0.5466285347938538,0.6197851300239563,0.751376211643219,1.059868574142456,1.2990180253982544,1.6387155055999756,1.9322829246520996,2.1823196411132812,2.165245532989502,2.495410203933716,2.540895938873291,1.5614429712295532,1.4554039239883423,1.44422447681427,1.0786055326461792,1.0440444946289062,1.0502917766571045,1.1156731843948364,1.3362295627593994,1.5137416124343872,1.824865460395813,2.0767087936401367,2.3430683612823486,2.3934216499328613,2.705873966217041,2.810783863067627,2.020785331726074,1.8954607248306274,1.8975439071655273,1.5522180795669556,1.5414588451385498,1.5160080194473267,1.5539189577102661,1.7062404155731201,1.832058310508728,2.102773427963257,2.300124168395996,2.5722265243530273,2.6969094276428223,2.9862709045410156,3.151669502258301,2.646886110305786,2.4730050563812256,2.4073946475982666,2.0653557777404785,2.0714285373687744,2.0159525871276855,2.0356392860412598,2.1435747146606445,2.218390464782715,2.4511301517486572,2.559644937515259,2.8296728134155273,3.025207042694092,3.270029067993164,3.5228934288024902
A6,1.2933269739151,1.0003407001495361,0.893771231174469,0.5893749594688416,0.3764306306838989,0.0,0.3740446865558624,0.629627525806427,0.9678357243537903,1.2556400299072266,1.6038120985031128,1.7872098684310913,1.670319676399231,1.9999109506607056,1.9612313508987427,1.0796622037887573,1.103105068206787,1.1050043106079102,0.7559244632720947,0.6704381108283997,0.5111923813819885,0.6306354403495789,0.822258472442627,1.0898637771606445,1.3805495500564575,1.6962288618087769,1.9097336530685425,1.8721048831939697,2.1848912239074707,2.2270584106445312,1.445712685585022,1.4272371530532837,1.493035078048706,1.1431195735931396,1.1154282093048096,0.9970868229866028,1.0601123571395874,1.1810295581817627,1.3722409009933472,1.6282111406326294,1.8962759971618652,2.122384548187256,2.1513419151306152,2.4390945434570312,2.537796974182129,1.9201768636703491,1.850484013557434,1.9231982231140137,1.5877258777618408,1.587770700454712,1.4805502891540527,1.5268789529800415,1.6033693552017212,1.7422016859054565,1.9614393711090088,2.1723079681396484,2.402204990386963,2.503618001937866,2.763723373413086,2.918889284133911,2.572599172592163,2.423649311065674,2.4192707538604736,2.0809266567230225,2.09955096244812,1.986068844795227,2.0228285789489746,2.0751407146453857,2.169196128845215,2.3586745262145996,2.4879605770111084,2.7177350521087646,2.888831615447998,3.1063101291656494,3.347931385040283
A7,1.6645668745040894,1.3637158870697021,1.2311276197433472,0.9141114950180054,0.605991780757904,0.3740446865558624,0.0,0.3814692497253418,0.6349942088127136,0.9696577787399292,1.2838209867477417,1.5094822645187378,1.4478473663330078,1.8056001663208008,1.8280678987503052,1.377997636795044,1.4453105926513672,1.4142186641693115,1.0613466501235962,0.8548172116279602,0.6225099563598633,0.4984111785888672,0.6057812571525574,0.7749655842781067,1.0809406042099,1.3615198135375977,1.6100702285766602,1.6258429288864136,1.9601162672042847,2.056627035140991,1.6571118831634521,1.694108486175537,1.7272387742996216,1.361684799194336,1.232835292816162,1.0442160367965698,0.9747143983840942,1.0141255855560303,1.1156052350997925,1.3520537614822388,1.5789557695388794,1.8242019414901733,1.8993399143218994,2.1963143348693848,2.3411362171173096,2.050241231918335,2.0394234657287598,2.098252296447754,1.741087555885315,1.6632170677185059,1.4962811470031738,1.4556039571762085,1.4627243280410767,1.5305227041244507,1.7141834497451782,1.882931113243103,2.1154611110687256,2.251668930053711,2.5093958377838135,2.7014102935791016,2.6353492736816406,2.538496971130371,2.5408732891082764,2.1819112300872803,2.1405086517333984,1.978114128112793,1.9543614387512207,1.9470633268356323,1.9888023138046265,2.134678363800049,2.2280824184417725,2.4430809020996094,2.6361000537872314,2.836127758026123,3.1023385524749756
A8,1.855921983718872,1.6008058786392212,1.5199605226516724,1.2136880159378052,0.9530579447746277,0.629627525806427,0.3814692497253418,0.0,0.38024765253067017,0.6260345578193665,0.9816550612449646,1.1608318090438843,1.0792136192321777,1.4332244396209717,1.4688665866851807,1.4113081693649292,1.5757087469100952,1.6021783351898193,1.297702431678772,1.1159652471542358,0.789169430732727,0.6442611813545227,0.49313798546791077,0.6343867778778076,0.8236306309700012,1.1246305704116821,1.3176326751708984,1.3133856058120728,1.6266809701919556,1.730540156364441,1.662795066833496,1.781516432762146,1.8668335676193237,1.5346014499664307,1.4141381978988647,1.1401371955871582,1.0601115226745605,0.9593937397003174,1.047568678855896,1.1813621520996094,1.414610505104065,1.5987931489944458,1.6502355337142944,1.9126458168029785,2.056201934814453,2.0285861492156982,2.0796005725860596,2.19445538520813,1.8597768545150757,1.7879289388656616,1.552456021308899,1.5131933689117432,1.4283682107925415,1.4972319602966309,1.6023646593093872,1.776939034461975,1.9491621255874634,2.0568342208862305,2.2744181156158447,2.4566094875335693,2.6058733463287354,2.5436694622039795,2.603182554244995,2.2569429874420166,2.2222657203674316,2.0065152645111084,1.9945863485336304,1.9231634140014648,1.9791967868804932,2.066530704498291,2.1786437034606934,2.339538812637329,2.5010147094726562,2.6645562648773193,2.9161908626556396
A9,2.222055196762085,1.9535046815872192,1.8556392192840576,1.5351855754852295,1.2407376766204834,0.9678357243537903,0.6349942088127136,0.38024765253067017,0.0,0.382271409034729,0.6493545174598694,0.9088565111160278,0.938639223575592,1.3154321908950806,1.4445542097091675,1.7804514169692993,1.949884295463562,1.952853798866272,1.6387723684310913,1.4069232940673828,1.0925726890563965,0.8407113552093506,0.6093499064445496,0.49547985196113586,0.6089881062507629,0.814633309841156,1.0548975467681885,1.1453931331634521,1.4719964265823364,1.6543145179748535,1.9801061153411865,2.122152328491211,2.1804962158203125,1.842369556427002,1.664825439453125,1.3721365928649902,1.1968141794204712,1.0152751207351685,0.9635630249977112,1.0200355052947998,1.1656357049942017,1.3590290546417236,1.4790445566177368,1.7376153469085693,1.9430575370788574,2.2766878604888916,2.367422103881836,2.4656636714935303,2.122514486312866,1.9952483177185059,1.7276767492294312,1.6127361059188843,1.4578275680541992,1.4345581531524658,1.4713190793991089,1.5753002166748047,1.733902931213379,1.885001301765442,2.0858888626098633,2.313722848892212,2.7808032035827637,2.764517068862915,2.8262715339660645,2.4709854125976562,2.386657476425171,2.136568784713745,2.0669729709625244,1.9341236352920532,1.927998423576355,1.9516478776931763,2.0138137340545654,2.142918825149536,2.3269810676574707,2.4582433700561523,2.7375776767730713
A10,2.4457831382751465,2.2127277851104736,2.1443545818328857,1.8380697965621948,1.5684555768966675,1.2556400299072266,0.9696577787399292,0.6260345578193665,0.382271409034729,0.0,0.39115437865257263,0.5440821051597595,0.574027955532074,0.9469468593597412,1.118825912475586,1.893789529800415,2.125467538833618,2.1647725105285645,1.8907190561294556,1.680949330329895,1.3299999237060547,1.1057994365692139,0.7752379179000854,0.6430151462554932,0.4973888099193573,0.6741735935211182,0.7906713485717773,0.860285758972168,1.1453701257705688,1.348436951637268,2.051872730255127,2.253908634185791,2.348400831222534,2.0449423789978027,1.8815460205078125,1.5464305877685547,1.3840460777282715,1.113114356994629,1.053870439529419,0.969597578048706,1.1009938716888428,1.1883716583251953,1.2720202207565308,1.4718223810195923,1.676286220550537,2.3058063983917236,2.448732376098633,2.5898938179016113,2.2750797271728516,2.158263683319092,1.8481025695800781,1.7439976930618286,1.518225908279419,1.4998539686203003,1.4461309909820557,1.5509538650512695,1.6238527297973633,1.7315202951431274,1.874301791191101,2.0859322547912598,2.7823145389556885,2.8001580238342285,2.9115989208221436,2.5764856338500977,2.5012412071228027,2.2129077911376953,2.158780574798584,1.9720673561096191,1.9832473993301392,1.945544958114624,2.0288546085357666,2.091749906539917,2.230912685394287,2.31618070602417,2.571329116821289
A11,2.8184151649475098,2.5739595890045166,2.4955642223358154,2.17718243598938,1.8897241353988647,1.6038120985031128,1.2838209867477417,0.9816550612449646,0.6493545174598694,0.39115437865257263,0.0,0.38543108105659485,0.6504989862442017,0.9648504853248596,1.2429084777832031,2.2838692665100098,2.5122907161712646,2.53652024269104,2.251852512359619,2.0147030353546143,1.6778079271316528,1.4098498821258545,1.0859935283660889,0.838293194770813,0.6037895083427429,0.5212658047676086,0.6347368955612183,0.8527917861938477,1.1013290882110596,1.3938724994659424,2.416486978530884,2.627134084701538,2.7025058269500732,2.394345283508301,2.1976282596588135,1.8623056411743164,1.648720383644104,1.3494960069656372,1.1883269548416138,1.0170764923095703,1.0080610513687134,1.0635287761688232,1.2273106575012207,1.3894492387771606,1.6613152027130127,2.6223978996276855,2.7896103858947754,2.9164323806762695,2.5980496406555176,2.444810628890991,2.121750831604004,1.966570258140564,1.6979091167449951,1.6000796556472778,1.4707926511764526,1.4845829010009766,1.516361951828003,1.6641113758087158,1.765686273574829,2.023038148880005,3.0339174270629883,3.0884032249450684,3.200056791305542,2.862447500228882,2.750547409057617,2.442246198654175,2.343024253845215,2.108624219894409,2.062483310699463,1.9560177326202393,1.9831231832504272,1.9957537651062012,2.149028778076172,2.183820962905884,2.461785316467285
A12,2.9368221759796143,2.726637125015259,2.6673192977905273,2.372469902038574,2.1053340435028076,1.7872098684310913,1.5094822645187378,1.1608318090438843,0.9088565111160278,0.5440821051597595,0.38543108105659485,0.0,0.3607223927974701,0.5964217782020569,0.9141302704811096,2.297576427459717,2.572913646697998,2.624326229095459,2.3826065063476562,2.170231580734253,1.8081969022750854,1.5797556638717651,1.2111070156097412,1.0246127843856812,0.6884422898292542,0.649055004119873,0.5099129676818848,0.6203907132148743,0.7749799489974976,1.068742275238037,2.381204128265381,2.6390185356140137,2.7454683780670166,2.475728988647461,2.3020546436309814,1.940525770187378,1.7614631652832031,1.4189269542694092,1.3032498359680176,1.0527775287628174,1.0805147886276245,1.0004059076309204,1.0668394565582275,1.1451361179351807,1.3835985660552979,2.545156478881836,2.7527897357940674,2.9183881282806396,2.6336653232574463,2.502474069595337,2.153916358947754,2.0306365489959717,1.7249703407287598,1.6677839756011963,1.4848968982696533,1.5374631881713867,1.4818304777145386,1.5482248067855835,1.5865052938461304,1.7967597246170044,2.932058572769165,3.010385274887085,3.1675662994384766,2.8565332889556885,2.766035318374634,2.4350719451904297,2.3690707683563232,2.107015609741211,2.103034019470215,1.9650567770004272,2.0400757789611816,1.9999810457229614,2.0868191719055176,2.0878655910491943,2.3180618286132812
A13,2.74405837059021,2.5628604888916016,2.5160727500915527,2.2516093254089355,2.0094354152679443,1.670319676399231,1.4478473663330078,1.0792136192321777,0.938639223575592,0.574027955532074,0.6504989862442017,0.3607223927974701,0.0,0.37874653935432434,0.5932202339172363,2.027575969696045,2.3304922580718994,2.4022719860076904,2.1996216773986816,2.019805431365967,1.6447397470474243,1.4726109504699707,1.0907294750213623,1.0111498832702637,0.6888067722320557,0.8198039531707764,0.6366904377937317,0.5188109874725342,0.655556321144104,0.8374449014663696,2.0833580493927,2.364980936050415,2.4985296726226807,2.2600865364074707,2.1213905811309814,1.7501742839813232,1.6270246505737305,1.2835102081298828,1.26125168800354,1.0329862833023071,1.1768620014190674,1.0741219520568848,1.0212855339050293,1.0956486463546753,1.242789387702942,2.245464324951172,2.462592124938965,2.658705949783325,2.399547576904297,2.3049864768981934,1.9529260396957397,1.8836456537246704,1.5889331102371216,1.6104655265808105,1.4569228887557983,1.595625877380371,1.5368568897247314,1.5318411588668823,1.5798137187957764,1.7226649522781372,2.659196615219116,2.7263572216033936,2.909104824066162,2.61702561378479,2.5635592937469482,2.235114097595215,2.2200381755828857,1.9784560203552246,2.039076089859009,1.9377508163452148,2.0778467655181885,2.0541677474975586,2.099252223968506,2.1294991970062256,2.316969156265259
A14,2.9937663078308105,2.8439459800720215,2.817584276199341,2.5701472759246826,2.3484742641448975,1.9999109506607056,1.8056001663208008,1.4332244396209717,1.3154321908950806,0.9469468593597412,0.9648504853248596,0.5964217782020569,0.37874653935432434,0.0,0.37777167558670044,2.219899892807007,2.5547115802764893,2.6514768600463867,2.485905408859253,2.3298187255859375,1.9526287317276,1.809843897819519,1.4273087978363037,1.3674894571304321,1.0258510112762451,1.1079719066619873,0.8195809125900269,0.6274652481079102,0.5224108099937439,0.6480096578598022,2.234924077987671,2.551555633544922,2.711174964904785,2.5113513469696045,2.3942768573760986,2.017990827560425,1.9209345579147339,1.565515398979187,1.5588748455047607,1.2861554622650146,1.4103608131408691,1.2120784521102905,1.0824270248413086,1.0279170274734497,1.1100890636444092,2.349500894546509,2.6018307209014893,2.830538511276245,2.6088898181915283,2.533818483352661,2.1719343662261963,2.12589168548584,1.8106130361557007,1.8493549823760986,1.6500581502914429,1.790457844734192,1.655125379562378,1.5800153017044067,1.5442134141921997,1.6258214712142944,2.7212071418762207,2.8148837089538574,3.040180206298828,2.78059720993042,2.7449114322662354,2.4035720825195312,2.412755250930786,2.1488335132598877,2.2330312728881836,2.0960326194763184,2.257833480834961,2.1798574924468994,2.1653833389282227,2.1490142345428467,2.283461570739746
A15,2.8423545360565186,2.726699113845825,2.7116358280181885,2.503859043121338,2.312696933746338,1.9612313508987427,1.8280678987503052,1.4688665866851807,1.4445542097091675,1.118825912475586,1.2429084777832031,0.9141302704811096,0.5932202339172363,0.37777167558670044,0.0,1.997775912284851,2.354862689971924,2.4700264930725098,2.3542823791503906,2.2367167472839355,1.8651279211044312,1.7858809232711792,1.4229719638824463,1.4560003280639648,1.1628714799880981,1.338853120803833,1.0701149702072144,0.7739178538322449,0.6639301776885986,0.5545927882194519,1.9684176445007324,2.3083488941192627,2.494659185409546,2.338432788848877,2.262580633163452,1.8924293518066406,1.8586342334747314,1.5263067483901978,1.6054136753082275,1.3750226497650146,1.5799598693847656,1.3885447978973389,1.174354910850525,1.1261217594146729,1.0854042768478394,2.068174362182617,2.3306570053100586,2.5914998054504395,2.4070870876312256,2.3746562004089355,2.0213918685913086,2.035712242126465,1.7472248077392578,1.8614647388458252,1.7018084526062012,1.911280870437622,1.7858600616455078,1.6523516178131104,1.6339735984802246,1.6388354301452637,2.459174394607544,2.5403077602386475,2.7942590713500977,2.5635006427764893,2.5704283714294434,2.2408246994018555,2.3060572147369385,2.073086738586426,2.2204513549804688,2.1257450580596924,2.3428845405578613,2.2864816188812256,2.236196756362915,2.2532575130462646,2.3433356285095215
B1,1.0125885009765625,1.0225012302398682,1.070391297340393,1.1247000694274902,1.222753643989563,1.0796622037887573,1.377997636795044,1.4113081693649292,1.7804514169692993,1.893789529800415,2.2838692665100098,2.297576427459717,2.027575969696045,2.219899892807007,1.997775912284851,0.0,0.39611124992370605,0.6919439435005188,0.7981268167495728,1.0530643463134766,0.9786678552627563,1.3252818584442139,1.421332597732544,1.7961419820785522,1.9659396409988403,2.349132537841797,2.4149508476257324,2.2112786769866943,2.4173405170440674,2.2840747833251953,0.6517921686172485,0.6368834376335144,0.9694421887397766,0.9040355086326599,1.1836949586868286,1.1329129934310913,1.456626534461975,1.5809587240219116,1.9304451942443848,2.128936767578125,2.4912374019622803,2.6022844314575195,2.4711313247680664,2.6880228519439697,2.6287853717803955,1.291593074798584,1.146146297454834,1.3868476152420044,1.2419497966766357,1.4906853437423706,1.4532673358917236,1.728800892829895,1.8557636737823486,2.1637797355651855,2.378106117248535,2.7011754512786865,2.853538990020752,2.8135697841644287,3.035536766052246,3.0527455806732178,2.078528881072998,1.8343302011489868,1.9189680814743042,1.7100872993469238,1.9239320755004883,1.8781306743621826,2.1064701080322266,2.2311854362487793,2.4847896099090576,2.7130773067474365,2.9658420085906982,3.1668426990509033,3.223339796066284,3.4522135257720947,3.5853753089904785
B2,0.7503251433372498,0.7605383992195129,0.7767576575279236,0.9491482973098755,1.1200575828552246,1.103105068206787,1.4453105926513672,1.5757087469100952,1.949884295463562,2.125467538833618,2.5122907161712646,2.572913646697998,2.3304922580718994,2.5547115802764893,2.354862689971924,0.39611124992370605,0.0,0.40068596601486206,0.5910983681678772,0.9446917176246643,1.0172343254089355,1.3890608549118042,1.5806944370269775,1.9510024785995483,2.1797378063201904,2.555744171142578,2.6674699783325195,2.4933218955993652,2.7302663326263428,2.6167778968811035,0.8169323205947876,0.58830326795578,0.8322080969810486,0.7683010101318359,1.1058852672576904,1.1799269914627075,1.5143681764602661,1.7236156463623047,2.0650057792663574,2.317929983139038,2.670947551727295,2.8259730339050293,2.723653554916382,2.9712390899658203,2.930002212524414,1.4267172813415527,1.1854957342147827,1.3314878940582275,1.1813368797302246,1.4489761590957642,1.5056161880493164,1.7804697751998901,1.9789202213287354,2.2763571739196777,2.5389010906219482,2.8513741493225098,3.045706272125244,3.033820152282715,3.286384344100952,3.321536064147949,2.1857433319091797,1.9016247987747192,1.9073086977005005,1.69792902469635,1.9138712882995605,1.9368059635162354,2.154022216796875,2.3356409072875977,2.573023557662964,2.8425350189208984,3.0771498680114746,3.3162343502044678,3.3993661403656006,3.654193878173828,3.8033969402313232
B3,0.9672150015830994,0.8708187937736511,0.6987375020980835,0.9299677610397339,1.027654767036438,1.1050043106079102,1.4142186641693115,1.6021783351898193,1.952853798866272,2.1647725105285645,2.53652024269104,2.624326229095459,2.4022719860076904,2.6514768600463867,2.4700264930725098,0.6919439435005188,0.40068596601486206,0.0,0.3888710141181946,0.7070731520652771,0.8981459736824036,1.2575669288635254,1.5156197547912598,1.8723055124282837,2.1415717601776123,2.5072054862976074,2.6493661403656006,2.4936556816101074,2.759315252304077,2.660219192504883,0.835299551486969,0.5336354374885559,0.557341992855072,0.4338495433330536,0.7879336476325989,0.9680650234222412,1.303248405456543,1.5817075967788696,1.9163014888763428,2.2122278213500977,2.5583815574645996,2.745292901992798,2.660651445388794,2.9393224716186523,2.911364793777466,1.3322546482086182,1.0617505311965942,1.0895516872406006,0.8889021277427673,1.1333426237106323,1.2588839530944824,1.5249614715576172,1.7831461429595947,2.073357105255127,2.376641273498535,2.683960437774658,2.9109513759613037,2.9168481826782227,3.201080799102783,3.2498862743377686,2.02264666557312,1.739147424697876,1.6720539331436157,1.4321504831314087,1.6169017553329468,1.6827187538146973,1.8794167041778564,2.104814052581787,2.3286547660827637,2.6329421997070312,2.8572521209716797,3.1267595291137695,3.2258784770965576,3.5073325634002686,3.665604591369629
B4,0.9823832511901855,0.7508940100669861,0.49617689847946167,0.6074314713478088,0.6413347721099854,0.7559244632720947,1.0613466501235962,1.297702431678772,1.6387723684310913,1.8907190561294556,2.251852512359619,2.3826065063476562,2.1996216773986816,2.485905408859253,2.3542823791503906,0.7981268167495728,0.5910983681678772,0.3888710141181946,0.0,0.39082977175712585,0.6137772798538208,0.9550179243087769,1.2515960931777954,1.5870085954666138,1.8880352973937988,2.237384796142578,2.4184460639953613,2.307920455932617,2.6029064655303955,2.555337429046631,1.04458749294281,0.8491309881210327,0.8385946154594421,0.5284814238548279,0.7070648074150085,0.8376173377037048,1.1017694473266602,1.3837733268737793,1.6795940399169922,1.99212646484375,2.3139286041259766,2.532301425933838,2.4940264225006104,2.791320562362671,2.812244415283203,1.5307750701904297,1.3297830820083618,1.3384109735488892,1.046876311302185,1.170760989189148,1.2359305620193481,1.420311689376831,1.652958631515503,1.8930281400680542,2.1952247619628906,2.470343828201294,2.7182199954986572,2.7671685218811035,3.0591275691986084,3.1520352363586426,2.1992697715759277,1.9640895128250122,1.8937383890151978,1.5967506170272827,1.699977159500122,1.7145065069198608,1.8413794040679932,2.0284483432769775,2.2006211280822754,2.4867823123931885,2.6731510162353516,2.948087692260742,3.0836451053619385,3.356541395187378,3.551192045211792
B5,1.3435944318771362,1.0648272037506104,0.7655088305473328,0.7379716634750366,0.5466285347938538,0.6704381108283997,0.8548172116279602,1.1159652471542358,1.4069232940673828,1.680949330329895,2.0147030353546143,2.170231580734253,2.019805431365967,2.3298187255859375,2.2367167472839355,1.0530643463134766,0.9446917176246643,0.7070731520652771,0.39082977175712585,0.0,0.37853628396987915,0.633177638053894,0.980907678604126,1.2816596031188965,1.6120227575302124,1.940993070602417,2.1502466201782227,2.0715909004211426,2.3926119804382324,2.3804218769073486,1.170743703842163,1.0630979537963867,0.965445339679718,0.5780528783798218,0.5005684494972229,0.5877695083618164,0.7610154151916504,1.0736546516418457,1.3361996412277222,1.6752272844314575,1.9789187908172607,2.2243597507476807,2.217278480529785,2.537957191467285,2.591670274734497,1.5419474840164185,1.4121084213256836,1.3730201721191406,1.0139317512512207,1.0009909868240356,1.0158722400665283,1.1159372329711914,1.343757152557373,1.544504165649414,1.8597919940948486,2.1152613162994385,2.3850157260894775,2.4626054763793945,2.772125482559204,2.8945975303649902,2.1289937496185303,1.950700283050537,1.8660110235214233,1.5207633972167969,1.5355627536773682,1.5083311796188354,1.5678703784942627,1.7318142652511597,1.8631213903427124,2.145996332168579,2.3089864253997803,2.5947906970977783,2.752993106842041,3.030994415283203,3.246772527694702
B6,1.4691113233566284,1.2107765674591064,1.001792073249817,0.8658645153045654,0.6197851300239563,0.5111923813819885,0.6225099563598633,0.789169430732727,1.0925726890563965,1.3299999237060547,1.6778079271316528,1.8081969022750854,1.6447397470474243,1.9526287317276,1.8651279211044312,0.9786678552627563,1.0172343254089355,0.8981459736824036,0.6137772798538208,0.37853628396987915,0.0,0.37301456928253174,0.640087366104126,0.9804700016975403,1.2776013612747192,1.6273174285888672,1.8104568719863892,1.718582272529602,2.033708095550537,2.0277204513549805,1.105337381362915,1.1225019693374634,1.117077350616455,0.757990300655365,0.6533975005149841,0.48616766929626465,0.6168057918548584,0.8135946393013,1.094257116317749,1.3894622325897217,1.7097629308700562,1.9252678155899048,1.9059025049209595,2.211991310119629,2.2703092098236084,1.4782378673553467,1.4338253736495972,1.4765043258666992,1.1236203908920288,1.0922826528549194,0.9702698588371277,1.0480958223342896,1.1700347661972046,1.3735193014144897,1.636277437210083,1.9011991024017334,2.1354963779449463,2.199763774871826,2.485938310623169,2.6091201305389404,2.083484172821045,1.94910728931427,1.9360764026641846,1.5866127014160156,1.5930339097976685,1.4771013259887695,1.5338795185089111,1.6167070865631104,1.7542362213134766,1.9842181205749512,2.160043478012085,2.4062106609344482,2.548652172088623,2.7988390922546387,3.0126025676727295
B7,1.7964792251586914,1.5098644495010376,1.288333535194397,1.0891413688659668,0.751376211643219,0.6306354403495789,0.4984111785888672,0.6442611813545227,0.8407113552093506,1.1057994365692139,1.4098498821258545,1.5797556638717651,1.4726109504699707,1.809843897819519,1.7858809232711792,1.3252818584442139,1.3890608549118042,1.2575669288635254,0.9550179243087769,0.633177638053894,0.37301456928253174,0.0,0.3875558078289032,0.6486546397209167,0.991302490234375,1.308862328529358,1.535273551940918,1.5002813339233398,1.8457975387573242,1.8990286588668823,1.4030508995056152,1.4642257690429688,1.4220154285430908,1.060785174369812,0.83534836769104,0.6009940505027771,0.4765864312648773,0.593249499797821,0.7789297103881836,1.092464804649353,1.3786797523498535,1.6294782161712646,1.663866400718689,1.9915951490402222,2.1029443740844727,1.6791287660598755,1.695538878440857,1.7117562294006348,1.3417069911956787,1.2055896520614624,1.0166305303573608,0.9579694271087646,1.0008680820465088,1.1150894165039062,1.3608406782150269,1.5849536657333374,1.8383445739746094,1.9474973678588867,2.24290132522583,2.410865545272827,2.1925134658813477,2.117975950241089,2.103084087371826,1.7322901487350464,1.6580476760864258,1.488122820854187,1.4575597047805786,1.4731197357177734,1.5415425300598145,1.7341217994689941,1.8686507940292358,2.1122231483459473,2.2865865230560303,2.5271334648132324,2.772768974304199
B8,2.0204660892486572,1.764237403869629,1.5984143018722534,1.372483730316162,1.059868574142456,0.822258472442627,0.6057812571525574,0.49313798546791077,0.6093499064445496,0.7752379179000854,1.0859935283660889,1.2111070156097412,1.0907294750213623,1.4273087978363037,1.4229719638824463,1.421332597732544,1.5806944370269775,1.5156197547912598,1.2515960931777954,0.980907678604126,0.640087366104126,0.3875558078289032,0.0,0.37858834862709045,0.6376262307167053,0.9926837682723999,1.1750279664993286,1.1235350370407104,1.4665145874023438,1.5368053913116455,1.471929669380188,1.624358892440796,1.639616847038269,1.319412350654602,1.113628625869751,0.7846574783325195,0.626361608505249,0.466277539730072,0.6151540279388428,0.8155806064605713,1.1217337846755981,1.320373296737671,1.3381954431533813,1.646100640296936,1.7680240869522095,1.70514714717865,1.7995103597640991,1.875946283340454,1.534650444984436,1.3993405103683472,1.120848536491394,1.042080044746399,0.9353300333023071,1.029309868812561,1.172620415687561,1.4010069370269775,1.5945782661437988,1.6827417612075806,1.9438385963439941,2.112877368927002,2.1946663856506348,2.169447183609009,2.218632459640503,1.8622052669525146,1.7850010395050049,1.5433111190795898,1.5110511779785156,1.4303019046783447,1.500540852546692,1.6126610040664673,1.760714054107666,1.9433412551879883,2.090928316116333,2.2924931049346924,2.5314109325408936
B9,2.35024356842041,2.073615312576294,1.8987501859664917,1.6418169736862183,1.2990180253982544,1.0898637771606445,0.7749655842781067,0.6343867778778076,0.49547985196113586,0.6430151462554932,0.838293194770813,1.0246127843856812,1.0111498832702637,1.3674894571304321,1.4560003280639648,1.7961419820785522,1.9510024785995483,1.8723055124282837,1.5870085954666138,1.2816596031188965,0.9804700016975403,0.6486546397209167,0.37858834862709045,0.0,0.38756486773490906,0.6611015200614929,0.9221590161323547,0.9809961318969727,1.350484848022461,1.5078232288360596,1.8347615003585815,1.9940505027770996,1.9838100671768188,1.6570287942886353,1.403541088104248,1.0900013446807861,0.8269045352935791,0.586597740650177,0.4681258499622345,0.5954598188400269,0.8102146983146667,1.0558401346206665,1.166955828666687,1.4884815216064453,1.6856627464294434,2.0093533992767334,2.133084297180176,2.1860029697418213,1.8393168449401855,1.6471095085144043,1.3529506921768188,1.1768616437911987,0.9889815449714661,0.9391806125640869,1.004802942276001,1.1464729309082031,1.3477081060409546,1.500714659690857,1.7580804824829102,1.9864813089370728,2.414992094039917,2.435824394226074,2.4791181087493896,2.116384506225586,1.982218623161316,1.7122645378112793,1.6033931970596313,1.4518474340438843,1.4325541257858276,1.4715385437011719,1.553823471069336,1.7130029201507568,1.8985956907272339,2.0734450817108154,2.351606607437134
B10,2.60758113861084,2.3586485385894775,2.217883586883545,1.9581189155578613,1.6387155055999756,1.3805495500564575,1.0809406042099,0.8236306309700012,0.6089881062507629,0.4973888099193573,0.6037895083427429,0.6884422898292542,0.6888067722320557,1.0258510112762451,1.1628714799880981,1.9659396409988403,2.1797378063201904,2.1415717601776123,1.8880352973937988,1.6120227575302124,1.2776013612747192,0.991302490234375,0.6376262307167053,0.38756486773490906,0.0,0.38698211312294006,0.5483876466751099,0.6141061782836914,0.9812026619911194,1.1826530694961548,1.9726982116699219,2.1912875175476074,2.2190005779266357,1.9265650510787964,1.693500280380249,1.3439736366271973,1.1068763732910156,0.7684269547462463,0.6219349503517151,0.47233036160469055,0.6526286005973816,0.7772364020347595,0.8725748062133789,1.1538922786712646,1.375290870666504,2.0998005867004395,2.2807066440582275,2.3769688606262207,2.0612986087799072,1.8802069425582886,1.5430954694747925,1.3762425184249878,1.0952702760696411,1.030633568763733,0.9489043354988098,1.0720371007919312,1.1645761728286743,1.2822359800338745,1.4803041219711304,1.7099075317382812,2.4645185470581055,2.528562068939209,2.624171733856201,2.2840635776519775,2.155151128768921,1.8414109945297241,1.742009162902832,1.516132116317749,1.5029491186141968,1.4483611583709717,1.5427556037902832,1.6141328811645508,1.7551864385604858,1.8731167316436768,2.135929822921753
B11,2.9543936252593994,2.6911699771881104,2.544260263442993,2.2660908699035645,1.9322829246520996,1.6962288618087769,1.3615198135375977,1.1246305704116821,0.814633309841156,0.6741735935211182,0.5212658047676086,0.649055004119873,0.8198039531707764,1.1079719066619873,1.338853120803833,2.349132537841797,2.555744171142578,2.5072054862976074,2.237384796142578,1.940993070602417,1.6273174285888672,1.308862328529358,0.9926837682723999,0.6611015200614929,0.38698211312294006,0.0,0.38415488600730896,0.6708013415336609,0.9929431080818176,1.2878133058547974,2.3539438247680664,2.5713651180267334,2.5814568996429443,2.2819738388061523,2.022226095199585,1.6873213052749634,1.4082919359207153,1.0771228075027466,0.8174140453338623,0.5741994976997375,0.4869822859764099,0.6050704121589661,0.8453884124755859,1.093814492225647,1.4000822305679321,2.447077512741089,2.6422972679138184,2.7205541133880615,2.4016802310943604,2.1872072219848633,1.851148009300232,1.6327406167984009,1.32395339012146,1.155658483505249,0.9816766977310181,0.9637373685836792,1.0171833038330078,1.2071762084960938,1.3684184551239014,1.6627970933914185,2.7465407848358154,2.843630790710449,2.9328744411468506,2.592007637023926,2.4253299236297607,2.100952386856079,1.9494844675064087,1.6786690950393677,1.5880725383758545,1.4507991075515747,1.4637924432754517,1.4796417951583862,1.6507899761199951,1.7154959440231323,2.0157577991485596
B12,3.112048625946045,2.8802990913391113,2.757187604904175,2.4939768314361572,2.1823196411132812,1.9097336530685425,1.6100702285766602,1.3176326751708984,1.0548975467681885,0.7906713485717773,0.6347368955612183,0.5099129676818848,0.6366904377937317,0.8195809125900269,1.0701149702072144,2.4149508476257324,2.6674699783325195,2.6493661403656006,2.4184460639953613,2.1502466201782227,1.8104568719863892,1.535273551940918,1.1750279664993286,0.9221590161323547,0.5483876466751099,0.38415488600730896,0.0,0.3712492287158966,0.6265461444854736,0.9565252065658569,2.3764495849609375,2.6411848068237305,2.684195041656494,2.4225308895111084,2.1889986991882324,1.828348159790039,1.5899415016174316,1.2162171602249146,1.020232915878296,0.6783450841903687,0.6348732113838196,0.49069035053253174,0.6172925233840942,0.7708725333213806,1.0793299674987793,2.4246692657470703,2.663785934448242,2.782283306121826,2.498436450958252,2.3076064586639404,1.9449377059936523,1.761911392211914,1.4107086658477783,1.2895758152008057,1.0378340482711792,1.0584980249404907,0.9723889231681824,1.0587764978408813,1.1328792572021484,1.3925247192382812,2.6911375522613525,2.8182718753814697,2.956397294998169,2.6439778804779053,2.4985315799713135,2.148106336593628,2.0311977863311768,1.7240099906921387,1.6786426305770874,1.4921435117721558,1.5570154190063477,1.4933816194534302,1.5804874897003174,1.591599702835083,1.8420095443725586
B13,2.9937593936920166,2.793386220932007,2.6829800605773926,2.451822280883789,2.165245532989502,1.8721048831939697,1.6258429288864136,1.3133856058120728,1.1453931331634521,0.860285758972168,0.8527917861938477,0.6203907132148743,0.5188109874725342,0.6274652481079102,0.7739178538322449,2.2112786769866943,2.4933218955993652,2.4936556816101074,2.307920455932617,2.0715909004211426,1.718582272529602,1.5002813339233398,1.1235350370407104,0.9809961318969727,0.6141061782836914,0.6708013415336609,0.3712492287158966,0.0,0.3733113408088684,0.6172851324081421,2.1225459575653076,2.419933557510376,2.488593339920044,2.2659029960632324,2.065655469894409,1.690696358680725,1.5093927383422852,1.1219227313995361,1.032842993736267,0.7000229358673096,0.8219375014305115,0.621871829032898,0.5029160976409912,0.6240904927253723,0.8243177533149719,2.1413917541503906,2.405103921890259,2.557237386703491,2.3060665130615234,2.1500449180603027,1.7750005722045898,1.648482322692871,1.2922290563583374,1.2656199932098389,1.0305029153823853,1.1675161123275757,1.0526405572891235,1.0142905712127686,1.076656699180603,1.2415554523468018,2.4116907119750977,2.541842222213745,2.7159650325775146,2.4279582500457764,2.3187344074249268,1.960544228553772,1.9000364542007446,1.6003655195236206,1.6356661319732666,1.478914499282837,1.6308854818344116,1.5708656311035156,1.5873818397521973,1.6201964616775513,1.8051693439483643
