0.000000000000000000e+00,3.900346457958221436e-01,6.478673219680786133e-01,8.725039362907409668e-01,1.226181983947753906e+00,1.387277603149414062e+00,1.744604349136352539e+00,1.958598971366882324e+00,2.310719013214111328e+00,2.505112648010253906e+00,2.868745565414428711e+00,3.049845695495605469e+00,2.927073717117309570e+00,3.246757030487060547e+00,3.059946537017822266e+00,1.069364070892333984e+00,8.366223573684692383e-01,1.020690441131591797e+00,1.042412161827087402e+00,1.363806605339050293e+00,1.570410370826721191e+00,1.873581290245056152e+00,2.135182857513427734e+00,2.437791109085083008e+00,2.712362527847290039e+00,3.046072721481323242e+00,3.251942634582519531e+00,3.163159132003784180e+00,3.465895414352416992e+00,3.350983858108520508e+00,1.773703455924987793e+00,1.490368962287902832e+00,1.604524612426757812e+00,1.496177077293395996e+00,1.723788380622863770e+00,1.894272446632385254e+00,2.122473955154418945e+00,2.375505685806274414e+00,2.621689558029174805e+00,2.915034532546997070e+00,3.227123975753784180e+00,3.458955287933349609e+00,3.410250663757324219e+00,3.712652206420898438e+00,3.661813497543334961e+00,2.410318851470947266e+00,2.126029729843139648e+00,2.174181461334228516e+00,2.002814769744873047e+00,2.168361425399780273e+00,2.290833711624145508e+00,2.460160017013549805e+00,2.686018943786621094e+00,2.879588603973388672e+00,3.169519662857055664e+00,3.457457542419433594e+00,3.707811355590820312e+00,3.712544679641723633e+00,4.007926940917968750e+00,4.028288841247558594e+00,3.200595617294311523e+00,2.885783910751342773e+00,2.773159980773925781e+00,2.541721582412719727e+00,2.673821449279785156e+00,2.733881950378417969e+00,2.850442409515380859e+00,3.049977302551269531e+00,3.201794862747192383e+00,3.483888149261474609e+00,3.734862089157104492e+00,4.002207279205322266e+00,4.074089050292968750e+00,4.347653388977050781e+00,4.444297313690185547e+00
3.900346457958221436e-01,0.000000000000000000e+00,3.909850716590881348e-01,5.265744328498840332e-01,8.924340605735778809e-01,1.077603220939636230e+00,1.417022705078125000e+00,1.658518791198730469e+00,1.989109992980957031e+00,2.211067914962768555e+00,2.558039665222167969e+00,2.770190715789794922e+00,2.682276248931884766e+00,3.021042346954345703e+00,2.869010448455810547e+00,1.082955837249755859e+00,9.160419702529907227e-01,1.030958533287048340e+00,9.061332345008850098e-01,1.162745118141174316e+00,1.344235301017761230e+00,1.603977799415588379e+00,1.868555903434753418e+00,2.139726877212524414e+00,2.428314924240112305e+00,2.742172479629516602e+00,2.974341630935668945e+00,2.920082330703735352e+00,3.240247964859008789e+00,3.161395549774169922e+00,1.810865759849548340e+00,1.570946693420410156e+00,1.646968841552734375e+00,1.449929237365722656e+00,1.607953786849975586e+00,1.734449505805969238e+00,1.910454273223876953e+00,2.147176027297973633e+00,2.355796575546264648e+00,2.650398254394531250e+00,2.939907312393188477e+00,3.191965818405151367e+00,3.175871849060058594e+00,3.489328861236572266e+00,3.473064184188842773e+00,2.443198442459106445e+00,2.193602561950683594e+00,2.219797134399414062e+00,1.987471580505371094e+00,2.096012353897094727e+00,2.173112154006958008e+00,2.294296026229858398e+00,2.492111444473266602e+00,2.647879838943481445e+00,2.929098129272460938e+00,3.192666530609130859e+00,3.456073522567749023e+00,3.490303993225097656e+00,3.788921594619750977e+00,3.840666055679321289e+00,3.210292816162109375e+00,2.928395509719848633e+00,2.810821771621704102e+00,2.536471843719482422e+00,2.622695207595825195e+00,2.641816377639770508e+00,2.717280149459838867e+00,2.885077714920043945e+00,3.001933336257934570e+00,3.270302772521972656e+00,3.497546911239624023e+00,3.769658327102661133e+00,3.865617275238037109e+00,4.133159160614013672e+00,4.255377292633056641e+00
6.478673219680786133e-01,3.909850716590881348e-01,0.000000000000000000e+00,3.784407377243041992e-01,6.386167407035827637e-01,9.029343128204345703e-01,1.215293407440185547e+00,1.498993873596191406e+00,1.824357748031616211e+00,2.077910423278808594e+00,2.422116041183471680e+00,2.644762516021728516e+00,2.556709289550781250e+00,2.901637554168701172e+00,2.753946304321289062e+00,1.060691595077514648e+00,8.519189357757568359e-01,8.128841519355773926e-01,6.231072545051574707e-01,8.198522925376892090e-01,1.063685536384582520e+00,1.309675455093383789e+00,1.617738485336303711e+00,1.888385415077209473e+00,2.204077005386352539e+00,2.519960165023803711e+00,2.763576030731201172e+00,2.711464166641235352e+00,3.045143604278564453e+00,2.971397638320922852e+00,1.651453137397766113e+00,1.406657814979553223e+00,1.401845216751098633e+00,1.162061214447021484e+00,1.265834927558898926e+00,1.417771458625793457e+00,1.574667692184448242e+00,1.844030141830444336e+00,2.049237012863159180e+00,2.369223356246948242e+00,2.660094976425170898e+00,2.925813674926757812e+00,2.915654659271240234e+00,3.245216608047485352e+00,3.236112833023071289e+00,2.230857610702514648e+00,1.981625437736511230e+00,1.955753326416015625e+00,1.693488359451293945e+00,1.758302927017211914e+00,1.844256043434143066e+00,1.942855715751647949e+00,2.159942150115966797e+00,2.307680368423461914e+00,2.609795331954956055e+00,2.872206211090087891e+00,3.149922847747802734e+00,3.191979169845581055e+00,3.507560253143310547e+00,3.567742824554443359e+00,2.932936668395996094e+00,2.667186260223388672e+00,2.522746562957763672e+00,2.231727600097656250e+00,2.283967971801757812e+00,2.305623292922973633e+00,2.358230590820312500e+00,2.536218643188476562e+00,2.642323255538940430e+00,2.926293611526489258e+00,3.149093627929687500e+00,3.434755563735961914e+00,3.540704011917114258e+00,3.823728084564208984e+00,3.957032203674316406e+00
8.725039362907409668e-01,5.265744328498840332e-01,3.784407377243041992e-01,0.000000000000000000e+00,3.763988614082336426e-01,5.748481154441833496e-01,8.963463902473449707e-01,1.166862368583679199e+00,1.486343979835510254e+00,1.735730886459350586e+00,2.074540138244628906e+00,2.305485963821411133e+00,2.238043785095214844e+00,2.591288566589355469e+00,2.468324422836303711e+00,1.027255773544311523e+00,9.589864611625671387e-01,9.583311080932617188e-01,6.553980708122253418e-01,7.816482782363891602e-01,8.952741622924804688e-01,1.105814099311828613e+00,1.368312954902648926e+00,1.619648575782775879e+00,1.919373750686645508e+00,2.224671125411987305e+00,2.471661090850830078e+00,2.439327716827392578e+00,2.774915933609008789e+00,2.726175308227539062e+00,1.665759563446044922e+00,1.502824425697326660e+00,1.530092120170593262e+00,1.234581947326660156e+00,1.299211859703063965e+00,1.346679568290710449e+00,1.465020775794982910e+00,1.672770023345947266e+00,1.852907538414001465e+00,2.143780469894409180e+00,2.421250820159912109e+00,2.682741403579711914e+00,2.687965869903564453e+00,3.010658025741577148e+00,3.022937774658203125e+00,2.256228208541870117e+00,2.065241336822509766e+00,2.071624040603637695e+00,1.772764086723327637e+00,1.814972162246704102e+00,1.821298718452453613e+00,1.893262267112731934e+00,2.049105644226074219e+00,2.175228357315063477e+00,2.440390825271606445e+00,2.689511537551879883e+00,2.955215692520141602e+00,3.007791042327880859e+00,3.307327747344970703e+00,3.383821725845336914e+00,2.977654457092285156e+00,2.745254039764404297e+00,2.636312007904052734e+00,2.314396381378173828e+00,2.351489782333374023e+00,2.310670614242553711e+00,2.348522186279296875e+00,2.471153974533081055e+00,2.561532258987426758e+00,2.806794643402099609e+00,3.019999027252197266e+00,3.286382675170898438e+00,3.395187139511108398e+00,3.654309749603271484e+00,3.794790983200073242e+00
1.226181983947753906e+00,8.924340605735778809e-01,6.386167407035827637e-01,3.763988614082336426e-01,0.000000000000000000e+00,3.751595020294189453e-01,5.936495661735534668e-01,9.242578148841857910e-01,1.211424231529235840e+00,1.501991987228393555e+00,1.821804761886596680e+00,2.074873447418212891e+00,2.029396057128906250e+00,2.392046928405761719e+00,2.296712398529052734e+00,1.182805418968200684e+00,1.148773193359375000e+00,1.044173359870910645e+00,6.686624884605407715e-01,5.942671895027160645e-01,6.554318666458129883e-01,7.738706469535827637e-01,1.061935782432556152e+00,1.282694816589355469e+00,1.610064148902893066e+00,1.902700304985046387e+00,2.171697378158569336e+00,2.162983894348144531e+00,2.515467166900634766e+00,2.494515895843505859e+00,1.670368313789367676e+00,1.555584430694580078e+00,1.519935131072998047e+00,1.168817639350891113e+00,1.126722216606140137e+00,1.119157910346984863e+00,1.161746025085449219e+00,1.359316468238830566e+00,1.503190994262695312e+00,1.806560158729553223e+00,2.069692611694335938e+00,2.350157260894775391e+00,2.379668712615966797e+00,2.717025041580200195e+00,2.756300449371337891e+00,2.189416646957397461e+00,2.037220716476440430e+00,2.007349491119384766e+00,1.666928410530090332e+00,1.638368368148803711e+00,1.598377108573913574e+00,1.613035798072814941e+00,1.743328690528869629e+00,1.833897233009338379e+00,2.097784996032714844e+00,2.330031633377075195e+00,2.608593940734863281e+00,2.683222055435180664e+00,2.992047309875488281e+00,3.092853546142578125e+00,2.836865663528442383e+00,2.644713640213012695e+00,2.528556585311889648e+00,2.178580045700073242e+00,2.164541721343994141e+00,2.086621046066284180e+00,2.081399679183959961e+00,2.174947738647460938e+00,2.234215259552001953e+00,2.470322608947753906e+00,2.666077136993408203e+00,2.937780618667602539e+00,3.064646244049072266e+00,3.325536251068115234e+00,3.486588716506958008e+00
1.387277603149414062e+00,1.077603220939636230e+00,9.029343128204345703e-01,5.748481154441833496e-01,3.751595020294189453e-01,0.000000000000000000e+00,3.720899224281311035e-01,5.971127748489379883e-01,9.351531863212585449e-01,1.175387263298034668e+00,1.522637248039245605e+00,1.744460344314575195e+00,1.680604577064514160e+00,2.040318012237548828e+00,1.941343784332275391e+00,1.074589848518371582e+00,1.166581392288208008e+00,1.122183203697204590e+00,7.576023340225219727e-01,7.007754445075988770e-01,5.449001789093017578e-01,6.666454076766967773e-01,8.348774313926696777e-01,1.082872748374938965e+00,1.354847550392150879e+00,1.666858911514282227e+00,1.900668025016784668e+00,1.873964071273803711e+00,2.212805509567260742e+00,2.187977552413940430e+00,1.556593656539916992e+00,1.527285814285278320e+00,1.551057100296020508e+00,1.199626803398132324e+00,1.179709672927856445e+00,1.059884428977966309e+00,1.114279627799987793e+00,1.217228055000305176e+00,1.378456115722656250e+00,1.623167514801025391e+00,1.900100827217102051e+00,2.140747547149658203e+00,2.148973941802978516e+00,2.463931798934936523e+00,2.495567560195922852e+00,2.081619977951049805e+00,1.988160967826843262e+00,2.015985727310180664e+00,1.674305081367492676e+00,1.669253110885620117e+00,1.556507587432861328e+00,1.590469717979431152e+00,1.653404116630554199e+00,1.763173103332519531e+00,1.972909212112426758e+00,2.218921899795532227e+00,2.455762386322021484e+00,2.506432294845581055e+00,2.786519050598144531e+00,2.875379085540771484e+00,2.769333124160766602e+00,2.600131750106811523e+00,2.538560867309570312e+00,2.180145740509033203e+00,2.187645196914672852e+00,2.056840181350708008e+00,2.077170133590698242e+00,2.119734525680541992e+00,2.200648307800292969e+00,2.388945102691650391e+00,2.601827383041381836e+00,2.832894802093505859e+00,2.931686401367187500e+00,3.162382364273071289e+00,3.304007768630981445e+00
1.744604349136352539e+00,1.417022705078125000e+00,1.215293407440185547e+00,8.963463902473449707e-01,5.936495661735534668e-01,3.720899224281311035e-01,0.000000000000000000e+00,3.791924417018890381e-01,6.199145317077636719e-01,9.281531572341918945e-01,1.233277559280395508e+00,1.497907876968383789e+00,1.487637281417846680e+00,1.859876871109008789e+00,1.817081332206726074e+00,1.400176644325256348e+00,1.507200479507446289e+00,1.415206313133239746e+00,1.044099688529968262e+00,8.628043532371520996e-01,6.291701197624206543e-01,5.213900804519653320e-01,6.141078472137451172e-01,7.614822387695312500e-01,1.056328058242797852e+00,1.334065914154052734e+00,1.605623602867126465e+00,1.631347656250000000e+00,1.989519357681274414e+00,2.018251180648803711e+00,1.762158513069152832e+00,1.779599905014038086e+00,1.760661959648132324e+00,1.388346552848815918e+00,1.274357199668884277e+00,1.079969167709350586e+00,1.013008356094360352e+00,1.038779735565185547e+00,1.111946940422058105e+00,1.339762687683105469e+00,1.577991962432861328e+00,1.841899156570434570e+00,1.896097302436828613e+00,2.221514940261840820e+00,2.300573587417602539e+00,2.205154180526733398e+00,2.158996105194091797e+00,2.160498857498168945e+00,1.794787406921386719e+00,1.720145940780639648e+00,1.546108961105346680e+00,1.501875758171081543e+00,1.497762560844421387e+00,1.541080594062805176e+00,1.717861533164978027e+00,1.924965500831604004e+00,2.169906616210937500e+00,2.257014989852905273e+00,2.536164045333862305e+00,2.663937807083129883e+00,2.808745861053466797e+00,2.688183546066284180e+00,2.627513885498046875e+00,2.249820470809936523e+00,2.204033374786376953e+00,2.025038003921508789e+00,1.991514325141906738e+00,1.977404952049255371e+00,2.008640050888061523e+00,2.161756515502929688e+00,2.340908527374267578e+00,2.567110776901245117e+00,2.690850496292114258e+00,2.909159183502197266e+00,3.079127311706542969e+00
1.958598971366882324e+00,1.658518791198730469e+00,1.498993873596191406e+00,1.166862368583679199e+00,9.242578148841857910e-01,5.971127748489379883e-01,3.791924417018890381e-01,0.000000000000000000e+00,3.864756822586059570e-01,5.840180516242980957e-01,9.376806020736694336e-01,1.152917027473449707e+00,1.119394302368164062e+00,1.491531014442443848e+00,1.452832460403442383e+00,1.431945681571960449e+00,1.626289248466491699e+00,1.578746438026428223e+00,1.244948863983154297e+00,1.100197792053222656e+00,7.692212462425231934e-01,6.685499548912048340e-01,5.229887962341308594e-01,6.625751852989196777e-01,8.280395269393920898e-01,1.126285910606384277e+00,1.338749885559082031e+00,1.341397523880004883e+00,1.679856896400451660e+00,1.709333419799804688e+00,1.739218115806579590e+00,1.836716175079345703e+00,1.865865468978881836e+00,1.516763091087341309e+00,1.429758310317993164e+00,1.156344771385192871e+00,1.105004906654357910e+00,1.007390737533569336e+00,1.088384866714477539e+00,1.212039947509765625e+00,1.457169651985168457e+00,1.657159566879272461e+00,1.682765841484069824e+00,1.973866343498229980e+00,2.045341014862060547e+00,2.156774282455444336e+00,2.172998666763305664e+00,2.226300716400146484e+00,1.874974727630615234e+00,1.824886202812194824e+00,1.590886235237121582e+00,1.568325042724609375e+00,1.488201618194580078e+00,1.550393104553222656e+00,1.649913430213928223e+00,1.866222620010375977e+00,2.050724029541015625e+00,2.105753421783447266e+00,2.344192028045654297e+00,2.456740617752075195e+00,2.777441501617431641e+00,2.684883832931518555e+00,2.678753852844238281e+00,2.303859710693359375e+00,2.279958963394165039e+00,2.054937839508056641e+00,2.049102544784545898e+00,1.981047630310058594e+00,2.035690546035766602e+00,2.128864049911499023e+00,2.323512315750122070e+00,2.496346950531005859e+00,2.583905220031738281e+00,2.763107299804687500e+00,2.908081054687500000e+00
2.310719013214111328e+00,1.989109992980957031e+00,1.824357748031616211e+00,1.486343979835510254e+00,1.211424231529235840e+00,9.351531863212585449e-01,6.199145317077636719e-01,3.864756822586059570e-01,0.000000000000000000e+00,3.813724815845489502e-01,6.160880327224731445e-01,9.156370162963867188e-01,9.954559803009033203e-01,1.369396686553955078e+00,1.426064133644104004e+00,1.816796422004699707e+00,2.009504318237304688e+00,1.942681074142456055e+00,1.599989175796508789e+00,1.406837582588195801e+00,1.084830045700073242e+00,8.707584142684936523e-01,6.463543772697448730e-01,5.412013530731201172e-01,6.336798667907714844e-01,8.280097842216491699e-01,1.090544223785400391e+00,1.190251231193542480e+00,1.535684347152709961e+00,1.648386836051940918e+00,2.074736595153808594e+00,2.193130970001220703e+00,2.196980237960815430e+00,1.841533780097961426e+00,1.701424002647399902e+00,1.402374744415283203e+00,1.260071873664855957e+00,1.082655072212219238e+00,1.032040715217590332e+00,1.078003048896789551e+00,1.233960986137390137e+00,1.445904731750488281e+00,1.540821433067321777e+00,1.824566006660461426e+00,1.962170004844665527e+00,2.429103136062622070e+00,2.479054450988769531e+00,2.513339996337890625e+00,2.153424501419067383e+00,2.054236650466918945e+00,1.783547401428222656e+00,1.692596673965454102e+00,1.542312860488891602e+00,1.520312070846557617e+00,1.552451252937316895e+00,1.699029445648193359e+00,1.875630617141723633e+00,1.977350234985351562e+00,2.195984125137329102e+00,2.357480525970458984e+00,2.970689296722412109e+00,2.921447038650512695e+00,2.917097568511962891e+00,2.534786224365234375e+00,2.467820167541503906e+00,2.207255363464355469e+00,2.151021718978881836e+00,2.023031949996948242e+00,2.019017934799194336e+00,2.056339979171752930e+00,2.199687004089355469e+00,2.352605581283569336e+00,2.467065334320068359e+00,2.616436004638671875e+00,2.792566776275634766e+00
2.505112648010253906e+00,2.211067914962768555e+00,2.077910423278808594e+00,1.735730886459350586e+00,1.501991987228393555e+00,1.175387263298034668e+00,9.281531572341918945e-01,5.840180516242980957e-01,3.813724815845489502e-01,0.000000000000000000e+00,3.958591520786285400e-01,5.759761929512023926e-01,6.347081065177917480e-01,1.008658289909362793e+00,1.085694313049316406e+00,1.886077761650085449e+00,2.137588977813720703e+00,2.110031366348266602e+00,1.802258014678955078e+00,1.648574948310852051e+00,1.289343357086181641e+00,1.126401782035827637e+00,8.152946829795837402e-01,7.407014966011047363e-01,6.154204607009887695e-01,7.919714450836181641e-01,9.224019646644592285e-01,9.827595353126525879e-01,1.279432535171508789e+00,1.392802238464355469e+00,2.097102880477905273e+00,2.274892330169677734e+00,2.322839736938476562e+00,1.997211694717407227e+00,1.893286347389221191e+00,1.559146881103515625e+00,1.456533908843994141e+00,1.212265014648437500e+00,1.191995501518249512e+00,1.124076604843139648e+00,1.276850461959838867e+00,1.385197639465332031e+00,1.431941986083984375e+00,1.654721856117248535e+00,1.774890899658203125e+00,2.424509763717651367e+00,2.524967432022094727e+00,2.607610464096069336e+00,2.271589756011962891e+00,2.205497980117797852e+00,1.903175234794616699e+00,1.847563624382019043e+00,1.650387048721313477e+00,1.660804986953735352e+00,1.620269298553466797e+00,1.776497483253479004e+00,1.874300718307495117e+00,1.928072571754455566e+00,2.089702367782592773e+00,2.223508119583129883e+00,2.980783224105834961e+00,2.952574968338012695e+00,2.998968124389648438e+00,2.628992557525634766e+00,2.591267585754394531e+00,2.303447484970092773e+00,2.283289909362792969e+00,2.119812488555908203e+00,2.148289680480957031e+00,2.132107257843017578e+00,2.293934822082519531e+00,2.386336088180541992e+00,2.452995061874389648e+00,2.556130409240722656e+00,2.695231914520263672e+00
2.868745565414428711e+00,2.558039665222167969e+00,2.422116041183471680e+00,2.074540138244628906e+00,1.821804761886596680e+00,1.522637248039245605e+00,1.233277559280395508e+00,9.376806020736694336e-01,6.160880327224731445e-01,3.958591520786285400e-01,0.000000000000000000e+00,3.976561427116394043e-01,6.747848987579345703e-01,9.788403511047363281e-01,1.181521892547607422e+00,2.281759500503540039e+00,2.528657674789428711e+00,2.488328456878662109e+00,2.170621156692504883e+00,1.987908124923706055e+00,1.638411402702331543e+00,1.421943545341491699e+00,1.105930566787719727e+00,9.040800333023071289e-01,6.939896345138549805e-01,6.536564230918884277e-01,7.789176106452941895e-01,9.672658443450927734e-01,1.225386738777160645e+00,1.435905456542968750e+00,2.467752218246459961e+00,2.655085802078247070e+00,2.685035467147827148e+00,2.354623794555664062e+00,2.216916799545288086e+00,1.874629735946655273e+00,1.717818498611450195e+00,1.436815977096557617e+00,1.320866823196411133e+00,1.172554850578308105e+00,1.203867435455322266e+00,1.288040280342102051e+00,1.406269311904907227e+00,1.591047525405883789e+00,1.780601978302001953e+00,2.748120784759521484e+00,2.871625423431396484e+00,2.939497232437133789e+00,2.599736928939819336e+00,2.499560832977294922e+00,2.177640914916992188e+00,2.073958158493041992e+00,1.829834580421447754e+00,1.771088838577270508e+00,1.661748170852661133e+00,1.736426472663879395e+00,1.804857730865478516e+00,1.900167584419250488e+00,2.021519184112548828e+00,2.201724529266357422e+00,3.234802484512329102e+00,3.242794275283813477e+00,3.291105508804321289e+00,2.919364690780639648e+00,2.849304199218750000e+00,2.538329124450683594e+00,2.479205846786499023e+00,2.268591880798339844e+00,2.246418237686157227e+00,2.172597169876098633e+00,2.278813123703002930e+00,2.337939739227294922e+00,2.424206256866455078e+00,2.483943223953247070e+00,2.648263931274414062e+00
3.049845695495605469e+00,2.770190715789794922e+00,2.644762516021728516e+00,2.305485963821411133e+00,2.074873447418212891e+00,1.744460344314575195e+00,1.497907876968383789e+00,1.152917027473449707e+00,9.156370162963867188e-01,5.759761929512023926e-01,3.976561427116394043e-01,0.000000000000000000e+00,3.681043684482574463e-01,5.951587557792663574e-01,8.496124744415283203e-01,2.346554994583129883e+00,2.631197452545166016e+00,2.611340284347534180e+00,2.330986261367797852e+00,2.173824548721313477e+00,1.801396012306213379e+00,1.625069141387939453e+00,1.266476869583129883e+00,1.122514367103576660e+00,8.101807832717895508e-01,7.877655625343322754e-01,6.960479021072387695e-01,7.906735539436340332e-01,9.504188895225524902e-01,1.154788136482238770e+00,2.453718423843383789e+00,2.692128419876098633e+00,2.751649141311645508e+00,2.454604387283325195e+00,2.344860076904296875e+00,1.980257153511047363e+00,1.861429572105407715e+00,1.541829347610473633e+00,1.472464680671691895e+00,1.249827146530151367e+00,1.300145983695983887e+00,1.260848879814147949e+00,1.299065232276916504e+00,1.401591539382934570e+00,1.556118726730346680e+00,2.685166597366333008e+00,2.856372594833374023e+00,2.962531566619873047e+00,2.651251316070556641e+00,2.579697847366333008e+00,2.236485719680786133e+00,2.169121265411376953e+00,1.895277380943298340e+00,1.879364728927612305e+00,1.717179894447326660e+00,1.816246271133422852e+00,1.800844907760620117e+00,1.828460216522216797e+00,1.886865496635437012e+00,2.022433996200561523e+00,3.163545608520507812e+00,3.194672584533691406e+00,3.290028810501098633e+00,2.936473846435546875e+00,2.893961429595947266e+00,2.563944816589355469e+00,2.542769908905029297e+00,2.308140754699707031e+00,2.326360940933227539e+00,2.210886716842651367e+00,2.345540523529052734e+00,2.344701766967773438e+00,2.370937347412109375e+00,2.386808633804321289e+00,2.500875711441040039e+00
2.927073717117309570e+00,2.682276248931884766e+00,2.556709289550781250e+00,2.238043785095214844e+00,2.029396057128906250e+00,1.680604577064514160e+00,1.487637281417846680e+00,1.119394302368164062e+00,9.954559803009033203e-01,6.347081065177917480e-01,6.747848987579345703e-01,3.681043684482574463e-01,0.000000000000000000e+00,3.780218064785003662e-01,5.068439245223999023e-01,2.128240585327148438e+00,2.432054758071899414e+00,2.423732519149780273e+00,2.182165145874023438e+00,2.054082632064819336e+00,1.672129034996032715e+00,1.551414132118225098e+00,1.181013464927673340e+00,1.137643694877624512e+00,8.204128742218017578e-01,9.322425723075866699e-01,7.655912637710571289e-01,6.737505197525024414e-01,8.051832318305969238e-01,8.987880349159240723e-01,2.167496204376220703e+00,2.436394929885864258e+00,2.519181489944458008e+00,2.253238677978515625e+00,2.178026676177978516e+00,1.808039307594299316e+00,1.744773149490356445e+00,1.424665451049804688e+00,1.440543055534362793e+00,1.224806904792785645e+00,1.366018056869506836e+00,1.282679557800292969e+00,1.215022325515747070e+00,1.302860617637634277e+00,1.370555996894836426e+00,2.378710746765136719e+00,2.570755004882812500e+00,2.707181215286254883e+00,2.420664787292480469e+00,2.385676145553588867e+00,2.041948318481445312e+00,2.026854515075683594e+00,1.763868570327758789e+00,1.818728208541870117e+00,1.670687437057495117e+00,1.839951276779174805e+00,1.800666332244873047e+00,1.756816744804382324e+00,1.813884973526000977e+00,1.883472442626953125e+00,2.884678840637207031e+00,2.910504817962646484e+00,3.034586191177368164e+00,2.696394443511962891e+00,2.689913272857666016e+00,2.363004207611083984e+00,2.390496969223022461e+00,2.171555280685424805e+00,2.248426675796508789e+00,2.147518873214721680e+00,2.337666034698486328e+00,2.327701807022094727e+00,2.304713726043701172e+00,2.332098007202148438e+00,2.397424221038818359e+00
3.246757030487060547e+00,3.021042346954345703e+00,2.901637554168701172e+00,2.591288566589355469e+00,2.392046928405761719e+00,2.040318012237548828e+00,1.859876871109008789e+00,1.491531014442443848e+00,1.369396686553955078e+00,1.008658289909362793e+00,9.788403511047363281e-01,5.951587557792663574e-01,3.780218064785003662e-01,0.000000000000000000e+00,3.682966232299804688e-01,2.390859842300415039e+00,2.711347818374633789e+00,2.712416410446166992e+00,2.499224662780761719e+00,2.381001472473144531e+00,1.999133825302124023e+00,1.889664769172668457e+00,1.513668298721313477e+00,1.467477560043334961e+00,1.116393327713012695e+00,1.167732000350952148e+00,8.872653245925903320e-01,7.436538934707641602e-01,6.782941222190856934e-01,7.635167837142944336e-01,2.354647159576416016e+00,2.659785032272338867e+00,2.756424903869628906e+00,2.521516799926757812e+00,2.457127809524536133e+00,2.081927537918090820e+00,2.029973983764648438e+00,1.690673947334289551e+00,1.707374572753906250e+00,1.437560200691223145e+00,1.544854760169982910e+00,1.365936636924743652e+00,1.248477816581726074e+00,1.222057580947875977e+00,1.258041143417358398e+00,2.496911048889160156e+00,2.733647346496582031e+00,2.893000364303588867e+00,2.636208772659301758e+00,2.612952232360839844e+00,2.257881164550781250e+00,2.255458354949951172e+00,1.967091917991638184e+00,2.029903650283813477e+00,1.829079627990722656e+00,1.983616471290588379e+00,1.868454575538635254e+00,1.776727676391601562e+00,1.754551768302917480e+00,1.785214781761169434e+00,2.954815864562988281e+00,3.014363765716552734e+00,3.177823543548583984e+00,2.862474679946899414e+00,2.867958307266235352e+00,2.526819229125976562e+00,2.571742534637451172e+00,2.325497627258300781e+00,2.416322469711303711e+00,2.267239093780517578e+00,2.456956148147583008e+00,2.386257886886596680e+00,2.315256118774414062e+00,2.286343574523925781e+00,2.305993556976318359e+00
3.059946537017822266e+00,2.869010448455810547e+00,2.753946304321289062e+00,2.468324422836303711e+00,2.296712398529052734e+00,1.941343784332275391e+00,1.817081332206726074e+00,1.452832460403442383e+00,1.426064133644104004e+00,1.085694313049316406e+00,1.181521892547607422e+00,8.496124744415283203e-01,5.068439245223999023e-01,3.682966232299804688e-01,0.000000000000000000e+00,2.138983011245727539e+00,2.469675064086914062e+00,2.485039234161376953e+00,2.312042713165283203e+00,2.228696107864379883e+00,1.853736877441406250e+00,1.804462909698486328e+00,1.446614861488342285e+00,1.492145538330078125e+00,1.182845473289489746e+00,1.337711572647094727e+00,1.078843116760253906e+00,8.258189558982849121e-01,7.766727805137634277e-01,6.758410930633544922e-01,2.049231290817260742e+00,2.374554634094238281e+00,2.496143341064453125e+00,2.294636249542236328e+00,2.270483970642089844e+00,1.906362414360046387e+00,1.914789676666259766e+00,1.601487994194030762e+00,1.699546813964843750e+00,1.472324013710021973e+00,1.660556435585021973e+00,1.489491105079650879e+00,1.296712160110473633e+00,1.288141369819641113e+00,1.221767187118530273e+00,2.185583114624023438e+00,2.431618928909301758e+00,2.621166229248046875e+00,2.391151428222656250e+00,2.409733772277832031e+00,2.069421529769897461e+00,2.123125076293945312e+00,1.867320537567138672e+00,1.998118400573730469e+00,1.838020563125610352e+00,2.057117938995361328e+00,1.950655937194824219e+00,1.807213544845581055e+00,1.809125542640686035e+00,1.774785280227661133e+00,2.691042184829711914e+00,2.731578588485717773e+00,2.917060375213623047e+00,2.618565320968627930e+00,2.664405107498168945e+00,2.339849472045898438e+00,2.434520244598388672e+00,2.222154617309570312e+00,2.368443965911865234e+00,2.255254030227661133e+00,2.495213031768798828e+00,2.438475608825683594e+00,2.335021018981933594e+00,2.337323904037475586e+00,2.317589044570922852e+00
1.069364070892333984e+00,1.082955837249755859e+00,1.060691595077514648e+00,1.027255773544311523e+00,1.182805418968200684e+00,1.074589848518371582e+00,1.400176644325256348e+00,1.431945681571960449e+00,1.816796422004699707e+00,1.886077761650085449e+00,2.281759500503540039e+00,2.346554994583129883e+00,2.128240585327148438e+00,2.390859842300415039e+00,2.138983011245727539e+00,0.000000000000000000e+00,3.919208645820617676e-01,6.688477993011474609e-01,7.333841323852539062e-01,1.050612449645996094e+00,1.039600968360900879e+00,1.401366353034973145e+00,1.521758317947387695e+00,1.889718890190124512e+00,2.055545806884765625e+00,2.431661367416381836e+00,2.528435945510864258e+00,2.349558115005493164e+00,2.594876527786254883e+00,2.415227890014648438e+00,8.529477715492248535e-01,7.745091319084167480e-01,1.049973845481872559e+00,9.494663476943969727e-01,1.250943541526794434e+00,1.266859173774719238e+00,1.579190611839294434e+00,1.727018594741821289e+00,2.051915407180786133e+00,2.257416486740112305e+00,2.617140054702758789e+00,2.749240636825561523e+00,2.614246368408203125e+00,2.863257884979248047e+00,2.749298810958862305e+00,1.537678360939025879e+00,1.373588204383850098e+00,1.560839295387268066e+00,1.386736035346984863e+00,1.624982118606567383e+00,1.633107900619506836e+00,1.883836507797241211e+00,2.032509565353393555e+00,2.306116819381713867e+00,2.523256778717041016e+00,2.864681005477905273e+00,3.025555610656738281e+00,2.947704553604125977e+00,3.193716049194335938e+00,3.152380704879760742e+00,2.426838159561157227e+00,2.155742406845092773e+00,2.167730093002319336e+00,1.914832592010498047e+00,2.107859849929809570e+00,2.076791763305664062e+00,2.274084806442260742e+00,2.408561468124389648e+00,2.637267827987670898e+00,2.852472066879272461e+00,3.161952257156372070e+00,3.351266384124755859e+00,3.343113422393798828e+00,3.575545787811279297e+00,3.608430862426757812e+00
8.366223573684692383e-01,9.160419702529907227e-01,8.519189357757568359e-01,9.589864611625671387e-01,1.148773193359375000e+00,1.166581392288208008e+00,1.507200479507446289e+00,1.626289248466491699e+00,2.009504318237304688e+00,2.137588977813720703e+00,2.528657674789428711e+00,2.631197452545166016e+00,2.432054758071899414e+00,2.711347818374633789e+00,2.469675064086914062e+00,3.919208645820617676e-01,0.000000000000000000e+00,3.904149532318115234e-01,5.918706059455871582e-01,9.609904885292053223e-01,1.092363953590393066e+00,1.461254000663757324e+00,1.666113257408142090e+00,2.030214786529541016e+00,2.249795198440551758e+00,2.623368263244628906e+00,2.755368232727050781e+00,2.592422485351562500e+00,2.860160350799560547e+00,2.687762975692749023e+00,9.372878670692443848e-01,6.864041090011596680e-01,8.854220509529113770e-01,8.207733035087585449e-01,1.145985364913940430e+00,1.278910875320434570e+00,1.595080018043518066e+00,1.820138454437255859e+00,2.140952348709106445e+00,2.397660017013549805e+00,2.755387544631958008e+00,2.922529458999633789e+00,2.804104566574096680e+00,3.079342603683471680e+00,2.973175525665283203e+00,1.586348652839660645e+00,1.333495855331420898e+00,1.447276115417480469e+00,1.289049148559570312e+00,1.526591181755065918e+00,1.621196389198303223e+00,1.868498682975769043e+00,2.082510471343994141e+00,2.349840879440307617e+00,2.615466833114624023e+00,2.953223943710327148e+00,3.149143934249877930e+00,3.088624477386474609e+00,3.364512681961059570e+00,3.332738161087036133e+00,2.421103239059448242e+00,2.116611480712890625e+00,2.064397573471069336e+00,1.829239964485168457e+00,2.014900684356689453e+00,2.048564434051513672e+00,2.233949184417724609e+00,2.423650741577148438e+00,2.643390893936157227e+00,2.904006242752075195e+00,3.205969572067260742e+00,3.430281162261962891e+00,3.442972660064697266e+00,3.706566572189331055e+00,3.755220890045166016e+00
1.020690441131591797e+00,1.030958533287048340e+00,8.128841519355773926e-01,9.583311080932617188e-01,1.044173359870910645e+00,1.122183203697204590e+00,1.415206313133239746e+00,1.578746438026428223e+00,1.942681074142456055e+00,2.110031366348266602e+00,2.488328456878662109e+00,2.611340284347534180e+00,2.423732519149780273e+00,2.712416410446166992e+00,2.485039234161376953e+00,6.688477993011474609e-01,3.904149532318115234e-01,0.000000000000000000e+00,3.848608136177062988e-01,6.899873614311218262e-01,9.080287814140319824e-01,1.258163452148437500e+00,1.513034582138061523e+00,1.869038701057434082e+00,2.120886087417602539e+00,2.489596843719482422e+00,2.640228986740112305e+00,2.486867904663085938e+00,2.772997379302978516e+00,2.612237215042114258e+00,8.965896964073181152e-01,6.050276160240173340e-01,6.178241968154907227e-01,4.883524477481842041e-01,7.948080301284790039e-01,1.001914143562316895e+00,1.312493801116943359e+00,1.588977575302124023e+00,1.906665682792663574e+00,2.196341753005981445e+00,2.551717281341552734e+00,2.739012002944946289e+00,2.632218599319458008e+00,2.929764747619628906e+00,2.835942029953002930e+00,1.451312184333801270e+00,1.176365852355957031e+00,1.192600250244140625e+00,9.873120784759521484e-01,1.182169198989868164e+00,1.316136240959167480e+00,1.548146724700927734e+00,1.802240014076232910e+00,2.063701391220092773e+00,2.360613107681274414e+00,2.695329666137695312e+00,2.912522792816162109e+00,2.864910602569580078e+00,3.165242671966552734e+00,3.146789312362670898e+00,2.192901134490966797e+00,1.898856282234191895e+00,1.794070720672607422e+00,1.535243153572082520e+00,1.681726813316345215e+00,1.735706806182861328e+00,1.897801995277404785e+00,2.114814996719360352e+00,2.324337005615234375e+00,2.611860752105712891e+00,2.907585859298706055e+00,3.153222799301147461e+00,3.181779146194458008e+00,3.468618631362915039e+00,3.534424781799316406e+00
1.042412161827087402e+00,9.061332345008850098e-01,6.231072545051574707e-01,6.553980708122253418e-01,6.686624884605407715e-01,7.576023340225219727e-01,1.044099688529968262e+00,1.244948863983154297e+00,1.599989175796508789e+00,1.802258014678955078e+00,2.170621156692504883e+00,2.330986261367797852e+00,2.182165145874023438e+00,2.499224662780761719e+00,2.312042713165283203e+00,7.333841323852539062e-01,5.918706059455871582e-01,3.848608136177062988e-01,0.000000000000000000e+00,3.786037564277648926e-01,5.980519056320190430e-01,9.356003999710083008e-01,1.215787291526794434e+00,1.552230000495910645e+00,1.830778837203979492e+00,2.186183691024780273e+00,2.372481584548950195e+00,2.260432481765747070e+00,2.573785543441772461e+00,2.457988500595092773e+00,1.088251948356628418e+00,9.038103222846984863e-01,8.813394904136657715e-01,5.830949544906616211e-01,7.288677692413330078e-01,8.525395393371582031e-01,1.095526933670043945e+00,1.361026644706726074e+00,1.640704393386840820e+00,1.941482305526733398e+00,2.277755498886108398e+00,2.495007514953613281e+00,2.429297208786010742e+00,2.745200634002685547e+00,2.695989847183227539e+00,1.633540630340576172e+00,1.422802805900573730e+00,1.416641592979431152e+00,1.126936316490173340e+00,1.219115495681762695e+00,1.272371411323547363e+00,1.430127978324890137e+00,1.645572900772094727e+00,1.859549045562744141e+00,2.150914907455444336e+00,2.460719823837280273e+00,2.698816776275634766e+00,2.689938068389892578e+00,2.996911048889160156e+00,3.019707202911376953e+00,2.342117309570312500e+00,2.094927072525024414e+00,1.988034844398498535e+00,1.676770210266113281e+00,1.753412365913391113e+00,1.744158387184143066e+00,1.844628572463989258e+00,2.015852689743041992e+00,2.178251028060913086e+00,2.450630903244018555e+00,2.719129562377929688e+00,2.974202632904052734e+00,3.035145521163940430e+00,3.315140962600708008e+00,3.414479494094848633e+00
1.363806605339050293e+00,1.162745118141174316e+00,8.198522925376892090e-01,7.816482782363891602e-01,5.942671895027160645e-01,7.007754445075988770e-01,8.628043532371520996e-01,1.100197792053222656e+00,1.406837582588195801e+00,1.648574948310852051e+00,1.987908124923706055e+00,2.173824548721313477e+00,2.054082632064819336e+00,2.381001472473144531e+00,2.228696107864379883e+00,1.050612449645996094e+00,9.609904885292053223e-01,6.899873614311218262e-01,3.786037564277648926e-01,0.000000000000000000e+00,3.823881447315216064e-01,6.290470957756042480e-01,9.649850726127624512e-01,1.268856644630432129e+00,1.581270098686218262e+00,1.918790221214294434e+00,2.131808042526245117e+00,2.048865795135498047e+00,2.383530855178833008e+00,2.301989793777465820e+00,1.237058401107788086e+00,1.116482496261596680e+00,9.902116656303405762e-01,6.165478229522705078e-01,5.355134010314941406e-01,6.135043501853942871e-01,7.656049728393554688e-01,1.062285304069519043e+00,1.309286236763000488e+00,1.639222741127014160e+00,1.960233807563781738e+00,2.204615116119384766e+00,2.169452190399169922e+00,2.507531642913818359e+00,2.492064952850341797e+00,1.668267607688903809e+00,1.503582835197448730e+00,1.430907130241394043e+00,1.080709576606750488e+00,1.051559567451477051e+00,1.055997490882873535e+00,1.133402347564697266e+00,1.342987775802612305e+00,1.518244981765747070e+00,1.825905323028564453e+00,2.118264198303222656e+00,2.379883766174316406e+00,2.400608062744140625e+00,2.725831985473632812e+00,2.780285358428955078e+00,2.264334678649902344e+00,2.066314458847045898e+00,1.935940742492675781e+00,1.586742520332336426e+00,1.583996891975402832e+00,1.535862207412719727e+00,1.572987914085388184e+00,1.723500490188598633e+00,1.846835494041442871e+00,2.123711585998535156e+00,2.371876239776611328e+00,2.643334627151489258e+00,2.731454610824584961e+00,3.021276950836181641e+00,3.149662017822265625e+00
1.570410370826721191e+00,1.344235301017761230e+00,1.063685536384582520e+00,8.952741622924804688e-01,6.554318666458129883e-01,5.449001789093017578e-01,6.291701197624206543e-01,7.692212462425231934e-01,1.084830045700073242e+00,1.289343357086181641e+00,1.638411402702331543e+00,1.801396012306213379e+00,1.672129034996032715e+00,1.999133825302124023e+00,1.853736877441406250e+00,1.039600968360900879e+00,1.092363953590393066e+00,9.080287814140319824e-01,5.980519056320190430e-01,3.823881447315216064e-01,0.000000000000000000e+00,3.726163804531097412e-01,6.200417876243591309e-01,9.631101489067077637e-01,1.238104462623596191e+00,1.593527197837829590e+00,1.783211112022399902e+00,1.691423535346984863e+00,2.024328947067260742e+00,1.950724840164184570e+00,1.200598955154418945e+00,1.201863408088684082e+00,1.144068598747253418e+00,7.717230916023254395e-01,6.821956038475036621e-01,5.153010487556457520e-01,6.354770660400390625e-01,8.103522062301635742e-01,1.073425650596618652e+00,1.354732155799865723e+00,1.689037680625915527e+00,1.905796408653259277e+00,1.860964179039001465e+00,2.187675237655639648e+00,2.178199529647827148e+00,1.620933294296264648e+00,1.543497443199157715e+00,1.532558679580688477e+00,1.170991301536560059e+00,1.139322161674499512e+00,1.012668848037719727e+00,1.077948093414306641e+00,1.183708906173706055e+00,1.362629771232604980e+00,1.611799240112304688e+00,1.912257432937622070e+00,2.140354871749877930e+00,2.149527788162231445e+00,2.451890468597412109e+00,2.508202075958251953e+00,2.241275310516357422e+00,2.086523056030273438e+00,2.018392801284790039e+00,1.650169253349304199e+00,1.648846149444580078e+00,1.514287471771240234e+00,1.556263446807861328e+00,1.625814676284790039e+00,1.753889918327331543e+00,1.972004175186157227e+00,2.228359460830688477e+00,2.461717128753662109e+00,2.532583236694335938e+00,2.791748523712158203e+00,2.912694454193115234e+00
