,A1,A2,A3,A4,A5,A6,A7,A8,A9,A10,A11,A12,A13,A14,A15,B1,B2,B3,B4,B5,B6,B7,B8,B9,B10,B11,B12,B13,B14,B15,C1,C2,C3,C4,C5,C6,C7,C8,C9,C10,C11,C12,C13,C14,C15,D1,D2,D3,D4,D5,D6,D7,D8,D9,D10,D11,D12,D13,D14,D15,E1,E2,E3,E4,E5,E6,E7,E8,E9,E10,E11,E12,E13,E14,E15
A1,0.0,0.3681175708770752,0.6842762231826782,0.8836886882781982,1.2588502168655396,1.386124849319458,1.754071831703186,1.9651175737380981,2.3100757598876953,2.5750620365142822,2.563380718231201,2.737518310546875,2.447589635848999,2.6529126167297363,2.3980906009674072,0.7289764881134033,0.6136159896850586,0.9590045809745789,1.0038992166519165,1.3681875467300415,1.5352039337158203,1.8643231391906738,2.088470458984375,2.4104654788970947,2.604208469390869,3.0025970935821533,3.0221521854400635,2.782958745956421,2.9611616134643555,2.773020029067993,1.36857008934021,1.20780611038208,1.47743558883667,1.3949804306030273,1.6849478483200073,1.8302077054977417,2.112736701965332,2.336620807647705,2.6259703636169434,2.8342299461364746,3.215449333190918,3.297692060470581,3.131412982940674,3.3214356899261475,3.2069334983825684,2.033461809158325,1.8046742677688599,1.9927762746810913,1.8539502620697021,2.08495831489563,2.1940667629241943,2.4279000759124756,2.6410539150238037,2.8895535469055176,3.1101813316345215,3.4487946033477783,3.600019693374634,3.522909164428711,3.717442512512207,3.668928861618042,2.7945303916931152,2.462923288345337,2.4842071533203125,2.3274879455566406,2.547252893447876,2.6180903911590576,2.8049674034118652,3.0091593265533447,3.187023639678955,3.4478933811187744,3.5765349864959717,3.8734958171844482,4.130339622497559,4.332395553588867,4.615798473358154
A2,0.3681175708770752,0.0,0.36995089054107666,0.5326827764511108,0.900084376335144,1.0258218050003052,1.393782377243042,1.6152160167694092,1.958565354347229,2.2338366508483887,2.2480251789093018,2.4249613285064697,2.1430509090423584,2.373392105102539,2.1377358436584473,0.6402637362480164,0.5159592628479004,0.7517632842063904,0.6817026138305664,1.0277180671691895,1.1800258159637451,1.4993970394134521,1.7285503149032593,2.0456342697143555,2.2501957416534424,2.6477866172790527,2.6821787357330322,2.4555766582489014,2.657282590866089,2.491839647293091,1.2570421695709229,1.1083985567092896,1.3096892833709717,1.1435205936431885,1.3916609287261963,1.5074803829193115,1.7689884901046753,1.9872615337371826,2.2659740447998047,2.478534698486328,2.8561811447143555,2.95115065574646,2.800267219543457,3.007162570953369,2.915938377380371,1.9051856994628906,1.6924775838851929,1.8366410732269287,1.6376144886016846,1.8269675970077515,1.9011696577072144,2.110408306121826,2.3093490600585938,2.54325795173645,2.762120008468628,3.093409299850464,3.2539620399475098,3.1930127143859863,3.3978617191314697,3.3712761402130127,2.6462557315826416,2.3330984115600586,2.331836462020874,2.12860107421875,2.3127822875976562,2.348508596420288,2.5128602981567383,2.6955971717834473,2.858262300491333,3.108419895172119,3.2272603511810303,3.520477056503296,3.7853779792785645,3.980278491973877,4.270121097564697
A3,0.6842762231826782,0.36995089054107666,0.0,0.3855651319026947,0.6646540760993958,0.8835627436637878,1.219815969467163,1.4908937215805054,1.8151812553405762,2.121583938598633,2.197242498397827,2.371016025543213,2.10115909576416,2.3590641021728516,2.1401331424713135,0.8131698369979858,0.5751524567604065,0.5902137160301208,0.4156554341316223,0.7131277322769165,0.9454350471496582,1.244467854499817,1.5291283130645752,1.835204005241394,2.084914445877075,2.47772216796875,2.5427184104919434,2.330230951309204,2.5685508251190186,2.4209861755371094,1.262665033340454,1.055047869682312,1.1425310373306274,0.910320520401001,1.096695899963379,1.2492320537567139,1.4843168258666992,1.744505763053894,2.0102665424346924,2.261927604675293,2.6354379653930664,2.760181188583374,2.625267744064331,2.8668930530548096,2.7939114570617676,1.8396977186203003,1.5992709398269653,1.6638965606689453,1.4205876588821411,1.555324673652649,1.6433508396148682,1.8202924728393555,2.0461039543151855,2.2629995346069336,2.512869119644165,2.838205575942993,3.0270984172821045,2.98266339302063,3.218667507171631,3.2097978591918945,2.5194344520568848,2.205850124359131,2.147977113723755,1.9176486730575562,2.0573368072509766,2.0947465896606445,2.2237274646759033,2.4177329540252686,2.5571868419647217,2.8243706226348877,2.9265353679656982,3.2368669509887695,3.51039719581604,3.7183244228363037,4.016866683959961
A4,0.8836886882781982,0.5326827764511108,0.3855651319026947,0.0,0.3825598359107971,0.5847801566123962,0.9074965715408325,1.1916441917419434,1.497423768043518,1.813239574432373,1.8864132165908813,2.0973145961761475,1.8613249063491821,2.1523022651672363,1.9826433658599854,0.9847338199615479,0.8801879286766052,0.8816648721694946,0.562926709651947,0.7202244400978088,0.8421751856803894,1.073709487915039,1.329176902770996,1.6002529859542847,1.8440781831741333,2.22939395904541,2.3207366466522217,2.146388292312622,2.4039461612701416,2.3051917552948,1.4700993299484253,1.3409415483474731,1.40436851978302,1.103571891784668,1.2057127952575684,1.2588231563568115,1.4261045455932617,1.6339447498321533,1.8571439981460571,2.088489055633545,2.4438459873199463,2.5865769386291504,2.4899375438690186,2.7362754344940186,2.7076542377471924,2.039353609085083,1.8525629043579102,1.906849980354309,1.616422414779663,1.697023868560791,1.7058234214782715,1.8318008184432983,2.0003676414489746,2.1765079498291016,2.39742374420166,2.696431875228882,2.892878770828247,2.883855104446411,3.1136090755462646,3.143500328063965,2.712015151977539,2.4328505992889404,2.381514310836792,2.1106479167938232,2.2114951610565186,2.1857540607452393,2.2818098068237305,2.4193878173828125,2.527221202850342,2.754574775695801,2.8296616077423096,3.118924140930176,3.4135990142822266,3.588179588317871,3.899984359741211
A5,1.2588502168655396,0.900084376335144,0.6646540760993958,0.3825598359107971,0.0,0.381612092256546,0.5942868590354919,0.9344022274017334,1.200513243675232,1.5449799299240112,1.6822048425674438,1.8953999280929565,1.693098783493042,2.016667604446411,1.8920584917068481,1.2481496334075928,1.1496039628982544,1.0254006385803223,0.635137140750885,0.55658358335495,0.6248921155929565,0.7462645173072815,1.0317797660827637,1.2644087076187134,1.546370267868042,1.9185048341751099,2.0491294860839844,1.9102569818496704,2.2071967124938965,2.1527960300445557,1.6025644540786743,1.4895602464675903,1.4562627077102661,1.0928714275360107,1.0681697130203247,1.0635862350463867,1.1422399282455444,1.341781497001648,1.521645426750183,1.7724660634994507,2.111534595489502,2.2873432636260986,2.226137399673462,2.502544641494751,2.5145320892333984,2.083991289138794,1.9202361106872559,1.9084908962249756,1.5686440467834473,1.564043402671814,1.5219922065734863,1.5799658298492432,1.724234700202942,1.8574786186218262,2.0823428630828857,2.359865188598633,2.5808591842651367,2.6044657230377197,2.8544952869415283,2.9201807975769043,2.683954954147339,2.435525417327881,2.3500630855560303,2.0396435260772705,2.0769500732421875,2.0068306922912598,2.0515267848968506,2.1550090312957764,2.2246615886688232,2.436537981033325,2.4852945804595947,2.7726612091064453,3.0824837684631348,3.2484254837036133,3.57159686088562
A6,1.386124849319458,1.0258218050003052,0.8835627436637878,0.5847801566123962,0.381612092256546,0.0,0.3851819932460785,0.6118570566177368,0.941354513168335,1.2403795719146729,1.3361084461212158,1.5359634160995483,1.3210129737854004,1.6428219079971313,1.5296798944473267,1.2159241437911987,1.2365648746490479,1.1290782690048218,0.7576821446418762,0.6894577145576477,0.5265602469444275,0.6424948573112488,0.7939351201057434,1.0541694164276123,1.2674216032028198,1.6526684761047363,1.7449254989624023,1.5952287912368774,1.8741353750228882,1.8290616273880005,1.5382840633392334,1.523413896560669,1.5108356475830078,1.1515053510665894,1.1353256702423096,1.0099198818206787,1.0900733470916748,1.1862128973007202,1.3781465291976929,1.559355616569519,1.9048902988433838,2.040208578109741,1.968666434288025,2.215975761413574,2.2325828075408936,2.002499580383301,1.91098153591156,1.9329339265823364,1.590813159942627,1.5975526571273804,1.4770349264144897,1.547734022140503,1.615331768989563,1.76035737991333,1.923143982887268,2.2048258781433105,2.38323974609375,2.395235776901245,2.6103622913360596,2.6759824752807617,2.6106178760528564,2.4021005630493164,2.364748954772949,2.040924072265625,2.0880563259124756,1.9640302658081055,2.0330023765563965,2.082852840423584,2.1760339736938477,2.3409180641174316,2.4163572788238525,2.665205240249634,2.9597513675689697,3.099888324737549,3.4100780487060547
A7,1.754071831703186,1.393782377243042,1.219815969467163,0.9074965715408325,0.5942868590354919,0.3851819932460785,0.0,0.3877965807914734,0.6065190434455872,0.9576241374015808,1.1366946697235107,1.3643643856048584,1.2291042804718018,1.5920891761779785,1.5640528202056885,1.5939229726791382,1.6066302061080933,1.4560221433639526,1.0751068592071533,0.8833049535751343,0.6731792092323303,0.5405343174934387,0.6278793811798096,0.7635224461555481,1.0118306875228882,1.3657984733581543,1.5256513357162476,1.4518711566925049,1.7759654521942139,1.8084378242492676,1.8546228408813477,1.8474328517913818,1.7776024341583252,1.396806240081787,1.2791743278503418,1.0943431854248047,1.036806583404541,1.0667710304260254,1.156840205192566,1.332763433456421,1.635594129562378,1.8187309503555298,1.8139100074768066,2.0887389183044434,2.171074867248535,2.2452971935272217,2.1762540340423584,2.1486849784851074,1.7805262804031372,1.7083953619003296,1.5329599380493164,1.5120866298675537,1.5199756622314453,1.5862085819244385,1.727108120918274,1.9602631330490112,2.1666970252990723,2.234015941619873,2.4621615409851074,2.58257794380188,2.7791388034820557,2.6045753955841064,2.5406687259674072,2.1906702518463135,2.173942804336548,2.000936269760132,2.006112813949585,1.9978625774383545,2.0328023433685303,2.1558055877685547,2.185832977294922,2.4160726070404053,2.7342782020568848,2.84580659866333,3.1724133491516113
A8,1.9651175737380981,1.6152160167694092,1.4908937215805054,1.1916441917419434,0.9344022274017334,0.6118570566177368,0.3877965807914734,0.0,0.3871830701828003,0.6308910846710205,0.7737966775894165,0.9786070585250854,0.8505488038063049,1.2226238250732422,1.2407565116882324,1.6929479837417603,1.784554123878479,1.6445343494415283,1.2996374368667603,1.1321210861206055,0.8189662098884583,0.6793543696403503,0.5162190198898315,0.6234381198883057,0.7274020314216614,1.088570237159729,1.2000086307525635,1.130088448524475,1.437213659286499,1.50275456905365,1.8941787481307983,1.966196894645691,1.9078564643859863,1.5506020784378052,1.4426968097686768,1.1738970279693604,1.1100757122039795,1.0050981044769287,1.0831149816513062,1.1451613903045654,1.4382075071334839,1.5671722888946533,1.5597573518753052,1.7972930669784546,1.8969839811325073,2.236732244491577,2.237269878387451,2.2331905364990234,1.8766602277755737,1.8118524551391602,1.5711665153503418,1.5559959411621094,1.4740442037582397,1.5415467023849487,1.5963480472564697,1.8215967416763306,1.9716401100158691,2.0293397903442383,2.2131893634796143,2.339566707611084,2.7494266033172607,2.6214077472686768,2.5999512672424316,2.2463176250457764,2.233673095703125,2.0116474628448486,2.035801410675049,1.9672574996948242,2.022681713104248,2.0856757164001465,2.143876791000366,2.321974277496338,2.6162362098693848,2.695087194442749,3.0029356479644775
A9,2.3100757598876953,1.958565354347229,1.8151812553405762,1.497423768043518,1.200513243675232,0.941354513168335,0.6065190434455872,0.3871830701828003,0.0,0.38999488949775696,0.6780389547348022,0.9218637943267822,0.9441577196121216,1.3233025074005127,1.4417511224746704,2.076658010482788,2.151970148086548,1.9952765703201294,1.636932611465454,1.4193429946899414,1.1293810606002808,0.8793514370918274,0.6839103698730469,0.5436890125274658,0.6209090352058411,0.8776994943618774,1.0918731689453125,1.1492462158203125,1.4836333990097046,1.6400412321090698,2.2656280994415283,2.329545021057129,2.2402849197387695,1.872349739074707,1.7090022563934326,1.4302020072937012,1.270206332206726,1.113176703453064,1.0533678531646729,1.076300859451294,1.2763117551803589,1.461052656173706,1.5475660562515259,1.8002650737762451,1.9754129648208618,2.567267417907715,2.5750951766967773,2.536832332611084,2.1684329509735107,2.0503129959106445,1.7848976850509644,1.6929776668548584,1.5589643716812134,1.5328726768493652,1.5475627183914185,1.6938388347625732,1.8687727451324463,1.99563467502594,2.1829607486724854,2.3710973262786865,3.020740509033203,2.9169538021087646,2.8728063106536865,2.5065157413482666,2.4443342685699463,2.1917386054992676,2.1568081378936768,2.03476619720459,2.025242328643799,2.0338172912597656,2.034486770629883,2.17797589302063,2.4947054386138916,2.5304157733917236,2.8535797595977783
A10,2.5750620365142822,2.2338366508483887,2.121583938598633,1.813239574432373,1.5449799299240112,1.2403795719146729,0.9576241374015808,0.6308910846710205,0.38999488949775696,0.0,0.383709192276001,0.5787239670753479,0.7198898792266846,1.0675252676010132,1.2750660181045532,2.2705607414245605,2.397115707397461,2.2498037815093994,1.9185993671417236,1.7203744649887085,1.3892269134521484,1.1625359058380127,0.862662136554718,0.6911169290542603,0.5181654691696167,0.6669102311134338,0.824995756149292,0.9454648494720459,1.2374955415725708,1.4574811458587646,2.4111826419830322,2.5312626361846924,2.451214075088501,2.1073880195617676,1.9550693035125732,1.6342791318893433,1.4791244268417358,1.2326269149780273,1.1507213115692139,1.0347654819488525,1.1722371578216553,1.2852963209152222,1.3910785913467407,1.586411476135254,1.7957037687301636,2.6635496616363525,2.7275471687316895,2.7065927982330322,2.355170249938965,2.243959903717041,1.9382075071334839,1.8508930206298828,1.6446504592895508,1.6105445623397827,1.5290193557739258,1.6415960788726807,1.7455331087112427,1.870615005493164,1.999258041381836,2.202425003051758,3.082977294921875,3.0235679149627686,3.0140483379364014,2.6517014503479004,2.5913376808166504,2.3033576011657715,2.2812883853912354,2.105442523956299,2.108790397644043,2.051487684249878,2.0737125873565674,2.151125907897949,2.434929370880127,2.4259159564971924,2.723452091217041
A11,2.563380718231201,2.2480251789093018,2.197242498397827,1.8864132165908813,1.6822048425674438,1.3361084461212158,1.1366946697235107,0.7737966775894165,0.6780389547348022,0.383709192276001,0.0,0.3699217438697815,0.5441626310348511,0.8523903489112854,1.0943248271942139,2.2342536449432373,2.418808937072754,2.324362277984619,2.016371726989746,1.8849493265151978,1.5400863885879517,1.3956109285354614,1.0878655910491943,1.017225742340088,0.7899689078330994,0.9288933277130127,0.9470582008361816,1.0108979940414429,1.2015925645828247,1.402610182762146,2.40632963180542,2.571467638015747,2.5453758239746094,2.226952314376831,2.1348140239715576,1.8124663829803467,1.7255327701568604,1.4771833419799805,1.4607172012329102,1.3068405389785767,1.4548619985580444,1.4821045398712158,1.5352140665054321,1.650820255279541,1.8251838684082031,2.688242197036743,2.7824952602386475,2.815093994140625,2.4875824451446533,2.4292914867401123,2.126890182495117,2.0961947441101074,1.8904330730438232,1.9063540697097778,1.7992578744888306,1.9316102266311646,1.9745862483978271,2.0540084838867188,2.123088836669922,2.2900149822235107,3.153731107711792,3.100308656692505,3.1384451389312744,2.792651891708374,2.7776730060577393,2.4960479736328125,2.523298501968384,2.3551831245422363,2.4024906158447266,2.341409683227539,2.3999764919281006,2.458165168762207,2.711470603942871,2.690401792526245,2.959989547729492
A12,2.737518310546875,2.4249613285064697,2.371016025543213,2.0973145961761475,1.8953999280929565,1.5359634160995483,1.3643643856048584,0.9786070585250854,0.9218637943267822,0.5787239670753479,0.3699217438697815,0.0,0.37106984853744507,0.5684629678726196,0.8845388889312744,2.320284843444824,2.526613712310791,2.4115054607391357,2.140496253967285,2.00582218170166,1.6370160579681396,1.5048543214797974,1.1451022624969482,1.0866234302520752,0.7568153738975525,0.8339453935623169,0.7068568468093872,0.7529793977737427,0.8702436089515686,1.1089088916778564,2.392686128616333,2.5983221530914307,2.5582449436187744,2.2699620723724365,2.175764322280884,1.8251335620880127,1.7443768978118896,1.4418127536773682,1.4357166290283203,1.2005090713500977,1.3294366598129272,1.2637875080108643,1.2845193147659302,1.33890962600708,1.5156317949295044,2.591998815536499,2.7350246906280518,2.7679636478424072,2.46213436126709,2.403855085372925,2.073829174041748,2.0521156787872314,1.8003394603729248,1.8310859203338623,1.6635172367095947,1.7970843315124512,1.769010305404663,1.8123509883880615,1.8317898511886597,1.9857821464538574,2.9976847171783447,2.9879539012908936,3.050192356109619,2.713576316833496,2.6971402168273926,2.3920626640319824,2.4358341693878174,2.2354562282562256,2.309675931930542,2.2136237621307373,2.313298463821411,2.3338115215301514,2.5427417755126953,2.512167453765869,2.7484827041625977
A13,2.447589635848999,2.1430509090423584,2.10115909576416,1.8613249063491821,1.693098783493042,1.3210129737854004,1.2291042804718018,0.8505488038063049,0.9441577196121216,0.7198898792266846,0.5441626310348511,0.37106984853744507,0.0,0.3832683265209198,0.5667253136634827,1.982625961303711,2.203390121459961,2.0949597358703613,1.8538507223129272,1.7550095319747925,1.381689190864563,1.3223143815994263,0.9751512408256531,1.0426982641220093,0.7658585906028748,0.982941210269928,0.8093053698539734,0.6701428890228271,0.777581512928009,0.890994131565094,2.0303874015808105,2.2515170574188232,2.229315996170044,1.9621464014053345,1.906685709953308,1.5625498294830322,1.547593593597412,1.2731784582138062,1.3638570308685303,1.174168586730957,1.4020034074783325,1.3146401643753052,1.2350653409957886,1.2949970960617065,1.3819987773895264,2.2404088973999023,2.386805295944214,2.443927526473999,2.15346360206604,2.1338305473327637,1.819632649421692,1.8551775217056274,1.640123724937439,1.744422435760498,1.620200753211975,1.8300665616989136,1.8008702993392944,1.7801893949508667,1.8151168823242188,1.9043352603912354,2.685523271560669,2.6602771282196045,2.741459608078003,2.416412591934204,2.436953544616699,2.154245138168335,2.2447803020477295,2.087547540664673,2.2138278484344482,2.1698427200317383,2.31449031829834,2.37850022315979,2.57711124420166,2.5983638763427734,2.829685926437378
A14,2.6529126167297363,2.373392105102539,2.3590641021728516,2.1523022651672363,2.016667604446411,1.6428219079971313,1.5920891761779785,1.2226238250732422,1.3233025074005127,1.0675252676010132,0.8523903489112854,0.5684629678726196,0.3832683265209198,0.0,0.3844001591205597,2.1220479011535645,2.3819310665130615,2.2879910469055176,2.0968446731567383,2.028843879699707,1.656639575958252,1.6364035606384277,1.286376953125,1.3690396547317505,1.057033658027649,1.201891541481018,0.9184511303901672,0.7333154082298279,0.630734384059906,0.7082648873329163,2.096649646759033,2.3705053329467773,2.366370439529419,2.14827823638916,2.122252941131592,1.7752306461334229,1.7937290668487549,1.5002073049545288,1.6116527318954468,1.3704028129577637,1.5688085556030273,1.386138916015625,1.2497518062591553,1.193899393081665,1.2314634323120117,2.239483594894409,2.443995237350464,2.5301594734191895,2.2816600799560547,2.2901976108551025,1.9699078798294067,2.0377910137176514,1.79950749874115,1.9305890798568726,1.7585704326629639,1.9671391248703003,1.8590296506881714,1.7820276021957397,1.7386637926101685,1.7799274921417236,2.646090507507324,2.664405584335327,2.792799234390259,2.4942641258239746,2.5379629135131836,2.249338388442993,2.3757784366607666,2.203254222869873,2.3666582107543945,2.296663761138916,2.482504367828369,2.509567975997925,2.655761480331421,2.6652886867523193,2.8516173362731934
A15,2.3980906009674072,2.1377358436584473,2.1401331424713135,1.9826433658599854,1.8920584917068481,1.5296798944473267,1.5640528202056885,1.2407565116882324,1.4417511224746704,1.2750660181045532,1.0943248271942139,0.8845388889312744,0.5667253136634827,0.3844001591205597,0.0,1.813650369644165,2.090146780014038,2.00849986076355,1.866542100906372,1.8463510274887085,1.492089033126831,1.5556360483169556,1.2528530359268188,1.43622624874115,1.1956690549850464,1.4234739542007446,1.148333191871643,0.8562358021736145,0.7555269002914429,0.6195704340934753,1.7431004047393799,2.0410499572753906,2.06227445602417,1.8829807043075562,1.9082610607147217,1.5855567455291748,1.6810506582260132,1.4373091459274292,1.6353858709335327,1.452778697013855,1.7218633890151978,1.539225459098816,1.323184847831726,1.2795183658599854,1.2050464153289795,1.888959288597107,2.1035826206207275,2.223517894744873,2.0042812824249268,2.0633177757263184,1.7731077671051025,1.9073755741119385,1.720036506652832,1.9214590787887573,1.8005576133728027,2.0709211826324463,1.9705631732940674,1.8367277383804321,1.8141040802001953,1.7827492952346802,2.341698408126831,2.343256711959839,2.4987897872924805,2.2216861248016357,2.3120856285095215,2.0574653148651123,2.2368059158325195,2.11745023727417,2.3312618732452393,2.316465139389038,2.5393829345703125,2.6085286140441895,2.7446751594543457,2.8039865493774414,2.985471487045288
B1,0.7289764881134033,0.6402637362480164,0.8131698369979858,0.9847338199615479,1.2481496334075928,1.2159241437911987,1.5939229726791382,1.6929479837417603,2.076658010482788,2.2705607414245605,2.2342536449432373,2.320284843444824,1.982625961303711,2.1220479011535645,1.813650369644165,0.0,0.39864498376846313,0.6639520525932312,0.7983817458152771,1.1627146005630493,1.205702304840088,1.5841995477676392,1.7221213579177856,2.089033603668213,2.2145283222198486,2.6125435829162598,2.554119825363159,2.260812282562256,2.384108781814575,2.1443796157836914,0.708309531211853,0.724158525466919,1.0389463901519775,1.0011818408966064,1.342286467552185,1.4073418378829956,1.7485413551330566,1.9113208055496216,2.251268148422241,2.4021756649017334,2.7982778549194336,2.8089447021484375,2.586993932723999,2.732149362564087,2.570236921310425,1.3910503387451172,1.2551459074020386,1.5057324171066284,1.3834656476974487,1.6646863222122192,1.7198598384857178,2.012584924697876,2.1815738677978516,2.4817144870758057,2.6551568508148193,3.0208353996276855,3.108139991760254,2.976728677749634,3.13295841217041,3.0410079956054688,2.1822237968444824,1.8938697576522827,1.9882336854934692,1.8238714933395386,2.0814414024353027,2.115770101547241,2.3626670837402344,2.5403847694396973,2.7774658203125,3.0128350257873535,3.203348398208618,3.46914005279541,3.6787259578704834,3.882042407989502,4.129467487335205
B2,0.6136159896850586,0.5159592628479004,0.5751524567604065,0.8801879286766052,1.1496039628982544,1.2365648746490479,1.6066302061080933,1.784554123878479,2.151970148086548,2.397115707397461,2.418808937072754,2.526613712310791,2.203390121459961,2.3819310665130615,2.090146780014038,0.39864498376846313,0.0,0.4002894163131714,0.6217321753501892,1.0065304040908813,1.1728997230529785,1.5461363792419434,1.7652263641357422,2.1227939128875732,2.31072735786438,2.710861921310425,2.695856809616089,2.4187514781951904,2.585984230041504,2.3608944416046143,0.8101359009742737,0.6084539890289307,0.8729612231254578,0.8355777263641357,1.1799460649490356,1.344231367111206,1.6778422594070435,1.9129432439804077,2.2432522773742676,2.4521148204803467,2.848144769668579,2.9009130001068115,2.6960482597351074,2.884000778198242,2.7355453968048096,1.4444934129714966,1.2044851779937744,1.3856159448623657,1.2562309503555298,1.5210504531860352,1.6478666067123413,1.9237339496612549,2.1534535884857178,2.441216468811035,2.666518449783325,3.0295801162719727,3.158360719680786,3.0441837310791016,3.2417919635772705,3.1627745628356934,2.1881089210510254,1.8579955101013184,1.8790961503982544,1.7207289934158325,1.9588391780853271,2.0421864986419678,2.260713815689087,2.4832935333251953,2.6978633403778076,2.9722378253936768,3.140784740447998,3.439063787460327,3.662870168685913,3.88996958732605,4.151401996612549
B3,0.9590045809745789,0.7517632842063904,0.5902137160301208,0.8816648721694946,1.0254006385803223,1.1290782690048218,1.4560221433639526,1.6445343494415283,1.9952765703201294,2.2498037815093994,2.324362277984619,2.4115054607391357,2.0949597358703613,2.2879910469055176,2.00849986076355,0.6639520525932312,0.4002894163131714,0.0,0.3950631618499756,0.7070582509040833,0.9135656356811523,1.2771074771881104,1.523932695388794,1.8783302307128906,2.0923879146575928,2.4840362071990967,2.4823875427246094,2.209204912185669,2.402899980545044,2.18788743019104,0.7595512866973877,0.4950369596481323,0.5649849772453308,0.4474502503871918,0.7884059548377991,0.9944940805435181,1.3308191299438477,1.5986642837524414,1.9312975406646729,2.1662840843200684,2.5606255531311035,2.626816749572754,2.4253478050231934,2.6408605575561523,2.5018186569213867,1.274070382118225,1.010528564453125,1.0931239128112793,0.9009060263633728,1.1320719718933105,1.2755173444747925,1.5439705848693848,1.7996537685394287,2.0877320766448975,2.33606219291687,2.7007789611816406,2.843724012374878,2.733211040496826,2.9565799236297607,2.886665105819702,1.947229027748108,1.6221129894256592,1.5856773853302002,1.3862745761871338,1.588541865348816,1.6714383363723755,1.8725261688232422,2.108217239379883,2.3172919750213623,2.607011318206787,2.7756147384643555,3.0849738121032715,3.3057303428649902,3.547999620437622,3.8101489543914795
B4,1.0038992166519165,0.6817026138305664,0.4156554341316223,0.562926709651947,0.635137140750885,0.7576821446418762,1.0751068592071533,1.2996374368667603,1.636932611465454,1.9185993671417236,2.016371726989746,2.140496253967285,1.8538507223129272,2.0968446731567383,1.866542100906372,0.7983817458152771,0.6217321753501892,0.3950631618499756,0.0,0.3909126818180084,0.6047785878181458,0.9502429366111755,1.223653793334961,1.5587232112884521,1.7983452081680298,2.1916582584381104,2.2319228649139404,1.9977184534072876,2.234018087387085,2.0742404460906982,1.0274958610534668,0.859743058681488,0.8507624268531799,0.5429668426513672,0.7169319987297058,0.8446447849273682,1.116148829460144,1.375778317451477,1.6731438636779785,1.9194071292877197,2.3044989109039307,2.4079363346099854,2.2514820098876953,2.4944300651550293,2.4103431701660156,1.5254132747650146,1.316655158996582,1.3448172807693481,1.0585163831710815,1.1777039766311646,1.23628830909729,1.4319783449172974,1.6533308029174805,1.895970106124878,2.141038417816162,2.4833333492279053,2.654721736907959,2.5905227661132812,2.8275091648101807,2.8084864616394043,2.1676976680755615,1.8796216249465942,1.8188103437423706,1.5555143356323242,1.6825761795043945,1.6936231851577759,1.8353936672210693,2.0217955112457275,2.1842610836029053,2.449519157409668,2.5800042152404785,2.884603500366211,3.1388049125671387,3.355851173400879,3.6415951251983643
B5,1.3681875467300415,1.0277180671691895,0.7131277322769165,0.7202244400978088,0.55658358335495,0.6894577145576477,0.8833049535751343,1.1321210861206055,1.4193429946899414,1.7203744649887085,1.8849493265151978,2.00582218170166,1.7550095319747925,2.028843879699707,1.8463510274887085,1.1627146005630493,1.0065304040908813,0.7070582509040833,0.3909126818180084,0.0,0.3780704736709595,0.6289358139038086,0.9623470902442932,1.2627959251403809,1.5485206842422485,1.9241148233413696,2.005789279937744,1.8071433305740356,2.0884432792663574,1.9753851890563965,1.2699171304702759,1.122988224029541,0.977716863155365,0.5901662707328796,0.5141887664794922,0.5983096361160278,0.776784360408783,1.0716828107833862,1.3350269794464111,1.6199791431427002,1.9911173582077026,2.1333374977111816,2.01249098777771,2.2954142093658447,2.2544493675231934,1.63814377784729,1.4542546272277832,1.3827924728393555,1.0287189483642578,1.0131336450576782,1.0191324949264526,1.1304359436035156,1.3513914346694946,1.5540133714675903,1.8223180770874023,2.1476171016693115,2.352290630340576,2.322176218032837,2.5904228687286377,2.6100616455078125,2.1742992401123047,1.921586275100708,1.8061442375183105,1.4924827814102173,1.5294660329818726,1.492938756942749,1.567015290260315,1.7292622327804565,1.8491780757904053,2.113119125366211,2.216459035873413,2.5296850204467773,2.8010666370391846,3.0176851749420166,3.317267417907715
B6,1.5352039337158203,1.1800258159637451,0.9454350471496582,0.8421751856803894,0.6248921155929565,0.5265602469444275,0.6731792092323303,0.8189662098884583,1.1293810606002808,1.3892269134521484,1.5400863885879517,1.6370160579681396,1.381689190864563,1.656639575958252,1.492089033126831,1.205702304840088,1.1728997230529785,0.9135656356811523,0.6047785878181458,0.3780704736709595,0.0,0.3869023025035858,0.6234502792358398,0.9661962389945984,1.205779790878296,1.593706727027893,1.6486690044403076,1.4425175189971924,1.7230950593948364,1.6277252435684204,1.2771528959274292,1.2487542629241943,1.1238579750061035,0.7457187175750732,0.6484487652778625,0.4843827784061432,0.6342162489891052,0.8106440305709839,1.0933153629302979,1.3220263719558716,1.7047324180603027,1.8182423114776611,1.6936252117156982,1.962860345840454,1.937617301940918,1.6113085746765137,1.5189073085784912,1.4755265712738037,1.110073208808899,1.0803250074386597,0.9530983567237854,1.053104043006897,1.1708158254623413,1.3776626586914062,1.584815263748169,1.9141583442687988,2.0859789848327637,2.0538785457611084,2.2968664169311523,2.328284740447998,2.141828775405884,1.9430216550827026,1.8756762742996216,1.535879135131836,1.5633771419525146,1.4417729377746582,1.525538682937622,1.6101170778274536,1.7430847883224487,1.9510313272476196,2.0734474658966064,2.3481085300445557,2.612602472305298,2.8002986907958984,3.0934319496154785
B7,1.8643231391906738,1.4993970394134521,1.244467854499817,1.073709487915039,0.7462645173072815,0.6424948573112488,0.5405343174934387,0.6793543696403503,0.8793514370918274,1.1625359058380127,1.3956109285354614,1.5048543214797974,1.3223143815994263,1.6364035606384277,1.5556360483169556,1.5841995477676392,1.5461363792419434,1.2771074771881104,0.9502429366111755,0.6289358139038086,0.3869023025035858,0.0,0.3877048194408417,0.6351094841957092,0.9478193521499634,1.3079177141189575,1.4347232580184937,1.3037492036819458,1.6406917572021484,1.6283751726150513,1.642227292060852,1.6167296171188354,1.444669485092163,1.063269019126892,0.8413124084472656,0.6132441163063049,0.49713945388793945,0.609235942363739,0.7839069366455078,1.0489004850387573,1.4019145965576172,1.5771082639694214,1.524033784866333,1.8361955881118774,1.884435772895813,1.9024062156677246,1.8318560123443604,1.7323201894760132,1.3480974435806274,1.2116549015045166,1.0164722204208374,0.973142683506012,1.020755410194397,1.1308525800704956,1.3362799882888794,1.623383641242981,1.8388395309448242,1.8695292472839355,2.138922691345215,2.232855796813965,2.339730739593506,2.1798882484436035,2.077587604522705,1.713060736656189,1.6554145812988281,1.4747074842453003,1.4673672914505005,1.482965350151062,1.5412732362747192,1.7128617763519287,1.7843906879425049,2.0524826049804688,2.3484842777252197,2.5145561695098877,2.8299241065979004
B8,2.088470458984375,1.7285503149032593,1.5291283130645752,1.329176902770996,1.0317797660827637,0.7939351201057434,0.6278793811798096,0.5162190198898315,0.6839103698730469,0.862662136554718,1.0878655910491943,1.1451022624969482,0.9751512408256531,1.286376953125,1.2528530359268188,1.7221213579177856,1.7652263641357422,1.523932695388794,1.223653793334961,0.9623470902442932,0.6234502792358398,0.3877048194408417,0.0,0.3810325562953949,0.5872980952262878,0.9704210758209229,1.0579907894134521,0.927857518196106,1.2736577987670898,1.3045847415924072,1.7373571395874023,1.7971217632293701,1.6462637186050415,1.2964686155319214,1.1024528741836548,0.7768097519874573,0.6412392854690552,0.48952701687812805,0.6354545950889587,0.767733633518219,1.130846619606018,1.2598897218704224,1.2093429565429688,1.5022659301757812,1.581226110458374,1.9462981224060059,1.9550670385360718,1.8827695846557617,1.515639066696167,1.3875048160552979,1.1058223247528076,1.0551034212112427,0.9588856101036072,1.0546371936798096,1.1482337713241577,1.428282380104065,1.5896960496902466,1.6190413236618042,1.8502541780471802,1.9620870351791382,2.35444712638855,2.250701904296875,2.195235013961792,1.8268049955368042,1.7679681777954102,1.5207018852233887,1.5262507200241089,1.4521623849868774,1.5241649150848389,1.6134835481643677,1.710342288017273,1.9170955419540405,2.1941399574279785,2.32118821144104,2.6225247383117676
B9,2.4104654788970947,2.0456342697143555,1.835204005241394,1.6002529859542847,1.2644087076187134,1.0541694164276123,0.7635224461555481,0.6234381198883057,0.5436890125274658,0.6911169290542603,1.017225742340088,1.0866234302520752,1.0426982641220093,1.3690396547317505,1.43622624874115,2.089033603668213,2.1227939128875732,1.8783302307128906,1.5587232112884521,1.2627959251403809,0.9661962389945984,0.6351094841957092,0.3810325562953949,0.0,0.38987433910369873,0.6905477046966553,0.9027674198150635,0.9166859984397888,1.300177812576294,1.4343723058700562,2.1163625717163086,2.168665647506714,1.997070074081421,1.6415820121765137,1.4008879661560059,1.0883077383041382,0.8403812646865845,0.6211662888526917,0.5102945566177368,0.5992817282676697,0.8723335266113281,1.0870108604431152,1.1541614532470703,1.4742947816848755,1.6433579921722412,2.2927420139312744,2.308866024017334,2.205564498901367,1.8337781429290771,1.6514050960540771,1.3521636724472046,1.2025009393692017,1.0337860584259033,0.9897209405899048,1.030174732208252,1.21952223777771,1.4222640991210938,1.5383307933807373,1.7809288501739502,1.9669194221496582,2.6358280181884766,2.559709072113037,2.4813153743743896,2.105478048324585,1.991174340248108,1.7121797800064087,1.6423399448394775,1.4979866743087769,1.4835493564605713,1.5032706260681152,1.531351923942566,1.703792929649353,2.012840747833252,2.0966086387634277,2.4201226234436035
B10,2.604208469390869,2.2501957416534424,2.084914445877075,1.8440781831741333,1.546370267868042,1.2674216032028198,1.0118306875228882,0.7274020314216614,0.6209090352058411,0.5181654691696167,0.7899689078330994,0.7568153738975525,0.7658585906028748,1.057033658027649,1.1956690549850464,2.2145283222198486,2.31072735786438,2.0923879146575928,1.7983452081680298,1.5485206842422485,1.205779790878296,0.9478193521499634,0.5872980952262878,0.38987433910369873,0.0,0.4016694724559784,0.5331318378448486,0.5942052602767944,0.9688407778739929,1.1704068183898926,2.209872245788574,2.3278748989105225,2.183284044265747,1.857596516609192,1.6551835536956787,1.3038208484649658,1.1056643724441528,0.7883712649345398,0.6923176646232605,0.5276492238044739,0.7501702308654785,0.8564821481704712,0.9303816556930542,1.1942068338394165,1.3997364044189453,2.349116086959839,2.4285695552825928,2.3591959476470947,2.0119714736938477,1.8584418296813965,1.5209736824035645,1.4041157960891724,1.1527642011642456,1.1219394207000732,1.0243949890136719,1.187260627746582,1.289214015007019,1.38973069190979,1.5622464418411255,1.759623646736145,2.6728577613830566,2.6424083709716797,2.6127333641052246,2.246126413345337,2.1501286029815674,1.8368979692459106,1.8004664182662964,1.5993072986602783,1.6170892715454102,1.5587139129638672,1.6258726119995117,1.7180949449539185,1.983618140220642,2.0196805000305176,2.3125429153442383
B11,3.0025970935821533,2.6477866172790527,2.47772216796875,2.22939395904541,1.9185048341751099,1.6526684761047363,1.3657984733581543,1.088570237159729,0.8776994943618774,0.6669102311134338,0.9288933277130127,0.8339453935623169,0.982941210269928,1.201891541481018,1.4234739542007446,2.6125435829162598,2.710861921310425,2.4840362071990967,2.1916582584381104,1.9241148233413696,1.593706727027893,1.3079177141189575,0.9704210758209229,0.6905477046966553,0.4016694724559784,0.0,0.3931204378604889,0.6879977583885193,1.0078747272491455,1.3060039281845093,2.5822391510009766,2.708876371383667,2.546218156814575,2.2283456325531006,2.0001962184906006,1.6487311124801636,1.407243013381958,1.0655468702316284,0.8550771474838257,0.576071560382843,0.5461186766624451,0.6653074622154236,0.8881621360778809,1.1256705522537231,1.4240350723266602,2.668278217315674,2.7703113555908203,2.680267095565796,2.3405938148498535,2.154995918273926,1.801904320716858,1.6341556310653687,1.326932668685913,1.2036131620407104,1.0044785737991333,1.0347262620925903,1.10703444480896,1.286383867263794,1.4287923574447632,1.6993520259857178,2.9158267974853516,2.9251415729522705,2.8892879486083984,2.52474308013916,2.3908112049102783,2.05049204826355,1.9696555137634277,1.7030709981918335,1.6654475927352905,1.5135037899017334,1.5386890172958374,1.545500636100769,1.8014569282531738,1.769377589225769,2.0585858821868896
B12,3.0221521854400635,2.6821787357330322,2.5427184104919434,2.3207366466522217,2.0491294860839844,1.7449254989624023,1.5256513357162476,1.2000086307525635,1.0918731689453125,0.824995756149292,0.9470582008361816,0.7068568468093872,0.8093053698539734,0.9184511303901672,1.148333191871643,2.554119825363159,2.695856809616089,2.4823875427246094,2.2319228649139404,2.005789279937744,1.6486690044403076,1.4347232580184937,1.0579907894134521,0.9027674198150635,0.5331318378448486,0.3931204378604889,0.0,0.3792882263660431,0.6277898550033569,0.9595306515693665,2.463071823120117,2.6420252323150635,2.4998459815979004,2.2213754653930664,2.0343213081359863,1.6624951362609863,1.4866670370101929,1.1120244264602661,1.007096529006958,0.6537669897079468,0.6881802082061768,0.5583006739616394,0.6590623259544373,0.799850583076477,1.0896846055984497,2.500903606414795,2.6552515029907227,2.5975804328918457,2.290457248687744,2.144181728363037,1.7748862504959106,1.6673054695129395,1.3337407112121582,1.2929086685180664,1.03650963306427,1.1267472505569458,1.064012050628662,1.1402208805084229,1.1983941793441772,1.4256293773651123,2.7304868698120117,2.774611234664917,2.7868926525115967,2.440653085708618,2.3407297134399414,1.9897987842559814,1.9683159589767456,1.6931315660476685,1.731589436531067,1.5686626434326172,1.6804225444793701,1.6588597297668457,1.8422415256500244,1.8155637979507446,2.0499086380004883
B13,2.782958745956421,2.4555766582489014,2.330230951309204,2.146388292312622,1.9102569818496704,1.5952287912368774,1.4518711566925049,1.130088448524475,1.1492462158203125,0.9454648494720459,1.0108979940414429,0.7529793977737427,0.6701428890228271,0.7333154082298279,0.8562358021736145,2.260812282562256,2.4187514781951904,2.209204912185669,1.9977184534072876,1.8071433305740356,1.4425175189971924,1.3037492036819458,0.927857518196106,0.9166859984397888,0.5942052602767944,0.6879977583885193,0.3792882263660431,0.0,0.3876025378704071,0.6196916699409485,2.1199917793273926,2.3232524394989014,2.194805145263672,1.9461591243743896,1.7976555824279785,1.4218621253967285,1.3188562393188477,0.952491044998169,0.9828367829322815,0.6776331663131714,0.8780651092529297,0.692594587802887,0.5654007196426392,0.684386134147644,0.8502495884895325,2.139589309692383,2.313140392303467,2.2802655696868896,1.9938849210739136,1.8883553743362427,1.5219883918762207,1.4845781326293945,1.1743950843811035,1.243072509765625,1.031030535697937,1.2394700050354004,1.1531120538711548,1.1104366779327393,1.165450930595398,1.2918134927749634,2.392874002456665,2.4345598220825195,2.475813388824463,2.141408681869507,2.082610607147217,1.744062900543213,1.7869623899459839,1.552699327468872,1.6719725131988525,1.5706520080566406,1.7537555694580078,1.7817840576171875,1.938270092010498,1.9740368127822876,2.1876628398895264
