,A1,A2,A3,A4,A5,A6,A7,A8,A9,A10,A11,A12,A13,A14,A15,B1,B2,B3,B4,B5,B6,B7,B8,B9,B10,B11,B12,B13,B14,B15,C1,C2,C3,C4,C5,C6,C7,C8,C9,C10,C11,C12,C13,C14,C15,D1,D2,D3,D4,D5,D6,D7,D8,D9,D10,D11,D12,D13,D14,D15,E1,E2,E3,E4,E5,E6,E7,E8,E9,E10,E11,E12,E13,E14,E15
A1,0.0,0.3854602873325348,0.6246793866157532,0.8615418076515198,1.206717610359192,1.3786091804504395,1.7364091873168945,1.9605836868286133,2.3166117668151855,2.527153730392456,2.8934006690979004,3.060450315475464,2.9090795516967773,3.2130067348480225,3.034637451171875,1.0884512662887573,0.819203794002533,0.9726152420043945,0.999492883682251,1.32035493850708,1.5421812534332275,1.847901701927185,2.117820978164673,2.4256856441497803,2.7111363410949707,3.0512170791625977,3.245410203933716,3.1437647342681885,3.4374077320098877,3.335503578186035,1.7583383321762085,1.4438272714614868,1.5220539569854736,1.4283257722854614,1.6537278890609741,1.8420013189315796,2.075549602508545,2.344250440597534,2.597784996032715,2.898568868637085,3.2152702808380127,3.441715955734253,3.4014041423797607,3.7000858783721924,3.6696419715881348,2.356828451156616,2.0204389095306396,2.0497097969055176,1.9022533893585205,2.074167013168335,2.220512866973877,2.395286798477173,2.639247179031372,2.840775728225708,3.139960527420044,3.422013998031616,3.685126781463623,3.7205982208251953,4.018251419067383,4.065761566162109,3.083211898803711,2.73093318939209,2.6155827045440674,2.4218151569366455,2.5725131034851074,2.6584346294403076,2.7795634269714355,2.9976935386657715,3.1427040100097656,3.4442994594573975,3.6078853607177734,3.9330573081970215,4.11793327331543,4.391880035400391,4.6098432540893555
A2,0.3854602873325348,0.0,0.3941294550895691,0.5320739150047302,0.8947548866271973,1.0878885984420776,1.4294601678848267,1.678551197052002,2.013657569885254,2.249197006225586,2.5985331535339355,2.7974281311035156,2.681304693222046,3.0052616596221924,2.8635764122009277,1.114778995513916,0.9212798476219177,1.0184696912765503,0.8951804041862488,1.1516222953796387,1.3452415466308594,1.6062439680099487,1.8774142265319824,2.153377056121826,2.451733350753784,2.771764039993286,2.993419885635376,2.927410364151001,3.2375006675720215,3.173264265060425,1.8245619535446167,1.5549876689910889,1.6043545007705688,1.4184441566467285,1.573490858078003,1.7157305479049683,1.89655339717865,2.147294044494629,2.3620405197143555,2.664057731628418,2.9565913677215576,3.2040951251983643,3.198420524597168,3.505610704421997,3.5104243755340576,2.427677869796753,2.1213884353637695,2.136425018310547,1.924182415008545,2.038424253463745,2.138343572616577,2.2633180618286133,2.479299306869507,2.641183853149414,2.931847333908081,3.186840295791626,3.4634664058685303,3.5301177501678467,3.8280229568481445,3.9076521396636963,3.1395702362060547,2.8129100799560547,2.697007656097412,2.4556937217712402,2.5600459575653076,2.6041688919067383,2.6822617053985596,2.867170810699463,2.9756100177764893,3.261448383331299,3.3961312770843506,3.720285415649414,3.9292666912078857,4.188126087188721,4.429131507873535
A3,0.6246793866157532,0.3941294550895691,0.0,0.37934982776641846,0.6330450773239136,0.9005764722824097,1.2137763500213623,1.5012706518173218,1.830498456954956,2.093592643737793,2.4393880367279053,2.6462273597717285,2.529845714569092,2.864276170730591,2.7274506092071533,1.06766939163208,0.8489392399787903,0.7930511236190796,0.6030851006507874,0.7995040416717529,1.0526374578475952,1.3010588884353638,1.6131036281585693,1.8890445232391357,2.2118637561798096,2.5342555046081543,2.765324831008911,2.700634479522705,3.026355266571045,2.966884136199951,1.6520922183990479,1.385713815689087,1.3548275232315063,1.1224826574325562,1.2223424911499023,1.3884422779083252,1.55121648311615,1.8322768211364746,2.0453896522521973,2.3707659244537354,2.66585636138916,2.924802541732788,2.9227523803710938,3.2465639114379883,3.2566795349121094,2.1991379261016846,1.8997856378555298,1.8651461601257324,1.6194062232971191,1.6900885105133057,1.7970049381256104,1.9004184007644653,2.134608268737793,2.2908146381378174,2.600379467010498,2.857060432434082,3.145364284515381,3.2160425186157227,3.529864549636841,3.614431858062744,2.850982427597046,2.5404841899871826,2.40144944190979,2.1393203735351562,2.210533857345581,2.254953384399414,2.311674118041992,2.505300521850586,2.604684829711914,2.9033281803131104,3.035538673400879,3.3692526817321777,3.579455852508545,3.849065065383911,4.09088134765625
A4,0.8615418076515198,0.5320739150047302,0.37934982776641846,0.0,0.37539708614349365,0.5774391293525696,0.9014676809310913,1.1764026880264282,1.5001846551895142,1.7599196434020996,2.1004531383514404,2.3174540996551514,2.2224488258361816,2.564380168914795,2.4538400173187256,1.0385700464248657,0.9588452577590942,0.9511825442314148,0.6469007730484009,0.7716410160064697,0.8938324451446533,1.104898452758789,1.372368574142456,1.6283512115478516,1.9364738464355469,2.2476933002471924,2.4843084812164307,2.44099760055542,2.7669718265533447,2.73418927192688,1.677829384803772,1.4889461994171143,1.499000906944275,1.2080243825912476,1.267608642578125,1.3276500701904297,1.4502381086349487,1.6707319021224976,1.8563206195831299,2.154407024383545,2.4340224266052246,2.6911463737487793,2.7078146934509277,3.022740125656128,3.0561320781707764,2.2488486766815186,1.9984341859817505,2.002788782119751,1.7166799306869507,1.7623398303985596,1.7883483171463013,1.8627809286117554,2.0360496044158936,2.167034387588501,2.441530466079712,2.680413246154785,2.959273099899292,3.04484224319458,3.341259241104126,3.445253849029541,2.925377607345581,2.6413421630859375,2.540642261505127,2.2435245513916016,2.296639919281006,2.2777633666992188,2.3165297508239746,2.4539482593536377,2.536034345626831,2.797189235687256,2.9174795150756836,3.2318694591522217,3.4522438049316406,3.6965384483337402,3.95072865486145
A5,1.206717610359192,0.8947548866271973,0.6330450773239136,0.37539708614349365,0.0,0.37627148628234863,0.5977469682693481,0.9300209283828735,1.2220991849899292,1.5196129083633423,1.8410872220993042,2.079538345336914,2.006756067276001,2.363165855407715,2.2811360359191895,1.1785621643066406,1.1432596445083618,1.0354211330413818,0.6611723303794861,0.5835350155830383,0.653104841709137,0.7727868556976318,1.0662416219711304,1.2926452159881592,1.627302646636963,1.9264960289001465,2.1848249435424805,2.1648244857788086,2.5095443725585938,2.5044472217559814,1.6774866580963135,1.5410531759262085,1.4927618503570557,1.143479824066162,1.0943373441696167,1.0991873741149902,1.1462326049804688,1.3571847677230835,1.5076862573623657,1.819041132926941,2.084641218185425,2.3604660034179688,2.4006845951080322,2.73008131980896,2.788834571838379,2.1804895401000977,1.9708398580551147,1.9429919719696045,1.6110994815826416,1.583903193473816,1.5627802610397339,1.578971266746521,1.7282990217208862,1.824280858039856,2.0985429286956787,2.3210818767547607,2.6124067306518555,2.7183194160461426,3.0228002071380615,3.148681402206421,2.789956569671631,2.542603015899658,2.43804669380188,2.1074204444885254,2.107795238494873,2.0508430004119873,2.045626163482666,2.1536834239959717,2.205329656600952,2.456233501434326,2.5587825775146484,2.8738226890563965,3.1066949367523193,3.3464488983154297,3.6126930713653564
A6,1.3786091804504395,1.0878885984420776,0.9005764722824097,0.5774391293525696,0.37627148628234863,0.0,0.3734453320503235,0.6030077934265137,0.9436609745025635,1.193595051765442,1.5418835878372192,1.749647617340088,1.6596285104751587,2.010756731033325,1.9262940883636475,1.0685007572174072,1.1607965230941772,1.118389368057251,0.7538399696350098,0.6923211216926575,0.5408226251602173,0.6611257791519165,0.8360100388526917,1.0880012512207031,1.3695966005325317,1.6863330602645874,1.911036729812622,1.8749663829803467,2.203951835632324,2.196575403213501,1.5654597282409668,1.5115493535995483,1.5296000242233276,1.1777654886245728,1.1505151987075806,1.0385804176330566,1.0945701599121094,1.2113882303237915,1.3756886720657349,1.62967050075531,1.9072729349136353,2.1457080841064453,2.167954444885254,2.473923444747925,2.527600049972534,2.0872304439544678,1.9287033081054688,1.9641956090927124,1.6286594867706299,1.6232502460479736,1.5260764360427856,1.5605686902999878,1.6397693157196045,1.7510696649551392,1.971794843673706,2.2040069103240967,2.4562063217163086,2.5431089401245117,2.818963050842285,2.9367589950561523,2.7400736808776855,2.5120089054107666,2.4644711017608643,2.1231276988983154,2.1421914100646973,2.030304431915283,2.0488524436950684,2.1043291091918945,2.177816390991211,2.3837594985961914,2.508305549621582,2.788581371307373,3.0034451484680176,3.220675468444824,3.476395606994629
A7,1.7364091873168945,1.4294601678848267,1.2137763500213623,0.9014676809310913,0.5977469682693481,0.3734453320503235,0.0,0.3781014680862427,0.6259108781814575,0.9391157627105713,1.2468475103378296,1.4972705841064453,1.4606038331985474,1.8297016620635986,1.8024568557739258,1.386472225189209,1.498726487159729,1.4085357189178467,1.0396512746810913,0.852817952632904,0.6200857758522034,0.5060356855392456,0.6077741980552673,0.7625954747200012,1.067782998085022,1.3523313999176025,1.615276575088501,1.6309295892715454,1.9804195165634155,2.026312828063965,1.762934684753418,1.76064133644104,1.7392154932022095,1.3652639389038086,1.242356777191162,1.053340196609497,0.98512202501297,1.0240752696990967,1.1005758047103882,1.3414204120635986,1.5805981159210205,1.843550443649292,1.911912202835083,2.227238178253174,2.326519250869751,2.2063961029052734,2.09780216217041,2.1100211143493652,1.7471110820770264,1.6692686080932617,1.5083256959915161,1.461709976196289,1.4743019342422485,1.5178031921386719,1.708320140838623,1.9005554914474487,2.161821126937866,2.2845942974090576,2.557952642440796,2.712838888168335,2.7820205688476562,2.599494218826294,2.5553905963897705,2.1894495487213135,2.152179479598999,1.9902043342590332,1.9525012969970703,1.9497939348220825,1.9738695621490479,2.14335560798645,2.233915328979492,2.501955270767212,2.7372756004333496,2.9340953826904297,3.210252285003662
A8,1.9605836868286133,1.678551197052002,1.5012706518173218,1.1764026880264282,0.9300209283828735,0.6030077934265137,0.3781014680862427,0.0,0.38474318385124207,0.5950674414634705,0.9492535591125488,1.1516367197036743,1.0941325426101685,1.4612042903900146,1.4410139322280884,1.4216371774673462,1.6217987537384033,1.578016996383667,1.2453869581222534,1.093483328819275,0.7622964978218079,0.6513760685920715,0.507568359375,0.6497291326522827,0.8308846950531006,1.133468747138977,1.3412046432495117,1.3374617099761963,1.6652864217758179,1.7147164344787598,1.7428278923034668,1.8198217153549194,1.8509646654129028,1.4987884759902954,1.4021586179733276,1.130574345588684,1.0733733177185059,0.9849292635917664,1.062648057937622,1.1997956037521362,1.4436724185943604,1.64687979221344,1.6914817094802856,1.9720568656921387,2.067246198654175,2.1722519397735596,2.1212196350097656,2.1885550022125244,1.8380411863327026,1.7823576927185059,1.558241367340088,1.5315449237823486,1.463279128074646,1.5202735662460327,1.6329184770584106,1.8296746015548706,2.0332717895507812,2.1296448707580566,2.363093614578247,2.507329225540161,2.7672996520996094,2.6108710765838623,2.622283935546875,2.256974697113037,2.237734317779541,2.0275039672851562,2.015185832977295,1.9562104940414429,2.0038390159606934,2.1159613132476807,2.2303807735443115,2.4506704807281494,2.658984422683716,2.8268344402313232,3.086357831954956
A9,2.3166117668151855,2.013657569885254,1.830498456954956,1.5001846551895142,1.2220991849899292,0.9436609745025635,0.6259108781814575,0.38474318385124207,0.0,0.37935522198677063,0.6226876974105835,0.9086827635765076,0.964660108089447,1.338330626487732,1.41374671459198,1.8029674291610718,2.0031421184539795,1.9393086433410645,1.5997618436813354,1.4001423120498657,1.0768263339996338,0.8530126214027405,0.6252416372299194,0.5173264145851135,0.624047040939331,0.8286305665969849,1.0887929201126099,1.1810427904129028,1.5158414840698242,1.6473417282104492,2.069244623184204,2.1714847087860107,2.1791083812713623,1.8209919929504395,1.6717244386672974,1.3734475374221802,1.2244298458099365,1.0505434274673462,0.9929276704788208,1.0528523921966553,1.2069255113601685,1.4249703884124756,1.5396652221679688,1.810671329498291,1.969673991203308,2.4365105628967285,2.422706365585327,2.473078727722168,2.112567663192749,2.0068023204803467,1.743873119354248,1.6467381715774536,1.5059062242507935,1.4758397340774536,1.5212775468826294,1.6456068754196167,1.841689944267273,1.9842084646224976,2.1955854892730713,2.3871874809265137,2.958702564239502,2.8438918590545654,2.8589093685150146,2.482520818710327,2.4180593490600586,2.170097827911377,2.105520725250244,1.98338782787323,1.9727716445922852,2.0255115032196045,2.0913281440734863,2.2796952724456787,2.5088260173797607,2.637742757797241,2.9199624061584473
A10,2.527153730392456,2.249197006225586,2.093592643737793,1.7599196434020996,1.5196129083633423,1.193595051765442,0.9391157627105713,0.5950674414634705,0.37935522198677063,0.0,0.39568930864334106,0.565087616443634,0.6074438095092773,0.9758244752883911,1.0786770582199097,1.8847140073776245,2.1424665451049805,2.1173977851867676,1.8115521669387817,1.6483919620513916,1.2881371974945068,1.112668514251709,0.7959547638893127,0.7087986469268799,0.5850303173065186,0.7643686532974243,0.8986878991127014,0.960199236869812,1.2437199354171753,1.3818130493164062,2.0993001461029053,2.260998487472534,2.314246892929077,1.9848988056182861,1.8697718381881714,1.5343905687332153,1.4209132194519043,1.1758055686950684,1.1408451795578003,1.0776457786560059,1.2231510877609253,1.3393279314041138,1.4120311737060547,1.6216678619384766,1.7689580917358398,2.446538209915161,2.480943441390991,2.5803465843200684,2.242194414138794,2.1664483547210693,1.8691762685775757,1.80527925491333,1.6117311716079712,1.6085649728775024,1.5762884616851807,1.7050869464874268,1.8219305276870728,1.921755075454712,2.076939821243286,2.24674129486084,2.9823806285858154,2.889484405517578,2.954822301864624,2.5893423557281494,2.5497686862945557,2.2721362113952637,2.241164445877075,2.0804669857025146,2.101956367492676,2.102246046066284,2.1974174976348877,2.331075668334961,2.520172595977783,2.616870641708374,2.871093273162842
A11,2.8934006690979004,2.5985331535339355,2.4393880367279053,2.1004531383514404,1.8410872220993042,1.5418835878372192,1.2468475103378296,0.9492535591125488,0.6226876974105835,0.39568930864334106,0.0,0.39584481716156006,0.6651766300201416,0.9628604650497437,1.1875813007354736,2.2802882194519043,2.5333001613616943,2.494313955307007,2.1794471740722656,1.9874091148376465,1.6373597383499146,1.4092881679534912,1.0898404121398926,0.8753949999809265,0.6607028841972351,0.6122021675109863,0.751579225063324,0.9471413493156433,1.191447377204895,1.4256775379180908,2.466590166091919,2.639781951904297,2.6752588748931885,2.341275453567505,2.1924571990966797,1.8497745990753174,1.6821751594543457,1.3992509841918945,1.265325665473938,1.1187537908554077,1.1346206665039062,1.2299455404281616,1.3779582977294922,1.5472095012664795,1.7629499435424805,2.766721248626709,2.8266544342041016,2.911659002304077,2.5687036514282227,2.4579975605010986,2.1407926082611084,2.0270919799804688,1.785541296005249,1.7096201181411743,1.6067081689834595,1.6485182046890259,1.7347369194030762,1.8762234449386597,1.9885492324829102,2.2045586109161377,3.2375028133392334,3.17980694770813,3.247232675552368,2.8771982192993164,2.8031580448150635,2.5012707710266113,2.4292101860046387,2.2187657356262207,2.1888277530670166,2.127084493637085,2.1716256141662598,2.2581751346588135,2.4586284160614014,2.5036861896514893,2.773878812789917
A12,3.060450315475464,2.7974281311035156,2.6462273597717285,2.3174540996551514,2.079538345336914,1.749647617340088,1.4972705841064453,1.1516367197036743,0.9086827635765076,0.565087616443634,0.39584481716156006,0.0,0.36532172560691833,0.5801030397415161,0.8540389537811279,2.3271188735961914,2.618490219116211,2.600856304168701,2.3236794471740723,2.1571569442749023,1.7839261293411255,1.597975254058838,1.235515832901001,1.082247257232666,0.7624421715736389,0.7348599433898926,0.6458584666252136,0.7492803931236267,0.894612193107605,1.1244251728057861,2.432589054107666,2.657822608947754,2.7256321907043457,2.424820899963379,2.304854393005371,1.9387881755828857,1.8098284006118774,1.4877837896347046,1.4028501510620117,1.1773970127105713,1.2172160148620605,1.1840101480484009,1.2485555410385132,1.3373589515686035,1.5188344717025757,2.69210147857666,2.7989118099212646,2.9238011837005615,2.6083993911743164,2.526231527328491,2.1863861083984375,2.1113390922546387,1.837891697883606,1.8067299127578735,1.6497032642364502,1.7201015949249268,1.720481276512146,1.7926311492919922,1.8459101915359497,2.018282890319824,3.159118175506592,3.1245834827423096,3.2387471199035645,2.885770797729492,2.837822675704956,2.515913724899292,2.483412981033325,2.2496109008789062,2.26474666595459,2.166917324066162,2.257784605026245,2.2964532375335693,2.440812349319458,2.465402603149414,2.691129207611084
A13,2.9090795516967773,2.681304693222046,2.529845714569092,2.2224488258361816,2.006756067276001,1.6596285104751587,1.4606038331985474,1.0941325426101685,0.964660108089447,0.6074438095092773,0.6651766300201416,0.36532172560691833,0.0,0.3755139410495758,0.5229699611663818,2.0850327014923096,2.3959481716156006,2.391359806060791,2.151212692260742,2.0141971111297607,1.6316829919815063,1.5031757354736328,1.1301674842834473,1.081748604774475,0.7656670808792114,0.8848462700843811,0.7242634296417236,0.6329293251037598,0.7603145837783813,0.8769164681434631,2.130342483520508,2.3837013244628906,2.4762279987335205,2.2046124935150146,2.1199774742126465,1.7485071420669556,1.6758618354797363,1.3563176393508911,1.361217975616455,1.148055076599121,1.289678692817688,1.2165549993515015,1.1717650890350342,1.2567790746688843,1.351784348487854,2.3802719116210938,2.503678560256958,2.6585865020751953,2.3664445877075195,2.3212082386016846,1.9815120697021484,1.9611420631408691,1.7004941701889038,1.7435880899429321,1.605930209159851,1.7537389993667603,1.7363131046295166,1.7387830018997192,1.8005915880203247,1.9089056253433228,2.8788273334503174,2.837555170059204,2.977966547012329,2.6401984691619873,2.6283490657806396,2.3110315799713135,2.328890800476074,2.1154348850250244,2.19165301322937,2.1181342601776123,2.2700071334838867,2.319718599319458,2.426060199737549,2.4833295345306396,2.6731104850769043
A14,3.2130067348480225,3.0052616596221924,2.864276170730591,2.564380168914795,2.363165855407715,2.010756731033325,1.8297016620635986,1.4612042903900146,1.338330626487732,0.9758244752883911,0.9628604650497437,0.5801030397415161,0.3755139410495758,0.0,0.3679090142250061,2.328880548477173,2.6603469848632812,2.6719789505004883,2.4613654613494873,2.340271234512329,1.9578723907470703,1.8475770950317383,1.4715486764907837,1.4259827136993408,1.079060435295105,1.135961651802063,0.8626654744148254,0.7211474180221558,0.6427056789398193,0.7402931451797485,2.305736780166626,2.5974037647247314,2.711742877960205,2.472177743911743,2.4047584533691406,2.029273748397827,1.9736380577087402,1.6381354331970215,1.648269534111023,1.3824148178100586,1.4911283254623413,1.3222589492797852,1.2226557731628418,1.1923389434814453,1.2496362924575806,2.5015201568603516,2.6698248386383057,2.853058099746704,2.5906028747558594,2.5617990493774414,2.211740255355835,2.209336996078491,1.9248818159103394,1.9789634943008423,1.7900347709655762,1.9259779453277588,1.832088828086853,1.7832834720611572,1.768582820892334,1.8361518383026123,2.9691390991210938,2.9589407444000244,3.139272689819336,2.8229598999023438,2.825253963470459,2.4943301677703857,2.5334019660949707,2.2952942848205566,2.390164375305176,2.273467779159546,2.441495656967163,2.4377808570861816,2.4963345527648926,2.5176219940185547,2.665168285369873
A15,3.034637451171875,2.8635764122009277,2.7274506092071533,2.4538400173187256,2.2811360359191895,1.9262940883636475,1.8024568557739258,1.4410139322280884,1.41374671459198,1.0786770582199097,1.1875813007354736,0.8540389537811279,0.5229699611663818,0.3679090142250061,0.0,2.084097146987915,2.427370309829712,2.4551663398742676,2.285984516143799,2.200930118560791,1.826211929321289,1.7785382270812988,1.4222763776779175,1.4697093963623047,1.168216586112976,1.3264851570129395,1.0695196390151978,0.8162639737129211,0.7509700655937195,0.6551786065101624,2.0059640407562256,2.3193206787109375,2.460765838623047,2.2562851905822754,2.230705499649048,1.8663498163223267,1.8726414442062378,1.5648936033248901,1.6588917970657349,1.4354950189590454,1.6268683671951294,1.4619781970977783,1.283018946647644,1.2714595794677734,1.2259323596954346,2.1988847255706787,2.3768630027770996,2.5913500785827637,2.35774827003479,2.3720152378082275,2.036699056625366,2.0931198596954346,1.8407951593399048,1.9653764963150024,1.816024899482727,2.0192198753356934,1.9325610399246216,1.8307738304138184,1.8415234088897705,1.8444668054580688,2.710275888442993,2.684431552886963,2.88753604888916,2.5911808013916016,2.6348137855529785,2.320815086364746,2.412169933319092,2.209446668624878,2.3609859943389893,2.2825725078582764,2.500352621078491,2.520826578140259,2.5533881187438965,2.6146533489227295,2.7335216999053955
B1,1.0884512662887573,1.114778995513916,1.06766939163208,1.0385700464248657,1.1785621643066406,1.0685007572174072,1.386472225189209,1.4216371774673462,1.8029674291610718,1.8847140073776245,2.2802882194519043,2.3271188735961914,2.0850327014923096,2.328880548477173,2.084097146987915,0.0,0.39038363099098206,0.659298837184906,0.7195723056793213,1.0263928174972534,1.0120863914489746,1.3752973079681396,1.4944932460784912,1.864222764968872,2.0362937450408936,2.4146177768707275,2.496814012527466,2.3068645000457764,2.541064500808716,2.3738155364990234,0.8311780095100403,0.7236350178718567,0.9952646493911743,0.8996389508247375,1.2002922296524048,1.21621572971344,1.5323870182037354,1.688577651977539,2.017580509185791,2.2239887714385986,2.587484359741211,2.7124106884002686,2.5856611728668213,2.830880641937256,2.738910675048828,1.5088589191436768,1.283516526222229,1.4777532815933228,1.3181148767471313,1.5611865520477295,1.577761173248291,1.836325764656067,1.9905784130096436,2.2693986892700195,2.4896504878997803,2.823389768600464,2.9957313537597656,2.9510650634765625,3.1994965076446533,3.1883246898651123,2.3484926223754883,2.035945415496826,2.0614736080169678,1.836661458015442,2.043933391571045,2.026717185974121,2.229361057281494,2.374617099761963,2.6007275581359863,2.8372275829315186,3.0781795978546143,3.338423490524292,3.454556703567505,3.7068498134613037,3.8720338344573975
B2,0.819203794002533,0.9212798476219177,0.8489392399787903,0.9588452577590942,1.1432596445083618,1.1607965230941772,1.498726487159729,1.6217987537384033,2.0031421184539795,2.1424665451049805,2.5333001613616943,2.618490219116211,2.3959481716156006,2.6603469848632812,2.427370309829712,0.39038363099098206,0.0,0.38988789916038513,0.5855436325073242,0.9513885974884033,1.0822148323059082,1.4530302286148071,1.6572606563568115,2.0224714279174805,2.24800181388855,2.6238245964050293,2.7417550086975098,2.5685949325561523,2.82743501663208,2.668503999710083,0.9417135119438171,0.6642850041389465,0.8468596339225769,0.7928503155708313,1.1192706823349,1.2559157609939575,1.5750080347061157,1.807602047920227,2.1324026584625244,2.3895771503448486,2.7508440017700195,2.9104974269866943,2.800015449523926,3.07214617729187,2.987396717071533,1.5675679445266724,1.263013243675232,1.3764206171035767,1.2389403581619263,1.4853882789611816,1.5915334224700928,1.8463656902313232,2.0666751861572266,2.340210199356079,2.607811450958252,2.939730405807495,3.146023750305176,3.1163084506988525,3.3938889503479004,3.3897721767425537,2.353121757507324,2.0106890201568604,1.9687315225601196,1.7669838666915894,1.9717968702316284,2.0214922428131104,2.2137680053710938,2.4146878719329834,2.630359649658203,2.9091947078704834,3.1380646228790283,3.428994655609131,3.557718276977539,3.833658218383789,4.006191253662109
B3,0.9726152420043945,1.0184696912765503,0.7930511236190796,0.9511825442314148,1.0354211330413818,1.118389368057251,1.4085357189178467,1.578016996383667,1.9393086433410645,2.1173977851867676,2.494313955307007,2.600856304168701,2.391359806060791,2.6719789505004883,2.4551663398742676,0.659298837184906,0.38988789916038513,0.0,0.3827844262123108,0.6846345663070679,0.9061634540557861,1.2577307224273682,1.5140206813812256,1.8699625730514526,2.128568649291992,2.499209403991699,2.6370952129364014,2.474670171737671,2.756457567214966,2.61014461517334,0.9144720435142517,0.6067656874656677,0.5886027216911316,0.4690629541873932,0.7756257653236389,0.9916113615036011,1.3036044836044312,1.588487982749939,1.9100301265716553,2.2011172771453857,2.5601625442504883,2.7406904697418213,2.641326665878296,2.938295364379883,2.8649020195007324,1.435004711151123,1.1147756576538086,1.1248793601989746,0.9391810297966003,1.1445053815841675,1.294252872467041,1.5336312055587769,1.7959386110305786,2.064513921737671,2.363644599914551,2.6947288513183594,2.921975612640381,2.9024813175201416,3.2050046920776367,3.211052656173706,2.129305124282837,1.795520305633545,1.6996846199035645,1.4726685285568237,1.6403703689575195,1.7130498886108398,1.882686734199524,2.11242938041687,2.3175253868103027,2.6218605041503906,2.843942165374756,3.1524643898010254,3.2870242595672607,3.5799472332000732,3.757319927215576
B4,0.999492883682251,0.8951804041862488,0.6030851006507874,0.6469007730484009,0.6611723303794861,0.7538399696350098,1.0396512746810913,1.2453869581222534,1.5997618436813354,1.8115521669387817,2.1794471740722656,2.3236794471740723,2.151212692260742,2.4613654613494873,2.285984516143799,0.7195723056793213,0.5855436325073242,0.3827844262123108,0.0,0.3774174153804779,0.600531280040741,0.9393991231918335,1.2207653522491455,1.5582866668701172,1.8434576988220215,2.2018630504608154,2.37595534324646,2.2543768882751465,2.562270402908325,2.461911678314209,1.1034862995147705,0.8988121747970581,0.8599710464477539,0.5650601387023926,0.7086153030395508,0.8435924649238586,1.0899324417114258,1.3650023937225342,1.64903724193573,1.9525395631790161,2.2918224334716797,2.5027730464935303,2.445957899093628,2.75844407081604,2.729743480682373,1.625825047492981,1.3628302812576294,1.3572877645492554,1.0804616212844849,1.1799830198287964,1.250728726387024,1.414961576461792,1.6422617435455322,1.8628907203674316,2.158485174179077,2.4622879028320312,2.7111716270446777,2.73199200630188,3.0382936000823975,3.085984230041504,2.2929177284240723,1.9978586435317993,1.9028663635253906,1.6170167922973633,1.7128387689590454,1.7232435941696167,1.829085111618042,2.013672351837158,2.170905351638794,2.4594318866729736,2.647369384765625,2.95953631401062,3.127408266067505,3.4039249420166016,3.6126816272735596
B5,1.32035493850708,1.1516222953796387,0.7995040416717529,0.7716410160064697,0.5835350155830383,0.6923211216926575,0.852817952632904,1.093483328819275,1.4001423120498657,1.6483919620513916,1.9874091148376465,2.1571569442749023,2.0141971111297607,2.340271234512329,2.200930118560791,1.0263928174972534,0.9513885974884033,0.6846345663070679,0.3774174153804779,0.0,0.3829963207244873,0.6328623294830322,0.9689407348632812,1.2745506763458252,1.5923162698745728,1.9336577653884888,2.134589195251465,2.0419843196868896,2.3739402294158936,2.307936429977417,1.2452242374420166,1.111729621887207,0.976222574710846,0.6029417514801025,0.5138093829154968,0.6048237085342407,0.7615538835525513,1.0672619342803955,1.3200303316116333,1.6526069641113281,1.976984977722168,2.214531421661377,2.187276840209961,2.5219428539276123,2.525041103363037,1.6572574377059937,1.4458659887313843,1.377699851989746,1.0340708494186401,1.0083411931991577,1.0300792455673218,1.113688588142395,1.337773084640503,1.5213454961776733,1.8335208892822266,2.121116876602173,2.3923912048339844,2.4401907920837402,2.763087749481201,2.839167833328247,2.2202584743499756,1.9707685708999634,1.8559303283691406,1.5247095823287964,1.5393460988998413,1.5100997686386108,1.552132487297058,1.716134786605835,1.83522367477417,2.12611985206604,2.2920749187469482,2.614076614379883,2.8006973266601562,3.077857732772827,3.304027557373047
B6,1.5421812534332275,1.3452415466308594,1.0526374578475952,0.8938324451446533,0.653104841709137,0.5408226251602173,0.6200857758522034,0.7622964978218079,1.0768263339996338,1.2881371974945068,1.6373597383499146,1.7839261293411255,1.6316829919815063,1.9578723907470703,1.826211929321289,1.0120863914489746,1.0822148323059082,0.9061634540557861,0.600531280040741,0.3829963207244873,0.0,0.3740856647491455,0.6226106286048889,0.9663069248199463,1.2479630708694458,1.6061266660690308,1.7843610048294067,1.6836977005004883,2.012462615966797,1.9554861783981323,1.2055983543395996,1.1910748481750488,1.1329824924468994,0.7588847875595093,0.6610944271087646,0.49805501103401184,0.621253490447998,0.8096676468849182,1.0765595436096191,1.3627307415008545,1.699262261390686,1.911001205444336,1.8766487836837769,2.1985061168670654,2.209249258041382,1.6223012208938599,1.4890937805175781,1.4907631874084473,1.1328296661376953,1.1010559797286987,0.9866105914115906,1.0563441514968872,1.1756292581558228,1.3594985008239746,1.6154859066009521,1.9072444438934326,2.1476852893829346,2.1884653568267822,2.48793363571167,2.5688655376434326,2.2140331268310547,2.002112865447998,1.9534335136413574,1.5993714332580566,1.6107507944107056,1.492660403251648,1.5366055965423584,1.6184625625610352,1.7429041862487793,1.978350281715393,2.155893564224243,2.443659782409668,2.6225247383117676,2.87327241897583,3.098802089691162
B7,1.847901701927185,1.6062439680099487,1.3010588884353638,1.104898452758789,0.7727868556976318,0.6611257791519165,0.5060356855392456,0.6513760685920715,0.8530126214027405,1.112668514251709,1.4092881679534912,1.597975254058838,1.5031757354736328,1.8475770950317383,1.7785382270812988,1.3752973079681396,1.4530302286148071,1.2577307224273682,0.9393991231918335,0.6328623294830322,0.3740856647491455,0.0,0.3832339942455292,0.642403781414032,0.9782364368438721,1.3043619394302368,1.530073881149292,1.4879852533340454,1.845955729484558,1.85044527053833,1.5111757516860962,1.5332990884780884,1.4341535568237305,1.0573753118515015,0.8412551283836365,0.6048945784568787,0.4792083203792572,0.5908501744270325,0.7571179270744324,1.0703378915786743,1.373724341392517,1.6273702383041382,1.6499613523483276,1.9934929609298706,2.059469223022461,1.8368983268737793,1.753334403038025,1.7180691957473755,1.339255690574646,1.2058764696121216,1.020392656326294,0.9561927914619446,0.9996898770332336,1.0923442840576172,1.338597297668457,1.5904170274734497,1.8577896356582642,1.9467828273773193,2.255164861679077,2.3832335472106934,2.3234000205993652,2.163923978805542,2.107546806335449,1.730177640914917,1.662628173828125,1.4901984930038452,1.4478760957717896,1.4640432596206665,1.5186506509780884,1.7260128259658813,1.860822319984436,2.1488699913024902,2.3594210147857666,2.5949654579162598,2.849574089050293
B8,2.117820978164673,1.8774142265319824,1.6131036281585693,1.372368574142456,1.0662416219711304,0.8360100388526917,0.6077741980552673,0.507568359375,0.6252416372299194,0.7959547638893127,1.0898404121398926,1.235515832901001,1.1301674842834473,1.4715486764907837,1.4222763776779175,1.4944932460784912,1.6572606563568115,1.5140206813812256,1.2207653522491455,0.9689407348632812,0.6226106286048889,0.3832339942455292,0.0,0.3807208240032196,0.6264493465423584,0.9860357642173767,1.1712167263031006,1.1180696487426758,1.4749188423156738,1.4981317520141602,1.5730624198913574,1.683915376663208,1.6384629011154175,1.2889126539230347,1.1042890548706055,0.7703680992126465,0.6299735307693481,0.47754353284835815,0.6110932230949402,0.8054525256156921,1.1229958534240723,1.3288885354995728,1.3401609659194946,1.6641716957092285,1.7422460317611694,1.8663132190704346,1.8561784029006958,1.876307725906372,1.5124095678329468,1.392756700515747,1.1192524433135986,1.052329182624817,0.9559118747711182,1.0352903604507446,1.1751656532287598,1.4243558645248413,1.636698842048645,1.711059808731079,1.9837102890014648,2.1154849529266357,2.3510050773620605,2.232980251312256,2.2373814582824707,1.8591127395629883,1.7972218990325928,1.556180715560913,1.52398681640625,1.4490034580230713,1.51084566116333,1.636443018913269,1.7857568264007568,2.0188028812408447,2.209745407104492,2.4097650051116943,2.6565093994140625
B9,2.4256856441497803,2.153377056121826,1.8890445232391357,1.6283512115478516,1.2926452159881592,1.0880012512207031,0.7625954747200012,0.6497291326522827,0.5173264145851135,0.7087986469268799,0.8753949999809265,1.082247257232666,1.081748604774475,1.4259827136993408,1.4697093963623047,1.864222764968872,2.0224714279174805,1.8699625730514526,1.5582866668701172,1.2745506763458252,0.9663069248199463,0.642403781414032,0.3807208240032196,0.0,0.39173391461372375,0.6655617952346802,0.9383245706558228,0.9998835325241089,1.3770426511764526,1.4926561117172241,1.9412873983383179,2.0587387084960938,1.9914824962615967,1.6379296779632568,1.4080862998962402,1.0853554010391235,0.8410616517066956,0.6070467233657837,0.4759160280227661,0.6019629836082458,0.8228939771652222,1.0866203308105469,1.1965909004211426,1.5284918546676636,1.685723066329956,2.1836154460906982,2.199578046798706,2.195643901824951,1.8269374370574951,1.6535236835479736,1.3591583967208862,1.1975393295288086,1.0195904970169067,0.9588584899902344,1.0261119604110718,1.1849331855773926,1.415228247642517,1.5592833757400513,1.8226417303085327,2.017025947570801,2.5836546421051025,2.5073928833007812,2.5052409172058105,2.1207804679870605,2.0045199394226074,1.7331823110580444,1.6277611255645752,1.4817355871200562,1.4559293985366821,1.5170154571533203,1.59889554977417,1.8097434043884277,2.0375235080718994,2.2015695571899414,2.4831206798553467
B10,2.7111363410949707,2.451733350753784,2.2118637561798096,1.9364738464355469,1.627302646636963,1.3695966005325317,1.067782998085022,0.8308846950531006,0.624047040939331,0.5850303173065186,0.6607028841972351,0.7624421715736389,0.7656670808792114,1.079060435295105,1.168216586112976,2.0362937450408936,2.24800181388855,2.128568649291992,1.8434576988220215,1.5923162698745728,1.2479630708694458,0.9782364368438721,0.6264493465423584,0.39173391461372375,0.0,0.38634058833122253,0.5615571141242981,0.6326137781143188,1.0043796300888062,1.1639487743377686,2.050571918487549,2.2320590019226074,2.2034575939178467,1.8783488273620605,1.677283763885498,1.31642484664917,1.1075122356414795,0.7761659026145935,0.6415464878082275,0.49471840262413025,0.6756881475448608,0.8220590949058533,0.9174123406410217,1.2053815126419067,1.3842674493789673,2.249469041824341,2.326423168182373,2.3662657737731934,2.0206451416015625,1.8683265447616577,1.530237078666687,1.3918673992156982,1.127575397491455,1.071126103401184,0.9949449896812439,1.131314992904663,1.2581218481063843,1.3710262775421143,1.5727285146713257,1.7669652700424194,2.632297992706299,2.5949456691741943,2.6460654735565186,2.272437334060669,2.1696879863739014,1.8558928966522217,1.773427963256836,1.5597501993179321,1.552712082862854,1.5222992897033691,1.6234158277511597,1.7539547681808472,1.9417285919189453,2.0580084323883057,2.318551540374756
B11,3.0512170791625977,2.771764039993286,2.5342555046081543,2.2476933002471924,1.9264960289001465,1.6863330602645874,1.3523313999176025,1.133468747138977,0.8286305665969849,0.7643686532974243,0.6122021675109863,0.7348599433898926,0.8848462700843811,1.135961651802063,1.3264851570129395,2.4146177768707275,2.6238245964050293,2.499209403991699,2.2018630504608154,1.9336577653884888,1.6061266660690308,1.3043619394302368,0.9860357642173767,0.6655617952346802,0.38634058833122253,0.0,0.397892028093338,0.6837323904037476,1.0006862878799438,1.2650279998779297,2.4310851097106934,2.6154863834381104,2.5743045806884766,2.2458789348602295,2.020907402038574,1.6695083379745483,1.419899344444275,1.087548017501831,0.8434770703315735,0.6018388271331787,0.524516224861145,0.6688272356987,0.9000934362411499,1.143572211265564,1.4116172790527344,2.596627712249756,2.690974235534668,2.7162511348724365,2.369951009750366,2.187610626220703,1.844560146331787,1.6572561264038086,1.3581421375274658,1.2067219018936157,1.0412285327911377,1.040738582611084,1.1357978582382202,1.3180533647537231,1.473511815071106,1.7324596643447876,2.913426637649536,2.9095726013183594,2.9583637714385986,2.585319995880127,2.44810152053833,2.1193909645080566,1.990114450454712,1.7279428243637085,1.6515376567840576,1.544782042503357,1.5723278522491455,1.646038293838501,1.8552405834197998,1.9109328985214233,2.198060989379883
B12,3.245410203933716,2.993419885635376,2.765324831008911,2.4843084812164307,2.1848249435424805,1.911036729812622,1.615276575088501,1.3412046432495117,1.0887929201126099,0.8986878991127014,0.751579225063324,0.6458584666252136,0.7242634296417236,0.8626654744148254,1.0695196390151978,2.496814012527466,2.7417550086975098,2.6370952129364014,2.37595534324646,2.134589195251465,1.7843610048294067,1.530073881149292,1.1712167263031006,0.9383245706558228,0.5615571141242981,0.397892028093338,0.0,0.37097495794296265,0.6171382665634155,0.9219988584518433,2.4281039237976074,2.665407419204712,2.6538960933685303,2.3600845336914062,2.164548873901367,1.7903974056243896,1.5855183601379395,1.2140557765960693,1.0423623323440552,0.6991825699806213,0.6570864319801331,0.5394879579544067,0.6624224185943604,0.8126270174980164,1.0794891119003296,2.539964437484741,2.687399387359619,2.7508621215820312,2.434420585632324,2.280125141143799,1.9121594429016113,1.7674685716629028,1.4295872449874878,1.3344820737838745,1.089669108390808,1.121659755706787,1.077727198600769,1.1659531593322754,1.2404941320419312,1.4627374410629272,2.8362839221954346,2.8645505905151367,2.963374614715576,2.6093008518218994,2.4967052936553955,2.1434481143951416,2.0567305088043213,1.7620748281478882,1.7387031316757202,1.578080177307129,1.6625887155532837,1.6643072366714478,1.7980897426605225,1.8215036392211914,2.0558860301971436
B13,3.1437647342681885,2.927410364151001,2.700634479522705,2.44099760055542,2.1648244857788086,1.8749663829803467,1.6309295892715454,1.3374617099761963,1.1810427904129028,0.960199236869812,0.9471413493156433,0.7492803931236267,0.6329293251037598,0.7211474180221558,0.8162639737129211,2.3068645000457764,2.5685949325561523,2.474670171737671,2.2543768882751465,2.0419843196868896,1.6836977005004883,1.4879852533340454,1.1180696487426758,0.9998835325241089,0.6326137781143188,0.6837323904037476,0.37097495794296265,0.0,0.3788914382457733,0.5820268988609314,2.1575515270233154,2.4289371967315674,2.4395322799682617,2.179814338684082,2.018547296524048,1.635528326034546,1.489859938621521,1.1117881536483765,1.0518776178359985,0.7189632654190063,0.8376851677894592,0.6485018134117126,0.5392577052116394,0.6714659333229065,0.8230494856834412,2.2366409301757812,2.4130537509918213,2.507521390914917,2.2181143760681152,2.1004691123962402,1.724908471107483,1.6409690380096436,1.3053369522094727,1.3069074153900146,1.0770596265792847,1.2198328971862793,1.1366468667984009,1.1074930429458618,1.1800938844680786,1.3095998764038086,2.5497634410858154,2.5809073448181152,2.7142817974090576,2.3768739700317383,2.3016586303710938,1.9447152614593506,1.9174424409866333,1.636311411857605,1.6935700178146362,1.5554182529449463,1.7236287593841553,1.730977177619934,1.8052915334701538,1.8645570278167725,2.04447340965271
