,A1,A2,A3,A4,A5,A6,A7,A8,A9,A10,A11,A12,A13,A14,A15,B1,B2,B3,B4,B5,B6,B7,B8,B9,B10,B11,B12,B13,B14,B15,C1,C2,C3,C4,C5,C6,C7,C8,C9,C10,C11,C12,C13,C14,C15,D1,D2,D3,D4,D5,D6,D7,D8,D9,D10,D11,D12,D13,D14,D15,E1,E2,E3,E4,E5,E6,E7,E8,E9,E10,E11,E12,E13,E14,E15
A1,0.0,0.3717322051525116,0.6521159410476685,0.8161172866821289,1.161524772644043,1.2117749452590942,1.5864108800888062,1.739327073097229,2.106675386428833,2.2582027912139893,2.561734676361084,2.704794406890869,2.486504316329956,2.7861530780792236,2.556640148162842,0.7586953043937683,0.5613453388214111,0.8401332497596741,0.8523281812667847,1.2250384092330933,1.3613646030426025,1.6970628499984741,1.9210559129714966,2.2509820461273193,2.47346568107605,2.7849318981170654,2.964731454849243,2.848884105682373,3.141197681427002,3.0325887203216553,1.3885037899017334,1.165876865386963,1.364310383796692,1.265173316001892,1.543184518814087,1.6829792261123657,1.9347114562988281,2.1783316135406494,2.4454586505889893,2.71128511428833,2.9900949001312256,3.2322163581848145,3.204880952835083,3.497957706451416,3.450007200241089,2.0122251510620117,1.7639179229736328,1.9040087461471558,1.752357840538025,1.960538387298584,2.0783448219299316,2.253244161605835,2.484171152114868,2.680959701538086,2.971789836883545,3.193174362182617,3.4919819831848145,3.5808298587799072,3.851046562194824,3.893551826477051,2.693345546722412,2.3990957736968994,2.4584567546844482,2.257009744644165,2.4501445293426514,2.520601272583008,2.62005615234375,2.8267874717712402,2.9171628952026367,3.2376463413238525,3.288731575012207,3.6847705841064453,3.801093816757202,4.151991844177246,4.37640905380249
A2,0.3717322051525116,0.0,0.38589170575141907,0.5638558268547058,0.9395226836204529,1.0841565132141113,1.4332387447357178,1.656957983970642,1.998746395111084,2.207566499710083,2.4847192764282227,2.678086042404175,2.504580020904541,2.8320140838623047,2.646787643432617,0.9909195303916931,0.7720581293106079,0.9080150723457336,0.8031735420227051,1.1129761934280396,1.2962074279785156,1.577651023864746,1.8486407995224,2.145099401473999,2.4146738052368164,2.6994524002075195,2.9233169555664062,2.849350690841675,3.1649012565612793,3.0974087715148926,1.5914809703826904,1.361601710319519,1.4741473197937012,1.303666353225708,1.5017513036727905,1.6539092063903809,1.8431878089904785,2.108581066131592,2.334414005279541,2.633469343185425,2.880443572998047,3.1580610275268555,3.169163703918457,3.48038911819458,3.4685781002044678,2.1753273010253906,1.9322412014007568,2.0118248462677,1.8085263967514038,1.9481925964355469,2.0611886978149414,2.1753897666931152,2.4119584560394287,2.563671112060547,2.874661684036255,3.0619256496429443,3.3875694274902344,3.509037971496582,3.792501926422119,3.8665030002593994,2.806877374649048,2.531554937362671,2.5487442016601562,2.309687852859497,2.446751117706299,2.504606008529663,2.54811429977417,2.74574613571167,2.7885289192199707,3.109562635421753,3.1207284927368164,3.51961612701416,3.6271510124206543,3.96502685546875,4.202877998352051
A3,0.6521159410476685,0.38589170575141907,0.0,0.3887394964694977,0.658711850643158,0.8884893655776978,1.1974481344223022,1.4662177562713623,1.7961896657943726,2.036895990371704,2.320441722869873,2.537548303604126,2.3877291679382324,2.731091022491455,2.5780563354492188,1.0035830736160278,0.7734924554824829,0.7347627878189087,0.5396165251731873,0.7770364880561829,1.0222936868667603,1.2721986770629883,1.5857702493667603,1.87553870677948,2.1737444400787354,2.458137273788452,2.7035584449768066,2.6409544944763184,2.977938413619995,2.9239325523376465,1.4931787252426147,1.2663729190826416,1.2856826782226562,1.0544929504394531,1.1813483238220215,1.3519022464752197,1.5073105096817017,1.8000872135162354,2.0170063972473145,2.340029001235962,2.5832982063293457,2.8766214847564697,2.8948240280151367,3.223841667175293,3.2214853763580322,2.00683856010437,1.7773771286010742,1.799630045890808,1.5518920421600342,1.6359871625900269,1.7461320161819458,1.826428771018982,2.0755574703216553,2.2147092819213867,2.542569875717163,2.7263572216033936,3.063659429550171,3.1880943775177,3.4864068031311035,3.5660879611968994,2.5771138668060303,2.325455904006958,2.310272693634033,2.039929151535034,2.135035276412964,2.181283950805664,2.1943366527557373,2.3910067081451416,2.4178223609924316,2.7443506717681885,2.7493836879730225,3.1496846675872803,3.268968343734741,3.6034562587738037,3.85321307182312
A4,0.8161172866821289,0.5638558268547058,0.3887394964694977,0.0,0.3956136703491211,0.5806665420532227,0.8907972574234009,1.162189245223999,1.475570797920227,1.727445125579834,1.9845367670059204,2.217367649078369,2.091470718383789,2.443777561187744,2.3182213306427,1.052385687828064,0.9623913764953613,0.9548131227493286,0.6356808543205261,0.7720823884010315,0.8909668922424316,1.0934292078018188,1.3713023662567139,1.6271443367004395,1.9242686033248901,2.1815614700317383,2.436516523361206,2.4044177532196045,2.737001895904541,2.7193663120269775,1.5767325162887573,1.4385027885437012,1.4809333086013794,1.1861538887023926,1.26262629032135,1.3264973163604736,1.4321016073226929,1.6658588647842407,1.8410794734954834,2.1461031436920166,2.361466884613037,2.6575450897216797,2.7057528495788574,3.022446632385254,3.0528852939605713,2.098555326461792,1.932279109954834,1.9803466796875,1.6912223100662231,1.749072551727295,1.7752265930175781,1.8209612369537354,2.0060410499572754,2.1064836978912354,2.4043290615081787,2.5580432415008545,2.890254497528076,3.0433192253112793,3.3211443424224854,3.430713176727295,2.676227331161499,2.4658076763153076,2.4823718070983887,2.1820225715637207,2.262901544570923,2.24322772026062,2.2388010025024414,2.3751614093780518,2.3799710273742676,2.6696534156799316,2.6560912132263184,3.048572540283203,3.1234958171844482,3.4608328342437744,3.683377265930176
A5,1.161524772644043,0.9395226836204529,0.658711850643158,0.3956136703491211,0.0,0.3778960108757019,0.5643051266670227,0.8966999650001526,1.177207350730896,1.4669442176818848,1.7196741104125977,1.9793883562088013,1.8905659914016724,2.2557458877563477,2.177651882171631,1.1929668188095093,1.1542282104492188,1.0372308492660522,0.6562041640281677,0.5691904425621033,0.6388179659843445,0.7370631098747253,1.043988585472107,1.2707934379577637,1.5985922813415527,1.8438786268234253,2.1235334873199463,2.115344762802124,2.4658753871917725,2.4766297340393066,1.5806697607040405,1.4961405992507935,1.4674758911132812,1.1132118701934814,1.0744712352752686,1.0767695903778076,1.1023057699203491,1.3237011432647705,1.4649810791015625,1.7850862741470337,1.9854602813720703,2.2969918251037598,2.3637356758117676,2.6918654441833496,2.7447497844696045,2.0116753578186035,1.8967679738998413,1.905092716217041,1.5687414407730103,1.5551872253417969,1.5236650705337524,1.5125575065612793,1.6668084859848022,1.7336676120758057,2.0302178859710693,2.1687018871307373,2.5078978538513184,2.6744091510772705,2.9565722942352295,3.0830302238464355,2.517524242401123,2.355626344680786,2.3599331378936768,2.025172233581543,2.0580124855041504,1.9888020753860474,1.9475829601287842,2.0449986457824707,2.0259315967559814,2.298473596572876,2.2750179767608643,2.6639938354492188,2.7300503253936768,3.068474769592285,3.2879018783569336
A6,1.2117749452590942,1.0841565132141113,0.8884893655776978,0.5806665420532227,0.3778960108757019,0.0,0.3793725371360779,0.5845475196838379,0.9207270741462708,1.1539816856384277,1.4331482648849487,1.655285120010376,1.5370742082595825,1.8972878456115723,1.8061975240707397,1.0692535638809204,1.1584627628326416,1.1049548387527466,0.7373543381690979,0.678845226764679,0.5217497944831848,0.6577880382537842,0.8366175293922424,1.088841199874878,1.3564530611038208,1.6193113327026367,1.859302043914795,1.8311185836791992,2.1632418632507324,2.1675281524658203,1.4509222507476807,1.4556761980056763,1.488335371017456,1.136543869972229,1.1366125345230103,1.025956153869629,1.0859845876693726,1.211800456047058,1.3702195882797241,1.6277300119400024,1.846021294593811,2.1173927783966064,2.1669416427612305,2.4683239459991455,2.5137321949005127,1.8999125957489014,1.8421523571014404,1.9116472005844116,1.5806818008422852,1.6082255840301514,1.5087932348251343,1.5376073122024536,1.623753309249878,1.712428331375122,1.9528396129608154,2.10741925239563,2.407644271850586,2.561378240585327,2.811589002609253,2.930943727493286,2.4452273845672607,2.307046890258789,2.3706905841827393,2.0412044525146484,2.112814426422119,2.0003116130828857,2.0045061111450195,2.059542417526245,2.0787179470062256,2.3156630992889404,2.326132297515869,2.700273036956787,2.7390782833099365,3.092881441116333,3.2721314430236816
A7,1.5864108800888062,1.4332387447357178,1.1974481344223022,0.8907972574234009,0.5643051266670227,0.3793725371360779,0.0,0.38655421137809753,0.6140239834785461,0.9242162108421326,1.164508581161499,1.4384037256240845,1.3930034637451172,1.7654350996017456,1.7506189346313477,1.4014455080032349,1.5023932456970215,1.393062949180603,1.023625373840332,0.8249148726463318,0.6066576242446899,0.4930548071861267,0.6208505630493164,0.7689433097839355,1.0807650089263916,1.2989046573638916,1.5828919410705566,1.6108572483062744,1.9582993984222412,2.019639730453491,1.6754882335662842,1.7204971313476562,1.699143648147583,1.32490873336792,1.2187260389328003,1.0337809324264526,0.9638765454292297,1.0163159370422363,1.0833288431167603,1.3414084911346436,1.5133605003356934,1.8084379434585571,1.903069019317627,2.2095654010772705,2.30131459236145,2.0267367362976074,2.020962715148926,2.0536415576934814,1.6939659118652344,1.646256685256958,1.4786776304244995,1.4269217252731323,1.44319486618042,1.461244821548462,1.6766120195388794,1.7873002290725708,2.09303617477417,2.280438184738159,2.5247418880462646,2.6801915168762207,2.485646963119507,2.402839183807373,2.453796863555908,2.0993757247924805,2.1154613494873047,1.9454913139343262,1.9001035690307617,1.8902631998062134,1.866655945777893,2.0610761642456055,2.0445549488067627,2.4039764404296875,2.410038948059082,2.7596418857574463,2.9246418476104736
A8,1.739327073097229,1.656957983970642,1.4662177562713623,1.162189245223999,0.8966999650001526,0.5845475196838379,0.38655421137809753,0.0,0.3848697245121002,0.5746299028396606,0.8753373622894287,1.0904715061187744,1.0110960006713867,1.3819403648376465,1.3679953813552856,1.4138473272323608,1.6074265241622925,1.5384702682495117,1.209164023399353,1.0450270175933838,0.7109240293502808,0.6276691555976868,0.494858980178833,0.6395142078399658,0.8248295783996582,1.0687602758407593,1.2901455163955688,1.2908356189727783,1.6173638105392456,1.6755409240722656,1.6245468854904175,1.7552510499954224,1.7770063877105713,1.4276580810546875,1.3537131547927856,1.081272840499878,1.0464484691619873,0.9692699909210205,1.0477038621902466,1.1975904703140259,1.390116810798645,1.6200681924819946,1.687943458557129,1.9576399326324463,2.0397775173187256,1.951429009437561,2.0103681087493896,2.092855930328369,1.7519044876098633,1.7389860153198242,1.51179838180542,1.5022262334823608,1.4405083656311035,1.4846019744873047,1.619537591934204,1.7501490116119385,1.9961645603179932,2.1598715782165527,2.3623974323272705,2.5053069591522217,2.420837163925171,2.371211528778076,2.477152109146118,2.1370632648468018,2.1868948936462402,1.9777601957321167,1.980604887008667,1.9268652200698853,1.9488438367843628,2.098384380340576,2.1255455017089844,2.457812786102295,2.438699960708618,2.7991998195648193,2.917417287826538
A9,2.106675386428833,1.998746395111084,1.7961896657943726,1.475570797920227,1.177207350730896,0.9207270741462708,0.6140239834785461,0.3848697245121002,0.0,0.387106329202652,0.5616995692253113,0.8639397621154785,0.9168745875358582,1.2801238298416138,1.3751864433288574,1.7968823909759521,1.9888675212860107,1.9009921550750732,1.56442391872406,1.351701021194458,1.0342458486557007,0.826964259147644,0.6153160333633423,0.498660683631897,0.6507306694984436,0.7702699303627014,1.043148159980774,1.1441553831100464,1.4632900953292847,1.6094721555709839,1.9671236276626587,2.1157968044281006,2.1109960079193115,1.7562415599822998,1.625921607017517,1.326685905456543,1.195378065109253,1.0287855863571167,0.9673060774803162,1.0534223318099976,1.1500452756881714,1.3858039379119873,1.5225337743759155,1.7723630666732788,1.921903371810913,2.2267420291900635,2.322136163711548,2.381795644760132,2.0310397148132324,1.9669748544692993,1.6960320472717285,1.6184144020080566,1.47771418094635,1.434346079826355,1.5030461549758911,1.5606352090835571,1.7882194519042969,1.9960212707519531,2.168975830078125,2.360537528991699,2.620389223098755,2.618607759475708,2.7168469429016113,2.3663346767425537,2.3721861839294434,2.118185520172119,2.0777242183685303,1.9545326232910156,1.931031584739685,2.0140154361724854,2.0081052780151367,2.3047428131103516,2.229243755340576,2.5767149925231934,2.660050392150879
A10,2.2582027912139893,2.207566499710083,2.036895990371704,1.727445125579834,1.4669442176818848,1.1539816856384277,0.9242162108421326,0.5746299028396606,0.387106329202652,0.0,0.3853316307067871,0.5266892910003662,0.5359235405921936,0.8954720497131348,1.0102049112319946,1.8485472202301025,2.102097749710083,2.047093391418457,1.749690055847168,1.5727952718734741,1.2100765705108643,1.0656075477600098,0.7452858090400696,0.6571747064590454,0.5528103113174438,0.6838288307189941,0.8115208148956299,0.8649662733078003,1.140239953994751,1.283547043800354,1.9561767578125,2.169128894805908,2.201425313949585,1.880169153213501,1.7873088121414185,1.4474395513534546,1.3685399293899536,1.1271227598190308,1.1016688346862793,1.0554015636444092,1.1762878894805908,1.3019936084747314,1.388055443763733,1.5777394771575928,1.7058719396591187,2.18436336517334,2.332488775253296,2.4360971450805664,2.114495277404785,2.0888431072235107,1.7870221138000488,1.760414719581604,1.5716726779937744,1.5707945823669434,1.561200499534607,1.6489667892456055,1.7968164682388306,1.9606255292892456,2.0808613300323486,2.245736837387085,2.580618381500244,2.606065034866333,2.7537550926208496,2.4270951747894287,2.4692327976226807,2.194943428039551,2.2068912982940674,2.059981107711792,2.0890848636627197,2.138003349304199,2.182748794555664,2.449049711227417,2.3617608547210693,2.713336944580078,2.751152515411377
A11,2.561734676361084,2.4847192764282227,2.320441722869873,1.9845367670059204,1.7196741104125977,1.4331482648849487,1.164508581161499,0.8753373622894287,0.5616995692253113,0.3853316307067871,0.0,0.39415714144706726,0.6449740529060364,0.9264087080955505,1.1555249691009521,2.205174446105957,2.451467275619507,2.399897813796997,2.082841157913208,1.892923355102539,1.5497111082077026,1.359564185142517,1.0650880336761475,0.8611048460006714,0.743802547454834,0.6547938585281372,0.7924634218215942,0.9796627759933472,1.1881654262542725,1.4276409149169922,2.3407881259918213,2.5480740070343018,2.5748770236968994,2.2435266971588135,2.1282272338867188,1.7934309244155884,1.665502667427063,1.408373475074768,1.2890422344207764,1.2015962600708008,1.1994069814682007,1.310088872909546,1.4725854396820068,1.613297462463379,1.8124709129333496,2.5605154037475586,2.7145724296569824,2.8073394298553467,2.478013515472412,2.425595760345459,2.114114284515381,2.042346477508545,1.8213626146316528,1.750200629234314,1.6938903331756592,1.6983648538589478,1.8199836015701294,2.028719902038574,2.1064536571502686,2.3213491439819336,2.9234681129455566,2.969174385070801,3.1083691120147705,2.7751705646514893,2.7896037101745605,2.4972877502441406,2.4731905460357666,2.287184715270996,2.271160364151001,2.2691214084625244,2.271613836288452,2.4999899864196777,2.3530004024505615,2.6782450675964355,2.6760518550872803
A12,2.704794406890869,2.678086042404175,2.537548303604126,2.217367649078369,1.9793883562088013,1.655285120010376,1.4384037256240845,1.0904715061187744,0.8639397621154785,0.5266892910003662,0.39415714144706726,0.0,0.3703623414039612,0.5498124361038208,0.8401798605918884,2.267225980758667,2.5583415031433105,2.5328447818756104,2.2527623176574707,2.092668056488037,1.7225427627563477,1.5831012725830078,1.2381783723831177,1.0896011590957642,0.8382154703140259,0.7829303741455078,0.7088784575462341,0.8154278993606567,0.9204545617103577,1.1527316570281982,2.343907356262207,2.6005289554595947,2.6582388877868652,2.360811948776245,2.279639959335327,1.9225668907165527,1.843375563621521,1.5492647886276245,1.4782570600509644,1.306636929512024,1.3420417308807373,1.3392752408981323,1.429925560951233,1.4945071935653687,1.6563485860824585,2.5313985347747803,2.727165460586548,2.857475996017456,2.5595061779022217,2.5432379245758057,2.2159130573272705,2.1928048133850098,1.9473170042037964,1.9238169193267822,1.8156672716140747,1.8597428798675537,1.9086531400680542,2.060532569885254,2.086595296859741,2.261401653289795,2.892521619796753,2.9593610763549805,3.1413843631744385,2.835118055343628,2.884366273880005,2.583170175552368,2.6086323261260986,2.413757562637329,2.448974847793579,2.4287407398223877,2.4814021587371826,2.6876351833343506,2.544447422027588,2.872286081314087,2.8350577354431152
A13,2.486504316329956,2.504580020904541,2.3877291679382324,2.091470718383789,1.8905659914016724,1.5370742082595825,1.3930034637451172,1.0110960006713867,0.9168745875358582,0.5359235405921936,0.6449740529060364,0.3703623414039612,0.0,0.3741222620010376,0.513757050037384,1.9937247037887573,2.312854528427124,2.3157222270965576,2.070204019546509,1.955345869064331,1.5738352537155151,1.5120195150375366,1.1631017923355103,1.1316401958465576,0.8764376640319824,0.9736629128456116,0.8623908758163452,0.8051105737686157,0.9125728607177734,1.015730381011963,2.051485300064087,2.330073356628418,2.422658920288086,2.1542117595672607,2.123706340789795,1.7702494859695435,1.7638360261917114,1.4910818338394165,1.5144178867340088,1.3630919456481934,1.496151328086853,1.4840903282165527,1.490559697151184,1.5677368640899658,1.643999695777893,2.2605390548706055,2.459465742111206,2.6265347003936768,2.3546359539031982,2.388413667678833,2.077601671218872,2.117879629135132,1.905202031135559,1.95534348487854,1.877985954284668,1.9938647747039795,2.0499014854431152,2.1514532566070557,2.197070360183716,2.314709186553955,2.6752941608428955,2.720641851425171,2.931844472885132,2.6469666957855225,2.7424232959747314,2.464522361755371,2.5411369800567627,2.3861734867095947,2.47232985496521,2.4937491416931152,2.5875048637390137,2.820657253265381,2.7235536575317383,3.070753574371338,3.0580596923828125
A14,2.7861530780792236,2.8320140838623047,2.731091022491455,2.443777561187744,2.2557458877563477,1.8972878456115723,1.7654350996017456,1.3819403648376465,1.2801238298416138,0.8954720497131348,0.9264087080955505,0.5498124361038208,0.3741222620010376,0.0,0.388409286737442,2.2553505897521973,2.5970458984375,2.615710735321045,2.3968002796173096,2.294508695602417,1.9105125665664673,1.8595868349075317,1.4964064359664917,1.45388662815094,1.1420671939849854,1.19053053855896,0.9631490111351013,0.8697304725646973,0.8113968372344971,0.9037094116210938,2.261672019958496,2.5728707313537598,2.6820294857025146,2.4428884983062744,2.425882339477539,2.0649263858795166,2.0714938640594482,1.773610234260559,1.7944542169570923,1.5810658931732178,1.6955486536026,1.5991157293319702,1.5684733390808105,1.5567528009414673,1.6105901002883911,2.4240550994873047,2.6591808795928955,2.847801685333252,2.604501485824585,2.6533713340759277,2.331634283065796,2.3896777629852295,2.1506385803222656,2.2093138694763184,2.0803205966949463,2.1953961849212646,2.1870365142822266,2.253183603286743,2.240419387817383,2.3335485458374023,2.808173656463623,2.881704568862915,3.122446060180664,2.8630738258361816,2.9734134674072266,2.6852636337280273,2.7862699031829834,2.6118552684783936,2.720258951187134,2.709299087524414,2.8262064456939697,3.0265989303588867,2.91499924659729,3.251643419265747,3.1991493701934814
A15,2.556640148162842,2.646787643432617,2.5780563354492188,2.3182213306427,2.177651882171631,1.8061975240707397,1.7506189346313477,1.3679953813552856,1.3751864433288574,1.0102049112319946,1.1555249691009521,0.8401798605918884,0.513757050037384,0.388409286737442,0.0,1.9913475513458252,2.3551249504089355,2.411130666732788,2.2310431003570557,2.1838009357452393,1.8070077896118164,1.8350752592086792,1.4982060194015503,1.5544668436050415,1.280738353729248,1.4288275241851807,1.231398582458496,1.0501073598861694,1.0296539068222046,0.971867561340332,1.995181918144226,2.3190417289733887,2.4703896045684814,2.2659201622009277,2.3067471981048584,1.9671725034713745,2.045330762863159,1.7896493673324585,1.8903229236602783,1.7204159498214722,1.905839204788208,1.8314306735992432,1.7484403848648071,1.7678484916687012,1.746786117553711,2.197577953338623,2.422597646713257,2.651151180267334,2.438842535018921,2.541592836380005,2.2513012886047363,2.3686347007751465,2.176661968231201,2.2967922687530518,2.2122342586517334,2.381265640258789,2.397700548171997,2.4320082664489746,2.450132369995117,2.4972963333129883,2.6505606174468994,2.6893081665039062,2.955874443054199,2.72112774848938,2.878748655319214,2.625314235687256,2.7706716060638428,2.6447155475616455,2.7914726734161377,2.8270411491394043,2.9694316387176514,3.200047016143799,3.129986524581909,3.4826271533966064,3.4609854221343994
B1,0.7586953043937683,0.9909195303916931,1.0035830736160278,1.052385687828064,1.1929668188095093,1.0692535638809204,1.4014455080032349,1.4138473272323608,1.7968823909759521,1.8485472202301025,2.205174446105957,2.267225980758667,1.9937247037887573,2.2553505897521973,1.9913475513458252,0.0,0.3932269513607025,0.637628972530365,0.706838071346283,1.021414875984192,1.0008429288864136,1.3834829330444336,1.4963138103485107,1.8683969974517822,2.0001351833343506,2.3546979427337646,2.4588918685913086,2.2751991748809814,2.54085111618042,2.375743865966797,0.6929501295089722,0.6448150277137756,0.9375192523002625,0.8558768630027771,1.1884156465530396,1.2198200225830078,1.5481714010238647,1.7169215679168701,2.0420010089874268,2.235239267349243,2.5638315677642822,2.737039804458618,2.6446990966796875,2.9099433422088623,2.8108603954315186,1.348686933517456,1.18820059299469,1.4196100234985352,1.277213215827942,1.5501586198806763,1.5943719148635864,1.8475220203399658,2.024069309234619,2.2845535278320312,2.5185463428497314,2.7935125827789307,3.033106565475464,3.0650296211242676,3.3078973293304443,3.304234027862549,2.0766818523406982,1.8188538551330566,1.9655985832214355,1.7712727785110474,2.023355484008789,2.0432846546173096,2.2220001220703125,2.3953053951263428,2.561722755432129,2.8523716926574707,2.9766275882720947,3.3521974086761475,3.472381830215454,3.8437345027923584,4.031201362609863
B2,0.5613453388214111,0.7720581293106079,0.7734924554824829,0.9623913764953613,1.1542282104492188,1.1584627628326416,1.5023932456970215,1.6074265241622925,1.9888675212860107,2.102097749710083,2.451467275619507,2.5583415031433105,2.312854528427124,2.5970458984375,2.3551249504089355,0.3932269513607025,0.0,0.3857274353504181,0.5801551342010498,0.9560679197311401,1.0828139781951904,1.4575746059417725,1.6586765050888062,2.0273475646972656,2.216538429260254,2.5663528442382812,2.711704730987549,2.548661470413208,2.8403470516204834,2.6880524158477783,0.8559896349906921,0.6082687973976135,0.8247860074043274,0.7777165174484253,1.1212928295135498,1.271784782409668,1.5871213674545288,1.8318884372711182,2.151825428009033,2.3976309299468994,2.7186639308929443,2.928238868713379,2.8508780002593994,3.1442761421203613,3.053213596343994,1.4568647146224976,1.2035819292068481,1.358263373374939,1.2279353141784668,1.4845503568649292,1.6142008304595947,1.8480980396270752,2.089440107345581,2.3418686389923096,2.623178005218506,2.8916261196136475,3.1640625,3.2047762870788574,3.4779350757598877,3.4787471294403076,2.1365673542022705,1.8396331071853638,1.9161738157272339,1.7279213666915894,1.9569123983383179,2.036823272705078,2.187268018722534,2.410169839859009,2.5550246238708496,2.8802976608276367,2.984598398208618,3.373011827468872,3.520969867706299,3.8816847801208496,4.103819370269775
B3,0.8401332497596741,0.9080150723457336,0.7347627878189087,0.9548131227493286,1.0372308492660522,1.1049548387527466,1.393062949180603,1.5384702682495117,1.9009921550750732,2.047093391418457,2.399897813796997,2.5328447818756104,2.3157222270965576,2.615710735321045,2.411130666732788,0.637628972530365,0.3857274353504181,0.0,0.3854583203792572,0.685884416103363,0.8988109827041626,1.2446469068527222,1.4915497303009033,1.8552768230438232,2.0739595890045166,2.4245035648345947,2.592729330062866,2.440019130706787,2.756504535675049,2.6163318157196045,0.8360998034477234,0.5548276901245117,0.5687642097473145,0.45204073190689087,0.7704789638519287,0.9917986392974854,1.2957539558410645,1.5860087871551514,1.9077377319335938,2.181875705718994,2.5033297538757324,2.729249954223633,2.6545209884643555,2.9710943698883057,2.8853960037231445,1.3124337196350098,1.04938542842865,1.1055177450180054,0.920945942401886,1.132691502571106,1.2955695390701294,1.5124094486236572,1.7893048524856567,2.04241681098938,2.348616123199463,2.6206157207489014,2.906031847000122,2.943432569503784,3.2385597229003906,3.2397453784942627,1.9101022481918335,1.6260206699371338,1.64693021774292,1.4228169918060303,1.6120867729187012,1.7027767896652222,1.8300615549087524,2.0730278491973877,2.2109503746032715,2.5518243312835693,2.656219482421875,3.046058177947998,3.21704363822937,3.571645975112915,3.8122634887695312
B4,0.8523281812667847,0.8031735420227051,0.5396165251731873,0.6356808543205261,0.6562041640281677,0.7373543381690979,1.023625373840332,1.209164023399353,1.56442391872406,1.749690055847168,2.082841157913208,2.2527623176574707,2.070204019546509,2.3968002796173096,2.2310431003570557,0.706838071346283,0.5801551342010498,0.3854583203792572,0.0,0.3904707431793213,0.6036320328712463,0.9350606203079224,1.2112231254577637,1.5546419620513916,1.8082364797592163,2.1363818645477295,2.339214563369751,2.2288267612457275,2.5620152950286865,2.4711084365844727,1.0221168994903564,0.8588781952857971,0.8504213094711304,0.5561730861663818,0.7215166091918945,0.8589447736740112,1.093690276145935,1.3743029832839966,1.654831051826477,1.9475607872009277,2.2397472858428955,2.493635892868042,2.46289324760437,2.7869653701782227,2.747605800628662,1.4936668872833252,1.3070356845855713,1.3458107709884644,1.0705782175064087,1.1866768598556519,1.2624081373214722,1.4042295217514038,1.642742395401001,1.8431352376937866,2.149953842163086,2.3855106830596924,2.689748764038086,2.769977331161499,3.062206268310547,3.106525182723999,2.0661709308624268,1.8365013599395752,1.8569729328155518,1.5738604068756104,1.7018356323242188,1.7198915481567383,1.7880598306655884,1.9781851768493652,2.0672168731689453,2.3887434005737305,2.4554293155670166,2.849679946899414,2.985518455505371,3.339979410171509,3.571758270263672
B5,1.2250384092330933,1.1129761934280396,0.7770364880561829,0.7720823884010315,0.5691904425621033,0.678845226764679,0.8249148726463318,1.0450270175933838,1.351701021194458,1.5727952718734741,1.892923355102539,2.092668056488037,1.955345869064331,2.294508695602417,2.1838009357452393,1.021414875984192,0.9560679197311401,0.685884416103363,0.3904707431793213,0.0,0.384633332490921,0.608900785446167,0.9413936138153076,1.2566207647323608,1.5462461709976196,1.8595649003982544,2.0920653343200684,2.010798454284668,2.366255521774292,2.310009717941284,1.1763622760772705,1.082683801651001,0.9609286785125732,0.5866391062736511,0.5093246102333069,0.5964001417160034,0.7373407483100891,1.0474401712417603,1.3023629188537598,1.6247544288635254,1.9022597074508667,2.178081512451172,2.1690866947174072,2.5120410919189453,2.4997334480285645,1.5081170797348022,1.3845593929290771,1.3506536483764648,1.0043760538101196,0.9966914653778076,1.0091626644134521,1.0723609924316406,1.3020951747894287,1.4708245992660522,1.7928688526153564,2.0146806240081787,2.333742141723633,2.4297916889190674,2.734863042831421,2.799738883972168,1.9728976488113403,1.802884817123413,1.791582703590393,1.4577522277832031,1.5089467763900757,1.4712164402008057,1.4826034307479858,1.6410737037658691,1.699140191078186,2.014951705932617,2.0683367252349854,2.4633867740631104,2.5978009700775146,2.9504857063293457,3.186984062194824
B6,1.3613646030426025,1.2962074279785156,1.0222936868667603,0.8909668922424316,0.6388179659843445,0.5217497944831848,0.6066576242446899,0.7109240293502808,1.0342458486557007,1.2100765705108643,1.5497111082077026,1.7225427627563477,1.5738352537155151,1.9105125665664673,1.8070077896118164,1.0008429288864136,1.0828139781951904,0.8988109827041626,0.6036320328712463,0.384633332490921,0.0,0.38541990518569946,0.608077347278595,0.961082398891449,1.2075711488723755,1.538157343864441,1.7443259954452515,1.652861475944519,2.001854419708252,1.9521077871322632,1.1238542795181274,1.1591315269470215,1.105571985244751,0.7349862456321716,0.669644296169281,0.5058044195175171,0.6433979868888855,0.8240051865577698,1.0907090902328491,1.3594557046890259,1.6510423421859741,1.8975894451141357,1.8826855421066284,2.206817626953125,2.200221300125122,1.4508925676345825,1.419640064239502,1.4505919218063354,1.0997767448425293,1.1107540130615234,0.9923182129859924,1.0671995878219604,1.1863800287246704,1.356865644454956,1.6174982786178589,1.8449406623840332,2.1312382221221924,2.2272677421569824,2.5016658306121826,2.5727107524871826,1.9386945962905884,1.8180863857269287,1.873451828956604,1.534591555595398,1.6072971820831299,1.4887847900390625,1.5290460586547852,1.6091105937957764,1.6886651515960693,1.952132225036621,2.026792526245117,2.4047956466674805,2.498872995376587,2.865992546081543,3.059828281402588
B7,1.6970628499984741,1.577651023864746,1.2721986770629883,1.0934292078018188,0.7370631098747253,0.6577880382537842,0.4930548071861267,0.6276691555976868,0.826964259147644,1.0656075477600098,1.359564185142517,1.5831012725830078,1.5120195150375366,1.8595868349075317,1.8350752592086792,1.3834829330444336,1.4575746059417725,1.2446469068527222,0.9350606203079224,0.608900785446167,0.38541990518569946,0.0,0.39168763160705566,0.6507135629653931,0.9722886681556702,1.2597090005874634,1.5212208032608032,1.4935276508331299,1.8649327754974365,1.8801571130752563,1.458363652229309,1.5130456686019897,1.404636263847351,1.0304726362228394,0.8258770704269409,0.5951000452041626,0.47136440873146057,0.591193437576294,0.7579942345619202,1.0704727172851562,1.319205641746521,1.6076332330703735,1.6462162733078003,1.9884990453720093,2.0367374420166016,1.678011417388916,1.6932756900787354,1.670471429824829,1.2951833009719849,1.1942052841186523,0.9984453916549683,0.936606764793396,0.9793543219566345,1.0579181909561157,1.3188084363937378,1.5017935037612915,1.8118529319763184,1.9502191543579102,2.2314469814300537,2.3464794158935547,2.048865795135498,1.9903768301010132,2.0160553455352783,1.649591088294983,1.6387600898742676,1.4545354843139648,1.4130977392196655,1.4185022115707397,1.434221625328064,1.6629295349121094,1.7009994983673096,2.0742523670196533,2.1422033309936523,2.5063910484313965,2.6969664096832275
B8,1.9210559129714966,1.8486407995224,1.5857702493667603,1.3713023662567139,1.043988585472107,0.8366175293922424,0.6208505630493164,0.494858980178833,0.6153160333633423,0.7452858090400696,1.0650880336761475,1.2381783723831177,1.1631017923355103,1.4964064359664917,1.4982060194015503,1.4963138103485107,1.6586765050888062,1.4915497303009033,1.2112231254577637,0.9413936138153076,0.608077347278595,0.39168763160705566,0.0,0.3852475583553314,0.6058759689331055,0.935249388217926,1.1517066955566406,1.1067430973052979,1.4756048917770386,1.5029278993606567,1.5029414892196655,1.6519287824630737,1.585838794708252,1.2431020736694336,1.0739516019821167,0.7358560562133789,0.6277243494987488,0.4758853614330292,0.6223016977310181,0.8067206144332886,1.0820597410202026,1.3140395879745483,1.3359534740447998,1.6532200574874878,1.7063647508621216,1.6721255779266357,1.771312952041626,1.7958070039749146,1.4424148797988892,1.367150068283081,1.083926796913147,1.0482040643692017,0.9500227570533752,1.0291850566864014,1.1767148971557617,1.3702441453933716,1.6181178092956543,1.7433924674987793,1.9816697835922241,2.096843957901001,2.0268332958221436,2.022592544555664,2.1055660247802734,1.7530206441879272,1.7646359205245972,1.5184439420700073,1.517308235168457,1.4422959089279175,1.494109869003296,1.6483230590820312,1.7240098714828491,2.0589470863342285,2.0851402282714844,2.459317207336426,2.595379590988159
B9,2.2509820461273193,2.145099401473999,1.87553870677948,1.6271443367004395,1.2707934379577637,1.088841199874878,0.7689433097839355,0.6395142078399658,0.498660683631897,0.6571747064590454,0.8611048460006714,1.0896011590957642,1.1316401958465576,1.45388662815094,1.5544668436050415,1.8683969974517822,2.0273475646972656,1.8552768230438232,1.5546419620513916,1.2566207647323608,0.961082398891449,0.6507135629653931,0.3852475583553314,0.0,0.4003436267375946,0.612489640712738,0.9156551957130432,0.9869487285614014,1.358183741569519,1.482597827911377,1.881221055984497,2.0347723960876465,1.9510315656661987,1.6048810482025146,1.3904694318771362,1.0621309280395508,0.8411561846733093,0.5946706533432007,0.47238996624946594,0.5985962748527527,0.7641637921333313,1.0399094820022583,1.155256986618042,1.468176245689392,1.6050329208374023,2.002941608428955,2.127203941345215,2.1273350715637207,1.7698628902435303,1.6397268772125244,1.3274340629577637,1.1978095769882202,1.0039407014846802,0.9443287253379822,1.0141067504882812,1.1146708726882935,1.3618890047073364,1.5503839254379272,1.7677010297775269,1.9459680318832397,2.2755954265594482,2.3181121349334717,2.3856754302978516,2.026448965072632,1.9835809469223022,1.6950567960739136,1.6305525302886963,1.4713592529296875,1.4533358812332153,1.5271896123886108,1.5558160543441772,1.8567355871200562,1.8211275339126587,2.186702251434326,2.2930967807769775
B10,2.47346568107605,2.4146738052368164,2.1737444400787354,1.9242686033248901,1.5985922813415527,1.3564530611038208,1.0807650089263916,0.8248295783996582,0.6507306694984436,0.5528103113174438,0.743802547454834,0.8382154703140259,0.8764376640319824,1.1420671939849854,1.280738353729248,2.0001351833343506,2.216538429260254,2.0739595890045166,1.8082364797592163,1.5462461709976196,1.2075711488723755,0.9722886681556702,0.6058759689331055,0.4003436267375946,0.0,0.38541179895401,0.5493276119232178,0.588604748249054,0.9578911066055298,1.1029903888702393,1.940569281578064,2.1613001823425293,2.109109878540039,1.7989652156829834,1.620111107826233,1.2511216402053833,1.0906813144683838,0.7490494847297668,0.6596118211746216,0.5102741122245789,0.6945362091064453,0.8164776563644409,0.8826971650123596,1.1433098316192627,1.277998447418213,2.0057215690612793,2.195319890975952,2.234700918197632,1.9098609685897827,1.813476800918579,1.4620962142944336,1.3844043016433716,1.1155288219451904,1.094045877456665,1.025311827659607,1.1474443674087524,1.2769345045089722,1.4182158708572388,1.5678348541259766,1.727827787399292,2.2520480155944824,2.3397979736328125,2.457892417907715,2.125349283218384,2.112813949584961,1.7928626537322998,1.7825446128845215,1.5790601968765259,1.6176046133041382,1.6272410154342651,1.7122728824615479,1.9591355323791504,1.8963309526443481,2.2603724002838135,2.3044273853302
B11,2.7849318981170654,2.6994524002075195,2.458137273788452,2.1815614700317383,1.8438786268234253,1.6193113327026367,1.2989046573638916,1.0687602758407593,0.7702699303627014,0.6838288307189941,0.6547938585281372,0.7829303741455078,0.9736629128456116,1.19053053855896,1.4288275241851807,2.3546979427337646,2.5663528442382812,2.4245035648345947,2.1363818645477295,1.8595649003982544,1.538157343864441,1.2597090005874634,0.935249388217926,0.612489640712738,0.38541179895401,0.0,0.3981216251850128,0.6673997044563293,0.9596080183982849,1.224367618560791,2.3247361183166504,2.539717674255371,2.480477809906006,2.159897565841675,1.9578626155853271,1.6013723611831665,1.3898988962173462,1.0526753664016724,0.834014892578125,0.6236144304275513,0.5642107725143433,0.6689682006835938,0.8755984902381897,1.0767929553985596,1.318513035774231,2.381126642227173,2.575843572616577,2.6010119915008545,2.2704484462738037,2.1432406902313232,1.7880572080612183,1.6554067134857178,1.353219747543335,1.230940580368042,1.0872770547866821,1.0811952352523804,1.1685175895690918,1.3774547576904297,1.4732919931411743,1.7057931423187256,2.581859588623047,2.694326877593994,2.7993123531341553,2.463115692138672,2.4151875972747803,2.077785015106201,2.0207362174987793,1.76755952835083,1.7452670335769653,1.6803393363952637,1.7130764722824097,1.9058208465576172,1.7671223878860474,2.1050796508789062,2.0999386310577393
B12,2.964731454849243,2.9233169555664062,2.7035584449768066,2.436516523361206,2.1235334873199463,1.859302043914795,1.5828919410705566,1.2901455163955688,1.043148159980774,0.8115208148956299,0.7924634218215942,0.7088784575462341,0.8623908758163452,0.9631490111351013,1.231398582458496,2.4588918685913086,2.711704730987549,2.592729330062866,2.339214563369751,2.0920653343200684,1.7443259954452515,1.5212208032608032,1.1517066955566406,0.9156551957130432,0.5493276119232178,0.3981216251850128,0.0,0.3668011724948883,0.5736523866653442,0.8848666548728943,2.3639678955078125,2.6285388469696045,2.595963716506958,2.310667037963867,2.142357349395752,1.7647019624710083,1.6089119911193848,1.2382493019104004,1.0930895805358887,0.7775766253471375,0.7756503820419312,0.6515156626701355,0.7406849265098572,0.8224028944969177,1.0470184087753296,2.37172794342041,2.6150238513946533,2.674497604370117,2.3782811164855957,2.286499500274658,1.9141546487808228,1.8362047672271729,1.5068799257278442,1.4456576108932495,1.2306572198867798,1.2734349966049194,1.2415611743927002,1.3648589849472046,1.3781367540359497,1.5644313097000122,2.550607681274414,2.695603847503662,2.8444936275482178,2.5388355255126953,2.5247249603271484,2.175431489944458,2.174091339111328,1.9081372022628784,1.9470587968826294,1.8538998365402222,1.946899652481079,2.100736618041992,1.96419095993042,2.294092893600464,2.2395613193511963
B13,2.848884105682373,2.849350690841675,2.6409544944763184,2.4044177532196045,2.115344762802124,1.8311185836791992,1.6108572483062744,1.2908356189727783,1.1441553831100464,0.8649662733078003,0.9796627759933472,0.8154278993606567,0.8051105737686157,0.8697304725646973,1.0501073598861694,2.2751991748809814,2.548661470413208,2.440019130706787,2.2288267612457275,2.010798454284668,1.652861475944519,1.4935276508331299,1.1067430973052979,0.9869487285614014,0.588604748249054,0.6673997044563293,0.3668011724948883,0.0,0.379621297121048,0.5582809448242188,2.110827922821045,2.4064345359802246,2.39095401763916,2.141636610031128,2.0091049671173096,1.6242176294326782,1.5362577438354492,1.1639293432235718,1.1305533647537231,0.8122695088386536,0.9601181149482727,0.8002719283103943,0.7071470022201538,0.7831143736839294,0.8655890822410583,2.0826094150543213,2.352853298187256,2.4394426345825195,2.174309730529785,2.1234543323516846,1.7515084743499756,1.7418142557144165,1.4261976480484009,1.459498643875122,1.2600834369659424,1.405289649963379,1.3602840900421143,1.3920130729675293,1.4154136180877686,1.5101228952407837,2.270308256149292,2.419639825820923,2.602147340774536,2.322007417678833,2.3505165576934814,2.010711431503296,2.0726351737976074,1.8360718488693237,1.9466850757598877,1.8892855644226074,2.044513463973999,2.217397689819336,2.1374146938323975,2.4831862449645996,2.4485373497009277
