,A1,A2,A3,A4,A5,A6,A7,A8,A9,A10,A11,A12,A13,A14,A15,B1,B2,B3,B4,B5,B6,B7,B8,B9,B10,B11,B12,B13,B14,B15,C1,C2,C3,C4,C5,C6,C7,C8,C9,C10,C11,C12,C13,C14,C15,D1,D2,D3,D4,D5,D6,D7,D8,D9,D10,D11,D12,D13,D14,D15,E1,E2,E3,E4,E5,E6,E7,E8,E9,E10,E11,E12,E13,E14,E15
A1,0.0,0.38529667258262634,0.5847854018211365,0.9234439730644226,1.199709415435791,1.5233768224716187,1.7874623537063599,2.0689306259155273,2.36289644241333,2.396864175796509,2.771108627319336,2.8284783363342285,3.2062184810638428,3.2622101306915283,2.956882953643799,0.5402199029922485,0.7120522856712341,0.8740882277488708,1.1127362251281738,1.391013264656067,1.6573532819747925,1.9599030017852783,2.2103841304779053,2.500464677810669,2.5485825538635254,2.910613775253296,2.9700124263763428,3.3523411750793457,3.380561590194702,3.0825369358062744,1.1413335800170898,1.2255975008010864,1.302376389503479,1.4524803161621094,1.6754504442214966,1.8770570755004883,2.168286085128784,2.3997561931610107,2.687069892883301,2.747682571411133,3.0882046222686768,3.1622068881988525,3.5279364585876465,3.53678560256958,3.2675745487213135,1.6649986505508423,1.7417118549346924,1.7721325159072876,1.8712576627731323,2.043837070465088,2.186835765838623,2.450683116912842,2.648496150970459,2.934023380279541,3.0426461696624756,3.3448774814605713,3.458756446838379,3.773458242416382,3.779059410095215,3.5203938484191895,2.244866132736206,2.316887617111206,2.281609058380127,2.333805799484253,2.464658737182617,2.5539193153381348,2.8011586666107178,2.9084513187408447,3.2116875648498535,3.4192421436309814,3.636641502380371,3.9261858463287354,4.135912895202637,4.252985000610352,4.437137603759766
A2,0.38529667258262634,0.0,0.37837255001068115,0.6103814244270325,0.9482172131538391,1.2313340902328491,1.5353988409042358,1.7990299463272095,2.111459970474243,2.182460308074951,2.5554356575012207,2.645098924636841,3.0117111206054688,3.1065587997436523,2.8264143466949463,0.6042572855949402,0.5522992014884949,0.655344545841217,0.7905335426330566,1.0968235731124878,1.3228375911712646,1.653282880783081,1.8809818029403687,2.1941795349121094,2.276766300201416,2.646366596221924,2.7390785217285156,3.123685121536255,3.1878600120544434,2.912198543548584,1.1263428926467896,1.0948359966278076,1.1091877222061157,1.1724421977996826,1.3859632015228271,1.5415107011795044,1.844916820526123,2.05111026763916,2.357645273208618,2.449469804763794,2.7968432903289795,2.902279853820801,3.2732467651367188,3.3161215782165527,3.067683696746826,1.6165862083435059,1.6161259412765503,1.5927389860153198,1.6243255138397217,1.7692337036132812,1.8667690753936768,2.127899408340454,2.298740863800049,2.5967249870300293,2.73166823387146,3.037231922149658,3.178133964538574,3.4985408782958984,3.534287214279175,3.2948663234710693,2.1738948822021484,2.1892623901367188,2.1081619262695312,2.1090359687805176,2.2041611671447754,2.253488063812256,2.4851016998291016,2.566164970397949,2.866732597351074,3.0906503200531006,3.297602415084839,3.5998871326446533,3.8018665313720703,3.9368631839752197,4.123860836029053
A3,0.5847854018211365,0.37837255001068115,0.0,0.37805959582328796,0.6165295839309692,0.9493622183799744,1.2075109481811523,1.4995321035385132,1.7870148420333862,1.8309450149536133,2.205284595489502,2.283353805541992,2.6551754474639893,2.7406930923461914,2.456868886947632,0.6542590856552124,0.6464901566505432,0.518596887588501,0.6630443930625916,0.8553780913352966,1.1090455055236816,1.3883259296417236,1.6403995752334595,1.9201751947402954,1.9723562002182007,2.3339905738830566,2.4123497009277344,2.7945923805236816,2.8485326766967773,2.571286201477051,1.13846755027771,1.1402153968811035,1.0375036001205444,1.1102781295776367,1.227882742881775,1.397187352180481,1.6445879936218262,1.8690333366394043,2.137465238571167,2.1986632347106934,2.5290324687957764,2.6188035011291504,2.979675531387329,3.009220838546753,2.7637791633605957,1.6147868633270264,1.6408251523971558,1.5432770252227783,1.5922396183013916,1.6668360233306885,1.7781556844711304,1.9863002300262451,2.1712284088134766,2.4283976554870605,2.536104679107666,2.8169217109680176,2.945359230041504,3.2460219860076904,3.2695975303649902,3.0366604328155518,2.1630403995513916,2.2000133991241455,2.0683586597442627,2.094460964202881,2.1384174823760986,2.2077066898345947,2.395559549331665,2.5011003017425537,2.7669808864593506,2.964172601699829,3.1508450508117676,3.443599224090576,3.628965139389038,3.739532470703125,3.944694995880127
A4,0.9234439730644226,0.6103814244270325,0.37805959582328796,0.0,0.38460469245910645,0.6214402914047241,0.940542459487915,1.1942576169967651,1.5095815658569336,1.6086050271987915,1.977393627166748,2.103170871734619,2.4591867923736572,2.592418670654297,2.343404531478882,0.9671735167503357,0.8273811340332031,0.6041774749755859,0.5077846646308899,0.6331308484077454,0.7879740595817566,1.0871779918670654,1.296256422996521,1.6040606498718262,1.7048969268798828,2.070075511932373,2.19582200050354,2.5758166313171387,2.6754891872406006,2.4320621490478516,1.340946912765503,1.248684048652649,1.0645748376846313,1.0111991167068481,1.0553058385849,1.1341216564178467,1.3648890256881714,1.5430296659469604,1.8263602256774902,1.9280872344970703,2.2563745975494385,2.3886654376983643,2.7481460571289062,2.8194780349731445,2.607567548751831,1.753010630607605,1.7094931602478027,1.5458369255065918,1.5131382942199707,1.5217565298080444,1.5623857975006104,1.7376494407653809,1.8769201040267944,2.135335922241211,2.2750325202941895,2.5463616847991943,2.7109246253967285,3.0078654289245605,3.068760395050049,2.8675034046173096,2.2553348541259766,2.23911714553833,2.054029703140259,2.024933338165283,2.00876522064209,2.0260982513427734,2.1726624965667725,2.2425270080566406,2.4890239238739014,2.702028274536133,2.862131357192993,3.1708767414093018,3.3356847763061523,3.463984251022339,3.681069850921631
A5,1.199709415435791,0.9482172131538391,0.6165295839309692,0.38460469245910645,0.0,0.38151058554649353,0.5927756428718567,0.9051230549812317,1.1750895977020264,1.2367230653762817,1.608862042427063,1.7229235172271729,2.0837695598602295,2.2113187313079834,1.96356201171875,1.1611782312393188,1.0657635927200317,0.7361994981765747,0.6396130323410034,0.5105282068252563,0.6603929400444031,0.8386820554733276,1.081925392150879,1.3303518295288086,1.3867052793502808,1.741165280342102,1.8504236936569214,2.2274630069732666,2.318260669708252,2.07716965675354,1.4577791690826416,1.397867202758789,1.1288167238235474,1.0846500396728516,0.9965747594833374,1.0772238969802856,1.2063192129135132,1.4023009538650513,1.6220513582229614,1.6797959804534912,1.9819496870040894,2.09444260597229,2.4397921562194824,2.497110605239868,2.292492628097534,1.8229042291641235,1.8035720586776733,1.5772346258163452,1.5625489950180054,1.4892480373382568,1.5423731803894043,1.6406524181365967,1.7933013439178467,1.9907182455062866,2.091843605041504,2.3280138969421387,2.4753947257995605,2.746168851852417,2.7932612895965576,2.6027565002441406,2.2906076908111572,2.2941620349884033,2.0646474361419678,2.0622565746307373,1.9910866022109985,2.03074049949646,2.1217410564422607,2.2200443744659424,2.4191975593566895,2.5945255756378174,2.7291626930236816,3.0213377475738525,3.166214942932129,3.2638916969299316,3.4995036125183105
A6,1.5233768224716187,1.2313340902328491,0.9493622183799744,0.6214402914047241,0.38151058554649353,0.0,0.38331568241119385,0.5806666612625122,0.9040326476097107,1.0637630224227905,1.4152425527572632,1.6027177572250366,1.9345693588256836,2.1224398612976074,1.9262505769729614,1.5151621103286743,1.366789698600769,1.0449801683425903,0.8271297216415405,0.6181451678276062,0.5217311978340149,0.634512186050415,0.7660873532295227,1.0449987649917603,1.1794087886810303,1.5237276554107666,1.7028523683547974,2.065701723098755,2.2156524658203125,2.0267460346221924,1.7762198448181152,1.6607805490493774,1.3644287586212158,1.2239772081375122,1.0599626302719116,1.0054367780685425,1.0624924898147583,1.164981484413147,1.3827751874923706,1.4951987266540527,1.7757822275161743,1.9457165002822876,2.276573896408081,2.38608455657959,2.2327635288238525,2.095858335494995,2.0258617401123047,1.760817050933838,1.6740649938583374,1.5337775945663452,1.499038815498352,1.5339986085891724,1.6126201152801514,1.792361855506897,1.9312282800674438,2.138843297958374,2.331815242767334,2.5857033729553223,2.678802967071533,2.5352611541748047,2.5185279846191406,2.4781994819641113,2.2102954387664795,2.1562137603759766,2.024329900741577,2.0045182704925537,2.0358469486236572,2.08600115776062,2.2468819618225098,2.4357337951660156,2.5258450508117676,2.834472179412842,2.94445538520813,3.0607094764709473,3.3147506713867188
A7,1.7874623537063599,1.5353988409042358,1.2075109481811523,0.940542459487915,0.5927756428718567,0.38331568241119385,0.0,0.39111563563346863,0.5843898057937622,0.6843066215515137,1.0444509983062744,1.2219210863113403,1.5591212511062622,1.7429759502410889,1.5544320344924927,1.7235994338989258,1.6136479377746582,1.2528120279312134,1.080637812614441,0.7649473547935486,0.6819068789482117,0.556484580039978,0.7065133452415466,0.8437954783439636,0.8971531391143799,1.216244101524353,1.3721858263015747,1.7279621362686157,1.8666964769363403,1.6855833530426025,1.9276100397109985,1.8473479747772217,1.5111690759658813,1.4018588066101074,1.1543822288513184,1.1178641319274902,1.048336386680603,1.1647313833236694,1.274452567100525,1.3160709142684937,1.5484106540679932,1.6866341829299927,1.9930753707885742,2.082491159439087,1.9416290521621704,2.2034857273101807,2.161684513092041,1.8605707883834839,1.8025493621826172,1.6034390926361084,1.592472791671753,1.5472382307052612,1.6425811052322388,1.7395813465118408,1.8213720321655273,1.9786430597305298,2.1428821086883545,2.3597047328948975,2.432304859161377,2.303184986114502,2.5874674320220947,2.570685386657715,2.2749834060668945,2.253523111343384,2.0811145305633545,2.0913140773773193,2.070356607437134,2.1548709869384766,2.2620909214019775,2.400439500808716,2.4629249572753906,2.7437167167663574,2.8316078186035156,2.907588481903076,3.1788086891174316
A8,2.0689306259155273,1.7990299463272095,1.4995321035385132,1.1942576169967651,0.9051230549812317,0.5806666612625122,0.39111563563346863,0.0,0.39006277918815613,0.6866108775138855,0.9691631197929382,1.2508095502853394,1.5354206562042236,1.7817434072494507,1.6582937240600586,2.064246416091919,1.9348042011260986,1.5924232006072998,1.3742398023605347,1.08344566822052,0.8834346532821655,0.7186451554298401,0.6431832313537598,0.7588341236114502,0.9183197617530823,1.1714118719100952,1.4126888513565063,1.7241445779800415,1.9257543087005615,1.8136519193649292,2.292595148086548,2.1850876808166504,1.8531018495559692,1.6950007677078247,1.437719464302063,1.3083531856536865,1.1891510486602783,1.1782468557357788,1.2626056671142578,1.3664665222167969,1.5410692691802979,1.7414636611938477,2.0078694820404053,2.150916337966919,2.0757315158843994,2.5659003257751465,2.495703935623169,2.186579942703247,2.0825533866882324,1.8569154739379883,1.7748881578445435,1.6826436519622803,1.690531611442566,1.7609258890151978,1.8826258182525635,1.9919946193695068,2.2031853199005127,2.3857648372650146,2.5063602924346924,2.434598922729492,2.935177803039551,2.8904378414154053,2.579751968383789,2.5189998149871826,2.3125298023223877,2.2692205905914307,2.200446367263794,2.22866153717041,2.293764114379883,2.4458673000335693,2.4520163536071777,2.7464113235473633,2.7858855724334717,2.881035804748535,3.1735880374908447
A9,2.36289644241333,2.111459970474243,1.7870148420333862,1.5095815658569336,1.1750895977020264,0.9040326476097107,0.5843898057937622,0.39006277918815613,0.0,0.37239474058151245,0.5853340029716492,0.8972358703613281,1.154339075088501,1.4214133024215698,1.3406966924667358,2.3025565147399902,2.1886839866638184,1.8231744766235352,1.6272621154785156,1.2838221788406372,1.1045594215393066,0.8144842982292175,0.7435236573219299,0.6404002904891968,0.6908546090126038,0.8578627109527588,1.0900520086288452,1.3715702295303345,1.5788768529891968,1.5025994777679443,2.4695498943328857,2.3798508644104004,2.0219695568084717,1.8813341856002808,1.5713553428649902,1.4558470249176025,1.2416720390319824,1.2351588010787964,1.1949059963226318,1.2200777530670166,1.3153661489486694,1.4847079515457153,1.7079147100448608,1.8405824899673462,1.7980029582977295,2.6929829120635986,2.637457847595215,2.301704168319702,2.214975357055664,1.9442317485809326,1.8785642385482788,1.7167633771896362,1.73488450050354,1.7173980474472046,1.7777495384216309,1.8235491514205933,2.003978967666626,2.1383748054504395,2.2442357540130615,2.2002768516540527,3.0144174098968506,2.9824225902557373,2.649458646774292,2.6110968589782715,2.3690896034240723,2.3483095169067383,2.230006694793701,2.2872893810272217,2.2967073917388916,2.394036054611206,2.3690662384033203,2.6281027793884277,2.641674041748047,2.693984031677246,3.0009214878082275
A10,2.396864175796509,2.182460308074951,1.8309450149536133,1.6086050271987915,1.2367230653762817,1.0637630224227905,0.6843066215515137,0.6866108775138855,0.37239474058151245,0.0,0.37484094500541687,0.5687510967254639,0.8916882276535034,1.0996564626693726,0.9790709018707275,2.279503345489502,2.2042016983032227,1.8246678113937378,1.6876044273376465,1.319514513015747,1.2294669151306152,0.9100805521011353,0.9678162336349487,0.7893111109733582,0.6424252986907959,0.771472692489624,0.8726851344108582,1.166499137878418,1.3001182079315186,1.1826485395431519,2.4006481170654297,2.3543789386749268,1.9879165887832642,1.903418779373169,1.5787464380264282,1.5393128395080566,1.3064792156219482,1.3868951797485352,1.2914557456970215,1.2049037218093872,1.2763580083847046,1.3478275537490845,1.5597450733184814,1.6195793151855469,1.543776035308838,2.5961763858795166,2.5814287662506104,2.2418487071990967,2.2080936431884766,1.9336299896240234,1.93316650390625,1.7630088329315186,1.8492239713668823,1.7949421405792236,1.7781869173049927,1.8101656436920166,1.9198485612869263,2.036613702774048,2.0803983211517334,2.0096755027770996,2.896589517593384,2.9026076793670654,2.571526050567627,2.583965301513672,2.34814190864563,2.384638786315918,2.270660161972046,2.386892557144165,2.3911921977996826,2.440467596054077,2.4355785846710205,2.656071662902832,2.6863162517547607,2.6888937950134277,2.989224910736084
A11,2.771108627319336,2.5554356575012207,2.205284595489502,1.977393627166748,1.608862042427063,1.4152425527572632,1.0444509983062744,0.9691631197929382,0.5853340029716492,0.37484094500541687,0.0,0.37970754504203796,0.5766804814338684,0.8593425154685974,0.8609206676483154,2.642284393310547,2.5627684593200684,2.181602954864502,2.035102128982544,1.6582611799240112,1.539912223815918,1.1856416463851929,1.1760551929473877,0.8940236568450928,0.7084667086601257,0.6344802975654602,0.7231751680374146,0.9139347076416016,1.0813816785812378,1.0616453886032104,2.7318265438079834,2.681417226791382,2.3070313930511475,2.2117345333099365,1.8642421960830688,1.7990076541900635,1.5114048719406128,1.5444111824035645,1.3617644309997559,1.2397680282592773,1.1961523294448853,1.2482143640518188,1.3730826377868652,1.441693902015686,1.442068338394165,2.8896749019622803,2.8694801330566406,2.5155930519104004,2.4724745750427246,2.167022228240967,2.1483569145202637,1.9228724241256714,1.9789475202560425,1.8528101444244385,1.8018121719360352,1.7543684244155884,1.8473186492919922,1.8943761587142944,1.9424189329147339,1.9300559759140015,3.144932746887207,3.1452839374542236,2.79821515083313,2.807570219039917,2.538792610168457,2.5674805641174316,2.4032087326049805,2.5145392417907715,2.46132493019104,2.4710659980773926,2.418248414993286,2.606491804122925,2.5933024883270264,2.5638365745544434,2.8792660236358643
A12,2.8284783363342285,2.645098924636841,2.283353805541992,2.103170871734619,1.7229235172271729,1.6027177572250366,1.2219210863113403,1.2508095502853394,0.8972358703613281,0.5687510967254639,0.37970754504203796,0.0,0.3870185613632202,0.532531201839447,0.4906650483608246,2.64678955078125,2.598726511001587,2.2169878482818604,2.121288537979126,1.7406609058380127,1.692837119102478,1.3415145874023438,1.4201856851577759,1.1319665908813477,0.8407363295555115,0.7457359433174133,0.6194347143173218,0.7896255850791931,0.8193175792694092,0.7428794503211975,2.684896469116211,2.672419548034668,2.300459146499634,2.2555274963378906,1.9081969261169434,1.9084159135818481,1.622306227684021,1.7266578674316406,1.5202101469039917,1.3106091022491455,1.2541329860687256,1.1863791942596436,1.2889404296875,1.2536566257476807,1.2101315259933472,2.8069229125976562,2.823496103286743,2.474022388458252,2.4797844886779785,2.1799707412719727,2.220524787902832,1.998075246810913,2.1149537563323975,1.9675604104995728,1.8473881483078003,1.7949081659317017,1.8068574666976929,1.8366549015045166,1.807763934135437,1.7614331245422363,3.031609296798706,3.0674684047698975,2.72869610786438,2.785996437072754,2.5294370651245117,2.6115474700927734,2.4578022956848145,2.622065782546997,2.5705997943878174,2.5370826721191406,2.5111098289489746,2.658795118331909,2.66917085647583,2.591575860977173,2.89066481590271
A13,3.2062184810638428,3.0117111206054688,2.6551754474639893,2.4591867923736572,2.0837695598602295,1.9345693588256836,1.5591212511062622,1.5354206562042236,1.154339075088501,0.8916882276535034,0.5766804814338684,0.3870185613632202,0.0,0.3866845369338989,0.6138232350349426,3.0130395889282227,2.949702024459839,2.5681612491607666,2.453033208847046,2.066577672958374,1.9854309558868408,1.6121994256973267,1.6372499465942383,1.2937469482421875,1.0098413228988647,0.7656714916229248,0.6088451743125916,0.5631043314933777,0.6211385130882263,0.7275907397270203,3.0189907550811768,2.991922616958618,2.614678382873535,2.5502350330352783,2.186013698577881,2.1556782722473145,1.8300343751907349,1.889634370803833,1.6188304424285889,1.3899286985397339,1.2258728742599487,1.130998969078064,1.1137124300003052,1.083067774772644,1.1471269130706787,3.1018004417419434,3.103487253189087,2.7426440715789795,2.7309160232543945,2.4051589965820312,2.4221878051757812,2.153658866882324,2.238781690597534,2.0292937755584717,1.8788702487945557,1.7485054731369019,1.7370998859405518,1.6864770650863647,1.6602833271026611,1.6859300136566162,3.2773141860961914,3.2991132736206055,2.946833848953247,2.9933226108551025,2.7063279151916504,2.7751970291137695,2.574838399887085,2.7305564880371094,2.6247122287750244,2.5514729022979736,2.4800679683685303,2.5886027812957764,2.5566630363464355,2.443385362625122,2.7506420612335205
A14,3.2622101306915283,3.1065587997436523,2.7406930923461914,2.592418670654297,2.2113187313079834,2.1224398612976074,1.7429759502410889,1.7817434072494507,1.4214133024215698,1.0996564626693726,0.8593425154685974,0.532531201839447,0.3866845369338989,0.0,0.36499184370040894,3.0441927909851074,3.022106647491455,2.6464104652404785,2.5836732387542725,2.2058424949645996,2.1865315437316895,1.8325421810150146,1.9205020666122437,1.6007922887802124,1.2802740335464478,1.087817907333374,0.8292148113250732,0.7754834890365601,0.607370913028717,0.6275531649589539,3.030120372772217,3.048316240310669,2.683382272720337,2.671412229537964,2.323101043701172,2.3520171642303467,2.0497615337371826,2.1658692359924316,1.9078751802444458,1.6391940116882324,1.4991716146469116,1.3215806484222412,1.2922190427780151,1.1400266885757446,1.1411465406417847,3.100374698638916,3.1461410522460938,2.8014888763427734,2.8406147956848145,2.536315441131592,2.607417106628418,2.361833095550537,2.496833086013794,2.2943365573883057,2.105367422103882,1.990140438079834,1.913950800895691,1.8558629751205444,1.7484492063522339,1.7299803495407104,3.2652103900909424,3.329547166824341,2.9966185092926025,3.091209888458252,2.830388069152832,2.9469962120056152,2.7721595764160156,2.967910051345825,2.878993511199951,2.7833569049835205,2.7421908378601074,2.823589563369751,2.8159260749816895,2.6684231758117676,2.9553799629211426
A15,2.956882953643799,2.8264143466949463,2.456868886947632,2.343404531478882,1.96356201171875,1.9262505769729614,1.5544320344924927,1.6582937240600586,1.3406966924667358,0.9790709018707275,0.8609206676483154,0.4906650483608246,0.6138232350349426,0.36499184370040894,0.0,2.7354676723480225,2.7416505813598633,2.371959924697876,2.347332715988159,1.9837803840637207,2.016491174697876,1.6948707103729248,1.8432884216308594,1.5754474401474,1.2464313507080078,1.1606597900390625,0.8991778492927551,0.9879657626152039,0.8008924722671509,0.6308169960975647,2.735508441925049,2.78309965133667,2.4300854206085205,2.455048084259033,2.1303751468658447,2.2060742378234863,1.9462828636169434,2.113800048828125,1.9076377153396606,1.6420561075210571,1.5846645832061768,1.4076939821243286,1.4688068628311157,1.297838807106018,1.1925444602966309,2.830562114715576,2.9049720764160156,2.577623128890991,2.6501123905181885,2.3768770694732666,2.485969066619873,2.28576922416687,2.4608492851257324,2.3076910972595215,2.1302804946899414,2.079031467437744,2.005120038986206,2.011186361312866,1.8862696886062622,1.795920968055725,3.0305793285369873,3.121622085571289,2.8081612586975098,2.928509473800659,2.702939748764038,2.8462233543395996,2.7175416946411133,2.9324021339416504,2.8912289142608643,2.8198201656341553,2.8234686851501465,2.9285125732421875,2.9617056846618652,2.83496356010437,3.110539197921753
B1,0.5402199029922485,0.6042572855949402,0.6542590856552124,0.9671735167503357,1.1611782312393188,1.5151621103286743,1.7235994338989258,2.064246416091919,2.3025565147399902,2.279503345489502,2.642284393310547,2.64678955078125,3.0130395889282227,3.0441927909851074,2.7354676723480225,0.0,0.3821273446083069,0.5686358213424683,0.916354238986969,1.1791911125183105,1.5153230428695679,1.792348027229309,2.1039912700653076,2.35417103767395,2.347630023956299,2.7076961994171143,2.717965841293335,3.098872423171997,3.095066547393799,2.778970241546631,0.6109435558319092,0.7624372839927673,0.8592494130134583,1.1092617511749268,1.3505380153656006,1.6331958770751953,1.9212089776992798,2.214190721511841,2.4715816974639893,2.480701208114624,2.8280580043792725,2.856330394744873,3.226978063583374,3.2058866024017334,2.909213066101074,1.138439655303955,1.2548226118087769,1.295342206954956,1.4636002779006958,1.6596206426620483,1.8747962713241577,2.1468865871429443,2.4051437377929688,2.6704235076904297,2.730330228805542,3.0443575382232666,3.1135287284851074,3.437582015991211,3.4103617668151855,3.123065948486328,1.7209950685501099,1.8215217590332031,1.7942050695419312,1.8975712060928345,2.0517654418945312,2.2011313438415527,2.4648914337158203,2.6295413970947266,2.933772087097168,3.102553367614746,3.3505444526672363,3.608766794204712,3.8465914726257324,3.936647891998291,4.098726749420166
B2,0.7120522856712341,0.5522992014884949,0.6464901566505432,0.8273811340332031,1.0657635927200317,1.366789698600769,1.6136479377746582,1.9348042011260986,2.1886839866638184,2.2042016983032227,2.5627684593200684,2.598726511001587,2.949702024459839,3.022106647491455,2.7416505813598633,0.3821273446083069,0.0,0.38275113701820374,0.6362181305885315,0.968422532081604,1.2695975303649902,1.586002230644226,1.8776772022247314,2.154169797897339,2.1850082874298096,2.555356979370117,2.599391222000122,2.983243942260742,3.0177395343780518,2.7248764038085938,0.6151271462440491,0.5450229048728943,0.6249801516532898,0.789139449596405,1.0791692733764648,1.3298994302749634,1.6548796892166138,1.929008960723877,2.2147960662841797,2.259227991104126,2.6222240924835205,2.683359384536743,3.064600706100464,3.0813300609588623,2.8028995990753174,1.072141170501709,1.0681926012039185,1.07568359375,1.1650651693344116,1.3713797330856323,1.5489107370376587,1.8457547426223755,2.084561347961426,2.3761727809906006,2.4662282466888428,2.796860933303833,2.893235206604004,3.2333734035491943,3.238954782485962,2.9660234451293945,1.6227467060089111,1.6436231136322021,1.5836840867996216,1.6217684745788574,1.7639843225479126,1.8732185363769531,2.144994020462036,2.2845654487609863,2.60209059715271,2.792522430419922,3.044116497039795,3.3150992393493652,3.5565786361694336,3.671051263809204,3.8260695934295654
B3,0.8740882277488708,0.655344545841217,0.518596887588501,0.6041774749755859,0.7361994981765747,1.0449801683425903,1.2528120279312134,1.5924232006072998,1.8231744766235352,1.8246678113937378,2.181602954864502,2.2169878482818604,2.5681612491607666,2.6464104652404785,2.371959924697876,0.5686358213424683,0.38275113701820374,0.0,0.37689679861068726,0.618280827999115,0.9569002389907837,1.2379740476608276,1.5518269538879395,1.8047090768814087,1.8177615404129028,2.1860573291778564,2.2284562587738037,2.613300085067749,2.651996374130249,2.3644511699676514,0.7502692937850952,0.6828768253326416,0.5193926692008972,0.6476427316665649,0.8169203400611877,1.0788968801498413,1.3574532270431519,1.647153615951538,1.9051626920700073,1.9311096668243408,2.2842373847961426,2.342804193496704,2.7194981575012207,2.736839532852173,2.4674532413482666,1.152008056640625,1.1472605466842651,1.0251505374908447,1.0986250638961792,1.2012001276016235,1.3754465579986572,1.6157101392745972,1.8606826066970825,2.118129253387451,2.1924901008605957,2.5021474361419678,2.59855055809021,2.9234516620635986,2.929516077041626,2.669295072555542,1.671364188194275,1.6929316520690918,1.5501960515975952,1.5918965339660645,1.653991937637329,1.7654331922531128,1.9815720319747925,2.1346561908721924,2.415789842605591,2.587984561920166,2.814178943634033,3.0836198329925537,3.304764747619629,3.403273820877075,3.5799567699432373
B4,1.1127362251281738,0.7905335426330566,0.6630443930625916,0.5077846646308899,0.6396130323410034,0.8271297216415405,1.080637812614441,1.3742398023605347,1.6272621154785156,1.6876044273376465,2.035102128982544,2.121288537979126,2.453033208847046,2.5836732387542725,2.347332715988159,0.916354238986969,0.6362181305885315,0.37689679861068726,0.0,0.38857290148735046,0.6350831389427185,0.9721539616584778,1.2447274923324585,1.5356417894363403,1.6076529026031494,1.9835141897201538,2.0804214477539062,2.463792324066162,2.55519962310791,2.3054845333099365,1.0492445230484009,0.8582112789154053,0.6210703253746033,0.5035179257392883,0.609685480594635,0.7648048400878906,1.0697942972183228,1.316336989402771,1.6095110177993774,1.6902881860733032,2.0519063472747803,2.1628823280334473,2.543280839920044,2.6114606857299805,2.3786511421203613,1.360586166381836,1.2559187412261963,1.0639140605926514,1.0054351091384888,1.0376256704330444,1.116714358329773,1.346161961555481,1.5429749488830566,1.8220698833465576,1.9426963329315186,2.254852294921875,2.396937608718872,2.7264952659606934,2.7787528038024902,2.5520999431610107,1.8124560117721558,1.758942723274231,1.5598613023757935,1.5171910524368286,1.5136544704437256,1.5522531270980835,1.735857605934143,1.843252182006836,2.1185555458068848,2.3192481994628906,2.5253326892852783,2.817969560623169,3.0237112045288086,3.1497561931610107,3.3351023197174072
B5,1.391013264656067,1.0968235731124878,0.8553780913352966,0.6331308484077454,0.5105282068252563,0.6181451678276062,0.7649473547935486,1.08344566822052,1.2838221788406372,1.319514513015747,1.6582611799240112,1.7406609058380127,2.066577672958374,2.2058424949645996,1.9837803840637207,1.1791911125183105,0.968422532081604,0.618280827999115,0.38857290148735046,0.0,0.37939631938934326,0.6208025813102722,0.9458426237106323,1.188771367073059,1.2284600734710693,1.6032884120941162,1.6959993839263916,2.0800037384033203,2.1768336296081543,1.9374808073043823,1.260417103767395,1.1096338033676147,0.7734040021896362,0.6436479687690735,0.4869687259197235,0.6156883835792542,0.7997646927833557,1.074607253074646,1.3120841979980469,1.3582284450531006,1.7057253122329712,1.8098665475845337,2.1839287281036377,2.2518820762634277,2.0319406986236572,1.5081013441085815,1.4215755462646484,1.1434953212738037,1.0841772556304932,0.9798033833503723,1.0486910343170166,1.1720212697982788,1.3768278360366821,1.5931137800216675,1.6824702024459839,1.9628772735595703,2.0990631580352783,2.407522201538086,2.4573371410369873,2.2469213008880615,1.9048889875411987,1.8616862297058105,1.5993088483810425,1.5721068382263184,1.4816275835037231,1.5291801691055298,1.6327319145202637,1.762394666671753,1.980241298675537,2.145984172821045,2.3198320865631104,2.6020572185516357,2.7840914726257324,2.8849308490753174,3.093065023422241
B6,1.6573532819747925,1.3228375911712646,1.1090455055236816,0.7879740595817566,0.6603929400444031,0.5217311978340149,0.6819068789482117,0.8834346532821655,1.1045594215393066,1.2294669151306152,1.539912223815918,1.692837119102478,1.9854309558868408,2.1865315437316895,2.016491174697876,1.5153230428695679,1.2695975303649902,0.9569002389907837,0.6350831389427185,0.37939631938934326,0.0,0.38795191049575806,0.6106063723564148,0.9187208414077759,1.0590752363204956,1.4301111698150635,1.6022424697875977,1.9718207120895386,2.1346330642700195,1.9514261484146118,1.608949899673462,1.4086138010025024,1.0822688341140747,0.842192530632019,0.6179403066635132,0.4846246540546417,0.6008244156837463,0.7645816206932068,1.0426584482192993,1.1748766899108887,1.5151866674423218,1.6934845447540283,2.057903289794922,2.1890439987182617,2.025327205657959,1.8231284618377686,1.6818128824234009,1.381777048110962,1.227325201034546,1.0488673448562622,0.9786641001701355,1.0311819314956665,1.1381219625473022,1.3591023683547974,1.5105395317077637,1.7730716466903687,1.970484972000122,2.269547700881958,2.376793384552002,2.218109607696533,2.171443223953247,2.0760045051574707,1.7815123796463013,1.6833714246749878,1.524556279182434,1.4846354722976685,1.5205937623977661,1.582503318786621,1.7680054903030396,1.9627821445465088,2.0929958820343018,2.402434825897217,2.5521743297576904,2.6831939220428467,2.908583641052246
B7,1.9599030017852783,1.653282880783081,1.3883259296417236,1.0871779918670654,0.8386820554733276,0.634512186050415,0.556484580039978,0.7186451554298401,0.8144842982292175,0.9100805521011353,1.1856416463851929,1.3415145874023438,1.6121994256973267,1.8325421810150146,1.6948707103729248,1.792348027229309,1.586002230644226,1.2379740476608276,0.9721539616584778,0.6208025813102722,0.38795191049575806,0.0,0.385427862405777,0.5683801174163818,0.6718387603759766,1.0433201789855957,1.224974513053894,1.5901507139205933,1.769377589225769,1.6130940914154053,1.8453600406646729,1.678415060043335,1.3159061670303345,1.1104681491851807,0.7846660017967224,0.6450037956237793,0.4952576458454132,0.6449297666549683,0.7883289456367493,0.8675013184547424,1.1758097410202026,1.3532211780548096,1.703450083732605,1.8411180973052979,1.705013394355774,2.0114152431488037,1.8921170234680176,1.5508955717086792,1.4165751934051514,1.1523867845535278,1.0835723876953125,0.9964901804924011,1.0948503017425537,1.2038198709487915,1.3048596382141113,1.510443925857544,1.6997648477554321,1.964837670326233,2.071915626525879,1.9414491653442383,2.3076579570770264,2.2266550064086914,1.8949588537216187,1.819817066192627,1.5965677499771118,1.5725291967391968,1.5207414627075195,1.6064558029174805,1.7117725610733032,1.8528718948364258,1.9380160570144653,2.22584867477417,2.3435142040252686,2.4405124187469482,2.6909589767456055
B8,2.2103841304779053,1.8809818029403687,1.6403995752334595,1.296256422996521,1.081925392150879,0.7660873532295227,0.7065133452415466,0.6431832313537598,0.7435236573219299,0.9678162336349487,1.1760551929473877,1.4201856851577759,1.6372499465942383,1.9205020666122437,1.8432884216308594,2.1039912700653076,1.8776772022247314,1.5518269538879395,1.2447274923324585,0.9458426237106323,0.6106063723564148,0.385427862405777,0.0,0.3912121057510376,0.6959184408187866,1.0008257627487183,1.286104679107666,1.6053842306137085,1.8565630912780762,1.7716866731643677,2.1916232109069824,1.9964679479599,1.6503249406814575,1.39748215675354,1.0934358835220337,0.8396686911582947,0.6455572843551636,0.5382465124130249,0.6773695349693298,0.8848645687103271,1.131624460220337,1.40027916431427,1.7107980251312256,1.9180257320404053,1.8545187711715698,2.36037015914917,2.2092976570129395,1.8710384368896484,1.6838526725769043,1.4049419164657593,1.2382967472076416,1.0954082012176514,1.0530555248260498,1.1389256715774536,1.3127014636993408,1.4681531190872192,1.7271965742111206,1.9617035388946533,2.133079767227173,2.068398952484131,2.64101505279541,2.526078701019287,2.1860733032226562,2.060610055923462,1.8042739629745483,1.7053571939468384,1.594943642616272,1.597076416015625,1.6524454355239868,1.8212496042251587,1.8403722047805786,2.1537585258483887,2.2203757762908936,2.3519186973571777,2.6231484413146973
B9,2.500464677810669,2.1941795349121094,1.9201751947402954,1.6040606498718262,1.3303518295288086,1.0449987649917603,0.8437954783439636,0.7588341236114502,0.6404002904891968,0.7893111109733582,0.8940236568450928,1.1319665908813477,1.2937469482421875,1.6007922887802124,1.5754474401474,2.35417103767395,2.154169797897339,1.8047090768814087,1.5356417894363403,1.188771367073059,0.9187208414077759,0.5683801174163818,0.3912121057510376,0.0,0.37395110726356506,0.617355465888977,0.9344980120658875,1.2278738021850586,1.5048351287841797,1.4664503335952759,2.3944907188415527,2.225843667984009,1.8569421768188477,1.6365724802017212,1.284346580505371,1.0732518434524536,0.7600428462028503,0.6686146855354309,0.5574114322662354,0.6565892100334167,0.8100728392601013,1.0785911083221436,1.3558114767074585,1.573927879333496,1.552915096282959,2.5174014568328857,2.387096405029297,2.024034023284912,1.8635382652282715,1.5378735065460205,1.399657130241394,1.1642482280731201,1.1346125602722168,1.0813980102539062,1.1708990335464478,1.2398627996444702,1.476554274559021,1.6609268188476562,1.8292500972747803,1.8013887405395508,2.7485127449035645,2.649726152420044,2.287189483642578,2.190019130706787,1.8938887119293213,1.8244129419326782,1.6493737697601318,1.6881141662597656,1.6646379232406616,1.760024905204773,1.7338738441467285,2.006591558456421,2.039280414581299,2.122682809829712,2.416186571121216
B10,2.5485825538635254,2.276766300201416,1.9723562002182007,1.7048969268798828,1.3867052793502808,1.1794087886810303,0.8971531391143799,0.9183197617530823,0.6908546090126038,0.6424252986907959,0.7084667086601257,0.8407363295555115,1.0098413228988647,1.2802740335464478,1.2464313507080078,2.347630023956299,2.1850082874298096,1.8177615404129028,1.6076529026031494,1.2284600734710693,1.0590752363204956,0.6718387603759766,0.6959184408187866,0.37395110726356506,0.0,0.3763545751571655,0.5913071036338806,0.9310029149055481,1.1607680320739746,1.095326542854309,2.3391971588134766,2.2134759426116943,1.8310908079147339,1.6703864336013794,1.2948929071426392,1.1794878244400024,0.8414924144744873,0.8918646574020386,0.6929441690444946,0.5659207701683044,0.6761758327484131,0.8235384225845337,1.1104191541671753,1.2637611627578735,1.212214469909668,2.4282565116882324,2.3387765884399414,1.9658018350601196,1.8632937669754028,1.5259994268417358,1.4697548151016235,1.2184900045394897,1.285476565361023,1.1724708080291748,1.1401094198226929,1.179711103439331,1.3238410949707031,1.487524390220642,1.5882066488265991,1.5331398248672485,2.631518840789795,2.571340560913086,2.2047572135925293,2.1647117137908936,1.8690897226333618,1.870414137840271,1.6958582401275635,1.811876654624939,1.776792049407959,1.8036633729934692,1.798332691192627,2.017662525177002,2.0665760040283203,2.084019660949707,2.37398624420166
B11,2.910613775253296,2.646366596221924,2.3339905738830566,2.070075511932373,1.741165280342102,1.5237276554107666,1.216244101524353,1.1714118719100952,0.8578627109527588,0.771472692489624,0.6344802975654602,0.7457359433174133,0.7656714916229248,1.087817907333374,1.1606597900390625,2.7076961994171143,2.555356979370117,2.1860573291778564,1.9835141897201538,1.6032884120941162,1.4301111698150635,1.0433201789855957,1.0008257627487183,0.617355465888977,0.3763545751571655,0.0,0.38605302572250366,0.6143457889556885,0.9211733341217041,0.97215336561203,2.683556318283081,2.5669360160827637,2.1832942962646484,2.028475284576416,1.647499680519104,1.524771809577942,1.162057876586914,1.1550756692886353,0.8594977259635925,0.6820213794708252,0.5635918974876404,0.6822693943977356,0.8539842367172241,1.0402566194534302,1.090516209602356,2.7447259426116943,2.6608376502990723,2.282310962677002,2.1828508377075195,1.8282370567321777,1.763031244277954,1.4641318321228027,1.493898630142212,1.2901824712753296,1.204933762550354,1.1224228143692017,1.2387341260910034,1.3061902523040771,1.4163271188735962,1.4383602142333984,2.906841516494751,2.849076509475708,2.473813772201538,2.4386744499206543,2.1176650524139404,2.115884780883789,1.8898229598999023,1.9995880126953125,1.8944549560546875,1.8675004243850708,1.7998789548873901,1.9736684560775757,1.9672467708587646,1.9404017925262451,2.2518563270568848
B12,2.9700124263763428,2.7390785217285156,2.4123497009277344,2.19582200050354,1.8504236936569214,1.7028523683547974,1.3721858263015747,1.4126888513565063,1.0900520086288452,0.8726851344108582,0.7231751680374146,0.6194347143173218,0.6088451743125916,0.8292148113250732,0.8991778492927551,2.717965841293335,2.599391222000122,2.2284562587738037,2.0804214477539062,1.6959993839263916,1.6022424697875977,1.224974513053894,1.286104679107666,0.9344980120658875,0.5913071036338806,0.38605302572250366,0.0,0.38598325848579407,0.5721021890640259,0.5911951065063477,2.643737554550171,2.56758189201355,2.186101198196411,2.0876007080078125,1.7084553241729736,1.6650532484054565,1.3158079385757446,1.402188777923584,1.106059193611145,0.8165664076805115,0.6878337264060974,0.5682596564292908,0.7111718058586121,0.7541199326515198,0.7553375363349915,2.6671128273010254,2.6228625774383545,2.2482504844665527,2.204718589782715,1.857616662979126,1.8654879331588745,1.57722806930542,1.6855696439743042,1.4656732082366943,1.2874374389648438,1.1980000734329224,1.189255952835083,1.228665828704834,1.2303928136825562,1.2091864347457886,2.7949090003967285,2.775879144668579,2.4081978797912598,2.428710460662842,2.1219825744628906,2.185655355453491,1.9756358861923218,2.1502039432525635,2.0510897636413574,1.9703540802001953,1.9379823207855225,2.0565943717956543,2.0788753032684326,1.9879145622253418,2.278224468231201
B13,3.3523411750793457,3.123685121536255,2.7945923805236816,2.5758166313171387,2.2274630069732666,2.065701723098755,1.7279621362686157,1.7241445779800415,1.3715702295303345,1.166499137878418,0.9139347076416016,0.7896255850791931,0.5631043314933777,0.7754834890365601,0.9879657626152039,3.098872423171997,2.983243942260742,2.613300085067749,2.463792324066162,2.0800037384033203,1.9718207120895386,1.5901507139205933,1.6053842306137085,1.2278738021850586,0.9310029149055481,0.6143457889556885,0.38598325848579407,0.0,0.3930591940879822,0.6494721174240112,3.0102200508117676,2.936383008956909,2.5568463802337646,2.456157684326172,2.075014591217041,2.0164058208465576,1.6518094539642334,1.6948682069778442,1.3551064729690552,1.0713590383529663,0.8156252503395081,0.6489164233207703,0.5519973635673523,0.5861173868179321,0.7595891952514648,3.007922887802124,2.963899612426758,2.5885980129241943,2.5420103073120117,2.185051679611206,2.1793720722198486,1.8613958358764648,1.936917781829834,1.6603070497512817,1.4513658285140991,1.264120101928711,1.210763692855835,1.1260873079299927,1.1165891885757446,1.1942613124847412,3.0957224369049072,3.075194835662842,2.704732894897461,2.724914073944092,2.4008278846740723,2.457327365875244,2.2091267108917236,2.373957395553589,2.22005033493042,2.0934135913848877,2.009406805038452,2.074063539505005,2.0447332859039307,1.901914358139038,2.200291156768799
