,A1,A2,A3,A4,A5,A6,A7,A8,A9,A10,A11,A12,A13,A14,A15,B1,B2,B3,B4,B5,B6,B7,B8,B9,B10,B11,B12,B13,B14,B15,C1,C2,C3,C4,C5,C6,C7,C8,C9,C10,C11,C12,C13,C14,C15,D1,D2,D3,D4,D5,D6,D7,D8,D9,D10,D11,D12,D13,D14,D15,E1,E2,E3,E4,E5,E6,E7,E8,E9,E10,E11,E12,E13,E14,E15
A1,0.0,0.3896480202674866,0.617200493812561,0.9637161493301392,1.2571932077407837,1.5747116804122925,1.8625744581222534,2.2038748264312744,2.396282196044922,2.305035352706909,2.648897171020508,2.6615967750549316,3.04301381111145,3.1758575439453125,2.8735320568084717,0.5519839525222778,0.6927098631858826,0.8675854206085205,1.121835708618164,1.3948308229446411,1.673750877380371,1.9654991626739502,2.290736198425293,2.511843681335449,2.4787309169769287,2.813955068588257,2.865657329559326,3.233661413192749,3.361412763595581,3.07857346534729,1.098021149635315,1.1800694465637207,1.2668931484222412,1.4447520971298218,1.6640459299087524,1.8888094425201416,2.150413990020752,2.447894334793091,2.687098264694214,2.70284366607666,3.0177202224731445,3.0964293479919434,3.437070846557617,3.5605995655059814,3.315890073776245,1.6183477640151978,1.6889359951019287,1.7231943607330322,1.8532648086547852,2.026545524597168,2.1981122493743896,2.4307503700256348,2.6728675365448,2.92398738861084,3.004462957382202,3.2871110439300537,3.3946831226348877,3.693725347518921,3.805293083190918,3.594682216644287,2.1118807792663574,2.2186226844787598,2.2075629234313965,2.3001549243927,2.444288730621338,2.5550475120544434,2.7784318923950195,2.8890750408172607,3.1602423191070557,3.3496885299682617,3.577979564666748,3.795621871948242,3.966252326965332,4.134576797485352,4.155113697052002
A2,0.3896480202674866,0.0,0.3785249888896942,0.629682183265686,0.9752689003944397,1.2518752813339233,1.571205735206604,1.8873190879821777,2.106003761291504,2.0542707443237305,2.4129958152770996,2.4682068824768066,2.849118947982788,3.021913528442383,2.7479259967803955,0.6283178329467773,0.5368292331695557,0.6367673873901367,0.7885425090789795,1.0847793817520142,1.3226186037063599,1.6376761198043823,1.942244052886963,2.1901326179504395,2.194369316101074,2.5467262268066406,2.6373422145843506,3.014709711074829,3.1799349784851074,2.9218521118164062,1.1033776998519897,1.0601184368133545,1.076673150062561,1.165550708770752,1.3717464208602905,1.550010323524475,1.8194392919540405,2.0934677124023438,2.354053497314453,2.403557062149048,2.731912851333618,2.8457794189453125,3.197120428085327,3.355128288269043,3.1338393688201904,1.5935370922088623,1.5792344808578491,1.555445909500122,1.6158045530319214,1.7595598697662354,1.885058879852295,2.1109800338745117,2.326853036880493,2.5905447006225586,2.6999757289886475,2.9895808696746826,3.1282219886779785,3.435572385787964,3.5786654949188232,3.3912954330444336,2.0696754455566406,2.1124730110168457,2.052398681640625,2.0915677547454834,2.1991686820983887,2.268845558166504,2.4726550579071045,2.5560872554779053,2.8228509426116943,3.0324411392211914,3.252403974533081,3.4901254177093506,3.653186798095703,3.8419454097747803,3.88020920753479
A3,0.617200493812561,0.3785249888896942,0.0,0.3881003260612488,0.6406821012496948,0.9696422815322876,1.2474865913391113,1.5935308933258057,1.780107855796814,1.7028045654296875,2.0572357177734375,2.1058552265167236,2.4879744052886963,2.6608049869537354,2.3903212547302246,0.7192829847335815,0.66086745262146,0.5236849188804626,0.6623851656913757,0.8406165242195129,1.1063367128372192,1.367624044418335,1.6957403421401978,1.9075101613998413,1.8855236768722534,2.22482967376709,2.3073043823242188,2.678499698638916,2.842302083969116,2.592435598373413,1.1551952362060547,1.1305022239685059,1.0205767154693604,1.1043378114700317,1.209681749343872,1.3988101482391357,1.6080530881881714,1.898909568786621,2.1193466186523438,2.143366813659668,2.4490914344787598,2.5529024600982666,2.8898074626922607,3.044311761856079,2.8351147174835205,1.6240497827529907,1.6232006549835205,1.5166996717453003,1.581841230392456,1.648742437362671,1.783510446548462,1.9527943134307861,2.181917428970337,2.4027655124664307,2.4870970249176025,2.7472047805786133,2.87406063079834,3.159580945968628,3.2987148761749268,3.1262550354003906,2.083432912826538,2.1343722343444824,2.015773057937622,2.0703213214874268,2.120999574661255,2.207385540008545,2.3647878170013428,2.471621036529541,2.697417736053467,2.8829116821289062,3.0724682807922363,3.298678159713745,3.435002088546753,3.6111371517181396,3.6665141582489014
A4,0.9637161493301392,0.629682183265686,0.3881003260612488,0.0,0.3927623927593231,0.6222265958786011,0.9519650936126709,1.2576673030853271,1.4883370399475098,1.4759891033172607,1.8486369848251343,1.9608005285263062,2.335510730743408,2.5589540004730225,2.3313231468200684,1.0429919958114624,0.8613450527191162,0.6368616223335266,0.5252441167831421,0.6328203678131104,0.7891942858695984,1.0621477365493774,1.3530009984970093,1.6024466753005981,1.6390591859817505,1.9947980642318726,2.133840560913086,2.508643627166748,2.720148801803589,2.5106136798858643,1.386237382888794,1.2635208368301392,1.0771405696868896,1.0258655548095703,1.0592892169952393,1.1520731449127197,1.3394056558609009,1.5849696397781372,1.8265866041183472,1.8996692895889282,2.212143898010254,2.36468243598938,2.7052865028381348,2.9033496379852295,2.732771158218384,1.7949390411376953,1.7181063890457153,1.5491206645965576,1.5255475044250488,1.5290849208831787,1.5887469053268433,1.722701072692871,1.9055042266845703,2.1303443908691406,2.252770185470581,2.508976459503174,2.676722288131714,2.961988925933838,3.141247510910034,3.006474256515503,2.2158772945404053,2.204549551010132,2.0336058139801025,2.0263538360595703,2.019263744354248,2.049638271331787,2.1636769771575928,2.231160879135132,2.436204433441162,2.645373821258545,2.810884952545166,3.0628855228424072,3.1776201725006104,3.378960609436035,3.4648749828338623
A5,1.2571932077407837,0.9752689003944397,0.6406821012496948,0.3927623927593231,0.0,0.38579902052879333,0.6079639792442322,0.9670957326889038,1.1401922702789307,1.0932104587554932,1.463797926902771,1.5765140056610107,1.9506486654281616,2.181123971939087,1.967150330543518,1.2553889751434326,1.1168851852416992,0.7901179194450378,0.6647074818611145,0.5173962116241455,0.6616927981376648,0.8036136031150818,1.1235679388046265,1.309507131576538,1.309393286705017,1.6470344066619873,1.780630350112915,2.1470654010772705,2.361590623855591,2.16861891746521,1.5320539474487305,1.433193325996399,1.1584669351577759,1.1012650728225708,0.9972046613693237,1.0844957828521729,1.1638145446777344,1.4213732481002808,1.5966726541519165,1.6336828470230103,1.912070393562317,2.053375005722046,2.3744311332702637,2.570866584777832,2.419581651687622,1.8906035423278809,1.828214168548584,1.5903923511505127,1.570934772491455,1.4842954874038696,1.5490766763687134,1.6013849973678589,1.7943651676177979,1.9551700353622437,2.0418221950531006,2.2563273906707764,2.408562421798706,2.665210008621216,2.8405938148498535,2.7267532348632812,2.2737812995910645,2.268646001815796,2.045276165008545,2.0533056259155273,1.983254075050354,2.0316874980926514,2.0866308212280273,2.1819798946380615,2.3314900398254395,2.504865884780884,2.6312477588653564,2.8648626804351807,2.9472010135650635,3.1312849521636963,3.2360265254974365
A6,1.5747116804122925,1.2518752813339233,0.9696422815322876,0.6222265958786011,0.38579902052879333,0.0,0.3798345625400543,0.6355368494987488,0.896207332611084,0.9731080532073975,1.35225248336792,1.55418062210083,1.901569128036499,2.1891584396362305,2.035264492034912,1.5979043245315552,1.4017703533172607,1.0874626636505127,0.8407235145568848,0.639186441898346,0.5302591919898987,0.605587363243103,0.8260592222213745,1.067098617553711,1.166348934173584,1.5106209516525269,1.7212557792663574,2.077683210372925,2.3469786643981934,2.2103915214538574,1.8420966863632202,1.6832730770111084,1.3903089761734009,1.2317153215408325,1.0680427551269531,1.0148459672927856,1.0309609174728394,1.1945358514785767,1.3867619037628174,1.4952348470687866,1.7681317329406738,1.9723652601242065,2.2865326404571533,2.533313035964966,2.434253692626953,2.1604039669036865,2.0419580936431885,1.7740156650543213,1.675994873046875,1.5337615013122559,1.5052766799926758,1.502415418624878,1.6201143264770508,1.7747639417648315,1.9099769592285156,2.1089730262756348,2.31135630607605,2.5592944622039795,2.7815089225769043,2.716695785522461,2.5092408657073975,2.452282428741455,2.195863962173462,2.1441574096679688,2.021073818206787,2.0044796466827393,2.0046439170837402,2.046712636947632,2.1620421409606934,2.3614630699157715,2.450965166091919,2.714240074157715,2.7644400596618652,2.978450059890747,3.121943950653076
A7,1.8625744581222534,1.571205735206604,1.2474865913391113,0.9519650936126709,0.6079639792442322,0.3798345625400543,0.0,0.3979029655456543,0.5451940298080444,0.6090425252914429,0.9857292771339417,1.2136999368667603,1.5474506616592407,1.852128028869629,1.7305268049240112,1.8406580686569214,1.6801315546035767,1.3281887769699097,1.1147775650024414,0.8101358413696289,0.6953115463256836,0.5311166048049927,0.7210308909416199,0.8369556665420532,0.896352231502533,1.200377345085144,1.4163581132888794,1.7521414756774902,2.0307133197784424,1.9267975091934204,2.0425963401794434,1.9103708267211914,1.5759880542755127,1.4327188730239868,1.1827348470687866,1.1271533966064453,1.0127052068710327,1.1595354080200195,1.2471504211425781,1.3103973865509033,1.5232890844345093,1.717024326324463,1.9978244304656982,2.2455689907073975,2.178757667541504,2.3195629119873047,2.2193527221679688,1.911105990409851,1.824918270111084,1.615257740020752,1.593034267425537,1.5036925077438354,1.6205769777297974,1.6904460191726685,1.7803436517715454,1.9188251495361328,2.1022839546203613,2.3088974952697754,2.5279669761657715,2.493889570236206,2.6313934326171875,2.5834133625030518,2.2918598651885986,2.2570080757141113,2.0828323364257812,2.0844409465789795,2.025449514389038,2.0937931537628174,2.1445250511169434,2.2987523078918457,2.339045763015747,2.5771636962890625,2.5860462188720703,2.7786853313446045,2.9449710845947266
A8,2.2038748264312744,1.8873190879821777,1.5935308933258057,1.2576673030853271,0.9670957326889038,0.6355368494987488,0.3979029655456543,0.0,0.38695546984672546,0.6832069158554077,0.9878777861595154,1.309348464012146,1.5782831907272339,1.9338010549545288,1.8873050212860107,2.1984148025512695,2.0014286041259766,1.6625388860702515,1.3938605785369873,1.0987623929977417,0.8550034165382385,0.6184040904045105,0.5570159554481506,0.6854743361473083,0.8860254883766174,1.149086833000183,1.4485584497451782,1.7467188835144043,2.0778682231903076,2.0438554286956787,2.3816847801208496,2.2095749378204346,1.8722717761993408,1.6684564352035522,1.395653486251831,1.234269142150879,1.0530977249145508,1.058180570602417,1.127822756767273,1.270382046699524,1.4474892616271973,1.7071782350540161,1.9616669416427612,2.2595269680023193,2.256166458129883,2.6293272972106934,2.488480806350708,2.1653406620025635,2.022028684616089,1.775522232055664,1.6725380420684814,1.5244210958480835,1.5487680435180664,1.589202642440796,1.7241612672805786,1.8269610404968262,2.0604801177978516,2.244342803955078,2.5112431049346924,2.535512685775757,2.9112308025360107,2.8220622539520264,2.5090396404266357,2.425313949584961,2.2079081535339355,2.1505143642425537,2.033402919769287,2.046473979949951,2.046659469604492,2.217256784439087,2.2054617404937744,2.4679863452911377,2.4322075843811035,2.6534242630004883,2.8642020225524902
A9,2.396282196044922,2.106003761291504,1.780107855796814,1.4883370399475098,1.1401922702789307,0.896207332611084,0.5451940298080444,0.38695546984672546,0.0,0.37509581446647644,0.6104744672775269,0.9566732048988342,1.1986315250396729,1.5648531913757324,1.5520939826965332,2.3287651538848877,2.163571834564209,1.797263741493225,1.5691040754318237,1.2184903621673584,1.0354560613632202,0.695344090461731,0.6625892519950867,0.5464287996292114,0.6298884153366089,0.8137877583503723,1.103791356086731,1.3779585361480713,1.7102229595184326,1.703331470489502,2.4613423347473145,2.318636417388916,1.9536138772964478,1.7817455530166626,1.4575520753860474,1.3376137018203735,1.0740004777908325,1.105690360069275,1.0400159358978271,1.0869064331054688,1.18479585647583,1.4089068174362183,1.6272737979888916,1.9139518737792969,1.9332326650619507,2.664588212966919,2.5481204986572266,2.1983602046966553,2.0829007625579834,1.7931911945343018,1.7258700132369995,1.518058180809021,1.5739753246307373,1.5239477157592773,1.5811954736709595,1.619605302810669,1.809602975845337,1.951269268989563,2.199511766433716,2.2420132160186768,2.9079370498657227,2.8349521160125732,2.4992029666900635,2.4452550411224365,2.195530891418457,2.1770851612091064,2.0225021839141846,2.085721492767334,2.034635305404663,2.1399598121643066,2.0932095050811768,2.309936046600342,2.2462494373321533,2.4285452365875244,2.64465069770813
A10,2.305035352706909,2.0542707443237305,1.7028045654296875,1.4759891033172607,1.0932104587554932,0.9731080532073975,0.6090425252914429,0.6832069158554077,0.37509581446647644,0.0,0.38076308369636536,0.6322593688964844,0.9415922164916992,1.2674256563186646,1.204460859298706,2.1873600482940674,2.070312976837158,1.6897361278533936,1.5301870107650757,1.157724142074585,1.0912466049194336,0.7602129578590393,0.8838295340538025,0.6985293030738831,0.5524817109107971,0.7041027545928955,0.8762263059616089,1.1741827726364136,1.4527089595794678,1.3961044549942017,2.2939209938049316,2.2001445293426514,1.8267691135406494,1.7197020053863525,1.3869386911392212,1.3638801574707031,1.1078852415084839,1.2490200996398926,1.1394981145858765,1.0616939067840576,1.1382631063461304,1.2647908926010132,1.4808380603790283,1.7081055641174316,1.6827449798583984,2.4831864833831787,2.4128425121307373,2.0608510971069336,2.0050761699676514,1.718646764755249,1.7308204174041748,1.5351581573486328,1.6739448308944702,1.6022316217422485,1.5786858797073364,1.6092782020568848,1.723311185836792,1.8567297458648682,2.046078681945801,2.047470808029175,2.7188165187835693,2.6869256496429443,2.354949474334717,2.3562049865722656,2.1204371452331543,2.1686582565307617,2.0371897220611572,2.1671793460845947,2.127946376800537,2.185028314590454,2.1619656085968018,2.330808162689209,2.290057897567749,2.4237399101257324,2.60275936126709
A11,2.648897171020508,2.4129958152770996,2.0572357177734375,1.8486369848251343,1.463797926902771,1.35225248336792,0.9857292771339417,0.9878777861595154,0.6104744672775269,0.38076308369636536,0.0,0.3848973512649536,0.5905746221542358,0.9560542702674866,0.9853829741477966,2.4991860389709473,2.39805006980896,2.014854907989502,1.8712787628173828,1.4905667304992676,1.4266550540924072,1.0704047679901123,1.1298291683197021,0.8334830403327942,0.6136235594749451,0.528609573841095,0.6426408886909485,0.8549666404724121,1.1426528692245483,1.159021019935608,2.563079833984375,2.4839301109313965,2.102787971496582,2.006571054458618,1.6518638134002686,1.6294344663619995,1.325169563293457,1.4305521249771118,1.2207269668579102,1.0722925662994385,1.0165526866912842,1.084998607635498,1.2158387899398804,1.4293100833892822,1.4609626531600952,2.7047836780548096,2.6456053256988525,2.2799012660980225,2.232651472091675,1.915574073791504,1.9320772886276245,1.6847881078720093,1.8124282360076904,1.6585153341293335,1.570833444595337,1.5121766328811646,1.5757603645324707,1.6354929208755493,1.8053386211395264,1.8509150743484497,2.89333438873291,2.8652002811431885,2.516950845718384,2.5300536155700684,2.2624869346618652,2.3247740268707275,2.149400234222412,2.2996084690093994,2.202543258666992,2.201242685317993,2.1274235248565674,2.247891664505005,2.1625430583953857,2.2545371055603027,2.449418544769287
A12,2.6615967750549316,2.4682068824768066,2.1058552265167236,1.9608005285263062,1.5765140056610107,1.55418062210083,1.2136999368667603,1.309348464012146,0.9566732048988342,0.6322593688964844,0.3848973512649536,0.0,0.3826752305030823,0.6399726867675781,0.6041668057441711,2.4638707637786865,2.4108333587646484,2.031731605529785,1.9542418718338013,1.5811394453048706,1.6041678190231323,1.2823768854141235,1.4201663732528687,1.1236439943313599,0.8087678551673889,0.6809519529342651,0.5497074127197266,0.7294439077377319,0.895052433013916,0.8440590500831604,2.4911959171295166,2.4621925354003906,2.08773136138916,2.0546481609344482,1.7106587886810303,1.767112374305725,1.4873847961425781,1.6617457866668701,1.4369330406188965,1.2005809545516968,1.1198170185089111,1.0525671243667603,1.1497212648391724,1.2585692405700684,1.2345154285430908,2.604870557785034,2.593630790710449,2.2363364696502686,2.2478671073913574,1.9445116519927979,2.0305936336517334,1.8028347492218018,1.9917254447937012,1.8257259130477905,1.6678940057754517,1.600064992904663,1.5716667175292969,1.60982346534729,1.6945710182189941,1.6916991472244263,2.771588087081909,2.7855746746063232,2.448427677154541,2.516584873199463,2.26770281791687,2.391411781311035,2.239915132522583,2.4452831745147705,2.359499454498291,2.312147378921509,2.2615678310394287,2.3289005756378174,2.2683637142181396,2.304659605026245,2.4538321495056152
A13,3.04301381111145,2.849118947982788,2.4879744052886963,2.335510730743408,1.9506486654281616,1.901569128036499,1.5474506616592407,1.5782831907272339,1.1986315250396729,0.9415922164916992,0.5905746221542358,0.3826752305030823,0.0,0.4003949463367462,0.6014705300331116,2.83364200592041,2.7789759635925293,2.4007644653320312,2.3144166469573975,1.9368624687194824,1.932070016860962,1.5875511169433594,1.6632856130599976,1.3193217515945435,1.0230896472930908,0.7553060054779053,0.5662108659744263,0.5079841017723083,0.6494051814079285,0.7539525032043457,2.833463430404663,2.8023650646209717,2.425626516342163,2.3825273513793945,2.0255372524261475,2.05751371383667,1.7449222803115845,1.8697221279144287,1.5858542919158936,1.3299556970596313,1.1377949714660645,1.0177674293518066,0.9791292548179626,1.0541378259658813,1.126180648803711,2.9093081951141357,2.8947746753692627,2.5300791263580322,2.5322258472442627,2.2067739963531494,2.275491714477539,2.0078253746032715,2.1664695739746094,1.9397828578948975,1.744583010673523,1.5926681756973267,1.5191937685012817,1.463697910308838,1.5226150751113892,1.5851386785507202,3.03357195854187,3.0395562648773193,2.691220998764038,2.754589557647705,2.477848529815674,2.5961809158325195,2.403592348098755,2.609380006790161,2.471303939819336,2.378980875015259,2.2761077880859375,2.298795461654663,2.1889736652374268,2.1832988262176514,2.351597309112549
A14,3.1758575439453125,3.021913528442383,2.6608049869537354,2.5589540004730225,2.181123971939087,2.1891584396362305,1.852128028869629,1.9338010549545288,1.5648531913757324,1.2674256563186646,0.9560542702674866,0.6399726867675781,0.4003949463367462,0.0,0.37578481435775757,2.9353740215301514,2.9249446392059326,2.5585763454437256,2.525280237197876,2.162552833557129,2.2145323753356934,1.8963327407836914,2.0162956714630127,1.6799001693725586,1.3506677150726318,1.0973916053771973,0.8052750825881958,0.6678104400634766,0.5365762114524841,0.5939018726348877,2.9072909355163574,2.922774314880371,2.56142258644104,2.5703999996185303,2.2315495014190674,2.317761182785034,2.0289764404296875,2.194270610809326,1.9092680215835571,1.6115463972091675,1.4137169122695923,1.1981834173202515,1.1030566692352295,1.0254042148590088,1.049438714981079,2.9565954208374023,2.9876437187194824,2.639662265777588,2.6916608810424805,2.385667085647583,2.505237340927124,2.2576351165771484,2.454676628112793,2.2234301567077637,1.9828717708587646,1.8242976665496826,1.6720619201660156,1.5818169116973877,1.5369995832443237,1.5570822954177856,3.055419445037842,3.1020901203155518,2.7718324661254883,2.883056879043579,2.627577543258667,2.793616533279419,2.621981143951416,2.8660929203033447,2.7362220287323,2.607206106185913,2.5204217433929443,2.493948221206665,2.4016077518463135,2.3405635356903076,2.463932514190674
A15,2.8735320568084717,2.7479259967803955,2.3903212547302246,2.3313231468200684,1.967150330543518,2.035264492034912,1.7305268049240112,1.8873050212860107,1.5520939826965332,1.204460859298706,0.9853829741477966,0.6041668057441711,0.6014705300331116,0.37578481435775757,0.0,2.6221354007720947,2.6431779861450195,2.2880332469940186,2.299508810043335,1.9576499462127686,2.0689241886138916,1.7930644750595093,1.9819018840789795,1.6880728006362915,1.3349096775054932,1.174874186515808,0.8693841695785522,0.8834909796714783,0.7507156729698181,0.5867967009544373,2.5989603996276855,2.6477341651916504,2.3015408515930176,2.3545660972595215,2.043519973754883,2.183987855911255,1.9407552480697632,2.165886163711548,1.9273698329925537,1.6234440803527832,1.5057295560836792,1.2888246774673462,1.2914509773254395,1.204017162322998,1.1047351360321045,2.66526198387146,2.7294223308563232,2.4007134437561035,2.493558406829834,2.2219672203063965,2.3872241973876953,2.1872365474700928,2.429913282394409,2.2469332218170166,2.013995409011841,1.9225043058395386,1.7739778757095337,1.755774974822998,1.6984481811523438,1.6332918405532837,2.788203001022339,2.8685836791992188,2.5609047412872314,2.706347942352295,2.4904162883758545,2.6890976428985596,2.566587209701538,2.8310112953186035,2.751326084136963,2.6427500247955322,2.610126256942749,2.60068941116333,2.560697555541992,2.514754056930542,2.6013875007629395
B1,0.5519839525222778,0.6283178329467773,0.7192829847335815,1.0429919958114624,1.2553889751434326,1.5979043245315552,1.8406580686569214,2.1984148025512695,2.3287651538848877,2.1873600482940674,2.4991860389709473,2.4638707637786865,2.83364200592041,2.9353740215301514,2.6221354007720947,0.0,0.38985675573349,0.5901017189025879,0.9510232210159302,1.2079567909240723,1.5509474277496338,1.827541470527649,2.184948205947876,2.357645273208618,2.270533800125122,2.5919041633605957,2.596652030944824,2.9625792503356934,3.058289051055908,2.74902081489563,0.5559722781181335,0.7151324152946472,0.8286504149436951,1.1092334985733032,1.3487205505371094,1.6496938467025757,1.9160603284835815,2.258359432220459,2.464264154434204,2.427945852279663,2.7421536445617676,2.777578592300415,3.123521089553833,3.2157907485961914,2.9383182525634766,1.078759789466858,1.1904947757720947,1.237833857536316,1.438094973564148,1.6368292570114136,1.877143383026123,2.1245999336242676,2.416945219039917,2.6490111351013184,2.682448387145996,2.9732108116149902,3.040997266769409,3.350606918334961,3.42950177192688,3.183912754058838,1.5720288753509521,1.7049238681793213,1.7037627696990967,1.8456857204437256,2.014232635498047,2.1826224327087402,2.427783489227295,2.5931382179260254,2.867435932159424,3.0143322944641113,3.267334222793579,3.4481542110443115,3.649416923522949,3.7886016368865967,3.7688047885894775
B2,0.6927098631858826,0.5368292331695557,0.66086745262146,0.8613450527191162,1.1168851852416992,1.4017703533172607,1.6801315546035767,2.0014286041259766,2.163571834564209,2.070312976837158,2.39805006980896,2.4108333587646484,2.7789759635925293,2.9249446392059326,2.6431779861450195,0.38985675573349,0.0,0.38332512974739075,0.650212287902832,0.9774523377418518,1.276413083076477,1.5951305627822876,1.9253463745117188,2.1347155570983887,2.094207763671875,2.439488172531128,2.4893858432769775,2.8685004711151123,3.006711006164551,2.7228240966796875,0.6163992285728455,0.5245901346206665,0.6129106283187866,0.7959071397781372,1.081437110900879,1.3394683599472046,1.6435106992721558,1.960461139678955,2.2029731273651123,2.2102553844451904,2.550164222717285,2.627735137939453,2.9926598072052,3.1250369548797607,2.869154930114746,1.070128083229065,1.044610857963562,1.0543584823608398,1.1655280590057373,1.3722916841506958,1.5644325017929077,1.8344740867614746,2.0996253490448,2.3632090091705322,2.436269998550415,2.74936842918396,2.855703115463257,3.1852595806121826,3.30094575881958,3.074892520904541,1.5384525060653687,1.5788540840148926,1.54177987575531,1.6096675395965576,1.763745903968811,1.8815629482269287,2.1296961307525635,2.26078724861145,2.5500314235687256,2.727041006088257,2.9868173599243164,3.193331241607666,3.3999409675598145,3.5661299228668213,3.5571999549865723
B3,0.8675854206085205,0.6367673873901367,0.5236849188804626,0.6368616223335266,0.7901179194450378,1.0874626636505127,1.3281887769699097,1.6625388860702515,1.797263741493225,1.6897361278533936,2.014854907989502,2.031731605529785,2.4007644653320312,2.5585763454437256,2.2880332469940186,0.5901017189025879,0.38332512974739075,0.0,0.38518527150154114,0.624579906463623,0.965643584728241,1.2482028007507324,1.6003772020339966,1.7827179431915283,1.7252191305160522,2.067265510559082,2.1200308799743652,2.4999189376831055,2.648843765258789,2.377619743347168,0.7661466002464294,0.6641983389854431,0.49691861867904663,0.6374786496162415,0.8056758046150208,1.0809674263000488,1.33650803565979,1.6728417873382568,1.8852624893188477,1.8761740922927856,2.204303503036499,2.283082962036133,2.6422436237335205,2.78296160697937,2.5431253910064697,1.1598396301269531,1.120438575744629,0.9930727481842041,1.0796682834625244,1.1819789409637451,1.3739910125732422,1.586276888847351,1.862891674041748,2.0906150341033936,2.1479172706604004,2.4387521743774414,2.5441644191741943,2.8590428829193115,2.9817278385162354,2.775331974029541,1.592646598815918,1.619289517402649,1.4925353527069092,1.5570588111877441,1.6303609609603882,1.7525606155395508,1.945251703262329,2.093174695968628,2.3411412239074707,2.5019102096557617,2.7308225631713867,2.9340474605560303,3.113687038421631,3.275181770324707,3.2886345386505127
B4,1.121835708618164,0.7885425090789795,0.6623851656913757,0.5252441167831421,0.6647074818611145,0.8407235145568848,1.1147775650024414,1.3938605785369873,1.5691040754318237,1.5301870107650757,1.8712787628173828,1.9542418718338013,2.3144166469573975,2.525280237197876,2.299508810043335,0.9510232210159302,0.650212287902832,0.38518527150154114,0.0,0.38468924164772034,0.6269069314002991,0.9627581238746643,1.2770339250564575,1.5076100826263428,1.5175782442092896,1.8836899995803833,1.9996107816696167,2.3861348628997803,2.5875320434570312,2.3586978912353516,1.08090341091156,0.857930064201355,0.6208111047744751,0.5010190010070801,0.6050945520401001,0.7680630683898926,1.0450797080993652,1.3414812088012695,1.595463752746582,1.6479909420013428,1.9964268207550049,2.133101224899292,2.5028605461120605,2.6934690475463867,2.4936532974243164,1.3904889822006226,1.2480710744857788,1.0539509057998657,1.0011847019195557,1.0350686311721802,1.1279785633087158,1.325117826461792,1.5542279481887817,1.8062297105789185,1.9154802560806274,2.21608304977417,2.372361183166504,2.695827007293701,2.8653769493103027,2.6974844932556152,1.767220139503479,1.7107975482940674,1.5282979011535645,1.5026087760925293,1.5125714540481567,1.5580722093582153,1.714156150817871,1.8128440380096436,2.0540785789489746,2.2509765625,2.4652280807495117,2.7025535106658936,2.8679730892181396,3.0619330406188965,3.1047606468200684
B5,1.3948308229446411,1.0847793817520142,0.8406165242195129,0.6328203678131104,0.5173962116241455,0.639186441898346,0.8101358413696289,1.0987623929977417,1.2184903621673584,1.157724142074585,1.4905667304992676,1.5811394453048706,1.9368624687194824,2.162552833557129,1.9576499462127686,1.2079567909240723,0.9774523377418518,0.624579906463623,0.38468924164772034,0.0,0.3879847824573517,0.6244121193885803,0.9838452935218811,1.161156177520752,1.1418054103851318,1.5050594806671143,1.6260051727294922,2.012003183364868,2.226531982421875,2.0174736976623535,1.2975287437438965,1.114139199256897,0.7779406905174255,0.6381140351295471,0.48028305172920227,0.6224244832992554,0.7744802832603455,1.1011162996292114,1.296578049659729,1.3195515871047974,1.6494767665863037,1.786286473274231,2.147024393081665,2.346562147140503,2.168527126312256,1.547828197479248,1.4197218418121338,1.137319803237915,1.0738189220428467,0.967824399471283,1.050499439239502,1.140967845916748,1.3819785118103027,1.569611668586731,1.649045705795288,1.9147590398788452,2.065441846847534,2.3678760528564453,2.5430328845977783,2.3994874954223633,1.8739475011825562,1.8172186613082886,1.5661377906799316,1.547151803970337,1.4670650959014893,1.5222117900848389,1.5991791486740112,1.7235177755355835,1.900858998298645,2.065420389175415,2.237452268600464,2.462965726852417,2.59493088722229,2.7779369354248047,2.844416856765747
B6,1.673750877380371,1.3226186037063599,1.1063367128372192,0.7891942858695984,0.6616927981376648,0.5302591919898987,0.6953115463256836,0.8550034165382385,1.0354560613632202,1.0912466049194336,1.4266550540924072,1.6041678190231323,1.932070016860962,2.2145323753356934,2.0689241886138916,1.5509474277496338,1.276413083076477,0.965643584728241,0.6269069314002991,0.3879847824573517,0.0,0.3828566372394562,0.6506991386413574,0.9154027104377747,1.017067313194275,1.3960075378417969,1.6026643514633179,1.9792908430099487,2.252171516418457,2.102301597595215,1.6427006721496582,1.4054688215255737,1.0847892761230469,0.8275002241134644,0.6147290468215942,0.4852465093135834,0.5748808979988098,0.7981811165809631,1.0504357814788818,1.1739835739135742,1.5136198997497559,1.727569580078125,2.0858829021453857,2.3422722816467285,2.2202794551849365,1.8596423864364624,1.6726288795471191,1.374812364578247,1.2091985940933228,1.0389060974121094,0.9761820435523987,1.0019253492355347,1.14696204662323,1.3497391939163208,1.5011214017868042,1.762861728668213,1.9781746864318848,2.2783725261688232,2.5082623958587646,2.417635202407837,2.1472198963165283,2.031744956970215,1.7526034116744995,1.6549961566925049,1.513103723526001,1.475428581237793,1.4876068830490112,1.5395910739898682,1.687759518623352,1.8942877054214478,2.033005714416504,2.2998173236846924,2.403397798538208,2.6254286766052246,2.7327170372009277
B7,1.9654991626739502,1.6376761198043823,1.367624044418335,1.0621477365493774,0.8036136031150818,0.605587363243103,0.5311166048049927,0.6184040904045105,0.695344090461731,0.7602129578590393,1.0704047679901123,1.2823768854141235,1.5875511169433594,1.8963327407836914,1.7930644750595093,1.827541470527649,1.5951305627822876,1.2482028007507324,0.9627581238746643,0.6244121193885803,0.3828566372394562,0.0,0.3911852240562439,0.554641604423523,0.655194878578186,1.030419945716858,1.2689505815505981,1.634087324142456,1.9320042133331299,1.8228601217269897,1.8970484733581543,1.6935878992080688,1.3361634016036987,1.1098380088806152,0.796637773513794,0.6532983183860779,0.48308876156806946,0.6688078045845032,0.7988912463188171,0.89615797996521,1.1946818828582764,1.4236853122711182,1.760557770729065,2.0350377559661865,1.9534401893615723,2.0762579441070557,1.9100736379623413,1.5705381631851196,1.4172654151916504,1.1583774089813232,1.087588906288147,0.9746478796005249,1.100795865058899,1.1945714950561523,1.307132601737976,1.5064337253570557,1.7199991941452026,1.9846453666687012,2.22644305229187,2.1757493019104004,2.3225817680358887,2.213945150375366,1.8941020965576172,1.8098570108413696,1.598812460899353,1.5715981721878052,1.4957765340805054,1.568549394607544,1.628096103668213,1.7882804870605469,1.863747000694275,2.1132423877716064,2.1676928997039795,2.377009630203247,2.5172176361083984
B8,2.290736198425293,1.942244052886963,1.6957403421401978,1.3530009984970093,1.1235679388046265,0.8260592222213745,0.7210308909416199,0.5570159554481506,0.6625892519950867,0.8838295340538025,1.1298291683197021,1.4201663732528687,1.6632856130599976,2.0162956714630127,1.9819018840789795,2.184948205947876,1.9253463745117188,1.6003772020339966,1.2770339250564575,0.9838452935218811,0.6506991386413574,0.3911852240562439,0.0,0.3901398181915283,0.7028478980064392,1.022213339805603,1.3462554216384888,1.6680060625076294,2.0164847373962402,1.9776077270507812,2.251756429672241,2.015648365020752,1.671019196510315,1.3949671983718872,1.0907737016677856,0.8280593156814575,0.5878266096115112,0.5019981265068054,0.6356579065322876,0.8711003661155701,1.1326948404312134,1.4427262544631958,1.751409888267517,2.0793004035949707,2.064380407333374,2.4082276821136475,2.2048168182373047,1.8632317781448364,1.6524409055709839,1.3678991794586182,1.193900465965271,1.0087451934814453,0.9933324456214905,1.0574877262115479,1.2434587478637695,1.4081679582595825,1.6882580518722534,1.9326728582382202,2.229172468185425,2.241135358810425,2.6245720386505127,2.4746553897857666,2.141197919845581,2.0021729469299316,1.7487492561340332,1.6454565525054932,1.498836636543274,1.494126558303833,1.49262535572052,1.6813184022903442,1.6987335681915283,1.9849509000778198,1.994265079498291,2.242750406265259,2.4310343265533447
B9,2.511843681335449,2.1901326179504395,1.9075101613998413,1.6024466753005981,1.309507131576538,1.067098617553711,0.8369556665420532,0.6854743361473083,0.5464287996292114,0.6985293030738831,0.8334830403327942,1.1236439943313599,1.3193217515945435,1.6799001693725586,1.6880728006362915,2.357645273208618,2.1347155570983887,1.7827179431915283,1.5076100826263428,1.161156177520752,0.9154027104377747,0.554641604423523,0.3901398181915283,0.0,0.38039690256118774,0.642136812210083,0.989483654499054,1.2892539501190186,1.6509944200515747,1.648403525352478,2.3815035820007324,2.179755687713623,1.8086175918579102,1.5742093324661255,1.2183212041854858,1.0204089879989624,0.6765995621681213,0.6274321675300598,0.4940202832221985,0.6110607981681824,0.7888772487640381,1.096286416053772,1.379059910774231,1.713371992111206,1.7306020259857178,2.493852138519287,2.3182215690612793,1.9491304159164429,1.771891474723816,1.4376335144042969,1.3087950944900513,1.0392636060714722,1.058590054512024,0.9782089591026306,1.0621463060379028,1.141527771949768,1.3897216320037842,1.5937392711639404,1.8858683109283447,1.926131248474121,2.6678032875061035,2.5349042415618896,2.175598621368408,2.0695040225982666,1.7751346826553345,1.7167619466781616,1.5161513090133667,1.571810007095337,1.4935442209243774,1.5962451696395874,1.559248924255371,1.7950202226638794,1.764495849609375,1.9756531715393066,2.1787877082824707
B10,2.4787309169769287,2.194369316101074,1.8855236768722534,1.6390591859817505,1.309393286705017,1.166348934173584,0.896352231502533,0.8860254883766174,0.6298884153366089,0.5524817109107971,0.6136235594749451,0.8087678551673889,1.0230896472930908,1.3506677150726318,1.3349096775054932,2.270533800125122,2.094207763671875,1.7252191305160522,1.5175782442092896,1.1418054103851318,1.017067313194275,0.655194878578186,0.7028478980064392,0.38039690256118774,0.0,0.3790337145328522,0.6463436484336853,0.9904749989509583,1.3185579776763916,1.2796945571899414,2.257568597793579,2.1041576862335205,1.718564510345459,1.5508911609649658,1.173524022102356,1.0901522636413574,0.7468073964118958,0.8570106029510498,0.6455539464950562,0.5097565650939941,0.6362817883491516,0.8332107663154602,1.1286736726760864,1.4159899950027466,1.3954030275344849,2.3431363105773926,2.213413953781128,1.8334121704101562,1.7196409702301025,1.3749538660049438,1.3429930210113525,1.0750703811645508,1.2056524753570557,1.076636552810669,1.0268595218658447,1.073867917060852,1.2216752767562866,1.4126085042953491,1.6461067199707031,1.6497083902359009,2.497666835784912,2.4047999382019043,2.0401740074157715,1.9952114820480347,1.7040497064590454,1.7279276847839355,1.5441511869430542,1.6879198551177979,1.6120988130569458,1.6397314071655273,1.6192858219146729,1.785375714302063,1.7714005708694458,1.9178171157836914,2.08396053314209
B11,2.813955068588257,2.5467262268066406,2.22482967376709,1.9947980642318726,1.6470344066619873,1.5106209516525269,1.200377345085144,1.149086833000183,0.8137877583503723,0.7041027545928955,0.528609573841095,0.6809519529342651,0.7553060054779053,1.0973916053771973,1.174874186515808,2.5919041633605957,2.439488172531128,2.067265510559082,1.8836899995803833,1.5050594806671143,1.3960075378417969,1.030419945716858,1.022213339805603,0.642136812210083,0.3790337145328522,0.0,0.3861216604709625,0.6475446820259094,1.0160268545150757,1.067597508430481,2.5570507049560547,2.426778554916382,2.0396695137023926,1.8945358991622925,1.5132848024368286,1.4426974058151245,1.0854172706604004,1.1420204639434814,0.8337105512619019,0.6167957186698914,0.4883430302143097,0.6173067688941956,0.8165581226348877,1.1184463500976562,1.1758017539978027,2.608692169189453,2.4979677200317383,2.1126797199249268,2.0165438652038574,1.6559334993362427,1.6332416534423828,1.3254607915878296,1.43082857131958,1.2060341835021973,1.0738779306411743,0.9842373132705688,1.06687593460083,1.1622527837753296,1.387569546699524,1.4533566236495972,2.7224011421203613,2.639479160308838,2.265258550643921,2.237218141555786,1.9212177991867065,1.9604194164276123,1.7325646877288818,1.8916442394256592,1.7479320764541626,1.7049634456634521,1.615100383758545,1.7200943231582642,1.6442394256591797,1.741402506828308,1.933450698852539
B12,2.865657329559326,2.6373422145843506,2.3073043823242188,2.133840560913086,1.780630350112915,1.7212557792663574,1.4163581132888794,1.4485584497451782,1.103791356086731,0.8762263059616089,0.6426408886909485,0.5497074127197266,0.5662108659744263,0.8052750825881958,0.8693841695785522,2.596652030944824,2.4893858432769775,2.1200308799743652,1.9996107816696167,1.6260051727294922,1.6026643514633179,1.2689505815505981,1.3462554216384888,0.989483654499054,0.6463436484336853,0.3861216604709625,0.0,0.3867073953151703,0.6726207733154297,0.6818155646324158,2.521050453186035,2.438983201980591,2.0573043823242188,1.9755756855010986,1.6042901277542114,1.6183147430419922,1.2931523323059082,1.427230954170227,1.1211639642715454,0.8075528144836426,0.6381294131278992,0.503546953201294,0.6482390761375427,0.8345734477043152,0.8402332067489624,2.536712408065796,2.4727892875671387,2.0935962200164795,2.058459758758545,1.7099474668502808,1.7650213241577148,1.4810552597045898,1.6550538539886475,1.4191266298294067,1.1962001323699951,1.0832327604293823,1.023074746131897,1.075905442237854,1.1927307844161987,1.2088185548782349,2.6192009449005127,2.576906442642212,2.210405111312866,2.2412655353546143,1.941217064857483,2.050612688064575,1.8475478887557983,2.069687604904175,1.9364625215530396,1.8337225914001465,1.766906499862671,1.7979493141174316,1.7465084791183472,1.7666791677474976,1.9046541452407837
B13,3.233661413192749,3.014709711074829,2.678499698638916,2.508643627166748,2.1470654010772705,2.077683210372925,1.7521414756774902,1.7467188835144043,1.3779585361480713,1.1741827726364136,0.8549666404724121,0.7294439077377319,0.5079841017723083,0.6678104400634766,0.8834909796714783,2.9625792503356934,2.8685004711151123,2.4999189376831055,2.3861348628997803,2.012003183364868,1.9792908430099487,1.634087324142456,1.6680060625076294,1.2892539501190186,0.9904749989509583,0.6475446820259094,0.3867073953151703,0.0,0.40288040041923523,0.6265184879302979,2.876077175140381,2.8069217205047607,2.4287941455841064,2.3535845279693604,1.9827109575271606,1.9871596097946167,1.6498404741287231,1.7400912046432495,1.3971292972564697,1.09196138381958,0.8087811470031738,0.597716212272644,0.4730820655822754,0.5975079536437988,0.7519816756248474,2.8680901527404785,2.8152506351470947,2.4385337829589844,2.4085769653320312,2.0546534061431885,2.1019771099090576,1.795990228652954,1.938207745552063,1.65142822265625,1.3961292505264282,1.1837741136550903,1.0524667501449585,0.9600232243537903,1.0252758264541626,1.1290100812911987,2.9172732830047607,2.8802387714385986,2.513411521911621,2.5503790378570557,2.236785411834717,2.3461804389953613,2.1127583980560303,2.332653284072876,2.15088152885437,1.9999808073043823,1.875758171081543,1.847656011581421,1.7369921207427979,1.6962692737579346,1.8525583744049072
