,A1,A2,A3,A4,A5,A6,A7,A8,A9,A10,A11,A12,A13,A14,A15,B1,B2,B3,B4,B5,B6,B7,B8,B9,B10,B11,B12,B13,B14,B15,C1,C2,C3,C4,C5,C6,C7,C8,C9,C10,C11,C12,C13,C14,C15,D1,D2,D3,D4,D5,D6,D7,D8,D9,D10,D11,D12,D13,D14,D15,E1,E2,E3,E4,E5,E6,E7,E8,E9,E10,E11,E12,E13,E14,E15
A1,0.0,0.39945781230926514,0.5925567150115967,0.9009805917739868,1.2028753757476807,1.4945282936096191,1.7686939239501953,2.084350109100342,2.274660110473633,2.12174391746521,2.4708502292633057,2.4357497692108154,2.8183910846710205,2.866331100463867,2.584765911102295,0.6014072299003601,0.8007800579071045,0.9259755611419678,1.106272578239441,1.3871294260025024,1.606408953666687,1.9085731506347656,2.1798391342163086,2.4213764667510986,2.3651673793792725,2.696075439453125,2.750136613845825,3.105992317199707,3.1644084453582764,2.9426186084747314,1.2494728565216064,1.3510299921035767,1.4049957990646362,1.4818695783615112,1.6941852569580078,1.8248019218444824,2.116429567337036,2.327420234680176,2.6159236431121826,2.660918951034546,2.970442533493042,3.1116461753845215,3.4056642055511475,3.5095338821411133,3.3545634746551514,1.9095922708511353,1.9332623481750488,1.9249039888381958,1.9406462907791138,2.0818328857421875,2.1496031284332275,2.4029951095581055,2.55473256111145,2.8608033657073975,3.002774238586426,3.267108917236328,3.491858959197998,3.706968069076538,3.8707499504089355,3.7823333740234375,2.4927921295166016,2.5030927658081055,2.4390077590942383,2.4168701171875,2.512702226638794,2.532097578048706,2.753833770751953,2.8031482696533203,3.087409019470215,3.3139848709106445,3.469348669052124,3.775510311126709,3.8368070125579834,4.026161193847656,4.348761558532715
A2,0.39945781230926514,0.0,0.3822547495365143,0.5764287114143372,0.9266874194145203,1.1866378784179688,1.4861116409301758,1.7846018075942993,1.987649917602539,1.8535486459732056,2.215488910675049,2.2070679664611816,2.5845651626586914,2.6805944442749023,2.429196357727051,0.5889574289321899,0.5727462768554688,0.6506616473197937,0.7364083528518677,1.0412144660949707,1.2347843647003174,1.5604536533355713,1.8220536708831787,2.078157901763916,2.037094831466675,2.384566068649292,2.458510160446167,2.81699800491333,2.9115407466888428,2.706791400909424,1.131771206855774,1.1346435546875,1.1313989162445068,1.1375082731246948,1.3344351053237915,1.4358632564544678,1.7373472452163696,1.9388952255249023,2.2381134033203125,2.296370029449463,2.6160647869110107,2.772310972213745,3.068854808807373,3.197326421737671,3.054248094558716,1.7327733039855957,1.7019199132919312,1.6448235511779785,1.614013671875,1.7254611253738403,1.7663922309875488,2.01503324508667,2.156696081161499,2.467130422592163,2.6193807125091553,2.88710880279541,3.1222434043884277,3.3387796878814697,3.517751455307007,3.4377496242523193,2.276839017868042,2.251288652420044,2.1497793197631836,2.0978097915649414,2.1620187759399414,2.1616623401641846,2.3688101768493652,2.410982847213745,2.6901321411132812,2.9204392433166504,3.0729050636291504,3.3832905292510986,3.4443182945251465,3.6418447494506836,3.9650564193725586
A3,0.5925567150115967,0.3822547495365143,0.0,0.38102397322654724,0.6187483668327332,0.9415881037712097,1.1877412796020508,1.5202308893203735,1.6881647109985352,1.5312881469726562,1.8846896886825562,1.8700543642044067,2.2484426498413086,2.3239433765411377,2.069270372390747,0.6644615530967712,0.6836090087890625,0.5327832102775574,0.6621347665786743,0.8406933546066284,1.074759602546692,1.3391579389572144,1.6278437376022339,1.844775915145874,1.785071611404419,2.109978437423706,2.1805601119995117,2.52773380279541,2.6019132137298584,2.4041664600372314,1.135411262512207,1.1861748695373535,1.072728157043457,1.1227550506591797,1.2255557775497437,1.3583394289016724,1.5967594385147095,1.8229261636734009,2.0796186923980713,2.1169655323028564,2.4071907997131348,2.5554447174072266,2.8335018157958984,2.9392011165618896,2.8034050464630127,1.7185736894607544,1.7359145879745483,1.6146271228790283,1.627515435218811,1.674919605255127,1.7479259967803955,1.9417402744293213,2.1108107566833496,2.3760948181152344,2.501100778579712,2.7390310764312744,2.9603941440582275,3.15647292137146,3.3127994537353516,3.2398087978363037,2.2750802040100098,2.2897791862487793,2.141465663909912,2.132091760635376,2.1516051292419434,2.1871440410614014,2.3534164428710938,2.43268084526062,2.673161029815674,2.8691458702087402,2.99849271774292,3.2881808280944824,3.334172248840332,3.497699499130249,3.821335554122925
A4,0.9009805917739868,0.5764287114143372,0.38102397322654724,0.0,0.38693341612815857,0.6109638214111328,0.9184914827346802,1.208247184753418,1.4219228029251099,1.3234890699386597,1.6949259042739868,1.7458503246307373,2.1059024333953857,2.2364540100097656,2.0311951637268066,0.9662221670150757,0.8360673785209656,0.6157933473587036,0.5060569643974304,0.6090877056121826,0.7424006462097168,1.0324499607086182,1.282687783241272,1.5379949808120728,1.5308799743652344,1.8717104196548462,1.996118426322937,2.3307313919067383,2.4570019245147705,2.300571918487549,1.317723274230957,1.2678334712982178,1.078749656677246,1.0106070041656494,1.0292657613754272,1.0764579772949219,1.2966843843460083,1.4814305305480957,1.7568957805633545,1.8372513055801392,2.1267144680023193,2.3159823417663574,2.57820725440979,2.723755121231079,2.6225032806396484,1.8038729429244995,1.7601548433303833,1.5756393671035767,1.519290566444397,1.4950087070465088,1.5062156915664673,1.662255883216858,1.7929420471191406,2.0551037788391113,2.209576368331909,2.433227777481079,2.6825382709503174,2.8607723712921143,3.0451998710632324,3.0020456314086914,2.296011209487915,2.2668871879577637,2.070479393005371,2.0174334049224854,1.977405309677124,1.9720268249511719,2.0950422286987305,2.1478652954101562,2.364337682723999,2.571470260620117,2.6749448776245117,2.975750207901001,3.0001394748687744,3.1740658283233643,3.5056002140045166
A5,1.2028753757476807,0.9266874194145203,0.6187483668327332,0.38693341612815857,0.0,0.37639909982681274,0.5697352886199951,0.9108537435531616,1.072699785232544,0.9532685279846191,1.3211559057235718,1.3841571807861328,1.7382564544677734,1.865371584892273,1.6762175559997559,1.18989896774292,1.078704595565796,0.7460430860519409,0.6525307893753052,0.4988134801387787,0.6352075338363647,0.7910998463630676,1.0694180727005005,1.2637921571731567,1.2391079664230347,1.5510387420654297,1.682354211807251,1.9989848136901855,2.1147541999816895,1.9783215522766113,1.4342286586761475,1.409053921699524,1.1308090686798096,1.0934512615203857,0.9829283356666565,1.0491236448287964,1.1596333980560303,1.364262342453003,1.5729209184646606,1.6281203031539917,1.875845193862915,2.0587382316589355,2.2952322959899902,2.420581102371216,2.3344550132751465,1.850154995918274,1.8417677879333496,1.5961930751800537,1.5770528316497803,1.4750505685806274,1.5149022340774536,1.5922527313232422,1.7483869791030884,1.945345401763916,2.0640289783477783,2.2472875118255615,2.4789066314697266,2.631060838699341,2.791076898574829,2.7591965198516846,2.320359706878662,2.3237123489379883,2.0810747146606445,2.067509889602661,1.975351095199585,2.005420684814453,2.0750625133514404,2.167478322982788,2.3325154781341553,2.4947471618652344,2.5695717334747314,2.841707468032837,2.8494136333465576,2.9832589626312256,3.3122830390930176
A6,1.4945282936096191,1.1866378784179688,0.9415881037712097,0.6109638214111328,0.37639909982681274,0.0,0.3775767982006073,0.5991409420967102,0.8571909070014954,0.8653302192687988,1.2317551374435425,1.3951948881149292,1.7022756338119507,1.884842872619629,1.7639987468719482,1.5246516466140747,1.3593945503234863,1.0475163459777832,0.833057165145874,0.6058642864227295,0.49691593647003174,0.5985776782035828,0.7690054774284363,1.0212059020996094,1.0981154441833496,1.408437728881836,1.6206806898117065,1.9005584716796875,2.077336549758911,2.002779960632324,1.738855242729187,1.6522150039672852,1.351029634475708,1.2202163934707642,1.0266813039779663,0.9656275510787964,1.0016669034957886,1.1171610355377197,1.334674596786499,1.4584547281265259,1.6838160753250122,1.9252220392227173,2.124419927597046,2.2986550331115723,2.2656493186950684,2.0860304832458496,2.0286591053009033,1.7450917959213257,1.6617776155471802,1.4874932765960693,1.4489142894744873,1.4569482803344727,1.547656774520874,1.721652626991272,1.8789284229278564,2.0264523029327393,2.2945444583892822,2.4103105068206787,2.604968786239624,2.6191179752349854,2.4913113117218018,2.454754114151001,2.1767406463623047,2.119642496109009,1.966160535812378,1.9470723867416382,1.954858422279358,2.008882999420166,2.130007266998291,2.3016655445098877,2.331146240234375,2.6135406494140625,2.582965612411499,2.7247209548950195,3.0642826557159424
A7,1.7686939239501953,1.4861116409301758,1.1877412796020508,0.9184914827346802,0.5697352886199951,0.3775767982006073,0.0,0.3854493796825409,0.5123928785324097,0.5082609057426453,0.8637998700141907,1.0584272146224976,1.343936562538147,1.5296434164047241,1.44158136844635,1.7332494258880615,1.5880420207977295,1.2293530702590942,1.0653690099716187,0.734015941619873,0.6592165231704712,0.5157827138900757,0.6937772035598755,0.8084954023361206,0.8548662662506104,1.1085013151168823,1.3285311460494995,1.5789930820465088,1.7427682876586914,1.696203589439392,1.865969181060791,1.8061463832855225,1.4596772193908691,1.374044418334961,1.103775143623352,1.0830146074295044,0.9940333962440491,1.131037712097168,1.237802505493164,1.3132925033569336,1.47515070438385,1.6977967023849487,1.8637518882751465,2.0079948902130127,1.9913073778152466,2.1467316150665283,2.1255738735198975,1.8060733079910278,1.7675869464874268,1.541797399520874,1.5454883575439453,1.479506492614746,1.6039835214614868,1.6952235698699951,1.7959668636322021,1.8944226503372192,2.12931227684021,2.2167675495147705,2.3750128746032715,2.396991014480591,2.5239198207855225,2.5220654010772705,2.2140114307403564,2.2016494274139404,2.012691020965576,2.037607192993164,2.0008082389831543,2.102224826812744,2.1720027923583984,2.2855184078216553,2.2902772426605225,2.530674695968628,2.489114999771118,2.5796854496002197,2.910024881362915
A8,2.084350109100342,1.7846018075942993,1.5202308893203735,1.208247184753418,0.9108537435531616,0.5991409420967102,0.3854493796825409,0.0,0.3842032849788666,0.6341550946235657,0.8919221758842468,1.195397973060608,1.3912709951400757,1.6273813247680664,1.6223746538162231,2.0829010009765625,1.9074585437774658,1.5668340921401978,1.3452582359313965,1.017626404762268,0.8102394938468933,0.5914024114608765,0.525830864906311,0.6509069204330444,0.8502722978591919,1.0494954586029053,1.3613275289535522,1.5411752462387085,1.7692492008209229,1.8004684448242188,2.207242250442505,2.1077632904052734,1.756953477859497,1.6125582456588745,1.3037422895431519,1.1846394538879395,1.009880542755127,1.0205026865005493,1.0914206504821777,1.2427600622177124,1.3452463150024414,1.630986213684082,1.7330307960510254,1.9294774532318115,1.982034683227539,2.441607713699341,2.3839690685272217,2.0439810752868652,1.9572921991348267,1.6802654266357422,1.6161092519760132,1.4738017320632935,1.521560549736023,1.5600141286849976,1.6916637420654297,1.7283399105072021,1.9959602355957031,2.0270516872406006,2.2190654277801514,2.300114631652832,2.761824369430542,2.727742910385132,2.395691394805908,2.3480067253112793,2.1075475215911865,2.088710069656372,1.9852454662322998,2.048377513885498,2.057410955429077,2.1675071716308594,2.1117782592773438,2.3508265018463135,2.2584116458892822,2.3458967208862305,2.6841745376586914
A9,2.274660110473633,1.987649917602539,1.6881647109985352,1.4219228029251099,1.072699785232544,0.8571909070014954,0.5123928785324097,0.3842032849788666,0.0,0.36138594150543213,0.5183844566345215,0.8565446138381958,1.012940526008606,1.266736388206482,1.3032267093658447,2.1936638355255127,2.0311105251312256,1.66226065158844,1.4893349409103394,1.1151424646377563,0.9858526587486267,0.6564613580703735,0.6627166867256165,0.5417995452880859,0.6369370222091675,0.7369670867919922,1.037822961807251,1.1892335414886475,1.3976044654846191,1.4506362676620483,2.2330970764160156,2.158127546310425,1.7813550233840942,1.6880261898040771,1.3431106805801392,1.292817234992981,1.0485597848892212,1.1232653856277466,1.0689421892166138,1.1205635070800781,1.1539692878723145,1.3868836164474487,1.4672021865844727,1.6131285429000854,1.6660003662109375,2.3992762565612793,2.3783984184265137,2.0191142559051514,1.9846400022506714,1.684267520904541,1.682398796081543,1.5006996393203735,1.6100795269012451,1.57720947265625,1.624291181564331,1.626686453819275,1.8337786197662354,1.8550746440887451,1.9892301559448242,2.056164026260376,2.6895904541015625,2.693582773208618,2.3454315662384033,2.3495752811431885,2.095357656478882,2.1341395378112793,2.012202262878418,2.1378657817840576,2.117961883544922,2.1614553928375244,2.10738468170166,2.292512893676758,2.2154135704040527,2.244049549102783,2.5623674392700195
A10,2.12174391746521,1.8535486459732056,1.5312881469726562,1.3234890699386597,0.9532685279846191,0.8653302192687988,0.5082609057426453,0.6341550946235657,0.36138594150543213,0.0,0.3749130368232727,0.5721292495727539,0.8386490345001221,1.0570905208587646,1.021960735321045,1.9718854427337646,1.8330919742584229,1.4500068426132202,1.342555284500122,0.9610299468040466,0.9550011157989502,0.6472294330596924,0.8323681354522705,0.6877827048301697,0.5766125917434692,0.7070296406745911,0.8785208463668823,1.108986258506775,1.2400054931640625,1.2109849452972412,1.9630887508392334,1.9251058101654053,1.5439664125442505,1.5179197788238525,1.1900174617767334,1.2417441606521606,1.0403136014938354,1.2296257019042969,1.1791051626205444,1.132916808128357,1.2096155881881714,1.3555893898010254,1.500113606452942,1.5766844749450684,1.5524752140045166,2.1206326484680176,2.1424753665924072,1.7919490337371826,1.8176937103271484,1.5494532585144043,1.6255689859390259,1.4922305345535278,1.6814641952514648,1.674085021018982,1.670701265335083,1.7238537073135376,1.8814947605133057,1.9581953287124634,2.044518232345581,2.045879364013672,2.4364051818847656,2.480851411819458,2.1461498737335205,2.199537515640259,1.9824519157409668,2.0779337882995605,2.004423141479492,2.180845022201538,2.2025845050811768,2.2299046516418457,2.2313392162323,2.4031341075897217,2.3789172172546387,2.398881435394287,2.7019054889678955
A11,2.4708502292633057,2.215488910675049,1.8846896886825562,1.6949259042739868,1.3211559057235718,1.2317551374435425,0.8637998700141907,0.8919221758842468,0.5183844566345215,0.3749130368232727,0.0,0.3890637159347534,0.5015676021575928,0.7630220651626587,0.8427613973617554,2.2944672107696533,2.1660828590393066,1.7817034721374512,1.6934967041015625,1.3097137212753296,1.3004924058914185,0.9566174745559692,1.0694764852523804,0.8038582801818848,0.6609864234924316,0.5683332085609436,0.7082866430282593,0.8323751091957092,0.9345077872276306,0.9816387295722961,2.2327075004577637,2.2075600624084473,1.8215155601501465,1.8164886236190796,1.4720215797424316,1.530280590057373,1.2714712619781494,1.4370537996292114,1.2869746685028076,1.1865571737289429,1.1505550146102905,1.2408978939056396,1.3139132261276245,1.3315589427947998,1.340660810470581,2.3215267658233643,2.365178346633911,2.0050060749053955,2.056715726852417,1.7650587558746338,1.8591251373291016,1.6743627786636353,1.8677383661270142,1.7840126752853394,1.7207661867141724,1.708215355873108,1.8085395097732544,1.8417235612869263,1.870849370956421,1.8839545249938965,2.586212396621704,2.6545753479003906,2.306713104248047,2.3912580013275146,2.150787830352783,2.2729949951171875,2.1605770587921143,2.3638391494750977,2.336591958999634,2.3064651489257812,2.2805583477020264,2.39690899848938,2.3616433143615723,2.3205718994140625,2.5990471839904785
A12,2.4357497692108154,2.2070679664611816,1.8700543642044067,1.7458503246307373,1.3841571807861328,1.3951948881149292,1.0584272146224976,1.195397973060608,0.8565446138381958,0.5721292495727539,0.3890637159347534,0.0,0.38705968856811523,0.5563033819198608,0.5404648184776306,2.18483567237854,2.0850422382354736,1.7064224481582642,1.6901884078979492,1.3309417963027954,1.420566201210022,1.1203621625900269,1.3255161046981812,1.0677770376205444,0.8064586520195007,0.7288336753845215,0.6429032683372498,0.8351465463638306,0.7891700863838196,0.7055336236953735,2.052464723587036,2.069873571395874,1.6954669952392578,1.7654035091400146,1.456185221672058,1.6041382551193237,1.389811635017395,1.6320782899856567,1.4863063097000122,1.3052295446395874,1.302049160003662,1.2851171493530273,1.416260838508606,1.3427571058273315,1.2541546821594238,2.102424383163452,2.198511838912964,1.8579062223434448,1.9791308641433716,1.7284555435180664,1.898036003112793,1.757949948310852,2.0150136947631836,1.9487837553024292,1.8356479406356812,1.866142749786377,1.9077221155166626,1.9931646585464478,1.966382622718811,1.90623140335083,2.372375011444092,2.4910168647766113,2.1636505126953125,2.30692720413208,2.107909917831421,2.2890608310699463,2.2207884788513184,2.470811605453491,2.4768760204315186,2.4255781173706055,2.4507038593292236,2.546886444091797,2.563018560409546,2.511085271835327,2.766709089279175
A13,2.8183910846710205,2.5845651626586914,2.2484426498413086,2.1059024333953857,1.7382564544677734,1.7022756338119507,1.343936562538147,1.3912709951400757,1.012940526008606,0.8386490345001221,0.5015676021575928,0.38705968856811523,0.0,0.39413225650787354,0.6288069486618042,2.5703489780426025,2.4616940021514893,2.084940195083618,2.0480411052703857,1.6778807640075684,1.7206014394760132,1.380903720855713,1.5083101987838745,1.1853253841400146,0.9610682129859924,0.7219683527946472,0.6213412284851074,0.609775185585022,0.5089017748832703,0.6005010604858398,2.4143552780151367,2.4196269512176514,2.0429131984710693,2.094296455383301,1.7618836164474487,1.875536561012268,1.6064800024032593,1.8003228902816772,1.5809839963912964,1.3848707675933838,1.2731119394302368,1.2159062623977661,1.2485185861587524,1.1156233549118042,1.0890614986419678,2.406748056411743,2.4969308376312256,2.1465182304382324,2.2591512203216553,1.9770437479019165,2.130122184753418,1.9343140125274658,2.1694068908691406,2.0339999198913574,1.882759928703308,1.840861439704895,1.8347885608673096,1.8633062839508057,1.7848068475723267,1.7518423795700073,2.6121342182159424,2.731020212173462,2.389268159866333,2.5367772579193115,2.3043291568756104,2.486173629760742,2.369014263153076,2.6251068115234375,2.5769288539886475,2.4783616065979004,2.4652464389801025,2.510132074356079,2.5054433345794678,2.39705753326416,2.625852584838867
A14,2.866331100463867,2.6805944442749023,2.3239433765411377,2.2364540100097656,1.865371584892273,1.884842872619629,1.5296434164047241,1.6273813247680664,1.266736388206482,1.0570905208587646,0.7630220651626587,0.5563033819198608,0.39413225650787354,0.0,0.36652785539627075,2.623426914215088,2.571838855743408,2.196629524230957,2.2200183868408203,1.871221899986267,1.965883493423462,1.6579129695892334,1.8215159177780151,1.5321983098983765,1.3061227798461914,1.1082981824874878,0.9755281805992126,0.9648943543434143,0.7302417755126953,0.7389580011367798,2.487886905670166,2.5523226261138916,2.1943359375,2.301180839538574,2.0048062801361084,2.1587040424346924,1.9281537532806396,2.144914150238037,1.95416259765625,1.7597501277923584,1.66566002368927,1.588775634765625,1.619066834449768,1.437669038772583,1.3812239170074463,2.5191328525543213,2.661424160003662,2.339031457901001,2.495897054672241,2.2528076171875,2.4359686374664307,2.275280475616455,2.525562047958374,2.4129624366760254,2.26383376121521,2.233114242553711,2.2148935794830322,2.2435226440429688,2.1388158798217773,2.0891315937042236,2.769709825515747,2.931281805038452,2.615586757659912,2.7959604263305664,2.5995094776153564,2.8024964332580566,2.7158520221710205,2.9789562225341797,2.9516332149505615,2.859149217605591,2.8565897941589355,2.9000508785247803,2.8982510566711426,2.7814202308654785,3.0004477500915527
A15,2.584765911102295,2.429196357727051,2.069270372390747,2.0311951637268066,1.6762175559997559,1.7639987468719482,1.44158136844635,1.6223746538162231,1.3032267093658447,1.021960735321045,0.8427613973617554,0.5404648184776306,0.6288069486618042,0.36652785539627075,0.0,2.3296735286712646,2.314260482788086,1.9482389688491821,2.023097515106201,1.7064802646636963,1.8622167110443115,1.6064187288284302,1.8345609903335571,1.5987333059310913,1.3454209566116333,1.2442207336425781,1.090694785118103,1.1975297927856445,0.9730476140975952,0.8399909734725952,2.2077627182006836,2.312256336212158,1.9744367599487305,2.126317262649536,1.873952865600586,2.0730137825012207,1.9015321731567383,2.1611275672912598,2.0265612602233887,1.8331512212753296,1.8130691051483154,1.7430291175842285,1.844302773475647,1.6821883916854858,1.5656150579452515,2.288329839706421,2.4623587131500244,2.1676082611083984,2.3551993370056152,2.15899395942688,2.370837926864624,2.2666096687316895,2.541534900665283,2.4838075637817383,2.3535654544830322,2.379258871078491,2.3817667961120605,2.457470178604126,2.3756189346313477,2.2924764156341553,2.599665403366089,2.782944679260254,2.49464750289917,2.690417528152466,2.5383362770080566,2.7541213035583496,2.717472791671753,2.983386516571045,3.004179000854492,2.942626714706421,2.9769797325134277,3.052605390548706,3.0743680000305176,2.9939327239990234,3.227781057357788
B1,0.6014072299003601,0.5889574289321899,0.6644615530967712,0.9662221670150757,1.18989896774292,1.5246516466140747,1.7332494258880615,2.0829010009765625,2.1936638355255127,1.9718854427337646,2.2944672107696533,2.18483567237854,2.5703489780426025,2.623426914215088,2.3296735286712646,0.0,0.39109140634536743,0.5830163955688477,0.8988138437271118,1.187529444694519,1.4952977895736694,1.7670636177062988,2.0959339141845703,2.2730252742767334,2.1378512382507324,2.4609594345092773,2.4399893283843994,2.817746877670288,2.8469467163085938,2.581289052963257,0.6526082158088684,0.8213720917701721,0.9242340326309204,1.1146786212921143,1.3767060041427612,1.6072770357131958,1.9026317596435547,2.184469699859619,2.4289586544036865,2.3990793228149414,2.719930410385132,2.7960495948791504,3.1252005100250244,3.191284656524658,2.987703561782837,1.3244051933288574,1.3949787616729736,1.4202648401260376,1.514926552772522,1.7059404850006104,1.8610856533050537,2.1381852626800537,2.3635311126708984,2.6517438888549805,2.7308528423309326,3.0216434001922607,3.1940534114837646,3.4492766857147217,3.5736243724823,3.4343271255493164,1.926253318786621,1.9788259267807007,1.9372763633728027,1.9758116006851196,2.1133015155792236,2.20404314994812,2.4578771591186523,2.5765810012817383,2.8725996017456055,3.053375720977783,3.2532906532287598,3.525987386703491,3.637526512145996,3.8060271739959717,4.105525970458984
B2,0.8007800579071045,0.5727462768554688,0.6836090087890625,0.8360673785209656,1.078704595565796,1.3593945503234863,1.5880420207977295,1.9074585437774658,2.0311105251312256,1.8330919742584229,2.1660828590393066,2.0850422382354736,2.4616940021514893,2.571838855743408,2.314260482788086,0.39109140634536743,0.0,0.38893064856529236,0.600866436958313,0.9436711072921753,1.2231324911117554,1.5224336385726929,1.8359770774841309,2.0284183025360107,1.9077179431915283,2.2524774074554443,2.249425172805786,2.6332826614379883,2.7066843509674072,2.457723617553711,0.6000663042068481,0.566363513469696,0.6476046442985535,0.7542991042137146,1.0535084009170532,1.2637076377868652,1.5876984596252441,1.8609371185302734,2.120751142501831,2.102609872817993,2.443732500076294,2.5332016944885254,2.8727827072143555,2.970118999481201,2.775190830230713,1.167472243309021,1.1436192989349365,1.1329686641693115,1.1636532545089722,1.3560097217559814,1.4870760440826416,1.7823024988174438,1.9992269277572632,2.3023087978363037,2.3932912349700928,2.6994194984436035,2.882587194442749,3.1484856605529785,3.293271780014038,3.1578879356384277,1.7144426107406616,1.709020733833313,1.6396628618240356,1.6330879926681519,1.756935715675354,1.8239020109176636,2.0816261768341064,2.1904749870300293,2.494636297225952,2.684826135635376,2.893385648727417,3.173577308654785,3.293443441390991,3.478891372680664,3.7770538330078125
B3,0.9259755611419678,0.6506616473197937,0.5327832102775574,0.6157933473587036,0.7460430860519409,1.0475163459777832,1.2293530702590942,1.5668340921401978,1.66226065158844,1.4500068426132202,1.7817034721374512,1.7064224481582642,2.084940195083618,2.196629524230957,1.9482389688491821,0.5830163955688477,0.38893064856529236,0.0,0.379499614238739,0.6124060750007629,0.9419704675674438,1.194678544998169,1.533280372619629,1.696677327156067,1.5641334056854248,1.8991764783859253,1.9048428535461426,2.2823054790496826,2.3535239696502686,2.1189680099487305,0.7112699151039124,0.6997738480567932,0.5408194661140442,0.6605771780014038,0.8265209794044495,1.0637047290802002,1.329793930053711,1.624767780303955,1.8514952659606934,1.822576880455017,2.141327142715454,2.2354395389556885,2.557734251022339,2.646470308303833,2.466381311416626,1.2082818746566772,1.2168928384780884,1.086187481880188,1.1384060382843018,1.225014328956604,1.3721156120300293,1.6026780605316162,1.8387413024902344,2.100327253341675,2.1748387813568115,2.4509663581848145,2.631469964981079,2.8744165897369385,3.0075831413269043,2.887515068054199,1.7462689876556396,1.7675275802612305,1.6189048290252686,1.6404260396957397,1.6873834133148193,1.7757965326309204,1.9759048223495483,2.112046003341675,2.371601104736328,2.534419298171997,2.712312698364258,2.9786155223846436,3.0768845081329346,3.234541177749634,3.5375492572784424
B4,1.106272578239441,0.7364083528518677,0.6621347665786743,0.5060569643974304,0.6525307893753052,0.833057165145874,1.0653690099716187,1.3452582359313965,1.4893349409103394,1.342555284500122,1.6934967041015625,1.6901884078979492,2.0480411052703857,2.2200183868408203,2.023097515106201,0.8988138437271118,0.600866436958313,0.379499614238739,0.0,0.3895112872123718,0.6224554181098938,0.9393393397331238,1.2368329763412476,1.451047420501709,1.3775862455368042,1.7409675121307373,1.8075097799301147,2.1752026081085205,2.309408664703369,2.119762659072876,1.0006266832351685,0.8467410802841187,0.6266984939575195,0.5049681067466736,0.6014272570610046,0.7353366613388062,1.0325723886489868,1.2884913682937622,1.5553768873214722,1.579058051109314,1.9136452674865723,2.0570380687713623,2.370298147201538,2.5109753608703613,2.3673036098480225,1.369125247001648,1.2795665264129639,1.084044098854065,1.0152637958526611,1.0285193920135498,1.0882912874221802,1.3076289892196655,1.5010123252868652,1.7825086116790771,1.900022268295288,2.1761584281921387,2.394169807434082,2.6267409324645996,2.7991349697113037,2.7096168994903564,1.8147237300872803,1.765722632408142,1.5694212913513184,1.5164145231246948,1.5019161701202393,1.5274639129638672,1.6960357427597046,1.7935789823532104,2.045632839202881,2.234860897064209,2.3955817222595215,2.6837987899780273,2.765239953994751,2.9464621543884277,3.2596611976623535
B5,1.3871294260025024,1.0412144660949707,0.8406933546066284,0.6090877056121826,0.4988134801387787,0.6058642864227295,0.734015941619873,1.017626404762268,1.1151424646377563,0.9610299468040466,1.3097137212753296,1.3309417963027954,1.6778807640075684,1.871221899986267,1.7064802646636963,1.187529444694519,0.9436711072921753,0.6124060750007629,0.3895112872123718,0.0,0.3724621534347534,0.583813488483429,0.9251834154129028,1.0922205448150635,1.0057889223098755,1.3637531995773315,1.4513729810714722,1.8078739643096924,1.9532620906829834,1.7921314239501953,1.2172279357910156,1.09175443649292,0.7592059969902039,0.6514974236488342,0.4841875433921814,0.6129608750343323,0.7772005200386047,1.0617858171463013,1.2709987163543701,1.279308557510376,1.5844883918762207,1.7363272905349731,2.0278849601745605,2.164565324783325,2.043132781982422,1.488935947418213,1.427797555923462,1.1437077522277832,1.0982617139816284,0.9767470359802246,1.0461229085922241,1.1544290781021118,1.367957592010498,1.5814576148986816,1.672159194946289,1.9078214168548584,2.119929313659668,2.3254363536834717,2.4848434925079346,2.413926362991333,1.8879644870758057,1.8630417585372925,1.5999438762664795,1.5779058933258057,1.478168249130249,1.5284584760665894,1.6175884008407593,1.7490792274475098,1.936962604522705,2.084029197692871,2.207338809967041,2.4727532863616943,2.531481981277466,2.6781208515167236,2.9937593936920166
B6,1.606408953666687,1.2347843647003174,1.074759602546692,0.7424006462097168,0.6352075338363647,0.49691593647003174,0.6592165231704712,0.8102394938468933,0.9858526587486267,0.9550011157989502,1.3004924058914185,1.420566201210022,1.7206014394760132,1.965883493423462,1.8622167110443115,1.4952977895736694,1.2231324911117554,0.9419704675674438,0.6224554181098938,0.3724621534347534,0.0,0.3828478753566742,0.6171130537986755,0.878614604473114,0.9128504395484924,1.2823594808578491,1.4601473808288574,1.7789740562438965,1.992197036743164,1.8950964212417603,1.5539422035217285,1.375052809715271,1.0589441061019897,0.8359104990959167,0.5911209583282471,0.4688166379928589,0.5706397891044617,0.7538861036300659,1.0165799856185913,1.1203771829605103,1.421276330947876,1.6463332176208496,1.9044389724731445,2.1026618480682373,2.0379788875579834,1.777125358581543,1.657671570777893,1.3517385721206665,1.2141292095184326,1.0114970207214355,0.9521254301071167,0.985925018787384,1.1134731769561768,1.3284566402435303,1.4813411235809326,1.6928290128707886,1.9565719366073608,2.13075852394104,2.3378684520721436,2.316134452819824,2.103506088256836,2.025463819503784,1.73345947265625,1.6457942724227905,1.477236032485962,1.450644612312317,1.471925139427185,1.5463624000549316,1.6980066299438477,1.871995210647583,1.9525588750839233,2.242241859436035,2.2641119956970215,2.433063268661499,2.763594388961792
B7,1.9085731506347656,1.5604536533355713,1.3391579389572144,1.0324499607086182,0.7910998463630676,0.5985776782035828,0.5157827138900757,0.5914024114608765,0.6564613580703735,0.6472294330596924,0.9566174745559692,1.1203621625900269,1.380903720855713,1.6579129695892334,1.6064187288284302,1.7670636177062988,1.5224336385726929,1.194678544998169,0.9393393397331238,0.583813488483429,0.3828478753566742,0.0,0.38001248240470886,0.5199500918388367,0.5543491244316101,0.9110854864120483,1.1276164054870605,1.419455885887146,1.6514339447021484,1.597122311592102,1.761479139328003,1.6094454526901245,1.2475285530090332,1.0755497217178345,0.7301880121231079,0.6402738690376282,0.4791484773159027,0.6682351231575012,0.7907654047012329,0.8628978133201599,1.1071155071258545,1.3407667875289917,1.5664130449295044,1.7587859630584717,1.72350013256073,1.9083020687103271,1.8208004236221313,1.4702774286270142,1.3745473623275757,1.0910749435424805,1.0640668869018555,0.9650804400444031,1.113813042640686,1.2128595113754272,1.311368465423584,1.4612993001937866,1.7061395645141602,1.8462427854537964,2.031083822250366,2.0289175510406494,2.1882123947143555,2.1393744945526123,1.806207537651062,1.7600618600845337,1.5318890810012817,1.5444012880325317,1.4876469373703003,1.6072922945022583,1.6796412467956543,1.7872995138168335,1.8256516456604004,2.0742604732513428,2.0745933055877686,2.193843364715576,2.521420478820801
B8,2.1798391342163086,1.8220536708831787,1.6278437376022339,1.282687783241272,1.0694180727005005,0.7690054774284363,0.6937772035598755,0.525830864906311,0.6627166867256165,0.8323681354522705,1.0694764852523804,1.3255161046981812,1.5083101987838745,1.8215159177780151,1.8345609903335571,2.0959339141845703,1.8359770774841309,1.533280372619629,1.2368329763412476,0.9251834154129028,0.6171130537986755,0.38001248240470886,0.0,0.38866931200027466,0.6549854874610901,0.9385406374931335,1.2493000030517578,1.4633036851882935,1.7592582702636719,1.779903531074524,2.115018129348755,1.9331674575805664,1.5861724615097046,1.3614131212234497,1.018656611442566,0.8042585253715515,0.5577239990234375,0.496878981590271,0.6100466847419739,0.8261125683784485,1.0104193687438965,1.330244779586792,1.4875167608261108,1.7473552227020264,1.7865484952926636,2.239441394805908,2.115171432495117,1.760788917541504,1.6094897985458374,1.2895034551620483,1.164777159690857,0.9759994745254517,0.9990896582603455,1.0451549291610718,1.2074123620986938,1.2924022674560547,1.5930380821228027,1.675027847290039,1.9124233722686768,1.9770779609680176,2.467043161392212,2.380201578140259,2.0334696769714355,1.939818024635315,1.6622474193572998,1.6087040901184082,1.473631501197815,1.5304052829742432,1.5336898565292358,1.6525436639785767,1.6203182935714722,1.8830044269561768,1.8259658813476562,1.959229826927185,2.301987409591675
B9,2.4213764667510986,2.078157901763916,1.844775915145874,1.5379949808120728,1.2637921571731567,1.0212059020996094,0.8084954023361206,0.6509069204330444,0.5417995452880859,0.6877827048301697,0.8038582801818848,1.0677770376205444,1.1853253841400146,1.5321983098983765,1.5987333059310913,2.2730252742767334,2.0284183025360107,1.696677327156067,1.451047420501709,1.0922205448150635,0.878614604473114,0.5199500918388367,0.38866931200027466,0.0,0.3638182580471039,0.5619935393333435,0.9042633175849915,1.0814708471298218,1.3951013088226318,1.4538601636886597,2.212200880050659,2.0535974502563477,1.6795830726623535,1.5082850456237793,1.1252148151397705,0.9956845045089722,0.6518110632896423,0.6705451011657715,0.5305905342102051,0.6165376305580139,0.6996377110481262,1.0021812915802002,1.1324430704116821,1.3715664148330688,1.4287450313568115,2.2591214179992676,2.1693179607391357,1.7908377647399902,1.6932998895645142,1.3386508226394653,1.2843592166900635,1.0280523300170898,1.120056390762329,1.0419944524765015,1.0886000394821167,1.1093800067901611,1.3506548404693604,1.4121627807617188,1.5998717546463013,1.6632071733474731,2.4421210289001465,2.3914663791656494,2.0215392112731934,1.9822924137115479,1.6779054403305054,1.6884698867797852,1.5148762464523315,1.6443634033203125,1.593210220336914,1.62041175365448,1.5735877752304077,1.7669448852539062,1.7166311740875244,1.777901291847229,2.1035654544830322
B10,2.3651673793792725,2.037094831466675,1.785071611404419,1.5308799743652344,1.2391079664230347,1.0981154441833496,0.8548662662506104,0.8502722978591919,0.6369370222091675,0.5766125917434692,0.6609864234924316,0.8064586520195007,0.9610682129859924,1.3061227798461914,1.3454209566116333,2.1378512382507324,1.9077179431915283,1.5641334056854248,1.3775862455368042,1.0057889223098755,0.9128504395484924,0.5543491244316101,0.6549854874610901,0.3638182580471039,0.0,0.37739869952201843,0.600584089756012,0.8732404112815857,1.1375406980514526,1.1342073678970337,2.0000572204589844,1.8679970502853394,1.4822232723236084,1.3756946325302124,0.9883472919464111,0.9795955419540405,0.6590554714202881,0.8473221659660339,0.6850761771202087,0.5606232285499573,0.6773161292076111,0.8450536131858826,1.0565885305404663,1.2104847431182861,1.1857882738113403,1.9970978498458862,1.9468899965286255,1.5629994869232178,1.532223105430603,1.1891841888427734,1.237939715385437,1.018198013305664,1.2259474992752075,1.1555982828140259,1.1034175157546997,1.1733649969100952,1.3269550800323486,1.4502644538879395,1.562936544418335,1.5480443239212036,2.176175355911255,2.1688807010650635,1.7985855340957642,1.8216497898101807,1.5411896705627441,1.6316256523132324,1.5009859800338745,1.7073765993118286,1.6920064687728882,1.6769587993621826,1.6935045719146729,1.8491973876953125,1.8625344038009644,1.8925706148147583,2.1906046867370605
B11,2.696075439453125,2.384566068649292,2.109978437423706,1.8717104196548462,1.5510387420654297,1.408437728881836,1.1085013151168823,1.0494954586029053,0.7369670867919922,0.7070296406745911,0.5683332085609436,0.7288336753845215,0.7219683527946472,1.1082981824874878,1.2442207336425781,2.4609594345092773,2.2524774074554443,1.8991764783859253,1.7409675121307373,1.3637531995773315,1.2823594808578491,0.9110854864120483,0.9385406374931335,0.5619935393333435,0.37739869952201843,0.0,0.39409974217414856,0.526786208152771,0.8372785449028015,0.9372479915618896,2.297365188598633,2.189213514328003,1.8020752668380737,1.727281093597412,1.3436510562896729,1.3462949991226196,1.0051075220108032,1.1343646049499512,0.8682113885879517,0.6945889592170715,0.5930250287055969,0.6895512342453003,0.7941831946372986,0.9005031585693359,0.9377574324607849,2.2489800453186035,2.226652145385742,1.8417046070098877,1.8421154022216797,1.4921205043792725,1.5556368827819824,1.2924383878707886,1.4818488359451294,1.3196083307266235,1.1972222328186035,1.1618045568466187,1.2405626773834229,1.2970117330551147,1.3426471948623657,1.3531547784805298,2.3848421573638916,2.40429949760437,2.027017116546631,2.082857131958008,1.7850561141967773,1.8985679149627686,1.7252298593521118,1.948930263519287,1.872407078742981,1.79031240940094,1.7628554105758667,1.847980260848999,1.839074730873108,1.7915152311325073,2.0633034706115723
B12,2.750136613845825,2.458510160446167,2.1805601119995117,1.996118426322937,1.682354211807251,1.6206806898117065,1.3285311460494995,1.3613275289535522,1.037822961807251,0.8785208463668823,0.7082866430282593,0.6429032683372498,0.6213412284851074,0.9755281805992126,1.090694785118103,2.4399893283843994,2.249425172805786,1.9048428535461426,1.8075097799301147,1.4513729810714722,1.4601473808288574,1.1276164054870605,1.2493000030517578,0.9042633175849915,0.600584089756012,0.39409974217414856,0.0,0.3919016718864441,0.5744478702545166,0.581296443939209,2.1902129650115967,2.1110610961914062,1.7348309755325317,1.7276551723480225,1.3739240169525146,1.468784213066101,1.17324697971344,1.383784532546997,1.1258634328842163,0.8454711437225342,0.7757507562637329,0.6561342477798462,0.8380602598190308,0.7853507995605469,0.6788701415061951,2.0660786628723145,2.08819317817688,1.7162662744522095,1.7877496480941772,1.4708235263824463,1.6210311651229858,1.3996031284332275,1.6618047952651978,1.5093826055526733,1.3106776475906372,1.3186620473861694,1.2947949171066284,1.4127875566482544,1.3646637201309204,1.2731571197509766,2.169698476791382,2.2388100624084473,1.87338387966156,1.9975979328155518,1.733472228050232,1.920760154724121,1.7873176336288452,2.070858955383301,2.0221118927001953,1.9001487493515015,1.9305510520935059,1.974082350730896,2.0282366275787354,1.9539133310317993,2.1852025985717773
B13,3.105992317199707,2.81699800491333,2.52773380279541,2.3307313919067383,1.9989848136901855,1.9005584716796875,1.5789930820465088,1.5411752462387085,1.1892335414886475,1.108986258506775,0.8323751091957092,0.8351465463638306,0.609775185585022,0.9648943543434143,1.1975297927856445,2.817746877670288,2.6332826614379883,2.2823054790496826,2.1752026081085205,1.8078739643096924,1.7789740562438965,1.419455885887146,1.4633036851882935,1.0814708471298218,0.8732404112815857,0.526786208152771,0.3919016718864441,0.0,0.3997958302497864,0.6490339636802673,2.5787441730499268,2.5026321411132812,2.1264073848724365,2.108368396759033,1.7449592351913452,1.8011943101882935,1.4702541828155518,1.6114870309829712,1.2961077690124512,1.045721411705017,0.8269879221916199,0.6800243258476257,0.6609115600585938,0.5188101530075073,0.5667859315872192,2.440732479095459,2.4634358882904053,2.0922493934631348,2.152862310409546,1.819808840751648,1.9385346174240112,1.6706740856170654,1.8857454061508179,1.6647166013717651,1.4444109201431274,1.3481181859970093,1.2726958990097046,1.2948307991027832,1.1814517974853516,1.1475131511688232,2.5070695877075195,2.5756783485412598,2.2067294120788574,2.3261427879333496,2.037184238433838,2.208622694015503,2.0255091190338135,2.2956273555755615,2.1858670711517334,2.020738124847412,1.9932535886764526,1.9785139560699463,1.993874192237854,1.8498550653457642,2.051335573196411
