,A1,A2,A3,A4,A5,A6,A7,A8,A9,A10,A11,A12,A13,A14,A15,B1,B2,B3,B4,B5,B6,B7,B8,B9,B10,B11,B12,B13,B14,B15,C1,C2,C3,C4,C5,C6,C7,C8,C9,C10,C11,C12,C13,C14,C15,D1,D2,D3,D4,D5,D6,D7,D8,D9,D10,D11,D12,D13,D14,D15,E1,E2,E3,E4,E5,E6,E7,E8,E9,E10,E11,E12,E13,E14,E15
A1,0.0,0.3903711140155792,0.6124454140663147,0.9524639248847961,1.261351466178894,1.5782822370529175,1.8814653158187866,2.203784704208374,2.434319496154785,2.40413236618042,2.7615301609039307,2.8142831325531006,3.1984095573425293,3.3468222618103027,3.042865037918091,0.6068218946456909,0.7229378819465637,0.8804951310157776,1.1178605556488037,1.4126156568527222,1.6877425909042358,1.9936935901641846,2.2979331016540527,2.5418994426727295,2.554749011993408,2.8953073024749756,2.9828755855560303,3.350466012954712,3.51031231880188,3.231682538986206,1.1552397012710571,1.2266031503677368,1.2966852188110352,1.4524482488632202,1.6862058639526367,1.909206509590149,2.192744493484497,2.465312957763672,2.713503837585449,2.7626800537109375,3.082381010055542,3.192584991455078,3.5351414680480957,3.704040288925171,3.4625463485717773,1.691328763961792,1.750281572341919,1.763704538345337,1.8745369911193848,2.046076536178589,2.2171967029571533,2.471358299255371,2.6964404582977295,2.9464187622070312,3.0429611206054688,3.3368067741394043,3.476656675338745,3.779512643814087,3.9564738273620605,3.752497911453247,2.256438732147217,2.3078346252441406,2.269385576248169,2.3462975025177,2.471226930618286,2.5843279361724854,2.8173184394836426,2.9644291400909424,3.22345232963562,3.3754703998565674,3.632999897003174,3.8283028602600098,4.026350021362305,4.226215362548828,4.264498233795166
A2,0.3903711140155792,0.0,0.37628012895584106,0.6202877759933472,0.9755801558494568,1.2529677152633667,1.582721471786499,1.8825693130493164,2.1369051933288574,2.1419172286987305,2.51119065284729,2.600216865539551,2.9879870414733887,3.170970916748047,2.8895039558410645,0.6724271178245544,0.5723286271095276,0.651056170463562,0.7868051528930664,1.098895788192749,1.3356636762619019,1.6623473167419434,1.9459221363067627,2.2141342163085938,2.260462522506714,2.6156165599823,2.736976385116577,3.1146857738494873,3.3077166080474854,3.0499000549316406,1.1410012245178223,1.0961322784423828,1.0990272760391235,1.167855978012085,1.385865330696106,1.5653643608093262,1.855944037437439,2.1058478355407715,2.3728187084198,2.452230930328369,2.7833590507507324,2.924727439880371,3.277397632598877,3.477058172225952,3.255152702331543,1.6427034139633179,1.6232948303222656,1.5827739238739014,1.6263482570648193,1.767119288444519,1.894960880279541,2.1422884464263916,2.3422117233276367,2.602872610092163,2.7251477241516113,3.0248818397521973,3.1920173168182373,3.5030996799468994,3.70743465423584,3.522681713104248,2.1840760707855225,2.178046464920044,2.095782518386841,2.1216418743133545,2.2109873294830322,2.285675048828125,2.5000600814819336,2.622312307357788,2.880096912384033,3.0513875484466553,3.3041393756866455,3.5194244384765625,3.7126991748809814,3.9319276809692383,3.987830400466919
A3,0.6124454140663147,0.37628012895584106,0.0,0.37773340940475464,0.6490499973297119,0.9776990413665771,1.2699350118637085,1.5997737646102905,1.8223623037338257,1.8011127710342407,2.165081739425659,2.244586944580078,2.6326239109039307,2.814026355743408,2.5344481468200684,0.7350369095802307,0.675625205039978,0.5305048823356628,0.656957745552063,0.8597098588943481,1.123533010482788,1.4022771120071411,1.7095887660980225,1.9406073093414307,1.9599074125289917,2.3013811111450195,2.4125139713287354,2.783447027206421,2.9729576110839844,2.7208304405212402,1.1729081869125366,1.1520307064056396,1.0353636741638184,1.1024045944213867,1.2243908643722534,1.416508674621582,1.6531585454940796,1.9190702438354492,2.1451995372772217,2.1979892253875732,2.5074541568756104,2.636415958404541,2.975128650665283,3.1696617603302,2.9572041034698486,1.6533277034759521,1.6535571813583374,1.5350357294082642,1.5861366987228394,1.6533924341201782,1.7930322885513306,1.9894558191299438,2.202615261077881,2.421368360519409,2.5163161754608154,2.7885804176330566,2.941084623336792,3.231576681137085,3.43025803565979,3.258267879486084,2.1751458644866943,2.1853690147399902,2.0475237369537354,2.0896694660186768,2.1245131492614746,2.2172629833221436,2.3888802528381348,2.5319981575012207,2.7494468688964844,2.892211437225342,3.1178183555603027,3.316836357116699,3.4870829582214355,3.6925442218780518,3.7600996494293213
A4,0.9524639248847961,0.6202877759933472,0.37773340940475464,0.0,0.38915207982063293,0.6334421038627625,0.9673256278038025,1.2632960081100464,1.521191120147705,1.5533500909805298,1.9300434589385986,2.061062812805176,2.449171781539917,2.6742162704467773,2.4287750720977783,1.0373181104660034,0.8584284782409668,0.619968056678772,0.5088887214660645,0.630025327205658,0.8011627197265625,1.0905827283859253,1.3636384010314941,1.6237797737121582,1.6915761232376099,2.0460000038146973,2.2040936946868896,2.5813021659851074,2.8120553493499756,2.593017578125,1.3699334859848022,1.2558156251907349,1.062001347541809,1.0013158321380615,1.0460848808288574,1.1528675556182861,1.3698744773864746,1.5952823162078857,1.8362501859664917,1.929635763168335,2.2440614700317383,2.4140868186950684,2.7572808265686035,2.9896676540374756,2.808948040008545,1.7837215662002563,1.7131778001785278,1.5340477228164673,1.501798391342163,1.5032953023910522,1.5750977993011475,1.7376965284347534,1.909273624420166,2.128798007965088,2.2546539306640625,2.5227255821228027,2.708974599838257,3.0004234313964844,3.2326865196228027,3.091790199279785,2.2578577995300293,2.2135767936706543,2.0271124839782715,2.011676788330078,1.989619255065918,2.0318667888641357,2.162108898162842,2.2706151008605957,2.472630500793457,2.6353776454925537,2.8434722423553467,3.06551456451416,3.219770908355713,3.4470181465148926,3.542203187942505
A5,1.261351466178894,0.9755801558494568,0.6490499973297119,0.38915207982063293,0.0,0.3817398250102997,0.6219896078109741,0.9684709906578064,1.1734774112701416,1.1736994981765747,1.5477499961853027,1.676639199256897,2.064878463745117,2.296590805053711,2.0624420642852783,1.249594807624817,1.1088109016418457,0.7728331685066223,0.6352594494819641,0.49507462978363037,0.6459018588066101,0.8203814029693604,1.121158242225647,1.3208627700805664,1.3544957637786865,1.6927107572555542,1.8451342582702637,2.2154390811920166,2.449131727218628,2.2438464164733887,1.509886384010315,1.4151397943496704,1.1334948539733887,1.0609500408172607,0.9645147323608398,1.0601985454559326,1.1775814294815063,1.4127521514892578,1.5900770425796509,1.6491848230361938,1.9335033893585205,2.0923023223876953,2.4187278747558594,2.6500701904296875,2.485942840576172,1.865357518196106,1.8080010414123535,1.5603446960449219,1.5282765626907349,1.4380872249603271,1.5115470886230469,1.597069263458252,1.7766603231430054,1.935523271560669,2.025847911834717,2.2562990188598633,2.4263200759887695,2.6925621032714844,2.921114683151245,2.7992069721221924,2.291510820388794,2.2576146125793457,2.018465042114258,2.01430344581604,1.9281234741210938,1.984904170036316,2.0572092533111572,2.186187505722046,2.3337457180023193,2.459272623062134,2.631493330001831,2.832937717437744,2.9590485095977783,3.1705310344696045,3.279766798019409
A6,1.5782822370529175,1.2529677152633667,0.9776990413665771,0.6334421038627625,0.3817398250102997,0.0,0.3770078420639038,0.6301247477531433,0.9092756509780884,1.0157755613327026,1.3944849967956543,1.6012574434280396,1.9756699800491333,2.2611770629882812,2.0797812938690186,1.592961311340332,1.3961079120635986,1.0720648765563965,0.8209193348884583,0.6035902500152588,0.4988492727279663,0.6070091724395752,0.8104709982872009,1.0533981323242188,1.1748169660568237,1.5181891918182373,1.7396987676620483,2.105947494506836,2.390486001968384,2.2358009815216064,1.8119288682937622,1.658071756362915,1.3576854467391968,1.1855922937393188,1.0158531665802002,0.9700871109962463,1.021038293838501,1.165697455406189,1.3522146940231323,1.4749537706375122,1.7527486085891724,1.9686890840530396,2.290530204772949,2.56858491897583,2.451488971710205,2.1190378665924072,2.0061957836151123,1.7286278009414673,1.6186096668243408,1.4654226303100586,1.4453846216201782,1.4712778329849243,1.5772833824157715,1.7261065244674683,1.8589520454406738,2.072955369949341,2.2873096466064453,2.5466952323913574,2.816735029220581,2.7391045093536377,2.4988882541656494,2.4164602756500244,2.145838499069214,2.082526206970215,1.940476655960083,1.9328752756118774,1.9475175142288208,2.0237278938293457,2.1430914402008057,2.293286085128784,2.43479061126709,2.664881706237793,2.7642228603363037,3.0025980472564697,3.1489925384521484
A7,1.8814653158187866,1.582721471786499,1.2699350118637085,0.9673256278038025,0.6219896078109741,0.3770078420639038,0.0,0.38951751589775085,0.5559027194976807,0.6446724534034729,1.0211129188537598,1.2468128204345703,1.6137104034423828,1.9163103103637695,1.7630618810653687,1.8394194841384888,1.6735849380493164,1.3161447048187256,1.091689944267273,0.7718467712402344,0.6415185332298279,0.4989021420478821,0.6751898527145386,0.791688084602356,0.8738433718681335,1.1845064163208008,1.4115116596221924,1.7629814147949219,2.0577139854431152,1.9313968420028687,2.0095348358154297,1.877699375152588,1.536959171295166,1.3758589029312134,1.1147383451461792,1.0553784370422363,0.9695302248001099,1.0958822965621948,1.176540493965149,1.2541199922561646,1.478185772895813,1.6843026876449585,1.9785617589950562,2.2591776847839355,2.170706033706665,2.265681505203247,2.168504476547241,1.8504831790924072,1.7481766939163208,1.523877501487732,1.503821611404419,1.440049409866333,1.5426466464996338,1.6072189807891846,1.6936018466949463,1.8508837223052979,2.0454277992248535,2.2686009407043457,2.5358643531799316,2.4866631031036377,2.595506191253662,2.524627208709717,2.2177557945251465,2.1669862270355225,1.9706146717071533,1.9764368534088135,1.9283729791641235,2.0217814445495605,2.0743424892425537,2.1778781414031982,2.2713451385498047,2.474548816680908,2.5366899967193604,2.7557103633880615,2.9199187755584717
A8,2.203784704208374,1.8825693130493164,1.5997737646102905,1.2632960081100464,0.9684709906578064,0.6301247477531433,0.38951751589775085,0.0,0.38757428526878357,0.6840930581092834,0.9939430952072144,1.3083393573760986,1.6271864175796509,1.980451226234436,1.8964942693710327,2.1933650970458984,1.9948662519454956,1.65298330783844,1.3815028667449951,1.074649691581726,0.8239890336990356,0.6123145818710327,0.5303093791007996,0.6459048390388489,0.8606929183006287,1.1274561882019043,1.4323437213897705,1.7521189451217651,2.0959575176239014,2.035903215408325,2.3517963886260986,2.183401346206665,1.8448289632797241,1.629095435142517,1.347957730293274,1.183168888092041,1.0291322469711304,1.011374831199646,1.068804383277893,1.221806526184082,1.4065639972686768,1.6742669343948364,1.9429477453231812,2.2697935104370117,2.241757392883301,2.582423210144043,2.4471435546875,2.1199042797088623,1.9636701345443726,1.7049974203109741,1.6026184558868408,1.477733850479126,1.484236240386963,1.5186808109283447,1.6481720209121704,1.7669172286987305,2.0068345069885254,2.207770347595215,2.5169923305511475,2.5233356952667236,2.879354476928711,2.7716238498687744,2.4491183757781982,2.350656032562256,2.114232063293457,2.0589935779571533,1.951625108718872,1.982515811920166,1.993040919303894,2.117697238922119,2.1640608310699463,2.393890857696533,2.4156224727630615,2.6609268188476562,2.8689661026000977
A9,2.434319496154785,2.1369051933288574,1.8223623037338257,1.521191120147705,1.1734774112701416,0.9092756509780884,0.5559027194976807,0.38757428526878357,0.0,0.3650459945201874,0.613537609577179,0.9502652883529663,1.247646689414978,1.612449288368225,1.561187982559204,2.3584485054016113,2.1908986568450928,1.825473666191101,1.5896766185760498,1.2326359748840332,1.0319645404815674,0.7100308537483215,0.6499709486961365,0.5101765990257263,0.6075275540351868,0.7911855578422546,1.0896250009536743,1.3851624727249146,1.7319639921188354,1.700292944908142,2.4688472747802734,2.328549861907959,1.9644837379455566,1.7787777185440063,1.4476937055587769,1.316062092781067,1.0728087425231934,1.0737167596817017,0.9898847937583923,1.0468045473098755,1.1475034952163696,1.3809194564819336,1.6117675304412842,1.9295756816864014,1.9265964031219482,2.6521856784820557,2.541381359100342,2.1887423992156982,2.058274507522583,1.75640869140625,1.6834627389907837,1.494327425956726,1.5259534120559692,1.4663103818893433,1.5168616771697998,1.5663663148880005,1.761919617652893,1.9183534383773804,2.2104673385620117,2.2385802268981934,2.9019582271575928,2.815168619155884,2.469578266143799,2.3980369567871094,2.1273486614227295,2.1056032180786133,1.955199122428894,2.024306535720825,1.9724630117416382,2.0297434329986572,2.030935525894165,2.2133586406707764,2.2011821269989014,2.411240577697754,2.6252613067626953
A10,2.40413236618042,2.1419172286987305,1.8011127710342407,1.5533500909805298,1.1736994981765747,1.0157755613327026,0.6446724534034729,0.6840930581092834,0.3650459945201874,0.0,0.38042595982551575,0.6294206976890564,0.9758691787719727,1.3051005601882935,1.2140432596206665,2.266361713409424,2.1434197425842285,1.7647844552993774,1.5881218910217285,1.2109253406524658,1.1102718114852905,0.7813207507133484,0.8660321831703186,0.6515960693359375,0.5149086117744446,0.6535012722015381,0.8451064825057983,1.154930591583252,1.4567383527755737,1.385465383529663,2.3460590839385986,2.250864028930664,1.876276969909668,1.748866319656372,1.4061105251312256,1.3608026504516602,1.1125584840774536,1.2144888639450073,1.0783647298812866,1.0078397989273071,1.076939344406128,1.2161524295806885,1.438045620918274,1.703321099281311,1.6654155254364014,2.5071961879730225,2.440042734146118,2.080946683883667,2.0051913261413574,1.7013192176818848,1.7018543481826782,1.5161927938461304,1.6267136335372925,1.5365393161773682,1.503109335899353,1.5364012718200684,1.6570969820022583,1.798093557357788,2.0377719402313232,2.0341615676879883,2.7407078742980957,2.6945881843566895,2.346714735031128,2.3269684314727783,2.0629818439483643,2.1050562858581543,1.9696624279022217,2.104088306427002,2.0460116863250732,2.0458178520202637,2.054900884628296,2.1829302310943604,2.181488275527954,2.343513011932373,2.5236032009124756
A11,2.7615301609039307,2.51119065284729,2.165081739425659,1.9300434589385986,1.5477499961853027,1.3944849967956543,1.0211129188537598,0.9939430952072144,0.613537609577179,0.38042595982551575,0.0,0.37747347354888916,0.6350040435791016,1.0058609247207642,1.005292296409607,2.5978400707244873,2.4893460273742676,2.1096792221069336,1.9455013275146484,1.5625810623168945,1.4604706764221191,1.107561469078064,1.1309418678283691,0.8176642656326294,0.6122241020202637,0.49888086318969727,0.6330943703651428,0.8512120246887207,1.1651756763458252,1.1701408624649048,2.6439900398254395,2.561424732208252,2.1818578243255615,2.063741445541382,1.7031375169754028,1.6525527238845825,1.3563108444213867,1.4195808172225952,1.1889249086380005,1.0517702102661133,0.9818506836891174,1.0620800256729126,1.1926614046096802,1.4457346200942993,1.4692829847335815,2.761749029159546,2.7048821449279785,2.3357720375061035,2.266690969467163,1.9366910457611084,1.9348410367965698,1.6972788572311401,1.7902671098709106,1.6211045980453491,1.52704918384552,1.4657121896743774,1.5337282419204712,1.5965865850448608,1.8159972429275513,1.861589789390564,2.9440114498138428,2.906187057495117,2.545193672180176,2.5341320037841797,2.2411930561065674,2.290059804916382,2.108428955078125,2.248162269592285,2.12768292427063,2.0721564292907715,2.0194175243377686,2.09829044342041,2.0433242321014404,2.1648876667022705,2.3623502254486084
A12,2.8142831325531006,2.600216865539551,2.244586944580078,2.061062812805176,1.676639199256897,1.6012574434280396,1.2468128204345703,1.3083393573760986,0.9502652883529663,0.6294206976890564,0.37747347354888916,0.0,0.38927924633026123,0.6759782433509827,0.6283465623855591,2.594916820526123,2.5294251441955566,2.1530232429504395,2.0448968410491943,1.668076753616333,1.6416090726852417,1.3110281229019165,1.4116343259811401,1.0987837314605713,0.7972341179847717,0.6363478302955627,0.5210455060005188,0.6876407265663147,0.8953461647033691,0.8502019047737122,2.6044905185699463,2.566551446914673,2.1910784244537354,2.1290721893310547,1.7763105630874634,1.7958933115005493,1.5143637657165527,1.6447356939315796,1.3975505828857422,1.1713091135025024,1.0696033239364624,1.0125205516815186,1.0992108583450317,1.2534265518188477,1.2348718643188477,2.690171003341675,2.677351236343384,2.313217878341675,2.297513723373413,1.9779644012451172,2.039655923843384,1.815029263496399,1.9679481983184814,1.782770037651062,1.6178942918777466,1.5411055088043213,1.5167567729949951,1.5495260953903198,1.687848448753357,1.6958638429641724,2.843818187713623,2.847944974899292,2.4933202266693115,2.5334341526031494,2.2545106410980225,2.361260175704956,2.19785213470459,2.3910086154937744,2.268665075302124,2.1608986854553223,2.117030382156372,2.135331153869629,2.092817783355713,2.1544978618621826,2.3068864345550537
A13,3.1984095573425293,2.9879870414733887,2.6326239109039307,2.449171781539917,2.064878463745117,1.9756699800491333,1.6137104034423828,1.6271864175796509,1.247646689414978,0.9758691787719727,0.6350040435791016,0.38927924633026123,0.0,0.4034762680530548,0.5798774361610413,2.963621139526367,2.9021828174591064,2.5283825397491455,2.41984486579895,2.040799617767334,1.9985352754592896,1.6521008014678955,1.7053899765014648,1.3539172410964966,1.0616412162780762,0.776870608329773,0.5770995020866394,0.48272812366485596,0.6368907690048218,0.7392794489860535,2.9458093643188477,2.911393165588379,2.536677837371826,2.473483085632324,2.1118340492248535,2.1160025596618652,1.8064359426498413,1.8988350629806519,1.599632978439331,1.3476464748382568,1.1390708684921265,1.010335087776184,0.9513881802558899,1.0486127138137817,1.1196305751800537,2.992929458618164,2.9828429222106934,2.6159698963165283,2.598703622817993,2.2634646892547607,2.3139607906341553,2.0537755489349365,2.1831395626068115,1.9426522254943848,1.7365385293960571,1.576192855834961,1.4914464950561523,1.4255276918411255,1.5179781913757324,1.5860998630523682,3.0971627235412598,3.103689432144165,2.7434732913970947,2.784815788269043,2.485361337661743,2.590143918991089,2.3897178173065186,2.579230546951294,2.4061176776885986,2.252401828765869,2.151573896408081,2.116870403289795,2.020475387573242,2.028987169265747,2.191875457763672
A14,3.3468222618103027,3.170970916748047,2.814026355743408,2.6742162704467773,2.296590805053711,2.2611770629882812,1.9163103103637695,1.980451226234436,1.612449288368225,1.3051005601882935,1.0058609247207642,0.6759782433509827,0.4034762680530548,0.0,0.36726951599121094,3.0697972774505615,3.047846794128418,2.685490846633911,2.6242034435272217,2.2598180770874023,2.270719051361084,1.9465174674987793,2.0461902618408203,1.7035222053527832,1.3772653341293335,1.111291527748108,0.8115265369415283,0.6335996985435486,0.49616560339927673,0.5636470913887024,3.0201210975646973,3.027294158935547,2.6660196781158447,2.651144504547119,2.306429624557495,2.362175226211548,2.072155475616455,2.2075440883636475,1.9082797765731812,1.6129170656204224,1.4013526439666748,1.1754827499389648,1.0582211017608643,0.9926327466964722,1.0216246843338013,3.0348458290100098,3.066758871078491,2.714229106903076,2.7441582679748535,2.4274070262908936,2.527005434036255,2.284148931503296,2.454601764678955,2.20939040184021,1.957542896270752,1.7913254499435425,1.626526951789856,1.5238224267959595,1.5065441131591797,1.535745620727539,3.1054091453552246,3.1531822681427,2.808076858520508,2.8956878185272217,2.616178035736084,2.7678985595703125,2.5868194103240967,2.815324544906616,2.6436100006103516,2.449340343475342,2.3570261001586914,2.265796422958374,2.1809840202331543,2.124474287033081,2.233663558959961
A15,3.042865037918091,2.8895039558410645,2.5344481468200684,2.4287750720977783,2.0624420642852783,2.0797812938690186,1.7630618810653687,1.8964942693710327,1.561187982559204,1.2140432596206665,1.005292296409607,0.6283465623855591,0.5798774361610413,0.36726951599121094,0.0,2.7484688758850098,2.7517194747924805,2.3979852199554443,2.3733532428741455,2.0271668434143066,2.0909907817840576,1.8027464151382446,1.9681020975112915,1.664968729019165,1.3172245025634766,1.1408541202545166,0.831541895866394,0.8127481937408447,0.6924219131469727,0.528537392616272,2.6998491287231445,2.734203815460205,2.3834335803985596,2.405893087387085,2.0847983360290527,2.191023111343384,1.9417805671691895,2.1351494789123535,1.8788763284683228,1.5772244930267334,1.444807767868042,1.2222445011138916,1.2092041969299316,1.1460461616516113,1.0511822700500488,2.7276690006256104,2.787368059158325,2.447957992553711,2.513704299926758,2.2259490489959717,2.3698055744171143,2.1712148189544678,2.3880341053009033,2.1873409748077393,1.9426308870315552,1.8444596529006958,1.6903226375579834,1.6634458303451538,1.6461725234985352,1.5912784337997437,2.823572874069214,2.8981597423553467,2.5684213638305664,2.6874544620513916,2.4413959980010986,2.626646041870117,2.4925296306610107,2.7489681243896484,2.6238291263580322,2.446751594543457,2.411238431930542,2.3386662006378174,2.3105180263519287,2.274282693862915,2.3478899002075195
B1,0.6068218946456909,0.6724271178245544,0.7350369095802307,1.0373181104660034,1.249594807624817,1.592961311340332,1.8394194841384888,2.1933650970458984,2.3584485054016113,2.266361713409424,2.5978400707244873,2.594916820526123,2.963621139526367,3.0697972774505615,2.7484688758850098,0.0,0.391253262758255,0.584105908870697,0.9384092092514038,1.214331030845642,1.5577406883239746,1.8386003971099854,2.188250780105591,2.3841938972473145,2.3343334197998047,2.6626176834106445,2.695950746536255,3.058605194091797,3.178900718688965,2.8706681728363037,0.5643536448478699,0.7303513884544373,0.8277405500411987,1.1015064716339111,1.3569196462631226,1.6632874011993408,1.944791555404663,2.27378249168396,2.488067388534546,2.477973222732544,2.7966079711914062,2.857451915740967,3.2029900550842285,3.3329267501831055,3.0559494495391846,1.1039284467697144,1.2176421880722046,1.2454540729522705,1.4383589029312134,1.639849066734314,1.888178825378418,2.15557861328125,2.4412519931793213,2.6701226234436035,2.7140986919403076,3.0150368213653564,3.110522747039795,3.421323776245117,3.5595157146453857,3.317108154296875,1.6696866750717163,1.758768916130066,1.7318922281265259,1.8674414157867432,2.0215139389038086,2.1998353004455566,2.45711088180542,2.663447856903076,2.9187700748443604,3.0250003337860107,3.302377462387085,3.4587090015411377,3.6845743656158447,3.854285717010498,3.849308967590332
B2,0.7229378819465637,0.5723286271095276,0.675625205039978,0.8584284782409668,1.1088109016418457,1.3961079120635986,1.6735849380493164,1.9948662519454956,2.1908986568450928,2.1434197425842285,2.4893460273742676,2.5294251441955566,2.9021828174591064,3.047846794128418,2.7517194747924805,0.391253262758255,0.0,0.38070252537727356,0.6435895562171936,0.984610915184021,1.287226676940918,1.6064724922180176,1.929782748222351,2.1622073650360107,2.155982255935669,2.5066328048706055,2.5808565616607666,2.9583823680877686,3.1176931858062744,2.8310015201568604,0.6058173179626465,0.5284232497215271,0.6068919897079468,0.7867642045021057,1.0879846811294556,1.3548088073730469,1.671739935874939,1.9771392345428467,2.2272331714630127,2.2582485675811768,2.6007192134857178,2.7008445262908936,3.0650711059570312,3.2320494651794434,2.973008394241333,1.076875925064087,1.058107614517212,1.0545352697372437,1.1606603860855103,1.370834231376648,1.573889136314392,1.8630762100219727,2.1230971813201904,2.3823208808898926,2.4641973972320557,2.7862534523010254,2.9179465770721436,3.2486486434936523,3.420142412185669,3.193164587020874,1.6144040822982788,1.6156002283096313,1.5601085424423218,1.623945951461792,1.7658970355987549,1.8961702585220337,2.157777786254883,2.333164691925049,2.607274293899536,2.7457993030548096,3.032888650894165,3.2179579734802246,3.4508392810821533,3.6479740142822266,3.656541585922241
B3,0.8804951310157776,0.651056170463562,0.5305048823356628,0.619968056678772,0.7728331685066223,1.0720648765563965,1.3161447048187256,1.65298330783844,1.825473666191101,1.7647844552993774,2.1096792221069336,2.1530232429504395,2.5283825397491455,2.685490846633911,2.3979852199554443,0.584105908870697,0.38070252537727356,0.0,0.37325432896614075,0.6363568902015686,0.9756984710693359,1.2635964155197144,1.6077158451080322,1.8153197765350342,1.7944622039794922,2.141496419906616,2.2187535762786865,2.5969045162200928,2.7664475440979004,2.4908828735351562,0.7605347037315369,0.674675464630127,0.5050516128540039,0.6356005668640137,0.822120726108551,1.1020116806030273,1.3756728172302246,1.695726990699768,1.9166088104248047,1.9333231449127197,2.264035940170288,2.365368366241455,2.7236504554748535,2.89913272857666,2.6549530029296875,1.1685556173324585,1.1405445337295532,1.0048311948776245,1.0834999084472656,1.1892470121383667,1.3901307582855225,1.6264804601669312,1.8935019969940186,2.1182453632354736,2.1847052574157715,2.4854836463928223,2.6154842376708984,2.9319803714752197,3.110574960708618,2.902670383453369,1.66412353515625,1.6599127054214478,1.5179637670516968,1.5754514932632446,1.6366007328033447,1.7689586877822876,1.9774994850158691,2.163992404937744,2.398458957672119,2.518563985824585,2.7780890464782715,2.9575304985046387,3.1663830280303955,3.3596560955047607,3.388195753097534
B4,1.1178605556488037,0.7868051528930664,0.656957745552063,0.5088887214660645,0.6352594494819641,0.8209193348884583,1.091689944267273,1.3815028667449951,1.5896766185760498,1.5881218910217285,1.9455013275146484,2.0448968410491943,2.41984486579895,2.6242034435272217,2.3733532428741455,0.9384092092514038,0.6435895562171936,0.37325432896614075,0.0,0.38729169964790344,0.6444912552833557,0.9786691665649414,1.2878003120422363,1.537846565246582,1.5756423473358154,1.9430819749832153,2.074735403060913,2.4623970985412598,2.6786742210388184,2.438795328140259,1.0569020509719849,0.8506861329078674,0.6106051802635193,0.49264413118362427,0.6098191142082214,0.7923529148101807,1.0852961540222168,1.3684121370315552,1.6245940923690796,1.695190191268921,2.0429773330688477,2.195181131362915,2.564242124557495,2.7844011783599854,2.573859930038452,1.3740838766098022,1.2465929985046387,1.0475279092788696,0.9936671853065491,1.0286504030227661,1.1396228075027466,1.3614606857299805,1.5845715999603271,1.8293242454528809,1.9411507844924927,2.2500619888305664,2.424454927444458,2.749919891357422,2.969261407852173,2.793574571609497,1.8040339946746826,1.7246453762054443,1.5323872566223145,1.504615068435669,1.5040911436080933,1.5659509897232056,1.7401384115219116,1.8831084966659546,2.116170883178711,2.269883394241333,2.5205330848693848,2.7329492568969727,2.9316375255584717,3.154672622680664,3.2121851444244385
B5,1.4126156568527222,1.098895788192749,0.8597098588943481,0.630025327205658,0.49507462978363037,0.6035902500152588,0.7718467712402344,1.074649691581726,1.2326359748840332,1.2109253406524658,1.5625810623168945,1.668076753616333,2.040799617767334,2.2598180770874023,2.0271668434143066,1.214331030845642,0.984610915184021,0.6363568902015686,0.38729169964790344,0.0,0.3788679540157318,0.62739497423172,0.9790011048316956,1.1814196109771729,1.1948049068450928,1.5596308708190918,1.6967105865478516,2.084557056427002,2.314260959625244,2.092393636703491,1.2870769500732422,1.1124447584152222,0.7763559818267822,0.6234574317932129,0.4697107672691345,0.6199249625205994,0.8020886182785034,1.1079245805740356,1.3095389604568481,1.3548698425292969,1.686558485031128,1.839920997619629,2.2015295028686523,2.431819438934326,2.2413594722747803,1.5322465896606445,1.4143999814987183,1.127421498298645,1.0531976222991943,0.9436835646629333,1.0364964008331299,1.1589585542678833,1.388412356376648,1.5731532573699951,1.6569257974624634,1.9348143339157104,2.1039390563964844,2.4112508296966553,2.6372087001800537,2.484644651412964,1.8957451581954956,1.8188714981079102,1.557328701019287,1.5282182693481445,1.4344130754470825,1.4989408254623413,1.5953017473220825,1.7538700103759766,1.9262454509735107,2.04728627204895,2.2605738639831543,2.4601407051086426,2.6303164958953857,2.8452446460723877,2.922861337661743
B6,1.6877425909042358,1.3356636762619019,1.123533010482788,0.8011627197265625,0.6459018588066101,0.4988492727279663,0.6415185332298279,0.8239890336990356,1.0319645404815674,1.1102718114852905,1.4604706764221191,1.6416090726852417,1.9985352754592896,2.270719051361084,2.0909907817840576,1.5577406883239746,1.287226676940918,0.9756984710693359,0.6444912552833557,0.3788679540157318,0.0,0.37812286615371704,0.6434429883956909,0.9207929968833923,1.0392225980758667,1.4174282550811768,1.630136489868164,2.014925479888916,2.298219680786133,2.1292412281036377,1.6261212825775146,1.3995563983917236,1.0776258707046509,0.8155032992362976,0.5883888602256775,0.47142985463142395,0.5897014737129211,0.7986722588539124,1.0457968711853027,1.1797949075698853,1.5193582773208618,1.742071270942688,2.1037395000457764,2.3861944675445557,2.2455763816833496,1.8312499523162842,1.65536630153656,1.3533649444580078,1.1804031133651733,0.997504711151123,0.9470517635345459,1.000512719154358,1.1390697956085205,1.3330745697021484,1.4801303148269653,1.7529047727584839,1.9792892932891846,2.286297559738159,2.5604069232940674,2.454664707183838,2.1439480781555176,2.0119776725769043,1.7244740724563599,1.6189799308776855,1.4607363939285278,1.4348441362380981,1.4641671180725098,1.554422378540039,1.7056134939193726,1.865984320640564,2.0535836219787598,2.292837619781494,2.440173864364624,2.689974069595337,2.8070743083953857
B7,1.9936935901641846,1.6623473167419434,1.4022771120071411,1.0905827283859253,0.8203814029693604,0.6070091724395752,0.4989021420478821,0.6123145818710327,0.7100308537483215,0.7813207507133484,1.107561469078064,1.3110281229019165,1.6521008014678955,1.9465174674987793,1.8027464151382446,1.8386003971099854,1.6064724922180176,1.2635964155197144,0.9786691665649414,0.62739497423172,0.37812286615371704,0.0,0.38813647627830505,0.5609191656112671,0.6697872281074524,1.0458354949951172,1.282949447631836,1.6611157655715942,1.9662703275680542,1.8315390348434448,1.8774393796920776,1.680273413658142,1.3243961334228516,1.0896859169006348,0.7623007893562317,0.616037130355835,0.47101539373397827,0.6454662084579468,0.7708115577697754,0.8760260939598083,1.1824294328689575,1.4168806076049805,1.7628499269485474,2.061927556991577,1.9553492069244385,2.0339901447296143,1.8763142824172974,1.5339007377624512,1.3695051670074463,1.0953370332717896,1.029047966003418,0.941700279712677,1.0608142614364624,1.1487317085266113,1.2539037466049194,1.4713890552520752,1.6928975582122803,1.9709874391555786,2.255080223083496,2.183892011642456,2.2898635864257812,2.167808771133423,1.839493751525879,1.7427598237991333,1.512442946434021,1.491607427597046,1.4298758506774902,1.5307676792144775,1.5955532789230347,1.7079696655273438,1.8391627073287964,2.0588395595550537,2.165886640548706,2.4048099517822266,2.5474371910095215
B8,2.2979331016540527,1.9459221363067627,1.7095887660980225,1.3636384010314941,1.121158242225647,0.8104709982872009,0.6751898527145386,0.5303093791007996,0.6499709486961365,0.8660321831703186,1.1309418678283691,1.4116343259811401,1.7053899765014648,2.0461902618408203,1.9681020975112915,2.188250780105591,1.929782748222351,1.6077158451080322,1.2878003120422363,0.9790011048316956,0.6434429883956909,0.38813647627830505,0.0,0.3870052397251129,0.6948478817939758,1.019652247428894,1.3391367197036743,1.6823381185531616,2.0364625453948975,1.9691877365112305,2.2308053970336914,2.0020735263824463,1.6617333889007568,1.3813120126724243,1.0660769939422607,0.8011841773986816,0.5807452201843262,0.48134803771972656,0.6051191687583923,0.8452829122543335,1.1135016679763794,1.4259840250015259,1.7464107275009155,2.0960943698883057,2.0535402297973633,2.369189500808716,2.175017833709717,1.8354285955429077,1.6162151098251343,1.3198635578155518,1.146978497505188,0.9824007749557495,0.9543992280960083,1.0126534700393677,1.1905189752578735,1.3711235523223877,1.6553728580474854,1.9150216579437256,2.2482707500457764,2.2367665767669678,2.592496633529663,2.4319751262664795,2.0958452224731445,1.9448643922805786,1.6759395599365234,1.575029969215393,1.4400076866149902,1.4535504579544067,1.4699079990386963,1.6181304454803467,1.6988073587417603,1.958614706993103,2.0259687900543213,2.30138897895813,2.4916703701019287
B9,2.5418994426727295,2.2141342163085938,1.9406073093414307,1.6237797737121582,1.3208627700805664,1.0533981323242188,0.791688084602356,0.6459048390388489,0.5101765990257263,0.6515960693359375,0.8176642656326294,1.0987837314605713,1.3539172410964966,1.7035222053527832,1.664968729019165,2.3841938972473145,2.1622073650360107,1.8153197765350342,1.537846565246582,1.1814196109771729,0.9207929968833923,0.5609191656112671,0.3870052397251129,0.0,0.3707496225833893,0.6415722966194153,0.9835309982299805,1.3075640201568604,1.6750094890594482,1.6430860757827759,2.3909475803375244,2.1962292194366455,1.8316161632537842,1.5916098356246948,1.2295290231704712,1.0227094888687134,0.696793258190155,0.6265497207641602,0.47992125153541565,0.6013598442077637,0.7815380096435547,1.0906989574432373,1.383996844291687,1.740447759628296,1.7303462028503418,2.4863805770874023,2.32140851020813,1.9566596746444702,1.7704788446426392,1.4281774759292603,1.2952148914337158,1.0451574325561523,1.0438700914382935,0.9564186334609985,1.0306531190872192,1.1212260723114014,1.3715327978134155,1.5889372825622559,1.9182038307189941,1.9366225004196167,2.661214828491211,2.5243799686431885,2.1633799076080322,2.0434560775756836,1.7341526746749878,1.6723318099975586,1.4787828922271729,1.5356541872024536,1.4636722803115845,1.5259690284729004,1.5428515672683716,1.752677321434021,1.776617407798767,2.021068572998047,2.226254940032959
B10,2.554749011993408,2.260462522506714,1.9599074125289917,1.6915761232376099,1.3544957637786865,1.1748169660568237,0.8738433718681335,0.8606929183006287,0.6075275540351868,0.5149086117744446,0.6122241020202637,0.7972341179847717,1.0616412162780762,1.3772653341293335,1.3172245025634766,2.3343334197998047,2.155982255935669,1.7944622039794922,1.5756423473358154,1.1948049068450928,1.0392225980758667,0.6697872281074524,0.6948478817939758,0.3707496225833893,0.0,0.37873876094818115,0.6468412280082703,1.0064362287521362,1.344454050064087,1.2813043594360352,2.303225040435791,2.1534178256988525,1.7747222185134888,1.5953447818756104,1.2135313749313354,1.1082688570022583,0.7732313871383667,0.8490698933601379,0.6209016442298889,0.4932102560997009,0.6157897710800171,0.8231287002563477,1.1247730255126953,1.4410603046417236,1.3992236852645874,2.3662636280059814,2.2452056407928467,1.8682494163513184,1.7402907609939575,1.3862354755401611,1.3414634466171265,1.0866583585739136,1.1896741390228271,1.0477603673934937,0.9884802103042603,1.0408333539962769,1.195164442062378,1.3954194784164429,1.6745784282684326,1.6634056568145752,2.513507127761841,2.4179205894470215,2.0479118824005127,1.9846059083938599,1.6733531951904297,1.6885374784469604,1.504433274269104,1.6442264318466187,1.554173469543457,1.5328084230422974,1.5482836961746216,1.6842931509017944,1.713531494140625,1.8995863199234009,2.0711071491241455
B11,2.8953073024749756,2.6156165599823,2.3013811111450195,2.0460000038146973,1.6927107572555542,1.5181891918182373,1.1845064163208008,1.1274561882019043,0.7911855578422546,0.6535012722015381,0.49888086318969727,0.6363478302955627,0.776870608329773,1.111291527748108,1.1408541202545166,2.6626176834106445,2.5066328048706055,2.141496419906616,1.9430819749832153,1.5596308708190918,1.4174282550811768,1.0458354949951172,1.019652247428894,0.6415722966194153,0.37873876094818115,0.0,0.3802047073841095,0.6668062210083008,1.0433493852615356,1.0669976472854614,2.6150875091552734,2.4863712787628174,2.1063311100006104,1.9474787712097168,1.5626506805419922,1.4670917987823486,1.115549921989441,1.1423660516738892,0.8258275389671326,0.6192471981048584,0.4831991195678711,0.6176719665527344,0.8216410279273987,1.1516612768173218,1.1860109567642212,2.646817684173584,2.5439565181732178,2.163264274597168,2.0518221855163574,1.6851898431777954,1.645626187324524,1.3503193855285645,1.426086664199829,1.1941521167755127,1.056010127067566,0.9675067067146301,1.051221489906311,1.1544106006622314,1.4232254028320312,1.4747297763824463,2.7490460872650146,2.6679697036743164,2.2903785705566406,2.2421882152557373,1.909409523010254,1.9344985485076904,1.7047423124313354,1.8455921411514282,1.683092713356018,1.5936421155929565,1.5271552801132202,1.600205421447754,1.559898853302002,1.6997647285461426,1.896801233291626
B12,2.9828755855560303,2.736976385116577,2.4125139713287354,2.2040936946868896,1.8451342582702637,1.7396987676620483,1.4115116596221924,1.4323437213897705,1.0896250009536743,0.8451064825057983,0.6330943703651428,0.5210455060005188,0.5770995020866394,0.8115265369415283,0.831541895866394,2.695950746536255,2.5808565616607666,2.2187535762786865,2.074735403060913,1.6967105865478516,1.630136489868164,1.282949447631836,1.3391367197036743,0.9835309982299805,0.6468412280082703,0.3802047073841095,0.0,0.38934755325317383,0.697729229927063,0.6871986389160156,2.6081440448760986,2.5227248668670654,2.146793842315674,2.044820785522461,1.6686607599258423,1.6485220193862915,1.3199490308761597,1.4214859008789062,1.105838418006897,0.8027536869049072,0.6187363862991333,0.4918476939201355,0.63132643699646,0.8593647480010986,0.8532636761665344,2.600421190261841,2.540919303894043,2.1644227504730225,2.108513355255127,1.7522518634796143,1.7831066846847534,1.5048457384109497,1.647405982017517,1.4009462594985962,1.1732767820358276,1.0546298027038574,0.9966081380844116,1.048786997795105,1.2179946899414062,1.230756163597107,2.663731813430786,2.6244776248931885,2.2513787746429443,2.257669448852539,1.9373410940170288,2.027756929397583,1.8170512914657593,2.0179097652435303,1.8512099981307983,1.6949955224990845,1.633290410041809,1.622571349143982,1.5915076732635498,1.650434136390686,1.7948237657546997
B13,3.350466012954712,3.1146857738494873,2.783447027206421,2.5813021659851074,2.2154390811920166,2.105947494506836,1.7629814147949219,1.7521189451217651,1.3851624727249146,1.154930591583252,0.8512120246887207,0.6876407265663147,0.48272812366485596,0.6335996985435486,0.8127481937408447,3.058605194091797,2.9583823680877686,2.5969045162200928,2.4623970985412598,2.084557056427002,2.014925479888916,1.6611157655715942,1.6823381185531616,1.3075640201568604,1.0064362287521362,0.6668062210083008,0.38934755325317383,0.0,0.4068047106266022,0.6018568873405457,2.960355520248413,2.8892366886138916,2.5170013904571533,2.4250175952911377,2.050269603729248,2.0259931087493896,1.6876609325408936,1.7540916204452515,1.4075043201446533,1.108657717704773,0.8218127489089966,0.6050190925598145,0.47006532549858093,0.617323100566864,0.7506280541419983,2.928799629211426,2.882385492324829,2.5096023082733154,2.462559938430786,2.103891134262085,2.1306650638580322,1.8323535919189453,1.9485301971435547,1.6573302745819092,1.3976627588272095,1.182952642440796,1.0421608686447144,0.9461915493011475,1.0463786125183105,1.1420782804489136,2.953850269317627,2.926084518432617,2.555032968521118,2.57043719291687,2.241379499435425,2.332979202270508,2.09438157081604,2.2874419689178467,2.0731351375579834,1.8708847761154175,1.743776559829712,1.6665705442428589,1.5667086839675903,1.5532187223434448,1.7093398571014404
