,A1,A2,A3,A4,A5,A6,A7,A8,A9,A10,A11,A12,A13,A14,A15,B1,B2,B3,B4,B5,B6,B7,B8,B9,B10,B11,B12,B13,B14,B15,C1,C2,C3,C4,C5,C6,C7,C8,C9,C10,C11,C12,C13,C14,C15,D1,D2,D3,D4,D5,D6,D7,D8,D9,D10,D11,D12,D13,D14,D15,E1,E2,E3,E4,E5,E6,E7,E8,E9,E10,E11,E12,E13,E14,E15
A1,0.0,0.37586966156959534,0.5763267874717712,0.9300596714019775,1.1822525262832642,1.5402456521987915,1.8154377937316895,2.171597719192505,2.4452054500579834,2.8167080879211426,3.073249101638794,2.910531997680664,3.1986422538757324,3.042794704437256,3.252906560897827,0.5997228622436523,0.68701171875,0.8322009444236755,1.0884355306625366,1.342146635055542,1.6560046672821045,1.932483196258545,2.2655768394470215,2.5456125736236572,2.9035685062408447,3.1998865604400635,3.0696120262145996,3.36026930809021,3.2435266971588135,3.463146924972534,1.189499855041504,1.2091807126998901,1.2623860836029053,1.4148013591766357,1.6301196813583374,1.8820815086364746,2.1411852836608887,2.4361586570739746,2.717583417892456,3.0421714782714844,3.349781036376953,3.2487871646881104,3.548863410949707,3.4668593406677246,3.7121903896331787,1.7501686811447144,1.727567434310913,1.7379586696624756,1.8220998048782349,1.993845820426941,2.1954894065856934,2.4354357719421387,2.681558609008789,2.9612061977386475,3.230289936065674,3.539594888687134,3.4719672203063965,3.7827353477478027,3.7383103370666504,4.0087361335754395,2.3446857929229736,2.301845073699951,2.282036781311035,2.3141496181488037,2.456617832183838,2.6082351207733154,2.8320937156677246,3.0061450004577637,3.291463613510132,3.4608263969421387,3.7535502910614014,3.8418824672698975,4.178056716918945,4.279862403869629,4.588881969451904
A2,0.37586966156959534,0.0,0.3876751959323883,0.6400945782661438,0.9573947191238403,1.280052661895752,1.5926647186279297,1.9274471998214722,2.2273049354553223,2.5816783905029297,2.8589248657226562,2.7249152660369873,3.03721022605896,2.912897825241089,3.1551513671875,0.6705171465873718,0.5520797371864319,0.622155487537384,0.7786906957626343,1.070513129234314,1.3523674011230469,1.6628694534301758,1.9801160097122192,2.286647319793701,2.633547306060791,2.9492812156677246,2.8465628623962402,3.161134958267212,3.0741541385650635,3.3240554332733154,1.1672505140304565,1.0829054117202759,1.0743999481201172,1.1402199268341064,1.358825445175171,1.5729843378067017,1.8534588813781738,2.1300222873687744,2.4337074756622314,2.747370481491089,3.073146343231201,2.998528480529785,3.3205134868621826,3.2667365074157715,3.5390186309814453,1.6882755756378174,1.5994677543640137,1.5583773851394653,1.5755423307418823,1.7334680557250977,1.895878553390503,2.144137144088745,2.3679373264312744,2.6627509593963623,2.9185755252838135,3.2439568042755127,3.201340436935425,3.5306053161621094,3.513113021850586,3.8069891929626465,2.249814033508301,2.1639132499694824,2.102309465408325,2.0849661827087402,2.2074129581451416,2.3209309577941895,2.5418336391448975,2.68973970413208,2.981660842895508,3.1336569786071777,3.437016487121582,3.546069860458374,3.8871757984161377,4.010080814361572,4.32790994644165
A3,0.5763267874717712,0.3876751959323883,0.0,0.38204139471054077,0.6085473299026489,0.9649152159690857,1.245528221130371,1.5972124338150024,1.8790314197540283,2.2451224327087402,2.511378765106201,2.367732524871826,2.6752288341522217,2.5521042346954346,2.7988815307617188,0.7221681475639343,0.6847478747367859,0.5193461775779724,0.6628631949424744,0.8304197788238525,1.1166493892669678,1.379362940788269,1.7010681629180908,1.9835450649261475,2.3344929218292236,2.6373350620269775,2.52524471282959,2.831890106201172,2.746474266052246,2.9985222816467285,1.20010244846344,1.1693744659423828,1.036958932876587,1.1040489673614502,1.2153910398483276,1.4178686141967773,1.6407592296600342,1.9109046459197998,2.18412184715271,2.493708372116089,2.8021633625030518,2.7193596363067627,3.029503345489502,2.9770123958587646,3.2484474182128906,1.7181003093719482,1.6724854707717896,1.5512113571166992,1.578824520111084,1.6543129682540894,1.804050326347351,1.9962857961654663,2.2080278396606445,2.468116283416748,2.714362621307373,3.0182313919067383,2.968691110610962,3.282097816467285,3.2651116847991943,3.5536715984344482,2.278398036956787,2.2312660217285156,2.1137959957122803,2.1128547191619873,2.1726267337799072,2.281745433807373,2.4520978927612305,2.5902695655822754,2.846992015838623,2.9885215759277344,3.265418291091919,3.369779109954834,3.6916165351867676,3.809553861618042,4.108471393585205
A4,0.9300596714019775,0.6400945782661438,0.38204139471054077,0.0,0.37511152029037476,0.6432304382324219,0.9773891568183899,1.293296456336975,1.6092569828033447,1.9519214630126953,2.245701789855957,2.1426784992218018,2.4781334400177,2.4011173248291016,2.687016725540161,1.0259326696395874,0.8831673860549927,0.6107045412063599,0.5139321088790894,0.6129330396652222,0.8049659132957458,1.0926848649978638,1.3797390460968018,1.6915456056594849,2.0223639011383057,2.348398447036743,2.2751755714416504,2.6087684631347656,2.566678524017334,2.8554484844207764,1.38422429561615,1.280436396598816,1.0614391565322876,1.0042723417282104,1.0467936992645264,1.1620832681655884,1.377082347869873,1.6039903163909912,1.8930755853652954,2.1780126094818115,2.5041794776916504,2.4584693908691406,2.7908618450164795,2.7785732746124268,3.0814499855041504,1.8313382863998413,1.7368147373199463,1.5461342334747314,1.4951428174972534,1.5121039152145386,1.5910797119140625,1.761191725730896,1.926207423210144,2.1881260871887207,2.4047510623931885,2.7204997539520264,2.705650568008423,3.034644603729248,3.0547587871551514,3.368379831314087,2.3370776176452637,2.2587544918060303,2.0860366821289062,2.0335588455200195,2.044387102127075,2.0980024337768555,2.2390754222869873,2.332131862640381,2.5792930126190186,2.687187433242798,2.9657363891601562,3.0986335277557373,3.416293144226074,3.5607314109802246,3.860778331756592
A5,1.1822525262832642,0.9573947191238403,0.6085473299026489,0.37511152029037476,0.0,0.38393622636795044,0.6383839845657349,0.9915133118629456,1.2734779119491577,1.6367123126983643,1.9087090492248535,1.7860759496688843,2.1140682697296143,2.0343515872955322,2.3235881328582764,1.172087550163269,1.0975488424301147,0.7405741214752197,0.6485356092453003,0.5038509368896484,0.660408079624176,0.8378791213035583,1.1336272954940796,1.4014960527420044,1.7429789304733276,2.046029806137085,1.9529591798782349,2.2736997604370117,2.228271245956421,2.5162429809570312,1.4655691385269165,1.4174211025238037,1.1225653886795044,1.0836074352264404,0.9946838021278381,1.0891224145889282,1.2073863744735718,1.4253839254379272,1.6634362936019897,1.9472572803497314,2.2450685501098633,2.180952787399292,2.4947009086608887,2.478031635284424,2.7754011154174805,1.8768612146377563,1.8300960063934326,1.582212209701538,1.5549390316009521,1.4867057800292969,1.5561326742172241,1.651319146156311,1.805224895477295,2.016328811645508,2.2261765003204346,2.509061574935913,2.477424383163452,2.782926082611084,2.797058343887329,3.0996155738830566,2.360944986343384,2.325612783432007,2.110628366470337,2.084644079208374,2.0353684425354004,2.0920937061309814,2.1755268573760986,2.2651801109313965,2.466895818710327,2.57064151763916,2.8133723735809326,2.9308159351348877,3.225024461746216,3.3564088344573975,3.6342248916625977
A6,1.5402456521987915,1.280052661895752,0.9649152159690857,0.6432304382324219,0.38393622636795044,0.0,0.37602663040161133,0.6504309177398682,0.9810100793838501,1.3109326362609863,1.6183229684829712,1.5524998903274536,1.9108171463012695,1.8951222896575928,2.2267374992370605,1.5356395244598389,1.4173537492752075,1.052184820175171,0.8454252481460571,0.607662558555603,0.5153458714485168,0.619335949420929,0.8221431374549866,1.1122711896896362,1.418106198310852,1.7459819316864014,1.7053172588348389,2.053316354751587,2.0662827491760254,2.393507957458496,1.766103982925415,1.6779446601867676,1.345031976699829,1.2168715000152588,1.0427273511886597,1.0045186281204224,1.0528295040130615,1.1805293560028076,1.4100887775421143,1.6470603942871094,1.9559038877487183,1.9396218061447144,2.2713186740875244,2.306283712387085,2.635066270828247,2.112938404083252,2.036301612854004,1.7411651611328125,1.6513303518295288,1.513828158378601,1.4956121444702148,1.5325950384140015,1.611263632774353,1.7982664108276367,1.9576857089996338,2.240722417831421,2.2513275146484375,2.564173460006714,2.6231846809387207,2.9477741718292236,2.5369949340820312,2.4823315143585205,2.2217795848846436,2.1540231704711914,2.0477659702301025,2.043605327606201,2.0756218433380127,2.106227397918701,2.276681661605835,2.332369327545166,2.5618736743927,2.7105493545532227,2.988330364227295,3.1476290225982666,3.4169232845306396
A7,1.8154377937316895,1.5926647186279297,1.245528221130371,0.9773891568183899,0.6383839845657349,0.37602663040161133,0.0,0.38387876749038696,0.6359726786613464,1.001529574394226,1.275468349456787,1.185794711112976,1.5396004915237427,1.5310369729995728,1.8723669052124023,1.744296908378601,1.6722354888916016,1.2856794595718384,1.1165862083435059,0.7906968593597412,0.6620743274688721,0.5250135660171509,0.6701501607894897,0.8531782031059265,1.1637276411056519,1.452097773551941,1.3867255449295044,1.717566728591919,1.7333807945251465,2.062067985534668,1.9194753170013428,1.8765074014663696,1.512542963027954,1.4134924411773682,1.1557002067565918,1.0985208749771118,1.0159621238708496,1.1059163808822632,1.2404699325561523,1.4617834091186523,1.722010850906372,1.6830118894577026,1.9858906269073486,2.0191235542297363,2.340031623840332,2.2224502563476562,2.1886086463928223,1.8614678382873535,1.7992132902145386,1.596065878868103,1.5704388618469238,1.5211942195892334,1.5792337656021118,1.6906417608261108,1.8337994813919067,2.065586805343628,2.0551793575286865,2.332669734954834,2.385486364364624,2.693632125854492,2.612809419631958,2.5985300540924072,2.309535503387451,2.26998233795166,2.1127166748046875,2.1134681701660156,2.0843217372894287,2.1109960079193115,2.22310733795166,2.273153066635132,2.4534332752227783,2.57973575592041,2.8246731758117676,2.9661543369293213,3.206172227859497
A8,2.171597719192505,1.9274471998214722,1.5972124338150024,1.293296456336975,0.9915133118629456,0.6504309177398682,0.38387876749038696,0.0,0.3781927824020386,0.6631357669830322,0.993215024471283,1.0022138357162476,1.3836356401443481,1.4683836698532104,1.8466678857803345,2.1150307655334473,2.0162510871887207,1.6321908235549927,1.4150866270065308,1.0897767543792725,0.8474624156951904,0.6270293593406677,0.5252836346626282,0.6505168676376343,0.8649541735649109,1.1744728088378906,1.1909456253051758,1.5437123775482178,1.640443205833435,2.0047032833099365,2.2617557048797607,2.192204475402832,1.8175135850906372,1.6680601835250854,1.3777998685836792,1.2245732545852661,1.0674744844436646,1.0213947296142578,1.0980709791183472,1.2258120775222778,1.4777599573135376,1.5044339895248413,1.8140313625335693,1.9133838415145874,2.2606611251831055,2.521143674850464,2.4657814502716064,2.115666389465332,2.010312557220459,1.7642019987106323,1.6648168563842773,1.5538337230682373,1.5207053422927856,1.579993486404419,1.6460468769073486,1.8577934503555298,1.8988593816757202,2.1703176498413086,2.2759644985198975,2.5996124744415283,2.860494375228882,2.8314409255981445,2.513486385345459,2.4417638778686523,2.2404227256774902,2.1864163875579834,2.103346824645996,2.066525459289551,2.130784511566162,2.1214144229888916,2.2714035511016846,2.4288132190704346,2.6432225704193115,2.812692165374756,3.0340919494628906
A9,2.4452054500579834,2.2273049354553223,1.8790314197540283,1.6092569828033447,1.2734779119491577,0.9810100793838501,0.6359726786613464,0.3781927824020386,0.0,0.395774781703949,0.644481897354126,0.6296915411949158,1.0103907585144043,1.1267338991165161,1.515645980834961,2.3350515365600586,2.2699363231658936,1.8784146308898926,1.6938165426254272,1.3364819288253784,1.1192365884780884,0.8059903383255005,0.658916711807251,0.5436885952949524,0.7022725939750671,0.9130863547325134,0.8955342769622803,1.2143256664276123,1.3254154920578003,1.6880760192871094,2.434790849685669,2.4017910957336426,2.015043020248413,1.8961529731750488,1.5662211179733276,1.4223557710647583,1.1806786060333252,1.1066746711730957,1.051830530166626,1.1399006843566895,1.3002443313598633,1.2939430475234985,1.5508850812911987,1.6496676206588745,1.98037588596344,2.652376174926758,2.634402275085449,2.2691359519958496,2.1930720806121826,1.9075027704238892,1.8141639232635498,1.635817050933838,1.5904256105422974,1.5621757507324219,1.607567548751831,1.7425059080123901,1.7528477907180786,1.9693855047225952,2.064758062362671,2.3614020347595215,2.9554972648620605,2.9634790420532227,2.629525661468506,2.5871310234069824,2.3497495651245117,2.307149887084961,2.1727371215820312,2.1393775939941406,2.1419677734375,2.132270336151123,2.221172332763672,2.3440895080566406,2.515474319458008,2.6582350730895996,2.841855525970459
A10,2.8167080879211426,2.5816783905029297,2.2451224327087402,1.9519214630126953,1.6367123126983643,1.3109326362609863,1.001529574394226,0.6631357669830322,0.395774781703949,0.0,0.3891054689884186,0.6022586822509766,0.95194411277771,1.1904100179672241,1.58500075340271,2.7137386798858643,2.6273257732391357,2.2380151748657227,2.0228431224823,1.6721543073654175,1.4054909944534302,1.0895073413848877,0.8217132687568665,0.6151053309440613,0.5159428715705872,0.6734782457351685,0.7965908050537109,1.1024675369262695,1.3198862075805664,1.6992791891098022,2.7911601066589355,2.7370853424072266,2.346256732940674,2.1937310695648193,1.851902723312378,1.6516612768173218,1.3752881288528442,1.1964536905288696,1.0646156072616577,1.0100847482681274,1.1109939813613892,1.1897228956222534,1.4253968000411987,1.6042203903198242,1.9478538036346436,2.9728214740753174,2.9374194145202637,2.559393882751465,2.452029228210449,2.1412363052368164,1.994577407836914,1.771027684211731,1.6455796957015991,1.5532658100128174,1.5048829317092896,1.5887930393218994,1.6551824808120728,1.8441753387451172,1.9977937936782837,2.298820972442627,3.2294392585754395,3.2252721786499023,2.8719100952148438,2.8044912815093994,2.5343990325927734,2.4469001293182373,2.265047311782837,2.1742441654205322,2.1205804347991943,2.0493547916412354,2.0895378589630127,2.236490249633789,2.360909938812256,2.5278873443603516,2.6809544563293457
A11,3.073249101638794,2.8589248657226562,2.511378765106201,2.245701789855957,1.9087090492248535,1.6183229684829712,1.275468349456787,0.993215024471283,0.644481897354126,0.3891054689884186,0.0,0.3634549677371979,0.6157390475273132,0.922451376914978,1.2987256050109863,2.91871976852417,2.858895778656006,2.4682064056396484,2.281532049179077,1.913102149963379,1.6761724948883057,1.323730707168579,1.0861787796020508,0.7719716429710388,0.6272987127304077,0.5309727787971497,0.5909311175346375,0.7896696925163269,1.0382604598999023,1.3973195552825928,2.949688196182251,2.9268715381622314,2.5326263904571533,2.4098148345947266,2.046588182449341,1.868210792541504,1.5484169721603394,1.3794562816619873,1.1512144804000854,1.0720233917236328,1.0336813926696777,1.0532560348510742,1.1896696090698242,1.3625969886779785,1.6709436178207397,3.0890936851501465,3.0875697135925293,2.7038626670837402,2.6265311241149902,2.2922933101654053,2.1624033451080322,1.895005464553833,1.777122974395752,1.6109817028045654,1.5564638376235962,1.5452847480773926,1.5618330240249634,1.670438289642334,1.802323579788208,2.0599892139434814,3.3073055744171143,3.3380637168884277,2.9773552417755127,2.9405617713928223,2.6463124752044678,2.5773720741271973,2.357724666595459,2.282541513442993,2.1747987270355225,2.1173338890075684,2.093083381652832,2.188237428665161,2.2623422145843506,2.3882076740264893,2.494816780090332
A12,2.910531997680664,2.7249152660369873,2.367732524871826,2.1426784992218018,1.7860759496688843,1.5524998903274536,1.185794711112976,1.0022138357162476,0.6296915411949158,0.6022586822509766,0.3634549677371979,0.0,0.38697388768196106,0.5914073586463928,0.9842857122421265,2.7121124267578125,2.6869266033172607,2.2994556427001953,2.1577441692352295,1.7797505855560303,1.602468490600586,1.2364585399627686,1.0951827764511108,0.7718151211738586,0.7947039604187012,0.6971445679664612,0.5339365601539612,0.6816530227661133,0.8027387857437134,1.143534779548645,2.722686529159546,2.738419532775879,2.34881329536438,2.273728132247925,1.9083869457244873,1.7885643243789673,1.4672415256500244,1.3822988271713257,1.1564300060272217,1.18874990940094,1.1503565311431885,1.046008586883545,1.1504478454589844,1.2212146520614624,1.4953643083572388,2.8572769165039062,2.893709421157837,2.518327474594116,2.4873781204223633,2.158656358718872,2.083087921142578,1.8235909938812256,1.7763811349868774,1.6212283372879028,1.6485095024108887,1.639432668685913,1.5721017122268677,1.6653361320495605,1.7197654247283936,1.947090744972229,3.0850791931152344,3.1501033306121826,2.801427125930786,2.8065237998962402,2.5239086151123047,2.505119562149048,2.3017613887786865,2.286072015762329,2.1963822841644287,2.2027363777160645,2.1902554035186768,2.234250783920288,2.3286406993865967,2.4068443775177,2.5200939178466797
A13,3.1986422538757324,3.03721022605896,2.6752288341522217,2.4781334400177,2.1140682697296143,1.9108171463012695,1.5396004915237427,1.3836356401443481,1.0103907585144043,0.95194411277771,0.6157390475273132,0.38697388768196106,0.0,0.37896108627319336,0.7021487951278687,2.9670979976654053,2.9707698822021484,2.590540647506714,2.4785115718841553,2.0994279384613037,1.9508044719696045,1.5815057754516602,1.460787296295166,1.117600440979004,1.1034795045852661,0.8853021264076233,0.6721973419189453,0.5717546939849854,0.6464131474494934,0.8973027467727661,2.946305274963379,2.9944093227386475,2.612154483795166,2.56768536567688,2.1989779472351074,2.103116512298584,1.7683227062225342,1.6952201128005981,1.4247138500213623,1.4366803169250488,1.3009908199310303,1.143596887588501,1.1104806661605835,1.133638620376587,1.3212109804153442,3.0480380058288574,3.119105339050293,2.749373197555542,2.7491888999938965,2.4131104946136475,2.3574604988098145,2.076185941696167,2.0394234657287598,1.8376210927963257,1.8600995540618896,1.7753912210464478,1.661197304725647,1.6619330644607544,1.6735352277755737,1.8280284404754639,3.243830680847168,3.3440215587615967,2.998342514038086,3.0343587398529053,2.7405624389648438,2.7420449256896973,2.5156314373016357,2.5160412788391113,2.3869268894195557,2.4055557250976562,2.3411386013031006,2.3357491493225098,2.3800339698791504,2.409695625305176,2.469435930252075
A14,3.042794704437256,2.912897825241089,2.5521042346954346,2.4011173248291016,2.0343515872955322,1.8951222896575928,1.5310369729995728,1.4683836698532104,1.1267338991165161,1.1904100179672241,0.922451376914978,0.5914073586463928,0.37896108627319336,0.0,0.39682281017303467,2.7682807445526123,2.80728816986084,2.4415364265441895,2.3784220218658447,2.006427049636841,1.9223413467407227,1.5668635368347168,1.535546898841858,1.223574161529541,1.3173762559890747,1.1446393728256226,0.8411938548088074,0.7270973324775696,0.5783365964889526,0.731959342956543,2.723695993423462,2.811746597290039,2.4448838233947754,2.4510791301727295,2.0947744846343994,2.0607640743255615,1.7443636655807495,1.750888705253601,1.5066081285476685,1.6077592372894287,1.4992955923080444,1.2625727653503418,1.2184282541275024,1.1211514472961426,1.2466939687728882,2.8172354698181152,2.927809238433838,2.5758838653564453,2.6241962909698486,2.3051557540893555,2.306140661239624,2.046234130859375,2.078047275543213,1.9014925956726074,1.996325969696045,1.9302610158920288,1.7520991563796997,1.7509584426879883,1.6820409297943115,1.799851655960083,3.020850419998169,3.1558964252471924,2.830214023590088,2.909059762954712,2.6358096599578857,2.6881284713745117,2.4871842861175537,2.5450894832611084,2.4424664974212646,2.5191102027893066,2.476039409637451,2.430081844329834,2.501701831817627,2.49008846282959,2.564375162124634
A15,3.252906560897827,3.1551513671875,2.7988815307617188,2.687016725540161,2.3235881328582764,2.2267374992370605,1.8723669052124023,1.8466678857803345,1.515645980834961,1.58500075340271,1.2987256050109863,0.9842857122421265,0.7021487951278687,0.39682281017303467,0.0,2.939929962158203,3.0139312744140625,2.667872905731201,2.6451892852783203,2.284924030303955,2.2418553829193115,1.8986693620681763,1.9011579751968384,1.5935275554656982,1.6912851333618164,1.4854211807250977,1.166419267654419,0.9531806707382202,0.7052382826805115,0.617303192615509,2.8604934215545654,2.9884214401245117,2.6425764560699463,2.6904587745666504,2.346233367919922,2.3505477905273438,2.041350841522217,2.078692674636841,1.8252537250518799,1.93801748752594,1.7912784814834595,1.5140588283538818,1.3854798078536987,1.2066336870193481,1.2000194787979126,2.920971632003784,3.0740418434143066,2.7425413131713867,2.832612991333008,2.5232839584350586,2.5597403049468994,2.300487518310547,2.3626062870025635,2.1711432933807373,2.2857542037963867,2.1828441619873047,1.9575737714767456,1.892802119255066,1.7573243379592896,1.7873858213424683,3.0970282554626465,3.273799419403076,2.9662845134735107,3.0857720375061035,2.81894588470459,2.9058969020843506,2.7035648822784424,2.7942020893096924,2.6777679920196533,2.7837607860565186,2.716099262237549,2.621115207672119,2.6678340435028076,2.602296829223633,2.641094923019409
B1,0.5997228622436523,0.6705171465873718,0.7221681475639343,1.0259326696395874,1.172087550163269,1.5356395244598389,1.744296908378601,2.1150307655334473,2.3350515365600586,2.7137386798858643,2.91871976852417,2.7121124267578125,2.9670979976654053,2.7682807445526123,2.939929962158203,0.0,0.3820941150188446,0.560787558555603,0.9258444309234619,1.1410623788833618,1.508901596069336,1.7440794706344604,2.1138012409210205,2.3508853912353516,2.7340638637542725,2.9908299446105957,2.811033010482788,3.069725275039673,2.9069268703460693,3.08947491645813,0.6092893481254578,0.736073911190033,0.8110562562942505,1.0862866640090942,1.2975103855133057,1.622844934463501,1.8625664710998535,2.2073216438293457,2.4581973552703857,2.8203611373901367,3.097165584564209,2.9435524940490723,3.2162420749664307,3.088408946990967,3.3003556728363037,1.1818418502807617,1.2267334461212158,1.245665431022644,1.4195619821548462,1.5942134857177734,1.8642423152923584,2.0951995849609375,2.3959290981292725,2.6563215255737305,2.9699337482452393,3.2528393268585205,3.1320927143096924,3.420724630355835,3.3313467502593994,3.5739266872406006,1.7889611721038818,1.7976003885269165,1.7827764749526978,1.8809400796890259,2.0252091884613037,2.237422227859497,2.4587900638580322,2.6891911029815674,2.9631855487823486,3.184403419494629,3.459665298461914,3.495274782180786,3.8316638469696045,3.8921570777893066,4.1992106437683105
B2,0.68701171875,0.5520797371864319,0.6847478747367859,0.8831673860549927,1.0975488424301147,1.4173537492752075,1.6722354888916016,2.0162510871887207,2.2699363231658936,2.6273257732391357,2.858895778656006,2.6869266033172607,2.9707698822021484,2.80728816986084,3.0139312744140625,0.3820941150188446,0.0,0.3921728730201721,0.6692264676094055,0.9731348752975464,1.3115886449813843,1.599726915359497,1.9534178972244263,2.2274656295776367,2.59844970703125,2.8811357021331787,2.734635353088379,3.0232887268066406,2.8936023712158203,3.1100101470947266,0.6385424137115479,0.5397654175758362,0.6135240197181702,0.7983576059341431,1.077988624572754,1.3773924112319946,1.667373538017273,1.999306082725525,2.286924123764038,2.640979290008545,2.944493293762207,2.822244167327881,3.1244876384735107,3.0277748107910156,3.2709670066833496,1.1382750272750854,1.0622717142105103,1.059322714805603,1.1504859924316406,1.3575974702835083,1.5977789163589478,1.8668577671051025,2.153451681137085,2.4463369846343994,2.752258539199829,3.061828136444092,2.9702441692352295,3.286625385284424,3.2268519401550293,3.4985158443450928,1.7026586532592773,1.6349029541015625,1.5980198383331299,1.6306103467941284,1.786126971244812,1.9625558853149414,2.207143783569336,2.4175758361816406,2.715874433517456,2.9256904125213623,3.224240303039551,3.2834584712982178,3.6345534324645996,3.7201030254364014,4.045498371124268
B3,0.8322009444236755,0.622155487537384,0.5193461775779724,0.6107045412063599,0.7405741214752197,1.052184820175171,1.2856794595718384,1.6321908235549927,1.8784146308898926,2.2380151748657227,2.4682064056396484,2.2994556427001953,2.590540647506714,2.4415364265441895,2.667872905731201,0.560787558555603,0.3921728730201721,0.0,0.37421903014183044,0.6000769734382629,0.9571678638458252,1.2239880561828613,1.5835926532745361,1.849852442741394,2.223344326019287,2.5045926570892334,2.360795259475708,2.655444622039795,2.5402510166168213,2.774919271469116,0.7758639454841614,0.701296329498291,0.5177673101425171,0.6451483368873596,0.8055071234703064,1.0920048952102661,1.3445720672607422,1.6714866161346436,1.9454305171966553,2.295393705368042,2.5941061973571777,2.4756691455841064,2.78021502494812,2.697906017303467,2.955904483795166,1.2324552536010742,1.174246072769165,1.032805323600769,1.0901461839675903,1.1888471841812134,1.3968476057052612,1.615902066230774,1.8838040828704834,2.15425968170166,2.4475066661834717,2.7474420070648193,2.661320924758911,2.974564552307129,2.9288461208343506,3.209547758102417,1.7698664665222168,1.7229208946228027,1.5970829725265503,1.616787314414978,1.6881593465805054,1.8371572494506836,2.0277299880981445,2.2144837379455566,2.483513832092285,2.6742429733276367,2.954793691635132,3.0218818187713623,3.358755588531494,3.451709032058716,3.7645576000213623
B4,1.0884355306625366,0.7786906957626343,0.6628631949424744,0.5139321088790894,0.6485356092453003,0.8454252481460571,1.1165862083435059,1.4150866270065308,1.6938165426254272,2.0228431224823,2.281532049179077,2.1577441692352295,2.4785115718841553,2.3784220218658447,2.6451892852783203,0.9258444309234619,0.6692264676094055,0.37421903014183044,0.0,0.3794795870780945,0.6556833386421204,0.9828639030456543,1.3106690645217896,1.6165462732315063,1.969215989112854,2.2783961296081543,2.1783971786499023,2.504967451095581,2.4368398189544678,2.7117812633514404,1.0546479225158691,0.872686505317688,0.6062217354774475,0.49040067195892334,0.6020493507385254,0.796846330165863,1.0846388339996338,1.377358078956604,1.6861752271652222,2.0160346031188965,2.341508626937866,2.265342950820923,2.5999515056610107,2.562269926071167,2.856924057006836,1.4040453433990479,1.2672408819198608,1.051129698753357,0.9814193248748779,1.0255498886108398,1.148308277130127,1.3701962232589722,1.5952398777008057,1.8866934776306152,2.1554300785064697,2.4787352085113525,2.43271803855896,2.7710351943969727,2.767427921295166,3.0797653198242188,1.862012505531311,1.7625043392181396,1.5782073736190796,1.5203871726989746,1.5456572771072388,1.6252599954605103,1.799910306930542,1.9392081499099731,2.213625431060791,2.3728601932525635,2.667001962661743,2.768061637878418,3.1089327335357666,3.234070301055908,3.5554494857788086
B5,1.342146635055542,1.070513129234314,0.8304197788238525,0.6129330396652222,0.5038509368896484,0.607662558555603,0.7906968593597412,1.0897767543792725,1.3364819288253784,1.6721543073654175,1.913102149963379,1.7797505855560303,2.0994279384613037,2.006427049636841,2.284924030303955,1.1410623788833618,0.9731348752975464,0.6000769734382629,0.3794795870780945,0.0,0.3754054009914398,0.6289085745811462,0.983910083770752,1.261533498764038,1.6278420686721802,1.9224053621292114,1.809842824935913,2.1340816020965576,2.071479082107544,2.3568711280822754,1.2209171056747437,1.1074923276901245,0.7495221495628357,0.6391391754150391,0.49108755588531494,0.6320874691009521,0.8117650151252747,1.1055145263671875,1.3761342763900757,1.7103840112686157,2.017118215560913,1.928892970085144,2.255983352661133,2.2227272987365723,2.52341628074646,1.517301082611084,1.4317604303359985,1.135698676109314,1.0768717527389526,0.9830973148345947,1.0688507556915283,1.1928590536117554,1.3987044095993042,1.641464352607727,1.902481198310852,2.199876308441162,2.1436901092529297,2.467184543609619,2.4664969444274902,2.7777931690216064,1.9353362321853638,1.879480004310608,1.6344478130340576,1.5949124097824097,1.5316962003707886,1.5973135232925415,1.694828987121582,1.8180725574493408,2.0420589447021484,2.189837694168091,2.449751853942871,2.542757272720337,2.8617963790893555,2.981271743774414,3.2831873893737793
B6,1.6560046672821045,1.3523674011230469,1.1166493892669678,0.8049659132957458,0.660408079624176,0.5153458714485168,0.6620743274688721,0.8474624156951904,1.1192365884780884,1.4054909944534302,1.6761724948883057,1.602468490600586,1.9508044719696045,1.9223413467407227,2.2418553829193115,1.508901596069336,1.3115886449813843,0.9571678638458252,0.6556833386421204,0.3754054009914398,0.0,0.37572070956230164,0.6575416326522827,0.9861435890197754,1.320579171180725,1.647074580192566,1.592186689376831,1.9498090744018555,1.9496128559112549,2.2774553298950195,1.5676376819610596,1.4154783487319946,1.052542805671692,0.8368358016014099,0.5969061255455017,0.48952367901802063,0.5998842716217041,0.8002551794052124,1.0976582765579224,1.3952332735061646,1.7285228967666626,1.6950483322143555,2.0511233806610107,2.0758204460144043,2.4141440391540527,1.8003175258636475,1.6783117055892944,1.3459324836730957,1.202509880065918,1.0270272493362427,0.9806204438209534,1.0391122102737427,1.1538221836090088,1.390015721321106,1.6038997173309326,1.9168330430984497,1.9107367992401123,2.2531630992889404,2.3047640323638916,2.6456356048583984,2.1455752849578857,2.0618550777435303,1.771986484527588,1.6746975183486938,1.5462861061096191,1.5284831523895264,1.5690338611602783,1.6190752983093262,1.8186943531036377,1.9150032997131348,2.1726200580596924,2.304906129837036,2.6148056983947754,2.769296169281006,3.069195508956909
B7,1.932483196258545,1.6628694534301758,1.379362940788269,1.0926848649978638,0.8378791213035583,0.619335949420929,0.5250135660171509,0.6270293593406677,0.8059903383255005,1.0895073413848877,1.323730707168579,1.2364585399627686,1.5815057754516602,1.5668635368347168,1.8986693620681763,1.7440794706344604,1.599726915359497,1.2239880561828613,0.9828639030456543,0.6289085745811462,0.37572070956230164,0.0,0.37919995188713074,0.6350752115249634,0.9996241331100464,1.2990280389785767,1.2227094173431396,1.5782556533813477,1.5881567001342773,1.9285434484481812,1.762037992477417,1.6619889736175537,1.2735366821289062,1.104807734489441,0.773460865020752,0.632539689540863,0.4913027584552765,0.6307746767997742,0.8259141445159912,1.1262379884719849,1.4229187965393066,1.367921233177185,1.71088445186615,1.741499900817871,2.0847220420837402,1.9482892751693726,1.8740513324737549,1.5089490413665771,1.3988456726074219,1.1394237279891968,1.0712947845458984,0.996668815612793,1.0708885192871094,1.2121431827545166,1.4091368913650513,1.6734369993209839,1.6481138467788696,1.963948130607605,2.0163917541503906,2.3508081436157227,2.2505390644073486,2.21073055267334,1.8873482942581177,1.8199936151504517,1.624993085861206,1.6043930053710938,1.559746503829956,1.5951592922210693,1.7201811075210571,1.8047484159469604,2.007948875427246,2.120509624481201,2.397646188735962,2.5385475158691406,2.8114168643951416
B8,2.2655768394470215,1.9801160097122192,1.7010681629180908,1.3797390460968018,1.1336272954940796,0.8221431374549866,0.6701501607894897,0.5252836346626282,0.658916711807251,0.8217132687568665,1.0861787796020508,1.0951827764511108,1.460787296295166,1.535546898841858,1.9011579751968384,2.1138012409210205,1.9534178972244263,1.5835926532745361,1.3106690645217896,0.983910083770752,0.6575416326522827,0.37919995188713074,0.0,0.3790307343006134,0.6655553579330444,1.0120301246643066,1.0308150053024292,1.4187476634979248,1.5170834064483643,1.8956612348556519,2.131143093109131,2.010572910308838,1.625662922859192,1.4159787893295288,1.083533763885498,0.8398991823196411,0.6126730442047119,0.49639299511909485,0.6266383528709412,0.8252910375595093,1.1427472829818726,1.1714916229248047,1.5366405248641968,1.6460955142974854,2.022080659866333,2.286208391189575,2.1918890476226807,1.8161894083023071,1.662556529045105,1.3705734014511108,1.2108798027038574,1.0584402084350586,0.9959796071052551,1.0716819763183594,1.172512173652649,1.4294451475143433,1.4714680910110474,1.7915716171264648,1.9094839096069336,2.2661263942718506,2.5381057262420654,2.481950283050537,2.1356639862060547,2.0316414833068848,1.7926255464553833,1.7029714584350586,1.592865228652954,1.542868733406067,1.609995722770691,1.619532823562622,1.7940824031829834,1.9491708278656006,2.197288990020752,2.37507700920105,2.632289409637451
B9,2.5456125736236572,2.286647319793701,1.9835450649261475,1.6915456056594849,1.4014960527420044,1.1122711896896362,0.8531782031059265,0.6505168676376343,0.5436885952949524,0.6151053309440613,0.7719716429710388,0.7718151211738586,1.117600440979004,1.223574161529541,1.5935275554656982,2.3508853912353516,2.2274656295776367,1.849852442741394,1.6165462732315063,1.261533498764038,0.9861435890197754,0.6350752115249634,0.3790307343006134,0.0,0.39284375309944153,0.6653186082839966,0.653527021408081,1.0431767702102661,1.169630527496338,1.5605939626693726,2.3282952308654785,2.247748374938965,1.8540325164794922,1.6838017702102661,1.31888747215271,1.1046916246414185,0.7853307127952576,0.6296892762184143,0.5083557367324829,0.6521979570388794,0.8695864677429199,0.8620046973228455,1.1984933614730835,1.3217942714691162,1.6985095739364624,2.44088077545166,2.38726544380188,1.9988304376602173,1.8806593418121338,1.5494548082351685,1.4009559154510498,1.1627544164657593,1.0773314237594604,1.0190472602844238,1.0854836702346802,1.2455500364303589,1.2531553506851196,1.521399736404419,1.6376699209213257,1.977675199508667,2.6509311199188232,2.634969711303711,2.2725160121917725,2.201733350753784,1.9220404624938965,1.8444738388061523,1.6685099601745605,1.6182674169540405,1.6007204055786133,1.6049960851669312,1.7006571292877197,1.8168107271194458,2.0159409046173096,2.1678030490875244,2.3869340419769287
B10,2.9035685062408447,2.633547306060791,2.3344929218292236,2.0223639011383057,1.7429789304733276,1.418106198310852,1.1637276411056519,0.8649541735649109,0.7022725939750671,0.5159428715705872,0.6272987127304077,0.7947039604187012,1.1034795045852661,1.3173762559890747,1.6912851333618164,2.7340638637542725,2.59844970703125,2.223344326019287,1.969215989112854,1.6278420686721802,1.320579171180725,0.9996241331100464,0.6655553579330444,0.39284375309944153,0.0,0.38938480615615845,0.5988784432411194,0.9716544151306152,1.2155400514602661,1.6171488761901855,2.7132930755615234,2.6177217960357666,2.2266836166381836,2.031243324279785,1.6720737218856812,1.4156228303909302,1.0963371992111206,0.8305447101593018,0.620648205280304,0.49470746517181396,0.6438078284263611,0.7813748717308044,1.0983537435531616,1.3240818977355957,1.7119544744491577,2.8068137168884277,2.7385778427124023,2.346759796142578,2.201162576675415,1.8595274686813354,1.6608277559280396,1.3892966508865356,1.2056106328964233,1.0666507482528687,0.990703284740448,1.0857752561569214,1.1793359518051147,1.417108416557312,1.6104040145874023,1.955432653427124,2.9799540042877197,2.9518964290618896,2.5777926445007324,2.481741428375244,2.177307367324829,2.0510330200195312,1.828224539756775,1.706120252609253,1.6203361749649048,1.54042649269104,1.5756721496582031,1.7285699844360352,1.8714443445205688,2.0579540729522705,2.24334979057312
B11,3.1998865604400635,2.9492812156677246,2.6373350620269775,2.348398447036743,2.046029806137085,1.7459819316864014,1.452097773551941,1.1744728088378906,0.9130863547325134,0.6734782457351685,0.5309727787971497,0.6971445679664612,0.8853021264076233,1.1446393728256226,1.4854211807250977,2.9908299446105957,2.8811357021331787,2.5045926570892334,2.2783961296081543,1.9224053621292114,1.647074580192566,1.2990280389785767,1.0120301246643066,0.6653186082839966,0.38938480615615845,0.0,0.371638685464859,0.6511097550392151,0.9655276536941528,1.3519742488861084,2.9318151473999023,2.8660783767700195,2.473703384399414,2.3080239295959473,1.933245301246643,1.7035061120986938,1.351778507232666,1.1104546785354614,0.7992588877677917,0.622606098651886,0.5038666129112244,0.59478759765625,0.8015155792236328,1.0652669668197632,1.4322923421859741,2.984961986541748,2.9490270614624023,2.5537729263305664,2.43760085105896,2.0761237144470215,1.8952898979187012,1.5811305046081543,1.403924584388733,1.1713299751281738,1.0690878629684448,1.0171889066696167,1.0608177185058594,1.195976972579956,1.388598084449768,1.6966795921325684,3.116154909133911,3.1217358112335205,2.7410476207733154,2.674380302429199,2.345365047454834,2.235199451446533,1.9692177772521973,1.8579858541488647,1.701149821281433,1.6261680126190186,1.5708889961242676,1.6654620170593262,1.7375218868255615,1.8843905925750732,2.0138635635375977
B12,3.0696120262145996,2.8465628623962402,2.52524471282959,2.2751755714416504,1.9529591798782349,1.7053172588348389,1.3867255449295044,1.1909456253051758,0.8955342769622803,0.7965908050537109,0.5909311175346375,0.5339365601539612,0.6721973419189453,0.8411938548088074,1.166419267654419,2.811033010482788,2.734635353088379,2.360795259475708,2.1783971786499023,1.809842824935913,1.592186689376831,1.2227094173431396,1.0308150053024292,0.653527021408081,0.5988784432411194,0.371638685464859,0.0,0.3952851891517639,0.6221364736557007,1.02150297164917,2.7210772037506104,2.6943085193634033,2.3044447898864746,2.1871347427368164,1.8039700984954834,1.6338717937469482,1.268649935722351,1.1218831539154053,0.7968236207962036,0.7891865968704224,0.6671242713928223,0.5135935544967651,0.663611650466919,0.8080865740776062,1.1615185737609863,2.758256673812866,2.762941837310791,2.3722660541534424,2.305495500564575,1.9421195983886719,1.819356083869934,1.5027698278427124,1.4093925952911377,1.179149866104126,1.1894078254699707,1.1296758651733398,1.0417540073394775,1.1424251794815063,1.232576608657837,1.5086946487426758,2.889082431793213,2.9337382316589355,2.560896873474121,2.541365385055542,2.21746563911438,2.163811683654785,1.908078908920288,1.8688710927963257,1.726657748222351,1.7338957786560059,1.686423659324646,1.7073979377746582,1.7973309755325317,1.8774079084396362,2.0081787109375
B13,3.36026930809021,3.161134958267212,2.831890106201172,2.6087684631347656,2.2736997604370117,2.053316354751587,1.717566728591919,1.5437123775482178,1.2143256664276123,1.1024675369262695,0.7896696925163269,0.6816530227661133,0.5717546939849854,0.7270973324775696,0.9531806707382202,3.069725275039673,3.0232887268066406,2.655444622039795,2.504967451095581,2.1340816020965576,1.9498090744018555,1.5782556533813477,1.4187476634979248,1.0431767702102661,0.9716544151306152,0.6511097550392151,0.3952851891517639,0.0,0.37871718406677246,0.7193319797515869,2.949845314025879,2.957087278366089,2.5756149291992188,2.492698907852173,2.1095221042633057,1.9714891910552979,1.6033549308776855,1.483625054359436,1.139224648475647,1.1124006509780884,0.8752093315124512,0.6549663543701172,0.5398865342140198,0.623421847820282,0.8893502354621887,2.9532980918884277,2.994736909866333,2.6121599674224854,2.580159902572632,2.2137911319732666,2.117919921875,1.7869561910629272,1.7127286195755005,1.4394983053207397,1.444305658340454,1.286848545074463,1.1343168020248413,1.093230128288269,1.1235932111740112,1.3096191883087158,3.0483596324920654,3.1308481693267822,2.763360023498535,2.7785325050354004,2.4459214210510254,2.4171316623687744,2.140002489089966,2.1218066215515137,1.9358052015304565,1.9583631753921509,1.8463943004608154,1.8019062280654907,1.8241722583770752,1.839346170425415,1.9015557765960693
