,A1,A2,A3,A4,A5,A6,A7,A8,A9,A10,A11,A12,A13,A14,A15,B1,B2,B3,B4,B5,B6,B7,B8,B9,B10,B11,B12,B13,B14,B15,C1,C2,C3,C4,C5,C6,C7,C8,C9,C10,C11,C12,C13,C14,C15,D1,D2,D3,D4,D5,D6,D7,D8,D9,D10,D11,D12,D13,D14,D15,E1,E2,E3,E4,E5,E6,E7,E8,E9,E10,E11,E12,E13,E14,E15
A1,0.0,0.381242573261261,0.5646622180938721,0.8958664536476135,1.0894759893417358,1.445366382598877,1.6283982992172241,1.971017837524414,2.192979097366333,2.4997410774230957,2.6925461292266846,2.535336494445801,2.8119845390319824,2.565385341644287,2.75518536567688,0.7906203866004944,0.8663398623466492,1.0011087656021118,1.1894572973251343,1.4097113609313965,1.6973650455474854,1.9083937406539917,2.226876974105835,2.442704439163208,2.7608237266540527,2.932769536972046,2.7754852771759033,3.076078176498413,2.9372200965881348,3.1556520462036133,1.4696037769317627,1.451552152633667,1.5219871997833252,1.5854525566101074,1.8087550401687622,2.0123491287231445,2.2273786067962646,2.489553451538086,2.7181615829467773,2.9955644607543945,3.1648218631744385,3.0181360244750977,3.3322181701660156,3.2500357627868652,3.512240171432495,2.026323080062866,1.968077301979065,2.0175533294677734,2.009793281555176,2.23476243019104,2.3792545795440674,2.632676362991333,2.8318307399749756,3.1086649894714355,3.304586887359619,3.550982713699341,3.443873882293701,3.77073335647583,3.7070062160491943,4.0164995193481445,2.655806303024292,2.552750825881958,2.5551676750183105,2.475377082824707,2.688542127609253,2.692255973815918,2.9522595405578613,2.914158821105957,3.288754463195801,3.2144477367401123,3.4331772327423096,3.755244731903076,3.9026787281036377,4.225536346435547,4.49459981918335
A2,0.381242573261261,0.0,0.38550451397895813,0.5947660803794861,0.8737616539001465,1.1862136125564575,1.4200000762939453,1.7401080131530762,1.9924440383911133,2.269592761993408,2.5022547245025635,2.390972137451172,2.688391923904419,2.482004404067993,2.713040590286255,0.7789191603660583,0.6998948454856873,0.7670024037361145,0.8610836267471313,1.1077070236206055,1.3633579015731812,1.6143603324890137,1.9229178428649902,2.1708104610443115,2.476435422897339,2.6808245182037354,2.559467077255249,2.885223865509033,2.784909248352051,3.037757396697998,1.3837910890579224,1.2939033508300781,1.2980787754058838,1.2918745279312134,1.5034881830215454,1.6698538064956665,1.907472014427185,2.156111717224121,2.410071611404419,2.679561138153076,2.8753957748413086,2.758563995361328,3.0944278240203857,3.0470197200775146,3.3372106552124023,1.9034150838851929,1.8045133352279663,1.7938982248306274,1.7386263608932495,1.9372615814208984,2.045607328414917,2.3061270713806152,2.486668586730957,2.779381513595581,2.966867208480835,3.2304811477661133,3.147624969482422,3.4875431060791016,3.4521679878234863,3.7787230014801025,2.4977149963378906,2.3805055618286133,2.3319954872131348,2.2293176651000977,2.4069406986236572,2.3844830989837646,2.626636028289795,2.565718412399292,2.934257745742798,2.8456435203552246,3.0625200271606445,3.3876194953918457,3.527167797088623,3.8529319763183594,4.118657112121582
A3,0.5646622180938721,0.38550451397895813,0.0,0.38100314140319824,0.5278486013412476,0.883636474609375,1.073960304260254,1.409800410270691,1.6457501649856567,1.9402596950531006,2.148686408996582,2.019430160522461,2.3169257640838623,2.1080596446990967,2.3452587127685547,0.8250061273574829,0.8291139006614685,0.7185473442077637,0.8368138074874878,0.9495164155960083,1.2041221857070923,1.391444444656372,1.6883336305618286,1.9090903997421265,2.213252544403076,2.3891384601593018,2.249878406524658,2.5682082176208496,2.465644359588623,2.719193458557129,1.4140949249267578,1.3888829946517944,1.3081917762756348,1.3356090784072876,1.4554773569107056,1.612911581993103,1.785859227180481,2.009422779083252,2.2321114540100098,2.483192205429077,2.6485531330108643,2.516683578491211,2.8363473415374756,2.7838187217712402,3.0686187744140625,1.9380261898040771,1.897416114807129,1.8402804136276245,1.8227496147155762,1.9602855443954468,2.0653750896453857,2.2722740173339844,2.424800157546997,2.6896626949310303,2.8469600677490234,3.086477756500244,2.9935786724090576,3.3134171962738037,3.271211862564087,3.586212396621704,2.5517141819000244,2.4868390560150146,2.4153356552124023,2.356401205062866,2.500247001647949,2.500864267349243,2.701277256011963,2.63899302482605,2.9887681007385254,2.8896660804748535,3.064356803894043,3.408482313156128,3.5313448905944824,3.8753647804260254,4.118971347808838
A4,0.8958664536476135,0.5947660803794861,0.38100314140319824,0.0,0.3708931505680084,0.6013694405555725,0.8888477087020874,1.1695148944854736,1.4584572315216064,1.7028988599777222,1.9573664665222168,1.8890373706817627,2.215968370437622,2.0647614002227783,2.350355386734009,1.0692580938339233,0.9597997665405273,0.7499938607215881,0.6885987520217896,0.7535629868507385,0.9103233814239502,1.1423214673995972,1.3995656967163086,1.6680082082748413,1.9409050941467285,2.156301259994507,2.0683140754699707,2.417034387588501,2.3701066970825195,2.6641459465026855,1.5395078659057617,1.453597068786621,1.288259506225586,1.2241830825805664,1.2848517894744873,1.3608587980270386,1.54364013671875,1.72210693359375,1.9764487743377686,2.19869065284729,2.395108461380005,2.3071980476379395,2.6493778228759766,2.645880699157715,2.9624829292297363,1.999732255935669,1.9251376390457153,1.794918417930603,1.7229562997817993,1.8039500713348389,1.8460639715194702,2.045250177383423,2.1521284580230713,2.4333767890930176,2.561500310897827,2.8207671642303467,2.764815092086792,3.094733953475952,3.092149019241333,3.424171209335327,2.5591535568237305,2.485834836959839,2.355414390563965,2.2745440006256104,2.363757610321045,2.3288562297821045,2.4922983646392822,2.3912785053253174,2.722032070159912,2.591874122619629,2.75333833694458,3.105926513671875,3.205559730529785,3.558422803878784,3.78908634185791
A5,1.0894759893417358,0.8737616539001465,0.5278486013412476,0.3708931505680084,0.0,0.381611704826355,0.5594838857650757,0.8824142217636108,1.1361175775527954,1.4163017272949219,1.6340830326080322,1.5353238582611084,1.857298731803894,1.69802987575531,1.9863955974578857,1.1634284257888794,1.139896035194397,0.8478947877883911,0.8516838550567627,0.7472987174987793,0.8976983428001404,1.0061336755752563,1.247136116027832,1.4604418277740479,1.7375787496566772,1.9065523147583008,1.7859574556350708,2.1192564964294434,2.060885190963745,2.3489491939544678,1.5935817956924438,1.5797967910766602,1.3691438436508179,1.3652592897415161,1.34037446975708,1.4235173463821411,1.5150930881500244,1.669327735900879,1.868559718132019,2.073837995529175,2.222658395767212,2.106621265411377,2.4221127033233643,2.402622699737549,2.705207109451294,2.045919179916382,2.0349135398864746,1.884106159210205,1.8666292428970337,1.8991318941116333,1.9558390378952026,2.091411590576172,2.178926706314087,2.4160940647125244,2.5177664756774902,2.739426851272583,2.661879539489746,2.9631094932556152,2.942815065383911,3.255429744720459,2.6183295249938965,2.5984585285186768,2.464477300643921,2.434286594390869,2.5046346187591553,2.5058000087738037,2.6349854469299316,2.5499165058135986,2.860023021697998,2.735008955001831,2.8518121242523193,3.2151150703430176,3.305678367614746,3.6694834232330322,3.8792479038238525
A6,1.445366382598877,1.1862136125564575,0.883636474609375,0.6013694405555725,0.381611704826355,0.0,0.38132938742637634,0.5738846659660339,0.8987987041473389,1.1100937128067017,1.3753772974014282,1.3521428108215332,1.7027453184127808,1.6198269128799438,1.9559276103973389,1.4824429750442505,1.405132532119751,1.07060706615448,0.9582509398460388,0.7550444006919861,0.7319321632385254,0.8087195158004761,0.9549099802970886,1.2031701803207397,1.4297505617141724,1.6284172534942627,1.5649149417877197,1.924670934677124,1.9330073595046997,2.2597384452819824,1.8153481483459473,1.7707548141479492,1.495329737663269,1.4296021461486816,1.3175859451293945,1.3042514324188232,1.3562864065170288,1.4302664995193481,1.6371785402297974,1.7904469966888428,1.954608678817749,1.8842668533325195,2.2108447551727295,2.2448508739471436,2.573834180831909,2.198831796646118,2.1750502586364746,1.9610792398452759,1.9109654426574707,1.871008276939392,1.8646730184555054,1.9604915380477905,1.9835796356201172,2.2152113914489746,2.267665147781372,2.4936716556549072,2.4521682262420654,2.749345064163208,2.7681214809417725,3.088754892349243,2.7119803428649902,2.699456214904785,2.5143935680389404,2.47967529296875,2.490621566772461,2.4688310623168945,2.5453858375549316,2.427542209625244,2.702362298965454,2.5473825931549072,2.6287050247192383,3.0008304119110107,3.0601284503936768,3.434659957885742,3.6198604106903076
A7,1.6283982992172241,1.4200000762939453,1.073960304260254,0.8888477087020874,0.5594838857650757,0.38132938742637634,0.0,0.37824010848999023,0.5768739581108093,0.8743122220039368,1.0828243494033813,1.011671543121338,1.3422331809997559,1.2461628913879395,1.5823743343353271,1.5501052141189575,1.5385154485702515,1.1723203659057617,1.1383806467056274,0.8458380103111267,0.857578456401825,0.7544363141059875,0.8877505660057068,1.0176624059677124,1.2672905921936035,1.3887327909469604,1.2643579244613647,1.598946213722229,1.5810519456863403,1.8971449136734009,1.81711745262146,1.8402349948883057,1.5453424453735352,1.5516529083251953,1.3834528923034668,1.4088013172149658,1.360654592514038,1.4299877882003784,1.5492432117462158,1.699296236038208,1.791812539100647,1.6703040599822998,1.9578986167907715,1.9589011669158936,2.2654032707214355,2.1765153408050537,2.2165069580078125,1.9988642930984497,2.013042688369751,1.9424457550048828,1.9733442068099976,2.005582809448242,2.0311050415039062,2.2022695541381836,2.243861675262451,2.415980100631714,2.334357976913452,2.594837188720703,2.580024242401123,2.8736023902893066,2.6924703121185303,2.734020709991455,2.5586373805999756,2.5795838832855225,2.5855462551116943,2.612330675125122,2.666799783706665,2.58567214012146,2.8446881771087646,2.717456817626953,2.75931715965271,3.130910873413086,3.197683572769165,3.572397470474243,3.743699550628662
A8,1.971017837524414,1.7401080131530762,1.409800410270691,1.1695148944854736,0.8824142217636108,0.5738846659660339,0.37824010848999023,0.0,0.3836172819137573,0.5443972945213318,0.8084783554077148,0.8499934673309326,1.2119234800338745,1.2249836921691895,1.6015833616256714,1.9120162725448608,1.8692578077316284,1.4948935508728027,1.3955979347229004,1.0792421102523804,0.9563414454460144,0.802291214466095,0.7572047114372253,0.8787123560905457,1.0252296924591064,1.1565046310424805,1.10694420337677,1.4576442241668701,1.5262932777404785,1.8740308284759521,2.1345112323760986,2.1352744102478027,1.808503270149231,1.7692044973373413,1.5453470945358276,1.4846621751785278,1.3891229629516602,1.3539834022521973,1.4554529190063477,1.52053964138031,1.6097347736358643,1.5433027744293213,1.8232557773590088,1.886164665222168,2.2096915245056152,2.4427430629730225,2.472515821456909,2.2133359909057617,2.2009332180023193,2.0727877616882324,2.0457985401153564,2.0336344242095947,1.9872612953186035,2.1382381916046143,2.1144967079162598,2.277745246887207,2.2362685203552246,2.477635383605957,2.504236936569214,2.795689582824707,2.904616355895996,2.9524312019348145,2.7389039993286133,2.7555723190307617,2.7109999656677246,2.716489791870117,2.720738172531128,2.609387159347534,2.8259496688842773,2.6692113876342773,2.6686582565307617,3.0434205532073975,3.071826457977295,3.4541590213775635,3.592916488647461
A9,2.192979097366333,1.9924440383911133,1.6457501649856567,1.4584572315216064,1.1361175775527954,0.8987987041473389,0.5768739581108093,0.3836172819137573,0.0,0.3833377957344055,0.5265835523605347,0.5329270362854004,0.8561476469039917,0.8966646194458008,1.2761566638946533,2.0367069244384766,2.0364022254943848,1.651559591293335,1.604360580444336,1.250224232673645,1.1650481224060059,0.8953022956848145,0.8308998942375183,0.7706056237220764,0.9183513522148132,0.9241724014282227,0.7944231033325195,1.1089290380477905,1.1644965410232544,1.5068551301956177,2.1846580505371094,2.2366738319396973,1.9018030166625977,1.9178980588912964,1.6570559740066528,1.6313318014144897,1.452626347541809,1.4145106077194214,1.412150263786316,1.4671269655227661,1.4635735750198364,1.3395905494689941,1.5611164569854736,1.5911980867385864,1.8873502016067505,2.451815128326416,2.5348992347717285,2.275139570236206,2.316997766494751,2.1633925437927246,2.1700639724731445,2.0990588665008545,2.0576322078704834,2.141345739364624,2.1079928874969482,2.207043409347534,2.122800827026367,2.316847801208496,2.307835578918457,2.565001964569092,2.896505355834961,2.9935615062713623,2.789487838745117,2.856218099594116,2.805734872817993,2.8556418418884277,2.839395523071289,2.7659454345703125,2.965104341506958,2.840672731399536,2.804381847381592,3.171010971069336,3.210216522216797,3.5860755443573,3.711855173110962
A10,2.4997410774230957,2.269592761993408,1.9402596950531006,1.7028988599777222,1.4163017272949219,1.1100937128067017,0.8743122220039368,0.5443972945213318,0.3833377957344055,0.0,0.37812528014183044,0.6363998651504517,0.9296824932098389,1.1066770553588867,1.4878654479980469,2.3646788597106934,2.325502395629883,1.936888337135315,1.8299967050552368,1.4750723838806152,1.2963613271713257,1.0318158864974976,0.8169111609458923,0.748789370059967,0.7201541066169739,0.7398817539215088,0.7611151337623596,1.0784082412719727,1.2555973529815674,1.618614912033081,2.4847488403320312,2.503237724304199,2.146202564239502,2.1127610206604004,1.8185330629348755,1.7157223224639893,1.5130478143692017,1.3750592470169067,1.3586639165878296,1.3106402158737183,1.308397650718689,1.2698826789855957,1.4814434051513672,1.5975407361984253,1.911708950996399,2.7089107036590576,2.768967866897583,2.474303722381592,2.481651782989502,2.282352924346924,2.231032609939575,2.1257314682006836,2.014009475708008,2.0789878368377686,1.9775310754776,2.0690646171569824,2.037493944168091,2.2121503353118896,2.2575390338897705,2.5144872665405273,3.0973622798919678,3.1893470287323,2.9489433765411377,3.0027146339416504,2.9052624702453613,2.929037570953369,2.8666534423828125,2.762946844100952,2.917833089828491,2.7662978172302246,2.689770460128784,3.0528180599212646,3.053349733352661,3.4314749240875244,3.5239720344543457
A11,2.6925461292266846,2.5022547245025635,2.148686408996582,1.9573664665222168,1.6340830326080322,1.3753772974014282,1.0828243494033813,0.8084783554077148,0.5265835523605347,0.37812528014183044,0.0,0.36995944380760193,0.6025097370147705,0.8544986844062805,1.2191882133483887,2.5534634590148926,2.561981678009033,2.1762726306915283,2.1190907955169678,1.7594603300094604,1.6293333768844604,1.3397259712219238,1.1614465713500977,1.0099684000015259,0.9714075922966003,0.8393816351890564,0.7733819484710693,0.9695796370506287,1.1260201930999756,1.4438748359680176,2.6773219108581543,2.7405638694763184,2.396083354949951,2.4066388607025146,2.11545467376709,2.0493080615997314,1.8228133916854858,1.700615644454956,1.6267789602279663,1.5674057006835938,1.4826147556304932,1.3971314430236816,1.5164620876312256,1.5889190435409546,1.8441860675811768,2.9065520763397217,3.0071065425872803,2.730496406555176,2.775636911392212,2.581629753112793,2.559213876724243,2.4340708255767822,2.333050489425659,2.35903263092041,2.2497706413269043,2.289980173110962,2.227792501449585,2.349386215209961,2.360159158706665,2.5701959133148193,3.3082611560821533,3.4316139221191406,3.2114672660827637,3.2945022583007812,3.2082760334014893,3.25773024559021,3.1951165199279785,3.111199378967285,3.2613630294799805,3.122936725616455,3.031276226043701,3.3881003856658936,3.387645721435547,3.7612175941467285,3.8398871421813965
A12,2.535336494445801,2.390972137451172,2.019430160522461,1.8890373706817627,1.5353238582611084,1.3521428108215332,1.011671543121338,0.8499934673309326,0.5329270362854004,0.6363998651504517,0.36995944380760193,0.0,0.3878985345363617,0.5184340476989746,0.8979885578155518,2.3987114429473877,2.45900821685791,2.0870606899261475,2.092986583709717,1.745164394378662,1.6940391063690186,1.4086414575576782,1.3267457485198975,1.174212098121643,1.2387710809707642,1.0898711681365967,0.90096116065979,1.046465516090393,1.072059988975525,1.33705472946167,2.557460308074951,2.66324782371521,2.3479223251342773,2.4085092544555664,2.1502716541290283,2.147336721420288,1.937853455543518,1.8847788572311401,1.8136910200119019,1.8202168941497803,1.723503589630127,1.5689499378204346,1.6712592840194702,1.6588777303695679,1.871883511543274,2.8269548416137695,2.9582254886627197,2.7196121215820312,2.8004367351531982,2.646365165710449,2.6725823879241943,2.571166753768921,2.521726131439209,2.5558245182037354,2.492258310317993,2.5297563076019287,2.423581600189209,2.546887159347534,2.506627321243286,2.701493740081787,3.279430627822876,3.414748430252075,3.232069492340088,3.3311352729797363,3.2861058712005615,3.3594939708709717,3.333292245864868,3.273503541946411,3.456367015838623,3.336742401123047,3.2726407051086426,3.6330313682556152,3.6581387519836426,4.031511306762695,4.13153600692749
A13,2.8119845390319824,2.688391923904419,2.3169257640838623,2.215968370437622,1.857298731803894,1.7027453184127808,1.3422331809997559,1.2119234800338745,0.8561476469039917,0.9296824932098389,0.6025097370147705,0.3878985345363617,0.0,0.3810650110244751,0.6573856472969055,2.6085360050201416,2.6963229179382324,2.3294010162353516,2.365914821624756,2.009361982345581,1.9797016382217407,1.6576074361801147,1.579145073890686,1.3469939231872559,1.3972009420394897,1.1508562564849854,0.9078921675682068,0.8966811895370483,0.8753675818443298,1.0621132850646973,2.706056594848633,2.8481738567352295,2.5385243892669678,2.635533332824707,2.363299608230591,2.384277582168579,2.133906602859497,2.0854172706604004,1.947710633277893,1.9473974704742432,1.7764919996261597,1.5798869132995605,1.589635968208313,1.5277718305587769,1.6688897609710693,2.9343504905700684,3.105787515640259,2.875335454940796,2.995055675506592,2.828519821166992,2.8796772956848145,2.740790367126465,2.6991982460021973,2.681445598602295,2.614847421646118,2.595484733581543,2.453787088394165,2.522016763687134,2.4434468746185303,2.5870611667633057,3.360874891281128,3.5350453853607178,3.36594557762146,3.5028934478759766,3.4558820724487305,3.562547206878662,3.5230822563171387,3.4936141967773438,3.66249942779541,3.5697975158691406,3.4820761680603027,3.8306167125701904,3.865516185760498,4.2287983894348145,4.318578243255615
A14,2.565385341644287,2.482004404067993,2.1080596446990967,2.0647614002227783,1.69802987575531,1.6198269128799438,1.2461628913879395,1.2249836921691895,0.8966646194458008,1.1066770553588867,0.8544986844062805,0.5184340476989746,0.3810650110244751,0.0,0.3898087441921234,2.356020212173462,2.4867522716522217,2.1420130729675293,2.234144687652588,1.9013049602508545,1.9433002471923828,1.6424065828323364,1.6515191793441772,1.447642207145691,1.5880208015441895,1.3807059526443481,1.0797803401947021,1.0942115783691406,0.941214382648468,1.0739909410476685,2.4837002754211426,2.6591336727142334,2.383453130722046,2.521963119506836,2.289518356323242,2.3670783042907715,2.146381378173828,2.164590835571289,2.0508856773376465,2.118279218673706,1.969801902770996,1.7294453382492065,1.765946626663208,1.6381888389587402,1.7609919309616089,2.7517385482788086,2.9432120323181152,2.752593994140625,2.8987951278686523,2.7763876914978027,2.8703110218048096,2.7649385929107666,2.7746472358703613,2.7796711921691895,2.763723611831665,2.7627015113830566,2.589945077896118,2.683502435684204,2.5674614906311035,2.716662883758545,3.2272932529449463,3.4023170471191406,3.2699697017669678,3.413667678833008,3.4087119102478027,3.532125473022461,3.532465696334839,3.5227909088134766,3.7266807556152344,3.650393009185791,3.5973947048187256,3.949892997741699,4.012106895446777,4.375499248504639,4.493210792541504
A15,2.75518536567688,2.713040590286255,2.3452587127685547,2.350355386734009,1.9863955974578857,1.9559276103973389,1.5823743343353271,1.6015833616256714,1.2761566638946533,1.4878654479980469,1.2191882133483887,0.8979885578155518,0.6573856472969055,0.3898087441921234,0.0,2.509625196456909,2.6832966804504395,2.3635075092315674,2.5009169578552246,2.182589054107666,2.2644033432006836,1.9594478607177734,1.9966700077056885,1.7664515972137451,1.9178268909454346,1.6753876209259033,1.3479539155960083,1.2675089836120605,1.031653642654419,1.0171469449996948,2.6102476119995117,2.829149007797241,2.5830655097961426,2.764497995376587,2.5467870235443115,2.661867618560791,2.432297468185425,2.476820945739746,2.3336338996887207,2.4171459674835205,2.2327640056610107,1.9576364755630493,1.935520887374878,1.7448862791061401,1.7835942506790161,2.864569664001465,3.0957651138305664,2.937002182006836,3.1221461296081543,3.014601230621338,3.143054723739624,3.0287232398986816,3.063817024230957,3.0434982776641846,3.0442135334014893,3.0113587379455566,2.8042891025543213,2.864656448364258,2.704388380050659,2.8089685440063477,3.339695453643799,3.5439205169677734,3.4441380500793457,3.6176466941833496,3.6324963569641113,3.785841941833496,3.7953310012817383,3.8142950534820557,4.022269248962402,3.9697957038879395,3.9153025150299072,4.260186195373535,4.338098526000977,4.694033145904541,4.814522743225098
B1,0.7906203866004944,0.7789191603660583,0.8250061273574829,1.0692580938339233,1.1634284257888794,1.4824429750442505,1.5501052141189575,1.9120162725448608,2.0367069244384766,2.3646788597106934,2.5534634590148926,2.3987114429473877,2.6085360050201416,2.356020212173462,2.509625196456909,0.0,0.37651145458221436,0.5524805784225464,0.9057631492614746,1.0907200574874878,1.4635604619979858,1.5970594882965088,1.9718619585037231,2.109722852706909,2.476201295852661,2.614187002182007,2.421287775039673,2.684239625930786,2.5048043727874756,2.690873622894287,0.6913391947746277,0.7737988233566284,0.8864359855651855,1.1046063899993896,1.3270206451416016,1.6422920227050781,1.799830675125122,2.133065700531006,2.293588399887085,2.629554510116577,2.756976366043091,2.559656858444214,2.8499109745025635,2.7205440998077393,2.9543542861938477,1.2626696825027466,1.275770902633667,1.360388159751892,1.4671765565872192,1.7012115716934204,1.9450539350509644,2.1525769233703613,2.4196462631225586,2.6379446983337402,2.887298107147217,3.0861997604370117,2.9181838035583496,3.2280616760253906,3.11381196975708,3.403097629547119,1.920428991317749,1.8739665746688843,1.9104548692703247,1.9168574810028076,2.1544137001037598,2.2550976276397705,2.5121219158172607,2.565270185470581,2.9396088123321533,2.9474735260009766,3.1390228271484375,3.4441184997558594,3.645860195159912,3.95090651512146,4.231388092041016
B2,0.8663398623466492,0.6998948454856873,0.8291139006614685,0.9597997665405273,1.139896035194397,1.405132532119751,1.5385154485702515,1.8692578077316284,2.0364022254943848,2.325502395629883,2.561981678009033,2.45900821685791,2.6963229179382324,2.4867522716522217,2.6832966804504395,0.37651145458221436,0.0,0.3925930857658386,0.6358344554901123,0.9185677170753479,1.259205937385559,1.4616912603378296,1.8287795782089233,2.0146658420562744,2.365506649017334,2.5509886741638184,2.406473159790039,2.7015950679779053,2.5690078735351562,2.793936014175415,0.7126649022102356,0.599069356918335,0.6848601698875427,0.800886869430542,1.0805091857910156,1.369952917098999,1.587092638015747,1.9201000928878784,2.124805450439453,2.4597744941711426,2.6313369274139404,2.4759232997894287,2.7986772060394287,2.713536262512207,2.982165813446045,1.2092357873916626,1.117050051689148,1.1535500288009644,1.1778777837753296,1.4275610446929932,1.6403980255126953,1.8880205154418945,2.152759552001953,2.4045286178588867,2.6601688861846924,2.891392707824707,2.7565174102783203,3.092214584350586,3.0151116847991943,3.330364227294922,1.8075388669967651,1.7059434652328491,1.693686604499817,1.6440786123275757,1.8663991689682007,1.9278143644332886,2.1927952766418457,2.225154161453247,2.605642080307007,2.6056511402130127,2.816804885864258,3.116114616394043,3.3182053565979004,3.6176352500915527,3.9056830406188965
B3,1.0011087656021118,0.7670024037361145,0.7185473442077637,0.7499938607215881,0.8478947877883911,1.07060706615448,1.1723203659057617,1.4948935508728027,1.651559591293335,1.936888337135315,2.1762726306915283,2.0870606899261475,2.3294010162353516,2.1420130729675293,2.3635075092315674,0.5524805784225464,0.3925930857658386,0.0,0.38017189502716064,0.5499024987220764,0.9158622026443481,1.0834482908248901,1.4537408351898193,1.632124900817871,1.9841179847717285,2.164677619934082,2.0230486392974854,2.328324317932129,2.2146575450897217,2.462362051010132,0.798896312713623,0.7331213355064392,0.5912083983421326,0.6938585638999939,0.8439550399780273,1.117942452430725,1.2855900526046753,1.6006300449371338,1.7929770946502686,2.115539789199829,2.2762644290924072,2.120746612548828,2.446855068206787,2.3764169216156006,2.6607718467712402,1.253951907157898,1.2094920873641968,1.1286182403564453,1.1599987745285034,1.3092107772827148,1.4935535192489624,1.689706802368164,1.9171878099441528,2.1544189453125,2.378655433654785,2.5996198654174805,2.467412233352661,2.7962586879730225,2.7290687561035156,3.0475897789001465,1.842365026473999,1.7929340600967407,1.714442491531372,1.6970460414886475,1.8501442670822144,1.9144277572631836,2.120598316192627,2.132761240005493,2.491405963897705,2.469154119491577,2.6385385990142822,2.960881471633911,3.1413776874542236,3.461958885192871,3.7273123264312744
B4,1.1894572973251343,0.8610836267471313,0.8368138074874878,0.6885987520217896,0.8516838550567627,0.9582509398460388,1.1383806467056274,1.3955979347229004,1.604360580444336,1.8299967050552368,2.1190907955169678,2.092986583709717,2.365914821624756,2.234144687652588,2.5009169578552246,0.9057631492614746,0.6358344554901123,0.38017189502716064,0.0,0.38107460737228394,0.642376720905304,0.9153118133544922,1.25080406665802,1.4967256784439087,1.8133976459503174,2.04945707321167,1.9723759889602661,2.31259822845459,2.261941432952881,2.5520122051239014,1.0672255754470825,0.8891742825508118,0.657547652721405,0.5362625122070312,0.6514577269554138,0.8246572613716125,1.061938762664795,1.3456075191497803,1.5989160537719727,1.8995212316513062,2.1123671531677246,2.015850305557251,2.3752522468566895,2.365166425704956,2.6872940063476562,1.4126759767532349,1.2921043634414673,1.1208715438842773,1.0376936197280884,1.1337575912475586,1.231969952583313,1.4553148746490479,1.6437140703201294,1.9225937128067017,2.1284096240997314,2.387943983078003,2.305438995361328,2.657680034637451,2.642406702041626,2.9867687225341797,1.9075307846069336,1.8220183849334717,1.6696501970291138,1.596892237663269,1.6891372203826904,1.692529559135437,1.8729804754257202,1.8345673084259033,2.187021017074585,2.131335496902466,2.3065319061279297,2.6363298892974854,2.7992753982543945,3.1264374256134033,3.3883724212646484
B5,1.4097113609313965,1.1077070236206055,0.9495164155960083,0.7535629868507385,0.7472987174987793,0.7550444006919861,0.8458380103111267,1.0792421102523804,1.250224232673645,1.4750723838806152,1.7594603300094604,1.745164394378662,2.009361982345581,1.9013049602508545,2.182589054107666,1.0907200574874878,0.9185677170753479,0.5499024987220764,0.38107460737228394,0.0,0.3827573359012604,0.5532729625701904,0.9110465049743652,1.1292096376419067,1.4590650796890259,1.6768056154251099,1.5923810005187988,1.9361176490783691,1.899385690689087,2.204848527908325,1.1864347457885742,1.0919556617736816,0.7656545042991638,0.7065056562423706,0.595886766910553,0.7307140827178955,0.8397427797317505,1.096643090248108,1.3091285228729248,1.5994731187820435,1.7825162410736084,1.671600103378296,2.026181936264038,2.0218777656555176,2.3516314029693604,1.486829400062561,1.4391570091247559,1.2063629627227783,1.178066372871399,1.1611994504928589,1.2426966428756714,1.369271159172058,1.513169765472412,1.748813271522522,1.9176584482192993,2.147399425506592,2.052863121032715,2.3864355087280273,2.3686609268188477,2.7066221237182617,1.9660683870315552,1.946453332901001,1.7631208896636963,1.7488337755203247,1.7852535247802734,1.8178541660308838,1.9309253692626953,1.8937400579452515,2.2086830139160156,2.1453194618225098,2.2600176334381104,2.607239007949829,2.751317262649536,3.0951895713806152,3.329338788986206
B6,1.6973650455474854,1.3633579015731812,1.2041221857070923,0.9103233814239502,0.8976983428001404,0.7319321632385254,0.857578456401825,0.9563414454460144,1.1650481224060059,1.2963613271713257,1.6293333768844604,1.6940391063690186,1.9797016382217407,1.9433002471923828,2.2644033432006836,1.4635604619979858,1.259205937385559,0.9158622026443481,0.642376720905304,0.3827573359012604,0.0,0.3832785189151764,0.6298171281814575,0.9372237920761108,1.2043802738189697,1.48249089717865,1.480846881866455,1.8545328378677368,1.8959945440292358,2.240262746810913,1.532096028327942,1.398768424987793,1.047814130783081,0.8810194134712219,0.6651720404624939,0.575062096118927,0.6668374538421631,0.8128764629364014,1.0860071182250977,1.3226765394210815,1.5557894706726074,1.518435001373291,1.8986845016479492,1.9670557975769043,2.330094814300537,1.7581840753555298,1.6799216270446777,1.386304259300232,1.2887060642242432,1.1771050691604614,1.141268014907837,1.232318639755249,1.283394694328308,1.5398567914962769,1.6536093950271606,1.9121429920196533,1.8760197162628174,2.2192986011505127,2.260519504547119,2.6159284114837646,2.150120496749878,2.1225078105926514,1.8786671161651611,1.8379827737808228,1.7960563898086548,1.7783207893371582,1.8268717527389526,1.7325166463851929,2.0090928077697754,1.8996682167053223,1.9840139150619507,2.346336841583252,2.454737663269043,2.8136954307556152,3.0266306400299072
B7,1.9083937406539917,1.6143603324890137,1.391444444656372,1.1423214673995972,1.0061336755752563,0.8087195158004761,0.7544363141059875,0.802291214466095,0.8953022956848145,1.0318158864974976,1.3397259712219238,1.4086414575576782,1.6576074361801147,1.6424065828323364,1.9594478607177734,1.5970594882965088,1.4616912603378296,1.0834482908248901,0.9153118133544922,0.5532729625701904,0.3832785189151764,0.0,0.382366418838501,0.5846291780471802,0.9064315557479858,1.136949896812439,1.1049987077713013,1.4735140800476074,1.518151044845581,1.8686842918395996,1.5965986251831055,1.5385774374008179,1.1613966226577759,1.090366005897522,0.787986695766449,0.7413190603256226,0.6102371215820312,0.7141891717910767,0.8630000352859497,1.1010280847549438,1.2637778520584106,1.1793533563613892,1.5450003147125244,1.601912021636963,1.963828206062317,1.781090497970581,1.7773067951202393,1.4694093465805054,1.4523980617523193,1.2838822603225708,1.2838054895401,1.2625343799591064,1.2915558815002441,1.4588159322738647,1.5429328680038452,1.7376635074615479,1.6603447198867798,1.9691144227981567,1.9850785732269287,2.322659492492676,2.1602675914764404,2.1997461318969727,1.9575227499008179,1.9860572814941406,1.9241517782211304,1.9620590209960938,1.9667727947235107,1.9107389450073242,2.149954319000244,2.065869092941284,2.0875918865203857,2.448349952697754,2.553624153137207,2.9138662815093994,3.101466417312622
B8,2.226876974105835,1.9229178428649902,1.6883336305618286,1.3995656967163086,1.247136116027832,0.9549099802970886,0.8877505660057068,0.7572047114372253,0.8308998942375183,0.8169111609458923,1.1614465713500977,1.3267457485198975,1.579145073890686,1.6515191793441772,1.9966700077056885,1.9718619585037231,1.8287795782089233,1.4537408351898193,1.25080406665802,0.9110465049743652,0.6298171281814575,0.382366418838501,0.0,0.3852246105670929,0.5774580240249634,0.8778082728385925,0.9596070051193237,1.3468788862228394,1.4877930879592896,1.867350697517395,1.9716204404830933,1.902780294418335,1.5196330547332764,1.4089930057525635,1.0804758071899414,0.9150508642196655,0.7206564545631409,0.603165328502655,0.7275820374488831,0.8366719484329224,1.0213018655776978,1.025738000869751,1.3958333730697632,1.5365822315216064,1.9195200204849243,2.117655038833618,2.1068100929260254,1.7716172933578491,1.724467158317566,1.497249722480774,1.4160962104797363,1.3314075469970703,1.2465245723724365,1.382828712463379,1.3697216510772705,1.559075117111206,1.540298342704773,1.8294767141342163,1.9035323858261108,2.2410740852355957,2.435887336730957,2.481621026992798,2.204697847366333,2.2259397506713867,2.105862617492676,2.1140928268432617,2.0543901920318604,1.9578638076782227,2.138097047805786,2.0153586864471436,1.9794423580169678,2.3460137844085693,2.403836727142334,2.7755303382873535,2.9246513843536377
B9,2.442704439163208,2.1708104610443115,1.9090903997421265,1.6680082082748413,1.4604418277740479,1.2031701803207397,1.0176624059677124,0.8787123560905457,0.7706056237220764,0.748789370059967,1.0099684000015259,1.174212098121643,1.3469939231872559,1.447642207145691,1.7664515972137451,2.109722852706909,2.0146658420562744,1.632124900817871,1.4967256784439087,1.1292096376419067,0.9372237920761108,0.5846291780471802,0.3852246105670929,0.0,0.38595256209373474,0.5589717626571655,0.600185751914978,0.9755918383598328,1.1316441297531128,1.5130822658538818,2.0394859313964844,2.028156042098999,1.643035650253296,1.6036181449890137,1.2481023073196411,1.1488847732543945,0.8499487638473511,0.7402017712593079,0.6470987200737,0.7405664324760437,0.7761284112930298,0.6934235095977783,1.0367470979690552,1.1645532846450806,1.5444937944412231,2.1379213333129883,2.1883673667907715,1.8566964864730835,1.8776196241378784,1.626404047012329,1.594535231590271,1.4319157600402832,1.3565280437469482,1.3860927820205688,1.3566415309906006,1.4496464729309082,1.3680528402328491,1.601464867591858,1.6349785327911377,1.9435551166534424,2.431201219558716,2.5351648330688477,2.2711095809936523,2.353027105331421,2.2282321453094482,2.291384220123291,2.2083632946014404,2.1614115238189697,2.3157999515533447,2.2349555492401123,2.154848098754883,2.50378680229187,2.5724093914031982,2.9311330318450928,3.061817169189453
B10,2.7608237266540527,2.476435422897339,2.213252544403076,1.9409050941467285,1.7375787496566772,1.4297505617141724,1.2672905921936035,1.0252296924591064,0.9183513522148132,0.7201541066169739,0.9714075922966003,1.2387710809707642,1.3972009420394897,1.5880208015441895,1.9178268909454346,2.476201295852661,2.365506649017334,1.9841179847717285,1.8133976459503174,1.4590650796890259,1.2043802738189697,0.9064315557479858,0.5774580240249634,0.38595256209373474,0.0,0.3784005343914032,0.6510981321334839,0.9851075410842896,1.2546708583831787,1.6379231214523315,2.4161221981048584,2.3858072757720947,1.9965393543243408,1.9186186790466309,1.556189775466919,1.3842428922653198,1.0896341800689697,0.8463494181632996,0.7263729572296143,0.5989101529121399,0.619308590888977,0.699106752872467,0.9968209862709045,1.232720136642456,1.6107412576675415,2.493326187133789,2.5274362564086914,2.177865982055664,2.1663010120391846,1.8820043802261353,1.7868629693984985,1.5900052785873413,1.4216148853302002,1.4165215492248535,1.2795038223266602,1.3500189781188965,1.344873070716858,1.5372400283813477,1.6421293020248413,1.9377613067626953,2.738286256790161,2.838083505630493,2.547391653060913,2.6148641109466553,2.4458746910095215,2.4786181449890137,2.3452999591827393,2.2625906467437744,2.359984874725342,2.246037483215332,2.1126363277435303,2.4548847675323486,2.4736318588256836,2.834871530532837,2.9221487045288086
B11,2.932769536972046,2.6808245182037354,2.3891384601593018,2.156301259994507,1.9065523147583008,1.6284172534942627,1.3887327909469604,1.1565046310424805,0.9241724014282227,0.7398817539215088,0.8393816351890564,1.0898711681365967,1.1508562564849854,1.3807059526443481,1.6753876209259033,2.614187002182007,2.5509886741638184,2.164677619934082,2.04945707321167,1.6768056154251099,1.48249089717865,1.136949896812439,0.8778082728385925,0.5589717626571655,0.3784005343914032,0.0,0.37348946928977966,0.6324613690376282,0.9513035416603088,1.3217334747314453,2.5338900089263916,2.5555546283721924,2.174657106399536,2.1542720794677734,1.7906750440597534,1.6768912076950073,1.3505476713180542,1.1588466167449951,0.9457444548606873,0.8296294808387756,0.6534938812255859,0.609835147857666,0.7726158499717712,0.9842402338981628,1.328403115272522,2.6007771492004395,2.6868736743927,2.355297327041626,2.397132635116577,2.1176366806030273,2.069378137588501,1.844297170639038,1.7046419382095337,1.6349364519119263,1.499204397201538,1.4770455360412598,1.4084938764572144,1.5159796476364136,1.564850091934204,1.8033151626586914,2.8493638038635254,2.993701457977295,2.7268991470336914,2.8379878997802734,2.682499885559082,2.7556283473968506,2.622408390045166,2.5752265453338623,2.6667838096618652,2.580587148666382,2.429560661315918,2.7568068504333496,2.782604217529297,3.13142466545105,3.203871726989746
B12,2.7754852771759033,2.559467077255249,2.249878406524658,2.0683140754699707,1.7859574556350708,1.5649149417877197,1.2643579244613647,1.10694420337677,0.7944231033325195,0.7611151337623596,0.7733819484710693,0.90096116065979,0.9078921675682068,1.0797803401947021,1.3479539155960083,2.421287775039673,2.406473159790039,2.0230486392974854,1.9723759889602661,1.5923810005187988,1.480846881866455,1.1049987077713013,0.9596070051193237,0.600185751914978,0.6510981321334839,0.37348946928977966,0.0,0.3930111527442932,0.6126622557640076,0.9988212585449219,2.3412604331970215,2.41322922706604,2.050787925720215,2.093397617340088,1.7496318817138672,1.7165085077285767,1.3917808532714844,1.2997976541519165,1.0819226503372192,1.0874227285385132,0.8920088410377502,0.6791850924491882,0.7885855436325073,0.8410665988922119,1.1529028415679932,2.431748628616333,2.562347412109375,2.2642219066619873,2.3581435680389404,2.1153130531311035,2.1333651542663574,1.9278581142425537,1.8608770370483398,1.7952452898025513,1.7290667295455933,1.6953887939453125,1.5501269102096558,1.650170922279358,1.6099587678909302,1.8218060731887817,2.729832410812378,2.900303602218628,2.673142671585083,2.814527750015259,2.7039804458618164,2.8148741722106934,2.721971273422241,2.7108840942382812,2.841883897781372,2.783557415008545,2.66435170173645,2.9944305419921875,3.0537431240081787,3.4002199172973633,3.4974005222320557
B13,3.076078176498413,2.885223865509033,2.5682082176208496,2.417034387588501,2.1192564964294434,1.924670934677124,1.598946213722229,1.4576442241668701,1.1089290380477905,1.0784082412719727,0.9695796370506287,1.046465516090393,0.8966811895370483,1.0942115783691406,1.2675089836120605,2.684239625930786,2.7015950679779053,2.328324317932129,2.31259822845459,1.9361176490783691,1.8545328378677368,1.4735140800476074,1.3468788862228394,0.9755918383598328,0.9851075410842896,0.6324613690376282,0.3930111527442932,0.0,0.3898577094078064,0.7105502486228943,2.5625250339508057,2.6722466945648193,2.325381278991699,2.405043363571167,2.0631489753723145,2.0569379329681396,1.7126904726028442,1.629937767982483,1.3565375804901123,1.3413002490997314,1.0553876161575317,0.8039908409118652,0.7052832841873169,0.6719512939453125,0.8806623816490173,2.6158077716827393,2.7874622344970703,2.505950689315796,2.638343572616577,2.3917105197906494,2.4348411560058594,2.1977763175964355,2.1387736797332764,2.014763116836548,1.9405728578567505,1.8317352533340454,1.6468994617462158,1.6574392318725586,1.5646113157272339,1.6967965364456177,2.8829102516174316,3.093838691711426,2.885521650314331,3.0644330978393555,2.9543676376342773,3.096827745437622,2.9915595054626465,3.009758234024048,3.122018814086914,3.0890004634857178,2.9456686973571777,3.256793975830078,3.3204874992370605,3.651554822921753,3.7322874069213867
