,A1,A2,A3,A4,A5,A6,A7,A8,A9,A10,A11,A12,A13,A14,A15,B1,B2,B3,B4,B5,B6,B7,B8,B9,B10,B11,B12,B13,B14,B15,C1,C2,C3,C4,C5,C6,C7,C8,C9,C10,C11,C12,C13,C14,C15,D1,D2,D3,D4,D5,D6,D7,D8,D9,D10,D11,D12,D13,D14,D15,E1,E2,E3,E4,E5,E6,E7,E8,E9,E10,E11,E12,E13,E14,E15
A1,0.0,0.38385140895843506,0.5696556568145752,0.9246000051498413,1.1266332864761353,1.4937665462493896,1.709735631942749,2.0828051567077637,2.29911208152771,2.6766018867492676,2.8947432041168213,2.729573965072632,3.033215284347534,2.91513729095459,3.1631572246551514,0.7202116847038269,0.7988047003746033,0.8741881847381592,1.1457000970840454,1.3216331005096436,1.658015251159668,1.871885061264038,2.2275538444519043,2.4442059993743896,2.8102736473083496,3.0605056285858154,2.9199838638305664,3.2168002128601074,3.1261541843414307,3.385026454925537,1.3237147331237793,1.3722553253173828,1.371742606163025,1.555181860923767,1.6785825490951538,1.963929295539856,2.1437900066375732,2.4555728435516357,2.6663262844085693,2.9926791191101074,3.2475032806396484,3.1301982402801514,3.4255764484405518,3.3591113090515137,3.6306400299072266,1.8971856832504272,1.9207624197006226,1.91082763671875,2.017026901245117,2.1233558654785156,2.3393852710723877,2.50693416595459,2.748363971710205,2.9540507793426514,3.223562479019165,3.471400260925293,3.4039146900177,3.7058403491973877,3.685976028442383,3.952500343322754,2.507779836654663,2.517334222793579,2.5373544692993164,2.5673463344573975,2.6896705627441406,2.823521375656128,2.982726812362671,3.1256139278411865,3.3268158435821533,3.481379270553589,3.7011303901672363,3.7678627967834473,4.096704483032227,4.209315299987793,4.501406669616699
A2,0.38385140895843506,0.0,0.3983760178089142,0.6329150199890137,0.9290183186531067,1.2546532154083252,1.5295240879058838,1.878182053565979,2.135197639465332,2.492737293243408,2.7417125701904297,2.616610527038574,2.945908784866333,2.869887113571167,3.1469132900238037,0.7785212397575378,0.6693883538246155,0.6786966919898987,0.8428287506103516,1.068250060081482,1.3694244623184204,1.6331570148468018,1.9740248918533325,2.2303435802459717,2.586369276046753,2.8665385246276855,2.7616357803344727,3.0864338874816895,3.0346484184265137,3.32252836227417,1.286926031112671,1.2371654510498047,1.186862587928772,1.2854008674621582,1.4240407943725586,1.6704593896865845,1.8840821981430054,2.1790990829467773,2.423999071121216,2.741041898727417,3.024315118789673,2.939152479171753,3.2613019943237305,3.2306265830993652,3.5294742584228516,1.817867636680603,1.7792954444885254,1.7286055088043213,1.7690168619155884,1.8768224716186523,2.0532333850860596,2.2415266036987305,2.4625141620635986,2.694145917892456,2.9519875049591064,3.2250659465789795,3.1871135234832764,3.5122194290161133,3.52441143989563,3.816734552383423,2.3961181640625,2.3655102252960205,2.350790500640869,2.3312554359436035,2.4468681812286377,2.5431511402130127,2.711050510406494,2.829867124557495,3.0475847721099854,3.185356855392456,3.424346923828125,3.5166940689086914,3.8556101322174072,3.994048833847046,4.297253131866455
A3,0.5696556568145752,0.3983760178089142,0.0,0.38713064789772034,0.5649095773696899,0.9256012439727783,1.1651848554611206,1.5281814336776733,1.770729660987854,2.1379036903381348,2.3833460807800293,2.256868362426758,2.590235471725464,2.5252954959869385,2.816882371902466,0.8596301078796387,0.8247144818305969,0.6277979016304016,0.7832598090171814,0.8569151163101196,1.1544575691223145,1.3580392599105835,1.693313717842102,1.924178123474121,2.2765302658081055,2.54726505279541,2.4417355060577393,2.764500379562378,2.722087860107422,3.0196239948272705,1.3542389869689941,1.3575479984283447,1.1950269937515259,1.294298529624939,1.3184634447097778,1.545132040977478,1.6914056539535522,1.9663426876068115,2.176900625228882,2.4795401096343994,2.7466189861297607,2.662964105606079,2.977400779724121,2.9549920558929443,3.256736993789673,1.8826186656951904,1.8888599872589111,1.7620677947998047,1.8090201616287231,1.8330607414245605,1.9875085353851318,2.1142566204071045,2.308467388153076,2.5016839504241943,2.738945722579956,2.9897654056549072,2.9555037021636963,3.2674763202667236,3.2884159088134766,3.5760457515716553,2.458519697189331,2.468892812728882,2.3993821144104004,2.391512632369995,2.444284439086914,2.5252978801727295,2.639148712158203,2.7326443195343018,2.9100587368011475,3.0258100032806396,3.2353246212005615,3.329627513885498,3.649489164352417,3.788831949234009,4.073437213897705
A4,0.9246000051498413,0.6329150199890137,0.38713064789772034,0.0,0.38309699296951294,0.633834719657898,0.954427182674408,1.2730337381362915,1.5641144514083862,1.9011465311050415,2.1822688579559326,2.1079983711242676,2.467151641845703,2.455728530883789,2.7775871753692627,1.0944557189941406,0.9460197687149048,0.6557021737098694,0.5953555107116699,0.6319786906242371,0.8412383794784546,1.0902379751205444,1.3939603567123413,1.6684876680374146,2.001981258392334,2.305954933166504,2.246358871459961,2.597931146621704,2.6046512126922607,2.9329259395599365,1.4573158025741577,1.384674310684204,1.1481252908706665,1.1330360174179077,1.1185240745544434,1.2676520347595215,1.4257540702819824,1.6633164882659912,1.9038662910461426,2.186079978942871,2.481853723526001,2.439413547515869,2.7802064418792725,2.802494764328003,3.1322152614593506,1.9116839170455933,1.8697576522827148,1.6828727722167969,1.6554909944534302,1.6465215682983398,1.736754059791565,1.8614354133605957,2.015207052230835,2.224518299102783,2.4374170303344727,2.7101597785949707,2.7133243083953857,3.0458576679229736,3.1063992977142334,3.41890549659729,2.4337337017059326,2.4153709411621094,2.2953171730041504,2.237967014312744,2.259749174118042,2.2898285388946533,2.391925573348999,2.445629835128784,2.6264901161193848,2.7128825187683105,2.934171438217163,3.0592868328094482,3.382906913757324,3.5515096187591553,3.8413941860198975
A5,1.1266332864761353,0.9290183186531067,0.5649095773696899,0.38309699296951294,0.0,0.3826098144054413,0.6093360185623169,0.9647464156150818,1.223372220993042,1.5814043283462524,1.8473060131072998,1.7596031427383423,2.11800217628479,2.1108648777008057,2.442136526107788,1.2218033075332642,1.1624482870101929,0.8006192445755005,0.7817410826683044,0.6003533601760864,0.7774131894111633,0.892768144607544,1.1877957582473755,1.408937931060791,1.7424027919769287,2.022757053375244,1.94986891746521,2.291067600250244,2.2984840869903564,2.6296677589416504,1.5583841800689697,1.5547525882720947,1.2578331232070923,1.276499629020691,1.1420857906341553,1.2736982107162476,1.3271293640136719,1.540461778640747,1.7200119495391846,1.987828254699707,2.251439094543457,2.198246717453003,2.520662546157837,2.5413854122161865,2.8657944202423096,1.9987435340881348,2.013806104660034,1.7793928384780884,1.783420205116272,1.6937259435653687,1.7748526334762573,1.8204115629196167,1.9505770206451416,2.101842164993286,2.2956745624542236,2.5308282375335693,2.525505781173706,2.8339459896087646,2.8927621841430664,3.191476821899414,2.5123419761657715,2.5433664321899414,2.3867859840393066,2.359800100326538,2.323683977127075,2.3540148735046387,2.39572811126709,2.433973550796509,2.5624353885650635,2.6337780952453613,2.813093662261963,2.9271140098571777,3.225043773651123,3.3834216594696045,3.649679183959961
A6,1.4937665462493896,1.2546532154083252,0.9256012439727783,0.633834719657898,0.3826098144054413,0.0,0.3858386278152466,0.6454377770423889,0.9645688533782959,1.2806227207183838,1.5873254537582397,1.5662224292755127,1.9481137990951538,2.007269859313965,2.3675520420074463,1.5374668836593628,1.4302780628204346,1.0465675592422485,0.8982986211776733,0.6305814385414124,0.5955178141593933,0.6587751507759094,0.8705293536186218,1.1222683191299438,1.422041893005371,1.734394907951355,1.7177350521087646,2.084470748901367,2.1512389183044434,2.511817455291748,1.7764265537261963,1.733134150505066,1.3878728151321411,1.3181543350219727,1.111893892288208,1.1278594732284546,1.132305383682251,1.2672661542892456,1.4486017227172852,1.6754815578460693,1.958287000656128,1.9537649154663086,2.2955737113952637,2.3682456016540527,2.7169642448425293,2.139073133468628,2.129051446914673,1.8409725427627563,1.7873790264129639,1.6402219533920288,1.643428087234497,1.647613286972046,1.7117713689804077,1.8504019975662231,2.0003881454467773,2.242372512817383,2.279278039932251,2.5978193283081055,2.7009286880493164,3.018167018890381,2.588843584060669,2.6081042289733887,2.399536609649658,2.3370444774627686,2.2512457370758057,2.228100299835205,2.2311956882476807,2.216813325881958,2.323329210281372,2.351608991622925,2.523792028427124,2.6684632301330566,2.9570579528808594,3.1433839797973633,3.4039340019226074
A7,1.709735631942749,1.5295240879058838,1.1651848554611206,0.954427182674408,0.6093360185623169,0.3858386278152466,0.0,0.3857942521572113,0.6157498955726624,0.9749740958213806,1.2452671527862549,1.1961584091186523,1.5754765272140503,1.6380079984664917,2.005533456802368,1.6759326457977295,1.6358788013458252,1.2365590333938599,1.1509547233581543,0.7986391186714172,0.7541487812995911,0.5958362817764282,0.759972095489502,0.8896212577819824,1.1910537481307983,1.4544916152954102,1.4072179794311523,1.7552783489227295,1.8168752193450928,2.1763384342193604,1.8741830587387085,1.8928853273391724,1.5237679481506348,1.502745509147644,1.2190914154052734,1.2355378866195679,1.118542194366455,1.2240488529205322,1.3044298887252808,1.5149188041687012,1.740666389465332,1.7090740203857422,2.019814968109131,2.081998348236084,2.418700933456421,2.209047555923462,2.2549328804016113,1.9410834312438965,1.9310059547424316,1.7211881875991821,1.7317272424697876,1.6524412631988525,1.7012839317321777,1.7615363597869873,1.8958336114883423,2.0804665088653564,2.0932650566101074,2.375129222869873,2.465888023376465,2.7612497806549072,2.6400043964385986,2.7095859050750732,2.477786064147949,2.4558284282684326,2.3216636180877686,2.3130156993865967,2.2566399574279785,2.2403829097747803,2.285832166671753,2.3103621006011963,2.427945852279663,2.5449178218841553,2.800980806350708,2.9646666049957275,3.1974315643310547
A8,2.0828051567077637,1.878182053565979,1.5281814336776733,1.2730337381362915,0.9647464156150818,0.6454377770423889,0.3857942521572113,0.0,0.37093445658683777,0.6373615860939026,0.9673112034797668,1.02411687374115,1.41853666305542,1.5695632696151733,1.9583653211593628,2.028364419937134,1.9604523181915283,1.5594731569290161,1.4120063781738281,1.0533947944641113,0.8728271722793579,0.6275715231895447,0.5676130652427673,0.6504612565040588,0.8673930764198303,1.1579005718231201,1.1909186840057373,1.5575685501098633,1.696285367012024,2.0799825191497803,2.1636736392974854,2.1571154594421387,1.768349289894104,1.6902375221252441,1.3681365251541138,1.2815673351287842,1.0947747230529785,1.0755107402801514,1.1077176332473755,1.2363237142562866,1.4610084295272827,1.4914549589157104,1.8095842599868774,1.9349395036697388,2.2895455360412598,2.431948184967041,2.461611032485962,2.113793134689331,2.062098503112793,1.8053183555603027,1.7432714700698853,1.6071038246154785,1.5724126100540161,1.5885454416275024,1.6538591384887695,1.8227593898773193,1.8836666345596313,2.160979986190796,2.3016598224639893,2.6077349185943604,2.7983269691467285,2.86202335357666,2.588512420654297,2.5412843227386475,2.358564615249634,2.301088571548462,2.1950647830963135,2.1216723918914795,2.1243748664855957,2.095033645629883,2.184487819671631,2.329420804977417,2.560609817504883,2.7499825954437256,2.9657068252563477
A9,2.29911208152771,2.135197639465332,1.770729660987854,1.5641144514083862,1.223372220993042,0.9645688533782959,0.6157498955726624,0.37093445658683777,0.0,0.39397621154785156,0.6354608535766602,0.6617879867553711,1.0549687147140503,1.2257460355758667,1.6196759939193726,2.1847801208496094,2.1654491424560547,1.7662851810455322,1.667703628540039,1.2838289737701416,1.1390923261642456,0.8092876076698303,0.7146369814872742,0.5776865482330322,0.7467328310012817,0.927647054195404,0.913629949092865,1.2454959154129028,1.382738709449768,1.761358618736267,2.2835302352905273,2.325613260269165,1.933484435081482,1.8995378017425537,1.5434972047805786,1.476732850074768,1.2134392261505127,1.176358938217163,1.0850600004196167,1.1815450191497803,1.3099586963653564,1.2993134260177612,1.5645643472671509,1.6750916242599487,2.0092315673828125,2.5217201709747314,2.5981242656707764,2.241529941558838,2.231510877609253,1.9374747276306152,1.8932640552520752,1.6934765577316284,1.6545995473861694,1.5870591402053833,1.636572241783142,1.7270451784133911,1.751465082168579,1.9750607013702393,2.095899820327759,2.3706865310668945,2.8642404079437256,2.9718093872070312,2.6868741512298584,2.6796457767486572,2.462975263595581,2.4265780448913574,2.2725045680999756,2.2074475288391113,2.1507160663604736,2.1259727478027344,2.153181552886963,2.257500171661377,2.447524070739746,2.6042041778564453,2.786173105239868
A10,2.6766018867492676,2.492737293243408,2.1379036903381348,1.9011465311050415,1.5814043283462524,1.2806227207183838,0.9749740958213806,0.6373615860939026,0.39397621154785156,0.0,0.3907199800014496,0.6398355960845947,0.9858314990997314,1.2655622959136963,1.6522066593170166,2.5483312606811523,2.506319999694824,2.1083900928497314,1.9697442054748535,1.592936396598816,1.3817116022109985,1.0461809635162354,0.808675229549408,0.5857912302017212,0.5148434638977051,0.6594381928443909,0.7802504301071167,1.0988032817840576,1.33672297000885,1.72183358669281,2.600803852081299,2.621616840362549,2.2218971252441406,2.147308826446533,1.7778109312057495,1.6410330533981323,1.341645359992981,1.1929515600204468,1.0312703847885132,0.994687020778656,1.0754770040512085,1.1456916332244873,1.3923327922821045,1.579991102218628,1.9193707704544067,2.7827999591827393,2.844566822052002,2.467855453491211,2.425544500350952,2.102107048034668,1.9999841451644897,1.754757046699524,1.6368528604507446,1.5111240148544312,1.4719332456588745,1.516993522644043,1.593766212463379,1.791837215423584,1.9679440259933472,2.2435224056243896,3.063546657562256,3.1653223037719727,2.8490021228790283,2.8218722343444824,2.565579891204834,2.4876315593719482,2.2869205474853516,2.1691620349884033,2.060600519180298,1.97871994972229,1.959139108657837,2.0846750736236572,2.2323544025421143,2.410724401473999,2.5639524459838867
A11,2.8947432041168213,2.7417125701904297,2.3833460807800293,2.1822688579559326,1.8473060131072998,1.5873254537582397,1.2452671527862549,0.9673112034797668,0.6354608535766602,0.3907199800014496,0.0,0.37629997730255127,0.6300833225250244,0.9616542458534241,1.3277907371520996,2.7028865814208984,2.6980178356170654,2.3094146251678467,2.2098984718322754,1.822424054145813,1.646928310394287,1.2779439687728882,1.071876883506775,0.7455321550369263,0.634202241897583,0.518333911895752,0.5476599931716919,0.7670404314994812,1.0175586938858032,1.3841503858566284,2.7109711170196533,2.771690845489502,2.377653121948242,2.342367649078369,1.9561285972595215,1.8469340801239014,1.5061310529708862,1.3703901767730713,1.1138955354690552,1.0586235523223877,0.9942069053649902,0.9918003678321838,1.140316128730774,1.305073857307434,1.6090363264083862,2.854334592819214,2.9571220874786377,2.5803215503692627,2.5782127380371094,2.231128692626953,2.1542558670043945,1.863897681236267,1.7591632604599,1.5594892501831055,1.5185699462890625,1.4660701751708984,1.482722282409668,1.601349949836731,1.7436158657073975,1.9740177392959595,3.102053165435791,3.244432210922241,2.9232850074768066,2.937105178833008,2.6554017066955566,2.6049365997314453,2.3658599853515625,2.2691657543182373,2.1070539951324463,2.04565167427063,1.9606865644454956,2.0254154205322266,2.122880458831787,2.2517011165618896,2.364114761352539
A12,2.729573965072632,2.616610527038574,2.256868362426758,2.1079983711242676,1.7596031427383423,1.5662224292755127,1.1961584091186523,1.02411687374115,0.6617879867553711,0.6398355960845947,0.37629997730255127,0.0,0.39442941546440125,0.6257412433624268,1.0138710737228394,2.496213436126709,2.5375335216522217,2.1623358726501465,2.123269557952881,1.7323540449142456,1.6310346126556396,1.2526938915252686,1.1537694931030273,0.8227325081825256,0.8685850501060486,0.7363386154174805,0.5407326221466064,0.695573627948761,0.7991750240325928,1.153383731842041,2.501707077026367,2.6100013256073,2.2306911945343018,2.256659746170044,1.8729428052902222,1.836256742477417,1.4964444637298584,1.4519518613815308,1.1962809562683105,1.2468271255493164,1.1682759523391724,1.0396755933761597,1.1468631029129028,1.1950998306274414,1.466720461845398,2.65793514251709,2.8039088249206543,2.445675849914551,2.499671459197998,2.161015033721924,2.1488921642303467,1.8658037185668945,1.8351821899414062,1.6415135860443115,1.6800998449325562,1.6218039989471436,1.5514672994613647,1.6493289470672607,1.7061705589294434,1.9041839838027954,2.931429147720337,3.1087646484375,2.811718702316284,2.872023105621338,2.6066625118255615,2.6106626987457275,2.386484384536743,2.34928297996521,2.200592041015625,2.203007698059082,2.1259055137634277,2.1356353759765625,2.2467453479766846,2.3229920864105225,2.44101619720459
A13,3.033215284347534,2.945908784866333,2.590235471725464,2.467151641845703,2.11800217628479,1.9481137990951538,1.5754765272140503,1.41853666305542,1.0549687147140503,0.9858314990997314,0.6300833225250244,0.39442941546440125,0.0,0.38900884985923767,0.7099190354347229,2.7567362785339355,2.8273820877075195,2.4689931869506836,2.4566280841827393,2.070747137069702,1.9879671335220337,1.607038140296936,1.5107052326202393,1.1563054323196411,1.148619294166565,0.8938177227973938,0.64919513463974,0.5463749170303345,0.5809865593910217,0.858534038066864,2.7243282794952393,2.863816499710083,2.4993386268615723,2.552299737930298,2.167732000350952,2.144995927810669,1.789817452430725,1.743449330329895,1.440407395362854,1.4598963260650635,1.2788180112838745,1.098191261291504,1.0613080263137817,1.049064040184021,1.2348334789276123,2.840151309967041,3.019338369369507,2.6693456172943115,2.753222942352295,2.4035348892211914,2.406519889831543,2.095985174179077,2.0688791275024414,1.824343204498291,1.8508527278900146,1.7126659154891968,1.592469334602356,1.5931874513626099,1.5998084545135498,1.7235766649246216,3.073935031890869,3.2855851650238037,2.9890620708465576,3.0828542709350586,2.799281120300293,2.823066234588623,2.5694782733917236,2.5458781719207764,2.3538315296173096,2.3672759532928467,2.234874963760376,2.1908457279205322,2.244992733001709,2.266024112701416,2.3322558403015137
A14,2.91513729095459,2.869887113571167,2.5252954959869385,2.455728530883789,2.1108648777008057,2.007269859313965,1.6380079984664917,1.5695632696151733,1.2257460355758667,1.2655622959136963,0.9616542458534241,0.6257412433624268,0.38900884985923767,0.0,0.3957032263278961,2.597625732421875,2.7145586013793945,2.3830437660217285,2.429729461669922,2.0584213733673096,2.0447161197662354,1.6797370910644531,1.6687716245651245,1.340345025062561,1.42465078830719,1.2025724649429321,0.8833707571029663,0.7588315606117249,0.5600137114524841,0.7287496328353882,2.558094024658203,2.744788646697998,2.4077935218811035,2.519723415374756,2.1529364585876465,2.1969072818756104,1.8605622053146362,1.8904646635055542,1.608855962753296,1.705324649810791,1.540089726448059,1.2870326042175293,1.2289410829544067,1.089388132095337,1.2071093320846558,2.6806416511535645,2.902348041534424,2.5813348293304443,2.719482898712158,2.3891708850860596,2.452982187271118,2.161465883255005,2.200317144393921,1.974581003189087,2.0662379264831543,1.9389472007751465,1.756089448928833,1.746540904045105,1.6671282052993774,1.749335527420044,2.9344019889831543,3.1795356273651123,2.9144608974456787,3.0533971786499023,2.793006181716919,2.8686702251434326,2.6369152069091797,2.668271541595459,2.4966495037078857,2.5649614334106445,2.4488413333892822,2.3629512786865234,2.4344828128814697,2.4097864627838135,2.4852569103240967
A15,3.1631572246551514,3.1469132900238037,2.816882371902466,2.7775871753692627,2.442136526107788,2.3675520420074463,2.005533456802368,1.9583653211593628,1.6196759939193726,1.6522066593170166,1.3277907371520996,1.0138710737228394,0.7099190354347229,0.3957032263278961,0.0,2.8002126216888428,2.9476711750030518,2.6446166038513184,2.72261643409729,2.3670670986175537,2.3796005249023438,2.023461103439331,2.0294671058654785,1.6985713243484497,1.7746727466583252,1.5141788721084595,1.1843886375427246,0.9554758667945862,0.655700147151947,0.5769050717353821,2.7227017879486084,2.9421136379241943,2.6329598426818848,2.7774078845977783,2.423353910446167,2.4920434951782227,2.158217430114746,2.2047841548919678,1.908595085144043,2.005985975265503,1.796255111694336,1.5072754621505737,1.3587234020233154,1.1331901550292969,1.1166518926620483,2.806602954864502,3.0629281997680664,2.7647430896759033,2.938652992248535,2.6131975650787354,2.7040469646453857,2.405979633331299,2.4660065174102783,2.2194244861602783,2.3222811222076416,2.153536319732666,1.9235308170318604,1.8443611860275269,1.693006157875061,1.6874496936798096,3.025150775909424,3.3047103881835938,3.0556557178497314,3.2331504821777344,2.971284866333008,3.0775492191314697,2.836190700531006,2.8955066204071045,2.704580068588257,2.798921823501587,2.6547253131866455,2.5181972980499268,2.5553836822509766,2.4714467525482178,2.510735273361206
B1,0.7202116847038269,0.7785212397575378,0.8596301078796387,1.0944557189941406,1.2218033075332642,1.5374668836593628,1.6759326457977295,2.028364419937134,2.1847801208496094,2.5483312606811523,2.7028865814208984,2.496213436126709,2.7567362785339355,2.597625732421875,2.8002126216888428,0.0,0.3936549723148346,0.5688526034355164,0.9471330642700195,1.1062864065170288,1.480954885482788,1.6506448984146118,2.033494710922241,2.2027342319488525,2.590219259262085,2.791177749633789,2.5987956523895264,2.861208915710449,2.723900079727173,2.9453208446502686,0.6229228973388672,0.7888191342353821,0.8307796716690063,1.14882493019104,1.2726993560791016,1.6335296630859375,1.792394757270813,2.1562092304229736,2.33351469039917,2.7002999782562256,2.9173083305358887,2.742621898651123,3.0101678371429443,2.8949451446533203,3.138375759124756,1.2094554901123047,1.307692289352417,1.314955472946167,1.522611379623413,1.6238229274749756,1.9175999164581299,2.0696287155151367,2.372786045074463,2.556243419647217,2.875814437866211,3.0954270362854004,2.9673101902008057,3.248596668243408,3.1777138710021973,3.4240565299987793,1.8334342241287231,1.898339867591858,1.9295108318328857,2.0347280502319336,2.151503086090088,2.3536269664764404,2.503114700317383,2.709268808364868,2.8965253829956055,3.112434148788452,3.314931869506836,3.3209784030914307,3.649465560913086,3.7159929275512695,4.013262748718262
B2,0.7988047003746033,0.6693883538246155,0.8247144818305969,0.9460197687149048,1.1624482870101929,1.4302780628204346,1.6358788013458252,1.9604523181915283,2.1654491424560547,2.506319999694824,2.6980178356170654,2.5375335216522217,2.8273820877075195,2.7145586013793945,2.9476711750030518,0.3936549723148346,0.0,0.4017287790775299,0.671848475933075,0.9457003474235535,1.2854361534118652,1.528873324394226,1.8978772163391113,2.119523048400879,2.4969117641448975,2.735389471054077,2.584977149963379,2.8808348178863525,2.787325859069824,3.040100336074829,0.6412013173103333,0.5814610123634338,0.6228448152542114,0.8497509360313416,1.057722806930542,1.3915379047393799,1.618040680885315,1.9731497764587402,2.2020742893218994,2.5636916160583496,2.8190340995788574,2.681759834289551,2.983478546142578,2.9087586402893066,3.183417797088623,1.1521953344345093,1.131673812866211,1.12290358543396,1.2480541467666626,1.3959707021713257,1.6598986387252808,1.8647783994674683,2.158379316329956,2.3873398303985596,2.702113389968872,2.959014892578125,2.8643429279327393,3.1778366565704346,3.1425724029541016,3.4208829402923584,1.7365587949752808,1.7270742654800415,1.7407516241073608,1.7800551652908325,1.920162320137024,2.0881526470184326,2.2728099822998047,2.463944911956787,2.6872427463531494,2.893476963043213,3.12922739982605,3.1645331382751465,3.5122873783111572,3.609160900115967,3.9257867336273193
B3,0.8741881847381592,0.6786966919898987,0.6277979016304016,0.6557021737098694,0.8006192445755005,1.0465675592422485,1.2365590333938599,1.5594731569290161,1.7662851810455322,2.1083900928497314,2.3094146251678467,2.1623358726501465,2.4689931869506836,2.3830437660217285,2.6446166038513184,0.5688526034355164,0.4017287790775299,0.0,0.3941178619861603,0.5641688108444214,0.9271735548973083,1.1480985879898071,1.521525263786316,1.741093397140503,2.118593454360962,2.363999366760254,2.225907325744629,2.536409616470337,2.468017101287842,2.7466373443603516,0.8021119832992554,0.7723879814147949,0.5690439343452454,0.7416096329689026,0.8102541565895081,1.1273773908615112,1.3085217475891113,1.6507811546325684,1.867592215538025,2.219292402267456,2.475938320159912,2.3525750637054443,2.6638236045837402,2.613081932067871,2.9070537090301514,1.2753640413284302,1.2790647745132446,1.1381951570510864,1.2262300252914429,1.2669435739517212,1.4877631664276123,1.6386942863464355,1.900063395500183,2.1066410541534424,2.4003429412841797,2.650869131088257,2.5731465816497803,2.8888161182403564,2.877926826477051,3.1667675971984863,1.8346164226531982,1.8520326614379883,1.7790409326553345,1.8005561828613281,1.8619195222854614,1.9900926351547241,2.1204185485839844,2.2717337608337402,2.4636054039001465,2.639676570892334,2.8575901985168457,2.9091856479644775,3.2459115982055664,3.358039379119873,3.6631011962890625
B4,1.1457000970840454,0.8428287506103516,0.7832598090171814,0.5953555107116699,0.7817410826683044,0.8982986211776733,1.1509547233581543,1.4120063781738281,1.667703628540039,1.9697442054748535,2.2098984718322754,2.123269557952881,2.4566280841827393,2.429729461669922,2.72261643409729,0.9471330642700195,0.671848475933075,0.3941178619861603,0.0,0.3923482894897461,0.6449680924415588,0.9582085609436035,1.2939850091934204,1.5721896886825562,1.9258238077163696,2.2117297649383545,2.129502296447754,2.4731390476226807,2.461669445037842,2.773503065109253,1.0501395463943481,0.8887810707092285,0.6109911799430847,0.5387015342712402,0.605141818523407,0.8305727243423462,1.0747884511947632,1.384442687034607,1.6555218696594238,1.9879837036132812,2.2851102352142334,2.2127606868743896,2.5580668449401855,2.5607829093933105,2.887193202972412,1.396721363067627,1.3112620115280151,1.1030428409576416,1.0620094537734985,1.0847411155700684,1.2227522134780884,1.4026395082473755,1.6252186298370361,1.8712265491485596,2.14335560798645,2.4301416873931885,2.398966073989868,2.744856119155884,2.781989336013794,3.10249924659729,1.8710498809814453,1.8326596021652222,1.7040514945983887,1.6460144519805908,1.68520188331604,1.7465462684631348,1.8829883337020874,1.9912444353103638,2.2050952911376953,2.352191686630249,2.5967185497283936,2.6879773139953613,3.0365099906921387,3.186249017715454,3.502962112426758
B5,1.3216331005096436,1.068250060081482,0.8569151163101196,0.6319786906242371,0.6003533601760864,0.6305814385414124,0.7986391186714172,1.0533947944641113,1.2838289737701416,1.592936396598816,1.822424054145813,1.7323540449142456,2.070747137069702,2.0584213733673096,2.3670670986175537,1.1062864065170288,0.9457003474235535,0.5641688108444214,0.3923482894897461,0.0,0.3807956278324127,0.5982528328895569,0.9616903066635132,1.2096413373947144,1.5751432180404663,1.8491994142532349,1.7595467567443848,2.1058261394500732,2.1049718856811523,2.4306085109710693,1.1955475807189941,1.1269896030426025,0.7623451352119446,0.7252792716026306,0.5417766571044922,0.7246048450469971,0.835857093334198,1.1347599029541016,1.3574235439300537,1.6868177652359009,1.9640344381332397,1.885422706604004,2.2259466648101807,2.2365407943725586,2.5696027278900146,1.5163378715515137,1.500065803527832,1.2178581953048706,1.203568696975708,1.0934783220291138,1.1983230113983154,1.2706342935562134,1.4603526592254639,1.6481531858444214,1.9027491807937622,2.1598100662231445,2.1256370544433594,2.457573890686035,2.501997709274292,2.8187968730926514,1.968462586402893,1.9871546030044556,1.8012943267822266,1.7706427574157715,1.7241442203521729,1.770632266998291,1.8260067701339722,1.9049535989761353,2.0592775344848633,2.1846210956573486,2.3883776664733887,2.47514009475708,2.801607608795166,2.948436975479126,3.2448787689208984
B6,1.658015251159668,1.3694244623184204,1.1544575691223145,0.8412383794784546,0.7774131894111633,0.5955178141593933,0.7541487812995911,0.8728271722793579,1.1390923261642456,1.3817116022109985,1.646928310394287,1.6310346126556396,1.9879671335220337,2.0447161197662354,2.3796005249023438,1.480954885482788,1.2854361534118652,0.9271735548973083,0.6449680924415588,0.3807956278324127,0.0,0.3837554454803467,0.6581845283508301,0.9739024639129639,1.3011529445648193,1.6166281700134277,1.5952167510986328,1.9706662893295288,2.0370125770568848,2.3926382064819336,1.5107778310775757,1.3934047222137451,1.0153687000274658,0.8436712026596069,0.5856633186340332,0.532622218132019,0.6114180088043213,0.8240577578544617,1.0908499956130981,1.3852248191833496,1.70071280002594,1.6835143566131592,2.053752899169922,2.1268818378448486,2.4887022972106934,1.739646553993225,1.6819603443145752,1.3514989614486694,1.2447309494018555,1.068848967552185,1.0482174158096313,1.082521915435791,1.1889522075653076,1.3876078128814697,1.5997670888900757,1.8829867839813232,1.90333890914917,2.257521867752075,2.3569693565368652,2.6997838020324707,2.104438304901123,2.0969982147216797,1.8541364669799805,1.7665683031082153,1.6642500162124634,1.632874846458435,1.6501293182373047,1.6610770225524902,1.8047972917556763,1.882051944732666,2.0935871601104736,2.222761392593384,2.5484251976013184,2.733301877975464,3.030431032180786
B7,1.871885061264038,1.6331570148468018,1.3580392599105835,1.0902379751205444,0.892768144607544,0.6587751507759094,0.5958362817764282,0.6275715231895447,0.8092876076698303,1.0461809635162354,1.2779439687728882,1.2526938915252686,1.607038140296936,1.6797370910644531,2.023461103439331,1.6506448984146118,1.528873324394226,1.1480985879898071,0.9582085609436035,0.5982528328895569,0.3837554454803467,0.0,0.38373616337776184,0.6172412633895874,0.9769168496131897,1.2630057334899902,1.2205685377120972,1.5958900451660156,1.6712167263031006,2.036820888519287,1.6527354717254639,1.60732102394104,1.207403302192688,1.106128215789795,0.7544834613800049,0.688186526298523,0.5229986906051636,0.6803404092788696,0.8291797637939453,1.124101161956787,1.3966113328933716,1.357177495956421,1.7151356935501099,1.7905553579330444,2.154191732406616,1.8507113456726074,1.8571239709854126,1.496687412261963,1.441855549812317,1.180466651916504,1.1549301147460938,1.0570247173309326,1.125641107559204,1.2216646671295166,1.4145272970199585,1.6424044370651245,1.643489956855774,1.9713348150253296,2.068815231323242,2.4004292488098145,2.1878576278686523,2.2374250888824463,1.9630111455917358,1.920156478881836,1.751550316810608,1.728027105331421,1.6608097553253174,1.6565746068954468,1.7195371389389038,1.783689260482788,1.9330036640167236,2.0387067794799805,2.332634449005127,2.5011675357818604,2.772672653198242
B8,2.2275538444519043,1.9740248918533325,1.693313717842102,1.3939603567123413,1.1877957582473755,0.8705293536186218,0.759972095489502,0.5676130652427673,0.7146369814872742,0.808675229549408,1.071876883506775,1.1537694931030273,1.5107052326202393,1.6687716245651245,2.0294671058654785,2.033494710922241,1.8978772163391113,1.521525263786316,1.2939850091934204,0.9616903066635132,0.6581845283508301,0.38373616337776184,0.0,0.3755340874195099,0.6463909149169922,0.9877577424049377,1.0484598875045776,1.4454573392868042,1.607080101966858,1.9952878952026367,2.0131821632385254,1.9479289054870605,1.5488277673721313,1.3953546285629272,1.042496919631958,0.84634929895401,0.6010977029800415,0.5080910921096802,0.6075969338417053,0.8065748810768127,1.110397458076477,1.158427119255066,1.5360312461853027,1.6900570392608643,2.0741958618164062,2.1574902534484863,2.1457743644714355,1.7653357982635498,1.6621754169464111,1.3633064031600952,1.238269567489624,1.0689529180526733,1.0051287412643433,1.0468884706497192,1.1480025053024292,1.3748918771743774,1.4453332424163818,1.7782161235809326,1.940877914428711,2.2881088256835938,2.4260470867156982,2.465174913406372,2.1524813175201416,2.0765604972839355,1.8568320274353027,1.767328143119812,1.6398917436599731,1.5543885231018066,1.5654098987579346,1.5560131072998047,1.6792513132095337,1.828294277191162,2.0992321968078613,2.305060386657715,2.5611684322357178
B9,2.4442059993743896,2.2303435802459717,1.924178123474121,1.6684876680374146,1.408937931060791,1.1222683191299438,0.8896212577819824,0.6504612565040588,0.5776865482330322,0.5857912302017212,0.7455321550369263,0.8227325081825256,1.1563054323196411,1.340345025062561,1.6985713243484497,2.2027342319488525,2.119523048400879,1.741093397140503,1.5721896886825562,1.2096413373947144,0.9739024639129639,0.6172412633895874,0.3755340874195099,0.0,0.38929200172424316,0.6480103135108948,0.6758236289024353,1.0736947059631348,1.254282832145691,1.6484308242797852,2.1524949073791504,2.1415457725524902,1.7407901287078857,1.6435831785202026,1.2605674266815186,1.1073780059814453,0.7738372087478638,0.6548397541046143,0.5074223875999451,0.660673975944519,0.8528621792793274,0.8569419980049133,1.2071889638900757,1.3636701107025146,1.7437665462493896,2.2662458419799805,2.307210683822632,1.9192979335784912,1.8670494556427002,1.5284979343414307,1.4292010068893433,1.1755931377410889,1.10027015209198,1.0094116926193237,1.081518292427063,1.2051984071731567,1.234615683555603,1.5175005197525024,1.669399619102478,1.9951488971710205,2.506242036819458,2.5951550006866455,2.269530773162842,2.2406957149505615,1.9805386066436768,1.9158576726913452,1.725387454032898,1.6467654705047607,1.573939323425293,1.5650492906570435,1.604045033454895,1.7055151462554932,1.9293663501739502,2.1027591228485107,2.324845314025879
B10,2.8102736473083496,2.586369276046753,2.2765302658081055,2.001981258392334,1.7424027919769287,1.422041893005371,1.1910537481307983,0.8673930764198303,0.7467328310012817,0.5148434638977051,0.634202241897583,0.8685850501060486,1.148619294166565,1.42465078830719,1.7746727466583252,2.590219259262085,2.4969117641448975,2.118593454360962,1.9258238077163696,1.5751432180404663,1.3011529445648193,0.9769168496131897,0.6463909149169922,0.38929200172424316,0.0,0.3918463885784149,0.6342706680297852,0.9991378784179688,1.284600019454956,1.6753878593444824,2.5305652618408203,2.506025791168213,2.1067416667938232,1.978990912437439,1.6030347347259521,1.3940132856369019,1.06289541721344,0.8172169327735901,0.5922498106956482,0.48004695773124695,0.6205402612686157,0.7692151069641113,1.095406413078308,1.3479986190795898,1.726017951965332,2.611733913421631,2.6399896144866943,2.244293212890625,2.161792516708374,1.8107001781463623,1.652920126914978,1.3666280508041382,1.1902847290039062,1.026975393295288,0.9576378464698792,1.0219712257385254,1.136713981628418,1.3882780075073242,1.6135598421096802,1.9370111227035522,2.8011317253112793,2.882416009902954,2.534174919128418,2.483125925064087,2.1908082962036133,2.078707456588745,1.8422563076019287,1.6958106756210327,1.5603083372116089,1.4684829711914062,1.447139024734497,1.584775686264038,1.7554174661636353,1.9616386890411377,2.149047613143921
B11,3.0605056285858154,2.8665385246276855,2.54726505279541,2.305954933166504,2.022757053375244,1.734394907951355,1.4544916152954102,1.1579005718231201,0.927647054195404,0.6594381928443909,0.518333911895752,0.7363386154174805,0.8938177227973938,1.2025724649429321,1.5141788721084595,2.791177749633789,2.735389471054077,2.363999366760254,2.2117297649383545,1.8491994142532349,1.6166281700134277,1.2630057334899902,0.9877577424049377,0.6480103135108948,0.3918463885784149,0.0,0.3758099377155304,0.6522798538208008,0.9912578463554382,1.3624802827835083,2.695483684539795,2.7110860347747803,2.3186569213867188,2.232165575027466,1.8436459302902222,1.6695832014083862,1.3062647581100464,1.0912349224090576,0.7653926014900208,0.6157028079032898,0.4766213595867157,0.5546112060546875,0.7765470743179321,1.049606204032898,1.4042906761169434,2.739724636077881,2.809229850769043,2.415341377258301,2.374293088912964,2.002403736114502,1.8727846145629883,1.541651725769043,1.380568265914917,1.1237765550613403,1.0370028018951416,0.9492607116699219,0.9960500001907349,1.1467821598052979,1.3565665483474731,1.6403974294662476,2.892345905303955,3.0150246620178223,2.661799430847168,2.652884006500244,2.3336634635925293,2.2492873668670654,1.9691020250320435,1.8428329229354858,1.6385350227355957,1.5627901554107666,1.4493483304977417,1.51390540599823,1.6137933731079102,1.7685960531234741,1.9063410758972168
B12,2.9199838638305664,2.7616357803344727,2.4417355060577393,2.246358871459961,1.94986891746521,1.7177350521087646,1.4072179794311523,1.1909186840057373,0.913629949092865,0.7802504301071167,0.5476599931716919,0.5407326221466064,0.64919513463974,0.8833707571029663,1.1843886375427246,2.5987956523895264,2.584977149963379,2.225907325744629,2.129502296447754,1.7595467567443848,1.5952167510986328,1.2205685377120972,1.0484598875045776,0.6758236289024353,0.6342706680297852,0.3758099377155304,0.0,0.3985530138015747,0.6509964466094971,1.0415327548980713,2.4845473766326904,2.546715497970581,2.1656806468963623,2.139909505844116,1.7462730407714844,1.645243525505066,1.2695741653442383,1.1581519842147827,0.8188199400901794,0.8315249681472778,0.6729581952095032,0.500085175037384,0.658704936504364,0.7999082803726196,1.1497288942337036,2.5271050930023193,2.642742395401001,2.262075424194336,2.2810134887695312,1.90875244140625,1.8491395711898804,1.5145083665847778,1.4419194459915161,1.1828086376190186,1.2057931423187256,1.102190613746643,1.0124261379241943,1.1246415376663208,1.2236546277999878,1.476502537727356,2.6947951316833496,2.8584115505218506,2.5240516662597656,2.568302631378174,2.2586045265197754,2.2361488342285156,1.9649033546447754,1.9101721048355103,1.7157032489776611,1.722065806388855,1.6134597063064575,1.5994234085083008,1.709885835647583,1.7920842170715332,1.9324520826339722
B13,3.2168002128601074,3.0864338874816895,2.764500379562378,2.597931146621704,2.291067600250244,2.084470748901367,1.7552783489227295,1.5575685501098633,1.2454959154129028,1.0988032817840576,0.7670404314994812,0.695573627948761,0.5463749170303345,0.7588315606117249,0.9554758667945862,2.861208915710449,2.8808348178863525,2.536409616470337,2.4731390476226807,2.1058261394500732,1.9706662893295288,1.5958900451660156,1.4454573392868042,1.0736947059631348,0.9991378784179688,0.6522798538208008,0.3985530138015747,0.0,0.3894485533237457,0.7201452255249023,2.719144344329834,2.8162426948547363,2.4522502422332764,2.4598281383514404,2.0704829692840576,1.9945268630981445,1.61699640750885,1.518931269645691,1.1598243713378906,1.1378949880599976,0.8638554811477661,0.632342517375946,0.5157755613327026,0.5790323615074158,0.8462499976158142,2.7274410724639893,2.8790783882141113,2.511544704437256,2.56510329246521,2.188900947570801,2.151813507080078,1.7998043298721313,1.7382150888442993,1.4349018335342407,1.4419735670089722,1.2394753694534302,1.083243489265442,1.047951102256775,1.0781418085098267,1.2405133247375488,2.8568007946014404,3.0570180416107178,2.7275607585906982,2.809072971343994,2.485414743423462,2.4872870445251465,2.189894914627075,2.153231382369995,1.913826584815979,1.9326707124710083,1.7588179111480713,1.6765133142471313,1.7100913524627686,1.7196894884109497,1.7939367294311523
