,A1,A2,A3,A4,A5,A6,A7,A8,A9,A10,A11,A12,A13,A14,A15,B1,B2,B3,B4,B5,B6,B7,B8,B9,B10,B11,B12,B13,B14,B15,C1,C2,C3,C4,C5,C6,C7,C8,C9,C10,C11,C12,C13,C14,C15,D1,D2,D3,D4,D5,D6,D7,D8,D9,D10,D11,D12,D13,D14,D15,E1,E2,E3,E4,E5,E6,E7,E8,E9,E10,E11,E12,E13,E14,E15
A1,0.0,0.38657793402671814,0.5713667869567871,0.8767581582069397,1.107366919517517,1.4116710424423218,1.6629639863967896,1.9321585893630981,2.2437691688537598,2.4565281867980957,2.567699670791626,2.737389087677002,3.0341732501983643,3.2782838344573975,3.505650758743286,3.1830625534057617,3.0807032585144043,2.953078269958496,2.7514474391937256,2.789900779724121,2.7453927993774414,2.816270112991333,2.956671714782715,3.3378419876098633,3.3379392623901367,3.450704574584961,3.716656446456909,3.981527328491211,4.265766143798828,4.412336349487305,4.484350681304932,4.101925373077393,4.033974647521973,3.661635160446167,3.7312278747558594,3.4539384841918945,3.240145444869995,3.3205630779266357,3.5314292907714844,3.369321584701538,3.578528642654419,3.9209275245666504,4.021243095397949,4.2405195236206055,4.558287143707275,4.514382839202881,4.184831142425537,3.8297107219696045,3.543253183364868,3.5483288764953613,3.2076048851013184,3.002967119216919,2.9997730255126953,3.1139917373657227,2.9825353622436523,3.3137614727020264,3.5609586238861084,3.5453710556030273,3.7866437435150146,4.080460071563721,4.433061122894287,4.227768421173096,3.8663697242736816,3.5761101245880127,3.5411977767944336,3.2467494010925293,3.0636637210845947,2.8101894855499268,2.789670705795288,2.467374324798584,2.6603457927703857,2.9517388343811035,2.867125988006592,2.5901682376861572,2.8325603008270264
A2,0.38657793402671814,0.0,0.3931560516357422,0.5969932079315186,0.8584322333335876,1.1502048969268799,1.3698768615722656,1.678048014640808,1.953150749206543,2.2041406631469727,2.311675786972046,2.444309949874878,2.7455532550811768,3.010113000869751,3.2263705730438232,2.8060224056243896,2.715001344680786,2.598214864730835,2.412623405456543,2.4585351943969727,2.4443752765655518,2.5245673656463623,2.697540044784546,3.074558973312378,3.1106653213500977,3.2269999980926514,3.468776226043701,3.7475380897521973,4.028456687927246,4.1754374504089355,4.155005931854248,3.769767999649048,3.7205159664154053,3.350755214691162,3.4423906803131104,3.179335355758667,2.974757432937622,3.0860531330108643,3.319145679473877,3.184589385986328,3.389249563217163,3.721972703933716,3.8532097339630127,4.078052997589111,4.3839640617370605,4.21685791015625,3.878756046295166,3.5315020084381104,3.253877878189087,3.28841233253479,2.9491426944732666,2.770674705505371,2.793884515762329,2.9410927295684814,2.8357656002044678,3.1688449382781982,3.419213056564331,3.4434051513671875,3.676142454147339,3.989163398742676,4.209133148193359,3.9807305335998535,3.6192893981933594,3.345555305480957,3.318723440170288,3.003452777862549,2.849703311920166,2.6254451274871826,2.6231985092163086,2.3243443965911865,2.5596370697021484,2.8539392948150635,2.7989771366119385,2.560051441192627,2.8257102966308594
A3,0.5713667869567871,0.3931560516357422,0.0,0.39299240708351135,0.5369853377342224,0.864466667175293,1.0991257429122925,1.3652143478393555,1.6791362762451172,1.889595627784729,1.9973247051239014,2.1699554920196533,2.4650557041168213,2.706998825073242,2.9375953674316406,2.7789154052734375,2.6490705013275146,2.5665087699890137,2.3437936305999756,2.331233501434326,2.3091416358947754,2.3360683917999268,2.4969608783721924,2.869800567626953,2.890300989151001,2.9718220233917236,3.2233521938323975,3.509958505630493,3.7769837379455566,3.903075695037842,4.114730358123779,3.731391191482544,3.696892023086548,3.3208136558532715,3.3887248039245605,3.148380756378174,2.9095544815063477,2.9993808269500732,3.2505269050598145,3.0887253284454346,3.256843328475952,3.6029560565948486,3.740631103515625,3.9371302127838135,4.231250286102295,4.2761311531066895,3.943660020828247,3.604358673095703,3.309920072555542,3.36068058013916,3.047692060470581,2.85979962348938,2.851471185684204,3.029832124710083,2.8919451236724854,3.1986539363861084,3.4795327186584473,3.504171133041382,3.7020952701568604,4.0254130363464355,4.396953105926514,4.1580281257629395,3.80249285697937,3.5264182090759277,3.5360913276672363,3.21848201751709,3.0948984622955322,2.8721745014190674,2.909666061401367,2.610999345779419,2.843226432800293,3.157362222671509,3.129938840866089,2.8944108486175537,3.177696466445923
A4,0.8767581582069397,0.5969932079315186,0.39299240708351135,0.0,0.3822214603424072,0.5654718279838562,0.8440456390380859,1.1193422079086304,1.401893973350525,1.6420570611953735,1.794545292854309,1.9342284202575684,2.2056655883789062,2.479363203048706,2.7238245010375977,2.4318220615386963,2.2830870151519775,2.1902878284454346,1.956322193145752,1.9465982913970947,1.919458031654358,1.9608180522918701,2.1295106410980225,2.50357985496521,2.540381908416748,2.639751672744751,2.880048990249634,3.1654269695281982,3.4393889904022217,3.580112934112549,3.725360631942749,3.3429901599884033,3.3086295127868652,2.932013511657715,2.999326705932617,2.7658047676086426,2.5260722637176514,2.6267669200897217,2.88930606842041,2.742713451385498,2.9080746173858643,3.246936559677124,3.402343511581421,3.6034088134765625,3.8907992839813232,3.9097909927368164,3.5799593925476074,3.245326042175293,2.9465019702911377,3.0101945400238037,2.7109215259552,2.5303618907928467,2.523002862930298,2.728984832763672,2.5983710289001465,2.8954830169677734,3.1839730739593506,3.235866069793701,3.417316436767578,3.7542600631713867,4.109500885009766,3.8593854904174805,3.509939193725586,3.2386276721954346,3.2758400440216064,2.9551568031311035,2.8644473552703857,2.6558210849761963,2.7347471714019775,2.452024459838867,2.6983749866485596,3.025585174560547,3.042814254760742,2.838890314102173,3.153005361557007
A5,1.107366919517517,0.8584322333335876,0.5369853377342224,0.3822214603424072,0.0,0.38678717613220215,0.5714508891105652,0.8340975642204285,1.1456384658813477,1.3587603569030762,1.4686740636825562,1.6391875743865967,1.928536057472229,2.173444986343384,2.4101827144622803,2.4277079105377197,2.2665467262268066,2.2373263835906982,1.9956488609313965,1.9213935136795044,1.927964210510254,1.9011048078536987,2.0864105224609375,2.442889928817749,2.490251064300537,2.5366933345794678,2.7665936946868896,3.075793981552124,3.322556734085083,3.4272994995117188,3.7753169536590576,3.395724058151245,3.3969037532806396,3.023336172103882,3.0886449813842773,2.89298152923584,2.633850574493408,2.733511209487915,3.0222396850585938,2.8672900199890137,2.988802194595337,3.3310179710388184,3.50704026222229,3.6785085201263428,3.9439494609832764,4.069155693054199,3.7389955520629883,3.4219367504119873,3.125717878341675,3.221825122833252,2.9453535079956055,2.780679941177368,2.768489360809326,3.0040924549102783,2.8662893772125244,3.1402435302734375,3.4455246925354004,3.50947904586792,3.6624526977539062,4.008026599884033,4.385507583618164,4.118687629699707,3.7755062580108643,3.5187249183654785,3.570629596710205,3.2400054931640625,3.175244092941284,2.9868695735931396,3.075087308883667,2.806480646133423,3.063718795776367,3.3889412879943848,3.41048264503479,3.2136669158935547,3.5247271060943604
A6,1.4116710424423218,1.1502048969268799,0.864466667175293,0.5654718279838562,0.38678717613220215,0.0,0.385728120803833,0.5672138929367065,0.8662800788879395,1.081911563873291,1.2686147689819336,1.423283338546753,1.6666803359985352,1.9374068975448608,2.2040796279907227,2.192629337310791,1.988885521888733,1.9597431421279907,1.6858608722686768,1.5805433988571167,1.5659475326538086,1.5223175287246704,1.7005443572998047,2.056488513946533,2.1065564155578613,2.1576476097106934,2.3854002952575684,2.692575693130493,2.943551540374756,3.058500289916992,3.4483797550201416,3.0745394229888916,3.0756561756134033,2.7021164894104004,2.7488205432891846,2.569668769836426,2.2952826023101807,2.3879897594451904,2.6886188983917236,2.534573793411255,2.6359004974365234,2.97491192817688,3.1649575233459473,3.327533483505249,3.582214593887329,3.793652296066284,3.474503517150879,3.167083501815796,2.8612914085388184,2.9679720401763916,2.7214763164520264,2.5580036640167236,2.5281476974487305,2.7916078567504883,2.6463584899902344,2.8936023712158203,3.212376356124878,3.294975519180298,3.417694568634033,3.772702217102051,4.21505069732666,3.942352533340454,3.611593723297119,3.3578319549560547,3.4472270011901855,3.1239359378814697,3.094778537750244,2.9164509773254395,3.0503036975860596,2.795806407928467,3.0505082607269287,3.388273239135742,3.452397108078003,3.279162883758545,3.615332841873169
A7,1.6629639863967896,1.3698768615722656,1.0991257429122925,0.8440456390380859,0.5714508891105652,0.385728120803833,0.0,0.38619112968444824,0.5910376310348511,0.8690069317817688,0.9754377007484436,1.0906264781951904,1.3765618801116943,1.6483912467956543,1.8812729120254517,2.021491289138794,1.8365721702575684,1.8805941343307495,1.6407966613769531,1.498466968536377,1.5688369274139404,1.4839820861816406,1.7218286991119385,2.0430686473846436,2.148895740509033,2.159843921661377,2.340163469314575,2.678685188293457,2.898681163787842,2.981450319290161,3.388526678085327,3.016627073287964,3.065772533416748,2.7055838108062744,2.7820892333984375,2.6456410884857178,2.383408784866333,2.5104010105133057,2.8377461433410645,2.71366286277771,2.7859463691711426,3.1069486141204834,3.3324286937713623,3.482048273086548,3.709087610244751,3.8204357624053955,3.4939072132110596,3.2099533081054688,2.9269611835479736,3.078449249267578,2.845402717590332,2.7235403060913086,2.724154233932495,3.0138211250305176,2.8970651626586914,3.134889841079712,3.449721574783325,3.5635435581207275,3.673635721206665,4.037448883056641,4.336224555969238,4.040370464324951,3.716038465499878,3.4916069507598877,3.579604148864746,3.2394988536834717,3.2383670806884766,3.098055839538574,3.22798490524292,3.0027577877044678,3.2845606803894043,3.6072192192077637,3.673281669616699,3.5224716663360596,3.851996660232544
A8,1.9321585893630981,1.678048014640808,1.3652143478393555,1.1193422079086304,0.8340975642204285,0.5672138929367065,0.38619112968444824,0.0,0.3919054865837097,0.5267547369003296,0.7136139869689941,0.9086568355560303,1.1341973543167114,1.3788535594940186,1.6583369970321655,2.1248984336853027,1.8892863988876343,1.9596118927001953,1.6824227571487427,1.4657381772994995,1.5023927688598633,1.3348227739334106,1.5312882661819458,1.8290395736694336,1.908031940460205,1.8704068660736084,2.06117582321167,2.402132034301758,2.604342460632324,2.6655709743499756,3.3598275184631348,3.003612518310547,3.058319568634033,2.7040371894836426,2.7401318550109863,2.6335933208465576,2.3417704105377197,2.431196928024292,2.7632904052734375,2.6129262447357178,2.6373589038848877,2.9622271060943604,3.188743829727173,3.3023900985717773,3.5106167793273926,3.8787357807159424,3.571523427963257,3.302198886871338,3.00753116607666,3.1611218452453613,2.9659063816070557,2.8332250118255615,2.7964024543762207,3.100552797317505,2.954704761505127,3.1546390056610107,3.4886131286621094,3.598146438598633,3.6697025299072266,4.033768653869629,4.49901819229126,4.205203056335449,3.8944575786590576,3.6673879623413086,3.7888243198394775,3.4623987674713135,3.4812188148498535,3.3364527225494385,3.4966533184051514,3.269352674484253,3.5345520973205566,3.8702712059020996,3.9573280811309814,3.8056304454803467,4.147893905639648
A9,2.2437691688537598,1.953150749206543,1.6791362762451172,1.401893973350525,1.1456384658813477,0.8662800788879395,0.5910376310348511,0.3919054865837097,0.0,0.38528990745544434,0.547346830368042,0.5921619534492493,0.8059639930725098,1.1075971126556396,1.3694419860839844,1.8374667167663574,1.5993448495864868,1.730250358581543,1.4817347526550293,1.2265764474868774,1.3384406566619873,1.14064359664917,1.3969693183898926,1.64833402633667,1.7974687814712524,1.7440205812454224,1.8703969717025757,2.2338244915008545,2.413573980331421,2.4625258445739746,3.0917112827301025,2.743215799331665,2.8375351428985596,2.501859426498413,2.5603508949279785,2.499253034591675,2.2257792949676514,2.3496947288513184,2.7022976875305176,2.5939812660217285,2.594198703765869,2.889392852783203,3.1533987522125244,3.261223316192627,3.4400813579559326,3.6910085678100586,3.3857033252716064,3.144238233566284,2.8716237545013428,3.0650181770324707,2.8966078758239746,2.8048360347747803,2.7926225662231445,3.1232244968414307,3.008636713027954,3.190769672393799,3.516561508178711,3.6636581420898438,3.7169899940490723,4.088802814483643,4.422969818115234,4.110736846923828,3.8148529529571533,3.6171224117279053,3.7515509128570557,3.420522451400757,3.477803945541382,3.3711178302764893,3.5463314056396484,3.3531854152679443,3.635793924331665,3.9600741863250732,4.068633556365967,3.949509620666504,4.296114444732666
A10,2.4565281867980957,2.2041406631469727,1.889595627784729,1.6420570611953735,1.3587603569030762,1.081911563873291,0.8690069317817688,0.5267547369003296,0.38528990745544434,0.0,0.3781518340110779,0.5828166007995605,0.676616370677948,0.8916070461273193,1.2128987312316895,2.124340057373047,1.8571499586105347,2.001507520675659,1.7302935123443604,1.4277244806289673,1.4905524253845215,1.2171180248260498,1.3983328342437744,1.6073065996170044,1.709971308708191,1.5847365856170654,1.7242568731307983,2.0857667922973633,2.2348101139068604,2.245363473892212,3.2354609966278076,2.9078803062438965,3.003279685974121,2.677865505218506,2.693161725997925,2.6562728881835938,2.357872724533081,2.434950828552246,2.780987024307251,2.639561653137207,2.592181444168091,2.891258478164673,3.1457245349884033,3.212036371231079,3.3713929653167725,3.902632474899292,3.6171209812164307,3.3871889114379883,3.1050772666931152,3.290569543838501,3.1498758792877197,3.0416924953460693,2.9932868480682373,3.325094699859619,3.179377317428589,3.330536127090454,3.671722650527954,3.8038253784179688,3.8261847496032715,4.192821979522705,4.698573112487793,4.39306116104126,4.106553554534912,3.902186155319214,4.057415962219238,3.7387588024139404,3.8002445697784424,3.6813228130340576,3.8712213039398193,3.667351484298706,3.933253765106201,4.268707752227783,4.383508205413818,4.253011226654053,4.605310916900635
A11,2.567699670791626,2.311675786972046,1.9973247051239014,1.794545292854309,1.4686740636825562,1.2686147689819336,0.9754377007484436,0.7136139869689941,0.547346830368042,0.3781518340110779,0.0,0.3754309117794037,0.5880962014198303,0.7191110253334045,0.9719265103340149,2.2151057720184326,1.9915797710418701,2.1861445903778076,1.959574818611145,1.6647067070007324,1.7888439893722534,1.522645115852356,1.7360602617263794,1.9147676229476929,2.0463359355926514,1.8946912288665771,1.992282509803772,2.363797903060913,2.4751603603363037,2.4430081844329834,3.4401328563690186,3.1157596111297607,3.2452878952026367,2.932237386703491,2.976968288421631,2.9568703174591064,2.6758439540863037,2.776388168334961,3.129129648208618,3.003329038619995,2.953172445297241,3.241959571838379,3.507288694381714,3.5691211223602295,3.7151079177856445,4.142111778259277,3.8472790718078613,3.628774881362915,3.366170883178711,3.573004961013794,3.4236531257629395,3.33648943901062,3.3129851818084717,3.6471848487854004,3.5180678367614746,3.6808273792266846,4.0159077644348145,4.155756950378418,4.187071800231934,4.555766582489014,4.949625492095947,4.63169002532959,4.34273624420166,4.1539835929870605,4.291072368621826,3.9576385021209717,4.019036769866943,3.9159064292907715,4.084122180938721,3.8882362842559814,4.171908855438232,4.4960408210754395,4.593213081359863,4.463487148284912,4.8026227951049805
A12,2.737389087677002,2.444309949874878,2.1699554920196533,1.9342284202575684,1.6391875743865967,1.423283338546753,1.0906264781951904,0.9086568355560303,0.5921619534492493,0.5828166007995605,0.3754309117794037,0.0,0.37781450152397156,0.6230862140655518,0.8023096919059753,1.9260615110397339,1.7250186204910278,1.966847538948059,1.7871774435043335,1.494106411933899,1.687201738357544,1.4359190464019775,1.7024062871932983,1.8468027114868164,2.0451436042785645,1.9091354608535767,1.94390869140625,2.3265292644500732,2.426284074783325,2.3968420028686523,3.195190668106079,2.8762316703796387,3.0391428470611572,2.745457649230957,2.8230953216552734,2.8323159217834473,2.5809390544891357,2.7211456298828125,3.08493709564209,3.003875970840454,2.9536635875701904,3.21433687210083,3.5084731578826904,3.5806972980499268,3.709824562072754,3.9345736503601074,3.6377511024475098,3.441593647003174,3.2050042152404785,3.4426817893981934,3.306206703186035,3.256885528564453,3.2645790576934814,3.612978458404541,3.5188190937042236,3.6785666942596436,3.9989423751831055,4.170515537261963,4.199949741363525,4.57391357421875,4.800937652587891,4.468611717224121,4.190686225891113,4.029241561889648,4.166910171508789,3.828948736190796,3.9169747829437256,3.847576141357422,4.019593715667725,3.854098320007324,4.154094696044922,4.463649272918701,4.573708534240723,4.472580909729004,4.81135368347168
A13,3.0341732501983643,2.7455532550811768,2.4650557041168213,2.2056655883789062,1.928536057472229,1.6666803359985352,1.3765618801116943,1.1341973543167114,0.8059639930725098,0.676616370677948,0.5880962014198303,0.37781450152397156,0.0,0.3764340877532959,0.6345345377922058,1.9613569974899292,1.7239582538604736,1.9829100370407104,1.7958627939224243,1.461495280265808,1.6366736888885498,1.3366552591323853,1.5648833513259888,1.638793706893921,1.844347357749939,1.6657320261001587,1.65659499168396,2.037609100341797,2.103130340576172,2.048905372619629,3.042233467102051,2.749695062637329,2.924647092819214,2.6533408164978027,2.702284097671509,2.7530462741851807,2.4979333877563477,2.618206024169922,2.9795191287994385,2.902350664138794,2.808865785598755,3.047870635986328,3.352325916290283,3.3947277069091797,3.4925177097320557,3.864023208618164,3.590851306915283,3.4193692207336426,3.1858019828796387,3.430591583251953,3.335552453994751,3.2919392585754395,3.280668020248413,3.640193462371826,3.5397753715515137,3.6627328395843506,3.986300468444824,4.167151927947998,4.161806106567383,4.53308629989624,4.836503028869629,4.5053534507751465,4.246964454650879,4.093438148498535,4.260756015777588,3.938431978225708,4.051700592041016,3.9894449710845947,4.189467430114746,4.033585071563721,4.322832107543945,4.637282371520996,4.772501468658447,4.682922840118408,5.033950328826904
A14,3.2782838344573975,3.010113000869751,2.706998825073242,2.479363203048706,2.173444986343384,1.9374068975448608,1.6483912467956543,1.3788535594940186,1.1075971126556396,0.8916070461273193,0.7191110253334045,0.6230862140655518,0.3764340877532959,0.0,0.372427374124527,2.302504301071167,2.074568033218384,2.3466806411743164,2.162968158721924,1.8210935592651367,1.9793946743011475,1.65803062915802,1.8425841331481934,1.8776328563690186,2.052124261856079,1.8175088167190552,1.7942498922348022,2.160069704055786,2.172487258911133,2.0558130741119385,3.321666717529297,3.050198793411255,3.2367489337921143,2.980363130569458,3.012932538986206,3.0818405151367188,2.820481777191162,2.918302536010742,3.272904634475708,3.1798908710479736,3.0571348667144775,3.291721820831299,3.589482307434082,3.6002655029296875,3.676215171813965,4.193290710449219,3.9306347370147705,3.770960569381714,3.5399527549743652,3.7849340438842773,3.700446128845215,3.652665615081787,3.628990411758423,3.9877469539642334,3.873737335205078,3.9842326641082764,4.314361572265625,4.4866790771484375,4.466761589050293,4.834150314331055,5.202882766723633,4.871878623962402,4.617697715759277,4.465202808380127,4.635987281799316,4.314672946929932,4.427377223968506,4.361681938171387,4.560062885284424,4.398280620574951,4.685144901275635,5.002853870391846,5.132849216461182,5.034445762634277,5.383652210235596
A15,3.505650758743286,3.2263705730438232,2.9375953674316406,2.7238245010375977,2.4101827144622803,2.2040796279907227,1.8812729120254517,1.6583369970321655,1.3694419860839844,1.2128987312316895,0.9719265103340149,0.8023096919059753,0.6345345377922058,0.372427374124527,0.0,2.368974208831787,2.1868553161621094,2.498213052749634,2.3618264198303223,2.036665201187134,2.2406277656555176,1.9387260675430298,2.149973154067993,2.162282705307007,2.3679721355438232,2.1348068714141846,2.0687320232391357,2.4291415214538574,2.410628080368042,2.2675042152404785,3.4379031658172607,3.1792972087860107,3.399883508682251,3.1651763916015625,3.226496934890747,3.3164005279541016,3.078761100769043,3.2017760276794434,3.5605478286743164,3.491997003555298,3.3693008422851562,3.586181640625,3.898033857345581,3.9094579219818115,3.969810724258423,4.344257354736328,4.07924222946167,3.939481496810913,3.73362398147583,4.000900745391846,3.917969226837158,3.8963019847869873,3.8973686695098877,4.260910987854004,4.168437480926514,4.284074306488037,4.6047539710998535,4.79241418838501,4.776651382446289,5.146414756774902,5.3845534324646,5.041725158691406,4.79307222366333,4.6623125076293945,4.8221635818481445,4.492692947387695,4.615514755249023,4.572333812713623,4.758805751800537,4.613724231719971,4.9156084060668945,5.2203779220581055,5.3445658683776855,5.257519245147705,5.597937107086182
B1,3.1830625534057617,2.8060224056243896,2.7789154052734375,2.4318220615386963,2.4277079105377197,2.192629337310791,2.021491289138794,2.1248984336853027,1.8374667167663574,2.124340057373047,2.2151057720184326,1.9260615110397339,1.9613569974899292,2.302504301071167,2.368974208831787,0.0,0.3739294707775116,0.5793272256851196,0.8807205557823181,1.0210391283035278,1.3510925769805908,1.509095311164856,1.8365826606750488,1.9245836734771729,2.2745625972747803,2.4108657836914062,2.322352170944214,2.589886426925659,2.7735610008239746,2.927924633026123,1.7778757810592651,1.435228705406189,1.6403357982635498,1.437806487083435,1.7408703565597534,1.7755582332611084,1.780040979385376,2.1209089756011963,2.4332728385925293,2.5955631732940674,2.6715855598449707,2.7837138175964355,3.1261775493621826,3.3300249576568604,3.458038330078125,2.2854225635528564,1.9547674655914307,1.8233479261398315,1.7372946739196777,2.0756070613861084,1.9768503904342651,2.1277308464050293,2.3173818588256836,2.6575565338134766,2.770082950592041,2.9320826530456543,3.1190345287323,3.4175827503204346,3.48608136177063,3.8453218936920166,3.182419538497925,2.8107311725616455,2.585819959640503,2.55110502243042,2.681410789489746,2.3624637126922607,2.5750656127929688,2.670299530029297,2.868971586227417,2.8733227252960205,3.196742296218872,3.41176176071167,3.6038482189178467,3.6594631671905518,3.986093759536743
B2,3.0807032585144043,2.715001344680786,2.6490705013275146,2.2830870151519775,2.2665467262268066,1.988885521888733,1.8365721702575684,1.8892863988876343,1.5993448495864868,1.8571499586105347,1.9915797710418701,1.7250186204910278,1.7239582538604736,2.074568033218384,2.1868553161621094,0.3739294707775116,0.0,0.3939683437347412,0.5831453800201416,0.6608414649963379,0.9981566667556763,1.141101360321045,1.4651436805725098,1.5538502931594849,1.9022769927978516,2.0390849113464355,1.9614921808242798,2.2322771549224854,2.4282279014587402,2.592301607131958,1.6992840766906738,1.3378171920776367,1.517479658126831,1.2665503025054932,1.515878438949585,1.554247260093689,1.5028959512710571,1.8230260610580444,2.1550183296203613,2.2904698848724365,2.344031572341919,2.473032236099243,2.8183891773223877,3.007347345352173,3.1369080543518066,2.286278009414673,1.9709317684173584,1.8169121742248535,1.6691155433654785,1.9903334379196167,1.909685730934143,2.013528823852539,2.1512234210968018,2.5112357139587402,2.581331253051758,2.7238218784332275,2.941453695297241,3.2277333736419678,3.271928548812866,3.63822865486145,3.2399187088012695,2.8822145462036133,2.6529123783111572,2.5785465240478516,2.7458434104919434,2.438283681869507,2.6410279273986816,2.69323992729187,2.9223990440368652,2.8908698558807373,3.1958019733428955,3.442776918411255,3.646209478378296,3.677170515060425,4.023856163024902
B3,2.953078269958496,2.598214864730835,2.5665087699890137,2.1902878284454346,2.2373263835906982,1.9597431421279907,1.8805941343307495,1.9596118927001953,1.730250358581543,2.001507520675659,2.1861445903778076,1.966847538948059,1.9829100370407104,2.3466806411743164,2.498213052749634,0.5793272256851196,0.3939683437347412,0.0,0.3739677369594574,0.662003219127655,0.8857538104057312,1.1445882320404053,1.4225341081619263,1.5543197393417358,1.8632014989852905,2.065265417098999,2.0308902263641357,2.2651820182800293,2.5041699409484863,2.7139055728912354,1.6238433122634888,1.2384250164031982,1.3255304098129272,1.028092384338379,1.2889844179153442,1.2550965547561646,1.229796051979065,1.5712553262710571,1.8820908069610596,2.0353455543518066,2.14031982421875,2.269534111022949,2.594310998916626,2.8192808628082275,2.97930645942688,2.0336556434631348,1.703847885131836,1.5003671646118164,1.318924069404602,1.6222140789031982,1.5211853981018066,1.621572494506836,1.7718663215637207,2.1262624263763428,2.2127785682678223,2.366528272628784,2.571503162384033,2.8607285022735596,2.922283887863159,3.286113977432251,2.8929388523101807,2.544588565826416,2.302915573120117,2.206286668777466,2.384476900100708,2.0849997997283936,2.287166118621826,2.329463481903076,2.5780887603759766,2.548039436340332,2.8390095233917236,3.089069366455078,3.3090460300445557,3.3472306728363037,3.701014757156372
B4,2.7514474391937256,2.412623405456543,2.3437936305999756,1.956322193145752,1.9956488609313965,1.6858608722686768,1.6407966613769531,1.6824227571487427,1.4817347526550293,1.7302935123443604,1.959574818611145,1.7871774435043335,1.7958627939224243,2.162968158721924,2.3618264198303223,0.8807205557823181,0.5831453800201416,0.3739677369594574,0.0,0.3707028329372406,0.5298046469688416,0.8133276104927063,1.0864964723587036,1.2730042934417725,1.5518392324447632,1.7604845762252808,1.7743393182754517,2.0178091526031494,2.280524253845215,2.4976885318756104,1.784121036529541,1.4014692306518555,1.437987208366394,1.0895981788635254,1.2524363994598389,1.1788582801818848,1.049486517906189,1.3496267795562744,1.6876147985458374,1.7822930812835693,1.8787602186203003,2.054319143295288,2.3688228130340576,2.583366632461548,2.7628352642059326,2.215050458908081,1.904327154159546,1.6695650815963745,1.4193075895309448,1.6687753200531006,1.5590780973434448,1.5779154300689697,1.6585991382598877,2.0260965824127197,2.050255537033081,2.201542377471924,2.448878526687622,2.708514928817749,2.7585136890411377,3.131328821182251,3.0411291122436523,2.7149131298065186,2.4597630500793457,2.3126883506774902,2.5075411796569824,2.215127944946289,2.381904125213623,2.3661763668060303,2.627980947494507,2.54807186126709,2.821367025375366,3.1055240631103516,3.3210623264312744,3.322316884994507,3.6910102367401123
B5,2.789900779724121,2.4585351943969727,2.331233501434326,1.9465982913970947,1.9213935136795044,1.5805433988571167,1.498466968536377,1.4657381772994995,1.2265764474868774,1.4277244806289673,1.6647067070007324,1.494106411933899,1.461495280265808,1.8210935592651367,2.036665201187134,1.0210391283035278,0.6608414649963379,0.662003219127655,0.3707028329372406,0.0,0.3784385621547699,0.5015493631362915,0.8349903225898743,1.0122904777526855,1.3141692876815796,1.4672662019729614,1.4747971296310425,1.7569230794906616,2.002032995223999,2.191119432449341,1.8995842933654785,1.5382657051086426,1.612347960472107,1.2800192832946777,1.3780428171157837,1.3594377040863037,1.1611766815185547,1.4003046751022339,1.7638636827468872,1.807909369468689,1.8393642902374268,2.0364608764648438,2.3623781204223633,2.5320377349853516,2.691434860229492,2.4807467460632324,2.192991256713867,1.9830683469772339,1.7289749383926392,1.9712822437286377,1.8886884450912476,1.878161072731018,1.9084278345108032,2.2815473079681396,2.257603645324707,2.3835768699645996,2.661097526550293,2.9013962745666504,2.9203176498413086,3.2958173751831055,3.38822078704834,3.0664429664611816,2.8187382221221924,2.6662440299987793,2.869720697402954,2.5804731845855713,2.7378933429718018,2.703385353088379,2.9629411697387695,2.859506130218506,3.1278128623962402,3.426762104034424,3.632460594177246,3.610333204269409,3.982473373413086
B6,2.7453927993774414,2.4443752765655518,2.3091416358947754,1.919458031654358,1.927964210510254,1.5659475326538086,1.5688369274139404,1.5023927688598633,1.3384406566619873,1.4905524253845215,1.7888439893722534,1.687201738357544,1.6366736888885498,1.9793946743011475,2.2406277656555176,1.3510925769805908,0.9981566667556763,0.8857538104057312,0.5298046469688416,0.3784385621547699,0.0,0.3699071407318115,0.5669161081314087,0.8159961104393005,1.0457137823104858,1.2656893730163574,1.3386473655700684,1.5780158042907715,1.8679139614105225,2.0985891819000244,1.9426136016845703,1.5951839685440063,1.5882749557495117,1.2329586744308472,1.2380722761154175,1.169435977935791,0.8993797898292542,1.0804917812347412,1.446455955505371,1.4509193897247314,1.489534854888916,1.7162656784057617,2.022991418838501,2.198793649673462,2.3838140964508057,2.4532113075256348,2.1893606185913086,1.9561517238616943,1.6568670272827148,1.842034935951233,1.7739721536636353,1.7055822610855103,1.6715760231018066,2.0425667762756348,1.9746023416519165,2.079038381576538,2.3785810470581055,2.598716974258423,2.6004087924957275,2.976078748703003,3.3184092044830322,3.023306369781494,2.7772295475006104,2.5898642539978027,2.819103479385376,2.557421922683716,2.699629306793213,2.627016305923462,2.9111056327819824,2.7838220596313477,3.0179128646850586,3.3359854221343994,3.555311918258667,3.5185365676879883,3.9026896953582764
B7,2.816270112991333,2.5245673656463623,2.3360683917999268,1.9608180522918701,1.9011048078536987,1.5223175287246704,1.4839820861816406,1.3348227739334106,1.14064359664917,1.2171180248260498,1.522645115852356,1.4359190464019775,1.3366552591323853,1.65803062915802,1.9387260675430298,1.509095311164856,1.141101360321045,1.1445882320404053,0.8133276104927063,0.5015493631362915,0.3699071407318115,0.0,0.37711670994758606,0.62171471118927,0.8682980537414551,0.995189368724823,1.0715669393539429,1.3659952878952026,1.6304377317428589,1.8216614723205566,2.1219232082366943,1.7985416650772095,1.8343751430511475,1.5077253580093384,1.4811522960662842,1.4682129621505737,1.177061676979065,1.2898026704788208,1.6549395322799683,1.6085646152496338,1.5722225904464722,1.8134599924087524,2.122502326965332,2.243093490600586,2.4008970260620117,2.7543976306915283,2.5046520233154297,2.294588088989258,2.005143880844116,2.1945221424102783,2.14091420173645,2.0639593601226807,2.0056495666503906,2.3715169429779053,2.2709062099456787,2.3557803630828857,2.6728076934814453,2.872891902923584,2.849834680557251,3.2219202518463135,3.682249069213867,3.386422634124756,3.144767999649048,2.9595179557800293,3.1881167888641357,2.922368288040161,3.058502435684204,2.9777987003326416,3.252962827682495,3.1103179454803467,3.3457529544830322,3.67171573638916,3.8781416416168213,3.82266902923584,4.205994129180908
B8,2.956671714782715,2.697540044784546,2.4969608783721924,2.1295106410980225,2.0864105224609375,1.7005443572998047,1.7218286991119385,1.5312882661819458,1.3969693183898926,1.3983328342437744,1.7360602617263794,1.7024062871932983,1.5648833513259888,1.8425841331481934,2.149973154067993,1.8365826606750488,1.4651436805725098,1.4225341081619263,1.0864964723587036,0.8349903225898743,0.5669161081314087,0.37711670994758606,0.0,0.3846195340156555,0.5109025835990906,0.7119331359863281,0.8607654571533203,1.0957136154174805,1.401113748550415,1.6337858438491821,2.1712889671325684,1.8820405006408691,1.8670239448547363,1.5552496910095215,1.4361156225204468,1.4226261377334595,1.091659665107727,1.0974535942077637,1.4402822256088257,1.342221736907959,1.2557176351547241,1.5151644945144653,1.8084157705307007,1.9026294946670532,2.063119888305664,2.78897762298584,2.5754456520080566,2.3693816661834717,2.061462163925171,2.206220865249634,2.190464496612549,2.077056884765625,1.9567911624908447,2.3091318607330322,2.165984869003296,2.2024660110473633,2.53422474861145,2.712900161743164,2.6502394676208496,3.013505220413208,3.7278215885162354,3.4568541049957275,3.230315923690796,3.027935028076172,3.283674478530884,3.0495595932006836,3.182387590408325,3.078852415084839,3.375793933868408,3.2212274074554443,3.4221904277801514,3.759084939956665,3.9805092811584473,3.916977882385254,4.308192729949951
B9,3.3378419876098633,3.074558973312378,2.869800567626953,2.50357985496521,2.442889928817749,2.056488513946533,2.0430686473846436,1.8290395736694336,1.64833402633667,1.6073065996170044,1.9147676229476929,1.8468027114868164,1.638793706893921,1.8776328563690186,2.162282705307007,1.9245836734771729,1.5538502931594849,1.5543197393417358,1.2730042934417725,1.0122904777526855,0.8159961104393005,0.62171471118927,0.3846195340156555,0.0,0.3891630172729492,0.5461338758468628,0.5474313497543335,0.7642351984977722,1.0580570697784424,1.3107473850250244,2.0107266902923584,1.770052433013916,1.7834563255310059,1.5290244817733765,1.3746522665023804,1.4567652940750122,1.1633113622665405,1.1492878198623657,1.468255639076233,1.4109739065170288,1.2382357120513916,1.4247876405715942,1.750489354133606,1.7941274642944336,1.8894364833831787,2.751025438308716,2.5729050636291504,2.4162464141845703,2.137481451034546,2.3022148609161377,2.346710681915283,2.2663590908050537,2.1461470127105713,2.5001659393310547,2.3729517459869385,2.3581669330596924,2.6732568740844727,2.871187210083008,2.763946056365967,3.1152963638305664,3.830995798110962,3.55901837348938,3.363560199737549,3.1885948181152344,3.466946840286255,3.25034499168396,3.4145617485046387,3.336139440536499,3.6476480960845947,3.5168044567108154,3.713207483291626,4.04026460647583,4.2795634269714355,4.235158920288086,4.627414703369141
B10,3.3379392623901367,3.1106653213500977,2.890300989151001,2.540381908416748,2.490251064300537,2.1065564155578613,2.148895740509033,1.908031940460205,1.7974687814712524,1.709971308708191,2.0463359355926514,2.0451436042785645,1.844347357749939,2.052124261856079,2.3679721355438232,2.2745625972747803,1.9022769927978516,1.8632014989852905,1.5518392324447632,1.3141692876815796,1.0457137823104858,0.8682980537414551,0.5109025835990906,0.3891630172729492,0.0,0.3746635317802429,0.5856255292892456,0.6789591312408447,1.0187315940856934,1.2951858043670654,2.2853550910949707,2.062922716140747,2.022494316101074,1.7676870822906494,1.5538225173950195,1.5900883674621582,1.266406536102295,1.1393831968307495,1.4064074754714966,1.2580193281173706,1.0396584272384644,1.274078130722046,1.545963168144226,1.5531307458877563,1.6708928346633911,2.9478743076324463,2.7899062633514404,2.616706371307373,2.3144350051879883,2.4244322776794434,2.470703125,2.3410158157348633,2.164299488067627,2.4911558628082275,2.311298370361328,2.2690489292144775,2.602022409439087,2.7572686672210693,2.6263957023620605,2.965053081512451,3.9566309452056885,3.7112228870391846,3.515132188796997,3.3117830753326416,3.598440647125244,3.4012696743011475,3.541999578475952,3.428595781326294,3.746248483657837,3.5896968841552734,3.756054162979126,4.097133636474609,4.335553169250488,4.269427299499512,4.665400505065918
B11,3.450704574584961,3.2269999980926514,2.9718220233917236,2.639751672744751,2.5366933345794678,2.1576476097106934,2.159843921661377,1.8704068660736084,1.7440205812454224,1.5847365856170654,1.8946912288665771,1.9091354608535767,1.6657320261001587,1.8175088167190552,2.1348068714141846,2.4108657836914062,2.0390849113464355,2.065265417098999,1.7604845762252808,1.4672662019729614,1.2656893730163574,0.995189368724823,0.7119331359863281,0.5461338758468628,0.3746635317802429,0.0,0.3749585449695587,0.5655418038368225,0.8256025910377502,1.024593472480774,2.501417875289917,2.290818691253662,2.297722578048706,2.0574193000793457,1.8657140731811523,1.9336644411087036,1.6182835102081299,1.5111846923828125,1.7759140729904175,1.6201989650726318,1.3789100646972656,1.593793511390686,1.8518331050872803,1.8052904605865479,1.8776134252548218,3.255558967590332,3.095407009124756,2.9360480308532715,2.6450531482696533,2.7764081954956055,2.816470146179199,2.6948347091674805,2.527984142303467,2.857487678527832,2.672708034515381,2.6367409229278564,2.973130941390991,3.119331121444702,2.9848759174346924,3.3180267810821533,4.310009479522705,4.054749965667725,3.856123208999634,3.6593434810638428,3.9382448196411133,3.7262771129608154,3.8655753135681152,3.7538676261901855,4.060422420501709,3.8965394496917725,4.075549602508545,4.419980049133301,4.645363807678223,4.567887306213379,4.961682319641113
B12,3.716656446456909,3.468776226043701,3.2233521938323975,2.880048990249634,2.7665936946868896,2.3854002952575684,2.340163469314575,2.06117582321167,1.8703969717025757,1.7242568731307983,1.992282509803772,1.94390869140625,1.65659499168396,1.7942498922348022,2.0687320232391357,2.322352170944214,1.9614921808242798,2.0308902263641357,1.7743393182754517,1.4747971296310425,1.3386473655700684,1.0715669393539429,0.8607654571533203,0.5474313497543335,0.5856255292892456,0.3749585449695587,0.0,0.38386356830596924,0.5713289380073547,0.7739740610122681,2.2969582080841064,2.1187291145324707,2.171039581298828,1.974829912185669,1.7979917526245117,1.9366918802261353,1.6640392541885376,1.5995205640792847,1.8677711486816406,1.7809773683547974,1.5200191736221313,1.6618198156356812,1.9607003927230835,1.9009623527526855,1.9133132696151733,3.156770944595337,3.0113000869750977,2.8924880027770996,2.6343634128570557,2.801828145980835,2.8742880821228027,2.796172857284546,2.658618450164795,3.001723527908325,2.8541293144226074,2.803751230239868,3.1196157932281494,3.2997686862945557,3.151926279067993,3.4835197925567627,4.3262739181518555,4.058034896850586,3.8797237873077393,3.7148330211639404,4.001769065856934,3.790956735610962,3.9605798721313477,3.882160186767578,4.194173336029053,4.058334827423096,4.2505974769592285,4.581576347351074,4.818854331970215,4.765350818634033,5.158259391784668
B13,3.981527328491211,3.7475380897521973,3.509958505630493,3.1654269695281982,3.075793981552124,2.692575693130493,2.678685188293457,2.402132034301758,2.2338244915008545,2.0857667922973633,2.363797903060913,2.3265292644500732,2.037609100341797,2.160069704055786,2.4291415214538574,2.589886426925659,2.2322771549224854,2.2651820182800293,2.0178091526031494,1.7569230794906616,1.5780158042907715,1.3659952878952026,1.0957136154174805,0.7642351984977722,0.6789591312408447,0.5655418038368225,0.38386356830596924,0.0,0.3564777374267578,0.6931493282318115,2.3072173595428467,2.1785013675689697,2.1935181617736816,2.0375444889068604,1.803456425666809,1.9612793922424316,1.7087637186050415,1.582274317741394,1.7881888151168823,1.7002748250961304,1.385285496711731,1.4691143035888672,1.7457034587860107,1.6321475505828857,1.5955700874328613,3.1465437412261963,3.0430612564086914,2.94486665725708,2.6927196979522705,2.831193208694458,2.9459340572357178,2.861495018005371,2.694702625274658,3.017817974090576,2.860466718673706,2.759753465652466,3.0629165172576904,3.2351348400115967,3.0458312034606934,3.3553905487060547,4.343207359313965,4.096578598022461,3.9427738189697266,3.7792985439300537,4.0882568359375,3.908459424972534,4.0863494873046875,4.005378723144531,4.334996700286865,4.205234050750732,4.371718883514404,4.700852394104004,4.956021308898926,4.909725189208984,5.3059000968933105
