,A1,A2,A3,A4,A5,A6,A7,A8,A9,A10,A11,A12,A13,A14,A15,B1,B2,B3,B4,B5,B6,B7,B8,B9,B10,B11,B12,B13,B14,B15,C1,C2,C3,C4,C5,C6,C7,C8,C9,C10,C11,C12,C13,C14,C15,D1,D2,D3,D4,D5,D6,D7,D8,D9,D10,D11,D12,D13,D14,D15,E1,E2,E3,E4,E5,E6,E7,E8,E9,E10,E11,E12,E13,E14,E15
A1,0.0,0.3629336953163147,0.6049618721008301,0.8770145177841187,1.1251806020736694,1.3843439817428589,1.6969876289367676,1.9014222621917725,2.2474558353424072,2.310181140899658,2.554624319076538,2.5332911014556885,2.61323881149292,2.634448528289795,2.6901495456695557,0.6169460415840149,0.6453520059585571,0.9492824673652649,1.112492322921753,1.4226945638656616,1.6172860860824585,1.948362946510315,2.0825605392456055,2.427607536315918,2.46173095703125,2.7905466556549072,2.7873904705047607,2.802734375,2.8995614051818848,2.9116997718811035,0.5174036622047424,0.9010834693908691,1.1878178119659424,1.4383941888809204,1.7096530199050903,1.9225468635559082,2.213726043701172,2.363471269607544,2.6738193035125732,2.723224639892578,3.067553758621216,3.0907866954803467,3.1532585620880127,3.325802803039551,3.381570339202881,1.0255331993103027,1.3303260803222656,1.5885131359100342,1.9008307456970215,2.0977671146392822,2.328132152557373,2.5612425804138184,2.7168729305267334,2.994293212890625,3.059436082839966,3.414419174194336,3.524040460586548,3.5865187644958496,3.916398525238037,4.081292629241943,2.3372294902801514,2.3984267711639404,2.400494337081909,2.7158265113830566,2.8596980571746826,3.0717012882232666,3.1930737495422363,3.3550093173980713,3.566099166870117,3.6964685916900635,3.9826135635375977,4.170795917510986,4.302951812744141,4.59125280380249,4.848262310028076
A2,0.3629336953163147,0.0,0.42042240500450134,0.5841559767723083,0.9013792276382446,1.1298073530197144,1.467208981513977,1.6667934656143188,2.0208427906036377,2.0949647426605225,2.37699294090271,2.4016566276550293,2.519094705581665,2.5809969902038574,2.691053628921509,0.5192344784736633,0.34228911995887756,0.6267877817153931,0.7612636089324951,1.0915048122406006,1.2986536026000977,1.6415014266967773,1.7999950647354126,2.154003858566284,2.2186594009399414,2.5683557987213135,2.606685161590576,2.6585137844085693,2.8017237186431885,2.8540236949920654,0.22761739790439606,0.5783230066299438,0.8265452980995178,1.0945144891738892,1.3551815748214722,1.5882269144058228,1.8810529708862305,2.054520845413208,2.3729522228240967,2.4514710903167725,2.809237241744995,2.864802598953247,2.9554805755615234,3.1629512310028076,3.245875358581543,0.8121612668037415,1.0453652143478394,1.263474464416504,1.577892780303955,1.7500910758972168,1.9950059652328491,2.219296455383301,2.394911766052246,2.6732900142669678,2.7627508640289307,3.12355375289917,3.2483644485473633,3.331815242767334,3.6745998859405518,3.850546360015869,2.088756799697876,2.123883008956909,2.095712184906006,2.402259111404419,2.5248236656188965,2.7415566444396973,2.8505077362060547,3.0241105556488037,3.229281187057495,3.3738820552825928,3.657311201095581,3.8588011264801025,4.008028507232666,4.3009138107299805,4.570273399353027
A3,0.6049618721008301,0.42042240500450134,0.0,0.3780030310153961,0.5395350456237793,0.8475740551948547,1.1256521940231323,1.3767800331115723,1.7079097032546997,1.8282185792922974,2.083557367324829,2.0843751430511475,2.2295284271240234,2.260775089263916,2.3964016437530518,0.4258781671524048,0.4448883831501007,0.4592764377593994,0.7160267233848572,0.912090539932251,1.1638256311416626,1.434099555015564,1.6212661266326904,1.9429000616073608,2.037086009979248,2.368988513946533,2.3897206783294678,2.4747748374938965,2.5979909896850586,2.6800999641418457,0.6058487892150879,0.8327534198760986,0.8944638967514038,1.1590240001678467,1.314618706703186,1.5548412799835205,1.771621584892273,1.9600893259048462,2.23352313041687,2.332468271255493,2.671525239944458,2.705036163330078,2.828594923019409,3.0170907974243164,3.133563995361328,1.1310312747955322,1.309137225151062,1.4369518756866455,1.7052792310714722,1.8043979406356812,2.035663604736328,2.1913058757781982,2.3690030574798584,2.599306583404541,2.7020936012268066,3.0494096279144287,3.1382036209106445,3.2520785331726074,3.579533338546753,3.788348913192749,2.3354835510253906,2.3621528148651123,2.2977936267852783,2.5711960792541504,2.6371562480926514,2.8353023529052734,2.8875622749328613,3.05269718170166,3.2125329971313477,3.3534178733825684,3.602761745452881,3.7918148040771484,3.9495182037353516,4.215419292449951,4.493274688720703
A4,0.8770145177841187,0.5841559767723083,0.3780030310153961,0.0,0.38620349764823914,0.5555109977722168,0.9000499844551086,1.1006512641906738,1.4509494304656982,1.5523524284362793,1.8517210483551025,1.9115461111068726,2.0794882774353027,2.174177408218384,2.3573126792907715,0.732079029083252,0.5517194867134094,0.31369835138320923,0.38621392846107483,0.5651324391365051,0.7881585359573364,1.0826784372329712,1.2679986953735352,1.6044594049453735,1.709821343421936,2.0607244968414307,2.12143611907959,2.2309446334838867,2.4043233394622803,2.5190341472625732,0.6772581338882446,0.6963070631027222,0.6348519325256348,0.8316593170166016,0.9592288732528687,1.1813544034957886,1.3967208862304688,1.5849452018737793,1.8660203218460083,1.9753625392913818,2.324256658554077,2.3834774494171143,2.522984504699707,2.7428717613220215,2.877263307571411,1.0073504447937012,1.114467978477478,1.1682254076004028,1.3883947134017944,1.4643616676330566,1.676411509513855,1.8194533586502075,1.9930609464645386,2.221583604812622,2.3295748233795166,2.6789944171905518,2.7772226333618164,2.899657964706421,3.2354772090911865,3.448434352874756,2.0808722972869873,2.1075470447540283,2.0345239639282227,2.2754552364349365,2.31719970703125,2.4943459033966064,2.5303778648376465,2.685730218887329,2.838897228240967,2.976848840713501,3.2248167991638184,3.4149961471557617,3.576549768447876,3.845418930053711,4.127343654632568
A5,1.1251806020736694,0.9013792276382446,0.5395350456237793,0.38620349764823914,0.0,0.372510701417923,0.587211549282074,0.8675456643104553,1.180503487586975,1.3416563272476196,1.600860595703125,1.63017737865448,1.8298555612564087,1.8894039392471313,2.100893974304199,0.8761407136917114,0.8424011468887329,0.5273521542549133,0.6673956513404846,0.600664496421814,0.8307915925979614,0.9866664409637451,1.1935194730758667,1.472397804260254,1.60709547996521,1.9254945516586304,1.960188627243042,2.103351593017578,2.248167037963867,2.391472101211548,1.0338683128356934,1.0770694017410278,0.9384651780128479,1.0970216989517212,1.104466438293457,1.303566575050354,1.4138270616531372,1.6033928394317627,1.8188998699188232,1.94326913356781,2.2602272033691406,2.2888364791870117,2.4590086936950684,2.650721549987793,2.8162760734558105,1.3843764066696167,1.4760987758636475,1.4782875776290894,1.6479474306106567,1.6578545570373535,1.8411777019500732,1.9086284637451172,2.0729641914367676,2.242236852645874,2.3570051193237305,2.683346748352051,2.7385106086730957,2.8883261680603027,3.201462984085083,3.444634437561035,2.3949532508850098,2.418421983718872,2.323307991027832,2.532109022140503,2.526350259780884,2.68062424659729,2.663388729095459,2.8041718006134033,2.9095098972320557,3.038179874420166,3.2476961612701416,3.4199283123016357,3.585336446762085,3.822913408279419,4.109232425689697
A6,1.3843439817428589,1.1298073530197144,0.8475740551948547,0.5555109977722168,0.372510701417923,0.0,0.3925652503967285,0.5470649600028992,0.8960891962051392,1.0162770748138428,1.3215601444244385,1.416408658027649,1.6305627822875977,1.76421058177948,2.0171799659729004,1.2111090421676636,1.0892411470413208,0.7328780889511108,0.6678611040115356,0.4698793292045593,0.5393074750900269,0.6537423133850098,0.8230465054512024,1.107917070388794,1.2407245635986328,1.5709336996078491,1.636481761932373,1.8018772602081299,1.9927029609680176,2.1675808429718018,1.2236130237579346,1.1498247385025024,0.9485309720039368,0.9715667963027954,0.9166444540023804,1.0303764343261719,1.0975594520568848,1.2534191608428955,1.4549089670181274,1.5725460052490234,1.8884217739105225,1.9268025159835815,2.1095027923583984,2.3222124576568604,2.5048227310180664,1.4040560722351074,1.45424485206604,1.3892505168914795,1.4729218482971191,1.4567917585372925,1.5809701681137085,1.616312861442566,1.7478116750717163,1.8972978591918945,1.9988406896591187,2.3181984424591064,2.3666162490844727,2.5195839405059814,2.8324201107025146,3.0807626247406006,2.2455050945281982,2.2859649658203125,2.1985514163970947,2.3586764335632324,2.3257014751434326,2.4369983673095703,2.3946714401245117,2.5048325061798096,2.594187021255493,2.7027761936187744,2.904263973236084,3.0630905628204346,3.221261978149414,3.4542076587677,3.738481283187866
A7,1.6969876289367676,1.467208981513977,1.1256521940231323,0.9000499844551086,0.587211549282074,0.3925652503967285,0.0,0.37531691789627075,0.6100200414657593,0.8493056893348694,1.1006886959075928,1.182238221168518,1.4569131135940552,1.5624547004699707,1.8670364618301392,1.4480761289596558,1.3957219123840332,1.0179436206817627,1.0176548957824707,0.7233003973960876,0.783069908618927,0.6716781854629517,0.8568518757820129,1.0186822414398193,1.2067031860351562,1.4807993173599243,1.5312961339950562,1.7527028322219849,1.9203317165374756,2.1386234760284424,1.5768593549728394,1.522979497909546,1.2819238901138306,1.3044636249542236,1.1569160223007202,1.248797059059143,1.188156247138977,1.343475580215454,1.4476368427276611,1.5939663648605347,1.8595751523971558,1.87340247631073,2.100830078125,2.2871131896972656,2.5112199783325195,1.7952172756195068,1.8237653970718384,1.723539113998413,1.7733619213104248,1.6918396949768066,1.79096519947052,1.7420883178710938,1.8666346073150635,1.9410208463668823,2.058321952819824,2.341787815093994,2.344595193862915,2.535177230834961,2.8196280002593994,3.101581573486328,2.576151132583618,2.602562665939331,2.4888062477111816,2.618105173110962,2.5372254848480225,2.628404140472412,2.530527353286743,2.62890362739563,2.6625583171844482,2.7652714252471924,2.9184494018554688,3.060220956802368,3.227546215057373,3.423737049102783,3.714501142501831
A8,1.9014222621917725,1.6667934656143188,1.3767800331115723,1.1006512641906738,0.8675456643104553,0.5470649600028992,0.37531691789627075,0.0,0.3688281774520874,0.4948837459087372,0.810229480266571,0.9766717553138733,1.2449380159378052,1.441906213760376,1.7695866823196411,1.7400321960449219,1.63515043258667,1.2648669481277466,1.1550654172897339,0.8622146248817444,0.7402433753013611,0.5474681258201599,0.5696195363998413,0.686981737613678,0.8368823528289795,1.1074984073638916,1.174900770187378,1.4124723672866821,1.6227164268493652,1.8668798208236694,1.7598310708999634,1.6465864181518555,1.4091285467147827,1.3250876665115356,1.1648298501968384,1.1364024877548218,1.0254929065704346,1.0883320569992065,1.1490728855133057,1.251866102218628,1.4984840154647827,1.4988272190093994,1.728325605392456,1.9230762720108032,2.1584086418151855,1.85000479221344,1.8727813959121704,1.7422235012054443,1.713325023651123,1.63267183303833,1.6509284973144531,1.5761970281600952,1.6341915130615234,1.6782338619232178,1.752626895904541,2.017632007598877,1.9980461597442627,2.1773900985717773,2.452385902404785,2.735046863555908,2.4872524738311768,2.5455071926116943,2.458972930908203,2.541443347930908,2.4478495121002197,2.4848432540893555,2.3700637817382812,2.4196624755859375,2.4389145374298096,2.5026490688323975,2.647304058074951,2.760159969329834,2.904108762741089,3.0913782119750977,3.370516538619995
A9,2.2474558353424072,2.0208427906036377,1.7079097032546997,1.4509494304656982,1.180503487586975,0.8960891962051392,0.6100200414657593,0.3688281774520874,0.0,0.37807244062423706,0.5892527103424072,0.7964990139007568,1.126875400543213,1.327812910079956,1.7083231210708618,2.052649974822998,1.9736580848693848,1.5910617113113403,1.5009245872497559,1.1739778518676758,1.0528197288513184,0.7513924241065979,0.7369534969329834,0.6485533118247986,0.8339130282402039,0.9959684610366821,1.0564275979995728,1.360266923904419,1.5565993785858154,1.8495562076568604,2.1183176040649414,2.005375862121582,1.74421226978302,1.651708722114563,1.4414080381393433,1.3860135078430176,1.1786555051803589,1.2121257781982422,1.1526596546173096,1.2665077447891235,1.4327163696289062,1.4048190116882324,1.6797072887420654,1.8461616039276123,2.124934196472168,2.214024066925049,2.21842622756958,2.060910701751709,1.9986612796783447,1.873010516166687,1.8571231365203857,1.7106430530548096,1.7439146041870117,1.7053298950195312,1.7811427116394043,1.9929254055023193,1.9201674461364746,2.132793426513672,2.3693466186523438,2.6820552349090576,2.7761106491088867,2.827146530151367,2.725900888442993,2.7732083797454834,2.639528512954712,2.6467080116271973,2.4824132919311523,2.5081002712249756,2.471125364303589,2.5172863006591797,2.608731985092163,2.6943624019622803,2.839164972305298,2.984191417694092,3.2639670372009277
A10,2.310181140899658,2.0949647426605225,1.8282185792922974,1.5523524284362793,1.3416563272476196,1.0162770748138428,0.8493056893348694,0.4948837459087372,0.37807244062423706,0.0,0.3998597264289856,0.7000932693481445,0.9523958563804626,1.2532532215118408,1.610751986503601,2.21148943901062,2.0981836318969727,1.7417505979537964,1.587507963180542,1.3111070394515991,1.0920500755310059,0.8464859127998352,0.6493687033653259,0.524152934551239,0.5287319421768188,0.6626515984535217,0.7034999132156372,0.9971815943717957,1.2363851070404053,1.5348851680755615,2.1859633922576904,2.047818660736084,1.8269412517547607,1.6687833070755005,1.5030648708343506,1.359104871749878,1.1753555536270142,1.0911916494369507,1.0139333009719849,1.0157028436660767,1.1547247171401978,1.0774983167648315,1.319120168685913,1.4813294410705566,1.750948429107666,2.1844072341918945,2.2132275104522705,2.062958002090454,1.9551794528961182,1.8716082572937012,1.7901272773742676,1.6651945114135742,1.6196128129959106,1.5797944068908691,1.576375961303711,1.7721061706542969,1.6763299703598022,1.8421099185943604,2.06826114654541,2.3645668029785156,2.665126323699951,2.760061025619507,2.7036237716674805,2.726243257522583,2.6102352142333984,2.5733673572540283,2.4235644340515137,2.3986399173736572,2.3738138675689697,2.3708748817443848,2.473677158355713,2.5237326622009277,2.6252353191375732,2.770576238632202,3.0255966186523438
A11,2.554624319076538,2.37699294090271,2.083557367324829,1.8517210483551025,1.600860595703125,1.3215601444244385,1.1006886959075928,0.810229480266571,0.5892527103424072,0.3998597264289856,0.0,0.3697141110897064,0.6381569504737854,0.9464424252510071,1.3307856321334839,2.4658780097961426,2.39867901802063,2.0527191162109375,1.937748670578003,1.667197346687317,1.4778176546096802,1.231473445892334,1.0471959114074707,0.8678641319274902,0.8064156174659729,0.7395344972610474,0.6064587831497192,0.8918259143829346,1.0234477519989014,1.3480850458145142,2.491765260696411,2.391878843307495,2.191643476486206,2.0526204109191895,1.8971402645111084,1.757932186126709,1.5654603242874146,1.4607306718826294,1.3284547328948975,1.2814600467681885,1.3146543502807617,1.1365222930908203,1.3482426404953003,1.4011181592941284,1.6792659759521484,2.5211846828460693,2.5830283164978027,2.4508941173553467,2.348130464553833,2.270765781402588,2.1781578063964844,2.0402209758758545,1.9680246114730835,1.8868353366851807,1.8482587337493896,1.9862505197525024,1.8242695331573486,1.972429633140564,2.1317245960235596,2.4340829849243164,3.0367205142974854,3.1469647884368896,3.100112199783325,3.1171741485595703,2.99727725982666,2.9432413578033447,2.7790534496307373,2.7288260459899902,2.6762351989746094,2.6422157287597656,2.7072062492370605,2.7129180431365967,2.7843711376190186,2.8809826374053955,3.1108529567718506
A12,2.5332911014556885,2.4016566276550293,2.0843751430511475,1.9115461111068726,1.63017737865448,1.416408658027649,1.182238221168518,0.9766717553138733,0.7964990139007568,0.7000932693481445,0.3697141110897064,0.0,0.36924847960472107,0.5846157073974609,0.9848571419715881,2.4590280055999756,2.4463088512420654,2.1262857913970947,2.06520676612854,1.8214913606643677,1.682904839515686,1.4780434370040894,1.33306086063385,1.210123062133789,1.1391576528549194,1.070928692817688,0.8444865942001343,1.015295147895813,0.9936208724975586,1.2680548429489136,2.544400453567505,2.5022060871124268,2.3382816314697266,2.243398427963257,2.1222426891326904,2.021082878112793,1.8670105934143066,1.7847471237182617,1.685104250907898,1.627139687538147,1.6600126028060913,1.4457305669784546,1.6005204916000366,1.5758641958236694,1.811044454574585,2.6348583698272705,2.7444276809692383,2.6523196697235107,2.5903427600860596,2.539621114730835,2.475100040435791,2.3651316165924072,2.306340456008911,2.2464826107025146,2.2013540267944336,2.34208345413208,2.172206163406372,2.295431613922119,2.432689905166626,2.7201921939849854,3.2743985652923584,3.3949828147888184,3.3567070960998535,3.4028096199035645,3.303307294845581,3.2678921222686768,3.1203196048736572,3.0796244144439697,3.0391697883605957,3.006234884262085,3.075549364089966,3.0752053260803223,3.134333372116089,3.2207868099212646,3.4357645511627197
A13,2.61323881149292,2.519094705581665,2.2295284271240234,2.0794882774353027,1.8298555612564087,1.6305627822875977,1.4569131135940552,1.2449380159378052,1.126875400543213,0.9523958563804626,0.6381569504737854,0.36924847960472107,0.0,0.41846761107444763,0.728028416633606,2.6180100440979004,2.609658718109131,2.325714349746704,2.2541122436523438,2.0570485591888428,1.8975926637649536,1.744080662727356,1.5530977249145508,1.4541912078857422,1.2942848205566406,1.1799334287643433,0.8616797924041748,0.8853604197502136,0.7254118919372559,0.9481443166732788,2.669668197631836,2.6438887119293213,2.528923749923706,2.4207704067230225,2.346601724624634,2.220775604248047,2.1053874492645264,1.9787213802337646,1.8927606344223022,1.7646058797836304,1.7677057981491089,1.4970946311950684,1.5630308389663696,1.4557421207427979,1.633484959602356,2.7262935638427734,2.87908935546875,2.817239999771118,2.7519755363464355,2.743983745574951,2.6580426692962646,2.5804836750030518,2.484466075897217,2.43876314163208,2.3401944637298584,2.4647436141967773,2.2777585983276367,2.342452049255371,2.447883129119873,2.7024614810943604,3.3733386993408203,3.5293028354644775,3.5274925231933594,3.574394702911377,3.5007436275482178,3.4484477043151855,3.3233883380889893,3.2562506198883057,3.2329180240631104,3.1683707237243652,3.2478506565093994,3.2189583778381348,3.236726760864258,3.3155739307403564,3.4973304271698
A14,2.634448528289795,2.5809969902038574,2.260775089263916,2.174177408218384,1.8894039392471313,1.76421058177948,1.5624547004699707,1.441906213760376,1.327812910079956,1.2532532215118408,0.9464424252510071,0.5846157073974609,0.41846761107444763,0.0,0.42371511459350586,2.6177783012390137,2.6723384857177734,2.409233331680298,2.403350830078125,2.2157275676727295,2.1204404830932617,1.9784456491470337,1.8483749628067017,1.7744765281677246,1.6643325090408325,1.579003095626831,1.2756843566894531,1.293197751045227,1.069716453552246,1.2063193321228027,2.7557809352874756,2.787860870361328,2.6892459392547607,2.6361887454986572,2.5714223384857178,2.496833562850952,2.3943498134613037,2.313039541244507,2.2446398735046387,2.1506378650665283,2.1710727214813232,1.9099315404891968,1.9802117347717285,1.8536258935928345,2.0094447135925293,2.8984110355377197,3.0774407386779785,3.0427191257476807,3.021770715713501,3.016249179840088,2.9699461460113525,2.900038003921509,2.837827205657959,2.8024072647094727,2.729633092880249,2.865614175796509,2.681936264038086,2.7584142684936523,2.8603272438049316,3.1165971755981445,3.666219711303711,3.8122634887695312,3.799368381500244,3.8757598400115967,3.8087985515594482,3.7848312854766846,3.663541316986084,3.620720863342285,3.5990517139434814,3.5535855293273926,3.6311137676239014,3.612609386444092,3.642064094543457,3.7146973609924316,3.8996315002441406
A15,2.6901495456695557,2.691053628921509,2.3964016437530518,2.3573126792907715,2.100893974304199,2.0171799659729004,1.8670364618301392,1.7695866823196411,1.7083231210708618,1.610751986503601,1.3307856321334839,0.9848571419715881,0.728028416633606,0.42371511459350586,0.0,2.7448129653930664,2.824777126312256,2.6108973026275635,2.6197636127471924,2.4828310012817383,2.396087884902954,2.3064656257629395,2.1666884422302246,2.1300055980682373,1.9809117317199707,1.8975330591201782,1.5651930570602417,1.486303448677063,1.1765069961547852,1.1820964813232422,2.8784728050231934,2.9495320320129395,2.9056050777435303,2.865185022354126,2.8487937450408936,2.7773501873016357,2.7187600135803223,2.624758243560791,2.5852954387664795,2.4568188190460205,2.4782509803771973,2.195486545562744,2.201911211013794,2.0261240005493164,2.1122610569000244,3.0239312648773193,3.2516398429870605,3.258441925048828,3.2572379112243652,3.2929821014404297,3.24967098236084,3.216953754425049,3.143301248550415,3.1338014602661133,3.0333380699157715,3.171725034713745,2.989203691482544,3.0235133171081543,3.1109812259674072,3.3347718715667725,3.849699020385742,4.02103853225708,4.03662633895874,4.13058614730835,4.09407901763916,4.072784423828125,3.979074001312256,3.9295947551727295,3.9313321113586426,3.8732213973999023,3.968017101287842,3.938957691192627,3.943256139755249,4.01836633682251,4.1802778244018555
B1,0.6169460415840149,0.5192344784736633,0.4258781671524048,0.732079029083252,0.8761407136917114,1.2111090421676636,1.4480761289596558,1.7400321960449219,2.052649974822998,2.21148943901062,2.4658780097961426,2.4590280055999756,2.6180100440979004,2.6177783012390137,2.7448129653930664,0.0,0.3972657024860382,0.6217575073242188,0.9626819491386414,1.175222396850586,1.4854918718338013,1.748674988746643,1.9817694425582886,2.3007471561431885,2.427907943725586,2.7668395042419434,2.7997868061065674,2.896800994873047,3.0162599086761475,3.0965566635131836,0.6430863738059998,0.957092821598053,1.0433896780014038,1.3875732421875,1.5404161214828491,1.8373830318450928,2.060436487197876,2.2910046577453613,2.5724236965179443,2.7037353515625,3.0521187782287598,3.1050422191619873,3.2413413524627686,3.4385907649993896,3.5582175254821777,1.2929275035858154,1.432832956314087,1.5880600214004517,1.9110000133514404,1.9992282390594482,2.2810752391815186,2.4449853897094727,2.663783550262451,2.904677152633667,3.0398309230804443,3.3945865631103516,3.5020573139190674,3.630298614501953,3.9675517082214355,4.178036212921143,2.5069098472595215,2.489015579223633,2.396686315536499,2.7056496143341064,2.7838637828826904,3.026750326156616,3.0945563316345215,3.297980785369873,3.4664652347564697,3.6384730339050293,3.8917524814605713,4.105306625366211,4.284090995788574,4.558999538421631,4.8482890129089355
B2,0.6453520059585571,0.34228911995887756,0.4448883831501007,0.5517194867134094,0.8424011468887329,1.0892411470413208,1.3957219123840332,1.63515043258667,1.9736580848693848,2.0981836318969727,2.39867901802063,2.4463088512420654,2.609658718109131,2.6723384857177734,2.824777126312256,0.3972657024860382,0.0,0.4123370349407196,0.649882435798645,0.9470226168632507,1.228878378868103,1.5449038743972778,1.767058253288269,2.1121160984039307,2.2348127365112305,2.5970137119293213,2.66939115524292,2.7684884071350098,2.9360597133636475,3.0266902446746826,0.3458709418773651,0.5703500509262085,0.6734732985496521,1.0227439403533936,1.2184855937957764,1.5149016380310059,1.7805274724960327,2.0093576908111572,2.320960760116577,2.452864646911621,2.8186440467834473,2.904492139816284,3.0369114875793457,3.268810749053955,3.385637044906616,0.9459441304206848,1.0406668186187744,1.1934651136398315,1.5257776975631714,1.6343519687652588,1.9220613241195679,2.116068124771118,2.3376526832580566,2.604614019393921,2.740849256515503,3.1046698093414307,3.24063777923584,3.3608710765838623,3.7132716178894043,3.9098052978515625,2.114919424057007,2.092533826828003,2.004514694213867,2.3139584064483643,2.40482497215271,2.648981809616089,2.7367446422576904,2.9427330493927,3.1317684650421143,3.3073372840881348,3.5783309936523438,3.8020126819610596,3.981412887573242,4.273740768432617,4.562621593475342
B3,0.9492824673652649,0.6267877817153931,0.4592764377593994,0.31369835138320923,0.5273521542549133,0.7328780889511108,1.0179436206817627,1.2648669481277466,1.5910617113113403,1.7417505979537964,2.0527191162109375,2.1262857913970947,2.325714349746704,2.409233331680298,2.6108973026275635,0.6217575073242188,0.4123370349407196,0.0,0.39061370491981506,0.5626319646835327,0.8884645104408264,1.15952467918396,1.4136968851089478,1.7409595251083374,1.8992395401000977,2.2599873542785645,2.350987672805786,2.491240978240967,2.6790390014648438,2.8115792274475098,0.6642714142799377,0.6810322403907776,0.5385659337043762,0.8479686975479126,0.9328553080558777,1.2360780239105225,1.4419314861297607,1.6901177167892456,1.9736011028289795,2.1330156326293945,2.4912123680114746,2.582738161087036,2.7502336502075195,2.9909210205078125,3.1428346633911133,1.0830895900726318,1.103322982788086,1.1358901262283325,1.3991848230361938,1.4324243068695068,1.7011748552322388,1.8342982530593872,2.0597774982452393,2.290457248687744,2.444157123565674,2.799034595489502,2.9178473949432373,3.066959857940674,3.414015769958496,3.6358745098114014,2.1140072345733643,2.0863022804260254,1.9663082361221313,2.227135419845581,2.2582342624664307,2.4750664234161377,2.5095672607421875,2.704836368560791,2.856078624725342,3.0292434692382812,3.2743828296661377,3.491668224334717,3.681368112564087,3.9567244052886963,4.254884243011475
B4,1.112492322921753,0.7612636089324951,0.7160267233848572,0.38621392846107483,0.6673956513404846,0.6678611040115356,1.0176548957824707,1.1550654172897339,1.5009245872497559,1.587507963180542,1.937748670578003,2.06520676612854,2.2541122436523438,2.403350830078125,2.6197636127471924,0.9626819491386414,0.649882435798645,0.39061370491981506,0.0,0.3927285373210907,0.5949960947036743,0.9478847980499268,1.1546289920806885,1.5110965967178345,1.6450082063674927,2.0239322185516357,2.1495492458343506,2.2833080291748047,2.5162265300750732,2.655168294906616,0.7339534163475037,0.5346824526786804,0.28987395763397217,0.4723146855831146,0.6101176142692566,0.8762344717979431,1.137821078300476,1.3604488372802734,1.677138328552246,1.8201855421066284,2.192762613296509,2.309570789337158,2.465536594390869,2.73537540435791,2.881057024002075,0.8765880465507507,0.8422086238861084,0.8163704872131348,1.0334945917129517,1.0907033681869507,1.3334139585494995,1.4962695837020874,1.7024568319320679,1.9582208395004272,2.0962560176849365,2.458693504333496,2.59822678565979,2.731592893600464,3.089463233947754,3.2962610721588135,1.7724586725234985,1.7657086849212646,1.6667174100875854,1.901204228401184,1.9360345602035522,2.127014398574829,2.1728668212890625,2.34965443611145,2.5183255672454834,2.6788787841796875,2.9413235187530518,3.156658172607422,3.336341142654419,3.625216484069824,3.917417049407959
B5,1.4226945638656616,1.0915048122406006,0.912090539932251,0.5651324391365051,0.600664496421814,0.4698793292045593,0.7233003973960876,0.8622146248817444,1.1739778518676758,1.3111070394515991,1.667197346687317,1.8214913606643677,2.0570485591888428,2.2157275676727295,2.4828310012817383,1.175222396850586,0.9470226168632507,0.5626319646835327,0.3927285373210907,0.0,0.38182830810546875,0.6098184585571289,0.8946433663368225,1.2130573987960815,1.4125922918319702,1.782957673072815,1.9302217960357666,2.1207122802734375,2.3671064376831055,2.5541672706604004,1.1024675369262695,0.9238791465759277,0.5918539762496948,0.6439412236213684,0.5205320715904236,0.7735108137130737,0.8984910845756531,1.1616458892822266,1.423508882522583,1.6158198118209839,1.9721368551254272,2.094172239303589,2.300556182861328,2.5741748809814453,2.764580011367798,1.24521005153656,1.1669182777404785,1.0381990671157837,1.1501654386520386,1.085709571838379,1.291405439376831,1.347640872001648,1.5626800060272217,1.7559691667556763,1.9249956607818604,2.2705307006835938,2.3834686279296875,2.5601303577423096,2.9073493480682373,3.1488797664642334,1.972138524055481,1.949673056602478,1.811743974685669,1.9874600172042847,1.9472888708114624,2.1073367595672607,2.0808050632476807,2.2476961612701416,2.3602700233459473,2.521902084350586,2.7447595596313477,2.9536406993865967,3.150355100631714,3.4144675731658936,3.7201125621795654
B6,1.6172860860824585,1.2986536026000977,1.1638256311416626,0.7881585359573364,0.8307915925979614,0.5393074750900269,0.783069908618927,0.7402433753013611,1.0528197288513184,1.0920500755310059,1.4778176546096802,1.682904839515686,1.8975926637649536,2.1204404830932617,2.396087884902954,1.4854918718338013,1.228878378868103,0.8884645104408264,0.5949960947036743,0.38182830810546875,0.0,0.4057510197162628,0.5695540308952332,0.9262082576751709,1.0833983421325684,1.4681309461593628,1.642760992050171,1.8264087438583374,2.112365245819092,2.3080973625183105,1.300435185432434,1.05563485622406,0.7667111754417419,0.6002991199493408,0.45422080159187317,0.4920094609260559,0.6194878816604614,0.809772253036499,1.093949794769287,1.2513986825942993,1.6169719696044922,1.748613953590393,1.9440370798110962,2.237278461456299,2.4256503582000732,1.261985182762146,1.1830291748046875,1.0088738203048706,0.9965062737464905,0.9417530298233032,1.0431791543960571,1.0924832820892334,1.2441415786743164,1.439691424369812,1.57017982006073,1.9171806573867798,2.029625654220581,2.188420057296753,2.538323402404785,2.7717478275299072,1.8079360723495483,1.8305749893188477,1.7323219776153564,1.8513710498809814,1.8011270761489868,1.8985337018966675,1.8617228269577026,1.978354573249817,2.0908596515655518,2.2161989212036133,2.4457790851593018,2.633432149887085,2.8080925941467285,3.074702262878418,3.3695247173309326
B7,1.948362946510315,1.6415014266967773,1.434099555015564,1.0826784372329712,0.9866664409637451,0.6537423133850098,0.6716781854629517,0.5474681258201599,0.7513924241065979,0.8464859127998352,1.231473445892334,1.4780434370040894,1.744080662727356,1.9784456491470337,2.3064656257629395,1.748674988746643,1.5449038743972778,1.15952467918396,0.9478847980499268,0.6098184585571289,0.4057510197162628,0.0,0.3790636658668518,0.621228814125061,0.891643226146698,1.2464938163757324,1.4518053531646729,1.7083356380462646,2.004664659500122,2.254467248916626,1.665045976638794,1.4451212882995605,1.1209843158721924,0.9739347100257874,0.7047275900840759,0.6747980117797852,0.518721342086792,0.719032347202301,0.8720074892044067,1.097622036933899,1.422136902809143,1.556219458580017,1.8168039321899414,2.107192039489746,2.3483245372772217,1.6677337884902954,1.5709178447723389,1.3573061227798462,1.2860770225524902,1.1315828561782837,1.1716235876083374,1.0756454467773438,1.211187481880188,1.2983392477035522,1.4598878622055054,1.7692843675613403,1.8380428552627563,2.051142930984497,2.3793270587921143,2.653956413269043,2.107330799102783,2.1141340732574463,1.9857659339904785,2.04854679107666,1.92738938331604,1.9843393564224243,1.865612506866455,1.959489107131958,1.9963669776916504,2.113816022872925,2.286454200744629,2.458418130874634,2.6492388248443604,2.880138397216797,3.187934637069702
B8,2.0825605392456055,1.7999950647354126,1.6212661266326904,1.2679986953735352,1.1935194730758667,0.8230465054512024,0.8568518757820129,0.5696195363998413,0.7369534969329834,0.6493687033653259,1.0471959114074707,1.33306086063385,1.5530977249145508,1.8483749628067017,2.1666884422302246,1.9817694425582886,1.767058253288269,1.4136968851089478,1.1546289920806885,0.8946433663368225,0.5695540308952332,0.3790636658668518,0.0,0.3767099678516388,0.5350723266601562,0.913898766040802,1.133893370628357,1.3724867105484009,1.701748251914978,1.9533222913742065,1.8285636901855469,1.5951557159423828,1.3325151205062866,1.1038668155670166,0.9096958637237549,0.7153553366661072,0.5575271248817444,0.5220198631286621,0.6444684267044067,0.766413688659668,1.0919709205627441,1.2045971155166626,1.4440208673477173,1.7412608861923218,1.9763388633728027,1.7283955812454224,1.6705344915390015,1.4680079221725464,1.3258261680603027,1.2242233753204346,1.1508845090866089,1.059824824333191,1.0712194442749023,1.1378066539764404,1.2083697319030762,1.5057728290557861,1.5472577810287476,1.7246074676513672,2.045764446258545,2.3114962577819824,2.067784547805786,2.132005214691162,2.059232234954834,2.0813651084899902,1.9716306924819946,1.9612196683883667,1.8439970016479492,1.8654673099517822,1.9012000560760498,1.9557372331619263,2.1309421062469482,2.258889675140381,2.406251907348633,2.6315438747406006,2.917241096496582
B9,2.427607536315918,2.154003858566284,1.9429000616073608,1.6044594049453735,1.472397804260254,1.107917070388794,1.0186822414398193,0.686981737613678,0.6485533118247986,0.524152934551239,0.8678641319274902,1.210123062133789,1.4541912078857422,1.7744765281677246,2.1300055980682373,2.3007471561431885,2.1121160984039307,1.7409595251083374,1.5110965967178345,1.2130573987960815,0.9262082576751709,0.621228814125061,0.3767099678516388,0.0,0.38524767756462097,0.6654641628265381,0.9385571479797363,1.2529433965682983,1.5949344635009766,1.8968278169631958,2.193021774291992,1.9679532051086426,1.68918776512146,1.4650273323059082,1.2296409606933594,1.0217750072479248,0.7434406280517578,0.6382161974906921,0.5108912587165833,0.6475277543067932,0.8715243339538574,0.9728605151176453,1.282915472984314,1.5709596872329712,1.8585340976715088,2.1036927700042725,2.037003517150879,1.8146990537643433,1.6387481689453125,1.4916770458221436,1.3687176704406738,1.1815534830093384,1.1383576393127441,1.074455976486206,1.1332050561904907,1.3589998483657837,1.3314509391784668,1.554700255393982,1.8390191793441772,2.143129348754883,2.3570446968078613,2.4179470539093018,2.335268497467041,2.310617446899414,2.1550240516662598,2.0980331897735596,1.9190046787261963,1.8975610733032227,1.8600990772247314,1.8814785480499268,1.9926612377166748,2.082902669906616,2.2275590896606445,2.408615827560425,2.6967363357543945
B10,2.46173095703125,2.2186594009399414,2.037086009979248,1.709821343421936,1.60709547996521,1.2407245635986328,1.2067031860351562,0.8368823528289795,0.8339130282402039,0.5287319421768188,0.8064156174659729,1.1391576528549194,1.2942848205566406,1.6643325090408325,1.9809117317199707,2.427907943725586,2.2348127365112305,1.8992395401000977,1.6450082063674927,1.4125922918319702,1.0833983421325684,0.891643226146698,0.5350723266601562,0.38524767756462097,0.0,0.3914186954498291,0.6519588828086853,0.9108763933181763,1.2857918739318848,1.571624517440796,2.2651495933532715,2.046574354171753,1.8319576978683472,1.573928952217102,1.419857382774353,1.1551023721694946,0.9707661867141724,0.7327402234077454,0.6280790567398071,0.5029851198196411,0.68510901927948,0.6916457414627075,0.939182460308075,1.221323847770691,1.486833930015564,2.1090006828308105,2.095233678817749,1.9087494611740112,1.712101936340332,1.639566421508789,1.4629387855529785,1.3378849029541016,1.1983894109725952,1.1546196937561035,1.0798014402389526,1.2809070348739624,1.2144525051116943,1.3528679609298706,1.6204497814178467,1.898553729057312,2.3372066020965576,2.455626964569092,2.4313154220581055,2.3978874683380127,2.280461072921753,2.1847896575927734,2.0405678749084473,1.962341547012329,1.9510488510131836,1.9082086086273193,2.0363869667053223,2.075549364089966,2.155139684677124,2.3327202796936035,2.582254648208618
B11,2.7905466556549072,2.5683557987213135,2.368988513946533,2.0607244968414307,1.9254945516586304,1.5709336996078491,1.4807993173599243,1.1074984073638916,0.9959684610366821,0.6626515984535217,0.7395344972610474,1.070928692817688,1.1799334287643433,1.579003095626831,1.8975330591201782,2.7668395042419434,2.5970137119293213,2.2599873542785645,2.0239322185516357,1.782957673072815,1.4681309461593628,1.2464938163757324,0.913898766040802,0.6654641628265381,0.3914186954498291,0.0,0.37632548809051514,0.6949203014373779,1.0735704898834229,1.4002147912979126,2.6284024715423584,2.425692081451416,2.2195582389831543,1.9643207788467407,1.807144284248352,1.537114143371582,1.3247764110565186,1.0659946203231812,0.856251060962677,0.6571059823036194,0.593306303024292,0.4186684191226959,0.7044858336448669,0.9255159497261047,1.244265079498291,2.473907709121704,2.4768149852752686,2.2941055297851562,2.0829668045043945,2.0062029361724854,1.7999602556228638,1.6434962749481201,1.4562370777130127,1.3326765298843384,1.196702241897583,1.288707971572876,1.1148120164871216,1.2348012924194336,1.4200005531311035,1.7194498777389526,2.6634321212768555,2.79764723777771,2.785059928894043,2.723829507827759,2.591594696044922,2.456676959991455,2.285423517227173,2.158932685852051,2.100691080093384,2.0033950805664062,2.0743114948272705,2.0460007190704346,2.0808827877044678,2.199050188064575,2.4198741912841797
B12,2.7873904705047607,2.606685161590576,2.3897206783294678,2.12143611907959,1.960188627243042,1.636481761932373,1.5312961339950562,1.174900770187378,1.0564275979995728,0.7034999132156372,0.6064587831497192,0.8444865942001343,0.8616797924041748,1.2756843566894531,1.5651930570602417,2.7997868061065674,2.66939115524292,2.350987672805786,2.1495492458343506,1.9302217960357666,1.642760992050171,1.4518053531646729,1.133893370628357,0.9385571479797363,0.6519588828086853,0.37632548809051514,0.0,0.39064520597457886,0.7113627195358276,1.0561842918395996,2.693958044052124,2.5391528606414795,2.3730647563934326,2.1473023891448975,2.030250310897827,1.787082552909851,1.6177175045013428,1.3781172037124634,1.2150087356567383,1.0001449584960938,0.9246098399162292,0.6357637047767639,0.759032666683197,0.8039280772209167,1.0960721969604492,2.5745420455932617,2.6360716819763184,2.4962987899780273,2.320040464401245,2.28153920173645,2.096937417984009,1.9772686958312988,1.7967907190322876,1.7005921602249146,1.5434921979904175,1.624132752418518,1.4241052865982056,1.4831939935684204,1.6088950634002686,1.8802558183670044,2.8846490383148193,3.044140577316284,3.0523462295532227,3.0181283950805664,2.9123904705047607,2.7889792919158936,2.6393284797668457,2.512885808944702,2.468858242034912,2.359929323196411,2.4309558868408203,2.378845453262329,2.379826784133911,2.4724512100219727,2.6590652465820312
B13,2.802734375,2.6585137844085693,2.4747748374938965,2.2309446334838867,2.103351593017578,1.8018772602081299,1.7527028322219849,1.4124723672866821,1.360266923904419,0.9971815943717957,0.8918259143829346,1.015295147895813,0.8853604197502136,1.293197751045227,1.486303448677063,2.896800994873047,2.7684884071350098,2.491240978240967,2.2833080291748047,2.1207122802734375,1.8264087438583374,1.7083356380462646,1.3724867105484009,1.2529433965682983,0.9108763933181763,0.6949203014373779,0.39064520597457886,0.0,0.4248426854610443,0.7136075496673584,2.751289129257202,2.6146435737609863,2.506948232650757,2.274569034576416,2.2198824882507324,1.9649162292480469,1.8618574142456055,1.5946455001831055,1.4869956970214844,1.205190658569336,1.128441333770752,0.8027580380439758,0.7187958359718323,0.6268677115440369,0.8124427795410156,2.5927741527557373,2.703587532043457,2.604414463043213,2.4341437816619873,2.4538679122924805,2.2578141689300537,2.194326162338257,1.984667181968689,1.9307894706726074,1.7165766954421997,1.7914116382598877,1.5969573259353638,1.5606098175048828,1.655016303062439,1.8633469343185425,2.9147984981536865,3.1159658432006836,3.1690049171447754,3.1437766551971436,3.0778324604034424,2.944733142852783,2.83532977104187,2.688004970550537,2.679680585861206,2.542419910430908,2.639594793319702,2.5647060871124268,2.5165305137634277,2.6133370399475098,2.7574493885040283
