,A1,A2,A3,A4,A5,A6,A7,A8,A9,A10,A11,A12,A13,A14,A15,B1,B2,B3,B4,B5,B6,B7,B8,B9,B10,B11,B12,B13,B14,B15,C1,C2,C3,C4,C5,C6,C7,C8,C9,C10,C11,C12,C13,C14,C15,D1,D2,D3,D4,D5,D6,D7,D8,D9,D10,D11,D12,D13,D14,D15,E1,E2,E3,E4,E5,E6,E7,E8,E9,E10,E11,E12,E13,E14,E15
A1,0.0,0.3704037368297577,0.6724627614021301,1.0179948806762695,1.310953974723816,1.6603096723556519,1.946986198425293,2.162532329559326,2.469386339187622,2.7536110877990723,3.119969606399536,3.4400956630706787,3.7254257202148438,4.0030694007873535,4.225271224975586,3.1196444034576416,2.814765214920044,2.6607091426849365,2.36191987991333,2.522507429122925,2.3406176567077637,2.69156551361084,2.8643786907196045,2.791931629180908,3.1744894981384277,3.2729125022888184,3.6273865699768066,3.753878355026245,4.082606792449951,4.275997161865234,3.1149439811706543,2.836054563522339,2.596503496170044,2.320258855819702,2.3997607231140137,2.2419538497924805,2.5559451580047607,2.7037408351898193,2.6502060890197754,3.0000147819519043,3.23559832572937,3.5619914531707764,3.7108805179595947,3.9706404209136963,4.139662265777588,2.523577928543091,2.236757755279541,1.9707446098327637,1.7177560329437256,1.6377761363983154,1.6095213890075684,1.827974557876587,1.9328526258468628,2.2926392555236816,2.4746885299682617,2.8570845127105713,3.058945655822754,3.416050910949707,3.645186424255371,3.894002676010132,2.2183444499969482,1.852582335472107,1.538404107093811,1.4342005252838135,1.1977462768554688,1.346592664718628,1.4103076457977295,1.7269456386566162,1.9504218101501465,2.2344655990600586,2.555000066757202,2.822052478790283,3.1223623752593994,3.409928560256958,3.7584898471832275
A2,0.3704037368297577,0.0,0.387113481760025,0.6743537187576294,1.0044925212860107,1.3330180644989014,1.641115427017212,1.8888728618621826,2.1715426445007324,2.475205421447754,2.843724489212036,3.180211067199707,3.4761106967926025,3.7661452293395996,3.999720335006714,2.9590847492218018,2.631870985031128,2.4373362064361572,2.1221046447753906,2.2408344745635986,2.038694143295288,2.37276554107666,2.548475980758667,2.4801361560821533,2.8656511306762695,2.9810168743133545,3.3405017852783203,3.483569622039795,3.8222477436065674,4.039904594421387,2.9598522186279297,2.656938076019287,2.382342576980591,2.090017795562744,2.1212158203125,1.9449849128723145,2.236006021499634,2.3831331729888916,2.33134126663208,2.6856541633605957,2.9429244995117188,3.2802953720092773,3.455117702484131,3.7367284297943115,3.9320459365844727,2.493746042251587,2.182389974594116,1.8725104331970215,1.5823500156402588,1.4323713779449463,1.3899470567703247,1.5547194480895996,1.6852422952651978,2.0266737937927246,2.2350850105285645,2.617003917694092,2.8475451469421387,3.2003941535949707,3.459622859954834,3.7295081615448,2.3190720081329346,1.9564731121063232,1.613602638244629,1.4810649156570435,1.1708760261535645,1.2698127031326294,1.2377798557281494,1.5656166076660156,1.7341684103012085,2.0423734188079834,2.334406614303589,2.624614715576172,2.907179355621338,3.2179994583129883,3.571934700012207
A3,0.6724627614021301,0.387113481760025,0.0,0.38953906297683716,0.6390150785446167,0.9948170781135559,1.2763570547103882,1.5095093250274658,1.8071123361587524,2.097799062728882,2.467764377593994,2.8025057315826416,3.103849172592163,3.4018096923828125,3.6485016345977783,2.880643129348755,2.5612618923187256,2.3411240577697754,1.9934148788452148,2.0823020935058594,1.8285073041915894,2.150994300842285,2.285741090774536,2.177964448928833,2.560180425643921,2.6480965614318848,3.012052059173584,3.13672137260437,3.4823050498962402,3.699845314025879,2.8840298652648926,2.5874595642089844,2.2937092781066895,1.9632196426391602,1.969414472579956,1.7346638441085815,2.011575937271118,2.1150119304656982,2.0213820934295654,2.3593015670776367,2.5986762046813965,2.932431697845459,3.097743034362793,3.3829705715179443,3.5873823165893555,2.4250223636627197,2.1246743202209473,1.7976534366607666,1.461366057395935,1.2442002296447754,1.1140172481536865,1.2427870035171509,1.3298633098602295,1.672117829322815,1.8608895540237427,2.2470040321350098,2.4721953868865967,2.829256534576416,3.0928239822387695,3.3734641075134277,2.249446153640747,1.8833767175674438,1.5271855592727661,1.3286341428756714,0.9706333875656128,0.9792105555534363,0.8803240656852722,1.1987580060958862,1.3527761697769165,1.6605610847473145,1.9487160444259644,2.2402732372283936,2.5215580463409424,2.834339141845703,3.189990282058716
A4,1.0179948806762695,0.6743537187576294,0.38953906297683716,0.0,0.39576470851898193,0.6640551686286926,0.9967647790908813,1.275784969329834,1.5201771259307861,1.8461699485778809,2.210818290710449,2.5613696575164795,2.8659605979919434,3.1700077056884766,3.420423746109009,2.689899206161499,2.353576421737671,2.0927319526672363,1.7346289157867432,1.7693538665771484,1.4938383102416992,1.7932116985321045,1.9328641891479492,1.8375667333602905,2.2225959300994873,2.3385214805603027,2.704458713531494,2.8557870388031006,3.207472562789917,3.4525434970855713,2.6993191242218018,2.3833210468292236,2.05763840675354,1.7172966003417969,1.6632641553878784,1.407989501953125,1.6536428928375244,1.7585362195968628,1.6763396263122559,2.0245463848114014,2.2942683696746826,2.6403863430023193,2.8402981758117676,3.1479289531707764,3.3788983821868896,2.39888334274292,2.082209348678589,1.7235193252563477,1.369711995124817,1.0771318674087524,0.9432682394981384,0.9743004441261292,1.1172571182250977,1.4176509380340576,1.6559340953826904,2.0288403034210205,2.296428918838501,2.6370062828063965,2.9357800483703613,3.2337658405303955,2.3870632648468018,2.0461130142211914,1.6875087022781372,1.498835563659668,1.1173382997512817,1.0878041982650757,0.8698692321777344,1.174869418144226,1.2198947668075562,1.560828685760498,1.7903692722320557,2.1147661209106445,2.3577182292938232,2.699758529663086,3.052548885345459
A5,1.310953974723816,1.0044925212860107,0.6390150785446167,0.39576470851898193,0.0,0.38737207651138306,0.638225793838501,0.9006781578063965,1.1791127920150757,1.4775506258010864,1.8497706651687622,2.201082229614258,2.5199687480926514,2.8402504920959473,3.1142001152038574,2.7716684341430664,2.457068681716919,2.180403709411621,1.8015092611312866,1.7956706285476685,1.4604638814926147,1.7224737405776978,1.7913719415664673,1.6290879249572754,2.0022518634796143,2.069298028945923,2.4418482780456543,2.560091018676758,2.923513650894165,3.1667919158935547,2.7830753326416016,2.486652135848999,2.154949188232422,1.7869749069213867,1.7050044536590576,1.3812575340270996,1.58502197265625,1.6120645999908447,1.453614592552185,1.7649918794631958,2.002758264541626,2.3422930240631104,2.5250837802886963,2.838426351547241,3.082655191421509,2.4738290309906006,2.1860318183898926,1.8343828916549683,1.4591811895370483,1.1211520433425903,0.8636693954467773,0.799106776714325,0.8307607769966125,1.1173967123031616,1.3085947036743164,1.6897501945495605,1.9429025650024414,2.2926056385040283,2.5952324867248535,2.90927791595459,2.423621654510498,2.088749885559082,1.740947961807251,1.493430256843567,1.1145397424697876,0.9594404697418213,0.6432061195373535,0.8675211071968079,0.8627439737319946,1.189324140548706,1.4084360599517822,1.7292448282241821,1.9747669696807861,2.3161814212799072,2.6738579273223877
A6,1.6603096723556519,1.3330180644989014,0.9948170781135559,0.6640551686286926,0.38737207651138306,0.0,0.3738744556903839,0.692726731300354,0.8702297806739807,1.2149041891098022,1.5724923610687256,1.9375630617141724,2.255718469619751,2.579975128173828,2.856865406036377,2.632211923599243,2.3168768882751465,2.0068609714508057,1.6285229921340942,1.5523452758789062,1.1847878694534302,1.3944103717803955,1.4396909475326538,1.2710497379302979,1.6425803899765015,1.7313668727874756,2.105724334716797,2.2488961219787598,2.6182804107666016,2.889739751815796,2.649501323699951,2.3487579822540283,1.9973247051239014,1.6287239789962769,1.4795246124267578,1.122942328453064,1.2616040706634521,1.256874918937683,1.0862842798233032,1.400679111480713,1.6680036783218384,2.019571542739868,2.2390024662017822,2.5753917694091797,2.847846508026123,2.494567394256592,2.2081298828125,1.8477811813354492,1.4810545444488525,1.1008492708206177,0.8493541479110718,0.6183536052703857,0.6894224882125854,0.8685590624809265,1.1163064241409302,1.4636256694793701,1.7639533281326294,2.0849618911743164,2.4237639904022217,2.752490997314453,2.586787223815918,2.284691572189331,1.9502378702163696,1.7240030765533447,1.3604543209075928,1.1995408535003662,0.8451681137084961,0.9912812113761902,0.832283079624176,1.1620137691497803,1.279139518737793,1.6289539337158203,1.8137106895446777,2.1827144622802734,2.5278146266937256
A7,1.946986198425293,1.641115427017212,1.2763570547103882,0.9967647790908813,0.638225793838501,0.3738744556903839,0.0,0.3611431121826172,0.5645737051963806,0.8650977611541748,1.2361990213394165,1.6079118251800537,1.9488210678100586,2.296285629272461,2.6040303707122803,2.807887554168701,2.52062726020813,2.2096307277679443,1.8333468437194824,1.7260878086090088,1.3331122398376465,1.4765890836715698,1.4312121868133545,1.1820878982543945,1.5148593187332153,1.5336493253707886,1.9098825454711914,2.0084316730499268,2.391181230545044,2.6613152027130127,2.8263089656829834,2.5512733459472656,2.208315849304199,1.8355730772018433,1.6730350255966187,1.286571979522705,1.359226107597351,1.2564069032669067,0.9878818988800049,1.2215522527694702,1.4374830722808838,1.7759788036346436,1.9747302532196045,2.319751739501953,2.6106643676757812,2.6607940196990967,2.4069039821624756,2.0666849613189697,1.7033109664916992,1.3267078399658203,1.0157207250595093,0.7294763326644897,0.6213939785957336,0.693632960319519,0.8455182313919067,1.1853832006454468,1.466060757637024,1.7918680906295776,2.1378002166748047,2.4865174293518066,2.7086000442504883,2.4182159900665283,2.104090452194214,1.8424746990203857,1.5080349445343018,1.269393801689148,0.8988952040672302,0.8974232077598572,0.6423542499542236,0.896279513835907,0.9529301524162292,1.2944777011871338,1.468450665473938,1.8386902809143066,2.1878504753112793
A8,2.162532329559326,1.8888728618621826,1.5095093250274658,1.275784969329834,0.9006781578063965,0.692726731300354,0.3611431121826172,0.0,0.39193180203437805,0.5913683176040649,0.9607090950012207,1.3045604228973389,1.6388267278671265,1.9843018054962158,2.298964738845825,2.8343374729156494,2.5869834423065186,2.297534942626953,1.9269658327102661,1.8329434394836426,1.441117763519287,1.5649136304855347,1.4454599618911743,1.1374118328094482,1.421586513519287,1.3532360792160034,1.7177945375442505,1.760021448135376,2.1384565830230713,2.381337881088257,2.8511009216308594,2.614438533782959,2.2974233627319336,1.9231393337249756,1.7917734384536743,1.3977632522583008,1.4624873399734497,1.2932507991790771,0.9707664251327515,1.1199694871902466,1.2391382455825806,1.5448551177978516,1.6911873817443848,2.0183632373809814,2.2992143630981445,2.6318519115448,2.4184775352478027,2.109785795211792,1.760035753250122,1.4089343547821045,1.061998963356018,0.7881678938865662,0.5236578583717346,0.49648451805114746,0.5070270895957947,0.8557021021842957,1.1103122234344482,1.4475280046463013,1.7836920022964478,2.13491153717041,2.6393754482269287,2.373384952545166,2.0905091762542725,1.8155041933059692,1.5297123193740845,1.2526352405548096,0.9133169651031494,0.7879791855812073,0.4437257647514343,0.6144706606864929,0.6031120419502258,0.9595453143119812,1.1211743354797363,1.4928498268127441,1.8369953632354736
A9,2.469386339187622,2.1715426445007324,1.8071123361587524,1.5201771259307861,1.1791127920150757,0.8702297806739807,0.5645737051963806,0.39193180203437805,0.0,0.3932160437107086,0.7097866535186768,1.0810171365737915,1.4129981994628906,1.7645342350006104,2.083188533782959,2.7624430656433105,2.5227127075195312,2.2126996517181396,1.8664830923080444,1.7049449682235718,1.3164432048797607,1.3453619480133057,1.1683025360107422,0.8338950872421265,1.0777548551559448,1.016542673110962,1.3851983547210693,1.4601154327392578,1.8506035804748535,2.136216878890991,2.784836530685425,2.551433563232422,2.2289934158325195,1.8775690793991089,1.689332365989685,1.3018311262130737,1.266379952430725,1.0323914289474487,0.6700072288513184,0.7501161098480225,0.895308256149292,1.2230405807495117,1.43092942237854,1.7957007884979248,2.1183784008026123,2.729149341583252,2.51924204826355,2.212502956390381,1.88872230052948,1.5329337120056152,1.2409363985061646,0.8960044384002686,0.7277187705039978,0.48025622963905334,0.5510894656181335,0.7411177158355713,1.064918875694275,1.328469157218933,1.712189793586731,2.0739331245422363,2.875033378601074,2.639134645462036,2.3672893047332764,2.1248972415924072,1.8463447093963623,1.6027640104293823,1.2677416801452637,1.1633678674697876,0.802431583404541,0.9189410209655762,0.744841456413269,1.074621319770813,1.1069929599761963,1.4972491264343262,1.8038095235824585
A10,2.7536110877990723,2.475205421447754,2.097799062728882,1.8461699485778809,1.4775506258010864,1.2149041891098022,0.8650977611541748,0.5913683176040649,0.3932160437107086,0.0,0.38244208693504333,0.7578840851783752,1.1319857835769653,1.517634630203247,1.880155324935913,3.043736457824707,2.8347315788269043,2.540018320083618,2.204983711242676,2.0458803176879883,1.669520378112793,1.665070652961731,1.4335834980010986,1.0739983320236206,1.2079076766967773,1.024580955505371,1.3467814922332764,1.3232232332229614,1.7138177156448364,1.9770206212997437,3.0651721954345703,2.86116886138916,2.5582973957061768,2.2133688926696777,2.0397183895111084,1.6599687337875366,1.6034812927246094,1.328628420829773,0.9545506834983826,0.8768937587738037,0.8575185537338257,1.1046825647354126,1.24056077003479,1.5981956720352173,1.9341435432434082,2.9652843475341797,2.789071798324585,2.507859945297241,2.192931652069092,1.8579624891281128,1.5429255962371826,1.232995629310608,0.9860314726829529,0.7215235233306885,0.5470103025436401,0.5941724181175232,0.8188530206680298,1.069406509399414,1.4483610391616821,1.8311514854431152,3.040083646774292,2.8170278072357178,2.5698935985565186,2.3045647144317627,2.0613162517547607,1.7766417264938354,1.4701634645462036,1.2723667621612549,0.9224071502685547,0.8698519468307495,0.5642943382263184,0.7981261014938354,0.761883556842804,1.1444908380508423,1.4474375247955322
A11,3.119969606399536,2.843724489212036,2.467764377593994,2.210818290710449,1.8497706651687622,1.5724923610687256,1.2361990213394165,0.9607090950012207,0.7097866535186768,0.38244208693504333,0.0,0.3992491364479065,0.7834148406982422,1.1843667030334473,1.5682977437973022,3.1320033073425293,2.957651138305664,2.6740031242370605,2.3691325187683105,2.190460443496704,1.8428598642349243,1.778090000152588,1.4902068376541138,1.134384036064148,1.1413683891296387,0.8672214150428772,1.1156840324401855,1.0241081714630127,1.4067460298538208,1.6722289323806763,3.1551051139831543,2.982126235961914,2.7011289596557617,2.3815529346466064,2.203869581222534,1.8490891456604004,1.7440321445465088,1.42826247215271,1.0747666358947754,0.8558399081230164,0.6808744072914124,0.8249433040618896,0.9267755150794983,1.2923088073730469,1.6572612524032593,3.117567777633667,2.970869302749634,2.7152822017669678,2.429333209991455,2.116276741027832,1.8249413967132568,1.517594337463379,1.284581184387207,0.9653497934341431,0.7633300423622131,0.5800805687904358,0.7285950779914856,0.8462719321250916,1.2381691932678223,1.621191143989563,3.240061044692993,3.050568103790283,2.8302104473114014,2.5805110931396484,2.3674042224884033,2.091294288635254,1.808219075202942,1.5940850973129272,1.2502561807632446,1.1495765447616577,0.7853066325187683,0.8966360092163086,0.6886010766029358,1.023306131362915,1.2502084970474243
A12,3.4400956630706787,3.180211067199707,2.8025057315826416,2.5613696575164795,2.201082229614258,1.9375630617141724,1.6079118251800537,1.3045604228973389,1.0810171365737915,0.7578840851783752,0.3992491364479065,0.0,0.4063206613063812,0.8201655149459839,1.2287520170211792,3.248476028442383,3.118622064590454,2.8633506298065186,2.5838770866394043,2.419039487838745,2.1018877029418945,2.0209879875183105,1.7019602060317993,1.3644968271255493,1.278817892074585,0.9246077537536621,1.0485912561416626,0.826558530330658,1.1568794250488281,1.3710739612579346,3.270233631134033,3.1394994258880615,2.892500400543213,2.5930628776550293,2.442908763885498,2.112025022506714,2.004300594329834,1.6753960847854614,1.3559677600860596,1.0791761875152588,0.7640886306762695,0.7178767323493958,0.6571121215820312,0.9720606207847595,1.3368096351623535,3.223836898803711,3.118420124053955,2.8996739387512207,2.643101930618286,2.364348888397217,2.0840911865234375,1.8073786497116089,1.5619721412658691,1.237267255783081,0.9908570051193237,0.6736415028572083,0.6527012586593628,0.5853849649429321,0.9453452229499817,1.3147177696228027,3.3431239128112793,3.1898701190948486,3.005613088607788,2.767876386642456,2.598673105239868,2.327232837677002,2.0828261375427246,1.8430657386779785,1.5221885442733765,1.371132493019104,0.9937258362770081,0.9912661910057068,0.6591029763221741,0.8758977055549622,0.9894412159919739
A13,3.7254257202148438,3.4761106967926025,3.103849172592163,2.8659605979919434,2.5199687480926514,2.255718469619751,1.9488210678100586,1.6388267278671265,1.4129981994628906,1.1319857835769653,0.7834148406982422,0.4063206613063812,0.0,0.41550686955451965,0.8324676752090454,3.235759735107422,3.153937816619873,2.9309728145599365,2.687389373779297,2.5359697341918945,2.2614893913269043,2.163480281829834,1.8246082067489624,1.5241122245788574,1.3595267534255981,0.9727803468704224,0.9544192552566528,0.6189240217208862,0.8459650278091431,0.9968011975288391,3.2565724849700928,3.1709141731262207,2.963268518447876,2.6947665214538574,2.5720560550689697,2.2775516510009766,2.1660640239715576,1.8354568481445312,1.5669703483581543,1.2612009048461914,0.872060239315033,0.653066873550415,0.38251689076423645,0.5958219170570374,0.964622974395752,3.238895893096924,3.173293352127075,2.9937915802001953,2.777247667312622,2.537635087966919,2.288590908050537,2.0385425090789795,1.811362862586975,1.4795055389404297,1.2525088787078857,0.8729612827301025,0.7848926782608032,0.4989588260650635,0.764419674873352,1.0663703680038452,3.4053258895874023,3.2961127758026123,3.1474790573120117,2.9395508766174316,2.809187173843384,2.563716411590576,2.3523001670837402,2.1190340518951416,1.8124065399169922,1.6670769453048706,1.3055061101913452,1.2761085033416748,0.917697548866272,1.0205960273742676,0.9879424571990967
A14,4.0030694007873535,3.7661452293395996,3.4018096923828125,3.1700077056884766,2.8402504920959473,2.579975128173828,2.296285629272461,1.9843018054962158,1.7645342350006104,1.517634630203247,1.1843667030334473,0.8201655149459839,0.41550686955451965,0.0,0.42730605602264404,3.2317965030670166,3.200869560241699,3.0159168243408203,2.810749053955078,2.679877281188965,2.450975179672241,2.346231460571289,2.002882480621338,1.7460803985595703,1.5315654277801514,1.1548386812210083,1.0135471820831299,0.6319931149482727,0.637787401676178,0.6382764577865601,3.250901222229004,3.2134640216827393,3.049741744995117,2.8152732849121094,2.7254579067230225,2.470568895339966,2.3645050525665283,2.044658899307251,1.8280138969421387,1.5216927528381348,1.1154838800430298,0.8103886246681213,0.42001068592071533,0.26514101028442383,0.5949307084083557,3.255113363265991,3.231431007385254,3.0946195125579834,2.9209039211273193,2.7239830493927,2.508254051208496,2.2895522117614746,2.082533836364746,1.7573834657669067,1.5541248321533203,1.1603084802627563,1.0440139770507812,0.6719413995742798,0.7504878640174866,0.9041956067085266,3.4662344455718994,3.4026124477386475,3.290987014770508,3.1156444549560547,3.0239861011505127,2.8073103427886963,2.6291403770446777,2.4068775177001953,2.1179895401000977,1.983601450920105,1.6445178985595703,1.605117917060852,1.2528105974197388,1.283882975578308,1.1469608545303345
A15,4.225271224975586,3.999720335006714,3.6485016345977783,3.420423746109009,3.1142001152038574,2.856865406036377,2.6040303707122803,2.298964738845825,2.083188533782959,1.880155324935913,1.5682977437973022,1.2287520170211792,0.8324676752090454,0.42730605602264404,0.0,3.1497621536254883,3.1714937686920166,3.029158353805542,2.8679792881011963,2.7618017196655273,2.585049867630005,2.4793355464935303,2.1441547870635986,1.9387348890304565,1.6946560144424438,1.355026125907898,1.1336700916290283,0.8016252517700195,0.5827240347862244,0.30912041664123535,3.166903495788574,3.179380416870117,3.0638818740844727,2.869657039642334,2.8157548904418945,2.607565402984619,2.511854648590088,2.2136011123657227,2.0544917583465576,1.7650257349014282,1.3705132007598877,1.0455609560012817,0.6883798241615295,0.2882159948348999,0.2725187838077545,3.2069098949432373,3.2235488891601562,3.1310577392578125,3.0055649280548096,2.854828119277954,2.6815006732940674,2.495476245880127,2.320014715194702,2.006520986557007,1.8428285121917725,1.4547761678695679,1.3529212474822998,0.9795872569084167,0.9484456777572632,0.9324064254760742,3.4851415157318115,3.4685349464416504,3.39197039604187,3.2570877075195312,3.199763774871826,3.020850419998169,2.8728134632110596,2.6744656562805176,2.401038885116577,2.2948532104492188,1.9819509983062744,1.9596076011657715,1.6268271207809448,1.6409575939178467,1.467255711555481
B1,3.1196444034576416,2.9590847492218018,2.880643129348755,2.689899206161499,2.7716684341430664,2.632211923599243,2.807887554168701,2.8343374729156494,2.7624430656433105,3.043736457824707,3.1320033073425293,3.248476028442383,3.235759735107422,3.2317965030670166,3.1497621536254883,0.0,0.4021115005016327,0.7502810955047607,1.0447025299072266,1.2947872877120972,1.6146671772003174,1.7595189809799194,1.9175103902816772,2.1502785682678223,2.25071120262146,2.4679243564605713,2.5416393280029297,2.8008041381835938,2.8644137382507324,2.983482599258423,0.05014127120375633,0.36541956663131714,0.7305923104286194,1.0237181186676025,1.3088663816452026,1.611401081085205,1.7852344512939453,1.982100248336792,2.2656474113464355,2.4781994819641113,2.617596387863159,2.761749505996704,2.9220516681671143,3.0150809288024902,3.041771650314331,1.3132274150848389,1.2259079217910767,1.269553542137146,1.5229953527450562,1.7073580026626587,2.0290257930755615,2.118187427520752,2.3960793018341064,2.399550676345825,2.714998245239258,2.7548577785491943,3.0369863510131836,3.0925872325897217,3.291592597961426,3.368337869644165,2.4535577297210693,2.5100152492523193,2.436279296875,2.6279826164245605,2.5713987350463867,2.7766246795654297,2.736011028289795,2.94626784324646,2.826842784881592,3.1307477951049805,3.1320135593414307,3.4474358558654785,3.4299814701080322,3.7317652702331543,3.878413200378418
B2,2.814765214920044,2.631870985031128,2.5612618923187256,2.353576421737671,2.457068681716919,2.3168768882751465,2.52062726020813,2.5869834423065186,2.5227127075195312,2.8347315788269043,2.957651138305664,3.118622064590454,3.153937816619873,3.200869560241699,3.1714937686920166,0.4021115005016327,0.0,0.3863128423690796,0.7020753026008606,0.9685319066047668,1.3036224842071533,1.4783381223678589,1.6888225078582764,1.9331544637680054,2.0835886001586914,2.3337345123291016,2.4567275047302246,2.7370243072509766,2.8535003662109375,3.018782377243042,0.4280988872051239,0.04029171168804169,0.350344717502594,0.6894174814224243,0.9659168124198914,1.2969765663146973,1.4895392656326294,1.7296208143234253,2.024258852005005,2.278697967529297,2.470431089401245,2.6608197689056396,2.8598992824554443,3.0051302909851074,3.082242250442505,1.3721721172332764,1.1777856349945068,1.1050342321395874,1.2995874881744385,1.4373739957809448,1.7757465839385986,1.849251389503479,2.161726474761963,2.185065269470215,2.5307910442352295,2.611903190612793,2.922924757003784,3.016401529312134,3.253650188446045,3.3754842281341553,2.4365737438201904,2.430732488632202,2.303191661834717,2.466728925704956,2.359873056411743,2.5590789318084717,2.489539384841919,2.7229814529418945,2.60103178024292,2.9285426139831543,2.9441134929656982,3.2798855304718018,3.2857866287231445,3.6117300987243652,3.7918601036071777
B3,2.6607091426849365,2.4373362064361572,2.3411240577697754,2.0927319526672363,2.180403709411621,2.0068609714508057,2.2096307277679443,2.297534942626953,2.2126996517181396,2.540018320083618,2.6740031242370605,2.8633506298065186,2.9309728145599365,3.0159168243408203,3.029158353805542,0.7502810955047607,0.3863128423690796,0.0,0.3854602873325348,0.5896133184432983,0.9446580410003662,1.1118943691253662,1.3533639907836914,1.6124032735824585,1.7868496179580688,2.065591812133789,2.218867778778076,2.518704414367676,2.674102544784546,2.8827521800994873,0.7838951945304871,0.42550158500671387,0.09791844338178635,0.4138711094856262,0.5910035371780396,0.948829174041748,1.1198046207427979,1.3829342126846313,1.691773772239685,1.9635989665985107,2.1939380168914795,2.4141383171081543,2.649698257446289,2.839157819747925,2.9652881622314453,1.5694442987442017,1.322624683380127,1.1395434141159058,1.2204349040985107,1.2534736394882202,1.566644310951233,1.5795841217041016,1.9106132984161377,1.9158103466033936,2.2818360328674316,2.3754758834838867,2.711758613586426,2.820643901824951,3.094134569168091,3.2554421424865723,2.528984546661377,2.468869686126709,2.2922818660736084,2.4012138843536377,2.2400894165039062,2.3991639614105225,2.280025005340576,2.5087778568267822,2.3578641414642334,2.69204044342041,2.6937150955200195,3.0412116050720215,3.0473835468292236,3.391409397125244,3.589930772781372
B4,2.36191987991333,2.1221046447753906,1.9934148788452148,1.7346289157867432,1.8015092611312866,1.6285229921340942,1.8333468437194824,1.9269658327102661,1.8664830923080444,2.204983711242676,2.3691325187683105,2.5838770866394043,2.687389373779297,2.810749053955078,2.8679792881011963,1.0447025299072266,0.7020753026008606,0.3854602873325348,0.0,0.39404645562171936,0.6313591003417969,0.9014462232589722,1.1413909196853638,1.3473739624023438,1.5826984643936157,1.8429644107818604,2.048576831817627,2.3305294513702393,2.5312695503234863,2.7533364295959473,1.0699738264083862,0.7369885444641113,0.37504494190216064,0.0882948562502861,0.3304114043712616,0.606807291507721,0.8683562278747559,1.1287404298782349,1.3965654373168945,1.7037583589553833,1.94887375831604,2.201949119567871,2.438143253326416,2.6555747985839844,2.8064815998077393,1.5363259315490723,1.2525043487548828,0.9822117686271667,0.9511260390281677,0.9035724401473999,1.1961430311203003,1.1976109743118286,1.5367316007614136,1.5638543367385864,1.9378716945648193,2.0668387413024902,2.409057378768921,2.5533697605133057,2.8407320976257324,3.0297861099243164,2.3541572093963623,2.2478830814361572,2.0364391803741455,2.101515054702759,1.9097639322280884,2.0432212352752686,1.9048609733581543,2.133429527282715,1.982340931892395,2.3239660263061523,2.3406026363372803,2.694678544998169,2.723818778991699,3.075615882873535,3.296530246734619
B5,2.522507429122925,2.2408344745635986,2.0823020935058594,1.7693538665771484,1.7956706285476685,1.5523452758789062,1.7260878086090088,1.8329434394836426,1.7049449682235718,2.0458803176879883,2.190460443496704,2.419039487838745,2.5359697341918945,2.679877281188965,2.7618017196655273,1.2947872877120972,0.9685319066047668,0.5896133184432983,0.39404645562171936,0.0,0.39845624566078186,0.5425057411193848,0.8305484056472778,1.095947265625,1.315356969833374,1.6264190673828125,1.832261323928833,2.148280382156372,2.3659541606903076,2.6341466903686523,1.330020785331726,1.005916953086853,0.6397340893745422,0.4758836627006531,0.12617690861225128,0.4445638060569763,0.535591721534729,0.8301978707313538,1.1522541046142578,1.4474759101867676,1.7343789339065552,1.999538779258728,2.284078598022461,2.538599729537964,2.7372803688049316,1.9084675312042236,1.6354488134384155,1.353694200515747,1.2614644765853882,1.1088488101959229,1.31620192527771,1.1986074447631836,1.5316683053970337,1.4873204231262207,1.8710076808929443,1.9745014905929565,2.341374635696411,2.469374656677246,2.792478322982788,3.010810375213623,2.6864025592803955,2.5592257976531982,2.326184034347534,2.3415005207061768,2.110128164291382,2.184178352355957,1.984580636024475,2.181326389312744,1.9758687019348145,2.3036727905273438,2.2722182273864746,2.628753423690796,2.62892484664917,2.993936061859131,3.214954137802124
B6,2.3406176567077637,2.038694143295288,1.8285073041915894,1.4938383102416992,1.4604638814926147,1.1847878694534302,1.3331122398376465,1.441117763519287,1.3164432048797607,1.669520378112793,1.8428598642349243,2.1018877029418945,2.2614893913269043,2.450975179672241,2.585049867630005,1.6146671772003174,1.3036224842071533,0.9446580410003662,0.6313591003417969,0.39845624566078186,0.0,0.39551860094070435,0.6317560076713562,0.7996149063110352,1.100093960762024,1.382918119430542,1.649705410003662,1.9402071237564087,2.2085988521575928,2.4929051399230957,1.6449767351150513,1.3388774394989014,0.9738432765007019,0.6791256666183472,0.37793952226638794,0.10971753299236298,0.29423031210899353,0.5524530410766602,0.8079835176467896,1.1487175226211548,1.4585493803024292,1.7620240449905396,2.050450325012207,2.33923077583313,2.5704634189605713,2.004441261291504,1.726933479309082,1.4056885242462158,1.2112730741500854,0.9509773850440979,1.0532453060150146,0.8552156686782837,1.1767550706863403,1.1226599216461182,1.5133237838745117,1.6472148895263672,2.0228164196014404,2.1841237545013428,2.5265650749206543,2.7782928943634033,2.6247830390930176,2.4572508335113525,2.197050094604492,2.1512205600738525,1.8879728317260742,1.9051769971847534,1.6662867069244385,1.8383699655532837,1.6107292175292969,1.9348291158676147,1.9009199142456055,2.2623400688171387,2.2778451442718506,2.6519124507904053,2.8945822715759277
B7,2.69156551361084,2.37276554107666,2.150994300842285,1.7932116985321045,1.7224737405776978,1.3944103717803955,1.4765890836715698,1.5649136304855347,1.3453619480133057,1.665070652961731,1.778090000152588,2.0209879875183105,2.163480281829834,2.346231460571289,2.4793355464935303,1.7595189809799194,1.4783381223678589,1.1118943691253662,0.9014462232589722,0.5425057411193848,0.39551860094070435,0.0,0.35572004318237305,0.6565704345703125,0.8674319386482239,1.217298984527588,1.4459728002548218,1.7788636684417725,2.037297010421753,2.35935378074646,1.7971614599227905,1.5133556127548218,1.1703475713729858,0.9680333733558655,0.6073904633522034,0.5025293231010437,0.13983306288719177,0.35018497705459595,0.7149907946586609,0.9761219024658203,1.3104430437088013,1.5967673063278198,1.9314446449279785,2.2377851009368896,2.501633405685425,2.31740140914917,2.0632240772247314,1.7658751010894775,1.5946635007858276,1.3385568857192993,1.401072382926941,1.1421177387237549,1.4061706066131592,1.2548884153366089,1.6166929006576538,1.6799448728561401,2.062791109085083,2.1742866039276123,2.536876916885376,2.7962677478790283,2.9804162979125977,2.8253681659698486,2.5724432468414307,2.512779951095581,2.247708320617676,2.2290334701538086,1.9621009826660156,2.0885097980499268,1.8141387701034546,2.098226308822632,1.997542381286621,2.3423380851745605,2.304011583328247,2.676497459411621,2.8962433338165283
B8,2.8643786907196045,2.548475980758667,2.285741090774536,1.9328641891479492,1.7913719415664673,1.4396909475326538,1.4312121868133545,1.4454599618911743,1.1683025360107422,1.4335834980010986,1.4902068376541138,1.7019602060317993,1.8246082067489624,2.002882480621338,2.1441547870635986,1.9175103902816772,1.6888225078582764,1.3533639907836914,1.1413909196853638,0.8305484056472778,0.6317560076713562,0.35572004318237305,0.0,0.36479610204696655,0.5122440457344055,0.8667812347412109,1.0942009687423706,1.427022933959961,1.6939178705215454,2.0278890132904053,1.9538836479187012,1.7196990251541138,1.4113268852233887,1.1947453022003174,0.897901713848114,0.7160626649856567,0.4144185781478882,0.18568633496761322,0.5005515217781067,0.6617248058319092,0.9691776037216187,1.2437598705291748,1.5860629081726074,1.900227427482605,2.1822097301483154,2.414369583129883,2.1962664127349854,1.9190278053283691,1.7360624074935913,1.4697765111923218,1.4601294994354248,1.1630644798278809,1.3427609205245972,1.1064077615737915,1.4212449789047241,1.417485237121582,1.7931361198425293,1.869503140449524,2.237135410308838,2.5001473426818848,3.027357816696167,2.8819632530212402,2.6428778171539307,2.555807590484619,2.3060176372528076,2.2421600818634033,1.966610312461853,2.0315113067626953,1.7215569019317627,1.95663321018219,1.8007887601852417,2.1224565505981445,2.0403077602386475,2.4019758701324463,2.5991058349609375
B9,2.791931629180908,2.4801361560821533,2.177964448928833,1.8375667333602905,1.6290879249572754,1.2710497379302979,1.1820878982543945,1.1374118328094482,0.8338950872421265,1.0739983320236206,1.134384036064148,1.3644968271255493,1.5241122245788574,1.7460803985595703,1.9387348890304565,2.1502785682678223,1.9331544637680054,1.6124032735824585,1.3473739624023438,1.095947265625,0.7996149063110352,0.6565704345703125,0.36479610204696655,0.0,0.38659584522247314,0.6228489875793457,0.9404537081718445,1.213846206665039,1.5353795289993286,1.8682324886322021,2.181678533554077,1.9622371196746826,1.6562095880508423,1.3834742307662964,1.1344932317733765,0.84645676612854,0.6481897234916687,0.313666433095932,0.20901323854923248,0.3569236099720001,0.6760863065719604,1.0006070137023926,1.3308478593826294,1.6741472482681274,1.9802911281585693,2.467838764190674,2.2627501487731934,1.9806832075119019,1.7524027824401855,1.452968955039978,1.3492354154586792,1.0148271322250366,1.1020104885101318,0.808182418346405,1.0841844081878662,1.0725823640823364,1.451898217201233,1.551032543182373,1.933382511138916,2.223764657974243,2.949638843536377,2.78656268119812,2.5441641807556152,2.412757158279419,2.1623969078063965,2.0459771156311035,1.7561708688735962,1.767835259437561,1.4343055486679077,1.6326559782028198,1.450201392173767,1.763892650604248,1.6790201663970947,2.0444252490997314,2.2537314891815186
B10,3.1744894981384277,2.8656511306762695,2.560180425643921,2.2225959300994873,2.0022518634796143,1.6425803899765015,1.5148593187332153,1.421586513519287,1.0777548551559448,1.2079076766967773,1.1413683891296387,1.278817892074585,1.3595267534255981,1.5315654277801514,1.6946560144424438,2.25071120262146,2.0835886001586914,1.7868496179580688,1.5826984643936157,1.315356969833374,1.100093960762024,0.8674319386482239,0.5122440457344055,0.38659584522247314,0.0,0.389386922121048,0.605996310710907,0.9366675615310669,1.2260457277297974,1.5880680084228516,2.284698486328125,2.1095051765441895,1.8429129123687744,1.623350739479065,1.3816622495651245,1.1633967161178589,0.9141873121261597,0.5911826491355896,0.5605077147483826,0.3603186309337616,0.5154675841331482,0.7460601329803467,1.1131715774536133,1.4474050998687744,1.7697252035140991,2.663533926010132,2.4939591884613037,2.246950387954712,2.0556788444519043,1.788621425628662,1.6956497430801392,1.3781436681747437,1.4254250526428223,1.0907341241836548,1.280217170715332,1.1468316316604614,1.4851527214050293,1.487213134765625,1.8595232963562012,2.1284313201904297,3.193509101867676,3.061685085296631,2.8444485664367676,2.7212417125701904,2.4963178634643555,2.37233304977417,2.094034433364868,2.0685324668884277,1.723016381263733,1.8648709058761597,1.6226561069488525,1.886739730834961,1.7260310649871826,2.058270215988159,2.210911750793457
B11,3.2729125022888184,2.9810168743133545,2.6480965614318848,2.3385214805603027,2.069298028945923,1.7313668727874756,1.5336493253707886,1.3532360792160034,1.016542673110962,1.024580955505371,0.8672214150428772,0.9246077537536621,0.9727803468704224,1.1548386812210083,1.355026125907898,2.4679243564605713,2.3337345123291016,2.065591812133789,1.8429644107818604,1.6264190673828125,1.382918119430542,1.217298984527588,0.8667812347412109,0.6228489875793457,0.389386922121048,0.0,0.3771248757839203,0.5948938131332397,0.9405848383903503,1.2925478219985962,2.4971630573272705,2.3562111854553223,2.112178087234497,1.8696436882019043,1.6801121234893799,1.4251528978347778,1.2422888278961182,0.9096154570579529,0.7416396141052246,0.42777228355407715,0.19001291692256927,0.3826850652694702,0.7348544001579285,1.091799020767212,1.4387034177780151,2.738649606704712,2.603416919708252,2.377610445022583,2.1752829551696777,1.914102554321289,1.7617709636688232,1.4572762250900269,1.404400110244751,1.035312533378601,1.1041499376296997,0.871408224105835,1.1615045070648193,1.1172820329666138,1.488953948020935,1.766096591949463,3.1653552055358887,3.0407683849334717,2.842832565307617,2.693258047103882,2.495572090148926,2.3327133655548096,2.069300889968872,1.9791854619979858,1.6284958124160767,1.6966335773468018,1.4076380729675293,1.6205798387527466,1.4115703105926514,1.7163726091384888,1.8407697677612305
B12,3.6273865699768066,3.3405017852783203,3.012052059173584,2.704458713531494,2.4418482780456543,2.105724334716797,1.9098825454711914,1.7177945375442505,1.3851983547210693,1.3467814922332764,1.1156840324401855,1.0485912561416626,0.9544192552566528,1.0135471820831299,1.1336700916290283,2.5416393280029297,2.4567275047302246,2.218867778778076,2.048576831817627,1.832261323928833,1.649705410003662,1.4459728002548218,1.0942009687423706,0.9404537081718445,0.605996310710907,0.3771248757839203,0.0,0.38337013125419617,0.6260592937469482,1.0103495121002197,2.571869134902954,2.4756100177764893,2.2728657722473145,2.077366352081299,1.9029545783996582,1.7019199132919312,1.4986785650253296,1.185118317604065,1.0896426439285278,0.7697973251342773,0.5001014471054077,0.3323576748371124,0.6303895115852356,0.9131070375442505,1.2512396574020386,2.891218900680542,2.7900149822235107,2.599691152572632,2.4367616176605225,2.209895133972168,2.0847737789154053,1.8024884462356567,1.7535202503204346,1.3888545036315918,1.4256149530410767,1.1331924200057983,1.3468072414398193,1.1932973861694336,1.509154200553894,1.7307361364364624,3.3736844062805176,3.284043073654175,3.112983226776123,2.98341703414917,2.8122096061706543,2.660459041595459,2.4162161350250244,2.316448211669922,1.9730225801467896,2.0144946575164795,1.7071939706802368,1.8730332851409912,1.6127127408981323,1.8616588115692139,1.912998080253601
B13,3.753878355026245,3.483569622039795,3.13672137260437,2.8557870388031006,2.560091018676758,2.2488961219787598,2.0084316730499268,1.760021448135376,1.4601154327392578,1.3232232332229614,1.0241081714630127,0.826558530330658,0.6189240217208862,0.6319931149482727,0.8016252517700195,2.8008041381835938,2.7370243072509766,2.518704414367676,2.3305294513702393,2.148280382156372,1.9402071237564087,1.7788636684417725,1.427022933959961,1.213846206665039,0.9366675615310669,0.5948938131332397,0.38337013125419617,0.0,0.3996255695819855,0.750999391078949,2.8267018795013428,2.7535085678100586,2.5645172595977783,2.349269390106201,2.208106756210327,1.9783251285552979,1.8153258562088013,1.4929267168045044,1.3301060199737549,0.99928879737854,0.6178751587867737,0.2650211751461029,0.2735746502876282,0.5628675222396851,0.947314441204071,3.0199742317199707,2.9478862285614014,2.7757678031921387,2.6042277812957764,2.3840653896331787,2.2159504890441895,1.9518815279006958,1.831536889076233,1.4684776067733765,1.4004862308502197,1.0421369075775146,1.1487916707992554,0.9120664596557617,1.1896144151687622,1.4040390253067017,3.398561477661133,3.3162057399749756,3.1648309230804443,3.0136334896087646,2.8693132400512695,2.6871211528778076,2.4623937606811523,2.3101742267608643,1.9780584573745728,1.9491316080093384,1.6152867078781128,1.7100743055343628,1.4040498733520508,1.5929780006408691,1.5909990072250366
