,A1,A2,A3,A4,A5,A6,A7,A8,A9,A10,A11,A12,A13,A14,A15,B1,B2,B3,B4,B5,B6,B7,B8,B9,B10,B11,B12,B13,B14,B15,C1,C2,C3,C4,C5,C6,C7,C8,C9,C10,C11,C12,C13,C14,C15,D1,D2,D3,D4,D5,D6,D7,D8,D9,D10,D11,D12,D13,D14,D15,E1,E2,E3,E4,E5,E6,E7,E8,E9,E10,E11,E12,E13,E14,E15
A1,0.0,0.38311293721199036,0.5950635671615601,0.935392439365387,1.1854497194290161,1.480385184288025,1.6921679973602295,1.9393285512924194,2.156118869781494,2.4079487323760986,2.6872897148132324,2.9209439754486084,3.2224180698394775,3.3584439754486084,3.46718168258667,2.27457332611084,2.1676619052886963,2.4794881343841553,2.5017621517181396,2.7390096187591553,2.8324382305145264,3.015551805496216,2.830495834350586,2.7920520305633545,3.0087733268737793,3.167531967163086,3.1472201347351074,3.4432802200317383,3.5086491107940674,3.659088134765625,4.3357696533203125,4.140704154968262,4.368888854980469,4.102840900421143,4.355885028839111,4.183712482452393,4.327561855316162,4.012966632843018,3.843463897705078,3.876448631286621,3.776052474975586,3.5816245079040527,3.61503005027771,3.928412437438965,4.29816198348999,6.0394086837768555,5.677163124084473,5.571545600891113,5.265412330627441,5.353808879852295,5.176405429840088,5.2115044593811035,4.832127571105957,4.817049980163574,4.852116584777832,4.524212837219238,4.513598442077637,4.1792216300964355,4.314363479614258,4.155411243438721,6.609024524688721,6.540931224822998,6.28479528427124,5.90386962890625,5.943650245666504,5.567133903503418,5.652498245239258,5.319520950317383,5.069901466369629,4.980161190032959,4.623438835144043,4.547028064727783,4.281618595123291,4.119412422180176,3.8980627059936523
A2,0.38311293721199036,0.0,0.37962061166763306,0.6126660704612732,0.9247437715530396,1.2034889459609985,1.4473625421524048,1.6492230892181396,1.8549307584762573,2.1235334873199463,2.3880457878112793,2.607074737548828,2.915679454803467,3.0272655487060547,3.1384236812591553,2.255098819732666,2.14595103263855,2.448589324951172,2.4155242443084717,2.6702256202697754,2.7131283283233643,2.913184642791748,2.712406635284424,2.627347469329834,2.840918779373169,2.9611799716949463,2.9228603839874268,3.1951982975006104,3.2361998558044434,3.3873965740203857,4.306482791900635,4.114374160766602,4.330007076263428,4.050637245178223,4.290993690490723,4.089609622955322,4.2372894287109375,3.9125559329986572,3.7187347412109375,3.7319910526275635,3.6013362407684326,3.3923797607421875,3.3934497833251953,3.699284553527832,4.078101634979248,5.961068153381348,5.60353946685791,5.483999252319336,5.165050983428955,5.233861446380615,5.038279056549072,5.058058261871338,4.672755718231201,4.646932601928711,4.655423164367676,4.317317962646484,4.2813029289245605,3.937310218811035,4.072225570678711,3.9367737770080566,6.4423909187316895,6.355109691619873,6.084883213043213,5.705103397369385,5.729928493499756,5.34888219833374,5.426525115966797,5.099765777587891,4.837713718414307,4.73847770690918,4.375809192657471,4.287195682525635,4.009170055389404,3.8380768299102783,3.5996477603912354
A3,0.5950635671615601,0.37962061166763306,0.0,0.3870391845703125,0.590753972530365,0.9023675322532654,1.1036320924758911,1.3447998762130737,1.5684882402420044,1.8130183219909668,2.097506046295166,2.3296995162963867,2.6321308612823486,2.7794759273529053,2.9027888774871826,2.154846429824829,1.9866067171096802,2.2522614002227783,2.188692808151245,2.4119699001312256,2.440925359725952,2.611179828643799,2.3868250846862793,2.309993028640747,2.5017101764678955,2.6373603343963623,2.5880236625671387,2.875555992126465,2.942465305328369,3.1137590408325195,4.070023059844971,3.8561689853668213,4.051567077636719,3.7575650215148926,3.981754779815674,3.7747366428375244,3.9046385288238525,3.5714917182922363,3.387723922729492,3.387045383453369,3.2691545486450195,3.0496177673339844,3.0694000720977783,3.389740467071533,3.7635698318481445,5.605227947235107,5.245686054229736,5.119089126586914,4.8022894859313965,4.866700649261475,4.677130699157715,4.692928791046143,4.308488368988037,4.292642116546631,4.307018280029297,3.9748847484588623,3.9460363388061523,3.605844020843506,3.7334465980529785,3.583775281906128,6.0727219581604,5.989974021911621,5.724085807800293,5.343488693237305,5.374429225921631,4.995345592498779,5.078880310058594,4.750820636749268,4.49268913269043,4.403129577636719,4.042001247406006,3.967672348022461,3.6941494941711426,3.53847599029541,3.3107659816741943
A4,0.935392439365387,0.6126660704612732,0.3870391845703125,0.0,0.37678924202919006,0.6074151992797852,0.8744581937789917,1.0507681369781494,1.2422906160354614,1.5189441442489624,1.7754318714141846,2.001075506210327,2.303882360458374,2.424769401550293,2.542689323425293,2.134816884994507,1.9702374935150146,2.2159605026245117,2.092412233352661,2.3313426971435547,2.3022260665893555,2.492447853088379,2.2591261863708496,2.1271309852600098,2.3180902004241943,2.4053585529327393,2.34269380569458,2.6005091667175293,2.6370766162872314,2.8038957118988037,4.00405216217041,3.79811692237854,3.980403184890747,3.677173614501953,3.8881142139434814,3.6519289016723633,3.7894842624664307,3.450955390930176,3.238900899887085,3.2212750911712646,3.067758321762085,2.8388757705688477,2.8192594051361084,3.126499891281128,3.508981466293335,5.501396179199219,5.149833679199219,5.012841701507568,4.682466506958008,4.728907108306885,4.517629623413086,4.521383762359619,4.132380962371826,4.0994791984558105,4.08610725402832,3.742698907852173,3.689150333404541,3.340360164642334,3.474884510040283,3.3550305366516113,5.892392158508301,5.791476249694824,5.5128021240234375,5.135796070098877,5.155147075653076,4.772456169128418,4.853697776794434,4.536330699920654,4.261369705200195,4.168414115905762,3.7990403175354004,3.7185440063476562,3.4259769916534424,3.269008159637451,3.0167453289031982
A5,1.1854497194290161,0.9247437715530396,0.590753972530365,0.37678924202919006,0.0,0.3832481801509857,0.5241683721542358,0.7591546177864075,0.9976584315299988,1.22298264503479,1.5182850360870361,1.7508810758590698,2.051967144012451,2.2207884788513184,2.3643388748168945,2.1820995807647705,1.958572506904602,2.151118040084839,1.9914731979370117,2.1816227436065674,2.129800319671631,2.2736892700195312,2.004476308822632,1.8798695802688599,2.0292580127716064,2.1330153942108154,2.0426974296569824,2.3187308311462402,2.3912501335144043,2.5915777683258057,3.85937762260437,3.6272878646850586,3.7816107273101807,3.4606494903564453,3.6472008228302,3.4033336639404297,3.513479232788086,3.1625025272369385,2.965588092803955,2.922443151473999,2.785783290863037,2.535393714904785,2.539750576019287,2.868507146835327,3.2442166805267334,5.18464469909668,4.830104351043701,4.680655002593994,4.35410737991333,4.390778541564941,4.188852310180664,4.1822285652160645,3.793745994567871,3.777918815612793,3.7685956954956055,3.4333059787750244,3.383518934249878,3.037546157836914,3.1550185680389404,3.015625,5.538336753845215,5.440206050872803,5.164460182189941,4.784797668457031,4.806835651397705,4.42552375793457,4.5082621574401855,4.1865315437316895,3.91878342628479,3.831599473953247,3.465528964996338,3.3966705799102783,3.113434314727783,2.969496726989746,2.735020399093628
A6,1.480385184288025,1.2034889459609985,0.9023675322532654,0.6074151992797852,0.3832481801509857,0.0,0.3852967619895935,0.5763341784477234,0.6924006938934326,0.9817225337028503,1.218114972114563,1.4918915033340454,1.7573270797729492,1.9190536737442017,2.0271925926208496,2.0230929851531982,1.7984488010406494,1.9581208229064941,1.7462894916534424,1.9447981119155884,1.843988060951233,2.0099685192108154,1.748589277267456,1.5763492584228516,1.7434704303741455,1.8085438013076782,1.73672616481781,1.994678258895874,2.0437071323394775,2.2246038913726807,3.61188006401062,3.391387939453125,3.538088798522949,3.2159056663513184,3.3971107006073,3.1337029933929443,3.2611923217773438,2.9149835109710693,2.6891865730285645,2.6491334438323975,2.480429172515869,2.241823673248291,2.213913917541504,2.5256924629211426,2.907292366027832,4.960460186004639,4.615978240966797,4.470356464385986,4.130855083465576,4.165223121643066,3.940218925476074,3.9398295879364014,3.5496487617492676,3.5060391426086426,3.4839181900024414,3.137794017791748,3.0845630168914795,2.737645387649536,2.884925365447998,2.773303270339966,5.317844390869141,5.214965343475342,4.937229156494141,4.565289497375488,4.5948076248168945,4.213954925537109,4.315046787261963,4.01112174987793,3.7222845554351807,3.6557466983795166,3.278961181640625,3.2308132648468018,2.9210891723632812,2.8057353496551514,2.5420520305633545
A7,1.6921679973602295,1.4473625421524048,1.1036320924758911,0.8744581937789917,0.5241683721542358,0.3852967619895935,0.0,0.37128862738609314,0.6028075814247131,0.748738169670105,1.0660934448242188,1.3186242580413818,1.5953478813171387,1.8178329467773438,1.9780447483062744,2.262362003326416,1.9906009435653687,2.097327470779419,1.8643847703933716,1.9943701028823853,1.874457597732544,1.9678858518600464,1.6570427417755127,1.5031622648239136,1.5907485485076904,1.6781630516052246,1.546303391456604,1.8260279893875122,1.9278013706207275,2.1635968685150146,3.638450860977173,3.386174440383911,3.4973559379577637,3.155081272125244,3.3020265102386475,3.032188892364502,3.116011142730713,2.7518398761749268,2.5539610385894775,2.470449686050415,2.329982042312622,2.05147647857666,2.0595083236694336,2.403238296508789,2.7728066444396973,4.743439674377441,4.393279075622559,4.226411819458008,3.895077705383301,3.9113216400146484,3.7038214206695557,3.6815786361694336,3.291747808456421,3.2801578044891357,3.2596182823181152,2.926755905151367,2.870359182357788,2.524914264678955,2.633763074874878,2.4915802478790283,5.023779392242432,4.9203362464904785,4.64256477355957,4.26405143737793,4.28818941116333,3.9073355197906494,3.9988932609558105,3.6832528114318848,3.4092483520507812,3.3372626304626465,2.9678189754486084,2.9213626384735107,2.6319804191589355,2.5186872482299805,2.2871031761169434
A8,1.9393285512924194,1.6492230892181396,1.3447998762130737,1.0507681369781494,0.7591546177864075,0.5763341784477234,0.37128862738609314,0.0,0.36286792159080505,0.4818834066390991,0.8042849898338318,1.0000170469284058,1.3171473741531372,1.508347749710083,1.7047237157821655,2.5055978298187256,2.254513740539551,2.3484363555908203,2.077651023864746,2.2121710777282715,2.036612033843994,2.1353797912597656,1.8199591636657715,1.6073951721191406,1.6591888666152954,1.668495535850525,1.4820133447647095,1.7014031410217285,1.7641711235046387,2.018660545349121,3.8219521045684814,3.577730178833008,3.669218063354492,3.3208394050598145,3.443528890609741,3.1458678245544434,3.223330020904541,2.855304002761841,2.6379990577697754,2.5174455642700195,2.3407130241394043,2.036133289337158,1.9913012981414795,2.3200817108154297,2.6945040225982666,4.811972141265869,4.471617221832275,4.284674644470215,3.946096420288086,3.930279493331909,3.707188606262207,3.6556131839752197,3.2647409439086914,3.2475180625915527,3.184434413909912,2.8445587158203125,2.741021156311035,2.38197660446167,2.4724230766296387,2.3670289516448975,4.946976661682129,4.815619945526123,4.517975807189941,4.141298294067383,4.13710355758667,3.751312017440796,3.8218915462493896,3.512498378753662,3.2269747257232666,3.1312813758850098,2.7573373317718506,2.682401418685913,2.379476547241211,2.2419822216033936,1.9874848127365112
A9,2.156118869781494,1.8549307584762573,1.5684882402420044,1.2422906160354614,0.9976584315299988,0.6924006938934326,0.6028075814247131,0.36286792159080505,0.0,0.37981072068214417,0.5338625311851501,0.8084784746170044,1.0682828426361084,1.239694356918335,1.3852416276931763,2.3986876010894775,2.163205623626709,2.2289066314697266,1.920613408088684,2.062505006790161,1.839571237564087,1.963632345199585,1.6717419624328613,1.40444815158844,1.474019169807434,1.4189749956130981,1.2551480531692505,1.4354639053344727,1.453667402267456,1.6823060512542725,3.62734317779541,3.4020307064056396,3.4888012409210205,3.1457948684692383,3.264972448348999,2.9496872425079346,3.0500171184539795,2.693613290786743,2.4430131912231445,2.3298676013946533,2.1112382411956787,1.8258901834487915,1.7297208309173584,2.030917167663574,2.4143550395965576,4.667015075683594,4.339621543884277,4.160802364349365,3.8092031478881836,3.7932703495025635,3.543390989303589,3.501431465148926,3.1107406616210938,3.0572876930236816,2.977444648742676,2.62353515625,2.5132179260253906,2.1519951820373535,2.2841956615448,2.220898389816284,4.816747188568115,4.680503845214844,4.381256580352783,4.015315055847168,4.0199055671691895,3.636075496673584,3.7282230854034424,3.4426498413085938,3.1323564052581787,3.061776876449585,2.6772725582122803,2.6270158290863037,2.2915353775024414,2.1906986236572266,1.8965404033660889
A10,2.4079487323760986,2.1235334873199463,1.8130183219909668,1.5189441442489624,1.22298264503479,0.9817225337028503,0.748738169670105,0.4818834066390991,0.37981072068214417,0.0,0.3884446918964386,0.586444616317749,0.8669729828834534,1.1219213008880615,1.343115210533142,2.6844780445098877,2.4183037281036377,2.443718671798706,2.123295545578003,2.2057037353515625,1.965004563331604,2.0192737579345703,1.6935375928878784,1.4426519870758057,1.4122852087020874,1.3537957668304443,1.1009671688079834,1.2746150493621826,1.3473469018936157,1.6438194513320923,3.7146804332733154,3.464651107788086,3.512890100479126,3.1543517112731934,3.2328622341156006,2.9084601402282715,2.9625844955444336,2.5931735038757324,2.3691911697387695,2.2014074325561523,2.004896640777588,1.6730719804763794,1.600497841835022,1.9266232252120972,2.290710926055908,4.484136581420898,4.156035423278809,3.951565742492676,3.6075119972229004,3.5635058879852295,3.327064275741577,3.253814697265625,2.8649401664733887,2.8426880836486816,2.7508702278137207,2.41098952293396,2.2820041179656982,1.919461965560913,2.000828981399536,1.9172333478927612,4.516046047210693,4.371358394622803,4.066423416137695,3.6943883895874023,3.6860132217407227,3.3000848293304443,3.378230333328247,3.083014488220215,2.781886100769043,2.7009613513946533,2.3197131156921387,2.266573667526245,1.943817138671875,1.8443039655685425,1.57551908493042
A11,2.6872897148132324,2.3880457878112793,2.097506046295166,1.7754318714141846,1.5182850360870361,1.218114972114563,1.0660934448242188,0.8042849898338318,0.5338625311851501,0.3884446918964386,0.0,0.3752512037754059,0.5407946109771729,0.7805448770523071,0.9626501202583313,2.711975574493408,2.468796968460083,2.464967727661133,2.112273931503296,2.19561767578125,1.9037483930587769,1.9759507179260254,1.6849145889282227,1.3793907165527344,1.346418023109436,1.1854972839355469,0.9391776323318481,1.0137137174606323,1.0114531517028809,1.2957783937454224,3.6187727451324463,3.391103982925415,3.426616907119751,3.0758543014526367,3.140523910522461,2.794354200363159,2.866551399230957,2.5141477584838867,2.2557759284973145,2.083986282348633,1.8348115682601929,1.5216729640960693,1.3685215711593628,1.6499654054641724,2.019758462905884,4.386143207550049,4.076484203338623,3.8753345012664795,3.5190582275390625,3.464599370956421,3.197620153427124,3.12477970123291,2.740354537963867,2.6778602600097656,2.552597761154175,2.198526382446289,2.0433366298675537,1.6761565208435059,1.7976912260055542,1.7812137603759766,4.386104583740234,4.22817850112915,3.916741371154785,3.558980941772461,3.5510365962982178,3.1685080528259277,3.263033628463745,2.998993158340454,2.6700119972229004,2.6110942363739014,2.222304105758667,2.190101385116577,1.830865502357483,1.7717654705047607,1.4546841382980347
A12,2.9209439754486084,2.607074737548828,2.3296995162963867,2.001075506210327,1.7508810758590698,1.4918915033340454,1.3186242580413818,1.0000170469284058,0.8084784746170044,0.586444616317749,0.3752512037754059,0.0,0.3907855451107025,0.5844155550003052,0.8987002968788147,3.079577684402466,2.8418209552764893,2.8398122787475586,2.485060691833496,2.56117582321167,2.260507345199585,2.3145933151245117,2.0191195011138916,1.718924641609192,1.6399019956588745,1.4522888660430908,1.156111717224121,1.1445679664611816,1.114633321762085,1.422731637954712,3.9437854290008545,3.7141470909118652,3.728421926498413,3.3745667934417725,3.411484479904175,3.0558485984802246,3.101547956466675,2.749692678451538,2.5037124156951904,2.2913007736206055,2.043250799179077,1.7089126110076904,1.5359821319580078,1.7900547981262207,2.1327826976776123,4.521340847015381,4.220417499542236,3.993926525115967,3.64428973197937,3.551961898803711,3.2888197898864746,3.174718141555786,2.8004844188690186,2.7560677528381348,2.5894041061401367,2.2501866817474365,2.0385003089904785,1.6724344491958618,1.7285287380218506,1.7448713779449463,4.335803985595703,4.1480607986450195,3.8164403438568115,3.4599459171295166,3.4116201400756836,3.0270845890045166,3.0829665660858154,2.8200769424438477,2.492509365081787,2.39247989654541,2.009068727493286,1.929753065109253,1.5684020519256592,1.4667513370513916,1.129239797592163
A13,3.2224180698394775,2.915679454803467,2.6321308612823486,2.303882360458374,2.051967144012451,1.7573270797729492,1.5953478813171387,1.3171473741531372,1.0682828426361084,0.8669729828834534,0.5407946109771729,0.3907855451107025,0.0,0.39643269777297974,0.6490867137908936,3.1300525665283203,2.8951632976531982,2.848526954650879,2.4737770557403564,2.5195775032043457,2.1848397254943848,2.220095157623291,1.9542487859725952,1.6397271156311035,1.5269030332565308,1.2708228826522827,0.9823713302612305,0.8562405705451965,0.7794339656829834,1.096764326095581,3.77882719039917,3.559581995010376,3.5481088161468506,3.2010135650634766,3.2113943099975586,2.8424925804138184,2.8868155479431152,2.5540599822998047,2.295511484146118,2.069671392440796,1.7946523427963257,1.479810357093811,1.2537789344787598,1.4621496200561523,1.7889227867126465,4.265145778656006,3.9817333221435547,3.7571258544921875,3.4017844200134277,3.299269199371338,3.0152063369750977,2.9011783599853516,2.5358383655548096,2.4615530967712402,2.2698605060577393,1.926635980606079,1.6965662240982056,1.3341457843780518,1.424870252609253,1.4999433755874634,4.061655521392822,3.870251417160034,3.5400230884552,3.1973564624786377,3.1618258953094482,2.7842283248901367,2.869358777999878,2.638826608657837,2.288558006286621,2.2321131229400635,1.8470664024353027,1.821588397026062,1.4349770545959473,1.4214632511138916,1.0707570314407349
A14,3.3584439754486084,3.0272655487060547,2.7794759273529053,2.424769401550293,2.2207884788513184,1.9190536737442017,1.8178329467773438,1.508347749710083,1.239694356918335,1.1219213008880615,0.7805448770523071,0.5844155550003052,0.39643269777297974,0.0,0.3925037682056427,3.2637858390808105,3.0673999786376953,3.040830373764038,2.6639859676361084,2.748147487640381,2.403520345687866,2.484873056411743,2.249377489089966,1.9103248119354248,1.842919945716858,1.5518501996994019,1.3163827657699585,1.1350878477096558,0.9402171969413757,1.1572540998458862,3.9842779636383057,3.794221878051758,3.7939040660858154,3.4614615440368652,3.480116367340088,3.1053268909454346,3.175863742828369,2.861619472503662,2.579712390899658,2.3728911876678467,2.0658252239227295,1.790045142173767,1.5105667114257812,1.6423578262329102,1.958089828491211,4.552603244781494,4.284980297088623,4.065202236175537,3.7064220905303955,3.596255302429199,3.2950241565704346,3.178245782852173,2.8265888690948486,2.724245071411133,2.500828981399536,2.1597087383270264,1.8977665901184082,1.5560662746429443,1.6577638387680054,1.7991622686386108,4.289204120635986,4.07581901550293,3.734250783920288,3.409820318222046,3.3510100841522217,2.982637643814087,3.050462484359741,2.8474860191345215,2.489375352859497,2.414860486984253,2.044617176055908,1.985466718673706,1.5941802263259888,1.551552414894104,1.1656674146652222
A15,3.46718168258667,3.1384236812591553,2.9027888774871826,2.542689323425293,2.3643388748168945,2.0271925926208496,1.9780447483062744,1.7047237157821655,1.3852416276931763,1.343115210533142,0.9626501202583313,0.8987002968788147,0.6490867137908936,0.3925037682056427,0.0,3.129669189453125,2.9619038105010986,2.9184727668762207,2.535829782485962,2.6293952465057373,2.2680771350860596,2.3798036575317383,2.195535659790039,1.8389852046966553,1.811208963394165,1.4773532152175903,1.328679084777832,1.0982997417449951,0.803564727306366,0.8955355882644653,3.777059316635132,3.6178410053253174,3.6239986419677734,3.311741828918457,3.3390088081359863,2.961965799331665,3.0691609382629395,2.7834463119506836,2.4721152782440186,2.302809238433838,1.9598958492279053,1.7477844953536987,1.4162299633026123,1.471697449684143,1.786399245262146,4.486687660217285,4.234431743621826,4.039608478546143,3.671967029571533,3.580768585205078,3.2546114921569824,3.169712781906128,2.8268954753875732,2.6745827198028564,2.450615167617798,2.100029945373535,1.857668161392212,1.5390939712524414,1.721950650215149,1.9036566019058228,4.3248209953308105,4.121384143829346,3.7922732830047607,3.4874837398529053,3.4560282230377197,3.101196050643921,3.2062642574310303,3.0353918075561523,2.6637556552886963,2.635122060775757,2.2711057662963867,2.2577402591705322,1.861850619316101,1.8737244606018066,1.495688557624817
B1,2.27457332611084,2.255098819732666,2.154846429824829,2.134816884994507,2.1820995807647705,2.0230929851531982,2.262362003326416,2.5055978298187256,2.3986876010894775,2.6844780445098877,2.711975574493408,3.079577684402466,3.1300525665283203,3.2637858390808105,3.129669189453125,0.0,0.39103788137435913,0.6473320126533508,0.8794345259666443,1.1801239252090454,1.3943941593170166,1.7060606479644775,1.8390958309173584,1.8624871969223022,2.22780179977417,2.362192392349243,2.6195385456085205,2.8576595783233643,2.8756611347198486,2.8056249618530273,2.3334736824035645,2.2804741859436035,2.598020076751709,2.458585262298584,2.8013203144073486,2.7004802227020264,2.999016284942627,2.837177276611328,2.613257646560669,2.8491766452789307,2.7281606197357178,2.7856643199920654,2.795515775680542,2.9445905685424805,3.2309741973876953,4.83999490737915,4.54218053817749,4.5629377365112305,4.243278980255127,4.43452262878418,4.197666645050049,4.37476110458374,4.046202659606934,3.887444019317627,3.9876105785369873,3.678895950317383,3.796048402786255,3.5606632232666016,3.8687937259674072,3.781953811645508,5.935882568359375,5.934464931488037,5.746209621429443,5.431652069091797,5.5898613929748535,5.257926940917969,5.48728084564209,5.251500606536865,4.945239543914795,5.018585681915283,4.649399757385254,4.734880447387695,4.3997907638549805,4.421417713165283,4.137838363647461
B2,2.1676619052886963,2.14595103263855,1.9866067171096802,1.9702374935150146,1.958572506904602,1.7984488010406494,1.9906009435653687,2.254513740539551,2.163205623626709,2.4183037281036377,2.468796968460083,2.8418209552764893,2.8951632976531982,3.0673999786376953,2.9619038105010986,0.39103788137435913,0.0,0.37515538930892944,0.6052337884902954,0.8801643252372742,1.1218839883804321,1.3971127271652222,1.4980294704437256,1.5548120737075806,1.906053900718689,2.0797348022460938,2.325587511062622,2.593010187149048,2.65026593208313,2.618389368057251,2.238405704498291,2.122532367706299,2.4135892391204834,2.232728958129883,2.5612263679504395,2.449773073196411,2.7199289798736572,2.5320897102355957,2.324759006500244,2.5441086292266846,2.4473679065704346,2.484123945236206,2.5287156105041504,2.7117180824279785,3.000626802444458,4.557997703552246,4.246763706207275,4.252250671386719,3.9344727993011475,4.1202473640441895,3.8961541652679443,4.064245700836182,3.7308874130249023,3.594313383102417,3.705052375793457,3.400993824005127,3.52569580078125,3.2888078689575195,3.5803353786468506,3.4684481620788574,5.622055530548096,5.6241350173950195,5.437437057495117,5.115790367126465,5.275180339813232,4.942650318145752,5.169641017913818,4.925139427185059,4.629392623901367,4.703857421875,4.339524745941162,4.43122673034668,4.108850955963135,4.13601016998291,3.8711612224578857
B3,2.4794881343841553,2.448589324951172,2.2522614002227783,2.2159605026245117,2.151118040084839,1.9581208229064941,2.097327470779419,2.3484363555908203,2.2289066314697266,2.443718671798706,2.464967727661133,2.8398122787475586,2.848526954650879,3.040830373764038,2.9184727668762207,0.6473320126533508,0.37515538930892944,0.0,0.3914624750614166,0.5587042570114136,0.8567381501197815,1.1019504070281982,1.2714983224868774,1.3736425638198853,1.711859941482544,1.89833402633667,2.1810965538024902,2.4416604042053223,2.517810344696045,2.470386505126953,1.883937120437622,1.7541069984436035,2.0397450923919678,1.860026240348816,2.1923375129699707,2.0919246673583984,2.371711015701294,2.206955909729004,2.0071356296539307,2.2557427883148193,2.1793036460876465,2.2592899799346924,2.3255317211151123,2.4887049198150635,2.7479679584503174,4.207010269165039,3.9029197692871094,3.922200918197632,3.607309103012085,3.806518793106079,3.5830955505371094,3.7704734802246094,3.4509308338165283,3.304105043411255,3.434363603591919,3.1462535858154297,3.3006067276000977,3.091175079345703,3.394646167755127,3.2813141345977783,5.335379600524902,5.35201358795166,5.181036949157715,4.8708415031433105,5.0503692626953125,4.730674743652344,4.978026390075684,4.748538494110107,4.456056594848633,4.558427333831787,4.20357608795166,4.325319290161133,4.008722305297852,4.0698561668396,3.8163869380950928
B4,2.5017621517181396,2.4155242443084717,2.188692808151245,2.092412233352661,1.9914731979370117,1.7462894916534424,1.8643847703933716,2.077651023864746,1.920613408088684,2.123295545578003,2.112273931503296,2.485060691833496,2.4737770557403564,2.6639859676361084,2.535829782485962,0.8794345259666443,0.6052337884902954,0.3914624750614166,0.0,0.38319459557533264,0.5217713713645935,0.8419292569160461,0.9831238389015198,1.018548846244812,1.3756177425384521,1.5282962322235107,1.8150352239608765,2.0616872310638428,2.127861261367798,2.0821728706359863,1.9309911727905273,1.7788214683532715,2.0154223442077637,1.7874373197555542,2.083505868911743,1.9194722175598145,2.1950860023498535,1.997227430343628,1.7556287050247192,1.973097324371338,1.8553853034973145,1.918229103088379,1.956814169883728,2.122222661972046,2.3998284339904785,4.054172515869141,3.7494728565216064,3.7413785457611084,3.4084365367889404,3.5791239738464355,3.3346049785614014,3.500264883041382,3.1681840419769287,3.01240873336792,3.1152846813201904,2.811492681503296,2.9448883533477783,2.7245166301727295,3.0330560207366943,2.937323808670044,5.05869722366333,5.055137634277344,4.868713855743408,4.55617618560791,4.722647666931152,4.397429943084717,4.640046119689941,4.415343284606934,4.112339019775391,4.211669921875,3.8526761531829834,3.97298526763916,3.6478638648986816,3.7142248153686523,3.452867031097412
B5,2.7390096187591553,2.6702256202697754,2.4119699001312256,2.3313426971435547,2.1816227436065674,1.9447981119155884,1.9943701028823853,2.2121710777282715,2.062505006790161,2.2057037353515625,2.19561767578125,2.56117582321167,2.5195775032043457,2.748147487640381,2.6293952465057373,1.1801239252090454,0.8801643252372742,0.5587042570114136,0.38319459557533264,0.0,0.3875482678413391,0.5459319353103638,0.769955039024353,0.9241769313812256,1.2247029542922974,1.4327936172485352,1.7397862672805786,1.9992234706878662,2.1151444911956787,2.082953453063965,1.67864990234375,1.4732742309570312,1.6844192743301392,1.4354544878005981,1.7284773588180542,1.582940936088562,1.8460081815719604,1.6596360206604004,1.4518929719924927,1.6981934309005737,1.638106107711792,1.7373576164245605,1.8367763757705688,2.00399112701416,2.2423839569091797,3.6958227157592773,3.3883681297302246,3.3907527923583984,3.066854238510132,3.255563735961914,3.027151584625244,3.212026834487915,2.8939154148101807,2.747262477874756,2.886014699935913,2.607832670211792,2.782343626022339,2.593602418899536,2.8970203399658203,2.776872396469116,4.7772393226623535,4.795734405517578,4.629709243774414,4.3238959312438965,4.513469696044922,4.201994895935059,4.462307929992676,4.244400978088379,3.95609712600708,4.08182954788208,3.7381744384765625,3.8890328407287598,3.5831964015960693,3.680647134780884,3.4472763538360596
B6,2.8324382305145264,2.7131283283233643,2.440925359725952,2.3022260665893555,2.129800319671631,1.843988060951233,1.874457597732544,2.036612033843994,1.839571237564087,1.965004563331604,1.9037483930587769,2.260507345199585,2.1848397254943848,2.403520345687866,2.2680771350860596,1.3943941593170166,1.1218839883804321,0.8567381501197815,0.5217713713645935,0.3875482678413391,0.0,0.3959583044052124,0.5913108587265015,0.6199808120727539,0.9431856274604797,1.086120367050171,1.4146251678466797,1.6429332494735718,1.7394355535507202,1.695892333984375,1.7966042757034302,1.5967767238616943,1.7500147819519043,1.466973066329956,1.7058825492858887,1.4822900295257568,1.7449138164520264,1.5284510850906372,1.2562631368637085,1.464638590812683,1.3369619846343994,1.4289473295211792,1.4822486639022827,1.6389280557632446,1.8979278802871704,3.6052918434143066,3.3040103912353516,3.278799295425415,2.9342072010040283,3.08892822265625,2.83048152923584,2.992058277130127,2.66158127784729,2.494709014892578,2.596707344055176,2.2978415489196777,2.4476919174194336,2.2490386962890625,2.5671844482421875,2.4773385524749756,4.549036502838135,4.543555736541748,4.3599958419799805,4.054625034332275,4.230175971984863,3.913517713546753,4.171151638031006,3.963352918624878,3.659583568572998,3.7847204208374023,3.4359958171844482,3.587155342102051,3.2684619426727295,3.375338554382324,3.1294639110565186
B7,3.015551805496216,2.913184642791748,2.611179828643799,2.492447853088379,2.2736892700195312,2.0099685192108154,1.9678858518600464,2.1353797912597656,1.963632345199585,2.0192737579345703,1.9759507179260254,2.3145933151245117,2.220095157623291,2.484873056411743,2.3798036575317383,1.7060606479644775,1.3971127271652222,1.1019504070281982,0.8419292569160461,0.5459319353103638,0.3959583044052124,0.0,0.3747241795063019,0.5969272255897522,0.780119776725769,1.012929916381836,1.332741141319275,1.5846153497695923,1.7521907091140747,1.7511924505233765,1.718503475189209,1.4498237371444702,1.5402894020080566,1.2111517190933228,1.4113589525222778,1.1865869760513306,1.403005599975586,1.1648889780044556,0.9353690147399902,1.1545263528823853,1.1128429174423218,1.2239066362380981,1.3713150024414062,1.5525141954421997,1.7673887014389038,3.252441883087158,2.939624309539795,2.9107508659362793,2.573021650314331,2.7381463050842285,2.501079797744751,2.6725571155548096,2.3496358394622803,2.207181692123413,2.3491427898406982,2.0786869525909424,2.2706246376037598,2.102595090866089,2.399731159210205,2.27103590965271,4.235726356506348,4.2503252029418945,4.084314823150635,3.7799031734466553,3.9752447605133057,3.669940233230591,3.9403135776519775,3.7331275939941406,3.449164628982544,3.5965538024902344,3.2657084465026855,3.4450302124023438,3.153225898742676,3.2875800132751465,3.0792384147644043
B8,2.830495834350586,2.712406635284424,2.3868250846862793,2.2591261863708496,2.004476308822632,1.748589277267456,1.6570427417755127,1.8199591636657715,1.6717419624328613,1.6935375928878784,1.6849145889282227,2.0191195011138916,1.9542487859725952,2.249377489089966,2.195535659790039,1.8390958309173584,1.4980294704437256,1.2714983224868774,0.9831238389015198,0.769955039024353,0.5913108587265015,0.3747241795063019,0.0,0.3692823648452759,0.4988268315792084,0.8144989609718323,1.064632534980774,1.3728479146957397,1.5812041759490967,1.6579114198684692,2.0820517539978027,1.7946622371673584,1.8560386896133423,1.503877878189087,1.651982307434082,1.399806022644043,1.5376631021499634,1.225746750831604,1.0145825147628784,1.1122217178344727,1.0659416913986206,1.0514963865280151,1.2254817485809326,1.4895132780075073,1.7455581426620483,3.327578544616699,2.996816635131836,2.9227750301361084,2.581434965133667,2.7079293727874756,2.4802463054656982,2.604160785675049,2.2543985843658447,2.1538171768188477,2.2715511322021484,1.9842185974121094,2.1394033432006836,1.9329440593719482,2.1938295364379883,2.0372555255889893,4.144658088684082,4.139267444610596,3.9521398544311523,3.626345157623291,3.7964916229248047,3.4739990234375,3.7195918560028076,3.4881091117858887,3.2072360515594482,3.328023672103882,2.9898717403411865,3.1492726802825928,2.862398386001587,2.9764788150787354,2.7775774002075195
B9,2.7920520305633545,2.627347469329834,2.309993028640747,2.1271309852600098,1.8798695802688599,1.5763492584228516,1.5031622648239136,1.6073951721191406,1.40444815158844,1.4426519870758057,1.3793907165527344,1.718924641609192,1.6397271156311035,1.9103248119354248,1.8389852046966553,1.8624871969223022,1.5548120737075806,1.3736425638198853,1.018548846244812,0.9241769313812256,0.6199808120727539,0.5969272255897522,0.3692823648452759,0.0,0.37815582752227783,0.5495103597640991,0.8177724480628967,1.1016652584075928,1.2641351222991943,1.3369003534317017,2.2748918533325195,2.0256567001342773,2.0870585441589355,1.743030071258545,1.8752321004867554,1.5768673419952393,1.7317405939102173,1.4166491031646729,1.1391650438308716,1.1787086725234985,1.013025164604187,0.9465619325637817,1.0118780136108398,1.2798621654510498,1.5919591188430786,3.5068254470825195,3.188448190689087,3.0928895473480225,2.735187530517578,2.823627233505249,2.5627081394195557,2.654381036758423,2.2897210121154785,2.163989782333374,2.220621109008789,1.8961741924285889,1.994416356086731,1.7500813007354736,2.030618667602539,1.9224016666412354,4.17225980758667,4.133016109466553,3.918602228164673,3.5902159214019775,3.732225179672241,3.396254062652588,3.6270954608917236,3.4000320434570312,3.09435772895813,3.195685863494873,2.8403351306915283,2.9783198833465576,2.663175106048584,2.76432204246521,2.531432628631592
B10,3.0087733268737793,2.840918779373169,2.5017101764678955,2.3180902004241943,2.0292580127716064,1.7434704303741455,1.5907485485076904,1.6591888666152954,1.474019169807434,1.4122852087020874,1.346418023109436,1.6399019956588745,1.5269030332565308,1.842919945716858,1.811208963394165,2.22780179977417,1.906053900718689,1.711859941482544,1.3756177425384521,1.2247029542922974,0.9431856274604797,0.780119776725769,0.4988268315792084,0.37815582752227783,0.0,0.3832513988018036,0.5811290740966797,0.8940300345420837,1.146199107170105,1.2889318466186523,2.4110913276672363,2.130864143371582,2.12795352935791,1.761509895324707,1.820724606513977,1.5005866289138794,1.576319694519043,1.2232259511947632,0.9789390563964844,0.9090437293052673,0.7759321928024292,0.6200624704360962,0.7802557349205017,1.1076102256774902,1.3948440551757812,3.258960485458374,2.934842586517334,2.8071982860565186,2.448770523071289,2.508608102798462,2.2551326751708984,2.319657325744629,1.946234107017517,1.8494253158569336,1.9059765338897705,1.5900788307189941,1.6946803331375122,1.4582754373550415,1.7106059789657593,1.5706933736801147,3.8208322525024414,3.778866767883301,3.5630428791046143,3.228661298751831,3.3716816902160645,3.036633253097534,3.2698631286621094,3.041008472442627,2.744358539581299,2.858363151550293,2.513615369796753,2.674039363861084,2.3787968158721924,2.508258819580078,2.309880256652832
B11,3.167531967163086,2.9611799716949463,2.6373603343963623,2.4053585529327393,2.1330153942108154,1.8085438013076782,1.6781630516052246,1.668495535850525,1.4189749956130981,1.3537957668304443,1.1854972839355469,1.4522888660430908,1.2708228826522827,1.5518501996994019,1.4773532152175903,2.362192392349243,2.0797348022460938,1.89833402633667,1.5282962322235107,1.4327936172485352,1.086120367050171,1.012929916381836,0.8144989609718323,0.5495103597640991,0.3832513988018036,0.0,0.38158413767814636,0.5741062760353088,0.7789272665977478,0.9068414568901062,2.540931463241577,2.298729658126831,2.2842180728912354,1.9336414337158203,1.9703737497329712,1.6142890453338623,1.7102922201156616,1.385786533355713,1.086809515953064,0.9768041968345642,0.7022984623908997,0.5259537100791931,0.4791325628757477,0.7971838116645813,1.139181137084961,3.3459465503692627,3.045466661453247,2.90560245513916,2.534275531768799,2.558183431625366,2.2656919956207275,2.3050649166107178,1.931473731994629,1.7900558710098267,1.7768988609313965,1.4263434410095215,1.4732627868652344,1.2110637426376343,1.5082437992095947,1.449463963508606,3.771416425704956,3.698070526123047,3.460792064666748,3.1352763175964355,3.257514238357544,2.9182374477386475,3.1480343341827393,2.9415149688720703,2.616713285446167,2.728222131729126,2.3736588954925537,2.529015302658081,2.204252004623413,2.3445215225219727,2.1122090816497803
B12,3.1472201347351074,2.9228603839874268,2.5880236625671387,2.34269380569458,2.0426974296569824,1.73672616481781,1.546303391456604,1.4820133447647095,1.2551480531692505,1.1009671688079834,0.9391776323318481,1.156111717224121,0.9823713302612305,1.3163827657699585,1.328679084777832,2.6195385456085205,2.325587511062622,2.1810965538024902,1.8150352239608765,1.7397862672805786,1.4146251678466797,1.332741141319275,1.064632534980774,0.8177724480628967,0.5811290740966797,0.38158413767814636,0.0,0.3836177587509155,0.6812334656715393,0.9579958319664001,2.9045822620391846,2.6467268466949463,2.616443395614624,2.255683660507202,2.26409649848938,1.909147024154663,1.9463709592819214,1.5977050065994263,1.3496263027191162,1.1471385955810547,0.915953516960144,0.5854625105857849,0.5349884629249573,0.9136044979095459,1.2512385845184326,3.4610795974731445,3.154189348220825,2.972324848175049,2.608429431915283,2.584477663040161,2.3082714080810547,2.286283493041992,1.8996696472167969,1.8110791444778442,1.7539104223251343,1.401788353919983,1.3739264011383057,1.0583208799362183,1.2837330102920532,1.2051278352737427,3.6798501014709473,3.578908681869507,3.316270112991333,2.9716100692749023,3.0566728115081787,2.6991796493530273,2.8945224285125732,2.6643922328948975,2.3388893604278564,2.415093421936035,2.0493245124816895,2.1795809268951416,1.8539823293685913,1.9766589403152466,1.7528116703033447
B13,3.4432802200317383,3.1951982975006104,2.875555992126465,2.6005091667175293,2.3187308311462402,1.994678258895874,1.8260279893875122,1.7014031410217285,1.4354639053344727,1.2746150493621826,1.0137137174606323,1.1445679664611816,0.8562405705451965,1.1350878477096558,1.0982997417449951,2.8576595783233643,2.593010187149048,2.4416604042053223,2.0616872310638428,1.9992234706878662,1.6429332494735718,1.5846153497695923,1.3728479146957397,1.1016652584075928,0.8940300345420837,0.5741062760353088,0.3836177587509155,0.0,0.3610738217830658,0.6755228638648987,3.0347275733947754,2.804170846939087,2.7505531311035156,2.4059393405914307,2.3826229572296143,2.007955551147461,2.046975612640381,1.7334166765213013,1.4656914472579956,1.2384815216064453,0.943568766117096,0.6605504751205444,0.39967411756515503,0.6813004612922668,1.0227645635604858,3.4701924324035645,3.1905484199523926,2.9986066818237305,2.6299402713775635,2.570777177810669,2.26427960395813,2.2170488834381104,1.8454034328460693,1.7171809673309326,1.5880454778671265,1.219476342201233,1.118775486946106,0.783440113067627,1.057372808456421,1.091840386390686,3.5516574382781982,3.4225692749023438,3.1438167095184326,2.8150510787963867,2.883420944213867,2.5299971103668213,2.727574110031128,2.532097578048706,2.1818923950195312,2.2687768936157227,1.9054409265518188,2.0455708503723145,1.6986017227172852,1.8554563522338867,1.6099227666854858
