,A1,A2,A3,A4,A5,A6,A7,A8,A9,A10,A11,A12,A13,A14,A15,B1,B2,B3,B4,B5,B6,B7,B8,B9,B10,B11,B12,B13,B14,B15,C1,C2,C3,C4,C5,C6,C7,C8,C9,C10,C11,C12,C13,C14,C15,D1,D2,D3,D4,D5,D6,D7,D8,D9,D10,D11,D12,D13,D14,D15,E1,E2,E3,E4,E5,E6,E7,E8,E9,E10,E11,E12,E13,E14,E15
A1,0.0,0.38578641414642334,0.5857886075973511,0.880938708782196,1.1675852537155151,1.4338206052780151,1.6718475818634033,1.927240252494812,2.0495145320892334,2.400387763977051,2.5628340244293213,2.9128549098968506,3.151926279067993,3.2268452644348145,3.3852620124816895,2.1743862628936768,1.8615320920944214,2.01194167137146,1.9111852645874023,2.066286563873291,2.1650617122650146,2.367601156234741,2.3575685024261475,2.3453989028930664,2.609349489212036,2.7034032344818115,2.9478721618652344,3.2356913089752197,3.2541892528533936,3.494523048400879,2.992353916168213,3.028643846511841,3.055267810821533,2.8743951320648193,2.9579150676727295,2.9643354415893555,3.103851795196533,3.062096357345581,3.0061066150665283,3.2071287631988525,3.246384382247925,3.421633720397949,3.615678310394287,3.5562667846679688,3.794769525527954,3.7252655029296875,3.7613234519958496,3.8199055194854736,3.6218221187591553,3.720700740814209,3.689347505569458,3.8412697315216064,3.7727015018463135,3.694993495941162,3.8965156078338623,3.881392478942871,4.059823989868164,4.157386302947998,4.03309965133667,4.225411891937256,4.6661057472229,4.710659980773926,4.809836387634277,4.589562892913818,4.709493637084961,4.650649547576904,4.838305950164795,4.695427894592285,4.583056926727295,4.863690376281738,4.757540702819824,5.03517484664917,4.908520221710205,5.210972309112549,5.163702011108398
A2,0.38578641414642334,0.0,0.3876875638961792,0.5789395570755005,0.886909008026123,1.157968282699585,1.400010585784912,1.614763617515564,1.7410755157470703,2.0844433307647705,2.2600326538085938,2.595672845840454,2.8592827320098877,2.940103054046631,3.1252858638763428,2.296994686126709,1.9800935983657837,2.114417791366577,1.946582555770874,2.0863842964172363,2.1186535358428955,2.3157901763916016,2.2458856105804443,2.20389986038208,2.4308292865753174,2.505279779434204,2.712803602218628,2.9987189769744873,3.0120503902435303,3.2663164138793945,3.0707945823669434,3.1398582458496094,3.1458547115325928,2.9251956939697266,3.0001821517944336,2.957059860229492,3.093785047531128,3.006850481033325,2.9192190170288086,3.0849339962005615,3.097273349761963,3.236330986022949,3.4157803058624268,3.3472297191619873,3.591423988342285,3.7841920852661133,3.8490617275238037,3.89066219329834,3.6628308296203613,3.759169578552246,3.688767671585083,3.8430137634277344,3.739806890487671,3.6330275535583496,3.8069276809692383,3.763613700866699,3.911916494369507,3.995452642440796,3.8457677364349365,4.043729782104492,4.700569152832031,4.771907806396484,4.856384754180908,4.615965366363525,4.736342906951904,4.64751672744751,4.838211536407471,4.67528772354126,4.536025047302246,4.799354076385498,4.664870738983154,4.925537586212158,4.774207592010498,5.059676170349121,4.98961067199707
A3,0.5857886075973511,0.3876875638961792,0.0,0.3831954896450043,0.5863650441169739,0.882449209690094,1.0885034799575806,1.357202172279358,1.5104866027832031,1.845684289932251,2.0381391048431396,2.390882968902588,2.6316275596618652,2.7441372871398926,2.9308347702026367,2.1096556186676025,1.766087532043457,1.8450628519058228,1.6424306631088257,1.7435870170593262,1.7663204669952393,1.9416382312774658,1.868967890739441,1.848554253578186,2.0766773223876953,2.1808817386627197,2.4020817279815674,2.7046759128570557,2.750655174255371,3.020191192626953,2.84102201461792,2.8976621627807617,2.866649866104126,2.6243929862976074,2.6711044311523438,2.6143269538879395,2.7320594787597656,2.6357030868530273,2.5588161945343018,2.7188074588775635,2.7504162788391113,2.894266128540039,3.0933868885040283,3.0513250827789307,3.3135054111480713,3.541949510574341,3.597689390182495,3.609823226928711,3.3638885021209717,3.4375202655792236,3.354423999786377,3.4923691749572754,3.378347635269165,3.2780842781066895,3.443164825439453,3.4126367568969727,3.5595221519470215,3.661222457885742,3.529313802719116,3.7444560527801514,4.462313652038574,4.529788970947266,4.590142726898193,4.333730697631836,4.434566020965576,4.335981845855713,4.511495113372803,4.335963726043701,4.199159622192383,4.453983783721924,4.32444953918457,4.579438209533691,4.4381184577941895,4.7227654457092285,4.664726257324219
A4,0.880938708782196,0.5789395570755005,0.3831954896450043,0.0,0.38923218846321106,0.5816633105278015,0.8623436689376831,1.065116286277771,1.1720831394195557,1.5220558643341064,1.693040132522583,2.038740634918213,2.290928602218628,2.389066457748413,2.5845677852630615,2.134106159210205,1.8160582780838013,1.906201958656311,1.6522780656814575,1.7697402238845825,1.7126846313476562,1.9116880893707275,1.7822210788726807,1.696548342704773,1.8963042497634888,1.948034644126892,2.1397042274475098,2.4235939979553223,2.442772388458252,2.709988832473755,2.8093793392181396,2.9123082160949707,2.8812901973724365,2.6108834743499756,2.673856019973755,2.56986927986145,2.70900559425354,2.576042413711548,2.4492881298065186,2.585576295852661,2.5689148902893066,2.6855387687683105,2.8532214164733887,2.7823474407196045,3.0341696739196777,3.481710433959961,3.575847625732422,3.586594820022583,3.321699619293213,3.411654233932495,3.2951507568359375,3.4538354873657227,3.315653085708618,3.176039457321167,3.3256030082702637,3.2541568279266357,3.3811585903167725,3.4515721797943115,3.287907123565674,3.491367816925049,4.3634843826293945,4.461688041687012,4.518376350402832,4.251532077789307,4.36592435836792,4.24254035949707,4.433259963989258,4.249735355377197,4.083447456359863,4.328722953796387,4.1692280769348145,4.41536283493042,4.245630264282227,4.519211292266846,4.435860633850098
A5,1.1675852537155151,0.886909008026123,0.5863650441169739,0.38923218846321106,0.0,0.38661712408065796,0.5150426626205444,0.7769315838813782,0.9754907488822937,1.2808369398117065,1.5135833024978638,1.8591337203979492,2.1085100173950195,2.262721538543701,2.4870777130126953,2.2322638034820557,1.895759105682373,1.9092366695404053,1.6099389791488647,1.6482865810394287,1.5531494617462158,1.6894340515136719,1.5159789323806763,1.4612995386123657,1.6165786981582642,1.7131532430648804,1.8834697008132935,2.196336269378662,2.2668375968933105,2.5687129497528076,2.8364627361297607,2.9244465827941895,2.841890573501587,2.540675640106201,2.553433895111084,2.4166336059570312,2.512763261795044,2.3444650173187256,2.2280941009521484,2.324215888977051,2.3284125328063965,2.4186642169952393,2.610471248626709,2.5794146060943604,2.8635854721069336,3.478787660598755,3.564038038253784,3.5324501991271973,3.2400333881378174,3.292140007019043,3.147273302078247,3.274146795272827,3.105569839477539,2.969313144683838,3.084630250930786,3.0226476192474365,3.123049259185791,3.21762752532959,3.065512180328369,3.301433801651001,4.350668907165527,4.448746681213379,4.471269607543945,4.180715084075928,4.266254425048828,4.121685028076172,4.287848949432373,4.078557014465332,3.9082202911376953,4.129731178283691,3.9660892486572266,4.1911139488220215,4.0245842933654785,4.283529758453369,4.20429801940918
A6,1.4338206052780151,1.157968282699585,0.882449209690094,0.5816633105278015,0.38661712408065796,0.0,0.3830106258392334,0.560845673084259,0.6450536251068115,0.9884127974510193,1.1655069589614868,1.527017593383789,1.7543069124221802,1.8928550481796265,2.104857921600342,2.120973587036133,1.8195589780807495,1.8382717370986938,1.503996729850769,1.5651618242263794,1.3940889835357666,1.567563533782959,1.3564836978912354,1.2190948724746704,1.3639389276504517,1.3954014778137207,1.5623877048492432,1.8529731035232544,1.8970386981964111,2.189774751663208,2.649050235748291,2.7771129608154297,2.6961941719055176,2.375535249710083,2.4103381633758545,2.2346765995025635,2.361936330795288,2.1716020107269287,2.0036733150482178,2.092463970184326,2.046184778213501,2.1295056343078613,2.290062189102173,2.228961706161499,2.4992599487304688,3.254723072052002,3.3726999759674072,3.3409292697906494,3.0362517833709717,3.107667922973633,2.9377193450927734,3.090423583984375,2.9095771312713623,2.7368147373199463,2.849564790725708,2.750067710876465,2.8466956615448,2.9090545177459717,2.7347025871276855,2.9532744884490967,4.087004661560059,4.209465503692627,4.228762149810791,3.9321885108947754,4.031212329864502,3.8688697814941406,4.051175117492676,3.841658592224121,3.648099660873413,3.8670804500579834,3.681891441345215,3.9068212509155273,3.720036029815674,3.977566957473755,3.8828277587890625
A7,1.6718475818634033,1.400010585784912,1.0885034799575806,0.8623436689376831,0.5150426626205444,0.3830106258392334,0.0,0.37084704637527466,0.633491039276123,0.8558386564254761,1.129775881767273,1.4681710004806519,1.6935473680496216,1.902750015258789,2.149747371673584,2.3321609497070312,2.015770196914673,1.9635121822357178,1.6081682443618774,1.5780659914016724,1.3822157382965088,1.4618200063705444,1.198528528213501,1.1175109148025513,1.1829527616500854,1.2852693796157837,1.4096705913543701,1.7386937141418457,1.8529495000839233,2.185324192047119,2.7990784645080566,2.9021265506744385,2.7710273265838623,2.4288458824157715,2.4044954776763916,2.201429843902588,2.2701330184936523,2.0415871143341064,1.8957302570343018,1.9281537532806396,1.9144262075424194,1.957675814628601,2.151121139526367,2.1455469131469727,2.4545302391052246,3.3721542358398438,3.4736390113830566,3.3990602493286133,3.071620225906372,3.0976760387420654,2.902092695236206,3.0123064517974854,2.7989494800567627,2.6367344856262207,2.705268383026123,2.6220614910125732,2.682584762573242,2.7780840396881104,2.6202175617218018,2.8794307708740234,4.192173957824707,4.3094000816345215,4.294186592102051,3.9762866497039795,4.041542053222656,3.8601510524749756,4.011453628540039,3.774301052093506,3.5805366039276123,3.770404100418091,3.5836033821105957,3.781552791595459,3.600959539413452,3.8388619422912598,3.7497668266296387
A8,1.927240252494812,1.614763617515564,1.357202172279358,1.065116286277771,0.7769315838813782,0.560845673084259,0.37084704637527466,0.0,0.3663107454776764,0.5257939100265503,0.8413127064704895,1.1463265419006348,1.4160798788070679,1.631580114364624,1.9172216653823853,2.5696208477020264,2.281775951385498,2.2470409870147705,1.8801310062408447,1.8641328811645508,1.6186439990997314,1.7010122537612915,1.3937444686889648,1.249631404876709,1.2309114933013916,1.252388596534729,1.282157063484192,1.580631136894226,1.6687384843826294,2.0093393325805664,2.9866104125976562,3.1246554851531982,2.9979352951049805,2.6433441638946533,2.630418539047241,2.3905534744262695,2.4685399532318115,2.2066380977630615,2.0162625312805176,2.0003693103790283,1.9273585081100464,1.908572793006897,2.0545082092285156,2.018915891647339,2.3184244632720947,3.5209343433380127,3.654595375061035,3.5792860984802246,3.240642786026001,3.277437925338745,3.051746368408203,3.1733975410461426,2.935346841812134,2.736614227294922,2.773588180541992,2.6443073749542236,2.6636390686035156,2.7219133377075195,2.521972894668579,2.7722203731536865,4.289128303527832,4.434849262237549,4.4148173332214355,4.089579105377197,4.164383888244629,3.958081007003784,4.118732929229736,3.8723771572113037,3.649216413497925,3.8188765048980713,3.5981619358062744,3.7749505043029785,3.560621738433838,3.7742769718170166,3.6510729789733887
A9,2.0495145320892334,1.7410755157470703,1.5104866027832031,1.1720831394195557,0.9754907488822937,0.6450536251068115,0.633491039276123,0.3663107454776764,0.0,0.3820993900299072,0.5417202711105347,0.8861498832702637,1.1453930139541626,1.3110328912734985,1.5808043479919434,2.478598117828369,2.232558250427246,2.230806589126587,1.8632458448410034,1.896655559539795,1.6157480478286743,1.7546590566635132,1.4511688947677612,1.2210599184036255,1.20939302444458,1.1179062128067017,1.1387135982513428,1.381640911102295,1.3994839191436768,1.714971661567688,2.8486218452453613,3.027527093887329,2.925309181213379,2.5714004039764404,2.5998454093933105,2.343919515609741,2.4685137271881104,2.2087249755859375,1.9680604934692383,1.9641566276550293,1.82563054561615,1.8089579343795776,1.8992574214935303,1.8021341562271118,2.0667917728424072,3.3545758724212646,3.522200345993042,3.465735673904419,3.130662202835083,3.2020058631896973,2.9678056240081787,3.127279043197632,2.8945844173431396,2.6609604358673096,2.7111644744873047,2.538909435272217,2.5658698081970215,2.574450731277466,2.3412604331970215,2.5536463260650635,4.082622528076172,4.252028465270996,4.244177341461182,3.9252119064331055,4.025890827178955,3.8127236366271973,3.9997453689575195,3.7663657665252686,3.5230801105499268,3.7002458572387695,3.459942579269409,3.6454999446868896,3.408148765563965,3.625875949859619,3.482757329940796
A10,2.400387763977051,2.0844433307647705,1.845684289932251,1.5220558643341064,1.2808369398117065,0.9884127974510193,0.8558386564254761,0.5257939100265503,0.3820993900299072,0.0,0.3914659917354584,0.6347206234931946,0.912641167640686,1.1589231491088867,1.4801360368728638,2.7693417072296143,2.5314786434173584,2.4932730197906494,2.114281177520752,2.100276231765747,1.78736412525177,1.866165280342102,1.5228251218795776,1.3024990558624268,1.1761683225631714,1.07181715965271,0.9637462496757507,1.1922553777694702,1.2510595321655273,1.5976616144180298,3.0616276264190674,3.241074323654175,3.1081244945526123,2.738346815109253,2.7342960834503174,2.442474842071533,2.5324478149414062,2.233081579208374,1.9832301139831543,1.9058914184570312,1.7480559349060059,1.6523356437683105,1.723110318183899,1.6489818096160889,1.931313395500183,3.511967182159424,3.6856229305267334,3.59848952293396,3.2448618412017822,3.290710926055908,3.0223748683929443,3.1583807468414307,2.8910233974456787,2.642899513244629,2.638861894607544,2.446711540222168,2.41652774810791,2.4195775985717773,2.171203136444092,2.4046876430511475,4.188942909240723,4.370981216430664,4.334071159362793,3.997713804244995,4.079006671905518,3.8375184535980225,4.006720066070557,3.750251293182373,3.4891631603240967,3.6292741298675537,3.3665568828582764,3.51577091217041,3.2612051963806152,3.445518732070923,3.28359055519104
A11,2.5628340244293213,2.2600326538085938,2.0381391048431396,1.693040132522583,1.5135833024978638,1.1655069589614868,1.129775881767273,0.8413127064704895,0.5417202711105347,0.3914659917354584,0.0,0.38152942061424255,0.6079865097999573,0.7908822298049927,1.0970885753631592,2.698340654373169,2.5081233978271484,2.496436357498169,2.126485824584961,2.1547627449035645,1.8178753852844238,1.9445910453796387,1.6205812692642212,1.3325839042663574,1.2201809883117676,0.9935295581817627,0.8703994750976562,0.9953016638755798,0.9495649337768555,1.2619608640670776,2.9242188930511475,3.1423208713531494,3.032841444015503,2.669093132019043,2.7048659324645996,2.4007582664489746,2.5355594158172607,2.245347738265991,1.9498252868652344,1.8870141506195068,1.6596555709838867,1.5690420866012573,1.5661554336547852,1.4136296510696411,1.6469700336456299,3.330937385559082,3.5385382175445557,3.4689371585845947,3.122022867202759,3.2019031047821045,2.9265265464782715,3.1000678539276123,2.8419578075408936,2.5599443912506104,2.569993495941162,2.3326785564422607,2.312284469604492,2.2563397884368896,1.9717050790786743,2.1560614109039307,3.9539477825164795,4.160609722137451,4.134077072143555,3.8055105209350586,3.912419557571411,3.664016008377075,3.859536647796631,3.6187124252319336,3.337648868560791,3.484158754348755,3.2019312381744385,3.359973907470703,3.081869125366211,3.270504951477051,3.0880324840545654
A12,2.9128549098968506,2.595672845840454,2.390882968902588,2.038740634918213,1.8591337203979492,1.527017593383789,1.4681710004806519,1.1463265419006348,0.8861498832702637,0.6347206234931946,0.38152942061424255,0.0,0.3909018039703369,0.5989985466003418,0.9728623032569885,3.0398385524749756,2.8674116134643555,2.8530592918395996,2.48417067527771,2.5025289058685303,2.15282940864563,2.256551504135132,1.921352505683899,1.6381765604019165,1.4675220251083374,1.217065691947937,0.9843429327011108,1.0032572746276855,0.9200877547264099,1.2041007280349731,3.2113234996795654,3.443969249725342,3.329810619354248,2.964120626449585,2.994527816772461,2.670318365097046,2.79414439201355,2.485398530960083,2.1778793334960938,2.065988063812256,1.8053383827209473,1.6439614295959473,1.57612943649292,1.4033435583114624,1.6020089387893677,3.564828395843506,3.790807008743286,3.7123403549194336,3.360832452774048,3.4373579025268555,3.1395375728607178,3.308138608932495,3.0309970378875732,2.7297167778015137,2.6991939544677734,2.4288806915283203,2.3557260036468506,2.261446237564087,1.9421385526657104,2.10850191116333,4.1189398765563965,4.347343444824219,4.307976722717285,3.9746787548065186,4.080245018005371,3.809110403060913,4.001949787139893,3.7523155212402344,3.449493646621704,3.563866138458252,3.253138303756714,3.3766989707946777,3.0692121982574463,3.218879461288452,3.000330924987793
A13,3.151926279067993,2.8592827320098877,2.6316275596618652,2.290928602218628,2.1085100173950195,1.7543069124221802,1.6935473680496216,1.4160798788070679,1.1453930139541626,0.912641167640686,0.6079865097999573,0.3909018039703369,0.0,0.37757280468940735,0.7016380429267883,3.0118043422698975,2.874680757522583,2.8417975902557373,2.4818520545959473,2.492400646209717,2.1234490871429443,2.220228672027588,1.9003796577453613,1.5995436906814575,1.4039181470870972,1.0964514017105103,0.8255530595779419,0.711930513381958,0.5734754800796509,0.8429666757583618,3.077113628387451,3.321155071258545,3.1977081298828125,2.8342864513397217,2.866086006164551,2.5232951641082764,2.653561592102051,2.343627452850342,2.013986587524414,1.8840910196304321,1.5785667896270752,1.3975965976715088,1.2646499872207642,1.0538121461868286,1.2259458303451538,3.358957290649414,3.598611831665039,3.507418632507324,3.1542305946350098,3.2319247722625732,2.9171042442321777,3.092775821685791,2.811828136444092,2.4893014430999756,2.445347309112549,2.1436679363250732,2.0591800212860107,1.9251326322555542,1.586727261543274,1.7309093475341797,3.848268508911133,4.089746475219727,4.0343523025512695,3.6972005367279053,3.800921678543091,3.5144450664520264,3.708763360977173,3.460099935531616,3.1425070762634277,3.2435495853424072,2.9178998470306396,3.033801555633545,2.7126803398132324,2.8578031063079834,2.629990339279175
A14,3.2268452644348145,2.940103054046631,2.7441372871398926,2.389066457748413,2.262721538543701,1.8928550481796265,1.902750015258789,1.631580114364624,1.3110328912734985,1.1589231491088867,0.7908822298049927,0.5989985466003418,0.37757280468940735,0.0,0.3851717710494995,3.0032222270965576,2.9041991233825684,2.9141499996185303,2.5739798545837402,2.634890556335449,2.2734813690185547,2.42128586769104,2.1300079822540283,1.7990212440490723,1.65951406955719,1.3119823932647705,1.1103737354278564,0.9391424059867859,0.6489232778549194,0.7545025944709778,3.0510787963867188,3.328979730606079,3.245149612426758,2.9008967876434326,2.9796786308288574,2.650028944015503,2.825225353240967,2.542833089828491,2.1941709518432617,2.1069047451019287,1.7720775604248047,1.6339975595474243,1.4518029689788818,1.1588966846466064,1.2226777076721191,3.3124382495880127,3.582453727722168,3.5256690979003906,3.192864179611206,3.3125174045562744,3.01137638092041,3.22599458694458,2.9708311557769775,2.6329457759857178,2.621825933456421,2.296893358230591,2.242223024368286,2.0562586784362793,1.6963768005371094,1.758245825767517,3.758223533630371,4.021382808685303,3.992600917816162,3.6756086349487305,3.8146307468414307,3.535900354385376,3.7623467445373535,3.5411503314971924,3.2148525714874268,3.333381175994873,3.0002079010009766,3.1333167552948,2.7972118854522705,2.950298547744751,2.7054450511932373
A15,3.3852620124816895,3.1252858638763428,2.9308347702026367,2.5845677852630615,2.4870777130126953,2.104857921600342,2.149747371673584,1.9172216653823853,1.5808043479919434,1.4801360368728638,1.0970885753631592,0.9728623032569885,0.7016380429267883,0.3851717710494995,0.0,2.9254326820373535,2.875575304031372,2.899066686630249,2.585843563079834,2.672712564468384,2.3158562183380127,2.4900243282318115,2.2375800609588623,1.890671730041504,1.785905122756958,1.4078302383422852,1.2631559371948242,1.0226809978485107,0.6516168117523193,0.5469213128089905,2.8904833793640137,3.1927506923675537,3.1308395862579346,2.8076817989349365,2.918714761734009,2.595989942550659,2.8042757511138916,2.550079345703125,2.186664581298828,2.1295740604400635,1.76633882522583,1.6692726612091064,1.4375394582748413,1.083657145500183,1.0343855619430542,3.0905404090881348,3.385171413421631,3.3452608585357666,3.030599355697632,3.179595708847046,2.885469436645508,3.1302433013916016,2.8991312980651855,2.5469110012054443,2.5601112842559814,2.2133402824401855,2.188868522644043,1.9537912607192993,1.5890347957611084,1.5701234340667725,3.4691965579986572,3.750732183456421,3.731908082962036,3.429483413696289,3.591646432876587,3.315319299697876,3.5647623538970947,3.368350028991699,3.0345771312713623,3.1640210151672363,2.827094316482544,2.9764034748077393,2.6336629390716553,2.8005313873291016,2.553253650665283
B1,2.1743862628936768,2.296994686126709,2.1096556186676025,2.134106159210205,2.2322638034820557,2.120973587036133,2.3321609497070312,2.5696208477020264,2.478598117828369,2.7693417072296143,2.698340654373169,3.0398385524749756,3.0118043422698975,3.0032222270965576,2.9254326820373535,0.0,0.38766276836395264,0.6461037993431091,0.8852064609527588,1.2162144184112549,1.3774960041046143,1.7021102905273438,1.923643708229065,1.8513860702514648,2.2175586223602295,2.21936297416687,2.5995981693267822,2.744340181350708,2.72184157371521,2.7824652194976807,0.8657675385475159,0.9294204711914062,1.1170670986175537,1.1057816743850708,1.4103468656539917,1.5583642721176147,1.8727635145187378,2.031444787979126,1.9737651348114014,2.3406801223754883,2.3613109588623047,2.709686279296875,2.8490045070648193,2.770961284637451,2.8772497177124023,1.6079188585281372,1.635143756866455,1.784574031829834,1.6974666118621826,1.9264020919799805,2.0201427936553955,2.290478467941284,2.3879504203796387,2.333336591720581,2.682929039001465,2.6944968700408936,3.028128147125244,3.079003095626831,3.0637359619140625,3.130498170852661,2.565605878829956,2.569838762283325,2.7110342979431152,2.5569138526916504,2.730579376220703,2.7588493824005127,2.999959707260132,2.9757988452911377,2.923508882522583,3.283738136291504,3.2651772499084473,3.625758171081543,3.5798676013946533,3.954442262649536,3.993741512298584
B2,1.8615320920944214,1.9800935983657837,1.766087532043457,1.8160582780838013,1.895759105682373,1.8195589780807495,2.015770196914673,2.281775951385498,2.232558250427246,2.5314786434173584,2.5081233978271484,2.8674116134643555,2.874680757522583,2.9041991233825684,2.875575304031372,0.38766276836395264,0.0,0.3902760148048401,0.5951524376869202,0.9365776181221008,1.1335961818695068,1.4520319700241089,1.6654129028320312,1.6262935400009155,2.001688003540039,2.0488855838775635,2.430544853210449,2.6204166412353516,2.6320419311523438,2.7446720600128174,1.1526269912719727,1.1702405214309692,1.2484779357910156,1.1514908075332642,1.3746397495269775,1.4953681230545044,1.7663568258285522,1.890691876411438,1.8504890203475952,2.201822280883789,2.2516613006591797,2.5843427181243896,2.758185863494873,2.706331253051758,2.860010862350464,1.8928579092025757,1.9023834466934204,1.9894678592681885,1.847610354423523,2.016315460205078,2.0731492042541504,2.302030324935913,2.3570497035980225,2.3090624809265137,2.631617546081543,2.6559500694274902,2.965846538543701,3.047819137573242,3.026637315750122,3.138714075088501,2.863783597946167,2.8700995445251465,2.975390672683716,2.7862813472747803,2.924283742904663,2.9241247177124023,3.1371676921844482,3.071291446685791,3.0104711055755615,3.351510524749756,3.3207359313964844,3.663830518722534,3.6110548973083496,3.9748964309692383,4.0079803466796875
B3,2.01194167137146,2.114417791366577,1.8450628519058228,1.906201958656311,1.9092366695404053,1.8382717370986938,1.9635121822357178,2.2470409870147705,2.230806589126587,2.4932730197906494,2.496436357498169,2.8530592918395996,2.8417975902557373,2.9141499996185303,2.899066686630249,0.6461037993431091,0.3902760148048401,0.0,0.3848721981048584,0.6179613471031189,0.886228621006012,1.145933985710144,1.4138662815093994,1.4404544830322266,1.8086824417114258,1.9117710590362549,2.300593852996826,2.508474588394165,2.5726280212402344,2.7074904441833496,1.151081919670105,1.090380072593689,1.0467807054519653,0.9032511115074158,1.0468909740447998,1.1874393224716187,1.4173829555511475,1.563127040863037,1.5757486820220947,1.9313368797302246,2.0352671146392822,2.37898588180542,2.5883731842041016,2.588167190551758,2.769977569580078,1.8456542491912842,1.8111021518707275,1.8250349760055542,1.6476755142211914,1.7531267404556274,1.8035590648651123,1.9899096488952637,2.0401320457458496,2.0271527767181396,2.34319806098938,2.4096899032592773,2.7216649055480957,2.844604253768921,2.8616280555725098,3.0052032470703125,2.8250420093536377,2.8123817443847656,2.8693275451660156,2.651297092437744,2.742006540298462,2.731613874435425,2.9076082706451416,2.818091630935669,2.7740750312805176,3.102792739868164,3.0912528038024902,3.424987316131592,3.397484302520752,3.7589738368988037,3.8159353733062744
B4,1.9111852645874023,1.946582555770874,1.6424306631088257,1.6522780656814575,1.6099389791488647,1.503996729850769,1.6081682443618774,1.8801310062408447,1.8632458448410034,2.114281177520752,2.126485824584961,2.48417067527771,2.4818520545959473,2.5739798545837402,2.585843563079834,0.8852064609527588,0.5951524376869202,0.3848721981048584,0.0,0.38099896907806396,0.5465259552001953,0.8631657958030701,1.0739028453826904,1.073193073272705,1.4462177753448486,1.5514179468154907,1.9364869594573975,2.161769390106201,2.238358497619629,2.4031238555908203,1.3254636526107788,1.3373401165008545,1.2401121854782104,0.9828265905380249,1.0760022401809692,1.0898942947387695,1.3120055198669434,1.367563009262085,1.3307669162750244,1.6596699953079224,1.7443350553512573,2.0652294158935547,2.2795095443725586,2.2802557945251465,2.4884018898010254,1.9832502603530884,1.9983164072036743,1.9735782146453857,1.73086416721344,1.8169779777526855,1.7852551937103271,1.9672423601150513,1.9464402198791504,1.8868130445480347,2.1666128635406494,2.200101613998413,2.480548143386841,2.600226402282715,2.5896618366241455,2.757007360458374,2.929441452026367,2.9568467140197754,2.986978530883789,2.7314326763153076,2.815929889678955,2.753509521484375,2.9289391040802,2.7979745864868164,2.7113845348358154,3.0168910026550293,2.963559627532959,3.2781128883361816,3.218036413192749,3.5647547245025635,3.596372127532959
B5,2.066286563873291,2.0863842964172363,1.7435870170593262,1.7697402238845825,1.6482865810394287,1.5651618242263794,1.5780659914016724,1.8641328811645508,1.896655559539795,2.100276231765747,2.1547627449035645,2.5025289058685303,2.492400646209717,2.634890556335449,2.672712564468384,1.2162144184112549,0.9365776181221008,0.6179613471031189,0.38099896907806396,0.0,0.38066238164901733,0.5428270697593689,0.8273720741271973,0.944673478603363,1.287264347076416,1.476755976676941,1.852012038230896,2.105276584625244,2.245152235031128,2.4419126510620117,1.5247365236282349,1.4794310331344604,1.2835932970046997,0.991121768951416,0.9388349056243896,0.926563560962677,1.0489087104797363,1.0904642343521118,1.1272804737091064,1.4359633922576904,1.594434380531311,1.909262776374817,2.1697747707366943,2.2339890003204346,2.4792821407318115,2.110741376876831,2.089303970336914,1.994239330291748,1.7191771268844604,1.7223280668258667,1.6645269393920898,1.7780464887619019,1.7270925045013428,1.7051078081130981,1.954111099243164,2.034632682800293,2.2996106147766113,2.4705302715301514,2.496443748474121,2.7063233852386475,3.035935163497925,3.04824161529541,3.0311665534973145,2.7494254112243652,2.782160997390747,2.7026517391204834,2.8322701454162598,2.667731285095215,2.5939700603485107,2.873533010482788,2.8337764739990234,3.127357006072998,3.089244842529297,3.424853801727295,3.4764621257781982
B6,2.1650617122650146,2.1186535358428955,1.7663204669952393,1.7126846313476562,1.5531494617462158,1.3940889835357666,1.3822157382965088,1.6186439990997314,1.6157480478286743,1.78736412525177,1.8178753852844238,2.15282940864563,2.1234490871429443,2.2734813690185547,2.3158562183380127,1.3774960041046143,1.1335961818695068,0.886228621006012,0.5465259552001953,0.38066238164901733,0.0,0.38950684666633606,0.5480005145072937,0.578386664390564,0.9320049285888672,1.0975167751312256,1.4759962558746338,1.724898099899292,1.8687745332717896,2.0761680603027344,1.5937392711639404,1.6251875162124634,1.4227352142333984,1.0683960914611816,1.0253775119781494,0.8655354976654053,1.011813759803772,0.9365705251693726,0.8669281601905823,1.1503504514694214,1.2593727111816406,1.5604941844940186,1.8100152015686035,1.8650826215744019,2.1215763092041016,2.124260187149048,2.160820484161377,2.0495240688323975,1.7297718524932861,1.7434005737304688,1.606240153312683,1.7415525913238525,1.6252448558807373,1.5308774709701538,1.7474685907363892,1.7719411849975586,2.011441707611084,2.1597070693969727,2.155099391937256,2.3728525638580322,2.9948508739471436,3.0505826473236084,3.016724109649658,2.708601474761963,2.750013589859009,2.622553825378418,2.765669584274292,2.5738329887390137,2.450870990753174,2.7113749980926514,2.62483811378479,2.904418468475342,2.828500509262085,3.15271258354187,3.1765077114105225
B7,2.367601156234741,2.3157901763916016,1.9416382312774658,1.9116880893707275,1.6894340515136719,1.567563533782959,1.4618200063705444,1.7010122537612915,1.7546590566635132,1.866165280342102,1.9445910453796387,2.256551504135132,2.220228672027588,2.42128586769104,2.4900243282318115,1.7021102905273438,1.4520319700241089,1.145933985710144,0.8631657958030701,0.5428270697593689,0.38950684666633606,0.0,0.37244147062301636,0.6273529529571533,0.8701063394546509,1.145944356918335,1.4836809635162354,1.7568612098693848,1.9709709882736206,2.2063469886779785,1.8485572338104248,1.8270292282104492,1.557776927947998,1.2068297863006592,1.0327301025390625,0.8487885594367981,0.833889901638031,0.7043362855911255,0.7504897117614746,0.9728280305862427,1.1889545917510986,1.466283917427063,1.7702990770339966,1.9039592742919922,2.1954503059387207,2.312755584716797,2.311474323272705,2.140272855758667,1.803900957107544,1.731661319732666,1.5702239274978638,1.6178810596466064,1.4609442949295044,1.4146889448165894,1.5782268047332764,1.6626999378204346,1.873958945274353,2.0855464935302734,2.1266753673553467,2.3905043601989746,3.151702404022217,3.1893653869628906,3.111445188522339,2.784017562866211,2.7714550495147705,2.6296162605285645,2.719978094100952,2.493950843811035,2.3877532482147217,2.6127545833587646,2.543121576309204,2.79335880279541,2.7443952560424805,3.051362991333008,3.0986552238464355
B8,2.3575685024261475,2.2458856105804443,1.868967890739441,1.7822210788726807,1.5159789323806763,1.3564836978912354,1.198528528213501,1.3937444686889648,1.4511688947677612,1.5228251218795776,1.6205812692642212,1.921352505683899,1.9003796577453613,2.1300079822540283,2.2375800609588623,1.923643708229065,1.6654129028320312,1.4138662815093994,1.0739028453826904,0.8273720741271973,0.5480005145072937,0.37244147062301636,0.0,0.3642593324184418,0.5343707203865051,0.8558279275894165,1.1618256568908691,1.4681811332702637,1.703893780708313,1.9793459177017212,2.088493585586548,2.118291139602661,1.867769479751587,1.4973461627960205,1.353500485420227,1.103012204170227,1.0927073955535889,0.8480361104011536,0.7788745760917664,0.8800398111343384,1.037998914718628,1.2438374757766724,1.5497208833694458,1.6825239658355713,2.0051236152648926,2.537461996078491,2.5791985988616943,2.4110448360443115,2.055225133895874,1.996360182762146,1.782631278038025,1.8372386693954468,1.6204441785812378,1.5102934837341309,1.6062002182006836,1.6261557340621948,1.7729506492614746,1.9657914638519287,1.9579386711120605,2.2461905479431152,3.3348121643066406,3.4076662063598633,3.324232578277588,2.981959342956543,2.978817939758301,2.79923152923584,2.897425413131714,2.646834373474121,2.496290445327759,2.6903293132781982,2.569807767868042,2.790592670440674,2.6962950229644775,2.977024555206299,2.9853334426879883
B9,2.3453989028930664,2.20389986038208,1.848554253578186,1.696548342704773,1.4612995386123657,1.2190948724746704,1.1175109148025513,1.249631404876709,1.2210599184036255,1.3024990558624268,1.3325839042663574,1.6381765604019165,1.5995436906814575,1.7990212440490723,1.890671730041504,1.8513860702514648,1.6262935400009155,1.4404544830322266,1.073193073272705,0.944673478603363,0.578386664390564,0.6273529529571533,0.3642593324184418,0.0,0.3761696517467499,0.5570505261421204,0.9129253029823303,1.1985985040664673,1.387032389640808,1.6542366743087769,1.999657154083252,2.095935106277466,1.887975811958313,1.5063321590423584,1.4441478252410889,1.1586170196533203,1.248443365097046,0.9981176853179932,0.7898141741752625,0.8957077860832214,0.9090614318847656,1.1118193864822388,1.3588051795959473,1.4212909936904907,1.7283655405044556,2.441253423690796,2.5364818572998047,2.399782180786133,2.0403637886047363,2.040982961654663,1.8066949844360352,1.9275749921798706,1.709224820137024,1.5268641710281372,1.6349269151687622,1.5703192949295044,1.7156012058258057,1.838869333267212,1.771679162979126,2.029845952987671,3.2100045680999756,3.3188886642456055,3.254981517791748,2.914849281311035,2.951903820037842,2.7565271854400635,2.896559953689575,2.657224655151367,2.4679486751556396,2.671888828277588,2.5112788677215576,2.7415452003479004,2.6035170555114746,2.8870856761932373,2.859224557876587
B10,2.609349489212036,2.4308292865753174,2.0766773223876953,1.8963042497634888,1.6165786981582642,1.3639389276504517,1.1829527616500854,1.2309114933013916,1.20939302444458,1.1761683225631714,1.2201809883117676,1.4675220251083374,1.4039181470870972,1.65951406955719,1.785905122756958,2.2175586223602295,2.001688003540039,1.8086824417114258,1.4462177753448486,1.287264347076416,0.9320049285888672,0.8701063394546509,0.5343707203865051,0.3761696517467499,0.0,0.3870372772216797,0.6309898495674133,0.9494338035583496,1.2154964208602905,1.5226351022720337,2.3037147521972656,2.4064459800720215,2.1754889488220215,1.7886290550231934,1.6886144876480103,1.3617984056472778,1.3873804807662964,1.0639244318008423,0.8371984362602234,0.7699946761131287,0.7487442493438721,0.833831787109375,1.1033542156219482,1.2205380201339722,1.5696574449539185,2.676438093185425,2.7830777168273926,2.615358352661133,2.238590955734253,2.2070119380950928,1.9257614612579346,2.0099050998687744,1.7348558902740479,1.5264631509780884,1.5438605546951294,1.446271538734436,1.5095447301864624,1.6401748657226562,1.5570361614227295,1.8584710359573364,3.375190258026123,3.5018084049224854,3.406358003616333,3.0470783710479736,3.061722755432129,2.8291566371917725,2.946552038192749,2.6745450496673584,2.4586522579193115,2.6131443977355957,2.419360399246216,2.604686975479126,2.4427943229675293,2.690725326538086,2.6425554752349854
B11,2.7034032344818115,2.505279779434204,2.1808817386627197,1.948034644126892,1.7131532430648804,1.3954014778137207,1.2852693796157837,1.252388596534729,1.1179062128067017,1.07181715965271,0.9935295581817627,1.217065691947937,1.0964514017105103,1.3119823932647705,1.4078302383422852,2.21936297416687,2.0488855838775635,1.9117710590362549,1.5514179468154907,1.476755976676941,1.0975167751312256,1.145944356918335,0.8558279275894165,0.5570505261421204,0.3870372772216797,0.0,0.39106786251068115,0.6441910266876221,0.8494755625724792,1.148662805557251,2.2609105110168457,2.4231035709381104,2.232316493988037,1.8493047952651978,1.8178504705429077,1.475608229637146,1.5786449909210205,1.2748750448226929,0.963959813117981,0.910521388053894,0.7103577852249146,0.763724148273468,0.913383960723877,0.9216963648796082,1.2500050067901611,2.5987563133239746,2.7570712566375732,2.6183083057403564,2.2458856105804443,2.2686004638671875,1.9734206199645996,2.1166136264801025,1.8500990867614746,1.5805233716964722,1.6089727878570557,1.4215935468673706,1.4789659976959229,1.5146021842956543,1.3557490110397339,1.6123147010803223,3.2428927421569824,3.406921148300171,3.328019380569458,2.974156618118286,3.0273373126983643,2.7793500423431396,2.936570405960083,2.6800951957702637,2.426943302154541,2.5869128704071045,2.3524861335754395,2.5440940856933594,2.3353655338287354,2.582695960998535,2.4937000274658203
B12,2.9478721618652344,2.712803602218628,2.4020817279815674,2.1397042274475098,1.8834697008132935,1.5623877048492432,1.4096705913543701,1.282157063484192,1.1387135982513428,0.9637462496757507,0.8703994750976562,0.9843429327011108,0.8255530595779419,1.1103737354278564,1.2631559371948242,2.5995981693267822,2.430544853210449,2.300593852996826,1.9364869594573975,1.852012038230896,1.4759962558746338,1.4836809635162354,1.1618256568908691,0.9129253029823303,0.6309898495674133,0.39106786251068115,0.0,0.3696194589138031,0.6671760678291321,1.0237081050872803,2.62186861038208,2.7954230308532715,2.6004550457000732,2.2182490825653076,2.172529458999634,1.8156851530075073,1.8839308023452759,1.5505200624465942,1.2487541437149048,1.0877012014389038,0.8458725214004517,0.7030940651893616,0.7751739621162415,0.7875482439994812,1.14284348487854,2.9144785404205322,3.088674306869507,2.938227415084839,2.5608646869659424,2.5703532695770264,2.2485828399658203,2.3699309825897217,2.0705511569976807,1.7837979793548584,1.734980821609497,1.504188060760498,1.4601932764053345,1.4610196352005005,1.2445793151855469,1.5231026411056519,3.489790678024292,3.6755101680755615,3.579272508621216,3.2170231342315674,3.261613130569458,2.9844822883605957,3.1296799182891846,2.853600263595581,2.574101209640503,2.6853737831115723,2.411985397338867,2.5522429943084717,2.304407835006714,2.5016355514526367,2.3692667484283447
B13,3.2356913089752197,2.9987189769744873,2.7046759128570557,2.4235939979553223,2.196336269378662,1.8529731035232544,1.7386937141418457,1.580631136894226,1.381640911102295,1.1922553777694702,0.9953016638755798,1.0032572746276855,0.711930513381958,0.9391424059867859,1.0226809978485107,2.744340181350708,2.6204166412353516,2.508474588394165,2.161769390106201,2.105276584625244,1.724898099899292,1.7568612098693848,1.4681811332702637,1.1985985040664673,0.9494338035583496,0.6441910266876221,0.3696194589138031,0.0,0.38155779242515564,0.7055276036262512,2.6783254146575928,2.883997678756714,2.703904390335083,2.3339569568634033,2.315403699874878,1.9476773738861084,2.042325973510742,1.721747875213623,1.3908329010009766,1.219223976135254,0.8920225501060486,0.6974278092384338,0.5809373259544373,0.4730648100376129,0.8064175248146057,2.8931822776794434,3.1006455421447754,2.955240488052368,2.5843026638031006,2.615797519683838,2.277515411376953,2.4231765270233154,2.1254067420959473,1.8015649318695068,1.735531210899353,1.4381502866744995,1.3634059429168701,1.2704204320907593,0.9846179485321045,1.2204915285110474,3.3763632774353027,3.591676950454712,3.490468978881836,3.130462169647217,3.190087080001831,2.8921163082122803,3.0534934997558594,2.784668207168579,2.474977493286133,2.5679633617401123,2.2587177753448486,2.3840627670288086,2.0961968898773193,2.27679181098938,2.10733962059021
