0.000000000000000000e+00,3.871217072010040283e-01,6.249013543128967285e-01,8.880791068077087402e-01,1.197066545486450195e+00,1.447068452835083008e+00,1.711195230484008789e+00,1.929033517837524414e+00,2.032302141189575195e+00,2.385046482086181641e+00,2.535062074661254883e+00,2.894576072692871094e+00,3.136014461517333984e+00,3.200695514678955078e+00,3.440655231475830078e+00,3.169358015060424805e+00,2.828165292739868164e+00,2.896871328353881836e+00,2.672731876373291016e+00,2.729592800140380859e+00,2.754216909408569336e+00,2.815522909164428711e+00,2.615433692932128906e+00,2.651977062225341797e+00,2.759948968887329102e+00,2.837298393249511719e+00,2.904278039932250977e+00,3.266240596771240234e+00,3.313600778579711914e+00,3.628977060317993164e+00,4.135206699371337891e+00,4.251103878021240234e+00,4.177315235137939453e+00,3.875913858413696289e+00,3.869310140609741211e+00,3.741921424865722656e+00,3.788544416427612305e+00,3.611948966979980469e+00,3.473381042480468750e+00,3.518911600112915039e+00,3.497055530548095703e+00,3.531095027923583984e+00,3.709938049316406250e+00,3.684455156326293945e+00,3.975185871124267578e+00,4.940257549285888672e+00,5.032524585723876953e+00,4.973026752471923828e+00,4.681371212005615234e+00,4.685939788818359375e+00,4.495439052581787109e+00,4.494051933288574219e+00,4.407088279724121094e+00,4.214472770690917969e+00,4.232702732086181641e+00,4.154434204101562500e+00,4.115622997283935547e+00,4.213769912719726562e+00,4.153021812438964844e+00,4.414673805236816406e+00,5.684451103210449219e+00,5.852935791015625000e+00,5.808708190917968750e+00,5.527450084686279297e+00,5.512707233428955078e+00,5.327265739440917969e+00,5.314495563507080078e+00,5.238665580749511719e+00,4.984253406524658203e+00,5.122444152832031250e+00,4.988900184631347656e+00,5.092528820037841797e+00,4.865140438079833984e+00,4.865147590637207031e+00,5.080310821533203125e+00
3.871217072010040283e-01,0.000000000000000000e+00,3.901096880435943604e-01,5.864071249961853027e-01,8.919469118118286133e-01,1.165147662162780762e+00,1.409917712211608887e+00,1.596647143363952637e+00,1.721352338790893555e+00,2.061235427856445312e+00,2.237090587615966797e+00,2.584531307220458984e+00,2.849602937698364258e+00,2.934191703796386719e+00,3.201357364654541016e+00,3.250695705413818359e+00,2.917042255401611328e+00,2.963144540786743164e+00,2.698571681976318359e+00,2.734267950057983398e+00,2.708873987197875977e+00,2.749813318252563477e+00,2.507949113845825195e+00,2.527151823043823242e+00,2.587530851364135742e+00,2.652940273284912109e+00,2.675006628036499023e+00,3.025567531585693359e+00,3.076423645019531250e+00,3.400365114212036133e+00,4.164208889007568359e+00,4.285336017608642578e+00,4.195261478424072266e+00,3.871414899826049805e+00,3.855003118515014648e+00,3.691817760467529297e+00,3.729996681213378906e+00,3.520621538162231445e+00,3.363467454910278320e+00,3.371930599212646484e+00,3.328818321228027344e+00,3.324972152709960938e+00,3.485896110534667969e+00,3.460606098175048828e+00,3.750529766082763672e+00,4.921138286590576172e+00,5.030424594879150391e+00,4.958567142486572266e+00,4.649024963378906250e+00,4.649510860443115234e+00,4.431334018707275391e+00,4.428197860717773438e+00,4.310433387756347656e+00,4.100401878356933594e+00,4.089554309844970703e+00,3.991604804992675781e+00,3.921235322952270508e+00,3.999448060989379883e+00,3.934961795806884766e+00,4.190602302551269531e+00,5.638705253601074219e+00,5.805778026580810547e+00,5.751491069793701172e+00,5.458856105804443359e+00,5.447695255279541016e+00,5.239292144775390625e+00,5.228151321411132812e+00,5.126095294952392578e+00,4.856235504150390625e+00,4.970397472381591797e+00,4.818924427032470703e+00,4.897641181945800781e+00,4.659718513488769531e+00,4.636480331420898438e+00,4.851555824279785156e+00
6.249013543128967285e-01,3.901096880435943604e-01,0.000000000000000000e+00,3.861981630325317383e-01,5.878176689147949219e-01,8.878244161605834961e-01,1.102368474006652832e+00,1.349713921546936035e+00,1.503222465515136719e+00,1.832513689994812012e+00,2.027657032012939453e+00,2.388038873672485352e+00,2.626439571380615234e+00,2.741454362869262695e+00,3.002987861633300781e+00,3.020934104919433594e+00,2.679570674896240234e+00,2.686495780944824219e+00,2.404644966125488281e+00,2.407418489456176758e+00,2.373534917831420898e+00,2.388483047485351562e+00,2.142119646072387695e+00,2.182390928268432617e+00,2.234112977981567383e+00,2.329033374786376953e+00,2.366514444351196289e+00,2.726692438125610352e+00,2.809411287307739258e+00,3.147135257720947266e+00,3.902589082717895508e+00,4.005503654479980469e+00,3.891634225845336914e+00,3.558914184570312500e+00,3.521453619003295898e+00,3.350496053695678711e+00,3.370675086975097656e+00,3.154721498489379883e+00,3.008191347122192383e+00,3.007698297500610352e+00,2.982198476791381836e+00,2.979786634445190430e+00,3.160294771194458008e+00,3.160509347915649414e+00,3.467926025390625000e+00,4.638810634613037109e+00,4.738548278808593750e+00,4.647000789642333984e+00,4.327670574188232422e+00,4.311588287353515625e+00,4.085789680480957031e+00,4.068501949310302734e+00,3.944008827209472656e+00,3.741203308105468750e+00,3.722490072250366211e+00,3.637104988098144531e+00,3.566797256469726562e+00,3.660872459411621094e+00,3.617238521575927734e+00,3.889713764190673828e+00,5.351017475128173828e+00,5.502453804016113281e+00,5.431803226470947266e+00,5.129640102386474609e+00,5.106003284454345703e+00,4.890990257263183594e+00,4.868088722229003906e+00,4.761439323425292969e+00,4.496252536773681641e+00,4.605687618255615234e+00,4.464476585388183594e+00,4.543478012084960938e+00,4.318410396575927734e+00,4.309380531311035156e+00,4.539488315582275391e+00
8.880791068077087402e-01,5.864071249961853027e-01,3.861981630325317383e-01,0.000000000000000000e+00,3.871828019618988037e-01,5.810887217521667480e-01,8.629526495933532715e-01,1.046336412429809570e+00,1.152186036109924316e+00,1.498074650764465332e+00,1.670267820358276367e+00,2.027724742889404297e+00,2.277143478393554688e+00,2.378836154937744141e+00,2.649410009384155273e+00,2.963077068328857422e+00,2.649092674255371094e+00,2.668208360671997070e+00,2.357545614242553711e+00,2.379987239837646484e+00,2.288985252380371094e+00,2.327174901962280273e+00,2.045329570770263672e+00,2.027123451232910156e+00,2.054322481155395508e+00,2.097116470336914062e+00,2.096040964126586914e+00,2.442027568817138672e+00,2.496520757675170898e+00,2.826725959777832031e+00,3.792591571807861328e+00,3.919780015945434570e+00,3.815218687057495117e+00,3.469539880752563477e+00,3.451934099197387695e+00,3.250529527664184570e+00,3.294605970382690430e+00,3.057103633880615234e+00,2.871845245361328125e+00,2.857447624206542969e+00,2.786550283432006836e+00,2.764699935913085938e+00,2.910425424575805664e+00,2.880687475204467773e+00,3.171020030975341797e+00,4.487331390380859375e+00,4.615003108978271484e+00,4.533017635345458984e+00,4.208312988281250000e+00,4.212059020996093750e+00,3.968913316726684570e+00,3.976349592208862305e+00,3.833841085433959961e+00,3.601403236389160156e+00,3.575724363327026367e+00,3.453977823257446289e+00,3.369608879089355469e+00,3.430918216705322266e+00,3.357907056808471680e+00,3.609702825546264648e+00,5.173840522766113281e+00,5.338965892791748047e+00,5.277373790740966797e+00,4.977505207061767578e+00,4.975346565246582031e+00,4.749191761016845703e+00,4.748910427093505859e+00,4.627744674682617188e+00,4.342196941375732422e+00,4.444254875183105469e+00,4.274399757385253906e+00,4.343063354492187500e+00,4.093605518341064453e+00,4.059073448181152344e+00,4.269940376281738281e+00
1.197066545486450195e+00,8.919469118118286133e-01,5.878176689147949219e-01,3.871828019618988037e-01,0.000000000000000000e+00,3.883702754974365234e-01,5.218505263328552246e-01,7.724993824958801270e-01,9.728537797927856445e-01,1.269775867462158203e+00,1.505930185317993164e+00,1.856749653816223145e+00,2.097539901733398438e+00,2.255955457687377930e+00,2.541337013244628906e+00,2.985627651214599609e+00,2.670681953430175781e+00,2.636376619338989258e+00,2.302280426025390625e+00,2.270010471343994141e+00,2.150930166244506836e+00,2.135149955749511719e+00,1.829100131988525391e+00,1.835234045982360840e+00,1.807903409004211426e+00,1.886609554290771484e+00,1.864186525344848633e+00,2.208638191223144531e+00,2.309984207153320312e+00,2.661696672439575195e+00,3.752557277679443359e+00,3.857493877410888672e+00,3.718553543090820312e+00,3.358137130737304688e+00,3.306830644607543945e+00,3.083145856857299805e+00,3.093449831008911133e+00,2.831993818283081055e+00,2.656929731369018555e+00,2.602516651153564453e+00,2.545330286026000977e+00,2.492497205734252930e+00,2.651082038879394531e+00,2.658661842346191406e+00,2.969419002532958984e+00,4.399616718292236328e+00,4.520629882812500000e+00,4.409555912017822266e+00,4.067589759826660156e+00,4.045882225036621094e+00,3.782064914703369141e+00,3.765596866607666016e+00,3.598236322402954102e+00,3.370431900024414062e+00,3.312970638275146484e+00,3.199223279953002930e+00,3.089587211608886719e+00,3.158497571945190430e+00,3.113566398620605469e+00,3.382060050964355469e+00,5.064464092254638672e+00,5.208998203277587891e+00,5.122424125671386719e+00,4.806195735931396484e+00,4.787841796875000000e+00,4.542502403259277344e+00,4.524299621582031250e+00,4.382736206054687500e+00,4.097416877746582031e+00,4.175647735595703125e+00,4.010710716247558594e+00,4.059964179992675781e+00,3.822804689407348633e+00,3.789062976837158203e+00,4.020736694335937500e+00
1.447068452835083008e+00,1.165147662162780762e+00,8.878244161605834961e-01,5.810887217521667480e-01,3.883702754974365234e-01,0.000000000000000000e+00,3.820756077766418457e-01,5.651754140853881836e-01,6.484401822090148926e-01,9.800372719764709473e-01,1.159696578979492188e+00,1.527813553810119629e+00,1.745130896568298340e+00,1.885929942131042480e+00,2.159684181213378906e+00,2.779404163360595703e+00,2.495064020156860352e+00,2.471363544464111328e+00,2.118341207504272461e+00,2.110795736312866211e+00,1.941372752189636230e+00,1.961270213127136230e+00,1.634468674659729004e+00,1.574283123016357422e+00,1.542150497436523438e+00,1.563990712165832520e+00,1.527655601501464844e+00,1.868993878364562988e+00,1.943413972854614258e+00,2.287687301635742188e+00,3.490061759948730469e+00,3.615052938461303711e+00,3.487897872924804688e+00,3.120887279510498047e+00,3.093404531478881836e+00,2.848569393157958984e+00,2.889993429183959961e+00,2.619156837463378906e+00,2.406923770904541016e+00,2.356444358825683594e+00,2.256875038146972656e+00,2.206829309463500977e+00,2.338667392730712891e+00,2.314567804336547852e+00,2.612175941467285156e+00,4.102087497711181641e+00,4.244853973388671875e+00,4.145430088043212891e+00,3.803439855575561523e+00,3.803775787353515625e+00,3.531638860702514648e+00,3.544164896011352539e+00,3.370860099792480469e+00,3.117210865020751953e+00,3.068200588226318359e+00,2.922954082489013672e+00,2.817983150482177734e+00,2.863018035888671875e+00,2.788265228271484375e+00,3.041342735290527344e+00,4.748083114624023438e+00,4.904655456542968750e+00,4.829301834106445312e+00,4.519164085388183594e+00,4.521699905395507812e+00,4.273949623107910156e+00,4.280252933502197266e+00,4.135428905487060547e+00,3.834969520568847656e+00,3.918833017349243164e+00,3.731717348098754883e+00,3.785943746566772461e+00,3.527971029281616211e+00,3.483127355575561523e+00,3.695345163345336914e+00
1.711195230484008789e+00,1.409917712211608887e+00,1.102368474006652832e+00,8.629526495933532715e-01,5.218505263328552246e-01,3.820756077766418457e-01,0.000000000000000000e+00,3.719577491283416748e-01,6.346303820610046387e-01,8.385437726974487305e-01,1.119726538658142090e+00,1.452678084373474121e+00,1.666824102401733398e+00,1.880128860473632812e+00,2.174267530441284180e+00,2.948524236679077148e+00,2.665050983428955078e+00,2.588933229446411133e+00,2.223437547683715820e+00,2.154846668243408203e+00,1.962406277656555176e+00,1.913085341453552246e+00,1.564929246902465820e+00,1.539753079414367676e+00,1.425410032272338867e+00,1.493853569030761719e+00,1.413949489593505859e+00,1.740117907524108887e+00,1.874765753746032715e+00,2.240174055099487305e+00,3.592159509658813477e+00,3.691527128219604492e+00,3.528308391571044922e+00,3.149925947189331055e+00,3.083074331283569336e+00,2.816220760345458984e+00,2.814246177673339844e+00,2.516168355941772461e+00,2.320406436920166016e+00,2.214035511016845703e+00,2.131462335586547852e+00,2.031541109085083008e+00,2.174327373504638672e+00,2.199076414108276367e+00,2.517449378967285156e+00,4.149072647094726562e+00,4.283244132995605469e+00,4.152186393737792969e+00,3.793277978897094727e+00,3.763319492340087891e+00,3.468742132186889648e+00,3.450882434844970703e+00,3.247067451477050781e+00,3.001126050949096680e+00,2.908637285232543945e+00,2.772951841354370117e+00,2.629695653915405273e+00,2.680068492889404297e+00,2.641053199768066406e+00,2.910991191864013672e+00,4.766593456268310547e+00,4.899715900421142578e+00,4.796369075775146484e+00,4.468634605407714844e+00,4.451955318450927734e+00,4.181844234466552734e+00,4.165745258331298828e+00,3.995117902755737305e+00,3.695615530014038086e+00,3.746398925781250000e+00,3.564332246780395508e+00,3.589316368103027344e+00,3.346014261245727539e+00,3.296657800674438477e+00,3.533713340759277344e+00
1.929033517837524414e+00,1.596647143363952637e+00,1.349713921546936035e+00,1.046336412429809570e+00,7.724993824958801270e-01,5.651754140853881836e-01,3.719577491283416748e-01,0.000000000000000000e+00,3.732333481311798096e-01,5.215994119644165039e-01,8.440383076667785645e-01,1.144723415374755859e+00,1.411078453063964844e+00,1.629649519920349121e+00,1.959353446960449219e+00,3.139868497848510742e+00,2.885582208633422852e+00,2.826858997344970703e+00,2.452594518661499023e+00,2.404259681701660156e+00,2.170931577682495117e+00,2.140470027923583984e+00,1.776701927185058594e+00,1.691219568252563477e+00,1.532890796661376953e+00,1.524825930595397949e+00,1.355637550354003906e+00,1.631174445152282715e+00,1.727231979370117188e+00,2.080414772033691406e+00,3.727065324783325195e+00,3.848840951919555664e+00,3.697115182876586914e+00,3.313636541366577148e+00,3.265082836151123047e+00,2.972829818725585938e+00,2.989415884017944336e+00,2.673557758331298828e+00,2.444148778915405273e+00,2.311121940612792969e+00,2.173425674438476562e+00,2.028243541717529297e+00,2.109764099121093750e+00,2.097603321075439453e+00,2.386047363281250000e+00,4.231148242950439453e+00,4.393426895141601562e+00,4.272315502166748047e+00,3.911568403244018555e+00,3.899594783782958984e+00,3.588719606399536133e+00,3.592376708984375000e+00,3.367231369018554688e+00,3.094443082809448242e+00,2.984035015106201172e+00,2.806533813476562500e+00,2.632482767105102539e+00,2.632010698318481445e+00,2.558074951171875000e+00,2.794028759002685547e+00,4.810543537139892578e+00,4.956329345703125000e+00,4.861190319061279297e+00,4.536975860595703125e+00,4.541679859161376953e+00,4.258202075958251953e+00,4.263116836547851562e+00,4.072293281555175781e+00,3.753074169158935547e+00,3.784125328063964844e+00,3.568515539169311523e+00,3.567632675170898438e+00,3.296848058700561523e+00,3.204404830932617188e+00,3.417524576187133789e+00
2.032302141189575195e+00,1.721352338790893555e+00,1.503222465515136719e+00,1.152186036109924316e+00,9.728537797927856445e-01,6.484401822090148926e-01,6.346303820610046387e-01,3.732333481311798096e-01,0.000000000000000000e+00,3.800177276134490967e-01,5.388439297676086426e-01,8.873414397239685059e-01,1.148223280906677246e+00,1.310338854789733887e+00,1.633103728294372559e+00,2.985363960266113281e+00,2.763605117797851562e+00,2.738884210586547852e+00,2.364589214324951172e+00,2.363456726074218750e+00,2.103160619735717773e+00,2.131244421005249023e+00,1.771033287048339844e+00,1.612018942832946777e+00,1.479604482650756836e+00,1.381397485733032227e+00,1.196071982383728027e+00,1.455942511558532715e+00,1.480582714080810547e+00,1.811834573745727539e+00,3.540589332580566406e+00,3.692148685455322266e+00,3.569359779357910156e+00,3.189672231674194336e+00,3.180623054504394531e+00,2.881919384002685547e+00,2.944708347320556641e+00,2.636041164398193359e+00,2.368251562118530273e+00,2.261556625366210938e+00,2.072317838668823242e+00,1.946840524673461914e+00,1.984508037567138672e+00,1.908994078636169434e+00,2.165598869323730469e+00,4.028639793395996094e+00,4.215999126434326172e+00,4.121305942535400391e+00,3.770786762237548828e+00,3.793177843093872070e+00,3.486305952072143555e+00,3.530107975006103516e+00,3.313588619232177734e+00,3.015156984329223633e+00,2.930526494979858398e+00,2.717342853546142578e+00,2.562508821487426758e+00,2.529546260833740234e+00,2.404422998428344727e+00,2.609452486038208008e+00,4.596744537353515625e+00,4.765024662017822266e+00,4.694023609161376953e+00,4.385109901428222656e+00,4.418970584869384766e+00,4.143716812133789062e+00,4.181946754455566406e+00,3.999134540557861328e+00,3.666301012039184570e+00,3.714849233627319336e+00,3.474621295928955078e+00,3.488364219665527344e+00,3.189610958099365234e+00,3.082878112792968750e+00,3.261039972305297852e+00
2.385046482086181641e+00,2.061235427856445312e+00,1.832513689994812012e+00,1.498074650764465332e+00,1.269775867462158203e+00,9.800372719764709473e-01,8.385437726974487305e-01,5.215994119644165039e-01,3.800177276134490967e-01,0.000000000000000000e+00,3.970609009265899658e-01,6.337211132049560547e-01,9.085183143615722656e-01,1.155456900596618652e+00,1.505879282951354980e+00,3.180314779281616211e+00,2.979020833969116211e+00,2.924438476562500000e+00,2.543222427368164062e+00,2.510823488235473633e+00,2.216858148574829102e+00,2.209567546844482422e+00,1.840950965881347656e+00,1.674350261688232422e+00,1.464363932609558105e+00,1.350946903228759766e+00,1.075790524482727051e+00,1.263218879699707031e+00,1.312446236610412598e+00,1.644963860511779785e+00,3.640677928924560547e+00,3.783129930496215820e+00,3.640973091125488281e+00,3.254972219467163086e+00,3.228790044784545898e+00,2.903016090393066406e+00,2.946862220764160156e+00,2.614464998245239258e+00,2.341695547103881836e+00,2.181546688079833984e+00,1.970381498336791992e+00,1.781038165092468262e+00,1.779206752777099609e+00,1.717125415802001953e+00,1.965724587440490723e+00,4.047140121459960938e+00,4.242585659027099609e+00,4.130314826965332031e+00,3.769570112228393555e+00,3.780839204788208008e+00,3.450971841812133789e+00,3.487442493438720703e+00,3.238826990127563477e+00,2.931936740875244141e+00,2.807321071624755859e+00,2.575126171112060547e+00,2.376128196716308594e+00,2.311475276947021484e+00,2.190037012100219727e+00,2.383258342742919922e+00,4.564849853515625000e+00,4.720758914947509766e+00,4.633642196655273438e+00,4.316026687622070312e+00,4.349017143249511719e+00,4.051517963409423828e+00,4.087633132934570312e+00,3.875675678253173828e+00,3.533692598342895508e+00,3.546668529510498047e+00,3.289855957031250000e+00,3.267431259155273438e+00,2.963107347488403320e+00,2.826872825622558594e+00,3.006551027297973633e+00
2.535062074661254883e+00,2.237090587615966797e+00,2.027657032012939453e+00,1.670267820358276367e+00,1.505930185317993164e+00,1.159696578979492188e+00,1.119726538658142090e+00,8.440383076667785645e-01,5.388439297676086426e-01,3.970609009265899658e-01,0.000000000000000000e+00,3.846231400966644287e-01,6.206005215644836426e-01,7.874516844749450684e-01,1.133511781692504883e+00,3.030777931213378906e+00,2.869447708129882812e+00,2.847164869308471680e+00,2.473544359207153320e+00,2.487352371215820312e+00,2.171183347702026367e+00,2.222578048706054688e+00,1.870690107345581055e+00,1.634878516197204590e+00,1.460586667060852051e+00,1.248316049575805664e+00,9.633830189704895020e-01,1.105926752090454102e+00,1.049000978469848633e+00,1.345374345779418945e+00,3.440123319625854492e+00,3.612313747406005859e+00,3.501219511032104492e+00,3.123532772064208984e+00,3.139333963394165039e+00,2.810236454010009766e+00,2.902840614318847656e+00,2.584014415740966797e+00,2.275227546691894531e+00,2.147806882858276367e+00,1.883234977722167969e+00,1.723513722419738770e+00,1.667047858238220215e+00,1.524048566818237305e+00,1.725889086723327637e+00,3.819167852401733398e+00,4.041090488433837891e+00,3.957334041595458984e+00,3.610183000564575195e+00,3.658546924591064453e+00,3.335759401321411133e+00,3.415830850601196289e+00,3.179554700851440430e+00,2.848454236984252930e+00,2.755026340484619141e+00,2.486338376998901367e+00,2.314762115478515625e+00,2.213833570480346680e+00,2.031791448593139648e+00,2.184166193008422852e+00,4.319223403930664062e+00,4.498475551605224609e+00,4.437653541564941406e+00,4.138332366943359375e+00,4.203181743621826172e+00,3.916616916656494141e+00,3.989297866821289062e+00,3.788263082504272461e+00,3.434381961822509766e+00,3.467832326889038086e+00,3.186309814453125000e+00,3.182692766189575195e+00,2.849780321121215820e+00,2.700375318527221680e+00,2.836877346038818359e+00
2.894576072692871094e+00,2.584531307220458984e+00,2.388038873672485352e+00,2.027724742889404297e+00,1.856749653816223145e+00,1.527813553810119629e+00,1.452678084373474121e+00,1.144723415374755859e+00,8.873414397239685059e-01,6.337211132049560547e-01,3.846231400966644287e-01,0.000000000000000000e+00,3.952745795249938965e-01,6.063221693038940430e-01,9.899082779884338379e-01,3.301034450531005859e+00,3.168090581893920898e+00,3.140711784362792969e+00,2.770301342010498047e+00,2.778400182723999023e+00,2.441022634506225586e+00,2.483053684234619141e+00,2.137479305267333984e+00,1.888168334960937500e+00,1.675755262374877930e+00,1.433938741683959961e+00,1.089439630508422852e+00,1.099368572235107422e+00,9.975562691688537598e-01,1.233101248741149902e+00,3.620108604431152344e+00,3.798003435134887695e+00,3.687209367752075195e+00,3.312899112701416016e+00,3.331545829772949219e+00,2.984561920166015625e+00,3.077415466308593750e+00,2.748949289321899414e+00,2.430656194686889648e+00,2.270481824874877930e+00,1.972875952720642090e+00,1.764598011970520020e+00,1.633412480354309082e+00,1.462107419967651367e+00,1.603799104690551758e+00,3.913910388946533203e+00,4.155250072479248047e+00,4.071531295776367188e+00,3.725616455078125000e+00,3.780375719070434570e+00,3.443783283233642578e+00,3.533966541290283203e+00,3.275696277618408203e+00,2.932097196578979492e+00,2.812968730926513672e+00,2.513902187347412109e+00,2.308823108673095703e+00,2.152014017105102539e+00,1.942599058151245117e+00,2.043106317520141602e+00,4.351865768432617188e+00,4.531820297241210938e+00,4.470544815063476562e+00,4.174936771392822266e+00,4.254571437835693359e+00,3.953585386276245117e+00,4.040340900421142578e+00,3.816116809844970703e+00,3.451151609420776367e+00,3.454205274581909180e+00,3.144907236099243164e+00,3.106009960174560547e+00,2.754839181900024414e+00,2.557508707046508789e+00,2.664258241653442383e+00
3.136014461517333984e+00,2.849602937698364258e+00,2.626439571380615234e+00,2.277143478393554688e+00,2.097539901733398438e+00,1.745130896568298340e+00,1.666824102401733398e+00,1.411078453063964844e+00,1.148223280906677246e+00,9.085183143615722656e-01,6.206005215644836426e-01,3.952745795249938965e-01,0.000000000000000000e+00,3.858251273632049561e-01,6.953774690628051758e-01,3.147550106048583984e+00,3.051155328750610352e+00,3.011764764785766602e+00,2.651612997055053711e+00,2.659917116165161133e+00,2.300233125686645508e+00,2.353049039840698242e+00,2.032873153686523438e+00,1.752598881721496582e+00,1.536372423171997070e+00,1.246062397956848145e+00,8.934692740440368652e-01,7.981680631637573242e-01,6.366633772850036621e-01,8.455370068550109863e-01,3.363241434097290039e+00,3.540504932403564453e+00,3.430304527282714844e+00,3.063033103942871094e+00,3.091244935989379883e+00,2.734598875045776367e+00,2.843178033828735352e+00,2.520705938339233398e+00,2.188100814819335938e+00,2.029621362686157227e+00,1.698507905006408691e+00,1.495555162429809570e+00,1.314359664916992188e+00,1.098873138427734375e+00,1.212419867515563965e+00,3.589093446731567383e+00,3.839782238006591797e+00,3.756440639495849609e+00,3.414593935012817383e+00,3.479728937149047852e+00,3.140178203582763672e+00,3.249935150146484375e+00,2.989567279815673828e+00,2.634265899658203125e+00,2.522304534912109375e+00,2.199577331542968750e+00,2.005843877792358398e+00,1.821808457374572754e+00,1.579994320869445801e+00,1.660778045654296875e+00,3.992463827133178711e+00,4.170441150665283203e+00,4.110045433044433594e+00,3.819185733795166016e+00,3.910965204238891602e+00,3.609118461608886719e+00,3.713087797164916992e+00,3.487725734710693359e+00,3.117193222045898438e+00,3.123533248901367188e+00,2.800117015838623047e+00,2.769418001174926758e+00,2.405273914337158203e+00,2.205968379974365234e+00,2.295212745666503906e+00
3.200695514678955078e+00,2.934191703796386719e+00,2.741454362869262695e+00,2.378836154937744141e+00,2.255955457687377930e+00,1.885929942131042480e+00,1.880128860473632812e+00,1.629649519920349121e+00,1.310338854789733887e+00,1.155456900596618652e+00,7.874516844749450684e-01,6.063221693038940430e-01,3.858251273632049561e-01,0.000000000000000000e+00,3.903924822807312012e-01,3.083289861679077148e+00,3.019219398498535156e+00,3.025162220001220703e+00,2.682201623916625977e+00,2.742869138717651367e+00,2.387985467910766602e+00,2.498966693878173828e+00,2.200370788574218750e+00,1.883935332298278809e+00,1.732158184051513672e+00,1.393793463706970215e+00,1.105823516845703125e+00,1.012415409088134766e+00,7.192751765251159668e-01,7.951749563217163086e-01,3.283137559890747070e+00,3.495457172393798828e+00,3.427568912506103516e+00,3.076748132705688477e+00,3.152183771133422852e+00,2.809813737869262695e+00,2.967027902603149414e+00,2.671365976333618164e+00,2.319200992584228516e+00,2.213347434997558594e+00,1.859521985054016113e+00,1.716657042503356934e+00,1.513596773147583008e+00,1.220982313156127930e+00,1.249704957008361816e+00,3.507343292236328125e+00,3.783766031265258789e+00,3.739910125732421875e+00,3.420654535293579102e+00,3.527420997619628906e+00,3.208423852920532227e+00,3.360376358032226562e+00,3.127002000808715820e+00,2.760056734085083008e+00,2.692698955535888672e+00,2.352953433990478516e+00,2.205514430999755859e+00,2.005137681961059570e+00,1.709926247596740723e+00,1.733289241790771484e+00,3.903626918792724609e+00,4.113058090209960938e+00,4.089233398437500000e+00,3.824665069580078125e+00,3.950132608413696289e+00,3.670539617538452148e+00,3.810397386550903320e+00,3.607886314392089844e+00,3.234720945358276367e+00,3.271135091781616211e+00,2.934947013854980469e+00,2.932341814041137695e+00,2.550629615783691406e+00,2.348761796951293945e+00,2.382333993911743164e+00
3.440655231475830078e+00,3.201357364654541016e+00,3.002987861633300781e+00,2.649410009384155273e+00,2.541337013244628906e+00,2.159684181213378906e+00,2.174267530441284180e+00,1.959353446960449219e+00,1.633103728294372559e+00,1.505879282951354980e+00,1.133511781692504883e+00,9.899082779884338379e-01,6.953774690628051758e-01,3.903924822807312012e-01,0.000000000000000000e+00,2.958343267440795898e+00,2.942924261093139648e+00,2.961235761642456055e+00,2.643453836441040039e+00,2.728644609451293945e+00,2.369184970855712891e+00,2.514203786849975586e+00,2.255957126617431641e+00,1.913420915603637695e+00,1.800120234489440918e+00,1.428278923034667969e+00,1.204019784927368164e+00,1.052585601806640625e+00,6.853234767913818359e-01,5.795356631278991699e-01,3.056454181671142578e+00,3.284811019897460938e+00,3.241375446319580078e+00,2.910935401916503906e+00,3.019013643264770508e+00,2.683703660964965820e+00,2.877124547958374023e+00,2.608326673507690430e+00,2.245071887969970703e+00,2.174821138381958008e+00,1.798901200294494629e+00,1.705873966217041016e+00,1.468865156173706055e+00,1.116616129875183105e+00,1.053341150283813477e+00,3.218656778335571289e+00,3.515244007110595703e+00,3.494216442108154297e+00,3.194489002227783203e+00,3.332204341888427734e+00,3.027258634567260742e+00,3.216638326644897461e+00,3.001466751098632812e+00,2.626438617706298828e+00,2.593420267105102539e+00,2.235769510269165039e+00,2.132355690002441406e+00,1.912338972091674805e+00,1.572742819786071777e+00,1.542437672615051270e+00,3.580309391021728516e+00,3.804913997650146484e+00,3.802753925323486328e+00,3.558895587921142578e+00,3.712216138839721680e+00,3.447973251342773438e+00,3.620469093322753906e+00,3.433597326278686523e+00,3.060218334197998047e+00,3.118085861206054688e+00,2.770658493041992188e+00,2.794314384460449219e+00,2.401850938796997070e+00,2.207434654235839844e+00,2.193583965301513672e+00
3.169358015060424805e+00,3.250695705413818359e+00,3.020934104919433594e+00,2.963077068328857422e+00,2.985627651214599609e+00,2.779404163360595703e+00,2.948524236679077148e+00,3.139868497848510742e+00,2.985363960266113281e+00,3.180314779281616211e+00,3.030777931213378906e+00,3.301034450531005859e+00,3.147550106048583984e+00,3.083289861679077148e+00,2.958343267440795898e+00,0.000000000000000000e+00,3.905909061431884766e-01,6.361088752746582031e-01,8.607021570205688477e-01,1.186249971389770508e+00,1.317337989807128906e+00,1.660904765129089355e+00,1.853652358055114746e+00,1.777858376502990723e+00,2.148755311965942383e+00,2.138475418090820312e+00,2.502647161483764648e+00,2.719300031661987305e+00,2.715260267257690430e+00,2.807871580123901367e+00,1.065173387527465820e+00,1.199602484703063965e+00,1.306994438171386719e+00,1.204137682914733887e+00,1.450278878211975098e+00,1.557194113731384277e+00,1.849118828773498535e+00,1.973001241683959961e+00,1.887395501136779785e+00,2.247423171997070312e+00,2.273888111114501953e+00,2.627350091934204102e+00,2.809527873992919922e+00,2.751192092895507812e+00,2.919895172119140625e+00,2.010539054870605469e+00,2.040990114212036133e+00,2.096186637878417969e+00,1.957592964172363281e+00,2.105173826217651367e+00,2.125393867492675781e+00,2.301113128662109375e+00,2.451929807662963867e+00,2.331976175308227539e+00,2.631514787673950195e+00,2.620828390121459961e+00,2.888722658157348633e+00,3.052055597305297852e+00,2.981539964675903320e+00,3.188586473464965820e+00,2.825790405273437500e+00,3.000450849533081055e+00,3.043652534484863281e+00,2.879978895187377930e+00,2.924881219863891602e+00,2.918219566345214844e+00,3.012989282608032227e+00,3.132721900939941406e+00,2.977341651916503906e+00,3.308229684829711914e+00,3.261845588684082031e+00,3.572418689727783203e+00,3.422584056854248047e+00,3.603207111358642578e+00,3.726784467697143555e+00
2.828165292739868164e+00,2.917042255401611328e+00,2.679570674896240234e+00,2.649092674255371094e+00,2.670681953430175781e+00,2.495064020156860352e+00,2.665050983428955078e+00,2.885582208633422852e+00,2.763605117797851562e+00,2.979020833969116211e+00,2.869447708129882812e+00,3.168090581893920898e+00,3.051155328750610352e+00,3.019219398498535156e+00,2.942924261093139648e+00,3.905909061431884766e-01,0.000000000000000000e+00,3.932915031909942627e-01,5.951765179634094238e-01,9.324906468391418457e-01,1.120216369628906250e+00,1.446436762809753418e+00,1.625724554061889648e+00,1.595618009567260742e+00,1.974340438842773438e+00,2.010239362716674805e+00,2.376532793045043945e+00,2.636152744293212891e+00,2.663718461990356445e+00,2.806954383850097656e+00,1.401376008987426758e+00,1.487671613693237305e+00,1.510328292846679688e+00,1.344599485397338867e+00,1.504857420921325684e+00,1.581813573837280273e+00,1.816794872283935547e+00,1.902909159660339355e+00,1.829048275947570801e+00,2.164693355560302734e+00,2.216005325317382812e+00,2.547725200653076172e+00,2.761158227920532227e+00,2.729174375534057617e+00,2.940563440322875977e+00,2.322764158248901367e+00,2.341421604156494141e+00,2.347155332565307617e+00,2.165182828903198242e+00,2.258011817932128906e+00,2.238805770874023438e+00,2.360616922378540039e+00,2.479635000228881836e+00,2.361281156539916992e+00,2.623852729797363281e+00,2.625810861587524414e+00,2.860360622406005859e+00,3.041051149368286133e+00,2.991868257522583008e+00,3.231549024581909180e+00,3.136374473571777344e+00,3.291740179061889648e+00,3.300989151000976562e+00,3.103842020034790039e+00,3.116834640502929688e+00,3.077015638351440430e+00,3.133657455444335938e+00,3.225842714309692383e+00,3.061774015426635742e+00,3.368987560272216797e+00,3.325636625289916992e+00,3.614281654357910156e+00,3.465074062347412109e+00,3.638272762298583984e+00,3.794604063034057617e+00
2.896871328353881836e+00,2.963144540786743164e+00,2.686495780944824219e+00,2.668208360671997070e+00,2.636376619338989258e+00,2.471363544464111328e+00,2.588933229446411133e+00,2.826858997344970703e+00,2.738884210586547852e+00,2.924438476562500000e+00,2.847164869308471680e+00,3.140711784362792969e+00,3.011764764785766602e+00,3.025162220001220703e+00,2.961235761642456055e+00,6.361088752746582031e-01,3.932915031909942627e-01,0.000000000000000000e+00,3.835120499134063721e-01,6.085101366043090820e-01,8.641128540039062500e-01,1.138357162475585938e+00,1.377877116203308105e+00,1.411112904548645020e+00,1.779905319213867188e+00,1.876194357872009277e+00,2.259346008300781250e+00,2.517554998397827148e+00,2.597101688385009766e+00,2.760375261306762695e+00,1.409430623054504395e+00,1.412349581718444824e+00,1.333711981773376465e+00,1.129422307014465332e+00,1.205939769744873047e+00,1.291437268257141113e+00,1.476675748825073242e+00,1.576753854751586914e+00,1.554504632949829102e+00,1.890367388725280762e+00,1.998236417770385742e+00,2.336096763610839844e+00,2.584961414337158203e+00,2.604713916778564453e+00,2.843030929565429688e+00,2.269709825515747070e+00,2.253327131271362305e+00,2.194547414779663086e+00,1.977842211723327637e+00,2.011984825134277344e+00,1.977053761482238770e+00,2.051169157028198242e+00,2.167121648788452148e+00,2.078745603561401367e+00,2.331785917282104492e+00,2.375437736511230469e+00,2.613405704498291016e+00,2.829133033752441406e+00,2.826175212860107422e+00,3.094902276992797852e+00,3.073097705841064453e+00,3.187537670135498047e+00,3.151393175125122070e+00,2.923981666564941406e+00,2.896974325180053711e+00,2.839454412460327148e+00,2.857763528823852539e+00,2.942470073699951172e+00,2.792758703231811523e+00,3.091120958328247070e+00,3.076287746429443359e+00,3.362723112106323242e+00,3.243854999542236328e+00,3.441590547561645508e+00,3.628713369369506836e+00
2.672731876373291016e+00,2.698571681976318359e+00,2.404644966125488281e+00,2.357545614242553711e+00,2.302280426025390625e+00,2.118341207504272461e+00,2.223437547683715820e+00,2.452594518661499023e+00,2.364589214324951172e+00,2.543222427368164062e+00,2.473544359207153320e+00,2.770301342010498047e+00,2.651612997055053711e+00,2.682201623916625977e+00,2.643453836441040039e+00,8.607021570205688477e-01,5.951765179634094238e-01,3.835120499134063721e-01,0.000000000000000000e+00,3.798632323741912842e-01,5.387424826622009277e-01,8.578203916549682617e-01,1.035608172416687012e+00,1.046571969985961914e+00,1.420113444328308105e+00,1.517139434814453125e+00,1.895293235778808594e+00,2.171304464340209961e+00,2.260639190673828125e+00,2.450921773910522461e+00,1.580486774444580078e+00,1.618117094039916992e+00,1.505269050598144531e+00,1.216812252998352051e+00,1.259802579879760742e+00,1.229504585266113281e+00,1.401206374168395996e+00,1.410225868225097656e+00,1.331602096557617188e+00,1.633480787277221680e+00,1.714227557182312012e+00,2.027278661727905273e+00,2.276663780212402344e+00,2.295977592468261719e+00,2.555163621902465820e+00,2.372329473495483398e+00,2.399513721466064453e+00,2.319509983062744141e+00,2.053405046463012695e+00,2.078310966491699219e+00,1.970813155174255371e+00,2.037525892257690430e+00,2.086169004440307617e+00,1.949297428131103516e+00,2.158614397048950195e+00,2.166927814483642578e+00,2.364694833755493164e+00,2.566032409667968750e+00,2.554720640182495117e+00,2.834570169448852539e+00,3.150234937667846680e+00,3.272144317626953125e+00,3.220803022384643555e+00,2.965124130249023438e+00,2.944350719451904297e+00,2.837330102920532227e+00,2.855787754058837891e+00,2.890542984008789062e+00,2.701318502426147461e+00,2.969016075134277344e+00,2.920202016830444336e+00,3.177748680114746094e+00,3.032497882843017578e+00,3.202111721038818359e+00,3.399368286132812500e+00
2.729592800140380859e+00,2.734267950057983398e+00,2.407418489456176758e+00,2.379987239837646484e+00,2.270010471343994141e+00,2.110795736312866211e+00,2.154846668243408203e+00,2.404259681701660156e+00,2.363456726074218750e+00,2.510823488235473633e+00,2.487352371215820312e+00,2.778400182723999023e+00,2.659917116165161133e+00,2.742869138717651367e+00,2.728644609451293945e+00,1.186249971389770508e+00,9.324906468391418457e-01,6.085101366043090820e-01,3.798632323741912842e-01,0.000000000000000000e+00,3.828760385513305664e-01,5.472161173820495605e-01,8.069019317626953125e-01,9.360770583152770996e-01,1.272228240966796875e+00,1.457632422447204590e+00,1.836781263351440430e+00,2.114357948303222656e+00,2.264899969100952148e+00,2.482594728469848633e+00,1.762750506401062012e+00,1.733971118927001953e+00,1.536704897880554199e+00,1.225087881088256836e+00,1.149644613265991211e+00,1.096970677375793457e+00,1.167416095733642578e+00,1.157202720642089844e+00,1.145961165428161621e+00,1.418710470199584961e+00,1.572671532630920410e+00,1.872684597969055176e+00,2.165183305740356445e+00,2.247398138046264648e+00,2.538781881332397461e+00,2.472423553466796875e+00,2.469197034835815430e+00,2.328739166259765625e+00,2.031890869140625000e+00,1.987758755683898926e+00,1.851802110671997070e+00,1.849713444709777832e+00,1.874070048332214355e+00,1.769324541091918945e+00,1.944329023361206055e+00,1.999669671058654785e+00,2.182606697082519531e+00,2.422445535659790039e+00,2.466137886047363281e+00,2.778609514236450195e+00,3.222169637680053711e+00,3.303808689117431641e+00,3.206919908523559570e+00,2.921360254287719727e+00,2.857630014419555664e+00,2.725178003311157227e+00,2.696479797363281250e+00,2.711447954177856445e+00,2.534794569015502930e+00,2.779390096664428711e+00,2.758932113647460938e+00,3.002343654632568359e+00,2.888931274414062500e+00,3.077601432800292969e+00,3.311803579330444336e+00
2.754216909408569336e+00,2.708873987197875977e+00,2.373534917831420898e+00,2.288985252380371094e+00,2.150930166244506836e+00,1.941372752189636230e+00,1.962406277656555176e+00,2.170931577682495117e+00,2.103160619735717773e+00,2.216858148574829102e+00,2.171183347702026367e+00,2.441022634506225586e+00,2.300233125686645508e+00,2.387985467910766602e+00,2.369184970855712891e+00,1.317337989807128906e+00,1.120216369628906250e+00,8.641128540039062500e-01,5.387424826622009277e-01,3.828760385513305664e-01,0.000000000000000000e+00,3.886640667915344238e-01,5.501189231872558594e-01,5.818788409233093262e-01,9.288185238838195801e-01,1.085241556167602539e+00,1.470064640045166016e+00,1.735826492309570312e+00,1.886631727218627930e+00,2.105347633361816406e+00,1.772207856178283691e+00,1.785055398941040039e+00,1.585641145706176758e+00,1.221698880195617676e+00,1.163666963577270508e+00,9.879759550094604492e-01,1.089694380760192871e+00,9.810441732406616211e-01,8.667176961898803711e-01,1.120477437973022461e+00,1.221180915832519531e+00,1.517403602600097656e+00,1.795491099357604980e+00,1.866695523262023926e+00,2.161407232284545898e+00,2.392783880233764648e+00,2.438903570175170898e+00,2.295569419860839844e+00,1.966346859931945801e+00,1.940965890884399414e+00,1.742856979370117188e+00,1.769512176513671875e+00,1.731565117835998535e+00,1.560208916664123535e+00,1.707422375679016113e+00,1.706909298896789551e+00,1.866929888725280762e+00,2.081042051315307617e+00,2.104000568389892578e+00,2.414826631546020508e+00,3.105039596557617188e+00,3.200381755828857422e+00,3.101432085037231445e+00,2.801220417022705078e+00,2.761695146560668945e+00,2.590488433837890625e+00,2.585967540740966797e+00,2.558694601058959961e+00,2.338732481002807617e+00,2.562794208526611328e+00,2.498402595520019531e+00,2.723502635955810547e+00,2.577605724334716797e+00,2.740901708602905273e+00,2.969397306442260742e+00
