,A1,A2,A3,A4,A5,A6,A7,A8,A9,A10,A11,A12,A13,A14,A15,B1,B2,B3,B4,B5,B6,B7,B8,B9,B10,B11,B12,B13,B14,B15,C1,C2,C3,C4,C5,C6,C7,C8,C9,C10,C11,C12,C13,C14,C15,D1,D2,D3,D4,D5,D6,D7,D8,D9,D10,D11,D12,D13,D14,D15,E1,E2,E3,E4,E5,E6,E7,E8,E9,E10,E11,E12,E13,E14,E15
A1,0.0,0.38740360736846924,0.620319128036499,0.9275176525115967,1.18917977809906,1.4146451950073242,1.7086498737335205,1.9730355739593506,2.2903854846954346,2.5302441120147705,2.8767216205596924,3.091161012649536,3.4037575721740723,3.6259851455688477,3.7560296058654785,2.1164093017578125,1.9889719486236572,2.069837808609009,1.8930906057357788,1.7913572788238525,2.1045987606048584,2.288935422897339,2.4469873905181885,2.468148708343506,2.671280860900879,3.013348340988159,3.306565284729004,3.552959442138672,3.856898784637451,4.1333513259887695,2.8467187881469727,2.808518648147583,2.560729742050171,2.631322145462036,2.4114882946014404,2.6734750270843506,2.667908191680908,2.9534077644348145,2.869558811187744,3.2126693725585938,3.40295672416687,3.6787447929382324,3.9074783325195312,4.267400741577148,4.469173431396484,3.8908731937408447,3.8424549102783203,3.6372435092926025,3.463040351867676,3.439347267150879,3.7485873699188232,3.608180046081543,3.6858561038970947,3.7772703170776367,3.6303224563598633,3.976439952850342,4.063315391540527,4.339461803436279,4.516533374786377,4.891577243804932,4.567079544067383,4.35198450088501,3.995269775390625,3.970492362976074,3.7559823989868164,3.4062020778656006,3.2574455738067627,2.9437148571014404,2.954448699951172,2.6803572177886963,2.8405489921569824,2.712918281555176,2.94018816947937,2.9170069694519043,3.244144916534424
A2,0.38740360736846924,0.0,0.38434264063835144,0.5820037126541138,0.8410418033599854,1.1147046089172363,1.3674551248550415,1.6651753187179565,1.964577555656433,2.2078747749328613,2.5540502071380615,2.7819647789001465,3.105620861053467,3.3370797634124756,3.494753360748291,2.1605429649353027,2.0029988288879395,2.0092976093292236,1.8216675519943237,1.6500144004821777,1.9438374042510986,2.1002798080444336,2.216076374053955,2.2125422954559326,2.383161783218384,2.729851007461548,3.026907444000244,3.292369842529297,3.5822620391845703,3.8736073970794678,2.8144423961639404,2.7627761363983154,2.4996941089630127,2.525174140930176,2.260241985321045,2.490924596786499,2.4536051750183105,2.716174364089966,2.595367670059204,2.9274301528930664,3.101168632507324,3.389052152633667,3.5972235202789307,3.965043544769287,4.18092155456543,3.8023579120635986,3.7498154640197754,3.538562774658203,3.3358070850372314,3.2736916542053223,3.5656065940856934,3.411309242248535,3.4584193229675293,3.5311756134033203,3.3567745685577393,3.6908512115478516,3.7650182247161865,4.028576374053955,4.200932025909424,4.582462310791016,4.435871124267578,4.228267669677734,3.8839075565338135,3.8628950119018555,3.680833101272583,3.3338615894317627,3.1847572326660156,2.849731206893921,2.871368885040283,2.568441152572632,2.7151947021484375,2.5479094982147217,2.776416778564453,2.719508171081543,3.022254705429077
A3,0.620319128036499,0.38434264063835144,0.0,0.3879607617855072,0.6250553727149963,0.8026962280273438,1.1095991134643555,1.3545031547546387,1.681786060333252,1.913378357887268,2.2606492042541504,2.4719598293304443,2.7836248874664307,3.0092132091522217,3.147256374359131,1.872307538986206,1.7368860244750977,1.7223225831985474,1.5865848064422607,1.3790080547332764,1.6399163007736206,1.8371442556381226,1.9378035068511963,1.9069476127624512,2.1070315837860107,2.4389870166778564,2.752342939376831,2.994922161102295,3.3037784099578857,3.578583240509033,2.666835308074951,2.6583282947540283,2.421337127685547,2.4672622680664062,2.191098928451538,2.3815760612487793,2.3822782039642334,2.609870433807373,2.4808027744293213,2.823727607727051,2.9640543460845947,3.2262301445007324,3.428126811981201,3.79040789604187,3.9843811988830566,3.7615253925323486,3.745142698287964,3.557814359664917,3.3668525218963623,3.277683734893799,3.570061683654785,3.444075345993042,3.458993673324585,3.5511550903320312,3.363818883895874,3.690976858139038,3.7270846366882324,3.998586416244507,4.1389665603637695,4.517594814300537,4.542842864990234,4.362300872802734,4.019894123077393,4.032127857208252,3.861440896987915,3.508943796157837,3.3940682411193848,3.0584537982940674,3.117295265197754,2.815138816833496,2.982656478881836,2.8071959018707275,3.0536842346191406,2.9868435859680176,3.2709555625915527
A4,0.9275176525115967,0.5820037126541138,0.3879607617855072,0.0,0.3654874563217163,0.6184648871421814,0.8213104009628296,1.1182254552841187,1.4259485006332397,1.639338493347168,1.9969518184661865,2.211778402328491,2.5464248657226562,2.7711050510406494,2.9449493885040283,2.0089659690856934,1.8272638320922852,1.7281583547592163,1.5641069412231445,1.2930551767349243,1.5282135009765625,1.6655464172363281,1.7191379070281982,1.6748632192611694,1.8252167701721191,2.168041229248047,2.474850654602051,2.745534658432007,3.03102445602417,3.326611042022705,2.6193511486053467,2.5855178833007812,2.333078145980835,2.3256983757019043,2.0100836753845215,2.166501998901367,2.128890037536621,2.3325467109680176,2.1686148643493652,2.497109889984131,2.6260762214660645,2.9026131629943848,3.087904691696167,3.4573376178741455,3.6683011054992676,3.6131062507629395,3.588165283203125,3.394874334335327,3.1775717735290527,3.0535130500793457,3.3256354331970215,3.1870689392089844,3.1741764545440674,3.2486677169799805,3.0391688346862793,3.3542568683624268,3.3803539276123047,3.6412343978881836,3.7789037227630615,4.1616926193237305,4.335524082183838,4.164088249206543,3.8363866806030273,3.85383677482605,3.715160846710205,3.3698127269744873,3.259542226791382,2.9114208221435547,2.984570264816284,2.6654608249664307,2.8243865966796875,2.621232509613037,2.8719329833984375,2.7832183837890625,3.041083335876465
A5,1.18917977809906,0.8410418033599854,0.6250553727149963,0.3654874563217163,0.0,0.368968665599823,0.5377844572067261,0.8682157397270203,1.1305009126663208,1.3998842239379883,1.7275745868682861,1.9868477582931519,2.30531644821167,2.5655224323272705,2.7556591033935547,2.164686441421509,2.0199551582336426,1.8905457258224487,1.7804219722747803,1.4623949527740479,1.6265394687652588,1.7745193243026733,1.7593094110488892,1.6395572423934937,1.7654657363891602,2.084346294403076,2.4161579608917236,2.682291030883789,2.966153144836426,3.259488821029663,2.8694334030151367,2.8522861003875732,2.6103196144104004,2.587374687194824,2.250932455062866,2.360673189163208,2.31057071685791,2.4679388999938965,2.2598721981048584,2.5663812160491943,2.649115562438965,2.923068046569824,3.067246437072754,3.440877676010132,3.655451774597168,3.86303448677063,3.8455817699432373,3.656391143798828,3.4257659912109375,3.2704598903656006,3.5221590995788574,3.3775229454040527,3.3292083740234375,3.383272647857666,3.1414706707000732,3.431790590286255,3.4318161010742188,3.6695642471313477,3.7901294231414795,4.178313732147217,4.568203926086426,4.403067111968994,4.088899612426758,4.104578018188477,3.988978624343872,3.6512062549591064,3.5351805686950684,3.178952693939209,3.2452995777130127,2.910790205001831,3.041206121444702,2.8066213130950928,3.032961130142212,2.9034979343414307,3.127607822418213
A6,1.4146451950073242,1.1147046089172363,0.8026962280273438,0.6184648871421814,0.368968665599823,0.0,0.3841441869735718,0.5703383088111877,0.8849186301231384,1.1440372467041016,1.4688606262207031,1.7096079587936401,2.008819818496704,2.2666051387786865,2.4316039085388184,1.9786309003829956,1.869615077972412,1.7177437543869019,1.6787641048431396,1.3362246751785278,1.4306637048721313,1.6218024492263794,1.5756831169128418,1.406760811805725,1.567740797996521,1.8563895225524902,2.209625720977783,2.4418764114379883,2.748504877090454,3.0182576179504395,2.8101983070373535,2.8371565341949463,2.628040075302124,2.628756284713745,2.296339273452759,2.3635215759277344,2.3564436435699463,2.4731667041778564,2.264193296432495,2.5737969875335693,2.616320848464966,2.853940725326538,2.9879133701324463,3.349785566329956,3.535823345184326,3.894826650619507,3.9123899936676025,3.7484989166259766,3.535348653793335,3.3619539737701416,3.6122822761535645,3.498443365097046,3.4237709045410156,3.498173713684082,3.2511754035949707,3.530890464782715,3.493074893951416,3.736609935760498,3.8220560550689697,4.202128887176514,4.736058235168457,4.59522008895874,4.283125400543213,4.326928615570068,4.21638298034668,3.8756306171417236,3.788456916809082,3.4378342628479004,3.5311343669891357,3.2046985626220703,3.353647470474243,3.123093366622925,3.362095594406128,3.233820676803589,3.446594715118408
A7,1.7086498737335205,1.3674551248550415,1.1095991134643555,0.8213104009628296,0.5377844572067261,0.3841441869735718,0.0,0.39066067337989807,0.6118066906929016,0.8678625226020813,1.1945995092391968,1.4594008922576904,1.782482624053955,2.0499722957611084,2.2648813724517822,2.2360408306121826,2.0960206985473633,1.8832136392593384,1.826583981513977,1.4528300762176514,1.4990509748458862,1.615767240524292,1.4982240200042725,1.2927662134170532,1.3693193197250366,1.6511670351028442,1.998633861541748,2.2587099075317383,2.5327165126800537,2.822939872741699,2.8931095600128174,2.8981027603149414,2.682102918624878,2.633612632751465,2.275132417678833,2.2971279621124268,2.2504472732543945,2.3247838020324707,2.07254958152771,2.3494839668273926,2.361128330230713,2.6085896492004395,2.7081170082092285,3.07564377784729,3.279829740524292,3.862738847732544,3.872303009033203,3.7055506706237793,3.46954345703125,3.2616472244262695,3.483269691467285,3.357842445373535,3.2493081092834473,3.2995712757110596,3.0262486934661865,3.281432867050171,3.225616216659546,3.4482295513153076,3.5243887901306152,3.907231569290161,4.630456447601318,4.499782085418701,4.207521915435791,4.253695011138916,4.176558494567871,3.848712205886841,3.764310598373413,3.4084041118621826,3.508894681930542,3.1727681159973145,3.3046231269836426,3.05025577545166,3.281071186065674,3.128223180770874,3.304800510406494
A8,1.9730355739593506,1.6651753187179565,1.3545031547546387,1.1182254552841187,0.8682157397270203,0.5703383088111877,0.39066067337989807,0.0,0.3862220048904419,0.5811560750007629,0.909833550453186,1.1404839754104614,1.4442604780197144,1.7069543600082397,1.8967031240463257,2.1202826499938965,2.0154082775115967,1.776039481163025,1.7940864562988281,1.4129422903060913,1.3660181760787964,1.5117710828781128,1.3478014469146729,1.0752571821212769,1.180550217628479,1.407938838005066,1.778098464012146,1.993761420249939,2.2908544540405273,2.5517704486846924,2.862837791442871,2.9114582538604736,2.7328367233276367,2.70636248588562,2.3595938682556152,2.3341293334960938,2.3329639434814453,2.3595900535583496,2.1127755641937256,2.3839476108551025,2.3478550910949707,2.546833038330078,2.6313014030456543,2.9795284271240234,3.1481034755706787,3.905191659927368,3.950944662094116,3.8120830059051514,3.5961754322052,3.371515989303589,3.588266134262085,3.496910572052002,3.3619492053985596,3.43355655670166,3.1595444679260254,3.399754285812378,3.303248405456543,3.5298759937286377,3.5655622482299805,3.9346988201141357,4.806755065917969,4.702264785766602,4.4141106605529785,4.4888129234313965,4.417135715484619,4.0883989334106445,4.033303260803223,3.6854708194732666,3.811647891998291,3.485903263092041,3.636113405227661,3.3890573978424072,3.632168769836426,3.4843764305114746,3.651905059814453
A9,2.2903854846954346,1.964577555656433,1.681786060333252,1.4259485006332397,1.1305009126663208,0.8849186301231384,0.6118066906929016,0.3862220048904419,0.0,0.3997427523136139,0.6120365262031555,0.9399594664573669,1.219436526298523,1.5337554216384888,1.7711777687072754,2.472768545150757,2.3779067993164062,2.1211419105529785,2.147541046142578,1.7623133659362793,1.679494857788086,1.7854697704315186,1.5649352073669434,1.25173020362854,1.266650915145874,1.4297595024108887,1.7913886308670044,2.003652572631836,2.2653424739837646,2.525291681289673,3.173900604248047,3.215528726577759,3.037470817565918,2.9818856716156006,2.623061418533325,2.563344955444336,2.5324928760528564,2.517080783843994,2.2336316108703613,2.4589591026306152,2.375598192214966,2.5700032711029053,2.5975568294525146,2.9412384033203125,3.118875741958618,4.141221046447754,4.182470798492432,4.042656898498535,3.8099241256713867,3.559131383895874,3.7474281787872314,3.64471697807312,3.4784438610076904,3.521658420562744,3.2208001613616943,3.426732063293457,3.3075146675109863,3.5000836849212646,3.518648624420166,3.8866586685180664,4.972478866577148,4.873502731323242,4.603855133056641,4.67335319519043,4.628106594085693,4.31154203414917,4.2495293617248535,3.897188425064087,4.016223907470703,3.68035626411438,3.803804874420166,3.533205509185791,3.7535104751586914,3.5746212005615234,3.7048847675323486
A10,2.5302441120147705,2.2078747749328613,1.913378357887268,1.639338493347168,1.3998842239379883,1.1440372467041016,0.8678625226020813,0.5811560750007629,0.3997427523136139,0.0,0.39371350407600403,0.5937821865081787,0.9350723028182983,1.1967352628707886,1.4539722204208374,2.452235460281372,2.33734393119812,2.0339910984039307,2.0742595195770264,1.6941500902175903,1.5443644523620605,1.5983673334121704,1.3242350816726685,0.9849967360496521,0.9446144700050354,1.0542784929275513,1.410972237586975,1.6155996322631836,1.8697280883789062,2.128525495529175,3.013308048248291,3.064751148223877,2.9110851287841797,2.845226526260376,2.493995428085327,2.380858898162842,2.368246078491211,2.300532341003418,2.0184743404388428,2.223191022872925,2.099492073059082,2.2548987865448,2.270444631576538,2.598121166229248,2.754669427871704,3.941110134124756,4.004225254058838,3.8865787982940674,3.6645755767822266,3.391869306564331,3.564044952392578,3.489464282989502,3.2951200008392334,3.353703260421753,3.0554637908935547,3.2444562911987305,3.090233325958252,3.2883148193359375,3.2727177143096924,3.6254701614379883,4.844975471496582,4.775153636932373,4.517635345458984,4.616724014282227,4.588080883026123,4.27839469909668,4.250059604644775,3.9092705249786377,4.060791015625,3.739429235458374,3.8835716247558594,3.6234304904937744,3.8636345863342285,3.699108362197876,3.818187713623047
A11,2.8767216205596924,2.5540502071380615,2.2606492042541504,1.9969518184661865,1.7275745868682861,1.4688606262207031,1.1945995092391968,0.909833550453186,0.6120365262031555,0.39371350407600403,0.0,0.40914690494537354,0.6461251974105835,0.9813798666000366,1.2716307640075684,2.7508609294891357,2.665919780731201,2.362759828567505,2.4339406490325928,2.061023712158203,1.8801368474960327,1.932114839553833,1.6340842247009277,1.2804709672927856,1.2005715370178223,1.2016544342041016,1.5240402221679688,1.6780847311019897,1.8977668285369873,2.1233160495758057,3.3474996089935303,3.4106173515319824,3.2702324390411377,3.1985952854156494,2.850031852722168,2.7107672691345215,2.6937637329101562,2.5901825428009033,2.2956790924072266,2.4582877159118652,2.285984754562378,2.411098003387451,2.3684935569763184,2.6712265014648438,2.813459873199463,4.251520156860352,4.3225908279418945,4.213330268859863,3.98872709274292,3.698988199234009,3.849229574203491,3.776888370513916,3.5569357872009277,3.5998072624206543,3.286496877670288,3.4412853717803955,3.259169816970825,3.425842046737671,3.3812451362609863,3.721562623977661,5.141312122344971,5.081506729125977,4.8382697105407715,4.9387617111206055,4.92729377746582,4.6258745193481445,4.597238063812256,4.256025791168213,4.404346942901611,4.078728199005127,4.206704616546631,3.9331796169281006,4.1566925048828125,3.971256732940674,4.063045978546143
A12,3.091161012649536,2.7819647789001465,2.4719598293304443,2.211778402328491,1.9868477582931519,1.7096079587936401,1.4594008922576904,1.1404839754104614,0.9399594664573669,0.5937821865081787,0.40914690494537354,0.0,0.38981667160987854,0.6128407716751099,0.9178102612495422,2.7001776695251465,2.61122989654541,2.281262159347534,2.37920880317688,2.0306386947631836,1.790895700454712,1.8101086616516113,1.4849860668182373,1.13529634475708,1.0305936336517334,0.9188992977142334,1.2112330198287964,1.3113313913345337,1.5320543050765991,1.7312746047973633,3.1991653442382812,3.2835354804992676,3.1769070625305176,3.1114108562469482,2.7846028804779053,2.601273775100708,2.619157552719116,2.4713432788848877,2.200338125228882,2.345974922180176,2.138368844985962,2.2028162479400635,2.154690980911255,2.4244329929351807,2.5237960815429688,4.09238338470459,4.192716121673584,4.111465930938721,3.908562660217285,3.607422351837158,3.7474403381347656,3.7118399143218994,3.4729995727539062,3.541034698486328,3.2424545288085938,3.384674549102783,3.169968843460083,3.3480095863342285,3.265523910522461,3.5821008682250977,5.088644981384277,5.058277606964111,4.822901725769043,4.9543633460998535,4.9501953125,4.65310525894165,4.658999443054199,4.332259178161621,4.510909080505371,4.203109264373779,4.356144905090332,4.099707126617432,4.344799041748047,4.1800856590271,4.27245569229126
A13,3.4037575721740723,3.105620861053467,2.7836248874664307,2.5464248657226562,2.30531644821167,2.008819818496704,1.782482624053955,1.4442604780197144,1.219436526298523,0.9350723028182983,0.6461251974105835,0.38981667160987854,0.0,0.39638710021972656,0.6784896850585938,2.9027791023254395,2.8546440601348877,2.537367343902588,2.677307605743408,2.343554973602295,2.079103469848633,2.1214048862457275,1.800303339958191,1.4532217979431152,1.3716187477111816,1.1934611797332764,1.4350833892822266,1.4441872835159302,1.6423331499099731,1.7688981294631958,3.4837772846221924,3.5932133197784424,3.507622480392456,3.4561235904693604,3.1412672996520996,2.9452784061431885,2.9793646335601807,2.813750982284546,2.55159854888916,2.678241729736328,2.443943500518799,2.4696381092071533,2.3887364864349365,2.6201210021972656,2.6832144260406494,4.403833389282227,4.521488189697266,4.45446252822876,4.261466026306152,3.955496311187744,4.086878299713135,4.063836097717285,3.812720775604248,3.8812670707702637,3.5816643238067627,3.7041003704071045,3.4688098430633545,3.6301229000091553,3.520357131958008,3.8178696632385254,5.442502021789551,5.422723293304443,5.192908763885498,5.330995082855225,5.330941200256348,5.035506725311279,5.046170711517334,4.720818996429443,4.900508880615234,4.592273712158203,4.7423248291015625,4.48215913772583,4.721332550048828,4.548145771026611,4.630986213684082
A14,3.6259851455688477,3.3370797634124756,3.0092132091522217,2.7711050510406494,2.5655224323272705,2.2666051387786865,2.0499722957611084,1.7069543600082397,1.5337554216384888,1.1967352628707886,0.9813798666000366,0.6128407716751099,0.39638710021972656,0.0,0.38788092136383057,2.928844451904297,2.8725860118865967,2.53773832321167,2.6916918754577637,2.388849973678589,2.087318181991577,2.0924441814422607,1.7649614810943604,1.4549691677093506,1.3554270267486572,1.0866198539733887,1.2450321912765503,1.1697348356246948,1.3434410095214844,1.4176219701766968,3.3868932723999023,3.511091709136963,3.456876516342163,3.4081084728240967,3.118260383605957,2.8859357833862305,2.9471521377563477,2.7443089485168457,2.5101680755615234,2.613985776901245,2.353567361831665,2.318549633026123,2.23108172416687,2.418121814727783,2.432772636413574,4.270359516143799,4.412891864776611,4.372175693511963,4.199970245361328,3.8862721920013428,4.004327774047852,4.014311790466309,3.7483458518981934,3.837210178375244,3.5548744201660156,3.662696599960327,3.4012722969055176,3.5692100524902344,3.425713300704956,3.6954329013824463,5.39022970199585,5.397770404815674,5.1780853271484375,5.342711448669434,5.350979328155518,5.062640190124512,5.103594779968262,4.7933735847473145,4.998133659362793,4.707242965698242,4.87682580947876,4.632205963134766,4.888040065765381,4.732992172241211,4.814968109130859
A15,3.7560296058654785,3.494753360748291,3.147256374359131,2.9449493885040283,2.7556591033935547,2.4316039085388184,2.2648813724517822,1.8967031240463257,1.7711777687072754,1.4539722204208374,1.2716307640075684,0.9178102612495422,0.6784896850585938,0.38788092136383057,0.0,2.845742702484131,2.829615354537964,2.514171838760376,2.718371868133545,2.449143886566162,2.120993137359619,2.1611297130584717,1.8621244430541992,1.5723788738250732,1.5428252220153809,1.257405161857605,1.3938380479812622,1.221254587173462,1.4287925958633423,1.4117977619171143,3.3866944313049316,3.5500545501708984,3.5284252166748047,3.5165328979492188,3.253627061843872,3.020974636077881,3.1264190673828125,2.926935911178589,2.7288074493408203,2.849891424179077,2.5979835987091064,2.527879238128662,2.466224431991577,2.622760772705078,2.5880966186523438,4.355156898498535,4.526298522949219,4.507155418395996,4.362545967102051,4.0615715980529785,4.191941261291504,4.229090690612793,3.972036123275757,4.087648868560791,3.8249266147613525,3.9423935413360596,3.67697811126709,3.8617546558380127,3.706505537033081,3.960264205932617,5.597548961639404,5.615826606750488,5.388270854949951,5.568490505218506,5.5621466636657715,5.267403602600098,5.323923587799072,5.020768165588379,5.236247539520264,4.954439163208008,5.142643451690674,4.911551475524902,5.180373191833496,5.039370059967041,5.1384735107421875
B1,2.1164093017578125,2.1605429649353027,1.872307538986206,2.0089659690856934,2.164686441421509,1.9786309003829956,2.2360408306121826,2.1202826499938965,2.472768545150757,2.452235460281372,2.7508609294891357,2.7001776695251465,2.9027791023254395,2.928844451904297,2.845742702484131,0.0,0.398637592792511,0.6964395642280579,0.9857291579246521,1.1491283178329468,1.1793431043624878,1.5036194324493408,1.7411839962005615,1.8352792263031006,2.1929359436035156,2.3618640899658203,2.577240467071533,2.6028847694396973,2.9718997478485107,3.079291343688965,1.7873024940490723,2.0467729568481445,2.0596001148223877,2.333375930786133,2.2559585571289062,2.3430211544036865,2.6148335933685303,2.7502574920654297,2.7934322357177734,3.150390386581421,3.237499237060547,3.30242919921875,3.5707883834838867,3.818253517150879,3.837406873703003,3.3866758346557617,3.553051471710205,3.5201635360717773,3.503678321838379,3.444186210632324,3.762718677520752,3.8262062072753906,3.825087070465088,4.065194606781006,3.9672021865844727,4.288322448730469,4.231499671936035,4.575229167938232,4.602899551391602,4.902191638946533,4.919620513916016,4.855654716491699,4.509021282196045,4.666524410247803,4.466438293457031,4.112707138061523,4.170433044433594,3.9231503009796143,4.119067668914795,3.9242281913757324,4.219526290893555,4.140751361846924,4.473999977111816,4.495471477508545,4.788415908813477
B2,1.9889719486236572,2.0029988288879395,1.7368860244750977,1.8272638320922852,2.0199551582336426,1.869615077972412,2.0960206985473633,2.0154082775115967,2.3779067993164062,2.33734393119812,2.665919780731201,2.61122989654541,2.8546440601348877,2.8725860118865967,2.829615354537964,0.398637592792511,0.0,0.39564257860183716,0.6025956869125366,0.8350322246551514,0.9259936213493347,1.2007187604904175,1.4829769134521484,1.6368558406829834,1.9750721454620361,2.1762256622314453,2.3705978393554688,2.4360544681549072,2.7860288619995117,2.926119565963745,1.4532291889190674,1.6823900938034058,1.6729868650436401,1.9379218816757202,1.8594446182250977,1.9585089683532715,2.230290174484253,2.3816170692443848,2.441657543182373,2.8019189834594727,2.9138646125793457,2.9913551807403564,3.278413772583008,3.531006336212158,3.5668225288391113,3.020827531814575,3.1738314628601074,3.131716012954712,3.1076245307922363,3.0483927726745605,3.369189977645874,3.4304697513580322,3.436709403991699,3.6795132160186768,3.5919034481048584,3.918428659439087,3.8738741874694824,4.223198413848877,4.26259183883667,4.561120986938477,4.522664546966553,4.459584712982178,4.114748477935791,4.2761549949646,4.082492351531982,3.7303972244262695,3.7965660095214844,3.551743984222412,3.760279655456543,3.5715129375457764,3.8755881786346436,3.8040261268615723,4.146678447723389,4.1795525550842285,4.470488548278809
B3,2.069837808609009,2.0092976093292236,1.7223225831985474,1.7281583547592163,1.8905457258224487,1.7177437543869019,1.8832136392593384,1.776039481163025,2.1211419105529785,2.0339910984039307,2.362759828567505,2.281262159347534,2.537367343902588,2.53773832321167,2.514171838760376,0.6964395642280579,0.39564257860183716,0.0,0.39950138330459595,0.5464779138565063,0.5490201115608215,0.8181028962135315,1.0924330949783325,1.2620962858200073,1.593634009361267,1.790373682975769,1.9770147800445557,2.0534143447875977,2.3993964195251465,2.553899049758911,1.362290859222412,1.5743390321731567,1.5512921810150146,1.763885498046875,1.6399718523025513,1.681348443031311,1.9514167308807373,2.062626600265503,2.103302478790283,2.4567086696624756,2.5458030700683594,2.6149826049804688,2.893170118331909,3.1465141773223877,3.1845052242279053,2.862887144088745,3.0187690258026123,2.976694107055664,2.9289181232452393,2.826408624649048,3.1296191215515137,3.191608190536499,3.162626266479492,3.399991035461426,3.2941150665283203,3.606701135635376,3.5396904945373535,3.8841352462768555,3.907977342605591,4.205969333648682,4.350791931152344,4.302164077758789,3.9713354110717773,4.143828392028809,3.9814605712890625,3.634567975997925,3.708991527557373,3.4529647827148438,3.677272081375122,3.474977731704712,3.7736570835113525,3.6813409328460693,4.026812553405762,4.042928218841553,4.310389041900635
B4,1.8930906057357788,1.8216675519943237,1.5865848064422607,1.5641069412231445,1.7804219722747803,1.6787641048431396,1.826583981513977,1.7940864562988281,2.147541046142578,2.0742595195770264,2.4339406490325928,2.37920880317688,2.677307605743408,2.6916918754577637,2.718371868133545,0.9857291579246521,0.6025956869125366,0.39950138330459595,0.0,0.3894916772842407,0.6047132015228271,0.7336999773979187,1.064252495765686,1.2971222400665283,1.58039391040802,1.8323639631271362,2.0009593963623047,2.1401045322418213,2.4534318447113037,2.6520845890045166,1.1862105131149292,1.315425157546997,1.2286744117736816,1.422129511833191,1.2859681844711304,1.3832926750183105,1.6341747045516968,1.7982757091522217,1.8573893308639526,2.222588062286377,2.361538887023926,2.468573570251465,2.7701644897460938,3.039324998855591,3.111652135848999,2.5931994915008545,2.7138431072235107,2.6453561782836914,2.581239700317383,2.493025302886963,2.807907819747925,2.8516550064086914,2.848330497741699,3.082427740097046,2.990283727645874,3.3191518783569336,3.284238576889038,3.6346874237060547,3.688589572906494,3.9930214881896973,3.9903860092163086,3.927701234817505,3.591632604598999,3.7547333240509033,3.5885775089263916,3.2398369312286377,3.309885025024414,3.054260015487671,3.280463695526123,3.0840604305267334,3.3893611431121826,3.3089816570281982,3.660614252090454,3.6930477619171143,3.9674148559570312
B5,1.7913572788238525,1.6500144004821777,1.3790080547332764,1.2930551767349243,1.4623949527740479,1.3362246751785278,1.4528300762176514,1.4129422903060913,1.7623133659362793,1.6941500902175903,2.061023712158203,2.0306386947631836,2.343554973602295,2.388849973678589,2.449143886566162,1.1491283178329468,0.8350322246551514,0.5464779138565063,0.3894916772842407,0.0,0.3677634298801422,0.5531020164489746,0.8100433349609375,0.9820712208747864,1.2686843872070312,1.5498178005218506,1.7661079168319702,1.9393564462661743,2.2609503269195557,2.4875881671905518,1.4947750568389893,1.5845680236816406,1.4548550844192505,1.5630370378494263,1.3353408575057983,1.3916581869125366,1.5811256170272827,1.7155606746673584,1.6975339651107788,2.0646071434020996,2.172921657562256,2.3073782920837402,2.5761985778808594,2.871990442276001,2.9702541828155518,2.776067018508911,2.8749799728393555,2.7841672897338867,2.6721644401550293,2.538642168045044,2.8336551189422607,2.8434770107269287,2.8038218021392822,3.0050625801086426,2.867642402648926,3.1849753856658936,3.13490629196167,3.4675397872924805,3.518704414367676,3.8422298431396484,4.052809715270996,3.9811298847198486,3.6544551849365234,3.8000569343566895,3.6596245765686035,3.3116679191589355,3.353853940963745,3.0695128440856934,3.280039072036743,3.047935724258423,3.3251025676727295,3.204547166824341,3.542135000228882,3.5375308990478516,3.7920408248901367
B6,2.1045987606048584,1.9438374042510986,1.6399163007736206,1.5282135009765625,1.6265394687652588,1.4306637048721313,1.4990509748458862,1.3660181760787964,1.679494857788086,1.5443644523620605,1.8801368474960327,1.790895700454712,2.079103469848633,2.087318181991577,2.120993137359619,1.1793431043624878,0.9259936213493347,0.5490201115608215,0.6047132015228271,0.3677634298801422,0.0,0.39013350009918213,0.5747916102409363,0.7245157957077026,1.05023992061615,1.2749922275543213,1.4907982349395752,1.6210541725158691,1.963224172592163,2.1650874614715576,1.561931848526001,1.6999132633209229,1.6219700574874878,1.720780611038208,1.4980448484420776,1.4623863697052002,1.6759968996047974,1.7299673557281494,1.6965595483779907,2.040703773498535,2.089961528778076,2.1768009662628174,2.424119710922241,2.7009739875793457,2.7675507068634033,2.8524444103240967,2.985445976257324,2.922823905944824,2.819183111190796,2.651510000228882,2.9232304096221924,2.958160161972046,2.876343011856079,3.0827534198760986,2.931278944015503,3.2227301597595215,3.129272222518921,3.4556829929351807,3.4677963256835938,3.7794270515441895,4.210742950439453,4.165834426879883,3.8548996448516846,4.021716117858887,3.9036366939544678,3.5646414756774902,3.6259477138519287,3.3447582721710205,3.5697884559631348,3.336430788040161,3.6094865798950195,3.476128578186035,3.811797618865967,3.791386365890503,4.0232720375061035
B7,2.288935422897339,2.1002798080444336,1.8371442556381226,1.6655464172363281,1.7745193243026733,1.6218024492263794,1.615767240524292,1.5117710828781128,1.7854697704315186,1.5983673334121704,1.932114839553833,1.8101086616516113,2.1214048862457275,2.0924441814422607,2.1611297130584717,1.5036194324493408,1.2007187604904175,0.8181028962135315,0.7336999773979187,0.5531020164489746,0.39013350009918213,0.0,0.3535200357437134,0.6748209595680237,0.8962243795394897,1.1317061185836792,1.2744152545928955,1.4485706090927124,1.7447096109390259,1.9777368307113647,1.416591763496399,1.5026215314865112,1.4149856567382812,1.4524331092834473,1.2137776613235474,1.1148167848587036,1.3331339359283447,1.3533774614334106,1.337964653968811,1.6760960817337036,1.7351421117782593,1.8151652812957764,2.0855391025543213,2.3578546047210693,2.432575225830078,2.5443689823150635,2.673795461654663,2.614422082901001,2.5013327598571777,2.308337926864624,2.564976692199707,2.6109683513641357,2.5119590759277344,2.72598934173584,2.5822741985321045,2.867479085922241,2.7671701908111572,3.1010401248931885,3.108668565750122,3.411792278289795,3.884979724884033,3.857788324356079,3.5613834857940674,3.745231866836548,3.651094913482666,3.324378728866577,3.40812611579895,3.136253595352173,3.3846628665924072,3.1629295349121094,3.442291498184204,3.314431667327881,3.658651351928711,3.6472511291503906,3.8623881340026855
B8,2.4469873905181885,2.216076374053955,1.9378035068511963,1.7191379070281982,1.7593094110488892,1.5756831169128418,1.4982240200042725,1.3478014469146729,1.5649352073669434,1.3242350816726685,1.6340842247009277,1.4849860668182373,1.800303339958191,1.7649614810943604,1.8621244430541992,1.7411839962005615,1.4829769134521484,1.0924330949783325,1.064252495765686,0.8100433349609375,0.5747916102409363,0.3535200357437134,0.0,0.36639901995658875,0.5499716401100159,0.7824081778526306,0.9575988054275513,1.1603155136108398,1.4619375467300415,1.7174148559570312,1.7257546186447144,1.8005200624465942,1.7099010944366455,1.6945035457611084,1.4214731454849243,1.2603424787521362,1.4192798137664795,1.3626015186309814,1.2691669464111328,1.5733715295791626,1.5635732412338257,1.6362086534500122,1.8601934909820557,2.1427884101867676,2.224644899368286,2.733145236968994,2.8577585220336914,2.796452760696411,2.6569581031799316,2.4214718341827393,2.643451452255249,2.676027536392212,2.5298006534576416,2.7164337635040283,2.534135341644287,2.7893781661987305,2.6537375450134277,2.965759754180908,2.9488723278045654,3.257169485092163,3.9984078407287598,3.978729724884033,3.700899600982666,3.8811089992523193,3.8168632984161377,3.5000319480895996,3.574415683746338,3.2906274795532227,3.5332248210906982,3.292818784713745,3.548265218734741,3.390949249267578,3.7207155227661133,3.678426504135132,3.8641319274902344
B9,2.468148708343506,2.2125422954559326,1.9069476127624512,1.6748632192611694,1.6395572423934937,1.406760811805725,1.2927662134170532,1.0752571821212769,1.25173020362854,0.9849967360496521,1.2804709672927856,1.13529634475708,1.4532217979431152,1.4549691677093506,1.5723788738250732,1.8352792263031006,1.6368558406829834,1.2620962858200073,1.2971222400665283,0.9820712208747864,0.7245157957077026,0.6748209595680237,0.36639901995658875,0.0,0.3661463260650635,0.5922876596450806,0.8929531574249268,1.0894521474838257,1.4190547466278076,1.672755241394043,2.07515287399292,2.16085147857666,2.06247615814209,2.0417208671569824,1.7469898462295532,1.5931276082992554,1.7058024406433105,1.6316043138504028,1.4713548421859741,1.746694803237915,1.6820075511932373,1.7634329795837402,1.9217077493667603,2.2160656452178955,2.3057968616485596,3.088365077972412,3.2052252292633057,3.1347432136535645,2.976304292678833,2.726152181625366,2.932631254196167,2.9415125846862793,2.7737574577331543,2.9285213947296143,2.709775447845459,2.944326877593994,2.7907497882843018,3.074171781539917,3.0455071926116943,3.3648338317871094,4.285205841064453,4.25648832321167,3.983841896057129,4.1466593742370605,4.091765880584717,3.774754047393799,3.8242204189300537,3.5232460498809814,3.74434494972229,3.4798576831817627,3.7090349197387695,3.522298574447632,3.832179307937622,3.7563436031341553,3.9262304306030273
B10,2.671280860900879,2.383161783218384,2.1070315837860107,1.8252167701721191,1.7654657363891602,1.567740797996521,1.3693193197250366,1.180550217628479,1.266650915145874,0.9446144700050354,1.2005715370178223,1.0305936336517334,1.3716187477111816,1.3554270267486572,1.5428252220153809,2.1929359436035156,1.9750721454620361,1.593634009361267,1.58039391040802,1.2686843872070312,1.05023992061615,0.8962243795394897,0.5499716401100159,0.3661463260650635,0.0,0.36864447593688965,0.6529656052589417,0.945821225643158,1.2073403596878052,1.5140384435653687,2.2439324855804443,2.286912202835083,2.1742374897003174,2.091235399246216,1.776532769203186,1.5750235319137573,1.6274642944335938,1.4928354024887085,1.277727723121643,1.5017220973968506,1.3874727487564087,1.4760234355926514,1.595945954322815,1.9044924974441528,2.0225815773010254,3.0719411373138428,3.17179012298584,3.0952701568603516,2.9111645221710205,2.6261022090911865,2.79606556892395,2.7920570373535156,2.587080955505371,2.7159345149993896,2.472879648208618,2.6781933307647705,2.501194953918457,2.765681505203247,2.7231462001800537,3.0446157455444336,4.159495830535889,4.140599250793457,3.8906307220458984,4.053378582000732,4.031850814819336,3.731422185897827,3.781642198562622,3.480114459991455,3.704289197921753,3.4360203742980957,3.6476759910583496,3.4459078311920166,3.7457425594329834,3.6546554565429688,3.7925190925598145
B11,3.013348340988159,2.729851007461548,2.4389870166778564,2.168041229248047,2.084346294403076,1.8563895225524902,1.6511670351028442,1.407938838005066,1.4297595024108887,1.0542784929275513,1.2016544342041016,0.9188992977142334,1.1934611797332764,1.0866198539733887,1.257405161857605,2.3618640899658203,2.1762256622314453,1.790373682975769,1.8323639631271362,1.5498178005218506,1.2749922275543213,1.1317061185836792,0.7824081778526306,0.5922876596450806,0.36864447593688965,0.0,0.38075700402259827,0.6160427331924438,0.8926101326942444,1.1783815622329712,2.409928321838379,2.4821083545684814,2.408475160598755,2.3319804668426514,2.044978618621826,1.7999778985977173,1.8737001419067383,1.6804529428482056,1.4804834127426147,1.643215537071228,1.456202745437622,1.4597386121749878,1.5253819227218628,1.7870795726776123,1.8551095724105835,3.212641477584839,3.3401741981506348,3.2911977767944336,3.1231675148010254,2.8217246532440186,2.965386390686035,2.9885294437408447,2.753157138824463,2.8849942684173584,2.6420068740844727,2.809861660003662,2.5896809101104736,2.8363051414489746,2.745020866394043,3.0396902561187744,4.3584394454956055,4.365413665771484,4.132099628448486,4.3131303787231445,4.30760383605957,4.017545700073242,4.086015224456787,3.7941176891326904,4.029256343841553,3.768084764480591,3.9789204597473145,3.776106595993042,4.072713375091553,3.975754976272583,4.095322132110596
B12,3.306565284729004,3.026907444000244,2.752342939376831,2.474850654602051,2.4161579608917236,2.209625720977783,1.998633861541748,1.778098464012146,1.7913886308670044,1.410972237586975,1.5240402221679688,1.2112330198287964,1.4350833892822266,1.2450321912765503,1.3938380479812622,2.577240467071533,2.3705978393554688,1.9770147800445557,2.0009593963623047,1.7661079168319702,1.4907982349395752,1.2744152545928955,0.9575988054275513,0.8929531574249268,0.6529656052589417,0.38075700402259827,0.0,0.3849664032459259,0.5569350123405457,0.886541485786438,2.3903396129608154,2.4515600204467773,2.4049413204193115,2.304804563522339,2.0493063926696777,1.751402735710144,1.8312114477157593,1.5740379095077515,1.407157063484192,1.5054787397384644,1.274240493774414,1.190704345703125,1.248232364654541,1.464054822921753,1.4947924613952637,3.0482559204101562,3.1912667751312256,3.1670267581939697,3.0124902725219727,2.693591833114624,2.8054211139678955,2.859963893890381,2.5987319946289062,2.7422759532928467,2.5170795917510986,2.6555190086364746,2.4040870666503906,2.650573492050171,2.52278470993042,2.786600112915039,4.2182512283325195,4.256326675415039,4.044660568237305,4.2505106925964355,4.26662540435791,3.994544506072998,4.0932769775390625,3.8219523429870605,4.079540729522705,3.8398330211639404,4.059342384338379,3.870889663696289,4.173999786376953,4.091283798217773,4.195937633514404
B13,3.552959442138672,3.292369842529297,2.994922161102295,2.745534658432007,2.682291030883789,2.4418764114379883,2.2587099075317383,1.993761420249939,2.003652572631836,1.6155996322631836,1.6780847311019897,1.3113313913345337,1.4441872835159302,1.1697348356246948,1.221254587173462,2.6028847694396973,2.4360544681549072,2.0534143447875977,2.1401045322418213,1.9393564462661743,1.6210541725158691,1.4485706090927124,1.1603155136108398,1.0894521474838257,0.945821225643158,0.6160427331924438,0.3849664032459259,0.0,0.39539095759391785,0.5840079188346863,2.475381851196289,2.585163116455078,2.5845134258270264,2.523066282272339,2.304804563522339,1.9996798038482666,2.1279327869415283,1.8652005195617676,1.74356210231781,1.8322935104370117,1.5926979780197144,1.4402066469192505,1.4786559343338013,1.6152503490447998,1.556253433227539,3.1960976123809814,3.3764870166778564,3.383859872817993,3.26202654838562,2.9521114826202393,3.0616323947906494,3.149749517440796,2.8879547119140625,3.0507922172546387,2.844757556915283,2.9698822498321533,2.7008371353149414,2.942253828048706,2.7822773456573486,3.0123653411865234,4.487015724182129,4.544638633728027,4.335554599761963,4.5593085289001465,4.570371627807617,4.298844337463379,4.415257453918457,4.153713226318359,4.420838356018066,4.190184116363525,4.420695781707764,4.240509510040283,4.548837184906006,4.471225261688232,4.579779624938965
