0.000000000000000000e+00,3.831871747970581055e-01,5.916374921798706055e-01,8.645175099372863770e-01,1.019918084144592285e+00,1.128630638122558594e+00,1.474671006202697754e+00,1.661856770515441895e+00,1.946688175201416016e+00,2.234302520751953125e+00,2.523574829101562500e+00,2.800425767898559570e+00,3.080698013305664062e+00,3.046167135238647461e+00,3.358518362045288086e+00,1.760985612869262695e+00,1.656837224960327148e+00,1.650474667549133301e+00,1.712500095367431641e+00,1.630407094955444336e+00,1.652027845382690430e+00,1.898505091667175293e+00,2.023752927780151367e+00,2.297799825668334961e+00,2.471192359924316406e+00,2.814576387405395508e+00,2.913742303848266602e+00,3.284634113311767578e+00,3.239577770233154297e+00,3.550296545028686523e+00,2.443423032760620117e+00,2.376854419708251953e+00,2.353396892547607422e+00,2.407101631164550781e+00,2.322391748428344727e+00,2.276690244674682617e+00,2.453568458557128906e+00,2.519518375396728516e+00,2.736424684524536133e+00,2.868902683258056641e+00,3.171168804168701172e+00,3.234354734420776367e+00,3.579686880111694336e+00,3.541622877120971680e+00,3.843789339065551758e+00,3.088520050048828125e+00,3.028734683990478516e+00,2.999565839767456055e+00,3.042215347290039062e+00,2.954731702804565430e+00,2.875899076461791992e+00,3.020760297775268555e+00,3.028736352920532227e+00,3.200016975402832031e+00,3.294193267822265625e+00,3.558538913726806641e+00,3.605992555618286133e+00,3.939127922058105469e+00,3.902499914169311523e+00,4.190816879272460938e+00,3.741512775421142578e+00,3.708811044692993164e+00,3.715631246566772461e+00,3.768613100051879883e+00,3.655231237411499023e+00,3.590039014816284180e+00,3.756933927536010742e+00,3.706561565399169922e+00,3.899760961532592773e+00,3.853325605392456055e+00,4.140334606170654297e+00,4.104557991027832031e+00,4.443384170532226562e+00,4.355960369110107422e+00,4.633889675140380859e+00
3.831871747970581055e-01,0.000000000000000000e+00,3.936478495597839355e-01,5.194358229637145996e-01,7.400088906288146973e-01,9.348940849304199219e-01,1.238246917724609375e+00,1.486898422241210938e+00,1.774352788925170898e+00,2.043651342391967773e+00,2.359617710113525391e+00,2.652423858642578125e+00,2.944564104080200195e+00,2.949179410934448242e+00,3.267358541488647461e+00,1.696102738380432129e+00,1.540614962577819824e+00,1.463572859764099121e+00,1.476478457450866699e+00,1.337650775909423828e+00,1.373823881149291992e+00,1.580753684043884277e+00,1.739769220352172852e+00,2.000741481781005859e+00,2.213721036911010742e+00,2.557542800903320312e+00,2.696244239807128906e+00,3.078915357589721680e+00,3.069850683212280273e+00,3.400280714035034180e+00,2.330577611923217773e+00,2.235018014907836914e+00,2.157243728637695312e+00,2.183340311050415039e+00,2.054031133651733398e+00,2.003364324569702148e+00,2.142540931701660156e+00,2.218535423278808594e+00,2.417983293533325195e+00,2.579200029373168945e+00,2.882624626159667969e+00,2.978017330169677734e+00,3.335937261581420898e+00,3.330521106719970703e+00,3.653482198715209961e+00,2.958658933639526367e+00,2.879781484603881836e+00,2.806107282638549805e+00,2.829411983489990234e+00,2.703920602798461914e+00,2.614413499832153320e+00,2.724936008453369141e+00,2.730206727981567383e+00,2.880623340606689453e+00,2.992440462112426758e+00,3.253935813903808594e+00,3.326256275177001953e+00,3.669548749923706055e+00,3.662391424179077148e+00,3.970232486724853516e+00,3.607037305831909180e+00,3.559199810028076172e+00,3.528877973556518555e+00,3.566362857818603516e+00,3.421256780624389648e+00,3.343918323516845703e+00,3.481505632400512695e+00,3.422442436218261719e+00,3.594825267791748047e+00,3.553115367889404297e+00,3.835043430328369141e+00,3.812741041183471680e+00,4.159635066986083984e+00,4.097168445587158203e+00,4.391536712646484375e+00
5.916374921798706055e-01,3.936478495597839355e-01,0.000000000000000000e+00,3.841065764427185059e-01,5.325794219970703125e-01,5.935747027397155762e-01,9.374094009399414062e-01,1.132131934165954590e+00,1.448831915855407715e+00,1.696475267410278320e+00,2.011468172073364258e+00,2.288928747177124023e+00,2.567968606948852539e+00,2.562379837036132812e+00,2.876186370849609375e+00,1.464580893516540527e+00,1.366986274719238281e+00,1.242767214775085449e+00,1.336503982543945312e+00,1.175716400146484375e+00,1.118066191673278809e+00,1.343581438064575195e+00,1.438701152801513672e+00,1.709212899208068848e+00,1.880898475646972656e+00,2.225568056106567383e+00,2.337400197982788086e+00,2.714876651763916016e+00,2.689607381820678711e+00,3.014670133590698242e+00,2.119459867477416992e+00,2.072432279586791992e+00,1.975136280059814453e+00,2.059573173522949219e+00,1.918679833412170410e+00,1.805632352828979492e+00,1.952151060104370117e+00,1.972455739974975586e+00,2.171182870864868164e+00,2.287690877914428711e+00,2.582440137863159180e+00,2.645974874496459961e+00,2.993597030639648438e+00,2.969275236129760742e+00,3.283346414566040039e+00,2.756257772445678711e+00,2.717655181884765625e+00,2.636171817779541016e+00,2.706238985061645508e+00,2.574904203414916992e+00,2.440496444702148438e+00,2.556169748306274414e+00,2.517664432525634766e+00,2.666146039962768555e+00,2.734805583953857422e+00,2.984268665313720703e+00,3.023117303848266602e+00,3.353015422821044922e+00,3.325147390365600586e+00,3.620561122894287109e+00,3.407951593399047852e+00,3.394468069076538086e+00,3.359025955200195312e+00,3.433443069458007812e+00,3.286565303802490234e+00,3.174012660980224609e+00,3.318661689758300781e+00,3.226246356964111328e+00,3.398934125900268555e+00,3.322006464004516602e+00,3.591295242309570312e+00,3.538733005523681641e+00,3.871152877807617188e+00,3.786079645156860352e+00,4.065266609191894531e+00
8.645175099372863770e-01,5.194358229637145996e-01,3.841065764427185059e-01,0.000000000000000000e+00,3.674304187297821045e-01,6.063815951347351074e-01,8.205576539039611816e-01,1.113887310028076172e+00,1.405187368392944336e+00,1.629217863082885742e+00,1.969762921333312988e+00,2.267696857452392578e+00,2.562849044799804688e+00,2.608967542648315430e+00,2.928089857101440430e+00,1.582876443862915039e+00,1.422285914421081543e+00,1.221884489059448242e+00,1.231105685234069824e+00,9.865990877151489258e-01,9.558857679367065430e-01,1.098217964172363281e+00,1.251343011856079102e+00,1.491109848022460938e+00,1.728197813034057617e+00,2.067312955856323242e+00,2.236085653305053711e+00,2.625287771224975586e+00,2.651128053665161133e+00,2.998773574829101562e+00,2.152436017990112305e+00,2.064039468765258789e+00,1.905417203903198242e+00,1.942784190177917480e+00,1.745267033576965332e+00,1.633359789848327637e+00,1.717741012573242188e+00,1.756232023239135742e+00,1.923493385314941406e+00,2.086593389511108398e+00,2.379930496215820312e+00,2.491278886795043945e+00,2.853918552398681641e+00,2.876769542694091797e+00,3.216471910476684570e+00,2.754101276397705078e+00,2.686470270156860352e+00,2.554346561431884766e+00,2.591210365295410156e+00,2.414048194885253906e+00,2.273541212081909180e+00,2.339055061340332031e+00,2.301235198974609375e+00,2.417163610458374023e+00,2.514894008636474609e+00,2.758848667144775391e+00,2.835146188735961914e+00,3.178231000900268555e+00,3.193083047866821289e+00,3.513633012771606445e+00,3.391163349151611328e+00,3.353923082351684570e+00,3.276449203491210938e+00,3.324716091156005859e+00,3.140758514404296875e+00,3.019814252853393555e+00,3.124217748641967773e+00,3.025361537933349609e+00,3.168535947799682617e+00,3.102072000503540039e+00,3.364382743835449219e+00,3.332797050476074219e+00,3.676553487777709961e+00,3.627454042434692383e+00,3.928389072418212891e+00
1.019918084144592285e+00,7.400088906288146973e-01,5.325794219970703125e-01,3.674304187297821045e-01,0.000000000000000000e+00,3.741899132728576660e-01,5.264295339584350586e-01,8.541949391365051270e-01,1.093294739723205566e+00,1.363962769508361816e+00,1.685712456703186035e+00,2.003026247024536133e+00,2.324241161346435547e+00,2.391823530197143555e+00,2.732995271682739258e+00,1.785189151763916016e+00,1.680299758911132812e+00,1.446119785308837891e+00,1.504307508468627930e+00,1.223064303398132324e+00,1.093719959259033203e+00,1.165575742721557617e+00,1.224810242652893066e+00,1.396545648574829102e+00,1.612981200218200684e+00,1.919627904891967773e+00,2.069554567337036133e+00,2.448116064071655273e+00,2.489176511764526367e+00,2.844897747039794922e+00,2.366216897964477539e+00,2.316519975662231445e+00,2.135645627975463867e+00,2.205538511276245117e+00,1.981841325759887695e+00,1.813606500625610352e+00,1.855763673782348633e+00,1.823463320732116699e+00,1.933424234390258789e+00,2.055576086044311523e+00,2.304919481277465820e+00,2.389244079589843750e+00,2.729590892791748047e+00,2.761549949645996094e+00,3.100172042846679688e+00,2.965772867202758789e+00,2.929116487503051758e+00,2.781939506530761719e+00,2.845533609390258789e+00,2.648864030838012695e+00,2.467755556106567383e+00,2.504471302032470703e+00,2.413155794143676758e+00,2.486063718795776367e+00,2.539584159851074219e+00,2.740303993225097656e+00,2.785993576049804688e+00,3.104393959045410156e+00,3.122769832611083984e+00,3.434648990631103516e+00,3.598608493804931641e+00,3.587475061416625977e+00,3.496956110000610352e+00,3.567060708999633789e+00,3.369546651840209961e+00,3.215031147003173828e+00,3.302057981491088867e+00,3.162889003753662109e+00,3.278559207916259766e+00,3.171555042266845703e+00,3.400042295455932617e+00,3.334043741226196289e+00,3.657269477844238281e+00,3.601462125778198242e+00,3.887618064880371094e+00
1.128630638122558594e+00,9.348940849304199219e-01,5.935747027397155762e-01,6.063815951347351074e-01,3.741899132728576660e-01,0.000000000000000000e+00,3.807907104492187500e-01,5.525450706481933594e-01,8.568566441535949707e-01,1.114311575889587402e+00,1.426066517829895020e+00,1.718826413154602051e+00,2.021053552627563477e+00,2.055830240249633789e+00,2.392785310745239258e+00,1.623410224914550781e+00,1.595000386238098145e+00,1.359647154808044434e+00,1.508906483650207520e+00,1.257966876029968262e+00,1.039462685585021973e+00,1.153188228607177734e+00,1.108864665031433105e+00,1.298192620277404785e+00,1.430707693099975586e+00,1.738477826118469238e+00,1.830730915069580078e+00,2.198976755142211914e+00,2.199842214584350586e+00,2.541309833526611328e+00,2.225810766220092773e+00,2.233289003372192383e+00,2.064960718154907227e+00,2.198200225830078125e+00,1.995246291160583496e+00,1.779860019683837891e+00,1.853725671768188477e+00,1.762731075286865234e+00,1.884440541267395020e+00,1.937798023223876953e+00,2.176560640335083008e+00,2.204940319061279297e+00,2.526845455169677734e+00,2.517713785171508789e+00,2.835836172103881836e+00,2.832368612289428711e+00,2.840905666351318359e+00,2.710666179656982422e+00,2.824283838272094727e+00,2.646332263946533203e+00,2.435060739517211914e+00,2.498101234436035156e+00,2.370988368988037109e+00,2.457139730453491211e+00,2.457283735275268555e+00,2.648160219192504883e+00,2.644069433212280273e+00,2.942185878753662109e+00,2.920435667037963867e+00,3.208240747451782227e+00,3.464987993240356445e+00,3.491681814193725586e+00,3.415976524353027344e+00,3.525982141494750977e+00,3.345770120620727539e+00,3.168742418289184570e+00,3.279149055480957031e+00,3.117320537567138672e+00,3.246627330780029297e+00,3.106041193008422852e+00,3.325773954391479492e+00,3.223778724670410156e+00,3.527293920516967773e+00,3.434125900268554688e+00,3.695582389831542969e+00
1.474671006202697754e+00,1.238246917724609375e+00,9.374094009399414062e-01,8.205576539039611816e-01,5.264295339584350586e-01,3.807907104492187500e-01,0.000000000000000000e+00,3.913718461990356445e-01,5.971364378929138184e-01,8.399711251258850098e-01,1.167194843292236328e+00,1.487429499626159668e+00,1.815912842750549316e+00,1.915246725082397461e+00,2.263754367828369141e+00,1.846304059028625488e+00,1.810980558395385742e+00,1.517339110374450684e+00,1.640023350715637207e+00,1.333871006965637207e+00,1.074065446853637695e+00,1.058758139610290527e+00,9.565318822860717773e-01,1.042096734046936035e+00,1.194235920906066895e+00,1.462791204452514648e+00,1.585149645805358887e+00,1.951934099197387695e+00,2.008307456970214844e+00,2.371133804321289062e+00,2.372025012969970703e+00,2.378939628601074219e+00,2.157513141632080078e+00,2.282846689224243164e+00,2.031982183456420898e+00,1.778789520263671875e+00,1.776613712310791016e+00,1.636154532432556152e+00,1.683619976043701172e+00,1.726432085037231445e+00,1.922383308410644531e+00,1.961634755134582520e+00,2.274537086486816406e+00,2.308844804763793945e+00,2.643864154815673828e+00,2.936709403991699219e+00,2.948809862136840820e+00,2.774670124053955078e+00,2.886925458908081055e+00,2.668428182601928711e+00,2.423933982849121094e+00,2.431518077850341797e+00,2.261624813079833984e+00,2.290632009506225586e+00,2.269390821456909180e+00,2.418347835540771484e+00,2.413344144821166992e+00,2.698521137237548828e+00,2.709734201431274414e+00,3.007556200027465820e+00,3.545113801956176758e+00,3.575421810150146484e+00,3.461258411407470703e+00,3.570963621139526367e+00,3.358542203903198242e+00,3.150438785552978516e+00,3.220341682434082031e+00,3.023040771484375000e+00,3.110584497451782227e+00,2.944235324859619141e+00,3.129917144775390625e+00,3.014386415481567383e+00,3.306651353836059570e+00,3.232887029647827148e+00,3.496734380722045898e+00
1.661856770515441895e+00,1.486898422241210938e+00,1.132131934165954590e+00,1.113887310028076172e+00,8.541949391365051270e-01,5.525450706481933594e-01,3.913718461990356445e-01,0.000000000000000000e+00,3.807533681392669678e-01,5.741657018661499023e-01,8.803397417068481445e-01,1.167364835739135742e+00,1.476287126541137695e+00,1.541985750198364258e+00,1.891388773918151855e+00,1.793735861778259277e+00,1.836760282516479492e+00,1.554545640945434570e+00,1.753673434257507324e+00,1.490426063537597656e+00,1.171067833900451660e+00,1.189597249031066895e+00,9.726512432098388672e-01,1.051208615303039551e+00,1.068387031555175781e+00,1.314387321472167969e+00,1.348319768905639648e+00,1.693932294845581055e+00,1.702003836631774902e+00,2.048495769500732422e+00,2.314552068710327148e+00,2.381420850753784180e+00,2.175936698913574219e+00,2.360516548156738281e+00,2.135443687438964844e+00,1.843233227729797363e+00,1.869131445884704590e+00,1.667525529861450195e+00,1.718225479125976562e+00,1.672394275665283203e+00,1.840163230895996094e+00,1.803302884101867676e+00,2.082752704620361328e+00,2.067476987838745117e+00,2.374752998352050781e+00,2.870276927947998047e+00,2.930938243865966797e+00,2.774920940399169922e+00,2.936646938323974609e+00,2.739220619201660156e+00,2.467396497726440430e+00,2.498876094818115234e+00,2.291914463043212891e+00,2.329904317855834961e+00,2.245435237884521484e+00,2.373657941818237305e+00,2.306154251098632812e+00,2.558525800704956055e+00,2.522572517395019531e+00,2.787629365921020508e+00,3.467446327209472656e+00,3.538683652877807617e+00,3.439116477966308594e+00,3.589584112167358398e+00,3.395958900451660156e+00,3.165180444717407227e+00,3.256220579147338867e+00,3.034917831420898438e+00,3.132705926895141602e+00,2.929095506668090820e+00,3.098452091217041016e+00,2.940421104431152344e+00,3.203968048095703125e+00,3.087626457214355469e+00,3.318744659423828125e+00
1.946688175201416016e+00,1.774352788925170898e+00,1.448831915855407715e+00,1.405187368392944336e+00,1.093294739723205566e+00,8.568566441535949707e-01,5.971364378929138184e-01,3.807533681392669678e-01,0.000000000000000000e+00,3.934272825717926025e-01,6.149252057075500488e-01,9.511470198631286621e-01,1.310721397399902344e+00,1.440096974372863770e+00,1.812306880950927734e+00,2.162518501281738281e+00,2.210489749908447266e+00,1.916120171546936035e+00,2.100460290908813477e+00,1.814352631568908691e+00,1.492922425270080566e+00,1.439087033271789551e+00,1.191132903099060059e+00,1.148771643638610840e+00,1.138527631759643555e+00,1.284841299057006836e+00,1.296372294425964355e+00,1.599270582199096680e+00,1.652692437171936035e+00,2.001756668090820312e+00,2.656273126602172852e+00,2.729918479919433594e+00,2.505027055740356445e+00,2.685117721557617188e+00,2.437330484390258789e+00,2.129608869552612305e+00,2.104500770568847656e+00,1.867086768150329590e+00,1.843821883201599121e+00,1.767889857292175293e+00,1.861283063888549805e+00,1.802673459053039551e+00,2.035812616348266602e+00,2.051202774047851562e+00,2.351449728012084961e+00,3.186689376831054688e+00,3.256734371185302734e+00,3.081561088562011719e+00,3.244748830795288086e+00,3.026149272918701172e+00,2.735591173171997070e+00,2.728196382522583008e+00,2.487881660461425781e+00,2.472765684127807617e+00,2.357064723968505859e+00,2.426714897155761719e+00,2.336776733398437500e+00,2.549675941467285156e+00,2.534127473831176758e+00,2.786426782608032227e+00,3.763897180557250977e+00,3.845026969909667969e+00,3.726343154907226562e+00,3.880723953247070312e+00,3.669707775115966797e+00,3.417673826217651367e+00,3.479640007019042969e+00,3.229161739349365234e+00,3.289235591888427734e+00,3.056918859481811523e+00,3.183222532272338867e+00,2.999379158020019531e+00,3.234705448150634766e+00,3.125850677490234375e+00,3.340050458908081055e+00
2.234302520751953125e+00,2.043651342391967773e+00,1.696475267410278320e+00,1.629217863082885742e+00,1.363962769508361816e+00,1.114311575889587402e+00,8.399711251258850098e-01,5.741657018661499023e-01,3.934272825717926025e-01,0.000000000000000000e+00,3.650964796543121338e-01,6.635515093803405762e-01,9.997160434722900391e-01,1.172715902328491211e+00,1.525569438934326172e+00,2.154277324676513672e+00,2.222974777221679688e+00,1.906963944435119629e+00,2.102665424346923828e+00,1.827585339546203613e+00,1.477798700332641602e+00,1.382666707038879395e+00,1.062756299972534180e+00,9.556357264518737793e-01,8.418490290641784668e-01,9.300428628921508789e-01,9.068019986152648926e-01,1.206960082054138184e+00,1.277897000312805176e+00,1.638431310653686523e+00,2.558354854583740234e+00,2.655053615570068359e+00,2.407945871353149414e+00,2.609137535095214844e+00,2.357072114944458008e+00,2.017561435699462891e+00,1.969558596611022949e+00,1.678632020950317383e+00,1.621976137161254883e+00,1.480868101119995117e+00,1.532481312751770020e+00,1.434909343719482422e+00,1.649006128311157227e+00,1.663368701934814453e+00,1.965548634529113770e+00,3.034856796264648438e+00,3.127722501754760742e+00,2.934774160385131836e+00,3.120598077774047852e+00,2.894876480102539062e+00,2.576157569885253906e+00,2.553160905838012695e+00,2.274210929870605469e+00,2.238877534866333008e+00,2.074550151824951172e+00,2.113091468811035156e+00,1.987869024276733398e+00,2.178501605987548828e+00,2.153970956802368164e+00,2.399304389953613281e+00,3.576250314712524414e+00,3.676759243011474609e+00,3.540312290191650391e+00,3.713740825653076172e+00,3.497005701065063477e+00,3.217718362808227539e+00,3.268527030944824219e+00,2.989681243896484375e+00,3.035447835922241211e+00,2.772909164428710938e+00,2.874237537384033203e+00,2.664178848266601562e+00,2.878961324691772461e+00,2.758000850677490234e+00,2.960158348083496094e+00
2.523574829101562500e+00,2.359617710113525391e+00,2.011468172073364258e+00,1.969762921333312988e+00,1.685712456703186035e+00,1.426066517829895020e+00,1.167194843292236328e+00,8.803397417068481445e-01,6.149252057075500488e-01,3.650964796543121338e-01,0.000000000000000000e+00,3.558429479598999023e-01,7.367306351661682129e-01,9.551253914833068848e-01,1.318465590476989746e+00,2.437278509140014648e+00,2.538456916809082031e+00,2.234417438507080078e+00,2.448339700698852539e+00,2.184287309646606445e+00,1.829325199127197266e+00,1.732637047767639160e+00,1.396598339080810547e+00,1.253249049186706543e+00,1.075633764266967773e+00,1.050488233566284180e+00,9.238009452819824219e-01,1.116406440734863281e+00,1.181579470634460449e+00,1.508355975151062012e+00,2.828481674194335938e+00,2.953269481658935547e+00,2.713592767715454102e+00,2.933089733123779297e+00,2.688055038452148438e+00,2.338328599929809570e+00,2.284216403961181641e+00,1.968158841133117676e+00,1.880855679512023926e+00,1.688783526420593262e+00,1.668867349624633789e+00,1.507608532905578613e+00,1.638259768486022949e+00,1.636569261550903320e+00,1.893971681594848633e+00,3.283143758773803711e+00,3.402638435363769531e+00,3.215119123458862305e+00,3.420868635177612305e+00,3.199710607528686523e+00,2.868335723876953125e+00,2.839596033096313477e+00,2.536751031875610352e+00,2.479532003402709961e+00,2.272129774093627930e+00,2.259852170944213867e+00,2.085132360458374023e+00,2.214091777801513672e+00,2.171449422836303711e+00,2.372658729553222656e+00,3.801503419876098633e+00,3.927063226699829102e+00,3.792156696319580078e+00,3.985421657562255859e+00,3.772938251495361328e+00,3.477437496185302734e+00,3.523647308349609375e+00,3.223419904708862305e+00,3.252882242202758789e+00,2.960456371307373047e+00,3.023326158523559570e+00,2.776592016220092773e+00,2.947434902191162109e+00,2.806313037872314453e+00,2.968045234680175781e+00
2.800425767898559570e+00,2.652423858642578125e+00,2.288928747177124023e+00,2.267696857452392578e+00,2.003026247024536133e+00,1.718826413154602051e+00,1.487429499626159668e+00,1.167364835739135742e+00,9.511470198631286621e-01,6.635515093803405762e-01,3.558429479598999023e-01,0.000000000000000000e+00,3.860073685646057129e-01,6.472271680831909180e-01,9.922476410865783691e-01,2.545480728149414062e+00,2.684241771697998047e+00,2.392562389373779297e+00,2.631293296813964844e+00,2.395892858505249023e+00,2.031263351440429688e+00,1.944916605949401855e+00,1.582463026046752930e+00,1.436633586883544922e+00,1.176230907440185547e+00,1.079800724983215332e+00,8.376964330673217773e-01,9.161334633827209473e-01,9.313179850578308105e-01,1.214578032493591309e+00,2.885993719100952148e+00,3.045821428298950195e+00,2.815521001815795898e+00,3.062984704971313477e+00,2.836602687835693359e+00,2.473830699920654297e+00,2.428828477859497070e+00,2.085615634918212891e+00,1.994081497192382812e+00,1.740502834320068359e+00,1.674524307250976562e+00,1.439888596534729004e+00,1.495066285133361816e+00,1.443767428398132324e+00,1.648551106452941895e+00,3.299338579177856445e+00,3.452003240585327148e+00,3.273373365402221680e+00,3.508188962936401367e+00,3.301312446594238281e+00,2.956405401229858398e+00,2.935811996459960938e+00,2.611324310302734375e+00,2.553433895111083984e+00,2.298582553863525391e+00,2.255241394042968750e+00,2.024882793426513672e+00,2.099479675292968750e+00,2.013822793960571289e+00,2.166270017623901367e+00,3.782714605331420898e+00,3.938310384750366211e+00,3.808026790618896484e+00,4.028273582458496094e+00,3.828541994094848633e+00,3.516700744628906250e+00,3.569428443908691406e+00,3.251863002777099609e+00,3.280059576034545898e+00,2.960494995117187500e+00,2.997280120849609375e+00,2.715653896331787109e+00,2.845676898956298828e+00,2.669687032699584961e+00,2.789556741714477539e+00
3.080698013305664062e+00,2.944564104080200195e+00,2.567968606948852539e+00,2.562849044799804688e+00,2.324241161346435547e+00,2.021053552627563477e+00,1.815912842750549316e+00,1.476287126541137695e+00,1.310721397399902344e+00,9.997160434722900391e-01,7.367306351661682129e-01,3.860073685646057129e-01,0.000000000000000000e+00,3.775308728218078613e-01,6.427204012870788574e-01,2.634426593780517578e+00,2.808064222335815430e+00,2.533001422882080078e+00,2.792469739913940430e+00,2.591336965560913086e+00,2.224062442779541016e+00,2.151621580123901367e+00,1.774361014366149902e+00,1.638848304748535156e+00,1.315494179725646973e+00,1.171249508857727051e+00,8.369039297103881836e-01,7.674955129623413086e-01,6.840336322784423828e-01,8.846384286880493164e-01,2.909155845642089844e+00,3.103414297103881836e+00,2.886004447937011719e+00,3.159854650497436523e+00,2.957458257675170898e+00,2.587364912033081055e+00,2.555870294570922852e+00,2.193868875503540039e+00,2.107668876647949219e+00,1.800162315368652344e+00,1.698757290840148926e+00,1.395479202270507812e+00,1.367935538291931152e+00,1.244938492774963379e+00,1.374621868133544922e+00,3.269974708557128906e+00,3.456431865692138672e+00,3.289618968963623047e+00,3.553418397903442383e+00,3.365512609481811523e+00,3.011347532272338867e+00,3.003054141998291016e+00,2.663028001785278320e+00,2.611716747283935547e+00,2.313697338104248047e+00,2.246380567550659180e+00,1.962064862251281738e+00,1.979668617248535156e+00,1.838338971138000488e+00,1.930359840393066406e+00,3.709542989730834961e+00,3.896080732345581055e+00,3.772478103637695312e+00,4.020328044891357422e+00,3.837477207183837891e+00,3.512111663818359375e+00,3.574345827102661133e+00,3.243966817855834961e+00,3.275391101837158203e+00,2.933189153671264648e+00,2.947216749191284180e+00,2.633955478668212891e+00,2.720808982849121094e+00,2.504085302352905273e+00,2.576406478881835938e+00
3.046167135238647461e+00,2.949179410934448242e+00,2.562379837036132812e+00,2.608967542648315430e+00,2.391823530197143555e+00,2.055830240249633789e+00,1.915246725082397461e+00,1.541985750198364258e+00,1.440096974372863770e+00,1.172715902328491211e+00,9.551253914833068848e-01,6.472271680831909180e-01,3.775308728218078613e-01,0.000000000000000000e+00,3.831732273101806641e-01,2.512604236602783203e+00,2.729674339294433594e+00,2.494902610778808594e+00,2.791116952896118164e+00,2.631472826004028320e+00,2.265548229217529297e+00,2.255300760269165039e+00,1.882236003875732422e+00,1.818121552467346191e+00,1.479847192764282227e+00,1.402944922447204590e+00,1.049751162528991699e+00,9.981792569160461426e-01,7.642281055450439453e-01,8.658562302589416504e-01,2.799901247024536133e+00,3.027849674224853516e+00,2.852099657058715820e+00,3.155457019805908203e+00,2.992419958114624023e+00,2.630291700363159180e+00,2.653179407119750977e+00,2.304796695709228516e+00,2.276699066162109375e+00,1.963470578193664551e+00,1.909008383750915527e+00,1.588024139404296875e+00,1.570023059844970703e+00,1.360622406005859375e+00,1.432160377502441406e+00,3.166866540908813477e+00,3.380059003829956055e+00,3.253284931182861328e+00,3.542018651962280273e+00,3.391314029693603516e+00,3.048100709915161133e+00,3.087281227111816406e+00,2.764791011810302734e+00,2.762355804443359375e+00,2.465238571166992188e+00,2.435863494873046875e+00,2.138991594314575195e+00,2.162507295608520508e+00,1.960668206214904785e+00,2.016250371932983398e+00,3.606783390045166016e+00,3.816223382949829102e+00,3.728894710540771484e+00,3.998761653900146484e+00,3.849456310272216797e+00,3.536197900772094727e+00,3.638457775115966797e+00,3.325838088989257812e+00,3.396238088607788086e+00,3.062784671783447266e+00,3.103157043457031250e+00,2.789861917495727539e+00,2.876386165618896484e+00,2.620523929595947266e+00,2.670561313629150391e+00
3.358518362045288086e+00,3.267358541488647461e+00,2.876186370849609375e+00,2.928089857101440430e+00,2.732995271682739258e+00,2.392785310745239258e+00,2.263754367828369141e+00,1.891388773918151855e+00,1.812306880950927734e+00,1.525569438934326172e+00,1.318465590476989746e+00,9.922476410865783691e-01,6.427204012870788574e-01,3.831732273101806641e-01,0.000000000000000000e+00,2.663049221038818359e+00,2.904372453689575195e+00,2.688158750534057617e+00,2.993000507354736328e+00,2.864109754562377930e+00,2.504802703857421875e+00,2.500630140304565430e+00,2.126784563064575195e+00,2.066391468048095703e+00,1.700061202049255371e+00,1.592168569564819336e+00,1.215029120445251465e+00,1.063651323318481445e+00,7.579111456871032715e-01,6.732766032218933105e-01,2.874557256698608398e+00,3.130089282989501953e+00,2.968994140625000000e+00,3.289706468582153320e+00,3.150448560714721680e+00,2.789470911026000977e+00,2.821296930313110352e+00,2.465692043304443359e+00,2.441136598587036133e+00,2.095310688018798828e+00,2.014693737030029297e+00,1.656673669815063477e+00,1.568440794944763184e+00,1.296799063682556152e+00,1.263072013854980469e+00,3.178369760513305664e+00,3.421586513519287109e+00,3.308045387268066406e+00,3.619640350341796875e+00,3.488812208175659180e+00,3.143063545227050781e+00,3.192011356353759766e+00,2.862282752990722656e+00,2.865651845932006836e+00,2.538449525833129883e+00,2.489789485931396484e+00,2.155746698379516602e+00,2.125851631164550781e+00,1.872807025909423828e+00,1.856455087661743164e+00,3.564412832260131836e+00,3.802849531173706055e+00,3.723287105560302734e+00,4.017086982727050781e+00,3.886246442794799805e+00,3.564388036727905273e+00,3.674290895462036133e+00,3.354851961135864258e+00,3.427676200866699219e+00,3.079825878143310547e+00,3.098922014236450195e+00,2.763635635375976562e+00,2.806419849395751953e+00,2.514033794403076172e+00,2.511512279510498047e+00
1.760985612869262695e+00,1.696102738380432129e+00,1.464580893516540527e+00,1.582876443862915039e+00,1.785189151763916016e+00,1.623410224914550781e+00,1.846304059028625488e+00,1.793735861778259277e+00,2.162518501281738281e+00,2.154277324676513672e+00,2.437278509140014648e+00,2.545480728149414062e+00,2.634426593780517578e+00,2.512604236602783203e+00,2.663049221038818359e+00,0.000000000000000000e+00,3.763617575168609619e-01,5.806662440299987793e-01,8.943842649459838867e-01,1.127475380897521973e+00,1.106024265289306641e+00,1.471285223960876465e+00,1.517110943794250488e+00,1.890477538108825684e+00,1.888279080390930176e+00,2.236977815628051758e+00,2.271526098251342773e+00,2.586031436920166016e+00,2.432018041610717773e+00,2.640022277832031250e+00,7.397707104682922363e-01,8.491829633712768555e-01,9.479868412017822266e-01,1.223712563514709473e+00,1.326201438903808594e+00,1.251031041145324707e+00,1.613636016845703125e+00,1.656861901283264160e+00,2.014575719833374023e+00,2.038235902786254883e+00,2.387216567993164062e+00,2.391558647155761719e+00,2.715030193328857422e+00,2.563792705535888672e+00,2.789427518844604492e+00,1.397687435150146484e+00,1.448232531547546387e+00,1.502350568771362305e+00,1.705469727516174316e+00,1.742558240890502930e+00,1.640339136123657227e+00,1.943687558174133301e+00,1.958810687065124512e+00,2.269284963607788086e+00,2.299169301986694336e+00,2.626025676727294922e+00,2.622064828872680664e+00,2.940538167953491211e+00,2.795235157012939453e+00,3.027781248092651367e+00,2.048445463180541992e+00,2.095600843429565430e+00,2.155839443206787109e+00,2.320663452148437500e+00,2.294758796691894531e+00,2.207477331161499023e+00,2.488898515701293945e+00,2.453675270080566406e+00,2.749779939651489258e+00,2.700453042984008789e+00,3.027639627456665039e+00,2.985823631286621094e+00,3.299512147903442383e+00,3.136347770690917969e+00,3.377164125442504883e+00
1.656837224960327148e+00,1.540614962577819824e+00,1.366986274719238281e+00,1.422285914421081543e+00,1.680299758911132812e+00,1.595000386238098145e+00,1.810980558395385742e+00,1.836760282516479492e+00,2.210489749908447266e+00,2.222974777221679688e+00,2.538456916809082031e+00,2.684241771697998047e+00,2.808064222335815430e+00,2.729674339294433594e+00,2.904372453689575195e+00,3.763617575168609619e-01,0.000000000000000000e+00,3.835172355175018311e-01,5.733455419540405273e-01,8.652074337005615234e-01,9.573752880096435547e-01,1.319952130317687988e+00,1.458345413208007812e+00,1.837951540946960449e+00,1.909893512725830078e+00,2.273203134536743164e+00,2.368254661560058594e+00,2.708099842071533203e+00,2.602767944335937500e+00,2.842508792877197266e+00,8.007441759109497070e-01,7.355883121490478516e-01,7.894337773323059082e-01,9.691758155822753906e-01,1.062083601951599121e+00,1.060628652572631836e+00,1.423519730567932129e+00,1.544844150543212891e+00,1.911863446235656738e+00,2.007749080657958984e+00,2.378862857818603516e+00,2.443136930465698242e+00,2.795260429382324219e+00,2.692642688751220703e+00,2.951856374740600586e+00,1.432743549346923828e+00,1.388171195983886719e+00,1.397761583328247070e+00,1.523086667060852051e+00,1.532710671424865723e+00,1.472093820571899414e+00,1.761309742927551270e+00,1.828718423843383789e+00,2.141252040863037109e+00,2.234335422515869141e+00,2.582153081893920898e+00,2.634057521820068359e+00,2.981455802917480469e+00,2.883049488067626953e+00,3.149968147277832031e+00,2.084952116012573242e+00,2.065800189971923828e+00,2.093078136444091797e+00,2.198401689529418945e+00,2.142795562744140625e+00,2.084529876708984375e+00,2.342638731002807617e+00,2.338406801223754883e+00,2.627513408660888672e+00,2.620221853256225586e+00,2.965472221374511719e+00,2.966307163238525391e+00,3.307470798492431641e+00,3.187894344329833984e+00,3.462075710296630859e+00
1.650474667549133301e+00,1.463572859764099121e+00,1.242767214775085449e+00,1.221884489059448242e+00,1.446119785308837891e+00,1.359647154808044434e+00,1.517339110374450684e+00,1.554545640945434570e+00,1.916120171546936035e+00,1.906963944435119629e+00,2.234417438507080078e+00,2.392562389373779297e+00,2.533001422882080078e+00,2.494902610778808594e+00,2.688158750534057617e+00,5.806662440299987793e-01,3.835172355175018311e-01,0.000000000000000000e+00,3.806706666946411133e-01,5.519975423812866211e-01,5.830692052841186523e-01,9.409844279289245605e-01,1.080472230911254883e+00,1.458661317825317383e+00,1.551520109176635742e+00,1.918399572372436523e+00,2.042169094085693359e+00,2.395984172821044922e+00,2.327407836914062500e+00,2.595947504043579102e+00,9.384109973907470703e-01,8.770178556442260742e-01,7.463355064392089844e-01,9.276792407035827637e-01,8.834848999977111816e-01,7.809233665466308594e-01,1.109153151512145996e+00,1.197784066200256348e+00,1.551505684852600098e+00,1.656596660614013672e+00,2.028283119201660156e+00,2.110731124877929688e+00,2.475824594497680664e+00,2.405658006668090820e+00,2.692724466323852539e+00,1.534131765365600586e+00,1.496237158775329590e+00,1.406540632247924805e+00,1.532090067863464355e+00,1.449595093727111816e+00,1.314382076263427734e+00,1.543630599975585938e+00,1.559227705001831055e+00,1.837301492691040039e+00,1.922096252441406250e+00,2.258064508438110352e+00,2.316988945007324219e+00,2.672582864761352539e+00,2.602039813995361328e+00,2.891563653945922852e+00,2.177061557769775391e+00,2.164046525955200195e+00,2.123990058898925781e+00,2.229487657546997070e+00,2.111398458480834961e+00,1.998347520828247070e+00,2.207749366760253906e+00,2.152352809906005859e+00,2.404798269271850586e+00,2.368058681488037109e+00,2.696338176727294922e+00,2.685532808303833008e+00,3.032136440277099609e+00,2.929595470428466797e+00,3.217995166778564453e+00
1.712500095367431641e+00,1.476478457450866699e+00,1.336503982543945312e+00,1.231105685234069824e+00,1.504307508468627930e+00,1.508906483650207520e+00,1.640023350715637207e+00,1.753673434257507324e+00,2.100460290908813477e+00,2.102665424346923828e+00,2.448339700698852539e+00,2.631293296813964844e+00,2.792469739913940430e+00,2.791116952896118164e+00,2.993000507354736328e+00,8.943842649459838867e-01,5.733455419540405273e-01,3.806706666946411133e-01,0.000000000000000000e+00,3.778276741504669189e-01,6.380358338356018066e-01,9.147046804428100586e-01,1.170750737190246582e+00,1.522463798522949219e+00,1.690706491470336914e+00,2.051045656204223633e+00,2.232522487640380859e+00,2.595207452774047852e+00,2.571874618530273438e+00,2.856276988983154297e+00,1.089938044548034668e+00,8.969913125038146973e-01,7.130538821220397949e-01,7.238701581954956055e-01,6.329187154769897461e-01,6.622146964073181152e-01,9.622399210929870605e-01,1.166168212890625000e+00,1.515878558158874512e+00,1.705162763595581055e+00,2.087901353836059570e+00,2.234591245651245117e+00,2.616660118103027344e+00,2.594077348709106445e+00,2.901952266693115234e+00,1.602871179580688477e+00,1.478976130485534668e+00,1.343382000923156738e+00,1.372781038284301758e+00,1.251854658126831055e+00,1.173829555511474609e+00,1.373151302337646484e+00,1.461028933525085449e+00,1.737366676330566406e+00,1.899608016014099121e+00,2.253750085830688477e+00,2.376123428344726562e+00,2.753741264343261719e+00,2.730930566787719727e+00,3.046376228332519531e+00,2.215916633605957031e+00,2.139557600021362305e+00,2.065765380859375000e+00,2.105896711349487305e+00,1.956709027290344238e+00,1.878638982772827148e+00,2.056006431579589844e+00,2.040716171264648438e+00,2.282709598541259766e+00,2.299929618835449219e+00,2.645171880722045898e+00,2.686493158340454102e+00,3.056484222412109375e+00,3.001445055007934570e+00,3.318845510482788086e+00
1.630407094955444336e+00,1.337650775909423828e+00,1.175716400146484375e+00,9.865990877151489258e-01,1.223064303398132324e+00,1.257966876029968262e+00,1.333871006965637207e+00,1.490426063537597656e+00,1.814352631568908691e+00,1.827585339546203613e+00,2.184287309646606445e+00,2.395892858505249023e+00,2.591336965560913086e+00,2.631472826004028320e+00,2.864109754562377930e+00,1.127475380897521973e+00,8.652074337005615234e-01,5.519975423812866211e-01,3.778276741504669189e-01,0.000000000000000000e+00,3.684346079826354980e-01,5.845838785171508789e-01,8.898872733116149902e-01,1.221066832542419434e+00,1.444405078887939453e+00,1.804588556289672852e+00,2.019101142883300781e+00,2.397941589355468750e+00,2.417535781860351562e+00,2.734037160873413086e+00,1.392993092536926270e+00,1.239139676094055176e+00,9.891511797904968262e-01,9.940645694732666016e-01,7.639284729957580566e-01,6.734917163848876953e-01,8.400975465774536133e-01,9.993286728858947754e-01,1.295665264129638672e+00,1.511004090309143066e+00,1.880716681480407715e+00,2.048382043838500977e+00,2.439812898635864258e+00,2.457535505294799805e+00,2.793014049530029297e+00,1.895672082901000977e+00,1.790678977966308594e+00,1.602923870086669922e+00,1.628322482109069824e+00,1.432470440864562988e+00,1.291762471199035645e+00,1.393187761306762695e+00,1.414969682693481445e+00,1.620024442672729492e+00,1.775246262550354004e+00,2.099651336669921875e+00,2.229369401931762695e+00,2.609821319580078125e+00,2.622306585311889648e+00,2.957491636276245117e+00,2.496188879013061523e+00,2.431295633316040039e+00,2.315742254257202148e+00,2.354015111923217773e+00,2.157043933868408203e+00,2.035449981689453125e+00,2.153709411621093750e+00,2.085424423217773438e+00,2.272763967514038086e+00,2.255780696868896484e+00,2.570995569229125977e+00,2.595629453659057617e+00,2.966683626174926758e+00,2.931833267211914062e+00,3.258726358413696289e+00
1.652027845382690430e+00,1.373823881149291992e+00,1.118066191673278809e+00,9.558857679367065430e-01,1.093719959259033203e+00,1.039462685585021973e+00,1.074065446853637695e+00,1.171067833900451660e+00,1.492922425270080566e+00,1.477798700332641602e+00,1.829325199127197266e+00,2.031263351440429688e+00,2.224062442779541016e+00,2.265548229217529297e+00,2.504802703857421875e+00,1.106024265289306641e+00,9.573752880096435547e-01,5.830692052841186523e-01,6.380358338356018066e-01,3.684346079826354980e-01,0.000000000000000000e+00,3.853665888309478760e-01,5.688436031341552734e-01,9.332416057586669922e-01,1.115668773651123047e+00,1.486811876296997070e+00,1.676416993141174316e+00,2.058887004852294922e+00,2.071041584014892578e+00,2.394786357879638672e+00,1.429059863090515137e+00,1.366032958030700684e+00,1.103208661079406738e+00,1.211710095405578613e+00,9.759541153907775879e-01,7.412405610084533691e-01,8.710978031158447266e-01,8.755919337272644043e-01,1.144932508468627930e+00,1.287360906600952148e+00,1.641601443290710449e+00,1.765926122665405273e+00,2.150298118591308594e+00,2.153942108154296875e+00,2.490252256393432617e+00,1.949554920196533203e+00,1.910713911056518555e+00,1.720120787620544434e+00,1.814401268959045410e+00,1.612992405891418457e+00,1.397509098052978516e+00,1.481813907623291016e+00,1.405752062797546387e+00,1.576459527015686035e+00,1.651675820350646973e+00,1.943025350570678711e+00,2.019910812377929688e+00,2.383196592330932617e+00,2.376133441925048828e+00,2.702336311340332031e+00,2.553480863571166992e+00,2.540067672729492188e+00,2.421380043029785156e+00,2.509508609771728516e+00,2.310793638229370117e+00,2.136826753616333008e+00,2.252071380615234375e+00,2.122534275054931641e+00,2.291568517684936523e+00,2.208972454071044922e+00,2.492382049560546875e+00,2.462719440460205078e+00,2.813148021697998047e+00,2.749812602996826172e+00,3.058345317840576172e+00
