,A1,A2,A3,A4,A5,A6,A7,A8,A9,A10,A11,A12,A13,A14,A15,B1,B2,B3,B4,B5,B6,B7,B8,B9,B10,B11,B12,B13,B14,B15,C1,C2,C3,C4,C5,C6,C7,C8,C9,C10,C11,C12,C13,C14,C15,D1,D2,D3,D4,D5,D6,D7,D8,D9,D10,D11,D12,D13,D14,D15,E1,E2,E3,E4,E5,E6,E7,E8,E9,E10,E11,E12,E13,E14,E15
A1,0.0,0.3955524265766144,0.5603234767913818,0.8913838863372803,1.129023790359497,1.1519296169281006,1.5144370794296265,1.662090539932251,2.005949020385742,2.2099506855010986,2.5536394119262695,2.7830469608306885,3.1152429580688477,3.2817203998565674,3.675924777984619,1.268114447593689,1.1700551509857178,1.0902199745178223,1.2366670370101929,1.4185209274291992,1.4829882383346558,1.7733021974563599,1.9340876340866089,2.240194082260132,2.4431700706481934,2.7739224433898926,3.00414776802063,3.3242733478546143,3.506995677947998,3.8857622146606445,1.800776481628418,1.7449184656143188,1.6705148220062256,1.7793034315109253,1.906556487083435,1.928546667098999,2.154698610305786,2.280095100402832,2.5423736572265625,2.7271854877471924,3.0357155799865723,3.2532167434692383,3.5644547939300537,3.7447593212127686,4.118939399719238,2.331714391708374,2.3128488063812256,2.255910873413086,2.3541345596313477,2.4190022945404053,2.410621404647827,2.5973005294799805,2.6759965419769287,2.9005444049835205,3.0560827255249023,3.340463876724243,3.5422027111053467,3.8258743286132812,4.023698329925537,4.378793239593506,2.9108638763427734,2.9263412952423096,2.919985771179199,2.9732558727264404,2.984886646270752,2.9247164726257324,3.1078948974609375,3.121976375579834,3.333366632461548,3.4435389041900635,3.7077901363372803,3.8882858753204346,4.1221771240234375,4.39547061920166,4.614376068115234
A2,0.3955524265766144,0.0,0.3773514926433563,0.5565598011016846,0.8731784820556641,0.98308926820755,1.3533353805541992,1.555193543434143,1.9063576459884644,2.1441755294799805,2.4938929080963135,2.7559146881103516,3.0972988605499268,3.2876033782958984,3.687516450881958,1.2331675291061401,1.0543081760406494,0.8775179982185364,0.9163005352020264,1.089087963104248,1.2226866483688354,1.5177500247955322,1.735252022743225,2.054487705230713,2.2978343963623047,2.6390132904052734,2.9036521911621094,3.2327582836151123,3.4371817111968994,3.825770139694214,1.666996955871582,1.5634676218032837,1.421644926071167,1.4667892456054688,1.5712603330612183,1.6326237916946411,1.8567942380905151,2.029759168624878,2.3023152351379395,2.5275683403015137,2.847088098526001,3.0978119373321533,3.4172003269195557,3.620501756668091,4.005500316619873,2.154099702835083,2.1063995361328125,1.9969091415405273,2.051555871963501,2.092890739440918,2.108600616455078,2.2852256298065186,2.3991544246673584,2.6271450519561768,2.819059371948242,3.110664129257202,3.3430631160736084,3.631354570388794,3.851356029510498,4.217012882232666,2.708017110824585,2.7060585021972656,2.6568491458892822,2.677527904510498,2.66839599609375,2.624330520629883,2.793947219848633,2.833277702331543,3.040118932723999,3.180553913116455,3.4440059661865234,3.6498141288757324,3.8764421939849854,4.1692962646484375,4.391205787658691
A3,0.5603234767913818,0.3773514926433563,0.0,0.39969706535339355,0.5736069679260254,0.6260132193565369,0.9914690256118774,1.1930444240570068,1.536991000175476,1.7850685119628906,2.1266748905181885,2.396618127822876,2.7312774658203125,2.933271646499634,3.332705497741699,1.085938572883606,1.0022313594818115,0.7622053027153015,0.8731848001480103,0.9345582723617554,0.977098286151886,1.231176495552063,1.4213967323303223,1.7197332382202148,1.960021734237671,2.289048194885254,2.552612066268921,2.8725008964538574,3.0850045680999756,3.471681833267212,1.5503592491149902,1.5242300033569336,1.3510193824768066,1.4494574069976807,1.4820764064788818,1.4661483764648438,1.6411384344100952,1.7696776390075684,2.0130205154418945,2.222327470779419,2.523916482925415,2.76633882522583,3.0741660594940186,3.2811708450317383,3.6618423461914062,2.060918092727661,2.0758860111236572,1.9487253427505493,2.0452396869659424,2.032883405685425,1.9860895872116089,2.119978427886963,2.1865737438201904,2.3831632137298584,2.54945969581604,2.820016384124756,3.0373363494873047,3.312141180038452,3.53151273727417,3.8893558979034424,2.6341874599456787,2.683217763900757,2.621713876724243,2.6763739585876465,2.6249606609344482,2.5304713249206543,2.665910243988037,2.659891366958618,2.839905261993408,2.9479734897613525,3.192209482192993,3.374504327774048,3.5924324989318848,3.873842239379883,4.083732604980469
A4,0.8913838863372803,0.5565598011016846,0.39969706535339355,0.0,0.37924474477767944,0.6235889196395874,0.9370314478874207,1.2125109434127808,1.5376168489456177,1.8245190382003784,2.15635347366333,2.46028470993042,2.793752431869507,3.0224456787109375,3.421034336090088,1.2413694858551025,1.0881277322769165,0.7542556524276733,0.6795422434806824,0.6510902643203735,0.8034589886665344,1.030306339263916,1.3059207201004028,1.6036654710769653,1.8968826532363892,2.2262144088745117,2.5292043685913086,2.8501033782958984,3.0891177654266357,3.4811832904815674,1.560492753982544,1.4851224422454834,1.2277027368545532,1.2317688465118408,1.2026668787002563,1.2351585626602173,1.384374737739563,1.5790141820907593,1.8232656717300415,2.086884021759033,2.392601490020752,2.67519211769104,2.985053300857544,3.2212259769439697,3.6097934246063232,1.997270941734314,1.9811551570892334,1.7870031595230103,1.8238449096679688,1.7665663957595825,1.7463231086730957,1.8511483669281006,1.961880087852478,2.15226411819458,2.3657150268554688,2.637298107147217,2.891998767852783,3.1657514572143555,3.413726329803467,3.7800450325012207,2.5265941619873047,2.5565552711486816,2.440321445465088,2.4529271125793457,2.3680942058563232,2.291264057159424,2.3990395069122314,2.4223220348358154,2.5879361629486084,2.7329256534576416,2.9691781997680664,3.1806299686431885,3.383692502975464,3.6883413791656494,3.8966939449310303
A5,1.129023790359497,0.8731784820556641,0.5736069679260254,0.37924474477767944,0.0,0.3683421313762665,0.5846008062362671,0.905932605266571,1.1967791318893433,1.5146538019180298,1.8230798244476318,2.1457321643829346,2.4632952213287354,2.713884115219116,3.1082346439361572,1.2734880447387695,1.2188225984573364,0.8672581315040588,0.8557687997817993,0.6616842746734619,0.6707069277763367,0.7751445770263672,1.0337258577346802,1.2853244543075562,1.5925575494766235,1.8979151248931885,2.209181785583496,2.5128800868988037,2.7704291343688965,3.1586999893188477,1.584585428237915,1.5883439779281616,1.308762550354004,1.3571937084197998,1.2351969480514526,1.1723039150238037,1.2272379398345947,1.367552638053894,1.5582228899002075,1.8128786087036133,2.0884196758270264,2.3689279556274414,2.6595890522003174,2.908825159072876,3.291470766067505,2.0186731815338135,2.0655910968780518,1.8534916639328003,1.925432562828064,1.804101586341858,1.7143222093582153,1.7511786222457886,1.8049215078353882,1.943359613418579,2.1308209896087646,2.368656635284424,2.6104981899261475,2.862302780151367,3.1168978214263916,3.4729418754577637,2.549198627471924,2.629843235015869,2.49741530418396,2.5398309230804443,2.406721591949463,2.2774691581726074,2.33552885055542,2.307408094406128,2.4309425354003906,2.5398924350738525,2.7450292110443115,2.9299936294555664,3.115185022354126,3.4093620777130127,3.5988330841064453
A6,1.1519296169281006,0.98308926820755,0.6260132193565369,0.6235889196395874,0.3683421313762665,0.0,0.3855860233306885,0.5963614583015442,0.9355159997940063,1.2081172466278076,1.5434434413909912,1.8396557569503784,2.1744472980499268,2.3997137546539307,2.7982964515686035,1.0122631788253784,1.0597182512283325,0.7593128085136414,0.903791069984436,0.7434119582176208,0.5725858211517334,0.6970023512840271,0.8300429582595825,1.099899411201477,1.347420334815979,1.667999029159546,1.946002721786499,2.263413190841675,2.4924094676971436,2.8815481662750244,1.3700621128082275,1.4552791118621826,1.2265008687973022,1.3816810846328735,1.2833967208862305,1.1305804252624512,1.199156641960144,1.2443913221359253,1.4381859302520752,1.6281415224075317,1.9096876382827759,2.151561737060547,2.4516847133636475,2.669398546218872,3.0500266551971436,1.8450372219085693,1.9513484239578247,1.7849467992782593,1.932593584060669,1.8275152444839478,1.679520606994629,1.7320818901062012,1.7193859815597534,1.8625648021697998,1.9918190240859985,2.2338342666625977,2.4366965293884277,2.6983001232147217,2.920591354370117,3.2732887268066406,2.405844211578369,2.5296945571899414,2.4362804889678955,2.536501169204712,2.4141464233398438,2.2424089908599854,2.31489634513855,2.2384471893310547,2.372459888458252,2.433140516281128,2.6484761238098145,2.801473379135132,3.0092971324920654,3.2778589725494385,3.477768659591675
A7,1.5144370794296265,1.3533353805541992,0.9914690256118774,0.9370314478874207,0.5846008062362671,0.3855860233306885,0.0,0.37292689085006714,0.6129053235054016,0.9486924409866333,1.2401527166366577,1.5716173648834229,1.8825713396072388,2.1430277824401855,2.5338239669799805,1.2632694244384766,1.3643921613693237,1.0727633237838745,1.1847550868988037,0.9244640469551086,0.6812137365341187,0.5750048756599426,0.6335402727127075,0.7950913906097412,1.0675872564315796,1.347387433052063,1.6453274488449097,1.9388132095336914,2.1985538005828857,2.5832645893096924,1.539807677268982,1.6753971576690674,1.4259564876556396,1.576796054840088,1.394911527633667,1.177623987197876,1.1218523979187012,1.0956265926361084,1.1978135108947754,1.3747867345809937,1.6084823608398438,1.8531103134155273,2.1267008781433105,2.367283821105957,2.741283893585205,1.9607899188995361,2.112610340118408,1.9204894304275513,2.0754554271698,1.9065226316452026,1.7056912183761597,1.6748045682907104,1.6041271686553955,1.6740416288375854,1.7735270261764526,1.966411828994751,2.1571645736694336,2.388472557067871,2.6239302158355713,2.9644711017608643,2.4883484840393066,2.6517724990844727,2.5314810276031494,2.6448400020599365,2.4725849628448486,2.2599434852600098,2.271416425704956,2.147854804992676,2.2261385917663574,2.250199317932129,2.422074556350708,2.546649694442749,2.727708101272583,2.9864087104797363,3.1625540256500244
A8,1.662090539932251,1.555193543434143,1.1930444240570068,1.2125109434127808,0.905932605266571,0.5963614583015442,0.37292689085006714,0.0,0.373375803232193,0.6135709881782532,0.9520227313041687,1.2486000061035156,1.5872654914855957,1.8157721757888794,2.212538480758667,1.1484090089797974,1.3443800210952759,1.1329058408737183,1.332953929901123,1.1183034181594849,0.7912787199020386,0.6998635530471802,0.5407845377922058,0.674606204032898,0.8228532075881958,1.1175251007080078,1.3659480810165405,1.6795649528503418,1.901271104812622,2.2881782054901123,1.410785436630249,1.6270679235458374,1.438584566116333,1.668286681175232,1.5130038261413574,1.2317630052566528,1.1867932081222534,1.0473674535751343,1.1346970796585083,1.2092337608337402,1.4404571056365967,1.6284748315811157,1.9126325845718384,2.1113152503967285,2.482388734817505,1.8348287343978882,2.046980381011963,1.9030879735946655,2.1223995685577393,1.9708179235458374,1.7208671569824219,1.7027665376663208,1.5608822107315063,1.6288748979568481,1.65208101272583,1.8428587913513184,1.9810789823532104,2.221944808959961,2.4152395725250244,2.7502689361572266,2.3687803745269775,2.576389789581299,2.4941160678863525,2.661510944366455,2.5005247592926025,2.2498154640197754,2.2722651958465576,2.099581480026245,2.184762954711914,2.1527085304260254,2.331620216369629,2.416879653930664,2.622255563735962,2.8482906818389893,3.0365488529205322
A9,2.005949020385742,1.9063576459884644,1.536991000175476,1.5376168489456177,1.1967791318893433,0.9355159997940063,0.6129053235054016,0.373375803232193,0.0,0.38719743490219116,0.6275448203086853,0.9703394174575806,1.2734942436218262,1.5437555313110352,1.9291378259658813,1.4828191995620728,1.700162649154663,1.4951742887496948,1.6717058420181274,1.4166622161865234,1.0901166200637817,0.8849578499794006,0.6523453593254089,0.5541010499000549,0.6347271800041199,0.8287642598152161,1.076359748840332,1.3517104387283325,1.6055175065994263,1.98385488986969,1.688635230064392,1.9323515892028809,1.740954041481018,1.9601949453353882,1.7596811056137085,1.4520477056503296,1.317453145980835,1.1078917980194092,1.0699684619903564,1.0787335634231567,1.2184083461761475,1.3770593404769897,1.6167006492614746,1.830549955368042,2.187002182006836,2.0556938648223877,2.3001132011413574,2.1465113162994385,2.3681626319885254,2.175969362258911,1.8923996686935425,1.8064336776733398,1.60763680934906,1.5921155214309692,1.5578135251998901,1.6748687028884888,1.7735258340835571,1.9691689014434814,2.163273334503174,2.475546360015869,2.54689359664917,2.786628007888794,2.6894631385803223,2.868443489074707,2.6725409030914307,2.391279935836792,2.360898494720459,2.142791748046875,2.1694517135620117,2.086613655090332,2.2110838890075684,2.2487120628356934,2.4227089881896973,2.623476505279541,2.7813620567321777
A10,2.2099506855010986,2.1441755294799805,1.7850685119628906,1.8245190382003784,1.5146538019180298,1.2081172466278076,0.9486924409866333,0.6135709881782532,0.38719743490219116,0.0,0.38522419333457947,0.6415315866470337,0.997511625289917,1.213726282119751,1.6079851388931274,1.4974747896194458,1.7735440731048584,1.6409947872161865,1.8667763471603394,1.6529420614242554,1.297851800918579,1.1341840028762817,0.8109217286109924,0.6942785978317261,0.5328985452651978,0.6889010071754456,0.8179183006286621,1.1205071210861206,1.307973027229309,1.6889431476593018,1.656504511833191,1.9588874578475952,1.828964114189148,2.10040283203125,1.9299284219741821,1.5910897254943848,1.4798132181167603,1.1960371732711792,1.1469428539276123,1.02430260181427,1.1386761665344238,1.198704719543457,1.4438397884368896,1.589648723602295,1.9377336502075195,1.9942628145217896,2.288114070892334,2.1845474243164062,2.455768585205078,2.285616159439087,1.970646619796753,1.902482271194458,1.6480284929275513,1.632768154144287,1.5135993957519531,1.6204159259796143,1.6457324028015137,1.847852349281311,1.9799715280532837,2.280322790145874,2.467404842376709,2.7460005283355713,2.687808036804199,2.914191722869873,2.7338364124298096,2.424567699432373,2.4067211151123047,2.147711992263794,2.1817262172698975,2.0411264896392822,2.170193910598755,2.161195993423462,2.36116623878479,2.5186402797698975,2.690697193145752
A11,2.5536394119262695,2.4938929080963135,2.1266748905181885,2.15635347366333,1.8230798244476318,1.5434434413909912,1.2401527166366577,0.9520227313041687,0.6275448203086853,0.38522419333457947,0.0,0.37824711203575134,0.6555367708206177,0.9387232065200806,1.3117841482162476,1.878244161605835,2.158378839492798,2.020129442214966,2.2286460399627686,1.9883511066436768,1.6412297487258911,1.424050211906433,1.1067917346954346,0.8733181953430176,0.6537003517150879,0.5675700306892395,0.5962058305740356,0.8020280003547668,1.0235438346862793,1.384132742881775,2.01411771774292,2.3231849670410156,2.1878931522369385,2.4448986053466797,2.2452194690704346,1.9008228778839111,1.7345776557922363,1.4267934560775757,1.2820334434509277,1.0990169048309326,1.0755929946899414,1.0566521883010864,1.211114525794983,1.35592520236969,1.6690239906311035,2.3085761070251465,2.6172029972076416,2.506303548812866,2.771949529647827,2.573850154876709,2.2436234951019287,2.1253230571746826,1.838205337524414,1.7494157552719116,1.5764491558074951,1.5899090766906738,1.5512598752975464,1.6814805269241333,1.797552227973938,2.0548017024993896,2.7387607097625732,3.037330150604248,2.9678759574890137,3.198607921600342,2.992694854736328,2.665686845779419,2.6039316654205322,2.3133347034454346,2.2916858196258545,2.1036298274993896,2.1687750816345215,2.100106716156006,2.2578020095825195,2.3736472129821777,2.503934144973755
A12,2.7830469608306885,2.7559146881103516,2.396618127822876,2.46028470993042,2.1457321643829346,1.8396557569503784,1.5716173648834229,1.2486000061035156,0.9703394174575806,0.6415315866470337,0.37824711203575134,0.0,0.3920915126800537,0.5782746076583862,0.967581033706665,2.019408702850342,2.335505247116089,2.2495620250701904,2.492424249649048,2.284393548965454,1.9263396263122559,1.7437529563903809,1.4011629819869995,1.1940058469772339,0.8962156772613525,0.7651842832565308,0.5794662237167358,0.7158100008964539,0.8000072836875916,1.1329859495162964,2.137338399887085,2.4798569679260254,2.3943378925323486,2.684462785720825,2.512786626815796,2.158034563064575,2.0173773765563965,1.6828434467315674,1.5459060668945312,1.2915817499160767,1.2349318265914917,1.0984169244766235,1.20979905128479,1.2475969791412354,1.5146509408950806,2.4089181423187256,2.747303009033203,2.6807827949523926,2.9789018630981445,2.8039655685424805,2.4609272480010986,2.3623366355895996,2.0483858585357666,1.964669942855835,1.734418272972107,1.729328989982605,1.6129199266433716,1.7249579429626465,1.760327696800232,1.978423833847046,2.816786766052246,3.1409051418304443,3.108198881149292,3.373016119003296,3.185112476348877,2.8439977169036865,2.795649528503418,2.481355667114258,2.465715169906616,2.234123945236206,2.2953217029571533,2.1787612438201904,2.348173141479492,2.4098386764526367,2.5406768321990967
A13,3.1152429580688477,3.0972988605499268,2.7312774658203125,2.793752431869507,2.4632952213287354,2.1744472980499268,1.8825713396072388,1.5872654914855957,1.2734942436218262,0.997511625289917,0.6555367708206177,0.3920915126800537,0.0,0.38021373748779297,0.6868566870689392,2.4048774242401123,2.7227871417999268,2.6281073093414307,2.86220645904541,2.636918306350708,2.284571409225464,2.0733892917633057,1.7434470653533936,1.4910435676574707,1.2079890966415405,0.9750862121582031,0.7267278432846069,0.6349238753318787,0.6909589171409607,0.9219321012496948,2.527484655380249,2.869971752166748,2.7776710987091064,3.057258129119873,2.8674542903900146,2.5130627155303955,2.341421604156494,2.0047829151153564,1.8192168474197388,1.5528481006622314,1.4061377048492432,1.2115209102630615,1.1960591077804565,1.2042266130447388,1.3835079669952393,2.7822415828704834,3.1248908042907715,3.052274227142334,3.343479871749878,3.1510019302368164,2.8029885292053223,2.6734275817871094,2.3480029106140137,2.2182459831237793,1.9642146825790405,1.8866597414016724,1.7194533348083496,1.747367024421692,1.7535299062728882,1.9002997875213623,3.1645169258117676,3.4976677894592285,3.457429885864258,3.7215633392333984,3.5172672271728516,3.1684842109680176,3.0906028747558594,2.7610998153686523,2.705218553543091,2.445770263671875,2.452089548110962,2.2860867977142334,2.40729022026062,2.4210147857666016,2.5000905990600586
A14,3.2817203998565674,3.2876033782958984,2.933271646499634,3.0224456787109375,2.713884115219116,2.3997137546539307,2.1430277824401855,1.8157721757888794,1.5437555313110352,1.213726282119751,0.9387232065200806,0.5782746076583862,0.38021373748779297,0.0,0.4011923670768738,2.4853131771087646,2.826214551925659,2.779587507247925,3.0424511432647705,2.8508119583129883,2.4898390769958496,2.3158750534057617,1.9655778408050537,1.750230312347412,1.42470121383667,1.224953293800354,0.9082637429237366,0.8278253078460693,0.6851183772087097,0.8299486637115479,2.586184501647949,2.9508888721466064,2.9051103591918945,3.2135775089263916,3.055297613143921,2.6951334476470947,2.5568244457244873,2.2047033309936523,2.0472824573516846,1.7429730892181396,1.6141979694366455,1.3620365858078003,1.3491467237472534,1.246808648109436,1.3721439838409424,2.8192193508148193,3.181248664855957,3.151782751083374,3.4711265563964844,3.307110071182251,2.953324317932129,2.853426694869995,2.5146982669830322,2.4090988636016846,2.1235244274139404,2.060163736343384,1.84940767288208,1.887959599494934,1.819023609161377,1.9362411499023438,3.1807785034179688,3.5300984382629395,3.5277230739593506,3.8212413787841797,3.641334056854248,3.2860963344573975,3.2319834232330322,2.891439437866211,2.8567447662353516,2.573507785797119,2.5961992740631104,2.4073586463928223,2.554126739501953,2.5297670364379883,2.6260719299316406
A15,3.675924777984619,3.687516450881958,3.332705497741699,3.421034336090088,3.1082346439361572,2.7982964515686035,2.5338239669799805,2.212538480758667,1.9291378259658813,1.6079851388931274,1.3117841482162476,0.967581033706665,0.6868566870689392,0.4011923670768738,0.0,2.8714070320129395,3.215329647064209,3.176093578338623,3.4368786811828613,3.2412216663360596,2.8807528018951416,2.695571184158325,2.3441689014434814,2.109527587890625,1.7781656980514526,1.5368924140930176,1.1923129558563232,1.0070759057998657,0.7799176573753357,0.7145973443984985,2.950948476791382,3.3202478885650635,3.2827224731445312,3.5904576778411865,3.4267687797546387,3.0639660358428955,2.912189483642578,2.5520834922790527,2.370441436767578,2.0471513271331787,1.8698800802230835,1.5714473724365234,1.4746601581573486,1.3054720163345337,1.310210108757019,3.15164852142334,3.521907329559326,3.5003421306610107,3.822434186935425,3.6530003547668457,3.2929258346557617,3.178363084793091,2.8266613483428955,2.6960031986236572,2.3843307495117188,2.275569438934326,2.01674747467041,1.99588942527771,1.870612382888794,1.9068046808242798,3.475463390350342,3.8365509510040283,3.8391900062561035,4.141948223114014,3.9566450119018555,3.593336343765259,3.522930860519409,3.1677253246307373,3.1091957092285156,2.797900915145874,2.7841856479644775,2.551070213317871,2.6685376167297363,2.5879111289978027,2.6493875980377197
B1,1.268114447593689,1.2331675291061401,1.085938572883606,1.2413694858551025,1.2734880447387695,1.0122631788253784,1.2632694244384766,1.1484090089797974,1.4828191995620728,1.4974747896194458,1.878244161605835,2.019408702850342,2.4048774242401123,2.4853131771087646,2.8714070320129395,0.0,0.3904154896736145,0.5912113189697266,0.9814316034317017,1.1425285339355469,0.974157452583313,1.2879626750946045,1.2451876401901245,1.5831338167190552,1.6341546773910522,2.000527858734131,2.157510995864868,2.528047800064087,2.6193671226501465,2.9954612255096436,0.6423150897026062,0.8173895478248596,0.8971538543701172,1.2561194896697998,1.3991085290908813,1.2497639656066895,1.523807168006897,1.5000606775283813,1.80154287815094,1.8635926246643066,2.210728406906128,2.3602988719940186,2.716475248336792,2.8135082721710205,3.1868863105773926,1.2249280214309692,1.3595860004425049,1.4040992259979248,1.6901025772094727,1.7686564922332764,1.6302694082260132,1.863690733909607,1.8314151763916016,2.098329782485962,2.1571176052093506,2.4807071685791016,2.6236884593963623,2.9554202556610107,3.0763466358184814,3.4370555877685547,1.8392000198364258,1.9670209884643555,2.0324418544769287,2.2321181297302246,2.2478365898132324,2.085850238800049,2.3020055294036865,2.230065107345581,2.4824578762054443,2.5169835090637207,2.824838638305664,2.9699532985687256,3.26871395111084,3.4985713958740234,3.770792007446289
B2,1.1700551509857178,1.0543081760406494,1.0022313594818115,1.0881277322769165,1.2188225984573364,1.0597182512283325,1.3643921613693237,1.3443800210952759,1.700162649154663,1.7735440731048584,2.158378839492798,2.335505247116089,2.7227871417999268,2.826214551925659,3.215329647064209,0.3904154896736145,0.0,0.3766193091869354,0.6986289024353027,0.9664334654808044,0.924574077129364,1.2969542741775513,1.3541046380996704,1.724245548248291,1.8378514051437378,2.2188971042633057,2.4167959690093994,2.7939178943634033,2.908740997314453,3.292556047439575,0.6467130184173584,0.6095157861709595,0.6645821332931519,0.9652200937271118,1.1800227165222168,1.1302177906036377,1.4634125232696533,1.533785104751587,1.873313307762146,1.9997823238372803,2.369337558746338,2.5626518726348877,2.9296953678131104,3.052333116531372,3.4370317459106445,1.169666051864624,1.1912699937820435,1.2059221267700195,1.4311494827270508,1.551351547241211,1.4895943403244019,1.7652547359466553,1.812902808189392,2.1142945289611816,2.236133337020874,2.583350896835327,2.7711923122406006,3.114061117172241,3.2613894939422607,3.6364049911499023,1.7595981359481812,1.8143738508224487,1.8564701080322266,2.0018813610076904,2.043745517730713,1.9398577213287354,2.1839563846588135,2.177532911300659,2.4535610675811768,2.547616720199585,2.8716626167297363,3.061171770095825,3.3578741550445557,3.617013692855835,3.89780330657959
B3,1.0902199745178223,0.8775179982185364,0.7622053027153015,0.7542556524276733,0.8672581315040588,0.7593128085136414,1.0727633237838745,1.1329058408737183,1.4951742887496948,1.6409947872161865,2.020129442214966,2.2495620250701904,2.6281073093414307,2.779587507247925,3.176093578338623,0.5912113189697266,0.3766193091869354,0.0,0.40205663442611694,0.6119364500045776,0.6045930981636047,0.9887648224830627,1.1211520433425903,1.495153546333313,1.676508903503418,2.0554327964782715,2.2998151779174805,2.668090343475342,2.8292784690856934,3.2221179008483887,0.822771430015564,0.7717893123626709,0.6148906946182251,0.8314027190208435,0.9507017731666565,0.9065998196601868,1.2057840824127197,1.3231172561645508,1.6521153450012207,1.8336294889450073,2.196143388748169,2.429506778717041,2.7868025302886963,2.952470064163208,3.3451285362243652,1.3031127452850342,1.3200926780700684,1.219616413116455,1.3850321769714355,1.4224029779434204,1.3572722673416138,1.5784094333648682,1.6470147371292114,1.921788215637207,2.081244468688965,2.4134633541107178,2.6319384574890137,2.9592931270599365,3.144818067550659,3.523240566253662,1.8750977516174316,1.9317373037338257,1.8957263231277466,1.9980952739715576,1.9772664308547974,1.868086576461792,2.0611374378204346,2.0596017837524414,2.3012611865997314,2.4152252674102783,2.7153449058532715,2.9178805351257324,3.18778657913208,3.4668538570404053,3.7286813259124756
B4,1.2366670370101929,0.9163005352020264,0.8731848001480103,0.6795422434806824,0.8557687997817993,0.903791069984436,1.1847550868988037,1.332953929901123,1.6717058420181274,1.8667763471603394,2.2286460399627686,2.492424249649048,2.86220645904541,3.0424511432647705,3.4368786811828613,0.9814316034317017,0.6986289024353027,0.40205663442611694,0.0,0.3889595568180084,0.6164126992225647,0.9719018340110779,1.2106423377990723,1.574819564819336,1.8159915208816528,2.187659740447998,2.4718947410583496,2.834489345550537,3.0250368118286133,3.420546531677246,1.040342092514038,0.8684355616569519,0.5837485790252686,0.5772403478622437,0.6781647205352783,0.7759962677955627,1.0822958946228027,1.3084430694580078,1.643694281578064,1.8930312395095825,2.257326364517212,2.5350189208984375,2.890235662460327,3.0881710052490234,3.4866700172424316,1.38551664352417,1.3180629014968872,1.1247442960739136,1.174559235572815,1.185426950454712,1.199573278427124,1.4142177104949951,1.5681780576705933,1.848793625831604,2.0752668380737305,2.411403179168701,2.675562858581543,3.000317335128784,3.218676805496216,3.605032205581665,1.8831027746200562,1.8848092555999756,1.7808290719985962,1.806774616241455,1.7656973600387573,1.7081478834152222,1.8877850770950317,1.9484457969665527,2.185753345489502,2.359269618988037,2.6554958820343018,2.8990731239318848,3.151691198348999,3.4599764347076416,3.71972918510437
B5,1.4185209274291992,1.089087963104248,0.9345582723617554,0.6510902643203735,0.6616842746734619,0.7434119582176208,0.9244640469551086,1.1183034181594849,1.4166622161865234,1.6529420614242554,1.9883511066436768,2.284393548965454,2.636918306350708,2.8508119583129883,3.2412216663360596,1.1425285339355469,0.9664334654808044,0.6119364500045776,0.3889595568180084,0.0,0.3640509247779846,0.6299821734428406,0.9324871301651001,1.267109990119934,1.5547720193862915,1.9072602987289429,2.2215681076049805,2.5680489540100098,2.791341781616211,3.1863720417022705,1.1812267303466797,1.095184087753296,0.7446605563163757,0.7174277901649475,0.5810382962226868,0.592495322227478,0.7846755981445312,1.0316600799560547,1.331307053565979,1.6172984838485718,1.9609776735305786,2.2637832164764404,2.6028294563293457,2.8316657543182373,3.2297933101654053,1.4914952516555786,1.4832391738891602,1.2249847650527954,1.2667421102523804,1.1510652303695679,1.0987805128097534,1.2086609601974487,1.341554045677185,1.5711727142333984,1.8122148513793945,2.1208655834198,2.3999722003936768,2.704235792160034,2.9488601684570312,3.3314478397369385,1.9653810262680054,2.011866569519043,1.8531080484390259,1.87882399559021,1.7548832893371582,1.650138020515442,1.7509007453918457,1.777343511581421,1.9616113901138306,2.1273670196533203,2.389695405960083,2.628702163696289,2.854968786239624,3.1706011295318604,3.4103052616119385
B6,1.4829882383346558,1.2226866483688354,0.977098286151886,0.8034589886665344,0.6707069277763367,0.5725858211517334,0.6812137365341187,0.7912787199020386,1.0901166200637817,1.297851800918579,1.6412297487258911,1.9263396263122559,2.284571409225464,2.4898390769958496,2.8807528018951416,0.974157452583313,0.924574077129364,0.6045930981636047,0.6164126992225647,0.3640509247779846,0.0,0.3879375755786896,0.6011825203895569,0.9609912633895874,1.2181555032730103,1.5812441110610962,1.8799904584884644,2.232736110687256,2.444821834564209,2.8408117294311523,1.0366235971450806,1.07623291015625,0.7705867290496826,0.9017053842544556,0.7495957612991333,0.5583890080451965,0.6917036175727844,0.8072673082351685,1.0988880395889282,1.3357267379760742,1.6803052425384521,1.9581319093704224,2.3002545833587646,2.5139076709747314,2.9109761714935303,1.3930046558380127,1.4798744916915894,1.2601526975631714,1.4000678062438965,1.267014503479004,1.1071736812591553,1.184387445449829,1.2111462354660034,1.4177157878875732,1.5966076850891113,1.8969166278839111,2.142000913619995,2.4467129707336426,2.6721959114074707,3.050259828567505,1.9040100574493408,2.0190346240997314,1.8894883394241333,1.985247254371643,1.8461904525756836,1.6706476211547852,1.7532432079315186,1.7011200189590454,1.8698828220367432,1.9723474979400635,2.2283029556274414,2.428018808364868,2.664710283279419,2.956718921661377,3.1955065727233887
B7,1.7733021974563599,1.5177500247955322,1.231176495552063,1.030306339263916,0.7751445770263672,0.6970023512840271,0.5750048756599426,0.6998635530471802,0.8849578499794006,1.1341840028762817,1.424050211906433,1.7437529563903809,2.0733892917633057,2.3158750534057617,2.695571184158325,1.2879626750946045,1.2969542741775513,0.9887648224830627,0.9719018340110779,0.6299821734428406,0.3879375755786896,0.0,0.37314289808273315,0.6465703248977661,0.9726282358169556,1.2988327741622925,1.6343611478805542,1.9627019166946411,2.2128946781158447,2.604382276535034,1.3128916025161743,1.397942304611206,1.0847927331924438,1.175100564956665,0.911079466342926,0.6603609919548035,0.5476287007331848,0.6006240248680115,0.7950093150138855,1.0701876878738403,1.3769925832748413,1.6830501556396484,2.0018250942230225,2.251406192779541,2.6452102661132812,1.5976479053497314,1.7242887020111084,1.47053861618042,1.5943074226379395,1.3737589120864868,1.158995509147644,1.1027847528457642,1.069091558456421,1.181355595588684,1.3562897443771362,1.6094377040863037,1.8646272420883179,2.14076828956604,2.394627571105957,2.765528678894043,2.053874969482422,2.204457998275757,2.034071445465088,2.1287639141082764,1.9239767789840698,1.7079052925109863,1.7026793956756592,1.6020139455795288,1.6965489387512207,1.7727290391921997,1.978968620300293,2.1625969409942627,2.3666837215423584,2.661494255065918,2.875894784927368
B8,1.9340876340866089,1.735252022743225,1.4213967323303223,1.3059207201004028,1.0337258577346802,0.8300429582595825,0.6335402727127075,0.5407845377922058,0.6523453593254089,0.8109217286109924,1.1067917346954346,1.4011629819869995,1.7434470653533936,1.9655778408050537,2.3441689014434814,1.2451876401901245,1.3541046380996704,1.1211520433425903,1.2106423377990723,0.9324871301651001,0.6011825203895569,0.37314289808273315,0.0,0.3790246844291687,0.6240860819816589,0.9805728197097778,1.2899935245513916,1.6368488073349,1.8628997802734375,2.2572548389434814,1.2487075328826904,1.4324650764465332,1.1883373260498047,1.3718185424804688,1.1429709196090698,0.8136221170425415,0.6887143850326538,0.5071893334388733,0.6459333300590515,0.8018102049827576,1.1141165494918823,1.3767353296279907,1.7082942724227905,1.9287012815475464,2.323183298110962,1.529139757156372,1.735184669494629,1.5335031747817993,1.7331650257110596,1.525681972503662,1.2418493032455444,1.1774641275405884,1.0234031677246094,1.1038644313812256,1.1734724044799805,1.4154685735702515,1.6159579753875732,1.8993120193481445,2.1187541484832764,2.4857678413391113,1.9891102313995361,2.1992149353027344,2.0661725997924805,2.2244479656219482,2.02309250831604,1.7535051107406616,1.7434730529785156,1.5667058229446411,1.6499906778335571,1.6456390619277954,1.8474620580673218,1.9793999195098877,2.2035467624664307,2.4636332988739014,2.68442702293396
B9,2.240194082260132,2.054487705230713,1.7197332382202148,1.6036654710769653,1.2853244543075562,1.099899411201477,0.7950913906097412,0.674606204032898,0.5541010499000549,0.6942785978317261,0.8733181953430176,1.1940058469772339,1.4910435676574707,1.750230312347412,2.109527587890625,1.5831338167190552,1.724245548248291,1.495153546333313,1.574819564819336,1.267109990119934,0.9609912633895874,0.6465703248977661,0.3790246844291687,0.0,0.38477036356925964,0.656044065952301,1.0073384046554565,1.319686770439148,1.5877327919006348,1.9738188982009888,1.5804966688156128,1.788395643234253,1.5500317811965942,1.7146540880203247,1.446807861328125,1.1177895069122314,0.8837912678718567,0.6239086389541626,0.5169670581817627,0.6031045317649841,0.8158613443374634,1.0862078666687012,1.381901741027832,1.6369916200637817,2.023665428161621,1.8104568719863892,2.043675661087036,1.835988998413086,2.0277321338653564,1.7784541845321655,1.469923496246338,1.315144658088684,1.0925953388214111,1.0420446395874023,1.0412883758544922,1.1891132593154907,1.3624244928359985,1.6008076667785645,1.8382831811904907,2.1893398761749268,2.2172272205352783,2.456831216812134,2.3066954612731934,2.4702861309051514,2.2301177978515625,1.9326426982879639,1.8530638217926025,1.624085783958435,1.6244755983352661,1.5594526529312134,1.6896125078201294,1.7714502811431885,1.9573867321014404,2.1998517513275146,2.3887693881988525
B10,2.4431700706481934,2.2978343963623047,1.960021734237671,1.8968826532363892,1.5925575494766235,1.347420334815979,1.0675872564315796,0.8228532075881958,0.6347271800041199,0.5328985452651978,0.6537003517150879,0.8962156772613525,1.2079890966415405,1.42470121383667,1.7781656980514526,1.6341546773910522,1.8378514051437378,1.676508903503418,1.8159915208816528,1.5547720193862915,1.2181555032730103,0.9726282358169556,0.6240860819816589,0.38477036356925964,0.0,0.38548606634140015,0.6679327487945557,1.023233413696289,1.2424336671829224,1.635241985321045,1.5973007678985596,1.8690481185913086,1.696313500404358,1.918684482574463,1.6890524625778198,1.3327529430389404,1.1393698453903198,0.797023355960846,0.6635743975639343,0.49268239736557007,0.6554092168807983,0.8121694922447205,1.1299751996994019,1.3271507024765015,1.7156251668930054,1.7969489097595215,2.086968183517456,1.934173822402954,2.180234670639038,1.956719994544983,1.6148297786712646,1.4799869060516357,1.1846905946731567,1.1200127601623535,0.9846970438957214,1.1018153429031372,1.175257682800293,1.4208333492279053,1.5950340032577515,1.9382151365280151,2.182136297225952,2.4682211875915527,2.3595736026763916,2.5758578777313232,2.351313352584839,2.020921468734741,1.9504684209823608,1.6668763160705566,1.6656527519226074,1.5170037746429443,1.6413202285766602,1.6554943323135376,1.8677486181259155,2.0574188232421875,2.257735013961792
B11,2.7739224433898926,2.6390132904052734,2.289048194885254,2.2262144088745117,1.8979151248931885,1.667999029159546,1.347387433052063,1.1175251007080078,0.8287642598152161,0.6889010071754456,0.5675700306892395,0.7651842832565308,0.9750862121582031,1.224953293800354,1.5368924140930176,2.000527858734131,2.2188971042633057,2.0554327964782715,2.187659740447998,1.9072602987289429,1.5812441110610962,1.2988327741622925,0.9805728197097778,0.656044065952301,0.38548606634140015,0.0,0.37897989153862,0.6693520545959473,0.9467788338661194,1.3242145776748657,1.9671173095703125,2.246774911880493,2.0752646923065186,2.2841296195983887,2.032589912414551,1.681787371635437,1.4422646760940552,1.1002521514892578,0.8571133613586426,0.6103419065475464,0.5083672404289246,0.5605364441871643,0.7958055138587952,1.024672031402588,1.396213412284851,2.133171796798706,2.4349613189697266,2.280478000640869,2.51796293258667,2.2708706855773926,1.922054648399353,1.736505150794983,1.415094017982483,1.2569044828414917,1.049391746520996,1.0241719484329224,1.0090910196304321,1.1694176197052002,1.3388092517852783,1.647186040878296,2.4708778858184814,2.7746529579162598,2.657154083251953,2.8755908012390137,2.6271748542785645,2.283277750015259,2.1640193462371826,1.8490066528320312,1.7774068117141724,1.569059133529663,1.6064969301223755,1.5427159070968628,1.7034231424331665,1.8475666046142578,2.0040767192840576
B12,3.00414776802063,2.9036521911621094,2.552612066268921,2.5292043685913086,2.209181785583496,1.946002721786499,1.6453274488449097,1.3659480810165405,1.076359748840332,0.8179183006286621,0.5962058305740356,0.5794662237167358,0.7267278432846069,0.9082637429237366,1.1923129558563232,2.157510995864868,2.4167959690093994,2.2998151779174805,2.4718947410583496,2.2215681076049805,1.8799904584884644,1.6343611478805542,1.2899935245513916,1.0073384046554565,0.6679327487945557,0.37897989153862,0.0,0.3887571096420288,0.5805317759513855,0.9702385067939758,2.119502544403076,2.436037540435791,2.3130459785461426,2.5576531887054443,2.335303783416748,1.9748774766921997,1.7670671939849854,1.4047682285308838,1.1849467754364014,0.8664487600326538,0.7077817320823669,0.5201968550682068,0.6732012033462524,0.775934100151062,1.1231082677841187,2.2684073448181152,2.602936029434204,2.4937524795532227,2.764899253845215,2.541966199874878,2.181427001953125,2.018510341644287,1.671765923500061,1.5199133157730103,1.242423176765442,1.1772842407226562,1.036733627319336,1.1541597843170166,1.217487096786499,1.4807466268539429,2.583599805831909,2.9162611961364746,2.8362338542938232,3.090087413787842,2.8595035076141357,2.5009970664978027,2.3941781520843506,2.0529162883758545,1.9831821918487549,1.7191827297210693,1.7401245832443237,1.6043915748596191,1.7696532011032104,1.8387080430984497,1.9874837398529053
B13,3.3242733478546143,3.2327582836151123,2.8725008964538574,2.8501033782958984,2.5128800868988037,2.263413190841675,1.9388132095336914,1.6795649528503418,1.3517104387283325,1.1205071210861206,0.8020280003547668,0.7158100008964539,0.6349238753318787,0.8278253078460693,1.0070759057998657,2.528047800064087,2.7939178943634033,2.668090343475342,2.834489345550537,2.5680489540100098,2.232736110687256,1.9627019166946411,1.6368488073349,1.319686770439148,1.023233413696289,0.6693520545959473,0.3887571096420288,0.0,0.3859843611717224,0.6967921257019043,2.50765061378479,2.82446026802063,2.695347785949707,2.9289705753326416,2.6901748180389404,2.3345277309417725,2.099138021469116,1.74607253074646,1.4832887649536133,1.1775470972061157,0.9150609374046326,0.6586073040962219,0.5624644756317139,0.6388036608695984,0.890400767326355,2.647893190383911,2.983856201171875,2.869218587875366,3.1305086612701416,2.891184091567993,2.5309042930603027,2.33764910697937,1.9881885051727295,1.787908673286438,1.4954862594604492,1.3360825777053833,1.129654884338379,1.1157950162887573,1.1431580781936646,1.3165611028671265,2.938140869140625,3.2765886783599854,3.188687562942505,3.438408851623535,3.191783905029297,2.829890012741089,2.6914682388305664,2.340122699737549,2.223798990249634,1.9334638118743896,1.8825229406356812,1.6845862865447998,1.7814083099365234,1.7887362241744995,1.870850920677185
