,A1,A2,A3,A4,A5,A6,A7,A8,A9,A10,A11,A12,A13,A14,A15,B1,B2,B3,B4,B5,B6,B7,B8,B9,B10,B11,B12,B13,B14,B15,C1,C2,C3,C4,C5,C6,C7,C8,C9,C10,C11,C12,C13,C14,C15,D1,D2,D3,D4,D5,D6,D7,D8,D9,D10,D11,D12,D13,D14,D15,E1,E2,E3,E4,E5,E6,E7,E8,E9,E10,E11,E12,E13,E14,E15
A1,0.0,0.3925766348838806,0.644402801990509,0.9241605401039124,1.2272138595581055,1.292740821838379,1.6692520380020142,1.8502143621444702,2.177137613296509,2.42386794090271,2.7055487632751465,3.0024924278259277,3.1962358951568604,3.4301578998565674,3.7072668075561523,1.3197197914123535,1.256807804107666,1.3256170749664307,1.4532725811004639,1.6273802518844604,1.7512025833129883,2.0720598697662354,2.2571918964385986,2.576075553894043,2.7788476943969727,3.099330186843872,3.2947323322296143,3.655090808868408,3.7416837215423584,4.024491310119629,1.9119895696640015,1.8684414625167847,1.8743091821670532,2.003652811050415,2.088996171951294,2.173964738845825,2.4658913612365723,2.5992727279663086,2.9048633575439453,3.055990695953369,3.4102895259857178,3.542954921722412,3.9116291999816895,3.9480180740356445,4.278999328613281,2.447331428527832,2.4722392559051514,2.41377592086792,2.614372730255127,2.622941017150879,2.6357767581939697,2.9195644855499268,2.9863781929016113,3.2752108573913574,3.4036707878112793,3.7508037090301514,3.886794328689575,4.257932662963867,4.298595905303955,4.656644344329834,3.1774144172668457,3.3046770095825195,3.1282007694244385,3.4175643920898438,3.343289613723755,3.22487735748291,3.5453524589538574,3.493565797805786,3.8216030597686768,3.84320068359375,4.197859764099121,4.324886798858643,4.642612934112549,4.785593032836914,5.188201904296875
A2,0.3925766348838806,0.0,0.3746357560157776,0.5585352778434753,0.8932656645774841,1.0345664024353027,1.3908087015151978,1.6244239807128906,1.9416037797927856,2.2122836112976074,2.5028762817382812,2.822669506072998,3.041175603866577,3.302677869796753,3.5939722061157227,1.3058916330337524,1.195918083190918,1.1533516645431519,1.2331101894378662,1.3434714078903198,1.4802032709121704,1.7640535831451416,1.983921766281128,2.2849526405334473,2.5230791568756104,2.8399035930633545,3.067392349243164,3.4288179874420166,3.5482113361358643,3.8511569499969482,1.8629413843154907,1.7974965572357178,1.7250792980194092,1.8305612802505493,1.8544996976852417,1.9346743822097778,2.187262773513794,2.333646535873413,2.6169629096984863,2.7961015701293945,3.1422290802001953,3.301910400390625,3.6690051555633545,3.735572576522827,4.083976745605469,2.3958628177642822,2.4070281982421875,2.2887487411499023,2.476640462875366,2.432436943054199,2.4311790466308594,2.6782724857330322,2.7441911697387695,3.0085458755493164,3.153681755065918,3.489145040512085,3.6450865268707275,4.011235237121582,4.078274250030518,4.4493889808654785,3.138378381729126,3.2417538166046143,3.0263078212738037,3.3054893016815186,3.189793825149536,3.05397891998291,3.3481507301330566,3.281235694885254,3.5913476943969727,3.6071155071258545,3.9480600357055664,4.067517280578613,4.3722357749938965,4.511219501495361,4.911839485168457
A3,0.644402801990509,0.3746357560157776,0.0,0.39584559202194214,0.6014357805252075,0.6682271957397461,1.0396192073822021,1.2523832321166992,1.576954960823059,1.839077353477478,2.1334574222564697,2.4494972229003906,2.6736369132995605,2.9362003803253174,3.2271552085876465,1.0796982049942017,1.029503583908081,0.9160012602806091,1.0747078657150269,1.1233233213424683,1.1829948425292969,1.4688847064971924,1.6512551307678223,1.9500250816345215,2.173362970352173,2.483808755874634,2.702641725540161,3.061251401901245,3.1769113540649414,3.482348918914795,1.6525633335113525,1.641944169998169,1.5324875116348267,1.6955833435058594,1.677905797958374,1.6937817335128784,1.9391937255859375,2.04079008102417,2.318119525909424,2.4733986854553223,2.8127362728118896,2.956037998199463,3.3182501792907715,3.377286911010742,3.72611665725708,2.209355354309082,2.265190839767456,2.1262147426605225,2.3544938564300537,2.2828009128570557,2.22963547706604,2.4671127796173096,2.4902544021606445,2.745918035507202,2.862668514251709,3.189579725265503,3.326014995574951,3.6866188049316406,3.7434048652648926,4.114240646362305,2.989301919937134,3.113579034805298,2.8930046558380127,3.1926658153533936,3.0620124340057373,2.888399600982666,3.1705312728881836,3.067650079727173,3.3729405403137207,3.3571834564208984,3.696580410003662,3.7935030460357666,4.107758045196533,4.228106498718262,4.6318039894104
A4,0.9241605401039124,0.5585352778434753,0.39584559202194214,0.0,0.38020405173301697,0.6636797785758972,0.9323940873146057,1.242288589477539,1.5128363370895386,1.8239564895629883,2.099896192550659,2.4499754905700684,2.6828854084014893,2.9791510105133057,3.2929139137268066,1.3954863548278809,1.3110905885696411,1.1035327911376953,1.1742558479309082,1.1162550449371338,1.1831830739974976,1.3757119178771973,1.6044245958328247,1.852695107460022,2.129763126373291,2.4167251586914062,2.677680730819702,3.0255558490753174,3.1824116706848145,3.5154244899749756,1.9047490358352661,1.868363857269287,1.6886403560638428,1.8045891523361206,1.712661862373352,1.7253608703613281,1.8979052305221558,2.013137102127075,2.243333578109741,2.436056613922119,2.7524917125701904,2.9279613494873047,3.2788233757019043,3.375699520111084,3.7449300289154053,2.4361603260040283,2.470277786254883,2.277985095977783,2.4762563705444336,2.3492157459259033,2.287872314453125,2.469223737716675,2.49259614944458,2.706061840057373,2.843790292739868,3.146841287612915,3.306697368621826,3.6541731357574463,3.744034767150879,4.1291093826293945,3.204195022583008,3.2991576194763184,3.0438199043273926,3.3220889568328857,3.1505467891693115,2.9677352905273438,3.214355945587158,3.09869384765625,3.37599515914917,3.3543574810028076,3.670665979385376,3.7550714015960693,4.047920227050781,4.159778118133545,4.558516979217529
A5,1.2272138595581055,0.8932656645774841,0.6014357805252075,0.38020405173301697,0.0,0.3755439221858978,0.5598869323730469,0.8935948014259338,1.1467180252075195,1.462489366531372,1.7388172149658203,2.0932834148406982,2.3386237621307373,2.6445369720458984,2.960908889770508,1.3502804040908813,1.3156839609146118,1.0341858863830566,1.1477633714675903,0.9881073832511902,0.9461055994033813,1.0878931283950806,1.2779815196990967,1.5010969638824463,1.777526617050171,2.0488574504852295,2.313115119934082,2.654686212539673,2.819887399673462,3.1618947982788086,1.8141640424728394,1.8246949911117554,1.5988636016845703,1.7546093463897705,1.604065179824829,1.5411924123764038,1.675391674041748,1.7370562553405762,1.9413710832595825,2.1152117252349854,2.4150681495666504,2.5808990001678467,2.9224352836608887,3.021824359893799,3.3959336280822754,2.3398492336273193,2.410629987716675,2.1909360885620117,2.4166324138641357,2.2526938915252686,2.135751962661743,2.287496566772461,2.2622971534729004,2.4512593746185303,2.560863971710205,2.845595121383667,2.989215612411499,3.3258743286132812,3.413083553314209,3.800130844116211,3.123267889022827,3.230201244354248,2.966622829437256,3.2559103965759277,3.063730478286743,2.843428611755371,3.065629482269287,2.910555601119995,3.172781229019165,3.1159651279449463,3.422595977783203,3.479253053665161,3.7761001586914062,3.865675210952759,4.265370845794678
A6,1.292740821838379,1.0345664024353027,0.6682271957397461,0.6636797785758972,0.3755439221858978,0.0,0.3933393061161041,0.5961557626724243,0.9166343212127686,1.1854928731918335,1.4841431379318237,1.8111897706985474,2.057178020477295,2.340839147567749,2.641972303390503,1.093654990196228,1.147612452507019,0.876505970954895,1.1054240465164185,0.9610820412635803,0.8067999482154846,1.0070701837539673,1.096252679824829,1.3518829345703125,1.5643870830535889,1.844906210899353,2.0664491653442383,2.413609743118286,2.5437164306640625,2.869553327560425,1.5673691034317017,1.648646593093872,1.444258213043213,1.6759060621261597,1.543920874595642,1.4184437990188599,1.5904529094696045,1.5878167152404785,1.8163673877716064,1.9316439628601074,2.239011526107788,2.3610613346099854,2.705390453338623,2.7679026126861572,3.127934694290161,2.1116580963134766,2.2358758449554443,2.040395498275757,2.3148741722106934,2.1699178218841553,2.0141682624816895,2.192528247833252,2.1248998641967773,2.3327534198760986,2.3960487842559814,2.687278985977173,2.7923026084899902,3.131930112838745,3.183772087097168,3.559748411178589,2.919495105743408,3.0627129077911377,2.823366165161133,3.1396665573120117,2.9668209552764893,2.7246601581573486,2.9581563472747803,2.7820851802825928,3.056999921798706,2.975719451904297,3.2952682971954346,3.339489459991455,3.6592955589294434,3.737304925918579,4.1419525146484375
A7,1.6692520380020142,1.3908087015151978,1.0396192073822021,0.9323940873146057,0.5598869323730469,0.3933393061161041,0.0,0.3827325701713562,0.5898998975753784,0.9115740060806274,1.1831434965133667,1.5394624471664429,1.7958736419677734,2.1096694469451904,2.428342580795288,1.3900612592697144,1.458698034286499,1.1446514129638672,1.3364089727401733,1.093783974647522,0.8526753187179565,0.8962779641151428,0.9240801334381104,1.0860768556594849,1.3181856870651245,1.5494295358657837,1.7945512533187866,2.12106990814209,2.2817728519439697,2.6338999271392822,1.7735289335250854,1.8761441707611084,1.6230800151824951,1.849366307258606,1.6469430923461914,1.4585671424865723,1.5396226644515991,1.475719690322876,1.6325230598449707,1.7354795932769775,1.9990381002426147,2.119903087615967,2.440248966217041,2.5231053829193115,2.8974764347076416,2.2770049571990967,2.41770339012146,2.18591570854187,2.4588632583618164,2.264505624771118,2.062244415283203,2.1776154041290283,2.0609378814697266,2.212581157684326,2.250734567642212,2.500859022140503,2.5947909355163574,2.9096739292144775,2.973287582397461,3.355809211730957,3.0700066089630127,3.2081081867218018,2.9523415565490723,3.2615809440612793,3.0569498538970947,2.78423810005188,2.9737040996551514,2.7578392028808594,2.9983174800872803,2.8788247108459473,3.1712119579315186,3.177427291870117,3.4871315956115723,3.534395933151245,3.9345510005950928
A8,1.8502143621444702,1.6244239807128906,1.2523832321166992,1.242288589477539,0.8935948014259338,0.5961557626724243,0.3827325701713562,0.0,0.3793987035751343,0.5895764827728271,0.9042961001396179,1.2205479145050049,1.4892990589141846,1.779148817062378,2.0793654918670654,1.2995184659957886,1.4456466436386108,1.1630395650863647,1.4207254648208618,1.199700117111206,0.8746050000190735,0.9357810020446777,0.8077883720397949,0.9736760854721069,1.0997209548950195,1.3270409107208252,1.5135326385498047,1.8433003425598145,1.9643306732177734,2.300808906555176,1.6276775598526,1.8016458749771118,1.571887731552124,1.8564273118972778,1.669744610786438,1.4186949729919434,1.516608476638794,1.3695937395095825,1.5331310033798218,1.5550622940063477,1.8129926919937134,1.875847578048706,2.192936658859253,2.233328342437744,2.592198371887207,2.1159539222717285,2.3107964992523193,2.1024961471557617,2.4148108959198,2.2359797954559326,1.992523193359375,2.120267868041992,1.9520965814590454,2.1104512214660645,2.0895049571990967,2.335355758666992,2.380462646484375,2.691816806793213,2.7154369354248047,3.0843489170074463,2.911242961883545,3.0824954509735107,2.852271556854248,3.1817808151245117,2.994248628616333,2.699148416519165,2.888946771621704,2.6481642723083496,2.8922860622406006,2.741962194442749,3.0401902198791504,3.027130126953125,3.3574917316436768,3.387787342071533,3.7895634174346924
A9,2.177137613296509,1.9416037797927856,1.576954960823059,1.5128363370895386,1.1467180252075195,0.9166343212127686,0.5898998975753784,0.3793987035751343,0.0,0.39248427748680115,0.5945160984992981,0.9638156890869141,1.2194713354110718,1.547186017036438,1.8756427764892578,1.6656348705291748,1.8210102319717407,1.5305726528167725,1.7630767822265625,1.5027574300765991,1.1653473377227783,1.1114755868911743,0.9249527454376221,0.9377332329750061,1.0385053157806396,1.1574342250823975,1.3430663347244263,1.6249425411224365,1.7674200534820557,2.1329476833343506,1.9559686183929443,2.1427223682403564,1.896220326423645,2.1696150302886963,1.946211814880371,1.6659876108169556,1.6885265111923218,1.4876925945281982,1.5627937316894531,1.5495747327804565,1.7345013618469238,1.7706999778747559,2.041301965713501,2.0892105102539062,2.454798460006714,2.4092233180999756,2.616795063018799,2.3932137489318848,2.700133800506592,2.492372751235962,2.2207911014556885,2.295253276824951,2.0852203369140625,2.1835880279541016,2.1265575885772705,2.3167102336883545,2.333864212036133,2.6060731410980225,2.6299588680267334,2.996589183807373,3.1819725036621094,3.3528449535369873,3.117616653442383,3.439743757247925,3.2330048084259033,2.918287515640259,3.0697081089019775,2.7972002029418945,3.0056002140045166,2.8171768188476562,3.082996129989624,3.0258193016052246,3.3436617851257324,3.3349392414093018,3.7273714542388916
A10,2.42386794090271,2.2122836112976074,1.839077353477478,1.8239564895629883,1.462489366531372,1.1854928731918335,0.9115740060806274,0.5895764827728271,0.39248427748680115,0.0,0.39242827892303467,0.6545078158378601,0.9748146533966064,1.2687623500823975,1.5595413446426392,1.698761224746704,1.8838889598846436,1.6173557043075562,1.8639334440231323,1.6158932447433472,1.2439258098602295,1.1815649271011353,0.8802453875541687,0.8584728240966797,0.8061552047729492,0.8948385119438171,1.003227710723877,1.292415976524353,1.4006227254867554,1.7532634735107422,1.8791779279708862,2.1085784435272217,1.87603759765625,2.1746158599853516,1.9577572345733643,1.6323553323745728,1.646340250968933,1.3722946643829346,1.4311115741729736,1.3284647464752197,1.4895380735397339,1.4618102312088013,1.724743366241455,1.7338030338287354,2.0863709449768066,2.2742550373077393,2.517956495285034,2.3082594871520996,2.633596897125244,2.432455062866211,2.1259829998016357,2.1926066875457764,1.9344416856765747,2.0232863426208496,1.9058042764663696,2.0792076587677,2.0464890003204346,2.30930233001709,2.297224998474121,2.6503140926361084,3.014402389526367,3.203740119934082,2.988612413406372,3.3173716068267822,3.120492696762085,2.786726951599121,2.9236652851104736,2.6272332668304443,2.8267641067504883,2.607445001602173,2.869206190109253,2.7906494140625,3.122774362564087,3.0969622135162354,3.487025499343872
A11,2.7055487632751465,2.5028762817382812,2.1334574222564697,2.099896192550659,1.7388172149658203,1.4841431379318237,1.1831434965133667,0.9042961001396179,0.5945160984992981,0.39242827892303467,0.0,0.3974941372871399,0.6471090316772461,0.9888853430747986,1.3237175941467285,2.043705940246582,2.2531960010528564,1.9962894916534424,2.248704195022583,1.994638204574585,1.6269782781600952,1.5358351469039917,1.2382121086120605,1.1329951286315918,1.04722261428833,0.9876804351806641,1.028069257736206,1.2092740535736084,1.2992486953735352,1.6664329767227173,2.244140148162842,2.490553617477417,2.266376256942749,2.5661613941192627,2.3430800437927246,2.0133328437805176,1.9985802173614502,1.7048354148864746,1.7046875953674316,1.5669798851013184,1.6443372964859009,1.5614820718765259,1.7467598915100098,1.7331089973449707,2.0668537616729736,2.6306002140045166,2.8901565074920654,2.68719482421875,3.014021158218384,2.807749032974243,2.4913747310638428,2.5337891578674316,2.2531580924987793,2.301362991333008,2.1495041847229004,2.2672014236450195,2.1915762424468994,2.4021427631378174,2.3695971965789795,2.7015268802642822,3.356584310531616,3.5561587810516357,3.349614381790161,3.677286386489868,3.478144645690918,3.135986328125,3.252031087875366,2.9379210472106934,3.111745834350586,2.8635075092315674,3.0959160327911377,2.976912498474121,3.296549081802368,3.2299022674560547,3.604498863220215
A12,3.0024924278259277,2.822669506072998,2.4494972229003906,2.4499754905700684,2.0932834148406982,1.8111897706985474,1.5394624471664429,1.2205479145050049,0.9638156890869141,0.6545078158378601,0.3974941372871399,0.0,0.3824402689933777,0.6572402715682983,0.951382040977478,2.2112340927124023,2.445821523666382,2.218142032623291,2.481281280517578,2.2449913024902344,1.8671807050704956,1.7811188697814941,1.4357941150665283,1.3148690462112427,1.1126378774642944,0.9811626672744751,0.8691326975822449,0.9736598134040833,0.9753100275993347,1.3164136409759521,2.332955837249756,2.612894296646118,2.413034200668335,2.7283377647399902,2.519845724105835,2.1682262420654297,2.1505260467529297,1.8138606548309326,1.7942686080932617,1.5770756006240845,1.6015963554382324,1.428325891494751,1.560015320777893,1.4772390127182007,1.7700163125991821,2.6611862182617188,2.9516422748565674,2.7718894481658936,3.1099071502685547,2.9173054695129395,2.5802831649780273,2.6161649227142334,2.3008224964141846,2.334376335144043,2.1231815814971924,2.206463575363159,2.0652663707733154,2.24139142036438,2.1557483673095703,2.4537570476531982,3.340935230255127,3.5600149631500244,3.380488634109497,3.710906505584717,3.52705454826355,3.173907518386841,3.274479389190674,2.9433510303497314,3.102325677871704,2.8248846530914307,3.0429129600524902,2.896127700805664,3.2220287322998047,3.1289608478546143,3.490962266921997
A13,3.1962358951568604,3.041175603866577,2.6736369132995605,2.6828854084014893,2.3386237621307373,2.057178020477295,1.7958736419677734,1.4892990589141846,1.2194713354110718,0.9748146533966064,0.6471090316772461,0.3824402689933777,0.0,0.3693942129611969,0.7415701746940613,2.4583425521850586,2.724065065383911,2.5183730125427246,2.804633140563965,2.581815242767334,2.2067861557006836,2.1388754844665527,1.8045923709869385,1.6870554685592651,1.4937708377838135,1.3359591960906982,1.188384771347046,1.1971840858459473,1.130913257598877,1.4206122159957886,2.6230950355529785,2.923217535018921,2.7462477684020996,3.0751795768737793,2.880753755569458,2.533865213394165,2.5293474197387695,2.195148229598999,2.1740610599517822,1.949357032775879,1.9484903812408447,1.7442408800125122,1.8202146291732788,1.698299527168274,1.9391862154006958,2.9647257328033447,3.2725980281829834,3.1140928268432617,3.4625229835510254,3.283468723297119,2.9487099647521973,2.994145631790161,2.67667555809021,2.708345651626587,2.48388671875,2.547916889190674,2.3786234855651855,2.520824909210205,2.4055259227752686,2.6686270236968994,3.645556926727295,3.883214235305786,3.7211759090423584,4.05898904800415,3.887758731842041,3.535658836364746,3.6404268741607666,3.3081302642822266,3.464548349380493,3.178475856781006,3.3871285915374756,3.2239866256713867,3.5448238849639893,3.430117607116699,3.77821946144104
A14,3.4301578998565674,3.302677869796753,2.9362003803253174,2.9791510105133057,2.6445369720458984,2.340839147567749,2.1096694469451904,1.779148817062378,1.547186017036438,1.2687623500823975,0.9888853430747986,0.6572402715682983,0.3693942129611969,0.0,0.3885972499847412,2.6157190799713135,2.9053704738616943,2.7331225872039795,3.034702777862549,2.83642315864563,2.460001230239868,2.4146242141723633,2.0614688396453857,1.9597935676574707,1.716376781463623,1.5527797937393188,1.325097680091858,1.2774771451950073,1.1046226024627686,1.2997870445251465,2.7392892837524414,3.0658137798309326,2.92077898979187,3.264451265335083,3.093869924545288,2.741086483001709,2.7527248859405518,2.4030568599700928,2.3890862464904785,2.1234171390533447,2.10448956489563,1.8453891277313232,1.8817766904830933,1.6921476125717163,1.8631194829940796,3.0430948734283447,3.375514268875122,3.2480809688568115,3.606995105743408,3.451073408126831,3.1107583045959473,3.1669106483459473,2.836211681365967,2.8725056648254395,2.614102363586426,2.664351463317871,2.449474811553955,2.566281318664551,2.3994035720825195,2.616706609725952,3.685964345932007,3.945080518722534,3.813927412033081,4.156469821929932,4.008154392242432,3.6554017066955566,3.7597649097442627,3.424980640411377,3.57879638671875,3.2808594703674316,3.4843831062316895,3.310037136077881,3.6362061500549316,3.508040428161621,3.8427298069000244
A15,3.7072668075561523,3.5939722061157227,3.2271552085876465,3.2929139137268066,2.960908889770508,2.641972303390503,2.428342580795288,2.0793654918670654,1.8756427764892578,1.5595413446426392,1.3237175941467285,0.951382040977478,0.7415701746940613,0.3885972499847412,0.0,2.799886465072632,3.0960028171539307,2.9473021030426025,3.248213291168213,3.066082000732422,2.690591335296631,2.6511337757110596,2.2800536155700684,2.181063413619995,1.8891438245773315,1.7147488594055176,1.418669581413269,1.3154727220535278,1.0486373901367188,1.120078444480896,2.8523905277252197,3.1938467025756836,3.0714685916900635,3.418370485305786,3.263793468475342,2.904676675796509,2.9177050590515137,2.552385091781616,2.5333967208862305,2.2281031608581543,2.181565284729004,1.8727868795394897,1.8629711866378784,1.6111948490142822,1.7007197141647339,3.0957493782043457,3.4441113471984863,3.340277671813965,3.7000198364257812,3.560607671737671,3.2137088775634766,3.2673401832580566,2.9223852157592773,2.9524099826812744,2.659402847290039,2.686354875564575,2.426353693008423,2.510247230529785,2.2940573692321777,2.4590346813201904,3.6786537170410156,3.950073480606079,3.8468518257141113,4.185647010803223,4.055536270141602,3.7021045684814453,3.794414758682251,3.4560093879699707,3.5973000526428223,3.2860352993011475,3.475815773010254,3.2876498699188232,3.6135616302490234,3.4706997871398926,3.7870967388153076
B1,1.3197197914123535,1.3058916330337524,1.0796982049942017,1.3954863548278809,1.3502804040908813,1.093654990196228,1.3900612592697144,1.2995184659957886,1.6656348705291748,1.698761224746704,2.043705940246582,2.2112340927124023,2.4583425521850586,2.6157190799713135,2.799886465072632,0.0,0.39192306995391846,0.5801666975021362,0.9416419267654419,1.1277873516082764,1.0778241157531738,1.465483546257019,1.4776087999343872,1.846374750137329,1.894001841545105,2.244776487350464,2.3440747261047363,2.715327262878418,2.7360029220581055,2.944044351577759,0.6792596578598022,0.8504989147186279,0.918897271156311,1.255257248878479,1.3739663362503052,1.3162857294082642,1.683663010597229,1.7043710947036743,2.0603830814361572,2.097148895263672,2.4655601978302,2.5271189212799072,2.901311159133911,2.8756377696990967,3.155642032623291,1.2692152261734009,1.4420405626296997,1.4227510690689087,1.7579797506332397,1.7935562133789062,1.6999117136001587,2.0365262031555176,2.017974615097046,2.348855495452881,2.3880832195281982,2.7496275901794434,2.8193578720092773,3.19565749168396,3.174062490463257,3.4952917098999023,2.0780751705169678,2.2876696586608887,2.15084171295166,2.50919508934021,2.460211753845215,2.270145893096924,2.6003925800323486,2.4971859455108643,2.845280170440674,2.820213794708252,3.196439504623413,3.3090505599975586,3.666907548904419,3.7982757091522217,4.200080394744873
B2,1.256807804107666,1.195918083190918,1.029503583908081,1.3110905885696411,1.3156839609146118,1.147612452507019,1.458698034286499,1.4456466436386108,1.8210102319717407,1.8838889598846436,2.2531960010528564,2.445821523666382,2.724065065383911,2.9053704738616943,3.0960028171539307,0.39192306995391846,0.0,0.3822726905345917,0.6227737069129944,0.90311199426651,0.9829276204109192,1.3783128261566162,1.481760025024414,1.8634825944900513,1.9632644653320312,2.3379018306732178,2.481762170791626,2.867011070251465,2.925358772277832,3.1426355838775635,0.676831066608429,0.643596351146698,0.6886430978775024,0.946104884147644,1.1046199798583984,1.1439727544784546,1.5253121852874756,1.6338624954223633,2.0019664764404297,2.101438045501709,2.486215353012085,2.6020853519439697,2.9903182983398438,3.0052521228790283,3.29844069480896,1.206490397453308,1.2718218564987183,1.215344786643982,1.4972974061965942,1.53472101688385,1.5038299560546875,1.8475795984268188,1.8973177671432495,2.2383193969726562,2.337836980819702,2.7140541076660156,2.834645986557007,3.222017765045166,3.2398312091827393,3.572173595428467,1.9762452840805054,2.128422498703003,1.955473780632019,2.2872314453125,2.224027395248413,2.066291332244873,2.404366970062256,2.341285228729248,2.6926307678222656,2.712601900100708,3.0887911319732666,3.235555648803711,3.575437307357788,3.7370758056640625,4.135647296905518
B3,1.3256170749664307,1.1533516645431519,0.9160012602806091,1.1035327911376953,1.0341858863830566,0.876505970954895,1.1446514129638672,1.1630395650863647,1.5305726528167725,1.6173557043075562,1.9962894916534424,2.218142032623291,2.5183730125427246,2.7331225872039795,2.9473021030426025,0.5801666975021362,0.3822726905345917,0.0,0.4004383981227875,0.5556209087371826,0.6119458675384521,1.0072413682937622,1.1441917419433594,1.5214077234268188,1.664618968963623,2.0394039154052734,2.2230184078216553,2.6115775108337402,2.7082698345184326,2.9577791690826416,0.8232877850532532,0.7923438549041748,0.629676878452301,0.8804510831832886,0.9006993174552917,0.8897416591644287,1.2333344221115112,1.3425319194793701,1.693126916885376,1.823386788368225,2.203850030899048,2.3483574390411377,2.737302541732788,2.7858142852783203,3.106292724609375,1.3332507610321045,1.3957387208938599,1.2332663536071777,1.5071163177490234,1.4468761682510376,1.3663363456726074,1.6566294431686401,1.6836135387420654,1.9940458536148071,2.1054577827453613,2.4690868854522705,2.6080119609832764,2.9912643432617188,3.037534475326538,3.3912651538848877,2.112990140914917,2.2383413314819336,2.0134263038635254,2.333407163619995,2.208176612854004,2.011991500854492,2.309892416000366,2.2085072994232178,2.5372557640075684,2.5341360569000244,2.89626145362854,3.0227928161621094,3.3541650772094727,3.5022201538085938,3.90450119972229
B4,1.4532725811004639,1.2331101894378662,1.0747078657150269,1.1742558479309082,1.1477633714675903,1.1054240465164185,1.3364089727401733,1.4207254648208618,1.7630767822265625,1.8639334440231323,2.248704195022583,2.481281280517578,2.804633140563965,3.034702777862549,3.248213291168213,0.9416419267654419,0.6227737069129944,0.4004383981227875,0.0,0.38006117939949036,0.6670187711715698,0.9891812205314636,1.229236125946045,1.5863710641860962,1.7773656845092773,2.158984899520874,2.3814444541931152,2.772364616394043,2.9048192501068115,3.157297134399414,1.0095179080963135,0.8190591335296631,0.5805632472038269,0.6325476765632629,0.6361905932426453,0.7741186618804932,1.0908478498458862,1.3110606670379639,1.651504635810852,1.8511549234390259,2.233337163925171,2.433534860610962,2.826287031173706,2.9171998500823975,3.2448956966400146,1.3909947872161865,1.3436933755874634,1.121008038520813,1.3032572269439697,1.2110545635223389,1.2018448114395142,1.469977617263794,1.5769915580749512,1.8813279867172241,2.0609474182128906,2.428246259689331,2.6211843490600586,3.0071868896484375,3.096358299255371,3.456608533859253,2.0838077068328857,2.140524387359619,1.8724915981292725,2.148888349533081,1.993314266204834,1.8291645050048828,2.1165220737457275,2.055220127105713,2.374802350997925,2.418647289276123,2.7711198329925537,2.9306132793426514,3.236135482788086,3.413970470428467,3.8083720207214355
B5,1.6273802518844604,1.3434714078903198,1.1233233213424683,1.1162550449371338,0.9881073832511902,0.9610820412635803,1.093783974647522,1.199700117111206,1.5027574300765991,1.6158932447433472,1.994638204574585,2.2449913024902344,2.581815242767334,2.83642315864563,3.066082000732422,1.1277873516082764,0.90311199426651,0.5556209087371826,0.38006117939949036,0.0,0.3791390061378479,0.6279981732368469,0.9203399419784546,1.2512400150299072,1.4874393939971924,1.8566951751708984,2.114534378051758,2.499847412109375,2.6664950847625732,2.9459688663482666,1.2009741067886353,1.0813201665878296,0.7515429854393005,0.8147842288017273,0.6162179708480835,0.6314697265625,0.8477489948272705,1.053114652633667,1.3563854694366455,1.584654688835144,1.9515007734298706,2.174788236618042,2.5603861808776855,2.6810412406921387,3.030700922012329,1.5703262090682983,1.557093620300293,1.2721620798110962,1.4551377296447754,1.2662076950073242,1.1775624752044678,1.3599371910095215,1.4173238277435303,1.67210054397583,1.8511338233947754,2.1947336196899414,2.397091865539551,2.771986961364746,2.884340524673462,3.2613701820373535,2.2657525539398193,2.316195249557495,2.0194830894470215,2.286700963973999,2.07867169380188,1.8681132793426514,2.100501298904419,1.9857968091964722,2.2719852924346924,2.2769923210144043,2.6088175773620605,2.7358479499816895,3.0337724685668945,3.1884803771972656,3.5857274532318115
B6,1.7512025833129883,1.4802032709121704,1.1829948425292969,1.1831830739974976,0.9461055994033813,0.8067999482154846,0.8526753187179565,0.8746050000190735,1.1653473377227783,1.2439258098602295,1.6269782781600952,1.8671807050704956,2.2067861557006836,2.460001230239868,2.690591335296631,1.0778241157531738,0.9829276204109192,0.6119458675384521,0.6670187711715698,0.3791390061378479,0.0,0.3983495235443115,0.5819104313850403,0.9400439262390137,1.150050163269043,1.5183639526367188,1.7630923986434937,2.1487033367156982,2.307025194168091,2.5956480503082275,1.166457176208496,1.1696053743362427,0.8403492569923401,1.0294406414031982,0.8050839900970459,0.620717465877533,0.8002232313156128,0.8582006096839905,1.1549655199050903,1.3259356021881104,1.6872729063034058,1.8753012418746948,2.2574734687805176,2.3602793216705322,2.715294122695923,1.5670303106307983,1.6415849924087524,1.36497962474823,1.6145743131637573,1.4123356342315674,1.2266039848327637,1.3857407569885254,1.3385370969772339,1.5724539756774902,1.6826651096343994,2.0109097957611084,2.169619560241699,2.5375442504882812,2.6258599758148193,3.00561261177063,2.305891752243042,2.400188684463501,2.1208527088165283,2.4163036346435547,2.207458019256592,1.9471529722213745,2.158817768096924,1.9828319549560547,2.258280038833618,2.2013299465179443,2.530221462249756,2.6121504306793213,2.9296717643737793,3.047433853149414,3.45174241065979
B7,2.0720598697662354,1.7640535831451416,1.4688847064971924,1.3757119178771973,1.0878931283950806,1.0070701837539673,0.8962779641151428,0.9357810020446777,1.1114755868911743,1.1815649271011353,1.5358351469039917,1.7811188697814941,2.1388754844665527,2.4146242141723633,2.6511337757110596,1.465483546257019,1.3783128261566162,1.0072413682937622,0.9891812205314636,0.6279981732368469,0.3983495235443115,0.0,0.38832277059555054,0.6390033960342407,0.934550404548645,1.273411750793457,1.5746662616729736,1.9444780349731445,2.155895709991455,2.468116283416748,1.496894121170044,1.49515962600708,1.1338306665420532,1.2545708417892456,0.9355982542037964,0.7042995691299438,0.6583771109580994,0.6751142740249634,0.8681143522262573,1.095438003540039,1.4210237264633179,1.6565775871276855,2.022968292236328,2.177161693572998,2.5529510974884033,1.8214082717895508,1.8846639394760132,1.563450813293457,1.7712417840957642,1.4973474740982056,1.2727633714675903,1.3127497434616089,1.2233208417892456,1.3700231313705444,1.4893498420715332,1.7748268842697144,1.9580053091049194,2.3056411743164062,2.434807538986206,2.8293418884277344,2.502419948577881,2.568122625350952,2.261749267578125,2.5268490314483643,2.2703981399536133,1.9859960079193115,2.128844738006592,1.9141196012496948,2.1374359130859375,2.0496408939361572,2.341737985610962,2.392821788787842,2.689159393310547,2.787039041519165,3.1877591609954834
B8,2.2571918964385986,1.983921766281128,1.6512551307678223,1.6044245958328247,1.2779815196990967,1.096252679824829,0.9240801334381104,0.8077883720397949,0.9249527454376221,0.8802453875541687,1.2382121086120605,1.4357941150665283,1.8045923709869385,2.0614688396453857,2.2800536155700684,1.4776087999343872,1.481760025024414,1.1441917419433594,1.229236125946045,0.9203399419784546,0.5819104313850403,0.38832277059555054,0.0,0.38288673758506775,0.578262209892273,0.9393439888954163,1.2077516317367554,1.5866718292236328,1.7780221700668335,2.0879855155944824,1.4701926708221436,1.5607084035873413,1.231374979019165,1.4328597784042358,1.1455026865005493,0.8195106387138367,0.7750899791717529,0.5763021111488342,0.7427697777748108,0.8411396145820618,1.162025809288025,1.3373486995697021,1.7053920030593872,1.8272948265075684,2.2016029357910156,1.779968500137329,1.9161404371261597,1.622443437576294,1.882304072380066,1.6253933906555176,1.3351624011993408,1.3724703788757324,1.1797374486923218,1.309141755104065,1.327339768409729,1.594660758972168,1.7124296426773071,2.0539822578430176,2.143462657928467,2.5339128971099854,2.468923330307007,2.576392650604248,2.2991557121276855,2.588778495788574,2.348240852355957,2.028623580932617,2.1590542793273926,1.8960224390029907,2.1115591526031494,1.963881254196167,2.25464129447937,2.2620773315429688,2.5836029052734375,2.645226001739502,3.0501859188079834
B9,2.576075553894043,2.2849526405334473,1.9500250816345215,1.852695107460022,1.5010969638824463,1.3518829345703125,1.0860768556594849,0.9736760854721069,0.9377332329750061,0.8584728240966797,1.1329951286315918,1.3148690462112427,1.6870554685592651,1.9597935676574707,2.181063413619995,1.846374750137329,1.8634825944900513,1.5214077234268188,1.5863710641860962,1.2512400150299072,0.9400439262390137,0.6390033960342407,0.38288673758506775,0.0,0.3878365159034729,0.6484394073486328,0.9873993396759033,1.3327676057815552,1.5822973251342773,1.921068787574768,1.8297768831253052,1.9263590574264526,1.5914249420166016,1.7634844779968262,1.4447362422943115,1.1203546524047852,0.9525905847549438,0.6922873258590698,0.6419806480407715,0.7128799557685852,0.9306496381759644,1.1253042221069336,1.4560697078704834,1.624962568283081,2.0194613933563232,2.096920967102051,2.2354319095611572,1.9282772541046143,2.1636886596679688,1.873605728149414,1.5643794536590576,1.5113693475723267,1.2696949243545532,1.2875784635543823,1.2658129930496216,1.4497734308242798,1.5557643175125122,1.8554350137710571,1.9716068506240845,2.370682716369629,2.738905191421509,2.834521770477295,2.5500872135162354,2.8178493976593018,2.5513033866882324,2.2160754203796387,2.285151481628418,1.9862018823623657,2.1421000957489014,1.947914958000183,2.1881659030914307,2.1411056518554688,2.4414970874786377,2.4607298374176025,2.857818126678467
B10,2.7788476943969727,2.5230791568756104,2.173362970352173,2.129763126373291,1.777526617050171,1.5643870830535889,1.3181856870651245,1.0997209548950195,1.0385053157806396,0.8061552047729492,1.04722261428833,1.1126378774642944,1.4937708377838135,1.716376781463623,1.8891438245773315,1.894001841545105,1.9632644653320312,1.664618968963623,1.7773656845092773,1.4874393939971924,1.150050163269043,0.934550404548645,0.578262209892273,0.3878365159034729,0.0,0.39067474007606506,0.6440578699111938,1.0187848806381226,1.2329314947128296,1.5509836673736572,1.8052994012832642,1.96052086353302,1.6644781827926636,1.8800575733184814,1.598716378211975,1.236936092376709,1.1035537719726562,0.7450039982795715,0.6833608746528625,0.5306249856948853,0.7177537083625793,0.805515706539154,1.1505554914474487,1.270530104637146,1.6576772928237915,2.021343469619751,2.210679531097412,1.9368963241577148,2.203212022781372,1.9402140378952026,1.595004916191101,1.5517076253890991,1.2420949935913086,1.2550009489059448,1.1219220161437988,1.283783197402954,1.3035539388656616,1.599367618560791,1.660747766494751,2.0498147010803223,2.633735179901123,2.761225700378418,2.5101606845855713,2.7926840782165527,2.5493555068969727,2.193838357925415,2.2545430660247803,1.9257806539535522,2.0761830806732178,1.8357170820236206,2.07570481300354,1.995544672012329,2.322622776031494,2.314643621444702,2.7116825580596924
B11,3.099330186843872,2.8399035930633545,2.483808755874634,2.4167251586914062,2.0488574504852295,1.844906210899353,1.5494295358657837,1.3270409107208252,1.1574342250823975,0.8948385119438171,0.9876804351806641,0.9811626672744751,1.3359591960906982,1.5527797937393188,1.7147488594055176,2.244776487350464,2.3379018306732178,2.0394039154052734,2.158984899520874,1.8566951751708984,1.5183639526367188,1.273411750793457,0.9393439888954163,0.6484394073486328,0.39067474007606506,0.0,0.38395360112190247,0.6873371005058289,0.969264566898346,1.3239811658859253,2.171539068222046,2.343726396560669,2.0537121295928955,2.2654361724853516,1.9755592346191406,1.617272138595581,1.4454718828201294,1.0869449377059937,0.9165297150611877,0.7077950239181519,0.6695631146430969,0.662741482257843,0.9071255326271057,1.0488839149475098,1.4498672485351562,2.3705310821533203,2.572974920272827,2.304232358932495,2.562729597091675,2.290905475616455,1.939318299293518,1.8517227172851562,1.5187050104141235,1.4511758089065552,1.2623624801635742,1.3093026876449585,1.2625585794448853,1.4775832891464233,1.5317089557647705,1.9108467102050781,2.9496583938598633,3.079987049102783,2.8369710445404053,3.1076674461364746,2.8572230339050293,2.494373083114624,2.512981653213501,2.1618218421936035,2.2604763507843018,1.9766732454299927,2.159881830215454,2.014164924621582,2.317842721939087,2.2493162155151367,2.627385139465332
B12,3.2947323322296143,3.067392349243164,2.702641725540161,2.677680730819702,2.313115119934082,2.0664491653442383,1.7945512533187866,1.5135326385498047,1.3430663347244263,1.003227710723877,1.028069257736206,0.8691326975822449,1.188384771347046,1.325097680091858,1.418669581413269,2.3440747261047363,2.481762170791626,2.2230184078216553,2.3814444541931152,2.114534378051758,1.7630923986434937,1.5746662616729736,1.2077516317367554,0.9873993396759033,0.6440578699111938,0.38395360112190247,0.0,0.3920767605304718,0.5997563004493713,0.9460390210151672,2.2350013256073,2.4539906978607178,2.205899953842163,2.450721025466919,2.19762921333313,1.827138900756836,1.6976341009140015,1.3143250942230225,1.1790658235549927,0.8737956285476685,0.7807276844978333,0.5628557205200195,0.7346032857894897,0.7515175342559814,1.1336147785186768,2.3984317779541016,2.6430068016052246,2.414489984512329,2.696589708328247,2.4578933715820312,2.093626022338867,2.029310464859009,1.6695433855056763,1.6137926578521729,1.349401831626892,1.3644301891326904,1.2082295417785645,1.3837116956710815,1.3458712100982666,1.6905535459518433,2.9457592964172363,3.1083014011383057,2.903512954711914,3.1862354278564453,2.9652886390686035,2.595973491668701,2.615312337875366,2.253526210784912,2.3492634296417236,2.0370841026306152,2.2135040760040283,2.0397536754608154,2.3586084842681885,2.260563850402832,2.6252541542053223
B13,3.655090808868408,3.4288179874420166,3.061251401901245,3.0255558490753174,2.654686212539673,2.413609743118286,2.12106990814209,1.8433003425598145,1.6249425411224365,1.292415976524353,1.2092740535736084,0.9736598134040833,1.1971840858459473,1.2774771451950073,1.3154727220535278,2.715327262878418,2.867011070251465,2.6115775108337402,2.772364616394043,2.499847412109375,2.1487033367156982,1.9444780349731445,1.5866718292236328,1.3327676057815552,1.0187848806381226,0.6873371005058289,0.3920767605304718,0.0,0.3700008690357208,0.7284201979637146,2.606250524520874,2.834937572479248,2.593219757080078,2.8344013690948486,2.577789068222046,2.2088072299957275,2.057817220687866,1.6762886047363281,1.4961967468261719,1.1873513460159302,0.9839791655540466,0.699306845664978,0.6385486721992493,0.6088303923606873,0.9467272162437439,2.7471702098846436,2.999582290649414,2.778379201889038,3.053192377090454,2.8119733333587646,2.445183515548706,2.353412389755249,1.9843709468841553,1.8812785148620605,1.5881521701812744,1.514164686203003,1.295494794845581,1.3599352836608887,1.2880527973175049,1.5832762718200684,3.254474401473999,3.419027805328369,3.2261953353881836,3.497281074523926,3.275935411453247,2.90459942817688,2.8914949893951416,2.5189595222473145,2.5728068351745605,2.233461856842041,2.3568849563598633,2.1306328773498535,2.419461965560913,2.2644693851470947,2.5952508449554443
