,A1,A2,A3,A4,A5,A6,A7,A8,A9,A10,A11,A12,A13,A14,A15,B1,B2,B3,B4,B5,B6,B7,B8,B9,B10,B11,B12,B13,B14,B15,C1,C2,C3,C4,C5,C6,C7,C8,C9,C10,C11,C12,C13,C14,C15,D1,D2,D3,D4,D5,D6,D7,D8,D9,D10,D11,D12,D13,D14,D15,E1,E2,E3,E4,E5,E6,E7,E8,E9,E10,E11,E12,E13,E14,E15
A1,0.0,0.38994526863098145,0.5895190834999084,0.8711889982223511,1.0198924541473389,1.086142897605896,1.4476515054702759,1.5729349851608276,1.8964815139770508,2.092161178588867,2.4015860557556152,2.4456050395965576,2.8206191062927246,2.714576244354248,3.009848117828369,1.5380526781082153,1.5055437088012695,1.5540261268615723,1.6829097270965576,1.6195836067199707,1.627110481262207,1.9101215600967407,1.9970711469650269,2.2849855422973633,2.3798482418060303,2.687558174133301,2.7060530185699463,3.042896032333374,2.950528383255005,3.238177537918091,2.2638468742370605,2.24454402923584,2.261558771133423,2.3632073402404785,2.3014063835144043,2.2666330337524414,2.4762983322143555,2.5230486392974854,2.7566704750061035,2.8231606483459473,3.078295946121216,3.0856640338897705,3.390763282775879,3.323669910430908,3.596019983291626,2.9027881622314453,2.88310170173645,2.9170777797698975,3.0114333629608154,2.9165754318237305,2.893508195877075,3.0830471515655518,3.118868112564087,3.3192226886749268,3.4159860610961914,3.6250040531158447,3.634744644165039,3.9435877799987793,3.8657662868499756,4.0884504318237305,3.6321768760681152,3.631431818008423,3.7321465015411377,3.841886281967163,3.718477964401245,3.6874876022338867,3.924349308013916,3.8809220790863037,4.124084949493408,4.069797515869141,4.394649982452393,4.367988586425781,4.728524684906006,4.787959098815918,5.022343158721924
A2,0.38994526863098145,0.0,0.38729050755500793,0.5223934650421143,0.7482993006706238,0.9092684984207153,1.2324098348617554,1.4285873174667358,1.7568297386169434,1.9522725343704224,2.2878050804138184,2.3819615840911865,2.765927791595459,2.700540781021118,3.0098116397857666,1.453999400138855,1.3440158367156982,1.3342241048812866,1.4052897691726685,1.2979682683944702,1.3365875482559204,1.592592477798462,1.7274627685546875,2.0147979259490967,2.1568260192871094,2.4797401428222656,2.5462324619293213,2.9060754776000977,2.8505117893218994,3.16390061378479,2.125607967376709,2.0642285346984863,2.034045934677124,2.1021907329559326,2.00203800201416,1.9760286808013916,2.1565113067626953,2.227238178253174,2.4526820182800293,2.5573623180389404,2.8222155570983887,2.8690855503082275,3.194760799407959,3.160968542098999,3.460625648498535,2.746245861053467,2.699228048324585,2.693279266357422,2.7652199268341064,2.6363003253936768,2.614084482192993,2.774102210998535,2.82020902633667,3.0052831172943115,3.1284635066986084,3.3373727798461914,3.377426862716675,3.6995246410369873,3.652863025665283,3.900784969329834,3.472670078277588,3.4580931663513184,3.5252692699432373,3.6231045722961426,3.469738006591797,3.4309961795806885,3.642951011657715,3.596708297729492,3.821160316467285,3.774860143661499,4.091538906097412,4.074940204620361,4.428930282592773,4.505275726318359,4.7321906089782715
A3,0.5895190834999084,0.38729050755500793,0.0,0.3869550824165344,0.5345435738563538,0.5716527700424194,0.9243229031562805,1.0700113773345947,1.4189149141311646,1.5837256908416748,1.9217286109924316,2.007388114929199,2.3883252143859863,2.3239314556121826,2.6330678462982178,1.2567871809005737,1.1982141733169556,1.1184744834899902,1.264877438545227,1.1258546113967896,1.0699576139450073,1.336413860321045,1.4094644784927368,1.6970642805099487,1.8038194179534912,2.121089220046997,2.1691105365753174,2.5248775482177734,2.463629722595215,2.7770955562591553,1.930305004119873,1.9141188859939575,1.8503621816635132,1.9727787971496582,1.8539856672286987,1.7635226249694824,1.9420222043991089,1.9585354328155518,2.1758861541748047,2.241441249847412,2.4930784702301025,2.5148062705993652,2.8303065299987793,2.7864227294921875,3.080550193786621,2.550820827484131,2.5435497760772705,2.518031358718872,2.634199619293213,2.4956321716308594,2.4246139526367188,2.5852108001708984,2.5862877368927,2.764904499053955,2.850754499435425,3.0456392765045166,3.0570266246795654,3.3660430908203125,3.3044800758361816,3.539801597595215,3.275908946990967,3.2969818115234375,3.3540399074554443,3.4870734214782715,3.3347856998443604,3.259822368621826,3.477882146835327,3.397716760635376,3.623898506164551,3.544221878051758,3.856015920639038,3.812387466430664,4.165468215942383,4.218436241149902,4.443950176239014
A4,0.8711889982223511,0.5223934650421143,0.3869550824165344,0.0,0.3689011037349701,0.6029831767082214,0.8276362419128418,1.0871134996414185,1.4059638977050781,1.5831880569458008,1.9377343654632568,2.087164878845215,2.4708633422851562,2.4587464332580566,2.7812013626098633,1.3866828680038452,1.2371238470077515,1.0855330228805542,1.1304954290390015,0.9100083708763123,0.9011879563331604,1.0985102653503418,1.2495440244674683,1.5197665691375732,1.7025305032730103,2.0291035175323486,2.1426398754119873,2.5191218852996826,2.509624719619751,2.8494155406951904,1.9631001949310303,1.891584873199463,1.7703535556793213,1.8385889530181885,1.6645082235336304,1.5888087749481201,1.712433099746704,1.763571858406067,1.9586344957351685,2.082658529281616,2.3396096229553223,2.416905164718628,2.7531118392944336,2.7572293281555176,3.081784725189209,2.5460102558135986,2.501516580581665,2.4279630184173584,2.5084311962127686,2.325439453125,2.2590785026550293,2.3726789951324463,2.388551950454712,2.539376974105835,2.6638801097869873,2.852921724319458,2.9064559936523438,3.2293241024017334,3.2120699882507324,3.476804733276367,3.2569479942321777,3.257267713546753,3.274596691131592,3.387373924255371,3.1984152793884277,3.1176629066467285,3.299910545349121,3.218287229537964,3.4163107872009277,3.3486924171447754,3.6469414234161377,3.6164848804473877,3.958181858062744,4.033641338348389,4.245450496673584
A5,1.0198924541473389,0.7482993006706238,0.5345435738563538,0.3689011037349701,0.0,0.3629821836948395,0.5231736302375793,0.8255038857460022,1.098400592803955,1.3353276252746582,1.670099139213562,1.8428820371627808,2.2341134548187256,2.2537119388580322,2.6009562015533447,1.607085943222046,1.5090502500534058,1.3058991432189941,1.3917344808578491,1.1185015439987183,1.0025112628936768,1.1182781457901,1.189180612564087,1.3888263702392578,1.5687276124954224,1.8537073135375977,1.962058663368225,2.3250932693481445,2.342465877532959,2.6931087970733643,2.1796748638153076,2.143723487854004,1.9877492189407349,2.0854499340057373,1.876492977142334,1.7403191328048706,1.8121490478515625,1.7978651523590088,1.9328173398971558,2.0301058292388916,2.2360804080963135,2.2977166175842285,2.6066062450408936,2.629589319229126,2.951418161392212,2.7517497539520264,2.7379486560821533,2.638556957244873,2.745419502258301,2.53943133354187,2.4279286861419678,2.509566068649292,2.4741294384002686,2.5821287631988525,2.6749255657196045,2.8181097507476807,2.847674608230591,3.143017292022705,3.132500648498535,3.380424737930298,3.452775001525879,3.4822537899017334,3.4826996326446533,3.6195435523986816,3.4212186336517334,3.3059914112091064,3.4750704765319824,3.355865716934204,3.5343008041381836,3.4308078289031982,3.706658124923706,3.6418638229370117,3.966447114944458,4.0178656578063965,4.205448150634766
A6,1.086142897605896,0.9092684984207153,0.5716527700424194,0.6029831767082214,0.3629821836948395,0.0,0.38264816999435425,0.5244828462600708,0.8521524667739868,1.0549888610839844,1.3867785930633545,1.5188822746276855,1.9100675582885742,1.9057879447937012,2.2494194507598877,1.4857110977172852,1.4681143760681152,1.2541264295578003,1.43136465549469,1.1875098943710327,0.9762951135635376,1.1246057748794556,1.0827456712722778,1.2836158275604248,1.3795872926712036,1.6500169038772583,1.7019306421279907,2.050140142440796,2.035705327987671,2.374204635620117,2.072496175765991,2.0963220596313477,1.9466971158981323,2.1068663597106934,1.9176462888717651,1.7290414571762085,1.8255105018615723,1.7466462850570679,1.8836463689804077,1.9106388092041016,2.0984253883361816,2.1042966842651367,2.390718698501587,2.37855863571167,2.6787822246551514,2.648319959640503,2.682197332382202,2.5938775539398193,2.7488913536071777,2.5622105598449707,2.4144015312194824,2.520328998565674,2.442491292953491,2.559597969055176,2.599241018295288,2.732819080352783,2.7137985229492188,2.9887197017669678,2.9407191276550293,3.160755157470703,3.3455963134765625,3.4113709926605225,3.4248263835906982,3.5960817337036133,3.419617176055908,3.282663345336914,3.4739928245544434,3.331791877746582,3.5258524417877197,3.391369342803955,3.669543743133545,3.5769598484039307,3.90598726272583,3.9262325763702393,4.120247840881348
A7,1.4476515054702759,1.2324098348617554,0.9243229031562805,0.8276362419128418,0.5231736302375793,0.38264816999435425,0.0,0.38496968150138855,0.5978605151176453,0.8370130658149719,1.1647429466247559,1.3763669729232788,1.7617084980010986,1.8303353786468506,2.1906516551971436,1.7196545600891113,1.6815975904464722,1.4017704725265503,1.542445421218872,1.2387195825576782,0.9824424982070923,0.9949393272399902,0.9099162817001343,1.0118552446365356,1.150942087173462,1.385155200958252,1.486496090888977,1.8373531103134155,1.8884098529815674,2.2514209747314453,2.2121992111206055,2.2288994789123535,2.0202267169952393,2.170231819152832,1.9293692111968994,1.7020318508148193,1.7192533016204834,1.599608063697815,1.66481351852417,1.6983321905136108,1.841788411140442,1.8717619180679321,2.1487295627593994,2.18740177154541,2.5061938762664795,2.7372794151306152,2.7728874683380127,2.634396553039551,2.7895824909210205,2.5629115104675293,2.3799688816070557,2.430743932723999,2.3157589435577393,2.378999948501587,2.409680128097534,2.499943256378174,2.485713005065918,2.7450084686279297,2.7314531803131104,2.9576902389526367,3.403728485107422,3.480538845062256,3.453942060470581,3.6327807903289795,3.4295902252197266,3.259885549545288,3.417722463607788,3.2430622577667236,3.4032933712005615,3.245328426361084,3.494670867919922,3.381312847137451,3.6880807876586914,3.701005220413208,3.8684377670288086
A8,1.5729349851608276,1.4285873174667358,1.0700113773345947,1.0871134996414185,0.8255038857460022,0.5244828462600708,0.38496968150138855,0.0,0.3815096318721771,0.5352005958557129,0.8629791140556335,1.0191837549209595,1.409117579460144,1.4518476724624634,1.8112738132476807,1.667991042137146,1.709953784942627,1.4370421171188354,1.6550122499465942,1.399271011352539,1.0831255912780762,1.132346272468567,0.9242153763771057,1.011792540550232,1.0145000219345093,1.212694525718689,1.22614586353302,1.5533074140548706,1.562523365020752,1.911523699760437,2.1522886753082275,2.230775833129883,2.0363521575927734,2.2451119422912598,2.034043312072754,1.7647448778152466,1.8112711906433105,1.6271785497665405,1.6939914226531982,1.6378657817840576,1.7524632215499878,1.70576012134552,1.947322964668274,1.938812017440796,2.2275431156158447,2.6684858798980713,2.754345417022705,2.631504535675049,2.833998203277588,2.6334195137023926,2.418433427810669,2.4967310428619385,2.3400745391845703,2.4146056175231934,2.383441209793091,2.4618144035339355,2.3879990577697754,2.6184685230255127,2.557387590408325,2.74638295173645,3.3210349082946777,3.436021566390991,3.4247846603393555,3.6379613876342773,3.4611449241638184,3.2720284461975098,3.453286647796631,3.25758695602417,3.434598445892334,3.2455313205718994,3.4959845542907715,3.3533174991607666,3.6631579399108887,3.6403653621673584,3.8151116371154785
A9,1.8964815139770508,1.7568297386169434,1.4189149141311646,1.4059638977050781,1.098400592803955,0.8521524667739868,0.5978605151176453,0.3815096318721771,0.0,0.39461109042167664,0.6114556193351746,0.8516573309898376,1.226577877998352,1.3535454273223877,1.733532190322876,2.0280561447143555,2.0723776817321777,1.7800720930099487,1.9802910089492798,1.6999987363815308,1.3745611906051636,1.3350751399993896,1.0874437093734741,1.0365231037139893,1.024519681930542,1.1064586639404297,1.1188541650772095,1.3990533351898193,1.4736802577972412,1.8281304836273193,2.465893507003784,2.5512354373931885,2.3295018672943115,2.53562593460083,2.2982475757598877,2.0054750442504883,1.9927080869674683,1.7666661739349365,1.7527652978897095,1.6728218793869019,1.7037373781204224,1.644283413887024,1.8308405876159668,1.8633393049240112,2.1420810222625732,2.943643093109131,3.0415735244750977,2.891066312789917,3.0994088649749756,2.877131938934326,2.6345784664154053,2.6707937717437744,2.475006341934204,2.4954354763031006,2.4357171058654785,2.4538052082061768,2.359300136566162,2.5457828044891357,2.504542589187622,2.670968532562256,3.5641963481903076,3.696743965148926,3.661409378051758,3.886265516281128,3.696610927581787,3.4802141189575195,3.6369526386260986,3.4102330207824707,3.5573253631591797,3.338900566101074,3.555819272994995,3.381446361541748,3.6620702743530273,3.6157755851745605,3.756509780883789
A10,2.092161178588867,1.9522725343704224,1.5837256908416748,1.5831880569458008,1.3353276252746582,1.0549888610839844,0.8370130658149719,0.5352005958557129,0.39461109042167664,0.0,0.36989104747772217,0.5990102887153625,0.9524836540222168,1.083367109298706,1.43937349319458,1.9278229475021362,2.00570011138916,1.7009221315383911,1.9292147159576416,1.6843920946121216,1.3268425464630127,1.284952998161316,0.9567735195159912,0.8873010873794556,0.7406367063522339,0.7918286323547363,0.7415918707847595,1.0362054109573364,1.0933873653411865,1.4571541547775269,2.2770426273345947,2.397162675857544,2.1667659282684326,2.407196521759033,2.185868263244629,1.859153151512146,1.8533755540847778,1.5758936405181885,1.5606924295425415,1.4062724113464355,1.421227216720581,1.3054871559143066,1.4818276166915894,1.4813923835754395,1.7564877271652222,2.706214427947998,2.8368141651153564,2.680415630340576,2.920748472213745,2.712233066558838,2.4393270015716553,2.485809087753296,2.254202127456665,2.281212329864502,2.171800136566162,2.186366081237793,2.0502395629882812,2.223759651184082,2.148543119430542,2.3011035919189453,3.2910690307617188,3.4511923789978027,3.411565065383911,3.661165714263916,3.4859743118286133,3.2481205463409424,3.413572311401367,3.1673991680145264,3.3225412368774414,3.080655097961426,3.296724557876587,3.1037607192993164,3.388486385345459,3.3198132514953613,3.47375750541687
A11,2.4015860557556152,2.2878050804138184,1.9217286109924316,1.9377343654632568,1.670099139213562,1.3867785930633545,1.1647429466247559,0.8629791140556335,0.6114556193351746,0.36989104747772217,0.0,0.364857017993927,0.6578847169876099,0.8810605406761169,1.2402434349060059,2.241783857345581,2.3461971282958984,2.04725980758667,2.2840793132781982,2.0452373027801514,1.6849724054336548,1.620905876159668,1.2770293951034546,1.1382977962493896,0.9402247071266174,0.8348900675773621,0.6909415125846863,0.8524870276451111,0.9449743628501892,1.2823864221572876,2.5620474815368652,2.706958532333374,2.475935935974121,2.7293701171875,2.5101394653320312,2.16943621635437,2.142988681793213,1.8339309692382812,1.7697409391403198,1.5673882961273193,1.4959397315979004,1.3227647542953491,1.3994452953338623,1.3995685577392578,1.6246243715286255,2.9563851356506348,3.1130294799804688,2.9519951343536377,3.209707021713257,3.003485679626465,2.7096292972564697,2.741154432296753,2.475552558898926,2.4709949493408203,2.3159234523773193,2.278123140335083,2.0956063270568848,2.205547571182251,2.1171255111694336,2.2168867588043213,3.5033349990844727,3.689781665802002,3.643765687942505,3.912309169769287,3.743648052215576,3.4847419261932373,3.6425750255584717,3.371432304382324,3.511625051498413,3.239656686782837,3.428156614303589,3.2007336616516113,3.4595210552215576,3.3539786338806152,3.4827728271484375
A12,2.4456050395965576,2.3819615840911865,2.007388114929199,2.087164878845215,1.8428820371627808,1.5188822746276855,1.3763669729232788,1.0191837549209595,0.8516573309898376,0.5990102887153625,0.364857017993927,0.0,0.3949146270751953,0.527661144733429,0.9041170477867126,2.2194840908050537,2.3789360523223877,2.1162822246551514,2.3968405723571777,2.2022337913513184,1.8391845226287842,1.8366998434066772,1.4817051887512207,1.4029909372329712,1.1413605213165283,1.0479627847671509,0.7847170233726501,0.8524844646453857,0.8056919574737549,1.0811073780059814,2.5480949878692627,2.735827684402466,2.5422239303588867,2.829632520675659,2.6503772735595703,2.3092799186706543,2.331817626953125,2.0176661014556885,1.9945464134216309,1.7491599321365356,1.6905312538146973,1.4524145126342773,1.4883922338485718,1.3970305919647217,1.5529710054397583,2.9426536560058594,3.1335177421569824,3.0072453022003174,3.2924444675445557,3.1223230361938477,2.8285021781921387,2.9009554386138916,2.6329236030578613,2.6626107692718506,2.477569580078125,2.4571011066436768,2.234311819076538,2.324702501296997,2.175029993057251,2.227658987045288,3.4801197052001953,3.689615488052368,3.6733381748199463,3.9606871604919434,3.8242716789245605,3.569530725479126,3.756985664367676,3.489931106567383,3.656219005584717,3.378213405609131,3.5796165466308594,3.3455653190612793,3.614400863647461,3.487548828125,3.634274482727051
A13,2.8206191062927246,2.765927791595459,2.3883252143859863,2.4708633422851562,2.2341134548187256,1.9100675582885742,1.7617084980010986,1.409117579460144,1.226577877998352,0.9524836540222168,0.6578847169876099,0.3949146270751953,0.0,0.37331125140190125,0.6507074236869812,2.4903650283813477,2.6716794967651367,2.413275957107544,2.6989431381225586,2.522289514541626,2.156942844390869,2.1384711265563965,1.7673732042312622,1.6542291641235352,1.3491325378417969,1.169403314590454,0.8455588817596436,0.7220407128334045,0.6473212838172913,0.819209098815918,2.748599052429199,2.96225905418396,2.769036054611206,3.0713207721710205,2.9031848907470703,2.549304246902466,2.560898542404175,2.219834566116333,2.1689696311950684,1.8758188486099243,1.758226990699768,1.4644029140472412,1.3978718519210815,1.2720118761062622,1.3396908044815063,3.083923816680908,3.304326295852661,3.1751842498779297,3.4808878898620605,3.321882724761963,3.007565498352051,3.073457956314087,2.774641752243042,2.7867207527160645,2.5526769161224365,2.4957823753356934,2.2240946292877197,2.250674247741699,2.068445920944214,2.0551857948303223,3.563052177429199,3.802457571029663,3.780383348464966,4.089239597320557,3.9671072959899902,3.6916933059692383,3.875562906265259,3.5865471363067627,3.7441303730010986,3.4385721683502197,3.616298198699951,3.352304697036743,3.5990583896636963,3.4335246086120605,3.566758394241333
A14,2.714576244354248,2.700540781021118,2.3239314556121826,2.4587464332580566,2.2537119388580322,1.9057879447937012,1.8303353786468506,1.4518476724624634,1.3535454273223877,1.083367109298706,0.8810605406761169,0.527661144733429,0.37331125140190125,0.0,0.38974082469940186,2.331845283508301,2.5556464195251465,2.3391029834747314,2.6579675674438477,2.523583173751831,2.1666555404663086,2.2125370502471924,1.8494622707366943,1.8100955486297607,1.4869426488876343,1.3815397024154663,1.0338865518569946,0.9533421397209167,0.7251149415969849,0.8106874227523804,2.612525224685669,2.8560595512390137,2.7062528133392334,3.031463861465454,2.903756856918335,2.5627593994140625,2.629746437072754,2.3052425384521484,2.3131814002990723,2.012765884399414,1.9508464336395264,1.6412299871444702,1.6055045127868652,1.4027540683746338,1.4334696531295776,2.964766502380371,3.205173969268799,3.117525815963745,3.438527822494507,3.316080093383789,3.0171289443969727,3.129979133605957,2.850635051727295,2.9107444286346436,2.677656650543213,2.6657581329345703,2.388115882873535,2.436174154281616,2.2085466384887695,2.1846511363983154,3.452763795852661,3.6999237537384033,3.714439630508423,4.0297980308532715,3.9380745887756348,3.681499719619751,3.898712635040283,3.630324125289917,3.821253776550293,3.5292890071868896,3.73488450050354,3.4863250255584717,3.7571229934692383,3.594937801361084,3.7592923641204834
A15,3.009848117828369,3.0098116397857666,2.6330678462982178,2.7812013626098633,2.6009562015533447,2.2494194507598877,2.1906516551971436,1.8112738132476807,1.733532190322876,1.43937349319458,1.2402434349060059,0.9041170477867126,0.6507074236869812,0.38974082469940186,0.0,2.4912490844726562,2.743537664413452,2.5494017601013184,2.878429889678955,2.7797415256500244,2.4299798011779785,2.48681902885437,2.1204442977905273,2.0877814292907715,1.7345741987228394,1.6110808849334717,1.2419466972351074,1.0759868621826172,0.7787336111068726,0.6668570041656494,2.7009530067443848,2.9751839637756348,2.8458728790283203,3.1885886192321777,3.0906689167022705,2.7497096061706543,2.8314342498779297,2.4985477924346924,2.5135037899017334,2.1796772480010986,2.105661630630493,1.7598767280578613,1.6697790622711182,1.4054820537567139,1.3343099355697632,2.9954099655151367,3.267728328704834,3.197031259536743,3.5389621257781982,3.4453125,3.1397206783294678,3.268258571624756,2.977005958557129,3.0471689701080322,2.7785980701446533,2.763896942138672,2.450894355773926,2.4611399173736572,2.1854801177978516,2.1026394367218018,3.424379348754883,3.699425220489502,3.7253739833831787,4.059865951538086,3.9967832565307617,3.7337779998779297,3.9622888565063477,3.6886212825775146,3.887939929962158,3.5836265087127686,3.7827959060668945,3.5218331813812256,3.7858433723449707,3.59653377532959,3.7685022354125977
B1,1.5380526781082153,1.453999400138855,1.2567871809005737,1.3866828680038452,1.607085943222046,1.4857110977172852,1.7196545600891113,1.667991042137146,2.0280561447143555,1.9278229475021362,2.241783857345581,2.2194840908050537,2.4903650283813477,2.331845283508301,2.4912490844726562,0.0,0.3707963824272156,0.5705281496047974,0.873308002948761,1.0960261821746826,1.0879292488098145,1.4572172164916992,1.4832146167755127,1.8537535667419434,1.8064652681350708,2.151026725769043,2.1348581314086914,2.4533474445343018,2.2789270877838135,2.4951374530792236,0.7560363411903381,0.867168128490448,0.9788013696670532,1.237098217010498,1.3385486602783203,1.2806693315505981,1.640594244003296,1.6705833673477173,2.0200982093811035,1.9972325563430786,2.327681064605713,2.294553279876709,2.618285655975342,2.4609856605529785,2.6986401081085205,1.4001461267471313,1.4582650661468506,1.5522499084472656,1.7519514560699463,1.7663342952728271,1.7158420085906982,2.030254364013672,2.0593292713165283,2.369703769683838,2.403221845626831,2.697190284729004,2.6745340824127197,3.0002825260162354,2.84738826751709,3.0690150260925293,2.123100996017456,2.167714834213257,2.3025145530700684,2.4734599590301514,2.420344114303589,2.3736002445220947,2.684325933456421,2.64699387550354,2.9608869552612305,2.904296636581421,3.268927812576294,3.259256601333618,3.655182361602783,3.702989101409912,4.008444786071777
B2,1.5055437088012695,1.3440158367156982,1.1982141733169556,1.2371238470077515,1.5090502500534058,1.4681143760681152,1.6815975904464722,1.709953784942627,2.0723776817321777,2.00570011138916,2.3461971282958984,2.3789360523223877,2.6716794967651367,2.5556464195251465,2.743537664413452,0.3707963824272156,0.0,0.3764788806438446,0.5515305399894714,0.8284522294998169,0.9321148991584778,1.29328453540802,1.4119359254837036,1.7923818826675415,1.8192710876464844,2.186566114425659,2.232511043548584,2.579841136932373,2.4531538486480713,2.7020652294158936,0.7955660223960876,0.7416566014289856,0.8130185604095459,0.9823238849639893,1.0673253536224365,1.0808836221694946,1.4380428791046143,1.5433266162872314,1.9028223752975464,1.9513630867004395,2.305464506149292,2.3329355716705322,2.6864869594573975,2.576345682144165,2.8492836952209473,1.411696434020996,1.3796889781951904,1.4343762397766113,1.5666656494140625,1.545816421508789,1.5395915508270264,1.8337305784225464,1.9148024320602417,2.22296142578125,2.3161206245422363,2.62441086769104,2.655695915222168,3.0072081089019775,2.900386333465576,3.1585919857025146,2.1382930278778076,2.1296963691711426,2.230504035949707,2.357325792312622,2.2637743949890137,2.2377896308898926,2.5213608741760254,2.5079026222229004,2.8058624267578125,2.783336639404297,3.148414134979248,3.169468879699707,3.563143253326416,3.645860195159912,3.9456522464752197
B3,1.5540261268615723,1.3342241048812866,1.1184744834899902,1.0855330228805542,1.3058991432189941,1.2541264295578003,1.4017704725265503,1.4370421171188354,1.7800720930099487,1.7009221315383911,2.04725980758667,2.1162822246551514,2.413275957107544,2.3391029834747314,2.5494017601013184,0.5705281496047974,0.3764788806438446,0.0,0.3791632354259491,0.5370891690254211,0.5690722465515137,0.9261480569839478,1.0391695499420166,1.4189493656158447,1.4643933773040771,1.8372892141342163,1.9137932062149048,2.2757925987243652,2.186680555343628,2.4642720222473145,0.8908419609069824,0.8454577922821045,0.7377089858055115,0.9308591485023499,0.8905922770500183,0.8058738708496094,1.1307486295700073,1.2019002437591553,1.5477533340454102,1.6034214496612549,1.9535866975784302,1.9991787672042847,2.362504482269287,2.283907175064087,2.581953763961792,1.4616739749908447,1.4461369514465332,1.403746247291565,1.5557194948196411,1.4537874460220337,1.3770283460617065,1.6217113733291626,1.6564239263534546,1.93211030960083,2.019509792327881,2.3061859607696533,2.340810775756836,2.69334077835083,2.6098029613494873,2.8810067176818848,2.1768364906311035,2.19472074508667,2.237393856048584,2.386420249938965,2.247832775115967,2.1664044857025146,2.4178683757781982,2.355243444442749,2.625985622406006,2.5701234340667725,2.918783664703369,2.915198802947998,3.2999234199523926,3.375058889389038,3.65708065032959
B4,1.6829097270965576,1.4052897691726685,1.264877438545227,1.1304954290390015,1.3917344808578491,1.43136465549469,1.542445421218872,1.6550122499465942,1.9802910089492798,1.9292147159576416,2.2840793132781982,2.3968405723571777,2.6989431381225586,2.6579675674438477,2.878429889678955,0.873308002948761,0.5515305399894714,0.3791632354259491,0.0,0.37375354766845703,0.6319376826286316,0.901888906955719,1.1363474130630493,1.4950382709503174,1.618320107460022,1.9946563243865967,2.1300222873687744,2.503706932067871,2.456094980239868,2.7481327056884766,1.023973822593689,0.8389527201652527,0.6833974123001099,0.7132272124290466,0.627936065196991,0.6776525974273682,0.9786280393600464,1.1656979322433472,1.5123885869979858,1.6542733907699585,2.021709680557251,2.1329047679901123,2.5157947540283203,2.4814815521240234,2.801564931869507,1.5070805549621582,1.4018052816390991,1.3188670873641968,1.3823485374450684,1.2391517162322998,1.2253724336624146,1.437742829322815,1.5461211204528809,1.81856369972229,1.9785454273223877,2.2824184894561768,2.3800830841064453,2.7545721530914307,2.718486785888672,3.022002696990967,2.1907198429107666,2.152731418609619,2.1608903408050537,2.258129119873047,2.0803468227386475,2.0263524055480957,2.2433884143829346,2.21415638923645,2.465484380722046,2.455179214477539,2.8022758960723877,2.839486837387085,3.2189626693725586,3.334810733795166,3.612748146057129
B5,1.6195836067199707,1.2979682683944702,1.1258546113967896,0.9100083708763123,1.1185015439987183,1.1875098943710327,1.2387195825576782,1.399271011352539,1.6999987363815308,1.6843920946121216,2.0452373027801514,2.2022337913513184,2.522289514541626,2.523583173751831,2.7797415256500244,1.0960261821746826,0.8284522294998169,0.5370891690254211,0.37375354766845703,0.0,0.3661082088947296,0.5827091932296753,0.8711418509483337,1.2111961841583252,1.395517110824585,1.7690002918243408,1.9407507181167603,2.3287136554718018,2.3264153003692627,2.650583028793335,1.3257886171340942,1.1804860830307007,0.9546462893486023,0.9835711717605591,0.7613946199417114,0.701525092124939,0.8755859136581421,1.0261809825897217,1.3184877634048462,1.4919922351837158,1.8348422050476074,1.9710873365402222,2.3559165000915527,2.364715099334717,2.7078757286071777,1.7946733236312866,1.7106271982192993,1.5710606575012207,1.637850046157837,1.425321102142334,1.3534619808197021,1.4787055253982544,1.5354516506195068,1.7411237955093384,1.9045915603637695,2.164121627807617,2.268709182739258,2.6362364292144775,2.6330795288085938,2.9431228637695312,2.4616668224334717,2.444300413131714,2.4143126010894775,2.5219838619232178,2.3096816539764404,2.215078592300415,2.389925003051758,2.3163461685180664,2.5259907245635986,2.483797788619995,2.802851676940918,2.8118882179260254,3.1728835105895996,3.2809622287750244,3.528465747833252
B6,1.627110481262207,1.3365875482559204,1.0699576139450073,0.9011879563331604,1.0025112628936768,0.9762951135635376,0.9824424982070923,1.0831255912780762,1.3745611906051636,1.3268425464630127,1.6849724054336548,1.8391845226287842,2.156942844390869,2.1666555404663086,2.4299798011779785,1.0879292488098145,0.9321148991584778,0.5690722465515137,0.6319376826286316,0.3661082088947296,0.0,0.38443857431411743,0.5466265678405762,0.9135395288467407,1.0591267347335815,1.4348458051681519,1.5877026319503784,1.976835012435913,1.9749152660369873,2.307314395904541,1.3603978157043457,1.3071799278259277,1.0584207773208618,1.1903995275497437,0.9624708890914917,0.7544575333595276,0.8919990658760071,0.8964881896972656,1.1587406396865845,1.2630136013031006,1.5807609558105469,1.6779558658599854,2.051400661468506,2.052112340927124,2.3939359188079834,1.8391486406326294,1.8246318101882935,1.673322319984436,1.809117078781128,1.5954073667526245,1.442826271057129,1.5575017929077148,1.521663784980774,1.6986531019210815,1.7938216924667358,2.0166313648223877,2.0701510906219482,2.4162333011627197,2.3929286003112793,2.683321952819824,2.5044426918029785,2.540395975112915,2.5076653957366943,2.6632912158966064,2.4615206718444824,2.319350242614746,2.500760078430176,2.3745474815368652,2.5802788734436035,2.481451988220215,2.786973476409912,2.746415138244629,3.102250099182129,3.1708669662475586,3.408066511154175
B7,1.9101215600967407,1.592592477798462,1.336413860321045,1.0985102653503418,1.1182781457901,1.1246057748794556,0.9949393272399902,1.132346272468567,1.3350751399993896,1.284952998161316,1.620905876159668,1.8366998434066772,2.1384711265563965,2.2125370502471924,2.48681902885437,1.4572172164916992,1.29328453540802,0.9261480569839478,0.901888906955719,0.5827091932296753,0.38443857431411743,0.0,0.38025224208831787,0.6466582417488098,0.9020592570304871,1.2524775266647339,1.4839962720870972,1.8738799095153809,1.9439882040023804,2.2967476844787598,1.6282533407211304,1.556870460510254,1.245928168296814,1.3296833038330078,1.0219134092330933,0.7752317190170288,0.7280126214027405,0.6938413977622986,0.8633928298950195,1.0367310047149658,1.3305935859680176,1.4942517280578613,1.8734697103500366,1.942712426185608,2.3101704120635986,2.0202853679656982,1.9955750703811646,1.7780818939208984,1.8937431573867798,1.619406819343567,1.427960753440857,1.4433284997940063,1.3669219017028809,1.4656566381454468,1.5783519744873047,1.7597614526748657,1.8473165035247803,2.1923105716705322,2.225036144256592,2.5367488861083984,2.6299328804016113,2.668760299682617,2.581789016723633,2.7344305515289307,2.493256092071533,2.315206289291382,2.442387104034424,2.2799134254455566,2.4357593059539795,2.3168578147888184,2.58843731880188,2.5334959030151367,2.86586594581604,2.9398655891418457,3.1485390663146973
B8,1.9970711469650269,1.7274627685546875,1.4094644784927368,1.2495440244674683,1.189180612564087,1.0827456712722778,0.9099162817001343,0.9242153763771057,1.0874437093734741,0.9567735195159912,1.2770293951034546,1.4817051887512207,1.7673732042312622,1.8494622707366943,2.1204442977905273,1.4832146167755127,1.4119359254837036,1.0391695499420166,1.1363474130630493,0.8711418509483337,0.5466265678405762,0.38025224208831787,0.0,0.3813205361366272,0.538807213306427,0.90395587682724,1.1084308624267578,1.5002803802490234,1.5671724081039429,1.924866795539856,1.661818504333496,1.6713578701019287,1.368296504020691,1.535375952720642,1.2642520666122437,0.9449717998504639,0.9119772911071777,0.7066898345947266,0.816799521446228,0.8462231755256653,1.0965768098831177,1.1910650730133057,1.5547046661376953,1.6045608520507812,1.9668415784835815,2.0466508865356445,2.0884695053100586,1.878017783164978,2.057466983795166,1.8069695234298706,1.5587043762207031,1.5880744457244873,1.4251459836959839,1.5042027235031128,1.5188721418380737,1.6571656465530396,1.6675816774368286,1.9804234504699707,1.976122498512268,2.258636951446533,2.6416330337524414,2.7321536540985107,2.6526412963867188,2.8510665893554688,2.633502721786499,2.419252395629883,2.5630927085876465,2.357900619506836,2.5187299251556396,2.34478497505188,2.6036272048950195,2.496408700942993,2.8235905170440674,2.848815441131592,3.0520620346069336
B9,2.2849855422973633,2.0147979259490967,1.6970642805099487,1.5197665691375732,1.3888263702392578,1.2836158275604248,1.0118552446365356,1.011792540550232,1.0365231037139893,0.8873010873794556,1.1382977962493896,1.4029909372329712,1.6542291641235352,1.8100955486297607,2.0877814292907715,1.8537535667419434,1.7923818826675415,1.4189493656158447,1.4950382709503174,1.2111961841583252,0.9135395288467407,0.6466582417488098,0.3813205361366272,0.0,0.386283814907074,0.6464189291000366,0.9411723613739014,1.3136264085769653,1.4683293104171753,1.8396779298782349,1.9931923151016235,2.0093870162963867,1.6847416162490845,1.8361026048660278,1.539201259613037,1.211307406425476,1.0700981616973877,0.7986747622489929,0.7184174656867981,0.7225533723831177,0.8552994132041931,0.9855334758758545,1.3245368003845215,1.451687216758728,1.8278318643569946,2.319654941558838,2.3721399307250977,2.1271426677703857,2.305086374282837,2.0276448726654053,1.748096227645874,1.703901767730713,1.4823639392852783,1.4652355909347534,1.4430749416351318,1.4930087327957153,1.4926879405975342,1.7696425914764404,1.8106646537780762,2.090313196182251,2.860867977142334,2.968782424926758,2.8541088104248047,3.0615382194519043,2.8257205486297607,2.5772342681884766,2.6796061992645264,2.433063507080078,2.5459868907928467,2.3336241245269775,2.5448904037475586,2.398181438446045,2.689613103866577,2.6931827068328857,2.856788396835327
B10,2.3798482418060303,2.1568260192871094,1.8038194179534912,1.7025305032730103,1.5687276124954224,1.3795872926712036,1.150942087173462,1.0145000219345093,1.024519681930542,0.7406367063522339,0.9402247071266174,1.1413605213165283,1.3491325378417969,1.4869426488876343,1.7345741987228394,1.8064652681350708,1.8192710876464844,1.4643933773040771,1.618320107460022,1.395517110824585,1.0591267347335815,0.9020592570304871,0.538807213306427,0.386283814907074,0.0,0.37848222255706787,0.5922061800956726,0.9752412438392639,1.0937705039978027,1.460016131401062,1.9191715717315674,2.003053903579712,1.7027407884597778,1.920353651046753,1.6738032102584839,1.314311146736145,1.240127682685852,0.9035267233848572,0.8568279147148132,0.6668485403060913,0.7516719102859497,0.7300171852111816,1.0519465208053589,1.1126494407653809,1.476842999458313,2.225998878479004,2.336901903152466,2.114919900894165,2.348039150238037,2.111600399017334,1.8021986484527588,1.8051354885101318,1.538282871246338,1.5499433279037476,1.432472586631775,1.4721723794937134,1.373616099357605,1.6153762340545654,1.5807582139968872,1.8208297491073608,2.746333122253418,2.898634195327759,2.8038511276245117,3.0507378578186035,2.8504223823547363,2.583493232727051,2.7181577682495117,2.451453447341919,2.590088129043579,2.342241048812866,2.5577917098999023,2.3759708404541016,2.6741623878479004,2.631364345550537,2.8102645874023438
B11,2.687558174133301,2.4797401428222656,2.121089220046997,2.0291035175323486,1.8537073135375977,1.6500169038772583,1.385155200958252,1.212694525718689,1.1064586639404297,0.7918286323547363,0.8348900675773621,1.0479627847671509,1.169403314590454,1.3815397024154663,1.6110808849334717,2.151026725769043,2.186566114425659,1.8372892141342163,1.9946563243865967,1.7690002918243408,1.4348458051681519,1.2524775266647339,0.90395587682724,0.6464189291000366,0.37848222255706787,0.0,0.37142214179039,0.686370849609375,0.914032518863678,1.275989055633545,2.2387070655822754,2.3431177139282227,2.0413002967834473,2.2620882987976074,2.0143518447875977,1.6510262489318848,1.537758231163025,1.1780543327331543,1.0316205024719238,0.7781518697738647,0.6613684892654419,0.5491933226585388,0.7687737345695496,0.8939743638038635,1.2504761219024658,2.497894048690796,2.632227897644043,2.3986213207244873,2.6428701877593994,2.4039289951324463,2.0732662677764893,2.0411360263824463,1.7307711839675903,1.6788508892059326,1.4983766078948975,1.4433726072311401,1.2815817594528198,1.440966248512268,1.4128104448318481,1.6116594076156616,2.9631855487823486,3.1421592235565186,3.030067205429077,3.294109344482422,3.0949995517730713,2.8008511066436768,2.9132063388824463,2.612466335296631,2.7191216945648193,2.4311699867248535,2.6009275913238525,2.3713908195495605,2.6306445598602295,2.543619394302368,2.6856675148010254
B12,2.7060530185699463,2.5462324619293213,2.1691105365753174,2.1426398754119873,1.962058663368225,1.7019306421279907,1.486496090888977,1.22614586353302,1.1188541650772095,0.7415918707847595,0.6909415125846863,0.7847170233726501,0.8455588817596436,1.0338865518569946,1.2419466972351074,2.1348581314086914,2.232511043548584,1.9137932062149048,2.1300222873687744,1.9407507181167603,1.5877026319503784,1.4839962720870972,1.1084308624267578,0.9411723613739014,0.5922061800956726,0.37142214179039,0.0,0.3943621814250946,0.5537860989570618,0.9290869832038879,2.247739791870117,2.4050304889678955,2.142686367034912,2.4083449840545654,2.2027947902679443,1.8350354433059692,1.78644859790802,1.4236243963241577,1.3387093544006348,1.0336703062057495,0.92793869972229,0.6678669452667236,0.7660579085350037,0.7453702688217163,1.0413216352462769,2.5175607204437256,2.69580340385437,2.5010507106781006,2.7812488079071045,2.582092761993408,2.2497427463531494,2.268481969833374,1.9549705982208252,1.9443994760513306,1.722667932510376,1.6796526908874512,1.4500761032104492,1.5602774620056152,1.4403562545776367,1.5636613368988037,2.9793074131011963,3.1896231174468994,3.110971450805664,3.4004642963409424,3.237159252166748,2.945075035095215,3.092491865158081,2.7933883666992188,2.929185628890991,2.629906415939331,2.8100295066833496,2.565469741821289,2.829740524291992,2.708098888397217,2.862560272216797
B13,3.042896032333374,2.9060754776000977,2.5248775482177734,2.5191218852996826,2.3250932693481445,2.050140142440796,1.8373531103134155,1.5533074140548706,1.3990533351898193,1.0362054109573364,0.8524870276451111,0.8524844646453857,0.7220407128334045,0.9533421397209167,1.0759868621826172,2.4533474445343018,2.579841136932373,2.2757925987243652,2.503706932067871,2.3287136554718018,1.976835012435913,1.8738799095153809,1.5002803802490234,1.3136264085769653,0.9752412438392639,0.686370849609375,0.3943621814250946,0.0,0.37973809242248535,0.6712450385093689,2.532846212387085,2.717428207397461,2.4665679931640625,2.744736909866333,2.553914785385132,2.1839704513549805,2.1297874450683594,1.756007432937622,1.6419939994812012,1.3054988384246826,1.116620421409607,0.7899392247200012,0.675899863243103,0.6083139777183533,0.7905177474021912,2.7547712326049805,2.9626576900482178,2.772669792175293,3.070415735244751,2.8857429027557373,2.540300130844116,2.55253005027771,2.2137949466705322,2.1794729232788086,1.9065160751342773,1.8097987174987793,1.5181677341461182,1.529226303100586,1.368557333946228,1.3973790407180786,3.1577985286712646,3.3984215259552,3.3175809383392334,3.6273717880249023,3.4806480407714844,3.170790195465088,3.313042402267456,2.992828369140625,3.1154534816741943,2.786825656890869,2.9343690872192383,2.65311598777771,2.884874105453491,2.7143938541412354,2.845306634902954
