,A1,A2,A3,A4,A5,A6,A7,A8,A9,A10,A11,A12,A13,A14,A15,B1,B2,B3,B4,B5,B6,B7,B8,B9,B10,B11,B12,B13,B14,B15,C1,C2,C3,C4,C5,C6,C7,C8,C9,C10,C11,C12,C13,C14,C15,D1,D2,D3,D4,D5,D6,D7,D8,D9,D10,D11,D12,D13,D14,D15,E1,E2,E3,E4,E5,E6,E7,E8,E9,E10,E11,E12,E13,E14,E15
A1,0.0,0.3764645755290985,0.604236900806427,0.9627783298492432,1.2358789443969727,1.5843554735183716,1.858946681022644,2.194995641708374,2.4540157318115234,2.6728696823120117,2.762221574783325,2.7896883487701416,2.61826229095459,2.6839213371276855,2.4334657192230225,0.35009562969207764,0.5796963572502136,0.7254468202590942,1.0797604322433472,1.3245750665664673,1.6982749700546265,1.9247498512268066,2.2887320518493652,2.4758026599884033,2.7778944969177246,2.863187551498413,2.936563491821289,2.81685733795166,2.9250919818878174,2.7148797512054443,0.6729339361190796,0.8256614208221436,0.886423647403717,1.223783016204834,1.4322515726089478,1.8172626495361328,2.0286452770233154,2.4126222133636475,2.597398281097412,2.925183057785034,2.919506311416626,3.1614208221435547,3.090625524520874,3.2091739177703857,3.0384271144866943,1.1464601755142212,1.207418441772461,1.1697254180908203,1.4250606298446655,1.556309700012207,1.9357569217681885,2.119550943374634,2.521803617477417,2.6949474811553955,3.039613723754883,3.0367159843444824,3.340418815612793,3.277745246887207,3.3798649311065674,3.35310435295105,1.7187427282333374,1.6934788227081299,1.6154251098632812,1.6598409414291382,1.7798593044281006,2.0262644290924072,2.147268533706665,2.5472991466522217,2.7554547786712646,3.0963943004608154,3.328784465789795,3.6234428882598877,3.8566462993621826,4.1888298988342285,4.426697254180908
A2,0.3764645755290985,0.0,0.3875596523284912,0.6450541615486145,0.9784877896308899,1.2995562553405762,1.6144605875015259,1.9461852312088013,2.229351282119751,2.4838201999664307,2.6070854663848877,2.685864210128784,2.547990322113037,2.6681787967681885,2.455409526824951,0.5194631218910217,0.4615810811519623,0.47885143756866455,0.7594224810600281,1.0140464305877686,1.3812757730484009,1.6282122135162354,2.00164532661438,2.217719554901123,2.538144588470459,2.6649587154388428,2.7808287143707275,2.704643964767456,2.855210542678833,2.6914453506469727,0.7938330769538879,0.7670135498046875,0.7052184343338013,0.9543935656547546,1.1334060430526733,1.511468768119812,1.7261353731155396,2.1204051971435547,2.3279929161071777,2.6731317043304443,2.705821990966797,2.977431058883667,2.9493212699890137,3.102829694747925,2.97638201713562,1.2356852293014526,1.183571696281433,1.049391269683838,1.209651231765747,1.2858102321624756,1.6452350616455078,1.8205296993255615,2.2286219596862793,2.4204699993133545,2.7805423736572266,2.815880537033081,3.1441152095794678,3.122188091278076,3.255621910095215,3.269059658050537,1.7559894323349,1.6670812368392944,1.5223729610443115,1.4880212545394897,1.5512144565582275,1.7502082586288452,1.847571611404419,2.234412908554077,2.447624683380127,2.78828501701355,3.0275802612304688,3.3295013904571533,3.570357084274292,3.888852834701538,4.125476837158203
A3,0.604236900806427,0.3875596523284912,0.0,0.4006897211074829,0.6322574019432068,0.9810898303985596,1.2607524394989014,1.5989781618118286,1.8742449283599854,2.1112043857574463,2.2366132736206055,2.3139688968658447,2.1949198246002197,2.32271409034729,2.137155055999756,0.7573315501213074,0.7220315337181091,0.5010180473327637,0.7506697177886963,0.844353199005127,1.220023274421692,1.3851810693740845,1.7614169120788574,1.9289292097091675,2.2482986450195312,2.36332631111145,2.4609339237213135,2.40079402923584,2.5406734943389893,2.391108274459839,0.9975035190582275,0.9946643710136414,0.7950145602226257,1.021507740020752,1.0622906684875488,1.4338313341140747,1.5618826150894165,1.950322151184082,2.1049365997314453,2.4508779048919678,2.454340934753418,2.729541778564453,2.7079663276672363,2.841054677963257,2.7258009910583496,1.3945202827453613,1.3694264888763428,1.151678442955017,1.314902663230896,1.2811899185180664,1.6288080215454102,1.717097520828247,2.115595579147339,2.2526838779449463,2.6145689487457275,2.6241936683654785,2.954416036605835,2.9370169639587402,3.0450220108032227,3.0794448852539062,1.8917996883392334,1.8458174467086792,1.645692229270935,1.6356185674667358,1.6129015684127808,1.8123244047164917,1.8245902061462402,2.2030720710754395,2.3616302013397217,2.726036548614502,2.9257495403289795,3.2516250610351562,3.4613852500915527,3.7815990447998047,3.9884722232818604
A4,0.9627783298492432,0.6450541615486145,0.4006897211074829,0.0,0.39390119910240173,0.6649499535560608,1.0106656551361084,1.3427693843841553,1.6557520627975464,1.931761384010315,2.1099650859832764,2.25246262550354,2.1899423599243164,2.376049518585205,2.2475225925445557,1.0928953886032104,0.9372217059135437,0.6339820623397827,0.6485652327537537,0.6354376673698425,0.9685003161430359,1.1205973625183105,1.50851571559906,1.6985727548599243,2.0423924922943115,2.2126641273498535,2.358767509460449,2.362579584121704,2.5443692207336426,2.455186605453491,1.3019880056381226,1.1933841705322266,0.9157549738883972,0.9769606590270996,0.9098718166351318,1.232354998588562,1.323336124420166,1.7163211107254028,1.8842158317565918,2.2514655590057373,2.3003644943237305,2.612257957458496,2.6477410793304443,2.813913345336914,2.754986524581909,1.658227562904358,1.5525453090667725,1.2693126201629639,1.3084938526153564,1.1768691539764404,1.461681842803955,1.5037670135498047,1.896088719367981,2.0417909622192383,2.4207966327667236,2.476823329925537,2.8345189094543457,2.8699991703033447,3.007200002670288,3.0920419692993164,2.093595027923584,1.9962522983551025,1.7446260452270508,1.6551315784454346,1.5540269613265991,1.6747816801071167,1.6307613849639893,1.9723910093307495,2.121023416519165,2.4846506118774414,2.682488203048706,3.0210814476013184,3.2327654361724854,3.5308756828308105,3.7274677753448486
A5,1.2358789443969727,0.9784877896308899,0.6322574019432068,0.39390119910240173,0.0,0.3618900775909424,0.6381658911705017,0.982079267501831,1.2851612567901611,1.5437003374099731,1.7265597581863403,1.8752028942108154,1.8415976762771606,2.044583797454834,1.9581207036972046,1.356840968132019,1.2393360137939453,0.8813024163246155,0.8775750994682312,0.6704699397087097,0.9341381788253784,0.9364861845970154,1.3054789304733276,1.418790340423584,1.7552666664123535,1.9088890552520752,2.0331997871398926,2.0610311031341553,2.2320961952209473,2.168282985687256,1.5391981601715088,1.464496374130249,1.140319585800171,1.1932483911514282,1.0059001445770264,1.2734599113464355,1.2420004606246948,1.6007410287857056,1.690212607383728,2.047666311264038,2.0579073429107666,2.3684616088867188,2.4119009971618652,2.5530741214752197,2.511091947555542,1.8508843183517456,1.7776752710342407,1.4583640098571777,1.511806607246399,1.300566554069519,1.5488423109054565,1.4872158765792847,1.843977928161621,1.9138829708099365,2.2824511528015137,2.3035635948181152,2.6551899909973145,2.694049119949341,2.800079584121704,2.9072279930114746,2.254627227783203,2.2014055252075195,1.9191532135009766,1.8665295839309692,1.7028084993362427,1.8273636102676392,1.7004871368408203,2.0175182819366455,2.094975471496582,2.474736213684082,2.620201349258423,2.9778902530670166,3.149183511734009,3.4479763507843018,3.6090877056121826
A6,1.5843554735183716,1.2995562553405762,0.9810898303985596,0.6649499535560608,0.3618900775909424,0.0,0.38756904006004333,0.7008653283119202,1.0420405864715576,1.3351203203201294,1.5728850364685059,1.7879877090454102,1.8198341131210327,2.073956251144409,2.0510809421539307,1.694390058517456,1.5351632833480835,1.1637184619903564,1.0514549016952515,0.7525640726089478,0.8718246221542358,0.7664555311203003,1.1048246622085571,1.1989790201187134,1.54792058467865,1.749343991279602,1.9118573665618896,2.0090291500091553,2.2105472087860107,2.210387945175171,1.8595068454742432,1.7419086694717407,1.391613483428955,1.351111888885498,1.0793442726135254,1.2477928400039673,1.1269451379776,1.447524905204773,1.5105440616607666,1.8731653690338135,1.9132288694381714,2.2499289512634277,2.347719192504883,2.50753116607666,2.5213229656219482,2.1401731967926025,2.0302059650421143,1.6813956499099731,1.6621840000152588,1.3803349733352661,1.545415997505188,1.406269907951355,1.7207739353179932,1.7639821767807007,2.1327896118164062,2.1834986209869385,2.549344539642334,2.6353471279144287,2.754939317703247,2.909451961517334,2.4945578575134277,2.420029878616333,2.107573986053467,2.0159809589385986,1.7909328937530518,1.8524162769317627,1.6578142642974854,1.9170392751693726,1.9531500339508057,2.3274567127227783,2.4470224380493164,2.81676983833313,2.971937417984009,3.247953414916992,3.3852646350860596
A7,1.858946681022644,1.6144605875015259,1.2607524394989014,1.0106656551361084,0.6381658911705017,0.38756904006004333,0.0,0.36187195777893066,0.6848213076591492,0.9508605599403381,1.2019116878509521,1.4321506023406982,1.5109741687774658,1.7845547199249268,1.819480299949646,1.9606835842132568,1.8346483707427979,1.4500374794006348,1.3629902601242065,1.0156506299972534,1.0645898580551147,0.8124338388442993,1.0530009269714355,1.01289701461792,1.3273870944976807,1.4958022832870483,1.622604250907898,1.7524642944335938,1.9348974227905273,1.9696118831634521,2.1068317890167236,2.0218868255615234,1.6602773666381836,1.637691617012024,1.326047658920288,1.4447827339172363,1.2267054319381714,1.4708327054977417,1.4281787872314453,1.754577875137329,1.7394849061965942,2.0609054565429688,2.1635844707489014,2.287346363067627,2.320448160171509,2.3527395725250244,2.275786876678467,1.918351173400879,1.924906611442566,1.614940881729126,1.7518352270126343,1.5375982522964478,1.792421817779541,1.7466778755187988,2.0828680992126465,2.085890293121338,2.4304542541503906,2.514211893081665,2.5929830074310303,2.7667124271392822,2.679893732070923,2.6466832160949707,2.3232247829437256,2.271538734436035,2.0173275470733643,2.0921101570129395,1.8472877740859985,2.0769128799438477,2.04219388961792,2.4175617694854736,2.4778149127960205,2.8556768894195557,2.9632983207702637,3.2378196716308594,3.335026264190674
A8,2.194995641708374,1.9461852312088013,1.5989781618118286,1.3427693843841553,0.982079267501831,0.7008653283119202,0.36187195777893066,0.0,0.360412061214447,0.6828833818435669,0.9687038064002991,1.2722129821777344,1.4106413125991821,1.7353464365005493,1.833135724067688,2.270416259765625,2.1268630027770996,1.7334200143814087,1.6065603494644165,1.2244477272033691,1.1678712368011475,0.8191124796867371,0.9231296181678772,0.7766554355621338,1.0556159019470215,1.2417596578598022,1.3899987936019897,1.58961021900177,1.7960729598999023,1.9014229774475098,2.3883185386657715,2.2866506576538086,1.9104739427566528,1.8467713594436646,1.4917291402816772,1.526183843612671,1.2256802320480347,1.3757275342941284,1.252385139465332,1.5421075820922852,1.5204212665557861,1.843845248222351,1.9889858961105347,2.11542010307312,2.2032711505889893,2.589439630508423,2.501023292541504,2.12853741645813,2.1056909561157227,1.7573775053024292,1.8291670083999634,1.5443376302719116,1.7232509851455688,1.6095463037490845,1.9118326902389526,1.9077855348587036,2.2417335510253906,2.356233835220337,2.428854465484619,2.6429483890533447,2.861058473587036,2.8323135375976562,2.4900870323181152,2.437403917312622,2.1406960487365723,2.1889877319335938,1.8903402090072632,2.0639448165893555,1.9638582468032837,2.3248131275177,2.332476854324341,2.712585926055908,2.7812347412109375,3.0411932468414307,3.103361129760742
A9,2.4540157318115234,2.229351282119751,1.8742449283599854,1.6557520627975464,1.2851612567901611,1.0420405864715576,0.6848213076591492,0.360412061214447,0.0,0.3836946189403534,0.6463136672973633,0.9959216117858887,1.1780447959899902,1.534350037574768,1.6882293224334717,2.506690740585327,2.3784406185150146,1.9835047721862793,1.8703185319900513,1.477752685546875,1.3876385688781738,1.0009878873825073,0.9820396304130554,0.6931228041648865,0.8607535362243652,0.9832487106323242,1.0918338298797607,1.3358166217803955,1.5339577198028564,1.6928576231002808,2.5975794792175293,2.5129404067993164,2.135214328765869,2.0809690952301025,1.7139352560043335,1.7133148908615112,1.3697782754898071,1.4334981441497803,1.211266040802002,1.4268677234649658,1.3381373882293701,1.6260831356048584,1.7746621370315552,1.86715829372406,1.9841428995132446,2.755263328552246,2.6877939701080322,2.316044807434082,2.3101513385772705,1.953999638557434,2.003497838973999,1.6794414520263672,1.7941151857376099,1.6003049612045288,1.8459911346435547,1.7857128381729126,2.0812017917633057,2.189119815826416,2.2216432094573975,2.4533729553222656,2.9852633476257324,2.988983154296875,2.6432440280914307,2.6249547004699707,2.3124263286590576,2.3754477500915527,2.0513627529144287,2.1998682022094727,2.042680025100708,2.390509605407715,2.3418450355529785,2.714695453643799,2.7348687648773193,2.9952032566070557,3.021759033203125
A10,2.6728696823120117,2.4838201999664307,2.1112043857574463,1.931761384010315,1.5437003374099731,1.3351203203201294,0.9508605599403381,0.6828833818435669,0.3836946189403534,0.0,0.3797075152397156,0.7220083475112915,1.006231665611267,1.334052324295044,1.5619901418685913,2.741168260574341,2.6536059379577637,2.2650980949401855,2.1952013969421387,1.8123255968093872,1.7530595064163208,1.3724128007888794,1.3406275510787964,1.0082237720489502,1.0728601217269897,1.0841679573059082,1.0676021575927734,1.3147300481796265,1.4278680086135864,1.6021819114685059,2.8377463817596436,2.7932775020599365,2.426344156265259,2.412259101867676,2.059002637863159,2.0779035091400146,1.73695707321167,1.7814936637878418,1.5182934999465942,1.6743992567062378,1.5166302919387817,1.7416391372680664,1.8587621450424194,1.8741613626480103,1.9820648431777954,2.9960761070251465,2.967324733734131,2.6083686351776123,2.6407721042633057,2.298902750015259,2.365892171859741,2.042726993560791,2.142199993133545,1.9138883352279663,2.118889093399048,2.0070879459381104,2.25510573387146,2.334254264831543,2.303797960281372,2.5270802974700928,3.235978603363037,3.2748405933380127,2.9400789737701416,2.954434394836426,2.653829574584961,2.739314317703247,2.4188733100891113,2.568589687347412,2.394340991973877,2.734130859375,2.656867265701294,3.0220487117767334,3.009486675262451,3.2638938426971436,3.2579808235168457
A11,2.762221574783325,2.6070854663848877,2.2366132736206055,2.1099650859832764,1.7265597581863403,1.5728850364685059,1.2019116878509521,0.9687038064002991,0.6463136672973633,0.3797075152397156,0.0,0.397163450717926,0.6850236058235168,1.0352882146835327,1.2950713634490967,2.7994980812072754,2.7359883785247803,2.3575830459594727,2.3193416595458984,1.9449411630630493,1.8916157484054565,1.5200306177139282,1.4529365301132202,1.0911149978637695,1.0628224611282349,0.9387237429618835,0.7960667610168457,1.0082958936691284,1.072053074836731,1.2705899477005005,2.863922119140625,2.846848964691162,2.4912097454071045,2.506746292114258,2.1648900508880615,2.1850149631500244,1.8466033935546875,1.8587312698364258,1.5551270246505737,1.6484265327453613,1.4070689678192139,1.5594778060913086,1.6214470863342285,1.5751752853393555,1.6678431034088135,2.9756672382354736,2.979572057723999,2.635512590408325,2.7048726081848145,2.3790743350982666,2.4560906887054443,2.133667230606079,2.2103159427642822,1.942078709602356,2.1008570194244385,1.916608214378357,2.111528158187866,2.141469955444336,2.054992914199829,2.2580251693725586,3.179454803466797,3.2599854469299316,2.9358534812927246,2.998835802078247,2.7062602043151855,2.830212116241455,2.515510320663452,2.6765449047088623,2.4821174144744873,2.8176791667938232,2.715121269226074,3.06482195854187,3.02494740486145,3.2988839149475098,3.2854883670806885
A12,2.7896883487701416,2.685864210128784,2.3139688968658447,2.25246262550354,1.8752028942108154,1.7879877090454102,1.4321506023406982,1.2722129821777344,0.9959216117858887,0.7220083475112915,0.397163450717926,0.0,0.3972998559474945,0.6690130233764648,0.982923686504364,2.826019287109375,2.8131396770477295,2.4564242362976074,2.478177309036255,2.131457805633545,2.129408836364746,1.7892768383026123,1.7553726434707642,1.4141415357589722,1.3738443851470947,1.17013418674469,0.9086682796478271,0.9823600053787231,0.8965949416160583,1.031232476234436,2.8835952281951904,2.9181175231933594,2.588172197341919,2.6615166664123535,2.3534891605377197,2.4158620834350586,2.1091198921203613,2.142564296722412,1.8461145162582397,1.9210320711135864,1.6278486251831055,1.713372826576233,1.688388466835022,1.5549052953720093,1.5704047679901123,2.9842207431793213,3.039951801300049,2.724260091781616,2.8510189056396484,2.560842752456665,2.6797146797180176,2.3869199752807617,2.483530282974243,2.216825485229492,2.361379384994507,2.1267812252044678,2.2792184352874756,2.242990255355835,2.0940089225769043,2.240386962890625,3.1976239681243896,3.3242034912109375,3.02542781829834,3.1373112201690674,2.8774404525756836,3.0467309951782227,2.7604074478149414,2.9551074504852295,2.7740249633789062,3.115682601928711,3.0172746181488037,3.3577492237091064,3.313363790512085,3.604640483856201,3.5952835083007812
A13,2.61826229095459,2.547990322113037,2.1949198246002197,2.1899423599243164,1.8415976762771606,1.8198341131210327,1.5109741687774658,1.4106413125991821,1.1780447959899902,1.006231665611267,0.6850236058235168,0.3972998559474945,0.0,0.40671077370643616,0.6376633644104004,2.6201746463775635,2.6300954818725586,2.296889305114746,2.3562073707580566,2.0404253005981445,2.067286968231201,1.7718756198883057,1.7575236558914185,1.4593909978866577,1.42216157913208,1.1706217527389526,0.8733101487159729,0.778057873249054,0.6281288266181946,0.6584511995315552,2.646393299102783,2.707118272781372,2.400512218475342,2.510132074356079,2.2351062297821045,2.321444034576416,2.05302357673645,2.100841522216797,1.8265396356582642,1.8949674367904663,1.570744276046753,1.6172144412994385,1.5097894668579102,1.3471184968948364,1.2780921459197998,2.7077858448028564,2.794489860534668,2.504025459289551,2.671954870223999,2.416982650756836,2.5648884773254395,2.3062362670898438,2.4185781478881836,2.1641972064971924,2.302377462387085,2.0295865535736084,2.1597442626953125,2.062072515487671,1.8905569314956665,1.9790234565734863,2.8996684551239014,3.0600788593292236,2.781951427459717,2.937950849533081,2.7058935165405273,2.918262481689453,2.663522720336914,2.891019344329834,2.7283918857574463,3.0747029781341553,2.9923267364501953,3.3201143741607666,3.28760027885437,3.6072938442230225,3.6271674633026123
A14,2.6839213371276855,2.6681787967681885,2.32271409034729,2.376049518585205,2.044583797454834,2.073956251144409,1.7845547199249268,1.7353464365005493,1.534350037574768,1.334052324295044,1.0352882146835327,0.6690130233764648,0.40671077370643616,0.0,0.39055734872817993,2.696741819381714,2.7621796131134033,2.4606802463531494,2.5769386291503906,2.2966675758361816,2.372725248336792,2.1081297397613525,2.130250930786133,1.8521192073822021,1.8260594606399536,1.564595103263855,1.2446479797363281,1.0790060758590698,0.8073689341545105,0.6750356554985046,2.7262649536132812,2.8414833545684814,2.5699968338012695,2.7339587211608887,2.4985315799713135,2.62632417678833,2.3913826942443848,2.4665439128875732,2.210883855819702,2.2802369594573975,1.9453922510147095,1.9575953483581543,1.7965041399002075,1.575767993927002,1.4242141246795654,2.790752410888672,2.929851770401001,2.675806999206543,2.8940846920013428,2.678518772125244,2.8643341064453125,2.638514280319214,2.7746806144714355,2.535759925842285,2.6729068756103516,2.3825764656066895,2.4868886470794678,2.3444430828094482,2.132467031478882,2.159636974334717,3.0066282749176025,3.2062182426452637,2.9610018730163574,3.153698205947876,2.960395097732544,3.2047507762908936,2.9807891845703125,3.234715700149536,3.091951370239258,3.442537784576416,3.371171712875366,3.6936113834381104,3.664154052734375,3.991771936416626,4.015472412109375
A15,2.4334657192230225,2.455409526824951,2.137155055999756,2.2475225925445557,1.9581207036972046,2.0510809421539307,1.819480299949646,1.833135724067688,1.6882293224334717,1.5619901418685913,1.2950713634490967,0.982923686504364,0.6376633644104004,0.39055734872817993,0.0,2.422976016998291,2.518127918243408,2.2508530616760254,2.410369634628296,2.1755969524383545,2.2929258346557617,2.0851783752441406,2.147918939590454,1.9280513525009155,1.936648964881897,1.6864917278289795,1.4008750915527344,1.151106834411621,0.9077725410461426,0.6126701235771179,2.432516574859619,2.579387664794922,2.341461420059204,2.5468976497650146,2.3576087951660156,2.5210483074188232,2.3383824825286865,2.4477734565734863,2.2379398345947266,2.3278815746307373,2.0031039714813232,2.0146963596343994,1.806050181388855,1.6031618118286133,1.371032953262329,2.4771721363067627,2.6496267318725586,2.4289417266845703,2.6887078285217285,2.518444776535034,2.7402474880218506,2.5625481605529785,2.730264663696289,2.528272867202759,2.679901123046875,2.386890172958374,2.4940407276153564,2.3126935958862305,2.112700939178467,2.081209421157837,2.6970772743225098,2.922520399093628,2.705589532852173,2.931939125061035,2.7784998416900635,3.0584723949432373,2.876845359802246,3.1652934551239014,3.0576188564300537,3.4135544300079346,3.374042272567749,3.6882567405700684,3.685920238494873,4.03403377532959,4.092596530914307
B1,0.35009562969207764,0.5194631218910217,0.7573315501213074,1.0928953886032104,1.356840968132019,1.694390058517456,1.9606835842132568,2.270416259765625,2.506690740585327,2.741168260574341,2.7994980812072754,2.826019287109375,2.6201746463775635,2.696741819381714,2.422976016998291,0.0,0.3807322382926941,0.6360546946525574,1.0016798973083496,1.283949851989746,1.6360511779785156,1.8944255113601685,2.233543872833252,2.4412155151367188,2.723756790161133,2.7963454723358154,2.8773138523101807,2.7314960956573486,2.855287790298462,2.6406307220458984,0.32428568601608276,0.5271703600883484,0.6770164370536804,1.0556674003601074,1.3166178464889526,1.6914399862289429,1.9365662336349487,2.3023135662078857,2.5016684532165527,2.8088605403900146,2.8047194480895996,3.026177167892456,2.9371442794799805,3.0693166255950928,2.88936448097229,0.799718976020813,0.8719655871391296,0.8851925730705261,1.1911561489105225,1.381462574005127,1.7689898014068604,1.9865610599517822,2.377155303955078,2.5600357055664062,2.8851077556610107,2.874070405960083,3.159963369369507,3.079167366027832,3.1925060749053955,3.144144296646118,1.3706326484680176,1.353614330291748,1.2983795404434204,1.3866569995880127,1.5466229915618896,1.8323115110397339,1.9864790439605713,2.396475076675415,2.611175060272217,2.9394989013671875,3.175645112991333,3.4500350952148438,3.686004400253296,4.029307842254639,4.281765937805176
B2,0.5796963572502136,0.4615810811519623,0.7220315337181091,0.9372217059135437,1.2393360137939453,1.5351632833480835,1.8346483707427979,2.1268630027770996,2.3784406185150146,2.6536059379577637,2.7359883785247803,2.8131396770477295,2.6300954818725586,2.7621796131134033,2.518127918243408,0.3807322382926941,0.0,0.39636752009391785,0.6769459843635559,1.018929362297058,1.3455485105514526,1.6517165899276733,1.9875587224960327,2.240229845046997,2.5340240001678467,2.6473958492279053,2.7775983810424805,2.667393684387207,2.8407175540924072,2.6715891361236572,0.46354448795318604,0.30647873878479004,0.3851417303085327,0.7003469467163086,1.000240683555603,1.363615870475769,1.646017074584961,2.0155584812164307,2.254767417907715,2.5724570751190186,2.615135669708252,2.860738515853882,2.810819149017334,2.9878549575805664,2.8512039184570312,0.8346228003501892,0.7271541357040405,0.6450693607330322,0.8565465211868286,1.0480159521102905,1.4243260622024536,1.6689568758010864,2.0638315677642822,2.2822511196136475,2.6166648864746094,2.6493160724639893,2.9556515216827393,2.9126572608947754,3.068372964859009,3.0535926818847656,1.319563627243042,1.2075109481811523,1.08622407913208,1.0833414793014526,1.219003438949585,1.4728293418884277,1.6377044916152954,2.0418152809143066,2.277068853378296,2.5959863662719727,2.849755048751831,3.1201698780059814,3.3722105026245117,3.7049174308776855,3.967229127883911
B3,0.7254468202590942,0.47885143756866455,0.5010180473327637,0.6339820623397827,0.8813024163246155,1.1637184619903564,1.4500374794006348,1.7334200143814087,1.9835047721862793,2.2650980949401855,2.3575830459594727,2.4564242362976074,2.296889305114746,2.4606802463531494,2.2508530616760254,0.6360546946525574,0.39636752009391785,0.0,0.39532724022865295,0.650374174118042,1.0034600496292114,1.2750506401062012,1.6215513944625854,1.858412504196167,2.1603779792785645,2.283137083053589,2.421163558959961,2.3398895263671875,2.527695417404175,2.3900928497314453,0.7328726053237915,0.5837789177894592,0.30034369230270386,0.5596514940261841,0.7104360461235046,1.0963138341903687,1.318422555923462,1.6985613107681274,1.9107245206832886,2.2407469749450684,2.277634382247925,2.5414235591888428,2.5150697231292725,2.694427728652954,2.586143970489502,1.0371135473251343,0.9223751425743103,0.6649530529975891,0.8226059079170227,0.8511177897453308,1.2294212579727173,1.3950488567352295,1.7964251041412354,1.9798392057418823,2.3280739784240723,2.355652332305908,2.6784143447875977,2.6569924354553223,2.8074722290039062,2.828664541244507,1.4667519330978394,1.3773317337036133,1.1558361053466797,1.1373001337051392,1.1362022161483765,1.373623013496399,1.4410662651062012,1.84358549118042,2.0339744091033936,2.3806421756744385,2.604416847229004,2.9026827812194824,3.1322109699249268,3.4641458988189697,3.7019705772399902
B4,1.0797604322433472,0.7594224810600281,0.7506697177886963,0.6485652327537537,0.8775750994682312,1.0514549016952515,1.3629902601242065,1.6065603494644165,1.8703185319900513,2.1952013969421387,2.3193416595458984,2.478177309036255,2.3562073707580566,2.5769386291503906,2.410369634628296,1.0016798973083496,0.6769459843635559,0.39532724022865295,0.0,0.40062615275382996,0.6883922815322876,1.0277891159057617,1.3664790391921997,1.6597963571548462,1.9748997688293457,2.152958393096924,2.350217819213867,2.3217759132385254,2.5610368251800537,2.481914758682251,1.061191201210022,0.7940269112586975,0.46026188135147095,0.3318026065826416,0.38728559017181396,0.7541497349739075,1.0115129947662354,1.4002549648284912,1.6609046459197998,2.00654935836792,2.1051793098449707,2.400657892227173,2.4297170639038086,2.6565732955932617,2.6053555011749268,1.2825901508331299,1.0608203411102295,0.7326884865760803,0.66677325963974,0.5676422715187073,0.899595320224762,1.067867636680603,1.4767413139343262,1.7001519203186035,2.0637900829315186,2.150357246398926,2.4994962215423584,2.531705856323242,2.7273552417755127,2.7945547103881836,1.6005457639694214,1.438536286354065,1.1550685167312622,1.0175448656082153,0.9134286642074585,1.065055251121521,1.0972167253494263,1.4839061498641968,1.6885532140731812,2.030588150024414,2.2693119049072266,2.5709409713745117,2.8148200511932373,3.130507469177246,3.3732411861419678
B5,1.3245750665664673,1.0140464305877686,0.844353199005127,0.6354376673698425,0.6704699397087097,0.7525640726089478,1.0156506299972534,1.2244477272033691,1.477752685546875,1.8123255968093872,1.9449411630630493,2.131457805633545,2.0404253005981445,2.2966675758361816,2.1755969524383545,1.283949851989746,1.018929362297058,0.650374174118042,0.40062615275382996,0.0,0.37946680188179016,0.6420669555664062,1.0008965730667114,1.2711533308029175,1.5967190265655518,1.7868367433547974,1.9940848350524902,2.0042409896850586,2.2583541870117188,2.2209959030151367,1.3478692770004272,1.1347981691360474,0.7558462023735046,0.6264804005622864,0.3393988311290741,0.6268775463104248,0.7236687541007996,1.1199314594268799,1.3288758993148804,1.6884838342666626,1.7752866744995117,2.090259552001953,2.1479833126068115,2.3725857734680176,2.3564047813415527,1.5377813577651978,1.3546664714813232,0.9824638366699219,0.9163235425949097,0.6396072506904602,0.8843252062797546,0.885226309299469,1.27936589717865,1.43472158908844,1.8097138404846191,1.8821399211883545,2.2448832988739014,2.3004462718963623,2.482811212539673,2.5896265506744385,1.8166130781173706,1.6998367309570312,1.3733798265457153,1.2673864364624023,1.0487889051437378,1.1671512126922607,1.0515437126159668,1.4046611785888672,1.525650978088379,1.8980258703231812,2.0843605995178223,2.4174270629882812,2.623992443084717,2.9386348724365234,3.146686315536499
B6,1.6982749700546265,1.3812757730484009,1.220023274421692,0.9685003161430359,0.9341381788253784,0.8718246221542358,1.0645898580551147,1.1678712368011475,1.3876385688781738,1.7530595064163208,1.8916157484054565,2.129408836364746,2.067286968231201,2.372725248336792,2.2929258346557617,1.6360511779785156,1.3455485105514526,1.0034600496292114,0.6883922815322876,0.37946680188179016,0.0,0.40383994579315186,0.6978265047073364,1.0368080139160156,1.35458242893219,1.595186471939087,1.8622324466705322,1.9230538606643677,2.2254421710968018,2.2504024505615234,1.663865327835083,1.4138171672821045,1.0423123836517334,0.7959467768669128,0.40032222867012024,0.38282227516174316,0.3623238801956177,0.7627882957458496,1.0114470720291138,1.379040241241455,1.5273562669754028,1.8658043146133423,1.9797199964523315,2.248007297515869,2.2922756671905518,1.7855274677276611,1.5628042221069336,1.1782575845718384,1.007099986076355,0.6252032518386841,0.6889925003051758,0.5580617785453796,0.9313149452209473,1.0931917428970337,1.4784868955612183,1.6008659601211548,1.9827598333358765,2.09135103225708,2.3115508556365967,2.464367151260376,1.9663832187652588,1.8266911506652832,1.4689502716064453,1.3201823234558105,1.0045344829559326,1.0313299894332886,0.7978708744049072,1.0959111452102661,1.1726082563400269,1.5511900186538696,1.7215118408203125,2.064667224884033,2.2653286457061768,2.571051597595215,2.7737514972686768
B7,1.9247498512268066,1.6282122135162354,1.3851810693740845,1.1205973625183105,0.9364861845970154,0.7664555311203003,0.8124338388442993,0.8191124796867371,1.0009878873825073,1.3724128007888794,1.5200306177139282,1.7892768383026123,1.7718756198883057,2.1081297397613525,2.0851783752441406,1.8944255113601685,1.6517165899276733,1.2750506401062012,1.0277891159057617,0.6420669555664062,0.40383994579315186,0.0,0.3882456123828888,0.658463716506958,1.0010677576065063,1.25801420211792,1.5300254821777344,1.6452668905258179,1.9518791437149048,2.024594783782959,1.9369927644729614,1.737816333770752,1.3524587154388428,1.1722792387008667,0.7745672464370728,0.7172322273254395,0.41808992624282837,0.6876511573791504,0.7793890237808228,1.156510353088379,1.2672251462936401,1.625008225440979,1.7704285383224487,2.01786470413208,2.098998785018921,2.0586819648742676,1.8841419219970703,1.4945297241210938,1.3785796165466309,0.9931274056434631,1.0143959522247314,0.7353041172027588,0.9860072135925293,0.998948335647583,1.3714323043823242,1.4521944522857666,1.8351138830184937,1.9623901844024658,2.1469292640686035,2.339287042617798,2.238452911376953,2.1481382846832275,1.7848817110061646,1.6847832202911377,1.3517979383468628,1.3805991411209106,1.0770596265792847,1.2919713258743286,1.2492904663085938,1.6337885856628418,1.7195523977279663,2.088106393814087,2.2291860580444336,2.5275936126708984,2.6779966354370117
B8,2.2887320518493652,2.00164532661438,1.7614169120788574,1.50851571559906,1.3054789304733276,1.1048246622085571,1.0530009269714355,0.9231296181678772,0.9820396304130554,1.3406275510787964,1.4529365301132202,1.7553726434707642,1.7575236558914185,2.130250930786133,2.147918939590454,2.233543872833252,1.9875587224960327,1.6215513944625854,1.3664790391921997,1.0008965730667114,0.6978265047073364,0.3882456123828888,0.0,0.39914923906326294,0.6879468560218811,0.995033323764801,1.3287146091461182,1.4975502490997314,1.8452428579330444,1.9856449365615845,2.2432973384857178,2.0379281044006348,1.6591147184371948,1.4533567428588867,1.0545176267623901,0.8741289973258972,0.4704428017139435,0.45749127864837646,0.4134310185909271,0.7895264625549316,0.9448558688163757,1.3210307359695435,1.527618408203125,1.8075073957443237,1.9549710750579834,2.3059134483337402,2.126445770263672,1.7401535511016846,1.599649429321289,1.2006614208221436,1.1169661283493042,0.7366845607757568,0.8149528503417969,0.6998910903930664,1.0441161394119263,1.1343156099319458,1.5215855836868286,1.6981215476989746,1.9002163410186768,2.1410908699035645,2.4066576957702637,2.3262596130371094,1.9534459114074707,1.8624134063720703,1.4901278018951416,1.4849497079849243,1.117153286933899,1.2316927909851074,1.074491024017334,1.4409010410308838,1.450341820716858,1.8247195482254028,1.9195338487625122,2.2153913974761963,2.3376879692077637
B9,2.4758026599884033,2.217719554901123,1.9289292097091675,1.6985727548599243,1.418790340423584,1.1989790201187134,1.01289701461792,0.7766554355621338,0.6931228041648865,1.0082237720489502,1.0911149978637695,1.4141415357589722,1.4593909978866577,1.8521192073822021,1.9280513525009155,2.4412155151367188,2.240229845046997,1.858412504196167,1.6597963571548462,1.2711533308029175,1.0368080139160156,0.658463716506958,0.39914923906326294,0.0,0.36235249042510986,0.668463408946991,0.9903791546821594,1.2229918241500854,1.558464765548706,1.747180461883545,2.4605045318603516,2.3035597801208496,1.9211705923080444,1.775038480758667,1.3806525468826294,1.2513881921768188,0.8563933968544006,0.7885621786117554,0.5184242725372314,0.7663784027099609,0.7842518091201782,1.1464781761169434,1.3631588220596313,1.589378833770752,1.7643669843673706,2.525377035140991,2.3949191570281982,2.0126953125,1.9309840202331543,1.5449801683425903,1.496894121170044,1.1189484596252441,1.1453098058700562,0.9104340672492981,1.1588555574417114,1.1431784629821777,1.4843707084655762,1.6465764045715332,1.7779518365859985,2.042248010635376,2.637615442276001,2.6065449714660645,2.2401063442230225,2.1985485553741455,1.838371753692627,1.868135690689087,1.5040233135223389,1.6047104597091675,1.3985766172409058,1.7386831045150757,1.6745997667312622,2.0423426628112793,2.0695929527282715,2.3556225299835205,2.4190080165863037
B10,2.7778944969177246,2.538144588470459,2.2482986450195312,2.0423924922943115,1.7552666664123535,1.54792058467865,1.3273870944976807,1.0556159019470215,0.8607535362243652,1.0728601217269897,1.0628224611282349,1.3738443851470947,1.42216157913208,1.8260594606399536,1.936648964881897,2.723756790161133,2.5340240001678467,2.1603779792785645,1.9748997688293457,1.5967190265655518,1.35458242893219,1.0010677576065063,0.6879468560218811,0.36235249042510986,0.0,0.38301917910575867,0.7600639462471008,1.0492584705352783,1.4043164253234863,1.658311128616333,2.717717170715332,2.572558879852295,2.1989948749542236,2.059779644012451,1.6744617223739624,1.5161513090133667,1.123814582824707,0.9465051889419556,0.5650863647460938,0.6062433123588562,0.5237681269645691,0.8565974235534668,1.1200753450393677,1.343118667602539,1.5810303688049316,2.7375049591064453,2.6221532821655273,2.250993490219116,2.179569959640503,1.8026801347732544,1.7260493040084839,1.335178017616272,1.2661423683166504,0.9347012639045715,1.0618071556091309,0.9673126935958862,1.2522486448287964,1.4283406734466553,1.5317909717559814,1.8342995643615723,2.7959842681884766,2.791563034057617,2.429466962814331,2.4175329208374023,2.0511844158172607,2.0869526863098145,1.712949275970459,1.769248366355896,1.5018435716629028,1.7998137474060059,1.6608600616455078,2.0043723583221436,1.9663372039794922,2.2492988109588623,2.2704498767852783
B11,2.863187551498413,2.6649587154388428,2.36332631111145,2.2126641273498535,1.9088890552520752,1.749343991279602,1.4958022832870483,1.2417596578598022,0.9832487106323242,1.0841679573059082,0.9387237429618835,1.17013418674469,1.1706217527389526,1.564595103263855,1.6864917278289795,2.7963454723358154,2.6473958492279053,2.283137083053589,2.152958393096924,1.7868367433547974,1.595186471939087,1.25801420211792,0.995033323764801,0.668463408946991,0.38301917910575867,0.0,0.3952500522136688,0.6943851113319397,1.0496766567230225,1.3374841213226318,2.771719455718994,2.670837640762329,2.3121421337127686,2.228203773498535,1.8668086528778076,1.749133586883545,1.385739803314209,1.2253202199935913,0.8444141745567322,0.782174289226532,0.47787168622016907,0.6595321893692017,0.8471730947494507,0.9975426197052002,1.241890549659729,2.760023832321167,2.6930172443389893,2.341998815536499,2.330575704574585,1.9835656881332397,1.9481780529022217,1.5838412046432495,1.5216292142868042,1.168691635131836,1.2251238822937012,0.9955418109893799,1.1825870275497437,1.27260160446167,1.2815909385681152,1.5702332258224487,2.8006436824798584,2.8502917289733887,2.5056612491607666,2.555718183517456,2.213571071624756,2.3053252696990967,1.9567166566848755,2.0449063777923584,1.7784079313278198,2.068194627761841,1.9095666408538818,2.2258572578430176,2.1537206172943115,2.4530603885650635,2.457721471786499
B12,2.936563491821289,2.7808287143707275,2.4609339237213135,2.358767509460449,2.0331997871398926,1.9118573665618896,1.622604250907898,1.3899987936019897,1.0918338298797607,1.0676021575927734,0.7960667610168457,0.9086682796478271,0.8733101487159729,1.2446479797363281,1.4008750915527344,2.8773138523101807,2.7775983810424805,2.421163558959961,2.350217819213867,1.9940848350524902,1.8622324466705322,1.5300254821777344,1.3287146091461182,0.9903791546821594,0.7600639462471008,0.3952500522136688,0.0,0.4014299213886261,0.6881952285766602,1.019130825996399,2.853044271469116,2.8043274879455566,2.4608657360076904,2.4379777908325195,2.1000447273254395,2.0366830825805664,1.6974059343338013,1.5818617343902588,1.219250202178955,1.1523420810699463,0.7920531630516052,0.8107679486274719,0.845356285572052,0.8237006068229675,1.0242289304733276,2.837599515914917,2.824592113494873,2.4941370487213135,2.5445241928100586,2.2261264324188232,2.2415823936462402,1.9046024084091187,1.8758320808410645,1.5328742265701294,1.5726312398910522,1.282143235206604,1.3866912126541138,1.3805161714553833,1.2698982954025269,1.5073626041412354,2.8941917419433594,2.994434356689453,2.670912742614746,2.771580934524536,2.459897041320801,2.5978541374206543,2.274775505065918,2.398592472076416,2.1479740142822266,2.441800355911255,2.2834413051605225,2.58699893951416,2.499587059020996,2.8026812076568604,2.792405128479004
B13,2.81685733795166,2.704643964767456,2.40079402923584,2.362579584121704,2.0610311031341553,2.0090291500091553,1.7524642944335938,1.58961021900177,1.3358166217803955,1.3147300481796265,1.0082958936691284,0.9823600053787231,0.778057873249054,1.0790060758590698,1.151106834411621,2.7314960956573486,2.667393684387207,2.3398895263671875,2.3217759132385254,2.0042409896850586,1.9230538606643677,1.6452668905258179,1.4975502490997314,1.2229918241500854,1.0492584705352783,0.6943851113319397,0.4014299213886261,0.0,0.39360442757606506,0.674126148223877,2.67973256111145,2.669769763946533,2.356717348098755,2.385896921157837,2.091841697692871,2.071645498275757,1.786265254020691,1.7092390060424805,1.3934345245361328,1.335510015487671,0.950386106967926,0.8863626718521118,0.7350512146949768,0.6076532006263733,0.6723927855491638,2.6264429092407227,2.65720534324646,2.3597848415374756,2.467026948928833,2.1952707767486572,2.2567272186279297,1.9692219495773315,1.9741766452789307,1.6603360176086426,1.6980215311050415,1.356623649597168,1.4161607027053833,1.2980490922927856,1.1225882768630981,1.2655830383300781,2.6646876335144043,2.811570882797241,2.5159454345703125,2.6738507747650146,2.4016568660736084,2.5958967208862305,2.3168461322784424,2.4876556396484375,2.269378423690796,2.570436954498291,2.438345432281494,2.7251501083374023,2.6541976928710938,2.9866037368774414,3.0076651573181152
