,A1,A2,A3,A4,A5,A6,A7,A8,A9,A10,A11,A12,A13,A14,A15,B1,B2,B3,B4,B5,B6,B7,B8,B9,B10,B11,B12,B13,B14,B15,C1,C2,C3,C4,C5,C6,C7,C8,C9,C10,C11,C12,C13,C14,C15,D1,D2,D3,D4,D5,D6,D7,D8,D9,D10,D11,D12,D13,D14,D15,E1,E2,E3,E4,E5,E6,E7,E8,E9,E10,E11,E12,E13,E14,E15
A1,0.0,0.37595266103744507,0.5360086560249329,0.892316997051239,1.142595887184143,1.4976645708084106,1.6853840351104736,2.0658791065216064,2.2715468406677246,2.6585440635681152,2.7267956733703613,3.0946204662323,3.0480313301086426,3.3522469997406006,3.2023746967315674,1.0583934783935547,0.9624735116958618,0.9812296628952026,1.076948881149292,1.3287428617477417,1.599085807800293,1.8417890071868896,2.2013678550720215,2.4056456089019775,2.7849173545837402,2.891589879989624,3.2536580562591553,3.2483789920806885,3.5542356967926025,3.459216594696045,1.6806235313415527,1.6042569875717163,1.5368090867996216,1.5925339460372925,1.7103115320205688,1.9139660596847534,2.107473373413086,2.43066668510437,2.6110150814056396,2.972885847091675,3.0872673988342285,3.448286294937134,3.4615156650543213,3.7743477821350098,3.710968494415283,2.248317003250122,2.1900148391723633,2.083303213119507,2.1190249919891357,2.15109920501709,2.3195433616638184,2.462092399597168,2.7355384826660156,2.879077434539795,3.2256245613098145,3.3425018787384033,3.6934986114501953,3.7193679809570312,4.050831317901611,4.011443138122559,2.9380366802215576,2.9121553897857666,2.747453451156616,2.819049119949341,2.7398765087127686,2.921051502227783,2.9511208534240723,3.1916348934173584,3.2810020446777344,3.5790233612060547,3.775031089782715,4.032105445861816,4.233514308929443,4.5704498291015625,4.834151268005371
A2,0.37595266103744507,0.0,0.3884285092353821,0.6115633845329285,0.9463592171669006,1.258427381515503,1.5022307634353638,1.8682444095611572,2.120403289794922,2.5021426677703857,2.6149027347564697,2.992307424545288,2.9822990894317627,3.309570789337158,3.1941869258880615,1.1971511840820312,1.0125157833099365,0.923399031162262,0.8794105648994446,1.1087114810943604,1.3226134777069092,1.6118510961532593,1.959614872932434,2.204754114151001,2.5834248065948486,2.7330188751220703,3.108757972717285,3.1401748657226562,3.468792676925659,3.407543420791626,1.7265528440475464,1.5900108814239502,1.4527318477630615,1.4192334413528442,1.4981390237808228,1.6454943418502808,1.8631486892700195,2.169926166534424,2.38276743888855,2.7411561012268066,2.8955788612365723,3.2685210704803467,3.317892074584961,3.6512739658355713,3.6204848289489746,2.246997117996216,2.143826723098755,1.9850685596466064,1.9566019773483276,1.94985830783844,2.067923069000244,2.2178359031677246,2.4680898189544678,2.635941743850708,2.974487781524658,3.1266210079193115,3.485119581222534,3.5452797412872314,3.893587112426758,3.88537335395813,2.8925459384918213,2.8357455730438232,2.635040521621704,2.6632559299468994,2.552781581878662,2.695188045501709,2.7190423011779785,2.930037021636963,3.0242319107055664,3.3013317584991455,3.5155155658721924,3.7571096420288086,3.9789938926696777,4.304999828338623,4.584299564361572
A3,0.5360086560249329,0.3884285092353821,0.0,0.3928889334201813,0.6159425377845764,0.9657629132270813,1.178273320198059,1.55390202999115,1.7834019660949707,2.1653668880462646,2.270538091659546,2.6485636234283447,2.6436638832092285,2.9752180576324463,2.8715128898620605,1.1578288078308105,1.0594077110290527,0.8674081563949585,0.8604516983032227,0.9618315696716309,1.1760101318359375,1.3946207761764526,1.728408932685852,1.934343934059143,2.302720785140991,2.4375991821289062,2.806703805923462,2.840712070465088,3.1702606678009033,3.1206858158111572,1.730143666267395,1.6556397676467896,1.463710069656372,1.4612401723861694,1.4519405364990234,1.5919995307922363,1.730180263519287,2.0118885040283203,2.1762638092041016,2.5190794467926025,2.652162551879883,3.012693166732788,3.060293436050415,3.390774726867676,3.370223045349121,2.2671117782592773,2.213113307952881,2.018798828125,2.019038438796997,1.9517673254013062,2.0689857006073,2.1485345363616943,2.3733067512512207,2.4896650314331055,2.810894250869751,2.9386215209960938,3.279602289199829,3.3337790966033936,3.6770472526550293,3.6770200729370117,2.9221575260162354,2.906074285507202,2.680300235748291,2.7363977432250977,2.5854809284210205,2.7363972663879395,2.704409599304199,2.906052827835083,2.9509263038635254,3.228394031524658,3.4096145629882812,3.6406443119049072,3.843447208404541,4.166586399078369,4.442445755004883
A4,0.892316997051239,0.6115633845329285,0.3928889334201813,0.0,0.3979477286338806,0.652427077293396,0.9429505467414856,1.2896560430526733,1.5738425254821777,1.942490816116333,2.1005406379699707,2.484369993209839,2.5243208408355713,2.878481149673462,2.818469285964966,1.3808503150939941,1.232574462890625,0.945770263671875,0.7895468473434448,0.7681400179862976,0.8724169135093689,1.1214556694030762,1.4263184070587158,1.6724151372909546,2.033266305923462,2.2168939113616943,2.597114324569702,2.6751976013183594,3.027686357498169,3.020169496536255,1.8400440216064453,1.7270636558532715,1.4626988172531128,1.373296856880188,1.28011155128479,1.3352152109146118,1.465306282043457,1.709753155708313,1.8966436386108398,2.227174997329712,2.4021639823913574,2.770778179168701,2.8602352142333984,3.2108609676361084,3.2302682399749756,2.3136022090911865,2.229675054550171,1.979000449180603,1.919995903968811,1.7892318964004517,1.8425710201263428,1.900653600692749,2.0833325386047363,2.2092461585998535,2.5124077796936035,2.673563003540039,3.016010284423828,3.107931613922119,3.466714859008789,3.504049301147461,2.910332679748535,2.8743913173675537,2.6088762283325195,2.6268351078033447,2.4319145679473877,2.5399820804595947,2.4814112186431885,2.6432511806488037,2.675588607788086,2.9271318912506104,3.1169142723083496,3.326122999191284,3.5452194213867188,3.8544728755950928,4.145717144012451
A5,1.142595887184143,0.9463592171669006,0.6159425377845764,0.3979477286338806,0.0,0.37696897983551025,0.5752456188201904,0.9423081874847412,1.1955461502075195,1.569435715675354,1.7141963243484497,2.0984153747558594,2.141305685043335,2.4990222454071045,2.452579975128174,1.3985475301742554,1.32930588722229,0.9874339699745178,0.8922845125198364,0.7082951068878174,0.7961497902870178,0.9020784497261047,1.1802037954330444,1.3650022745132446,1.7149951457977295,1.8742038011550903,2.246305465698242,2.3230152130126953,2.674689531326294,2.678504467010498,1.8409652709960938,1.7912150621414185,1.4918018579483032,1.4462164640426636,1.269098162651062,1.3220582008361816,1.3387929201126099,1.5470608472824097,1.663036584854126,1.973719596862793,2.114441394805908,2.4667160511016846,2.5484447479248047,2.8928985595703125,2.920387029647827,2.3044586181640625,2.272704601287842,1.9978947639465332,1.9769670963287354,1.7934702634811401,1.8540822267532349,1.8281067609786987,1.9825079441070557,2.0400357246398926,2.321990966796875,2.445235013961792,2.765314817428589,2.843668222427368,3.1928939819335938,3.2346537113189697,2.8929648399353027,2.900933027267456,2.618215560913086,2.669678211212158,2.4418041706085205,2.5638370513916016,2.4476094245910645,2.603544235229492,2.580240249633789,2.8350982666015625,2.9810683727264404,3.1829895973205566,3.3732762336730957,3.681542158126831,3.9619855880737305
A6,1.4976645708084106,1.258427381515503,0.9657629132270813,0.652427077293396,0.37696897983551025,0.0,0.39646491408348083,0.668274462223053,0.9896556735038757,1.329577922821045,1.5426640510559082,1.9248523712158203,2.026110887527466,2.403275966644287,2.4123103618621826,1.7150301933288574,1.6276072263717651,1.25678551197052,1.0886770486831665,0.7951576113700867,0.7026664018630981,0.7445588707923889,0.9236153364181519,1.1279103755950928,1.4476730823516846,1.6629631519317627,2.0379977226257324,2.169910430908203,2.5417916774749756,2.5982062816619873,2.0705406665802,2.0046441555023193,1.6637768745422363,1.560044765472412,1.3009467124938965,1.25197172164917,1.2079341411590576,1.330967664718628,1.4381183385849,1.7116678953170776,1.8921164274215698,2.2411386966705322,2.37176775932312,2.732405424118042,2.8087401390075684,2.4704136848449707,2.425163507461548,2.110065460205078,2.0462493896484375,1.7995257377624512,1.791451096534729,1.7139370441436768,1.7978804111480713,1.837235689163208,2.07906174659729,2.2281911373138428,2.535707950592041,2.6545372009277344,3.0141401290893555,3.0999629497528076,2.9952681064605713,2.994859457015991,2.680429697036743,2.70292329788208,2.431929111480713,2.5105438232421875,2.353334426879883,2.4583442211151123,2.402003526687622,2.621537446975708,2.760528802871704,2.9296956062316895,3.128347873687744,3.4166054725646973,3.7109766006469727
A7,1.6853840351104736,1.5022307634353638,1.178273320198059,0.9429505467414856,0.5752456188201904,0.39646491408348083,0.0,0.38306424021720886,0.6318157315254211,1.003143072128296,1.1699860095977783,1.5537354946136475,1.635039210319519,2.009591579437256,2.017591714859009,1.674102783203125,1.6481382846832275,1.2682478427886963,1.1735423803329468,0.8192383050918579,0.7698317170143127,0.60235595703125,0.7454896569252014,0.8348242044448853,1.1588329076766968,1.3163235187530518,1.685437798500061,1.7927557229995728,2.1583251953125,2.209434747695923,1.975489616394043,1.968794345855713,1.620328664779663,1.5756930112838745,1.2777972221374512,1.2662734985351562,1.109605312347412,1.2115308046340942,1.220867395401001,1.483426570892334,1.5983366966247559,1.9309250116348267,2.0303988456726074,2.3787038326263428,2.445223093032837,2.348756790161133,2.3560967445373535,2.0366203784942627,2.024432420730591,1.7545534372329712,1.7811588048934937,1.6313592195510864,1.7103440761566162,1.6718668937683105,1.9035062789916992,1.9898724555969238,2.2764170169830322,2.3593907356262207,2.7029683589935303,2.7747581005096436,2.8577914237976074,2.9028453826904297,2.5862722396850586,2.651567220687866,2.367941379547119,2.4765684604644775,2.276627779006958,2.3962180614471436,2.293002128601074,2.531644344329834,2.6195898056030273,2.7990262508392334,2.9559834003448486,3.2538204193115234,3.5239202976226807
A8,2.0658791065216064,1.8682444095611572,1.55390202999115,1.2896560430526733,0.9423081874847412,0.668274462223053,0.38306424021720886,0.0,0.37333378195762634,0.6759023666381836,0.9229414463043213,1.291630506515503,1.4406933784484863,1.8273701667785645,1.9017361402511597,2.005072593688965,1.9804285764694214,1.5956535339355469,1.4775094985961914,1.0881199836730957,0.9401088953018188,0.6616359353065491,0.5816646218299866,0.5728230476379395,0.8234301805496216,1.0265960693359375,1.3885477781295776,1.5562056303024292,1.9365720748901367,2.0482101440429688,2.2297751903533936,2.2269701957702637,1.8608452081680298,1.7921979427337646,1.4430567026138306,1.360843300819397,1.1141715049743652,1.0904631614685059,1.019546389579773,1.2047240734100342,1.3282475471496582,1.6386746168136597,1.782891869544983,2.1388700008392334,2.2580459117889404,2.536562919616699,2.5491058826446533,2.2064363956451416,2.176269054412842,1.8581926822662354,1.835044264793396,1.6140823364257812,1.6100364923477173,1.509353756904602,1.6756772994995117,1.7553632259368896,2.0080406665802,2.119753122329712,2.4624712467193604,2.5774619579315186,2.975497245788574,3.0281589031219482,2.6907670497894287,2.7442684173583984,2.4256491661071777,2.5026614665985107,2.252588987350464,2.3235995769500732,2.1666362285614014,2.3698322772979736,2.4226880073547363,2.567028522491455,2.710184097290039,2.987182378768921,3.259047746658325
A9,2.2715468406677246,2.120403289794922,1.7834019660949707,1.5738425254821777,1.1955461502075195,0.9896556735038757,0.6318157315254211,0.37333378195762634,0.0,0.38927316665649414,0.557889997959137,0.9362373352050781,1.077616572380066,1.465880274772644,1.5549896955490112,2.0880041122436523,2.1220767498016357,1.75533926486969,1.7040916681289673,1.3232543468475342,1.235902190208435,0.8963373303413391,0.7869747877120972,0.5743502974510193,0.7213979959487915,0.7944583296775818,1.119977593421936,1.2595938444137573,1.626266598701477,1.741655707359314,2.291037082672119,2.3451714515686035,1.9960919618606567,1.9856085777282715,1.640710473060608,1.6027687788009644,1.3021496534347534,1.2594990730285645,1.0766854286193848,1.201388955116272,1.214438557624817,1.4696182012557983,1.5695984363555908,1.8969300985336304,2.0088307857513428,2.5816986560821533,2.6462199687957764,2.317915439605713,2.3388915061950684,2.023587465286255,2.0362374782562256,1.772118091583252,1.7637616395950317,1.5868380069732666,1.719833254814148,1.7157789468765259,1.9197978973388672,1.9833036661148071,2.293325185775757,2.392974615097046,3.008958578109741,3.1064085960388184,2.7794458866119385,2.874257802963257,2.5578765869140625,2.662651777267456,2.3855772018432617,2.4683806896209717,2.2714006900787354,2.4829671382904053,2.479491710662842,2.624070405960083,2.716951847076416,2.993455410003662,3.234896659851074
A10,2.6585440635681152,2.5021426677703857,2.1653668880462646,1.942490816116333,1.569435715675354,1.329577922821045,1.003143072128296,0.6759023666381836,0.38927316665649414,0.0,0.38155898451805115,0.6726802587509155,0.9263433218002319,1.3047715425491333,1.4841513633728027,2.4545485973358154,2.494610071182251,2.129521369934082,2.06929349899292,1.678971290588379,1.5521106719970703,1.194204568862915,0.9778273701667786,0.6806564331054688,0.5893052816390991,0.627648115158081,0.8683615326881409,1.0833293199539185,1.4420009851455688,1.633868932723999,2.6141695976257324,2.6763851642608643,2.324594259262085,2.3046875,1.9405813217163086,1.8655952215194702,1.5251798629760742,1.392602562904358,1.1351526975631714,1.1283230781555176,1.1005929708480835,1.2727584838867188,1.4087754487991333,1.7172397375106812,1.8882032632827759,2.856459856033325,2.930861473083496,2.5953962802886963,2.609706163406372,2.2711069583892822,2.252664804458618,1.9436079263687134,1.8677763938903809,1.6309658288955688,1.6763508319854736,1.637916922569275,1.7710028886795044,1.8488973379135132,2.1340491771698,2.276099920272827,3.2246761322021484,3.3339290618896484,2.9989612102508545,3.0892956256866455,2.7536978721618652,2.8353219032287598,2.521944999694824,2.5626285076141357,2.3169543743133545,2.487874746322632,2.436269760131836,2.5381267070770264,2.599857807159424,2.8455610275268555,3.07627272605896
A11,2.7267956733703613,2.6149027347564697,2.270538091659546,2.1005406379699707,1.7141963243484497,1.5426640510559082,1.1699860095977783,0.9229414463043213,0.557889997959137,0.38155898451805115,0.0,0.38520118594169617,0.5563396215438843,0.94208163022995,1.105392336845398,2.396664619445801,2.4859180450439453,2.1487369537353516,2.151355504989624,1.7837800979614258,1.7260147333145142,1.3476684093475342,1.1904276609420776,0.8457720279693604,0.7704547643661499,0.5874018669128418,0.741529643535614,0.8353046178817749,1.1596711874008179,1.3130967617034912,2.5302717685699463,2.6439173221588135,2.3200771808624268,2.3601925373077393,2.019853115081787,2.006746530532837,1.6535143852233887,1.5647485256195068,1.267249345779419,1.2709330320358276,1.1214184761047363,1.2391695976257324,1.2698042392730713,1.5286637544631958,1.6480371952056885,2.7611043453216553,2.8841307163238525,2.575080156326294,2.64485764503479,2.3297200202941895,2.365034818649292,2.0473792552948,2.01121187210083,1.7414244413375854,1.8011443614959717,1.6805142164230347,1.785441517829895,1.780595064163208,2.023040771484375,2.1120896339416504,3.129625082015991,3.2809078693389893,2.968003988265991,3.1041934490203857,2.788393020629883,2.9117112159729004,2.596726417541504,2.6755359172821045,2.422008752822876,2.6247787475585938,2.538027286529541,2.668016195297241,2.684347152709961,2.9459621906280518,3.13777756690979
A12,3.0946204662323,2.992307424545288,2.6485636234283447,2.484369993209839,2.0984153747558594,1.9248523712158203,1.5537354946136475,1.291630506515503,0.9362373352050781,0.6726802587509155,0.38520118594169617,0.0,0.36660414934158325,0.6756080985069275,0.9470129013061523,2.704794406890869,2.8111605644226074,2.4873154163360596,2.5018880367279053,2.137425422668457,2.0762503147125244,1.6866947412490845,1.4971668720245361,1.1277244091033936,0.9445033073425293,0.6649197340011597,0.5898321270942688,0.6539994478225708,0.9015591740608215,1.1180214881896973,2.7895991802215576,2.924804925918579,2.6130526065826416,2.665911912918091,2.3251912593841553,2.309154987335205,1.9343889951705933,1.809462070465088,1.4684017896652222,1.3880548477172852,1.1590591669082642,1.1500331163406372,1.141173243522644,1.3256672620773315,1.4703689813613892,2.972050189971924,3.118990421295166,2.8191401958465576,2.903618097305298,2.5855913162231445,2.6190736293792725,2.273881196975708,2.208599805831909,1.8933327198028564,1.8926094770431519,1.7089357376098633,1.7307627201080322,1.6892949342727661,1.8709132671356201,1.9662922620773315,3.2854602336883545,3.4614310264587402,3.155834436416626,3.305529832839966,2.9880809783935547,3.109670400619507,2.7723591327667236,2.8351569175720215,2.5473737716674805,2.729628562927246,2.5899300575256348,2.697627305984497,2.66349458694458,2.9027652740478516,3.0597238540649414
A13,3.0480313301086426,2.9822990894317627,2.6436638832092285,2.5243208408355713,2.141305685043335,2.026110887527466,1.635039210319519,1.4406933784484863,1.077616572380066,0.9263433218002319,0.5563396215438843,0.36660414934158325,0.0,0.3892399072647095,0.5872649550437927,2.5533981323242188,2.6956729888916016,2.404529333114624,2.470256805419922,2.13726544380188,2.136164665222168,1.7491401433944702,1.6242694854736328,1.2595641613006592,1.1555060148239136,0.812427282333374,0.7374921441078186,0.5886940956115723,0.7539550065994263,0.8551958799362183,2.6115360260009766,2.786754846572876,2.50736141204834,2.6110470294952393,2.3029990196228027,2.344141960144043,1.9789988994598389,1.911424160003662,1.5742460489273071,1.5483254194259644,1.2655781507492065,1.2586544752120972,1.1339491605758667,1.2646294832229614,1.3098361492156982,2.7859177589416504,2.971287250518799,2.702186346054077,2.8344316482543945,2.548671245574951,2.633624315261841,2.3008923530578613,2.2878806591033936,1.9740484952926636,2.016660213470459,1.78981351852417,1.8224256038665771,1.704138994216919,1.8535581827163696,1.8717104196548462,3.107476234436035,3.3157498836517334,3.0363190174102783,3.225405693054199,2.9354493618011475,3.097646713256836,2.7753148078918457,2.8827154636383057,2.609910726547241,2.8308346271514893,2.6844000816345215,2.8322155475616455,2.7767536640167236,3.0415241718292236,3.1704893112182617
A14,3.3522469997406006,3.309570789337158,2.9752180576324463,2.878481149673462,2.4990222454071045,2.403275966644287,2.009591579437256,1.8273701667785645,1.465880274772644,1.3047715425491333,0.94208163022995,0.6756080985069275,0.3892399072647095,0.0,0.3775355815887451,2.7814829349517822,2.950133800506592,2.687122106552124,2.7810654640197754,2.4670052528381348,2.4860877990722656,2.0993411540985107,1.9805805683135986,1.6134883165359497,1.4878822565078735,1.117066502571106,0.9362602233886719,0.6857041120529175,0.623982310295105,0.6688352823257446,2.794912338256836,3.0017290115356445,2.751246452331543,2.8843438625335693,2.5952954292297363,2.6570510864257812,2.2896482944488525,2.2242085933685303,1.87392258644104,1.8221770524978638,1.490356683731079,1.4012583494186401,1.1963845491409302,1.203768014907837,1.1943963766098022,2.927955150604248,3.1472318172454834,2.9051921367645264,3.0680081844329834,2.800157070159912,2.9051079750061035,2.566378593444824,2.5571768283843994,2.2235071659088135,2.244628667831421,1.9658511877059937,1.9423836469650269,1.760910987854004,1.8297677040100098,1.8024539947509766,3.2070000171661377,3.4481067657470703,3.192516565322876,3.4084315299987793,3.1354548931121826,3.313462734222412,2.9879837036132812,3.1032931804656982,2.8188254833221436,3.0392608642578125,2.8553318977355957,3.003196954727173,2.901496171951294,3.1568048000335693,3.241997718811035
A15,3.2023746967315674,3.1941869258880615,2.8715128898620605,2.818469285964966,2.452579975128174,2.4123103618621826,2.017591714859009,1.9017361402511597,1.5549896955490112,1.4841513633728027,1.105392336845398,0.9470129013061523,0.5872649550437927,0.3775355815887451,0.0,2.5537595748901367,2.7529666423797607,2.527089834213257,2.6671297550201416,2.392469644546509,2.4674036502838135,2.100421905517578,2.047966718673706,1.7067755460739136,1.661869764328003,1.2912958860397339,1.1865336894989014,0.8744338154792786,0.8019696474075317,0.6413534283638,2.5556132793426514,2.7960033416748047,2.582005023956299,2.7606067657470703,2.5117743015289307,2.6268012523651123,2.285741090774536,2.2821269035339355,1.9590421915054321,1.9739114046096802,1.6406629085540771,1.6032323837280273,1.3465267419815063,1.3470606803894043,1.2260838747024536,2.6962344646453857,2.9463915824890137,2.738816022872925,2.9432156085968018,2.7144315242767334,2.867232322692871,2.557166814804077,2.6041998863220215,2.294942617416382,2.371453046798706,2.0885040760040283,2.10711669921875,1.8861408233642578,1.9538733959197998,1.8525952100753784,3.0033786296844482,3.2674031257629395,3.0404956340789795,3.2892489433288574,3.0487992763519287,3.2645182609558105,2.9668161869049072,3.1273722648620605,2.873373031616211,3.1318976879119873,2.965336561203003,3.1535277366638184,3.056368827819824,3.3397374153137207,3.4167661666870117
B1,1.0583934783935547,1.1971511840820312,1.1578288078308105,1.3808503150939941,1.3985475301742554,1.7150301933288574,1.674102783203125,2.005072593688965,2.0880041122436523,2.4545485973358154,2.396664619445801,2.704794406890869,2.5533981323242188,2.7814829349517822,2.5537595748901367,0.0,0.37327322363853455,0.5765060782432556,0.9551289081573486,1.185865879058838,1.5629847049713135,1.6555718183517456,2.0253214836120605,2.130267381668091,2.5030810832977295,2.4875874519348145,2.8012633323669434,2.6876416206359863,2.923637866973877,2.740809917449951,0.7267447710037231,0.8541836142539978,0.8869752883911133,1.1884077787399292,1.351301670074463,1.7010376453399658,1.804897427558899,2.1693406105041504,2.2681448459625244,2.6386168003082275,2.637629270553589,2.962446689605713,2.8704991340637207,3.122016191482544,2.9697134494781494,1.3402295112609863,1.4229477643966675,1.3820569515228271,1.5994312763214111,1.6816942691802979,1.9867653846740723,2.0740931034088135,2.4114701747894287,2.4838767051696777,2.852421283721924,2.8608505725860596,3.1915230751037598,3.116885185241699,3.395120620727539,3.269164562225342,2.0755765438079834,2.152756929397583,2.0316972732543945,2.2293856143951416,2.189056158065796,2.4752190113067627,2.4834096431732178,2.803142547607422,2.8652219772338867,3.2254116535186768,3.3519840240478516,3.665074348449707,3.790832042694092,4.161194324493408,4.358950614929199
B2,0.9624735116958618,1.0125157833099365,1.0594077110290527,1.232574462890625,1.32930588722229,1.6276072263717651,1.6481382846832275,1.9804285764694214,2.1220767498016357,2.494610071182251,2.4859180450439453,2.8111605644226074,2.6956729888916016,2.950133800506592,2.7529666423797607,0.37327322363853455,0.0,0.391374796628952,0.6930421590805054,1.0145323276519775,1.377538800239563,1.546514630317688,1.9285961389541626,2.0945000648498535,2.481497049331665,2.516286611557007,2.8529765605926514,2.7756094932556152,3.038172960281372,2.884403705596924,0.7251966595649719,0.669036328792572,0.6738331317901611,0.9033982157707214,1.1251705884933472,1.4646559953689575,1.6406826972961426,2.020426034927368,2.1782150268554688,2.5629336833953857,2.6118111610412598,2.9605114459991455,2.9049627780914307,3.182086706161499,3.056729555130005,1.2874490022659302,1.2667738199234009,1.197267770767212,1.3447388410568237,1.4484901428222656,1.7334914207458496,1.8769638538360596,2.2237510681152344,2.350022554397583,2.7299797534942627,2.784666061401367,3.1377644538879395,3.098600387573242,3.3994970321655273,3.298456907272339,1.990856647491455,2.002835988998413,1.8622857332229614,2.006012201309204,1.968133807182312,2.2277965545654297,2.2700443267822266,2.5816400051116943,2.6809608936309814,3.030998945236206,3.1943230628967285,3.5055437088012695,3.66110897064209,4.027695655822754,4.242273807525635
B3,0.9812296628952026,0.923399031162262,0.8674081563949585,0.945770263671875,0.9874339699745178,1.25678551197052,1.2682478427886963,1.5956535339355469,1.75533926486969,2.129521369934082,2.1487369537353516,2.4873154163360596,2.404529333114624,2.687122106552124,2.527089834213257,0.5765060782432556,0.391374796628952,0.0,0.38548538088798523,0.6350430846214294,1.0068131685256958,1.1644939184188843,1.5484675168991089,1.7237383127212524,2.1143126487731934,2.173853635787964,2.524785041809082,2.480395555496216,2.770015239715576,2.6549594402313232,0.8947830200195312,0.8291871547698975,0.6255006194114685,0.7670175433158875,0.857272207736969,1.168113112449646,1.3095314502716064,1.6768890619277954,1.8311192989349365,2.213696241378784,2.2821357250213623,2.6402132511138916,2.6154229640960693,2.91534686088562,2.8279621601104736,1.4034428596496582,1.375449538230896,1.194089651107788,1.2864307165145874,1.2806980609893799,1.5219539403915405,1.615836262702942,1.9328252077102661,2.0435757637023926,2.413461208343506,2.4825284481048584,2.8363187313079834,2.824246883392334,3.1430418491363525,3.07817006111145,2.063457727432251,2.0762815475463867,1.8683910369873047,1.9864466190338135,1.872890591621399,2.101405382156372,2.0883727073669434,2.368464708328247,2.4332854747772217,2.7704219818115234,2.9278950691223145,3.2204043865203857,3.382906198501587,3.741262197494507,3.9710941314697266
B4,1.076948881149292,0.8794105648994446,0.8604516983032227,0.7895468473434448,0.8922845125198364,1.0886770486831665,1.1735423803329468,1.4775094985961914,1.7040916681289673,2.06929349899292,2.151355504989624,2.5018880367279053,2.470256805419922,2.7810654640197754,2.6671297550201416,0.9551289081573486,0.6930421590805054,0.38548538088798523,0.0,0.4049111008644104,0.7152436971664429,0.9760273098945618,1.3545277118682861,1.6007473468780518,1.9934643507003784,2.117676019668579,2.488055467605591,2.49639892578125,2.815692186355591,2.747084379196167,1.149574875831604,0.977341890335083,0.6865625381469727,0.6063392758369446,0.6337902545928955,0.8686763644218445,1.081522822380066,1.4429949522018433,1.6607213020324707,2.0455920696258545,2.1773695945739746,2.5553224086761475,2.5833663940429688,2.911898136138916,2.869715690612793,1.5529193878173828,1.4433411359786987,1.1947431564331055,1.164442539215088,1.1013416051864624,1.2653179168701172,1.389426589012146,1.6852269172668457,1.8457105159759521,2.2126872539520264,2.338994264602661,2.7085049152374268,2.747119188308716,3.091001033782959,3.0692710876464844,2.1306540966033936,2.0877952575683594,1.836402177810669,1.8809577226638794,1.7273253202438354,1.8975580930709839,1.8858811855316162,2.128770351409912,2.2108566761016846,2.523024082183838,2.7144412994384766,2.9895904064178467,3.1856513023376465,3.53179931640625,3.7857143878936768
B5,1.3287428617477417,1.1087114810943604,0.9618315696716309,0.7681400179862976,0.7082951068878174,0.7951576113700867,0.8192383050918579,1.0881199836730957,1.3232543468475342,1.678971290588379,1.7837800979614258,2.137425422668457,2.13726544380188,2.4670052528381348,2.392469644546509,1.185865879058838,1.0145323276519775,0.6350430846214294,0.4049111008644104,0.0,0.3771655261516571,0.5764088034629822,0.9581091403961182,1.2036116123199463,1.5959731340408325,1.7385106086730957,2.1163125038146973,2.15521502494812,2.4941418170928955,2.4645285606384277,1.3538994789123535,1.2399506568908691,0.8805732727050781,0.7768296003341675,0.562673807144165,0.6963252425193787,0.7852897644042969,1.1126097440719604,1.3011157512664795,1.6774331331253052,1.8177555799484253,2.1975584030151367,2.2518515586853027,2.5958354473114014,2.5904479026794434,1.7064242362976074,1.6333658695220947,1.3227933645248413,1.2791999578475952,1.0883365869522095,1.1901644468307495,1.2027734518051147,1.4416102170944214,1.5523489713668823,1.898242712020874,2.0230352878570557,2.3829774856567383,2.44120192527771,2.7949330806732178,2.8065006732940674,2.231494188308716,2.2165048122406006,1.9196683168411255,1.9631308317184448,1.7370326519012451,1.8795007467269897,1.7851954698562622,1.9876289367675781,2.0067074298858643,2.3044941425323486,2.4682650566101074,2.7217977046966553,2.9103078842163086,3.247875452041626,3.5091798305511475
B6,1.599085807800293,1.3226134777069092,1.1760101318359375,0.8724169135093689,0.7961497902870178,0.7026664018630981,0.7698317170143127,0.9401088953018188,1.235902190208435,1.5521106719970703,1.7260147333145142,2.0762503147125244,2.136164665222168,2.4860877990722656,2.4674036502838135,1.5629847049713135,1.377538800239563,1.0068131685256958,0.7152436971664429,0.3771655261516571,0.0,0.4003252387046814,0.708355188369751,1.033043384552002,1.4032210111618042,1.6196162700653076,2.0047366619110107,2.1064341068267822,2.469008445739746,2.4961624145507812,1.6834017038345337,1.5414531230926514,1.1644071340560913,0.9631911516189575,0.6494511365890503,0.5510124564170837,0.6053363084793091,0.8524202704429626,1.0916415452957153,1.4469882249832153,1.6569064855575562,2.0446486473083496,2.1612086296081543,2.528306007385254,2.5787508487701416,1.9620189666748047,1.8576840162277222,1.5098282098770142,1.3860371112823486,1.1149731874465942,1.0917953252792358,1.0601344108581543,1.2151535749435425,1.3438022136688232,1.6600271463394165,1.8409022092819214,2.2014033794403076,2.316864013671875,2.6898908615112305,2.7545578479766846,2.402571201324463,2.361393928527832,2.0301296710968018,2.018017292022705,1.7406595945358276,1.8117419481277466,1.6789624691009521,1.8132301568984985,1.8114224672317505,2.0676097869873047,2.2460033893585205,2.4660303592681885,2.6805942058563232,2.99824595451355,3.283600091934204
B7,1.8417890071868896,1.6118510961532593,1.3946207761764526,1.1214556694030762,0.9020784497261047,0.7445588707923889,0.60235595703125,0.6616359353065491,0.8963373303413391,1.194204568862915,1.3476684093475342,1.6866947412490845,1.7491401433944702,2.0993411540985107,2.100421905517578,1.6555718183517456,1.546514630317688,1.1644939184188843,0.9760273098945618,0.5764088034629822,0.4003252387046814,0.0,0.3858054280281067,0.6477141380310059,1.0321464538574219,1.2227953672409058,1.6081386804580688,1.7095770835876465,2.07627272605896,2.119783401489258,1.7393828630447388,1.670962929725647,1.2851146459579468,1.1623598337173462,0.7913935780525208,0.7157469391822815,0.507297694683075,0.6701610088348389,0.7822874188423157,1.132889986038208,1.298391580581665,1.6794573068618774,1.788041353225708,2.155358076095581,2.2176454067230225,1.9863886833190918,1.9458309412002563,1.586791753768921,1.5214906930923462,1.2035304307937622,1.1979224681854248,1.0292021036148071,1.1321698427200317,1.14138662815094,1.4329549074172974,1.5567600727081299,1.8959333896636963,1.9933075904846191,2.3600571155548096,2.4307615756988525,2.3986799716949463,2.411078929901123,2.0687646865844727,2.1006462574005127,1.7930374145507812,1.882826328277588,1.6752318143844604,1.8002667427062988,1.7179054021835327,1.9796065092086792,2.0932013988494873,2.3079357147216797,2.4811015129089355,2.8013012409210205,3.070250988006592
B8,2.2013678550720215,1.959614872932434,1.728408932685852,1.4263184070587158,1.1802037954330444,0.9236153364181519,0.7454896569252014,0.5816646218299866,0.7869747877120972,0.9778273701667786,1.1904276609420776,1.4971668720245361,1.6242694854736328,1.9805805683135986,2.047966718673706,2.0253214836120605,1.9285961389541626,1.5484675168991089,1.3545277118682861,0.9581091403961182,0.708355188369751,0.3858054280281067,0.0,0.37912800908088684,0.7048445343971252,0.9755270481109619,1.3537839651107788,1.5256153345108032,1.9075508117675781,2.0178403854370117,2.072381019592285,2.0120949745178223,1.6243683099746704,1.4829959869384766,1.088346242904663,0.9179941415786743,0.6045986413955688,0.5088833570480347,0.5208442807197571,0.8033589720726013,1.0224459171295166,1.3961071968078613,1.569841742515564,1.9521857500076294,2.078312635421753,2.260157346725464,2.224837064743042,1.851667046546936,1.7636569738388062,1.4016823768615723,1.3204635381698608,1.061921238899231,1.028527855873108,0.9566874504089355,1.1682580709457397,1.3081821203231812,1.6210193634033203,1.7673500776290894,2.141968250274658,2.2691848278045654,2.594717502593994,2.611917734146118,2.2509939670562744,2.262749195098877,1.9176316261291504,1.9586812257766724,1.6910769939422607,1.7433048486709595,1.5921701192855835,1.8042031526565552,1.8830708265304565,2.0540084838867188,2.2217884063720703,2.5193169116973877,2.7987043857574463
B9,2.4056456089019775,2.204754114151001,1.934343934059143,1.6724151372909546,1.3650022745132446,1.1279103755950928,0.8348242044448853,0.5728230476379395,0.5743502974510193,0.6806564331054688,0.8457720279693604,1.1277244091033936,1.2595641613006592,1.6134883165359497,1.7067755460739136,2.130267381668091,2.0945000648498535,1.7237383127212524,1.6007473468780518,1.2036116123199463,1.033043384552002,0.6477141380310059,0.37912800908088684,0.0,0.394107848405838,0.6042742133140564,0.9887235760688782,1.1617509126663208,1.5485683679580688,1.6799249649047852,2.166165590286255,2.167653799057007,1.794830083847046,1.7206945419311523,1.3337931632995605,1.2259899377822876,0.8592855930328369,0.7284240126609802,0.5027021765708923,0.6778038740158081,0.7709231972694397,1.1138553619384766,1.2660835981369019,1.6408343315124512,1.777949333190918,2.3398549556732178,2.3622779846191406,2.00270938873291,1.9734690189361572,1.6153521537780762,1.5766727924346924,1.2634936571121216,1.2099837064743042,1.0136009454727173,1.1601468324661255,1.1911457777023315,1.448966145515442,1.5543850660324097,1.9069238901138306,2.0327398777008057,2.6600654125213623,2.7276859283447266,2.3757078647613525,2.4334359169006348,2.088428258895874,2.157958984375,1.853515625,1.9103342294692993,1.6992454528808594,1.911162257194519,1.9135371446609497,2.0752665996551514,2.183222770690918,2.477421760559082,2.7271199226379395
B10,2.7849173545837402,2.5834248065948486,2.302720785140991,2.033266305923462,1.7149951457977295,1.4476730823516846,1.1588329076766968,0.8234301805496216,0.7213979959487915,0.5893052816390991,0.7704547643661499,0.9445033073425293,1.1555060148239136,1.4878822565078735,1.661869764328003,2.5030810832977295,2.481497049331665,2.1143126487731934,1.9934643507003784,1.5959731340408325,1.4032210111618042,1.0321464538574219,0.7048445343971252,0.394107848405838,0.0,0.39220523834228516,0.709542453289032,0.9852859377861023,1.3677066564559937,1.5824002027511597,2.515068292617798,2.5297834873199463,2.161803960800171,2.08581805229187,1.6943615674972534,1.556317925453186,1.1742384433746338,0.9412317276000977,0.6240718960762024,0.5394341945648193,0.5834646821022034,0.842275083065033,1.0681756734848022,1.4360865354537964,1.648773431777954,2.6465885639190674,2.6819934844970703,2.322627067565918,2.2898929119110107,1.9178895950317383,1.8463642597198486,1.4934017658233643,1.3527883291244507,1.07823646068573,1.088183879852295,1.0727447271347046,1.2412972450256348,1.378448724746704,1.711876630783081,1.8957451581954956,2.904841661453247,2.98555326461792,2.630089521408081,2.6827425956726074,2.3223674297332764,2.3634064197540283,2.021491527557373,2.0234029293060303,1.752156376838684,1.9075007438659668,1.8474403619766235,1.9540972709655762,2.0252444744110107,2.2850396633148193,2.526209592819214
B11,2.891589879989624,2.7330188751220703,2.4375991821289062,2.2168939113616943,1.8742038011550903,1.6629631519317627,1.3163235187530518,1.0265960693359375,0.7944583296775818,0.627648115158081,0.5874018669128418,0.6649197340011597,0.812427282333374,1.117066502571106,1.2912958860397339,2.4875874519348145,2.516286611557007,2.173853635787964,2.117676019668579,1.7385106086730957,1.6196162700653076,1.2227953672409058,0.9755270481109619,0.6042742133140564,0.39220523834228516,0.0,0.38822513818740845,0.599937915802002,0.9877606630325317,1.1961939334869385,2.468751907348633,2.538638114929199,2.1975574493408203,2.186685800552368,1.818522334098816,1.751154899597168,1.355097770690918,1.1832598447799683,0.8200174570083618,0.7418160438537598,0.5352675318717957,0.6924464702606201,0.7950217723846436,1.1338773965835571,1.3166477680206299,2.5813982486724854,2.671211004257202,2.3378963470458984,2.3673112392425537,2.0190799236297607,2.009276866912842,1.6442606449127197,1.5505801439285278,1.2293968200683594,1.2442981004714966,1.096301555633545,1.2062184810638428,1.2325949668884277,1.5185198783874512,1.6542917490005493,2.8311874866485596,2.9610776901245117,2.6274592876434326,2.7325260639190674,2.391789674758911,2.479642629623413,2.1316800117492676,2.175114393234253,1.888619303703308,2.0762126445770264,1.962523102760315,2.0952963829040527,2.101006269454956,2.373248338699341,2.563845157623291
B12,3.2536580562591553,3.108757972717285,2.806703805923462,2.597114324569702,2.246305465698242,2.0379977226257324,1.685437798500061,1.3885477781295776,1.119977593421936,0.8683615326881409,0.741529643535614,0.5898321270942688,0.7374921441078186,0.9362602233886719,1.1865336894989014,2.8012633323669434,2.8529765605926514,2.524785041809082,2.488055467605591,2.1163125038146973,2.0047366619110107,1.6081386804580688,1.3537839651107788,0.9887235760688782,0.709542453289032,0.38822513818740845,0.0,0.3817721903324127,0.7071524262428284,1.009334921836853,2.7497811317443848,2.844973087310791,2.5206968784332275,2.528496265411377,2.1687686443328857,2.106206178665161,1.7045981884002686,1.5105435848236084,1.13023042678833,0.954616129398346,0.6511310935020447,0.5614461302757263,0.6123861074447632,0.8714271187782288,1.1127907037734985,2.821211338043213,2.9376375675201416,2.6193997859954834,2.6673853397369385,2.3246684074401855,2.3168652057647705,1.9348251819610596,1.8145345449447632,1.4551182985305786,1.3908603191375732,1.1611409187316895,1.144177794456482,1.119385004043579,1.3279434442520142,1.4824155569076538,3.0165107250213623,3.1730005741119385,2.851597785949707,2.971837043762207,2.6351184844970703,2.7213566303253174,2.355534315109253,2.3804495334625244,2.0597715377807617,2.2179625034332275,2.040452003479004,2.142240047454834,2.083878755569458,2.3267812728881836,2.4746274948120117
B13,3.2483789920806885,3.1401748657226562,2.840712070465088,2.6751976013183594,2.3230152130126953,2.169910430908203,1.7927557229995728,1.5562056303024292,1.2595938444137573,1.0833293199539185,0.8353046178817749,0.6539994478225708,0.5886940956115723,0.6857041120529175,0.8744338154792786,2.6876416206359863,2.7756094932556152,2.480395555496216,2.49639892578125,2.15521502494812,2.1064341068267822,1.7095770835876465,1.5256153345108032,1.1617509126663208,0.9852859377861023,0.599937915802002,0.3817721903324127,0.0,0.39050379395484924,0.6325358748435974,2.59896183013916,2.73725962638855,2.446774959564209,2.5095417499542236,2.1834912300109863,2.183870792388916,1.791064977645874,1.6638497114181519,1.290483832359314,1.1909233331680298,0.8261205554008484,0.7324155569076538,0.5472344756126404,0.7095398902893066,0.8322780728340149,2.6509382724761963,2.8114547729492188,2.5258030891418457,2.62790846824646,2.3194007873535156,2.3701255321502686,1.999857783317566,1.9407285451889038,1.5826876163482666,1.5715596675872803,1.282047152519226,1.2684599161148071,1.1202435493469238,1.2697017192840576,1.3200372457504272,2.8432564735412598,3.039633274078369,2.746419668197632,2.913196325302124,2.606156349182129,2.739372491836548,2.3879013061523438,2.4645137786865234,2.1594130992889404,2.362006187438965,2.1717300415039062,2.319183588027954,2.2282447814941406,2.4964282512664795,2.603175640106201
