0.000000000000000000e+00,3.805017471313476562e-01,5.955508351325988770e-01,9.544735550880432129e-01,1.255545139312744141e+00,1.602853417396545410e+00,1.916123270988464355e+00,2.292670488357543945e+00,2.607333183288574219e+00,2.981383085250854492e+00,3.072819471359252930e+00,3.021603345870971680e+00,2.654471397399902344e+00,2.620613336563110352e+00,2.259953022003173828e+00,4.718061089515686035e-01,6.238529086112976074e-01,7.836721539497375488e-01,1.076386094093322754e+00,1.355114579200744629e+00,1.670346975326538086e+00,1.980629086494445801e+00,2.339269638061523438e+00,2.659344196319580078e+00,3.020791769027709961e+00,3.153540134429931641e+00,3.083245515823364258e+00,2.725110530853271484e+00,2.707962751388549805e+00,2.364693880081176758e+00,9.693022966384887695e-01,1.065659761428833008e+00,1.156712532043457031e+00,1.371690034866333008e+00,1.591408967971801758e+00,1.857592344284057617e+00,2.143045663833618164e+00,2.479255676269531250e+00,2.784459114074707031e+00,3.137044668197631836e+00,3.296445608139038086e+00,3.205341815948486328e+00,2.869621276855468750e+00,2.871712446212768555e+00,2.556542158126831055e+00,1.459352016448974609e+00,1.538556098937988281e+00,1.587067723274230957e+00,1.753516316413879395e+00,1.910491824150085449e+00,2.127310514450073242e+00,2.377336740493774414e+00,2.678617954254150391e+00,2.963771343231201172e+00,3.304176568984985352e+00,3.484446763992309570e+00,3.384750604629516602e+00,3.078893899917602539e+00,3.101082086563110352e+00,2.832876443862915039e+00,1.974107980728149414e+00,2.032284498214721680e+00,2.049506902694702148e+00,2.184738159179687500e+00,2.291026830673217773e+00,2.468073606491088867e+00,2.677339792251586914e+00,2.937662601470947266e+00,3.205181598663330078e+00,3.531757354736328125e+00,3.728304147720336914e+00,3.617582321166992188e+00,3.330794095993041992e+00,3.385093927383422852e+00,3.162357330322265625e+00
3.805017471313476562e-01,0.000000000000000000e+00,3.825084567070007324e-01,6.482352614402770996e-01,9.971026778221130371e-01,1.310694932937622070e+00,1.653937339782714844e+00,2.008966445922851562e+00,2.342616081237792969e+00,2.704279184341430664e+00,2.826835155487060547e+00,2.798876523971557617e+00,2.445413589477539062e+00,2.458662271499633789e+00,2.112975597381591797e+00,5.923411846160888672e-01,4.934691488742828369e-01,6.007887721061706543e-01,7.876554727554321289e-01,1.085104346275329590e+00,1.362778306007385254e+00,1.697389364242553711e+00,2.037169456481933594e+00,2.372979879379272461e+00,2.720669984817504883e+00,2.880748987197875977e+00,2.840388059616088867e+00,2.497143745422363281e+00,2.525064229965209961e+00,2.198838472366333008e+00,1.024306535720825195e+00,9.863417148590087891e-01,1.024916768074035645e+00,1.142998218536376953e+00,1.347326755523681641e+00,1.567130923271179199e+00,1.861925840377807617e+00,2.175676584243774414e+00,2.490515232086181641e+00,2.828418493270874023e+00,3.013641834259033203e+00,2.953430414199829102e+00,2.634167909622192383e+00,2.678830862045288086e+00,2.383698940277099609e+00,1.494564890861511230e+00,1.481760859489440918e+00,1.485450625419616699e+00,1.573353767395019531e+00,1.700261235237121582e+00,1.867082953453063965e+00,2.111137390136718750e+00,2.384649753570556641e+00,2.672644138336181641e+00,2.997315883636474609e+00,3.200977087020874023e+00,3.131299495697021484e+00,2.844561100006103516e+00,2.905987501144409180e+00,2.662045717239379883e+00,1.997032165527343750e+00,1.987785577774047852e+00,1.966217398643493652e+00,2.038443803787231445e+00,2.109287023544311523e+00,2.238126039505004883e+00,2.431557178497314453e+00,2.659814119338989258e+00,2.924026489257812500e+00,3.233333349227905273e+00,3.449156761169433594e+00,3.368010520935058594e+00,3.102311372756958008e+00,3.192175388336181641e+00,2.999087810516357422e+00
5.955508351325988770e-01,3.825084567070007324e-01,0.000000000000000000e+00,3.821236193180084229e-01,6.604714989662170410e-01,1.009409904479980469e+00,1.322099328041076660e+00,1.697149157524108887e+00,2.013681173324584961e+00,2.386240959167480469e+00,2.485685110092163086e+00,2.452018737792968750e+00,2.092051029205322266e+00,2.097071170806884766e+00,1.749246478080749512e+00,7.302507162094116211e-01,6.454023718833923340e-01,4.948526322841644287e-01,6.343413591384887695e-01,8.259032368659973145e-01,1.117277503013610840e+00,1.408578991889953613e+00,1.760746240615844727e+00,2.074444532394409180e+00,2.434482574462890625e+00,2.573715925216674805e+00,2.525921106338500977e+00,2.179776906967163086e+00,2.197871446609497070e+00,1.875941157341003418e+00,1.111014008522033691e+00,1.076964259147644043e+00,9.761598706245422363e-01,1.062792062759399414e+00,1.169476509094238281e+00,1.385233759880065918e+00,1.626405239105224609e+00,1.943665027618408203e+00,2.230742216110229492e+00,2.579062223434448242e+00,2.743085861206054688e+00,2.676260709762573242e+00,2.359405755996704102e+00,2.392519235610961914e+00,2.109729051589965820e+00,1.547797560691833496e+00,1.540634274482727051e+00,1.450868248939514160e+00,1.523538470268249512e+00,1.573419213294982910e+00,1.735716581344604492e+00,1.925798535346984863e+00,2.197760820388793945e+00,2.453900814056396484e+00,2.786121845245361328e+00,2.967538118362426758e+00,2.892595052719116211e+00,2.612279653549194336e+00,2.660995006561279297e+00,2.434072256088256836e+00,2.021656990051269531e+00,2.023838758468627930e+00,1.933475017547607422e+00,2.000801563262939453e+00,2.011625289916992188e+00,2.142566442489624023e+00,2.286127090454101562e+00,2.514556407928466797e+00,2.744889020919799805e+00,3.062345504760742188e+00,3.253392457962036133e+00,3.167919635772705078e+00,2.912067174911499023e+00,2.986680746078491211e+00,2.810987710952758789e+00
9.544735550880432129e-01,6.482352614402770996e-01,3.821236193180084229e-01,0.000000000000000000e+00,3.740821480751037598e-01,6.625333428382873535e-01,1.011966347694396973e+00,1.361066222190856934e+00,1.696876287460327148e+00,2.056434154510498047e+00,2.188755035400390625e+00,2.186469554901123047e+00,1.845751285552978516e+00,1.910397171974182129e+00,1.591165900230407715e+00,1.043375611305236816e+00,8.471550941467285156e-01,6.150024533271789551e-01,4.973127245903015137e-01,5.918551683425903320e-01,7.965420484542846680e-01,1.096872329711914062e+00,1.422272324562072754e+00,1.746723294258117676e+00,2.092521667480468750e+00,2.260436058044433594e+00,2.251022815704345703e+00,1.927274227142333984e+00,2.000372171401977539e+00,1.710844516754150391e+00,1.339841246604919434e+00,1.212537527084350586e+00,1.039244890213012695e+00,9.855934977531433105e-01,1.006663560867309570e+00,1.133573412895202637e+00,1.350387215614318848e+00,1.630313634872436523e+00,1.914663076400756836e+00,2.245989322662353516e+00,2.435125112533569336e+00,2.406892061233520508e+00,2.116059303283691406e+00,2.197937488555908203e+00,1.951679587364196777e+00,1.722625732421875000e+00,1.641838312149047852e+00,1.493120670318603516e+00,1.472214102745056152e+00,1.452798247337341309e+00,1.540434598922729492e+00,1.691190242767333984e+00,1.919194936752319336e+00,2.161427021026611328e+00,2.473775863647460938e+00,2.675216436386108398e+00,2.636760950088500977e+00,2.386049509048461914e+00,2.476661682128906250e+00,2.289361476898193359e+00,2.157443284988403320e+00,2.103743314743041992e+00,1.964018702507019043e+00,1.963348388671875000e+00,1.915112257003784180e+00,1.986220479011535645e+00,2.087146043777465820e+00,2.271314859390258789e+00,2.480571269989013672e+00,2.776921272277832031e+00,2.980774641036987305e+00,2.930170297622680664e+00,2.705945253372192383e+00,2.815234184265136719e+00,2.682013750076293945e+00
1.255545139312744141e+00,9.971026778221130371e-01,6.604714989662170410e-01,3.740821480751037598e-01,0.000000000000000000e+00,3.726287484169006348e-01,6.622724533081054688e-01,1.038882613182067871e+00,1.353862643241882324e+00,1.725934028625488281e+00,1.833317518234252930e+00,1.827746987342834473e+00,1.483437180519104004e+00,1.555407047271728516e+00,1.246790170669555664e+00,1.304230213165283203e+00,1.136006593704223633e+00,8.161327242851257324e-01,6.397914290428161621e-01,4.863716363906860352e-01,6.215843558311462402e-01,8.177528381347656250e-01,1.146867632865905762e+00,1.437681317329406738e+00,1.795808196067810059e+00,1.940064191818237305e+00,1.927755355834960938e+00,1.607425570487976074e+00,1.682292342185974121e+00,1.413187146186828613e+00,1.543211579322814941e+00,1.424111962318420410e+00,1.164507985115051270e+00,1.068891644477844238e+00,9.560584425926208496e-01,1.036262869834899902e+00,1.152504920959472656e+00,1.416425347328186035e+00,1.656090736389160156e+00,1.993508458137512207e+00,2.157777309417724609e+00,2.128024339675903320e+00,1.849136710166931152e+00,1.926917314529418945e+00,1.710207462310791016e+00,1.872162222862243652e+00,1.793711066246032715e+00,1.572765827178955078e+00,1.526879191398620605e+00,1.418773889541625977e+00,1.480764389038085938e+00,1.550269842147827148e+00,1.759080410003662109e+00,1.953224539756774902e+00,2.266165971755981445e+00,2.441024303436279297e+00,2.402302742004394531e+00,2.168206214904785156e+00,2.250654697418212891e+00,2.094931602478027344e+00,2.259144067764282227e+00,2.210892915725708008e+00,2.012090444564819336e+00,1.998094558715820312e+00,1.884883403778076172e+00,1.945953369140625000e+00,1.981793165206909180e+00,2.153618335723876953e+00,2.316034317016601562e+00,2.613465547561645508e+00,2.787837505340576172e+00,2.737666606903076172e+00,2.532725811004638672e+00,2.629078626632690430e+00,2.524553775787353516e+00
1.602853417396545410e+00,1.310694932937622070e+00,1.009409904479980469e+00,6.625333428382873535e-01,3.726287484169006348e-01,0.000000000000000000e+00,3.828815221786499023e-01,6.992151737213134766e-01,1.041625738143920898e+00,1.394742608070373535e+00,1.547208189964294434e+00,1.591961026191711426e+00,1.285712361335754395e+00,1.443392634391784668e+00,1.199520349502563477e+00,1.646670699119567871e+00,1.436417818069458008e+00,1.122753262519836426e+00,8.516464233398437500e-01,6.058827638626098633e-01,4.924662411212921143e-01,5.906991362571716309e-01,8.399646282196044922e-01,1.128629088401794434e+00,1.464156508445739746e+00,1.645954251289367676e+00,1.691639184951782227e+00,1.414747238159179688e+00,1.563557267189025879e+00,1.359448075294494629e+00,1.849108576774597168e+00,1.682916879653930664e+00,1.402548551559448242e+00,1.216472029685974121e+00,1.023278355598449707e+00,9.677033424377441406e-01,9.974743127822875977e-01,1.175884246826171875e+00,1.386240243911743164e+00,1.693127989768981934e+00,1.885344743728637695e+00,1.910154461860656738e+00,1.677827954292297363e+00,1.814668178558349609e+00,1.659865498542785645e+00,2.138402700424194336e+00,2.013358592987060547e+00,1.761442065238952637e+00,1.641868710517883301e+00,1.469156265258789062e+00,1.440357327461242676e+00,1.438567042350769043e+00,1.572216153144836426e+00,1.727325320243835449e+00,2.005846261978149414e+00,2.198594570159912109e+00,2.208102941513061523e+00,2.020928382873535156e+00,2.149499177932739258e+00,2.050702095031738281e+00,2.487038612365722656e+00,2.398199319839477539e+00,2.166092395782470703e+00,2.093694210052490234e+00,1.925250291824340820e+00,1.920414328575134277e+00,1.896765947341918945e+00,2.006636619567871094e+00,2.128515481948852539e+00,2.393110990524291992e+00,2.574785232543945312e+00,2.568033456802368164e+00,2.408382177352905273e+00,2.539423942565917969e+00,2.488476991653442383e+00
1.916123270988464355e+00,1.653937339782714844e+00,1.322099328041076660e+00,1.011966347694396973e+00,6.622724533081054688e-01,3.828815221786499023e-01,0.000000000000000000e+00,4.012101590633392334e-01,6.919976472854614258e-01,1.067678689956665039e+00,1.178750038146972656e+00,1.221840262413024902e+00,9.203915596008300781e-01,1.111393213272094727e+00,9.214096069335937500e-01,1.931511282920837402e+00,1.746111273765563965e+00,1.399274110794067383e+00,1.141956210136413574e+00,8.166618347167968750e-01,6.450510621070861816e-01,4.802241623401641846e-01,6.483862400054931641e-01,8.416151404380798340e-01,1.189008831977844238e+00,1.329189419746398926e+00,1.374689102172851562e+00,1.117620825767517090e+00,1.278237223625183105e+00,1.132035851478576660e+00,2.093118190765380859e+00,1.942209482192993164e+00,1.619740366935729980e+00,1.427883267402648926e+00,1.155357241630554199e+00,1.058884978294372559e+00,9.444941878318786621e-01,1.063107252120971680e+00,1.180913090705871582e+00,1.482331991195678711e+00,1.631461024284362793e+00,1.656136035919189453e+00,1.453664422035217285e+00,1.585516452789306641e+00,1.486637949943542480e+00,2.335446119308471680e+00,2.219424724578857422e+00,1.922883272171020508e+00,1.793808698654174805e+00,1.555771589279174805e+00,1.504511356353759766e+00,1.407321691513061523e+00,1.502898573875427246e+00,1.581285715103149414e+00,1.848594665527343750e+00,1.998502492904663086e+00,2.008068799972534180e+00,1.851013898849487305e+00,1.966738224029541016e+00,1.914843916893005371e+00,2.635307788848876953e+00,2.555627822875976562e+00,2.280975580215454102e+00,2.201890945434570312e+00,1.980693578720092773e+00,1.967535018920898438e+00,1.873823285102844238e+00,1.964009046554565430e+00,2.022620916366577148e+00,2.280251026153564453e+00,2.419087886810302734e+00,2.412444591522216797e+00,2.281308174133300781e+00,2.393272161483764648e+00,2.378974676132202148e+00
2.292670488357543945e+00,2.008966445922851562e+00,1.697149157524108887e+00,1.361066222190856934e+00,1.038882613182067871e+00,6.992151737213134766e-01,4.012101590633392334e-01,0.000000000000000000e+00,3.652392625808715820e-01,6.958684921264648438e-01,8.863160610198974609e-01,1.024685978889465332e+00,8.306996822357177734e-01,1.136785864830017090e+00,1.074296951293945312e+00,2.307462692260742188e+00,2.096272230148315430e+00,1.759810447692871094e+00,1.465052843093872070e+00,1.138441324234008789e+00,8.674066066741943359e-01,6.019219160079956055e-01,4.898238778114318848e-01,5.626784563064575195e-01,8.437322974205017090e-01,1.036484360694885254e+00,1.183117866516113281e+00,1.028317570686340332e+00,1.280632853507995605e+00,1.245407819747924805e+00,2.448511123657226562e+00,2.267875432968139648e+00,1.942512989044189453e+00,1.702507495880126953e+00,1.400956869125366211e+00,1.209195256233215332e+00,1.004101276397705078e+00,9.670659303665161133e-01,9.870628714561462402e-01,1.212520360946655273e+00,1.386316299438476562e+00,1.493073344230651855e+00,1.378441095352172852e+00,1.576078653335571289e+00,1.567510843276977539e+00,2.662708044052124023e+00,2.514280080795288086e+00,2.204094648361206055e+00,2.024698257446289062e+00,1.748187780380249023e+00,1.619203329086303711e+00,1.447204470634460449e+00,1.437044024467468262e+00,1.438767910003662109e+00,1.639333248138427734e+00,1.797623038291931152e+00,1.872167348861694336e+00,1.789060354232788086e+00,1.952339887619018555e+00,1.974085330963134766e+00,2.929516792297363281e+00,2.818602085113525391e+00,2.523605823516845703e+00,2.397919416427612305e+00,2.135632753372192383e+00,2.060559511184692383e+00,1.904353857040405273e+00,1.917200207710266113e+00,1.912862777709960938e+00,2.117057323455810547e+00,2.252345800399780273e+00,2.300066947937011719e+00,2.232384443283081055e+00,2.377401828765869141e+00,2.426910877227783203e+00
2.607333183288574219e+00,2.342616081237792969e+00,2.013681173324584961e+00,1.696876287460327148e+00,1.353862643241882324e+00,1.041625738143920898e+00,6.919976472854614258e-01,3.652392625808715820e-01,0.000000000000000000e+00,3.887093365192413330e-01,5.287925004959106445e-01,7.337859272956848145e-01,6.377962231636047363e-01,9.939911365509033203e-01,1.047114849090576172e+00,2.611527919769287109e+00,2.418887853622436523e+00,2.067599296569824219e+00,1.789000988006591797e+00,1.442453145980834961e+00,1.185130596160888672e+00,8.573224544525146484e-01,6.651814579963684082e-01,4.989386200904846191e-01,6.912142634391784668e-01,8.096177577972412109e-01,9.898875355720520020e-01,9.235885739326477051e-01,1.182437181472778320e+00,1.242944717407226562e+00,2.733381271362304688e+00,2.567320346832275391e+00,2.223851919174194336e+00,1.991799592971801758e+00,1.663341641426086426e+00,1.468225955963134766e+00,1.193362832069396973e+00,1.094230055809020996e+00,9.853646755218505859e-01,1.150033950805664062e+00,1.256308794021606445e+00,1.377755999565124512e+00,1.330781459808349609e+00,1.516296505928039551e+00,1.581353425979614258e+00,2.919657707214355469e+00,2.782115936279296875e+00,2.450450181961059570e+00,2.273075819015502930e+00,1.966507315635681152e+00,1.830547809600830078e+00,1.597803950309753418e+00,1.547083258628845215e+00,1.461745619773864746e+00,1.621482610702514648e+00,1.722437143325805664e+00,1.805506825447082520e+00,1.772343993186950684e+00,1.918333411216735840e+00,1.994232773780822754e+00,3.152179241180419922e+00,3.051405191421508789e+00,2.732983589172363281e+00,2.607234239578247070e+00,2.315301895141601562e+00,2.236503839492797852e+00,2.029246330261230469e+00,2.018847227096557617e+00,1.948515176773071289e+00,2.128302335739135742e+00,2.212857246398925781e+00,2.266782522201538086e+00,2.238681077957153320e+00,2.362015485763549805e+00,2.450959205627441406e+00
2.981383085250854492e+00,2.704279184341430664e+00,2.386240959167480469e+00,2.056434154510498047e+00,1.725934028625488281e+00,1.394742608070373535e+00,1.067678689956665039e+00,6.958684921264648438e-01,3.887093365192413330e-01,0.000000000000000000e+00,3.848615586757659912e-01,7.363278269767761230e-01,8.343890905380249023e-01,1.209133863449096680e+00,1.351064443588256836e+00,2.983662366867065430e+00,2.776044607162475586e+00,2.431049108505249023e+00,2.134370803833007812e+00,1.791738152503967285e+00,1.502319097518920898e+00,1.169533610343933105e+00,8.806235790252685547e-01,5.984063148498535156e-01,5.375577211380004883e-01,6.680017709732055664e-01,9.719623327255249023e-01,1.054709196090698242e+00,1.351145982742309570e+00,1.496321916580200195e+00,3.091673612594604492e+00,2.908199071884155273e+00,2.564981222152709961e+00,2.308523178100585938e+00,1.971778154373168945e+00,1.734311580657958984e+00,1.428065299987792969e+00,1.231192588806152344e+00,1.026504039764404297e+00,1.054929137229919434e+00,1.151956439018249512e+00,1.358259201049804688e+00,1.418451905250549316e+00,1.640999913215637207e+00,1.780867338180541992e+00,3.258027553558349609e+00,3.100663661956787109e+00,2.763028860092163086e+00,2.556919336318969727e+00,2.233034372329711914e+00,2.052619934082031250e+00,1.778283715248107910e+00,1.646972060203552246e+00,1.486703753471374512e+00,1.555349946022033691e+00,1.641941428184509277e+00,1.787907838821411133e+00,1.836047887802124023e+00,2.011902093887329102e+00,2.151234626770019531e+00,3.465028524398803711e+00,3.344086408615112305e+00,3.014463424682617188e+00,2.858892440795898438e+00,2.543666601181030273e+00,2.423289060592651367e+00,2.173261880874633789e+00,2.098861217498779297e+00,1.966876745223999023e+00,2.081897497177124023e+00,2.147832870483398438e+00,2.253001928329467773e+00,2.290820360183715820e+00,2.434707641601562500e+00,2.579286336898803711e+00
3.072819471359252930e+00,2.826835155487060547e+00,2.485685110092163086e+00,2.188755035400390625e+00,1.833317518234252930e+00,1.547208189964294434e+00,1.178750038146972656e+00,8.863160610198974609e-01,5.287925004959106445e-01,3.848615586757659912e-01,0.000000000000000000e+00,4.066522419452667236e-01,6.097806096076965332e-01,9.463284015655517578e-01,1.170804977416992188e+00,3.044738531112670898e+00,2.867810726165771484e+00,2.503038883209228516e+00,2.238576173782348633e+00,1.875430703163146973e+00,1.630032181739807129e+00,1.262025356292724609e+00,1.029551744461059570e+00,6.993456482887268066e-01,6.903449892997741699e-01,5.911203622817993164e-01,7.789654135704040527e-01,8.912183046340942383e-01,1.123300075531005859e+00,1.324559569358825684e+00,3.123512268066406250e+00,2.969048023223876953e+00,2.606376409530639648e+00,2.379483461380004883e+00,2.024659633636474609e+00,1.825982332229614258e+00,1.488175868988037109e+00,1.329928398132324219e+00,1.082045435905456543e+00,1.142778992652893066e+00,1.113704204559326172e+00,1.234652042388916016e+00,1.299888610839843750e+00,1.454441785812377930e+00,1.626909971237182617e+00,3.258370637893676758e+00,3.128370285034179688e+00,2.772145986557006836e+00,2.593038320541381836e+00,2.253808259963989258e+00,2.108849763870239258e+00,1.809735298156738281e+00,1.711627364158630371e+00,1.518563270568847656e+00,1.613737821578979492e+00,1.614254832267761230e+00,1.697740077972412109e+00,1.740870237350463867e+00,1.855498075485229492e+00,2.009829759597778320e+00,3.431910276412963867e+00,3.338637590408325195e+00,2.991923809051513672e+00,2.861831426620483398e+00,2.535058498382568359e+00,2.449838161468505859e+00,2.180735349655151367e+00,2.140425443649291992e+00,1.983250021934509277e+00,2.124371528625488281e+00,2.126848220825195312e+00,2.182274341583251953e+00,2.212302923202514648e+00,2.300498723983764648e+00,2.446365118026733398e+00
3.021603345870971680e+00,2.798876523971557617e+00,2.452018737792968750e+00,2.186469554901123047e+00,1.827746987342834473e+00,1.591961026191711426e+00,1.221840262413024902e+00,1.024685978889465332e+00,7.337859272956848145e-01,7.363278269767761230e-01,4.066522419452667236e-01,0.000000000000000000e+00,3.799348473548889160e-01,6.396396756172180176e-01,9.342311620712280273e-01,2.938841342926025391e+00,2.780248880386352539e+00,2.406206607818603516e+00,2.167881965637207031e+00,1.796650528907775879e+00,1.593563914299011230e+00,1.211996674537658691e+00,1.045789957046508789e+00,7.333879470825195312e-01,8.181496858596801758e-01,5.630154013633728027e-01,5.052198171615600586e-01,5.907227396965026855e-01,7.536004781723022461e-01,1.008177638053894043e+00,2.964443683624267578e+00,2.826780796051025391e+00,2.451126098632812500e+00,2.245680093765258789e+00,1.879683375358581543e+00,1.716672897338867188e+00,1.359793186187744141e+00,1.251243472099304199e+00,9.980616569519042969e-01,1.128065109252929688e+00,9.959716200828552246e-01,9.857754707336425781e-01,1.013338565826416016e+00,1.098516106605529785e+00,1.290410876274108887e+00,3.050926208496093750e+00,2.936153650283813477e+00,2.565740346908569336e+00,2.405191898345947266e+00,2.055320501327514648e+00,1.943100214004516602e+00,1.629374146461486816e+00,1.576048254966735840e+00,1.378235578536987305e+00,1.527579188346862793e+00,1.459838867187500000e+00,1.456394791603088379e+00,1.463459968566894531e+00,1.519034147262573242e+00,1.672461271286010742e+00,3.179921388626098633e+00,3.102866888046264648e+00,2.742696762084960938e+00,2.630457878112792969e+00,2.296388387680053711e+00,2.244086027145385742e+00,1.966393232345581055e+00,1.969957828521728516e+00,1.811119437217712402e+00,1.997082471847534180e+00,1.953803062438964844e+00,1.943246841430664062e+00,1.941523671150207520e+00,1.979522943496704102e+00,2.112429618835449219e+00
2.654471397399902344e+00,2.445413589477539062e+00,2.092051029205322266e+00,1.845751285552978516e+00,1.483437180519104004e+00,1.285712361335754395e+00,9.203915596008300781e-01,8.306996822357177734e-01,6.377962231636047363e-01,8.343890905380249023e-01,6.097806096076965332e-01,3.799348473548889160e-01,0.000000000000000000e+00,3.824122250080108643e-01,5.806604623794555664e-01,2.574494838714599609e+00,2.431156873703002930e+00,2.053081512451171875e+00,1.836491823196411133e+00,1.465634346008300781e+00,1.305600643157958984e+00,9.395939707756042480e-01,8.843760490417480469e-01,6.881308555603027344e-01,9.379853010177612305e-01,7.861807942390441895e-01,6.748975515365600586e-01,5.101684927940368652e-01,6.137132048606872559e-01,7.412637472152709961e-01,2.615390777587890625e+00,2.494840145111083984e+00,2.119770288467407227e+00,1.940268278121948242e+00,1.584196448326110840e+00,1.468349933624267578e+00,1.147747635841369629e+00,1.141085863113403320e+00,9.937278032302856445e-01,1.237157583236694336e+00,1.166209578514099121e+00,1.100906848907470703e+00,9.917697906494140625e-01,1.038020610809326172e+00,1.121224761009216309e+00,2.725391149520874023e+00,2.629840373992919922e+00,2.266123533248901367e+00,2.134995222091674805e+00,1.804288029670715332e+00,1.738586544990539551e+00,1.472852587699890137e+00,1.501504182815551758e+00,1.389738798141479492e+00,1.619190573692321777e+00,1.595856547355651855e+00,1.547764539718627930e+00,1.462791204452514648e+00,1.495304942131042480e+00,1.565351724624633789e+00,2.886124134063720703e+00,2.828261613845825195e+00,2.480753660202026367e+00,2.398632049560546875e+00,2.090658426284790039e+00,2.079934597015380859e+00,1.851969838142395020e+00,1.917746663093566895e+00,1.829799294471740723e+00,2.072050571441650391e+00,2.067294597625732422e+00,2.019109010696411133e+00,1.947219014167785645e+00,1.974745035171508789e+00,2.041260004043579102e+00
2.620613336563110352e+00,2.458662271499633789e+00,2.097071170806884766e+00,1.910397171974182129e+00,1.555407047271728516e+00,1.443392634391784668e+00,1.111393213272094727e+00,1.136785864830017090e+00,9.939911365509033203e-01,1.209133863449096680e+00,9.463284015655517578e-01,6.396396756172180176e-01,3.824122250080108643e-01,0.000000000000000000e+00,3.683773577213287354e-01,2.510202884674072266e+00,2.413429260253906250e+00,2.031774044036865234e+00,1.876139640808105469e+00,1.519006490707397461e+00,1.446191191673278809e+00,1.121486186981201172e+00,1.170953035354614258e+00,1.034403085708618164e+00,1.298690676689147949e+00,1.101576328277587891e+00,8.729982972145080566e-01,6.463293433189392090e-01,4.983990490436553955e-01,5.778046250343322754e-01,2.523602008819580078e+00,2.449060201644897461e+00,2.070731878280639648e+00,1.949987888336181641e+00,1.609295487403869629e+00,1.573541283607482910e+00,1.286043763160705566e+00,1.365580201148986816e+00,1.256161212921142578e+00,1.530577898025512695e+00,1.405770659446716309e+00,1.237959980964660645e+00,1.066884160041809082e+00,9.735158681869506836e-01,1.006633281707763672e+00,2.606332302093505859e+00,2.555829524993896484e+00,2.189901351928710938e+00,2.113612174987792969e+00,1.798754453659057617e+00,1.804289579391479492e+00,1.565600275993347168e+00,1.667167663574218750e+00,1.581299543380737305e+00,1.848655223846435547e+00,1.777862668037414551e+00,1.648281455039978027e+00,1.508911371231079102e+00,1.445580244064331055e+00,1.469044089317321777e+00,2.741832733154296875e+00,2.728472709655761719e+00,2.380650520324707031e+00,2.349233865737915039e+00,2.059273719787597656e+00,2.112649202346801758e+00,1.908365845680236816e+00,2.038402080535888672e+00,1.970791339874267578e+00,2.250571489334106445e+00,2.210129022598266602e+00,2.094746351242065430e+00,1.976102709770202637e+00,1.931377649307250977e+00,1.950754165649414062e+00
2.259953022003173828e+00,2.112975597381591797e+00,1.749246478080749512e+00,1.591165900230407715e+00,1.246790170669555664e+00,1.199520349502563477e+00,9.214096069335937500e-01,1.074296951293945312e+00,1.047114849090576172e+00,1.351064443588256836e+00,1.170804977416992188e+00,9.342311620712280273e-01,5.806604623794555664e-01,3.683773577213287354e-01,0.000000000000000000e+00,2.154227256774902344e+00,2.073825836181640625e+00,1.692289113998413086e+00,1.567636728286743164e+00,1.226158261299133301e+00,1.220347642898559570e+00,9.596344232559204102e-01,1.127007603645324707e+00,1.108358979225158691e+00,1.442668199539184570e+00,1.323313117027282715e+00,1.121355772018432617e+00,8.043934702873229980e-01,6.618385910987854004e-01,5.062721371650695801e-01,2.188856840133666992e+00,2.132423877716064453e+00,1.760509490966796875e+00,1.673627138137817383e+00,1.359476208686828613e+00,1.385565400123596191e+00,1.169379711151123047e+00,1.343200683593750000e+00,1.334047675132751465e+00,1.663845300674438477e+00,1.600442171096801758e+00,1.431851744651794434e+00,1.182996273040771484e+00,1.089303255081176758e+00,9.938292503356933594e-01,2.304366588592529297e+00,2.273407697677612305e+00,1.922058701515197754e+00,1.880198359489440918e+00,1.599937200546264648e+00,1.656500697135925293e+00,1.486739993095397949e+00,1.657594799995422363e+00,1.653335690498352051e+00,1.965144753456115723e+00,1.944035172462463379e+00,1.803948163986206055e+00,1.602960228919982910e+00,1.541722774505615234e+00,1.480436086654663086e+00,2.482954263687133789e+00,2.487186431884765625e+00,2.160942554473876953e+00,2.160849809646606445e+00,1.909352421760559082e+00,2.000975370407104492e+00,1.858240842819213867e+00,2.036173582077026367e+00,2.036244153976440430e+00,2.348353147506713867e+00,2.351408243179321289e+00,2.222290515899658203e+00,2.052339315414428711e+00,2.015334844589233398e+00,1.972948074340820312e+00
4.718061089515686035e-01,5.923411846160888672e-01,7.302507162094116211e-01,1.043375611305236816e+00,1.304230213165283203e+00,1.646670699119567871e+00,1.931511282920837402e+00,2.307462692260742188e+00,2.611527919769287109e+00,2.983662366867065430e+00,3.044738531112670898e+00,2.938841342926025391e+00,2.574494838714599609e+00,2.510202884674072266e+00,2.154227256774902344e+00,0.000000000000000000e+00,3.670108020305633545e-01,5.781888961791992188e-01,9.396035671234130859e-01,1.235828518867492676e+00,1.583048462867736816e+00,1.891546249389648438e+00,2.265543222427368164e+00,2.586713314056396484e+00,2.954553127288818359e+00,3.054648399353027344e+00,2.937637567520141602e+00,2.568666696548461914e+00,2.522786617279052734e+00,2.167243242263793945e+00,4.983978569507598877e-01,6.472166776657104492e-01,7.802152633666992188e-01,1.074643135070800781e+00,1.340080380439758301e+00,1.656122565269470215e+00,1.960369586944580078e+00,2.324121475219726562e+00,2.639843225479125977e+00,3.004681825637817383e+00,3.135928392410278320e+00,3.003082275390625000e+00,2.648227453231811523e+00,2.623777866363525391e+00,2.285272121429443359e+00,9.879341721534729004e-01,1.087480187416076660e+00,1.158230662345886230e+00,1.375679492950439453e+00,1.576027870178222656e+00,1.840824961662292480e+00,2.119592666625976562e+00,2.455260276794433594e+00,2.756767511367797852e+00,3.113369941711425781e+00,3.270884275436401367e+00,3.134090662002563477e+00,2.804393053054809570e+00,2.802590847015380859e+00,2.506372928619384766e+00,1.502334475517272949e+00,1.570322751998901367e+00,1.601608753204345703e+00,1.768137097358703613e+00,1.909224748611450195e+00,2.124875545501708984e+00,2.364032030105590820e+00,2.659167766571044922e+00,2.945436716079711914e+00,3.289126157760620117e+00,3.470000267028808594e+00,3.325387716293334961e+00,3.013085842132568359e+00,3.046978712081909180e+00,2.795581102371215820e+00
6.238529086112976074e-01,4.934691488742828369e-01,6.454023718833923340e-01,8.471550941467285156e-01,1.136006593704223633e+00,1.436417818069458008e+00,1.746111273765563965e+00,2.096272230148315430e+00,2.418887853622436523e+00,2.776044607162475586e+00,2.867810726165771484e+00,2.780248880386352539e+00,2.431156873703002930e+00,2.413429260253906250e+00,2.073825836181640625e+00,3.670108020305633545e-01,0.000000000000000000e+00,3.826815187931060791e-01,6.585105657577514648e-01,1.004674077033996582e+00,1.319371581077575684e+00,1.660218000411987305e+00,2.015889883041381836e+00,2.356893062591552734e+00,2.709689855575561523e+00,2.836670160293579102e+00,2.745891571044921875e+00,2.390997648239135742e+00,2.391195535659790039e+00,2.051358938217163086e+00,5.851636528968811035e-01,4.931789040565490723e-01,6.022280454635620117e-01,8.004077076911926270e-01,1.091598153114318848e+00,1.372373223304748535e+00,1.704612135887145996e+00,2.051007270812988281e+00,2.384786605834960938e+00,2.735313177108764648e+00,2.893489360809326172e+00,2.788593530654907227e+00,2.447231054306030273e+00,2.467816114425659180e+00,2.145419597625732422e+00,1.023341417312622070e+00,9.890285134315490723e-01,1.025175571441650391e+00,1.152785181999206543e+00,1.346268892288208008e+00,1.566342353820800781e+00,1.858681201934814453e+00,2.173027992248535156e+00,2.488180160522460938e+00,2.830711126327514648e+00,3.014469623565673828e+00,2.905402183532714844e+00,2.590735912322998047e+00,2.631655216217041016e+00,2.354958057403564453e+00,1.518056869506835938e+00,1.496020078659057617e+00,1.495408773422241211e+00,1.588236093521118164e+00,1.706149101257324219e+00,1.872739195823669434e+00,2.111776351928710938e+00,2.379164934158325195e+00,2.673353433609008789e+00,3.001213788986206055e+00,3.206127166748046875e+00,3.089324474334716797e+00,2.793531894683837891e+00,2.867574930191040039e+00,2.641880512237548828e+00
7.836721539497375488e-01,6.007887721061706543e-01,4.948526322841644287e-01,6.150024533271789551e-01,8.161327242851257324e-01,1.122753262519836426e+00,1.399274110794067383e+00,1.759810447692871094e+00,2.067599296569824219e+00,2.431049108505249023e+00,2.503038883209228516e+00,2.406206607818603516e+00,2.053081512451171875e+00,2.031774044036865234e+00,1.692289113998413086e+00,5.781888961791992188e-01,3.826815187931060791e-01,0.000000000000000000e+00,3.790520131587982178e-01,6.600597500801086426e-01,1.007035732269287109e+00,1.318239688873291016e+00,1.689376711845397949e+00,2.015242815017700195e+00,2.379546642303466797e+00,2.488112211227416992e+00,2.389035701751708984e+00,2.029310703277587891e+00,2.024821281433105469e+00,1.685515880584716797e+00,7.384893894195556641e-01,6.355240941047668457e-01,4.815488755702972412e-01,6.224878430366516113e-01,8.107567429542541504e-01,1.103908658027648926e+00,1.395942568778991699e+00,1.753564596176147461e+00,2.067717552185058594e+00,2.430427074432373047e+00,2.570773124694824219e+00,2.459624052047729492e+00,2.117363452911376953e+00,2.132111310958862305e+00,1.817700624465942383e+00,1.109433889389038086e+00,1.064205646514892578e+00,9.570649266242980957e-01,1.047396659851074219e+00,1.142667651176452637e+00,1.358518958091735840e+00,1.599899649620056152e+00,1.917314767837524414e+00,2.206348419189453125e+00,2.558762788772583008e+00,2.724153518676757812e+00,2.611202955245971680e+00,2.300876140594482422e+00,2.334981679916381836e+00,2.074309110641479492e+00,1.558791756629943848e+00,1.537308335304260254e+00,1.440958499908447266e+00,1.514416694641113281e+00,1.553474783897399902e+00,1.716972351074218750e+00,1.901913642883300781e+00,2.169520139694213867e+00,2.432001829147338867e+00,2.769372463226318359e+00,2.953108072280883789e+00,2.834300994873046875e+00,2.548221826553344727e+00,2.612821102142333984e+00,2.407232046127319336e+00
1.076386094093322754e+00,7.876554727554321289e-01,6.343413591384887695e-01,4.973127245903015137e-01,6.397914290428161621e-01,8.516464233398437500e-01,1.141956210136413574e+00,1.465052843093872070e+00,1.789000988006591797e+00,2.134370803833007812e+00,2.238576173782348633e+00,2.167881965637207031e+00,1.836491823196411133e+00,1.876139640808105469e+00,1.567636728286743164e+00,9.396035671234130859e-01,6.585105657577514648e-01,3.790520131587982178e-01,0.000000000000000000e+00,3.715599477291107178e-01,6.609351634979248047e-01,1.008816361427307129e+00,1.357770204544067383e+00,1.702590107917785645e+00,2.051745653152465820e+00,2.189597845077514648e+00,2.126400470733642578e+00,1.787801861763000488e+00,1.843807816505432129e+00,1.536714792251586914e+00,1.049603700637817383e+00,8.376083374023437500e-01,6.079208850860595703e-01,4.886209666728973389e-01,5.777551531791687012e-01,7.845020294189453125e-01,1.086718797683715820e+00,1.418823957443237305e+00,1.744961023330688477e+00,2.093463659286499023e+00,2.262701749801635742e+00,2.189722061157226562e+00,1.870335578918457031e+00,1.942149400711059570e+00,1.663338065147399902e+00,1.342824697494506836e+00,1.202335834503173828e+00,1.026406764984130859e+00,9.761314988136291504e-01,9.848751425743103027e-01,1.109952807426452637e+00,1.326185941696166992e+00,1.605694055557250977e+00,1.894157648086547852e+00,2.230475425720214844e+00,2.421865940093994141e+00,2.346506834030151367e+00,2.063307762145996094e+00,2.148406028747558594e+00,1.928094267845153809e+00,1.733973264694213867e+00,1.640195965766906738e+00,1.487748622894287109e+00,1.468623995780944824e+00,1.436696052551269531e+00,1.524840116500854492e+00,1.670280814170837402e+00,1.892755389213562012e+00,2.143231391906738281e+00,2.461710691452026367e+00,2.665080785751342773e+00,2.583276748657226562e+00,2.327653169631958008e+00,2.435897827148437500e+00,2.275748968124389648e+00
1.355114579200744629e+00,1.085104346275329590e+00,8.259032368659973145e-01,5.918551683425903320e-01,4.863716363906860352e-01,6.058827638626098633e-01,8.166618347167968750e-01,1.138441324234008789e+00,1.442453145980834961e+00,1.791738152503967285e+00,1.875430703163146973e+00,1.796650528907775879e+00,1.465634346008300781e+00,1.519006490707397461e+00,1.226158261299133301e+00,1.235828518867492676e+00,1.004674077033996582e+00,6.600597500801086426e-01,3.715599477291107178e-01,0.000000000000000000e+00,3.702265918254852295e-01,6.590461730957031250e-01,1.030309557914733887e+00,1.356642842292785645e+00,1.719519019126892090e+00,1.837547421455383301e+00,1.770517230033874512e+00,1.430703043937683105e+00,1.498303771018981934e+00,1.207397103309631348e+00,1.318808197975158691e+00,1.131797790527343750e+00,8.158884644508361816e-01,6.329730749130249023e-01,4.702149927616119385e-01,6.016637086868286133e-01,8.015773892402648926e-01,1.136323690414428711e+00,1.431488037109375000e+00,1.792586803436279297e+00,1.942287683486938477e+00,1.869075417518615723e+00,1.556381702423095703e+00,1.634603023529052734e+00,1.383203625679016113e+00,1.553547620773315430e+00,1.417643904685974121e+00,1.155697226524353027e+00,1.060517787933349609e+00,9.340518712997436523e-01,1.010592222213745117e+00,1.125458955764770508e+00,1.387367010116577148e+00,1.631667017936706543e+00,1.973603844642639160e+00,2.143600463867187500e+00,2.070906162261962891e+00,1.803008198738098145e+00,1.888976812362670898e+00,1.703835368156433105e+00,1.884696960449218750e+00,1.793720245361328125e+00,1.569087982177734375e+00,1.523647069931030273e+00,1.401533007621765137e+00,1.466063380241394043e+00,1.528256535530090332e+00,1.733222246170043945e+00,1.934043169021606445e+00,2.255437374114990234e+00,2.432863950729370117e+00,2.355502605438232422e+00,2.121342182159423828e+00,2.223742246627807617e+00,2.099249839782714844e+00
1.670346975326538086e+00,1.362778306007385254e+00,1.117277503013610840e+00,7.965420484542846680e-01,6.215843558311462402e-01,4.924662411212921143e-01,6.450510621070861816e-01,8.674066066741943359e-01,1.185130596160888672e+00,1.502319097518920898e+00,1.630032181739807129e+00,1.593563914299011230e+00,1.305600643157958984e+00,1.446191191673278809e+00,1.220347642898559570e+00,1.583048462867736816e+00,1.319371581077575684e+00,1.007035732269287109e+00,6.609351634979248047e-01,3.702265918254852295e-01,0.000000000000000000e+00,3.833308219909667969e-01,6.988390088081359863e-01,1.052568793296813965e+00,1.392827033996582031e+00,1.553115010261535645e+00,1.543722271919250488e+00,1.247516036033630371e+00,1.402998805046081543e+00,1.183871626853942871e+00,1.658196210861206055e+00,1.430703878402709961e+00,1.123664021492004395e+00,8.487062454223632812e-01,5.986991524696350098e-01,4.759294092655181885e-01,5.790054202079772949e-01,8.341209292411804199e-01,1.130802512168884277e+00,1.468863725662231445e+00,1.657906532287597656e+00,1.644240260124206543e+00,1.377945065498352051e+00,1.533409357070922852e+00,1.352289319038391113e+00,1.860491514205932617e+00,1.677421212196350098e+00,1.398286342620849609e+00,1.213853836059570312e+00,1.011060357093811035e+00,9.496608376502990723e-01,9.763939380645751953e-01,1.149739623069763184e+00,1.368122100830078125e+00,1.680105805397033691e+00,1.880493283271789551e+00,1.863091945648193359e+00,1.644600629806518555e+00,1.792803406715393066e+00,1.673115849494934082e+00,2.150666475296020508e+00,2.014249324798583984e+00,1.761542677879333496e+00,1.643610119819641113e+00,1.457573890686035156e+00,1.430737137794494629e+00,1.422127127647399902e+00,1.550364732742309570e+00,1.714252114295959473e+00,2.002583742141723633e+00,2.197679996490478516e+00,2.171134471893310547e+00,1.986292123794555664e+00,2.136346340179443359e+00,2.073891878128051758e+00
