,A1,A2,A3,A4,A5,A6,A7,A8,A9,A10,A11,A12,A13,A14,A15,B1,B2,B3,B4,B5,B6,B7,B8,B9,B10,B11,B12,B13,B14,B15,C1,C2,C3,C4,C5,C6,C7,C8,C9,C10,C11,C12,C13,C14,C15,D1,D2,D3,D4,D5,D6,D7,D8,D9,D10,D11,D12,D13,D14,D15,E1,E2,E3,E4,E5,E6,E7,E8,E9,E10,E11,E12,E13,E14,E15
A1,0.0,0.40002840757369995,0.5932052731513977,0.9441487789154053,1.1934975385665894,1.5126737356185913,1.7461233139038086,2.056523323059082,2.256908416748047,2.5803136825561523,2.719714879989624,3.104750633239746,3.1490330696105957,3.5309081077575684,3.5862009525299072,2.42234206199646,2.231091022491455,2.1919236183166504,1.9908642768859863,2.136934757232666,1.8936048746109009,2.1690008640289307,2.3113083839416504,2.5861637592315674,2.8812990188598633,3.0562570095062256,3.425567626953125,3.476762533187866,3.8636834621429443,3.863304615020752,3.015258550643921,2.9099738597869873,2.765377998352051,2.634589910507202,2.6289591789245605,2.438434362411499,2.722724437713623,2.734640598297119,2.8796515464782715,3.1579463481903076,3.3070497512817383,3.6791932582855225,3.746023654937744,4.138154983520508,4.169262886047363,3.7199923992156982,3.6047496795654297,3.4000158309936523,3.2685658931732178,3.219956159591675,3.03761625289917,3.2805919647216797,3.2532525062561035,3.3374364376068115,3.631751298904419,3.7535970211029053,4.124255180358887,4.213377475738525,4.610187530517578,4.678529739379883,4.435063362121582,4.405289649963379,4.0422258377075195,3.9295408725738525,3.5539143085479736,3.442466974258423,3.0944983959198,2.946207284927368,2.5681097507476807,2.5141313076019287,2.130234718322754,2.1243841648101807,1.7796485424041748,1.843461513519287,1.5863302946090698
A2,0.40002840757369995,0.0,0.37972867488861084,0.6080042719841003,0.9348886013031006,1.2086983919143677,1.47584068775177,1.7816611528396606,2.0212531089782715,2.339754343032837,2.514709711074829,2.889939069747925,2.962963581085205,3.342271327972412,3.427973508834839,2.4238967895507812,2.222365379333496,2.118950843811035,1.8888760805130005,1.9703675508499146,1.6773974895477295,1.9074028730392456,2.0152878761291504,2.3048791885375977,2.5730156898498535,2.7798752784729004,3.1386520862579346,3.221207618713379,3.6078109741210938,3.636646032333374,2.9549341201782227,2.8449034690856934,2.6544106006622314,2.50824236869812,2.4512100219726562,2.2300467491149902,2.4802865982055664,2.450059652328491,2.5874440670013428,2.841226816177368,3.006842851638794,3.368730068206787,3.4628095626831055,3.85441255569458,3.9134345054626465,3.6111702919006348,3.503331422805786,3.263619899749756,3.1304144859313965,3.037797212600708,2.841247081756592,3.049565553665161,2.987340211868286,3.0520436763763428,3.328259229660034,3.4488015174865723,3.8092617988586426,3.917257070541382,4.3109450340271,4.403097629547119,4.322117328643799,4.3021039962768555,3.92519211769104,3.8301587104797363,3.4439854621887207,3.35477614402771,2.985846757888794,2.870635747909546,2.4887990951538086,2.476897716522217,2.1041414737701416,2.1499733924865723,1.8065500259399414,1.9063626527786255,1.6536821126937866
A3,0.5932052731513977,0.37972867488861084,0.0,0.39449015259742737,0.6032978892326355,0.9240521192550659,1.1581833362579346,1.464863657951355,1.6779162883758545,1.9995555877685547,2.1570980548858643,2.537534475326538,2.6036226749420166,2.985030174255371,3.0681676864624023,2.1235973834991455,1.9587032794952393,1.8277876377105713,1.6377335786819458,1.6992868185043335,1.4283007383346558,1.6835676431655884,1.776373267173767,2.0319807529449463,2.3216724395751953,2.4978761672973633,2.8601932525634766,2.9288103580474854,3.3160207271575928,3.341212272644043,2.7215991020202637,2.653883218765259,2.4450719356536865,2.345731258392334,2.2687065601348877,2.0897417068481445,2.319746732711792,2.3117361068725586,2.404914617538452,2.675175189971924,2.8001112937927246,3.163163661956787,3.2336950302124023,3.623643398284912,3.674238681793213,3.434387683868408,3.3644824028015137,3.1177804470062256,3.027569532394409,2.927442789077759,2.772284984588623,2.975989580154419,2.9256949424743652,2.95341157913208,3.247293472290039,3.3274195194244385,3.6881484985351562,3.767963409423828,4.160434246063232,4.240527153015137,4.223913669586182,4.238678932189941,3.866791248321533,3.807097911834717,3.426340103149414,3.375819683074951,3.014461040496826,2.9407951831817627,2.5698039531707764,2.604503631591797,2.2437198162078857,2.3395469188690186,2.021723508834839,2.172445297241211,1.9573312997817993
A4,0.9441487789154053,0.6080042719841003,0.39449015259742737,0.0,0.3927738070487976,0.6132506728172302,0.8885266780853271,1.1876194477081299,1.4482382535934448,1.7615646123886108,1.9595311880111694,2.322859048843384,2.420849561691284,2.7949845790863037,2.911559820175171,2.170524835586548,2.0017452239990234,1.8025227785110474,1.5908632278442383,1.5662040710449219,1.2442091703414917,1.4320878982543945,1.472295880317688,1.7400047779083252,1.9972198009490967,2.2085354328155518,2.557572841644287,2.661313533782959,3.046536684036255,3.104475975036621,2.6850173473358154,2.6167240142822266,2.361018657684326,2.252164363861084,2.115658760070801,1.9119601249694824,2.0919947624206543,2.037095546722412,2.111180543899536,2.352994203567505,2.490210771560669,2.8403995037078857,2.9388787746429443,3.326815128326416,3.407505989074707,3.3374903202056885,3.2799232006073,2.998873710632324,2.9132208824157715,2.7661197185516357,2.6041924953460693,2.765617847442627,2.6792843341827393,2.677973508834839,2.952220916748047,3.0233547687530518,3.371222496032715,3.467188596725464,3.854773759841919,3.9587249755859375,4.121421813964844,4.149538040161133,3.767906665802002,3.7307682037353516,3.345116138458252,3.322287082672119,2.9474451541900635,2.9132447242736816,2.5492653846740723,2.6285240650177,2.290752649307251,2.433926820755005,2.1309986114501953,2.3101468086242676,2.109622001647949
A5,1.1934975385665894,0.9348886013031006,0.6032978892326355,0.3927738070487976,0.0,0.39098063111305237,0.555767297744751,0.8723514080047607,1.0865273475646973,1.4143481254577637,1.5850545167922974,1.956392526626587,2.0417332649230957,2.41933274269104,2.530827760696411,1.8795937299728394,1.7583162784576416,1.5225470066070557,1.3689370155334473,1.3078844547271729,1.0281438827514648,1.2414332628250122,1.2593462467193604,1.471882939338684,1.7604840993881226,1.9251853227615356,2.2797276973724365,2.3611536026000977,2.746694326400757,2.7967615127563477,2.453348159790039,2.43532395362854,2.1627097129821777,2.11271071434021,1.956093430519104,1.812720537185669,1.9632917642593384,1.94229257106781,1.9589190483093262,2.2207539081573486,2.302164077758789,2.6519885063171387,2.7166175842285156,3.100412130355835,3.1669301986694336,3.160647392272949,3.146352529525757,2.862865686416626,2.8276398181915283,2.6775295734405518,2.56766676902771,2.7239043712615967,2.6576485633850098,2.6160054206848145,2.909109592437744,2.9319980144500732,3.2777740955352783,3.336582899093628,3.720104694366455,3.8057219982147217,4.023797512054443,4.08881139755249,3.717583417892456,3.7177255153656006,3.3439018726348877,3.360696315765381,3.0019876956939697,3.008303642272949,2.663242816925049,2.7823286056518555,2.4621565341949463,2.6428654193878174,2.3674662113189697,2.5835049152374268,2.414942502975464
A6,1.5126737356185913,1.2086983919143677,0.9240521192550659,0.6132506728172302,0.39098063111305237,0.0,0.4034949243068695,0.5917890071868896,0.9036614298820496,1.1757457256317139,1.4183155298233032,1.7648587226867676,1.9122573137283325,2.2774837017059326,2.4424450397491455,2.0944104194641113,2.002790927886963,1.7140060663223267,1.5798695087432861,1.426314353942871,1.1337374448776245,1.2425804138183594,1.1441190242767334,1.3212743997573853,1.553430199623108,1.7506734132766724,2.073488235473633,2.2079527378082275,2.58500599861145,2.6867496967315674,2.624840497970581,2.624803066253662,2.3136563301086426,2.27362060546875,2.057779312133789,1.9087008237838745,1.9848555326461792,1.908374547958374,1.8729900121688843,2.085207223892212,2.1605124473571777,2.4796578884124756,2.576136589050293,2.949504852294922,3.057826519012451,3.284618377685547,3.2937679290771484,2.981895685195923,2.96215558052063,2.766847848892212,2.6600589752197266,2.7642953395843506,2.6569607257843018,2.570040702819824,2.8315138816833496,2.8297886848449707,3.1492159366607666,3.2230823040008545,3.5937724113464355,3.709803342819214,4.1511406898498535,4.233867168426514,3.8587024211883545,3.8830153942108154,3.510101795196533,3.5519659519195557,3.1867780685424805,3.22381591796875,2.8881471157073975,3.032924175262451,2.729778528213501,2.9288156032562256,2.6568851470947266,2.8722193241119385,2.696272373199463
A7,1.7461233139038086,1.47584068775177,1.1581833362579346,0.8885266780853271,0.555767297744751,0.4034949243068695,0.0,0.3860282599925995,0.5789361000061035,0.9172342419624329,1.1028358936309814,1.4487470388412476,1.5573893785476685,1.922940969467163,2.068920850753784,1.7955690622329712,1.724100947380066,1.3978108167648315,1.3003586530685425,1.0930421352386475,0.8517842292785645,0.9552505612373352,0.8496575951576233,0.9755150079727173,1.2560945749282837,1.4013782739639282,1.7435325384140015,1.8409669399261475,2.222097158432007,2.3022918701171875,2.290229320526123,2.32143497467041,1.994887351989746,1.997912883758545,1.7634823322296143,1.6701315641403198,1.7168300151824951,1.6821653842926025,1.6025538444519043,1.8439329862594604,1.8675169944763184,2.1948657035827637,2.25060772895813,2.6229779720306396,2.707012176513672,2.958376884460449,2.9999771118164062,2.6870083808898926,2.708062171936035,2.5117485523223877,2.4528379440307617,2.5534725189208984,2.4738714694976807,2.3593106269836426,2.642956495285034,2.6020209789276123,2.9246203899383545,2.958199977874756,3.3268492221832275,3.416590452194214,3.872716188430786,3.9848008155822754,3.621410846710205,3.6785433292388916,3.3206372261047363,3.3994269371032715,3.054126024246216,3.1317391395568848,2.8218488693237305,3.007129192352295,2.731508493423462,2.9716503620147705,2.7362937927246094,2.993988037109375,2.862361431121826
A8,2.056523323059082,1.7816611528396606,1.464863657951355,1.1876194477081299,0.8723514080047607,0.5917890071868896,0.3860282599925995,0.0,0.37586134672164917,0.594499409198761,0.8674288392066956,1.1870524883270264,1.371101975440979,1.7211799621582031,1.9247817993164062,1.995519757270813,1.9826080799102783,1.634230375289917,1.5954948663711548,1.3408565521240234,1.152392029762268,1.1783292293548584,0.9630379676818848,0.9676255583763123,1.176756501197815,1.3055614233016968,1.5967392921447754,1.735844373703003,2.097381830215454,2.22709584236145,2.502920150756836,2.573268413543701,2.2299234867095947,2.2680256366729736,2.0003790855407715,1.933648705482483,1.9137142896652222,1.8513165712356567,1.7021290063858032,1.891481637954712,1.8726149797439575,2.1534881591796875,2.2179627418518066,2.5666394233703613,2.6818675994873047,3.1576290130615234,3.234778881072998,2.910691738128662,2.9624345302581787,2.741240978240967,2.7044434547424316,2.764772891998291,2.6632516384124756,2.5013582706451416,2.7566380500793457,2.6744017601013184,2.9632816314697266,2.992170572280884,3.339590311050415,3.446838617324829,4.096841812133789,4.233729839324951,3.8764851093292236,3.9600648880004883,3.6109650135040283,3.7132890224456787,3.3725268840789795,3.472416877746582,3.1725456714630127,3.371248483657837,3.1039648056030273,3.3491508960723877,3.112730026245117,3.3651485443115234,3.2228658199310303
A9,2.256908416748047,2.0212531089782715,1.6779162883758545,1.4482382535934448,1.0865273475646973,0.9036614298820496,0.5789361000061035,0.37586134672164917,0.0,0.3819447159767151,0.5276104211807251,0.8748788833618164,1.0118356943130493,1.3748564720153809,1.557566523551941,1.755887746810913,1.7956877946853638,1.4354276657104492,1.474013328552246,1.2019239664077759,1.1229496002197266,1.1618889570236206,0.9692210555076599,0.8594663143157959,1.1097965240478516,1.124883770942688,1.4209015369415283,1.4971773624420166,1.8540005683898926,1.9525078535079956,2.2771737575531006,2.3964548110961914,2.0573177337646484,2.15598726272583,1.8932409286499023,1.900113582611084,1.861964225769043,1.8574001789093018,1.6665810346603394,1.881099820137024,1.7918553352355957,2.067979574203491,2.0716147422790527,2.4074149131774902,2.486147880554199,2.9669435024261475,3.0828733444213867,2.772521495819092,2.8710968494415283,2.6655216217041016,2.682077407836914,2.74813175201416,2.6837518215179443,2.502713203430176,2.7778732776641846,2.6558241844177246,2.9423158168792725,2.922182321548462,3.2609381675720215,3.333275556564331,3.962920665740967,4.1292948722839355,3.790462017059326,3.90219783782959,3.572496175765991,3.7027299404144287,3.3869893550872803,3.5120961666107178,3.234409809112549,3.4541666507720947,3.2041115760803223,3.4686927795410156,3.256890296936035,3.53306245803833,3.4184181690216064
A10,2.5803136825561523,2.339754343032837,1.9995555877685547,1.7615646123886108,1.4143481254577637,1.1757457256317139,0.9172342419624329,0.594499409198761,0.3819447159767151,0.0,0.3669438362121582,0.6230134963989258,0.8775762319564819,1.197751760482788,1.4523708820343018,2.0238213539123535,2.1089906692504883,1.7482553720474243,1.822657585144043,1.5331836938858032,1.4796082973480225,1.4688514471054077,1.2196193933486938,1.0270568132400513,1.1740937232971191,1.1509464979171753,1.3587294816970825,1.4699816703796387,1.7841360569000244,1.9329427480697632,2.5376205444335938,2.687169075012207,2.3426520824432373,2.465482711791992,2.1833624839782715,2.2074294090270996,2.120206117630005,2.093251943588257,1.8536779880523682,2.014026165008545,1.8850641250610352,2.1024863719940186,2.10886287689209,2.407442092895508,2.513234853744507,3.20072865486145,3.3468947410583496,3.031829833984375,3.1549875736236572,2.9317007064819336,2.965834856033325,2.9980063438415527,2.9167542457580566,2.69909405708313,2.944931745529175,2.786782741546631,3.0361149311065674,3.008634328842163,3.320268154144287,3.4059760570526123,4.208039283752441,4.395840644836426,4.065332412719727,4.199349403381348,3.879392147064209,4.0282979011535645,3.717681884765625,3.8596389293670654,3.5900914669036865,3.819242238998413,3.5751092433929443,3.8429853916168213,3.6293883323669434,3.9014201164245605,3.777947187423706
A11,2.719714879989624,2.514709711074829,2.1570980548858643,1.9595311880111694,1.5850545167922974,1.4183155298233032,1.1028358936309814,0.8674288392066956,0.5276104211807251,0.3669438362121582,0.0,0.39050930738449097,0.5419609546661377,0.8950230479240417,1.1108393669128418,1.8018096685409546,1.938272476196289,1.5892153978347778,1.7336139678955078,1.4577001333236694,1.4984270334243774,1.5149496793746948,1.3186713457107544,1.0733896493911743,1.2575501203536987,1.1217679977416992,1.3267662525177002,1.3450090885162354,1.643114447593689,1.7383272647857666,2.329279661178589,2.5232365131378174,2.197336435317993,2.373277425765991,2.1129684448242188,2.200772285461426,2.114837884902954,2.1467814445495605,1.892886996269226,2.0829532146453857,1.9015063047409058,2.1180644035339355,2.058551788330078,2.3409056663513184,2.396885633468628,3.028244972229004,3.2060375213623047,2.9134767055511475,3.0753915309906006,2.8778483867645264,2.957185745239258,3.004531145095825,2.9637045860290527,2.743292808532715,3.0107226371765137,2.8279757499694824,3.079866886138916,3.0062427520751953,3.3104970455169678,3.3555634021759033,4.08118200302124,4.291545867919922,3.9808576107025146,4.134444236755371,3.8338117599487305,4.001179218292236,3.715580463409424,3.872204303741455,3.621601104736328,3.8620710372924805,3.631199836730957,3.909989356994629,3.7173333168029785,4.006746768951416,3.9071204662323
A12,3.104750633239746,2.889939069747925,2.537534475326538,2.322859048843384,1.956392526626587,1.7648587226867676,1.4487470388412476,1.1870524883270264,0.8748788833618164,0.6230134963989258,0.39050930738449097,0.0,0.36647990345954895,0.5915701985359192,0.8977526426315308,2.0304503440856934,2.1884090900421143,1.8399461507797241,2.0028927326202393,1.702383279800415,1.775589942932129,1.734361171722412,1.5093058347702026,1.1972548961639404,1.2872495651245117,1.0811316967010498,1.1755841970443726,1.187105655670166,1.4172745943069458,1.5470553636550903,2.457425117492676,2.6765925884246826,2.3475446701049805,2.5479211807250977,2.268956184387207,2.3854689598083496,2.2438578605651855,2.269636392593384,1.970197319984436,2.112994909286499,1.8790481090545654,2.0311758518218994,1.9494620561599731,2.1810970306396484,2.2459449768066406,3.0855469703674316,3.2988123893737793,3.0053048133850098,3.1994545459747314,2.9865009784698486,3.0965986251831055,3.107236862182617,3.0628561973571777,2.806403160095215,3.0482265949249268,2.822463035583496,3.0350258350372314,2.936164140701294,3.206732749938965,3.248990058898926,4.136847019195557,4.3748040199279785,4.080401420593262,4.26560115814209,3.984706401824951,4.181649208068848,3.9121415615081787,4.099030017852783,3.8707175254821777,4.133489608764648,3.9243977069854736,4.220961570739746,4.04395055770874,4.344581127166748,4.2567644119262695
A13,3.1490330696105957,2.962963581085205,2.6036226749420166,2.420849561691284,2.0417332649230957,1.9122573137283325,1.5573893785476685,1.371101975440979,1.0118356943130493,0.8775762319564819,0.5419609546661377,0.36647990345954895,0.0,0.38374727964401245,0.5749239921569824,1.7768937349319458,1.9656081199645996,1.6395467519760132,1.8521310091018677,1.5767810344696045,1.7274903059005737,1.7143625020980835,1.554688811302185,1.2367706298828125,1.3776347637176514,1.0990124940872192,1.2178411483764648,1.111810326576233,1.33125901222229,1.3704676628112793,2.180515766143799,2.432800769805908,2.1282403469085693,2.3705363273620605,2.12160062789917,2.2918787002563477,2.1639161109924316,2.2482821941375732,1.9567540884017944,2.1380300521850586,1.8752719163894653,2.043572187423706,1.8984475135803223,2.1235110759735107,2.1247220039367676,2.834256172180176,3.0693576335906982,2.801485776901245,3.02498459815979,2.8429293632507324,2.9901468753814697,3.0225532054901123,3.0207300186157227,2.775794744491577,3.0429558753967285,2.8093314170837402,3.0345706939697266,2.8961846828460693,3.167041301727295,3.1646718978881836,3.917686700820923,4.170066833496094,3.894160747528076,4.0913214683532715,3.8287034034729004,4.037532806396484,3.7927281856536865,3.9888710975646973,3.7795214653015137,4.049503326416016,3.855207681655884,4.159938335418701,4.005486488342285,4.3213019371032715,4.259193420410156
A14,3.5309081077575684,3.342271327972412,2.985030174255371,2.7949845790863037,2.41933274269104,2.2774837017059326,1.922940969467163,1.7211799621582031,1.3748564720153809,1.197751760482788,0.8950230479240417,0.5915701985359192,0.38374727964401245,0.0,0.3753686249256134,2.026979923248291,2.2338383197784424,1.925000548362732,2.1515724658966064,1.8723112344741821,2.047637939453125,1.9995394945144653,1.831592082977295,1.4844868183135986,1.5554124116897583,1.2315369844436646,1.2390128374099731,1.0958467721939087,1.2037218809127808,1.2448729276657104,2.330192804336548,2.606470823287964,2.314117431640625,2.5793330669403076,2.3278331756591797,2.5263783931732178,2.3591957092285156,2.4463918209075928,2.1276392936706543,2.269987106323242,1.964367389678955,2.0684494972229004,1.8891880512237549,2.048790454864502,2.0385913848876953,2.908393383026123,3.178861141204834,2.9218716621398926,3.1775450706481934,2.9921181201934814,3.1715333461761475,3.1760971546173096,3.1798388957977295,2.909965753555298,3.154834747314453,2.8844780921936035,3.071343183517456,2.9010887145996094,3.1334006786346436,3.1157538890838623,3.983424425125122,4.263251304626465,4.010011672973633,4.236821174621582,3.9985969066619873,4.233726978302002,4.0100483894348145,4.231434345245361,4.045323371887207,4.332335472106934,4.158573627471924,4.476480960845947,4.3379058837890625,4.663136959075928,4.613376140594482
A15,3.5862009525299072,3.427973508834839,3.0681676864624023,2.911559820175171,2.530827760696411,2.4424450397491455,2.068920850753784,1.9247817993164062,1.557566523551941,1.4523708820343018,1.1108393669128418,0.8977526426315308,0.5749239921569824,0.3753686249256134,0.0,1.8319058418273926,2.069654703140259,1.8032017946243286,2.0730154514312744,1.836492657661438,2.0739288330078125,2.0596601963043213,1.9552301168441772,1.625920057296753,1.7431095838546753,1.3913052082061768,1.4318780899047852,1.1977347135543823,1.2850359678268433,1.2088242769241333,2.1059608459472656,2.416489601135254,2.163269519805908,2.4675028324127197,2.258493661880493,2.504326581954956,2.361224889755249,2.5029776096343994,2.205294609069824,2.383681535720825,2.067009925842285,2.1895978450775146,1.957578182220459,2.1081602573394775,2.027364730834961,2.7092833518981934,3.000394344329834,2.7786078453063965,3.0610077381134033,2.9145894050598145,3.127448797225952,3.15826678276062,3.2050821781158447,2.9547765254974365,3.2230300903320312,2.9539694786071777,3.154221534729004,2.9499943256378174,3.1817355155944824,3.1176280975341797,3.8108701705932617,4.102960109710693,3.8717782497406006,4.10688591003418,3.889176845550537,4.131597995758057,3.934696674346924,4.159677505493164,3.9920654296875,4.28031587600708,4.119801998138428,4.439886569976807,4.322088241577148,4.657243251800537,4.630099773406982
B1,2.42234206199646,2.4238967895507812,2.1235973834991455,2.170524835586548,1.8795937299728394,2.0944104194641113,1.7955690622329712,1.995519757270813,1.755887746810913,2.0238213539123535,1.8018096685409546,2.0304503440856934,1.7768937349319458,2.026979923248291,1.8319058418273926,0.0,0.39734145998954773,0.5356895923614502,0.8793327212333679,1.073556900024414,1.3844752311706543,1.6632182598114014,1.8813977241516113,1.8639962673187256,2.223181962966919,2.0620079040527344,2.387324094772339,2.1638376712799072,2.44936203956604,2.2373502254486084,1.0640994310379028,1.2876639366149902,1.2310645580291748,1.4928648471832275,1.562564730644226,1.7962324619293213,1.9699177742004395,2.2548866271972656,2.218348503112793,2.585085868835449,2.4619507789611816,2.7973597049713135,2.6060943603515625,2.9105727672576904,2.743058204650879,2.076453685760498,2.1947779655456543,2.0861058235168457,2.250175714492798,2.2950682640075684,2.4408035278320312,2.689725637435913,2.853360652923584,2.8131051063537598,3.1963891983032227,3.1128718852996826,3.462369918823242,3.314608573913574,3.657911539077759,3.544891119003296,3.1537222862243652,3.3215434551239014,3.0706472396850586,3.165531873703003,2.9170050621032715,3.035062074661255,2.8513267040252686,2.9486794471740723,2.754810333251953,2.9472432136535645,2.756155252456665,3.008145809173584,2.9165451526641846,3.2377126216888428,3.2603402137756348
B2,2.231091022491455,2.222365379333496,1.9587032794952393,2.0017452239990234,1.7583162784576416,2.002790927886963,1.724100947380066,1.9826080799102783,1.7956877946853638,2.1089906692504883,1.938272476196289,2.1884090900421143,1.9656081199645996,2.2338383197784424,2.069654703140259,0.39734145998954773,0.0,0.3894253373146057,0.5870616436004639,0.8828059434890747,1.169774055480957,1.4618757963180542,1.738674521446228,1.790496826171875,2.1521060466766357,2.0425024032592773,2.3897507190704346,2.1886985301971436,2.493332624435425,2.2887327671051025,0.919352114200592,1.0297799110412598,0.9769235253334045,1.1711094379425049,1.2842134237289429,1.4865169525146484,1.7138218879699707,2.0069916248321533,2.0288279056549072,2.4074583053588867,2.333453416824341,2.691084146499634,2.5260798931121826,2.8504416942596436,2.690959930419922,1.8865633010864258,1.9441136121749878,1.825943112373352,1.940087914466858,1.997057557106018,2.111021041870117,2.3857996463775635,2.5571513175964355,2.5558135509490967,2.945110559463501,2.901243209838867,3.26776123046875,3.1437125205993652,3.5017852783203125,3.3967785835266113,2.905815601348877,3.039890766143799,2.7684688568115234,2.8350398540496826,2.5683627128601074,2.66640043258667,2.4707117080688477,2.556636333465576,2.358025312423706,2.5510358810424805,2.365506887435913,2.6275150775909424,2.5495336055755615,2.8827900886535645,2.925722360610962
B3,2.1919236183166504,2.118950843811035,1.8277876377105713,1.8025227785110474,1.5225470066070557,1.7140060663223267,1.3978108167648315,1.634230375289917,1.4354276657104492,1.7482553720474243,1.5892153978347778,1.8399461507797241,1.6395467519760132,1.925000548362732,1.8032017946243286,0.5356895923614502,0.3894253373146057,0.0,0.38486021757125854,0.5423933863639832,0.8604109883308411,1.1333742141723633,1.3771809339523315,1.4079116582870483,1.7730177640914917,1.6672048568725586,2.0221383571624756,1.8439855575561523,2.1688404083251953,2.0011587142944336,1.002087116241455,1.1235061883926392,0.9288608431816101,1.1227723360061646,1.1141282320022583,1.3037781715393066,1.4758144617080688,1.7386467456817627,1.7176518440246582,2.0903215408325195,2.005307912826538,2.3635613918304443,2.2156200408935547,2.5529444217681885,2.428114652633667,1.9097468852996826,1.9925479888916016,1.8037493228912354,1.9272806644439697,1.9073660373687744,2.0125198364257812,2.242337226867676,2.371548891067505,2.3269598484039307,2.708101987838745,2.6423771381378174,3.0028491020202637,2.8901560306549072,3.252021074295044,3.176381826400757,2.9539706707000732,3.1050398349761963,2.8105151653289795,2.9005110263824463,2.614074230194092,2.735976219177246,2.506613254547119,2.6219706535339355,2.4068894386291504,2.6287193298339844,2.434809446334839,2.720160961151123,2.6172449588775635,2.955281972885132,2.9719033241271973
B4,1.9908642768859863,1.8888760805130005,1.6377335786819458,1.5908632278442383,1.3689370155334473,1.5798695087432861,1.3003586530685425,1.5954948663711548,1.474013328552246,1.822657585144043,1.7336139678955078,2.0028927326202393,1.8521310091018677,2.1515724658966064,2.0730154514312744,0.8793327212333679,0.5870616436004639,0.38486021757125854,0.0,0.38629356026649475,0.604035496711731,0.9014356732368469,1.210387110710144,1.3370311260223389,1.6949888467788696,1.6663259267807007,2.038309097290039,1.9062994718551636,2.249302864074707,2.110926389694214,1.0960538387298584,1.081874966621399,0.8521766066551208,0.9092860817909241,0.8947537541389465,0.9975458979606628,1.2323452234268188,1.4790159463882446,1.5259900093078613,1.9057365655899048,1.8875435590744019,2.2680063247680664,2.166635274887085,2.5261659622192383,2.4289491176605225,1.8714654445648193,1.8870943784713745,1.6671810150146484,1.7198723554611206,1.6815744638442993,1.7271214723587036,1.9724489450454712,2.086977005004883,2.07859468460083,2.46138072013855,2.4419593811035156,2.8195414543151855,2.745828866958618,3.124390125274658,3.072739839553833,2.828983783721924,2.941601514816284,2.617870807647705,2.6756889820098877,2.3597795963287354,2.457003593444824,2.1957476139068604,2.2978949546813965,2.0623092651367188,2.286543846130371,2.0872802734375,2.3844146728515625,2.279784917831421,2.6259968280792236,2.6488888263702393
B5,2.136934757232666,1.9703675508499146,1.6992868185043335,1.5662040710449219,1.3078844547271729,1.426314353942871,1.0930421352386475,1.3408565521240234,1.2019239664077759,1.5331836938858032,1.4577001333236694,1.702383279800415,1.5767810344696045,1.8723112344741821,1.836492657661438,1.073556900024414,0.8828059434890747,0.5423933863639832,0.38629356026649475,0.0,0.38597047328948975,0.5930159687995911,0.8617323637008667,0.9548013210296631,1.3117280006408691,1.2836843729019165,1.6590735912322998,1.5497888326644897,1.9061335325241089,1.8060461282730103,1.2146731615066528,1.2352707386016846,0.9071795344352722,0.9782618284225464,0.8050879240036011,0.9023945927619934,1.0248448848724365,1.2336574792861938,1.2115869522094727,1.5835000276565552,1.542144536972046,1.919762134552002,1.831437110900879,2.1994197368621826,2.1359827518463135,1.8960585594177246,1.9512012004852295,1.6741914749145508,1.7535650730133057,1.6339012384414673,1.6873369216918945,1.8652788400650024,1.9346426725387573,1.865059733390808,2.2348499298095703,2.1791200637817383,2.5443027019500732,2.4738988876342773,2.8508169651031494,2.824735641479492,2.8692305088043213,3.008502960205078,2.6759138107299805,2.7694764137268066,2.451587200164795,2.584868907928467,2.3093299865722656,2.4532387256622314,2.223315477371216,2.479717493057251,2.292172431945801,2.610048532485962,2.495513439178467,2.842144250869751,2.847027540206909
B6,1.8936048746109009,1.6773974895477295,1.4283007383346558,1.2442091703414917,1.0281438827514648,1.1337374448776245,0.8517842292785645,1.152392029762268,1.1229496002197266,1.4796082973480225,1.4984270334243774,1.775589942932129,1.7274903059005737,2.047637939453125,2.0739288330078125,1.3844752311706543,1.169774055480957,0.8604109883308411,0.604035496711731,0.38597047328948975,0.0,0.37676873803138733,0.6605833172798157,0.8875098824501038,1.2298946380615234,1.3146246671676636,1.6980880498886108,1.674194097518921,2.048938751220703,2.0131709575653076,1.5608378648757935,1.5188674926757812,1.1917423009872437,1.1493767499923706,0.9413186311721802,0.8718465566635132,1.0099390745162964,1.1146414279937744,1.137765645980835,1.4887869358062744,1.5267173051834106,1.914251685142517,1.9021865129470825,2.288978338241577,2.2845678329467773,2.155778169631958,2.1634976863861084,1.8605459928512573,1.8708324432373047,1.7103461027145386,1.678540587425232,1.8390581607818604,1.8467075824737549,1.7909748554229736,2.1413094997406006,2.1278867721557617,2.4985454082489014,2.487623929977417,2.876511573791504,2.899533748626709,3.041966438293457,3.146127700805664,2.787540912628174,2.847532272338867,2.499800205230713,2.598841428756714,2.2800893783569336,2.3953239917755127,2.127023696899414,2.365427255630493,2.1491260528564453,2.4550938606262207,2.305145025253296,2.635370969772339,2.609175443649292
B7,2.1690008640289307,1.9074028730392456,1.6835676431655884,1.4320878982543945,1.2414332628250122,1.2425804138183594,0.9552505612373352,1.1783292293548584,1.1618889570236206,1.4688514471054077,1.5149496793746948,1.734361171722412,1.7143625020980835,1.9995394945144653,2.0596601963043213,1.6632182598114014,1.4618757963180542,1.1333742141723633,0.9014356732368469,0.5930159687995911,0.37676873803138733,0.0,0.3730068802833557,0.6483161449432373,0.9298561215400696,1.0666582584381104,1.4312894344329834,1.4474897384643555,1.8144932985305786,1.8172450065612793,1.6708920001983643,1.61687171459198,1.2494498491287231,1.1816473007202148,0.8743181824684143,0.7628783583641052,0.762645423412323,0.7927795648574829,0.7758907079696655,1.1154241561889648,1.1724601984024048,1.5601452589035034,1.5830683708190918,1.9746953248977661,2.007150650024414,2.112039804458618,2.1301794052124023,1.7864937782287598,1.7991459369659424,1.5689293146133423,1.5325099229812622,1.62083101272583,1.5828323364257812,1.4787567853927612,1.8119382858276367,1.780725121498108,2.143012523651123,2.146878480911255,2.5352859497070312,2.584691286087036,2.95234751701355,3.068448066711426,2.704176187515259,2.790684700012207,2.4473533630371094,2.5785393714904785,2.25715970993042,2.4170711040496826,2.1737630367279053,2.448045492172241,2.2686586380004883,2.600193977355957,2.4688668251037598,2.8046178817749023,2.7876834869384766
B8,2.3113083839416504,2.0152878761291504,1.776373267173767,1.472295880317688,1.2593462467193604,1.1441190242767334,0.8496575951576233,0.9630379676818848,0.9692210555076599,1.2196193933486938,1.3186713457107544,1.5093058347702026,1.554688811302185,1.831592082977295,1.9552301168441772,1.8813977241516113,1.738674521446228,1.3771809339523315,1.210387110710144,0.8617323637008667,0.6605833172798157,0.3730068802833557,0.0,0.3718741834163666,0.613437831401825,0.8274638056755066,1.1778279542922974,1.27545964717865,1.6472609043121338,1.7257856130599976,1.9502065181732178,1.9368231296539307,1.5553271770477295,1.521612524986267,1.1835033893585205,1.0838450193405151,0.9762899875640869,0.8979923725128174,0.7561803460121155,1.0101135969161987,1.0434324741363525,1.3990505933761597,1.4684969186782837,1.855435848236084,1.9491336345672607,2.3706321716308594,2.4206161499023438,2.0622127056121826,2.0959219932556152,1.8280760049819946,1.7949693202972412,1.817111611366272,1.7216088771820068,1.551853060722351,1.8355733156204224,1.7629923820495605,2.089198350906372,2.1110270023345947,2.484279155731201,2.5743536949157715,3.2130370140075684,3.346649408340454,2.9853947162628174,3.0911715030670166,2.7537293434143066,2.897831439971924,2.572902202606201,2.742154836654663,2.4984288215637207,2.7710556983947754,2.5868029594421387,2.9093759059906006,2.7576868534088135,3.0757007598876953,3.0290732383728027
B9,2.5861637592315674,2.3048791885375977,2.0319807529449463,1.7400047779083252,1.471882939338684,1.3212743997573853,0.9755150079727173,0.9676255583763123,0.8594663143157959,1.0270568132400513,1.0733896493911743,1.1972548961639404,1.2367706298828125,1.4844868183135986,1.625920057296753,1.8639962673187256,1.790496826171875,1.4079116582870483,1.3370311260223389,0.9548013210296631,0.8875098824501038,0.6483161449432373,0.3718741834163666,0.0,0.382110595703125,0.479509562253952,0.8487268090248108,0.9383722543716431,1.31756591796875,1.418001651763916,1.9421379566192627,1.995514988899231,1.6071497201919556,1.6538448333740234,1.304108738899231,1.3021650314331055,1.1290851831436157,1.0905544757843018,0.8313185572624207,1.0428030490875244,0.943821907043457,1.2583861351013184,1.2789838314056396,1.6482435464859009,1.7422006130218506,2.3749473094940186,2.483982563018799,2.130352735519409,2.22745943069458,1.9581849575042725,1.9896516799926758,1.9846336841583252,1.905469536781311,1.6813952922821045,1.9500309228897095,1.8038386106491089,2.0947906970977783,2.068554162979126,2.4174745082855225,2.4938392639160156,3.2784976959228516,3.453010082244873,3.112921714782715,3.258714199066162,2.945645332336426,3.1244828701019287,2.8250386714935303,3.021742343902588,2.8000471591949463,3.087261438369751,2.914846181869507,3.244664192199707,3.1015982627868652,3.4254913330078125,3.381727695465088
B10,2.8812990188598633,2.5730156898498535,2.3216724395751953,1.9972198009490967,1.7604840993881226,1.553430199623108,1.2560945749282837,1.176756501197815,1.1097965240478516,1.1740937232971191,1.2575501203536987,1.2872495651245117,1.3776347637176514,1.5554124116897583,1.7431095838546753,2.223181962966919,2.1521060466766357,1.7730177640914917,1.6949888467788696,1.3117280006408691,1.2298946380615234,0.9298561215400696,0.613437831401825,0.382110595703125,0.0,0.38573122024536133,0.6167896389961243,0.8397583961486816,1.1702523231506348,1.3592783212661743,2.2122397422790527,2.256626605987549,1.8641694784164429,1.8927865028381348,1.5182323455810547,1.4945546388626099,1.239671230316162,1.1164655685424805,0.7937166690826416,0.8587909936904907,0.7376466393470764,0.9783793091773987,1.0720857381820679,1.4193100929260254,1.5889848470687866,2.5197858810424805,2.6370787620544434,2.267488956451416,2.3642587661743164,2.0535686016082764,2.0803751945495605,2.0034677982330322,1.875373125076294,1.5984152555465698,1.8042691946029663,1.6204756498336792,1.8629183769226074,1.8569437265396118,2.1826436519622803,2.3022499084472656,3.3587987422943115,3.5418200492858887,3.20585036277771,3.3706812858581543,3.069065570831299,3.2666449546813965,2.9708409309387207,3.191784381866455,2.9885876178741455,3.2907066345214844,3.140662908554077,3.4793314933776855,3.3441736698150635,3.664834976196289,3.62138032913208
B11,3.0562570095062256,2.7798752784729004,2.4978761672973633,2.2085354328155518,1.9251853227615356,1.7506734132766724,1.4013782739639282,1.3055614233016968,1.124883770942688,1.1509464979171753,1.1217679977416992,1.0811316967010498,1.0990124940872192,1.2315369844436646,1.3913052082061768,2.0620079040527344,2.0425024032592773,1.6672048568725586,1.6663259267807007,1.2836843729019165,1.3146246671676636,1.0666582584381104,0.8274638056755066,0.479509562253952,0.38573122024536133,0.0,0.3876270055770874,0.4859752058982849,0.8517943024635315,1.0129077434539795,2.037675142288208,2.1413087844848633,1.759400486946106,1.8642328977584839,1.506283164024353,1.5799378156661987,1.320601224899292,1.2953929901123047,0.9469459056854248,1.0525779724121094,0.7991861701011658,1.0029821395874023,0.9611435532569885,1.2831939458847046,1.3934147357940674,2.3757035732269287,2.5456151962280273,2.197063684463501,2.355351448059082,2.0722126960754395,2.1679787635803223,2.106445550918579,2.0344622135162354,1.7478004693984985,1.9747517108917236,1.7420308589935303,1.9703835248947144,1.8874338865280151,2.191873788833618,2.257172107696533,3.2873928546905518,3.507047414779663,3.1962342262268066,3.3927230834960938,3.116194486618042,3.3408329486846924,3.0755715370178223,3.3150484561920166,3.132242441177368,3.4455599784851074,3.305478096008301,3.652761936187744,3.533402442932129,3.868513822555542,3.8409628868103027
B12,3.425567626953125,3.1386520862579346,2.8601932525634766,2.557572841644287,2.2797276973724365,2.073488235473633,1.7435325384140015,1.5967392921447754,1.4209015369415283,1.3587294816970825,1.3267662525177002,1.1755841970443726,1.2178411483764648,1.2390128374099731,1.4318780899047852,2.387324094772339,2.3897507190704346,2.0221383571624756,2.038309097290039,1.6590735912322998,1.6980880498886108,1.4312894344329834,1.1778279542922974,0.8487268090248108,0.6167896389961243,0.3876270055770874,0.0,0.38136065006256104,0.6031954288482666,0.8929251432418823,2.3032331466674805,2.4208505153656006,2.048588514328003,2.162944793701172,1.802141547203064,1.8853192329406738,1.5801893472671509,1.5260374546051025,1.1536543369293213,1.143221378326416,0.8351036906242371,0.8749833106994629,0.8329495191574097,1.0677464008331299,1.2391263246536255,2.5438618659973145,2.740607976913452,2.394804000854492,2.57379150390625,2.2735018730163574,2.388521671295166,2.275054693222046,2.1848859786987305,1.858419418334961,2.0258870124816895,1.7409237623214722,1.8968981504440308,1.795116901397705,2.0473732948303223,2.130030632019043,3.4145185947418213,3.6562163829803467,3.3637747764587402,3.5881354808807373,3.3342530727386475,3.582599639892578,3.3334391117095947,3.5964784622192383,3.435077667236328,3.7614593505859375,3.6403942108154297,3.9955267906188965,3.885274648666382,4.221356391906738,4.196698188781738
B13,3.476762533187866,3.221207618713379,2.9288103580474854,2.661313533782959,2.3611536026000977,2.2079527378082275,1.8409669399261475,1.735844373703003,1.4971773624420166,1.4699816703796387,1.3450090885162354,1.187105655670166,1.111810326576233,1.0958467721939087,1.1977347135543823,2.1638376712799072,2.1886985301971436,1.8439855575561523,1.9062994718551636,1.5497888326644897,1.674194097518921,1.4474897384643555,1.27545964717865,0.9383722543716431,0.8397583961486816,0.4859752058982849,0.38136065006256104,0.0,0.38733208179473877,0.5479209423065186,2.0201027393341064,2.174652576446533,1.8237942457199097,1.9919096231460571,1.6605587005615234,1.8190637826919556,1.528961181640625,1.5646476745605469,1.2063045501708984,1.2714214324951172,0.9181832075119019,0.9923982620239258,0.7979196906089783,1.0174915790557861,1.0660923719406128,2.2713725566864014,2.5039639472961426,2.1837260723114014,2.408299207687378,2.1436705589294434,2.3137130737304688,2.2301149368286133,2.201409101486206,1.8918399810791016,2.0996289253234863,1.8033469915390015,1.9779443740844727,1.8092063665390015,2.0594427585601807,2.0698070526123047,3.197319984436035,3.463038921356201,3.1923534870147705,3.4362082481384277,3.204059600830078,3.469876766204834,3.2498629093170166,3.524603843688965,3.383608818054199,3.7177109718322754,3.6101126670837402,3.972782850265503,3.883885622024536,4.234844207763672,4.2335944175720215
