,A1,A2,A3,A4,A5,A6,A7,A8,A9,A10,A11,A12,A13,A14,A15,B1,B2,B3,B4,B5,B6,B7,B8,B9,B10,B11,B12,B13,B14,B15,C1,C2,C3,C4,C5,C6,C7,C8,C9,C10,C11,C12,C13,C14,C15,D1,D2,D3,D4,D5,D6,D7,D8,D9,D10,D11,D12,D13,D14,D15,E1,E2,E3,E4,E5,E6,E7,E8,E9,E10,E11,E12,E13,E14,E15
A1,0.0,0.37958505749702454,0.5827186703681946,0.9415164589881897,1.235544204711914,1.57497239112854,1.8816592693328857,2.2544713020324707,2.5540473461151123,2.927259922027588,3.058854103088379,3.163919687271118,2.842216968536377,2.799185037612915,2.426389455795288,0.4728403091430664,0.6381803750991821,0.7858671545982361,1.0718129873275757,1.339909315109253,1.6417434215545654,1.946233868598938,2.301208257675171,2.6019399166107178,2.9608447551727295,3.115480899810791,3.2111823558807373,2.873243808746338,2.8891441822052,2.528834104537964,0.9893352389335632,1.094869613647461,1.173075795173645,1.3828229904174805,1.5886318683624268,1.8407838344573975,2.1144332885742188,2.4409420490264893,2.7292745113372803,3.0682127475738525,3.24747896194458,3.3376986980438232,3.0134918689727783,3.06705379486084,2.7415921688079834,1.4833930730819702,1.5850683450698853,1.6214067935943604,1.787293553352356,1.9314939975738525,2.1347670555114746,2.3672056198120117,2.649930477142334,2.913564920425415,3.2311654090881348,3.4190313816070557,3.5110647678375244,3.2000701427459717,3.300140142440796,3.0207271575927734,2.029663324356079,2.11104679107666,2.1131949424743652,2.248120069503784,2.336679220199585,2.5054993629455566,2.691744804382324,2.9258956909179688,3.163329601287842,3.423428773880005,3.668667793273926,3.776733875274658,3.510521650314331,3.7282233238220215,3.509770631790161
A2,0.37958505749702454,0.0,0.3801678419113159,0.6386857628822327,0.9839766025543213,1.2879031896591187,1.6264444589614868,1.978522539138794,2.300628423690796,2.661562919616699,2.8250186443328857,2.944469928741455,2.6466431617736816,2.63925838470459,2.273130416870117,0.5831696391105652,0.5048483610153198,0.6001731753349304,0.7786970734596252,1.0667719841003418,1.3298856019973755,1.660415530204773,1.9956049919128418,2.3146653175354004,2.660606861114502,2.8443095684051514,2.963700294494629,2.6457881927490234,2.700953245162964,2.3521392345428467,1.0337775945663452,1.0094249248504639,1.0364032983779907,1.150115728378296,1.3401708602905273,1.5448788404464722,1.8276044130325317,2.130753517150879,2.4290177822113037,2.752699136734009,2.9576547145843506,3.075369358062744,2.7705905437469482,2.862325429916382,2.5534863471984863,1.504780888557434,1.5200453996658325,1.5124479532241821,1.6016688346862793,1.715853214263916,1.8695145845413208,2.094719171524048,2.348323345184326,2.6126062870025635,2.91259503364563,3.1229162216186523,3.243401527404785,2.952364921569824,3.088038921356201,2.8319478034973145,2.0370264053344727,2.0559263229370117,2.0209338665008545,2.095245838165283,2.1487207412719727,2.271224021911621,2.439542055130005,2.6407434940338135,2.869830369949341,3.1082890033721924,3.3677518367767334,3.500096082687378,3.2556426525115967,3.4993579387664795,3.3070034980773926
A3,0.5827186703681946,0.3801678419113159,0.0,0.3852933645248413,0.6532630324363708,0.9954866170883179,1.3003922700881958,1.6722218990325928,1.9743146896362305,2.3466639518737793,2.485361099243164,2.5996594429016113,2.2898623943328857,2.2782304286956787,1.909536600112915,0.7036522626876831,0.6570180058479309,0.5016162991523743,0.6454028487205505,0.8207001090049744,1.101837158203125,1.3847538232803345,1.734647274017334,2.0269293785095215,2.384033441543579,2.5397510528564453,2.652559280395508,2.3242759704589844,2.3720085620880127,2.025352954864502,1.1047797203063965,1.0974581241607666,0.9896771907806396,1.081317663192749,1.173333764076233,1.3807302713394165,1.6066501140594482,1.9160231351852417,2.182612895965576,2.5168418884277344,2.6924593448638916,2.8024044036865234,2.4907336235046387,2.572345018386841,2.271953582763672,1.5393822193145752,1.5714329481124878,1.4749430418014526,1.5567295551300049,1.5957996845245361,1.7510532140731812,1.9219664335250854,2.178893566131592,2.4081153869628906,2.718517541885376,2.898869752883911,3.011669397354126,2.7167112827301025,2.839031219482422,2.5950098037719727,2.044095993041992,2.081333875656128,1.981595516204834,2.057823657989502,2.0534703731536865,2.1837525367736816,2.3037192821502686,2.512238025665283,2.7065954208374023,2.9625649452209473,3.1920359134674072,3.322727918624878,3.07535457611084,3.308272361755371,3.12565541267395
A4,0.9415164589881897,0.6386857628822327,0.3852933645248413,0.0,0.3741898238658905,0.6492334008216858,0.9957313537597656,1.3401176929473877,1.6660929918289185,2.023409843444824,2.196553945541382,2.3331122398376465,2.0525238513946533,2.0902159214019775,1.7372058629989624,1.0212478637695312,0.8564959168434143,0.6225587129592896,0.5120054483413696,0.5888638496398926,0.7791716456413269,1.07194983959198,1.3925222158432007,1.6972508430480957,2.0388360023498535,2.223945140838623,2.3700637817382812,2.067371129989624,2.1658668518066406,1.8430172204971313,1.3351083993911743,1.2334773540496826,1.0554966926574707,1.0083894729614258,1.0147141218185425,1.1321061849594116,1.3305038213729858,1.599807620048523,1.8614013195037842,2.1760714054107666,2.3747336864471436,2.5209290981292725,2.235430955886841,2.3629205226898193,2.0936291217803955,1.712990403175354,1.673027515411377,1.5186622142791748,1.5082876682281494,1.47831392288208,1.5598170757293701,1.6887733936309814,1.8996764421463013,2.109384536743164,2.396923780441284,2.594493865966797,2.74279522895813,2.4752566814422607,2.6364150047302246,2.4304158687591553,2.1759819984436035,2.1597020626068115,2.0121023654937744,2.022395610809326,1.9592700004577637,2.0320560932159424,2.1067991256713867,2.2709121704101562,2.436350107192993,2.6679835319519043,2.9026262760162354,3.064133405685425,2.845471143722534,3.10422420501709,2.9587275981903076
A5,1.235544204711914,0.9839766025543213,0.6532630324363708,0.3741898238658905,0.0,0.36896681785583496,0.6479658484458923,1.0209709405899048,1.3229230642318726,1.6950006484985352,1.841495156288147,1.971908688545227,1.6829564571380615,1.7267323732376099,1.3767253160476685,1.2704858779907227,1.1378117799758911,0.8154675960540771,0.6581831574440002,0.49301451444625854,0.6262261271476746,0.8052636384963989,1.13271963596344,1.396570086479187,1.7496963739395142,1.9015144109725952,2.0427470207214355,1.7329195737838745,1.8333220481872559,1.5224822759628296,1.5224088430404663,1.434765338897705,1.1712443828582764,1.0904371738433838,0.9668231010437012,1.0501368045806885,1.145103096961975,1.4025646448135376,1.6137968301773071,1.9352130889892578,2.097504138946533,2.2374684810638428,1.9505789279937744,2.0736210346221924,1.825319528579712,1.8422099351882935,1.810670256614685,1.5858752727508545,1.557211995124817,1.4414186477661133,1.5064057111740112,1.555665135383606,1.7547379732131958,1.912482738494873,2.2046642303466797,2.3650782108306885,2.5066726207733154,2.2420830726623535,2.3921048641204834,2.2102694511413574,2.2552530765533447,2.2490689754486084,2.0445170402526855,2.0477705001831055,1.9220962524414062,1.9920127391815186,2.004709005355835,2.166189670562744,2.284289836883545,2.5291061401367188,2.7260653972625732,2.886335611343384,2.670894145965576,2.9173381328582764,2.7897143363952637
A6,1.57497239112854,1.2879031896591187,0.9954866170883179,0.6492334008216858,0.36896681785583496,0.0,0.3849681615829468,0.6918210983276367,1.027464747428894,1.3757001161575317,1.567673683166504,1.7332643270492554,1.4891527891159058,1.6042883396148682,1.29505455493927,1.6107914447784424,1.43297278881073,1.1181833744049072,0.8627776503562927,0.6132181286811829,0.5076401233673096,0.589396595954895,0.8323032259941101,1.0931981801986694,1.4202741384506226,1.607261300086975,1.7979590892791748,1.52938973903656,1.6977673768997192,1.436811089515686,1.8282535076141357,1.6919161081314087,1.4094295501708984,1.2387908697128296,1.0394607782363892,0.9927818775177002,1.001447081565857,1.171325922012329,1.3478119373321533,1.634360671043396,1.8185186386108398,2.0073366165161133,1.7619866132736206,1.9401353597640991,1.7449796199798584,2.108914613723755,2.030604362487793,1.776116132736206,1.6749187707901,1.4969059228897095,1.475447654724121,1.4543601274490356,1.5789462327957153,1.6901566982269287,1.9446269273757935,2.1170730590820312,2.3020834922790527,2.078479290008545,2.2695603370666504,2.142054796218872,2.481910228729248,2.4360616207122803,2.1997592449188232,2.1466121673583984,1.9675204753875732,1.9755909442901611,1.9291120767593384,2.0316834449768066,2.1012868881225586,2.3122684955596924,2.505125045776367,2.700981378555298,2.524136781692505,2.7934608459472656,2.7124366760253906
A7,1.8816592693328857,1.6264444589614868,1.3003922700881958,0.9957313537597656,0.6479658484458923,0.3849681615829468,0.0,0.39812877774238586,0.6768650412559509,1.0543321371078491,1.2022794485092163,1.3548449277877808,1.1055811643600464,1.2423410415649414,0.9596100449562073,1.8829514980316162,1.7316380739212036,1.381932258605957,1.142885446548462,0.8129661679267883,0.6650360822677612,0.4901678264141083,0.6628534197807312,0.8154329657554626,1.1541670560836792,1.28217613697052,1.4642988443374634,1.1922014951705933,1.3710660934448242,1.147680640220642,2.0527384281158447,1.9342992305755615,1.6081480979919434,1.4343960285186768,1.156481146812439,1.0816895961761475,0.9514365792274475,1.0727959871292114,1.1521271467208862,1.4359896183013916,1.5583409070968628,1.7341018915176392,1.494874119758606,1.6665469408035278,1.5132163763046265,2.2804861068725586,2.2137978076934814,1.914226770401001,1.806789755821228,1.5641566514968872,1.5292388200759888,1.4177852869033813,1.517091989517212,1.5510753393173218,1.802079200744629,1.9168049097061157,2.08701753616333,1.8738117218017578,2.0462589263916016,1.9560885429382324,2.5996158123016357,2.5651936531066895,2.2865214347839355,2.230860471725464,2.0001819133758545,2.006772041320801,1.8952258825302124,1.9915066957473755,2.0015056133270264,2.223741292953491,2.363112688064575,2.5506479740142822,2.3807296752929688,2.628115653991699,2.5699291229248047
A8,2.2544713020324707,1.978522539138794,1.6722218990325928,1.3401176929473877,1.0209709405899048,0.6918210983276367,0.39812877774238586,0.0,0.36466842889785767,0.6875975728034973,0.9097524285316467,1.122367262840271,0.9681138396263123,1.2123286724090576,1.0341737270355225,2.261935234069824,2.0853071212768555,1.7459405660629272,1.4686180353164673,1.1387853622436523,0.8918941617012024,0.6243168115615845,0.528005838394165,0.5502907037734985,0.8114637732505798,0.976620078086853,1.2406282424926758,1.0554970502853394,1.3245476484298706,1.203556776046753,2.415933609008789,2.2684524059295654,1.9399563074111938,1.7189689874649048,1.4138178825378418,1.2478206157684326,1.0314531326293945,1.002467393875122,0.9761129021644592,1.176415205001831,1.3045462369918823,1.5457483530044556,1.3831602334976196,1.616273283958435,1.5503623485565186,2.6181111335754395,2.5200982093811035,2.2072341442108154,2.0508837699890137,1.7706899642944336,1.6626169681549072,1.4788858890533447,1.4779176712036133,1.4275391101837158,1.6092149019241333,1.718629002571106,1.9382667541503906,1.7906936407089233,2.0013649463653564,1.986527681350708,2.9035444259643555,2.839567184448242,2.5411124229431152,2.4411048889160156,2.1702961921691895,2.1195993423461914,1.9467226266860962,1.972435474395752,1.9125146865844727,2.0855023860931396,2.202321767807007,2.4271960258483887,2.310563564300537,2.5725276470184326,2.5726797580718994
A9,2.5540473461151123,2.300628423690796,1.9743146896362305,1.6660929918289185,1.3229230642318726,1.027464747428894,0.6768650412559509,0.36466842889785767,0.0,0.39705464243888855,0.5469850301742554,0.7876850962638855,0.6740677356719971,0.9880115985870361,0.9094552993774414,2.5504109859466553,2.3965797424316406,2.041531801223755,1.785101056098938,1.4354817867279053,1.2094075679779053,0.8835868239402771,0.7283607125282288,0.5368509292602539,0.7028840780258179,0.7461757659912109,1.0171719789505005,0.8746166825294495,1.1583775281906128,1.1280181407928467,2.684551239013672,2.5562427043914795,2.209310531616211,2.000913381576538,1.670253872871399,1.509555697441101,1.2309257984161377,1.1573057174682617,1.0138763189315796,1.1600288152694702,1.191056489944458,1.4148486852645874,1.2900694608688354,1.506174087524414,1.5089296102523804,2.857630729675293,2.774773597717285,2.4409265518188477,2.2914247512817383,1.9827901124954224,1.875937819480896,1.6382958889007568,1.6122697591781616,1.483413815498352,1.6359529495239258,1.6713900566101074,1.8704661130905151,1.7521073818206787,1.9334169626235962,1.9673348665237427,3.107003927230835,3.0569496154785156,2.7358574867248535,2.6410562992095947,2.342686176300049,2.295382499694824,2.077878952026367,2.0950045585632324,1.978344202041626,2.148754358291626,2.203768491744995,2.4163360595703125,2.3160953521728516,2.5470657348632812,2.574288845062256
A10,2.927259922027588,2.661562919616699,2.3466639518737793,2.023409843444824,1.6950006484985352,1.3757001161575317,1.0543321371078491,0.6875975728034973,0.39705464243888855,0.0,0.3815643787384033,0.7230544090270996,0.7978887557983398,1.1708210706710815,1.202539324760437,2.934180498123169,2.7662129402160645,2.418729543685913,2.143409490585327,1.8002493381500244,1.5392667055130005,1.2133084535598755,0.9588823318481445,0.6795300841331482,0.6009604930877686,0.6268996000289917,0.982255220413208,0.9911715984344482,1.3173071146011353,1.3867729902267456,3.0659446716308594,2.921210289001465,2.5766119956970215,2.3445725440979004,2.0087406635284424,1.8059598207473755,1.5026037693023682,1.3368943929672241,1.1112979650497437,1.1222156286239624,1.1278623342514038,1.4036083221435547,1.3847414255142212,1.6341079473495483,1.7195481061935425,3.228198289871216,3.126953363418579,2.789325475692749,2.6125564575195312,2.2894375324249268,2.1402413845062256,1.8670837879180908,1.766236424446106,1.568047285079956,1.6307859420776367,1.644572377204895,1.8805420398712158,1.840791940689087,2.0422637462615967,2.145329713821411,3.4583241939544678,3.38969087600708,3.059720754623413,2.937122344970703,2.618210792541504,2.5318751335144043,2.2761952877044678,2.2350940704345703,2.0587077140808105,2.1714274883270264,2.1933789253234863,2.4338502883911133,2.391662359237671,2.624075412750244,2.706017017364502
A11,3.058854103088379,2.8250186443328857,2.485361099243164,2.196553945541382,1.841495156288147,1.567673683166504,1.2022794485092163,0.9097524285316467,0.5469850301742554,0.3815643787384033,0.0,0.40727633237838745,0.5265447497367859,0.9063110947608948,1.0314947366714478,3.0420589447021484,2.9069762229919434,2.5411314964294434,2.3003361225128174,1.9390637874603271,1.7236508131027222,1.367651343345642,1.1683883666992188,0.8483825325965881,0.8103566765785217,0.6301832795143127,0.857144832611084,0.8614431023597717,1.1249243021011353,1.2545855045318604,3.1498348712921143,3.0369441509246826,2.6750328540802,2.4745869636535645,2.123990774154663,1.9615968465805054,1.63387930393219,1.5066031217575073,1.2488327026367188,1.28774893283844,1.1766767501831055,1.3555794954299927,1.3243348598480225,1.5023188591003418,1.6187728643417358,3.2844979763031006,3.2128703594207764,2.859484910964966,2.711686372756958,2.3761236667633057,2.2629761695861816,1.970933437347412,1.9041908979415894,1.6832175254821777,1.7728019952774048,1.7049610614776611,1.8690674304962158,1.8152110576629639,1.9509562253952026,2.0646660327911377,3.4838640689849854,3.4442648887634277,3.099644660949707,3.0044407844543457,2.676246404647827,2.624281644821167,2.354645252227783,2.3488450050354004,2.1580910682678223,2.3069305419921875,2.2742090225219727,2.4671802520751953,2.4043924808502197,2.5867409706115723,2.661353826522827
A12,3.163919687271118,2.944469928741455,2.5996594429016113,2.3331122398376465,1.971908688545227,1.7332643270492554,1.3548449277877808,1.122367262840271,0.7876850962638855,0.7230544090270996,0.40727633237838745,0.0,0.3790234923362732,0.666466236114502,0.9106241464614868,3.089545249938965,2.962722063064575,2.587954044342041,2.362466335296631,1.9910951852798462,1.8007386922836304,1.4217091798782349,1.2479817867279053,0.9073216319084167,0.8989858031272888,0.5696197152137756,0.5781491994857788,0.601123034954071,0.80441814661026,1.0258307456970215,3.13517165184021,3.030128240585327,2.6546709537506104,2.463710069656372,2.0983502864837646,1.9538898468017578,1.598238468170166,1.4853994846343994,1.1969904899597168,1.2590383291244507,1.0392026901245117,1.0992978811264038,1.061793565750122,1.1779993772506714,1.343120813369751,3.2115914821624756,3.145052194595337,2.775848150253296,2.633983612060547,2.2816996574401855,2.183865547180176,1.8654781579971313,1.8152920007705688,1.5698504447937012,1.683237075805664,1.535753846168518,1.6202855110168457,1.5561885833740234,1.6359279155731201,1.7713217735290527,3.3519527912139893,3.3188071250915527,2.9574594497680664,2.8680148124694824,2.5244743824005127,2.488337516784668,2.19732928276062,2.213773250579834,2.00655460357666,2.18884539604187,2.1030795574188232,2.242927312850952,2.1614134311676025,2.2975568771362305,2.3707566261291504
A13,2.842216968536377,2.6466431617736816,2.2898623943328857,2.0525238513946533,1.6829564571380615,1.4891527891159058,1.1055811643600464,0.9681138396263123,0.6740677356719971,0.7978887557983398,0.5265447497367859,0.3790234923362732,0.0,0.3826625943183899,0.5507622957229614,2.7713711261749268,2.6718177795410156,2.292004108428955,2.100065231323242,1.7301322221755981,1.5914123058319092,1.2279760837554932,1.1546849012374878,0.8865128755569458,1.0283174514770508,0.781777024269104,0.7789127826690674,0.5854026079177856,0.7022894620895386,0.8027309775352478,2.832005739212036,2.755690336227417,2.380340814590454,2.2262191772460938,1.8719326257705688,1.781370759010315,1.4571716785430908,1.4353508949279785,1.2231520414352417,1.3900645971298218,1.2239837646484375,1.2597248554229736,1.1036473512649536,1.1684445142745972,1.2301204204559326,2.9282875061035156,2.89200496673584,2.528676748275757,2.4258031845092773,2.092517137527466,2.046182155609131,1.767927885055542,1.793108344078064,1.6158863306045532,1.804240107536316,1.6936309337615967,1.7554370164871216,1.6097235679626465,1.6629307270050049,1.7155672311782837,3.096219778060913,3.0924630165100098,2.741824150085449,2.690511703491211,2.371610641479492,2.3820736408233643,2.1333887577056885,2.208841562271118,2.0614843368530273,2.2913119792938232,2.2453114986419678,2.366868495941162,2.229628801345825,2.3653244972229004,2.378438711166382
A14,2.799185037612915,2.63925838470459,2.2782304286956787,2.0902159214019775,1.7267323732376099,1.6042883396148682,1.2423410415649414,1.2123286724090576,0.9880115985870361,1.1708210706710815,0.9063110947608948,0.666466236114502,0.3826625943183899,0.0,0.3740062713623047,2.683802604675293,2.616413116455078,2.2345070838928223,2.0892951488494873,1.728319525718689,1.6569465398788452,1.3149443864822388,1.329671859741211,1.1169785261154175,1.3169916868209839,1.0552538633346558,0.9146738648414612,0.6373756527900696,0.5239717960357666,0.595051646232605,2.699697971343994,2.6563618183135986,2.2770557403564453,2.1663076877593994,1.8205811977386475,1.7916992902755737,1.485945224761963,1.5382410287857056,1.3656584024429321,1.5886014699935913,1.3896034955978394,1.3162556886672974,1.0883270502090454,1.0279817581176758,1.0427498817443848,2.755807876586914,2.7508535385131836,2.3838536739349365,2.3213562965393066,1.9970029592514038,2.0068531036376953,1.7464638948440552,1.8371901512145996,1.6929337978363037,1.932874083518982,1.78785240650177,1.7655531167984009,1.5620949268341064,1.5319029092788696,1.5352113246917725,2.8866589069366455,2.9145984649658203,2.561239242553711,2.5481817722320557,2.2408828735351562,2.3027350902557373,2.073096990585327,2.207716226577759,2.090820550918579,2.369130849838257,2.305368185043335,2.3668835163116455,2.1801185607910156,2.2666234970092773,2.23305606842041
A15,2.426389455795288,2.273130416870117,1.909536600112915,1.7372058629989624,1.3767253160476685,1.29505455493927,0.9596100449562073,1.0341737270355225,0.9094552993774414,1.202539324760437,1.0314947366714478,0.9106241464614868,0.5507622957229614,0.3740062713623047,0.0,2.3200979232788086,2.2615976333618164,1.8793365955352783,1.7522814273834229,1.3993407487869263,1.3705723285675049,1.0673340559005737,1.1760778427124023,1.0600073337554932,1.3489062786102295,1.1822274923324585,1.113495111465454,0.7632623910903931,0.6878624558448792,0.5280022621154785,2.3610308170318604,2.3280413150787354,1.9536834955215454,1.8641231060028076,1.5357229709625244,1.547420859336853,1.291022777557373,1.4186322689056396,1.3316389322280884,1.617595911026001,1.4989101886749268,1.4675089120864868,1.180389165878296,1.147945523262024,1.0430673360824585,2.4529428482055664,2.460324287414551,2.105071544647217,2.0655484199523926,1.7666932344436646,1.8105511665344238,1.6025323867797852,1.7466630935668945,1.6740349531173706,1.9569134712219238,1.8768736124038696,1.880940556526184,1.6312729120254517,1.6304957866668701,1.5575449466705322,2.6320509910583496,2.6705474853515625,2.3349545001983643,2.3427610397338867,2.0651602745056152,2.152209997177124,1.971897840499878,2.139415979385376,2.0816385746002197,2.3776662349700928,2.3716461658477783,2.446106195449829,2.230720043182373,2.349130630493164,2.27344012260437
B1,0.4728403091430664,0.5831696391105652,0.7036522626876831,1.0212478637695312,1.2704858779907227,1.6107914447784424,1.8829514980316162,2.261935234069824,2.5504109859466553,2.934180498123169,3.0420589447021484,3.089545249938965,2.7713711261749268,2.683802604675293,2.3200979232788086,0.0,0.36766716837882996,0.5591849088668823,0.9201402068138123,1.206419825553894,1.5455256700515747,1.8455514907836914,2.2198338508605957,2.5229477882385254,2.8966431617736816,3.027554750442505,3.070906400680542,2.7254645824432373,2.704434871673584,2.334871530532837,0.5178565979003906,0.6732646226882935,0.7843934893608093,1.0730212926864624,1.3239147663116455,1.6283842325210571,1.921857237815857,2.279646158218384,2.5824999809265137,2.9412717819213867,3.0989670753479004,3.1414945125579834,2.801889657974243,2.8235840797424316,2.476684808731079,1.0109238624572754,1.132352352142334,1.1866503953933716,1.4013841152191162,1.5867116451263428,1.8382015228271484,2.100536346435547,2.420492649078369,2.70702862739563,3.0472702980041504,3.215731382369995,3.2646565437316895,2.934427499771118,3.0078747272491455,2.7006468772888184,1.5568305253982544,1.6479551792144775,1.6617625951766968,1.8261181116104126,1.9474724531173706,2.153263807296753,2.3707072734832764,2.6409199237823486,2.904942512512207,3.190028429031372,3.4243977069854736,3.493098497390747,3.203183889389038,3.397116184234619,3.151439666748047
B2,0.6381803750991821,0.5048483610153198,0.6570180058479309,0.8564959168434143,1.1378117799758911,1.43297278881073,1.7316380739212036,2.0853071212768555,2.3965797424316406,2.7662129402160645,2.9069762229919434,2.962722063064575,2.6718177795410156,2.616413116455078,2.2615976333618164,0.36766716837882996,0.0,0.38259580731391907,0.6514865756034851,0.9946338534355164,1.298561692237854,1.6340781450271606,1.9881943464279175,2.3156325817108154,2.6757047176361084,2.8382272720336914,2.8997440338134766,2.576202392578125,2.592987537384033,2.233999729156494,0.5859789252281189,0.505251407623291,0.6077280640602112,0.8007634282112122,1.0843122005462646,1.3514137268066406,1.6767805814743042,2.0161824226379395,2.3404672145843506,2.6848630905151367,2.872415781021118,2.9381206035614014,2.6177682876586914,2.678121566772461,2.3437812328338623,1.0248154401779175,1.0172361135482788,1.04655122756958,1.1741021871566772,1.358736515045166,1.5653146505355835,1.8442381620407104,2.141284227371216,2.443335771560669,2.767568349838257,2.9640862941741943,3.0382838249206543,2.726475477218628,2.8381190299987793,2.5487680435180664,1.5496727228164673,1.5551373958587646,1.544900894165039,1.6382287740707397,1.7419184446334839,1.8997846841812134,2.1187827587127686,2.359222650527954,2.630009889602661,2.893129825592041,3.149336099624634,3.238213539123535,2.967702627182007,3.1898837089538574,2.965520143508911
B3,0.7858671545982361,0.6001731753349304,0.5016162991523743,0.6225587129592896,0.8154675960540771,1.1181833744049072,1.381932258605957,1.7459405660629272,2.041531801223755,2.418729543685913,2.5411314964294434,2.587954044342041,2.292004108428955,2.2345070838928223,1.8793365955352783,0.5591849088668823,0.38259580731391907,0.0,0.37944188714027405,0.651553750038147,0.9905873537063599,1.2938984632492065,1.6651183366775513,1.974714756011963,2.3456382751464844,2.486499071121216,2.5414011478424072,2.2096455097198486,2.2241907119750977,1.864708662033081,0.7244846820831299,0.6453702449798584,0.48884615302085876,0.630693256855011,0.8068927526473999,1.0901352167129517,1.3721858263015747,1.7244621515274048,2.026223659515381,2.3826723098754883,2.547001600265503,2.60746431350708,2.280139923095703,2.3372204303741455,2.0082828998565674,1.0926928520202637,1.0855586528778076,0.9757680892944336,1.072464108467102,1.1583898067474365,1.3640384674072266,1.5900382995605469,1.893092393875122,2.1655333042144775,2.5015034675598145,2.673527717590332,2.7442381381988525,2.428380012512207,2.534426689147949,2.257302761077881,1.5743138790130615,1.586869478225708,1.4847484827041626,1.564616322517395,1.5898816585540771,1.7485729455947876,1.9129037857055664,2.1586554050445557,2.3951876163482666,2.6752867698669434,2.905545473098755,2.997313976287842,2.7254204750061035,2.9436352252960205,2.7325403690338135
B4,1.0718129873275757,0.7786970734596252,0.6454028487205505,0.5120054483413696,0.6581831574440002,0.8627776503562927,1.142885446548462,1.4686180353164673,1.785101056098938,2.143409490585327,2.3003361225128174,2.362466335296631,2.100065231323242,2.0892951488494873,1.7522814273834229,0.9201402068138123,0.6514865756034851,0.37944188714027405,0.0,0.3720541000366211,0.6473603844642639,0.9909924864768982,1.3371866941452026,1.669693946838379,2.0253677368164062,2.1990885734558105,2.282810926437378,1.978614330291748,2.0457544326782227,1.70931077003479,1.0344668626785278,0.8398917317390442,0.6134477853775024,0.4976988732814789,0.5788477659225464,0.7714105248451233,1.0647119283676147,1.3891541957855225,1.7039393186569214,2.0445597171783447,2.238475799560547,2.334156036376953,2.032649517059326,2.1412289142608643,1.8412045240402222,1.3207584619522095,1.2165634632110596,1.0413384437561035,0.99954754114151,1.002605676651001,1.117448091506958,1.3174492120742798,1.5798155069351196,1.8488985300064087,2.1659128665924072,2.3633084297180176,2.471254825592041,2.1819114685058594,2.3348751068115234,2.0951085090637207,1.739690899848938,1.680956482887268,1.5263136625289917,1.5162473917007446,1.4733211994171143,1.5590075254440308,1.682176947593689,1.8812730312347412,2.0991151332855225,2.3552358150482178,2.59944486618042,2.72379994392395,2.4804906845092773,2.731720447540283,2.5588154792785645
B5,1.339909315109253,1.0667719841003418,0.8207001090049744,0.5888638496398926,0.49301451444625854,0.6132181286811829,0.8129661679267883,1.1387853622436523,1.4354817867279053,1.8002493381500244,1.9390637874603271,1.9910951852798462,1.7301322221755981,1.728319525718689,1.3993407487869263,1.206419825553894,0.9946338534355164,0.651553750038147,0.3720541000366211,0.0,0.36583325266838074,0.6431962847709656,1.014939785003662,1.3250420093536377,1.6943856477737427,1.8443299531936646,1.9246141910552979,1.6150647401809692,1.6927658319473267,1.3649237155914307,1.2945029735565186,1.130284309387207,0.8152083158493042,0.6431557536125183,0.475650817155838,0.6040310859680176,0.7871812582015991,1.1165283918380737,1.395004391670227,1.7483965158462524,1.9147789478302002,2.0098018646240234,1.7054669857025146,1.8209580183029175,1.539586067199707,1.5189955234527588,1.424332857131958,1.1632466316223145,1.082577109336853,0.9527130722999573,1.0277485847473145,1.1249849796295166,1.3744302988052368,1.5931751728057861,1.9184181690216064,2.0852973461151123,2.1940817832946777,1.9074496030807495,2.060359477996826,1.8480963706970215,1.8756991624832153,1.823503851890564,1.5979899168014526,1.5676056146621704,1.4362578392028809,1.5053002834320068,1.5464478731155396,1.7360923290252686,1.9003512859344482,2.1694114208221436,2.3792428970336914,2.509890556335449,2.2726359367370605,2.519890546798706,2.3712122440338135
B6,1.6417434215545654,1.3298856019973755,1.101837158203125,0.7791716456413269,0.6262261271476746,0.5076401233673096,0.6650360822677612,0.8918941617012024,1.2094075679779053,1.5392667055130005,1.7236508131027222,1.8007386922836304,1.5914123058319092,1.6569465398788452,1.3705723285675049,1.5455256700515747,1.298561692237854,0.9905873537063599,0.6473603844642639,0.36583325266838074,0.0,0.3830215036869049,0.6920594573020935,1.0352832078933716,1.3802142143249512,1.5760101079940796,1.7025818824768066,1.4392017126083374,1.5916000604629517,1.3161715269088745,1.6294939517974854,1.421303629875183,1.1177856922149658,0.8511343598365784,0.6051784157752991,0.4874829351902008,0.5766774415969849,0.8212397694587708,1.1004061698913574,1.4271620512008667,1.6322228908538818,1.7815066576004028,1.5213189125061035,1.7056894302368164,1.4810137748718262,1.8230584859848022,1.6785136461257935,1.4021847248077393,1.2316908836364746,1.0305471420288086,0.9731382727622986,0.9858817458152771,1.144943118095398,1.3313499689102173,1.6224277019500732,1.8175902366638184,1.9793349504470825,1.7367939949035645,1.9457587003707886,1.793500542640686,2.1368062496185303,2.038114309310913,1.7868572473526,1.6851279735565186,1.49375581741333,1.4760679006576538,1.4484081268310547,1.562784194946289,1.6811319589614868,1.912517786026001,2.130739450454712,2.305008888244629,2.110764980316162,2.391893148422241,2.295795202255249
B7,1.946233868598938,1.660415530204773,1.3847538232803345,1.07194983959198,0.8052636384963989,0.589396595954895,0.4901678264141083,0.6243168115615845,0.8835868239402771,1.2133084535598755,1.367651343345642,1.4217091798782349,1.2279760837554932,1.3149443864822388,1.0673340559005737,1.8455514907836914,1.6340781450271606,1.2938984632492065,0.9909924864768982,0.6431962847709656,0.3830215036869049,0.0,0.39229610562324524,0.6823052167892456,1.0542503595352173,1.2089512348175049,1.3294025659561157,1.0657552480697632,1.2468236684799194,1.0100551843643188,1.9052594900131226,1.7243599891662598,1.3837156295776367,1.131451964378357,0.8029628992080688,0.6400658488273621,0.4636301100254059,0.6325700879096985,0.8116379976272583,1.1538528203964233,1.3085473775863647,1.456155776977539,1.200192928314209,1.3997349739074707,1.2218153476715088,2.053365468978882,1.9253597259521484,1.6046314239501953,1.4292933940887451,1.1482890844345093,1.0605214834213257,0.9327928423881531,1.0427281856536865,1.1292017698287964,1.420456886291504,1.5612351894378662,1.7200249433517456,1.4900996685028076,1.6954514980316162,1.591286301612854,2.3115909099578857,2.225158214569092,1.9279255867004395,1.8197377920150757,1.5628098249435425,1.5329190492630005,1.413243055343628,1.5074572563171387,1.5457602739334106,1.78681480884552,1.9488264322280884,2.12436580657959,1.9427024126052856,2.209486484527588,2.14640212059021
B8,2.301208257675171,1.9956049919128418,1.734647274017334,1.3925222158432007,1.13271963596344,0.8323032259941101,0.6628534197807312,0.528005838394165,0.7283607125282288,0.9588823318481445,1.1683883666992188,1.2479817867279053,1.1546849012374878,1.329671859741211,1.1760778427124023,2.2198338508605957,1.9881943464279175,1.6651183366775513,1.3371866941452026,1.014939785003662,0.6920594573020935,0.39229610562324524,0.0,0.3690585196018219,0.6893918514251709,0.913524329662323,1.1083945035934448,0.9449794292449951,1.2262321710586548,1.1004958152770996,2.276578426361084,2.0709190368652344,1.740468144416809,1.4516935348510742,1.1225477457046509,0.863438606262207,0.589279294013977,0.4765898883342743,0.5304617285728455,0.8058525919914246,1.0032631158828735,1.2362244129180908,1.0698188543319702,1.353948712348938,1.277860403060913,2.405194044113159,2.2472314834594727,1.9237741231918335,1.7005099058151245,1.3919720649719238,1.213283896446228,0.9958882331848145,0.9538787007331848,0.9327629804611206,1.1472089290618896,1.3025296926498413,1.5311511754989624,1.3794647455215454,1.6419872045516968,1.626664161682129,2.6299917697906494,2.512225389480591,2.2017998695373535,2.0446717739105225,1.7495472431182861,1.6463749408721924,1.4533435106277466,1.4501758813858032,1.4029022455215454,1.5835696458816528,1.7307404279708862,1.9566516876220703,1.838812232017517,2.1305456161499023,2.136413097381592
B9,2.6019399166107178,2.3146653175354004,2.0269293785095215,1.6972508430480957,1.396570086479187,1.0931981801986694,0.8154329657554626,0.5502907037734985,0.5368509292602539,0.6795300841331482,0.8483825325965881,0.9073216319084167,0.8865128755569458,1.1169785261154175,1.0600073337554932,2.5229477882385254,2.3156325817108154,1.974714756011963,1.669693946838379,1.3250420093536377,1.0352832078933716,0.6823052167892456,0.3690585196018219,0.0,0.3919593095779419,0.5496246218681335,0.7853901386260986,0.6844740509986877,1.026345133781433,1.0071516036987305,2.5726535320281982,2.388876438140869,2.041173219680786,1.7713764905929565,1.4212095737457275,1.1826152801513672,0.8485121130943298,0.6674507260322571,0.47870704531669617,0.6678816676139832,0.7591702342033386,1.0125641822814941,0.9019919633865356,1.20164954662323,1.2180564403533936,2.679309368133545,2.538773536682129,2.195547342300415,1.9827479124069214,1.6468385457992554,1.472042441368103,1.1891179084777832,1.1004395484924316,0.9501981735229492,1.1108843088150024,1.176375389099121,1.4023219347000122,1.2966164350509644,1.5422700643539429,1.5967193841934204,2.870551586151123,2.7673299312591553,2.433947801589966,2.281967878341675,1.9565660953521729,1.8538826704025269,1.6035212278366089,1.5784626007080078,1.44701087474823,1.6137728691101074,1.6840555667877197,1.9076194763183594,1.8187657594680786,2.082087278366089,2.1293447017669678
B10,2.9608447551727295,2.660606861114502,2.384033441543579,2.0388360023498535,1.7496963739395142,1.4202741384506226,1.1541670560836792,0.8114637732505798,0.7028840780258179,0.6009604930877686,0.8103566765785217,0.8989858031272888,1.0283174514770508,1.3169916868209839,1.3489062786102295,2.8966431617736816,2.6757047176361084,2.3456382751464844,2.0253677368164062,1.6943856477737427,1.3802142143249512,1.0542503595352173,0.6893918514251709,0.3919593095779419,0.0,0.3856884241104126,0.7456015348434448,0.8373773694038391,1.2148040533065796,1.2969081401824951,2.948431968688965,2.748624086380005,2.4090566635131836,2.1196932792663574,1.7759549617767334,1.5023281574249268,1.168637990951538,0.8877992630004883,0.5985028147697449,0.5224220156669617,0.6095579862594604,0.9680303931236267,1.0093055963516235,1.3473217487335205,1.4574143886566162,3.0470547676086426,2.887582778930664,2.5467638969421387,2.3080294132232666,1.9669182300567627,1.7484958171844482,1.4387484788894653,1.2536888122558594,1.013454556465149,1.0328587293624878,1.0818970203399658,1.3720526695251465,1.3747084140777588,1.6497653722763062,1.7851842641830444,3.2196929454803467,3.095850944519043,2.758795738220215,2.5771079063415527,2.2365899085998535,2.0883049964904785,1.800310492515564,1.6980533599853516,1.4919121265411377,1.57525634765625,1.6094990968704224,1.8754501342773438,1.8635540008544922,2.1332204341888428,2.2470760345458984
B11,3.115480899810791,2.8443095684051514,2.5397510528564453,2.223945140838623,1.9015144109725952,1.607261300086975,1.28217613697052,0.976620078086853,0.7461757659912109,0.6268996000289917,0.6301832795143127,0.5696197152137756,0.781777024269104,1.0552538633346558,1.1822274923324585,3.027554750442505,2.8382272720336914,2.486499071121216,2.1990885734558105,1.8443299531936646,1.5760101079940796,1.2089512348175049,0.913524329662323,0.5496246218681335,0.3856884241104126,0.0,0.40889814496040344,0.5850926041603088,0.9496113061904907,1.12393057346344,3.0536019802093506,2.8847594261169434,2.524385690689087,2.266084671020508,1.9024509191513062,1.6728774309158325,1.3060294389724731,1.0775631666183472,0.7397820353507996,0.7061001658439636,0.54743492603302,0.7863615155220032,0.8416403532028198,1.125636100769043,1.2994555234909058,3.120764970779419,2.989802122116089,2.6291260719299316,2.4184327125549316,2.05908465385437,1.8791863918304443,1.5407291650772095,1.395257592201233,1.1145927906036377,1.1633974313735962,1.078089952468872,1.2764232158660889,1.2750136852264404,1.481207013130188,1.6496716737747192,3.2566912174224854,3.1606132984161377,2.8040719032287598,2.6482090950012207,2.2918968200683594,2.1791903972625732,1.8671507835388184,1.8033925294876099,1.5691008567810059,1.6949108839035034,1.6469718217849731,1.8547379970550537,1.8249167203903198,2.035804510116577,2.152784585952759
B12,3.2111823558807373,2.963700294494629,2.652559280395508,2.3700637817382812,2.0427470207214355,1.7979590892791748,1.4642988443374634,1.2406282424926758,1.0171719789505005,0.982255220413208,0.857144832611084,0.5781491994857788,0.7789127826690674,0.9146738648414612,1.113495111465454,3.070906400680542,2.8997440338134766,2.5414011478424072,2.282810926437378,1.9246141910552979,1.7025818824768066,1.3294025659561157,1.1083945035934448,0.7853901386260986,0.7456015348434448,0.40889814496040344,0.0,0.3843519389629364,0.6614267826080322,0.9304982423782349,3.038072347640991,2.8862853050231934,2.5153443813323975,2.2793474197387695,1.9081814289093018,1.7162667512893677,1.335232138633728,1.1569396257400513,0.8223496079444885,0.8543325662612915,0.5386040210723877,0.5215348601341248,0.5626692771911621,0.7754998207092285,1.0205062627792358,3.047125816345215,2.929239273071289,2.5552024841308594,2.360944986343384,1.9898641109466553,1.8405354022979736,1.4820266962051392,1.3760019540786743,1.0816022157669067,1.1798443794250488,0.9780225157737732,1.0435326099395752,1.0150022506713867,1.1462559700012207,1.3439972400665283,3.1221659183502197,3.039297580718994,2.667351245880127,2.525480270385742,2.1567587852478027,2.0718181133270264,1.7409883737564087,1.717237949371338,1.4723848104476929,1.6528844833374023,1.5369234085083008,1.66560697555542,1.6001766920089722,1.7505888938903809,1.8602278232574463
B13,2.873243808746338,2.6457881927490234,2.3242759704589844,2.067371129989624,1.7329195737838745,1.52938973903656,1.1922014951705933,1.0554970502853394,0.8746166825294495,0.9911715984344482,0.8614431023597717,0.601123034954071,0.5854026079177856,0.6373756527900696,0.7632623910903931,2.7254645824432373,2.576202392578125,2.2096455097198486,1.978614330291748,1.6150647401809692,1.4392017126083374,1.0657552480697632,0.9449794292449951,0.6844740509986877,0.8373773694038391,0.5850926041603088,0.3843519389629364,0.0,0.378165602684021,0.5624050498008728,2.6960361003875732,2.5682644844055176,2.1910006999969482,1.9857124090194702,1.6142622232437134,1.4738420248031616,1.1062732934951782,1.035061240196228,0.7876182794570923,0.9822487831115723,0.7673307061195374,0.7193982005119324,0.519025981426239,0.6556512117385864,0.7737224102020264,2.7164392471313477,2.6251003742218018,2.2492482662200928,2.0900583267211914,1.7271960973739624,1.6321440935134888,1.3050488233566284,1.2969683408737183,1.0901048183441162,1.3010882139205933,1.1566447019577026,1.184558391571045,1.0259357690811157,1.1156326532363892,1.2035678625106812,2.813667058944702,2.758437156677246,2.3901000022888184,2.2856998443603516,1.934263825416565,1.9027637243270874,1.6135889291763306,1.668764352798462,1.5010870695114136,1.7494761943817139,1.6866670846939087,1.787960171699524,1.6445709466934204,1.7926526069641113,1.822920560836792
