,A1,A2,A3,A4,A5,A6,A7,A8,A9,A10,A11,A12,A13,A14,A15,B1,B2,B3,B4,B5,B6,B7,B8,B9,B10,B11,B12,B13,B14,B15,C1,C2,C3,C4,C5,C6,C7,C8,C9,C10,C11,C12,C13,C14,C15,D1,D2,D3,D4,D5,D6,D7,D8,D9,D10,D11,D12,D13,D14,D15,E1,E2,E3,E4,E5,E6,E7,E8,E9,E10,E11,E12,E13,E14,E15
A1,0.0,0.3837767243385315,0.5785537362098694,0.9418922662734985,1.1995488405227661,1.5552324056625366,1.7465766668319702,2.125007152557373,2.2887651920318604,2.672102212905884,2.6872682571411133,3.0271854400634766,2.9058425426483154,3.1961002349853516,2.9966237545013428,0.6580360531806946,0.7408725023269653,0.9046040177345276,1.1375054121017456,1.4085123538970947,1.6948378086090088,1.9270051717758179,2.2937541007995605,2.470148801803589,2.8466973304748535,2.9199066162109375,3.2645769119262695,3.241257429122925,3.5710740089416504,3.457899570465088,1.4363300800323486,1.4562188386917114,1.4483526945114136,1.5954712629318237,1.744162678718567,1.9782695770263672,2.1740522384643555,2.5184526443481445,2.682190179824829,3.051051616668701,3.151171922683716,3.4901325702667236,3.5006933212280273,3.8195714950561523,3.744128942489624,2.0879671573638916,2.0976295471191406,2.0221235752105713,2.1130571365356445,2.178995370864868,2.3762857913970947,2.5202274322509766,2.829751968383789,2.9820337295532227,3.34206223487854,3.481813430786133,3.817234516143799,3.899233818054199,4.2605204582214355,4.2455949783325195,3.006436824798584,2.961510181427002,2.780665874481201,2.8606674671173096,2.8059139251708984,2.9743876457214355,3.0023345947265625,3.2640836238861084,3.356574058532715,3.650127649307251,3.8552803993225098,4.091641902923584,4.326437950134277,4.628774642944336,4.9025750160217285
A2,0.3837767243385315,0.0,0.38296541571617126,0.6394633054733276,0.9641729593276978,1.2868170738220215,1.5202034711837769,1.8856313228607178,2.0936105251312256,2.4736852645874023,2.5312461853027344,2.8834564685821533,2.7981786727905273,3.118995428085327,2.955565929412842,0.7479549646377563,0.6685850620269775,0.7123896479606628,0.8367201685905457,1.1164071559906006,1.368462324142456,1.6396124362945557,1.999868392944336,2.2130093574523926,2.590707302093506,2.7000205516815186,3.0587899684906006,3.065173387527466,3.415069818496704,3.3269858360290527,1.4138734340667725,1.3611986637115479,1.2756282091140747,1.3421868085861206,1.460866093635559,1.654794692993164,1.8703798055648804,2.2051548957824707,2.394400119781494,2.7613182067871094,2.8939597606658936,3.2454097270965576,3.2848198413848877,3.6241300106048584,3.5743532180786133,2.027770757675171,1.9886935949325562,1.8558083772659302,1.8861327171325684,1.9153547286987305,2.072995185852051,2.220433235168457,2.512784957885742,2.679971694946289,3.0328056812286377,3.1992621421813965,3.540074586868286,3.647087574005127,4.01950740814209,4.027839660644531,2.9069080352783203,2.828284978866577,2.611799955368042,2.649047613143921,2.5620217323303223,2.6967391967773438,2.7151551246643066,2.9538722038269043,3.046257495880127,3.323362350463867,3.542645215988159,3.7697014808654785,4.02052116394043,4.316946506500244,4.603969097137451
A3,0.5785537362098694,0.38296541571617126,0.0,0.38968968391418457,0.624579131603241,0.9768325686454773,1.1822386980056763,1.5564351081848145,1.7440286874771118,2.124612331390381,2.1748440265655518,2.5293848514556885,2.449984073638916,2.7739181518554688,2.623842477798462,0.7443177700042725,0.7614482045173645,0.6323932409286499,0.7723450064659119,0.9315837621688843,1.1838029623031616,1.3985706567764282,1.7509456872940063,1.9276468753814697,2.2977466583251953,2.3968122005462646,2.749826192855835,2.7624728679656982,3.111780881881714,3.040478229522705,1.4265844821929932,1.4355779886245728,1.2728430032730103,1.3531259298324585,1.3816384077072144,1.568143606185913,1.7126452922821045,2.0287230014801025,2.172013759613037,2.5271661281585693,2.6427876949310303,2.9806935787200928,3.022294044494629,3.3558132648468018,3.320096254348755,2.048827648162842,2.055617332458496,1.8764147758483887,1.9222207069396973,1.8898217678070068,2.044367790222168,2.1268117427825928,2.3987839221954346,2.5186097621917725,2.859565019607544,3.006157875061035,3.329777479171753,3.4356157779693604,3.8072266578674316,3.826761245727539,2.93410587310791,2.8873045444488525,2.642078399658203,2.6953775882720947,2.5680997371673584,2.7059340476989746,2.6709823608398438,2.8972651958465576,2.943664073944092,3.2177228927612305,3.405674934387207,3.6165201663970947,3.8530569076538086,4.137506484985352,4.4178924560546875
A4,0.9418922662734985,0.6394633054733276,0.38968968391418457,0.0,0.3779430687427521,0.6503258347511292,0.9200394153594971,1.268393635749817,1.5108839273452759,1.8799641132354736,1.9843119382858276,2.349708318710327,2.3191726207733154,2.6738572120666504,2.572622060775757,1.0307213068008423,0.952305793762207,0.6836591362953186,0.6272810697555542,0.6792812943458557,0.847822368144989,1.0917706489562988,1.4240273237228394,1.636101484298706,2.000659227371216,2.1444759368896484,2.509855031967163,2.562854766845703,2.9321231842041016,2.897693395614624,1.5499377250671387,1.5080633163452148,1.2579069137573242,1.240152359008789,1.181050419807434,1.2935267686843872,1.424894094467163,1.7114909887313843,1.8672131299972534,2.2114412784576416,2.3630051612854004,2.7088918685913086,2.7877001762390137,3.1409244537353516,3.1412296295166016,2.1037094593048096,2.0754799842834473,1.8325129747390747,1.814355492591858,1.7154569625854492,1.812273621559143,1.8683481216430664,2.1033334732055664,2.2206871509552,2.5442922115325928,2.716625928878784,3.0381948947906494,3.1741788387298584,3.5568158626556396,3.607699394226074,2.9260094165802,2.855273723602295,2.5710573196411133,2.5822932720184326,2.408639907836914,2.5052177906036377,2.4395132064819336,2.6291847229003906,2.6566193103790283,2.9063773155212402,3.098834276199341,3.290454626083374,3.540877342224121,3.8125226497650146,4.10609769821167
A5,1.1995488405227661,0.9641729593276978,0.624579131603241,0.3779430687427521,0.0,0.3801337480545044,0.5668085813522339,0.9343546032905579,1.1473331451416016,1.520700216293335,1.61392343044281,1.9809117317199707,1.9570637941360474,2.315810441970825,2.232903003692627,1.1526684761047363,1.1418761014938354,0.8046209216117859,0.7714974880218506,0.6320077180862427,0.7695000767707825,0.8867247104644775,1.1966588497161865,1.3487883806228638,1.7031381130218506,1.827195644378662,2.1840035915374756,2.240245819091797,2.606606960296631,2.5888333320617676,1.6075748205184937,1.623838186264038,1.3295501470565796,1.335401177406311,1.1880786418914795,1.2900944948196411,1.316243290901184,1.5690845251083374,1.6572295427322388,1.9834768772125244,2.105571985244751,2.432265520095825,2.507948160171509,2.8510637283325195,2.8636693954467773,2.135178327560425,2.153872013092041,1.8816641569137573,1.8876371383666992,1.7357720136642456,1.8335789442062378,1.8124172687530518,2.0207905769348145,2.0764384269714355,2.383291721343994,2.5233359336853027,2.822233200073242,2.9499902725219727,3.3270020484924316,3.385286331176758,2.9393935203552246,2.904425621032715,2.6019134521484375,2.6350760459899902,2.4300594329833984,2.5346519947052,2.4155795574188232,2.5936191082000732,2.57035493850708,2.818376064300537,2.9694056510925293,3.145765781402588,3.373148202896118,3.633282423019409,3.9137613773345947
A6,1.5552324056625366,1.2868170738220215,0.9768325686454773,0.6503258347511292,0.3801337480545044,0.0,0.38109737634658813,0.6542961001396179,0.9435941576957703,1.2817851305007935,1.4510807991027832,1.8238577842712402,1.8687858581542969,2.2522354125976562,2.2330493927001953,1.5200484991073608,1.4744850397109985,1.1110689640045166,0.9734068512916565,0.7193236351013184,0.66415935754776,0.7268418073654175,0.9476569890975952,1.1149444580078125,1.4392945766448975,1.6218833923339844,1.982620120048523,2.0956711769104004,2.4769389629364014,2.5120084285736084,1.8888585567474365,1.8773502111434937,1.5401347875595093,1.4722434282302856,1.2404299974441528,1.2385166883468628,1.2033549547195435,1.3772189617156982,1.4459935426712036,1.7347452640533447,1.8946000337600708,2.2158873081207275,2.340118408203125,2.697075843811035,2.758704423904419,2.3502941131591797,2.348069190979004,2.033585786819458,1.9877257347106934,1.771443486213684,1.8003630638122559,1.7278048992156982,1.868964433670044,1.8960460424423218,2.163205623626709,2.3243515491485596,2.605787992477417,2.7690389156341553,3.1532998085021973,3.251944065093994,3.083143711090088,3.0341546535491943,2.7024803161621094,2.6996448040008545,2.450429916381836,2.509927988052368,2.3488850593566895,2.4749562740325928,2.4137680530548096,2.6234304904937744,2.7651140689849854,2.906531810760498,3.143207550048828,3.378628969192505,3.6710293292999268
A7,1.7465766668319702,1.5202034711837769,1.1822386980056763,0.9200394153594971,0.5668085813522339,0.38109737634658813,0.0,0.3814665675163269,0.5937121510505676,0.9604480862617493,1.088193416595459,1.4586430788040161,1.4905788898468018,1.875180721282959,1.863803744316101,1.5793486833572388,1.572802186012268,1.1925170421600342,1.104547142982483,0.7776783108711243,0.7492225766181946,0.6113541126251221,0.7933846116065979,0.8461107611656189,1.1698395013809204,1.295293927192688,1.6463592052459717,1.7386808395385742,2.112889528274536,2.1464545726776123,1.8482786417007446,1.8880836963653564,1.5382113456726074,1.513507604598999,1.2415980100631714,1.2666560411453247,1.1275601387023926,1.2759562730789185,1.2565604448318481,1.532869815826416,1.6307753324508667,1.9302881956100464,2.0269532203674316,2.3670623302459717,2.4222252368927,2.2645065784454346,2.309614419937134,1.9872312545776367,1.9819296598434448,1.742230772972107,1.7983309030532837,1.660297155380249,1.7936055660247803,1.7556225061416626,2.0157034397125244,2.1208126544952393,2.3813390731811523,2.514479398727417,2.885829448699951,2.9732089042663574,2.9679744243621826,2.9595165252685547,2.6243321895599365,2.656179904937744,2.395766496658325,2.4812519550323486,2.2820138931274414,2.4159982204437256,2.3149523735046387,2.5398192405700684,2.632767915725708,2.7760143280029297,2.9755144119262695,3.2118277549743652,3.478748321533203
A8,2.125007152557373,1.8856313228607178,1.5564351081848145,1.268393635749817,0.9343546032905579,0.6542961001396179,0.3814665675163269,0.0,0.3609805405139923,0.645118772983551,0.8688748478889465,1.2274887561798096,1.3432629108428955,1.7422566413879395,1.8076200485229492,1.9458969831466675,1.9244768619537354,1.536088228225708,1.406125783920288,1.0420790910720825,0.902603030204773,0.6556828618049622,0.6298524141311646,0.592729389667511,0.8445588946342468,1.0180221796035767,1.3609567880630493,1.5152486562728882,1.8959439992904663,1.9901214838027954,2.1373391151428223,2.167686700820923,1.7981523275375366,1.734237551689148,1.4097172021865845,1.3583348989486694,1.1333911418914795,1.164420247077942,1.066961407661438,1.2702703475952148,1.3762397766113281,1.6496936082839966,1.7901175022125244,2.132619857788086,2.2400500774383545,2.481703042984009,2.522190570831299,2.1743884086608887,2.1404356956481934,1.8515254259109497,1.8552803993225098,1.6508429050445557,1.7052648067474365,1.6047468185424805,1.8063727617263794,1.9029675722122192,2.1275386810302734,2.283874273300171,2.652437686920166,2.77734375,3.1015708446502686,3.094433069229126,2.740372657775879,2.752373695373535,2.4564743041992188,2.509000539779663,2.261932611465454,2.3451623916625977,2.1907825469970703,2.3776369094848633,2.435171365737915,2.539743185043335,2.7283945083618164,2.9366326332092285,3.202146291732788
A9,2.2887651920318604,2.0936105251312256,1.7440286874771118,1.5108839273452759,1.1473331451416016,0.9435941576957703,0.5937121510505676,0.3609805405139923,0.0,0.38507384061813354,0.5164660215377808,0.8851291537284851,0.9906119704246521,1.3876612186431885,1.468457818031311,2.0435898303985596,2.0707311630249023,1.694931983947754,1.625897765159607,1.265684962272644,1.1892578601837158,0.8865290880203247,0.8378587961196899,0.6311030387878418,0.7990904450416565,0.8460376858711243,1.1446200609207153,1.2663147449493408,1.6246118545532227,1.7211929559707642,2.196908712387085,2.2806248664855957,1.9265133142471313,1.9165784120559692,1.598941445350647,1.591662049293518,1.3223657608032227,1.3394922018051147,1.1555267572402954,1.3142316341400146,1.3214459419250488,1.5388004779815674,1.6338478326797485,1.937123417854309,2.0346219539642334,2.5185179710388184,2.6090211868286133,2.275798797607422,2.2902724742889404,2.0075173377990723,2.0473477840423584,1.8089641332626343,1.8636889457702637,1.7065930366516113,1.889573097229004,1.9142181873321533,2.10046648979187,2.2127349376678467,2.5550057888031006,2.6624276638031006,3.1234471797943115,3.1601741313934326,2.816789150238037,2.8690595626831055,2.579477071762085,2.662539005279541,2.3960883617401123,2.491884708404541,2.308765411376953,2.5069143772125244,2.5131914615631104,2.615377187728882,2.75791072845459,2.9599409103393555,3.19153094291687
A10,2.672102212905884,2.4736852645874023,2.124612331390381,1.8799641132354736,1.520700216293335,1.2817851305007935,0.9604480862617493,0.645118772983551,0.38507384061813354,0.0,0.3699658215045929,0.6515385508537292,0.8889390230178833,1.2670228481292725,1.4461101293563843,2.4225504398345947,2.447516679763794,2.0698912143707275,1.9838922023773193,1.6122292280197144,1.491186499595642,1.1640664339065552,0.9980013370513916,0.7090758681297302,0.668364405632019,0.6941894292831421,0.9092919826507568,1.1018160581588745,1.4358140230178833,1.6095720529556274,2.5334291458129883,2.617090940475464,2.257981538772583,2.230497121810913,1.8913419246673584,1.8430125713348389,1.5309221744537354,1.4575490951538086,1.2018256187438965,1.2440005540847778,1.216623306274414,1.354567289352417,1.4812105894088745,1.7556757926940918,1.9103440046310425,2.802643060684204,2.89664888381958,2.5542352199554443,2.5558316707611084,2.2476718425750732,2.2546041011810303,1.971726417541504,1.9599170684814453,1.742299199104309,1.8500734567642212,1.840618371963501,1.9632962942123413,2.082101821899414,2.401655435562134,2.542739152908325,3.335298776626587,3.3812642097473145,3.0309395790100098,3.0745019912719727,2.7645373344421387,2.8253114223480225,2.5235588550567627,2.5758776664733887,2.3443374633789062,2.5021378993988037,2.459078550338745,2.5163004398345947,2.6291451454162598,2.7928524017333984,3.0078086853027344
A11,2.6872682571411133,2.5312461853027344,2.1748440265655518,1.9843119382858276,1.61392343044281,1.4510807991027832,1.088193416595459,0.8688748478889465,0.5164660215377808,0.3699658215045929,0.0,0.3750859498977661,0.5287855863571167,0.9135047793388367,1.0774141550064087,2.37393856048584,2.439690351486206,2.084204912185669,2.057882070541382,1.7043358087539673,1.6552207469940186,1.3140276670455933,1.2120029926300049,0.8899412751197815,0.8771713376045227,0.7288547158241272,0.8708458542823792,0.9468678832054138,1.2393474578857422,1.3687167167663574,2.4495396614074707,2.582019329071045,2.249211549758911,2.279902935028076,1.9667123556137085,1.9797979593276978,1.6641265153884888,1.6350678205490112,1.3607511520385742,1.4231605529785156,1.3016202449798584,1.4005788564682007,1.4343147277832031,1.656195044517517,1.7572312355041504,2.7061820030212402,2.847541332244873,2.5318524837493896,2.5877792835235596,2.306077480316162,2.365809679031372,2.082859992980957,2.111233711242676,1.8814142942428589,2.0114784240722656,1.940689206123352,2.0519795417785645,2.1054399013519287,2.3952512741088867,2.4886913299560547,3.243108034133911,3.331197738647461,3.001836061477661,3.0919253826141357,2.8053536415100098,2.909665584564209,2.6139307022094727,2.7046337127685547,2.4776999950408936,2.6701321601867676,2.601912260055542,2.6856331825256348,2.7600295543670654,2.93943452835083,3.118943214416504
A12,3.0271854400634766,2.8834564685821533,2.5293848514556885,2.349708318710327,1.9809117317199707,1.8238577842712402,1.4586430788040161,1.2274887561798096,0.8851291537284851,0.6515385508537292,0.3750859498977661,0.0,0.3675270080566406,0.6587148308753967,0.933232307434082,2.6773793697357178,2.7517201900482178,2.4063587188720703,2.3890464305877686,2.0365264415740967,1.9873299598693848,1.629205584526062,1.4917073249816895,1.1380075216293335,1.0238018035888672,0.7789813280105591,0.7442066669464111,0.7786794304847717,0.9786065220832825,1.1540613174438477,2.690062999725342,2.8396010398864746,2.5183613300323486,2.5595929622650146,2.246248722076416,2.2582836151123047,1.9185250997543335,1.8528785705566406,1.5363938808441162,1.5274388790130615,1.330254077911377,1.3273643255233765,1.3169374465942383,1.4590165615081787,1.5722852945327759,2.8879995346069336,3.0511956214904785,2.7450106143951416,2.815392255783081,2.5314230918884277,2.5920634269714355,2.2822651863098145,2.2837085723876953,2.011096954345703,2.094775676727295,1.9619050025939941,2.0109312534332275,2.0228054523468018,2.2642316818237305,2.3519835472106934,3.3539986610412598,3.4699413776397705,3.149955987930298,3.255690097808838,2.969334125518799,3.0781590938568115,2.7633731365203857,2.8411669731140137,2.58516263961792,2.764343500137329,2.644244432449341,2.7095720767974854,2.733551502227783,2.8909478187561035,3.029651165008545
A13,2.9058425426483154,2.7981786727905273,2.449984073638916,2.3191726207733154,1.9570637941360474,1.8687858581542969,1.4905788898468018,1.3432629108428955,0.9906119704246521,0.8889390230178833,0.5287855863571167,0.3675270080566406,0.0,0.40054208040237427,0.5814810395240784,2.5047059059143066,2.608555793762207,2.292067527770996,2.3260951042175293,2.0027778148651123,2.0184690952301025,1.6694484949111938,1.6047389507293701,1.2659132480621338,1.238019347190857,0.9441807866096497,0.9320136904716492,0.8162437677383423,0.9704960584640503,1.0233566761016846,2.4863691329956055,2.6743342876434326,2.3847873210906982,2.4777278900146484,2.1999094486236572,2.2704074382781982,1.949497103691101,1.9445860385894775,1.6485588550567627,1.6999757289886475,1.4689178466796875,1.4880123138427734,1.3925275802612305,1.5048593282699585,1.526155710220337,2.6802895069122314,2.8811469078063965,2.6064770221710205,2.7254512310028076,2.4771625995635986,2.589451313018799,2.3007941246032715,2.3565328121185303,2.1040072441101074,2.2352523803710938,2.0792059898376465,2.154045581817627,2.114987850189209,2.3429176807403564,2.3706610202789307,3.167127847671509,3.315048933029175,3.0194449424743652,3.1664938926696777,2.911034107208252,3.062307119369507,2.7702317237854004,2.8946046829223633,2.665802001953125,2.8869738578796387,2.773557186126709,2.8802690505981445,2.8931031227111816,3.082261085510254,3.2046144008636475
A14,3.1961002349853516,3.118995428085327,2.7739181518554688,2.6738572120666504,2.315810441970825,2.2522354125976562,1.875180721282959,1.7422566413879395,1.3876612186431885,1.2670228481292725,0.9135047793388367,0.6587148308753967,0.40054208040237427,0.0,0.3843547999858856,2.7650067806243896,2.895214080810547,2.604215621948242,2.668417453765869,2.362083673477173,2.3995461463928223,2.0517690181732178,1.9907761812210083,1.647226333618164,1.5907328128814697,1.2653863430023193,1.157922625541687,0.9713860154151917,0.9613114595413208,0.9733187556266785,2.710883855819702,2.9300057888031006,2.6697657108306885,2.7927610874176025,2.534599542617798,2.6251814365386963,2.303673505783081,2.297898054122925,1.9910708665847778,2.016165256500244,1.741222858428955,1.6946152448654175,1.5393309593200684,1.549996256828308,1.5302661657333374,2.8673746585845947,3.102463483810425,2.856677770614624,3.0071847438812256,2.7777819633483887,2.9097461700439453,2.6178529262542725,2.674927234649658,2.4071359634399414,2.519948720932007,2.318331241607666,2.352065086364746,2.261457681655884,2.4317219257354736,2.4248206615448,3.309882879257202,3.4959659576416016,3.2254183292388916,3.4028637409210205,3.1659798622131348,3.336912155151367,3.045416831970215,3.1771113872528076,2.941340208053589,3.164000988006592,3.017411947250366,3.1213483810424805,3.0915298461914062,3.269226312637329,3.3495066165924072
A15,2.9966237545013428,2.955565929412842,2.623842477798462,2.572622060775757,2.232903003692627,2.2330493927001953,1.863803744316101,1.8076200485229492,1.468457818031311,1.4461101293563843,1.0774141550064087,0.933232307434082,0.5814810395240784,0.3843547999858856,0.0,2.531559467315674,2.6897389888763428,2.4345755577087402,2.5471131801605225,2.2792563438415527,2.374699115753174,2.052645444869995,2.0607070922851562,1.7487155199050903,1.7712401151657104,1.4482958316802979,1.4071766138076782,1.171250820159912,1.1817039251327515,1.070277214050293,2.4661145210266113,2.7187881469726562,2.495553731918335,2.665706157684326,2.4497063159942627,2.5922553539276123,2.3036255836486816,2.3585448265075684,2.087301015853882,2.175352096557617,1.9053846597671509,1.9089628458023071,1.7184908390045166,1.743023157119751,1.645914077758789,2.635801315307617,2.9016664028167725,2.6914539337158203,2.884284734725952,2.695773124694824,2.873108148574829,2.6149685382843018,2.725900411605835,2.4929683208465576,2.656219005584717,2.4608452320098877,2.536285638809204,2.4245829582214355,2.601853609085083,2.5480268001556396,3.121002197265625,3.329181432723999,3.084596872329712,3.2960269451141357,3.093026876449585,3.300126791000366,3.0403573513031006,3.215885639190674,3.016324520111084,3.2759029865264893,3.1544365882873535,3.297123670578003,3.27769136428833,3.487978219985962,3.5715532302856445
B1,0.6580360531806946,0.7479549646377563,0.7443177700042725,1.0307213068008423,1.1526684761047363,1.5200484991073608,1.5793486833572388,1.9458969831466675,2.0435898303985596,2.4225504398345947,2.37393856048584,2.6773793697357178,2.5047059059143066,2.7650067806243896,2.531559467315674,0.0,0.37671953439712524,0.5722842812538147,0.9402952790260315,1.1751651763916016,1.531034231185913,1.6764051914215088,2.0527031421661377,2.17667555809021,2.554044723510742,2.557215690612793,2.8781025409698486,2.7964389324188232,3.0974502563476562,2.9377286434173584,0.8353191614151001,0.9677687883377075,0.9805566668510437,1.250440001487732,1.4111653566360474,1.724746584892273,1.8697549104690552,2.2342796325683594,2.360401153564453,2.7369384765625,2.772904872894287,3.0955984592437744,3.0498008728027344,3.3401448726654053,3.219597816467285,1.5081737041473389,1.5948940515518188,1.5333704948425293,1.7150143384933472,1.7963979244232178,2.065268039703369,2.176252603530884,2.517543077468872,2.638841390609741,3.0147182941436768,3.0960919857025146,3.4255893230438232,3.455827236175537,3.793184518814087,3.736504554748535,2.45061993598938,2.4613122940063477,2.2886812686920166,2.433717966079712,2.3918614387512207,2.6182854175567627,2.6306381225585938,2.9321448802948,3.012803316116333,3.344241142272949,3.51084303855896,3.77510142326355,3.9683163166046143,4.290162086486816,4.5294928550720215
B2,0.7408725023269653,0.6685850620269775,0.7614482045173645,0.952305793762207,1.1418761014938354,1.4744850397109985,1.572802186012268,1.9244768619537354,2.0707311630249023,2.447516679763794,2.439690351486206,2.7517201900482178,2.608555793762207,2.895214080810547,2.6897389888763428,0.37671953439712524,0.0,0.3939226567745209,0.6883693337440491,1.0042405128479004,1.3468385934829712,1.5471043586730957,1.9264397621154785,2.1016461849212646,2.4867658615112305,2.5238583087921143,2.8607277870178223,2.799057722091675,3.118088960647583,2.9689083099365234,0.7488640546798706,0.7277418971061707,0.7248052954673767,0.9398146867752075,1.153275489807129,1.4593883752822876,1.662705898284912,2.0375945568084717,2.2129318714141846,2.5984280109405518,2.668400764465332,3.0113282203674316,2.985902786254883,3.297856569290161,3.18878173828125,1.370857834815979,1.3710651397705078,1.2858799695968628,1.4137928485870361,1.5133929252624512,1.767350673675537,1.923335075378418,2.272037982940674,2.4352946281433105,2.817059278488159,2.9287638664245605,3.2755236625671387,3.323960542678833,3.670668840408325,3.623764991760254,2.2759928703308105,2.2337238788604736,2.0462114810943604,2.1487035751342773,2.1079580783843994,2.3136844635009766,2.3533401489257812,2.652061939239502,2.7632408142089844,3.0897512435913086,3.2850983142852783,3.5569345951080322,3.768981456756592,4.096997261047363,4.348826885223389
B3,0.9046040177345276,0.7123896479606628,0.6323932409286499,0.6836591362953186,0.8046209216117859,1.1110689640045166,1.1925170421600342,1.536088228225708,1.694931983947754,2.0698912143707275,2.084204912185669,2.4063587188720703,2.292067527770996,2.604215621948242,2.4345755577087402,0.5722842812538147,0.3939226567745209,0.0,0.37782588601112366,0.6240119934082031,0.9771900177001953,1.1604455709457397,1.5407817363739014,1.7166699171066284,2.102651357650757,2.1563730239868164,2.502450704574585,2.4663686752319336,2.802922010421753,2.6852121353149414,0.8679247498512268,0.8477293252944946,0.6444610357284546,0.7886962890625,0.8791359663009644,1.1648989915847778,1.3264151811599731,1.6913048028945923,1.8517330884933472,2.233710765838623,2.3140859603881836,2.6598470211029053,2.657308578491211,2.9833059310913086,2.904797315597534,1.4383809566497803,1.4407093524932861,1.2499393224716187,1.332871913909912,1.332851529121399,1.554449200630188,1.6553337574005127,1.980240821838379,2.1170315742492676,2.4896011352539062,2.6062591075897217,2.9469027519226074,3.0140795707702637,3.3720834255218506,3.3526763916015625,2.30484938621521,2.2633659839630127,2.0181238651275635,2.0967776775360107,1.9882723093032837,2.16831636428833,2.1508378982543945,2.422722339630127,2.494611978530884,2.80920672416687,2.991015911102295,3.2444005012512207,3.4586775302886963,3.7743825912475586,4.032580375671387
B4,1.1375054121017456,0.8367201685905457,0.7723450064659119,0.6272810697555542,0.7714974880218506,0.9734068512916565,1.104547142982483,1.406125783920288,1.625897765159607,1.9838922023773193,2.057882070541382,2.3890464305877686,2.3260951042175293,2.668417453765869,2.5471131801605225,0.9402952790260315,0.6883693337440491,0.37782588601112366,0.0,0.385037899017334,0.6763789653778076,0.9399642944335938,1.3077889680862427,1.5465589761734009,1.9299803972244263,2.0386557579040527,2.4007370471954346,2.4081411361694336,2.767216682434082,2.68557071685791,1.1006393432617188,0.971996009349823,0.6756294965744019,0.6139713525772095,0.6290528774261475,0.8436129093170166,1.0560243129730225,1.4131711721420288,1.6228272914886475,2.0034525394439697,2.1354992389678955,2.4991281032562256,2.5391814708709717,2.8916425704956055,2.8493309020996094,1.5535448789596558,1.4794098138809204,1.2184045314788818,1.1896902322769165,1.1254469156265259,1.2767373323440552,1.389666199684143,1.6923729181289673,1.8593889474868774,2.2244536876678467,2.384241819381714,2.7346572875976562,2.83876633644104,3.212045669555664,3.2247796058654785,2.325929641723633,2.2348825931549072,1.9498810768127441,1.9608876705169678,1.8081337213516235,1.9340193271636963,1.9061737060546875,2.144817590713501,2.221283435821533,2.513651132583618,2.7204384803771973,2.9627485275268555,3.202371597290039,3.511305570602417,3.7894046306610107
B5,1.4085123538970947,1.1164071559906006,0.9315837621688843,0.6792812943458557,0.6320077180862427,0.7193236351013184,0.7776783108711243,1.0420790910720825,1.265684962272644,1.6122292280197144,1.7043358087539673,2.0365264415740967,2.0027778148651123,2.362083673477173,2.2792563438415527,1.1751651763916016,1.0042405128479004,0.6240119934082031,0.385037899017334,0.0,0.36574995517730713,0.5614322423934937,0.9363159537315369,1.164687156677246,1.5484625101089478,1.667090892791748,2.0340380668640137,2.06477427482605,2.4354944229125977,2.3858773708343506,1.2870889902114868,1.2121201753616333,0.8484207987785339,0.758471667766571,0.557015061378479,0.6953514218330383,0.7824140787124634,1.11392080783844,1.2823162078857422,1.6566756963729858,1.7879929542541504,2.1485090255737305,2.207111358642578,2.567124366760254,2.5544514656066895,1.6795276403427124,1.6400434970855713,1.3212220668792725,1.2796772718429565,1.105040431022644,1.2126362323760986,1.2199114561080933,1.4788422584533691,1.5891035795211792,1.9387376308441162,2.0884697437286377,2.4246554374694824,2.5405378341674805,2.919964075088501,2.9571754932403564,2.395374059677124,2.3276472091674805,2.0057294368743896,2.0135936737060547,1.7998703718185425,1.906018853187561,1.802250623703003,2.0072813034057617,2.022801399230957,2.3029494285583496,2.477471351623535,2.697995185852051,2.9283666610717773,3.223153591156006,3.5000009536743164
B6,1.6948378086090088,1.368462324142456,1.1838029623031616,0.847822368144989,0.7695000767707825,0.66415935754776,0.7492225766181946,0.902603030204773,1.1892578601837158,1.491186499595642,1.6552207469940186,1.9873299598693848,2.0184690952301025,2.3995461463928223,2.374699115753174,1.531034231185913,1.3468385934829712,0.9771900177001953,0.6763789653778076,0.36574995517730713,0.0,0.3796902596950531,0.6816585063934326,0.9859825968742371,1.3460898399353027,1.5374680757522583,1.9120633602142334,2.0026257038116455,2.3900859355926514,2.39266300201416,1.6227760314941406,1.514188289642334,1.137255072593689,0.947587788105011,0.6515367031097412,0.5756952166557312,0.6136558055877686,0.8678643703460693,1.06627357006073,1.4178358316421509,1.612611174583435,1.980368971824646,2.0964536666870117,2.4777183532714844,2.5165398120880127,1.9447861909866333,1.8705495595932007,1.517098069190979,1.3960895538330078,1.144979476928711,1.1389530897140503,1.097291111946106,1.2769474983215332,1.3830775022506714,1.700510859489441,1.8951692581176758,2.2258729934692383,2.388596534729004,2.78117036819458,2.8633720874786377,2.56833815574646,2.4735910892486572,2.123603105545044,2.0756490230560303,1.8120139837265015,1.8509858846664429,1.7063156366348267,1.8466917276382446,1.8324182033538818,2.070281982421875,2.253793716430664,2.4431538581848145,2.696652889251709,2.9713780879974365,3.268869400024414
B7,1.9270051717758179,1.6396124362945557,1.3985706567764282,1.0917706489562988,0.8867247104644775,0.7268418073654175,0.6113541126251221,0.6556828618049622,0.8865290880203247,1.1640664339065552,1.3140276670455933,1.629205584526062,1.6694484949111938,2.0517690181732178,2.052645444869995,1.6764051914215088,1.5471043586730957,1.1604455709457397,0.9399642944335938,0.5614322423934937,0.3796902596950531,0.0,0.38046881556510925,0.6218222379684448,0.9970970153808594,1.1613396406173706,1.5358226299285889,1.6258574724197388,2.015242338180542,2.0326247215270996,1.696996808052063,1.6487253904342651,1.25896155834198,1.1255799531936646,0.7733818888664246,0.7112336158752441,0.5182260274887085,0.7004345655441284,0.7793428301811218,1.129275918006897,1.279268741607666,1.6367725133895874,1.744531512260437,2.1214728355407715,2.170902729034424,1.9679073095321655,1.9469352960586548,1.579204797744751,1.500619888305664,1.2052479982376099,1.212914228439331,1.0534098148345947,1.1920907497406006,1.1973150968551636,1.4997830390930176,1.6415270566940308,1.9504647254943848,2.0967466831207275,2.484788179397583,2.570640802383423,2.5475480556488037,2.496727466583252,2.135852813720703,2.120405673980713,1.8305820226669312,1.8867162466049194,1.677457332611084,1.8070706129074097,1.7251498699188232,1.9680230617523193,2.0910487174987793,2.2701499462127686,2.4883460998535156,2.7570579051971436,3.034318208694458
B8,2.2937541007995605,1.999868392944336,1.7509456872940063,1.4240273237228394,1.1966588497161865,0.9476569890975952,0.7933846116065979,0.6298524141311646,0.8378587961196899,0.9980013370513916,1.2120029926300049,1.4917073249816895,1.6047389507293701,1.9907761812210083,2.0607070922851562,2.0527031421661377,1.9264397621154785,1.5407817363739014,1.3077889680862427,0.9363159537315369,0.6816585063934326,0.38046881556510925,0.0,0.3672757148742676,0.6772933006286621,0.9232432842254639,1.2899525165557861,1.448144555091858,1.8428561687469482,1.9227983951568604,2.036679267883301,1.9853137731552124,1.5936486721038818,1.4311376810073853,1.0553683042526245,0.8943671584129333,0.5953642129898071,0.5365766882896423,0.5088212490081787,0.7961379289627075,0.9959917068481445,1.3460410833358765,1.515450358390808,1.904300332069397,2.013850688934326,2.2405874729156494,2.2149579524993896,1.8321770429611206,1.7217198610305786,1.3808799982070923,1.312021255493164,1.0665881633758545,1.078704595565796,0.9993830919265747,1.2322012186050415,1.3829368352890015,1.6629060506820679,1.8482600450515747,2.2409794330596924,2.3741230964660645,2.722397565841675,2.670581340789795,2.294041156768799,2.25121808052063,1.9230552911758423,1.9310705661773682,1.6637139320373535,1.7203494310379028,1.5695539712905884,1.7626352310180664,1.850329875946045,1.986339807510376,2.2022347450256348,2.444201946258545,2.727766513824463
B9,2.470148801803589,2.2130093574523926,1.9276468753814697,1.636101484298706,1.3487883806228638,1.1149444580078125,0.8461107611656189,0.592729389667511,0.6311030387878418,0.7090758681297302,0.8899412751197815,1.1380075216293335,1.2659132480621338,1.647226333618164,1.7487155199050903,2.17667555809021,2.1016461849212646,1.7166699171066284,1.5465589761734009,1.164687156677246,0.9859825968742371,0.6218222379684448,0.3672757148742676,0.0,0.3866567313671112,0.5705941915512085,0.943666398525238,1.1059061288833618,1.5021069049835205,1.6051831245422363,2.138465642929077,2.1441280841827393,1.7625994682312012,1.6614384651184082,1.292804479598999,1.1931310892105103,0.848196804523468,0.7551950216293335,0.5264408588409424,0.7170516848564148,0.793922483921051,1.100997805595398,1.249342679977417,1.6204285621643066,1.7417513132095337,2.322366714477539,2.3510570526123047,1.97969651222229,1.9231849908828735,1.5870658159255981,1.5592190027236938,1.2664718627929688,1.2606017589569092,1.0798450708389282,1.264691710472107,1.3191238641738892,1.547035813331604,1.6953967809677124,2.0696053504943848,2.199398994445801,2.7844326496124268,2.780524492263794,2.411616325378418,2.4116621017456055,2.085702657699585,2.123980760574341,1.8257874250411987,1.8848249912261963,1.6833866834640503,1.876563310623169,1.8897228240966797,2.008845806121826,2.1696712970733643,2.3970983028411865,2.6465368270874023
B10,2.8466973304748535,2.590707302093506,2.2977466583251953,2.000659227371216,1.7031381130218506,1.4392945766448975,1.1698395013809204,0.8445588946342468,0.7990904450416565,0.668364405632019,0.8771713376045227,1.0238018035888672,1.238019347190857,1.5907328128814697,1.7712401151657104,2.554044723510742,2.4867658615112305,2.102651357650757,1.9299803972244263,1.5484625101089478,1.3460898399353027,0.9970970153808594,0.6772933006286621,0.3866567313671112,0.0,0.3818153440952301,0.6817072629928589,0.9474159479141235,1.3224692344665527,1.5090078115463257,2.4935719966888428,2.504657030105591,2.1263668537139893,2.0169694423675537,1.6434032917022705,1.5099705457687378,1.1475712060928345,0.944614589214325,0.6264756917953491,0.5775895118713379,0.6126073598861694,0.8322211503982544,1.051910638809204,1.4079216718673706,1.6043751239776611,2.6312201023101807,2.665498733520508,2.2929818630218506,2.2266862392425537,1.8750207424163818,1.811104655265808,1.4784715175628662,1.382295846939087,1.1204386949539185,1.1856507062911987,1.194547414779663,1.3406234979629517,1.5100123882293701,1.8661574125289917,2.043818235397339,3.014080762863159,3.019998550415039,2.648972272872925,2.638930082321167,2.2960453033447266,2.306004285812378,1.9713395833969116,1.971679925918579,1.7090539932250977,1.8443294763565063,1.792379379272461,1.8529521226882935,1.9800845384597778,2.164534091949463,2.4003472328186035
B11,2.9199066162109375,2.7000205516815186,2.3968122005462646,2.1444759368896484,1.827195644378662,1.6218833923339844,1.295293927192688,1.0180221796035767,0.8460376858711243,0.6941894292831421,0.7288547158241272,0.7789813280105591,0.9441807866096497,1.2653863430023193,1.4482958316802979,2.557215690612793,2.5238583087921143,2.1563730239868164,2.0386557579040527,1.667090892791748,1.5374680757522583,1.1613396406173706,0.9232432842254639,0.5705941915512085,0.3818153440952301,0.0,0.376250296831131,0.5742112994194031,0.9598644375801086,1.1331061124801636,2.437077522277832,2.4949536323547363,2.138948440551758,2.0873501300811768,1.7350399494171143,1.6692317724227905,1.2940480709075928,1.1454998254776,0.7958175539970398,0.7610880136489868,0.5751990079879761,0.7064321637153625,0.8040230870246887,1.1249923706054688,1.28700852394104,2.538076162338257,2.62164568901062,2.2719011306762695,2.2630414962768555,1.9338123798370361,1.9288638830184937,1.585449457168579,1.5320385694503784,1.2399333715438843,1.3196604251861572,1.2165113687515259,1.3276923894882202,1.4028390645980835,1.7242388725280762,1.853474736213684,2.8974218368530273,2.951531171798706,2.599109172821045,2.6402881145477295,2.3179516792297363,2.3767082691192627,2.0398061275482178,2.0809338092803955,1.813519835472107,1.9872862100601196,1.886286973953247,1.9738032817840576,2.0372471809387207,2.2352330684661865,2.4190404415130615
B12,3.2645769119262695,3.0587899684906006,2.749826192855835,2.509855031967163,2.1840035915374756,1.982620120048523,1.6463592052459717,1.3609567880630493,1.1446200609207153,0.9092919826507568,0.8708458542823792,0.7442066669464111,0.9320136904716492,1.157922625541687,1.4071766138076782,2.8781025409698486,2.8607277870178223,2.502450704574585,2.4007370471954346,2.0340380668640137,1.9120633602142334,1.5358226299285889,1.2899525165557861,0.943666398525238,0.6817072629928589,0.376250296831131,0.0,0.366879940032959,0.6696305871009827,0.9387077689170837,2.721292734146118,2.798557996749878,2.4570891857147217,2.4203925132751465,2.076202392578125,2.01395320892334,1.6335012912750244,1.4579641819000244,1.093632698059082,0.9571134448051453,0.6762539744377136,0.5857710838317871,0.6314002275466919,0.857847273349762,1.077021598815918,2.774946451187134,2.8802504539489746,2.5445611476898193,2.5511281490325928,2.226895332336426,2.2222988605499268,1.8625657558441162,1.7771978378295898,1.4460563659667969,1.4505497217178345,1.2652552127838135,1.272566318511963,1.2951894998550415,1.5542681217193604,1.6915007829666138,3.061647653579712,3.143249034881592,2.8037946224212646,2.859227180480957,2.540921211242676,2.6004927158355713,2.248002767562866,2.2677206993103027,1.96837317943573,2.113912343978882,1.9461357593536377,2.000208616256714,1.9970684051513672,2.1602025032043457,2.2940025329589844
B13,3.241257429122925,3.065173387527466,2.7624728679656982,2.562854766845703,2.240245819091797,2.0956711769104004,1.7386808395385742,1.5152486562728882,1.2663147449493408,1.1018160581588745,0.9468678832054138,0.7786794304847717,0.8162437677383423,0.9713860154151917,1.171250820159912,2.7964389324188232,2.799057722091675,2.4663686752319336,2.4081411361694336,2.06477427482605,2.0026257038116455,1.6258574724197388,1.448144555091858,1.1059061288833618,0.9474159479141235,0.5742112994194031,0.366879940032959,0.0,0.39652466773986816,0.5823599100112915,2.5761919021606445,2.687096357345581,2.375356912612915,2.386356830596924,2.0734498500823975,2.0690574645996094,1.6986907720565796,1.5829639434814453,1.2353153228759766,1.1704052686691284,0.8295415043830872,0.7443478107452393,0.5809066295623779,0.7228712439537048,0.8227370977401733,2.591125965118408,2.73490571975708,2.428600788116455,2.4849653244018555,2.1928768157958984,2.242417812347412,1.8946679830551147,1.8642436265945435,1.5457756519317627,1.5991618633270264,1.3612059354782104,1.3823100328445435,1.3076461553573608,1.5279474258422852,1.5805827379226685,2.8567519187927246,2.9784398078918457,2.6632280349731445,2.765083074569702,2.476409912109375,2.583292007446289,2.2473037242889404,2.3167195320129395,2.0406575202941895,2.233815908432007,2.057725429534912,2.159301280975342,2.1233937740325928,2.318697690963745,2.4149551391601562
