,A1,A2,A3,A4,A5,A6,A7,A8,A9,A10,A11,A12,A13,A14,A15,B1,B2,B3,B4,B5,B6,B7,B8,B9,B10,B11,B12,B13,B14,B15,C1,C2,C3,C4,C5,C6,C7,C8,C9,C10,C11,C12,C13,C14,C15,D1,D2,D3,D4,D5,D6,D7,D8,D9,D10,D11,D12,D13,D14,D15,E1,E2,E3,E4,E5,E6,E7,E8,E9,E10,E11,E12,E13,E14,E15
A1,0.0,0.3668642044067383,0.7001280784606934,1.0464338064193726,1.3841453790664673,1.6777024269104004,2.0331623554229736,2.3568224906921387,2.657768726348877,2.922971487045288,3.2471156120300293,3.5361881256103516,3.714077949523926,4.004851818084717,4.195413112640381,4.141544818878174,4.051211357116699,4.120255947113037,4.062884330749512,3.8998613357543945,3.681940793991089,3.3803980350494385,3.0685806274414062,2.8431308269500732,2.8751296997070312,2.7500476837158203,3.012193441390991,2.9435203075408936,3.2105109691619873,3.381641149520874,5.39993143081665,5.654630661010742,5.692420482635498,6.057929039001465,6.368296146392822,6.731903553009033,7.076683044433594,7.367222309112549,7.55465841293335,7.532218933105469,7.518835067749023,7.253005504608154,7.196380615234375,6.848176002502441,6.845773220062256,5.675909996032715,5.810886859893799,5.602944850921631,5.857763767242432,5.823976516723633,6.164344787597656,6.304338455200195,6.598946571350098,6.826117992401123,6.986236572265625,7.133111953735352,7.105900764465332,7.238154411315918,7.2653021812438965,7.421994209289551,7.837972640991211,7.829761981964111,8.108192443847656,8.138467788696289,8.276415824890137,8.51853084564209,8.541339874267578,8.885375022888184,8.905915260314941,9.237135887145996,9.320480346679688,9.587615013122559,9.912484169006348,10.109018325805664,10.483940124511719
A2,0.3668642044067383,0.0,0.34421879053115845,0.7133799195289612,1.0376054048538208,1.3575876951217651,1.7002733945846558,2.0291271209716797,2.3383383750915527,2.6184799671173096,2.929910898208618,3.230841875076294,3.412811756134033,3.700601577758789,3.8978846073150635,3.9811367988586426,3.9187636375427246,4.016107559204102,3.983991861343384,3.8399624824523926,3.651240110397339,3.3611643314361572,3.0420901775360107,2.7863807678222656,2.7726833820343018,2.609027147293091,2.8358981609344482,2.7377991676330566,2.9747731685638428,3.1319527626037598,5.252314567565918,5.508729457855225,5.555313587188721,5.923168182373047,6.230112552642822,6.589367389678955,6.926291465759277,7.2082695960998535,7.384960651397705,7.348875045776367,7.3332014083862305,7.065977573394775,6.995312690734863,6.645023345947266,6.628550052642822,5.494918346405029,5.6133036613464355,5.401073455810547,5.642585277557373,5.60824728012085,5.943339824676514,6.069240093231201,6.353945732116699,6.57013463973999,6.723012447357178,6.8674139976501465,6.838619232177734,6.978882312774658,7.002678871154785,7.167922496795654,7.680196762084961,7.679498195648193,7.956371784210205,7.9889445304870605,8.121394157409668,8.355324745178223,8.368395805358887,8.705994606018066,8.712871551513672,9.043668746948242,9.114941596984863,9.375015258789062,9.699250221252441,9.886188507080078,10.262669563293457
A3,0.7001280784606934,0.34421879053115845,0.0,0.3800410330295563,0.6943982243537903,1.0258028507232666,1.360133171081543,1.6923521757125854,2.0080490112304688,2.3012900352478027,2.6072914600372314,2.9184393882751465,3.112910270690918,3.40252947807312,3.613197088241577,3.8772103786468506,3.8469221591949463,3.9644713401794434,3.949035406112671,3.814842939376831,3.6535263061523438,3.3697733879089355,3.041461944580078,2.7558250427246094,2.6956164836883545,2.505753517150879,2.6935455799102783,2.579242706298828,2.7827627658843994,2.9368693828582764,5.145120143890381,5.395965576171875,5.4427409172058105,5.80978536605835,6.1086835861206055,6.463030815124512,6.79203987121582,7.068518161773682,7.239192962646484,7.194093227386475,7.182647705078125,6.919378757476807,6.838627815246582,6.489747047424316,6.463792324066162,5.33649206161499,5.4353508949279785,5.213310241699219,5.439068794250488,5.396429538726807,5.723517894744873,5.834227085113525,6.1107330322265625,6.320111274719238,6.4714274406433105,6.619639873504639,6.596042156219482,6.7481865882873535,6.77477502822876,6.951649188995361,7.56446647644043,7.5657172203063965,7.836853981018066,7.865991592407227,7.988594055175781,8.21182632446289,8.212233543395996,8.543081283569336,8.537125587463379,8.864903450012207,8.924674987792969,9.179669380187988,9.50574779510498,9.684021949768066,10.06195068359375
A4,1.0464338064193726,0.7133799195289612,0.3800410330295563,0.0,0.34702497720718384,0.6470072865486145,0.9890567064285278,1.320680856704712,1.638802409172058,1.9405189752578735,2.2522263526916504,2.5700056552886963,2.7859768867492676,3.083329439163208,3.3141744136810303,3.8015880584716797,3.8073151111602783,3.9357569217681885,3.9278383255004883,3.7941648960113525,3.6591267585754395,3.3770315647125244,3.0376667976379395,2.7221591472625732,2.6140007972717285,2.4118714332580566,2.5565037727355957,2.4428112506866455,2.609926462173462,2.7747111320495605,5.047255516052246,5.284445762634277,5.322084426879883,5.684831619262695,5.970671653747559,6.319432258605957,6.640395164489746,6.9145941734313965,7.084345817565918,7.035404205322266,7.035334587097168,6.782007694244385,6.695924758911133,6.352561950683594,6.322824478149414,5.168125152587891,5.244508743286133,5.006808757781982,5.214433193206787,5.1552042961120605,5.4715423583984375,5.56640100479126,5.836935520172119,6.044454574584961,6.200642108917236,6.359532356262207,6.34861421585083,6.516350746154785,6.552741527557373,6.744109153747559,7.459183692932129,7.456250190734863,7.717072010040283,7.736588001251221,7.844690799713135,8.054556846618652,8.039268493652344,8.363072395324707,8.345356941223145,8.667359352111816,8.716469764709473,8.968632698059082,9.299161911010742,9.470032691955566,9.849209785461426
A5,1.3841453790664673,1.0376054048538208,0.6943982243537903,0.34702497720718384,0.0,0.387995183467865,0.6730759739875793,1.0093250274658203,1.3379815816879272,1.6607085466384888,1.951367974281311,2.2837090492248535,2.507551431655884,2.8003499507904053,3.0417001247406006,3.711477041244507,3.7495968341827393,3.902665376663208,3.9183192253112793,3.8040354251861572,3.7007946968078613,3.435701370239258,3.099071741104126,2.7650744915008545,2.6121273040771484,2.3795711994171143,2.4727067947387695,2.332547187805176,2.4516286849975586,2.5991482734680176,4.946837425231934,5.180835723876953,5.224671840667725,5.585572242736816,5.863987922668457,6.205431938171387,6.515995502471924,6.780503273010254,6.939479827880859,6.877789497375488,6.877501010894775,6.6258697509765625,6.5266499519348145,6.184260368347168,6.141247749328613,5.023490905761719,5.079606056213379,4.837136745452881,5.027052402496338,4.965029716491699,5.27230978012085,5.350216388702393,5.608679294586182,5.804229259490967,5.953543663024902,6.111245632171631,6.101013660430908,6.278458595275879,6.313318252563477,6.514559268951416,7.331049919128418,7.334076404571533,7.5906829833984375,7.61067008972168,7.711219787597656,7.910919666290283,7.884612083435059,8.200421333312988,8.168682098388672,8.488471031188965,8.524955749511719,8.769649505615234,9.099465370178223,9.260237693786621,9.640218734741211
A6,1.6777024269104004,1.3575876951217651,1.0258028507232666,0.6470072865486145,0.387995183467865,0.0,0.37296250462532043,0.6862338781356812,1.0063462257385254,1.3280164003372192,1.6445666551589966,1.9751834869384766,2.232062816619873,2.5398001670837402,2.807236909866333,3.7039132118225098,3.7729578018188477,3.920853853225708,3.930011510848999,3.804666042327881,3.7199859619140625,3.45169734954834,3.106703996658325,2.7533175945281982,2.5644521713256836,2.344430923461914,2.3989315032958984,2.285568952560425,2.3722362518310547,2.5462734699249268,4.892333030700684,5.104562282562256,5.128818035125732,5.480974197387695,5.742180824279785,6.07788610458374,6.381684303283691,6.648451328277588,6.813415050506592,6.755925178527832,6.77393102645874,6.538268566131592,6.441763877868652,6.10972785949707,6.0719170570373535,4.889301776885986,4.9240241050720215,4.661886215209961,4.834041118621826,4.747514724731445,5.042073726654053,5.106618881225586,5.3633832931518555,5.564420223236084,5.726554870605469,5.902050971984863,5.9121413230896,6.106330394744873,6.1584649085998535,6.374233722686768,7.268056392669678,7.25972843170166,7.502171516418457,7.506615161895752,7.58987283706665,7.775684356689453,7.733417987823486,8.043232917785645,8.004064559936523,8.31551456451416,8.345051765441895,8.590521812438965,8.927055358886719,9.083887100219727,9.464333534240723
A7,2.0331623554229736,1.7002733945846558,1.360133171081543,0.9890567064285278,0.6730759739875793,0.37296250462532043,0.0,0.35212039947509766,0.7038367986679077,1.0705019235610962,1.349572777748108,1.7038861513137817,1.9818171262741089,2.282219648361206,2.568769693374634,3.7061874866485596,3.8103744983673096,3.9821629524230957,4.015453815460205,3.911155939102173,3.8593850135803223,3.611205577850342,3.274486780166626,2.9108870029449463,2.6824467182159424,2.4394402503967285,2.4347176551818848,2.2976419925689697,2.3213672637939453,2.470672845840454,4.867544651031494,5.07334566116333,5.103172302246094,5.450186729431152,5.700263500213623,6.0254645347595215,6.315528869628906,6.570272922515869,6.722652912139893,6.650941371917725,6.669741153717041,6.4379119873046875,6.326557159423828,5.997735500335693,5.944516181945801,4.808919906616211,4.81765079498291,4.54985237121582,4.697402477264404,4.605093002319336,4.8850603103637695,4.926327228546143,5.166469573974609,5.352240085601807,5.506665229797363,5.682179927825928,5.6952691078186035,5.902765274047852,5.95421028137207,6.182753086090088,7.198054313659668,7.19601583480835,7.432125091552734,7.436237812042236,7.509610652923584,7.6823410987854,7.62641716003418,7.925684928894043,7.869741916656494,8.17716121673584,8.19122314453125,8.427396774291992,8.762969970703125,8.907179832458496,9.287983894348145
A8,2.3568224906921387,2.0291271209716797,1.6923521757125854,1.320680856704712,1.0093250274658203,0.6862338781356812,0.35212039947509766,0.0,0.356423944234848,0.7393171787261963,1.007482647895813,1.3660378456115723,1.6646521091461182,1.9672702550888062,2.2718632221221924,3.6244683265686035,3.7610652446746826,3.9390382766723633,3.980602502822876,3.883216381072998,3.859867572784424,3.625303268432617,3.294849157333374,2.9228999614715576,2.659346103668213,2.415193557739258,2.358508586883545,2.2279536724090576,2.201941728591919,2.352748155593872,4.73575496673584,4.925554275512695,4.947806358337402,5.286083698272705,5.5212883949279785,5.837362289428711,6.116720199584961,6.366254806518555,6.515673637390137,6.4404988288879395,6.469276428222656,6.248504638671875,6.133702278137207,5.813365459442139,5.75836706161499,4.610507011413574,4.596957206726074,4.3185930252075195,4.446162700653076,4.340761661529541,4.6078691482543945,4.633830547332764,4.8662004470825195,5.0484724044799805,5.205850601196289,5.3895416259765625,5.413898468017578,5.6335930824279785,5.694336414337158,5.934051990509033,7.031606197357178,7.025853157043457,7.251106262207031,7.247018337249756,7.307312488555908,7.467282772064209,7.398096561431885,7.6895952224731445,7.623571872711182,7.924985885620117,7.929929256439209,8.162773132324219,8.500779151916504,8.638660430908203,9.019368171691895
A9,2.657768726348877,2.3383383750915527,2.0080490112304688,1.638802409172058,1.3379815816879272,1.0063462257385254,0.7038367986679077,0.356423944234848,0.0,0.39500805735588074,0.6644628047943115,1.0167921781539917,1.3358784914016724,1.6442962884902954,1.9652968645095825,3.514101028442383,3.680668354034424,3.859130859375,3.904881000518799,3.8119680881500244,3.8159561157226562,3.595555067062378,3.2740519046783447,2.898329019546509,2.604010581970215,2.366389036178589,2.2598466873168945,2.145343542098999,2.07328724861145,2.231360912322998,4.565464496612549,4.736781120300293,4.748420238494873,5.076639175415039,5.296311378479004,5.60352897644043,5.873144626617432,6.119183540344238,6.268171310424805,6.1927876472473145,6.233425140380859,6.0253448486328125,5.910919189453125,5.600616455078125,5.548385143280029,4.373530864715576,4.339737892150879,4.05056619644165,4.160281658172607,4.040935039520264,4.29646110534668,4.3107476234436035,4.5386176109313965,4.721238136291504,4.884471416473389,5.0779218673706055,5.115041732788086,5.345114707946777,5.417621612548828,5.666677951812744,6.826814651489258,6.8148016929626465,7.028439998626709,7.014627933502197,7.061905860900879,7.210071086883545,7.128890514373779,7.413881778717041,7.340570449829102,7.635944366455078,7.634498119354248,7.865994453430176,8.207025527954102,8.341144561767578,8.721546173095703
A10,2.922971487045288,2.6184799671173096,2.3012900352478027,1.9405189752578735,1.6607085466384888,1.3280164003372192,1.0705019235610962,0.7393171787261963,0.39500805735588074,0.0,0.3880698084831238,0.6661159992218018,0.9929577708244324,1.317165732383728,1.6457058191299438,3.3366832733154297,3.5289855003356934,3.6981608867645264,3.740511894226074,3.6467530727386475,3.6763415336608887,3.4699058532714844,3.160142421722412,2.785571575164795,2.4646155834198,2.245187759399414,2.091996192932129,2.0104777812957764,1.9020583629608154,2.0814554691314697,4.316629409790039,4.4659528732299805,4.461277961730957,4.77850866317749,4.982745170593262,5.283052921295166,5.546095371246338,5.792893886566162,5.946889400482178,5.877650260925293,5.933359146118164,5.740113258361816,5.633335590362549,5.334868431091309,5.294071197509766,4.060245037078857,4.011679172515869,3.710644245147705,3.809058666229248,3.6745681762695312,3.9232962131500244,3.93502140045166,4.166512966156006,4.358080863952637,4.5330095291137695,4.738840103149414,4.790683269500732,5.02675199508667,5.115137100219727,5.369410037994385,6.5517578125,6.52877140045166,6.730180740356445,6.704030990600586,6.739039421081543,6.878048896789551,6.787806987762451,7.069526672363281,6.994729042053223,7.284657955169678,7.282552242279053,7.516916275024414,7.862265110015869,7.997941493988037,8.377900123596191
A11,3.2471156120300293,2.929910898208618,2.6072914600372314,2.2522263526916504,1.951367974281311,1.6445666551589966,1.349572777748108,1.007482647895813,0.6644628047943115,0.3880698084831238,0.0,0.3798244297504425,0.7181341052055359,1.0102882385253906,1.35873544216156,3.304218053817749,3.5298714637756348,3.7243247032165527,3.7969818115234375,3.7351014614105225,3.8002305030822754,3.625300407409668,3.3375601768493652,2.9703688621520996,2.627929210662842,2.3893589973449707,2.1814258098602295,2.070629596710205,1.8898570537567139,2.018986225128174,4.234267711639404,4.378012657165527,4.386298179626465,4.695021629333496,4.887783050537109,5.173057556152344,5.418135166168213,5.64674711227417,5.781858444213867,5.694149494171143,5.745765686035156,5.554803848266602,5.430677890777588,5.13645076751709,5.0775532722473145,3.929544448852539,3.8532426357269287,3.555673837661743,3.625214099884033,3.4950437545776367,3.72682523727417,3.7130908966064453,3.921825885772705,4.090369701385498,4.249748706817627,4.448441505432129,4.497220516204834,4.743253231048584,4.826664924621582,5.091274261474609,6.39227819442749,6.3794846534729,6.5755743980407715,6.553422927856445,6.581245422363281,6.707880973815918,6.606546878814697,6.876341342926025,6.784043788909912,7.071265697479248,7.053277492523193,7.276016712188721,7.617331027984619,7.739893913269043,8.119590759277344
A12,3.5361881256103516,3.230841875076294,2.9184393882751465,2.5700056552886963,2.2837090492248535,1.9751834869384766,1.7038861513137817,1.3660378456115723,1.0167921781539917,0.6661159992218018,0.3798244297504425,0.0,0.4083379805088043,0.7037644982337952,1.0673655271530151,3.19686222076416,3.4487600326538086,3.6340646743774414,3.7059357166290283,3.6479251384735107,3.7406198978424072,3.5849905014038086,3.3157262802124023,2.958707094192505,2.599283456802368,2.383802652359009,2.133063554763794,2.0555691719055176,1.8368929624557495,1.973503589630127,4.0341997146606445,4.15276575088501,4.145535469055176,4.439356327056885,4.6129469871521,4.887444496154785,5.122057914733887,5.348239421844482,5.48567533493042,5.402084827423096,5.46905517578125,5.294682502746582,5.176639080047607,4.8966522216796875,4.847613334655762,3.6545069217681885,3.5571954250335693,3.248159885406494,3.298596143722534,3.1516096591949463,3.3713345527648926,3.349351167678833,3.5578765869140625,3.73266863822937,3.9029757976531982,4.114771366119385,4.179924964904785,4.43412971496582,4.53436279296875,4.805826663970947,6.143826961517334,6.121024131774902,6.30325984954834,6.268834590911865,6.282802104949951,6.397940158843994,6.285635948181152,6.550027847290039,6.45379638671875,6.7346510887146,6.713748931884766,6.937821865081787,7.283023357391357,7.4053955078125,7.784478187561035
A13,3.714077949523926,3.412811756134033,3.112910270690918,2.7859768867492676,2.507551431655884,2.232062816619873,1.9818171262741089,1.6646521091461182,1.3358784914016724,0.9929577708244324,0.7181341052055359,0.4083379805088043,0.0,0.33534887433052063,0.6694724559783936,2.884202003479004,3.160017490386963,3.355161428451538,3.4468648433685303,3.415639877319336,3.541801929473877,3.4210422039031982,3.181603193283081,2.8423776626586914,2.469966411590576,2.249016761779785,1.950661301612854,1.8666939735412598,1.5952523946762085,1.7048256397247314,3.6690847873687744,3.784029960632324,3.7864482402801514,4.077012062072754,4.249147891998291,4.518077850341797,4.746929168701172,4.964925289154053,5.093729019165039,5.003313064575195,5.065632343292236,4.889784812927246,4.769223213195801,4.490295886993408,4.441562175750732,3.2734971046447754,3.170626401901245,2.870070219039917,2.9199557304382324,2.7923545837402344,3.0208683013916016,3.007512331008911,3.2174642086029053,3.3881146907806396,3.5488903522491455,3.748546600341797,3.8017163276672363,4.046032428741455,4.142567157745361,4.4083333015441895,5.743539810180664,5.724495887756348,5.907143592834473,5.877322196960449,5.893780708312988,6.010002613067627,5.9007062911987305,6.1654462814331055,6.068778991699219,6.35446310043335,6.335194110870361,6.558572292327881,6.900847911834717,7.025881290435791,7.40562629699707
A14,4.004851818084717,3.700601577758789,3.40252947807312,3.083329439163208,2.8003499507904053,2.5398001670837402,2.282219648361206,1.9672702550888062,1.6442962884902954,1.317165732383728,1.0102882385253906,0.7037644982337952,0.33534887433052063,0.0,0.3778896927833557,2.840988874435425,3.1438751220703125,3.353623867034912,3.4690468311309814,3.466820001602173,3.624244213104248,3.5354554653167725,3.3226919174194336,3.0008647441864014,2.623717784881592,2.4009220600128174,2.070476531982422,1.9750263690948486,1.657326579093933,1.7146539688110352,3.5452733039855957,3.64989972114563,3.662830114364624,3.9407269954681396,4.099661350250244,4.3520588874816895,4.5628557205200195,4.763287544250488,4.875121116638184,4.769723892211914,4.8295063972473145,4.657994747161865,4.52501916885376,4.252996921539307,4.192424774169922,3.1015379428863525,2.9722628593444824,2.6796886920928955,2.700995445251465,2.5830836296081543,2.7957873344421387,2.762707233428955,2.952455520629883,3.1025240421295166,3.2482311725616455,3.439497709274292,3.488518714904785,3.7385659217834473,3.832648992538452,4.105496883392334,5.530570983886719,5.518687725067139,5.695123672485352,5.668038845062256,5.6782002449035645,5.78397274017334,5.666427135467529,5.921310901641846,5.811490058898926,6.095423221588135,6.064846038818359,6.279552459716797,6.618230819702148,6.734654903411865,7.114140510559082
A15,4.195413112640381,3.8978846073150635,3.613197088241577,3.3141744136810303,3.0417001247406006,2.807236909866333,2.568769693374634,2.2718632221221924,1.9652968645095825,1.6457058191299438,1.35873544216156,1.0673655271530151,0.6694724559783936,0.3778896927833557,0.0,2.594745397567749,2.919800281524658,3.137620449066162,3.2736682891845703,3.30098295211792,3.490196466445923,3.4383721351623535,3.2594382762908936,2.9630401134490967,2.5863051414489746,2.366725444793701,2.0062973499298096,1.9086436033248901,1.5555280447006226,1.5706274509429932,3.2254655361175537,3.32549786567688,3.3510684967041016,3.6232972145080566,3.780008316040039,4.024652004241943,4.227944374084473,4.41796875,4.519032955169678,4.405239582061768,4.458735466003418,4.284974575042725,4.148515701293945,3.8775126934051514,3.8166301250457764,2.765972375869751,2.629607677459717,2.3517706394195557,2.370884418487549,2.2820332050323486,2.5035345554351807,2.4815430641174316,2.670233964920044,2.812541961669922,2.9439125061035156,3.117804765701294,3.1502914428710938,3.3871610164642334,3.4756884574890137,3.7412471771240234,5.162100315093994,5.155015468597412,5.332253456115723,5.311000823974609,5.324560165405273,5.431915760040283,5.318422794342041,5.57367467880249,5.463659763336182,5.753170490264893,5.724700450897217,5.93847131729126,6.27349328994751,6.393015384674072,6.773096561431885
B1,4.141544818878174,3.9811367988586426,3.8772103786468506,3.8015880584716797,3.711477041244507,3.7039132118225098,3.7061874866485596,3.6244683265686035,3.514101028442383,3.3366832733154297,3.304218053817749,3.19686222076416,2.884202003479004,2.840988874435425,2.594745397567749,0.0,0.38093674182891846,0.6686991453170776,0.978823184967041,1.2560853958129883,1.548355221748352,1.7556684017181396,1.858004093170166,1.8611228466033936,1.7357233762741089,1.6281734704971313,1.4713919162750244,1.4382752180099487,1.4424530267715454,1.3660069704055786,1.3216654062271118,1.642529010772705,1.827181339263916,2.1995463371276855,2.5505168437957764,2.8810884952545166,3.1953353881835938,3.421182870864868,3.5455243587493896,3.4947779178619385,3.4308338165283203,3.1439714431762695,3.1153690814971924,2.7769336700439453,2.843475103378296,1.8965163230895996,2.142700433731079,2.152543783187866,2.487816333770752,2.690873384475708,3.0557749271392822,3.309771776199341,3.5770602226257324,3.753478765487671,3.820192337036133,3.833385705947876,3.7038042545318604,3.6754517555236816,3.662402629852295,3.694978713989258,3.7004082202911377,3.711580276489258,4.005578517913818,4.077694892883301,4.252719879150391,4.519305229187012,4.590374946594238,4.937842845916748,4.98073673248291,5.338210105895996,5.45308256149292,5.712259769439697,5.997787952423096,6.222008228302002,6.581125259399414
B2,4.051211357116699,3.9187636375427246,3.8469221591949463,3.8073151111602783,3.7495968341827393,3.7729578018188477,3.8103744983673096,3.7610652446746826,3.680668354034424,3.5289855003356934,3.5298714637756348,3.4487600326538086,3.160017490386963,3.1438751220703125,2.919800281524658,0.38093674182891846,0.0,0.3852294087409973,0.7325401306152344,1.0505245923995972,1.3112070560455322,1.5502983331680298,1.6968107223510742,1.760188102722168,1.711026668548584,1.6350641250610352,1.5677176713943481,1.5514938831329346,1.6415903568267822,1.590836524963379,1.4577481746673584,1.7896828651428223,1.9701019525527954,2.336707830429077,2.7030675411224365,3.0396621227264404,3.366609811782837,3.599796772003174,3.7333130836486816,3.700975179672241,3.62642502784729,3.334324836730957,3.326421022415161,2.992077112197876,3.0737252235412598,2.166311264038086,2.4438138008117676,2.4677233695983887,2.816667318344116,3.0184669494628906,3.38531494140625,3.6528115272521973,3.9271116256713867,4.110698223114014,4.180008411407471,4.189582824707031,4.055850982666016,4.012129783630371,3.992668867111206,4.00577449798584,3.8112494945526123,3.8210628032684326,4.1270246505737305,4.208486557006836,4.403906345367432,4.689725875854492,4.785226345062256,5.140957355499268,5.20610237121582,5.5650787353515625,5.6978631019592285,5.961733341217041,6.240292549133301,6.475684642791748,6.828979015350342
B3,4.120255947113037,4.016107559204102,3.9644713401794434,3.9357569217681885,3.902665376663208,3.920853853225708,3.9821629524230957,3.9390382766723633,3.859130859375,3.6981608867645264,3.7243247032165527,3.6340646743774414,3.355161428451538,3.353623867034912,3.137620449066162,0.6686991453170776,0.3852294087409973,0.0,0.3672667145729065,0.7253261804580688,1.0119097232818604,1.303913950920105,1.515034556388855,1.6492853164672852,1.6602015495300293,1.6696462631225586,1.6522077322006226,1.716234564781189,1.8548487424850464,1.8675756454467773,1.4284565448760986,1.7241727113723755,1.854846715927124,2.2123947143554688,2.581822633743286,2.9295027256011963,3.274399757385254,3.5311079025268555,3.69573974609375,3.7017440795898438,3.64863920211792,3.3779709339141846,3.411802291870117,3.1010189056396484,3.2257351875305176,2.1702401638031006,2.479102849960327,2.5046348571777344,2.872699022293091,3.062105655670166,3.4298274517059326,3.7213470935821533,4.012374401092529,4.219272136688232,4.308910369873047,4.332455158233643,4.216374397277832,4.1648945808410645,4.1655192375183105,4.168109893798828,3.796412467956543,3.776141405105591,4.07390022277832,4.137604236602783,4.333949565887451,4.629669189453125,4.737401485443115,5.103315830230713,5.194055080413818,5.548121452331543,5.7025227546691895,5.980457305908203,6.2625017166137695,6.514618396759033,6.863097667694092
B4,4.062884330749512,3.983991861343384,3.949035406112671,3.9278383255004883,3.9183192253112793,3.930011510848999,4.015453815460205,3.980602502822876,3.904881000518799,3.740511894226074,3.7969818115234375,3.7059357166290283,3.4468648433685303,3.4690468311309814,3.2736682891845703,0.978823184967041,0.7325401306152344,0.3672667145729065,0.0,0.3783027231693268,0.6823942065238953,1.006830096244812,1.2659388780593872,1.458885669708252,1.5274301767349243,1.6169097423553467,1.6540336608886719,1.7883542776107788,1.9763906002044678,2.052769422531128,1.593228816986084,1.8359131813049316,1.8987407684326172,2.2432656288146973,2.6030688285827637,2.961068630218506,3.3211236000061035,3.603489875793457,3.8005611896514893,3.8406896591186523,3.8151440620422363,3.568817138671875,3.63254451751709,3.3416953086853027,3.4940013885498047,2.277186393737793,2.595120906829834,2.598090648651123,2.9756100177764893,3.135434865951538,3.5041940212249756,3.8091745376586914,4.118286609649658,4.350315093994141,4.465305328369141,4.511936187744141,4.419723033905029,4.375813961029053,4.399178504943848,4.405788421630859,3.954540729522705,3.904487371444702,4.187921524047852,4.227912425994873,4.415587425231934,4.712764739990234,4.821921348571777,5.194540500640869,5.302731513977051,5.64918327331543,5.817773818969727,6.108550071716309,6.39818000793457,6.661755084991455,7.007826328277588
B5,3.8998613357543945,3.8399624824523926,3.814842939376831,3.7941648960113525,3.8040354251861572,3.804666042327881,3.911155939102173,3.883216381072998,3.8119680881500244,3.6467530727386475,3.7351014614105225,3.6479251384735107,3.415639877319336,3.466820001602173,3.30098295211792,1.2560853958129883,1.0505245923995972,0.7253261804580688,0.3783027231693268,0.0,0.3643870949745178,0.6748921871185303,0.9560510516166687,1.1895883083343506,1.3072620630264282,1.4747689962387085,1.5653343200683594,1.7651335000991821,1.9982986450195312,2.1395249366760254,1.8592103719711304,2.055344581604004,2.054669141769409,2.3880503177642822,2.728536605834961,3.0942580699920654,3.463700294494629,3.7690608501434326,3.993964672088623,4.0577192306518555,4.0612711906433105,3.8371312618255615,3.9154205322265625,3.636960744857788,3.8010976314544678,2.4276623725891113,2.7341556549072266,2.696497917175293,3.073892116546631,3.192551374435425,3.562307834625244,3.869626760482788,4.196004867553711,4.452177047729492,4.5945024490356445,4.6700921058654785,4.605087757110596,4.581404209136963,4.628018856048584,4.651109218597412,4.225259304046631,4.150978088378906,4.417235851287842,4.431687355041504,4.602216720581055,4.891905784606934,4.990683078765869,5.365711688995361,5.480002403259277,5.817692756652832,5.990761756896973,6.291606426239014,6.592345237731934,6.860703468322754,7.207509517669678
B6,3.681940793991089,3.651240110397339,3.6535263061523438,3.6591267585754395,3.7007946968078613,3.7199859619140625,3.8593850135803223,3.859867572784424,3.8159561157226562,3.6763415336608887,3.8002305030822754,3.7406198978424072,3.541801929473877,3.624244213104248,3.490196466445923,1.548355221748352,1.3112070560455322,1.0119097232818604,0.6823942065238953,0.3643870949745178,0.0,0.37195590138435364,0.7164719104766846,1.0285038948059082,1.2449344396591187,1.4521476030349731,1.6290148496627808,1.8401437997817993,2.1271398067474365,2.2957334518432617,2.2186620235443115,2.4121716022491455,2.400017499923706,2.723594903945923,3.057325601577759,3.4226322174072266,3.79488205909729,4.106634140014648,4.339610576629639,4.411903381347656,4.417331695556641,4.194225788116455,4.275290012359619,3.9959967136383057,4.157482147216797,2.7796874046325684,3.080634355545044,3.0265002250671387,3.400996685028076,3.4998202323913574,3.8699991703033447,4.173710346221924,4.50684118270874,4.7715301513671875,4.923513889312744,5.009378433227539,4.950978755950928,4.935329914093018,4.983884334564209,5.011518478393555,4.559757232666016,4.482426643371582,4.748504638671875,4.760684967041016,4.932933330535889,5.225399971008301,5.327850818634033,5.704603672027588,5.825632095336914,6.1604719161987305,6.338173866271973,6.642210960388184,6.944180011749268,7.215407848358154,7.561100006103516
B7,3.3803980350494385,3.3611643314361572,3.3697733879089355,3.3770315647125244,3.435701370239258,3.45169734954834,3.611205577850342,3.625303268432617,3.595555067062378,3.4699058532714844,3.625300407409668,3.5849905014038086,3.4210422039031982,3.5354554653167725,3.4383721351623535,1.7556684017181396,1.5502983331680298,1.303913950920105,1.006830096244812,0.6748921871185303,0.37195590138435364,0.0,0.3674110472202301,0.722802460193634,1.0074841976165771,1.2619166374206543,1.5025668144226074,1.742018461227417,2.067221164703369,2.2808806896209717,2.5203356742858887,2.7045865058898926,2.672145366668701,2.9977126121520996,3.3187286853790283,3.6874239444732666,4.0605268478393555,4.381292819976807,4.623148441314697,4.6962785720825195,4.715279579162598,4.498167514801025,4.57157564163208,4.289182662963867,4.440976619720459,2.9934639930725098,3.270613431930542,3.1777184009552,3.5421416759490967,3.606506109237671,3.9773263931274414,4.268344402313232,4.609546184539795,4.88559627532959,5.054134845733643,5.161837577819824,5.120744705200195,5.129693984985352,5.1895222663879395,5.238661766052246,4.895864009857178,4.813530921936035,5.071839809417725,5.072149276733398,5.230491638183594,5.512627124786377,5.59978723526001,5.974421977996826,6.087461471557617,6.41770076751709,6.587962627410889,6.894275188446045,7.205402851104736,7.472248077392578,7.821937084197998
B8,3.0685806274414062,3.0420901775360107,3.041461944580078,3.0376667976379395,3.099071741104126,3.106703996658325,3.274486780166626,3.294849157333374,3.2740519046783447,3.160142421722412,3.3375601768493652,3.3157262802124023,3.181603193283081,3.3226919174194336,3.2594382762908936,1.858004093170166,1.6968107223510742,1.515034556388855,1.2659388780593872,0.9560510516166687,0.7164719104766846,0.3674110472202301,0.0,0.37730398774147034,0.7165600061416626,0.9966999888420105,1.2884689569473267,1.5429704189300537,1.8937286138534546,2.1441898345947266,2.7303659915924072,2.9152066707611084,2.8780670166015625,3.212322950363159,3.524535894393921,3.895315408706665,4.265254497528076,4.587975978851318,4.829190254211426,4.891849994659424,4.918689727783203,4.702126979827881,4.758280277252197,4.468217849731445,4.602020263671875,3.1174864768981934,3.3651204109191895,3.235997200012207,3.585658073425293,3.62148380279541,3.992424249649048,4.2642130851745605,4.607697486877441,4.887482166290283,5.06601619720459,5.190943241119385,5.162540912628174,5.197437763214111,5.263967514038086,5.33689022064209,5.150368690490723,5.0709638595581055,5.32468318939209,5.318676948547363,5.463365077972412,5.732738971710205,5.800848960876465,6.170715808868408,6.26737642288208,6.595253944396973,6.7511067390441895,7.05527400970459,7.374587535858154,7.631806373596191,7.9872212409973145
B9,2.8431308269500732,2.7863807678222656,2.7558250427246094,2.7221591472625732,2.7650744915008545,2.7533175945281982,2.9108870029449463,2.9228999614715576,2.898329019546509,2.785571575164795,2.9703688621520996,2.958707094192505,2.8423776626586914,3.0008647441864014,2.9630401134490967,1.8611228466033936,1.760188102722168,1.6492853164672852,1.458885669708252,1.1895883083343506,1.0285038948059082,0.722802460193634,0.37730398774147034,0.0,0.3786205053329468,0.6712781190872192,0.9934347867965698,1.2601679563522339,1.6204073429107666,1.903059482574463,2.8231680393218994,3.0100982189178467,2.9762933254241943,3.320265769958496,3.6242945194244385,3.994441032409668,4.357206344604492,4.67616605758667,4.910120487213135,4.955742359161377,4.987484455108643,4.770069122314453,4.804362773895264,4.506474018096924,4.618785381317139,3.120163917541504,3.3343358039855957,3.173208475112915,3.5043420791625977,3.517822027206421,3.887418746948242,4.136646747589111,4.477418899536133,4.7548394203186035,4.9378204345703125,5.075422763824463,5.056326866149902,5.116207122802734,5.186902046203613,5.283622741699219,5.2781805992126465,5.205691337585449,5.455339431762695,5.445965766906738,5.576700210571289,5.831286907196045,5.878290176391602,6.24104642868042,6.316349983215332,6.642821788787842,6.780156135559082,7.078940391540527,7.404947757720947,7.649332523345947,8.010805130004883
B10,2.8751296997070312,2.7726833820343018,2.6956164836883545,2.6140007972717285,2.6121273040771484,2.5644521713256836,2.6824467182159424,2.659346103668213,2.604010581970215,2.4646155834198,2.627929210662842,2.599283456802368,2.469966411590576,2.623717784881592,2.5863051414489746,1.7357233762741089,1.711026668548584,1.6602015495300293,1.5274301767349243,1.3072620630264282,1.2449344396591187,1.0074841976165771,0.7165600061416626,0.3786205053329468,0.0,0.37612608075141907,0.643169105052948,0.9514887928962708,1.2887569665908813,1.5997974872589111,2.7273361682891846,2.909374713897705,2.878761053085327,3.2284750938415527,3.5225210189819336,3.8886325359344482,4.241270542144775,4.553172588348389,4.77764892578125,4.806567668914795,4.843820571899414,4.628819942474365,4.6447434425354,4.344177722930908,4.440431118011475,2.9298095703125,3.1127262115478516,2.928110361099243,3.242161750793457,3.242732048034668,3.6104204654693604,3.8420233726501465,4.1779279708862305,4.4503889083862305,4.633862018585205,4.778731822967529,4.766325950622559,4.844422340393066,4.919722080230713,5.035059452056885,5.1937971115112305,5.126709938049316,5.370006561279297,5.356964588165283,5.473392963409424,5.7126569747924805,5.7396745681762695,6.094387054443359,6.149132251739502,6.474132537841797,6.594070911407471,6.88676643371582,7.217442035675049,7.449894905090332,7.815986156463623
B11,2.7500476837158203,2.609027147293091,2.505753517150879,2.4118714332580566,2.3795711994171143,2.344430923461914,2.4394402503967285,2.415193557739258,2.366389036178589,2.245187759399414,2.3893589973449707,2.383802652359009,2.249016761779785,2.4009220600128174,2.366725444793701,1.6281734704971313,1.6350641250610352,1.6696462631225586,1.6169097423553467,1.4747689962387085,1.4521476030349731,1.2619166374206543,0.9966999888420105,0.6712781190872192,0.37612608075141907,0.0,0.38983413577079773,0.6070078015327454,0.9762439131736755,1.2768057584762573,2.7391698360443115,2.9504599571228027,2.960198402404785,3.322476863861084,3.624113082885742,3.9854049682617188,4.3278303146362305,4.621571063995361,4.821186542510986,4.820741176605225,4.838308334350586,4.605245113372803,4.591461658477783,4.274409294128418,4.339067459106445,2.946998119354248,3.1111555099487305,2.9288129806518555,3.2288856506347656,3.2431890964508057,3.6114718914031982,3.8218889236450195,4.142370700836182,4.3929033279418945,4.5572829246521,4.689194202423096,4.660824775695801,4.745608329772949,4.803011894226074,4.926544189453125,5.204977512359619,5.16175651550293,5.415256977081299,5.419674396514893,5.540665149688721,5.776515007019043,5.7982964515686035,6.146479606628418,6.182402610778809,6.513153076171875,6.616757392883301,6.897431373596191,7.223653793334961,7.4427337646484375,7.812459945678711
B12,3.012193441390991,2.8358981609344482,2.6935455799102783,2.5565037727355957,2.4727067947387695,2.3989315032958984,2.4347176551818848,2.358508586883545,2.2598466873168945,2.091996192932129,2.1814258098602295,2.133063554763794,1.950661301612854,2.070476531982422,2.0062973499298096,1.4713919162750244,1.5677176713943481,1.6522077322006226,1.6540336608886719,1.5653343200683594,1.6290148496627808,1.5025668144226074,1.2884689569473267,0.9934347867965698,0.643169105052948,0.38983413577079773,0.0,0.3767012655735016,0.6509460210800171,0.9823624491691589,2.550827980041504,2.7520127296447754,2.767367124557495,3.128635883331299,3.418140172958374,3.7705273628234863,4.099560737609863,4.382463455200195,4.570284843444824,4.554296970367432,4.576013088226318,4.347267150878906,4.318787097930908,4.0032196044921875,4.056357383728027,2.66829776763916,2.803725004196167,2.60899019241333,2.8930094242095947,2.9063496589660645,3.271939992904663,3.4695613384246826,3.7824535369873047,4.0246195793151855,4.184406280517578,4.316788196563721,4.290527820587158,4.385615825653076,4.446218013763428,4.5820393562316895,4.993415355682373,4.954648971557617,5.200572490692139,5.202305316925049,5.310812473297119,5.532650470733643,5.538331985473633,5.87812614440918,5.896692276000977,6.225988864898682,6.315257549285889,6.5895891189575195,6.917662620544434,7.126976013183594,7.4993414878845215
B13,2.9435203075408936,2.7377991676330566,2.579242706298828,2.4428112506866455,2.332547187805176,2.285568952560425,2.2976419925689697,2.2279536724090576,2.145343542098999,2.0104777812957764,2.070629596710205,2.0555691719055176,1.8666939735412598,1.9750263690948486,1.9086436033248901,1.4382752180099487,1.5514938831329346,1.716234564781189,1.7883542776107788,1.7651335000991821,1.8401437997817993,1.742018461227417,1.5429704189300537,1.2601679563522339,0.9514887928962708,0.6070078015327454,0.3767012655735016,0.0,0.39593446254730225,0.678015410900116,2.6167829036712646,2.8502447605133057,2.9113194942474365,3.2795512676239014,3.5777316093444824,3.9222283363342285,4.23990535736084,4.501567363739014,4.661727428436279,4.616451263427734,4.612314701080322,4.362517833709717,4.304244041442871,3.971754312515259,3.990743398666382,2.7721307277679443,2.8944766521453857,2.716716766357422,2.985269069671631,3.0220208168029785,3.3834333419799805,3.560213565826416,3.852029800415039,4.065968036651611,4.1994476318359375,4.310633659362793,4.261055946350098,4.356054782867432,4.391646862030029,4.529520034790039,5.027641296386719,5.015641689300537,5.274270057678223,5.297816753387451,5.41594934463501,5.63789701461792,5.644354820251465,5.977656841278076,5.980973720550537,6.316402435302734,6.392056465148926,6.6530866622924805,6.972921848297119,7.169829368591309,7.543834686279297
B14,3.2105109691619873,2.9747731685638428,2.7827627658843994,2.609926462173462,2.4516286849975586,2.3722362518310547,2.3213672637939453,2.201941728591919,2.07328724861145,1.9020583629608154,1.8898570537567139,1.8368929624557495,1.5952523946762085,1.657326579093933,1.5555280447006226,1.4424530267715454,1.6415903568267822,1.8548487424850464,1.9763906002044678,1.9982986450195312,2.1271398067474365,2.067221164703369,1.8937286138534546,1.6204073429107666,1.2887569665908813,0.9762439131736755,0.6509460210800171,0.39593446254730225,0.0,0.3742164075374603,2.552532911300659,2.7759716510772705,2.850588798522949,3.210827112197876,3.49225115776062,3.820674180984497,4.117949962615967,4.36126708984375,4.501791477203369,4.433642387390137,4.428726673126221,4.181163311004639,4.099480152130127,3.767328977584839,3.7634170055389404,2.6107754707336426,2.6920621395111084,2.506206512451172,2.7438931465148926,2.78227162361145,3.132596731185913,3.284351110458374,3.5585203170776367,3.7536823749542236,3.8748998641967773,3.9821016788482666,3.930324077606201,4.039339065551758,4.07237434387207,4.226378440856934,4.896119117736816,4.894420623779297,5.145581245422363,5.170184135437012,5.275823593139648,5.481132507324219,5.469898223876953,5.790851593017578,5.771821022033691,6.10508394241333,6.161500453948975,6.411804676055908,6.731268882751465,6.913900852203369,7.290299892425537
