,A1,A2,A3,A4,A5,A6,A7,A8,A9,A10,A11,A12,A13,A14,A15,B1,B2,B3,B4,B5,B6,B7,B8,B9,B10,B11,B12,B13,B14,B15,C1,C2,C3,C4,C5,C6,C7,C8,C9,C10,C11,C12,C13,C14,C15,D1,D2,D3,D4,D5,D6,D7,D8,D9,D10,D11,D12,D13,D14,D15,E1,E2,E3,E4,E5,E6,E7,E8,E9,E10,E11,E12,E13,E14,E15
A1,0.0,0.3918929696083069,0.6566499471664429,0.9314529895782471,1.2273045778274536,1.489022970199585,1.7880852222442627,2.015115976333618,2.325321912765503,2.5492467880249023,2.879240036010742,3.071181535720825,3.4201738834381104,3.6572680473327637,3.8935747146606445,2.5910401344299316,2.3380794525146484,2.4440674781799316,2.7255804538726807,2.7034008502960205,2.671767234802246,3.0046021938323975,2.9212424755096436,3.2640206813812256,3.3039474487304688,3.597310781478882,3.829233407974243,3.9472625255584717,4.324451446533203,4.431005954742432,3.818598747253418,3.5055782794952393,3.7196249961853027,3.591035842895508,3.8722312450408936,3.8547730445861816,4.21016788482666,4.163768768310547,4.506875514984131,4.489878177642822,4.772453308105469,4.933748722076416,5.020533561706543,5.356263637542725,5.3504557609558105,4.724943161010742,4.543261528015137,4.803829193115234,4.5672383308410645,4.833235740661621,4.770132541656494,5.131950855255127,5.079308032989502,5.400599002838135,5.427361011505127,5.6684770584106445,5.863241672515869,5.921051502227783,6.227313041687012,6.192728519439697,5.008265495300293,4.6986541748046875,4.754421234130859,4.414577960968018,4.522556781768799,4.338710308074951,4.3969340324401855,4.478916645050049,4.299588680267334,4.5912346839904785,4.471302509307861,4.827723503112793,4.789897441864014,5.0799970626831055,5.314209938049316
A2,0.3918929696083069,0.0,0.3996759355068207,0.5941354632377625,0.9218789339065552,1.139148473739624,1.4693697690963745,1.665759801864624,1.9930169582366943,2.2085812091827393,2.545973539352417,2.7447869777679443,3.0841434001922607,3.340233564376831,3.5623912811279297,2.4806835651397705,2.264244794845581,2.421447992324829,2.731191396713257,2.740290641784668,2.692493438720703,3.028632640838623,2.9100234508514404,3.2514021396636963,3.2462410926818848,3.5376830101013184,3.7416718006134033,3.8357973098754883,4.207649230957031,4.283016204833984,3.7389674186706543,3.4459996223449707,3.6891841888427734,3.589060068130493,3.894721031188965,3.884887933731079,4.248269557952881,4.190056800842285,4.534650802612305,4.487159729003906,4.772009372711182,4.904234886169434,4.981008529663086,5.301913738250732,5.269082069396973,4.628066539764404,4.450349807739258,4.733497619628906,4.5223798751831055,4.8099822998046875,4.764435768127441,5.133876800537109,5.081625938415527,5.413079261779785,5.418511390686035,5.669691562652588,5.841187477111816,5.8969831466674805,6.186529636383057,6.132988929748535,4.863901615142822,4.5476508140563965,4.624245643615723,4.297095775604248,4.4265217781066895,4.272466659545898,4.343113422393799,4.457139492034912,4.295888900756836,4.6082916259765625,4.512646198272705,4.8780107498168945,4.870472431182861,5.1650848388671875,5.415865421295166
A3,0.6566499471664429,0.3996759355068207,0.0,0.3943164050579071,0.5882606506347656,0.8860607147216797,1.1627213954925537,1.419235348701477,1.7063180208206177,1.9659473896026611,2.2733116149902344,2.4999327659606934,2.8343801498413086,3.084228277206421,3.331148147583008,2.396057367324829,2.1653101444244385,2.366636276245117,2.661069393157959,2.6441264152526855,2.5456104278564453,2.8583648204803467,2.697718620300293,3.018472671508789,2.99483060836792,3.2623355388641357,3.470144748687744,3.5374059677124023,3.9133663177490234,3.986497640609741,3.647491455078125,3.3783364295959473,3.646559715270996,3.5333895683288574,3.848297595977783,3.808037519454956,4.162616729736328,4.069313049316406,4.399807929992676,4.328672409057617,4.594226837158203,4.718355178833008,4.768182754516602,5.087662696838379,5.040656566619873,4.568242073059082,4.4208598136901855,4.717944622039795,4.519506931304932,4.815776348114014,4.754215717315674,5.11891508102417,5.039122104644775,5.362945079803467,5.343784809112549,5.5811767578125,5.741113662719727,5.773117542266846,6.056424140930176,5.983223915100098,4.833473205566406,4.533461093902588,4.641780376434326,4.330041885375977,4.490447044372559,4.344806671142578,4.44999361038208,4.567979335784912,4.436097621917725,4.752499580383301,4.683497428894043,5.056864261627197,5.060925483703613,5.371973991394043,5.616936683654785
A4,0.9314529895782471,0.5941354632377625,0.3943164050579071,0.0,0.3879370093345642,0.5624145865440369,0.8845248222351074,1.0837458372116089,1.4040460586547852,1.622894287109375,1.955024003982544,2.1573519706726074,2.4969866275787354,2.750680923461914,2.9808669090270996,2.145780086517334,1.9625437259674072,2.1978609561920166,2.5183935165405273,2.546834707260132,2.4567947387695312,2.778266668319702,2.6056413650512695,2.93211030960083,2.8683838844299316,3.1485671997070312,3.318155527114868,3.3814139366149902,3.7445762157440186,3.7880170345306396,3.408352851867676,3.154548406600952,3.4407341480255127,3.360990524291992,3.694042921066284,3.6727399826049805,4.035133361816406,3.9450318813323975,4.280466556549072,4.188173294067383,4.464437961578369,4.560295104980469,4.615037441253662,4.917529106140137,4.851852893829346,4.29786491394043,4.1486101150512695,4.460397243499756,4.283417701721191,4.595432758331299,4.5537109375,4.924152851104736,4.852295398712158,5.1863250732421875,5.153876781463623,5.404798984527588,5.544943332672119,5.5841498374938965,5.852297782897949,5.769525527954102,4.518739223480225,4.213468074798584,4.333676338195801,4.032381057739258,4.207057476043701,4.085370063781738,4.200089454650879,4.342870712280273,4.228357315063477,4.55965518951416,4.513957500457764,4.8928632736206055,4.924866676330566,5.239773750305176,5.497592449188232
A5,1.2273045778274536,0.9218789339065552,0.5882606506347656,0.3879370093345642,0.0,0.37172678112983704,0.5762403011322021,0.8653755784034729,1.1225353479385376,1.403463363647461,1.6922028064727783,1.9354002475738525,2.2617509365081787,2.514061450958252,2.7687735557556152,2.178762197494507,1.9935773611068726,2.27138352394104,2.569554567337036,2.574021339416504,2.432460069656372,2.7214057445526123,2.5019001960754395,2.798332929611206,2.7069220542907715,2.954850673675537,3.12176775932312,3.1478002071380615,3.512223720550537,3.5461907386779785,3.409607410430908,3.186825752258301,3.4966623783111572,3.408317804336548,3.747929096221924,3.697700023651123,4.047756671905518,3.9221904277801514,4.239950180053711,4.120782375335693,4.3746337890625,4.457699775695801,4.481807231903076,4.778922080993652,4.694229602813721,4.3180084228515625,4.20060920715332,4.525745868682861,4.365627288818359,4.685243129730225,4.630561828613281,4.994231700897217,4.896574020385742,5.221805095672607,5.163400650024414,5.400144577026367,5.525478839874268,5.540293216705322,5.798791885375977,5.693904876708984,4.5583648681640625,4.270668029785156,4.423187732696533,4.141471862792969,4.3454976081848145,4.236445903778076,4.381669998168945,4.529757022857666,4.4428558349609375,4.7762908935546875,4.754602432250977,5.137930393218994,5.180810928344727,5.507280349731445,5.7600860595703125
A6,1.489022970199585,1.139148473739624,0.8860607147216797,0.5624145865440369,0.37172678112983704,0.0,0.3889252841472626,0.537265419960022,0.860344409942627,1.094956874847412,1.4156080484390259,1.6480001211166382,1.9674341678619385,2.243560314178467,2.469651937484741,2.1249539852142334,2.0031752586364746,2.3071205615997314,2.625727891921997,2.675264835357666,2.546060562133789,2.8367457389831543,2.608269691467285,2.9017422199249268,2.7686052322387695,3.020031690597534,3.1433706283569336,3.1557507514953613,3.50174880027771,3.4972119331359863,3.346040964126587,3.1440398693084717,3.4691832065582275,3.4193103313446045,3.773453712463379,3.7448081970214844,4.09967565536499,3.979191541671753,4.298981189727783,4.158755302429199,4.4203877449035645,4.472588539123535,4.4988322257995605,4.775125980377197,4.667579650878906,4.206238746643066,4.085494518280029,4.42575740814209,4.291543960571289,4.626425743103027,4.596275806427002,4.964521408081055,4.87835693359375,5.213253974914551,5.141976356506348,5.392549991607666,5.495848178863525,5.51840353012085,5.758670330047607,5.6424102783203125,4.382901191711426,4.087591648101807,4.2524614334106445,3.984975576400757,4.201325416564941,4.122891902923584,4.271191596984863,4.447839736938477,4.3744797706604,4.7218427658081055,4.718794822692871,5.103710651397705,5.1727070808410645,5.496575355529785,5.763500690460205
A7,1.7880852222442627,1.4693697690963745,1.1627213954925537,0.8845248222351074,0.5762403011322021,0.3889252841472626,0.0,0.3822247087955475,0.5501172542572021,0.8565752506256104,1.1186147928237915,1.3779650926589966,1.6942429542541504,1.949193000793457,2.2095181941986084,2.0635783672332764,1.9483247995376587,2.2852461338043213,2.5755131244659424,2.608884811401367,2.4385688304901123,2.693760395050049,2.4271509647369385,2.6883745193481445,2.523223400115967,2.7460014820098877,2.855395555496216,2.8367738723754883,3.1779024600982666,3.1615302562713623,3.224247694015503,3.0565435886383057,3.4008138179779053,3.3452868461608887,3.7025411128997803,3.648813247680664,3.988821268081665,3.8374388217926025,4.1385579109191895,3.9721221923828125,4.213386058807373,4.2494730949401855,4.250073432922363,4.517605781555176,4.39262580871582,4.095186233520508,4.008339881896973,4.358053207397461,4.240986347198486,4.5803656578063965,4.537010192871094,4.895784854888916,4.784914970397949,5.109560966491699,5.012992858886719,5.249582767486572,5.33717155456543,5.337619781494141,5.567093372344971,5.431087493896484,4.298459053039551,4.026042938232422,4.221763610839844,3.97579026222229,4.220370292663574,4.151857376098633,4.333039283752441,4.510273456573486,4.468052387237549,4.813798427581787,4.837718486785889,5.225422382354736,5.305899620056152,5.642501354217529,5.901684284210205
A8,2.015115976333618,1.665759801864624,1.419235348701477,1.0837458372116089,0.8653755784034729,0.537265419960022,0.3822247087955475,0.0,0.3851913511753082,0.5633988380432129,0.8927448391914368,1.126267910003662,1.4334330558776855,1.7239644527435303,1.9393473863601685,2.0734503269195557,2.028470754623413,2.374835252761841,2.6839277744293213,2.7647886276245117,2.619431257247925,2.879236936569214,2.618438720703125,2.8787622451782227,2.681183099746704,2.9100093841552734,2.9729931354522705,2.947284460067749,3.263063669204712,3.2059261798858643,3.207813262939453,3.0593228340148926,3.411715507507324,3.3985671997070312,3.7660419940948486,3.740210771560669,4.084674835205078,3.946448802947998,4.250738143920898,4.069189548492432,4.320914268493652,4.3270769119262695,4.335632801055908,4.580288410186768,4.435038089752197,4.0145440101623535,3.9192490577697754,4.281226634979248,4.190282821655273,4.542668342590332,4.5279669761657715,4.890819072723389,4.7973103523254395,5.132086753845215,5.027154922485352,5.279813289642334,5.346395492553711,5.359486103057861,5.570290565490723,5.426527976989746,4.141387939453125,3.858930826187134,4.062755584716797,3.831416606903076,4.083629131317139,4.047343730926514,4.225686550140381,4.431619167327881,4.399377346038818,4.757258415222168,4.796219825744629,5.1826863288879395,5.287614822387695,5.6178765296936035,5.891340255737305
A9,2.325321912765503,1.9930169582366943,1.7063180208206177,1.4040460586547852,1.1225353479385376,0.860344409942627,0.5501172542572021,0.3851913511753082,0.0,0.385920912027359,0.5751350522041321,0.8757002353668213,1.1582739353179932,1.435866355895996,1.6876914501190186,2.1466751098632812,2.112720012664795,2.4797327518463135,2.756267547607422,2.8205831050872803,2.6387643814086914,2.8575446605682373,2.5624914169311523,2.7814760208129883,2.5497262477874756,2.739091396331787,2.7801382541656494,2.7123756408691406,3.014976739883423,2.9360344409942627,3.1926109790802,3.0838329792022705,3.4512784481048584,3.434934616088867,3.8017208576202393,3.7521018981933594,4.07822322845459,3.9097249507904053,4.191524028778076,3.982417583465576,4.209783554077148,4.195805072784424,4.174768447875977,4.405606746673584,4.238007068634033,3.995284080505371,3.9357481002807617,4.305748462677002,4.235385894775391,4.590656757354736,4.56491231918335,4.916129112243652,4.799189567565918,5.122054100036621,4.990694522857666,5.228224754333496,5.276004791259766,5.265789031982422,5.4620442390441895,5.295766353607178,4.139373779296875,3.882164716720581,4.11724328994751,3.911536693572998,4.1899333000183105,4.166628360748291,4.3739848136901855,4.581171989440918,4.577861309051514,4.932830333709717,4.996013164520264,5.383012294769287,5.498373508453369,5.838076114654541,6.104507923126221
A10,2.5492467880249023,2.2085812091827393,1.9659473896026611,1.622894287109375,1.403463363647461,1.094956874847412,0.8565752506256104,0.5633988380432129,0.385920912027359,0.0,0.3920423090457916,0.5680593252182007,0.8763808608055115,1.1681530475616455,1.3765794038772583,2.056278705596924,2.0928168296813965,2.461178779602051,2.7452425956726074,2.8550682067871094,2.701263189315796,2.9211180210113525,2.640772819519043,2.8591554164886475,2.6013009548187256,2.8025360107421875,2.794316291809082,2.73386549949646,3.005667209625244,2.8906450271606445,3.043160915374756,2.957685947418213,3.3292927742004395,3.353902816772461,3.726346731185913,3.7035603523254395,4.030166149139404,3.8767359256744385,4.159840106964111,3.938340425491333,4.177097320556641,4.133823394775391,4.1262431144714355,4.333404064178467,4.150723457336426,3.7778375148773193,3.714500904083252,4.093376636505127,4.0492119789123535,4.413984775543213,4.413290023803711,4.76483678817749,4.66315221786499,4.993177890777588,4.853733539581299,5.105525493621826,5.133012771606445,5.136210918426514,5.314404010772705,5.143538475036621,3.858052968978882,3.597564458847046,3.842517852783203,3.6547515392303467,3.9430630207061768,3.948977470397949,4.160293102264404,4.389740467071533,4.403469085693359,4.76522970199585,4.848721981048584,5.232574462890625,5.372006416320801,5.7080206871032715,5.9830641746521
A11,2.879240036010742,2.545973539352417,2.2733116149902344,1.955024003982544,1.6922028064727783,1.4156080484390259,1.1186147928237915,0.8927448391914368,0.5751350522041321,0.3920423090457916,0.0,0.38474979996681213,0.5908215641975403,0.8823803663253784,1.1289440393447876,2.259456157684326,2.304624557495117,2.681490659713745,2.932487964630127,3.0255286693573,2.8413970470428467,3.0190277099609375,2.7111222743988037,2.883204221725464,2.5941431522369385,2.747498035430908,2.7108662128448486,2.6005914211273193,2.8478736877441406,2.7008512020111084,3.1364667415618896,3.093578815460205,3.474177360534668,3.4976630210876465,3.8652708530426025,3.8210670948028564,4.126463890075684,3.9450371265411377,4.2024970054626465,3.9536795616149902,4.16471529006958,4.09771728515625,4.057906150817871,4.24539041519165,4.036095142364502,3.8490614891052246,3.8222668170928955,4.206328392028809,4.18574857711792,4.551077842712402,4.5421037673950195,4.879734516143799,4.756958484649658,5.073406219482422,4.90723991394043,5.14302396774292,5.148629188537598,5.128164291381836,5.287572383880615,5.092021465301514,3.9352293014526367,3.7026567459106445,3.977329730987549,3.8191282749176025,4.129809856414795,4.151447296142578,4.3865580558776855,4.617929458618164,4.65762186050415,5.015340328216553,5.120025634765625,5.502197265625,5.651342868804932,5.993402481079102,6.262505054473877
A12,3.071181535720825,2.7447869777679443,2.4999327659606934,2.1573519706726074,1.9354002475738525,1.6480001211166382,1.3779650926589966,1.126267910003662,0.8757002353668213,0.5680593252182007,0.38474979996681213,0.0,0.3839871287345886,0.6069597601890564,0.836627185344696,2.110069990158081,2.2154603004455566,2.5853562355041504,2.828125,2.9562997817993164,2.796293258666992,2.966310501098633,2.676637649536133,2.8430566787719727,2.53444504737854,2.6987266540527344,2.6148812770843506,2.521010637283325,2.7354886531829834,2.5605294704437256,2.8907854557037354,2.876415252685547,3.2572593688964844,3.313809871673584,3.6809275150299072,3.656357526779175,3.9560399055480957,3.7865805625915527,4.040839195251465,3.781510353088379,4.0006794929504395,3.9073774814605713,3.881589889526367,4.047100067138672,3.8279154300689697,3.5413734912872314,3.519864797592163,3.9085605144500732,3.9117932319641113,4.281593322753906,4.289041996002197,4.622090816497803,4.5080037117004395,4.826447010040283,4.6514081954956055,4.896108150482178,4.883758544921875,4.873231410980225,5.0170416831970215,4.818650245666504,3.589704990386963,3.364121437072754,3.6515004634857178,3.513730525970459,3.8365020751953125,3.8799195289611816,4.126626014709473,4.369628429412842,4.431792736053467,4.789239406585693,4.916726589202881,5.29401159286499,5.462808609008789,5.804342269897461,6.074535846710205
A13,3.4201738834381104,3.0841434001922607,2.8343801498413086,2.4969866275787354,2.2617509365081787,1.9674341678619385,1.6942429542541504,1.4334330558776855,1.1582739353179932,0.8763808608055115,0.5908215641975403,0.3839871287345886,0.0,0.3918823301792145,0.5456892848014832,2.4488937854766846,2.5725667476654053,2.9397599697113037,3.169212579727173,3.298187255859375,3.1307287216186523,3.277705669403076,2.9785573482513428,3.1142630577087402,2.78627872467041,2.9141271114349365,2.7988789081573486,2.6654815673828125,2.8421945571899414,2.6255056858062744,3.13445782661438,3.15495228767395,3.535308837890625,3.607304811477661,3.969292402267456,3.9431443214416504,4.227580547332764,4.04799222946167,4.283250331878662,4.003838539123535,4.20409631729126,4.082802772521973,4.036193370819092,4.173202991485596,3.9259698390960693,3.7184972763061523,3.7171247005462646,4.109074592590332,4.142037391662598,4.513409614562988,4.530459403991699,4.852582931518555,4.735103130340576,5.045820236206055,4.850830554962158,5.089537143707275,5.05125617980957,5.030035018920898,5.148325443267822,4.9287872314453125,3.7185959815979004,3.5104732513427734,3.817863702774048,3.711998462677002,4.046848297119141,4.118527412414551,4.372171878814697,4.629201412200928,4.708593368530273,5.066433429718018,5.209880828857422,5.582331657409668,5.766085624694824,6.104497909545898,6.377508163452148
A14,3.6572680473327637,3.340233564376831,3.084228277206421,2.750680923461914,2.514061450958252,2.243560314178467,1.949193000793457,1.7239644527435303,1.435866355895996,1.1681530475616455,0.8823803663253784,0.6069597601890564,0.3918823301792145,0.0,0.3846348524093628,2.4102840423583984,2.5572428703308105,2.915210723876953,3.107611894607544,3.236769437789917,3.064887285232544,3.175185441970825,2.8777074813842773,2.9774110317230225,2.6290173530578613,2.732015371322632,2.573282241821289,2.4279961585998535,2.5646207332611084,2.3189430236816406,2.947324752807617,3.010899782180786,3.389322280883789,3.468522548675537,3.8192036151885986,3.7840938568115234,4.045576572418213,3.854008913040161,4.066685199737549,3.76843523979187,3.95219087600708,3.8053700923919678,3.7473597526550293,3.86124324798584,3.5979244709014893,3.4921023845672607,3.5250697135925293,3.914738893508911,3.9689338207244873,4.3354082107543945,4.345859050750732,4.651222229003906,4.518973350524902,4.816127300262451,4.60069465637207,4.827867031097412,4.7701287269592285,4.7359137535095215,4.837460041046143,4.603827953338623,3.511875629425049,3.3371636867523193,3.6672263145446777,3.5891880989074707,3.941694498062134,4.021674156188965,4.300900459289551,4.5511860847473145,4.660356521606445,5.007532596588135,5.175451278686523,5.542514801025391,5.735861301422119,6.080602645874023,6.342554092407227
A15,3.8935747146606445,3.5623912811279297,3.331148147583008,2.9808669090270996,2.7687735557556152,2.469651937484741,2.2095181941986084,1.9393473863601685,1.6876914501190186,1.3765794038772583,1.1289440393447876,0.836627185344696,0.5456892848014832,0.3846348524093628,0.0,2.619723081588745,2.804736614227295,3.151676893234253,3.355404853820801,3.5137648582458496,3.3669469356536865,3.4864661693573,3.2058160305023193,3.3115084171295166,2.961637258529663,3.0715830326080322,2.8908841609954834,2.7529330253601074,2.860605478286743,2.5911831855773926,3.10567045211792,3.1838808059692383,3.5535457134246826,3.668154239654541,4.017401695251465,4.009312629699707,4.270344257354736,4.098022937774658,4.310977458953857,4.010320663452148,4.200974464416504,4.032378196716309,3.986140489578247,4.074615955352783,3.799382448196411,3.5541930198669434,3.5779852867126465,3.969491481781006,4.0516462326049805,4.422207832336426,4.462292194366455,4.765391826629639,4.654550552368164,4.956405162811279,4.737967491149902,4.9777936935424805,4.899892330169678,4.880707740783691,4.960265159606934,4.723064422607422,3.476902961730957,3.2992162704467773,3.6331236362457275,3.579639196395874,3.932253837585449,4.047098159790039,4.3170061111450195,4.590991020202637,4.70814323425293,5.059940338134766,5.2388834953308105,5.598589897155762,5.811639785766602,6.145480155944824,6.417820930480957
B1,2.5910401344299316,2.4806835651397705,2.396057367324829,2.145780086517334,2.178762197494507,2.1249539852142334,2.0635783672332764,2.0734503269195557,2.1466751098632812,2.056278705596924,2.259456157684326,2.110069990158081,2.4488937854766846,2.4102840423583984,2.619723081588745,0.0,0.38805243372917175,0.5746090412139893,0.8302167654037476,1.1138888597488403,1.1944127082824707,1.472133994102478,1.4566359519958496,1.7702475786209106,1.671694040298462,2.047666549682617,2.0535194873809814,2.2892656326293945,2.5348808765411377,2.5824859142303467,1.270560622215271,1.024001121520996,1.3486884832382202,1.351668119430542,1.7233041524887085,1.7694035768508911,2.136140823364258,2.100862503051758,2.4523870944976807,2.344373941421509,2.6875016689300537,2.723731279373169,2.8820109367370605,3.1393074989318848,3.110046863555908,2.177020788192749,2.059465169906616,2.3663699626922607,2.203129529953003,2.5272791385650635,2.4772236347198486,2.841883659362793,2.7606494426727295,3.105694055557251,3.050419569015503,3.3289759159088135,3.4443204402923584,3.520934581756592,3.777228832244873,3.7228496074676514,2.5573339462280273,2.3230879306793213,2.461993455886841,2.188807249069214,2.4207937717437744,2.279162883758545,2.5265519618988037,2.636622667312622,2.6682968139648438,2.9767942428588867,3.074033260345459,3.4543168544769287,3.5630316734313965,3.934065580368042,4.155484199523926
B2,2.3380794525146484,2.264244794845581,2.1653101444244385,1.9625437259674072,1.9935773611068726,2.0031752586364746,1.9483247995376587,2.028470754623413,2.112720012664795,2.0928168296813965,2.304624557495117,2.2154603004455566,2.5725667476654053,2.5572428703308105,2.804736614227295,0.38805243372917175,0.0,0.3798344135284424,0.6670123338699341,0.8583475351333618,0.9028648734092712,1.230332851409912,1.2131668329238892,1.5663654804229736,1.5233484506607056,1.9095885753631592,1.9879471063613892,2.231203556060791,2.516721487045288,2.6106455326080322,1.4977068901062012,1.2239940166473389,1.513321876525879,1.4190906286239624,1.7703207731246948,1.7605918645858765,2.129415512084961,2.069774627685547,2.4247426986694336,2.342074394226074,2.671337842941284,2.7561142444610596,2.898167371749878,3.1904733180999756,3.1840672492980957,2.467402219772339,2.363319158554077,2.6441807746887207,2.4468345642089844,2.743535041809082,2.653242349624634,3.0086593627929688,2.9044349193573,3.2324090003967285,3.191692352294922,3.4448788166046143,3.5902469158172607,3.6469249725341797,3.9270575046539307,3.879865884780884,2.9127438068389893,2.689751148223877,2.8145017623901367,2.530489206314087,2.739126205444336,2.5634512901306152,2.7924110889434814,2.866957902908325,2.8687610626220703,3.160249710083008,3.222773551940918,3.6024107933044434,3.673056125640869,4.04623556137085,4.253295421600342
B3,2.4440674781799316,2.421447992324829,2.366636276245117,2.1978609561920166,2.27138352394104,2.3071205615997314,2.2852461338043213,2.374835252761841,2.4797327518463135,2.461178779602051,2.681490659713745,2.5853562355041504,2.9397599697113037,2.915210723876953,3.151676893234253,0.5746090412139893,0.3798344135284424,0.0,0.3816240429878235,0.6543355584144592,0.8501681685447693,1.1825679540634155,1.2831323146820068,1.6325417757034302,1.6610013246536255,2.05037784576416,2.1406376361846924,2.4265050888061523,2.694056510925293,2.816920042037964,1.4202795028686523,1.087427020072937,1.300050139427185,1.1711478233337402,1.4974040985107422,1.5146443843841553,1.8947516679763794,1.8886795043945312,2.2604613304138184,2.2328667640686035,2.581305503845215,2.698256254196167,2.880636692047119,3.1808080673217773,3.216679573059082,2.3728489875793457,2.2465767860412598,2.4852700233459473,2.245609760284424,2.513165235519409,2.407787799835205,2.7624008655548096,2.672999620437622,3.0001566410064697,2.997257947921753,3.253492593765259,3.429826498031616,3.5087907314300537,3.8089969158172607,3.797689199447632,2.868818998336792,2.6549456119537354,2.7346315383911133,2.4321489334106445,2.601151943206787,2.3812971115112305,2.5952770709991455,2.6268417835235596,2.61478853225708,2.8834099769592285,2.931637763977051,3.305556535720825,3.35595965385437,3.7325186729431152,3.924837589263916
B4,2.7255804538726807,2.731191396713257,2.661069393157959,2.5183935165405273,2.569554567337036,2.625727891921997,2.5755131244659424,2.6839277744293213,2.756267547607422,2.7452425956726074,2.932487964630127,2.828125,3.169212579727173,3.107611894607544,3.355404853820801,0.8302167654037476,0.6670123338699341,0.3816240429878235,0.0,0.3732078969478607,0.6588859558105469,0.9235163331031799,1.1161797046661377,1.4280604124069214,1.5098730325698853,1.8872042894363403,1.9826816320419312,2.3056507110595703,2.5513827800750732,2.709801435470581,1.2798752784729004,0.957994282245636,1.1167911291122437,0.896614134311676,1.1941059827804565,1.1623281240463257,1.5359923839569092,1.5245082378387451,1.8973349332809448,1.8949806690216064,2.243734359741211,2.3880462646484375,2.585186719894409,2.896932363510132,2.9664270877838135,2.2567219734191895,2.1689541339874268,2.3725926876068115,2.1152241230010986,2.350066661834717,2.195908308029175,2.5283877849578857,2.405179977416992,2.711469888687134,2.7110934257507324,2.9450504779815674,3.140397310256958,3.2071733474731445,3.5236563682556152,3.5259478092193604,2.857454538345337,2.6887691020965576,2.76648211479187,2.4832258224487305,2.6486642360687256,2.4066147804260254,2.643017530441284,2.630507707595825,2.645522356033325,2.877293825149536,2.9407551288604736,3.299313545227051,3.3372256755828857,3.7213590145111084,3.883213520050049
B5,2.7034008502960205,2.740290641784668,2.6441264152526855,2.546834707260132,2.574021339416504,2.675264835357666,2.608884811401367,2.7647886276245117,2.8205831050872803,2.8550682067871094,3.0255286693573,2.9562997817993164,3.298187255859375,3.236769437789917,3.5137648582458496,1.1138888597488403,0.8583475351333618,0.6543355584144592,0.3732078969478607,0.0,0.36738166213035583,0.6294682025909424,0.8760050535202026,1.1868475675582886,1.3462450504302979,1.7063966989517212,1.8648853302001953,2.1932356357574463,2.458773374557495,2.66147780418396,1.5276309251785278,1.2484543323516846,1.3824467658996582,1.0909167528152466,1.3235288858413696,1.1940160989761353,1.5283602476119995,1.4614721536636353,1.8135274648666382,1.8293068408966064,2.144740581512451,2.335114002227783,2.5047295093536377,2.8456273078918457,2.935650587081909,2.522700548171997,2.4696149826049805,2.655576467514038,2.3921775817871094,2.5985398292541504,2.403930187225342,2.708214282989502,2.54761004447937,2.820255994796753,2.8177263736724854,3.01155948638916,3.2255516052246094,3.2586019039154053,3.5903477668762207,3.590881824493408,3.1759676933288574,3.027996778488159,3.1137137413024902,2.8396573066711426,3.003464698791504,2.752087116241455,2.9864299297332764,2.9503746032714844,2.9589436054229736,3.1690568923950195,3.2165396213531494,3.5651586055755615,3.5748894214630127,3.957834005355835,4.098406791687012
B6,2.671767234802246,2.692493438720703,2.5456104278564453,2.4567947387695312,2.432460069656372,2.546060562133789,2.4385688304901123,2.619431257247925,2.6387643814086914,2.701263189315796,2.8413970470428467,2.796293258666992,3.1307287216186523,3.064887285232544,3.3669469356536865,1.1944127082824707,0.9028648734092712,0.8501681685447693,0.6588859558105469,0.36738166213035583,0.0,0.3805985152721405,0.5302728414535522,0.8732514381408691,1.0380825996398926,1.3942933082580566,1.5930025577545166,1.9011765718460083,2.194354295730591,2.4112696647644043,1.6660724878311157,1.4427778720855713,1.6299458742141724,1.3453248739242554,1.5830979347229004,1.3971558809280396,1.6942955255508423,1.544459581375122,1.8609281778335571,1.8272465467453003,2.102750778198242,2.28800892829895,2.403963565826416,2.756211519241333,2.8235769271850586,2.6930971145629883,2.676801919937134,2.8862757682800293,2.650862216949463,2.869269371032715,2.666914939880371,2.9593961238861084,2.7667384147644043,3.023205041885376,2.984186887741089,3.153766632080078,3.348830223083496,3.3430049419403076,3.6651532649993896,3.6336584091186523,3.349519729614258,3.2105159759521484,3.3333821296691895,3.0770418643951416,3.270942211151123,3.0431113243103027,3.2943363189697266,3.2774808406829834,3.2981982231140137,3.5175111293792725,3.573681116104126,3.924929618835449,3.9402854442596436,4.323495388031006,4.46539306640625
B7,3.0046021938323975,3.028632640838623,2.8583648204803467,2.778266668319702,2.7214057445526123,2.8367457389831543,2.693760395050049,2.879236936569214,2.8575446605682373,2.9211180210113525,3.0190277099609375,2.966310501098633,3.277705669403076,3.175185441970825,3.4864661693573,1.472133994102478,1.230332851409912,1.1825679540634155,0.9235163331031799,0.6294682025909424,0.3805985152721405,0.0,0.3840148448944092,0.5858032703399658,0.8373180031776428,1.144874930381775,1.3589344024658203,1.6920629739761353,1.9604049921035767,2.216529130935669,1.6901367902755737,1.5334359407424927,1.6948659420013428,1.3816052675247192,1.5651949644088745,1.305067539215088,1.5357909202575684,1.3175616264343262,1.589935541152954,1.5451124906539917,1.783503770828247,1.9902410507202148,2.084512948989868,2.450460433959961,2.537332057952881,2.6937499046325684,2.7282679080963135,2.9186995029449463,2.6959152221679688,2.890580892562866,2.6538968086242676,2.911273956298828,2.6758997440338135,2.896737813949585,2.835149049758911,2.965815782546997,3.159839630126953,3.1186883449554443,3.443462371826172,3.404606342315674,3.41371750831604,3.3161752223968506,3.4548397064208984,3.2269413471221924,3.432007074356079,3.2071547508239746,3.4811301231384277,3.446810007095337,3.4970550537109375,3.6940572261810303,3.7708640098571777,4.108717918395996,4.124021053314209,4.509809970855713,4.630063056945801
B8,2.9212424755096436,2.9100234508514404,2.697718620300293,2.6056413650512695,2.5019001960754395,2.608269691467285,2.4271509647369385,2.618438720703125,2.5624914169311523,2.640772819519043,2.7111222743988037,2.676637649536133,2.9785573482513428,2.8777074813842773,3.2058160305023193,1.4566359519958496,1.2131668329238892,1.2831323146820068,1.1161797046661377,0.8760050535202026,0.5302728414535522,0.3840148448944092,0.0,0.3835107982158661,0.544623613357544,0.8776388764381409,1.1223750114440918,1.4106727838516235,1.72258722782135,1.965836524963379,1.8046573400497437,1.6821212768554688,1.908246397972107,1.6394768953323364,1.864626169204712,1.6176060438156128,1.8457458019256592,1.593085527420044,1.8372489213943481,1.723976731300354,1.9294214248657227,2.0902371406555176,2.1264212131500244,2.4820396900177,2.5168557167053223,2.8223822116851807,2.8708858489990234,3.0987629890441895,2.9081850051879883,3.13281512260437,2.9162020683288574,3.1813290119171143,2.9411447048187256,3.167448043823242,3.0717673301696777,3.2025306224823,3.3628714084625244,3.300200939178467,3.6012158393859863,3.5238986015319824,3.4970076084136963,3.3910412788391113,3.5645782947540283,3.3476200103759766,3.5822510719299316,3.3878579139709473,3.672184705734253,3.672950267791748,3.7287657260894775,3.9504265785217285,4.035487174987793,4.3844451904296875,4.416471481323242,4.802750110626221,4.940101623535156
B9,3.2640206813812256,3.2514021396636963,3.018472671508789,2.93211030960083,2.798332929611206,2.9017422199249268,2.6883745193481445,2.8787622451782227,2.7814760208129883,2.8591554164886475,2.883204221725464,2.8430566787719727,3.1142630577087402,2.9774110317230225,3.3115084171295166,1.7702475786209106,1.5663654804229736,1.6325417757034302,1.4280604124069214,1.1868475675582886,0.8732514381408691,0.5858032703399658,0.3835107982158661,0.0,0.3777831792831421,0.5787298083305359,0.864366352558136,1.1657991409301758,1.4522967338562012,1.7416971921920776,1.918887734413147,1.8617361783981323,2.069295644760132,1.7955811023712158,1.977076768875122,1.6853853464126587,1.842516541481018,1.5305737257003784,1.7041420936584473,1.5578060150146484,1.6977776288986206,1.8598285913467407,1.8460824489593506,2.208233594894409,2.2472445964813232,2.8896727561950684,2.9864602088928223,3.2008211612701416,3.0305087566375732,3.2368454933166504,2.997344493865967,3.228346347808838,2.952025890350342,3.142273187637329,3.0176475048065186,3.1080803871154785,3.255265474319458,3.1515564918518066,3.444319725036621,3.3492162227630615,3.6048424243927,3.5368382930755615,3.7288663387298584,3.5410287380218506,3.788261651992798,3.6026835441589355,3.9065043926239014,3.897956132888794,3.9797515869140625,4.185652256011963,4.289778709411621,4.6282267570495605,4.663492679595947,5.051359176635742,5.172764778137207
B10,3.3039474487304688,3.2462410926818848,2.99483060836792,2.8683838844299316,2.7069220542907715,2.7686052322387695,2.523223400115967,2.681183099746704,2.5497262477874756,2.6013009548187256,2.5941431522369385,2.53444504737854,2.78627872467041,2.6290173530578613,2.961637258529663,1.671694040298462,1.5233484506607056,1.6610013246536255,1.5098730325698853,1.3462450504302979,1.0380825996398926,0.8373180031776428,0.544623613357544,0.3777831792831421,0.0,0.3900643587112427,0.5862360596656799,0.8693027496337891,1.1806654930114746,1.4268364906311035,1.8295400142669678,1.8170841932296753,2.0754079818725586,1.8576656579971313,2.0802693367004395,1.8210245370864868,1.9922404289245605,1.6781784296035767,1.8492655754089355,1.635790228843689,1.7774813175201416,1.8615797758102417,1.8202611207962036,2.1483964920043945,2.1240196228027344,2.783518075942993,2.8940558433532715,3.1417276859283447,3.0093677043914795,3.245898723602295,3.034503698348999,3.2758219242095947,3.00472092628479,3.210505723953247,3.052733898162842,3.1604697704315186,3.266434907913208,3.1594913005828857,3.4219272136688232,3.292268991470337,3.4478750228881836,3.378814697265625,3.6028811931610107,3.434420585632324,3.71020245552063,3.559583902359009,3.878570556640625,3.9048798084259033,4.004810810089111,4.2320380210876465,4.357751369476318,4.703952789306641,4.767725944519043,5.156497001647949,5.296228408813477
B11,3.597310781478882,3.5376830101013184,3.2623355388641357,3.1485671997070312,2.954850673675537,3.020031690597534,2.7460014820098877,2.9100093841552734,2.739091396331787,2.8025360107421875,2.747498035430908,2.6987266540527344,2.9141271114349365,2.732015371322632,3.0715830326080322,2.047666549682617,1.9095885753631592,2.05037784576416,1.8872042894363403,1.7063966989517212,1.3942933082580566,1.144874930381775,0.8776388764381409,0.5787298083305359,0.3900643587112427,0.0,0.3895307183265686,0.6070248484611511,0.9112792611122131,1.2160013914108276,2.1070034503936768,2.139758825302124,2.383913278579712,2.1663620471954346,2.3562889099121094,2.0711352825164795,2.18540620803833,1.8348873853683472,1.9335538148880005,1.6926229000091553,1.749649167060852,1.8176265954971313,1.6983859539031982,2.0160253047943115,1.974829912185669,3.0021982192993164,3.1508986949920654,3.3897573947906494,3.277803421020508,3.5004546642303467,3.2752232551574707,3.487245559692383,3.189558982849121,3.361611843109131,3.1773550510406494,3.245457410812378,3.332456350326538,3.1826419830322266,3.4275689125061035,3.2724716663360596,3.6799192428588867,3.639735698699951,3.881685733795166,3.7376596927642822,4.024035930633545,3.8840138912200928,4.214606761932373,4.2376604080200195,4.353107452392578,4.571150302886963,4.7074456214904785,5.047031402587891,5.111560821533203,5.500758171081543,5.630027770996094
B12,3.829233407974243,3.7416718006134033,3.470144748687744,3.318155527114868,3.12176775932312,3.1433706283569336,2.855395555496216,2.9729931354522705,2.7801382541656494,2.794316291809082,2.7108662128448486,2.6148812770843506,2.7988789081573486,2.573282241821289,2.8908841609954834,2.0535194873809814,1.9879471063613892,2.1406376361846924,1.9826816320419312,1.8648853302001953,1.5930025577545166,1.3589344024658203,1.1223750114440918,0.864366352558136,0.5862360596656799,0.3895307183265686,0.0,0.38430771231651306,0.6042299866676331,0.8814606666564941,1.9586167335510254,2.056490659713745,2.3108444213867188,2.142444372177124,2.3359625339508057,2.0738704204559326,2.1714115142822266,1.8215258121490479,1.8981215953826904,1.5999974012374878,1.6502749919891357,1.6352373361587524,1.498263955116272,1.7720993757247925,1.677872657775879,2.7796030044555664,2.958953857421875,3.206970691680908,3.134840488433838,3.3662750720977783,3.157787322998047,3.359973430633545,3.0596699714660645,3.2304482460021973,3.0122551918029785,3.0850746631622314,3.1310935020446777,2.9744315147399902,3.1886227130889893,3.0052523612976074,3.434952974319458,3.4184587001800537,3.684244394302368,3.5727572441101074,3.8789310455322266,3.7686498165130615,4.117609024047852,4.157867431640625,4.30330228805542,4.524051666259766,4.689884662628174,5.025423049926758,5.116758823394775,5.505275726318359,5.639583110809326
B13,3.9472625255584717,3.8357973098754883,3.5374059677124023,3.3814139366149902,3.1478002071380615,3.1557507514953613,2.8367738723754883,2.947284460067749,2.7123756408691406,2.73386549949646,2.6005914211273193,2.521010637283325,2.6654815673828125,2.4279961585998535,2.7529330253601074,2.2892656326293945,2.231203556060791,2.4265050888061523,2.3056507110595703,2.1932356357574463,1.9011765718460083,1.6920629739761353,1.4106727838516235,1.1657991409301758,0.8693027496337891,0.6070248484611511,0.38430771231651306,0.0,0.3921715021133423,0.6377779841423035,2.2617087364196777,2.374398946762085,2.649348258972168,2.501788377761841,2.70742130279541,2.4538066387176514,2.5497090816497803,2.1981093883514404,2.256044387817383,1.9445797204971313,1.957710862159729,1.9066749811172485,1.7152420282363892,1.9417049884796143,1.7891666889190674,3.0439493656158447,3.2328081130981445,3.4978878498077393,3.450099229812622,3.693478584289551,3.499000072479248,3.6993751525878906,3.3996119499206543,3.5660507678985596,3.329179525375366,3.3942198753356934,3.4126193523406982,3.2376694679260254,3.4220004081726074,3.2070369720458984,3.6463747024536133,3.6302335262298584,3.919450283050537,3.8228089809417725,4.145263195037842,4.058298587799072,4.410458087921143,4.471741199493408,4.620428562164307,4.853497505187988,5.023759365081787,5.363945960998535,5.464449882507324,5.8523993492126465,5.995558738708496
