,A1,A2,A3,A4,A5,A6,A7,A8,A9,A10,A11,A12,A13,A14,A15,B1,B2,B3,B4,B5,B6,B7,B8,B9,B10,B11,B12,B13,B14,B15,C1,C2,C3,C4,C5,C6,C7,C8,C9,C10,C11,C12,C13,C14,C15,D1,D2,D3,D4,D5,D6,D7,D8,D9,D10,D11,D12,D13,D14,D15,E1,E2,E3,E4,E5,E6,E7,E8,E9,E10,E11,E12,E13,E14,E15
A1,0.0,0.38333362340927124,0.5751212239265442,0.9188517332077026,1.1884641647338867,1.4871070384979248,1.6637552976608276,2.0081980228424072,2.2642245292663574,2.592038869857788,2.916487693786621,3.09826397895813,3.442265748977661,3.611194133758545,3.963149309158325,1.867974877357483,1.852442741394043,1.604583740234375,1.7222939729690552,1.619834303855896,1.9135515689849854,1.9101675748825073,2.2631638050079346,2.6261446475982666,2.9052340984344482,3.2110755443573,3.38677978515625,3.7307512760162354,3.951704263687134,4.244898319244385,3.745048761367798,3.5077455043792725,3.4791812896728516,3.709712505340576,3.776947259902954,4.141312599182129,4.2345662117004395,4.5910420417785645,4.7454938888549805,4.9236836433410645,5.131720542907715,5.17933988571167,5.315424919128418,5.54468297958374,5.9300103187561035,6.38486909866333,6.223012924194336,5.926390171051025,6.097349166870117,5.981730937957764,6.052311897277832,6.109446048736572,6.398588180541992,6.484652519226074,6.633419036865234,6.769294261932373,6.737771511077881,6.721780300140381,6.861384868621826,6.9594926834106445,4.459251880645752,4.204690933227539,4.086905479431152,4.220778465270996,3.939091682434082,4.005356311798096,4.09716796875,3.8700129985809326,4.095367431640625,4.0889892578125,3.8798165321350098,4.163845539093018,4.133297920227051,4.1046013832092285,4.023567199707031
A2,0.38333362340927124,0.0,0.3842792510986328,0.6186178922653198,0.9481732845306396,1.231350064277649,1.4696083068847656,1.7736026048660278,2.067350149154663,2.397599697113037,2.7083427906036377,2.914634943008423,3.243253231048584,3.4151766300201416,3.7496607303619385,1.6020987033843994,1.6222715377807617,1.3491512537002563,1.5221420526504517,1.4132826328277588,1.7473481893539429,1.7749301195144653,2.1465916633605957,2.4945526123046875,2.750835657119751,3.06034779548645,3.209115505218506,3.5530500411987305,3.7639670372009277,4.03800630569458,3.3766911029815674,3.13370680809021,3.1051506996154785,3.3390755653381348,3.4168856143951416,3.7834670543670654,3.8902387619018555,4.245310306549072,4.413076877593994,4.58980131149292,4.811005592346191,4.862552165985107,5.014195919036865,5.245184898376465,5.631005764007568,6.086833477020264,5.912494659423828,5.610046863555908,5.769256591796875,5.646049976348877,5.712874412536621,5.769741535186768,6.061378002166748,6.155148983001709,6.313779354095459,6.4611077308654785,6.442410945892334,6.437060832977295,6.586828708648682,6.69821834564209,4.232252597808838,3.9608957767486572,3.859311580657959,4.002018451690674,3.7154381275177,3.8010895252227783,3.8960814476013184,3.6693344116210938,3.905471086502075,3.8984975814819336,3.6963019371032715,3.991068124771118,3.9694442749023438,3.952988624572754,3.8785839080810547
A3,0.5751212239265442,0.3842792510986328,0.0,0.37590208649635315,0.6320005059242249,0.9588176608085632,1.1414153575897217,1.4705244302749634,1.7483543157577515,2.0945496559143066,2.425590991973877,2.644385814666748,2.9831156730651855,3.185732841491699,3.524609327316284,1.6098946332931519,1.7084358930587769,1.4897156953811646,1.7235075235366821,1.674638271331787,2.0230586528778076,2.0976309776306152,2.473973274230957,2.8185009956359863,3.051785469055176,3.374666452407837,3.5199551582336426,3.855823516845703,4.071505069732666,4.330544471740723,3.453021287918091,3.182065963745117,3.1173362731933594,3.324065685272217,3.3877694606781006,3.752890110015869,3.8493497371673584,4.215392112731934,4.389133930206299,4.592877388000488,4.816878795623779,4.8976922035217285,5.055150032043457,5.3078718185424805,5.690581321716309,6.211969375610352,6.025461673736572,5.726253509521484,5.874283790588379,5.752862453460693,5.827361583709717,5.896583557128906,6.198150634765625,6.311143398284912,6.486417293548584,6.649180889129639,6.646836280822754,6.64835786819458,6.813691139221191,6.936013698577881,4.48538875579834,4.194631576538086,4.088809013366699,4.216706275939941,3.9113402366638184,3.986417293548584,4.053556442260742,3.8019323348999023,4.017366886138916,3.976374864578247,3.7486493587493896,4.024210453033447,3.971135377883911,3.9244394302368164,3.8156442642211914
A4,0.9188517332077026,0.6186178922653198,0.37590208649635315,0.0,0.3731585144996643,0.665706217288971,0.921617329120636,1.1896954774856567,1.5072476863861084,1.851948857307434,2.1663339138031006,2.411010980606079,2.731985569000244,2.941016435623169,3.260951042175293,1.3943899869918823,1.557481288909912,1.3529343605041504,1.647269606590271,1.6232540607452393,1.9905178546905518,2.107495069503784,2.4867568016052246,2.8093974590301514,3.008829355239868,3.335590362548828,3.4575552940368652,3.7841250896453857,3.9935715198516846,4.228025436401367,3.1467528343200684,2.86137318611145,2.7795679569244385,2.9760704040527344,3.0408473014831543,3.4057939052581787,3.5085222721099854,3.8758513927459717,4.0611572265625,4.271583557128906,4.506072521209717,4.599128246307373,4.770381450653076,5.03066873550415,5.411423683166504,5.954873085021973,5.7552690505981445,5.454225540161133,5.589427471160889,5.464439868927002,5.5401482582092285,5.615252494812012,5.922425270080566,6.049070835113525,6.237427711486816,6.413584232330322,6.426830768585205,6.437588214874268,6.617061138153076,6.7527384757995605,4.345499038696289,4.035641193389893,3.9409964084625244,4.0681681632995605,3.754405975341797,3.8406317234039307,3.899686336517334,3.642552375793457,3.8583409786224365,3.8065531253814697,3.5798163414001465,3.8569283485412598,3.8039968013763428,3.7613890171051025,3.65149188041687
A5,1.1884641647338867,0.9481732845306396,0.6320005059242249,0.3731585144996643,0.0,0.357063353061676,0.5500061511993408,0.8426747918128967,1.1424508094787598,1.4942482709884644,1.8223592042922974,2.070831775665283,2.3996341228485107,2.6292402744293213,2.954083204269409,1.3793306350708008,1.6076370477676392,1.4832803010940552,1.8063247203826904,1.8485180139541626,2.208117961883545,2.3710994720458984,2.746361017227173,3.0647904872894287,3.236706256866455,3.5785765647888184,3.706698417663574,4.017714500427246,4.240444660186768,4.459784507751465,3.2301535606384277,2.922178268432617,2.793919086456299,2.9495699405670166,2.9830825328826904,3.3386409282684326,3.4162559509277344,3.7918379306793213,3.9707436561584473,4.208019256591797,4.434660911560059,4.5555009841918945,4.723054885864258,5.004281997680664,5.379139423370361,5.994937896728516,5.789731502532959,5.498681545257568,5.629067897796631,5.514777660369873,5.605418682098389,5.699470520019531,6.017833709716797,6.164757251739502,6.36624813079834,6.552322864532471,6.5775675773620605,6.587249279022217,6.782878398895264,6.923807621002197,4.524949073791504,4.198782920837402,4.0906171798706055,4.1937150955200195,3.861670970916748,3.9282007217407227,3.953735589981079,3.671952962875366,3.8603646755218506,3.77317476272583,3.5218067169189453,3.7745437622070312,3.6899936199188232,3.617600440979004,3.475950002670288
A6,1.4871070384979248,1.231350064277649,0.9588176608085632,0.665706217288971,0.357063353061676,0.0,0.3745224177837372,0.5529765486717224,0.8752506971359253,1.1986643075942993,1.5018482208251953,1.7530834674835205,2.0692501068115234,2.291672706604004,2.6086628437042236,1.190158724784851,1.4778406620025635,1.423620343208313,1.7726138830184937,1.8712527751922607,2.2182960510253906,2.430171251296997,2.7945070266723633,3.0946340560913086,3.227693557739258,3.5793673992156982,3.704651355743408,3.9952540397644043,4.227643013000488,4.425245761871338,3.079627513885498,2.7587761878967285,2.5915021896362305,2.7132058143615723,2.7168920040130615,3.063340187072754,3.1195666790008545,3.498406410217285,3.6687448024749756,3.9202189445495605,4.139588832855225,4.276236534118652,4.4409050941467285,4.734511375427246,5.104556560516357,5.768925189971924,5.560457229614258,5.278439998626709,5.4067559242248535,5.303555965423584,5.4084086418151855,5.5200958251953125,5.8478498458862305,6.011544704437256,6.222153663635254,6.414236545562744,6.448610305786133,6.4551215171813965,6.665907859802246,6.810920715332031,4.43310022354126,4.091369152069092,3.9748566150665283,4.0580878257751465,3.713031053543091,3.768888235092163,3.769711971282959,3.4735796451568604,3.6449666023254395,3.535412311553955,3.274792432785034,3.51540207862854,3.419015407562256,3.3390908241271973,3.188669204711914
A7,1.6637552976608276,1.4696083068847656,1.1414153575897217,0.921617329120636,0.5500061511993408,0.3745224177837372,0.0,0.39417794346809387,0.6077147126197815,0.9648967981338501,1.3146991729736328,1.5635977983474731,1.9031386375427246,2.1635220050811768,2.493957757949829,1.4730792045593262,1.7670989036560059,1.7542048692703247,2.0916669368743896,2.2116074562072754,2.5500247478485107,2.7669878005981445,3.1304078102111816,3.4380180835723877,3.5702033042907715,3.9283947944641113,4.0640459060668945,4.35031270980835,4.590484142303467,4.7873640060424805,3.385169744491577,3.054077386856079,2.8622288703918457,2.9526562690734863,2.93466854095459,3.2667064666748047,3.3009438514709473,3.6821138858795166,3.845211982727051,4.119239807128906,4.328798770904541,4.488842487335205,4.646936893463135,4.956173896789551,5.318864345550537,6.037264823913574,5.8267741203308105,5.5535783767700195,5.677926063537598,5.582063674926758,5.695415496826172,5.817615509033203,6.150489330291748,6.325612545013428,6.543767929077148,6.741608619689941,6.782575607299805,6.788740634918213,7.006695747375488,7.153303146362305,4.777460098266602,4.431900501251221,4.304764270782471,4.3718719482421875,4.01825475692749,4.055237293243408,4.032016277313232,3.7192459106445312,3.8642914295196533,3.7262799739837646,3.4430248737335205,3.6544246673583984,3.523533344268799,3.4070541858673096,3.218764066696167
A8,2.0081980228424072,1.7736026048660278,1.4705244302749634,1.1896954774856567,0.8426747918128967,0.5529765486717224,0.39417794346809387,0.0,0.36877673864364624,0.6994024515151978,1.013749122619629,1.3127557039260864,1.6188730001449585,1.8978261947631836,2.197868585586548,1.4771397113800049,1.819106936454773,1.845064401626587,2.202390193939209,2.343647003173828,2.674532651901245,2.9185516834259033,3.2713966369628906,3.5534698963165283,3.651175022125244,4.006486892700195,4.121517658233643,4.391246318817139,4.624618053436279,4.7942328453063965,3.198774576187134,2.8560168743133545,2.6316869258880615,2.686415672302246,2.6529605388641357,2.97137713432312,2.9992833137512207,3.37919282913208,3.549757480621338,3.8383259773254395,4.053370475769043,4.234751224517822,4.404142379760742,4.724678993225098,5.079645156860352,5.835537910461426,5.61246919631958,5.343326568603516,5.452392578125,5.357593059539795,5.475892066955566,5.608639717102051,5.947062015533447,6.139481067657471,6.371552467346191,6.582733631134033,6.640897750854492,6.655062675476074,6.888448238372803,7.047361850738525,4.739773750305176,4.379423141479492,4.261504650115967,4.320558071136475,3.9621055126190186,4.003681659698486,3.9646050930023193,3.6473023891448975,3.7817084789276123,3.625866413116455,3.343579053878784,3.5442097187042236,3.407147169113159,3.2890775203704834,3.094238758087158
A9,2.2642245292663574,2.067350149154663,1.7483543157577515,1.5072476863861084,1.1424508094787598,0.8752506971359253,0.6077147126197815,0.36877673864364624,0.0,0.38037192821502686,0.7444161772727966,1.0288935899734497,1.3541100025177002,1.6640690565109253,1.9753338098526,1.7042913436889648,2.044022798538208,2.11826753616333,2.462019920349121,2.6346793174743652,2.9502227306365967,3.2107489109039307,3.557217836380005,3.8407649993896484,3.9266138076782227,4.290462493896484,4.418320178985596,4.676213264465332,4.922667026519775,5.087129592895508,3.470559597015381,3.123908758163452,2.8716540336608887,2.8874735832214355,2.8187711238861084,3.1132140159606934,3.1054491996765137,3.4820656776428223,3.6327219009399414,3.9421491622924805,4.1372389793396,4.340701580047607,4.495534420013428,4.831034183502197,5.175376892089844,5.99293327331543,5.772446632385254,5.518106460571289,5.627625465393066,5.547809600830078,5.680954933166504,5.830283164978027,6.17519474029541,6.380977630615234,6.61868143081665,6.832177639007568,6.894911766052246,6.903048992156982,7.1458330154418945,7.303248405456543,4.998654365539551,4.633974552154541,4.499841213226318,4.535322666168213,4.16762113571167,4.184842586517334,4.115969181060791,3.7820048332214355,3.884385585784912,3.697669267654419,3.3947060108184814,3.5608468055725098,3.3892762660980225,3.235597610473633,3.0051841735839844
A10,2.592038869857788,2.397599697113037,2.0945496559143066,1.851948857307434,1.4942482709884644,1.1986643075942993,0.9648967981338501,0.6994024515151978,0.38037192821502686,0.0,0.3779261112213135,0.6577152609825134,0.9782133102416992,1.3028943538665771,1.6113225221633911,1.8173094987869263,2.1608052253723145,2.2921128273010254,2.6242713928222656,2.833641529083252,3.1252264976501465,3.413278341293335,3.74365496635437,4.012241363525391,4.0677289962768555,4.4359307289123535,4.567192077636719,4.802969455718994,5.059767246246338,5.206602096557617,3.5462918281555176,3.1994171142578125,2.9133734703063965,2.8823325634002686,2.770512580871582,3.0347747802734375,2.9865975379943848,3.355644941329956,3.4825615882873535,3.8096280097961426,3.9830029010772705,4.207339763641357,4.348210334777832,4.6970672607421875,5.028543949127197,5.907319068908691,5.68909215927124,5.452122688293457,5.561248302459717,5.499508380889893,5.650491714477539,5.820309162139893,6.172461032867432,6.394506931304932,6.638354778289795,6.854103088378906,6.92342472076416,6.924578666687012,7.180534362792969,7.337735652923584,5.064606189727783,4.692752361297607,4.545876502990723,4.554892539978027,4.17982292175293,4.176285266876221,4.075612545013428,3.729374408721924,3.7997469902038574,3.5831964015960693,3.268688678741455,3.4019503593444824,3.204972743988037,3.0280914306640625,2.7743663787841797
A11,2.916487693786621,2.7083427906036377,2.425590991973877,2.1663339138031006,1.8223592042922974,1.5018482208251953,1.3146991729736328,1.013749122619629,0.7444161772727966,0.3779261112213135,0.0,0.3725327253341675,0.6212155222892761,0.9630297422409058,1.244412899017334,1.9263966083526611,2.271714925765991,2.4452555179595947,2.7678258419036865,3.0019917488098145,3.270937442779541,3.5814645290374756,3.893817901611328,4.140371322631836,4.162810802459717,4.528990745544434,4.653942584991455,4.866708755493164,5.126255035400391,5.250336170196533,3.522387742996216,3.1788275241851807,2.863295793533325,2.785809278488159,2.6357829570770264,2.866480827331543,2.783478260040283,3.1410202980041504,3.2492151260375977,3.590677499771118,3.7474517822265625,3.991884708404541,4.125048637390137,4.484672546386719,4.802478313446045,5.731924057006836,5.512639999389648,5.290936470031738,5.395023345947266,5.347777843475342,5.513078689575195,5.700653553009033,6.0580949783325195,6.295942783355713,6.546793460845947,6.766645431518555,6.845203399658203,6.843236446380615,7.112469673156738,7.272531509399414,5.056571006774902,4.677839756011963,4.5267558097839355,4.514764308929443,4.137062072753906,4.1216840744018555,3.995225191116333,3.643991231918335,3.688502550125122,3.4484310150146484,3.132615327835083,3.238440752029419,3.0268030166625977,2.8394014835357666,2.5745351314544678
A12,3.09826397895813,2.914634943008423,2.644385814666748,2.411010980606079,2.070831775665283,1.7530834674835205,1.5635977983474731,1.3127557039260864,1.0288935899734497,0.6577152609825134,0.3725327253341675,0.0,0.37438473105430603,0.6722250580787659,1.0075623989105225,2.040194034576416,2.357372522354126,2.5752315521240234,2.869192600250244,3.134615421295166,3.37617564201355,3.7029898166656494,3.9995951652526855,4.242516994476318,4.24888801574707,4.621668338775635,4.765803813934326,4.9610395431518555,5.239090442657471,5.36049747467041,3.7373058795928955,3.4029223918914795,3.075247049331665,2.9761204719543457,2.789405345916748,2.9955382347106934,2.867907762527466,3.2136693000793457,3.2804114818573,3.6269829273223877,3.7473020553588867,3.9961531162261963,4.097914218902588,4.463108539581299,4.770267486572266,5.744650840759277,5.5410332679748535,5.339460372924805,5.457966327667236,5.434477806091309,5.619116306304932,5.824234962463379,6.186026096343994,6.429388046264648,6.675313949584961,6.88560676574707,6.957240581512451,6.938319206237793,7.211606502532959,7.360288619995117,5.130711078643799,4.754978179931641,4.579593181610107,4.538607597351074,4.1559038162231445,4.1087727546691895,3.9525673389434814,3.589623212814331,3.5988645553588867,3.333653211593628,3.002122402191162,3.070479393005371,2.8287405967712402,2.609675168991089,2.317138671875
A13,3.442265748977661,3.243253231048584,2.9831156730651855,2.731985569000244,2.3996341228485107,2.0692501068115234,1.9031386375427246,1.6188730001449585,1.3541100025177002,0.9782133102416992,0.6212155222892761,0.37438473105430603,0.0,0.40345388650894165,0.6593360304832458,2.2557570934295654,2.57114315032959,2.808910846710205,3.096179723739624,3.371256113052368,3.5965464115142822,3.9356870651245117,4.217060089111328,4.438329219818115,4.416972637176514,4.782959461212158,4.915325164794922,5.090298652648926,5.364769458770752,5.462893486022949,3.7583839893341064,3.4306955337524414,3.082202434539795,2.9401376247406006,2.7241666316986084,2.889599084854126,2.731626510620117,3.0567078590393066,3.1064488887786865,3.465240716934204,3.56968092918396,3.8407928943634033,3.9377267360687256,4.311931610107422,4.601104259490967,5.6223626136779785,5.415258884429932,5.22900390625,5.337069988250732,5.325375556945801,5.520802021026611,5.7408366203308105,6.105338096618652,6.364212989807129,6.618255138397217,6.8347673416137695,6.918394565582275,6.900313854217529,7.186350345611572,7.340412616729736,5.18919038772583,4.808727264404297,4.635940074920654,4.57893705368042,4.198705196380615,4.145516872406006,3.9683122634887695,3.6071202754974365,3.5925633907318115,3.307986259460449,2.983449697494507,3.0217018127441406,2.769571304321289,2.5443811416625977,2.2459654808044434
A14,3.611194133758545,3.4151766300201416,3.185732841491699,2.941016435623169,2.6292402744293213,2.291672706604004,2.1635220050811768,1.8978261947631836,1.6640690565109253,1.3028943538665771,0.9630297422409058,0.6722250580787659,0.40345388650894165,0.0,0.3967517614364624,2.279881238937378,2.562194585800171,2.840322971343994,3.0946643352508545,3.395585298538208,3.5847256183624268,3.9403793811798096,4.195740699768066,4.398055553436279,4.348144054412842,4.712280750274658,4.85361385345459,5.00278377532959,5.289665699005127,5.375392913818359,3.7820687294006348,3.4716546535491943,3.114832639694214,2.951354742050171,2.698117256164551,2.8340022563934326,2.6304914951324463,2.937055826187134,2.9397265911102295,3.2950193881988525,3.3605270385742188,3.629418134689331,3.694359540939331,4.069727897644043,4.3480377197265625,5.40253210067749,5.21213960647583,5.04680061340332,5.170007705688477,5.183330535888672,5.398169040679932,5.635616302490234,6.002679824829102,6.265512943267822,6.512370586395264,6.717257022857666,6.793538570404053,6.75800085067749,7.048196792602539,7.191019535064697,5.056359767913818,4.680170059204102,4.488644123077393,4.402754783630371,4.0231242179870605,3.9435577392578125,3.738616943359375,3.3739593029022217,3.32639479637146,3.021754503250122,2.6945180892944336,2.698735475540161,2.430218458175659,2.191826820373535,1.8859046697616577
A15,3.963149309158325,3.7496607303619385,3.524609327316284,3.260951042175293,2.954083204269409,2.6086628437042236,2.493957757949829,2.197868585586548,1.9753338098526,1.6113225221633911,1.244412899017334,1.0075623989105225,0.6593360304832458,0.3967517614364624,0.0,2.5537400245666504,2.836552381515503,3.117906093597412,3.3702657222747803,3.669658660888672,3.8484885692596436,4.209188461303711,4.4518232345581055,4.63211727142334,4.558184623718262,4.91101598739624,5.034520149230957,5.165264129638672,5.442132472991943,5.502700328826904,3.8104727268218994,3.5101728439331055,3.1389811038970947,2.9342434406280518,2.6595022678375244,2.7469594478607178,2.517803430557251,2.793208599090576,2.7809746265411377,3.1459832191467285,3.1971187591552734,3.491055727005005,3.555760145187378,3.93811297416687,4.193719387054443,5.290785789489746,5.093691825866699,4.943695068359375,5.050339221954346,5.0728936195373535,5.295403957366943,5.545643329620361,5.913122653961182,6.191854953765869,6.448228359222412,6.661646842956543,6.753159523010254,6.722509384155273,7.025533676147461,7.176639080047607,5.14554500579834,4.76627779006958,4.584990978240967,4.488624572753906,4.1169233322143555,4.038941860198975,3.819591760635376,3.4651451110839844,3.3991458415985107,3.083179235458374,2.775712728500366,2.752591133117676,2.4863529205322266,2.2567906379699707,1.9643080234527588
B1,1.867974877357483,1.6020987033843994,1.6098946332931519,1.3943899869918823,1.3793306350708008,1.190158724784851,1.4730792045593262,1.4771397113800049,1.7042913436889648,1.8173094987869263,1.9263966083526611,2.040194034576416,2.2557570934295654,2.279881238937378,2.5537400245666504,0.0,0.3771289587020874,0.5646485090255737,0.8619174361228943,1.1223464012145996,1.35439133644104,1.6852285861968994,1.9757851362228394,2.214495897293091,2.251389265060425,2.6228387355804443,2.7740695476531982,3.00889253616333,3.28688645362854,3.461905002593994,2.5394604206085205,2.278031587600708,2.1140809059143066,2.2339565753936768,2.1753017902374268,2.501863479614258,2.5071473121643066,2.8596205711364746,2.955648899078369,3.149775981903076,3.3190925121307373,3.3895018100738525,3.5050606727600098,3.766479969024658,4.144760608673096,4.761083126068115,4.593687534332275,4.331517696380615,4.512509346008301,4.45061731338501,4.587777137756348,4.723489761352539,5.0552449226379395,5.20836877822876,5.388730525970459,5.541930198669434,5.5423264503479,5.502657890319824,5.712743759155273,5.826552391052246,3.3732292652130127,3.0300686359405518,2.865757465362549,2.9110937118530273,2.554466962814331,2.586789846420288,2.5844357013702393,2.2947487831115723,2.486865758895874,2.4189939498901367,2.199284553527832,2.490941286087036,2.4743540287017822,2.4876463413238525,2.450843334197998
B2,1.852442741394043,1.6222715377807617,1.7084358930587769,1.557481288909912,1.6076370477676392,1.4778406620025635,1.7670989036560059,1.819106936454773,2.044022798538208,2.1608052253723145,2.271714925765991,2.357372522354126,2.57114315032959,2.562194585800171,2.836552381515503,0.3771289587020874,0.0,0.37752121686935425,0.5338799357414246,0.8550443053245544,1.026971459388733,1.378393292427063,1.6469396352767944,1.888680338859558,1.9275541305541992,2.308553457260132,2.489872694015503,2.722026824951172,3.01975679397583,3.213649272918701,2.623288869857788,2.3999457359313965,2.2753560543060303,2.4174747467041016,2.364060640335083,2.679551362991333,2.681401252746582,3.013292074203491,3.085125207901001,3.245713233947754,3.395029306411743,3.4273488521575928,3.519197702407837,3.7545130252838135,4.134609222412109,4.690159797668457,4.546289920806885,4.288506984710693,4.492999076843262,4.440365791320801,4.578096389770508,4.707760334014893,5.0309739112854,5.164310455322266,5.322974681854248,5.45326042175293,5.42988395690918,5.371891498565674,5.566298484802246,5.6605544090271,3.14251708984375,2.819121837615967,2.6333887577056885,2.677147150039673,2.329237222671509,2.351477861404419,2.3712968826293945,2.0996525287628174,2.311629295349121,2.285078525543213,2.0911028385162354,2.4038379192352295,2.424006700515747,2.47092866897583,2.477857828140259
B3,1.604583740234375,1.3491512537002563,1.4897156953811646,1.3529343605041504,1.4832803010940552,1.423620343208313,1.7542048692703247,1.845064401626587,2.11826753616333,2.2921128273010254,2.4452555179595947,2.5752315521240234,2.808910846710205,2.840322971343994,3.117906093597412,0.5646485090255737,0.37752121686935425,0.0,0.3763357698917389,0.5629374980926514,0.8406095504760742,1.138445496559143,1.4556595087051392,1.7246567010879517,1.821677803993225,2.1886918544769287,2.3512401580810547,2.622972249984741,2.894697904586792,3.110656976699829,2.548558473587036,2.333132743835449,2.2590508460998535,2.451812744140625,2.45389986038208,2.789367198944092,2.8397748470306396,3.1702001094818115,3.275570869445801,3.419886827468872,3.597764492034912,3.6165027618408203,3.732563018798828,3.9515581130981445,4.336349964141846,4.817623615264893,4.665511608123779,4.388086795806885,4.5814948081970215,4.5031561851501465,4.614674091339111,4.716909885406494,5.0283098220825195,5.143586158752441,5.297668933868408,5.4293694496154785,5.403581619262695,5.360586643218994,5.539823055267334,5.6393818855285645,3.124223232269287,2.8136637210845947,2.6634414196014404,2.755369186401367,2.433760166168213,2.5001296997070312,2.570673942565918,2.336089611053467,2.581883430480957,2.590977668762207,2.4242396354675293,2.7501440048217773,2.7878386974334717,2.8450140953063965,2.855210065841675
B4,1.7222939729690552,1.5221420526504517,1.7235075235366821,1.647269606590271,1.8063247203826904,1.7726138830184937,2.0916669368743896,2.202390193939209,2.462019920349121,2.6242713928222656,2.7678258419036865,2.869192600250244,3.096179723739624,3.0946643352508545,3.3702657222747803,0.8619174361228943,0.5338799357414246,0.3763357698917389,0.0,0.36607566475868225,0.5094502568244934,0.8478049635887146,1.1321066617965698,1.406752347946167,1.5078474283218384,1.8856089115142822,2.0859367847442627,2.351264715194702,2.6459269523620605,2.8812849521636963,2.680971622467041,2.505378246307373,2.4601306915283203,2.6598875522613525,2.657115936279297,2.97536039352417,3.015162944793701,3.3242673873901367,3.4029664993286133,3.5173580646514893,3.6721158027648926,3.656630039215088,3.7471165657043457,3.940304756164551,4.322943687438965,4.746849060058594,4.6198835372924805,4.350656986236572,4.566920757293701,4.500906467437744,4.614926338195801,4.713369846343994,5.015477657318115,5.111993789672852,5.24355936050415,5.350908279418945,5.300940036773682,5.237714767456055,5.401266574859619,5.47954797744751,2.910461902618408,2.6254537105560303,2.452327013015747,2.5402281284332275,2.2345991134643555,2.2888295650482178,2.382232427597046,2.1740028858184814,2.433363914489746,2.483132839202881,2.34641695022583,2.6830294132232666,2.753901481628418,2.8407082557678223,2.8898134231567383
B5,1.619834303855896,1.4132826328277588,1.674638271331787,1.6232540607452393,1.8485180139541626,1.8712527751922607,2.2116074562072754,2.343647003173828,2.6346793174743652,2.833641529083252,3.0019917488098145,3.134615421295166,3.371256113052368,3.395585298538208,3.669658660888672,1.1223464012145996,0.8550443053245544,0.5629374980926514,0.36607566475868225,0.0,0.3752366006374359,0.584406316280365,0.9282166957855225,1.2272320985794067,1.397518515586853,1.746302604675293,1.9224812984466553,2.2270071506500244,2.490107536315918,2.7478208541870117,2.6397624015808105,2.484593391418457,2.4919118881225586,2.73274827003479,2.7766270637512207,3.104339361190796,3.184037685394287,3.4855639934539795,3.5895965099334717,3.6844332218170166,3.8612112998962402,3.8294994831085205,3.939290761947632,4.113333225250244,4.497693061828613,4.841949462890625,4.710300445556641,4.42491340637207,4.6316752433776855,4.543101787567139,4.63160514831543,4.702568531036377,4.990114688873291,5.065988540649414,5.189288139343262,5.294280052185059,5.239245414733887,5.188777923583984,5.334935665130615,5.416006088256836,2.86720871925354,2.602715015411377,2.468698024749756,2.6041173934936523,2.3337061405181885,2.430881977081299,2.5721051692962646,2.4044830799102783,2.69053053855896,2.772412061691284,2.662938117980957,3.009256601333618,3.097614288330078,3.196502447128296,3.2521607875823975
B6,1.9135515689849854,1.7473481893539429,2.0230586528778076,1.9905178546905518,2.208117961883545,2.2182960510253906,2.5500247478485107,2.674532651901245,2.9502227306365967,3.1252264976501465,3.270937442779541,3.37617564201355,3.5965464115142822,3.5847256183624268,3.8484885692596436,1.35439133644104,1.026971459388733,0.8406095504760742,0.5094502568244934,0.3752366006374359,0.0,0.38122043013572693,0.6239525675773621,0.908190906047821,1.0617448091506958,1.4260903596878052,1.6436594724655151,1.9295252561569214,2.221090078353882,2.489198684692383,2.729907751083374,2.6132450103759766,2.6353509426116943,2.869555950164795,2.89927077293396,3.204221248626709,3.2679789066314697,3.5458526611328125,3.6208739280700684,3.6867446899414062,3.8383383750915527,3.774841785430908,3.8588929176330566,4.007420539855957,4.386504173278809,4.679405689239502,4.572667121887207,4.298879623413086,4.527385234832764,4.454791069030762,4.549533367156982,4.621640205383301,4.901284217834473,4.962775707244873,5.06517219543457,5.146491527557373,5.0695953369140625,4.997321128845215,5.13203763961792,5.19256067276001,2.6036505699157715,2.3637807369232178,2.2054948806762695,2.332742691040039,2.0818793773651123,2.1684751510620117,2.3316030502319336,2.196897268295288,2.4930758476257324,2.614358901977539,2.5410032272338867,2.892955780029297,3.0155375003814697,3.146052360534668,3.2411255836486816
B7,1.9101675748825073,1.7749301195144653,2.0976309776306152,2.107495069503784,2.3710994720458984,2.430171251296997,2.7669878005981445,2.9185516834259033,3.2107489109039307,3.413278341293335,3.5814645290374756,3.7029898166656494,3.9356870651245117,3.9403793811798096,4.209188461303711,1.6852285861968994,1.378393292427063,1.138445496559143,0.8478049635887146,0.584406316280365,0.38122043013572693,0.0,0.37964385747909546,0.725925862789154,0.9992421269416809,1.3057833909988403,1.5167412757873535,1.839446783065796,2.100045680999756,2.403259038925171,2.8674817085266113,2.7764945030212402,2.8435893058776855,3.106410503387451,3.169085741043091,3.476771593093872,3.566469192504883,3.835205316543579,3.923612356185913,3.971003770828247,4.132751941680908,4.051499366760254,4.142724990844727,4.269838809967041,4.646459102630615,4.857022285461426,4.755505084991455,4.473244667053223,4.698553085327148,4.61086893081665,4.683136940002441,4.728729248046875,4.989789009094238,5.025295734405518,5.1112446784973145,5.180798530578613,5.09015417098999,5.022684574127197,5.1326446533203125,5.186095237731934,2.624983310699463,2.426456928253174,2.3005106449127197,2.4654314517974854,2.2620129585266113,2.374199390411377,2.576525926589966,2.482383966445923,2.7906172275543213,2.9394495487213135,2.8873369693756104,3.240571975708008,3.3751790523529053,3.512526512145996,3.613084554672241
B8,2.2631638050079346,2.1465916633605957,2.473973274230957,2.4867568016052246,2.746361017227173,2.7945070266723633,3.1304078102111816,3.2713966369628906,3.557217836380005,3.74365496635437,3.893817901611328,3.9995951652526855,4.217060089111328,4.195740699768066,4.4518232345581055,1.9757851362228394,1.6469396352767944,1.4556595087051392,1.1321066617965698,0.9282166957855225,0.6239525675773621,0.37964385747909546,0.0,0.3746093213558197,0.6895735859870911,0.9694973826408386,1.2218005657196045,1.5286732912063599,1.805345892906189,2.1245315074920654,2.966796636581421,2.916365146636963,3.0040619373321533,3.263906240463257,3.322270393371582,3.6075496673583984,3.690877676010132,3.9333794116973877,4.00091552734375,4.0164666175842285,4.159115791320801,4.045329570770264,4.1172356605529785,4.213380336761475,4.581115245819092,4.716889381408691,4.639087200164795,4.366525173187256,4.6078596115112305,4.530641078948975,4.601700305938721,4.641090393066406,4.888339996337891,4.9041595458984375,4.966409683227539,5.011007308959961,4.897623062133789,4.811883449554443,4.904924392700195,4.937993049621582,2.370856523513794,2.2138638496398926,2.081317186355591,2.2508177757263184,2.0910329818725586,2.2051596641540527,2.4396636486053467,2.3955798149108887,2.7119617462158203,2.9027304649353027,2.8933725357055664,3.24710750579834,3.4154250621795654,3.583071231842041,3.7190494537353516
B9,2.6261446475982666,2.4945526123046875,2.8185009956359863,2.8093974590301514,3.0647904872894287,3.0946340560913086,3.4380180835723877,3.5534698963165283,3.8407649993896484,4.012241363525391,4.140371322631836,4.242516994476318,4.438329219818115,4.398055553436279,4.63211727142334,2.214495897293091,1.888680338859558,1.7246567010879517,1.406752347946167,1.2272320985794067,0.908190906047821,0.725925862789154,0.3746093213558197,0.0,0.37692898511886597,0.5965434312820435,0.8616240620613098,1.1590145826339722,1.4415031671524048,1.7646819353103638,2.9095914363861084,2.9027276039123535,3.0164079666137695,3.2755725383758545,3.33872127532959,3.599982738494873,3.6876096725463867,3.9000275135040283,3.9566707611083984,3.937307119369507,4.070894718170166,3.9260427951812744,3.991112470626831,4.055298805236816,4.413904190063477,4.466829776763916,4.4032158851623535,4.134291172027588,4.382537841796875,4.308116436004639,4.372518062591553,4.402371883392334,4.63582706451416,4.634695053100586,4.678958415985107,4.7062482833862305,4.578283786773682,4.483191967010498,4.56492280960083,4.587954998016357,2.0346710681915283,1.9108656644821167,1.793968677520752,1.9860605001449585,1.8768138885498047,2.0182840824127197,2.2927136421203613,2.3052258491516113,2.636091470718384,2.866318941116333,2.9042298793792725,3.2609543800354004,3.4638304710388184,3.6636040210723877,3.831792116165161
B10,2.9052340984344482,2.750835657119751,3.051785469055176,3.008829355239868,3.236706256866455,3.227693557739258,3.5702033042907715,3.651175022125244,3.9266138076782227,4.0677289962768555,4.162810802459717,4.24888801574707,4.416972637176514,4.348144054412842,4.558184623718262,2.251389265060425,1.9275541305541992,1.821677803993225,1.5078474283218384,1.397518515586853,1.0617448091506958,0.9992421269416809,0.6895735859870911,0.37692898511886597,0.0,0.39192745089530945,0.6860077381134033,0.9050661325454712,1.2428587675094604,1.5272667407989502,2.7910938262939453,2.8070690631866455,2.9126782417297363,3.1490745544433594,3.1920006275177,3.4258499145507812,3.4968035221099854,3.684943675994873,3.718398094177246,3.677381753921509,3.7915518283843994,3.627439260482788,3.6770071983337402,3.724597930908203,4.076663494110107,4.113343238830566,4.06161642074585,3.8036201000213623,4.064589023590088,4.006923675537109,4.084688663482666,4.128055572509766,4.364192485809326,4.368132591247559,4.408143520355225,4.427557468414307,4.295715808868408,4.185222625732422,4.277522563934326,4.295482635498047,1.7018574476242065,1.5710539817810059,1.4279191493988037,1.610695481300354,1.5139268636703491,1.6634773015975952,1.9561141729354858,2.0028164386749268,2.3408474922180176,2.5959129333496094,2.67012095451355,3.0262722969055176,3.255946159362793,3.4824042320251465,3.6787688732147217
B11,3.2110755443573,3.06034779548645,3.374666452407837,3.335590362548828,3.5785765647888184,3.5793673992156982,3.9283947944641113,4.006486892700195,4.290462493896484,4.4359307289123535,4.528990745544434,4.621668338775635,4.782959461212158,4.712280750274658,4.91101598739624,2.6228387355804443,2.308553457260132,2.1886918544769287,1.8856089115142822,1.746302604675293,1.4260903596878052,1.3057833909988403,0.9694973826408386,0.5965434312820435,0.39192745089530945,0.0,0.3737165927886963,0.5764975547790527,0.8968913555145264,1.2135303020477295,2.8942623138427734,2.954664707183838,3.098355531692505,3.344123363494873,3.406916856765747,3.622554302215576,3.7098135948181152,3.8699166774749756,3.9036948680877686,3.828521728515625,3.94109845161438,3.7471089363098145,3.7961630821228027,3.8059208393096924,4.143835544586182,4.060344696044922,4.024042129516602,3.7670013904571533,4.027678966522217,3.963392734527588,4.020302772521973,4.038329124450684,4.24823522567749,4.220828533172607,4.2338385581970215,4.2297282218933105,4.076359272003174,3.960937738418579,4.025756359100342,4.029500961303711,1.5046628713607788,1.4554439783096313,1.3685407638549805,1.5938245058059692,1.5910192728042603,1.7730450630187988,2.103616952896118,2.212738275527954,2.5519051551818848,2.8377039432525635,2.9494566917419434,3.3000736236572266,3.551908254623413,3.7970831394195557,4.011643886566162
B12,3.38677978515625,3.209115505218506,3.5199551582336426,3.4575552940368652,3.706698417663574,3.704651355743408,4.0640459060668945,4.121517658233643,4.418320178985596,4.567192077636719,4.653942584991455,4.765803813934326,4.915325164794922,4.85361385345459,5.034520149230957,2.7740695476531982,2.489872694015503,2.3512401580810547,2.0859367847442627,1.9224812984466553,1.6436594724655151,1.5167412757873535,1.2218005657196045,0.8616240620613098,0.6860077381134033,0.3737165927886963,0.0,0.3793261647224426,0.586462140083313,0.9080241322517395,2.7082836627960205,2.8065168857574463,2.988062620162964,3.246086359024048,3.3375937938690186,3.5408642292022705,3.656895399093628,3.795570135116577,3.84775447845459,3.748298406600952,3.8795788288116455,3.6717441082000732,3.744527578353882,3.7339534759521484,4.066380500793457,3.9033663272857666,3.8549458980560303,3.582853078842163,3.8255693912506104,3.7390499114990234,3.770737886428833,3.7641444206237793,3.959184408187866,3.9162516593933105,3.924896240234375,3.9235637187957764,3.7735893726348877,3.6767067909240723,3.7352302074432373,3.7541534900665283,1.3102840185165405,1.2811647653579712,1.292353868484497,1.581161618232727,1.6255995035171509,1.8673110008239746,2.219858407974243,2.3559184074401855,2.7064993381500244,2.9987597465515137,3.128913164138794,3.4836418628692627,3.7452261447906494,4.000396251678467,4.218068599700928
B13,3.7307512760162354,3.5530500411987305,3.855823516845703,3.7841250896453857,4.017714500427246,3.9952540397644043,4.35031270980835,4.391246318817139,4.676213264465332,4.802969455718994,4.866708755493164,4.9610395431518555,5.090298652648926,5.00278377532959,5.165264129638672,3.00889253616333,2.722026824951172,2.622972249984741,2.351264715194702,2.2270071506500244,1.9295252561569214,1.839446783065796,1.5286732912063599,1.1590145826339722,0.9050661325454712,0.5764975547790527,0.3793261647224426,0.0,0.39654541015625,0.6558783650398254,2.8312132358551025,2.9570322036743164,3.1328115463256836,3.3656303882598877,3.437807083129883,3.607809066772461,3.705381155014038,3.812049627304077,3.835787296295166,3.7066404819488525,3.8097312450408936,3.5733213424682617,3.6210453510284424,3.5768494606018066,3.890826940536499,3.657599925994873,3.6375417709350586,3.3856496810913086,3.6455397605895996,3.5807392597198486,3.6204845905303955,3.619128465652466,3.802109718322754,3.748004913330078,3.733886241912842,3.7055013179779053,3.534193277359009,3.4096662998199463,3.4611012935638428,3.457770347595215,1.005731463432312,1.0588016510009766,1.0712260007858276,1.3520158529281616,1.476607322692871,1.7157279253005981,2.083249568939209,2.2748379707336426,2.612593173980713,2.931824207305908,3.1027872562408447,3.443207263946533,3.7295100688934326,4.007619857788086,4.252507209777832
B14,3.951704263687134,3.7639670372009277,4.071505069732666,3.9935715198516846,4.240444660186768,4.227643013000488,4.590484142303467,4.624618053436279,4.922667026519775,5.059767246246338,5.126255035400391,5.239090442657471,5.364769458770752,5.289665699005127,5.442132472991943,3.28688645362854,3.01975679397583,2.894697904586792,2.6459269523620605,2.490107536315918,2.221090078353882,2.100045680999756,1.805345892906189,1.4415031671524048,1.2428587675094604,0.8968913555145264,0.586462140083313,0.39654541015625,0.0,0.37357354164123535,2.833740234375,2.997396945953369,3.2133641242980957,3.460041046142578,3.5637364387512207,3.7229230403900146,3.8500494956970215,3.9360275268554688,3.978978395462036,3.8264920711517334,3.9466419219970703,3.6968491077423096,3.7656264305114746,3.6966042518615723,3.9980030059814453,3.6565370559692383,3.6308608055114746,3.3680832386016846,3.605499505996704,3.5155301094055176,3.5196022987365723,3.4806466102600098,3.6340081691741943,3.5482418537139893,3.516019821166992,3.478600263595581,3.2996761798858643,3.1940557956695557,3.219752550125122,3.223114013671875,1.0050891637802124,1.1318844556808472,1.2628352642059326,1.5777251720428467,1.7478140592575073,2.018052101135254,2.3910064697265625,2.60002064704895,2.9388110637664795,3.259945869445801,3.4412901401519775,3.7816269397735596,4.072285175323486,4.354626655578613,4.59924840927124
