0.000000000000000000e+00,3.893768489360809326e-01,5.684983730316162109e-01,8.772454857826232910e-01,1.129194974899291992e+00,1.397790908813476562e+00,1.602617144584655762e+00,1.879855871200561523e+00,2.133991479873657227e+00,2.385797262191772461e+00,2.689242362976074219e+00,2.926401376724243164e+00,3.232047796249389648e+00,3.526346921920776367e+00,3.836795806884765625e+00,2.776132822036743164e+00,2.537989854812622070e+00,2.195129871368408203e+00,2.086476087570190430e+00,1.736902356147766113e+00,1.779354929924011230e+00,1.440839409828186035e+00,1.664032459259033203e+00,1.524675965309143066e+00,1.877480506896972656e+00,1.878901124000549316e+00,2.190175771713256836e+00,2.377695083618164062e+00,2.664437532424926758e+00,2.976713180541992188e+00,3.367278337478637695e+00,3.066208362579345703e+00,3.220270872116088867e+00,3.033263206481933594e+00,3.271045446395874023e+00,3.363679170608520508e+00,3.664404392242431641e+00,4.030994892120361328e+00,4.220473289489746094e+00,4.359443187713623047e+00,4.723433017730712891e+00,4.842058181762695312e+00,5.189404487609863281e+00,5.354556560516357422e+00,5.562528133392333984e+00,4.693635940551757812e+00,4.345701217651367188e+00,4.453894615173339844e+00,4.239767551422119141e+00,4.338500022888183594e+00,4.356553554534912109e+00,4.568089962005615234e+00,4.505547523498535156e+00,4.472611904144287109e+00,4.473289966583251953e+00,4.465309143066406250e+00,4.623243331909179688e+00,4.486616611480712891e+00,4.802361011505126953e+00,4.696289062500000000e+00,3.034823894500732422e+00,2.749849081039428711e+00,2.420684099197387695e+00,2.072408676147460938e+00,2.029110193252563477e+00,1.702441215515136719e+00,1.391651630401611328e+00,1.038003206253051758e+00,6.818407773971557617e-01,5.523996949195861816e-01,2.340591102838516235e-01,3.894178867340087891e-01,5.132612586021423340e-01,8.186249136924743652e-01,1.138370037078857422e+00
3.893768489360809326e-01,0.000000000000000000e+00,3.905223309993743896e-01,5.483883619308471680e-01,8.669808506965637207e-01,1.136293292045593262e+00,1.394186854362487793e+00,1.633273959159851074e+00,1.922180056571960449e+00,2.141465663909912109e+00,2.471237659454345703e+00,2.686141014099121094e+00,3.010942935943603516e+00,3.303055047988891602e+00,3.592692852020263672e+00,2.565603733062744141e+00,2.345784902572631836e+00,1.995028853416442871e+00,1.947061896324157715e+00,1.594304800033569336e+00,1.652076959609985352e+00,1.321912407875061035e+00,1.583566904067993164e+00,1.428831815719604492e+00,1.794638752937316895e+00,1.797711491584777832e+00,2.063068628311157227e+00,2.289587497711181641e+00,2.534847021102905273e+00,2.869786024093627930e+00,3.277934789657592773e+00,2.978287458419799805e+00,3.122369289398193359e+00,2.907375574111938477e+00,3.126064538955688477e+00,3.178454637527465820e+00,3.473577260971069336e+00,3.837313413619995117e+00,4.000562667846679688e+00,4.131969451904296875e+00,4.503149032592773438e+00,4.622751712799072266e+00,4.979246616363525391e+00,5.159788131713867188e+00,5.365931510925292969e+00,4.573236465454101562e+00,4.233058929443359375e+00,4.347440242767333984e+00,4.157754421234130859e+00,4.288626194000244141e+00,4.309320449829101562e+00,4.545734405517578125e+00,4.512661933898925781e+00,4.476593494415283203e+00,4.508176803588867188e+00,4.492854118347167969e+00,4.677201271057128906e+00,4.543410778045654297e+00,4.874301910400390625e+00,4.781860351562500000e+00,3.262230873107910156e+00,2.992070913314819336e+00,2.683444023132324219e+00,2.322766780853271484e+00,2.306209802627563477e+00,1.992275834083557129e+00,1.710751295089721680e+00,1.373424053192138672e+00,1.007642269134521484e+00,9.359737634658813477e-01,6.117996573448181152e-01,6.266942024230957031e-01,5.301530957221984863e-01,6.936860680580139160e-01,1.022215962409973145e+00
5.684983730316162109e-01,3.905223309993743896e-01,0.000000000000000000e+00,3.872402608394622803e-01,5.627807974815368652e-01,8.491425514221191406e-01,1.048131108283996582e+00,1.329764842987060547e+00,1.583774566650390625e+00,1.837972640991210938e+00,2.145641803741455078e+00,2.388128042221069336e+00,2.692887067794799805e+00,2.998030662536621094e+00,3.303799152374267578e+00,2.436194419860839844e+00,2.253556013107299805e+00,1.901222944259643555e+00,1.865562558174133301e+00,1.534377455711364746e+00,1.677189469337463379e+00,1.402230024337768555e+00,1.717809915542602539e+00,1.640307307243347168e+00,2.012386560440063477e+00,2.074748039245605469e+00,2.333080291748046875e+00,2.588177919387817383e+00,2.831569433212280273e+00,3.164566040039062500e+00,3.296326398849487305e+00,2.970968961715698242e+00,3.069278955459594727e+00,2.829014062881469727e+00,3.014980316162109375e+00,3.069362640380859375e+00,3.337188482284545898e+00,3.709442377090454102e+00,3.880620956420898438e+00,4.042599201202392578e+00,4.409709930419921875e+00,4.558505535125732422e+00,4.909196376800537109e+00,5.107379436492919922e+00,5.336602210998535156e+00,4.690018177032470703e+00,4.361987590789794922e+00,4.505712032318115234e+00,4.331583023071289062e+00,4.463193416595458984e+00,4.513409614562988281e+00,4.757092952728271484e+00,4.733560562133789062e+00,4.722896099090576172e+00,4.760138034820556641e+00,4.767822265625000000e+00,4.957477092742919922e+00,4.842525959014892578e+00,5.178212165832519531e+00,5.098503112792968750e+00,3.463535785675048828e+00,3.172867298126220703e+00,2.851867675781250000e+00,2.494983673095703125e+00,2.424252510070800781e+00,2.087639331817626953e+00,1.796700716018676758e+00,1.452578306198120117e+00,1.094394087791442871e+00,1.070150017738342285e+00,7.012341618537902832e-01,8.107867240905761719e-01,5.885149836540222168e-01,8.248015642166137695e-01,1.044163107872009277e+00
8.772454857826232910e-01,5.483883619308471680e-01,3.872402608394622803e-01,0.000000000000000000e+00,3.693241178989410400e-01,6.202955245971679688e-01,9.100276827812194824e-01,1.113821625709533691e+00,1.418973565101623535e+00,1.618193030357360840e+00,1.959631323814392090e+00,2.166846036911010742e+00,2.496442079544067383e+00,2.793220520019531250e+00,3.072403192520141602e+00,2.228401899337768555e+00,2.068899393081665039e+00,1.716109633445739746e+00,1.751776099205017090e+00,1.432557106018066406e+00,1.586606383323669434e+00,1.341862440109252930e+00,1.677032113075256348e+00,1.595181941986083984e+00,1.959770679473876953e+00,2.026711463928222656e+00,2.232741832733154297e+00,2.519249916076660156e+00,2.718899488449096680e+00,3.065217018127441406e+00,3.200737237930297852e+00,2.882560968399047852e+00,2.970800638198852539e+00,2.705977916717529297e+00,2.870449542999267578e+00,2.880748987197875977e+00,3.141575813293457031e+00,3.507496595382690430e+00,3.649697303771972656e+00,3.801411390304565430e+00,4.174438953399658203e+00,4.322215080261230469e+00,4.680996894836425781e+00,4.893049240112304688e+00,5.118625164031982422e+00,4.548912048339843750e+00,4.231127262115478516e+00,4.380275726318359375e+00,4.231576442718505859e+00,4.392924308776855469e+00,4.445985794067382812e+00,4.711654663085937500e+00,4.716526985168457031e+00,4.703890323638916016e+00,4.770204067230224609e+00,4.772131919860839844e+00,4.985676765441894531e+00,4.875442981719970703e+00,5.223864078521728516e+00,5.158659934997558594e+00,3.661537170410156250e+00,3.386952400207519531e+00,3.087203264236450195e+00,2.721992731094360352e+00,2.680008649826049805e+00,2.360556840896606445e+00,2.098266601562500000e+00,1.771772742271423340e+00,1.410858035087585449e+00,1.410824537277221680e+00,1.054249286651611328e+00,1.105726957321166992e+00,8.461719751358032227e-01,9.273583292961120605e-01,1.118906855583190918e+00
1.129194974899291992e+00,8.669808506965637207e-01,5.627807974815368652e-01,3.693241178989410400e-01,0.000000000000000000e+00,3.591375946998596191e-01,5.611536502838134766e-01,8.161064386367797852e-01,1.081315994262695312e+00,1.320101261138916016e+00,1.641121149063110352e+00,1.879521012306213379e+00,2.187924623489379883e+00,2.503002643585205078e+00,2.794599771499633789e+00,2.175063133239746094e+00,2.066925764083862305e+00,1.725099802017211914e+00,1.786861419677734375e+00,1.508344769477844238e+00,1.733791470527648926e+00,1.549541115760803223e+00,1.909996032714843750e+00,1.882853507995605469e+00,2.242629289627075195e+00,2.345987319946289062e+00,2.543406248092651367e+00,2.845702409744262695e+00,3.039959192276000977e+00,3.383250474929809570e+00,3.299355983734130859e+00,2.963200569152832031e+00,3.004877328872680664e+00,2.715433835983276367e+00,2.839075803756713867e+00,2.842182397842407227e+00,3.068018913269042969e+00,3.437933921813964844e+00,3.580582857131958008e+00,3.761337995529174805e+00,4.128515243530273438e+00,4.305297851562500000e+00,4.657574176788330078e+00,4.889116764068603516e+00,5.135559558868408203e+00,4.716072082519531250e+00,4.412084102630615234e+00,4.585273265838623047e+00,4.452914237976074219e+00,4.616711616516113281e+00,4.693046092987060547e+00,4.964912414550781250e+00,4.979093074798583984e+00,4.985461235046386719e+00,5.057325839996337891e+00,5.075566768646240234e+00,5.293421268463134766e+00,5.196571826934814453e+00,5.548142433166503906e+00,5.491753101348876953e+00,3.916720867156982422e+00,3.628271579742431641e+00,3.320343971252441406e+00,2.960521936416625977e+00,2.880439519882202148e+00,2.548170566558837891e+00,2.281370878219604492e+00,1.955537319183349609e+00,1.610185980796813965e+00,1.626128196716308594e+00,1.258661985397338867e+00,1.339784860610961914e+00,1.033179521560668945e+00,1.136262655258178711e+00,1.227445483207702637e+00
1.397790908813476562e+00,1.136293292045593262e+00,8.491425514221191406e-01,6.202955245971679688e-01,3.591375946998596191e-01,0.000000000000000000e+00,3.713572025299072266e-01,4.976754486560821533e-01,8.169623613357543945e-01,1.005438566207885742e+00,1.342775344848632812e+00,1.554845929145812988e+00,1.879011154174804688e+00,2.177464962005615234e+00,2.466857194900512695e+00,1.853739500045776367e+00,1.778791785240173340e+00,1.451777935028076172e+00,1.552647590637207031e+00,1.320628762245178223e+00,1.592906832695007324e+00,1.483580470085144043e+00,1.856652379035949707e+00,1.887584686279296875e+00,2.226905584335327148e+00,2.377847433090209961e+00,2.547283887863159180e+00,2.875382184982299805e+00,3.054323911666870117e+00,3.388788700103759766e+00,3.082816123962402344e+00,2.741515636444091797e+00,2.750529527664184570e+00,2.441996812820434570e+00,2.536687135696411133e+00,2.525159120559692383e+00,2.734072208404541016e+00,3.103044748306274414e+00,3.242907762527465820e+00,3.434465408325195312e+00,3.798280715942382812e+00,3.987340211868286133e+00,4.335922241210937500e+00,4.576769828796386719e+00,4.833089828491210938e+00,4.528607845306396484e+00,4.240342140197753906e+00,4.435824871063232422e+00,4.325709819793701172e+00,4.498947620391845703e+00,4.599514007568359375e+00,4.883326053619384766e+00,4.917944908142089844e+00,4.945563316345214844e+00,5.035661697387695312e+00,5.072554588317871094e+00,5.305922985076904297e+00,5.231626033782958984e+00,5.593038082122802734e+00,5.559893131256103516e+00,3.992064237594604492e+00,3.706166505813598633e+00,3.413615226745605469e+00,3.055404424667358398e+00,2.968974113464355469e+00,2.648998260498046875e+00,2.415450334548950195e+00,2.118448257446289062e+00,1.791483283042907715e+00,1.871090531349182129e+00,1.527449488639831543e+00,1.655266404151916504e+00,1.375609397888183594e+00,1.483354210853576660e+00,1.579080224037170410e+00
1.602617144584655762e+00,1.394186854362487793e+00,1.048131108283996582e+00,9.100276827812194824e-01,5.611536502838134766e-01,3.713572025299072266e-01,0.000000000000000000e+00,3.806512951850891113e-01,5.380437374114990234e-01,8.360792994499206543e-01,1.111043334007263184e+00,1.387639164924621582e+00,1.664157867431640625e+00,1.991116285324096680e+00,2.305106878280639648e+00,1.979447245597839355e+00,1.952191710472106934e+00,1.652002215385437012e+00,1.746869802474975586e+00,1.556984305381774902e+00,1.865947008132934570e+00,1.786221861839294434e+00,2.161702871322631836e+00,2.220444679260253906e+00,2.559113025665283203e+00,2.724783897399902344e+00,2.904043197631835938e+00,3.231320142745971680e+00,3.418110847473144531e+00,3.748656749725341797e+00,3.288651943206787109e+00,2.934225320816040039e+00,2.903428316116333008e+00,2.585453510284423828e+00,2.644008398056030273e+00,2.639770030975341797e+00,2.809407234191894531e+00,3.178435564041137695e+00,3.325590848922729492e+00,3.547812938690185547e+00,3.899594545364379883e+00,4.116356372833251953e+00,4.452981472015380859e+00,4.707386493682861328e+00,4.983254909515380859e+00,4.793561935424804688e+00,4.515154838562011719e+00,4.726923465728759766e+00,4.622637748718261719e+00,4.788507938385009766e+00,4.905227661132812500e+00,5.186411380767822266e+00,5.219285011291503906e+00,5.260911464691162109e+00,5.345935344696044922e+00,5.395490169525146484e+00,5.624175071716308594e+00,5.556914806365966797e+00,5.916158676147460938e+00,5.883567333221435547e+00,4.218523979187011719e+00,3.918058156967163086e+00,3.613360404968261719e+00,3.264621973037719727e+00,3.140876054763793945e+00,2.808855533599853516e+00,2.564960002899169922e+00,2.267901182174682617e+00,1.960980534553527832e+00,2.035591363906860352e+00,1.691289067268371582e+00,1.832045793533325195e+00,1.531832933425903320e+00,1.665157914161682129e+00,1.696259379386901855e+00
1.879855871200561523e+00,1.633273959159851074e+00,1.329764842987060547e+00,1.113821625709533691e+00,8.161064386367797852e-01,4.976754486560821533e-01,3.806512951850891113e-01,0.000000000000000000e+00,3.741883337497711182e-01,5.097092390060424805e-01,8.487476110458374023e-01,1.064735531806945801e+00,1.382830739021301270e+00,1.688303828239440918e+00,1.981189370155334473e+00,1.702904224395751953e+00,1.725854873657226562e+00,1.456736445426940918e+00,1.619870781898498535e+00,1.487327694892883301e+00,1.811218261718750000e+00,1.796014785766601562e+00,2.165693283081054688e+00,2.252099752426147461e+00,2.563745975494384766e+00,2.752867937088012695e+00,2.889917850494384766e+00,3.237527132034301758e+00,3.393175601959228516e+00,3.718167781829833984e+00,3.130453109741210938e+00,2.783969640731811523e+00,2.725764513015747070e+00,2.386874198913574219e+00,2.408104419708251953e+00,2.364362478256225586e+00,2.511848211288452148e+00,2.872498989105224609e+00,2.997964859008789062e+00,3.221412420272827148e+00,3.572089195251464844e+00,3.796384572982788086e+00,4.133380413055419922e+00,4.401218414306640625e+00,4.680380344390869141e+00,4.609794616699218750e+00,4.349510669708251953e+00,4.575881004333496094e+00,4.499350547790527344e+00,4.684307098388671875e+00,4.815773963928222656e+00,5.112550258636474609e+00,5.171285152435302734e+00,5.223812580108642578e+00,5.333008766174316406e+00,5.389993667602539062e+00,5.637710094451904297e+00,5.585920333862304688e+00,5.954988479614257812e+00,5.942786693572998047e+00,4.360163211822509766e+00,4.071620941162109375e+00,3.787509918212890625e+00,3.437431097030639648e+00,3.328854799270629883e+00,3.014748334884643555e+00,2.801095008850097656e+00,2.524781465530395508e+00,2.221204996109008789e+00,2.327373981475830078e+00,1.991876244544982910e+00,2.134654760360717773e+00,1.842071175575256348e+00,1.941412568092346191e+00,1.985205650329589844e+00
2.133991479873657227e+00,1.922180056571960449e+00,1.583774566650390625e+00,1.418973565101623535e+00,1.081315994262695312e+00,8.169623613357543945e-01,5.380437374114990234e-01,3.741883337497711182e-01,0.000000000000000000e+00,3.830320835113525391e-01,5.792294144630432129e-01,8.875920176506042480e-01,1.132986068725585938e+00,1.472735643386840820e+00,1.792170763015747070e+00,1.871444463729858398e+00,1.942591309547424316e+00,1.710078597068786621e+00,1.862327337265014648e+00,1.768641114234924316e+00,2.113171339035034180e+00,2.119219303131103516e+00,2.488208532333374023e+00,2.595454454421997070e+00,2.906046152114868164e+00,3.107043504714965820e+00,3.251517057418823242e+00,3.598725795745849609e+00,3.760206699371337891e+00,4.081344127655029297e+00,3.351643800735473633e+00,2.997741699218750000e+00,2.900516510009765625e+00,2.557260513305664062e+00,2.538811683654785156e+00,2.500011682510375977e+00,2.600662469863891602e+00,2.953584194183349609e+00,3.082562923431396484e+00,3.335404157638549805e+00,3.668869733810424805e+00,3.920520305633544922e+00,4.241935729980468750e+00,4.523016452789306641e+00,4.820652484893798828e+00,4.874326229095458984e+00,4.625984191894531250e+00,4.867688655853271484e+00,4.798758983612060547e+00,4.977505683898925781e+00,5.124645709991455078e+00,5.419377326965332031e+00,5.478304862976074219e+00,5.544525623321533203e+00,5.650711059570312500e+00,5.719870090484619141e+00,5.964552402496337891e+00,5.920498847961425781e+00,6.288238048553466797e+00,6.278263568878173828e+00,4.615934848785400391e+00,4.316154479980468750e+00,4.023926258087158203e+00,3.683028936386108398e+00,3.544161319732666016e+00,3.223055362701416016e+00,3.004669427871704102e+00,2.732059478759765625e+00,2.446752071380615234e+00,2.550409555435180664e+00,2.217608928680419922e+00,2.369288444519042969e+00,2.065424919128417969e+00,2.181313991546630859e+00,2.179561614990234375e+00
2.385797262191772461e+00,2.141465663909912109e+00,1.837972640991210938e+00,1.618193030357360840e+00,1.320101261138916016e+00,1.005438566207885742e+00,8.360792994499206543e-01,5.097092390060424805e-01,3.830320835113525391e-01,0.000000000000000000e+00,3.818223476409912109e-01,5.619832277297973633e-01,8.823421001434326172e-01,1.189603805541992188e+00,1.477997183799743652e+00,1.647805809974670410e+00,1.775575995445251465e+00,1.588957071304321289e+00,1.802488207817077637e+00,1.764344215393066406e+00,2.105350017547607422e+00,2.163846015930175781e+00,2.518278360366821289e+00,2.643511772155761719e+00,2.925567865371704102e+00,3.141833543777465820e+00,3.245876789093017578e+00,3.606929540634155273e+00,3.737246751785278320e+00,4.050718307495117188e+00,3.221615076065063477e+00,2.882263898849487305e+00,2.760803222656250000e+00,2.402355194091796875e+00,2.343906641006469727e+00,2.259416818618774414e+00,2.331627607345581055e+00,2.670008659362792969e+00,2.770883798599243164e+00,3.022643566131591797e+00,3.353103399276733398e+00,3.611205577850341797e+00,3.932151317596435547e+00,4.226856231689453125e+00,4.525740623474121094e+00,4.698336601257324219e+00,4.469383716583251953e+00,4.722503662109375000e+00,4.681253910064697266e+00,4.878510951995849609e+00,5.037308216094970703e+00,5.345841884613037109e+00,5.429582595825195312e+00,5.504083156585693359e+00,5.633281707763671875e+00,5.707385063171386719e+00,5.969453811645507812e+00,5.938859462738037109e+00,6.314659118652343750e+00,6.323265552520751953e+00,4.753683090209960938e+00,4.467297554016113281e+00,4.195245265960693359e+00,3.853227615356445312e+00,3.732803821563720703e+00,3.429126977920532227e+00,3.236421585083007812e+00,2.979687690734863281e+00,2.693747043609619141e+00,2.819559812545776367e+00,2.491496801376342773e+00,2.641676664352416992e+00,2.343823909759521484e+00,2.432187795639038086e+00,2.447546720504760742e+00
2.689242362976074219e+00,2.471237659454345703e+00,2.145641803741455078e+00,1.959631323814392090e+00,1.641121149063110352e+00,1.342775344848632812e+00,1.111043334007263184e+00,8.487476110458374023e-01,5.792294144630432129e-01,3.818223476409912109e-01,0.000000000000000000e+00,3.701876699924468994e-01,5.539405345916748047e-01,8.988433480262756348e-01,1.224630594253540039e+00,1.803228497505187988e+00,1.976848006248474121e+00,1.835830092430114746e+00,2.033958911895751953e+00,2.037583589553833008e+00,2.391872406005859375e+00,2.476667165756225586e+00,2.826126575469970703e+00,2.976637125015258789e+00,3.252029657363891602e+00,3.485208988189697266e+00,3.592687606811523438e+00,3.954657554626464844e+00,4.089355945587158203e+00,4.395009040832519531e+00,3.396600008010864258e+00,3.055650234222412109e+00,2.892599821090698242e+00,2.535732269287109375e+00,2.432906627655029297e+00,2.353585958480834961e+00,2.370223760604858398e+00,2.691246032714843750e+00,2.794749498367309570e+00,3.075850725173950195e+00,3.381410837173461914e+00,3.667034626007080078e+00,3.966405153274536133e+00,4.272529125213623047e+00,4.589840888977050781e+00,4.905218124389648438e+00,4.692660331726074219e+00,4.963087558746337891e+00,4.933031082153320312e+00,5.123849868774414062e+00,5.301752567291259766e+00,5.608475208282470703e+00,5.695727348327636719e+00,5.787663459777832031e+00,5.916845798492431641e+00,6.006565570831298828e+00,6.267873764038085938e+00,6.249896049499511719e+00,6.625474929809570312e+00,6.641563415527343750e+00,5.006617069244384766e+00,4.712908744812011719e+00,4.439364433288574219e+00,4.107662677764892578e+00,3.962297677993774414e+00,3.658746004104614258e+00,3.471486330032348633e+00,3.226103067398071289e+00,2.959894657135009766e+00,3.094582796096801758e+00,2.774737596511840820e+00,2.940268754959106445e+00,2.641662120819091797e+00,2.748201847076416016e+00,2.740639686584472656e+00
2.926401376724243164e+00,2.686141014099121094e+00,2.388128042221069336e+00,2.166846036911010742e+00,1.879521012306213379e+00,1.554845929145812988e+00,1.387639164924621582e+00,1.064735531806945801e+00,8.875920176506042480e-01,5.619832277297973633e-01,3.701876699924468994e-01,0.000000000000000000e+00,3.869573175907135010e-01,6.366813778877258301e-01,9.189553260803222656e-01,1.644944071769714355e+00,1.872737288475036621e+00,1.787078261375427246e+00,2.028254508972167969e+00,2.081681966781616211e+00,2.422288894653320312e+00,2.550176620483398438e+00,2.879917860031127930e+00,3.045176506042480469e+00,3.291589975357055664e+00,3.536720991134643555e+00,3.608870744705200195e+00,3.978810310363769531e+00,4.086113452911376953e+00,4.380825042724609375e+00,3.287853717803955078e+00,2.966215372085571289e+00,2.780385017395019531e+00,2.416895389556884766e+00,2.272883653640747070e+00,2.148884057998657227e+00,2.128309488296508789e+00,2.426555633544921875e+00,2.499419212341308594e+00,2.780069589614868164e+00,3.077568769454956055e+00,3.370389461517333984e+00,3.665657281875610352e+00,3.984436988830566406e+00,4.302864074707031250e+00,4.740405082702636719e+00,4.548828601837158203e+00,4.829341888427734375e+00,4.825850963592529297e+00,5.031725406646728516e+00,5.220704078674316406e+00,5.538049221038818359e+00,5.647759914398193359e+00,5.748129367828369141e+00,5.897608757019042969e+00,5.992691516876220703e+00,6.268601894378662109e+00,6.264038085937500000e+00,6.645526885986328125e+00,6.679201602935791016e+00,5.131302833557128906e+00,4.850858211517333984e+00,4.596651554107666016e+00,4.265793323516845703e+00,4.137298583984375000e+00,3.850640773773193359e+00,3.686435461044311523e+00,3.455606222152709961e+00,3.190082550048828125e+00,3.343227386474609375e+00,3.028752803802490234e+00,3.194893836975097656e+00,2.903691530227661133e+00,2.992466926574707031e+00,3.003042936325073242e+00
3.232047796249389648e+00,3.010942935943603516e+00,2.692887067794799805e+00,2.496442079544067383e+00,2.187924623489379883e+00,1.879011154174804688e+00,1.664157867431640625e+00,1.382830739021301270e+00,1.132986068725585938e+00,8.823421001434326172e-01,5.539405345916748047e-01,3.869573175907135010e-01,0.000000000000000000e+00,3.753235042095184326e-01,7.053270339965820312e-01,1.926362514495849609e+00,2.177289009094238281e+00,2.119333744049072266e+00,2.340293884277343750e+00,2.413310050964355469e+00,2.761623859405517578e+00,2.898747920989990234e+00,3.227396965026855469e+00,3.405788183212280273e+00,3.651792287826538086e+00,3.905367374420166016e+00,3.983567237854003906e+00,4.352829933166503906e+00,4.464866638183593750e+00,4.755480766296386719e+00,3.547961711883544922e+00,3.227826356887817383e+00,3.010821819305419922e+00,2.655790328979492188e+00,2.477880954742431641e+00,2.362315416336059570e+00,2.289326429367065430e+00,2.560218095779418945e+00,2.630760192871093750e+00,2.933966159820556641e+00,3.200500488281250000e+00,3.516813278198242188e+00,3.786678075790405273e+00,4.114843845367431641e+00,4.448194026947021484e+00,5.016853809356689453e+00,4.839824199676513672e+00,5.132758617401123047e+00,5.137794017791748047e+00,5.337390899658203125e+00,5.540446758270263672e+00,5.855077743530273438e+00,5.966289520263671875e+00,6.079585075378417969e+00,6.227599143981933594e+00,6.334096431732177734e+00,6.608074665069580078e+00,6.611961841583251953e+00,6.992465972900390625e+00,7.030148983001708984e+00,5.424056529998779297e+00,5.136546134948730469e+00,4.878764152526855469e+00,4.556275367736816406e+00,4.406429290771484375e+00,4.117736816406250000e+00,3.953534841537475586e+00,3.728153944015502930e+00,3.476156711578369141e+00,3.629506111145019531e+00,3.318084478378295898e+00,3.491103410720825195e+00,3.194719791412353516e+00,3.294600963592529297e+00,3.281085729598999023e+00
3.526346921920776367e+00,3.303055047988891602e+00,2.998030662536621094e+00,2.793220520019531250e+00,2.503002643585205078e+00,2.177464962005615234e+00,1.991116285324096680e+00,1.688303828239440918e+00,1.472735643386840820e+00,1.189603805541992188e+00,8.988433480262756348e-01,6.366813778877258301e-01,3.753235042095184326e-01,0.000000000000000000e+00,3.866222202777862549e-01,1.905392169952392578e+00,2.198282957077026367e+00,2.200594902038574219e+00,2.430703878402709961e+00,2.553128719329833984e+00,2.889774322509765625e+00,3.067144393920898438e+00,3.374155282974243164e+00,3.575794696807861328e+00,3.794397354125976562e+00,4.065425872802734375e+00,4.121674060821533203e+00,4.493629932403564453e+00,4.590921401977539062e+00,4.865270614624023438e+00,3.504235506057739258e+00,3.203901052474975586e+00,2.954720258712768555e+00,2.607858896255493164e+00,2.384100675582885742e+00,2.246769189834594727e+00,2.117210865020751953e+00,2.349678993225097656e+00,2.401095151901245117e+00,2.714986562728881836e+00,2.953671932220458984e+00,3.285359859466552734e+00,3.534411668777465820e+00,3.871366262435913086e+00,4.212660312652587891e+00,4.933684825897216797e+00,4.781926155090332031e+00,5.089237213134765625e+00,5.118076801300048828e+00,5.321488380432128906e+00,5.542353153228759766e+00,5.860583305358886719e+00,5.988766193389892578e+00,6.118393421173095703e+00,6.279954910278320312e+00,6.399981021881103516e+00,6.682750225067138672e+00,6.705074787139892578e+00,7.088351726531982422e+00,7.144543170928955078e+00,5.576881885528564453e+00,5.298462390899658203e+00,5.058086395263671875e+00,4.743381023406982422e+00,4.597053527832031250e+00,4.325262069702148438e+00,4.185389995574951172e+00,3.980181455612182617e+00,3.740028381347656250e+00,3.916046142578125000e+00,3.616666555404663086e+00,3.802782058715820312e+00,3.518557071685791016e+00,3.620937108993530273e+00,3.624147891998291016e+00
3.836795806884765625e+00,3.592692852020263672e+00,3.303799152374267578e+00,3.072403192520141602e+00,2.794599771499633789e+00,2.466857194900512695e+00,2.305106878280639648e+00,1.981189370155334473e+00,1.792170763015747070e+00,1.477997183799743652e+00,1.224630594253540039e+00,9.189553260803222656e-01,7.053270339965820312e-01,3.866222202777862549e-01,0.000000000000000000e+00,2.054211378097534180e+00,2.374722480773925781e+00,2.410477638244628906e+00,2.669620275497436523e+00,2.809557914733886719e+00,3.128342390060424805e+00,3.320021629333496094e+00,3.614054441452026367e+00,3.811105966567993164e+00,4.012000083923339844e+00,4.279259681701660156e+00,4.305836677551269531e+00,4.680477142333984375e+00,4.749605178833007812e+00,5.018165111541748047e+00,3.645700693130493164e+00,3.370309114456176758e+00,3.110850334167480469e+00,2.767668962478637695e+00,2.514081954956054688e+00,2.330798149108886719e+00,2.158909797668457031e+00,2.342146873474121094e+00,2.338052988052368164e+00,2.639197587966918945e+00,2.854280948638916016e+00,3.191251993179321289e+00,3.427214860916137695e+00,3.781117677688598633e+00,4.118752956390380859e+00,4.985390663146972656e+00,4.856041908264160156e+00,5.166595458984375000e+00,5.221594810485839844e+00,5.441599369049072266e+00,5.666032314300537109e+00,5.993684768676757812e+00,6.142064571380615234e+00,6.272808551788330078e+00,6.452426433563232422e+00,6.570523738861083984e+00,6.865414142608642578e+00,6.893617153167724609e+00,7.280657768249511719e+00,7.347463607788085938e+00,5.867224693298339844e+00,5.598844528198242188e+00,5.369376182556152344e+00,5.052809715270996094e+00,4.921161651611328125e+00,4.656684398651123047e+00,4.523426532745361328e+00,4.318507671356201172e+00,4.070897102355957031e+00,4.244771003723144531e+00,3.939721345901489258e+00,4.112085819244384766e+00,3.821440458297729492e+00,3.898949623107910156e+00,3.898161649703979492e+00
2.776132822036743164e+00,2.565603733062744141e+00,2.436194419860839844e+00,2.228401899337768555e+00,2.175063133239746094e+00,1.853739500045776367e+00,1.979447245597839355e+00,1.702904224395751953e+00,1.871444463729858398e+00,1.647805809974670410e+00,1.803228497505187988e+00,1.644944071769714355e+00,1.926362514495849609e+00,1.905392169952392578e+00,2.054211378097534180e+00,0.000000000000000000e+00,3.621364831924438477e-01,6.088015437126159668e-01,8.539952039718627930e-01,1.133050680160522461e+00,1.317398190498352051e+00,1.636103272438049316e+00,1.801681518554687500e+00,2.074191093444824219e+00,2.163204908370971680e+00,2.488566637039184570e+00,2.488836050033569336e+00,2.844740629196166992e+00,2.934616565704345703e+00,3.144617795944213867e+00,1.669710993766784668e+00,1.384411931037902832e+00,1.228661656379699707e+00,8.630991578102111816e-01,7.992016077041625977e-01,6.778474450111389160e-01,9.179823994636535645e-01,1.279864549636840820e+00,1.451346516609191895e+00,1.636843800544738770e+00,1.989440202713012695e+00,2.175690650939941406e+00,2.508657217025756836e+00,2.738318443298339844e+00,3.013092756271362305e+00,3.112882137298583984e+00,2.919570684432983398e+00,3.214252233505249023e+00,3.219961166381835938e+00,3.420472860336303711e+00,3.637173652648925781e+00,3.955850124359130859e+00,4.091372966766357422e+00,4.225067138671875000e+00,4.401081085205078125e+00,4.530670166015625000e+00,4.825332164764404297e+00,4.873102664947509766e+00,5.259339809417724609e+00,5.349333286285400391e+00,4.044825077056884766e+00,3.830463171005249023e+00,3.674637317657470703e+00,3.375931262969970703e+00,3.330668687820434570e+00,3.154359817504882812e+00,3.130593538284301758e+00,3.020431518554687500e+00,2.826468944549560547e+00,3.100360631942749023e+00,2.909211874008178711e+00,3.144606351852416992e+00,3.010824918746948242e+00,3.140325069427490234e+00,3.338940620422363281e+00
2.537989854812622070e+00,2.345784902572631836e+00,2.253556013107299805e+00,2.068899393081665039e+00,2.066925764083862305e+00,1.778791785240173340e+00,1.952191710472106934e+00,1.725854873657226562e+00,1.942591309547424316e+00,1.775575995445251465e+00,1.976848006248474121e+00,1.872737288475036621e+00,2.177289009094238281e+00,2.198282957077026367e+00,2.374722480773925781e+00,3.621364831924438477e-01,0.000000000000000000e+00,3.544218838214874268e-01,5.423976182937622070e-01,8.355746269226074219e-01,9.724819064140319824e-01,1.309956073760986328e+00,1.449913740158081055e+00,1.736194133758544922e+00,1.814575552940368652e+00,2.149982929229736328e+00,2.165403604507446289e+00,2.515501737594604492e+00,2.627629995346069336e+00,2.835042476654052734e+00,1.463385224342346191e+00,1.155153036117553711e+00,1.086584210395812988e+00,7.466831207275390625e-01,8.480830788612365723e-01,8.349248170852661133e-01,1.159449100494384766e+00,1.507489800453186035e+00,1.699618697166442871e+00,1.841290354728698730e+00,2.194131374359130859e+00,2.335583209991455078e+00,2.671795845031738281e+00,2.863684177398681641e+00,3.113260030746459961e+00,2.953129768371582031e+00,2.726813077926635742e+00,3.003681421279907227e+00,2.976077318191528320e+00,3.164417505264282227e+00,3.366536855697631836e+00,3.678259372711181641e+00,3.796037197113037109e+00,3.920541524887084961e+00,4.084107875823974609e+00,4.209085464477539062e+00,4.496883392333984375e+00,4.537333488464355469e+00,4.922268867492675781e+00,5.005084037780761719e+00,3.694368124008178711e+00,3.484470844268798828e+00,3.333595752716064453e+00,3.034295082092285156e+00,3.005524873733520508e+00,2.840693473815917969e+00,2.830320596694946289e+00,2.734391212463378906e+00,2.551679611206054688e+00,2.836230516433715820e+00,2.671745538711547852e+00,2.913727998733520508e+00,2.815442323684692383e+00,2.955810070037841797e+00,3.185958385467529297e+00
2.195129871368408203e+00,1.995028853416442871e+00,1.901222944259643555e+00,1.716109633445739746e+00,1.725099802017211914e+00,1.451777935028076172e+00,1.652002215385437012e+00,1.456736445426940918e+00,1.710078597068786621e+00,1.588957071304321289e+00,1.835830092430114746e+00,1.787078261375427246e+00,2.119333744049072266e+00,2.200594902038574219e+00,2.410477638244628906e+00,6.088015437126159668e-01,3.544218838214874268e-01,0.000000000000000000e+00,3.730793297290802002e-01,5.449826121330261230e-01,7.530239224433898926e-01,1.038346886634826660e+00,1.246681809425354004e+00,1.504826664924621582e+00,1.644868969917297363e+00,1.961988568305969238e+00,2.015678405761718750e+00,2.374004602432250977e+00,2.510704278945922852e+00,2.751317024230957031e+00,1.689165353775024414e+00,1.364372968673706055e+00,1.355143904685974121e+00,1.039969563484191895e+00,1.179126977920532227e+00,1.184067249298095703e+00,1.490849137306213379e+00,1.847389221191406250e+00,2.028555870056152344e+00,2.172803163528442383e+00,2.532370567321777344e+00,2.673730373382568359e+00,3.016082048416137695e+00,3.210386991500854492e+00,3.453036546707153320e+00,3.173660278320312500e+00,2.919921159744262695e+00,3.169984817504882812e+00,3.111016273498535156e+00,3.294422864913940430e+00,3.467005491256713867e+00,3.772802591323852539e+00,3.867048978805541992e+00,3.966023921966552734e+00,4.111362457275390625e+00,4.215177536010742188e+00,4.492114543914794922e+00,4.505460739135742188e+00,4.888484954833984375e+00,4.945728778839111328e+00,3.575663328170776367e+00,3.349638462066650391e+00,3.170379400253295898e+00,2.851497173309326172e+00,2.819932222366333008e+00,2.626302480697631836e+00,2.581500291824340820e+00,2.454721212387084961e+00,2.247162818908691406e+00,2.514813423156738281e+00,2.333839893341064453e+00,2.567674160003662109e+00,2.462340831756591797e+00,2.602404832839965820e+00,2.833293199539184570e+00
2.086476087570190430e+00,1.947061896324157715e+00,1.865562558174133301e+00,1.751776099205017090e+00,1.786861419677734375e+00,1.552647590637207031e+00,1.746869802474975586e+00,1.619870781898498535e+00,1.862327337265014648e+00,1.802488207817077637e+00,2.033958911895751953e+00,2.028254508972167969e+00,2.340293884277343750e+00,2.430703878402709961e+00,2.669620275497436523e+00,8.539952039718627930e-01,5.423976182937622070e-01,3.730793297290802002e-01,0.000000000000000000e+00,3.580603897571563721e-01,5.510699748992919922e-01,8.753617405891418457e-01,1.051166057586669922e+00,1.366080522537231445e+00,1.497684001922607422e+00,1.843401193618774414e+00,1.946031570434570312e+00,2.280962705612182617e+00,2.465942144393920898e+00,2.687197446823120117e+00,1.544320940971374512e+00,1.191762685775756836e+00,1.222504973411560059e+00,9.655123353004455566e-01,1.189800858497619629e+00,1.304813146591186523e+00,1.631664752960205078e+00,1.984038472175598145e+00,2.212007999420166016e+00,2.356045961380004883e+00,2.697255134582519531e+00,2.824878692626953125e+00,3.149871349334716797e+00,3.311451196670532227e+00,3.550043582916259766e+00,3.122211933135986328e+00,2.851668596267700195e+00,3.097337961196899414e+00,3.004462718963623047e+00,3.150544166564941406e+00,3.327583074569702148e+00,3.611657619476318359e+00,3.678712606430053711e+00,3.789124727249145508e+00,3.909405708312988281e+00,4.029055118560791016e+00,4.288455009460449219e+00,4.308224201202392578e+00,4.684438705444335938e+00,4.739480495452880859e+00,3.251125097274780273e+00,3.017957687377929688e+00,2.840393066406250000e+00,2.532435417175292969e+00,2.486549139022827148e+00,2.306489706039428711e+00,2.289280414581298828e+00,2.198397636413574219e+00,2.031763076782226562e+00,2.334722280502319336e+00,2.201046228408813477e+00,2.471936464309692383e+00,2.414676427841186523e+00,2.599431276321411133e+00,2.855511188507080078e+00
1.736902356147766113e+00,1.594304800033569336e+00,1.534377455711364746e+00,1.432557106018066406e+00,1.508344769477844238e+00,1.320628762245178223e+00,1.556984305381774902e+00,1.487327694892883301e+00,1.768641114234924316e+00,1.764344215393066406e+00,2.037583589553833008e+00,2.081681966781616211e+00,2.413310050964355469e+00,2.553128719329833984e+00,2.809557914733886719e+00,1.133050680160522461e+00,8.355746269226074219e-01,5.449826121330261230e-01,3.580603897571563721e-01,0.000000000000000000e+00,3.702895343303680420e-01,5.737170577049255371e-01,8.393409252166748047e-01,1.108323812484741211e+00,1.310483694076538086e+00,1.625597596168518066e+00,1.770646810531616211e+00,2.105503797531127930e+00,2.314421653747558594e+00,2.565538644790649414e+00,1.797672033309936523e+00,1.460256814956665039e+00,1.545498371124267578e+00,1.313205242156982422e+00,1.546646475791931152e+00,1.643181562423706055e+00,1.968049407005310059e+00,2.322977066040039062e+00,2.533515930175781250e+00,2.668719291687011719e+00,3.019604444503784180e+00,3.139454126358032227e+00,3.473885059356689453e+00,3.635875940322875977e+00,3.862694740295410156e+00,3.310814380645751953e+00,3.016507863998413086e+00,3.230467081069946289e+00,3.109394550323486328e+00,3.253110647201538086e+00,3.394805669784545898e+00,3.671962738037109375e+00,3.716728925704956055e+00,3.796379327774047852e+00,3.899462223052978516e+00,3.992930650711059570e+00,4.241140365600585938e+00,4.231114387512207031e+00,4.603906154632568359e+00,4.632302761077880859e+00,3.119529247283935547e+00,2.875225782394409180e+00,2.670922040939331055e+00,2.340875625610351562e+00,2.304192543029785156e+00,2.096135616302490234e+00,2.041305541992187500e+00,1.916015625000000000e+00,1.719382882118225098e+00,2.004170894622802734e+00,1.860620021820068359e+00,2.120871067047119141e+00,2.070281982421875000e+00,2.253807544708251953e+00,2.521798372268676758e+00
1.779354929924011230e+00,1.652076959609985352e+00,1.677189469337463379e+00,1.586606383323669434e+00,1.733791470527648926e+00,1.592906832695007324e+00,1.865947008132934570e+00,1.811218261718750000e+00,2.113171339035034180e+00,2.105350017547607422e+00,2.391872406005859375e+00,2.422288894653320312e+00,2.761623859405517578e+00,2.889774322509765625e+00,3.128342390060424805e+00,1.317398190498352051e+00,9.724819064140319824e-01,7.530239224433898926e-01,5.510699748992919922e-01,3.702895343303680420e-01,0.000000000000000000e+00,3.785280287265777588e-01,5.069146752357482910e-01,8.172355890274047852e-01,9.624519944190979004e-01,1.300321698188781738e+00,1.436923146247863770e+00,1.762583017349243164e+00,1.979030251502990723e+00,2.214312791824340820e+00,1.632354259490966797e+00,1.334774017333984375e+00,1.508826613426208496e+00,1.342976450920104980e+00,1.634112238883972168e+00,1.737820744514465332e+00,2.095308780670166016e+00,2.424280166625976562e+00,2.627308607101440430e+00,2.717578649520874023e+00,3.064918279647827148e+00,3.141977071762084961e+00,3.477138996124267578e+00,3.608341932296752930e+00,3.805057287216186523e+00,3.054955720901489258e+00,2.741887807846069336e+00,2.931684970855712891e+00,2.790677070617675781e+00,2.931742191314697266e+00,3.055003643035888672e+00,3.329706430435180664e+00,3.369765758514404297e+00,3.437883615493774414e+00,3.541870832443237305e+00,3.627903223037719727e+00,3.878896713256835938e+00,3.866841316223144531e+00,4.241643905639648438e+00,4.273464202880859375e+00,2.865208864212036133e+00,2.646405935287475586e+00,2.471471786499023438e+00,2.145756721496582031e+00,2.162034273147583008e+00,1.995222449302673340e+00,1.980212450027465820e+00,1.890926957130432129e+00,1.718861341476440430e+00,2.007260799407958984e+00,1.912243008613586426e+00,2.155963420867919922e+00,2.157895326614379883e+00,2.324294805526733398e+00,2.627233982086181641e+00
