,A1,A2,A3,A4,A5,A6,A7,A8,A9,A10,A11,A12,A13,A14,A15,B1,B2,B3,B4,B5,B6,B7,B8,B9,B10,B11,B12,B13,B14,B15,C1,C2,C3,C4,C5,C6,C7,C8,C9,C10,C11,C12,C13,C14,C15,D1,D2,D3,D4,D5,D6,D7,D8,D9,D10,D11,D12,D13,D14,D15,E1,E2,E3,E4,E5,E6,E7,E8,E9,E10,E11,E12,E13,E14,E15
A1,0.0,0.3749825358390808,0.6035170555114746,0.9573760032653809,1.248009443283081,1.5852779150009155,1.8878859281539917,2.1865522861480713,2.49914813041687,2.790943145751953,3.118680477142334,3.3281970024108887,3.653332471847534,3.937588691711426,4.224839687347412,4.87127161026001,4.783342361450195,4.966593265533447,5.11163854598999,5.21101188659668,5.002868175506592,4.965529918670654,4.6077752113342285,4.4712233543396,4.354372024536133,4.127723693847656,4.272534370422363,4.066774368286133,4.2395100593566895,4.1154327392578125,6.1754045486450195,6.320234775543213,6.5847344398498535,6.486374855041504,6.8053202629089355,6.694190979003906,6.910489082336426,6.688537120819092,6.79432487487793,6.4914398193359375,6.563766956329346,6.298996925354004,6.08070182800293,6.073688507080078,5.834403038024902,6.6386590003967285,6.960735321044922,7.1618757247924805,7.237228870391846,7.6042256355285645,7.602878570556641,7.973040580749512,7.88353157043457,8.122426986694336,7.912395477294922,8.053827285766602,7.811770915985107,7.712908744812012,7.367748260498047,7.291294574737549,6.073488235473633,6.464699745178223,6.602473258972168,6.918878555297852,7.2042927742004395,7.466257572174072,7.829074382781982,8.051149368286133,8.404688835144043,8.620084762573242,8.95620059967041,9.233295440673828,9.50129508972168,9.83478832244873,10.082350730895996
A2,0.3749825358390808,0.0,0.38964349031448364,0.691548764705658,0.9873028993606567,1.313560962677002,1.6047797203063965,1.9076939821243286,2.2034099102020264,2.5133533477783203,2.8257088661193848,3.049319267272949,3.359114170074463,3.6539220809936523,3.9309582710266113,4.49949312210083,4.414188385009766,4.602692604064941,4.754633903503418,4.862704277038574,4.664358139038086,4.638303756713867,4.287161350250244,4.161153316497803,4.049052715301514,3.817186117172241,3.9631550312042236,3.7511038780212402,3.9289956092834473,3.8033499717712402,5.805832862854004,5.953815937042236,6.216977119445801,6.122278213500977,6.444402694702148,6.339001178741455,6.560744762420654,6.345578193664551,6.458364009857178,6.161677360534668,6.241885185241699,5.98486328125,5.768133163452148,5.770839691162109,5.533878803253174,6.273590564727783,6.59613037109375,6.794083118438721,6.87192964553833,7.2382917404174805,7.240972518920898,7.612818717956543,7.528564929962158,7.7718610763549805,7.567759037017822,7.715339183807373,7.480392932891846,7.388513088226318,7.047983169555664,6.977414131164551,5.703620910644531,6.093947410583496,6.229544639587402,6.547467231750488,6.831502914428711,7.0954766273498535,7.457117080688477,7.68149471282959,8.034158706665039,8.251641273498535,8.587305068969727,8.865456581115723,9.134713172912598,9.46774959564209,9.717774391174316
A3,0.6035170555114746,0.38964349031448364,0.0,0.3618267774581909,0.6915377974510193,1.0109723806381226,1.3412234783172607,1.610608458518982,1.9366534948349,2.2156081199645996,2.5346806049346924,2.733362913131714,3.0568976402282715,3.3376429080963135,3.6232330799102783,4.421773910522461,4.368696212768555,4.578676700592041,4.745745658874512,4.8620686531066895,4.682123184204102,4.6556525230407715,4.310460090637207,4.1721086502075195,4.033866882324219,3.7728729248046875,3.8843750953674316,3.6445772647857666,3.7912757396698,3.6345126628875732,5.683401584625244,5.838532447814941,6.120333194732666,6.0416693687438965,6.366939067840576,6.2740478515625,6.4911789894104,6.284525394439697,6.387284755706787,6.088870048522949,6.154703617095947,5.8883957862854,5.652042865753174,5.637691974639893,5.382360458374023,6.117677211761475,6.445894718170166,6.662760257720947,6.749948024749756,7.124495029449463,7.1341447830200195,7.507387161254883,7.4285993576049805,7.665112495422363,7.462289333343506,7.599824905395508,7.36344575881958,7.2596435546875,6.911871433258057,6.823857307434082,5.587141513824463,5.978456497192383,6.135715484619141,6.45866060256958,6.753331184387207,7.020773887634277,7.382495403289795,7.612360954284668,7.957581520080566,8.186026573181152,8.51210880279541,8.802103996276855,9.06339168548584,9.403239250183105,9.65435791015625
A4,0.9573760032653809,0.691548764705658,0.3618267774581909,0.0,0.3635587692260742,0.6571165323257446,0.9970141053199768,1.2529748678207397,1.5806423425674438,1.858082890510559,2.173449993133545,2.3755807876586914,2.6971940994262695,2.981721878051758,3.267873525619507,4.159103870391846,4.129331588745117,4.3586907386779785,4.543540954589844,4.676292419433594,4.5189337730407715,4.507132053375244,4.1752095222473145,4.044799327850342,3.900522470474243,3.6209805011749268,3.713498592376709,3.451714277267456,3.5832667350769043,3.404167652130127,5.393798351287842,5.560569763183594,5.850941181182861,5.788370132446289,6.11992073059082,6.0426106452941895,6.264503002166748,6.071826934814453,6.177834510803223,5.886806488037109,5.953732967376709,5.691728591918945,5.44644832611084,5.432485580444336,5.1689910888671875,5.811625957489014,6.145504474639893,6.369666576385498,6.468376159667969,6.846567630767822,6.867518424987793,7.243800163269043,7.176187992095947,7.414633750915527,7.220723628997803,7.359987735748291,7.13175630569458,7.0292067527771,6.682958602905273,6.590864181518555,5.301265239715576,5.6904168128967285,5.855668544769287,6.1852288246154785,6.481466293334961,6.755505084991455,7.113764762878418,7.351470947265625,7.690606594085693,7.928565979003906,8.24869441986084,8.54614543914795,8.805776596069336,9.147649765014648,9.4035005569458
A5,1.248009443283081,0.9873028993606567,0.6915377974510193,0.3635587692260742,0.0,0.3426157832145691,0.655274510383606,0.9400413632392883,1.260073184967041,1.5433484315872192,1.8766694068908691,2.0997185707092285,2.428452253341675,2.7225990295410156,3.020404815673828,4.051027774810791,4.0464653968811035,4.299729824066162,4.508949279785156,4.667342662811279,4.5375285148620605,4.551083087921143,4.237308502197266,4.126330375671387,3.9867336750030518,3.695136070251465,3.773573637008667,3.491556406021118,3.609180450439453,3.4058926105499268,5.257437705993652,5.446612358093262,5.742593765258789,5.7036895751953125,6.045862197875977,5.991203308105469,6.224539279937744,6.052188396453857,6.168561935424805,5.89076042175293,5.964951515197754,5.713117599487305,5.461389541625977,5.452140808105469,5.181743144989014,5.65814733505249,6.001993656158447,6.230832099914551,6.350003242492676,6.730616569519043,6.771462917327881,7.152841567993164,7.104218482971191,7.349546432495117,7.171250343322754,7.317474365234375,7.103490829467773,7.0068864822387695,6.6656293869018555,6.5716633796691895,5.169496059417725,5.552151203155518,5.718471050262451,6.060494422912598,6.3505473136901855,6.638154029846191,6.9876389503479,7.239699363708496,7.570767879486084,7.821780204772949,8.13614559173584,8.440847396850586,8.70326042175293,9.044124603271484,9.309590339660645
A6,1.5852779150009155,1.313560962677002,1.0109723806381226,0.6571165323257446,0.3426157832145691,0.0,0.37197890877723694,0.6017125248908997,0.9360814094543457,1.2070568799972534,1.5362741947174072,1.757931113243103,2.0862152576446533,2.3815066814422607,2.680345296859741,3.8427398204803467,3.8661956787109375,4.137821197509766,4.36260461807251,4.534043788909912,4.4277520179748535,4.452183246612549,4.154027938842773,4.047815799713135,3.8996918201446533,3.591609001159668,3.645662546157837,3.343940258026123,3.439866781234741,3.2135403156280518,5.00645112991333,5.205483436584473,5.511556625366211,5.489313125610352,5.8353095054626465,5.795999526977539,6.030610084533691,5.872038841247559,5.98796272277832,5.717199325561523,5.788708686828613,5.539994716644287,5.278666019439697,5.266520023345947,4.987734317779541,5.383967399597168,5.732356071472168,5.970829486846924,6.100558757781982,6.484727382659912,6.535590171813965,6.9183349609375,6.879594326019287,7.123971462249756,6.953402519226074,7.098248481750488,6.891115665435791,6.793415546417236,6.453298091888428,6.353030681610107,4.923453330993652,5.302910804748535,5.480676651000977,5.827355861663818,6.120594501495361,6.412655353546143,6.758615016937256,7.016808032989502,7.34054708480835,7.60053825378418,7.907244682312012,8.219700813293457,8.478078842163086,8.821547508239746,9.089964866638184
A7,1.8878859281539917,1.6047797203063965,1.3412234783172607,0.9970141053199768,0.655274510383606,0.37197890877723694,0.0,0.3765377104282379,0.6205330491065979,0.9378699064254761,1.2733646631240845,1.5456067323684692,1.8606674671173096,2.1770217418670654,2.4774563312530518,3.67952561378479,3.722669839859009,4.013856410980225,4.261025428771973,4.458707809448242,4.380314350128174,4.434281349182129,4.158308982849121,4.079514503479004,3.946599245071411,3.6374213695526123,3.6869144439697266,3.375647783279419,3.4671592712402344,3.2290549278259277,4.819328784942627,5.0409417152404785,5.345643520355225,5.345297813415527,5.701253890991211,5.684171676635742,5.932888031005859,5.7958574295043945,5.927196025848389,5.6739630699157715,5.759410381317139,5.527835845947266,5.268185615539551,5.269432067871094,4.992242813110352,5.1889967918396,5.545555114746094,5.781296730041504,5.930567264556885,6.313485145568848,6.384476661682129,6.7716498374938965,6.75293493270874,7.007298946380615,6.8549675941467285,7.011651515960693,6.822612762451172,6.737354755401611,6.407484531402588,6.313199520111084,4.7397661209106445,5.11002779006958,5.280974864959717,5.639064311981201,5.9211626052856445,6.226580619812012,6.5619730949401855,6.833878993988037,7.150393009185791,7.420955181121826,7.723798751831055,8.040061950683594,8.303682327270508,8.64339542388916,8.921775817871094
A8,2.1865522861480713,1.9076939821243286,1.610608458518982,1.2529748678207397,0.9400413632392883,0.6017125248908997,0.3765377104282379,0.0,0.37860235571861267,0.6065319180488586,0.9399366974830627,1.1810258626937866,1.5084792375564575,1.813515067100525,2.1193959712982178,3.5615415573120117,3.6403002738952637,3.9466867446899414,4.203045845031738,4.4038872718811035,4.346466541290283,4.398830413818359,4.1366448402404785,4.049327850341797,3.8959522247314453,3.5672802925109863,3.5800726413726807,3.2487475872039795,3.304616928100586,3.0387308597564697,4.630724906921387,4.855475425720215,5.176639080047607,5.191818714141846,5.5463666915893555,5.541637897491455,5.782618522644043,5.655829429626465,5.776148319244385,5.52500581741333,5.5966105461120605,5.360632419586182,5.085710525512695,5.073037624359131,4.7825236320495605,4.961665153503418,5.32036828994751,5.57387638092041,5.7297043800354,6.118075847625732,6.194084167480469,6.579603672027588,6.56557035446167,6.811377048492432,6.661287307739258,6.807641983032227,6.619318008422852,6.524445533752441,6.191178798675537,6.082400798797607,4.558379173278809,4.926152229309082,5.119715213775635,5.4776787757873535,5.770046710968018,6.074254989624023,6.408452987670898,6.68192195892334,6.989450931549072,7.268033981323242,7.559722423553467,7.885722637176514,8.139180183410645,8.484556198120117,8.761446952819824
A9,2.49914813041687,2.2034099102020264,1.9366534948349,1.5806423425674438,1.260073184967041,0.9360814094543457,0.6205330491065979,0.37860235571861267,0.0,0.39006465673446655,0.6762971878051758,0.9995455145835876,1.2810026407241821,1.6148524284362793,1.9081981182098389,3.340946912765503,3.4412314891815186,3.7650532722473145,4.041668891906738,4.2666778564453125,4.238853931427002,4.319858074188232,4.083353519439697,4.024113178253174,3.887416124343872,3.5618393421173096,3.5700719356536865,3.2346322536468506,3.286879539489746,3.0155022144317627,4.377614974975586,4.623107433319092,4.941486835479736,4.977787494659424,5.340461730957031,5.357518196105957,5.611326217651367,5.5065016746521,5.641891956329346,5.409835338592529,5.495931625366211,5.279470443725586,5.0091776847839355,5.012271404266357,4.727232933044434,4.701413631439209,5.066619873046875,5.315848350524902,5.489379405975342,5.875298023223877,5.970036506652832,6.358813762664795,6.36393928527832,6.619197845458984,6.487414360046387,6.645826816558838,6.476375579833984,6.3954758644104,6.074527263641357,5.974273204803467,4.30882453918457,4.666388034820557,4.853086471557617,5.220444679260254,5.501965045928955,5.8175177574157715,6.141304016113281,6.426618576049805,6.726885795593262,7.014578819274902,7.302206516265869,7.63115119934082,7.8889479637146,8.230435371398926,8.515949249267578
A10,2.790943145751953,2.5133533477783203,2.2156081199645996,1.858082890510559,1.5433484315872192,1.2070568799972534,0.9378699064254761,0.6065319180488586,0.39006465673446655,0.0,0.3824777603149414,0.6526172757148743,0.9731482863426208,1.2816212177276611,1.5992568731307983,3.4170026779174805,3.55712890625,3.8944718837738037,4.179350852966309,4.4071784019470215,4.401138782501221,4.480118274688721,4.258306503295898,4.1900553703308105,4.033540725708008,3.692138910293579,3.662038564682007,3.310068130493164,3.320220470428467,3.0198428630828857,4.3520073890686035,4.604686260223389,4.940340518951416,4.9988179206848145,5.358958721160889,5.393057346343994,5.637958526611328,5.547133922576904,5.669906139373779,5.442086696624756,5.511474609375,5.29064416885376,5.003363609313965,4.988089561462402,4.6875386238098145,4.620512962341309,4.9886155128479,5.259001731872559,5.4447221755981445,5.835196018218994,5.939774036407471,6.325554847717285,6.339526653289795,6.584539890289307,6.45798921585083,6.6038641929626465,6.436989784240723,6.344524383544922,6.020616054534912,5.9015278816223145,4.293729305267334,4.6427130699157715,4.853442668914795,5.221132755279541,5.509825706481934,5.825723648071289,6.143697261810303,6.433021068572998,6.719851016998291,7.018272876739502,7.291103839874268,7.631091117858887,7.87763786315918,8.223830223083496,8.509115219116211
A11,3.118680477142334,2.8257088661193848,2.5346806049346924,2.173449993133545,1.8766694068908691,1.5362741947174072,1.2733646631240845,0.9399366974830627,0.6762971878051758,0.3824777603149414,0.0,0.381026029586792,0.6142878532409668,0.9496654868125916,1.2453455924987793,3.1713173389434814,3.34407114982605,3.692720890045166,3.987126111984253,4.223254203796387,4.244760513305664,4.334090709686279,4.13728141784668,4.078266620635986,3.919997215270996,3.5747592449188232,3.519942045211792,3.161482572555542,3.1478214263916016,2.835437297821045,4.031294822692871,4.290744781494141,4.633803367614746,4.7093071937561035,5.068856239318848,5.119020462036133,5.36249303817749,5.288122177124023,5.410079002380371,5.194273948669434,5.262314796447754,5.050992965698242,4.760212421417236,4.746787071228027,4.445453643798828,4.27202844619751,4.641557693481445,4.9197773933410645,5.1137309074401855,5.505022048950195,5.618130683898926,6.002558708190918,6.026069641113281,6.269007205963135,6.151670455932617,6.29671573638916,6.139565944671631,6.04941987991333,5.73155403137207,5.610668659210205,3.9794232845306396,4.321089744567871,4.54387092590332,4.911398410797119,5.202757358551025,5.518813133239746,5.832089424133301,6.123954772949219,6.402229309082031,6.7068772315979,6.970908164978027,7.316667556762695,7.557413578033447,7.905253887176514,8.191150665283203
A12,3.3281970024108887,3.049319267272949,2.733362913131714,2.3755807876586914,2.0997185707092285,1.757931113243103,1.5456067323684692,1.1810258626937866,0.9995455145835876,0.6526172757148743,0.381026029586792,0.0,0.3846529424190521,0.639672040939331,0.9692968130111694,3.2771823406219482,3.476684093475342,3.825080633163452,4.1136956214904785,4.33753776550293,4.367644786834717,4.440532207489014,4.250216960906982,4.170718193054199,3.9866445064544678,3.6276564598083496,3.534597873687744,3.165639638900757,3.108891487121582,2.773361921310425,4.039767742156982,4.2898688316345215,4.6502366065979,4.734843730926514,5.084171772003174,5.139078140258789,5.364390850067139,5.293353080749512,5.393581390380859,5.174097061157227,5.217529773712158,4.9942522048950195,4.685724258422852,4.647024154663086,4.329658031463623,4.226387023925781,4.591334342956543,4.892318248748779,5.085103988647461,5.480605125427246,5.590845584869385,5.968379497528076,5.989073276519775,6.215023517608643,6.093122482299805,6.218413352966309,6.054681777954102,5.946343421936035,5.620859622955322,5.477737903594971,3.996936321258545,4.333771228790283,4.585204601287842,4.943308353424072,5.248475551605225,5.554586887359619,5.867773532867432,6.153778076171875,6.421992778778076,6.730147361755371,6.9806413650512695,7.334716320037842,7.559959411621094,7.914457321166992,8.19340991973877
A13,3.653332471847534,3.359114170074463,3.0568976402282715,2.6971940994262695,2.428452253341675,2.0862152576446533,1.8606674671173096,1.5084792375564575,1.2810026407241821,0.9731482863426208,0.6142878532409668,0.3846529424190521,0.0,0.3604414165019989,0.6310819983482361,3.0496134757995605,3.281327962875366,3.637815237045288,3.9349682331085205,4.168323993682861,4.228529453277588,4.315760612487793,4.154843807220459,4.0908122062683105,3.912208318710327,3.5568060874938965,3.443838119506836,3.07582688331604,2.9989612102508545,2.6595795154571533,3.720994234085083,3.980059862136841,4.344822883605957,4.449240207672119,4.797628402709961,4.871580123901367,5.097263336181641,5.046367168426514,5.149045467376709,4.946188926696777,4.992146015167236,4.783950328826904,4.476151466369629,4.444301128387451,4.130836486816406,3.877441167831421,4.243733882904053,4.550270080566406,4.753602504730225,5.148035049438477,5.269585132598877,5.645516872406006,5.678878307342529,5.9047088623046875,5.795612812042236,5.92309045791626,5.7731781005859375,5.6712541580200195,5.355671405792236,5.21451473236084,3.6855900287628174,4.010985374450684,4.271501064300537,4.629092693328857,4.933359146118164,5.240288734436035,5.54611349105835,5.835607528686523,6.094057559967041,6.408595561981201,6.6500563621521,7.008916854858398,7.2296319007873535,7.584125995635986,7.864865779876709
A14,3.937588691711426,3.6539220809936523,3.3376429080963135,2.981721878051758,2.7225990295410156,2.3815066814422607,2.1770217418670654,1.813515067100525,1.6148524284362793,1.2816212177276611,0.9496654868125916,0.639672040939331,0.3604414165019989,0.0,0.3540409803390503,3.1941754817962646,3.4522082805633545,3.806891918182373,4.09993314743042,4.32574462890625,4.40058708190918,4.479457378387451,4.3322577476501465,4.257705211639404,4.062867641448975,3.7018539905548096,3.555732011795044,3.18520188331604,3.06876540184021,2.715303421020508,3.7418062686920166,3.996001958847046,4.373123645782471,4.493720054626465,4.831051826477051,4.916801452636719,5.126655101776123,5.086966037750244,5.172049045562744,4.9736223220825195,4.999144077301025,4.787202835083008,4.466200351715088,4.413809299468994,4.089296817779541,3.8337812423706055,4.193975448608398,4.520547389984131,4.728363513946533,5.123029708862305,5.248185157775879,5.615584850311279,5.653136730194092,5.863438606262207,5.757033348083496,5.867526054382324,5.718459129333496,5.603078365325928,5.286006450653076,5.125227451324463,3.7180333137512207,4.0293402671813965,4.31355619430542,4.661386966705322,4.972416400909424,5.271179676055908,5.5704731941223145,5.856750965118408,6.100588321685791,6.420485496520996,6.6454668045043945,7.0122151374816895,7.218023300170898,7.576375961303711,7.85238790512085
A15,4.224839687347412,3.9309582710266113,3.6232330799102783,3.267873525619507,3.020404815673828,2.680345296859741,2.4774563312530518,2.1193959712982178,1.9081981182098389,1.5992568731307983,1.2453455924987793,0.9692968130111694,0.6310819983482361,0.3540409803390503,0.0,3.0430984497070312,3.3277995586395264,3.680880069732666,3.9728777408599854,4.197940826416016,4.296574115753174,4.380024433135986,4.258876800537109,4.191547393798828,3.9970474243164062,3.641278028488159,3.472449541091919,3.1079776287078857,2.967209815979004,2.6146774291992188,3.479712963104248,3.732431173324585,4.115312099456787,4.2508344650268555,4.580886363983154,4.680516242980957,4.883125305175781,4.8592681884765625,4.939157485961914,4.753754615783691,4.774479866027832,4.573094844818115,4.251083850860596,4.198924541473389,3.877230405807495,3.5311081409454346,3.887326717376709,4.223444938659668,4.43503475189209,4.828411102294922,4.958380222320557,5.320799350738525,5.365176200866699,5.569480895996094,5.470829486846924,5.5771803855896,5.436972618103027,5.322495460510254,5.012598514556885,4.849257469177246,3.4645721912384033,3.7634904384613037,4.062547206878662,4.4024882316589355,4.7168779373168945,5.009374141693115,5.303338050842285,5.5871100425720215,5.821005821228027,6.143959045410156,6.358442306518555,6.7294721603393555,6.926549911499023,7.28648042678833,7.560039043426514
B1,4.87127161026001,4.49949312210083,4.421773910522461,4.159103870391846,4.051027774810791,3.8427398204803467,3.67952561378479,3.5615415573120117,3.340946912765503,3.4170026779174805,3.1713173389434814,3.2771823406219482,3.0496134757995605,3.1941754817962646,3.0430984497070312,0.0,0.39265504479408264,0.7175034880638123,1.0459129810333252,1.3622368574142456,1.605036735534668,1.864403247833252,1.955798625946045,2.142287015914917,2.2083044052124023,2.1079959869384766,2.123734951019287,2.036468982696533,2.1449451446533203,2.166513442993164,1.419079065322876,1.5668562650680542,1.7622342109680176,1.7270259857177734,2.0983591079711914,2.127659559249878,2.4465882778167725,2.4151039123535156,2.665210247039795,2.569746732711792,2.808624029159546,2.795879364013672,2.6997034549713135,2.921044111251831,2.848174571990967,2.0590322017669678,2.3216443061828613,2.404632806777954,2.4780986309051514,2.8115406036376953,2.862197160720825,3.248910903930664,3.251168966293335,3.565340757369995,3.4802639484405518,3.7385025024414062,3.6606199741363525,3.723658323287964,3.5304183959960938,3.6075186729431152,1.294206142425537,1.660035490989685,1.745065450668335,2.049961805343628,2.3378820419311523,2.600693941116333,2.9617040157318115,3.1956403255462646,3.5389609336853027,3.7753963470458984,4.100817680358887,4.393962860107422,4.666802406311035,4.999568939208984,5.270719528198242
B2,4.783342361450195,4.414188385009766,4.368696212768555,4.129331588745117,4.0464653968811035,3.8661956787109375,3.722669839859009,3.6403002738952637,3.4412314891815186,3.55712890625,3.34407114982605,3.476684093475342,3.281327962875366,3.4522082805633545,3.3277995586395264,0.39265504479408264,0.0,0.38012638688087463,0.7307179570198059,1.0696648359298706,1.2844159603118896,1.573078989982605,1.6643364429473877,1.8921263217926025,2.010521411895752,1.9601625204086304,2.0401604175567627,2.002408981323242,2.170621871948242,2.24332332611084,1.694814920425415,1.7865383625030518,1.9211556911468506,1.816199779510498,2.163957118988037,2.1380722522735596,2.4588918685913086,2.3881375789642334,2.6532177925109863,2.546544313430786,2.8089210987091064,2.8018579483032227,2.7406797409057617,2.983214855194092,2.938420534133911,2.3688595294952393,2.5992684364318848,2.6421127319335938,2.676206588745117,2.983546495437622,3.0019330978393555,3.3762617111206055,3.3521697521209717,3.669398069381714,3.569110870361328,3.8358829021453857,3.7481279373168945,3.8229315280914307,3.6354925632476807,3.7365455627441406,1.561629295349121,1.9036877155303955,1.9310435056686401,2.19964337348938,2.4631197452545166,2.70206618309021,3.0670528411865234,3.276801824569702,3.6380887031555176,3.84442400932312,4.189066410064697,4.457282543182373,4.740063190460205,5.0628743171691895,5.325835227966309
B3,4.966593265533447,4.602692604064941,4.578676700592041,4.3586907386779785,4.299729824066162,4.137821197509766,4.013856410980225,3.9466867446899414,3.7650532722473145,3.8944718837738037,3.692720890045166,3.825080633163452,3.637815237045288,3.806891918182373,3.680880069732666,0.7175034880638123,0.38012638688087463,0.0,0.35835784673690796,0.7175512909889221,0.9674656987190247,1.290842056274414,1.4445077180862427,1.7191882133483887,1.8909043073654175,1.9130498170852661,2.0229358673095703,2.0554802417755127,2.246211528778076,2.376577615737915,1.7827720642089844,1.8003897666931152,1.8713840246200562,1.6972249746322632,2.0094926357269287,1.934499979019165,2.251324415206909,2.1562893390655518,2.4369189739227295,2.3392813205718994,2.628267526626587,2.649155616760254,2.6361522674560547,2.908474922180176,2.9090847969055176,2.476405620574951,2.6595921516418457,2.65940523147583,2.6435182094573975,2.9206552505493164,2.9012811183929443,3.2581334114074707,3.207385540008545,3.5241799354553223,3.413355827331543,3.6889424324035645,3.6005022525787354,3.694277048110962,3.5255537033081055,3.658334255218506,1.6458852291107178,1.9547333717346191,1.9398655891418457,2.151545286178589,2.400866746902466,2.598741054534912,2.9694247245788574,3.1439647674560547,3.5189003944396973,3.692450761795044,4.049868106842041,4.295558452606201,4.579298496246338,4.895699977874756,5.1452507972717285
B4,5.11163854598999,4.754633903503418,4.745745658874512,4.543540954589844,4.508949279785156,4.36260461807251,4.261025428771973,4.203045845031738,4.041668891906738,4.179350852966309,3.987126111984253,4.1136956214904785,3.9349682331085205,4.09993314743042,3.9728777408599854,1.0459129810333252,0.7307179570198059,0.35835784673690796,0.0,0.37133467197418213,0.6634171605110168,1.0063809156417847,1.2267284393310547,1.533624529838562,1.7477319240570068,1.8380835056304932,1.9689627885818481,2.066779851913452,2.272312879562378,2.4537103176116943,1.9362268447875977,1.8815370798110962,1.9069347381591797,1.6649976968765259,1.9267289638519287,1.7898447513580322,2.084639549255371,1.9505335092544556,2.232053279876709,2.130858898162842,2.4356303215026855,2.4734420776367188,2.503082275390625,2.796339988708496,2.836895227432251,2.6221747398376465,2.7628915309906006,2.7360072135925293,2.6688425540924072,2.919506311416626,2.855813980102539,3.190854072570801,3.104893445968628,3.4114718437194824,3.280710458755493,3.5547776222229004,3.45573091506958,3.558516025543213,3.4008946418762207,3.5575666427612305,1.8013222217559814,2.0825178623199463,2.0501277446746826,2.2011587619781494,2.4438414573669434,2.592470169067383,2.9678258895874023,3.1007065773010254,3.4847121238708496,3.6236112117767334,3.988337993621826,4.2128400802612305,4.490065097808838,4.802623748779297,5.033496856689453
B5,5.21101188659668,4.862704277038574,4.8620686531066895,4.676292419433594,4.667342662811279,4.534043788909912,4.458707809448242,4.4038872718811035,4.2666778564453125,4.4071784019470215,4.223254203796387,4.33753776550293,4.168323993682861,4.32574462890625,4.197940826416016,1.3622368574142456,1.0696648359298706,0.7175512909889221,0.37133467197418213,0.0,0.38329431414604187,0.6984094977378845,0.9949191212654114,1.3105566501617432,1.5521559715270996,1.7074668407440186,1.8487290143966675,2.0107314586639404,2.223562479019165,2.4534804821014404,2.130758285522461,2.0105154514312744,2.016193151473999,1.716820240020752,1.9185458421707153,1.7116292715072632,1.9606761932373047,1.7690634727478027,2.02899169921875,1.9041706323623657,2.2095296382904053,2.248065948486328,2.3128933906555176,2.617621898651123,2.6926488876342773,2.788693428039551,2.8940329551696777,2.8597190380096436,2.742865800857544,2.9748482704162598,2.862060070037842,3.172438859939575,3.0425565242767334,3.3271312713623047,3.1647260189056396,3.423927068710327,3.3010611534118652,3.399430990219116,3.242065668106079,3.412745475769043,2.0010228157043457,2.2665534019470215,2.2439286708831787,2.3401782512664795,2.5882582664489746,2.6855292320251465,3.065469741821289,3.153989791870117,3.5411159992218018,3.6468327045440674,4.011508941650391,4.218792915344238,4.4804487228393555,4.793081283569336,4.999928951263428
B6,5.002868175506592,4.664358139038086,4.682123184204102,4.5189337730407715,4.5375285148620605,4.4277520179748535,4.380314350128174,4.346466541290283,4.238853931427002,4.401138782501221,4.244760513305664,4.367644786834717,4.228529453277588,4.40058708190918,4.296574115753174,1.605036735534668,1.2844159603118896,0.9674656987190247,0.6634171605110168,0.38329431414604187,0.0,0.37553632259368896,0.6474726796150208,0.9960620403289795,1.2863194942474365,1.492486596107483,1.6939787864685059,1.8933584690093994,2.1487531661987305,2.4071555137634277,2.4852182865142822,2.3638412952423096,2.3852388858795166,2.0766093730926514,2.2581839561462402,2.0193088054656982,2.2306995391845703,1.9913069009780884,2.2119815349578857,2.0407028198242188,2.3181405067443848,2.3151943683624268,2.3781559467315674,2.6647353172302246,2.735832691192627,3.133775234222412,3.244495391845703,3.2243638038635254,3.0980448722839355,3.330321788787842,3.198580265045166,3.4975340366363525,3.34238862991333,3.608167886734009,3.419003963470459,3.6572656631469727,3.504112720489502,3.581289529800415,3.404505729675293,3.5649852752685547,2.3552095890045166,2.6353392601013184,2.624830961227417,2.720519542694092,2.9688191413879395,3.0568063259124756,3.4354119300842285,3.5101706981658936,3.897887945175171,3.988107681274414,4.353545665740967,4.548848628997803,4.804839134216309,5.113773822784424,5.3075079917907715
B7,4.965529918670654,4.638303756713867,4.6556525230407715,4.507132053375244,4.551083087921143,4.452183246612549,4.434281349182129,4.398830413818359,4.319858074188232,4.480118274688721,4.334090709686279,4.440532207489014,4.315760612487793,4.479457378387451,4.380024433135986,1.864403247833252,1.573078989982605,1.290842056274414,1.0063809156417847,0.6984094977378845,0.37553632259368896,0.0,0.3910667598247528,0.69646155834198,1.0001940727233887,1.269145131111145,1.4806642532348633,1.7364987134933472,1.997093915939331,2.2937042713165283,2.705597400665283,2.5531344413757324,2.5928893089294434,2.2653331756591797,2.4128706455230713,2.1361708641052246,2.2936453819274902,2.0044069290161133,2.1696877479553223,1.9488366842269897,2.1876027584075928,2.144765853881836,2.2101852893829346,2.4799962043762207,2.559863567352295,3.3189752101898193,3.4179396629333496,3.4169890880584717,3.2647745609283447,3.4979658126831055,3.333838939666748,3.616316318511963,3.4256067276000977,3.6614458560943604,3.437095880508423,3.6441006660461426,3.4547009468078613,3.504488945007324,3.3077552318573,3.457237958908081,2.58050274848938,2.8669071197509766,2.8891489505767822,2.96417498588562,3.2311267852783203,3.2926578521728516,3.6765553951263428,3.726367950439453,4.110321521759033,4.185150623321533,4.542296886444092,4.733304023742676,4.96943473815918,5.2834272384643555,5.4563751220703125
B8,4.6077752113342285,4.287161350250244,4.310460090637207,4.1752095222473145,4.237308502197266,4.154027938842773,4.158308982849121,4.1366448402404785,4.083353519439697,4.258306503295898,4.13728141784668,4.250216960906982,4.154843807220459,4.3322577476501465,4.258876800537109,1.955798625946045,1.6643364429473877,1.4445077180862427,1.2267284393310547,0.9949191212654114,0.6474726796150208,0.3910667598247528,0.0,0.37523168325424194,0.7180408835411072,0.9936778545379639,1.274479627609253,1.5265746116638184,1.829224944114685,2.1250855922698975,2.931806802749634,2.8088417053222656,2.887995719909668,2.5810976028442383,2.7507431507110596,2.4855568408966064,2.639455795288086,2.34340500831604,2.4815757274627686,2.226189374923706,2.4242823123931885,2.3249294757843018,2.3445541858673096,2.573038339614868,2.6109321117401123,3.540062427520752,3.667262077331543,3.6970512866973877,3.563983201980591,3.818561315536499,3.663950204849243,3.9557840824127197,3.7654426097869873,3.993988513946533,3.7582335472106934,3.947495460510254,3.736557960510254,3.757131576538086,3.530393123626709,3.6481754779815674,2.8052399158477783,3.120593547821045,3.166571855545044,3.272397041320801,3.5514307022094727,3.6340205669403076,4.021842002868652,4.086857318878174,4.470210552215576,4.556944370269775,4.912358283996582,5.111404895782471,5.34711217880249,5.664749622344971,5.839722156524658
B9,4.4712233543396,4.161153316497803,4.1721086502075195,4.044799327850342,4.126330375671387,4.047815799713135,4.079514503479004,4.049327850341797,4.024113178253174,4.1900553703308105,4.078266620635986,4.170718193054199,4.0908122062683105,4.257705211639404,4.191547393798828,2.142287015914917,1.8921263217926025,1.7191882133483887,1.533624529838562,1.3105566501617432,0.9960620403289795,0.69646155834198,0.37523168325424194,0.0,0.3662709891796112,0.6997208595275879,0.9977929592132568,1.2878990173339844,1.594243049621582,1.9122624397277832,3.100088596343994,2.9698145389556885,3.0831356048583984,2.780977964401245,2.9419901371002197,2.6693508625030518,2.789494514465332,2.472268581390381,2.560051918029785,2.2629637718200684,2.4066197872161865,2.2503011226654053,2.235682487487793,2.4222450256347656,2.4370007514953613,3.669898509979248,3.8011043071746826,3.862435817718506,3.72412371635437,3.992159605026245,3.825080156326294,4.112269878387451,3.9040281772613525,4.1082024574279785,3.8476223945617676,4.00486421585083,3.7622480392456055,3.7465434074401855,3.490433931350708,3.5780534744262695,2.9788525104522705,3.308070182800293,3.3931469917297363,3.499469518661499,3.8012616634368896,3.8778135776519775,4.271887302398682,4.331236839294434,4.708901882171631,4.797915458679199,5.142817497253418,5.350009441375732,5.5693254470825195,5.896039009094238,6.060248374938965
B10,4.354372024536133,4.049052715301514,4.033866882324219,3.900522470474243,3.9867336750030518,3.8996918201446533,3.946599245071411,3.8959522247314453,3.887416124343872,4.033540725708008,3.919997215270996,3.9866445064544678,3.912208318710327,4.062867641448975,3.9970474243164062,2.2083044052124023,2.010521411895752,1.8909043073654175,1.7477319240570068,1.5521559715270996,1.2863194942474365,1.0001940727233887,0.7180408835411072,0.3662709891796112,0.0,0.38399389386177063,0.6669912934303284,0.9822757840156555,1.2802808284759521,1.611175298690796,3.1354596614837646,3.00805401802063,3.16196608543396,2.877556085586548,3.0418455600738525,2.7789483070373535,2.8785202503204346,2.5587079524993896,2.606849431991577,2.279560089111328,2.37182354927063,2.161520004272461,2.0940418243408203,2.233916759490967,2.2087666988372803,3.6621267795562744,3.8031952381134033,3.9006245136260986,3.7678732872009277,4.054739952087402,3.887234687805176,4.176631927490234,3.9630205631256104,4.148880958557129,3.8733975887298584,4.003189563751221,3.737570285797119,3.686619997024536,3.400303363800049,3.451275110244751,3.0208218097686768,3.364288330078125,3.4917383193969727,3.6067605018615723,3.932654857635498,4.012424468994141,4.411987781524658,4.475833415985107,4.845625400543213,4.947359085083008,5.279782772064209,5.502843379974365,5.708076000213623,6.046216011047363,6.2069315910339355
B11,4.127723693847656,3.817186117172241,3.7728729248046875,3.6209805011749268,3.695136070251465,3.591609001159668,3.6374213695526123,3.5672802925109863,3.5618393421173096,3.692138910293579,3.5747592449188232,3.6276564598083496,3.5568060874938965,3.7018539905548096,3.641278028488159,2.1079959869384766,1.9601625204086304,1.9130498170852661,1.8380835056304932,1.7074668407440186,1.492486596107483,1.269145131111145,0.9936778545379639,0.6997208595275879,0.38399389386177063,0.0,0.37463119626045227,0.6191865801811218,0.9464854001998901,1.2544857263565063,3.066246747970581,2.9718666076660156,3.170595645904541,2.922935724258423,3.11679744720459,2.887938976287842,2.999513864517212,2.702929973602295,2.7452921867370605,2.4127020835876465,2.4807896614074707,2.239605188369751,2.1077215671539307,2.2071080207824707,2.1181154251098633,3.5657496452331543,3.735351324081421,3.8690171241760254,3.765625238418579,4.078402042388916,3.9346706867218018,4.240603923797607,4.045248508453369,4.231993198394775,3.96232008934021,4.083380699157715,3.8151988983154297,3.742511749267578,3.4326062202453613,3.4469823837280273,2.955770254135132,3.31965708732605,3.480823516845703,3.6268491744995117,3.9697277545928955,4.074930667877197,4.477165222167969,4.565584659576416,4.929006099700928,5.057188987731934,5.381601810455322,5.626168251037598,5.8301849365234375,6.177848815917969,6.349874496459961
B12,4.272534370422363,3.9631550312042236,3.8843750953674316,3.713498592376709,3.773573637008667,3.645662546157837,3.6869144439697266,3.5800726413726807,3.5700719356536865,3.662038564682007,3.519942045211792,3.534597873687744,3.443838119506836,3.555732011795044,3.472449541091919,2.123734951019287,2.0401604175567627,2.0229358673095703,1.9689627885818481,1.8487290143966675,1.6939787864685059,1.4806642532348633,1.274479627609253,0.9977929592132568,0.6669912934303284,0.37463119626045227,0.0,0.37592455744743347,0.6176266670227051,0.9648687839508057,2.9542362689971924,2.850172281265259,3.0788228511810303,2.848994255065918,3.0350308418273926,2.819657564163208,2.9077670574188232,2.61993670463562,2.62772536277771,2.282672643661499,2.3073477745056152,2.032407283782959,1.8511145114898682,1.9122728109359741,1.7867523431777954,3.3967440128326416,3.563077211380005,3.7254481315612793,3.6214232444763184,3.9448235034942627,3.7990128993988037,4.101627349853516,3.9035940170288086,4.071719169616699,3.7939999103546143,3.8913724422454834,3.610408067703247,3.5110862255096436,3.1811511516571045,3.1656110286712646,2.8543622493743896,3.217047691345215,3.4173622131347656,3.557701587677002,3.920207977294922,4.018786430358887,4.421631813049316,4.508330345153809,4.859444618225098,4.997138023376465,5.305243492126465,5.563882350921631,5.750921726226807,6.108484745025635,6.275801181793213
B13,4.066774368286133,3.7511038780212402,3.6445772647857666,3.451714277267456,3.491556406021118,3.343940258026123,3.375647783279419,3.2487475872039795,3.2346322536468506,3.310068130493164,3.161482572555542,3.165639638900757,3.07582688331604,3.18520188331604,3.1079776287078857,2.036468982696533,2.002408981323242,2.0554802417755127,2.066779851913452,2.0107314586639404,1.8933584690093994,1.7364987134933472,1.5265746116638184,1.2878990173339844,0.9822757840156555,0.6191865801811218,0.37592455744743347,0.0,0.3637639284133911,0.6354738473892212,2.901679039001465,2.842127799987793,3.1078784465789795,2.9204087257385254,3.138701915740967,2.9632201194763184,3.073054790496826,2.8172128200531006,2.8353872299194336,2.5034687519073486,2.523122787475586,2.244110584259033,2.0175461769104004,2.048020362854004,1.862173318862915,3.3206124305725098,3.5195233821868896,3.7123823165893555,3.6452462673187256,3.9904634952545166,3.876255989074707,4.1959075927734375,4.024458408355713,4.2003173828125,3.9386463165283203,4.036625385284424,3.7654285430908203,3.656364679336548,3.315124750137329,3.2704977989196777,2.806147575378418,3.1845836639404297,3.4082565307617188,3.583012580871582,3.952991247177124,4.081177234649658,4.481822967529297,4.5963945388793945,4.940879821777344,5.104762554168701,5.406920909881592,5.683742046356201,5.87464714050293,6.237459659576416,6.419412136077881
B14,4.2395100593566895,3.9289956092834473,3.7912757396698,3.5832667350769043,3.609180450439453,3.439866781234741,3.4671592712402344,3.304616928100586,3.286879539489746,3.320220470428467,3.1478214263916016,3.108891487121582,2.9989612102508545,3.06876540184021,2.967209815979004,2.1449451446533203,2.170621871948242,2.246211528778076,2.272312879562378,2.223562479019165,2.1487531661987305,1.997093915939331,1.829224944114685,1.594243049621582,1.2802808284759521,0.9464854001998901,0.6176266670227051,0.3637639284133911,0.0,0.371983140707016,2.8605237007141113,2.7956955432891846,3.0885770320892334,2.924717664718628,3.1326847076416016,2.975447416305542,3.061858892440796,2.8214545249938965,2.8072030544281006,2.473707437515259,2.4501421451568604,2.146970272064209,1.8725686073303223,1.8525875806808472,1.61778724193573,3.2101919651031494,3.405748128890991,3.6285176277160645,3.5642449855804443,3.917374849319458,3.804396867752075,4.1180419921875,3.947368621826172,4.103050708770752,3.8372817039489746,3.91003680229187,3.629753351211548,3.4936294555664062,3.1351935863494873,3.0554370880126953,2.77826189994812,3.149076223373413,3.409428119659424,3.577815532684326,3.9623160362243652,4.083973407745361,4.481029987335205,4.59406042098999,4.923607349395752,5.096429824829102,5.380630016326904,5.669938564300537,5.843600749969482,6.214221477508545,6.391284465789795
