,A1,A2,A3,A4,A5,A6,A7,A8,A9,A10,A11,A12,A13,A14,A15,B1,B2,B3,B4,B5,B6,B7,B8,B9,B10,B11,B12,B13,B14,B15,C1,C2,C3,C4,C5,C6,C7,C8,C9,C10,C11,C12,C13,C14,C15,D1,D2,D3,D4,D5,D6,D7,D8,D9,D10,D11,D12,D13,D14,D15,E1,E2,E3,E4,E5,E6,E7,E8,E9,E10,E11,E12,E13,E14,E15
A1,0.0,0.396225243806839,0.6868248581886292,0.8970125317573547,1.2309393882751465,1.422977089881897,1.7401248216629028,1.9838682413101196,2.3413140773773193,2.6493782997131348,2.970658779144287,3.250898599624634,3.546586275100708,3.62568998336792,3.8166191577911377,2.6908950805664062,2.355634927749634,2.472533702850342,2.6066229343414307,2.392090320587158,2.6122539043426514,2.981196880340576,3.1644861698150635,3.307982921600342,3.6863327026367188,3.8345134258270264,4.060438632965088,3.95633602142334,3.910996198654175,3.6700973510742188,5.377562999725342,5.501007556915283,5.855087757110596,5.982693672180176,6.307989120483398,6.437983989715576,6.271940231323242,6.576773166656494,6.474863529205322,6.542187213897705,6.550457954406738,6.4685773849487305,6.278567790985107,6.0316996574401855,5.838938236236572,6.987237453460693,7.052460193634033,7.256073951721191,7.0794291496276855,7.401688098907471,7.362525939941406,7.142932415008545,7.1414570808410645,6.759768962860107,6.781891822814941,6.446552753448486,6.32054328918457,5.977791786193848,5.678905487060547,5.474879741668701,4.993096828460693,5.303957462310791,5.434689998626709,5.783138275146484,5.926307678222656,6.108955383300781,6.432807922363281,6.528323173522949,6.885303020477295,6.947951316833496,7.3149919509887695,7.501572608947754,7.693232536315918,7.996835231781006,8.299068450927734
A2,0.396225243806839,0.0,0.3840295076370239,0.5780630111694336,0.8866787552833557,1.1475812196731567,1.4456288814544678,1.6614910364151,2.020145893096924,2.3100321292877197,2.6480605602264404,2.9218740463256836,3.2330143451690674,3.3401966094970703,3.545581817626953,2.693006753921509,2.3877816200256348,2.520606279373169,2.7062666416168213,2.535729169845581,2.7986881732940674,3.154963493347168,3.3672995567321777,3.4915030002593994,3.874572992324829,4.020463943481445,4.218706130981445,4.081630706787109,4.018746376037598,3.7489585876464844,5.241134166717529,5.342720031738281,5.703054904937744,5.817114353179932,6.152058124542236,6.2959723472595215,6.143596172332764,6.461050033569336,6.367175102233887,6.456222057342529,6.472848892211914,6.412794589996338,6.242402076721191,6.013210773468018,5.835888862609863,6.930248737335205,6.975710391998291,7.170136451721191,6.97643518447876,7.2876362800598145,7.238187313079834,7.003664016723633,6.994399547576904,6.611241340637207,6.615754127502441,6.283933162689209,6.138741493225098,5.806044578552246,5.497415065765381,5.308549404144287,4.808241367340088,5.134134292602539,5.255815505981445,5.5975141525268555,5.745009422302246,5.946351051330566,6.27060079574585,6.381630897521973,6.737663745880127,6.820651054382324,7.186311721801758,7.383358478546143,7.586869239807129,7.890562534332275,8.201062202453613
A3,0.6868248581886292,0.3840295076370239,0.0,0.38695278763771057,0.6034595370292664,0.829535186290741,1.0989741086959839,1.3553669452667236,1.7001745700836182,1.9870107173919678,2.3072824478149414,2.600917339324951,2.901474714279175,3.0035810470581055,3.1923210620880127,2.4035961627960205,2.125009775161743,2.2643749713897705,2.488377094268799,2.3604562282562256,2.6597020626068115,2.997907876968384,3.237532138824463,3.3439950942993164,3.7272887229919434,3.876028060913086,4.046698093414307,3.8809306621551514,3.8121025562286377,3.519357919692993,4.898162364959717,4.988784313201904,5.350949287414551,5.455677032470703,5.791991233825684,5.9355926513671875,5.783934116363525,6.105022430419922,6.0105438232421875,6.108402252197266,6.125685214996338,6.075287818908691,5.914671897888184,5.695618629455566,5.529237747192383,6.625426769256592,6.663058280944824,6.859468936920166,6.662221431732178,6.970168590545654,6.925014019012451,6.683714866638184,6.68153715133667,6.299890995025635,6.305135250091553,5.9810919761657715,5.82780647277832,5.494299411773682,5.189845085144043,4.996083736419678,4.554173946380615,4.885815620422363,5.021759033203125,5.352993011474609,5.518174171447754,5.728188514709473,6.042785167694092,6.171182155609131,6.520938396453857,6.613155364990234,6.982802391052246,7.174164772033691,7.391443729400635,7.686087131500244,8.005537986755371
A4,0.8970125317573547,0.5780630111694336,0.38695278763771057,0.0,0.36243489384651184,0.6072466969490051,0.9223962426185608,1.1027475595474243,1.4680861234664917,1.7796630859375,2.1184728145599365,2.3737869262695312,2.6819095611572266,2.7844626903533936,3.0080788135528564,2.4871180057525635,2.221648693084717,2.4145827293395996,2.655566453933716,2.5572400093078613,2.855163335800171,3.1808366775512695,3.4066996574401855,3.4746463298797607,3.861550807952881,3.9753715991973877,4.130758285522461,3.9526922702789307,3.8466670513153076,3.5491750240325928,4.779954433441162,4.872884750366211,5.235451698303223,5.3519721031188965,5.694457054138184,5.858998775482178,5.729683876037598,6.057302951812744,5.986512184143066,6.0914998054504395,6.133155345916748,6.0957818031311035,5.946872234344482,5.734461784362793,5.562479019165039,6.518666744232178,6.544178485870361,6.722890377044678,6.5120110511779785,6.812351226806641,6.748202800750732,6.504744529724121,6.483072280883789,6.098601341247559,6.088198184967041,5.756008148193359,5.600962162017822,5.27675199508667,4.959768295288086,4.785472869873047,4.260388374328613,4.594537734985352,4.712392807006836,5.048633098602295,5.2010321617126465,5.413677215576172,5.7357683181762695,5.859121322631836,6.212709903717041,6.310127258300781,6.675271034240723,6.877683162689209,7.0919013023376465,7.39332914352417,7.711085796356201
A5,1.2309393882751465,0.8866787552833557,0.6034595370292664,0.36243489384651184,0.0,0.39987456798553467,0.6209334135055542,0.7794298529624939,1.1370209455490112,1.4294929504394531,1.7743216753005981,2.036078929901123,2.351668119430542,2.475917100906372,2.7012107372283936,2.4415225982666016,2.2207982540130615,2.4163591861724854,2.6961028575897217,2.642974376678467,2.9697468280792236,3.2739195823669434,3.5236077308654785,3.575432777404785,3.9581263065338135,4.073133945465088,4.1992316246032715,3.99202561378479,3.8768649101257324,3.5561375617980957,4.573187351226807,4.64366340637207,5.009922981262207,5.11073112487793,5.459226131439209,5.631945610046387,5.5122504234313965,5.848785877227783,5.782522201538086,5.9060773849487305,5.952399730682373,5.934176445007324,5.803542613983154,5.608927249908447,5.454063415527344,6.377427577972412,6.386155605316162,6.559917449951172,6.337098121643066,6.627521514892578,6.559753894805908,6.303290367126465,6.280983924865723,5.897665500640869,5.876012325286865,5.552000522613525,5.379419326782227,5.062811851501465,4.742845058441162,4.577032566070557,4.077348232269287,4.423750400543213,4.543090343475342,4.866612911224365,5.031875133514404,5.261539936065674,5.57684850692749,5.720205783843994,6.068120956420898,6.183798789978027,6.548964500427246,6.754141330718994,6.982970237731934,7.278355121612549,7.605376243591309
A6,1.422977089881897,1.1475812196731567,0.829535186290741,0.6072466969490051,0.39987456798553467,0.0,0.3607737720012665,0.6100712418556213,0.9450926184654236,1.2885860204696655,1.5822269916534424,1.8529263734817505,2.131343126296997,2.204540252685547,2.4128990173339844,2.131622314453125,1.929932713508606,2.1620144844055176,2.455231189727783,2.441180944442749,2.771740198135376,3.0515213012695312,3.2982914447784424,3.3162920475006104,3.695359706878662,3.7905218601226807,3.8947551250457764,3.6721394062042236,3.5382814407348633,3.2106425762176514,4.195125102996826,4.278090953826904,4.642144680023193,4.7552409172058105,5.100749969482422,5.2734222412109375,5.155273914337158,5.488751411437988,5.429969787597656,5.547039985656738,5.603185653686523,5.583640098571777,5.453135013580322,5.25748872756958,5.096282482147217,5.980895042419434,5.991840362548828,6.1662726402282715,5.946753025054932,6.240695476531982,6.176318645477295,5.924821853637695,5.906884670257568,5.52365255355835,5.511798858642578,5.187142372131348,5.023532867431641,4.699102401733398,4.385501384735107,4.207949638366699,3.7502574920654297,4.090639114379883,4.2288055419921875,4.550431251525879,4.727015018463135,4.9495930671691895,5.257320880889893,5.403797626495361,5.747819900512695,5.85715389251709,6.22705602645874,6.42108678817749,6.653791427612305,6.942262172698975,7.271696090698242
A7,1.7401248216629028,1.4456288814544678,1.0989741086959839,0.9223962426185608,0.6209334135055542,0.3607737720012665,0.0,0.38577836751937866,0.6471877098083496,0.9665316939353943,1.2421960830688477,1.5394142866134644,1.8149783611297607,1.904966950416565,2.101693868637085,2.0958006381988525,1.9531399011611938,2.1747443675994873,2.5010972023010254,2.5335986614227295,2.8866374492645264,3.139605760574341,3.4090306758880615,3.4142558574676514,3.783205509185791,3.8830795288085938,3.9564852714538574,3.706066608428955,3.569112539291382,3.2204232215881348,3.977221727371216,4.034665107727051,4.402345180511475,4.496135711669922,4.84677791595459,5.024383544921875,4.9129509925842285,5.254649639129639,5.197275638580322,5.33306884765625,5.390859603881836,5.390239238739014,5.278305530548096,5.10174560546875,4.960588455200195,5.829562187194824,5.824516296386719,5.996883869171143,5.767657279968262,6.0520830154418945,5.988226890563965,5.723571300506592,5.709750175476074,5.329073429107666,5.309246063232422,4.996255397796631,4.814523220062256,4.496310710906982,4.183825492858887,4.010473728179932,3.610663890838623,3.9615821838378906,4.107421875,4.411477565765381,4.606134414672852,4.845051288604736,5.1412739753723145,5.310676097869873,5.645837306976318,5.772778034210205,6.142954349517822,6.335688591003418,6.584513187408447,6.863467216491699,7.202592372894287
A8,1.9838682413101196,1.6614910364151,1.3553669452667236,1.1027475595474243,0.7794298529624939,0.6100712418556213,0.38577836751937866,0.0,0.36961954832077026,0.7107889652252197,1.0425668954849243,1.2733491659164429,1.5822449922561646,1.7109488248825073,1.9645705223083496,2.4030542373657227,2.2821695804595947,2.522426128387451,2.8527441024780273,2.898228168487549,3.246493339538574,3.4917523860931396,3.752655029296875,3.7377917766571045,4.1044840812683105,4.182751655578613,4.242866516113281,3.9835047721862793,3.821025848388672,3.4707884788513184,3.989868640899658,4.032974720001221,4.400111675262451,4.493133544921875,4.851492881774902,5.053531646728516,4.970060348510742,5.320626258850098,5.286739826202393,5.4390034675598145,5.518385887145996,5.538845539093018,5.446536064147949,5.285508632659912,5.1496686935424805,5.875757694244385,5.850207805633545,6.001127243041992,5.752387046813965,6.021577835083008,5.935335159301758,5.661345481872559,5.625052452087402,5.2434282302856445,5.197392463684082,4.881222724914551,4.685498237609863,4.385997295379639,4.056877613067627,3.915778398513794,3.4214720726013184,3.7834651470184326,3.9021928310394287,4.2043633460998535,4.387601375579834,4.641095161437988,4.943846225738525,5.117058753967285,5.4539713859558105,5.597945690155029,5.96078634262085,6.170112609863281,6.42099142074585,6.705905437469482,7.046164035797119
A9,2.3413140773773193,2.020145893096924,1.7001745700836182,1.4680861234664917,1.1370209455490112,0.9450926184654236,0.6471877098083496,0.36961954832077026,0.0,0.38117367029190063,0.6796401143074036,0.9113224744796753,1.2157760858535767,1.360790491104126,1.6190035343170166,2.4417166709899902,2.3764469623565674,2.615638494491577,2.9637932777404785,3.0514767169952393,3.408396005630493,3.624566078186035,3.8948938846588135,3.858403444290161,4.212368011474609,4.283089637756348,4.311527729034424,4.02858304977417,3.8546643257141113,3.491809844970703,3.740624189376831,3.7603328227996826,4.127562999725342,4.206928730010986,4.569540977478027,4.782410144805908,4.714094638824463,5.071568012237549,5.048409938812256,5.218280792236328,5.307975769042969,5.349483489990234,5.2784295082092285,5.137903213500977,5.018657684326172,5.676417827606201,5.632632732391357,5.775496482849121,5.515077114105225,5.772089958190918,5.681393623352051,5.395884990692139,5.358308792114258,4.979917526245117,4.922683238983154,4.616830348968506,4.404487609863281,4.114781379699707,3.78537654876709,3.654886245727539,3.2037405967712402,3.5735342502593994,3.6969857215881348,3.9798614978790283,4.179023742675781,4.4472761154174805,4.737492561340332,4.932027816772461,5.2588653564453125,5.41984748840332,5.781067848205566,5.9892144203186035,6.254631042480469,6.52989387512207,6.878321647644043
A10,2.6493782997131348,2.3100321292877197,1.9870107173919678,1.7796630859375,1.4294929504394531,1.2885860204696655,0.9665316939353943,0.7107889652252197,0.38117367029190063,0.0,0.40082040429115295,0.6356484889984131,0.974663496017456,1.206209659576416,1.4612212181091309,2.653747320175171,2.6282827854156494,2.843207597732544,3.2045323848724365,3.3132054805755615,3.6815569400787354,3.8831069469451904,4.169200897216797,4.1327738761901855,4.4771928787231445,4.556388854980469,4.56564998626709,4.266732215881348,4.09683084487915,3.7238199710845947,3.7229666709899902,3.703887939453125,4.07000732421875,4.119596004486084,4.486349582672119,4.707151412963867,4.652006149291992,5.017633438110352,4.997437000274658,5.191866397857666,5.282131671905518,5.347797870635986,5.300380229949951,5.184175491333008,5.090175151824951,5.719232082366943,5.654607772827148,5.790341854095459,5.517237663269043,5.757404804229736,5.663071632385254,5.36161470413208,5.323514938354492,4.951767921447754,4.877202987670898,4.588365077972412,4.350885391235352,4.0796308517456055,3.751269817352295,3.6395230293273926,3.232856273651123,3.6106326580047607,3.727919816970825,3.9853646755218506,4.195766448974609,4.484072208404541,4.7614545822143555,4.978777885437012,5.293926239013672,5.477855205535889,5.833045482635498,6.04482364654541,6.324411869049072,6.590921878814697,6.946712493896484
A11,2.970658779144287,2.6480605602264404,2.3072824478149414,2.1184728145599365,1.7743216753005981,1.5822269916534424,1.2421960830688477,1.0425668954849243,0.6796401143074036,0.40082040429115295,0.0,0.39510270953178406,0.6394537091255188,0.8651995658874512,1.081329345703125,2.6126949787139893,2.6435940265655518,2.8536908626556396,3.2222180366516113,3.372904062271118,3.741831064224243,3.908663034439087,4.199070930480957,4.139376640319824,4.465751647949219,4.536533355712891,4.512762069702148,4.193485260009766,4.016404151916504,3.6364572048187256,3.3855881690979004,3.3451781272888184,3.709507942199707,3.74570894241333,4.113501071929932,4.338942527770996,4.2936625480651855,4.662713527679443,4.650171756744385,4.857393264770508,4.95565128326416,5.038344383239746,5.009454250335693,4.912143707275391,4.833907604217529,5.414316177368164,5.336516380310059,5.469745635986328,5.191596508026123,5.423217296600342,5.332561016082764,5.023266315460205,4.992870330810547,4.626405715942383,4.551133632659912,4.276611328125,4.027946472167969,3.7606537342071533,3.442033529281616,3.328878164291382,3.028660297393799,3.4042112827301025,3.5412654876708984,3.7736661434173584,4.007889747619629,4.302421569824219,4.558996200561523,4.797682285308838,5.0979766845703125,5.291234970092773,5.646648406982422,5.847020149230957,6.141102313995361,6.392209529876709,6.755490779876709
A12,3.250898599624634,2.9218740463256836,2.600917339324951,2.3737869262695312,2.036078929901123,1.8529263734817505,1.5394142866134644,1.2733491659164429,0.9113224744796753,0.6356484889984131,0.39510270953178406,0.0,0.3766159117221832,0.6977881193161011,1.0042495727539062,2.9281067848205566,2.96496319770813,3.1949825286865234,3.5590085983276367,3.715703248977661,4.076167583465576,4.236839771270752,4.514345169067383,4.434257984161377,4.757111072540283,4.804087162017822,4.768551826477051,4.445409297943115,4.244225025177002,3.870241403579712,3.3847596645355225,3.332104444503784,3.6867825984954834,3.726414680480957,4.096163272857666,4.34796667098999,4.337330341339111,4.709438800811768,4.72695779800415,4.946063995361328,5.070338249206543,5.172639846801758,5.163215160369873,5.081037521362305,5.005025863647461,5.4116740226745605,5.312602519989014,5.419932842254639,5.122947692871094,5.335601806640625,5.220127582550049,4.903881549835205,4.847795486450195,4.483728408813477,4.379449367523193,4.1042351722717285,3.842095375061035,3.6003432273864746,3.267232656478882,3.195258378982544,2.803746461868286,3.185053825378418,3.2933907508850098,3.5149335861206055,3.7393202781677246,4.04846715927124,4.305555820465088,4.550599575042725,4.847653865814209,5.059037685394287,5.404562950134277,5.618869304656982,5.915677070617676,6.169084072113037,6.532832145690918
A13,3.546586275100708,3.2330143451690674,2.901474714279175,2.6819095611572266,2.351668119430542,2.131343126296997,1.8149783611297607,1.5822449922561646,1.2157760858535767,0.974663496017456,0.6394537091255188,0.3766159117221832,0.0,0.3854561448097229,0.6747384667396545,2.9503509998321533,3.0296199321746826,3.259970188140869,3.6216795444488525,3.8103139400482178,4.16392707824707,4.293977737426758,4.56729793548584,4.46267032623291,4.767458438873291,4.799615859985352,4.734829902648926,4.397703170776367,4.185472011566162,3.812466859817505,3.0698461532592773,3.0002760887145996,3.3491268157958984,3.38325834274292,3.752774238586426,4.014577865600586,4.021004676818848,4.394183158874512,4.427413463592529,4.6557936668396,4.794870376586914,4.913226127624512,4.921880722045898,4.857158184051514,4.791852951049805,5.109158992767334,4.996165752410889,5.095906734466553,4.7923407554626465,4.995140075683594,4.878416061401367,4.556130409240723,4.502136707305908,4.142792701721191,4.034904479980469,3.771101713180542,3.4994029998779297,3.2640349864959717,2.9381635189056396,2.8712737560272217,2.571607828140259,2.946948289871216,3.072503089904785,3.2679173946380615,3.513756513595581,3.826702117919922,4.062876224517822,4.3266119956970215,4.608676433563232,4.827841281890869,5.172282695770264,5.375755310058594,5.684708595275879,5.923788547515869,6.293301105499268
A14,3.62568998336792,3.3401966094970703,3.0035810470581055,2.7844626903533936,2.475917100906372,2.204540252685547,1.904966950416565,1.7109488248825073,1.360790491104126,1.206209659576416,0.8651995658874512,0.6977881193161011,0.3854561448097229,0.0,0.3951343894004822,2.7853856086730957,2.888772964477539,3.134291648864746,3.48458194732666,3.695380687713623,4.033117294311523,4.138223648071289,4.396162509918213,4.264160633087158,4.555156707763672,4.564992427825928,4.480733871459961,4.138383865356445,3.90998911857605,3.543729543685913,2.715080499649048,2.6664786338806152,3.0160181522369385,3.0754990577697754,3.4441092014312744,3.7094037532806396,3.7193870544433594,4.088653087615967,4.1346635818481445,4.3511786460876465,4.505374908447266,4.619174480438232,4.625801086425781,4.558000087738037,4.482332229614258,4.73608922958374,4.626989841461182,4.72732400894165,4.427043437957764,4.637837886810303,4.524105072021484,4.208476543426514,4.158909797668457,3.794733762741089,3.7016193866729736,3.4306118488311768,3.1720850467681885,2.9187285900115967,2.5958139896392822,2.5090720653533936,2.2742233276367188,2.641838312149048,2.7986016273498535,2.9931459426879883,3.256138563156128,3.556197166442871,3.783255100250244,4.0483622550964355,4.326995849609375,4.534006118774414,4.885712623596191,5.074190616607666,5.38544225692749,5.617642879486084,5.988689422607422
A15,3.8166191577911377,3.545581817626953,3.1923210620880127,3.0080788135528564,2.7012107372283936,2.4128990173339844,2.101693868637085,1.9645705223083496,1.6190035343170166,1.4612212181091309,1.081329345703125,1.0042495727539062,0.6747384667396545,0.3951343894004822,0.0,2.690979480743408,2.8435919284820557,3.0632169246673584,3.4108591079711914,3.6522343158721924,3.987414836883545,4.060568809509277,4.325484275817871,4.185140609741211,4.454606056213379,4.470145225524902,4.359340667724609,4.003058910369873,3.785827398300171,3.416562795639038,2.406952381134033,2.3324358463287354,2.685636281967163,2.723102569580078,3.0927679538726807,3.348583698272705,3.351256847381592,3.723210334777832,3.7617037296295166,3.987657308578491,4.136773109436035,4.26066255569458,4.2795915603637695,4.227388381958008,4.170958518981934,4.468496322631836,4.355835914611816,4.469455242156982,4.1754865646362305,4.386546611785889,4.294540882110596,3.973550319671631,3.9521524906158447,3.595608711242676,3.5216879844665527,3.274115562438965,3.0107975006103516,2.7483770847320557,2.455805540084839,2.3386828899383545,2.338904857635498,2.6840672492980957,2.8799073696136475,3.0424721240997314,3.334865093231201,3.6263768672943115,3.8227529525756836,4.105308532714844,4.363574981689453,4.567747116088867,4.921337604522705,5.085705757141113,5.409193515777588,5.619905948638916,5.996409893035889
B1,2.6908950805664062,2.693006753921509,2.4035961627960205,2.4871180057525635,2.4415225982666016,2.131622314453125,2.0958006381988525,2.4030542373657227,2.4417166709899902,2.653747320175171,2.6126949787139893,2.9281067848205566,2.9503509998321533,2.7853856086730957,2.690979480743408,0.0,0.3784825801849365,0.4735797941684723,0.7418493032455444,1.0486270189285278,1.3410108089447021,1.3737736940383911,1.6673940420150757,1.6008888483047485,1.895312786102295,2.037412405014038,2.033987283706665,1.7463661432266235,1.7153229713439941,1.3575483560562134,3.135002374649048,3.2935264110565186,3.602834701538086,3.7299163341522217,3.9925777912139893,4.034332752227783,3.801837921142578,4.058135986328125,3.9166009426116943,3.933894395828247,3.916599988937378,3.8021976947784424,3.594666004180908,3.341268539428711,3.1553025245666504,4.583901405334473,4.682545185089111,4.951351642608643,4.839909553527832,5.185535907745361,5.243608474731445,5.052773475646973,5.160078048706055,4.817336559295654,4.946013450622559,4.681105613708496,4.600439071655273,4.215634346008301,4.039449691772461,3.7156031131744385,3.9395246505737305,4.179022312164307,4.469136714935303,4.725492000579834,4.985803604125977,5.13176155090332,5.343532562255859,5.505621910095215,5.788498401641846,5.827139854431152,6.2153096199035645,6.290855884552002,6.537428855895996,6.747317314147949,7.076904296875
B2,2.355634927749634,2.3877816200256348,2.125009775161743,2.221648693084717,2.2207982540130615,1.929932713508606,1.9531399011611938,2.2821695804595947,2.3764469623565674,2.6282827854156494,2.6435940265655518,2.96496319770813,3.0296199321746826,2.888772964477539,2.8435919284820557,0.3784825801849365,0.0,0.37899214029312134,0.6344324946403503,0.8300588726997375,1.1460551023483276,1.2740373611450195,1.5564883947372437,1.5307143926620483,1.872644305229187,2.0192947387695312,2.0825424194335938,1.8444684743881226,1.813414454460144,1.4893807172775269,3.4413652420043945,3.609233856201172,3.923628330230713,4.062620639801025,4.332088470458984,4.385652542114258,4.161850452423096,4.419671535491943,4.28579044342041,4.29912805557251,4.286464691162109,4.1661906242370605,3.95113468170166,3.687946319580078,3.487483024597168,4.87197732925415,4.975580215454102,5.236049175262451,5.12131404876709,5.469344615936279,5.513876438140869,5.326481819152832,5.416878700256348,5.066510200500488,5.1856842041015625,4.903794765472412,4.826296806335449,4.441604137420654,4.246275901794434,3.934717893600464,4.037520885467529,4.283995628356934,4.555563449859619,4.833978176116943,5.075095176696777,5.2183685302734375,5.449974060058594,5.594444751739502,5.891821384429932,5.923988342285156,6.312198638916016,6.4003825187683105,6.6338114738464355,6.859485626220703,7.182364463806152
B3,2.472533702850342,2.520606279373169,2.2643749713897705,2.4145827293395996,2.4163591861724854,2.1620144844055176,2.1747443675994873,2.522426128387451,2.615638494491577,2.843207597732544,2.8536908626556396,3.1949825286865234,3.259970188140869,3.134291648864746,3.0632169246673584,0.4735797941684723,0.37899214029312134,0.0,0.37723761796951294,0.6275989413261414,0.9752281308174133,1.079908013343811,1.419439673423767,1.4597485065460205,1.7758409976959229,1.9907076358795166,2.0597102642059326,1.8364832401275635,1.8823013305664062,1.5800570249557495,3.5969347953796387,3.7498629093170166,4.056462287902832,4.172265529632568,4.4294514656066895,4.455838203430176,4.207439422607422,4.453739166259766,4.289352893829346,4.296423435211182,4.249429225921631,4.1156206130981445,3.8896639347076416,3.62380313873291,3.440136432647705,4.999404430389404,5.111998558044434,5.3894877433776855,5.2900071144104,5.638952255249023,5.704474925994873,5.518455505371094,5.629658222198486,5.288313865661621,5.419078826904297,5.15293550491333,5.07283353805542,4.688132286071777,4.508376598358154,4.18705940246582,4.366835117340088,4.612137317657471,4.892065048217773,5.160155773162842,5.410974979400635,5.556240558624268,5.778486728668213,5.9307355880737305,6.221042156219482,6.253821849822998,6.642071723937988,6.7212748527526855,6.958977222442627,7.175478458404541,7.499642372131348
B4,2.6066229343414307,2.7062666416168213,2.488377094268799,2.655566453933716,2.6961028575897217,2.455231189727783,2.5010972023010254,2.8527441024780273,2.9637932777404785,3.2045323848724365,3.2222180366516113,3.5590085983276367,3.6216795444488525,3.48458194732666,3.4108591079711914,0.7418493032455444,0.6344324946403503,0.37723761796951294,0.0,0.36920633912086487,0.6327958703041077,0.7030215859413147,1.0500459671020508,1.125944972038269,1.4383820295333862,1.6865315437316895,1.790754795074463,1.6160303354263306,1.7177211046218872,1.4748280048370361,3.7822728157043457,3.9572231769561768,4.24655818939209,4.374514579772949,4.612310886383057,4.618024826049805,4.355315208435059,4.578121185302734,4.40373420715332,4.379885196685791,4.319117069244385,4.155251502990723,3.90346622467041,3.615224599838257,3.41253399848938,5.049881458282471,5.187295913696289,5.475412368774414,5.400224685668945,5.758156776428223,5.838125228881836,5.672002792358398,5.793579578399658,5.4597392082214355,5.609957218170166,5.345714092254639,5.287531852722168,4.898336410522461,4.734068870544434,4.401925563812256,4.603891372680664,4.830578327178955,5.116307258605957,5.38631010055542,5.631430625915527,5.7575907707214355,5.9755167961120605,6.11285400390625,6.4000630378723145,6.412655830383301,6.79957389831543,6.865400314331055,7.091257572174072,7.303647518157959,7.618412494659424
B5,2.392090320587158,2.535729169845581,2.3604562282562256,2.5572400093078613,2.642974376678467,2.441180944442749,2.5335986614227295,2.898228168487549,3.0514767169952393,3.3132054805755615,3.372904062271118,3.715703248977661,3.8103139400482178,3.695380687713623,3.6522343158721924,1.0486270189285278,0.8300588726997375,0.6275989413261414,0.36920633912086487,0.0,0.3964398205280304,0.6565089821815491,0.9761175513267517,1.1473414897918701,1.4812484979629517,1.7478469610214233,1.92202627658844,1.8112514019012451,1.9263910055160522,1.7273610830307007,4.128936767578125,4.307448387145996,4.600461483001709,4.732692718505859,4.974360466003418,4.984368324279785,4.723653316497803,4.946210861206055,4.771909713745117,4.7446465492248535,4.680939197540283,4.510828495025635,4.252425670623779,3.9579710960388184,3.749025583267212,5.380359649658203,5.523411750793457,5.8082756996154785,5.733619213104248,6.093626022338867,6.16721248626709,6.003974437713623,6.116516590118408,5.778359413146973,5.923415184020996,5.6489973068237305,5.592479228973389,5.203220844268799,5.027089595794678,4.702378273010254,4.82680082321167,5.058231353759766,5.330325603485107,5.615228652954102,5.8464674949646,5.970460891723633,6.202147483825684,6.32624626159668,6.623374938964844,6.6303277015686035,7.016620635986328,7.0906596183776855,7.30572509765625,7.529016494750977,7.837660312652588
B6,2.6122539043426514,2.7986881732940674,2.6597020626068115,2.855163335800171,2.9697468280792236,2.771740198135376,2.8866374492645264,3.246493339538574,3.408396005630493,3.6815569400787354,3.741831064224243,4.076167583465576,4.16392707824707,4.033117294311523,3.987414836883545,1.3410108089447021,1.1460551023483276,0.9752281308174133,0.6327958703041077,0.3964398205280304,0.0,0.37983131408691406,0.6204961538314819,0.8651459217071533,1.182634949684143,1.470320701599121,1.695279836654663,1.6580414772033691,1.8175687789916992,1.6967271566390991,4.309816837310791,4.510946273803711,4.786994934082031,4.934420585632324,5.158088207244873,5.152286529541016,4.883022308349609,5.083259105682373,4.90576171875,4.848949909210205,4.778724193572998,4.582331657409668,4.302310466766357,3.988832950592041,3.7596640586853027,5.42273473739624,5.589039325714111,5.880462169647217,5.828681945800781,6.196195125579834,6.281006336212158,6.1386518478393555,6.258270740509033,5.9277472496032715,6.0905585289001465,5.816970348358154,5.783369541168213,5.390981197357178,5.229370594024658,4.8963236808776855,5.036078929901123,5.247195720672607,5.523673057556152,5.809886932373047,6.033759593963623,6.137089252471924,6.363949298858643,6.471395492553711,6.764700412750244,6.750353813171387,7.133870601654053,7.194373607635498,7.395788669586182,7.614936351776123,7.91253137588501
B7,2.981196880340576,3.154963493347168,2.997907876968384,3.1808366775512695,3.2739195823669434,3.0515213012695312,3.139605760574341,3.4917523860931396,3.624566078186035,3.8831069469451904,3.908663034439087,4.236839771270752,4.293977737426758,4.138223648071289,4.060568809509277,1.3737736940383911,1.2740373611450195,1.079908013343811,0.7030215859413147,0.6565089821815491,0.37983131408691406,0.0,0.3841428756713867,0.6132190823554993,0.8703731298446655,1.200339436531067,1.3933861255645752,1.3624320030212402,1.5775126218795776,1.4931451082229614,4.17177677154541,4.381333351135254,4.638177394866943,4.7863898277282715,4.989119052886963,4.960970401763916,4.678837776184082,4.858232498168945,4.671236991882324,4.5933613777160645,4.5118231773376465,4.2977519035339355,4.004970073699951,3.682730197906494,3.4487974643707275,5.184444427490234,5.364748001098633,5.667768478393555,5.636411190032959,6.006697177886963,6.110785484313965,5.981467247009277,6.1194353103637695,5.801413059234619,5.983898639678955,5.724752426147461,5.704996109008789,5.311619281768799,5.174854278564453,4.828246116638184,5.064974308013916,5.257923126220703,5.551207065582275,5.822000503540039,6.055719375610352,6.147778034210205,6.356265068054199,6.466638565063477,6.746158599853516,6.722920894622803,7.104822635650635,7.146135330200195,7.349369525909424,7.5528669357299805,7.848820686340332
B8,3.1644861698150635,3.3672995567321777,3.237532138824463,3.4066996574401855,3.5236077308654785,3.2982914447784424,3.4090306758880615,3.752655029296875,3.8948938846588135,4.169200897216797,4.199070930480957,4.514345169067383,4.56729793548584,4.396162509918213,4.325484275817871,1.6673940420150757,1.5564883947372437,1.419439673423767,1.0500459671020508,0.9761175513267517,0.6204961538314819,0.3841428756713867,0.0,0.38287580013275146,0.5989388823509216,0.921335756778717,1.1867749691009521,1.2563374042510986,1.489269495010376,1.4989123344421387,4.320631980895996,4.55475378036499,4.796378135681152,4.965755462646484,5.154551982879639,5.120953559875488,4.840909481048584,5.001978874206543,4.823971271514893,4.720282077789307,4.645688533782959,4.412460803985596,4.104650020599365,3.767131805419922,3.5081300735473633,5.197242736816406,5.39731502532959,5.699346542358398,5.685973644256592,6.061755657196045,6.169183254241943,6.06090784072876,6.197945594787598,5.8859453201293945,6.0810136795043945,5.818631172180176,5.822286128997803,5.4282307624816895,5.301156044006348,4.952299118041992,5.176031112670898,5.348343849182129,5.640958786010742,5.914935111999512,6.136751174926758,6.207308292388916,6.4131975173950195,6.503720283508301,6.780582904815674,6.735804080963135,7.113286018371582,7.14387321472168,7.330965042114258,7.5327558517456055,7.816030502319336
B9,3.307982921600342,3.4915030002593994,3.3439950942993164,3.4746463298797607,3.575432777404785,3.3162920475006104,3.4142558574676514,3.7377917766571045,3.858403444290161,4.1327738761901855,4.139376640319824,4.434257984161377,4.46267032623291,4.264160633087158,4.185140609741211,1.6008888483047485,1.5307143926620483,1.4597485065460205,1.125944972038269,1.1473414897918701,0.8651459217071533,0.6132190823554993,0.38287580013275146,0.0,0.3885045349597931,0.6071726083755493,0.8498608469963074,0.9070671200752258,1.1168606281280518,1.1611640453338623,4.04238748550415,4.295348167419434,4.525882720947266,4.714053153991699,4.895052909851074,4.865175724029541,4.594668388366699,4.7491455078125,4.589113712310791,4.474748134613037,4.4215850830078125,4.187265872955322,3.879467248916626,3.536940097808838,3.2572638988494873,4.853540420532227,5.0583367347717285,5.356081485748291,5.347172737121582,5.724948883056641,5.831085205078125,5.7330451011657715,5.868453025817871,5.560285568237305,5.762877941131592,5.500850200653076,5.519317626953125,5.125809192657471,5.009332180023193,4.6577301025390625,4.905725479125977,5.060364246368408,5.3592705726623535,5.626528263092041,5.847508907318115,5.90538215637207,6.101938247680664,6.187608242034912,6.4574079513549805,6.403807640075684,6.77903938293457,6.800201416015625,6.984784126281738,7.180613040924072,7.461148738861084
B10,3.6863327026367188,3.874572992324829,3.7272887229919434,3.861550807952881,3.9581263065338135,3.695359706878662,3.783205509185791,4.1044840812683105,4.212368011474609,4.4771928787231445,4.465751647949219,4.757111072540283,4.767458438873291,4.555156707763672,4.454606056213379,1.895312786102295,1.872644305229187,1.7758409976959229,1.4383820295333862,1.4812484979629517,1.182634949684143,0.8703731298446655,0.5989388823509216,0.3885045349597931,0.0,0.4035933315753937,0.6340234279632568,0.8104212880134583,1.1103928089141846,1.2547937631607056,4.1225810050964355,4.383492469787598,4.589265823364258,4.777894973754883,4.932735443115234,4.876887321472168,4.593924045562744,4.719464302062988,4.549219131469727,4.406257152557373,4.337806701660156,4.079075813293457,3.7543785572052,3.4013452529907227,3.114643096923828,4.78184175491333,5.007385730743408,5.3163628578186035,5.335465431213379,5.7149786949157715,5.84243106842041,5.763743877410889,5.91728401184082,5.625459671020508,5.848817825317383,5.60222864151001,5.638280868530273,5.247073173522949,5.15648078918457,4.795599460601807,5.122000694274902,5.256415367126465,5.566186428070068,5.819634914398193,6.044400691986084,6.087539196014404,6.2668375968933105,6.349186897277832,6.604917049407959,6.537792682647705,6.9081878662109375,6.909060478210449,7.08918571472168,7.269459247589111,7.5430402755737305
B11,3.8345134258270264,4.020463943481445,3.876028060913086,3.9753715991973877,4.073133945465088,3.7905218601226807,3.8830795288085938,4.182751655578613,4.283089637756348,4.556388854980469,4.536533355712891,4.804087162017822,4.799615859985352,4.564992427825928,4.470145225524902,2.037412405014038,2.0192947387695312,1.9907076358795166,1.6865315437316895,1.7478469610214233,1.470320701599121,1.200339436531067,0.921335756778717,0.6071726083755493,0.4035933315753937,0.0,0.3781346380710602,0.6680748462677002,0.8939486145973206,1.1391658782958984,4.020366191864014,4.306695461273193,4.4982380867004395,4.713808536529541,4.85964822769165,4.81221342086792,4.545897960662842,4.6616106033325195,4.517854690551758,4.359775543212891,4.320199489593506,4.059423446655273,3.735341787338257,3.3775367736816406,3.0631723403930664,4.566337585449219,4.802092552185059,5.100829601287842,5.127809047698975,5.509677886962891,5.63099479675293,5.570152759552002,5.7151336669921875,5.427844047546387,5.658177852630615,5.407038688659668,5.465586185455322,5.077191352844238,4.995126247406006,4.637141704559326,4.949174404144287,5.059937000274658,5.368527889251709,5.620181083679199,5.833749294281006,5.856186866760254,6.029581546783447,6.095230579376221,6.345692157745361,6.261003494262695,6.626033782958984,6.617454528808594,6.785146236419678,6.962860584259033,7.22662353515625
B12,4.060438632965088,4.218706130981445,4.046698093414307,4.130758285522461,4.1992316246032715,3.8947551250457764,3.9564852714538574,4.242866516113281,4.311527729034424,4.56564998626709,4.512762069702148,4.768551826477051,4.734829902648926,4.480733871459961,4.359340667724609,2.033987283706665,2.0825424194335938,2.0597102642059326,1.790754795074463,1.92202627658844,1.695279836654663,1.3933861255645752,1.1867749691009521,0.8498608469963074,0.6340234279632568,0.3781346380710602,0.0,0.3838110864162445,0.6533030271530151,0.955170214176178,3.7337708473205566,4.02425479888916,4.198078155517578,4.414722442626953,4.544256210327148,4.484894275665283,4.216494083404541,4.318511486053467,4.177075386047363,4.007430076599121,3.9716837406158447,3.7065446376800537,3.3814096450805664,3.0222697257995605,2.700302839279175,4.212852478027344,4.453181266784668,4.75865364074707,4.796196460723877,5.177620887756348,5.31163215637207,5.257122993469238,5.415582180023193,5.138929843902588,5.381734371185303,5.145359992980957,5.211313247680664,4.825833320617676,4.765365123748779,4.399960994720459,4.803618907928467,4.9004364013671875,5.222624778747559,5.455025672912598,5.680267810821533,5.698695182800293,5.853055000305176,5.928800106048584,6.164673328399658,6.0806756019592285,6.443815231323242,6.421070575714111,6.597293853759766,6.759626388549805,7.026937007904053
B13,3.95633602142334,4.081630706787109,3.8809306621551514,3.9526922702789307,3.99202561378479,3.6721394062042236,3.706066608428955,3.9835047721862793,4.02858304977417,4.266732215881348,4.193485260009766,4.445409297943115,4.397703170776367,4.138383865356445,4.003058910369873,1.7463661432266235,1.8444684743881226,1.8364832401275635,1.6160303354263306,1.8112514019012451,1.6580414772033691,1.3624320030212402,1.2563374042510986,0.9070671200752258,0.8104212880134583,0.6680748462677002,0.3838110864162445,0.0,0.38593629002571106,0.6130683422088623,3.379408121109009,3.6614081859588623,3.845299482345581,4.055421829223633,4.195672035217285,4.144606590270996,3.878098726272583,3.997246265411377,3.8579611778259277,3.707874298095703,3.6807632446289062,3.4341344833374023,3.122535228729248,2.771991729736328,2.4575796127319336,3.9790167808532715,4.200554370880127,4.506977081298828,4.525869846343994,4.905701637268066,5.035539627075195,4.9630656242370605,5.122467517852783,4.839190483093262,5.074784755706787,4.840453147888184,4.8910722732543945,4.503631591796875,4.439840316772461,4.07144832611084,4.51177453994751,4.619161605834961,4.948095321655273,5.173519134521484,5.412129878997803,5.44582462310791,5.597734451293945,5.6925554275512695,5.927964210510254,5.862185001373291,6.230190277099609,6.213942527770996,6.4072980880737305,6.568857669830322,6.849602222442627
B14,3.910996198654175,4.018746376037598,3.8121025562286377,3.8466670513153076,3.8768649101257324,3.5382814407348633,3.569112539291382,3.821025848388672,3.8546643257141113,4.09683084487915,4.016404151916504,4.244225025177002,4.185472011566162,3.90998911857605,3.785827398300171,1.7153229713439941,1.813414454460144,1.8823013305664062,1.7177211046218872,1.9263910055160522,1.8175687789916992,1.5775126218795776,1.489269495010376,1.1168606281280518,1.1103928089141846,0.8939486145973206,0.6533030271530151,0.38593629002571106,0.0,0.3931947946548462,3.1458563804626465,3.4461963176727295,3.6333677768707275,3.867781639099121,4.017782688140869,3.993642807006836,3.7532126903533936,3.885246753692627,3.7798123359680176,3.6402029991149902,3.653367519378662,3.4285552501678467,3.136887550354004,2.7977020740509033,2.4705874919891357,3.7673308849334717,3.978896141052246,4.268579006195068,4.271392345428467,4.652174472808838,4.762111186981201,4.689038276672363,4.830264568328857,4.539070129394531,4.767599582672119,4.520453453063965,4.577805519104004,4.190195560455322,4.119387626647949,3.7567548751831055,4.1585164070129395,4.2572760581970215,4.583591461181641,4.811708450317383,5.043887615203857,5.071521759033203,5.225744247436523,5.314624309539795,5.552517890930176,5.484434604644775,5.852846145629883,5.8407087326049805,6.032359600067139,6.199519157409668,6.480880260467529
