,A1,A2,A3,A4,A5,A6,A7,A8,A9,A10,A11,A12,A13,A14,A15,B1,B2,B3,B4,B5,B6,B7,B8,B9,B10,B11,B12,B13,B14,B15,C1,C2,C3,C4,C5,C6,C7,C8,C9,C10,C11,C12,C13,C14,C15,D1,D2,D3,D4,D5,D6,D7,D8,D9,D10,D11,D12,D13,D14,D15,E1,E2,E3,E4,E5,E6,E7,E8,E9,E10,E11,E12,E13,E14,E15
A1,0.0,0.38647931814193726,0.6778912544250488,0.9584063291549683,1.2881478071212769,1.516337275505066,1.7395967245101929,2.06442928314209,2.2999532222747803,2.6095101833343506,2.884108304977417,3.1692512035369873,3.3766419887542725,3.356539011001587,3.3017501831054688,2.3044562339782715,2.040496587753296,1.7697083950042725,1.9945216178894043,2.0387814044952393,2.3016488552093506,2.4660117626190186,2.777164936065674,3.0330898761749268,3.210002899169922,3.5602097511291504,3.6821742057800293,3.481356620788574,3.615906000137329,3.3102593421936035,3.617551326751709,3.7670867443084717,3.914447784423828,3.859548568725586,4.137930393218994,3.9455060958862305,4.233809947967529,4.019453525543213,4.252988338470459,4.118954658508301,4.173451900482178,4.211803436279297,4.474954128265381,4.653571128845215,5.0255231857299805,6.143909931182861,6.325772762298584,6.548367023468018,6.713385105133057,6.821572303771973,6.8400139808654785,6.857525825500488,6.815063953399658,6.75976037979126,6.621951103210449,6.304749965667725,6.171779632568359,5.842520713806152,5.477818012237549,5.283728122711182,4.514394760131836,4.6131157875061035,4.543044090270996,4.916386604309082,4.859385013580322,5.05277681350708,5.339757442474365,5.460693359375,5.826386451721191,5.993329048156738,6.318268299102783,6.579751014709473,6.92787504196167,7.170923709869385,7.530074119567871
A2,0.38647931814193726,0.0,0.3822202682495117,0.5819286704063416,0.9346221685409546,1.2075490951538086,1.4389363527297974,1.7403451204299927,1.9872398376464844,2.2929701805114746,2.569499969482422,2.8628430366516113,3.0936179161071777,3.1052253246307373,3.0822908878326416,2.4138355255126953,2.1940884590148926,1.9322680234909058,2.2108664512634277,2.2565758228302,2.555788993835449,2.6930160522460938,3.026808023452759,3.252920627593994,3.4321703910827637,3.768522262573242,3.8659579753875732,3.6377017498016357,3.7392489910125732,3.410102367401123,3.3925583362579346,3.5199098587036133,3.6474735736846924,3.569375991821289,3.8340799808502197,3.623357057571411,3.900754690170288,3.6758081912994385,3.9021263122558594,3.7741711139678955,3.818601608276367,3.86599063873291,4.134382247924805,4.327068328857422,4.700747489929199,5.886692047119141,6.083840847015381,6.301844120025635,6.478010177612305,6.598306655883789,6.620813369750977,6.656119346618652,6.61813497543335,6.581955909729004,6.454095363616943,6.142226219177246,6.0299787521362305,5.70573616027832,5.337676048278809,5.122067451477051,4.4261274337768555,4.539268493652344,4.5001044273376465,4.879019260406494,4.846200466156006,5.057898044586182,5.346970558166504,5.4904608726501465,5.847854137420654,6.033645153045654,6.357696533203125,6.616944313049316,6.964264869689941,7.211610317230225,7.575497150421143
A3,0.6778912544250488,0.3822202682495117,0.0,0.37928521633148193,0.6253882050514221,0.8442884087562561,1.0750901699066162,1.387284517288208,1.634740948677063,1.935571312904358,2.2189877033233643,2.501145601272583,2.722681999206543,2.726306438446045,2.7062880992889404,2.2190089225769043,2.046419382095337,1.8119343519210815,2.1394364833831787,2.209657669067383,2.541757583618164,2.666954755783081,3.0239603519439697,3.2152516841888428,3.417842149734497,3.7299575805664062,3.8201606273651123,3.5809309482574463,3.6470625400543213,3.301673412322998,3.088939666748047,3.230898141860962,3.3380444049835205,3.273986577987671,3.528663396835327,3.318537473678589,3.5919723510742188,3.3641109466552734,3.5877809524536133,3.444479465484619,3.499554395675659,3.537034749984741,3.8033664226531982,3.9848885536193848,4.356200218200684,5.522416114807129,5.7203049659729,5.9445271492004395,6.125755786895752,6.2522149085998535,6.284517288208008,6.323391914367676,6.296934604644775,6.265312671661377,6.149511814117432,5.846688270568848,5.739492893218994,5.422590732574463,5.05415678024292,4.832995414733887,4.112451076507568,4.243804931640625,4.217345714569092,4.599895000457764,4.588828086853027,4.803112506866455,5.100806713104248,5.25250768661499,5.603518486022949,5.806216239929199,6.122844696044922,6.387650489807129,6.73065710067749,6.9735798835754395,7.341916084289551
A4,0.9584063291549683,0.5819286704063416,0.37928521633148193,0.0,0.3829326927661896,0.7266983985900879,0.9708037972450256,1.212310791015625,1.4829195737838745,1.768341302871704,2.053933620452881,2.3475189208984375,2.6074740886688232,2.6607885360717773,2.6886842250823975,2.534065008163452,2.3884012699127197,2.161607265472412,2.5020992755889893,2.5638864040374756,2.904118776321411,3.0121426582336426,3.3730828762054443,3.552420139312744,3.7452621459960938,4.052558422088623,4.122894763946533,3.865323543548584,3.9139249324798584,3.5570600032806396,3.041170358657837,3.1448023319244385,3.2288732528686523,3.125990390777588,3.3610968589782715,3.122850179672241,3.3783364295959473,3.133530855178833,3.3438515663146973,3.213301658630371,3.244892120361328,3.2966432571411133,3.568873405456543,3.7741570472717285,4.148679733276367,5.429055213928223,5.646924018859863,5.863082408905029,6.057387828826904,6.197667598724365,6.232377052307129,6.29278039932251,6.268514633178711,6.259505271911621,6.152533054351807,5.854618072509766,5.771629810333252,5.460087299346924,5.090116024017334,4.845864772796631,4.2279887199401855,4.36931848526001,4.373966693878174,4.757696628570557,4.766294956207275,4.997308254241943,5.292126655578613,5.463653564453125,5.805700302124023,6.021326541900635,6.337605953216553,6.5970306396484375,6.9389848709106445,7.1866302490234375,7.55702018737793
A5,1.2881478071212769,0.9346221685409546,0.6253882050514221,0.3829326927661896,0.0,0.3753933310508728,0.6281403303146362,0.8324441313743591,1.1227846145629883,1.3906009197235107,1.6900920867919922,1.9718598127365112,2.2349562644958496,2.2964093685150146,2.3466196060180664,2.4912595748901367,2.399103879928589,2.207141399383545,2.5784952640533447,2.6583645343780518,3.01863956451416,3.1130993366241455,3.4880406856536865,3.634023904800415,3.843290090560913,4.12546968460083,4.185906410217285,3.918745279312134,3.931870698928833,3.5630340576171875,2.77810001373291,2.886262893676758,2.9376220703125,2.8399767875671387,3.055015802383423,2.8086931705474854,3.0522122383117676,2.7976133823394775,2.9992284774780273,2.852538585662842,2.888643741607666,2.9316556453704834,3.2030136585235596,3.402132987976074,3.775430679321289,5.070845603942871,5.295010566711426,5.516082286834717,5.719544887542725,5.870279788970947,5.916589260101318,5.98629093170166,5.975364685058594,5.976906776428223,5.885472297668457,5.599444389343262,5.52797269821167,5.226855754852295,4.857860565185547,4.60312557220459,3.987624168395996,4.15026330947876,4.1757659912109375,4.560473442077637,4.596177577972412,4.831531047821045,5.132623195648193,5.315330505371094,5.6470465660095215,5.881199836730957,6.1882500648498535,6.451148509979248,6.787092685699463,7.030129909515381,7.404109477996826
A6,1.516337275505066,1.2075490951538086,0.8442884087562561,0.7266983985900879,0.3753933310508728,0.0,0.3685947060585022,0.5709946751594543,0.8774456977844238,1.1179780960083008,1.4423950910568237,1.6897984743118286,1.9265371561050415,1.957676887512207,2.0057289600372314,2.3063504695892334,2.2635090351104736,2.1164867877960205,2.507127523422241,2.6154115200042725,2.985722780227661,3.07826566696167,3.4612152576446533,3.578920364379883,3.811636447906494,4.068282127380371,4.131901264190674,3.8686280250549316,3.854588031768799,3.4824066162109375,2.584279775619507,2.724682092666626,2.7490363121032715,2.685239791870117,2.885441541671753,2.648369312286377,2.884871482849121,2.6287589073181152,2.8230390548706055,2.6443850994110107,2.6972124576568604,2.713604688644409,2.974475622177124,3.1465165615081787,3.5159459114074707,4.774669647216797,4.994339942932129,5.228518962860107,5.436087608337402,5.5918707847595215,5.65227746963501,5.719624996185303,5.724712371826172,5.724450588226318,5.646882057189941,5.37262487411499,5.299073219299316,5.007485866546631,4.641028881072998,4.389258861541748,3.700397253036499,3.8849539756774902,3.9140844345092773,4.29927921295166,4.355461120605469,4.583120346069336,4.894618988037109,5.07597017288208,5.401337146759033,5.648932456970215,5.944292068481445,6.215827465057373,6.544863224029541,6.778156280517578,7.155027866363525
A7,1.7395967245101929,1.4389363527297974,1.0750901699066162,0.9708037972450256,0.6281403303146362,0.3685947060585022,0.0,0.3970150053501129,0.5693838000297546,0.8817052245140076,1.1511993408203125,1.4312952756881714,1.656774878501892,1.6997947692871094,1.7302381992340088,2.2858529090881348,2.282269239425659,2.1317412853240967,2.532745838165283,2.6109650135040283,2.994635820388794,3.0454254150390625,3.4331982135772705,3.515726089477539,3.737597703933716,3.973374843597412,4.008598804473877,3.726564884185791,3.682405471801758,3.301764488220215,2.216360569000244,2.357543706893921,2.3870723247528076,2.3334295749664307,2.5459303855895996,2.328021764755249,2.584620952606201,2.3543219566345215,2.5776913166046143,2.417163133621216,2.514874219894409,2.557969808578491,2.8382112979888916,3.0131804943084717,3.373753309249878,4.4695611000061035,4.683382511138916,4.907883167266846,5.106781005859375,5.254989147186279,5.306201934814453,5.3723673820495605,5.370152473449707,5.371129989624023,5.2900495529174805,5.013814926147461,4.9455695152282715,4.654097557067871,4.287328720092773,4.029850482940674,3.4086647033691406,3.5870676040649414,3.6375858783721924,4.020421028137207,4.084716796875,4.328609466552734,4.631330966949463,4.8309125900268555,5.147783279418945,5.401795387268066,5.699510097503662,5.961301803588867,6.290362358093262,6.531398773193359,6.907634258270264
A8,2.06442928314209,1.7403451204299927,1.387284517288208,1.212310791015625,0.8324441313743591,0.5709946751594543,0.3970150053501129,0.0,0.3764292001724243,0.5599572062492371,0.890239953994751,1.1420739889144897,1.4143205881118774,1.513135313987732,1.6285792589187622,2.5805301666259766,2.6063859462738037,2.4859325885772705,2.889953136444092,2.9844958782196045,3.3680784702301025,3.4207253456115723,3.809333324432373,3.880444288253784,4.108308792114258,4.331550598144531,4.361445903778076,4.075955390930176,4.012081146240234,3.6289687156677246,2.2169759273529053,2.3293869495391846,2.2961180210113525,2.21669602394104,2.377399444580078,2.1218888759613037,2.3362462520599365,2.069854497909546,2.2576403617858887,2.0762720108032227,2.1458609104156494,2.177806854248047,2.4550585746765137,2.639132261276245,3.0041494369506836,4.265017032623291,4.501958847045898,4.72932243347168,4.9501776695251465,5.121622562408447,5.190157890319824,5.280885696411133,5.29677152633667,5.323232173919678,5.265588283538818,5.007462024688721,4.965226650238037,4.690534591674805,4.328360080718994,4.05059289932251,3.4853177070617676,3.6900980472564697,3.771047592163086,4.148883819580078,4.245811462402344,4.493105411529541,4.798453330993652,5.009592056274414,5.311535358428955,5.583737373352051,5.869320869445801,6.132324695587158,6.452793598175049,6.687694549560547,7.06579065322876
A9,2.2999532222747803,1.9872398376464844,1.634740948677063,1.4829195737838745,1.1227846145629883,0.8774456977844238,0.5693838000297546,0.3764292001724243,0.0,0.3860621750354767,0.5844907760620117,0.8950321078300476,1.1522881984710693,1.2770198583602905,1.3769021034240723,2.6082537174224854,2.6685054302215576,2.5479929447174072,2.952852249145508,3.0198044776916504,3.4093964099884033,3.423689603805542,3.8117623329162598,3.8487350940704346,4.064276695251465,4.2645721435546875,4.266669750213623,3.9660415649414062,3.8719470500946045,3.485450267791748,1.8477085828781128,1.957844614982605,1.9213773012161255,1.8542406558990479,2.0256612300872803,1.7926533222198486,2.0317494869232178,1.798830270767212,2.0244717597961426,1.8668959140777588,1.9975521564483643,2.0634372234344482,2.3608601093292236,2.544981002807617,2.894606590270996,3.9535176753997803,4.184110641479492,4.4004740715026855,4.611959457397461,4.7754340171813965,4.834211826324463,4.924318790435791,4.932830333709717,4.961562156677246,4.901181697845459,4.642064094543457,4.607064723968506,4.334070682525635,3.9726850986480713,3.6877174377441406,3.206378221511841,3.4045495986938477,3.5108673572540283,3.8827521800994873,3.989867925643921,4.252978324890137,4.547121047973633,4.77690315246582,5.0675482749938965,5.345994472503662,5.632281303405762,5.884098052978516,6.203145503997803,6.445186614990234,6.821573734283447
A10,2.6095101833343506,2.2929701805114746,1.935571312904358,1.768341302871704,1.3906009197235107,1.1179780960083008,0.8817052245140076,0.5599572062492371,0.3860621750354767,0.0,0.3915163278579712,0.5840408802032471,0.8824589848518372,1.0533307790756226,1.2507368326187134,2.810607433319092,2.9011898040771484,2.8189117908477783,3.2248849868774414,3.3181910514831543,3.7050836086273193,3.7289884090423584,4.116811275482178,4.142557621002197,4.372759819030762,4.557464122772217,4.5639777183532715,4.269477367401123,4.158259391784668,3.774681806564331,1.923871397972107,2.025721788406372,1.9133795499801636,1.8479607105255127,1.9491146802902222,1.690489649772644,1.869917869567871,1.599851131439209,1.77336847782135,1.5657073259353638,1.6768580675125122,1.7074464559555054,1.9920241832733154,2.164854049682617,2.516599655151367,3.726426601409912,3.975517749786377,4.203747749328613,4.4380202293396,4.625575065612793,4.709216117858887,4.818630695343018,4.853240489959717,4.901783466339111,4.869905471801758,4.6346611976623535,4.618832111358643,4.367215633392334,4.014780521392822,3.7196552753448486,3.234133243560791,3.4644436836242676,3.5910890102386475,3.955031633377075,4.095617294311523,4.351147174835205,4.651795387268066,4.8840012550354,5.1595025062561035,5.455530166625977,5.724356651306152,5.982104778289795,6.289422988891602,6.519089698791504,6.8969316482543945
A11,2.884108304977417,2.569499969482422,2.2189877033233643,2.053933620452881,1.6900920867919922,1.4423950910568237,1.1511993408203125,0.890239953994751,0.5844907760620117,0.3915163278579712,0.0,0.38226696848869324,0.6764478087425232,0.9335668683052063,1.1334279775619507,2.973773717880249,3.0876917839050293,3.0000903606414795,3.4017560482025146,3.465909719467163,3.8546669483184814,3.842754602432251,4.226596832275391,4.222832202911377,4.435671329498291,4.59954309463501,4.576141357421875,4.266701698303223,4.1273627281188965,3.744147539138794,1.6045318841934204,1.678092360496521,1.537394642829895,1.469207763671875,1.5604058504104614,1.3146218061447144,1.5115970373153687,1.2767794132232666,1.4948453903198242,1.3273389339447021,1.5151238441467285,1.6006046533584595,1.908748745918274,2.0898985862731934,2.4168105125427246,3.4149422645568848,3.6644351482391357,3.875288248062134,4.10326623916626,4.286477565765381,4.359253406524658,4.476065158843994,4.502665042877197,4.562222957611084,4.530442714691162,4.2970099449157715,4.29851770401001,4.052621364593506,3.7038073539733887,3.394378900527954,3.053032636642456,3.273905038833618,3.435579299926758,3.787236452102661,3.9410791397094727,4.21493673324585,4.498667240142822,4.7532572746276855,5.0124921798706055,5.314825534820557,5.583200454711914,5.825432300567627,6.129642486572266,6.367480278015137,6.74188756942749
A12,3.1692512035369873,2.8628430366516113,2.501145601272583,2.3475189208984375,1.9718598127365112,1.6897984743118286,1.4312952756881714,1.1420739889144897,0.8950321078300476,0.5840408802032471,0.38226696848869324,0.0,0.3661496639251709,0.6831226944923401,0.9832563400268555,3.087800979614258,3.2344863414764404,3.1872546672821045,3.586256980895996,3.676184892654419,4.059852600097656,4.05631160736084,4.437756538391113,4.419209003448486,4.649145126342773,4.793263912200928,4.777386665344238,4.479189395904541,4.322841167449951,3.946474075317383,1.7151254415512085,1.806880235671997,1.597300410270691,1.5710341930389404,1.5850552320480347,1.351502537727356,1.4732710123062134,1.2265548706054688,1.3746311664581299,1.1324524879455566,1.3262555599212646,1.351129174232483,1.6293516159057617,1.768541693687439,2.0865166187286377,3.154414415359497,3.414153814315796,3.6445252895355225,3.892164707183838,4.0962934494018555,4.197701930999756,4.3254780769348145,4.382397651672363,4.453389644622803,4.4513444900512695,4.244526386260986,4.256491661071777,4.034143924713135,3.6977932453155518,3.389516830444336,2.9955317974090576,3.2495107650756836,3.4236533641815186,3.7643795013427734,3.9503068923950195,4.20972204208374,4.5009026527404785,4.7521257400512695,4.995841979980469,5.314104080200195,5.562166690826416,5.812213897705078,6.102910995483398,6.32512903213501,6.700175762176514
A13,3.3766419887542725,3.0936179161071777,2.722681999206543,2.6074740886688232,2.2349562644958496,1.9265371561050415,1.656774878501892,1.4143205881118774,1.1522881984710693,0.8824589848518372,0.6764478087425232,0.3661496639251709,0.0,0.3782181143760681,0.704480767250061,3.0373270511627197,3.2215211391448975,3.2054669857025146,3.5939762592315674,3.6890528202056885,4.064985275268555,4.050116062164307,4.4239349365234375,4.377514839172363,4.614569187164307,4.730412006378174,4.7111687660217285,4.421468734741211,4.241717338562012,3.8754262924194336,1.6114678382873535,1.750931739807129,1.51674222946167,1.573355793952942,1.5692085027694702,1.4091856479644775,1.5207914113998413,1.339087724685669,1.4781697988510132,1.2259353399276733,1.469078779220581,1.460252046585083,1.6965476274490356,1.7695868015289307,2.0499095916748047,2.870206117630005,3.1138315200805664,3.359952211380005,3.6039626598358154,3.806027412414551,3.919477939605713,4.036840438842773,4.108829498291016,4.171456336975098,4.1818413734436035,3.9882771968841553,3.994220495223999,3.784677028656006,3.4566824436187744,3.159641742706299,2.7016103267669678,2.9741461277008057,3.157775640487671,3.4878146648406982,3.6952707767486572,3.945707082748413,4.238346099853516,4.489023208618164,4.7197370529174805,5.047867774963379,5.282320499420166,5.5349345207214355,5.816412925720215,6.029806137084961,6.404240131378174
A14,3.356539011001587,3.1052253246307373,2.726306438446045,2.6607885360717773,2.2964093685150146,1.957676887512207,1.6997947692871094,1.513135313987732,1.2770198583602905,1.0533307790756226,0.9335668683052063,0.6831226944923401,0.3782181143760681,0.0,0.38468828797340393,2.7772164344787598,2.989185094833374,3.0086402893066406,3.3856589794158936,3.499565839767456,3.8648953437805176,3.8564484119415283,4.223453044891357,4.16454553604126,4.418491840362549,4.517751216888428,4.513538360595703,4.242207050323486,4.05738639831543,3.7012722492218018,1.6654598712921143,1.878574252128601,1.6777464151382446,1.8043413162231445,1.83004891872406,1.7223901748657227,1.8511217832565308,1.700925350189209,1.8370789289474487,1.5746467113494873,1.8080021142959595,1.754701852798462,1.9492682218551636,1.9645177125930786,2.227311372756958,2.882763147354126,3.094289541244507,3.364692449569702,3.5960118770599365,3.7857916355133057,3.909122943878174,3.998413562774658,4.081540107727051,4.115903377532959,4.127294063568115,3.936805009841919,3.9128689765930176,3.7038798332214355,3.378239631652832,3.11027455329895,2.4475550651550293,2.7411398887634277,2.8999507427215576,3.233307123184204,3.4451704025268555,3.6741862297058105,3.981886863708496,4.2144927978515625,4.449142932891846,4.779391765594482,5.005064487457275,5.271842002868652,5.5499467849731445,5.751558303833008,6.128523349761963
A15,3.3017501831054688,3.0822908878326416,2.7062880992889404,2.6886842250823975,2.3466196060180664,2.0057289600372314,1.7302381992340088,1.6285792589187622,1.3769021034240723,1.2507368326187134,1.1334279775619507,0.9832563400268555,0.704480767250061,0.38468828797340393,0.0,2.508524179458618,2.7421936988830566,2.77189040184021,3.1342556476593018,3.2367119789123535,3.5936760902404785,3.567596912384033,3.925884246826172,3.8458809852600098,4.098758220672607,4.180120468139648,4.171885967254639,3.906498908996582,3.71073579788208,3.362414836883545,1.513359785079956,1.7919397354125977,1.6490074396133423,1.838699221611023,1.9198001623153687,1.8732717037200928,2.051563262939453,1.9527273178100586,2.131971597671509,1.9045671224594116,2.1645569801330566,2.1303915977478027,2.3269906044006348,2.3324875831604004,2.5788192749023438,2.9215195178985596,3.0914595127105713,3.3614161014556885,3.5606400966644287,3.719080924987793,3.8260364532470703,3.8808486461639404,3.9500248432159424,3.950979232788086,3.9424896240234375,3.7377207279205322,3.6819820404052734,3.4600956439971924,3.1299431324005127,2.886812210083008,2.0996253490448,2.388916254043579,2.5311059951782227,2.8720221519470215,3.0741045475006104,3.301189661026001,3.6123952865600586,3.8408310413360596,4.083018779754639,4.408702850341797,4.63986349105835,4.908744812011719,5.191878318786621,5.396899700164795,5.774990558624268
B1,2.3044562339782715,2.4138355255126953,2.2190089225769043,2.534065008163452,2.4912595748901367,2.3063504695892334,2.2858529090881348,2.5805301666259766,2.6082537174224854,2.810607433319092,2.973773717880249,3.087800979614258,3.0373270511627197,2.7772164344787598,2.508524179458618,0.0,0.36483174562454224,0.6635433435440063,0.809010922908783,1.07162606716156,1.307068943977356,1.4380863904953003,1.744505524635315,1.7669886350631714,2.126462697982788,2.2716639041900635,2.462932586669922,2.3642232418060303,2.3705708980560303,2.1267900466918945,3.12788462638855,3.4686148166656494,3.601182222366333,3.7758500576019287,4.040915012359619,4.001531600952148,4.297040939331055,4.178660869598389,4.422484874725342,4.215364456176758,4.399255752563477,4.356817722320557,4.561331272125244,4.5855841636657715,4.884036540985107,5.20862340927124,5.27489709854126,5.5416741371154785,5.646878242492676,5.701605319976807,5.747138500213623,5.669402122497559,5.669258117675781,5.522473335266113,5.4043426513671875,5.129205703735352,4.904140949249268,4.612118721008301,4.293137073516846,4.219887733459473,2.845735549926758,2.9575583934783936,2.758826494216919,3.0965840816497803,3.036029815673828,3.1128876209259033,3.444129467010498,3.4750659465789795,3.8409080505371094,4.01316499710083,4.285869598388672,4.599081039428711,4.91831636428833,5.104717254638672,5.466676712036133
B2,2.040496587753296,2.1940884590148926,2.046419382095337,2.3884012699127197,2.399103879928589,2.2635090351104736,2.282269239425659,2.6063859462738037,2.6685054302215576,2.9011898040771484,3.0876917839050293,3.2344863414764404,3.2215211391448975,2.989185094833374,2.7421936988830566,0.36483174562454224,0.0,0.3734848201274872,0.49938270449638367,0.818547785282135,1.0606122016906738,1.2540698051452637,1.5695202350616455,1.6669076681137085,2.0164105892181396,2.2168915271759033,2.427555799484253,2.334331512451172,2.3952391147613525,2.156198024749756,3.2993721961975098,3.620041608810425,3.7701377868652344,3.917161226272583,4.196287631988525,4.13945198059082,4.443879127502441,4.31350040435791,4.563323497772217,4.364973545074463,4.5340189933776855,4.502080917358398,4.717392921447754,4.762608051300049,5.075611114501953,5.499367713928223,5.576582431793213,5.837311744689941,5.945220470428467,6.000723361968994,6.037498474121094,5.964643478393555,5.952673435211182,5.809074401855469,5.679564476013184,5.392558574676514,5.169621467590332,4.866846084594727,4.541944980621338,4.46165132522583,3.161254644393921,3.2551276683807373,3.0583040714263916,3.395829200744629,3.3134374618530273,3.398315191268921,3.7159996032714844,3.745171070098877,4.1172051429748535,4.270707130432129,4.554341793060303,4.858212947845459,5.183304786682129,5.3770222663879395,5.733706951141357
B3,1.7697083950042725,1.9322680234909058,1.8119343519210815,2.161607265472412,2.207141399383545,2.1164867877960205,2.1317412853240967,2.4859325885772705,2.5479929447174072,2.8189117908477783,3.0000903606414795,3.1872546672821045,3.2054669857025146,3.0086402893066406,2.77189040184021,0.6635433435440063,0.3734848201274872,0.0,0.40646496415138245,0.6094608902931213,0.9411872029304504,1.1056830883026123,1.461633563041687,1.5964535474777222,1.9061360359191895,2.154344320297241,2.336764335632324,2.2061309814453125,2.2900121212005615,2.027299165725708,3.1923105716705322,3.48970103263855,3.66471004486084,3.7872281074523926,4.0850019454956055,4.02290678024292,4.342007160186768,4.215197563171387,4.48154354095459,4.306879043579102,4.4771270751953125,4.472124099731445,4.708368301391602,4.782034397125244,5.105669975280762,5.550689697265625,5.637965679168701,5.883474349975586,5.989413261413574,6.041717052459717,6.061694622039795,5.996103763580322,5.965024948120117,5.828581809997559,5.683816432952881,5.381169319152832,5.166635513305664,4.850479602813721,4.516727447509766,4.422787666320801,3.2506566047668457,3.3220653533935547,3.1455910205841064,3.490344524383545,3.3936927318573,3.5110116004943848,3.812035083770752,3.8654682636260986,4.240762233734131,4.387338638305664,4.69087028503418,4.976851463317871,5.312952041625977,5.527253150939941,5.882217884063721
B4,1.9945216178894043,2.2108664512634277,2.1394364833831787,2.5020992755889893,2.5784952640533447,2.507127523422241,2.532745838165283,2.889953136444092,2.952852249145508,3.2248849868774414,3.4017560482025146,3.586256980895996,3.5939762592315674,3.3856589794158936,3.1342556476593018,0.809010922908783,0.49938270449638367,0.40646496415138245,0.0,0.382024884223938,0.5855258703231812,0.8322035670280457,1.138910174369812,1.312276840209961,1.6370441913604736,1.891861081123352,2.1215102672576904,2.0492238998413086,2.1801581382751465,1.9751189947128296,3.5173447132110596,3.819765090942383,4.010580062866211,4.144560813903809,4.449666500091553,4.401549816131592,4.7258219718933105,4.6086344718933105,4.87917947769165,4.7065229415893555,4.880812644958496,4.873970031738281,5.107094764709473,5.173888206481934,5.493875503540039,5.866209983825684,5.936214447021484,6.180502414703369,6.271672248840332,6.308657646179199,6.321507930755615,6.236895561218262,6.198960304260254,6.042679786682129,5.887016296386719,5.582203388214111,5.347311496734619,5.0309038162231445,4.708950996398926,4.6426615715026855,3.430333137512207,3.4751579761505127,3.262545347213745,3.5846810340881348,3.4538278579711914,3.5407602787017822,3.8285157680511475,3.847646951675415,4.227300643920898,4.34280252456665,4.643853664398193,4.927804470062256,5.2613372802734375,5.468613147735596,5.813340187072754
B5,2.0387814044952393,2.2565758228302,2.209657669067383,2.5638864040374756,2.6583645343780518,2.6154115200042725,2.6109650135040283,2.9844958782196045,3.0198044776916504,3.3181910514831543,3.465909719467163,3.676184892654419,3.6890528202056885,3.499565839767456,3.2367119789123535,1.07162606716156,0.818547785282135,0.6094608902931213,0.382024884223938,0.0,0.39117127656936646,0.5148059129714966,0.8708819150924683,1.0553829669952393,1.3362308740615845,1.6258348226547241,1.8263673782348633,1.7305203676223755,1.8883240222930908,1.6860383749008179,3.4499025344848633,3.738149881362915,3.9614675045013428,4.091983318328857,4.416413307189941,4.386239528656006,4.72673225402832,4.632037162780762,4.923146724700928,4.777735710144043,4.968636512756348,4.988685607910156,5.2391510009765625,5.322747707366943,5.642740249633789,5.911792278289795,5.974491596221924,6.200582027435303,6.275701522827148,6.296116352081299,6.286693096160889,6.194639682769775,6.133767604827881,5.970799446105957,5.794503688812256,5.47572660446167,5.236567974090576,4.909993648529053,4.589812278747559,4.530681610107422,3.422429323196411,3.4283578395843506,3.218611717224121,3.5324621200561523,3.372791290283203,3.478637456893921,3.7410149574279785,3.7725157737731934,4.153777599334717,4.25106954574585,4.570345401763916,4.833009243011475,5.175593376159668,5.402028560638428,5.740572452545166
B6,2.3016488552093506,2.555788993835449,2.541757583618164,2.904118776321411,3.01863956451416,2.985722780227661,2.994635820388794,3.3680784702301025,3.4093964099884033,3.7050836086273193,3.8546669483184814,4.059852600097656,4.064985275268555,3.8648953437805176,3.5936760902404785,1.307068943977356,1.0606122016906738,0.9411872029304504,0.5855258703231812,0.39117127656936646,0.0,0.3754975199699402,0.5837633609771729,0.8487539291381836,1.1325174570083618,1.4302661418914795,1.6887177228927612,1.6717031002044678,1.8823283910751343,1.7561701536178589,3.7997875213623047,4.09147834777832,4.32264518737793,4.461590766906738,4.788731098175049,4.767217636108398,5.109369277954102,5.019414901733398,5.311187744140625,5.164264678955078,5.355866432189941,5.371368885040283,5.617586612701416,5.69423246383667,6.011781215667725,6.234011173248291,6.282828330993652,6.50903844833374,6.572790145874023,6.581336498260498,6.567516803741455,6.459699630737305,6.394697666168213,6.21525239944458,6.031404495239258,5.71311616897583,5.457271575927734,5.133111953735352,4.825489521026611,4.790534496307373,3.6485180854797363,3.6348931789398193,3.3960037231445312,3.6857433319091797,3.498666763305664,3.573314905166626,3.820753335952759,3.8179752826690674,4.199103355407715,4.265416622161865,4.578656196594238,4.837939739227295,5.175217628479004,5.392526626586914,5.7191362380981445
B7,2.4660117626190186,2.6930160522460938,2.666954755783081,3.0121426582336426,3.1130993366241455,3.07826566696167,3.0454254150390625,3.4207253456115723,3.423689603805542,3.7289884090423584,3.842754602432251,4.05631160736084,4.050116062164307,3.8564484119415283,3.567596912384033,1.4380863904953003,1.2540698051452637,1.1056830883026123,0.8322035670280457,0.5148059129714966,0.3754975199699402,0.0,0.38901978731155396,0.5701062083244324,0.8246012926101685,1.1328954696655273,1.3497296571731567,1.303174614906311,1.5189121961593628,1.399687647819519,3.638268232345581,3.9250731468200684,4.178647041320801,4.327637672424316,4.665503025054932,4.669677257537842,5.022012233734131,4.958999156951904,5.266435146331787,5.140612602233887,5.354089260101318,5.389106750488281,5.645901679992676,5.728219032287598,6.038806438446045,6.116752624511719,6.1529011726379395,6.363511562347412,6.409776210784912,6.401277542114258,6.369561195373535,6.25172233581543,6.1696367263793945,5.981683731079102,5.782745838165283,5.456792831420898,5.195176124572754,4.866585731506348,4.564876079559326,4.542161464691162,3.475510835647583,3.4281165599823,3.1907594203948975,3.468982219696045,3.2601001262664795,3.3494815826416016,3.57500958442688,3.585041046142578,3.9647955894470215,4.0200958251953125,4.347425937652588,4.588895320892334,4.93296480178833,5.166763782501221,5.489678859710693
B8,2.777164936065674,3.026808023452759,3.0239603519439697,3.3730828762054443,3.4880406856536865,3.4612152576446533,3.4331982135772705,3.809333324432373,3.8117623329162598,4.116811275482178,4.226596832275391,4.437756538391113,4.4239349365234375,4.223453044891357,3.925884246826172,1.744505524635315,1.5695202350616455,1.461633563041687,1.138910174369812,0.8708819150924683,0.5837633609771729,0.38901978731155396,0.0,0.38126325607299805,0.576736330986023,0.8965493440628052,1.174837350845337,1.2314223051071167,1.5052682161331177,1.4856945276260376,3.9662580490112305,4.252928733825684,4.51638126373291,4.673336029052734,5.014622211456299,5.030783176422119,5.385859966278076,5.33196496963501,5.642696380615234,5.519931316375732,5.737822532653809,5.772945404052734,6.028353691101074,6.106229782104492,6.4135003089904785,6.421377182006836,6.4423065185546875,6.648861408233643,6.680690765380859,6.657387733459473,6.617377758026123,6.48302698135376,6.393119812011719,6.1884894371032715,5.979470252990723,5.653538227081299,5.376243591308594,5.050778865814209,4.764377117156982,4.767062664031982,3.696812629699707,3.624584197998047,3.3638241291046143,3.612732410430908,3.374701976776123,3.436039686203003,3.637570858001709,3.6163077354431152,3.9913344383239746,4.010802745819092,4.333276271820068,4.563976287841797,4.902319431304932,5.130293369293213,5.437992572784424
B9,3.0330898761749268,3.252920627593994,3.2152516841888428,3.552420139312744,3.634023904800415,3.578920364379883,3.515726089477539,3.880444288253784,3.8487350940704346,4.142557621002197,4.222832202911377,4.419209003448486,4.377514839172363,4.16454553604126,3.8458809852600098,1.7669886350631714,1.6669076681137085,1.5964535474777222,1.312276840209961,1.0553829669952393,0.8487539291381836,0.5701062083244324,0.38126325607299805,0.0,0.38538989424705505,0.5863505005836487,0.8690336346626282,0.9500288367271423,1.1894584894180298,1.2128220796585083,3.8379416465759277,4.1353302001953125,4.402425765991211,4.5847039222717285,4.9234466552734375,4.966763973236084,5.321880340576172,5.29085111618042,5.606001377105713,5.488577842712402,5.726606369018555,5.764255523681641,6.017345428466797,6.083934307098389,6.377640247344971,6.229207515716553,6.230832576751709,6.431161880493164,6.446660995483398,6.4083967208862305,6.3618879318237305,6.212691783905029,6.119023323059082,5.901070594787598,5.6879119873046875,5.365738868713379,5.076746463775635,4.756730556488037,4.48289680480957,4.507654666900635,3.4297971725463867,3.3352842330932617,3.061389446258545,3.290548086166382,3.036816358566284,3.089061737060547,3.278033494949341,3.251185178756714,3.624013900756836,3.6357853412628174,3.96049165725708,4.186384201049805,4.525444984436035,4.756978511810303,5.063477516174316
B10,3.210002899169922,3.4321703910827637,3.417842149734497,3.7452621459960938,3.843290090560913,3.811636447906494,3.737597703933716,4.108308792114258,4.064276695251465,4.372759819030762,4.435671329498291,4.649145126342773,4.614569187164307,4.418491840362549,4.098758220672607,2.126462697982788,2.0164105892181396,1.9061360359191895,1.6370441913604736,1.3362308740615845,1.1325174570083618,0.8246012926101685,0.576736330986023,0.38538989424705505,0.0,0.396617591381073,0.619876503944397,0.7435352802276611,1.06708824634552,1.1689598560333252,3.962829113006592,4.240357875823975,4.530940055847168,4.706126689910889,5.056243419647217,5.112771511077881,5.476768970489502,5.462721347808838,5.790574550628662,5.694887161254883,5.941402912139893,5.998440742492676,6.26287317276001,6.342483997344971,6.636168956756592,6.415552616119385,6.41036319732666,6.593344211578369,6.593655586242676,6.539607048034668,6.4724321365356445,6.315675735473633,6.200377941131592,5.9757208824157715,5.7432780265808105,5.411190032958984,5.118801593780518,4.7938618659973145,4.529324531555176,4.565379619598389,3.6073873043060303,3.477473020553589,3.211162805557251,3.419279098510742,3.139164447784424,3.2021374702453613,3.3529233932495117,3.331754446029663,3.6948695182800293,3.6772427558898926,4.013022422790527,4.209014892578125,4.550620079040527,4.7971882820129395,5.0890960693359375
B11,3.5602097511291504,3.768522262573242,3.7299575805664062,4.052558422088623,4.12546968460083,4.068282127380371,3.973374843597412,4.331550598144531,4.2645721435546875,4.557464122772217,4.59954309463501,4.793263912200928,4.730412006378174,4.517751216888428,4.180120468139648,2.2716639041900635,2.2168915271759033,2.154344320297241,1.891861081123352,1.6258348226547241,1.4302661418914795,1.1328954696655273,0.8965493440628052,0.5863505005836487,0.396617591381073,0.0,0.3780791163444519,0.6685320138931274,0.9278252124786377,1.1375781297683716,4.026700973510742,4.315732955932617,4.604365825653076,4.805788993835449,5.149120807647705,5.2305779457092285,5.590920925140381,5.595918655395508,5.923624515533447,5.8280487060546875,6.090095043182373,6.143429756164551,6.400937080383301,6.464856147766113,6.744291305541992,6.3727874755859375,6.344204425811768,6.522995948791504,6.504887580871582,6.433743953704834,6.361972808837891,6.185446739196777,6.068756103515625,5.82560920715332,5.5902276039123535,5.266653060913086,4.957520484924316,4.6436872482299805,4.400041103363037,4.4677324295043945,3.484959602355957,3.331315755844116,3.0436506271362305,3.2160441875457764,2.9145700931549072,2.9484238624572754,3.076451539993286,3.0298478603363037,3.3846890926361084,3.3431005477905273,3.673137903213501,3.862027645111084,4.198400974273682,4.440876483917236,4.724385738372803
B12,3.6821742057800293,3.8659579753875732,3.8201606273651123,4.122894763946533,4.185906410217285,4.131901264190674,4.008598804473877,4.361445903778076,4.266669750213623,4.5639777183532715,4.576141357421875,4.777386665344238,4.7111687660217285,4.513538360595703,4.171885967254639,2.462932586669922,2.427555799484253,2.336764335632324,2.1215102672576904,1.8263673782348633,1.6887177228927612,1.3497296571731567,1.174837350845337,0.8690336346626282,0.619876503944397,0.3780791163444519,0.0,0.38495850563049316,0.6425071954727173,0.9300225973129272,3.8862528800964355,4.1594719886779785,4.465059757232666,4.66802978515625,5.016427040100098,5.118422985076904,5.483322620391846,5.511812686920166,5.8500657081604,5.776732444763184,6.0534491539001465,6.12595796585083,6.392360687255859,6.464937210083008,6.738007545471191,6.25764274597168,6.221521377563477,6.381678581237793,6.348738670349121,6.263233184814453,6.172514915466309,5.991217136383057,5.8556976318359375,5.609604358673096,5.358998775482178,5.027613162994385,4.719023704528809,4.401413440704346,4.165153503417969,4.2410454750061035,3.3868346214294434,3.200197696685791,2.931082010269165,3.0881783962249756,2.770979642868042,2.83255934715271,2.927931070327759,2.909937858581543,3.2549803256988525,3.2054152488708496,3.5524213314056396,3.7136549949645996,4.057533264160156,4.322940826416016,4.601920127868652
B13,3.481356620788574,3.6377017498016357,3.5809309482574463,3.865323543548584,3.918745279312134,3.8686280250549316,3.726564884185791,4.075955390930176,3.9660415649414062,4.269477367401123,4.266701698303223,4.479189395904541,4.421468734741211,4.242207050323486,3.906498908996582,2.3642232418060303,2.334331512451172,2.2061309814453125,2.0492238998413086,1.7305203676223755,1.6717031002044678,1.303174614906311,1.2314223051071167,0.9500288367271423,0.7435352802276611,0.6685320138931274,0.38495850563049316,0.0,0.376875102519989,0.5936700105667114,3.5447499752044678,3.805791139602661,4.120296955108643,4.31390380859375,4.667283058166504,4.770498752593994,5.1389641761779785,5.173588752746582,5.517721176147461,5.457784652709961,5.738199234008789,5.824583530426025,6.09938383102417,6.184203624725342,6.458512306213379,5.989711284637451,5.965052127838135,6.117634296417236,6.089964866638184,6.009925365447998,5.913797855377197,5.745914936065674,5.603693962097168,5.371830940246582,5.1182780265808105,4.777097702026367,4.48327112197876,4.15474271774292,3.903142213821411,3.9570839405059814,3.190685987472534,3.003757953643799,2.7665722370147705,2.948439598083496,2.6461610794067383,2.7570078372955322,2.860775947570801,2.8928332328796387,3.2412919998168945,3.224398136138916,3.5873663425445557,3.7455408573150635,4.100300312042236,4.383930206298828,4.675477504730225
B14,3.615906000137329,3.7392489910125732,3.6470625400543213,3.9139249324798584,3.931870698928833,3.854588031768799,3.682405471801758,4.012081146240234,3.8719470500946045,4.158259391784668,4.1273627281188965,4.322841167449951,4.241717338562012,4.05738639831543,3.71073579788208,2.3705708980560303,2.3952391147613525,2.2900121212005615,2.1801581382751465,1.8883240222930908,1.8823283910751343,1.5189121961593628,1.5052682161331177,1.1894584894180298,1.06708824634552,0.9278252124786377,0.6425071954727173,0.376875102519989,0.0,0.3895367383956909,3.304258108139038,3.572563886642456,3.8833529949188232,4.09855318069458,4.443744659423828,4.569505214691162,4.932918548583984,4.986846446990967,5.330559253692627,5.275516033172607,5.571144104003906,5.659316062927246,5.930026054382324,6.005460739135742,6.265893936157227,5.67484188079834,5.637874126434326,5.784517288208008,5.746764659881592,5.658351898193359,5.55886697769165,5.384170055389404,5.241110324859619,5.004012584686279,4.7503838539123535,4.412167072296143,4.113812446594238,3.7883172035217285,3.5422539710998535,3.60815167427063,2.859987497329712,2.654837131500244,2.422764778137207,2.593792676925659,2.2879858016967773,2.4143807888031006,2.510533094406128,2.565145969390869,2.9106364250183105,2.9088845252990723,3.279198408126831,3.4348206520080566,3.7943859100341797,4.087568283081055,4.3866472244262695
