,A1,A2,A3,A4,A5,A6,A7,A8,A9,A10,A11,A12,A13,A14,A15,B1,B2,B3,B4,B5,B6,B7,B8,B9,B10,B11,B12,B13,B14,B15,C1,C2,C3,C4,C5,C6,C7,C8,C9,C10,C11,C12,C13,C14,C15,D1,D2,D3,D4,D5,D6,D7,D8,D9,D10,D11,D12,D13,D14,D15,E1,E2,E3,E4,E5,E6,E7,E8,E9,E10,E11,E12,E13,E14,E15
A1,0.0,0.39709722995758057,0.7198535203933716,1.089714765548706,1.3639775514602661,1.7121332883834839,1.9995893239974976,2.3362278938293457,2.6110734939575195,2.947542428970337,3.258114814758301,3.605659246444702,3.924024820327759,4.141017436981201,4.2354960441589355,2.837785005569458,2.46279239654541,2.2549986839294434,2.2464966773986816,2.3166801929473877,2.4114081859588623,2.572556734085083,2.9033472537994385,3.2723562717437744,3.5299789905548096,3.8067636489868164,4.042479038238525,3.9978396892547607,4.052944183349609,3.928650140762329,4.173370361328125,4.136641502380371,4.256629943847656,4.289630889892578,4.34224796295166,4.31520938873291,4.65908145904541,4.741530418395996,4.9325385093688965,5.290878772735596,5.411585330963135,5.758538246154785,5.965085983276367,6.09145450592041,6.135313034057617,4.515664577484131,4.601170063018799,4.764200210571289,5.075799465179443,5.2819929122924805,5.626708030700684,5.963881492614746,6.2978835105896,6.573369026184082,6.813671112060547,7.056789875030518,7.270571708679199,7.345099449157715,7.297405242919922,7.14626407623291,5.975515842437744,5.925158500671387,5.909481048583984,6.142466068267822,6.091755390167236,6.098667621612549,6.340747833251953,6.500726699829102,6.640983581542969,6.927346706390381,7.070703029632568,7.3705267906188965,7.7151780128479,8.023228645324707,8.367467880249023
A2,0.39709722995758057,0.0,0.3482179045677185,0.7043860554695129,0.9983606338500977,1.3382022380828857,1.6432443857192993,1.9774737358093262,2.271242380142212,2.594998598098755,2.913241386413574,3.254502773284912,3.5643768310546875,3.769256591796875,3.852041006088257,2.485335350036621,2.117082357406616,1.9330782890319824,1.9703718423843384,2.070202589035034,2.2109603881835938,2.397526502609253,2.7430496215820312,3.1057064533233643,3.3677210807800293,3.6374547481536865,3.8497416973114014,3.800114631652832,3.8261609077453613,3.673738956451416,3.790869951248169,3.7537407875061035,3.8761119842529297,3.9180896282196045,3.98492431640625,3.9618544578552246,4.311039924621582,4.3946332931518555,4.57542085647583,4.9357523918151855,5.046889781951904,5.390810966491699,5.590571403503418,5.711701393127441,5.75253438949585,4.218903064727783,4.3228020668029785,4.507185935974121,4.831966400146484,5.050110340118408,5.400279521942139,5.736289024353027,6.064304828643799,6.327808380126953,6.556518077850342,6.787952899932861,6.990078449249268,7.051301002502441,6.990768909454346,6.829176425933838,5.646410942077637,5.60029935836792,5.600225925445557,5.845465183258057,5.811358451843262,5.833549976348877,6.0870280265808105,6.257333755493164,6.403297424316406,6.692435264587402,6.837418556213379,7.135502815246582,7.477480411529541,7.777210712432861,8.116536140441895
A3,0.7198535203933716,0.3482179045677185,0.0,0.39196354150772095,0.6509015560150146,0.9978616833686829,1.2954329252243042,1.6349037885665894,1.9267711639404297,2.2503163814544678,2.5665366649627686,2.90781569480896,3.2191622257232666,3.4271645545959473,3.517836809158325,2.2289254665374756,1.8691500425338745,1.730151653289795,1.8053232431411743,1.9581127166748047,2.1244189739227295,2.3496792316436768,2.708045721054077,3.060647964477539,3.337925672531128,3.6080565452575684,3.803694486618042,3.7646071910858154,3.7679855823516846,3.5876405239105225,3.535161018371582,3.4815664291381836,3.5904171466827393,3.6285574436187744,3.706106185913086,3.6688921451568604,4.020082473754883,4.090044975280762,4.25984001159668,4.6193671226501465,4.722657203674316,5.068045616149902,5.270860195159912,5.398478031158447,5.448524475097656,4.05593204498291,4.185691833496094,4.388099193572998,4.723465442657471,4.959522247314453,5.31303071975708,5.645500659942627,5.963883876800537,6.214269638061523,6.433120250701904,6.653090476989746,6.845515251159668,6.893798828125,6.819663047790527,6.6442365646362305,5.482498645782471,5.449559211730957,5.4721784591674805,5.732771396636963,5.718295097351074,5.754725456237793,6.0177788734436035,6.193928241729736,6.3391618728637695,6.626620292663574,6.765652656555176,7.056358337402344,7.3928751945495605,7.681686878204346,8.016878128051758
A4,1.089714765548706,0.7043860554695129,0.39196354150772095,0.0,0.3825532793998718,0.6500086784362793,0.9908699989318848,1.298042893409729,1.621039867401123,1.9212156534194946,2.2532527446746826,2.583723306655884,2.8807449340820312,3.0751595497131348,3.152426242828369,1.8517894744873047,1.501267433166504,1.3950865268707275,1.5198529958724976,1.7078412771224976,1.9145137071609497,2.162424325942993,2.5244903564453125,2.8605594635009766,3.140495538711548,3.4019153118133545,3.5742292404174805,3.5384182929992676,3.516981601715088,3.311779260635376,3.152475595474243,3.092154026031494,3.1984894275665283,3.238311767578125,3.3214170932769775,3.2893028259277344,3.64335298538208,3.7190520763397217,3.8860268592834473,4.247251510620117,4.348978519439697,4.691416263580322,4.889171600341797,5.0120697021484375,5.058722496032715,3.7222859859466553,3.8699305057525635,4.088631629943848,4.432920455932617,4.680955410003662,5.036764621734619,5.365728378295898,5.676115036010742,5.914795398712158,6.123849391937256,6.333773612976074,6.517336845397949,6.55558443069458,6.471994876861572,6.2883172035217285,5.1402411460876465,5.118150234222412,5.156747341156006,5.427915096282959,5.427981853485107,5.474557876586914,5.744321823120117,5.924504280090332,6.06894588470459,6.35477352142334,6.489772319793701,6.774879455566406,7.106800079345703,7.386612415313721,7.7175822257995605
A5,1.3639775514602661,0.9983606338500977,0.6509015560150146,0.3825532793998718,0.0,0.3805221915245056,0.6488208770751953,1.0036665201187134,1.2973490953445435,1.6119145154953003,1.9251689910888672,2.263124465942383,2.5740861892700195,2.7838878631591797,2.8870370388031006,1.8088295459747314,1.4923285245895386,1.477308988571167,1.6409759521484375,1.8885420560836792,2.1005423069000244,2.3820743560791016,2.7457704544067383,3.0652050971984863,3.3587758541107178,3.6194586753845215,3.7760000228881836,3.7534217834472656,3.710651159286499,3.4793317317962646,3.0696723461151123,2.9834792613983154,3.0644214153289795,3.0980420112609863,3.202422857284546,3.138178586959839,3.492443084716797,3.5346765518188477,3.6772830486297607,4.034547328948975,4.118147373199463,4.4645771980285645,4.670474052429199,4.8085174560546875,4.875090599060059,3.7891082763671875,3.9684784412384033,4.205576419830322,4.5578436851501465,4.824413299560547,5.180570125579834,5.502969741821289,5.800213813781738,6.022637367248535,6.219472408294678,6.414755344390869,6.58571720123291,6.607389450073242,6.506213188171387,6.304497718811035,5.183642387390137,5.175179958343506,5.2417826652526855,5.529819011688232,5.5538458824157715,5.6185503005981445,5.89843225479126,6.085851669311523,6.230476379394531,6.513708114624023,6.642500400543213,6.9185004234313965,7.2430243492126465,7.509576320648193,7.834599018096924
A6,1.7121332883834839,1.3382022380828857,0.9978616833686829,0.6500086784362793,0.3805221915245056,0.0,0.3748301863670349,0.6580776572227478,0.9952172040939331,1.2773133516311646,1.6104204654693604,1.9359241724014282,2.2321250438690186,2.4316024780273438,2.527161121368408,1.4796526432037354,1.1963648796081543,1.2560335397720337,1.469312310218811,1.7543349266052246,1.9905701875686646,2.289207696914673,2.644402503967285,2.9374070167541504,3.231799364089966,3.481637716293335,3.613722085952759,3.6006579399108887,3.5346908569335938,3.280153274536133,2.7293713092803955,2.625770330429077,2.69380259513855,2.7224626541137695,2.832413673400879,2.7652413845062256,3.1211013793945312,3.163391590118408,3.3019819259643555,3.6603622436523438,3.7431726455688477,4.088216304779053,4.292363166809082,4.429719924926758,4.4973297119140625,3.505483388900757,3.7068498134613037,3.958606004714966,4.316665172576904,4.596522331237793,4.951902389526367,5.26772403717041,5.553496837615967,5.761906147003174,5.948054313659668,6.131919860839844,6.293569564819336,6.30457067489624,6.193248748779297,5.981860160827637,4.894428730010986,4.901974201202393,4.9883832931518555,5.287296772003174,5.327643871307373,5.401959419250488,5.686487674713135,5.8752312660217285,6.015701770782471,6.294232368469238,6.415340900421143,6.682315349578857,6.9999098777771,7.255282402038574,7.575333118438721
A7,1.9995893239974976,1.6432443857192993,1.2954329252243042,0.9908699989318848,0.6488208770751953,0.3748301863670349,0.0,0.3990617096424103,0.6635666489601135,0.9704070687294006,1.276968002319336,1.615112543106079,1.9316046237945557,2.1567769050598145,2.2922885417938232,1.545487642288208,1.3257700204849243,1.4676927328109741,1.6851462125778198,2.004462242126465,2.226003885269165,2.5447611808776855,2.8934693336486816,3.1676414012908936,3.4725301265716553,3.721587657928467,3.84210205078125,3.846129894256592,3.7668569087982178,3.4953999519348145,2.721759080886841,2.5846610069274902,2.614859104156494,2.627457618713379,2.7535789012908936,2.645085573196411,2.993927001953125,2.9946024417877197,3.107229709625244,3.4577927589416504,3.5238802433013916,3.873521566390991,4.08989953994751,4.247316837310791,4.339972972869873,3.61598801612854,3.845351219177246,4.108057022094727,4.467940330505371,4.763864040374756,5.115835189819336,5.422691345214844,5.6934814453125,5.885672569274902,6.060591697692871,6.230472564697266,6.380929470062256,6.377292156219482,6.2505693435668945,6.022649765014648,4.985824108123779,5.010563850402832,5.12392520904541,5.436389446258545,5.498108386993408,5.58630895614624,5.876594543457031,6.067988872528076,6.204537868499756,6.477293491363525,6.588763236999512,6.843942642211914,7.152445316314697,7.393875598907471,7.707878112792969
A8,2.3362278938293457,1.9774737358093262,1.6349037885665894,1.298042893409729,1.0036665201187134,0.6580776572227478,0.3990617096424103,0.0,0.381827712059021,0.6244164109230042,0.9697117805480957,1.2923922538757324,1.5929594039916992,1.8186742067337036,1.960869550704956,1.2867591381072998,1.1415255069732666,1.3671197891235352,1.598379373550415,1.9410210847854614,2.160867929458618,2.488844633102417,2.818056344985962,3.0581986904144287,3.363772392272949,3.6025052070617676,3.7018415927886963,3.7253754138946533,3.6308603286743164,3.3437483310699463,2.4478182792663574,2.276718854904175,2.2737061977386475,2.261989116668701,2.382296323776245,2.2568531036376953,2.602271318435669,2.5961899757385254,2.710921049118042,3.061711072921753,3.136112928390503,3.48779296875,3.7100026607513428,3.8739147186279297,3.97412109375,3.3555357456207275,3.6075966358184814,3.8774402141571045,4.236790657043457,4.546834945678711,4.893727779388428,5.190590858459473,5.446418762207031,5.623777866363525,5.789429664611816,5.948652267456055,6.092155456542969,6.080247402191162,5.945704460144043,5.708731651306152,4.743002891540527,4.791877746582031,4.926234245300293,5.247154712677002,5.323352813720703,5.415990352630615,5.705645561218262,5.891739845275879,6.017200469970703,6.280208587646484,6.377422332763672,6.618622779846191,6.917459964752197,7.146004676818848,7.455378532409668
A9,2.6110734939575195,2.271242380142212,1.9267711639404297,1.621039867401123,1.2973490953445435,0.9952172040939331,0.6635666489601135,0.381827712059021,0.0,0.3747138977050781,0.6548306941986084,1.006139874458313,1.3422658443450928,1.6188913583755493,1.8291398286819458,1.507959246635437,1.420870304107666,1.675054669380188,1.8775317668914795,2.2343173027038574,2.423459053039551,2.7634055614471436,3.083395004272461,3.3070764541625977,3.6233086585998535,3.864631414413452,3.9607534408569336,4.0063300132751465,3.910125255584717,3.6175754070281982,2.577033042907715,2.368741273880005,2.3141262531280518,2.2692880630493164,2.3900978565216064,2.210024118423462,2.5338428020477295,2.473093271255493,2.563786506652832,2.8991482257843018,2.9632840156555176,3.320974588394165,3.5638303756713867,3.7565879821777344,3.889934539794922,3.532999277114868,3.8057050704956055,4.075531482696533,4.429431438446045,4.752645492553711,5.092497825622559,5.378724575042725,5.6187334060668945,5.781838417053223,5.939479351043701,6.08743953704834,6.223498344421387,6.201270580291748,6.055766582489014,5.805366516113281,4.919651985168457,4.988875389099121,5.145947456359863,5.475483417510986,5.5674729347229,5.66712760925293,5.957033157348633,6.139716148376465,6.256014823913574,6.509799957275391,6.593037128448486,6.819700241088867,7.108153820037842,7.323095798492432,7.627406597137451
A10,2.947542428970337,2.594998598098755,2.2503163814544678,1.9212156534194946,1.6119145154953003,1.2773133516311646,0.9704070687294006,0.6244164109230042,0.3747138977050781,0.0,0.3658100366592407,0.6718453764915466,0.9836320877075195,1.2486621141433716,1.4618076086044312,1.455439567565918,1.465352177619934,1.7732850313186646,2.0014572143554688,2.352506637573242,2.555227041244507,2.885716199874878,3.18330717086792,3.374185085296631,3.6755528450012207,3.895228385925293,3.959864854812622,4.006293773651123,3.88340425491333,3.572479724884033,2.329083204269409,2.099069595336914,2.0166015625,1.969070315361023,2.114680528640747,1.9220850467681885,2.2406980991363525,2.1641628742218018,2.2256901264190674,2.5593466758728027,2.605297803878784,2.9598608016967773,3.1977198123931885,3.3902666568756104,3.5282421112060547,3.39255428314209,3.686979055404663,3.9723823070526123,4.327045917510986,4.657727241516113,4.991491317749023,5.266008377075195,5.489669322967529,5.632523536682129,5.772470951080322,5.902230739593506,6.021652698516846,5.982429027557373,5.821599006652832,5.55863094329834,4.704336643218994,4.7871994972229,4.9673662185668945,5.306276798248291,5.418974876403809,5.533448696136475,5.828193187713623,6.015427589416504,6.131381511688232,6.380270004272461,6.4591546058654785,6.676329135894775,6.955278396606445,7.155650615692139,7.450431823730469
A11,3.258114814758301,2.913241386413574,2.5665366649627686,2.2532527446746826,1.9251689910888672,1.6104204654693604,1.276968002319336,0.9697117805480957,0.6548306941986084,0.3658100366592407,0.0,0.3613852560520172,0.7204287648200989,1.0372804403305054,1.3243547677993774,1.7587957382202148,1.8066033124923706,2.124704122543335,2.3447322845458984,2.697183132171631,2.888279914855957,3.2204995155334473,3.509209394454956,3.6855885982513428,3.986973524093628,4.201488018035889,4.255721092224121,4.310988426208496,4.178959369659424,3.861074924468994,2.460599660873413,2.210296869277954,2.0874252319335938,2.024707794189453,2.1850574016571045,1.9521100521087646,2.2381603717803955,2.103945732116699,2.1159257888793945,2.4246273040771484,2.4393868446350098,2.7915189266204834,3.0403761863708496,3.2557945251464844,3.4238452911376953,3.604365825653076,3.9149813652038574,4.204606056213379,4.5543036460876465,4.892335891723633,5.218344688415527,5.481242656707764,5.688572883605957,5.814016342163086,5.9405293464660645,6.054379940032959,6.160215854644775,6.105780601501465,5.930365085601807,5.653430461883545,4.855830192565918,4.9521002769470215,5.154447078704834,5.50112771987915,5.6322102546691895,5.758925437927246,6.056478977203369,6.24570894241333,6.358793258666992,6.601215362548828,6.6723408699035645,6.877791404724121,7.1462883949279785,7.331973075866699,7.618255138397217
A12,3.605659246444702,3.254502773284912,2.90781569480896,2.583723306655884,2.263124465942383,1.9359241724014282,1.615112543106079,1.2923922538757324,1.006139874458313,0.6718453764915466,0.3613852560520172,0.0,0.3666459321975708,0.7068538069725037,1.0406177043914795,1.8910324573516846,2.0033042430877686,2.3435592651367188,2.5713863372802734,2.914419412612915,3.1084959506988525,3.4308786392211914,3.699392557144165,3.847926378250122,4.135887145996094,4.331808567047119,4.360402584075928,4.418557643890381,4.266563892364502,3.9374747276306152,2.3671536445617676,2.0987284183502197,1.9390172958374023,1.8686034679412842,2.0498135089874268,1.798816442489624,2.055976390838623,1.8873062133789062,1.8480345010757446,2.139065742492676,2.122234344482422,2.4677696228027344,2.7150228023529053,2.9382822513580322,3.1213724613189697,3.590754747390747,3.9181299209594727,4.216844081878662,4.561798572540283,4.904580116271973,5.22104549407959,5.469701290130615,5.6582794189453125,5.762166500091553,5.870250225067139,5.964519500732422,6.052743911743164,5.980676651000977,5.789662837982178,5.499906539916992,4.75347375869751,4.864725112915039,5.090338706970215,5.443971633911133,5.59538459777832,5.735699653625488,6.035605430603027,6.227296352386475,6.338125228881836,6.57339334487915,6.638123035430908,6.831638336181641,7.08848237991333,7.257749080657959,7.533127784729004
A13,3.924024820327759,3.5643768310546875,3.2191622257232666,2.8807449340820312,2.5740861892700195,2.2321250438690186,1.9316046237945557,1.5929594039916992,1.3422658443450928,0.9836320877075195,0.7204287648200989,0.3666459321975708,0.0,0.36870601773262024,0.7466563582420349,1.990848183631897,2.163294792175293,2.5189902782440186,2.7550997734069824,3.082934617996216,3.282569169998169,3.5902318954467773,3.8360190391540527,3.955261707305908,4.224948406219482,4.3986496925354,4.398910045623779,4.4567766189575195,4.283745288848877,3.9450395107269287,2.2238352298736572,1.9422281980514526,1.7488064765930176,1.6756879091262817,1.879586935043335,1.6249220371246338,1.8503167629241943,1.6595780849456787,1.5637695789337158,1.838829755783081,1.7868075370788574,2.123385429382324,2.362147331237793,2.5857534408569336,2.7766902446746826,3.514226198196411,3.855093240737915,4.1624932289123535,4.5016326904296875,4.8461384773254395,5.152169704437256,5.386165142059326,5.556330680847168,5.638686180114746,5.727595329284668,5.802182674407959,5.872291564941406,5.782964706420898,5.577255725860596,5.276425361633301,4.575727462768555,4.701021671295166,4.948007106781006,5.30677604675293,5.4772868156433105,5.63036584854126,5.931605339050293,6.125481605529785,6.2345147132873535,6.462697505950928,6.522311210632324,6.704758644104004,6.950229644775391,7.103730201721191,7.367851734161377
A14,4.141017436981201,3.769256591796875,3.4271645545959473,3.0751595497131348,2.7838878631591797,2.4316024780273438,2.1567769050598145,1.8186742067337036,1.6188913583755493,1.2486621141433716,1.0372804403305054,0.7068538069725037,0.36870601773262024,0.0,0.4004157781600952,2.056933879852295,2.2742159366607666,2.637186288833618,2.8958487510681152,3.2025022506713867,3.4226460456848145,3.710719585418701,3.939422607421875,4.038393974304199,4.28330659866333,4.4314866065979,4.401313781738281,4.442959785461426,4.24345064163208,3.8935959339141846,2.0062475204467773,1.7339993715286255,1.5378804206848145,1.5043714046478271,1.7574909925460815,1.5418174266815186,1.7509870529174805,1.5777554512023926,1.421964406967163,1.6863783597946167,1.580259919166565,1.8932877779006958,2.0949153900146484,2.2915165424346924,2.4662795066833496,3.4219002723693848,3.7692790031433105,4.091671466827393,4.430103778839111,4.769198894500732,5.0688252449035645,5.2930169105529785,5.451826572418213,5.516672134399414,5.585940837860107,5.642110347747803,5.69224214553833,5.584897041320801,5.364151477813721,5.055037975311279,4.334156036376953,4.45935583114624,4.72224760055542,5.085658073425293,5.2743401527404785,5.444703102111816,5.751704216003418,5.955572128295898,6.072929382324219,6.301206111907959,6.367140769958496,6.547634601593018,6.786927700042725,6.929973602294922,7.18294620513916
A15,4.2354960441589355,3.852041006088257,3.517836809158325,3.152426242828369,2.8870370388031006,2.527161121368408,2.2922885417938232,1.960869550704956,1.8291398286819458,1.4618076086044312,1.3243547677993774,1.0406177043914795,0.7466563582420349,0.4004157781600952,0.0,2.02254319190979,2.275928020477295,2.6371545791625977,2.920551300048828,3.199124574661255,3.444589138031006,3.7079598903656006,3.920382499694824,4.003324508666992,4.2194390296936035,4.340831756591797,4.281200885772705,4.298759937286377,4.072836399078369,3.7134485244750977,1.6838301420211792,1.4357916116714478,1.2657372951507568,1.3052802085876465,1.6165082454681396,1.477066993713379,1.690334439277649,1.5803148746490479,1.4030942916870117,1.6691465377807617,1.5315334796905518,1.809293270111084,1.951737880706787,2.0918047428131104,2.218912124633789,3.235654354095459,3.582216501235962,3.920769691467285,4.261514663696289,4.590184688568115,4.887008190155029,5.106675148010254,5.261943340301514,5.316639423370361,5.370888710021973,5.414942264556885,5.449615478515625,5.329751014709473,5.099318981170654,4.788081645965576,3.9986345767974854,4.11445951461792,4.384840488433838,4.751138210296631,4.952162265777588,5.137729167938232,5.451462268829346,5.667481899261475,5.7975640296936035,6.030643463134766,6.1093974113464355,6.295166969299316,6.533895492553711,6.673722743988037,6.918980598449707
B1,2.837785005569458,2.485335350036621,2.2289254665374756,1.8517894744873047,1.8088295459747314,1.4796526432037354,1.545487642288208,1.2867591381072998,1.507959246635437,1.455439567565918,1.7587957382202148,1.8910324573516846,1.990848183631897,2.056933879852295,2.02254319190979,0.0,0.38227593898773193,0.690227210521698,0.9500982761383057,1.183917760848999,1.4490691423416138,1.6936414241790771,1.9255259037017822,2.0628433227539062,2.3099844455718994,2.489795446395874,2.523566484451294,2.5555193424224854,2.4295005798339844,2.12597393989563,1.636117696762085,1.4886295795440674,1.535523772239685,1.5098583698272705,1.5199843645095825,1.5643776655197144,1.908055305480957,2.084089517593384,2.3052473068237305,2.662259101867676,2.821981191635132,3.133665084838867,3.305964708328247,3.396238088607788,3.4112281799316406,2.075399160385132,2.3208839893341064,2.5947070121765137,2.9578616619110107,3.2680444717407227,3.6143720149993896,3.9096648693084717,4.166619777679443,4.346818447113037,4.5165276527404785,4.686089038848877,4.842423915863037,4.850718975067139,4.7410807609558105,4.530514717102051,3.6161530017852783,3.6917166709899902,3.8074333667755127,4.112940311431885,4.169221878051758,4.23239278793335,4.502813816070557,4.664069175720215,4.766411781311035,5.017511367797852,5.100841999053955,5.336513996124268,5.635045051574707,5.867300510406494,6.181659698486328
B2,2.46279239654541,2.117082357406616,1.8691500425338745,1.501267433166504,1.4923285245895386,1.1963648796081543,1.3257700204849243,1.1415255069732666,1.420870304107666,1.465352177619934,1.8066033124923706,2.0033042430877686,2.163294792175293,2.2742159366607666,2.275928020477295,0.38227593898773193,0.0,0.3649502396583557,0.6686787009239197,0.9514819383621216,1.232468843460083,1.5082074403762817,1.7922483682632446,1.9918267726898193,2.2657201290130615,2.4808874130249023,2.56317138671875,2.5891220569610596,2.502326250076294,2.2285940647125244,1.962807536125183,1.8404961824417114,1.9034066200256348,1.8844791650772095,1.8938530683517456,1.9143356084823608,2.256112813949585,2.4103198051452637,2.6344399452209473,2.993304967880249,3.1530885696411133,3.4754414558410645,3.6594526767730713,3.760396957397461,3.783311128616333,2.329324245452881,2.538470506668091,2.786869764328003,3.144179582595825,3.439953565597534,3.791259288787842,4.099048137664795,4.374128341674805,4.576471328735352,4.764276504516602,4.951874732971191,5.123688697814941,5.148340225219727,5.053680419921875,4.85617733001709,3.9054665565490723,3.960296869277954,4.049497127532959,4.342557907104492,4.376068115234375,4.424551010131836,4.689634799957275,4.847711563110352,4.953195095062256,5.210479736328125,5.301143646240234,5.547992706298828,5.856246471405029,6.103732109069824,6.426408290863037
B3,2.2549986839294434,1.9330782890319824,1.730151653289795,1.3950865268707275,1.477308988571167,1.2560335397720337,1.4676927328109741,1.3671197891235352,1.675054669380188,1.7732850313186646,2.124704122543335,2.3435592651367188,2.5189902782440186,2.637186288833618,2.6371545791625977,0.690227210521698,0.3649502396583557,0.0,0.3766928017139435,0.6227261424064636,0.9346246123313904,1.1988660097122192,1.507122278213501,1.7468159198760986,2.0246551036834717,2.2582836151123047,2.3756206035614014,2.3941943645477295,2.344902992248535,2.107017755508423,2.207146644592285,2.119450569152832,2.207557201385498,2.19400691986084,2.1772871017456055,2.220386028289795,2.549006223678589,2.722261428833008,2.965137481689453,3.319875955581665,3.4937567710876465,3.812150001525879,3.9927375316619873,4.085177421569824,4.095167636871338,2.359483480453491,2.522092819213867,2.740145206451416,3.087529420852661,3.3630075454711914,3.716671943664551,4.035688400268555,4.329521179199219,4.555516719818115,4.7624921798706055,4.97100305557251,5.161402225494385,5.208302974700928,5.136240482330322,4.960522651672363,3.9882307052612305,4.0270609855651855,4.081896781921387,4.354757785797119,4.3579535484313965,4.382296562194824,4.634734153747559,4.782162189483643,4.884998321533203,5.145102500915527,5.240586757659912,5.497808933258057,5.815699577331543,6.080061912536621,6.4118170738220215
B4,2.2464966773986816,1.9703718423843384,1.8053232431411743,1.5198529958724976,1.6409759521484375,1.469312310218811,1.6851462125778198,1.598379373550415,1.8775317668914795,2.0014572143554688,2.3447322845458984,2.5713863372802734,2.7550997734069824,2.8958487510681152,2.920551300048828,0.9500982761383057,0.6686787009239197,0.3766928017139435,0.0,0.36744239926338196,0.5856334567070007,0.8946419358253479,1.2207015752792358,1.4826486110687256,1.7974225282669067,2.0668861865997314,2.231663227081299,2.2932119369506836,2.300504446029663,2.1086506843566895,2.496589183807373,2.395522356033325,2.4588310718536377,2.4053568840026855,2.3346669673919678,2.365067481994629,2.668161153793335,2.844162940979004,3.1200413703918457,3.464463710784912,3.6707301139831543,3.990817070007324,4.1860175132751465,4.289697170257568,4.307088851928711,2.383195638656616,2.517320394515991,2.6892850399017334,3.014249324798584,3.2856674194335938,3.6324965953826904,3.9526567459106445,4.251456260681152,4.494117736816406,4.721839904785156,4.949375152587891,5.161896705627441,5.23198127746582,5.182185173034668,5.0223002433776855,4.143734931945801,4.195999622344971,4.2347731590271,4.490958213806152,4.471703052520752,4.466686725616455,4.6973042488098145,4.818279266357422,4.897249221801758,5.144305229187012,5.221026420593262,5.469858169555664,5.7869486808776855,6.057836055755615,6.398427486419678
B5,2.3166801929473877,2.070202589035034,1.9581127166748047,1.7078412771224976,1.8885420560836792,1.7543349266052246,2.004462242126465,1.9410210847854614,2.2343173027038574,2.352506637573242,2.697183132171631,2.914419412612915,3.082934617996216,3.2025022506713867,3.199124574661255,1.183917760848999,0.9514819383621216,0.6227261424064636,0.36744239926338196,0.0,0.37571123242378235,0.5798274874687195,0.9045386910438538,1.1878554821014404,1.4813576936721802,1.7508270740509033,1.9326545000076294,1.9811607599258423,2.0171096324920654,1.8623398542404175,2.5974316596984863,2.5325655937194824,2.624171257019043,2.585374593734741,2.497180700302124,2.5709242820739746,2.8590850830078125,3.0687761306762695,3.3557021617889404,3.6936964988708496,3.908668041229248,4.2149200439453125,4.3935418128967285,4.475651264190674,4.468468189239502,2.2720956802368164,2.3565804958343506,2.5005877017974854,2.8131940364837646,3.0597856044769287,3.4059410095214844,3.7334768772125244,4.047153472900391,4.307458877563477,4.547544956207275,4.7903971672058105,5.0156426429748535,5.103945732116699,5.074576377868652,4.937093734741211,4.040271282196045,4.07985258102417,4.087372303009033,4.322192192077637,4.276339530944824,4.2490081787109375,4.465843677520752,4.5759501457214355,4.6518425941467285,4.9000349044799805,4.981899261474609,5.239638328552246,5.564030647277832,5.848321914672852,6.194431781768799
B6,2.4114081859588623,2.2109603881835938,2.1244189739227295,1.9145137071609497,2.1005423069000244,1.9905701875686646,2.226003885269165,2.160867929458618,2.423459053039551,2.555227041244507,2.888279914855957,3.1084959506988525,3.282569169998169,3.4226460456848145,3.444589138031006,1.4490691423416138,1.232468843460083,0.9346246123313904,0.5856334567070007,0.37571123242378235,0.0,0.35896584391593933,0.6937114596366882,0.9975669384002686,1.3412598371505737,1.652079701423645,1.886878252029419,1.9942809343338013,2.091116428375244,1.9875906705856323,2.890658140182495,2.804980516433716,2.8668878078460693,2.7904131412506104,2.6593854427337646,2.712644338607788,2.974196195602417,3.177839517593384,3.489567518234253,3.8150277137756348,4.057224273681641,4.364722728729248,4.558720588684082,4.654812335968018,4.659327030181885,2.367258071899414,2.429318904876709,2.522761344909668,2.804182291030884,3.047163724899292,3.379746198654175,3.7023305892944336,4.014448642730713,4.2867865562438965,4.54500150680542,4.803292751312256,5.048163414001465,5.156874179840088,5.147093772888184,5.022470951080322,4.239619731903076,4.2972025871276855,4.296977996826172,4.51775598526001,4.4560322761535645,4.403127670288086,4.597289562225342,4.679444789886475,4.7280802726745605,4.958759307861328,5.016921520233154,5.260649681091309,5.579991817474365,5.866303443908691,6.218998908996582
B7,2.572556734085083,2.397526502609253,2.3496792316436768,2.162424325942993,2.3820743560791016,2.289207696914673,2.5447611808776855,2.488844633102417,2.7634055614471436,2.885716199874878,3.2204995155334473,3.4308786392211914,3.5902318954467773,3.710719585418701,3.7079598903656006,1.6936414241790771,1.5082074403762817,1.1988660097122192,0.8946419358253479,0.5798274874687195,0.35896584391593933,0.0,0.36699214577674866,0.7154600620269775,1.031454086303711,1.3466275930404663,1.6083898544311523,1.7109897136688232,1.8494305610656738,1.798730731010437,3.010690450668335,2.954618453979492,3.037902355194092,2.9739902019500732,2.8302650451660156,2.919858455657959,3.1662380695343018,3.397580862045288,3.7158124446868896,4.033818244934082,4.282017707824707,4.575471878051758,4.7533721923828125,4.829401016235352,4.811678886413574,2.29565691947937,2.304398775100708,2.3612945079803467,2.621196746826172,2.834388256072998,3.1613292694091797,3.488198757171631,3.812919855117798,4.101843357086182,4.37172269821167,4.644399642944336,4.901383399963379,5.0283355712890625,5.0394673347473145,4.937887668609619,4.153355121612549,4.200941562652588,4.171290874481201,4.368707180023193,4.281022071838379,4.204404830932617,4.381251335144043,4.449090003967285,4.4912495613098145,4.719892978668213,4.780395984649658,5.03043794631958,5.355168342590332,5.653472423553467,6.01069450378418
B8,2.9033472537994385,2.7430496215820312,2.708045721054077,2.5244903564453125,2.7457704544067383,2.644402503967285,2.8934693336486816,2.818056344985962,3.083395004272461,3.18330717086792,3.509209394454956,3.699392557144165,3.8360190391540527,3.939422607421875,3.920382499694824,1.9255259037017822,1.7922483682632446,1.507122278213501,1.2207015752792358,0.9045386910438538,0.6937114596366882,0.36699214577674866,0.0,0.3702959716320038,0.6815531849861145,1.0119456052780151,1.304513692855835,1.447704553604126,1.6366688013076782,1.6452999114990234,3.1209280490875244,3.0753602981567383,3.157691478729248,3.0856926441192627,2.9119985103607178,3.0266075134277344,3.243666887283325,3.4982123374938965,3.829328775405884,4.131650447845459,4.395269870758057,4.672275066375732,4.839217662811279,4.901413440704346,4.868464469909668,2.1638238430023193,2.1253201961517334,2.1313345432281494,2.358458995819092,2.551395893096924,2.866135835647583,3.1904239654541016,3.518679141998291,3.819394588470459,4.101496696472168,4.387206554412842,4.658298969268799,4.804414749145508,4.837215423583984,4.75679874420166,4.045071125030518,4.101391315460205,4.053966045379639,4.22979736328125,4.1224775314331055,4.01960563659668,4.173009872436523,4.215992450714111,4.237013816833496,4.452450752258301,4.499187469482422,4.742695331573486,5.065670013427734,5.36858606338501,5.729752063751221
B9,3.2723562717437744,3.1057064533233643,3.060647964477539,2.8605594635009766,3.0652050971984863,2.9374070167541504,3.1676414012908936,3.0581986904144287,3.3070764541625977,3.374185085296631,3.6855885982513428,3.847926378250122,3.955261707305908,4.038393974304199,4.003324508666992,2.0628433227539062,1.9918267726898193,1.7468159198760986,1.4826486110687256,1.1878554821014404,0.9975669384002686,0.7154600620269775,0.3702959716320038,0.0,0.38261300325393677,0.7157009243965149,1.0110431909561157,1.2256004810333252,1.4416531324386597,1.4892280101776123,3.125572919845581,3.0814874172210693,3.153672456741333,3.068354606628418,2.8635575771331787,2.9999606609344482,3.1836109161376953,3.4589734077453613,3.800049066543579,4.083517074584961,4.361354351043701,4.619692802429199,4.7754693031311035,4.82517147064209,4.779799461364746,1.943947434425354,1.8726410865783691,1.832972526550293,2.031757354736328,2.2204091548919678,2.525144338607788,2.8441948890686035,3.1689722537994385,3.4729361534118652,3.7617950439453125,4.054058074951172,4.334403991699219,4.4926910400390625,4.539863109588623,4.472949981689453,3.8588643074035645,3.9346957206726074,3.883904457092285,4.046548366546631,3.932405948638916,3.8118839263916016,3.9464409351348877,3.966700792312622,3.9639477729797363,4.163196086883545,4.190077304840088,4.420585632324219,4.737595081329346,5.037491798400879,5.400217056274414
B10,3.5299789905548096,3.3677210807800293,3.337925672531128,3.140495538711548,3.3587758541107178,3.231799364089966,3.4725301265716553,3.363772392272949,3.6233086585998535,3.6755528450012207,3.986973524093628,4.135887145996094,4.224948406219482,4.28330659866333,4.2194390296936035,2.3099844455718994,2.2657201290130615,2.0246551036834717,1.7974225282669067,1.4813576936721802,1.3412598371505737,1.031454086303711,0.6815531849861145,0.38261300325393677,0.0,0.34456172585487366,0.6808798909187317,0.9038270711898804,1.1769672632217407,1.306972622871399,3.2080671787261963,3.1965057849884033,3.2904319763183594,3.224928855895996,3.020097255706787,3.1935086250305176,3.361940622329712,3.661190986633301,3.9969940185546875,4.2704949378967285,4.544825553894043,4.7838969230651855,4.916607856750488,4.940551280975342,4.868765354156494,1.8704946041107178,1.7304706573486328,1.6439800262451172,1.8074935674667358,1.9491121768951416,2.245089292526245,2.5678300857543945,2.9061472415924072,3.224397659301758,3.519794464111328,3.8227806091308594,4.110300540924072,4.284017086029053,4.351136207580566,4.309488296508789,3.691467046737671,3.756479024887085,3.67578387260437,3.8109982013702393,3.671888589859009,3.527432680130005,3.642110586166382,3.6471071243286133,3.6378629207611084,3.835094690322876,3.8667359352111816,4.105352878570557,4.428157806396484,4.739357948303223,5.104452610015869
B11,3.8067636489868164,3.6374547481536865,3.6080565452575684,3.4019153118133545,3.6194586753845215,3.481637716293335,3.721587657928467,3.6025052070617676,3.864631414413452,3.895228385925293,4.201488018035889,4.331808567047119,4.3986496925354,4.4314866065979,4.340831756591797,2.489795446395874,2.4808874130249023,2.2582836151123047,2.0668861865997314,1.7508270740509033,1.652079701423645,1.3466275930404663,1.0119456052780151,0.7157009243965149,0.34456172585487366,0.0,0.36856910586357117,0.6228118538856506,0.9366684556007385,1.1401031017303467,3.219287872314453,3.2328217029571533,3.340587615966797,3.289990186691284,3.084233045578003,3.289705753326416,3.4405555725097656,3.7600598335266113,4.088736057281494,4.350231170654297,4.620271682739258,4.839208602905273,4.949615001678467,4.949714183807373,4.854433536529541,1.7498042583465576,1.5517549514770508,1.4247139692306519,1.555794358253479,1.6572273969650269,1.9475830793380737,2.273163080215454,2.620685577392578,2.9459292888641357,3.2421445846557617,3.549975872039795,3.839738368988037,4.022579193115234,4.1032915115356445,4.080772399902344,3.4715263843536377,3.5328493118286133,3.432157516479492,3.5459072589874268,3.3908567428588867,3.2287466526031494,3.3276774883270264,3.320115089416504,3.304044246673584,3.4989070892333984,3.533001184463501,3.7768619060516357,4.103387832641602,4.420648574829102,4.786248207092285
B12,4.042479038238525,3.8497416973114014,3.803694486618042,3.5742292404174805,3.7760000228881836,3.613722085952759,3.84210205078125,3.7018415927886963,3.9607534408569336,3.959864854812622,4.255721092224121,4.360402584075928,4.398910045623779,4.401313781738281,4.281200885772705,2.523566484451294,2.56317138671875,2.3756206035614014,2.231663227081299,1.9326545000076294,1.886878252029419,1.6083898544311523,1.304513692855835,1.0110431909561157,0.6808798909187317,0.36856910586357117,0.0,0.380391925573349,0.6508464217185974,0.8899773359298706,3.0591299533843994,3.0942156314849854,3.2128725051879883,3.1783227920532227,2.9763894081115723,3.214873790740967,3.349597930908203,3.688189744949341,4.003915309906006,4.253600597381592,4.514072895050049,4.711885929107666,4.79817008972168,4.7739763259887695,4.656068325042725,1.4911497831344604,1.2487951517105103,1.1085728406906128,1.2408860921859741,1.330096960067749,1.6369576454162598,1.9710893630981445,2.323654890060425,2.641878366470337,2.926492691040039,3.2272942066192627,3.5079963207244873,3.6849453449249268,3.7635178565979004,3.7456562519073486,3.124744176864624,3.1893599033355713,3.085249423980713,3.193632125854492,3.0405237674713135,2.878147840499878,2.97829270362854,2.973278760910034,2.95981764793396,3.159536361694336,3.2001235485076904,3.4498794078826904,3.779554605484009,4.094735622406006,4.457493305206299
B13,3.9978396892547607,3.800114631652832,3.7646071910858154,3.5384182929992676,3.7534217834472656,3.6006579399108887,3.846129894256592,3.7253754138946533,4.0063300132751465,4.006293773651123,4.310988426208496,4.418557643890381,4.4567766189575195,4.442959785461426,4.298759937286377,2.5555193424224854,2.5891220569610596,2.3941943645477295,2.2932119369506836,1.9811607599258423,1.9942809343338013,1.7109897136688232,1.447704553604126,1.2256004810333252,0.9038270711898804,0.6228118538856506,0.380391925573349,0.0,0.37268275022506714,0.6954399943351746,2.987123489379883,3.0631675720214844,3.2208516597747803,3.2284114360809326,3.0649068355560303,3.3263320922851562,3.48185658454895,3.8271710872650146,4.122069835662842,4.381632328033447,4.617760181427002,4.811742305755615,4.879421234130859,4.835460662841797,4.6977949142456055,1.5549137592315674,1.2991743087768555,1.2199267148971558,1.376784086227417,1.4204049110412598,1.7307180166244507,2.0674304962158203,2.428443431854248,2.7396910190582275,3.0044522285461426,3.2934651374816895,3.5549776554107666,3.7192273139953613,3.7893664836883545,3.77463436126709,2.979940176010132,3.0022714138031006,2.869602680206299,2.969521999359131,2.802384376525879,2.6458282470703125,2.762348175048828,2.7868618965148926,2.814624071121216,3.0456178188323975,3.132270574569702,3.4148242473602295,3.7590513229370117,4.08534574508667,4.4427103996276855
B14,4.052944183349609,3.8261609077453613,3.7679855823516846,3.516981601715088,3.710651159286499,3.5346908569335938,3.7668569087982178,3.6308603286743164,3.910125255584717,3.88340425491333,4.178959369659424,4.266563892364502,4.283745288848877,4.24345064163208,4.072836399078369,2.4295005798339844,2.502326250076294,2.344902992248535,2.300504446029663,2.0171096324920654,2.091116428375244,1.8494305610656738,1.6366688013076782,1.4416531324386597,1.1769672632217407,0.9366684556007385,0.6508464217185974,0.37268275022506714,0.0,0.37166380882263184,2.685246229171753,2.7855312824249268,2.9620463848114014,2.996508836746216,2.856865406036377,3.143568754196167,3.3011527061462402,3.6554343700408936,3.9289932250976562,4.186878681182861,4.402925491333008,4.584922790527344,4.632879734039307,4.570397853851318,4.416481971740723,1.3248119354248047,1.07818603515625,1.0854218006134033,1.3018128871917725,1.368606686592102,1.699516773223877,2.034313917160034,2.3840956687927246,2.6663246154785156,2.900301933288574,3.163483142852783,3.397400140762329,3.532994270324707,3.576655149459839,3.54410982131958,2.638366460800171,2.652855634689331,2.531968355178833,2.6538009643554688,2.510328531265259,2.3863322734832764,2.5385777950286865,2.6010375022888184,2.661240577697754,2.9137988090515137,3.0243358612060547,3.317802667617798,3.6637041568756104,3.9794790744781494,4.327163219451904
