,A1,A2,A3,A4,A5,A6,A7,A8,A9,A10,A11,A12,A13,A14,A15,B1,B2,B3,B4,B5,B6,B7,B8,B9,B10,B11,B12,B13,B14,B15,C1,C2,C3,C4,C5,C6,C7,C8,C9,C10,C11,C12,C13,C14,C15,D1,D2,D3,D4,D5,D6,D7,D8,D9,D10,D11,D12,D13,D14,D15,E1,E2,E3,E4,E5,E6,E7,E8,E9,E10,E11,E12,E13,E14,E15
A1,0.0,0.36441490054130554,0.7167060375213623,1.038360357284546,1.350464940071106,1.653765320777893,1.9273059368133545,2.264819383621216,2.5248377323150635,2.75167179107666,3.069925546646118,3.20715069770813,3.5427792072296143,3.7343080043792725,3.763493061065674,3.254666805267334,3.168691873550415,3.009181499481201,3.243591547012329,3.0829148292541504,3.2542529106140137,3.5742745399475098,3.8201873302459717,4.1467437744140625,4.437376022338867,4.750237464904785,4.9698333740234375,4.939804553985596,5.091730117797852,4.882844924926758,4.978312015533447,4.914809703826904,5.033674716949463,4.812516212463379,5.11397647857666,4.99379825592041,5.257938385009766,5.193772315979004,5.299088001251221,5.635703086853027,5.655551433563232,5.9519877433776855,6.0625104904174805,6.182251453399658,6.109947204589844,6.346696853637695,6.610776424407959,6.624144077301025,6.988652229309082,7.177689075469971,7.5482001304626465,7.697819709777832,7.966358184814453,7.8973307609558105,8.242376327514648,8.17481517791748,8.272390365600586,8.16740608215332,7.962151050567627,7.661323070526123,5.946615695953369,6.183164119720459,6.3126044273376465,6.636673927307129,6.8940510749816895,7.246833324432373,7.501561164855957,7.836948871612549,8.147028923034668,8.371654510498047,8.67541790008545,8.999862670898438,9.290054321289062,9.54179859161377,9.809163093566895
A2,0.36441490054130554,0.0,0.3590709865093231,0.7010871171951294,0.9970653057098389,1.3179988861083984,1.5768648386001587,1.9237737655639648,2.176241636276245,2.3940460681915283,2.7113418579101562,2.8434295654296875,3.1787896156311035,3.371645212173462,3.406769037246704,3.019832134246826,2.937253713607788,2.7677927017211914,2.994429111480713,2.8563132286071777,3.0221123695373535,3.358304738998413,3.6002821922302246,3.918614387512207,4.224411487579346,4.522722244262695,4.752193927764893,4.727441310882568,4.867345333099365,4.660284996032715,4.683297634124756,4.62291145324707,4.727525234222412,4.504984378814697,4.804975986480713,4.684101581573486,4.9562153816223145,4.903576850891113,5.025513172149658,5.368682384490967,5.406669616699219,5.7074456214904785,5.827168941497803,5.948179244995117,5.883285045623779,6.03395938873291,6.291055202484131,6.2955121994018555,6.658234119415283,6.845310211181641,7.217653274536133,7.3709588050842285,7.645178318023682,7.584866523742676,7.933992385864258,7.87568473815918,7.979877948760986,7.884415626525879,7.688180446624756,7.393840789794922,5.665543079376221,5.895025730133057,6.032264232635498,6.3515400886535645,6.617533206939697,6.9712982177734375,7.21986198425293,7.559628963470459,7.865301132202148,8.083081245422363,8.381937026977539,8.70905590057373,8.994233131408691,9.240501403808594,9.50519847869873
A3,0.7167060375213623,0.3590709865093231,0.0,0.37146317958831787,0.6382036805152893,0.9680629968643188,1.2182775735855103,1.5677939653396606,1.8194047212600708,2.035911798477173,2.355536460876465,2.494452714920044,2.829911947250366,3.0279953479766846,3.072993040084839,2.7590320110321045,2.6733691692352295,2.4907965660095215,2.705373764038086,2.586441993713379,2.745307683944702,3.093712329864502,3.3313591480255127,3.6407668590545654,3.958656072616577,4.24342679977417,4.480405330657959,4.460631847381592,4.590880870819092,4.387457370758057,4.38577127456665,4.336147308349609,4.430715084075928,4.214373588562012,4.5177717208862305,4.404318809509277,4.688444137573242,4.654637813568115,4.794488906860352,5.143249988555908,5.199554443359375,5.500730514526367,5.624723434448242,5.7407050132751465,5.6776838302612305,5.718899726867676,5.9682488441467285,5.964011192321777,6.323552131652832,6.505524635314941,6.878871917724609,7.031529903411865,7.3102707862854,7.255313396453857,7.606866359710693,7.5563201904296875,7.663142204284668,7.574869155883789,7.386285305023193,7.098111152648926,5.344827175140381,5.568087100982666,5.709840774536133,6.025162220001221,6.2968645095825195,6.6511688232421875,6.895039081573486,7.237725257873535,7.540323734283447,7.753206729888916,8.048900604248047,8.37783145904541,8.659724235534668,8.90268611907959,9.166102409362793
A4,1.038360357284546,0.7010871171951294,0.37146317958831787,0.0,0.3681448698043823,0.636242687702179,0.9331170320510864,1.2559688091278076,1.5436712503433228,1.74447500705719,2.085965633392334,2.2353675365448,2.558035373687744,2.7445485591888428,2.7775299549102783,2.404616355895996,2.327615737915039,2.1527488231658936,2.3772735595703125,2.2883472442626953,2.4660046100616455,2.8192760944366455,3.0712006092071533,3.3616786003112793,3.694732904434204,3.964383125305176,4.194443702697754,4.1629228591918945,4.275389671325684,4.062817096710205,4.023287773132324,3.982555389404297,4.082254886627197,3.8773868083953857,4.1900634765625,4.092717170715332,4.385900974273682,4.369470596313477,4.515019416809082,4.8638014793396,4.925968170166016,5.220478057861328,5.33778715133667,5.441896915435791,5.371775150299072,5.358561038970947,5.608820915222168,5.607943534851074,5.967709064483643,6.149832248687744,6.521864891052246,6.6720290184021,6.947494983673096,6.888859272003174,7.239211082458496,7.1864013671875,7.292662143707275,7.203832626342773,7.015302658081055,6.727525234222412,4.997594356536865,5.225709438323975,5.376190662384033,5.695047378540039,5.971259117126465,6.323640823364258,6.571212291717529,6.912651538848877,7.21105432510376,7.427044868469238,7.718026638031006,8.044041633605957,8.325006484985352,8.565617561340332,8.825194358825684
A5,1.350464940071106,0.9970653057098389,0.6382036805152893,0.3681448698043823,0.0,0.3754986524581909,0.5846160650253296,0.9382377862930298,1.1929600238800049,1.4029145240783691,1.7321388721466064,1.8897918462753296,2.222177505493164,2.4300031661987305,2.495521068572998,2.338216543197632,2.2492804527282715,2.0439112186431885,2.227656126022339,2.158257007598877,2.3006510734558105,2.6684701442718506,2.8950657844543457,3.179274320602417,3.520073413848877,3.7731122970581055,4.022019386291504,4.01050329208374,4.1184163093566895,3.922405242919922,3.8668062686920166,3.8403637409210205,3.914994716644287,3.714193105697632,4.023654460906982,3.9280037879943848,4.234849452972412,4.240108966827393,4.413608551025391,4.769924640655518,4.860548973083496,5.159129619598389,5.2890753746032715,5.393385887145996,5.333219051361084,5.160452365875244,5.39439582824707,5.373786926269531,5.726753234863281,5.898723125457764,6.273519515991211,6.424452304840088,6.711096286773682,6.665754318237305,7.021355628967285,6.98506498336792,7.096551895141602,7.021695613861084,6.847655773162842,6.571583271026611,4.7777323722839355,4.988985538482666,5.140469551086426,5.448050498962402,5.730880260467529,6.0853590965271,6.320512771606445,6.668089389801025,6.964004993438721,7.167973041534424,7.456902503967285,7.788566589355469,8.064092636108398,8.300517082214355,8.560944557189941
A6,1.653765320777893,1.3179988861083984,0.9680629968643188,0.636242687702179,0.3754986524581909,0.0,0.37428075075149536,0.6266237497329712,0.9487015008926392,1.1657018661499023,1.516807198524475,1.7150498628616333,2.0298585891723633,2.2356841564178467,2.3024256229400635,2.0012147426605225,1.9009385108947754,1.6858978271484375,1.8627644777297974,1.8158515691757202,1.9676744937896729,2.337165594100952,2.5731914043426514,2.8404412269592285,3.191594123840332,3.432605028152466,3.675462484359741,3.6567916870117188,3.7543318271636963,3.5559194087982178,3.5664665699005127,3.565112352371216,3.6493353843688965,3.474518060684204,3.7995996475219727,3.7333641052246094,4.054788112640381,4.089236259460449,4.271247386932373,4.625034332275391,4.723054885864258,5.0091986656188965,5.126577377319336,5.210590362548828,5.136544704437256,4.856647491455078,5.087632179260254,5.067500591278076,5.416989803314209,5.581617832183838,5.954243183135986,6.095078945159912,6.378673076629639,6.325935363769531,6.678563594818115,6.640088081359863,6.744606971740723,6.666993618011475,6.492420673370361,6.217430114746094,4.405515193939209,4.620694637298584,4.773435592651367,5.08485221862793,5.3675031661987305,5.720866680145264,5.960472583770752,6.305994510650635,6.601278305053711,6.8098859786987305,7.09847354888916,7.427591323852539,7.705105304718018,7.943295001983643,8.203640937805176
A7,1.9273059368133545,1.5768648386001587,1.2182775735855103,0.9331170320510864,0.5846160650253296,0.37428075075149536,0.0,0.3852214217185974,0.611393392086029,0.8415002822875977,1.1702160835266113,1.3734638690948486,1.704552173614502,1.9399508237838745,2.051610231399536,2.1088595390319824,2.0058462619781494,1.7680885791778564,1.885305404663086,1.8675111532211304,1.9650005102157593,2.342714786529541,2.538254737854004,2.793863296508789,3.149219274520874,3.3665688037872314,3.632124662399292,3.639410972595215,3.729965925216675,3.553551435470581,3.500128984451294,3.5076050758361816,3.5556716918945312,3.3791098594665527,3.6915476322174072,3.618818998336792,3.9493918418884277,4.00092077255249,4.212037563323975,4.572387218475342,4.700832843780518,4.99351692199707,5.129052639007568,5.219606876373291,5.162738800048828,4.729650974273682,4.940680027008057,4.896269798278809,5.237809181213379,5.392741680145264,5.768775463104248,5.914510250091553,6.21211051940918,6.178581237792969,6.5380730628967285,6.520421504974365,6.634361743927002,6.575200080871582,6.419039249420166,6.158764839172363,4.289759159088135,4.481616020202637,4.637025356292725,4.932066917419434,5.223758220672607,5.578841686248779,5.801133155822754,6.154323101043701,6.445130825042725,6.637077331542969,6.921631813049316,7.257786273956299,7.527101993560791,7.758444786071777,8.018622398376465
A8,2.264819383621216,1.9237737655639648,1.5677939653396606,1.2559688091278076,0.9382377862930298,0.6266237497329712,0.3852214217185974,0.0,0.38106387853622437,0.6150532364845276,0.9517820477485657,1.2142001390457153,1.5118975639343262,1.7483404874801636,1.8732155561447144,1.8596771955490112,1.7442693710327148,1.4935295581817627,1.5718551874160767,1.5958913564682007,1.681253433227539,2.0556342601776123,2.2461767196655273,2.474264621734619,2.8404667377471924,3.0352625846862793,3.2989633083343506,3.305342435836792,3.3816635608673096,3.2098212242126465,3.22147798538208,3.260842800140381,3.3104360103607178,3.165348529815674,3.4896349906921387,3.449340581893921,3.7949490547180176,3.8813676834106445,4.1054911613464355,4.4614033699035645,4.6025166511535645,4.881411552429199,5.006486415863037,5.076557159423828,5.008871555328369,4.425829887390137,4.628029823303223,4.578224182128906,4.913284778594971,5.0571184158325195,5.431245803833008,5.566408157348633,5.863766670227051,5.826314449310303,6.183869361877441,6.168577671051025,6.276668071746826,6.218632698059082,6.0662007331848145,5.810805320739746,3.906503915786743,4.096660137176514,4.253958702087402,4.54931640625,4.842990875244141,5.197351455688477,5.420557498931885,5.773340702056885,6.0626220703125,6.255981922149658,6.539523601531982,6.874597549438477,7.144467353820801,7.376471996307373,7.636767387390137
A9,2.5248377323150635,2.176241636276245,1.8194047212600708,1.5436712503433228,1.1929600238800049,0.9487015008926392,0.611393392086029,0.38106387853622437,0.0,0.3791540265083313,0.622394323348999,0.9222394824028015,1.2390934228897095,1.5251110792160034,1.7199424505233765,2.109321355819702,1.9915974140167236,1.7289263010025024,1.736936092376709,1.7772588729858398,1.7923401594161987,2.1577582359313965,2.29146671295166,2.505598306655884,2.8641741275787354,3.0326194763183594,3.320648193359375,3.360220432281494,3.433593273162842,3.292687177658081,3.265322208404541,3.3150293827056885,3.323621988296509,3.1794321537017822,3.4843194484710693,3.436885118484497,3.787999153137207,3.8912153244018555,4.14384126663208,4.503424167633057,4.67459774017334,4.958760738372803,5.1020989418029785,5.179262161254883,5.129795551300049,4.385306358337402,4.561923027038574,4.482804298400879,4.805531978607178,4.93520975112915,5.311656951904297,5.450414657592773,5.763473033905029,5.747973442077637,6.111678123474121,6.120471000671387,6.237268924713135,6.199726581573486,6.0683274269104,5.830566883087158,3.859882354736328,4.019344806671143,4.174724578857422,4.448032379150391,4.748617172241211,5.1038641929626465,5.305336952209473,5.665811538696289,5.9506611824035645,6.123938083648682,6.404090881347656,6.747125625610352,7.00789213180542,7.233054161071777,7.494332790374756
A10,2.75167179107666,2.3940460681915283,2.035911798477173,1.74447500705719,1.4029145240783691,1.1657018661499023,0.8415002822875977,0.6150532364845276,0.3791540265083313,0.0,0.38003993034362793,0.6070714592933655,0.8985545039176941,1.1576941013336182,1.340813159942627,2.0967671871185303,2.0332510471343994,1.820902943611145,1.8418221473693848,1.9559179544448853,1.9925382137298584,2.3428092002868652,2.4811697006225586,2.6487886905670166,3.01991605758667,3.148524522781372,3.4240894317626953,3.44791841506958,3.480013132095337,3.3259449005126953,2.9918253421783447,3.0253758430480957,3.0071661472320557,2.8498477935791016,3.140855073928833,3.0838961601257324,3.4347727298736572,3.543386697769165,3.808159828186035,4.168365478515625,4.3548150062561035,4.641311168670654,4.796163082122803,4.880660057067871,4.847002029418945,4.084268093109131,4.2600932121276855,4.179133415222168,4.507086277008057,4.649801254272461,5.028850555419922,5.184610843658447,5.499828815460205,5.496834754943848,5.866081237792969,5.880701541900635,6.014780044555664,5.9887590408325195,5.866139888763428,5.633789539337158,3.769395589828491,3.9257004261016846,4.108964920043945,4.3769402503967285,4.694392681121826,5.043563365936279,5.239888668060303,5.601334571838379,5.8708953857421875,6.037536144256592,6.300726890563965,6.641353130340576,6.891343116760254,7.1023335456848145,7.351077079772949
A11,3.069925546646118,2.7113418579101562,2.355536460876465,2.085965633392334,1.7321388721466064,1.516807198524475,1.1702160835266113,0.9517820477485657,0.622394323348999,0.38003993034362793,0.0,0.37524446845054626,0.6506983637809753,0.9800605773925781,1.2604050636291504,2.3533973693847656,2.283113956451416,2.0630617141723633,2.0240824222564697,2.148465871810913,2.128552198410034,2.4581363201141357,2.544217586517334,2.6890201568603516,3.0460970401763916,3.1431150436401367,3.435070276260376,3.4883339405059814,3.5144999027252197,3.392209053039551,3.0466878414154053,3.0974631309509277,3.0389554500579834,2.893758535385132,3.1613237857818604,3.1058812141418457,3.4595468044281006,3.5914697647094727,3.883288860321045,4.241297245025635,4.45711088180542,4.742534637451172,4.910713195800781,4.996540546417236,4.97756814956665,4.03046178817749,4.175938606262207,4.063533306121826,4.374521255493164,4.498960494995117,4.877952575683594,5.034456729888916,5.364337921142578,5.3829874992370605,5.756282329559326,5.795560836791992,5.936370372772217,5.930975914001465,5.830426216125488,5.617645740509033,3.6966779232025146,3.819718599319458,4.0001397132873535,4.24324893951416,4.565838813781738,4.913039684295654,5.086519718170166,5.453525066375732,5.716719150543213,5.8627848625183105,6.121005058288574,6.4680914878845215,6.708178520202637,6.911677360534668,7.160608768463135
A12,3.20715069770813,2.8434295654296875,2.494452714920044,2.2353675365448,1.8897918462753296,1.7150498628616333,1.3734638690948486,1.2142001390457153,0.9222394824028015,0.6070714592933655,0.37524446845054626,0.0,0.36705127358436584,0.6910949349403381,0.9870647192001343,2.547805070877075,2.5214579105377197,2.338637590408325,2.3270466327667236,2.479611873626709,2.4805049896240234,2.8061366081237793,2.898325204849243,3.0243937969207764,3.384413480758667,3.461425304412842,3.744988203048706,3.788473129272461,3.7889420986175537,3.6565566062927246,2.9970014095306396,3.0126559734344482,2.91630482673645,2.7385692596435547,2.973828077316284,2.8842456340789795,3.2260899543762207,3.34529709815979,3.648838520050049,4.009314060211182,4.240841865539551,4.537094593048096,4.7274322509765625,4.8343353271484375,4.842189788818359,3.9378440380096436,4.080938816070557,3.9640955924987793,4.2792744636535645,4.4203782081604,4.801114559173584,4.981802940368652,5.315479278564453,5.353926658630371,5.733187198638916,5.7816314697265625,5.944124221801758,5.9533772468566895,5.863631725311279,5.657527923583984,3.8616788387298584,3.9770870208740234,4.179530143737793,4.411829948425293,4.7468342781066895,5.08631706237793,5.249683856964111,5.616689682006836,5.864163875579834,5.998700141906738,6.239367485046387,6.584561824798584,6.81116247177124,6.998391151428223,7.234294414520264
A13,3.5427792072296143,3.1787896156311035,2.829911947250366,2.558035373687744,2.222177505493164,2.0298585891723633,1.704552173614502,1.5118975639343262,1.2390934228897095,0.8985545039176941,0.6506983637809753,0.36705127358436584,0.0,0.36734768748283386,0.7334338426589966,2.6140027046203613,2.6157965660095215,2.4656288623809814,2.4395194053649902,2.636118173599243,2.6358463764190674,2.9365077018737793,3.0187771320343018,3.100996255874634,3.4592740535736084,3.496267795562744,3.7668328285217285,3.8038337230682373,3.7706916332244873,3.6404612064361572,2.784088373184204,2.803483247756958,2.6724019050598145,2.504753351211548,2.718332290649414,2.6369175910949707,2.9800126552581787,3.1252498626708984,3.447577714920044,3.800553798675537,4.054290771484375,4.3423686027526855,4.538171768188477,4.641205787658691,4.660081386566162,3.639411449432373,3.7679061889648438,3.638810873031616,3.9491257667541504,4.091363906860352,4.471734523773193,4.661977767944336,4.999427318572998,5.051713943481445,5.433759689331055,5.493371963500977,5.6679887771606445,5.691420555114746,5.615602016448975,5.421596527099609,3.7052805423736572,3.8075897693634033,4.028816223144531,4.248140335083008,4.593690395355225,4.923855781555176,5.077427387237549,5.442764759063721,5.674674987792969,5.799767017364502,6.0243754386901855,6.366541862487793,6.5820465087890625,6.756331920623779,6.981657981872559
A14,3.7343080043792725,3.371645212173462,3.0279953479766846,2.7445485591888428,2.4300031661987305,2.2356841564178467,1.9399508237838745,1.7483404874801636,1.5251110792160034,1.1576941013336182,0.9800605773925781,0.6910949349403381,0.36734768748283386,0.0,0.39844489097595215,2.634153127670288,2.68227481842041,2.5806291103363037,2.579197883605957,2.814906358718872,2.84527325630188,3.132906675338745,3.23378324508667,3.285752534866333,3.650043249130249,3.6638617515563965,3.9111227989196777,3.9228971004486084,3.8546249866485596,3.7052788734436035,2.5351850986480713,2.528728485107422,2.3695051670074463,2.186054229736328,2.3776535987854004,2.285806894302368,2.6249587535858154,2.7761309146881104,3.1067519187927246,3.456054210662842,3.721081495285034,4.007275581359863,4.210474491119385,4.318638324737549,4.351472854614258,3.3589675426483154,3.493889808654785,3.3738129138946533,3.693727493286133,3.8581278324127197,4.238404750823975,4.447873592376709,4.779696941375732,4.838742733001709,5.222855091094971,5.2801666259765625,5.471094608306885,5.500503063201904,5.428030967712402,5.235757350921631,3.688021659851074,3.796172857284546,4.043880462646484,4.262386798858643,4.61777925491333,4.936896800994873,5.091961860656738,5.451325416564941,5.666581630706787,5.79168701171875,5.997536659240723,6.331279754638672,6.5373921394348145,6.697951316833496,6.907811164855957
A15,3.763493061065674,3.406769037246704,3.072993040084839,2.7775299549102783,2.495521068572998,2.3024256229400635,2.051610231399536,1.8732155561447144,1.7199424505233765,1.340813159942627,1.2604050636291504,0.9870647192001343,0.7334338426589966,0.39844489097595215,0.0,2.5441975593566895,2.643444061279297,2.5950279235839844,2.6410818099975586,2.905493974685669,2.983830213546753,3.26723313331604,3.4048335552215576,3.442384958267212,3.817577362060547,3.827660322189331,4.047935485839844,4.024047374725342,3.9287943840026855,3.7467129230499268,2.269327163696289,2.218141555786133,2.055243968963623,1.83677077293396,2.024888038635254,1.9146350622177124,2.252626419067383,2.3919544219970703,2.7157435417175293,3.0676541328430176,3.326479196548462,3.6151134967803955,3.819718837738037,3.93467116355896,3.973811388015747,3.1446268558502197,3.3089754581451416,3.2219550609588623,3.5627143383026123,3.7609148025512695,4.139544486999512,4.36572265625,4.681236267089844,4.731844425201416,5.114485740661621,5.153198719024658,5.354982376098633,5.37666654586792,5.293223857879639,5.090129852294922,3.7343597412109375,3.866971254348755,4.137983798980713,4.369997024536133,4.72998571395874,5.040661334991455,5.21016788482666,5.5608601570129395,5.765630722045898,5.902814865112305,6.095580101013184,6.4178466796875,6.621633052825928,6.774754047393799,6.970887184143066
B1,3.254666805267334,3.019832134246826,2.7590320110321045,2.404616355895996,2.338216543197632,2.0012147426605225,2.1088595390319824,1.8596771955490112,2.109321355819702,2.0967671871185303,2.3533973693847656,2.547805070877075,2.6140027046203613,2.634153127670288,2.5441975593566895,0.0,0.35117480158805847,0.6962499022483826,0.9959465861320496,1.2687182426452637,1.6120047569274902,1.7495979070663452,2.1019833087921143,2.1200103759765625,2.472407579421997,2.5897316932678223,2.6459219455718994,2.4412572383880615,2.380439519882202,2.049133062362671,2.2342610359191895,2.355461359024048,2.60567569732666,2.625028371810913,3.0167856216430664,3.1485543251037598,3.467878818511963,3.609175443649292,3.73083233833313,4.005903720855713,4.0532073974609375,4.22142219543457,4.209329128265381,4.153017044067383,3.960932493209839,3.571796417236328,3.843193531036377,3.918419122695923,4.258527755737305,4.423328399658203,4.752590656280518,4.833442211151123,5.037878513336182,4.890240669250488,5.196349143981934,5.077037334442139,5.128973960876465,4.985235691070557,4.754846572875977,4.443444728851318,3.011533498764038,3.327932834625244,3.519932508468628,3.8892126083374023,4.151904582977295,4.4644083976745605,4.7744646072387695,5.068689823150635,5.3393378257751465,5.615731716156006,5.878785133361816,6.1558003425598145,6.448154926300049,6.690764427185059,6.924814701080322
B2,3.168691873550415,2.937253713607788,2.6733691692352295,2.327615737915039,2.2492804527282715,1.9009385108947754,2.0058462619781494,1.7442693710327148,1.9915974140167236,2.0332510471343994,2.283113956451416,2.5214579105377197,2.6157965660095215,2.68227481842041,2.643444061279297,0.35117480158805847,0.0,0.3758116066455841,0.6817988157272339,0.9241397380828857,1.2761340141296387,1.4137336015701294,1.7755569219589233,1.8215463161468506,2.173131227493286,2.3218860626220703,2.397376775741577,2.215864896774292,2.2030959129333496,1.8976012468338013,2.4983251094818115,2.644052505493164,2.8746511936187744,2.8983089923858643,3.2897822856903076,3.4178693294525146,3.749018430709839,3.8982388973236084,4.036888122558594,4.3202314376831055,4.3799896240234375,4.55450439453125,4.549488067626953,4.49491548538208,4.305115699768066,3.7891933917999268,4.040189266204834,4.09236478805542,4.420013427734375,4.561188697814941,4.891835689544678,4.957289218902588,5.1719651222229,5.026152610778809,5.331531524658203,5.223699569702148,5.262027740478516,5.120388031005859,4.896195888519287,4.592999458312988,2.9637038707733154,3.2688472270965576,3.4303505420684814,3.7983367443084717,4.048907279968262,4.371155261993408,4.678497791290283,4.977391719818115,5.263586521148682,5.53861141204834,5.818851947784424,6.103564739227295,6.403745174407959,6.658548831939697,6.907004356384277
B3,3.009181499481201,2.7677927017211914,2.4907965660095215,2.1527488231658936,2.0439112186431885,1.6858978271484375,1.7680885791778564,1.4935295581817627,1.7289263010025024,1.820902943611145,2.0630617141723633,2.338637590408325,2.4656288623809814,2.5806291103363037,2.5950279235839844,0.6962499022483826,0.3758116066455841,0.0,0.39428868889808655,0.5922170281410217,0.9428324699401855,1.142760157585144,1.4996747970581055,1.6036299467086792,1.9683036804199219,2.152038097381592,2.2784953117370605,2.150174617767334,2.19089674949646,1.9336994886398315,2.726879835128784,2.8779823780059814,3.0735418796539307,3.0813467502593994,3.4685134887695312,3.577308416366577,3.92169451713562,4.0728936195373535,4.235804080963135,4.534953594207764,4.615414142608643,4.807348728179932,4.823542594909668,4.784789562225342,4.611606121063232,3.981606960296631,4.211956977844238,4.233678340911865,4.554098606109619,4.678263187408447,5.016571521759033,5.079894065856934,5.313961982727051,5.184314250946045,5.497126579284668,5.411074638366699,5.449697017669678,5.3221564292907715,5.113522052764893,4.82373046875,3.0040595531463623,3.283116579055786,3.421938896179199,3.7788352966308594,4.027858734130859,4.3629865646362305,4.656255722045898,4.9672369956970215,5.26569938659668,5.528161525726318,5.821885108947754,6.119859218597412,6.421752452850342,6.682547092437744,6.943513870239258
B4,3.243591547012329,2.994429111480713,2.705373764038086,2.3772735595703125,2.227656126022339,1.8627644777297974,1.885305404663086,1.5718551874160767,1.736936092376709,1.8418221473693848,2.0240824222564697,2.3270466327667236,2.4395194053649902,2.579197883605957,2.6410818099975586,0.9959465861320496,0.6817988157272339,0.39428868889808655,0.0,0.39123374223709106,0.6362664699554443,0.8124538064002991,1.1413295269012451,1.2281843423843384,1.6050080060958862,1.7805501222610474,1.9338338375091553,1.842165231704712,1.9062416553497314,1.6949517726898193,2.8085665702819824,2.9997758865356445,3.1714682579040527,3.2065155506134033,3.587733507156372,3.712368965148926,4.06782341003418,4.24716329574585,4.433928489685059,4.733066082000732,4.837510585784912,5.025468826293945,5.046272277832031,4.999277114868164,4.829049587249756,3.9707205295562744,4.171622276306152,4.166494369506836,4.466672897338867,4.561216354370117,4.896625995635986,4.941669464111328,5.185583114624023,5.061286449432373,5.372791290283203,5.304328441619873,5.332332611083984,5.214568614959717,5.0210089683532715,4.747611999511719,2.7442233562469482,3.002802848815918,3.118500232696533,3.4671270847320557,3.710106611251831,4.051762104034424,4.336386680603027,4.652652263641357,4.9594831466674805,5.215135097503662,5.519009590148926,5.824012756347656,6.128509998321533,6.395831108093262,6.66705322265625
B5,3.0829148292541504,2.8563132286071777,2.586441993713379,2.2883472442626953,2.158257007598877,1.8158515691757202,1.8675111532211304,1.5958913564682007,1.7772588729858398,1.9559179544448853,2.148465871810913,2.479611873626709,2.636118173599243,2.814906358718872,2.905493974685669,1.2687182426452637,0.9241397380828857,0.5922170281410217,0.39123374223709106,0.0,0.38667330145835876,0.6136825084686279,0.9707611203193665,1.1656255722045898,1.5087460279464722,1.7600634098052979,1.9338423013687134,1.877184510231018,2.0159823894500732,1.8438712358474731,3.1963682174682617,3.380034923553467,3.5521223545074463,3.5741443634033203,3.955164909362793,4.065474033355713,4.420957088470459,4.5871429443359375,4.771440029144287,5.076563358306885,5.17445182800293,5.369691848754883,5.392070293426514,5.350740432739258,5.178317546844482,4.3595805168151855,4.556217193603516,4.5447916984558105,4.839510440826416,4.924131393432617,5.257994651794434,5.294557094573975,5.540369510650635,5.414338111877441,5.721347808837891,5.6541876792907715,5.670749187469482,5.54844331741333,5.352810382843018,5.0803117752075195,2.9983572959899902,3.2440736293792725,3.323843240737915,3.6652822494506836,3.885997772216797,4.2301201820373535,4.5113654136657715,4.825015068054199,5.145162105560303,5.400608062744141,5.7196478843688965,6.027153015136719,6.338632106781006,6.617176055908203,6.899850845336914
B6,3.2542529106140137,3.0221123695373535,2.745307683944702,2.4660046100616455,2.3006510734558105,1.9676744937896729,1.9650005102157593,1.681253433227539,1.7923401594161987,1.9925382137298584,2.128552198410034,2.4805049896240234,2.6358463764190674,2.84527325630188,2.983830213546753,1.6120047569274902,1.2761340141296387,0.9428324699401855,0.6362664699554443,0.38667330145835876,0.0,0.3783031702041626,0.6411094069480896,0.9008141160011292,1.2378191947937012,1.5076258182525635,1.7362374067306519,1.751740574836731,1.9351201057434082,1.8350610733032227,3.385509729385376,3.589833974838257,3.7348718643188477,3.7663393020629883,4.138528823852539,4.250312328338623,4.614029884338379,4.796623229980469,5.002701282501221,5.3120341300964355,5.431513786315918,5.630040168762207,5.662957191467285,5.622708797454834,5.458792209625244,4.469618320465088,4.63868522644043,4.598903179168701,4.875174522399902,4.933628559112549,5.2657341957092285,5.289940357208252,5.5483269691467285,5.434076309204102,5.74126672744751,5.695200443267822,5.705860614776611,5.597112655639648,5.419294357299805,5.164813041687012,2.920315980911255,3.1318483352661133,3.181549072265625,3.503722906112671,3.7152280807495117,4.065367698669434,4.329339981079102,4.6494245529174805,4.978238582611084,5.22008752822876,5.550093650817871,5.866762161254883,6.178530693054199,6.462425708770752,6.7562479972839355
B7,3.5742745399475098,3.358304738998413,3.093712329864502,2.8192760944366455,2.6684701442718506,2.337165594100952,2.342714786529541,2.0556342601776123,2.1577582359313965,2.3428092002868652,2.4581363201141357,2.8061366081237793,2.9365077018737793,3.132906675338745,3.26723313331604,1.7495979070663452,1.4137336015701294,1.142760157585144,0.8124538064002991,0.6136825084686279,0.3783031702041626,0.0,0.38928133249282837,0.6016340851783752,0.9069409370422363,1.1972328424453735,1.3960435390472412,1.4092276096343994,1.6287767887115479,1.560752511024475,3.4787275791168213,3.7124903202056885,3.87214732170105,3.9385690689086914,4.3117876052856445,4.451397895812988,4.813136100769043,5.01282262802124,5.213959217071533,5.510674476623535,5.626062393188477,5.80625057220459,5.820626735687256,5.7578229904174805,5.576432704925537,4.506726264953613,4.665168285369873,4.628847122192383,4.887246131896973,4.925748348236084,5.243076324462891,5.24112606048584,5.486449718475342,5.3549017906188965,5.646406650543213,5.593120098114014,5.580225944519043,5.460261344909668,5.278289318084717,5.027273654937744,2.737415075302124,2.9511520862579346,2.9699437618255615,3.294837474822998,3.479924201965332,3.823434591293335,4.097174644470215,4.404358863830566,4.739786148071289,4.99359655380249,5.331748962402344,5.640498638153076,5.960698127746582,6.25521993637085,6.5545430183410645
B8,3.8201873302459717,3.6002821922302246,3.3313591480255127,3.0712006092071533,2.8950657844543457,2.5731914043426514,2.538254737854004,2.2461767196655273,2.29146671295166,2.4811697006225586,2.544217586517334,2.898325204849243,3.0187771320343018,3.23378324508667,3.4048335552215576,2.1019833087921143,1.7755569219589233,1.4996747970581055,1.1413295269012451,0.9707611203193665,0.6411094069480896,0.38928133249282837,0.0,0.389399915933609,0.6310469508171082,0.9443284273147583,1.213036298751831,1.3275295495986938,1.5922478437423706,1.6168807744979858,3.6847245693206787,3.9366047382354736,4.072389602661133,4.150060653686523,4.512901782989502,4.656196117401123,5.02294397354126,5.238468170166016,5.457672119140625,5.75565242767334,5.889866828918457,6.070507049560547,6.092604160308838,6.0287604331970215,5.854261875152588,4.6252288818359375,4.755274772644043,4.692852973937988,4.929381370544434,4.9400224685668945,5.251448154449463,5.234391212463379,5.488887310028076,5.367982387542725,5.656200885772705,5.623449325561523,5.602741718292236,5.496211528778076,5.333033561706543,5.102156162261963,2.67331600189209,2.845747470855713,2.8271446228027344,3.126375198364258,3.295830488204956,3.6418848037719727,3.8959290981292725,4.206576824188232,4.5499267578125,4.7894110679626465,5.138308048248291,5.454413890838623,5.774520397186279,6.074545860290527,6.384756565093994
B9,4.1467437744140625,3.918614387512207,3.6407668590545654,3.3616786003112793,3.179274320602417,2.8404412269592285,2.793863296508789,2.474264621734619,2.505598306655884,2.6487886905670166,2.6890201568603516,3.0243937969207764,3.100996255874634,3.285752534866333,3.442384958267212,2.1200103759765625,1.8215463161468506,1.6036299467086792,1.2281843423843384,1.1656255722045898,0.9008141160011292,0.6016340851783752,0.389399915933609,0.0,0.3967967629432678,0.6071038842201233,0.8625190258026123,0.9764901995658875,1.2241991758346558,1.2846611738204956,3.528571367263794,3.808025598526001,3.945972204208374,4.058524131774902,4.415796756744385,4.587067604064941,4.950479030609131,5.187882423400879,5.407439708709717,5.691270351409912,5.829840183258057,5.992187023162842,6.001884460449219,5.9188456535339355,5.736150741577148,4.3922271728515625,4.5088911056518555,4.447093486785889,4.667286396026611,4.662658214569092,4.96176290512085,4.926941394805908,5.171914577484131,5.041452884674072,5.319979190826416,5.285665988922119,5.25337028503418,5.144893646240234,4.984841823577881,4.761351108551025,2.3052656650543213,2.4799907207489014,2.4539570808410645,2.7601656913757324,2.925417184829712,3.2689690589904785,3.532731294631958,3.8389365673065186,4.1807146072387695,4.428911209106445,4.775806427001953,5.086788654327393,5.4092841148376465,5.710694789886475,6.019059658050537
B10,4.437376022338867,4.224411487579346,3.958656072616577,3.694732904434204,3.520073413848877,3.191594123840332,3.149219274520874,2.8404667377471924,2.8641741275787354,3.01991605758667,3.0460970401763916,3.384413480758667,3.4592740535736084,3.650043249130249,3.817577362060547,2.472407579421997,2.173131227493286,1.9683036804199219,1.6050080060958862,1.5087460279464722,1.2378191947937012,0.9069409370422363,0.6310469508171082,0.3967967629432678,0.0,0.3902764320373535,0.6378204822540283,0.8563130497932434,1.1868749856948853,1.345766544342041,3.849350690841675,4.143661975860596,4.2840118408203125,4.413667678833008,4.767077922821045,4.9497480392456055,5.311470031738281,5.557400703430176,5.776724815368652,6.054476261138916,6.19266939163208,6.345937728881836,6.346724033355713,6.251651287078857,6.059944152832031,4.648275375366211,4.747826099395752,4.680262565612793,4.877690315246582,4.847999095916748,5.130509376525879,5.069636344909668,5.305515289306641,5.166386127471924,5.427468776702881,5.395039081573486,5.338806629180908,5.2257490158081055,5.069774627685547,4.858484268188477,2.352954149246216,2.500412702560425,2.4163551330566406,2.7005300521850586,2.819383144378662,3.1510379314422607,3.4097535610198975,3.69956636428833,4.051716327667236,4.302177906036377,4.662901878356934,4.967877388000488,5.2977166175842285,5.612290382385254,5.931469440460205
B11,4.750237464904785,4.522722244262695,4.24342679977417,3.964383125305176,3.7731122970581055,3.432605028152466,3.3665688037872314,3.0352625846862793,3.0326194763183594,3.148524522781372,3.1431150436401367,3.461425304412842,3.496267795562744,3.6638617515563965,3.827660322189331,2.5897316932678223,2.3218860626220703,2.152038097381592,1.7805501222610474,1.7600634098052979,1.5076258182525635,1.1972328424453735,0.9443284273147583,0.6071038842201233,0.3902764320373535,0.0,0.3769418001174927,0.6842126250267029,0.9606067538261414,1.198575735092163,3.7415432929992676,4.058065414428711,4.18611478805542,4.343547821044922,4.68400764465332,4.8866987228393555,5.244635581970215,5.511656284332275,5.737850189208984,6.003968715667725,6.153919219970703,6.293684005737305,6.290499210357666,6.183079719543457,5.992175579071045,4.436000823974609,4.512908458709717,4.435457229614258,4.611025333404541,4.560522556304932,4.830436706542969,4.753076553344727,4.985428333282471,4.846485137939453,5.100100517272949,5.076897144317627,5.013527870178223,4.908434867858887,4.7659125328063965,4.570842266082764,2.009878396987915,2.1361751556396484,2.0348126888275146,2.3131349086761475,2.429314613342285,2.762054920196533,3.0206832885742188,3.3124184608459473,3.6635241508483887,3.9140536785125732,4.273502826690674,4.578837871551514,4.9081645011901855,5.222204685211182,5.541193962097168
B12,4.9698333740234375,4.752193927764893,4.480405330657959,4.194443702697754,4.022019386291504,3.675462484359741,3.632124662399292,3.2989633083343506,3.320648193359375,3.4240894317626953,3.435070276260376,3.744988203048706,3.7668328285217285,3.9111227989196777,4.047935485839844,2.6459219455718994,2.397376775741577,2.2784953117370605,1.9338338375091553,1.9338423013687134,1.7362374067306519,1.3960435390472412,1.213036298751831,0.8625190258026123,0.6378204822540283,0.3769418001174927,0.0,0.3754276633262634,0.6849533319473267,0.9821067452430725,3.752702474594116,4.082176685333252,4.232910633087158,4.415768623352051,4.756598949432373,4.981500625610352,5.33048677444458,5.6033806800842285,5.813790321350098,6.064352989196777,6.200342178344727,6.3203864097595215,6.295406818389893,6.166855812072754,5.9577484130859375,4.414743423461914,4.494075775146484,4.437105178833008,4.6023030281066895,4.546821594238281,4.7987751960754395,4.701134204864502,4.908858299255371,4.7444658279418945,4.978208541870117,4.934498310089111,4.84822416305542,4.723238945007324,4.567193031311035,4.368273735046387,1.8911374807357788,2.042637825012207,1.9226610660552979,2.2156505584716797,2.2988927364349365,2.6119754314422607,2.8977463245391846,3.1637234687805176,3.513380289077759,3.789429187774658,4.147118091583252,4.433766841888428,4.771505355834961,5.092360496520996,5.40772819519043
B13,4.939804553985596,4.727441310882568,4.460631847381592,4.1629228591918945,4.01050329208374,3.6567916870117188,3.639410972595215,3.305342435836792,3.360220432281494,3.44791841506958,3.4883339405059814,3.788473129272461,3.8038337230682373,3.9228971004486084,4.024047374725342,2.4412572383880615,2.215864896774292,2.150174617767334,1.842165231704712,1.877184510231018,1.751740574836731,1.4092276096343994,1.3275295495986938,0.9764901995658875,0.8563130497932434,0.6842126250267029,0.3754276633262634,0.0,0.39204317331314087,0.6467129588127136,3.5527572631835938,3.8823790550231934,4.060155868530273,4.2544121742248535,4.600651264190674,4.838388919830322,5.178885459899902,5.447819709777832,5.639026165008545,5.878598213195801,5.996521472930908,6.103573322296143,6.061092376708984,5.919814109802246,5.696047306060791,4.249143123626709,4.34955358505249,4.322086334228516,4.498342990875244,4.461337566375732,4.709726333618164,4.613975524902344,4.8028764724731445,4.616794586181641,4.844639301300049,4.7738847732543945,4.682995319366455,4.536744594573975,4.357661724090576,4.138918399810791,1.8094192743301392,2.020569324493408,1.9394855499267578,2.267519950866699,2.3590691089630127,2.659409999847412,2.975188732147217,3.226647138595581,3.5640459060668945,3.8631560802459717,4.206512928009033,4.477695941925049,4.817347526550293,5.133990287780762,5.436257362365723
B14,5.091730117797852,4.867345333099365,4.590880870819092,4.275389671325684,4.1184163093566895,3.7543318271636963,3.729965925216675,3.3816635608673096,3.433593273162842,3.480013132095337,3.5144999027252197,3.7889420986175537,3.7706916332244873,3.8546249866485596,3.9287943840026855,2.380439519882202,2.2030959129333496,2.19089674949646,1.9062416553497314,2.0159823894500732,1.9351201057434082,1.6287767887115479,1.5922478437423706,1.2241991758346558,1.1868749856948853,0.9606067538261414,0.6849533319473267,0.39204317331314087,0.0,0.3871539235115051,3.2730250358581543,3.6163506507873535,3.79679536819458,4.016071319580078,4.352578639984131,4.610150337219238,4.941027641296387,5.221957683563232,5.407811641693115,5.632256984710693,5.750458240509033,5.841408729553223,5.789261817932129,5.6347126960754395,5.407545566558838,3.910207748413086,4.008384704589844,3.9924967288970947,4.163026332855225,4.127533435821533,4.367576599121094,4.267493724822998,4.44459342956543,4.248297691345215,4.472509860992432,4.392860412597656,4.301837921142578,4.151613712310791,3.969085454940796,3.7480247020721436,1.481235384941101,1.7301018238067627,1.6873682737350464,2.040679454803467,2.1534583568573,2.4468331336975098,2.781358242034912,3.0296671390533447,3.3511784076690674,3.661660671234131,3.9873154163360596,4.2508745193481445,4.586831569671631,4.894021034240723,5.183243751525879
