0.000000000000000000e+00,3.809016346931457520e-01,6.933961510658264160e-01,1.033638238906860352e+00,1.321885943412780762e+00,1.661366343498229980e+00,1.906696915626525879e+00,2.232978582382202148e+00,2.462033271789550781e+00,2.816082715988159180e+00,3.056815624237060547e+00,3.406814575195312500e+00,3.746222972869873047e+00,3.958205223083496094e+00,4.070091247558593750e+00,2.649320840835571289e+00,2.342550277709960938e+00,2.326708316802978516e+00,1.976636767387390137e+00,1.857694625854492188e+00,1.671476006507873535e+00,1.843653917312622070e+00,1.769136071205139160e+00,2.101368904113769531e+00,2.165652275085449219e+00,2.476608514785766602e+00,2.575965881347656250e+00,2.866658210754394531e+00,3.217841863632202148e+00,3.560158014297485352e+00,3.503840208053588867e+00,3.662586927413940430e+00,3.673207998275756836e+00,3.985710382461547852e+00,4.083267688751220703e+00,4.329947948455810547e+00,4.226540088653564453e+00,4.521084308624267578e+00,4.319810867309570312e+00,4.597854137420654297e+00,4.448272705078125000e+00,4.641771793365478516e+00,4.792718410491943359e+00,4.682314872741699219e+00,4.899247169494628906e+00,4.271279811859130859e+00,4.263954639434814453e+00,4.352652549743652344e+00,4.701864719390869141e+00,4.828542232513427734e+00,5.159080505371093750e+00,5.085185527801513672e+00,5.434867382049560547e+00,5.344736099243164062e+00,5.603877544403076172e+00,5.561598300933837891e+00,5.643591880798339844e+00,5.778450489044189453e+00,5.663857936859130859e+00,5.743463039398193359e+00,4.893796920776367188e+00,4.949551105499267578e+00,5.061606884002685547e+00,5.439053535461425781e+00,5.580964565277099609e+00,5.919423580169677734e+00,5.907323837280273438e+00,6.266527652740478516e+00,6.252756118774414062e+00,6.471642971038818359e+00,6.504243373870849609e+00,6.570042610168457031e+00,6.651778697967529297e+00,6.556056976318359375e+00,6.511150836944580078e+00
3.809016346931457520e-01,0.000000000000000000e+00,3.749784231185913086e-01,6.743578910827636719e-01,9.989163279533386230e-01,1.328837394714355469e+00,1.606776595115661621e+00,1.931805729866027832e+00,2.193104505538940430e+00,2.535523653030395508e+00,2.802160501480102539e+00,3.135565280914306641e+00,3.483207702636718750e+00,3.719525098800659180e+00,3.853363275527954102e+00,2.748923778533935547e+00,2.473479747772216797e+00,2.494672298431396484e+00,2.162307739257812500e+00,2.020112514495849609e+00,1.778873920440673828e+00,1.876314282417297363e+00,1.724970817565917969e+00,2.025031328201293945e+00,2.032992839813232422e+00,2.319319248199462891e+00,2.378774881362915039e+00,2.660104751586914062e+00,3.017433166503906250e+00,3.372706413269042969e+00,3.614252567291259766e+00,3.806001901626586914e+00,3.836297750473022461e+00,4.160025119781494141e+00,4.253134727478027344e+00,4.478411674499511719e+00,4.348617553710937500e+00,4.620717048645019531e+00,4.392621040344238281e+00,4.646870613098144531e+00,4.470656871795654297e+00,4.640950679779052734e+00,4.770301342010498047e+00,4.631052970886230469e+00,4.836225509643554688e+00,4.377888202667236328e+00,4.399674415588378906e+00,4.508373260498046875e+00,4.869810581207275391e+00,4.997393131256103516e+00,5.315330505371093750e+00,5.220510005950927734e+00,5.558548927307128906e+00,5.443358898162841797e+00,5.688646316528320312e+00,5.621524810791015625e+00,5.690104007720947266e+00,5.802421092987060547e+00,5.665335178375244141e+00,5.725805282592773438e+00,4.985333919525146484e+00,5.061355113983154297e+00,5.194541931152343750e+00,5.579948902130126953e+00,5.730541229248046875e+00,6.061263561248779297e+00,6.040368556976318359e+00,6.390305995941162109e+00,6.354942798614501953e+00,6.569440364837646484e+00,6.579767227172851562e+00,6.638203620910644531e+00,6.699071407318115234e+00,6.585045814514160156e+00,6.519767284393310547e+00
6.933961510658264160e-01,3.749784231185913086e-01,0.000000000000000000e+00,3.809761404991149902e-01,6.389919519424438477e-01,9.942797422409057617e-01,1.250146150588989258e+00,1.594675302505493164e+00,1.846487879753112793e+00,2.195724010467529297e+00,2.460867404937744141e+00,2.786485433578491211e+00,3.141652822494506836e+00,3.381174802780151367e+00,3.532987833023071289e+00,2.660449266433715820e+00,2.408200979232788086e+00,2.447390794754028320e+00,2.132118225097656250e+00,1.954545497894287109e+00,1.662964701652526855e+00,1.686807751655578613e+00,1.480393886566162109e+00,1.753906011581420898e+00,1.735857725143432617e+00,2.009575128555297852e+00,2.063608646392822266e+00,2.355635166168212891e+00,2.722320318222045898e+00,3.086456537246704102e+00,3.524262905120849609e+00,3.739888668060302734e+00,3.802257537841796875e+00,4.142848968505859375e+00,4.249723434448242188e+00,4.463591575622558594e+00,4.321581363677978516e+00,4.572236537933349609e+00,4.322008132934570312e+00,4.558303356170654297e+00,4.355585575103759766e+00,4.519123554229736328e+00,4.620338916778564453e+00,4.459237575531005859e+00,4.641948699951171875e+00,4.255089759826660156e+00,4.297580718994140625e+00,4.432656288146972656e+00,4.806023120880126953e+00,4.946023941040039062e+00,5.254440307617187500e+00,5.148647308349609375e+00,5.478042602539062500e+00,5.341029644012451172e+00,5.581825256347656250e+00,5.491993904113769531e+00,5.561577320098876953e+00,5.651132583618164062e+00,5.501939296722412109e+00,5.539118766784667969e+00,4.827129840850830078e+00,4.915129661560058594e+00,5.070831775665283203e+00,5.461502075195312500e+00,5.626336574554443359e+00,5.951677799224853516e+00,5.930555343627929688e+00,6.272898197174072266e+00,6.221338748931884766e+00,6.439019203186035156e+00,6.431165218353271484e+00,6.492531299591064453e+00,6.536747932434082031e+00,6.413208007812500000e+00,6.328640460968017578e+00
1.033638238906860352e+00,6.743578910827636719e-01,3.809761404991149902e-01,0.000000000000000000e+00,3.878838717937469482e-01,6.704943180084228516e-01,9.881195425987243652e-01,1.302859663963317871e+00,1.602775096893310547e+00,1.923453927040100098e+00,2.220722436904907227e+00,2.527362585067749023e+00,2.883040428161621094e+00,3.148989439010620117e+00,3.314517736434936523e+00,2.778347015380859375e+00,2.569069623947143555e+00,2.651432514190673828e+00,2.368678569793701172e+00,2.200286388397216797e+00,1.891837000846862793e+00,1.852317810058593750e+00,1.576937437057495117e+00,1.783958673477172852e+00,1.685421705245971680e+00,1.909562706947326660e+00,1.898997783660888672e+00,2.160090684890747070e+00,2.521559000015258789e+00,2.891894578933715820e+00,3.632688760757446289e+00,3.878342390060424805e+00,3.949634075164794922e+00,4.291614532470703125e+00,4.384150981903076172e+00,4.571167945861816406e+00,4.401297569274902344e+00,4.627681255340576172e+00,4.354691028594970703e+00,4.564000129699707031e+00,4.340040206909179688e+00,4.474337577819824219e+00,4.557623863220214844e+00,4.370370864868164062e+00,4.545395851135253906e+00,4.365916728973388672e+00,4.439877986907958984e+00,4.585249423980712891e+00,4.964689731597900391e+00,5.095742225646972656e+00,5.387240409851074219e+00,5.257535934448242188e+00,5.571364402770996094e+00,5.411497116088867188e+00,5.632575035095214844e+00,5.520662784576416016e+00,5.570460319519042969e+00,5.639844417572021484e+00,5.467510223388671875e+00,5.490427017211914062e+00,4.935250282287597656e+00,5.048216819763183594e+00,5.217736721038818359e+00,5.613484382629394531e+00,5.778052806854248047e+00,6.090943813323974609e+00,6.054522037506103516e+00,6.384394168853759766e+00,6.310193061828613281e+00,6.516690731048583984e+00,6.486948966979980469e+00,6.534601211547851562e+00,6.558198928833007812e+00,6.414714813232421875e+00,6.313422679901123047e+00
1.321885943412780762e+00,9.989163279533386230e-01,6.389919519424438477e-01,3.878838717937469482e-01,0.000000000000000000e+00,3.870456516742706299e-01,6.277988553047180176e-01,9.844983816146850586e-01,1.253905653953552246e+00,1.590916395187377930e+00,1.875943541526794434e+00,2.177510738372802734e+00,2.541713476181030273e+00,2.803301334381103516e+00,2.986722230911254883e+00,2.679928779602050781e+00,2.497518539428710938e+00,2.591148614883422852e+00,2.334311246871948242e+00,2.139193773269653320e+00,1.800569057464599609e+00,1.685308933258056641e+00,1.364073634147644043e+00,1.519621014595031738e+00,1.390705347061157227e+00,1.591217517852783203e+00,1.580102443695068359e+00,1.857577919960021973e+00,2.228406429290771484e+00,2.605097293853759766e+00,3.513668537139892578e+00,3.776834726333618164e+00,3.880748987197875977e+00,4.236131668090820312e+00,4.345504760742187500e+00,4.523205280303955078e+00,4.347751617431640625e+00,4.552509784698486328e+00,4.262383937835693359e+00,4.454705715179443359e+00,4.207033157348632812e+00,4.339078426361083984e+00,4.392165660858154297e+00,4.186853408813476562e+00,4.334857940673828125e+00,4.199353218078613281e+00,4.290906429290771484e+00,4.461677551269531250e+00,4.849155426025390625e+00,4.993757724761962891e+00,5.275071144104003906e+00,5.138511180877685547e+00,5.443079948425292969e+00,5.264299869537353516e+00,5.482593536376953125e+00,5.350144386291503906e+00,5.405009269714355469e+00,5.452099800109863281e+00,5.272037506103515625e+00,5.270862579345703125e+00,4.724991798400878906e+00,4.847335338592529297e+00,5.037644863128662109e+00,5.435349464416503906e+00,5.613631725311279297e+00,5.920199871063232422e+00,5.885705947875976562e+00,6.207233905792236328e+00,6.119283199310302734e+00,6.329967975616455078e+00,6.284121990203857422e+00,6.337272167205810547e+00,6.346102714538574219e+00,6.196543216705322266e+00,6.077331542968750000e+00
1.661366343498229980e+00,1.328837394714355469e+00,9.942797422409057617e-01,6.704943180084228516e-01,3.870456516742706299e-01,0.000000000000000000e+00,3.791371881961822510e-01,6.476608514785766602e-01,9.800190329551696777e-01,1.272116661071777344e+00,1.591195106506347656e+00,1.874287009239196777e+00,2.232645273208618164e+00,2.518309116363525391e+00,2.708834171295166016e+00,2.764380693435668945e+00,2.632336378097534180e+00,2.768659830093383789e+00,2.552532911300659180e+00,2.379292011260986328e+00,2.045105218887329102e+00,1.883401036262512207e+00,1.519090771675109863e+00,1.585701942443847656e+00,1.367698073387145996e+00,1.488920807838439941e+00,1.391866207122802734e+00,1.618229508399963379e+00,1.974120378494262695e+00,2.351425409317016602e+00,3.569350004196166992e+00,3.860169172286987305e+00,3.971524953842163086e+00,4.323915481567382812e+00,4.417629241943359375e+00,4.565435886383056641e+00,4.363285541534423828e+00,4.539874076843261719e+00,4.228804588317871094e+00,4.390674114227294922e+00,4.122753143310546875e+00,4.223821640014648438e+00,4.256498336791992188e+00,4.025903224945068359e+00,4.163851737976074219e+00,4.250476837158203125e+00,4.375056266784667969e+00,4.553097724914550781e+00,4.942871093750000000e+00,5.075421333312988281e+00,5.336164951324462891e+00,5.174923896789550781e+00,5.460533142089843750e+00,5.259027957916259766e+00,5.454793453216552734e+00,5.300299644470214844e+00,5.334062576293945312e+00,5.360008239746093750e+00,5.157334327697753906e+00,5.141864299774169922e+00,4.773474693298339844e+00,4.923140525817871094e+00,5.124129772186279297e+00,5.524242401123046875e+00,5.698370933532714844e+00,5.988922595977783203e+00,5.936541080474853516e+00,6.242687225341796875e+00,6.131067276000976562e+00,6.327581882476806641e+00,6.259247303009033203e+00,6.296684265136718750e+00,6.284298419952392578e+00,6.114634037017822266e+00,5.979628086090087891e+00
1.906696915626525879e+00,1.606776595115661621e+00,1.250146150588989258e+00,9.881195425987243652e-01,6.277988553047180176e-01,3.791371881961822510e-01,0.000000000000000000e+00,4.004537165164947510e-01,6.393866539001464844e-01,9.715668559074401855e-01,1.259424686431884766e+00,1.549988269805908203e+00,1.916631698608398438e+00,2.186165571212768555e+00,2.389396667480468750e+00,2.644370317459106445e+00,2.541672229766845703e+00,2.685149669647216797e+00,2.501347303390502930e+00,2.313825368881225586e+00,1.971129655838012695e+00,1.746813178062438965e+00,1.360136508941650391e+00,1.351703882217407227e+00,1.099136471748352051e+00,1.174646615982055664e+00,1.077490091323852539e+00,1.325974106788635254e+00,1.691066980361938477e+00,2.071372747421264648e+00,3.413060903549194336e+00,3.715524196624755859e+00,3.856800317764282227e+00,4.218141078948974609e+00,4.328777313232421875e+00,4.468752384185791016e+00,4.266334533691406250e+00,4.422617912292480469e+00,4.100014686584472656e+00,4.247129917144775391e+00,3.960171222686767578e+00,4.063430786132812500e+00,4.067270755767822266e+00,3.824303865432739258e+00,3.934096336364746094e+00,4.039658069610595703e+00,4.179165840148925781e+00,4.379131793975830078e+00,4.772953510284423828e+00,4.917675971984863281e+00,5.167770862579345703e+00,5.002678871154785156e+00,5.278861999511718750e+00,5.062146663665771484e+00,5.256333827972412109e+00,5.084891796112060547e+00,5.126344680786132812e+00,5.132727622985839844e+00,4.926819324493408203e+00,4.889370918273925781e+00,4.518237590789794922e+00,4.675927639007568359e+00,4.894022941589355469e+00,5.293436527252197266e+00,5.478554248809814453e+00,5.761879444122314453e+00,5.711768150329589844e+00,6.009356021881103516e+00,5.886628150939941406e+00,6.087087154388427734e+00,6.005645751953125000e+00,6.049543857574462891e+00,6.025383472442626953e+00,5.852854251861572266e+00,5.703166007995605469e+00
2.232978582382202148e+00,1.931805729866027832e+00,1.594675302505493164e+00,1.302859663963317871e+00,9.844983816146850586e-01,6.476608514785766602e-01,4.004537165164947510e-01,0.000000000000000000e+00,3.957076370716094971e-01,6.265089511871337891e-01,9.604483842849731445e-01,1.240057110786437988e+00,1.588658928871154785e+00,1.880285859107971191e+00,2.077647686004638672e+00,2.713209390640258789e+00,2.666243076324462891e+00,2.851896286010742188e+00,2.713459253311157227e+00,2.559692621231079102e+00,2.237976312637329102e+00,1.991904258728027344e+00,1.593458414077758789e+00,1.501533150672912598e+00,1.174634933471679688e+00,1.137840270996093750e+00,9.192568063735961914e-01,1.068610072135925293e+00,1.401446938514709473e+00,1.775901556015014648e+00,3.435104608535766602e+00,3.762216329574584961e+00,3.906248331069946289e+00,4.258594036102294922e+00,4.349600315093994141e+00,4.456060886383056641e+00,4.227277278900146484e+00,4.352319717407226562e+00,4.011263370513916016e+00,4.124626159667968750e+00,3.819755315780639648e+00,3.888858556747436523e+00,3.871923685073852539e+00,3.604901313781738281e+00,3.704878091812133789e+00,4.055388927459716797e+00,4.228960514068603516e+00,4.430616378784179688e+00,4.822124958038330078e+00,4.949634552001953125e+00,5.175647258758544922e+00,4.984639644622802734e+00,5.238575935363769531e+00,5.000204563140869141e+00,5.168219566345214844e+00,4.975914478302001953e+00,4.993208408355712891e+00,4.978988170623779297e+00,4.750522613525390625e+00,4.700925827026367188e+00,4.536592006683349609e+00,4.723951816558837891e+00,4.947494029998779297e+00,5.346473217010498047e+00,5.521789073944091797e+00,5.785608768463134766e+00,5.714016437530517578e+00,5.993637084960937500e+00,5.846750736236572266e+00,6.028898715972900391e+00,5.925228118896484375e+00,5.949952125549316406e+00,5.904754161834716797e+00,5.711596488952636719e+00,5.548465728759765625e+00
2.462033271789550781e+00,2.193104505538940430e+00,1.846487879753112793e+00,1.602775096893310547e+00,1.253905653953552246e+00,9.800190329551696777e-01,6.393866539001464844e-01,3.957076370716094971e-01,0.000000000000000000e+00,3.901290595531463623e-01,6.221971511840820312e-01,9.450448751449584961e-01,1.296475410461425781e+00,1.550198912620544434e+00,1.752045035362243652e+00,2.579200029373168945e+00,2.566239595413208008e+00,2.756450653076171875e+00,2.657119989395141602e+00,2.499288558959960938e+00,2.186368942260742188e+00,1.893321514129638672e+00,1.501199483871459961e+00,1.323743343353271484e+00,9.741490483283996582e-01,8.456982374191284180e-01,6.092671751976013184e-01,7.747998237609863281e-01,1.115331768989562988e+00,1.488987088203430176e+00,3.246692657470703125e+00,3.581564903259277344e+00,3.754642724990844727e+00,4.112129211425781250e+00,4.220315456390380859e+00,4.318881034851074219e+00,4.093746662139892578e+00,4.197825431823730469e+00,3.849121093750000000e+00,3.948173046112060547e+00,3.626935005187988281e+00,3.701882362365722656e+00,3.655234575271606445e+00,3.379921197891235352e+00,3.448665142059326172e+00,3.803126096725463867e+00,3.991341114044189453e+00,4.212966918945312500e+00,4.605202198028564453e+00,4.743711471557617188e+00,4.957473278045654297e+00,4.764176845550537109e+00,5.007554531097412109e+00,4.755692481994628906e+00,4.922543048858642578e+00,4.714898586273193359e+00,4.742105007171630859e+00,4.709288120269775391e+00,4.480795860290527344e+00,4.409668445587158203e+00,4.237667560577392578e+00,4.433512210845947266e+00,4.671835899353027344e+00,5.067913055419921875e+00,5.251973628997802734e+00,5.506966590881347656e+00,5.437277793884277344e+00,5.707434654235839844e+00,5.550449371337890625e+00,5.736121177673339844e+00,5.620733737945556641e+00,5.652572631835937500e+00,5.597207069396972656e+00,5.403237342834472656e+00,5.227208614349365234e+00
2.816082715988159180e+00,2.535523653030395508e+00,2.195724010467529297e+00,1.923453927040100098e+00,1.590916395187377930e+00,1.272116661071777344e+00,9.715668559074401855e-01,6.265089511871337891e-01,3.901290595531463623e-01,0.000000000000000000e+00,3.769607841968536377e-01,6.265641450881958008e-01,9.624534249305725098e-01,1.261856079101562500e+00,1.483003377914428711e+00,2.810268878936767578e+00,2.840222835540771484e+00,3.054735183715820312e+00,2.985785007476806641e+00,2.846883773803710938e+00,2.547490596771240234e+00,2.246099233627319336e+00,1.860153794288635254e+00,1.644657731056213379e+00,1.280941724777221680e+00,1.070816516876220703e+00,7.541988492012023926e-01,7.270881533622741699e-01,9.649629592895507812e-01,1.307241559028625488e+00,3.420771837234497070e+00,3.772151231765747070e+00,3.949319124221801758e+00,4.296162128448486328e+00,4.388595104217529297e+00,4.456123352050781250e+00,4.209603309631347656e+00,4.280766487121582031e+00,3.916937112808227539e+00,3.978535175323486328e+00,3.639686346054077148e+00,3.676882743835449219e+00,3.601227283477783203e+00,3.298120260238647461e+00,3.345412731170654297e+00,3.950680255889892578e+00,4.167925834655761719e+00,4.393348693847656250e+00,4.780401229858398438e+00,4.906057357788085938e+00,5.095471858978271484e+00,4.880505084991455078e+00,5.099666118621826172e+00,4.826470851898193359e+00,4.966411113739013672e+00,4.735667705535888672e+00,4.740010738372802734e+00,4.680468559265136719e+00,4.428420543670654297e+00,4.337061405181884766e+00,4.366934776306152344e+00,4.586943626403808594e+00,4.833138465881347656e+00,5.224887371063232422e+00,5.403433322906494141e+00,5.638496875762939453e+00,5.552219867706298828e+00,5.802371025085449219e+00,5.621522426605224609e+00,5.790602684020996094e+00,5.650771617889404297e+00,5.666123867034912109e+00,5.586207866668701172e+00,5.371314525604248047e+00,5.176621913909912109e+00
3.056815624237060547e+00,2.802160501480102539e+00,2.460867404937744141e+00,2.220722436904907227e+00,1.875943541526794434e+00,1.591195106506347656e+00,1.259424686431884766e+00,9.604483842849731445e-01,6.221971511840820312e-01,3.769607841968536377e-01,0.000000000000000000e+00,3.999930322170257568e-01,6.947192549705505371e-01,9.291397333145141602e-01,1.149282336235046387e+00,2.734483718872070312e+00,2.802025794982910156e+00,3.021712303161621094e+00,2.993777513504028320e+00,2.861950397491455078e+00,2.582851886749267578e+00,2.255931138992309570e+00,1.894764184951782227e+00,1.617908596992492676e+00,1.266922473907470703e+00,9.801748991012573242e-01,6.829529404640197754e-01,5.774574279785156250e-01,7.351517081260681152e-01,1.042665481567382812e+00,3.273024559020996094e+00,3.629520893096923828e+00,3.830032110214233398e+00,4.175182819366455078e+00,4.278719425201416016e+00,4.333510875701904297e+00,4.089468002319335938e+00,4.136203289031982422e+00,3.767102241516113281e+00,3.809687376022338867e+00,3.456899881362915039e+00,3.494537353515625000e+00,3.387559652328491211e+00,3.076354980468750000e+00,3.089588880538940430e+00,3.735455513000488281e+00,3.969854116439819336e+00,4.210341930389404297e+00,4.593454360961914062e+00,4.724472045898437500e+00,4.897217750549316406e+00,4.677588939666748047e+00,4.881814956665039062e+00,4.594836711883544922e+00,4.728523254394531250e+00,4.481860637664794922e+00,4.491823673248291016e+00,4.412067890167236328e+00,4.158277988433837891e+00,4.044952869415283203e+00,4.106259346008300781e+00,4.338267803192138672e+00,4.595870494842529297e+00,4.981866836547851562e+00,5.164408683776855469e+00,5.386454105377197266e+00,5.298141002655029297e+00,5.535320281982421875e+00,5.342157840728759766e+00,5.510314464569091797e+00,5.356958866119384766e+00,5.375482559204101562e+00,5.283459186553955078e+00,5.065508842468261719e+00,4.857757568359375000e+00
3.406814575195312500e+00,3.135565280914306641e+00,2.786485433578491211e+00,2.527362585067749023e+00,2.177510738372802734e+00,1.874287009239196777e+00,1.549988269805908203e+00,1.240057110786437988e+00,9.450448751449584961e-01,6.265641450881958008e-01,3.999930322170257568e-01,0.000000000000000000e+00,3.907658159732818604e-01,7.123821377754211426e-01,1.035214543342590332e+00,3.100990295410156250e+00,3.180949926376342773e+00,3.397217988967895508e+00,3.374934673309326172e+00,3.232304811477661133e+00,2.947505235671997070e+00,2.608688592910766602e+00,2.254584312438964844e+00,1.972738862037658691e+00,1.639472246170043945e+00,1.345825791358947754e+00,1.075370550155639648e+00,9.318273663520812988e-01,9.660333395004272461e-01,1.174422740936279297e+00,3.597002267837524414e+00,3.955994606018066406e+00,4.168492317199707031e+00,4.509450912475585938e+00,4.613427162170410156e+00,4.652922630310058594e+00,4.402723789215087891e+00,4.425346851348876953e+00,4.049646854400634766e+00,4.063993930816650391e+00,3.698733329772949219e+00,3.711314439773559570e+00,3.571030378341674805e+00,3.238766193389892578e+00,3.214933156967163086e+00,4.004598617553710938e+00,4.252301692962646484e+00,4.505248546600341797e+00,4.883689403533935547e+00,5.017586231231689453e+00,5.173721313476562500e+00,4.946728706359863281e+00,5.132081985473632812e+00,4.829208374023437500e+00,4.946180343627929688e+00,4.678452491760253906e+00,4.679703235626220703e+00,4.569769382476806641e+00,4.300936698913574219e+00,4.156682968139648438e+00,4.319184780120849609e+00,4.559059619903564453e+00,4.831688880920410156e+00,5.209737300872802734e+00,5.400045871734619141e+00,5.607965469360351562e+00,5.518531799316406250e+00,5.738381862640380859e+00,5.528105735778808594e+00,5.690819740295410156e+00,5.515342235565185547e+00,5.530830860137939453e+00,5.414900779724121094e+00,5.183607101440429688e+00,4.951508045196533203e+00
3.746222972869873047e+00,3.483207702636718750e+00,3.141652822494506836e+00,2.883040428161621094e+00,2.541713476181030273e+00,2.232645273208618164e+00,1.916631698608398438e+00,1.588658928871154785e+00,1.296475410461425781e+00,9.624534249305725098e-01,6.947192549705505371e-01,3.907658159732818604e-01,0.000000000000000000e+00,3.890686035156250000e-01,7.210306525230407715e-01,3.230654478073120117e+00,3.352881193161010742e+00,3.587958574295043945e+00,3.602675199508666992e+00,3.484621286392211914e+00,3.223359346389770508e+00,2.882644176483154297e+00,2.543531417846679688e+00,2.234427213668823242e+00,1.905167818069458008e+00,1.582291841506958008e+00,1.311940431594848633e+00,1.081157445907592773e+00,9.681949019432067871e-01,1.047281742095947266e+00,3.649312973022460938e+00,4.016266345977783203e+00,4.233411312103271484e+00,4.559117317199707031e+00,4.651195049285888672e+00,4.660556316375732422e+00,4.397776603698730469e+00,4.385425090789794922e+00,4.002753257751464844e+00,3.980204582214355469e+00,3.603827714920043945e+00,3.586006402969360352e+00,3.413331985473632812e+00,3.063688755035400391e+00,3.008603096008300781e+00,4.012849807739257812e+00,4.286519527435302734e+00,4.539947509765625000e+00,4.907104015350341797e+00,5.027389526367187500e+00,5.155727863311767578e+00,4.910827636718750000e+00,5.068771362304687500e+00,4.747922897338867188e+00,4.838054180145263672e+00,4.550091266632080078e+00,4.532958507537841797e+00,4.396322250366210938e+00,4.110876560211181641e+00,3.945530176162719727e+00,4.303762912750244141e+00,4.566736221313476562e+00,4.841676712036132812e+00,5.210202693939208984e+00,5.390662670135498047e+00,5.574764251708984375e+00,5.468363761901855469e+00,5.665082931518554688e+00,5.432641506195068359e+00,5.577151775360107422e+00,5.379171848297119141e+00,5.379208564758300781e+00,5.240647792816162109e+00,4.992436408996582031e+00,4.744608402252197266e+00
3.958205223083496094e+00,3.719525098800659180e+00,3.381174802780151367e+00,3.148989439010620117e+00,2.803301334381103516e+00,2.518309116363525391e+00,2.186165571212768555e+00,1.880285859107971191e+00,1.550198912620544434e+00,1.261856079101562500e+00,9.291397333145141602e-01,7.123821377754211426e-01,3.890686035156250000e-01,0.000000000000000000e+00,4.076787233352661133e-01,3.173994541168212891e+00,3.329678058624267578e+00,3.566726684570312500e+00,3.619761705398559570e+00,3.516148805618286133e+00,3.281929969787597656e+00,2.934214830398559570e+00,2.626674652099609375e+00,2.286642551422119141e+00,1.986927986145019531e+00,1.644052743911743164e+00,1.424834609031677246e+00,1.180400729179382324e+00,9.836646318435668945e-01,9.421133995056152344e-01,3.508441448211669922e+00,3.873174905776977539e+00,4.106852054595947266e+00,4.423680782318115234e+00,4.522891521453857422e+00,4.517931938171386719e+00,4.260664939880371094e+00,4.223309040069580078e+00,3.841848373413085938e+00,3.799263238906860352e+00,3.415878057479858398e+00,3.398002862930297852e+00,3.194670200347900391e+00,2.843863010406494141e+00,2.749883890151977539e+00,3.798879384994506836e+00,4.087753772735595703e+00,4.349705219268798828e+00,4.706635475158691406e+00,4.827636241912841797e+00,4.936045169830322266e+00,4.687343120574951172e+00,4.826897621154785156e+00,4.494917869567871094e+00,4.575673103332519531e+00,4.273869514465332031e+00,4.261182308197021484e+00,4.104329109191894531e+00,3.819414615631103516e+00,3.631988525390625000e+00,4.043734550476074219e+00,4.319043636322021484e+00,4.599700450897216797e+00,4.957967281341552734e+00,5.137196063995361328e+00,5.304534912109375000e+00,5.193803787231445312e+00,5.374510288238525391e+00,5.129890441894531250e+00,5.269964694976806641e+00,5.058810710906982422e+00,5.059882164001464844e+00,4.909284114837646484e+00,4.658414363861083984e+00,4.398868083953857422e+00
4.070091247558593750e+00,3.853363275527954102e+00,3.532987833023071289e+00,3.314517736434936523e+00,2.986722230911254883e+00,2.708834171295166016e+00,2.389396667480468750e+00,2.077647686004638672e+00,1.752045035362243652e+00,1.483003377914428711e+00,1.149282336235046387e+00,1.035214543342590332e+00,7.210306525230407715e-01,4.076787233352661133e-01,0.000000000000000000e+00,3.043078184127807617e+00,3.241221189498901367e+00,3.501321792602539062e+00,3.594479084014892578e+00,3.531737327575683594e+00,3.333807468414306641e+00,3.001695156097412109e+00,2.713321685791015625e+00,2.359733581542968750e+00,2.066621303558349609e+00,1.718895554542541504e+00,1.507256388664245605e+00,1.210761666297912598e+00,9.095981717109680176e-01,7.138875722885131836e-01,3.303477525711059570e+00,3.673453330993652344e+00,3.899423122406005859e+00,4.196388244628906250e+00,4.277367591857910156e+00,4.244884014129638672e+00,3.976790428161621094e+00,3.913285732269287109e+00,3.529531478881835938e+00,3.461021423339843750e+00,3.074100971221923828e+00,3.036110639572143555e+00,2.817386150360107422e+00,2.460203886032104492e+00,2.355991125106811523e+00,3.583680391311645508e+00,3.894358873367309570e+00,4.142496109008789062e+00,4.486539840698242188e+00,4.584661960601806641e+00,4.670555591583251953e+00,4.404203891754150391e+00,4.523815631866455078e+00,4.182598590850830078e+00,4.241566181182861328e+00,3.932022571563720703e+00,3.900816917419433594e+00,3.736553430557250977e+00,3.441295862197875977e+00,3.255597114562988281e+00,3.852735996246337891e+00,4.151314258575439453e+00,4.418245315551757812e+00,4.770378589630126953e+00,4.927175045013427734e+00,5.075825214385986328e+00,4.942338943481445312e+00,5.108701705932617188e+00,4.850841045379638672e+00,4.970478534698486328e+00,4.750715732574462891e+00,4.732179641723632812e+00,4.574586391448974609e+00,4.312499046325683594e+00,4.056270599365234375e+00
2.649320840835571289e+00,2.748923778533935547e+00,2.660449266433715820e+00,2.778347015380859375e+00,2.679928779602050781e+00,2.764380693435668945e+00,2.644370317459106445e+00,2.713209390640258789e+00,2.579200029373168945e+00,2.810268878936767578e+00,2.734483718872070312e+00,3.100990295410156250e+00,3.230654478073120117e+00,3.173994541168212891e+00,3.043078184127807617e+00,0.000000000000000000e+00,3.918407857418060303e-01,7.045856118202209473e-01,1.015859603881835938e+00,1.274675607681274414e+00,1.458686709403991699e+00,1.494946718215942383e+00,1.605113148689270020e+00,1.561804771423339844e+00,1.710205912590026855e+00,1.851279854774475098e+00,2.077521324157714844e+00,2.225132703781127930e+00,2.346668243408203125e+00,2.448859691619873047e+00,8.662917613983154297e-01,1.107644200325012207e+00,1.215422391891479492e+00,1.585483908653259277e+00,1.751100897789001465e+00,1.961780190467834473e+00,1.877899050712585449e+00,2.118431568145751953e+00,1.919301867485046387e+00,2.216823339462280273e+00,2.086385011672973633e+00,2.396342515945434570e+00,2.537272214889526367e+00,2.544490098953247070e+00,2.735815286636352539e+00,1.697865605354309082e+00,1.775741815567016602e+00,1.860516667366027832e+00,2.229389667510986328e+00,2.328251600265502930e+00,2.609413862228393555e+00,2.488670349121093750e+00,2.820845127105712891e+00,2.705341815948486328e+00,2.976362228393554688e+00,2.940193653106689453e+00,3.066759109497070312e+00,3.223164319992065430e+00,3.175476312637329102e+00,3.288491249084472656e+00,2.470318794250488281e+00,2.617100000381469727e+00,2.691584348678588867e+00,3.074957847595214844e+00,3.153509140014648438e+00,3.439760923385620117e+00,3.359576702117919922e+00,3.692317485809326172e+00,3.646959066390991211e+00,3.839995145797729492e+00,3.870406389236450195e+00,3.926626443862915039e+00,4.025852203369140625e+00,3.955427169799804688e+00,3.953820705413818359e+00
2.342550277709960938e+00,2.473479747772216797e+00,2.408200979232788086e+00,2.569069623947143555e+00,2.497518539428710938e+00,2.632336378097534180e+00,2.541672229766845703e+00,2.666243076324462891e+00,2.566239595413208008e+00,2.840222835540771484e+00,2.802025794982910156e+00,3.180949926376342773e+00,3.352881193161010742e+00,3.329678058624267578e+00,3.241221189498901367e+00,3.918407857418060303e-01,0.000000000000000000e+00,3.636477887630462646e-01,6.285585165023803711e-01,9.156749844551086426e-01,1.137913584709167480e+00,1.250032901763916016e+00,1.415292501449584961e+00,1.461522817611694336e+00,1.664658188819885254e+00,1.872069001197814941e+00,2.124823570251464844e+00,2.327250480651855469e+00,2.504014968872070312e+00,2.655683517456054688e+00,1.177055954933166504e+00,1.337231040000915527e+00,1.419808745384216309e+00,1.786170601844787598e+00,1.968750715255737305e+00,2.224390983581542969e+00,2.173251867294311523e+00,2.446740627288818359e+00,2.273098468780517578e+00,2.585763931274414062e+00,2.469301462173461914e+00,2.776202678680419922e+00,2.924107074737548828e+00,2.923738956451416016e+00,3.115315437316894531e+00,1.950174450874328613e+00,1.965506196022033691e+00,2.048213005065917969e+00,2.412812471389770508e+00,2.537902593612670898e+00,2.850355148315429688e+00,2.768988370895385742e+00,3.119660854339599609e+00,3.031437158584594727e+00,3.319719552993774414e+00,3.300335407257080078e+00,3.439774513244628906e+00,3.602863788604736328e+00,3.562936544418334961e+00,3.672916650772094727e+00,2.675627231597900391e+00,2.775815963745117188e+00,2.849034547805786133e+00,3.230217695236206055e+00,3.327510833740234375e+00,3.638735055923461914e+00,3.590569019317626953e+00,3.940469503402709961e+00,3.922032833099365234e+00,4.133746147155761719e+00,4.182506084442138672e+00,4.257087230682373047e+00,4.368514537811279297e+00,4.311988830566406250e+00,4.312241554260253906e+00
2.326708316802978516e+00,2.494672298431396484e+00,2.447390794754028320e+00,2.651432514190673828e+00,2.591148614883422852e+00,2.768659830093383789e+00,2.685149669647216797e+00,2.851896286010742188e+00,2.756450653076171875e+00,3.054735183715820312e+00,3.021712303161621094e+00,3.397217988967895508e+00,3.587958574295043945e+00,3.566726684570312500e+00,3.501321792602539062e+00,7.045856118202209473e-01,3.636477887630462646e-01,0.000000000000000000e+00,3.931362926959991455e-01,7.033714056015014648e-01,1.016022920608520508e+00,1.198560357093811035e+00,1.454453706741333008e+00,1.557422757148742676e+00,1.822495222091674805e+00,2.060871124267578125e+00,2.346515417098999023e+00,2.583060264587402344e+00,2.781662225723266602e+00,2.947057485580444336e+00,1.334866762161254883e+00,1.409138441085815430e+00,1.498309969902038574e+00,1.858344793319702148e+00,2.083186626434326172e+00,2.380129337310791016e+00,2.381037235260009766e+00,2.671622037887573242e+00,2.532900333404541016e+00,2.859454154968261719e+00,2.762570142745971680e+00,3.086549997329711914e+00,3.232109308242797852e+00,3.243987321853637695e+00,3.421154260635375977e+00,1.998346567153930664e+00,1.947141885757446289e+00,2.031647205352783203e+00,2.387161254882812500e+00,2.548323631286621094e+00,2.887551069259643555e+00,2.853783369064331055e+00,3.221361398696899414e+00,3.163142681121826172e+00,3.477344512939453125e+00,3.478927612304687500e+00,3.648357868194580078e+00,3.819877147674560547e+00,3.804977178573608398e+00,3.912032604217529297e+00,2.663974523544311523e+00,2.713338375091552734e+00,2.778534650802612305e+00,3.151345014572143555e+00,3.265870094299316406e+00,3.599462747573852539e+00,3.587135553359985352e+00,3.953176736831665039e+00,3.966247558593750000e+00,4.201165676116943359e+00,4.273654460906982422e+00,4.375350475311279297e+00,4.505484580993652344e+00,4.474430561065673828e+00,4.483089447021484375e+00
1.976636767387390137e+00,2.162307739257812500e+00,2.132118225097656250e+00,2.368678569793701172e+00,2.334311246871948242e+00,2.552532911300659180e+00,2.501347303390502930e+00,2.713459253311157227e+00,2.657119989395141602e+00,2.985785007476806641e+00,2.993777513504028320e+00,3.374934673309326172e+00,3.602675199508666992e+00,3.619761705398559570e+00,3.594479084014892578e+00,1.015859603881835938e+00,6.285585165023803711e-01,3.931362926959991455e-01,0.000000000000000000e+00,3.863271474838256836e-01,7.203475236892700195e-01,9.964106082916259766e-01,1.273439645767211914e+00,1.466096043586730957e+00,1.749294042587280273e+00,2.034373283386230469e+00,2.321269512176513672e+00,2.595203876495361328e+00,2.838563680648803711e+00,3.047859191894531250e+00,1.722543239593505859e+00,1.800305604934692383e+00,1.873584389686584473e+00,2.222166538238525391e+00,2.432188749313354492e+00,2.733569383621215820e+00,2.726253747940063477e+00,3.025863885879516602e+00,2.879716157913208008e+00,3.203867673873901367e+00,3.096849918365478516e+00,3.404341459274291992e+00,3.549323558807373047e+00,3.537757635116577148e+00,3.718137741088867188e+00,2.375661611557006836e+00,2.314414024353027344e+00,2.405228376388549805e+00,2.755397081375122070e+00,2.923849582672119141e+00,3.269728899002075195e+00,3.243748664855957031e+00,3.613023996353149414e+00,3.556036949157714844e+00,3.868438005447387695e+00,3.865311861038208008e+00,4.028497695922851562e+00,4.193546295166015625e+00,4.165589332580566406e+00,4.263552188873291016e+00,2.999433517456054688e+00,3.030374050140380859e+00,3.107699871063232422e+00,3.478003501892089844e+00,3.608874082565307617e+00,3.951900005340576172e+00,3.955283641815185547e+00,4.325129032135009766e+00,4.343367576599121094e+00,4.585128307342529297e+00,4.656463623046875000e+00,4.762417316436767578e+00,4.888079643249511719e+00,4.852632522583007812e+00,4.850979804992675781e+00
1.857694625854492188e+00,2.020112514495849609e+00,1.954545497894287109e+00,2.200286388397216797e+00,2.139193773269653320e+00,2.379292011260986328e+00,2.313825368881225586e+00,2.559692621231079102e+00,2.499288558959960938e+00,2.846883773803710938e+00,2.861950397491455078e+00,3.232304811477661133e+00,3.484621286392211914e+00,3.516148805618286133e+00,3.531737327575683594e+00,1.274675607681274414e+00,9.156749844551086426e-01,7.033714056015014648e-01,3.863271474838256836e-01,0.000000000000000000e+00,3.827314376831054688e-01,6.960264444351196289e-01,1.030775904655456543e+00,1.270999193191528320e+00,1.595461130142211914e+00,1.902748942375183105e+00,2.213030099868774414e+00,2.523568153381347656e+00,2.796821355819702148e+00,3.033377170562744141e+00,1.987080574035644531e+00,2.081478357315063477e+00,2.196844577789306641e+00,2.557151079177856445e+00,2.784840106964111328e+00,3.080999612808227539e+00,3.067430734634399414e+00,3.349916219711303711e+00,3.183619737625122070e+00,3.490664482116699219e+00,3.354281425476074219e+00,3.652957201004028320e+00,3.767837524414062500e+00,3.726216316223144531e+00,3.880949258804321289e+00,2.561291933059692383e+00,2.502755165100097656e+00,2.635929822921752930e+00,2.995542287826538086e+00,3.195174455642700195e+00,3.539340734481811523e+00,3.518590688705444336e+00,3.883582353591918945e+00,3.810318470001220703e+00,4.125880241394042969e+00,4.100761413574218750e+00,4.272520065307617188e+00,4.412503719329833984e+00,4.372917652130126953e+00,4.440575599670410156e+00,3.098138093948364258e+00,3.115560293197631836e+00,3.227553367614746094e+00,3.600798606872558594e+00,3.766318321228027344e+00,4.116416931152343750e+00,4.141679286956787109e+00,4.510952472686767578e+00,4.524250984191894531e+00,4.782837390899658203e+00,4.841302871704101562e+00,4.963199138641357422e+00,5.074945449829101562e+00,5.035606861114501953e+00,5.010238170623779297e+00
1.671476006507873535e+00,1.778873920440673828e+00,1.662964701652526855e+00,1.891837000846862793e+00,1.800569057464599609e+00,2.045105218887329102e+00,1.971129655838012695e+00,2.237976312637329102e+00,2.186368942260742188e+00,2.547490596771240234e+00,2.582851886749267578e+00,2.947505235671997070e+00,3.223359346389770508e+00,3.281929969787597656e+00,3.333807468414306641e+00,1.458686709403991699e+00,1.137913584709167480e+00,1.016022920608520508e+00,7.203475236892700195e-01,3.827314376831054688e-01,0.000000000000000000e+00,3.828903138637542725e-01,6.998810172080993652e-01,9.983949065208435059e-01,1.323601245880126953e+00,1.651238203048706055e+00,1.958823800086975098e+00,2.294647455215454102e+00,2.597269773483276367e+00,2.864873409271240234e+00,2.219074010848999023e+00,2.359641313552856445e+00,2.494603157043457031e+00,2.865081787109375000e+00,3.081642389297485352e+00,3.355731010437011719e+00,3.310173511505126953e+00,3.573097229003906250e+00,3.373903512954711914e+00,3.657676935195922852e+00,3.487439393997192383e+00,3.761594057083129883e+00,3.852950334548950195e+00,3.773481845855712891e+00,3.915389060974121094e+00,2.789068937301635742e+00,2.764995336532592773e+00,2.926100969314575195e+00,3.298115968704223633e+00,3.501049518585205078e+00,3.832528591156005859e+00,3.790878057479858398e+00,4.144312858581542969e+00,4.043087482452392578e+00,4.345191478729248047e+00,4.290796279907226562e+00,4.449168205261230469e+00,4.562918663024902344e+00,4.496027469635009766e+00,4.538880825042724609e+00,3.290343046188354492e+00,3.325222015380859375e+00,3.469089984893798828e+00,3.849872350692749023e+00,4.032859325408935547e+00,4.377142906188964844e+00,4.399600982666015625e+00,4.760022640228271484e+00,4.751613616943359375e+00,5.009929180145263672e+00,5.043913364410400391e+00,5.161890506744384766e+00,5.250210762023925781e+00,5.190927028656005859e+00,5.139274120330810547e+00
