,A1,A2,A3,A4,A5,A6,A7,A8,A9,A10,A11,A12,A13,A14,A15,B1,B2,B3,B4,B5,B6,B7,B8,B9,B10,B11,B12,B13,B14,B15,C1,C2,C3,C4,C5,C6,C7,C8,C9,C10,C11,C12,C13,C14,C15,D1,D2,D3,D4,D5,D6,D7,D8,D9,D10,D11,D12,D13,D14,D15,E1,E2,E3,E4,E5,E6,E7,E8,E9,E10,E11,E12,E13,E14,E15
A1,0.0,0.37328478693962097,0.7088635563850403,0.9058645963668823,1.2437983751296997,1.5663379430770874,1.80013108253479,2.045044422149658,2.3246560096740723,2.6127192974090576,2.912752389907837,3.188094139099121,3.4982821941375732,3.7437496185302734,3.786638021469116,3.0462138652801514,2.7163848876953125,2.4526302814483643,2.533010721206665,2.200711727142334,2.2661564350128174,2.326068878173828,2.4611997604370117,2.6402432918548584,2.9613938331604004,3.3446528911590576,3.500891923904419,3.4623045921325684,3.7262368202209473,3.603242874145508,4.4898200035095215,4.464224338531494,4.627646446228027,4.3770036697387695,4.60030460357666,4.446621894836426,4.2300944328308105,4.1437668800354,3.9198780059814453,3.9050750732421875,3.8629040718078613,4.15529727935791,4.499720096588135,4.736077785491943,4.865927696228027,5.128510475158691,5.455689907073975,5.763397693634033,6.054044723510742,6.331925868988037,6.477969169616699,6.685340404510498,6.793070316314697,6.876115322113037,6.901777744293213,6.726128101348877,6.898617267608643,6.7537431716918945,6.518445014953613,6.201139450073242,5.723132610321045,5.993036270141602,5.990999698638916,6.333043098449707,6.34360933303833,6.232330799102783,6.507883071899414,6.382931232452393,6.7277140617370605,6.735893249511719,6.8588457107543945,7.164509296417236,7.415052890777588,7.6625075340271,7.926167011260986
A2,0.37328478693962097,0.0,0.36270642280578613,0.5647801160812378,0.8782055377960205,1.2079969644546509,1.4618234634399414,1.7111700773239136,1.991652011871338,2.284991979598999,2.5841946601867676,2.8560705184936523,3.1731250286102295,3.4326400756835938,3.4976933002471924,2.7689144611358643,2.436063289642334,2.199960470199585,2.3081140518188477,2.0046050548553467,2.1217195987701416,2.2190332412719727,2.395944595336914,2.596491813659668,2.9448466300964355,3.3140439987182617,3.4883811473846436,3.441335678100586,3.6812338829040527,3.5338187217712402,4.302000999450684,4.302100658416748,4.458216667175293,4.22227144241333,4.4484357833862305,4.284654140472412,4.089334964752197,3.9842636585235596,3.781404495239258,3.7418808937072754,3.7200233936309814,3.9986400604248047,4.343451499938965,4.583490371704102,4.710531711578369,5.030547142028809,5.34683895111084,5.659903049468994,5.935347557067871,6.2066545486450195,6.346257209777832,6.538229465484619,6.632289886474609,6.698079586029053,6.7065348625183105,6.516234397888184,6.6762213706970215,6.518917083740234,6.271853446960449,5.951666831970215,5.457721710205078,5.736783027648926,5.748383522033691,6.095518589019775,6.122415542602539,6.0279340744018555,6.310231685638428,6.203104019165039,6.552506923675537,6.577646732330322,6.710801601409912,7.021581172943115,7.279438018798828,7.5231781005859375,7.79867696762085
A3,0.7088635563850403,0.36270642280578613,0.0,0.37538206577301025,0.5882631540298462,0.882921576499939,1.1130399703979492,1.3882807493209839,1.646990180015564,1.9569029808044434,2.241429567337036,2.525442123413086,2.838690996170044,3.0985288619995117,3.168429374694824,2.433002233505249,2.1061513423919678,1.8910682201385498,2.034430980682373,1.7517439126968384,1.9201189279556274,2.029540777206421,2.2511353492736816,2.451767921447754,2.8213491439819336,3.1739895343780518,3.352276563644409,3.287910223007202,3.5015370845794678,3.32958984375,3.998375415802002,4.017212390899658,4.172094821929932,3.95066237449646,4.183295726776123,4.019996166229248,3.8449599742889404,3.7350714206695557,3.555209159851074,3.5068986415863037,3.5131025314331055,3.7863664627075195,4.125283718109131,4.357852458953857,4.4713215827941895,4.788241863250732,5.096307754516602,5.411345958709717,5.674714088439941,5.939442157745361,6.072850704193115,6.254336357116699,6.338343143463135,6.3933024406433105,6.391220569610596,6.192467212677002,6.346168041229248,6.1833391189575195,5.931207656860352,5.610909461975098,5.112758159637451,5.394496917724609,5.414386749267578,5.7628655433654785,5.799386024475098,5.713858604431152,5.998057842254639,5.902047634124756,6.253063201904297,6.288329601287842,6.426751136779785,6.741432189941406,7.003017425537109,7.242953777313232,7.526241302490234
A4,0.9058645963668823,0.5647801160812378,0.37538206577301025,0.0,0.38171494007110596,0.7040807604789734,0.9963400959968567,1.1871517896652222,1.5026295185089111,1.7644168138504028,2.0859463214874268,2.3307034969329834,2.6570868492126465,2.9300177097320557,3.0197718143463135,2.5469610691070557,2.2354283332824707,2.07169771194458,2.258805274963379,2.011674404144287,2.22141170501709,2.339268445968628,2.5852344036102295,2.7802109718322754,3.1577084064483643,3.5018787384033203,3.6743617057800293,3.590743064880371,3.7849555015563965,3.5891644954681396,4.029248237609863,4.052393913269043,4.176214218139648,3.947810411453247,4.157680988311768,3.9635426998138428,3.7874839305877686,3.6423935890197754,3.457172393798828,3.372013568878174,3.3588244915008545,3.609496831893921,3.956639289855957,4.2105937004089355,4.349402904510498,4.867888450622559,5.16056489944458,5.485965728759766,5.740910053253174,6.012080669403076,6.156805038452148,6.3223652839660645,6.409092903137207,6.448871612548828,6.437596797943115,6.234941005706787,6.368927001953125,6.188814163208008,5.924659252166748,5.593591213226318,5.18030309677124,5.4660820960998535,5.510617733001709,5.858985900878906,5.917052745819092,5.845367908477783,6.126182556152344,6.046443462371826,6.3952741622924805,6.438835144042969,6.5744781494140625,6.898272514343262,7.156998157501221,7.384500503540039,7.674499988555908
A5,1.2437983751296997,0.8782055377960205,0.5882631540298462,0.38171494007110596,0.0,0.35983991622924805,0.7009261846542358,0.9071956276893616,1.2019602060317993,1.4806909561157227,1.7859947681427002,2.032078266143799,2.3643798828125,2.6550869941711426,2.774599313735962,2.2705554962158203,1.9640289545059204,1.84597647190094,2.058708667755127,1.864639163017273,2.120380401611328,2.2731919288635254,2.5471324920654297,2.7570960521698,3.1464319229125977,3.4664835929870605,3.6555440425872803,3.570359945297241,3.7379891872406006,3.5256099700927734,3.8681344985961914,3.9240994453430176,4.045019149780273,3.8419406414031982,4.058626651763916,3.8632516860961914,3.719027519226074,3.5620126724243164,3.410878896713257,3.304906129837036,3.325819969177246,3.5589890480041504,3.89772891998291,4.1460394859313965,4.271403789520264,4.796209335327148,5.076340198516846,5.401702404022217,5.637949466705322,5.896737098693848,6.029016494750977,6.178925037384033,6.247204780578613,6.269454002380371,6.239078044891357,6.019966125488281,6.142695903778076,5.95227575302124,5.677402496337891,5.347336292266846,4.8921942710876465,5.187231063842773,5.242957592010498,5.595678329467773,5.668653964996338,5.615209102630615,5.903487682342529,5.842281818389893,6.19498872756958,6.2569403648376465,6.404994010925293,6.730292320251465,6.997152328491211,7.222468852996826,7.5232720375061035
A6,1.5663379430770874,1.2079969644546509,0.882921576499939,0.7040807604789734,0.35983991622924805,0.0,0.37153536081314087,0.5704641342163086,0.8459157943725586,1.1332480907440186,1.4283769130706787,1.6812965869903564,2.0110456943511963,2.3034005165100098,2.4316625595092773,2.0365145206451416,1.7597945928573608,1.6970863342285156,1.9593547582626343,1.8108956813812256,2.113539934158325,2.2628087997436523,2.5714664459228516,2.7650160789489746,3.1613683700561523,3.4571099281311035,3.6390950679779053,3.5316171646118164,3.6659958362579346,3.4274492263793945,3.5914735794067383,3.666496753692627,3.7762370109558105,3.588369607925415,3.8034465312957764,3.603532314300537,3.4823925495147705,3.3146684169769287,3.1899642944335938,3.0685322284698486,3.1169564723968506,3.3365721702575684,3.6656949520111084,3.9066691398620605,4.020814418792725,4.58230447769165,4.848072052001953,5.17542028427124,5.3967814445495605,5.649842739105225,5.7791242599487305,5.914726734161377,5.974985122680664,5.983791828155518,5.942385196685791,5.716317653656006,5.828105926513672,5.629190444946289,5.347992420196533,5.015714168548584,4.592110633850098,4.887813091278076,4.958558082580566,5.309848308563232,5.397102355957031,5.354526042938232,5.640471935272217,5.593411922454834,5.9443440437316895,6.016047477722168,6.165832042694092,6.496127128601074,6.763331890106201,6.980283260345459,7.288194179534912
A7,1.80013108253479,1.4618234634399414,1.1130399703979492,0.9963400959968567,0.7009261846542358,0.37153536081314087,0.0,0.37881261110305786,0.5365054607391357,0.8767635226249695,1.1319652795791626,1.4298008680343628,1.7366609573364258,2.0062644481658936,2.1114754676818848,1.7704843282699585,1.53244948387146,1.5043975114822388,1.814077377319336,1.6901655197143555,2.024536609649658,2.144275426864624,2.4829800128936768,2.643749952316284,3.0409462451934814,3.3144965171813965,3.4779815673828125,3.343402147293091,3.4475653171539307,3.185725688934326,3.2252635955810547,3.308797597885132,3.4190001487731934,3.2423288822174072,3.4639644622802734,3.272763729095459,3.169140100479126,3.0097501277923584,2.909071445465088,2.795715093612671,2.878497838973999,3.1008565425872803,3.4160938262939453,3.637632131576538,3.728640556335449,4.2438154220581055,4.502683639526367,4.829478740692139,5.0432939529418945,5.292530536651611,5.419640064239502,5.5502848625183105,5.60815954208374,5.614078044891357,5.5717034339904785,5.346428871154785,5.458330154418945,5.2608323097229,4.982001304626465,4.650021076202393,4.261452674865723,4.550625801086426,4.625968933105469,4.973066806793213,5.06304931640625,5.019033432006836,5.298750400543213,5.254456996917725,5.602044105529785,5.673869609832764,5.820257663726807,6.154105186462402,6.418696880340576,6.630011558532715,6.939945220947266
A8,2.045044422149658,1.7111700773239136,1.3882807493209839,1.1871517896652222,0.9071956276893616,0.5704641342163086,0.37881261110305786,0.0,0.3788142502307892,0.5786192417144775,0.9099855422973633,1.1462681293487549,1.4703264236450195,1.7530452013015747,1.881006121635437,1.9696604013442993,1.7780251502990723,1.8055331707000732,2.136037826538086,2.040679693222046,2.385645866394043,2.4974331855773926,2.844425678253174,2.9908928871154785,3.3865489959716797,3.6508944034576416,3.800945997238159,3.646369457244873,3.730037212371826,3.4485867023468018,3.2124178409576416,3.2992069721221924,3.3688852787017822,3.1882424354553223,3.379359245300293,3.1545932292938232,3.056201219558716,2.856757402420044,2.7594082355499268,2.6016688346862793,2.67268443107605,2.8635191917419434,3.1814446449279785,3.42138934135437,3.5353217124938965,4.2725958824157715,4.509761333465576,4.84480619430542,5.046383857727051,5.300811290740967,5.44033670425415,5.551684856414795,5.613318920135498,5.60239315032959,5.551114559173584,5.3248419761657715,5.4134745597839355,5.197958469390869,4.908227920532227,4.56545352935791,4.302292346954346,4.589325428009033,4.693127155303955,5.034142971038818,5.147151947021484,5.116799831390381,5.3868889808654785,5.359984874725342,5.700268745422363,5.778515815734863,5.918081760406494,6.26019811630249,6.518021583557129,6.712822914123535,7.027642726898193
A9,2.3246560096740723,1.991652011871338,1.646990180015564,1.5026295185089111,1.2019602060317993,0.8459157943725586,0.5365054607391357,0.3788142502307892,0.0,0.3868001103401184,0.595630407333374,0.9054784774780273,1.202276587486267,1.4760680198669434,1.6070553064346313,1.6830687522888184,1.5418201684951782,1.6293838024139404,1.9856407642364502,1.94398832321167,2.310783624649048,2.4174790382385254,2.780797004699707,2.911680221557617,3.3019261360168457,3.534127712249756,3.680408477783203,3.5146355628967285,3.5647470951080322,3.267582893371582,2.921475410461426,3.0384254455566406,3.1126315593719482,2.9634389877319336,3.167732000350952,2.9591739177703857,2.899275541305542,2.710087299346924,2.65907883644104,2.506199359893799,2.6301491260528564,2.812422275543213,3.105618953704834,3.317758083343506,3.397042751312256,4.046661853790283,4.272251605987549,4.6022162437438965,4.786809921264648,5.027456760406494,5.153735637664795,5.254441738128662,5.300909519195557,5.279504776000977,5.216485977172852,4.980330467224121,5.065692901611328,4.848052501678467,4.555139541625977,4.215875148773193,3.928858518600464,4.216649532318115,4.326643466949463,4.667182922363281,4.787854194641113,4.7663469314575195,5.037255764007568,5.021609783172607,5.361741065979004,5.450483798980713,5.596312046051025,5.9388251304626465,6.200281143188477,6.3923187255859375,6.713347434997559
A10,2.6127192974090576,2.284991979598999,1.9569029808044434,1.7644168138504028,1.4806909561157227,1.1332480907440186,0.8767635226249695,0.5786192417144775,0.3868001103401184,0.0,0.3814881145954132,0.5774084329605103,0.8928580284118652,1.1807626485824585,1.342786192893982,1.9387072324752808,1.847509741783142,1.9734864234924316,2.3374369144439697,2.3147058486938477,2.684783697128296,2.781285524368286,3.1493217945098877,3.26513409614563,3.651407480239868,3.873447895050049,4.004893779754639,3.820242166519165,3.849358320236206,3.535640001296997,2.9009931087493896,3.0223236083984375,3.0506861209869385,2.903045892715454,3.0719828605651855,2.8306381702423096,2.783828020095825,2.553670644760132,2.516357421875,2.315919876098633,2.436323404312134,2.5776679515838623,2.865147829055786,3.0904786586761475,3.1883058547973633,4.062854290008545,4.262121677398682,4.597827911376953,4.7665114402771,5.010036468505859,5.147880554199219,5.226573467254639,5.275936126708984,5.235936641693115,5.163155555725098,4.926995277404785,4.986522674560547,4.750361919403076,4.447148323059082,4.097927093505859,3.9569387435913086,4.238483428955078,4.378561496734619,4.709092140197754,4.853456497192383,4.846133708953857,5.104090690612793,5.107013702392578,5.436849117279053,5.531740665435791,5.669270038604736,6.018922328948975,6.271843433380127,6.445249557495117,6.770346164703369
A11,2.912752389907837,2.5841946601867676,2.241429567337036,2.0859463214874268,1.7859947681427002,1.4283769130706787,1.1319652795791626,0.9099855422973633,0.595630407333374,0.3814881145954132,0.0,0.38134056329727173,0.6179946064949036,0.8960167765617371,1.079622507095337,1.7631686925888062,1.7402456998825073,1.9252498149871826,2.296569585800171,2.3269503116607666,2.7053472995758057,2.796602725982666,3.1712920665740967,3.2717509269714355,3.6468088626861572,3.834615707397461,3.961148738861084,3.767893075942993,3.7620997428894043,3.4362316131591797,2.65480637550354,2.812868595123291,2.8392255306243896,2.732006311416626,2.9090631008148193,2.68552303314209,2.686673402786255,2.4671878814697266,2.4854683876037598,2.2896270751953125,2.464884042739868,2.5886566638946533,2.842052459716797,3.0341482162475586,3.093564510345459,3.88751220703125,4.069026470184326,4.397404193878174,4.54382848739624,4.770598411560059,4.893782615661621,4.957066535949707,4.988552570343018,4.933609485626221,4.845191478729248,4.59699010848999,4.648367881774902,4.406659126281738,4.09754753112793,3.7514026165008545,3.6000232696533203,3.8816421031951904,4.0336761474609375,4.361626625061035,4.518502712249756,4.524477481842041,4.781496524810791,4.800467014312744,5.128027439117432,5.236084938049316,5.379995346069336,5.729612827301025,5.985410690307617,6.153487205505371,6.485480308532715
A12,3.188094139099121,2.8560705184936523,2.525442123413086,2.3307034969329834,2.032078266143799,1.6812965869903564,1.4298008680343628,1.1462681293487549,0.9054784774780273,0.5774084329605103,0.38134056329727173,0.0,0.3522418439388275,0.7000256180763245,0.9778464436531067,2.08243465423584,2.079030752182007,2.2848167419433594,2.6510727405548096,2.696061372756958,3.0758438110351562,3.1751489639282227,3.5489797592163086,3.6519775390625,4.026102066040039,4.208953380584717,4.333917617797852,4.136160373687744,4.119716167449951,3.7878780364990234,2.8050191402435303,2.971503257751465,2.9541938304901123,2.856602430343628,2.9960014820098877,2.744080066680908,2.762835741043091,2.504361867904663,2.5385873317718506,2.2941393852233887,2.459043502807617,2.529646396636963,2.7707719802856445,2.9761476516723633,3.0561037063598633,4.064740180969238,4.21903657913208,4.548519611358643,4.675480365753174,4.899565696716309,5.028509140014648,5.067270755767822,5.095240592956543,5.0178608894348145,4.913846015930176,4.661007881164551,4.682093620300293,4.419442176818848,4.097408294677734,3.745668649673462,3.7065813541412354,3.985261917114258,4.166824817657471,4.4852614402771,4.667496204376221,4.693973064422607,4.941996097564697,4.983381271362305,5.301544666290283,5.420777797698975,5.561771392822266,5.9144673347473145,6.164741516113281,6.3163743019104,6.65309476852417
A13,3.4982821941375732,3.1731250286102295,2.838690996170044,2.6570868492126465,2.3643798828125,2.0110456943511963,1.7366609573364258,1.4703264236450195,1.202276587486267,0.8928580284118652,0.6179946064949036,0.3522418439388275,0.0,0.364803284406662,0.697442889213562,2.163059711456299,2.217043161392212,2.449442148208618,2.817636251449585,2.8854856491088867,3.264275074005127,3.3444976806640625,3.7216310501098633,3.8007662296295166,4.1625542640686035,4.321060657501221,4.428722381591797,4.214080333709717,4.167436122894287,3.823376417160034,2.613396406173706,2.7982542514801025,2.754255533218384,2.6854710578918457,2.8080039024353027,2.558189868927002,2.6168370246887207,2.3550944328308105,2.436211347579956,2.184342861175537,2.385826826095581,2.4254376888275146,2.6297335624694824,2.8082618713378906,2.863729238510132,3.906886577606201,4.034935474395752,4.359352111816406,4.464340686798096,4.679015159606934,4.805829048156738,4.824936866760254,4.8463568687438965,4.753133773803711,4.638700008392334,4.383937358856201,4.388210296630859,4.115955352783203,3.789450168609619,3.4355647563934326,3.502653121948242,3.768880605697632,3.9707393646240234,4.276002883911133,4.4736151695251465,4.509920120239258,4.744307994842529,4.800893306732178,5.107845783233643,5.232863903045654,5.368480682373047,5.723458290100098,5.967101097106934,6.104130268096924,6.443764686584473
A14,3.7437496185302734,3.4326400756835938,3.0985288619995117,2.9300177097320557,2.6550869941711426,2.3034005165100098,2.0062644481658936,1.7530452013015747,1.4760680198669434,1.1807626485824585,0.8960167765617371,0.7000256180763245,0.364803284406662,0.0,0.37922734022140503,2.287515163421631,2.386841058731079,2.623640775680542,2.994084358215332,3.0647265911102295,3.4372174739837646,3.486203193664551,3.8652572631835938,3.912262201309204,4.2601118087768555,4.400056838989258,4.481204509735107,4.243908882141113,4.170796871185303,3.8148653507232666,2.3658666610717773,2.5535919666290283,2.477726697921753,2.4271562099456787,2.5275380611419678,2.277355670928955,2.3689448833465576,2.1066391468048096,2.230501174926758,1.9788932800292969,2.2157227993011475,2.2315514087677,2.398007392883301,2.546050786972046,2.5756237506866455,3.663527250289917,3.7674918174743652,4.089066505432129,4.1787848472595215,4.3911519050598145,4.523890972137451,4.529044151306152,4.554585933685303,4.45355224609375,4.339480400085449,4.0931220054626465,4.086589813232422,3.810284376144409,3.4862799644470215,3.1271183490753174,3.3556127548217773,3.599544048309326,3.8156797885894775,4.102981090545654,4.307515621185303,4.341880798339844,4.555708408355713,4.617747783660889,4.910140037536621,5.030558109283447,5.152329921722412,5.5109782218933105,5.742610454559326,5.8638014793396,6.201841831207275
A15,3.786638021469116,3.4976933002471924,3.168429374694824,3.0197718143463135,2.774599313735962,2.4316625595092773,2.1114754676818848,1.881006121635437,1.6070553064346313,1.342786192893982,1.079622507095337,0.9778464436531067,0.697442889213562,0.37922734022140503,0.0,2.336960792541504,2.456977128982544,2.67117977142334,3.044368028640747,3.0934338569641113,3.4539291858673096,3.462007761001587,3.840848922729492,3.85164475440979,4.186577796936035,4.319735050201416,4.369399070739746,4.107804775238037,4.020761489868164,3.6561360359191895,2.0499165058135986,2.215038299560547,2.1205086708068848,2.0601425170898438,2.1504476070404053,1.8984841108322144,1.9981476068496704,1.74471914768219,1.8918081521987915,1.6607551574707031,1.93202543258667,1.9590882062911987,2.1053760051727295,2.225512742996216,2.229503870010376,3.3144850730895996,3.413576364517212,3.7390055656433105,3.834561586380005,4.058095932006836,4.205811023712158,4.217139720916748,4.262253761291504,4.174166679382324,4.080519199371338,3.8555495738983154,3.8602538108825684,3.5959506034851074,3.287968397140503,2.9229819774627686,3.2928335666656494,3.511168956756592,3.7202796936035156,3.993013858795166,4.184008598327637,4.195709705352783,4.389610290527344,4.436004161834717,4.717437267303467,4.817821502685547,4.919723987579346,5.2828569412231445,5.5010294914245605,5.614561557769775,5.94474458694458
B1,3.0462138652801514,2.7689144611358643,2.433002233505249,2.5469610691070557,2.2705554962158203,2.0365145206451416,1.7704843282699585,1.9696604013442993,1.6830687522888184,1.9387072324752808,1.7631686925888062,2.08243465423584,2.163059711456299,2.287515163421631,2.336960792541504,0.0,0.3678475320339203,0.6728941202163696,0.8956410884857178,1.1583703756332397,1.4627197980880737,1.5761260986328125,1.8951826095581055,2.001530647277832,2.3105504512786865,2.3851706981658936,2.57692289352417,2.472228527069092,2.436934471130371,2.1800150871276855,2.572258949279785,2.788424491882324,3.0150997638702393,3.0188283920288086,3.337258815765381,3.3122079372406006,3.3619813919067383,3.337942123413086,3.405905246734619,3.3937795162200928,3.6488633155822754,3.8656814098358154,4.070158958435059,4.151093006134033,4.073150157928467,3.6826331615448,3.9225449562072754,4.179065227508545,4.327613830566406,4.478359699249268,4.494545936584473,4.61707067489624,4.579000473022461,4.574672698974609,4.492826461791992,4.222299098968506,4.376375675201416,4.226153373718262,3.9740219116210938,3.7161457538604736,2.746624231338501,3.048084020614624,3.0550451278686523,3.419013500213623,3.476562261581421,3.448760509490967,3.7708191871643066,3.741088628768921,4.110450267791748,4.2283759117126465,4.436794757843018,4.738671779632568,5.044551849365234,5.289528846740723,5.615660190582275
B2,2.7163848876953125,2.436063289642334,2.1061513423919678,2.2354283332824707,1.9640289545059204,1.7597945928573608,1.53244948387146,1.7780251502990723,1.5418201684951782,1.847509741783142,1.7402456998825073,2.079030752182007,2.217043161392212,2.386841058731079,2.456977128982544,0.3678475320339203,0.0,0.3674602806568146,0.6432178020477295,0.8776785731315613,1.21615731716156,1.3830140829086304,1.7088308334350586,1.8672666549682617,2.2068350315093994,2.3330979347229004,2.552244186401367,2.473036289215088,2.492884635925293,2.2584590911865234,2.824951410293579,3.0117504596710205,3.236001968383789,3.2026002407073975,3.51710844039917,3.470351219177246,3.4848692417144775,3.4466805458068848,3.477008581161499,3.4576618671417236,3.6816022396087646,3.9118051528930664,4.142653942108154,4.249940395355225,4.200621128082275,3.8939425945281982,4.151793479919434,4.4178876876831055,4.58711051940918,4.7541093826293945,4.784018516540527,4.91919469833374,4.896289825439453,4.9025044441223145,4.831379413604736,4.56855583190918,4.724857330322266,4.573348045349121,4.319728374481201,4.05336856842041,3.1120858192443848,3.414616346359253,3.4165518283843994,3.7805662155151367,3.8301517963409424,3.7943856716156006,4.116654396057129,4.0743088722229,4.444294452667236,4.551315784454346,4.7549238204956055,5.054630279541016,5.358469486236572,5.609162330627441,5.928830146789551
B3,2.4526302814483643,2.199960470199585,1.8910682201385498,2.07169771194458,1.84597647190094,1.6970863342285156,1.5043975114822388,1.8055331707000732,1.6293838024139404,1.9734864234924316,1.9252498149871826,2.2848167419433594,2.449442148208618,2.623640775680542,2.67117977142334,0.6728941202163696,0.3674602806568146,0.0,0.38180413842201233,0.515714704990387,0.8702703714370728,1.0401495695114136,1.3734643459320068,1.549819827079773,1.9074106216430664,2.073793888092041,2.301762342453003,2.2384586334228516,2.304783821105957,2.095411539077759,2.945680856704712,3.094707727432251,3.3373301029205322,3.275582790374756,3.5967397689819336,3.5571956634521484,3.5387792587280273,3.518327474594116,3.5165257453918457,3.521885871887207,3.723820924758911,3.9795031547546387,4.22346830368042,4.335781574249268,4.294289588928223,3.9147634506225586,4.1966681480407715,4.462038993835449,4.656198024749756,4.83485746383667,4.872824668884277,5.03225564956665,5.027102947235107,5.058022499084473,5.010235786437988,4.765439033508301,4.94131326675415,4.80626106262207,4.567296028137207,4.302343368530273,3.378695011138916,3.667712688446045,3.6448445320129395,4.003256797790527,4.025061130523682,3.9619667530059814,4.279111385345459,4.207443714141846,4.576244354248047,4.659970760345459,4.853710174560547,5.148148059844971,5.4472455978393555,5.708320617675781,6.015246391296387
B4,2.533010721206665,2.3081140518188477,2.034430980682373,2.258805274963379,2.058708667755127,1.9593547582626343,1.814077377319336,2.136037826538086,1.9856407642364502,2.3374369144439697,2.296569585800171,2.6510727405548096,2.817636251449585,2.994084358215332,3.044368028640747,0.8956410884857178,0.6432178020477295,0.38180413842201233,0.0,0.39143234491348267,0.6206217408180237,0.8647853136062622,1.130674958229065,1.3563491106033325,1.687565565109253,1.8387597799301147,2.1106104850769043,2.1072332859039307,2.1974058151245117,2.043097734451294,3.2050693035125732,3.3524444103240967,3.6169605255126953,3.5660817623138428,3.897496461868286,3.8797850608825684,3.8612782955169678,3.860243082046509,3.8566765785217285,3.8782565593719482,4.078789234161377,4.342645168304443,4.585238456726074,4.690855026245117,4.640597343444824,4.112486839294434,4.403148174285889,4.651803493499756,4.847675323486328,5.012384414672852,5.031759262084961,5.202771186828613,5.186827182769775,5.2285075187683105,5.183611869812012,4.938845157623291,5.129831790924072,5.0116424560546875,4.784582614898682,4.5376691818237305,3.4806277751922607,3.7667930126190186,3.7117106914520264,4.068869590759277,4.066170692443848,3.996791124343872,4.323183059692383,4.239231109619141,4.610691547393799,4.693336009979248,4.898585796356201,5.175408840179443,5.481919288635254,5.7592597007751465,6.059415340423584
B5,2.200711727142334,2.0046050548553467,1.7517439126968384,2.011674404144287,1.864639163017273,1.8108956813812256,1.6901655197143555,2.040679693222046,1.94398832321167,2.3147058486938477,2.3269503116607666,2.696061372756958,2.8854856491088867,3.0647265911102295,3.0934338569641113,1.1583703756332397,0.8776785731315613,0.515714704990387,0.39143234491348267,0.0,0.38180097937583923,0.603942334651947,0.9134258031845093,1.1481600999832153,1.52005136013031,1.7455809116363525,1.9989198446273804,1.984750747680664,2.126805067062378,1.9800517559051514,3.2437925338745117,3.349924325942993,3.615201234817505,3.5265913009643555,3.853585958480835,3.828303813934326,3.7733235359191895,3.777738332748413,3.738938331604004,3.7756507396698,3.9489595890045166,4.23251485824585,4.489158630371094,4.60515022277832,4.5710906982421875,4.070873737335205,4.380135536193848,4.637051105499268,4.858595848083496,5.044772148132324,5.085675239562988,5.274828910827637,5.285872459411621,5.346957206726074,5.325376987457275,5.1007843017578125,5.301071643829346,5.188744068145752,4.9691548347473145,4.7120561599731445,3.7676124572753906,4.041322231292725,3.983870267868042,4.3340582847595215,4.3194169998168945,4.226456642150879,4.5389299392700195,4.4324212074279785,4.79807186126709,4.855343341827393,5.040649890899658,5.321399211883545,5.6159186363220215,5.892785549163818,6.181581020355225
B6,2.2661564350128174,2.1217195987701416,1.9201189279556274,2.22141170501709,2.120380401611328,2.113539934158325,2.024536609649658,2.385645866394043,2.310783624649048,2.684783697128296,2.7053472995758057,3.0758438110351562,3.264275074005127,3.4372174739837646,3.4539291858673096,1.4627197980880737,1.21615731716156,0.8702703714370728,0.6206217408180237,0.38180097937583923,0.0,0.37488168478012085,0.5680351257324219,0.8682894706726074,1.216781735420227,1.4582407474517822,1.7427095174789429,1.7872346639633179,1.9726815223693848,1.890272617340088,3.465873956680298,3.555875062942505,3.8418314456939697,3.754164218902588,4.0886688232421875,4.086177349090576,4.022597312927246,4.0519700050354,4.004903316497803,4.066211223602295,4.23385763168335,4.530590057373047,4.78506326675415,4.89218282699585,4.8498077392578125,4.19680118560791,4.518738746643066,4.759779930114746,4.990852355957031,5.169955253601074,5.200447082519531,5.407467365264893,5.418944358825684,5.498804569244385,5.490588665008545,5.276230335235596,5.495375156402588,5.403441905975342,5.200521469116211,4.957895755767822,3.9473562240600586,4.209053993225098,4.120710372924805,4.463241100311279,4.419471263885498,4.308784008026123,4.620176315307617,4.49171781539917,4.854381561279297,4.897959232330322,5.083501815795898,5.3479766845703125,5.642348289489746,5.933076858520508,6.209056377410889
B7,2.326068878173828,2.2190332412719727,2.029540777206421,2.339268445968628,2.2731919288635254,2.2628087997436523,2.144275426864624,2.4974331855773926,2.4174790382385254,2.781285524368286,2.796602725982666,3.1751489639282227,3.3444976806640625,3.486203193664551,3.462007761001587,1.5761260986328125,1.3830140829086304,1.0401495695114136,0.8647853136062622,0.603942334651947,0.37488168478012085,0.0,0.38064077496528625,0.5488767027854919,0.9333294630050659,1.2042676210403442,1.4413219690322876,1.4503235816955566,1.652694821357727,1.5720961093902588,3.2919509410858154,3.3527884483337402,3.6529085636138916,3.5574140548706055,3.895461320877075,3.915558099746704,3.8416907787323,3.9015321731567383,3.849607467651367,3.944324016571045,4.113129615783691,4.424012660980225,4.667669296264648,4.75681734085083,4.7002997398376465,3.923443078994751,4.256466388702393,4.490650177001953,4.735483169555664,4.919816017150879,4.956312656402588,5.179996013641357,5.207422256469727,5.307725429534912,5.321777820587158,5.128354072570801,5.363725185394287,5.289390563964844,5.104933738708496,4.866991996765137,3.9296016693115234,4.168986797332764,4.067181587219238,4.396579265594482,4.3325910568237305,4.19443416595459,4.489118576049805,4.336454391479492,4.690635681152344,4.70956563949585,4.877500057220459,5.1415791511535645,5.424814224243164,5.715805530548096,5.980203151702881
B8,2.4611997604370117,2.395944595336914,2.2511353492736816,2.5852344036102295,2.5471324920654297,2.5714664459228516,2.4829800128936768,2.844425678253174,2.780797004699707,3.1493217945098877,3.1712920665740967,3.5489797592163086,3.7216310501098633,3.8652572631835938,3.840848922729492,1.8951826095581055,1.7088308334350586,1.3734643459320068,1.130674958229065,0.9134258031845093,0.5680351257324219,0.38064077496528625,0.0,0.37848129868507385,0.6795932054519653,0.9758129119873047,1.2584376335144043,1.3600932359695435,1.6123906373977661,1.6197651624679565,3.589325428009033,3.6409506797790527,3.9543673992156982,3.8631603717803955,4.2043561935424805,4.241333961486816,4.16293478012085,4.23914098739624,4.18176794052124,4.291132926940918,4.454102039337158,4.772083282470703,5.014471054077148,5.098291397094727,5.036693096160889,4.140073299407959,4.480072021484375,4.697035789489746,4.946560382843018,5.120936870574951,5.145052433013916,5.382142543792725,5.406517505645752,5.521161079406738,5.544100761413574,5.357816219329834,5.607337474822998,5.5499267578125,5.378873348236084,5.155190944671631,4.145989418029785,4.376237392425537,4.247978210449219,4.569478511810303,4.4808478355407715,4.331143379211426,4.625107288360596,4.45572566986084,4.805302619934082,4.814301490783691,4.984389781951904,5.229553699493408,5.51282262802124,5.816669940948486,6.068290710449219
B9,2.6402432918548584,2.596491813659668,2.451767921447754,2.7802109718322754,2.7570960521698,2.7650160789489746,2.643749952316284,2.9908928871154785,2.911680221557617,3.26513409614563,3.2717509269714355,3.6519775390625,3.8007662296295166,3.912262201309204,3.85164475440979,2.001530647277832,1.8672666549682617,1.549819827079773,1.3563491106033325,1.1481600999832153,0.8682894706726074,0.5488767027854919,0.37848129868507385,0.0,0.39776933193206787,0.7239750027656555,0.9334710240364075,0.9958351850509644,1.2677711248397827,1.2925258874893188,3.4108290672302246,3.4385948181152344,3.7652361392974854,3.675624132156372,4.01899528503418,4.083036422729492,4.003016948699951,4.110829830169678,4.057445049285889,4.1982011795043945,4.3680644035339355,4.694209575653076,4.920177936553955,4.981562614440918,4.9008355140686035,3.8588926792144775,4.2053632736206055,4.41034460067749,4.668350696563721,4.842248439788818,4.867374420166016,5.118777751922607,5.154712200164795,5.2880072593688965,5.330843448638916,5.164514541625977,5.429218769073486,5.390637397766113,5.239406108856201,5.024598598480225,4.0777692794799805,4.28411865234375,4.1421284675598145,4.447961330413818,4.339402198791504,4.164393424987793,4.440484523773193,4.2488322257995605,4.588041305541992,4.573976993560791,4.727619647979736,4.970150947570801,5.242516994476318,5.546311378479004,5.786464214324951
B10,2.9613938331604004,2.9448466300964355,2.8213491439819336,3.1577084064483643,3.1464319229125977,3.1613683700561523,3.0409462451934814,3.3865489959716797,3.3019261360168457,3.651407480239868,3.6468088626861572,4.026102066040039,4.1625542640686035,4.2601118087768555,4.186577796936035,2.3105504512786865,2.2068350315093994,1.9074106216430664,1.687565565109253,1.52005136013031,1.216781735420227,0.9333294630050659,0.6795932054519653,0.39776933193206787,0.0,0.3950906991958618,0.6108528971672058,0.7964491844177246,1.1070528030395508,1.2462025880813599,3.59202241897583,3.60971999168396,3.951633930206299,3.876596450805664,4.222639560699463,4.315929889678955,4.24099588394165,4.375778675079346,4.3289594650268555,4.492294788360596,4.667229175567627,4.997580051422119,5.210646152496338,5.253787994384766,5.15535306930542,3.932051181793213,4.280343055725098,4.459190845489502,4.717419147491455,4.874941349029541,4.88310432434082,5.1489176750183105,5.181291103363037,5.332794666290283,5.388979434967041,5.236259460449219,5.518887519836426,5.504849910736084,5.375485897064209,5.181457042694092,4.1869893074035645,4.372585296630859,4.200312614440918,4.489055633544922,4.3494553565979,4.155411720275879,4.421605110168457,4.207597255706787,4.535521507263184,4.504660129547119,4.654930591583252,4.875401496887207,5.143314838409424,5.458449363708496,5.681717872619629
B11,3.3446528911590576,3.3140439987182617,3.1739895343780518,3.5018787384033203,3.4664835929870605,3.4571099281311035,3.3144965171813965,3.6508944034576416,3.534127712249756,3.873447895050049,3.834615707397461,4.208953380584717,4.321060657501221,4.400056838989258,4.319735050201416,2.3851706981658936,2.3330979347229004,2.073793888092041,1.8387597799301147,1.7455809116363525,1.4582407474517822,1.2042676210403442,0.9758129119873047,0.7239750027656555,0.3950906991958618,0.0,0.3826060891151428,0.6804938912391663,0.917415976524353,1.131890058517456,3.586237668991089,3.6192755699157715,3.974085569381714,3.9334700107574463,4.285697937011719,4.40748405456543,4.359589576721191,4.513072490692139,4.494176864624023,4.6671576499938965,4.865448474884033,5.188554763793945,5.38245153427124,5.40346622467041,5.279302597045898,3.8938424587249756,4.230971336364746,4.384969711303711,4.6260175704956055,4.757014274597168,4.7381591796875,5.004046440124512,5.017368793487549,5.1723551750183105,5.226737976074219,5.074914455413818,5.368134498596191,5.372370719909668,5.258950710296631,5.088159561157227,4.014049530029297,4.182927131652832,3.984916925430298,4.260196208953857,4.098413944244385,3.8968591690063477,4.160719394683838,3.938220262527466,4.260940074920654,4.229732036590576,4.388753890991211,4.591681480407715,4.864165782928467,5.188721656799316,5.407389163970947
B12,3.500891923904419,3.4883811473846436,3.352276563644409,3.6743617057800293,3.6555440425872803,3.6390950679779053,3.4779815673828125,3.800945997238159,3.680408477783203,4.004893779754639,3.961148738861084,4.333917617797852,4.428722381591797,4.481204509735107,4.369399070739746,2.57692289352417,2.552244186401367,2.301762342453003,2.1106104850769043,1.9989198446273804,1.7427095174789429,1.4413219690322876,1.2584376335144043,0.9334710240364075,0.6108528971672058,0.3826060891151428,0.0,0.3839176595211029,0.6511316299438477,0.939677894115448,3.477503776550293,3.480039119720459,3.8409171104431152,3.798304319381714,4.145306587219238,4.290899276733398,4.237883567810059,4.419701099395752,4.400691509246826,4.60169792175293,4.799926280975342,5.128324031829834,5.3065104484558105,5.307765007019043,5.169156551361084,3.656017303466797,3.997771978378296,4.136918544769287,4.38830041885376,4.520400524139404,4.506000995635986,4.788058280944824,4.81817626953125,4.994701862335205,5.073190689086914,4.946663856506348,5.253604412078857,5.276922702789307,5.184770107269287,5.0220489501953125,4.045992374420166,4.188094615936279,3.981736898422241,4.236538410186768,4.056648254394531,3.828113555908203,4.066280364990234,3.819197654724121,4.125298500061035,4.064177989959717,4.199105262756348,4.398590087890625,4.654411315917969,4.976324558258057,5.179293155670166
B13,3.4623045921325684,3.441335678100586,3.287910223007202,3.590743064880371,3.570359945297241,3.5316171646118164,3.343402147293091,3.646369457244873,3.5146355628967285,3.820242166519165,3.767893075942993,4.136160373687744,4.214080333709717,4.243908882141113,4.107804775238037,2.472228527069092,2.473036289215088,2.2384586334228516,2.1072332859039307,1.984750747680664,1.7872346639633179,1.4503235816955566,1.3600932359695435,0.9958351850509644,0.7964491844177246,0.6804938912391663,0.3839176595211029,0.0,0.37129536271095276,0.6111541390419006,3.137320041656494,3.1218996047973633,3.4824748039245605,3.4345896244049072,3.778693675994873,3.932013988494873,3.8780245780944824,4.071892738342285,4.0568528175354,4.270565986633301,4.4732255935668945,4.801074504852295,4.968296527862549,4.958342552185059,4.812071323394775,3.282183885574341,3.6279637813568115,3.7742767333984375,4.033719062805176,4.178536415100098,4.179779529571533,4.46489143371582,4.511148929595947,4.6921563148498535,4.781069278717041,4.665548801422119,4.97243070602417,4.995086669921875,4.906484603881836,4.736903190612793,3.882758140563965,4.014819622039795,3.8232240676879883,4.073205471038818,3.9013659954071045,3.6627440452575684,3.886664628982544,3.6358747482299805,3.938586473464966,3.865877866744995,3.9831442832946777,4.2016377449035645,4.448143005371094,4.757962226867676,4.964340686798096
B14,3.7262368202209473,3.6812338829040527,3.5015370845794678,3.7849555015563965,3.7379891872406006,3.6659958362579346,3.4475653171539307,3.730037212371826,3.5647470951080322,3.849358320236206,3.7620997428894043,4.119716167449951,4.167436122894287,4.170796871185303,4.020761489868164,2.436934471130371,2.492884635925293,2.304783821105957,2.1974058151245117,2.126805067062378,1.9726815223693848,1.652694821357727,1.6123906373977661,1.2677711248397827,1.1070528030395508,0.917415976524353,0.6511316299438477,0.37129536271095276,0.0,0.3749416768550873,2.9105191230773926,2.908456325531006,3.276732921600342,3.262860059738159,3.6096537113189697,3.7882089614868164,3.7642149925231934,3.9734561443328857,3.990140438079834,4.210102081298828,4.4375786781311035,4.753086090087891,4.8977370262146,4.864730358123779,4.693168640136719,3.0410842895507812,3.373231887817383,3.503582000732422,3.745718479156494,3.8718676567077637,3.855733871459961,4.137197494506836,4.171095848083496,4.351879596710205,4.43955135345459,4.325995445251465,4.638923168182373,4.6731953620910645,4.596926689147949,4.442599773406982,3.5894222259521484,3.7026689052581787,3.501662254333496,3.738764762878418,3.5572900772094727,3.3093795776367188,3.5251622200012207,3.269155502319336,3.5689921379089355,3.4945948123931885,3.613142490386963,3.8326969146728516,4.081897735595703,4.3920745849609375,4.6030168533325195
