,A1,A2,A3,A4,A5,A6,A7,A8,A9,A10,A11,A12,A13,A14,A15,B1,B2,B3,B4,B5,B6,B7,B8,B9,B10,B11,B12,B13,B14,B15,C1,C2,C3,C4,C5,C6,C7,C8,C9,C10,C11,C12,C13,C14,C15,D1,D2,D3,D4,D5,D6,D7,D8,D9,D10,D11,D12,D13,D14,D15,E1,E2,E3,E4,E5,E6,E7,E8,E9,E10,E11,E12,E13,E14,E15
A1,0.0,0.39704349637031555,0.7298598289489746,0.956552267074585,1.2862653732299805,1.5393705368041992,1.8040413856506348,2.1401259899139404,2.2180912494659424,2.542964458465576,2.5471339225769043,2.9274344444274902,3.061387538909912,3.304020881652832,3.602740526199341,3.4407155513763428,3.1414241790771484,3.019141912460327,2.9375321865081787,2.8217742443084717,2.867872476577759,2.6726744174957275,2.883582830429077,2.696042776107788,2.946342945098877,2.966379165649414,3.3014168739318848,3.5122435092926025,3.6702070236206055,4.001492977142334,4.686940670013428,4.305018424987793,4.210726261138916,3.9442243576049805,3.8356685638427734,3.693143367767334,3.4721364974975586,3.4998390674591064,3.1623101234436035,3.285928726196289,3.325058698654175,3.563828229904175,3.833916425704956,3.8820292949676514,4.243794918060303,5.525979518890381,5.2116007804870605,5.09923791885376,4.741250991821289,4.587399005889893,4.203681945800781,4.015005111694336,3.6852495670318604,3.4105732440948486,3.326633930206299,3.479421854019165,3.636242151260376,3.9389424324035645,3.886211395263672,4.248319625854492,5.138118267059326,4.938274383544922,4.880216121673584,4.554766654968262,4.435478210449219,4.043779373168945,3.9178428649902344,3.5396382808685303,3.3411107063293457,3.188504219055176,3.398468255996704,3.454577922821045,3.8138833045959473,3.7420806884765625,4.105696201324463
A2,0.39704349637031555,0.0,0.4043329060077667,0.5714866518974304,0.9123892784118652,1.1568291187286377,1.4101942777633667,1.751600980758667,1.8255387544631958,2.156184673309326,2.180370569229126,2.5633623600006104,2.71773362159729,2.9655258655548096,3.2740976810455322,3.2032899856567383,2.881903886795044,2.7515087127685547,2.636296510696411,2.5088274478912354,2.523261308670044,2.3162193298339844,2.5089688301086426,2.308164596557617,2.554518938064575,2.585064649581909,2.9208624362945557,3.1433281898498535,3.306490659713745,3.6444554328918457,4.352612495422363,3.970951795578003,3.8726470470428467,3.593958854675293,3.481116771697998,3.32259464263916,3.0999815464019775,3.1153435707092285,2.7731926441192627,2.8906071186065674,2.93434739112854,3.1734840869903564,3.449491262435913,3.504451036453247,3.870086193084717,5.129289150238037,4.814962387084961,4.702525615692139,4.344479084014893,4.192322254180908,3.8079724311828613,3.623347043991089,3.294283390045166,3.01723313331604,2.9300854206085205,3.0830652713775635,3.242807626724243,3.5477681159973145,3.5037782192230225,3.869324207305908,4.768126964569092,4.55957555770874,4.503355026245117,4.172896862030029,4.057123184204102,3.663496494293213,3.5382707118988037,3.1630806922912598,2.9552550315856934,2.7999699115753174,3.0060677528381348,3.070580244064331,3.4307327270507812,3.3677854537963867,3.735806703567505
A3,0.7298598289489746,0.4043329060077667,0.0,0.3767981231212616,0.5833970904350281,0.9043512940406799,1.1374672651290894,1.4722501039505005,1.612178087234497,1.9438273906707764,2.0002918243408203,2.395942449569702,2.558220624923706,2.8404858112335205,3.1412153244018555,3.0042123794555664,2.6811330318450928,2.508352518081665,2.392524242401123,2.221611738204956,2.2372093200683594,2.0006203651428223,2.190528392791748,2.017544746398926,2.2957966327667236,2.3559694290161133,2.7157020568847656,2.9415223598480225,3.14265513420105,3.4767796993255615,4.0662841796875,3.687070369720459,3.5627739429473877,3.292853593826294,3.1555287837982178,3.0095393657684326,2.767991542816162,2.794450283050537,2.4687280654907227,2.6200814247131348,2.686239719390869,2.9580373764038086,3.237633466720581,3.3329429626464844,3.699522018432617,4.885777473449707,4.561888217926025,4.433460235595703,4.078395843505859,3.9071075916290283,3.529110908508301,3.320134401321411,2.998272657394409,2.7230913639068604,2.6743013858795166,2.842594861984253,3.0400943756103516,3.350296974182129,3.347127676010132,3.720057964324951,4.618683338165283,4.386134624481201,4.312946319580078,3.9720544815063477,3.837547779083252,3.4427554607391357,3.2870328426361084,2.9175329208374023,2.6907525062561035,2.5728845596313477,2.794255018234253,2.9034783840179443,3.26924467086792,3.244440793991089,3.623352289199829
A4,0.956552267074585,0.5714866518974304,0.3767981231212616,0.0,0.3862348198890686,0.5859622359275818,0.8616865277290344,1.18404221534729,1.2805882692337036,1.6056904792785645,1.645694613456726,2.0373425483703613,2.2051146030426025,2.4752938747406006,2.784045696258545,2.780627489089966,2.4364306926727295,2.2908785343170166,2.136291980743408,1.99224054813385,1.9727578163146973,1.7571637630462646,1.9415723085403442,1.7405786514282227,1.99234938621521,2.026123285293579,2.3738045692443848,2.598409414291382,2.783761501312256,3.1210238933563232,3.8062973022460938,3.425750970840454,3.323399066925049,3.035407066345215,2.9215004444122314,2.7536845207214355,2.5362634658813477,2.554586172103882,2.2118003368377686,2.336794853210449,2.3740296363830566,2.628859281539917,2.90157151222229,2.979720115661621,3.344801902770996,4.592862606048584,4.270086288452148,4.1617021560668945,3.7999427318573,3.652345895767212,3.26869535446167,3.084883213043213,2.7707087993621826,2.4764626026153564,2.401834487915039,2.54116153717041,2.7229974269866943,3.0222625732421875,3.0025417804718018,3.3709354400634766,4.347140789031982,4.113625526428223,4.064477443695068,3.7187373638153076,3.6115169525146484,3.2138431072235107,3.081495523452759,2.719592571258545,2.4755518436431885,2.325671434402466,2.5137546062469482,2.6119229793548584,2.9691286087036133,2.9248268604278564,3.299962282180786
A5,1.2862653732299805,0.9123892784118652,0.5833970904350281,0.3862348198890686,0.0,0.38032180070877075,0.5821095108985901,0.8940037488937378,1.0756864547729492,1.398201823234558,1.4908004999160767,1.8869415521621704,2.071777105331421,2.3727638721466064,2.673523187637329,2.6459593772888184,2.2979469299316406,2.1086370944976807,1.939532995223999,1.7435388565063477,1.7050464153289795,1.4468270540237427,1.613109827041626,1.4347772598266602,1.720859408378601,1.7969415187835693,2.166836738586426,2.4003899097442627,2.6242167949676514,2.9580366611480713,3.5346176624298096,3.1578476428985596,3.026838779449463,2.7422637939453125,2.5995326042175293,2.4355785846710205,2.195099115371704,2.216560125350952,1.8883557319641113,2.0467841625213623,2.113497257232666,2.4010627269744873,2.6802845001220703,2.8013415336608887,3.16682767868042,4.323755264282227,3.993295669555664,3.8680076599121094,3.5102267265319824,3.343247652053833,2.96598744392395,2.758915901184082,2.4510552883148193,2.1595239639282227,2.1241672039031982,2.281799554824829,2.5024044513702393,2.80743145942688,2.832409381866455,3.2066280841827393,4.166355133056641,3.910141706466675,3.8441224098205566,3.489616870880127,3.364704132080078,2.9678938388824463,2.8064138889312744,2.4532909393310547,2.1893503665924072,2.079315185546875,2.2817962169647217,2.42737078666687,2.7869949340820312,2.785163640975952,3.1679511070251465
A6,1.5393705368041992,1.1568291187286377,0.9043512940406799,0.5859622359275818,0.38032180070877075,0.0,0.38560202717781067,0.6127634048461914,0.7486826777458191,1.0499309301376343,1.1146007776260376,1.5113632678985596,1.6979109048843384,1.9932124614715576,2.298394203186035,2.40814208984375,2.040393352508545,1.8841404914855957,1.669969081878662,1.5102800130844116,1.428324818611145,1.2059452533721924,1.3725000619888306,1.1660469770431519,1.41970694065094,1.452402114868164,1.8143876791000366,2.0403079986572266,2.2529399394989014,2.5870912075042725,3.256617307662964,2.8786518573760986,2.7754857540130615,2.472642183303833,2.362269878387451,2.1775527000427246,1.9734891653060913,1.9947386980056763,1.649507999420166,1.7800763845443726,1.8006187677383423,2.074284076690674,2.3393213748931885,2.445852279663086,2.807465076446533,4.048360824584961,3.7161521911621094,3.6166844367980957,3.2501323223114014,3.113262176513672,2.731375217437744,2.554485559463501,2.265235662460327,1.9459125995635986,1.8856748342514038,1.9971052408218384,2.2058353424072266,2.492183208465576,2.502206563949585,2.8697879314422607,3.9448516368865967,3.6842057704925537,3.6480724811553955,3.286980628967285,3.1962521076202393,2.7990262508392334,2.6641383171081543,2.3285675048828125,2.0390195846557617,1.894728422164917,2.046023368835449,2.1860766410827637,2.5302605628967285,2.5071821212768555,2.8837809562683105
A7,1.8040413856506348,1.4101942777633667,1.1374672651290894,0.8616865277290344,0.5821095108985901,0.38560202717781067,0.0,0.3939306437969208,0.5413879156112671,0.8820077776908875,1.0783692598342896,1.4452145099639893,1.6976823806762695,1.9820456504821777,2.3020005226135254,2.571174383163452,2.196326732635498,2.0208418369293213,1.764785885810852,1.5664174556732178,1.4035643339157104,1.1248061656951904,1.1823416948318481,0.923443078994751,1.1755980253219604,1.2977757453918457,1.652030110359192,1.9263381958007812,2.1464977264404297,2.4961986541748047,3.1847927570343018,2.817068099975586,2.687736749649048,2.3676435947418213,2.2230305671691895,1.9982844591140747,1.7621755599975586,1.7248507738113403,1.3707250356674194,1.4866883754730225,1.5690370798110962,1.8434815406799316,2.143655776977539,2.2707486152648926,2.644251823425293,3.750037908554077,3.4250988960266113,3.3047966957092285,2.9458301067352295,2.7909605503082275,2.4080920219421387,2.2253499031066895,1.915195345878601,1.6153147220611572,1.5505220890045166,1.7063038349151611,1.923186182975769,2.2346789836883545,2.273993730545044,2.6522059440612793,3.614250898361206,3.347789764404297,3.293121337890625,2.932605266571045,2.826042890548706,2.4287891387939453,2.2844483852386475,1.9459127187728882,1.660489797592163,1.5284632444381714,1.7078304290771484,1.867767095565796,2.221740961074829,2.237023115158081,2.6209938526153564
A8,2.1401259899139404,1.751600980758667,1.4722501039505005,1.18404221534729,0.8940037488937378,0.6127634048461914,0.3939306437969208,0.0,0.37084946036338806,0.5827242136001587,0.7970757484436035,1.143667459487915,1.3891724348068237,1.6966651678085327,1.9940390586853027,2.2999067306518555,1.9237239360809326,1.747939109802246,1.458566427230835,1.2589234113693237,1.0430210828781128,0.7730814218521118,0.8131303191184998,0.5574926733970642,0.8285369277000427,0.9370484948158264,1.3132370710372925,1.5707229375839233,1.823893666267395,2.157707691192627,2.7965006828308105,2.4309465885162354,2.3066306114196777,1.9796050786972046,1.8468729257583618,1.6169474124908447,1.4045764207839966,1.3917789459228516,1.0387184619903564,1.1764065027236938,1.2211166620254517,1.527047872543335,1.8044089078903198,1.963982105255127,2.3250365257263184,3.4580204486846924,3.119504690170288,3.0141232013702393,2.6479196548461914,2.5085861682891846,2.129894971847534,1.9535859823226929,1.6849617958068848,1.3487406969070435,1.3146674633026123,1.4190843105316162,1.6727296113967896,1.9568061828613281,2.02620792388916,2.3949058055877686,3.4869701862335205,3.1967456340789795,3.160332441329956,2.787551164627075,2.702613115310669,2.3129353523254395,2.1679162979125977,1.870017647743225,1.5379210710525513,1.4214627742767334,1.5409948825836182,1.7454614639282227,2.0710806846618652,2.100245237350464,2.4744210243225098
A9,2.2180912494659424,1.8255387544631958,1.612178087234497,1.2805882692337036,1.0756864547729492,0.7486826777458191,0.5413879156112671,0.37084946036338806,0.0,0.3702766001224518,0.6297528743743896,0.9456655383110046,1.2490042448043823,1.4954595565795898,1.8320395946502686,2.4199469089508057,2.031327724456787,1.9181632995605469,1.5935611724853516,1.4664968252182007,1.2049126625061035,1.0139857530593872,0.9949049353599548,0.6559290289878845,0.7646201848983765,0.8288279175758362,1.143404245376587,1.4354552030563354,1.6235908269882202,1.9856749773025513,2.875211238861084,2.516831636428833,2.4328088760375977,2.080979347229004,1.9895861148834229,1.7132062911987305,1.5484269857406616,1.4786968231201172,1.1014403104782104,1.1203776597976685,1.1229408979415894,1.3510600328445435,1.6434991359710693,1.7402688264846802,2.1158225536346436,3.3321282863616943,3.0104331970214844,2.931758165359497,2.561936378479004,2.4610280990600586,2.073050022125244,1.956655740737915,1.681498408317566,1.3494054079055786,1.2149063348770142,1.2815325260162354,1.4619232416152954,1.7475993633270264,1.7603226900100708,2.1324777603149414,3.256209135055542,2.986250877380371,2.9809863567352295,2.615072250366211,2.569260597229004,2.179663896560669,2.0920872688293457,1.7970093488693237,1.4868446588516235,1.2864488363265991,1.3556127548217773,1.4973580837249756,1.8185166120529175,1.8001741170883179,2.172633647918701
A10,2.542964458465576,2.156184673309326,1.9438273906707764,1.6056904792785645,1.398201823234558,1.0499309301376343,0.8820077776908875,0.5827242136001587,0.3702766001224518,0.0,0.3879559636116028,0.6152526140213013,0.9392354488372803,1.184887170791626,1.5072696208953857,2.238258123397827,1.8546243906021118,1.77155339717865,1.4139678478240967,1.3300055265426636,1.0124822854995728,0.9084475040435791,0.8477099537849426,0.5380358695983887,0.5057549476623535,0.4677303731441498,0.7804455757141113,1.065567970275879,1.2678583860397339,1.6233855485916138,2.559835195541382,2.209456205368042,2.152132749557495,1.7889504432678223,1.7365771532058716,1.4440568685531616,1.3434066772460938,1.2857106924057007,0.9276565909385681,0.9063722491264343,0.8097484111785889,1.0352617502212524,1.2964180707931519,1.405084490776062,1.7708401679992676,3.066164255142212,2.736179828643799,2.6870760917663574,2.310319662094116,2.245396375656128,1.8659940958023071,1.7849762439727783,1.567141056060791,1.2117736339569092,1.0793437957763672,1.0444468259811401,1.2320616245269775,1.4715163707733154,1.4952328205108643,1.852415680885315,3.1390881538391113,2.853695869445801,2.8793206214904785,2.508293628692627,2.499786138534546,2.1276936531066895,2.0604166984558105,1.8184386491775513,1.4847675561904907,1.2872880697250366,1.26045823097229,1.4217528104782104,1.692603588104248,1.6699351072311401,2.019989490509033
A11,2.5471339225769043,2.180370569229126,2.0002918243408203,1.645694613456726,1.4908004999160767,1.1146007776260376,1.0783692598342896,0.7970757484436035,0.6297528743743896,0.3879559636116028,0.0,0.40009433031082153,0.6278754472732544,0.9093050360679626,1.224583387374878,1.9504960775375366,1.5635509490966797,1.5422677993774414,1.185004711151123,1.197372555732727,0.9295067191123962,0.9558447003364563,1.0178353786468506,0.8157172799110413,0.7820807695388794,0.532049298286438,0.799752950668335,0.9671363830566406,1.1482980251312256,1.4769567251205444,2.46234393119812,2.104085683822632,2.1026322841644287,1.753301739692688,1.7722156047821045,1.526517629623413,1.4996737241744995,1.518818736076355,1.2005537748336792,1.193857192993164,0.9883566498756409,1.1761751174926758,1.345290184020996,1.410837173461914,1.742699146270752,3.238490104675293,2.904578447341919,2.8962974548339844,2.5167768001556396,2.4914913177490234,2.1277525424957275,2.06998610496521,1.8964660167694092,1.5324106216430664,1.4148101806640625,1.3048192262649536,1.4596444368362427,1.6300115585327148,1.6068291664123535,1.9270423650741577,3.3942978382110596,3.1162807941436768,3.1755635738372803,2.8092377185821533,2.831916332244873,2.470896005630493,2.422015428543091,2.195542573928833,1.8614873886108398,1.65755033493042,1.5893646478652954,1.7176860570907593,1.9517828226089478,1.8762933015823364,2.1970396041870117
A12,2.9274344444274902,2.5633623600006104,2.395942449569702,2.0373425483703613,1.8869415521621704,1.5113632678985596,1.4452145099639893,1.143667459487915,0.9456655383110046,0.6152526140213013,0.40009433031082153,0.0,0.38122203946113586,0.5727945566177368,0.8971074223518372,1.9810718297958374,1.6184128522872925,1.6545785665512085,1.282149314880371,1.3587646484375,1.0566866397857666,1.1683231592178345,1.1573151350021362,0.9957859516143799,0.8165514469146729,0.46563270688056946,0.512512743473053,0.6222168207168579,0.7509766221046448,1.086603045463562,2.2774832248687744,1.945102572441101,1.992071509361267,1.635427713394165,1.713275671005249,1.4470492601394653,1.5058897733688354,1.50666081905365,1.2402851581573486,1.1520382165908813,0.848532497882843,0.9313716292381287,1.0251619815826416,1.0486286878585815,1.3602964878082275,2.9648032188415527,2.638580083847046,2.6731035709381104,2.2977278232574463,2.3272905349731445,1.9860252141952515,1.99149489402771,1.875408411026001,1.5287284851074219,1.3880250453948975,1.1772762537002563,1.2742892503738403,1.3658785820007324,1.3186819553375244,1.6008565425872803,3.212973117828369,2.9354653358459473,3.0343966484069824,2.6772992610931396,2.7479307651519775,2.4158599376678467,2.407769203186035,2.2342703342437744,1.910390853881836,1.6961674690246582,1.5391746759414673,1.6447759866714478,1.809556245803833,1.7118957042694092,1.988835096359253
A13,3.061387538909912,2.71773362159729,2.558220624923706,2.2051146030426025,2.071777105331421,1.6979109048843384,1.6976823806762695,1.3891724348068237,1.2490042448043823,0.9392354488372803,0.6278754472732544,0.38122203946113586,0.0,0.3890388309955597,0.611089289188385,1.67680025100708,1.3349894285202026,1.4397623538970947,1.0895037651062012,1.2656452655792236,1.0333834886550903,1.2545348405838013,1.3210889101028442,1.2505823373794556,1.1108585596084595,0.7280728220939636,0.739325761795044,0.6330724358558655,0.7539776563644409,0.9803469777107239,2.0952553749084473,1.7648051977157593,1.8694638013839722,1.5459003448486328,1.6948500871658325,1.4967743158340454,1.6215808391571045,1.6981412172317505,1.4821712970733643,1.4379469156265259,1.098483681678772,1.1793169975280762,1.1616477966308594,1.1791765689849854,1.4079238176345825,3.1191110610961914,2.7873759269714355,2.8527047634124756,2.4841220378875732,2.538684129714966,2.2240798473358154,2.232654094696045,2.161818027496338,1.8122117519378662,1.7152798175811768,1.4752273559570312,1.5786476135253906,1.6065382957458496,1.5577515363693237,1.7812294960021973,3.5089902877807617,3.2292661666870117,3.3458516597747803,2.9927093982696533,3.0767271518707275,2.757585048675537,2.7451562881469727,2.5880415439605713,2.2542381286621094,2.061027765274048,1.8940614461898804,2.005112886428833,2.1415956020355225,2.0328493118286133,2.2768983840942383
A14,3.304020881652832,2.9655258655548096,2.8404858112335205,2.4752938747406006,2.3727638721466064,1.9932124614715576,1.9820456504821777,1.6966651678085327,1.4954595565795898,1.184887170791626,0.9093050360679626,0.5727945566177368,0.3890388309955597,0.0,0.38420599699020386,1.9250680208206177,1.6170846223831177,1.7745046615600586,1.4432306289672852,1.6450636386871338,1.4097577333450317,1.625809669494629,1.648250937461853,1.546618938446045,1.3415989875793457,0.974535346031189,0.8277634382247925,0.6780508160591125,0.575202465057373,0.7758910655975342,2.2243094444274902,1.9336415529251099,2.084850549697876,1.7689213752746582,1.9526443481445312,1.7359424829483032,1.895707607269287,1.9295247793197632,1.7276486158370972,1.6103229522705078,1.2510486841201782,1.2044428586959839,1.1255958080291748,1.0203502178192139,1.2007505893707275,3.0370631217956543,2.7319722175598145,2.8415114879608154,2.4860830307006836,2.5934653282165527,2.2980034351348877,2.367626190185547,2.3157958984375,1.9933308362960815,1.847047209739685,1.563539743423462,1.5737853050231934,1.538541555404663,1.4144996404647827,1.5801900625228882,3.394132137298584,3.1385765075683594,3.297222852706909,2.9645838737487793,3.0952508449554443,2.800104856491089,2.838048219680786,2.7066962718963623,2.401573419570923,2.1756045818328857,1.9560723304748535,2.006347179412842,2.0881478786468506,1.9281874895095825,2.12138295173645
A15,3.602740526199341,3.2740976810455322,3.1412153244018555,2.784045696258545,2.673523187637329,2.298394203186035,2.3020005226135254,1.9940390586853027,1.8320395946502686,1.5072696208953857,1.224583387374878,0.8971074223518372,0.611089289188385,0.38420599699020386,0.0,1.7890746593475342,1.5401619672775269,1.7473539113998413,1.4564493894577026,1.7108089923858643,1.5177003145217896,1.7949378490447998,1.8326828479766846,1.798931360244751,1.5970672369003296,1.2250854969024658,1.0505924224853516,0.7712529301643372,0.6623026132583618,0.6466286182403564,2.005387783050537,1.747748613357544,1.9591649770736694,1.6874409914016724,1.934073567390442,1.772303581237793,1.9950333833694458,2.073143243789673,1.9295082092285156,1.832689642906189,1.4530264139175415,1.399795651435852,1.2232369184494019,1.1355698108673096,1.1988027095794678,3.0564486980438232,2.7521259784698486,2.894644021987915,2.5557687282562256,2.692655563354492,2.4348740577697754,2.517367124557495,2.51940655708313,2.2067811489105225,2.1002392768859863,1.7872406244277954,1.8070262670516968,1.7085998058319092,1.611251950263977,1.7070261240005493,3.5914812088012695,3.329488515853882,3.503906726837158,3.1789186000823975,3.324374198913574,3.0515382289886475,3.086867332458496,2.9862964153289795,2.6747565269470215,2.4763031005859375,2.2385287284851074,2.3064489364624023,2.3520708084106445,2.2051212787628174,2.359760284423828
B1,3.4407155513763428,3.2032899856567383,3.0042123794555664,2.780627489089966,2.6459593772888184,2.40814208984375,2.571174383163452,2.2999067306518555,2.4199469089508057,2.238258123397827,1.9504960775375366,1.9810718297958374,1.67680025100708,1.9250680208206177,1.7890746593475342,0.0,0.3927442133426666,0.6127641201019287,0.8670282363891602,1.15865159034729,1.4264647960662842,1.7482022047042847,2.050326347351074,2.2470507621765137,2.3310723304748535,2.0564002990722656,2.2186148166656494,2.002955913543701,2.2341372966766357,2.213080644607544,1.8864887952804565,1.6068440675735474,1.7389589548110962,1.7142614126205444,1.9122856855392456,2.065704822540283,2.2151787281036377,2.535428762435913,2.464900493621826,2.6433746814727783,2.3835320472717285,2.6152985095977783,2.524247884750366,2.6746346950531006,2.7734522819519043,4.261662483215332,3.8954365253448486,3.9407894611358643,3.6069910526275635,3.6079907417297363,3.3614203929901123,3.2542829513549805,3.25713849067688,2.911571979522705,3.003624200820923,2.8286924362182617,3.067124366760254,3.0802581310272217,3.138824462890625,3.3181586265563965,5.045630931854248,4.72332763671875,4.7949652671813965,4.427347660064697,4.446819305419922,4.129434585571289,4.009321212768555,3.851318836212158,3.4728829860687256,3.4045684337615967,3.3266336917877197,3.5391156673431396,3.703732490539551,3.6627702713012695,3.9137449264526367
B2,3.1414241790771484,2.881903886795044,2.6811330318450928,2.4364306926727295,2.2979469299316406,2.040393352508545,2.196326732635498,1.9237239360809326,2.031327724456787,1.8546243906021118,1.5635509490966797,1.6184128522872925,1.3349894285202026,1.6170846223831177,1.5401619672775269,0.3927442133426666,0.0,0.3834717273712158,0.5225375890731812,0.8581050038337708,1.0970920324325562,1.417098045349121,1.7265625,1.8908480405807495,1.9775646924972534,1.6994702816009521,1.8864765167236328,1.7060024738311768,1.9478018283843994,1.9815269708633423,1.908842921257019,1.5799951553344727,1.6824179887771606,1.5752660036087036,1.7463465929031372,1.8381294012069702,1.9600186347961426,2.254356861114502,2.144355058670044,2.3130908012390137,2.0565145015716553,2.2962167263031006,2.23974609375,2.384981393814087,2.5240638256073,4.045786380767822,3.678468942642212,3.712143659591675,3.3640427589416504,3.3563649654388428,3.084606647491455,2.977252960205078,2.949862241744995,2.5934693813323975,2.663465976715088,2.4994144439697266,2.7351129055023193,2.7732574939727783,2.822039842605591,3.0266878604888916,4.725294589996338,4.408393859863281,4.475649356842041,4.105233192443848,4.121486663818359,3.7932279109954834,3.678941488265991,3.5055723190307617,3.129307746887207,3.0446691513061523,2.9738495349884033,3.1784257888793945,3.3574156761169434,3.311950922012329,3.576693534851074
B3,3.019141912460327,2.7515087127685547,2.508352518081665,2.2908785343170166,2.1086370944976807,1.8841404914855957,2.0208418369293213,1.747939109802246,1.9181632995605469,1.77155339717865,1.5422677993774414,1.6545785665512085,1.4397623538970947,1.7745046615600586,1.7473539113998413,0.6127641201019287,0.3834717273712158,0.0,0.3806219696998596,0.5684757828712463,0.8959032893180847,1.1720011234283447,1.5048890113830566,1.7118439674377441,1.8537571430206299,1.6366242170333862,1.8806809186935425,1.7502562999725342,2.047032356262207,2.1167361736297607,1.8897457122802734,1.5430418252944946,1.5582212209701538,1.4547239542007446,1.5531606674194336,1.6695630550384521,1.7387250661849976,2.0550692081451416,1.9583112001419067,2.177374839782715,1.9723001718521118,2.2639052867889404,2.24780011177063,2.4431521892547607,2.6123738288879395,4.004508018493652,3.6278228759765625,3.623809814453125,3.276998519897461,3.228109121322632,2.9541163444519043,2.8048818111419678,2.7672617435455322,2.4175491333007812,2.5277767181396484,2.4070515632629395,2.6852335929870605,2.7574408054351807,2.8477721214294434,3.080657958984375,4.681469917297363,4.351668357849121,4.386500358581543,4.010303497314453,3.9925549030303955,3.659379720687866,3.511497974395752,3.331155776977539,2.9512548446655273,2.902904510498047,2.8700242042541504,3.107959032058716,3.3097009658813477,3.302560806274414,3.589503288269043
B4,2.9375321865081787,2.636296510696411,2.392524242401123,2.136291980743408,1.939532995223999,1.669969081878662,1.764785885810852,1.458566427230835,1.5935611724853516,1.4139678478240967,1.185004711151123,1.282149314880371,1.0895037651062012,1.4432306289672852,1.4564493894577026,0.8670282363891602,0.5225375890731812,0.3806219696998596,0.0,0.37888678908348083,0.5768105983734131,0.8980659246444702,1.20551335811615,1.382517695426941,1.4939594268798828,1.2592532634735107,1.5037119388580322,1.3917518854141235,1.6962436437606812,1.8004882335662842,1.8190650939941406,1.4470280408859253,1.4607477188110352,1.271986722946167,1.3681520223617554,1.407370686531067,1.4788269996643066,1.7612606287002563,1.636175274848938,1.8276667594909668,1.6070791482925415,1.8924881219863892,1.8904070854187012,2.081463098526001,2.2720413208007812,3.6900382041931152,3.3164021968841553,3.314610719680786,2.9586403369903564,2.9178860187530518,2.6290111541748047,2.4978840351104736,2.449289560317993,2.091343879699707,2.1762187480926514,2.043384313583374,2.3114354610443115,2.3881704807281494,2.472522020339966,2.7143616676330566,4.309870719909668,3.9845025539398193,4.026042461395264,3.6505534648895264,3.6435670852661133,3.3093671798706055,3.1782960891723633,2.999952793121338,2.6217188835144043,2.554816246032715,2.505856990814209,2.7355291843414307,2.9330954551696777,2.922236919403076,3.2092251777648926
B5,2.8217742443084717,2.5088274478912354,2.221611738204956,1.99224054813385,1.7435388565063477,1.5102800130844116,1.5664174556732178,1.2589234113693237,1.4664968252182007,1.3300055265426636,1.197372555732727,1.3587646484375,1.2656452655792236,1.6450636386871338,1.7108089923858643,1.15865159034729,0.8581050038337708,0.5684757828712463,0.37888678908348083,0.0,0.3892516493797302,0.6086074113845825,0.9492133855819702,1.1742726564407349,1.356848955154419,1.2146074771881104,1.5205923318862915,1.4822860956192017,1.8278639316558838,1.9720594882965088,1.8902854919433594,1.5143415927886963,1.4312556982040405,1.2324312925338745,1.2223784923553467,1.261452317237854,1.2483283281326294,1.5424911975860596,1.422669768333435,1.671701431274414,1.5236893892288208,1.8627653121948242,1.9149668216705322,2.151918888092041,2.3749685287475586,3.6392195224761963,3.259981632232666,3.2157845497131348,2.862133502960205,2.774747371673584,2.4802308082580566,2.3028676509857178,2.234280824661255,1.884791374206543,2.011319637298584,1.9355844259262085,2.246375799179077,2.3651528358459473,2.490906000137329,2.7620015144348145,4.229384422302246,3.8938188552856445,3.899965524673462,3.5202441215515137,3.4760305881500244,3.1362552642822266,2.9701972007751465,2.7819302082061768,2.402056932449341,2.3743011951446533,2.3708853721618652,2.63392972946167,2.856651782989502,2.887226104736328,3.196202278137207
B6,2.867872476577759,2.523261308670044,2.2372093200683594,1.9727578163146973,1.7050464153289795,1.428324818611145,1.4035643339157104,1.0430210828781128,1.2049126625061035,1.0124822854995728,0.9295067191123962,1.0566866397857666,1.0333834886550903,1.4097577333450317,1.5177003145217896,1.4264647960662842,1.0970920324325562,0.8959032893180847,0.5768105983734131,0.3892516493797302,0.0,0.37608882784843445,0.6295143961906433,0.8403361439704895,0.9794644117355347,0.8431018590927124,1.1547960042953491,1.1574267148971558,1.5180600881576538,1.6977556943893433,1.8345409631729126,1.4552868604660034,1.365607738494873,1.0827690362930298,1.0542423725128174,0.9840222597122192,0.967142641544342,1.2151166200637817,1.0686414241790771,1.2920504808425903,1.1349154710769653,1.4793533086776733,1.553284764289856,1.8010941743850708,2.0451388359069824,3.28910756111145,2.9132821559906006,2.868342638015747,2.5072739124298096,2.426180601119995,2.1184940338134766,1.959905743598938,1.8862894773483276,1.5286366939544678,1.6371450424194336,1.5474567413330078,1.8579292297363281,1.9818086624145508,2.1167595386505127,2.3961970806121826,3.8405838012695312,3.5056657791137695,3.5167489051818848,3.1375672817230225,3.1040167808532715,2.766768217086792,2.6165525913238525,2.4392170906066895,2.0590031147003174,2.019765615463257,1.9943633079528809,2.259039878845215,2.472505807876587,2.5113449096679688,2.81820011138916
B7,2.6726744174957275,2.3162193298339844,2.0006203651428223,1.7571637630462646,1.4468270540237427,1.2059452533721924,1.1248061656951904,0.7730814218521118,1.0139857530593872,0.9084475040435791,0.9558447003364563,1.1683231592178345,1.2545348405838013,1.625809669494629,1.7949378490447998,1.7482022047042847,1.417098045349121,1.1720011234283447,0.8980659246444702,0.6086074113845825,0.37608882784843445,0.0,0.3919691741466522,0.599518358707428,0.8584443926811218,0.8663334250450134,1.2368882894515991,1.3441332578659058,1.7008068561553955,1.9315333366394043,2.105531930923462,1.7370431423187256,1.5857584476470947,1.29868483543396,1.1662774085998535,1.0470846891403198,0.8900169134140015,1.083681344985962,0.8869197368621826,1.1629793643951416,1.1163387298583984,1.4978501796722412,1.6530808210372925,1.9132874011993408,2.1988255977630615,3.306705951690674,2.934694290161133,2.845839023590088,2.4858875274658203,2.355814218521118,2.0283823013305664,1.8248549699783325,1.6938520669937134,1.3412266969680786,1.4672589302062988,1.4648144245147705,1.8023382425308228,1.9884839057922363,2.142298698425293,2.4571712017059326,3.7400593757629395,3.405416965484619,3.3805792331695557,2.9988975524902344,2.926095485687256,2.5742673873901367,2.394209384918213,2.1870603561401367,1.8095061779022217,1.7947735786437988,1.833125114440918,2.11723256111145,2.3690645694732666,2.4390604496002197,2.7725977897644043
B8,2.883582830429077,2.5089688301086426,2.190528392791748,1.9415723085403442,1.613109827041626,1.3725000619888306,1.1823416948318481,0.8131303191184998,0.9949049353599548,0.8477099537849426,1.0178353786468506,1.1573151350021362,1.3210889101028442,1.648250937461853,1.8326828479766846,2.050326347351074,1.7265625,1.5048890113830566,1.20551335811615,0.9492133855819702,0.6295143961906433,0.3919691741466522,0.0,0.37756842374801636,0.593708336353302,0.7408429980278015,1.0719554424285889,1.2389191389083862,1.595977544784546,1.8402937650680542,2.0799152851104736,1.7360057830810547,1.5563868284225464,1.2362366914749146,1.0507357120513916,0.829103410243988,0.6042712330818176,0.7102363705635071,0.49934762716293335,0.8055843710899353,0.8329194188117981,1.2308038473129272,1.421342372894287,1.7151012420654297,2.008349895477295,2.9599647521972656,2.591722249984741,2.482459783554077,2.125040292739868,1.9780060052871704,1.6460611820220947,1.435941219329834,1.3046876192092896,0.9543446898460388,1.1124069690704346,1.130468487739563,1.4948010444641113,1.6936010122299194,1.8918089866638184,2.209613800048828,3.3918838500976562,3.048704147338867,3.0120351314544678,2.6311357021331787,2.55222749710083,2.209937810897827,2.0249319076538086,1.8432353734970093,1.4624968767166138,1.4778449535369873,1.5075958967208862,1.8221464157104492,2.0600860118865967,2.172548532485962,2.500304937362671
B9,2.696042776107788,2.308164596557617,2.017544746398926,1.7405786514282227,1.4347772598266602,1.1660469770431519,0.923443078994751,0.5574926733970642,0.6559290289878845,0.5380358695983887,0.8157172799110413,0.9957859516143799,1.2505823373794556,1.546618938446045,1.798931360244751,2.2470507621765137,1.8908480405807495,1.7118439674377441,1.382517695426941,1.1742726564407349,0.8403361439704895,0.599518358707428,0.37756842374801636,0.0,0.36343011260032654,0.59797602891922,0.9510483741760254,1.2111093997955322,1.5135306119918823,1.8185398578643799,2.3655734062194824,2.021470069885254,1.8785046339035034,1.5334669351577759,1.382649302482605,1.1021474599838257,0.8968227505683899,0.8531873226165771,0.49942609667778015,0.6768727898597717,0.7360926866531372,1.0984858274459839,1.3629425764083862,1.5984106063842773,1.9372807741165161,2.952324628829956,2.6017282009124756,2.496340036392212,2.129504442214966,1.993866205215454,1.6261234283447266,1.4525353908538818,1.2425968647003174,0.8768930435180664,0.9137445092201233,0.9697521328926086,1.2938294410705566,1.5460461378097534,1.696470856666565,2.0462028980255127,3.183429479598999,2.860619068145752,2.8306400775909424,2.449476718902588,2.379420280456543,2.013594150543213,1.860679268836975,1.636264443397522,1.2632805109024048,1.2043744325637817,1.2483690977096558,1.5294831991195679,1.801540732383728,1.8887454271316528,2.2380452156066895
B10,2.946342945098877,2.554518938064575,2.2957966327667236,1.99234938621521,1.720859408378601,1.41970694065094,1.1755980253219604,0.8285369277000427,0.7646201848983765,0.5057549476623535,0.7820807695388794,0.8165514469146729,1.1108585596084595,1.3415989875793457,1.5970672369003296,2.3310723304748535,1.9775646924972534,1.8537571430206299,1.4939594268798828,1.356848955154419,0.9794644117355347,0.8584443926811218,0.593708336353302,0.36343011260032654,0.0,0.38448619842529297,0.6360752582550049,0.9430939555168152,1.2144263982772827,1.5307090282440186,2.2780253887176514,1.9539827108383179,1.85036301612854,1.481398582458496,1.3798311948776245,1.0387147665023804,0.9226587414741516,0.800188422203064,0.4599483609199524,0.4279525876045227,0.3983526825904846,0.7371520400047302,1.019795536994934,1.2467656135559082,1.5917987823486328,2.6533706188201904,2.3091511726379395,2.233889102935791,1.8588743209838867,1.769747257232666,1.3968029022216797,1.2977265119552612,1.1221660375595093,0.7535563707351685,0.7031511068344116,0.6505133509635925,0.9565140604972839,1.189494013786316,1.3392130136489868,1.6841357946395874,2.902327060699463,2.580040454864502,2.584562301635742,2.2047743797302246,2.1817758083343506,1.8304710388183594,1.7307024002075195,1.5503700971603394,1.187200665473938,1.079083800315857,1.0176631212234497,1.2850159406661987,1.5146652460098267,1.5909970998764038,1.9216746091842651
B11,2.966379165649414,2.585064649581909,2.3559694290161133,2.026123285293579,1.7969415187835693,1.452402114868164,1.2977757453918457,0.9370484948158264,0.8288279175758362,0.4677303731441498,0.532049298286438,0.46563270688056946,0.7280728220939636,0.974535346031189,1.2250854969024658,2.0564002990722656,1.6994702816009521,1.6366242170333862,1.2592532634735107,1.2146074771881104,0.8431018590927124,0.8663334250450134,0.7408429980278015,0.59797602891922,0.38448619842529297,0.0,0.40169036388397217,0.644069254398346,0.9260684847831726,1.2420446872711182,2.12673282623291,1.7907829284667969,1.7558157444000244,1.3831231594085693,1.3765532970428467,1.071319818496704,1.0709062814712524,1.0492440462112427,0.777111291885376,0.7352641820907593,0.47229719161987305,0.730678379535675,0.9099788665771484,1.0894979238510132,1.419104814529419,2.7520618438720703,2.405851364135742,2.387007236480713,2.00748610496521,1.980013370513916,1.6280053853988647,1.5795968770980835,1.4602668285369873,1.09922456741333,1.0267266035079956,0.8554766774177551,1.0794687271118164,1.2274291515350342,1.3091710805892944,1.6246360540390015,3.0754008293151855,2.7647294998168945,2.8155341148376465,2.4429585933685303,2.4665184020996094,2.1286747455596924,2.0673534870147705,1.9017293453216553,1.5504684448242188,1.4025009870529175,1.2814362049102783,1.484909176826477,1.6753804683685303,1.6779890060424805,1.9822540283203125
B12,3.3014168739318848,2.9208624362945557,2.7157020568847656,2.3738045692443848,2.166836738586426,1.8143876791000366,1.652030110359192,1.3132370710372925,1.143404245376587,0.7804455757141113,0.799752950668335,0.512512743473053,0.739325761795044,0.8277634382247925,1.0505924224853516,2.2186148166656494,1.8864765167236328,1.8806809186935425,1.5037119388580322,1.5205923318862915,1.1547960042953491,1.2368882894515991,1.0719554424285889,0.9510483741760254,0.6360752582550049,0.40169036388397217,0.0,0.37620604038238525,0.5791118741035461,0.910703718662262,2.0686771869659424,1.773116946220398,1.7900336980819702,1.4178825616836548,1.4719070196151733,1.1443192958831787,1.2364729642868042,1.165788173675537,0.9716420769691467,0.7970795631408691,0.4322357773780823,0.44600987434387207,0.5462688207626343,0.6895455121994019,1.0199671983718872,2.463984251022339,2.131373643875122,2.162085771560669,1.787183403968811,1.8299367427825928,1.5041590929031372,1.5483334064483643,1.4897770881652832,1.176708698272705,1.0503181219100952,0.7548806667327881,0.8694880604743958,0.9170016646385193,0.9742950797080994,1.2537347078323364,2.8429155349731445,2.5385236740112305,2.6351850032806396,2.2771379947662354,2.358767032623291,2.0566251277923584,2.05395770072937,1.9463738203048706,1.627882480621338,1.4562333822250366,1.2342026233673096,1.389486312866211,1.495570421218872,1.4713993072509766,1.7241301536560059
B13,3.5122435092926025,3.1433281898498535,2.9415223598480225,2.598409414291382,2.4003899097442627,2.0403079986572266,1.9263381958007812,1.5707229375839233,1.4354552030563354,1.065567970275879,0.9671363830566406,0.6222168207168579,0.6330724358558655,0.6780508160591125,0.7712529301643372,2.002955913543701,1.7060024738311768,1.7502562999725342,1.3917518854141235,1.4822860956192017,1.1574267148971558,1.3441332578659058,1.2389191389083862,1.2111093997955322,0.9430939555168152,0.644069254398346,0.37620604038238525,0.0,0.3895796835422516,0.6107903122901917,1.7938368320465088,1.5109014511108398,1.5947191715240479,1.2456148862838745,1.3915071487426758,1.1267207860946655,1.3205041885375977,1.3332374095916748,1.2142103910446167,1.0931476354599,0.7083382606506348,0.6955437064170837,0.5621718764305115,0.6939519643783569,0.9041680097579956,2.499101400375366,2.162191390991211,2.239380359649658,1.8781225681304932,1.9647771120071411,1.6856753826141357,1.7476649284362793,1.757173776626587,1.4549896717071533,1.3812791109085083,1.0585520267486572,1.1575350761413574,1.0989607572555542,1.1467617750167847,1.3346961736679077,3.0671188831329346,2.7619094848632812,2.8843414783477783,2.5376973152160645,2.642343282699585,2.36615252494812,2.3661863803863525,2.287796974182129,1.966801643371582,1.8184771537780762,1.5819023847579956,1.7310116291046143,1.7918450832366943,1.7506787776947021,1.9538066387176514
