,A1,A2,A3,A4,A5,A6,A7,A8,A9,A10,A11,A12,A13,A14,A15,B1,B2,B3,B4,B5,B6,B7,B8,B9,B10,B11,B12,B13,B14,B15,C1,C2,C3,C4,C5,C6,C7,C8,C9,C10,C11,C12,C13,C14,C15,D1,D2,D3,D4,D5,D6,D7,D8,D9,D10,D11,D12,D13,D14,D15,E1,E2,E3,E4,E5,E6,E7,E8,E9,E10,E11,E12,E13,E14,E15
A1,0.0,0.3888261020183563,0.6559083461761475,0.9750552177429199,1.2930110692977905,1.5966460704803467,1.9315961599349976,2.230557680130005,2.462481737136841,2.531224489212036,2.256732940673828,2.23598051071167,1.8962867259979248,1.9261062145233154,1.7094956636428833,2.6313652992248535,2.3844847679138184,2.4611923694610596,2.310131788253784,2.3753693103790283,2.3302805423736572,2.3616878986358643,2.632591962814331,2.608393430709839,2.783060073852539,2.502261161804199,2.537456512451172,2.25719952583313,2.3251636028289795,2.1765124797821045,3.372159242630005,3.163196086883545,3.247075080871582,3.0859761238098145,3.171255350112915,3.078664779663086,3.0800209045410156,3.210103750228882,3.049595594406128,3.187884569168091,2.8879010677337646,2.945621967315674,2.699660062789917,2.7697067260742188,2.6522841453552246,3.9255645275115967,3.7300658226013184,3.843585729598999,3.6795082092285156,3.7959394454956055,3.6899356842041016,3.712433099746704,3.7788264751434326,3.546908378601074,3.613508462905884,3.3052520751953125,3.385188102722168,3.1670992374420166,3.2290756702423096,3.1491754055023193,4.531510353088379,4.34815788269043,4.479527950286865,4.315175533294678,4.471346855163574,4.399669170379639,4.462371349334717,4.520848274230957,4.29312801361084,4.170229911804199,3.8724277019500732,3.977802038192749,3.803783655166626,3.8574507236480713,3.7754831314086914
A2,0.3888261020183563,0.0,0.3918258547782898,0.6167236566543579,0.9695942997932434,1.2477059364318848,1.5800496339797974,1.884214997291565,2.0946216583251953,2.1592514514923096,1.88180410861969,1.8807240724563599,1.5560705661773682,1.622986912727356,1.4589923620224,2.612267017364502,2.3216724395751953,2.3661108016967773,2.1619985103607178,2.195556402206421,2.096039056777954,2.100456953048706,2.3376688957214355,2.278233766555786,2.4417786598205566,2.1578369140625,2.2094204425811768,1.953416347503662,2.040698766708374,1.9404845237731934,3.312535524368286,3.0679118633270264,3.1301302909851074,2.92999267578125,2.992554187774658,2.8597209453582764,2.841050386428833,2.935453176498413,2.7449300289154053,2.8673746585845947,2.568791151046753,2.6392199993133545,2.418943166732788,2.49761700630188,2.4203431606292725,3.8368139266967773,3.6110737323760986,3.7079174518585205,3.5111775398254395,3.60927677154541,3.4699907302856445,3.475576639175415,3.509927272796631,3.254106044769287,3.305776357650757,3.004554510116577,3.0954816341400146,2.90228271484375,2.9667651653289795,2.920980930328369,4.413680553436279,4.205132961273193,4.324900150299072,4.132696628570557,4.273062705993652,4.173061370849609,4.219667911529541,4.2525315284729,4.0059123039245605,3.8693931102752686,3.581815004348755,3.696753978729248,3.5479793548583984,3.601715564727783,3.5500128269195557
A3,0.6559083461761475,0.3918258547782898,0.0,0.39675796031951904,0.6447039842605591,0.9842162728309631,1.2970830202102661,1.6127756834030151,1.8659027814865112,1.9868793487548828,1.759658694267273,1.8241759538650513,1.541940689086914,1.6953182220458984,1.5751242637634277,2.550931453704834,2.245309829711914,2.2298038005828857,2.019852876663208,1.9914069175720215,1.8921948671340942,1.8437139987945557,2.0858726501464844,2.0475409030914307,2.2577340602874756,2.0157008171081543,2.128438711166382,1.9135122299194336,2.0704569816589355,2.013064384460449,3.269073009490967,3.003885269165039,3.0204920768737793,2.8103504180908203,2.827061653137207,2.691275119781494,2.6284408569335938,2.7181756496429443,2.5362861156463623,2.6951327323913574,2.430276870727539,2.5528695583343506,2.367506265640259,2.50221586227417,2.464890956878662,3.8090109825134277,3.5625197887420654,3.620565414428711,3.4114842414855957,3.4714174270629883,3.3265507221221924,3.294279098510742,3.323007345199585,3.0677316188812256,3.1513895988464355,2.8766286373138428,3.0114896297454834,2.8482015132904053,2.958228349685669,2.948317289352417,4.403465747833252,4.1731486320495605,4.260027885437012,4.05542516708374,4.164001941680908,4.060183525085449,4.075316905975342,4.108894348144531,3.847050666809082,3.733983278274536,3.468998432159424,3.62007999420166,3.4943525791168213,3.5843186378479004,3.559525966644287
A4,0.9750552177429199,0.6167236566543579,0.39675796031951904,0.0,0.3885824680328369,0.6347251534461975,0.9645180106163025,1.2718952894210815,1.4938533306121826,1.596863031387329,1.364119052886963,1.4456149339675903,1.1895548105239868,1.3907653093338013,1.3387287855148315,2.5292184352874756,2.187965154647827,2.1490583419799805,1.8838372230529785,1.8314229249954224,1.6645467281341553,1.5961055755615234,1.7903891801834106,1.7060130834579468,1.8936518430709839,1.6438348293304443,1.769239068031311,1.5843348503112793,1.7618277072906494,1.7597272396087646,3.179738998413086,2.884171724319458,2.8854761123657227,2.6366732120513916,2.6369147300720215,2.4567205905914307,2.3820364475250244,2.430454730987549,2.2142081260681152,2.3478593826293945,2.080864906311035,2.210744619369507,2.0531651973724365,2.19392991065979,2.1990365982055664,3.675952434539795,3.4036359786987305,3.4498584270477295,3.209718704223633,3.2563509941101074,3.0771265029907227,3.034852981567383,3.0294952392578125,2.7501113414764404,2.811676502227783,2.5415637493133545,2.6816439628601074,2.543261766433716,2.6522209644317627,2.6758768558502197,4.229594707489014,3.9782402515411377,4.057407855987549,3.8270750045776367,3.9237000942230225,3.79132342338562,3.795588493347168,3.8024022579193115,3.525670289993286,3.3953850269317627,3.1382665634155273,3.2935421466827393,3.1915640830993652,3.278104782104492,3.2818610668182373
A5,1.2930110692977905,0.9695942997932434,0.6447039842605591,0.3885824680328369,0.0,0.3953207731246948,0.6614383459091187,0.9876512289047241,1.2611780166625977,1.4411065578460693,1.2900989055633545,1.458240032196045,1.2835745811462402,1.5634396076202393,1.565266728401184,2.5619754791259766,2.211589813232422,2.1073782444000244,1.8349668979644775,1.7048234939575195,1.5252463817596436,1.3771394491195679,1.5542162656784058,1.4839071035385132,1.7249561548233032,1.5386883020401,1.7401208877563477,1.6222432851791382,1.8672534227371216,1.9165905714035034,3.2046492099761963,2.8895821571350098,2.840911865234375,2.579289674758911,2.5245933532714844,2.3341565132141113,2.20381498336792,2.2329869270324707,2.020540714263916,2.190518856048584,1.972151279449463,2.1629130840301514,2.0577759742736816,2.2540905475616455,2.307142972946167,3.7015602588653564,3.408383846282959,3.4121105670928955,3.1567881107330322,3.1586174964904785,2.9681942462921143,2.880563497543335,2.8596577644348145,2.5777156352996826,2.670684576034546,2.4383931159973145,2.6273419857025146,2.5312790870666504,2.68520450592041,2.7511146068573,4.259317874908447,3.9856953620910645,4.029366970062256,3.784011125564575,3.843693494796753,3.7025911808013916,3.6698970794677734,3.6710572242736816,3.3758609294891357,3.2691733837127686,3.043124198913574,3.237069606781006,3.1669070720672607,3.288964033126831,3.3256442546844482
A6,1.5966460704803467,1.2477059364318848,0.9842162728309631,0.6347251534461975,0.3953207731246948,0.0,0.3764594495296478,0.6373740434646606,0.891588032245636,1.053198218345642,0.9264554381370544,1.1240568161010742,1.017532229423523,1.3516005277633667,1.4238187074661255,2.5106353759765625,2.137577533721924,2.0120315551757812,1.6940488815307617,1.5415302515029907,1.29061758518219,1.1223556995391846,1.2334874868392944,1.113029956817627,1.335463523864746,1.154280662536621,1.383013129234314,1.3161731958389282,1.5954368114471436,1.7043983936309814,3.070422410964966,2.731142520904541,2.665963649749756,2.37054705619812,2.2984073162078857,2.064990997314453,1.924274206161499,1.9096273183822632,1.6645814180374146,1.8123034238815308,1.5983030796051025,1.8045766353607178,1.7369756698608398,1.9509578943252563,2.0508577823638916,3.517515182495117,3.2024614810943604,3.1921164989471436,2.909543991088867,2.896653413772583,2.6746771335601807,2.5778207778930664,2.5246901512145996,2.2224647998809814,2.2972609996795654,2.072856903076172,2.271609306335449,2.204749584197998,2.366680145263672,2.4686129093170166,4.0319037437438965,3.739741802215576,3.773106575012207,3.5054433345794678,3.5517537593841553,3.3856136798858643,3.3424570560455322,3.3206899166107178,3.014320135116577,2.8954052925109863,2.6781976222991943,2.8789560794830322,2.83227276802063,2.957650661468506,3.0225837230682373
A7,1.9315961599349976,1.5800496339797974,1.2970830202102661,0.9645180106163025,0.6614383459091187,0.3764594495296478,0.0,0.3932076394557953,0.6367529630661011,0.9040190577507019,0.893120527267456,1.19601571559906,1.2038688659667969,1.5709086656570435,1.709027647972107,2.7634809017181396,2.387922525405884,2.219770908355713,1.894594430923462,1.6825493574142456,1.4024927616119385,1.1494547128677368,1.162310004234314,0.9923845529556274,1.2334926128387451,1.1349070072174072,1.436966061592102,1.4672449827194214,1.7722920179367065,1.9423644542694092,3.2823855876922607,2.9274816513061523,2.8241217136383057,2.5105855464935303,2.388611078262329,2.127161979675293,1.9300705194473267,1.854663372039795,1.5835883617401123,1.7307244539260864,1.5786627531051636,1.8371142148971558,1.84622061252594,2.0834057331085205,2.2399940490722656,3.7016243934631348,3.367396593093872,3.3227038383483887,3.018447160720825,2.962862730026245,2.713420867919922,2.5703556537628174,2.471825122833252,2.149322748184204,2.2267463207244873,2.0536465644836426,2.2917850017547607,2.286027431488037,2.4665684700012207,2.618227958679199,4.188418388366699,3.8752031326293945,3.8801486492156982,3.5901801586151123,3.599911689758301,3.4081308841705322,3.325793743133545,3.274399518966675,2.9404826164245605,2.8257174491882324,2.650874376296997,2.881890058517456,2.8843307495117188,3.0247883796691895,3.133751630783081
A8,2.230557680130005,1.884214997291565,1.6127756834030151,1.2718952894210815,0.9876512289047241,0.6373740434646606,0.3932076394557953,0.0,0.3857000470161438,0.6743548512458801,0.8003284931182861,1.107072353363037,1.2049144506454468,1.5856952667236328,1.752375602722168,2.667762041091919,2.289520025253296,2.0898678302764893,1.7500780820846558,1.505424976348877,1.1879042387008667,0.9026285409927368,0.8178161978721619,0.6174003481864929,0.8864482045173645,0.8742294311523438,1.223634123802185,1.328229308128357,1.6706937551498413,1.8785724639892578,3.107652187347412,2.7383720874786377,2.605426788330078,2.273714542388916,2.1196060180664062,1.8319580554962158,1.6092438697814941,1.4930282831192017,1.2104299068450928,1.3676167726516724,1.261420726776123,1.5608527660369873,1.623934268951416,1.8999838829040527,2.096790313720703,3.484898567199707,3.1345322132110596,3.062450647354126,2.7411108016967773,2.6574087142944336,2.3887791633605957,2.223423719406128,2.101736545562744,1.7740968465805054,1.8621819019317627,1.7184957265853882,1.9866176843643188,2.0196642875671387,2.232499599456787,2.4191391468048096,3.9403817653656006,3.6108314990997314,3.5927133560180664,3.2881786823272705,3.273669719696045,3.068495750427246,2.9663634300231934,2.9051930904388428,2.5641837120056152,2.4610671997070312,2.3061835765838623,2.5590739250183105,2.5860042572021484,2.7512271404266357,2.886446237564087
A9,2.462481737136841,2.0946216583251953,1.8659027814865112,1.4938533306121826,1.2611780166625977,0.891588032245636,0.6367529630661011,0.3857000470161438,0.0,0.3701886534690857,0.6063631176948547,0.9653815031051636,1.169848084449768,1.5434513092041016,1.7848531007766724,2.9126663208007812,2.528730630874634,2.345043182373047,1.9848294258117676,1.763183832168579,1.4083904027938843,1.158799171447754,0.9657915830612183,0.634044349193573,0.746414065361023,0.7492970824241638,1.1055591106414795,1.2941715717315674,1.6084749698638916,1.8786711692810059,3.278191566467285,2.900818347930908,2.775414228439331,2.421482563018799,2.2721107006073,1.9434797763824463,1.7320646047592163,1.5405857563018799,1.1951950788497925,1.2510722875595093,1.1567158699035645,1.44515061378479,1.5714852809906006,1.8147038221359253,2.061947822570801,3.5945186614990234,3.234006643295288,3.165390968322754,2.8214914798736572,2.735978841781616,2.4291775226593018,2.265329122543335,2.08380389213562,1.7182064056396484,1.737116813659668,1.613535761833191,1.8691370487213135,1.9500879049301147,2.130225896835327,2.3561952114105225,3.98492169380188,3.645556926727295,3.6308648586273193,3.303582191467285,3.2830867767333984,3.0393760204315186,2.930676221847534,2.8199093341827393,2.459695339202881,2.3135883808135986,2.17824649810791,2.421469211578369,2.4901115894317627,2.6278913021087646,2.8004894256591797
A10,2.531224489212036,2.1592514514923096,1.9868793487548828,1.596863031387329,1.4411065578460693,1.053198218345642,0.9040190577507019,0.6743548512458801,0.3701886534690857,0.0,0.37045639753341675,0.6770864725112915,0.9644554257392883,1.3085590600967407,1.592976450920105,2.8728761672973633,2.4871225357055664,2.337817430496216,1.9607738256454468,1.791935920715332,1.413112759590149,1.246978759765625,1.0306273698806763,0.6548107266426086,0.5714713335037231,0.4859589636325836,0.7997262477874756,1.0372440814971924,1.321111798286438,1.6296957731246948,3.1683154106140137,2.7909610271453857,2.693115234375,2.3265254497528076,2.213092803955078,1.8609883785247803,1.7048412561416626,1.4937435388565063,1.1164332628250122,1.069949746131897,0.9174554944038391,1.154157280921936,1.2975091934204102,1.5048927068710327,1.7777639627456665,3.433807373046875,3.073570728302002,3.028130531311035,2.6749703884124756,2.6170315742492676,2.2920758724212646,2.1681909561157227,1.9697113037109375,1.5879279375076294,1.536334753036499,1.3787378072738647,1.5908656120300293,1.6745620965957642,1.8177307844161987,2.055936574935913,3.7749698162078857,3.4380781650543213,3.444167137145996,3.1094460487365723,3.1096599102020264,2.8485045433044434,2.7665135860443115,2.635756015777588,2.2839643955230713,2.0935332775115967,1.934027075767517,2.144150972366333,2.212965726852417,2.3186116218566895,2.49808931350708
A11,2.256732940673828,1.88180410861969,1.759658694267273,1.364119052886963,1.2900989055633545,0.9264554381370544,0.893120527267456,0.8003284931182861,0.6063631176948547,0.37045639753341675,0.0,0.38952770829200745,0.6336210370063782,0.978176474571228,1.2739402055740356,2.796630859375,2.4085114002227783,2.3085312843322754,1.9286108016967773,1.8185880184173584,1.4510060548782349,1.3475557565689087,1.222864031791687,0.8904217481613159,0.8149771094322205,0.5472445487976074,0.7322651743888855,0.8588666915893555,1.0949599742889404,1.3841739892959595,3.12835693359375,2.76361346244812,2.7123422622680664,2.3561031818389893,2.297664165496826,1.963398814201355,1.8630763292312622,1.7070587873458862,1.3480935096740723,1.2927215099334717,1.0444070100784302,1.189579725265503,1.2375839948654175,1.3842192888259888,1.612249493598938,3.4134771823883057,3.070580005645752,3.06898832321167,2.731545925140381,2.7231717109680176,2.4174416065216064,2.3438284397125244,2.183032989501953,1.8146212100982666,1.743088960647583,1.5195974111557007,1.6671059131622314,1.6794700622558594,1.769983172416687,1.9591057300567627,3.7694759368896484,3.453601121902466,3.4981679916381836,3.180490016937256,3.22393798828125,2.9792704582214355,2.940924644470215,2.8283660411834717,2.5014357566833496,2.2903432846069336,2.0828604698181152,2.2455368041992188,2.264976739883423,2.3296196460723877,2.466787099838257
A12,2.23598051071167,1.8807240724563599,1.8241759538650513,1.4456149339675903,1.458240032196045,1.1240568161010742,1.19601571559906,1.107072353363037,0.9653815031051636,0.6770864725112915,0.38952770829200745,0.0,0.37680715322494507,0.6479566693305969,0.9722185134887695,2.6334011554718018,2.2533469200134277,2.204237222671509,1.8252675533294678,1.790267825126648,1.4356489181518555,1.4348957538604736,1.3475191593170166,1.0628383159637451,0.9135937094688416,0.5572800636291504,0.5080130696296692,0.5497596263885498,0.7172300815582275,1.023581862449646,2.9153175354003906,2.562936305999756,2.5553300380706787,2.205113172531128,2.204214334487915,1.8782436847686768,1.8544435501098633,1.7313032150268555,1.3971493244171143,1.2934067249298096,0.9695490598678589,0.9927999973297119,0.9652995467185974,1.0440480709075928,1.252779483795166,3.1699233055114746,2.840700387954712,2.877622604370117,2.5502095222473145,2.5895159244537354,2.294409990310669,2.2813732624053955,2.146779775619507,1.7994208335876465,1.6887786388397217,1.4067158699035645,1.4751237630844116,1.4288976192474365,1.4664700031280518,1.6225533485412598,3.5013210773468018,3.201720952987671,3.279611587524414,2.973546028137207,3.0561041831970215,2.820396661758423,2.828944206237793,2.728470802307129,2.4360897541046143,2.201848268508911,1.9473527669906616,2.0560317039489746,2.0312657356262207,2.05789852142334,2.162388324737549
A13,1.8962867259979248,1.5560705661773682,1.541940689086914,1.1895548105239868,1.2835745811462402,1.017532229423523,1.2038688659667969,1.2049144506454468,1.169848084449768,0.9644554257392883,0.6336210370063782,0.37680715322494507,0.0,0.3823043704032898,0.6405306458473206,2.447967529296875,2.072986364364624,2.0658159255981445,1.7032698392868042,1.7182167768478394,1.4067516326904297,1.4531053304672241,1.466037631034851,1.248870849609375,1.1813899278640747,0.8131092190742493,0.7305495738983154,0.5473317503929138,0.657819926738739,0.8402026891708374,2.8021938800811768,2.469064712524414,2.497983455657959,2.1747734546661377,2.2164511680603027,1.93343985080719,1.9438189268112183,1.8922057151794434,1.6012285947799683,1.5537946224212646,1.205457329750061,1.1990317106246948,1.05299973487854,1.1030925512313843,1.2009283304214478,3.109605312347412,2.803922653198242,2.8737809658050537,2.5764284133911133,2.6531825065612793,2.3983659744262695,2.4165797233581543,2.338369607925415,2.0218000411987305,1.946382999420166,1.631961703300476,1.6759848594665527,1.550440788269043,1.5751965045928955,1.6497255563735962,3.493439197540283,3.218968391418457,3.323072910308838,3.047013759613037,3.162707567214966,2.9645183086395264,3.003650665283203,2.944589138031006,2.6784255504608154,2.4634475708007812,2.178549289703369,2.267090320587158,2.1837265491485596,2.203279972076416,2.245880603790283
A14,1.9261062145233154,1.622986912727356,1.6953182220458984,1.3907653093338013,1.5634396076202393,1.3516005277633667,1.5709086656570435,1.5856952667236328,1.5434513092041016,1.3085590600967407,0.978176474571228,0.6479566693305969,0.3823043704032898,0.0,0.3832302391529083,2.4600002765655518,2.107823133468628,2.164828300476074,1.824938178062439,1.9133710861206055,1.6370006799697876,1.7490922212600708,1.7822017669677734,1.5873569250106812,1.4796029329299927,1.1094611883163452,0.9092669486999512,0.6468456983566284,0.5231757164001465,0.614909827709198,2.7718160152435303,2.4660041332244873,2.5491082668304443,2.2474915981292725,2.3482112884521484,2.0875372886657715,2.160036325454712,2.132216215133667,1.864822268486023,1.7807531356811523,1.412136197090149,1.3056972026824951,1.0918984413146973,1.0178017616271973,1.0318540334701538,3.0477914810180664,2.7690677642822266,2.886354684829712,2.6107823848724365,2.7372803688049316,2.501453399658203,2.5737335681915283,2.5160648822784424,2.222829580307007,2.113299608230591,1.7729161977767944,1.7377995252609253,1.5583630800247192,1.5021439790725708,1.5101330280303955,3.4007551670074463,3.154081106185913,3.2988574504852295,3.042736291885376,3.1996655464172363,3.0135498046875,3.0973517894744873,3.0454564094543457,2.813516855239868,2.5781383514404297,2.2652769088745117,2.2935476303100586,2.169684648513794,2.134310007095337,2.1314260959625244
A15,1.7094956636428833,1.4589923620224,1.5751242637634277,1.3387287855148315,1.565266728401184,1.4238187074661255,1.709027647972107,1.752375602722168,1.7848531007766724,1.592976450920105,1.2739402055740356,0.9722185134887695,0.6405306458473206,0.3832302391529083,0.0,2.206209421157837,1.8744027614593506,1.9814201593399048,1.678792953491211,1.8269503116607666,1.614756464958191,1.7810118198394775,1.89021897315979,1.7641931772232056,1.7073698043823242,1.3482229709625244,1.149787425994873,0.8061603903770447,0.6767140626907349,0.528926432132721,2.56831431388855,2.2908310890197754,2.4112937450408936,2.1483259201049805,2.2924134731292725,2.0848257541656494,2.1951003074645996,2.233929395675659,2.018049478530884,1.9813183546066284,1.6093833446502686,1.4941277503967285,1.2063045501708984,1.1366291046142578,1.0262783765792847,2.8899803161621094,2.640754222869873,2.7879278659820557,2.5504069328308105,2.711534023284912,2.523122549057007,2.6262660026550293,2.6258130073547363,2.3719675540924072,2.3002352714538574,1.9427956342697144,1.8956499099731445,1.654876708984375,1.6087522506713867,1.5354351997375488,3.294520616531372,3.076115846633911,3.24165940284729,3.021390676498413,3.2069692611694336,3.0642826557159424,3.1760447025299072,3.169853925704956,2.968859910964966,2.762176513671875,2.427856922149658,2.4445016384124756,2.2670185565948486,2.2409181594848633,2.1760809421539307
B1,2.6313652992248535,2.612267017364502,2.550931453704834,2.5292184352874756,2.5619754791259766,2.5106353759765625,2.7634809017181396,2.667762041091919,2.9126663208007812,2.8728761672973633,2.796630859375,2.6334011554718018,2.447967529296875,2.4600002765655518,2.206209421157837,0.0,0.38938575983047485,0.6344252824783325,0.9423363208770752,1.2562549114227295,1.5552241802215576,1.8856207132339478,2.185382127761841,2.447755813598633,2.567789077758789,2.472978115081787,2.391704797744751,2.1551074981689453,2.2659788131713867,2.0368876457214355,0.8647748827934265,0.8018821477890015,0.9322746396064758,1.0867478847503662,1.3277117013931274,1.5685840845108032,1.8044748306274414,2.161454200744629,2.3347816467285156,2.533966302871704,2.368382215499878,2.3465116024017334,2.0746777057647705,2.2436180114746094,2.043088674545288,1.5403639078140259,1.4397375583648682,1.531886100769043,1.58067786693573,1.7657806873321533,1.926021695137024,2.0932834148406982,2.407083749771118,2.4723012447357178,2.6590383052825928,2.4125211238861084,2.4352264404296875,2.1526119709014893,2.350994348526001,2.1827449798583984,2.296801805496216,2.1722021102905273,2.2482094764709473,2.2406504154205322,2.4179718494415283,2.553412437438965,2.698078155517578,2.9590673446655273,2.942903995513916,3.0017642974853516,2.709843873977661,2.781869888305664,2.4895453453063965,2.680983066558838,2.4873671531677246
B2,2.3844847679138184,2.3216724395751953,2.245309829711914,2.187965154647827,2.211589813232422,2.137577533721924,2.387922525405884,2.289520025253296,2.528730630874634,2.4871225357055664,2.4085114002227783,2.2533469200134277,2.072986364364624,2.107823133468628,1.8744027614593506,0.38938575983047485,0.0,0.37076956033706665,0.5803658366203308,0.9267876148223877,1.1928564310073853,1.5317625999450684,1.8329823017120361,2.0777194499969482,2.199521780014038,2.0933823585510254,2.0235183238983154,1.7879360914230347,1.9239267110824585,1.7187469005584717,1.052357792854309,0.8440381288528442,0.9246973395347595,0.9343418478965759,1.149882197380066,1.314935326576233,1.53098726272583,1.868140697479248,2.002856969833374,2.20114803314209,2.0175421237945557,2.011688470840454,1.7406020164489746,1.9312998056411743,1.7575154304504395,1.6732547283172607,1.4912288188934326,1.5640544891357422,1.5171576738357544,1.6781880855560303,1.7630431652069092,1.903147578239441,2.1771035194396973,2.192314386367798,2.3693318367004395,2.106775999069214,2.1491332054138184,1.8735127449035645,2.083462953567505,1.9463858604431152,2.386343479156494,2.2104339599609375,2.2819902896881104,2.208559989929199,2.3702011108398438,2.4470720291137695,2.5683867931365967,2.7898941040039062,2.728663682937622,2.759819507598877,2.4610180854797363,2.552520990371704,2.280972480773926,2.47261643409729,2.31269907951355
B3,2.4611923694610596,2.3661108016967773,2.2298038005828857,2.1490583419799805,2.1073782444000244,2.0120315551757812,2.219770908355713,2.0898678302764893,2.345043182373047,2.337817430496216,2.3085312843322754,2.204237222671509,2.0658159255981445,2.164828300476074,1.9814201593399048,0.6344252824783325,0.37076956033706665,0.0,0.3837391138076782,0.6276310086250305,0.9577299952507019,1.2669345140457153,1.5726861953735352,1.8599488735198975,2.018832206726074,1.9655351638793945,1.9541682004928589,1.772633671760559,1.9732952117919922,1.8321861028671265,1.203410267829895,0.9388324618339539,0.8664353489875793,0.8216513991355896,0.9193004965782166,1.0931459665298462,1.248529314994812,1.6038944721221924,1.7696690559387207,2.0135345458984375,1.8766417503356934,1.9326788187026978,1.7163747549057007,1.96830153465271,1.8612879514694214,1.7965234518051147,1.5667392015457153,1.5516265630722046,1.4614274501800537,1.5396853685379028,1.606088638305664,1.6813775300979614,1.9542224407196045,1.9749155044555664,2.196624517440796,1.9707789421081543,2.0723400115966797,1.8478522300720215,2.1109910011291504,2.0365049839019775,2.496307849884033,2.2794573307037354,2.293635368347168,2.1865901947021484,2.2904140949249268,2.350147008895874,2.4195685386657715,2.637661933898926,2.551274299621582,2.611586809158325,2.3440074920654297,2.4853971004486084,2.25580096244812,2.4898200035095215,2.3808207511901855
B4,2.310131788253784,2.1619985103607178,2.019852876663208,1.8838372230529785,1.8349668979644775,1.6940488815307617,1.894594430923462,1.7500780820846558,1.9848294258117676,1.9607738256454468,1.9286108016967773,1.8252675533294678,1.7032698392868042,1.824938178062439,1.678792953491211,0.9423363208770752,0.5803658366203308,0.3837391138076782,0.0,0.3837360143661499,0.6142815351486206,0.9593386650085449,1.2527291774749756,1.507748007774353,1.6540671586990356,1.5842410326004028,1.578104019165039,1.4052112102508545,1.6322416067123413,1.5307964086532593,1.4150145053863525,1.0868412256240845,1.013779640197754,0.8174214959144592,0.8778476715087891,0.9082242846488953,1.0403172969818115,1.35056734085083,1.4555903673171997,1.685015320777893,1.5207810401916504,1.5884876251220703,1.377478003501892,1.6497160196304321,1.580870509147644,1.9309160709381104,1.6509407758712769,1.6380754709243774,1.4625403881072998,1.52596914768219,1.4983052015304565,1.5515272617340088,1.762818455696106,1.7177942991256714,1.9135099649429321,1.6649471521377563,1.7806816101074219,1.5670595169067383,1.8339378833770752,1.7959887981414795,2.5658249855041504,2.3139448165893555,2.335784912109375,2.1711246967315674,2.267767906188965,2.2634437084198,2.3171184062957764,2.4845728874206543,2.353513240814209,2.373307704925537,2.09592342376709,2.2487447261810303,2.0427017211914062,2.2663021087646484,2.1923370361328125
B5,2.3753693103790283,2.195556402206421,1.9914069175720215,1.8314229249954224,1.7048234939575195,1.5415302515029907,1.6825493574142456,1.505424976348877,1.763183832168579,1.791935920715332,1.8185880184173584,1.790267825126648,1.7182167768478394,1.9133710861206055,1.8269503116607666,1.2562549114227295,0.9267876148223877,0.6276310086250305,0.3837360143661499,0.0,0.3844171464443207,0.6439937353134155,0.9582375288009644,1.2650660276412964,1.4730679988861084,1.467939019203186,1.5501118898391724,1.4505982398986816,1.7427914142608643,1.7158008813858032,1.7076325416564941,1.368456482887268,1.205196499824524,0.9731992483139038,0.8738155961036682,0.8431767821311951,0.827181875705719,1.125618815422058,1.2382944822311401,1.5290229320526123,1.421707034111023,1.5773383378982544,1.4452933073043823,1.7694282531738281,1.7757949829101562,2.1944475173950195,1.8888092041015625,1.8089962005615234,1.5957292318344116,1.5685515403747559,1.4964827299118042,1.4534738063812256,1.6275718212127686,1.5597106218338013,1.8007742166519165,1.6000516414642334,1.7910131216049194,1.6498664617538452,1.9556400775909424,1.9862135648727417,2.8033199310302734,2.521620273590088,2.495866060256958,2.298196792602539,2.334568500518799,2.299104690551758,2.289522409439087,2.433772325515747,2.2598440647125244,2.300187110900879,2.0649173259735107,2.273853063583374,2.126667022705078,2.380420446395874,2.3643901348114014
B6,2.3302805423736572,2.096039056777954,1.8921948671340942,1.6645467281341553,1.5252463817596436,1.29061758518219,1.4024927616119385,1.1879042387008667,1.4083904027938843,1.413112759590149,1.4510060548782349,1.4356489181518555,1.4067516326904297,1.6370006799697876,1.614756464958191,1.5552241802215576,1.1928564310073853,0.9577299952507019,0.6142815351486206,0.3844171464443207,0.0,0.37972670793533325,0.6455650329589844,0.903549313545227,1.0983139276504517,1.0859957933425903,1.1948261260986328,1.1375349760055542,1.4651696681976318,1.5059926509857178,1.9375845193862915,1.5717358589172363,1.4274502992630005,1.12053382396698,1.009016990661621,0.8202155232429504,0.7497671842575073,0.9327099919319153,0.9384602904319763,1.2091314792633057,1.0747960805892944,1.262771487236023,1.1667946577072144,1.5105726718902588,1.5774294137954712,2.3546059131622314,2.0204920768737793,1.9491405487060547,1.6769423484802246,1.6403340101242065,1.4778944253921509,1.4114282131195068,1.4958953857421875,1.341862678527832,1.542586088180542,1.3245655298233032,1.538104772567749,1.4305570125579834,1.731735348701477,1.8122622966766357,2.8940587043762207,2.5886311531066895,2.5715575218200684,2.3274829387664795,2.356815814971924,2.258147954940796,2.232708692550659,2.31636905670166,2.0955581665039062,2.087130308151245,1.8496685028076172,2.0698273181915283,1.95957350730896,2.195852279663086,2.2229156494140625
B7,2.3616878986358643,2.100456953048706,1.8437139987945557,1.5961055755615234,1.3771394491195679,1.1223556995391846,1.1494547128677368,0.9026285409927368,1.158799171447754,1.246978759765625,1.3475557565689087,1.4348957538604736,1.4531053304672241,1.7490922212600708,1.7810118198394775,1.8856207132339478,1.5317625999450684,1.2669345140457153,0.9593386650085449,0.6439937353134155,0.37972670793533325,0.0,0.38767704367637634,0.6831044554710388,0.982348620891571,1.0371060371398926,1.2587803602218628,1.2764028310775757,1.638954997062683,1.7385075092315674,2.293398380279541,1.929023027420044,1.7520254850387573,1.4478590488433838,1.2673176527023315,1.051690697669983,0.8424148559570312,0.9214255809783936,0.866154670715332,1.1827270984649658,1.1083167791366577,1.3828767538070679,1.367340326309204,1.7215741872787476,1.8428101539611816,2.704376697540283,2.362271547317505,2.2590689659118652,1.9725933074951172,1.8815385103225708,1.6874140501022339,1.542190670967102,1.5608580112457275,1.3607230186462402,1.5791735649108887,1.4172706604003906,1.6903440952301025,1.6532998085021973,1.9576057195663452,2.0871572494506836,3.2268166542053223,2.9068515300750732,2.8633103370666504,2.5991780757904053,2.586627721786499,2.458853006362915,2.380812883377075,2.428056240081787,2.1613826751708984,2.1562159061431885,1.966454029083252,2.227558135986328,2.1758792400360107,2.4178550243377686,2.491205930709839
B8,2.632591962814331,2.3376688957214355,2.0858726501464844,1.7903891801834106,1.5542162656784058,1.2334874868392944,1.162310004234314,0.8178161978721619,0.9657915830612183,1.0306273698806763,1.222864031791687,1.3475191593170166,1.466037631034851,1.7822017669677734,1.89021897315979,2.185382127761841,1.8329823017120361,1.5726861953735352,1.2527291774749756,0.9582375288009644,0.6455650329589844,0.38767704367637634,0.0,0.3837459683418274,0.6795227527618408,0.8533959984779358,1.127068042755127,1.2586427927017212,1.6297526359558105,1.8053829669952393,2.488121747970581,2.110013961791992,1.9153871536254883,1.5780644416809082,1.361620545387268,1.0675278902053833,0.799278199672699,0.7062098383903503,0.5474387407302856,0.8690447211265564,0.873635470867157,1.2087068557739258,1.2975704669952393,1.660710334777832,1.8547815084457397,2.8201167583465576,2.456336498260498,2.3297903537750244,2.0050361156463623,1.8752554655075073,1.6178176403045654,1.4262453317642212,1.3511279821395874,1.090429663658142,1.292922019958496,1.183592438697815,1.5009983777999878,1.546177864074707,1.8566336631774902,2.050114631652832,3.2677152156829834,2.923893451690674,2.8606960773468018,2.5599141120910645,2.5131895542144775,2.334421396255493,2.2187259197235107,2.2113990783691406,1.9049595594406128,1.882811427116394,1.7319798469543457,2.02187442779541,2.0326154232025146,2.278506278991699,2.408745050430298
B9,2.608393430709839,2.278233766555786,2.0475409030914307,1.7060130834579468,1.4839071035385132,1.113029956817627,0.9923845529556274,0.6174003481864929,0.634044349193573,0.6548107266426086,0.8904217481613159,1.0628383159637451,1.248870849609375,1.5873569250106812,1.7641931772232056,2.447755813598633,2.0777194499969482,1.8599488735198975,1.507748007774353,1.2650660276412964,0.903549313545227,0.6831044554710388,0.3837459683418274,0.0,0.3776174485683441,0.5624725818634033,0.905316174030304,1.1059496402740479,1.47077476978302,1.7084324359893799,2.7359378337860107,2.353069543838501,2.193694829940796,1.8364139795303345,1.6582062244415283,1.323920726776123,1.1010342836380005,0.9170643091201782,0.5977693796157837,0.7690219879150391,0.7253050804138184,1.076210618019104,1.2133344411849976,1.5419360399246216,1.7825462818145752,3.032597780227661,2.664309501647949,2.565173625946045,2.2205870151519775,2.113208055496216,1.8147034645080566,1.6425669193267822,1.4946579933166504,1.1586894989013672,1.257007122039795,1.1330031156539917,1.4364467859268188,1.5145938396453857,1.7764943838119507,2.0026566982269287,3.4306910037994385,3.083395481109619,3.0427892208099365,2.720764636993408,2.6860203742980957,2.464627265930176,2.354119300842285,2.287964105606079,1.9507606029510498,1.8593024015426636,1.7091515064239502,1.9829448461532593,2.0276360511779785,2.2286148071289062,2.389301061630249
B10,2.783060073852539,2.4417786598205566,2.2577340602874756,1.8936518430709839,1.7249561548233032,1.335463523864746,1.2334926128387451,0.8864482045173645,0.746414065361023,0.5714713335037231,0.8149771094322205,0.9135937094688416,1.1813899278640747,1.4796029329299927,1.7073698043823242,2.567789077758789,2.199521780014038,2.018832206726074,1.6540671586990356,1.4730679988861084,1.0983139276504517,0.982348620891571,0.6795227527618408,0.3776174485683441,0.0,0.3716534376144409,0.6652969717979431,0.9651675820350647,1.2913044691085815,1.582083821296692,2.7608046531677246,2.3768765926361084,2.2424118518829346,1.8681310415267944,1.723174810409546,1.352722406387329,1.1941320896148682,0.947332501411438,0.5616069436073303,0.5200954079627991,0.440657377243042,0.7848416566848755,1.0018310546875,1.2998055219650269,1.5921566486358643,2.982783555984497,2.6097023487091064,2.527723789215088,2.1641340255737305,2.075369119644165,1.7396669387817383,1.6016019582748413,1.3994717597961426,1.0223023891448975,1.010496973991394,0.8691574931144714,1.149129033088684,1.2723352909088135,1.5022382736206055,1.7681207656860352,3.306422233581543,2.9541497230529785,2.928029775619507,2.5864570140838623,2.561300039291382,2.3028182983398438,2.2071003913879395,2.0956244468688965,1.751071572303772,1.5993106365203857,1.4397553205490112,1.6923117637634277,1.7657709121704102,1.9370052814483643,2.129227638244629
B11,2.502261161804199,2.1578369140625,2.0157008171081543,1.6438348293304443,1.5386883020401,1.154280662536621,1.1349070072174072,0.8742294311523438,0.7492970824241638,0.4859589636325836,0.5472445487976074,0.5572800636291504,0.8131092190742493,1.1094611883163452,1.3482229709625244,2.472978115081787,2.0933823585510254,1.9655351638793945,1.5842410326004028,1.467939019203186,1.0859957933425903,1.0371060371398926,0.8533959984779358,0.5624725818634033,0.3716534376144409,0.0,0.37832555174827576,0.6399527788162231,0.9665839672088623,1.2625775337219238,2.709414482116699,2.3334858417510986,2.253222942352295,1.883722186088562,1.8065741062164307,1.4523612260818481,1.366239070892334,1.197616696357727,0.8466578722000122,0.7831859588623047,0.5091186165809631,0.7196151614189148,0.8266968727111816,1.079779863357544,1.3470935821533203,2.9550106525421143,2.5971522331237793,2.567383289337158,2.217662811279297,2.1904282569885254,1.87496817111969,1.801862120628357,1.6459674835205078,1.2879129648208618,1.2352182865142822,0.9966346621513367,1.1834841966629028,1.2166095972061157,1.385987401008606,1.6086558103561401,3.29573917388916,2.9641778469085693,2.9838883876800537,2.658597707748413,2.685600996017456,2.442934989929199,2.4001739025115967,2.305128335952759,1.9892128705978394,1.8034074306488037,1.5837593078613281,1.7743046283721924,1.7907544374465942,1.9101234674453735,2.0593128204345703
B12,2.537456512451172,2.2094204425811768,2.128438711166382,1.769239068031311,1.7401208877563477,1.383013129234314,1.436966061592102,1.223634123802185,1.1055591106414795,0.7997262477874756,0.7322651743888855,0.5080130696296692,0.7305495738983154,0.9092669486999512,1.149787425994873,2.391704797744751,2.0235183238983154,1.9541682004928589,1.578104019165039,1.5501118898391724,1.1948261260986328,1.2587803602218628,1.127068042755127,0.905316174030304,0.6652969717979431,0.37832555174827576,0.0,0.37609753012657166,0.6353466510772705,0.9603853225708008,2.5594770908355713,2.196601390838623,2.1667306423187256,1.8026413917541504,1.7945376634597778,1.4498056173324585,1.4612071514129639,1.3283474445343018,1.023524522781372,0.8774012923240662,0.5149694681167603,0.49260181188583374,0.5201597213745117,0.7107997536659241,0.9934242963790894,2.758694648742676,2.4133505821228027,2.4274463653564453,2.084914445877075,2.11330246925354,1.8047856092453003,1.80666983127594,1.6736915111541748,1.3446147441864014,1.2248567342758179,0.9138021469116211,0.9824520349502563,0.9497218728065491,1.054516315460205,1.2605825662612915,3.0592167377471924,2.742295026779175,2.7999119758605957,2.4822630882263184,2.553107261657715,2.3127405643463135,2.3240487575531006,2.232978105545044,1.9565800428390503,1.7338385581970215,1.459991455078125,1.5801026821136475,1.5513859987258911,1.621932864189148,1.7450523376464844
B13,2.25719952583313,1.953416347503662,1.9135122299194336,1.5843348503112793,1.6222432851791382,1.3161731958389282,1.4672449827194214,1.328229308128357,1.2941715717315674,1.0372440814971924,0.8588666915893555,0.5497596263885498,0.5473317503929138,0.6468456983566284,0.8061603903770447,2.1551074981689453,1.7879360914230347,1.772633671760559,1.4052112102508545,1.4505982398986816,1.1375349760055542,1.2764028310775757,1.2586427927017212,1.1059496402740479,0.9651675820350647,0.6399527788162231,0.37609753012657166,0.0,0.3756025433540344,0.6232321262359619,2.3800363540649414,2.0344512462615967,2.0547428131103516,1.7161551713943481,1.7715269327163696,1.4760963916778564,1.5449650287628174,1.5029700994491577,1.255842924118042,1.1788870096206665,0.8049037456512451,0.7175824046134949,0.5102311372756958,0.6358708739280701,0.7849003672599792,2.6277003288269043,2.306778907775879,2.366734266281128,2.0572240352630615,2.1403188705444336,1.8805291652679443,1.9323339462280273,1.8706214427947998,1.5862973928451538,1.5034657716751099,1.1568424701690674,1.169542670249939,1.012361764907837,1.0796643495559692,1.1747487783432007,2.9796040058135986,2.6912834644317627,2.7858426570892334,2.5027670860290527,2.6199185848236084,2.4236769676208496,2.4796597957611084,2.4368515014648438,2.1994080543518066,1.995592713356018,1.684312105178833,1.7638828754425049,1.6553294658660889,1.7044742107391357,1.7463301420211792
