,A1,A2,A3,A4,A5,A6,A7,A8,A9,A10,A11,A12,A13,A14,A15,B1,B2,B3,B4,B5,B6,B7,B8,B9,B10,B11,B12,B13,B14,B15,C1,C2,C3,C4,C5,C6,C7,C8,C9,C10,C11,C12,C13,C14,C15,D1,D2,D3,D4,D5,D6,D7,D8,D9,D10,D11,D12,D13,D14,D15,E1,E2,E3,E4,E5,E6,E7,E8,E9,E10,E11,E12,E13,E14,E15
A1,0.0,0.4019538462162018,0.6533664464950562,0.9515045881271362,1.2337300777435303,1.5613579750061035,1.8846617937088013,2.230888605117798,2.5321435928344727,2.7373127937316895,2.711122512817383,2.8407704830169678,2.6299068927764893,2.901118278503418,2.767925262451172,1.1727010011672974,1.042656660079956,1.017158031463623,1.2097066640853882,1.3487905263900757,1.6464236974716187,1.8790361881256104,2.2053964138031006,2.500777244567871,2.8006889820098877,2.788686752319336,2.9615068435668945,2.8069543838500977,3.09248423576355,3.0262351036071777,1.8785192966461182,1.705869197845459,1.6323184967041016,1.7141520977020264,1.746293544769287,1.9738333225250244,2.0988192558288574,2.4124441146850586,2.5816845893859863,2.9294931888580322,2.941723585128784,3.1502156257629395,3.025623083114624,3.3213603496551514,3.2943532466888428,2.54264235496521,2.3463478088378906,2.250380516052246,2.2679452896118164,2.240191698074341,2.4157514572143555,2.4401133060455322,2.729907274246216,2.7659265995025635,3.118696451187134,3.1340689659118652,3.3738110065460205,3.2823357582092285,3.5813724994659424,3.597961664199829,3.261518716812134,3.0359089374542236,2.9481945037841797,2.9473283290863037,2.859251022338867,3.007439374923706,2.9025633335113525,3.172710657119751,3.055927038192749,3.3496475219726562,3.384079694747925,3.661054849624634,3.587420701980591,3.895979404449463,3.9577038288116455
A2,0.4019538462162018,0.0,0.38147830963134766,0.5809478163719177,0.9124379754066467,1.2057753801345825,1.5569199323654175,1.8952234983444214,2.179905652999878,2.4060566425323486,2.375213861465454,2.532574415206909,2.3393547534942627,2.626129388809204,2.526022434234619,1.2662832736968994,1.0191688537597656,0.9811980724334717,1.044466257095337,1.174560785293579,1.4050489664077759,1.6316502094268799,1.924657940864563,2.214273691177368,2.5189945697784424,2.4971823692321777,2.694606304168701,2.5606062412261963,2.8539040088653564,2.818427085876465,1.9700912237167358,1.7311524152755737,1.6604210138320923,1.6528502702713013,1.6749833822250366,1.8322596549987793,1.9367259740829468,2.208538770675659,2.3494086265563965,2.6967194080352783,2.6954150199890137,2.9245293140411377,2.819232940673828,3.115711212158203,3.116575002670288,2.637035369873047,2.3952651023864746,2.307844638824463,2.260796308517456,2.23026967048645,2.3455872535705566,2.349720001220703,2.594902753829956,2.587416410446167,2.9277827739715576,2.9302515983581543,3.185906171798706,3.1128246784210205,3.4064908027648926,3.4483895301818848,3.348828077316284,3.0899593830108643,3.014479637145996,2.965092182159424,2.8814072608947754,2.9822332859039307,2.865180730819702,3.098109245300293,2.940668821334839,3.2040274143218994,3.223522663116455,3.511204242706299,3.4554874897003174,3.751234292984009,3.8344178199768066
A3,0.6533664464950562,0.38147830963134766,0.0,0.3786272704601288,0.5856233239173889,0.9341530799865723,1.2437691688537598,1.6001970767974854,1.9182323217391968,2.1461806297302246,2.1652963161468506,2.3457674980163574,2.1970701217651367,2.5185835361480713,2.4601593017578125,1.4032371044158936,1.1122996807098389,0.9446953535079956,0.948935329914093,0.9519855976104736,1.1698590517044067,1.3296401500701904,1.6395505666732788,1.9012689590454102,2.2260324954986572,2.2490172386169434,2.475231647491455,2.383237361907959,2.7081644535064697,2.713360548019409,2.0075438022613525,1.7286516427993774,1.5874654054641724,1.5354912281036377,1.47846257686615,1.6043609380722046,1.6465482711791992,1.9189577102661133,2.0281004905700684,2.389151096343994,2.425642967224121,2.682847738265991,2.6160476207733154,2.9399075508117676,2.9780936241149902,2.6092264652252197,2.332875967025757,2.2001845836639404,2.1144165992736816,2.0322136878967285,2.1117424964904785,2.066330671310425,2.2993881702423096,2.264802932739258,2.613311767578125,2.6476171016693115,2.928213119506836,2.890324354171753,3.2057597637176514,3.281038761138916,3.266721487045288,2.9807238578796387,2.874911069869995,2.7930004596710205,2.675987720489502,2.7430686950683594,2.5909435749053955,2.8024983406066895,2.622098684310913,2.8842222690582275,2.9280688762664795,3.2358133792877197,3.211848497390747,3.5199146270751953,3.633514881134033
A4,0.9515045881271362,0.5809478163719177,0.3786272704601288,0.0,0.38724058866500854,0.6258261799812317,0.9900850653648376,1.321242094039917,1.6048551797866821,1.848356008529663,1.8441991806030273,2.0445377826690674,1.905760407447815,2.23289155960083,2.2028868198394775,1.5034863948822021,1.152773141860962,1.021743655204773,0.8836362957954407,0.8975369334220886,0.9963645339012146,1.1640676259994507,1.412394404411316,1.678725242614746,1.9933913946151733,1.9855461120605469,2.225710391998291,2.144855499267578,2.4653618335723877,2.4937264919281006,2.0879993438720703,1.7694538831710815,1.6606736183166504,1.5281920433044434,1.490115761756897,1.5319807529449463,1.572778344154358,1.7811129093170166,1.8704185485839844,2.2163639068603516,2.218463182449341,2.4836461544036865,2.42551851272583,2.736914873123169,2.79376220703125,2.6891837120056152,2.3854176998138428,2.2826006412506104,2.143786907196045,2.083122730255127,2.104065179824829,2.060655117034912,2.2376163005828857,2.1670114994049072,2.4888696670532227,2.4909276962280273,2.774017095565796,2.742978572845459,3.040290594100952,3.1307382583618164,3.3423659801483154,3.0363199710845947,2.958346366882324,2.837926149368286,2.744227886199951,2.7708311080932617,2.627394199371338,2.801107406616211,2.5900421142578125,2.8112950325012207,2.822852373123169,3.1280856132507324,3.109956979751587,3.3947627544403076,3.518510341644287
A5,1.2337300777435303,0.9124379754066467,0.5856233239173889,0.38724058866500854,0.0,0.3851335048675537,0.6606953740119934,1.0222363471984863,1.3537625074386597,1.6001461744308472,1.6667375564575195,1.8970260620117188,1.822141170501709,2.183318614959717,2.2049636840820312,1.7252542972564697,1.3695142269134521,1.148051142692566,0.9658059477806091,0.8189004063606262,0.850432276725769,0.890334963798523,1.1438816785812378,1.362278938293457,1.7050166130065918,1.7580764293670654,2.036111831665039,2.013259172439575,2.3658640384674072,2.4434654712677,2.2032878398895264,1.8617244958877563,1.6916170120239258,1.5164809226989746,1.3913872241973877,1.3770684003829956,1.3277720212936401,1.5177366733551025,1.5542186498641968,1.9153664112091064,1.965418815612793,2.2661988735198975,2.2593307495117188,2.598407030105591,2.699936628341675,2.7250735759735107,2.394486665725708,2.249654769897461,2.0710015296936035,1.9561012983322144,1.9268594980239868,1.82217276096344,1.9704819917678833,1.857805609703064,2.183941125869751,2.2243552207946777,2.537382125854492,2.551497220993042,2.870077133178711,2.999859571456909,3.3107998371124268,2.9812583923339844,2.8739962577819824,2.7185299396514893,2.591350793838501,2.575002670288086,2.3933658599853516,2.533630847930908,2.2920806407928467,2.5041394233703613,2.542964458465576,2.870729446411133,2.8921773433685303,3.1871836185455322,3.3462538719177246
A6,1.5613579750061035,1.2057753801345825,0.9341530799865723,0.6258261799812317,0.3851335048675537,0.0,0.39594054222106934,0.7033189535140991,0.9952459335327148,1.2662239074707031,1.324094295501709,1.5904006958007812,1.5525972843170166,1.9235683679580688,1.994146704673767,1.9172812700271606,1.5374693870544434,1.3516523838043213,1.0772782564163208,0.9365606904029846,0.8003557324409485,0.7970225811004639,0.9254233837127686,1.1254225969314575,1.452375054359436,1.4788318872451782,1.7821139097213745,1.7907202243804932,2.1390559673309326,2.255018949508667,2.351001024246216,1.9855525493621826,1.8445956707000732,1.6027116775512695,1.4933581352233887,1.3821861743927002,1.3179168701171875,1.4087501764297485,1.4046751260757446,1.736197590827942,1.750976800918579,2.0641348361968994,2.080104351043701,2.4041640758514404,2.5353994369506836,2.8495144844055176,2.4987916946411133,2.381152629852295,2.1540706157684326,2.058685779571533,1.9646285772323608,1.8591382503509521,1.9328863620758057,1.7748284339904785,2.058061361312866,2.0648646354675293,2.38024640083313,2.4109928607940674,2.707441568374634,2.8600242137908936,3.412374258041382,3.0664937496185303,2.9848473072052,2.7912020683288574,2.6867172718048096,2.6249325275421143,2.453550100326538,2.545527458190918,2.2733187675476074,2.4313666820526123,2.435596466064453,2.7578155994415283,2.79190731048584,3.058154582977295,3.2323358058929443
A7,1.8846617937088013,1.5569199323654175,1.2437691688537598,0.9900850653648376,0.6606953740119934,0.39594054222106934,0.0,0.3734949827194214,0.7408028244972229,0.9985467195510864,1.1586863994598389,1.4512046575546265,1.500888466835022,1.8910106420516968,2.018841505050659,2.1726174354553223,1.8012770414352417,1.5674083232879639,1.2817013263702393,1.0439257621765137,0.828304648399353,0.6359580159187317,0.6802141666412354,0.7776045799255371,1.1339586973190308,1.239219307899475,1.5846842527389526,1.6697989702224731,2.0403740406036377,2.2113237380981445,2.503460168838501,2.128967523574829,1.948403239250183,1.674002766609192,1.498953104019165,1.3163559436798096,1.1530390977859497,1.174444317817688,1.0848437547683716,1.416216254234314,1.4814375638961792,1.8323367834091187,1.9126938581466675,2.255936622619629,2.437103033065796,2.9153640270233154,2.5468056201934814,2.40082049369812,2.1359126567840576,1.998985767364502,1.8424330949783325,1.679421067237854,1.6932265758514404,1.4772758483886719,1.7435812950134277,1.7846893072128296,2.128263235092163,2.2124011516571045,2.5215108394622803,2.7172117233276367,3.4004135131835938,3.0362794399261475,2.9349749088287354,2.704251766204834,2.5768332481384277,2.462937593460083,2.2625575065612793,2.3036367893218994,1.9971725940704346,2.124586820602417,2.1472511291503906,2.4869627952575684,2.565328598022461,2.8320536613464355,3.043557643890381
A8,2.230888605117798,1.8952234983444214,1.6001970767974854,1.321242094039917,1.0222363471984863,0.7033189535140991,0.3734949827194214,0.0,0.3869774043560028,0.6472248435020447,0.8637140393257141,1.192134141921997,1.3232457637786865,1.7100545167922974,1.899191975593567,2.4106485843658447,2.0381717681884766,1.8222930431365967,1.5012398958206177,1.2720304727554321,0.970899224281311,0.7356252670288086,0.5649121403694153,0.5432068705558777,0.855755090713501,0.962365448474884,1.3404840230941772,1.4889492988586426,1.849334478378296,2.0707976818084717,2.6754491329193115,2.2933762073516846,2.1300387382507324,1.815686821937561,1.649303913116455,1.3913785219192505,1.20993173122406,1.1056727170944214,0.950466513633728,1.2147213220596313,1.2526675462722778,1.6163537502288818,1.7410484552383423,2.0658459663391113,2.2872025966644287,3.0373499393463135,2.6580379009246826,2.530518054962158,2.22865629196167,2.104654550552368,1.8881479501724243,1.7236573696136475,1.6511164903640747,1.3904626369476318,1.587644338607788,1.5985761880874634,1.9405254125595093,2.055100679397583,2.3392457962036133,2.565387487411499,3.474919319152832,3.1000351905822754,3.0176217555999756,2.752423048019409,2.6437079906463623,2.4830377101898193,2.295058488845825,2.280080556869507,1.9513012170791626,2.011579751968384,2.0000059604644775,2.3279483318328857,2.4275565147399902,2.6615521907806396,2.8934860229492188
A9,2.5321435928344727,2.179905652999878,1.9182323217391968,1.6048551797866821,1.3537625074386597,0.9952459335327148,0.7408028244972229,0.3869774043560028,0.0,0.3786296546459198,0.5875644683837891,0.9671343564987183,1.1711629629135132,1.5304083824157715,1.7770806550979614,2.6291747093200684,2.255154848098755,2.0805678367614746,1.7313008308410645,1.5485010147094727,1.2031992673873901,1.0158438682556152,0.7240260243415833,0.646783173084259,0.7974420785903931,0.8168184161186218,1.1960698366165161,1.38459050655365,1.7039393186569214,1.9632368087768555,2.8658032417297363,2.4818918704986572,2.3574910163879395,2.0168426036834717,1.8907811641693115,1.5913989543914795,1.4433107376098633,1.2499721050262451,1.083997130393982,1.2397685050964355,1.1979196071624756,1.536806583404541,1.6792669296264648,1.9557937383651733,2.2009027004241943,3.210376739501953,2.8293492794036865,2.737989902496338,2.4146413803100586,2.326143980026245,2.076631546020508,1.9412099123001099,1.8063957691192627,1.5352838039398193,1.64934241771698,1.597764015197754,1.9080036878585815,2.028576374053955,2.263279676437378,2.502845525741577,3.629128932952881,3.252448081970215,3.2030277252197266,2.9176292419433594,2.842832326889038,2.6558096408843994,2.4979991912841797,2.4449989795684814,2.1135830879211426,2.1089608669281006,2.044099807739258,2.3388617038726807,2.4391028881073,2.6242125034332275,2.859217643737793
A10,2.7373127937316895,2.4060566425323486,2.1461806297302246,1.848356008529663,1.6001461744308472,1.2662239074707031,0.9985467195510864,0.6472248435020447,0.3786296546459198,0.0,0.38629379868507385,0.6947978138923645,0.9789643287658691,1.3141051530838013,1.5958877801895142,2.6864259243011475,2.3316256999969482,2.1558451652526855,1.802297830581665,1.6143169403076172,1.2434172630310059,1.051622986793518,0.6795126795768738,0.5672719478607178,0.5190604329109192,0.4772127866744995,0.8552261590957642,1.1013901233673096,1.4088495969772339,1.7047470808029175,2.8210442066192627,2.4434783458709717,2.3260467052459717,1.9659686088562012,1.8459986448287964,1.5028835535049438,1.3641079664230347,1.0866272449493408,0.9323866963386536,0.9823765754699707,0.8751358985900879,1.1937086582183838,1.3638982772827148,1.6242462396621704,1.897540807723999,3.091111421585083,2.7090659141540527,2.632154703140259,2.28586745262146,2.213761329650879,1.9250977039337158,1.812000036239624,1.6184124946594238,1.3584718704223633,1.4020003080368042,1.2948870658874512,1.57779860496521,1.707262635231018,1.920006275177002,2.1765389442443848,3.449892282485962,3.0706913471221924,3.039206027984619,2.731290817260742,2.6806252002716064,2.4646501541137695,2.3374972343444824,2.2519078254699707,1.932548999786377,1.879414677619934,1.76467764377594,2.029294490814209,2.126659393310547,2.2844736576080322,2.524437189102173
A11,2.711122512817383,2.375213861465454,2.1652963161468506,1.8441991806030273,1.6667375564575195,1.324094295501709,1.1586863994598389,0.8637140393257141,0.5875644683837891,0.38629379868507385,0.0,0.3959958553314209,0.6516472101211548,0.9707465767860413,1.2616199254989624,2.556553602218628,2.2078492641448975,2.0905635356903076,1.7207915782928467,1.6117063760757446,1.2325477600097656,1.1624586582183838,0.8144893050193787,0.8654749393463135,0.7782087922096252,0.5103446245193481,0.758722186088562,0.9082711935043335,1.1667746305465698,1.4403213262557983,2.693094491958618,2.3212203979492188,2.2624619007110596,1.895006775856018,1.850629448890686,1.5152723789215088,1.4774874448776245,1.2190414667129517,1.1784756183624268,1.205889105796814,0.9790070056915283,1.1998322010040283,1.2772246599197388,1.479720115661621,1.7121284008026123,2.992584228515625,2.620569944381714,2.5969998836517334,2.2565739154815674,2.2481350898742676,1.9818228483200073,1.944463849067688,1.7739033699035645,1.581189751625061,1.6165238618850708,1.425551176071167,1.6392370462417603,1.6912801265716553,1.8537532091140747,2.064831256866455,3.3908491134643555,3.023719310760498,3.038235902786255,2.7434208393096924,2.743163824081421,2.555015802383423,2.481431484222412,2.42582368850708,2.144531011581421,2.0970566272735596,1.9248113632202148,2.141326904296875,2.1747941970825195,2.2997636795043945,2.491689920425415
A12,2.8407704830169678,2.532574415206909,2.3457674980163574,2.0445377826690674,1.8970260620117188,1.5904006958007812,1.4512046575546265,1.192134141921997,0.9671343564987183,0.6947978138923645,0.3959958553314209,0.0,0.3851522207260132,0.634771466255188,0.9546676278114319,2.516191005706787,2.2003941535949707,2.108034372329712,1.7486152648925781,1.6735857725143433,1.3057594299316406,1.2943058013916016,0.9664573073387146,1.0703778266906738,0.8789442181587219,0.49168962240219116,0.49143487215042114,0.5741064548492432,0.7777197360992432,1.0684562921524048,2.553941011428833,2.2010436058044434,2.176950693130493,1.8048118352890015,1.8060382604599,1.4611573219299316,1.491938591003418,1.2113038301467896,1.2603790760040283,1.2079555988311768,0.8778347969055176,0.968538761138916,0.9770341515541077,1.1197431087493896,1.340311050415039,2.794234275817871,2.433739423751831,2.450223922729492,2.103893518447876,2.144965410232544,1.8722045421600342,1.9009864330291748,1.7141817808151245,1.590423583984375,1.5772500038146973,1.3022874593734741,1.429677128791809,1.4213786125183105,1.5318634510040283,1.7170031070709229,3.157313823699951,2.7997889518737793,2.853408098220825,2.5547704696655273,2.60286283493042,2.416088581085205,2.401249647140503,2.346592426300049,2.111117124557495,2.0431182384490967,1.8061612844467163,1.9607956409454346,1.9411274194717407,2.02738356590271,2.183640241622925
A13,2.6299068927764893,2.3393547534942627,2.1970701217651367,1.905760407447815,1.822141170501709,1.5525972843170166,1.500888466835022,1.3232457637786865,1.1711629629135132,0.9789643287658691,0.6516472101211548,0.3851522207260132,0.0,0.39219552278518677,0.6177754402160645,2.207469940185547,1.908216953277588,1.8638274669647217,1.5118786096572876,1.5116773843765259,1.1772527694702148,1.2830073833465576,1.041035771369934,1.2613149881362915,1.1369283199310303,0.7602912187576294,0.6810780167579651,0.5107609033584595,0.6796708703041077,0.8479103446006775,2.2501840591430664,1.9067306518554688,1.9322482347488403,1.5706815719604492,1.6444250345230103,1.341896414756775,1.4720127582550049,1.268452525138855,1.4162466526031494,1.41634202003479,1.0800589323043823,1.1126915216445923,0.9863998293876648,1.106969952583313,1.2233476638793945,2.534790515899658,2.1875414848327637,2.245377779006958,1.9229825735092163,2.01859450340271,1.7979413270950317,1.8939964771270752,1.7735939025878906,1.7204532623291016,1.7558919191360474,1.4662015438079834,1.557884931564331,1.4596253633499146,1.5627963542938232,1.6692514419555664,2.960280656814575,2.618746757507324,2.7026538848876953,2.4361140727996826,2.5183918476104736,2.383854627609253,2.4071991443634033,2.41011381149292,2.2158255577087402,2.1976258754730225,1.9517791271209717,2.0880191326141357,2.002605676651001,2.0995500087738037,2.196035623550415
A14,2.901118278503418,2.626129388809204,2.5185835361480713,2.23289155960083,2.183318614959717,1.9235683679580688,1.8910106420516968,1.7100545167922974,1.5304083824157715,1.3141051530838013,0.9707465767860413,0.634771466255188,0.39219552278518677,0.0,0.37344950437545776,2.358003616333008,2.0977566242218018,2.1031887531280518,1.7736046314239502,1.821654200553894,1.5168991088867188,1.6522709131240845,1.4202324151992798,1.6261035203933716,1.4522221088409424,1.0597825050354004,0.8557047843933105,0.6183856129646301,0.5266912579536438,0.6281403303146362,2.333714246749878,2.0261988639831543,2.1078007221221924,1.7647541761398315,1.8923429250717163,1.609387993812561,1.7827730178833008,1.5740814208984375,1.744781255722046,1.6888247728347778,1.3144768476486206,1.2345333099365234,1.0443063974380493,1.0190439224243164,1.0690619945526123,2.5760910511016846,2.258122682571411,2.3720972537994385,2.0630698204040527,2.21260929107666,2.0020320415496826,2.14914608001709,2.0173757076263428,2.0037457942962646,1.9925987720489502,1.6558749675750732,1.6591312885284424,1.5049049854278564,1.5106828212738037,1.560750961303711,2.9749841690063477,2.6571741104125977,2.7917287349700928,2.5333213806152344,2.667670726776123,2.540627956390381,2.616389036178589,2.6151933670043945,2.457573413848877,2.4126439094543457,2.1212966442108154,2.1907753944396973,2.0587527751922607,2.0919740200042725,2.1367082595825195
A15,2.767925262451172,2.526022434234619,2.4601593017578125,2.2028868198394775,2.2049636840820312,1.994146704673767,2.018841505050659,1.899191975593567,1.7770806550979614,1.5958877801895142,1.2616199254989624,0.9546676278114319,0.6177754402160645,0.37344950437545776,0.0,2.108492851257324,1.8874552249908447,1.941542625427246,1.6466522216796875,1.760062575340271,1.5140986442565918,1.7261840105056763,1.5683934688568115,1.83369779586792,1.698900818824768,1.324806809425354,1.1101254224777222,0.7787704467773438,0.6613703370094299,0.5294036865234375,2.056290864944458,1.777016043663025,1.9132989645004272,1.6020985841751099,1.7976317405700684,1.5728620290756226,1.8205918073654175,1.6795318126678467,1.9141862392425537,1.8918185234069824,1.5300039052963257,1.4219053983688354,1.1501187086105347,1.1097749471664429,1.0342234373092651,2.3198559284210205,2.027571439743042,2.187241792678833,1.9140589237213135,2.1163337230682373,1.9618217945098877,2.1665735244750977,2.0922560691833496,2.13855242729187,2.162187337875366,1.8269131183624268,1.8042831420898438,1.584059476852417,1.586531162261963,1.5539603233337402,2.765493869781494,2.471860647201538,2.637880563735962,2.4170329570770264,2.585092782974243,2.5093181133270264,2.6219727993011475,2.669879913330078,2.5542690753936768,2.5503673553466797,2.259098768234253,2.3115386962890625,2.126394271850586,2.171168327331543,2.158135414123535
B1,1.1727010011672974,1.2662832736968994,1.4032371044158936,1.5034863948822021,1.7252542972564697,1.9172812700271606,2.1726174354553223,2.4106485843658447,2.6291747093200684,2.6864259243011475,2.556553602218628,2.516191005706787,2.207469940185547,2.358003616333008,2.108492851257324,0.0,0.38868290185928345,0.6472644805908203,0.912837564945221,1.2242681980133057,1.50192129611969,1.8602449893951416,2.133817672729492,2.5047662258148193,2.6714720726013184,2.5484092235565186,2.559652090072632,2.2855515480041504,2.469050407409668,2.2835724353790283,0.7908601760864258,0.7021134495735168,0.864515483379364,1.0372580289840698,1.3020638227462769,1.570725440979004,1.8872759342193604,2.1709609031677246,2.4819717407226562,2.7297756671905518,2.6300058364868164,2.6930782794952393,2.4491727352142334,2.657928228378296,2.517141580581665,1.536943793296814,1.3933639526367188,1.457627534866333,1.5322799682617188,1.6918421983718872,1.9219493865966797,2.1341121196746826,2.419243574142456,2.5877604484558105,2.873584508895874,2.7736382484436035,2.887211561203003,2.6782004833221436,2.904726505279541,2.814880609512329,2.3309147357940674,2.1490278244018555,2.1820802688598633,2.2237203121185303,2.278531312942505,2.483031749725342,2.534994602203369,2.83589506149292,2.8207132816314697,3.0861330032348633,3.0106358528137207,3.181396245956421,2.993344306945801,3.2511866092681885,3.2107064723968506
B2,1.042656660079956,1.0191688537597656,1.1122996807098389,1.152773141860962,1.3695142269134521,1.5374693870544434,1.8012770414352417,2.0381717681884766,2.255154848098755,2.3316256999969482,2.2078492641448975,2.2003941535949707,1.908216953277588,2.0977566242218018,1.8874552249908447,0.38868290185928345,0.0,0.38505569100379944,0.5599014163017273,0.9083508253097534,1.1614916324615479,1.5297620296478271,1.7946380376815796,2.1666276454925537,2.3497862815856934,2.229612350463867,2.277409076690674,2.0281739234924316,2.24432635307312,2.102890968322754,1.0126700401306152,0.7713441252708435,0.8581741452217102,0.8967350125312805,1.1284897327423096,1.3412537574768066,1.6348295211791992,1.8999046087265015,2.1858742237091064,2.448580026626587,2.350156307220459,2.4500207901000977,2.234154462814331,2.467165946960449,2.370210647583008,1.7202476263046265,1.4972405433654785,1.5237996578216553,1.5072907209396362,1.6269785165786743,1.793495535850525,1.9641920328140259,2.2195751667022705,2.34114408493042,2.6311938762664795,2.5342869758605957,2.6815598011016846,2.503084897994995,2.74483060836792,2.6971595287323,2.4810259342193604,2.2471132278442383,2.2619268894195557,2.24066162109375,2.269228935241699,2.418926477432251,2.432710886001587,2.7008235454559326,2.6362781524658203,2.8852152824401855,2.8116915225982666,3.010484218597412,2.8541035652160645,3.115111827850342,3.1130847930908203
B3,1.017158031463623,0.9811980724334717,0.9446953535079956,1.021743655204773,1.148051142692566,1.3516523838043213,1.5674083232879639,1.8222930431365967,2.0805678367614746,2.1558451652526855,2.0905635356903076,2.108034372329712,1.8638274669647217,2.1031887531280518,1.941542625427246,0.6472644805908203,0.38505569100379944,0.0,0.3756917417049408,0.5974560976028442,0.9238932132720947,1.2479974031448364,1.5584278106689453,1.9121696949005127,2.119018316268921,2.054741859436035,2.1338951587677,1.9291545152664185,2.194387674331665,2.1002516746520996,1.078408122062683,0.7841053009033203,0.6901584267616272,0.7041147947311401,0.8251092433929443,1.068171501159668,1.3182052373886108,1.6222856044769287,1.8965821266174316,2.181828022003174,2.1341006755828857,2.266345262527466,2.090787410736084,2.369931697845459,2.315610408782959,1.689164638519287,1.4211090803146362,1.3564811944961548,1.3092544078826904,1.3520798683166504,1.5124139785766602,1.637557864189148,1.9132338762283325,2.02822208404541,2.3416829109191895,2.288592576980591,2.466857433319092,2.3251495361328125,2.607140064239502,2.597041606903076,2.3891499042510986,2.122833728790283,2.081085443496704,2.0346648693084717,2.0101380348205566,2.142463445663452,2.114485502243042,2.3826427459716797,2.3067381381988525,2.5746707916259766,2.537360429763794,2.7633581161499023,2.6393628120422363,2.929826021194458,2.962280035018921
B4,1.2097066640853882,1.044466257095337,0.948935329914093,0.8836362957954407,0.9658059477806091,1.0772782564163208,1.2817013263702393,1.5012398958206177,1.7313008308410645,1.802297830581665,1.7207915782928467,1.7486152648925781,1.5118786096572876,1.7736046314239502,1.6466522216796875,0.912837564945221,0.5599014163017273,0.3756917417049408,0.0,0.3880325257778168,0.6035589575767517,0.9722599387168884,1.2395216226577759,1.6079949140548706,1.8049808740615845,1.7156132459640503,1.8105872869491577,1.6178125143051147,1.8977798223495483,1.8388354778289795,1.2796061038970947,0.9231463074684143,0.8505213856697083,0.680709719657898,0.7860140204429626,0.892935037612915,1.1374084949493408,1.3813902139663696,1.6415866613388062,1.9188114404678345,1.8421971797943115,1.9913867712020874,1.8300585746765137,2.112898826599121,2.0911338329315186,1.8453404903411865,1.5311037302017212,1.483969807624817,1.3427066802978516,1.3840068578720093,1.4490971565246582,1.5541948080062866,1.765482783317566,1.834645390510559,2.128391981124878,2.048698663711548,2.240830183029175,2.1150267124176025,2.3905296325683594,2.4098029136657715,2.508293390274048,2.2081549167633057,2.18447208404541,2.0765154361724854,2.0612049102783203,2.1295883655548096,2.0920467376708984,2.3106064796447754,2.1897408962249756,2.4174065589904785,2.353853464126587,2.5880398750305176,2.4807207584381104,2.7541260719299316,2.8101980686187744
B5,1.3487905263900757,1.174560785293579,0.9519855976104736,0.8975369334220886,0.8189004063606262,0.9365606904029846,1.0439257621765137,1.2720304727554321,1.5485010147094727,1.6143169403076172,1.6117063760757446,1.6735857725143433,1.5116773843765259,1.821654200553894,1.760062575340271,1.2242681980133057,0.9083508253097534,0.5974560976028442,0.3880325257778168,0.0,0.38074514269828796,0.6519157886505127,0.9825323820114136,1.321437120437622,1.54923677444458,1.5350075960159302,1.6747411489486694,1.5512633323669434,1.8818364143371582,1.8855246305465698,1.4766508340835571,1.115873098373413,0.9176841974258423,0.7025518417358398,0.6030240058898926,0.6613327860832214,0.8040063977241516,1.0849888324737549,1.3182942867279053,1.626207947731018,1.6144061088562012,1.810112714767456,1.710004210472107,2.0412652492523193,2.076070785522461,1.928066372871399,1.584051251411438,1.4550445079803467,1.266115665435791,1.2077451944351196,1.2222222089767456,1.2470149993896484,1.458398699760437,1.499018669128418,1.8189631700515747,1.7925982475280762,2.0276012420654297,1.9556773900985718,2.2723052501678467,2.3410274982452393,2.5038645267486572,2.17460298538208,2.0969536304473877,1.950368046760559,1.8766807317733765,1.902549386024475,1.8092104196548462,2.0078318119049072,1.8573071956634521,2.0962259769439697,2.0732901096343994,2.342745304107666,2.2816691398620605,2.582172393798828,2.6827962398529053
B6,1.6464236974716187,1.4050489664077759,1.1698590517044067,0.9963645339012146,0.850432276725769,0.8003557324409485,0.828304648399353,0.970899224281311,1.2031992673873901,1.2434172630310059,1.2325477600097656,1.3057594299316406,1.1772527694702148,1.5168991088867188,1.5140986442565918,1.50192129611969,1.1614916324615479,0.9238932132720947,0.6035589575767517,0.38074514269828796,0.0,0.3979986906051636,0.6382952928543091,1.005685806274414,1.2115247249603271,1.1692487001419067,1.3336225748062134,1.2425092458724976,1.5935944318771362,1.65104341506958,1.7057814598083496,1.3251160383224487,1.170250654220581,0.8618248701095581,0.767790675163269,0.6132329106330872,0.7049764394760132,0.8564056158065796,1.0648690462112427,1.3525961637496948,1.3024044036865234,1.5216007232666016,1.449808955192566,1.7842986583709717,1.86416757106781,2.1084580421447754,1.7411082983016968,1.6405125856399536,1.3812190294265747,1.3332005739212036,1.2380430698394775,1.2399710416793823,1.3480883836746216,1.3270171880722046,1.6083401441574097,1.5453447103500366,1.7945778369903564,1.7470755577087402,2.0518155097961426,2.156954050064087,2.6361186504364014,2.2849106788635254,2.231212854385376,2.030038595199585,1.9744443893432617,1.9313334226608276,1.8377505540847778,1.9699088335037231,1.7731854915618896,1.9521080255508423,1.8928698301315308,2.16545033454895,2.125128746032715,2.4001059532165527,2.5269687175750732
B7,1.8790361881256104,1.6316502094268799,1.3296401500701904,1.1640676259994507,0.890334963798523,0.7970225811004639,0.6359580159187317,0.7356252670288086,1.0158438682556152,1.051622986793518,1.1624586582183838,1.2943058013916016,1.2830073833465576,1.6522709131240845,1.7261840105056763,1.8602449893951416,1.5297620296478271,1.2479974031448364,0.9722599387168884,0.6519157886505127,0.3979986906051636,0.0,0.38535887002944946,0.6744034886360168,0.9411789178848267,1.0214531421661377,1.262953758239746,1.2864904403686523,1.6716426610946655,1.8039183616638184,2.018759250640869,1.6469333171844482,1.434977650642395,1.1341325044631958,0.920603334903717,0.6905827522277832,0.5393384695053101,0.6306670904159546,0.7272167205810547,1.0654957294464111,1.1110002994537354,1.4058927297592163,1.4339054822921753,1.8043386936187744,1.9542373418807983,2.3376808166503906,1.9606679677963257,1.8057836294174194,1.5182921886444092,1.3841496706008911,1.213415265083313,1.0950102806091309,1.1426453590393066,1.029905915260315,1.3290022611618042,1.3377975225448608,1.6489758491516113,1.685263752937317,2.020616292953491,2.1879570484161377,2.7772886753082275,2.408202648162842,2.3108668327331543,2.072000741958618,1.9622371196746826,1.8564369678497314,1.6969422101974487,1.77274489402771,1.518035888671875,1.6820454597473145,1.670835018157959,1.9881645441055298,2.0176005363464355,2.3080976009368896,2.4913551807403564
B8,2.2053964138031006,1.924657940864563,1.6395505666732788,1.412394404411316,1.1438816785812378,0.9254233837127686,0.6802141666412354,0.5649121403694153,0.7240260243415833,0.6795126795768738,0.8144893050193787,0.9664573073387146,1.041035771369934,1.4202324151992798,1.5683934688568115,2.133817672729492,1.7946380376815796,1.5584278106689453,1.2395216226577759,0.9825323820114136,0.6382952928543091,0.38535887002944946,0.0,0.3851383924484253,0.5975245237350464,0.6570035815238953,0.953935444355011,1.0540919303894043,1.4420554637908936,1.639613151550293,2.255498170852661,1.8783607482910156,1.707445502281189,1.3675124645233154,1.19692063331604,0.8811054825782776,0.7280928492546082,0.5803848505020142,0.5792480111122131,0.8433424234390259,0.829847514629364,1.1592730283737183,1.2403266429901123,1.5956255197525024,1.797653317451477,2.5370447635650635,2.1527462005615234,2.032339572906494,1.7073040008544922,1.6025416851043701,1.3602879047393799,1.2463319301605225,1.1684712171554565,0.9855843782424927,1.1942094564437866,1.14798903465271,1.4654130935668945,1.536301612854004,1.8418772220611572,2.0478334426879883,2.9332308769226074,2.5550169944763184,2.4872450828552246,2.2106575965881348,2.129629373550415,1.9684406518936157,1.8269633054733276,1.830568790435791,1.543867826461792,1.6195757389068604,1.5571471452713013,1.8626364469528198,1.9151244163513184,2.1638989448547363,2.3716812133789062
B9,2.500777244567871,2.214273691177368,1.9012689590454102,1.678725242614746,1.362278938293457,1.1254225969314575,0.7776045799255371,0.5432068705558777,0.646783173084259,0.5672719478607178,0.8654749393463135,1.0703778266906738,1.2613149881362915,1.6261035203933716,1.83369779586792,2.5047662258148193,2.1666276454925537,1.9121696949005127,1.6079949140548706,1.321437120437622,1.005685806274414,0.6744034886360168,0.3851383924484253,0.0,0.38478416204452515,0.6533780694007874,1.0137734413146973,1.2335647344589233,1.607434630393982,1.8632230758666992,2.6079249382019043,2.2364583015441895,2.0415713787078857,1.7103824615478516,1.4968538284301758,1.1740264892578125,0.9206187129020691,0.687403678894043,0.44295260310173035,0.6737465262413025,0.7775619029998779,1.1681591272354126,1.3581366539001465,1.7084910869598389,1.9690219163894653,2.838636875152588,2.4535248279571533,2.306797742843628,1.9718337059020996,1.8229365348815918,1.5381784439086914,1.3465551137924194,1.1864163875579834,0.893430233001709,1.0491085052490234,1.0752654075622559,1.4370182752609253,1.598728060722351,1.903293251991272,2.1641037464141846,3.1669580936431885,2.7818188667297363,2.6894326210021973,2.3879804611206055,2.2746410369873047,2.0606722831726074,1.8752268552780151,1.8068894147872925,1.4690499305725098,1.4872030019760132,1.464287519454956,1.7968087196350098,1.9249317646026611,2.1641733646392822,2.423593759536743
B10,2.8006889820098877,2.5189945697784424,2.2260324954986572,1.9933913946151733,1.7050166130065918,1.452375054359436,1.1339586973190308,0.855755090713501,0.7974420785903931,0.5190604329109192,0.7782087922096252,0.8789442181587219,1.1369283199310303,1.4522221088409424,1.698900818824768,2.6714720726013184,2.3497862815856934,2.119018316268921,1.8049808740615845,1.54923677444458,1.2115247249603271,0.9411789178848267,0.5975245237350464,0.38478416204452515,0.0,0.39603284001350403,0.7185764908790588,1.0173486471176147,1.3582545518875122,1.6568691730499268,2.687063217163086,2.325026750564575,2.1570794582366943,1.8067777156829834,1.6249076128005981,1.2608414888381958,1.051912784576416,0.7031456232070923,0.4967156648635864,0.4635556638240814,0.45975199341773987,0.84857577085495,1.0953863859176636,1.41641104221344,1.7161637544631958,2.8477752208709717,2.465275287628174,2.348635673522949,1.9897890090942383,1.8746978044509888,1.5449169874191284,1.395035743713379,1.1451836824417114,0.8689184188842773,0.8829814195632935,0.8123207688331604,1.1442875862121582,1.3306595087051392,1.5995482206344604,1.888023018836975,3.1135101318359375,2.727701187133789,2.665923595428467,2.337406635284424,2.262274980545044,2.010432481765747,1.8709460496902466,1.7517406940460205,1.429862380027771,1.3607686758041382,1.2566959857940674,1.5467138290405273,1.6780240535736084,1.8724031448364258,2.1435048580169678
B11,2.788686752319336,2.4971823692321777,2.2490172386169434,1.9855461120605469,1.7580764293670654,1.4788318872451782,1.239219307899475,0.962365448474884,0.8168184161186218,0.4772127866744995,0.5103446245193481,0.49168962240219116,0.7602912187576294,1.0597825050354004,1.324806809425354,2.5484092235565186,2.229612350463867,2.054741859436035,1.7156132459640503,1.5350075960159302,1.1692487001419067,1.0214531421661377,0.6570035815238953,0.6533780694007874,0.39603284001350403,0.0,0.3994632363319397,0.6816771626472473,1.0079253911972046,1.3143831491470337,2.556760549545288,2.195615768432617,2.0888354778289795,1.7196128368377686,1.6197196245193481,1.2471981048583984,1.1614199876785278,0.8246074914932251,0.7934609651565552,0.7315589785575867,0.46873483061790466,0.7329109907150269,0.8880904316902161,1.1615722179412842,1.4433871507644653,2.7425787448883057,2.3652760982513428,2.3088881969451904,1.9470936059951782,1.9074127674102783,1.5945138931274414,1.5411231517791748,1.3156194686889648,1.132973551750183,1.1253888607025146,0.9152159690856934,1.146388053894043,1.2392009496688843,1.4488445520401,1.7010763883590698,3.047067880630493,2.6699976921081543,2.662961959838867,2.342477560043335,2.3295276165008545,2.1049976348876953,2.033400297164917,1.9465519189834595,1.6736011505126953,1.6034108400344849,1.4152073860168457,1.6354731321334839,1.6877328157424927,1.8353947401046753,2.0568110942840576
B12,2.9615068435668945,2.694606304168701,2.475231647491455,2.225710391998291,2.036111831665039,1.7821139097213745,1.5846842527389526,1.3404840230941772,1.1960698366165161,0.8552261590957642,0.758722186088562,0.49143487215042114,0.6810780167579651,0.8557047843933105,1.1101254224777222,2.559652090072632,2.277409076690674,2.1338951587677,1.8105872869491577,1.6747411489486694,1.3336225748062134,1.262953758239746,0.953935444355011,1.0137734413146973,0.7185764908790588,0.3994632363319397,0.0,0.3835926949977875,0.6503415703773499,0.9816763997077942,2.4657561779022217,2.1300714015960693,2.0628013610839844,1.6959352493286133,1.6498656272888184,1.279865026473999,1.280125379562378,0.9430854320526123,1.025720477104187,0.8675359487533569,0.47750377655029297,0.4771401882171631,0.5526711344718933,0.769408643245697,1.0633543729782104,2.5813684463500977,2.219745397567749,2.2090511322021484,1.8433549404144287,1.8621045351028442,1.544867753982544,1.5741839408874512,1.332681655883789,1.246965765953064,1.1710008382797241,0.8458157181739807,0.9385626316070557,0.9515844583511353,1.0972893238067627,1.3325875997543335,2.8393445014953613,2.473642349243164,2.512169361114502,2.1863508224487305,2.231658458709717,2.007664442062378,2.009333372116089,1.9219948053359985,1.7111289501190186,1.6126600503921509,1.3402493000030518,1.4718801975250244,1.4555885791778564,1.551293134689331,1.7343565225601196
B13,2.8069543838500977,2.5606062412261963,2.383237361907959,2.144855499267578,2.013259172439575,1.7907202243804932,1.6697989702224731,1.4889492988586426,1.38459050655365,1.1013901233673096,0.9082711935043335,0.5741064548492432,0.5107609033584595,0.6183856129646301,0.7787704467773438,2.2855515480041504,2.0281739234924316,1.9291545152664185,1.6178125143051147,1.5512633323669434,1.2425092458724976,1.2864904403686523,1.0540919303894043,1.2335647344589233,1.0173486471176147,0.6816771626472473,0.3835926949977875,0.0,0.3919089734554291,0.6406341195106506,2.163640022277832,1.841044545173645,1.8258006572723389,1.464959979057312,1.4979909658432007,1.1632219552993774,1.2828354835510254,1.028609275817871,1.2276159524917603,1.1358274221420288,0.7614682912826538,0.6620131731033325,0.47626328468322754,0.6453524827957153,0.8210591077804565,2.2996907234191895,1.949672818183899,1.990282654762268,1.6412123441696167,1.730324387550354,1.4632234573364258,1.5827293395996094,1.41440749168396,1.4192179441452026,1.3966996669769287,1.05612051486969,1.0789737701416016,0.950465977191925,1.066046953201294,1.1980640888214111,2.609761953353882,2.2585246562957764,2.3395142555236816,2.0423529148101807,2.137540578842163,1.9689370393753052,2.025869369506836,2.0022575855255127,1.8459054231643677,1.8006742000579834,1.5126147270202637,1.6060274839401245,1.4974647760391235,1.592134714126587,1.6940033435821533
