,A1,A2,A3,A4,A5,A6,A7,A8,A9,A10,A11,A12,A13,A14,A15,B1,B2,B3,B4,B5,B6,B7,B8,B9,B10,B11,B12,B13,B14,B15,C1,C2,C3,C4,C5,C6,C7,C8,C9,C10,C11,C12,C13,C14,C15,D1,D2,D3,D4,D5,D6,D7,D8,D9,D10,D11,D12,D13,D14,D15,E1,E2,E3,E4,E5,E6,E7,E8,E9,E10,E11,E12,E13,E14,E15
A1,0.0,0.3840343952178955,0.6434768438339233,0.9400542974472046,1.247201919555664,1.5418144464492798,1.8982133865356445,2.180833101272583,2.37389874458313,2.311253547668457,2.016366481781006,1.9001178741455078,1.537766456604004,1.54313063621521,1.2279410362243652,0.9296677112579346,0.8991772532463074,1.0818841457366943,1.2392873764038086,1.4755237102508545,1.7105392217636108,1.9614505767822266,2.3305540084838867,2.4182400703430176,2.4456422328948975,2.1531972885131836,2.127305507659912,1.8197484016418457,1.8765432834625244,1.6736547946929932,1.7868068218231201,1.6775580644607544,1.7764151096343994,1.8361881971359253,1.9858490228652954,2.1411173343658447,2.273003578186035,2.6377713680267334,2.6287920475006104,2.7152624130249023,2.441028356552124,2.473994255065918,2.2205910682678223,2.286280632019043,2.1552319526672363,2.5814285278320312,2.44667911529541,2.5282163619995117,2.518632411956787,2.6165621280670166,2.7188501358032227,2.748948574066162,3.0673630237579346,2.9807376861572266,3.108499526977539,2.8376805782318115,2.911761522293091,2.714815616607666,2.762143850326538,2.706568479537964,3.5015201568603516,3.3032829761505127,3.3524107933044434,3.307570695877075,3.414538621902466,3.485591173171997,3.4798576831817627,3.7224228382110596,3.5761194229125977,3.672708511352539,3.396578788757324,3.5198426246643066,3.3730056285858154,3.4060752391815186,3.3701889514923096
A2,0.3840343952178955,0.0,0.3813476860523224,0.5822309851646423,0.9178747534751892,1.1823536157608032,1.5384292602539062,1.8319392204284668,2.0064079761505127,1.9441006183624268,1.645322322845459,1.552012324333191,1.1977341175079346,1.252992868423462,0.9942227005958557,1.0732779502868652,0.8964769244194031,1.033266544342041,1.072760820388794,1.2889379262924194,1.4600166082382202,1.6844696998596191,2.0474390983581543,2.0976414680480957,2.1277456283569336,1.833556890487671,1.8352956771850586,1.5606427192687988,1.6511030197143555,1.515748381614685,1.8749035596847534,1.6905330419540405,1.767659068107605,1.7479876279830933,1.8730390071868896,1.965456485748291,2.0620148181915283,2.4068336486816406,2.3546197414398193,2.4411497116088867,2.169631242752075,2.226776123046875,2.0116524696350098,2.096937656402588,2.024311065673828,2.6304564476013184,2.4449310302734375,2.5141711235046387,2.4479148387908936,2.5282812118530273,2.5787107944488525,2.579383611679077,2.868601083755493,2.742689847946167,2.865774393081665,2.6024250984191895,2.695413589477539,2.535555601119995,2.589258909225464,2.582097291946411,3.5101468563079834,3.278517246246338,3.323075532913208,3.236006259918213,3.3301782608032227,3.360612392425537,3.3315834999084473,3.5433712005615234,3.3637869358062744,3.4516236782073975,3.181992769241333,3.3167049884796143,3.2033355236053467,3.2360429763793945,3.239210605621338
A3,0.6434768438339233,0.3813476860523224,0.0,0.3774964511394501,0.6126675009727478,0.9397681951522827,1.284626841545105,1.562142014503479,1.7903107404708862,1.7827976942062378,1.533288598060608,1.5172044038772583,1.2113631963729858,1.375283122062683,1.1933406591415405,1.156954288482666,0.932407557964325,0.9203030467033386,0.9267003536224365,1.0413572788238525,1.2252726554870605,1.400545597076416,1.7805923223495483,1.865252137184143,1.952459454536438,1.7063190937042236,1.782017469406128,1.5575428009033203,1.7334154844284058,1.6570194959640503,1.9446278810501099,1.7193588018417358,1.714402437210083,1.664668321609497,1.7141185998916626,1.7966492176055908,1.8353211879730225,2.1807878017425537,2.1395933628082275,2.2767746448516846,2.0497117042541504,2.1693975925445557,1.9970954656600952,2.1508963108062744,2.1251959800720215,2.682766914367676,2.466517925262451,2.478549003601074,2.388312816619873,2.412436008453369,2.448711633682251,2.398811101913452,2.6757166385650635,2.554185390472412,2.718144178390503,2.492788314819336,2.636597156524658,2.512077569961548,2.619098424911499,2.6507887840270996,3.5396838188171387,3.28377366065979,3.2864484786987305,3.1797149181365967,3.232403516769409,3.2510554790496826,3.1815505027770996,3.3818836212158203,3.1976616382598877,3.318525552749634,3.0796337127685547,3.2541162967681885,3.1704883575439453,3.2438015937805176,3.2775702476501465
A4,0.9400542974472046,0.5822309851646423,0.3774964511394501,0.0,0.37547120451927185,0.6025043725967407,0.9647881388664246,1.25008225440979,1.4399622678756714,1.4167841672897339,1.1592907905578613,1.167932152748108,0.8912295699119568,1.1204501390457153,1.0342453718185425,1.358664870262146,1.0528161525726318,1.0274019241333008,0.8871405124664307,0.9772269129753113,1.0417242050170898,1.1845911741256714,1.5413426160812378,1.565992832183838,1.6414153575897217,1.388472318649292,1.4897873401641846,1.3127905130386353,1.5168046951293945,1.5175251960754395,2.0438623428344727,1.766432285308838,1.759817123413086,1.6310285329818726,1.6678868532180786,1.6696038246154785,1.6773982048034668,1.9877384901046753,1.889767050743103,2.012181282043457,1.7835465669631958,1.9197683334350586,1.7920300960540771,1.9551162719726562,1.9885740280151367,2.7208540439605713,2.4656574726104736,2.478663921356201,2.3350324630737305,2.353567123413086,2.3322086334228516,2.262799024581909,2.5026278495788574,2.3348443508148193,2.480489492416382,2.2589285373687744,2.412153720855713,2.3259143829345703,2.429349422454834,2.5063893795013428,3.5236713886260986,3.2426247596740723,3.250962734222412,3.1052169799804688,3.154008150100708,3.130066156387329,3.0466201305389404,3.2125446796417236,2.993875503540039,3.094925880432129,2.858819007873535,3.0353810787200928,2.9835338592529297,3.0481362342834473,3.1175107955932617
A5,1.247201919555664,0.9178747534751892,0.6126675009727478,0.37547120451927185,0.0,0.3851568400859833,0.6838552951812744,0.972825288772583,1.2260926961898804,1.293243169784546,1.1138969659805298,1.2423895597457886,1.0626291036605835,1.3690330982208252,1.356968641281128,1.6276394128799438,1.3181233406066895,1.1941484212875366,1.019689679145813,0.9661672115325928,0.9843578934669495,1.0041364431381226,1.3608254194259644,1.3967515230178833,1.5504999160766602,1.3710370063781738,1.5650805234909058,1.46977961063385,1.7352135181427002,1.7943748235702515,2.284648895263672,1.9846199750900269,1.9140390157699585,1.7537519931793213,1.710279107093811,1.6777822971343994,1.6000030040740967,1.8839778900146484,1.774544596672058,1.9529086351394653,1.7856169939041138,1.9902781248092651,1.925274133682251,2.1406311988830566,2.223015069961548,2.9310200214385986,2.652707576751709,2.6181085109710693,2.4479215145111084,2.4108004570007324,2.361083507537842,2.231299877166748,2.437206268310547,2.259214401245117,2.4424402713775635,2.2707455158233643,2.47552752494812,2.4382503032684326,2.5833261013031006,2.7019805908203125,3.6978366374969482,3.3962249755859375,3.369093179702759,3.2001736164093018,3.2076776027679443,3.1617677211761475,3.033137798309326,3.172804594039917,2.939314842224121,3.0679757595062256,2.869828462600708,3.084009885787964,3.0722854137420654,3.168858051300049,3.2735984325408936
A6,1.5418144464492798,1.1823536157608032,0.9397681951522827,0.6025043725967407,0.3851568400859833,0.0,0.38003185391426086,0.657458484172821,0.8555113077163696,0.9108688235282898,0.7551791667938232,0.9531698822975159,0.8758894801139832,1.2386502027511597,1.3341200351715088,1.838171362876892,1.4877842664718628,1.3681813478469849,1.10014808177948,1.0270726680755615,0.8962567448616028,0.851813018321991,1.143012285232544,1.0916144847869873,1.2345150709152222,1.0693227052688599,1.3077914714813232,1.293465256690979,1.5841768980026245,1.7236888408660889,2.390267848968506,2.0554630756378174,1.9858354330062866,1.7605040073394775,1.706263542175293,1.5888011455535889,1.4775187969207764,1.7037676572799683,1.5274173021316528,1.6861306428909302,1.5303829908370972,1.7564197778701782,1.7519606351852417,1.9769117832183838,2.1205060482025146,2.9637339115142822,2.65487003326416,2.6208019256591797,2.4030511379241943,2.360713481903076,2.2520809173583984,2.104811191558838,2.262861967086792,2.03631854057312,2.1960337162017822,2.0365140438079834,2.2513513565063477,2.2602288722991943,2.40354061126709,2.568455219268799,3.6640357971191406,3.341973304748535,3.319861888885498,3.1146490573883057,3.1175897121429443,3.028367280960083,2.887341260910034,2.987907886505127,2.72070574760437,2.826619863510132,2.636303186416626,2.8517894744873047,2.875767230987549,2.965466022491455,3.1068625450134277
A7,1.8982133865356445,1.5384292602539062,1.284626841545105,0.9647881388664246,0.6838552951812744,0.38003185391426086,0.0,0.39309996366500854,0.6007989048957825,0.7939263582229614,0.7674314975738525,1.0885907411575317,1.124030590057373,1.49966299533844,1.6540685892105103,2.2082386016845703,1.8567168712615967,1.7105709314346313,1.4295482635498047,1.293898344039917,1.1046315431594849,0.9284183382987976,1.1301745176315308,1.0185736417770386,1.2236778736114502,1.1510462760925293,1.4566136598587036,1.5310853719711304,1.835787296295166,2.0258355140686035,2.7329328060150146,2.385680913925171,2.2906155586242676,2.0388271808624268,1.9397997856140137,1.7752628326416016,1.5932153463363647,1.7507479190826416,1.5295226573944092,1.7143999338150024,1.6236549615859985,1.8940813541412354,1.9593617916107178,2.2012388706207275,2.3907434940338135,3.2682759761810303,2.9424352645874023,2.8856215476989746,2.6404824256896973,2.564467430114746,2.4154176712036133,2.222017526626587,2.322293758392334,2.0655369758605957,2.2342803478240967,2.125758647918701,2.372631549835205,2.437307357788086,2.5950493812561035,2.8006789684295654,3.9202795028686523,3.5823464393615723,3.543107032775879,3.3114869594573975,3.286522150039673,3.1634533405303955,2.986666202545166,3.043646812438965,2.7496824264526367,2.859997272491455,2.7070517539978027,2.9435067176818848,3.0143837928771973,3.114999771118164,3.294379234313965
A8,2.180833101272583,1.8319392204284668,1.562142014503479,1.25008225440979,0.972825288772583,0.657458484172821,0.39309996366500854,0.0,0.38536980748176575,0.6589043736457825,0.8065539002418518,1.1503183841705322,1.278364896774292,1.6647979021072388,1.8555395603179932,2.355985641479492,1.994593858718872,1.8052923679351807,1.4922847747802734,1.2949172258377075,1.031313419342041,0.7553977370262146,0.837033212184906,0.6988256573677063,0.9702814221382141,1.0154365301132202,1.3796193599700928,1.532325029373169,1.8754619359970093,2.1081907749176025,2.7790653705596924,2.412376880645752,2.2777955532073975,1.9902012348175049,1.8409901857376099,1.6241739988327026,1.3820531368255615,1.4706931114196777,1.2276569604873657,1.443946123123169,1.4283188581466675,1.7481008768081665,1.8765283823013306,2.1607842445373535,2.392026662826538,3.2378227710723877,2.8906428813934326,2.799103260040283,2.5239052772521973,2.409019947052002,2.220942735671997,1.9875755310058594,2.0379388332366943,1.7682673931121826,1.9542392492294312,1.8987561464309692,2.183382511138916,2.2963266372680664,2.4920871257781982,2.7339441776275635,3.8170018196105957,3.462174415588379,3.39736008644104,3.1404621601104736,3.083969831466675,2.9324958324432373,2.724730968475342,2.7493419647216797,2.443696975708008,2.5680017471313477,2.452146291732788,2.715616226196289,2.8233160972595215,2.9543275833129883,3.1647608280181885
A9,2.37389874458313,2.0064079761505127,1.7903107404708862,1.4399622678756714,1.2260926961898804,0.8555113077163696,0.6007989048957825,0.38536980748176575,0.0,0.36805036664009094,0.6253537535667419,1.0024914741516113,1.227405071258545,1.5922534465789795,1.8508901596069336,2.5491702556610107,2.1734893321990967,2.0292320251464844,1.687173843383789,1.54355788230896,1.2307778596878052,1.0032858848571777,0.9876617789268494,0.6975858807563782,0.8635916709899902,0.9141144752502441,1.2665935754776,1.4853429794311523,1.7970619201660156,2.0802762508392334,2.9177370071411133,2.543170690536499,2.4437451362609863,2.1286368370056152,2.014427423477173,1.749550461769104,1.5318970680236816,1.558727502822876,1.2420625686645508,1.3776062726974487,1.3533177375793457,1.6486896276474,1.8236550092697144,2.0743343830108643,2.3446781635284424,3.327742099761963,2.9711689949035645,2.9074413776397705,2.607177257537842,2.5188405513763428,2.289973735809326,2.0762486457824707,2.0834474563598633,1.7631808519363403,1.8848627805709839,1.8245224952697754,2.0844855308532715,2.231846332550049,2.3927958011627197,2.6637237071990967,3.856627941131592,3.496788501739502,3.457857370376587,3.179090738296509,3.140587091445923,2.95432710647583,2.7593259811401367,2.747363328933716,2.4098780155181885,2.483212947845459,2.3614165782928467,2.5996439456939697,2.733828544616699,2.8323638439178467,3.0679430961608887
A10,2.311253547668457,1.9441006183624268,1.7827976942062378,1.4167841672897339,1.293243169784546,0.9108688235282898,0.7939263582229614,0.6589043736457825,0.36805036664009094,0.0,0.36775627732276917,0.6924518346786499,0.984145998954773,1.31996750831604,1.6161048412322998,2.4296152591705322,2.047482490539551,1.9489625692367554,1.587828516960144,1.511601448059082,1.1747896671295166,1.046211838722229,1.0181281566619873,0.6786227822303772,0.6723126173019409,0.6340434551239014,0.9449005722999573,1.190617322921753,1.4774309396743774,1.78779137134552,2.733048915863037,2.358053207397461,2.298022985458374,1.9696756601333618,1.9070028066635132,1.6228926181793213,1.4698030948638916,1.4958914518356323,1.1557599306106567,1.19728684425354,1.1043155193328857,1.3516608476638794,1.528733491897583,1.7486222982406616,2.033339738845825,3.106677293777466,2.7501935958862305,2.7206270694732666,2.4128668308258057,2.3666837215423584,2.127206563949585,1.9621007442474365,1.9787315130233765,1.6404767036437988,1.7009949684143066,1.5896940231323242,1.807350993156433,1.9463963508605957,2.073408603668213,2.347515344619751,3.6147217750549316,3.2593255043029785,3.25170636177063,2.970643997192383,2.965756416320801,2.7741005420684814,2.6164958477020264,2.610682487487793,2.2691824436187744,2.2976722717285156,2.136139154434204,2.3389029502868652,2.4589433670043945,2.525719165802002,2.7574336528778076
A11,2.016366481781006,1.645322322845459,1.533288598060608,1.1592907905578613,1.1138969659805298,0.7551791667938232,0.7674314975738525,0.8065539002418518,0.6253537535667419,0.36775627732276917,0.0,0.39401718974113464,0.642046332359314,0.9802811741828918,1.2738561630249023,2.1926748752593994,1.814401388168335,1.770358920097351,1.424357295036316,1.4249460697174072,1.1366342306137085,1.1104049682617188,1.190840482711792,0.9194822311401367,0.8643516898155212,0.6502711176872253,0.856013834476471,1.0033762454986572,1.2495474815368652,1.5291708707809448,2.54754638671875,2.187910318374634,2.1750855445861816,1.8735688924789429,1.8711262941360474,1.632352352142334,1.5507689714431763,1.6524302959442139,1.351796269416809,1.3637148141860962,1.1729985475540161,1.3478106260299683,1.440521240234375,1.6105451583862305,1.852526307106018,2.9766767024993896,2.639651298522949,2.650888204574585,2.370929479598999,2.3720076084136963,2.1725969314575195,2.058335065841675,2.134883403778076,1.8207192420959473,1.8643076419830322,1.6847652196884155,1.8510982990264893,1.9249659776687622,2.007629871368408,2.238826274871826,3.5490293502807617,3.2116875648498535,3.2349889278411865,2.9807498455047607,3.014218807220459,2.8550608158111572,2.7378990650177,2.7739737033843994,2.4536819458007812,2.4681646823883057,2.259462594985962,2.4271280765533447,2.495680332183838,2.5282716751098633,2.719480514526367
A12,1.9001178741455078,1.552012324333191,1.5172044038772583,1.167932152748108,1.2423895597457886,0.9531698822975159,1.0885907411575317,1.1503183841705322,1.0024914741516113,0.6924518346786499,0.39401718974113464,0.0,0.3765736222267151,0.6393448710441589,0.9691729545593262,2.0039541721343994,1.634324550628662,1.6574695110321045,1.3207402229309082,1.4166676998138428,1.1578717231750488,1.2533555030822754,1.3484008312225342,1.1158525943756104,0.9490042328834534,0.6153594255447388,0.6211590766906738,0.6933656334877014,0.8749618530273438,1.1629114151000977,2.2947936058044434,1.94847571849823,1.9923022985458374,1.7013275623321533,1.7731707096099854,1.552994966506958,1.5651140213012695,1.6927053928375244,1.4234563112258911,1.355642318725586,1.075035572052002,1.1415249109268188,1.1683212518692017,1.2749147415161133,1.4986106157302856,2.703437328338623,2.379894733428955,2.4380292892456055,2.17168927192688,2.23060941696167,2.0500199794769287,2.0050857067108154,2.11653470993042,1.820767879486084,1.8124938011169434,1.5656797885894775,1.6604386568069458,1.6811107397079468,1.7113735675811768,1.9135223627090454,3.279993772506714,2.958406686782837,3.0198452472686768,2.781704902648926,2.8592569828033447,2.717325210571289,2.6520330905914307,2.7159292697906494,2.416161298751831,2.394995927810669,2.137894868850708,2.256739616394043,2.2795181274414062,2.272833824157715,2.431919574737549
A13,1.537766456604004,1.1977341175079346,1.2113631963729858,0.8912295699119568,1.0626291036605835,0.8758894801139832,1.124030590057373,1.278364896774292,1.227405071258545,0.984145998954773,0.642046332359314,0.3765736222267151,0.0,0.3875989615917206,0.6332144737243652,1.695974588394165,1.3386869430541992,1.411109209060669,1.1184786558151245,1.2855170965194702,1.1193490028381348,1.2913812398910522,1.480387568473816,1.330336093902588,1.208353877067566,0.8509898781776428,0.8040889501571655,0.679239809513092,0.8129402995109558,0.9856285452842712,2.0744669437408447,1.7522976398468018,1.8288278579711914,1.589111566543579,1.7041130065917969,1.5599666833877563,1.6217714548110962,1.8251359462738037,1.6171188354492188,1.5798757076263428,1.2708417177200317,1.3047288656234741,1.221372127532959,1.2987501621246338,1.429987907409668,2.569460153579712,2.274371385574341,2.3551182746887207,2.1347033977508545,2.220571517944336,2.1009292602539062,2.0866992473602295,2.259631872177124,2.0092525482177734,2.026987314224243,1.7518466711044312,1.8263729810714722,1.773523211479187,1.7909389734268188,1.9246177673339844,3.2338030338287354,2.9344990253448486,3.006781816482544,2.807497024536133,2.90519642829895,2.8103976249694824,2.7687182426452637,2.8801846504211426,2.6139440536499023,2.612936019897461,2.3357126712799072,2.445448637008667,2.415318727493286,2.404939651489258,2.511049747467041
A14,1.54313063621521,1.252992868423462,1.375283122062683,1.1204501390457153,1.3690330982208252,1.2386502027511597,1.49966299533844,1.6647979021072388,1.5922534465789795,1.31996750831604,0.9802811741828918,0.6393448710441589,0.3875989615917206,0.0,0.3831143379211426,1.6803297996520996,1.3652563095092773,1.5312055349349976,1.2916359901428223,1.5356526374816895,1.4136360883712769,1.6365041732788086,1.8180078268051147,1.671849250793457,1.4980802536010742,1.1242700815200806,0.9477787017822266,0.7359700798988342,0.6649771928787231,0.7661356329917908,2.005908966064453,1.7246342897415161,1.878326654434204,1.675992727279663,1.8646200895309448,1.751070261001587,1.8802614212036133,2.0866925716400146,1.8966469764709473,1.8037890195846558,1.4571419954299927,1.3879406452178955,1.2367404699325562,1.195094108581543,1.2629570960998535,2.484875440597534,2.222343921661377,2.3643834590911865,2.17307186126709,2.32033109664917,2.2247486114501953,2.2726314067840576,2.4623613357543945,2.2272591590881348,2.1971819400787354,1.8821587562561035,1.8797065019607544,1.7748204469680786,1.7135084867477417,1.7936674356460571,3.1532750129699707,2.8820600509643555,3.0016226768493652,2.826237678527832,2.970540761947632,2.893078327178955,2.9016289710998535,3.029327630996704,2.78098726272583,2.7422103881835938,2.431640148162842,2.4850964546203613,2.4128341674804688,2.3482465744018555,2.4125852584838867
A15,1.2279410362243652,0.9942227005958557,1.1933406591415405,1.0342453718185425,1.356968641281128,1.3341200351715088,1.6540685892105103,1.8555395603179932,1.8508901596069336,1.6161048412322998,1.2738561630249023,0.9691729545593262,0.6332144737243652,0.3831143379211426,0.0,1.3758612871170044,1.1042839288711548,1.338951587677002,1.1831926107406616,1.48678719997406,1.4609771966934204,1.7353167533874512,1.9716192483901978,1.8922253847122192,1.7496775388717651,1.377587080001831,1.1997687816619873,0.8949536085128784,0.7968738079071045,0.7011461853981018,1.7731338739395142,1.5359749794006348,1.726872444152832,1.5948632955551147,1.82224702835083,1.7877733707427979,1.958954095840454,2.2185332775115967,2.085792303085327,2.0194332599639893,1.6679463386535645,1.5875684022903442,1.3592678308486938,1.3057059049606323,1.2633854150772095,2.3322300910949707,2.109431743621826,2.2713685035705566,2.1356770992279053,2.3055827617645264,2.2727620601654053,2.3490264415740967,2.5885329246520996,2.400144100189209,2.395193576812744,2.0682854652404785,2.0557780265808105,1.8910540342330933,1.8316079378128052,1.8390306234359741,3.0804336071014404,2.8372533321380615,2.9631385803222656,2.8313229084014893,2.991132974624634,2.961965322494507,2.9921817779541016,3.162954092025757,2.9507243633270264,2.93430757522583,2.614041328430176,2.664140462875366,2.5456550121307373,2.4883997440338135,2.4999918937683105
B1,0.9296677112579346,1.0732779502868652,1.156954288482666,1.358664870262146,1.6276394128799438,1.838171362876892,2.2082386016845703,2.355985641479492,2.5491702556610107,2.4296152591705322,2.1926748752593994,2.0039541721343994,1.695974588394165,1.6803297996520996,1.3758612871170044,0.0,0.38248562812805176,0.6207031607627869,0.9230960011482239,1.2184045314788818,1.5081969499588013,1.8552582263946533,2.1629269123077393,2.331367015838623,2.302915573120117,2.042797327041626,1.9448628425598145,1.6030081510543823,1.6588764190673828,1.3911107778549194,0.8855376243591309,0.8353999257087708,0.9532231688499451,1.1427866220474243,1.3635070323944092,1.6224620342254639,1.8682117462158203,2.2401254177093506,2.3399312496185303,2.390521287918091,2.1276607513427734,2.104362726211548,1.7903871536254883,1.874750018119812,1.6711926460266113,1.694564938545227,1.5929794311523438,1.66740083694458,1.7344553470611572,1.866280198097229,2.0549731254577637,2.1675870418548584,2.5345041751861572,2.543623447418213,2.6610257625579834,2.3857035636901855,2.421734571456909,2.1609597206115723,2.243945598602295,2.123507261276245,2.6316444873809814,2.456753730773926,2.4938294887542725,2.500760555267334,2.6237246990203857,2.7574636936187744,2.803968906402588,3.1012513637542725,3.0341780185699463,3.1415536403656006,2.862137794494629,2.967137098312378,2.7616612911224365,2.831425428390503,2.74017071723938
B2,0.8991772532463074,0.8964769244194031,0.932407557964325,1.0528161525726318,1.3181233406066895,1.4877842664718628,1.8567168712615967,1.994593858718872,2.1734893321990967,2.047482490539551,1.814401388168335,1.634324550628662,1.3386869430541992,1.3652563095092773,1.1042839288711548,0.38248562812805176,0.0,0.3770935833454132,0.5759194493293762,0.9117116332054138,1.1620891094207764,1.5146549940109253,1.8220163583755493,1.966050624847412,1.9348520040512085,1.6686040163040161,1.5888293981552124,1.259667158126831,1.3620387315750122,1.1520745754241943,1.0139470100402832,0.8108404278755188,0.8911620378494263,0.9525881409645081,1.157270908355713,1.352911353111267,1.5763150453567505,1.943830132484436,2.00588059425354,2.057049036026001,1.7882057428359985,1.7893986701965332,1.50090491771698,1.6189987659454346,1.4771097898483276,1.7626006603240967,1.5813064575195312,1.6378085613250732,1.620758056640625,1.7309563159942627,1.8571503162384033,1.9366735219955444,2.282721519470215,2.249547004699707,2.366098403930664,2.090646982192993,2.150514841079712,1.92348051071167,2.020789384841919,1.9566594362258911,2.6520230770111084,2.4301042556762695,2.460879325866699,2.410810947418213,2.5182406902313232,2.6027190685272217,2.620262622833252,2.8874523639678955,2.78105092048645,2.8820362091064453,2.6041419506073,2.726038932800293,2.5551083087921143,2.627894639968872,2.5820279121398926
B3,1.0818841457366943,1.033266544342041,0.9203030467033386,1.0274019241333008,1.1941484212875366,1.3681813478469849,1.7105709314346313,1.8052923679351807,2.0292320251464844,1.9489625692367554,1.770358920097351,1.6574695110321045,1.411109209060669,1.5312055349349976,1.338951587677002,0.6207031607627869,0.3770935833454132,0.0,0.37437501549720764,0.6011139750480652,0.9208657145500183,1.2506364583969116,1.5662574768066406,1.766945719718933,1.7899327278137207,1.581979513168335,1.5777686834335327,1.309919834136963,1.5063445568084717,1.3744901418685913,1.1474379301071167,0.8956824541091919,0.8095536828041077,0.8325645923614502,0.9191153049468994,1.1374636888504028,1.3101832866668701,1.69377601146698,1.791518211364746,1.8999203443527222,1.6853567361831665,1.75775146484375,1.5215709209442139,1.723488688468933,1.6428589820861816,1.8402605056762695,1.622497797012329,1.5903306007385254,1.5452841520309448,1.5739370584487915,1.6949794292449951,1.7159168720245361,2.061640501022339,2.048340320587158,2.216538429260254,1.9862995147705078,2.1064865589141846,1.9203500747680664,2.0854556560516357,2.0679378509521484,2.6886188983917236,2.4393231868743896,2.4127016067504883,2.3416285514831543,2.394813060760498,2.4717681407928467,2.441866636276245,2.704331159591675,2.6007208824157715,2.744701862335205,2.5029258728027344,2.6721410751342773,2.533451795578003,2.657451868057251,2.6458399295806885
B4,1.2392873764038086,1.072760820388794,0.9267003536224365,0.8871405124664307,1.019689679145813,1.10014808177948,1.4295482635498047,1.4922847747802734,1.687173843383789,1.587828516960144,1.424357295036316,1.3207402229309082,1.1184786558151245,1.2916359901428223,1.1831926107406616,0.9230960011482239,0.5759194493293762,0.37437501549720764,0.0,0.37549450993537903,0.5876738429069519,0.9448797106742859,1.2473931312561035,1.4128743410110474,1.4210968017578125,1.2090356349945068,1.228530764579773,0.9979596734046936,1.2546448707580566,1.2102015018463135,1.3219141960144043,0.9915342926979065,0.9004032015800476,0.7574363946914673,0.810691773891449,0.9064765572547913,1.0493136644363403,1.4178392887115479,1.463478684425354,1.5635303258895874,1.3415782451629639,1.4428400993347168,1.2491143941879272,1.4880833625793457,1.482628345489502,1.921802043914795,1.6454997062683105,1.6096007823944092,1.4783718585968018,1.4910920858383179,1.5289753675460815,1.5167409181594849,1.8287667036056519,1.7614569664001465,1.9197287559509277,1.6886104345321655,1.8314683437347412,1.6879767179489136,1.864174485206604,1.9065170288085938,2.6994028091430664,2.413374662399292,2.3899974822998047,2.263287305831909,2.3069915771484375,2.3278110027313232,2.2740609645843506,2.498670816421509,2.3514251708984375,2.4801547527313232,2.238738775253296,2.419886827468872,2.318460464477539,2.440748691558838,2.474672794342041
B5,1.4755237102508545,1.2889379262924194,1.0413572788238525,0.9772269129753113,0.9661672115325928,1.0270726680755615,1.293898344039917,1.2949172258377075,1.54355788230896,1.511601448059082,1.4249460697174072,1.4166676998138428,1.2855170965194702,1.5356526374816895,1.48678719997406,1.2184045314788818,0.9117116332054138,0.6011139750480652,0.37549450993537903,0.0,0.3796902000904083,0.6606912016868591,0.9824187755584717,1.2191276550292969,1.3120176792144775,1.1912682056427002,1.316329002380371,1.1853834390640259,1.506292700767517,1.5283831357955933,1.5868487358093262,1.2536091804504395,1.060279369354248,0.8813914060592651,0.7603850364685059,0.8169721364974976,0.829608678817749,1.2047487497329712,1.2760648727416992,1.458044409751892,1.319231390953064,1.5110197067260742,1.3997576236724854,1.7018128633499146,1.7542556524276733,2.1276698112487793,1.8312913179397583,1.7214025259017944,1.559757947921753,1.4801204204559326,1.4871573448181152,1.3849881887435913,1.6713956594467163,1.611055850982666,1.831217885017395,1.6659384965896606,1.8787530660629272,1.7959567308425903,2.028860092163086,2.1190881729125977,2.847269296646118,2.5399868488311768,2.4642961025238037,2.3124632835388184,2.2963626384735107,2.296401023864746,2.1824822425842285,2.3853652477264404,2.2303667068481445,2.4043612480163574,2.2113349437713623,2.443134307861328,2.387206792831421,2.555135726928711,2.628194808959961
B6,1.7105392217636108,1.4600166082382202,1.2252726554870605,1.0417242050170898,0.9843578934669495,0.8962567448616028,1.1046315431594849,1.031313419342041,1.2307778596878052,1.1747896671295166,1.1366342306137085,1.1578717231750488,1.1193490028381348,1.4136360883712769,1.4609771966934204,1.5081969499588013,1.1620891094207764,0.9208657145500183,0.5876738429069519,0.3796902000904083,0.0,0.383475661277771,0.6617304682731628,0.8520720601081848,0.9338299632072449,0.840306282043457,1.0247490406036377,0.9892469048500061,1.3576668500900269,1.4744962453842163,1.7889782190322876,1.4209893941879272,1.2504240274429321,0.9722498059272766,0.8358694314956665,0.7084806561470032,0.6366130113601685,0.9575155973434448,0.9436189532279968,1.1230875253677368,0.9962165355682373,1.239925503730774,1.208275318145752,1.5401602983474731,1.672724723815918,2.240968942642212,1.9066994190216064,1.8022302389144897,1.569352626800537,1.4797086715698242,1.38988196849823,1.2483060359954834,1.472832202911377,1.3392683267593384,1.5458080768585205,1.3920758962631226,1.634867548942566,1.613614559173584,1.8544553518295288,2.00736927986145,2.8783318996429443,2.5437824726104736,2.4752535820007324,2.2721548080444336,2.248077869415283,2.1864025592803955,2.0490949153900146,2.2015762329101562,1.9961332082748413,2.1493217945098877,1.9629877805709839,2.2067949771881104,2.197254180908203,2.3619205951690674,2.483535051345825
B7,1.9614505767822266,1.6844696998596191,1.400545597076416,1.1845911741256714,1.0041364431381226,0.851813018321991,0.9284183382987976,0.7553977370262146,1.0032858848571777,1.046211838722229,1.1104049682617188,1.2533555030822754,1.2913812398910522,1.6365041732788086,1.7353167533874512,1.8552582263946533,1.5146549940109253,1.2506364583969116,0.9448797106742859,0.6606912016868591,0.383475661277771,0.0,0.3906611502170563,0.6243441700935364,0.8508449196815491,0.886313259601593,1.1841652393341064,1.2514379024505615,1.6357539892196655,1.802812933921814,2.1601500511169434,1.7939869165420532,1.5957893133163452,1.3139770030975342,1.1089879274368286,0.9290827512741089,0.6884234547615051,0.9063966274261475,0.8370041847229004,1.1080220937728882,1.0871304273605347,1.408461093902588,1.4674549102783203,1.8151003122329712,1.9954452514648438,2.58378529548645,2.240036964416504,2.10314679145813,1.848126769065857,1.7031010389328003,1.5655938386917114,1.3392481803894043,1.4828007221221924,1.313690185546875,1.5629523992538452,1.4883365631103516,1.7864362001419067,1.8374254703521729,2.098304271697998,2.29606032371521,3.1693382263183594,2.820500373840332,2.7234628200531006,2.493730306625366,2.424988269805908,2.3258626461029053,2.1313939094543457,2.231935739517212,1.9953478574752808,2.1735658645629883,2.0414786338806152,2.323091506958008,2.371795892715454,2.556903123855591,2.7216787338256836
B8,2.3305540084838867,2.0474390983581543,1.7805923223495483,1.5413426160812378,1.3608254194259644,1.143012285232544,1.1301745176315308,0.837033212184906,0.9876617789268494,1.0181281566619873,1.190840482711792,1.3484008312225342,1.480387568473816,1.8180078268051147,1.9716192483901978,2.1629269123077393,1.8220163583755493,1.5662574768066406,1.2473931312561035,0.9824187755584717,0.6617304682731628,0.3906611502170563,0.0,0.3888404667377472,0.6483697295188904,0.8449547290802002,1.1720248460769653,1.3404418230056763,1.7282747030258179,1.9500607252120972,2.349649667739868,1.973802089691162,1.7624273300170898,1.4414129257202148,1.205798864364624,0.9309912323951721,0.6056234836578369,0.6428562998771667,0.5049334764480591,0.8315531015396118,0.9304185509681702,1.300302267074585,1.451928734779358,1.8214361667633057,2.0561583042144775,2.664247989654541,2.2999255657196045,2.139974355697632,1.8418809175491333,1.6620302200317383,1.451256275177002,1.1730563640594482,1.2218835353851318,1.0085020065307617,1.273511528968811,1.2726801633834839,1.6127296686172485,1.7359917163848877,2.024674892425537,2.270657539367676,3.1422767639160156,2.7750606536865234,2.660651922225952,2.392287254333496,2.2925031185150146,2.142130136489868,1.9108998775482178,1.95636785030365,1.6893250942230225,1.8730279207229614,1.784694790840149,2.0935518741607666,2.1954116821289062,2.4042134284973145,2.6120569705963135
B9,2.4182400703430176,2.0976414680480957,1.865252137184143,1.565992832183838,1.3967515230178833,1.0916144847869873,1.0185736417770386,0.6988256573677063,0.6975858807563782,0.6786227822303772,0.9194822311401367,1.1158525943756104,1.330336093902588,1.671849250793457,1.8922253847122192,2.331367015838623,1.966050624847412,1.766945719718933,1.4128743410110474,1.2191276550292969,0.8520720601081848,0.6243441700935364,0.3888404667377472,0.0,0.3704410493373871,0.62750643491745,1.0019230842590332,1.251095175743103,1.6207646131515503,1.8997350931167603,2.527045488357544,2.14220929145813,1.98589026927948,1.642208218574524,1.4719527959823608,1.157481074333191,0.8999084234237671,0.8653746843338013,0.55002760887146,0.7580945491790771,0.8310686349868774,1.2001829147338867,1.40990149974823,1.7437247037887573,2.0243208408355713,2.829969644546509,2.457824945449829,2.343082904815674,2.022212028503418,1.8888955116271973,1.6359730958938599,1.3935920000076294,1.3882209062576294,1.0841470956802368,1.2586090564727783,1.238883376121521,1.5571304559707642,1.7220673561096191,1.9645253419876099,2.2459490299224854,3.283146858215332,2.9115896224975586,2.8348121643066406,2.544691324234009,2.4741711616516113,2.2844974994659424,2.0713515281677246,2.070645570755005,1.7524936199188232,1.8693472146987915,1.765511393547058,2.047283887863159,2.181535243988037,2.346160411834717,2.584406852722168
B10,2.4456422328948975,2.1277456283569336,1.952459454536438,1.6414153575897217,1.5504999160766602,1.2345150709152222,1.2236778736114502,0.9702814221382141,0.8635916709899902,0.6723126173019409,0.8643516898155212,0.9490042328834534,1.208353877067566,1.4980802536010742,1.7496775388717651,2.302915573120117,1.9348520040512085,1.7899327278137207,1.4210968017578125,1.3120176792144775,0.9338299632072449,0.8508449196815491,0.6483697295188904,0.3704410493373871,0.0,0.3766164183616638,0.6996037364006042,1.010837435722351,1.3534257411956787,1.6673930883407593,2.411665439605713,2.026358127593994,1.9163745641708374,1.5532753467559814,1.4488160610198975,1.1012682914733887,0.9451696872711182,0.8858194351196289,0.5293691754341125,0.5297985672950745,0.5201497077941895,0.866655707359314,1.1172810792922974,1.430267333984375,1.7418287992477417,2.655644178390503,2.279494285583496,2.2036292552948,1.8653982877731323,1.7832212448120117,1.5030330419540405,1.3260748386383057,1.3160409927368164,0.9737231135368347,1.0456254482269287,0.961722195148468,1.2425185441970825,1.4202035665512085,1.634264349937439,1.9347542524337769,3.0673773288726807,2.6964569091796875,2.6559484004974365,2.354717493057251,2.3227460384368896,2.1152477264404297,1.9462007284164429,1.941333293914795,1.6092338562011719,1.66090726852417,1.5089560747146606,1.7534947395324707,1.883988380432129,2.016796112060547,2.263122320175171
B11,2.1531972885131836,1.833556890487671,1.7063190937042236,1.388472318649292,1.3710370063781738,1.0693227052688599,1.1510462760925293,1.0154365301132202,0.9141144752502441,0.6340434551239014,0.6502711176872253,0.6153594255447388,0.8509898781776428,1.1242700815200806,1.377587080001831,2.042797327041626,1.6686040163040161,1.581979513168335,1.2090356349945068,1.1912682056427002,0.840306282043457,0.886313259601593,0.8449547290802002,0.62750643491745,0.3766164183616638,0.0,0.3893744945526123,0.6690734028816223,1.0112539529800415,1.323782205581665,2.1911799907684326,1.8112069368362427,1.7593984603881836,1.4108431339263916,1.3892022371292114,1.0863443613052368,1.0385209321975708,1.0977206230163574,0.8141624927520752,0.7545899152755737,0.5264633297920227,0.7566956877708435,0.9116275906562805,1.1826574802398682,1.470543622970581,2.4941232204437256,2.131823778152466,2.110119581222534,1.7961872816085815,1.7814133167266846,1.547348141670227,1.4467720985412598,1.5189391374588013,1.2126920223236084,1.2418664693832397,1.0450341701507568,1.2407974004745483,1.3348150253295898,1.489501953125,1.7526464462280273,2.980821371078491,2.6268203258514404,2.6292433738708496,2.3558454513549805,2.377248764038086,2.2064268589019775,2.094191551208496,2.1389553546905518,1.8330422639846802,1.853155255317688,1.6342915296554565,1.8229151964187622,1.889662742614746,1.9712872505187988,2.174959659576416
B12,2.127305507659912,1.8352956771850586,1.782017469406128,1.4897873401641846,1.5650805234909058,1.3077914714813232,1.4566136598587036,1.3796193599700928,1.2665935754776,0.9449005722999573,0.856013834476471,0.6211590766906738,0.8040889501571655,0.9477787017822266,1.1997687816619873,1.9448628425598145,1.5888293981552124,1.5777686834335327,1.228530764579773,1.316329002380371,1.0247490406036377,1.1841652393341064,1.1720248460769653,1.0019230842590332,0.6996037364006042,0.3893744945526123,0.0,0.38270074129104614,0.6620961427688599,1.0059393644332886,2.0001392364501953,1.6365545988082886,1.6547514200210571,1.3184731006622314,1.3942248821258545,1.1202292442321777,1.1990925073623657,1.277164340019226,1.0514041185379028,0.8768122792243958,0.525800347328186,0.523012638092041,0.6031948924064636,0.8092963099479675,1.1101789474487305,2.2584476470947266,1.9078398942947388,1.9460755586624146,1.642756700515747,1.7058933973312378,1.4902840852737427,1.4874811172485352,1.592806339263916,1.3164448738098145,1.2591967582702637,0.9689410924911499,1.0468080043792725,1.0752967596054077,1.1601954698562622,1.406677484512329,2.7345147132873535,2.395657777786255,2.4477920532226562,2.188230037689209,2.266592264175415,2.110398530960083,2.0662496089935303,2.1372487545013428,1.8567193746566772,1.8205488920211792,1.539779543876648,1.6569299697875977,1.66971755027771,1.6969932317733765,1.8703922033309937
B13,1.8197484016418457,1.5606427192687988,1.5575428009033203,1.3127905130386353,1.46977961063385,1.293465256690979,1.5310853719711304,1.532325029373169,1.4853429794311523,1.190617322921753,1.0033762454986572,0.6933656334877014,0.679239809513092,0.7359700798988342,0.8949536085128784,1.6030081510543823,1.259667158126831,1.309919834136963,0.9979596734046936,1.1853834390640259,0.9892469048500061,1.2514379024505615,1.3404418230056763,1.251095175743103,1.010837435722351,0.6690734028816223,0.38270074129104614,0.0,0.3895835280418396,0.6576036810874939,1.6826012134552002,1.333504319190979,1.407692551612854,1.1163954734802246,1.2760053873062134,1.0951248407363892,1.263654112815857,1.436842679977417,1.2916280031204224,1.1575276851654053,0.7903848886489868,0.7047645449638367,0.5445193648338318,0.6843364834785461,0.8709787130355835,2.017793893814087,1.6925950050354004,1.7738993167877197,1.5217217206954956,1.6399056911468506,1.5041136741638184,1.56120765209198,1.7478415966033936,1.5361841917037964,1.5023553371429443,1.1754053831100464,1.1978861093521118,1.1013967990875244,1.1467567682266235,1.294555425643921,2.5944645404815674,2.281364679336548,2.358534097671509,2.146742820739746,2.2628800868988037,2.1670279502868652,2.1660075187683105,2.297973155975342,2.0653316974639893,2.0440011024475098,1.7348978519439697,1.822744607925415,1.7563563585281372,1.7648662328720093,1.86225163936615
