,A1,A2,A3,A4,A5,A6,A7,A8,A9,A10,A11,A12,A13,A14,A15,B1,B2,B3,B4,B5,B6,B7,B8,B9,B10,B11,B12,B13,B14,B15,C1,C2,C3,C4,C5,C6,C7,C8,C9,C10,C11,C12,C13,C14,C15,D1,D2,D3,D4,D5,D6,D7,D8,D9,D10,D11,D12,D13,D14,D15,E1,E2,E3,E4,E5,E6,E7,E8,E9,E10,E11,E12,E13,E14,E15
A1,0.0,0.39445650577545166,0.6387762427330017,1.0057871341705322,1.2545400857925415,1.483079433441162,1.477232813835144,1.2590855360031128,1.2316715717315674,0.9189531207084656,1.0748436450958252,0.9204959869384766,1.2461684942245483,1.2986057996749878,1.6455718278884888,0.7539981007575989,0.7716172933578491,0.8055614233016968,0.9634763598442078,1.3431144952774048,1.49097740650177,1.5930891036987305,1.3620942831039429,1.3706936836242676,1.1186848878860474,1.2727463245391846,1.188828468322754,1.4654240608215332,1.5686615705490112,1.853393316268921,1.30717134475708,1.3394250869750977,1.340141773223877,1.3697259426116943,1.7001093626022339,1.732344150543213,1.8418076038360596,1.6206620931625366,1.6673641204833984,1.4752341508865356,1.6147174835205078,1.5736042261123657,1.793743371963501,1.9186815023422241,2.148285150527954,1.8400495052337646,1.8971484899520874,1.89341402053833,1.8785361051559448,2.1530117988586426,2.0969350337982178,2.202874183654785,1.987180471420288,2.0542449951171875,1.891992211341858,2.016934871673584,2.0011236667633057,2.173445701599121,2.3122007846832275,2.4945249557495117,2.383631944656372,2.456455707550049,2.4698493480682373,2.4463515281677246,2.701849937438965,2.5519299507141113,2.6320743560791016,2.4129440784454346,2.5035195350646973,2.3444111347198486,2.4599432945251465,2.4616012573242188,2.587306261062622,2.7391343116760254,2.88690185546875
A2,0.39445650577545166,0.0,0.3914494514465332,0.6912004947662354,0.9418729543685913,1.2274130582809448,1.3109914064407349,1.1685528755187988,1.2626235485076904,1.0406804084777832,1.296455979347229,1.2334401607513428,1.584598183631897,1.676274061203003,2.0206234455108643,0.9965635538101196,0.8540746569633484,0.7959239482879639,0.778778612613678,1.142858624458313,1.2846558094024658,1.4629099369049072,1.3044599294662476,1.422194004058838,1.2633205652236938,1.4951156377792358,1.4904552698135376,1.7942335605621338,1.9351826906204224,2.2247886657714844,1.5177146196365356,1.455232858657837,1.3929821252822876,1.3100730180740356,1.5947413444519043,1.594261884689331,1.7586071491241455,1.6026721000671387,1.7365195751190186,1.623302698135376,1.8241677284240723,1.848024606704712,2.0978455543518066,2.2599565982818604,2.5001137256622314,2.038233995437622,2.0290558338165283,1.9770268201828003,1.8847733736038208,2.11228609085083,2.0198309421539307,2.162721633911133,2.0015392303466797,2.138115882873535,2.038548707962036,2.211718797683716,2.2505645751953125,2.44995379447937,2.6250503063201904,2.8200266361236572,2.5747387409210205,2.5980069637298584,2.5729830265045166,2.4924378395080566,2.7090747356414795,2.5232021808624268,2.6253435611724854,2.4498977661132812,2.596985340118408,2.4886229038238525,2.641273021697998,2.690192699432373,2.8362972736358643,3.0240683555603027,3.1848397254943848
A3,0.6387762427330017,0.3914494514465332,0.0,0.3810521364212036,0.6451532244682312,0.8639240860939026,0.9311513304710388,0.7968701124191284,0.9558504223823547,0.8276850581169128,1.1559888124465942,1.2110458612442017,1.5861717462539673,1.7584402561187744,2.1089847087860107,1.1510624885559082,0.9953381419181824,0.775396466255188,0.6788942813873291,0.9726212620735168,1.00385582447052,1.155941128730774,0.9928139448165894,1.1608009338378906,1.089465618133545,1.358845829963684,1.4504108428955078,1.76482355594635,1.9749993085861206,2.264859676361084,1.6033499240875244,1.532296061515808,1.3728549480438232,1.2647181749343872,1.4815293550491333,1.389417052268982,1.5177940130233765,1.3584898710250854,1.521640419960022,1.4794793128967285,1.6948471069335938,1.792083740234375,2.042919158935547,2.2617099285125732,2.497380256652832,2.0807321071624756,2.0660455226898193,1.944783091545105,1.8403418064117432,2.0147478580474854,1.854727029800415,1.96096670627594,1.797663927078247,1.9539976119995117,1.9105513095855713,2.0848333835601807,2.178819179534912,2.37127947807312,2.5920634269714355,2.7790474891662598,2.5839643478393555,2.606377363204956,2.5269227027893066,2.4402451515197754,2.6150929927825928,2.3834049701690674,2.448345422744751,2.269923686981201,2.430635929107666,2.3669886589050293,2.5121612548828125,2.6033878326416016,2.7341864109039307,2.9582111835479736,3.1087706089019775
A4,1.0057871341705322,0.6912004947662354,0.3810521364212036,0.0,0.386816143989563,0.6117172837257385,0.8098063468933105,0.7913041114807129,1.0773286819458008,1.0681767463684082,1.4232205152511597,1.5381180047988892,1.9075744152069092,2.107875108718872,2.4479870796203613,1.5049728155136108,1.3006292581558228,1.038577675819397,0.8079922795295715,0.9807045459747314,0.9217787384986877,1.1268110275268555,1.0528358221054077,1.311222791671753,1.3395748138427734,1.6307907104492188,1.7755523920059204,2.0861849784851074,2.3223114013671875,2.603614330291748,1.9225811958312988,1.8077696561813354,1.6008442640304565,1.419166922569275,1.5537320375442505,1.3946858644485474,1.5450917482376099,1.4518344402313232,1.6780309677124023,1.7141644954681396,1.9514930248260498,2.096684455871582,2.3487915992736816,2.5935449600219727,2.8234667778015137,2.3724231719970703,2.321373224258423,2.157087564468384,2.002241849899292,2.114896059036255,1.9046921730041504,2.0194530487060547,1.9054625034332275,2.110670804977417,2.1293725967407227,2.3224291801452637,2.459245443344116,2.6545166969299316,2.901426315307617,3.0846595764160156,2.853076457977295,2.8466126918792725,2.729102849960327,2.6049609184265137,2.7325804233551025,2.4623076915740967,2.5263497829437256,2.384687900543213,2.584444046020508,2.571861743927002,2.7307660579681396,2.8603551387786865,2.9913299083709717,3.241316080093384,3.3890984058380127
A5,1.2545400857925415,0.9418729543685913,0.6451532244682312,0.386816143989563,0.0,0.38944607973098755,0.6725199818611145,0.829384982585907,1.1556141376495361,1.233317494392395,1.6074609756469727,1.7575639486312866,2.140371084213257,2.3482866287231445,2.7071692943573,1.5929412841796875,1.3293360471725464,1.0187715291976929,0.6932294964790344,0.7110530138015747,0.6050010323524475,0.8802028894424438,0.9375943541526794,1.2720898389816284,1.379947304725647,1.717139720916748,1.9052250385284424,2.2452785968780518,2.4989166259765625,2.805849075317383,1.9242287874221802,1.7507050037384033,1.49122953414917,1.2440534830093384,1.2939131259918213,1.0964277982711792,1.2823801040649414,1.2758986949920654,1.569969654083252,1.6749094724655151,1.9623194932937622,2.1531386375427246,2.441342830657959,2.710676908493042,2.9694204330444336,2.3210251331329346,2.218947172164917,2.0099868774414062,1.8053396940231323,1.859889030456543,1.6210447549819946,1.757660984992981,1.7055584192276,1.9657962322235107,2.040452003479004,2.2785584926605225,2.459699869155884,2.6907355785369873,2.9656853675842285,3.177680253982544,2.765610694885254,2.7170965671539307,2.562325954437256,2.39808988571167,2.4830989837646484,2.1899473667144775,2.2673094272613525,2.1719746589660645,2.4165098667144775,2.450242519378662,2.646483898162842,2.817103862762451,2.979008436203003,3.2598936557769775,3.436150074005127
A6,1.483079433441162,1.2274130582809448,0.8639240860939026,0.6117172837257385,0.38944607973098755,0.0,0.37151038646698,0.6386399269104004,1.008388876914978,1.2004895210266113,1.5697036981582642,1.7955065965652466,2.1629953384399414,2.4192728996276855,2.7672536373138428,1.7925198078155518,1.5708500146865845,1.2139931917190552,0.9439167976379395,0.8744739294052124,0.5846859812736511,0.7283284068107605,0.7955419421195984,1.1495524644851685,1.3480275869369507,1.6701477766036987,1.9211236238479614,2.2406105995178223,2.5357167720794678,2.8272693157196045,2.0725815296173096,1.9275310039520264,1.6211684942245483,1.4079216718673706,1.3931288719177246,1.101657748222351,1.1918655633926392,1.1743775606155396,1.465334177017212,1.636204481124878,1.9031577110290527,2.144270181655884,2.4096381664276123,2.713507652282715,2.9540350437164307,2.4215810298919678,2.3386003971099854,2.086505889892578,1.904424786567688,1.9116034507751465,1.6130800247192383,1.6780380010604858,1.6134485006332397,1.867424488067627,1.9922115802764893,2.2062952518463135,2.425873279571533,2.631868362426758,2.934898614883423,3.1272008419036865,2.823152542114258,2.790975570678711,2.5965359210968018,2.4493355751037598,2.4966447353363037,2.1695523262023926,2.1884162425994873,2.080430746078491,2.317255735397339,2.390387535095215,2.559908866882324,2.7597415447235107,2.8929283618927,3.1952879428863525,3.3510069847106934
A7,1.477232813835144,1.3109914064407349,0.9311513304710388,0.8098063468933105,0.6725199818611145,0.37151038646698,0.0,0.3782994747161865,0.7089203000068665,0.9781661033630371,1.3249298334121704,1.598000168800354,1.9490773677825928,2.2316837310791016,2.5749030113220215,1.7050992250442505,1.5416452884674072,1.163404941558838,0.9960756301879883,0.9332011938095093,0.6062354445457458,0.5401519536972046,0.4994727373123169,0.828385055065155,1.0791511535644531,1.382468581199646,1.6737027168273926,1.9787952899932861,2.298460006713867,2.5839908123016357,1.9311482906341553,1.8329352140426636,1.5076757669448853,1.3693561553955078,1.35762619972229,1.0433262586593628,1.0197089910507202,0.9187144041061401,1.1640735864639282,1.3563532829284668,1.5976006984710693,1.8660537004470825,2.1150245666503906,2.4387154579162598,2.670968532562256,2.241123914718628,2.19586443901062,1.9297229051589966,1.802999496459961,1.8156609535217285,1.505283236503601,1.4954673051834106,1.3692377805709839,1.5812674760818481,1.712573766708374,1.8962435722351074,2.1300275325775146,2.316437244415283,2.6329426765441895,2.814800500869751,2.6132702827453613,2.6140518188476562,2.4085755348205566,2.3043320178985596,2.3558461666107178,2.0293784141540527,1.9954100847244263,1.8400344848632812,2.039949655532837,2.1122183799743652,2.250203847885132,2.454381227493286,2.565129518508911,2.873960494995117,3.0177643299102783
A8,1.2590855360031128,1.1685528755187988,0.7968701124191284,0.7913041114807129,0.829384982585907,0.6386399269104004,0.3782994747161865,0.0,0.38236990571022034,0.635169267654419,0.9745933413505554,1.2588428258895874,1.5975157022476196,1.8935834169387817,2.2233755588531494,1.5438767671585083,1.4554585218429565,1.1072393655776978,1.0444287061691284,1.1093413829803467,0.8739134073257446,0.776620626449585,0.5216911435127258,0.6961348056793213,0.861724853515625,1.1143676042556763,1.3895591497421265,1.6670114994049072,1.9881246089935303,2.2530267238616943,1.8167483806610107,1.7881863117218018,1.5065017938613892,1.4481927156448364,1.5243550539016724,1.2680264711380005,1.2135461568832397,0.9949312210083008,1.1300621032714844,1.2349331378936768,1.4126564264297485,1.644576907157898,1.8552491664886475,2.1670420169830322,2.373110294342041,2.161696672439575,2.177095890045166,1.9534521102905273,1.8905811309814453,1.9688388109207153,1.6999061107635498,1.6654558181762695,1.4581117630004883,1.589229702949524,1.6490761041641235,1.7745945453643799,1.9634678363800049,2.1091630458831787,2.4038827419281006,2.55733585357666,2.560415506362915,2.612175226211548,2.4444921016693115,2.3924062252044678,2.4933950901031494,2.1995956897735596,2.1492509841918945,1.934239387512207,2.07132887840271,2.0850353240966797,2.175079107284546,2.333475351333618,2.4076733589172363,2.686791181564331,2.8012795448303223
A9,1.2316715717315674,1.2626235485076904,0.9558504223823547,1.0773286819458008,1.1556141376495361,1.008388876914978,0.7089203000068665,0.38236990571022034,0.0,0.3816104531288147,0.6454581618309021,0.974859356880188,1.2845664024353027,1.5999720096588135,1.9212465286254883,1.4206305742263794,1.4241300821304321,1.1144088506698608,1.182722568511963,1.2912079095840454,1.1128337383270264,0.9344263076782227,0.5693397521972656,0.49378690123558044,0.5894985795021057,0.764015793800354,1.0608532428741455,1.3115458488464355,1.6498600244522095,1.9055850505828857,1.6505755186080933,1.6969308853149414,1.4449312686920166,1.4875274896621704,1.6056756973266602,1.3943835496902466,1.2724119424819946,0.9579774141311646,0.9560984969139099,0.9915755987167358,1.0938102006912231,1.3149970769882202,1.492500901222229,1.810118556022644,2.0029900074005127,1.9698091745376587,2.045548915863037,1.8472764492034912,1.8616355657577515,1.979199767112732,1.7465134859085083,1.6618746519088745,1.3799669742584229,1.4184850454330444,1.4231297969818115,1.4857474565505981,1.64793860912323,1.7583285570144653,2.046668529510498,2.1837270259857178,2.3528926372528076,2.4543492794036865,2.3081631660461426,2.3158860206604004,2.448719024658203,2.1883394718170166,2.1045444011688232,1.8327066898345947,1.9005626440048218,1.8690710067749023,1.908971905708313,2.0350875854492188,2.077232599258423,2.3396716117858887,2.4363839626312256
A10,0.9189531207084656,1.0406804084777832,0.8276850581169128,1.0681767463684082,1.233317494392395,1.2004895210266113,0.9781661033630371,0.635169267654419,0.3816104531288147,0.0,0.3758745789527893,0.6251233220100403,0.9725944399833679,1.2600616216659546,1.5968927145004272,1.1491726636886597,1.2159721851348877,0.9833356738090515,1.1356207132339478,1.3492205142974854,1.2742069959640503,1.1649609804153442,0.797537088394165,0.6686242818832397,0.5143986344337463,0.6312374472618103,0.8107514381408691,1.0712978839874268,1.3706367015838623,1.6346468925476074,1.4557788372039795,1.548372507095337,1.3726253509521484,1.4607809782028198,1.6653915643692017,1.5349705219268799,1.4633541107177734,1.133919596672058,1.0896865129470825,0.9871337413787842,1.053382158279419,1.1696804761886597,1.3398057222366333,1.6073158979415894,1.801573634147644,1.8393168449401855,1.9495373964309692,1.8184075355529785,1.8627532720565796,2.0490856170654297,1.8786252737045288,1.8335771560668945,1.535223126411438,1.5396631956100464,1.4510369300842285,1.4955743551254272,1.576238751411438,1.6807066202163696,1.9177258014678955,2.0542056560516357,2.2745676040649414,2.3997271060943604,2.311800956726074,2.3410630226135254,2.5287551879882812,2.312225341796875,2.263627529144287,1.9783817529678345,2.019735813140869,1.91892409324646,1.9530787467956543,2.0160470008850098,2.0615313053131104,2.2765517234802246,2.3731210231781006
A11,1.0748436450958252,1.296455979347229,1.1559888124465942,1.4232205152511597,1.6074609756469727,1.5697036981582642,1.3249298334121704,0.9745933413505554,0.6454581618309021,0.3758745789527893,0.0,0.377841055393219,0.6394957304000854,0.9673221707344055,1.2769662141799927,1.2204490900039673,1.3907434940338135,1.2316017150878906,1.4538651704788208,1.6799041032791138,1.6231615543365479,1.4777246713638306,1.0966213941574097,0.8554498553276062,0.6167771816253662,0.48780468106269836,0.5845881104469299,0.7431504130363464,1.0560431480407715,1.2854254245758057,1.4812783002853394,1.6591355800628662,1.5382381677627563,1.7026069164276123,1.9285963773727417,1.8281046152114868,1.7173230648040771,1.353357195854187,1.2045429944992065,1.022150993347168,0.9520833492279053,0.9902564287185669,1.066918969154358,1.3126221895217896,1.4634217023849487,1.8302651643753052,2.009185314178467,1.9202693700790405,2.034026861190796,2.2476677894592285,2.109783172607422,2.0285990238189697,1.689087986946106,1.607027530670166,1.4565932750701904,1.4093331098556519,1.4236724376678467,1.454537034034729,1.6543172597885132,1.747290015220642,2.2407076358795166,2.421713352203369,2.3663322925567627,2.4542384147644043,2.667383909225464,2.485419750213623,2.4095070362091064,2.0857620239257812,2.0562047958374023,1.9067943096160889,1.8744515180587769,1.880683183670044,1.8720299005508423,2.0428872108459473,2.099472761154175
A12,0.9204959869384766,1.2334401607513428,1.2110458612442017,1.5381180047988892,1.7575639486312866,1.7955065965652466,1.598000168800354,1.2588428258895874,0.974859356880188,0.6251233220100403,0.377841055393219,0.0,0.3897317349910736,0.6351075768470764,0.9832482933998108,1.0423022508621216,1.2862154245376587,1.2339973449707031,1.5093424320220947,1.7943845987319946,1.8138455152511597,1.7171881198883057,1.3538029193878174,1.1259181499481201,0.7994800806045532,0.6490913033485413,0.49650895595550537,0.6219531297683716,0.8238914608955383,1.067591667175293,1.3546602725982666,1.5765777826309204,1.54421067237854,1.7407456636428833,2.0248422622680664,1.9919967651367188,1.92379629611969,1.5710126161575317,1.417429804801941,1.1541467905044556,1.0701088905334473,0.9759997725486755,1.037129521369934,1.1851755380630493,1.3384073972702026,1.7483643293380737,1.9548797607421875,1.9375799894332886,2.073136806488037,2.338297128677368,2.2571027278900146,2.2133638858795166,1.8788564205169678,1.783969759941101,1.5670136213302612,1.516853928565979,1.4463545083999634,1.4778084754943848,1.6028683185577393,1.6998904943466187,2.196197748184204,2.3927788734436035,2.3966317176818848,2.499393939971924,2.756331443786621,2.617003917694092,2.5766472816467285,2.2555086612701416,2.212327480316162,2.0095152854919434,1.9826452732086182,1.9288194179534912,1.934191346168518,2.0486485958099365,2.1124911308288574
A13,1.2461684942245483,1.584598183631897,1.5861717462539673,1.9075744152069092,2.140371084213257,2.1629953384399414,1.9490773677825928,1.5975157022476196,1.2845664024353027,0.9725944399833679,0.6394957304000854,0.3897317349910736,0.0,0.3706013560295105,0.6379438638687134,1.3186782598495483,1.6133036613464355,1.6008825302124023,1.8933813571929932,2.17635440826416,2.1915736198425293,2.0712320804595947,1.6991057395935059,1.4298427104949951,1.1109108924865723,0.8546568751335144,0.6259110569953918,0.48482680320739746,0.5974934101104736,0.7316775918006897,1.569118618965149,1.8460757732391357,1.8527231216430664,2.0868849754333496,2.37365984916687,2.349735975265503,2.2548816204071045,1.887306571006775,1.6804049015045166,1.3931808471679688,1.2123115062713623,1.041040301322937,0.9585326313972473,1.0201842784881592,1.0758610963821411,1.90778386592865,2.166619062423706,2.184426784515381,2.366257905960083,2.6419713497161865,2.578604221343994,2.507723569869995,2.1524364948272705,2.000983238220215,1.7515636682510376,1.6231192350387573,1.4862446784973145,1.424433708190918,1.476218819618225,1.4991496801376343,2.3130128383636475,2.556403636932373,2.5895187854766846,2.7382795810699463,3.0087430477142334,2.895158290863037,2.831979274749756,2.4879908561706543,2.3900551795959473,2.1553547382354736,2.0665533542633057,1.9555014371871948,1.8984103202819824,1.9472107887268066,1.953058123588562
A14,1.2986057996749878,1.676274061203003,1.7584402561187744,2.107875108718872,2.3482866287231445,2.4192728996276855,2.2316837310791016,1.8935834169387817,1.5999720096588135,1.2600616216659546,0.9673221707344055,0.6351075768470764,0.3706013560295105,0.0,0.3901563882827759,1.2959588766098022,1.6345635652542114,1.7079411745071411,2.0292909145355225,2.3395638465881348,2.4090089797973633,2.317570686340332,1.961787223815918,1.7005910873413086,1.3475608825683594,1.109553575515747,0.7886600494384766,0.6299319863319397,0.49780815839767456,0.6024049520492554,1.5389958620071411,1.845571756362915,1.9277915954589844,2.1846635341644287,2.5050761699676514,2.534580707550049,2.4675257205963135,2.1133034229278564,1.9053913354873657,1.5767382383346558,1.4004149436950684,1.146532654762268,1.0573023557662964,0.9913297891616821,1.0391796827316284,1.8806463479995728,2.1594338417053223,2.241142749786377,2.441831350326538,2.7524638175964355,2.738091230392456,2.6939826011657715,2.3478798866271973,2.1880784034729004,1.8960758447647095,1.7714680433273315,1.5708271265029907,1.5150336027145386,1.485161304473877,1.5134201049804688,2.294847011566162,2.54945707321167,2.6365139484405518,2.7995383739471436,3.102647304534912,3.02974271774292,2.994584321975708,2.6574723720550537,2.5484139919281006,2.274960517883301,2.193617343902588,2.0332655906677246,1.9937248229980469,1.9859052896499634,2.0029873847961426
A15,1.6455718278884888,2.0206234455108643,2.1089847087860107,2.4479870796203613,2.7071692943573,2.7672536373138428,2.5749030113220215,2.2233755588531494,1.9212465286254883,1.5968927145004272,1.2769662141799927,0.9832482933998108,0.6379438638687134,0.3901563882827759,0.0,1.6691755056381226,2.014284372329712,2.097318410873413,2.4145545959472656,2.7265982627868652,2.7855873107910156,2.68459153175354,2.3204703330993652,2.046513080596924,1.7072439193725586,1.4362002611160278,1.130398154258728,0.8742176294326782,0.667309582233429,0.5195183753967285,1.8875447511672974,2.2103402614593506,2.307269811630249,2.572543144226074,2.8920531272888184,2.9179751873016357,2.838099956512451,2.4759953022003174,2.2478761672973633,1.9212716817855835,1.703054428100586,1.4328813552856445,1.2553656101226807,1.112679362297058,1.0289082527160645,2.190253973007202,2.4922640323638916,2.591717004776001,2.811483860015869,3.123828172683716,3.113151788711548,3.0538201332092285,2.697977066040039,2.51188063621521,2.2128043174743652,2.0441465377807617,1.8131753206253052,1.6879117488861084,1.5918519496917725,1.53630530834198,2.5659356117248535,2.8467071056365967,2.9515743255615234,3.1395328044891357,3.4470016956329346,3.3860814571380615,3.336092233657837,2.987577199935913,2.848033905029297,2.562596321105957,2.439883232116699,2.244811773300171,2.1541717052459717,2.08693790435791,2.0425868034362793
B1,0.7539981007575989,0.9965635538101196,1.1510624885559082,1.5049728155136108,1.5929412841796875,1.7925198078155518,1.7050992250442505,1.5438767671585083,1.4206305742263794,1.1491726636886597,1.2204490900039673,1.0423022508621216,1.3186782598495483,1.2959588766098022,1.6691755056381226,0.0,0.3824092149734497,0.635400652885437,0.9997380971908569,1.3075511455535889,1.5456652641296387,1.5782356262207031,1.3798130750656128,1.2916496992111206,0.9859589338302612,1.1183476448059082,0.9678239226341248,1.2916160821914673,1.3386344909667969,1.6968014240264893,0.5660015940666199,0.6651784181594849,0.8072447180747986,1.008976936340332,1.3856176137924194,1.5471807718276978,1.6227962970733643,1.4060815572738647,1.3755401372909546,1.097364902496338,1.2541311979293823,1.1503856182098389,1.44976007938385,1.5411492586135864,1.8572101593017578,1.109122395515442,1.1854488849639893,1.2620216608047485,1.3344368934631348,1.678183913230896,1.7359046936035156,1.838782787322998,1.617576003074646,1.6290346384048462,1.3912527561187744,1.5466920137405396,1.486520767211914,1.7353132963180542,1.8530662059783936,2.1155784130096436,1.6638227701187134,1.7395460605621338,1.8071331977844238,1.8265026807785034,2.1365010738372803,2.0717058181762695,2.172006845474243,1.9491056203842163,2.0018458366394043,1.7851377725601196,1.934645652770996,1.9045716524124146,2.100456953048706,2.241154670715332,2.4614007472991943
B2,0.7716172933578491,0.8540746569633484,0.9953381419181824,1.3006292581558228,1.3293360471725464,1.5708500146865845,1.5416452884674072,1.4554585218429565,1.4241300821304321,1.2159721851348877,1.3907434940338135,1.2862154245376587,1.6133036613464355,1.6345635652542114,2.014284372329712,0.3824092149734497,0.0,0.3865821659564972,0.6840938329696655,0.9902492761611938,1.280779480934143,1.3836562633514404,1.2647449970245361,1.283015489578247,1.0656719207763672,1.3015156984329224,1.2453527450561523,1.602379322052002,1.6948872804641724,2.0554192066192627,0.7327585220336914,0.6105875968933105,0.6644295454025269,0.7239636182785034,1.106961965560913,1.2854748964309692,1.4347635507583618,1.2942965030670166,1.3683280944824219,1.1805423498153687,1.4276390075683594,1.4099719524383545,1.7434481382369995,1.8785853385925293,2.2029762268066406,1.2373853921890259,1.195868968963623,1.2079393863677979,1.166143774986267,1.4800676107406616,1.5215258598327637,1.6853934526443481,1.5311238765716553,1.6326346397399902,1.4693915843963623,1.6981265544891357,1.7094262838363647,1.9944185018539429,2.1547634601593018,2.432126522064209,1.778641700744629,1.7763564586639404,1.7976452112197876,1.7358261346817017,2.0110535621643066,1.9135332107543945,2.055852174758911,1.8881244659423828,2.015061378479004,1.8577991724014282,2.064420700073242,2.0941989421844482,2.3214404582977295,2.504678726196289,2.743635416030884
B3,0.8055614233016968,0.7959239482879639,0.775396466255188,1.038577675819397,1.0187715291976929,1.2139931917190552,1.163404941558838,1.1072393655776978,1.1144088506698608,0.9833356738090515,1.2316017150878906,1.2339973449707031,1.6008825302124023,1.7079411745071411,2.097318410873413,0.635400652885437,0.3865821659564972,0.0,0.3908125162124634,0.6833775043487549,0.9173703193664551,1.0052809715270996,0.8914823532104492,0.967404305934906,0.8329169750213623,1.14453125,1.2009332180023193,1.5817502737045288,1.7556337118148804,2.114976167678833,0.9107796549797058,0.7726781964302063,0.6081312298774719,0.5800315737724304,0.9044792652130127,0.9817947149276733,1.114841103553772,0.9681602716445923,1.1003443002700806,0.9967374205589294,1.2908694744110107,1.3703712224960327,1.71277916431427,1.9182279109954834,2.2352640628814697,1.3526743650436401,1.296722650527954,1.1918582916259766,1.1087193489074707,1.3529845476150513,1.298741102218628,1.4367914199829102,1.2785159349441528,1.4248250722885132,1.333937406539917,1.5812228918075562,1.667659878730774,1.9493091106414795,2.167945146560669,2.4347219467163086,1.8537414073944092,1.845468282699585,1.7871004343032837,1.704153299331665,1.9243508577346802,1.7568343877792358,1.8636764287948608,1.692337989807129,1.8512771129608154,1.7517979145050049,1.9593111276626587,2.046466827392578,2.258413791656494,2.4886598587036133,2.7153239250183105
B4,0.9634763598442078,0.778778612613678,0.6788942813873291,0.8079922795295715,0.6932294964790344,0.9439167976379395,0.9960756301879883,1.0444287061691284,1.182722568511963,1.1356207132339478,1.4538651704788208,1.5093424320220947,1.8933813571929932,2.0292909145355225,2.4145545959472656,0.9997380971908569,0.6840938329696655,0.3908125162124634,0.0,0.38723060488700867,0.6515404582023621,0.869795024394989,0.8740876913070679,1.093161940574646,1.0752911567687988,1.423745036125183,1.5355304479599,1.9131217002868652,2.1121227741241455,2.4612927436828613,1.2745312452316284,1.067362904548645,0.8480910062789917,0.6221640706062317,0.8306882381439209,0.8348110318183899,1.0585745573043823,1.0168343782424927,1.2614327669143677,1.2642287015914917,1.585487961769104,1.716737985610962,2.055081605911255,2.283926486968994,2.5914571285247803,1.6800541877746582,1.5637919902801514,1.406657338142395,1.2231606245040894,1.380942940711975,1.2620047330856323,1.4471813440322876,1.3685797452926636,1.597772479057312,1.5895639657974243,1.863861083984375,1.997982382774353,2.2807793617248535,2.523808717727661,2.784674644470215,2.1515650749206543,2.0955097675323486,1.993463158607483,1.8450871706008911,2.005345344543457,1.7874447107315063,1.9157179594039917,1.8027399778366089,2.0247459411621094,1.9900121688842773,2.2214293479919434,2.3525469303131104,2.567138671875,2.8234779834747314,3.0475881099700928
B5,1.3431144952774048,1.142858624458313,0.9726212620735168,0.9807045459747314,0.7110530138015747,0.8744739294052124,0.9332011938095093,1.1093413829803467,1.2912079095840454,1.3492205142974854,1.6799041032791138,1.7943845987319946,2.17635440826416,2.3395638465881348,2.7265982627868652,1.3075511455535889,0.9902492761611938,0.6833775043487549,0.38723060488700867,0.0,0.39136138558387756,0.6627520322799683,0.8349243402481079,1.1247262954711914,1.2210599184036255,1.589829921722412,1.7626845836639404,2.1439008712768555,2.371694326400757,2.726261615753174,1.4593920707702637,1.2044647932052612,0.9041581153869629,0.5845033526420593,0.5880450010299683,0.5025284290313721,0.7949508428573608,0.8866428136825562,1.2142916917800903,1.3227193355560303,1.678524136543274,1.871468186378479,2.2238059043884277,2.484354019165039,2.801987886428833,1.7686737775802612,1.5977271795272827,1.3656452894210815,1.1133230924606323,1.1644811630249023,0.9796183705329895,1.1911778450012207,1.1990684270858765,1.499995231628418,1.5784038305282593,1.890660047531128,2.0839009284973145,2.3865044116973877,2.6633994579315186,2.9377198219299316,2.1729860305786133,2.0711562633514404,1.9080655574798584,1.7095746994018555,1.800675868988037,1.5371183156967163,1.6722254753112793,1.6174068450927734,1.8958584070205688,1.930845022201538,2.194714069366455,2.3798224925994873,2.612945556640625,2.9051156044006348,3.145233631134033
B6,1.49097740650177,1.2846558094024658,1.00385582447052,0.9217787384986877,0.6050010323524475,0.5846859812736511,0.6062354445457458,0.8739134073257446,1.1128337383270264,1.2742069959640503,1.6231615543365479,1.8138455152511597,2.1915736198425293,2.4090089797973633,2.7855873107910156,1.5456652641296387,1.280779480934143,0.9173703193664551,0.6515404582023621,0.39136138558387756,0.0,0.369600772857666,0.6279875636100769,0.9914935231208801,1.1938402652740479,1.559522032737732,1.8008882999420166,2.162975788116455,2.437574625015259,2.7728309631347656,1.699344515800476,1.494750738143921,1.1531805992126465,0.8997675180435181,0.8168903589248657,0.522275447845459,0.6907690763473511,0.7797603011131287,1.1387726068496704,1.3319581747055054,1.66767156124115,1.916993498802185,2.241629123687744,2.540703296661377,2.833622932434082,1.9813752174377441,1.843980312347412,1.5665013790130615,1.346566915512085,1.3309365510940552,1.044046401977539,1.1622573137283325,1.154959797859192,1.4640865325927734,1.6062121391296387,1.889389157295227,2.1258814334869385,2.3958866596221924,2.7039968967437744,2.951253652572632,2.3499886989593506,2.272998571395874,2.0651729106903076,1.8863580226898193,1.9275668859481812,1.6100795269012451,1.6718151569366455,1.601346731185913,1.8794676065444946,1.9631264209747314,2.1939902305603027,2.4121720790863037,2.6080260276794434,2.9239501953125,3.1359410285949707
B7,1.5930891036987305,1.4629099369049072,1.155941128730774,1.1268110275268555,0.8802028894424438,0.7283284068107605,0.5401519536972046,0.776620626449585,0.9344263076782227,1.1649609804153442,1.4777246713638306,1.7171881198883057,2.0712320804595947,2.317570686340332,2.68459153175354,1.5782356262207031,1.3836562633514404,1.0052809715270996,0.869795024394989,0.6627520322799683,0.369600772857666,0.0,0.3845837414264679,0.7257302403450012,1.0109646320343018,1.3540830612182617,1.6448146104812622,1.9876630306243896,2.290463924407959,2.616189956665039,1.6607027053833008,1.5110419988632202,1.141261100769043,0.9914346933364868,0.8906421065330505,0.5472224950790405,0.4826163351535797,0.48925334215164185,0.841801106929779,1.1005654335021973,1.41739022731781,1.7110097408294678,2.0188333988189697,2.3442277908325195,2.627284288406372,1.8823083639144897,1.7851406335830688,1.4769611358642578,1.3240227699279785,1.2920844554901123,0.9683229923248291,0.9662042260169983,0.8911915421485901,1.1757774353027344,1.35612952709198,1.6148706674575806,1.8839874267578125,2.1358158588409424,2.4661319255828857,2.702730894088745,2.20356822013855,2.1602649688720703,1.9247978925704956,1.7927868366241455,1.8213545083999634,1.4901783466339111,1.474088191986084,1.3524692058563232,1.6022850275039673,1.7065354585647583,1.9079142808914185,2.146604061126709,2.3202037811279297,2.6523690223693848,2.852921724319458
B8,1.3620942831039429,1.3044599294662476,0.9928139448165894,1.0528358221054077,0.9375943541526794,0.7955419421195984,0.4994727373123169,0.5216911435127258,0.5693397521972656,0.797537088394165,1.0966213941574097,1.3538029193878174,1.6991057395935059,1.961787223815918,2.3204703330993652,1.3798130750656128,1.2647449970245361,0.8914823532104492,0.8740876913070679,0.8349243402481079,0.6279875636100769,0.3845837414264679,0.0,0.38411861658096313,0.6664443612098694,0.9980122447013855,1.300246238708496,1.6293683052062988,1.944228172302246,2.2568070888519287,1.5063157081604004,1.4396404027938843,1.1051247119903564,1.0637620687484741,1.0893975496292114,0.8350774049758911,0.7187721133232117,0.4754445552825928,0.6797472834587097,0.8643827438354492,1.1344410181045532,1.4158804416656494,1.6969895362854004,2.0243592262268066,2.287933588027954,1.7695074081420898,1.748227834701538,1.4826581478118896,1.4173675775527954,1.4720607995986938,1.2033133506774902,1.152104139328003,0.9437776207923889,1.1149598360061646,1.216230034828186,1.4125475883483887,1.6485061645507812,1.863074541091919,2.183685302734375,2.395637273788452,2.1244149208068848,2.145781993865967,1.9494614601135254,1.8867264986038208,1.9750592708587646,1.6830060482025146,1.6338785886764526,1.4252185821533203,1.591227412223816,1.6282622814178467,1.7712452411651611,1.9675105810165405,2.1010313034057617,2.4117226600646973,2.583683490753174
B9,1.3706936836242676,1.422194004058838,1.1608009338378906,1.311222791671753,1.2720898389816284,1.1495524644851685,0.828385055065155,0.6961348056793213,0.49378690123558044,0.6686242818832397,0.8554498553276062,1.1259181499481201,1.4298427104949951,1.7005910873413086,2.046513080596924,1.2916496992111206,1.283015489578247,0.967404305934906,1.093161940574646,1.1247262954711914,0.9914935231208801,0.7257302403450012,0.38411861658096313,0.0,0.380231648683548,0.651496946811676,0.9880161285400391,1.2940139770507812,1.6231039762496948,1.9281753301620483,1.3590493202209473,1.385422945022583,1.0929304361343384,1.1843870878219604,1.266128659248352,1.0845993757247925,0.8932197093963623,0.5237528681755066,0.4647056460380554,0.5687497854232788,0.7715197801589966,1.0675808191299438,1.327094554901123,1.6669071912765503,1.922973871231079,1.585412621498108,1.63991379737854,1.4051858186721802,1.4433627128601074,1.5477150678634644,1.3328006267547607,1.213721752166748,0.9005914926528931,0.9315447807312012,0.9612878561019897,1.0863547325134277,1.306110143661499,1.49181067943573,1.8145287036895752,2.0157530307769775,1.9203476905822754,2.0036168098449707,1.8315993547439575,1.8459651470184326,1.973021388053894,1.7252634763717651,1.630773901939392,1.3460208177566528,1.4186300039291382,1.398496150970459,1.481540560722351,1.646789789199829,1.7486580610275269,2.048689603805542,2.206732749938965
B10,1.1186848878860474,1.2633205652236938,1.089465618133545,1.3395748138427734,1.379947304725647,1.3480275869369507,1.0791511535644531,0.861724853515625,0.5894985795021057,0.5143986344337463,0.6167771816253662,0.7994800806045532,1.1109108924865723,1.3475608825683594,1.7072439193725586,0.9859589338302612,1.0656719207763672,0.8329169750213623,1.0752911567687988,1.2210599184036255,1.1938402652740479,1.0109646320343018,0.6664443612098694,0.380231648683548,0.0,0.3711220324039459,0.6363674402236938,0.9799692034721375,1.281714916229248,1.6059988737106323,1.0965492725372314,1.1980317831039429,0.993910551071167,1.1676881313323975,1.356763243675232,1.2741726636886597,1.1450326442718506,0.7776633501052856,0.6381618976593018,0.4741241931915283,0.6143449544906616,0.7999124526977539,1.0727415084838867,1.3761377334594727,1.64536714553833,1.390394926071167,1.5025086402893066,1.3500585556030273,1.444008231163025,1.6366982460021973,1.5027567148208618,1.4260579347610474,1.093746542930603,1.0555474758148193,0.9400060176849365,1.0231430530548096,1.1397488117218018,1.3206883668899536,1.595786213874817,1.8019862174987793,1.7871322631835938,1.9109230041503906,1.8099236488342285,1.8635588884353638,2.0594305992126465,1.8702363967895508,1.810819387435913,1.505378007888794,1.5274028778076172,1.4106594324111938,1.4725027084350586,1.555620789527893,1.65585458278656,1.9044877290725708,2.062671422958374
B11,1.2727463245391846,1.4951156377792358,1.358845829963684,1.6307907104492188,1.717139720916748,1.6701477766036987,1.382468581199646,1.1143676042556763,0.764015793800354,0.6312374472618103,0.48780468106269836,0.6490913033485413,0.8546568751335144,1.109553575515747,1.4362002611160278,1.1183476448059082,1.3015156984329224,1.14453125,1.423745036125183,1.589829921722412,1.559522032737732,1.3540830612182617,0.9980122447013855,0.651496946811676,0.3711220324039459,0.0,0.37587326765060425,0.6429078578948975,0.9792498350143433,1.2776374816894531,1.1884320974349976,1.3875486850738525,1.25278902053833,1.4883240461349487,1.6904830932617188,1.6246665716171265,1.4608750343322754,1.0786175727844238,0.8311008810997009,0.583836555480957,0.4656452536582947,0.567385196685791,0.7449524402618408,1.0593620538711548,1.2961223125457764,1.4335991144180298,1.6287436485290527,1.5260382890701294,1.6938061714172363,1.9054197072982788,1.7994989156723022,1.6810636520385742,1.3141934871673584,1.1694353818893433,0.9828697443008423,0.9247439503669739,0.9614759087562561,1.0508081912994385,1.3037563562393188,1.4690196514129639,1.792257308959961,1.9841598272323608,1.9176838397979736,2.038949728012085,2.2550899982452393,2.1011037826538086,2.0055408477783203,1.6604026556015015,1.5943429470062256,1.4238470792770386,1.3924833536148071,1.4092851877212524,1.4384057521820068,1.646662950515747,1.7617313861846924
B12,1.188828468322754,1.4904552698135376,1.4504108428955078,1.7755523920059204,1.9052250385284424,1.9211236238479614,1.6737027168273926,1.3895591497421265,1.0608532428741455,0.8107514381408691,0.5845881104469299,0.49650895595550537,0.6259110569953918,0.7886600494384766,1.130398154258728,0.9678239226341248,1.2453527450561523,1.2009332180023193,1.5355304479599,1.7626845836639404,1.8008882999420166,1.6448146104812622,1.300246238708496,0.9880161285400391,0.6363674402236938,0.37587326765060425,0.0,0.38646480441093445,0.6458055973052979,0.9831857085227966,1.0601078271865845,1.3337278366088867,1.3057880401611328,1.5844111442565918,1.8483054637908936,1.85055410861969,1.7306874990463257,1.3654100894927979,1.1237777471542358,0.793131411075592,0.6352483630180359,0.4801976978778839,0.6122601628303528,0.8188003897666931,1.070755124092102,1.3448013067245483,1.5917515754699707,1.578747034072876,1.7821990251541138,2.051119804382324,2.007666826248169,1.9259727001190186,1.5680758953094482,1.4040127992630005,1.1355304718017578,1.051034688949585,0.9520987272262573,1.0173084735870361,1.1707630157470703,1.335428237915039,1.7410845756530762,1.9657565355300903,1.9723464250564575,2.121601104736328,2.3875200748443604,2.2845277786254883,2.222679615020752,1.8800928592681885,1.7879630327224731,1.5503913164138794,1.508192777633667,1.4367212057113647,1.4653992652893066,1.5948981046676636,1.7078570127487183
B13,1.4654240608215332,1.7942335605621338,1.76482355594635,2.0861849784851074,2.2452785968780518,2.2406105995178223,1.9787952899932861,1.6670114994049072,1.3115458488464355,1.0712978839874268,0.7431504130363464,0.6219531297683716,0.48482680320739746,0.6299319863319397,0.8742176294326782,1.2916160821914673,1.602379322052002,1.5817502737045288,1.9131217002868652,2.1439008712768555,2.162975788116455,1.9876630306243896,1.6293683052062988,1.2940139770507812,0.9799692034721375,0.6429078578948975,0.38646480441093445,0.0,0.37426894903182983,0.6349347233772278,1.3597064018249512,1.6721755266189575,1.673540472984314,1.966590404510498,2.226107358932495,2.2208333015441895,2.076152801513672,1.7005904912948608,1.42110276222229,1.1033083200454712,0.839519739151001,0.6138353943824768,0.47400644421577454,0.5929355025291443,0.7391010522842407,1.5817949771881104,1.8757890462875366,1.8911606073379517,2.1291749477386475,2.397068738937378,2.358537435531616,2.2470812797546387,1.874029278755188,1.6584962606430054,1.37697434425354,1.193477988243103,1.021799921989441,0.9409616589546204,1.0101141929626465,1.0786781311035156,1.9172923564910889,2.190464973449707,2.2206614017486572,2.4136390686035156,2.6830732822418213,2.5984153747558594,2.5075156688690186,2.1449851989746094,1.9962066411972046,1.736677646636963,1.6140291690826416,1.479809284210205,1.4170944690704346,1.47148859500885,1.5076528787612915
