,A1,A2,A3,A4,A5,A6,A7,A8,A9,A10,A11,A12,A13,A14,A15,B1,B2,B3,B4,B5,B6,B7,B8,B9,B10,B11,B12,B13,B14,B15,C1,C2,C3,C4,C5,C6,C7,C8,C9,C10,C11,C12,C13,C14,C15,D1,D2,D3,D4,D5,D6,D7,D8,D9,D10,D11,D12,D13,D14,D15,E1,E2,E3,E4,E5,E6,E7,E8,E9,E10,E11,E12,E13,E14,E15
A1,0.0,0.386898934841156,0.5993507504463196,0.9608222842216492,1.269223690032959,1.5099822282791138,1.5722529888153076,1.3093518018722534,1.4363046884536743,1.199328064918518,1.3980571031570435,1.4088770151138306,1.665858507156372,1.829223394393921,2.093224287033081,1.7160156965255737,1.6939611434936523,1.562696099281311,1.6376492977142334,1.7890045642852783,1.787752389907837,1.883256435394287,1.6529066562652588,1.8080707788467407,1.675290584564209,1.8089613914489746,1.8763889074325562,2.063131332397461,2.2608144283294678,2.471566677093506,2.729652166366577,2.7723989486694336,2.6848485469818115,2.610363006591797,2.5977861881256104,2.3831608295440674,2.362947702407837,2.1188671588897705,2.242619514465332,2.1673598289489746,2.2451870441436768,2.323704957962036,2.451575756072998,2.652200937271118,2.8117096424102783,3.5149734020233154,3.5426619052886963,3.3857181072235107,3.2109673023223877,3.139721632003784,2.8498740196228027,2.7675766944885254,2.5370681285858154,2.6497819423675537,2.6325395107269287,2.6696231365203857,2.7652673721313477,2.8377573490142822,3.0502171516418457,3.133204460144043,4.070228576660156,4.134047031402588,3.931208610534668,3.8817272186279297,3.6961395740509033,3.4330496788024902,3.217238187789917,2.9953813552856445,3.1697769165039062,3.157022476196289,3.195369243621826,3.3012850284576416,3.340054512023926,3.5867204666137695,3.5836141109466553
A2,0.386898934841156,0.0,0.39221975207328796,0.6573038101196289,1.0101269483566284,1.3002517223358154,1.4454249143600464,1.262968897819519,1.4770766496658325,1.315653920173645,1.589045763015747,1.6512967348098755,1.9530000686645508,2.1299469470977783,2.422966241836548,1.8134084939956665,1.7104182243347168,1.5513073205947876,1.5337395668029785,1.647172451019287,1.6209312677383423,1.7575122117996216,1.594628930091858,1.8236883878707886,1.7554701566696167,1.9491136074066162,2.0674591064453125,2.298750162124634,2.519453763961792,2.7619855403900146,2.7972769737243652,2.788529872894287,2.670525312423706,2.5434699058532715,2.4987173080444336,2.261094570159912,2.2618894577026367,2.0699164867401123,2.2509398460388184,2.2300970554351807,2.354102849960327,2.4804484844207764,2.648357391357422,2.876908779144287,3.06693959236145,3.578380823135376,3.5658209323883057,3.3758976459503174,3.164983034133911,3.062354803085327,2.7540907859802246,2.682302474975586,2.497122049331665,2.6555731296539307,2.6849796772003174,2.758477210998535,2.8962795734405518,3.002835750579834,3.244262218475342,3.355602264404297,4.130753517150879,4.160396575927734,3.9356918334960938,3.851346969604492,3.6406750679016113,3.350167989730835,3.1381399631500244,2.9562621116638184,3.168276309967041,3.194124937057495,3.2607197761535645,3.403749465942383,3.466306447982788,3.741102695465088,3.7647759914398193
A3,0.5993507504463196,0.39221975207328796,0.0,0.3830581307411194,0.6845378279685974,0.9295883774757385,1.0571852922439575,0.8852548003196716,1.1396061182022095,1.0491431951522827,1.3617948293685913,1.4995156526565552,1.8293923139572144,2.053170919418335,2.370058298110962,1.775579810142517,1.6632829904556274,1.4253718852996826,1.385100245475769,1.417264461517334,1.3225229978561401,1.41238272190094,1.2480429410934448,1.4922776222229004,1.4784719944000244,1.6849335432052612,1.861679196357727,2.110783338546753,2.3730335235595703,2.63578200340271,2.648289680480957,2.6302366256713867,2.4676475524902344,2.332817316055298,2.2428231239318848,1.9720195531845093,1.9332391023635864,1.7426183223724365,1.9240778684616089,1.9431074857711792,2.0678586959838867,2.2382616996765137,2.4167516231536865,2.6811609268188477,2.885876417160034,3.3544771671295166,3.332829475402832,3.124887466430664,2.9078891277313232,2.775604486465454,2.4507110118865967,2.348034143447876,2.1675336360931396,2.3228447437286377,2.382636070251465,2.45320725440979,2.6235523223876953,2.7360141277313232,3.0060925483703613,3.129349946975708,3.831709623336792,3.8512520790100098,3.6093759536743164,3.5203728675842285,3.2933123111724854,3.0043513774871826,2.776047706604004,2.5989654064178467,2.8124749660491943,2.8606457710266113,2.9250714778900146,3.0915310382843018,3.1556179523468018,3.4500436782836914,3.4864635467529297
A4,0.9608222842216492,0.6573038101196289,0.3830581307411194,0.0,0.3984931409358978,0.6960849165916443,0.9412297010421753,0.9131338000297546,1.2421458959579468,1.251951813697815,1.6008648872375488,1.7774312496185303,2.1284472942352295,2.3602027893066406,2.694716691970825,1.9437230825424194,1.767824649810791,1.5014573335647583,1.3637763261795044,1.3181967735290527,1.1675457954406738,1.2863564491271973,1.221067190170288,1.5337318181991577,1.6002249717712402,1.8511039018630981,2.0726406574249268,2.351658821105957,2.6307623386383057,2.916292667388916,2.734550714492798,2.6668388843536377,2.4672741889953613,2.2810230255126953,2.145005941390991,1.8455935716629028,1.818763256072998,1.6973618268966675,1.9327847957611084,2.016747236251831,2.180872917175293,2.3975367546081543,2.6078245639801025,2.8955366611480713,3.124525785446167,3.4039735794067383,3.34195613861084,3.100515127182007,2.849485158920288,2.6782851219177246,2.3353049755096436,2.2369415760040283,2.113503932952881,2.311717987060547,2.4249839782714844,2.528620481491089,2.7411551475524902,2.88354229927063,3.179154872894287,3.32761549949646,3.8531668186187744,3.836566209793091,3.5716726779937744,3.447227954864502,3.192713499069214,2.8792243003845215,2.65407657623291,2.525625705718994,2.7747716903686523,2.8671419620513916,2.9581527709960938,3.162707567214966,3.248966693878174,3.5686957836151123,3.6322035789489746
A5,1.269223690032959,1.0101269483566284,0.6845378279685974,0.3984931409358978,0.0,0.3716810345649719,0.6532995104789734,0.7659375071525574,1.0982167720794678,1.1964205503463745,1.5677329301834106,1.775434136390686,2.1470155715942383,2.3834826946258545,2.7408957481384277,1.8898918628692627,1.6873832941055298,1.371767520904541,1.183120608329773,1.0363489389419556,0.8143001794815063,0.925308346748352,0.9365946650505066,1.2913262844085693,1.4261144399642944,1.7149343490600586,1.9740681648254395,2.284205436706543,2.575772762298584,2.8891313076019287,2.5360395908355713,2.4390265941619873,2.1998848915100098,1.9908324480056763,1.8117138147354126,1.4889110326766968,1.453542709350586,1.3753284215927124,1.645031452178955,1.779497742652893,1.978286623954773,2.232863187789917,2.476808547973633,2.7824273109436035,3.0407965183258057,3.1371352672576904,3.0498697757720947,2.7868762016296387,2.520656108856201,2.3227076530456543,1.9699488878250122,1.8677637577056885,1.7766872644424438,2.0020737648010254,2.151883840560913,2.2855215072631836,2.5297746658325195,2.7048163414001465,3.0188348293304443,3.1984007358551025,3.5493459701538086,3.508848190307617,3.2320125102996826,3.0887703895568848,2.823880910873413,2.500833034515381,2.282454490661621,2.1786348819732666,2.450674057006836,2.566091537475586,2.6841845512390137,2.9124791622161865,3.0271806716918945,3.3629140853881836,3.4599499702453613
A6,1.5099822282791138,1.3002517223358154,0.9295883774757385,0.6960849165916443,0.3716810345649719,0.0,0.36487409472465515,0.614760160446167,0.9630714058876038,1.1737630367279053,1.5197573900222778,1.7891722917556763,2.1454529762268066,2.4177730083465576,2.76955246925354,2.0561439990997314,1.8796528577804565,1.5264629125595093,1.3557302951812744,1.1238386631011963,0.8001962304115295,0.7626249194145203,0.7945296764373779,1.1329638957977295,1.351301670074463,1.6132997274398804,1.923876404762268,2.219435453414917,2.5427706241607666,2.8521299362182617,2.5704550743103027,2.4792075157165527,2.2007157802581787,2.001359462738037,1.76772141456604,1.4076688289642334,1.288506269454956,1.2195501327514648,1.464066982269287,1.656624674797058,1.8300139904022217,2.127441883087158,2.358332395553589,2.6931819915771484,2.946784734725952,3.060879707336426,2.973505973815918,2.698394536972046,2.437309741973877,2.2021279335021973,1.83320152759552,1.6708675622940063,1.5894578695297241,1.7915726900100708,1.9839773178100586,2.0951664447784424,2.373150587081909,2.5363783836364746,2.8748974800109863,3.0516605377197266,3.3548667430877686,3.3083653450012207,3.010498523712158,2.8683114051818848,2.579159736633301,2.266280174255371,2.0140159130096436,1.917762279510498,2.1807422637939453,2.3308143615722656,2.4313719272613525,2.687004566192627,2.7890472412109375,3.1418697834014893,3.242025375366211
A7,1.5722529888153076,1.4454249143600464,1.0571852922439575,0.9412297010421753,0.6532995104789734,0.36487409472465515,0.0,0.3783525824546814,0.656173825263977,0.9392095804214478,1.253387451171875,1.5522397756576538,1.8940978050231934,2.180772066116333,2.528498888015747,1.9537606239318848,1.827399730682373,1.453871726989746,1.3516755104064941,1.1091716289520264,0.7812973260879517,0.5931446552276611,0.5189880132675171,0.8038985729217529,1.0583006143569946,1.2933648824691772,1.6288621425628662,1.9142496585845947,2.251141309738159,2.558880090713501,2.377589225769043,2.3199241161346436,2.033378839492798,1.8809038400650024,1.6459840536117554,1.2898463010787964,1.097780466079712,0.9591451287269592,1.1463481187820435,1.344225525856018,1.488473653793335,1.8003156185150146,2.0210232734680176,2.367225170135498,2.6189277172088623,2.8038558959960938,2.7424094676971436,2.4821507930755615,2.251420497894287,2.024892568588257,1.6629729270935059,1.4569880962371826,1.322115182876587,1.4775439500808716,1.6625394821166992,1.7467678785324097,2.028550148010254,2.1810219287872314,2.5259077548980713,2.701201915740967,3.0436575412750244,3.0179443359375,2.724855899810791,2.611370801925659,2.334207057952881,2.049506902694702,1.7775777578353882,1.6338268518447876,1.867040753364563,2.0012338161468506,2.0824549198150635,2.332164764404297,2.4259836673736572,2.7780802249908447,2.8777174949645996
A8,1.3093518018722534,1.262968897819519,0.8852548003196716,0.9131338000297546,0.7659375071525574,0.614760160446167,0.3783525824546814,0.0,0.38819196820259094,0.6192705035209656,0.9251704216003418,1.2334977388381958,1.5635275840759277,1.866376280784607,2.2002060413360596,1.8146123886108398,1.7485322952270508,1.394690752029419,1.3831757307052612,1.2349330186843872,0.9929522275924683,0.832457959651947,0.5772984027862549,0.7492923736572266,0.8959627151489258,1.0747700929641724,1.3883861303329468,1.643754005432129,1.9841035604476929,2.2702314853668213,2.339205265045166,2.3366453647613525,2.091921091079712,1.993299961090088,1.8169922828674316,1.499741792678833,1.3133034706115723,1.0759564638137817,1.1803289651870728,1.2852091789245605,1.3685319423675537,1.6357203722000122,1.8154267072677612,2.150827407836914,2.374643087387085,2.8168601989746094,2.802821397781372,2.580517053604126,2.387256145477295,2.2083699703216553,1.8700929880142212,1.6677478551864624,1.4572032690048218,1.5498045682907104,1.6614632606506348,1.69320809841156,1.9270457029342651,2.035922050476074,2.3611292839050293,2.5031001567840576,3.0880422592163086,3.106919050216675,2.839947462081909,2.769733190536499,2.525092363357544,2.271721363067627,1.9980266094207764,1.7929739952087402,1.973877191543579,2.051111936569214,2.089625597000122,2.293717861175537,2.3513967990875244,2.67879056930542,2.739671468734741
A9,1.4363046884536743,1.4770766496658325,1.1396061182022095,1.2421458959579468,1.0982167720794678,0.9630714058876038,0.656173825263977,0.38819196820259094,0.0,0.3779425024986267,0.6104422211647034,0.9372581839561462,1.2533371448516846,1.5575546026229858,1.892049789428711,1.6567023992538452,1.6579113006591797,1.3136968612670898,1.3923988342285156,1.276155948638916,1.098241925239563,0.8889163732528687,0.5318728685379028,0.4847342073917389,0.5652267932891846,0.6892977952957153,1.0177652835845947,1.2707828283309937,1.6173210144042969,1.909494400024414,2.091179847717285,2.1362597942352295,1.9088523387908936,1.8759764432907104,1.7351528406143188,1.4650572538375854,1.2543085813522339,0.9359136819839478,0.9321585297584534,0.9679259061813354,1.0028349161148071,1.2551422119140625,1.4275602102279663,1.763890266418457,1.992709755897522,2.528482675552368,2.552840232849121,2.3636772632598877,2.2155559062957764,2.076270580291748,1.7731003761291504,1.5640689134597778,1.2850011587142944,1.3086133003234863,1.3590070009231567,1.3563865423202515,1.5613765716552734,1.6603323221206665,1.9772756099700928,2.1219449043273926,2.7923378944396973,2.8444275856018066,2.603053092956543,2.57346248626709,2.3680403232574463,2.1544244289398193,1.8911916017532349,1.6273221969604492,1.7598997354507446,1.779634952545166,1.7998710870742798,1.9661692380905151,2.021404504776001,2.331101894378662,2.391369342803955
A10,1.199328064918518,1.315653920173645,1.0491431951522827,1.251951813697815,1.1964205503463745,1.1737630367279053,0.9392095804214478,0.6192705035209656,0.3779425024986267,0.0,0.38052478432655334,0.6193140745162964,0.9744371771812439,1.2519557476043701,1.5985841751098633,1.3982245922088623,1.450150728225708,1.1548850536346436,1.3144593238830566,1.309362530708313,1.233359932899475,1.1173464059829712,0.7523216009140015,0.6951508522033691,0.5424104928970337,0.6422843337059021,0.8477833867073059,1.1045771837234497,1.410880446434021,1.7015308141708374,1.980805516242981,2.0639002323150635,1.8979023694992065,1.8993308544158936,1.8337149620056152,1.6159358024597168,1.4712343215942383,1.1314597129821777,1.1225553750991821,1.0349820852279663,1.0630946159362793,1.2091498374938965,1.369901418685913,1.6536107063293457,1.8734909296035767,2.5318174362182617,2.5860540866851807,2.43326473236084,2.307175636291504,2.225193977355957,1.9520413875579834,1.7958793640136719,1.4921931028366089,1.5135213136672974,1.480157732963562,1.4784581661224365,1.6042784452438354,1.6924327611923218,1.9575669765472412,2.0880541801452637,2.915808916091919,2.9956789016723633,2.7911272048950195,2.7818892002105713,2.6160717010498047,2.410001754760742,2.179602861404419,1.8971397876739502,2.0162453651428223,1.9763606786727905,1.9982675313949585,2.1057064533233643,2.1595871448516846,2.4269862174987793,2.4671339988708496
A11,1.3980571031570435,1.589045763015747,1.3617948293685913,1.6008648872375488,1.5677329301834106,1.5197573900222778,1.253387451171875,0.9251704216003418,0.6104422211647034,0.38052478432655334,0.0,0.38440558314323425,0.6473018527030945,0.9778417348861694,1.2901830673217773,1.5165655612945557,1.6506391763687134,1.399531364440918,1.6191651821136475,1.6340705156326294,1.5744516849517822,1.4205199480056763,1.046464443206787,0.8593636751174927,0.6379849314689636,0.4973595440387726,0.6266027688980103,0.7787970900535583,1.1076234579086304,1.361252784729004,2.021303653717041,2.1663317680358887,2.0304388999938965,2.094892978668213,2.055041551589966,1.8709136247634888,1.698959231376648,1.331946849822998,1.2148818969726562,1.0554461479187012,0.9566064476966858,1.0245864391326904,1.092072606086731,1.3634419441223145,1.5391687154769897,2.5073087215423584,2.614053964614868,2.504077434539795,2.4301884174346924,2.3792076110839844,2.1396639347076416,1.9657841920852661,1.6256794929504395,1.5604523420333862,1.4632879495620728,1.3780412673950195,1.4386413097381592,1.453842043876648,1.689967393875122,1.7757930755615234,2.835549831390381,2.9601683616638184,2.782278060913086,2.8219504356384277,2.6874122619628906,2.529431104660034,2.2958009243011475,1.9740426540374756,2.0235555171966553,1.9345866441726685,1.8993792533874512,1.9530291557312012,1.9598263502120972,2.1905767917633057,2.190882444381714
A12,1.4088770151138306,1.6512967348098755,1.4995156526565552,1.7774312496185303,1.775434136390686,1.7891722917556763,1.5522397756576538,1.2334977388381958,0.9372581839561462,0.6193140745162964,0.38440558314323425,0.0,0.39362195134162903,0.6331966519355774,0.9845937490463257,1.2885968685150146,1.4939721822738647,1.3217084407806396,1.6115102767944336,1.7105342149734497,1.7359497547149658,1.6402418613433838,1.2796926498413086,1.096717119216919,0.7737579941749573,0.6442903280258179,0.5256054401397705,0.6609822511672974,0.8794704079627991,1.1425894498825073,1.8601584434509277,2.0477588176727295,1.9796555042266846,2.0867693424224854,2.1189630031585693,1.9949568510055542,1.878610610961914,1.5106449127197266,1.3963701725006104,1.1499520540237427,1.0694077014923096,1.0064352750778198,1.0705608129501343,1.2438359260559082,1.41978919506073,2.4314985275268555,2.5676989555358887,2.499997138977051,2.4552900791168213,2.4635543823242188,2.2637898921966553,2.1418967247009277,1.791582465171814,1.730878472328186,1.5633913278579712,1.4994434118270874,1.4756109714508057,1.4989522695541382,1.65955650806427,1.7455092668533325,2.8819143772125244,3.029104471206665,2.893368721008301,2.9506399631500244,2.8604822158813477,2.712754726409912,2.5189895629882812,2.1881444454193115,2.231581211090088,2.0886168479919434,2.07244610786438,2.0680956840515137,2.093832015991211,2.2736997604370117,2.2724010944366455
A13,1.665858507156372,1.9530000686645508,1.8293923139572144,2.1284472942352295,2.1470155715942383,2.1454529762268066,1.8940978050231934,1.5635275840759277,1.2533371448516846,0.9744371771812439,0.6473018527030945,0.39362195134162903,0.0,0.38869598507881165,0.6440907716751099,1.5511562824249268,1.807814121246338,1.676789402961731,1.9871153831481934,2.0933263301849365,2.1182804107666016,1.9996652603149414,1.6349782943725586,1.405871868133545,1.093635082244873,0.8542704582214355,0.6384826898574829,0.5175243616104126,0.6646436452865601,0.8208770155906677,2.040627956390381,2.2779929637908936,2.241765260696411,2.3923227787017822,2.4414498805999756,2.3376266956329346,2.2034049034118652,1.828566312789917,1.6558356285095215,1.3830300569534302,1.2124345302581787,1.0591866970062256,0.9848681092262268,1.080998420715332,1.162903070449829,2.541208505630493,2.725720167160034,2.7004523277282715,2.7005770206451416,2.733243703842163,2.560271978378296,2.426375150680542,2.061441659927368,1.941824197769165,1.7332284450531006,1.6006194353103638,1.5028890371322632,1.4373167753219604,1.5301179885864258,1.543022632598877,2.9362523555755615,3.1257410049438477,3.0196592807769775,3.1197848320007324,3.057504653930664,2.9502625465393066,2.755323648452759,2.4030873775482178,2.3898537158966064,2.210038900375366,2.141204357147217,2.079200267791748,2.051996946334839,2.1749019622802734,2.12064528465271
A14,1.829223394393921,2.1299469470977783,2.053170919418335,2.3602027893066406,2.3834826946258545,2.4177730083465576,2.180772066116333,1.866376280784607,1.5575546026229858,1.2519557476043701,0.9778417348861694,0.6331966519355774,0.38869598507881165,0.0,0.39426320791244507,1.4353047609329224,1.7475309371948242,1.6960067749023438,2.0456786155700684,2.2068042755126953,2.2946619987487793,2.2155163288116455,1.8692538738250732,1.6451399326324463,1.2941863536834717,1.0962638854980469,0.7749296426773071,0.6580294966697693,0.5603459477424622,0.6957117319107056,1.9096553325653076,2.184213876724243,2.214019775390625,2.4030330181121826,2.512672185897827,2.4645442962646484,2.375624656677246,2.0106313228607178,1.8451076745986938,1.5252116918563843,1.3881607055664062,1.1486756801605225,1.090126872062683,1.0557352304458618,1.1365665197372437,2.461437702178955,2.6715946197509766,2.689546585083008,2.719980239868164,2.8062427043914795,2.6744062900543213,2.5868372917175293,2.2227861881256104,2.1115756034851074,1.8552427291870117,1.753763198852539,1.591746211051941,1.5501124858856201,1.5604759454727173,1.5848709344863892,2.967085123062134,3.1726951599121094,3.1086833477020264,3.222193479537964,3.202164888381958,3.105708360671997,2.9501454830169678,2.5968406200408936,2.582385778427124,2.3615365028381348,2.319031238555908,2.2111504077911377,2.2134294509887695,2.2881100177764893,2.246795654296875
A15,2.093224287033081,2.422966241836548,2.370058298110962,2.694716691970825,2.7408957481384277,2.76955246925354,2.528498888015747,2.2002060413360596,1.892049789428711,1.5985841751098633,1.2901830673217773,0.9845937490463257,0.6440907716751099,0.39426320791244507,0.0,1.7821093797683716,2.110896587371826,2.0824971199035645,2.435784339904785,2.600989818572998,2.6830105781555176,2.591463327407837,2.23882794380188,1.9984564781188965,1.6607730388641357,1.4206626415252686,1.103878378868103,0.8708962798118591,0.6859309077262878,0.581933319568634,2.2076938152313232,2.5084238052368164,2.5603995323181152,2.7704951763153076,2.887644052505493,2.8461599349975586,2.745046377182007,2.376807689666748,2.184018850326538,1.8628478050231934,1.6794867515563965,1.409157395362854,1.255678415298462,1.1397861242294312,1.0915974378585815,2.69791316986084,2.941441774368286,2.9908194541931152,3.050610065460205,3.150547981262207,3.033313751220703,2.9360806941986084,2.5665981769561768,2.422302722930908,2.150589942932129,2.0055997371673584,1.8013437986373901,1.6898467540740967,1.6315985918045044,1.5750972032546997,3.152575969696045,3.3899495601654053,3.350149631500244,3.4942398071289062,3.4926095008850098,3.423593044281006,3.26491641998291,2.901181697845459,2.8494319915771484,2.6098134517669678,2.527445077896118,2.379021644592285,2.3347768783569336,2.3539185523986816,2.2604265213012695
B1,1.7160156965255737,1.8134084939956665,1.775579810142517,1.9437230825424194,1.8898918628692627,2.0561439990997314,1.9537606239318848,1.8146123886108398,1.6567023992538452,1.3982245922088623,1.5165655612945557,1.2885968685150146,1.5511562824249268,1.4353047609329224,1.7821093797683716,0.0,0.3739006221294403,0.593775749206543,0.9438732862472534,1.2709760665893555,1.572251319885254,1.719473958015442,1.5575621128082275,1.5609713792800903,1.2758655548095703,1.4841878414154053,1.3368749618530273,1.6441600322723389,1.630366563796997,1.9630584716796875,1.136799693107605,1.220687985420227,1.3174628019332886,1.397509217262268,1.6282494068145752,1.6884323358535767,1.827576756477356,1.6103334426879883,1.699236512184143,1.4577372074127197,1.6731035709381104,1.5936874151229858,1.877648949623108,1.9264521598815918,2.226877450942993,2.0973780155181885,2.137603998184204,2.0805065631866455,1.9945127964019775,2.119166612625122,2.012012481689453,2.112671375274658,1.8726431131362915,2.0007781982421875,1.8282901048660278,2.011580467224121,1.9855817556381226,2.218501091003418,2.318152904510498,2.546807050704956,2.9971888065338135,3.0642249584198,2.9823038578033447,2.9586985111236572,2.9318020343780518,2.7229976654052734,2.6803619861602783,2.44205379486084,2.6096532344818115,2.4543259143829346,2.6247897148132324,2.6262922286987305,2.8233120441436768,2.992964744567871,3.1199839115142822
B2,1.6939611434936523,1.7104182243347168,1.6632829904556274,1.767824649810791,1.6873832941055298,1.8796528577804565,1.827399730682373,1.7485322952270508,1.6579113006591797,1.450150728225708,1.6506391763687134,1.4939721822738647,1.807814121246338,1.7475309371948242,2.110896587371826,0.3739006221294403,0.0,0.3830397427082062,0.6348946690559387,1.0006402730941772,1.340856909751892,1.5537315607070923,1.4616183042526245,1.5489581823349,1.3352773189544678,1.616132140159607,1.5498064756393433,1.8946162462234497,1.932800054550171,2.281733512878418,1.2352217435836792,1.2039326429367065,1.2459518909454346,1.2272671461105347,1.4380677938461304,1.4867212772369385,1.6776764392852783,1.5206226110458374,1.6900371313095093,1.5197664499282837,1.7923866510391235,1.7851197719573975,2.102912664413452,2.198150396347046,2.5164577960968018,2.186518430709839,2.1626334190368652,2.052691698074341,1.9064868688583374,1.994468092918396,1.8633183240890503,1.9925508499145508,1.8049861192703247,1.9985296726226807,1.8876335620880127,2.115143299102783,2.148125171661377,2.4116017818450928,2.552342414855957,2.8006091117858887,3.0818724632263184,3.105044364929199,2.994448184967041,2.9256436824798584,2.86902117729187,2.6224875450134277,2.588820695877075,2.3937807083129883,2.6097044944763184,2.5003840923309326,2.7032859325408936,2.7512807846069336,2.9693477153778076,3.173811197280884,3.322587490081787
B3,1.562696099281311,1.5513073205947876,1.4253718852996826,1.5014573335647583,1.371767520904541,1.5264629125595093,1.453871726989746,1.394690752029419,1.3136968612670898,1.1548850536346436,1.399531364440918,1.3217084407806396,1.676789402961731,1.6960067749023438,2.0824971199035645,0.593775749206543,0.3830397427082062,0.0,0.381677508354187,0.6846667528152466,0.9869239926338196,1.1770210266113281,1.0809276103973389,1.1939873695373535,1.0248037576675415,1.3475980758666992,1.3611162900924683,1.7335373163223267,1.8440485000610352,2.2094950675964355,1.2884284257888794,1.2400100231170654,1.1653742790222168,1.103314757347107,1.2203630208969116,1.1911976337432861,1.341376781463623,1.1690961122512817,1.3629406690597534,1.2388010025024414,1.5280394554138184,1.588822364807129,1.9194388389587402,2.076219081878662,2.402306318283081,2.134695053100586,2.097006320953369,1.9414219856262207,1.7650301456451416,1.7887548208236694,1.6028813123703003,1.6858314275741577,1.4912755489349365,1.69695246219635,1.63015878200531,1.8559843301773071,1.9414713382720947,2.2059834003448486,2.395667314529419,2.6459169387817383,2.914454698562622,2.9259705543518066,2.7769219875335693,2.696908950805664,2.6014740467071533,2.341257095336914,2.2729570865631104,2.0777621269226074,2.3060717582702637,2.2307121753692627,2.4271490573883057,2.512678384780884,2.7226853370666504,2.9603052139282227,3.1107540130615234
B4,1.6376492977142334,1.5337395668029785,1.385100245475769,1.3637763261795044,1.183120608329773,1.3557302951812744,1.3516755104064941,1.3831757307052612,1.3923988342285156,1.3144593238830566,1.6191651821136475,1.6115102767944336,1.9871153831481934,2.0456786155700684,2.435784339904785,0.9438732862472534,0.6348946690559387,0.381677508354187,0.0,0.394610732793808,0.7463920712471008,1.0310158729553223,1.0499669313430786,1.2658764123916626,1.2053064107894897,1.566912293434143,1.6523783206939697,2.035069704055786,2.182044744491577,2.5519120693206787,1.5059622526168823,1.3680323362350464,1.228352427482605,1.0478930473327637,1.0917940139770508,1.0170701742172241,1.2211856842041016,1.1440296173095703,1.4257851839065552,1.3982939720153809,1.7209603786468506,1.8470886945724487,2.19156551361084,2.3833627700805664,2.7167890071868896,2.2902719974517822,2.1932156085968018,1.9851328134536743,1.7478100061416626,1.713011384010315,1.4918113946914673,1.5950981378555298,1.4764044284820557,1.7478816509246826,1.7574542760849,2.014439821243286,2.1561026573181152,2.4384584426879883,2.6617653369903564,2.92362904548645,3.0305848121643066,2.9972269535064697,2.8166310787200928,2.6891520023345947,2.5563971996307373,2.2569375038146973,2.193680763244629,2.055579423904419,2.3323137760162354,2.313656806945801,2.5359675884246826,2.6692564487457275,2.893287420272827,3.16176438331604,3.3298933506011963
B5,1.7890045642852783,1.647172451019287,1.417264461517334,1.3181967735290527,1.0363489389419556,1.1238386631011963,1.1091716289520264,1.2349330186843872,1.276155948638916,1.309362530708313,1.6340705156326294,1.7105342149734497,2.0933263301849365,2.2068042755126953,2.600989818572998,1.2709760665893555,1.0006402730941772,0.6846667528152466,0.394610732793808,0.0,0.3878974914550781,0.6950708031654358,0.8257845640182495,1.0931037664413452,1.1509110927581787,1.5287449359893799,1.694693922996521,2.0819668769836426,2.2784812450408936,2.654414653778076,1.6239253282546997,1.454021692276001,1.2146481275558472,0.9738359451293945,0.8738290071487427,0.6914950609207153,0.8822102546691895,0.8766275644302368,1.2163724899291992,1.2888416051864624,1.6274477243423462,1.8266098499298096,2.1788880825042725,2.416936159133911,2.756992816925049,2.2589292526245117,2.1288301944732666,1.8716367483139038,1.5965545177459717,1.4808343648910522,1.204930305480957,1.2769513130187988,1.207252025604248,1.5173022747039795,1.6030722856521606,1.8730173110961914,2.074963092803955,2.3669674396514893,2.6309282779693604,2.9025814533233643,2.8759257793426514,2.811870813369751,2.5931642055511475,2.4373621940612793,2.263263702392578,1.942030668258667,1.8614314794540405,1.7582337856292725,2.0643467903137207,2.0987112522125244,2.3321690559387207,2.5122618675231934,2.7422122955322266,3.0418357849121094,3.226658344268799
B6,1.787752389907837,1.6209312677383423,1.3225229978561401,1.1675457954406738,0.8143001794815063,0.8001962304115295,0.7812973260879517,0.9929522275924683,1.098241925239563,1.233359932899475,1.5744516849517822,1.7359497547149658,2.1182804107666016,2.2946619987487793,2.6830105781555176,1.572251319885254,1.340856909751892,0.9869239926338196,0.7463920712471008,0.3878974914550781,0.0,0.3727905750274658,0.6071945428848267,0.9457560777664185,1.1178081035614014,1.4803417921066284,1.724056601524353,2.0940608978271484,2.3458051681518555,2.7105746269226074,1.8930349349975586,1.7409801483154297,1.4522556066513062,1.2148995399475098,0.9995970129966736,0.6798328161239624,0.7275430560112,0.7453401684761047,1.1059457063674927,1.2720011472702026,1.5777630805969238,1.8418099880218506,2.1698451042175293,2.4556002616882324,2.7795069217681885,2.4117090702056885,2.281841278076172,1.9989889860153198,1.7153624296188354,1.5208054780960083,1.1822254657745361,1.1525170803070068,1.1031652688980103,1.409361720085144,1.568638563156128,1.804500937461853,2.0592315196990967,2.32547926902771,2.6294734477996826,2.884355068206787,2.8752002716064453,2.8017470836639404,2.5416347980499268,2.3760576248168945,2.147524118423462,1.814382791519165,1.6727445125579834,1.5865029096603394,1.902586579322815,1.9959207773208618,2.203312873840332,2.428117513656616,2.63150954246521,2.961266279220581,3.13580322265625
B7,1.883256435394287,1.7575122117996216,1.41238272190094,1.2863564491271973,0.925308346748352,0.7626249194145203,0.5931446552276611,0.832457959651947,0.8889163732528687,1.1173464059829712,1.4205199480056763,1.6402418613433838,1.9996652603149414,2.2155163288116455,2.591463327407837,1.719473958015442,1.5537315607070923,1.1770210266113281,1.0310158729553223,0.6950708031654358,0.3727905750274658,0.0,0.3743497133255005,0.6810034513473511,0.9523743987083435,1.275730013847351,1.5731364488601685,1.9198715686798096,2.2063214778900146,2.560128927230835,1.933829426765442,1.8219637870788574,1.5028650760650635,1.319957971572876,1.057124376296997,0.6971228122711182,0.5423678159713745,0.498760461807251,0.8284879922866821,1.0640621185302734,1.3316352367401123,1.6421329975128174,1.9486638307571411,2.265819787979126,2.5781610012054443,2.327958583831787,2.2212255001068115,1.9386394023895264,1.6819735765457153,1.454432725906372,1.0940769910812378,0.9515128135681152,0.8611379861831665,1.1269967555999756,1.328076958656311,1.5276150703430176,1.8165910243988037,2.0625529289245605,2.3919308185577393,2.6371822357177734,2.6541364192962646,2.5920281410217285,2.311448574066162,2.16524338722229,1.9148343801498413,1.6022815704345703,1.4045151472091675,1.287371039390564,1.586182713508606,1.7029180526733398,1.8830511569976807,2.1300272941589355,2.3143742084503174,2.65956449508667,2.8299286365509033
B8,1.6529066562652588,1.594628930091858,1.2480429410934448,1.221067190170288,0.9365946650505066,0.7945296764373779,0.5189880132675171,0.5772984027862549,0.5318728685379028,0.7523216009140015,1.046464443206787,1.2796926498413086,1.6349782943725586,1.8692538738250732,2.23882794380188,1.5575621128082275,1.4616183042526245,1.0809276103973389,1.0499669313430786,0.8257845640182495,0.6071945428848267,0.3743497133255005,0.0,0.3825194835662842,0.6257107853889465,0.9371062517166138,1.244184136390686,1.5794624090194702,1.88075852394104,2.2233879566192627,1.866895079612732,1.826292872428894,1.547623634338379,1.4424535036087036,1.2522308826446533,0.9502328038215637,0.7700163125991821,0.5158467292785645,0.7139011025428772,0.8652822971343994,1.079268455505371,1.3737021684646606,1.6529006958007812,1.9747852087020874,2.2684578895568848,2.302774429321289,2.2557547092437744,2.0168440341949463,1.8117562532424927,1.6380358934402466,1.309066653251648,1.141284704208374,0.9276678562164307,1.0925649404525757,1.2191115617752075,1.3554836511611938,1.6125011444091797,1.8192845582962036,2.1430459022521973,2.3612253665924072,2.6352686882019043,2.6256754398345947,2.367180585861206,2.275660276412964,2.0547924041748047,1.78714919090271,1.5655629634857178,1.3631926774978638,1.5943865776062012,1.6550415754318237,1.781508445739746,1.9909976720809937,2.137284517288208,2.4677116870880127,2.6027212142944336
B9,1.8080707788467407,1.8236883878707886,1.4922776222229004,1.5337318181991577,1.2913262844085693,1.1329638957977295,0.8038985729217529,0.7492923736572266,0.4847342073917389,0.6951508522033691,0.8593636751174927,1.096717119216919,1.405871868133545,1.6451399326324463,1.9984564781188965,1.5609713792800903,1.5489581823349,1.1939873695373535,1.2658764123916626,1.0931037664413452,0.9457560777664185,0.6810034513473511,0.3825194835662842,0.0,0.3744910657405853,0.6110287308692932,0.9461464285850525,1.2618266344070435,1.5736632347106934,1.9111908674240112,1.7419713735580444,1.7647268772125244,1.5011171102523804,1.4849056005477905,1.3291229009628296,1.0912256240844727,0.8560026288032532,0.49707579612731934,0.4563733637332916,0.5511947274208069,0.7036006450653076,1.016839623451233,1.2850899696350098,1.6192829608917236,1.9115880727767944,2.0881688594818115,2.0911576747894287,1.8901466131210327,1.7464094161987305,1.6097257137298584,1.326514482498169,1.122593879699707,0.8138275742530823,0.8522329926490784,0.9171794056892395,0.9983993768692017,1.245386004447937,1.4375513792037964,1.7652093172073364,1.9823170900344849,2.358024835586548,2.388946533203125,2.1500537395477295,2.1114044189453125,1.9259552955627441,1.7164373397827148,1.4882755279541016,1.209813117980957,1.3673386573791504,1.3710789680480957,1.46243155002594,1.6416512727737427,1.7763450145721436,2.096160411834717,2.227438449859619
B10,1.675290584564209,1.7554701566696167,1.4784719944000244,1.6002249717712402,1.4261144399642944,1.351301670074463,1.0583006143569946,0.8959627151489258,0.5652267932891846,0.5424104928970337,0.6379849314689636,0.7737579941749573,1.093635082244873,1.2941863536834717,1.6607730388641357,1.2758655548095703,1.3352773189544678,1.0248037576675415,1.2053064107894897,1.1509110927581787,1.1178081035614014,0.9523743987083435,0.6257107853889465,0.3744910657405853,0.0,0.3778837323188782,0.6228407025337219,0.9793718457221985,1.2584199905395508,1.610701560974121,1.5473523139953613,1.6308798789978027,1.4380322694778442,1.4856747388839722,1.4277729988098145,1.266273021697998,1.1117757558822632,0.7392151355743408,0.6547334790229797,0.4992888569831848,0.6204026341438293,0.8093788027763367,1.0870742797851562,1.3777706623077393,1.676084280014038,2.0041377544403076,2.054720401763916,1.9059607982635498,1.8038370609283447,1.7458139657974243,1.5125871896743774,1.3723487854003906,1.032425045967102,1.0347034931182861,0.9601949453353882,1.0206800699234009,1.160570740699768,1.3416258096694946,1.617285132408142,1.8271788358688354,2.3991596698760986,2.471947431564331,2.2821834087371826,2.280219078063965,2.1504039764404297,1.9661071300506592,1.7774461507797241,1.4725311994552612,1.5888261795043945,1.507328748703003,1.5851268768310547,1.6841623783111572,1.8120695352554321,2.082502603530884,2.1924591064453125
B11,1.8089613914489746,1.9491136074066162,1.6849335432052612,1.8511039018630981,1.7149343490600586,1.6132997274398804,1.2933648824691772,1.0747700929641724,0.6892977952957153,0.6422843337059021,0.4973595440387726,0.6442903280258179,0.8542704582214355,1.0962638854980469,1.4206626415252686,1.4841878414154053,1.616132140159607,1.3475980758666992,1.566912293434143,1.5287449359893799,1.4803417921066284,1.275730013847351,0.9371062517166138,0.6110287308692932,0.3778837323188782,0.0,0.38339048624038696,0.6525189876556396,0.9848766326904297,1.3053761720657349,1.694737434387207,1.8430436849594116,1.6803306341171265,1.784523844718933,1.7390719652175903,1.5954128503799438,1.4003055095672607,1.0242271423339844,0.8109571933746338,0.5980676412582397,0.4631253182888031,0.5870716571807861,0.7628527879714966,1.082018256187439,1.3432252407073975,2.051767110824585,2.1610829830169678,2.0565176010131836,2.0107035636901855,1.972415566444397,1.7690703868865967,1.592747688293457,1.2282229661941528,1.1120209693908691,0.9739648103713989,0.89515620470047,0.9705281853675842,1.0581697225570679,1.3290501832962036,1.4950549602508545,2.341153383255005,2.4640560150146484,2.294830799102783,2.3480143547058105,2.241250514984131,2.1123862266540527,1.9051082134246826,1.5607616901397705,1.5884888172149658,1.4621649980545044,1.4560229778289795,1.5034773349761963,1.5686625242233276,1.8130927085876465,1.8799455165863037
B12,1.8763889074325562,2.0674591064453125,1.861679196357727,2.0726406574249268,1.9740681648254395,1.923876404762268,1.6288621425628662,1.3883861303329468,1.0177652835845947,0.8477833867073059,0.6266027688980103,0.5256054401397705,0.6384826898574829,0.7749296426773071,1.103878378868103,1.3368749618530273,1.5498064756393433,1.3611162900924683,1.6523783206939697,1.694693922996521,1.724056601524353,1.5731364488601685,1.244184136390686,0.9461464285850525,0.6228407025337219,0.38339048624038696,0.0,0.3914978802204132,0.6365808248519897,0.990597128868103,1.5475890636444092,1.7618045806884766,1.6776577234268188,1.8436123132705688,1.8774440288543701,1.801445484161377,1.6606661081314087,1.2916475534439087,1.080585241317749,0.766757071018219,0.6257793307304382,0.4836992919445038,0.623661994934082,0.830751359462738,1.1026546955108643,1.9635505676269531,2.122974395751953,2.0780060291290283,2.0798697471618652,2.11214017868042,1.9606976509094238,1.8366445302963257,1.46612548828125,1.3398468494415283,1.1077289581298828,1.0277241468429565,0.9611537456512451,1.0285471677780151,1.197343349456787,1.355547308921814,2.3629274368286133,2.5240120887756348,2.4095215797424316,2.4956142902374268,2.4447312355041504,2.3411078453063965,2.1758203506469727,1.8225109577178955,1.8239001035690308,1.6291028261184692,1.6235445737838745,1.5851305723190308,1.6523897647857666,1.8244032859802246,1.876058578491211
B13,2.063131332397461,2.298750162124634,2.110783338546753,2.351658821105957,2.284205436706543,2.219435453414917,1.9142496585845947,1.643754005432129,1.2707828283309937,1.1045771837234497,0.7787970900535583,0.6609822511672974,0.5175243616104126,0.6580294966697693,0.8708962798118591,1.6441600322723389,1.8946162462234497,1.7335373163223267,2.035069704055786,2.0819668769836426,2.0940608978271484,1.9198715686798096,1.5794624090194702,1.2618266344070435,0.9793718457221985,0.6525189876556396,0.3914978802204132,0.0,0.38962146639823914,0.6553281545639038,1.8215354681015015,2.0756170749664307,2.0161921977996826,2.2091379165649414,2.245443344116211,2.1713855266571045,2.00508975982666,1.6356221437454224,1.3796846866607666,1.0824469327926636,0.8308007717132568,0.6058409214019775,0.4689258635044098,0.6122000813484192,0.7776165008544922,2.1434028148651123,2.3503212928771973,2.3438799381256104,2.3859405517578125,2.428933620452881,2.2945234775543213,2.1467573642730713,1.7718088626861572,1.5845335721969604,1.3332223892211914,1.154155969619751,1.0069453716278076,0.9272114634513855,1.0256108045578003,1.0874178409576416,2.4397995471954346,2.6465542316436768,2.556798219680786,2.6881628036499023,2.6566123962402344,2.595579147338867,2.4177794456481934,2.0480868816375732,1.984405279159546,1.763349175453186,1.680882215499878,1.581856369972229,1.5689750909805298,1.6813751459121704,1.6640570163726807
