0.000000000000000000e+00,3.914320468902587891e-01,5.858390331268310547e-01,7.347260713577270508e-01,1.118983507156372070e+00,1.370568513870239258e+00,1.531430482864379883e+00,1.303735494613647461e+00,1.214702725410461426e+00,9.093780517578125000e-01,1.059893250465393066e+00,9.327257275581359863e-01,1.271082282066345215e+00,1.360167026519775391e+00,1.737031579017639160e+00,5.442909002304077148e-01,6.971461176872253418e-01,7.540726661682128906e-01,8.517127037048339844e-01,1.107831478118896484e+00,1.480280518531799316e+00,1.599569320678710938e+00,1.302284240722656250e+00,1.255334615707397461e+00,9.773237705230712891e-01,1.149520158767700195e+00,1.082513809204101562e+00,1.396497964859008789e+00,1.543401241302490234e+00,1.866418123245239258e+00,1.038092136383056641e+00,1.164492845535278320e+00,1.209123849868774414e+00,1.269072890281677246e+00,1.482239365577697754e+00,1.809377074241638184e+00,1.797129511833190918e+00,1.469723701477050781e+00,1.476602792739868164e+00,1.265699982643127441e+00,1.417542934417724609e+00,1.394725441932678223e+00,1.655803680419921875e+00,1.822684645652770996e+00,2.090287685394287109e+00,1.525791645050048828e+00,1.643995761871337891e+00,1.688318729400634766e+00,1.726238131523132324e+00,1.907625675201416016e+00,2.176272869110107422e+00,2.106974124908447266e+00,1.778707146644592285e+00,1.816669940948486328e+00,1.658511877059936523e+00,1.785192012786865234e+00,1.781994223594665527e+00,1.991384744644165039e+00,2.168181657791137695e+00,2.382608175277709961e+00,2.008336782455444336e+00,2.124926805496215820e+00,2.182999849319458008e+00,2.199570417404174805e+00,2.367115497589111328e+00,2.551088571548461914e+00,2.494640111923217773e+00,2.170110225677490234e+00,2.223577499389648438e+00,2.094056129455566406e+00,2.201153755187988281e+00,2.219670534133911133e+00,2.384846448898315430e+00,2.561425447463989258e+00,2.718769550323486328e+00
3.914320468902587891e-01,0.000000000000000000e+00,3.899562060832977295e-01,7.332737445831298828e-01,1.046796441078186035e+00,1.314746022224426270e+00,1.565708398818969727e+00,1.409004211425781250e+00,1.420345187187194824e+00,1.177625656127929688e+00,1.398546099662780762e+00,1.313731789588928223e+00,1.658648014068603516e+00,1.744114875793457031e+00,2.116175174713134766e+00,7.080408334732055664e-01,6.319646835327148438e-01,6.628280878067016602e-01,8.806737661361694336e-01,1.053250193595886230e+00,1.438817381858825684e+00,1.623854279518127441e+00,1.397703528404235840e+00,1.449900865554809570e+00,1.239621281623840332e+00,1.477416872978210449e+00,1.450170040130615234e+00,1.779034495353698730e+00,1.925927042961120605e+00,2.254274129867553711e+00,1.164443850517272949e+00,1.160885572433471680e+00,1.172941207885742188e+00,1.295115351676940918e+00,1.434835910797119141e+00,1.787003159523010254e+00,1.821683526039123535e+00,1.554567933082580566e+00,1.649058341979980469e+00,1.491071939468383789e+00,1.708178639411926270e+00,1.720531940460205078e+00,2.010345697402954102e+00,2.184840440750122070e+00,2.468043804168701172e+00,1.641933798789978027e+00,1.670867919921875000e+00,1.683014392852783203e+00,1.756583452224731445e+00,1.877271771430969238e+00,2.163414001464843750e+00,2.138804197311401367e+00,1.857519626617431641e+00,1.969747543334960938e+00,1.852404475212097168e+00,2.038470268249511719e+00,2.068774938583374023e+00,2.313228130340576172e+00,2.504857778549194336e+00,2.741220235824584961e+00,2.121660709381103516e+00,2.170283317565917969e+00,2.198030471801757812e+00,2.233947277069091797e+00,2.349564313888549805e+00,2.545870780944824219e+00,2.532942533493041992e+00,2.247106790542602539e+00,2.362110137939453125e+00,2.266759395599365234e+00,2.425975799560546875e+00,2.476549625396728516e+00,2.676673889160156250e+00,2.874253273010253906e+00,3.056061267852783203e+00
5.858390331268310547e-01,3.899562060832977295e-01,0.000000000000000000e+00,4.012573659420013428e-01,6.616051197052001953e-01,9.428589344024658203e-01,1.212523102760314941e+00,1.091794610023498535e+00,1.185234069824218750e+00,1.024529457092285156e+00,1.326305627822875977e+00,1.348393321037292480e+00,1.721824049949645996e+00,1.884940147399902344e+00,2.256275653839111328e+00,9.165335893630981445e-01,8.339287042617797852e-01,6.619270443916320801e-01,7.370436787605285645e-01,7.786728739738464355e-01,1.165556550025939941e+00,1.317622661590576172e+00,1.115397214889526367e+00,1.251905560493469238e+00,1.131789684295654297e+00,1.428042888641357422e+00,1.499428033828735352e+00,1.839806795120239258e+00,2.053931951522827148e+00,2.375425815582275391e+00,1.325383663177490234e+00,1.317504644393920898e+00,1.213198423385620117e+00,1.233205676078796387e+00,1.287508726119995117e+00,1.596829295158386230e+00,1.579712867736816406e+00,1.340832471847534180e+00,1.499904751777648926e+00,1.425542235374450684e+00,1.677391290664672852e+00,1.770897030830383301e+00,2.063020467758178711e+00,2.294019699096679688e+00,2.568408727645874023e+00,1.775898814201354980e+00,1.806280851364135742e+00,1.737755894660949707e+00,1.731906175613403320e+00,1.791278123855590820e+00,2.023180007934570312e+00,1.956776976585388184e+00,1.705159187316894531e+00,1.860662698745727539e+00,1.813356995582580566e+00,2.018832445144653320e+00,2.114274024963378906e+00,2.355299949645996094e+00,2.593645095825195312e+00,2.819471120834350586e+00,2.234652519226074219e+00,2.289871931076049805e+00,2.257002353668212891e+00,2.227474212646484375e+00,2.299622058868408203e+00,2.441339969635009766e+00,2.394968748092651367e+00,2.136671543121337891e+00,2.283748865127563477e+00,2.245631217956542969e+00,2.412277698516845703e+00,2.515284061431884766e+00,2.705404996871948242e+00,2.941002607345581055e+00,3.109544277191162109e+00
7.347260713577270508e-01,7.332737445831298828e-01,4.012573659420013428e-01,0.000000000000000000e+00,3.929336667060852051e-01,6.730248332023620605e-01,8.558850288391113281e-01,6.923933625221252441e-01,8.112412095069885254e-01,7.192728519439697266e-01,1.070794582366943359e+00,1.194905996322631836e+00,1.572633266448974609e+00,1.807556748390197754e+00,2.166658878326416016e+00,1.061186075210571289e+00,1.075484752655029297e+00,8.270843029022216797e-01,6.846778988838195801e-01,6.545147895812988281e-01,1.005965232849121094e+00,1.043399095535278320e+00,7.902195453643798828e-01,9.483054876327514648e-01,8.965582847595214844e-01,1.205652594566345215e+00,1.360535860061645508e+00,1.686686038970947266e+00,1.958953619003295898e+00,2.260074377059936523e+00,1.429977178573608398e+00,1.490184187889099121e+00,1.330828905105590820e+00,1.225138902664184570e+00,1.258248090744018555e+00,1.494809031486511230e+00,1.381345987319946289e+00,1.121287226676940918e+00,1.276657462120056152e+00,1.258261322975158691e+00,1.493237972259521484e+00,1.645316958427429199e+00,1.911448717117309570e+00,2.185920000076293945e+00,2.435226440429687500e+00,1.851549625396728516e+00,1.936311841011047363e+00,1.830035567283630371e+00,1.735962152481079102e+00,1.786620736122131348e+00,1.951976299285888672e+00,1.809961795806884766e+00,1.552990078926086426e+00,1.690913319587707520e+00,1.685105681419372559e+00,1.863388657569885254e+00,1.998013377189636230e+00,2.207163572311401367e+00,2.475494146347045898e+00,2.672979354858398438e+00,2.286448478698730469e+00,2.389411211013793945e+00,2.330046653747558594e+00,2.234491348266601562e+00,2.306758880615234375e+00,2.390344381332397461e+00,2.280213594436645508e+00,2.020654916763305664e+00,2.149535894393920898e+00,2.141260623931884766e+00,2.275584459304809570e+00,2.404358625411987305e+00,2.558519124984741211e+00,2.812267065048217773e+00,2.949762344360351562e+00
1.118983507156372070e+00,1.046796441078186035e+00,6.616051197052001953e-01,3.929336667060852051e-01,0.000000000000000000e+00,3.991927206516265869e-01,6.441046595573425293e-01,6.207795143127441406e-01,9.102352857589721680e-01,9.641267657279968262e-01,1.337073922157287598e+00,1.525569677352905273e+00,1.893519759178161621e+00,2.159158468246459961e+00,2.505029439926147461e+00,1.419983744621276855e+00,1.378171086311340332e+00,1.072900056838989258e+00,8.974751234054565430e-01,6.779667139053344727e-01,9.350813031196594238e-01,9.258905053138732910e-01,7.866548895835876465e-01,1.075093150138854980e+00,1.149371504783630371e+00,1.475728154182434082e+00,1.688837289810180664e+00,2.004745244979858398e+00,2.304025173187255859e+00,2.592721462249755859e+00,1.744797348976135254e+00,1.761303901672363281e+00,1.539174675941467285e+00,1.392537832260131836e+00,1.314975857734680176e+00,1.483917117118835449e+00,1.331908106803894043e+00,1.164401173591613770e+00,1.404575586318969727e+00,1.482534408569335938e+00,1.741039872169494629e+00,1.947383046150207520e+00,2.209232330322265625e+00,2.510848999023437500e+00,2.751196861267089844e+00,2.130384445190429688e+00,2.183549165725708008e+00,2.020143508911132812e+00,1.885655522346496582e+00,1.857601523399353027e+00,1.965338706970214844e+00,1.803923249244689941e+00,1.616840600967407227e+00,1.813323616981506348e+00,1.882723450660705566e+00,2.084091186523437500e+00,2.269246578216552734e+00,2.478006362915039062e+00,2.773887872695922852e+00,2.965060472488403320e+00,2.536320924758911133e+00,2.617264747619628906e+00,2.507424831390380859e+00,2.372755289077758789e+00,2.386029720306396484e+00,2.420608520507812500e+00,2.298740148544311523e+00,2.093690156936645508e+00,2.268040657043457031e+00,2.320673465728759766e+00,2.472676992416381836e+00,2.646902799606323242e+00,2.799821138381958008e+00,3.081044673919677734e+00,3.212852239608764648e+00
1.370568513870239258e+00,1.314746022224426270e+00,9.428589344024658203e-01,6.730248332023620605e-01,3.991927206516265869e-01,0.000000000000000000e+00,3.969449102878570557e-01,6.064661741256713867e-01,9.144137501716613770e-01,1.087520241737365723e+00,1.455767869949340820e+00,1.697568416595458984e+00,2.057701826095581055e+00,2.343353509902954102e+00,2.692553520202636719e+00,1.549494028091430664e+00,1.491995215415954590e+00,1.132237434387207031e+00,8.735443949699401855e-01,5.407147407531738281e-01,6.307401061058044434e-01,5.736898779869079590e-01,5.844560861587524414e-01,9.594213366508483887e-01,1.148352980613708496e+00,1.496538877487182617e+00,1.767989397048950195e+00,2.088858127593994141e+00,2.414669275283813477e+00,2.712278842926025391e+00,1.773781538009643555e+00,1.774547219276428223e+00,1.486418485641479492e+00,1.264020442962646484e+00,1.105929732322692871e+00,1.186943650245666504e+00,9.955664277076721191e-01,9.113067984580993652e-01,1.218201398849487305e+00,1.388596415519714355e+00,1.679109573364257812e+00,1.945345759391784668e+00,2.218898296356201172e+00,2.552232027053833008e+00,2.804733753204345703e+00,2.088369131088256836e+00,2.130994558334350586e+00,1.908815383911132812e+00,1.711712002754211426e+00,1.628395676612854004e+00,1.671153545379638672e+00,1.483084440231323242e+00,1.351445913314819336e+00,1.591064572334289551e+00,1.731748700141906738e+00,1.960909724235534668e+00,2.202293395996093750e+00,2.423931360244750977e+00,2.753555297851562500e+00,2.957341432571411133e+00,2.442173957824707031e+00,2.518341541290283203e+00,2.358646869659423828e+00,2.172013044357299805e+00,2.146674156188964844e+00,2.129953622817993164e+00,1.986103653907775879e+00,1.821735739707946777e+00,2.026876211166381836e+00,2.135621070861816406e+00,2.306917428970336914e+00,2.529883384704589844e+00,2.691747188568115234e+00,3.006806373596191406e+00,3.149845361709594727e+00
1.531430482864379883e+00,1.565708398818969727e+00,1.212523102760314941e+00,8.558850288391113281e-01,6.441046595573425293e-01,3.969449102878570557e-01,0.000000000000000000e+00,3.838852345943450928e-01,7.010918259620666504e-01,9.880684018135070801e-01,1.321146488189697266e+00,1.628194808959960938e+00,1.953725934028625488e+00,2.279241561889648438e+00,2.600255250930786133e+00,1.710923552513122559e+00,1.730919957160949707e+00,1.385567784309387207e+00,1.051301717758178711e+00,7.930325269699096680e-01,7.923147082328796387e-01,5.134006142616271973e-01,4.632512927055358887e-01,8.081709146499633789e-01,1.076433181762695312e+00,1.374508857727050781e+00,1.696054339408874512e+00,1.974021911621093750e+00,2.330013513565063477e+00,2.594593286514282227e+00,1.913546800613403320e+00,1.980379581451416016e+00,1.698843002319335938e+00,1.410744905471801758e+00,1.289272904396057129e+00,1.289785027503967285e+00,9.898612499237060547e-01,8.808212280273437500e-01,1.123022317886352539e+00,1.337309956550598145e+00,1.570780873298645020e+00,1.869513511657714844e+00,2.096379280090332031e+00,2.450648069381713867e+00,2.667559623718261719e+00,2.201707601547241211e+00,2.300677299499511719e+00,2.081211566925048828e+00,1.829781413078308105e+00,1.772164702415466309e+00,1.754146456718444824e+00,1.486859560012817383e+00,1.344504952430725098e+00,1.523255944252014160e+00,1.688701748847961426e+00,1.863158464431762695e+00,2.122815132141113281e+00,2.297084093093872070e+00,2.638216972351074219e+00,2.804948568344116211e+00,2.529509067535400391e+00,2.655863285064697266e+00,2.497813224792480469e+00,2.268548488616943359e+00,2.266502141952514648e+00,2.202427148818969727e+00,1.990388154983520508e+00,1.817866206169128418e+00,1.974043130874633789e+00,2.096294164657592773e+00,2.215648412704467773e+00,2.446300745010375977e+00,2.560795068740844727e+00,2.878248214721679688e+00,2.983255147933959961e+00
1.303735494613647461e+00,1.409004211425781250e+00,1.091794610023498535e+00,6.923933625221252441e-01,6.207795143127441406e-01,6.064661741256713867e-01,3.838852345943450928e-01,0.000000000000000000e+00,3.910833597183227539e-01,6.490645408630371094e-01,9.790830612182617188e-01,1.287768363952636719e+00,1.606280803680419922e+00,1.939279556274414062e+00,2.248718261718750000e+00,1.548360586166381836e+00,1.637645483016967773e+00,1.343586087226867676e+00,1.017982244491577148e+00,8.834044933319091797e-01,1.010817408561706543e+00,7.761305570602416992e-01,5.005634427070617676e-01,6.928246021270751953e-01,8.692392110824584961e-01,1.124124050140380859e+00,1.423287034034729004e+00,1.679838538169860840e+00,2.031563520431518555e+00,2.277737617492675781e+00,1.809657454490661621e+00,1.934390306472778320e+00,1.712523937225341797e+00,1.451457738876342773e+00,1.429872393608093262e+00,1.497385263442993164e+00,1.215271711349487305e+00,9.851863980293273926e-01,1.116217732429504395e+00,1.239752054214477539e+00,1.413139700889587402e+00,1.668719053268432617e+00,1.864983081817626953e+00,2.202043533325195312e+00,2.395574569702148438e+00,2.143022298812866211e+00,2.287572145462036133e+00,2.125267982482910156e+00,1.904658317565917969e+00,1.923247575759887695e+00,1.955418229103088379e+00,1.690272808074951172e+00,1.467968583106994629e+00,1.567923665046691895e+00,1.657930135726928711e+00,1.777480721473693848e+00,1.985455155372619629e+00,2.126964569091796875e+00,2.440992832183837891e+00,2.582348346710205078e+00,2.506117343902587891e+00,2.667692422866821289e+00,2.561680078506469727e+00,2.363857030868530273e+00,2.421108722686767578e+00,2.396887540817260742e+00,2.182048082351684570e+00,1.950137615203857422e+00,2.046200275421142578e+00,2.105805158615112305e+00,2.180695533752441406e+00,2.360221147537231445e+00,2.445987462997436523e+00,2.729546785354614258e+00,2.809715747833251953e+00
1.214702725410461426e+00,1.420345187187194824e+00,1.185234069824218750e+00,8.112412095069885254e-01,9.102352857589721680e-01,9.144137501716613770e-01,7.010918259620666504e-01,3.910833597183227539e-01,0.000000000000000000e+00,3.747471868991851807e-01,6.341919898986816406e-01,9.768536090850830078e-01,1.269969463348388672e+00,1.613445997238159180e+00,1.916211605072021484e+00,1.401516556739807129e+00,1.574349164962768555e+00,1.333168387413024902e+00,9.899189472198486328e-01,9.979125857353210449e-01,1.136005401611328125e+00,9.136301875114440918e-01,5.410222411155700684e-01,4.647327065467834473e-01,5.741842985153198242e-01,7.560909986495971680e-01,1.071638464927673340e+00,1.304942846298217773e+00,1.667561411857604980e+00,1.907063841819763184e+00,1.631986498832702637e+00,1.826747298240661621e+00,1.650156855583190918e+00,1.378509640693664551e+00,1.452014088630676270e+00,1.530685067176818848e+00,1.255069136619567871e+00,9.384036660194396973e-01,9.246897697448730469e-01,9.800101518630981445e-01,1.078951001167297363e+00,1.320060014724731445e+00,1.487261533737182617e+00,1.825639724731445312e+00,2.008725166320800781e+00,1.948011994361877441e+00,2.149507999420166016e+00,2.028331279754638672e+00,1.806216478347778320e+00,1.898080229759216309e+00,1.946266412734985352e+00,1.670275092124938965e+00,1.383948802947998047e+00,1.387332201004028320e+00,1.419686794281005859e+00,1.477256178855895996e+00,1.655011892318725586e+00,1.765471220016479492e+00,2.069434881210327148e+00,2.196918725967407227e+00,2.302279472351074219e+00,2.510260581970214844e+00,2.441964864730834961e+00,2.250794172286987305e+00,2.367002487182617188e+00,2.360084056854248047e+00,2.127089977264404297e+00,1.844900727272033691e+00,1.869384527206420898e+00,1.879929184913635254e+00,1.905375599861145020e+00,2.049557685852050781e+00,2.107207536697387695e+00,2.371647834777832031e+00,2.436833143234252930e+00
9.093780517578125000e-01,1.177625656127929688e+00,1.024529457092285156e+00,7.192728519439697266e-01,9.641267657279968262e-01,1.087520241737365723e+00,9.880684018135070801e-01,6.490645408630371094e-01,3.747471868991851807e-01,0.000000000000000000e+00,3.757695257663726807e-01,6.417748928070068359e-01,9.781533479690551758e-01,1.294943571090698242e+00,1.620361208915710449e+00,1.143794178962707520e+00,1.366993188858032227e+00,1.201511979103088379e+00,9.342049360275268555e-01,1.057062864303588867e+00,1.293158531188964844e+00,1.169677615165710449e+00,7.766314744949340820e-01,6.296964287757873535e-01,4.819219708442687988e-01,6.150275468826293945e-01,8.239820003509521484e-01,1.077292442321777344e+00,1.405574440956115723e+00,1.660890460014343262e+00,1.440440654754638672e+00,1.665283560752868652e+00,1.560555577278137207e+00,1.362529397010803223e+00,1.513331413269042969e+00,1.673474073410034180e+00,1.467521667480468750e+00,1.106609821319580078e+00,1.043377518653869629e+00,9.603537321090698242e-01,1.024591207504272461e+00,1.166922092437744141e+00,1.338025331497192383e+00,1.632078051567077637e+00,1.823598146438598633e+00,1.809972167015075684e+00,2.026557445526123047e+00,1.967779874801635742e+00,1.811193466186523438e+00,1.959354877471923828e+00,2.076922416687011719e+00,1.849472761154174805e+00,1.519457578659057617e+00,1.492121458053588867e+00,1.432336449623107910e+00,1.470405220985412598e+00,1.568960189819335938e+00,1.681387782096862793e+00,1.939959049224853516e+00,2.073233366012573242e+00,2.207226753234863281e+00,2.419738292694091797e+00,2.404424190521240234e+00,2.270655393600463867e+00,2.427476406097412109e+00,2.479593515396118164e+00,2.284934520721435547e+00,1.965795278549194336e+00,1.966659784317016602e+00,1.909428596496582031e+00,1.927455306053161621e+00,2.010076045989990234e+00,2.075172662734985352e+00,2.298208951950073242e+00,2.370571613311767578e+00
1.059893250465393066e+00,1.398546099662780762e+00,1.326305627822875977e+00,1.070794582366943359e+00,1.337073922157287598e+00,1.455767869949340820e+00,1.321146488189697266e+00,9.790830612182617188e-01,6.341919898986816406e-01,3.757695257663726807e-01,0.000000000000000000e+00,3.788116276264190674e-01,6.359078288078308105e-01,9.851061701774597168e-01,1.282689094543457031e+00,1.240224719047546387e+00,1.538198590278625488e+00,1.443821191787719727e+00,1.202320456504821777e+00,1.388004064559936523e+00,1.604732632637023926e+00,1.470400810241699219e+00,1.078548073768615723e+00,8.190032839775085449e-01,5.951210260391235352e-01,4.705044329166412354e-01,5.969351530075073242e-01,7.527369260787963867e-01,1.087425708770751953e+00,1.306848764419555664e+00,1.499909043312072754e+00,1.789402008056640625e+00,1.742760539054870605e+00,1.555656790733337402e+00,1.765650629997253418e+00,1.917709231376647949e+00,1.714287042617797852e+00,1.334685444831848145e+00,1.164443850517272949e+00,1.007747888565063477e+00,9.307061433792114258e-01,9.921328425407409668e-01,1.073849558830261230e+00,1.341399908065795898e+00,1.488893032073974609e+00,1.839281082153320312e+00,2.110198736190795898e+00,2.100956678390502930e+00,1.953442215919494629e+00,2.155892848968505859e+00,2.275588035583496094e+00,2.041580677032470703e+00,1.685648083686828613e+00,1.571073770523071289e+00,1.450930714607238770e+00,1.395119786262512207e+00,1.424951314926147461e+00,1.466503143310546875e+00,1.683898091316223145e+00,1.773029923439025879e+00,2.215824604034423828e+00,2.473464965820312500e+00,2.501086473464965820e+00,2.379247188568115234e+00,2.583698511123657227e+00,2.644198656082153320e+00,2.434348106384277344e+00,2.087891340255737305e+00,2.017851829528808594e+00,1.910269618034362793e+00,1.860408425331115723e+00,1.884000301361083984e+00,1.895895838737487793e+00,2.072651147842407227e+00,2.105952024459838867e+00
9.327257275581359863e-01,1.313731789588928223e+00,1.348393321037292480e+00,1.194905996322631836e+00,1.525569677352905273e+00,1.697568416595458984e+00,1.628194808959960938e+00,1.287768363952636719e+00,9.768536090850830078e-01,6.417748928070068359e-01,3.788116276264190674e-01,0.000000000000000000e+00,3.814189136028289795e-01,6.545002460479736328e-01,9.957983493804931641e-01,1.105537295341491699e+00,1.446654677391052246e+00,1.448518872261047363e+00,1.300487279891967773e+00,1.555081725120544434e+00,1.819176912307739258e+00,1.750967621803283691e+00,1.362299084663391113e+00,1.103151559829711914e+00,7.871440649032592773e-01,6.211861968040466309e-01,4.875056445598602295e-01,6.132624745368957520e-01,8.467820882797241211e-01,1.085964679718017578e+00,1.397037506103515625e+00,1.709285378456115723e+00,1.743959188461303711e+00,1.635623812675476074e+00,1.899014949798583984e+00,2.105279445648193359e+00,1.959574460983276367e+00,1.568148612976074219e+00,1.381785988807678223e+00,1.136910915374755859e+00,1.031755685806274414e+00,9.534534215927124023e-01,1.019781827926635742e+00,1.194502353668212891e+00,1.347337007522583008e+00,1.762476921081542969e+00,2.042573213577270508e+00,2.100283622741699219e+00,2.020386219024658203e+00,2.266464710235595703e+00,2.439879655838012695e+00,2.251987695693969727e+00,1.876177430152893066e+00,1.744630575180053711e+00,1.552317619323730469e+00,1.481098890304565430e+00,1.419207692146301270e+00,1.458305120468139648e+00,1.603428959846496582e+00,1.697844743728637695e+00,2.162460565567016602e+00,2.419712781906127930e+00,2.502149105072021484e+00,2.439076900482177734e+00,2.676776885986328125e+00,2.788094282150268555e+00,2.616243839263916016e+00,2.248744726181030273e+00,2.161164045333862305e+00,1.995545268058776855e+00,1.941254496574401855e+00,1.898713707923889160e+00,1.919329524040222168e+00,2.041204452514648438e+00,2.084652185440063477e+00
1.271082282066345215e+00,1.658648014068603516e+00,1.721824049949645996e+00,1.572633266448974609e+00,1.893519759178161621e+00,2.057701826095581055e+00,1.953725934028625488e+00,1.606280803680419922e+00,1.269969463348388672e+00,9.781533479690551758e-01,6.359078288078308105e-01,3.814189136028289795e-01,0.000000000000000000e+00,3.823376893997192383e-01,6.474819183349609375e-01,1.397918939590454102e+00,1.762525439262390137e+00,1.799909114837646484e+00,1.657061934471130371e+00,1.921760201454162598e+00,2.165436267852783203e+00,2.075272798538208008e+00,1.688040614128112793e+00,1.390437364578247070e+00,1.091410994529724121e+00,8.212539553642272949e-01,6.096921563148498535e-01,4.774633049964904785e-01,6.195261478424072266e-01,7.544076442718505859e-01,1.634974479675292969e+00,1.978672385215759277e+00,2.048387289047241211e+00,1.942128062248229980e+00,2.227441549301147461e+00,2.416105270385742188e+00,2.262256622314453125e+00,1.869949936866760254e+00,1.631689906120300293e+00,1.371048331260681152e+00,1.169376969337463379e+00,1.013693928718566895e+00,9.408159852027893066e-01,1.027855038642883301e+00,1.085950374603271484e+00,1.949988365173339844e+00,2.264531850814819336e+00,2.356709480285644531e+00,2.279906988143920898e+00,2.554436922073364258e+00,2.718629837036132812e+00,2.521542787551879883e+00,2.139919042587280273e+00,1.952886700630187988e+00,1.731860756874084473e+00,1.582539916038513184e+00,1.454921007156372070e+00,1.402855515480041504e+00,1.473123431205749512e+00,1.493937849998474121e+00,2.311676263809204102e+00,2.602092027664184570e+00,2.717083454132080078e+00,2.660830736160278320e+00,2.928717851638793945e+00,3.038592576980590820e+00,2.852215290069580078e+00,2.474358797073364258e+00,2.333742618560791016e+00,2.136205673217773438e+00,2.019870758056640625e+00,1.919803738594055176e+00,1.877269268035888672e+00,1.933572411537170410e+00,1.921673774719238281e+00
1.360167026519775391e+00,1.744114875793457031e+00,1.884940147399902344e+00,1.807556748390197754e+00,2.159158468246459961e+00,2.343353509902954102e+00,2.279241561889648438e+00,1.939279556274414062e+00,1.613445997238159180e+00,1.294943571090698242e+00,9.851061701774597168e-01,6.545002460479736328e-01,3.823376893997192383e-01,0.000000000000000000e+00,3.933520317077636719e-01,1.431342959403991699e+00,1.806253790855407715e+00,1.920235991477966309e+00,1.845704793930053711e+00,2.150982856750488281e+00,2.414469480514526367e+00,2.369818210601806641e+00,1.989488601684570312e+00,1.690054297447204590e+00,1.355757832527160645e+00,1.092693686485290527e+00,7.782162427902221680e-01,6.083127856254577637e-01,4.873474538326263428e-01,5.941376686096191406e-01,1.646300554275512695e+00,1.996153473854064941e+00,2.134154558181762695e+00,2.089537143707275391e+00,2.409779548645019531e+00,2.630171537399291992e+00,2.521535396575927734e+00,2.127123594284057617e+00,1.878345251083374023e+00,1.571195602416992188e+00,1.361196279525756836e+00,1.110583543777465820e+00,1.016785144805908203e+00,9.637954235076904297e-01,1.007923603057861328e+00,1.945681810379028320e+00,2.262431144714355469e+00,2.414064884185791016e+00,2.393559932708740234e+00,2.700792551040649414e+00,2.902102947235107422e+00,2.743683576583862305e+00,2.353458404541015625e+00,2.152593851089477539e+00,1.882810115814208984e+00,1.723136544227600098e+00,1.519793987274169922e+00,1.461403965950012207e+00,1.441101312637329102e+00,1.461574673652648926e+00,2.300980806350708008e+00,2.588681697845458984e+00,2.754142522811889648e+00,2.749582767486572266e+00,3.044928073883056641e+00,3.194603681564331055e+00,3.040564060211181641e+00,2.651208162307739258e+00,2.493548154830932617e+00,2.250587701797485352e+00,2.129331588745117188e+00,1.968816280364990234e+00,1.932223677635192871e+00,1.925273180007934570e+00,1.923280000686645508e+00
1.737031579017639160e+00,2.116175174713134766e+00,2.256275653839111328e+00,2.166658878326416016e+00,2.505029439926147461e+00,2.692553520202636719e+00,2.600255250930786133e+00,2.248718261718750000e+00,1.916211605072021484e+00,1.620361208915710449e+00,1.282689094543457031e+00,9.957983493804931641e-01,6.474819183349609375e-01,3.933520317077636719e-01,0.000000000000000000e+00,1.819505095481872559e+00,2.194003105163574219e+00,2.313521146774291992e+00,2.231566667556762695e+00,2.528245925903320312e+00,2.782330751419067383e+00,2.712533712387084961e+00,2.328921556472778320e+00,2.018481254577636719e+00,1.705744028091430664e+00,1.410687685012817383e+00,1.119856357574462891e+00,8.560226559638977051e-01,6.574972867965698242e-01,4.992866814136505127e-01,2.015191555023193359e+00,2.370950698852539062e+00,2.518549680709838867e+00,2.467631816864013672e+00,2.789046764373779297e+00,2.994372606277465820e+00,2.869135618209838867e+00,2.476017475128173828e+00,2.207819938659667969e+00,1.910834193229675293e+00,1.659657597541809082e+00,1.399167418479919434e+00,1.215925812721252441e+00,1.083841204643249512e+00,9.865185022354125977e-01,2.282153367996215820e+00,2.611426591873168945e+00,2.776623010635375977e+00,2.752018690109252930e+00,3.067146062850952148e+00,3.255697965621948242e+00,3.083899021148681641e+00,2.695035457611083984e+00,2.467682361602783203e+00,2.196374893188476562e+00,1.992510199546813965e+00,1.763121724128723145e+00,1.632136702537536621e+00,1.542436122894287109e+00,1.471002936363220215e+00,2.604567289352416992e+00,2.908803939819335938e+00,3.090298414230346680e+00,3.085294961929321289e+00,3.393272161483764648e+00,3.534967899322509766e+00,3.366352319717407227e+00,2.976019620895385742e+00,2.788484096527099609e+00,2.535859346389770508e+00,2.372029304504394531e+00,2.178304195404052734e+00,2.085274219512939453e+00,2.016817331314086914e+00,1.950576186180114746e+00
5.442909002304077148e-01,7.080408334732055664e-01,9.165335893630981445e-01,1.061186075210571289e+00,1.419983744621276855e+00,1.549494028091430664e+00,1.710923552513122559e+00,1.548360586166381836e+00,1.401516556739807129e+00,1.143794178962707520e+00,1.240224719047546387e+00,1.105537295341491699e+00,1.397918939590454102e+00,1.431342959403991699e+00,1.819505095481872559e+00,0.000000000000000000e+00,3.841715157032012939e-01,5.884305238723754883e-01,7.544023990631103516e-01,1.120513558387756348e+00,1.425197362899780273e+00,1.611487269401550293e+00,1.364819765090942383e+00,1.252760171890258789e+00,9.579216837882995605e-01,1.111567139625549316e+00,1.004190921783447266e+00,1.342732310295104980e+00,1.450605750083923340e+00,1.822073101997375488e+00,4.998426437377929688e-01,6.688634157180786133e-01,8.023743033409118652e-01,9.352006316184997559e-01,1.242541670799255371e+00,1.586946964263916016e+00,1.659892559051513672e+00,1.343708753585815430e+00,1.296557664871215820e+00,1.025580048561096191e+00,1.199065804481506348e+00,1.139081835746765137e+00,1.459519267082214355e+00,1.608102440834045410e+00,1.938899517059326172e+00,9.907750487327575684e-01,1.117163538932800293e+00,1.210857987403869629e+00,1.302361011505126953e+00,1.549879670143127441e+00,1.861340761184692383e+00,1.851222157478332520e+00,1.512479662895202637e+00,1.518535852432250977e+00,1.303419709205627441e+00,1.459727048873901367e+00,1.432174444198608398e+00,1.702432036399841309e+00,1.874679088592529297e+00,2.152098894119262695e+00,1.477257609367370605e+00,1.591151356697082520e+00,1.680644989013671875e+00,1.738475203514099121e+00,1.948665142059326172e+00,2.178208112716674805e+00,2.160967826843261719e+00,1.820525527000427246e+00,1.853361487388610840e+00,1.681623697280883789e+00,1.819105982780456543e+00,1.821898937225341797e+00,2.041094779968261719e+00,2.221884012222290039e+00,2.437661409378051758e+00
6.971461176872253418e-01,6.319646835327148438e-01,8.339287042617797852e-01,1.075484752655029297e+00,1.378171086311340332e+00,1.491995215415954590e+00,1.730919957160949707e+00,1.637645483016967773e+00,1.574349164962768555e+00,1.366993188858032227e+00,1.538198590278625488e+00,1.446654677391052246e+00,1.762525439262390137e+00,1.806253790855407715e+00,2.194003105163574219e+00,3.841715157032012939e-01,0.000000000000000000e+00,3.823384642601013184e-01,7.279701828956604004e-01,1.028449892997741699e+00,1.331568121910095215e+00,1.596167564392089844e+00,1.425444841384887695e+00,1.409373879432678223e+00,1.188593387603759766e+00,1.416130661964416504e+00,1.364974856376647949e+00,1.715728759765625000e+00,1.833466291427612305e+00,2.206060171127319336e+00,6.145756840705871582e-01,5.302033424377441406e-01,6.219804286956787109e-01,8.680355548858642578e-01,1.101146936416625977e+00,1.482519149780273438e+00,1.621977448463439941e+00,1.374040126800537109e+00,1.423737764358520508e+00,1.224162340164184570e+00,1.472557663917541504e+00,1.465617418289184570e+00,1.807685017585754395e+00,1.969135761260986328e+00,2.310432434082031250e+00,1.052376985549926758e+00,1.041714191436767578e+00,1.087008953094482422e+00,1.232871532440185547e+00,1.412691831588745117e+00,1.754839301109313965e+00,1.804793477058410645e+00,1.520435571670532227e+00,1.614350318908691406e+00,1.454832911491394043e+00,1.683294653892517090e+00,1.703657269477844238e+00,2.008287906646728516e+00,2.199452638626098633e+00,2.496957063674926758e+00,1.521973252296447754e+00,1.543118357658386230e+00,1.589747667312622070e+00,1.673345804214477539e+00,1.823929190635681152e+00,2.074788808822631836e+00,2.112728834152221680e+00,1.817026972770690918e+00,1.923667550086975098e+00,1.796716094017028809e+00,1.998731970787048340e+00,2.044815540313720703e+00,2.302621364593505859e+00,2.509165525436401367e+00,2.750782251358032227e+00
7.540726661682128906e-01,6.628280878067016602e-01,6.619270443916320801e-01,8.270843029022216797e-01,1.072900056838989258e+00,1.132237434387207031e+00,1.385567784309387207e+00,1.343586087226867676e+00,1.333168387413024902e+00,1.201511979103088379e+00,1.443821191787719727e+00,1.448518872261047363e+00,1.799909114837646484e+00,1.920235991477966309e+00,2.313521146774291992e+00,5.884305238723754883e-01,3.823384642601013184e-01,0.000000000000000000e+00,4.003688097000122070e-01,6.505485177040100098e-01,9.583141207695007324e-01,1.232847452163696289e+00,1.098993539810180664e+00,1.154927015304565430e+00,1.019711852073669434e+00,1.322577714920043945e+00,1.376111745834350586e+00,1.748452305793762207e+00,1.939191937446594238e+00,2.308795928955078125e+00,7.807254791259765625e-01,6.989492177963256836e-01,5.520071983337402344e-01,6.531978249549865723e-01,8.001309633255004883e-01,1.173872828483581543e+00,1.285086274147033691e+00,1.060413837432861328e+00,1.188161253929138184e+00,1.077801227569580078e+00,1.387277007102966309e+00,1.477566480636596680e+00,1.830549716949462891e+00,2.057275772094726562e+00,2.392399787902832031e+00,1.169955253601074219e+00,1.160282969474792480e+00,1.076920509338378906e+00,1.110398530960083008e+00,1.214884161949157715e+00,1.512225031852722168e+00,1.524995923042297363e+00,1.262913942337036133e+00,1.419544219970703125e+00,1.341689229011535645e+00,1.608607411384582520e+00,1.710766434669494629e+00,2.018393039703369141e+00,2.265610456466674805e+00,2.554871559143066406e+00,1.607910990715026855e+00,1.636143684387207031e+00,1.597164511680603027e+00,1.593979001045227051e+00,1.690641403198242188e+00,1.884217739105224609e+00,1.888853549957275391e+00,1.617066264152526855e+00,1.770572423934936523e+00,1.712367177009582520e+00,1.932995676994323730e+00,2.045263767242431641e+00,2.297132730484008789e+00,2.550376653671264648e+00,2.780834436416625977e+00
8.517127037048339844e-01,8.806737661361694336e-01,7.370436787605285645e-01,6.846778988838195801e-01,8.974751234054565430e-01,8.735443949699401855e-01,1.051301717758178711e+00,1.017982244491577148e+00,9.899189472198486328e-01,9.342049360275268555e-01,1.202320456504821777e+00,1.300487279891967773e+00,1.657061934471130371e+00,1.845704793930053711e+00,2.231566667556762695e+00,7.544023990631103516e-01,7.279701828956604004e-01,4.003688097000122070e-01,0.000000000000000000e+00,3.894956111907958984e-01,6.775388121604919434e-01,8.769626021385192871e-01,7.114135622978210449e-01,7.691082358360290527e-01,7.075878977775573730e-01,1.055243015289306641e+00,1.207175970077514648e+00,1.578575015068054199e+00,1.834010481834411621e+00,2.190403461456298828e+00,9.007656574249267578e-01,9.338967204093933105e-01,7.016051411628723145e-01,5.421355366706848145e-01,6.629380583763122559e-01,9.604161977767944336e-01,9.680058956146240234e-01,6.913580298423767090e-01,8.333566784858703613e-01,7.921651005744934082e-01,1.126097202301025391e+00,1.301308274269104004e+00,1.643545746803283691e+00,1.926486730575561523e+00,2.244394779205322266e+00,1.238863945007324219e+00,1.307494997978210449e+00,1.163351774215698242e+00,1.053227901458740234e+00,1.142981529235839844e+00,1.356230735778808594e+00,1.273507475852966309e+00,9.847323298454284668e-01,1.136696457862854004e+00,1.115187168121337891e+00,1.374367713928222656e+00,1.538224339485168457e+00,1.824460864067077637e+00,2.115644693374633789e+00,2.383409976959228516e+00,1.639865279197692871e+00,1.731338858604431152e+00,1.651319980621337891e+00,1.552424430847167969e+00,1.647003173828125000e+00,1.765524029731750488e+00,1.690101981163024902e+00,1.407064557075500488e+00,1.548079371452331543e+00,1.531060338020324707e+00,1.725653529167175293e+00,1.879573106765747070e+00,2.100330591201782227e+00,2.384101629257202148e+00,2.588524103164672852e+00
1.107831478118896484e+00,1.053250193595886230e+00,7.786728739738464355e-01,6.545147895812988281e-01,6.779667139053344727e-01,5.407147407531738281e-01,7.930325269699096680e-01,8.834044933319091797e-01,9.979125857353210449e-01,1.057062864303588867e+00,1.388004064559936523e+00,1.555081725120544434e+00,1.921760201454162598e+00,2.150982856750488281e+00,2.528245925903320312e+00,1.120513558387756348e+00,1.028449892997741699e+00,6.505485177040100098e-01,3.894956111907958984e-01,0.000000000000000000e+00,3.907795846462249756e-01,6.198883652687072754e-01,5.860818624496459961e-01,8.358231186866760254e-01,9.260157942771911621e-01,1.298488855361938477e+00,1.515567421913146973e+00,1.874606847763061523e+00,2.162416458129882812e+00,2.502358675003051758e+00,1.271973729133605957e+00,1.244637846946716309e+00,9.460198283195495605e-01,7.453231215476989746e-01,6.401273608207702637e-01,8.552339673042297363e-01,8.100401163101196289e-01,6.520258188247680664e-01,9.460439085960388184e-01,1.044290304183959961e+00,1.388443827629089355e+00,1.621493816375732422e+00,1.946795701980590820e+00,2.257205247879028320e+00,2.557995080947875977e+00,1.569646596908569336e+00,1.592109680175781250e+00,1.378371596336364746e+00,1.218160867691040039e+00,1.182227373123168945e+00,1.319724321365356445e+00,1.209198713302612305e+00,1.014185905456542969e+00,1.260021567344665527e+00,1.344380974769592285e+00,1.621582865715026855e+00,1.840420365333557129e+00,2.115031242370605469e+00,2.432381153106689453e+00,2.685599088668823242e+00,1.930281043052673340e+00,1.989313960075378418e+00,1.846801280975341797e+00,1.699815034866333008e+00,1.710478544235229492e+00,1.766465663909912109e+00,1.677363038063049316e+00,1.465139746665954590e+00,1.672358036041259766e+00,1.736191034317016602e+00,1.948179960250854492e+00,2.153102159500122070e+00,2.365510940551757812e+00,2.675843238830566406e+00,2.868010759353637695e+00
1.480280518531799316e+00,1.438817381858825684e+00,1.165556550025939941e+00,1.005965232849121094e+00,9.350813031196594238e-01,6.307401061058044434e-01,7.923147082328796387e-01,1.010817408561706543e+00,1.136005401611328125e+00,1.293158531188964844e+00,1.604732632637023926e+00,1.819176912307739258e+00,2.165436267852783203e+00,2.414469480514526367e+00,2.782330751419067383e+00,1.425197362899780273e+00,1.331568121910095215e+00,9.583141207695007324e-01,6.775388121604919434e-01,3.907795846462249756e-01,0.000000000000000000e+00,3.969987332820892334e-01,6.080213189125061035e-01,8.899126648902893066e-01,1.095878243446350098e+00,1.451340556144714355e+00,1.717655062675476074e+00,2.060133218765258789e+00,2.368486404418945312e+00,2.702722311019897461e+00,1.468207120895385742e+00,1.426124453544616699e+00,1.072682857513427734e+00,7.824349999427795410e-01,5.298084020614624023e-01,5.581820607185363770e-01,4.670299887657165527e-01,4.976668059825897217e-01,8.809182643890380859e-01,1.099807620048522949e+00,1.454009413719177246e+00,1.743757486343383789e+00,2.062705993652343750e+00,2.398252487182617188e+00,2.698570728302001953e+00,1.663100600242614746e+00,1.671243667602539062e+00,1.388000726699829102e+00,1.141150355339050293e+00,1.012389540672302246e+00,1.042987108230590820e+00,8.932863473892211914e-01,7.954877018928527832e-01,1.114366769790649414e+00,1.300737857818603516e+00,1.602643013000488281e+00,1.882925987243652344e+00,2.159910678863525391e+00,2.507048130035400391e+00,2.763940572738647461e+00,1.943756341934204102e+00,1.994796156883239746e+00,1.788337707519531250e+00,1.570110321044921875e+00,1.521583318710327148e+00,1.501670479774475098e+00,1.381935954093933105e+00,1.231711506843566895e+00,1.488153100013732910e+00,1.631537437438964844e+00,1.865098953247070312e+00,2.127453804016113281e+00,2.343674182891845703e+00,2.687216281890869141e+00,2.885164022445678711e+00
