,A1,A2,A3,A4,A5,A6,A7,A8,A9,A10,A11,A12,A13,A14,A15,B1,B2,B3,B4,B5,B6,B7,B8,B9,B10,B11,B12,B13,B14,B15,C1,C2,C3,C4,C5,C6,C7,C8,C9,C10,C11,C12,C13,C14,C15,D1,D2,D3,D4,D5,D6,D7,D8,D9,D10,D11,D12,D13,D14,D15,E1,E2,E3,E4,E5,E6,E7,E8,E9,E10,E11,E12,E13,E14,E15
A1,0.0,0.39910688996315,0.6144717335700989,0.986115574836731,1.2433711290359497,1.4665457010269165,1.4530109167099,1.1501840353012085,1.0905089378356934,0.7409040927886963,0.9169889092445374,0.8041754364967346,1.0828535556793213,1.160103678703308,1.4547269344329834,0.697144627571106,0.8847790956497192,0.9313578009605408,1.176169753074646,1.507650375366211,1.5480378866195679,1.6649266481399536,1.3552899360656738,1.4017456769943237,1.1517140865325928,1.3019260168075562,1.2749240398406982,1.4793156385421753,1.6076689958572388,1.8216655254364014,1.3228778839111328,1.5152628421783447,1.5176526308059692,1.6976051330566406,1.9656201601028442,1.880699872970581,2.0092010498046875,1.7089658975601196,1.8119800090789795,1.632303237915039,1.7512264251708984,1.7537012100219727,1.9137834310531616,2.057621955871582,2.218541383743286,2.121176242828369,2.295509099960327,2.1889729499816895,2.2804343700408936,2.4822773933410645,2.287055730819702,2.4005117416381836,2.136779308319092,2.2705721855163574,2.135953903198242,2.2248892784118652,2.2432100772857666,2.361548662185669,2.5120790004730225,2.6230642795562744,2.8167338371276855,3.022322177886963,2.9107794761657715,3.0146782398223877,3.0575737953186035,2.8764243125915527,2.8796916007995605,2.635392427444458,2.822749137878418,2.684622049331665,2.7825653553009033,2.7781455516815186,2.8924520015716553,3.043516159057617,3.0671753883361816
A2,0.39910688996315,0.0,0.388019323348999,0.6782201528549194,0.9670284986495972,1.23244309425354,1.3134185075759888,1.0650218725204468,1.1431806087493896,0.8887342214584351,1.1606802940368652,1.1489455699920654,1.4418929815292358,1.553431749343872,1.8391870260238647,0.8811842203140259,0.9040815234184265,0.9212862849235535,1.0370662212371826,1.3806917667388916,1.3981937170028687,1.588301420211792,1.3292754888534546,1.486794114112854,1.3247268199920654,1.5339179039001465,1.5847898721694946,1.8120075464248657,1.9777485132217407,2.1977462768554688,1.510749101638794,1.6175271272659302,1.5930373668670654,1.686794400215149,1.942495584487915,1.818156361579895,1.990606665611267,1.7375295162200928,1.9171189069747925,1.8100308179855347,1.9661129713058472,2.032614231109619,2.212658643722534,2.3943662643432617,2.565418004989624,2.3291068077087402,2.4503021240234375,2.3111565113067627,2.340479612350464,2.5115163326263428,2.28053617477417,2.414581060409546,2.195810079574585,2.382946252822876,2.308340311050415,2.4201278686523438,2.493072271347046,2.6255574226379395,2.8142738342285156,2.9351694583892822,3.035632848739624,3.2061429023742676,3.0615572929382324,3.1231791973114014,3.1303610801696777,2.9074690341949463,2.913862705230713,2.7060282230377197,2.92852520942688,2.8400518894195557,2.9449026584625244,2.986825466156006,3.0997424125671387,3.2862823009490967,3.3168275356292725
A3,0.6144717335700989,0.388019323348999,0.0,0.38823723793029785,0.6436228156089783,0.8663012981414795,0.9254066348075867,0.6959269046783447,0.832830548286438,0.6859972476959229,1.0250128507614136,1.1357767581939697,1.4608875513076782,1.6448860168457031,1.9525659084320068,0.9707449674606323,0.9283791780471802,0.7805496454238892,0.8316807746887207,1.1055796146392822,1.0536720752716064,1.2312711477279663,0.9779430031776428,1.1876442432403564,1.108139991760254,1.3466030359268188,1.4881728887557983,1.7405505180358887,1.9683226346969604,2.2133536338806152,1.4837323427200317,1.5554850101470947,1.4391891956329346,1.4991732835769653,1.6938085556030273,1.5149827003479004,1.6661159992218018,1.4225157499313354,1.6289336681365967,1.5827165842056274,1.748121738433838,1.8814319372177124,2.0767641067504883,2.309772491455078,2.5012009143829346,2.2173357009887695,2.3169493675231934,2.1229021549224854,2.135132074356079,2.2571184635162354,1.9910951852798462,2.0995266437530518,1.891979694366455,2.092644453048706,2.0629308223724365,2.1748993396759033,2.2979419231414795,2.438530921936035,2.670794725418091,2.807739496231079,2.8736491203308105,3.027367115020752,2.843067169189453,2.8909850120544434,2.8599421977996826,2.614663600921631,2.5965206623077393,2.3969743251800537,2.6250061988830566,2.5679049491882324,2.6647989749908447,2.742265462875366,2.850057601928711,3.068401336669922,3.111055850982666
A4,0.986115574836731,0.6782201528549194,0.38823723793029785,0.0,0.3908287584781647,0.5962663292884827,0.793496310710907,0.6838192939758301,0.9785770177841187,0.9709711670875549,1.3118901252746582,1.48610258102417,1.79868745803833,2.01187801361084,2.3070974349975586,1.3160189390182495,1.1947228908538818,1.0063785314559937,0.9040150046348572,1.1004647016525269,0.9661186933517456,1.1975570917129517,1.0270438194274902,1.3312671184539795,1.3551900386810303,1.6027456521987915,1.8028717041015625,2.051037549972534,2.3098411560058594,2.5500922203063965,1.7827502489089966,1.7946573495864868,1.637513279914856,1.6157124042510986,1.7557458877563477,1.5183473825454712,1.6832904815673828,1.5007717609405518,1.7610403299331665,1.7938642501831055,1.9659461975097656,2.153254270553589,2.3470261096954346,2.6121976375579834,2.802241325378418,2.475005626678467,2.5336880683898926,2.302248239517212,2.263803720474243,2.3326873779296875,2.027162790298462,2.1297006607055664,1.9718073606491089,2.2060210704803467,2.2395830154418945,2.3530023097991943,2.525038957595825,2.663188934326172,2.928900718688965,3.065913200378418,3.101656198501587,3.2259275913238525,3.005448579788208,3.0184102058410645,2.9415318965911865,2.657346487045288,2.6242873668670654,2.46148681640625,2.7080159187316895,2.702281951904297,2.7893497943878174,2.9101529121398926,3.0030832290649414,3.251873016357422,3.2942113876342773
A5,1.2433711290359497,0.9670284986495972,0.6436228156089783,0.3908287584781647,0.0,0.3799576759338379,0.6262074708938599,0.7098698616027832,1.0069342851638794,1.0925482511520386,1.459169864654541,1.6595096588134766,2.002605676651001,2.216369390487671,2.5417869091033936,1.388593077659607,1.1841529607772827,0.9290409088134766,0.700208306312561,0.7905874252319336,0.6314979791641235,0.9227949380874634,0.8675035834312439,1.2369017601013184,1.340240716934204,1.6400359869003296,1.8810176849365234,2.1714870929718018,2.441563129425049,2.71814227104187,1.731684923171997,1.6715248823165894,1.469395637512207,1.3721678256988525,1.4639049768447876,1.20390784740448,1.4008222818374634,1.289903998374939,1.6098982095718384,1.7079625129699707,1.9302122592926025,2.163416862487793,2.400477409362793,2.6846280097961426,2.9122142791748047,2.3530304431915283,2.3589375019073486,2.1006579399108887,2.011691093444824,2.045043468475342,1.725324034690857,1.847813606262207,1.744126796722412,2.0252904891967773,2.111804962158203,2.268439531326294,2.4848380088806152,2.6637535095214844,2.9539308547973633,3.127552032470703,2.956948757171631,3.0406508445739746,2.7965519428253174,2.77032732963562,2.6686558723449707,2.361994981765747,2.3440496921539307,2.223160982131958,2.5032968521118164,2.5431017875671387,2.6602704524993896,2.823380708694458,2.944221019744873,3.2228453159332275,3.3022406101226807
A6,1.4665457010269165,1.23244309425354,0.8663012981414795,0.5962663292884827,0.3799576759338379,0.0,0.36779409646987915,0.5825801491737366,0.9416736364364624,1.1478979587554932,1.4730199575424194,1.7468870878219604,2.0626416206359863,2.3258957862854004,2.634744882583618,1.656293511390686,1.4886858463287354,1.1781693696975708,0.9748362898826599,0.934840738773346,0.6272929906845093,0.8164482116699219,0.7902939319610596,1.1724973917007446,1.3635668754577637,1.6182388067245483,1.9159958362579346,2.1781771183013916,2.4892048835754395,2.7522730827331543,1.9400174617767334,1.8933016061782837,1.6304032802581787,1.5347461700439453,1.5366060733795166,1.2090803384780884,1.323470950126648,1.2254104614257812,1.529198408126831,1.6874370574951172,1.8672586679458618,2.144838571548462,2.353801965713501,2.672008991241455,2.886343479156494,2.4568235874176025,2.4673898220062256,2.1660585403442383,2.0859551429748535,2.0555641651153564,1.7009673118591309,1.7533972263336182,1.655766248703003,1.91493821144104,2.043606996536255,2.1607818603515625,2.4119083881378174,2.563589096069336,2.8831868171691895,3.044694662094116,2.976149559020996,3.059084177017212,2.7808306217193604,2.758282423019409,2.6122334003448486,2.2905428409576416,2.21787166595459,2.096254825592041,2.353382110595703,2.4200451374053955,2.4972338676452637,2.684938907623291,2.7719762325286865,3.0692567825317383,3.137439250946045
A7,1.4530109167099,1.3134185075759888,0.9254066348075867,0.793496310710907,0.6262074708938599,0.36779409646987915,0.0,0.38249263167381287,0.6648597121238708,0.9592776894569397,1.245093584060669,1.5574673414230347,1.862387776374817,2.1464664936065674,2.4570796489715576,1.5993763208389282,1.480592131614685,1.1226791143417358,1.0007202625274658,0.9039777517318726,0.5641657114028931,0.5791767835617065,0.4895491898059845,0.8464492559432983,1.0884017944335938,1.3172295093536377,1.6475768089294434,1.904456377029419,2.233489751815796,2.5022425651550293,1.7977585792541504,1.782673716545105,1.4780372381210327,1.432250738143921,1.3934093713760376,1.0542255640029907,1.0812342166900635,0.9319949746131897,1.1966508626937866,1.371145486831665,1.5278284549713135,1.8265684843063354,2.031081199645996,2.36381196975708,2.583937406539917,2.220029830932617,2.254016399383545,1.9345847368240356,1.8967208862304688,1.852487564086914,1.4978731870651245,1.4967668056488037,1.355620265007019,1.5801321268081665,1.7063629627227783,1.8033400774002075,2.0634958744049072,2.211195707321167,2.540910005569458,2.707993268966675,2.682612419128418,2.780811071395874,2.496232509613037,2.5012998580932617,2.354651927947998,2.0515265464782715,1.9482523202896118,1.7900809049606323,2.0216190814971924,2.073105812072754,2.136002540588379,2.3204243183135986,2.404343843460083,2.7038629055023193,2.7780325412750244
A8,1.1501840353012085,1.0650218725204468,0.6959269046783447,0.6838192939758301,0.7098698616027832,0.5825801491737366,0.38249263167381287,0.0,0.39890405535697937,0.6400765180587769,0.9127956032752991,1.22731614112854,1.5154223442077637,1.8087639808654785,2.1033382415771484,1.404257893562317,1.3670804500579834,1.0445863008499146,1.0409959554672241,1.0700589418411255,0.8197665214538574,0.8230006694793701,0.5439916849136353,0.7822568416595459,0.9104398488998413,1.0911821126937866,1.3892090320587158,1.6163969039916992,1.9415241479873657,2.1874771118164062,1.6857267618179321,1.746236801147461,1.4836159944534302,1.5257807970046997,1.5597728490829468,1.2738937139511108,1.289825439453125,1.0390022993087769,1.2186706066131592,1.29149329662323,1.3979637622833252,1.6429988145828247,1.812254786491394,2.1276159286499023,2.320293664932251,2.175363302230835,2.2698192596435547,1.9857361316680908,2.010021448135376,2.0239992141723633,1.7025296688079834,1.6987876892089844,1.48348069190979,1.6481831073760986,1.6916521787643433,1.747125267982483,1.9480712413787842,2.06071138381958,2.361924648284912,2.4993720054626465,2.6709961891174316,2.816920518875122,2.5675854682922363,2.6213231086730957,2.518845796585083,2.2540173530578613,2.1511595249176025,1.9385918378829956,2.131009578704834,2.113558292388916,2.153850555419922,2.278648614883423,2.3441576957702637,2.6056642532348633,2.6472277641296387
A9,1.0905089378356934,1.1431806087493896,0.832830548286438,0.9785770177841187,1.0069342851638794,0.9416736364364624,0.6648597121238708,0.39890405535697937,0.0,0.38791874051094055,0.5934339165687561,0.9284589290618896,1.217363715171814,1.5122127532958984,1.820178508758545,1.2518953084945679,1.2910832166671753,0.9699463248252869,1.091248869895935,1.123221516609192,0.95411616563797,0.849180281162262,0.4773482382297516,0.48469874262809753,0.5436303019523621,0.6927635073661804,1.0033286809921265,1.244016170501709,1.5726743936538696,1.8377166986465454,1.4422686100006104,1.5601248741149902,1.2962685823440552,1.4259212017059326,1.4700216054916382,1.2432587146759033,1.2013664245605469,0.8694108724594116,0.9424387812614441,0.9390804767608643,1.0194202661514282,1.245530128479004,1.4242182970046997,1.7360332012176514,1.9453274011611938,1.8629049062728882,2.0022377967834473,1.7352126836776733,1.8259167671203613,1.871899127960205,1.5940163135528564,1.5679664611816406,1.285691738128662,1.3887624740600586,1.3652257919311523,1.4062985181808472,1.5726797580718994,1.692405343055725,1.9799405336380005,2.130089044570923,2.3366875648498535,2.5139920711517334,2.289212465286255,2.386708974838257,2.3222973346710205,2.1047496795654297,2.0028374195098877,1.741348385810852,1.8996860980987549,1.8242473602294922,1.8681364059448242,1.9516993761062622,2.0345094203948975,2.274069309234619,2.3261945247650146
A10,0.7409040927886963,0.8887342214584351,0.6859972476959229,0.9709711670875549,1.0925482511520386,1.1478979587554932,0.9592776894569397,0.6400765180587769,0.38791874051094055,0.0,0.3804236650466919,0.6036366820335388,0.9382743835449219,1.1913355588912964,1.5170352458953857,0.9476698637008667,1.0700395107269287,0.839573323726654,1.067409634590149,1.2224560976028442,1.1542195081710815,1.1234221458435059,0.754581868648529,0.7121865749359131,0.5261074304580688,0.6700084209442139,0.8374133110046387,1.0888292789459229,1.3622273206710815,1.6275068521499634,1.2486456632614136,1.428825855255127,1.2530807256698608,1.4443659782409668,1.5844526290893555,1.430708885192871,1.4458296298980713,1.100202202796936,1.1485182046890259,1.0188173055648804,1.103976845741272,1.2158007621765137,1.3924928903579712,1.6419864892959595,1.842116117477417,1.8018237352371216,1.9794937372207642,1.7776784896850586,1.8974398374557495,2.018670082092285,1.7865482568740845,1.811594843864441,1.5135107040405273,1.6063770055770874,1.5035897493362427,1.5570905208587646,1.6404439210891724,1.759566307067871,1.986358642578125,2.124484062194824,2.362534999847412,2.5673296451568604,2.395254135131836,2.5139594078063965,2.5058090686798096,2.3189656734466553,2.2592203617095947,1.9875121116638184,2.1439836025238037,2.0188663005828857,2.0843632221221924,2.1119182109832764,2.211465358734131,2.4040768146514893,2.445108652114868
A11,0.9169889092445374,1.1606802940368652,1.0250128507614136,1.3118901252746582,1.459169864654541,1.4730199575424194,1.245093584060669,0.9127956032752991,0.5934339165687561,0.3804236650466919,0.0,0.3902900815010071,0.62451171875,0.9389638900756836,1.2292931079864502,1.145158290863037,1.3520920276641846,1.1627558469772339,1.4280563592910767,1.5627573728561401,1.4875261783599854,1.393009901046753,1.018756628036499,0.8403220772743225,0.5980940461158752,0.49498116970062256,0.592926025390625,0.7470868825912476,1.0478628873825073,1.2809971570968628,1.3791334629058838,1.625264048576355,1.465409517288208,1.7112809419631958,1.8336477279663086,1.6999831199645996,1.651727557182312,1.2802094221115112,1.2088295221328735,1.0088144540786743,0.9647708535194397,0.9991604685783386,1.092355489730835,1.32993483543396,1.491707444190979,1.8242566585540771,2.060777187347412,1.880842924118042,2.0639591217041016,2.1883761882781982,1.9851491451263428,1.9614262580871582,1.6230456829071045,1.6244374513626099,1.4579617977142334,1.430110216140747,1.4445958137512207,1.5002470016479492,1.6956372261047363,1.7959781885147095,2.310190200805664,2.5589826107025146,2.4110450744628906,2.5806591510772705,2.5919764041900635,2.4472718238830566,2.359912157058716,2.0481250286102295,2.139040470123291,1.957933783531189,1.9766356945037842,1.9435263872146606,2.0085630416870117,2.1569418907165527,2.1643245220184326
A12,0.8041754364967346,1.1489455699920654,1.1357767581939697,1.48610258102417,1.6595096588134766,1.7468870878219604,1.5574673414230347,1.22731614112854,0.9284589290618896,0.6036366820335388,0.3902900815010071,0.0,0.3847533166408539,0.5899732112884521,0.9298513531684875,0.9728015065193176,1.2674517631530762,1.1880152225494385,1.517250895500183,1.7160431146621704,1.7173717021942139,1.658997654914856,1.29739511013031,1.1097841262817383,0.7706969380378723,0.6859034895896912,0.5348031520843506,0.6753270030021667,0.842308521270752,1.0835527181625366,1.238904595375061,1.54303777217865,1.4762648344039917,1.7687883377075195,1.956713080406189,1.8902816772460938,1.8794690370559692,1.5119986534118652,1.4310070276260376,1.1519758701324463,1.1297698020935059,1.0369541645050049,1.1314972639083862,1.2631909847259521,1.4194087982177734,1.7546131610870361,2.024679183959961,1.9171490669250488,2.1263511180877686,2.3130757808685303,2.1590397357940674,2.1765480041503906,1.8356437683105469,1.8330464363098145,1.608262300491333,1.6066148281097412,1.5419590473175049,1.609785795211792,1.7257577180862427,1.8223333358764648,2.302492618560791,2.57210636138916,2.4813730716705322,2.668363094329834,2.7342171669006348,2.6233582496643066,2.577138900756836,2.2640743255615234,2.3559560775756836,2.1376941204071045,2.1871085166931152,2.1075022220611572,2.2006876468658447,2.3014345169067383,2.312039852142334
A13,1.0828535556793213,1.4418929815292358,1.4608875513076782,1.79868745803833,2.002605676651001,2.0626416206359863,1.862387776374817,1.5154223442077637,1.217363715171814,0.9382743835449219,0.62451171875,0.3847533166408539,0.0,0.3784562349319458,0.6066226959228516,1.309761881828308,1.6308331489562988,1.5719925165176392,1.9009082317352295,2.092792510986328,2.0742945671081543,1.9913052320480347,1.6238800287246704,1.4005261659622192,1.0817501544952393,0.8762706518173218,0.6494392156600952,0.5451335906982422,0.6476442813873291,0.7731643915176392,1.5465904474258423,1.8771498203277588,1.8241257667541504,2.133043050765991,2.307633399963379,2.240865707397461,2.1962578296661377,1.8213131427764893,1.682906150817871,1.3858768939971924,1.2657122611999512,1.094006061553955,1.0574508905410767,1.1211904287338257,1.183530569076538,1.9708689451217651,2.278221845626831,2.191660165786743,2.435563325881958,2.618664503097534,2.477992057800293,2.4623992443084717,2.1044533252716064,2.0421528816223145,1.7836709022521973,1.7097160816192627,1.576932430267334,1.560808539390564,1.6145117282867432,1.64144766330719,2.440509796142578,2.743680477142334,2.6771187782287598,2.900280714035034,2.97757887840271,2.894780397415161,2.825756311416626,2.490474224090576,2.530294895172119,2.274927854537964,2.2766878604888916,2.1412839889526367,2.188924551010132,2.2323620319366455,2.1937458515167236
A14,1.160103678703308,1.553431749343872,1.6448860168457031,2.01187801361084,2.216369390487671,2.3258957862854004,2.1464664936065674,1.8087639808654785,1.5122127532958984,1.1913355588912964,0.9389638900756836,0.5899732112884521,0.3784562349319458,0.0,0.3904573321342468,1.2826284170150757,1.6440714597702026,1.667860984802246,2.0267226696014404,2.252919912338257,2.2910220623016357,2.2306478023529053,1.8767179250717163,1.6514818668365479,1.2927638292312622,1.1318024396896362,0.8130810260772705,0.730107307434082,0.61435866355896,0.7188941836357117,1.4995578527450562,1.8576995134353638,1.8813376426696777,2.214534044265747,2.432356357574463,2.4191431999206543,2.4025251865386963,2.0372934341430664,1.9002110958099365,1.564325213432312,1.4797711372375488,1.239283800125122,1.224853277206421,1.1788430213928223,1.238655924797058,1.9446824789047241,2.269294023513794,2.247952938079834,2.506215810775757,2.73584246635437,2.6375911235809326,2.655806064605713,2.303034782409668,2.2449100017547607,1.9532545804977417,1.912992238998413,1.7317839860916138,1.741355061531067,1.7257863283157349,1.7596434354782104,2.4524388313293457,2.7649271488189697,2.7502317428588867,2.9822003841400146,3.104893445968628,3.0507333278656006,3.0184967517852783,2.6885831356048584,2.7343928813934326,2.457702875137329,2.4926249980926514,2.3297626972198486,2.4097368717193604,2.4191575050354004,2.3957488536834717
A15,1.4547269344329834,1.8391870260238647,1.9525659084320068,2.3070974349975586,2.5417869091033936,2.634744882583618,2.4570796489715576,2.1033382415771484,1.820178508758545,1.5170352458953857,1.2292931079864502,0.9298513531684875,0.6066226959228516,0.3904573321342468,0.0,1.650894045829773,2.015819787979126,2.0475614070892334,2.3998923301696777,2.6285598278045654,2.6468770503997803,2.5792438983917236,2.2167789936065674,1.985182523727417,1.6441243886947632,1.4346901178359985,1.1243714094161987,0.9211876392364502,0.747265636920929,0.6338801980018616,1.878686547279358,2.241173267364502,2.2693190574645996,2.6040730476379395,2.814940929412842,2.7919201850891113,2.758662223815918,2.3879928588867188,2.227376699447632,1.8940507173538208,1.7558094263076782,1.489643931388855,1.3811264038085938,1.2751190662384033,1.2196351289749146,2.275500535964966,2.616013526916504,2.6047089099884033,2.8775250911712646,3.101269483566284,3.0038604736328125,3.0013577938079834,2.6402060985565186,2.54996919631958,2.2473573684692383,2.1579599380493164,1.9400804042816162,1.8805932998657227,1.8106600046157837,1.7696086168289185,2.722329616546631,3.0539183616638184,3.0548391342163086,3.307781934738159,3.4339075088500977,3.3934473991394043,3.3433759212493896,3.001163959503174,3.013300895690918,2.7176876068115234,2.7140369415283203,2.5150747299194336,2.5521366596221924,2.513239860534668,2.441478729248047
B1,0.697144627571106,0.8811842203140259,0.9707449674606323,1.3160189390182495,1.388593077659607,1.656293511390686,1.5993763208389282,1.404257893562317,1.2518953084945679,0.9476698637008667,1.145158290863037,0.9728015065193176,1.309761881828308,1.2826284170150757,1.650894045829773,0.0,0.37806305289268494,0.5943031907081604,0.9403547644615173,1.2632700204849243,1.4592243432998657,1.5609809160232544,1.329079508781433,1.3224835395812988,1.0371692180633545,1.286506175994873,1.2106285095214844,1.5258893966674805,1.5857266187667847,1.8919183015823364,0.6791492104530334,0.8623250722885132,0.9783562421798706,1.2034071683883667,1.5400828123092651,1.587181568145752,1.7554576396942139,1.4995478391647339,1.6068840026855469,1.393731713294983,1.6214239597320557,1.601667881011963,1.8707973957061768,1.9761192798614502,2.225980043411255,1.560836911201477,1.7009990215301514,1.6638070344924927,1.750417947769165,2.023383140563965,1.9133250713348389,2.0943684577941895,1.859015703201294,2.0216832160949707,1.8669228553771973,2.0562808513641357,2.066753625869751,2.284242630004883,2.4146106243133545,2.6060335636138916,2.3361730575561523,2.508484125137329,2.4411582946777344,2.524939775466919,2.6259851455688477,2.4849393367767334,2.5646770000457764,2.3489248752593994,2.570026397705078,2.4297196865081787,2.614264726638794,2.6161270141601562,2.816843271255493,2.97202205657959,3.0716969966888428
B2,0.8847790956497192,0.9040815234184265,0.9283791780471802,1.1947228908538818,1.1841529607772827,1.4886858463287354,1.480592131614685,1.3670804500579834,1.2910832166671753,1.0700395107269287,1.3520920276641846,1.2674517631530762,1.6308331489562988,1.6440714597702026,2.015819787979126,0.37806305289268494,0.0,0.3902232348918915,0.6402834057807922,0.987142026424408,1.235651969909668,1.399796485900879,1.2447426319122314,1.331251859664917,1.1374387741088867,1.4593737125396729,1.4654029607772827,1.8114479780197144,1.910377025604248,2.232191562652588,0.7499819397926331,0.75434809923172,0.8484052419662476,0.9632489681243896,1.3191155195236206,1.3688507080078125,1.601065993309021,1.410286545753479,1.602749228477478,1.4685856103897095,1.754468560218811,1.8044387102127075,2.1074411869049072,2.250601291656494,2.5228774547576904,1.6148821115493774,1.671201467514038,1.6026034355163574,1.6064043045043945,1.8619589805603027,1.734618067741394,1.960351824760437,1.7827140092849731,2.01163387298584,1.9215872287750244,2.1554880142211914,2.2254743576049805,2.4743072986602783,2.6430108547210693,2.8584182262420654,2.4001119136810303,2.5203912258148193,2.4216537475585938,2.450216293334961,2.5236406326293945,2.3462765216827393,2.4507410526275635,2.2821426391601562,2.5494065284729004,2.4633538722991943,2.6743216514587402,2.727350950241089,2.944281578063965,3.137327194213867,3.2601053714752197
B3,0.9313578009605408,0.9212862849235535,0.7805496454238892,1.0063785314559937,0.9290409088134766,1.1781693696975708,1.1226791143417358,1.0445863008499146,0.9699463248252869,0.839573323726654,1.1627558469772339,1.1880152225494385,1.5719925165176392,1.667860984802246,2.0475614070892334,0.5943031907081604,0.3902232348918915,0.0,0.38324955105781555,0.6725944876670837,0.8775308132171631,1.0140018463134766,0.8596822619438171,0.9801843166351318,0.8606467843055725,1.221359133720398,1.3222253322601318,1.6846662759780884,1.853829026222229,2.187702178955078,0.808794379234314,0.790257453918457,0.687921941280365,0.7758483290672302,1.060181975364685,1.0361663103103638,1.2461512088775635,1.0447288751602173,1.2697947025299072,1.1951977014541626,1.493208408355713,1.614986777305603,1.9259849786758423,2.1256771087646484,2.4078385829925537,1.5406829118728638,1.5868180990219116,1.4303851127624512,1.4252796173095703,1.6201053857803345,1.4373704195022583,1.631329894065857,1.4490914344787598,1.6934069395065308,1.646747350692749,1.876477599143982,1.9982471466064453,2.247671127319336,2.4622979164123535,2.684878349304199,2.26070499420166,2.37392520904541,2.221761465072632,2.2447469234466553,2.2703959941864014,2.063481330871582,2.1322970390319824,1.9597162008285522,2.2314419746398926,2.172313690185547,2.3693342208862305,2.4554452896118164,2.6608986854553223,2.884014129638672,3.01094913482666
B4,1.176169753074646,1.0370662212371826,0.8316807746887207,0.9040150046348572,0.700208306312561,0.9748362898826599,1.0007202625274658,1.0409959554672241,1.091248869895935,1.067409634590149,1.4280563592910767,1.517250895500183,1.9009082317352295,2.0267226696014404,2.3998923301696777,0.9403547644615173,0.6402834057807922,0.38324955105781555,0.0,0.39752286672592163,0.6354996562004089,0.8854429721832275,0.8543738126754761,1.1053391695022583,1.110434889793396,1.4844902753829956,1.6481214761734009,2.0075314044952393,2.2075014114379883,2.538590431213379,1.1237390041351318,0.9951690435409546,0.8427901864051819,0.7453357577323914,0.9714517593383789,0.884768545627594,1.1665537357330322,1.0625289678573608,1.3788732290267944,1.406036615371704,1.7204209566116333,1.9020912647247314,2.2159440517425537,2.447371244430542,2.731856107711792,1.7746061086654663,1.7498939037322998,1.5508832931518555,1.4546843767166138,1.5878509283065796,1.3583329916000366,1.5797046422958374,1.474018931388855,1.7795090675354004,1.8127111196517944,2.0586905479431152,2.2367281913757324,2.4926676750183105,2.7415294647216797,2.970306873321533,2.4590470790863037,2.525113105773926,2.333012580871582,2.3002376556396484,2.2759273052215576,2.0186777114868164,2.09285831451416,1.9759527444839478,2.286020278930664,2.291234254837036,2.493424892425537,2.6312530040740967,2.8332037925720215,3.09075927734375,3.2263691425323486
B5,1.507650375366211,1.3806917667388916,1.1055796146392822,1.1004647016525269,0.7905874252319336,0.934840738773346,0.9039777517318726,1.0700589418411255,1.123221516609192,1.2224560976028442,1.5627573728561401,1.7160431146621704,2.092792510986328,2.252919912338257,2.6285598278045654,1.2632700204849243,0.987142026424408,0.6725944876670837,0.39752286672592163,0.0,0.3791728913784027,0.6042537093162537,0.7366766929626465,1.0178791284561157,1.145759105682373,1.519203782081604,1.7454519271850586,2.1095407009124756,2.3413355350494385,2.6846048831939697,1.2789278030395508,1.0990729331970215,0.8322312831878662,0.6242137551307678,0.6871131062507629,0.5177817940711975,0.8308161497116089,0.8291426301002502,1.2002809047698975,1.3278868198394775,1.6596111059188843,1.9031713008880615,2.2308125495910645,2.494220733642578,2.796327590942383,1.7373377084732056,1.6609787940979004,1.3968669176101685,1.2472761869430542,1.2967994213104248,1.0219887495040894,1.2430938482284546,1.1997153759002686,1.546951174736023,1.6548194885253906,1.9213900566101074,2.155531883239746,2.429854393005371,2.7120611667633057,2.9619007110595703,2.3321714401245117,2.358402729034424,2.1201894283294678,2.0506739616394043,1.97636878490448,1.6860158443450928,1.753072738647461,1.675885558128357,2.010563611984253,2.0711264610290527,2.284104585647583,2.4702389240264893,2.680593729019165,2.9697611331939697,3.130514621734619
B6,1.5480378866195679,1.3981937170028687,1.0536720752716064,0.9661186933517456,0.6314979791641235,0.6272929906845093,0.5641657114028931,0.8197665214538574,0.95411616563797,1.1542195081710815,1.4875261783599854,1.7173717021942139,2.0742945671081543,2.2910220623016357,2.6468770503997803,1.4592243432998657,1.235651969909668,0.8775308132171631,0.6354996562004089,0.3791728913784027,0.0,0.36368727684020996,0.5418418645858765,0.9123523235321045,1.1322972774505615,1.465927243232727,1.7540926933288574,2.0851104259490967,2.3651680946350098,2.6859424114227295,1.5381172895431519,1.416960597038269,1.1100102663040161,0.9550274610519409,0.9120057821273804,0.5925654768943787,0.7856080532073975,0.7661635875701904,1.1443707942962646,1.3344993591308594,1.6114294528961182,1.9007856845855713,2.1894216537475586,2.4917585849761963,2.7692441940307617,1.950087070465088,1.9043831825256348,1.5951149463653564,1.4743502140045166,1.4465810060501099,1.1061811447143555,1.2272900342941284,1.1715564727783203,1.4984352588653564,1.6480590105056763,1.8588547706604004,2.1270458698272705,2.3608779907226562,2.675079822540283,2.900627613067627,2.469433069229126,2.5110318660736084,2.2350504398345947,2.1802213191986084,2.0518815517425537,1.7343864440917969,1.7242871522903442,1.6328613758087158,1.9439278841018677,2.027545213699341,2.187037706375122,2.394726037979126,2.5599658489227295,2.8676247596740723,3.003880500793457
B7,1.6649266481399536,1.588301420211792,1.2312711477279663,1.1975570917129517,0.9227949380874634,0.8164482116699219,0.5791767835617065,0.8230006694793701,0.849180281162262,1.1234221458435059,1.393009901046753,1.658997654914856,1.9913052320480347,2.2306478023529053,2.5792438983917236,1.5609809160232544,1.399796485900879,1.0140018463134766,0.8854429721832275,0.6042537093162537,0.36368727684020996,0.0,0.37748077511787415,0.6715178489685059,0.9787670373916626,1.2722325325012207,1.5975542068481445,1.9149004220962524,2.214467763900757,2.535851240158081,1.5372505187988281,1.4518600702285767,1.0899429321289062,0.9964486956596375,0.8579652905464172,0.5035125017166138,0.5125158429145813,0.4624866545200348,0.8292362689971924,1.081533670425415,1.3373159170150757,1.6630964279174805,1.9459500312805176,2.2670366764068604,2.549179792404175,1.7992383241653442,1.7726720571517944,1.4262820482254028,1.3511892557144165,1.276287317276001,0.9187577962875366,0.9485369324684143,0.8536794185638428,1.1600700616836548,1.3380082845687866,1.5336734056472778,1.8291085958480835,2.061703681945801,2.3932197093963623,2.626197576522827,2.2261672019958496,2.2767539024353027,1.9783469438552856,1.9479496479034424,1.7997390031814575,1.4920192956924438,1.4323512315750122,1.3063039779663086,1.5977202653884888,1.6847847700119019,1.8308912515640259,2.051694393157959,2.2141172885894775,2.5324177742004395,2.6792800426483154
B8,1.3552899360656738,1.3292754888534546,0.9779430031776428,1.0270438194274902,0.8675035834312439,0.7902939319610596,0.4895491898059845,0.5439916849136353,0.4773482382297516,0.754581868648529,1.018756628036499,1.29739511013031,1.6238800287246704,1.8767179250717163,2.2167789936065674,1.329079508781433,1.2447426319122314,0.8596822619438171,0.8543738126754761,0.7366766929626465,0.5418418645858765,0.37748077511787415,0.0,0.4022514522075653,0.66718590259552,0.9509044289588928,1.2762256860733032,1.5809708833694458,1.8885984420776367,2.196563243865967,1.3873621225357056,1.3917292356491089,1.0603785514831543,1.0868934392929077,1.0566861629486084,0.782021164894104,0.765811562538147,0.5029074549674988,0.7562270760536194,0.9020512700080872,1.1153960227966309,1.4109456539154053,1.6693352460861206,1.987298846244812,2.2493417263031006,1.7358975410461426,1.7873262166976929,1.474043369293213,1.4845457077026367,1.4826809167861938,1.1688154935836792,1.1766809225082397,0.964553952217102,1.1829222440719604,1.263537883758545,1.4077566862106323,1.6533870697021484,1.8526034355163574,2.1677792072296143,2.374750852584839,2.2045133113861084,2.315582275390625,2.05222225189209,2.085117816925049,1.9846422672271729,1.723617434501648,1.6490740776062012,1.4468060731887817,1.6819618940353394,1.6872186660766602,1.798112154006958,1.9587905406951904,2.0974855422973633,2.3846027851104736,2.4976747035980225
B9,1.4017456769943237,1.486794114112854,1.1876442432403564,1.3312671184539795,1.2369017601013184,1.1724973917007446,0.8464492559432983,0.7822568416595459,0.48469874262809753,0.7121865749359131,0.8403220772743225,1.1097841262817383,1.4005261659622192,1.6514818668365479,1.985182523727417,1.3224835395812988,1.331251859664917,0.9801843166351318,1.1053391695022583,1.0178791284561157,0.9123523235321045,0.6715178489685059,0.4022514522075653,0.0,0.38535797595977783,0.6067754626274109,0.951299250125885,1.2523891925811768,1.5617904663085938,1.8781377077102661,1.2684910297393799,1.3480509519577026,1.0198830366134644,1.1623655557632446,1.1319975852966309,0.9491409659385681,0.824009120464325,0.45239150524139404,0.463969886302948,0.5288639664649963,0.7137206196784973,1.0166020393371582,1.2837748527526855,1.6039859056472778,1.8792914152145386,1.485869288444519,1.6002558469772339,1.3002002239227295,1.4093208312988281,1.4346922636032104,1.1844494342803955,1.1331360340118408,0.8192474246025085,0.9235630035400391,0.9185824990272522,1.0358524322509766,1.2558995485305786,1.461401343345642,1.7697412967681885,1.9884037971496582,1.8970017433166504,2.05190110206604,1.8104172945022583,1.9065426588058472,1.8451036214828491,1.6482080221176147,1.5556658506393433,1.281618356704712,1.4554530382156372,1.3855544328689575,1.4876686334609985,1.6025819778442383,1.753209114074707,2.0190272331237793,2.1404807567596436
B10,1.1517140865325928,1.3247268199920654,1.108139991760254,1.3551900386810303,1.340240716934204,1.3635668754577637,1.0884017944335938,0.9104398488998413,0.5436303019523621,0.5261074304580688,0.5980940461158752,0.7706969380378723,1.0817501544952393,1.2927638292312622,1.6441243886947632,1.0371692180633545,1.1374387741088867,0.8606467843055725,1.110434889793396,1.145759105682373,1.1322972774505615,0.9787670373916626,0.66718590259552,0.38535797595977783,0.0,0.38375794887542725,0.6262801289558411,0.9735756516456604,1.242669701576233,1.5756900310516357,1.0115718841552734,1.1839357614517212,0.9413158893585205,1.1864594221115112,1.2688838243484497,1.176851749420166,1.1177550554275513,0.7473239302635193,0.6903102993965149,0.4985656142234802,0.6675545573234558,0.8296900987625122,1.1121610403060913,1.378945231437683,1.657936453819275,1.3419049978256226,1.5244500637054443,1.3035322427749634,1.471941351890564,1.5918989181518555,1.407084584236145,1.4078203439712524,1.0748144388198853,1.1322970390319824,0.9958605766296387,1.1050221920013428,1.2078731060028076,1.409684419631958,1.653687834739685,1.8637346029281616,1.8473619222640991,2.048536777496338,1.8741761445999146,2.0106418132781982,2.0216803550720215,1.8739341497421265,1.8241416215896606,1.5320262908935547,1.6807310581207275,1.534498929977417,1.6473634243011475,1.6804118156433105,1.8428889513015747,2.0498178005218506,2.155608654022217
B11,1.3019260168075562,1.5339179039001465,1.3466030359268188,1.6027456521987915,1.6400359869003296,1.6182388067245483,1.3172295093536377,1.0911821126937866,0.6927635073661804,0.6700084209442139,0.49498116970062256,0.6859034895896912,0.8762706518173218,1.1318024396896362,1.4346901178359985,1.286506175994873,1.4593737125396729,1.221359133720398,1.4844902753829956,1.519203782081604,1.465927243232727,1.2722325325012207,0.9509044289588928,0.6067754626274109,0.38375794887542725,0.0,0.38869529962539673,0.6456896066665649,0.9696739315986633,1.2728873491287231,1.2600483894348145,1.4909297227859497,1.2760529518127441,1.5471612215042114,1.6033555269241333,1.5077769756317139,1.3830833435058594,1.0092296600341797,0.8149200081825256,0.5630654692649841,0.4740365147590637,0.5670449733734131,0.7628263235092163,1.05633544921875,1.3060425519943237,1.4634804725646973,1.70759916305542,1.5080803632736206,1.7351312637329102,1.8394962549209595,1.6755108833312988,1.6093043088912964,1.2442493438720703,1.1798546314239502,0.9739907383918762,0.9494268298149109,0.9772496223449707,1.1001057624816895,1.3333020210266113,1.5086272954940796,1.851570725440979,2.102759838104248,1.9474612474441528,2.140214681625366,2.159315824508667,2.0527749061584473,1.9577466249465942,1.6233464479446411,1.6850141286849976,1.4768058061599731,1.5165176391601562,1.481703281402588,1.5954397916793823,1.7625700235366821,1.8310467004776
B12,1.2749240398406982,1.5847898721694946,1.4881728887557983,1.8028717041015625,1.8810176849365234,1.9159958362579346,1.6475768089294434,1.3892090320587158,1.0033286809921265,0.8374133110046387,0.592926025390625,0.5348031520843506,0.6494392156600952,0.8130810260772705,1.1243714094161987,1.2106285095214844,1.4654029607772827,1.3222253322601318,1.6481214761734009,1.7454519271850586,1.7540926933288574,1.5975542068481445,1.2762256860733032,0.951299250125885,0.6262801289558411,0.38869529962539673,0.0,0.38953617215156555,0.6173833012580872,0.9583319425582886,1.1710257530212402,1.475342869758606,1.3547905683517456,1.681934118270874,1.8012535572052002,1.7717174291610718,1.6806339025497437,1.3151901960372925,1.111552357673645,0.7707719206809998,0.6745984554290771,0.5059542059898376,0.6688323020935059,0.833977460861206,1.087164044380188,1.39555823802948,1.6983413696289062,1.584963321685791,1.8552567958831787,2.024207592010498,1.917075753211975,1.8851640224456787,1.5197973251342773,1.433867335319519,1.1505601406097412,1.1277087926864624,1.0200227499008179,1.126772165298462,1.2483789920806885,1.409496545791626,1.8231301307678223,2.113499402999878,2.029858112335205,2.255964756011963,2.3379502296447754,2.278269052505493,2.219590425491333,1.8812901973724365,1.9242619276046753,1.66339111328125,1.7185465097427368,1.6086344718933105,1.736645221710205,1.8303571939468384,1.887747883796692
B13,1.4793156385421753,1.8120075464248657,1.7405505180358887,2.051037549972534,2.1714870929718018,2.1781771183013916,1.904456377029419,1.6163969039916992,1.244016170501709,1.0888292789459229,0.7470868825912476,0.6753270030021667,0.5451335906982422,0.730107307434082,0.9211876392364502,1.5258893966674805,1.8114479780197144,1.6846662759780884,2.0075314044952393,2.1095407009124756,2.0851104259490967,1.9149004220962524,1.5809708833694458,1.2523891925811768,0.9735756516456604,0.6456896066665649,0.38953617215156555,0.0,0.38443684577941895,0.629893958568573,1.530102014541626,1.8514785766601562,1.7429314851760864,2.0701828002929688,2.1757988929748535,2.128868579864502,2.0083680152893066,1.6407126188278198,1.3980584144592285,1.0791568756103516,0.8587203025817871,0.6129102110862732,0.5156303644180298,0.6166474223136902,0.7628451585769653,1.6911128759384155,2.0197834968566895,1.9207074642181396,2.211646556854248,2.36500883102417,2.2593369483947754,2.189185857772827,1.8151124715805054,1.6691161394119263,1.369956135749817,1.2424899339675903,1.0561672449111938,1.0273633003234863,1.079210877418518,1.150460124015808,2.0129470825195312,2.3345367908477783,2.2693498134613037,2.528515577316284,2.610595941543579,2.572995185852051,2.4816277027130127,2.1247661113739014,2.1066176891326904,1.81327223777771,1.7973229885101318,1.6236591339111328,1.6821256875991821,1.7095415592193604,1.7020975351333618
