,A1,A2,A3,A4,A5,A6,A7,A8,A9,A10,A11,A12,A13,A14,A15,B1,B2,B3,B4,B5,B6,B7,B8,B9,B10,B11,B12,B13,B14,B15,C1,C2,C3,C4,C5,C6,C7,C8,C9,C10,C11,C12,C13,C14,C15,D1,D2,D3,D4,D5,D6,D7,D8,D9,D10,D11,D12,D13,D14,D15,E1,E2,E3,E4,E5,E6,E7,E8,E9,E10,E11,E12,E13,E14,E15
A1,0.0,0.3923303186893463,0.5851656198501587,0.7292889952659607,1.1159934997558594,1.3642138242721558,1.5152466297149658,1.284252643585205,1.2015200853347778,0.9013457894325256,1.0577508211135864,0.942523717880249,1.2816178798675537,1.3831326961517334,1.7598581314086914,0.5441584587097168,0.6976669430732727,0.7527936100959778,0.8431509733200073,1.0747543573379517,1.4505400657653809,1.5844918489456177,1.2908095121383667,1.2460048198699951,0.9761062264442444,1.1520130634307861,1.0988352298736572,1.412700891494751,1.566368818283081,1.890769124031067,1.0307456254959106,1.1536571979522705,1.2010695934295654,1.2569808959960938,1.4675706624984741,1.7969011068344116,1.7755848169326782,1.45076322555542,1.465698003768921,1.2661620378494263,1.4225643873214722,1.4083467721939087,1.6709238290786743,1.8470124006271362,2.117555856704712,1.5151208639144897,1.6268165111541748,1.6714668273925781,1.7099660634994507,1.8959730863571167,2.1706318855285645,2.0929973125457764,1.7650729417800903,1.8057681322097778,1.6574336290359497,1.79110848903656,1.7988810539245605,2.0126140117645264,2.1940603256225586,2.406710624694824,1.9989097118377686,2.107731819152832,2.168306827545166,2.183765411376953,2.3603358268737793,2.5478689670562744,2.481151580810547,2.158597946166992,2.213487148284912,2.0887038707733154,2.2051687240600586,2.233855724334717,2.4036312103271484,2.5925118923187256,2.73934006690979
A2,0.3923303186893463,0.0,0.38836562633514404,0.7284359931945801,1.0451138019561768,1.3121448755264282,1.5551679134368896,1.3956170082092285,1.413648247718811,1.1778899431228638,1.4020695686340332,1.3271591663360596,1.6711294651031494,1.7672067880630493,2.1394221782684326,0.7089141011238098,0.6334773898124695,0.6659241318702698,0.8773707747459412,1.031504511833191,1.410707950592041,1.6136255264282227,1.3926814794540405,1.4466122388839722,1.2450488805770874,1.4839203357696533,1.46822190284729,1.796286702156067,1.948547124862671,2.2785511016845703,1.1564366817474365,1.1488953828811646,1.1633094549179077,1.2809507846832275,1.4186259508132935,1.7734428644180298,1.8032848834991455,1.5387697219848633,1.6410036087036133,1.4955430030822754,1.7155413627624512,1.7354817390441895,2.0263376235961914,2.2091689109802246,2.4954183101654053,1.631270408630371,1.6520179510116577,1.6647038459777832,1.738762378692627,1.864454746246338,2.1590332984924316,2.1268725395202637,1.8453537225723267,1.9601565599441528,1.8537214994430542,2.0462043285369873,2.0871572494506836,2.33512020111084,2.5311262607574463,2.7658298015594482,2.1123578548431396,2.1522254943847656,2.183655261993408,2.2191169261932373,2.344083547592163,2.543862819671631,2.520766019821167,2.2364389896392822,2.3531882762908936,2.263448476791382,2.4314281940460205,2.4922494888305664,2.6962523460388184,2.9062232971191406,3.0773212909698486
A3,0.5851656198501587,0.38836562633514404,0.0,0.39883947372436523,0.6616595983505249,0.9435949921607971,1.2070780992507935,1.0842230319976807,1.1857789754867554,1.034314513206482,1.3381010293960571,1.3699238300323486,1.7400065660476685,1.9120585918426514,2.283384084701538,0.9202367663383484,0.8394696712493896,0.6735786199569702,0.7471473813056946,0.7603670358657837,1.1422860622406006,1.3145813941955566,1.1190105676651,1.2581090927124023,1.1482946872711182,1.442864179611206,1.524417757987976,1.8629870414733887,2.080850124359131,2.403796672821045,1.3223403692245483,1.3114110231399536,1.2099193334579468,1.225839376449585,1.2767808437347412,1.5893505811691284,1.5690377950668335,1.3362197875976562,1.5019623041152954,1.440421462059021,1.6933079957962036,1.7930455207824707,2.0853559970855713,2.3229808807373047,2.59979248046875,1.7719314098358154,1.794396996498108,1.7265805006027222,1.7211906909942627,1.7850511074066162,2.027529001235962,1.9535001516342163,1.7043875455856323,1.8624703884124756,1.8258178234100342,2.0352096557617188,2.1393730640411377,2.3824379444122314,2.6242573261260986,2.847715139389038,2.2353150844573975,2.2812392711639404,2.2519690990448,2.2219431400299072,2.303567409515381,2.4498302936553955,2.3929920196533203,2.1380269527435303,2.285947799682617,2.252565383911133,2.427138090133667,2.5384058952331543,2.730428695678711,2.976274013519287,3.1309235095977783
A4,0.7292889952659607,0.7284359931945801,0.39883947372436523,0.0,0.3942718207836151,0.6739115118980408,0.8517981171607971,0.6871678829193115,0.8164710998535156,0.7354958057403564,1.0876455307006836,1.220185399055481,1.5932694673538208,1.8353735208511353,2.194737672805786,1.062362790107727,1.078493356704712,0.8358607888221741,0.7001323103904724,0.6263554692268372,0.9863247871398926,1.04423189163208,0.7991382479667664,0.9610262513160706,0.9199649691581726,1.2253457307815552,1.388275146484375,1.7125962972640991,1.98714280128479,2.2898902893066406,1.4276480674743652,1.485258936882019,1.3300703763961792,1.2229913473129272,1.2522462606430054,1.4930171966552734,1.3755820989608765,1.1258690357208252,1.2865352630615234,1.279009461402893,1.5143647193908691,1.6707547903060913,1.936997413635254,2.216395378112793,2.4678995609283447,1.8497682809829712,1.927546501159668,1.82261061668396,1.7301748991012573,1.785018801689148,1.9616785049438477,1.8124275207519531,1.5611259937286377,1.701705813407898,1.7044562101364136,1.8848484754562378,2.0257577896118164,2.236485004425049,2.5072968006134033,2.7021141052246094,2.292123556137085,2.385697841644287,2.329511880874634,2.233802080154419,2.315523147583008,2.405406951904297,2.2853736877441406,2.031057357788086,2.1597235202789307,2.154125213623047,2.296255111694336,2.430868148803711,2.5859601497650146,2.8476147651672363,2.968893527984619
A5,1.1159934997558594,1.0451138019561768,0.6616595983505249,0.3942718207836151,0.0,0.39832204580307007,0.6437805891036987,0.623584508895874,0.919377863407135,0.9835253357887268,1.3563206195831299,1.5528515577316284,1.9160430431365967,2.18841814994812,2.5352418422698975,1.4211899042129517,1.3817386627197266,1.08201265335083,0.9143099188804626,0.658684492111206,0.915993332862854,0.9290249943733215,0.799622654914856,1.0895209312438965,1.172803521156311,1.4950169324874878,1.715576171875,2.0303165912628174,2.331864595413208,2.6227991580963135,1.7415739297866821,1.7563940286636353,1.5371830463409424,1.3880971670150757,1.306230068206787,1.4787747859954834,1.3268343210220337,1.172756552696228,1.41495943069458,1.502795696258545,1.760846495628357,1.971327543258667,2.233529567718506,2.5398528575897217,2.7825794219970703,2.128103256225586,2.174640417098999,2.0120127201080322,1.8779590129852295,1.853487491607666,1.9743313789367676,1.8060486316680908,1.6265751123428345,1.8249876499176025,1.9023809432983398,2.1041343212127686,2.294830560684204,2.5044000148773193,2.8031327724456787,2.9916794300079346,2.543018341064453,2.614638328552246,2.5077784061431885,2.3724172115325928,2.395164966583252,2.436436653137207,2.304436206817627,2.105682849884033,2.278860330581665,2.333733320236206,2.4925737380981445,2.6716902256011963,2.824075937271118,3.1124014854431152,3.2261438369750977
A6,1.3642138242721558,1.3121448755264282,0.9435949921607971,0.6739115118980408,0.39832204580307007,0.0,0.3948800265789032,0.6068729758262634,0.9191551804542542,1.0991222858428955,1.4666937589645386,1.715444564819336,2.0714030265808105,2.363577127456665,2.7135512828826904,1.5481226444244385,1.494910717010498,1.1398829221725464,0.8899646997451782,0.5344093441963196,0.6192473769187927,0.5784756541252136,0.5958863496780396,0.9701272249221802,1.1659681797027588,1.5092341899871826,1.787219524383545,2.106415271759033,2.4344074726104736,2.7335715293884277,1.7698469161987305,1.771817922592163,1.4868760108947754,1.261690616607666,1.1013846397399902,1.1847412586212158,0.9933006763458252,0.9227898716926575,1.2269419431686401,1.4059089422225952,1.6934795379638672,1.9634886980056763,2.236323118209839,2.573901653289795,2.827796459197998,2.0868611335754395,2.1252601146698,1.9043282270431519,1.706560730934143,1.6275843381881714,1.6836061477661133,1.4876757860183716,1.3642059564590454,1.603212833404541,1.750946283340454,1.9772863388061523,2.2229249477386475,2.443174362182617,2.77569842338562,2.976094961166382,2.452089786529541,2.520402431488037,2.363579034805298,2.1754870414733887,2.1601667404174805,2.150341272354126,1.9952017068862915,1.8373700380325317,2.0390830039978027,2.149249792098999,2.324922800064087,2.5512969493865967,2.7099523544311523,3.0307891368865967,3.1534879207611084
A7,1.5152466297149658,1.5551679134368896,1.2070780992507935,0.8517981171607971,0.6437805891036987,0.3948800265789032,0.0,0.3844868242740631,0.6999940872192383,0.9905139207839966,1.3234827518463135,1.6357887983322144,1.9576940536499023,2.2882113456726074,2.6108901500701904,1.6979707479476929,1.7232201099395752,1.3819537162780762,1.0559582710266113,0.7710526585578918,0.7829620242118835,0.5168896913528442,0.4671497046947479,0.8112135529518127,1.0829346179962158,1.37699294090271,1.7031307220458984,1.9807063341140747,2.3380813598632812,2.6050264835357666,1.899065375328064,1.9679360389709473,1.691169261932373,1.402930736541748,1.2818392515182495,1.2876182794570923,0.9868307113647461,0.8917079567909241,1.1274802684783936,1.344775915145874,1.5757306814193726,1.8762836456298828,2.103188991546631,2.460390567779541,2.6791012287139893,2.190080165863037,2.2864468097686768,2.0695714950561523,1.8193633556365967,1.7675758600234985,1.7634599208831787,1.48982572555542,1.3559702634811401,1.5331168174743652,1.700688123703003,1.8709192276000977,2.1319267749786377,2.305011034011841,2.6482279300689697,2.8119146823883057,2.530937910079956,2.6502175331115723,2.4953367710113525,2.2656474113464355,2.274580717086792,2.220202922821045,1.9986295700073242,1.8323824405670166,1.9832841157913208,2.103083848953247,2.2266485691070557,2.457625150680542,2.5686049461364746,2.8894338607788086,2.9728994369506836
A8,1.284252643585205,1.3956170082092285,1.0842230319976807,0.6871678829193115,0.623584508895874,0.6068729758262634,0.3844868242740631,0.0,0.389559268951416,0.6505699753761292,0.982166588306427,1.2954705953598022,1.6106935739517212,1.9481558799743652,2.2598631381988525,1.5323072671890259,1.6268091201782227,1.337478518486023,1.0198593139648438,0.8486448526382446,0.9972544312477112,0.7787085175514221,0.5050965547561646,0.6972383856773376,0.8756945729255676,1.127331256866455,1.4302208423614502,1.6874346733093262,2.040050745010376,2.289372444152832,1.7926665544509888,1.9182677268981934,1.7025808095932007,1.443190574645996,1.4218345880508423,1.4962780475616455,1.211112380027771,0.9941419959068298,1.1223074197769165,1.2470651865005493,1.4198083877563477,1.6758383512496948,1.873142123222351,2.212639808654785,2.408780813217163,2.1283557415008545,2.2696683406829834,2.1106553077697754,1.8932074308395386,1.9180365800857544,1.9634255170822144,1.6926323175430298,1.478078007698059,1.5781053304672241,1.6690545082092285,1.7864266633987427,1.9951175451278687,2.1373326778411865,2.452544689178467,2.5914175510406494,2.5031960010528564,2.6572113037109375,2.5547661781311035,2.357602119445801,2.4259817600250244,2.411933183670044,2.1887152194976807,1.9626630544662476,2.0546820163726807,2.1110141277313232,2.1920716762542725,2.3717381954193115,2.45629620552063,2.743124008178711,2.8033649921417236
A9,1.2015200853347778,1.413648247718811,1.1857789754867554,0.8164710998535156,0.919377863407135,0.9191551804542542,0.6999940872192383,0.389559268951416,0.0,0.3742944300174713,0.6366804838180542,0.9832737445831299,1.2739014625549316,1.6218023300170898,1.9265211820602417,1.3907309770584106,1.5688810348510742,1.3313604593276978,0.9946607947349548,0.9664574265480042,1.1284451484680176,0.9158881306648254,0.5443869233131409,0.47192099690437317,0.5824511647224426,0.7617567181587219,1.0798990726470947,1.3138883113861084,1.677253246307373,1.9193364381790161,1.621194839477539,1.8168141841888428,1.6472136974334717,1.379002332687378,1.4521381855010986,1.5366103649139404,1.2531081438064575,0.9493794441223145,0.9355942010879517,0.9906198978424072,1.0895129442214966,1.3300398588180542,1.4979443550109863,1.8382664918899536,2.023468017578125,1.9384434223175049,2.137622356414795,2.0198700428009033,1.801741361618042,1.8991769552230835,1.9569997787475586,1.674983024597168,1.3970075845718384,1.4014785289764404,1.4341068267822266,1.4898097515106201,1.6675218343734741,1.7788742780685425,2.083437442779541,2.208085775375366,2.3031959533691406,2.5041937828063965,2.43855619430542,2.2477736473083496,2.3741509914398193,2.3765170574188232,2.1354098320007324,1.8597368001937866,1.8807032108306885,1.8877590894699097,1.91982901096344,2.0638270378112793,2.120767116546631,2.3879125118255615,2.433403730392456
A10,0.9013457894325256,1.1778899431228638,1.034314513206482,0.7354958057403564,0.9835253357887268,1.0991222858428955,0.9905139207839966,0.6505699753761292,0.3742944300174713,0.0,0.37533971667289734,0.6474221348762512,0.9798092246055603,1.301901936531067,1.6288294792175293,1.1334611177444458,1.3634097576141357,1.2026573419570923,0.9388937950134277,1.026944637298584,1.283311128616333,1.1711839437484741,0.7797012329101562,0.630639374256134,0.48566025495529175,0.615177571773529,0.8289600610733032,1.0823466777801514,1.4119549989700317,1.669966220855713,1.427130103111267,1.6532858610153198,1.5565990209579468,1.3609124422073364,1.512218952178955,1.6767975091934204,1.4614278078079224,1.1090353727340698,1.0459074974060059,0.9640404582023621,1.0284829139709473,1.171130895614624,1.3428987264633179,1.6400316953659058,1.8342825174331665,1.7949448823928833,2.009789228439331,1.9550127983093262,1.8022109270095825,1.9572569131851196,2.082789182662964,1.8485156297683716,1.5236093997955322,1.4958475828170776,1.437212586402893,1.4750480651855469,1.5752205848693848,1.689875841140747,1.9490121603012085,2.0798466205596924,2.198989152908325,2.405524492263794,2.3936712741851807,2.2602922916412354,2.428356409072876,2.4886252880096436,2.2851145267486572,1.970410704612732,1.9675092697143555,1.9074167013168335,1.932381510734558,2.0164735317230225,2.08286190032959,2.310373544692993,2.366068124771118
A11,1.0577508211135864,1.4020695686340332,1.3381010293960571,1.0876455307006836,1.3563206195831299,1.4666937589645386,1.3234827518463135,0.982166588306427,0.6366804838180542,0.37533971667289734,0.0,0.38173043727874756,0.6373428106307983,0.9904886484146118,1.2905887365341187,1.2317287921905518,1.5349899530410767,1.4439952373504639,1.204347014427185,1.3588330745697021,1.5959266424179077,1.4705265760421753,1.079704761505127,0.818364679813385,0.593252420425415,0.4678304195404053,0.5971521735191345,0.7560882568359375,1.0919346809387207,1.3152344226837158,1.4876195192337036,1.7775163650512695,1.7391282320022583,1.5557643175125122,1.7655565738677979,1.9215855598449707,1.7072863578796387,1.335372805595398,1.166197657585144,1.0074328184127808,0.9324076771736145,0.9926589727401733,1.0764482021331787,1.3466885089874268,1.4980640411376953,1.8228434324264526,2.092735767364502,2.0876097679138184,1.944856882095337,2.1533946990966797,2.2786178588867188,2.0385515689849854,1.6875360012054443,1.5729926824569702,1.4518206119537354,1.3967512845993042,1.4269737005233765,1.4726837873458862,1.6900248527526855,1.7776551246643066,2.2037551403045654,2.4562296867370605,2.486726999282837,2.365560293197632,2.5805141925811768,2.648993492126465,2.4314301013946533,2.0893173217773438,2.015775442123413,1.9041651487350464,1.8618003129959106,1.8860552310943604,1.9011459350585938,2.0817699432373047,2.100429058074951
A12,0.942523717880249,1.3271591663360596,1.3699238300323486,1.220185399055481,1.5528515577316284,1.715444564819336,1.6357887983322144,1.2954705953598022,0.9832737445831299,0.6474221348762512,0.38173043727874756,0.0,0.37793949246406555,0.6557697653770447,0.999201238155365,1.101263403892517,1.4476224184036255,1.4535282850265503,1.3049567937850952,1.5327717065811157,1.8127100467681885,1.75425124168396,1.367316484451294,1.104174017906189,0.7861964702606201,0.617206871509552,0.48177385330200195,0.6094240546226501,0.8444306254386902,1.0881476402282715,1.3847239017486572,1.697621464729309,1.741780161857605,1.6367642879486084,1.9008879661560059,2.110004425048828,1.953260064125061,1.566831111907959,1.3808870315551758,1.1334357261657715,1.0287632942199707,0.9472600221633911,1.0147756338119507,1.1924315690994263,1.3500876426696777,1.742045521736145,2.022019863128662,2.085078477859497,2.0103447437286377,2.2636659145355225,2.441239356994629,2.2474844455718994,1.873977780342102,1.7404934167861938,1.5463892221450806,1.4765639305114746,1.4148797988891602,1.4591526985168457,1.6031912565231323,1.6967544555664062,2.1418118476867676,2.395390033721924,2.482173442840576,2.4205727577209473,2.6697654724121094,2.788372755050659,2.6089062690734863,2.2437803745269775,2.1519899368286133,1.9820404052734375,1.9346574544906616,1.893125057220459,1.918915867805481,2.045795202255249,2.078928232192993
A13,1.2816178798675537,1.6711294651031494,1.7400065660476685,1.5932694673538208,1.9160430431365967,2.0714030265808105,1.9576940536499023,1.6106935739517212,1.2739014625549316,0.9798092246055603,0.6373428106307983,0.37793949246406555,0.0,0.38486045598983765,0.6539388298988342,1.3974835872650146,1.764769196510315,1.8040838241577148,1.6599632501602173,1.897573709487915,2.158505916595459,2.0762743949890137,1.6903367042541504,1.3905080556869507,1.0892220735549927,0.8193352222442627,0.6046791672706604,0.4758414626121521,0.6199378967285156,0.7608218789100647,1.6283835172653198,1.9706506729125977,2.0484981536865234,1.9460484981536865,2.230473518371582,2.4218358993530273,2.2557055950164795,1.8687870502471924,1.632523775100708,1.3684542179107666,1.1691513061523438,1.0099681615829468,0.9389205574989319,1.028206706047058,1.0919647216796875,1.9344369173049927,2.2484633922576904,2.3449952602386475,2.2735958099365234,2.55352520942688,2.719996452331543,2.517378807067871,2.138758659362793,1.9511713981628418,1.7275362014770508,1.5804613828659058,1.4522095918655396,1.4067660570144653,1.4754536151885986,1.496079921722412,2.293891191482544,2.580901861190796,2.6990411281585693,2.6441707611083984,2.9219727516174316,3.038654327392578,2.8455493450164795,2.4706363677978516,2.326723575592041,2.1246354579925537,2.0154874324798584,1.9158040285110474,1.8799302577972412,1.940491795539856,1.9209333658218384
A14,1.3831326961517334,1.7672067880630493,1.9120585918426514,1.8353735208511353,2.18841814994812,2.363577127456665,2.2882113456726074,1.9481558799743652,1.6218023300170898,1.301901936531067,0.9904886484146118,0.6557697653770447,0.38486045598983765,0.0,0.39349448680877686,1.4408698081970215,1.816870093345642,1.9317656755447388,1.853758454322815,2.135451555252075,2.412597417831421,2.3751659393310547,1.9964563846588135,1.693957805633545,1.357897400856018,1.0947082042694092,0.7770980596542358,0.6065259575843811,0.4839222729206085,0.5943124294281006,1.6470237970352173,1.994740605354309,2.140536069869995,2.098883867263794,2.4183099269866943,2.640028476715088,2.5184438228607178,2.127748966217041,1.8808529376983643,1.5708552598953247,1.3621431589126587,1.107335090637207,1.0130341053009033,0.9605138897895813,1.009372591972351,1.9335678815841675,2.2502832412719727,2.406519651412964,2.3911798000335693,2.7038838863372803,2.9055211544036865,2.741590738296509,2.3527708053588867,2.1500649452209473,1.8776404857635498,1.7204256057739258,1.5162841081619263,1.4643067121505737,1.440853238105774,1.461076259613037,2.281378746032715,2.567141056060791,2.7364773750305176,2.733670234680176,3.038973808288574,3.1943273544311523,3.0336735248565674,2.6460378170013428,2.484630823135376,2.2373499870300293,2.1221706867218018,1.962132453918457,1.9333150386810303,1.9311565160751343,1.9262181520462036
A15,1.7598581314086914,2.1394221782684326,2.283384084701538,2.194737672805786,2.5352418422698975,2.7135512828826904,2.6108901500701904,2.2598631381988525,1.9265211820602417,1.6288294792175293,1.2905887365341187,0.999201238155365,0.6539388298988342,0.39349448680877686,0.0,1.829504132270813,2.204768657684326,2.3252081871032715,2.240253210067749,2.5125393867492676,2.781810998916626,2.719325542449951,2.3372600078582764,2.0240745544433594,1.708984136581421,1.4143949747085571,1.1192046403884888,0.8556059002876282,0.6536366939544678,0.4974033236503601,2.0173656940460205,2.370313882827759,2.5255210399627686,2.4782233238220215,2.7986302375793457,3.0057010650634766,2.867666006088257,2.478914737701416,2.212657928466797,1.9115275144577026,1.6621246337890625,1.396481990814209,1.2128360271453857,1.0783072710037231,0.984772801399231,2.271449327468872,2.600485324859619,2.7701218128204346,2.7511940002441406,3.071265697479248,3.259737253189087,3.083089590072632,2.6962358951568604,2.4674699306488037,2.192213773727417,1.9906136989593506,1.7586485147476196,1.6341370344161987,1.5395482778549194,1.4681696891784668,2.5850791931152344,2.887561082839966,3.072643756866455,3.0698094367980957,3.3871819972991943,3.5348148345947266,3.3605198860168457,2.972282886505127,2.78104567527771,2.5232014656066895,2.365175485610962,2.1702144145965576,2.085434913635254,2.01947283744812,1.953160047531128
B1,0.5441584587097168,0.7089141011238098,0.9202367663383484,1.062362790107727,1.4211899042129517,1.5481226444244385,1.6979707479476929,1.5323072671890259,1.3907309770584106,1.1334611177444458,1.2317287921905518,1.101263403892517,1.3974835872650146,1.4408698081970215,1.829504132270813,0.0,0.38395771384239197,0.5827736854553223,0.740319550037384,1.101453185081482,1.4031155109405518,1.5973132848739624,1.3527475595474243,1.241248369216919,0.9502241611480713,1.1087439060211182,1.0122032165527344,1.3507009744644165,1.464802622795105,1.8368299007415771,0.4925149083137512,0.6603072881698608,0.7976496815681458,0.9264199137687683,1.233573317527771,1.578008770942688,1.6395922899246216,1.3203507661819458,1.28107488155365,1.0205401182174683,1.1984381675720215,1.147727370262146,1.4689981937408447,1.6271942853927612,1.960095763206482,0.9797676205635071,1.1010440587997437,1.195681095123291,1.2878050804138184,1.5408954620361328,1.8547552824020386,1.8364602327346802,1.4938997030258179,1.5014325380325317,1.2967607975006104,1.4617023468017578,1.4468499422073364,1.7204110622406006,1.897678017616272,2.173137664794922,1.466415524482727,1.573613166809082,1.6651359796524048,1.7215673923492432,1.9404363632202148,2.172133684158325,2.1447482109069824,1.8037089109420776,1.8385488986968994,1.673006534576416,1.8194125890731812,1.8343939781188965,2.0580995082855225,2.2524819374084473,2.4592316150665283
B2,0.6976669430732727,0.6334773898124695,0.8394696712493896,1.078493356704712,1.3817386627197266,1.494910717010498,1.7232201099395752,1.6268091201782227,1.5688810348510742,1.3634097576141357,1.5349899530410767,1.4476224184036255,1.764769196510315,1.816870093345642,2.204768657684326,0.38395771384239197,0.0,0.3794400990009308,0.7181382179260254,1.023110270500183,1.3120476007461548,1.5862528085708618,1.4188355207443237,1.4030603170394897,1.1874717473983765,1.4170997142791748,1.3749834299087524,1.7246240377426147,1.8468588590621948,2.2202646732330322,0.6042563915252686,0.5165658593177795,0.612928569316864,0.8549041748046875,1.0901881456375122,1.4717148542404175,1.60416841506958,1.3526002168655396,1.410078763961792,1.222740888595581,1.4734272956848145,1.4743925333023071,1.8168773651123047,1.986646294593811,2.330362558364868,1.0394868850708008,1.0209355354309082,1.0675854682922363,1.2143281698226929,1.4010096788406372,1.748085379600525,1.790808916091919,1.5015631914138794,1.59693443775177,1.4494377374649048,1.6855870485305786,1.7178460359573364,2.024836778640747,2.2206552028656006,2.5166001319885254,1.5096136331558228,1.5226985216140747,1.5726797580718994,1.6556313037872314,1.8153852224349976,2.068164587020874,2.096067190170288,1.7989939451217651,1.9082036018371582,1.7886934280395508,1.998733401298523,2.056868314743042,2.318195343017578,2.53816819190979,2.7706339359283447
B3,0.7527936100959778,0.6659241318702698,0.6735786199569702,0.8358607888221741,1.08201265335083,1.1398829221725464,1.3819537162780762,1.337478518486023,1.3313604593276978,1.2026573419570923,1.4439952373504639,1.4535282850265503,1.8040838241577148,1.9317656755447388,2.3252081871032715,0.5827736854553223,0.3794400990009308,0.0,0.39356639981269836,0.6511946320533752,0.9391797780990601,1.2250036001205444,1.0952041149139404,1.150662899017334,1.021973729133606,1.3246804475784302,1.3866510391235352,1.7571607828140259,1.9511507749557495,2.3218958377838135,0.7650697827339172,0.6827843189239502,0.5373430252075195,0.633245050907135,0.7851176857948303,1.1606695652008057,1.2670406103134155,1.0398589372634888,1.1743626594543457,1.0773869752883911,1.3874880075454712,1.484919548034668,1.837978482246399,2.071645975112915,2.4092514514923096,1.1533154249191284,1.1370652914047241,1.0539155006408691,1.086883783340454,1.199593424797058,1.5051425695419312,1.5102741718292236,1.2446669340133667,1.4025304317474365,1.3371778726577759,1.6093121767044067,1.7216876745224,2.0305728912353516,2.2818915843963623,2.569563388824463,1.5958824157714844,1.6160211563110352,1.5798405408859253,1.5750961303710938,1.6821389198303223,1.878918170928955,1.87246572971344,1.6005463600158691,1.755363941192627,1.703830361366272,1.9317288398742676,2.0541398525238037,2.3076839447021484,2.5724117755889893,2.79089093208313
B4,0.8431509733200073,0.8773707747459412,0.7471473813056946,0.7001323103904724,0.9143099188804626,0.8899646997451782,1.0559582710266113,1.0198593139648438,0.9946607947349548,0.9388937950134277,1.204347014427185,1.3049567937850952,1.6599632501602173,1.853758454322815,2.240253210067749,0.740319550037384,0.7181382179260254,0.39356639981269836,0.0,0.3887998163700104,0.6671923398971558,0.8771911263465881,0.7149092555046082,0.7705764770507812,0.7135130763053894,1.0587612390518188,1.2160686254501343,1.5857781171798706,1.8425260782241821,2.2005653381347656,0.880561888217926,0.9158105850219727,0.6886747479438782,0.5262292623519897,0.6546673774719238,0.9555967450141907,0.9568862915039062,0.6788418889045715,0.8251957297325134,0.7951300144195557,1.1278445720672607,1.3074973821640015,1.6498600244522095,1.9375616312026978,2.258086919784546,1.2196319103240967,1.2842260599136353,1.1422028541564941,1.0330352783203125,1.1324414014816284,1.3556807041168213,1.2656365633010864,0.9755685925483704,1.127253770828247,1.115492343902588,1.3769915103912354,1.5475783348083496,1.8345280885696411,2.1283881664276123,2.3946292400360107,1.6293758153915405,1.713118553161621,1.636182188987732,1.536643385887146,1.6427656412124634,1.7674705982208252,1.6814095973968506,1.3998452425003052,1.5396852493286133,1.5260850191116333,1.7274487018585205,1.8880540132522583,2.1093661785125732,2.4017279148101807,2.591862201690674
B5,1.0747543573379517,1.031504511833191,0.7603670358657837,0.6263554692268372,0.658684492111206,0.5344093441963196,0.7710526585578918,0.8486448526382446,0.9664574265480042,1.026944637298584,1.3588330745697021,1.5327717065811157,1.897573709487915,2.135451555252075,2.5125393867492676,1.101453185081482,1.023110270500183,0.6511946320533752,0.3887998163700104,0.0,0.3902095556259155,0.6149023771286011,0.5653610825538635,0.81525057554245,0.9096012711524963,1.2791205644607544,1.5038374662399292,1.8601447343826294,2.1516335010528564,2.4911892414093018,1.2600198984146118,1.2436670064926147,0.9548556208610535,0.7486764788627625,0.6571784019470215,0.8736248016357422,0.8129758238792419,0.6465715765953064,0.9361425042152405,1.0423022508621216,1.3795254230499268,1.6164535284042358,1.9384535551071167,2.254101276397705,2.5540685653686523,1.5666404962539673,1.592061996459961,1.3851855993270874,1.2238377332687378,1.2020306587219238,1.3507952690124512,1.2248297929763794,1.0259159803390503,1.2632228136062622,1.3535577058792114,1.6239192485809326,1.8462340831756592,2.1160998344421387,2.435739755630493,2.6831552982330322,1.9416828155517578,1.9984850883483887,1.8633970022201538,1.7151434421539307,1.741877794265747,1.8033199310302734,1.6973521709442139,1.4844796657562256,1.6830387115478516,1.7466762065887451,1.9578280448913574,2.165147542953491,2.371504783630371,2.687486171722412,2.858734607696533
B6,1.4505400657653809,1.410707950592041,1.1422860622406006,0.9863247871398926,0.915993332862854,0.6192473769187927,0.7829620242118835,0.9972544312477112,1.1284451484680176,1.283311128616333,1.5959266424179077,1.8127100467681885,2.158505916595459,2.412597417831421,2.781810998916626,1.4031155109405518,1.3120476007461548,0.9391797780990601,0.6671923398971558,0.3902095556259155,0.0,0.398079514503479,0.6014444828033447,0.888328492641449,1.0948662757873535,1.4497370719909668,1.7196171283721924,2.061796188354492,2.3713369369506836,2.7071192264556885,1.451114535331726,1.4120508432388306,1.0629643201828003,0.7738954424858093,0.5271215438842773,0.569374680519104,0.4785236418247223,0.5037896633148193,0.8842962980270386,1.1081840991973877,1.458832859992981,1.750631332397461,2.069334030151367,2.40824031829834,2.709923028945923,1.6557104587554932,1.6611971855163574,1.3821319341659546,1.1380977630615234,1.0186337232589722,1.0688303709030151,0.9125282764434814,0.8145831823348999,1.1283085346221924,1.3190089464187622,1.616468071937561,1.8985952138900757,2.1731581687927246,2.5224385261535645,2.776341199874878,1.9542782306671143,1.9981095790863037,1.7968549728393555,1.5805031061172485,1.5443047285079956,1.53498113155365,1.4046868085861206,1.256948471069336,1.5076510906219482,1.6502422094345093,1.8856050968170166,2.1492843627929688,2.361149787902832,2.709536075592041,2.8880510330200195
B7,1.5844918489456177,1.6136255264282227,1.3145813941955566,1.04423189163208,0.9290249943733215,0.5784756541252136,0.5168896913528442,0.7787085175514221,0.9158881306648254,1.1711839437484741,1.4705265760421753,1.75425124168396,2.0762743949890137,2.3751659393310547,2.719325542449951,1.5973132848739624,1.5862528085708618,1.2250036001205444,0.8771911263465881,0.6149023771286011,0.398079514503479,0.0,0.39325571060180664,0.7206553220748901,1.032258152961731,1.3528858423233032,1.680895209312439,1.9856457710266113,2.33131742477417,2.6339316368103027,1.6681492328643799,1.7038358449935913,1.3791013956069946,1.0396231412887573,0.8646087050437927,0.7890649437904358,0.4709206521511078,0.4762372672557831,0.8090575933456421,1.1017552614212036,1.3960007429122925,1.7291419506072998,2.0004184246063232,2.3652777671813965,2.628512382507324,1.8692407608032227,1.9394395351409912,1.6748260259628296,1.3804106712341309,1.2909331321716309,1.2511264085769653,0.9761478900909424,0.8789848685264587,1.1214982271194458,1.3494335412979126,1.5825247764587402,1.8882474899291992,2.1103389263153076,2.4757559299468994,2.688004732131958,2.151960611343384,2.251462459564209,2.0557334423065186,1.7942259311676025,1.7784384489059448,1.7052909135818481,1.4868826866149902,1.3407282829284668,1.5348231792449951,1.697938323020935,1.8720060586929321,2.1461830139160156,2.302842140197754,2.6552162170410156,2.787886142730713
B8,1.2908095121383667,1.3926814794540405,1.1190105676651,0.7991382479667664,0.799622654914856,0.5958863496780396,0.4671497046947479,0.5050965547561646,0.5443869233131409,0.7797012329101562,1.079704761505127,1.367316484451294,1.6903367042541504,1.9964563846588135,2.3372600078582764,1.3527475595474243,1.4188355207443237,1.0952041149139404,0.7149092555046082,0.5653610825538635,0.6014444828033447,0.39325571060180664,0.0,0.39262521266937256,0.681596040725708,1.0028105974197388,1.3303196430206299,1.6312341690063477,1.9807829856872559,2.275639295578003,1.4878594875335693,1.5938904285430908,1.3312439918518066,1.0119287967681885,0.9785628914833069,1.018763780593872,0.7354258298873901,0.4896209239959717,0.6784116625785828,0.8808813095092773,1.1367661952972412,1.4445137977600098,1.6999322175979614,2.05869460105896,2.3081655502319336,1.74954092502594,1.877591609954834,1.6790133714675903,1.421030879020691,1.436942219734192,1.4682888984680176,1.1980535984039307,0.9742501378059387,1.1068856716156006,1.2408367395401,1.419677734375,1.6788506507873535,1.8762497901916504,2.222792387008667,2.415762186050415,2.0818259716033936,2.2262425422668457,2.09260892868042,1.8694082498550415,1.931330680847168,1.9109365940093994,1.6895740032196045,1.4604237079620361,1.5753060579299927,1.6587108373641968,1.7835801839828491,2.0044949054718018,2.1352248191833496,2.4583582878112793,2.56954288482666
B9,1.2460048198699951,1.4466122388839722,1.2581090927124023,0.9610262513160706,1.0895209312438965,0.9701272249221802,0.8112135529518127,0.6972383856773376,0.47192099690437317,0.630639374256134,0.818364679813385,1.104174017906189,1.3905080556869507,1.693957805633545,2.0240745544433594,1.241248369216919,1.4030603170394897,1.150662899017334,0.7705764770507812,0.81525057554245,0.888328492641449,0.7206553220748901,0.39262521266937256,0.0,0.37509599328041077,0.6385813355445862,0.9898108243942261,1.2707622051239014,1.627300500869751,1.9169903993606567,1.335017204284668,1.527308702468872,1.327140212059021,1.0052756071090698,1.1045982837677002,1.159651756286621,0.8983235955238342,0.5455707907676697,0.4640939235687256,0.5793956518173218,0.7647112011909485,1.0786031484603882,1.3138272762298584,1.679025650024414,1.92289137840271,1.5717334747314453,1.7729291915893555,1.6277556419372559,1.371411681175232,1.4843053817749023,1.5318692922592163,1.2529466152191162,0.9442993998527527,0.9313826560974121,0.9863720536231995,1.0922183990478516,1.3270838260650635,1.4978764057159424,1.8407156467437744,2.024296760559082,1.892554759979248,2.096233606338501,2.0086731910705566,1.7941595315933228,1.9301060438156128,1.930626392364502,1.6879969835281372,1.3945972919464111,1.4123386144638062,1.4313430786132812,1.4961061477661133,1.6796199083328247,1.7822420597076416,2.0895485877990723,2.188497304916382
B10,0.9761062264442444,1.2450488805770874,1.1482946872711182,0.9199649691581726,1.172803521156311,1.1659681797027588,1.0829346179962158,0.8756945729255676,0.5824511647224426,0.48566025495529175,0.593252420425415,0.7861964702606201,1.0892220735549927,1.357897400856018,1.708984136581421,0.9502241611480713,1.1874717473983765,1.021973729133606,0.7135130763053894,0.9096012711524963,1.0948662757873535,1.032258152961731,0.681596040725708,0.37509599328041077,0.0,0.3696400225162506,0.6521957516670227,0.976253092288971,1.307507872581482,1.622518539428711,1.0867259502410889,1.336708426475525,1.2244459390640259,0.9847595691680908,1.1954128742218018,1.3462181091308594,1.1716169118881226,0.7833471894264221,0.6218668222427368,0.47880491614341736,0.6068082451820374,0.8175600171089172,1.0752605199813843,1.4081929922103882,1.6710846424102783,1.3788284063339233,1.6156586408615112,1.5487189292907715,1.3685733079910278,1.5622386932373047,1.6894804239273071,1.4706413745880127,1.110244631767273,1.0376038551330566,0.9528465867042542,1.0208083391189575,1.157881736755371,1.3349671363830566,1.6346368789672852,1.8292782306671143,1.7476255893707275,1.9700651168823242,1.9493908882141113,1.801587700843811,1.9949204921722412,2.063086748123169,1.863417387008667,1.5233588218688965,1.4982436895370483,1.4241501092910767,1.469167947769165,1.5753663778305054,1.6854040622711182,1.9491229057312012,2.058919668197632
B11,1.1520130634307861,1.4839203357696533,1.442864179611206,1.2253457307815552,1.4950169324874878,1.5092341899871826,1.37699294090271,1.127331256866455,0.7617567181587219,0.615177571773529,0.4678304195404053,0.617206871509552,0.8193352222442627,1.0947082042694092,1.4143949747085571,1.1087439060211182,1.4170997142791748,1.3246804475784302,1.0587612390518188,1.2791205644607544,1.4497370719909668,1.3528858423233032,1.0028105974197388,0.6385813355445862,0.3696400225162506,0.0,0.3803178369998932,0.6329813599586487,0.9912037253379822,1.281185507774353,1.2111045122146606,1.5272860527038574,1.4810535907745361,1.2649683952331543,1.5175538063049316,1.6475814580917358,1.4644824266433716,1.0825639963150024,0.8157774209976196,0.593263566493988,0.46496424078941345,0.5859061479568481,0.7524121403694153,1.088652491569519,1.3191365003585815,1.4581654071807861,1.7571426630020142,1.745468020439148,1.5771894454956055,1.8197033405303955,1.9356783628463745,1.7066643238067627,1.3350672721862793,1.1583508253097534,1.0010254383087158,0.9300984740257263,0.9826894402503967,1.074703574180603,1.3454036712646484,1.49905264377594,1.7923158407211304,2.068904161453247,2.093939781188965,1.9569324254989624,2.1971280574798584,2.266347885131836,2.0472824573516846,1.6861302852630615,1.5749794244766235,1.4426817893981934,1.3960579633712769,1.4321714639663696,1.4763377904891968,1.695322036743164,1.764077067375183
B12,1.0988352298736572,1.46822190284729,1.524417757987976,1.388275146484375,1.715576171875,1.787219524383545,1.7031307220458984,1.4302208423614502,1.0798990726470947,0.8289600610733032,0.5971521735191345,0.48177385330200195,0.6046791672706604,0.7770980596542358,1.1192046403884888,1.0122032165527344,1.3749834299087524,1.3866510391235352,1.2160686254501343,1.5038374662399292,1.7196171283721924,1.680895209312439,1.3303196430206299,0.9898108243942261,0.6521957516670227,0.3803178369998932,0.0,0.37289294600486755,0.6575628519058228,0.9927930235862732,1.120316505432129,1.4771063327789307,1.5274643898010254,1.3994503021240234,1.7097346782684326,1.8919909000396729,1.7663962841033936,1.3790613412857056,1.1088764667510986,0.7961453795433044,0.6127190589904785,0.4658030569553375,0.5969193577766418,0.8343242406845093,1.0867000818252563,1.379515290260315,1.7042354345321655,1.7752918004989624,1.6838260889053345,1.9783272743225098,2.14697527885437,1.967638611793518,1.5798206329345703,1.3796707391738892,1.133129596710205,1.0245296955108643,0.9341739416122437,1.0068130493164062,1.183203101158142,1.3423974514007568,1.7283239364624023,2.0178465843200684,2.1116018295288086,2.041508913040161,2.3237977027893066,2.44547700881958,2.2662148475646973,1.8837883472442627,1.743863821029663,1.5382094383239746,1.4710400104522705,1.4131892919540405,1.457444190979004,1.6038755178451538,1.682681679725647
B13,1.412700891494751,1.796286702156067,1.8629870414733887,1.7125962972640991,2.0303165912628174,2.106415271759033,1.9807063341140747,1.6874346733093262,1.3138883113861084,1.0823466777801514,0.7560882568359375,0.6094240546226501,0.4758414626121521,0.6065259575843811,0.8556059002876282,1.3507009744644165,1.7246240377426147,1.7571607828140259,1.5857781171798706,1.8601447343826294,2.061796188354492,1.9856457710266113,1.6312341690063477,1.2707622051239014,0.976253092288971,0.6329813599586487,0.37289294600486755,0.0,0.3853621482849121,0.6495861411094666,1.4354254007339478,1.8066990375518799,1.8805941343307495,1.7507367134094238,2.06268048286438,2.219677448272705,2.0720531940460205,1.6919481754302979,1.3867944478988647,1.0928231477737427,0.8114659190177917,0.5927109122276306,0.46320652961730957,0.6106090545654297,0.7636165618896484,1.6408047676086426,1.991578221321106,2.0882022380828857,1.9939483404159546,2.301600456237793,2.448572874069214,2.2522714138031006,1.8700332641601562,1.6212784051895142,1.3638736009597778,1.16105318069458,0.9971859455108643,0.9314771294593811,1.020812749862671,1.087493658065796,1.937035322189331,2.25876784324646,2.377993106842041,2.307823419570923,2.610671043395996,2.7204465866088867,2.521038770675659,2.137608528137207,1.944737434387207,1.7158156633377075,1.5712623596191406,1.4491569995880127,1.405360221862793,1.4753888845443726,1.4837502241134644
