,A1,A2,A3,A4,A5,A6,A7,A8,A9,A10,A11,A12,A13,A14,A15,B1,B2,B3,B4,B5,B6,B7,B8,B9,B10,B11,B12,B13,B14,B15,C1,C2,C3,C4,C5,C6,C7,C8,C9,C10,C11,C12,C13,C14,C15,D1,D2,D3,D4,D5,D6,D7,D8,D9,D10,D11,D12,D13,D14,D15,E1,E2,E3,E4,E5,E6,E7,E8,E9,E10,E11,E12,E13,E14,E15
A1,0.0,0.39569640159606934,0.6424387693405151,1.009445309638977,1.2925935983657837,1.5530146360397339,1.6356207132339478,1.4123125076293945,1.3283329010009766,0.9757366180419922,1.0916831493377686,0.8964954018592834,1.192981243133545,1.2175757884979248,1.5488985776901245,0.6278242468833923,0.7203667163848877,0.7832886576652527,1.0899627208709717,1.2954413890838623,1.6630139350891113,1.7750836610794067,1.5126192569732666,1.4721355438232422,1.174816608428955,1.3005863428115845,1.180307388305664,1.4335201978683472,1.5136548280715942,1.7865952253341675,1.1342685222625732,1.2004872560501099,1.2500892877578735,1.4286980628967285,1.682762861251831,1.7943538427352905,1.9702494144439697,1.71035635471344,1.730189561843872,1.4930461645126343,1.621017575263977,1.5438655614852905,1.7600510120391846,1.8671499490737915,2.0961408615112305,1.642045497894287,1.7049072980880737,1.7480452060699463,1.8486731052398682,2.1032745838165283,2.0824079513549805,2.260881185531616,2.000650644302368,2.0593373775482178,1.8629732131958008,1.995654821395874,1.9487544298171997,2.13767671585083,2.267913818359375,2.4510738849639893,2.192511796951294,2.264171600341797,2.3343660831451416,2.3622493743896484,2.619027853012085,2.496213674545288,2.6074442863464355,2.364240884780884,2.4695093631744385,2.2900381088256836,2.4397971630096436,2.4198381900787354,2.572120189666748,2.7399966716766357,2.874655246734619
A2,0.39569640159606934,0.0,0.40925875306129456,0.6828194856643677,1.0233962535858154,1.3274224996566772,1.4874852895736694,1.33655846118927,1.3617143630981445,1.0792701244354248,1.3027191162109375,1.2029931545257568,1.5317615270614624,1.5984687805175781,1.927375316619873,0.8516038656234741,0.753380298614502,0.7558865547180176,0.9255936145782471,1.144265055656433,1.4667574167251587,1.65610933303833,1.4562357664108276,1.5201576948165894,1.301405906677246,1.5128551721572876,1.473324179649353,1.7583415508270264,1.878987431526184,2.158414125442505,1.323958158493042,1.2796987295150757,1.2734062671661377,1.3396458625793457,1.5794614553451538,1.6472030878067017,1.887015700340271,1.6880390644073486,1.7959647178649902,1.6287782192230225,1.8233435153961182,1.813401460647583,2.0601675510406494,2.206634283065796,2.4473724365234375,1.820459246635437,1.8079453706741333,1.8066154718399048,1.8218246698379517,2.0495920181274414,1.9884577989578247,2.211456775665283,2.006333351135254,2.1375551223754883,2.001018524169922,2.184722661972046,2.195564031600952,2.410950183868408,2.579212188720703,2.7761001586914062,2.3683671951293945,2.38545823097229,2.418675184249878,2.3842084407806396,2.6181867122650146,2.452422618865967,2.5852606296539307,2.3915631771087646,2.555302381515503,2.427016496658325,2.6148743629455566,2.644864797592163,2.814748764038086,3.0186054706573486,3.1618223190307617
A3,0.6424387693405151,0.40925875306129456,0.0,0.40422043204307556,0.6916694045066833,0.9406415820121765,1.1022002696990967,0.949731707572937,1.0373995304107666,0.8289701342582703,1.1270509958267212,1.1534944772720337,1.5081874132156372,1.6668037176132202,1.9969598054885864,1.055353045463562,0.9320229291915894,0.7421854734420776,0.8241211771965027,0.9001461267471313,1.1852893829345703,1.3493345975875854,1.1350789070129395,1.2568299770355225,1.1168057918548584,1.362448811531067,1.4246528148651123,1.7143553495407104,1.9104087352752686,2.1820554733276367,1.458232045173645,1.404175877571106,1.279532551765442,1.3085310459136963,1.4467949867248535,1.4200553894042969,1.642198920249939,1.4393861293792725,1.5913896560668945,1.493193507194519,1.6966567039489746,1.76356840133667,2.0023014545440674,2.208352565765381,2.4354147911071777,1.916002631187439,1.9025652408599854,1.817100167274475,1.814483880996704,1.9682973623275757,1.829814076423645,2.0202059745788574,1.8178391456604004,1.9788504838943481,1.8988301753997803,2.075082540512085,2.1433091163635254,2.3407490253448486,2.554945707321167,2.7350425720214844,2.4387001991271973,2.464179039001465,2.434636354446411,2.396672487258911,2.5771195888519287,2.359766960144043,2.4436957836151123,2.251568555831909,2.431621551513672,2.3466289043426514,2.5178322792053223,2.5880184173583984,2.7286384105682373,2.964038610458374,3.0808353424072266
A4,1.009445309638977,0.6828194856643677,0.40422043204307556,0.0,0.4034445285797119,0.7181956768035889,0.9822088479995728,0.9738552570343018,1.1838864088058472,1.0929275751113892,1.4411998987197876,1.5241342782974243,1.8876522779464722,2.0618629455566406,2.3962292671203613,1.3404145240783691,1.1181814670562744,0.8942868113517761,0.7799685597419739,0.8104208111763,0.9813804626464844,1.23715341091156,1.1346102952957153,1.36936354637146,1.329533338546753,1.6322304010391235,1.7503676414489746,2.059812307357788,2.278353691101074,2.5606625080108643,1.686276912689209,1.5507824420928955,1.3741960525512695,1.28261399269104,1.3676015138626099,1.2724661827087402,1.5558289289474487,1.4438389539718628,1.6841479539871216,1.6664754152297974,1.9229791164398193,2.0451242923736572,2.3079240322113037,2.541926622390747,2.783186197280884,2.1071391105651855,2.0297915935516357,1.8979535102844238,1.8111541271209717,1.9156323671340942,1.728913426399231,1.955550193786621,1.8264440298080444,2.05790376663208,2.0446295738220215,2.2647438049316406,2.385690212249756,2.606405258178711,2.8517062664031982,3.0474400520324707,2.606485366821289,2.5826072692871094,2.511644124984741,2.415236711502075,2.558969259262085,2.298163414001465,2.395799398422241,2.263730525970459,2.498983383178711,2.4709689617156982,2.6753435134887695,2.794144868850708,2.9514505863189697,3.218770980834961,3.3464858531951904
A5,1.2925935983657837,1.0233962535858154,0.6916694045066833,0.4034445285797119,0.0,0.3975154161453247,0.6435896158218384,0.7691246271133423,1.041906714439392,1.0807085037231445,1.461305856704712,1.6271237134933472,1.9982413053512573,2.2160348892211914,2.5607874393463135,1.5091314315795898,1.2660256624221802,0.9504383206367493,0.7245762944221497,0.5700042247772217,0.6198151111602783,0.8808857798576355,0.8548494577407837,1.1709399223327637,1.242809534072876,1.5817208290100098,1.7784953117370605,2.099031686782837,2.3628132343292236,2.6548855304718018,1.7551301717758179,1.5959091186523438,1.3300037384033203,1.185129165649414,1.1497682332992554,0.9561960697174072,1.2307556867599487,1.1682665348052979,1.4684083461761475,1.538594126701355,1.821869134902954,2.014608383178711,2.286405324935913,2.5642075538635254,2.8130059242248535,2.1068978309631348,2.0106093883514404,1.805038571357727,1.687247633934021,1.709739089012146,1.4560185670852661,1.6577873229980469,1.564786672592163,1.8378636837005615,1.8938829898834229,2.127671480178833,2.308619976043701,2.532874345779419,2.81813907623291,3.0195376873016357,2.5574803352355957,2.5235326290130615,2.3922972679138184,2.281679391860962,2.367746114730835,2.064343214035034,2.124213695526123,2.016796350479126,2.277698278427124,2.3039448261260986,2.5104355812072754,2.6769800186157227,2.8279881477355957,3.128084182739258,3.253042697906494
A6,1.5530146360397339,1.3274224996566772,0.9406415820121765,0.7181956768035889,0.3975154161453247,0.0,0.3819776177406311,0.5828143954277039,0.9482799172401428,1.1080011129379272,1.472870945930481,1.7168704271316528,2.062335729598999,2.3303844928741455,2.6512067317962646,1.7984347343444824,1.5981909036636353,1.247779130935669,1.0527865886688232,0.7747774720191956,0.6986832022666931,0.8283489942550659,0.7918362617492676,1.1481391191482544,1.3084499835968018,1.6146725416183472,1.871843695640564,2.157332420349121,2.4598119258880615,2.721741199493408,2.024428129196167,1.8988170623779297,1.5963371992111206,1.4716310501098633,1.3469653129577637,1.057478427886963,1.2452937364578247,1.1776199340820312,1.487892746925354,1.6204017400741577,1.8660658597946167,2.1032180786132812,2.3368301391601562,2.6438941955566406,2.8596222400665283,2.3473429679870605,2.277678966522217,2.0338528156280518,1.9332274198532104,1.8917933702468872,1.5785696506500244,1.7063108682632446,1.6123478412628174,1.8832288980484009,1.9842398166656494,2.1775856018066406,2.3900022506713867,2.57336688041687,2.879502534866333,3.0476114749908447,2.7679812908172607,2.7592153549194336,2.5926990509033203,2.5012552738189697,2.540651559829712,2.2086880207061768,2.202235221862793,2.0893797874450684,2.3393197059631348,2.396982192993164,2.5629522800445557,2.748640298843384,2.854675531387329,3.165208578109741,3.25166654586792
A7,1.6356207132339478,1.4874852895736694,1.1022002696990967,0.9822088479995728,0.6435896158218384,0.3819776177406311,0.0,0.3910503089427948,0.7136183977127075,0.9778315424919128,1.3201396465301514,1.614640712738037,1.9455902576446533,2.238525867462158,2.559760808944702,1.7901432514190674,1.624560832977295,1.2394073009490967,1.079581618309021,0.7152379751205444,0.6353031396865845,0.5625599026679993,0.48288610577583313,0.8496260046958923,1.092386245727539,1.3869863748550415,1.6949065923690796,1.9703993797302246,2.299771308898926,2.56136417388916,1.9391463994979858,1.8426899909973145,1.5022691488265991,1.4190515279769897,1.2271093130111694,0.9160116910934448,0.9897118210792542,0.8822058439254761,1.1816399097442627,1.3644558191299438,1.593947410583496,1.8735870122909546,2.0958480834960938,2.4281299114227295,2.6409912109375,2.203773021697998,2.159543752670288,1.8810043334960938,1.8173046112060547,1.7339668273925781,1.402983546257019,1.453741431236267,1.3293797969818115,1.5813426971435547,1.7119503021240234,1.8819541931152344,2.1243016719818115,2.2923340797424316,2.6188271045684814,2.7821755409240723,2.579991340637207,2.5964832305908203,2.4016575813293457,2.3436930179595947,2.353175640106201,2.02044939994812,1.9573211669921875,1.8163814544677734,2.0431087017059326,2.1162400245666504,2.255009651184082,2.457143783569336,2.542477607727051,2.865025043487549,2.9413020610809326
A8,1.4123125076293945,1.33655846118927,0.949731707572937,0.9738552570343018,0.7691246271133423,0.5828143954277039,0.3910503089427948,0.0,0.3886471390724182,0.645473301410675,0.9642397165298462,1.2758337259292603,1.5876902341842651,1.8961292505264282,2.199185371398926,1.6190842390060425,1.5295320749282837,1.1591922044754028,1.128760576248169,0.8282318115234375,0.9201838374137878,0.8102328181266785,0.5100045204162598,0.7208821773529053,0.8787194490432739,1.1118394136428833,1.406911849975586,1.6504310369491577,1.981292486190796,2.2184555530548096,1.8123245239257812,1.7864421606063843,1.4864294528961182,1.5016148090362549,1.381591558456421,1.1584343910217285,1.1929101943969727,0.9561336040496826,1.1435463428497314,1.2401456832885742,1.4014307260513306,1.6428000926971436,1.8270647525787354,2.146625280380249,2.33143949508667,2.1141111850738525,2.1307754516601562,1.8951889276504517,1.9069807529449463,1.8827152252197266,1.6054328680038452,1.6326528787612915,1.418393611907959,1.5878140926361084,1.6441261768341064,1.7557750940322876,1.9485697746276855,2.0786352157592773,2.3813862800598145,2.5154688358306885,2.5186917781829834,2.585146903991699,2.431898593902588,2.4281821250915527,2.4798948764801025,2.189363718032837,2.120326280593872,1.9120804071426392,2.0778744220733643,2.087310314178467,2.1826400756835938,2.3329966068267822,2.387547492980957,2.67915940284729,2.730060338973999
A9,1.3283329010009766,1.3617143630981445,1.0373995304107666,1.1838864088058472,1.041906714439392,0.9482799172401428,0.7136183977127075,0.3886471390724182,0.0,0.3863564133644104,0.6350352764129639,0.9788471460342407,1.270463228225708,1.58956778049469,1.8927627801895142,1.453632116317749,1.4414845705032349,1.091816782951355,1.1743518114089966,0.922676146030426,1.1130574941635132,0.9247150421142578,0.525961697101593,0.47797244787216187,0.5688513517379761,0.7357186675071716,1.0523146390914917,1.2803237438201904,1.6240991353988647,1.8617771863937378,1.6006078720092773,1.6427576541900635,1.3653756380081177,1.4780299663543701,1.3872668743133545,1.2515982389450073,1.2084791660308838,0.8729676604270935,0.9231035113334656,0.9518911838531494,1.0478910207748413,1.2791553735733032,1.442712664604187,1.7667275667190552,1.948281168937683,1.8762832880020142,1.9499762058258057,1.7356653213500977,1.8257124423980713,1.8302146196365356,1.609031319618225,1.588626742362976,1.2969229221343994,1.375770926475525,1.3744218349456787,1.4323697090148926,1.5972384214401245,1.704045295715332,1.9999346733093262,2.1273255348205566,2.2656519412994385,2.37890362739563,2.24674391746521,2.3014581203460693,2.373476982116699,2.128898859024048,2.039691209793091,1.7704333066940308,1.8715627193450928,1.8313205242156982,1.8865408897399902,2.0018601417541504,2.0368571281433105,2.3120129108428955,2.356269359588623
A10,0.9757366180419922,1.0792701244354248,0.8289701342582703,1.0929275751113892,1.0807085037231445,1.1080011129379272,0.9778315424919128,0.645473301410675,0.3863564133644104,0.0,0.3832581043243408,0.6374716758728027,0.9752167463302612,1.2611725330352783,1.5860035419464111,1.1330819129943848,1.179856300354004,0.8902957439422607,1.0886543989181519,0.9672656655311584,1.2627063989639282,1.1603485345840454,0.7737112641334534,0.6555060744285583,0.4805288016796112,0.6100248694419861,0.8050014972686768,1.0576552152633667,1.3594132661819458,1.6144962310791016,1.3522250652313232,1.4379502534866333,1.2372061014175415,1.414183259010315,1.432163119316101,1.391698956489563,1.4059618711471558,1.0561530590057373,1.0484039783477783,0.9318434000015259,1.0084619522094727,1.1295292377471924,1.3047637939453125,1.5779985189437866,1.772672414779663,1.6966242790222168,1.7988165616989136,1.656868815422058,1.7844159603118896,1.8733816146850586,1.7227792739868164,1.7530370950698853,1.4375336170196533,1.4778765439987183,1.37990403175354,1.4375736713409424,1.5176808834075928,1.638307809829712,1.884544849395752,2.022564172744751,2.1413354873657227,2.2685935497283936,2.1997976303100586,2.2715635299682617,2.406344175338745,2.2074697017669678,2.1707746982574463,1.8821927309036255,1.9619327783584595,1.8534175157546997,1.9204224348068237,1.975343942642212,2.0349996089935303,2.270674228668213,2.3349153995513916
A11,1.0916831493377686,1.3027191162109375,1.1270509958267212,1.4411998987197876,1.461305856704712,1.472870945930481,1.3201396465301514,0.9642397165298462,0.6350352764129639,0.3832581043243408,0.0,0.3882671296596527,0.6355025768280029,0.9651440382003784,1.2578656673431396,1.2150427103042603,1.3675785064697266,1.1500284671783447,1.4147276878356934,1.3236982822418213,1.6252422332763672,1.4801751375198364,1.082283616065979,0.8508567810058594,0.6081734895706177,0.46905338764190674,0.5836316347122192,0.7293891310691833,1.0436664819717407,1.2583798170089722,1.4068154096603394,1.5807498693466187,1.4369155168533325,1.6836493015289307,1.7207869291305542,1.7173465490341187,1.6792254447937012,1.2983670234680176,1.180032730102539,0.9914882183074951,0.9204499125480652,0.957618236541748,1.0381944179534912,1.2865160703659058,1.433424472808838,1.7230085134506226,1.8972477912902832,1.797694444656372,1.9935173988342285,2.10174560546875,1.9905189275741577,1.9769542217254639,1.6217775344848633,1.5715166330337524,1.4123451709747314,1.3728747367858887,1.3795952796936035,1.4262722730636597,1.6306006908416748,1.7219442129135132,2.1419687271118164,2.3270905017852783,2.291280508041382,2.4218482971191406,2.571046829223633,2.4149041175842285,2.3546550273895264,2.0243582725524902,2.03179669380188,1.8714423179626465,1.8709596395492554,1.862414002418518,1.871052622795105,2.0585737228393555,2.0860378742218018
A12,0.8964954018592834,1.2029931545257568,1.1534944772720337,1.5241342782974243,1.6271237134933472,1.7168704271316528,1.614640712738037,1.2758337259292603,0.9788471460342407,0.6374716758728027,0.3882671296596527,0.0,0.38427913188934326,0.623906135559082,0.9639132022857666,0.9932037591934204,1.2335708141326904,1.1277271509170532,1.4678889513015747,1.4807988405227661,1.831563115119934,1.7389917373657227,1.3628956079483032,1.1253422498703003,0.787926197052002,0.6287258863449097,0.4699903428554535,0.5997670888900757,0.7985767722129822,1.0406544208526611,1.23137629032135,1.4607077836990356,1.4164361953735352,1.7112971544265747,1.83330237865448,1.9043959379196167,1.9024991989135742,1.5304166078567505,1.385660171508789,1.1081175804138184,1.0249720811843872,0.9157958626747131,0.9951599836349487,1.1428730487823486,1.3053886890411377,1.59059476852417,1.7966200113296509,1.7795284986495972,2.0078909397125244,2.184997081756592,2.1393799781799316,2.162816047668457,1.8040441274642944,1.7262582778930664,1.4939541816711426,1.4574766159057617,1.3707659244537354,1.4314188957214355,1.5606368780136108,1.6662546396255493,2.0423343181610107,2.2406928539276123,2.2716379165649414,2.419405698776245,2.622056484222412,2.514492988586426,2.4995510578155518,2.163057804107666,2.1508679389953613,1.9344278573989868,1.9463562965393066,1.876739501953125,1.9149996042251587,2.0521841049194336,2.107016086578369
A13,1.192981243133545,1.5317615270614624,1.5081874132156372,1.8876522779464722,1.9982413053512573,2.062335729598999,1.9455902576446533,1.5876902341842651,1.270463228225708,0.9752167463302612,0.6355025768280029,0.38427913188934326,0.0,0.37232309579849243,0.6236296892166138,1.2754507064819336,1.5648705959320068,1.497790813446045,1.847618818283081,1.8565694093704224,2.1997106075286865,2.0785975456237793,1.6925337314605713,1.4192216396331787,1.1000323295593262,0.8330330848693848,0.6056696176528931,0.4697496294975281,0.5775785446166992,0.706303596496582,1.4733012914657593,1.7525310516357422,1.7439011335372925,2.0641725063323975,2.1850850582122803,2.262078046798706,2.2274274826049805,1.842829704284668,1.647940993309021,1.3572746515274048,1.174850583076477,0.9900717735290527,0.9273683428764343,0.9859663248062134,1.0498847961425781,1.782932996749878,2.0385732650756836,2.0525574684143066,2.318854331970215,2.499356508255005,2.471053123474121,2.4622673988342285,2.086256504058838,1.953826665878296,1.6943871974945068,1.5781381130218506,1.4237713813781738,1.3929589986801147,1.4461573362350464,1.4777607917785645,2.188915252685547,2.4323008060455322,2.4896440505981445,2.679593086242676,2.8864355087280273,2.807981252670288,2.7720916271209717,2.4129743576049805,2.3476383686065674,2.0998103618621826,2.049938678741455,1.9208707809448242,1.9020683765411377,1.9730969667434692,1.9801338911056519
A14,1.2175757884979248,1.5984687805175781,1.6668037176132202,2.0618629455566406,2.2160348892211914,2.3303844928741455,2.238525867462158,1.8961292505264282,1.58956778049469,1.2611725330352783,0.9651440382003784,0.623906135559082,0.37232309579849243,0.0,0.3925936222076416,1.2346601486206055,1.576422929763794,1.6013609170913696,1.9828143119812012,2.0582001209259033,2.4265661239624023,2.3368356227874756,1.9690710306167603,1.6931143999099731,1.3381582498550415,1.0931941270828247,0.7662902474403381,0.6240325570106506,0.4810168445110321,0.5985762476921082,1.4275904893875122,1.7421475648880005,1.8160327672958374,2.161287784576416,2.337761402130127,2.468383550643921,2.4546351432800293,2.0817043781280518,1.872738003730774,1.5390783548355103,1.3637356758117676,1.091764211654663,1.03009831905365,0.9580813646316528,1.0263324975967407,1.7359788417816162,2.0138814449310303,2.0988731384277344,2.386693239212036,2.614987850189209,2.639716148376465,2.6549952030181885,2.2827706336975098,2.131819725036621,1.8282073736190796,1.7193307876586914,1.4971474409103394,1.4798760414123535,1.4512113332748413,1.4960957765579224,2.1416823863983154,2.3940560817718506,2.5100433826446533,2.7145683765411377,2.9606661796569824,2.926565647125244,2.9251246452331543,2.566725254058838,2.4848742485046387,2.1982595920562744,2.1589083671569824,1.9809558391571045,1.9900449514389038,2.0099475383758545,2.0459001064300537
A15,1.5488985776901245,1.927375316619873,1.9969598054885864,2.3962292671203613,2.5607874393463135,2.6512067317962646,2.559760808944702,2.199185371398926,1.8927627801895142,1.5860035419464111,1.2578656673431396,0.9639132022857666,0.6236296892166138,0.3925936222076416,0.0,1.609981656074524,1.9573309421539307,1.9890174865722656,2.3677656650543213,2.4319136142730713,2.7923460006713867,2.6893808841705322,2.3097126483917236,2.027797222137451,1.6920474767684937,1.4116781949996948,1.10862398147583,0.8663948774337769,0.659757673740387,0.5161731839179993,1.7982767820358276,2.1229820251464844,2.2064473628997803,2.5537467002868652,2.7245676517486572,2.8439340591430664,2.81648588180542,2.435610294342041,2.212502956390381,1.8878728151321411,1.6694691181182861,1.3884483575820923,1.2371677160263062,1.092922329902649,1.024598240852356,2.077816963195801,2.373791217803955,2.4709277153015137,2.770271062850952,2.9954521656036377,3.0184996128082275,3.016270160675049,2.636589765548706,2.463979721069336,2.158590793609619,2.0046355724334717,1.7561194896697998,1.6678011417388916,1.5740233659744263,1.5327666997909546,2.4463682174682617,2.7213165760040283,2.8509552478790283,3.075505018234253,3.3203492164611816,3.2968733310699463,3.2803194522857666,2.911717414855957,2.802654266357422,2.506113290786743,2.424699306488037,2.2129087448120117,2.1720752716064453,2.133673667907715,2.1171185970306396
B1,0.6278242468833923,0.8516038656234741,1.055353045463562,1.3404145240783691,1.5091314315795898,1.7984347343444824,1.7901432514190674,1.6190842390060425,1.453632116317749,1.1330819129943848,1.2150427103042603,0.9932037591934204,1.2754507064819336,1.2346601486206055,1.609981656074524,0.0,0.37741729617118835,0.6186964511871338,0.9942652583122253,1.2646645307540894,1.65809965133667,1.7303543090820312,1.5157115459442139,1.3899849653244019,1.057939887046814,1.1873444318771362,1.0095365047454834,1.3174792528152466,1.3537527322769165,1.7029637098312378,0.5192475318908691,0.6414434313774109,0.8148260712623596,1.1008225679397583,1.4141446352005005,1.654543161392212,1.786015510559082,1.5413483381271362,1.485169768333435,1.1883530616760254,1.3430155515670776,1.2203736305236816,1.5072033405303955,1.5902841091156006,1.899097204208374,1.0326743125915527,1.108329176902771,1.2215362787246704,1.388431191444397,1.7009950876235962,1.7881250381469727,1.9595247507095337,1.6957238912582397,1.7002708911895752,1.4496110677719116,1.6182762384414673,1.541651964187622,1.7992128133773804,1.9179860353469849,2.173616886138916,1.5872548818588257,1.6555203199386597,1.7670197486877441,1.8259721994400024,2.1216907501220703,2.0728180408477783,2.212555408477783,1.9608479738235474,2.033541679382324,1.8151527643203735,1.9996029138565063,1.9639745950698853,2.180542230606079,2.3465240001678467,2.5480408668518066
B2,0.7203667163848877,0.753380298614502,0.9320229291915894,1.1181814670562744,1.2660256624221802,1.5981909036636353,1.624560832977295,1.5295320749282837,1.4414845705032349,1.179856300354004,1.3675785064697266,1.2335708141326904,1.5648705959320068,1.576422929763794,1.9573309421539307,0.37741729617118835,0.0,0.39322909712791443,0.6827071309089661,1.0193251371383667,1.3919366598129272,1.5309293270111084,1.3890867233276367,1.3530572652816772,1.0976227521896362,1.3322662115097046,1.2522631883621216,1.598073124885559,1.6867929697036743,2.0428850650787354,0.6432310938835144,0.529767632484436,0.6308011412620544,0.8050525188446045,1.148719072341919,1.3923097848892212,1.5867213010787964,1.408979892730713,1.4416725635528564,1.2213659286499023,1.4670546054840088,1.4324984550476074,1.7564454078674316,1.8894603252410889,2.2114462852478027,1.1092137098312378,1.0614017248153687,1.1117637157440186,1.173100233078003,1.478152871131897,1.5460329055786133,1.7745083570480347,1.5701950788497925,1.6564393043518066,1.4748811721801758,1.71596097946167,1.715085744857788,2.0078792572021484,2.1741788387298584,2.4480040073394775,1.6511120796203613,1.6410129070281982,1.7028353214263916,1.6827210187911987,1.9608405828475952,1.8705825805664062,2.0455260276794434,1.848433494567871,1.990909457206726,1.8328547477722168,2.0714330673217773,2.1001076698303223,2.3429408073425293,2.5533792972564697,2.76930570602417
B3,0.7832886576652527,0.7558865547180176,0.7421854734420776,0.8942868113517761,0.9504383206367493,1.247779130935669,1.2394073009490967,1.1591922044754028,1.091816782951355,0.8902957439422607,1.1500284671783447,1.1277271509170532,1.497790813446045,1.6013609170913696,1.9890174865722656,0.6186964511871338,0.39322909712791443,0.0,0.39923062920570374,0.6512853503227234,1.0413806438446045,1.1529461145401,0.9991529583930969,1.001823902130127,0.8061439394950867,1.1117960214614868,1.1442952156066895,1.511567234992981,1.6849550008773804,2.0370333194732666,0.8098121285438538,0.6952047944068909,0.5424730777740479,0.6688117980957031,0.9030026793479919,1.0698821544647217,1.253653883934021,1.058186411857605,1.140821933746338,0.9863364100456238,1.2705605030059814,1.3309459686279297,1.6585990190505981,1.8631024360656738,2.1741065979003906,1.213458776473999,1.167102336883545,1.0819443464279175,1.1158421039581299,1.330155611038208,1.3035519123077393,1.506426453590393,1.2916873693466187,1.420781135559082,1.3015044927597046,1.5492466688156128,1.6212297677993774,1.9017956256866455,2.1250569820404053,2.3837685585021973,1.722647786140442,1.7251205444335938,1.700407862663269,1.6739050149917603,1.8863102197647095,1.7262672185897827,1.847391128540039,1.6438887119293213,1.8134448528289795,1.7049105167388916,1.931794285774231,2.0111920833587646,2.225158452987671,2.476008892059326,2.665640115737915
B4,1.0899627208709717,0.9255936145782471,0.8241211771965027,0.7799685597419739,0.7245762944221497,1.0527865886688232,1.079581618309021,1.128760576248169,1.1743518114089966,1.0886543989181519,1.4147276878356934,1.4678889513015747,1.847618818283081,1.9828143119812012,2.3677656650543213,0.9942652583122253,0.6827071309089661,0.39923062920570374,0.0,0.39801737666130066,0.7222598791122437,0.9381657242774963,0.9194462299346924,1.0610812902450562,1.007925271987915,1.3692309856414795,1.4795976877212524,1.850097894668579,2.055039405822754,2.405172109603882,1.116964340209961,0.8947576880455017,0.6419456005096436,0.5070593953132629,0.6640965938568115,0.7721566557884216,1.0507087707519531,0.9727177023887634,1.1816686391830444,1.1521247625350952,1.4910862445831299,1.626625895500183,1.9636842012405396,2.201793670654297,2.5152502059936523,1.4379363059997559,1.3032505512237549,1.1357550621032715,1.0325404405593872,1.1708043813705444,1.072587013244629,1.3358550071716309,1.2155332565307617,1.4464491605758667,1.4274818897247314,1.7238839864730835,1.8664592504501343,2.161367654800415,2.4207539558410645,2.6868956089019775,1.893912434577942,1.8323473930358887,1.7426575422286987,1.6354721784591675,1.794100046157837,1.568692922592163,1.7081669569015503,1.580374002456665,1.826124906539917,1.7981740236282349,2.0622189044952393,2.2049458026885986,2.4301490783691406,2.7175989151000977,2.9123897552490234
B5,1.2954413890838623,1.144265055656433,0.9001461267471313,0.8104208111763,0.5700042247772217,0.7747774720191956,0.7152379751205444,0.8282318115234375,0.922676146030426,0.9672656655311584,1.3236982822418213,1.4807988405227661,1.8565694093704224,2.0582001209259033,2.4319136142730713,1.2646645307540894,1.0193251371383667,0.6512853503227234,0.39801737666130066,0.0,0.3979222774505615,0.5559494495391846,0.5632815361022949,0.8060262203216553,0.8912676572799683,1.2718816995620728,1.480901837348938,1.835229516029358,2.0993008613586426,2.430675983428955,1.3546394109725952,1.1817327737808228,0.8435696363449097,0.7148188948631287,0.6267704367637634,0.5243975520133972,0.7671715617179871,0.6856663227081299,0.9779458045959473,1.0597938299179077,1.3959286212921143,1.6134114265441895,1.9267539978027344,2.2153284549713135,2.505762815475464,1.6208075284957886,1.5159697532653809,1.265631914138794,1.1686509847640991,1.1808216571807861,0.9561644196510315,1.149033784866333,1.0271204710006714,1.2994967699050903,1.3610553741455078,1.6348894834518433,1.8397705554962158,2.1036055088043213,2.4038381576538086,2.6454689502716064,2.0276076793670654,1.992398738861084,1.8365734815597534,1.7445088624954224,1.8267933130264282,1.5408991575241089,1.5961198806762695,1.463550090789795,1.7218036651611328,1.7485371828079224,1.9800994396209717,2.1647231578826904,2.348987340927124,2.6643853187561035,2.8264267444610596
B6,1.6630139350891113,1.4667574167251587,1.1852893829345703,0.9813804626464844,0.6198151111602783,0.6986832022666931,0.6353031396865845,0.9201838374137878,1.1130574941635132,1.2627063989639282,1.6252422332763672,1.831563115119934,2.1997106075286865,2.4265661239624023,2.7923460006713867,1.65809965133667,1.3919366598129272,1.0413806438446045,0.7222598791122437,0.3979222774505615,0.0,0.4022870361804962,0.6534304618835449,0.9991089701652527,1.1983225345611572,1.5701396465301514,1.8257309198379517,2.1667349338531494,2.453840494155884,2.7755677700042725,1.7198817729949951,1.5169776678085327,1.159433364868164,0.9374188780784607,0.7051783204078674,0.37302538752555847,0.6645753979682922,0.759501039981842,1.136035680770874,1.3251391649246216,1.6612342596054077,1.9275871515274048,2.2300586700439453,2.5423128604888916,2.8240561485290527,1.9326865673065186,1.792368769645691,1.494369626045227,1.3239130973815918,1.2243109941482544,0.8962328433990479,1.0829013586044312,1.077821969985962,1.418957233428955,1.5741071701049805,1.8543676137924194,2.1106066703796387,2.366579294204712,2.692309856414795,2.927985191345215,2.28438663482666,2.217526912689209,2.00654935836792,1.8681461811065674,1.8752187490463257,1.5282163619995117,1.555823564529419,1.5020719766616821,1.8092012405395508,1.9147028923034668,2.1509788036346436,2.3852527141571045,2.5598337650299072,2.900548219680786,3.0536561012268066
B7,1.7750836610794067,1.65610933303833,1.3493345975875854,1.23715341091156,0.8808857798576355,0.8283489942550659,0.5625599026679993,0.8102328181266785,0.9247150421142578,1.1603485345840454,1.4801751375198364,1.7389917373657227,2.0785975456237793,2.3368356227874756,2.6893808841705322,1.7303543090820312,1.5309293270111084,1.1529461145401,0.9381657242774963,0.5559494495391846,0.4022870361804962,0.0,0.4042445123195648,0.7285518050193787,1.026160717010498,1.3643230199813843,1.6738150119781494,1.9878720045089722,2.3045248985290527,2.6112377643585205,1.731909990310669,1.5899302959442139,1.203267216682434,1.0773873329162598,0.7745758891105652,0.4377985894680023,0.4295782446861267,0.45676469802856445,0.8420993685722351,1.1085007190704346,1.4117234945297241,1.7271323204040527,2.0023579597473145,2.3415722846984863,2.6063876152038574,1.886901617050171,1.79814612865448,1.4648984670639038,1.368209719657898,1.2150667905807495,0.8606626987457275,0.8952151536941528,0.8261008262634277,1.1451129913330078,1.3448539972305298,1.5838122367858887,1.8758761882781982,2.1010310649871826,2.4484639167785645,2.666386842727661,2.1892590522766113,2.1692886352539062,1.9271390438079834,1.8476229906082153,1.8159250020980835,1.4697964191436768,1.3990554809570312,1.2902647256851196,1.56072199344635,1.6854966878890991,1.875526785850525,2.1277103424072266,2.265241861343384,2.617658853530884,2.7474310398101807
B8,1.5126192569732666,1.4562357664108276,1.1350789070129395,1.1346102952957153,0.8548494577407837,0.7918362617492676,0.48288610577583313,0.5100045204162598,0.525961697101593,0.7737112641334534,1.082283616065979,1.3628956079483032,1.6925337314605713,1.9690710306167603,2.3097126483917236,1.5157115459442139,1.3890867233276367,0.9991529583930969,0.9194462299346924,0.5632815361022949,0.6534304618835449,0.4042445123195648,0.0,0.39776334166526794,0.6876627206802368,1.0064553022384644,1.328359603881836,1.6249181032180786,1.9530847072601318,2.2424685955047607,1.5682965517044067,1.5043302774429321,1.1479182243347168,1.1462126970291138,0.9503809213638306,0.7456043362617493,0.7051599621772766,0.44918739795684814,0.7047014832496643,0.8898192048072815,1.1395901441574097,1.4379326105117798,1.6851080656051636,2.024148941040039,2.2662675380706787,1.7768807411193848,1.761127233505249,1.4734001159667969,1.4741554260253906,1.4051156044006348,1.1260228157043457,1.1278311014175415,0.9128948450088501,1.1202630996704102,1.2301647663116455,1.4052165746688843,1.6551753282546997,1.8443433046340942,2.1782543659210205,2.3688747882843018,2.125034809112549,2.1670429706573486,1.9733141660690308,1.961565375328064,1.9850786924362183,1.6911859512329102,1.61109459400177,1.4074252843856812,1.5979700088500977,1.642854928970337,1.7799543142318726,1.9779921770095825,2.079925537109375,2.407027244567871,2.5087647438049316
B9,1.4721355438232422,1.5201576948165894,1.2568299770355225,1.36936354637146,1.1709399223327637,1.1481391191482544,0.8496260046958923,0.7208821773529053,0.47797244787216187,0.6555060744285583,0.8508567810058594,1.1253422498703003,1.4192216396331787,1.6931143999099731,2.027797222137451,1.3899849653244019,1.3530572652816772,1.001823902130127,1.0610812902450562,0.8060262203216553,0.9991089701652527,0.7285518050193787,0.39776334166526794,0.0,0.3867122232913971,0.6500784754753113,0.9961833953857422,1.2775249481201172,1.6121892929077148,1.9021704196929932,1.3803085088729858,1.3999030590057373,1.0773510932922363,1.2042018175125122,1.0622074604034424,0.9893046617507935,0.8534003496170044,0.46606332063674927,0.4467408359050751,0.5558422207832336,0.7487561106681824,1.0604586601257324,1.2956942319869995,1.642867922782898,1.8861078023910522,1.5491634607315063,1.6056151390075684,1.3442233800888062,1.4504225254058838,1.4216985702514648,1.2277113199234009,1.1620094776153564,0.8351927995681763,0.9003441333770752,0.9337630271911621,1.0464485883712769,1.2782316207885742,1.4494749307632446,1.7831727266311646,1.9720591306686401,1.8762022256851196,1.977885365486145,1.8090190887451172,1.8738654851913452,1.9230608940124512,1.6917439699172974,1.5842387676239014,1.2967278957366943,1.3966456651687622,1.3760370016098022,1.463255763053894,1.6249008178710938,1.7071483135223389,2.021932601928711,2.1198604106903076
B10,1.174816608428955,1.301405906677246,1.1168057918548584,1.329533338546753,1.242809534072876,1.3084499835968018,1.092386245727539,0.8787194490432739,0.5688513517379761,0.4805288016796112,0.6081734895706177,0.787926197052002,1.1000323295593262,1.3381582498550415,1.6920474767684937,1.057939887046814,1.0976227521896362,0.8061439394950867,1.007925271987915,0.8912676572799683,1.1983225345611572,1.026160717010498,0.6876627206802368,0.3867122232913971,0.0,0.3825487792491913,0.6483318209648132,0.9745034575462341,1.279403805732727,1.5939794778823853,1.0820372104644775,1.1720296144485474,0.9310439825057983,1.1624011993408203,1.1526676416397095,1.1926941871643066,1.1279240846633911,0.747799277305603,0.6244349479675293,0.4516622722148895,0.6004896759986877,0.7950639724731445,1.0571935176849365,1.3660005331039429,1.6294372081756592,1.317718505859375,1.4270731210708618,1.2503283023834229,1.4239094257354736,1.500150203704834,1.3979830741882324,1.3863521814346313,1.0323487520217896,1.0193504095077515,0.8998258709907532,0.9897340536117554,1.1115211248397827,1.2960443496704102,1.5817495584487915,1.782816767692566,1.710108757019043,1.8439841270446777,1.751142978668213,1.851688027381897,1.976447343826294,1.8071763515472412,1.7556170225143433,1.438321590423584,1.4923639297485352,1.3734556436538696,1.458716869354248,1.5377392768859863,1.6395385265350342,1.9081984758377075,2.0231986045837402
B11,1.3005863428115845,1.5128551721572876,1.362448811531067,1.6322304010391235,1.5817208290100098,1.6146725416183472,1.3869863748550415,1.1118394136428833,0.7357186675071716,0.6100248694419861,0.46905338764190674,0.6287258863449097,0.8330330848693848,1.0931941270828247,1.4116781949996948,1.1873444318771362,1.3322662115097046,1.1117960214614868,1.3692309856414795,1.2718816995620728,1.5701396465301514,1.3643230199813843,1.0064553022384644,0.6500784754753113,0.3825487792491913,0.0,0.38612398505210876,0.6275152564048767,0.968379020690918,1.2528932094573975,1.1949044466018677,1.3821872472763062,1.2133115530014038,1.499741792678833,1.506415605545044,1.5588200092315674,1.4471076726913452,1.054450511932373,0.8217251300811768,0.5809275507926941,0.45164021849632263,0.5600050687789917,0.7232921123504639,1.042261004447937,1.2688499689102173,1.3930939435958862,1.5867702960968018,1.4607815742492676,1.7020834684371948,1.7911756038665771,1.7215611934661865,1.6587094068527222,1.2756421566009521,1.1532691717147827,0.9646397829055786,0.904158890247345,0.9374717473983765,1.0284620523452759,1.2878003120422363,1.444111943244934,1.7461960315704346,1.949479579925537,1.8913958072662354,2.0577526092529297,2.191084623336792,2.066293954849243,1.9822131395339966,1.6246912479400635,1.589191198348999,1.412338137626648,1.402340054512024,1.405861496925354,1.4384931325912476,1.66117525100708,1.7334246635437012
B12,1.180307388305664,1.473324179649353,1.4246528148651123,1.7503676414489746,1.7784953117370605,1.871843695640564,1.6949065923690796,1.406911849975586,1.0523146390914917,0.8050014972686768,0.5836316347122192,0.4699903428554535,0.6056696176528931,0.7662902474403381,1.10862398147583,1.0095365047454834,1.2522631883621216,1.1442952156066895,1.4795976877212524,1.480901837348938,1.8257309198379517,1.6738150119781494,1.328359603881836,0.9961833953857422,0.6483318209648132,0.38612398505210876,0.0,0.37714052200317383,0.6322970986366272,0.9664431810379028,1.0303351879119873,1.2991009950637817,1.244030475616455,1.5877158641815186,1.6837201118469238,1.8067604303359985,1.7350062131881714,1.3575067520141602,1.1127294301986694,0.7798705101013184,0.6181196570396423,0.4459976255893707,0.5899769067764282,0.7959701418876648,1.0511418581008911,1.261952519416809,1.5113526582717896,1.4840956926345825,1.7706321477890015,1.93467116355896,1.935381531715393,1.9093252420425415,1.5280486345291138,1.3721210956573486,1.093837022781372,1.0163670778274536,0.901208221912384,0.9886718988418579,1.1470468044281006,1.3142253160476685,1.6469225883483887,1.8805372714996338,1.9022369384765625,2.0981483459472656,2.290172815322876,2.2229504585266113,2.184109926223755,1.8203238248825073,1.7531170845031738,1.5052244663238525,1.4941564798355103,1.4077171087265015,1.4614866971969604,1.611983060836792,1.7059123516082764
B13,1.4335201978683472,1.7583415508270264,1.7143553495407104,2.059812307357788,2.099031686782837,2.157332420349121,1.9703993797302246,1.6504310369491577,1.2803237438201904,1.0576552152633667,0.7293891310691833,0.5997670888900757,0.4697496294975281,0.6240325570106506,0.8663948774337769,1.3174792528152466,1.598073124885559,1.511567234992981,1.850097894668579,1.835229516029358,2.1667349338531494,1.9878720045089722,1.6249181032180786,1.2775249481201172,0.9745034575462341,0.6275152564048767,0.37714052200317383,0.0,0.37482717633247375,0.6265994310379028,1.3415400981903076,1.6430836915969849,1.6131577491760254,1.9627768993377686,2.0483033657073975,2.1558103561401367,2.055042028427124,1.668125867843628,1.3929517269134521,1.0839823484420776,0.8149184584617615,0.5824690461158752,0.45762839913368225,0.5786535739898682,0.7267227172851562,1.5272663831710815,1.8165574073791504,1.8118635416030884,2.1212117671966553,2.27712345123291,2.2787299156188965,2.2179431915283203,1.8266992568969727,1.6253381967544556,1.341923475265503,1.1647067070007324,0.9796762466430664,0.9233767986297607,0.9969228506088257,1.0679199695587158,1.8524874448776245,2.1298773288726807,2.170114755630493,2.402973175048828,2.5889925956726074,2.5415866374969482,2.4741053581237793,2.0933544635772705,1.973683476448059,1.7057570219039917,1.6148507595062256,1.4650856256484985,1.4335559606552124,1.5094270706176758,1.5360604524612427
