,A1,A2,A3,A4,A5,A6,A7,A8,A9,A10,A11,A12,A13,A14,A15,B1,B2,B3,B4,B5,B6,B7,B8,B9,B10,B11,B12,B13,B14,B15,C1,C2,C3,C4,C5,C6,C7,C8,C9,C10,C11,C12,C13,C14,C15,D1,D2,D3,D4,D5,D6,D7,D8,D9,D10,D11,D12,D13,D14,D15,E1,E2,E3,E4,E5,E6,E7,E8,E9,E10,E11,E12,E13,E14,E15
A1,0.0,0.3826253116130829,0.5871427655220032,0.6355856657028198,0.5253978371620178,0.7448877096176147,0.7431733012199402,1.1174484491348267,1.2991136312484741,1.6468771696090698,1.8862777948379517,2.1850242614746094,2.4888501167297363,2.658247232437134,3.0360159873962402,0.6501877903938293,0.6717534065246582,0.6374661326408386,0.8773070573806763,0.68515944480896,0.9407418966293335,0.9865065813064575,1.286368489265442,1.49193274974823,1.7874999046325684,2.0650289058685303,2.324070930480957,2.652613878250122,2.8458266258239746,3.2302260398864746,1.0748506784439087,1.1515167951583862,1.0898644924163818,1.287967324256897,1.079994797706604,1.2944068908691406,1.3394259214401245,1.56644868850708,1.764531135559082,2.0097835063934326,2.3015644550323486,2.5225019454956055,2.8627560138702393,3.0485692024230957,3.428147792816162,1.5098342895507812,1.6185414791107178,1.5491312742233276,1.7235187292099,1.5081809759140015,1.694195032119751,1.7330058813095093,1.902897596359253,2.0895161628723145,2.2836132049560547,2.5825130939483643,2.7849600315093994,3.132636785507202,3.3201446533203125,3.686897039413452,1.9536622762680054,2.081449508666992,1.993067741394043,2.1544322967529297,1.9337618350982666,2.127995014190674,2.142338514328003,2.2732412815093994,2.43658709526062,2.5586211681365967,2.8472254276275635,2.9403676986694336,3.2702109813690186,3.2852911949157715,3.6678295135498047
A2,0.3826253116130829,0.0,0.39832445979118347,0.6371808648109436,0.7459542751312256,1.0457050800323486,1.1029359102249146,1.4843330383300781,1.6638340950012207,2.0202605724334717,2.2479212284088135,2.5567057132720947,2.8505730628967285,3.014744758605957,3.3945157527923584,0.8082762956619263,0.6251242160797119,0.5021044015884399,0.8135328888893127,0.7973002195358276,1.1469802856445312,1.2614260911941528,1.5986400842666626,1.8181618452072144,2.1346614360809326,2.4096009731292725,2.686147689819336,3.0075843334198,3.2093520164489746,3.591120719909668,1.1565334796905518,1.1020286083221436,0.9727152585983276,1.2201889753341675,1.1278467178344727,1.430642008781433,1.5434154272079468,1.8208822011947632,2.046812057495117,2.3200840950012207,2.6183979511260986,2.860856533050537,3.198061943054199,3.4007997512817383,3.7771828174591064,1.5591946840286255,1.5750278234481812,1.4499019384384155,1.6612735986709595,1.5281676054000854,1.7877107858657837,1.887572169303894,2.1055238246917725,2.328052282333374,2.5525732040405273,2.8648359775543213,3.090097188949585,3.4364986419677734,3.646130084991455,4.009492874145508,1.9816453456878662,2.0417258739471436,1.9089908599853516,2.092164993286133,1.9366613626480103,2.189422130584717,2.25900936126709,2.429478168487549,2.633122444152832,2.7833220958709717,3.094710111618042,3.2092278003692627,3.550544023513794,3.591856002807617,3.9756569862365723
A3,0.5871427655220032,0.39832445979118347,0.0,0.38464394211769104,0.6259146928787231,0.9972043037414551,1.1855926513671875,1.5461724996566772,1.8007643222808838,2.1365981101989746,2.4063990116119385,2.7064528465270996,3.0236740112304688,3.2151618003845215,3.5868775844573975,1.0532501935958862,0.9055472016334534,0.6056793928146362,0.7228084802627563,0.7225086092948914,1.100770115852356,1.319719910621643,1.6287791728973389,1.9136897325515747,2.207200527191162,2.5171961784362793,2.7820115089416504,3.1229448318481445,3.347512722015381,3.72778058052063,1.329289197921753,1.2809308767318726,1.0370060205459595,1.174141764640808,1.079917550086975,1.3870878219604492,1.5755586624145508,1.824413776397705,2.1036503314971924,2.352261781692505,2.6801047325134277,2.9079973697662354,3.2628731727600098,3.4845430850982666,3.866213083267212,1.6777197122573853,1.699295997619629,1.4930660724639893,1.6265894174575806,1.4899866580963135,1.7430167198181152,1.898870825767517,2.0858054161071777,2.349881649017334,2.5478177070617676,2.8843109607696533,3.0931248664855957,3.4557361602783203,3.6789026260375977,4.051424980163574,2.063534736633301,2.1340131759643555,1.9378446340560913,2.05558705329895,1.8993229866027832,2.1431703567504883,2.2539784908294678,2.3889987468719482,2.623502492904663,2.741755485534668,3.0702157020568848,3.159135103225708,3.5118491649627686,3.555983543395996,3.9333956241607666
A4,0.6355856657028198,0.6371808648109436,0.38464394211769104,0.0,0.3954795300960541,0.7120751142501831,0.9773147106170654,1.3101462125778198,1.6002156734466553,1.9241279363632202,2.2084240913391113,2.518076181411743,2.8374383449554443,3.0674149990081787,3.424246072769165,0.965962827205658,0.9249722957611084,0.5936922430992126,0.5155379772186279,0.40502551198005676,0.7598446011543274,1.0365638732910156,1.3241592645645142,1.6447720527648926,1.9291859865188599,2.2538771629333496,2.5235989093780518,2.8664419651031494,3.119534492492676,3.491363763809204,1.173097014427185,1.2025094032287598,0.9459813833236694,0.9738178849220276,0.7917197942733765,1.0527054071426392,1.264304280281067,1.4874179363250732,1.7928662300109863,2.030346632003784,2.3713185787200928,2.599759340286255,2.958329200744629,3.2009165287017822,3.580458402633667,1.4827646017074585,1.5675175189971924,1.3604727983474731,1.419840693473816,1.2190011739730835,1.4233877658843994,1.581822156906128,1.7379204034805298,2.0152652263641357,2.1986567974090576,2.5444040298461914,2.749699354171753,3.116103172302246,3.351548433303833,3.72476863861084,1.850127100944519,1.9731868505477905,1.7784292697906494,1.8449922800064087,1.6379832029342651,1.8389065265655518,1.940443515777588,2.04255747795105,2.2782297134399414,2.377978563308716,2.7097880840301514,2.791146755218506,3.147278070449829,3.199190139770508,3.5743961334228516
A5,0.5253978371620178,0.7459542751312256,0.6259146928787231,0.3954795300960541,0.0,0.3924902677536011,0.655343770980835,0.9661749601364136,1.2763152122497559,1.578704595565796,1.8817782402038574,2.1668448448181152,2.5006160736083984,2.722376585006714,3.0786168575286865,0.9143271446228027,1.0109353065490723,0.8099475502967834,0.7946569919586182,0.47681331634521484,0.6686990261077881,0.852927565574646,1.0777252912521362,1.3861852884292603,1.6350327730178833,1.9654958248138428,2.204047441482544,2.5591084957122803,2.790424346923828,3.167855739593506,1.2082701921463013,1.344099998474121,1.185533881187439,1.2217985391616821,0.9328667521476746,1.0748568773269653,1.1867611408233643,1.3370970487594604,1.6034622192382812,1.7985320091247559,2.131469249725342,2.325529098510742,2.6906843185424805,2.903014898300171,3.288588762283325,1.5637480020523071,1.7271851301193237,1.5950510501861572,1.6504374742507935,1.3768033981323242,1.4966646432876587,1.5711032152175903,1.6658869981765747,1.8919082880020142,2.032590866088867,2.36008358001709,2.5313689708709717,2.901686668395996,3.1024372577667236,3.4820008277893066,1.960304856300354,2.139704704284668,2.0034339427948,2.0704545974731445,1.8059673309326172,1.945060133934021,1.9763976335525513,2.033964157104492,2.2147674560546875,2.2778091430664062,2.578298330307007,2.6281046867370605,2.9691827297210693,2.97979474067688,3.3547163009643555
A6,0.7448877096176147,1.0457050800323486,0.9972043037414551,0.7120751142501831,0.3924902677536011,0.0,0.3809770941734314,0.6171138286590576,0.9545420408248901,1.2393476963043213,1.549041986465454,1.8416156768798828,2.1717145442962646,2.4244871139526367,2.76554536819458,0.8923154473304749,1.1194710731506348,1.003949522972107,0.9396157264709473,0.5482196807861328,0.4628022015094757,0.5509297847747803,0.6971637010574341,1.0180706977844238,1.2502968311309814,1.5883374214172363,1.8282091617584229,2.182987928390503,2.4306271076202393,2.8020567893981934,1.130426287651062,1.3690505027770996,1.2840602397918701,1.2710535526275635,0.9038578271865845,0.898019015789032,0.918883740901947,0.9947162866592407,1.2398972511291504,1.4118292331695557,1.7442975044250488,1.9332636594772339,2.299156904220581,2.51607346534729,2.900822877883911,1.4542564153671265,1.6977348327636719,1.6281174421310425,1.644511103630066,1.3067195415496826,1.3288800716400146,1.328328013420105,1.3652029037475586,1.5529229640960693,1.667930245399475,1.9850462675094604,2.146660327911377,2.516059398651123,2.7108583450317383,3.0906031131744385,1.8371162414550781,2.076876640319824,1.992080569267273,2.037003755569458,1.7179033756256104,1.7858428955078125,1.7543405294418335,1.7707691192626953,1.9069939851760864,1.947990894317627,2.227344036102295,2.2687981128692627,2.6014325618743896,2.6027774810791016,2.9797451496124268
A7,0.7431733012199402,1.1029359102249146,1.1855926513671875,0.9773147106170654,0.655343770980835,0.3809770941734314,0.0,0.38524842262268066,0.6264885067939758,0.9583426117897034,1.2355644702911377,1.544271469116211,1.8611812591552734,2.0943782329559326,2.4475035667419434,0.7506435513496399,1.0643354654312134,1.0905766487121582,1.1307448148727417,0.7635558247566223,0.6425248980522156,0.4722919464111328,0.6040478944778442,0.7980549335479736,1.0539299249649048,1.3535274267196655,1.6020420789718628,1.9434930086135864,2.163083553314209,2.5428013801574707,1.0489130020141602,1.3383662700653076,1.3643593788146973,1.4218366146087646,1.0619096755981445,1.027284860610962,0.9123551249504089,0.984292209148407,1.1219475269317627,1.3055139780044556,1.5931687355041504,1.7873142957687378,2.1348860263824463,2.320183753967285,2.703493118286133,1.4152460098266602,1.6859148740768433,1.7028180360794067,1.7727326154708862,1.4339678287506104,1.4404104948043823,1.3515870571136475,1.3988142013549805,1.5070886611938477,1.6349234580993652,1.909121036529541,2.076181650161743,2.4248573780059814,2.591064453125,2.962254524230957,1.8269357681274414,2.0777199268341064,2.063246726989746,2.156920909881592,1.8316456079483032,1.889432668685913,1.7963467836380005,1.8345692157745361,1.9136415719985962,1.9771817922592163,2.2198731899261475,2.2797255516052246,2.5889015197753906,2.573559522628784,2.953854560852051
A8,1.1174484491348267,1.4843330383300781,1.5461724996566772,1.3101462125778198,0.9661749601364136,0.6171138286590576,0.38524842262268066,0.0,0.3857538104057312,0.6223560571670532,0.9440391659736633,1.225528359413147,1.557963490486145,1.8194668292999268,2.1522977352142334,1.078216552734375,1.423190712928772,1.4618550539016724,1.4587687253952026,1.0826960802078247,0.8488744497299194,0.6118894219398499,0.47040724754333496,0.5837447047233582,0.7266113758087158,1.0414310693740845,1.2474819421768188,1.6053035259246826,1.8249090909957886,2.2027034759521484,1.3058689832687378,1.640515923500061,1.6913858652114868,1.7028987407684326,1.3196947574615479,1.1768137216567993,0.9855960011482239,0.9049016237258911,0.9572322368621826,1.0410605669021606,1.3084555864334106,1.4515539407730103,1.805222988128662,1.9698411226272583,2.357292652130127,1.610988974571228,1.930462121963501,1.9789165258407593,2.005988121032715,1.6363455057144165,1.5525590181350708,1.396843671798706,1.3451534509658813,1.3778921365737915,1.4277704954147339,1.6661403179168701,1.7835724353790283,2.1304454803466797,2.2632410526275635,2.638373374938965,1.9817709922790527,2.2768540382385254,2.294414758682251,2.3553435802459717,1.9968066215515137,1.9808768033981323,1.8311827182769775,1.8017858266830444,1.8144659996032715,1.8213249444961548,2.0156359672546387,2.034687042236328,2.3189358711242676,2.264234781265259,2.637766122817993
A9,1.2991136312484741,1.6638340950012207,1.8007643222808838,1.6002156734466553,1.2763152122497559,0.9545420408248901,0.6264885067939758,0.3857538104057312,0.0,0.3804895877838135,0.609356701374054,0.9387111663818359,1.2381393909454346,1.4915001392364502,1.8334275484085083,1.128712773323059,1.5022757053375244,1.6348892450332642,1.6849184036254883,1.3405934572219849,1.1078681945800781,0.7753964066505432,0.6337034106254578,0.4800778329372406,0.6089907884597778,0.8161845803260803,1.0388286113739014,1.360801339149475,1.550947666168213,1.9336602687835693,1.3373494148254395,1.693291187286377,1.8293355703353882,1.8818162679672241,1.5216439962387085,1.3661799430847168,1.0910122394561768,1.0127965211868286,0.9237679839134216,1.0083805322647095,1.1854660511016846,1.3357778787612915,1.647011637687683,1.7750972509384155,2.152297258377075,1.6321617364883423,1.9644371271133423,2.086935043334961,2.148987054824829,1.792091727256775,1.6961345672607422,1.4725027084350586,1.4337912797927856,1.3781318664550781,1.4416635036468506,1.6131041049957275,1.738674283027649,2.0450565814971924,2.1467809677124023,2.5019712448120117,1.997750163078308,2.2969791889190674,2.3797097206115723,2.476182460784912,2.1216177940368652,2.0936472415924072,1.8922715187072754,1.8853394985198975,1.83962082862854,1.8741412162780762,2.0217154026031494,2.068143129348755,2.3179304599761963,2.2554821968078613,2.6240451335906982
A10,1.6468771696090698,2.0202605724334717,2.1365981101989746,1.9241279363632202,1.578704595565796,1.2393476963043213,0.9583426117897034,0.6223560571670532,0.3804895877838135,0.0,0.36585333943367004,0.6073759198188782,0.940589964389801,1.220567226409912,1.5362870693206787,1.5087915658950806,1.8827455043792725,2.0057027339935303,2.032884120941162,1.6760237216949463,1.4103249311447144,1.0957375764846802,0.8457052111625671,0.6285961866378784,0.49749961495399475,0.626396119594574,0.722936749458313,1.063772201538086,1.2235621213912964,1.60975980758667,1.693603754043579,2.0593907833099365,2.1945605278015137,2.220410108566284,1.8489818572998047,1.647481083869934,1.3578468561172485,1.1824842691421509,1.0189164876937866,0.9609171748161316,1.0597764253616333,1.1070547103881836,1.404290795326233,1.4740378856658936,1.8533962965011597,1.9494891166687012,2.300285816192627,2.431466817855835,2.4652693271636963,2.0948803424835205,1.948160171508789,1.695119857788086,1.5800997018814087,1.4565449953079224,1.427736520767212,1.532530665397644,1.580830693244934,1.8663605451583862,1.9065886735916138,2.25862455368042,2.2790491580963135,2.6005642414093018,2.6979870796203613,2.769373893737793,2.3986146450042725,2.3211984634399414,2.0867650508880615,2.022512197494507,1.917599081993103,1.8917449712753296,1.9748092889785767,1.9695926904678345,2.175100803375244,2.057060480117798,2.4061014652252197
A11,1.8862777948379517,2.2479212284088135,2.4063990116119385,2.2084240913391113,1.8817782402038574,1.549041986465454,1.2355644702911377,0.9440391659736633,0.609356701374054,0.36585333943367004,0.0,0.3984358310699463,0.6352245807647705,0.9339368939399719,1.2454524040222168,1.6594842672348022,2.0366430282592773,2.213839292526245,2.265526056289673,1.9341773986816406,1.6665269136428833,1.3161863088607788,1.0897765159606934,0.7701913118362427,0.6287400126457214,0.5321251153945923,0.6074338555335999,0.8496806025505066,0.9664300680160522,1.3510998487472534,1.8051434755325317,2.1739275455474854,2.3645803928375244,2.4103755950927734,2.060826063156128,1.8505709171295166,1.520080327987671,1.3559844493865967,1.1050113439559937,1.0461965799331665,1.0264642238616943,1.0708767175674438,1.287013053894043,1.3083890676498413,1.6618943214416504,2.0290865898132324,2.3815598487854004,2.5660858154296875,2.6184089183807373,2.2635016441345215,2.1062710285186768,1.8113762140274048,1.7078677415847778,1.5177571773529053,1.4997432231903076,1.529176950454712,1.5824129581451416,1.807838797569275,1.8137073516845703,2.13181209564209,2.3337643146514893,2.6540842056274414,2.802748203277588,2.8953800201416016,2.532780885696411,2.4422736167907715,2.171251058578491,2.1237728595733643,1.9709888696670532,1.9693548679351807,2.004554271697998,2.0276241302490234,2.1918554306030273,2.0746443271636963,2.407869577407837
A12,2.1850242614746094,2.5567057132720947,2.7064528465270996,2.518076181411743,2.1668448448181152,1.8416156768798828,1.544271469116211,1.225528359413147,0.9387111663818359,0.6073759198188782,0.3984358310699463,0.0,0.3781493306159973,0.6452568173408508,0.9351887702941895,2.0237784385681152,2.39577317237854,2.56598162651062,2.620675563812256,2.272916555404663,2.0088951587677,1.6769616603851318,1.4226868152618408,1.132843017578125,0.9037145972251892,0.7631044387817383,0.6021469235420227,0.780078113079071,0.7407389283180237,1.1256910562515259,2.196962833404541,2.5624547004699707,2.7441928386688232,2.7883124351501465,2.42893648147583,2.2140157222747803,1.8936413526535034,1.6954697370529175,1.4420305490493774,1.3031513690948486,1.2276934385299683,1.1460902690887451,1.3070569038391113,1.208988070487976,1.5380481481552124,2.426846504211426,2.7796292304992676,2.958892345428467,3.0051023960113525,2.643282890319824,2.473843574523926,2.1794261932373047,2.0402774810791016,1.8301870822906494,1.74849271774292,1.7274394035339355,1.697683572769165,1.885573387145996,1.8061798810958862,2.1024105548858643,2.7261478900909424,3.050297975540161,3.198227643966675,3.281996488571167,2.9133474826812744,2.8064732551574707,2.5286130905151367,2.4484779834747314,2.269479990005493,2.2212576866149902,2.207749605178833,2.1775572299957275,2.292637348175049,2.1130332946777344,2.4091806411743164
A13,2.4888501167297363,2.8505730628967285,3.0236740112304688,2.8374383449554443,2.5006160736083984,2.1717145442962646,1.8611812591552734,1.557963490486145,1.2381393909454346,0.940589964389801,0.6352245807647705,0.3781493306159973,0.0,0.40378323197364807,0.6219516396522522,2.263383626937866,2.634276866912842,2.83620548248291,2.898704767227173,2.5693514347076416,2.2963643074035645,1.9462699890136719,1.6993719339370728,1.3657112121582031,1.1407986879348755,0.8909466862678528,0.7037990689277649,0.6773250699043274,0.4996398985385895,0.8493045568466187,2.3959808349609375,2.7605881690979004,2.978649139404297,3.0285227298736572,2.6855735778808594,2.457869529724121,2.113809823989868,1.9175156354904175,1.6147469282150269,1.4715993404388428,1.3068581819534302,1.2107515335083008,1.261147141456604,1.0904510021209717,1.3558838367462158,2.588552236557007,2.9405462741851807,3.1579020023345947,3.2098734378814697,2.8606622219085693,2.676870822906494,2.354463577270508,2.2171080112457275,1.9594072103500366,1.8779553174972534,1.7882485389709473,1.7515429258346558,1.8662493228912354,1.7424509525299072,1.985304355621338,2.8548824787139893,3.177441120147705,3.3649404048919678,3.457792043685913,3.096445083618164,2.972172737121582,2.6668355464935303,2.592466115951538,2.373227596282959,2.3372511863708496,2.275444507598877,2.2636709213256836,2.330846071243286,2.15185284614563,2.4181697368621826
A14,2.658247232437134,3.014744758605957,3.2151618003845215,3.0674149990081787,2.722376585006714,2.4244871139526367,2.0943782329559326,1.8194668292999268,1.4915001392364502,1.220567226409912,0.9339368939399719,0.6452568173408508,0.40378323197364807,0.0,0.3909238874912262,2.468867301940918,2.823509454727173,3.050719976425171,3.154357433319092,2.8261120319366455,2.5879969596862793,2.2355105876922607,2.0220727920532227,1.698319911956787,1.5058988332748413,1.2812479734420776,1.0980968475341797,1.0527777671813965,0.7704896330833435,1.0186885595321655,2.645130157470703,2.9916887283325195,3.223841428756714,3.310159683227539,2.9745707511901855,2.778878688812256,2.439757823944092,2.2738609313964844,1.9838240146636963,1.8638311624526978,1.7088592052459717,1.6088579893112183,1.6373541355133057,1.4168847799301147,1.62562096118927,2.8705508708953857,3.203181028366089,3.429208755493164,3.5131733417510986,3.1738779544830322,3.0183417797088623,2.7029786109924316,2.5908424854278564,2.343682050704956,2.2777321338653564,2.1897521018981934,2.1490557193756104,2.246772289276123,2.09328031539917,2.304793357849121,3.158890962600708,3.462059497833252,3.65690279006958,3.77659273147583,3.425960063934326,3.3259646892547607,3.027128219604492,2.9736790657043457,2.762449264526367,2.7380247116088867,2.677079677581787,2.664119243621826,2.720262050628662,2.5269274711608887,2.7737956047058105
A15,3.0360159873962402,3.3945157527923584,3.5868775844573975,3.424246072769165,3.0786168575286865,2.76554536819458,2.4475035667419434,2.1522977352142334,1.8334275484085083,1.5362870693206787,1.2454524040222168,0.9351887702941895,0.6219516396522522,0.3909238874912262,0.0,2.8289499282836914,3.18859601020813,3.4133763313293457,3.5000813007354736,3.171454429626465,2.9116525650024414,2.5599868297576904,2.319913625717163,1.986709475517273,1.7552402019500732,1.4893494844436646,1.2488152980804443,1.0964467525482178,0.7210211753845215,0.8150149583816528,2.9756674766540527,3.3290088176727295,3.5663838386535645,3.6352219581604004,3.2984039783477783,3.0774643421173096,2.7302184104919434,2.535193681716919,2.2216858863830566,2.0606319904327393,1.8516749143600464,1.6993046998977661,1.6460310220718384,1.3509727716445923,1.4726439714431763,3.1684365272521973,3.5096685886383057,3.74688720703125,3.8136274814605713,3.4720840454101562,3.2891018390655518,2.9586753845214844,2.8186025619506836,2.539484739303589,2.4382781982421875,2.2960267066955566,2.212338924407959,2.248884677886963,2.0362768173217773,2.191941022872925,3.424962043762207,3.7376458644866943,3.9481451511383057,4.053557395935059,3.6987509727478027,3.5692925453186035,3.2518932819366455,3.1745669841766357,2.9291720390319824,2.881696939468384,2.7710154056549072,2.7394185066223145,2.742760419845581,2.526362180709839,2.727545738220215
B1,0.6501877903938293,0.8082762956619263,1.0532501935958862,0.965962827205658,0.9143271446228027,0.8923154473304749,0.7506435513496399,1.078216552734375,1.128712773323059,1.5087915658950806,1.6594842672348022,2.0237784385681152,2.263383626937866,2.468867301940918,2.8289499282836914,0.0,0.3827035427093506,0.6249621510505676,0.8389511108398438,0.7151778340339661,0.8101652264595032,0.7076503038406372,1.068662405014038,1.1808717250823975,1.5460329055786133,1.7627313137054443,2.0911190509796143,2.3661041259765625,2.5941083431243896,2.9572317600250244,0.47992393374443054,0.6634049415588379,0.8094579577445984,1.0341720581054688,0.8399101495742798,0.9952487945556641,0.9379824995994568,1.2428447008132935,1.382469892501831,1.7037853002548218,1.9561398029327393,2.244680881500244,2.544264793395996,2.7626702785491943,3.11966609954834,0.9407287836074829,1.0958693027496338,1.1622214317321777,1.3728365898132324,1.153980016708374,1.3199131488800049,1.2864720821380615,1.5248175859451294,1.673258900642395,1.9396027326583862,2.2120561599731445,2.4753289222717285,2.7872135639190674,3.003479480743408,3.3441760540008545,1.4010869264602661,1.5494250059127808,1.5585311651229858,1.7652788162231445,1.5327560901641846,1.7152341604232788,1.6776494979858398,1.8695564270019531,2.0074925422668457,2.200498342514038,2.4795219898223877,2.642793655395508,2.9630305767059326,3.026517868041992,3.4132001399993896
B2,0.6717534065246582,0.6251242160797119,0.9055472016334534,0.9249722957611084,1.0109353065490723,1.1194710731506348,1.0643354654312134,1.423190712928772,1.5022757053375244,1.8827455043792725,2.0366430282592773,2.39577317237854,2.634276866912842,2.823509454727173,3.18859601020813,0.3827035427093506,0.0,0.4018092155456543,0.7406238913536072,0.7851772904396057,1.0199897289276123,1.0307528972625732,1.4109702110290527,1.554789423942566,1.9217936992645264,2.142957925796509,2.4734480381011963,2.747260093688965,2.973863124847412,3.336212158203125,0.60594242811203,0.5334775447845459,0.6123660802841187,0.9418227076530457,0.8862593770027161,1.161915898323059,1.2033305168151855,1.546302080154419,1.722795009613037,2.056063175201416,2.3173248767852783,2.6146225929260254,2.914247989654541,3.141444683074951,3.4962806701660156,1.0144084692001343,1.0285212993621826,1.0256707668304443,1.3028761148452759,1.1841726303100586,1.4461508989334106,1.4937623739242554,1.777357816696167,1.9680852890014648,2.2546591758728027,2.5413310527801514,2.818225145339966,3.1309475898742676,3.3634748458862305,3.701894521713257,1.4504342079162598,1.5071358680725098,1.4617257118225098,1.7060678005218506,1.5509384870529175,1.8077813386917114,1.8389616012573242,2.0712664127349854,2.255159616470337,2.470243453979492,2.772172212600708,2.9490439891815186,3.280366897583008,3.3635053634643555,3.7502143383026123
B3,0.6374661326408386,0.5021044015884399,0.6056793928146362,0.5936922430992126,0.8099475502967834,1.003949522972107,1.0905766487121582,1.4618550539016724,1.6348892450332642,2.0057027339935303,2.213839292526245,2.56598162651062,2.83620548248291,3.050719976425171,3.4133763313293457,0.6249621510505676,0.4018092155456543,0.0,0.39900219440460205,0.5451411008834839,0.888095498085022,1.0452985763549805,1.422774314880371,1.6548601388931274,2.0064697265625,2.2743825912475586,2.5957138538360596,2.8965353965759277,3.147223472595215,3.5127651691436768,0.7724016904830933,0.6753137707710266,0.48039281368255615,0.7304407358169556,0.6939198970794678,1.0426898002624512,1.2010138034820557,1.5340454578399658,1.7859199047088623,2.101186752319336,2.403141975402832,2.689262628555298,3.013280153274536,3.262674331665039,3.6270790100097656,1.108036994934082,1.1073888540267944,0.9566267728805542,1.1626983880996704,1.0486135482788086,1.3431720733642578,1.477550745010376,1.7427914142608643,1.9947923421859741,2.260883092880249,2.5825743675231934,2.8473100662231445,3.182333469390869,3.43316650390625,3.7846555709838867,1.5044045448303223,1.560341715812683,1.4134835004806519,1.5926711559295654,1.4437575340270996,1.716762900352478,1.81107759475708,2.0157485008239746,2.2474212646484375,2.4349286556243896,2.764845609664917,2.919051170349121,3.2687103748321533,3.3582358360290527,3.742560386657715
B4,0.8773070573806763,0.8135328888893127,0.7228084802627563,0.5155379772186279,0.7946569919586182,0.9396157264709473,1.1307448148727417,1.4587687253952026,1.6849184036254883,2.032884120941162,2.265526056289673,2.620675563812256,2.898704767227173,3.154357433319092,3.5000813007354736,0.8389511108398438,0.7406238913536072,0.39900219440460205,0.0,0.39198121428489685,0.7059537172317505,0.9798774123191833,1.326074242591858,1.6152212619781494,1.9499448537826538,2.240964889526367,2.5641472339630127,2.870199203491211,3.1571152210235596,3.5118582248687744,0.8337754607200623,0.79087895154953,0.4736604690551758,0.46662986278533936,0.40591171383857727,0.781633198261261,1.0430576801300049,1.3586530685424805,1.6672853231430054,1.9695804119110107,2.2952077388763428,2.581827163696289,2.912839889526367,3.1945085525512695,3.5561647415161133,1.0482405424118042,1.0831348896026611,0.8472891449928284,0.920900821685791,0.7712722420692444,1.0610324144363403,1.2653638124465942,1.5104854106903076,1.8112995624542236,2.064735174179077,2.4090754985809326,2.672149181365967,3.0146899223327637,3.291072368621826,3.644120693206787,1.3803800344467163,1.470962643623352,1.2639341354370117,1.3530693054199219,1.176835298538208,1.4336975812911987,1.5708833932876587,1.746277928352356,2.0145390033721924,2.183875799179077,2.534090757369995,2.6804049015045166,3.0414083003997803,3.1514806747436523,3.529465913772583
B5,0.68515944480896,0.7973002195358276,0.7225086092948914,0.40502551198005676,0.47681331634521484,0.5482196807861328,0.7635558247566223,1.0826960802078247,1.3405934572219849,1.6760237216949463,1.9341773986816406,2.272916555404663,2.5693514347076416,2.8261120319366455,3.171454429626465,0.7151778340339661,0.7851772904396057,0.5451411008834839,0.39198121428489685,0.0,0.3966600000858307,0.6742885112762451,0.9968264698982239,1.30705726146698,1.6194003820419312,1.9294675588607788,2.2294225692749023,2.553760290145874,2.829119920730591,3.19126033782959,0.8354844450950623,0.9535875916481018,0.7699064016342163,0.7589262127876282,0.4607512652873993,0.67942214012146,0.8641555905342102,1.1171369552612305,1.4180711507797241,1.6858386993408203,2.019636392593384,2.27706241607666,2.6229655742645264,2.883733034133911,3.2554774284362793,1.1286489963531494,1.2801860570907593,1.135156512260437,1.1781548261642456,0.9084843397140503,1.0741833448410034,1.1924413442611694,1.3639525175094604,1.631563425064087,1.8414047956466675,2.1822280883789062,2.412828207015991,2.7684848308563232,3.0170443058013916,3.3819854259490967,1.5038068294525146,1.6743478775024414,1.530198574066162,1.598656415939331,1.3403160572052002,1.5104010105133057,1.5707932710647583,1.6831079721450806,1.9030452966690063,2.0263936519622803,2.35538649559021,2.4650754928588867,2.8193533420562744,2.8901305198669434,3.2708029747009277
B6,0.9407418966293335,1.1469802856445312,1.100770115852356,0.7598446011543274,0.6686990261077881,0.4628022015094757,0.6425248980522156,0.8488744497299194,1.1078681945800781,1.4103249311447144,1.6665269136428833,2.0088951587677,2.2963643074035645,2.5879969596862793,2.9116525650024414,0.8101652264595032,1.0199897289276123,0.888095498085022,0.7059537172317505,0.3966600000858307,0.0,0.3795602321624756,0.6397846937179565,0.9767552018165588,1.2737270593643188,1.5888861417770386,1.89264976978302,2.2116847038269043,2.51080584526062,2.861111879348755,0.8379840850830078,1.0845072269439697,0.9931923151016235,0.896794855594635,0.5013511180877686,0.4375573396682739,0.5405320525169373,0.7286433577537537,1.0439656972885132,1.298164963722229,1.639055609703064,1.8972352743148804,2.242847442626953,2.517756462097168,2.8857929706573486,1.0614972114562988,1.3188045024871826,1.2457302808761597,1.2162165641784668,0.8566721677780151,0.8706360459327698,0.9067355394363403,1.0094096660614014,1.259924054145813,1.4490987062454224,1.7906463146209717,2.0165581703186035,2.3734896183013916,2.6248815059661865,2.989917278289795,1.4047777652740479,1.6556593179702759,1.5669593811035156,1.5900815725326538,1.2584468126296997,1.3283454179763794,1.3180217742919922,1.374160647392273,1.557175636291504,1.6558291912078857,1.9732404947280884,2.075848340988159,2.4269537925720215,2.495920181274414,2.877612829208374
B7,0.9865065813064575,1.2614260911941528,1.319719910621643,1.0365638732910156,0.852927565574646,0.5509297847747803,0.4722919464111328,0.6118894219398499,0.7753964066505432,1.0957375764846802,1.3161863088607788,1.6769616603851318,1.9462699890136719,2.2355105876922607,2.5599868297576904,0.7076503038406372,1.0307528972625732,1.0452985763549805,0.9798774123191833,0.6742885112762451,0.3795602321624756,0.0,0.3884265124797821,0.6382851004600525,0.9769970774650574,1.264586329460144,1.5863170623779297,1.8927881717681885,2.179316759109497,2.5334243774414062,0.7645003795623779,1.104219913482666,1.1486364603042603,1.1272865533828735,0.7538228631019592,0.6118674278259277,0.4404739439487457,0.5904650092124939,0.7918603420257568,1.0682456493377686,1.3762774467468262,1.6455029249191284,1.9782054424285889,2.2316043376922607,2.5995371341705322,1.0255627632141113,1.342902421951294,1.3816304206848145,1.4010984897613525,1.0366898775100708,0.9921388626098633,0.8800464272499084,0.9626427292823792,1.1080631017684937,1.3039675951004028,1.6050297021865845,1.8353843688964844,2.176647424697876,2.4019744396209717,2.761946201324463,1.3970651626586914,1.6812936067581177,1.6832027435302734,1.7498433589935303,1.4017199277877808,1.4308713674545288,1.3249001502990723,1.3832788467407227,1.4837002754211426,1.594028353691101,1.8673292398452759,1.9823505878448486,2.3097050189971924,2.358095407485962,2.7447760105133057
B8,1.286368489265442,1.5986400842666626,1.6287791728973389,1.3241592645645142,1.0777252912521362,0.6971637010574341,0.6040478944778442,0.47040724754333496,0.6337034106254578,0.8457052111625671,1.0897765159606934,1.4226868152618408,1.6993719339370728,2.0220727920532227,2.319913625717163,1.068662405014038,1.4109702110290527,1.422774314880371,1.326074242591858,0.9968264698982239,0.6397846937179565,0.3884265124797821,0.0,0.38537001609802246,0.6341957449913025,0.9598129391670227,1.2535873651504517,1.5759774446487427,1.878450870513916,2.2255465984344482,1.11356520652771,1.4726412296295166,1.5222314596176147,1.4541960954666138,1.0701498985290527,0.8184010982513428,0.5796746015548706,0.4346141219139099,0.5599251985549927,0.7318224906921387,1.0564419031143188,1.287136197090149,1.6374576091766357,1.8880842924118042,2.261990547180176,1.3036127090454102,1.6574419736862183,1.713497281074524,1.6797518730163574,1.2920467853546143,1.136438250541687,0.9508479237556458,0.8748498558998108,0.9347147345542908,1.031301736831665,1.3161087036132812,1.4989869594573975,1.8521589040756226,2.0557453632354736,2.4261057376861572,1.6125627756118774,1.9397200345993042,1.9648864269256592,1.984839916229248,1.6053684949874878,1.5420047044754028,1.374014973640442,1.331627607345581,1.3552440404891968,1.386869192123413,1.6166393756866455,1.6831331253051758,1.9956573247909546,2.008117914199829,2.393226385116577
B9,1.49193274974823,1.8181618452072144,1.9136897325515747,1.6447720527648926,1.3861852884292603,1.0180706977844238,0.7980549335479736,0.5837447047233582,0.4800778329372406,0.6285961866378784,0.7701913118362427,1.132843017578125,1.3657112121582031,1.698319911956787,1.986709475517273,1.1808717250823975,1.554789423942566,1.6548601388931274,1.6152212619781494,1.30705726146698,0.9767552018165588,0.6382851004600525,0.38537001609802246,0.0,0.3838585615158081,0.6269359588623047,0.9652498960494995,1.255700945854187,1.551828145980835,1.898184061050415,1.2114832401275635,1.5956542491912842,1.731209397315979,1.7053217887878418,1.3485841751098633,1.0936455726623535,0.7629702091217041,0.5996283888816833,0.4438312351703644,0.5943961143493652,0.8190521001815796,1.0671484470367432,1.3833690881729126,1.6081981658935547,1.9762663841247559,1.3822236061096191,1.7552831172943115,1.891350269317627,1.8900988101959229,1.519191861152649,1.3434845209121704,1.069952130317688,0.9857980608940125,0.8985796570777893,0.9871107339859009,1.1819639205932617,1.3667529821395874,1.6806150674819946,1.8499401807785034,2.2051026821136475,1.6750468015670776,2.013845682144165,2.1125071048736572,2.1642024517059326,1.7887639999389648,1.6995611190795898,1.4621621370315552,1.4287376403808594,1.361310362815857,1.408450961112976,1.5679116249084473,1.6543885469436646,1.9231038093566895,1.9179878234863281,2.2985658645629883
B10,1.7874999046325684,2.1346614360809326,2.207200527191162,1.9291859865188599,1.6350327730178833,1.2502968311309814,1.0539299249649048,0.7266113758087158,0.6089907884597778,0.49749961495399475,0.6287400126457214,0.9037145972251892,1.1407986879348755,1.5058988332748413,1.7552402019500732,1.5460329055786133,1.9217936992645264,2.0064697265625,1.9499448537826538,1.6194003820419312,1.2737270593643188,0.9769970774650574,0.6341957449913025,0.3838585615158081,0.0,0.36285173892974854,0.6205616593360901,0.9480147361755371,1.2533940076828003,1.5950953960418701,1.594550609588623,1.978452444076538,2.100539207458496,2.051154851913452,1.6826215982437134,1.3974770307540894,1.0866588354110718,0.814864993095398,0.5921515226364136,0.463574081659317,0.6116097569465637,0.7452671527862549,1.0839961767196655,1.2779053449630737,1.6591938734054565,1.743773102760315,2.1238789558410645,2.255025863647461,2.2242257595062256,1.843430995941162,1.6224640607833862,1.3385039567947388,1.155333161354065,0.9912616014480591,0.9310587048530579,1.048891305923462,1.1334890127182007,1.4450331926345825,1.5578449964523315,1.923941969871521,1.999977946281433,2.3542776107788086,2.4562788009643555,2.477184772491455,2.089519739151001,1.9496136903762817,1.6877578496932983,1.5769692659378052,1.442217230796814,1.3980306386947632,1.4798694849014282,1.493121862411499,1.7194844484329224,1.6499168872833252,2.0190365314483643
B11,2.0650289058685303,2.4096009731292725,2.5171961784362793,2.2538771629333496,1.9654958248138428,1.5883374214172363,1.3535274267196655,1.0414310693740845,0.8161845803260803,0.626396119594574,0.5321251153945923,0.7631044387817383,0.8909466862678528,1.2812479734420776,1.4893494844436646,1.7627313137054443,2.142957925796509,2.2743825912475586,2.240964889526367,1.9294675588607788,1.5888861417770386,1.264586329460144,0.9598129391670227,0.6269359588623047,0.36285173892974854,0.0,0.39165982604026794,0.6295394897460938,0.9523655772209167,1.2792552709579468,1.7816996574401855,2.168087959289551,2.33929705619812,2.3064863681793213,1.959015965461731,1.6682543754577637,1.325055718421936,1.0691616535186768,0.7487475872039795,0.5880393385887146,0.495003879070282,0.5966761112213135,0.8458146452903748,1.0019776821136475,1.3693770170211792,1.8959929943084717,2.278484582901001,2.4596903324127197,2.441861867904663,2.077394723892212,1.8422218561172485,1.516914963722229,1.3364595174789429,1.083046555519104,1.0084120035171509,0.9996231198310852,1.0648032426834106,1.299994707107544,1.3634276390075684,1.7003377676010132,2.1181676387786865,2.474250316619873,2.6271321773529053,2.6625452041625977,2.283113956451416,2.121427297592163,1.8183013200759888,1.7127870321273804,1.510496973991394,1.4766113758087158,1.4797371625900269,1.5104899406433105,1.6740044355392456,1.5912152528762817,1.9387820959091187
B12,2.324070930480957,2.686147689819336,2.7820115089416504,2.5235989093780518,2.204047441482544,1.8282091617584229,1.6020420789718628,1.2474819421768188,1.0388286113739014,0.722936749458313,0.6074338555335999,0.6021469235420227,0.7037990689277649,1.0980968475341797,1.2488152980804443,2.0911190509796143,2.4734480381011963,2.5957138538360596,2.5641472339630127,2.2294225692749023,1.89264976978302,1.5863170623779297,1.2535873651504517,0.9652498960494995,0.6205616593360901,0.39165982604026794,0.0,0.3826058506965637,0.6560584902763367,0.9901869893074036,2.151520013809204,2.537304639816284,2.695544719696045,2.6602725982666016,2.2986836433410645,2.0068304538726807,1.6819385290145874,1.3959214687347412,1.1024587154388428,0.8497406840324402,0.6960446834564209,0.5452716946601868,0.7377405762672424,0.7511993050575256,1.1328238248825073,2.283301591873169,2.665498733520508,2.8359053134918213,2.8103129863739014,2.437312602996826,2.192901849746704,1.8780463933944702,1.6600276231765747,1.400412678718567,1.2399183511734009,1.1667345762252808,1.0992379188537598,1.2911771535873413,1.241529941558838,1.5705363750457764,2.5055136680603027,2.8641672134399414,3.0103635787963867,3.033538579940796,2.648137092590332,2.470979928970337,2.1682727336883545,2.023254156112671,1.798173427581787,1.699161171913147,1.640283226966858,1.591060996055603,1.6912107467651367,1.5214961767196655,1.8305357694625854
B13,2.652613878250122,3.0075843334198,3.1229448318481445,2.8664419651031494,2.5591084957122803,2.182987928390503,1.9434930086135864,1.6053035259246826,1.360801339149475,1.063772201538086,0.8496806025505066,0.780078113079071,0.6773250699043274,1.0527777671813965,1.0964467525482178,2.3661041259765625,2.747260093688965,2.8965353965759277,2.870199203491211,2.553760290145874,2.2116847038269043,1.8927881717681885,1.5759774446487427,1.255700945854187,0.9480147361755371,0.6295394897460938,0.3826058506965637,0.0,0.40583088994026184,0.6624450087547302,2.3878982067108154,2.7716948986053467,2.961794376373291,2.9283652305603027,2.5848805904388428,2.2814865112304688,1.9390442371368408,1.6596157550811768,1.3237638473510742,1.0765200853347778,0.8041611909866333,0.6204903721809387,0.5855400562286377,0.4733978509902954,0.812523603439331,2.4780092239379883,2.85880446434021,3.064253091812134,3.039191722869873,2.6809494495391846,2.419919729232788,2.0799925327301025,1.8618316650390625,1.5507992506027222,1.3849924802780151,1.2117738723754883,1.119682788848877,1.194806694984436,1.071555733680725,1.338128685951233,2.6588730812072754,3.016815662384033,3.2012686729431152,3.2275002002716064,2.850977897644043,2.650709629058838,2.3200886249542236,2.1752021312713623,1.901434063911438,1.8091233968734741,1.6800557374954224,1.6464687585830688,1.6731233596801758,1.4997268915176392,1.7633172273635864
