,A1,A2,A3,A4,A5,A6,A7,A8,A9,A10,A11,A12,A13,A14,A15,B1,B2,B3,B4,B5,B6,B7,B8,B9,B10,B11,B12,B13,B14,B15,C1,C2,C3,C4,C5,C6,C7,C8,C9,C10,C11,C12,C13,C14,C15,D1,D2,D3,D4,D5,D6,D7,D8,D9,D10,D11,D12,D13,D14,D15,E1,E2,E3,E4,E5,E6,E7,E8,E9,E10,E11,E12,E13,E14,E15
A1,0.0,0.3863791227340698,0.5609559416770935,0.6708345413208008,0.5950615406036377,0.8209927082061768,0.7847095131874084,1.1516547203063965,1.2621777057647705,1.6319118738174438,1.8006950616836548,2.1322457790374756,2.411158800125122,2.592541456222534,2.9366981983184814,0.9892529249191284,0.9217996001243591,0.7409648299217224,0.8969025611877441,0.7695331573486328,1.0223983526229858,1.0361262559890747,1.3452796936035156,1.5029798746109009,1.8193237781524658,2.045832872390747,2.3362913131713867,2.621467113494873,2.8711535930633545,3.1878490447998047,1.477650761604309,1.4977381229400635,1.2365975379943848,1.358542799949646,1.199615716934204,1.4045240879058838,1.4190887212753296,1.6602904796600342,1.8195830583572388,2.0866341590881348,2.3351430892944336,2.6025025844573975,2.864234447479248,3.1500587463378906,3.4179234504699707,1.9425079822540283,1.9992139339447021,1.7349998950958252,1.8434194326400757,1.669405221939087,1.8424874544143677,1.841861367225647,2.034335136413574,2.181013822555542,2.3923137187957764,2.6584339141845703,2.877455472946167,3.159700632095337,3.3773229122161865,3.6424899101257324,2.441254138946533,2.532292604446411,2.2695257663726807,2.3766963481903076,2.170610189437866,2.3372740745544434,2.304288148880005,2.4567618370056152,2.5905845165252686,2.7408010959625244,3.0067877769470215,3.1486430168151855,3.4636569023132324,3.5533721446990967,3.93933367729187
A2,0.3863791227340698,0.0,0.3842316269874573,0.6541698575019836,0.7796327471733093,1.0948315858840942,1.141531229019165,1.5166690349578857,1.641650676727295,2.015026807785034,2.1774563789367676,2.512423515319824,2.782780408859253,2.9519150257110596,3.2918479442596436,1.1064794063568115,0.8976840376853943,0.7041689157485962,0.8434513211250305,0.874865710735321,1.21772038936615,1.315773844718933,1.6542866230010986,1.8392103910446167,2.1721229553222656,2.4016098976135254,2.7057759761810303,2.9836556911468506,3.2379250526428223,3.545401096343994,1.5442041158676147,1.4670355319976807,1.193985939025879,1.3076293468475342,1.252079725265503,1.5377216339111328,1.628013014793396,1.9101178646087646,2.10550594329834,2.3968896865844727,2.6562061309814453,2.9412596225738525,3.20304274559021,3.502734422683716,3.7617595195770264,1.9903414249420166,1.9743539094924927,1.6927871704101562,1.7984458208084106,1.6987965106964111,1.9386041164398193,2.001784324645996,2.234440565109253,2.4214210510253906,2.6596434116363525,2.943082571029663,3.1822469234466553,3.470379114151001,3.707503318786621,3.966641902923584,2.477384090423584,2.5120344161987305,2.22782564163208,2.3378891944885254,2.187577247619629,2.4082107543945312,2.4298291206359863,2.61539363861084,2.791016101837158,2.964623212814331,3.254437208175659,3.412846326828003,3.7405781745910645,3.8523359298706055,4.240839004516602
A3,0.5609559416770935,0.3842316269874573,0.0,0.36315789818763733,0.5850610733032227,0.9597983360290527,1.128650426864624,1.4988938570022583,1.7051427364349365,2.0692715644836426,2.286397695541382,2.6219401359558105,2.914574384689331,3.122511148452759,3.464570999145508,1.3214595317840576,1.1296974420547485,0.8293859958648682,0.782397449016571,0.776957094669342,1.1128203868865967,1.30097234249115,1.6135426759719849,1.8638981580734253,2.1779983043670654,2.4521868228912354,2.7480835914611816,3.0497140884399414,3.3316824436187744,3.650550603866577,1.6823512315750122,1.6040910482406616,1.27085542678833,1.267410159111023,1.1857810020446777,1.4520318508148193,1.6037462949752808,1.854887843132019,2.100999116897583,2.369023323059082,2.6652448177337646,2.937223434448242,3.2296974658966064,3.536112070083618,3.813917636871338,2.075950860977173,2.06205153465271,1.7341660261154175,1.754920244216919,1.6391030550003052,1.8608096837997437,1.967743992805481,2.16831374168396,2.3929708003997803,2.6047043800354004,2.9166476726531982,3.139441728591919,3.453315496444702,3.690779209136963,3.969060182571411,2.52459454536438,2.5662405490875244,2.245563268661499,2.291860580444336,2.1306698322296143,2.3356213569641113,2.389162540435791,2.539682149887085,2.7410528659820557,2.8827807903289795,3.1909561157226562,3.3243463039398193,3.667212963104248,3.7744131088256836,4.166379451751709
A4,0.6708345413208008,0.6541698575019836,0.36315789818763733,0.0,0.379846453666687,0.7084003686904907,0.9639184474945068,1.3110885620117188,1.5648070573806763,1.921514868736267,2.166229724884033,2.51497220993042,2.8044793605804443,3.0488884449005127,3.3770699501037598,1.2710689306259155,1.143044352531433,0.7864916324615479,0.6074938774108887,0.5030894875526428,0.8027257323265076,1.0533864498138428,1.347654104232788,1.6406394243240356,1.9487065076828003,2.246255397796631,2.548022747039795,2.8527140617370605,3.1610138416290283,3.475970506668091,1.5551555156707764,1.517678141593933,1.1559929847717285,1.073824167251587,0.9233164191246033,1.144651174545288,1.3243117332458496,1.5531421899795532,1.8305729627609253,2.089470386505127,2.4059581756591797,2.6778786182403564,2.984191656112671,3.3024747371673584,3.583420515060425,1.902634859085083,1.9237996339797974,1.5778841972351074,1.544241189956665,1.379973292350769,1.5617133378982544,1.678217887878418,1.8530088663101196,2.0961737632751465,2.2950942516326904,2.6219685077667236,2.84161639213562,3.1674325466156006,3.413083791732788,3.6959259510040283,2.321654796600342,2.3951032161712646,2.0650229454040527,2.070188283920288,1.8735878467559814,2.0446808338165283,2.0983524322509766,2.2210867404937744,2.4293670654296875,2.5540497303009033,2.8701140880584717,2.995225667953491,3.3448617458343506,3.4572925567626953,3.8496928215026855
A5,0.5950615406036377,0.7796327471733093,0.5850610733032227,0.379846453666687,0.0,0.387069970369339,0.633171558380127,0.9694701433181763,1.242091417312622,1.582603931427002,1.8486343622207642,2.180546760559082,2.4873735904693604,2.7415645122528076,3.077639579772949,1.2795480489730835,1.2553902864456177,0.9411167502403259,0.8415807485580444,0.5614173412322998,0.7080908417701721,0.8635379076004028,1.1031948328018188,1.3811964988708496,1.6566661596298218,1.9617843627929688,2.2369699478149414,2.55853009223938,2.8582632541656494,3.188770055770874,1.6216323375701904,1.668068289756775,1.3336766958236694,1.2877305746078491,1.0392067432403564,1.1539584398269653,1.2389094829559326,1.4033217430114746,1.6419626474380493,1.860046625137329,2.170177936553955,2.412503480911255,2.725145101547241,3.0219779014587402,3.3192992210388184,1.993888020515442,2.080303192138672,1.7610399723052979,1.7447149753570557,1.5112898349761963,1.6152245998382568,1.6554526090621948,1.774125099182129,1.9690232276916504,2.1261579990386963,2.435169219970703,2.6228692531585693,2.946082592010498,3.162546396255493,3.458407163619995,2.4274075031280518,2.5518205165863037,2.248430013656616,2.259037733078003,2.011121988296509,2.123412847518921,2.1151604652404785,2.1952967643737793,2.353233575820923,2.4427380561828613,2.7304160594940186,2.827881097793579,3.1639673709869385,3.2430131435394287,3.6341893672943115
A6,0.8209927082061768,1.0948315858840942,0.9597983360290527,0.7084003686904907,0.387069970369339,0.0,0.3797190189361572,0.6358178853988647,0.9544194340705872,1.2711209058761597,1.5613003969192505,1.8961248397827148,2.1977126598358154,2.4833600521087646,2.8046531677246094,1.2748748064041138,1.3601417541503906,1.0825059413909912,0.9881386160850525,0.6146525740623474,0.5215733647346497,0.587618350982666,0.742806613445282,1.0368813276290894,1.2878817319869995,1.6097849607467651,1.8790779113769531,2.205371379852295,2.5195722579956055,2.850010871887207,1.571958065032959,1.7002999782562256,1.3966152667999268,1.344557762145996,1.0142561197280884,0.9956927299499512,0.9980793595314026,1.0858122110366821,1.3046540021896362,1.4902970790863037,1.8047057390213013,2.0337445735931396,2.354353904724121,2.6495022773742676,2.953010082244873,1.913291573524475,2.0655131340026855,1.7736098766326904,1.7486506700515747,1.4502105712890625,1.4632668495178223,1.4377316236495972,1.4956600666046143,1.6552387475967407,1.7780871391296387,2.0784029960632324,2.248804807662964,2.5730743408203125,2.780923843383789,3.082221746444702,2.326476812362671,2.5039753913879395,2.2276742458343506,2.226576328277588,1.929087519645691,1.9742928743362427,1.9125289916992188,1.9476181268692017,2.0646538734436035,2.124969720840454,2.392561912536621,2.474210739135742,2.80208420753479,2.868231773376465,3.258327007293701
A7,0.7847095131874084,1.141531229019165,1.128650426864624,0.9639184474945068,0.633171558380127,0.3797190189361572,0.0,0.3777209222316742,0.6096899509429932,0.9583485126495361,1.2179639339447021,1.5578372478485107,1.8574167490005493,2.1240315437316895,2.453498125076294,1.1522964239120483,1.314836859703064,1.1270819902420044,1.1576802730560303,0.8029451370239258,0.6998463273048401,0.5322034358978271,0.660383939743042,0.8263007402420044,1.0834972858428955,1.3614840507507324,1.6282000541687012,1.9468576908111572,2.2321712970733643,2.56709361076355,1.5234203338623047,1.7044085264205933,1.4602806568145752,1.5005404949188232,1.1713484525680542,1.137793779373169,1.015310287475586,1.0926979780197144,1.2056162357330322,1.3882324695587158,1.6507049798965454,1.8750759363174438,2.167001724243164,2.4426043033599854,2.739929437637329,1.910995602607727,2.097247362136841,1.8555502891540527,1.9005227088928223,1.59546959400177,1.5947058200836182,1.4869920015335083,1.5459089279174805,1.6267344951629639,1.7506422996520996,2.0018563270568848,2.1685962677001953,2.461085319519043,2.649386167526245,2.939098596572876,2.3573825359344482,2.555281400680542,2.3220224380493164,2.3725502490997314,2.0665125846862793,2.099993944168091,1.9788801670074463,2.025916576385498,2.085373878479004,2.158355236053467,2.384934663772583,2.476252317428589,2.7761096954345703,2.826383113861084,3.209714412689209
A8,1.1516547203063965,1.5166690349578857,1.4988938570022583,1.3110885620117188,0.9694701433181763,0.6358178853988647,0.3777209222316742,0.0,0.37575557827949524,0.637671947479248,0.9506300091743469,1.2711234092712402,1.5770938396453857,1.8813493251800537,2.198511838912964,1.3836443424224854,1.6113109588623047,1.4547967910766602,1.4752013683319092,1.107574701309204,0.889795184135437,0.6355653405189514,0.5290539860725403,0.6040841341018677,0.7583261132240295,1.052329421043396,1.2818082571029663,1.619532823562622,1.9108555316925049,2.2565863132476807,1.6992967128753662,1.9370238780975342,1.726413607597351,1.7557727098464966,1.3972688913345337,1.2629743814468384,1.059116005897522,1.0087378025054932,1.0379571914672852,1.1304999589920044,1.3730438947677612,1.5515491962432861,1.8510844707489014,2.1055142879486084,2.4191784858703613,2.042405366897583,2.279045343399048,2.0682554244995117,2.1018083095550537,1.76203191280365,1.6799209117889404,1.5072828531265259,1.4817731380462646,1.492067813873291,1.5464439392089844,1.762047529220581,1.8836051225662231,2.1681737899780273,2.3249268531799316,2.6258623600006104,2.454289436340332,2.695573568344116,2.4919040203094482,2.5288734436035156,2.1910560131073,2.158876895904541,1.9856292009353638,1.9749069213867188,1.9729667901992798,1.9971671104431152,2.1800003051757812,2.2370846271514893,2.513798475265503,2.530395030975342,2.9066271781921387
A9,1.2621777057647705,1.641650676727295,1.7051427364349365,1.5648070573806763,1.242091417312622,0.9544194340705872,0.6096899509429932,0.37575557827949524,0.0,0.3840050995349884,0.6095118522644043,0.9600220322608948,1.2487765550613403,1.5300391912460327,1.852325439453125,1.3437583446502686,1.6261281967163086,1.5541179180145264,1.6563502550125122,1.3239198923110962,1.1344618797302246,0.7978556752204895,0.7023072242736816,0.553206205368042,0.6842471361160278,0.8594577312469482,1.0888320207595825,1.3958029747009277,1.6460771560668945,1.988966464996338,1.6869171857833862,1.9601409435272217,1.8126155138015747,1.9118452072143555,1.5749976634979248,1.4504013061523438,1.1759095191955566,1.1382930278778076,1.0496457815170288,1.1412208080291748,1.2913209199905396,1.4668142795562744,1.7109023332595825,1.9420499801635742,2.2351105213165283,2.050680160522461,2.308655261993408,2.1506011486053467,2.242943286895752,1.913865327835083,1.8335700035095215,1.605310082435608,1.5960519313812256,1.531855583190918,1.5984935760498047,1.7478066682815552,1.8728023767471313,2.107379913330078,2.2470943927764893,2.5213980674743652,2.4787824153900146,2.730548143386841,2.5713846683502197,2.655355930328369,2.322512626647949,2.2887251377105713,2.0722947120666504,2.0841281414031982,2.03269624710083,2.0816190242767334,2.2202577590942383,2.298041582107544,2.5389351844787598,2.54931640625,2.910538911819458
A10,1.6319118738174438,2.015026807785034,2.0692715644836426,1.921514868736267,1.582603931427002,1.2711209058761597,0.9583485126495361,0.637671947479248,0.3840050995349884,0.0,0.36926454305648804,0.6412654519081116,0.9521462321281433,1.2751519680023193,1.5868492126464844,1.6893824338912964,1.9929687976837158,1.9331834316253662,2.0254764556884766,1.684146523475647,1.4546838998794556,1.1185487508773804,0.9169166684150696,0.6834118366241455,0.5853647589683533,0.67423015832901,0.7832434177398682,1.1099793910980225,1.335536241531372,1.6995130777359009,1.994269609451294,2.2938201427459717,2.1665422916412354,2.256615400314331,1.9088431596755981,1.7355800867080688,1.4325590133666992,1.307611346244812,1.1383363008499146,1.1064852476119995,1.1806060075759888,1.2636287212371826,1.4882147312164307,1.6631792783737183,1.9733140468597412,2.3201398849487305,2.6065444946289062,2.4717257022857666,2.5553929805755615,2.2111518383026123,2.081310510635376,1.816778540611267,1.7407100200653076,1.608219027519226,1.595371127128601,1.678259253501892,1.734622836112976,1.9362366199493408,2.0173866748809814,2.2970516681671143,2.7141506671905518,2.9935648441314697,2.8593626022338867,2.933699607849121,2.5846824645996094,2.5041024684906006,2.2521109580993652,2.2152090072631836,2.104611873626709,2.10306978225708,2.181410074234009,2.2167725563049316,2.4152166843414307,2.37715482711792,2.717992067337036
A11,1.8006950616836548,2.1774563789367676,2.286397695541382,2.166229724884033,1.8486343622207642,1.5613003969192505,1.2179639339447021,0.9506300091743469,0.6095118522644043,0.36926454305648804,0.0,0.3962695598602295,0.639815092086792,0.9365274906158447,1.2488608360290527,1.7220312356948853,2.055271625518799,2.061699151992798,2.2071356773376465,1.8982332944869995,1.6912022829055786,1.3249906301498413,1.1601908206939697,0.8450432419776917,0.7559324502944946,0.651652991771698,0.7312219142913818,0.9614629149436951,1.1131141185760498,1.460484266281128,2.0214390754699707,2.3405134677886963,2.269603729248047,2.4094879627227783,2.0863614082336426,1.92631995677948,1.5898181200027466,1.4908655881881714,1.2533766031265259,1.235845923423767,1.2080901861190796,1.287833571434021,1.4241842031478882,1.5665024518966675,1.8344640731811523,2.347193956375122,2.64457368850708,2.558757781982422,2.6879303455352783,2.360130786895752,2.237149953842163,1.9401191473007202,1.886803150177002,1.7038278579711914,1.7124704122543335,1.7310795783996582,1.7976239919662476,1.936591386795044,2.004168748855591,2.2405431270599365,2.7422022819519043,3.0250587463378906,2.933135747909546,3.0463638305664062,2.7085773944854736,2.6305458545684814,2.3502891063690186,2.3387041091918945,2.1927990913391113,2.2211153507232666,2.261120080947876,2.3234567642211914,2.4845640659332275,2.4506595134735107,2.7689428329467773
A12,2.1322457790374756,2.512423515319824,2.6219401359558105,2.51497220993042,2.180546760559082,1.8961248397827148,1.5578372478485107,1.2711234092712402,0.9600220322608948,0.6412654519081116,0.3962695598602295,0.0,0.3761048913002014,0.6737829446792603,0.9962108731269836,2.1023199558258057,2.432088851928711,2.4440019130706787,2.591946601867676,2.2759056091308594,2.0658698081970215,1.7074909210205078,1.5162690877914429,1.2072858810424805,1.0312350988388062,0.8689356446266174,0.7577773928642273,0.9289204478263855,0.9546378254890442,1.313046932220459,2.407348155975342,2.72886323928833,2.663870096206665,2.804518699645996,2.4779348373413086,2.3084700107574463,1.9709960222244263,1.8406485319137573,1.583384394645691,1.4956895112991333,1.4099493026733398,1.388808012008667,1.471008539199829,1.5121573209762573,1.7763817310333252,2.725083827972412,3.028576374053955,2.952348232269287,3.081164836883545,2.7497637271881104,2.6120071411132812,2.3060789108276367,2.222276449203491,2.0099329948425293,1.9666860103607178,1.9326932430267334,1.9334782361984253,2.025113821029663,2.017622947692871,2.243281364440918,3.1064774990081787,3.397658109664917,3.318455934524536,3.4304325580596924,3.0882654190063477,2.991999387741089,2.698279857635498,2.6608402729034424,2.482823371887207,2.475754976272583,2.4684641361236572,2.49219012260437,2.607661724090576,2.5235435962677,2.808504819869995
A13,2.411158800125122,2.782780408859253,2.914574384689331,2.8044793605804443,2.4873735904693604,2.1977126598358154,1.8574167490005493,1.5770938396453857,1.2487765550613403,0.9521462321281433,0.639815092086792,0.3761048913002014,0.0,0.3940379023551941,0.6430153250694275,2.250631332397461,2.6028475761413574,2.6543214321136475,2.820279121398926,2.5243053436279297,2.3064725399017334,1.9345473051071167,1.7412548065185547,1.3932782411575317,1.2070568799972534,0.9395788311958313,0.7873660326004028,0.7922513484954834,0.6908217072486877,1.0047417879104614,2.5059502124786377,2.8460822105407715,2.82688307762146,2.987422227859497,2.675394058227539,2.493586301803589,2.13308048248291,1.998179316520691,1.6923375129699707,1.5935587882995605,1.4222795963287354,1.3784610033035278,1.3615747690200806,1.3517484664916992,1.5564703941345215,2.788085460662842,3.106806755065918,3.0751230716705322,3.224619150161743,2.9019038677215576,2.749267816543579,2.416184902191162,2.3292782306671143,2.0710368156433105,2.025872230529785,1.9265273809432983,1.921639084815979,1.9444706439971924,1.9155651330947876,2.0889644622802734,3.1403040885925293,3.4421355724334717,3.405010938644409,3.53535795211792,3.1988632678985596,3.085906982421875,2.765730381011963,2.7311527729034424,2.514207601547241,2.5174264907836914,2.4641826152801514,2.5022494792938232,2.5728235244750977,2.48996639251709,2.7428629398345947
A14,2.592541456222534,2.9519150257110596,3.122511148452759,3.0488884449005127,2.7415645122528076,2.4833600521087646,2.1240315437316895,1.8813493251800537,1.5300391912460327,1.2751519680023193,0.9365274906158447,0.6737829446792603,0.3940379023551941,0.0,0.3877428472042084,2.4128122329711914,2.75771427154541,2.8497869968414307,3.055223226547241,2.7820613384246826,2.5996432304382324,2.2232282161712646,2.071040391921997,1.7205110788345337,1.5768537521362305,1.3037594556808472,1.1737346649169922,1.119326114654541,0.9156391024589539,1.1284981966018677,2.6923255920410156,3.0224251747131348,3.032358407974243,3.2297921180725098,2.9404211044311523,2.790351629257202,2.429994583129883,2.3317973613739014,2.025094509124756,1.9586340188980103,1.7726846933364868,1.7397516965866089,1.6756211519241333,1.6290583610534668,1.7727124691009521,2.9924514293670654,3.29819917678833,3.2909626960754395,3.4747116565704346,3.172187089920044,3.046149969100952,2.7130203247070312,2.6577563285827637,2.3978283405303955,2.3794381618499756,2.265824317932129,2.2728464603424072,2.2621822357177734,2.2214295864105225,2.353536367416382,3.3574297428131104,3.6441614627838135,3.6276895999908447,3.7893707752227783,3.4700546264648438,3.378512144088745,3.057408332824707,3.0514614582061768,2.8336825370788574,2.8621408939361572,2.8009402751922607,2.8558356761932373,2.908729314804077,2.828864812850952,3.060579538345337
A15,2.9366981983184814,3.2918479442596436,3.464570999145508,3.3770699501037598,3.077639579772949,2.8046531677246094,2.453498125076294,2.198511838912964,1.852325439453125,1.5868492126464844,1.2488608360290527,0.9962108731269836,0.6430153250694275,0.3877428472042084,0.0,2.672177791595459,3.030848503112793,3.1401827335357666,3.344099283218384,3.07934308052063,2.8789353370666504,2.499567747116089,2.3295795917510986,1.9636662006378174,1.795328140258789,1.4764935970306396,1.3115301132202148,1.1453137397766113,0.8391178846359253,0.9217993021011353,2.8961920738220215,3.239751100540161,3.279747724533081,3.4786999225616455,3.195749521255493,3.0249180793762207,2.6522490978240967,2.5354933738708496,2.1994986534118652,2.107738971710205,1.864086389541626,1.796684980392456,1.6521896123886108,1.5441054105758667,1.613378882408142,3.1510629653930664,3.470214605331421,3.4964284896850586,3.6842458248138428,3.385282516479492,3.2369768619537354,2.885807514190674,2.8139469623565674,2.5195579528808594,2.4836466312408447,2.3147051334381104,2.3012917041778564,2.226940393447876,2.1545140743255615,2.231175661087036,3.4755115509033203,3.77380633354187,3.79227352142334,3.9580917358398438,3.6413278579711914,3.5260534286499023,3.185168981552124,3.168241500854492,2.9159669876098633,2.9388091564178467,2.831791400909424,2.885922431945801,2.89119553565979,2.8042514324188232,2.995312452316284
B1,0.9892529249191284,1.1064794063568115,1.3214595317840576,1.2710689306259155,1.2795480489730835,1.2748748064041138,1.1522964239120483,1.3836443424224854,1.3437583446502686,1.6893824338912964,1.7220312356948853,2.1023199558258057,2.250631332397461,2.4128122329711914,2.672177791595459,0.0,0.38633719086647034,0.5886403918266296,0.9027412533760071,0.9197456240653992,1.0483776330947876,0.9395427107810974,1.268364667892456,1.3007256984710693,1.678769588470459,1.7908339500427246,2.1571457386016846,2.330312728881836,2.5818252563476562,2.8127799034118652,0.5739444494247437,0.7126761078834534,0.6883583068847656,1.009508728981018,0.9301489591598511,1.1091524362564087,1.0202672481536865,1.3566994667053223,1.4317752122879028,1.7952029705047607,1.9611361026763916,2.3084158897399902,2.485841989517212,2.8131144046783447,2.995095729827881,1.0849090814590454,1.1905930042266846,1.0730911493301392,1.3378880023956299,1.197654128074646,1.3759756088256836,1.2970309257507324,1.592116355895996,1.686855673789978,2.0041537284851074,2.21681547164917,2.522134780883789,2.7427802085876465,3.021975040435791,3.2099993228912354,1.6158227920532227,1.7238616943359375,1.56588876247406,1.7847509384155273,1.596299409866333,1.772385597229004,1.6832959651947021,1.9341453313827515,2.0396437644958496,2.298083543777466,2.542034387588501,2.7806215286254883,3.0681889057159424,3.232227325439453,3.598682403564453
B2,0.9217996001243591,0.8976840376853943,1.1296974420547485,1.143044352531433,1.2553902864456177,1.3601417541503906,1.314836859703064,1.6113109588623047,1.6261281967163086,1.9929687976837158,2.055271625518799,2.432088851928711,2.6028475761413574,2.75771427154541,3.030848503112793,0.38633719086647034,0.0,0.37440255284309387,0.7416118383407593,0.8986331820487976,1.1522440910339355,1.1584312915802002,1.5236016511917114,1.6201575994491577,2.002730131149292,2.1471590995788574,2.5106589794158936,2.701596975326538,2.957258939743042,3.1957027912139893,0.7211333513259888,0.642547070980072,0.5490716099739075,0.8909631967544556,0.9294179677963257,1.2213908433914185,1.246909499168396,1.608845829963684,1.7456817626953125,2.111820936203003,2.308147430419922,2.655776023864746,2.8506975173950195,3.1831247806549072,3.372177839279175,1.194107174873352,1.1812812089920044,1.0084540843963623,1.2699100971221924,1.216262936592102,1.4833645820617676,1.4985452890396118,1.8200021982192993,1.972227931022644,2.2956438064575195,2.5376367568969727,2.846193790435791,3.084561347961426,3.3717246055603027,3.567342519760132,1.7091946601867676,1.7401946783065796,1.5352884531021118,1.7525357007980347,1.6268718242645264,1.8711663484573364,1.8575644493103027,2.130136489868164,2.2888340950012207,2.552424669265747,2.8259267807006836,3.064173460006714,3.369706153869629,3.5433597564697266,3.91566801071167
B3,0.7409648299217224,0.7041689157485962,0.8293859958648682,0.7864916324615479,0.9411167502403259,1.0825059413909912,1.1270819902420044,1.4547967910766602,1.5541179180145264,1.9331834316253662,2.061699151992798,2.4440019130706787,2.6543214321136475,2.8497869968414307,3.1401827335357666,0.5886403918266296,0.37440255284309387,0.0,0.38914573192596436,0.5637012720108032,0.8822320699691772,0.987569272518158,1.3655720949172974,1.542962908744812,1.9209424257278442,2.124215602874756,2.4819114208221436,2.711493730545044,2.9966351985931396,3.2597408294677734,0.8674808144569397,0.7921693921089172,0.5044016242027283,0.6963081359863281,0.6828503012657166,1.0108072757720947,1.114343285560608,1.4663865566253662,1.6699343919754028,2.019942045211792,2.2662463188171387,2.602092981338501,2.838472843170166,3.1776723861694336,3.396653175354004,1.288442611694336,1.2835783958435059,1.0101642608642578,1.161199688911438,1.0663824081420898,1.3349488973617554,1.402708649635315,1.6979840993881226,1.8990081548690796,2.1971518993377686,2.478351593017578,2.7695705890655518,3.042393445968628,3.3272671699523926,3.5514442920684814,1.7738475799560547,1.819333791732788,1.55019211769104,1.689170479774475,1.5349358320236206,1.7702116966247559,1.790848731994629,2.0260891914367676,2.2164359092712402,2.4451675415039062,2.74405574798584,2.954331159591675,3.2812609672546387,3.4453492164611816,3.827615737915039
B4,0.8969025611877441,0.8434513211250305,0.782397449016571,0.6074938774108887,0.8415807485580444,0.9881386160850525,1.1576802730560303,1.4752013683319092,1.6563502550125122,2.0254764556884766,2.2071356773376465,2.591946601867676,2.820279121398926,3.055223226547241,3.344099283218384,0.9027412533760071,0.7416118383407593,0.38914573192596436,0.0,0.3841291069984436,0.7242255806922913,0.9723255038261414,1.3255729675292969,1.5823220014572144,1.9432618618011475,2.1932406425476074,2.5467960834503174,2.796079158782959,3.1131746768951416,3.3829426765441895,1.0242929458618164,0.9377409219741821,0.562494158744812,0.49427977204322815,0.4610014855861664,0.821150004863739,1.044702172279358,1.3743150234222412,1.6504887342453003,1.9823896884918213,2.2714169025421143,2.5997135639190674,2.8671576976776123,3.2188720703125,3.4527201652526855,1.333176612854004,1.3207743167877197,0.9742468595504761,0.9870210886001587,0.8744562864303589,1.1471608877182007,1.2970383167266846,1.5686935186386108,1.8298780918121338,2.1087028980255127,2.426945924758911,2.7090630531311035,3.0101466178894043,3.3037896156311035,3.5440561771392822,1.7515673637390137,1.7993730306625366,1.476033329963684,1.5268553495407104,1.3610464334487915,1.5915064811706543,1.66726815700531,1.8716037273406982,2.106647253036499,2.3093156814575195,2.6370129585266113,2.8289804458618164,3.1760215759277344,3.345978260040283,3.732137441635132
B5,0.7695331573486328,0.874865710735321,0.776957094669342,0.5030894875526428,0.5614173412322998,0.6146525740623474,0.8029451370239258,1.107574701309204,1.3239198923110962,1.684146523475647,1.8982332944869995,2.2759056091308594,2.5243053436279297,2.7820613384246826,3.07934308052063,0.9197456240653992,0.8986331820487976,0.5637012720108032,0.3841291069984436,0.0,0.38902416825294495,0.6468544602394104,0.9845523834228516,1.266751766204834,1.6096035242080688,1.8851028680801392,2.22158145904541,2.4943928718566895,2.816915988922119,3.1057887077331543,1.1194733381271362,1.1573600769042969,0.814634382724762,0.7502657771110535,0.4864613115787506,0.6840745210647583,0.8387721180915833,1.1134880781173706,1.3878639936447144,1.6876310110092163,1.9915002584457397,2.2963621616363525,2.583296537399292,2.9225752353668213,3.1793601512908936,1.4498404264450073,1.529249668121338,1.2071408033370972,1.1989808082580566,0.9672877788543701,1.1190129518508911,1.1941592693328857,1.395936369895935,1.630284309387207,1.8656724691390991,2.1848843097686768,2.436746120452881,2.7486488819122314,3.019077777862549,3.280075788497925,1.8738511800765991,1.9908806085586548,1.68928861618042,1.7151918411254883,1.4731814861297607,1.6182894706726074,1.6302622556686401,1.7714141607284546,1.965356469154358,2.12217116355896,2.434216022491455,2.5931639671325684,2.937321186065674,3.075984477996826,3.46616530418396
B6,1.0223983526229858,1.21772038936615,1.1128203868865967,0.8027257323265076,0.7080908417701721,0.5215733647346497,0.6998463273048401,0.889795184135437,1.1344618797302246,1.4546838998794556,1.6912022829055786,2.0658698081970215,2.3064725399017334,2.5996432304382324,2.8789353370666504,1.0483776330947876,1.1522440910339355,0.8822320699691772,0.7242255806922913,0.38902416825294495,0.0,0.3811713755130768,0.6422531604766846,0.9681281447410583,1.2862603664398193,1.5828641653060913,1.913928747177124,2.189483404159546,2.5330166816711426,2.819904327392578,1.1708019971847534,1.3097976446151733,1.0174983739852905,0.9196826815605164,0.5470783114433289,0.47702711820602417,0.5547633767127991,0.7513089179992676,1.046939730644226,1.3214004039764404,1.6435869932174683,1.9384863376617432,2.2395970821380615,2.5820980072021484,2.8465805053710938,1.4373704195022583,1.5990121364593506,1.310023546218872,1.2641173601150513,0.9405556917190552,0.9482868313789368,0.952046275138855,1.0756523609161377,1.2962242364883423,1.4980827569961548,1.8239461183547974,2.0611047744750977,2.3825602531433105,2.6495461463928223,2.9192185401916504,1.8194804191589355,2.0028557777404785,1.7286268472671509,1.7196094989776611,1.4114158153533936,1.4620740413665771,1.4164553880691528,1.4938344955444336,1.6548144817352295,1.7754004001617432,2.07826828956604,2.2189786434173584,2.5624847412109375,2.691878318786621,3.0828499794006348
B7,1.0361262559890747,1.315773844718933,1.30097234249115,1.0533864498138428,0.8635379076004028,0.587618350982666,0.5322034358978271,0.6355653405189514,0.7978556752204895,1.1185487508773804,1.3249906301498413,1.7074909210205078,1.9345473051071167,2.2232282161712646,2.499567747116089,0.9395427107810974,1.1584312915802002,0.987569272518158,0.9723255038261414,0.6468544602394104,0.3811713755130768,0.0,0.3782365918159485,0.620577871799469,0.9717141389846802,1.2394858598709106,1.5808793306350708,1.8487759828567505,2.178151845932007,2.4675142765045166,1.1277804374694824,1.3551377058029175,1.1408361196517944,1.153765320777893,0.7929123640060425,0.665602445602417,0.48404744267463684,0.6314197778701782,0.804993748664856,1.087462306022644,1.3709017038345337,1.6688071489334106,1.9499666690826416,2.2810380458831787,2.5429279804229736,1.4395391941070557,1.6617523431777954,1.440399169921875,1.4724355936050415,1.1359413862228394,1.0911927223205566,0.9568597674369812,1.049669861793518,1.1619327068328857,1.3565415143966675,1.6348683834075928,1.8675178289413452,2.1630966663360596,2.4128053188323975,2.675644636154175,1.8521502017974854,2.074986696243286,1.8579685688018799,1.9009039402008057,1.5742532014846802,1.5851668119430542,1.4494996070861816,1.5187245607376099,1.5966614484786987,1.7181370258331299,1.9722915887832642,2.1168649196624756,2.432401657104492,2.542027235031128,2.928772211074829
B8,1.3452796936035156,1.6542866230010986,1.6135426759719849,1.347654104232788,1.1031948328018188,0.742806613445282,0.660383939743042,0.5290539860725403,0.7023072242736816,0.9169166684150696,1.1601908206939697,1.5162690877914429,1.7412548065185547,2.071040391921997,2.3295795917510986,1.268364667892456,1.5236016511917114,1.3655720949172974,1.3255729675292969,0.9845523834228516,0.6422531604766846,0.3782365918159485,0.0,0.377737432718277,0.6456016302108765,0.961244523525238,1.2768195867538452,1.5630851984024048,1.9139295816421509,2.2111480236053467,1.4052804708480835,1.6734607219696045,1.4849001169204712,1.466168761253357,1.0909960269927979,0.8473668694496155,0.5928864479064941,0.4797486364841461,0.5791425704956055,0.7623530030250549,1.069084882736206,1.3313121795654297,1.6394904851913452,1.9621407985687256,2.245640277862549,1.64897882938385,1.9167108535766602,1.7223613262176514,1.7211302518844604,1.3545761108398438,1.2031540870666504,1.0011080503463745,0.9528424739837646,0.9893459677696228,1.0905869007110596,1.3560316562652588,1.543634295463562,1.8502780199050903,2.077268123626709,2.360255241394043,2.0031251907348633,2.270829439163208,2.079958200454712,2.0903446674346924,1.7310870885849,1.6564453840255737,1.4672738313674927,1.446122169494629,1.4566303491592407,1.5066583156585693,1.724554181098938,1.825932264328003,2.130218744277954,2.208225727081299,2.5949602127075195
B9,1.5029798746109009,1.8392103910446167,1.8638981580734253,1.6406394243240356,1.3811964988708496,1.0368813276290894,0.8263007402420044,0.6040841341018677,0.553206205368042,0.6834118366241455,0.8450432419776917,1.2072858810424805,1.3932782411575317,1.7205110788345337,1.9636662006378174,1.3007256984710693,1.6201575994491577,1.542962908744812,1.5823220014572144,1.266751766204834,0.9681281447410583,0.620577871799469,0.377737432718277,0.0,0.38558751344680786,0.6193616390228271,0.9668944478034973,1.2291033267974854,1.5650043487548828,1.8589553833007812,1.452247142791748,1.7700824737548828,1.6509883403778076,1.7024022340774536,1.3512705564498901,1.1193350553512573,0.7799702882766724,0.6498029828071594,0.4968341588973999,0.6413530111312866,0.8397571444511414,1.1052443981170654,1.3698992729187012,1.6789686679840088,1.9506486654281616,1.70416259765625,2.007445812225342,1.8759289979934692,1.933300256729126,1.5777229070663452,1.415015697479248,1.1346567869186401,1.0759999752044678,0.9796521663665771,1.064306616783142,1.2358896732330322,1.415864109992981,1.6715234518051147,1.877605676651001,2.140939950942993,2.0630810260772705,2.3539159297943115,2.2182304859161377,2.2735447883605957,1.916224718093872,1.8225681781768799,1.570818305015564,1.5546491146087646,1.481377363204956,1.5397751331329346,1.688137412071228,1.7998387813568115,2.0579442977905273,2.1185367107391357,2.490274667739868
B10,1.8193237781524658,2.1721229553222656,2.1779983043670654,1.9487065076828003,1.6566661596298218,1.2878817319869995,1.0834972858428955,0.7583261132240295,0.6842471361160278,0.5853647589683533,0.7559324502944946,1.0312350988388062,1.2070568799972534,1.5768537521362305,1.795328140258789,1.678769588470459,2.002730131149292,1.9209424257278442,1.9432618618011475,1.6096035242080688,1.2862603664398193,0.9717141389846802,0.6456016302108765,0.38558751344680786,0.0,0.36908844113349915,0.6332422494888306,0.9380414485931396,1.2913334369659424,1.6040288209915161,1.8170222043991089,2.1450490951538086,2.0304296016693115,2.0614681243896484,1.7010146379470825,1.4312200546264648,1.1021194458007812,0.863761305809021,0.6351541876792908,0.5220706462860107,0.6493667364120483,0.8026131987571716,1.0934809446334839,1.3662687540054321,1.6736420392990112,2.0300276279449463,2.3513054847717285,2.232039451599121,2.2672767639160156,1.9006894826889038,1.6885544061660767,1.391361117362976,1.2373439073562622,1.0651544332504272,1.012078881263733,1.1092931032180786,1.1929854154586792,1.4363199472427368,1.5844827890396118,1.8729139566421509,2.3435263633728027,2.657879114151001,2.539574384689331,2.572213649749756,2.201403856277466,2.0550334453582764,1.7767575979232788,1.687513828277588,1.5472514629364014,1.5216431617736816,1.5992316007614136,1.6453477144241333,1.8645846843719482,1.866819143295288,2.227388620376587
B11,2.045832872390747,2.4016098976135254,2.4521868228912354,2.246255397796631,1.9617843627929688,1.6097849607467651,1.3614840507507324,1.052329421043396,0.8594577312469482,0.67423015832901,0.651652991771698,0.8689356446266174,0.9395788311958313,1.3037594556808472,1.4764935970306396,1.7908339500427246,2.1471590995788574,2.124215602874756,2.1932406425476074,1.8851028680801392,1.5828641653060913,1.2394858598709106,0.961244523525238,0.6193616390228271,0.36908844113349915,0.0,0.3880816102027893,0.6102092862129211,0.9551813006401062,1.253721833229065,1.9109503030776978,2.2647149562835693,2.2068052291870117,2.282043933868408,1.9441821575164795,1.6834547519683838,1.321550726890564,1.1081936359405518,0.786695659160614,0.6566184163093567,0.5588240623474121,0.6741783618927002,0.857125461101532,1.105850100517273,1.385450839996338,2.108205556869507,2.448949098587036,2.383547782897949,2.4593570232391357,2.1076855659484863,1.8928638696670532,1.556573510169983,1.413278341293335,1.1607880592346191,1.1062450408935547,1.0841972827911377,1.1546447277069092,1.3086378574371338,1.429322600364685,1.6766715049743652,2.407200336456299,2.7343103885650635,2.6656334400177,2.732189416885376,2.3702478408813477,2.213176965713501,1.8966346979141235,1.820190191268921,1.6198416948318481,1.6116734743118286,1.6182470321655273,1.6819552183151245,1.8403538465499878,1.8332241773605347,2.163243055343628
B12,2.3362913131713867,2.7057759761810303,2.7480835914611816,2.548022747039795,2.2369699478149414,1.8790779113769531,1.6282000541687012,1.2818082571029663,1.0888320207595825,0.7832434177398682,0.7312219142913818,0.7577773928642273,0.7873660326004028,1.1737346649169922,1.3115301132202148,2.1571457386016846,2.5106589794158936,2.4819114208221436,2.5467960834503174,2.22158145904541,1.913928747177124,1.5808793306350708,1.2768195867538452,0.9668944478034973,0.6332422494888306,0.3880816102027893,0.0,0.37518182396888733,0.6915819048881531,1.0317128896713257,2.2975611686706543,2.6509392261505127,2.5875606536865234,2.6555001735687256,2.308647394180298,2.0388882160186768,1.688327670097351,1.442745566368103,1.1330573558807373,0.9057119488716125,0.7427287101745605,0.6352502107620239,0.7628118991851807,0.881594717502594,1.2030287981033325,2.490568161010742,2.834635019302368,2.7697250843048096,2.8356857299804688,2.478142261505127,2.2474117279052734,1.9139763116836548,1.7312663793563843,1.4608756303787231,1.3230719566345215,1.2326821088790894,1.1840097904205322,1.2814558744430542,1.2922277450561523,1.55117666721344,2.77207350730896,3.106879472732544,3.044428586959839,3.099851131439209,2.7325334548950195,2.5532643795013428,2.2309467792510986,2.114902973175049,1.8825922012329102,1.8135730028152466,1.7573477029800415,1.7528142929077148,1.8518651723861694,1.7693578004837036,2.0644288063049316
B13,2.621467113494873,2.9836556911468506,3.0497140884399414,2.8527140617370605,2.55853009223938,2.205371379852295,1.9468576908111572,1.619532823562622,1.3958029747009277,1.1099793910980225,0.9614629149436951,0.9289204478263855,0.7922513484954834,1.119326114654541,1.1453137397766113,2.330312728881836,2.701596975326538,2.711493730545044,2.796079158782959,2.4943928718566895,2.189483404159546,1.8487759828567505,1.5630851984024048,1.2291033267974854,0.9380414485931396,0.6102092862129211,0.37518182396888733,0.0,0.3947973847389221,0.676196813583374,2.42167329788208,2.7901253700256348,2.772812843322754,2.8609869480133057,2.5338563919067383,2.2590136528015137,1.8929510116577148,1.6553962230682373,1.3051985502243042,1.0841397047042847,0.8024448156356812,0.6536362767219543,0.5725843906402588,0.6153265833854675,0.8788707256317139,2.5733914375305176,2.930910348892212,2.9127113819122314,2.9990928173065186,2.6552135944366455,2.412536859512329,2.055737257003784,1.874108076095581,1.5548290014266968,1.417348861694336,1.2321462631225586,1.1709989309310913,1.1562907695770264,1.1339261531829834,1.3231568336486816,2.817241668701172,3.1625325679779053,3.145642042160034,3.2188122272491455,2.8610405921936035,2.6640923023223877,2.315703868865967,2.202763080596924,1.9246501922607422,1.867275595664978,1.747253179550171,1.7601920366287231,1.7938100099563599,1.7131576538085938,1.9634137153625488
