,A1,A2,A3,A4,A5,A6,A7,A8,A9,A10,A11,A12,A13,A14,A15,B1,B2,B3,B4,B5,B6,B7,B8,B9,B10,B11,B12,B13,B14,B15,C1,C2,C3,C4,C5,C6,C7,C8,C9,C10,C11,C12,C13,C14,C15,D1,D2,D3,D4,D5,D6,D7,D8,D9,D10,D11,D12,D13,D14,D15,E1,E2,E3,E4,E5,E6,E7,E8,E9,E10,E11,E12,E13,E14,E15
A1,0.0,0.39046725630760193,0.5817573070526123,0.8921657204627991,1.0502549409866333,1.4291305541992188,1.67303466796875,1.9727586507797241,2.2590856552124023,2.5517418384552,2.876816987991333,3.1375815868377686,3.39768385887146,3.5512359142303467,3.888827085494995,1.345117449760437,0.9628507494926453,0.6074573397636414,0.6140705347061157,0.9071118235588074,1.2554030418395996,1.544370412826538,1.838208794593811,2.160581350326538,2.4558842182159424,2.7764711380004883,3.054564952850342,3.3764801025390625,3.557663679122925,3.9052655696868896,1.5309616327285767,1.205640435218811,0.8883996605873108,0.7977388501167297,1.1118037700653076,1.3766387701034546,1.6412417888641357,1.9399590492248535,2.2481589317321777,2.5555129051208496,2.863309860229492,3.1554837226867676,3.471762180328369,3.6836416721343994,4.029162883758545,2.0796713829040527,1.842214584350586,1.4728974103927612,1.220763921737671,1.4320095777511597,1.5734394788742065,1.8172472715377808,2.1034669876098633,2.3680341243743896,2.7016632556915283,2.957582950592041,3.2877542972564697,3.569427728652954,3.8076624870300293,4.116222381591797,2.3312647342681885,2.0680973529815674,1.7595264911651611,1.6282597780227661,1.8055367469787598,1.9187705516815186,2.0579354763031006,2.3380913734436035,2.4676990509033203,2.8392345905303955,2.9690961837768555,3.3472883701324463,3.5011329650878906,3.760702133178711,4.0598578453063965
A2,0.39046725630760193,0.0,0.3799925148487091,0.6164436936378479,0.8695138692855835,1.2075543403625488,1.4820364713668823,1.8001041412353516,2.1034860610961914,2.4113025665283203,2.7335126399993896,3.0176172256469727,3.28605318069458,3.470555067062378,3.8053994178771973,1.516749620437622,1.182299017906189,0.7933982014656067,0.6421515941619873,0.9286612868309021,1.2311618328094482,1.4903948307037354,1.811509370803833,2.1114609241485596,2.4396724700927734,2.730713129043579,3.044220209121704,3.343257427215576,3.558671712875366,3.891968011856079,1.8172787427902222,1.513322114944458,1.1744486093521118,0.9760485887527466,1.1964757442474365,1.4373027086257935,1.6223727464675903,1.957844853401184,2.218822479248047,2.5613043308258057,2.835686206817627,3.1554720401763916,3.4486372470855713,3.670623302459717,4.0132622718811035,2.123116970062256,1.8762561082839966,1.5094166994094849,1.2257112264633179,1.3637477159500122,1.5401171445846558,1.7218115329742432,2.0478668212890625,2.274634599685669,2.6305181980133057,2.866353988647461,3.2022924423217773,3.475919246673584,3.6975457668304443,4.020705223083496,2.1444578170776367,1.8468985557556152,1.5917415618896484,1.4962668418884277,1.6206074953079224,1.764746069908142,1.8524911403656006,2.1644036769866943,2.2711269855499268,2.652207851409912,2.7785606384277344,3.1506834030151367,3.3164100646972656,3.547632932662964,3.8638222217559814
A3,0.5817573070526123,0.3799925148487091,0.0,0.35789015889167786,0.6176707148551941,0.9579117894172668,1.280626654624939,1.5502570867538452,1.8861393928527832,2.1589064598083496,2.5057411193847656,2.769273281097412,3.062241315841675,3.231912851333618,3.5792717933654785,1.271545171737671,0.9990778565406799,0.6410754323005676,0.5038926005363464,0.8422183990478516,1.0580233335494995,1.3684966564178467,1.645010232925415,1.9718091487884521,2.279585123062134,2.582216262817383,2.891507148742676,3.200138568878174,3.4285175800323486,3.752794027328491,1.817236304283142,1.5607070922851562,1.2738311290740967,1.1003432273864746,1.3038694858551025,1.4526212215423584,1.6249375343322754,1.9321179389953613,2.172950029373169,2.5177464485168457,2.768584966659546,3.1066484451293945,3.3795289993286133,3.6324682235717773,3.957669258117676,2.3594725131988525,2.155975818634033,1.79593026638031,1.4752634763717651,1.5501618385314941,1.6527968645095825,1.778102159500122,2.086972236633301,2.2689571380615234,2.6331419944763184,2.8274402618408203,3.1861484050750732,3.4278807640075684,3.674440622329712,3.9860291481018066,2.3829596042633057,2.09660005569458,1.8747801780700684,1.7446519136428833,1.8063315153121948,1.8936238288879395,1.9198509454727173,2.2074344158172607,2.252708911895752,2.6320395469665527,2.7073400020599365,3.084296703338623,3.2121522426605225,3.43756365776062,3.7443394660949707
A4,0.8921657204627991,0.6164436936378479,0.35789015889167786,0.0,0.3786749839782715,0.6386463642120361,0.9815928339958191,1.2567206621170044,1.5993609428405762,1.8808931112289429,2.220367670059204,2.4997916221618652,2.7947535514831543,2.9872071743011475,3.329028844833374,1.3883284330368042,1.1916426420211792,0.8697330355644226,0.6173509359359741,0.8336771130561829,0.9460400342941284,1.2050272226333618,1.4819107055664062,1.7787784337997437,2.1035377979278564,2.375808000564575,2.7088286876678467,2.9954330921173096,3.250406503677368,3.5587382316589355,1.9644732475280762,1.744794487953186,1.4606560468673706,1.2275519371032715,1.3362549543380737,1.4207818508148193,1.5117762088775635,1.8236125707626343,2.011298894882202,2.375399112701416,2.5884504318237305,2.94704532623291,3.1934430599212646,3.4588193893432617,3.7743232250213623,2.3707730770111084,2.1973164081573486,1.8582628965377808,1.5118986368179321,1.4967851638793945,1.574500322341919,1.6219135522842407,1.9383214712142944,2.0698180198669434,2.444380760192871,2.607039213180542,2.9720864295959473,3.1957523822784424,3.4367337226867676,3.7517387866973877,2.2714931964874268,1.9949389696121216,1.82807195186615,1.6874340772628784,1.6735104322433472,1.7346177101135254,1.6956759691238403,1.9793411493301392,1.9823969602584839,2.3602797985076904,2.414710760116577,2.7864418029785156,2.9096908569335938,3.1175804138183594,3.429835796356201
A5,1.0502549409866333,0.8695138692855835,0.6176707148551941,0.3786749839782715,0.0,0.3877774178981781,0.6717584133148193,0.9421133995056152,1.268666386604309,1.5510070323944092,1.8901373147964478,2.16206431388855,2.449455976486206,2.6317059993743896,2.9740564823150635,1.2201259136199951,1.0956090688705444,0.8455050587654114,0.5470761060714722,0.6067343950271606,0.5978155136108398,0.8568331003189087,1.1088441610336304,1.4142091274261475,1.7289984226226807,2.0087778568267822,2.335258960723877,2.6281845569610596,2.880539655685425,3.1891226768493652,1.7775144577026367,1.6156890392303467,1.3762829303741455,1.1417561769485474,1.184368371963501,1.1712303161621094,1.2376539707183838,1.513765811920166,1.6879081726074219,2.0440914630889893,2.248133897781372,2.6093108654022217,2.849501609802246,3.127082109451294,3.4339823722839355,2.2818610668182373,2.170240640640259,1.8547890186309814,1.487453818321228,1.415077567100525,1.4004853963851929,1.4080867767333984,1.685158610343933,1.792348861694336,2.1599247455596924,2.3027777671813965,2.6778249740600586,2.8862476348876953,3.1489152908325195,3.4497904777526855,2.2940573692321777,2.0734896659851074,1.9051424264907837,1.696027159690857,1.6437684297561646,1.618420124053955,1.5600214004516602,1.7891008853912354,1.7631220817565918,2.128580331802368,2.155991554260254,2.5348548889160156,2.6316771507263184,2.8629679679870605,3.157003879547119
A6,1.4291305541992188,1.2075543403625488,0.9579117894172668,0.6386463642120361,0.3877774178981781,0.0,0.39140573143959045,0.6249764561653137,0.9760882258415222,1.2540982961654663,1.58904230594635,1.8751589059829712,2.1725361347198486,2.379896879196167,2.716778516769409,1.461966872215271,1.417441964149475,1.2147399187088013,0.9276300072669983,0.9005813598632812,0.7420936822891235,0.8713244795799255,1.0642446279525757,1.307051658630371,1.6215567588806152,1.8524208068847656,2.2013165950775146,2.462507486343384,2.748959541320801,3.030489206314087,2.0594286918640137,1.9379196166992188,1.7170990705490112,1.4643257856369019,1.4323753118515015,1.3466304540634155,1.3082525730133057,1.5547581911087036,1.6421363353729248,2.0061233043670654,2.147406816482544,2.5301625728607178,2.7266111373901367,3.0234222412109375,3.309521198272705,2.4530279636383057,2.3742575645446777,2.088587760925293,1.7193009853363037,1.5676829814910889,1.5189098119735718,1.4223806858062744,1.6817313432693481,1.704263687133789,2.072097063064575,2.1568377017974854,2.5383408069610596,2.710803985595703,2.970085620880127,3.2685275077819824,2.337177276611328,2.135338068008423,2.0332255363464355,1.8269625902175903,1.6937764883041382,1.6302058696746826,1.4802955389022827,1.6800954341888428,1.576369285583496,1.9260200262069702,1.9050700664520264,2.2728052139282227,2.3487436771392822,2.5533361434936523,2.8498446941375732
A7,1.67303466796875,1.4820364713668823,1.280626654624939,0.9815928339958191,0.6717584133148193,0.39140573143959045,0.0,0.3819505274295807,0.6348468065261841,0.9704460501670837,1.2648552656173706,1.575250267982483,1.8408219814300537,2.0668749809265137,2.3886406421661377,1.6060534715652466,1.600246548652649,1.4366042613983154,1.1306811571121216,0.9656664729118347,0.7093551754951477,0.6541439294815063,0.8033133149147034,0.9668971300125122,1.2949284315109253,1.4889264106750488,1.8537421226501465,2.0945754051208496,2.3906238079071045,2.6653385162353516,2.0506668090820312,1.978774070739746,1.78695809841156,1.5213582515716553,1.3969215154647827,1.2249010801315308,1.0929489135742188,1.2926849126815796,1.3138048648834229,1.6751066446304321,1.7826952934265137,2.172002077102661,2.3511743545532227,2.6519510746002197,2.9313433170318604,2.3382158279418945,2.3206310272216797,2.079299211502075,1.7163997888565063,1.4949193000793457,1.369875431060791,1.1937971115112305,1.402389407157898,1.3681252002716064,1.7249013185501099,1.7809041738510132,2.1654253005981445,2.3248682022094727,2.5906589031219482,2.8830766677856445,2.261408805847168,2.123499631881714,2.0419278144836426,1.7923789024353027,1.6085200309753418,1.4618353843688965,1.2746503353118896,1.4024733304977417,1.2581119537353516,1.586561679840088,1.5440443754196167,1.9158471822738647,1.980621099472046,2.2074079513549805,2.493537187576294
A8,1.9727586507797241,1.8001041412353516,1.5502570867538452,1.2567206621170044,0.9421133995056152,0.6249764561653137,0.3819505274295807,0.0,0.3901948034763336,0.629869818687439,0.9706130623817444,1.250718355178833,1.5534981489181519,1.7644963264465332,2.099595308303833,1.6635725498199463,1.7456609010696411,1.652150273323059,1.39858078956604,1.241636037826538,0.9145023822784424,0.8571954965591431,0.8350865840911865,0.9587798714637756,1.2006281614303589,1.3718562126159668,1.7156511545181274,1.948567271232605,2.2612009048461914,2.5086748600006104,2.2214725017547607,2.19808292388916,2.054276704788208,1.8256418704986572,1.7061148881912231,1.4806137084960938,1.3408762216567993,1.4545729160308838,1.4195948839187622,1.736950397491455,1.784628987312317,2.175255060195923,2.30776309967041,2.6393463611602783,2.881974697113037,2.659139633178711,2.669790506362915,2.4383747577667236,2.076759099960327,1.8495248556137085,1.6842936277389526,1.4781047105789185,1.6213228702545166,1.5195401906967163,1.8385475873947144,1.8190877437591553,2.2071287631988525,2.306583881378174,2.5956249237060547,2.8585169315338135,2.602369785308838,2.479973554611206,2.4151360988616943,2.1609959602355957,1.9599510431289673,1.7818212509155273,1.5620368719100952,1.6271272897720337,1.4107592105865479,1.6819162368774414,1.552403211593628,1.8998445272445679,1.8927651643753052,2.1048665046691895,2.3617212772369385
A9,2.2590856552124023,2.1034860610961914,1.8861393928527832,1.5993609428405762,1.268666386604309,0.9760882258415222,0.6348468065261841,0.3901948034763336,0.0,0.3875579833984375,0.631999135017395,0.9503762722015381,1.2078256607055664,1.447340965270996,1.7617098093032837,1.9065791368484497,2.0090365409851074,1.9385979175567627,1.677240252494812,1.4509016275405884,1.1038873195648193,0.9139877557754517,0.7964516878128052,0.75497967004776,0.9534987807273865,1.041258454322815,1.3969608545303345,1.5920817852020264,1.9219658374786377,2.1513803005218506,2.317580461502075,2.337955951690674,2.2219908237457275,1.99259614944458,1.8104076385498047,1.5287431478500366,1.3165656328201294,1.3497962951660156,1.2204641103744507,1.4994128942489624,1.4803776741027832,1.8699380159378052,1.9643850326538086,2.3042333126068115,2.528029441833496,2.651043653488159,2.7170677185058594,2.5303821563720703,2.1871588230133057,1.9155921936035156,1.6950616836547852,1.4289844036102295,1.491808533668518,1.3124456405639648,1.5854722261428833,1.5057772397994995,1.8876270055770874,1.9522391557693481,2.2509095668792725,2.497516393661499,2.6279311180114746,2.564053773880005,2.5197641849517822,2.241061210632324,2.006423234939575,1.7652437686920166,1.5231335163116455,1.496042251586914,1.2323987483978271,1.4374287128448486,1.257038950920105,1.5894403457641602,1.5459049940109253,1.7815338373184204,2.014911413192749
A10,2.5517418384552,2.4113025665283203,2.1589064598083496,1.8808931112289429,1.5510070323944092,1.2540982961654663,0.9704460501670837,0.629869818687439,0.3875579833984375,0.0,0.3932684659957886,0.6218106746673584,0.9455838203430176,1.1504384279251099,1.485609769821167,2.020096778869629,2.188537359237671,2.172128200531006,1.9532995223999023,1.7456475496292114,1.3751851320266724,1.2257213592529297,1.0178172588348389,0.9612842202186584,1.014150857925415,1.062191367149353,1.3488439321517944,1.5259201526641846,1.8595317602157593,2.0485610961914062,2.5196969509124756,2.5772628784179688,2.5001814365386963,2.3036398887634277,2.139075994491577,1.8352447748184204,1.6445856094360352,1.619794487953186,1.4694753885269165,1.6821905374526978,1.609010934829712,1.973539113998413,2.0143468379974365,2.3769845962524414,2.5526208877563477,3.0022571086883545,3.083224296569824,2.897490978240967,2.553483009338379,2.290766716003418,2.05329966545105,1.7909053564071655,1.8134198188781738,1.6062135696411133,1.828382968902588,1.6855299472808838,2.0484976768493652,2.045825242996216,2.3620426654815674,2.5655548572540283,3.007736921310425,2.9476215839385986,2.907170534133911,2.6270525455474854,2.3922581672668457,2.1427090167999268,1.8947910070419312,1.8378314971923828,1.5466228723526,1.6915041208267212,1.4448597431182861,1.7239940166473389,1.5961567163467407,1.8052831888198853,1.9872640371322632
A11,2.876816987991333,2.7335126399993896,2.5057411193847656,2.220367670059204,1.8901373147964478,1.58904230594635,1.2648552656173706,0.9706130623817444,0.631999135017395,0.3932684659957886,0.0,0.36988985538482666,0.6032806634902954,0.8831577301025391,1.1713721752166748,2.368134021759033,2.5351366996765137,2.5174131393432617,2.2830405235290527,2.0412721633911133,1.6769051551818848,1.459000587463379,1.2346718311309814,1.0541399717330933,1.0375083684921265,0.9373161196708679,1.1981301307678223,1.2828530073165894,1.6393649578094482,1.778594970703125,2.75532603263855,2.835667371749878,2.7681710720062256,2.563270092010498,2.355928421020508,2.031154155731201,1.7893507480621338,1.7141053676605225,1.4833890199661255,1.63797128200531,1.476220965385437,1.8159760236740112,1.788272500038147,2.1512138843536377,2.2890918254852295,3.0979175567626953,3.218284845352173,3.0714364051818848,2.746894359588623,2.451164484024048,2.190463066101074,1.8860514163970947,1.8492416143417358,1.575830340385437,1.7306421995162964,1.5120872259140015,1.8392468690872192,1.7758188247680664,2.0856149196624756,2.261911630630493,3.0866241455078125,3.0719149112701416,3.060704231262207,2.775217294692993,2.5109703540802,2.2271220684051514,1.959121584892273,1.8321211338043213,1.507407784461975,1.5619959831237793,1.2586427927017212,1.4764965772628784,1.2869112491607666,1.4925668239593506,1.6343176364898682
A12,3.1375815868377686,3.0176172256469727,2.769273281097412,2.4997916221618652,2.16206431388855,1.8751589059829712,1.575250267982483,1.250718355178833,0.9503762722015381,0.6218106746673584,0.36988985538482666,0.0,0.3810945749282837,0.5662310123443604,0.8849989771842957,2.487685203552246,2.7019143104553223,2.730656147003174,2.531228542327881,2.294752597808838,1.917499303817749,1.7255340814590454,1.4486254453659058,1.2784006595611572,1.1536872386932373,1.0380853414535522,1.1829915046691895,1.2453795671463013,1.5747088193893433,1.667311191558838,2.9062681198120117,3.0219509601593018,2.9925460815429688,2.819244384765625,2.624863386154175,2.2817158699035645,2.0652475357055664,1.9451158046722412,1.7184964418411255,1.8106976747512817,1.6229034662246704,1.9168998003005981,1.8470348119735718,2.2182490825653076,2.3056323528289795,3.388909101486206,3.524824857711792,3.3792762756347656,3.0554463863372803,2.7721383571624756,2.49271297454834,2.203876256942749,2.136054515838623,1.8645826578140259,1.9770528078079224,1.7301582098007202,2.027472972869873,1.9117319583892822,2.235257863998413,2.358829975128174,3.4440367221832275,3.4347434043884277,3.4126994609832764,3.117558240890503,2.8637044429779053,2.570591688156128,2.315988779067993,2.172637462615967,1.8535114526748657,1.8760826587677002,1.5560797452926636,1.7257440090179443,1.4768325090408325,1.662297248840332,1.7310099601745605
A13,3.39768385887146,3.28605318069458,3.062241315841675,2.7947535514831543,2.449455976486206,2.1725361347198486,1.8408219814300537,1.5534981489181519,1.2078256607055664,0.9455838203430176,0.6032806634902954,0.3810945749282837,0.0,0.36340197920799255,0.5723382234573364,2.7692556381225586,2.9761126041412354,3.005591630935669,2.795729637145996,2.5269267559051514,2.15860915184021,1.9184858798980713,1.6348479986190796,1.3896899223327637,1.2127714157104492,0.9844082593917847,1.0536017417907715,1.0037031173706055,1.3297184705734253,1.3619873523712158,3.0624680519104004,3.2003378868103027,3.1846635341644287,3.0109589099884033,2.783013343811035,2.4246103763580322,2.178823471069336,2.0127804279327393,1.73699951171875,1.760683298110962,1.5053354501724243,1.7469650506973267,1.6103413105010986,1.9707098007202148,2.012909412384033,3.437612771987915,3.6112663745880127,3.5019524097442627,3.199845552444458,2.8980088233947754,2.5967283248901367,2.290224552154541,2.1669836044311523,1.8619498014450073,1.9014310836791992,1.6032419204711914,1.8462351560592651,1.6717185974121094,1.9899742603302002,2.0697200298309326,3.5224108695983887,3.5559191703796387,3.545693874359131,3.241010904312134,2.9758477210998535,2.6544907093048096,2.4052412509918213,2.2060348987579346,1.8890591859817505,1.8368988037109375,1.5020502805709839,1.6047923564910889,1.3078311681747437,1.5019712448120117,1.5012092590332031
A14,3.5512359142303467,3.470555067062378,3.231912851333618,2.9872071743011475,2.6317059993743896,2.379896879196167,2.0668749809265137,1.7644963264465332,1.447340965270996,1.1504384279251099,0.8831577301025391,0.5662310123443604,0.36340197920799255,0.0,0.37508440017700195,2.796391010284424,3.040706157684326,3.1152286529541016,2.9414637088775635,2.676196336746216,2.3020310401916504,2.090163469314575,1.7669728994369507,1.5507092475891113,1.2983354330062866,1.1079024076461792,1.0553933382034302,1.0234135389328003,1.2778778076171875,1.2803786993026733,3.096830368041992,3.268343210220337,3.2924680709838867,3.1544387340545654,2.943889617919922,2.572026491165161,2.3619983196258545,2.1605782508850098,1.912248969078064,1.8875969648361206,1.6450845003128052,1.8387987613677979,1.6944935321807861,2.052494764328003,2.058061361312866,3.635390281677246,3.8194596767425537,3.706516981124878,3.4049553871154785,3.1239192485809326,2.805455446243286,2.527193784713745,2.3841617107391357,2.10457444190979,2.1236672401428223,1.836125135421753,2.062535285949707,1.8741698265075684,2.2079918384552,2.2440037727355957,3.8173813819885254,3.8501527309417725,3.8149845600128174,3.4963366985321045,3.2525548934936523,2.9254322052001953,2.701566696166992,2.501894235610962,2.2054805755615234,2.158933162689209,1.8380837440490723,1.938502550125122,1.6344099044799805,1.8306689262390137,1.7874239683151245
A15,3.888827085494995,3.8053994178771973,3.5792717933654785,3.329028844833374,2.9740564823150635,2.716778516769409,2.3886406421661377,2.099595308303833,1.7617098093032837,1.485609769821167,1.1713721752166748,0.8849989771842957,0.5723382234573364,0.37508440017700195,0.0,3.1553752422332764,3.395066976547241,3.466048002243042,3.2831108570098877,3.00361704826355,2.6358630657196045,2.3980674743652344,2.0821990966796875,1.8277500867843628,1.5652726888656616,1.3113489151000977,1.2006645202636719,1.049185037612915,1.2572057247161865,1.151627779006958,3.389557123184204,3.572453737258911,3.6017069816589355,3.459920644760132,3.228504180908203,2.8525679111480713,2.621192216873169,2.3991470336914062,2.1189889907836914,2.0483288764953613,1.7568120956420898,1.8901598453521729,1.6751742362976074,2.00211763381958,1.9416002035140991,3.83372163772583,4.042520999908447,3.956169843673706,3.6701557636260986,3.374281167984009,3.0484414100646973,2.7550208568573,2.5809097290039062,2.2770209312438965,2.241162061691284,1.9161796569824219,2.079083204269409,1.8311519622802734,2.136357307434082,2.116090774536133,4.008397579193115,4.070291042327881,4.052944183349609,3.7345175743103027,3.4775917530059814,3.1367764472961426,2.9088122844696045,2.6744372844696045,2.375699996948242,2.271061658859253,1.9410475492477417,1.971204161643982,1.6333063840866089,1.798380970954895,1.6798125505447388
B1,1.345117449760437,1.516749620437622,1.271545171737671,1.3883284330368042,1.2201259136199951,1.461966872215271,1.6060534715652466,1.6635725498199463,1.9065791368484497,2.020096778869629,2.368134021759033,2.487685203552246,2.7692556381225586,2.796391010284424,3.1553752422332764,0.0,0.40188050270080566,0.7440337538719177,0.9752932190895081,1.0598067045211792,1.0481407642364502,1.3980056047439575,1.4029765129089355,1.7833443880081177,1.889920949935913,2.2734038829803467,2.4342281818389893,2.8108232021331787,2.9522652626037598,3.281259298324585,1.2277082204818726,1.2106609344482422,1.2607085704803467,1.3606222867965698,1.5552619695663452,1.4827055931091309,1.7491146326065063,1.8311724662780762,2.104192018508911,2.312079906463623,2.5717556476593018,2.8467812538146973,3.1167023181915283,3.398502826690674,3.674272298812866,2.7605268955230713,2.698718309402466,2.3904523849487305,2.0849640369415283,2.147462844848633,2.0280425548553467,2.15295672416687,2.2849104404449463,2.4427332878112793,2.724717855453491,2.865313768386841,3.2287726402282715,3.407806873321533,3.7409331798553467,3.9708986282348633,3.2591140270233154,3.081258535385132,2.8101677894592285,2.5487582683563232,2.602341890335083,2.516420364379883,2.5547733306884766,2.6900970935821533,2.68122935295105,2.9935948848724365,2.977936267852783,3.351999282836914,3.363788604736328,3.6531295776367188,3.871088743209839
B2,0.9628507494926453,1.182299017906189,0.9990778565406799,1.1916426420211792,1.0956090688705444,1.417441964149475,1.600246548652649,1.7456609010696411,2.0090365409851074,2.188537359237671,2.5351366996765137,2.7019143104553223,2.9761126041412354,3.040706157684326,3.395066976547241,0.40188050270080566,0.0,0.3909159004688263,0.7034264206886292,0.8701134920120239,1.0035268068313599,1.3721351623535156,1.4791321754455566,1.8603671789169312,2.0306575298309326,2.4080722332000732,2.603353977203369,2.971940279006958,3.118412494659424,3.4613494873046875,1.1150107383728027,0.9830498695373535,0.9543139934539795,1.0586764812469482,1.3181381225585938,1.3428772687911987,1.6473212242126465,1.7939000129699707,2.102543830871582,2.3395442962646484,2.631199836730957,2.9083282947540283,3.20457124710083,3.46282958984375,3.765517473220825,2.50810170173645,2.403564214706421,2.07769775390625,1.7864441871643066,1.899829626083374,1.8383347988128662,2.0163440704345703,2.18962025642395,2.395261526107788,2.6940999031066895,2.880448818206787,3.2366645336151123,3.453918695449829,3.7637579441070557,4.01756477355957,2.996774435043335,2.801081418991089,2.508502244949341,2.269838333129883,2.3658275604248047,2.3266026973724365,2.40555739402771,2.580592155456543,2.619976282119751,2.954925298690796,2.987204074859619,3.369513988494873,3.425570487976074,3.7153172492980957,3.958082914352417
B3,0.6074573397636414,0.7933982014656067,0.6410754323005676,0.8697330355644226,0.8455050587654114,1.2147399187088013,1.4366042613983154,1.652150273323059,1.9385979175567627,2.172128200531006,2.5174131393432617,2.730656147003174,3.005591630935669,3.1152286529541016,3.466048002243042,0.7440337538719177,0.3909159004688263,0.0,0.37449008226394653,0.6635764837265015,0.9007476568222046,1.2672709226608276,1.4666398763656616,1.8351138830184937,2.072115421295166,2.4268648624420166,2.6703128814697266,3.0190112590789795,3.1924469470977783,3.5361180305480957,1.2520073652267456,1.0299257040023804,0.8518887162208557,0.8462802171707153,1.1241950988769531,1.2256693840026855,1.5100092887878418,1.7316449880599976,2.035830497741699,2.31778883934021,2.6104159355163574,2.907864809036255,3.2077813148498535,3.456458568572998,3.7766239643096924,2.298556089401245,2.1532225608825684,1.8075929880142212,1.5038928985595703,1.6252678632736206,1.6256593465805054,1.8120697736740112,2.039048433303833,2.2580432891845703,2.5827786922454834,2.7896833419799805,3.1450066566467285,3.384378433227539,3.6687259674072266,3.9479658603668213,2.6683156490325928,2.4480273723602295,2.1617352962493896,1.9499990940093994,2.0530855655670166,2.058185338973999,2.141782283782959,2.358582019805908,2.419508218765259,2.774844169616699,2.837773561477661,3.222900867462158,3.3153159618377686,3.5908946990966797,3.8596274852752686
B4,0.6140705347061157,0.6421515941619873,0.5038926005363464,0.6173509359359741,0.5470761060714722,0.9276300072669983,1.1306811571121216,1.39858078956604,1.677240252494812,1.9532995223999023,2.2830405235290527,2.531228542327881,2.795729637145996,2.9414637088775635,3.2831108570098877,0.9752932190895081,0.7034264206886292,0.37449008226394653,0.0,0.3805239498615265,0.6597716808319092,0.9926744699478149,1.255574345588684,1.5985313653945923,1.8838855028152466,2.2108919620513916,2.4917776584625244,2.8180196285247803,3.015902042388916,3.35440993309021,1.3523097038269043,1.1327637434005737,0.8794187903404236,0.7162402868270874,0.9071646332740784,1.0038976669311523,1.230943202972412,1.4996545314788818,1.7776812314987183,2.093937635421753,2.3718504905700684,2.6886584758758545,2.9803426265716553,3.2271857261657715,3.5538697242736816,2.0789144039154053,1.940793514251709,1.5998289585113525,1.261062502861023,1.3228048086166382,1.3305456638336182,1.4840885400772095,1.7407480478286743,1.9474756717681885,2.2893176078796387,2.496741533279419,2.8529410362243652,3.0988075733184814,3.3672077655792236,3.6607518196105957,2.343099355697632,2.1285762786865234,1.8672505617141724,1.6446794271469116,1.7107024192810059,1.711159586906433,1.7754112482070923,2.0034477710723877,2.064347505569458,2.426913022994995,2.502401828765869,2.886969804763794,2.9987642765045166,3.2670609951019287,3.5484378337860107
B5,0.9071118235588074,0.9286612868309021,0.8422183990478516,0.8336771130561829,0.6067343950271606,0.9005813598632812,0.9656664729118347,1.241636037826538,1.4509016275405884,1.7456475496292114,2.0412721633911133,2.294752597808838,2.5269267559051514,2.676196336746216,3.00361704826355,1.0598067045211792,0.8701134920120239,0.6635764837265015,0.3805239498615265,0.0,0.3840292990207672,0.6516274809837341,0.9346731305122375,1.2571332454681396,1.5500868558883667,1.870734691619873,2.1507792472839355,2.4718005657196045,2.6621220111846924,3.0046634674072266,1.2090426683425903,1.0516448020935059,0.8297721147537231,0.6100689768791199,0.6522953510284424,0.6470533609390259,0.8628267645835876,1.1194308996200562,1.4017695188522339,1.7142188549041748,1.998002052307129,2.3100342750549316,2.606508493423462,2.848360538482666,3.1773040294647217,1.8539605140686035,1.7810251712799072,1.4781708717346191,1.125698447227478,1.1137725114822388,1.031753659248352,1.165626883506775,1.3873958587646484,1.595379114151001,1.9259380102157593,2.1374263763427734,2.490251302719116,2.7388269901275635,3.0124833583831787,3.2995457649230957,2.205935478210449,2.0506691932678223,1.7959537506103516,1.5128295421600342,1.5435545444488525,1.4687421321868896,1.5379421710968018,1.7169208526611328,1.7824312448501587,2.128401041030884,2.2074663639068604,2.5913374423980713,2.7004685401916504,2.9910717010498047,3.259183168411255
B6,1.2554030418395996,1.2311618328094482,1.0580233335494995,0.9460400342941284,0.5978155136108398,0.7420936822891235,0.7093551754951477,0.9145023822784424,1.1038873195648193,1.3751851320266724,1.6769051551818848,1.917499303817749,2.15860915184021,2.3020310401916504,2.6358630657196045,1.0481407642364502,1.0035268068313599,0.9007476568222046,0.6597716808319092,0.3840292990207672,0.0,0.3917216360569,0.5986036062240601,0.951303243637085,1.2315726280212402,1.5568208694458008,1.8427928686141968,2.1661715507507324,2.377408027648926,2.707669973373413,1.3511451482772827,1.2881512641906738,1.1464489698410034,0.9593949913978577,0.9076792597770691,0.7276712656021118,0.8252400755882263,1.0073392391204834,1.2233452796936035,1.5366312265396118,1.7748125791549683,2.110503673553467,2.374788284301758,2.649998188018799,2.956878185272217,2.0570578575134277,2.0392653942108154,1.7697826623916626,1.4125475883483887,1.3117451667785645,1.1458852291107178,1.1623011827468872,1.333422064781189,1.4583152532577515,1.785938024520874,1.9374630451202393,2.3105506896972656,2.518758535385132,2.8160479068756104,3.0881106853485107,2.36299467086792,2.234074354171753,2.027083158493042,1.7267751693725586,1.6801261901855469,1.5364586114883423,1.5263662338256836,1.6492345333099365,1.6382631063461304,1.9635449647903442,1.9837363958358765,2.366344451904297,2.4333560466766357,2.724452257156372,2.9766359329223633
B7,1.544370412826538,1.4903948307037354,1.3684966564178467,1.2050272226333618,0.8568331003189087,0.8713244795799255,0.6541439294815063,0.8571954965591431,0.9139877557754517,1.2257213592529297,1.459000587463379,1.7255340814590454,1.9184858798980713,2.090163469314575,2.3980674743652344,1.3980056047439575,1.3721351623535156,1.2672709226608276,0.9926744699478149,0.6516274809837341,0.3917216360569,0.0,0.3768518269062042,0.6228089332580566,0.9618211984634399,1.2427582740783691,1.558354377746582,1.8535130023956299,2.0760467052459717,2.4031713008880615,1.487130880355835,1.4657692909240723,1.3330808877944946,1.1059778928756714,0.9144172668457031,0.6299616694450378,0.5438396334648132,0.6991729140281677,0.8524094223976135,1.1914312839508057,1.4111251831054688,1.759705901145935,2.0173680782318115,2.2883872985839844,2.5996737480163574,1.9021553993225098,1.9452728033065796,1.7307579517364502,1.3877224922180176,1.193568468093872,0.9496015906333923,0.8679330348968506,0.9905842542648315,1.075461745262146,1.401287317276001,1.5465348958969116,1.9199228286743164,2.131648063659668,2.42503023147583,2.7000856399536133,2.1965959072113037,2.126521110534668,1.9537575244903564,1.6236069202423096,1.518778681755066,1.2995915412902832,1.2638325691223145,1.321102261543274,1.2999969720840454,1.6030986309051514,1.6290228366851807,2.0089190006256104,2.083845853805542,2.3922393321990967,2.638546943664551
B8,1.838208794593811,1.811509370803833,1.645010232925415,1.4819107055664062,1.1088441610336304,1.0642446279525757,0.8033133149147034,0.8350865840911865,0.7964516878128052,1.0178172588348389,1.2346718311309814,1.4486254453659058,1.6348479986190796,1.7669728994369507,2.0821990966796875,1.4029765129089355,1.4791321754455566,1.4666398763656616,1.255574345588684,0.9346731305122375,0.5986036062240601,0.3768518269062042,0.0,0.3879225552082062,0.6350494027137756,0.9639660716056824,1.247065544128418,1.5698853731155396,1.7882684469223022,2.1121397018432617,1.5423575639724731,1.6042065620422363,1.5526984930038452,1.389401912689209,1.2094831466674805,0.8640657663345337,0.7744552493095398,0.7388990521430969,0.8146891593933105,1.07792329788208,1.2530288696289062,1.5979819297790527,1.8277417421340942,2.131340980529785,2.412306070327759,2.1612439155578613,2.249035596847534,2.057521343231201,1.7294435501098633,1.5337114334106445,1.244206428527832,1.1267142295837402,1.1409529447555542,1.1462875604629517,1.4121310710906982,1.4854621887207031,1.8631974458694458,2.0220694541931152,2.352663040161133,2.590834856033325,2.521343946456909,2.4765825271606445,2.314955949783325,1.9756042957305908,1.8546273708343506,1.596119999885559,1.5302457809448242,1.5123491287231445,1.4292070865631104,1.672128438949585,1.6272541284561157,1.9885318279266357,1.9974933862686157,2.3193557262420654,2.525447368621826
B9,2.160581350326538,2.1114609241485596,1.9718091487884521,1.7787784337997437,1.4142091274261475,1.307051658630371,0.9668971300125122,0.9587798714637756,0.75497967004776,0.9612842202186584,1.0541399717330933,1.2784006595611572,1.3896899223327637,1.5507092475891113,1.8277500867843628,1.7833443880081177,1.8603671789169312,1.8351138830184937,1.5985313653945923,1.2571332454681396,0.951303243637085,0.6228089332580566,0.3879225552082062,0.0,0.3903716206550598,0.6199609041213989,0.9522237777709961,1.233262300491333,1.474822759628296,1.7890347242355347,1.7959094047546387,1.8823448419570923,1.8347247838974,1.6508880853652954,1.40280282497406,1.0362142324447632,0.8166829943656921,0.676722526550293,0.5612612366676331,0.8000673651695251,0.8983448147773743,1.266213297843933,1.4671441316604614,1.7797293663024902,2.0544400215148926,2.1600918769836426,2.302469253540039,2.165146589279175,1.8632608652114868,1.6079655885696411,1.2806795835494995,1.0720804929733276,0.9891469478607178,0.8877421021461487,1.1039382219314575,1.12222421169281,1.500302791595459,1.63895845413208,1.9762048721313477,2.2070369720458984,2.4900481700897217,2.5004189014434814,2.3784453868865967,2.0304954051971436,1.8607629537582397,1.5463900566101074,1.4459247589111328,1.3359378576278687,1.216504693031311,1.391902208328247,1.3233624696731567,1.6644072532653809,1.6589775085449219,2.0012505054473877,2.187347412109375
B10,2.4558842182159424,2.4396724700927734,2.279585123062134,2.1035377979278564,1.7289984226226807,1.6215567588806152,1.2949284315109253,1.2006281614303589,0.9534987807273865,1.014150857925415,1.0375083684921265,1.1536872386932373,1.2127714157104492,1.2983354330062866,1.5652726888656616,1.889920949935913,2.0306575298309326,2.072115421295166,1.8838855028152466,1.5500868558883667,1.2315726280212402,0.9618211984634399,0.6350494027137756,0.3903716206550598,0.0,0.3905133306980133,0.6124538779258728,0.9498281478881836,1.1621387004852295,1.4807384014129639,1.8839976787567139,2.0371861457824707,2.0560078620910645,1.9250199794769287,1.692649006843567,1.306201696395874,1.1336790323257446,0.8915078043937683,0.7504233717918396,0.8004035949707031,0.8245495557785034,1.1362025737762451,1.2981709241867065,1.637100100517273,1.868455410003662,2.4195077419281006,2.5964412689208984,2.4773294925689697,2.1916675567626953,1.9534720182418823,1.6045747995376587,1.4157769680023193,1.2633644342422485,1.1356512308120728,1.2454285621643066,1.1915254592895508,1.5318329334259033,1.6037203073501587,1.9745515584945679,2.1472995281219482,2.8438172340393066,2.87465763092041,2.7471718788146973,2.3904621601104736,2.229290723800659,1.8996566534042358,1.8063392639160156,1.652586817741394,1.5150158405303955,1.6189219951629639,1.4986565113067627,1.7902437448501587,1.7133049964904785,2.0645430088043213,2.189361333847046
B11,2.7764711380004883,2.730713129043579,2.582216262817383,2.375808000564575,2.0087778568267822,1.8524208068847656,1.4889264106750488,1.3718562126159668,1.041258454322815,1.062191367149353,0.9373161196708679,1.0380853414535522,0.9844082593917847,1.1079024076461792,1.3113489151000977,2.2734038829803467,2.4080722332000732,2.4268648624420166,2.2108919620513916,1.870734691619873,1.5568208694458008,1.2427582740783691,0.9639660716056824,0.6199609041213989,0.3905133306980133,0.0,0.40012499690055847,0.6198664307594299,0.90314120054245,1.1852011680603027,2.234079360961914,2.3853046894073486,2.3893063068389893,2.2325587272644043,1.9642224311828613,1.5849345922470093,1.3427767753601074,1.0917694568634033,0.8197947144508362,0.7926621437072754,0.6280155777931213,0.9380242824554443,1.004462480545044,1.3674616813659668,1.5676020383834839,2.5429952144622803,2.7515370845794678,2.6709065437316895,2.4030520915985107,2.1230742931365967,1.772176742553711,1.520522117614746,1.319812536239624,1.09099543094635,1.115451455116272,0.9495653510093689,1.2610766887664795,1.2675577402114868,1.6459611654281616,1.7977169752120972,2.8878369331359863,2.957441568374634,2.8735952377319336,2.5240182876586914,2.3202412128448486,1.9647705554962158,1.8317855596542358,1.611374855041504,1.4305027723312378,1.4434159994125366,1.2770413160324097,1.5131548643112183,1.3961560726165771,1.7546368837356567,1.8440250158309937
B12,3.054564952850342,3.044220209121704,2.891507148742676,2.7088286876678467,2.335258960723877,2.2013165950775146,1.8537421226501465,1.7156511545181274,1.3969608545303345,1.3488439321517944,1.1981301307678223,1.1829915046691895,1.0536017417907715,1.0553933382034302,1.2006645202636719,2.4342281818389893,2.603353977203369,2.6703128814697266,2.4917776584625244,2.1507792472839355,1.8427928686141968,1.558354377746582,1.247065544128418,0.9522237777709961,0.6124538779258728,0.40012499690055847,0.0,0.3882797062397003,0.5658810138702393,0.8718388676643372,2.3284339904785156,2.5310492515563965,2.589529275894165,2.4774162769317627,2.2196075916290283,1.8309924602508545,1.6312713623046875,1.3241115808486938,1.0879430770874023,0.9229018092155457,0.7341558933258057,0.8830400705337524,0.8944756984710693,1.2546699047088623,1.3934627771377563,2.7615106105804443,2.999748945236206,2.9372856616973877,2.6884429454803467,2.4301881790161133,2.0622241497039795,1.8456660509109497,1.603010892868042,1.4012751579284668,1.3453880548477173,1.1659883260726929,1.393574595451355,1.3420984745025635,1.7299468517303467,1.8048808574676514,3.2214553356170654,3.3100221157073975,3.2096846103668213,2.849174737930298,2.666128396987915,2.302635908126831,2.1987948417663574,1.9594782590866089,1.7995131015777588,1.7729488611221313,1.6032406091690063,1.7850722074508667,1.6253101825714111,1.9773681163787842,1.9984829425811768
B13,3.3764801025390625,3.343257427215576,3.200138568878174,2.9954330921173096,2.6281845569610596,2.462507486343384,2.0945754051208496,1.948567271232605,1.5920817852020264,1.5259201526641846,1.2828530073165894,1.2453795671463013,1.0037031173706055,1.0234135389328003,1.049185037612915,2.8108232021331787,2.971940279006958,3.0190112590789795,2.8180196285247803,2.4718005657196045,2.1661715507507324,1.8535130023956299,1.5698853731155396,1.233262300491333,0.9498281478881836,0.6198664307594299,0.3882797062397003,0.0,0.37348660826683044,0.5720563530921936,2.684816360473633,2.8807427883148193,2.9242711067199707,2.7910492420196533,2.5085771083831787,2.1283557415008545,1.8857579231262207,1.586946964263916,1.2903345823287964,1.095607042312622,0.7867098450660706,0.8497447371482849,0.6931361556053162,1.0548080205917358,1.1198060512542725,2.9322004318237305,3.19293475151062,3.161869525909424,2.92893648147583,2.6423256397247314,2.2796761989593506,2.024761915206909,1.7582969665527344,1.4988372325897217,1.3701496124267578,1.1046388149261475,1.2486836910247803,1.1006627082824707,1.4767872095108032,1.4999336004257202,3.3218955993652344,3.442655086517334,3.3785719871520996,3.0278823375701904,2.8147976398468018,2.4389431476593018,2.3091750144958496,2.0257863998413086,1.842613697052002,1.7349483966827393,1.5372542142868042,1.6375861167907715,1.437067985534668,1.7742336988449097,1.737302303314209
