,A1,A2,A3,A4,A5,A6,A7,A8,A9,A10,A11,A12,A13,A14,A15,B1,B2,B3,B4,B5,B6,B7,B8,B9,B10,B11,B12,B13,B14,B15,C1,C2,C3,C4,C5,C6,C7,C8,C9,C10,C11,C12,C13,C14,C15,D1,D2,D3,D4,D5,D6,D7,D8,D9,D10,D11,D12,D13,D14,D15,E1,E2,E3,E4,E5,E6,E7,E8,E9,E10,E11,E12,E13,E14,E15
A1,0.0,0.3830103874206543,0.5345451235771179,0.7918015122413635,0.897061824798584,1.1811025142669678,1.323216199874878,1.697082281112671,1.9043681621551514,2.266195058822632,2.5266947746276855,2.841491460800171,3.102128028869629,3.2964415550231934,3.529552936553955,1.372516393661499,1.1782420873641968,0.9255929589271545,0.7461352944374084,1.0467134714126587,1.1910769939422607,1.4399518966674805,1.7338699102401733,1.9972158670425415,2.331254005432129,2.5646495819091797,2.9462640285491943,3.13777232170105,3.521760940551758,3.626925230026245,1.6333789825439453,1.52247953414917,1.3048374652862549,1.098193645477295,1.3620885610580444,1.421623706817627,1.6946637630462646,1.9130908250808716,2.187652349472046,2.471835136413574,2.724048376083374,3.062981367111206,3.2551450729370117,3.614365816116333,3.7334134578704834,1.906532645225525,1.7980551719665527,1.6498967409133911,1.4654418230056763,1.720229983329773,1.7418265342712402,2.0187466144561768,2.1960363388061523,2.470902442932129,2.7376108169555664,3.0046401023864746,3.324110746383667,3.5131449699401855,3.78505277633667,3.8503901958465576,2.076906204223633,1.9225150346755981,1.891222357749939,1.8306158781051636,2.089733123779297,2.095560312271118,2.4050350189208984,2.5438308715820312,2.816476583480835,3.0597951412200928,3.3341877460479736,3.6444029808044434,3.892754077911377,4.238790035247803,4.477316856384277
A2,0.3830103874206543,0.0,0.37950339913368225,0.6101029515266418,0.8653088808059692,1.1452364921569824,1.3808764219284058,1.7273309230804443,1.9919805526733398,2.3313064575195312,2.623471975326538,2.9699227809906006,3.2501416206359863,3.4772555828094482,3.7334325313568115,1.7029931545257568,1.4920918941497803,1.1807445287704468,0.923942506313324,1.1913378238677979,1.2893534898757935,1.5938873291015625,1.8351901769638062,2.1409366130828857,2.443772554397583,2.712555408477783,3.079251766204834,3.303919792175293,3.695244312286377,3.834286689758301,1.944887399673462,1.8041648864746094,1.5299856662750244,1.270849347114563,1.5081812143325806,1.541599988937378,1.8520578145980835,2.023711681365967,2.3320767879486084,2.5840659141540527,2.8686625957489014,3.190735101699829,3.414529323577881,3.788142442703247,3.9392104148864746,2.199467658996582,2.0611183643341064,1.8551808595657349,1.6196510791778564,1.8521666526794434,1.8575536012649536,2.1640994548797607,2.304054021835327,2.608644962310791,2.8467063903808594,3.1423676013946533,3.4462785720825195,3.6603188514709473,3.9563565254211426,4.045841217041016,2.376089572906494,2.1850149631500244,2.0926783084869385,1.9772186279296875,2.209223508834839,2.1983275413513184,2.529446601867676,2.639911413192749,2.941391706466675,3.158926248550415,3.4584851264953613,3.7454867362976074,4.015989780426025,4.3563551902771,4.595901012420654
A3,0.5345451235771179,0.37950339913368225,0.0,0.36688733100891113,0.5966984629631042,0.9411587715148926,1.2078578472137451,1.5403990745544434,1.8311305046081543,2.1688239574432373,2.481365919113159,2.828432559967041,3.1033527851104736,3.3271737098693848,3.575420618057251,1.563646912574768,1.3625876903533936,1.00533127784729,0.6748517155647278,0.8839765787124634,0.9758867621421814,1.3181275129318237,1.5472376346588135,1.8797117471694946,2.1758041381835938,2.4695842266082764,2.832939863204956,3.0787758827209473,3.4668164253234863,3.627260446548462,1.781091332435608,1.643305778503418,1.3311233520507812,1.0114465951919556,1.195150375366211,1.2069016695022583,1.5381684303283691,1.6971803903579712,2.027442693710327,2.277012348175049,2.582753896713257,2.9064621925354004,3.1516575813293457,3.5308494567871094,3.7031872272491455,2.015326976776123,1.882383942604065,1.6390336751937866,1.3503234386444092,1.5377534627914429,1.5156420469284058,1.8309201002120972,1.955342173576355,2.2753655910491943,2.5077474117279053,2.8190078735351562,3.123565912246704,3.3582546710968018,3.6650872230529785,3.780951976776123,2.212052345275879,2.015418291091919,1.8789215087890625,1.7116456031799316,1.901841402053833,1.8586595058441162,2.1892430782318115,2.2817535400390625,2.5923666954040527,2.800200939178467,3.1093757152557373,3.388594388961792,3.6693358421325684,4.004162311553955,4.248321533203125
A4,0.7918015122413635,0.6101029515266418,0.36688733100891113,0.0,0.37173932790756226,0.6424475908279419,0.9696499705314636,1.2610161304473877,1.587141752243042,1.8983014822006226,2.229607343673706,2.597069501876831,2.8854284286499023,3.1376583576202393,3.408008575439453,1.7310683727264404,1.5925735235214233,1.2488758563995361,0.8769292235374451,0.9509907960891724,0.8967622518539429,1.2287131547927856,1.3769854307174683,1.7223678827285767,1.9772226810455322,2.2867445945739746,2.6292166709899902,2.8960509300231934,3.2886593341827393,3.4771223068237305,1.9685131311416626,1.8810539245605469,1.5760513544082642,1.2176190614700317,1.3040138483047485,1.2076023817062378,1.5077224969863892,1.585241675376892,1.9127111434936523,2.1117515563964844,2.426300525665283,2.7221601009368896,2.9824411869049072,3.369715690612793,3.566002368927002,2.2075278759002686,2.1177620887756348,1.8744341135025024,1.5491209030151367,1.6624795198440552,1.556779146194458,1.840419888496399,1.8934475183486938,2.2034757137298584,2.387289524078369,2.7014503479003906,2.9756345748901367,3.209760904312134,3.5321545600891113,3.65201735496521,2.4257302284240723,2.2603490352630615,2.116300106048584,1.9123412370681763,2.0435965061187744,1.9322417974472046,2.236050605773926,2.2676925659179688,2.570563316345215,2.733692169189453,3.043281078338623,3.2955148220062256,3.573291301727295,3.914668083190918,4.137789726257324
A5,0.897061824798584,0.8653088808059692,0.5966984629631042,0.37173932790756226,0.0,0.37911322712898254,0.6520158052444458,0.9577440619468689,1.2666281461715698,1.5926393270492554,1.9185048341751099,2.272113561630249,2.55045747756958,2.7903501987457275,3.051936626434326,1.5225130319595337,1.4551854133605957,1.1531931161880493,0.784279465675354,0.733310878276825,0.5753610134124756,0.8727229833602905,1.01547110080719,1.3526159524917603,1.61685311794281,1.9196808338165283,2.2685017585754395,2.5297629833221436,2.921574592590332,3.1075003147125244,1.7724946737289429,1.7487598657608032,1.4810384511947632,1.1160686016082764,1.123454213142395,0.9482138156890869,1.1964612007141113,1.2546504735946655,1.5621415376663208,1.7626936435699463,2.0650832653045654,2.3651750087738037,2.616513729095459,3.002087116241455,3.194594621658325,2.0165915489196777,1.985619068145752,1.7755029201507568,1.4487236738204956,1.5087833404541016,1.3420881032943726,1.5756149291992188,1.606991171836853,1.8886603116989136,2.068006753921509,2.3648483753204346,2.63781476020813,2.8568830490112305,3.1735634803771973,3.2845726013183594,2.2520487308502197,2.1372923851013184,2.020009756088257,1.8184731006622314,1.9168719053268433,1.7603939771652222,2.0233981609344482,2.033020496368408,2.305896759033203,2.461618185043335,2.7515406608581543,3.008110761642456,3.2669217586517334,3.618633270263672,3.8295984268188477
A6,1.1811025142669678,1.1452364921569824,0.9411587715148926,0.6424475908279419,0.37911322712898254,0.0,0.37817496061325073,0.6190035343170166,0.9594287276268005,1.2573256492614746,1.595487117767334,1.9692760705947876,2.2626280784606934,2.5328457355499268,2.8200926780700684,1.7331050634384155,1.7320210933685303,1.4736028909683228,1.1259280443191528,1.0093071460723877,0.7321504354476929,0.9019632339477539,0.9196763634681702,1.2229021787643433,1.4297798871994019,1.7251116037368774,2.0475080013275146,2.31624174118042,2.7119171619415283,2.9161298274993896,2.004063844680786,2.0362048149108887,1.8016688823699951,1.4445455074310303,1.3948479890823364,1.1410160064697266,1.2982712984085083,1.2594380378723145,1.5169148445129395,1.648485779762268,1.932080626487732,2.193213939666748,2.4414210319519043,2.8281919956207275,3.032743215560913,2.2552297115325928,2.273451089859009,2.089397430419922,1.76472806930542,1.7763490676879883,1.5482884645462036,1.7166640758514404,1.6755338907241821,1.9108806848526,2.0311989784240723,2.3050270080566406,2.5368499755859375,2.732347249984741,3.053635597229004,3.1490976810455322,2.5003671646118164,2.428921937942505,2.3313021659851074,2.126932382583618,2.1877288818359375,1.9831360578536987,2.2002575397491455,2.1544864177703857,2.3941850662231445,2.502775192260742,2.772606134414673,3.0022988319396973,3.2399868965148926,3.6012961864471436,3.780225992202759
A7,1.323216199874878,1.3808764219284058,1.2078578472137451,0.9696499705314636,0.6520158052444458,0.37817496061325073,0.0,0.3791995048522949,0.6244948506355286,0.9662904739379883,1.2744070291519165,1.630062222480774,1.9166359901428223,2.1750001907348633,2.459986925125122,1.6308550834655762,1.7092918157577515,1.5269397497177124,1.2369142770767212,1.0777363777160645,0.7698355913162231,0.7681162357330322,0.761811375617981,0.9714756608009338,1.1873633861541748,1.4323680400848389,1.7641799449920654,2.0014004707336426,2.398991584777832,2.581435203552246,1.9220091104507446,2.0245091915130615,1.8542242050170898,1.5357881784439087,1.456138253211975,1.172096848487854,1.2237993478775024,1.1699597835540771,1.345288872718811,1.4695360660552979,1.6986044645309448,1.9568215608596802,2.166234254837036,2.542581796646118,2.7225873470306396,2.1839616298675537,2.2652976512908936,2.1397223472595215,1.8513134717941284,1.8428504467010498,1.5893114805221558,1.68390691280365,1.6331565380096436,1.8018742799758911,1.9150224924087524,2.139216423034668,2.361975908279419,2.512443780899048,2.812131881713867,2.8706417083740234,2.4318044185638428,2.4223244190216064,2.3781895637512207,2.2089948654174805,2.263212203979492,2.0433051586151123,2.210221290588379,2.156912088394165,2.3447890281677246,2.449644088745117,2.6790077686309814,2.9160614013671875,3.1161632537841797,3.490029811859131,3.6473441123962402
A8,1.697082281112671,1.7273309230804443,1.5403990745544434,1.2610161304473877,0.9577440619468689,0.6190035343170166,0.3791995048522949,0.0,0.3860059678554535,0.6421641707420349,0.990889847278595,1.3696553707122803,1.6669257879257202,1.9588302373886108,2.2650322914123535,1.9184268712997437,2.0304853916168213,1.8601043224334717,1.572077989578247,1.3612309694290161,1.008494257926941,0.9331268072128296,0.7588056325912476,0.8989206552505493,0.9936646223068237,1.238158106803894,1.517869234085083,1.780549168586731,2.174118995666504,2.3946502208709717,2.192117691040039,2.3216238021850586,2.158902168273926,1.836713433265686,1.6993582248687744,1.3680408000946045,1.3522571325302124,1.1909074783325195,1.3064579963684082,1.328883409500122,1.5400385856628418,1.739820122718811,1.9596972465515137,2.3363730907440186,2.5458176136016846,2.435075521469116,2.544039487838745,2.4191062450408936,2.119548797607422,2.0551929473876953,1.7539715766906738,1.7933379411697388,1.6633760929107666,1.7855843305587769,1.8218439817428589,2.0239877700805664,2.1928181648254395,2.3294451236724854,2.6388134956359863,2.6996536254882812,2.6887590885162354,2.7013731002807617,2.647430181503296,2.456044912338257,2.459587574005127,2.19425368309021,2.3163530826568604,2.2026751041412354,2.3592209815979004,2.4059295654296875,2.616291046142578,2.813833236694336,2.9966602325439453,3.370668411254883,3.4966647624969482
A9,1.9043681621551514,1.9919805526733398,1.8311305046081543,1.587141752243042,1.2666281461715698,0.9594287276268005,0.6244948506355286,0.3860059678554535,0.0,0.37653225660324097,0.6542295217514038,1.0109182596206665,1.3047592639923096,1.5901976823806763,1.9012746810913086,1.942091941833496,2.1174325942993164,2.014441728591919,1.7786881923675537,1.5601204633712769,1.2262693643569946,1.037438988685608,0.8601380586624146,0.826997697353363,0.8843753337860107,1.016211986541748,1.2844306230545044,1.4938462972640991,1.8853658437728882,2.0776331424713135,2.222163677215576,2.4090638160705566,2.305104970932007,2.02424693107605,1.8773624897003174,1.5482572317123413,1.4481563568115234,1.2868908643722534,1.2927802801132202,1.2895699739456177,1.4059778451919556,1.5806965827941895,1.7377409934997559,2.092017412185669,2.267775535583496,2.4670047760009766,2.6292576789855957,2.5584495067596436,2.2978410720825195,2.224994659423828,1.9193214178085327,1.8945012092590332,1.7635904550552368,1.8083744049072266,1.8299946784973145,1.9619810581207275,2.107865571975708,2.18082857131958,2.456439733505249,2.466442584991455,2.714799165725708,2.783663034439087,2.7791190147399902,2.6237761974334717,2.626042366027832,2.3584327697753906,2.4343209266662598,2.3190855979919434,2.419656276702881,2.4601502418518066,2.620690107345581,2.819687843322754,2.955947160720825,3.337437629699707,3.4355075359344482
A10,2.266195058822632,2.3313064575195312,2.1688239574432373,1.8983014822006226,1.5926393270492554,1.2573256492614746,0.9662904739379883,0.6421641707420349,0.37653225660324097,0.0,0.37183627486228943,0.7643607258796692,1.0733013153076172,1.4081780910491943,1.7474608421325684,2.2898848056793213,2.4794657230377197,2.3795244693756104,2.1394197940826416,1.9030673503875732,1.5540082454681396,1.354691743850708,1.1072224378585815,1.0135831832885742,0.9230672121047974,0.9928436279296875,1.150428056716919,1.361972689628601,1.731259822845459,1.9573184251785278,2.557422161102295,2.7576394081115723,2.6568970680236816,2.372835159301758,2.1997315883636475,1.8523705005645752,1.7222626209259033,1.5010086297988892,1.4529751539230347,1.3496026992797852,1.4149836301803589,1.49753999710083,1.6403264999389648,1.9744327068328857,2.1708319187164307,2.788429021835327,2.966235637664795,2.8958141803741455,2.6291322708129883,2.5256905555725098,2.196918249130249,2.138087034225464,1.9549411535263062,1.9558415412902832,1.9049967527389526,1.9986109733581543,2.075831174850464,2.1164791584014893,2.387218475341797,2.386014223098755,3.036454200744629,3.1195766925811768,3.1094348430633545,2.941087007522583,2.9117724895477295,2.6180260181427,2.6611671447753906,2.502732753753662,2.572706699371338,2.56071400642395,2.6946542263031006,2.850358486175537,2.960325241088867,3.3358161449432373,3.3956432342529297
A11,2.5266947746276855,2.623471975326538,2.481365919113159,2.229607343673706,1.9185048341751099,1.595487117767334,1.2744070291519165,0.990889847278595,0.6542295217514038,0.37183627486228943,0.0,0.40717601776123047,0.7280516028404236,1.0812095403671265,1.4388850927352905,2.4450182914733887,2.6730353832244873,2.618544578552246,2.4122719764709473,2.1793034076690674,1.8479646444320679,1.603306531906128,1.375289797782898,1.1924984455108643,1.0695472955703735,0.9998472332954407,1.0821465253829956,1.2008819580078125,1.5387200117111206,1.7293767929077148,2.7116787433624268,2.948713541030884,2.889486074447632,2.6352109909057617,2.462200880050659,2.124157667160034,1.9510431289672852,1.7409240007400513,1.6224533319473267,1.4992496967315674,1.4680278301239014,1.4980297088623047,1.5562649965286255,1.8411743640899658,1.9951602220535278,2.940061569213867,3.1536452770233154,3.12253475189209,2.885108709335327,2.7798550128936768,2.4546403884887695,2.356750249862671,2.1779913902282715,2.12233567237854,2.0567359924316406,2.0832982063293457,2.12579607963562,2.096571922302246,2.321302890777588,2.261697769165039,3.178554058074951,3.302640676498413,3.3289573192596436,3.187993049621582,3.159569025039673,2.8685672283172607,2.879570245742798,2.7220122814178467,2.7481260299682617,2.7279410362243652,2.8161699771881104,2.964552879333496,3.02846097946167,3.4024252891540527,3.4303886890411377
A12,2.841491460800171,2.9699227809906006,2.828432559967041,2.597069501876831,2.272113561630249,1.9692760705947876,1.630062222480774,1.3696553707122803,1.0109182596206665,0.7643607258796692,0.40717601776123047,0.0,0.3236866593360901,0.689580500125885,1.0583184957504272,2.6071584224700928,2.8737587928771973,2.8657150268554688,2.6976184844970703,2.4546091556549072,2.1413066387176514,1.8519407510757446,1.632669448852539,1.3722034692764282,1.2139596939086914,1.0130330324172974,0.9944872856140137,0.9886895418167114,1.2675272226333618,1.415833592414856,2.855675220489502,3.129284381866455,3.1128830909729004,2.8918402194976807,2.705117702484131,2.3757669925689697,2.153087854385376,1.9475476741790771,1.756348967552185,1.6097683906555176,1.4779834747314453,1.4468823671340942,1.406453013420105,1.6227401494979858,1.7277953624725342,3.067439556121826,3.3189327716827393,3.326380491256714,3.119539499282837,2.9990928173065186,2.675138235092163,2.5286498069763184,2.3486669063568115,2.2292098999023438,2.1433727741241455,2.095121145248413,2.097121238708496,1.9924485683441162,2.1602511405944824,2.040483236312866,3.2940938472747803,3.4612107276916504,3.5185928344726562,3.401289701461792,3.361114025115967,3.069049596786499,3.0366694927215576,2.8750598430633545,2.8486859798431396,2.8149285316467285,2.849536418914795,2.9857418537139893,2.997288465499878,3.36391282081604,3.3573508262634277
A13,3.102128028869629,3.2501416206359863,3.1033527851104736,2.8854284286499023,2.55045747756958,2.2626280784606934,1.9166359901428223,1.6669257879257202,1.3047592639923096,1.0733013153076172,0.7280516028404236,0.3236866593360901,0.0,0.3875352442264557,0.7594776749610901,2.753796339035034,3.044793128967285,3.067930221557617,2.9268720149993896,2.6741414070129395,2.3743860721588135,2.0588903427124023,1.8441224098205566,1.5412194728851318,1.361548900604248,1.0856328010559082,0.9841387271881104,0.8643562197685242,1.0624600648880005,1.1679989099502563,2.9820847511291504,3.279088020324707,3.292133092880249,3.0953803062438965,2.8956124782562256,2.573786735534668,2.3176255226135254,2.1145458221435547,1.8756457567214966,1.7128384113311768,1.5114264488220215,1.4305251836776733,1.3086533546447754,1.4534428119659424,1.5136703252792358,3.1758012771606445,3.4530203342437744,3.486450672149658,3.3016114234924316,3.166416883468628,2.844198703765869,2.66191029548645,2.4799089431762695,2.314044713973999,2.2114017009735107,2.1060779094696045,2.0738985538482666,1.910352110862732,2.0265743732452393,1.8589473962783813,3.392176628112793,3.589151620864868,3.665499448776245,3.563304901123047,3.510197401046753,3.217148542404175,3.150287628173828,2.9843063354492188,2.9172873497009277,2.870832920074463,2.862731695175171,2.9858574867248535,2.9554476737976074,3.3117010593414307,3.277183771133423
A14,3.2964415550231934,3.4772555828094482,3.3271737098693848,3.1376583576202393,2.7903501987457275,2.5328457355499268,2.1750001907348633,1.9588302373886108,1.5901976823806763,1.4081780910491943,1.0812095403671265,0.689580500125885,0.3875352442264557,0.0,0.3751302659511566,2.7955925464630127,3.114689826965332,3.182567834854126,3.0837528705596924,2.8279495239257812,2.55694317817688,2.212575912475586,2.0267040729522705,1.6833397150039673,1.5202834606170654,1.1806145906448364,1.050976276397705,0.7926644086837769,0.8806883096694946,0.8675763607025146,2.9977383613586426,3.3219621181488037,3.377166271209717,3.2189199924468994,3.0132555961608887,2.712467908859253,2.421919107437134,2.244645595550537,1.9599347114562988,1.8137714862823486,1.5449867248535156,1.4511350393295288,1.2321425676345825,1.2867889404296875,1.2549875974655151,3.1697499752044678,3.4768455028533936,3.548414945602417,3.3996214866638184,3.257150888442993,2.94915771484375,2.7306315898895264,2.56740665435791,2.3553619384765625,2.261497974395752,2.0968217849731445,2.0550363063812256,1.8301360607147217,1.875227928161621,1.64223051071167,3.369206666946411,3.6034610271453857,3.710200786590576,3.6364529132843018,3.5788207054138184,3.297123432159424,3.1956167221069336,3.042701005935669,2.9324450492858887,2.892763137817383,2.838287591934204,2.965691089630127,2.891270160675049,3.236762523651123,3.18533992767334
A15,3.529552936553955,3.7334325313568115,3.575420618057251,3.408008575439453,3.051936626434326,2.8200926780700684,2.459986925125122,2.2650322914123535,1.9012746810913086,1.7474608421325684,1.4388850927352905,1.0583184957504272,0.7594776749610901,0.3751302659511566,0.0,2.8960933685302734,3.235058546066284,3.3386995792388916,3.2755651473999023,3.0143978595733643,2.768455982208252,2.4056828022003174,2.239208459854126,1.8720334768295288,1.71694815158844,1.3456721305847168,1.189693808555603,0.8457645773887634,0.7850250601768494,0.6156931519508362,3.0665106773376465,3.410391330718994,3.500368118286133,3.375938892364502,3.1610710620880127,2.8796963691711426,2.5614430904388428,2.4026002883911133,2.0825347900390625,1.9456692934036255,1.6262526512145996,1.5145795345306396,1.2171040773391724,1.1642544269561768,1.0282243490219116,3.2114529609680176,3.542384147644043,3.644767999649048,3.5272634029388428,3.37309193611145,3.0781092643737793,2.8263726234436035,2.6758365631103516,2.4223501682281494,2.330000877380371,2.11079740524292,2.0524919033050537,1.7724456787109375,1.7407044172286987,1.4452526569366455,3.393524646759033,3.658813238143921,3.7874197959899902,3.735711097717285,3.667534112930298,3.3949294090270996,3.258101224899292,3.113056182861328,2.9606430530548096,2.9207513332366943,2.8199217319488525,2.9431357383728027,2.824268341064453,3.1522438526153564,3.080907106399536
B1,1.372516393661499,1.7029931545257568,1.563646912574768,1.7310683727264404,1.5225130319595337,1.7331050634384155,1.6308550834655762,1.9184268712997437,1.942091941833496,2.2898848056793213,2.4450182914733887,2.6071584224700928,2.753796339035034,2.7955925464630127,2.8960933685302734,0.0,0.3740491271018982,0.6815969347953796,0.9418343901634216,0.9527884125709534,1.1810884475708008,1.1207168102264404,1.4878416061401367,1.551308512687683,1.9244893789291382,2.034026861190796,2.4181556701660156,2.5089399814605713,2.8212924003601074,2.8343286514282227,0.3561171889305115,0.5869569182395935,0.7597471475601196,0.8717702031135559,0.9512737393379211,1.089195728302002,1.0940043926239014,1.4500263929367065,1.5525360107421875,1.9282103776931763,2.0576822757720947,2.437161445617676,2.536050796508789,2.8225483894348145,2.8553173542022705,0.6758264303207397,0.8278598189353943,0.9660050272941589,1.0158876180648804,1.1627233028411865,1.2200950384140015,1.284079670906067,1.5822871923446655,1.7075707912445068,2.062180757522583,2.2143893241882324,2.580399513244629,2.708855390548706,2.8892922401428223,2.924504041671753,0.8724477887153625,0.9588810205459595,1.1463279724121094,1.253022313117981,1.4712591171264648,1.4985517263412476,1.6424199342727661,1.8621516227722168,1.9922566413879395,2.3100125789642334,2.4773433208465576,2.847862482070923,3.0200300216674805,3.3529369831085205,3.5970466136932373
B2,1.1782420873641968,1.4920918941497803,1.3625876903533936,1.5925735235214233,1.4551854133605957,1.7320210933685303,1.7092918157577515,2.0304853916168213,2.1174325942993164,2.4794657230377197,2.6730353832244873,2.8737587928771973,3.044793128967285,3.114689826965332,3.235058546066284,0.3740491271018982,0.0,0.39350956678390503,0.7455033659934998,0.8760144710540771,1.189790964126587,1.247614860534668,1.6278795003890991,1.7671626806259155,2.1425015926361084,2.300589084625244,2.689640522003174,2.813730239868164,3.1385560035705566,3.1754777431488037,0.4765141010284424,0.39912787079811096,0.4687690734863281,0.6375349760055542,0.8508785367012024,1.0867303609848022,1.2103004455566406,1.5792452096939087,1.755116581916809,2.1320204734802246,2.310884714126587,2.693974494934082,2.828282117843628,3.1319785118103027,3.189312219619751,0.7379794716835022,0.6949499249458313,0.7425801753997803,0.7992713451385498,1.0528327226638794,1.196362853050232,1.3607233762741089,1.6820183992385864,1.875006914138794,2.236097574234009,2.434460163116455,2.807783842086792,2.9736640453338623,3.176715850830078,3.240856170654297,0.9026409387588501,0.8271844387054443,0.9510664939880371,1.0594481229782104,1.3493329286575317,1.441446304321289,1.6596965789794922,1.9108812808990479,2.0984866619110107,2.4281837940216064,2.6354215145111084,3.0023317337036133,3.20981502532959,3.5311319828033447,3.797017812728882
B3,0.9255929589271545,1.1807445287704468,1.00533127784729,1.2488758563995361,1.1531931161880493,1.4736028909683228,1.5269397497177124,1.8601043224334717,2.014441728591919,2.3795244693756104,2.618544578552246,2.8657150268554688,3.067930221557617,3.182567834854126,3.3386995792388916,0.6815969347953796,0.39350956678390503,0.0,0.3836929500102997,0.6042973399162292,0.9576622247695923,1.1291439533233643,1.497153401374817,1.7153786420822144,2.0811214447021484,2.2968950271606445,2.6865158081054688,2.8589224815368652,3.2054853439331055,3.288863182067871,0.8060001134872437,0.6415414810180664,0.40540003776550293,0.32791370153427124,0.6436046957969666,0.8894674777984619,1.1260242462158203,1.4674822092056274,1.7174253463745117,2.0755977630615234,2.310901641845703,2.6884069442749023,2.869828462600708,3.2031261920928955,3.3055520057678223,1.0258885622024536,0.9005401134490967,0.7573732733726501,0.6338712573051453,0.9195569753646851,1.0472067594528198,1.3026570081710815,1.5911198854446411,1.850022315979004,2.1896300315856934,2.439671754837036,2.8050668239593506,3.0091164112091064,3.251471519470215,3.348154306411743,1.2092561721801758,1.0392799377441406,1.0055186748504639,0.982909619808197,1.2639456987380981,1.327921986579895,1.6123186349868774,1.832922101020813,2.079454183578491,2.3856041431427,2.6383073329925537,2.9847357273101807,3.2276768684387207,3.5503790378570557,3.8214404582977295
B4,0.7461352944374084,0.923942506313324,0.6748517155647278,0.8769292235374451,0.784279465675354,1.1259280443191528,1.2369142770767212,1.572077989578247,1.7786881923675537,2.1394197940826416,2.4122719764709473,2.6976184844970703,2.9268720149993896,3.0837528705596924,3.2755651473999023,0.9418343901634216,0.7455033659934998,0.3836929500102997,0.0,0.37233638763427734,0.6843026876449585,0.9526666402816772,1.286528468132019,1.564529299736023,1.9117803573608398,2.1689293384552,2.5532805919647217,2.762906789779663,3.1287834644317627,3.2515928745269775,1.1216824054718018,1.0044641494750977,0.7158860564231873,0.3959311246871948,0.6162857413291931,0.7375651001930237,1.0436360836029053,1.3190045356750488,1.616729974746704,1.9393671751022339,2.2124669551849365,2.5744307041168213,2.7890067100524902,3.1462512016296387,3.285215139389038,1.3466817140579224,1.2446542978286743,1.0384379625320435,0.7775409817695618,0.9827854633331299,1.0048668384552002,1.2961281538009644,1.5105878114700317,1.8039741516113281,2.1023614406585693,2.3841497898101807,2.7283706665039062,2.9502079486846924,3.2246546745300293,3.336050033569336,1.5544588565826416,1.3886524438858032,1.2892767190933228,1.16202712059021,1.3736364841461182,1.354652762413025,1.6592544317245483,1.8126147985458374,2.089242696762085,2.351735830307007,2.631246328353882,2.9511334896087646,3.211042881011963,3.543379068374634,3.802319288253784
B5,1.0467134714126587,1.1913378238677979,0.8839765787124634,0.9509907960891724,0.733310878276825,1.0093071460723877,1.0777363777160645,1.3612309694290161,1.5601204633712769,1.9030673503875732,2.1793034076690674,2.4546091556549072,2.6741414070129395,2.8279495239257812,3.0143978595733643,0.9527884125709534,0.8760144710540771,0.6042973399162292,0.37233638763427734,0.0,0.37480881810188293,0.6326122879981995,0.9518226981163025,1.2380706071853638,1.5748004913330078,1.8465324640274048,2.2232561111450195,2.448641061782837,2.8105173110961914,2.9546914100646973,1.1159855127334595,1.0829463005065918,0.8274396657943726,0.4797194004058838,0.4172208309173584,0.37879371643066406,0.6887779235839844,0.9478693604469299,1.2566300630569458,1.5748730897903442,1.8597606420516968,2.2196462154388428,2.4488320350646973,2.8108885288238525,2.97017240524292,1.318108320236206,1.2880983352661133,1.0864726305007935,0.7747489809989929,0.8284183144569397,0.7227637767791748,0.9812930226325989,1.15625,1.448938250541687,1.734886884689331,2.022447347640991,2.361737012863159,2.591953992843628,2.8766868114471436,3.004423141479492,1.5574166774749756,1.4421019554138184,1.3248580694198608,1.1410738229751587,1.2533196210861206,1.1381704807281494,1.4040557146072388,1.507711410522461,1.7736566066741943,2.0139811038970947,2.2923200130462646,2.603666067123413,2.8614439964294434,3.1997313499450684,3.44990873336792
B6,1.1910769939422607,1.2893534898757935,0.9758867621421814,0.8967622518539429,0.5753610134124756,0.7321504354476929,0.7698355913162231,1.008494257926941,1.2262693643569946,1.5540082454681396,1.8479646444320679,2.1413066387176514,2.3743860721588135,2.55694317817688,2.768455982208252,1.1810884475708008,1.189790964126587,0.9576622247695923,0.6843026876449585,0.37480881810188293,0.0,0.3826025128364563,0.6225637197494507,0.9536761045455933,1.264900803565979,1.5631818771362305,1.9300824403762817,2.1810126304626465,2.555269479751587,2.730543613433838,1.3794687986373901,1.4151015281677246,1.1929978132247925,0.852399468421936,0.6993502974510193,0.4195362627506256,0.6213996410369873,0.7355189919471741,1.051619291305542,1.3172266483306885,1.6179800033569336,1.955763578414917,2.202641725540161,2.5799527168273926,2.7657361030578613,1.5877761840820312,1.6152492761611938,1.4336591958999634,1.1134767532348633,1.076808214187622,0.8429837226867676,1.0194135904312134,1.0705257654190063,1.3407739400863647,1.5638881921768188,1.85348379611969,2.160078525543213,2.3851280212402344,2.68982195854187,2.816645383834839,1.8400146961212158,1.7714557647705078,1.6621533632278442,1.4550029039382935,1.4960318803787231,1.294270396232605,1.5065410137176514,1.5185350179672241,1.7631454467773438,1.9427515268325806,2.216191291809082,2.4980342388153076,2.7467381954193115,3.0994606018066406,3.321396827697754
B7,1.4399518966674805,1.5938873291015625,1.3181275129318237,1.2287131547927856,0.8727229833602905,0.9019632339477539,0.7681162357330322,0.9331268072128296,1.037438988685608,1.354691743850708,1.603306531906128,1.8519407510757446,2.0588903427124023,2.212575912475586,2.4056828022003174,1.1207168102264404,1.247614860534668,1.1291439533233643,0.9526666402816772,0.6326122879981995,0.3826025128364563,0.0,0.38367101550102234,0.612308919429779,0.9640027284622192,1.220367193222046,1.6012412309646606,1.8261656761169434,2.196962356567383,2.3563172817230225,1.3254307508468628,1.462262511253357,1.3331407308578491,1.0667128562927246,0.8595138192176819,0.5442401170730591,0.4693737328052521,0.5453201532363892,0.7553583979606628,1.0408724546432495,1.2929344177246094,1.6424691677093506,1.8580994606018066,2.227820873260498,2.39615535736084,1.5322052240371704,1.650856614112854,1.546598196029663,1.2838549613952637,1.1948986053466797,0.9150817394256592,0.9439333081245422,0.9591845273971558,1.1322976350784302,1.3495396375656128,1.5862646102905273,1.890626311302185,2.0762457847595215,2.36305570602417,2.46352219581604,1.790668249130249,1.806373119354248,1.7583059072494507,1.5913734436035156,1.5999222993850708,1.3660252094268799,1.4882752895355225,1.4725388288497925,1.6420434713363647,1.809076189994812,2.0338075160980225,2.3226442337036133,2.5306344032287598,2.8980166912078857,3.09728741645813
B8,1.7338699102401733,1.8351901769638062,1.5472376346588135,1.3769854307174683,1.01547110080719,0.9196763634681702,0.761811375617981,0.7588056325912476,0.8601380586624146,1.1072224378585815,1.375289797782898,1.632669448852539,1.8441224098205566,2.0267040729522705,2.239208459854126,1.4878416061401367,1.6278795003890991,1.497153401374817,1.286528468132019,0.9518226981163025,0.6225637197494507,0.38367101550102234,0.0,0.3853166103363037,0.6443989872932434,0.9666128158569336,1.3165981769561768,1.5921396017074585,1.9674181938171387,2.179992437362671,1.6743526458740234,1.8215174674987793,1.6834863424301147,1.399427056312561,1.1469135284423828,0.7802973389625549,0.6400353908538818,0.440464049577713,0.6020062565803528,0.7619127631187439,1.049856185913086,1.3599395751953125,1.6161205768585205,2.0034749507904053,2.219215154647827,1.8553539514541626,1.9881911277770996,1.869724154472351,1.584466814994812,1.432252287864685,1.0912498235702515,1.0550986528396606,0.9219298362731934,1.0483055114746094,1.1581299304962158,1.398025393486023,1.651848316192627,1.8453322649002075,2.161144733428955,2.281160354614258,2.114353895187378,2.140918016433716,2.067966938018799,1.864309310913086,1.8072099685668945,1.5122292041778564,1.5831878185272217,1.4725894927978516,1.6145451068878174,1.7003167867660522,1.9178457260131836,2.159998655319214,2.3619630336761475,2.7343780994415283,2.90510892868042
B9,1.9972158670425415,2.1409366130828857,1.8797117471694946,1.7223678827285767,1.3526159524917603,1.2229021787643433,0.9714756608009338,0.8989206552505493,0.826997697353363,1.0135831832885742,1.1924984455108643,1.3722034692764282,1.5412194728851318,1.6833397150039673,1.8720334768295288,1.551308512687683,1.7671626806259155,1.7153786420822144,1.564529299736023,1.2380706071853638,0.9536761045455933,0.612308919429779,0.3853166103363037,0.0,0.38045835494995117,0.6115148067474365,0.9889533519744873,1.228401780128479,1.6031358242034912,1.7986963987350464,1.7302323579788208,1.9472349882125854,1.8808151483535767,1.6520618200302124,1.3927929401397705,1.0544159412384033,0.7929523587226868,0.5912293791770935,0.4755663573741913,0.5845454931259155,0.7518073916435242,1.069162368774414,1.2746975421905518,1.6538387537002563,1.8484656810760498,1.9003005027770996,2.100607395172119,2.0466737747192383,1.8131115436553955,1.6444543600082397,1.3079187870025635,1.1672813892364502,1.017756700515747,0.9984608888626099,1.0702780485153198,1.2095986604690552,1.4415417909622192,1.5688401460647583,1.8574961423873901,1.937732458114624,2.151015520095825,2.2471134662628174,2.227911949157715,2.0654122829437256,1.9952353239059448,1.6975338459014893,1.6921486854553223,1.5674364566802979,1.6195639371871948,1.6836587190628052,1.830249547958374,2.0701828002929688,2.214446783065796,2.597827434539795,2.73638653755188
B10,2.331254005432129,2.443772554397583,2.1758041381835938,1.9772226810455322,1.61685311794281,1.4297798871994019,1.1873633861541748,0.9936646223068237,0.8843753337860107,0.9230672121047974,1.0695472955703735,1.2139596939086914,1.361548900604248,1.5202834606170654,1.71694815158844,1.9244893789291382,2.1425015926361084,2.0811214447021484,1.9117803573608398,1.5748004913330078,1.264900803565979,0.9640027284622192,0.6443989872932434,0.38045835494995117,0.0,0.38328543305397034,0.6783784627914429,0.9892387390136719,1.3574395179748535,1.6189427375793457,2.087153196334839,2.306546449661255,2.234004020690918,1.9953500032424927,1.712277889251709,1.3582994937896729,1.094118356704712,0.7974233627319336,0.6045597791671753,0.4360103905200958,0.550922691822052,0.770455002784729,1.0197327136993408,1.4128338098526,1.6634477376937866,2.23582124710083,2.4430601596832275,2.380450963973999,2.135368824005127,1.929663896560669,1.5693377256393433,1.3935726881027222,1.1547391414642334,1.0669018030166626,0.9967496395111084,1.0881195068359375,1.2273672819137573,1.3386447429656982,1.6502609252929688,1.7459018230438232,2.4829089641571045,2.5861690044403076,2.5503344535827637,2.365786552429199,2.2508628368377686,1.9198791980743408,1.870163083076477,1.6759694814682007,1.685133934020996,1.6624813079833984,1.7766367197036743,1.955207109451294,2.0738043785095215,2.455254554748535,2.5527830123901367
B11,2.5646495819091797,2.712555408477783,2.4695842266082764,2.2867445945739746,1.9196808338165283,1.7251116037368774,1.4323680400848389,1.238158106803894,1.016211986541748,0.9928436279296875,0.9998472332954407,1.0130330324172974,1.0856328010559082,1.1806145906448364,1.3456721305847168,2.034026861190796,2.300589084625244,2.2968950271606445,2.1689293384552,1.8465324640274048,1.5631818771362305,1.220367193222046,0.9666128158569336,0.6115148067474365,0.38328543305397034,0.0,0.3962332308292389,0.6259563565254211,1.0067254304885864,1.2437307834625244,2.193573236465454,2.460407018661499,2.4429197311401367,2.2451188564300537,1.9733095169067383,1.644396424293518,1.3392207622528076,1.0972208976745605,0.8101793527603149,0.644133448600769,0.48463937640190125,0.6254900693893433,0.7392009496688843,1.110682487487793,1.3225576877593994,2.336738348007202,2.590874671936035,2.5816047191619873,2.3792459964752197,2.1800596714019775,1.838390827178955,1.617478847503662,1.4071086645126343,1.2317734956741333,1.1487499475479126,1.1082613468170166,1.1961504220962524,1.189823865890503,1.4423038959503174,1.4633095264434814,2.5697031021118164,2.7270894050598145,2.7404770851135254,2.5963799953460693,2.488375425338745,2.1720962524414062,2.0807104110717773,1.8995593786239624,1.8416723012924194,1.813317060470581,1.8521969318389893,2.024482250213623,2.072768211364746,2.454145669937134,2.512314796447754
B12,2.9462640285491943,3.079251766204834,2.832939863204956,2.6292166709899902,2.2685017585754395,2.0475080013275146,1.7641799449920654,1.517869234085083,1.2844306230545044,1.150428056716919,1.0821465253829956,0.9944872856140137,0.9841387271881104,1.050976276397705,1.189693808555603,2.4181556701660156,2.689640522003174,2.6865158081054688,2.5532805919647217,2.2232561111450195,1.9300824403762817,1.6012412309646606,1.3165981769561768,0.9889533519744873,0.6783784627914429,0.3962332308292389,0.0,0.38124388456344604,0.7129936218261719,1.038392186164856,2.5627052783966064,2.8348140716552734,2.8203125,2.6222054958343506,2.3350212574005127,2.0010290145874023,1.6918882131576538,1.4169647693634033,1.1151909828186035,0.8469087481498718,0.5937035083770752,0.45412567257881165,0.49891597032546997,0.8432171940803528,1.112898826599121,2.687286615371704,2.950535297393799,2.9424185752868652,2.73919939994812,2.5159385204315186,2.165045976638794,1.9204981327056885,1.6693925857543945,1.4488753080368042,1.2712035179138184,1.1504701375961304,1.1052289009094238,1.0185048580169678,1.2513748407363892,1.2589081525802612,2.913555383682251,3.0824081897735596,3.090195655822754,2.9371209144592285,2.798574686050415,2.4655683040618896,2.3374409675598145,2.1155529022216797,2.013664484024048,1.9171875715255737,1.9040977954864502,2.0091464519500732,2.005556106567383,2.37026309967041,2.3711206912994385
B13,3.13777232170105,3.303919792175293,3.0787758827209473,2.8960509300231934,2.5297629833221436,2.31624174118042,2.0014004707336426,1.780549168586731,1.4938462972640991,1.361972689628601,1.2008819580078125,0.9886895418167114,0.8643562197685242,0.7926644086837769,0.8457645773887634,2.5089399814605713,2.813730239868164,2.8589224815368652,2.762906789779663,2.448641061782837,2.1810126304626465,1.8261656761169434,1.5921396017074585,1.228401780128479,0.9892387390136719,0.6259563565254211,0.38124388456344604,0.0,0.397624135017395,0.667407751083374,2.64837908744812,2.9542906284332275,2.98652720451355,2.825085401535034,2.553236722946167,2.243307113647461,1.912571907043457,1.6870040893554688,1.3528283834457397,1.1442351341247559,0.816920280456543,0.6746033430099487,0.45296522974967957,0.6513949036598206,0.8151825070381165,2.7678699493408203,3.0651793479919434,3.103451728820801,2.939174175262451,2.729612350463867,2.400439977645874,2.133505344390869,1.9219214916229248,1.6630924940109253,1.5171414613723755,1.321824550628662,1.2626065015792847,1.0603526830673218,1.1780327558517456,1.0640186071395874,2.977247476577759,3.1894590854644775,3.2419614791870117,3.128014087677002,3.004640817642212,2.6927602291107178,2.5428428649902344,2.348698854446411,2.206727981567383,2.1291561126708984,2.061894416809082,2.1746621131896973,2.111400842666626,2.4647271633148193,2.436371088027954
