,A1,A2,A3,A4,A5,A6,A7,A8,A9,A10,A11,A12,A13,A14,A15,B1,B2,B3,B4,B5,B6,B7,B8,B9,B10,B11,B12,B13,B14,B15,C1,C2,C3,C4,C5,C6,C7,C8,C9,C10,C11,C12,C13,C14,C15,D1,D2,D3,D4,D5,D6,D7,D8,D9,D10,D11,D12,D13,D14,D15,E1,E2,E3,E4,E5,E6,E7,E8,E9,E10,E11,E12,E13,E14,E15
A1,0.0,0.38001883029937744,0.6437239646911621,0.977485716342926,1.2828083038330078,1.6138101816177368,1.9062409400939941,2.2366578578948975,2.509005546569824,2.850299119949341,3.0503745079040527,3.412322521209717,3.571765899658203,3.8901374340057373,3.8769450187683105,1.3553639650344849,1.2188304662704468,1.2615504264831543,1.371133804321289,1.6919697523117065,1.8971343040466309,2.2446517944335938,2.496570348739624,2.8321352005004883,3.146857976913452,3.396467924118042,3.719613552093506,3.9170663356781006,4.17524528503418,4.230954647064209,1.8050775527954102,1.6738662719726562,1.6826127767562866,1.7029528617858887,1.9984931945800781,2.138134002685547,2.4975292682647705,2.708536386489868,3.066462516784668,3.349245071411133,3.637336015701294,3.9459052085876465,4.192244052886963,4.419774055480957,4.481208324432373,2.2330710887908936,2.0772595405578613,2.0407955646514893,1.9964991807937622,2.2759714126586914,2.3450963497161865,2.705101490020752,2.868488311767578,3.2468299865722656,3.5005669593811035,3.7978155612945557,4.118035793304443,4.360820293426514,4.588144779205322,4.544020652770996,2.5890326499938965,2.4401679039001465,2.407089948654175,2.3309085369110107,2.565643072128296,2.5466654300689697,2.8972301483154297,2.9699466228485107,3.361928701400757,3.5015416145324707,3.7535817623138428,4.0539021492004395,4.083197116851807,4.410347938537598,4.56528377532959
A2,0.38001883029937744,0.0,0.38022729754447937,0.6660605669021606,0.9659918546676636,1.3038057088851929,1.5788363218307495,1.9184006452560425,2.17301344871521,2.514923572540283,2.6978039741516113,3.0641074180603027,3.2090275287628174,3.5326638221740723,3.519286870956421,1.057170033454895,0.887669563293457,0.8855806589126587,1.0052865743637085,1.318960428237915,1.5461103916168213,1.8828729391098022,2.1516454219818115,2.4746363162994385,2.7992544174194336,3.037140130996704,3.3623154163360596,3.553509473800659,3.8092501163482666,3.856865167617798,1.5164748430252075,1.3828383684158325,1.3453553915023804,1.377463936805725,1.6507067680358887,1.8073811531066895,2.155150890350342,2.379629611968994,2.7276744842529297,3.0198049545288086,3.3020455837249756,3.606628656387329,3.8537485599517822,4.070837020874023,4.125199317932129,1.9769481420516968,1.834511399269104,1.75679612159729,1.7244868278503418,1.975663661956787,2.0566413402557373,2.403210401535034,2.5757877826690674,2.9473259449005127,3.207306385040283,3.5075583457946777,3.823230743408203,4.075367450714111,4.286424160003662,4.231265068054199,2.3911330699920654,2.2587997913360596,2.1877336502075195,2.130248546600342,2.3336730003356934,2.3267617225646973,2.66215181350708,2.743497133255005,3.1353888511657715,3.268894910812378,3.5456340312957764,3.834200859069824,3.8823461532592773,4.19580602645874,4.370126247406006
A3,0.6437239646911621,0.38022729754447937,0.0,0.39116328954696655,0.6425452828407288,0.9879918694496155,1.2669355869293213,1.6018457412719727,1.8715344667434692,2.2165966033935547,2.424449920654297,2.781827688217163,2.959704875946045,3.267528772354126,3.2572522163391113,1.1389394998550415,1.0024116039276123,0.8578442335128784,0.946068525314331,1.1763675212860107,1.3649991750717163,1.6912134885787964,1.9292978048324585,2.262873649597168,2.572929620742798,2.8345797061920166,3.140033006668091,3.3625965118408203,3.599717617034912,3.668419599533081,1.6793347597122192,1.5441656112670898,1.4131311178207397,1.4031234979629517,1.6051216125488281,1.711273193359375,2.039275884628296,2.224745035171509,2.578770875930786,2.846843719482422,3.152576208114624,3.435114622116089,3.7100865840911865,3.9115958213806152,3.990114212036133,2.1621315479278564,2.0178043842315674,1.8722795248031616,1.803300380706787,1.9954990148544312,2.0259079933166504,2.348045825958252,2.478236436843872,2.8534183502197266,3.0838794708251953,3.4084389209747314,3.7031331062316895,3.9816648960113525,4.179603099822998,4.142861366271973,2.5991902351379395,2.455869197845459,2.3291516304016113,2.2447268962860107,2.3949196338653564,2.344210386276245,2.6469109058380127,2.686704158782959,3.0713391304016113,3.1632399559020996,3.442068576812744,3.7059943675994873,3.7336153984069824,4.037924766540527,4.235194206237793
A4,0.977485716342926,0.6660605669021606,0.39116328954696655,0.0,0.3791080713272095,0.6469063758850098,0.9622911214828491,1.2718132734298706,1.5589038133621216,1.883788824081421,2.101186752319336,2.4569790363311768,2.6290643215179443,2.945220708847046,2.964268922805786,1.196523666381836,0.9965591430664062,0.7248980402946472,0.679337739944458,0.8568298816680908,0.9898443222045898,1.3263182640075684,1.5473244190216064,1.8914464712142944,2.193730115890503,2.4629600048065186,2.769775867462158,2.9949586391448975,3.239337205886841,3.323896646499634,1.6199958324432373,1.441176176071167,1.2239229679107666,1.1458789110183716,1.293008804321289,1.3546611070632935,1.6740971803665161,1.841292381286621,2.198509693145752,2.458993911743164,2.7701363563537598,3.0497536659240723,3.329526662826538,3.5324952602386475,3.6220600605010986,2.0495970249176025,1.884925365447998,1.6744084358215332,1.5652189254760742,1.7050917148590088,1.6996248960494995,2.0025506019592285,2.1132631301879883,2.4866833686828613,2.7073285579681396,3.038708209991455,3.3256146907806396,3.612800359725952,3.804393768310547,3.7743887901306152,2.4711642265319824,2.314561128616333,2.1331191062927246,2.0310420989990234,2.130777597427368,2.058126926422119,2.3327434062957764,2.3578598499298096,2.735827922821045,2.8118913173675537,3.1020748615264893,3.3534891605377197,3.388983726501465,3.6832475662231445,3.8931326866149902
A5,1.2828083038330078,0.9659918546676636,0.6425452828407288,0.3791080713272095,0.0,0.39211446046829224,0.6244001388549805,0.9688788056373596,1.2293262481689453,1.5762237310409546,1.7892496585845947,2.1423487663269043,2.3351168632507324,2.634220838546753,2.6337759494781494,1.2167688608169556,1.099798321723938,0.7672328948974609,0.7670403718948364,0.7683863043785095,0.8977807760238647,1.1599268913269043,1.3716572523117065,1.6909791231155396,1.992598533630371,2.2623062133789062,2.5456643104553223,2.792497396469116,3.00589656829834,3.08847713470459,1.7155927419662476,1.5877761840820312,1.3210539817810059,1.2722630500793457,1.3172107934951782,1.3675932884216309,1.6241365671157837,1.7704771757125854,2.103551149368286,2.3500401973724365,2.6673970222473145,2.915940284729004,3.2178049087524414,3.387441873550415,3.4820244312286377,2.1912546157836914,2.0683977603912354,1.8239946365356445,1.7369810342788696,1.8078821897506714,1.793709635734558,2.0453193187713623,2.133349895477295,2.486790418624878,2.6866986751556396,3.03205943107605,3.2927780151367188,3.6048367023468018,3.7655465602874756,3.7339186668395996,2.6734158992767334,2.5445845127105713,2.334428548812866,2.2516510486602783,2.3025026321411133,2.2271969318389893,2.458486557006836,2.4660117626190186,2.8259835243225098,2.8654565811157227,3.1708321571350098,3.388596534729004,3.4218974113464355,3.692716121673584,3.9332306385040283
A6,1.6138101816177368,1.3038057088851929,0.9879918694496155,0.6469063758850098,0.39211446046829224,0.0,0.38028261065483093,0.628961980342865,0.9477218389511108,1.255878210067749,1.5100743770599365,1.8482784032821655,2.057983875274658,2.3545725345611572,2.397176504135132,1.5191278457641602,1.3702417612075806,0.9979701638221741,0.8669851422309875,0.7346762418746948,0.6898260712623596,0.9155983924865723,1.0469609498977661,1.3868918418884277,1.6558258533477783,1.953888177871704,2.22333025932312,2.4919748306274414,2.7046892642974854,2.8221967220306396,1.8996869325637817,1.7376443147659302,1.411865472793579,1.2839577198028564,1.2354568243026733,1.1858075857162476,1.3968569040298462,1.4774296283721924,1.8109709024429321,2.0230443477630615,2.35861873626709,2.5901567935943604,2.9093339443206787,3.0763165950775146,3.198836326599121,2.298886775970459,2.1542677879333496,1.856591820716858,1.718781590461731,1.7164596319198608,1.6343050003051758,1.8396146297454834,1.8728702068328857,2.2171998023986816,2.382206916809082,2.7414166927337646,2.980684757232666,3.3086600303649902,3.4608118534088135,3.4505367279052734,2.7358756065368652,2.5877676010131836,2.327854871749878,2.2151126861572266,2.2035698890686035,2.0859549045562744,2.2670726776123047,2.234773635864258,2.5731940269470215,2.5749406814575195,2.880465507507324,3.072859525680542,3.098433017730713,3.3553287982940674,3.612295150756836
A7,1.9062409400939941,1.5788363218307495,1.2669355869293213,0.9622911214828491,0.6244001388549805,0.38028261065483093,0.0,0.38362187147140503,0.6063584089279175,0.9567668437957764,1.1809489727020264,1.524176001548767,1.7424315214157104,2.0256056785583496,2.040797710418701,1.5685080289840698,1.4863581657409668,1.1152606010437012,1.0428073406219482,0.7851191163063049,0.7573980093002319,0.8183630108833313,0.9416924118995667,1.2076143026351929,1.4800785779953003,1.7554409503936768,1.998392105102539,2.277859687805176,2.4543685913085938,2.5562613010406494,1.9672340154647827,1.8597404956817627,1.5175817012786865,1.441677451133728,1.3105528354644775,1.2804080247879028,1.3994723558425903,1.4720659255981445,1.749490737915039,1.951910138130188,2.2737748622894287,2.4692156314849854,2.80025053024292,2.925577163696289,3.0398802757263184,2.394773006439209,2.299213409423828,1.9895652532577515,1.8948832750320435,1.837616205215454,1.7759766578674316,1.9210394620895386,1.9499374628067017,2.2538726329803467,2.4056766033172607,2.763355016708374,2.9749491214752197,3.3190813064575195,3.432682991027832,3.4082436561584473,2.8876028060913086,2.777292013168335,2.5057384967803955,2.4293861389160156,2.3834896087646484,2.2887167930603027,2.4304184913635254,2.402167320251465,2.7155778408050537,2.6940746307373047,3.0167531967163086,3.175370693206787,3.2135255336761475,3.439173698425293,3.722666025161743
A8,2.2366578578948975,1.9184006452560425,1.6018457412719727,1.2718132734298706,0.9688788056373596,0.628961980342865,0.38362187147140503,0.0,0.38318344950675964,0.6412203311920166,0.9415577054023743,1.2475626468658447,1.5027940273284912,1.7683972120285034,1.835679054260254,1.9290074110031128,1.8275930881500244,1.4501687288284302,1.3137840032577515,1.0158272981643677,0.8477802872657776,0.8000379204750061,0.7607078552246094,1.0050766468048096,1.2062135934829712,1.5151771306991577,1.7207942008972168,2.035003185272217,2.196394920349121,2.342749834060669,2.2502386569976807,2.1207916736602783,1.753930687904358,1.6253488063812256,1.4286110401153564,1.306988000869751,1.3474146127700806,1.3247803449630737,1.5733494758605957,1.7149049043655396,2.05226731300354,2.2115087509155273,2.565131664276123,2.6766579151153564,2.8257088661193848,2.611954927444458,2.5010693073272705,2.160444736480713,2.0283308029174805,1.9095885753631592,1.786647915840149,1.868802547454834,1.8307671546936035,2.1055867671966553,2.2052524089813232,2.5725247859954834,2.748778820037842,3.1104719638824463,3.2074592113494873,3.2087864875793457,3.0578627586364746,2.9328460693359375,2.6265766620635986,2.5256805419921875,2.4251720905303955,2.2928056716918945,2.3763856887817383,2.304396152496338,2.58133864402771,2.5120882987976074,2.82700252532959,2.9479291439056396,2.9731578826904297,3.1756093502044678,3.478688955307007
A9,2.509005546569824,2.17301344871521,1.8715344667434692,1.5589038133621216,1.2293262481689453,0.9477218389511108,0.6063584089279175,0.38318344950675964,0.0,0.3822191655635834,0.5979299545288086,0.9220291376113892,1.1747417449951172,1.4312692880630493,1.465519905090332,2.005258798599243,1.9516922235488892,1.5942285060882568,1.5023765563964844,1.1523280143737793,1.0324019193649292,0.8466699123382568,0.8096031546592712,0.8991569876670837,1.093307614326477,1.3426833152770996,1.5127246379852295,1.8248604536056519,1.9426028728485107,2.060776948928833,2.3093338012695312,2.228672742843628,1.8632698059082031,1.7858940362930298,1.5380059480667114,1.455544114112854,1.4112871885299683,1.3982830047607422,1.5634307861328125,1.697971224784851,1.9975824356079102,2.1160261631011963,2.4684574604034424,2.5314176082611084,2.660283088684082,2.680927038192749,2.6175520420074463,2.2774038314819336,2.192197322845459,2.0351784229278564,1.9481993913650513,1.9772133827209473,1.9520049095153809,2.174834966659546,2.2696073055267334,2.619342088699341,2.7686965465545654,3.135758638381958,3.190497636795044,3.168123483657837,3.170647382736206,3.0851519107818604,2.77702260017395,2.717081069946289,2.5944883823394775,2.4971063137054443,2.5513079166412354,2.4989824295043945,2.7507123947143555,2.673668622970581,3.0040547847747803,3.096630334854126,3.1451778411865234,3.3141121864318848,3.6353657245635986
A10,2.850299119949341,2.514923572540283,2.2165966033935547,1.883788824081421,1.5762237310409546,1.255878210067749,0.9567668437957764,0.6412203311920166,0.3822191655635834,0.0,0.3779940903186798,0.6142122149467468,0.9047865271568298,1.1394416093826294,1.250907301902771,2.3510797023773193,2.278574228286743,1.920824408531189,1.786942481994629,1.42487633228302,1.2341417074203491,0.980576753616333,0.8065540790557861,0.780451238155365,0.848187267780304,1.0986225605010986,1.2039310932159424,1.5497381687164307,1.6400548219680786,1.803673267364502,2.5776071548461914,2.4821159839630127,2.1057393550872803,1.9953818321228027,1.7031124830245972,1.5622859001159668,1.4365019798278809,1.3399277925491333,1.433966875076294,1.494625210762024,1.784481167793274,1.8493279218673706,2.217146396636963,2.252775192260742,2.410905122756958,2.8840320110321045,2.81380558013916,2.455148935317993,2.348975658416748,2.140174388885498,2.014233112335205,1.974840760231018,1.8956663608551025,2.065526247024536,2.1071300506591797,2.449742078781128,2.554816722869873,2.9330878257751465,2.959487199783325,2.9549264907836914,3.3294765949249268,3.2390804290771484,2.906219244003296,2.835463523864746,2.665022373199463,2.548241138458252,2.5438930988311768,2.462921142578125,2.668191432952881,2.5504491329193115,2.872786521911621,2.921983003616333,2.9700160026550293,3.104041576385498,3.4432897567749023
A11,3.0503745079040527,2.6978039741516113,2.424449920654297,2.101186752319336,1.7892496585845947,1.5100743770599365,1.1809489727020264,0.9415577054023743,0.5979299545288086,0.3779940903186798,0.0,0.375702440738678,0.5786992907524109,0.8467072248458862,0.9222733974456787,2.3857693672180176,2.3428361415863037,2.013582468032837,1.911171555519104,1.5285590887069702,1.389306664466858,1.067872405052185,0.9506431818008423,0.7724506258964539,0.8443751931190491,0.9642283916473389,1.0401619672775269,1.3468965291976929,1.3975858688354492,1.505738377571106,2.5630393028259277,2.509047508239746,2.145535707473755,2.082723617553711,1.7610872983932495,1.671064853668213,1.4874625205993652,1.4312779903411865,1.4410474300384521,1.51681387424469,1.7416117191314697,1.7771742343902588,2.120649576187134,2.1099305152893066,2.2262370586395264,2.8606739044189453,2.83539080619812,2.486555337905884,2.429094076156616,2.195892810821533,2.1178994178771973,2.040858268737793,1.9966846704483032,2.116844654083252,2.1738460063934326,2.48392391204834,2.5744307041168213,2.9428963661193848,2.9310593605041504,2.88869047164917,3.3374087810516357,3.2877602577209473,2.9613423347473145,2.935316324234009,2.7540621757507324,2.6825907230377197,2.6629443168640137,2.618121385574341,2.8068013191223145,2.703918695449829,3.0429136753082275,3.080352544784546,3.1639556884765625,3.2725601196289062,3.6161949634552
A12,3.412322521209717,3.0641074180603027,2.781827688217163,2.4569790363311768,2.1423487663269043,1.8482784032821655,1.524176001548767,1.2475626468658447,0.9220291376113892,0.6142122149467468,0.375702440738678,0.0,0.39861366152763367,0.52916419506073,0.6872121095657349,2.7547879219055176,2.71734356880188,2.389134407043457,2.2792861461639404,1.8970800638198853,1.7344526052474976,1.4061237573623657,1.232287049293518,1.0024698972702026,0.9360790848731995,0.9945356845855713,0.9290133118629456,1.2545870542526245,1.2139654159545898,1.3584269285202026,2.918421506881714,2.865940570831299,2.5023767948150635,2.428701400756836,2.0935475826263428,1.9762691259384155,1.7548141479492188,1.6449612379074097,1.5909274816513062,1.5874402523040771,1.7771645784378052,1.7332017421722412,2.0786802768707275,2.0124895572662354,2.1516366004943848,3.190284013748169,3.167357921600342,2.813826560974121,2.7479019165039062,2.490156412124634,2.390119791030884,2.269944667816162,2.186148166656494,2.256107807159424,2.2599196434020996,2.551293134689331,2.5883708000183105,2.9609289169311523,2.9106063842773438,2.884126901626587,3.6456446647644043,3.5967323780059814,3.2593765258789062,3.2275681495666504,3.0188238620758057,2.933837413787842,2.8733654022216797,2.804628849029541,2.9514026641845703,2.8115293979644775,3.1334540843963623,3.125527858734131,3.2006382942199707,3.2702887058258057,3.6293509006500244
A13,3.571765899658203,3.2090275287628174,2.959704875946045,2.6290643215179443,2.3351168632507324,2.057983875274658,1.7424315214157104,1.5027940273284912,1.1747417449951172,0.9047865271568298,0.5786992907524109,0.39861366152763367,0.0,0.3778509497642517,0.5810806155204773,2.8061611652374268,2.7647740840911865,2.4636645317077637,2.3517062664031982,1.9667377471923828,1.8214614391326904,1.4550434350967407,1.3112841844558716,0.9865524172782898,0.9129023551940918,0.8132221102714539,0.7194696664810181,0.9582017064094543,0.8949835896492004,0.9784834384918213,2.8690736293792725,2.8333635330200195,2.48477840423584,2.431967258453369,2.07328462600708,1.9828938245773315,1.708656907081604,1.625761866569519,1.4897313117980957,1.498123049736023,1.6090450286865234,1.5450191497802734,1.8488763570785522,1.7477412223815918,1.838971734046936,3.0869100093841553,3.0919930934906006,2.7475175857543945,2.713252544403076,2.427520275115967,2.361330032348633,2.198403835296631,2.1429648399353027,2.158080577850342,2.1776652336120605,2.4269895553588867,2.454198122024536,2.806802988052368,2.724592924118042,2.658491849899292,3.5326037406921387,3.5144665241241455,3.18054461479187,3.184185266494751,2.9579107761383057,2.9126648902893066,2.8297767639160156,2.796361207962036,2.921372890472412,2.802860736846924,3.138942003250122,3.1262247562408447,3.2450554370880127,3.2941346168518066,3.6477229595184326
A14,3.8901374340057373,3.5326638221740723,3.267528772354126,2.945220708847046,2.634220838546753,2.3545725345611572,2.0256056785583496,1.7683972120285034,1.4312692880630493,1.1394416093826294,0.8467072248458862,0.52916419506073,0.3778509497642517,0.0,0.3865223824977875,3.1273036003112793,3.107257604598999,2.8049473762512207,2.7061522006988525,2.320009469985962,2.1744320392608643,1.8163858652114868,1.6540840864181519,1.3440759181976318,1.2189931869506836,1.115038514137268,0.9122527837753296,1.1307728290557861,0.9404260516166687,1.0315130949020386,3.2255825996398926,3.201683521270752,2.85479998588562,2.8052237033843994,2.448946475982666,2.350560426712036,2.0758330821990967,1.9678616523742676,1.8170201778411865,1.7744728326797485,1.863368272781372,1.7345178127288818,2.027574062347412,1.8695889711380005,1.973757028579712,3.4562225341796875,3.4681315422058105,3.125084638595581,3.089414119720459,2.801405906677246,2.724217414855957,2.55039381980896,2.4712090492248535,2.4646427631378174,2.445963144302368,2.6816444396972656,2.665999412536621,3.0174832344055176,2.903348684310913,2.8523921966552734,3.9059884548187256,3.890223979949951,3.5545766353607178,3.5540425777435303,3.320014238357544,3.263432502746582,3.1638123989105225,3.1108531951904297,3.2125244140625,3.0658371448516846,3.3834760189056396,3.3364710807800293,3.4382996559143066,3.4581029415130615,3.822791337966919
A15,3.8769450187683105,3.519286870956421,3.2572522163391113,2.964268922805786,2.6337759494781494,2.397176504135132,2.040797710418701,1.835679054260254,1.465519905090332,1.250907301902771,0.9222733974456787,0.6872121095657349,0.5810806155204773,0.3865223824977875,0.0,3.033684253692627,3.0613996982574463,2.780435562133789,2.7349965572357178,2.35075044631958,2.265202283859253,1.9148503541946411,1.8185547590255737,1.528943419456482,1.4859352111816406,1.386428713798523,1.2441494464874268,1.4249682426452637,1.2381186485290527,1.2257864475250244,3.1864778995513916,3.2061984539031982,2.8771958351135254,2.876513957977295,2.5363965034484863,2.4910104274749756,2.242771625518799,2.1895923614501953,2.06585431098938,2.075894355773926,2.1673572063446045,2.067744493484497,2.3453774452209473,2.1850764751434326,2.2445337772369385,3.4744369983673096,3.5205726623535156,3.1969969272613525,3.1993677616119385,2.9357969760894775,2.899564266204834,2.756542205810547,2.7179176807403564,2.7360637187957764,2.7541615962982178,2.9935801029205322,3.0013129711151123,3.3473875522613525,3.2364892959594727,3.1602299213409424,3.983963966369629,3.993875026702881,3.67887544631958,3.704456090927124,3.4984099864959717,3.467533826828003,3.401064872741699,3.372203826904297,3.501934051513672,3.377870559692383,3.707780361175537,3.6814732551574707,3.785485029220581,3.8205726146698,4.182458877563477
B1,1.3553639650344849,1.057170033454895,1.1389394998550415,1.196523666381836,1.2167688608169556,1.5191278457641602,1.5685080289840698,1.9290074110031128,2.005258798599243,2.3510797023773193,2.3857693672180176,2.7547879219055176,2.8061611652374268,3.1273036003112793,3.033684253692627,0.0,0.3895232081413269,0.6207719445228577,0.9968423843383789,1.1498141288757324,1.533471941947937,1.7048640251159668,2.0673465728759766,2.2523562908172607,2.6246390342712402,2.7514445781707764,3.071545124053955,3.1968653202056885,3.4159817695617676,3.3618555068969727,0.8628416061401367,1.011694312095642,1.0252468585968018,1.321133017539978,1.4794988632202148,1.7967077493667603,2.0270676612854004,2.341766834259033,2.5867836475372314,2.928837537765503,3.137362480163574,3.4178619384765625,3.631946325302124,3.7860376834869385,3.758450508117676,1.547275185585022,1.617600440979004,1.5677990913391113,1.742139220237732,1.9080767631530762,2.1309807300567627,2.392207384109497,2.644275665283203,2.941939115524292,3.243922472000122,3.5110347270965576,3.811499834060669,4.063471794128418,4.2042694091796875,4.069170951843262,2.2190284729003906,2.253063678741455,2.192671298980713,2.3002851009368896,2.453137159347534,2.5721373558044434,2.857501745223999,3.015634536743164,3.382706880569458,3.527632713317871,3.870110273361206,4.125467777252197,4.246785640716553,4.509512901306152,4.7244791984558105
B2,1.2188304662704468,0.887669563293457,1.0024116039276123,0.9965591430664062,1.099798321723938,1.3702417612075806,1.4863581657409668,1.8275930881500244,1.9516922235488892,2.278574228286743,2.3428361415863037,2.71734356880188,2.7647740840911865,3.107257604598999,3.0613996982574463,0.3895232081413269,0.0,0.38258156180381775,0.6892000436782837,0.9336848258972168,1.2958567142486572,1.5189059972763062,1.8760966062545776,2.093470335006714,2.460641860961914,2.6030778884887695,2.9429802894592285,3.0633926391601562,3.315101385116577,3.287119150161743,0.7041367888450623,0.7100135684013367,0.7041080594062805,0.9682753086090088,1.1834758520126343,1.4956375360488892,1.7639697790145874,2.082170009613037,2.349001884460449,2.694408416748047,2.907010316848755,3.2098276615142822,3.415215492248535,3.6000423431396484,3.584972620010376,1.3090951442718506,1.3066478967666626,1.2346848249435425,1.3763127326965332,1.5703884363174438,1.787571907043457,2.073880195617676,2.331277847290039,2.6418371200561523,2.950835704803467,3.2132065296173096,3.5276362895965576,3.7677574157714844,3.930617570877075,3.806802749633789,1.9215214252471924,1.9143201112747192,1.8382304906845093,1.9231760501861572,2.085322141647339,2.198594331741333,2.4972927570343018,2.660417318344116,3.032771348953247,3.192873239517212,3.52803373336792,3.7976386547088623,3.922511339187622,4.194595813751221,4.393898963928223
B3,1.2615504264831543,0.8855806589126587,0.8578442335128784,0.7248980402946472,0.7672328948974609,0.9979701638221741,1.1152606010437012,1.4501687288284302,1.5942285060882568,1.920824408531189,2.013582468032837,2.389134407043457,2.4636645317077637,2.8049473762512207,2.780435562133789,0.6207719445228577,0.38258156180381775,0.0,0.3875488340854645,0.5862894654273987,0.9459885358810425,1.1841245889663696,1.5285491943359375,1.7707598209381104,2.1317195892333984,2.3044705390930176,2.6377053260803223,2.789216995239258,3.0373098850250244,3.0408694744110107,0.9498938322067261,0.8675163984298706,0.6731355786323547,0.824175238609314,0.969220757484436,1.2282522916793823,1.4967597723007202,1.7838913202285767,2.0695595741271973,2.397719621658325,2.6384668350219727,2.930079936981201,3.1632161140441895,3.34486722946167,3.3604085445404053,1.4786089658737183,1.4234551191329956,1.2470896244049072,1.3047277927398682,1.4385906457901,1.5906003713607788,1.8641269207000732,2.0806565284729004,2.4038407802581787,2.687955856323242,2.976085662841797,3.2762324810028076,3.5407779216766357,3.699342966079712,3.599019765853882,2.050485849380493,1.9988888502120972,1.8498468399047852,1.8811646699905396,1.9886488914489746,2.0470235347747803,2.3190407752990723,2.441664457321167,2.811403274536133,2.936842203140259,3.2740871906280518,3.5260958671569824,3.634927988052368,3.901789903640747,4.118088245391846
B4,1.371133804321289,1.0052865743637085,0.946068525314331,0.679337739944458,0.7670403718948364,0.8669851422309875,1.0428073406219482,1.3137840032577515,1.5023765563964844,1.786942481994629,1.911171555519104,2.2792861461639404,2.3517062664031982,2.7061522006988525,2.7349965572357178,0.9968423843383789,0.6892000436782837,0.3875488340854645,0.0,0.3865269720554352,0.6499398946762085,0.9530762434005737,1.2692945003509521,1.547993779182434,1.8913557529449463,2.0854930877685547,2.430549383163452,2.5835554599761963,2.8586106300354004,2.896756887435913,1.0867667198181152,0.8755637407302856,0.573647677898407,0.5297263264656067,0.6730750799179077,0.8749163746833801,1.183891773223877,1.4556986093521118,1.768027663230896,2.089343547821045,2.3415465354919434,2.6479439735412598,2.8803646564483643,3.0879461765289307,3.1256654262542725,1.448338270187378,1.3113552331924438,1.059186339378357,1.0191638469696045,1.1281405687332153,1.228901982307434,1.5158225297927856,1.7163740396499634,2.054962158203125,2.3343725204467773,2.6269659996032715,2.932699680328369,3.1953940391540527,3.370234251022339,3.2889182567596436,1.9169329404830933,1.8116644620895386,1.6072821617126465,1.5875662565231323,1.6619411706924438,1.6850727796554565,1.94932222366333,2.058159351348877,2.4293899536132812,2.5535717010498047,2.887892246246338,3.143908977508545,3.2538881301879883,3.524434804916382,3.73472261428833
B5,1.6919697523117065,1.318960428237915,1.1763675212860107,0.8568298816680908,0.7683863043785095,0.7346762418746948,0.7851191163063049,1.0158272981643677,1.1523280143737793,1.42487633228302,1.5285590887069702,1.8970800638198853,1.9667377471923828,2.320009469985962,2.35075044631958,1.1498141288757324,0.9336848258972168,0.5862894654273987,0.3865269720554352,0.0,0.3887203335762024,0.6022768616676331,0.9449049234390259,1.196812391281128,1.5513724088668823,1.7415988445281982,2.0764849185943604,2.2440555095672607,2.50168514251709,2.5425233840942383,1.259885311126709,1.105096459388733,0.7415453791618347,0.6922910213470459,0.6011424660682678,0.7559038996696472,0.972299337387085,1.2271583080291748,1.5133367776870728,1.8271989822387695,2.0848169326782227,2.364866256713867,2.6186859607696533,2.7977442741394043,2.8426637649536133,1.6155234575271606,1.518839716911316,1.214377522468567,1.1750884056091309,1.1588069200515747,1.2221790552139282,1.4293146133422852,1.596550703048706,1.9092432260513306,2.1658713817596436,2.473001003265381,2.750704050064087,3.039825916290283,3.1821978092193604,3.100496292114258,2.1107380390167236,2.0269899368286133,1.7764966487884521,1.7630901336669922,1.758223056793213,1.7635513544082642,1.9621198177337646,2.0448036193847656,2.389925003051758,2.4724388122558594,2.824265480041504,3.0430543422698975,3.1566410064697266,3.4002463817596436,3.641340494155884
B6,1.8971343040466309,1.5461103916168213,1.3649991750717163,0.9898443222045898,0.8977807760238647,0.6898260712623596,0.7573980093002319,0.8477802872657776,1.0324019193649292,1.2341417074203491,1.389306664466858,1.7344526052474976,1.8214614391326904,2.1744320392608643,2.265202283859253,1.533471941947937,1.2958567142486572,0.9459885358810425,0.6499398946762085,0.3887203335762024,0.0,0.38267782330513,0.6274349689483643,0.9493951201438904,1.2667073011398315,1.5048282146453857,1.8369580507278442,2.0294077396392822,2.3021903038024902,2.3954246044158936,1.5814369916915894,1.3731778860092163,0.9925076365470886,0.7947713136672974,0.6039066314697266,0.5284004807472229,0.7278253436088562,0.8995731472969055,1.2254794836044312,1.5074777603149414,1.7993422746658325,2.077579975128174,2.3515589237213135,2.5467209815979004,2.6326935291290283,1.8239346742630005,1.6746752262115479,1.3235448598861694,1.182500958442688,1.0869253873825073,1.0276662111282349,1.1971909999847412,1.2923815250396729,1.6178144216537476,1.8400906324386597,2.1698081493377686,2.4354984760284424,2.7405524253845215,2.8899354934692383,2.841554641723633,2.215554714202881,2.085881471633911,1.783087968826294,1.7067573070526123,1.6357040405273438,1.5707018375396729,1.7211010456085205,1.7523193359375,2.0837912559509277,2.1316208839416504,2.4802565574645996,2.6839592456817627,2.7862932682037354,3.026034355163574,3.2757699489593506
B7,2.2446517944335938,1.8828729391098022,1.6912134885787964,1.3263182640075684,1.1599268913269043,0.9155983924865723,0.8183630108833313,0.8000379204750061,0.8466699123382568,0.980576753616333,1.067872405052185,1.4061237573623657,1.4550434350967407,1.8163858652114868,1.9148503541946411,1.7048640251159668,1.5189059972763062,1.1841245889663696,0.9530762434005737,0.6022768616676331,0.38267782330513,0.0,0.3774099349975586,0.5983404517173767,0.9492442011833191,1.1546738147735596,1.4854631423950195,1.6751070022583008,1.934909462928772,2.018724203109741,1.7155218124389648,1.5581380128860474,1.1729668378829956,1.0318762063980103,0.7225616574287415,0.6416410803794861,0.6164311170578003,0.7619581818580627,1.0007871389389038,1.2815840244293213,1.5543063879013062,1.8014302253723145,2.0855653285980225,2.24459171295166,2.3231232166290283,1.938686728477478,1.839311122894287,1.4762402772903442,1.3790029287338257,1.1923869848251343,1.1419827938079834,1.1940687894821167,1.2679671049118042,1.5253666639328003,1.7277847528457642,2.0512921810150146,2.283367395401001,2.605175256729126,2.710608720779419,2.646552801132202,2.3552942276000977,2.2642128467559814,1.943719744682312,1.9035791158676147,1.7747764587402344,1.7298359870910645,1.8094338178634644,1.8383241891860962,2.124232053756714,2.1410579681396484,2.5066823959350586,2.667870044708252,2.7904603481292725,2.991170883178711,3.2674098014831543
B8,2.496570348739624,2.1516454219818115,1.9292978048324585,1.5473244190216064,1.3716572523117065,1.0469609498977661,0.9416924118995667,0.7607078552246094,0.8096031546592712,0.8065540790557861,0.9506431818008423,1.232287049293518,1.3112841844558716,1.6540840864181519,1.8185547590255737,2.0673465728759766,1.8760966062545776,1.5285491943359375,1.2692945003509521,0.9449049234390259,0.6274349689483643,0.3774099349975586,0.0,0.3938102424144745,0.6509889364242554,0.9402841329574585,1.2431706190109253,1.4815852642059326,1.7391799688339233,1.889549732208252,2.0796689987182617,1.8996822834014893,1.513974905014038,1.316271185874939,1.0014944076538086,0.7810854315757751,0.6578924059867859,0.5908252596855164,0.8188944458961487,1.0144891738891602,1.3346046209335327,1.550203800201416,1.8717279434204102,2.0293729305267334,2.1619441509246826,2.251030683517456,2.1238696575164795,1.7459322214126587,1.5914411544799805,1.3601319789886475,1.2086000442504883,1.1849749088287354,1.1446533203125,1.3766299486160278,1.5066593885421753,1.8548943996429443,2.0500011444091797,2.3977866172790527,2.4946718215942383,2.4713704586029053,2.597191572189331,2.4767954349517822,2.127650260925293,2.0413403511047363,1.85903799533844,1.750382900238037,1.762223482131958,1.7239947319030762,1.969393014907837,1.9259889125823975,2.2812247276306152,2.404752016067505,2.5088307857513428,2.6913774013519287,2.9874839782714844
B9,2.8321352005004883,2.4746363162994385,2.262873649597168,1.8914464712142944,1.6909791231155396,1.3868918418884277,1.2076143026351929,1.0050766468048096,0.8991569876670837,0.780451238155365,0.7724506258964539,1.0024698972702026,0.9865524172782898,1.3440759181976318,1.528943419456482,2.2523562908172607,2.093470335006714,1.7707598209381104,1.547993779182434,1.196812391281128,0.9493951201438904,0.5983404517173767,0.3938102424144745,0.0,0.3754914700984955,0.5732693076133728,0.8896879553794861,1.1101253032684326,1.3610931634902954,1.496414065361023,2.208195209503174,2.0693888664245605,1.6951959133148193,1.545976996421814,1.1854714155197144,1.0167795419692993,0.7558311820030212,0.6773718595504761,0.6967875361442566,0.8691384196281433,1.125120997428894,1.2923823595046997,1.6129534244537354,1.7219412326812744,1.83580482006073,2.3489649295806885,2.267892599105835,1.8947699069976807,1.788511872291565,1.5059430599212646,1.394079566001892,1.2755985260009766,1.238569736480713,1.3653513193130493,1.4750325679779053,1.7878338098526,1.940929651260376,2.292301654815674,2.334284782409668,2.2829976081848145,2.7087483406066895,2.6293392181396484,2.2772622108459473,2.2345035076141357,2.0167078971862793,1.9476715326309204,1.905226469039917,1.8864659070968628,2.0790467262268066,2.021531105041504,2.385774850845337,2.467252016067505,2.602846384048462,2.738481044769287,3.051393985748291
B10,3.146857976913452,2.7992544174194336,2.572929620742798,2.193730115890503,1.992598533630371,1.6558258533477783,1.4800785779953003,1.2062135934829712,1.093307614326477,0.848187267780304,0.8443751931190491,0.9360790848731995,0.9129023551940918,1.2189931869506836,1.4859352111816406,2.6246390342712402,2.460641860961914,2.1317195892333984,1.8913557529449463,1.5513724088668823,1.2667073011398315,0.9492442011833191,0.6509889364242554,0.3754914700984955,0.0,0.3790062367916107,0.611876904964447,0.8931789398193359,1.1332221031188965,1.3525593280792236,2.5695858001708984,2.4174838066101074,2.0447371006011963,1.8657983541488647,1.5069189071655273,1.282244324684143,0.9905082583427429,0.7768256068229675,0.6818745136260986,0.6754290461540222,0.9370611310005188,1.0239880084991455,1.3850765228271484,1.471901774406433,1.6462132930755615,2.6675350666046143,2.571648359298706,2.1936581134796143,2.056812047958374,1.7484755516052246,1.5815483331680298,1.3988791704177856,1.2708231210708618,1.3237487077713013,1.3383512496948242,1.6464625597000122,1.7362933158874512,2.107815742492676,2.1207292079925537,2.106764316558838,2.9711456298828125,2.8763797283172607,2.5081381797790527,2.4393954277038574,2.1812219619750977,2.0745198726654053,1.966421365737915,1.8971909284591675,2.0274012088775635,1.9104641675949097,2.254591703414917,2.2815163135528564,2.408128261566162,2.5049781799316406,2.838223934173584
B11,3.396467924118042,3.037140130996704,2.8345797061920166,2.4629600048065186,2.2623062133789062,1.953888177871704,1.7554409503936768,1.5151771306991577,1.3426833152770996,1.0986225605010986,0.9642283916473389,0.9945356845855713,0.8132221102714539,1.115038514137268,1.386428713798523,2.7514445781707764,2.6030778884887695,2.3044705390930176,2.0854930877685547,1.7415988445281982,1.5048282146453857,1.1546738147735596,0.9402841329574585,0.5732693076133728,0.3790062367916107,0.0,0.37193676829338074,0.5426156520843506,0.8193041682243347,1.0017249584197998,2.6220455169677734,2.500645637512207,2.148582696914673,2.008760690689087,1.6307181119918823,1.4589847326278687,1.1127070188522339,0.9607561826705933,0.7188135385513306,0.7131781578063965,0.8133134841918945,0.8451562523841858,1.1646697521209717,1.196603775024414,1.3233098983764648,2.677311897277832,2.620926856994629,2.2576475143432617,2.1668167114257812,1.8311222791671753,1.71595299243927,1.480411410331726,1.3944374322891235,1.3568540811538696,1.3818737268447876,1.622441053390503,1.6829183101654053,2.0321240425109863,1.9914525747299194,1.928472876548767,2.9818267822265625,2.9271252155303955,2.566344738006592,2.5434651374816895,2.268296957015991,2.2127881050109863,2.077371835708618,2.0506248474121094,2.14518141746521,2.047691583633423,2.397712230682373,2.4053635597229004,2.57438588142395,2.634934425354004,2.964531183242798
B12,3.719613552093506,3.3623154163360596,3.140033006668091,2.769775867462158,2.5456643104553223,2.22333025932312,1.998392105102539,1.7207942008972168,1.5127246379852295,1.2039310932159424,1.0401619672775269,0.9290133118629456,0.7194696664810181,0.9122527837753296,1.2441494464874268,3.071545124053955,2.9429802894592285,2.6377053260803223,2.430549383163452,2.0764849185943604,1.8369580507278442,1.4854631423950195,1.2431706190109253,0.8896879553794861,0.611876904964447,0.37193676829338074,0.0,0.39267152547836304,0.532071053981781,0.8182510733604431,2.974153518676758,2.8651273250579834,2.512458562850952,2.3764443397521973,1.9994689226150513,1.8192453384399414,1.4778486490249634,1.2912944555282593,1.0360625982284546,0.9169269800186157,0.9588961005210876,0.8344879150390625,1.158039927482605,1.0891239643096924,1.2588659524917603,3.0385525226593018,2.99005126953125,2.6285011768341064,2.535749912261963,2.196967840194702,2.0668351650238037,1.8153166770935059,1.6906225681304932,1.6102626323699951,1.56294584274292,1.774530053138733,1.7584953308105469,2.1096503734588623,2.015927314758301,1.9767578840255737,3.3406834602355957,3.2884700298309326,2.925532102584839,2.896601915359497,2.6087098121643066,2.537118434906006,2.372408628463745,2.3156590461730957,2.367349863052368,2.2254624366760254,2.547726631164551,2.501455068588257,2.6538305282592773,2.669208288192749,3.0166666507720947
B13,3.9170663356781006,3.553509473800659,3.3625965118408203,2.9949586391448975,2.792497396469116,2.4919748306274414,2.277859687805176,2.035003185272217,1.8248604536056519,1.5497381687164307,1.3468965291976929,1.2545870542526245,0.9582017064094543,1.1307728290557861,1.4249682426452637,3.1968653202056885,3.0633926391601562,2.789216995239258,2.5835554599761963,2.2440555095672607,2.0294077396392822,1.6751070022583008,1.4815852642059326,1.1101253032684326,0.8931789398193359,0.5426156520843506,0.39267152547836304,0.0,0.3777677118778229,0.5830081105232239,3.0040342807769775,2.9073410034179688,2.580432176589966,2.463261604309082,2.082228183746338,1.9332842826843262,1.5625478029251099,1.417803406715393,1.0864275693893433,0.987737774848938,0.8741123676300049,0.7134829759597778,0.9267103672027588,0.8017493486404419,0.8973146080970764,3.000497341156006,2.97566294670105,2.6328651905059814,2.5701565742492676,2.212477922439575,2.1195242404937744,1.827494502067566,1.738868236541748,1.5853371620178223,1.5562770366668701,1.6912540197372437,1.6582367420196533,1.9675886631011963,1.8306571245193481,1.7360073328018188,3.2706475257873535,3.248075485229492,2.894850730895996,2.901193141937256,2.598353624343872,2.570594310760498,2.381404161453247,2.365969657897949,2.3860793113708496,2.2751002311706543,2.600370407104492,2.550198793411255,2.749326229095459,2.7412545680999756,3.070690393447876
