,A1,A2,A3,A4,A5,A6,A7,A8,A9,A10,A11,A12,A13,A14,A15,B1,B2,B3,B4,B5,B6,B7,B8,B9,B10,B11,B12,B13,B14,B15,C1,C2,C3,C4,C5,C6,C7,C8,C9,C10,C11,C12,C13,C14,C15,D1,D2,D3,D4,D5,D6,D7,D8,D9,D10,D11,D12,D13,D14,D15,E1,E2,E3,E4,E5,E6,E7,E8,E9,E10,E11,E12,E13,E14,E15
A1,0.0,0.3753582835197449,0.6593199372291565,0.9742795825004578,1.2743102312088013,1.6001466512680054,1.8905714750289917,2.230989456176758,2.517285108566284,2.8522908687591553,3.0553319454193115,3.420403242111206,3.604968309402466,3.9180681705474854,3.959489345550537,1.5447454452514648,1.2737022638320923,1.2817966938018799,1.2946892976760864,1.6521062850952148,1.837834358215332,2.1825954914093018,2.437289237976074,2.77060604095459,3.0364840030670166,3.3060808181762695,3.626072406768799,3.8688504695892334,4.150132179260254,4.15949821472168,1.6919926404953003,1.5146645307540894,1.5246741771697998,1.495405912399292,1.8391841650009155,1.9727987051010132,2.3314473628997803,2.5532004833221436,2.9027349948883057,3.1444389820098877,3.442373752593994,3.7297275066375732,4.020566463470459,4.2692766189575195,4.243794918060303,1.9993269443511963,1.8256267309188843,1.796634316444397,1.711064338684082,2.037040948867798,2.0987257957458496,2.4689865112304688,2.6426260471343994,3.013767957687378,3.2376818656921387,3.5209808349609375,3.8177380561828613,4.13292121887207,4.3556132316589355,4.353387355804443,2.309467077255249,2.1484498977661133,2.0617964267730713,1.9091002941131592,2.1807000637054443,2.1265361309051514,2.4979631900787354,2.589211940765381,2.943878412246704,3.133965492248535,3.245089054107666,3.5757088661193848,3.534637689590454,3.9113385677337646,3.9696011543273926
A2,0.3753582835197449,0.0,0.38659316301345825,0.6568087339401245,0.953671932220459,1.2776639461517334,1.5604547262191772,1.9073933362960815,2.179506540298462,2.519148349761963,2.7043776512145996,3.071197986602783,3.2502269744873047,3.5590455532073975,3.591215133666992,1.261696219444275,0.9768645167350769,0.9246644377708435,0.9333391189575195,1.280842900276184,1.4816709756851196,1.8169053792953491,2.08308482170105,2.408940315246582,2.682971477508545,2.9548377990722656,3.2707395553588867,3.5246047973632812,3.7964560985565186,3.798295021057129,1.4503380060195923,1.281643271446228,1.2277259826660156,1.2041288614273071,1.5203704833984375,1.6613792181015015,2.0082619190216064,2.2334213256835938,2.5803158283233643,2.822089433670044,3.1321287155151367,3.404832601547241,3.708117723464966,3.943105936050415,3.909003257751465,1.8184142112731934,1.6623156070709229,1.575538158416748,1.4994823932647705,1.791833758354187,1.852730393409729,2.2112300395965576,2.381732940673828,2.7567741870880127,2.973515033721924,3.277998208999634,3.5550906658172607,3.884918451309204,4.08664083480835,4.072281360626221,2.1862332820892334,2.0474905967712402,1.9162507057189941,1.7867581844329834,2.0243494510650635,1.9698922634124756,2.33258318901062,2.4177749156951904,2.786557912826538,2.9577012062072754,3.1028409004211426,3.4234299659729004,3.396864652633667,3.768420696258545,3.8599376678466797
A3,0.6593199372291565,0.38659316301345825,0.0,0.3816971480846405,0.6183107495307922,0.9577233791351318,1.2350913286209106,1.5767154693603516,1.8639636039733887,2.198331117630005,2.4135549068450928,2.775178909301758,2.975348711013794,3.2873589992523193,3.3491179943084717,1.398464322090149,1.1331570148468018,0.944767951965332,0.8814876079559326,1.1600250005722046,1.301552176475525,1.6360989809036255,1.8587980270385742,2.2074313163757324,2.4499690532684326,2.7471587657928467,3.0476794242858887,3.3033463954925537,3.582897901535034,3.6102378368377686,1.6529922485351562,1.4835271835327148,1.3321270942687988,1.243755578994751,1.4992945194244385,1.5654066801071167,1.9039232730865479,2.0759787559509277,2.4412972927093506,2.643251419067383,2.971954822540283,3.2323951721191406,3.5278308391571045,3.7686564922332764,3.7580299377441406,2.0439085960388184,1.8756568431854248,1.7157025337219238,1.5882973670959473,1.8238658905029297,1.812870979309082,2.156383752822876,2.2713215351104736,2.659241199493408,2.8342831134796143,3.15519642829895,3.4209601879119873,3.7470998764038086,3.946575164794922,3.9532713890075684,2.4107401371002197,2.2545852661132812,2.063999652862549,1.9011929035186768,2.077577590942383,1.9600756168365479,2.29390287399292,2.320598840713501,2.6892383098602295,2.8140554428100586,2.9539754390716553,3.2510132789611816,3.197044849395752,3.5635886192321777,3.675779104232788
A4,0.9742795825004578,0.6568087339401245,0.3816971480846405,0.0,0.3956232964992523,0.6372264623641968,0.9691782593727112,1.280231237411499,1.584409475326538,1.899638295173645,2.1047847270965576,2.470540761947632,2.644327402114868,2.9685301780700684,3.03532075881958,1.3854405879974365,1.1000709533691406,0.8293153643608093,0.6348130106925964,0.8702834844589233,0.9435617923736572,1.2931336164474487,1.4963396787643433,1.8524502515792847,2.088228940963745,2.3784093856811523,2.6853208541870117,2.930823802947998,3.2169978618621826,3.252568006515503,1.5840685367584229,1.387038230895996,1.1521762609481812,0.9960683584213257,1.1969678401947021,1.2134530544281006,1.5455689430236816,1.69929039478302,2.0682475566864014,2.2628464698791504,2.5929737091064453,2.8527846336364746,3.1465225219726562,3.389000177383423,3.3843841552734375,1.9386494159698486,1.755837321281433,1.5285335779190063,1.3677706718444824,1.5457353591918945,1.4966262578964233,1.8222135305404663,1.9166620969772339,2.3058440685272217,2.468843460083008,2.799373149871826,3.0545525550842285,3.384885549545288,3.5760552883148193,3.5831825733184814,2.288872003555298,2.127593994140625,1.8844457864761353,1.7196834087371826,1.8393337726593018,1.7017204761505127,2.0109474658966064,2.0213263034820557,2.393803119659424,2.5001420974731445,2.6655640602111816,2.952848434448242,2.916360855102539,3.2759759426116943,3.4126784801483154
A5,1.2743102312088013,0.953671932220459,0.6183107495307922,0.3956232964992523,0.0,0.3858017921447754,0.6169713735580444,0.9663451910018921,1.245900273323059,1.5821689367294312,1.8011400699615479,2.159935712814331,2.3729546070098877,2.681546926498413,2.760009288787842,1.4545402526855469,1.248928427696228,0.9071744084358215,0.7663018107414246,0.8282981514930725,0.8798447251319885,1.1601970195770264,1.3328074216842651,1.6866072416305542,1.9003653526306152,2.2253382205963135,2.498875141143799,2.7709672451019287,3.0416226387023926,3.0831520557403564,1.7625229358673096,1.625894546508789,1.3488011360168457,1.225471019744873,1.3256735801696777,1.308257818222046,1.5810726881027222,1.6859118938446045,2.049138069152832,2.201528310775757,2.5590407848358154,2.779461622238159,3.080540180206299,3.3035502433776855,3.3030483722686768,2.187910556793213,2.0448169708251953,1.7876040935516357,1.648007869720459,1.7614880800247192,1.684340476989746,1.9640229940414429,2.0123291015625,2.3967692852020264,2.514693260192871,2.869917631149292,3.0903024673461914,3.4259426593780518,3.5907084941864014,3.599313259124756,2.584256172180176,2.449171781539917,2.1867048740386963,2.040883779525757,2.116567850112915,1.9603959321975708,2.2303407192230225,2.1977474689483643,2.562636613845825,2.616354465484619,2.792079448699951,3.044684410095215,2.9895122051239014,3.333662271499634,3.504061222076416
A6,1.6001466512680054,1.2776639461517334,0.9577233791351318,0.6372264623641968,0.3858017921447754,0.0,0.3908928334712982,0.6449223756790161,0.9691047072410583,1.2661446332931519,1.4927160739898682,1.85245680809021,2.0414934158325195,2.3682503700256348,2.4695003032684326,1.6502336263656616,1.4448434114456177,1.0789252519607544,0.848155677318573,0.7804608941078186,0.6620485782623291,0.9139038920402527,1.0038094520568848,1.37628972530365,1.554172158241272,1.8820658922195435,2.153838634490967,2.410731792449951,2.6941897869110107,2.7591867446899414,1.8922431468963623,1.7365069389343262,1.4053664207458496,1.221038579940796,1.2247629165649414,1.109867811203003,1.3376110792160034,1.3766632080078125,1.741206407546997,1.8572551012039185,2.2192511558532715,2.431950807571411,2.722623586654663,2.9511566162109375,2.969897508621216,2.2590596675872803,2.1023380756378174,1.7937874794006348,1.6200107336044312,1.6531904935836792,1.5132471323013306,1.7452125549316406,1.7395826578140259,2.115856647491455,2.197016716003418,2.5607662200927734,2.7632017135620117,3.095597267150879,3.2518367767333984,3.2717344760894775,2.6159558296203613,2.4718785285949707,2.165649175643921,2.012936592102051,2.018043041229248,1.8300813436508179,2.04834246635437,1.9760595560073853,2.3281946182250977,2.3423349857330322,2.5347840785980225,2.762612819671631,2.714299440383911,3.043886661529541,3.241834878921509
A7,1.8905714750289917,1.5604547262191772,1.2350913286209106,0.9691782593727112,0.6169713735580444,0.3908928334712982,0.0,0.38933590054512024,0.6298961639404297,0.9727705717086792,1.2010383605957031,1.55177903175354,1.7902164459228516,2.089824914932251,2.194411039352417,1.747251033782959,1.6183431148529053,1.238049864768982,1.0887778997421265,0.902839720249176,0.8061610460281372,0.9019129276275635,0.948148250579834,1.274943232536316,1.4251692295074463,1.7840875387191772,2.006135940551758,2.2982430458068848,2.5505828857421875,2.611372232437134,2.0698375701904297,1.9736851453781128,1.6342843770980835,1.5057533979415894,1.443421483039856,1.3384617567062378,1.4839138984680176,1.4843595027923584,1.8108235597610474,1.883452296257019,2.263110637664795,2.4207820892333984,2.7206382751464844,2.9147605895996094,2.9275052547454834,2.495492458343506,2.3826100826263428,2.0681416988372803,1.933410882949829,1.9279471635818481,1.7954379320144653,1.9780837297439575,1.9461013078689575,2.2979493141174316,2.340254545211792,2.719459056854248,2.877624988555908,3.213808298110962,3.3332502841949463,3.3443124294281006,2.898202419281006,2.786787271499634,2.480297565460205,2.357642650604248,2.3439934253692627,2.1650633811950684,2.3541269302368164,2.2637197971343994,2.600816249847412,2.575021505355835,2.7791640758514404,2.9721453189849854,2.9158883094787598,3.2226881980895996,3.4507625102996826
A8,2.230989456176758,1.9073933362960815,1.5767154693603516,1.280231237411499,0.9663451910018921,0.6449223756790161,0.38933590054512024,0.0,0.3834714889526367,0.6307339668273926,0.9095358848571777,1.2463929653167725,1.4770488739013672,1.7940378189086914,1.9460924863815308,2.0712971687316895,1.9410840272903442,1.5621143579483032,1.3702452182769775,1.1368463039398193,0.9232743978500366,0.9246759414672852,0.8079403042793274,1.1125282049179077,1.1682206392288208,1.5359954833984375,1.728115200996399,2.000541925430298,2.263437509536743,2.3635647296905518,2.3445017337799072,2.233879327774048,1.8720052242279053,1.7039251327514648,1.577105164527893,1.390881061553955,1.4646756649017334,1.3682323694229126,1.6674302816390991,1.6669604778289795,2.043558120727539,2.1745412349700928,2.4505982398986816,2.646526575088501,2.6907877922058105,2.7174072265625,2.592241048812866,2.2491509914398193,2.08738374710083,2.0189156532287598,1.8306949138641357,1.9522991180419922,1.8516309261322021,2.1748971939086914,2.1580569744110107,2.536236524581909,2.664458751678467,2.985762119293213,3.0921475887298584,3.1236088275909424,3.077786445617676,2.9557955265045166,2.620460271835327,2.487722396850586,2.4148614406585693,2.2058753967285156,2.3349204063415527,2.1964449882507324,2.502152442932129,2.422419786453247,2.6290621757507324,2.780620574951172,2.7187349796295166,2.9992964267730713,3.255786180496216
A9,2.517285108566284,2.179506540298462,1.8639636039733887,1.584409475326538,1.245900273323059,0.9691047072410583,0.6298961639404297,0.3834714889526367,0.0,0.383810818195343,0.6024785041809082,0.9314906597137451,1.2117931842803955,1.4889074563980103,1.6281789541244507,2.1593539714813232,2.09081768989563,1.7188332080841064,1.583497166633606,1.2854965925216675,1.1155829429626465,0.9875555634498596,0.8527392745018005,1.0386452674865723,1.0648744106292725,1.4384163618087769,1.5659373998641968,1.8788398504257202,2.091594934463501,2.1719532012939453,2.4707303047180176,2.4108667373657227,2.0492212772369385,1.9322164058685303,1.7575820684432983,1.6035455465316772,1.605395793914795,1.5005170106887817,1.7361646890640259,1.7072631120681763,2.0840067863464355,2.1504952907562256,2.438812255859375,2.5845606327056885,2.608227252960205,2.878815174102783,2.796813488006592,2.4534575939178467,2.3349802494049072,2.237126111984253,2.0761513710021973,2.155350923538208,2.0543954372406006,2.3426051139831543,2.3048884868621826,2.6890902519226074,2.768646001815796,3.094982385635376,3.1553046703338623,3.1635167598724365,3.2767155170440674,3.191383123397827,2.861463785171509,2.7668709754943848,2.684619665145874,2.5027761459350586,2.6143243312835693,2.483924627304077,2.777292013168335,2.6795148849487305,2.9064810276031494,3.033055067062378,2.984409809112549,3.240067720413208,3.5207786560058594
A10,2.8522908687591553,2.519148349761963,2.198331117630005,1.899638295173645,1.5821689367294312,1.2661446332931519,0.9727705717086792,0.6307339668273926,0.383810818195343,0.0,0.3767050802707672,0.6385881304740906,0.9159793257713318,1.2072374820709229,1.4152348041534424,2.5029096603393555,2.427521228790283,2.05918288230896,1.8935948610305786,1.5854744911193848,1.3558473587036133,1.1847416162490845,0.9349604249000549,1.038644552230835,0.927970290184021,1.2795406579971313,1.343538522720337,1.6268805265426636,1.839171290397644,1.9661214351654053,2.7715375423431396,2.6981985569000244,2.3261051177978516,2.1809945106506348,1.9693034887313843,1.7629917860031128,1.7062489986419678,1.5223275423049927,1.7056641578674316,1.5953739881515503,1.9488749504089355,1.9724177122116089,2.2260303497314453,2.363332509994507,2.4209585189819336,3.1323277950286865,3.040008068084717,2.6799020767211914,2.5420007705688477,2.3988077640533447,2.199409246444702,2.22322416305542,2.065708875656128,2.3114261627197266,2.214369535446167,2.5851550102233887,2.6260759830474854,2.9298760890960693,2.9698452949523926,2.997375249862671,3.490560531616211,3.3969290256500244,3.048213243484497,2.9468116760253906,2.818835735321045,2.617582082748413,2.6754796504974365,2.508074998855591,2.76338267326355,2.616875410079956,2.841762065887451,2.922818660736084,2.8717639446258545,3.0926828384399414,3.3985979557037354
A11,3.0553319454193115,2.7043776512145996,2.4135549068450928,2.1047847270965576,1.8011400699615479,1.4927160739898682,1.2010383605957031,0.9095358848571777,0.6024785041809082,0.3767050802707672,0.0,0.37076571583747864,0.6159275770187378,0.8916131854057312,1.0533517599105835,2.5151302814483643,2.4767253398895264,2.1287927627563477,1.9888993501663208,1.638068437576294,1.4298584461212158,1.1675406694412231,0.9210354685783386,0.8775098323822021,0.7465571165084839,1.0641955137252808,1.073444128036499,1.4019993543624878,1.5598589181900024,1.6490110158920288,2.7633256912231445,2.7233755588531494,2.354642629623413,2.2463934421539307,1.9862221479415894,1.808815598487854,1.6822539567947388,1.5059131383895874,1.614345908164978,1.4985471963882446,1.8382790088653564,1.8041927814483643,2.0796282291412354,2.1619017124176025,2.1826090812683105,3.1170504093170166,3.0609710216522217,2.7011234760284424,2.60379958152771,2.425184488296509,2.2583281993865967,2.23702073097229,2.0949671268463135,2.2996292114257812,2.2023606300354004,2.5732758045196533,2.569575548171997,2.884521722793579,2.876819133758545,2.865861654281616,3.4883995056152344,3.4309732913970947,3.0886309146881104,3.0310490131378174,2.8901374340057373,2.727966547012329,2.769536256790161,2.629711866378784,2.876373052597046,2.7344682216644287,2.9925878047943115,3.0663719177246094,3.0553781986236572,3.2586348056793213,3.5798819065093994
A12,3.420403242111206,3.071197986602783,2.775178909301758,2.470540761947632,2.159935712814331,1.85245680809021,1.55177903175354,1.2463929653167725,0.9314906597137451,0.6385881304740906,0.37076571583747864,0.0,0.4045712351799011,0.5852704644203186,0.8289951086044312,2.8537304401397705,2.8324408531188965,2.4894988536834717,2.357065439224243,2.0013110637664795,1.7927768230438232,1.5154645442962646,1.253216028213501,1.1419862508773804,0.9323811531066895,1.1631081104278564,1.049351453781128,1.3486827611923218,1.4449100494384766,1.5567997694015503,3.1036741733551025,3.0747287273406982,2.707763671875,2.6028800010681152,2.328122854232788,2.142699718475342,1.984318733215332,1.7785890102386475,1.8314279317855835,1.660836935043335,1.9581893682479858,1.8581416606903076,2.096115827560425,2.1350295543670654,2.1698436737060547,3.450101137161255,3.4027795791625977,3.041029691696167,2.9465391635894775,2.7478268146514893,2.5727248191833496,2.5180840492248535,2.3504714965820312,2.514732837677002,2.3766567707061768,2.7272372245788574,2.678184747695923,2.9686429500579834,2.9252967834472656,2.918527603149414,3.813950300216675,3.7631683349609375,3.4174821376800537,3.3646371364593506,3.203934669494629,3.038282632827759,3.0502099990844727,2.8927810192108154,3.1107711791992188,2.936617851257324,3.1898293495178223,3.2251458168029785,3.2109029293060303,3.379701852798462,3.71905255317688
A13,3.604968309402466,3.2502269744873047,2.975348711013794,2.644327402114868,2.3729546070098877,2.0414934158325195,1.7902164459228516,1.4770488739013672,1.2117931842803955,0.9159793257713318,0.6159275770187378,0.4045712351799011,0.0,0.3784821331501007,0.6311894655227661,2.980680227279663,2.9494845867156982,2.625075340270996,2.469196319580078,2.1068851947784424,1.869182825088501,1.5627912282943726,1.2685893774032593,1.0631253719329834,0.7806776762008667,0.8898171186447144,0.6892146468162537,0.9692779779434204,1.0420026779174805,1.1747769117355347,3.1558942794799805,3.1177079677581787,2.7517669200897217,2.6375386714935303,2.325697183609009,2.124126672744751,1.9052021503448486,1.6693962812423706,1.6411128044128418,1.4294633865356445,1.6785832643508911,1.5250656604766846,1.7495452165603638,1.7548795938491821,1.7895828485488892,3.436307907104492,3.390775680541992,3.023512125015259,2.9332504272460938,2.690330743789673,2.5126309394836426,2.4001567363739014,2.2166202068328857,2.32301926612854,2.160797357559204,2.4907500743865967,2.3970961570739746,2.679074287414551,2.5992419719696045,2.5772879123687744,3.757139205932617,3.714892625808716,3.3645823001861572,3.330854654312134,3.1351473331451416,2.9864444732666016,2.9561874866485596,2.804739475250244,2.9918112754821777,2.8073692321777344,3.0814640522003174,3.0969626903533936,3.122279405593872,3.264697551727295,3.6169068813323975
A14,3.9180681705474854,3.5590455532073975,3.2873589992523193,2.9685301780700684,2.681546926498413,2.3682503700256348,2.089824914932251,1.7940378189086914,1.4889074563980103,1.2072374820709229,0.8916131854057312,0.5852704644203186,0.3784821331501007,0.0,0.3841615915298462,3.210986614227295,3.214618682861328,2.899829864501953,2.7751355171203613,2.4011521339416504,2.1955461502075195,1.8700562715530396,1.6085485219955444,1.3704936504364014,1.1210458278656006,1.1720919609069824,0.8955048322677612,1.1413836479187012,1.0864084959030151,1.1756296157836914,3.4086883068084717,3.401188611984253,3.044250249862671,2.9589672088623047,2.6400482654571533,2.4646177291870117,2.232034921646118,2.014051675796509,1.9530894756317139,1.7433679103851318,1.9572675228118896,1.7504209280014038,1.953409194946289,1.89122474193573,1.9013644456863403,3.7086546421051025,3.689894437789917,3.330632448196411,3.2648868560791016,3.0185749530792236,2.8609931468963623,2.737795352935791,2.5644102096557617,2.6483259201049805,2.4812934398651123,2.795944929122925,2.668205976486206,2.9360578060150146,2.816723346710205,2.775559425354004,4.050068378448486,4.030466079711914,3.689404249191284,3.6751811504364014,3.4821414947509766,3.348245859146118,3.315276861190796,3.170761823654175,3.3497257232666016,3.1599526405334473,3.4353160858154297,3.4351320266723633,3.462937116622925,3.5861613750457764,3.9459645748138428
A15,3.959489345550537,3.591215133666992,3.3491179943084717,3.03532075881958,2.760009288787842,2.4695003032684326,2.194411039352417,1.9460924863815308,1.6281789541244507,1.4152348041534424,1.0533517599105835,0.8289951086044312,0.6311894655227661,0.3841615915298462,0.0,3.108147382736206,3.1465036869049072,2.859651565551758,2.7691752910614014,2.383033514022827,2.2207705974578857,1.8644393682479858,1.660207748413086,1.3649991750717163,1.1909741163253784,1.1958285570144653,0.9248588681221008,1.210837960243225,1.0746861696243286,1.0381202697753906,3.294933557510376,3.323063373565674,2.9841251373291016,2.942415952682495,2.608267307281494,2.4815409183502197,2.2254512310028076,2.055915355682373,1.9593931436538696,1.7989548444747925,2.0023739337921143,1.7764151096343994,2.0165247917175293,1.9027239084243774,1.8393657207489014,3.598583936691284,3.6179113388061523,3.274184226989746,3.2525694370269775,3.0010342597961426,2.890024185180664,2.757704734802246,2.6274194717407227,2.6979315280914307,2.5674753189086914,2.8840413093566895,2.7446136474609375,3.0322632789611816,2.885530948638916,2.793704032897949,3.962409019470215,3.9798998832702637,3.658543348312378,3.68483829498291,3.5043203830718994,3.412353515625,3.392103433609009,3.2880897521972656,3.478976011276245,3.3204715251922607,3.620368480682373,3.641899824142456,3.699826717376709,3.832707643508911,4.18820333480835
B1,1.5447454452514648,1.261696219444275,1.398464322090149,1.3854405879974365,1.4545402526855469,1.6502336263656616,1.747251033782959,2.0712971687316895,2.1593539714813232,2.5029096603393555,2.5151302814483643,2.8537304401397705,2.980680227279663,3.210986614227295,3.108147382736206,0.0,0.37680476903915405,0.5951006412506104,0.947155237197876,1.0485270023345947,1.4337472915649414,1.551906943321228,1.9332225322723389,2.087150812149048,2.4465343952178955,2.6566693782806396,2.9369874000549316,3.24945068359375,3.416652202606201,3.2993898391723633,0.6466999650001526,0.8706570267677307,0.8796241283416748,1.2084919214248657,1.3198599815368652,1.6586066484451294,1.8348636627197266,2.1546173095703125,2.3760125637054443,2.6744236946105957,2.976597309112549,3.1624090671539307,3.5314581394195557,3.6547625064849854,3.5090649127960205,1.329124093055725,1.4580233097076416,1.3978687524795532,1.6013572216033936,1.7643951177597046,1.992969036102295,2.2333598136901855,2.4827287197113037,2.7847325801849365,3.0310370922088623,3.364821672439575,3.548358917236328,3.928972005844116,4.021587371826172,3.895948886871338,1.9579490423202515,2.047990083694458,1.9677447080612183,2.0773093700408936,2.272906541824341,2.3754043579101562,2.6900482177734375,2.8530361652374268,3.221750259399414,3.3891866207122803,3.6471245288848877,3.945962429046631,4.010458946228027,4.349185943603516,4.5122809410095215
B2,1.2737022638320923,0.9768645167350769,1.1331570148468018,1.1000709533691406,1.248928427696228,1.4448434114456177,1.6183431148529053,1.9410840272903442,2.09081768989563,2.427521228790283,2.4767253398895264,2.8324408531188965,2.9494845867156982,3.214618682861328,3.1465036869049072,0.37680476903915405,0.0,0.3806978762149811,0.6648414731025696,0.8833826184272766,1.2392966747283936,1.436264157295227,1.8049094676971436,2.007260799407959,2.3569140434265137,2.5693023204803467,2.8770785331726074,3.163323402404785,3.3670177459716797,3.2814669609069824,0.5760576128959656,0.6210210919380188,0.6008689999580383,0.8882449269294739,1.076354742050171,1.4029467105865479,1.6344506740570068,1.9560571908950806,2.209394931793213,2.5129828453063965,2.809612989425659,3.0315864086151123,3.3845202922821045,3.5430116653442383,3.424581527709961,1.1715497970581055,1.2079952955245972,1.1231406927108765,1.2774797677993774,1.480279803276062,1.694277048110962,1.9692364931106567,2.2207248210906982,2.5396921634674072,2.795302152633667,3.1187949180603027,3.3312108516693115,3.7022440433502197,3.825319528579712,3.7234115600585938,1.7447320222854614,1.7752668857574463,1.6706393957138062,1.7399804592132568,1.947205662727356,2.0339114665985107,2.363510847091675,2.5274760723114014,2.8986575603485107,3.0795068740844727,3.3226733207702637,3.632791757583618,3.6937482357025146,4.039712429046631,4.186223030090332
B3,1.2817966938018799,0.9246644377708435,0.944767951965332,0.8293153643608093,0.9071744084358215,1.0789252519607544,1.238049864768982,1.5621143579483032,1.7188332080841064,2.05918288230896,2.1287927627563477,2.4894988536834717,2.625075340270996,2.899829864501953,2.859651565551758,0.5951006412506104,0.3806978762149811,0.0,0.3772841989994049,0.5537163019180298,0.9171502590179443,1.1288015842437744,1.4846731424331665,1.7188329696655273,2.0526294708251953,2.2963521480560303,2.5976245403289795,2.891066789627075,3.1072676181793213,3.0480051040649414,0.8820583820343018,0.8538610339164734,0.6480167508125305,0.8078727126121521,0.939312756061554,1.1964808702468872,1.4335941076278687,1.713470220565796,1.9960508346557617,2.2673652172088623,2.590161085128784,2.8047614097595215,3.155177354812622,3.323132038116455,3.2290329933166504,1.4215303659439087,1.4004507064819336,1.2158558368682861,1.2799216508865356,1.432042121887207,1.5669809579849243,1.8376253843307495,2.037649631500244,2.377662420272827,2.5960617065429688,2.940664052963257,3.1454291343688965,3.516510009765625,3.6398766040802,3.5598766803741455,1.9503518342971802,1.934556007385254,1.7566317319869995,1.770333170890808,1.922288179397583,1.9427884817123413,2.2528469562530518,2.3648529052734375,2.7409348487854004,2.8820128440856934,3.124002456665039,3.4154186248779297,3.4551730155944824,3.7974510192871094,3.9629690647125244
B4,1.2946892976760864,0.9333391189575195,0.8814876079559326,0.6348130106925964,0.7663018107414246,0.848155677318573,1.0887778997421265,1.3702452182769775,1.583497166633606,1.8935948610305786,1.9888993501663208,2.357065439224243,2.469196319580078,2.7751355171203613,2.7691752910614014,0.947155237197876,0.6648414731025696,0.3772841989994049,0.0,0.39080068469047546,0.6382334232330322,0.9367485046386719,1.254219889640808,1.531797170639038,1.8435165882110596,2.083386182785034,2.405827760696411,2.668696880340576,2.917621374130249,2.892271041870117,1.053471326828003,0.894831120967865,0.5854241847991943,0.5464771389961243,0.6833405494689941,0.8670766353607178,1.1510932445526123,1.410739779472351,1.7240960597991943,1.9875882863998413,2.3063738346099854,2.5480034351348877,2.8804025650024414,3.0784637928009033,3.014082908630371,1.439064621925354,1.3302206993103027,1.0713527202606201,1.0335851907730103,1.1612577438354492,1.234163761138916,1.519519329071045,1.6966934204101562,2.052449941635132,2.263601064682007,2.6051838397979736,2.8262152671813965,3.1888160705566406,3.3329052925109863,3.2770180702209473,1.8724989891052246,1.7963652610778809,1.5581982135772705,1.5182968378067017,1.6287955045700073,1.6061888933181763,1.9062808752059937,1.9977061748504639,2.3746578693389893,2.5090887546539307,2.7479195594787598,3.038828134536743,3.079012632369995,3.42163348197937,3.586329460144043
B5,1.6521062850952148,1.280842900276184,1.1600250005722046,0.8702834844589233,0.8282981514930725,0.7804608941078186,0.902839720249176,1.1368463039398193,1.2854965925216675,1.5854744911193848,1.638068437576294,2.0013110637664795,2.1068851947784424,2.4011521339416504,2.383033514022827,1.0485270023345947,0.8833826184272766,0.5537163019180298,0.39080068469047546,0.0,0.39073771238327026,0.5817912220954895,0.9318885803222656,1.1800551414489746,1.5046324729919434,1.7549347877502441,2.059953451156616,2.3471975326538086,2.5764834880828857,2.5421457290649414,1.2108345031738281,1.1258091926574707,0.772089421749115,0.7528765797615051,0.6713347434997559,0.8033018112182617,0.9823350310325623,1.211052656173706,1.5010017156600952,1.7421953678131104,2.082974433898926,2.284289598464966,2.633219003677368,2.803962230682373,2.7300286293029785,1.6166670322418213,1.554179310798645,1.252716064453125,1.2338895797729492,1.2458205223083496,1.2839841842651367,1.4924978017807007,1.628137469291687,1.9652364253997803,2.1388700008392334,2.5050606727600098,2.682185649871826,3.0562193393707275,3.1634819507598877,3.0949392318725586,2.0679619312286377,2.0238356590270996,1.7570654153823853,1.7447285652160645,1.784720540046692,1.7504647970199585,1.9947741031646729,2.0536611080169678,2.4186863899230957,2.506788730621338,2.773472309112549,3.0316638946533203,3.078756093978882,3.40086030960083,3.6030468940734863
B6,1.837834358215332,1.4816709756851196,1.301552176475525,0.9435617923736572,0.8798447251319885,0.6620485782623291,0.8061610460281372,0.9232743978500366,1.1155829429626465,1.3558473587036133,1.4298584461212158,1.7927768230438232,1.869182825088501,2.1955461502075195,2.2207705974578857,1.4337472915649414,1.2392966747283936,0.9171502590179443,0.6382334232330322,0.39073771238327026,0.0,0.3802528381347656,0.6236872673034668,0.9375010132789612,1.2189363241195679,1.4743549823760986,1.79487943649292,2.0516135692596436,2.3155264854431152,2.32517147064209,1.5186235904693604,1.372229814529419,0.9943879246711731,0.8277547955513,0.6580831408500671,0.5760964155197144,0.7359784841537476,0.8794264793395996,1.2083240747451782,1.4134539365768433,1.7635353803634644,1.9797067642211914,2.3100550174713135,2.5085582733154297,2.472531795501709,1.8101400136947632,1.6915454864501953,1.3412001132965088,1.2295836210250854,1.1612540483474731,1.0861740112304688,1.2577542066574097,1.3217806816101074,1.6680248975753784,1.8036516904830933,2.1780688762664795,2.354539632797241,2.7207982540130615,2.8384737968444824,2.7983310222625732,2.1673028469085693,2.0774998664855957,1.7576042413711548,1.696945309638977,1.660064935684204,1.563894510269165,1.7575994729995728,1.7646485567092896,2.11826753616333,2.1694157123565674,2.4400062561035156,2.678821563720703,2.72385311126709,3.0364222526550293,3.253875732421875
B7,2.1825954914093018,1.8169053792953491,1.6360989809036255,1.2931336164474487,1.1601970195770264,0.9139038920402527,0.9019129276275635,0.9246759414672852,0.9875555634498596,1.1847416162490845,1.1675406694412231,1.5154645442962646,1.5627912282943726,1.8700562715530396,1.8644393682479858,1.551906943321228,1.436264157295227,1.1288015842437744,0.9367485046386719,0.5817912220954895,0.3802528381347656,0.0,0.3849570155143738,0.6009427309036255,0.9252970814704895,1.1793227195739746,1.4795721769332886,1.770721197128296,2.0008704662323,1.986070990562439,1.6553668975830078,1.573196530342102,1.1999725103378296,1.1041922569274902,0.8320874571800232,0.7608324289321899,0.7257531881332397,0.8177621960639954,1.0636695623397827,1.2428770065307617,1.6063073873519897,1.7623395919799805,2.116576910018921,2.270273208618164,2.20967173576355,1.9593497514724731,1.8948832750320435,1.541106104850769,1.4827371835708618,1.3414990901947021,1.2802151441574097,1.353720784187317,1.389073371887207,1.6810187101364136,1.780202031135559,2.1673848628997803,2.284766435623169,2.6613664627075195,2.7281525135040283,2.6609928607940674,2.338303327560425,2.292909622192383,1.9744901657104492,1.9613149166107178,1.8859714269638062,1.813410997390747,1.9548654556274414,1.9529361724853516,2.2796194553375244,2.2948174476623535,2.592658042907715,2.7967216968536377,2.8597521781921387,3.143850564956665,3.393801212310791
B8,2.437289237976074,2.08308482170105,1.8587980270385742,1.4963396787643433,1.3328074216842651,1.0038094520568848,0.948148250579834,0.8079403042793274,0.8527392745018005,0.9349604249000549,0.9210354685783386,1.253216028213501,1.2685893774032593,1.6085485219955444,1.660207748413086,1.9332225322723389,1.8049094676971436,1.4846731424331665,1.254219889640808,0.9318885803222656,0.6236872673034668,0.3849570155143738,0.0,0.38862332701683044,0.6003403067588806,0.895141065120697,1.1909396648406982,1.4616233110427856,1.7244375944137573,1.7671805620193481,2.023862838745117,1.9146064519882202,1.536678433418274,1.378122329711914,1.0952187776565552,0.8913009762763977,0.7817214131355286,0.6810460686683655,0.9135113954544067,0.9847099781036377,1.367563009262085,1.5047965049743652,1.8369762897491455,2.007572889328003,1.9940152168273926,2.275031328201294,2.179687738418579,1.8079437017440796,1.6939935684204102,1.5044721364974976,1.3518152236938477,1.3604834079742432,1.2910397052764893,1.5582865476608276,1.5794014930725098,1.9727314710617065,2.0635569095611572,2.425818681716919,2.4870550632476807,2.4520509243011475,2.59183406829834,2.5165958404541016,2.1689937114715576,2.1192729473114014,1.983508825302124,1.856445074081421,1.9328067302703857,1.8647215366363525,2.1584901809692383,2.112389087677002,2.4081010818481445,2.571068286895752,2.623704195022583,2.884533643722534,3.159982442855835
B9,2.77060604095459,2.408940315246582,2.2074313163757324,1.8524502515792847,1.6866072416305542,1.37628972530365,1.274943232536316,1.1125282049179077,1.0386452674865723,1.038644552230835,0.8775098323822021,1.1419862508773804,1.0631253719329834,1.3704936504364014,1.3649991750717163,2.087150812149048,2.007260799407959,1.7188329696655273,1.531797170639038,1.1800551414489746,0.9375010132789612,0.6009427309036255,0.38862332701683044,0.0,0.37358558177948,0.5985661745071411,0.880046010017395,1.187684178352356,1.4021564722061157,1.4034539461135864,2.151299238204956,2.0841667652130127,1.721472978591919,1.6122136116027832,1.2762340307235718,1.1165868043899536,0.884514331817627,0.7689143419265747,0.827672004699707,0.8658625483512878,1.225405216217041,1.2804195880889893,1.6402723789215088,1.7479677200317383,1.6938450336456299,2.380685806274414,2.3293373584747314,1.9639108180999756,1.8992576599121094,1.6599831581115723,1.544066071510315,1.4708064794540405,1.4020302295684814,1.5874741077423096,1.58548104763031,1.9688979387283325,1.9917347431182861,2.359621047973633,2.359729766845703,2.2835352420806885,2.6986281871795654,2.665436267852783,2.32761812210083,2.3281166553497314,2.1675009727478027,2.0820224285125732,2.1181464195251465,2.0672664642333984,2.328547477722168,2.268146276473999,2.5896408557891846,2.724482297897339,2.810795783996582,3.0390820503234863,3.3358523845672607
B10,3.0364840030670166,2.682971477508545,2.4499690532684326,2.088228940963745,1.9003653526306152,1.554172158241272,1.4251692295074463,1.1682206392288208,1.0648744106292725,0.927970290184021,0.7465571165084839,0.9323811531066895,0.7806776762008667,1.1210458278656006,1.1909741163253784,2.4465343952178955,2.3569140434265137,2.0526294708251953,1.8435165882110596,1.5046324729919434,1.2189363241195679,0.9252970814704895,0.6003403067588806,0.37358558177948,0.0,0.3751038908958435,0.6007007956504822,0.8928935527801514,1.1416306495666504,1.2247051000595093,2.5164904594421387,2.4316866397857666,2.064053773880005,1.9179680347442627,1.590549349784851,1.368347406387329,1.1290253400802612,0.8953995704650879,0.8998398184776306,0.7732563614845276,1.1139225959777832,1.1095861196517944,1.4294503927230835,1.5405280590057373,1.5454530715942383,2.7220330238342285,2.648632287979126,2.2748236656188965,2.1726489067077637,1.914617896080017,1.740535855293274,1.6273592710494995,1.474966049194336,1.6172293424606323,1.5274817943572998,1.8970141410827637,1.8779571056365967,2.2182772159576416,2.201742172241211,2.1605420112609863,2.999467372894287,2.9433813095092773,2.5888097286224365,2.559999465942383,2.361409902572632,2.234788417816162,2.218940019607544,2.1117055416107178,2.3318402767181396,2.2109293937683105,2.5204429626464844,2.605888605117798,2.6789491176605225,2.8744606971740723,3.1956915855407715
B11,3.3060808181762695,2.9548377990722656,2.7471587657928467,2.3784093856811523,2.2253382205963135,1.8820658922195435,1.7840875387191772,1.5359954833984375,1.4384163618087769,1.2795406579971313,1.0641955137252808,1.1631081104278564,0.8898171186447144,1.1720919609069824,1.1958285570144653,2.6566693782806396,2.5693023204803467,2.2963521480560303,2.083386182785034,1.7549347877502441,1.4743549823760986,1.1793227195739746,0.895141065120697,0.5985661745071411,0.3751038908958435,0.0,0.36985957622528076,0.5961204171180725,0.8461492657661438,0.9232336282730103,2.655487060546875,2.570577383041382,2.2192583084106445,2.0770790576934814,1.7222132682800293,1.5034441947937012,1.1965922117233276,0.948258638381958,0.7941545844078064,0.605622410774231,0.8602802157402039,0.7750458717346191,1.1126437187194824,1.1838988065719604,1.1707745790481567,2.7886154651641846,2.7248709201812744,2.356646776199341,2.2692127227783203,1.9661146402359009,1.8025226593017578,1.614269733428955,1.4522064924240112,1.5026917457580566,1.3874949216842651,1.7257342338562012,1.6449586153030396,1.9818533658981323,1.9160044193267822,1.8436468839645386,3.0169427394866943,2.9767038822174072,2.6258704662323,2.625324249267578,2.3916237354278564,2.293954610824585,2.228395938873291,2.136277198791504,2.3141350746154785,2.1869888305664062,2.5172624588012695,2.579900026321411,2.698178291320801,2.8612632751464844,3.1913998126983643
B12,3.626072406768799,3.2707395553588867,3.0476794242858887,2.6853208541870117,2.498875141143799,2.153838634490967,2.006135940551758,1.728115200996399,1.5659373998641968,1.343538522720337,1.073444128036499,1.049351453781128,0.6892146468162537,0.8955048322677612,0.9248588681221008,2.9369874000549316,2.8770785331726074,2.5976245403289795,2.405827760696411,2.059953451156616,1.79487943649292,1.4795721769332886,1.1909396648406982,0.880046010017395,0.6007007956504822,0.36985957622528076,0.0,0.39668312668800354,0.5458036661148071,0.6707413196563721,2.97029709815979,2.908384084701538,2.558259963989258,2.432145833969116,2.0768661499023438,1.867780089378357,1.56402587890625,1.3151789903640747,1.1460267305374146,0.9146459698677063,1.0834596157073975,0.8758475184440613,1.1453830003738403,1.1268197298049927,1.124306082725525,3.126154661178589,3.0792763233184814,2.714747905731201,2.636881113052368,2.3337175846099854,2.170957088470459,1.9742825031280518,1.7966382503509521,1.8144735097885132,1.656414270401001,1.9610958099365234,1.8234882354736328,2.1230833530426025,2.005664825439453,1.9339544773101807,3.3669400215148926,3.338224411010742,2.990969657897949,2.9945406913757324,2.756300687789917,2.653634548187256,2.5725626945495605,2.461521625518799,2.614645004272461,2.454314708709717,2.772026538848877,2.794663190841675,2.9018850326538086,3.0311479568481445,3.37969970703125
B13,3.8688504695892334,3.5246047973632812,3.3033463954925537,2.930823802947998,2.7709672451019287,2.410731792449951,2.2982430458068848,2.000541925430298,1.8788398504257202,1.6268805265426636,1.4019993543624878,1.3486827611923218,0.9692779779434204,1.1413836479187012,1.210837960243225,3.24945068359375,3.163323402404785,2.891066789627075,2.668696880340576,2.3471975326538086,2.0516135692596436,1.770721197128296,1.4616233110427856,1.187684178352356,0.8928935527801514,0.5961204171180725,0.39668312668800354,0.0,0.38439878821372986,0.6670248508453369,3.230503559112549,3.139660596847534,2.7946596145629883,2.6361887454986572,2.2821760177612305,2.037761688232422,1.7222445011138916,1.4321919679641724,1.2080740928649902,0.9034542441368103,0.93674635887146,0.6499026417732239,0.81557697057724,0.7873935699462891,0.8781719207763672,3.3184618949890137,3.248093366622925,2.883091449737549,2.780038356781006,2.4523231983184814,2.2597873210906982,2.0166897773742676,1.7951462268829346,1.739533543586731,1.5213623046875,1.7694085836410522,1.5756980180740356,1.832895040512085,1.6840380430221558,1.6357190608978271,3.491299629211426,3.4446959495544434,3.0905344486236572,3.0825650691986084,2.8063626289367676,2.6932616233825684,2.5562546253204346,2.4237585067749023,2.5209410190582275,2.3284285068511963,2.639439344406128,2.619699716567993,2.748950958251953,2.8358426094055176,3.193415880203247
