,A1,A2,A3,A4,A5,A6,A7,A8,A9,A10,A11,A12,A13,A14,A15,B1,B2,B3,B4,B5,B6,B7,B8,B9,B10,B11,B12,B13,B14,B15,C1,C2,C3,C4,C5,C6,C7,C8,C9,C10,C11,C12,C13,C14,C15,D1,D2,D3,D4,D5,D6,D7,D8,D9,D10,D11,D12,D13,D14,D15,E1,E2,E3,E4,E5,E6,E7,E8,E9,E10,E11,E12,E13,E14,E15
A1,0.0,0.3859145939350128,0.6623702645301819,0.967393696308136,1.2509478330612183,1.5538005828857422,1.8656643629074097,2.1292805671691895,2.48575496673584,2.7334301471710205,3.042158603668213,3.3300626277923584,3.283020496368408,3.6184637546539307,3.450526475906372,0.6260815858840942,0.76102614402771,0.8819373250007629,1.1775429248809814,1.4371062517166138,1.7395540475845337,2.0480825901031494,2.3238155841827393,2.663977861404419,2.937284231185913,3.2294163703918457,3.5286808013916016,3.4741268157958984,3.7956950664520264,3.6327004432678223,1.0981004238128662,1.2063478231430054,1.2521244287490845,1.4909582138061523,1.7195353507995605,1.9773833751678467,2.2812044620513916,2.543698787689209,2.8861806392669678,3.114682912826538,3.483454704284668,3.7271080017089844,3.688774585723877,3.977440118789673,3.8361217975616455,1.599822759628296,1.6849669218063354,1.672666072845459,1.869696855545044,2.069157361984253,2.264307975769043,2.556248188018799,2.77549147605896,3.1297292709350586,3.3405327796936035,3.722033977508545,3.942368268966675,3.956411600112915,4.205976963043213,4.084372520446777,2.114875078201294,2.1777451038360596,2.1289684772491455,2.3024351596832275,2.4680263996124268,2.5882186889648438,2.8737194538116455,3.004634380340576,3.387895107269287,3.5666415691375732,3.8882293701171875,4.1801323890686035,4.325466156005859,4.620708465576172,4.8207173347473145
A2,0.3859145939350128,0.0,0.3799668550491333,0.6432400941848755,0.9356884956359863,1.2365511655807495,1.5490970611572266,1.8266328573226929,2.1807029247283936,2.4428818225860596,2.7328274250030518,3.0298397541046143,2.9845190048217773,3.3169069290161133,3.1594674587249756,0.556342363357544,0.4867977499961853,0.5042394995689392,0.7958377599716187,1.05564546585083,1.3647024631500244,1.6752761602401733,1.9598180055618286,2.2987236976623535,2.5845019817352295,2.872154712677002,3.182140350341797,3.1310784816741943,3.461501121520996,3.3111484050750732,0.9452714920043945,0.9520724415779114,0.9137272834777832,1.1257526874542236,1.338062047958374,1.5941342115402222,1.8953678607940674,2.1614668369293213,2.5019912719726562,2.7367076873779297,3.1055755615234375,3.357272148132324,3.3262836933135986,3.624790668487549,3.496255397796631,1.420937180519104,1.4405373334884644,1.3638370037078857,1.5320968627929688,1.7058547735214233,1.8932254314422607,2.1763103008270264,2.395864248275757,2.747051477432251,2.960645914077759,3.3426482677459717,3.5656089782714844,3.5894739627838135,3.845208168029785,3.7370495796203613,1.916595458984375,1.9336678981781006,1.8347043991088867,1.9889090061187744,2.124621868133545,2.239147186279297,2.5100607872009277,2.6421751976013184,3.022158145904541,3.2053802013397217,3.5327887535095215,3.820979595184326,3.9800491333007812,4.26855993270874,4.4698076248168945
A3,0.6623702645301819,0.3799668550491333,0.0,0.3809599280357361,0.5914115309715271,0.9219842553138733,1.2098535299301147,1.4976192712783813,1.8415073156356812,2.113833427429199,2.421583652496338,2.7306017875671387,2.7193613052368164,3.063593864440918,2.93865704536438,0.9214310050010681,0.7416055202484131,0.5259864330291748,0.7214290499687195,0.8626227378845215,1.159491777420044,1.4289941787719727,1.7081292867660522,2.0312798023223877,2.3057174682617188,2.619386672973633,2.9251673221588135,2.9083919525146484,3.2471606731414795,3.126492500305176,1.246328592300415,1.1540905237197876,0.9860511422157288,1.136915683746338,1.248534917831421,1.4796727895736694,1.7329962253570557,1.9871140718460083,2.3112893104553223,2.5311429500579834,2.9133129119873047,3.1553449630737305,3.1566762924194336,3.452003002166748,3.35233473777771,1.675921082496643,1.6189213991165161,1.4555641412734985,1.5887223482131958,1.6825902462005615,1.849966049194336,2.084747076034546,2.2922277450561523,2.6269068717956543,2.831874370574951,3.219264268875122,3.4235172271728516,3.4755992889404297,3.7189853191375732,3.637918710708618,2.1350178718566895,2.0918514728546143,1.9268678426742554,2.0710031986236572,2.142958879470825,2.2547519207000732,2.4804787635803223,2.609403133392334,2.976624011993408,3.1586225032806396,3.5053651332855225,3.773097515106201,3.9605915546417236,4.226047992706299,4.442043304443359
A4,0.967393696308136,0.6432400941848755,0.3809599280357361,0.0,0.3789379298686981,0.5991013050079346,0.9394738674163818,1.1885771751403809,1.5509250164031982,1.802624225616455,2.0902657508850098,2.3882312774658203,2.3568122386932373,2.6959574222564697,2.564053773880005,1.092700719833374,0.8643490672111511,0.5582544803619385,0.5170811414718628,0.6261383295059204,0.8371717929840088,1.1328258514404297,1.3735636472702026,1.7184478044509888,1.9732106924057007,2.270900249481201,2.5683913230895996,2.5371432304382324,2.8713572025299072,2.746009588241577,1.3504769802093506,1.219990849494934,0.9755522608757019,0.9902468323707581,1.0601708889007568,1.2095474004745483,1.4625405073165894,1.6747100353240967,2.013310432434082,2.202843427658081,2.5803651809692383,2.805720806121826,2.7972450256347656,3.083427667617798,2.9805915355682373,1.737351655960083,1.652094841003418,1.432342529296875,1.471828579902649,1.524585247039795,1.621984601020813,1.8428205251693726,2.0073740482330322,2.348802089691162,2.522930383682251,2.912353992462158,3.095432996749878,3.1399779319763184,3.3684091567993164,3.285318613052368,2.1667075157165527,2.10298228263855,1.8942064046859741,1.9732693433761597,2.0021393299102783,2.0613434314727783,2.260155439376831,2.351123571395874,2.7154664993286133,2.8714792728424072,3.2307522296905518,3.4791367053985596,3.668769598007202,3.921027183532715,4.15415096282959
A5,1.2509478330612183,0.9356884956359863,0.5914115309715271,0.3789379298686981,0.0,0.3837362229824066,0.6200569868087769,0.933400571346283,1.2608429193496704,1.5564851760864258,1.8579621315002441,2.18560528755188,2.2115442752838135,2.5606021881103516,2.4827840328216553,1.4083000421524048,1.1279128789901733,0.7613750100135803,0.6798987984657288,0.552173912525177,0.7372526526451111,0.9199048280715942,1.1767901182174683,1.4765503406524658,1.7392581701278687,2.074345350265503,2.379985809326172,2.403235912322998,2.754138231277466,2.6787471771240234,1.6164323091506958,1.413948655128479,1.102663278579712,1.0945461988449097,1.033044457435608,1.1688368320465088,1.3316847085952759,1.5457836389541626,1.8414698839187622,2.033463954925537,2.4245223999023438,2.6539549827575684,2.695704698562622,2.9890642166137695,2.9325449466705322,1.9512170553207397,1.7977592945098877,1.5211933851242065,1.5540457963943481,1.519667148590088,1.6196523904800415,1.7700079679489136,1.9391990900039673,2.2428395748138428,2.424769878387451,2.811647891998291,2.9873363971710205,3.075016498565674,3.301948308944702,3.2610411643981934,2.3328216075897217,2.2102301120758057,1.9525625705718994,2.0420374870300293,2.010498046875,2.0911202430725098,2.237856388092041,2.3466501235961914,2.684797763824463,2.8558552265167236,3.2232911586761475,3.4561655521392822,3.6802196502685547,3.9095191955566406,4.143711090087891
A6,1.5538005828857422,1.2365511655807495,0.9219842553138733,0.5991013050079346,0.3837362229824066,0.0,0.3807552754878998,0.5938119888305664,0.9543207287788391,1.2149300575256348,1.5025157928466797,1.8174127340316772,1.8292640447616577,2.17803692817688,2.101473569869995,1.6673237085342407,1.3915581703186035,1.0287089347839355,0.8104288578033447,0.6304222345352173,0.5834738612174988,0.7301508188247681,0.8848291039466858,1.2037177085876465,1.4178942441940308,1.7419073581695557,2.028144121170044,2.0444085597991943,2.388214588165283,2.314547538757324,1.849202275276184,1.6442116498947144,1.3109768629074097,1.1897003650665283,1.0767673254013062,1.0793009996414185,1.2015403509140015,1.3312463760375977,1.629400610923767,1.7627829313278198,2.146803855895996,2.343557834625244,2.3811826705932617,2.6551029682159424,2.6009466648101807,2.1542975902557373,1.9929673671722412,1.6885756254196167,1.6339704990386963,1.5534942150115967,1.561739206314087,1.6739821434020996,1.7744982242584229,2.072362184524536,2.2046077251434326,2.589015483856201,2.7273905277252197,2.8098795413970947,3.0088982582092285,2.969857692718506,2.5082528591156006,2.376321792602539,2.090991258621216,2.1151633262634277,2.037888765335083,2.0564475059509277,2.1603026390075684,2.217700481414795,2.5412425994873047,2.6744935512542725,3.0547547340393066,3.2565112113952637,3.4835855960845947,3.6906940937042236,3.9473562240600586
A7,1.8656643629074097,1.5490970611572266,1.2098535299301147,0.9394738674163818,0.6200569868087769,0.3807552754878998,0.0,0.3860119879245758,0.6507953405380249,0.9821784496307373,1.2737057209014893,1.6245381832122803,1.711073398590088,2.0612237453460693,2.054367780685425,1.9902979135513306,1.6849515438079834,1.3033610582351685,1.09359610080719,0.8064314723014832,0.7049054503440857,0.6337878108024597,0.752120316028595,0.9734866619110107,1.1831971406936646,1.5500731468200684,1.840447187423706,1.9258863925933838,2.2825660705566406,2.271613121032715,2.1376755237579346,1.8882628679275513,1.5256354808807373,1.3957363367080688,1.1878485679626465,1.1614691019058228,1.1607228517532349,1.265618085861206,1.4899569749832153,1.612270712852478,2.000793218612671,2.1957428455352783,2.292825698852539,2.5691676139831543,2.570359230041504,2.400075674057007,2.190359592437744,1.8523705005645752,1.790418267250061,1.6357208490371704,1.6375484466552734,1.6656816005706787,1.7578567266464233,1.999151349067688,2.130765676498413,2.501769542694092,2.626194477081299,2.755605936050415,2.9484682083129883,2.957430124282837,2.7088544368743896,2.5305962562561035,2.2106122970581055,2.237992525100708,2.1052117347717285,2.138434886932373,2.1832382678985596,2.2529029846191406,2.5378541946411133,2.681180477142334,3.0624637603759766,3.2426912784576416,3.502628803253174,3.6818935871124268,3.937413454055786
A8,2.1292805671691895,1.8266328573226929,1.4976192712783813,1.1885771751403809,0.933400571346283,0.5938119888305664,0.3860119879245758,0.0,0.3846600651741028,0.6259641647338867,0.9336289167404175,1.2645565271377563,1.3490855693817139,1.706303358078003,1.7101505994796753,2.2575137615203857,1.9754204750061035,1.6069557666778564,1.353063702583313,1.1026816368103027,0.8891207575798035,0.7940821647644043,0.7141642570495605,0.9053106307983398,0.9850271344184875,1.33319091796875,1.571607232093811,1.6573188304901123,1.9928861856460571,1.9866068363189697,2.416494369506836,2.1878528594970703,1.830937385559082,1.6501109600067139,1.4475938081741333,1.328011155128479,1.29819655418396,1.29141366481781,1.49675714969635,1.5223807096481323,1.8850160837173462,2.0190930366516113,2.1112594604492188,2.3468425273895264,2.3501322269439697,2.6805686950683594,2.4853572845458984,2.1466524600982666,2.033505916595459,1.8683041334152222,1.7956799268722534,1.7963348627090454,1.80942964553833,2.034865379333496,2.098306655883789,2.4551331996917725,2.5246126651763916,2.64284086227417,2.790173292160034,2.7978763580322266,2.985548257827759,2.8163113594055176,2.491462469100952,2.471712350845337,2.317903757095337,2.2942473888397217,2.305805206298828,2.3179595470428467,2.5823652744293213,2.6764917373657227,3.0646629333496094,3.206143856048584,3.4616196155548096,3.6138622760772705,3.894920587539673
A9,2.48575496673584,2.1807029247283936,1.8415073156356812,1.5509250164031982,1.2608429193496704,0.9543207287788391,0.6507953405380249,0.3846600651741028,0.0,0.3886842727661133,0.6746441721916199,1.0406150817871094,1.226679801940918,1.5674442052841187,1.6598024368286133,2.613760232925415,2.3138253688812256,1.9365200996398926,1.683163046836853,1.3911468982696533,1.159985065460205,0.9483004808425903,0.7909007668495178,0.8044929504394531,0.7905459403991699,1.1604175567626953,1.3709888458251953,1.5405129194259644,1.8713680505752563,1.9387577772140503,2.7478718757629395,2.4927284717559814,2.121189832687378,1.9304298162460327,1.6777465343475342,1.5313678979873657,1.4079182147979736,1.3499857187271118,1.4585957527160645,1.4360476732254028,1.7740352153778076,1.8808053731918335,2.0339252948760986,2.2535693645477295,2.316701650619507,2.9795541763305664,2.753575086593628,2.395759105682373,2.269947052001953,2.0551695823669434,1.9656691551208496,1.8937041759490967,1.8791698217391968,2.0375897884368896,2.0782670974731445,2.405285596847534,2.4431474208831787,2.6027936935424805,2.728825569152832,2.784715414047241,3.247476100921631,3.0466880798339844,2.6995460987091064,2.672114849090576,2.474632978439331,2.450610637664795,2.405898332595825,2.4146761894226074,2.6321499347686768,2.7209815979003906,3.103031635284424,3.212327241897583,3.493426561355591,3.610699415206909,3.893077850341797
A10,2.7334301471710205,2.4428818225860596,2.113833427429199,1.802624225616455,1.5564851760864258,1.2149300575256348,0.9821784496307373,0.6259641647338867,0.3886842727661133,0.0,0.3912578523159027,0.701000452041626,0.9073054194450378,1.2495092153549194,1.366599202156067,2.8680570125579834,2.591390371322632,2.2265336513519287,1.9515432119369507,1.6957026720046997,1.4239187240600586,1.2463217973709106,1.001741886138916,0.9958871006965637,0.8207009434700012,1.1018701791763306,1.2088626623153687,1.3732904195785522,1.6560078859329224,1.7285425662994385,3.018345355987549,2.7863011360168457,2.424299716949463,2.2065625190734863,1.9750430583953857,1.7810590267181396,1.6644339561462402,1.532434344291687,1.6274667978286743,1.5116937160491943,1.7964736223220825,1.8236143589019775,1.9605118036270142,2.1198322772979736,2.180678129196167,3.2594988346099854,3.053034782409668,2.7016031742095947,2.5447747707366943,2.3378992080688477,2.1997199058532715,2.123195171356201,2.0469472408294678,2.193528175354004,2.167877435684204,2.4704790115356445,2.4497735500335693,2.5877604484558105,2.6591997146606445,2.7079248428344727,3.5327491760253906,3.347292184829712,3.0039358139038086,2.9431564807891846,2.7416698932647705,2.6726109981536865,2.6115987300872803,2.5696072578430176,2.769054889678955,2.807971477508545,3.1887643337249756,3.2602107524871826,3.528069257736206,3.6190438270568848,3.924448251724243
A11,3.042158603668213,2.7328274250030518,2.421583652496338,2.0902657508850098,1.8579621315002441,1.5025157928466797,1.2737057209014893,0.9336289167404175,0.6746441721916199,0.3912578523159027,0.0,0.38021016120910645,0.6437392234802246,0.9403795003890991,1.1296820640563965,3.120274543762207,2.8328490257263184,2.4738075733184814,2.1671998500823975,1.9062707424163818,1.5884027481079102,1.3753254413604736,1.0569356679916382,0.9557250142097473,0.6432179808616638,0.8137327432632446,0.8448689579963684,1.0494340658187866,1.3136022090911865,1.442501187324524,3.227165460586548,2.9834866523742676,2.618645191192627,2.360779285430908,2.11049747467041,1.8611847162246704,1.6969352960586548,1.488155484199524,1.5174511671066284,1.3183180093765259,1.539971113204956,1.509961724281311,1.6663382053375244,1.7939660549163818,1.893174648284912,3.4247727394104004,3.205630302429199,2.8465988636016846,2.647071599960327,2.413287401199341,2.2252321243286133,2.1017839908599854,1.9661998748779297,2.062115430831909,1.9805452823638916,2.2440881729125977,2.176356792449951,2.321762800216675,2.359184980392456,2.4346251487731934,3.655928373336792,3.4582300186157227,3.104452610015869,3.0034823417663574,2.7705259323120117,2.664710283279419,2.5562829971313477,2.4775900840759277,2.6315114498138428,2.636401653289795,3.0052330493927,3.0371034145355225,3.3099803924560547,3.3676676750183105,3.680802822113037
A12,3.3300626277923584,3.0298397541046143,2.7306017875671387,2.3882312774658203,2.18560528755188,1.8174127340316772,1.6245381832122803,1.2645565271377563,1.0406150817871094,0.701000452041626,0.38021016120910645,0.0,0.39939507842063904,0.6233859062194824,0.8862281441688538,3.402684211730957,3.132319211959839,2.7857398986816406,2.46618914604187,2.231459379196167,1.8956859111785889,1.7093243598937988,1.366087555885315,1.2682961225509644,0.9075590968132019,0.9211912751197815,0.7866718769073486,0.9587292671203613,1.1218087673187256,1.2682914733886719,3.5137367248535156,3.2871713638305664,2.9321725368499756,2.6557371616363525,2.4229557514190674,2.145470142364502,1.990503191947937,1.7383949756622314,1.7531578540802002,1.487954020500183,1.630321979522705,1.5096478462219238,1.637649655342102,1.6820909976959229,1.7821427583694458,3.7107954025268555,3.506558656692505,3.154940128326416,2.931659460067749,2.705838203430176,2.4829814434051514,2.3572604656219482,2.1744532585144043,2.252835512161255,2.1114699840545654,2.335817813873291,2.2080109119415283,2.325432062149048,2.299574375152588,2.3692309856414795,3.9388835430145264,3.753411293029785,3.4049973487854004,3.275984048843384,3.041167974472046,2.898897647857666,2.776188850402832,2.6540133953094482,2.783259153366089,2.7392213344573975,3.095385789871216,3.0862514972686768,3.3409368991851807,3.367889165878296,3.69887638092041
A13,3.283020496368408,2.9845190048217773,2.7193613052368164,2.3568122386932373,2.2115442752838135,1.8292640447616577,1.711073398590088,1.3490855693817139,1.226679801940918,0.9073054194450378,0.6437392234802246,0.39939507842063904,0.0,0.36450502276420593,0.4988485872745514,3.3135757446289062,3.0656187534332275,2.7452428340911865,2.405045747756958,2.2177329063415527,1.8595428466796875,1.7344651222229004,1.3741806745529175,1.3516638278961182,1.0142263174057007,0.9397618770599365,0.7847522497177124,0.7763996124267578,0.8961807489395142,0.9428374767303467,3.4160635471343994,3.2166590690612793,2.882848024368286,2.581260919570923,2.3868486881256104,2.0792226791381836,1.969751000404358,1.6888110637664795,1.7515817880630493,1.463673710823059,1.5793179273605347,1.4311641454696655,1.4641287326812744,1.4764361381530762,1.5046252012252808,3.608336925506592,3.4323489665985107,3.099339485168457,2.8477089405059814,2.6511778831481934,2.3921239376068115,2.2991466522216797,2.0803120136260986,2.1902847290039062,2.0121448040008545,2.2364296913146973,2.094158172607422,2.148571491241455,2.101162910461426,2.1162283420562744,3.837533950805664,3.679921865463257,3.349121332168579,3.187206268310547,2.971064805984497,2.7866666316986084,2.6802144050598145,2.5149829387664795,2.6550140380859375,2.5707035064697266,2.9247636795043945,2.9098868370056152,3.1300840377807617,3.1656906604766846,3.511587381362915
A14,3.6184637546539307,3.3169069290161133,3.063593864440918,2.6959574222564697,2.5606021881103516,2.17803692817688,2.0612237453460693,1.706303358078003,1.5674442052841187,1.2495092153549194,0.9403795003890991,0.6233859062194824,0.36450502276420593,0.0,0.39782363176345825,3.6221466064453125,3.376546621322632,3.065615177154541,2.7150678634643555,2.533848524093628,2.1643271446228027,2.03271222114563,1.6605803966522217,1.6017194986343384,1.24076509475708,1.0571902990341187,0.7839773893356323,0.7281460165977478,0.6832581758499146,0.7786037921905518,3.7037267684936523,3.5059444904327393,3.1780123710632324,2.8588666915893555,2.66433048248291,2.334017276763916,2.208725929260254,1.8938164710998535,1.914505124092102,1.5791614055633545,1.6051430702209473,1.376442790031433,1.3877156972885132,1.307711124420166,1.355957269668579,3.8714938163757324,3.6958847045898438,3.3660874366760254,3.0910255908966064,2.887864828109741,2.6002883911132812,2.4856395721435547,2.226917028427124,2.2966842651367188,2.066525459289551,2.2355449199676514,2.0358688831329346,2.0707919597625732,1.959891676902771,1.9848785400390625,4.074832916259766,3.9168713092803955,3.587122678756714,3.3978281021118164,3.1689910888671875,2.956146717071533,2.8213586807250977,2.6221089363098145,2.7196881771087646,2.5925679206848145,2.9218380451202393,2.8607683181762695,3.0675201416015625,3.0644431114196777,3.4197027683258057
A15,3.450526475906372,3.1594674587249756,2.93865704536438,2.564053773880005,2.4827840328216553,2.101473569869995,2.054367780685425,1.7101505994796753,1.6598024368286133,1.366599202156067,1.1296820640563965,0.8862281441688538,0.4988485872745514,0.39782363176345825,0.0,3.4281234741210938,3.210329055786133,2.927687406539917,2.5717597007751465,2.440765857696533,2.0706682205200195,2.0065836906433105,1.6474868059158325,1.674150824546814,1.3687618970870972,1.1944553852081299,1.0006599426269531,0.792972207069397,0.7459233999252319,0.6225014925003052,3.5130088329315186,3.347278118133545,3.044565439224243,2.717288017272949,2.5680441856384277,2.2312216758728027,2.165137529373169,1.8550515174865723,1.9427802562713623,1.629671573638916,1.6716234683990479,1.4693257808685303,1.3793318271636963,1.3028136491775513,1.2342664003372192,3.688321828842163,3.5458498001098633,3.2394940853118896,2.9536664485931396,2.7898685932159424,2.487959623336792,2.422950029373169,2.1565968990325928,2.2778258323669434,2.043802499771118,2.2338829040527344,2.053758382797241,2.0227115154266357,1.9185742139816284,1.8659729957580566,3.905651330947876,3.7800962924957275,3.4732203483581543,3.267759323120117,3.07022762298584,2.8321855068206787,2.7334530353546143,2.5096168518066406,2.638699531555176,2.4902451038360596,2.8222925662994385,2.7787952423095703,2.9472711086273193,2.973850727081299,3.337491750717163
B1,0.6260815858840942,0.556342363357544,0.9214310050010681,1.092700719833374,1.4083000421524048,1.6673237085342407,1.9902979135513306,2.2575137615203857,2.613760232925415,2.8680570125579834,3.120274543762207,3.402684211730957,3.3135757446289062,3.6221466064453125,3.4281234741210938,0.0,0.38730818033218384,0.7379774451255798,1.0081787109375,1.344588041305542,1.6369900703430176,1.9749388694763184,2.2586629390716553,2.6047894954681396,2.9062185287475586,3.1500799655914307,3.4668970108032227,3.3706612586975098,3.688443183898926,3.5053153038024902,0.4957685172557831,0.7123685479164124,0.8987675309181213,1.1396100521087646,1.4573928117752075,1.7202483415603638,2.0642316341400146,2.3360660076141357,2.6846466064453125,2.938047409057617,3.278491497039795,3.544743299484253,3.47101092338562,3.7750244140625,3.613110303878784,1.008885145187378,1.160260796546936,1.2278565168380737,1.417883276939392,1.6930077075958252,1.892605185508728,2.2276382446289062,2.456017017364502,2.816758871078491,3.039557695388794,3.4035565853118896,3.6532182693481445,3.6388919353485107,3.9136974811553955,3.773346424102783,1.5354596376419067,1.6475286483764648,1.6520904302597046,1.7997843027114868,2.021298408508301,2.1306560039520264,2.4551923274993896,2.5887043476104736,2.9742045402526855,3.157803535461426,3.4482500553131104,3.76261305809021,3.8801448345184326,4.198404788970947,4.372257709503174
B2,0.76102614402771,0.4867977499961853,0.7416055202484131,0.8643490672111511,1.1279128789901733,1.3915581703186035,1.6849515438079834,1.9754204750061035,2.3138253688812256,2.591390371322632,2.8328490257263184,3.132319211959839,3.0656187534332275,3.376546621322632,3.210329055786133,0.38730818033218384,0.0,0.3866771459579468,0.6819479465484619,0.9900379180908203,1.307079792022705,1.6244653463363647,1.9297099113464355,2.2597739696502686,2.5794975757598877,2.832460880279541,3.1637678146362305,3.0905354022979736,3.424161195755005,3.2697739601135254,0.5088604092597961,0.47283902764320374,0.5335000157356262,0.7995216250419617,1.0894578695297241,1.3793166875839233,1.7062571048736572,1.9976872205734253,2.332993745803833,2.602842092514038,2.951133966445923,3.231539249420166,3.1837098598480225,3.5030834674835205,3.369697332382202,0.9454195499420166,0.9629292488098145,0.9271014928817749,1.1191577911376953,1.35346257686615,1.5729103088378906,1.8876986503601074,2.1341660022735596,2.4836487770080566,2.7223517894744873,3.089974880218506,3.346149444580078,3.359267473220825,3.6441495418548584,3.5324881076812744,1.4333758354187012,1.458839774131775,1.3862611055374146,1.5417956113815308,1.719861626625061,1.8499774932861328,2.1522536277770996,2.30658221244812,2.686245918273926,2.889152765274048,3.190905809402466,3.5022857189178467,3.6493115425109863,3.9561257362365723,4.130406856536865
B3,0.8819373250007629,0.5042394995689392,0.5259864330291748,0.5582544803619385,0.7613750100135803,1.0287089347839355,1.3033610582351685,1.6069557666778564,1.9365200996398926,2.2265336513519287,2.4738075733184814,2.7857398986816406,2.7452428340911865,3.065615177154541,2.927687406539917,0.7379774451255798,0.3866771459579468,0.0,0.3785009980201721,0.6283621788024902,0.969782292842865,1.27024507522583,1.5846304893493652,1.9084490537643433,2.228062629699707,2.5026798248291016,2.836455821990967,2.7916629314422607,3.136948823928833,3.0098533630371094,0.8590214848518372,0.6749387979507446,0.4670952260494232,0.649715781211853,0.8386425375938416,1.1235895156860352,1.4207807779312134,1.7120801210403442,2.0413219928741455,2.3040964603424072,2.6691689491271973,2.9456069469451904,2.9273571968078613,3.2486040592193604,3.142685890197754,1.211402416229248,1.1168756484985352,0.9397649168968201,1.0744551420211792,1.2103289365768433,1.4100157022476196,1.6823034286499023,1.921553373336792,2.262603282928467,2.4961793422698975,2.8744728565216064,3.115211009979248,3.156475782394409,3.4325826168060303,3.3477609157562256,1.6392922401428223,1.5831046104431152,1.414844274520874,1.550257682800293,1.6465264558792114,1.7704054117202759,2.0248286724090576,2.175955295562744,2.547970771789551,2.75105619430542,3.077624797821045,3.3691465854644775,3.5477495193481445,3.8317360877990723,4.023247718811035
B4,1.1775429248809814,0.7958377599716187,0.7214290499687195,0.5170811414718628,0.6798987984657288,0.8104288578033447,1.09359610080719,1.353063702583313,1.683163046836853,1.9515432119369507,2.1671998500823975,2.46618914604187,2.405045747756958,2.7150678634643555,2.5717597007751465,1.0081787109375,0.6819479465484619,0.3785009980201721,0.0,0.376216322183609,0.6300352215766907,0.971902072429657,1.2531217336654663,1.5970098972320557,1.9027812480926514,2.155211925506592,2.4840087890625,2.4228906631469727,2.7647359371185303,2.6342685222625732,1.0682891607284546,0.8573503494262695,0.557806134223938,0.47600534558296204,0.6120420098304749,0.803052544593811,1.1198610067367554,1.3743160963058472,1.7241545915603638,1.9619663953781128,2.3223793506622314,2.5866782665252686,2.5575873851776123,2.8738367557525635,2.765535593032837,1.3476041555404663,1.2182657718658447,0.9669344425201416,0.9591740369796753,1.035409688949585,1.1468008756637573,1.4108290672302246,1.606793761253357,1.9607912302017212,2.16546368598938,2.548631429672241,2.771195650100708,2.8052866458892822,3.0701100826263428,2.9841864109039307,1.7224668264389038,1.6386502981185913,1.4141041040420532,1.4622349739074707,1.4998114109039307,1.5586493015289307,1.7830922603607178,1.8931859731674194,2.2661781311035156,2.4440789222717285,2.7867507934570312,3.0598766803741455,3.243055582046509,3.5144128799438477,3.7241568565368652
B5,1.4371062517166138,1.05564546585083,0.8626227378845215,0.6261383295059204,0.552173912525177,0.6304222345352173,0.8064314723014832,1.1026816368103027,1.3911468982696533,1.6957026720046997,1.9062707424163818,2.231459379196167,2.2177329063415527,2.533848524093628,2.440765857696533,1.344588041305542,0.9900379180908203,0.6283621788024902,0.376216322183609,0.0,0.3865596055984497,0.6421381235122681,0.9707508683204651,1.2809983491897583,1.610059380531311,1.893873929977417,2.237811326980591,2.2261102199554443,2.587449312210083,2.5063729286193848,1.3803192377090454,1.1021472215652466,0.7316524982452393,0.6043207049369812,0.4839673638343811,0.6534222364425659,0.8706095814704895,1.1439929008483887,1.45977783203125,1.7099467515945435,2.0890727043151855,2.363440990447998,2.384540557861328,2.7122881412506104,2.6515872478485107,1.5980806350708008,1.3901088237762451,1.065263271331787,1.0322879552841187,0.972162663936615,1.075775384902954,1.250504493713379,1.4537395238876343,1.771782398223877,1.987577199935913,2.372741937637329,2.589716911315918,2.669731855392456,2.93506121635437,2.8938729763031006,1.9071158170700073,1.7520934343338013,1.462564468383789,1.5123860836029053,1.4633958339691162,1.5409274101257324,1.6967370510101318,1.8247311115264893,2.169281005859375,2.363259792327881,2.7181248664855957,2.973259210586548,3.195307493209839,3.4410390853881836,3.6538684368133545
B6,1.7395540475845337,1.3647024631500244,1.159491777420044,0.8371717929840088,0.7372526526451111,0.5834738612174988,0.7049054503440857,0.8891207575798035,1.159985065460205,1.4239187240600586,1.5884027481079102,1.8956859111785889,1.8595428466796875,2.1643271446228027,2.0706682205200195,1.6369900703430176,1.307079792022705,0.969782292842865,0.6300352215766907,0.3865596055984497,0.0,0.3817802369594574,0.6233711242675781,0.9735059142112732,1.2741559743881226,1.5330995321273804,1.869348406791687,1.842278003692627,2.2015700340270996,2.1219210624694824,1.659888505935669,1.397402286529541,1.0369256734848022,0.7829856872558594,0.5937186479568481,0.4980939030647278,0.6647112965583801,0.8388166427612305,1.1799777746200562,1.3780850172042847,1.75527024269104,2.0066661834716797,2.0200138092041016,2.337985038757324,2.2796661853790283,1.8433490991592407,1.6354906558990479,1.295727252960205,1.1490452289581299,1.0218278169631958,0.9827346205711365,1.1026381254196167,1.2178453207015991,1.5385701656341553,1.701802134513855,2.0909337997436523,2.273927927017212,2.348759889602661,2.592254877090454,2.553870677947998,2.112499952316284,1.949903964996338,1.6355693340301514,1.5997973680496216,1.4887733459472656,1.4812021255493164,1.5782418251037598,1.6419556140899658,1.9722834825515747,2.125333547592163,2.4982073307037354,2.721367835998535,2.949512243270874,3.173119306564331,3.4102487564086914
B7,2.0480825901031494,1.6752761602401733,1.4289941787719727,1.1328258514404297,0.9199048280715942,0.7301508188247681,0.6337878108024597,0.7940821647644043,0.9483004808425903,1.2463217973709106,1.3753254413604736,1.7093243598937988,1.7344651222229004,2.03271222114563,2.0065836906433105,1.9749388694763184,1.6244653463363647,1.27024507522583,0.971902072429657,0.6421381235122681,0.3817802369594574,0.0,0.3786828815937042,0.6394769549369812,0.98613041639328,1.2812570333480835,1.6382313966751099,1.6786515712738037,2.0561976432800293,2.0439071655273438,1.9748406410217285,1.6742304563522339,1.294541835784912,1.054272174835205,0.7541125416755676,0.6117544770240784,0.5287979245185852,0.6698761582374573,0.9254308938980103,1.1318705081939697,1.5261070728302002,1.789217233657837,1.8696033954620361,2.198096752166748,2.2025084495544434,2.113517999649048,1.8566057682037354,1.486608862876892,1.3338595628738403,1.1071182489395142,1.0511053800582886,1.0360393524169922,1.135536551475525,1.3825407028198242,1.549591064453125,1.9278010129928589,2.1000325679779053,2.2311623096466064,2.4725027084350586,2.4901819229125977,2.3267087936401367,2.112713575363159,1.7608542442321777,1.724481225013733,1.5390417575836182,1.5455749034881592,1.557162880897522,1.634040355682373,1.9122083187103271,2.077779769897461,2.452047109603882,2.649500846862793,2.917062759399414,3.1083555221557617,3.3438186645507812
B8,2.3238155841827393,1.9598180055618286,1.7081292867660522,1.3735636472702026,1.1767901182174683,0.8848291039466858,0.752120316028595,0.7141642570495605,0.7909007668495178,1.001741886138916,1.0569356679916382,1.366087555885315,1.3741806745529175,1.6605803966522217,1.6474868059158325,2.2586629390716553,1.9297099113464355,1.5846304893493652,1.2531217336654663,0.9707508683204651,0.6233711242675781,0.3786828815937042,0.0,0.3885148763656616,0.6519051194190979,0.9281653165817261,1.2721713781356812,1.30876624584198,1.68588387966156,1.6873942613601685,2.269998550415039,1.9917031526565552,1.6237502098083496,1.3414719104766846,1.0672056674957275,0.8123559355735779,0.6708257794380188,0.5810359120368958,0.8043963313102722,0.8817514181137085,1.268247127532959,1.481742024421692,1.5640639066696167,1.8692610263824463,1.8854917287826538,2.4061777591705322,2.164999008178711,1.801205039024353,1.5950965881347656,1.3594629764556885,1.2026559114456177,1.13282310962677,1.1064653396606445,1.321773886680603,1.3985190391540527,1.7655622959136963,1.8775051832199097,2.0049519538879395,2.205321788787842,2.230767250061035,2.6069459915161133,2.4014790058135986,2.0487027168273926,1.9568482637405396,1.74318265914917,1.6759958267211914,1.632076382637024,1.6317965984344482,1.875292181968689,1.9817911386489868,2.3664891719818115,2.5171730518341064,2.7871739864349365,2.946087598800659,3.2097558975219727
B9,2.663977861404419,2.2987236976623535,2.0312798023223877,1.7184478044509888,1.4765503406524658,1.2037177085876465,0.9734866619110107,0.9053106307983398,0.8044929504394531,0.9958871006965637,0.9557250142097473,1.2682961225509644,1.3516638278961182,1.6017194986343384,1.674150824546814,2.6047894954681396,2.2597739696502686,1.9084490537643433,1.5970098972320557,1.2809983491897583,0.9735059142112732,0.6394769549369812,0.3885148763656616,0.0,0.397086501121521,0.7053190469741821,1.0695581436157227,1.2037994861602783,1.5854134559631348,1.6756950616836548,2.591369390487671,2.2868828773498535,1.9115729331970215,1.639235258102417,1.3208218812942505,1.0728707313537598,0.8038926720619202,0.648698627948761,0.6586129069328308,0.6866819858551025,1.0632990598678589,1.2785462141036987,1.4510002136230469,1.7573494911193848,1.853043794631958,2.6890227794647217,2.4145312309265137,2.0375125408172607,1.8300743103027344,1.5404647588729858,1.3797447681427002,1.2037001848220825,1.1473236083984375,1.2470006942749023,1.3059569597244263,1.6335841417312622,1.7212517261505127,1.9128625392913818,2.1031076908111572,2.1949925422668457,2.841438055038452,2.599435806274414,2.226771831512451,2.1321072578430176,1.8674006462097168,1.8097081184387207,1.6889482736587524,1.694610357284546,1.866843819618225,1.9766902923583984,2.3473925590515137,2.4631221294403076,2.7685229778289795,2.887972831726074,3.145372152328491
B10,2.937284231185913,2.5845019817352295,2.3057174682617188,1.9732106924057007,1.7392581701278687,1.4178942441940308,1.1831971406936646,0.9850271344184875,0.7905459403991699,0.8207009434700012,0.6432179808616638,0.9075590968132019,1.0142263174057007,1.24076509475708,1.3687618970870972,2.9062185287475586,2.5794975757598877,2.228062629699707,1.9027812480926514,1.610059380531311,1.2741559743881226,0.98613041639328,0.6519051194190979,0.397086501121521,0.0,0.40016651153564453,0.7108320593833923,0.905648410320282,1.2717111110687256,1.4103010892868042,2.9197423458099365,2.6352481842041016,2.2647886276245117,1.9784685373306274,1.6835696697235107,1.404707670211792,1.1609224081039429,0.9216976165771484,0.8827258944511414,0.7143006920814514,1.0016883611679077,1.0995010137557983,1.2954838275909424,1.5399998426437378,1.6666605472564697,3.0347378253936768,2.7774293422698975,2.406404733657837,2.17938494682312,1.9012454748153687,1.698232889175415,1.515944480895996,1.3800822496414185,1.4397929906845093,1.39637291431427,1.6780494451522827,1.6757336854934692,1.8627562522888184,1.983079433441162,2.089975118637085,3.1952733993530273,2.9657130241394043,2.597541570663452,2.4770162105560303,2.208521604537964,2.1071834564208984,1.9607125520706177,1.9058177471160889,2.040104389190674,2.0863170623779297,2.452441692352295,2.5121636390686035,2.812629222869873,2.890113353729248,3.1746087074279785
B11,3.2294163703918457,2.872154712677002,2.619386672973633,2.270900249481201,2.074345350265503,1.7419073581695557,1.5500731468200684,1.33319091796875,1.1604175567626953,1.1018701791763306,0.8137327432632446,0.9211912751197815,0.9397618770599365,1.0571902990341187,1.1944553852081299,3.1500799655914307,2.832460880279541,2.5026798248291016,2.155211925506592,1.893873929977417,1.5330995321273804,1.2812570333480835,0.9281653165817261,0.7053190469741821,0.40016651153564453,0.0,0.3817955255508423,0.5611189603805542,0.920325517654419,1.1039388179779053,3.1322922706604004,2.857483148574829,2.502795696258545,2.1822800636291504,1.9041863679885864,1.5771170854568481,1.3316236734390259,1.009727954864502,0.9089889526367188,0.5850012898445129,0.7288953065872192,0.7291136384010315,0.9325714111328125,1.1517510414123535,1.3143013715744019,3.211625099182129,2.962019205093384,2.601558208465576,2.3303098678588867,2.051849603652954,1.7887983322143555,1.5804439783096313,1.3572248220443726,1.3615477085113525,1.216535210609436,1.4420872926712036,1.3680695295333862,1.5444684028625488,1.6214194297790527,1.747743844985962,3.3359620571136475,3.1124327182769775,2.750485420227051,2.579371213912964,2.29559326171875,2.1372480392456055,1.9487789869308472,1.8295910358428955,1.9094977378845215,1.894006371498108,2.243868589401245,2.2532198429107666,2.547882318496704,2.590540647506714,2.8908703327178955
B12,3.5286808013916016,3.182140350341797,2.9251673221588135,2.5683913230895996,2.379985809326172,2.028144121170044,1.840447187423706,1.571607232093811,1.3709888458251953,1.2088626623153687,0.8448689579963684,0.7866718769073486,0.7847522497177124,0.7839773893356323,1.0006599426269531,3.4668970108032227,3.1637678146362305,2.836455821990967,2.4840087890625,2.237811326980591,1.869348406791687,1.6382313966751099,1.2721713781356812,1.0695581436157227,0.7108320593833923,0.3817955255508423,0.0,0.39372438192367554,0.6453615427017212,0.9228185415267944,3.466560125350952,3.206789016723633,2.857056140899658,2.531022548675537,2.268339157104492,1.932625412940979,1.7051752805709839,1.3713322877883911,1.2659752368927002,0.9055183529853821,0.9084658622741699,0.731648862361908,0.9226034283638,1.0106092691421509,1.2125377655029297,3.5565693378448486,3.320186138153076,2.965519905090332,2.684736490249634,2.4167025089263916,2.1361005306243896,1.9325326681137085,1.677640676498413,1.6578972339630127,1.4492119550704956,1.607072114944458,1.443123698234558,1.594628930091858,1.5785609483718872,1.7166941165924072,3.6853461265563965,3.472080707550049,3.1154518127441406,2.92901349067688,2.647115707397461,2.4638633728027344,2.264723300933838,2.1075661182403564,2.154252052307129,2.084143877029419,2.41186261177063,2.3660552501678467,2.6434519290924072,2.6409714221954346,2.9605937004089355
B13,3.4741268157958984,3.1310784816741943,2.9083919525146484,2.5371432304382324,2.403235912322998,2.0444085597991943,1.9258863925933838,1.6573188304901123,1.5405129194259644,1.3732904195785522,1.0494340658187866,0.9587292671203613,0.7763996124267578,0.7281460165977478,0.792972207069397,3.3706612586975098,3.0905354022979736,2.7916629314422607,2.4228906631469727,2.2261102199554443,1.842278003692627,1.6786515712738037,1.30876624584198,1.2037994861602783,0.905648410320282,0.5611189603805542,0.39372438192367554,0.0,0.38368210196495056,0.5568491220474243,3.3595352172851562,3.127819299697876,2.8021531105041504,2.453221082687378,2.23313570022583,1.8699039220809937,1.6973336935043335,1.3384203910827637,1.300902009010315,0.931488573551178,0.8975101709365845,0.6867656707763672,0.6949623823165894,0.75225830078125,0.8633077144622803,3.4424057006835938,3.2358322143554688,2.9027698040008545,2.593827962875366,2.3596889972686768,2.0410096645355225,1.8776758909225464,1.5811296701431274,1.6037886142730713,1.3476574420928955,1.5080592632293701,1.3275576829910278,1.3879752159118652,1.3481734991073608,1.4160473346710205,3.570786476135254,3.3876233100891113,3.0516912937164307,2.8307199478149414,2.571369171142578,2.341015338897705,2.1617746353149414,1.9523491859436035,2.012643337249756,1.8914108276367188,2.219935655593872,2.1690449714660645,2.407029390335083,2.4183108806610107,2.7582108974456787
