,A1,A2,A3,A4,A5,A6,A7,A8,A9,A10,A11,A12,A13,A14,A15,B1,B2,B3,B4,B5,B6,B7,B8,B9,B10,B11,B12,B13,B14,B15,C1,C2,C3,C4,C5,C6,C7,C8,C9,C10,C11,C12,C13,C14,C15,D1,D2,D3,D4,D5,D6,D7,D8,D9,D10,D11,D12,D13,D14,D15,E1,E2,E3,E4,E5,E6,E7,E8,E9,E10,E11,E12,E13,E14,E15
A1,0.0,0.38403451442718506,0.7039794325828552,1.0090806484222412,1.3286434412002563,1.6454659700393677,1.9387269020080566,2.283679246902466,2.538831949234009,2.88108491897583,3.0048165321350098,3.3762662410736084,3.5100038051605225,3.8691353797912598,3.9103572368621826,1.4443596601486206,1.3001275062561035,1.1657936573028564,1.2119520902633667,1.5735355615615845,1.779151201248169,2.1363115310668945,2.399782657623291,2.718965768814087,3.0276899337768555,3.2225780487060547,3.571439027786255,3.765716314315796,4.089277267456055,4.095861434936523,1.6443551778793335,1.434647798538208,1.4801244735717773,1.467843770980835,1.8205393552780151,1.9695130586624146,2.33682918548584,2.555927038192749,2.896470069885254,3.1693265438079834,3.424690008163452,3.7282371520996094,3.9725301265716553,4.252527713775635,4.262873649597168,1.8595856428146362,1.6655820608139038,1.691440463066101,1.6202532052993774,1.9815685749053955,2.0717151165008545,2.4523563385009766,2.6259069442749023,2.9872217178344727,3.226039409637451,3.478651762008667,3.779754161834717,4.040456295013428,4.292518615722656,4.303652763366699,2.01973819732666,1.863124966621399,1.8671257495880127,1.7379159927368164,2.072404384613037,2.058936595916748,2.442514181137085,2.5450899600982666,2.903939723968506,3.1079540252685547,3.2165544033050537,3.553718090057373,3.5182056427001953,3.8835463523864746,3.995392084121704
A2,0.38403451442718506,0.0,0.39681336283683777,0.6700958013534546,0.9778579473495483,1.2965903282165527,1.5743554830551147,1.9233754873275757,2.165057420730591,2.509016275405884,2.624427318572998,2.9957921504974365,3.131901979446411,3.489093065261841,3.529487133026123,1.2240843772888184,1.024043321609497,0.8184687495231628,0.8497681617736816,1.195453405380249,1.4150974750518799,1.7631144523620605,2.0375170707702637,2.3508870601654053,2.667151927947998,2.86633038520813,3.2106432914733887,3.418034791946411,3.7330503463745117,3.7383134365081787,1.4678328037261963,1.2505948543548584,1.2087502479553223,1.187057375907898,1.5057340860366821,1.656516194343567,2.0135254859924316,2.2326772212982178,2.5744242668151855,2.8456320762634277,3.1149344444274902,3.4043452739715576,3.6663978099823,3.9319608211517334,3.9426655769348145,1.7385895252227783,1.551753282546997,1.4994548559188843,1.4183495044708252,1.7459872961044312,1.822371482849121,2.1969809532165527,2.357098340988159,2.7269723415374756,2.952134847640991,3.2291646003723145,3.511813163757324,3.7913119792938232,4.0278143882751465,4.03896427154541,1.9673587083816528,1.8245512247085571,1.758060097694397,1.6278263330459595,1.920379400253296,1.8819713592529297,2.257173776626587,2.33296799659729,2.7066900730133057,2.8864026069641113,3.025421619415283,3.3489224910736084,3.322115421295166,3.6792969703674316,3.822230339050293
A3,0.7039794325828552,0.39681336283683777,0.0,0.39082083106040955,0.6332911252975464,0.9713225960731506,1.2518919706344604,1.600694179534912,1.8651949167251587,2.211785316467285,2.369011640548706,2.73551869392395,2.905442714691162,3.255530595779419,3.3273677825927734,1.421735167503357,1.174726963043213,0.8548566699028015,0.7885671257972717,1.0462760925292969,1.2141698598861694,1.5582489967346191,1.7983306646347046,2.135838747024536,2.4320297241210938,2.6705987453460693,2.9988462924957275,3.231539011001587,3.537336587905884,3.572608470916748,1.6934261322021484,1.4552274942398071,1.309021234512329,1.2037734985351562,1.4587891101837158,1.5340969562530518,1.8832476139068604,2.0486745834350586,2.4110400676727295,2.6448171138763428,2.9430134296417236,3.215529203414917,3.486639976501465,3.7488181591033936,3.7907445430755615,1.9578304290771484,1.7442872524261475,1.608456015586853,1.451187252998352,1.7265217304229736,1.7213094234466553,2.0868241786956787,2.1872634887695312,2.5706939697265625,2.7536330223083496,3.0455703735351562,3.31949520111084,3.594532012939453,3.836819887161255,3.8784821033477783,2.1683895587921143,1.9919540882110596,1.8554800748825073,1.6640896797180176,1.8970012664794922,1.779968500137329,2.1313281059265137,2.1450202465057373,2.5186595916748047,2.6552813053131104,2.7880873680114746,3.093381404876709,3.041008949279785,3.396775484085083,3.559080123901367
A4,1.0090806484222412,0.6700958013534546,0.39082083106040955,0.0,0.40706998109817505,0.6425918340682983,0.9718924760818481,1.2875645160675049,1.5706583261489868,1.8936268091201782,2.048525810241699,2.416543960571289,2.567517042160034,2.9246208667755127,3.011434316635132,1.4358175992965698,1.123427391052246,0.7864722013473511,0.5527135729789734,0.7622434496879578,0.8495768308639526,1.2112059593200684,1.4280797243118286,1.7744919061660767,2.0599958896636963,2.2964940071105957,2.6277804374694824,2.852135419845581,3.1639413833618164,3.209866762161255,1.6152889728546143,1.3440096378326416,1.1167998313903809,0.9312900900840759,1.1347393989562988,1.1625909805297852,1.507997989654541,1.6592652797698975,2.0244367122650146,2.2543485164642334,2.553495168685913,2.825789451599121,3.0962932109832764,3.3590657711029053,3.4056754112243652,1.828648567199707,1.59842848777771,1.3876723051071167,1.1876895427703857,1.4090280532836914,1.369341254234314,1.72305166721344,1.8102068901062012,2.195035219192505,2.3727924823760986,2.6738009452819824,2.938927173614502,3.2227306365966797,3.4563515186309814,3.496338367462158,2.0282063484191895,1.8478366136550903,1.645960807800293,1.4448429346084595,1.6186679601669312,1.4778354167938232,1.8106287717819214,1.8088457584381104,2.1891987323760986,2.316497802734375,2.477984666824341,2.776176691055298,2.7482986450195312,3.0938079357147217,3.2732741832733154
A5,1.3286434412002563,0.9778579473495483,0.6332911252975464,0.40706998109817505,0.0,0.3873426616191864,0.620340883731842,0.9735913872718811,1.2394142150878906,1.5866209268569946,1.7684247493743896,2.1280124187469482,2.326167583465576,2.6657629013061523,2.7640540599823,1.568033218383789,1.2769767045974731,0.8914893269538879,0.7079188823699951,0.6943765878677368,0.7670727372169495,1.0477652549743652,1.2527101039886475,1.5939408540725708,1.8752979040145874,2.1505062580108643,2.4523417949676514,2.7204864025115967,3.0029969215393066,3.0603621006011963,1.839651346206665,1.61447274684906,1.3259145021438599,1.160858392715454,1.2443606853485107,1.2323402166366577,1.515247106552124,1.6170614957809448,1.9810523986816406,2.1718127727508545,2.5060973167419434,2.7375497817993164,3.03635835647583,3.270650863647461,3.335287094116211,2.1168007850646973,1.9185172319412231,1.6636431217193604,1.468759298324585,1.6112289428710938,1.5203207731246948,1.8291101455688477,1.8523823022842407,2.2375714778900146,2.359527587890625,2.6902918815612793,2.9217140674591064,3.215808629989624,3.433500051498413,3.4943575859069824,2.3653361797332764,2.201491355895996,1.9645731449127197,1.763027548789978,1.87363862991333,1.6841166019439697,1.9677473306655884,1.8948054313659668,2.266846179962158,2.3286638259887695,2.5015757083892822,2.761997938156128,2.7111563682556152,3.042149305343628,3.2601852416992188
A6,1.6454659700393677,1.2965903282165527,0.9713225960731506,0.6425918340682983,0.3873426616191864,0.0,0.3933646082878113,0.6512663960456848,0.9705243110656738,1.275985598564148,1.4812934398651123,1.836185336112976,2.024413585662842,2.367565155029297,2.4988133907318115,1.7705336809158325,1.4507522583007812,1.1007602214813232,0.8234712481498718,0.6824604272842407,0.5493713021278381,0.7917629480361938,0.9113875031471252,1.2760367393493652,1.523362398147583,1.815702199935913,2.1106324195861816,2.3766982555389404,2.6621453762054443,2.745879888534546,1.9484484195709229,1.7049472332000732,1.3689686059951782,1.1358920335769653,1.1181533336639404,1.003470778465271,1.241268277168274,1.2810949087142944,1.6486217975616455,1.809058666229248,2.1537017822265625,2.375981092453003,2.6733322143554688,2.9077706336975098,2.991015911102295,2.157500982284546,1.946987271308899,1.6365095376968384,1.4020347595214844,1.4548825025558472,1.2961095571517944,1.5587912797927856,1.5315338373184204,1.9107974767684937,2.0029420852661133,2.343806028366089,2.5601024627685547,2.8570828437805176,3.0679235458374023,3.139179229736328,2.370001792907715,2.198863983154297,1.9094634056091309,1.6964309215545654,1.72505784034729,1.4964876174926758,1.7266108989715576,1.6103311777114868,1.9729163646697998,2.0029449462890625,2.1998112201690674,2.4404218196868896,2.4066812992095947,2.72198486328125,2.9607467651367188
A7,1.9387269020080566,1.5743554830551147,1.2518919706344604,0.9718924760818481,0.620340883731842,0.3933646082878113,0.0,0.3866695165634155,0.6234443187713623,0.973725438117981,1.1836248636245728,1.5296170711517334,1.7636641263961792,2.0853238105773926,2.2124252319335938,1.8643604516983032,1.5805377960205078,1.2355592250823975,1.0388883352279663,0.7590993642807007,0.6623969078063965,0.703643798828125,0.8156166672706604,1.1200168132781982,1.3715208768844604,1.685404658317566,1.941594123840332,2.2528133392333984,2.4974939823150635,2.5754446983337402,2.110171318054199,1.9214882850646973,1.559177041053772,1.386075735092163,1.2810070514678955,1.183529257774353,1.32321298122406,1.3344920873641968,1.6620622873306274,1.7896614074707031,2.1549665927886963,2.3233578205108643,2.6533305644989014,2.843264579772949,2.9276180267333984,2.3839681148529053,2.2187659740448,1.892507791519165,1.7017096281051636,1.7025796175003052,1.548569917678833,1.752764344215393,1.6906177997589111,2.044564962387085,2.089261293411255,2.454416036605835,2.6219770908355713,2.935605049133301,3.112645149230957,3.1874892711639404,2.6601943969726562,2.5230729579925537,2.2233569622039795,2.0414998531341553,2.0390493869781494,1.8130266666412354,2.0006020069122314,1.848989486694336,2.1903202533721924,2.1660070419311523,2.3834846019744873,2.579786539077759,2.5413572788238525,2.827850580215454,3.1038622856140137
A8,2.283679246902466,1.9233754873275757,1.600694179534912,1.2875645160675049,0.9735913872718811,0.6512663960456848,0.3866695165634155,0.0,0.3861357271671295,0.643463134765625,0.9208350777626038,1.2415375709533691,1.4857391119003296,1.797240138053894,1.9739067554473877,2.1677680015563965,1.8752942085266113,1.5619527101516724,1.327998399734497,1.017013430595398,0.7953604459762573,0.6983121037483215,0.6193317770957947,0.8969017267227173,1.068660020828247,1.4183512926101685,1.6391814947128296,1.9622724056243896,2.1931567192077637,2.309061288833618,2.3471839427948,2.151937961578369,1.7725317478179932,1.5648444890975952,1.3841832876205444,1.2027827501296997,1.2479918003082275,1.1594337224960327,1.4554457664489746,1.5150521993637085,1.8935675621032715,2.0271730422973633,2.358820915222168,2.534914970397949,2.6479320526123047,2.5651257038116455,2.395308494567871,2.0387234687805176,1.8271552324295044,1.74874746799469,1.5390321016311646,1.6661361455917358,1.5337635278701782,1.853842854499817,1.8392421007156372,2.211228370666504,2.3441665172576904,2.655810832977295,2.8171939849853516,2.910735607147217,2.806218147277832,2.6650495529174805,2.3322975635528564,2.145698308944702,2.0712437629699707,1.8175841569900513,1.9324389696121216,1.7300070524215698,2.03438401222229,1.9550507068634033,2.1898529529571533,2.344080686569214,2.316256046295166,2.5719897747039795,2.874986410140991
A9,2.538831949234009,2.165057420730591,1.8651949167251587,1.5706583261489868,1.2394142150878906,0.9705243110656738,0.6234443187713623,0.3861357271671295,0.0,0.3861607313156128,0.6078102588653564,0.9222208857536316,1.2060859203338623,1.4949973821640015,1.648413896560669,2.223839282989502,1.96873939037323,1.686901330947876,1.514550805091858,1.144883394241333,0.9874746799468994,0.7468510270118713,0.6898379921913147,0.7983747720718384,0.9769083261489868,1.3055254220962524,1.4781177043914795,1.8388774394989014,2.0196516513824463,2.108217716217041,2.4368250370025635,2.2949371337890625,1.906731367111206,1.7606157064437866,1.5254921913146973,1.3945811986923218,1.358303427696228,1.2842622995376587,1.5053685903549194,1.5523560047149658,1.9230488538742065,1.998371958732605,2.359823703765869,2.4798359870910645,2.5724353790283203,2.704754590988159,2.5833466053009033,2.2232279777526855,2.0652658939361572,1.9565898180007935,1.7854068279266357,1.8694913387298584,1.7450932264328003,2.026540994644165,1.9921287298202515,2.3745226860046387,2.4555273056030273,2.786912441253662,2.9015932083129883,2.9772307872772217,3.0086097717285156,2.908623456954956,2.5760629177093506,2.4327614307403564,2.348494529724121,2.1256065368652344,2.2224817276000977,2.0267791748046875,2.3143842220306396,2.214686393737793,2.4733119010925293,2.5950989723205566,2.584193468093872,2.806816577911377,3.1326162815093994
A10,2.88108491897583,2.509016275405884,2.211785316467285,1.8936268091201782,1.5866209268569946,1.275985598564148,0.973725438117981,0.643463134765625,0.3861607313156128,0.0,0.3908345699310303,0.6197443604469299,0.9177963137626648,1.183732271194458,1.3999618291854858,2.531592845916748,2.272193670272827,2.0183522701263428,1.8204854726791382,1.4496759176254272,1.2326641082763672,0.939262330532074,0.7394746541976929,0.7111047506332397,0.7401535511016846,1.0790424346923828,1.179060697555542,1.5554863214492798,1.7036497592926025,1.8303093910217285,2.6832032203674316,2.539844036102295,2.1477506160736084,1.9830803871154785,1.7006479501724243,1.5217055082321167,1.3976424932479858,1.2435044050216675,1.3869853019714355,1.3527889251708984,1.7147276401519775,1.7318446636199951,2.0946156978607178,2.182278633117676,2.2982540130615234,2.9006364345550537,2.781388759613037,2.404869318008423,2.2410836219787598,2.0709586143493652,1.8713551759719849,1.8781723976135254,1.7037594318389893,1.9264360666275024,1.8332207202911377,2.2097861766815186,2.2392358779907227,2.5677788257598877,2.6505138874053955,2.736109733581543,3.175305128097534,3.0788004398345947,2.7257583141326904,2.589061737060547,2.4489095211029053,2.2196035385131836,2.251288414001465,2.027329444885254,2.26717472076416,2.121528148651123,2.39567232131958,2.46924090385437,2.479870319366455,2.6586649417877197,3.0060300827026367
A11,3.0048165321350098,2.624427318572998,2.369011640548706,2.048525810241699,1.7684247493743896,1.4812934398651123,1.1836248636245728,0.9208350777626038,0.6078102588653564,0.3908345699310303,0.0,0.3728138208389282,0.6025377511978149,0.9030764102935791,1.05418860912323,2.461442470550537,2.2299816608428955,2.0320627689361572,1.8692760467529297,1.478511095046997,1.3019250631332397,0.9381676316261292,0.7994391918182373,0.5872281193733215,0.6605260968208313,0.889739453792572,0.9741286635398865,1.3586490154266357,1.479575514793396,1.541787028312683,2.589097023010254,2.4913599491119385,2.1039445400238037,1.993627667427063,1.6670125722885132,1.5453132390975952,1.3560590744018555,1.2584962844848633,1.320648193359375,1.3262168169021606,1.648706316947937,1.635021448135376,2.020315408706665,2.0620713233947754,2.1226305961608887,2.822378396987915,2.751823663711548,2.378892421722412,2.274935007095337,2.0774943828582764,1.935928225517273,1.9113668203353882,1.7849624156951904,1.9732784032821655,1.9087214469909668,2.285390615463257,2.2816083431243896,2.637483835220337,2.673429012298584,2.7097926139831543,3.1463983058929443,3.0974032878875732,2.750617027282715,2.670046329498291,2.526841640472412,2.3501174449920654,2.38114857673645,2.199754238128662,2.440056324005127,2.320570230484009,2.6266841888427734,2.701772928237915,2.755208969116211,2.917745590209961,3.26399302482605
A12,3.3762662410736084,2.9957921504974365,2.73551869392395,2.416543960571289,2.1280124187469482,1.836185336112976,1.5296170711517334,1.2415375709533691,0.9222208857536316,0.6197443604469299,0.3728138208389282,0.0,0.4051415026187897,0.583507776260376,0.8017628788948059,2.8007640838623047,2.5829684734344482,2.3964011669158936,2.2406740188598633,1.8492000102996826,1.6694376468658447,1.3035893440246582,1.131611704826355,0.870812714099884,0.8020221590995789,0.956582248210907,0.8920717239379883,1.2853267192840576,1.311763882637024,1.3918167352676392,2.9214484691619873,2.83737850189209,2.4535350799560547,2.347430944442749,2.0066652297973633,1.8738350868225098,1.6456940174102783,1.5100631713867188,1.4995394945144653,1.43267023563385,1.7163820266723633,1.6199369430541992,1.997583031654358,1.9747830629348755,2.0472426414489746,3.1450071334838867,3.085742235183716,2.710885524749756,2.6113104820251465,2.3877811431884766,2.2365527153015137,2.1671836376190186,2.011855363845825,2.147141695022583,2.032768487930298,2.3901164531707764,2.3297340869903564,2.6732029914855957,2.6670761108398438,2.7097606658935547,3.4645564556121826,3.4232046604156494,3.070281744003296,2.995272636413574,2.8255419731140137,2.64556884765625,2.637899160385132,2.4375851154327393,2.638324022293091,2.4808132648468018,2.786048173904419,2.8151419162750244,2.8739044666290283,2.994199752807617,3.3568923473358154
A13,3.5100038051605225,3.131901979446411,2.905442714691162,2.567517042160034,2.326167583465576,2.024413585662842,1.7636641263961792,1.4857391119003296,1.2060859203338623,0.9177963137626648,0.6025377511978149,0.4051415026187897,0.0,0.37696653604507446,0.5643293857574463,2.840714931488037,2.6268327236175537,2.492769241333008,2.328131914138794,1.9507273435592651,1.7581415176391602,1.3804618120193481,1.2028098106384277,0.8520088791847229,0.7351949214935303,0.7143731713294983,0.5854363441467285,0.9496713876724243,0.956716775894165,0.9934720396995544,2.8783795833587646,2.8090412616729736,2.4398691654205322,2.3476500511169434,1.975281834602356,1.853934407234192,1.5628193616867065,1.4412657022476196,1.3330508470535278,1.2730066776275635,1.4898440837860107,1.3584728240966797,1.7376329898834229,1.6769248247146606,1.7021067142486572,3.053395986557007,3.0191457271575928,2.6477253437042236,2.581089496612549,2.3156938552856445,2.195380926132202,2.072291851043701,1.9433820247650146,2.0218935012817383,1.9236879348754883,2.262629985809326,2.1674084663391113,2.5262012481689453,2.475780963897705,2.471590042114258,3.3655781745910645,3.3545029163360596,3.0023748874664307,2.9699342250823975,2.7743167877197266,2.6368236541748047,2.6021780967712402,2.4360523223876953,2.616213083267212,2.4803149700164795,2.8121163845062256,2.838632822036743,2.9487876892089844,3.0487616062164307,3.4019484519958496
A14,3.8691353797912598,3.489093065261841,3.255530595779419,2.9246208667755127,2.6657629013061523,2.367565155029297,2.0853238105773926,1.797240138053894,1.4949973821640015,1.183732271194458,0.9030764102935791,0.583507776260376,0.37696653604507446,0.0,0.3861830532550812,3.172078847885132,2.974512815475464,2.8424181938171387,2.692591428756714,2.3092055320739746,2.1270320415496826,1.7481566667556763,1.568050503730774,1.226699709892273,1.0722147226333618,1.0243496894836426,0.7809717655181885,1.0819979906082153,0.9478817582130432,0.9846351146697998,3.225438356399536,3.171902894973755,2.805807590484619,2.723067045211792,2.3495357036590576,2.229051351547241,1.9314415454864502,1.7945239543914795,1.6576646566390991,1.5507581233978271,1.7251088619232178,1.5238282680511475,1.872910976409912,1.7398699522018433,1.7704321146011353,3.409219741821289,3.3864541053771973,3.017563581466675,2.9556806087493896,2.683565139770508,2.5587737560272217,2.4172863960266113,2.270758867263794,2.316269874572754,2.181812047958374,2.4968068599700928,2.3561019897460938,2.6934800148010254,2.604200601577759,2.6058199405670166,3.727010488510132,3.7226014137268066,3.3700032234191895,3.3395049571990967,3.1333067417144775,2.991145372390747,2.936126947402954,2.755265474319458,2.9080729484558105,2.743044137954712,3.0661914348602295,3.0555148124694824,3.1620709896087646,3.227513313293457,3.591837167739868
A15,3.9103572368621826,3.529487133026123,3.3273677825927734,3.011434316635132,2.7640540599823,2.4988133907318115,2.2124252319335938,1.9739067554473877,1.648413896560669,1.3999618291854858,1.05418860912323,0.8017628788948059,0.5643293857574463,0.3861830532550812,0.0,3.078867197036743,2.9183194637298584,2.82650089263916,2.720676898956299,2.3382351398468018,2.2092511653900146,1.8219956159591675,1.7144948244094849,1.3512053489685059,1.2853840589523315,1.1761142015457153,0.9882193207740784,1.236291527748108,1.0925172567367554,0.986330509185791,3.1395151615142822,3.1320877075195312,2.782712459564209,2.754281997680664,2.376986026763916,2.3180878162384033,2.0181362628936768,1.9500409364700317,1.801213026046753,1.7627922296524048,1.9109703302383423,1.7274209260940552,2.077509880065918,1.926452398300171,1.883375883102417,3.358314037322998,3.3795347213745117,3.028545618057251,3.017484664916992,2.7548439502716064,2.683579444885254,2.554752826690674,2.460475206375122,2.51225209236145,2.424800157546997,2.742042303085327,2.608180284500122,2.9619367122650146,2.8577771186828613,2.8160617351531982,3.7289257049560547,3.763374090194702,3.429264783859253,3.438394784927368,3.2553510665893555,3.1513943672180176,3.1235454082489014,2.9791173934936523,3.1545722484588623,3.023634433746338,3.359673261642456,3.372607946395874,3.4913229942321777,3.570481538772583,3.9274635314941406
B1,1.4443596601486206,1.2240843772888184,1.421735167503357,1.4358175992965698,1.568033218383789,1.7705336809158325,1.8643604516983032,2.1677680015563965,2.223839282989502,2.531592845916748,2.461442470550537,2.8007640838623047,2.840714931488037,3.172078847885132,3.078867197036743,0.0,0.36286285519599915,0.6810495853424072,1.011791467666626,1.1753679513931274,1.5317630767822266,1.6934125423431396,2.0689942836761475,2.2075605392456055,2.5860722064971924,2.6573801040649414,2.9884350299835205,3.16963791847229,3.438162326812744,3.3198070526123047,0.697620153427124,0.8668767213821411,0.883323609828949,1.2288457155227661,1.3735207319259644,1.7321410179138184,1.9401614665985107,2.279832363128662,2.4988558292388916,2.8414788246154785,3.057701349258423,3.2994801998138428,3.5998826026916504,3.7827041149139404,3.684746265411377,1.3333680629730225,1.4427741765975952,1.4160927534103394,1.6257885694503784,1.830323576927185,2.0735323429107666,2.350876569747925,2.5934531688690186,2.902637243270874,3.1611433029174805,3.4696857929229736,3.6737875938415527,4.023711681365967,4.161485195159912,4.077839374542236,1.9196710586547852,2.018258810043335,1.965563416481018,2.069608211517334,2.2972331047058105,2.3889729976654053,2.716731309890747,2.8374412059783936,3.2133212089538574,3.390197277069092,3.6353554725646973,3.9286882877349854,3.9875478744506836,4.299713611602783,4.496309757232666
B2,1.3001275062561035,1.024043321609497,1.174726963043213,1.123427391052246,1.2769767045974731,1.4507522583007812,1.5805377960205078,1.8752942085266113,1.96873939037323,2.272193670272827,2.2299816608428955,2.5829684734344482,2.6268327236175537,2.974512815475464,2.9183194637298584,0.36286285519599915,0.0,0.39657291769981384,0.6621899604797363,0.8628133535385132,1.1981316804885864,1.3986093997955322,1.762237310409546,1.933790922164917,2.3040809631347656,2.393911123275757,2.737114429473877,2.9173526763916016,3.2044315338134766,3.116473436355591,0.6626273989677429,0.6686238646507263,0.5764949917793274,0.8825652003288269,1.0448479652404785,1.3879151344299316,1.62276029586792,1.9532713890075684,2.1946332454681396,2.5321624279022217,2.757434844970703,3.0127148628234863,3.3067474365234375,3.5086216926574707,3.4329276084899902,1.2041478157043457,1.2332507371902466,1.1399794816970825,1.300350308418274,1.5047117471694946,1.7250099182128906,2.014119863510132,2.2472431659698486,2.5668044090270996,2.8225646018981934,3.1303417682647705,3.3446340560913086,3.6880292892456055,3.8391425609588623,3.770286798477173,1.7352118492126465,1.7855814695358276,1.6860270500183105,1.755730152130127,1.967848539352417,2.0381429195404053,2.364954710006714,2.4772708415985107,2.854689121246338,3.0301225185394287,3.2728171348571777,3.567248582839966,3.626354455947876,3.9393157958984375,4.133695125579834
B3,1.1657936573028564,0.8184687495231628,0.8548566699028015,0.7864722013473511,0.8914893269538879,1.1007602214813232,1.2355592250823975,1.5619527101516724,1.686901330947876,2.0183522701263428,2.0320627689361572,2.3964011669158936,2.492769241333008,2.8424181938171387,2.82650089263916,0.6810495853424072,0.39657291769981384,0.0,0.3958764672279358,0.5963059663772583,0.9572386741638184,1.1960262060165405,1.5527901649475098,1.776384949684143,2.140428066253662,2.2897777557373047,2.626410722732544,2.8435399532318115,3.1294913291931152,3.081540107727051,1.0300147533416748,0.9270534515380859,0.7178342342376709,0.8565922379493713,1.0113823413848877,1.2746381759643555,1.5408484935760498,1.8205451965332031,2.1080353260040283,2.411194086074829,2.677905797958374,2.9267241954803467,3.231689691543579,3.4419143199920654,3.407353401184082,1.4819203615188599,1.420549750328064,1.2583061456680298,1.2964001893997192,1.4983144998550415,1.6312392950057983,1.9417072534561157,2.1190240383148193,2.468529224395752,2.6881844997406006,3.011277675628662,3.231519937515259,3.5665862560272217,3.7374494075775146,3.707291841506958,1.9247757196426392,1.8988194465637207,1.7499386072158813,1.7293509244918823,1.9235804080963135,1.9162832498550415,2.24396014213562,2.3044681549072266,2.689659833908081,2.8336105346679688,3.0599758625030518,3.3469252586364746,3.373150587081909,3.6935641765594482,3.8977556228637695
B4,1.2119520902633667,0.8497681617736816,0.7885671257972717,0.5527135729789734,0.7079188823699951,0.8234712481498718,1.0388883352279663,1.327998399734497,1.514550805091858,1.8204854726791382,1.8692760467529297,2.2406740188598633,2.328131914138794,2.692591428756714,2.720676898956299,1.011791467666626,0.6621899604797363,0.3958764672279358,0.0,0.40258556604385376,0.6453763842582703,0.9630415439605713,1.275012731552124,1.5442551374435425,1.8823341131210327,2.0470359325408936,2.3953490257263184,2.598334789276123,2.9067139625549316,2.894622564315796,1.1432769298553467,0.9204840660095215,0.6239938735961914,0.5665514469146729,0.7299317121505737,0.9237273931503296,1.230555534362793,1.4865654706954956,1.7999075651168823,2.093121290206909,2.362407684326172,2.629603862762451,2.918302536010742,3.152764320373535,3.1423087120056152,1.4328594207763672,1.288110375404358,1.0505850315093994,0.9903537631034851,1.1729406118392944,1.2575485706329346,1.579586148262024,1.7428157329559326,2.10148024559021,2.320152997970581,2.6368567943573,2.8703765869140625,3.1950478553771973,3.3809921741485596,3.364936351776123,1.7734867334365845,1.6929941177368164,1.486289381980896,1.4165781736373901,1.57493257522583,1.5359699726104736,1.8568856716156006,1.9088718891143799,2.294314384460449,2.4408435821533203,2.6666746139526367,2.9567394256591797,2.9907360076904297,3.3108279705047607,3.5098278522491455
B5,1.5735355615615845,1.195453405380249,1.0462760925292969,0.7622434496879578,0.6943765878677368,0.6824604272842407,0.7590993642807007,1.017013430595398,1.144883394241333,1.4496759176254272,1.478511095046997,1.8492000102996826,1.9507273435592651,2.3092055320739746,2.3382351398468018,1.1753679513931274,0.8628133535385132,0.5963059663772583,0.40258556604385376,0.0,0.39490729570388794,0.6087760329246521,0.9591258764266968,1.2014625072479248,1.5562068223953247,1.736497402191162,2.067239999771118,2.3039848804473877,2.5891096591949463,2.577965497970581,1.3529932498931885,1.1902871131896973,0.8257693648338318,0.76679927110672,0.7087204456329346,0.8499236702919006,1.0653661489486694,1.2913496494293213,1.5908843278884888,1.8619110584259033,2.157775402069092,2.385972499847412,2.705143451690674,2.9080538749694824,2.9037559032440186,1.670100450515747,1.5614742040634155,1.26492440700531,1.1993803977966309,1.2620162963867188,1.2903000116348267,1.5493236780166626,1.6581575870513916,2.008434295654297,2.1815218925476074,2.5290632247924805,2.7223405838012695,3.065967321395874,3.225177526473999,3.2162556648254395,2.0413873195648193,1.9787342548370361,1.7238174676895142,1.6543819904327393,1.7295594215393066,1.647948980331421,1.9121630191802979,1.90573251247406,2.282111644744873,2.3738179206848145,2.6278276443481445,2.8817129135131836,2.917466878890991,3.215400457382202,3.4520552158355713
B6,1.779151201248169,1.4150974750518799,1.2141698598861694,0.8495768308639526,0.7670727372169495,0.5493713021278381,0.6623969078063965,0.7953604459762573,0.9874746799468994,1.2326641082763672,1.3019250631332397,1.6694376468658447,1.7581415176391602,2.1270320415496826,2.2092511653900146,1.5317630767822266,1.1981316804885864,0.9572386741638184,0.6453763842582703,0.39490729570388794,0.0,0.3879009187221527,0.63405841588974,0.9416795372962952,1.2547376155853271,1.460636854171753,1.7976679801940918,2.0237698554992676,2.328113555908203,2.3612442016601562,1.5856812000274658,1.3668146133422852,0.9873328804969788,0.7789666056632996,0.6209390759468079,0.5670660734176636,0.7716180682182312,0.931073009967804,1.2626211643218994,1.5082987546920776,1.8174076080322266,2.0549211502075195,2.3630311489105225,2.585110664367676,2.611591100692749,1.7706502676010132,1.6105595827102661,1.260388731956482,1.1033334732055664,1.0761288404464722,1.0052545070648193,1.23232102394104,1.2908751964569092,1.6465293169021606,1.7987140417099,2.150120258331299,2.3444221019744873,2.6825313568115234,2.85009503364563,2.8595168590545654,2.042309522628784,1.9394720792770386,1.629669189453125,1.5166593790054321,1.511309266090393,1.377828598022461,1.5954917669296265,1.5521267652511597,1.919808268547058,1.992165446281433,2.2574610710144043,2.5005946159362793,2.548792600631714,2.83705735206604,3.080010175704956
B7,2.1363115310668945,1.7631144523620605,1.5582489967346191,1.2112059593200684,1.0477652549743652,0.7917629480361938,0.703643798828125,0.6983121037483215,0.7468510270118713,0.939262330532074,0.9381676316261292,1.3035893440246582,1.3804618120193481,1.7481566667556763,1.8219956159591675,1.6934125423431396,1.3986093997955322,1.1960262060165405,0.9630415439605713,0.6087760329246521,0.3879009187221527,0.0,0.38643962144851685,0.5969628691673279,0.9494998455047607,1.150949478149414,1.4697394371032715,1.7276474237442017,2.0040676593780518,2.0255680084228516,1.7606414556503296,1.6015900373458862,1.2095952033996582,1.0672264099121094,0.7871230244636536,0.7242938876152039,0.7265949249267578,0.8416230082511902,1.104394555091858,1.3268636465072632,1.6486507654190063,1.8327720165252686,2.1749937534332275,2.351574420928955,2.3698134422302246,1.9714863300323486,1.8622703552246094,1.4975502490997314,1.3877369165420532,1.2724511623382568,1.1957124471664429,1.319592833518982,1.3339303731918335,1.6431795358657837,1.748160481452942,2.1219608783721924,2.258512020111084,2.6190667152404785,2.74271297454834,2.7440943717956543,2.285271406173706,2.220296621322632,1.8959718942642212,1.8188315629959106,1.7575578689575195,1.6271542310714722,1.7782427072525024,1.69971764087677,2.0355043411254883,2.0569448471069336,2.3536617755889893,2.5520756244659424,2.6165554523468018,2.869426727294922,3.1461949348449707
B8,2.399782657623291,2.0375170707702637,1.7983306646347046,1.4280797243118286,1.2527101039886475,0.9113875031471252,0.8156166672706604,0.6193317770957947,0.6898379921913147,0.7394746541976929,0.7994391918182373,1.131611704826355,1.2028098106384277,1.568050503730774,1.7144948244094849,2.0689942836761475,1.762237310409546,1.5527901649475098,1.275012731552124,0.9591258764266968,0.63405841588974,0.38643962144851685,0.0,0.38876599073410034,0.6340629458427429,0.904719889163971,1.2076783180236816,1.470760703086853,1.755088448524475,1.8394650220870972,2.0827558040618896,1.8935387134552002,1.5083601474761963,1.2977601289749146,0.999722421169281,0.7853368520736694,0.6843600869178772,0.607875645160675,0.8692563772201538,1.0088499784469604,1.3630925416946411,1.5304522514343262,1.8697184324264526,2.0541768074035645,2.118499517440796,2.2107157707214355,2.0690855979919434,1.6855765581130981,1.5171127319335938,1.3319976329803467,1.1569125652313232,1.1967308521270752,1.110357642173767,1.3940329551696777,1.434695839881897,1.817880392074585,1.9333652257919312,2.288175582885742,2.4113821983337402,2.4421212673187256,2.4434261322021484,2.3477351665496826,1.9920299053192139,1.8796541690826416,1.7432023286819458,1.5617753267288208,1.6342734098434448,1.4942493438720703,1.7926901578903198,1.76240074634552,2.0702998638153076,2.2347750663757324,2.3079307079315186,2.537081480026245,2.831033945083618
B9,2.718965768814087,2.3508870601654053,2.135838747024536,1.7744919061660767,1.5939408540725708,1.2760367393493652,1.1200168132781982,0.8969017267227173,0.7983747720718384,0.7111047506332397,0.5872281193733215,0.870812714099884,0.8520088791847229,1.226699709892273,1.3512053489685059,2.2075605392456055,1.933790922164917,1.776384949684143,1.5442551374435425,1.2014625072479248,0.9416795372962952,0.5969628691673279,0.38876599073410034,0.0,0.3857172131538391,0.581753134727478,0.8752940893173218,1.1601669788360596,1.4177043437957764,1.4721636772155762,2.1993303298950195,2.060822010040283,1.6807456016540527,1.5290579795837402,1.1735795736312866,1.0156573057174683,0.7774819731712341,0.7030444145202637,0.7847716212272644,0.9034786224365234,1.2270667552947998,1.3253120183944702,1.6975666284561157,1.8214876651763916,1.8540853261947632,2.3340959548950195,2.243976593017578,1.861628532409668,1.7533674240112305,1.5173100233078003,1.3880627155303955,1.3434970378875732,1.2638291120529175,1.4633570909500122,1.4776110649108887,1.8578509092330933,1.903808355331421,2.2804903984069824,2.3421483039855957,2.3411314487457275,2.605180501937866,2.555742025375366,2.200918197631836,2.1418545246124268,1.9779255390167236,1.8380261659622192,1.8677260875701904,1.7393766641616821,1.9973962306976318,1.946056842803955,2.2797226905822754,2.405116558074951,2.5111658573150635,2.6978743076324463,3.009194850921631
B10,3.0276899337768555,2.667151927947998,2.4320297241210938,2.0599958896636963,1.8752979040145874,1.523362398147583,1.3715208768844604,1.068660020828247,0.9769083261489868,0.7401535511016846,0.6605260968208313,0.8020221590995789,0.7351949214935303,1.0722147226333618,1.2853840589523315,2.5860722064971924,2.3040809631347656,2.140428066253662,1.8823341131210327,1.5562068223953247,1.2547376155853271,0.9494998455047607,0.6340629458427429,0.3857172131538391,0.0,0.38307175040245056,0.5945624113082886,0.8936679363250732,1.1456432342529297,1.2858065366744995,2.5434696674346924,2.3869404792785645,2.014535665512085,1.8257578611373901,1.4731764793395996,1.247257113456726,0.9688653945922852,0.7482995986938477,0.7205981016159058,0.6659550666809082,0.998312771320343,1.0295740365982056,1.4044740200042725,1.5133136510849,1.6000295877456665,2.619785785675049,2.5105531215667725,2.1230249404907227,1.9816781282424927,1.7043191194534302,1.517755150794983,1.3924822807312012,1.2260676622390747,1.3489938974380493,1.2726807594299316,1.6432301998138428,1.6351019144058228,2.0033087730407715,2.0422255992889404,2.067939281463623,2.8288166522979736,2.7607133388519287,2.3898134231567383,2.31119704246521,2.0914664268493652,1.923495888710022,1.8762093782424927,1.7016464471817017,1.8963210582733154,1.7865121364593506,2.125051498413086,2.197828769683838,2.3197803497314453,2.463163137435913,2.7915749549865723
B11,3.2225780487060547,2.86633038520813,2.6705987453460693,2.2964940071105957,2.1505062580108643,1.815702199935913,1.685404658317566,1.4183512926101685,1.3055254220962524,1.0790424346923828,0.889739453792572,0.956582248210907,0.7143731713294983,1.0243496894836426,1.1761142015457153,2.6573801040649414,2.393911123275757,2.2897777557373047,2.0470359325408936,1.736497402191162,1.460636854171753,1.150949478149414,0.904719889163971,0.581753134727478,0.38307175040245056,0.0,0.37243762612342834,0.5797253251075745,0.8689004182815552,0.9572548270225525,2.544180154800415,2.4171042442321777,2.0671913623809814,1.914072036743164,1.5334217548370361,1.3504871129989624,1.0021203756332397,0.8414070010185242,0.6366623640060425,0.6169033050537109,0.8251351714134216,0.8138190507888794,1.202875018119812,1.2679145336151123,1.2861462831497192,2.582200765609741,2.51165771484375,2.1352791786193848,2.04660701751709,1.7289187908172607,1.5993350744247437,1.4122114181518555,1.2998141050338745,1.339659571647644,1.2950687408447266,1.6323368549346924,1.5762046575546265,1.9627913236618042,1.9423844814300537,1.9039466381072998,2.7971127033233643,2.771653413772583,2.408794641494751,2.3879287242889404,2.148897886276245,2.0416345596313477,1.9708361625671387,1.8477336168289185,2.0153720378875732,1.9354826211929321,2.2941854000091553,2.3602185249328613,2.531200647354126,2.647688627243042,2.9632017612457275
B12,3.571439027786255,3.2106432914733887,2.9988462924957275,2.6277804374694824,2.4523417949676514,2.1106324195861816,1.941594123840332,1.6391814947128296,1.4781177043914795,1.179060697555542,0.9741286635398865,0.8920717239379883,0.5854363441467285,0.7809717655181885,0.9882193207740784,2.9884350299835205,2.737114429473877,2.626410722732544,2.3953490257263184,2.067239999771118,1.7976679801940918,1.4697394371032715,1.2076783180236816,0.8752940893173218,0.5945624113082886,0.37243762612342834,0.0,0.39727783203125,0.556456983089447,0.724480926990509,2.895599603652954,2.7821569442749023,2.431412696838379,2.2844879627227783,1.9037351608276367,1.7172355651855469,1.3721630573272705,1.1805965900421143,0.9529957175254822,0.8099722862243652,0.9451455473899841,0.7753276824951172,1.1537137031555176,1.1151272058486938,1.162612795829773,2.941927194595337,2.879810333251953,2.505335569381714,2.4152579307556152,2.091942548751831,1.9471232891082764,1.7366058826446533,1.5847957134246826,1.5711551904678345,1.4525892734527588,1.7560226917266846,1.625016212463379,1.9883253574371338,1.9140201807022095,1.8896323442459106,3.1553800106048584,3.1320950984954834,2.7676467895507812,2.7419273853302,2.486398935317993,2.3649039268493652,2.2604169845581055,2.1075968742370605,2.230651378631592,2.100834608078003,2.4494333267211914,2.4613537788391113,2.6312639713287354,2.7018351554870605,3.035673141479492
B13,3.765716314315796,3.418034791946411,3.231539011001587,2.852135419845581,2.7204864025115967,2.3766982555389404,2.2528133392333984,1.9622724056243896,1.8388774394989014,1.5554863214492798,1.3586490154266357,1.2853267192840576,0.9496713876724243,1.0819979906082153,1.236291527748108,3.16963791847229,2.9173526763916016,2.8435399532318115,2.598334789276123,2.3039848804473877,2.0237698554992676,1.7276474237442017,1.470760703086853,1.1601669788360596,0.8936679363250732,0.5797253251075745,0.39727783203125,0.0,0.3817572593688965,0.5714894533157349,2.9938249588012695,2.878819465637207,2.5558502674102783,2.406127691268921,2.025771141052246,1.8376981019973755,1.4677455425262451,1.2833809852600098,0.9617771506309509,0.8048043251037598,0.7632321119308472,0.516261100769043,0.8532797694206238,0.7699256539344788,0.7679629921913147,2.964867115020752,2.910919666290283,2.5510101318359375,2.4770593643188477,2.1207711696624756,1.9952353239059448,1.7246053218841553,1.5932971239089966,1.488324522972107,1.37944495677948,1.6214169263839722,1.4414637088775635,1.8003054857254028,1.6708391904830933,1.5902937650680542,3.130749464035034,3.123542070388794,2.7655205726623535,2.770766258239746,2.4839706420898438,2.4013383388519287,2.254478693008423,2.1366329193115234,2.213381052017212,2.104884147644043,2.4603829383850098,2.46073579788208,2.6796743869781494,2.720604419708252,3.031597375869751
