0.000000000000000000e+00,3.854053914546966553e-01,6.751334667205810547e-01,9.817724823951721191e-01,1.263855814933776855e+00,1.577869772911071777e+00,1.876533508300781250e+00,2.150542020797729492e+00,2.496844291687011719e+00,2.738089084625244141e+00,3.077848434448242188e+00,3.349483489990234375e+00,3.277734041213989258e+00,3.616223096847534180e+00,3.425350904464721680e+00,5.458253026008605957e-01,7.300699353218078613e-01,8.908237218856811523e-01,1.179612040519714355e+00,1.456594944000244141e+00,1.756673812866210938e+00,2.066436529159545898e+00,2.340634584426879883e+00,2.685673475265502930e+00,2.945252180099487305e+00,3.273397922515869141e+00,3.539810180664062500e+00,3.463761806488037109e+00,3.775547504425048828e+00,3.582266807556152344e+00,1.030155658721923828e+00,1.171360492706298828e+00,1.255195498466491699e+00,1.492412090301513672e+00,1.738105297088623047e+00,1.991532087326049805e+00,2.304486513137817383e+00,2.553533077239990234e+00,2.908252239227294922e+00,3.139294624328613281e+00,3.488471746444702148e+00,3.725275278091430664e+00,3.645910739898681641e+00,3.936899185180664062e+00,3.757212877273559570e+00,1.523744463920593262e+00,1.640497088432312012e+00,1.668752789497375488e+00,1.860770821571350098e+00,2.068836450576782227e+00,2.259363412857055664e+00,2.560549020767211914e+00,2.769707202911376953e+00,3.140088081359863281e+00,3.331200361251831055e+00,3.700433492660522461e+00,3.928735971450805664e+00,3.871272802352905273e+00,4.135596752166748047e+00,3.980360507965087891e+00,2.023237228393554688e+00,2.122016906738281250e+00,2.111876964569091797e+00,2.288777828216552734e+00,2.450543403625488281e+00,2.573421716690063477e+00,2.855855226516723633e+00,2.972401142120361328e+00,3.357165813446044922e+00,3.508786201477050781e+00,3.847976684570312500e+00,4.101520061492919922e+00,4.118267059326171875e+00,4.372436523437500000e+00,4.291719436645507812e+00
3.854053914546966553e-01,0.000000000000000000e+00,3.824539482593536377e-01,6.554458141326904297e-01,9.447529911994934082e-01,1.257385015487670898e+00,1.557282328605651855e+00,1.844014525413513184e+00,2.189560651779174805e+00,2.447402477264404297e+00,2.772173166275024414e+00,3.055763721466064453e+00,2.984407901763916016e+00,3.326046228408813477e+00,3.144011020660400391e+00,4.982930421829223633e-01,4.514665305614471436e-01,5.139066576957702637e-01,7.968587279319763184e-01,1.076647996902465820e+00,1.382184028625488281e+00,1.694886445999145508e+00,1.977196097373962402e+00,2.320797920227050781e+00,2.593329668045043945e+00,2.918544530868530273e+00,3.197181463241577148e+00,3.126459836959838867e+00,3.448827028274536133e+00,3.269960641860961914e+00,8.869704604148864746e-01,9.167236685752868652e-01,9.152211546897888184e-01,1.125255584716796875e+00,1.356651067733764648e+00,1.608190536499023438e+00,1.919301748275756836e+00,2.172363281250000000e+00,2.525298118591308594e+00,2.763467073440551758e+00,3.114029645919799805e+00,3.360249757766723633e+00,3.289920330047607422e+00,3.591969490051269531e+00,3.427040338516235352e+00,1.349198102951049805e+00,1.397356986999511719e+00,1.358702063560485840e+00,1.521135807037353516e+00,1.704325914382934570e+00,1.887092471122741699e+00,2.180038928985595703e+00,2.390138864517211914e+00,2.757947444915771484e+00,2.951911211013793945e+00,3.323824167251586914e+00,3.556458711624145508e+00,3.510745763778686523e+00,3.782986640930175781e+00,3.642809629440307617e+00,1.831791043281555176e+00,1.884446620941162109e+00,1.821056842803955078e+00,1.975462555885314941e+00,2.107104301452636719e+00,2.223011016845703125e+00,2.491060018539428711e+00,2.608397960662841797e+00,2.990311384201049805e+00,3.144987344741821289e+00,3.490727901458740234e+00,3.740748167037963867e+00,3.771558284759521484e+00,4.024571895599365234e+00,3.960350990295410156e+00
6.751334667205810547e-01,3.824539482593536377e-01,0.000000000000000000e+00,3.783201873302459717e-01,5.907722115516662598e-01,9.275693297386169434e-01,1.205289959907531738e+00,1.498427987098693848e+00,1.834187865257263184e+00,2.098102331161499023e+00,2.435433864593505859e+00,2.727900743484497070e+00,2.685980319976806641e+00,3.037250041961669922e+00,2.884896278381347656e+00,8.685594797134399414e-01,6.941366195678710938e-01,4.964208900928497314e-01,6.853735446929931641e-01,8.548043370246887207e-01,1.148835659027099609e+00,1.424286484718322754e+00,1.700489163398742676e+00,2.032312870025634766e+00,2.291561603546142578e+00,2.634626388549804688e+00,2.911056756973266602e+00,2.869460821151733398e+00,3.199365615844726562e+00,3.045719385147094727e+00,1.187195539474487305e+00,1.107507348060607910e+00,9.630102515220642090e-01,1.105885982513427734e+00,1.238411784172058105e+00,1.463159203529357910e+00,1.728313088417053223e+00,1.968829870223999023e+00,2.308691978454589844e+00,2.526034355163574219e+00,2.890394449234008789e+00,3.127462625503540039e+00,3.084562301635742188e+00,3.385590076446533203e+00,3.244502067565917969e+00,1.599980711936950684e+00,1.566405534744262695e+00,1.432106733322143555e+00,1.552991509437561035e+00,1.655104875564575195e+00,1.814224362373352051e+00,2.059650421142578125e+00,2.256089210510253906e+00,2.610361337661743164e+00,2.784514427185058594e+00,3.168042421340942383e+00,3.382810354232788086e+00,3.361332178115844727e+00,3.622410535812377930e+00,3.506649017333984375e+00,2.049405813217163086e+00,2.040462732315063477e+00,1.904293060302734375e+00,2.039321184158325195e+00,2.104737997055053711e+00,2.212501049041748047e+00,2.434255838394165039e+00,2.545642852783203125e+00,2.915821075439453125e+00,3.062183618545532227e+00,3.426670074462890625e+00,3.651520490646362305e+00,3.703185081481933594e+00,3.933245420455932617e+00,3.889761447906494141e+00
9.817724823951721191e-01,6.554458141326904297e-01,3.783201873302459717e-01,0.000000000000000000e+00,3.804723024368286133e-01,6.108842492103576660e-01,9.456241726875305176e-01,1.199419379234313965e+00,1.558354973793029785e+00,1.801076769828796387e+00,2.119418144226074219e+00,2.401085138320922852e+00,2.335669040679931641e+00,2.682241678237915039e+00,2.520372152328491211e+00,1.080785632133483887e+00,8.471190929412841797e-01,5.522367954254150391e-01,4.920468032360076904e-01,6.307575106620788574e-01,8.346056342124938965e-01,1.138697385787963867e+00,1.374631524085998535e+00,1.728485226631164551e+00,1.967765808105468750e+00,2.295243501663208008e+00,2.560784101486206055e+00,2.502441644668579102e+00,2.827632188796997070e+00,2.668484210968017578e+00,1.318663716316223145e+00,1.189797878265380859e+00,9.632391333580017090e-01,9.662736058235168457e-01,1.055757522583007812e+00,1.196352958679199219e+00,1.461005568504333496e+00,1.658168315887451172e+00,2.010353088378906250e+00,2.200339794158935547e+00,2.554871320724487305e+00,2.776302337646484375e+00,2.721564531326293945e+00,3.015119552612304688e+00,2.869848728179931641e+00,1.675251245498657227e+00,1.610722422599792480e+00,1.415569305419921875e+00,1.440476059913635254e+00,1.500278711318969727e+00,1.587541937828063965e+00,1.816707491874694824e+00,1.969685912132263184e+00,2.328044891357421875e+00,2.470044374465942383e+00,2.850124359130859375e+00,3.046114683151245117e+00,3.015013217926025391e+00,3.263938903808593750e+00,3.145738840103149414e+00,2.089725255966186523e+00,2.062478303909301758e+00,1.881272435188293457e+00,1.947843074798583984e+00,1.970356464385986328e+00,2.022584199905395508e+00,2.217303276062011719e+00,2.288821935653686523e+00,2.655986070632934570e+00,2.772546052932739258e+00,3.142881393432617188e+00,3.346383333206176758e+00,3.391043424606323242e+00,3.603842496871948242e+00,3.558021306991577148e+00
1.263855814933776855e+00,9.447529911994934082e-01,5.907722115516662598e-01,3.804723024368286133e-01,0.000000000000000000e+00,3.827536702156066895e-01,6.154974699020385742e-01,9.276543855667114258e-01,1.251077294349670410e+00,1.536375403404235840e+00,1.866835951805114746e+00,2.178296804428100586e+00,2.168104410171508789e+00,2.528612375259399414e+00,2.419756412506103516e+00,1.383182644844055176e+00,1.100757479667663574e+00,7.351400852203369141e-01,6.391401886940002441e-01,5.273582935333251953e-01,7.122803330421447754e-01,9.065596461296081543e-01,1.160837411880493164e+00,1.474193334579467773e+00,1.720318078994750977e+00,2.077847480773925781e+00,2.358408689498901367e+00,2.353939294815063477e+00,2.697594165802001953e+00,2.587329149246215820e+00,1.581046581268310547e+00,1.380423903465270996e+00,1.078371763229370117e+00,1.057068109512329102e+00,1.010361433029174805e+00,1.138978719711303711e+00,1.313544988632202148e+00,1.515939831733703613e+00,1.829802274703979492e+00,2.014595985412597656e+00,2.389907836914062500e+00,2.617316246032714844e+00,2.612442970275878906e+00,2.915893793106079102e+00,2.815703630447387695e+00,1.892338752746582031e+00,1.756206393241882324e+00,1.497493028640747070e+00,1.514413237571716309e+00,1.484316349029541016e+00,1.573740363121032715e+00,1.732660531997680664e+00,1.891312599182128906e+00,2.216083765029907227e+00,2.355629444122314453e+00,2.746732473373413086e+00,2.936285018920898438e+00,2.949665069580078125e+00,3.197742462158203125e+00,3.122233867645263672e+00,2.266312599182128906e+00,2.176701545715332031e+00,1.940273404121398926e+00,2.012030601501464844e+00,1.971943855285644531e+00,2.043388366699218750e+00,2.184341669082641602e+00,2.273942232131958008e+00,2.615525245666503906e+00,2.743066787719726562e+00,3.125961542129516602e+00,3.311363220214843750e+00,3.393040657043457031e+00,3.589877128601074219e+00,3.580673694610595703e+00
1.577869772911071777e+00,1.257385015487670898e+00,9.275693297386169434e-01,6.108842492103576660e-01,3.827536702156066895e-01,0.000000000000000000e+00,3.807174861431121826e-01,5.923567414283752441e-01,9.528555274009704590e-01,1.202344655990600586e+00,1.516810178756713867e+00,1.815887808799743652e+00,1.788826823234558105e+00,2.147851228713989258e+00,2.039781808853149414e+00,1.673000335693359375e+00,1.387086749076843262e+00,1.022267103195190430e+00,7.931801080703735352e-01,6.139925122261047363e-01,5.575733184814453125e-01,7.114140391349792480e-01,8.633739352226257324e-01,1.195803403854370117e+00,1.394037961959838867e+00,1.739100456237792969e+00,1.999181389808654785e+00,1.985659837722778320e+00,2.323376893997192383e+00,2.215157508850097656e+00,1.837801814079284668e+00,1.625642657279968262e+00,1.296693086624145508e+00,1.162112712860107422e+00,1.053160071372985840e+00,1.045057177543640137e+00,1.170893669128417969e+00,1.288311958312988281e+00,1.599742889404296875e+00,1.728398084640502930e+00,2.091732263565063477e+00,2.289193868637084961e+00,2.279233217239379883e+00,2.567455768585205078e+00,2.469582080841064453e+00,2.110176563262939453e+00,1.961427211761474609e+00,1.669163823127746582e+00,1.598230361938476562e+00,1.515795707702636719e+00,1.512041211128234863e+00,1.624342560768127441e+00,1.714190125465393066e+00,2.027287244796752930e+00,2.113043069839477539e+00,2.496873140335083008e+00,2.652014732360839844e+00,2.659858942031860352e+00,2.883814096450805664e+00,2.811870336532592773e+00,2.450578927993774414e+00,2.350559234619140625e+00,2.083317518234252930e+00,2.088504076004028320e+00,2.000558853149414062e+00,2.008577823638916016e+00,2.103444814682006836e+00,2.141275405883789062e+00,2.466051340103149414e+00,2.551728487014770508e+00,2.938999891281127930e+00,3.089169502258300781e+00,3.164889812469482422e+00,3.331714868545532227e+00,3.322708129882812500e+00
1.876533508300781250e+00,1.557282328605651855e+00,1.205289959907531738e+00,9.456241726875305176e-01,6.154974699020385742e-01,3.807174861431121826e-01,0.000000000000000000e+00,3.816567957401275635e-01,6.447399258613586426e-01,9.695242643356323242e-01,1.287356734275817871e+00,1.625976800918579102e+00,1.674299955368041992e+00,2.041006326675415039e+00,2.003518819808959961e+00,1.977073669433593750e+00,1.664842963218688965e+00,1.279057145118713379e+00,1.068223476409912109e+00,7.751821875572204590e-01,6.767275333404541016e-01,6.028220653533935547e-01,7.300030589103698730e-01,9.677192568778991699e-01,1.164922595024108887e+00,1.544319748878479004e+00,1.820904135704040527e+00,1.879192233085632324e+00,2.233036518096923828e+00,2.189150810241699219e+00,2.114827632904052734e+00,1.859600782394409180e+00,1.497782230377197266e+00,1.360370755195617676e+00,1.152721643447875977e+00,1.124268174171447754e+00,1.122989296913146973e+00,1.225929021835327148e+00,1.465408802032470703e+00,1.577762842178344727e+00,1.956418156623840332e+00,2.157228946685791016e+00,2.209587097167968750e+00,2.504353523254394531e+00,2.463029861450195312e+00,2.351716279983520508e+00,2.152530670166015625e+00,1.822954654693603516e+00,1.749373435974121094e+00,1.591850876808166504e+00,1.587393164634704590e+00,1.615242958068847656e+00,1.702843904495239258e+00,1.961664557456970215e+00,2.039908647537231445e+00,2.425582885742187500e+00,2.570164442062377930e+00,2.629811048507690430e+00,2.849624872207641602e+00,2.828084707260131836e+00,2.654558420181274414e+00,2.505238771438598633e+00,2.199035644531250000e+00,2.207524776458740234e+00,2.064578533172607422e+00,2.089649438858032227e+00,2.125467300415039062e+00,2.180105924606323242e+00,2.466450691223144531e+00,2.561743974685668945e+00,2.953239679336547852e+00,3.081644535064697266e+00,3.196443796157836914e+00,3.344547986984252930e+00,3.375736236572265625e+00
2.150542020797729492e+00,1.844014525413513184e+00,1.498427987098693848e+00,1.199419379234313965e+00,9.276543855667114258e-01,5.923567414283752441e-01,3.816567957401275635e-01,0.000000000000000000e+00,3.862158060073852539e-01,6.163241267204284668e-01,9.409010410308837891e-01,1.259450316429138184e+00,1.304149866104125977e+00,1.672222256660461426e+00,1.648464441299438477e+00,2.264993667602539062e+00,1.969762206077575684e+00,1.594866991043090820e+00,1.341311931610107422e+00,1.079567909240722656e+00,8.665294647216796875e-01,7.581073641777038574e-01,6.797834038734436035e-01,8.819102048873901367e-01,9.494011998176574707e-01,1.305930137634277344e+00,1.530712366104125977e+00,1.587217092514038086e+00,1.921759605407714844e+00,1.883509039878845215e+00,2.409915924072265625e+00,2.169366359710693359e+00,1.811294317245483398e+00,1.624086380004882812e+00,1.414886951446533203e+00,1.290618658065795898e+00,1.248402714729309082e+00,1.235770463943481445e+00,1.445288300514221191e+00,1.460005521774291992e+00,1.806923031806945801e+00,1.948981285095214844e+00,1.996720790863037109e+00,2.255782842636108398e+00,2.216822624206542969e+00,2.642519235610961914e+00,2.454693794250488281e+00,2.121592998504638672e+00,1.997407436370849609e+00,1.824257612228393555e+00,1.744762539863586426e+00,1.734772205352783203e+00,1.741911768913269043e+00,1.974778652191162109e+00,1.978996872901916504e+00,2.342814207077026367e+00,2.433231353759765625e+00,2.482584953308105469e+00,2.659374952316284180e+00,2.639439582824707031e+00,2.936331510543823242e+00,2.795139074325561523e+00,2.482409954071044922e+00,2.444678068161010742e+00,2.278707027435302734e+00,2.247184753417968750e+00,2.246134042739868164e+00,2.243839502334594727e+00,2.505931854248046875e+00,2.548742294311523438e+00,2.936039447784423828e+00,3.019858598709106445e+00,3.120766162872314453e+00,3.227938890457153320e+00,3.253050088882446289e+00
2.496844291687011719e+00,2.189560651779174805e+00,1.834187865257263184e+00,1.558354973793029785e+00,1.251077294349670410e+00,9.528555274009704590e-01,6.447399258613586426e-01,3.862158060073852539e-01,0.000000000000000000e+00,3.949734270572662354e-01,6.895691752433776855e-01,1.050897479057312012e+00,1.202309489250183105e+00,1.558843970298767090e+00,1.627594232559204102e+00,2.611439466476440430e+00,2.300117492675781250e+00,1.915352821350097656e+00,1.669615507125854492e+00,1.364106416702270508e+00,1.143805742263793945e+00,9.157556295394897461e-01,7.715454697608947754e-01,7.884535789489746094e-01,7.708842754364013672e-01,1.135231971740722656e+00,1.350310802459716797e+00,1.497109055519104004e+00,1.830318570137023926e+00,1.870297551155090332e+00,2.736844539642333984e+00,2.470000028610229492e+00,2.095356464385986328e+00,1.904344439506530762e+00,1.643004536628723145e+00,1.500871062278747559e+00,1.361231803894042969e+00,1.308847546577453613e+00,1.417229771614074707e+00,1.380122900009155273e+00,1.713178157806396484e+00,1.835116624832153320e+00,1.950402259826660156e+00,2.198489427566528320e+00,2.222837448120117188e+00,2.942298650741577148e+00,2.721722602844238281e+00,2.366861581802368164e+00,2.235779523849487305e+00,2.012647628784179688e+00,1.923433423042297363e+00,1.839689850807189941e+00,1.826927304267883301e+00,1.991125345230102539e+00,1.968724131584167480e+00,2.314661979675292969e+00,2.377650260925292969e+00,2.476681709289550781e+00,2.634789943695068359e+00,2.667380094528198242e+00,3.204847574234008789e+00,3.029334068298339844e+00,2.690843343734741211e+00,2.647925376892089844e+00,2.439354896545410156e+00,2.411667108535766602e+00,2.354936122894287109e+00,2.355600357055664062e+00,2.570245981216430664e+00,2.609375238418579102e+00,2.990262508392333984e+00,3.042076110839843750e+00,3.175515174865722656e+00,3.254305601119995117e+00,3.316727638244628906e+00
2.738089084625244141e+00,2.447402477264404297e+00,2.098102331161499023e+00,1.801076769828796387e+00,1.536375403404235840e+00,1.202344655990600586e+00,9.695242643356323242e-01,6.163241267204284668e-01,3.949734270572662354e-01,0.000000000000000000e+00,3.913173973560333252e-01,6.963330507278442383e-01,8.697668910026550293e-01,1.218966841697692871e+00,1.317907333374023438e+00,2.873666524887084961e+00,2.583978176116943359e+00,2.210533857345581055e+00,1.944818258285522461e+00,1.676074743270874023e+00,1.416170239448547363e+00,1.227470517158508301e+00,9.952667951583862305e-01,9.943113923072814941e-01,8.131042122840881348e-01,1.079500794410705566e+00,1.183055758476257324e+00,1.320643901824951172e+00,1.603321313858032227e+00,1.646491646766662598e+00,3.018113851547241211e+00,2.773453474044799805e+00,2.409000635147094727e+00,2.194022417068481445e+00,1.954588532447814941e+00,1.765911102294921875e+00,1.633937954902648926e+00,1.505630254745483398e+00,1.595010399818420410e+00,1.463222384452819824e+00,1.733006954193115234e+00,1.771169662475585938e+00,1.868541598320007324e+00,2.056477069854736328e+00,2.075765371322631836e+00,3.234260559082031250e+00,3.034701585769653320e+00,2.686958789825439453e+00,2.527571916580200195e+00,2.313377380371093750e+00,2.176849603652954102e+00,2.086861848831176758e+00,2.011839866638183594e+00,2.158361196517944336e+00,2.066429376602172852e+00,2.376415252685546875e+00,2.377789735794067383e+00,2.453665971755981445e+00,2.555440425872802734e+00,2.580789089202880859e+00,3.502639770507812500e+00,3.345304250717163086e+00,3.012290716171264648e+00,2.939308404922485352e+00,2.728944540023803711e+00,2.657328367233276367e+00,2.586184740066528320e+00,2.536393404006958008e+00,2.733155727386474609e+00,2.720087528228759766e+00,3.088468551635742188e+00,3.097752094268798828e+00,3.206584930419921875e+00,3.242508172988891602e+00,3.289170742034912109e+00
3.077848434448242188e+00,2.772173166275024414e+00,2.435433864593505859e+00,2.119418144226074219e+00,1.866835951805114746e+00,1.516810178756713867e+00,1.287356734275817871e+00,9.409010410308837891e-01,6.895691752433776855e-01,3.913173973560333252e-01,0.000000000000000000e+00,3.799349367618560791e-01,6.259046792984008789e-01,9.336972236633300781e-01,1.115252971649169922e+00,3.175460338592529297e+00,2.873497962951660156e+00,2.501886129379272461e+00,2.207456827163696289e+00,1.932048082351684570e+00,1.628159165382385254e+00,1.405438899993896484e+00,1.101374506950378418e+00,9.991591572761535645e-01,6.842178702354431152e-01,8.219308853149414062e-01,8.422136902809143066e-01,1.032583951950073242e+00,1.290361285209655762e+00,1.402519941329956055e+00,3.282662153244018555e+00,3.024296283721923828e+00,2.653474807739257812e+00,2.401858329772949219e+00,2.141861438751220703e+00,1.901131510734558105e+00,1.719411492347717285e+00,1.517908334732055664e+00,1.531516671180725098e+00,1.313040137290954590e+00,1.513506054878234863e+00,1.490254521369934082e+00,1.617223858833312988e+00,1.770008325576782227e+00,1.836783409118652344e+00,3.459529876708984375e+00,3.245774269104003906e+00,2.886546850204467773e+00,2.688021421432495117e+00,2.446212768554687500e+00,2.262765645980834961e+00,2.122385978698730469e+00,1.990243673324584961e+00,2.077506303787231445e+00,1.926014423370361328e+00,2.191619634628295898e+00,2.142306089401245117e+00,2.234799146652221680e+00,2.298718452453613281e+00,2.358994483947753906e+00,3.689779758453369141e+00,3.519029140472412109e+00,3.172255277633666992e+00,3.061020851135253906e+00,2.820145845413208008e+00,2.712717294692993164e+00,2.594049692153930664e+00,2.509303092956542969e+00,2.657838821411132812e+00,2.608400583267211914e+00,2.956806421279907227e+00,2.921529293060302734e+00,3.036938428878784180e+00,3.033518075942993164e+00,3.099714517593383789e+00
3.349483489990234375e+00,3.055763721466064453e+00,2.727900743484497070e+00,2.401085138320922852e+00,2.178296804428100586e+00,1.815887808799743652e+00,1.625976800918579102e+00,1.259450316429138184e+00,1.050897479057312012e+00,6.963330507278442383e-01,3.799349367618560791e-01,0.000000000000000000e+00,3.987943232059478760e-01,6.151652932167053223e-01,8.787816166877746582e-01,3.455937862396240234e+00,3.170283317565917969e+00,2.809624195098876953e+00,2.504078388214111328e+00,2.255287408828735352e+00,1.934953689575195312e+00,1.742780208587646484e+00,1.414792060852050781e+00,1.322460293769836426e+00,9.656047224998474121e-01,9.621615409851074219e-01,8.176583647727966309e-01,9.692677855491638184e-01,1.119706630706787109e+00,1.245734810829162598e+00,3.572298526763916016e+00,3.330815076828002930e+00,2.969709396362304688e+00,2.703053474426269531e+00,2.461564779281616211e+00,2.195647954940795898e+00,2.026801347732543945e+00,1.785438656806945801e+00,1.786889672279357910e+00,1.510728120803833008e+00,1.629069566726684570e+00,1.514405369758605957e+00,1.612313508987426758e+00,1.681245207786560059e+00,1.745545268058776855e+00,3.752748012542724609e+00,3.555465698242187500e+00,3.203782558441162109e+00,2.985522031784057617e+00,2.753619432449340820e+00,2.539146184921264648e+00,2.398727416992187500e+00,2.223417282104492188e+00,2.292905569076538086e+00,2.087389707565307617e+00,2.304790735244750977e+00,2.194674253463745117e+00,2.259585142135620117e+00,2.258780479431152344e+00,2.312535524368286133e+00,3.983457803726196289e+00,3.827486515045166016e+00,3.487138986587524414e+00,3.352701663970947266e+00,3.113331556320190430e+00,2.972711324691772461e+00,2.844886064529418945e+00,2.720174312591552734e+00,2.848488807678222656e+00,2.752948045730590820e+00,3.079346179962158203e+00,3.003145217895507812e+00,3.092039823532104492e+00,3.044303894042968750e+00,3.094737291336059570e+00
3.277734041213989258e+00,2.984407901763916016e+00,2.685980319976806641e+00,2.335669040679931641e+00,2.168104410171508789e+00,1.788826823234558105e+00,1.674299955368041992e+00,1.304149866104125977e+00,1.202309489250183105e+00,8.697668910026550293e-01,6.259046792984008789e-01,3.987943232059478760e-01,0.000000000000000000e+00,3.683088421821594238e-01,4.967479705810546875e-01,3.355859994888305664e+00,3.086230993270874023e+00,2.748046398162841797e+00,2.419451236724853516e+00,2.215348005294799805e+00,1.869070768356323242e+00,1.737545490264892578e+00,1.387712359428405762e+00,1.367858767509460449e+00,1.027212619781494141e+00,9.650437831878662109e-01,7.840486168861389160e-01,7.596322298049926758e-01,8.735819458961486816e-01,9.016878604888916016e-01,3.461056709289550781e+00,3.241670846939086914e+00,2.899557590484619141e+00,2.607674121856689453e+00,2.401975154876708984e+00,2.104539632797241211e+00,1.979655742645263672e+00,1.706141233444213867e+00,1.751328587532043457e+00,1.462461709976196289e+00,1.545301198959350586e+00,1.401089310646057129e+00,1.404994964599609375e+00,1.444753408432006836e+00,1.439380645751953125e+00,3.633504152297973633e+00,3.462560892105102539e+00,3.127922773361206055e+00,2.882040262222290039e+00,2.677644968032836914e+00,2.427523851394653320e+00,2.316592454910278320e+00,2.105230093002319336e+00,2.201147794723510742e+00,1.968345284461975098e+00,2.169536590576171875e+00,2.044523477554321289e+00,2.045000314712524414e+00,2.025029897689819336e+00,2.026102304458618164e+00,3.861217260360717773e+00,3.733027219772338867e+00,3.410529851913452148e+00,3.246297121047973633e+00,3.025452852249145508e+00,2.844869613647460938e+00,2.733940362930297852e+00,2.567886590957641602e+00,2.707585811614990234e+00,2.575547456741333008e+00,2.892247915267944336e+00,2.811170339584350586e+00,2.856731653213500977e+00,2.803650140762329102e+00,2.814687967300415039e+00
3.616223096847534180e+00,3.326046228408813477e+00,3.037250041961669922e+00,2.682241678237915039e+00,2.528612375259399414e+00,2.147851228713989258e+00,2.041006326675415039e+00,1.672222256660461426e+00,1.558843970298767090e+00,1.218966841697692871e+00,9.336972236633300781e-01,6.151652932167053223e-01,3.683088421821594238e-01,0.000000000000000000e+00,3.997560143470764160e-01,3.685473203659057617e+00,3.421545743942260742e+00,3.091752529144287109e+00,2.754904985427856445e+00,2.560914039611816406e+00,2.204695701599121094e+00,2.074607849121093750e+00,1.713160872459411621e+00,1.665988206863403320e+00,1.303585410118103027e+00,1.143916010856628418e+00,8.520556688308715820e-01,7.892535328865051270e-01,7.282239198684692383e-01,7.962393760681152344e-01,3.781149864196777344e+00,3.566827774047851562e+00,3.230343580245971680e+00,2.924505949020385742e+00,2.722735881805419922e+00,2.405816078186035156e+00,2.272668361663818359e+00,1.970027685165405273e+00,1.979990601539611816e+00,1.649782061576843262e+00,1.647859930992126465e+00,1.422356367111206055e+00,1.407284498214721680e+00,1.347524881362915039e+00,1.358236193656921387e+00,3.939558982849121094e+00,3.773000717163085938e+00,3.441317558288574219e+00,3.176306962966918945e+00,2.969980001449584961e+00,2.694782495498657227e+00,2.568418979644775391e+00,2.321752548217773438e+00,2.381472587585449219e+00,2.103469610214233398e+00,2.245082616806030273e+00,2.060605764389038086e+00,2.043992042541503906e+00,1.954310774803161621e+00,1.963276743888854980e+00,4.151132106781005859e+00,4.026565074920654297e+00,3.705454826354980469e+00,3.517981767654418945e+00,3.289948463439941406e+00,3.082579612731933594e+00,2.951172351837158203e+00,2.753661632537841797e+00,2.858243703842163086e+00,2.685900449752807617e+00,2.970549583435058594e+00,2.844590902328491211e+00,2.871546745300292969e+00,2.769603967666625977e+00,2.775729179382324219e+00
3.425350904464721680e+00,3.144011020660400391e+00,2.884896278381347656e+00,2.520372152328491211e+00,2.419756412506103516e+00,2.039781808853149414e+00,2.003518819808959961e+00,1.648464441299438477e+00,1.627594232559204102e+00,1.317907333374023438e+00,1.115252971649169922e+00,8.787816166877746582e-01,4.967479705810546875e-01,3.997560143470764160e-01,0.000000000000000000e+00,3.477522373199462891e+00,3.236062049865722656e+00,2.932358741760253906e+00,2.588038682937622070e+00,2.442346096038818359e+00,2.083022356033325195e+00,2.019388437271118164e+00,1.667998313903808594e+00,1.703311562538146973e+00,1.391861438751220703e+00,1.256235599517822266e+00,1.024929046630859375e+00,8.114507794380187988e-01,7.523370385169982910e-01,6.072474122047424316e-01,3.572716236114501953e+00,3.386193990707397461e+00,3.074058771133422852e+00,2.759924173355102539e+00,2.601267099380493164e+00,2.276420116424560547e+00,2.200564146041870117e+00,1.898400187492370605e+00,1.971384286880493164e+00,1.670129418373107910e+00,1.675516486167907715e+00,1.471835851669311523e+00,1.355123400688171387e+00,1.297333598136901855e+00,1.193630099296569824e+00,3.734434366226196289e+00,3.599103689193725586e+00,3.290599584579467773e+00,3.015157938003540039e+00,2.846051216125488281e+00,2.556648731231689453e+00,2.476351261138916016e+00,2.220694303512573242e+00,2.327045202255249023e+00,2.054307222366333008e+00,2.202223062515258789e+00,2.035703182220458984e+00,1.949280858039855957e+00,1.867329001426696777e+00,1.798684597015380859e+00,3.954219341278076172e+00,3.861426830291748047e+00,3.564248085021972656e+00,3.363557815551757812e+00,3.165452003479003906e+00,2.935392618179321289e+00,2.838704109191894531e+00,2.617940664291381836e+00,2.752658605575561523e+00,2.563702583312988281e+00,2.846964836120605469e+00,2.740016222000122070e+00,2.721580505371093750e+00,2.637285470962524414e+00,2.592856168746948242e+00
5.458253026008605957e-01,4.982930421829223633e-01,8.685594797134399414e-01,1.080785632133483887e+00,1.383182644844055176e+00,1.673000335693359375e+00,1.977073669433593750e+00,2.264993667602539062e+00,2.611439466476440430e+00,2.873666524887084961e+00,3.175460338592529297e+00,3.455937862396240234e+00,3.355859994888305664e+00,3.685473203659057617e+00,3.477522373199462891e+00,0.000000000000000000e+00,3.910921514034271240e-01,7.491572499275207520e-01,1.035276889801025391e+00,1.369295358657836914e+00,1.672560453414916992e+00,2.003670215606689453e+00,2.293731927871704102e+00,2.637311220169067383e+00,2.931552410125732422e+00,3.232380390167236328e+00,3.520136356353759766e+00,3.421858310699462891e+00,3.738736629486083984e+00,3.541549682617187500e+00,4.916938841342926025e-01,7.145337462425231934e-01,9.251404404640197754e-01,1.185760259628295898e+00,1.502393960952758789e+00,1.774383783340454102e+00,2.118921041488647461e+00,2.386242866516113281e+00,2.740539312362670898e+00,3.008193254470825195e+00,3.338133096694946289e+00,3.601327896118164062e+00,3.505809068679809570e+00,3.813592910766601562e+00,3.631179571151733398e+00,9.882545471191406250e-01,1.153940677642822266e+00,1.255602717399597168e+00,1.461578011512756348e+00,1.733226180076599121e+00,1.942647099494934082e+00,2.278601884841918945e+00,2.506561994552612305e+00,2.877295017242431641e+00,3.100416660308837891e+00,3.451863527297973633e+00,3.710870981216430664e+00,3.643827199935913086e+00,3.934545278549194336e+00,3.774688482284545898e+00,1.491127610206604004e+00,1.624970197677612305e+00,1.663969397544860840e+00,1.837706327438354492e+00,2.049905061721801758e+00,2.178492069244384766e+00,2.495439767837524414e+00,2.625678300857543945e+00,3.010202407836914062e+00,3.180991411209106445e+00,3.495857477188110352e+00,3.778745174407958984e+00,3.791083812713623047e+00,4.075189113616943359e+00,3.994841814041137695e+00
7.300699353218078613e-01,4.514665305614471436e-01,6.941366195678710938e-01,8.471190929412841797e-01,1.100757479667663574e+00,1.387086749076843262e+00,1.664842963218688965e+00,1.969762206077575684e+00,2.300117492675781250e+00,2.583978176116943359e+00,2.873497962951660156e+00,3.170283317565917969e+00,3.086230993270874023e+00,3.421545743942260742e+00,3.236062049865722656e+00,3.910921514034271240e-01,0.000000000000000000e+00,3.913440406322479248e-01,6.931853294372558594e-01,1.005289673805236816e+00,1.326426148414611816e+00,1.641005873680114746e+00,1.947989702224731445e+00,2.277616977691650391e+00,2.588475942611694336e+00,2.893347978591918945e+00,3.197097778320312500e+00,3.118764638900756836e+00,3.450671911239624023e+00,3.279864788055419922e+00,4.993436336517333984e-01,4.665600061416625977e-01,5.529375672340393066e-01,8.268215060234069824e-01,1.121141791343688965e+00,1.413323640823364258e+00,1.744544863700866699e+00,2.028030633926391602e+00,2.372234344482421875e+00,2.652185916900634766e+00,2.990549802780151367e+00,3.267422914505004883e+00,3.194800853729248047e+00,3.517553806304931641e+00,3.361400365829467773e+00,9.145656824111938477e-01,9.474409818649291992e-01,9.440703392028808594e-01,1.141198635101318359e+00,1.375866889953613281e+00,1.598111271858215332e+00,1.917711853981018066e+00,2.159812450408935547e+00,2.522909879684448242e+00,2.755755901336669922e+00,3.115936994552612305e+00,3.381566047668457031e+00,3.339634895324707031e+00,3.640495300292968750e+00,3.507238149642944336e+00,1.385633707046508789e+00,1.434819459915161133e+00,1.391934275627136230e+00,1.559481263160705566e+00,1.728306531906127930e+00,1.868789076805114746e+00,2.164473533630371094e+00,2.310037374496459961e+00,2.689835071563720703e+00,2.873518943786621094e+00,3.201692581176757812e+00,3.480166435241699219e+00,3.519332885742187500e+00,3.800591707229614258e+00,3.747818946838378906e+00
8.908237218856811523e-01,5.139066576957702637e-01,4.964208900928497314e-01,5.522367954254150391e-01,7.351400852203369141e-01,1.022267103195190430e+00,1.279057145118713379e+00,1.594866991043090820e+00,1.915352821350097656e+00,2.210533857345581055e+00,2.501886129379272461e+00,2.809624195098876953e+00,2.748046398162841797e+00,3.091752529144287109e+00,2.932358741760253906e+00,7.491572499275207520e-01,3.913440406322479248e-01,0.000000000000000000e+00,3.783616423606872559e-01,6.334115862846374512e-01,9.767682552337646484e-01,1.273617744445800781e+00,1.588804960250854492e+00,1.912748813629150391e+00,2.222625255584716797e+00,2.542561292648315430e+00,2.850782394409179688e+00,2.797431945800781250e+00,3.140318870544433594e+00,2.994199991226196289e+00,8.534839749336242676e-01,6.631236076354980469e-01,4.681695699691772461e-01,6.529067754745483398e-01,8.506587147712707520e-01,1.136298894882202148e+00,1.438013315200805664e+00,1.721014261245727539e+00,2.060153722763061523e+00,2.329197883605957031e+00,2.683594942092895508e+00,2.957938432693481445e+00,2.911022901535034180e+00,3.238126039505004883e+00,3.105907917022705078e+00,1.177462100982666016e+00,1.092678189277648926e+00,9.380962252616882324e-01,1.070288538932800293e+00,1.207424879074096680e+00,1.407603859901428223e+00,1.685662031173706055e+00,1.920065522193908691e+00,2.276486635208129883e+00,2.494647741317749023e+00,2.870334863662719727e+00,3.122867107391357422e+00,3.105461359024047852e+00,3.400062561035156250e+00,3.291754007339477539e+00,1.590336322784423828e+00,1.557283163070678711e+00,1.411616802215576172e+00,1.546895861625671387e+00,1.632212758064270020e+00,1.761200666427612305e+00,2.008432388305664062e+00,2.148807764053344727e+00,2.521449804306030273e+00,2.698561906814575195e+00,3.049805641174316406e+00,3.304412364959716797e+00,3.366477012634277344e+00,3.626669883728027344e+00,3.596493482589721680e+00
1.179612040519714355e+00,7.968587279319763184e-01,6.853735446929931641e-01,4.920468032360076904e-01,6.391401886940002441e-01,7.931801080703735352e-01,1.068223476409912109e+00,1.341311931610107422e+00,1.669615507125854492e+00,1.944818258285522461e+00,2.207456827163696289e+00,2.504078388214111328e+00,2.419451236724853516e+00,2.754904985427856445e+00,2.588038682937622070e+00,1.035276889801025391e+00,6.931853294372558594e-01,3.783616423606872559e-01,0.000000000000000000e+00,3.813045024871826172e-01,6.382766962051391602e-01,9.795667529106140137e-01,1.261226415634155273e+00,1.605668306350708008e+00,1.902717947959899902e+00,2.202777624130249023e+00,2.503996133804321289e+00,2.433502435684204102e+00,2.773097038269042969e+00,2.624087810516357422e+00,1.076460123062133789e+00,8.505730032920837402e-01,5.545703768730163574e-01,4.746766090393066406e-01,6.211863160133361816e-01,8.144237399101257324e-01,1.135999321937561035e+00,1.382111668586730957e+00,1.739522457122802734e+00,1.988412141799926758e+00,2.333297014236450195e+00,2.597100257873535156e+00,2.538301229476928711e+00,2.862034082412719727e+00,2.727588653564453125e+00,1.318269371986389160e+00,1.196987390518188477e+00,9.613672494888305664e-01,9.493761062622070312e-01,1.027293562889099121e+00,1.139179825782775879e+00,1.407659292221069336e+00,1.599751830101013184e+00,1.966627597808837891e+00,2.156275510787963867e+00,2.531076669692993164e+00,2.768884658813476562e+00,2.742625951766967773e+00,3.029466152191162109e+00,2.920159816741943359e+00,1.674645900726318359e+00,1.617630004882812500e+00,1.414102673530578613e+00,1.457799196243286133e+00,1.485748648643493652e+00,1.546580672264099121e+00,1.764710187911987305e+00,1.862335205078125000e+00,2.236333847045898438e+00,2.384454250335693359e+00,2.744976997375488281e+00,2.979804515838623047e+00,3.036629676818847656e+00,3.281756639480590820e+00,3.251209974288940430e+00
1.456594944000244141e+00,1.076647996902465820e+00,8.548043370246887207e-01,6.307575106620788574e-01,5.273582935333251953e-01,6.139925122261047363e-01,7.751821875572204590e-01,1.079567909240722656e+00,1.364106416702270508e+00,1.676074743270874023e+00,1.932048082351684570e+00,2.255287408828735352e+00,2.215348005294799805e+00,2.560914039611816406e+00,2.442346096038818359e+00,1.369295358657836914e+00,1.005289673805236816e+00,6.334115862846374512e-01,3.813045024871826172e-01,0.000000000000000000e+00,3.872486650943756104e-01,6.402633786201477051e-01,9.680103659629821777e-01,1.279772281646728516e+00,1.598721504211425781e+00,1.923673629760742188e+00,2.245711803436279297e+00,2.224404335021972656e+00,2.584425687789916992e+00,2.484064102172851562e+00,1.394985795021057129e+00,1.106961965560913086e+00,7.342238426208496094e-01,6.003009080886840820e-01,4.840616881847381592e-01,6.539567708969116211e-01,8.754534125328063965e-01,1.142009973526000977e+00,1.468571186065673828e+00,1.722051978111267090e+00,2.091292619705200195e+00,2.366705179214477539e+00,2.357600927352905273e+00,2.694962263107299805e+00,2.607034444808959961e+00,1.583388686180114746e+00,1.381849884986877441e+00,1.065201282501220703e+00,1.022217273712158203e+00,9.591022133827209473e-01,1.059371948242187500e+00,1.237847089767456055e+00,1.437043786048889160e+00,1.771762013435363770e+00,1.960640192031860352e+00,2.350726842880249023e+00,2.583986282348632812e+00,2.604542255401611328e+00,2.892567396163940430e+00,2.828405141830444336e+00,1.880944609642028809e+00,1.749987244606018066e+00,1.474460601806640625e+00,1.509996771812438965e+00,1.447974205017089844e+00,1.521974325180053711e+00,1.668368458747863770e+00,1.782569885253906250e+00,2.128160953521728516e+00,2.286343574523925781e+00,2.662992477416992188e+00,2.876421689987182617e+00,2.973528623580932617e+00,3.200458049774169922e+00,3.209596633911132812e+00
1.756673812866210938e+00,1.382184028625488281e+00,1.148835659027099609e+00,8.346056342124938965e-01,7.122803330421447754e-01,5.575733184814453125e-01,6.767275333404541016e-01,8.665294647216796875e-01,1.143805742263793945e+00,1.416170239448547363e+00,1.628159165382385254e+00,1.934953689575195312e+00,1.869070768356323242e+00,2.204695701599121094e+00,2.083022356033325195e+00,1.672560453414916992e+00,1.326426148414611816e+00,9.767682552337646484e-01,6.382766962051391602e-01,3.872486650943756104e-01,0.000000000000000000e+00,3.850520551204681396e-01,6.235136389732360840e-01,9.753735661506652832e-01,1.266832113265991211e+00,1.568343520164489746e+00,1.879961848258972168e+00,1.841325283050537109e+00,2.199462890625000000e+00,2.100823402404785156e+00,1.682826042175292969e+00,1.404800176620483398e+00,1.039140582084655762e+00,7.794380784034729004e-01,5.873714089393615723e-01,4.887941479682922363e-01,6.582817435264587402e-01,8.270423412322998047e-01,1.176234841346740723e+00,1.384214758872985840e+00,1.744781255722045898e+00,2.000512361526489258e+00,1.981530547142028809e+00,2.312804698944091797e+00,2.226937055587768555e+00,1.832579612731933594e+00,1.630003094673156738e+00,1.293984532356262207e+00,1.136716842651367188e+00,1.003970026969909668e+00,9.583565592765808105e-01,1.075932621955871582e+00,1.187609076499938965e+00,1.521398425102233887e+00,1.655022740364074707e+00,2.043641805648803711e+00,2.247968673706054688e+00,2.261193513870239258e+00,2.532683372497558594e+00,2.471832036972045898e+00,2.087641716003417969e+00,1.951256155967712402e+00,1.649380445480346680e+00,1.597164273262023926e+00,1.474579334259033203e+00,1.459394454956054688e+00,1.546406984329223633e+00,1.593909740447998047e+00,1.924876689910888672e+00,2.036148548126220703e+00,2.421750307083129883e+00,2.600088119506835938e+00,2.691580057144165039e+00,2.891021251678466797e+00,2.901484012603759766e+00
