,A1,A2,A3,A4,A5,A6,A7,A8,A9,A10,A11,A12,A13,A14,A15,B1,B2,B3,B4,B5,B6,B7,B8,B9,B10,B11,B12,B13,B14,B15,C1,C2,C3,C4,C5,C6,C7,C8,C9,C10,C11,C12,C13,C14,C15,D1,D2,D3,D4,D5,D6,D7,D8,D9,D10,D11,D12,D13,D14,D15,E1,E2,E3,E4,E5,E6,E7,E8,E9,E10,E11,E12,E13,E14,E15
A1,0.0,0.38343819975852966,0.6485871076583862,0.9808706641197205,1.2305467128753662,1.5771920680999756,1.836416482925415,2.17622971534729,2.449498414993286,2.7592523097991943,2.9596595764160156,3.2855420112609863,3.4654881954193115,3.7403616905212402,3.8167896270751953,1.431556224822998,1.4090278148651123,1.4083161354064941,1.514305591583252,1.7945562601089478,1.9502700567245483,2.3092188835144043,2.5011684894561768,2.864651679992676,3.0712413787841797,3.327934741973877,3.617051362991333,3.816051721572876,4.076676845550537,4.241578578948975,2.0900325775146484,1.9725199937820435,1.9761466979980469,1.8320542573928833,2.1331775188446045,2.1083171367645264,2.49153470993042,2.5815160274505615,2.9275412559509277,3.0757975578308105,3.268874168395996,3.595398187637329,3.695523977279663,4.016276836395264,4.164207458496094,2.3166592121124268,2.0199427604675293,2.0263311862945557,1.759074330329895,2.0503427982330322,1.9558689594268799,2.293452739715576,2.3603687286376953,2.642641305923462,2.791642189025879,2.821901321411133,3.189408779144287,3.1974003314971924,3.5368757247924805,3.5597801208496094,1.6642684936523438,1.3656187057495117,1.513279676437378,1.247261881828308,1.5488812923431396,1.5387052297592163,1.8291492462158203,1.9779162406921387,2.208724021911621,2.469991445541382,2.5081429481506348,2.8870809078216553,2.924067258834839,3.279054880142212,3.311734914779663
A2,0.38343819975852966,0.0,0.38846033811569214,0.6395183205604553,0.9094740152359009,1.2471082210540771,1.4989869594573975,1.846229076385498,2.1031131744384766,2.4211058616638184,2.602015256881714,2.9361860752105713,3.107431650161743,3.3847544193267822,3.4497900009155273,1.135985255241394,1.0923856496810913,1.0414210557937622,1.1667324304580688,1.4263794422149658,1.6053755283355713,1.9519091844558716,2.1626012325286865,2.5194504261016846,2.7420127391815186,3.0007131099700928,3.284641981124878,3.498882532119751,3.7461042404174805,3.903031349182129,1.845475196838379,1.7332770824432373,1.6855641603469849,1.56084406375885,1.8365330696105957,1.8213402032852173,2.2048134803771973,2.3011157512664795,2.660252571105957,2.8115739822387695,3.032925844192505,3.3448128700256348,3.4712085723876953,3.7776355743408203,3.9396300315856934,2.1818859577178955,1.8904277086257935,1.8353312015533447,1.5749428272247314,1.8429858684539795,1.7323968410491943,2.0855772495269775,2.1351563930511475,2.4487946033477783,2.5822410583496094,2.655855417251587,3.01397967338562,3.0374443531036377,3.3782408237457275,3.439401626586914,1.7028489112854004,1.3851773738861084,1.4419084787368774,1.1372052431106567,1.4174450635910034,1.339914083480835,1.6551361083984375,1.755151391029358,2.020803928375244,2.2448387145996094,2.3043534755706787,2.6764895915985107,2.6915647983551025,3.0540502071380615,3.1110172271728516
A3,0.6485871076583862,0.38846033811569214,0.0,0.4029317796230316,0.5898746252059937,0.9408009052276611,1.2002099752426147,1.5313878059387207,1.8161653280258179,2.1167678833007812,2.333313465118408,2.6501240730285645,2.839752674102783,3.109694242477417,3.205197334289551,1.3255488872528076,1.2351757287979126,1.0572395324707031,1.1110676527023315,1.3012031316757202,1.4096626043319702,1.753591537475586,1.9115474224090576,2.2859795093536377,2.4722683429718018,2.7545552253723145,3.0212576389312744,3.237335681915283,3.4834320545196533,3.6683292388916016,1.964059829711914,1.8010404109954834,1.6768041849136353,1.4903827905654907,1.7100584506988525,1.6193952560424805,1.9890564680099487,2.0313262939453125,2.395219087600708,2.5103232860565186,2.7368149757385254,3.0411858558654785,3.151657819747925,3.465641975402832,3.646374225616455,2.2220146656036377,1.8986397981643677,1.7801008224487305,1.4673537015914917,1.6724128723144531,1.4905874729156494,1.8173844814300537,1.8186843395233154,2.123422145843506,2.2297589778900146,2.2955222129821777,2.649334192276001,2.660356044769287,3.0057661533355713,3.0760245323181152,1.7074894905090332,1.347945213317871,1.315978765487671,0.9462319016456604,1.1491272449493408,1.007283091545105,1.2944608926773071,1.3772517442703247,1.6337571144104004,1.8607151508331299,1.92183256149292,2.2950711250305176,2.325528621673584,2.6830708980560303,2.7490453720092773
A4,0.9808706641197205,0.6395183205604553,0.4029317796230316,0.0,0.3780670762062073,0.6204779148101807,0.9203951358795166,1.2349944114685059,1.513811469078064,1.8083754777908325,1.9980753660202026,2.332782745361328,2.4930572509765625,2.780519485473633,2.87040114402771,1.1795908212661743,1.0159797668457031,0.7520474195480347,0.7461034059524536,0.9039676189422607,1.0125166177749634,1.355254888534546,1.5346331596374512,1.9007710218429565,2.1089577674865723,2.380980968475342,2.6539363861083984,2.8754491806030273,3.1165707111358643,3.2867486476898193,1.7006380558013916,1.528254508972168,1.3433663845062256,1.1675952672958374,1.348124384880066,1.2709460258483887,1.6388533115386963,1.7031031847000122,2.0751454830169678,2.209681987762451,2.459566831588745,2.7516467571258545,2.897003173828125,3.190253973007202,3.373155117034912,2.0197696685791016,1.7137830257415771,1.5311275720596313,1.2437613010406494,1.4119832515716553,1.2308299541473389,1.5747708082199097,1.5784631967544556,1.9207788705825806,2.0288162231445312,2.1559042930603027,2.495561122894287,2.545499801635742,2.8786134719848633,2.986607551574707,1.7177859544754028,1.3774482011795044,1.2524925470352173,0.9004201292991638,1.0608710050582886,0.8623465895652771,1.1886357069015503,1.2230969667434692,1.539811134338379,1.7178584337234497,1.8382222652435303,2.191756010055542,2.2127525806427,2.568683385848999,2.6824915409088135
A5,1.2305467128753662,0.9094740152359009,0.5898746252059937,0.3780670762062073,0.0,0.40358978509902954,0.6105502247810364,0.9511281251907349,1.2271769046783447,1.5327039957046509,1.7521923780441284,2.0625717639923096,2.26418399810791,2.5244059562683105,2.6261086463928223,1.381603717803955,1.2654176950454712,0.9361440539360046,0.9493970274925232,0.9576882123947144,1.019742727279663,1.3005305528640747,1.4283607006072998,1.8011029958724976,1.9749228954315186,2.2865443229675293,2.518721580505371,2.7660090923309326,2.9820094108581543,3.1798858642578125,1.982680320739746,1.8140829801559448,1.5697476863861084,1.3898612260818481,1.482240080833435,1.3379273414611816,1.6634458303451538,1.6522859334945679,2.0325875282287598,2.1073246002197266,2.384639263153076,2.6480600833892822,2.7829251289367676,3.07621431350708,3.2966668605804443,2.31760835647583,2.008188486099243,1.7785751819610596,1.4758145809173584,1.5624772310256958,1.3019503355026245,1.5919710397720337,1.5020861625671387,1.8338570594787598,1.8712743520736694,1.9979015588760376,2.316763162612915,2.3324673175811768,2.677806854248047,2.8142850399017334,2.01164174079895,1.6554876565933228,1.4822121858596802,1.1029908657073975,1.1482735872268677,0.8381679654121399,1.0689890384674072,0.9979711174964905,1.2845689058303833,1.4200489521026611,1.506637692451477,1.8554993867874146,1.8509681224822998,2.2128751277923584,2.3181211948394775
A6,1.5771920680999756,1.2471082210540771,0.9408009052276611,0.6204779148101807,0.40358978509902954,0.0,0.384097695350647,0.621277391910553,0.9337120056152344,1.1977951526641846,1.4190486669540405,1.7368732690811157,1.910685420036316,2.19148325920105,2.3155415058135986,1.533685564994812,1.3530362844467163,0.9773914217948914,0.8700525760650635,0.7564502358436584,0.6984235644340515,0.9457667469978333,1.0307163000106812,1.4076792001724243,1.5715610980987549,1.885388731956482,2.1162664890289307,2.3628108501434326,2.579488754272461,2.780499219894409,1.922091007232666,1.7263357639312744,1.4177792072296143,1.2227301597595215,1.2184969186782837,1.0305523872375488,1.315111756324768,1.2815492153167725,1.6639341115951538,1.734932780265808,2.0324885845184326,2.2794101238250732,2.4374611377716064,2.713759660720825,2.9402823448181152,2.216503620147705,1.9222749471664429,1.6303919553756714,1.3506417274475098,1.3493963479995728,1.063124656677246,1.3203011751174927,1.202048420906067,1.5549436807632446,1.5812495946884155,1.7666501998901367,2.0623440742492676,2.1181640625,2.4436750411987305,2.614396095275879,2.0559945106506348,1.7252272367477417,1.4708951711654663,1.1397145986557007,1.0947364568710327,0.7464820742607117,0.9468857049942017,0.8100119233131409,1.1465840339660645,1.222121238708496,1.3927630186080933,1.7045295238494873,1.714882731437683,2.057225227355957,2.2236709594726562
A7,1.836416482925415,1.4989869594573975,1.2002099752426147,0.9203951358795166,0.6105502247810364,0.384097695350647,0.0,0.3893072009086609,0.6174079179763794,0.9381993412971497,1.1556684970855713,1.455728530883789,1.6754086017608643,1.9195657968521118,2.027618169784546,1.6546986103057861,1.5352587699890137,1.147757887840271,1.1199511289596558,0.9017925262451172,0.8780694603919983,0.9827036261558533,1.0444327592849731,1.3806228637695312,1.5292960405349731,1.8724650144577026,2.0461854934692383,2.3345754146575928,2.502260684967041,2.712543249130249,2.1600656509399414,2.0036213397979736,1.6696587800979614,1.5275228023529053,1.4654268026351929,1.2842457294464111,1.5028563737869263,1.422264814376831,1.7918782234191895,1.8082265853881836,2.140812873840332,2.337249994277954,2.5024032592773438,2.757671594619751,3.0218749046325684,2.5513739585876465,2.275801658630371,1.9659423828125,1.7104259729385376,1.6739414930343628,1.3747423887252808,1.5781440734863281,1.3886477947235107,1.7181987762451172,1.6620231866836548,1.8619790077209473,2.112893581390381,2.1360671520233154,2.463040590286255,2.6759033203125,2.4398019313812256,2.1063344478607178,1.8495362997055054,1.5144541263580322,1.4396263360977173,1.0647395849227905,1.1666665077209473,0.9115942716598511,1.1743597984313965,1.1409103870391846,1.2592194080352783,1.5335193872451782,1.4707050323486328,1.8205981254577637,1.980217456817627
A8,2.17622971534729,1.846229076385498,1.5313878059387207,1.2349944114685059,0.9511281251907349,0.621277391910553,0.3893072009086609,0.0,0.37790974974632263,0.588098406791687,0.8633070588111877,1.1391044855117798,1.354475498199463,1.6050608158111572,1.7632298469543457,1.972177267074585,1.8167619705200195,1.4256618022918701,1.3204878568649292,1.0433547496795654,0.8910284042358398,0.8817359209060669,0.8080717921257019,1.1168571710586548,1.2003638744354248,1.5636286735534668,1.7036042213439941,1.9949440956115723,2.1524486541748047,2.386906147003174,2.312068462371826,2.13120698928833,1.7639178037643433,1.604806900024414,1.454026222229004,1.2217391729354858,1.345141887664795,1.1935186386108398,1.5340054035186768,1.5012868642807007,1.8510916233062744,2.0105044841766357,2.1820733547210693,2.419487953186035,2.702695846557617,2.6229445934295654,2.3585703372955322,2.0121898651123047,1.7749085426330566,1.653854489326477,1.336201548576355,1.4545789957046509,1.207798719406128,1.5105723142623901,1.404646396636963,1.6471257209777832,1.8520584106445312,1.8968271017074585,2.1990606784820557,2.4480183124542236,2.577104330062866,2.2627580165863037,1.956743836402893,1.6632238626480103,1.5117568969726562,1.14212167263031,1.157292366027832,0.8426592946052551,1.0756639242172241,0.9480454921722412,1.1381055116653442,1.3448082208633423,1.3018829822540283,1.613015055656433,1.8349676132202148
A9,2.449498414993286,2.1031131744384766,1.8161653280258179,1.513811469078064,1.2271769046783447,0.9337120056152344,0.6174079179763794,0.37790974974632263,0.0,0.3822242021560669,0.5625603199005127,0.8424111008644104,1.0866341590881348,1.3059083223342896,1.424047827720642,2.0656352043151855,1.9478144645690918,1.5666394233703613,1.5120538473129272,1.1796643733978271,1.0866973400115967,0.9531048536300659,0.903321385383606,1.1043874025344849,1.1985052824020386,1.5527507066726685,1.632063388824463,1.965396523475647,2.0598599910736084,2.277442693710327,2.4491043090820312,2.311828374862671,1.9322322607040405,1.837158441543579,1.6526446342468262,1.4716686010360718,1.5460752248764038,1.4069308042526245,1.7128732204437256,1.6626940965652466,2.033252000808716,2.136038303375244,2.3336164951324463,2.5282187461853027,2.8309574127197266,2.8677899837493896,2.633413791656494,2.2771198749542236,2.0799946784973145,1.952526569366455,1.6629387140274048,1.7677197456359863,1.5178167819976807,1.8024896383285522,1.658881664276123,1.9218592643737793,2.0767533779144287,2.114041805267334,2.395206928253174,2.679830312728882,2.920093297958374,2.6129419803619385,2.3098371028900146,2.022082567214966,1.8843806982040405,1.517904281616211,1.5285942554473877,1.1965861320495605,1.378390908241272,1.1741141080856323,1.3138161897659302,1.446431040763855,1.3188236951828003,1.6067006587982178,1.83036470413208
A10,2.7592523097991943,2.4211058616638184,2.1167678833007812,1.8083754777908325,1.5327039957046509,1.1977951526641846,0.9381993412971497,0.588098406791687,0.3822242021560669,0.0,0.37835556268692017,0.5624378323554993,0.8057979345321655,1.0274277925491333,1.2289963960647583,2.4037649631500244,2.255230188369751,1.8758217096328735,1.7642114162445068,1.4232618808746338,1.245168685913086,1.0458784103393555,0.862013041973114,0.9740580916404724,0.958307147026062,1.3183871507644653,1.3358559608459473,1.6693758964538574,1.7425644397735596,1.9919443130493164,2.6505391597747803,2.489731788635254,2.096790313720703,1.9828495979309082,1.7406097650527954,1.5255084037780762,1.5062750577926636,1.3052349090576172,1.548204779624939,1.438469409942627,1.8103359937667847,1.8599189519882202,2.0589640140533447,2.225386142730713,2.5465781688690186,2.9777920246124268,2.753263235092163,2.377284526824951,2.1957473754882812,2.0057201385498047,1.714860439300537,1.738759994506836,1.4552184343338013,1.6866264343261719,1.49739408493042,1.7867413759231567,1.8809010982513428,1.938534140586853,2.180570125579834,2.4961233139038086,3.0679593086242676,2.778550863265991,2.4436581134796143,2.1917836666107178,2.0017216205596924,1.656064748764038,1.6048535108566284,1.2640962600708008,1.3981423377990723,1.1306661367416382,1.3181570768356323,1.3642693758010864,1.268345832824707,1.4856517314910889,1.7688285112380981
A11,2.9596595764160156,2.602015256881714,2.333313465118408,1.9980753660202026,1.7521923780441284,1.4190486669540405,1.1556684970855713,0.8633070588111877,0.5625603199005127,0.37835556268692017,0.0,0.3786332309246063,0.5320425033569336,0.784570038318634,0.9111584424972534,2.4169182777404785,2.280123472213745,1.9239188432693481,1.8331985473632812,1.4610811471939087,1.3306968212127686,1.0430138111114502,0.9244663715362549,0.9081442356109619,0.9543817043304443,1.2537784576416016,1.2369617223739624,1.6028825044631958,1.6184581518173218,1.8150826692581177,2.6248292922973633,2.5050153732299805,2.109086036682129,2.0617241859436035,1.794075846672058,1.6492425203323364,1.5997854471206665,1.4599404335021973,1.673156976699829,1.602037787437439,1.9785128831863403,1.9924705028533936,2.235869884490967,2.352233648300171,2.662557601928711,3.0471856594085693,2.8622751235961914,2.4816272258758545,2.3529911041259766,2.168034553527832,1.9257761240005493,1.9659793376922607,1.7246931791305542,1.9685221910476685,1.8032615184783936,2.117872476577759,2.1940014362335205,2.2759242057800293,2.492629051208496,2.820331335067749,3.2725436687469482,3.001080274581909,2.6696271896362305,2.435774803161621,2.275804042816162,1.9430567026138306,1.9354244470596313,1.6126538515090942,1.7713028192520142,1.5087826251983643,1.6862622499465942,1.713358998298645,1.581714391708374,1.7755720615386963,2.0523476600646973
A12,3.2855420112609863,2.9361860752105713,2.6501240730285645,2.332782745361328,2.0625717639923096,1.7368732690811157,1.455728530883789,1.1391044855117798,0.8424111008644104,0.5624378323554993,0.3786332309246063,0.0,0.3798963725566864,0.4747675955295563,0.7002878189086914,2.7823867797851562,2.655439615249634,2.2968685626983643,2.2061607837677,1.836956262588501,1.6873600482940674,1.3991221189498901,1.2255407571792603,1.1563221216201782,1.094893217086792,1.3658751249313354,1.2425836324691772,1.6018726825714111,1.549515724182129,1.7749474048614502,2.9941647052764893,2.869140148162842,2.4714503288269043,2.411855936050415,2.129103899002075,1.9597580432891846,1.8681156635284424,1.6800493001937866,1.8384325504302979,1.700559139251709,2.0594332218170166,2.0109829902648926,2.231987953186035,2.315319299697876,2.6518969535827637,3.380201816558838,3.194035768508911,2.807929277420044,2.673745632171631,2.461671829223633,2.2050986289978027,2.1951351165771484,1.918683648109436,2.106450319290161,1.8861476182937622,2.1866908073425293,2.2016494274139404,2.2620575428009033,2.4466729164123535,2.800384759902954,3.5859768390655518,3.3124680519104004,2.9701976776123047,2.7376608848571777,2.5459673404693604,2.211290121078491,2.149228096008301,1.8068121671676636,1.898655652999878,1.5849305391311646,1.732778787612915,1.6759610176086426,1.5244462490081787,1.6458799839019775,1.936530351638794
A13,3.4654881954193115,3.107431650161743,2.839752674102783,2.4930572509765625,2.26418399810791,1.910685420036316,1.6754086017608643,1.354475498199463,1.0866341590881348,0.8057979345321655,0.5320425033569336,0.3798963725566864,0.0,0.37042036652565,0.5857677459716797,2.8718626499176025,2.7182910442352295,2.3806939125061035,2.2581100463867188,1.8843193054199219,1.7189754247665405,1.3796333074569702,1.2026922702789307,1.0147926807403564,0.9508223533630371,1.1338036060333252,0.9687082171440125,1.334104061126709,1.2405811548233032,1.425897240638733,2.9373013973236084,2.820237874984741,2.4248898029327393,2.3950445652008057,2.07708740234375,1.9461003541946411,1.797333002090454,1.6456549167633057,1.7492506504058838,1.6428378820419312,1.989639163017273,1.907706618309021,2.1711790561676025,2.204148054122925,2.516982078552246,3.3111634254455566,3.1617438793182373,2.7705562114715576,2.686897039413452,2.4546122550964355,2.2457730770111084,2.219785690307617,1.9847404956817627,2.168537139892578,1.9833180904388428,2.3163201808929443,2.3152668476104736,2.4271187782287598,2.5759310722351074,2.931640863418579,3.6396918296813965,3.3964478969573975,3.044072389602661,2.8525161743164062,2.6659398078918457,2.362422466278076,2.3251192569732666,2.0140717029571533,2.1396467685699463,1.845961093902588,2.0416018962860107,1.9879330396652222,1.872819185256958,1.9762014150619507,2.2864325046539307
A14,3.7403616905212402,3.3847544193267822,3.109694242477417,2.780519485473633,2.5244059562683105,2.19148325920105,1.9195657968521118,1.6050608158111572,1.3059083223342896,1.0274277925491333,0.784570038318634,0.4747675955295563,0.37042036652565,0.0,0.3863180875778198,3.1494691371917725,3.023221969604492,2.683420419692993,2.5883326530456543,2.211228132247925,2.0636062622070312,1.7334455251693726,1.5593416690826416,1.3837705850601196,1.289562702178955,1.4554485082626343,1.2289546728134155,1.5670735836029053,1.404876470565796,1.5901199579238892,3.2850847244262695,3.1786739826202393,2.7836267948150635,2.7555766105651855,2.4436452388763428,2.3037643432617188,2.1570136547088623,1.9827959537506104,2.0715219974517822,1.9249533414840698,2.2562007904052734,2.136348247528076,2.3716068267822266,2.381948709487915,2.713484048843384,3.680659055709839,3.5268893241882324,3.1358137130737305,3.040632963180542,2.8075850009918213,2.581791639328003,2.5428457260131836,2.281386375427246,2.4372289180755615,2.2117345333099365,2.521103858947754,2.4833295345306396,2.5605154037475586,2.693498373031616,3.065045118331909,3.9813692569732666,3.726864814758301,3.375544548034668,3.1677911281585693,2.9710912704467773,2.652772903442383,2.586275100708008,2.2529959678649902,2.331686019897461,2.0051190853118896,2.1518776416778564,2.043891429901123,1.889909267425537,1.9429545402526855,2.237060785293579
A15,3.8167896270751953,3.4497900009155273,3.205197334289551,2.87040114402771,2.6261086463928223,2.3155415058135986,2.027618169784546,1.7632298469543457,1.424047827720642,1.2289963960647583,0.9111584424972534,0.7002878189086914,0.5857677459716797,0.3863180875778198,0.0,3.0952157974243164,3.000253915786743,2.685014486312866,2.6326394081115723,2.249411106109619,2.163367509841919,1.8174117803573608,1.7209585905075073,1.5325024127960205,1.5225931406021118,1.6608765125274658,1.4632179737091064,1.8078982830047607,1.6251931190490723,1.7337772846221924,3.274137496948242,3.211688756942749,2.8263416290283203,2.849578619003296,2.5499911308288574,2.461726188659668,2.3397676944732666,2.216904878616333,2.3283004760742188,2.226461887359619,2.5676944255828857,2.462620258331299,2.719254970550537,2.7235543727874756,3.039381265640259,3.77990460395813,3.6473753452301025,3.2635788917541504,3.1913628578186035,2.9879026412963867,2.7835464477539062,2.7864584922790527,2.5493862628936768,2.740513563156128,2.537749767303467,2.8536484241485596,2.8401875495910645,2.915663719177246,3.0643324851989746,3.4317774772644043,4.144359111785889,3.8905019760131836,3.5548486709594727,3.338669776916504,3.177114725112915,2.851531744003296,2.824795722961426,2.491159439086914,2.597313165664673,2.282827377319336,2.4087493419647217,2.3271803855895996,2.1340439319610596,2.214916944503784,2.4757635593414307
B1,1.431556224822998,1.135985255241394,1.3255488872528076,1.1795908212661743,1.381603717803955,1.533685564994812,1.6546986103057861,1.972177267074585,2.0656352043151855,2.4037649631500244,2.4169182777404785,2.7823867797851562,2.8718626499176025,3.1494691371917725,3.0952157974243164,0.0,0.38141927123069763,0.6225135922431946,0.9827999472618103,1.159885048866272,1.5348438024520874,1.7371742725372314,2.0929059982299805,2.333245038986206,2.665271759033203,2.8584296703338623,3.1340432167053223,3.3861083984375,3.570371150970459,3.628743886947632,1.2924188375473022,1.4127494096755981,1.3742915391921997,1.5319548845291138,1.7434439659118652,1.9201477766036987,2.2512383460998535,2.453597068786621,2.801386833190918,3.0117199420928955,3.2934963703155518,3.5494332313537598,3.7771365642547607,4.008541107177734,4.171576499938965,2.197150945663452,2.0611417293548584,1.9619975090026855,1.8969697952270508,2.1350855827331543,2.1184144020080566,2.490663766860962,2.5568478107452393,2.9340708255767822,3.0506911277770996,3.247070550918579,3.56062912940979,3.6404871940612793,3.960402250289917,4.106860160827637,2.348660945892334,2.129293203353882,2.1098408699035645,1.892336368560791,2.139221668243408,1.9962877035140991,2.3378098011016846,2.317295551300049,2.6447508335113525,2.738307476043701,2.839923620223999,3.157749652862549,3.078608512878418,3.444206714630127,3.5458474159240723
B2,1.4090278148651123,1.0923856496810913,1.2351757287979126,1.0159797668457031,1.2654176950454712,1.3530362844467163,1.5352587699890137,1.8167619705200195,1.9478144645690918,2.255230188369751,2.280123472213745,2.655439615249634,2.7182910442352295,3.023221969604492,3.000253915786743,0.38141927123069763,0.0,0.3914796710014343,0.6540489196777344,0.8975364565849304,1.2466484308242798,1.4791709184646606,1.8310199975967407,2.073944091796875,2.40455961227417,2.5782549381256104,2.877079486846924,3.1043331623077393,3.312453031539917,3.370239734649658,0.986172616481781,1.0525809526443481,1.002225399017334,1.1557894945144653,1.3829995393753052,1.5800994634628296,1.9131838083267212,2.140368700027466,2.4761626720428467,2.7094125747680664,2.974255323410034,3.2401623725891113,3.470899820327759,3.6997616291046143,3.843621253967285,1.8377727270126343,1.6985670328140259,1.5848513841629028,1.5384576320648193,1.775665044784546,1.7905288934707642,2.1644287109375,2.2637741565704346,2.640470027923584,2.78596568107605,2.99320650100708,3.307586669921875,3.416222095489502,3.7212679386138916,3.8612754344940186,2.0563478469848633,1.853247880935669,1.8044872283935547,1.6234773397445679,1.866307020187378,1.7536314725875854,2.11152720451355,2.1189825534820557,2.469374418258667,2.575140953063965,2.722801685333252,3.0394632816314697,2.996929168701172,3.353461503982544,3.488708972930908
B3,1.4083161354064941,1.0414210557937622,1.0572395324707031,0.7520474195480347,0.9361440539360046,0.9773914217948914,1.147757887840271,1.4256618022918701,1.5666394233703613,1.8758217096328735,1.9239188432693481,2.2968685626983643,2.3806939125061035,2.683420419692993,2.685014486312866,0.6225135922431946,0.3914796710014343,0.0,0.39961710572242737,0.5649524331092834,0.9200917482376099,1.1611716747283936,1.4955472946166992,1.7663472890853882,2.0794742107391357,2.287090301513672,2.571253538131714,2.8137097358703613,3.0183064937591553,3.106797456741333,1.1754813194274902,1.1458797454833984,0.9611415266990662,1.0309454202651978,1.1930289268493652,1.3199386596679688,1.6531145572662354,1.835264801979065,2.189345598220825,2.3911287784576416,2.674759864807129,2.930881977081299,3.1551334857940674,3.389420986175537,3.557917833328247,1.898026943206787,1.709748387336731,1.5186792612075806,1.4102447032928467,1.5880805253982544,1.5335938930511475,1.8940178155899048,1.9459773302078247,2.326794147491455,2.4422130584716797,2.6561391353607178,2.9611172676086426,3.0606892108917236,3.368767023086548,3.5249874591827393,2.0456430912017822,1.7967853546142578,1.6783918142318726,1.4472750425338745,1.6304033994674683,1.4580297470092773,1.7934352159500122,1.7627010345458984,2.111595630645752,2.1969714164733887,2.348573684692383,2.6572234630584717,2.6141936779022217,2.9676554203033447,3.1123838424682617
B4,1.514305591583252,1.1667324304580688,1.1110676527023315,0.7461034059524536,0.9493970274925232,0.8700525760650635,1.1199511289596558,1.3204878568649292,1.5120538473129272,1.7642114162445068,1.8331985473632812,2.2061607837677,2.2581100463867188,2.5883326530456543,2.6326394081115723,0.9827999472618103,0.6540489196777344,0.39961710572242737,0.0,0.3833123743534088,0.6231579184532166,0.9272672533988953,1.234122395515442,1.5142369270324707,1.8141621351242065,2.0003926753997803,2.312021017074585,2.521319627761841,2.7570862770080566,2.851175308227539,1.059340000152588,0.9154598116874695,0.6578870415687561,0.6478381156921387,0.8070636987686157,0.9378567337989807,1.2806802988052368,1.489439845085144,1.831222653388977,2.0592055320739746,2.3219621181488037,2.591432809829712,2.817188262939453,3.0504441261291504,3.198227643966675,1.5955183506011963,1.3908193111419678,1.1530600786209106,1.0487658977508545,1.1997450590133667,1.1730031967163086,1.5330771207809448,1.6246635913848877,2.004276990890503,2.1550145149230957,2.3827199935913086,2.6861658096313477,2.821063995361328,3.1088883876800537,3.2576143741607666,1.8007025718688965,1.5704541206359863,1.3947029113769531,1.212613582611084,1.3644416332244873,1.229413628578186,1.574036955833435,1.5789631605148315,1.950029730796814,2.048267364501953,2.25675630569458,2.5565686225891113,2.5609381198883057,2.8958468437194824,3.078336715698242
B5,1.7945562601089478,1.4263794422149658,1.3012031316757202,0.9039676189422607,0.9576882123947144,0.7564502358436584,0.9017925262451172,1.0433547496795654,1.1796643733978271,1.4232618808746338,1.4610811471939087,1.836956262588501,1.8843193054199219,2.211228132247925,2.249411106109619,1.159885048866272,0.8975364565849304,0.5649524331092834,0.3833123743534088,0.0,0.3954499661922455,0.5979331135749817,0.937874972820282,1.2030657529830933,1.516830325126648,1.724000334739685,2.0078225135803223,2.250265598297119,2.456397294998169,2.556290626525879,1.2849444150924683,1.1639974117279053,0.8193581104278564,0.8274528384208679,0.8052142858505249,0.8850938081741333,1.1620641946792603,1.3290942907333374,1.6773494482040405,1.8726080656051636,2.175611734390259,2.405973434448242,2.6515278816223145,2.8642630577087402,3.0431020259857178,1.8444284200668335,1.6548374891281128,1.3548719882965088,1.2544455528259277,1.297589659690857,1.2077813148498535,1.5160831212997437,1.5368460416793823,1.921391487121582,2.0178821086883545,2.2818081378936768,2.552030086517334,2.685412883758545,2.9670817852020264,3.1565918922424316,2.1039679050445557,1.861535906791687,1.630143404006958,1.4256017208099365,1.4890320301055908,1.2765151262283325,1.561139464378357,1.4798437356948853,1.8414764404296875,1.8713560104370117,2.086660385131836,2.3522751331329346,2.3285579681396484,2.6530182361602783,2.8543753623962402
B6,1.9502700567245483,1.6053755283355713,1.4096626043319702,1.0125166177749634,1.019742727279663,0.6984235644340515,0.8780694603919983,0.8910284042358398,1.0866973400115967,1.245168685913086,1.3306968212127686,1.6873600482940674,1.7189754247665405,2.0636062622070312,2.163367509841919,1.5348438024520874,1.2466484308242798,0.9200917482376099,0.6231579184532166,0.3954499661922455,0.0,0.3880838453769684,0.6159756183624268,0.9308180809020996,1.20016348361969,1.4168888330459595,1.7160857915878296,1.933638572692871,2.1701555252075195,2.301562786102295,1.468003511428833,1.2616811990737915,0.8822150826454163,0.7538930177688599,0.6027408242225647,0.543971061706543,0.7978841066360474,0.9347571134567261,1.2893282175064087,1.4819011688232422,1.7808986902236938,2.017418146133423,2.2584261894226074,2.4761860370635986,2.6540539264678955,1.7856043577194214,1.5718879699707031,1.2189563512802124,1.0901390314102173,1.0278511047363281,0.8957017660140991,1.1585783958435059,1.168786644935608,1.549898624420166,1.6547232866287231,1.9370074272155762,2.1956400871276855,2.355642795562744,2.6185054779052734,2.8103675842285156,2.0186655521392822,1.7819290161132812,1.4850164651870728,1.3106825351715088,1.2857561111450195,1.0770851373672485,1.3181111812591553,1.2410402297973633,1.6063652038574219,1.6312921047210693,1.9000765085220337,2.145015001296997,2.168771743774414,2.4668591022491455,2.7035796642303467
B7,2.3092188835144043,1.9519091844558716,1.753591537475586,1.355254888534546,1.3005305528640747,0.9457667469978333,0.9827036261558533,0.8817359209060669,0.9531048536300659,1.0458784103393555,1.0430138111114502,1.3991221189498901,1.3796333074569702,1.7334455251693726,1.8174117803573608,1.7371742725372314,1.4791709184646606,1.1611716747283936,0.9272672533988953,0.5979331135749817,0.3880838453769684,0.0,0.3923584818840027,0.6057463884353638,0.9307453036308289,1.1375752687454224,1.4101930856704712,1.6627986431121826,1.8598341941833496,1.974216103553772,1.6355646848678589,1.474171757698059,1.0754510164260864,1.0356181859970093,0.7741181254386902,0.7453839182853699,0.821556031703949,0.9282454252243042,1.236369013786316,1.404466986656189,1.7379192113876343,1.9117501974105835,2.190826177597046,2.3623971939086914,2.5598480701446533,2.0176446437835693,1.8512217998504639,1.4799010753631592,1.410742998123169,1.2850253582000732,1.1625453233718872,1.339054822921753,1.2989208698272705,1.6539007425308228,1.705054759979248,2.030252695083618,2.235093832015991,2.40657901763916,2.6444525718688965,2.879201650619507,2.3747141361236572,2.1539931297302246,1.841657042503357,1.6828289031982422,1.6186565160751343,1.3884462118148804,1.563861608505249,1.4171315431594849,1.7487965822219849,1.6912412643432617,1.9668599367141724,2.1558616161346436,2.147521495819092,2.419177293777466,2.6821744441986084
B8,2.5011684894561768,2.1626012325286865,1.9115474224090576,1.5346331596374512,1.4283607006072998,1.0307163000106812,1.0444327592849731,0.8080717921257019,0.903321385383606,0.862013041973114,0.9244663715362549,1.2255407571792603,1.2026922702789307,1.5593416690826416,1.7209585905075073,2.0929059982299805,1.8310199975967407,1.4955472946166992,1.234122395515442,0.937874972820282,0.6159756183624268,0.3923584818840027,0.0,0.38992249965667725,0.5929819345474243,0.8652446866035461,1.1235963106155396,1.3681535720825195,1.5856425762176514,1.7589386701583862,1.9577523469924927,1.750779390335083,1.3571555614471436,1.2325770854949951,0.9252786636352539,0.7462427020072937,0.6862044334411621,0.6410213708877563,0.9329980611801147,1.0402981042861938,1.3934345245361328,1.5468230247497559,1.819697618484497,1.9929473400115967,2.213024377822876,2.164414405822754,1.9770827293395996,1.5869505405426025,1.4842870235443115,1.268090844154358,1.0869394540786743,1.1531113386154175,1.0431302785873413,1.360228419303894,1.373624563217163,1.720848798751831,1.890320062637329,2.0774285793304443,2.2928380966186523,2.544149398803711,2.4465909004211426,2.2243812084198,1.8724970817565918,1.7267272472381592,1.5776985883712769,1.3432567119598389,1.4290274381637573,1.25715970993042,1.5508296489715576,1.457933783531189,1.7719401121139526,1.9187123775482178,1.9486024379730225,2.1821606159210205,2.477898359298706
B9,2.864651679992676,2.5194504261016846,2.2859795093536377,1.9007710218429565,1.8011029958724976,1.4076792001724243,1.3806228637695312,1.1168571710586548,1.1043874025344849,0.9740580916404724,0.9081442356109619,1.1563221216201782,1.0147926807403564,1.3837705850601196,1.5325024127960205,2.333245038986206,2.073944091796875,1.7663472890853882,1.5142369270324707,1.2030657529830933,0.9308180809020996,0.6057463884353638,0.38992249965667725,0.0,0.38274821639060974,0.5530756115913391,0.8053727149963379,1.0696585178375244,1.2546732425689697,1.3906922340393066,2.0868959426879883,1.908964991569519,1.520822525024414,1.4609118700027466,1.106676697731018,1.0077282190322876,0.8217310309410095,0.805831253528595,0.9571700096130371,1.062532663345337,1.406020164489746,1.4807915687561035,1.8009761571884155,1.902925729751587,2.1162116527557373,2.310636520385742,2.1766505241394043,1.7842823266983032,1.7521800994873047,1.510137677192688,1.390609860420227,1.403518795967102,1.3118470907211304,1.5751999616622925,1.571323275566101,1.9416711330413818,2.0525195598602295,2.2653841972351074,2.435234785079956,2.711724042892456,2.7377562522888184,2.546891927719116,2.1914281845092773,2.083050012588501,1.932452917098999,1.7211105823516846,1.7891454696655273,1.6103354692459106,1.8732396364212036,1.7359344959259033,2.051018476486206,2.143686056137085,2.1573703289031982,2.3508009910583496,2.669597625732422
B10,3.0712413787841797,2.7420127391815186,2.4722683429718018,2.1089577674865723,1.9749228954315186,1.5715610980987549,1.5292960405349731,1.2003638744354248,1.1985052824020386,0.958307147026062,0.9543817043304443,1.094893217086792,0.9508223533630371,1.289562702178955,1.5225931406021118,2.665271759033203,2.40455961227417,2.0794742107391357,1.8141621351242065,1.516830325126648,1.20016348361969,0.9307453036308289,0.5929819345474243,0.38274821639060974,0.0,0.38010162115097046,0.5507533550262451,0.8068967461585999,1.0117069482803345,1.2373385429382324,2.423722267150879,2.21504282951355,1.833709955215454,1.7173995971679688,1.361808180809021,1.1781766414642334,0.92463219165802,0.7605017423629761,0.8094409704208374,0.794132649898529,1.1435185670852661,1.158998727798462,1.473649024963379,1.5616052150726318,1.8080241680145264,2.5223569869995117,2.3703062534332275,1.9759511947631836,1.9140511751174927,1.6202858686447144,1.4622153043746948,1.3757070302963257,1.222915530204773,1.407349705696106,1.3498035669326782,1.7269288301467896,1.780164122581482,2.00504994392395,2.1383655071258545,2.4336040019989014,2.8689374923706055,2.677149534225464,2.300407886505127,2.200894594192505,1.9908095598220825,1.7842644453048706,1.7727998495101929,1.5809636116027832,1.7847286462783813,1.6135222911834717,1.945488452911377,1.9840511083602905,2.032534122467041,2.174851894378662,2.5199532508850098
B11,3.327934741973877,3.0007131099700928,2.7545552253723145,2.380980968475342,2.2865443229675293,1.885388731956482,1.8724650144577026,1.5636286735534668,1.5527507066726685,1.3183871507644653,1.2537784576416016,1.3658751249313354,1.1338036060333252,1.4554485082626343,1.6608765125274658,2.8584296703338623,2.5782549381256104,2.287090301513672,2.0003926753997803,1.724000334739685,1.4168888330459595,1.1375752687454224,0.8652446866035461,0.5530756115913391,0.38010162115097046,0.0,0.37811046838760376,0.5277939438819885,0.7765864729881287,0.9367607831954956,2.456406354904175,2.2551257610321045,1.8967458009719849,1.8145807981491089,1.4367125034332275,1.3182636499404907,0.9947229623794556,0.9181773662567139,0.8310517072677612,0.8856956362724304,1.1535662412643433,1.1180028915405273,1.4760462045669556,1.4883153438568115,1.6800346374511719,2.503096342086792,2.401693344116211,2.016665458679199,2.0236711502075195,1.7149170637130737,1.6353282928466797,1.525635004043579,1.4459437131881714,1.5952857732772827,1.5844390392303467,1.9610193967819214,1.9876856803894043,2.250364303588867,2.33762788772583,2.6224606037139893,2.9848997592926025,2.835958957672119,2.460664987564087,2.4152204990386963,2.217960834503174,2.0590660572052,2.0672128200531006,1.914849042892456,2.1249513626098633,1.9698050022125244,2.311385154724121,2.3386731147766113,2.3973002433776855,2.518738269805908,2.8727269172668457
B12,3.617051362991333,3.284641981124878,3.0212576389312744,2.6539363861083984,2.518721580505371,2.1162664890289307,2.0461854934692383,1.7036042213439941,1.632063388824463,1.3358559608459473,1.2369617223739624,1.2425836324691772,0.9687082171440125,1.2289546728134155,1.4632179737091064,3.1340432167053223,2.877079486846924,2.571253538131714,2.312021017074585,2.0078225135803223,1.7160857915878296,1.4101930856704712,1.1235963106155396,0.8053727149963379,0.5507533550262451,0.37811046838760376,0.0,0.37524306774139404,0.46432390809059143,0.7157726883888245,2.8030970096588135,2.616636276245117,2.2511353492736816,2.175381660461426,1.8002744913101196,1.6648902893066406,1.3531559705734253,1.2177536487579346,1.110344648361206,1.0490866899490356,1.2999165058135986,1.1599347591400146,1.4972715377807617,1.449619174003601,1.6844905614852905,2.8809852600097656,2.7767961025238037,2.39046311378479,2.3810172080993652,2.067032814025879,1.9543901681900024,1.8184324502944946,1.6822082996368408,1.7861958742141724,1.7030481100082397,2.0699563026428223,2.035053014755249,2.2765965461730957,2.333530902862549,2.650988817214966,3.334660768508911,3.1724236011505127,2.791856527328491,2.7251551151275635,2.505803346633911,2.3196911811828613,2.2835681438446045,2.0896012783050537,2.250021457672119,2.0410099029541016,2.3590099811553955,2.326878070831299,2.3653035163879395,2.439695119857788,2.803499698638916
B13,3.816051721572876,3.498882532119751,3.237335681915283,2.8754491806030273,2.7660090923309326,2.3628108501434326,2.3345754146575928,1.9949440956115723,1.965396523475647,1.6693758964538574,1.6028825044631958,1.6018726825714111,1.334104061126709,1.5670735836029053,1.8078982830047607,3.3861083984375,3.1043331623077393,2.8137097358703613,2.521319627761841,2.250265598297119,1.933638572692871,1.6627986431121826,1.3681535720825195,1.0696585178375244,0.8068967461585999,0.5277939438819885,0.37524306774139404,0.0,0.37654703855514526,0.617483377456665,2.936335802078247,2.728717803955078,2.3880488872528076,2.2947325706481934,1.9181363582611084,1.78326416015625,1.4269911050796509,1.3007166385650635,1.0835583209991455,1.0309864282608032,1.1777775287628174,0.9822939038276672,1.3286916017532349,1.2128596305847168,1.3948559761047363,2.8866562843322754,2.8029556274414062,2.431476593017578,2.449148416519165,2.1103124618530273,2.038005828857422,1.8518327474594116,1.7571803331375122,1.8026667833328247,1.754832148551941,2.107537031173706,2.0427234172821045,2.321552038192749,2.327465772628784,2.623166084289551,3.3711791038513184,3.24324369430542,2.8593263626098633,2.8412442207336426,2.6093029975891113,2.4714343547821045,2.424771547317505,2.274465560913086,2.425837755203247,2.243590831756592,2.581528425216675,2.5421302318573,2.6222572326660156,2.673128128051758,3.0461506843566895
