,A1,A2,A3,A4,A5,A6,A7,A8,A9,A10,A11,A12,A13,A14,A15,B1,B2,B3,B4,B5,B6,B7,B8,B9,B10,B11,B12,B13,B14,B15,C1,C2,C3,C4,C5,C6,C7,C8,C9,C10,C11,C12,C13,C14,C15,D1,D2,D3,D4,D5,D6,D7,D8,D9,D10,D11,D12,D13,D14,D15,E1,E2,E3,E4,E5,E6,E7,E8,E9,E10,E11,E12,E13,E14,E15
A1,0.0,0.3969244956970215,0.6137709021568298,0.9283304810523987,1.17746901512146,1.4886176586151123,1.7572739124298096,1.8902685642242432,2.240229606628418,2.2942020893096924,2.655816078186035,2.6948885917663574,2.5740573406219482,2.8184568881988525,2.6907718181610107,0.9149112701416016,1.0665087699890137,1.2511329650878906,1.4236176013946533,1.7286326885223389,1.9286826848983765,2.2913424968719482,2.404137134552002,2.7717552185058594,2.890684127807617,3.2368385791778564,3.300891160964966,3.1817009449005127,3.437455177307129,3.3260364532470703,1.8433510065078735,1.851001262664795,1.9275574684143066,1.9677555561065674,2.2533082962036133,2.3652400970458984,2.7535598278045654,2.8757359981536865,3.2046215534210205,3.4191060066223145,3.7086575031280518,3.8650319576263428,3.85779070854187,4.167788028717041,4.119819164276123,2.3825223445892334,2.347249746322632,2.442300319671631,2.3979506492614746,2.7090723514556885,2.739527463912964,3.1270382404327393,3.2857232093811035,3.5188910961151123,3.8202977180480957,4.010203838348389,4.2659010887146,4.353032112121582,4.539661407470703,4.53350305557251,2.7028141021728516,2.770052671432495,2.4884653091430664,2.766350507736206,2.6319479942321777,2.9743599891662598,2.976827621459961,3.1159377098083496,3.399237632751465,3.371225118637085,3.659170389175415,3.915647029876709,3.8346216678619385,4.096907615661621,4.395810127258301
A2,0.3969244956970215,0.0,0.38695839047431946,0.6015816926956177,0.9095527529716492,1.1997536420822144,1.4710747003555298,1.6607658863067627,1.9864667654037476,2.0705668926239014,2.4137966632843018,2.4987690448760986,2.4205970764160156,2.6803321838378906,2.5858449935913086,0.8296593427658081,0.8480662107467651,0.9745358824729919,1.0724341869354248,1.3824166059494019,1.5533615350723267,1.9261608123779297,2.0535006523132324,2.413261890411377,2.554596424102783,2.8909924030303955,2.9780972003936768,2.885798931121826,3.1571340560913086,3.0713841915130615,1.6906753778457642,1.651291847229004,1.668160319328308,1.6604458093643188,1.9226701259613037,2.001854658126831,2.3933703899383545,2.5082242488861084,2.8284621238708496,3.0577189922332764,3.335897207260132,3.4978909492492676,3.507398843765259,3.8255257606506348,3.7973406314849854,2.219466209411621,2.161421537399292,2.2005887031555176,2.1267545223236084,2.4086856842041016,2.4093236923217773,2.7969088554382324,2.9366962909698486,3.1624932289123535,3.4754679203033447,3.6545987129211426,3.9104034900665283,4.011063098907471,4.210564136505127,4.2249531745910645,2.588888645172119,2.6026880741119385,2.291304588317871,2.5375678539276123,2.3707869052886963,2.6996445655822754,2.6665475368499756,2.8105618953704834,3.0735621452331543,3.033783197402954,3.3095977306365967,3.5800249576568604,3.5095889568328857,3.7613296508789062,4.072652816772461
A3,0.6137709021568298,0.38695839047431946,0.0,0.3784143030643463,0.5677629709243774,0.9031413197517395,1.1460851430892944,1.304620385169983,1.6410490274429321,1.703839659690857,2.057027578353882,2.124349355697632,2.0356979370117188,2.296440601348877,2.209869623184204,0.7774381637573242,0.8523150682449341,0.8274500370025635,0.9699389338493347,1.1945425271987915,1.3873603343963623,1.7348356246948242,1.8115633726119995,2.184718608856201,2.2961714267730713,2.6407406330108643,2.691828966140747,2.574098587036133,2.8406550884246826,2.751466989517212,1.5781381130218506,1.6031179428100586,1.5612365007400513,1.6050199270248413,1.8160123825073242,1.9205741882324219,2.2967329025268555,2.365574359893799,2.705768585205078,2.9107322692871094,3.205148696899414,3.3304097652435303,3.313945770263672,3.636312246322632,3.607571840286255,2.1143829822540283,2.116298198699951,2.1262643337249756,2.10357928276062,2.3604841232299805,2.3868298530578613,2.7776288986206055,2.8815646171569824,3.1365997791290283,3.4417338371276855,3.6409854888916016,3.868340492248535,3.9532337188720703,4.1751227378845215,4.202892780303955,2.648191213607788,2.6557235717773438,2.3588340282440186,2.6154847145080566,2.46773624420166,2.8037967681884766,2.757925271987915,2.9414639472961426,3.1779887676239014,3.15039324760437,3.3954503536224365,3.6935513019561768,3.6572318077087402,3.8996071815490723,4.222620487213135
A4,0.9283304810523987,0.6015816926956177,0.3784143030643463,0.0,0.3768945038318634,0.6032286286354065,0.8924235701560974,1.1028647422790527,1.409490942955017,1.5398077964782715,1.857255458831787,1.9663869142532349,1.9418901205062866,2.2335476875305176,2.207134485244751,1.029201865196228,0.9768330454826355,0.8368748426437378,0.827294111251831,0.9921755194664001,1.0974705219268799,1.4597089290618896,1.517421007156372,1.8820322751998901,2.0361437797546387,2.3578226566314697,2.4243476390838623,2.345184087753296,2.6430768966674805,2.601576328277588,1.6841200590133667,1.6657402515411377,1.5403120517730713,1.5204262733459473,1.6689351797103882,1.710633397102356,2.0825390815734863,2.1160013675689697,2.4402916431427,2.670408010482788,2.9430418014526367,3.0647623538970947,3.073381185531616,3.4138495922088623,3.421454429626465,2.1870365142822266,2.171694040298462,2.11138916015625,2.0565593242645264,2.260890007019043,2.241305112838745,2.6245927810668945,2.69004225730896,2.930344581604004,3.2535240650177,3.4313366413116455,3.656419038772583,3.7639951705932617,4.0073442459106445,4.067193984985352,2.763536214828491,2.7180967330932617,2.3965466022491455,2.6084787845611572,2.4220075607299805,2.729346990585327,2.6325645446777344,2.8107805252075195,3.0139129161834717,2.9585068225860596,3.184657573699951,3.4974958896636963,3.465904474258423,3.684213399887085,4.02509069442749
A5,1.17746901512146,0.9095527529716492,0.5677629709243774,0.3768945038318634,0.0,0.38696104288101196,0.5801244974136353,0.7627277970314026,1.0797410011291504,1.1739716529846191,1.5074973106384277,1.6037522554397583,1.5684095621109009,1.8572767972946167,1.840744972229004,1.090502142906189,1.0850856304168701,0.8258624076843262,0.8651462197303772,0.8896588683128357,1.0245676040649414,1.3249197006225586,1.3174514770507812,1.6935741901397705,1.7992194890975952,2.132564067840576,2.155512571334839,2.0411999225616455,2.328496217727661,2.278438091278076,1.610909342765808,1.6567540168762207,1.4818618297576904,1.5229018926620483,1.6111513376235962,1.6890082359313965,2.0283398628234863,2.013697385787964,2.356757402420044,2.5493831634521484,2.8406856060028076,2.920764446258545,2.8953680992126465,3.2340729236602783,3.235161304473877,2.0961837768554688,2.1412761211395264,2.057612419128418,2.0603859424591064,2.2372453212738037,2.252426862716675,2.6295745372772217,2.6616759300231934,2.9318671226501465,3.237321615219116,3.438593864440918,3.6306161880493164,3.7155539989471436,3.976020336151123,4.043695449829102,2.811985969543457,2.765864849090576,2.4687843322753906,2.6906609535217285,2.5334959030151367,2.8454179763793945,2.747983694076538,2.964031934738159,3.1435210704803467,3.109524965286255,3.3035314083099365,3.6371400356292725,3.6416237354278564,3.8542160987854004,4.198141574859619
A6,1.4886176586151123,1.1997536420822144,0.9031413197517395,0.6032286286354065,0.38696104288101196,0.0,0.38459765911102295,0.565751850605011,0.8381821513175964,1.048279881477356,1.317594289779663,1.4388840198516846,1.487733006477356,1.8172353506088257,1.884000301361084,1.463932752609253,1.4091182947158813,1.1142829656600952,1.037109613418579,0.9560678005218506,0.9459394812583923,1.215835690498352,1.1251916885375977,1.4804173707962036,1.6335114240646362,1.9249919652938843,1.9391427040100098,1.8661940097808838,2.1929523944854736,2.2080283164978027,1.9008653163909912,1.9229168891906738,1.6883416175842285,1.679572343826294,1.6891486644744873,1.6961605548858643,2.007366180419922,1.9297010898590088,2.2461445331573486,2.458791971206665,2.719970703125,2.7783169746398926,2.776134729385376,3.135484457015991,3.181760311126709,2.3455758094787598,2.3853185176849365,2.2451748847961426,2.2273247241973877,2.345409631729126,2.317464590072632,2.6753785610198975,2.656857967376709,2.9088850021362305,3.2280826568603516,3.4042301177978516,3.585650682449341,3.69288969039917,3.978776454925537,4.082655906677246,3.09226131439209,3.0090458393096924,2.699174642562866,2.8815300464630127,2.6948654651641846,2.974364995956421,2.8291115760803223,3.0348570346832275,3.1755855083465576,3.1099331378936768,3.278271436691284,3.624356985092163,3.6322336196899414,3.8127729892730713,4.174505710601807
A7,1.7572739124298096,1.4710747003555298,1.1460851430892944,0.8924235701560974,0.5801244974136353,0.38459765911102295,0.0,0.37812450528144836,0.5474926829338074,0.7111071348190308,0.9784414172172546,1.1482417583465576,1.2145856618881226,1.520342230796814,1.6031277179718018,1.5419299602508545,1.481442928314209,1.1174336671829224,1.0517163276672363,0.8368805050849915,0.8460510969161987,1.006729006767273,0.8569951057434082,1.2160756587982178,1.3067935705184937,1.6161952018737793,1.602806806564331,1.499243974685669,1.8146913051605225,1.824157476425171,1.7904767990112305,1.8433197736740112,1.560400366783142,1.5892964601516724,1.5306425094604492,1.568158507347107,1.8318182229995728,1.7132030725479126,2.042829990386963,2.2110276222229004,2.4902281761169434,2.5133278369903564,2.477356195449829,2.8294765949249268,2.8669092655181885,2.1818363666534424,2.2607758045196533,2.0870659351348877,2.112724542617798,2.1924383640289307,2.194143056869507,2.535623073577881,2.4864144325256348,2.7638769149780273,3.058971881866455,3.257998466491699,3.405843496322632,3.488314151763916,3.785604238510132,3.894885301589966,3.028170585632324,2.9312779903411865,2.645500659942627,2.8232290744781494,2.6639151573181152,2.938985824584961,2.7951579093933105,3.0368874073028564,3.1528260707855225,3.116455078125,3.2504749298095703,3.6122350692749023,3.6609208583831787,3.8399112224578857,4.196805000305176
A8,1.8902685642242432,1.6607658863067627,1.304620385169983,1.1028647422790527,0.7627277970314026,0.565751850605011,0.37812450528144836,0.0,0.3745996057987213,0.5450422763824463,0.8237329721450806,0.8813636302947998,0.936532735824585,1.284959077835083,1.4116389751434326,1.7465975284576416,1.756247639656067,1.4084149599075317,1.402540922164917,1.1993587017059326,1.2169101238250732,1.335569977760315,1.115638256072998,1.4343128204345703,1.4845975637435913,1.7648869752883911,1.67355477809906,1.531776785850525,1.8349765539169312,1.8487476110458374,2.0295145511627197,2.133953094482422,1.8680373430252075,1.9377491474151611,1.8763059377670288,1.9300282001495361,2.172032594680786,2.023181200027466,2.3449113368988037,2.4889590740203857,2.7651145458221436,2.7487244606018066,2.690687417984009,3.0384840965270996,3.0775012969970703,2.4253952503204346,2.5459885597229004,2.390244245529175,2.449693441390991,2.5311949253082275,2.5517971515655518,2.88712215423584,2.8240578174591064,3.1078667640686035,3.3931424617767334,3.5967581272125244,3.726870536804199,3.7995803356170654,4.105223655700684,4.218507289886475,3.318816900253296,3.2448768615722656,2.975205659866333,3.1705689430236816,3.026392936706543,3.3082833290100098,3.170180559158325,3.4148006439208984,3.528228282928467,3.4895451068878174,3.617405891418457,3.981778383255005,4.031070709228516,4.202520370483398,4.563485622406006
A9,2.240229606628418,1.9864667654037476,1.6410490274429321,1.409490942955017,1.0797410011291504,0.8381821513175964,0.5474926829338074,0.3745996057987213,0.0,0.38384440541267395,0.5008173584938049,0.6596335768699646,0.8451108336448669,1.176748275756836,1.3829549551010132,2.0239250659942627,1.9959346055984497,1.616618037223816,1.5640416145324707,1.2808693647384644,1.2365955114364624,1.2471364736557007,0.9457248449325562,1.1997603178024292,1.222606897354126,1.4631778001785278,1.3335111141204834,1.2011380195617676,1.5218509435653687,1.5897276401519775,2.171449899673462,2.2676374912261963,1.9566140174865723,2.012971878051758,1.8771559000015259,1.9057159423828125,2.088303804397583,1.8808927536010742,2.178253412246704,2.2978601455688477,2.557981014251709,2.5015060901641846,2.435845136642456,2.784987211227417,2.8484110832214355,2.5030999183654785,2.633157253265381,2.4304075241088867,2.4974617958068848,2.5214102268218994,2.533282518386841,2.837482213973999,2.7275140285491943,3.0088884830474854,3.2806999683380127,3.4799368381500244,3.5798330307006836,3.649115562438965,3.9730701446533203,4.110443115234375,3.443502902984619,3.3393523693084717,3.078483819961548,3.2444961071014404,3.10090708732605,3.3571419715881348,3.1959927082061768,3.451808214187622,3.5273776054382324,3.490313768386841,3.5806310176849365,3.9562036991119385,4.03261661529541,4.183865070343018,4.547293186187744
A10,2.2942020893096924,2.0705668926239014,1.703839659690857,1.5398077964782715,1.1739716529846191,1.048279881477356,0.7111071348190308,0.5450422763824463,0.38384440541267395,0.0,0.38757532835006714,0.49815285205841064,0.5668512582778931,0.8453099131584167,1.0172898769378662,1.9603575468063354,1.9724456071853638,1.5884723663330078,1.6098960638046265,1.316828966140747,1.3682045936584473,1.3379907608032227,1.0742262601852417,1.3232102394104004,1.2329034805297852,1.511998176574707,1.3441542387008667,1.1146897077560425,1.3607828617095947,1.346571683883667,2.00577712059021,2.1565706729888916,1.8591265678405762,1.9843584299087524,1.8521137237548828,1.9526673555374146,2.114757776260376,1.9230889081954956,2.2437071800231934,2.3057162761688232,2.6003336906433105,2.5253021717071533,2.4055352210998535,2.7249624729156494,2.740623712539673,2.3079564571380615,2.4875378608703613,2.3050270080566406,2.4295878410339355,2.4642341136932373,2.532792568206787,2.833747625350952,2.736356735229492,3.048408269882202,3.2882237434387207,3.5227112770080566,3.601668357849121,3.6321349143981934,3.94551682472229,4.059548854827881,3.3102431297302246,3.2286462783813477,3.0028698444366455,3.193974018096924,3.0944509506225586,3.3682289123535156,3.2424707412719727,3.5272371768951416,3.6126110553741455,3.614739418029785,3.7005367279052734,4.076746463775635,4.1756696701049805,4.346611499786377,4.6953020095825195
A11,2.655816078186035,2.4137966632843018,2.057027578353882,1.857255458831787,1.5074973106384277,1.317594289779663,0.9784414172172546,0.8237329721450806,0.5008173584938049,0.38757532835006714,0.0,0.37736332416534424,0.6524906754493713,0.8752781748771667,1.1558995246887207,2.3228683471679688,2.304795026779175,1.9087611436843872,1.8810749053955078,1.5465576648712158,1.5256221294403076,1.4138875007629395,1.0852956771850586,1.2308567762374878,1.1138602495193481,1.3115733861923218,1.0760129690170288,0.8558551669120789,1.1185111999511719,1.1963671445846558,2.2995975017547607,2.432631492614746,2.1040616035461426,2.2019174098968506,2.0087475776672363,2.0688579082489014,2.1720824241638184,1.9210578203201294,2.1999685764312744,2.2398390769958496,2.5034549236297607,2.3803110122680664,2.2575764656066895,2.5765342712402344,2.628450632095337,2.546682596206665,2.7252376079559326,2.502110481262207,2.6218814849853516,2.601051092147827,2.6498584747314453,2.9157469272613525,2.7693850994110107,3.0682871341705322,3.296307325363159,3.5168755054473877,3.5654218196868896,3.598059892654419,3.9309709072113037,4.074192523956299,3.567326068878174,3.457756757736206,3.2360804080963135,3.3954780101776123,3.2888519763946533,3.533640146255493,3.380704641342163,3.6659810543060303,3.713491916656494,3.7072694301605225,3.757747173309326,4.14136266708374,4.259317874908447,4.404450416564941,4.757410526275635
A12,2.6948885917663574,2.4987690448760986,2.124349355697632,1.9663869142532349,1.6037522554397583,1.4388840198516846,1.1482417583465576,0.8813636302947998,0.6596335768699646,0.49815285205841064,0.37736332416534424,0.0,0.3675454556941986,0.6435920596122742,0.9800527095794678,2.418018102645874,2.4574410915374756,2.0803234577178955,2.1045045852661133,1.8064312934875488,1.8214497566223145,1.7545911073684692,1.4380415678024292,1.6040773391723633,1.4878000020980835,1.6774603128433228,1.4155521392822266,1.1740953922271729,1.3741532564163208,1.4095401763916016,2.4608981609344482,2.6345582008361816,2.3381853103637695,2.4702579975128174,2.3135316371917725,2.398996114730835,2.523196220397949,2.287513017654419,2.574303388595581,2.608976125717163,2.8774912357330322,2.7471096515655518,2.6106507778167725,2.9162757396698,2.951850175857544,2.735844373703003,2.942444324493408,2.7561826705932617,2.8980350494384766,2.9084458351135254,2.9771714210510254,3.2558677196502686,3.1253480911254883,3.4313859939575195,3.65708589553833,3.885190486907959,3.9341721534729004,3.9580671787261963,4.286111831665039,4.4182257652282715,3.7713887691497803,3.693899154663086,3.481964588165283,3.6695752143859863,3.575655698776245,3.8398032188415527,3.703486204147339,3.98893404006958,4.053836345672607,4.0478973388671875,4.112163543701172,4.493744373321533,4.60159158706665,4.752834796905518,5.107580184936523
A13,2.5740573406219482,2.4205970764160156,2.0356979370117188,1.9418901205062866,1.5684095621109009,1.487733006477356,1.2145856618881226,0.936532735824585,0.8451108336448669,0.5668512582778931,0.6524906754493713,0.3675454556941986,0.0,0.38296544551849365,0.6578837037086487,2.269275665283203,2.361490488052368,2.007361650466919,2.100250244140625,1.8383185863494873,1.9273055791854858,1.893412470817566,1.625740885734558,1.8360124826431274,1.6918615102767944,1.9298135042190552,1.683286428451538,1.3975489139556885,1.540594458580017,1.4804447889328003,2.3192386627197266,2.537248134613037,2.2808914184570312,2.462913990020752,2.3497211933135986,2.488154888153076,2.634413242340088,2.439272880554199,2.7543365955352783,2.773763656616211,3.071814775466919,2.9563567638397217,2.7950332164764404,3.0822083950042725,3.0727946758270264,2.607903480529785,2.8447623252868652,2.703378200531006,2.8782505989074707,2.9287054538726807,3.0365970134735107,3.331037759780884,3.2352213859558105,3.5608558654785156,3.776095390319824,4.027986526489258,4.082792282104492,4.085305213928223,4.3956403732299805,4.498138904571533,3.652822732925415,3.611647129058838,3.4203455448150635,3.6416893005371094,3.5764458179473877,3.865952730178833,3.7648911476135254,4.061117649078369,4.153780937194824,4.1696858406066895,4.253188133239746,4.629478454589844,4.734787940979004,4.909556865692139,5.255055904388428
A14,2.8184568881988525,2.6803321838378906,2.296440601348877,2.2335476875305176,1.8572767972946167,1.8172353506088257,1.520342230796814,1.284959077835083,1.176748275756836,0.8453099131584167,0.8752781748771667,0.6435920596122742,0.38296544551849365,0.0,0.4002743661403656,2.42502498626709,2.5327959060668945,2.184988498687744,2.3082218170166016,2.0372397899627686,2.1599209308624268,2.0840864181518555,1.8366105556488037,2.015413284301758,1.8041841983795166,2.0344860553741455,1.7645379304885864,1.4341154098510742,1.4773478507995605,1.35080885887146,2.358673095703125,2.610438585281372,2.366806745529175,2.5876870155334473,2.463756561279297,2.6390421390533447,2.7503674030303955,2.5583748817443848,2.8706672191619873,2.838911533355713,3.1484158039093018,3.0085809230804443,2.8052568435668945,3.055358409881592,3.0111641883850098,2.5873372554779053,2.8630471229553223,2.7323856353759766,2.9500765800476074,2.991342306137085,3.1371307373046875,3.4122815132141113,3.3150827884674072,3.6558072566986084,3.8373641967773438,4.111340522766113,4.139013767242432,4.108099937438965,4.410091876983643,4.498692512512207,3.6681032180786133,3.6393678188323975,3.4848873615264893,3.713517665863037,3.6845788955688477,3.9752068519592285,3.896376609802246,4.212827205657959,4.301219463348389,4.3461995124816895,4.41522216796875,4.791305065155029,4.920046806335449,5.102567672729492,5.435433387756348
A15,2.6907718181610107,2.5858449935913086,2.209869623184204,2.207134485244751,1.840744972229004,1.884000301361084,1.6031277179718018,1.4116389751434326,1.3829549551010132,1.0172898769378662,1.1558995246887207,0.9800527095794678,0.6578837037086487,0.4002743661403656,0.0,2.2310733795166016,2.3774094581604004,2.0623903274536133,2.2461400032043457,2.01466965675354,2.2052438259124756,2.1537389755249023,1.9672331809997559,2.179877519607544,1.952376365661621,2.228173017501831,1.9961159229278564,1.6489851474761963,1.656589150428772,1.4407347440719604,2.1261065006256104,2.4168174266815186,2.2200429439544678,2.4872987270355225,2.406930446624756,2.6334097385406494,2.7600719928741455,2.6171560287475586,2.951997995376587,2.906489372253418,3.2429184913635254,3.1285295486450195,2.9075098037719727,3.1367478370666504,3.0442328453063965,2.348947763442993,2.6515488624572754,2.5684585571289062,2.817908525466919,2.896744728088379,3.082207441329956,3.366476058959961,3.308483123779297,3.6647768020629883,3.8320767879486084,4.128767967224121,4.164138317108154,4.111292839050293,4.3893723487854,4.443847179412842,3.4236743450164795,3.429286479949951,3.3016650676727295,3.5588085651397705,3.563107490539551,3.8736202716827393,3.8336358070373535,4.159872531890869,4.274165630340576,4.3456196784973145,4.431612968444824,4.798403263092041,4.927271366119385,5.134435653686523,5.4528303146362305
B1,0.9149112701416016,0.8296593427658081,0.7774381637573242,1.029201865196228,1.090502142906189,1.463932752609253,1.5419299602508545,1.7465975284576416,2.0239250659942627,1.9603575468063354,2.3228683471679688,2.418018102645874,2.269275665283203,2.42502498626709,2.2310733795166016,0.0,0.39388254284858704,0.6059565544128418,0.9540343284606934,1.229390263557434,1.5650218725204468,1.8394078016281128,2.0144331455230713,2.366852283477783,2.3896851539611816,2.768756628036499,2.8439602851867676,2.684929609298706,2.869955539703369,2.690765142440796,0.9322391748428345,0.9979506731033325,1.1194474697113037,1.279039978981018,1.5857102870941162,1.8168206214904785,2.1643450260162354,2.3223304748535156,2.677487850189209,2.8141512870788574,3.1467137336730957,3.293095827102661,3.2303102016448975,3.495070219039917,3.3861279487609863,1.4745798110961914,1.4815387725830078,1.6042057275772095,1.6438630819320679,1.97678542137146,2.102829933166504,2.4841055870056152,2.6598739624023438,2.9447739124298096,3.1918554306030273,3.4419198036193848,3.658447504043579,3.6852469444274902,3.857146739959717,3.8199141025543213,1.9415079355239868,2.009979724884033,1.7715314626693726,2.0946645736694336,2.043628454208374,2.4208967685699463,2.475487232208252,2.702873706817627,2.975982904434204,3.0381174087524414,3.285006523132324,3.5628790855407715,3.5644123554229736,3.855072021484375,4.130904674530029
B2,1.0665087699890137,0.8480662107467651,0.8523150682449341,0.9768330454826355,1.0850856304168701,1.4091182947158813,1.481442928314209,1.756247639656067,1.9959346055984497,1.9724456071853638,2.304795026779175,2.4574410915374756,2.361490488052368,2.5327959060668945,2.3774094581604004,0.39388254284858704,0.0,0.40686318278312683,0.6534726023674011,0.9894867539405823,1.303237795829773,1.5863945484161377,1.8154066801071167,2.14787220954895,2.2032642364501953,2.568877935409546,2.690441846847534,2.573779344558716,2.7751128673553467,2.6260976791381836,0.88705974817276,0.8042594790458679,0.8827900886535645,0.9484228491783142,1.2788722515106201,1.477026343345642,1.8371108770370483,2.0230886936187744,2.361645460128784,2.5220184326171875,2.8381001949310303,3.0125584602355957,2.9792914390563965,3.2482945919036865,3.157907485961914,1.3887484073638916,1.3135689496994019,1.3774569034576416,1.344442367553711,1.667639136314392,1.7535334825515747,2.1384570598602295,2.319840669631958,2.586819648742676,2.847921371459961,3.0815775394439697,3.3130977153778076,3.3594470024108887,3.5318124294281006,3.506856679916382,1.804426670074463,1.804543375968933,1.5159481763839722,1.7991955280303955,1.7038997411727905,2.0703773498535156,2.1002674102783203,2.322996139526367,2.590479612350464,2.6457605361938477,2.8931455612182617,3.172064781188965,3.1744582653045654,3.4629485607147217,3.7413055896759033
B3,1.2511329650878906,0.9745358824729919,0.8274500370025635,0.8368748426437378,0.8258624076843262,1.1142829656600952,1.1174336671829224,1.4084149599075317,1.616618037223816,1.5884723663330078,1.9087611436843872,2.0803234577178955,2.007361650466919,2.184988498687744,2.0623903274536133,0.6059565544128418,0.40686318278312683,0.0,0.3940672278404236,0.6264472007751465,0.9749428033828735,1.235402226448059,1.433855652809143,1.7753050327301025,1.8169333934783936,2.187893867492676,2.2929232120513916,2.1714797019958496,2.3821969032287598,2.2493317127227783,0.8694002032279968,0.8408188819885254,0.7346228957176208,0.8230969309806824,1.0535333156585693,1.2555729150772095,1.6066468954086304,1.7330420017242432,2.0908255577087402,2.241922616958618,2.567586898803711,2.708897352218628,2.6636133193969727,2.9491453170776367,2.8768420219421387,1.3547842502593994,1.341191053390503,1.3053059577941895,1.3088399171829224,1.563721776008606,1.6466528177261353,2.0348241329193115,2.1558260917663574,2.446256160736084,2.713071584701538,2.9543426036834717,3.1588821411132812,3.204470157623291,3.412776231765747,3.4213149547576904,1.988929271697998,1.9428948163986206,1.6563634872436523,1.9081436395645142,1.8014421463012695,2.1485178470611572,2.1275079250335693,2.3810365200042725,2.6011106967926025,2.647512435913086,2.855991840362549,3.1685731410980225,3.2017998695373535,3.466533660888672,3.766127824783325
B4,1.4236176013946533,1.0724341869354248,0.9699389338493347,0.827294111251831,0.8651462197303772,1.037109613418579,1.0517163276672363,1.402540922164917,1.5640416145324707,1.6098960638046265,1.8810749053955078,2.1045045852661133,2.100250244140625,2.3082218170166016,2.2461400032043457,0.9540343284606934,0.6534726023674011,0.3940672278404236,0.0,0.3970794081687927,0.6534165740013123,0.9601258635520935,1.204591155052185,1.5257691144943237,1.634104609489441,1.9769096374511719,2.1289401054382324,2.068660020828247,2.31569766998291,2.241671562194824,1.1351826190948486,0.9995229244232178,0.7938045263290405,0.6983826756477356,0.8663327693939209,0.9599744081497192,1.3390694856643677,1.46009361743927,1.7969024181365967,1.9972879886627197,2.293405055999756,2.457125425338745,2.4573895931243896,2.7640528678894043,2.7360596656799316,1.5362522602081299,1.4597376585006714,1.332136631011963,1.2447866201400757,1.4338842630386353,1.4309746026992798,1.818955659866333,1.911769151687622,2.174314498901367,2.473374605178833,2.681995391845703,2.901543378829956,2.9837632179260254,3.2089192867279053,3.250847578048706,2.114461660385132,1.9994652271270752,1.6714177131652832,1.8499141931533813,1.674957275390625,1.982164978981018,1.8968627452850342,2.1334176063537598,2.325899839401245,2.3377678394317627,2.538604497909546,2.8623082637786865,2.89123272895813,3.1367876529693604,3.453310012817383
B5,1.7286326885223389,1.3824166059494019,1.1945425271987915,0.9921755194664001,0.8896588683128357,0.9560678005218506,0.8368805050849915,1.1993587017059326,1.2808693647384644,1.316828966140747,1.5465576648712158,1.8064312934875488,1.8383185863494873,2.0372397899627686,2.01466965675354,1.229390263557434,0.9894867539405823,0.6264472007751465,0.3970794081687927,0.0,0.39027953147888184,0.6110348701477051,0.8329679369926453,1.1585084199905396,1.2418774366378784,1.5930917263031006,1.7343178987503052,1.673836588859558,1.926455020904541,1.8742268085479736,1.2270780801773071,1.1459457874298096,0.8232758641242981,0.7617266178131104,0.7370871901512146,0.8227003216743469,1.1503630876541138,1.1838858127593994,1.5423651933670044,1.7191647291183472,2.027482748031616,2.1488966941833496,2.130481481552124,2.450601816177368,2.439563035964966,1.5574673414230347,1.5390077829360962,1.3312628269195557,1.2943522930145264,1.3905302286148071,1.393378734588623,1.7586673498153687,1.7782182693481445,2.065426826477051,2.3556275367736816,2.5753254890441895,2.756047010421753,2.8289897441864014,3.0873584747314453,3.1597723960876465,2.2897422313690186,2.1459152698516846,1.8430156707763672,1.9934262037277222,1.8323936462402344,2.110196113586426,1.9901965856552124,2.2566778659820557,2.3943071365356445,2.409792184829712,2.558398723602295,2.9093425273895264,2.9783530235290527,3.1986632347106934,3.5257136821746826
B6,1.9286826848983765,1.5533615350723267,1.3873603343963623,1.0974705219268799,1.0245676040649414,0.9459394812583923,0.8460510969161987,1.2169101238250732,1.2365955114364624,1.3682045936584473,1.5256221294403076,1.8214497566223145,1.9273055791854858,2.1599209308624268,2.2052438259124756,1.5650218725204468,1.303237795829773,0.9749428033828735,0.6534165740013123,0.39027953147888184,0.0,0.394335001707077,0.6153326034545898,0.9106157422065735,1.1060699224472046,1.4009126424789429,1.5811188220977783,1.5993778705596924,1.9003548622131348,1.9293715953826904,1.6034401655197144,1.484931230545044,1.1488653421401978,0.9891799092292786,0.8676586747169495,0.7709207534790039,1.073272705078125,1.0336073637008667,1.3502241373062134,1.5895127058029175,1.8488417863845825,1.9733418226242065,2.009652614593506,2.3600616455078125,2.4126272201538086,1.8939425945281982,1.8458079099655151,1.5905770063400269,1.4954500198364258,1.5127742290496826,1.4238651990890503,1.7578785419464111,1.71796452999115,1.9632501602172852,2.2851173877716064,2.4591803550720215,2.6441690921783447,2.7595951557159424,3.0433967113494873,3.159910202026367,2.5790364742279053,2.3954036235809326,2.073063850402832,2.162365674972534,1.9497153759002686,2.174189805984497,1.9863176345825195,2.221714496612549,2.3144054412841797,2.279742956161499,2.4063897132873535,2.7692348957061768,2.832169532775879,3.016676187515259,3.3658294677734375
B7,2.2913424968719482,1.9261608123779297,1.7348356246948242,1.4597089290618896,1.3249197006225586,1.215835690498352,1.006729006767273,1.335569977760315,1.2471364736557007,1.3379907608032227,1.4138875007629395,1.7545911073684692,1.893412470817566,2.0840864181518555,2.1537389755249023,1.8394078016281128,1.5863945484161377,1.235402226448059,0.9601258635520935,0.6110348701477051,0.394335001707077,0.0,0.38432419300079346,0.5872317552566528,0.747023344039917,1.038923978805542,1.250655174255371,1.2943367958068848,1.5788277387619019,1.6339741945266724,1.6953667402267456,1.5935189723968506,1.2105878591537476,1.0731697082519531,0.8073864579200745,0.696313738822937,0.8635010123252869,0.7157305479049683,1.0467361211776733,1.2462352514266968,1.5187865495681763,1.6073020696640015,1.6257165670394897,1.9811022281646729,2.0473203659057617,1.8878858089447021,1.8672409057617188,1.5532307624816895,1.493034839630127,1.4176735877990723,1.3388962745666504,1.6228747367858887,1.5126088857650757,1.7776998281478882,2.0733463764190674,2.2619762420654297,2.4022445678710938,2.500307559967041,2.8075506687164307,2.9469995498657227,2.644986152648926,2.432008981704712,2.1411211490631104,2.198044776916504,2.011038064956665,2.2020790576934814,1.9997438192367554,2.265302896499634,2.3057568073272705,2.2962749004364014,2.3642566204071045,2.742872714996338,2.8557894229888916,3.0225818157196045,3.3653669357299805
B8,2.404137134552002,2.0535006523132324,1.8115633726119995,1.517421007156372,1.3174514770507812,1.1251916885375977,0.8569951057434082,1.115638256072998,0.9457248449325562,1.0742262601852417,1.0852956771850586,1.4380415678024292,1.625740885734558,1.8366105556488037,1.9672331809997559,2.0144331455230713,1.8154066801071167,1.433855652809143,1.204591155052185,0.8329679369926453,0.6153326034545898,0.38432419300079346,0.0,0.37906205654144287,0.5630257725715637,0.8434444069862366,0.9770455360412598,1.0225214958190918,1.3598692417144775,1.4719486236572266,1.9256263971328735,1.8829350471496582,1.5001975297927856,1.4205577373504639,1.1623311042785645,1.0768487453460693,1.1938574314117432,0.9553143382072449,1.241862177848816,1.4082080125808716,1.6572930812835693,1.667563796043396,1.6665266752243042,2.038332939147949,2.13531231880188,2.1381289958953857,2.168766498565674,1.8651063442230225,1.8477115631103516,1.7691127061843872,1.707236886024475,1.96998131275177,1.8206387758255005,2.079162359237671,2.362147808074951,2.5415444374084473,2.6501691341400146,2.7453296184539795,3.073753833770752,3.2344279289245605,2.9739692211151123,2.7784173488616943,2.4991044998168945,2.5715487003326416,2.39357590675354,2.584940195083618,2.3764545917510986,2.6353189945220947,2.6595568656921387,2.631411075592041,2.681537628173828,3.064408302307129,3.176893711090088,3.3193349838256836,3.6730895042419434
B9,2.7717552185058594,2.413261890411377,2.184718608856201,1.8820322751998901,1.6935741901397705,1.4804173707962036,1.2160756587982178,1.4343128204345703,1.1997603178024292,1.3232102394104004,1.2308567762374878,1.6040773391723633,1.8360124826431274,2.015413284301758,2.179877519607544,2.366852283477783,2.14787220954895,1.7753050327301025,1.5257691144943237,1.1585084199905396,0.9106157422065735,0.5872317552566528,0.37906205654144287,0.0,0.39072132110595703,0.5175971984863281,0.7449796199798584,0.9135321378707886,1.2425882816314697,1.4332085847854614,2.1958043575286865,2.1339967250823975,1.7387808561325073,1.6315133571624756,1.3109709024429321,1.1683536767959595,1.1660739183425903,0.8364702463150024,1.0346277952194214,1.1835460662841797,1.3837497234344482,1.352597713470459,1.3774685859680176,1.7624893188476562,1.9142112731933594,2.3370282649993896,2.3585243225097656,2.0162642002105713,1.9880086183547974,1.8343030214309692,1.741863489151001,1.9397162199020386,1.7233238220214844,1.9541759490966797,2.22011661529541,2.3768317699432373,2.4502623081207275,2.55407977104187,2.9041476249694824,3.1008734703063965,3.1597650051116943,2.931051015853882,2.6643707752227783,2.6900246143341064,2.5087966918945312,2.652430295944214,2.4136829376220703,2.668365955352783,2.6387555599212646,2.606135368347168,2.6042463779449463,2.9917147159576416,3.133366107940674,3.2442963123321533,3.596132516860962
B10,2.890684127807617,2.554596424102783,2.2961714267730713,2.0361437797546387,1.7992194890975952,1.6335114240646362,1.3067935705184937,1.4845975637435913,1.222606897354126,1.2329034805297852,1.1138602495193481,1.4878000020980835,1.6918615102767944,1.8041841983795166,1.952376365661621,2.3896851539611816,2.2032642364501953,1.8169333934783936,1.634104609489441,1.2418774366378784,1.1060699224472046,0.747023344039917,0.5630257725715637,0.39072132110595703,0.0,0.39115458726882935,0.5353366136550903,0.6083387732505798,0.8860923647880554,1.052374243736267,2.100623369216919,2.087686061859131,1.6904881000518799,1.6571898460388184,1.3163316249847412,1.2728205919265747,1.2179068326950073,0.8891169428825378,1.1153521537780762,1.1344077587127686,1.390628695487976,1.2949092388153076,1.2149428129196167,1.5735021829605103,1.6775541305541992,2.1865580081939697,2.260740041732788,1.9186911582946777,1.9608075618743896,1.7967734336853027,1.7782576084136963,1.9598087072372437,1.7404289245605469,2.015676736831665,2.228625774383545,2.432955741882324,2.462567090988159,2.510655164718628,2.8579089641571045,3.036752700805664,3.090427875518799,2.875274181365967,2.6493711471557617,2.6953346729278564,2.5660815238952637,2.724520444869995,2.5241973400115967,2.815654993057251,2.7894446849823,2.8050882816314697,2.788649082183838,3.175447702407837,3.348416805267334,3.4756734371185303,3.8082051277160645
B11,3.2368385791778564,2.8909924030303955,2.6407406330108643,2.3578226566314697,2.132564067840576,1.9249919652938843,1.6161952018737793,1.7648869752883911,1.4631778001785278,1.511998176574707,1.3115733861923218,1.6774603128433228,1.9298135042190552,2.0344860553741455,2.228173017501831,2.768756628036499,2.568877935409546,2.187893867492676,1.9769096374511719,1.5930917263031006,1.4009126424789429,1.038923978805542,0.8434444069862366,0.5175971984863281,0.39115458726882935,0.0,0.3724518418312073,0.6606441736221313,0.908734917640686,1.1878538131713867,2.4756598472595215,2.445173501968384,2.0462350845336914,1.9805818796157837,1.6181739568710327,1.514324426651001,1.3908342123031616,1.0149562358856201,1.1121543645858765,1.111936330795288,1.2741286754608154,1.1058573722839355,1.063423991203308,1.4311693906784058,1.61831533908844,2.5299079418182373,2.5905394554138184,2.22888445854187,2.249089002609253,2.0363152027130127,1.9783215522766113,2.101923704147339,1.8261990547180176,2.0538368225097656,2.250762939453125,2.415698528289795,2.409529685974121,2.4745161533355713,2.8423922061920166,3.0626883506774902,3.40474534034729,3.1656157970428467,2.9426913261413574,2.949765205383301,2.8070287704467773,2.9225995540618896,2.6902616024017334,2.963114023208618,2.8892712593078613,2.885467529296875,2.824880838394165,3.2099266052246094,3.398280382156372,3.4872827529907227,3.820995807647705
B12,3.300891160964966,2.9780972003936768,2.691828966140747,2.4243476390838623,2.155512571334839,1.9391427040100098,1.602806806564331,1.67355477809906,1.3335111141204834,1.3441542387008667,1.0760129690170288,1.4155521392822266,1.683286428451538,1.7645379304885864,1.9961159229278564,2.8439602851867676,2.690441846847534,2.2929232120513916,2.1289401054382324,1.7343178987503052,1.5811188220977783,1.250655174255371,0.9770455360412598,0.7449796199798584,0.5353366136550903,0.3724518418312073,0.0,0.3685697913169861,0.6499790549278259,0.9898412823677063,2.5709900856018066,2.5934767723083496,2.200958251953125,2.1896109580993652,1.8482595682144165,1.7960662841796875,1.705027461051941,1.3450026512145996,1.4748536348342896,1.4415122270584106,1.6163204908370972,1.407434105873108,1.304151177406311,1.6327763795852661,1.790791630744934,2.643045425415039,2.7521743774414062,2.4139626026153564,2.479360818862915,2.296024799346924,2.2781286239624023,2.4199163913726807,2.1586618423461914,2.405316114425659,2.5871684551239014,2.768482208251953,2.7464940547943115,2.7871532440185547,3.152029037475586,3.3615801334381104,3.590057373046875,3.3789451122283936,3.169466733932495,3.2106945514678955,3.0881593227386475,3.229839324951172,3.01682448387146,3.2999625205993652,3.2420923709869385,3.2431793212890625,3.192031145095825,3.5777416229248047,3.7624213695526123,3.8553481101989746,4.191041469573975
B13,3.1817009449005127,2.885798931121826,2.574098587036133,2.345184087753296,2.0411999225616455,1.8661940097808838,1.499243974685669,1.531776785850525,1.2011380195617676,1.1146897077560425,0.8558551669120789,1.1740953922271729,1.3975489139556885,1.4341154098510742,1.6489851474761963,2.684929609298706,2.573779344558716,2.1714797019958496,2.068660020828247,1.673836588859558,1.5993778705596924,1.2943367958068848,1.0225214958190918,0.9135321378707886,0.6083387732505798,0.6606441736221313,0.3685697913169861,0.0,0.3926159739494324,0.6781148314476013,2.389512777328491,2.462765693664551,2.0857958793640137,2.138289213180542,1.824419617652893,1.8483436107635498,1.7904443740844727,1.470399022102356,1.6664056777954102,1.601058840751648,1.8357595205307007,1.6377973556518555,1.4703444242477417,1.7658008337020874,1.8477905988693237,2.4662351608276367,2.6213126182556152,2.3132388591766357,2.4303035736083984,2.285647392272949,2.324923515319824,2.4947245121002197,2.270453691482544,2.5565688610076904,2.7246041297912598,2.945141077041626,2.924532651901245,2.930389165878296,3.2792365550994873,3.454483985900879,3.473139762878418,3.2947423458099365,3.105870008468628,3.187879800796509,3.0984151363372803,3.2756989002227783,3.100587844848633,3.4058213233947754,3.3806564807891846,3.408172845840454,3.3801894187927246,3.7659707069396973,3.949960470199585,4.07075309753418,4.40020751953125
