0.000000000000000000e+00,3.887632191181182861e-01,6.378927230834960938e-01,9.406283497810363770e-01,1.265993595123291016e+00,1.557363033294677734e+00,1.885818839073181152e+00,2.091093540191650391e+00,2.460782289505004883e+00,2.559837579727172852e+00,2.918676137924194336e+00,3.042737483978271484e+00,2.847368001937866211e+00,3.088333845138549805e+00,2.854502439498901367e+00,6.818592548370361328e-01,7.799135446548461914e-01,9.050493240356445312e-01,1.193319678306579590e+00,1.426631093025207520e+00,1.755833387374877930e+00,2.087508678436279297e+00,2.348131179809570312e+00,2.700423002243041992e+00,2.884121894836425781e+00,3.219074487686157227e+00,3.352491378784179688e+00,3.196772336959838867e+00,3.455071926116943359e+00,3.274940729141235352e+00,1.371855378150939941e+00,1.369542956352233887e+00,1.406789183616638184e+00,1.627075195312500000e+00,1.775235772132873535e+00,2.099733352661132812e+00,2.383082389831542969e+00,2.663791894912719727e+00,2.988107681274414062e+00,3.217641830444335938e+00,3.511995792388916016e+00,3.676688671112060547e+00,3.525857448577880859e+00,3.801583051681518555e+00,3.617225170135498047e+00,1.930117964744567871e+00,1.904791235923767090e+00,1.907434344291687012e+00,2.098917007446289062e+00,2.188741683959960938e+00,2.502482891082763672e+00,2.734124183654785156e+00,3.037686109542846680e+00,3.322794198989868164e+00,3.589287996292114258e+00,3.849759817123413086e+00,4.054403781890869141e+00,3.932674646377563477e+00,4.238597869873046875e+00,4.109939098358154297e+00,2.605329275131225586e+00,2.522406101226806641e+00,2.503006219863891602e+00,2.648422479629516602e+00,2.714834213256835938e+00,2.994204759597778320e+00,3.157372474670410156e+00,3.487459897994995117e+00,3.725237607955932617e+00,4.047574520111083984e+00,4.275038719177246094e+00,4.489144802093505859e+00,4.413181781768798828e+00,4.727163314819335938e+00,4.672525405883789062e+00
3.887632191181182861e-01,0.000000000000000000e+00,3.865264952182769775e-01,6.001073718070983887e-01,9.570795297622680664e-01,1.226527690887451172e+00,1.581787943840026855e+00,1.784777879714965820e+00,2.159217119216918945e+00,2.281588077545166016e+00,2.633122444152832031e+00,2.748367786407470703e+00,2.560114622116088867e+00,2.816206932067871094e+00,2.595255613327026367e+00,8.597190976142883301e-01,7.824677228927612305e-01,9.058090448379516602e-01,1.082493782043457031e+00,1.290222406387329102e+00,1.579131960868835449e+00,1.908058643341064453e+00,2.153890609741210938e+00,2.493262767791748047e+00,2.692148447036743164e+00,3.009356260299682617e+00,3.139544963836669922e+00,2.996822357177734375e+00,3.266081333160400391e+00,3.108221530914306641e+00,1.544868350028991699e+00,1.455365538597106934e+00,1.492859363555908203e+00,1.628650188446044922e+00,1.748964905738830566e+00,2.026703357696533203e+00,2.295021533966064453e+00,2.556581020355224609e+00,2.860687732696533203e+00,3.101848602294921875e+00,3.371873855590820312e+00,3.530960321426391602e+00,3.392321109771728516e+00,3.674921512603759766e+00,3.509212017059326172e+00,2.113856077194213867e+00,2.029664754867553711e+00,2.036799669265747070e+00,2.164926052093505859e+00,2.234763383865356445e+00,2.505886077880859375e+00,2.717153787612915039e+00,3.003021955490112305e+00,3.263061761856079102e+00,3.539456367492675781e+00,3.771854877471923828e+00,3.976894855499267578e+00,3.867907524108886719e+00,4.177851676940917969e+00,4.070167541503906250e+00,2.799502611160278320e+00,2.675980091094970703e+00,2.666555404663085938e+00,2.763160228729248047e+00,2.822120189666748047e+00,3.061988115310668945e+00,3.205018281936645508e+00,3.521560430526733398e+00,3.729392051696777344e+00,4.063958644866943359e+00,4.262257099151611328e+00,4.479040622711181641e+00,4.408421039581298828e+00,4.725608348846435547e+00,4.682960987091064453e+00
6.378927230834960938e-01,3.865264952182769775e-01,0.000000000000000000e+00,3.730503022670745850e-01,6.340964436531066895e-01,9.599670171737670898e-01,1.279120326042175293e+00,1.528322815895080566e+00,1.889276504516601562e+00,2.041584491729736328e+00,2.378746032714843750e+00,2.536203145980834961e+00,2.391133546829223633e+00,2.681173324584960938e+00,2.504755020141601562e+00,9.538564682006835938e-01,7.477797269821166992e-01,7.163826227188110352e-01,8.321660757064819336e-01,9.579127430915832520e-01,1.263762474060058594e+00,1.564807891845703125e+00,1.838253498077392578e+00,2.164608716964721680e+00,2.389693498611450195e+00,2.696254014968872070e+00,2.855888605117797852e+00,2.745369672775268555e+00,3.040803670883178711e+00,2.917658329010009766e+00,1.532068490982055664e+00,1.358036875724792480e+00,1.318260669708251953e+00,1.397609829902648926e+00,1.453363776206970215e+00,1.720140933990478516e+00,1.957672119140625000e+00,2.231665849685668945e+00,2.518546819686889648e+00,2.779890060424804688e+00,3.036785364151000977e+00,3.216274499893188477e+00,3.103688955307006836e+00,3.406358718872070312e+00,3.269718408584594727e+00,2.055128097534179688e+00,1.906834840774536133e+00,1.864937663078308105e+00,1.942973613739013672e+00,1.964678168296813965e+00,2.214973449707031250e+00,2.395694017410278320e+00,2.684623718261718750e+00,2.924929857254028320e+00,3.216543436050415039e+00,3.434851646423339844e+00,3.655210018157958984e+00,3.568753480911254883e+00,3.892682313919067383e+00,3.810045957565307617e+00,2.704512834548950195e+00,2.533116579055786133e+00,2.495538949966430664e+00,2.547271728515625000e+00,2.575400114059448242e+00,2.788338661193847656e+00,2.903411865234375000e+00,3.217839241027832031e+00,3.404464006423950195e+00,3.749830245971679688e+00,3.934364318847656250e+00,4.163129806518554688e+00,4.110888004302978516e+00,4.438468933105468750e+00,4.418704509735107422e+00
9.406283497810363770e-01,6.001073718070983887e-01,3.730503022670745850e-01,0.000000000000000000e+00,3.894018828868865967e-01,6.280339956283569336e-01,9.873054623603820801e-01,1.207569241523742676e+00,1.576917767524719238e+00,1.736546397209167480e+00,2.070728778839111328e+00,2.208630323410034180e+00,2.062296867370605469e+00,2.359475135803222656e+00,2.193745851516723633e+00,1.151548385620117188e+00,8.599272370338439941e-01,8.667870759963989258e-01,8.171561956405639648e-01,9.213802814483642578e-01,1.125806927680969238e+00,1.426448583602905273e+00,1.654072284698486328e+00,1.967937588691711426e+00,2.189905881881713867e+00,2.480624198913574219e+00,2.620770454406738281e+00,2.511476755142211914e+00,2.806560039520263672e+00,2.697938919067382812e+00,1.686740279197692871e+00,1.460348367691040039e+00,1.454840540885925293e+00,1.445267438888549805e+00,1.496193170547485352e+00,1.686850547790527344e+00,1.916327834129333496e+00,2.146020174026489258e+00,2.414565086364746094e+00,2.669430732727050781e+00,2.904124498367309570e+00,3.061748266220092773e+00,2.949461221694946289e+00,3.246744632720947266e+00,3.120026826858520508e+00,2.205858469009399414e+00,2.020960569381713867e+00,2.009807586669921875e+00,2.029213190078735352e+00,2.054865598678588867e+00,2.249446868896484375e+00,2.421136379241943359e+00,2.674071311950683594e+00,2.893424987792968750e+00,3.178746223449707031e+00,3.370633125305175781e+00,3.576488971710205078e+00,3.491064786911010742e+00,3.807742357254028320e+00,3.737022876739501953e+00,2.859288215637207031e+00,2.664224386215209961e+00,2.656341552734375000e+00,2.668328046798706055e+00,2.708610773086547852e+00,2.879355192184448242e+00,2.988720893859863281e+00,3.276702404022216797e+00,3.438161373138427734e+00,3.783607482910156250e+00,3.938739061355590820e+00,4.156941890716552734e+00,4.097662925720214844e+00,4.418540477752685547e+00,4.399547100067138672e+00
1.265993595123291016e+00,9.570795297622680664e-01,6.340964436531066895e-01,3.894018828868865967e-01,0.000000000000000000e+00,3.863607645034790039e-01,6.750368475914001465e-01,9.756077527999877930e-01,1.314035534858703613e+00,1.531903624534606934e+00,1.832697153091430664e+00,2.019752264022827148e+00,1.936841249465942383e+00,2.273317575454711914e+00,2.169592857360839844e+00,1.430690884590148926e+00,1.096169710159301758e+00,9.860318899154663086e-01,8.314542770385742188e-01,7.700148820877075195e-01,9.220509529113769531e-01,1.149248957633972168e+00,1.397386312484741211e+00,1.674394488334655762e+00,1.937367200851440430e+00,2.199243545532226562e+00,2.374825954437255859e+00,2.314536094665527344e+00,2.640441179275512695e+00,2.583305120468139648e+00,1.862621307373046875e+00,1.576404213905334473e+00,1.501908898353576660e+00,1.413300395011901855e+00,1.373101115226745605e+00,1.511140108108520508e+00,1.679109215736389160e+00,1.907109141349792480e+00,2.135927677154541016e+00,2.417354822158813477e+00,2.621127367019653320e+00,2.800584077835083008e+00,2.727060794830322266e+00,3.046546936035156250e+00,2.962104320526123047e+00,2.320178985595703125e+00,2.080073356628417969e+00,2.023339509963989258e+00,1.978226900100708008e+00,1.944069623947143555e+00,2.092212200164794922e+00,2.213175535202026367e+00,2.456717729568481445e+00,2.637700557708740234e+00,2.940596818923950195e+00,3.102942466735839844e+00,3.325606822967529297e+00,3.272444725036621094e+00,3.602866888046264648e+00,3.567641973495483398e+00,2.921256780624389648e+00,2.681910991668701172e+00,2.647480010986328125e+00,2.605781793594360352e+00,2.609607934951782227e+00,2.737448215484619141e+00,2.806307792663574219e+00,3.082869052886962891e+00,3.208377361297607422e+00,3.565247535705566406e+00,3.694746494293212891e+00,3.926097869873046875e+00,3.890568017959594727e+00,4.221062183380126953e+00,4.230909824371337891e+00
1.557363033294677734e+00,1.226527690887451172e+00,9.599670171737670898e-01,6.280339956283569336e-01,3.863607645034790039e-01,0.000000000000000000e+00,3.909810781478881836e-01,6.199292540550231934e-01,9.717219471931457520e-01,1.189935088157653809e+00,1.488680839538574219e+00,1.652201652526855469e+00,1.570387721061706543e+00,1.914505362510681152e+00,1.831917524337768555e+00,1.631976246833801270e+00,1.265471100807189941e+00,1.203475475311279297e+00,9.472386837005615234e-01,8.882493376731872559e-01,8.688438534736633301e-01,1.073124885559082031e+00,1.227638483047485352e+00,1.482402086257934570e+00,1.723081588745117188e+00,1.966163516044616699e+00,2.108030796051025391e+00,2.043180704116821289e+00,2.361711263656616211e+00,2.319305181503295898e+00,2.007419586181640625e+00,1.693096518516540527e+00,1.662818670272827148e+00,1.503143072128295898e+00,1.477423548698425293e+00,1.520915865898132324e+00,1.681281089782714844e+00,1.838567733764648438e+00,2.045755863189697266e+00,2.302201747894287109e+00,2.482632875442504883e+00,2.625776529312133789e+00,2.545127630233764648e+00,2.849434852600097656e+00,2.771749734878540039e+00,2.447145700454711914e+00,2.184294223785400391e+00,2.167584180831909180e+00,2.072996139526367188e+00,2.058014631271362305e+00,2.144329786300659180e+00,2.263501882553100586e+00,2.455510854721069336e+00,2.617143869400024414e+00,2.898703813552856445e+00,3.034754276275634766e+00,3.230452299118041992e+00,3.170655012130737305e+00,3.484652042388916016e+00,3.456530570983886719e+00,3.041703701019287109e+00,2.788447380065917969e+00,2.791566610336303711e+00,2.717493534088134766e+00,2.744241952896118164e+00,2.830025672912597656e+00,2.902959346771240234e+00,3.143386363983154297e+00,3.247341632843017578e+00,3.593446254730224609e+00,3.693389654159545898e+00,3.903869390487670898e+00,3.853181838989257812e+00,4.169244289398193359e+00,4.173090934753417969e+00
1.885818839073181152e+00,1.581787943840026855e+00,1.279120326042175293e+00,9.873054623603820801e-01,6.750368475914001465e-01,3.909810781478881836e-01,0.000000000000000000e+00,3.803807497024536133e-01,6.519985198974609375e-01,9.244406819343566895e-01,1.179921269416809082e+00,1.404975175857543945e+00,1.401422500610351562e+00,1.774954319000244141e+00,1.767796277999877930e+00,1.888636350631713867e+00,1.504035949707031250e+00,1.383496880531311035e+00,1.065145730972290039e+00,8.985817432403564453e-01,7.375024557113647461e-01,8.151220083236694336e-01,9.251078963279724121e-01,1.126470446586608887e+00,1.391831874847412109e+00,1.604051947593688965e+00,1.770041942596435547e+00,1.751155495643615723e+00,2.094519615173339844e+00,2.105590105056762695e+00,2.153502464294433594e+00,1.799860239028930664e+00,1.732696294784545898e+00,1.497982621192932129e+00,1.409070611000061035e+00,1.359111070632934570e+00,1.454602479934692383e+00,1.568314433097839355e+00,1.729415774345397949e+00,1.990681171417236328e+00,2.138365030288696289e+00,2.285284042358398438e+00,2.234429359436035156e+00,2.550932645797729492e+00,2.512761831283569336e+00,2.521270275115966797e+00,2.215185403823852539e+00,2.177242994308471680e+00,2.016310214996337891e+00,1.964379310607910156e+00,1.982160568237304688e+00,2.058694362640380859e+00,2.213514328002929688e+00,2.336321115493774414e+00,2.615977287292480469e+00,2.720177888870239258e+00,2.915341615676879883e+00,2.877201557159423828e+00,3.193832874298095703e+00,3.195964813232421875e+00,3.054345846176147461e+00,2.765817165374755859e+00,2.762552499771118164e+00,2.635262250900268555e+00,2.644639730453491211e+00,2.677092313766479492e+00,2.722540855407714844e+00,2.932715177536010742e+00,3.001414537429809570e+00,3.345341682434082031e+00,3.414975881576538086e+00,3.623223543167114258e+00,3.583259344100952148e+00,3.898593425750732422e+00,3.921764850616455078e+00
2.091093540191650391e+00,1.784777879714965820e+00,1.528322815895080566e+00,1.207569241523742676e+00,9.756077527999877930e-01,6.199292540550231934e-01,3.803807497024536133e-01,0.000000000000000000e+00,3.789694905281066895e-01,5.796900391578674316e-01,8.706433176994323730e-01,1.047811031341552734e+00,1.021252393722534180e+00,1.395331144332885742e+00,1.404334783554077148e+00,2.012135505676269531e+00,1.623921871185302734e+00,1.561336040496826172e+00,1.208537220954895020e+00,1.109725475311279297e+00,8.474444746971130371e-01,9.270564317703247070e-01,8.794713020324707031e-01,1.061195969581604004e+00,1.244835019111633301e+00,1.450839757919311523e+00,1.544702768325805664e+00,1.488006830215454102e+00,1.805540680885314941e+00,1.811529636383056641e+00,2.225033044815063477e+00,1.869435191154479980e+00,1.861325144767761230e+00,1.594028472900390625e+00,1.557919502258300781e+00,1.440365076065063477e+00,1.556653261184692383e+00,1.584318757057189941e+00,1.740439772605895996e+00,1.943200469017028809e+00,2.082302331924438477e+00,2.167998552322387695e+00,2.084043025970458984e+00,2.366182804107666016e+00,2.314276456832885742e+00,2.575618267059326172e+00,2.268383026123046875e+00,2.284364700317382812e+00,2.100308179855346680e+00,2.093795061111450195e+00,2.068393468856811523e+00,2.168091297149658203e+00,2.267298460006713867e+00,2.389685630798339844e+00,2.627459049224853516e+00,2.719820022583007812e+00,2.870214462280273438e+00,2.805198431015014648e+00,3.091925144195556641e+00,3.083104610443115234e+00,3.104360818862915039e+00,2.819685220718383789e+00,2.864202260971069336e+00,2.725599765777587891e+00,2.774298906326293945e+00,2.781661033630371094e+00,2.851919412612915039e+00,3.025595188140869141e+00,3.090819120407104492e+00,3.411012649536132812e+00,3.462862730026245117e+00,3.637403964996337891e+00,3.567226171493530273e+00,3.858482599258422852e+00,3.859849214553833008e+00
2.460782289505004883e+00,2.159217119216918945e+00,1.889276504516601562e+00,1.576917767524719238e+00,1.314035534858703613e+00,9.717219471931457520e-01,6.519985198974609375e-01,3.789694905281066895e-01,0.000000000000000000e+00,3.859284520149230957e-01,5.375396609306335449e-01,7.859639525413513184e-01,8.912882804870605469e-01,1.281416416168212891e+00,1.394593119621276855e+00,2.358289003372192383e+00,1.968272328376770020e+00,1.882416486740112305e+00,1.515404582023620605e+00,1.370299458503723145e+00,1.048194169998168945e+00,9.979959130287170410e-01,8.420189619064331055e-01,8.864175677299499512e-01,1.052010297775268555e+00,1.177219271659851074e+00,1.265011310577392578e+00,1.269967436790466309e+00,1.599102258682250977e+00,1.680052638053894043e+00,2.508527994155883789e+00,2.138824701309204102e+00,2.113513946533203125e+00,1.805960774421691895e+00,1.731225132942199707e+00,1.535040020942687988e+00,1.579882144927978516e+00,1.533832550048828125e+00,1.615134835243225098e+00,1.796579003334045410e+00,1.876500248908996582e+00,1.940993785858154297e+00,1.890942335128784180e+00,2.168107986450195312e+00,2.165392637252807617e+00,2.804255962371826172e+00,2.473989725112915039e+00,2.480816364288330078e+00,2.249024868011474609e+00,2.217616081237792969e+00,2.125254631042480469e+00,2.180783033370971680e+00,2.225437879562377930e+00,2.296037197113037109e+00,2.515770435333251953e+00,2.560326099395751953e+00,2.695237636566162109e+00,2.652619361877441406e+00,2.928217411041259766e+00,2.953948497772216797e+00,3.277838945388793945e+00,2.971305608749389648e+00,3.016401052474975586e+00,2.834918498992919922e+00,2.871852874755859375e+00,2.826486587524414062e+00,2.870336055755615234e+00,3.003788232803344727e+00,3.027353763580322266e+00,3.335817813873291016e+00,3.347376108169555664e+00,3.510699987411499023e+00,3.448128938674926758e+00,3.729183435440063477e+00,3.747656106948852539e+00
2.559837579727172852e+00,2.281588077545166016e+00,2.041584491729736328e+00,1.736546397209167480e+00,1.531903624534606934e+00,1.189935088157653809e+00,9.244406819343566895e-01,5.796900391578674316e-01,3.859284520149230957e-01,0.000000000000000000e+00,3.798016309738159180e-01,5.464664101600646973e-01,5.945311784744262695e-01,9.623022079467773438e-01,1.089273333549499512e+00,2.361519575119018555e+00,1.981927394866943359e+00,1.933319330215454102e+00,1.555566549301147461e+00,1.470629096031188965e+00,1.109628558158874512e+00,1.097477793693542480e+00,8.370510339736938477e-01,9.027548432350158691e-01,9.219267964363098145e-01,1.081874847412109375e+00,1.062468290328979492e+00,9.755587577819824219e-01,1.267132997512817383e+00,1.316230535507202148e+00,2.434190511703491211e+00,2.072435379028320312e+00,2.095844507217407227e+00,1.772664666175842285e+00,1.755381822586059570e+00,1.521632552146911621e+00,1.608737826347351074e+00,1.495925188064575195e+00,1.604335069656372070e+00,1.708196163177490234e+00,1.812591910362243652e+00,1.807400941848754883e+00,1.694554686546325684e+00,1.926568746566772461e+00,1.885137200355529785e+00,2.694604635238647461e+00,2.370639324188232422e+00,2.427293300628662109e+00,2.184850454330444336e+00,2.205865383148193359e+00,2.088809490203857422e+00,2.185121297836303711e+00,2.185818195343017578e+00,2.281076669692993164e+00,2.449831247329711914e+00,2.508495092391967773e+00,2.592395544052124023e+00,2.503870725631713867e+00,2.745150327682495117e+00,2.740499734878540039e+00,3.150537490844726562e+00,2.854892253875732422e+00,2.946384429931640625e+00,2.764543533325195312e+00,2.845993995666503906e+00,2.790035486221313477e+00,2.872567176818847656e+00,2.976844072341918945e+00,3.017504930496215820e+00,3.295895338058471680e+00,3.308948040008544922e+00,3.433730840682983398e+00,3.331024885177612305e+00,3.585457324981689453e+00,3.570344209671020508e+00
2.918676137924194336e+00,2.633122444152832031e+00,2.378746032714843750e+00,2.070728778839111328e+00,1.832697153091430664e+00,1.488680839538574219e+00,1.179921269416809082e+00,8.706433176994323730e-01,5.375396609306335449e-01,3.798016309738159180e-01,0.000000000000000000e+00,3.790552318096160889e-01,6.642789244651794434e-01,9.933384060859680176e-01,1.236338496208190918e+00,2.733335018157958984e+00,2.351521015167236328e+00,2.282155275344848633e+00,1.902181625366210938e+00,1.776618480682373047e+00,1.404276251792907715e+00,1.304240584373474121e+00,1.009400725364685059e+00,9.233751296997070312e-01,9.120454788208007812e-01,9.300829172134399414e-01,8.837830424308776855e-01,9.011367559432983398e-01,1.185326933860778809e+00,1.340422034263610840e+00,2.784730434417724609e+00,2.416494369506835938e+00,2.418104410171508789e+00,2.076809406280517578e+00,2.019972562789916992e+00,1.743625521659851074e+00,1.759524106979370117e+00,1.594481468200683594e+00,1.614638566970825195e+00,1.695089340209960938e+00,1.720157146453857422e+00,1.688897252082824707e+00,1.626934766769409180e+00,1.844352722167968750e+00,1.869064688682556152e+00,3.010229825973510742e+00,2.672451019287109375e+00,2.712177038192749023e+00,2.438740730285644531e+00,2.429154872894287109e+00,2.262534141540527344e+00,2.309048175811767578e+00,2.263629674911499023e+00,2.299159765243530273e+00,2.449986934661865234e+00,2.451588153839111328e+00,2.520005464553833008e+00,2.463453531265258789e+00,2.689185619354248047e+00,2.727417469024658203e+00,3.420189619064331055e+00,3.108379602432250977e+00,3.191559314727783203e+00,2.975693702697753906e+00,3.037927865982055664e+00,2.937089920043945312e+00,2.987074136734008789e+00,3.055229425430297852e+00,3.050538301467895508e+00,3.316753625869750977e+00,3.286305665969848633e+00,3.401803970336914062e+00,3.313154697418212891e+00,3.555834293365478516e+00,3.563019037246704102e+00
3.042737483978271484e+00,2.748367786407470703e+00,2.536203145980834961e+00,2.208630323410034180e+00,2.019752264022827148e+00,1.652201652526855469e+00,1.404975175857543945e+00,1.047811031341552734e+00,7.859639525413513184e-01,5.464664101600646973e-01,3.790552318096160889e-01,0.000000000000000000e+00,3.839848041534423828e-01,6.590782999992370605e-01,9.510704278945922852e-01,2.842327594757080078e+00,2.472762823104858398e+00,2.457694292068481445e+00,2.083802223205566406e+00,2.016394138336181641e+00,1.654285311698913574e+00,1.616715192794799805e+00,1.318983435630798340e+00,1.276849746704101562e+00,1.205651879310607910e+00,1.227689743041992188e+00,1.079354882240295410e+00,1.009992837905883789e+00,1.186791300773620605e+00,1.299047589302062988e+00,2.906430482864379883e+00,2.559339046478271484e+00,2.612401008605957031e+00,2.286501646041870117e+00,2.281658887863159180e+00,2.019573211669921875e+00,2.078725814819335938e+00,1.903564095497131348e+00,1.946819186210632324e+00,1.985873222351074219e+00,2.018260240554809570e+00,1.933248281478881836e+00,1.827924489974975586e+00,1.983412504196166992e+00,1.970848083496093750e+00,3.150550365447998047e+00,2.836054801940917969e+00,2.920811176300048828e+00,2.665773868560791016e+00,2.699033021926879883e+00,2.543595314025878906e+00,2.623393774032592773e+00,2.567252874374389648e+00,2.620832443237304688e+00,2.742827892303466797e+00,2.749758720397949219e+00,2.781575441360473633e+00,2.694162607192993164e+00,2.883142709732055664e+00,2.895586252212524414e+00,3.583629369735717773e+00,3.294552564620971680e+00,3.413684606552124023e+00,3.217060804367065430e+00,3.311866521835327148e+00,3.221884965896606445e+00,3.299181461334228516e+00,3.359529733657836914e+00,3.368516445159912109e+00,3.617712020874023438e+00,3.587932586669921875e+00,3.677963256835937500e+00,3.562118768692016602e+00,3.780432939529418945e+00,3.759262800216674805e+00
2.847368001937866211e+00,2.560114622116088867e+00,2.391133546829223633e+00,2.062296867370605469e+00,1.936841249465942383e+00,1.570387721061706543e+00,1.401422500610351562e+00,1.021252393722534180e+00,8.912882804870605469e-01,5.945311784744262695e-01,6.642789244651794434e-01,3.839848041534423828e-01,0.000000000000000000e+00,3.919834494590759277e-01,5.855653285980224609e-01,2.621329784393310547e+00,2.269677400588989258e+00,2.307708501815795898e+00,1.949433684349060059e+00,1.951409935951232910e+00,1.615008831024169922e+00,1.665920376777648926e+00,1.391623616218566895e+00,1.449070215225219727e+00,1.364930033683776855e+00,1.475680947303771973e+00,1.310531258583068848e+00,1.134580850601196289e+00,1.263307332992553711e+00,1.255965471267700195e+00,2.700750589370727539e+00,2.379085302352905273e+00,2.482773303985595703e+00,2.185341358184814453e+00,2.241939306259155273e+00,2.019316911697387695e+00,2.147534608840942383e+00,1.998890280723571777e+00,2.110316991806030273e+00,2.141998052597045898e+00,2.233696699142456055e+00,2.141854286193847656e+00,1.978165030479431152e+00,2.113836765289306641e+00,2.029600143432617188e+00,2.975682735443115234e+00,2.690752983093261719e+00,2.817391633987426758e+00,2.598364591598510742e+00,2.680415391921997070e+00,2.565454244613647461e+00,2.698333263397216797e+00,2.666074514389038086e+00,2.771302938461303711e+00,2.888899564743041992e+00,2.940837383270263672e+00,2.964548110961914062e+00,2.836181640625000000e+00,3.017138481140136719e+00,2.981604337692260742e+00,3.450801849365234375e+00,3.190864324569702148e+00,3.339099168777465820e+00,3.180096864700317383e+00,3.309011697769165039e+00,3.257094860076904297e+00,3.374181509017944336e+00,3.454358577728271484e+00,3.504484891891479492e+00,3.751710891723632812e+00,3.755207300186157227e+00,3.837460756301879883e+00,3.695209980010986328e+00,3.908612489700317383e+00,3.853687047958374023e+00
3.088333845138549805e+00,2.816206932067871094e+00,2.681173324584960938e+00,2.359475135803222656e+00,2.273317575454711914e+00,1.914505362510681152e+00,1.774954319000244141e+00,1.395331144332885742e+00,1.281416416168212891e+00,9.623022079467773438e-01,9.933384060859680176e-01,6.590782999992370605e-01,3.919834494590759277e-01,0.000000000000000000e+00,3.863404095172882080e-01,2.815698385238647461e+00,2.489142656326293945e+00,2.564070463180541992e+00,2.219517707824707031e+00,2.261319875717163086e+00,1.929448962211608887e+00,1.998356103897094727e+00,1.704570889472961426e+00,1.760151624679565430e+00,1.611900806427001953e+00,1.710271120071411133e+00,1.472503066062927246e+00,1.243531346321105957e+00,1.250384926795959473e+00,1.192727923393249512e+00,2.855218887329101562e+00,2.560919046401977539e+00,2.705703735351562500e+00,2.418336153030395508e+00,2.514009237289428711e+00,2.285960912704467773e+00,2.433370590209960938e+00,2.254939317703247070e+00,2.371186494827270508e+00,2.349808216094970703e+00,2.442954778671264648e+00,2.296779870986938477e+00,2.095564603805541992e+00,2.162970066070556641e+00,2.046002864837646484e+00,3.107062101364135742e+00,2.845782756805419922e+00,3.013515710830688477e+00,2.801555871963500977e+00,2.920871257781982422e+00,2.797281980514526367e+00,2.952692985534667969e+00,2.892062664031982422e+00,3.006709337234497070e+00,3.083220243453979492e+00,3.137062072753906250e+00,3.116753578186035156e+00,2.956843376159667969e+00,3.093266963958740234e+00,3.032267570495605469e+00,3.566084861755371094e+00,3.328699827194213867e+00,3.514604091644287109e+00,3.364550113677978516e+00,3.525587081909179688e+00,3.469458341598510742e+00,3.611409664154052734e+00,3.668802499771118164e+00,3.727662563323974609e+00,3.947246074676513672e+00,3.947334766387939453e+00,3.995727062225341797e+00,3.822982549667358398e+00,4.004645347595214844e+00,3.919420003890991211e+00
2.854502439498901367e+00,2.595255613327026367e+00,2.504755020141601562e+00,2.193745851516723633e+00,2.169592857360839844e+00,1.831917524337768555e+00,1.767796277999877930e+00,1.404334783554077148e+00,1.394593119621276855e+00,1.089273333549499512e+00,1.236338496208190918e+00,9.510704278945922852e-01,5.855653285980224609e-01,3.863404095172882080e-01,0.000000000000000000e+00,2.568276882171630859e+00,2.267863512039184570e+00,2.392210006713867188e+00,2.076680183410644531e+00,2.180005788803100586e+00,1.890505790710449219e+00,2.032014608383178711e+00,1.780069112777709961e+00,1.911681175231933594e+00,1.782353401184082031e+00,1.947172641754150391e+00,1.734575033187866211e+00,1.461501836776733398e+00,1.471368074417114258e+00,1.316963315010070801e+00,2.633458137512207031e+00,2.371328830718994141e+00,2.558923006057739258e+00,2.310543775558471680e+00,2.456827640533447266e+00,2.278508424758911133e+00,2.480700969696044922e+00,2.341857910156250000e+00,2.513614892959594727e+00,2.504904031753540039e+00,2.647500276565551758e+00,2.518968343734741211e+00,2.285768508911132812e+00,2.358218669891357422e+00,2.187555551528930664e+00,2.921488285064697266e+00,2.694540262222290039e+00,2.893889427185058594e+00,2.724861145019531250e+00,2.881572246551513672e+00,2.804978370666503906e+00,3.002018213272094727e+00,2.975014925003051758e+00,3.133396625518798828e+00,3.218848466873168945e+00,3.313810586929321289e+00,3.302304506301879883e+00,3.117164134979248047e+00,3.259682893753051758e+00,3.160566568374633789e+00,3.424963235855102539e+00,3.218303442001342773e+00,3.421891450881958008e+00,3.312683343887329102e+00,3.497031688690185547e+00,3.482596397399902344e+00,3.654683828353881836e+00,3.738677263259887695e+00,3.834679603576660156e+00,4.059455394744873047e+00,4.093747615814208984e+00,4.146083831787109375e+00,3.959572792053222656e+00,4.145714282989501953e+00,4.037468433380126953e+00
6.818592548370361328e-01,8.597190976142883301e-01,9.538564682006835938e-01,1.151548385620117188e+00,1.430690884590148926e+00,1.631976246833801270e+00,1.888636350631713867e+00,2.012135505676269531e+00,2.358289003372192383e+00,2.361519575119018555e+00,2.733335018157958984e+00,2.842327594757080078e+00,2.621329784393310547e+00,2.815698385238647461e+00,2.568276882171630859e+00,0.000000000000000000e+00,3.915212750434875488e-01,6.431042551994323730e-01,9.352233409881591797e-01,1.268472075462341309e+00,1.541815876960754395e+00,1.900795340538024902e+00,2.101455211639404297e+00,2.477816820144653320e+00,2.583495378494262695e+00,2.949582338333129883e+00,3.039495468139648438e+00,2.833626270294189453e+00,3.047336578369140625e+00,2.820892810821533203e+00,7.199335694313049316e-01,7.706691026687622070e-01,9.382731914520263672e-01,1.190897703170776367e+00,1.456936478614807129e+00,1.761692166328430176e+00,2.105123043060302734e+00,2.338507652282714844e+00,2.702147006988525391e+00,2.866248130798339844e+00,3.198177814483642578e+00,3.319173812866210938e+00,3.117532014846801758e+00,3.353607654571533203e+00,3.125024795532226562e+00,1.308516383171081543e+00,1.309200167655944824e+00,1.407140374183654785e+00,1.620101094245910645e+00,1.808325290679931641e+00,2.113896131515502930e+00,2.411966800689697266e+00,2.676799297332763672e+00,3.004132509231567383e+00,3.216585874557495117e+00,3.508240461349487305e+00,3.666280984878540039e+00,3.494957447052001953e+00,3.768308162689208984e+00,3.596871614456176758e+00,2.019241333007812500e+00,1.956458926200866699e+00,2.012254953384399414e+00,2.175777912139892578e+00,2.319529294967651367e+00,2.598832130432128906e+00,2.826734304428100586e+00,3.124656438827514648e+00,3.396212339401245117e+00,3.680880069732666016e+00,3.922134876251220703e+00,4.092496871948242188e+00,3.969714403152465820e+00,4.255544185638427734e+00,4.159488677978515625e+00
7.799135446548461914e-01,7.824677228927612305e-01,7.477797269821166992e-01,8.599272370338439941e-01,1.096169710159301758e+00,1.265471100807189941e+00,1.504035949707031250e+00,1.623921871185302734e+00,1.968272328376770020e+00,1.981927394866943359e+00,2.351521015167236328e+00,2.472762823104858398e+00,2.269677400588989258e+00,2.489142656326293945e+00,2.267863512039184570e+00,3.915212750434875488e-01,0.000000000000000000e+00,3.755036890506744385e-01,5.703600049018859863e-01,9.224350452423095703e-01,1.171686410903930664e+00,1.540313482284545898e+00,1.734984993934631348e+00,2.110301256179809570e+00,2.228731632232666016e+00,2.588177204132080078e+00,2.684274911880493164e+00,2.493197202682495117e+00,2.727480888366699219e+00,2.527269840240478516e+00,8.392387032508850098e-01,6.910801529884338379e-01,8.219063878059387207e-01,9.628036618232727051e-01,1.204619884490966797e+00,1.472623586654663086e+00,1.811655282974243164e+00,2.033413887023925781e+00,2.386478424072265625e+00,2.563412666320800781e+00,2.879629373550415039e+00,3.001724004745483398e+00,2.813214540481567383e+00,3.064268350601196289e+00,2.857788801193237305e+00,1.396542549133300781e+00,1.286992311477661133e+00,1.363852500915527344e+00,1.488274574279785156e+00,1.645972013473510742e+00,1.908833622932434082e+00,2.188583612442016602e+00,2.439945697784423828e+00,2.746855258941650391e+00,2.971510410308837891e+00,3.240052938461303711e+00,3.402367115020751953e+00,3.245564460754394531e+00,3.529205560684204102e+00,3.382505416870117188e+00,2.093342542648315430e+00,1.961823105812072754e+00,2.013595819473266602e+00,2.108272075653076172e+00,2.235376596450805664e+00,2.469200849533081055e+00,2.673990488052368164e+00,2.959767580032348633e+00,3.201665401458740234e+00,3.500720024108886719e+00,3.714336872100830078e+00,3.890045642852783203e+00,3.775793075561523438e+00,4.069299221038818359e+00,3.990973234176635742e+00
9.050493240356445312e-01,9.058090448379516602e-01,7.163826227188110352e-01,8.667870759963989258e-01,9.860318899154663086e-01,1.203475475311279297e+00,1.383496880531311035e+00,1.561336040496826172e+00,1.882416486740112305e+00,1.933319330215454102e+00,2.282155275344848633e+00,2.457694292068481445e+00,2.307708501815795898e+00,2.564070463180541992e+00,2.392210006713867188e+00,6.431042551994323730e-01,3.755036890506744385e-01,0.000000000000000000e+00,3.815354108810424805e-01,6.416087746620178223e-01,9.653302431106567383e-01,1.296484470367431641e+00,1.546549320220947266e+00,1.909929156303405762e+00,2.063112258911132812e+00,2.414841413497924805e+00,2.556642532348632812e+00,2.407712459564208984e+00,2.675263166427612305e+00,2.515597105026245117e+00,9.079821109771728516e-01,6.694245934486389160e-01,6.093427538871765137e-01,7.334910631179809570e-01,8.937278389930725098e-01,1.205395698547363281e+00,1.515818238258361816e+00,1.779868006706237793e+00,2.123073816299438477e+00,2.329809427261352539e+00,2.641221284866333008e+00,2.800492048263549805e+00,2.645781517028808594e+00,2.926038503646850586e+00,2.753318786621093750e+00,1.370732545852661133e+00,1.192665457725524902e+00,1.167374372482299805e+00,1.260496973991394043e+00,1.350870013236999512e+00,1.626458644866943359e+00,1.876907944679260254e+00,2.155314683914184570e+00,2.451383352279663086e+00,2.700168371200561523e+00,2.966040611267089844e+00,3.156352281570434570e+00,3.027848482131958008e+00,3.334465503692626953e+00,3.214029788970947266e+00,2.005106210708618164e+00,1.823935151100158691e+00,1.815195322036743164e+00,1.875650882720947266e+00,1.955077052116394043e+00,2.182608127593994141e+00,2.357470035552978516e+00,2.658247232437133789e+00,2.889416694641113281e+00,3.203754901885986328e+00,3.417279720306396484e+00,3.614966630935668945e+00,3.527887582778930664e+00,3.839565515518188477e+00,3.790098905563354492e+00
1.193319678306579590e+00,1.082493782043457031e+00,8.321660757064819336e-01,8.171561956405639648e-01,8.314542770385742188e-01,9.472386837005615234e-01,1.065145730972290039e+00,1.208537220954895020e+00,1.515404582023620605e+00,1.555566549301147461e+00,1.902181625366210938e+00,2.083802223205566406e+00,1.949433684349060059e+00,2.219517707824707031e+00,2.076680183410644531e+00,9.352233409881591797e-01,5.703600049018859863e-01,3.815354108810424805e-01,0.000000000000000000e+00,3.770508170127868652e-01,6.097437143325805664e-01,9.707882404327392578e-01,1.188879489898681641e+00,1.557979583740234375e+00,1.707442164421081543e+00,2.057084321975708008e+00,2.191105127334594727e+00,2.046733856201171875e+00,2.325747013092041016e+00,2.187100172042846680e+00,1.104223370552062988e+00,7.677260041236877441e-01,7.233805656433105469e-01,6.350065469741821289e-01,7.625983357429504395e-01,9.718599319458007812e-01,1.285337209701538086e+00,1.507952451705932617e+00,1.842933297157287598e+00,2.046817779541015625e+00,2.343762874603271484e+00,2.487909078598022461e+00,2.334961414337158203e+00,2.619858503341674805e+00,2.462237596511840820e+00,1.509457230567932129e+00,1.257384777069091797e+00,1.251622319221496582e+00,1.230960845947265625e+00,1.306183934211730957e+00,1.499486684799194336e+00,1.735643863677978516e+00,1.974448204040527344e+00,2.249219655990600586e+00,2.495044946670532227e+00,2.735260963439941406e+00,2.914507627487182617e+00,2.789657592773437500e+00,3.095627546310424805e+00,2.992919921875000000e+00,2.111422061920166016e+00,1.883250832557678223e+00,1.899986267089843750e+00,1.889385819435119629e+00,1.971848011016845703e+00,2.135756492614746094e+00,2.296483993530273438e+00,2.565301895141601562e+00,2.764646291732788086e+00,3.081774473190307617e+00,3.261868715286254883e+00,3.450911283493041992e+00,3.359707117080688477e+00,3.668518304824829102e+00,3.625998497009277344e+00
1.426631093025207520e+00,1.290222406387329102e+00,9.579127430915832520e-01,9.213802814483642578e-01,7.700148820877075195e-01,8.882493376731872559e-01,8.985817432403564453e-01,1.109725475311279297e+00,1.370299458503723145e+00,1.470629096031188965e+00,1.776618480682373047e+00,2.016394138336181641e+00,1.951409935951232910e+00,2.261319875717163086e+00,2.180005788803100586e+00,1.268472075462341309e+00,9.224350452423095703e-01,6.416087746620178223e-01,3.770508170127868652e-01,0.000000000000000000e+00,3.962580859661102295e-01,6.734674572944641113e-01,9.723893404006958008e-01,1.310139775276184082e+00,1.519873619079589844e+00,1.843207478523254395e+00,2.032489061355590820e+00,1.951064944267272949e+00,2.270607948303222656e+00,2.193962574005126953e+00,1.393816351890563965e+00,1.037724852561950684e+00,8.699254393577575684e-01,6.883404254913330078e-01,6.076042056083679199e-01,7.791553735733032227e-01,1.013438701629638672e+00,1.274207592010498047e+00,1.573624134063720703e+00,1.825656056404113770e+00,2.095703840255737305e+00,2.281655311584472656e+00,2.180222988128662109e+00,2.500401258468627930e+00,2.395961761474609375e+00,1.714160680770874023e+00,1.412969350814819336e+00,1.319155097007751465e+00,1.221219778060913086e+00,1.187081456184387207e+00,1.337333202362060547e+00,1.504133224487304688e+00,1.755625247955322266e+00,1.991375088691711426e+00,2.271878480911254883e+00,2.486311912536621094e+00,2.698152065277099609e+00,2.616426467895507812e+00,2.947677135467529297e+00,2.888581514358520508e+00,2.234150648117065430e+00,1.958309054374694824e+00,1.920454382896423340e+00,1.847997426986694336e+00,1.867545127868652344e+00,1.989105224609375000e+00,2.094015359878540039e+00,2.364438772201538086e+00,2.526827573776245117e+00,2.865782976150512695e+00,3.025178909301757812e+00,3.239548683166503906e+00,3.183336257934570312e+00,3.510921955108642578e+00,3.507058382034301758e+00
1.755833387374877930e+00,1.579131960868835449e+00,1.263762474060058594e+00,1.125806927680969238e+00,9.220509529113769531e-01,8.688438534736633301e-01,7.375024557113647461e-01,8.474444746971130371e-01,1.048194169998168945e+00,1.109628558158874512e+00,1.404276251792907715e+00,1.654285311698913574e+00,1.615008831024169922e+00,1.929448962211608887e+00,1.890505790710449219e+00,1.541815876960754395e+00,1.171686410903930664e+00,9.653302431106567383e-01,6.097437143325805664e-01,3.962580859661102295e-01,0.000000000000000000e+00,3.843294680118560791e-01,5.956553220748901367e-01,9.532256126403808594e-01,1.142916440963745117e+00,1.470887422561645508e+00,1.643207907676696777e+00,1.562911152839660645e+00,1.891559243202209473e+00,1.840388298034667969e+00,1.589655995368957520e+00,1.204313993453979492e+00,1.092810392379760742e+00,7.945025563240051270e-01,7.105491161346435547e-01,6.591230630874633789e-01,8.720589876174926758e-01,1.032260060310363770e+00,1.317657947540283203e+00,1.546716332435607910e+00,1.801106333732604980e+00,1.955691337585449219e+00,1.847762703895568848e+00,2.165641307830810547e+00,2.075289487838745117e+00,1.856762647628784180e+00,1.520041465759277344e+00,1.469832181930541992e+00,1.282877802848815918e+00,1.259071350097656250e+00,1.293765783309936523e+00,1.444946050643920898e+00,1.621450901031494141e+00,1.830534934997558594e+00,2.088200807571411133e+00,2.272835254669189453e+00,2.457659006118774414e+00,2.370844602584838867e+00,2.691320419311523438e+00,2.645985603332519531e+00,2.336483716964721680e+00,2.034853458404541016e+00,2.038067102432250977e+00,1.907999277114868164e+00,1.947770476341247559e+00,1.998346805572509766e+00,2.098899602890014648e+00,2.317026376724243164e+00,2.446484565734863281e+00,2.773156166076660156e+00,2.894600391387939453e+00,3.086427688598632812e+00,3.015653133392333984e+00,3.330418109893798828e+00,3.325474739074707031e+00
