,A1,A2,A3,A4,A5,A6,A7,A8,A9,A10,A11,A12,A13,A14,A15,B1,B2,B3,B4,B5,B6,B7,B8,B9,B10,B11,B12,B13,B14,B15,C1,C2,C3,C4,C5,C6,C7,C8,C9,C10,C11,C12,C13,C14,C15,D1,D2,D3,D4,D5,D6,D7,D8,D9,D10,D11,D12,D13,D14,D15,E1,E2,E3,E4,E5,E6,E7,E8,E9,E10,E11,E12,E13,E14,E15
A1,0.0,0.36850622296333313,0.6920925378799438,0.891453742980957,1.2302438020706177,1.447152853012085,1.8203444480895996,2.0195040702819824,2.3694908618927,2.658111572265625,2.9362010955810547,3.1824779510498047,3.308605909347534,3.6643481254577637,3.8608081340789795,3.124891996383667,2.7327001094818115,2.6003854274749756,2.248013734817505,2.1447768211364746,2.02072811126709,2.2325026988983154,2.449786424636841,2.701249361038208,3.088412284851074,3.252513885498047,3.573103427886963,3.6890623569488525,4.07014274597168,4.32640266418457,3.8109805583953857,3.4132628440856934,3.2670185565948486,2.9060888290405273,2.7453951835632324,2.6096231937408447,2.3973228931427,2.5896031856536865,2.453632116317749,2.791395902633667,2.7695064544677734,2.9386496543884277,2.863205909729004,3.1758196353912354,3.2236886024475098,3.410886287689209,3.1318349838256836,2.7479426860809326,2.4810943603515625,2.0832955837249756,1.9660656452178955,1.5849632024765015,1.6752768754959106,1.454445481300354,1.447644591331482,1.4930493831634521,1.7835841178894043,1.9278115034103394,2.101792812347412,2.376647472381592,2.97868013381958,2.9419403076171875,2.556117534637451,2.518043279647827,2.165980815887451,2.1508383750915527,1.8285515308380127,1.7476494312286377,1.6789307594299316,1.369345784187317,1.496256709098816,1.731858491897583,1.55559241771698,1.691466212272644,1.6524063348770142
A2,0.36850622296333313,0.0,0.374485045671463,0.5247476696968079,0.8653985857963562,1.083295226097107,1.4524846076965332,1.660987377166748,2.009031057357788,2.298008441925049,2.576899290084839,2.8317089080810547,2.9624736309051514,3.32316517829895,3.528090000152588,2.8941123485565186,2.506267786026001,2.3473730087280273,1.9775094985961914,1.8537617921829224,1.690415620803833,1.8843117952346802,2.0887680053710938,2.3354008197784424,2.7227671146392822,2.884253740310669,3.2049620151519775,3.3246865272521973,3.706866502761841,3.9686427116394043,3.546743631362915,3.150963068008423,2.996462821960449,2.62133526802063,2.464641571044922,2.2988874912261963,2.08457612991333,2.2528300285339355,2.1006269454956055,2.4322798252105713,2.403813123703003,2.5798072814941406,2.5175130367279053,2.841075897216797,2.911034345626831,3.2201602458953857,2.9641635417938232,2.5973994731903076,2.331218957901001,1.9294804334640503,1.8809505701065063,1.530670166015625,1.6702862977981567,1.5228044986724854,1.5023280382156372,1.6343210935592651,1.902121901512146,1.9822487831115723,2.1734962463378906,2.410306692123413,2.8210666179656982,2.766559362411499,2.3737666606903076,2.341076135635376,1.9789023399353027,2.003514051437378,1.682476282119751,1.6792147159576416,1.6323825120925903,1.3878432512283325,1.5300543308258057,1.8186819553375244,1.7029259204864502,1.8796573877334595,1.9028456211090088
A3,0.6920925378799438,0.374485045671463,0.0,0.37818431854248047,0.5937104225158691,0.8814312219619751,1.21455979347229,1.4082180261611938,1.7746834754943848,2.02410888671875,2.333472967147827,2.5763540267944336,2.6752543449401855,3.046218156814575,3.230192184448242,2.5321052074432373,2.146601676940918,1.976416826248169,1.6045113801956177,1.483704924583435,1.3321911096572876,1.5592738389968872,1.776721477508545,2.055680990219116,2.4328622817993164,2.623893976211548,2.9325313568115234,3.0387203693389893,3.412109136581421,3.66605544090271,3.17437744140625,2.77913498878479,2.6309924125671387,2.2545883655548096,2.1149306297302246,1.9568712711334229,1.7665224075317383,1.939073920249939,1.8042327165603638,2.136890172958374,2.1098573207855225,2.2606618404388428,2.1878678798675537,2.500814199447632,2.572683095932007,2.874216079711914,2.635334014892578,2.2833945751190186,2.031660318374634,1.632981538772583,1.643760085105896,1.326245665550232,1.4838284254074097,1.4100263118743896,1.3738552331924438,1.5882083177566528,1.8277894258499146,1.8497567176818848,2.0697503089904785,2.27530574798584,2.4881370067596436,2.428765058517456,2.0372440814971924,2.024289131164551,1.6720688343048096,1.7492555379867554,1.4634543657302856,1.523404598236084,1.54586923122406,1.3629343509674072,1.5622432231903076,1.8565343618392944,1.7658576965332031,2.000964641571045,2.069242000579834
A4,0.891453742980957,0.5247476696968079,0.37818431854248047,0.0,0.3887372612953186,0.560192346572876,0.9293690919876099,1.1465085744857788,1.4881362915039062,1.7824208736419678,2.056948184967041,2.3235576152801514,2.4668285846710205,2.831143856048584,3.0530972480773926,2.63726544380188,2.2669193744659424,2.0745699405670166,1.6822383403778076,1.5351612567901611,1.2870594263076782,1.438247561454773,1.5981305837631226,1.8326668739318848,2.21858811378479,2.3678410053253174,2.684457540512085,2.8063104152679443,3.1914381980895996,3.4599568843841553,3.2368693351745605,2.850297212600708,2.690775156021118,2.295313596725464,2.1579747200012207,1.9359806776046753,1.7270894050598145,1.8343298435211182,1.6417356729507446,1.951932668685913,1.8978631496429443,2.0830800533294678,2.04022479057312,2.3829870223999023,2.487389326095581,3.045924186706543,2.836878776550293,2.5097756385803223,2.2597506046295166,1.8716875314712524,1.934417724609375,1.6520593166351318,1.8366541862487793,1.784592866897583,1.7366894483566284,1.9532756805419922,2.175762891769409,2.169959783554077,2.3646798133850098,2.5391013622283936,2.7008814811706543,2.6270763874053955,2.2379746437072754,2.2245490550994873,1.8661705255508423,1.9614121913909912,1.667102575302124,1.7807748317718506,1.770224690437317,1.627402901649475,1.775619626045227,2.107510805130005,2.060128688812256,2.270467758178711,2.3495218753814697
A5,1.2302438020706177,0.8653985857963562,0.5937104225158691,0.3887372612953186,0.0,0.3898734748363495,0.6388461589813232,0.895588219165802,1.2352768182754517,1.4915456771850586,1.7927359342575073,2.0701589584350586,2.192748785018921,2.573460340499878,2.787092924118042,2.3813297748565674,2.027545213699341,1.7911150455474854,1.4016822576522827,1.2086896896362305,0.9234257340431213,1.0497294664382935,1.2262382507324219,1.474433422088623,1.8586763143539429,2.035564661026001,2.3551390171051025,2.484718084335327,2.863940477371216,3.140115976333618,2.904594898223877,2.5240678787231445,2.3471996784210205,1.946537733078003,1.8066704273223877,1.5619093179702759,1.3576456308364868,1.4490907192230225,1.260023832321167,1.575782299041748,1.5395888090133667,1.7306503057479858,1.7161105871200562,2.0640456676483154,2.2066874504089355,2.775416612625122,2.5895748138427734,2.290308952331543,2.047515869140625,1.6824324131011963,1.817623257637024,1.603394865989685,1.8276634216308594,1.8562579154968262,1.8247700929641724,2.0996813774108887,2.3052804470062256,2.258514165878296,2.4809815883636475,2.6257011890411377,2.4904448986053467,2.3862457275390625,2.002363681793213,1.9841240644454956,1.6340842247009277,1.7689162492752075,1.5093382596969604,1.701318383216858,1.728791356086731,1.6682182550430298,1.8311282396316528,2.172200918197632,2.1726865768432617,2.415844440460205,2.5438313484191895
A6,1.447152853012085,1.083295226097107,0.8814312219619751,0.560192346572876,0.3898734748363495,0.0,0.3975778818130493,0.6157634854316711,0.9321010708808899,1.2468379735946655,1.5021346807479858,1.7860738039016724,1.9566529989242554,2.3190207481384277,2.5695176124572754,2.4956912994384766,2.164729595184326,1.9483602046966553,1.5548590421676636,1.399442195892334,1.0440623760223389,1.0988030433654785,1.1477625370025635,1.3464480638504028,1.722933292388916,1.8401274681091309,2.1460201740264893,2.2680842876434326,2.658536434173584,2.9346442222595215,3.0207056999206543,2.6570897102355957,2.5010805130004883,2.0940051078796387,1.9950073957443237,1.7051347494125366,1.5209389925003052,1.5186450481414795,1.2603665590286255,1.5127859115600586,1.4027516841888428,1.5999746322631836,1.5864075422286987,1.9537310600280762,2.103139877319336,3.004946231842041,2.8584866523742676,2.5889086723327637,2.3712496757507324,2.0223984718322754,2.186967134475708,1.979697823524475,2.1829721927642822,2.200766086578369,2.1279430389404297,2.3919293880462646,2.5698766708374023,2.493379592895508,2.675686836242676,2.786015748977661,2.727294445037842,2.640369415283203,2.276191234588623,2.2898097038269043,1.9617747068405151,2.124946117401123,1.8799755573272705,2.087275743484497,2.10526704788208,2.0445895195007324,2.1864538192749023,2.5376057624816895,2.538017749786377,2.7639200687408447,2.875690221786499
A7,1.8203444480895996,1.4524846076965332,1.21455979347229,0.9293690919876099,0.6388461589813232,0.3975778818130493,0.0,0.38482755422592163,0.6235538125038147,0.9159827828407288,1.1762670278549194,1.4897254705429077,1.6623786687850952,2.035179615020752,2.2955033779144287,2.386526346206665,2.0935447216033936,1.8410389423370361,1.474243402481079,1.2867175340652466,0.8830592632293701,0.8180407285690308,0.7885016798973083,0.9530128240585327,1.3278381824493408,1.4459316730499268,1.758216142654419,1.8977203369140625,2.288111925125122,2.5802366733551025,2.803661823272705,2.461226224899292,2.2909178733825684,1.8873153924942017,1.7994107007980347,1.467555284500122,1.30208420753479,1.2199125289916992,0.9261553883552551,1.1368635892868042,1.0124902725219727,1.2405561208724976,1.2874654531478882,1.6703869104385376,1.8797229528427124,2.897611141204834,2.789111375808716,2.562725067138672,2.362358570098877,2.054213762283325,2.279097080230713,2.135640859603882,2.3635365962982178,2.437058448791504,2.376314640045166,2.6737027168273926,2.837428569793701,2.7304937839508057,2.925480604171753,3.0067670345306396,2.6962099075317383,2.5820815563201904,2.2402455806732178,2.2515459060668945,1.9499329328536987,2.1425530910491943,1.9383677244186401,2.203427314758301,2.2397515773773193,2.243450880050659,2.3809382915496826,2.7371957302093506,2.7780182361602783,3.0184645652770996,3.164546489715576
A8,2.0195040702819824,1.660987377166748,1.4082180261611938,1.1465085744857788,0.895588219165802,0.6157634854316711,0.38482755422592163,0.0,0.38756513595581055,0.6465181708335876,0.928162157535553,1.1817796230316162,1.341393232345581,1.7053329944610596,1.9609613418579102,2.241262912750244,1.9734998941421509,1.7748066186904907,1.4205996990203857,1.3315542936325073,0.9441518783569336,0.9374014735221863,0.7804341912269592,0.9753010869026184,1.28203284740448,1.3835963010787964,1.6243115663528442,1.693872332572937,2.0802996158599854,2.337083578109741,2.717217206954956,2.3916709423065186,2.2807533740997314,1.8865704536437988,1.8818445205688477,1.5679336786270142,1.4806122779846191,1.355583906173706,1.0702699422836304,1.1920377016067505,0.9600633382797241,1.0781550407409668,1.0380326509475708,1.41046941280365,1.581537127494812,2.892831563949585,2.8285460472106934,2.6348891258239746,2.4831225872039795,2.1946046352386475,2.448741912841797,2.3114676475524902,2.4928221702575684,2.569047212600708,2.454866886138916,2.7567617893218994,2.873366117477417,2.7188820838928223,2.8797476291656494,2.914353370666504,2.6659834384918213,2.5948171615600586,2.2861969470977783,2.3621487617492676,2.106846332550049,2.3528332710266113,2.1921610832214355,2.461057186126709,2.5380301475524902,2.530222177505493,2.6988916397094727,3.0412063598632812,3.053009033203125,3.308070659637451,3.435086965560913
A9,2.3694908618927,2.009031057357788,1.7746834754943848,1.4881362915039062,1.2352768182754517,0.9321010708808899,0.6235538125038147,0.38756513595581055,0.0,0.4002671241760254,0.5701907277107239,0.8834222555160522,1.116267204284668,1.45919668674469,1.7647383213043213,2.415389060974121,2.193681240081787,1.9861576557159424,1.6716359853744507,1.5720142126083374,1.1826485395431519,1.0590838193893433,0.7764279246330261,0.8203450441360474,1.0633617639541626,1.0791783332824707,1.3014401197433472,1.3849726915359497,1.7796767950057983,2.0544188022613525,2.788896083831787,2.4983315467834473,2.3838999271392822,2.0088112354278564,2.0179405212402344,1.6740559339523315,1.6034338474273682,1.3930234909057617,1.082260251045227,1.087485432624817,0.7932615876197815,0.9333411455154419,0.9733434319496155,1.342827558517456,1.5687675476074219,3.0818142890930176,3.0518219470977783,2.892930269241333,2.752194404602051,2.4911749362945557,2.7686355113983154,2.6583914756774902,2.8543684482574463,2.9456238746643066,2.837144613265991,3.1431045532226562,3.2554101943969727,3.090390682220459,3.244269847869873,3.260061740875244,2.9151623249053955,2.829704999923706,2.5446035861968994,2.6147053241729736,2.3767361640930176,2.6246390342712402,2.4757261276245117,2.7676947116851807,2.832812786102295,2.8522164821624756,2.9991133213043213,3.352043867111206,3.389552116394043,3.6375317573547363,3.7773423194885254
A10,2.658111572265625,2.298008441925049,2.02410888671875,1.7824208736419678,1.4915456771850586,1.2468379735946655,0.9159827828407288,0.6465181708335876,0.4002671241760254,0.0,0.392818421125412,0.6174524426460266,0.7627206444740295,1.1363074779510498,1.4118831157684326,2.1879124641418457,2.019782304763794,1.8242343664169312,1.568658471107483,1.5119447708129883,1.1734223365783691,1.046010136604309,0.6844020485877991,0.7356587648391724,0.8485860824584961,0.9056143164634705,1.0387132167816162,1.054540753364563,1.4374984502792358,1.6932778358459473,2.4989571571350098,2.240933656692505,2.1586201190948486,1.8135039806365967,1.886099100112915,1.5638960599899292,1.5728338956832886,1.3214054107666016,1.0632728338241577,0.969389021396637,0.6137028336524963,0.5975343585014343,0.621179461479187,0.9710641503334045,1.2321953773498535,2.8959691524505615,2.9152469635009766,2.807368040084839,2.7105729579925537,2.4966723918914795,2.815896987915039,2.752782106399536,2.9355998039245605,3.066298246383667,2.948824167251587,3.277663469314575,3.3601491451263428,3.159297466278076,3.31481671333313,3.2953951358795166,2.773662567138672,2.6939258575439453,2.4536569118499756,2.555471897125244,2.3725345134735107,2.659881353378296,2.568969488143921,2.8859267234802246,2.992358684539795,3.0420944690704346,3.212824583053589,3.5509111881256104,3.592615842819214,3.8641197681427,4.0176167488098145
A11,2.9362010955810547,2.576899290084839,2.333472967147827,2.056948184967041,1.7927359342575073,1.5021346807479858,1.1762670278549194,0.928162157535553,0.5701907277107239,0.392818421125412,0.0,0.39749056100845337,0.7108159065246582,0.9914151430130005,1.344986915588379,2.5236353874206543,2.3821310997009277,2.1970865726470947,1.956794023513794,1.8961162567138672,1.5528414249420166,1.378339171409607,1.0007898807525635,0.9051410555839539,0.9199331998825073,0.8102243542671204,0.8717525601387024,0.8868762254714966,1.2719122171401978,1.5378166437149048,2.778103828430176,2.5522167682647705,2.4723801612854004,2.147998809814453,2.219539165496826,1.8839505910873413,1.8837510347366333,1.5944453477859497,1.3235499858856201,1.158611536026001,0.806632936000824,0.8180167078971863,0.9020678997039795,1.178096890449524,1.4393569231033325,3.2464544773101807,3.2823092937469482,3.187391757965088,3.0902538299560547,2.8798887729644775,3.1972179412841797,3.129896640777588,3.318641424179077,3.4388701915740967,3.3179543018341064,3.6372201442718506,3.720268726348877,3.519386053085327,3.658174514770508,3.6296932697296143,3.1480278968811035,3.0672035217285156,2.8366215229034424,2.9316294193267822,2.747088670730591,3.0230002403259277,2.920189380645752,3.2389347553253174,3.323030710220337,3.373314142227173,3.522068500518799,3.8723225593566895,3.9242167472839355,4.181166648864746,4.332490921020508
A12,3.1824779510498047,2.8317089080810547,2.5763540267944336,2.3235576152801514,2.0701589584350586,1.7860738039016724,1.4897254705429077,1.1817796230316162,0.8834222555160522,0.6174524426460266,0.39749056100845337,0.0,0.3917469382286072,0.6068901419639587,0.9767507314682007,2.4641215801239014,2.3677453994750977,2.2405614852905273,2.040707588195801,2.0535600185394287,1.7556548118591309,1.6373265981674194,1.2569537162780762,1.2133502960205078,1.1443181037902832,1.0509523153305054,0.9560711979866028,0.8037244081497192,1.1268221139907837,1.306453824043274,2.742522716522217,2.5502870082855225,2.532493829727173,2.240110397338867,2.377959966659546,2.081209421157837,2.1354522705078125,1.8501754999160767,1.618398904800415,1.4294230937957764,1.070189118385315,0.9261562824249268,0.8911292552947998,1.051634430885315,1.2448956966400146,3.2833197116851807,3.360125780105591,3.298452377319336,3.2435262203216553,3.0553181171417236,3.3879547119140625,3.3295695781707764,3.483795166015625,3.6090035438537598,3.4556097984313965,3.7754087448120117,3.820826768875122,3.5858826637268066,3.6977779865264893,3.628763437271118,3.174452066421509,3.1309592723846436,2.939321517944336,3.081080913543701,2.9374585151672363,3.2455217838287354,3.175368547439575,3.493591070175171,3.6082980632781982,3.6519081592559814,3.825388193130493,4.163773536682129,4.195014476776123,4.465527057647705,4.605555534362793
A13,3.308605909347534,2.9624736309051514,2.6752543449401855,2.4668285846710205,2.192748785018921,1.9566529989242554,1.6623786687850952,1.341393232345581,1.116267204284668,0.7627206444740295,0.7108159065246582,0.3917469382286072,0.0,0.4016088545322418,0.655134379863739,2.181135654449463,2.1333930492401123,2.0400137901306152,1.8982304334640503,1.9647129774093628,1.7317875623703003,1.6579091548919678,1.2947943210601807,1.315711259841919,1.1912600994110107,1.1896086931228638,1.0279111862182617,0.7682040333747864,1.0166717767715454,1.1197569370269775,2.4432878494262695,2.279759645462036,2.3104279041290283,2.0552165508270264,2.252237319946289,2.003847360610962,2.1191723346710205,1.8468077182769775,1.6740938425064087,1.473521113395691,1.133972406387329,0.8518783450126648,0.7164865136146545,0.7419624924659729,0.9046052098274231,3.040189504623413,3.154702663421631,3.131911039352417,3.119013547897339,2.96797513961792,3.3218724727630615,3.29494047164917,3.4263596534729004,3.577889919281006,3.4144487380981445,3.7473995685577393,3.76450252532959,3.502115488052368,3.614009380340576,3.5171103477478027,2.947685480117798,2.923341989517212,2.7746033668518066,2.9507503509521484,2.856703519821167,3.1938929557800293,3.1710379123687744,3.495670795440674,3.6490447521209717,3.705794334411621,3.9065253734588623,4.225508689880371,4.248571395874023,4.540304183959961,4.68524169921875
A14,3.6643481254577637,3.32316517829895,3.046218156814575,2.831143856048584,2.573460340499878,2.3190207481384277,2.035179615020752,1.7053329944610596,1.45919668674469,1.1363074779510498,0.9914151430130005,0.6068901419639587,0.4016088545322418,0.0,0.4107704162597656,2.4357964992523193,2.4294583797454834,2.373741626739502,2.2596468925476074,2.3505759239196777,2.1306357383728027,2.055436611175537,1.6878564357757568,1.673337697982788,1.5023787021636963,1.4394993782043457,1.188124656677246,0.857801616191864,0.9762778282165527,0.9604992866516113,2.6690635681152344,2.549928665161133,2.6145410537719727,2.393079996109009,2.61320161819458,2.3781421184539795,2.5057883262634277,2.222550392150879,2.0554556846618652,1.828033208847046,1.4970684051513672,1.2196604013442993,1.0971673727035522,1.0306305885314941,1.109662652015686,3.3341588973999023,3.47813081741333,3.47953462600708,3.487166166305542,3.348827600479126,3.706029176712036,3.680479049682617,3.79775333404541,3.9450764656066895,3.7647125720977783,4.090615749359131,4.088324069976807,3.810222864151001,3.8972384929656982,3.773636817932129,3.2506401538848877,3.246298313140869,3.124441146850586,3.3172287940979004,3.2412617206573486,3.5849416255950928,3.570061206817627,3.8943064212799072,4.050258636474609,4.103607654571533,4.3050007820129395,4.62459659576416,4.642517566680908,4.933416843414307,5.071394443511963
A15,3.8608081340789795,3.528090000152588,3.230192184448242,3.0530972480773926,2.787092924118042,2.5695176124572754,2.2955033779144287,1.9609613418579102,1.7647383213043213,1.4118831157684326,1.344986915588379,0.9767507314682007,0.655134379863739,0.4107704162597656,0.0,2.2668697834014893,2.3207621574401855,2.31418514251709,2.2633984088897705,2.406325101852417,2.2505340576171875,2.217592716217041,1.878792405128479,1.9107319116592407,1.7148852348327637,1.7142139673233032,1.4384911060333252,1.0730161666870117,1.0812803506851196,0.9376569390296936,2.481137990951538,2.406095504760742,2.5296952724456787,2.358613967895508,2.6314029693603516,2.4505560398101807,2.626387119293213,2.3640623092651367,2.246556043624878,2.0214056968688965,1.7181346416473389,1.3739110231399536,1.191485047340393,0.9886168837547302,0.9651068449020386,3.1992785930633545,3.3835999965667725,3.426004648208618,3.4777514934539795,3.3765950202941895,3.7461633682250977,3.7470474243164062,3.837233304977417,4.003849029541016,3.81174635887146,4.143119812011719,4.110071659088135,3.8066015243530273,3.885982036590576,3.731553316116333,3.1292316913604736,3.152090549468994,3.0797276496887207,3.3064560890197754,3.2801504135131836,3.6457114219665527,3.6731715202331543,3.9970197677612305,4.1862006187438965,4.247228622436523,4.47202205657959,4.772021770477295,4.779282569885254,5.087026596069336,5.225648403167725
B1,3.124891996383667,2.8941123485565186,2.5321052074432373,2.63726544380188,2.3813297748565674,2.4956912994384766,2.386526346206665,2.241262912750244,2.415389060974121,2.1879124641418457,2.5236353874206543,2.4641215801239014,2.181135654449463,2.4357964992523193,2.2668697834014893,0.0,0.3928529620170593,0.6702156662940979,0.9945307970046997,1.3329828977584839,1.6217570304870605,1.9018577337265015,1.9678784608840942,2.3060429096221924,2.333963632583618,2.665583372116089,2.685997486114502,2.5524818897247314,2.687373399734497,2.716945171356201,1.0724040269851685,0.8390873670578003,1.154388427734375,1.1357163190841675,1.4914733171463013,1.6802769899368286,1.9527521133422852,2.02711820602417,2.158069610595703,2.221167802810669,2.1739468574523926,1.896228551864624,1.6382087469100952,1.4886064529418945,1.3323477506637573,1.1484017372131348,1.332218050956726,1.436130166053772,1.659132719039917,1.7177622318267822,2.0594229698181152,2.1912312507629395,2.159329891204834,2.4328951835632324,2.293222427368164,2.646008014678955,2.55832576751709,2.249622106552124,2.439664840698242,2.3169987201690674,0.909705400466919,1.0616328716278076,1.1665704250335693,1.540732502937317,1.7364299297332764,2.1335999965667725,2.352036237716675,2.5880258083343506,2.9249889850616455,3.0049588680267334,3.328275442123413,3.477191209793091,3.4297289848327637,3.794872283935547,3.9427268505096436
B2,2.7327001094818115,2.506267786026001,2.146601676940918,2.2669193744659424,2.027545213699341,2.164729595184326,2.0935447216033936,1.9734998941421509,2.193681240081787,2.019782304763794,2.3821310997009277,2.3677453994750977,2.1333930492401123,2.4294583797454834,2.3207621574401855,0.3928529620170593,0.0,0.42048367857933044,0.6639726758003235,1.0384074449539185,1.3319169282913208,1.6626522541046143,1.7689779996871948,2.137979745864868,2.23034930229187,2.5632617473602295,2.6359341144561768,2.53786039352417,2.7271127700805664,2.8015248775482178,1.3302149772644043,1.0084872245788574,1.2034367322921753,1.0662821531295776,1.3563406467437744,1.511978030204773,1.737895131111145,1.8478001356124878,1.9533759355545044,2.0716683864593506,2.0247793197631836,1.796941876411438,1.5388026237487793,1.481374740600586,1.3561500310897827,1.2319411039352417,1.2965352535247803,1.28390634059906,1.4428225755691528,1.42594313621521,1.75773286819458,1.8471275568008423,1.8209422826766968,2.0795540809631348,1.9360792636871338,2.2974467277526855,2.2346041202545166,1.9415948390960693,2.1529242992401123,2.069366455078125,0.8566871285438538,0.9872111678123474,0.9588425159454346,1.3346277475357056,1.46382737159729,1.8634560108184814,2.043323516845703,2.2683184146881104,2.597136974334717,2.6527702808380127,2.9794654846191406,3.1373422145843506,3.078192949295044,3.4401755332946777,3.579458475112915
B3,2.6003854274749756,2.3473730087280273,1.976416826248169,2.0745699405670166,1.7911150455474854,1.9483602046966553,1.8410389423370361,1.7748066186904907,1.9861576557159424,1.8242343664169312,2.1970865726470947,2.2405614852905273,2.0400137901306152,2.373741626739502,2.31418514251709,0.6702156662940979,0.42048367857933044,0.0,0.4008965492248535,0.671978771686554,1.0069907903671265,1.3068748712539673,1.4585152864456177,1.8197985887527466,1.9279853105545044,2.280494451522827,2.393831968307495,2.348409652709961,2.5584754943847656,2.6840591430664062,1.2468743324279785,0.8637092709541321,0.9156718850135803,0.6905173063278198,0.9454131722450256,1.0966588258743286,1.325853943824768,1.4517370462417603,1.5868160724639893,1.7236472368240356,1.7279094457626343,1.5511716604232788,1.3706215620040894,1.3780394792556763,1.3768688440322876,1.166269063949585,1.1800391674041748,1.1309802532196045,1.2149629592895508,1.1838433742523193,1.5629421472549438,1.681155800819397,1.7453413009643555,2.0308103561401367,1.9513179063796997,2.334104061126709,2.338737726211548,2.097118616104126,2.3519935607910156,2.32533860206604,0.9535852670669556,0.9071505665779114,0.7730860710144043,1.0698881149291992,1.1565580368041992,1.5631154775619507,1.73636794090271,2.0064215660095215,2.318061113357544,2.415379524230957,2.7195706367492676,2.900512218475342,2.8878676891326904,3.2470946311950684,3.420822858810425
B4,2.248013734817505,1.9775094985961914,1.6045113801956177,1.6822383403778076,1.4016822576522827,1.5548590421676636,1.474243402481079,1.4205996990203857,1.6716359853744507,1.568658471107483,1.956794023513794,2.040707588195801,1.8982304334640503,2.2596468925476074,2.2633984088897705,0.9945307970046997,0.6639726758003235,0.4008965492248535,0.0,0.41665083169937134,0.6791768074035645,1.044908046722412,1.211182713508606,1.6001120805740356,1.7764453887939453,2.108764171600342,2.2656021118164062,2.24750018119812,2.509308338165283,2.6703426837921143,1.6080769300460815,1.2229323387145996,1.1973350048065186,0.865985631942749,1.0061278343200684,1.028136134147644,1.17363703250885,1.2985217571258545,1.3635756969451904,1.548864722251892,1.5248292684555054,1.4032937288284302,1.2218736410140991,1.333228588104248,1.3610706329345703,1.5238397121429443,1.4674376249313354,1.3194406032562256,1.2990659475326538,1.140612244606018,1.4952752590179443,1.528209924697876,1.6228996515274048,1.86293363571167,1.770012378692627,2.1528587341308594,2.1917994022369385,1.971303939819336,2.2229058742523193,2.2275140285491943,1.2481110095977783,1.1987037658691406,0.9446956515312195,1.168955683708191,1.1124975681304932,1.5017343759536743,1.5832401514053345,1.8546797037124634,2.1307408809661865,2.1933236122131348,2.4891176223754883,2.7045786380767822,2.6843605041503906,3.032092809677124,3.1933116912841797
B5,2.1447768211364746,1.8537617921829224,1.483704924583435,1.5351612567901611,1.2086896896362305,1.399442195892334,1.2867175340652466,1.3315542936325073,1.5720142126083374,1.5119447708129883,1.8961162567138672,2.0535600185394287,1.9647129774093628,2.3505759239196777,2.406325101852417,1.3329828977584839,1.0384074449539185,0.671978771686554,0.41665083169937134,0.0,0.41185489296913147,0.7324607372283936,1.0026462078094482,1.3693535327911377,1.5870646238327026,1.9298497438430786,2.145716905593872,2.1972906589508057,2.4803013801574707,2.694343090057373,1.715096354484558,1.326856255531311,1.1626238822937012,0.7763691544532776,0.7464580535888672,0.6923081874847412,0.7748731374740601,0.9519076347351074,1.044157862663269,1.2855063676834106,1.3396905660629272,1.3215919733047485,1.2601162195205688,1.4462319612503052,1.5832773447036743,1.6172051429748535,1.508002519607544,1.3218413591384888,1.201575756072998,1.0096087455749512,1.3744754791259766,1.4246655702590942,1.6190024614334106,1.8694305419921875,1.8521063327789307,2.2355737686157227,2.340312957763672,2.179630756378174,2.4627902507781982,2.5182104110717773,1.4612658023834229,1.3027238845825195,0.9840975999832153,1.0563197135925293,0.8986384868621826,1.252668023109436,1.2949109077453613,1.613436222076416,1.8540633916854858,1.9616053104400635,2.223562479019165,2.464931011199951,2.4974749088287354,2.8349456787109375,3.0314056873321533
B6,2.02072811126709,1.690415620803833,1.3321911096572876,1.2870594263076782,0.9234257340431213,1.0440623760223389,0.8830592632293701,0.9441518783569336,1.1826485395431519,1.1734223365783691,1.5528414249420166,1.7556548118591309,1.7317875623703003,2.1306357383728027,2.2505340576171875,1.6217570304870605,1.3319169282913208,1.0069907903671265,0.6791768074035645,0.41185489296913147,0.0,0.41848766803741455,0.6692864894866943,1.0461947917938232,1.3243134021759033,1.6308629512786865,1.8810776472091675,1.9613432884216309,2.28474497795105,2.5308945178985596,1.999188780784607,1.6311177015304565,1.4576563835144043,1.0509299039840698,0.9929671287536621,0.7621592283248901,0.7347690463066101,0.8026702404022217,0.761049211025238,1.0264431238174438,1.0343432426452637,1.0895047187805176,1.0691049098968506,1.3487460613250732,1.5365067720413208,2.015137195587158,1.9167815446853638,1.7236785888671875,1.5699604749679565,1.329201102256775,1.6493659019470215,1.6277222633361816,1.8465498685836792,2.040074110031128,2.006101608276367,2.371429920196533,2.4980361461639404,2.349043607711792,2.605563163757324,2.666104555130005,1.8570966720581055,1.713812232017517,1.391698956489563,1.4333360195159912,1.2079745531082153,1.5011556148529053,1.4433019161224365,1.7644253969192505,1.9357441663742065,2.018639087677002,2.243028163909912,2.5329458713531494,2.5756258964538574,2.8875491619110107,3.0749738216400146
B7,2.2325026988983154,1.8843117952346802,1.5592738389968872,1.438247561454773,1.0497294664382935,1.0988030433654785,0.8180407285690308,0.9374014735221863,1.0590838193893433,1.046010136604309,1.378339171409607,1.6373265981674194,1.6579091548919678,2.055436611175537,2.217592716217041,1.9018577337265015,1.6626522541046143,1.3068748712539673,1.044908046722412,0.7324607372283936,0.41848766803741455,0.0,0.39246293902397156,0.6867688298225403,0.9888163805007935,1.2934633493423462,1.5874627828598022,1.7332361936569214,2.063828706741333,2.3544774055480957,2.0927324295043945,1.7603490352630615,1.5262415409088135,1.1348798274993896,1.014269471168518,0.6567714214324951,0.5554210543632507,0.46315082907676697,0.3426729440689087,0.63933926820755,0.7255612015724182,0.9053000211715698,1.0419083833694458,1.3558770418167114,1.6405302286148071,2.222749948501587,2.1433496475219727,1.9807288646697998,1.8074036836624146,1.5980224609375,1.9174102544784546,1.9212130308151245,2.186067819595337,2.382192373275757,2.3811089992523193,2.7394981384277344,2.8893394470214844,2.757115602493286,3.0154361724853516,3.08052921295166,2.1717753410339355,1.9814430475234985,1.6779409646987915,1.6558103561401367,1.4227063655853271,1.664017677307129,1.5846076011657715,1.93507719039917,2.05340313911438,2.1801204681396484,2.3508102893829346,2.6667258739471436,2.762380361557007,3.0528924465179443,3.266709327697754
B8,2.449786424636841,2.0887680053710938,1.776721477508545,1.5981305837631226,1.2262382507324219,1.1477625370025635,0.7885016798973083,0.7804341912269592,0.7764279246330261,0.6844020485877991,1.0007898807525635,1.2569537162780762,1.2947943210601807,1.6878564357757568,1.878792405128479,1.9678784608840942,1.7689779996871948,1.4585152864456177,1.211182713508606,1.0026462078094482,0.6692864894866943,0.39246293902397156,0.0,0.399646520614624,0.6838318109512329,0.9633433222770691,1.2328187227249146,1.363102674484253,1.711455225944519,2.006711483001709,2.1523423194885254,1.8558133840560913,1.6713486909866333,1.300091028213501,1.272168517112732,0.9137877225875854,0.8905037045478821,0.65030437707901,0.41830626130104065,0.4734731614589691,0.369900107383728,0.5628451108932495,0.7530506253242493,1.1024620532989502,1.4257419109344482,2.432560920715332,2.4061505794525146,2.2818539142608643,2.146121025085449,1.9505150318145752,2.281022548675537,2.272202491760254,2.5106849670410156,2.6916089057922363,2.64982271194458,3.0040457248687744,3.128796100616455,2.9663610458374023,3.191652536392212,3.2221624851226807,2.384554862976074,2.226915121078491,1.958894968032837,1.985377311706543,1.7857927083969116,2.048295497894287,1.974596381187439,2.3201518058776855,2.432774066925049,2.5418832302093506,2.707373857498169,3.0338544845581055,3.119102716445923,3.4030041694641113,3.6017050743103027
B9,2.701249361038208,2.3354008197784424,2.055680990219116,1.8326668739318848,1.474433422088623,1.3464480638504028,0.9530128240585327,0.9753010869026184,0.8203450441360474,0.7356587648391724,0.9051410555839539,1.2133502960205078,1.315711259841919,1.673337697982788,1.9107319116592407,2.3060429096221924,2.137979745864868,1.8197985887527466,1.6001120805740356,1.3693535327911377,1.0461947917938232,0.6867688298225403,0.399646520614624,0.0,0.3991697430610657,0.6173073649406433,0.9576661586761475,1.1812840700149536,1.5339411497116089,1.8765214681625366,2.36594820022583,2.1088690757751465,1.897365927696228,1.561871886253357,1.5042552947998047,1.1217209100723267,1.0666016340255737,0.7390648722648621,0.4736621677875519,0.2873292863368988,0.2030920833349228,0.6124205589294434,0.9466246366500854,1.2717235088348389,1.6448321342468262,2.725238084793091,2.711470603942871,2.604835271835327,2.4577720165252686,2.2767839431762695,2.6009678840637207,2.6008708477020264,2.8644158840179443,3.042471408843994,3.0183024406433105,3.3664114475250244,3.506387710571289,3.3551461696624756,3.5792481899261475,3.612994909286499,2.739107608795166,2.557631254196167,2.3007686138153076,2.2923855781555176,2.088463068008423,2.3153207302093506,2.225583791732788,2.5784072875976562,2.6516776084899902,2.7819204330444336,2.9067468643188477,3.2487502098083496,3.3671555519104004,3.6309971809387207,3.8433640003204346
B10,3.088412284851074,2.7227671146392822,2.4328622817993164,2.21858811378479,1.8586763143539429,1.722933292388916,1.3278381824493408,1.28203284740448,1.0633617639541626,0.8485860824584961,0.9199331998825073,1.1443181037902832,1.1912600994110107,1.5023787021636963,1.7148852348327637,2.333963632583618,2.23034930229187,1.9279853105545044,1.7764453887939453,1.5870646238327026,1.3243134021759033,0.9888163805007935,0.6838318109512329,0.3991697430610657,0.0,0.38108426332473755,0.6303969025611877,0.8666977882385254,1.1802594661712646,1.5338386297225952,2.2667043209075928,2.067457914352417,1.8786563873291016,1.6012327671051025,1.6017282009124756,1.2548013925552368,1.2840023040771484,0.9202966094017029,0.773712694644928,0.421395868062973,0.33839669823646545,0.5259759426116943,0.9290757775306702,1.1625205278396606,1.572669267654419,2.7643837928771973,2.804489850997925,2.7544591426849365,2.647341251373291,2.514984607696533,2.8663370609283447,2.9026377201080322,3.1557931900024414,3.3572499752044678,3.3250279426574707,3.6837832927703857,3.8022778034210205,3.625925064086914,3.8441314697265625,3.849341869354248,2.844139337539673,2.6627864837646484,2.456352472305298,2.4674551486968994,2.317148447036743,2.5642621517181396,2.5202317237854004,2.8864457607269287,2.9797611236572266,3.131890058517456,3.262242317199707,3.5945510864257812,3.7207794189453125,3.9931788444519043,4.214089870452881
B11,3.252513885498047,2.884253740310669,2.623893976211548,2.3678410053253174,2.035564661026001,1.8401274681091309,1.4459316730499268,1.3835963010787964,1.0791783332824707,0.9056143164634705,0.8102243542671204,1.0509523153305054,1.1896086931228638,1.4394993782043457,1.7142139673233032,2.665583372116089,2.5632617473602295,2.280494451522827,2.108764171600342,1.9298497438430786,1.6308629512786865,1.2934633493423462,0.9633433222770691,0.6173073649406433,0.38108426332473755,0.0,0.4089154005050659,0.7453992962837219,1.0731444358825684,1.454976201057434,2.611921548843384,2.429177761077881,2.2533223628997803,1.9806798696517944,1.9787836074829102,1.6233748197555542,1.619268536567688,1.2567123174667358,1.061231017112732,0.739417314529419,0.599181056022644,0.7846090197563171,1.147732138633728,1.3751938343048096,1.769019365310669,3.1416077613830566,3.18426775932312,3.128241539001465,3.012648105621338,2.8627283573150635,3.2015721797943115,3.2134933471679688,3.468813180923462,3.647930145263672,3.605665445327759,3.9527947902679443,4.075273036956787,3.9013924598693848,4.102097511291504,4.104111194610596,3.2087466716766357,3.0376551151275635,2.8253846168518066,2.8361752033233643,2.668001651763916,2.901348352432251,2.827981948852539,3.1861391067504883,3.25110125541687,3.3888354301452637,3.4974396228790283,3.8454854488372803,3.974386692047119,4.229244709014893,4.44164514541626
B12,3.573103427886963,3.2049620151519775,2.9325313568115234,2.684457540512085,2.3551390171051025,2.1460201740264893,1.758216142654419,1.6243115663528442,1.3014401197433472,1.0387132167816162,0.8717525601387024,0.9560711979866028,1.0279111862182617,1.188124656677246,1.4384911060333252,2.685997486114502,2.6359341144561768,2.393831968307495,2.2656021118164062,2.145716905593872,1.8810776472091675,1.5874627828598022,1.2328187227249146,0.9576661586761475,0.6303969025611877,0.4089154005050659,0.0,0.38207557797431946,0.6725923418998718,1.058876872062683,2.591383457183838,2.4582066535949707,2.3356854915618896,2.106045722961426,2.1721558570861816,1.8548065423965454,1.9117400646209717,1.547873616218567,1.3937091827392578,1.0497028827667236,0.8695932626724243,0.8651226162910461,1.1681857109069824,1.2927842140197754,1.669965386390686,3.2306361198425293,3.321415424346924,3.3069846630096436,3.2322916984558105,3.1094775199890137,3.46852970123291,3.494551658630371,3.7256104946136475,3.9144792556762695,3.8473408222198486,4.199882984161377,4.293025970458984,4.089064121246338,4.271434307098389,4.239319324493408,3.315485954284668,3.1687989234924316,2.998246192932129,3.047978639602661,2.9218878746032715,3.185535430908203,3.145071029663086,3.508077621459961,3.599093198776245,3.73630952835083,3.8637075424194336,4.204298973083496,4.321063041687012,4.587883949279785,4.794917106628418
B13,3.6890623569488525,3.3246865272521973,3.0387203693389893,2.8063104152679443,2.484718084335327,2.2680842876434326,1.8977203369140625,1.693872332572937,1.3849726915359497,1.054540753364563,0.8868762254714966,0.8037244081497192,0.7682040333747864,0.857801616191864,1.0730161666870117,2.5524818897247314,2.53786039352417,2.348409652709961,2.24750018119812,2.1972906589508057,1.9613432884216309,1.7332361936569214,1.363102674484253,1.1812840700149536,0.8666977882385254,0.7453992962837219,0.38207557797431946,0.0,0.3983403742313385,0.7354363203048706,2.4996190071105957,2.391545295715332,2.334779977798462,2.126380681991577,2.2612133026123047,1.9808546304702759,2.086014747619629,1.73981773853302,1.6022599935531616,1.2759366035461426,1.0398808717727661,0.8790398240089417,1.0670554637908936,1.0978946685791016,1.4301573038101196,3.1978750228881836,3.323563575744629,3.3337647914886475,3.2973690032958984,3.1866261959075928,3.5580132007598877,3.5842387676239014,3.781097650527954,3.970937490463257,3.871427059173584,4.224557876586914,4.284693717956543,4.0511369705200195,4.210592746734619,4.14536190032959,3.2595832347869873,3.151805877685547,3.012355327606201,3.111330509185791,3.018324136734009,3.3164241313934326,3.3011157512664795,3.66060471534729,3.7824981212615967,3.904599905014038,4.060479640960693,4.39162540435791,4.481978893280029,4.763305187225342,4.955789566040039
