,A1,A2,A3,A4,A5,A6,A7,A8,A9,A10,A11,A12,A13,A14,A15,B1,B2,B3,B4,B5,B6,B7,B8,B9,B10,B11,B12,B13,B14,B15,C1,C2,C3,C4,C5,C6,C7,C8,C9,C10,C11,C12,C13,C14,C15,D1,D2,D3,D4,D5,D6,D7,D8,D9,D10,D11,D12,D13,D14,D15,E1,E2,E3,E4,E5,E6,E7,E8,E9,E10,E11,E12,E13,E14,E15
A1,0.0,0.391636461019516,0.6395425200462341,0.9548259377479553,1.2718535661697388,1.5811316967010498,1.9031200408935547,2.140434741973877,2.4572532176971436,2.714109420776367,2.990809917449951,3.1189801692962646,3.0200815200805664,3.324763298034668,3.2222495079040527,1.7395384311676025,1.9490517377853394,1.7608444690704346,2.0885534286499023,2.0937814712524414,2.4489777088165283,2.6178786754608154,2.7514145374298096,3.120814085006714,3.2017855644226074,3.5551040172576904,3.654805898666382,3.468510627746582,3.742233991622925,3.6154258251190186,1.9691717624664307,2.1464099884033203,1.9555485248565674,2.270198345184326,2.2602477073669434,2.6299405097961426,2.7408030033111572,2.884706974029541,3.2330830097198486,3.252185583114624,3.6062748432159424,3.6844253540039062,3.4887008666992188,3.650775909423828,3.6029672622680664,2.3031349182128906,2.439227819442749,2.192533016204834,2.4996917247772217,2.418644666671753,2.784555435180664,2.788778066635132,2.994309186935425,3.271024703979492,3.318086624145508,3.585750102996826,3.8799800872802734,3.7878828048706055,3.9586880207061768,3.9190940856933594,1.8836439847946167,1.8126566410064697,1.5118287801742554,1.6867567300796509,1.5020214319229126,1.8095388412475586,1.8059273958206177,1.9518318176269531,2.220109701156616,2.2041733264923096,2.5393056869506836,2.7235264778137207,2.613744020462036,2.9506025314331055,3.055143356323242
A2,0.391636461019516,0.0,0.3890776038169861,0.6086025238037109,0.9509435892105103,1.2329059839248657,1.5517700910568237,1.7784972190856934,2.084242105484009,2.345142126083374,2.6112546920776367,2.73542857170105,2.6444239616394043,2.9514150619506836,2.8615379333496094,1.4647314548492432,1.6589488983154297,1.4477756023406982,1.7676784992218018,1.768538236618042,2.109013557434082,2.284850597381592,2.3934645652770996,2.7669901847839355,2.8387656211853027,3.188957691192627,3.275967836380005,3.081509590148926,3.3518779277801514,3.2259559631347656,1.7629467248916626,1.9382461309432983,1.7368147373199463,2.04714035987854,2.0395798683166504,2.3942325115203857,2.52579665184021,2.6358277797698975,2.9940006732940674,3.001495361328125,3.3504440784454346,3.397376537322998,3.1775848865509033,3.3208060264587402,3.26652455329895,2.1894636154174805,2.3415889739990234,2.0934436321258545,2.407996892929077,2.338108539581299,2.6945197582244873,2.7336254119873047,2.9075660705566406,3.2133076190948486,3.2749650478363037,3.5599238872528076,3.8476226329803467,3.7909343242645264,3.9736108779907227,3.9525229930877686,1.9294888973236084,1.9060771465301514,1.600441336631775,1.8166897296905518,1.6624541282653809,1.9722471237182617,2.019392490386963,2.1275970935821533,2.430671215057373,2.4079906940460205,2.762462615966797,2.9051969051361084,2.775646209716797,3.119981288909912,3.211878776550293
A3,0.6395425200462341,0.3890776038169861,0.0,0.39432740211486816,0.641904890537262,0.991161048412323,1.2925761938095093,1.5688790082931519,1.881656289100647,2.168844699859619,2.4421751499176025,2.6153204441070557,2.567925214767456,2.900618553161621,2.862959861755371,1.6453988552093506,1.7731064558029175,1.489250659942627,1.7516459226608276,1.6705690622329712,1.9948819875717163,2.1119308471679688,2.213409185409546,2.572554349899292,2.620553731918335,2.9825470447540283,3.100879192352295,2.9349138736724854,3.2323832511901855,3.1521074771881104,1.9408550262451172,2.057201623916626,1.7940067052841187,2.0487735271453857,1.971084713935852,2.297379970550537,2.383073568344116,2.456406354904175,2.800891399383545,2.767704963684082,3.1214709281921387,3.1721391677856445,2.968841075897217,3.141782283782959,3.134944438934326,2.3623762130737305,2.4697422981262207,2.1790640354156494,2.453108787536621,2.331223249435425,2.6636271476745605,2.675901174545288,2.8068363666534424,3.118762493133545,3.146817207336426,3.4545421600341797,3.7280020713806152,3.69535756111145,3.912175416946411,3.9286048412323,2.1624574661254883,2.1007025241851807,1.7567636966705322,1.919150710105896,1.7167143821716309,1.9715791940689087,1.9998419284820557,2.036933422088623,2.339592695236206,2.272162675857544,2.6396498680114746,2.7439627647399902,2.5762081146240234,2.9124062061309814,2.978165626525879
A4,0.9548259377479553,0.6086025238037109,0.39432740211486816,0.0,0.3753487169742584,0.6286685466766357,0.9514573812484741,1.1927188634872437,1.510420799255371,1.7831145524978638,2.0607259273529053,2.227430820465088,2.176922559738159,2.5131213665008545,2.487572193145752,1.542359471321106,1.6592389345169067,1.3723355531692505,1.6084542274475098,1.5232820510864258,1.8046939373016357,1.9254964590072632,1.9671984910964966,2.3291051387786865,2.3429534435272217,2.7009758949279785,2.792186737060547,2.6032187938690186,2.8874878883361816,2.802687168121338,1.922792673110962,2.04899001121521,1.800002932548523,2.0437779426574707,1.9779866933822632,2.2723464965820312,2.38268780708313,2.404414415359497,2.7540700435638428,2.698061227798462,3.039975166320801,3.0428454875946045,2.8045778274536133,2.9467549324035645,2.93208384513855,2.436467170715332,2.570420265197754,2.2984230518341064,2.5785441398620605,2.4790968894958496,2.795473337173462,2.843852996826172,2.9430806636810303,3.277231216430664,3.3189077377319336,3.6377570629119873,3.901756525039673,3.9009344577789307,4.12428092956543,4.1534223556518555,2.3665883541107178,2.354032516479492,2.0282180309295654,2.2254128456115723,2.054694414138794,2.3130531311035156,2.3669214248657227,2.387267589569092,2.6995856761932373,2.623178482055664,2.9948601722717285,3.075331211090088,2.889650344848633,3.219437599182129,3.264723062515259
A5,1.2718535661697388,0.9509435892105103,0.641904890537262,0.3753487169742584,0.0,0.4067602753639221,0.6613644957542419,0.975892961025238,1.2797001600265503,1.5903337001800537,1.8591077327728271,2.0780029296875,2.08587646484375,2.4409139156341553,2.4756007194519043,1.7226266860961914,1.7683017253875732,1.4333586692810059,1.589255452156067,1.423400640487671,1.6632791757583618,1.717346429824829,1.7397375106811523,2.0799508094787598,2.0665392875671387,2.432678461074829,2.553722620010376,2.3974878787994385,2.708069324493408,2.6741724014282227,2.0823373794555664,2.151848316192627,1.8621383905410767,2.041994094848633,1.9180653095245361,2.166316509246826,2.2378041744232178,2.210245132446289,2.5415196418762207,2.443425416946411,2.7818334102630615,2.7761921882629395,2.5481834411621094,2.7114477157592773,2.741924285888672,2.585146427154541,2.6821258068084717,2.3858959674835205,2.62553334236145,2.491823196411133,2.7751011848449707,2.8115243911743164,2.8628101348876953,3.2030320167541504,3.222078561782837,3.558020830154419,3.8038394451141357,3.833770513534546,4.083747863769531,4.147066593170166,2.5892300605773926,2.5584585666656494,2.216353178024292,2.3804590702056885,2.1939117908477783,2.40771746635437,2.463231325149536,2.426710844039917,2.7393059730529785,2.636615753173828,3.0115270614624023,3.048078775405884,2.836487054824829,3.155060291290283,3.178495407104492
A6,1.5811316967010498,1.2329059839248657,0.991161048412323,0.6286685466766357,0.4067602753639221,0.0,0.3496303856372833,0.5827673077583313,0.9135481119155884,1.1939271688461304,1.4812906980514526,1.697571039199829,1.7016733884811401,2.0626983642578125,2.1183111667633057,1.7705438137054443,1.8110167980194092,1.5055843591690063,1.6227697134017944,1.468233346939087,1.6334749460220337,1.6864004135131836,1.6187388896942139,1.9478360414505005,1.8770173788070679,2.2311205863952637,2.311002254486084,2.1217358112335205,2.4090116024017334,2.370265245437622,2.196342706680298,2.2815561294555664,2.024923086166382,2.1936445236206055,2.0931177139282227,2.3018882274627686,2.3977575302124023,2.3187077045440674,2.6440682411193848,2.52268385887146,2.8380126953125,2.7761666774749756,2.5111641883850098,2.631878137588501,2.6529393196105957,2.76809024810791,2.892986536026001,2.6240596771240234,2.8697879314422607,2.762943744659424,3.031080484390259,3.0984504222869873,3.127091884613037,3.479785203933716,3.5114803314208984,3.8510489463806152,4.08738374710083,4.1411967277526855,4.392209529876709,4.462005138397217,2.8610780239105225,2.8704206943511963,2.5479495525360107,2.740382194519043,2.5765435695648193,2.8003063201904297,2.8670170307159424,2.8299715518951416,3.1434779167175293,3.0346055030822754,3.408867597579956,3.4364073276519775,3.212982654571533,3.521663188934326,3.5264670848846436
A7,1.9031200408935547,1.5517700910568237,1.2925761938095093,0.9514573812484741,0.6613644957542419,0.3496303856372833,0.0,0.3817342519760132,0.6398564577102661,0.9742256999015808,1.2275538444519043,1.4923259019851685,1.5664399862289429,1.9335157871246338,2.051262617111206,1.9121350049972534,1.8929319381713867,1.5760350227355957,1.6121141910552979,1.4094964265823364,1.5011056661605835,1.496546745300293,1.3787356615066528,1.676499605178833,1.566833257675171,1.9198670387268066,2.0122735500335693,1.8468822240829468,2.1519408226013184,2.1606128215789795,2.317631244659424,2.360865831375122,2.09330677986145,2.206209659576416,2.0782241821289062,2.231372117996216,2.309523582458496,2.1773178577423096,2.480375051498413,2.3262734413146973,2.622567653656006,2.5311508178710938,2.2607336044311523,2.377542734146118,2.428114891052246,2.885464668273926,2.9894871711730957,2.7183847427368164,2.9333584308624268,2.8175699710845947,3.0518481731414795,3.1260831356048584,3.113393783569336,3.471013307571411,3.4973840713500977,3.844191312789917,4.062386512756348,4.147348403930664,4.411691665649414,4.5052876472473145,3.0627260208129883,3.0745649337768555,2.7532529830932617,2.9354968070983887,2.779370069503784,2.9796152114868164,3.0623817443847656,2.994788885116577,3.3127028942108154,3.198451280593872,3.5712947845458984,3.564645528793335,3.332538366317749,3.632985830307007,3.627009868621826
A8,2.140434741973877,1.7784972190856934,1.5688790082931519,1.1927188634872437,0.975892961025238,0.5827673077583313,0.3817342519760132,0.0,0.3693937063217163,0.6161315441131592,0.9128062129020691,1.1590803861618042,1.2132314443588257,1.5840965509414673,1.717728853225708,1.9991458654403687,1.9951905012130737,1.7300570011138916,1.7555919885635376,1.5987961292266846,1.6321299076080322,1.6496537923812866,1.4525048732757568,1.725746512413025,1.5618481636047363,1.8806207180023193,1.9068007469177246,1.689855694770813,1.9477665424346924,1.933699607849121,2.4542322158813477,2.5256893634796143,2.301671266555786,2.4227805137634277,2.332913637161255,2.4670870304107666,2.575068950653076,2.4204540252685547,2.7173635959625244,2.560214042663574,2.83031964302063,2.6918163299560547,2.3897249698638916,2.4524013996124268,2.476741075515747,3.072335720062256,3.208392858505249,2.967747688293457,3.1975812911987305,3.1122958660125732,3.3441035747528076,3.4440197944641113,3.429074764251709,3.7924928665161133,3.8343613147735596,4.178035259246826,4.393701076507568,4.487579822540283,4.744781494140625,4.833348751068115,3.2954792976379395,3.3413264751434326,3.0387353897094727,3.2483036518096924,3.1093428134918213,3.328465223312378,3.4157750606536865,3.362473249435425,3.680971145629883,3.566725969314575,3.9398560523986816,3.9403300285339355,3.704608201980591,4.001016616821289,3.985915184020996
A9,2.4572532176971436,2.084242105484009,1.881656289100647,1.510420799255371,1.2797001600265503,0.9135481119155884,0.6398564577102661,0.3693937063217163,0.0,0.4035762548446655,0.5885169506072998,0.8785384297370911,1.028255581855774,1.3867477178573608,1.586902379989624,2.095243215560913,2.0405097007751465,1.7940258979797363,1.7472795248031616,1.583034873008728,1.5289924144744873,1.51716947555542,1.250968337059021,1.4763349294662476,1.2695376873016357,1.5604853630065918,1.5608969926834106,1.3421190977096558,1.6002418994903564,1.6226449012756348,2.528994083404541,2.57022762298584,2.359849691390991,2.4360110759735107,2.3476195335388184,2.427567720413208,2.540104866027832,2.3433620929718018,2.6172375679016113,2.449035167694092,2.6853766441345215,2.5028045177459717,2.181476593017578,2.2064828872680664,2.2325210571289062,3.1468825340270996,3.2749013900756836,3.049895763397217,3.258023738861084,3.184330940246582,3.3853917121887207,3.506737470626831,3.461803674697876,3.828781843185425,3.8811769485473633,4.222914218902588,4.423427581787109,4.544487476348877,4.8019938468933105,4.902891635894775,3.463010311126709,3.5260324478149414,3.237027168273926,3.451493978500366,3.335003614425659,3.5463850498199463,3.6592395305633545,3.595337152481079,3.9240610599517822,3.8198301792144775,4.192090034484863,4.16996431350708,3.938962936401367,4.234964847564697,4.22166109085083
A10,2.714109420776367,2.345142126083374,2.168844699859619,1.7831145524978638,1.5903337001800537,1.1939271688461304,0.9742256999015808,0.6161315441131592,0.4035762548446655,0.0,0.37415677309036255,0.6269805431365967,0.7499845027923584,1.1026183366775513,1.339648962020874,2.3285014629364014,2.3018877506256104,2.099813938140869,2.064089298248291,1.938738226890564,1.8617972135543823,1.8655494451522827,1.5633100271224976,1.7463147640228271,1.4954432249069214,1.725324034690857,1.6529853343963623,1.3894563913345337,1.5612058639526367,1.558342695236206,2.7985055446624756,2.8695831298828125,2.692598581314087,2.783284902572632,2.7205638885498047,2.795435905456543,2.9220168590545654,2.7164089679718018,2.9807560443878174,2.8072338104248047,3.0225861072540283,2.8109071254730225,2.4787893295288086,2.4629292488098145,2.4716806411743164,3.4482483863830566,3.602238416671753,3.397847890853882,3.619814872741699,3.563753843307495,3.76800537109375,3.8996946811676025,3.857297420501709,4.225461006164551,4.282378196716309,4.6229143142700195,4.822302341461182,4.945664405822754,5.200348854064941,5.297402381896973,3.771338939666748,3.8539247512817383,3.574533224105835,3.8045029640197754,3.6898133754730225,3.9139761924743652,4.0177106857299805,3.9625988006591797,4.285532474517822,4.171713829040527,4.543944358825684,4.53127384185791,4.290247917175293,4.578660011291504,4.550879955291748
A11,2.990809917449951,2.6112546920776367,2.4421751499176025,2.0607259273529053,1.8591077327728271,1.4812906980514526,1.2275538444519043,0.9128062129020691,0.5885169506072998,0.37415677309036255,0.0,0.3827199935913086,0.6789849400520325,0.9683297276496887,1.2779885530471802,2.4124746322631836,2.341247797012329,2.163133144378662,2.068911075592041,1.949195146560669,1.801411747932434,1.7892893552780151,1.4430363178253174,1.5645973682403564,1.2903294563293457,1.459792137145996,1.3363007307052612,1.0606176853179932,1.2058777809143066,1.2407243251800537,2.851720094680786,2.894986867904663,2.7361621856689453,2.787890672683716,2.7334084510803223,2.761206865310669,2.8956518173217773,2.6617298126220703,2.9023265838623047,2.7307088375091553,2.9092586040496826,2.6587486267089844,2.3119993209838867,2.2490463256835938,2.2473270893096924,3.491441011428833,3.6377885341644287,3.4522557258605957,3.654176712036133,3.6131319999694824,3.7892186641693115,3.942497730255127,3.877206325531006,4.245729923248291,4.316504955291748,4.650803089141846,4.836918830871582,4.982608318328857,5.2325286865234375,5.336978912353516,3.8978044986724854,3.9970571994781494,3.7332825660705566,3.9687585830688477,3.8780148029327393,4.097522735595703,4.227420806884766,4.16762638092041,4.501853942871094,4.402841091156006,4.774580001831055,4.74433708190918,4.513119220733643,4.805044174194336,4.785238742828369
A12,3.1189801692962646,2.73542857170105,2.6153204441070557,2.227430820465088,2.0780029296875,1.697571039199829,1.4923259019851685,1.1590803861618042,0.8785384297370911,0.6269805431365967,0.3827199935913086,0.0,0.37578901648521423,0.59980309009552,0.9301729798316956,2.3814280033111572,2.325773239135742,2.20993971824646,2.1243724822998047,2.06901478767395,1.910285234451294,1.9566415548324585,1.6093116998672485,1.7321460247039795,1.4970873594284058,1.6138008832931519,1.4065824747085571,1.061639428138733,1.0884281396865845,1.0158761739730835,2.83589243888855,2.906402349472046,2.798642873764038,2.8686482906341553,2.8642029762268066,2.896031618118286,3.070955991744995,2.853304624557495,3.102710247039795,2.9646334648132324,3.130614995956421,2.8634824752807617,2.4951300621032715,2.3784286975860596,2.312394142150879,3.499519109725952,3.6770668029785156,3.5287868976593018,3.7487151622772217,3.7460031509399414,3.92771577835083,4.109425067901611,4.060658931732178,4.432067394256592,4.529666900634766,4.852991104125977,5.045670032501221,5.186631679534912,5.416497707366943,5.5017924308776855,3.9429123401641846,4.077156066894531,3.840082883834839,4.104087829589844,4.04056978225708,4.284360885620117,4.429836273193359,4.397253513336182,4.740748405456543,4.6603474617004395,5.034746170043945,5.020263195037842,4.802566051483154,5.105682849884033,5.098712921142578
A13,3.0200815200805664,2.6444239616394043,2.567925214767456,2.176922559738159,2.08587646484375,1.7016733884811401,1.5664399862289429,1.2132314443588257,1.028255581855774,0.7499845027923584,0.6789849400520325,0.37578901648521423,0.0,0.3714999258518219,0.6076052188873291,2.2884559631347656,2.286921501159668,2.2093992233276367,2.179896116256714,2.1745381355285645,2.062554121017456,2.1647024154663086,1.8475412130355835,2.0180230140686035,1.8198460340499878,1.9542322158813477,1.7398215532302856,1.3717018365859985,1.3592265844345093,1.1819884777069092,2.7823548316955566,2.9017577171325684,2.8252859115600586,2.942974328994751,2.974512815475464,3.046905040740967,3.24843168258667,3.0653538703918457,3.3404860496520996,3.226146936416626,3.411496162414551,3.160733222961426,2.7860429286956787,2.6680996417999268,2.5647788047790527,3.4747941493988037,3.6868388652801514,3.5567049980163574,3.8085718154907227,3.8272147178649902,4.036185264587402,4.22481107711792,4.208352088928223,4.581766128540039,4.691096782684326,5.009982109069824,5.218828201293945,5.3378729820251465,5.554227828979492,5.616848468780518,3.8811593055725098,4.033914566040039,3.8096468448638916,4.094611644744873,4.037272930145264,4.3059186935424805,4.444665908813477,4.440341472625732,4.782400131225586,4.707671642303467,5.0836591720581055,5.096714973449707,4.884178638458252,5.193765163421631,5.192215442657471
A14,3.324763298034668,2.9514150619506836,2.900618553161621,2.5131213665008545,2.4409139156341553,2.0626983642578125,1.9335157871246338,1.5840965509414673,1.3867477178573608,1.1026183366775513,0.9683297276496887,0.59980309009552,0.3714999258518219,0.0,0.40090081095695496,2.4731383323669434,2.4708571434020996,2.4419615268707275,2.4006001949310303,2.4295380115509033,2.2913968563079834,2.408994436264038,2.083733558654785,2.2216432094573975,2.031214714050293,2.109173536300659,1.8399745225906372,1.4604532718658447,1.3426258563995361,1.1075799465179443,2.956434488296509,3.083789825439453,3.04632830619812,3.1598217487335205,3.219896078109741,3.27642822265625,3.496894598007202,3.3116250038146973,3.5771541595458984,3.476579427719116,3.638824462890625,3.365985631942749,2.9825003147125244,2.8210220336914062,2.684183359146118,3.650040864944458,3.8777475357055664,3.7782344818115234,4.0315399169921875,4.076045036315918,4.276827812194824,4.485875606536865,4.469536304473877,4.842296600341797,4.968266010284424,5.278659820556641,5.484808444976807,5.6093974113464355,5.813609600067139,5.868762016296387,4.09885835647583,4.2767157554626465,4.074371814727783,4.374541759490967,4.337584018707275,4.6159796714782715,4.767113208770752,4.774251461029053,5.121469020843506,5.057150840759277,5.433318138122559,5.449092388153076,5.243177890777588,5.556402206420898,5.559319019317627
A15,3.2222495079040527,2.8615379333496094,2.862959861755371,2.487572193145752,2.4756007194519043,2.1183111667633057,2.051262617111206,1.717728853225708,1.586902379989624,1.339648962020874,1.2779885530471802,0.9301729798316956,0.6076052188873291,0.40090081095695496,0.0,2.3232107162475586,2.367302656173706,2.3887407779693604,2.394686460494995,2.478433609008789,2.380901336669922,2.553147315979004,2.263921022415161,2.4440736770629883,2.300076961517334,2.3977885246276855,2.1314585208892822,1.7387770414352417,1.6206666231155396,1.3116896152496338,2.8236217498779297,2.994110345840454,2.996898651123047,3.15098237991333,3.252338409423828,3.343383312225342,3.5930535793304443,3.445880889892578,3.7345900535583496,3.6663382053375244,3.844841957092285,3.5901029109954834,3.200446605682373,3.036468505859375,2.8584542274475098,3.5303635597229004,3.7903194427490234,3.7175426483154297,3.9976413249969482,4.070023059844971,4.2923583984375,4.513123989105225,4.529413223266602,4.901238441467285,5.044948101043701,5.345487594604492,5.566773414611816,5.66954231262207,5.854129791259766,5.883286952972412,3.9553747177124023,4.15671443939209,3.9773380756378174,4.298972129821777,4.279537200927734,4.581521034240723,4.7354302406311035,4.7745041847229,5.123018741607666,5.075193881988525,5.450509071350098,5.491893291473389,5.3008270263671875,5.624162197113037,5.64169979095459
B1,1.7395384311676025,1.4647314548492432,1.6453988552093506,1.542359471321106,1.7226266860961914,1.7705438137054443,1.9121350049972534,1.9991458654403687,2.095243215560913,2.3285014629364014,2.4124746322631836,2.3814280033111572,2.2884559631347656,2.4731383323669434,2.3232107162475586,0.0,0.36883601546287537,0.6008442044258118,0.9059157967567444,1.216207504272461,1.453354001045227,1.8082274198532104,1.9136778116226196,2.264064073562622,2.450103521347046,2.696453094482422,2.6773324012756348,2.449436902999878,2.6300594806671143,2.407729387283325,0.5707932114601135,0.8639640212059021,0.9515891671180725,1.2937507629394531,1.5438621044158936,1.8300542831420898,2.149502754211426,2.266871452331543,2.6326489448547363,2.760831594467163,3.029369354248047,2.989588499069214,2.6924757957458496,2.6768834590911865,2.443925142288208,1.2833393812179565,1.577431082725525,1.5313609838485718,1.8880091905593872,2.034013032913208,2.3347458839416504,2.568662643432617,2.729426383972168,3.063452959060669,3.2704734802246094,3.506218671798706,3.7824723720550537,3.7818551063537598,3.884843587875366,3.8236124515533447,1.6439343690872192,1.8761245012283325,1.7712510824203491,2.1368021965026855,2.2384228706359863,2.579843282699585,2.8232924938201904,2.967548370361328,3.3394484519958496,3.433960437774658,3.7770814895629883,3.864058256149292,3.8093371391296387,4.184769153594971,4.3316264152526855
B2,1.9490517377853394,1.6589488983154297,1.7731064558029175,1.6592389345169067,1.7683017253875732,1.8110167980194092,1.8929319381713867,1.9951905012130737,2.0405097007751465,2.3018877506256104,2.341247797012329,2.325773239135742,2.286921501159668,2.4708571434020996,2.367302656173706,0.36883601546287537,0.0,0.39698526263237,0.5925567746162415,0.9447484016418457,1.1519659757614136,1.5173611640930176,1.6512449979782104,1.9823700189590454,2.2061192989349365,2.4351584911346436,2.4322450160980225,2.2396459579467773,2.4376988410949707,2.2481532096862793,0.5139994621276855,0.6453672647476196,0.7142716646194458,0.9940078258514404,1.2589119672775269,1.506711721420288,1.844389796257019,1.9516838788986206,2.3092472553253174,2.4536728858947754,2.7052764892578125,2.6603426933288574,2.365670680999756,2.3419065475463867,2.1002464294433594,1.188420057296753,1.4301815032958984,1.3745629787445068,1.690561294555664,1.837671160697937,2.1023199558258057,2.3595550060272217,2.4865124225616455,2.8283231258392334,3.045933485031128,3.2827296257019043,3.5458836555480957,3.572985887527466,3.6816446781158447,3.6401138305664062,1.7138797044754028,1.9292659759521484,1.8199316263198853,2.159479856491089,2.272676706314087,2.582111358642578,2.853261709213257,2.9662578105926514,3.3493127822875977,3.4496190547943115,3.7922844886779785,3.845477819442749,3.7942569255828857,4.169820308685303,4.320176124572754
B3,1.7608444690704346,1.4477756023406982,1.489250659942627,1.3723355531692505,1.4333586692810059,1.5055843591690063,1.5760350227355957,1.7300570011138916,1.7940258979797363,2.099813938140869,2.163133144378662,2.20993971824646,2.2093992233276367,2.4419615268707275,2.3887407779693604,0.6008442044258118,0.39698526263237,0.0,0.3775794804096222,0.626775324344635,0.9164531826972961,1.2458009719848633,1.404937505722046,1.7586994171142578,1.9706368446350098,2.2383670806884766,2.2852272987365723,2.120420217514038,2.3720529079437256,2.2381253242492676,0.7757866382598877,0.797051191329956,0.6397157311439514,0.8890140056610107,1.0394965410232544,1.3105381727218628,1.6043992042541504,1.6905816793441772,2.0619282722473145,2.169271469116211,2.4483776092529297,2.4206676483154297,2.139219045639038,2.1701531410217285,1.9945917129516602,1.353776216506958,1.5158063173294067,1.3551015853881836,1.6439529657363892,1.7072467803955078,1.9772793054580688,2.193140983581543,2.293067693710327,2.64933705329895,2.829801321029663,3.0960562229156494,3.3563358783721924,3.3944928646087646,3.5412607192993164,3.5330593585968018,1.7786304950714111,1.9193452596664429,1.735920786857605,2.0357472896575928,2.0928401947021484,2.3780455589294434,2.6310372352600098,2.704472541809082,3.0892512798309326,3.1620054244995117,3.513796806335449,3.5483124256134033,3.4745006561279297,3.8454458713531494,3.981330633163452
B4,2.0885534286499023,1.7676784992218018,1.7516459226608276,1.6084542274475098,1.589255452156067,1.6227697134017944,1.6121141910552979,1.7555919885635376,1.7472795248031616,2.064089298248291,2.068911075592041,2.1243724822998047,2.179896116256714,2.4006001949310303,2.394686460494995,0.9059157967567444,0.5925567746162415,0.3775794804096222,0.0,0.37610122561454773,0.578663170337677,0.931577742099762,1.1123135089874268,1.4389169216156006,1.690627932548523,1.932771921157837,1.9920445680618286,1.86648428440094,2.132166624069214,2.0379092693328857,0.980125904083252,0.8713067770004272,0.6953864097595215,0.7663602828979492,0.8848544359207153,1.0599504709243774,1.3714821338653564,1.4100444316864014,1.7701940536499023,1.882685899734497,2.1365387439727783,2.083775281906128,1.7910864353179932,1.802960991859436,1.6192518472671509,1.4701168537139893,1.5743801593780518,1.4168349504470825,1.6348289251327515,1.689225673675537,1.89850652217865,2.135651111602783,2.179337501525879,2.543529987335205,2.7297720909118652,2.9993629455566406,3.238015651702881,3.3153982162475586,3.4720683097839355,3.4910380840301514,2.0199739933013916,2.1507060527801514,1.973647117614746,2.241088390350342,2.3034861087799072,2.549987554550171,2.8195760250091553,2.856537103652954,3.2449066638946533,3.315023422241211,3.663987159729004,3.6619367599487305,3.5849156379699707,3.949902296066284,4.081277847290039
B5,2.0937814712524414,1.768538236618042,1.6705690622329712,1.5232820510864258,1.423400640487671,1.468233346939087,1.4094964265823364,1.5987961292266846,1.583034873008728,1.938738226890564,1.949195146560669,2.06901478767395,2.1745381355285645,2.4295380115509033,2.478433609008789,1.216207504272461,0.9447484016418457,0.626775324344635,0.37610122561454773,0.0,0.3804326355457306,0.6356893181800842,0.8672397136688232,1.202586054801941,1.447846531867981,1.7241462469100952,1.8453949689865112,1.767999291419983,2.085340738296509,2.0604002475738525,1.3066065311431885,1.16276216506958,0.8839932084083557,0.8603081107139587,0.8019409775733948,0.9353929162025452,1.1700836420059204,1.1497056484222412,1.516363501548767,1.5774401426315308,1.8550959825515747,1.8128817081451416,1.5348527431488037,1.6100102663040161,1.5132379531860352,1.7287876605987549,1.7691246271133423,1.5439443588256836,1.7084919214248657,1.6795246601104736,1.8651713132858276,2.0571231842041016,2.052516460418701,2.425175428390503,2.570189952850342,2.8670904636383057,3.0927302837371826,3.1919593811035156,3.3869571685791016,3.4447901248931885,2.207315683364868,2.2786054611206055,2.0525519847869873,2.269228935241699,2.2813782691955566,2.487400531768799,2.7369847297668457,2.72464656829834,3.1080760955810547,3.148763656616211,3.5010688304901123,3.4700658321380615,3.3696584701538086,3.7242515087127686,3.8379337787628174
B6,2.4489777088165283,2.109013557434082,1.9948819875717163,1.8046939373016357,1.6632791757583618,1.6334749460220337,1.5011056661605835,1.6321299076080322,1.5289924144744873,1.8617972135543823,1.801411747932434,1.910285234451294,2.062554121017456,2.2913968563079834,2.380901336669922,1.453354001045227,1.1519659757614136,0.9164531826972961,0.578663170337677,0.3804326355457306,0.0,0.3789486289024353,0.565967857837677,0.8679981827735901,1.1480287313461304,1.3854968547821045,1.498106598854065,1.4497244358062744,1.7700903415679932,1.7816373109817505,1.5485323667526245,1.384223222732544,1.1656404733657837,1.0598781108856201,1.003043293952942,0.9896189570426941,1.216905951499939,1.0962570905685425,1.4223718643188477,1.46188223361969,1.6903871297836304,1.5780397653579712,1.254003882408142,1.27203369140625,1.1581722497940063,1.9665025472640991,1.9995367527008057,1.8099702596664429,1.9327648878097534,1.9167944192886353,2.0449728965759277,2.255645275115967,2.199888229370117,2.568960189819336,2.7175238132476807,3.011054277420044,3.2106010913848877,3.347540855407715,3.5463602542877197,3.6244330406188965,2.534384250640869,2.622023582458496,2.412776231765747,2.6245179176330566,2.644139289855957,2.833650588989258,3.0871541500091553,3.0552000999450684,3.435534954071045,3.4678008556365967,3.8174068927764893,3.763309955596924,3.6537728309631348,3.998427391052246,4.099602699279785
B7,2.6178786754608154,2.284850597381592,2.1119308471679688,1.9254964590072632,1.717346429824829,1.6864004135131836,1.496546745300293,1.6496537923812866,1.51716947555542,1.8655494451522827,1.7892893552780151,1.9566415548324585,2.1647024154663086,2.408994436264038,2.553147315979004,1.8082274198532104,1.5173611640930176,1.2458009719848633,0.931577742099762,0.6356893181800842,0.3789486289024353,0.0,0.3856425881385803,0.6142330765724182,0.9106899499893188,1.1644973754882812,1.364395260810852,1.4032871723175049,1.7666566371917725,1.8647396564483643,1.8950488567352295,1.7040677070617676,1.442400574684143,1.2788077592849731,1.1135045289993286,1.0150854587554932,1.1293411254882812,0.9031956195831299,1.1902116537094116,1.154331088066101,1.3832632303237915,1.2581084966659546,0.9422536492347717,1.0362036228179932,1.0517266988754272,2.2602107524871826,2.2450058460235596,2.0204672813415527,2.0894203186035156,2.0141844749450684,2.099626064300537,2.270566463470459,2.1570184230804443,2.5200765132904053,2.6294898986816406,2.939291477203369,3.114182710647583,3.2815065383911133,3.5121304988861084,3.6296892166137695,2.7943215370178223,2.8412861824035645,2.6063199043273926,2.773355484008789,2.7599713802337646,2.906092882156372,3.1431238651275635,3.064700126647949,3.4332170486450195,3.4409966468811035,3.7855045795440674,3.6972384452819824,3.5694854259490967,3.8971269130706787,3.980161428451538
B8,2.7514145374298096,2.3934645652770996,2.213409185409546,1.9671984910964966,1.7397375106811523,1.6187388896942139,1.3787356615066528,1.4525048732757568,1.250968337059021,1.5633100271224976,1.4430363178253174,1.6093116998672485,1.8475412130355835,2.083733558654785,2.263921022415161,1.9136778116226196,1.6512449979782104,1.404937505722046,1.1123135089874268,0.8672397136688232,0.565967857837677,0.3856425881385803,0.0,0.38302066922187805,0.585807204246521,0.8637674450874329,1.0264278650283813,1.038550853729248,1.415442943572998,1.5390625,2.088911771774292,1.9475045204162598,1.7216033935546875,1.6033852100372314,1.4784419536590576,1.3912564516067505,1.509169101715088,1.2542109489440918,1.4976415634155273,1.4039853811264038,1.5916093587875366,1.3871841430664062,1.0242725610733032,1.0347405672073364,1.0509241819381714,2.532339096069336,2.5574162006378174,2.351593017578125,2.447331428527832,2.3873214721679688,2.4819729328155518,2.655158758163452,2.540210247039795,2.9018449783325195,3.003059148788452,3.316441059112549,3.4846255779266357,3.659156322479248,3.8945670127868652,4.0150628089904785,3.0729854106903076,3.1395103931427,2.9002442359924316,3.086843967437744,3.0596344470977783,3.221611261367798,3.439664840698242,3.36012601852417,3.7244298458099365,3.7074854373931885,4.060135364532471,3.976492404937744,3.8230979442596436,4.142827033996582,4.201244831085205
B9,3.120814085006714,2.7669901847839355,2.572554349899292,2.3291051387786865,2.0799508094787598,1.9478360414505005,1.676499605178833,1.725746512413025,1.4763349294662476,1.7463147640228271,1.5645973682403564,1.7321460247039795,2.0180230140686035,2.2216432094573975,2.4440736770629883,2.264064073562622,1.9823700189590454,1.7586994171142578,1.4389169216156006,1.202586054801941,0.8679981827735901,0.6142330765724182,0.38302066922187805,0.0,0.38871192932128906,0.5546239614486694,0.7994678020477295,0.9526516795158386,1.3287330865859985,1.541994333267212,2.4046177864074707,2.2325026988983154,2.017853021621704,1.8455605506896973,1.702144980430603,1.5335537195205688,1.6056606769561768,1.290014386177063,1.4449079036712646,1.3149224519729614,1.4245120286941528,1.1481719017028809,0.7680677771568298,0.7306838035583496,0.8391609787940979,2.8047854900360107,2.8025436401367188,2.6067771911621094,2.658585786819458,2.5915260314941406,2.6358604431152344,2.807053327560425,2.6464531421661377,2.9924042224884033,3.0850393772125244,3.3913369178771973,3.5294463634490967,3.73763108253479,3.979854106903076,4.124858856201172,3.387855291366577,3.4498279094696045,3.2175607681274414,3.385997772216797,3.362278461456299,3.4987521171569824,3.7211365699768066,3.6187987327575684,3.976240396499634,3.95548152923584,4.29887580871582,4.188029766082764,4.032724380493164,4.338613510131836,4.388857364654541
B10,3.2017855644226074,2.8387656211853027,2.620553731918335,2.3429534435272217,2.0665392875671387,1.8770173788070679,1.566833257675171,1.5618481636047363,1.2695376873016357,1.4954432249069214,1.2903294563293457,1.4970873594284058,1.8198460340499878,2.031214714050293,2.300076961517334,2.450103521347046,2.2061192989349365,1.9706368446350098,1.690627932548523,1.447846531867981,1.1480287313461304,0.9106899499893188,0.585807204246521,0.38871192932128906,0.0,0.37182149291038513,0.6320627927780151,0.7880821824073792,1.180482268333435,1.4470252990722656,2.6610918045043945,2.5271241664886475,2.3069047927856445,2.1731796264648438,2.0232627391815186,1.8868046998977661,1.9392609596252441,1.615084171295166,1.7578712701797485,1.5674469470977783,1.6737195253372192,1.383732795715332,1.042320966720581,1.0134979486465454,1.1594003438949585,3.1132900714874268,3.1318657398223877,2.924471378326416,2.9969615936279297,2.9156644344329834,2.9777743816375732,3.128878593444824,2.9680979251861572,3.314379930496216,3.381741523742676,3.7009191513061523,3.8363118171691895,4.044751167297363,4.3038010597229,4.458248615264893,3.6550815105438232,3.7120132446289062,3.4593136310577393,3.628580331802368,3.574700355529785,3.7136456966400146,3.907221794128418,3.7919418811798096,4.13908052444458,4.085538387298584,4.43427848815918,4.323647975921631,4.137965202331543,4.430333614349365,4.451125621795654
B11,3.5551040172576904,3.188957691192627,2.9825470447540283,2.7009758949279785,2.432678461074829,2.2311205863952637,1.9198670387268066,1.8806207180023193,1.5604853630065918,1.725324034690857,1.459792137145996,1.6138008832931519,1.9542322158813477,2.109173536300659,2.3977885246276855,2.696453094482422,2.4351584911346436,2.2383670806884766,1.932771921157837,1.7241462469100952,1.3854968547821045,1.1644973754882812,0.8637674450874329,0.5546239614486694,0.37182149291038513,0.0,0.3858889043331146,0.7093023657798767,1.0413663387298584,1.3756217956542969,2.8844337463378906,2.7364258766174316,2.5474164485931396,2.385582685470581,2.255514144897461,2.072779893875122,2.128429412841797,1.7887446880340576,1.8772432804107666,1.6983929872512817,1.7287302017211914,1.3834342956542969,1.0498619079589844,0.9131804704666138,1.059793472290039,3.3188669681549072,3.3331239223480225,3.152369499206543,3.2046446800231934,3.142137050628662,3.1729135513305664,3.3412439823150635,3.160071849822998,3.495074510574341,3.573580503463745,3.8782565593719482,3.9943645000457764,4.224134922027588,4.474581241607666,4.635539531707764,3.9190926551818848,3.99147367477417,3.756855010986328,3.929953098297119,3.894505023956299,4.029720306396484,4.236863136291504,4.120682239532471,4.469110012054443,4.423712730407715,4.767550468444824,4.645870208740234,4.466711044311523,4.7549920082092285,4.776776313781738
B12,3.654805898666382,3.275967836380005,3.100879192352295,2.792186737060547,2.553722620010376,2.311002254486084,2.0122735500335693,1.9068007469177246,1.5608969926834106,1.6529853343963623,1.3363007307052612,1.4065824747085571,1.7398215532302856,1.8399745225906372,2.1314585208892822,2.6773324012756348,2.4322450160980225,2.2852272987365723,1.9920445680618286,1.8453949689865112,1.498106598854065,1.364395260810852,1.0264278650283813,0.7994678020477295,0.6320627927780151,0.3858889043331146,0.0,0.3961665630340576,0.6653485298156738,1.0238418579101562,2.8989875316619873,2.784457206726074,2.6422815322875977,2.5114760398864746,2.43634033203125,2.2743046283721924,2.3822779655456543,2.0681824684143066,2.181560754776001,2.0397605895996094,2.0681650638580322,1.7155100107192993,1.362665057182312,1.1437628269195557,1.1608706712722778,3.3773112297058105,3.430060863494873,3.282517910003662,3.363738536834717,3.339351177215576,3.3870046138763428,3.583007574081421,3.425299882888794,3.7668943405151367,3.8696541786193848,4.1671648025512695,4.293571949005127,4.5144500732421875,4.747304916381836,4.887983322143555,4.009148597717285,4.115062713623047,3.8977482318878174,4.102382659912109,4.0834059715271,4.247640609741211,4.461126804351807,4.369861125946045,4.726646423339844,4.687849521636963,5.039393901824951,4.937209129333496,4.759540557861328,5.057083606719971,5.0813188552856445
B13,3.468510627746582,3.081509590148926,2.9349138736724854,2.6032187938690186,2.3974878787994385,2.1217358112335205,1.8468822240829468,1.689855694770813,1.3421190977096558,1.3894563913345337,1.0606176853179932,1.061639428138733,1.3717018365859985,1.4604532718658447,1.7387770414352417,2.449436902999878,2.2396459579467773,2.120420217514038,1.86648428440094,1.767999291419983,1.4497244358062744,1.4032871723175049,1.038550853729248,0.9526516795158386,0.7880821824073792,0.7093023657798767,0.3961665630340576,0.0,0.40104469656944275,0.6828586459159851,2.72737979888916,2.6622672080993652,2.5473878383636475,2.472688674926758,2.4403350353240967,2.3339123725891113,2.488133430480957,2.2111735343933105,2.3804476261138916,2.2630221843719482,2.337191581726074,2.0096335411071777,1.632568359375,1.4215576648712158,1.3530986309051514,3.265181303024292,3.3616740703582764,3.228531837463379,3.3545637130737305,3.3544299602508545,3.442068099975586,3.6510982513427734,3.532061815261841,3.8867392539978027,4.0040669441223145,4.3045334815979,4.454979419708252,4.650693416595459,4.872614860534668,4.988213062286377,3.8795316219329834,4.008024215698242,3.7962164878845215,4.029585838317871,4.0139851570129395,4.209959983825684,4.418530464172363,4.354307651519775,4.716504096984863,4.679000377655029,5.040002822875977,4.966422080993652,4.786834239959717,5.0954132080078125,5.121816158294678
