,A1,A2,A3,A4,A5,A6,A7,A8,A9,A10,A11,A12,A13,A14,A15,B1,B2,B3,B4,B5,B6,B7,B8,B9,B10,B11,B12,B13,B14,B15,C1,C2,C3,C4,C5,C6,C7,C8,C9,C10,C11,C12,C13,C14,C15,D1,D2,D3,D4,D5,D6,D7,D8,D9,D10,D11,D12,D13,D14,D15,E1,E2,E3,E4,E5,E6,E7,E8,E9,E10,E11,E12,E13,E14,E15
A1,0.0,0.40505367517471313,0.5907117128372192,0.9188260436058044,1.2152273654937744,1.522390604019165,1.8232474327087402,2.000164031982422,2.366007089614868,2.446096420288086,2.8147971630096436,2.911073923110962,2.7399134635925293,3.0787010192871094,2.932013511657715,1.0816518068313599,1.1557035446166992,1.1377925872802734,1.4267576932907104,1.548932433128357,1.882360577583313,2.191953420639038,2.3966875076293945,2.7571911811828613,2.885519027709961,3.2430427074432373,3.300057888031006,3.1363325119018555,3.456118106842041,3.3363893032073975,1.6639878749847412,1.6986181735992432,1.5855309963226318,1.8178954124450684,1.8249579668045044,2.181830883026123,2.3726508617401123,2.6559319496154785,2.9636998176574707,3.1698906421661377,3.479912757873535,3.570612668991089,3.4288692474365234,3.748542547225952,3.6534833908081055,2.1464200019836426,2.164510488510132,1.9762955904006958,2.189760446548462,2.1101372241973877,2.479748487472534,2.5932841300964355,2.9397354125976562,3.191197395324707,3.4664039611816406,3.7417469024658203,3.8699333667755127,3.7692127227783203,4.101655006408691,4.039046287536621,2.617304563522339,2.5673835277557373,2.2884879112243652,2.4024746417999268,2.1460132598876953,2.414055585861206,2.2397634983062744,2.422098159790039,2.5319018363952637,2.4084389209747314,2.6785717010498047,2.927381992340088,2.743507146835327,2.984083890914917,2.8520212173461914
A2,0.40505367517471313,0.0,0.3954126536846161,0.6104802489280701,0.9658350348472595,1.261114239692688,1.5967143774032593,1.8072904348373413,2.176771640777588,2.313835620880127,2.6691558361053467,2.7676517963409424,2.6413817405700684,3.000446081161499,2.90102219581604,1.3300895690917969,1.2980709075927734,1.2593547105789185,1.4567782878875732,1.530902624130249,1.8255380392074585,2.121995210647583,2.33809494972229,2.678349018096924,2.848459243774414,3.184767723083496,3.236741304397583,3.108029842376709,3.446556329727173,3.3617937564849854,1.9415760040283203,1.9110783338546753,1.7850942611694336,1.9491865634918213,1.9137215614318848,2.2377333641052246,2.3912830352783203,2.6810519695281982,2.9551620483398438,3.1938676834106445,3.47491192817688,3.561910629272461,3.449038028717041,3.783721685409546,3.719944477081299,2.440290689468384,2.4121663570404053,2.21826434135437,2.3791685104370117,2.264298915863037,2.605802536010742,2.678250551223755,3.032407283782959,3.245783567428589,3.5488955974578857,3.7957534790039062,3.92387056350708,3.8486199378967285,4.18733024597168,4.153216361999512,2.9338431358337402,2.8535025119781494,2.578972578048706,2.6524767875671387,2.3766462802886963,2.613994598388672,2.3963894844055176,2.583859443664551,2.639824628829956,2.515122175216675,2.742594003677368,3.0278990268707275,2.8729517459869385,3.091153144836426,2.966494560241699
A3,0.5907117128372192,0.3954126536846161,0.0,0.38611409068107605,0.6307235360145569,0.9650596380233765,1.258005142211914,1.4806926250457764,1.839195728302002,1.9690124988555908,2.3199784755706787,2.445244789123535,2.3275067806243896,2.6893107891082764,2.606342315673828,1.1696847677230835,1.0451455116271973,0.9505069255828857,1.092642903327942,1.1447423696517944,1.4311150312423706,1.7282252311706543,1.9436907768249512,2.283449649810791,2.4564931392669678,2.791208267211914,2.8506596088409424,2.730952739715576,3.0765368938446045,3.008094072341919,1.7425357103347778,1.646374225616455,1.506529450416565,1.6182247400283813,1.570786476135254,1.8734875917434692,2.0259649753570557,2.305043935775757,2.5738914012908936,2.8133788108825684,3.0890684127807617,3.170625925064087,3.062401294708252,3.400826930999756,3.3487977981567383,2.2373342514038086,2.1605467796325684,1.9734057188034058,2.091269016265869,1.974159598350525,2.2963411808013916,2.3670566082000732,2.7096095085144043,2.910909414291382,3.2146987915039062,3.4497971534729004,3.56406831741333,3.488713264465332,3.824744462966919,3.798778533935547,2.756592035293579,2.649171829223633,2.399221420288086,2.449080228805542,2.1870856285095215,2.4266135692596436,2.212102174758911,2.445216178894043,2.493582248687744,2.4223899841308594,2.6372671127319336,2.935492515563965,2.8252060413360596,3.070665121078491,2.99605393409729
A4,0.9188260436058044,0.6104802489280701,0.38611409068107605,0.0,0.40020519495010376,0.6555985808372498,1.0046632289886475,1.2329157590866089,1.5963490009307861,1.776508092880249,2.1133196353912354,2.222107410430908,2.143970012664795,2.518340587615967,2.4787137508392334,1.406943678855896,1.2096675634384155,1.1539559364318848,1.1803903579711914,1.2180484533309937,1.4179967641830444,1.7068562507629395,1.8969300985336304,2.210388422012329,2.4091174602508545,2.7180280685424805,2.7510526180267334,2.6567306518554688,3.0086333751678467,2.966186285018921,1.9977821111679077,1.8586673736572266,1.7483391761779785,1.7958972454071045,1.7441623210906982,1.9923917055130005,2.1233744621276855,2.3786168098449707,2.6126959323883057,2.8658952713012695,3.1105153560638428,3.1675901412963867,3.074946880340576,3.41412615776062,3.3822154998779297,2.5124924182891846,2.4110617637634277,2.249260187149048,2.3283355236053467,2.210549831390381,2.499555826187134,2.5493037700653076,2.8785531520843506,3.0444774627685547,3.3596243858337402,3.564002752304077,3.659675359725952,3.594442129135132,3.9228739738464355,3.9127020835876465,3.062758207321167,2.9487133026123047,2.7207107543945312,2.756450891494751,2.5020015239715576,2.7291488647460938,2.5011987686157227,2.746107816696167,2.76223087310791,2.7035253047943115,2.8851583003997803,3.205010414123535,3.1208949089050293,3.353680372238159,3.2885537147521973
A5,1.2152273654937744,0.9658350348472595,0.6307235360145569,0.40020519495010376,0.0,0.38559749722480774,0.6450014114379883,0.9272676706314087,1.2644692659378052,1.4614700078964233,1.7795737981796265,1.931388258934021,1.8857558965682983,2.263969898223877,2.262660503387451,1.4632256031036377,1.1848067045211792,1.069152593612671,0.9704113006591797,0.9380062222480774,1.0730798244476318,1.3393795490264893,1.5299954414367676,1.8268669843673706,2.0457680225372314,2.3406763076782227,2.385284423828125,2.318317413330078,2.6825475692749023,2.67362642288208,1.966072678565979,1.7573840618133545,1.6337552070617676,1.5977351665496826,1.517903208732605,1.709707260131836,1.8167612552642822,2.053300142288208,2.262279748916626,2.5241446495056152,2.749147415161133,2.8007891178131104,2.7262721061706543,3.0720746517181396,3.065361738204956,2.448662042617798,2.292792558670044,2.1402833461761475,2.157284736633301,2.0307204723358154,2.276679515838623,2.308900833129883,2.617997884750366,2.7551472187042236,3.073427438735962,3.253967761993408,3.3351552486419678,3.279684543609619,3.6042556762695312,3.612396240234375,3.0036585330963135,2.8585708141326904,2.659231662750244,2.660613536834717,2.422868490219116,2.6344680786132812,2.4078152179718018,2.685793876647949,2.682680606842041,2.6748929023742676,2.830806255340576,3.1607697010040283,3.12443208694458,3.3724632263183594,3.354139804840088
A6,1.522390604019165,1.261114239692688,0.9650596380233765,0.6555985808372498,0.38559749722480774,0.0,0.3913656175136566,0.6175022125244141,0.9621589779853821,1.1983407735824585,1.5023627281188965,1.621640920639038,1.6093709468841553,1.9923146963119507,2.031301736831665,1.650657057762146,1.3345973491668701,1.287764549255371,1.1064621210098267,1.1100893020629883,1.1212167739868164,1.3759170770645142,1.4897125959396362,1.7514933347702026,1.968548059463501,2.2337849140167236,2.230257272720337,2.175446033477783,2.5315918922424316,2.5386970043182373,2.1528451442718506,1.9198229312896729,1.8508538007736206,1.7698251008987427,1.7241264581680298,1.8541752099990845,1.9619001150131226,2.1432878971099854,2.3217718601226807,2.570460081100464,2.7663347721099854,2.7739076614379883,2.698214054107666,3.0281503200531006,3.028221368789673,2.650987148284912,2.486541748046875,2.3789379596710205,2.3743550777435303,2.2770204544067383,2.493257999420166,2.5291779041290283,2.8062078952789307,2.9182560443878174,3.2268683910369873,3.379765510559082,3.426072359085083,3.3632853031158447,3.666276693344116,3.6756081581115723,3.23819637298584,3.1028971672058105,2.9366626739501953,2.9446091651916504,2.733011245727539,2.9503369331359863,2.736266613006592,3.0303866863250732,3.0216362476348877,3.0332181453704834,3.1753413677215576,3.51021409034729,3.490770101547241,3.7393798828125,3.730186700820923
A7,1.8232474327087402,1.5967143774032593,1.258005142211914,1.0046632289886475,0.6450014114379883,0.3913656175136566,0.0,0.38595420122146606,0.6430305242538452,0.9116719961166382,1.1771506071090698,1.356863260269165,1.3941237926483154,1.7710604667663574,1.860246181488037,1.7934054136276245,1.439130187034607,1.3541615009307861,1.0729790925979614,1.0134930610656738,0.8975985646247864,1.093327283859253,1.172156810760498,1.3947861194610596,1.6313611268997192,1.8706358671188354,1.8726164102554321,1.85383141040802,2.2197299003601074,2.268433094024658,2.194227933883667,1.9091496467590332,1.838538646697998,1.6783840656280518,1.6164170503616333,1.6665270328521729,1.7455530166625977,1.8843145370483398,2.0247650146484375,2.272446393966675,2.439530611038208,2.432002305984497,2.375704526901245,2.7062981128692627,2.734351873397827,2.645543336868286,2.4362435340881348,2.3465757369995117,2.282945156097412,2.18757963180542,2.3501882553100586,2.371208667755127,2.6133670806884766,2.691751003265381,2.993682622909546,3.1170198917388916,3.1411519050598145,3.086121082305908,3.377779483795166,3.4047319889068604,3.2242918014526367,3.065309524536133,2.932314395904541,2.9115214347839355,2.724700927734375,2.9248147010803223,2.72198486328125,3.039400815963745,3.017336130142212,3.075071334838867,3.1942572593688965,3.529597282409668,3.551218032836914,3.8113672733306885,3.8421051502227783
A8,2.000164031982422,1.8072904348373413,1.4806926250457764,1.2329157590866089,0.9272676706314087,0.6175022125244141,0.38595420122146606,0.0,0.380982905626297,0.5911825299263,0.8944053053855896,1.0103486776351929,1.02430260181427,1.4049725532531738,1.4994851350784302,1.8049339056015015,1.4399144649505615,1.43759024143219,1.1309149265289307,1.1704294681549072,0.9923431277275085,1.2089191675186157,1.1638062000274658,1.3733141422271729,1.5436652898788452,1.7750645875930786,1.7037702798843384,1.6485357284545898,1.987696886062622,2.016732931137085,2.1884374618530273,1.9005576372146606,1.9040131568908691,1.7340707778930664,1.746829867362976,1.7654634714126587,1.889387845993042,1.96005380153656,2.1047756671905518,2.3012051582336426,2.4656708240509033,2.4007253646850586,2.305229425430298,2.600616931915283,2.6023058891296387,2.6531593799591064,2.4567527770996094,2.4264140129089355,2.3703181743621826,2.3329997062683105,2.4895081520080566,2.5499613285064697,2.7549760341644287,2.840630531311035,3.109330654144287,3.2274796962738037,3.2083921432495117,3.117506504058838,3.3775036334991455,3.3777928352355957,3.263850688934326,3.13424015045166,3.039879322052002,3.0505118370056152,2.903261661529541,3.131621837615967,2.9646570682525635,3.300241231918335,3.305168867111206,3.3793060779571533,3.5147945880889893,3.8382513523101807,3.8564672470092773,4.132132053375244,4.164137363433838
A9,2.366007089614868,2.176771640777588,1.839195728302002,1.5963490009307861,1.2644692659378052,0.9621589779853821,0.6430305242538452,0.380982905626297,0.0,0.3854560852050781,0.5569677948951721,0.735358715057373,0.8664494752883911,1.2166359424591064,1.4018332958221436,2.1029064655303955,1.7298853397369385,1.7111295461654663,1.362148642539978,1.358728289604187,1.0859178304672241,1.2038698196411133,1.0796313285827637,1.1914408206939697,1.3624061346054077,1.528656244277954,1.4277899265289307,1.4268101453781128,1.7586733102798462,1.844763159751892,2.40903639793396,2.0922224521636963,2.10280179977417,1.8762744665145874,1.8807222843170166,1.8198118209838867,1.9091850519180298,1.9190881252288818,2.0062785148620605,2.186741828918457,2.3024380207061768,2.2024145126342773,2.1297945976257324,2.408430337905884,2.442556858062744,2.8285231590270996,2.602011203765869,2.5937516689300537,2.489867925643921,2.4588422775268555,2.560624122619629,2.604886293411255,2.7672009468078613,2.8123135566711426,3.066279172897339,3.1451003551483154,3.0948486328125,3.012073278427124,3.2480111122131348,3.266385316848755,3.4253246784210205,3.2812609672546387,3.2186293601989746,3.2071805000305176,3.082973003387451,3.2928335666656494,3.135331630706787,3.4822709560394287,3.4723503589630127,3.5782296657562256,3.6902883052825928,4.013836860656738,4.064484596252441,4.342796802520752,4.402617454528809
A10,2.446096420288086,2.313835620880127,1.9690124988555908,1.776508092880249,1.4614700078964233,1.1983407735824585,0.9116719961166382,0.5911825299263,0.3854560852050781,0.0,0.383786141872406,0.5290859341621399,0.5435279607772827,0.8890570402145386,1.045918345451355,2.0069496631622314,1.6404192447662354,1.6623097658157349,1.3055620193481445,1.369377613067627,1.0755329132080078,1.2130881547927856,0.9870074987411499,1.1111000776290894,1.1749720573425293,1.3632242679595947,1.2044966220855713,1.126952052116394,1.4356884956359863,1.4846336841583252,2.2406554222106934,1.9207651615142822,1.9874581098556519,1.7511794567108154,1.8217687606811523,1.7367422580718994,1.8762588500976562,1.8264515399932861,1.9387298822402954,2.056365489959717,2.1918210983276367,2.048419237136841,1.919683814048767,2.1637392044067383,2.1578786373138428,2.639399528503418,2.419928550720215,2.4644224643707275,2.363914728164673,2.3893327713012695,2.4848270416259766,2.573967933654785,2.699800491333008,2.766254186630249,2.9799153804779053,3.0683016777038574,2.9827497005462646,2.8566596508026123,3.064873695373535,3.0482301712036133,3.244720935821533,3.123746633529663,3.101016044616699,3.114914655685425,3.0341947078704834,3.2679789066314697,3.153447151184082,3.5172181129455566,3.541429042816162,3.6693532466888428,3.8034756183624268,4.1064772605896,4.1539106369018555,4.4538068771362305,4.52169942855835
A11,2.8147971630096436,2.6691558361053467,2.3199784755706787,2.1133196353912354,1.7795737981796265,1.5023627281188965,1.1771506071090698,0.8944053053855896,0.5569677948951721,0.383786141872406,0.0,0.37257277965545654,0.606878399848938,0.8314992189407349,1.1123559474945068,2.3743457794189453,2.0082969665527344,2.010692596435547,1.6393349170684814,1.656069278717041,1.318446159362793,1.3591760396957397,1.0910319089889526,1.0814239978790283,1.1378405094146729,1.2167577743530273,1.0099022388458252,1.0228067636489868,1.3008722066879272,1.4327534437179565,2.560584545135498,2.226489305496216,2.28729510307312,2.0143632888793945,2.0635032653808594,1.9164412021636963,2.0101382732391357,1.909704566001892,1.9525198936462402,2.052945852279663,2.124844789505005,1.9436651468276978,1.850424885749817,2.0664732456207275,2.1038877964019775,2.917203426361084,2.6749868392944336,2.7296810150146484,2.5888497829437256,2.61007022857666,2.6546361446380615,2.719663143157959,2.806762218475342,2.828071117401123,3.027338981628418,3.0711472034454346,2.956326961517334,2.8456170558929443,3.025181531906128,3.03236722946167,3.4997808933258057,3.364243507385254,3.364042282104492,3.354262351989746,3.2874302864074707,3.498225450515747,3.3855371475219727,3.752490997314453,3.757322311401367,3.907256841659546,4.016168117523193,4.321224689483643,4.3970794677734375,4.693699359893799,4.783398151397705
A12,2.911073923110962,2.7676517963409424,2.445244789123535,2.222107410430908,1.931388258934021,1.621640920639038,1.356863260269165,1.0103486776351929,0.735358715057373,0.5290859341621399,0.37257277965545654,0.0,0.38560906052589417,0.5738254189491272,0.8984416127204895,2.4431865215301514,2.09228253364563,2.1588385105133057,1.8141549825668335,1.8956401348114014,1.5905119180679321,1.684741735458374,1.4117205142974854,1.432052493095398,1.4382184743881226,1.5168824195861816,1.2529797554016113,1.2031214237213135,1.4055849313735962,1.481049656867981,2.6641101837158203,2.3572020530700684,2.465632677078247,2.2268078327178955,2.320467710494995,2.202368974685669,2.331491231918335,2.2279040813446045,2.293422222137451,2.3674490451812744,2.4494471549987793,2.242539882659912,2.1145901679992676,2.289580821990967,2.2868094444274902,3.052473306655884,2.8443551063537598,2.928441286087036,2.822573184967041,2.8737146854400635,2.943668842315674,3.035005569458008,3.1232259273529053,3.1641950607299805,3.349876880645752,3.403649091720581,3.2744946479797363,3.1390867233276367,3.2985479831695557,3.277280807495117,3.6607983112335205,3.5587680339813232,3.5668702125549316,3.59086012840271,3.5332016944885254,3.7686960697174072,3.6662485599517822,4.033929347991943,4.056188106536865,4.192329406738281,4.318693161010742,4.622537612915039,4.678329944610596,4.977592468261719,5.048737525939941
A13,2.7399134635925293,2.6413817405700684,2.3275067806243896,2.143970012664795,1.8857558965682983,1.6093709468841553,1.3941237926483154,1.02430260181427,0.8664494752883911,0.5435279607772827,0.606878399848938,0.38560906052589417,0.0,0.38305553793907166,0.5612748861312866,2.171339988708496,1.8411022424697876,1.9551438093185425,1.6392531394958496,1.791093349456787,1.5245132446289062,1.6811238527297974,1.3964712619781494,1.4927970170974731,1.4355063438415527,1.5856890678405762,1.3190972805023193,1.1551378965377808,1.3370529413223267,1.3121777772903442,2.3752827644348145,2.0906593799591064,2.244748592376709,2.0378661155700684,2.1876893043518066,2.1013548374176025,2.286491632461548,2.181901454925537,2.3046610355377197,2.3475499153137207,2.4811408519744873,2.273346185684204,2.0859055519104004,2.247450113296509,2.18292498588562,2.773939847946167,2.5958681106567383,2.7107174396514893,2.6406826972961426,2.7322566509246826,2.832381010055542,2.9670445919036865,3.057030200958252,3.1413540840148926,3.3083324432373047,3.3977978229522705,3.2665321826934814,3.0928633213043213,3.2497923374176025,3.186567544937134,3.397139549255371,3.3264148235321045,3.3464934825897217,3.406327724456787,3.3685784339904785,3.6333768367767334,3.5579590797424316,3.9293980598449707,3.9862797260284424,4.118253707885742,4.275065898895264,4.563157558441162,4.595664024353027,4.908495903015137,4.967685222625732
A14,3.0787010192871094,3.000446081161499,2.6893107891082764,2.518340587615967,2.263969898223877,1.9923146963119507,1.7710604667663574,1.4049725532531738,1.2166359424591064,0.8890570402145386,0.8314992189407349,0.5738254189491272,0.38305553793907166,0.0,0.40337979793548584,2.4328243732452393,2.1237123012542725,2.253620147705078,1.945030927658081,2.1050946712493896,1.8266559839248657,1.9524046182632446,1.627799153327942,1.6728713512420654,1.5473312139511108,1.6422361135482788,1.3196666240692139,1.135501742362976,1.204318642616272,1.1630860567092896,2.5703654289245605,2.294865131378174,2.4816317558288574,2.2667243480682373,2.442281723022461,2.323867082595825,2.5127456188201904,2.3577370643615723,2.461292266845703,2.4519500732421875,2.5629513263702393,2.3099734783172607,2.101524829864502,2.1982173919677734,2.1144983768463135,2.9281227588653564,2.7565243244171143,2.9120609760284424,2.8333096504211426,2.9579145908355713,3.03275728225708,3.1823484897613525,3.2321856021881104,3.308851480484009,3.43906831741333,3.5122697353363037,3.3434267044067383,3.1475229263305664,3.260672092437744,3.1788551807403564,3.5362308025360107,3.482393503189087,3.54024076461792,3.6094624996185303,3.6057188510894775,3.8737082481384277,3.82485032081604,4.203171730041504,4.271248817443848,4.4214372634887695,4.579799652099609,4.856848239898682,4.897337436676025,5.2190399169921875,5.289117336273193
A15,2.932013511657715,2.90102219581604,2.606342315673828,2.4787137508392334,2.262660503387451,2.031301736831665,1.860246181488037,1.4994851350784302,1.4018332958221436,1.045918345451355,1.1123559474945068,0.8984416127204895,0.5612748861312866,0.40337979793548584,0.0,2.1933233737945557,1.9212876558303833,2.098039388656616,1.8354170322418213,2.0572621822357178,1.8299015760421753,2.0069849491119385,1.6921881437301636,1.804587721824646,1.6372870206832886,1.7974941730499268,1.5002094507217407,1.2271440029144287,1.2718788385391235,1.1069860458374023,2.303701400756836,2.0633938312530518,2.2974047660827637,2.125474691390991,2.354038953781128,2.273362874984741,2.5117197036743164,2.3638458251953125,2.5216729640960693,2.4867212772369385,2.647977352142334,2.4057278633117676,2.1462509632110596,2.2306900024414062,2.0822927951812744,2.6650424003601074,2.5324530601501465,2.7197864055633545,2.6828324794769287,2.8472094535827637,2.9532790184020996,3.1436736583709717,3.1971559524536133,3.3171379566192627,3.4293975830078125,3.5393753051757812,3.3743345737457275,3.1439530849456787,3.256232261657715,3.1317970752716064,3.281712293624878,3.264275312423706,3.3339426517486572,3.44144868850708,3.4579856395721436,3.7531237602233887,3.7316339015960693,4.108766078948975,4.210702419281006,4.353934288024902,4.541259288787842,4.800903797149658,4.816900253295898,5.149327278137207,5.2060627937316895
B1,1.0816518068313599,1.3300895690917969,1.1696847677230835,1.406943678855896,1.4632256031036377,1.650657057762146,1.7934054136276245,1.8049339056015015,2.1029064655303955,2.0069496631622314,2.3743457794189453,2.4431865215301514,2.171339988708496,2.4328243732452393,2.1933233737945557,0.0,0.37662172317504883,0.6054514050483704,0.9225190877914429,1.2424092292785645,1.5087578296661377,1.8517935276031494,1.9164072275161743,2.2935240268707275,2.2839303016662598,2.6656546592712402,2.6776418685913086,2.423272132873535,2.674839973449707,2.4770095348358154,0.6989449858665466,0.7620788216590881,0.8724146485328674,1.1424434185028076,1.36759352684021,1.6772030591964722,1.9924386739730835,2.148195505142212,2.507063150405884,2.5962018966674805,2.943725109100342,2.964968681335449,2.7320339679718018,2.9862732887268066,2.8131070137023926,1.2843111753463745,1.3358319997787476,1.3197990655899048,1.5705307722091675,1.6765559911727905,2.0350260734558105,2.2751212120056152,2.522223711013794,2.817593574523926,3.002220392227173,3.2924482822418213,3.3359272480010986,3.142245292663574,3.41742205619812,3.2793989181518555,1.8933992385864258,1.912604808807373,1.7691739797592163,1.9763991832733154,1.8794292211532593,2.2437021732330322,2.214752197265625,2.502915859222412,2.699298620223999,2.7135322093963623,3.01112699508667,3.215236186981201,3.087418794631958,3.4108986854553223,3.3677797317504883
B2,1.1557035446166992,1.2980709075927734,1.0451455116271973,1.2096675634384155,1.1848067045211792,1.3345973491668701,1.439130187034607,1.4399144649505615,1.7298853397369385,1.6404192447662354,2.0082969665527344,2.09228253364563,1.8411022424697876,2.1237123012542725,1.9212876558303833,0.37662172317504883,0.0,0.37895867228507996,0.5876719355583191,0.9421281218528748,1.1697438955307007,1.528061032295227,1.5789328813552856,1.9559515714645386,1.9659552574157715,2.3429529666900635,2.3487367630004883,2.112999200820923,2.3883180618286133,2.2219038009643555,0.8597834706306458,0.7426092624664307,0.8292023539543152,0.9800382256507874,1.1875040531158447,1.4582256078720093,1.764663577079773,1.9087510108947754,2.2489774227142334,2.3572356700897217,2.6860463619232178,2.6936893463134766,2.4757139682769775,2.7459871768951416,2.600165367126465,1.4271595478057861,1.3827992677688599,1.364251732826233,1.5296623706817627,1.6083183288574219,1.9339730739593506,2.148355484008789,2.3918232917785645,2.6539976596832275,2.8585236072540283,3.1213324069976807,3.1511917114257812,2.9711906909942627,3.2496354579925537,3.1364550590515137,2.0598816871643066,2.0279037952423096,1.9016849994659424,2.0530800819396973,1.9445511102676392,2.285350799560547,2.2245380878448486,2.541591167449951,2.6977550983428955,2.7373697757720947,3.0029044151306152,3.237623929977417,3.1492350101470947,3.4717912673950195,3.4547228813171387
B3,1.1377925872802734,1.2593547105789185,0.9505069255828857,1.1539559364318848,1.069152593612671,1.287764549255371,1.3541615009307861,1.43759024143219,1.7111295461654663,1.6623097658157349,2.010692596435547,2.1588385105133057,1.9551438093185425,2.253620147705078,2.098039388656616,0.6054514050483704,0.37895867228507996,0.0,0.39053353667259216,0.643263041973114,0.9488018155097961,1.2783286571502686,1.4032766819000244,1.7809133529663086,1.8314411640167236,2.2084543704986572,2.2717883586883545,2.077883720397949,2.3834171295166016,2.2620010375976562,0.9061696529388428,0.7140396237373352,0.6195067763328552,0.7388561367988586,0.8591550588607788,1.167541742324829,1.4472295045852661,1.6404484510421753,1.9798446893692017,2.122572660446167,2.4518704414367676,2.5036537647247314,2.3223986625671387,2.624650001525879,2.516545295715332,1.384376049041748,1.267052173614502,1.1627591848373413,1.2811216115951538,1.29364013671875,1.6215345859527588,1.807187557220459,2.0765984058380127,2.332563877105713,2.5614185333251953,2.8253488540649414,2.885441541671753,2.7366864681243896,3.0416650772094727,2.9604179859161377,1.9668803215026855,1.8693779706954956,1.7111748456954956,1.8030016422271729,1.6581673622131348,1.9731862545013428,1.8846707344055176,2.210197687149048,2.3459701538085938,2.399878740310669,2.6511294841766357,2.8946685791015625,2.828953981399536,3.1533515453338623,3.1599879264831543
B4,1.4267576932907104,1.4567782878875732,1.092642903327942,1.1803903579711914,0.9704113006591797,1.1064621210098267,1.0729790925979614,1.1309149265289307,1.362148642539978,1.3055620193481445,1.6393349170684814,1.8141549825668335,1.6392531394958496,1.945030927658081,1.8354170322418213,0.9225190877914429,0.5876719355583191,0.39053353667259216,0.0,0.38641557097435,0.5874211192131042,0.9422717094421387,1.032901406288147,1.4114419221878052,1.4764189720153809,1.8472049236297607,1.9037377834320068,1.7312678098678589,2.0578267574310303,1.974112868309021,1.1438764333724976,0.8478710651397705,0.7794886827468872,0.6915978193283081,0.7831103205680847,0.9836291074752808,1.2504487037658691,1.4028899669647217,1.7146875858306885,1.8677995204925537,2.1724026203155518,2.199518918991089,2.030935764312744,2.343977689743042,2.2645492553710938,1.574020504951477,1.384750485420227,1.315832257270813,1.3280723094940186,1.3304574489593506,1.5869168043136597,1.7451125383377075,1.9854754209518433,2.196612596511841,2.4339544773101807,2.660752296447754,2.693059206008911,2.5525755882263184,2.850590229034424,2.7917089462280273,2.161888360977173,2.0332560539245605,1.9186865091323853,1.9637967348098755,1.836863398551941,2.1191794872283936,2.0181257724761963,2.368452310562134,2.4650182723999023,2.5564982891082764,2.7682905197143555,3.032640218734741,3.0132782459259033,3.335881471633911,3.3743908405303955
B5,1.548932433128357,1.530902624130249,1.1447423696517944,1.2180484533309937,0.9380062222480774,1.1100893020629883,1.0134930610656738,1.1704294681549072,1.358728289604187,1.369377613067627,1.656069278717041,1.8956401348114014,1.791093349456787,2.1050946712493896,2.0572621822357178,1.2424092292785645,0.9421281218528748,0.643263041973114,0.38641557097435,0.0,0.38313692808151245,0.6649245619773865,0.8831014633178711,1.238046646118164,1.3793350458145142,1.7279313802719116,1.8494538068771362,1.7475427389144897,2.1030585765838623,2.083578586578369,1.4008665084838867,1.0897067785263062,0.9021813869476318,0.7232235074043274,0.6162245869636536,0.7830990552902222,0.9634394645690918,1.1802390813827515,1.461161732673645,1.6757287979125977,1.9591058492660522,2.034708023071289,1.9275766611099243,2.2767508029937744,2.2555744647979736,1.740726351737976,1.4943785667419434,1.355549931526184,1.2824376821517944,1.1864391565322876,1.397475004196167,1.4861971139907837,1.7509979009628296,1.9255808591842651,2.2025444507598877,2.4108524322509766,2.474066734313965,2.3827860355377197,2.7074520587921143,2.6974844932556152,2.2588119506835938,2.068925380706787,1.9334770441055298,1.9013856649398804,1.7380952835083008,1.962995171546936,1.8177028894424438,2.170016288757324,2.219054937362671,2.329418420791626,2.5037717819213867,2.786914825439453,2.805241823196411,3.118847370147705,3.185965061187744
B6,1.882360577583313,1.8255380392074585,1.4311150312423706,1.4179967641830444,1.0730798244476318,1.1212167739868164,0.8975985646247864,0.9923431277275085,1.0859178304672241,1.0755329132080078,1.318446159362793,1.5905119180679321,1.5245132446289062,1.8266559839248657,1.8299015760421753,1.5087578296661377,1.1697438955307007,0.9488018155097961,0.5874211192131042,0.38313692808151245,0.0,0.3754254877567291,0.5205642580986023,0.8762713670730591,1.038341760635376,1.3738245964050293,1.485278606414795,1.4137766361236572,1.7850850820541382,1.8100860118865967,1.627111792564392,1.2765886783599854,1.1555309295654297,0.8799466490745544,0.8014786839485168,0.7796356081962585,0.9202702045440674,1.0387250185012817,1.2662956714630127,1.4773526191711426,1.7230051755905151,1.7566946744918823,1.661115288734436,2.012481212615967,2.0207414627075195,1.9407256841659546,1.6632006168365479,1.5817996263504028,1.4441313743591309,1.3757095336914062,1.499416470527649,1.568511962890625,1.7726162672042847,1.8930224180221558,2.1592276096343994,2.3208930492401123,2.3404438495635986,2.2503442764282227,2.554107904434204,2.561044216156006,2.4648637771606445,2.2695837020874023,2.1846165657043457,2.135835886001587,2.010319948196411,2.214048147201538,2.0813114643096924,2.4448301792144775,2.4710092544555664,2.613873243331909,2.756065845489502,3.0444552898406982,3.098618507385254,3.4097278118133545,3.5012264251708984
B7,2.191953420639038,2.121995210647583,1.7282252311706543,1.7068562507629395,1.3393795490264893,1.3759170770645142,1.093327283859253,1.2089191675186157,1.2038698196411133,1.2130881547927856,1.3591760396957397,1.684741735458374,1.6811238527297974,1.9524046182632446,2.0069849491119385,1.8517935276031494,1.528061032295227,1.2783286571502686,0.9422717094421387,0.6649245619773865,0.3754254877567291,0.0,0.38197430968284607,0.6283354163169861,0.8676041960716248,1.1529748439788818,1.3421688079833984,1.3538039922714233,1.7298952341079712,1.823320984840393,1.891446828842163,1.529813528060913,1.3738633394241333,1.0445477962493896,0.8796165585517883,0.7110059261322021,0.70993572473526,0.7989221215248108,0.9473307728767395,1.2066746950149536,1.4105671644210815,1.476279616355896,1.4478217363357544,1.8233405351638794,1.8954811096191406,2.120164632797241,1.800909161567688,1.705707311630249,1.4880716800689697,1.3778438568115234,1.4035406112670898,1.4081472158432007,1.5762461423873901,1.6331238746643066,1.9128224849700928,2.033277988433838,2.053945302963257,2.004957437515259,2.316074848175049,2.3704450130462646,2.5817244052886963,2.3457579612731934,2.2784523963928223,2.1712148189544678,2.05454683303833,2.2024707794189453,2.063581705093384,2.4266953468322754,2.415595531463623,2.5970160961151123,2.696267604827881,2.985274076461792,3.0870773792266846,3.3921637535095215,3.5222954750061035
B8,2.3966875076293945,2.33809494972229,1.9436907768249512,1.8969300985336304,1.5299954414367676,1.4897125959396362,1.172156810760498,1.1638062000274658,1.0796313285827637,0.9870074987411499,1.0910319089889526,1.4117205142974854,1.3964712619781494,1.627799153327942,1.6921881437301636,1.9164072275161743,1.5789328813552856,1.4032766819000244,1.032901406288147,0.8831014633178711,0.5205642580986023,0.38197430968284607,0.0,0.37928062677383423,0.5322502851486206,0.853312611579895,0.9890615940093994,0.9745566844940186,1.3539979457855225,1.4559069871902466,1.9190584421157837,1.5439379215240479,1.4756660461425781,1.1244933605194092,1.076010823249817,0.8519243001937866,0.9232195019721985,0.8481995463371277,0.9754477739334106,1.1376874446868896,1.3267911672592163,1.2966057062149048,1.2142643928527832,1.563387155532837,1.6193196773529053,2.1462106704711914,1.8311609029769897,1.814815640449524,1.597762107849121,1.5708048343658447,1.5748801231384277,1.6297796964645386,1.7271819114685059,1.7792737483978271,2.0017833709716797,2.100895643234253,2.0524983406066895,1.9564290046691895,2.221513032913208,2.2488083839416504,2.6369807720184326,2.4305734634399414,2.4166488647460938,2.342439889907837,2.2778680324554443,2.452136993408203,2.356369733810425,2.7313477993011475,2.744938611984253,2.939915180206299,3.0498080253601074,3.3252627849578857,3.4258649349212646,3.7414894104003906,3.873220920562744
B9,2.7571911811828613,2.678349018096924,2.283449649810791,2.210388422012329,1.8268669843673706,1.7514933347702026,1.3947861194610596,1.3733141422271729,1.1914408206939697,1.1111000776290894,1.0814239978790283,1.432052493095398,1.4927970170974731,1.6728713512420654,1.804587721824646,2.2935240268707275,1.9559515714645386,1.7809133529663086,1.4114419221878052,1.238046646118164,0.8762713670730591,0.6283354163169861,0.37928062677383423,0.0,0.37745505571365356,0.5457661151885986,0.7538776397705078,0.878868818283081,1.2428117990493774,1.4394826889038086,2.266225576400757,1.8891432285308838,1.8202682733535767,1.452815055847168,1.3780584335327148,1.0878994464874268,1.0611120462417603,0.9006257057189941,0.8749803900718689,1.0264052152633667,1.1110659837722778,1.0452831983566284,1.0418957471847534,1.3883066177368164,1.522751808166504,2.447246789932251,2.114879608154297,2.107531785964966,1.8477145433425903,1.8098973035812378,1.7384556531906128,1.7474780082702637,1.7851232290267944,1.7618409395217896,1.9673283100128174,1.9996395111083984,1.916725754737854,1.8530652523040771,2.091435670852661,2.163001775741577,2.899472713470459,2.676058053970337,2.6863372325897217,2.580387830734253,2.5312061309814453,2.667473077774048,2.5727272033691406,2.9419422149658203,2.9271461963653564,3.146811008453369,3.221062183380127,3.4959163665771484,3.6323776245117188,3.939354658126831,4.097386837005615
B10,2.885519027709961,2.848459243774414,2.4564931392669678,2.4091174602508545,2.0457680225372314,1.968548059463501,1.6313611268997192,1.5436652898788452,1.3624061346054077,1.1749720573425293,1.1378405094146729,1.4382184743881226,1.4355063438415527,1.5473312139511108,1.6372870206832886,2.2839303016662598,1.9659552574157715,1.8314411640167236,1.4764189720153809,1.3793350458145142,1.038341760635376,0.8676041960716248,0.5322502851486206,0.37745505571365356,0.0,0.38431480526924133,0.5463815331459045,0.5740146636962891,0.9147570729255676,1.09637451171875,2.174177885055542,1.8020656108856201,1.7922710180282593,1.4220443964004517,1.430586338043213,1.1191068887710571,1.1688388586044312,0.9103359580039978,0.9276350140571594,0.9319373965263367,1.0493379831314087,0.8906850218772888,0.7692006826400757,1.081061840057373,1.1717338562011719,2.313494920730591,1.987740397453308,2.044829845428467,1.7874921560287476,1.824546456336975,1.7419899702072144,1.812911033630371,1.7938734292984009,1.8008967638015747,1.9378678798675537,1.9811046123504639,1.8415436744689941,1.7090493440628052,1.9028581380844116,1.925421953201294,2.761833667755127,2.5642988681793213,2.625314712524414,2.5486841201782227,2.5536296367645264,2.715240955352783,2.6724162101745605,3.0526444911956787,3.076676607131958,3.312631130218506,3.410818338394165,3.66058349609375,3.7888898849487305,4.113931655883789,4.275113582611084
B11,3.2430427074432373,3.184767723083496,2.791208267211914,2.7180280685424805,2.3406763076782227,2.2337849140167236,1.8706358671188354,1.7750645875930786,1.528656244277954,1.3632242679595947,1.2167577743530273,1.5168824195861816,1.5856890678405762,1.6422361135482788,1.7974941730499268,2.6656546592712402,2.3429529666900635,2.2084543704986572,1.8472049236297607,1.7279313802719116,1.3738245964050293,1.1529748439788818,0.853312611579895,0.5457661151885986,0.38431480526924133,0.0,0.3712124228477478,0.6273036599159241,0.878787100315094,1.1712883710861206,2.5510733127593994,2.180800199508667,2.16782808303833,1.792921781539917,1.7766739130020142,1.4403611421585083,1.422407627105713,1.1350810527801514,1.0233747959136963,0.9968896508216858,0.9701516032218933,0.7343186736106873,0.7218379378318787,0.9787386655807495,1.1681013107299805,2.6641807556152344,2.331920862197876,2.3916163444519043,2.1101267337799072,2.133551597595215,2.000821590423584,2.031796932220459,1.966699481010437,1.9062107801437378,2.018951892852783,1.9918913841247559,1.8125085830688477,1.7143137454986572,1.8611186742782593,1.9283747673034668,3.0812323093414307,2.8735194206237793,2.9506402015686035,2.8505728244781494,2.863748788833618,2.9947080612182617,2.9493725299835205,3.321993827819824,3.3213140964508057,3.5733110904693604,3.641613483428955,3.891692876815796,4.048259735107422,4.3640055656433105,4.544877052307129
B12,3.300057888031006,3.236741304397583,2.8506596088409424,2.7510526180267334,2.385284423828125,2.230257272720337,1.8726164102554321,1.7037702798843384,1.4277899265289307,1.2044966220855713,1.0099022388458252,1.2529797554016113,1.3190972805023193,1.3196666240692139,1.5002094507217407,2.6776418685913086,2.3487367630004883,2.2717883586883545,1.9037377834320068,1.8494538068771362,1.485278606414795,1.3421688079833984,0.9890615940093994,0.7538776397705078,0.5463815331459045,0.3712124228477478,0.0,0.38228917121887207,0.6095617413520813,0.9327253103256226,2.596773147583008,2.2356278896331787,2.278752326965332,1.9241563081741333,1.9649701118469238,1.6641186475753784,1.7051539421081543,1.4305140972137451,1.3724706172943115,1.3228235244750977,1.3176568746566772,1.0377811193466187,0.9410352110862732,1.099474549293518,1.2169193029403687,2.7534234523773193,2.4495980739593506,2.547865629196167,2.304128646850586,2.364744186401367,2.2719480991363525,2.337764263153076,2.2847096920013428,2.2526752948760986,2.3527328968048096,2.3384125232696533,2.1397504806518555,2.0058536529541016,2.1157236099243164,2.1387224197387695,3.2153520584106445,3.043788194656372,3.1319968700408936,3.071503162384033,3.092475175857544,3.256742000579834,3.217726469039917,3.596997022628784,3.6132538318634033,3.8496615886688232,3.9367005825042725,4.192110061645508,4.328090190887451,4.648372650146484,4.810213565826416
B13,3.1363325119018555,3.108029842376709,2.730952739715576,2.6567306518554688,2.318317413330078,2.175446033477783,1.85383141040802,1.6485357284545898,1.4268101453781128,1.126952052116394,1.0228067636489868,1.2031214237213135,1.1551378965377808,1.135501742362976,1.2271440029144287,2.423272132873535,2.112999200820923,2.077883720397949,1.7312678098678589,1.7475427389144897,1.4137766361236572,1.3538039922714233,0.9745566844940186,0.878868818283081,0.5740146636962891,0.6273036599159241,0.38228917121887207,0.0,0.388968825340271,0.5978507399559021,2.3163557052612305,1.9704996347427368,2.0649516582489014,1.7351263761520386,1.8454229831695557,1.5793757438659668,1.7009292840957642,1.4283536672592163,1.4659826755523682,1.3765445947647095,1.4630956649780273,1.1890376806259155,0.9685660600662231,1.0974019765853882,1.0904631614685059,2.4811203479766846,2.203754425048828,2.343280792236328,2.1372718811035156,2.2500548362731934,2.19838547706604,2.3220036029815674,2.2780675888061523,2.3073935508728027,2.388369560241699,2.426046848297119,2.2266368865966797,2.0343329906463623,2.1408579349517822,2.0973803997039795,2.9685328006744385,2.8321433067321777,2.936587333679199,2.919114828109741,2.961907148361206,3.1645760536193848,3.1528825759887695,3.5391619205474854,3.5935654640197754,3.82070255279541,3.9427719116210938,4.186133861541748,4.293150424957275,4.62755823135376,4.771874904632568
