,A1,A2,A3,A4,A5,A6,A7,A8,A9,A10,A11,A12,A13,A14,A15,B1,B2,B3,B4,B5,B6,B7,B8,B9,B10,B11,B12,B13,B14,B15,C1,C2,C3,C4,C5,C6,C7,C8,C9,C10,C11,C12,C13,C14,C15,D1,D2,D3,D4,D5,D6,D7,D8,D9,D10,D11,D12,D13,D14,D15,E1,E2,E3,E4,E5,E6,E7,E8,E9,E10,E11,E12,E13,E14,E15
A1,0.0,0.3891174793243408,0.6307980418205261,0.9244986772537231,1.2464745044708252,1.5286773443222046,1.861947774887085,2.0645668506622314,2.4324138164520264,2.5266401767730713,2.878941774368286,2.9991707801818848,2.8008008003234863,3.0551140308380127,2.8262195587158203,0.6993245482444763,0.8131876587867737,0.9205452799797058,1.2225042581558228,1.4385913610458374,1.7719578742980957,2.098778486251831,2.343367099761963,2.712402820587158,2.8563380241394043,3.2018918991088867,3.3139100074768066,3.154351234436035,3.403075933456421,3.247220754623413,1.339304804801941,1.3578052520751953,1.3728922605514526,1.6188287734985352,1.7478365898132324,2.0841145515441895,2.358231782913208,2.630399227142334,2.970125198364258,3.15221905708313,3.4663290977478027,3.5972893238067627,3.419492483139038,3.69473934173584,3.5181021690368652,1.8788191080093384,1.8827801942825317,1.8546549081802368,2.070676326751709,2.1417529582977295,2.4915480613708496,2.7059595584869385,3.0211899280548096,3.323371171951294,3.567673683166504,3.8468308448791504,3.9994661808013916,3.8748395442962646,4.184770107269287,4.081971168518066,2.482386589050293,2.4365153312683105,2.337512731552124,2.5152785778045654,2.4710559844970703,2.782644033432007,2.7479543685913086,3.0698516368865967,3.2256720066070557,3.2529752254486084,3.4612059593200684,3.7638356685638428,3.712421178817749,3.996880531311035,4.034369468688965
A2,0.3891174793243408,0.0,0.38335344195365906,0.584376871585846,0.9372023940086365,1.1957457065582275,1.5534138679504395,1.7542039155960083,2.1271164417266846,2.2457098960876465,2.591547966003418,2.7008285522460938,2.5051939487457275,2.7678916454315186,2.5503439903259277,0.8372094631195068,0.7809401154518127,0.901861846446991,1.097522258758545,1.2979673147201538,1.5902016162872314,1.9203583002090454,2.149949550628662,2.509460687637329,2.6691837310791016,2.998026132583618,3.1017367839813232,2.952409029006958,3.2076234817504883,3.0711183547973633,1.4816135168075562,1.4139587879180908,1.4418830871582031,1.6051127910614014,1.7156866788864136,2.009965658187866,2.275123357772827,2.5287697315216064,2.8528573513031006,3.0484023094177246,3.341977119445801,3.4587743282318115,3.2870399951934814,3.5650417804718018,3.4013171195983887,2.0363574028015137,1.9844337701797485,1.9724464416503906,2.127635955810547,2.186034917831421,2.501176357269287,2.7017245292663574,3.0056471824645996,3.2876665592193604,3.5507256984710693,3.8040823936462402,3.947100877761841,3.8283376693725586,4.140468597412109,4.051616668701172,2.6668665409088135,2.584639549255371,2.507211446762085,2.6427338123321533,2.599015474319458,2.8805363178253174,2.8218836784362793,3.1540822982788086,3.2722089290618896,3.315512180328369,3.4870057106018066,3.8096365928649902,3.7891969680786133,4.06196928024292,4.124569892883301
A3,0.6307980418205261,0.38335344195365906,0.0,0.36903828382492065,0.6207893490791321,0.9370818138122559,1.2546131610870361,1.4988799095153809,1.8574137687683105,2.000814437866211,2.3321428298950195,2.48306941986084,2.3304882049560547,2.6292946338653564,2.4617276191711426,0.9241631031036377,0.7332441806793213,0.7024596333503723,0.8418116569519043,0.9634727239608765,1.2712138891220093,1.5751614570617676,1.833054780960083,2.1831252574920654,2.370938539505005,2.691697120666504,2.825962543487549,2.7103359699249268,2.9940412044525146,2.8957619667053223,1.4742934703826904,1.3182337284088135,1.2701208591461182,1.3745290040969849,1.4213154315948486,1.7059566974639893,1.9405760765075684,2.207979679107666,2.5166594982147217,2.735602855682373,3.0158650875091553,3.152456521987915,3.0078063011169434,3.306863784790039,3.17476487159729,1.981709361076355,1.862138032913208,1.8050446510314941,1.9085277318954468,1.9196274280548096,2.215707540512085,2.3863725662231445,2.695807695388794,2.959075450897217,3.2398431301116943,3.4783596992492676,3.634486436843872,3.5381124019622803,3.8637349605560303,3.8013246059417725,2.5798537731170654,2.444749593734741,2.348280429840088,2.4335925579071045,2.364220142364502,2.6138968467712402,2.5263123512268066,2.8568382263183594,2.9487195014953613,2.997655153274536,3.148540496826172,3.4800240993499756,3.477325201034546,3.7434306144714355,3.8239574432373047
A4,0.9244986772537231,0.584376871585846,0.36903828382492065,0.0,0.39099636673927307,0.6122053265571594,0.9719655513763428,1.183789610862732,1.5527055263519287,1.70209801197052,2.033186435699463,2.1606173515319824,2.0002896785736084,2.298954725265503,2.13802170753479,1.0855295658111572,0.8036925196647644,0.8269290924072266,0.8020864725112915,0.9236520528793335,1.1331992149353027,1.4473093748092651,1.6577458381652832,1.9976564645767212,2.1807448863983154,2.4858038425445557,2.594892740249634,2.476203203201294,2.7541213035583496,2.6652286052703857,1.5916496515274048,1.3838387727737427,1.3830969333648682,1.401015281677246,1.456961989402771,1.6720789670944214,1.9082671403884888,2.131490468978882,2.426260471343994,2.638671875,2.900984048843384,3.007314443588257,2.8558051586151123,3.1444098949432373,3.0145461559295654,2.0973403453826904,1.9452170133590698,1.9304473400115967,1.9798084497451782,2.004749298095703,2.2543952465057373,2.4259121417999268,2.705408811569214,2.953338384628296,3.2367584705352783,3.4518303871154785,3.5833969116210938,3.479701042175293,3.7958221435546875,3.735722541809082,2.7159945964813232,2.5647196769714355,2.5091211795806885,2.5672433376312256,2.522291660308838,2.747542142868042,2.6601908206939697,3.0020222663879395,3.0676002502441406,3.146369457244873,3.26497220993042,3.6053524017333984,3.638578414916992,3.8994193077087402,4.0089521408081055
A5,1.2464745044708252,0.9372023940086365,0.6207893490791321,0.39099636673927307,0.0,0.3799899220466614,0.6574605107307434,0.9531744122505188,1.290155291557312,1.4979175329208374,1.7941454648971558,1.9705719947814941,1.8741155862808228,2.2137410640716553,2.122346878051758,1.3773964643478394,1.049046277999878,0.9498541355133057,0.8136958479881287,0.7704988121986389,0.9281240701675415,1.1740752458572388,1.4100368022918701,1.7182978391647339,1.9490785598754883,2.227238178253174,2.3723530769348145,2.3056225776672363,2.616316080093384,2.5830109119415283,1.7918092012405396,1.5204675197601318,1.4511793851852417,1.3841177225112915,1.3484508991241455,1.513248324394226,1.6878745555877686,1.91354238986969,2.1706650257110596,2.417247772216797,2.6480703353881836,2.773742437362671,2.6624867916107178,2.9737064838409424,2.8888630867004395,2.2353920936584473,2.023449182510376,1.966773509979248,1.9484847784042358,1.9135475158691406,2.1190030574798584,2.240541934967041,2.5166265964508057,2.7276384830474854,3.0353362560272217,3.2203338146209717,3.3650712966918945,3.2931082248687744,3.6224348545074463,3.598417282104492,2.8065507411956787,2.6055338382720947,2.5334043502807617,2.532053232192993,2.458012342453003,2.634108066558838,2.507089138031006,2.8369696140289307,2.858717679977417,2.9405903816223145,3.0215647220611572,3.373414993286133,3.43040132522583,3.673344135284424,3.802997589111328
A6,1.5286773443222046,1.1957457065582275,0.9370818138122559,0.6122053265571594,0.3799899220466614,0.0,0.3899660110473633,0.6068742275238037,0.9610901474952698,1.1679160594940186,1.4654760360717773,1.6132608652114868,1.5107066631317139,1.8521618843078613,1.7788605690002441,1.5543785095214844,1.192744493484497,1.148579478263855,0.904783308506012,0.877631425857544,0.870686948299408,1.1076197624206543,1.2521953582763672,1.5386314392089844,1.747493863105774,2.00504207611084,2.1125121116638184,2.0382845401763916,2.337071180343628,2.3140900135040283,1.908308982849121,1.6084250211715698,1.5911198854446411,1.4533108472824097,1.4427680969238281,1.5196468830108643,1.6962287425994873,1.8536969423294067,2.0920193195343018,2.315506935119629,2.52626633644104,2.609539747238159,2.4855611324310303,2.7771871089935303,2.692065477371216,2.333214044570923,2.1008028984069824,2.092205762863159,2.027721881866455,2.019474506378174,2.1716012954711914,2.300856828689575,2.532578468322754,2.7289178371429443,3.026458740234375,3.1878652572631836,3.297982692718506,3.2119832038879395,3.523514747619629,3.496870994567871,2.911815881729126,2.703458547592163,2.6776204109191895,2.6570589542388916,2.6179046630859375,2.773324489593506,2.661881923675537,3.0006678104400635,3.005608320236206,3.123659133911133,3.178025960922241,3.5283873081207275,3.621828556060791,3.8635289669036865,4.022437572479248
A7,1.861947774887085,1.5534138679504395,1.2546131610870361,0.9719655513763428,0.6574605107307434,0.3899660110473633,0.0,0.3794301152229309,0.6470043659210205,0.9147430658340454,1.1625783443450928,1.3724751472473145,1.3547019958496094,1.7316696643829346,1.7452772855758667,1.832444429397583,1.4519318342208862,1.3432364463806152,1.0345170497894287,0.8908286690711975,0.7460643649101257,0.8616113662719727,0.9747493863105774,1.2067919969558716,1.4523606300354004,1.6743013858795166,1.8101049661636353,1.7903000116348267,2.1171295642852783,2.1547226905822754,2.0902493000030518,1.7485737800598145,1.6912553310394287,1.4745336771011353,1.3972148895263672,1.3848464488983154,1.4943807125091553,1.6163164377212524,1.8057386875152588,2.045907974243164,2.2191741466522217,2.3064558506011963,2.2183070182800293,2.5232725143432617,2.4832963943481445,2.443350315093994,2.1633286476135254,2.134058952331543,2.0007810592651367,1.9529547691345215,2.0395891666412354,2.125998020172119,2.329253673553467,2.48542857170105,2.793172597885132,2.919713258743286,3.027202844619751,2.9643943309783936,3.278784990310669,3.2834298610687256,2.9673104286193848,2.719146728515625,2.695542335510254,2.6197731494903564,2.572636842727661,2.676388740539551,2.5454983711242676,2.872126817703247,2.838104248046875,2.976943016052246,2.992093086242676,3.3427724838256836,3.471081495285034,3.699427366256714,3.887258291244507
A8,2.0645668506622314,1.7542039155960083,1.4988799095153809,1.183789610862732,0.9531744122505188,0.6068742275238037,0.3794301152229309,0.0,0.37843888998031616,0.5742974281311035,0.8604245185852051,1.0198326110839844,0.9759752154350281,1.352905035018921,1.3835132122039795,1.937071442604065,1.5521663427352905,1.5014986991882324,1.152124047279358,1.0789989233016968,0.8285815715789795,0.9483875632286072,0.9090935587882996,1.1154656410217285,1.2854417562484741,1.4953584671020508,1.5619583129882812,1.5060819387435913,1.8063480854034424,1.8380190134048462,2.1309735774993896,1.7845765352249146,1.7882568836212158,1.5351178646087646,1.5148718357086182,1.4334957599639893,1.5690321922302246,1.605971097946167,1.7885617017745972,1.9732089042663574,2.138707399368286,2.164625644683838,2.0411837100982666,2.310126781463623,2.2517199516296387,2.460188865661621,2.178292989730835,2.2066540718078613,2.0493414402008057,2.0506365299224854,2.0964877605438232,2.212160110473633,2.36346173286438,2.5200846195220947,2.7972326278686523,2.912557363510132,2.9730119705200195,2.879026174545288,3.164289951324463,3.150127410888672,2.9877593517303467,2.748016357421875,2.7767345905303955,2.700589418411255,2.700899839401245,2.800933361053467,2.7070562839508057,3.044637680053711,3.0169291496276855,3.1927835941314697,3.2020177841186523,3.5395729541778564,3.693864345550537,3.931187868118286,4.1401448249816895
A9,2.4324138164520264,2.1271164417266846,1.8574137687683105,1.5527055263519287,1.290155291557312,0.9610901474952698,0.6470043659210205,0.37843888998031616,0.0,0.38328230381011963,0.5275368094444275,0.7554221749305725,0.8477017879486084,1.2406867742538452,1.3841735124588013,2.283749580383301,1.8965388536453247,1.820682168006897,1.4547706842422485,1.331055998802185,1.0145169496536255,1.0013599395751953,0.8644880056381226,0.9378930926322937,1.109574794769287,1.2378959655761719,1.301876187324524,1.3121168613433838,1.6234898567199707,1.7302732467651367,2.4191038608551025,2.056985855102539,2.0436851978302,1.7460054159164429,1.6874343156814575,1.5256767272949219,1.5919926166534424,1.5619494915008545,1.670854091644287,1.8479125499725342,1.954574465751648,1.9574875831604004,1.8695321083068848,2.131255865097046,2.1219067573547363,2.692152500152588,2.3839523792266846,2.4063806533813477,2.1981616020202637,2.176093816757202,2.1546361446380615,2.2308640480041504,2.3354716300964355,2.4434139728546143,2.7169055938720703,2.786463499069214,2.8280224800109863,2.7525675296783447,3.026130199432373,3.0408761501312256,3.1710498332977295,2.9068939685821533,2.946183443069458,2.827561616897583,2.8289058208465576,2.881891965866089,2.778278112411499,3.09833025932312,3.0346713066101074,3.230386972427368,3.199868679046631,3.53064227104187,3.71924090385437,3.9400227069854736,4.175394058227539
A10,2.5266401767730713,2.2457098960876465,2.000814437866211,1.70209801197052,1.4979175329208374,1.1679160594940186,0.9147430658340454,0.5742974281311035,0.38328230381011963,0.0,0.3756368160247803,0.5334798693656921,0.5817117094993591,0.9614477753639221,1.1201963424682617,2.2737720012664795,1.8968780040740967,1.853172779083252,1.473694086074829,1.408136010169983,1.0508501529693604,1.066888689994812,0.8149464726448059,0.8888833522796631,0.9219351410865784,1.0736258029937744,1.0467352867126465,0.9791620969772339,1.2655596733093262,1.3505650758743286,2.3220133781433105,1.9641804695129395,1.9956551790237427,1.6774952411651611,1.6750160455703735,1.468912124633789,1.575637936592102,1.4740887880325317,1.6003862619400024,1.7012778520584106,1.8267608880996704,1.7685260772705078,1.6225967407226562,1.8446016311645508,1.7991057634353638,2.549816370010376,2.244436502456665,2.3156540393829346,2.0930278301239014,2.1227149963378906,2.07346773147583,2.1911046504974365,2.2498674392700195,2.3768248558044434,2.607328176498413,2.685953378677368,2.6814193725585938,2.562588930130005,2.80576229095459,2.788861036300659,3.0131945610046387,2.761012554168701,2.8480794429779053,2.73543643951416,2.7856271266937256,2.844184160232544,2.788424253463745,3.1207375526428223,3.08243727684021,3.3127126693725586,3.2969655990600586,3.6074459552764893,3.809617757797241,4.049924850463867,4.298030376434326
A11,2.878941774368286,2.591547966003418,2.3321428298950195,2.033186435699463,1.7941454648971558,1.4654760360717773,1.1625783443450928,0.8604245185852051,0.5275368094444275,0.3756368160247803,0.0,0.37481778860092163,0.6601599454879761,0.994178295135498,1.2700345516204834,2.641587734222412,2.262324810028076,2.1967978477478027,1.8151880502700806,1.7057623863220215,1.3348562717437744,1.2563706636428833,0.9745640754699707,0.8916608095169067,0.9197110533714294,0.9298508167266846,0.8873826861381531,0.9312381744384766,1.2108173370361328,1.3957138061523438,2.672335624694824,2.30791974067688,2.3175642490386963,1.9796710014343262,1.936752200126648,1.686262845993042,1.7210055589675903,1.572243094444275,1.610579490661621,1.7046946287155151,1.7522038221359253,1.6683558225631714,1.5765389204025269,1.781653642654419,1.8018163442611694,2.8656229972839355,2.5445055961608887,2.600456476211548,2.344433546066284,2.3439738750457764,2.242602825164795,2.313382387161255,2.332167625427246,2.402985095977783,2.6298954486846924,2.655832529067993,2.634706735610962,2.5434186458587646,2.7713913917541504,2.7905611991882324,3.286684513092041,3.015376329421997,3.101724863052368,2.9533028602600098,2.99458384513855,3.009687900543213,2.9372410774230957,3.2464351654052734,3.170621633529663,3.4098949432373047,3.3543448448181152,3.6582579612731934,3.888479709625244,4.107222080230713,4.375764846801758
A12,2.9991707801818848,2.7008285522460938,2.48306941986084,2.1606173515319824,1.9705719947814941,1.6132608652114868,1.3724751472473145,1.0198326110839844,0.7554221749305725,0.5334798693656921,0.37481778860092163,0.0,0.38080719113349915,0.6502341628074646,0.9760113954544067,2.7403740882873535,2.373903512954712,2.364964246749878,1.9893584251403809,1.9411946535110474,1.5825226306915283,1.5680804252624512,1.2782354354858398,1.2327826023101807,1.1866917610168457,1.1926231384277344,1.0372728109359741,0.9887773990631104,1.1619528532028198,1.3030565977096558,2.7757763862609863,2.4333462715148926,2.4970598220825195,2.176267147064209,2.1882801055908203,1.9517277479171753,2.0314149856567383,1.8679169416427612,1.926327109336853,1.9732528924942017,2.027329444885254,1.8894100189208984,1.7508530616760254,1.8899651765823364,1.8646867275238037,2.985650062561035,2.690606117248535,2.7933669090270996,2.557504415512085,2.6021573543548584,2.512162923812866,2.6176223754882812,2.622633695602417,2.7101757526397705,2.9099478721618652,2.9411072731018066,2.885751724243164,2.7613813877105713,2.9545528888702393,2.9414491653442383,3.4335224628448486,3.1905200481414795,3.3100810050964355,3.188544750213623,3.25994610786438,3.2969577312469482,3.250246524810791,3.570484161376953,3.51247501373291,3.758415699005127,3.714031219482422,4.014078617095947,4.2426323890686035,4.469074726104736,4.73609733581543
A13,2.8008008003234863,2.5051939487457275,2.3304882049560547,2.0002896785736084,1.8741155862808228,1.5107066631317139,1.3547019958496094,0.9759752154350281,0.8477017879486084,0.5817117094993591,0.6601599454879761,0.38080719113349915,0.0,0.3937516510486603,0.6165562272071838,2.517446994781494,2.1690070629119873,2.215468168258667,1.8565809726715088,1.880000114440918,1.5522887706756592,1.629047155380249,1.3610639572143555,1.414724588394165,1.3434321880340576,1.4355872869491577,1.2584220170974731,1.0956592559814453,1.218291163444519,1.238633632659912,2.5672521591186523,2.2511186599731445,2.3660154342651367,2.077681541442871,2.1513750553131104,1.9574038982391357,2.105997323989868,1.967091679573059,2.091439723968506,2.121351480484009,2.2326536178588867,2.0907883644104004,1.8931635618209839,2.0141918659210205,1.9145151376724243,2.810941219329834,2.5489919185638428,2.691514253616333,2.495732307434082,2.587932825088501,2.54154372215271,2.697171688079834,2.722722053527832,2.858083724975586,3.0465056896209717,3.119065046310425,3.0599563121795654,2.8990936279296875,3.0864720344543457,3.028843402862549,3.303293466567993,3.0946826934814453,3.233931303024292,3.1559314727783203,3.2508323192596436,3.3313393592834473,3.311361074447632,3.652494430541992,3.631495714187622,3.873950242996216,3.864609718322754,4.166865348815918,4.373524188995361,4.619973182678223,4.870672225952148
A14,3.0551140308380127,2.7678916454315186,2.6292946338653564,2.298954725265503,2.2137410640716553,1.8521618843078613,1.7316696643829346,1.352905035018921,1.2406867742538452,0.9614477753639221,0.994178295135498,0.6502341628074646,0.3937516510486603,0.0,0.41345855593681335,2.732555389404297,2.409736394882202,2.4964962005615234,2.152181386947632,2.2154288291931152,1.8953503370285034,1.9877984523773193,1.7002071142196655,1.7414129972457886,1.609222412109375,1.6755199432373047,1.42556631565094,1.213701605796814,1.2109968662261963,1.1792683601379395,2.7499301433563232,2.4625017642974854,2.6197259426116943,2.3438656330108643,2.456169605255127,2.2572689056396484,2.423428773880005,2.2545433044433594,2.375856876373291,2.355576515197754,2.460381269454956,2.268601179122925,2.0400002002716064,2.09049916267395,1.9568536281585693,2.9752259254455566,2.7392022609710693,2.923142194747925,2.736248016357422,2.8650424480438232,2.80960750579834,2.9869635105133057,2.983537435531616,3.1232478618621826,3.277395009994507,3.3469340801239014,3.2493793964385986,3.0594985485076904,3.2052149772644043,3.119302272796631,3.461406707763672,3.2792298793792725,3.454857587814331,3.392573118209839,3.5198092460632324,3.607637882232666,3.616170644760132,3.9605441093444824,3.952622652053833,4.209571361541748,4.205511093139648,4.4965410232543945,4.709776401519775,4.963144302368164,5.219324111938477
A15,2.8262195587158203,2.5503439903259277,2.4617276191711426,2.13802170753479,2.122346878051758,1.7788605690002441,1.7452772855758667,1.3835132122039795,1.3841735124588013,1.1201963424682617,1.2700345516204834,0.9760113954544067,0.6165562272071838,0.41345855593681335,0.0,2.4883522987365723,2.1965689659118652,2.339512348175049,2.0294339656829834,2.1599297523498535,1.8889806270599365,2.0574147701263428,1.8095643520355225,1.9305402040481567,1.8033809661865234,1.9405934810638428,1.709895372390747,1.4423543214797974,1.4325675964355469,1.2892545461654663,2.528125047683716,2.2789788246154785,2.483548164367676,2.2540392875671387,2.420457601547241,2.2748661041259766,2.4975740909576416,2.365487575531006,2.5441176891326904,2.5239109992980957,2.6803793907165527,2.505354881286621,2.2398488521575928,2.2935144901275635,2.100977897644043,2.792414665222168,2.5985116958618164,2.814840793609619,2.6771774291992188,2.845351219177246,2.839477777481079,3.0579447746276855,3.083043336868286,3.2662601470947266,3.4167592525482178,3.527423620223999,3.439223051071167,3.224654197692871,3.374666929244995,3.2521214485168457,3.3227968215942383,3.179126024246216,3.3652939796447754,3.3495919704437256,3.492246150970459,3.6234524250030518,3.65264892578125,4.013081073760986,4.039957046508789,4.2867536544799805,4.317099094390869,4.611056804656982,4.798299312591553,5.068841934204102,5.304957389831543
B1,0.6993245482444763,0.8372094631195068,0.9241631031036377,1.0855295658111572,1.3773964643478394,1.5543785095214844,1.832444429397583,1.937071442604065,2.283749580383301,2.2737720012664795,2.641587734222412,2.7403740882873535,2.517446994781494,2.732555389404297,2.4883522987365723,0.0,0.3891511559486389,0.6408722400665283,0.9300342798233032,1.2579283714294434,1.5293076038360596,1.8861016035079956,2.0571136474609375,2.439526319503784,2.4984631538391113,2.867579936981201,2.937028169631958,2.727030038833618,2.934382200241089,2.7332937717437744,0.6687198877334595,0.7344529032707214,0.8865994215011597,1.1595395803451538,1.4139071702957153,1.7197604179382324,2.0586366653442383,2.2714710235595703,2.6421244144439697,2.75124454498291,3.095797300338745,3.1857876777648926,2.9595608711242676,3.195887327194214,2.9767227172851562,1.2421531677246094,1.2713011503219604,1.344295859336853,1.5781618356704712,1.7537574768066406,2.0886940956115723,2.3748509883880615,2.6403141021728516,2.9780986309051514,3.1685068607330322,3.4698994159698486,3.5752980709075928,3.4004178047180176,3.677468776702881,3.5316386222839355,1.8984280824661255,1.8776437044143677,1.8636866807937622,2.0707802772521973,2.120143413543701,2.453848361968994,2.503162384033203,2.8573131561279297,3.0515029430389404,3.1505987644195557,3.3726861476898193,3.6486759185791016,3.6364998817443848,3.9565134048461914,4.035086631774902
B2,0.8131876587867737,0.7809401154518127,0.7332441806793213,0.8036925196647644,1.049046277999878,1.192744493484497,1.4519318342208862,1.5521663427352905,1.8965388536453247,1.8968780040740967,2.262324810028076,2.373903512954712,2.1690070629119873,2.409736394882202,2.1965689659118652,0.3891511559486389,0.0,0.3772987723350525,0.567750096321106,0.9157359600067139,1.1619179248809814,1.5295226573944092,1.6948001384735107,2.077268600463867,2.1520824432373047,2.5147197246551514,2.5905680656433105,2.3974030017852783,2.6264028549194336,2.455296277999878,0.7919057011604309,0.6495948433876038,0.7689033150672913,0.929584801197052,1.162215232849121,1.4358395338058472,1.7715749740600586,1.9746023416519165,2.336263656616211,2.4625916481018066,2.792372703552246,2.8794679641723633,2.6649272441864014,2.91605806350708,2.718862295150757,1.3267812728881836,1.243460774421692,1.302555799484253,1.448203206062317,1.594748616218567,1.8953086137771606,2.1648576259613037,2.424156427383423,2.743023157119751,2.955876350402832,3.2334914207458496,3.336196184158325,3.173224449157715,3.4604413509368896,3.3371896743774414,1.9803575277328491,1.8898234367370605,1.8826310634613037,2.0225818157196045,2.0599348545074463,2.3547067642211914,2.373770236968994,2.7393555641174316,2.894843816757202,3.0132761001586914,3.200261116027832,3.494391918182373,3.515437126159668,3.8262226581573486,3.933368682861328
B3,0.9205452799797058,0.901861846446991,0.7024596333503723,0.8269290924072266,0.9498541355133057,1.148579478263855,1.3432364463806152,1.5014986991882324,1.820682168006897,1.853172779083252,2.1967978477478027,2.364964246749878,2.215468168258667,2.4964962005615234,2.339512348175049,0.6408722400665283,0.3772987723350525,0.0,0.3834284543991089,0.6331577301025391,0.9547911882400513,1.283242106437683,1.5074410438537598,1.8828022480010986,1.9958807229995728,2.35532808303833,2.4817559719085693,2.3344836235046387,2.601606845855713,2.4767513275146484,0.8895317316055298,0.6581875681877136,0.5721274614334106,0.7130540013313293,0.8544333577156067,1.1728236675262451,1.476119041442871,1.7247439622879028,2.0781428813934326,2.238354206085205,2.562659740447998,2.691408157348633,2.5152435302734375,2.79941463470459,2.6425273418426514,1.322599172592163,1.1651207208633423,1.1183470487594604,1.2298228740692139,1.3037910461425781,1.6165502071380615,1.8528720140457153,2.1399903297424316,2.4478275775909424,2.6825242042541504,2.9570364952087402,3.0908050537109375,2.9598333835601807,3.270814895629883,3.17978835105896,1.9046353101730347,1.75437331199646,1.6906166076660156,1.7835407257080078,1.7722210884094238,2.0468294620513916,2.032740354537964,2.393332004547119,2.53580379486084,2.6455183029174805,2.8284902572631836,3.1271915435791016,3.1478755474090576,3.454364776611328,3.5645344257354736
B4,1.2225042581558228,1.097522258758545,0.8418116569519043,0.8020864725112915,0.8136958479881287,0.904783308506012,1.0345170497894287,1.152124047279358,1.4547706842422485,1.473694086074829,1.8151880502700806,1.9893584251403809,1.8565809726715088,2.152181386947632,2.0294339656829834,0.9300342798233032,0.567750096321106,0.3834284543991089,0.0,0.377663791179657,0.6010817289352417,0.9620909690856934,1.1501768827438354,1.5299088954925537,1.641156554222107,1.9964895248413086,2.1151909828186035,1.9748950004577637,2.254192352294922,2.1540441513061523,1.078296184539795,0.7448667883872986,0.6881713271141052,0.6055373549461365,0.723109781742096,0.9419894814491272,1.2519562244415283,1.4581043720245361,1.803115963935852,1.9636969566345215,2.273298740386963,2.3814356327056885,2.20505690574646,2.492659091949463,2.3499319553375244,1.4495174884796143,1.2157692909240723,1.200965166091919,1.1969155073165894,1.2616972923278809,1.5002535581588745,1.7273874282836914,1.9815126657485962,2.2686212062835693,2.512873888015747,2.759413957595825,2.872424364089966,2.7406539916992188,3.0497589111328125,2.9716882705688477,2.014993906021118,1.8204342126846313,1.7982455492019653,1.8273273706436157,1.833187460899353,2.057217836380005,2.0315897464752197,2.4014813899993896,2.5040128231048584,2.6504266262054443,2.791064977645874,3.0997793674468994,3.1660146713256836,3.464433431625366,3.611560344696045
B5,1.4385913610458374,1.2979673147201538,0.9634727239608765,0.9236520528793335,0.7704988121986389,0.877631425857544,0.8908286690711975,1.0789989233016968,1.331055998802185,1.408136010169983,1.7057623863220215,1.9411946535110474,1.880000114440918,2.2154288291931152,2.1599297523498535,1.2579283714294434,0.9157359600067139,0.6331577301025391,0.377663791179657,0.0,0.3930225670337677,0.668781578540802,0.9481480121612549,1.3033356666564941,1.483821153640747,1.816422462463379,1.9947377443313599,1.9223525524139404,2.2442383766174316,2.209826946258545,1.3804222345352173,1.0323944091796875,0.8552916049957275,0.6812410950660706,0.5815805196762085,0.769004225730896,0.9924397468566895,1.2451555728912354,1.556809663772583,1.7748830318450928,2.0566349029541016,2.2080776691436768,2.087839126586914,2.4123547077178955,2.3279271125793457,1.671033501625061,1.3862074613571167,1.2850003242492676,1.2025219202041626,1.1544438600540161,1.3537282943725586,1.5088154077529907,1.7830002307891846,2.032496690750122,2.315042734146118,2.5360310077667236,2.6806013584136963,2.594013214111328,2.9281487464904785,2.8967485427856445,2.1535496711730957,1.9039239883422852,1.8359953165054321,1.7923221588134766,1.7402746677398682,1.907307744026184,1.8225035667419434,2.178518295288086,2.235952615737915,2.376357316970825,2.4856274127960205,2.809504985809326,2.8909084796905518,3.172537088394165,3.333099603652954
B6,1.7719578742980957,1.5902016162872314,1.2712138891220093,1.1331992149353027,0.9281240701675415,0.870686948299408,0.7460643649101257,0.8285815715789795,1.0145169496536255,1.0508501529693604,1.3348562717437744,1.5825226306915283,1.5522887706756592,1.8953503370285034,1.8889806270599365,1.5293076038360596,1.1619179248809814,0.9547911882400513,0.6010817289352417,0.3930225670337677,0.0,0.38482779264450073,0.5737677216529846,0.9424658417701721,1.1114274263381958,1.4418182373046875,1.6081475019454956,1.5451252460479736,1.8787531852722168,1.8766900300979614,1.5736202001571655,1.1937065124511719,1.076912522315979,0.7822021245956421,0.6887349486351013,0.656374990940094,0.8596814870834351,1.013208031654358,1.3053470849990845,1.5079963207244873,1.770097255706787,1.886777400970459,1.7618662118911743,2.084111213684082,2.015770435333252,1.808300495147705,1.4860568046569824,1.4354616403579712,1.2629114389419556,1.2298072576522827,1.3206324577331543,1.4661900997161865,1.6747679710388184,1.89606773853302,2.1728453636169434,2.3598926067352295,2.4687845706939697,2.3739476203918457,2.6964409351348877,2.673980712890625,2.2650630474090576,1.9930325746536255,1.9787538051605225,1.8887856006622314,1.873808741569519,1.9902313947677612,1.9159823656082153,2.2709853649139404,2.2942731380462646,2.4798243045806885,2.5462026596069336,2.865891218185425,2.9964709281921387,3.270376205444336,3.4687888622283936
B7,2.098778486251831,1.9203583002090454,1.5751614570617676,1.4473093748092651,1.1740752458572388,1.1076197624206543,0.8616113662719727,0.9483875632286072,1.0013599395751953,1.066888689994812,1.2563706636428833,1.5680804252624512,1.629047155380249,1.9877984523773193,2.0574147701263428,1.8861016035079956,1.5295226573944092,1.283242106437683,0.9620909690856934,0.668781578540802,0.38482779264450073,0.0,0.3792164921760559,0.6602456569671631,0.9146249890327454,1.2004512548446655,1.439858078956604,1.4664169549942017,1.8333953619003296,1.9083387851715088,1.887065052986145,1.5042613744735718,1.3345338106155396,1.0079046487808228,0.7922980189323425,0.6244903802871704,0.6405245065689087,0.7794046998023987,0.9991073608398438,1.2610315084457397,1.4776650667190552,1.6357231140136719,1.5805954933166504,1.9352284669876099,1.9384909868240356,2.046215057373047,1.6931766271591187,1.594057559967041,1.3515267372131348,1.2319589853286743,1.228238821029663,1.282349705696106,1.469029426574707,1.6304593086242676,1.9368115663528442,2.0824432373046875,2.2103962898254395,2.1618971824645996,2.5013904571533203,2.529775381088257,2.4161648750305176,2.102527618408203,2.0676090717315674,1.9064252376556396,1.8580135107040405,1.8982174396514893,1.7814759016036987,2.1097488403320312,2.0782222747802734,2.278184175491333,2.2972302436828613,2.6195294857025146,2.784426212310791,3.0388646125793457,3.2642946243286133
B8,2.343367099761963,2.149949550628662,1.833054780960083,1.6577458381652832,1.4100368022918701,1.2521953582763672,0.9747493863105774,0.9090935587882996,0.8644880056381226,0.8149464726448059,0.9745640754699707,1.2782354354858398,1.3610639572143555,1.7002071142196655,1.8095643520355225,2.0571136474609375,1.6948001384735107,1.5074410438537598,1.1501768827438354,0.9481480121612549,0.5737677216529846,0.3792164921760559,0.0,0.3827997148036957,0.5601505637168884,0.8703264594078064,1.071657657623291,1.0886865854263306,1.4592492580413818,1.5577574968338013,1.995337963104248,1.6081823110580444,1.5055049657821655,1.1403945684432983,1.008931040763855,0.7304393649101257,0.763260543346405,0.7064296007156372,0.8941776156425476,1.0795735120773315,1.2819751501083374,1.3666479587554932,1.277010202407837,1.613662600517273,1.6166837215423584,2.1163268089294434,1.7567273378372192,1.7235347032546997,1.443867802619934,1.3859031200408936,1.3053532838821411,1.3853991031646729,1.479541301727295,1.6246957778930664,1.8902835845947266,2.0094828605651855,2.076017141342163,1.994529128074646,2.3045568466186523,2.3218307495117188,2.473728895187378,2.1640093326568604,2.191680908203125,2.021259307861328,2.030271053314209,2.0527148246765137,1.9801685810089111,2.3072338104248047,2.2731215953826904,2.5136876106262207,2.514385461807251,2.8155248165130615,3.014244318008423,3.269284248352051,3.5195510387420654
B9,2.712402820587158,2.509460687637329,2.1831252574920654,1.9976564645767212,1.7182978391647339,1.5386314392089844,1.2067919969558716,1.1154656410217285,0.9378930926322937,0.8888833522796631,0.8916608095169067,1.2327826023101807,1.414724588394165,1.7414129972457886,1.9305402040481567,2.439526319503784,2.077268600463867,1.8828022480010986,1.5299088954925537,1.3033356666564941,0.9424658417701721,0.6602456569671631,0.3827997148036957,0.0,0.3819189667701721,0.5531954765319824,0.8393745422363281,0.9867890477180481,1.3716151714324951,1.5646204948425293,2.3577051162719727,1.972192645072937,1.8585829734802246,1.4860671758651733,1.32102632522583,0.9974615573883057,0.8989394903182983,0.7359973788261414,0.7459845542907715,0.9385561347007751,1.0358784198760986,1.114965558052063,1.1076738834381104,1.4540386199951172,1.5433679819107056,2.435091257095337,2.065253973007202,2.020627975463867,1.704830527305603,1.611370325088501,1.4486546516418457,1.4524587392807007,1.4767824411392212,1.5357226133346558,1.8005878925323486,1.8497501611709595,1.9004615545272827,1.8579615354537964,2.1604561805725098,2.227586030960083,2.7330150604248047,2.404252767562866,2.4342031478881836,2.2179791927337646,2.217944860458374,2.176637649536133,2.0847489833831787,2.375513792037964,2.2903780937194824,2.547699213027954,2.495461940765381,2.7852444648742676,3.023449659347534,3.253199338912964,3.531853437423706
B10,2.8563380241394043,2.6691837310791016,2.370938539505005,2.1807448863983154,1.9490785598754883,1.747493863105774,1.4523606300354004,1.2854417562484741,1.109574794769287,0.9219351410865784,0.9197110533714294,1.1866917610168457,1.3434321880340576,1.609222412109375,1.8033809661865234,2.4984631538391113,2.1520824432373047,1.9958807229995728,1.641156554222107,1.483821153640747,1.1114274263381958,0.9146249890327454,0.5601505637168884,0.3819189667701721,0.0,0.37814003229141235,0.5577218532562256,0.6518374085426331,1.0265369415283203,1.2238030433654785,2.3344991207122803,1.9617215394973755,1.8969552516937256,1.5139763355255127,1.4208203554153442,1.0601005554199219,1.0250612497329712,0.7458417415618896,0.7717081308364868,0.7945924401283264,0.9191407561302185,0.8835462927818298,0.7817065119743347,1.1019816398620605,1.1683441400527954,2.3565406799316406,1.992979884147644,2.003685235977173,1.6728392839431763,1.6459057331085205,1.4441571235656738,1.5035710334777832,1.4520820379257202,1.5321747064590454,1.7255362272262573,1.7816041707992554,1.7597885131835938,1.654418706893921,1.9169857501983643,1.9475873708724976,2.625316619873047,2.3102571964263916,2.397893190383911,2.1880979537963867,2.249232053756714,2.213257074356079,2.183922052383423,2.482184410095215,2.428971767425537,2.7207834720611572,2.6857473850250244,2.9455385208129883,3.195674180984497,3.442452907562256,3.7311391830444336
B11,3.2018918991088867,2.998026132583618,2.691697120666504,2.4858038425445557,2.227238178253174,2.00504207611084,1.6743013858795166,1.4953584671020508,1.2378959655761719,1.0736258029937744,0.9298508167266846,1.1926231384277344,1.4355872869491577,1.6755199432373047,1.9405934810638428,2.867579936981201,2.5147197246551514,2.35532808303833,1.9964895248413086,1.816422462463379,1.4418182373046875,1.2004512548446655,0.8703264594078064,0.5531954765319824,0.37814003229141235,0.0,0.3788761496543884,0.6871991753578186,1.0248154401779175,1.3238794803619385,2.712385416030884,2.3398444652557373,2.268730401992798,1.8853448629379272,1.7674987316131592,1.4014601707458496,1.29788339138031,1.0014350414276123,0.8796810507774353,0.8831797242164612,0.8446945548057556,0.7529093027114868,0.7699450850486755,1.0522688627243042,1.222904086112976,2.7219600677490234,2.356940507888794,2.35899019241333,2.0151865482330322,1.9616504907608032,1.7205851078033447,1.7198963165283203,1.6199110746383667,1.6155459880828857,1.7955896854400635,1.77205491065979,1.7229506969451904,1.660204529762268,1.8950740098953247,1.9769171476364136,2.95792293548584,2.634894371032715,2.720517635345459,2.4835216999053955,2.5325818061828613,2.4518721103668213,2.402688503265381,2.6668214797973633,2.5698561668395996,2.8662567138671875,2.7847671508789062,3.0331647396087646,3.3133983612060547,3.5327084064483643,3.842223882675171
B12,3.3139100074768066,3.1017367839813232,2.825962543487549,2.594892740249634,2.3723530769348145,2.1125121116638184,1.8101049661636353,1.5619583129882812,1.301876187324524,1.0467352867126465,0.8873826861381531,1.0372728109359741,1.2584220170974731,1.42556631565094,1.709895372390747,2.937028169631958,2.5905680656433105,2.4817559719085693,2.1151909828186035,1.9947377443313599,1.6081475019454956,1.439858078956604,1.071657657623291,0.8393745422363281,0.5577218532562256,0.3788761496543884,0.0,0.3867691159248352,0.6729066967964172,1.0114686489105225,2.762274980545044,2.4045908451080322,2.39154052734375,2.0136098861694336,1.9623067378997803,1.6030229330062866,1.5715000629425049,1.2583980560302734,1.1932122707366943,1.1066539287567139,1.0910687446594238,0.874100387096405,0.7678365707397461,0.9262677431106567,1.0443328619003296,2.7716662883758545,2.4272921085357666,2.487633466720581,2.1581742763519287,2.1664321422576904,1.9361516237258911,1.990128755569458,1.8677394390106201,1.8925734758377075,2.02134108543396,2.006845235824585,1.8959417343139648,1.773351788520813,1.9470009803771973,1.9787815809249878,3.0262181758880615,2.731823205947876,2.8650596141815186,2.656768560409546,2.7502994537353516,2.6962850093841553,2.6863694190979004,2.9648256301879883,2.894261360168457,3.2013261318206787,3.136002779006958,3.3752810955047607,3.6539688110351562,3.8839573860168457,4.192789077758789
B13,3.154351234436035,2.952409029006958,2.7103359699249268,2.476203203201294,2.3056225776672363,2.0382845401763916,1.7903000116348267,1.5060819387435913,1.3121168613433838,0.9791620969772339,0.9312381744384766,0.9887773990631104,1.0956592559814453,1.213701605796814,1.4423543214797974,2.727030038833618,2.3974030017852783,2.3344836235046387,1.9748950004577637,1.9223525524139404,1.5451252460479736,1.4664169549942017,1.0886865854263306,0.9867890477180481,0.6518374085426331,0.6871991753578186,0.3867691159248352,0.0,0.38572508096694946,0.6454540491104126,2.526603937149048,2.188636302947998,2.229764223098755,1.8677842617034912,1.889326572418213,1.554069995880127,1.61370050907135,1.312314748764038,1.3508663177490234,1.2233058214187622,1.3080106973648071,1.0754398107528687,0.8279500603675842,0.9206469655036926,0.8835895657539368,2.540334939956665,2.2204904556274414,2.3350257873535156,2.0333240032196045,2.108158826828003,1.9149174690246582,2.0421576499938965,1.9337986707687378,2.027379274368286,2.129755973815918,2.173053026199341,2.0443954467773438,1.8560266494750977,2.0079307556152344,1.964826226234436,2.8274409770965576,2.5659985542297363,2.7377326488494873,2.572993278503418,2.707765579223633,2.7023370265960693,2.734380006790161,3.0409419536590576,3.0173254013061523,3.327608823776245,3.303647518157959,3.5426790714263916,3.79986310005188,4.055260181427002,4.349210739135742
