,A1,A2,A3,A4,A5,A6,A7,A8,A9,A10,A11,A12,A13,A14,A15,B1,B2,B3,B4,B5,B6,B7,B8,B9,B10,B11,B12,B13,B14,B15,C1,C2,C3,C4,C5,C6,C7,C8,C9,C10,C11,C12,C13,C14,C15,D1,D2,D3,D4,D5,D6,D7,D8,D9,D10,D11,D12,D13,D14,D15,E1,E2,E3,E4,E5,E6,E7,E8,E9,E10,E11,E12,E13,E14,E15
A1,0.0,0.3948369324207306,0.6794870495796204,1.0087103843688965,1.2580491304397583,1.5729262828826904,1.8236936330795288,2.0459771156311035,2.2565603256225586,2.396023988723755,2.757404327392578,2.9667067527770996,3.2325801849365234,3.325618267059326,3.315890312194824,0.570575475692749,0.6873300075531006,1.0888012647628784,1.2539067268371582,1.6034765243530273,1.83655846118927,2.121187210083008,2.2845828533172607,2.5133113861083984,2.7485992908477783,3.0134692192077637,3.251673698425293,3.4153597354888916,3.5176024436950684,3.514486789703369,1.3300668001174927,1.5687991380691528,1.6070319414138794,1.9830589294433594,2.089571237564087,2.3616602420806885,2.6672770977020264,2.836726188659668,2.994074821472168,3.214012622833252,3.48745059967041,3.7325620651245117,3.9879722595214844,4.001555919647217,4.293434143066406,2.3897316455841064,2.320441722869873,2.4989328384399414,2.475135564804077,2.849360942840576,2.96303391456604,3.228018045425415,3.39644455909729,3.662511110305786,3.7538812160491943,4.054778575897217,4.358541965484619,4.547446250915527,4.7801971435546875,4.832160472869873,2.7237305641174316,2.4917867183685303,2.7098777294158936,2.493802309036255,2.6414692401885986,2.876197338104248,2.8335134983062744,3.1695618629455566,3.4407856464385986,3.4539074897766113,3.7967844009399414,3.950742483139038,4.299864768981934,4.4530029296875,4.818984031677246
A2,0.3948369324207306,0.0,0.4022532105445862,0.6419158577919006,0.9071593880653381,1.2295329570770264,1.4497201442718506,1.6880111694335938,1.9086977243423462,2.028944730758667,2.3914568424224854,2.6051955223083496,2.8800811767578125,2.993128538131714,3.009145736694336,0.42041924595832825,0.31847256422042847,0.7163277268409729,0.8942832946777344,1.2243033647537231,1.4863307476043701,1.7623176574707031,1.9537264108657837,2.170289993286133,2.3874080181121826,2.6676738262176514,2.908576250076294,3.0947399139404297,3.2092602252960205,3.2356679439544678,1.2726285457611084,1.4860388040542603,1.4308512210845947,1.808512806892395,1.8726489543914795,2.1128737926483154,2.4324281215667725,2.583869695663452,2.712036371231079,2.950601100921631,3.215564012527466,3.480870485305786,3.751997947692871,3.7957491874694824,4.081192493438721,2.378173828125,2.337881088256836,2.4728739261627197,2.4716506004333496,2.8463289737701416,2.925532817840576,3.2201876640319824,3.3472957611083984,3.6179139614105225,3.7476871013641357,4.03685188293457,4.327042102813721,4.521147727966309,4.777165412902832,4.848695278167725,2.91125226020813,2.653989315032959,2.8496487140655518,2.6080782413482666,2.777827739715576,2.9720959663391113,2.8978054523468018,3.238602876663208,3.48335862159729,3.4723567962646484,3.8045341968536377,3.92822265625,4.277808666229248,4.404895782470703,4.774972915649414
A3,0.6794870495796204,0.4022532105445862,0.0,0.39203712344169617,0.6763215065002441,0.9220777153968811,1.2026501893997192,1.3828184604644775,1.608918309211731,1.7860780954360962,2.13429856300354,2.315639019012451,2.591989040374756,2.6735951900482178,2.683692216873169,0.3375120460987091,0.2280331403017044,0.4764043092727661,0.7084125876426697,1.0257318019866943,1.230432391166687,1.5584207773208618,1.7021414041519165,1.8844873905181885,2.138726234436035,2.410580635070801,2.6199140548706055,2.787421226501465,2.872600793838501,2.8878085613250732,1.0688979625701904,1.3299555778503418,1.2638734579086304,1.6534498929977417,1.7587696313858032,1.9449527263641357,2.2954485416412354,2.3912644386291504,2.5382957458496094,2.8090288639068604,3.039534091949463,3.2995307445526123,3.592973470687866,3.652738094329834,3.9548416137695312,2.5542986392974854,2.4787847995758057,2.5569732189178467,2.515594482421875,2.881483554840088,2.910996437072754,3.1984050273895264,3.2918038368225098,3.590010166168213,3.7358083724975586,3.9974489212036133,4.292126178741455,4.511384963989258,4.767920017242432,4.869597911834717,3.097524404525757,2.8101038932800293,2.9588875770568848,2.676016330718994,2.8137948513031006,2.9693562984466553,2.843907117843628,3.1774508953094482,3.394554376602173,3.340914487838745,3.6706602573394775,3.766309976577759,4.121099948883057,4.219701766967773,4.5934624671936035
A4,1.0087103843688965,0.6419158577919006,0.39203712344169617,0.0,0.38914793729782104,0.6183755397796631,0.8367517590522766,1.0480495691299438,1.291837215423584,1.4352010488510132,1.7859337329864502,1.976686954498291,2.265890121459961,2.379254102706909,2.426176071166992,0.6360747218132019,0.3311668932437897,0.08490005880594254,0.4313104450702667,0.665542721748352,0.9252121448516846,1.2360807657241821,1.4260903596878052,1.5837798118591309,1.8063815832138062,2.1026675701141357,2.316119432449341,2.5178065299987793,2.621716260910034,2.6800262928009033,1.2369723320007324,1.4311254024505615,1.2561416625976562,1.6134291887283325,1.6530742645263672,1.7889447212219238,2.1445136070251465,2.2174317836761475,2.3195910453796387,2.608362913131714,2.827057361602783,3.1107404232025146,3.418342113494873,3.5128817558288574,3.8016157150268555,2.609010934829712,2.5701401233673096,2.6123955249786377,2.6018218994140625,2.958966016769409,2.9600255489349365,3.273174524307251,3.3262369632720947,3.6195294857025146,3.8009777069091797,4.051096439361572,4.326879978179932,4.545037269592285,4.823409557342529,4.939305782318115,3.3191990852355957,3.0212316513061523,3.157378673553467,2.865922689437866,3.0271730422973633,3.1492726802825928,3.005554437637329,3.337785005569458,3.529005527496338,3.458648204803467,3.7718396186828613,3.838115692138672,4.18770694732666,4.261070251464844,4.634685039520264
A5,1.2580491304397583,0.9071593880653381,0.6763215065002441,0.38914793729782104,0.0,0.3883187174797058,0.6032115817070007,0.871551513671875,1.0216057300567627,1.14167058467865,1.502301812171936,1.7282272577285767,1.98200523853302,2.103177547454834,2.126232862472534,0.7772384881973267,0.602291464805603,0.3574390411376953,0.7125409841537476,0.7544289827346802,1.0329136848449707,1.328225016593933,1.537139654159546,1.6083143949508667,1.80802583694458,2.131864309310913,2.3060085773468018,2.5325324535369873,2.61021089553833,2.702364206314087,1.5673795938491821,1.7812340259552002,1.5938684940338135,1.9334818124771118,1.9574726819992065,2.042393684387207,2.402914047241211,2.435016632080078,2.5075392723083496,2.818819046020508,3.009644031524658,3.3064072132110596,3.6314597129821777,3.755850076675415,4.039108753204346,2.969306468963623,2.9473438262939453,2.9854156970977783,2.981431484222412,3.3350021839141846,3.3235836029052734,3.6392853260040283,3.675410270690918,3.9721179008483887,4.165011405944824,4.405588150024414,4.676609039306641,4.898947715759277,5.182728290557861,5.30698299407959,3.699716091156006,3.4063267707824707,3.5458436012268066,3.2534189224243164,3.408407688140869,3.52644944190979,3.3705861568450928,3.6987345218658447,3.879305362701416,3.7900373935699463,4.099462032318115,4.148022174835205,4.497735977172852,4.55018949508667,4.92390775680542
A6,1.5729262828826904,1.2295329570770264,0.9220777153968811,0.6183755397796631,0.3883187174797058,0.0,0.3761301636695862,0.5142806172370911,0.6873608827590942,0.89377760887146,1.2239130735397339,1.4008029699325562,1.6699676513671875,1.7662327289581299,1.8087999820709229,1.0761276483535767,0.9118696451187134,0.5632774829864502,0.7782252430915833,0.6885296106338501,0.8457909822463989,1.1552112102508545,1.3081047534942627,1.3101767301559448,1.532126545906067,1.8462867736816406,1.9810982942581177,2.1979780197143555,2.2514052391052246,2.3504209518432617,1.585196852684021,1.7824424505233765,1.5697927474975586,1.872248649597168,1.905839204788208,1.919465184211731,2.2886526584625244,2.260309934616089,2.331800937652588,2.6678884029388428,2.8173398971557617,3.1093177795410156,3.4518563747406006,3.5979175567626953,3.8867905139923096,3.126157283782959,3.0860555171966553,3.075528144836426,3.0502853393554688,3.386587142944336,3.3315868377685547,3.6419334411621094,3.6404571533203125,3.9510421752929688,4.162830352783203,4.375611305236816,4.640947341918945,4.8798041343688965,5.166991710662842,5.317312717437744,3.8893675804138184,3.575320243835449,3.6775200366973877,3.35970401763916,3.4974749088287354,3.576500177383423,3.383052349090576,3.698484182357788,3.8471176624298096,3.7230989933013916,4.0189409255981445,4.035438537597656,4.3816375732421875,4.402857303619385,4.77445650100708
A7,1.8236936330795288,1.4497201442718506,1.2026501893997192,0.8367517590522766,0.6032115817070007,0.3761301636695862,0.0,0.37350061535835266,0.5410040616989136,0.6089677214622498,0.9543090462684631,1.1669323444366455,1.4559662342071533,1.6200628280639648,1.7249428033828735,1.3684055805206299,1.138985514640808,0.759773850440979,0.8697633147239685,0.6163898706436157,0.8007215261459351,1.0009299516677856,1.2186405658721924,1.1809682846069336,1.3201067447662354,1.6643465757369995,1.808995246887207,2.075368642807007,2.1635313034057617,2.319272518157959,1.8455595970153809,1.9833779335021973,1.710476279258728,1.9664244651794434,1.9288877248764038,1.9061956405639648,2.25225830078125,2.2167582511901855,2.2281970977783203,2.56408429145813,2.7058870792388916,3.0193653106689453,3.3636527061462402,3.5390470027923584,3.804287910461426,3.1739535331726074,3.172252655029297,3.1456782817840576,3.1561124324798584,3.4823122024536133,3.4175472259521484,3.7479498386383057,3.7211780548095703,4.015327453613281,4.252072334289551,4.46079158782959,4.705261707305908,4.933668613433838,5.23879337310791,5.392329692840576,4.06043815612793,3.7469217777252197,3.849837303161621,3.537973403930664,3.702080011367798,3.7651207447052,3.573719024658203,3.8883137702941895,4.023183822631836,3.900283098220825,4.180184841156006,4.180257320404053,4.516997337341309,4.525004863739014,4.892213344573975
A8,2.0459771156311035,1.6880111694335938,1.3828184604644775,1.0480495691299438,0.871551513671875,0.5142806172370911,0.37350061535835266,0.0,0.37343281507492065,0.6079055666923523,0.8501922488212585,0.9523541927337646,1.2709404230117798,1.3842827081680298,1.5148197412490845,1.5777887105941772,1.371523141860962,0.976449191570282,1.0162649154663086,0.745883584022522,0.7342209219932556,0.9386869072914124,1.0476700067520142,0.9240594506263733,1.110464334487915,1.4255291223526,1.5192193984985352,1.7601896524429321,1.8160133361816406,1.9672558307647705,1.8304044008255005,1.9559345245361328,1.6846743822097778,1.9015952348709106,1.8916186094284058,1.8049284219741821,2.154245376586914,2.0568628311157227,2.082918643951416,2.4388341903686523,2.535999298095703,2.8340649604797363,3.1924314498901367,3.3798584938049316,3.655395984649658,3.299675464630127,3.2687740325927734,3.201258420944214,3.1813862323760986,3.489213228225708,3.3860020637512207,3.7020158767700195,3.6454713344573975,3.954141855239868,4.200542449951172,4.381595611572266,4.623996734619141,4.869716167449951,5.171489238739014,5.348649501800537,4.172553062438965,3.841895818710327,3.9088048934936523,3.5750722885131836,3.7155935764312744,3.7450337409973145,3.5205323696136475,3.8196520805358887,3.925769090652466,3.7713727951049805,4.038497447967529,4.011343002319336,4.3437018394470215,4.32466983795166,4.688268661499023
A9,2.2565603256225586,1.9086977243423462,1.608918309211731,1.291837215423584,1.0216057300567627,0.6873608827590942,0.5410040616989136,0.37343281507492065,0.0,0.3827134072780609,0.587374210357666,0.7319787740707397,0.983625054359436,1.095373511314392,1.1896040439605713,1.7448523044586182,1.5915777683258057,1.225717306137085,1.3418244123458862,1.0806071758270264,1.1062906980514526,1.2793254852294922,1.3855485916137695,1.1983624696731567,1.33920419216156,1.6462548971176147,1.6763854026794434,1.9215680360794067,1.9306470155715942,2.1058287620544434,2.1414029598236084,2.298452854156494,2.045727014541626,2.269265651702881,2.2642641067504883,2.1668691635131836,2.5104269981384277,2.3929388523101807,2.4039740562438965,2.763582468032837,2.837040424346924,3.1342344284057617,3.4984593391418457,3.702021360397339,3.9721226692199707,3.6529290676116943,3.6283416748046875,3.5700438022613525,3.5503830909729004,3.8605754375457764,3.7573280334472656,4.070075035095215,4.01131534576416,4.322784423828125,4.569425582885742,4.745932579040527,4.988374710083008,5.237191677093506,5.53824520111084,5.7189040184021,4.510796070098877,4.184818744659424,4.259798526763916,3.92685866355896,4.059500694274902,4.095391750335693,3.8669183254241943,4.163857460021973,4.268214702606201,4.103026390075684,4.370208263397217,4.335033416748047,4.667060852050781,4.6350226402282715,4.996514320373535
A10,2.396023988723755,2.028944730758667,1.7860780954360962,1.4352010488510132,1.14167058467865,0.89377760887146,0.6089677214622498,0.6079055666923523,0.3827134072780609,0.0,0.37049633264541626,0.6730088591575623,0.899156391620636,1.1288546323776245,1.2692465782165527,1.9095532894134521,1.721826434135437,1.3615339994430542,1.4660087823867798,1.1580950021743774,1.2514616250991821,1.3375684022903442,1.51810622215271,1.334424614906311,1.3740142583847046,1.7062820196151733,1.7566500902175903,2.0520999431610107,2.1018588542938232,2.32562518119812,2.4050819873809814,2.5363712310791016,2.2507598400115967,2.462089776992798,2.4008662700653076,2.3061931133270264,2.6262335777282715,2.5290937423706055,2.4869773387908936,2.8331522941589355,2.91552996635437,3.2332518100738525,3.5902957916259766,3.812014102935791,4.056607723236084,3.717728853225708,3.7333414554595947,3.684100866317749,3.702354669570923,4.012942790985107,3.9209601879119873,4.2528076171875,4.189994812011719,4.4822540283203125,4.741587162017822,4.927135467529297,5.154730796813965,5.3874831199646,5.702598571777344,5.87455415725708,4.65971565246582,4.343461513519287,4.436615943908691,4.118621826171875,4.278935432434082,4.3207173347473145,4.109152793884277,4.412519931793213,4.52094841003418,4.370804786682129,4.632728099822998,4.598280906677246,4.925097942352295,4.895245552062988,5.254434108734131
A11,2.757404327392578,2.3914568424224854,2.13429856300354,1.7859337329864502,1.502301812171936,1.2239130735397339,0.9543090462684631,0.8501922488212585,0.587374210357666,0.37049633264541626,0.0,0.3610337972640991,0.5481998324394226,0.8306119441986084,1.0394949913024902,2.2638397216796875,2.081289052963257,1.711554765701294,1.7865546941757202,1.4569637775421143,1.4831703901290894,1.5182143449783325,1.650119662284851,1.3944008350372314,1.3842660188674927,1.6781566143035889,1.660156488418579,1.954700231552124,1.9776923656463623,2.235935926437378,2.680387020111084,2.7963321208953857,2.503201961517334,2.6790456771850586,2.6109609603881836,2.468583822250366,2.769211530685425,2.629065752029419,2.563551425933838,2.9121713638305664,2.950793743133545,3.2611968517303467,3.623159170150757,3.8697822093963623,4.103419303894043,4.001845836639404,4.016826629638672,3.9421498775482178,3.9565131664276123,4.251751899719238,4.134811878204346,4.4626946449279785,4.372127056121826,4.664715766906738,4.93847131729126,5.103093147277832,5.319023609161377,5.557484149932861,5.876542568206787,6.064834117889404,4.973313808441162,4.649511337280273,4.725070953369141,4.398138046264648,4.551949501037598,4.570957183837891,4.341339111328125,4.633334636688232,4.718677520751953,4.548130989074707,4.7941670417785645,4.734086990356445,5.05147647857666,4.994789123535156,5.3461503982543945
A12,2.9667067527770996,2.6051955223083496,2.315639019012451,1.976686954498291,1.7282272577285767,1.4008029699325562,1.1669323444366455,0.9523541927337646,0.7319787740707397,0.6730088591575623,0.3610337972640991,0.0,0.37416961789131165,0.5997924208641052,0.903813898563385,2.470668077468872,2.288975715637207,1.9028409719467163,1.9370778799057007,1.603610634803772,1.5408949851989746,1.5566798448562622,1.6091874837875366,1.2937061786651611,1.2819571495056152,1.518852949142456,1.4291869401931763,1.6963021755218506,1.6827201843261719,1.9530400037765503,2.7329936027526855,2.831202507019043,2.541001081466675,2.67954683303833,2.6248888969421387,2.436068296432495,2.7238659858703613,2.5360639095306396,2.4734790325164795,2.827436923980713,2.821932077407837,3.1136434078216553,3.4813003540039062,3.739997148513794,3.975236654281616,4.117415428161621,4.112647533416748,4.005608081817627,3.9999911785125732,4.276854515075684,4.129678726196289,4.444611549377441,4.327626705169678,4.626711368560791,4.908904075622559,5.048330307006836,5.2578229904174805,5.507845878601074,5.824030876159668,6.031800270080566,5.0853681564331055,4.7491230964660645,4.795999526977539,4.454768657684326,4.592323303222656,4.582789421081543,4.32978630065918,4.606117248535156,4.665287971496582,4.471123218536377,4.700964450836182,4.615905284881592,4.9241180419921875,4.84214448928833,5.185634613037109
A13,3.2325801849365234,2.8800811767578125,2.591989040374756,2.265890121459961,1.98200523853302,1.6699676513671875,1.4559662342071533,1.2709404230117798,0.983625054359436,0.899156391620636,0.5481998324394226,0.37416961789131165,0.0,0.36915498971939087,0.6712281703948975,2.714751720428467,2.5651025772094727,2.195528268814087,2.26816987991333,1.94508695602417,1.9030108451843262,1.9289499521255493,1.9805570840835571,1.6573692560195923,1.6377485990524292,1.8513517379760742,1.7207236289978027,1.96475088596344,1.9076409339904785,2.1797127723693848,3.0524439811706543,3.172454595565796,2.895299196243286,3.0429630279541016,2.9970438480377197,2.8069002628326416,3.093064308166504,2.895190715789795,2.829455614089966,3.1811909675598145,3.1589536666870117,3.4434947967529297,3.8109562397003174,4.07836389541626,4.308631420135498,4.479912757873535,4.476882457733154,4.375821590423584,4.367802619934082,4.646834850311279,4.498998165130615,4.810312747955322,4.6919708251953125,4.994032859802246,5.275583267211914,5.410417079925537,5.620222568511963,5.873459815979004,6.188056945800781,6.3996262550354,5.433696746826172,5.099530220031738,5.150854110717773,4.808599948883057,4.939022541046143,4.9334001541137695,4.676172256469727,4.950392723083496,5.007516384124756,4.804282188415527,5.033570289611816,4.941818714141846,5.2486958503723145,5.155572891235352,5.495645999908447
A14,3.325618267059326,2.993128538131714,2.6735951900482178,2.379254102706909,2.103177547454834,1.7662327289581299,1.6200628280639648,1.3842827081680298,1.095373511314392,1.1288546323776245,0.8306119441986084,0.5997924208641052,0.36915498971939087,0.0,0.3877311050891876,2.790112018585205,2.67665958404541,2.315554141998291,2.4005372524261475,2.1066389083862305,2.0248138904571533,2.091963052749634,2.086139678955078,1.7472143173217773,1.7841414213180542,1.9585037231445312,1.779089331626892,1.961667776107788,1.8347647190093994,2.0696632862091064,3.064866065979004,3.204336643218994,2.9583446979522705,3.105750560760498,3.1019067764282227,2.9003496170043945,3.1955795288085938,2.9697937965393066,2.9395864009857178,3.299203872680664,3.2538363933563232,3.514631509780884,3.887345790863037,4.147120475769043,4.393918514251709,4.6396684646606445,4.607038497924805,4.49669075012207,4.458047389984131,4.732492923736572,4.570595741271973,4.862343788146973,4.740609645843506,5.058050155639648,5.3310065269470215,5.450783729553223,5.6695122718811035,5.93808126449585,6.240016937255859,6.46366548538208,5.526289463043213,5.185277938842773,5.219967365264893,4.865645885467529,4.968998908996582,4.954499244689941,4.679299831390381,4.9420695304870605,4.988166332244873,4.764367580413818,4.9914751052856445,4.889430999755859,5.195528507232666,5.088437557220459,5.425009250640869
A15,3.315890312194824,3.009145736694336,2.683692216873169,2.426176071166992,2.126232862472534,1.8087999820709229,1.7249428033828735,1.5148197412490845,1.1896040439605713,1.2692465782165527,1.0394949913024902,0.903813898563385,0.6712281703948975,0.3877311050891876,0.0,2.7597148418426514,2.7000162601470947,2.371652603149414,2.511005401611328,2.2562780380249023,2.2008674144744873,2.3238351345062256,2.320547103881836,2.003448486328125,2.089294672012329,2.275876522064209,2.1045196056365967,2.262185573577881,2.1037089824676514,2.293595314025879,3.117048501968384,3.299567937850952,3.0882413387298584,3.2695863246917725,3.3004093170166016,3.1243600845336914,3.4411184787750244,3.224167585372925,3.225362777709961,3.5912981033325195,3.5576748847961426,3.8126204013824463,4.188124179840088,4.43241548538208,4.6949992179870605,4.8091139793396,4.761828422546387,4.6714701652526855,4.616593837738037,4.903360843658447,4.753306865692139,5.035245895385742,4.93382453918457,5.263221740722656,5.519261360168457,5.645421504974365,5.880439281463623,6.1559929847717285,6.446869373321533,6.6664228439331055,5.619267463684082,5.2829484939575195,5.326569080352783,4.971829414367676,5.05798864364624,5.061439514160156,4.787076950073242,5.051647186279297,5.110189914703369,4.883990287780762,5.124664306640625,5.0340800285339355,5.348512172698975,5.24846076965332,5.588722229003906
B1,0.570575475692749,0.42041924595832825,0.3375120460987091,0.6360747218132019,0.7772384881973267,1.0761276483535767,1.3684055805206299,1.5777887105941772,1.7448523044586182,1.9095532894134521,2.2638397216796875,2.470668077468872,2.714751720428467,2.790112018585205,2.7597148418426514,0.0,0.3928859829902649,0.7151417136192322,1.0169379711151123,1.3011873960494995,1.5342471599578857,1.8618814945220947,2.0184707641601562,2.176395893096924,2.4265024662017822,2.7109711170196533,2.906114101409912,3.07882022857666,3.14557147026062,3.162102222442627,1.3133583068847656,1.6086318492889404,1.583402395248413,1.9763654470443726,2.088792085647583,2.2821154594421387,2.630915403366089,2.7283058166503906,2.8738770484924316,3.144883632659912,3.375960350036621,3.636781930923462,3.9302942752838135,3.98747181892395,4.289783954620361,2.7603747844696045,2.6897342205047607,2.8033394813537598,2.7627716064453125,3.133070230484009,3.185115337371826,3.4616143703460693,3.576537847518921,3.871936559677124,3.9999403953552246,4.270081520080566,4.571521759033203,4.786716938018799,5.033608913421631,5.122849464416504,3.2098042964935303,2.9460296630859375,3.120774984359741,2.8581249713897705,2.984376907348633,3.170098066329956,3.0629310607910156,3.39501690864563,3.6283581256866455,3.5834274291992188,3.9213976860046387,4.030532360076904,4.387359619140625,4.494699954986572,4.867886066436768
B2,0.6873300075531006,0.31847256422042847,0.2280331403017044,0.3311668932437897,0.602291464805603,0.9118696451187134,1.138985514640808,1.371523141860962,1.5915777683258057,1.721826434135437,2.081289052963257,2.288975715637207,2.5651025772094727,2.67665958404541,2.7000162601470947,0.3928859829902649,0.0,0.40769490599632263,0.6621227264404297,0.9585939049720764,1.225520133972168,1.5210583209991455,1.713509202003479,1.898529291152954,2.1193864345550537,2.4098451137542725,2.6345577239990234,2.828716993331909,2.9340076446533203,2.975600242614746,1.2422685623168945,1.4615206718444824,1.3513514995574951,1.728709101676941,1.7851176261901855,1.9764775037765503,2.3173999786376953,2.4296159744262695,2.546313762664795,2.8118274211883545,3.0539534091949463,3.329226016998291,3.6201391220092773,3.68965744972229,3.9781417846679688,2.5197243690490723,2.479771375656128,2.5701866149902344,2.562783718109131,2.931368112564087,2.9720876216888428,3.2760732173919678,3.367697238922119,3.6517903804779053,3.806631326675415,4.077001094818115,4.361873149871826,4.569153308868408,4.835945129394531,4.929723739624023,3.1376824378967285,2.8598554134368896,3.0268867015838623,2.758801221847534,2.922117233276367,3.082493305206299,2.9720849990844727,3.309927225112915,3.5295469760894775,3.487475872039795,3.8125977516174316,3.90836501121521,4.25971794128418,4.360029697418213,4.732985496520996
B3,1.0888012647628784,0.7163277268409729,0.4764043092727661,0.08490005880594254,0.3574390411376953,0.5632774829864502,0.759773850440979,0.976449191570282,1.225717306137085,1.3615339994430542,1.711554765701294,1.9028409719467163,2.195528268814087,2.315554141998291,2.371652603149414,0.7151417136192322,0.40769490599632263,0.0,0.39357098937034607,0.589910089969635,0.8617486357688904,1.1673256158828735,1.3669171333312988,1.5172474384307861,1.7324330806732178,2.0337278842926025,2.247323989868164,2.456139087677002,2.563847780227661,2.6315152645111084,1.2788236141204834,1.4588584899902344,1.263446569442749,1.610211730003357,1.636154055595398,1.7583749294281006,2.114135980606079,2.1802902221679688,2.272467851638794,2.565336227416992,2.780100107192993,3.068356513977051,3.379060745239258,3.4813289642333984,3.7671780586242676,2.628648281097412,2.5962421894073486,2.6296474933624268,2.624312400817871,2.978454351425171,2.972494602203369,3.2900373935699463,3.333897590637207,3.6262662410736084,3.815159559249878,4.0619001388549805,4.3335185050964355,4.551790714263916,4.834410667419434,4.953856468200684,3.370540142059326,3.0702006816864014,3.2024660110473633,2.9089107513427734,3.0737552642822266,3.1881213188171387,3.039947032928467,3.371119976043701,3.5561819076538086,3.481684446334839,3.7909040451049805,3.850449800491333,4.198581695556641,4.266048431396484,4.639286994934082
B4,1.2539067268371582,0.8942832946777344,0.7084125876426697,0.4313104450702667,0.7125409841537476,0.7782252430915833,0.8697633147239685,1.0162649154663086,1.3418244123458862,1.4660087823867798,1.7865546941757202,1.9370778799057007,2.26816987991333,2.4005372524261475,2.511005401611328,1.0169379711151123,0.6621227264404297,0.39357098937034607,0.0,0.38593366742134094,0.6046332120895386,0.8716768622398376,1.072479248046875,1.2966386079788208,1.4991955757141113,1.7758653163909912,2.0304887294769287,2.2335755825042725,2.38437819480896,2.4495396614074707,1.1583665609359741,1.2355446815490723,0.9649893045425415,1.274828314781189,1.257715106010437,1.3837624788284302,1.7303106784820557,1.8175182342529297,1.904159426689148,2.1843485832214355,2.4139859676361084,2.7028932571411133,3.004459857940674,3.1030220985412598,3.3832545280456543,2.3500518798828125,2.3211371898651123,2.316850423812866,2.323242425918579,2.665839195251465,2.642230987548828,2.973576784133911,2.996900796890259,3.2814853191375732,3.4882590770721436,3.730041980743408,3.989436626434326,4.2041401863098145,4.497444152832031,4.62321662902832,3.1941077709198,2.878950357437134,2.986798048019409,2.6856143474578857,2.8702712059020996,2.9538381099700928,2.800358533859253,3.129124879837036,3.298536777496338,3.2280948162078857,3.5230376720428467,3.5740039348602295,3.9143683910369873,3.9805455207824707,4.350724220275879
B5,1.6034765243530273,1.2243033647537231,1.0257318019866943,0.665542721748352,0.7544289827346802,0.6885296106338501,0.6163898706436157,0.745883584022522,1.0806071758270264,1.1580950021743774,1.4569637775421143,1.603610634803772,1.94508695602417,2.1066389083862305,2.2562780380249023,1.3011873960494995,0.9585939049720764,0.589910089969635,0.38593366742134094,0.0,0.39112845063209534,0.5970370769500732,0.8693257570266724,1.0285005569458008,1.1821588277816772,1.4940966367721558,1.7423148155212402,1.9865846633911133,2.1502208709716797,2.2668540477752686,1.4646365642547607,1.5109747648239136,1.1887290477752686,1.4260410070419312,1.3474223613739014,1.3792511224746704,1.7181140184402466,1.7539597749710083,1.7815630435943604,2.0872912406921387,2.2856056690216064,2.5972719192504883,2.9170775413513184,3.058781623840332,3.3236756324768066,2.5780396461486816,2.5768256187438965,2.53743577003479,2.562835454940796,2.885852575302124,2.829960584640503,3.172534704208374,3.153404474258423,3.4331209659576416,3.6702821254730225,3.892242908477783,4.132017612457275,4.348010540008545,4.657083988189697,4.799570560455322,3.5233712196350098,3.2042365074157715,3.29765248298645,2.9915108680725098,3.181703805923462,3.2355215549468994,3.0624260902404785,3.3813884258270264,3.522141933441162,3.4292807579040527,3.7050724029541016,3.723329782485962,4.055367469787598,4.090587139129639,4.456883907318115
B6,1.83655846118927,1.4863307476043701,1.230432391166687,0.9252121448516846,1.0329136848449707,0.8457909822463989,0.8007215261459351,0.7342209219932556,1.1062906980514526,1.2514616250991821,1.4831703901290894,1.5408949851989746,1.9030108451843262,2.0248138904571533,2.2008674144744873,1.5342471599578857,1.225520133972168,0.8617486357688904,0.6046332120895386,0.39112845063209534,0.0,0.38510942459106445,0.5101287364959717,0.6921347379684448,0.9181626439094543,1.1856491565704346,1.426489233970642,1.6352307796478271,1.7983680963516235,1.894737720489502,1.3824282884597778,1.3845090866088867,1.043188452720642,1.215440273284912,1.1621116399765015,1.108445644378662,1.463855266571045,1.4365804195404053,1.4909157752990723,1.8224093914031982,1.9848204851150513,2.2827489376068115,2.617347240447998,2.766307830810547,3.0461790561676025,2.6213154792785645,2.583428382873535,2.487621784210205,2.4774038791656494,2.7756478786468506,2.671786069869995,3.001354694366455,2.945744037628174,3.2412872314453125,3.492328643798828,3.6846375465393066,3.921306848526001,4.155665397644043,4.463172912597656,4.631494045257568,3.5565569400787354,3.217250108718872,3.2642576694488525,2.9331493377685547,3.100369453430176,3.1103203296661377,2.900247812271118,3.2026491165161133,3.3102548122406006,3.1867034435272217,3.4474918842315674,3.4379379749298096,3.765629768371582,3.776583671569824,4.140735626220703
B7,2.121187210083008,1.7623176574707031,1.5584207773208618,1.2360807657241821,1.328225016593933,1.1552112102508545,1.0009299516677856,0.9386869072914124,1.2793254852294922,1.3375684022903442,1.5182143449783325,1.5566798448562622,1.9289499521255493,2.091963052749634,2.3238351345062256,1.8618814945220947,1.5210583209991455,1.1673256158828735,0.8716768622398376,0.5970370769500732,0.38510942459106445,0.0,0.3863773047924042,0.598853349685669,0.6717935800552368,0.9441920518875122,1.246549367904663,1.4980061054229736,1.7295621633529663,1.8739452362060547,1.6707899570465088,1.5966747999191284,1.214921474456787,1.2860289812088013,1.122550129890442,1.0068795680999756,1.304209589958191,1.276941180229187,1.2421232461929321,1.5669384002685547,1.7303297519683838,2.054635763168335,2.3848068714141846,2.562791347503662,2.8133180141448975,2.592616558074951,2.5934062004089355,2.4673283100128174,2.4974217414855957,2.770378351211548,2.6508755683898926,2.99794864654541,2.9087448120117188,3.1783385276794434,3.4578895568847656,3.6411373615264893,3.848984718322754,4.068986415863037,4.395305633544922,4.5675859451293945,3.6558544635772705,3.3191685676574707,3.3571784496307373,3.037491798400879,3.231250286102295,3.2159695625305176,3.0122151374816895,3.3052127361297607,3.392180919647217,3.2750844955444336,3.5099048614501953,3.4824509620666504,3.792462110519409,3.7915492057800293,4.145626068115234
B8,2.2845828533172607,1.9537264108657837,1.7021414041519165,1.4260903596878052,1.537139654159546,1.3081047534942627,1.2186405658721924,1.0476700067520142,1.3855485916137695,1.51810622215271,1.650119662284851,1.6091874837875366,1.9805570840835571,2.086139678955078,2.320547103881836,2.0184707641601562,1.713509202003479,1.3669171333312988,1.072479248046875,0.8693257570266724,0.5101287364959717,0.3863773047924042,0.0,0.3814381957054138,0.5925922393798828,0.7458862066268921,1.0235685110092163,1.203574299812317,1.4250844717025757,1.5274444818496704,1.5977321863174438,1.4990566968917847,1.140387773513794,1.1435145139694214,1.043534517288208,0.8275355100631714,1.1395241022109985,1.0176429748535156,1.044769287109375,1.4020169973373413,1.5133000612258911,1.8096774816513062,2.1585237979888916,2.3357601165771484,2.611900806427002,2.6816670894622803,2.6346187591552734,2.464123487472534,2.445452928543091,2.6934332847595215,2.529038906097412,2.8514742851257324,2.7322349548339844,3.0228612422943115,3.3066294193267822,3.4585440158843994,3.66936993598938,3.9117958545684814,4.228974342346191,4.426474094390869,3.678957223892212,3.3264434337615967,3.321281909942627,2.9789023399353027,3.1396613121032715,3.086690664291382,2.84655499458313,3.119967222213745,3.1757190227508545,3.0257205963134766,3.2477898597717285,3.1944546699523926,3.501758575439453,3.477341413497925,3.830091953277588
B9,2.5133113861083984,2.170289993286133,1.8844873905181885,1.5837798118591309,1.6083143949508667,1.3101767301559448,1.1809682846069336,0.9240594506263733,1.1983624696731567,1.334424614906311,1.3944008350372314,1.2937061786651611,1.6573692560195923,1.7472143173217773,2.003448486328125,2.176395893096924,1.898529291152954,1.5172474384307861,1.2966386079788208,1.0285005569458008,0.6921347379684448,0.598853349685669,0.3814381957054138,0.0,0.3790653645992279,0.5614749789237976,0.738839864730835,0.958830714225769,1.1443052291870117,1.3057324886322021,1.8548814058303833,1.803876280784607,1.4720464944839478,1.4882714748382568,1.4163668155670166,1.1669381856918335,1.448714256286621,1.2515432834625244,1.244497299194336,1.6139005422592163,1.6487380266189575,1.9373472929000854,2.304319381713867,2.5183026790618896,2.7862870693206787,3.0616304874420166,3.01550555229187,2.8415844440460205,2.8141210079193115,3.0544323921203613,2.873305559158325,3.1831870079040527,3.044048547744751,3.3400368690490723,3.6299281120300293,3.7599940299987793,3.96453857421875,4.216159343719482,4.531671047210693,4.744828701019287,4.047667503356934,3.6932013034820557,3.683366537094116,3.333707571029663,3.477311134338379,3.416034698486328,3.1566503047943115,3.419146776199341,3.4565157890319824,3.2777178287506104,3.489884853363037,3.4092588424682617,3.7111353874206543,3.6534781455993652,4.0004119873046875
B10,2.7485992908477783,2.3874080181121826,2.138726234436035,1.8063815832138062,1.80802583694458,1.532126545906067,1.3201067447662354,1.110464334487915,1.33920419216156,1.3740142583847046,1.3842660188674927,1.2819571495056152,1.6377485990524292,1.7841414213180542,2.089294672012329,2.4265024662017822,2.1193864345550537,1.7324330806732178,1.4991955757141113,1.1821588277816772,0.9181626439094543,0.6717935800552368,0.5925922393798828,0.3790653645992279,0.0,0.36501553654670715,0.6176352500915527,0.941303551197052,1.2010750770568848,1.4405159950256348,2.1733529567718506,2.0912506580352783,1.7312983274459839,1.711297869682312,1.5602107048034668,1.2930406332015991,1.505955457687378,1.3177934885025024,1.1999623775482178,1.5472220182418823,1.5666292905807495,1.8822672367095947,2.2404632568359375,2.491442918777466,2.7192740440368652,3.1410562992095947,3.136080265045166,2.9532148838043213,2.9667136669158936,3.1918838024139404,3.0094470977783203,3.334947109222412,3.1748037338256836,3.4426791667938232,3.7539069652557373,3.8802120685577393,4.057441711425781,4.291380882263184,4.623495101928711,4.835336685180664,4.230113983154297,3.882758140563965,3.8785297870635986,3.5435569286346436,3.7130236625671387,3.6437368392944336,3.397844076156616,3.656752824783325,3.684758186340332,3.5172219276428223,3.710012674331665,3.6184990406036377,3.9037904739379883,3.837378740310669,4.17293643951416
B11,3.0134692192077637,2.6676738262176514,2.410580635070801,2.1026675701141357,2.131864309310913,1.8462867736816406,1.6643465757369995,1.4255291223526,1.6462548971176147,1.7062820196151733,1.6781566143035889,1.518852949142456,1.8513517379760742,1.9585037231445312,2.275876522064209,2.7109711170196533,2.4098451137542725,2.0337278842926025,1.7758653163909912,1.4940966367721558,1.1856491565704346,0.9441920518875122,0.7458862066268921,0.5614749789237976,0.36501553654670715,0.0,0.3751371502876282,0.6498017907142639,0.9752234220504761,1.2128556966781616,2.302812099456787,2.1808149814605713,1.8370890617370605,1.7441686391830444,1.599785566329956,1.2712715864181519,1.4202193021774292,1.1607457399368286,1.026193380355835,1.3634058237075806,1.3076658248901367,1.599695086479187,1.9639698266983032,2.2340281009674072,2.458165168762207,3.2251622676849365,3.2026939392089844,2.97921085357666,2.9759716987609863,3.165433645248413,2.9464499950408936,3.2533466815948486,3.0554885864257812,3.319240093231201,3.6429874897003174,3.7365269660949707,3.8969290256500244,4.13798713684082,4.4686455726623535,4.700948238372803,4.30820894241333,3.954256534576416,3.915182590484619,3.5743114948272705,3.729952096939087,3.622872829437256,3.3586461544036865,3.5929524898529053,3.5859949588775635,3.399905204772949,3.563995122909546,3.4427409172058105,3.7097420692443848,3.6168975830078125,3.9397056102752686
B12,3.251673698425293,2.908576250076294,2.6199140548706055,2.316119432449341,2.3060085773468018,1.9810982942581177,1.808995246887207,1.5192193984985352,1.6763854026794434,1.7566500902175903,1.660156488418579,1.4291869401931763,1.7207236289978027,1.779089331626892,2.1045196056365967,2.906114101409912,2.6345577239990234,2.247323989868164,2.0304887294769287,1.7423148155212402,1.426489233970642,1.246549367904663,1.0235685110092163,0.738839864730835,0.6176352500915527,0.3751371502876282,0.0,0.3775029480457306,0.6589257121086121,0.9647958278656006,2.5050196647644043,2.4129910469055176,2.0971899032592773,2.0128133296966553,1.9152858257293701,1.5746725797653198,1.724143385887146,1.4171241521835327,1.31601083278656,1.639328122138977,1.513611078262329,1.7580424547195435,2.1243860721588135,2.408047676086426,2.6320948600769043,3.5768661499023438,3.5367279052734375,3.305948257446289,3.2782394886016846,3.4596476554870605,3.2220096588134766,3.5076966285705566,3.294856071472168,3.5697386264801025,3.891279935836792,3.959718942642212,4.119157791137695,4.374300956726074,4.695257186889648,4.945350646972656,4.615379333496094,4.255753517150879,4.203059196472168,3.850587844848633,3.9813857078552246,3.8617892265319824,3.5750486850738525,3.7949023246765137,3.7677102088928223,3.5514564514160156,3.7047224044799805,3.5573599338531494,3.817328453063965,3.69181489944458,4.006041049957275
B13,3.4153597354888916,3.0947399139404297,2.787421226501465,2.5178065299987793,2.5325324535369873,2.1979780197143555,2.075368642807007,1.7601896524429321,1.9215680360794067,2.0520999431610107,1.954700231552124,1.6963021755218506,1.96475088596344,1.961667776107788,2.262185573577881,3.07882022857666,2.828716993331909,2.456139087677002,2.2335755825042725,1.9865846633911133,1.6352307796478271,1.4980061054229736,1.203574299812317,0.958830714225769,0.941303551197052,0.6498017907142639,0.3775029480457306,0.0,0.3788645267486572,0.6371746063232422,2.5405161380767822,2.4362380504608154,2.159609079360962,2.037768602371216,1.9882259368896484,1.6256537437438965,1.74873685836792,1.3912286758422852,1.3494211435317993,1.6506292819976807,1.4646611213684082,1.6433924436569214,2.00726056098938,2.280271053314209,2.520620107650757,3.682616949081421,3.608262300491333,3.35207200050354,3.2885384559631348,3.4444339275360107,3.1776673793792725,3.431577444076538,3.1973979473114014,3.481858730316162,3.7986226081848145,3.835122585296631,3.9929938316345215,4.264472484588623,4.570792198181152,4.8408308029174805,4.653367519378662,4.287097454071045,4.201827526092529,3.839372158050537,3.940606117248535,3.792067289352417,3.4824576377868652,3.676788330078125,3.619493007659912,3.3767330646514893,3.509598731994629,3.335930109024048,3.583805799484253,3.431353807449341,3.7358579635620117
