,A1,A2,A3,A4,A5,A6,A7,A8,A9,A10,A11,A12,A13,A14,A15,B1,B2,B3,B4,B5,B6,B7,B8,B9,B10,B11,B12,B13,B14,B15,C1,C2,C3,C4,C5,C6,C7,C8,C9,C10,C11,C12,C13,C14,C15,D1,D2,D3,D4,D5,D6,D7,D8,D9,D10,D11,D12,D13,D14,D15,E1,E2,E3,E4,E5,E6,E7,E8,E9,E10,E11,E12,E13,E14,E15
A1,0.0,0.3746590316295624,0.594944953918457,0.8971229195594788,1.1930015087127686,1.4506375789642334,1.7345423698425293,1.894057035446167,2.227987051010132,2.3939108848571777,2.6568262577056885,2.887028217315674,3.0925779342651367,3.219672918319702,3.3128623962402344,1.188227653503418,1.0632355213165283,1.2595441341400146,1.3510944843292236,1.7617748975753784,1.9922047853469849,2.0186710357666016,2.4232046604156494,2.6034817695617676,2.5833096504211426,2.9286956787109375,3.0348777770996094,3.2475364208221436,3.3876967430114746,3.5093772411346436,1.9549235105514526,1.7596381902694702,2.008981466293335,2.0139288902282715,2.3953988552093506,2.5272629261016846,2.4910454750061035,2.872591018676758,3.0571775436401367,3.005335807800293,3.3558778762817383,3.423133611679077,3.660335063934326,3.7873034477233887,3.9562268257141113,2.1967532634735107,1.8489803075790405,1.9926795959472656,1.8418406248092651,2.1728169918060303,2.1996002197265625,2.4048283100128174,2.4956846237182617,2.795949697494507,2.882298231124878,3.2246506214141846,3.310063362121582,3.65097975730896,3.725235939025879,3.920442819595337,1.8488446474075317,1.457531213760376,1.340664029121399,1.1594083309173584,1.4390344619750977,1.4353997707366943,1.759008526802063,1.8105871677398682,2.1955699920654297,2.410022497177124,2.738417625427246,2.9783408641815186,3.326555013656616,3.490670680999756,3.8917348384857178
A2,0.3746590316295624,0.0,0.3956314027309418,0.6071373820304871,0.8809695243835449,1.1756006479263306,1.420247197151184,1.6285604238510132,1.9402415752410889,2.0810515880584717,2.3686933517456055,2.5843634605407715,2.814847230911255,2.936516046524048,3.057666540145874,1.070297360420227,0.8367065787315369,1.003633975982666,1.0184357166290283,1.426241397857666,1.6329960823059082,1.644832730293274,2.0496389865875244,2.2307984828948975,2.2180819511413574,2.5678658485412598,2.690078020095825,2.912060499191284,3.073704719543457,3.2102067470550537,1.7638059854507446,1.5176736116409302,1.7448159456253052,1.702103853225708,2.0716609954833984,2.1830809116363525,2.1267428398132324,2.5066444873809814,2.68607497215271,2.631871461868286,2.98465633392334,3.0586211681365967,3.30195951461792,3.441006660461426,3.6195144653320312,1.9542921781539917,1.5881088972091675,1.6930183172225952,1.5051578283309937,1.8185518980026245,1.8339266777038574,2.031094789505005,2.128227949142456,2.4268834590911865,2.512361764907837,2.8598263263702393,2.952960729598999,3.292771577835083,3.378849506378174,3.5778586864471436,1.6008617877960205,1.2044521570205688,1.025916576385498,0.8035178184509277,1.0654218196868896,1.080287218093872,1.4149340391159058,1.5088034868240356,1.8850609064102173,2.0810253620147705,2.4270105361938477,2.657937526702881,3.0182580947875977,3.1808691024780273,3.5898351669311523
A3,0.594944953918457,0.3956314027309418,0.0,0.38751256465911865,0.6257444024085999,0.8747555613517761,1.1840014457702637,1.3434648513793945,1.6609996557235718,1.8558545112609863,2.125239849090576,2.3836636543273926,2.6077466011047363,2.7717597484588623,2.9078474044799805,1.416490912437439,1.1580027341842651,1.3051143884658813,1.210730791091919,1.5917383432388306,1.7119948863983154,1.6400444507598877,2.0389885902404785,2.2002346515655518,2.130455732345581,2.4911980628967285,2.5723788738250732,2.822524309158325,2.9608042240142822,3.1309304237365723,2.0776705741882324,1.808098554611206,2.013903856277466,1.90634286403656,2.2466416358947754,2.3006067276000977,2.1811933517456055,2.541688919067383,2.696781635284424,2.594684362411499,2.94895076751709,2.9890353679656982,3.258544445037842,3.3794572353363037,3.5890095233917236,2.2309861183166504,1.8604233264923096,1.9183639287948608,1.6652965545654297,1.920460820198059,1.8582568168640137,2.0085031986236572,2.042248010635376,2.316770076751709,2.407994270324707,2.7236528396606445,2.8184421062469482,3.1758909225463867,3.2718093395233154,3.5056912899017334,1.8576300144195557,1.459687352180481,1.2455240488052368,0.9173126220703125,1.0594921112060547,0.9288102388381958,1.2281246185302734,1.2261649370193481,1.6132432222366333,1.8527653217315674,2.1662466526031494,2.42982816696167,2.7686820030212402,2.958960771560669,3.361699104309082
A4,0.8971229195594788,0.6071373820304871,0.38751256465911865,0.0,0.379825234413147,0.5825172066688538,0.8387981057167053,1.0214260816574097,1.3399944305419922,1.4987332820892334,1.7727835178375244,2.0116488933563232,2.240687370300293,2.3933265209198,2.5375900268554688,1.3897531032562256,1.1055563688278198,1.2693215608596802,1.0980452299118042,1.4321258068084717,1.5110925436019897,1.3745683431625366,1.7644375562667847,1.8805959224700928,1.779646873474121,2.1291284561157227,2.194714069366455,2.4387481212615967,2.5734102725982666,2.745602607727051,1.9653987884521484,1.6880148649215698,1.8985686302185059,1.7548593282699585,2.059536933898926,2.1030075550079346,1.9383914470672607,2.292602062225342,2.4088475704193115,2.276099443435669,2.6167099475860596,2.632425546646118,2.8954973220825195,3.0026209354400635,3.2126870155334473,2.0776984691619873,1.724495768547058,1.7707276344299316,1.4978147745132446,1.707397222518921,1.6408969163894653,1.737001657485962,1.7919409275054932,2.031914710998535,2.0814931392669678,2.3919284343719482,2.459566354751587,2.8125462532043457,2.894031286239624,3.1256396770477295,1.680409550666809,1.2976146936416626,1.0858277082443237,0.6966645121574402,0.7857441902160645,0.6456411480903625,0.8942654132843018,0.9504613280296326,1.3295589685440063,1.521226167678833,1.8469889163970947,2.0818846225738525,2.430049180984497,2.599762439727783,3.004178762435913
A5,1.1930015087127686,0.8809695243835449,0.6257444024085999,0.379825234413147,0.0,0.3810812532901764,0.6098537445068359,0.8634469509124756,1.1097558736801147,1.2889199256896973,1.5986456871032715,1.8553969860076904,2.1244006156921387,2.305312395095825,2.5041792392730713,1.6539379358291626,1.3161460161209106,1.3815593719482422,1.1118648052215576,1.3828297853469849,1.3622273206710815,1.1739723682403564,1.542523980140686,1.6764400005340576,1.5686267614364624,1.9411345720291138,2.0191009044647217,2.306800127029419,2.467386484146118,2.68700909614563,2.1282122135162354,1.805374264717102,1.9439700841903687,1.7277754545211792,1.9930055141448975,1.964203119277954,1.7584577798843384,2.083292007446289,2.2002952098846436,2.0536956787109375,2.4063479900360107,2.430548906326294,2.727933645248413,2.855942964553833,3.1022396087646484,2.173900842666626,1.812355399131775,1.7732362747192383,1.4384894371032715,1.5791397094726562,1.4288759231567383,1.5019203424453735,1.4894983768463135,1.7288055419921875,1.818044900894165,2.1147263050079346,2.224414587020874,2.5912749767303467,2.716046094894409,2.979907989501953,1.815882921218872,1.4699763059616089,1.1853348016738892,0.7917451858520508,0.6789605617523193,0.3691079318523407,0.622869074344635,0.6301655173301697,1.0072954893112183,1.2413893938064575,1.569607138633728,1.8391873836517334,2.187246084213257,2.3937928676605225,2.806246042251587
A6,1.4506375789642334,1.1756006479263306,0.8747555613517761,0.5825172066688538,0.3810812532901764,0.0,0.3811325430870056,0.49959424138069153,0.7871004939079285,1.016542911529541,1.2787883281707764,1.571091890335083,1.8124914169311523,2.0249111652374268,2.219928026199341,1.8980109691619873,1.5918585062026978,1.7012805938720703,1.423210620880127,1.652417778968811,1.5878195762634277,1.320257544517517,1.6430062055587769,1.6999518871307373,1.5045851469039917,1.849733591079712,1.8517146110534668,2.140122652053833,2.2513792514801025,2.4849748611450195,2.3597583770751953,2.0590696334838867,2.216609001159668,1.9888256788253784,2.2158219814300537,2.170506000518799,1.9120322465896606,2.206916570663452,2.265331268310547,2.0565645694732666,2.3800055980682373,2.3407771587371826,2.6382272243499756,2.721245050430298,2.9793829917907715,2.396475315093994,2.062983989715576,2.0332157611846924,1.6991790533065796,1.786051869392395,1.6137505769729614,1.6009838581085205,1.5624600648880005,1.726110577583313,1.7632858753204346,2.0091629028320312,2.073878526687622,2.4441826343536377,2.5452144145965576,2.8273773193359375,2.0124497413635254,1.680835247039795,1.4440205097198486,1.0413532257080078,0.8970315456390381,0.5610997080802917,0.5580573678016663,0.4233773946762085,0.7953979969024658,1.0262471437454224,1.304448127746582,1.5774781703948975,1.9003374576568604,2.1079814434051514,2.5073893070220947
A7,1.7345423698425293,1.420247197151184,1.1840014457702637,0.8387981057167053,0.6098537445068359,0.3811325430870056,0.0,0.3951191008090973,0.5526155233383179,0.6805552840232849,0.9980037808418274,1.249223232269287,1.5310161113739014,1.7253546714782715,1.9585222005844116,1.96961510181427,1.654689073562622,1.735125184059143,1.4116504192352295,1.5521676540374756,1.425356388092041,1.0949678421020508,1.3657562732696533,1.368601679801941,1.137891411781311,1.4743385314941406,1.474503755569458,1.7732058763504028,1.905489444732666,2.157303810119629,2.3083181381225586,2.004141330718994,2.132408857345581,1.8701337575912476,2.0388827323913574,1.9674028158187866,1.6667240858078003,1.9330710172653198,1.9491615295410156,1.710585594177246,2.018676996231079,1.9631818532943726,2.2624452114105225,2.3464245796203613,2.6141397953033447,2.288698434829712,1.9860382080078125,1.9227889776229858,1.5835713148117065,1.5968109369277954,1.4121131896972656,1.3265243768692017,1.3022816181182861,1.4139153957366943,1.406582236289978,1.647337794303894,1.6963425874710083,2.064659357070923,2.168099880218506,2.4534950256347656,1.925410270690918,1.649196982383728,1.417900562286377,1.0526164770126343,0.8119161128997803,0.5324442982673645,0.2756381630897522,0.327642560005188,0.5725257992744446,0.690491795539856,1.015883207321167,1.247475028038025,1.5993006229400635,1.7873636484146118,2.1993889808654785
A8,1.894057035446167,1.6285604238510132,1.3434648513793945,1.0214260816574097,0.8634469509124756,0.49959424138069153,0.3951191008090973,0.0,0.38255783915519714,0.6321520805358887,0.8069735169410706,1.1295709609985352,1.33953857421875,1.5847638845443726,1.7879095077514648,2.215595006942749,1.9384832382202148,2.0698468685150146,1.7740294933319092,1.9326497316360474,1.8152601718902588,1.4744449853897095,1.7143713235855103,1.6639235019683838,1.3688907623291016,1.6490305662155151,1.5490175485610962,1.8268862962722778,1.8762164115905762,2.128668785095215,2.6033358573913574,2.3281471729278564,2.4897682666778564,2.2449514865875244,2.410159111022949,2.344831943511963,2.030604124069214,2.276184320449829,2.253471851348877,1.9738268852233887,2.242879867553711,2.1213018894195557,2.407020092010498,2.431164503097534,2.6998770236968994,2.60819673538208,2.3207623958587646,2.2893543243408203,1.9651453495025635,1.9774976968765259,1.7948012351989746,1.676101803779602,1.6286319494247437,1.680525541305542,1.6305630207061768,1.8009766340255737,1.791969656944275,2.151718854904175,2.2156548500061035,2.513265371322632,2.216710090637207,1.9312940835952759,1.745888113975525,1.3690760135650635,1.1856526136398315,0.9038718938827515,0.6621677875518799,0.5078361630439758,0.6540080308914185,0.7635756134986877,0.9504072070121765,1.1834343671798706,1.4744654893875122,1.6628708839416504,2.0457799434661865
A9,2.227987051010132,1.9402415752410889,1.6609996557235718,1.3399944305419922,1.1097558736801147,0.7871004939079285,0.5526155233383179,0.38255783915519714,0.0,0.3744637072086334,0.560415506362915,0.9040180444717407,1.1613011360168457,1.4378788471221924,1.7080403566360474,2.4933037757873535,2.194673776626587,2.2782018184661865,1.9423468112945557,2.033982992172241,1.8442776203155518,1.4656932353973389,1.6242852210998535,1.5374776124954224,1.2055140733718872,1.4584496021270752,1.3306775093078613,1.6451839208602905,1.7047669887542725,2.0090904235839844,2.7970948219299316,2.5058541297912598,2.6196892261505127,2.3342719078063965,2.4448063373565674,2.3255529403686523,1.9741967916488647,2.162106513977051,2.103323221206665,1.7898021936416626,2.0348377227783203,1.8892436027526855,2.1978182792663574,2.22226619720459,2.5259218215942383,2.7499899864196777,2.477799415588379,2.3948349952697754,2.053448438644409,1.992569923400879,1.762155532836914,1.5805323123931885,1.4774842262268066,1.4565911293029785,1.395898699760437,1.5038784742355347,1.5037047863006592,1.8679070472717285,1.9640378952026367,2.2959742546081543,2.39469313621521,2.1508781909942627,1.9439738988876343,1.5946999788284302,1.3336875438690186,1.0559853315353394,0.7230067253112793,0.5577505826950073,0.43503251671791077,0.45920518040657043,0.5693581700325012,0.8354507088661194,1.121181845664978,1.3497949838638306,1.7402011156082153
A10,2.3939108848571777,2.0810515880584717,1.8558545112609863,1.4987332820892334,1.2889199256896973,1.016542911529541,0.6805552840232849,0.6321520805358887,0.3744637072086334,0.0,0.3891865015029907,0.604626476764679,0.9298434853553772,1.153759241104126,1.460599660873413,2.479813575744629,2.1926791667938232,2.2670907974243164,1.9252469539642334,1.9519681930541992,1.743059754371643,1.347828984260559,1.4427763223648071,1.2809629440307617,0.9103823900222778,1.1127212047576904,0.9592719078063965,1.2715132236480713,1.3515422344207764,1.6647796630859375,2.6820623874664307,2.4067320823669434,2.5073254108428955,2.2174692153930664,2.2785418033599854,2.160686731338501,1.792837381362915,1.9533905982971191,1.844826102256775,1.5066028833389282,1.716847538948059,1.5419546365737915,1.8347821235656738,1.8501825332641602,2.151512384414673,2.597477436065674,2.365780830383301,2.2756786346435547,1.959287405014038,1.8510737419128418,1.6498360633850098,1.4110267162322998,1.3638256788253784,1.2802927494049072,1.13143789768219,1.2314865589141846,1.1732786893844604,1.528020977973938,1.603388786315918,1.9260098934173584,2.2641332149505615,2.0747554302215576,1.8972934484481812,1.5986329317092896,1.3231576681137085,1.1417384147644043,0.7642645835876465,0.7923433184623718,0.6160001754760742,0.34593674540519714,0.5054013133049011,0.5965564250946045,0.9507056474685669,1.1074187755584717,1.5211931467056274
A11,2.6568262577056885,2.3686933517456055,2.125239849090576,1.7727835178375244,1.5986456871032715,1.2787883281707764,0.9980037808418274,0.8069735169410706,0.560415506362915,0.3891865015029907,0.0,0.3893616795539856,0.6084293723106384,0.9088906049728394,1.2045866250991821,2.7584686279296875,2.5006215572357178,2.6097259521484375,2.2847683429718018,2.3182499408721924,2.119720935821533,1.725135326385498,1.7960261106491089,1.5902656316757202,1.1962579488754272,1.2987358570098877,1.0265555381774902,1.2751331329345703,1.2379781007766724,1.5514823198318481,2.9725584983825684,2.724620819091797,2.8486852645874023,2.573681354522705,2.6242477893829346,2.5156476497650146,2.1434123516082764,2.2800769805908203,2.1308467388153076,1.76689875125885,1.9142717123031616,1.6660776138305664,1.9200608730316162,1.8568869829177856,2.1498780250549316,2.8991787433624268,2.6896119117736816,2.6242477893829346,2.3252978324890137,2.2149670124053955,2.0269126892089844,1.7687346935272217,1.7193427085876465,1.586003303527832,1.3918639421463013,1.4007422924041748,1.2540581226348877,1.5624511241912842,1.5731979608535767,1.8970624208450317,2.5507962703704834,2.367025852203369,2.22770357131958,1.9259793758392334,1.6843416690826416,1.4993046522140503,1.1326556205749512,1.0979351997375488,0.9087483286857605,0.6711238622665405,0.5774941444396973,0.5372888445854187,0.7598777413368225,0.8705257177352905,1.2452785968780518
A12,2.887028217315674,2.5843634605407715,2.3836636543273926,2.0116488933563232,1.8553969860076904,1.571091890335083,1.249223232269287,1.1295709609985352,0.9040180444717407,0.604626476764679,0.3893616795539856,0.0,0.38382774591445923,0.585345983505249,0.9443694949150085,2.83687686920166,2.598860740661621,2.702191114425659,2.3830387592315674,2.3613240718841553,2.155917167663574,1.7679364681243896,1.7739022970199585,1.498821496963501,1.100648045539856,1.0852406024932861,0.7365152835845947,0.9230529069900513,0.8532567620277405,1.183484673500061,2.9539191722869873,2.7316598892211914,2.844611644744873,2.5757036209106445,2.576653480529785,2.4753987789154053,2.101396083831787,2.201162815093994,1.9975684881210327,1.619661808013916,1.6983860731124878,1.3982226848602295,1.605051040649414,1.498399257659912,1.7808483839035034,2.8480782508850098,2.6866159439086914,2.6211190223693848,2.3574635982513428,2.2089216709136963,2.05840802192688,1.7605880498886108,1.764552354812622,1.5758792161941528,1.2980629205703735,1.2677196264266968,1.0199458599090576,1.2740164995193481,1.2215017080307007,1.5267746448516846,2.5272905826568604,2.401123046875,2.2984800338745117,2.049302339553833,1.811519742012024,1.7020353078842163,1.3311467170715332,1.3931752443313599,1.1910828351974487,0.8608034253120422,0.7852487564086914,0.5230662226676941,0.7208647727966309,0.657596230506897,1.0331286191940308
A13,3.0925779342651367,2.814847230911255,2.6077466011047363,2.240687370300293,2.1244006156921387,1.8124914169311523,1.5310161113739014,1.33953857421875,1.1613011360168457,0.9298434853553772,0.6084293723106384,0.38382774591445923,0.0,0.36855265498161316,0.6581432819366455,3.0459811687469482,2.8419792652130127,2.9839367866516113,2.688336133956909,2.685499429702759,2.5062012672424316,2.1252975463867188,2.141469955444336,1.8534719944000244,1.4615819454193115,1.4011269807815552,1.0153391361236572,1.0816667079925537,0.857241690158844,1.120295524597168,3.183467149734497,2.9931352138519287,3.13789701461792,2.8935649394989014,2.900080442428589,2.82346773147583,2.4577319622039795,2.558835506439209,2.338928461074829,1.9613465070724487,1.9995630979537964,1.6621127128601074,1.8071330785751343,1.6216646432876587,1.8586359024047852,3.1002719402313232,2.958193063735962,2.9278759956359863,2.6844608783721924,2.5535881519317627,2.4254584312438965,2.132033586502075,2.1480112075805664,1.9547585248947144,1.6639550924301147,1.6022802591323853,1.3074755668640137,1.4913190603256226,1.3523532152175903,1.6118054389953613,2.760819435119629,2.6349010467529297,2.5723071098327637,2.3200206756591797,2.121962785720825,2.0111401081085205,1.6522436141967773,1.6843488216400146,1.5068590641021729,1.2141345739364624,1.085605502128601,0.8272371292114258,0.8654717206954956,0.6943634152412415,0.937584638595581
A14,3.219672918319702,2.936516046524048,2.7717597484588623,2.3933265209198,2.305312395095825,2.0249111652374268,1.7253546714782715,1.5847638845443726,1.4378788471221924,1.153759241104126,0.9088906049728394,0.585345983505249,0.36855265498161316,0.0,0.4024776518344879,3.037506341934204,2.8628101348876953,3.0100488662719727,2.7347571849823,2.6992151737213135,2.5373475551605225,2.178351640701294,2.1662309169769287,1.8417421579360962,1.4784109592437744,1.3394355773925781,0.9473248720169067,0.8789923787117004,0.5660180449485779,0.7649227976799011,3.09948468208313,2.943787097930908,3.0914254188537598,2.8694968223571777,2.8468854427337646,2.797468662261963,2.448478937149048,2.5371201038360596,2.2879631519317627,1.9239511489868164,1.911095142364502,1.553755283355713,1.6231480836868286,1.3882933855056763,1.571512222290039,3.0020298957824707,2.9060192108154297,2.8930916786193848,2.6919403076171875,2.550752878189087,2.472043752670288,2.170132875442505,2.2453203201293945,2.0407588481903076,1.703444480895996,1.6500227451324463,1.2978631258010864,1.409827709197998,1.182313323020935,1.366794466972351,2.6830670833587646,2.605295419692993,2.586676836013794,2.3822221755981445,2.2083122730255127,2.1618010997772217,1.8164039850234985,1.9196808338165283,1.7612446546554565,1.4334570169448853,1.3625513315200806,1.0553343296051025,1.1147595643997192,0.8473677039146423,1.030166506767273
A15,3.3128623962402344,3.057666540145874,2.9078474044799805,2.5375900268554688,2.5041792392730713,2.219928026199341,1.9585222005844116,1.7879095077514648,1.7080403566360474,1.460599660873413,1.2045866250991821,0.9443694949150085,0.6581432819366455,0.4024776518344879,0.0,3.097248077392578,2.9698500633239746,3.1609323024749756,2.923658609390259,2.9123027324676514,2.7954797744750977,2.455505132675171,2.473595142364502,2.1522700786590576,1.8062182664871216,1.6682507991790771,1.2999686002731323,1.1616311073303223,0.8027241826057434,0.8037613034248352,3.1768109798431396,3.064988374710083,3.2536940574645996,3.0716311931610107,3.0664496421813965,3.060790777206421,2.733849287033081,2.8463997840881348,2.60127592086792,2.255380868911743,2.2342135906219482,1.8814424276351929,1.8959543704986572,1.6233251094818115,1.7245724201202393,3.1136794090270996,3.041745901107788,3.0785398483276367,2.909602642059326,2.8031532764434814,2.763648748397827,2.4829399585723877,2.590034246444702,2.4088118076324463,2.06885027885437,2.038834571838379,1.6793299913406372,1.7613763809204102,1.4831829071044922,1.5859695672988892,2.7756247520446777,2.7012112140655518,2.735301971435547,2.540597915649414,2.4224205017089844,2.394050121307373,2.074948310852051,2.1797831058502197,2.0694682598114014,1.770033836364746,1.7159768342971802,1.438655138015747,1.4811818599700928,1.2087798118591309,1.3104228973388672
B1,1.188227653503418,1.070297360420227,1.416490912437439,1.3897531032562256,1.6539379358291626,1.8980109691619873,1.96961510181427,2.215595006942749,2.4933037757873535,2.479813575744629,2.7584686279296875,2.83687686920166,3.0459811687469482,3.037506341934204,3.097248077392578,0.0,0.4022745192050934,0.7236204743385315,1.0236337184906006,1.2779312133789062,1.6453102827072144,1.7823008298873901,2.116572141647339,2.2436201572418213,2.3247485160827637,2.577298164367676,2.753113269805908,2.8564817905426025,3.039994478225708,3.0606887340545654,0.8172132968902588,0.7835683822631836,1.1626189947128296,1.3492542505264282,1.6962920427322388,1.9861873388290405,2.051405429840088,2.434257984161377,2.5925536155700684,2.620070695877075,2.909024715423584,3.016982316970825,3.1501047611236572,3.291311740875244,3.3605048656463623,1.1449403762817383,0.9198604822158813,1.2524751424789429,1.3386839628219604,1.6968101263046265,1.9368876218795776,2.1383655071258545,2.4110524654388428,2.679643392562866,2.6726980209350586,3.054060459136963,3.0807394981384277,3.342282772064209,3.357452630996704,3.439464807510376,0.8191266059875488,0.5601619482040405,0.7749233245849609,0.9749383330345154,1.3612350225448608,1.6467057466506958,1.9044504165649414,2.182025194168091,2.4922945499420166,2.534327268600464,2.9153778553009033,3.0207746028900146,3.406252145767212,3.46207857131958,3.857250452041626
B2,1.0632355213165283,0.8367065787315369,1.1580027341842651,1.1055563688278198,1.3161460161209106,1.5918585062026978,1.654689073562622,1.9384832382202148,2.194673776626587,2.1926791667938232,2.5006215572357178,2.598860740661621,2.8419792652130127,2.8628101348876953,2.9698500633239746,0.4022745192050934,0.0,0.40848904848098755,0.638988196849823,0.9467484951019287,1.2936718463897705,1.4244396686553955,1.779100775718689,1.9389857053756714,2.025970697402954,2.312774181365967,2.506347417831421,2.653648614883423,2.8631582260131836,2.9322621822357178,0.9280580878257751,0.7059692144393921,1.0144805908203125,1.094583511352539,1.4648079872131348,1.7003240585327148,1.7367202043533325,2.1269776821136475,2.3031346797943115,2.3245010375976562,2.6401772499084473,2.761568069458008,2.933342218399048,3.097916841506958,3.2081446647644043,1.1363749504089355,0.8024184703826904,1.0300217866897583,1.016608476638794,1.3806337118148804,1.5772438049316406,1.7928940057754517,2.0393147468566895,2.324993133544922,2.350740432739258,2.7365033626556396,2.7983875274658203,3.079873561859131,3.133417844772339,3.250821828842163,0.8008680939674377,0.44663187861442566,0.4333922863006592,0.6176091432571411,0.9908180236816406,1.2805087566375732,1.5621929168701172,1.8425242900848389,2.148768186569214,2.2095859050750732,2.5990891456604004,2.7289655208587646,3.1202268600463867,3.205796241760254,3.613790273666382
B3,1.2595441341400146,1.003633975982666,1.3051143884658813,1.2693215608596802,1.3815593719482422,1.7012805938720703,1.735125184059143,2.0698468685150146,2.2782018184661865,2.2670907974243164,2.6097259521484375,2.702191114425659,2.9839367866516113,3.0100488662719727,3.1609323024749756,0.7236204743385315,0.40848904848098755,0.0,0.40467754006385803,0.6701191663742065,1.045287847518921,1.2716403007507324,1.6022624969482422,1.8266228437423706,1.9821360111236572,2.2817490100860596,2.530524730682373,2.7026705741882324,2.959723472595215,3.056666135787964,0.9463902711868286,0.6133856177330017,0.755541980266571,0.8018202185630798,1.1966140270233154,1.4126293659210205,1.5063581466674805,1.8878693580627441,2.1150760650634766,2.191312789916992,2.5225605964660645,2.69950008392334,2.8880774974823,3.1002047061920166,3.2268123626708984,1.0472702980041504,0.6603500843048096,0.7591699361801147,0.7411397695541382,1.1326444149017334,1.338935136795044,1.6152927875518799,1.855991244316101,2.1740353107452393,2.25104022026062,2.648913621902466,2.7632739543914795,3.0410306453704834,3.1397879123687744,3.2643167972564697,0.859138548374176,0.6369452476501465,0.42819324135780334,0.7101895809173584,0.965412974357605,1.2809953689575195,1.5852985382080078,1.8789596557617188,2.15702748298645,2.2243220806121826,2.624681234359741,2.7651920318603516,3.1633453369140625,3.269002676010132,3.685919761657715
B4,1.3510944843292236,1.0184357166290283,1.210730791091919,1.0980452299118042,1.1118648052215576,1.423210620880127,1.4116504192352295,1.7740294933319092,1.9423468112945557,1.9252469539642334,2.2847683429718018,2.3830387592315674,2.688336133956909,2.7347571849823,2.923658609390259,1.0236337184906006,0.638988196849823,0.40467754006385803,0.0,0.4109809100627899,0.7004625797271729,0.8851046562194824,1.2376917600631714,1.4781758785247803,1.6255508661270142,1.9495199918746948,2.203691244125366,2.4106388092041016,2.682216167449951,2.8197953701019287,1.1906630992889404,0.8044962882995605,0.8547501564025879,0.6990564465522766,1.0597912073135376,1.1803909540176392,1.1941713094711304,1.5811740159988403,1.802600622177124,1.8504188060760498,2.2006888389587402,2.37365460395813,2.595432996749878,2.816641092300415,2.980037212371826,1.182679533958435,0.7882125377655029,0.7208529710769653,0.4911562502384186,0.8421458005905151,0.9746726155281067,1.2418404817581177,1.4603325128555298,1.7812622785568237,1.8747471570968628,2.2701752185821533,2.4058403968811035,2.698395013809204,2.824331045150757,2.980316638946533,0.9720674753189087,0.7467532753944397,0.35879775881767273,0.5030597448348999,0.6102172136306763,0.9387593865394592,1.2297013998031616,1.5380308628082275,1.7884249687194824,1.8521143198013306,2.2535083293914795,2.4024510383605957,2.800370454788208,2.923537254333496,3.3448987007141113
B5,1.7617748975753784,1.426241397857666,1.5917383432388306,1.4321258068084717,1.3828297853469849,1.652417778968811,1.5521676540374756,1.9326497316360474,2.033982992172241,1.9519681930541992,2.3182499408721924,2.3613240718841553,2.685499429702759,2.6992151737213135,2.9123027324676514,1.2779312133789062,0.9467484951019287,0.6701191663742065,0.4109809100627899,0.0,0.40457335114479065,0.7153375148773193,0.9708855748176575,1.2285479307174683,1.4610280990600586,1.748731017112732,2.0583255290985107,2.2500882148742676,2.564265489578247,2.7006373405456543,1.1726250648498535,0.7769314050674438,0.6602163314819336,0.35043761134147644,0.6615170836448669,0.7768422961235046,0.8375648260116577,1.2181196212768555,1.4562898874282837,1.5625442266464233,1.899367332458496,2.119882345199585,2.3255913257598877,2.5831139087677,2.738084316253662,1.0242878198623657,0.6883232593536377,0.42986297607421875,0.0805128812789917,0.4638451635837555,0.710175633430481,0.9925899505615234,1.2775883674621582,1.5819417238235474,1.6691763401031494,2.07114839553833,2.2211976051330566,2.4806509017944336,2.6229569911956787,2.7559235095977783,0.940155565738678,0.8824232816696167,0.5767707228660583,0.7982199192047119,0.7614843249320984,1.1200501918792725,1.326491355895996,1.6806849241256714,1.8559850454330444,1.85405695438385,2.252713203430176,2.3562543392181396,2.7541186809539795,2.8551394939422607,3.2698044776916504
B6,1.9922047853469849,1.6329960823059082,1.7119948863983154,1.5110925436019897,1.3622273206710815,1.5878195762634277,1.425356388092041,1.8152601718902588,1.8442776203155518,1.743059754371643,2.119720935821533,2.155917167663574,2.5062012672424316,2.5373475551605225,2.7954797744750977,1.6453102827072144,1.2936718463897705,1.045287847518921,0.7004625797271729,0.40457335114479065,0.0,0.4023793637752533,0.599532425403595,0.9162130355834961,1.1775411367416382,1.480050802230835,1.8123940229415894,2.043119192123413,2.3816256523132324,2.5643537044525146,1.5365188121795654,1.154811143875122,0.9989299774169922,0.6126388311386108,0.7102299332618713,0.604348361492157,0.5159275531768799,0.8915594220161438,1.1384146213531494,1.2317959070205688,1.5923327207565308,1.8287839889526367,2.074557065963745,2.3548946380615234,2.5522470474243164,1.3337373733520508,1.0513807535171509,0.7348341345787048,0.367300420999527,0.24790216982364655,0.30601048469543457,0.6112123727798462,0.8835806250572205,1.1927049160003662,1.3177499771118164,1.7153383493423462,1.9085279703140259,2.17478346824646,2.3617711067199707,2.5276436805725098,1.2593566179275513,1.2095550298690796,0.8906881809234619,0.9722841382026672,0.7524980902671814,1.0359030961990356,1.1652567386627197,1.5142844915390015,1.6178687810897827,1.5944422483444214,1.9792088270187378,2.081397294998169,2.470874071121216,2.589930534362793,3.003282308578491
B7,2.0186710357666016,1.644832730293274,1.6400444507598877,1.3745683431625366,1.1739723682403564,1.320257544517517,1.0949678421020508,1.4744449853897095,1.4656932353973389,1.347828984260559,1.725135326385498,1.7679364681243896,2.1252975463867188,2.178351640701294,2.455505132675171,1.7823008298873901,1.4244396686553955,1.2716403007507324,0.8851046562194824,0.7153375148773193,0.4023793637752533,0.0,0.40521296858787537,0.6547642350196838,0.8233919143676758,1.1700048446655273,1.466596245765686,1.7327224016189575,2.055530071258545,2.2722690105438232,1.758025050163269,1.3947104215621948,1.3241894245147705,0.9598150253295898,1.0201672315597534,0.8772229552268982,0.59296053647995,0.919948935508728,1.0607582330703735,1.022510051727295,1.399104118347168,1.568819284439087,1.8507342338562012,2.100102186203003,2.3336174488067627,1.5770677328109741,1.3058445453643799,1.059794545173645,0.6980881094932556,0.5367918014526367,0.3545916974544525,0.3911013901233673,0.6413191556930542,0.908771812915802,0.9980792999267578,1.3939800262451172,1.5716967582702637,1.870360255241394,2.0574913024902344,2.2629072666168213,1.4121638536453247,1.3152778148651123,1.0096113681793213,0.9478403925895691,0.6104467511177063,0.8099619150161743,0.8282764554023743,1.1911671161651611,1.2518374919891357,1.1964755058288574,1.581130862236023,1.6817781925201416,2.0729174613952637,2.1995763778686523,2.6168227195739746
B8,2.4232046604156494,2.0496389865875244,2.0389885902404785,1.7644375562667847,1.542523980140686,1.6430062055587769,1.3657562732696533,1.7143713235855103,1.6242852210998535,1.4427763223648071,1.7960261106491089,1.7739022970199585,2.141469955444336,2.1662309169769287,2.473595142364502,2.116572141647339,1.779100775718689,1.6022624969482422,1.2376917600631714,0.9708855748176575,0.599532425403595,0.40521296858787537,0.0,0.384536474943161,0.6985329985618591,0.9695371985435486,1.3311753273010254,1.5895969867706299,1.9560850858688354,2.186547040939331,1.9674794673919678,1.627612829208374,1.4898247718811035,1.108625888824463,1.0161876678466797,0.7644897699356079,0.37343013286590576,0.5677970051765442,0.6708292961120605,0.6612352132797241,1.0434184074401855,1.2733573913574219,1.5618013143539429,1.8569917678833008,2.103142499923706,1.715697169303894,1.5153087377548218,1.2191630601882935,0.924431562423706,0.5952426791191101,0.3857129216194153,0.07921288162469864,0.4872111976146698,0.6547266840934753,0.7365548014640808,1.1291089057922363,1.3438292741775513,1.6015268564224243,1.8286985158920288,2.025642156600952,1.6295133829116821,1.6153181791305542,1.3507901430130005,1.3375755548477173,1.0098893642425537,1.1738439798355103,1.1049679517745972,1.4417740106582642,1.3986674547195435,1.2635170221328735,1.5996817350387573,1.63737154006958,2.0055601596832275,2.1093783378601074,2.5071511268615723
B9,2.6034817695617676,2.2307984828948975,2.2002346515655518,1.8805959224700928,1.6764400005340576,1.6999518871307373,1.368601679801941,1.6639235019683838,1.5374776124954224,1.2809629440307617,1.5902656316757202,1.498821496963501,1.8534719944000244,1.8417421579360962,2.1522700786590576,2.2436201572418213,1.9389857053756714,1.8266228437423706,1.4781758785247803,1.2285479307174683,0.9162130355834961,0.6547642350196838,0.384536474943161,0.0,0.4010063409805298,0.5932634472846985,0.9740502238273621,1.2113428115844727,1.5878397226333618,1.817929744720459,2.0692028999328613,1.773511528968811,1.6863995790481567,1.3409794569015503,1.212199330329895,1.0190417766571045,0.636428713798523,0.7172871232032776,0.6006854176521301,0.4059760868549347,0.7585934400558472,0.9216920137405396,1.2055411338806152,1.4802305698394775,1.732811689376831,1.8128324747085571,1.6656877994537354,1.4268640279769897,1.1831845045089722,0.8702001571655273,0.7607168555259705,0.4209619164466858,0.6998551487922668,0.6551018953323364,0.5089918971061707,0.8920279145240784,1.020096778869629,1.2609763145446777,1.4565256834030151,1.6473829746246338,1.6970292329788208,1.7089309692382812,1.5106054544448853,1.4785867929458618,1.1671220064163208,1.3153700828552246,1.1475094556808472,1.4899418354034424,1.393448829650879,1.1575291156768799,1.4570915699005127,1.4079562425613403,1.7665740251541138,1.8158745765686035,2.2003161907196045
B10,2.5833096504211426,2.2180819511413574,2.130455732345581,1.779646873474121,1.5686267614364624,1.5045851469039917,1.137891411781311,1.3688907623291016,1.2055140733718872,0.9103823900222778,1.1962579488754272,1.100648045539856,1.4615819454193115,1.4784109592437744,1.8062182664871216,2.3247485160827637,2.025970697402954,1.9821360111236572,1.6255508661270142,1.4610280990600586,1.1775411367416382,0.8233919143676758,0.6985329985618591,0.4010063409805298,0.0,0.3955799341201782,0.6546899676322937,0.960566520690918,1.2931565046310425,1.5673418045043945,2.25313401222229,1.9696818590164185,1.9542266130447388,1.6271841526031494,1.5567004680633545,1.3971142768859863,1.0128827095031738,1.106541633605957,0.9496095776557922,0.6250985860824585,0.8855351209640503,0.8632860779762268,1.1770296096801758,1.3613266944885254,1.651329755783081,2.0462372303009033,1.8822031021118164,1.7007874250411987,1.4326435327529907,1.1853777170181274,1.0380483865737915,0.7006310224533081,0.8337393403053284,0.7032566070556641,0.42994919419288635,0.7467830181121826,0.7823249697685242,1.0922741889953613,1.2548600435256958,1.5050101280212402,1.8488517999649048,1.8046023845672607,1.6222952604293823,1.501402497291565,1.1810611486434937,1.2401314973831177,0.9721082448959351,1.2749460935592651,1.133188009262085,0.8307839632034302,1.106912612915039,1.0292450189590454,1.3990212678909302,1.4471648931503296,1.8457422256469727
B11,2.9286956787109375,2.5678658485412598,2.4911980628967285,2.1291284561157227,1.9411345720291138,1.849733591079712,1.4743385314941406,1.6490305662155151,1.4584496021270752,1.1127212047576904,1.2987358570098877,1.0852406024932861,1.4011269807815552,1.3394355773925781,1.6682507991790771,2.577298164367676,2.312774181365967,2.2817490100860596,1.9495199918746948,1.748731017112732,1.480050802230835,1.1700048446655273,0.9695371985435486,0.5932634472846985,0.3955799341201782,0.0,0.41408178210258484,0.6412729620933533,1.0242053270339966,1.2903783321380615,2.4229936599731445,2.182424545288086,2.162693738937378,1.8590514659881592,1.7248430252075195,1.577823519706726,1.2155036926269531,1.2188694477081299,0.9505565166473389,0.5874155759811401,0.6583268046379089,0.5100764632225037,0.7951303720474243,0.9670674204826355,1.2668198347091675,2.1879642009735107,2.089324712753296,1.9217685461044312,1.710910439491272,1.4347318410873413,1.3428159952163696,0.9903668165206909,1.140636682510376,0.9168426990509033,0.531773030757904,0.6809462904930115,0.5504748225212097,0.7679480910301208,0.888882577419281,1.1141849756240845,2.022584915161133,2.0373642444610596,1.9101123809814453,1.8274954557418823,1.5408244132995605,1.6224340200424194,1.341461420059204,1.6258008480072021,1.448169469833374,1.0940990447998047,1.2718265056610107,1.068527340888977,1.375780701637268,1.327459454536438,1.6798713207244873
B12,3.0348777770996094,2.690078020095825,2.5723788738250732,2.194714069366455,2.0191009044647217,1.8517146110534668,1.474503755569458,1.5490175485610962,1.3306775093078613,0.9592719078063965,1.0265555381774902,0.7365152835845947,1.0153391361236572,0.9473248720169067,1.2999686002731323,2.753113269805908,2.506347417831421,2.530524730682373,2.203691244125366,2.0583255290985107,1.8123940229415894,1.466596245765686,1.3311753273010254,0.9740502238273621,0.6546899676322937,0.41408178210258484,0.0,0.38840022683143616,0.677310049533844,1.0115536451339722,2.6708762645721436,2.450136661529541,2.4826645851135254,2.1967780590057373,2.097870349884033,1.972870945930481,1.6063393354415894,1.6277648210525513,1.3587687015533447,0.9839134812355042,0.9884191155433655,0.6812639236450195,0.8978299498558044,0.8953062891960144,1.2146673202514648,2.47525691986084,2.3730976581573486,2.2497658729553223,2.030759811401367,1.7936382293701172,1.6873412132263184,1.3406379222869873,1.4327195882797241,1.1858129501342773,0.8049527406692505,0.7997382879257202,0.4834285080432892,0.7009375691413879,0.700556218624115,0.9884897470474243,2.2554495334625244,2.2357099056243896,2.1339688301086426,1.9973819255828857,1.7277543544769287,1.748342514038086,1.415073037147522,1.6342370510101318,1.425824522972107,1.035810112953186,1.1115893125534058,0.8158386945724487,1.0764484405517578,0.9606284499168396,1.306362509727478
B13,3.2475364208221436,2.912060499191284,2.822524309158325,2.4387481212615967,2.306800127029419,2.140122652053833,1.7732058763504028,1.8268862962722778,1.6451839208602905,1.2715132236480713,1.2751331329345703,0.9230529069900513,1.0816667079925537,0.8789923787117004,1.1616311073303223,2.8564817905426025,2.653648614883423,2.7026705741882324,2.4106388092041016,2.2500882148742676,2.043119192123413,1.7327224016189575,1.5895969867706299,1.2113428115844727,0.960566520690918,0.6412729620933533,0.38840022683143616,0.0,0.41028836369514465,0.6704508662223816,2.7122957706451416,2.5422823429107666,2.593123197555542,2.3463876247406006,2.2224018573760986,2.1430656909942627,1.8103798627853394,1.8198583126068115,1.517961859703064,1.1839632987976074,1.0877639055252075,0.7375635504722595,0.7666876316070557,0.630510687828064,0.8848538398742676,2.5128371715545654,2.468085765838623,2.3817660808563232,2.2190303802490234,1.9892390966415405,1.9488070011138916,1.6140234470367432,1.7636407613754272,1.5222959518432617,1.1273221969604492,1.1064879894256592,0.7370318174362183,0.7621225118637085,0.5522690415382385,0.7067021727561951,2.307722568511963,2.335171937942505,2.2953977584838867,2.1988699436187744,1.9771130084991455,2.043025493621826,1.7275959253311157,1.9680960178375244,1.78724205493927,1.4003134965896606,1.46101975440979,1.1315486431121826,1.3232505321502686,1.1019701957702637,1.3596293926239014
