,A1,A2,A3,A4,A5,A6,A7,A8,A9,A10,A11,A12,A13,A14,A15,B1,B2,B3,B4,B5,B6,B7,B8,B9,B10,B11,B12,B13,B14,B15,C1,C2,C3,C4,C5,C6,C7,C8,C9,C10,C11,C12,C13,C14,C15,D1,D2,D3,D4,D5,D6,D7,D8,D9,D10,D11,D12,D13,D14,D15,E1,E2,E3,E4,E5,E6,E7,E8,E9,E10,E11,E12,E13,E14,E15
A1,0.0,0.38614797592163086,0.6049313545227051,0.918556272983551,1.2346736192703247,1.5150119066238403,1.8223140239715576,2.0990781784057617,2.338731527328491,2.6714885234832764,2.99969220161438,3.359959840774536,3.5625147819519043,3.926121473312378,4.182182312011719,3.200748920440674,3.0024638175964355,2.721510410308838,2.3863799571990967,2.429173469543457,2.1442294120788574,2.2859127521514893,2.245666027069092,2.569434642791748,2.818145513534546,3.1696741580963135,3.4087491035461426,3.745144844055176,3.980530261993408,4.2389655113220215,3.104318857192993,2.8226237297058105,2.4745938777923584,2.137101650238037,2.137493133544922,1.9636754989624023,2.0708045959472656,2.1726489067077637,2.5278475284576416,2.7076995372772217,3.081087350845337,3.3317623138427734,3.7031846046447754,3.9370908737182617,4.192506313323975,3.1990697383880615,2.8891007900238037,2.5339534282684326,2.158935308456421,1.966024398803711,1.9111788272857666,1.7880452871322632,2.043304681777954,2.312870979309082,2.417794704437256,2.78666353225708,3.1040210723876953,3.4385039806365967,3.827768325805664,4.1479902267456055,3.5648391246795654,3.2464802265167236,2.996342897415161,2.774456739425659,2.66455078125,2.7664830684661865,2.5376813411712646,2.810511350631714,3.0002048015594482,2.826677083969116,3.1059036254882812,3.195301055908203,3.5579278469085693,3.611668825149536,4.006033420562744
A2,0.38614797592163086,0.0,0.38329455256462097,0.6098964810371399,0.8946050405502319,1.2080307006835938,1.479535698890686,1.7850629091262817,1.9923619031906128,2.3370754718780518,2.6747169494628906,3.0248751640319824,3.2263407707214355,3.596620559692383,3.850921392440796,2.9648706912994385,2.758291721343994,2.450812578201294,2.104971408843994,2.107105016708374,1.8028019666671753,1.9187977313995361,1.8745943307876587,2.193124532699585,2.4497110843658447,2.807969570159912,3.0571327209472656,3.3960282802581787,3.6449825763702393,3.909834146499634,2.917579412460327,2.63651704788208,2.264962911605835,1.9154285192489624,1.859428882598877,1.6522724628448486,1.7200270891189575,1.8111222982406616,2.1602590084075928,2.3431942462921143,2.720853090286255,2.9828922748565674,3.3581299781799316,3.606839418411255,3.8725838661193848,3.0493173599243164,2.7546157836914062,2.410057783126831,2.0212697982788086,1.781551480293274,1.719301700592041,1.5401571989059448,1.7966039180755615,2.0277225971221924,2.115959882736206,2.489032745361328,2.791146993637085,3.129012107849121,3.521677017211914,3.8463268280029297,3.4556450843811035,3.1552727222442627,2.9259250164031982,2.714275598526001,2.596588134765625,2.6970436573028564,2.4457406997680664,2.7259769439697266,2.877883195877075,2.6703426837921143,2.950897455215454,2.99743914604187,3.36452054977417,3.3920135498046875,3.7847979068756104
A3,0.6049313545227051,0.38329455256462097,0.0,0.3833993673324585,0.6655605435371399,0.9185987114906311,1.250175952911377,1.5065091848373413,1.759834885597229,2.0830042362213135,2.401862144470215,2.765963077545166,2.9744932651519775,3.3324193954467773,3.598184823989868,2.8366596698760986,2.673624038696289,2.3691298961639404,2.0425667762756348,2.0346834659576416,1.7179876565933228,1.833230972290039,1.7332700490951538,2.0514771938323975,2.2686104774475098,2.6083831787109375,2.828949213027954,3.1656854152679443,3.3889966011047363,3.651576042175293,2.744755268096924,2.5002760887145996,2.1192657947540283,1.8014010190963745,1.7475323677062988,1.5053216218948364,1.603442907333374,1.6488604545593262,2.0021657943725586,2.15266752243042,2.5175793170928955,2.7492213249206543,3.1183390617370605,3.341331958770752,3.598224639892578,2.823326587677002,2.551893711090088,2.1874396800994873,1.79600191116333,1.528715968132019,1.4088188409805298,1.2284694910049438,1.4576822519302368,1.719547986984253,1.8137787580490112,2.182659149169922,2.5012807846069336,2.835897445678711,3.223734140396118,3.5472941398620605,3.189265012741089,2.900989532470703,2.6540474891662598,2.418647050857544,2.269505500793457,2.3453638553619385,2.0784220695495605,2.350101947784424,2.497192859649658,2.2902090549468994,2.571336269378662,2.6290805339813232,2.997215509414673,3.040623426437378,3.435225486755371
A4,0.918556272983551,0.6098964810371399,0.3833993673324585,0.0,0.395969033241272,0.6284492015838623,0.9163989424705505,1.1934177875518799,1.4402434825897217,1.764312505722046,2.104475736618042,2.472963333129883,2.7084171772003174,3.0673952102661133,3.3508806228637695,2.8354320526123047,2.6744933128356934,2.340432643890381,2.0111634731292725,1.9318828582763672,1.5819283723831177,1.6249395608901978,1.4750031232833862,1.761095404624939,1.9627336263656616,2.3170931339263916,2.5280652046203613,2.883326768875122,3.1150479316711426,3.402085781097412,2.792461633682251,2.565016746520996,2.1637885570526123,1.8515230417251587,1.7205342054367065,1.4164096117019653,1.4348407983779907,1.4121567010879517,1.741609811782837,1.8572282791137695,2.2270588874816895,2.4502031803131104,2.8340766429901123,3.066617965698242,3.350449800491333,2.88985538482666,2.649722099304199,2.297316789627075,1.9048981666564941,1.5831046104431152,1.4168165922164917,1.1491661071777344,1.3194745779037476,1.5304765701293945,1.5596630573272705,1.9364902973175049,2.222088098526001,2.577953815460205,2.9615204334259033,3.307770252227783,3.270203113555908,3.0101075172424316,2.776315212249756,2.539062738418579,2.3608736991882324,2.4045310020446777,2.1005361080169678,2.349074363708496,2.4411871433258057,2.186269760131836,2.4410240650177,2.4470126628875732,2.8069987297058105,2.807647228240967,3.1973795890808105
A5,1.2346736192703247,0.8946050405502319,0.6655605435371399,0.395969033241272,0.0,0.3678031265735626,0.6108837723731995,0.9174866080284119,1.1090466976165771,1.4515364170074463,1.7821744680404663,2.1311283111572266,2.3420722484588623,2.7085025310516357,2.977278232574463,2.5064964294433594,2.357138156890869,2.0137457847595215,1.697343111038208,1.5869295597076416,1.2310367822647095,1.2657397985458374,1.099202275276184,1.3991423845291138,1.6037709712982178,1.9482332468032837,2.1746203899383545,2.5170469284057617,2.756322145462036,3.03222393989563,2.4948832988739014,2.282681703567505,1.8733164072036743,1.5778697729110718,1.400841236114502,1.0644071102142334,1.0655789375305176,1.0239453315734863,1.3598134517669678,1.4898401498794556,1.857974886894226,2.0974814891815186,2.4730582237243652,2.7149770259857178,2.9900763034820557,2.6175694465637207,2.400437355041504,2.0714304447174072,1.6874799728393555,1.334662914276123,1.1738618612289429,0.8557581901550293,1.0353363752365112,1.1904906034469604,1.2369353771209717,1.611503005027771,1.9008183479309082,2.2411134243011475,2.6335883140563965,2.965857982635498,3.0294907093048096,2.791832685470581,2.5887269973754883,2.376840829849243,2.209894895553589,2.2671058177948,1.967332363128662,2.2309226989746094,2.2889609336853027,2.0189270973205566,2.2904441356658936,2.2565019130706787,2.6254384517669678,2.619025468826294,3.0047607421875
A6,1.5150119066238403,1.2080307006835938,0.9185987114906311,0.6284492015838623,0.3678031265735626,0.0,0.3972741365432739,0.5899606943130493,0.8708128333091736,1.1692973375320435,1.4887995719909668,1.8635187149047852,2.1060898303985596,2.454519748687744,2.7504544258117676,2.5633652210235596,2.461475372314453,2.1248347759246826,1.8443658351898193,1.7011038064956665,1.3498592376708984,1.3356330394744873,1.0785229206085205,1.3242319822311401,1.4487595558166504,1.7699165344238281,1.944883108139038,2.2965550422668457,2.506535291671753,2.7964465618133545,2.5266566276550293,2.3648412227630615,1.9595474004745483,1.717422604560852,1.5277122259140015,1.162639856338501,1.1502556800842285,0.9993357062339783,1.289146900177002,1.3342945575714111,1.6770110130310059,1.862133264541626,2.2385785579681396,2.451655626296997,2.7343945503234863,2.596531391143799,2.4229736328125,2.0917446613311768,1.7285841703414917,1.3519600629806519,1.1057515144348145,0.7552057504653931,0.7974970936775208,0.9463419914245605,0.9327067136764526,1.309682846069336,1.5968925952911377,1.9515914916992188,2.333771228790283,2.682368278503418,2.9579458236694336,2.749699592590332,2.5370006561279297,2.30368971824646,2.0921595096588135,2.098398447036743,1.7680939435958862,1.9942653179168701,2.0107805728912354,1.7128887176513672,1.960221290588379,1.9062048196792603,2.269075393676758,2.253493070602417,2.6391963958740234
A7,1.8223140239715576,1.479535698890686,1.250175952911377,0.9163989424705505,0.6108837723731995,0.3972741365432739,0.0,0.3873123526573181,0.5264614224433899,0.8618183135986328,1.2193928956985474,1.5748066902160645,1.8326185941696167,2.190659999847412,2.4913647174835205,2.5396018028259277,2.4311654567718506,2.0753111839294434,1.8074525594711304,1.5882320404052734,1.2333598136901855,1.1162985563278198,0.8018872141838074,0.9796764254570007,1.089783787727356,1.4350732564926147,1.620353102684021,1.9895527362823486,2.2270891666412354,2.539358377456665,2.580806255340576,2.4304630756378174,2.027033805847168,1.7990899085998535,1.5360593795776367,1.1499435901641846,1.0170269012451172,0.7704708576202393,0.9895925521850586,0.9913812279701233,1.3450696468353271,1.5435609817504883,1.9373230934143066,2.1808884143829346,2.4935407638549805,2.6987063884735107,2.555450916290283,2.2642621994018555,1.9228417873382568,1.5371607542037964,1.3168388605117798,0.9411952495574951,0.9208123087882996,0.9060483574867249,0.7873045206069946,1.1472961902618408,1.3648264408111572,1.733049988746643,2.1121103763580322,2.475564956665039,3.0938308238983154,2.9170024394989014,2.7405998706817627,2.534405469894409,2.330122232437134,2.3307301998138428,2.000922441482544,2.207077741622925,2.1647982597351074,1.8351609706878662,2.049490213394165,1.917313814163208,2.259469747543335,2.1855084896087646,2.5517349243164062
A8,2.0990781784057617,1.7850629091262817,1.5065091848373413,1.1934177875518799,0.9174866080284119,0.5899606943130493,0.3873123526573181,0.0,0.41418635845184326,0.6051229238510132,0.9276025891304016,1.3208622932434082,1.6147905588150024,1.942204236984253,2.273099660873413,2.6143572330474854,2.5608222484588623,2.2277920246124268,2.0051300525665283,1.7833788394927979,1.4619261026382446,1.3369193077087402,0.9803208708763123,1.0730170011520386,1.0513674020767212,1.3281258344650269,1.4291409254074097,1.7981477975845337,1.9872416257858276,2.3090226650238037,2.616079092025757,2.520345687866211,2.1342313289642334,1.9648222923278809,1.7178690433502197,1.3409253358840942,1.2401866912841797,0.9380617141723633,1.0720961093902588,0.9566481113433838,1.2379355430603027,1.3442755937576294,1.726539134979248,1.9222620725631714,2.235714912414551,2.67073917388916,2.5736265182495117,2.286438465118408,1.9775569438934326,1.5934052467346191,1.314990520477295,0.9675331115722656,0.7920830249786377,0.7321330308914185,0.4950946569442749,0.8372941017150879,1.0502965450286865,1.4344114065170288,1.7988855838775635,2.1782360076904297,3.0022521018981934,2.858293056488037,2.6757843494415283,2.4546902179718018,2.214271306991577,2.164644718170166,1.8197662830352783,1.977772831916809,1.8855674266815186,1.5339099168777466,1.7132145166397095,1.5497593879699707,1.881711721420288,1.7990634441375732,2.1648175716400146
A9,2.338731527328491,1.9923619031906128,1.759834885597229,1.4402434825897217,1.1090466976165771,0.8708128333091736,0.5264614224433899,0.41418635845184326,0.0,0.37561994791030884,0.7312784194946289,1.058101773262024,1.3271903991699219,1.6826518774032593,1.9922432899475098,2.450998067855835,2.387213945388794,2.045776605606079,1.8458268642425537,1.5672192573547363,1.2731354236602783,1.0720239877700806,0.6968339085578918,0.6899064779281616,0.6388176083564758,0.9424479603767395,1.0957109928131104,1.4715486764907837,1.7111287117004395,2.0378072261810303,2.5380899906158447,2.445864200592041,2.0716419219970703,1.9179648160934448,1.615181565284729,1.2512356042861938,1.0601993799209595,0.7027642726898193,0.7177350521087646,0.5512223839759827,0.8532427549362183,1.0187420845031738,1.4167052507400513,1.6680277585983276,1.99752938747406,2.6601104736328125,2.5832998752593994,2.3459551334381104,2.0611751079559326,1.6856271028518677,1.4727801084518433,1.1293672323226929,0.9938170313835144,0.779141902923584,0.5317378640174866,0.7799925804138184,0.902626097202301,1.2637219429016113,1.6349987983703613,2.0020134449005127,3.047274112701416,2.9274961948394775,2.7937896251678467,2.6180760860443115,2.41485857963562,2.395601749420166,2.0801453590393066,2.25018048286438,2.130415678024292,1.7841373682022095,1.95937180519104,1.7388290166854858,2.0483107566833496,1.9288781881332397,2.2611069679260254
A10,2.6714885234832764,2.3370754718780518,2.0830042362213135,1.764312505722046,1.4515364170074463,1.1692973375320435,0.8618183135986328,0.6051229238510132,0.37561994791030884,0.0,0.38694512844085693,0.7470735311508179,1.0820320844650269,1.3985337018966675,1.7461926937103271,2.602149724960327,2.5829813480377197,2.2655181884765625,2.110001564025879,1.8248372077941895,1.572001338005066,1.3588910102844238,0.9949761033058167,0.8807851076126099,0.6569332480430603,0.8251587748527527,0.8455003499984741,1.2304408550262451,1.425290584564209,1.7779982089996338,2.677671194076538,2.6346657276153564,2.2852818965911865,2.1812117099761963,1.8876607418060303,1.5459755659103394,1.369969367980957,1.006618857383728,0.917123556137085,0.61687833070755,0.748295783996582,0.7634214758872986,1.1543554067611694,1.3650821447372437,1.716473937034607,2.7584431171417236,2.7294695377349854,2.511068820953369,2.262796401977539,1.9001085758209229,1.6628081798553467,1.3572643995285034,1.1325407028198242,0.8669542074203491,0.5293370485305786,0.5946434736251831,0.5776549577713013,0.9622400403022766,1.3045148849487305,1.698667287826538,3.0935614109039307,3.0131795406341553,2.8872756958007812,2.7106964588165283,2.486250400543213,2.425755500793457,2.1109354496002197,2.2281265258789062,2.0505526065826416,1.6940414905548096,1.810563087463379,1.531373143196106,1.7988611459732056,1.6388574838638306,1.9443544149398804
A11,2.99969220161438,2.6747169494628906,2.401862144470215,2.104475736618042,1.7821744680404663,1.4887995719909668,1.2193928956985474,0.9276025891304016,0.7312784194946289,0.38694512844085693,0.0,0.4144512116909027,0.7731999158859253,1.0459691286087036,1.4147435426712036,2.5956783294677734,2.6288208961486816,2.34769344329834,2.24851131439209,1.9724022150039673,1.7754554748535156,1.5797960758209229,1.2466683387756348,1.094117283821106,0.787166953086853,0.7550404667854309,0.6240150332450867,0.9565154314041138,1.0841541290283203,1.435335397720337,2.658156633377075,2.66977596282959,2.357269763946533,2.3146681785583496,2.038571834564209,1.7358931303024292,1.591909408569336,1.2452514171600342,1.0948827266693115,0.7678719758987427,0.7015145421028137,0.5366732478141785,0.8588219285011292,1.007630467414856,1.3522922992706299,2.7031030654907227,2.726958751678467,2.543454647064209,2.3459842205047607,2.0116870403289795,1.7796083688735962,1.531524896621704,1.261319637298584,0.9487337470054626,0.6538042426109314,0.4618268609046936,0.21533937752246857,0.5853792428970337,0.9176326990127563,1.3154786825180054,2.993093729019165,2.9575579166412354,2.8556132316589355,2.6976370811462402,2.4746077060699463,2.3949153423309326,2.1073243618011475,2.188397169113159,1.9630597829818726,1.625129222869873,1.7062797546386719,1.3813097476959229,1.6069035530090332,1.439759373664856,1.7059828042984009
A12,3.359959840774536,3.0248751640319824,2.765963077545166,2.472963333129883,2.1311283111572266,1.8635187149047852,1.5748066902160645,1.3208622932434082,1.058101773262024,0.7470735311508179,0.4144512116909027,0.0,0.4137699007987976,0.662151038646698,1.0319249629974365,2.5815649032592773,2.6389970779418945,2.3861567974090576,2.339853525161743,2.0493640899658203,1.9160022735595703,1.7040752172470093,1.4233936071395874,1.201305627822876,0.8471395373344421,0.6137759685516357,0.311874657869339,0.559810996055603,0.6813674569129944,1.0518865585327148,2.694331169128418,2.7392845153808594,2.466423511505127,2.46683406829834,2.181485176086426,1.924702525138855,1.76335871219635,1.4399515390396118,1.201237678527832,0.8731644749641418,0.6111988425254822,0.25492316484451294,0.4519785940647125,0.6202611327171326,0.9930314421653748,2.763491630554199,2.828730821609497,2.69962739944458,2.546060085296631,2.241119623184204,2.053107738494873,1.83637535572052,1.5874296426773071,1.2382839918136597,1.0144736766815186,0.7501856088638306,0.41223034262657166,0.42754095792770386,0.6733734607696533,1.0292589664459229,3.0584685802459717,3.063962459564209,3.00805401802063,2.8909051418304443,2.697190284729004,2.630542278289795,2.3801963329315186,2.4532313346862793,2.204852342605591,1.8981208801269531,1.96052086353302,1.6114541292190552,1.7805485725402832,1.598812460899353,1.7907345294952393
A13,3.5625147819519043,3.2263407707214355,2.9744932651519775,2.7084171772003174,2.3420722484588623,2.1060898303985596,1.8326185941696167,1.6147905588150024,1.3271903991699219,1.0820320844650269,0.7731999158859253,0.4137699007987976,0.0,0.3928661644458771,0.6677966713905334,2.3537704944610596,2.4452426433563232,2.2353057861328125,2.250910997390747,1.9771571159362793,1.9193487167358398,1.7389053106307983,1.527457356452942,1.3115731477737427,0.9934764504432678,0.6422615647315979,0.423239529132843,0.31000158190727234,0.43166959285736084,0.7114756107330322,2.497375965118408,2.5775601863861084,2.3531386852264404,2.4069173336029053,2.135331869125366,1.9418624639511108,1.8042080402374268,1.533843994140625,1.2649831771850586,1.0134986639022827,0.6727123856544495,0.4272836744785309,0.24680860340595245,0.4375666081905365,0.7045095562934875,2.587723970413208,2.689434766769409,2.618032455444336,2.5153634548187256,2.2528250217437744,2.121058940887451,1.9535560607910156,1.7398666143417358,1.3698623180389404,1.246781587600708,0.9590845108032227,0.7219350337982178,0.5029756426811218,0.6696085929870605,0.8493948578834534,2.895641565322876,2.9342117309570312,2.9281086921691895,2.8601584434509277,2.7110190391540527,2.678246021270752,2.477327585220337,2.5679829120635986,2.3256847858428955,2.0632996559143066,2.1540212631225586,1.8245835304260254,1.9872304201126099,1.8530267477035522,2.013154983520508
A14,3.926121473312378,3.596620559692383,3.3324193954467773,3.0673952102661133,2.7085025310516357,2.454519748687744,2.190659999847412,1.942204236984253,1.6826518774032593,1.3985337018966675,1.0459691286087036,0.662151038646698,0.3928661644458771,0.0,0.40991297364234924,2.6008074283599854,2.7298967838287354,2.553715229034424,2.600098133087158,2.339625597000122,2.30194354057312,2.1272921562194824,1.9200671911239624,1.6955381631851196,1.3663005828857422,1.003940463066101,0.7138162851333618,0.4368656873703003,0.13371329009532928,0.4018426835536957,2.7253975868225098,2.847527265548706,2.6564395427703857,2.743562698364258,2.4912796020507812,2.3146793842315674,2.1920461654663086,1.9254958629608154,1.6564818620681763,1.3975118398666382,1.0462929010391235,0.7409846186637878,0.3847604990005493,0.13501660525798798,0.34708961844444275,2.77406907081604,2.918273448944092,2.8712382316589355,2.8039066791534424,2.5631637573242188,2.42468523979187,2.2846899032592773,2.043978452682495,1.6879980564117432,1.5606211423873901,1.2291920185089111,0.9478952884674072,0.6102202534675598,0.5048075318336487,0.542124330997467,3.0180366039276123,3.098850965499878,3.1081178188323975,3.05014967918396,2.8975353240966797,2.8389198780059814,2.6593618392944336,2.7064712047576904,2.43072772026062,2.1948373317718506,2.233889579772949,1.8874762058258057,1.9786006212234497,1.8341162204742432,1.9190731048583984
A15,4.182182312011719,3.850921392440796,3.598184823989868,3.3508806228637695,2.977278232574463,2.7504544258117676,2.4913647174835205,2.273099660873413,1.9922432899475098,1.7461926937103271,1.4147435426712036,1.0319249629974365,0.6677966713905334,0.40991297364234924,0.0,2.5092105865478516,2.665057420730591,2.535896062850952,2.6363251209259033,2.394900321960449,2.4203884601593018,2.2685306072235107,2.11946702003479,1.8996284008026123,1.6064648628234863,1.2170367240905762,1.0097650289535522,0.6303712129592896,0.41770610213279724,0.10355807095766068,2.670084238052368,2.8216145038604736,2.6825032234191895,2.811094045639038,2.5737600326538086,2.453167676925659,2.343959093093872,2.1231324672698975,1.839891791343689,1.637656807899475,1.2728009223937988,1.0511072874069214,0.65962153673172,0.5170660018920898,0.30907636880874634,2.7438738346099854,2.91963791847229,2.9293601512908936,2.9067909717559814,2.706123113632202,2.6172103881835938,2.5110599994659424,2.3048460483551025,1.944878101348877,1.8739211559295654,1.5525727272033691,1.3217214345932007,0.9708183407783508,0.8551313877105713,0.6701180934906006,2.995816707611084,3.108672857284546,3.1666955947875977,3.155683994293213,3.046128511428833,3.018605947494507,2.8812735080718994,2.9432432651519775,2.6796865463256836,2.4799835681915283,2.5396978855133057,2.215487003326416,2.301628351211548,2.1894869804382324,2.2505645751953125
B1,3.200748920440674,2.9648706912994385,2.8366596698760986,2.8354320526123047,2.5064964294433594,2.5633652210235596,2.5396018028259277,2.6143572330474854,2.450998067855835,2.602149724960327,2.5956783294677734,2.5815649032592773,2.3537704944610596,2.6008074283599854,2.5092105865478516,0.0,0.3900328278541565,0.6761993765830994,1.0141693353652954,1.228777289390564,1.5300967693328857,1.7910648584365845,1.9882053136825562,2.1575348377227783,2.2967424392700195,2.2663612365722656,2.527750015258789,2.4959750175476074,2.6672072410583496,2.5973703861236572,0.599115252494812,0.5789425373077393,0.7696495652198792,1.0647249221801758,1.145461916923523,1.4646520614624023,1.6647155284881592,1.8871561288833618,1.9363987445831299,2.199120044708252,2.241344451904297,2.4986581802368164,2.5367443561553955,2.7153594493865967,2.6670267581939697,1.1604604721069336,1.123511552810669,1.3444714546203613,1.4512267112731934,1.5526031255722046,1.8544420003890991,1.9709867238998413,2.158613920211792,2.034585475921631,2.3373095989227295,2.358625888824463,2.586132287979126,2.5339105129241943,2.820544481277466,2.7931573390960693,1.8273286819458008,1.7537152767181396,1.9466729164123535,2.133129358291626,2.3162808418273926,2.593783140182495,2.6239540576934814,2.9359331130981445,2.971435070037842,2.904466390609741,3.2423460483551025,3.1822919845581055,3.5001282691955566,3.599963903427124,3.8737683296203613
B2,3.0024638175964355,2.758291721343994,2.673624038696289,2.6744933128356934,2.357138156890869,2.461475372314453,2.4311654567718506,2.5608222484588623,2.387213945388794,2.5829813480377197,2.6288208961486816,2.6389970779418945,2.4452426433563232,2.7298967838287354,2.665057420730591,0.3900328278541565,0.0,0.3876681923866272,0.7276857495307922,0.9843024611473083,1.313431978225708,1.5923843383789062,1.8445806503295898,2.0355753898620605,2.2302844524383545,2.2534737586975098,2.5575063228607178,2.5671398639678955,2.7846312522888184,2.7583847045898438,0.879075825214386,0.6747481822967529,0.7467040419578552,0.9127784371376038,0.957030713558197,1.3103574514389038,1.4833461046218872,1.7573156356811523,1.8292291164398193,2.135528326034546,2.2252397537231445,2.528813123703003,2.612121820449829,2.8359315395355225,2.837904214859009,1.451186180114746,1.328766942024231,1.4780564308166504,1.4985177516937256,1.5606355667114258,1.874921441078186,1.9437979459762573,2.1757516860961914,2.062279224395752,2.349454641342163,2.421173095703125,2.650808095932007,2.648211717605591,2.9619271755218506,2.980424642562866,2.1366002559661865,2.0151500701904297,2.1658506393432617,2.3182480335235596,2.484361410140991,2.7648584842681885,2.7582523822784424,3.0887207984924316,3.136211633682251,3.037210702896118,3.381995916366577,3.3148324489593506,3.6500632762908936,3.726101875305176,4.01873254776001
B3,2.721510410308838,2.450812578201294,2.3691298961639404,2.340432643890381,2.0137457847595215,2.1248347759246826,2.0753111839294434,2.2277920246124268,2.045776605606079,2.2655181884765625,2.34769344329834,2.3861567974090576,2.2353057861328125,2.553715229034424,2.535896062850952,0.6761993765830994,0.3876681923866272,0.0,0.3658280670642853,0.599454939365387,0.9276477694511414,1.2108891010284424,1.4738425016403198,1.6805351972579956,1.9027724266052246,1.9703686237335205,2.296800374984741,2.3544156551361084,2.6025447845458984,2.629863739013672,1.0806596279144287,0.8380812406539917,0.6971953511238098,0.7221247553825378,0.632538914680481,0.9638825058937073,1.10432767868042,1.391851544380188,1.480298638343811,1.8059988021850586,1.9353320598602295,2.264383316040039,2.3945538997650146,2.648376941680908,2.7038674354553223,1.5984963178634644,1.4473811388015747,1.495645523071289,1.417712688446045,1.3877394199371338,1.6681870222091675,1.6743477582931519,1.9140373468399048,1.7923566102981567,2.0570571422576904,2.162487268447876,2.392306089401245,2.435349225997925,2.7735958099365234,2.844088077545166,2.2769205570220947,2.132148027420044,2.2237155437469482,2.3164854049682617,2.4292988777160645,2.6838111877441406,2.6246283054351807,2.9563517570495605,2.992882013320923,2.854142427444458,3.1938657760620117,3.1097512245178223,3.454632520675659,3.5049633979797363,3.8110711574554443
B4,2.3863799571990967,2.104971408843994,2.0425667762756348,2.0111634731292725,1.697343111038208,1.8443658351898193,1.8074525594711304,2.0051300525665283,1.8458268642425537,2.110001564025879,2.24851131439209,2.339853525161743,2.250910997390747,2.600098133087158,2.6363251209259033,1.0141693353652954,0.7276857495307922,0.3658280670642853,0.0,0.3842025697231293,0.6391312479972839,0.9690825939178467,1.245998740196228,1.5026265382766724,1.770734429359436,1.9102814197540283,2.254589796066284,2.3743784427642822,2.6457083225250244,2.7279183864593506,1.3125888109207153,1.0235341787338257,0.7528728246688843,0.5824937224388123,0.37678295373916626,0.6928070187568665,0.8298096060752869,1.1632719039916992,1.317073106765747,1.6671854257583618,1.8635408878326416,2.214787244796753,2.4044792652130127,2.680643081665039,2.7885806560516357,1.773212194442749,1.5728788375854492,1.5284075736999512,1.3573507070541382,1.2608768939971924,1.5179851055145264,1.472806692123413,1.7466288805007935,1.6575021743774414,1.906394124031067,2.069902181625366,2.317136764526367,2.4211819171905518,2.7859559059143066,2.911923408508301,2.433542251586914,2.2504873275756836,2.2839019298553467,2.324331283569336,2.400432825088501,2.641230821609497,2.5414576530456543,2.8809218406677246,2.9296536445617676,2.7646052837371826,3.106151580810547,3.0273780822753906,3.386794328689575,3.4239695072174072,3.7505204677581787
B5,2.429173469543457,2.107105016708374,2.0346834659576416,1.9318828582763672,1.5869295597076416,1.7011038064956665,1.5882320404052734,1.7833788394927979,1.5672192573547363,1.8248372077941895,1.9724022150039673,2.0493640899658203,1.9771571159362793,2.339625597000122,2.394900321960449,1.228777289390564,0.9843024611473083,0.599454939365387,0.3842025697231293,0.0,0.373862087726593,0.621013343334198,0.9253093004226685,1.144893765449524,1.4237086772918701,1.575736403465271,1.9367448091506958,2.074688673019409,2.37247633934021,2.4872758388519287,1.564102053642273,1.331338882446289,1.0361239910125732,0.8709484934806824,0.522392749786377,0.6205408573150635,0.5734695196151733,0.8750882148742676,0.9735273122787476,1.3327157497406006,1.5321134328842163,1.9019346237182617,2.1084556579589844,2.411339044570923,2.5559206008911133,1.9936093091964722,1.8346762657165527,1.76624596118927,1.567430853843689,1.3875761032104492,1.5639110803604126,1.4357664585113525,1.6595193147659302,1.509700059890747,1.6996545791625977,1.8571935892105103,2.0621025562286377,2.1815550327301025,2.5455102920532227,2.697993278503418,2.6304867267608643,2.4725749492645264,2.489946126937866,2.498460531234741,2.524517297744751,2.7229299545288086,2.579430103302002,2.896074056625366,2.9031436443328857,2.696669816970825,3.0120270252227783,2.889350652694702,3.238077402114868,3.234602689743042,3.553112268447876
B6,2.1442294120788574,1.8028019666671753,1.7179876565933228,1.5819283723831177,1.2310367822647095,1.3498592376708984,1.2333598136901855,1.4619261026382446,1.2731354236602783,1.572001338005066,1.7754554748535156,1.9160022735595703,1.9193487167358398,2.30194354057312,2.4203884601593018,1.5300967693328857,1.313431978225708,0.9276477694511414,0.6391312479972839,0.373862087726593,0.0,0.37156298756599426,0.6320691704750061,0.9270023703575134,1.2377644777297974,1.4690208435058594,1.8252981901168823,2.0314879417419434,2.334946393966675,2.505661725997925,1.7736966609954834,1.5412431955337524,1.1818262338638306,0.9423332214355469,0.5616494417190552,0.41126129031181335,0.22196762263774872,0.5719806551933289,0.773628830909729,1.1345467567443848,1.409552812576294,1.7796204090118408,2.0476505756378174,2.356332778930664,2.5506412982940674,2.1298816204071045,1.9542361497879028,1.8095148801803589,1.5440703630447388,1.2889046669006348,1.3934409618377686,1.1940619945526123,1.4184942245483398,1.2938250303268433,1.4510248899459839,1.6650011539459229,1.8856596946716309,2.0687482357025146,2.4528608322143555,2.661634922027588,2.7255561351776123,2.5479557514190674,2.5107357501983643,2.463994026184082,2.440040349960327,2.6066317558288574,2.418631076812744,2.727663278579712,2.73435378074646,2.499663829803467,2.8063580989837646,2.6850433349609375,3.0415749549865723,3.0244085788726807,3.3593006134033203
B7,2.2859127521514893,1.9187977313995361,1.833230972290039,1.6249395608901978,1.2657397985458374,1.3356330394744873,1.1162985563278198,1.3369193077087402,1.0720239877700806,1.3588910102844238,1.5797960758209229,1.7040752172470093,1.7389053106307983,2.1272921562194824,2.2685306072235107,1.7910648584365845,1.5923843383789062,1.2108891010284424,0.9690825939178467,0.621013343334198,0.37156298756599426,0.0,0.3753282129764557,0.5979750156402588,0.9423505067825317,1.2097563743591309,1.579000473022461,1.81307053565979,2.143097400665283,2.3520333766937256,2.0671911239624023,1.868372917175293,1.518021583557129,1.3053807020187378,0.9209895730018616,0.7022794485092163,0.32990723848342896,0.4229646623134613,0.5045638680458069,0.8644604682922363,1.1547051668167114,1.5406482219696045,1.832075595855713,2.167849063873291,2.4046273231506348,2.4077587127685547,2.265028953552246,2.118483543395996,1.8519906997680664,1.56125807762146,1.5951725244522095,1.3343867063522339,1.4830046892166138,1.2994111776351929,1.3619359731674194,1.5630639791488647,1.718974232673645,1.922636866569519,2.295985460281372,2.5340073108673096,2.980821132659912,2.8268749713897705,2.783675193786621,2.717695474624634,2.656555414199829,2.7833187580108643,2.561552047729492,2.840362548828125,2.805886745452881,2.5344126224517822,2.805046558380127,2.638063669204712,2.97568941116333,2.911379098892212,3.2329914569854736
B8,2.245666027069092,1.8745943307876587,1.7332700490951538,1.4750031232833862,1.099202275276184,1.0785229206085205,0.8018872141838074,0.9803208708763123,0.6968339085578918,0.9949761033058167,1.2466683387756348,1.4233936071395874,1.527457356452942,1.9200671911239624,2.11946702003479,1.9882053136825562,1.8445806503295898,1.4738425016403198,1.245998740196228,0.9253093004226685,0.6320691704750061,0.3753282129764557,0.0,0.36870163679122925,0.6773046255111694,1.0024480819702148,1.3360631465911865,1.6257805824279785,1.9398046731948853,2.192626714706421,2.191641092300415,2.0319321155548096,1.661433219909668,1.466199517250061,1.102109432220459,0.7843559980392456,0.4538458585739136,0.17286893725395203,0.29367712140083313,0.5763062834739685,0.9296368360519409,1.2847568988800049,1.622611165046692,1.9445669651031494,2.2168006896972656,2.4539341926574707,2.3330955505371094,2.1475882530212402,1.8651819229125977,1.5285117626190186,1.4726797342300415,1.163527488708496,1.2353248596191406,1.029780387878418,1.0252032279968262,1.2453577518463135,1.3977950811386108,1.6476490497589111,2.0291078090667725,2.310356855392456,2.9683456420898438,2.82409930229187,2.7472221851348877,2.640995502471924,2.5298264026641846,2.610603094100952,2.3547089099884033,2.6044130325317383,2.5440216064453125,2.247133731842041,2.493624210357666,2.3106300830841064,2.6424813270568848,2.5622756481170654,2.8876919746398926
B9,2.569434642791748,2.193124532699585,2.0514771938323975,1.761095404624939,1.3991423845291138,1.3242319822311401,0.9796764254570007,1.0730170011520386,0.6899064779281616,0.8807851076126099,1.094117283821106,1.201305627822876,1.3115731477737427,1.6955381631851196,1.8996284008026123,2.1575348377227783,2.0355753898620605,1.6805351972579956,1.5026265382766724,1.144893765449524,0.9270023703575134,0.5979750156402588,0.36870163679122925,0.0,0.36974477767944336,0.7133684158325195,1.0583893060684204,1.3558980226516724,1.694471001625061,1.9711934328079224,2.402458429336548,2.2780022621154785,1.9333648681640625,1.7784901857376099,1.406675100326538,1.1217998266220093,0.7890686392784119,0.5092653632164001,0.23767229914665222,0.33712488412857056,0.6546576023101807,1.022449016571045,1.3612595796585083,1.7091833353042603,2.0104756355285645,2.6651804447174072,2.5844202041625977,2.4255130290985107,2.1701743602752686,1.837310552597046,1.7603342533111572,1.4523334503173828,1.4485958814620972,1.1781142950057983,1.0831966400146484,1.221802830696106,1.2657490968704224,1.4973763227462769,1.8471895456314087,2.135253667831421,3.164184808731079,3.0540149211883545,2.9936256408691406,2.8929660320281982,2.768345355987549,2.822234869003296,2.5592825412750244,2.775665760040283,2.6696178913116455,2.354750394821167,2.559232711791992,2.3246331214904785,2.622232675552368,2.4958455562591553,2.790412664413452
B10,2.818145513534546,2.4497110843658447,2.2686104774475098,1.9627336263656616,1.6037709712982178,1.4487595558166504,1.089783787727356,1.0513674020767212,0.6388176083564758,0.6569332480430603,0.787166953086853,0.8471395373344421,0.9934764504432678,1.3663005828857422,1.6064648628234863,2.2967424392700195,2.2302844524383545,1.9027724266052246,1.770734429359436,1.4237086772918701,1.2377644777297974,0.9423505067825317,0.6773046255111694,0.36974477767944336,0.0,0.39896702766418457,0.6998521685600281,1.0317078828811646,1.3598520755767822,1.6687341928482056,2.5135915279388428,2.441787004470825,2.1145989894866943,2.008953332901001,1.6556049585342407,1.3711507320404053,1.0901497602462769,0.7677045464515686,0.4650653302669525,0.14973695576190948,0.3338397741317749,0.6625648736953735,1.0233919620513916,1.366371750831604,1.695037841796875,2.7247166633605957,2.6893694400787354,2.5377509593963623,2.308540105819702,1.973582148551941,1.85258948802948,1.5561281442642212,1.4620921611785889,1.1418060064315796,0.9718319773674011,1.0124061107635498,0.9623374938964844,1.1804317235946655,1.50780189037323,1.8130605220794678,3.171175956726074,3.0956389904022217,3.0358729362487793,2.9272477626800537,2.776679039001465,2.792032480239868,2.523139238357544,2.6983346939086914,2.5464141368865967,2.2216224670410156,2.3846116065979004,2.1092278957366943,2.3743579387664795,2.2204654216766357,2.489283561706543
B11,3.1696741580963135,2.807969570159912,2.6083831787109375,2.3170931339263916,1.9482332468032837,1.7699165344238281,1.4350732564926147,1.3281258344650269,0.9424479603767395,0.8251587748527527,0.7550404667854309,0.6137759685516357,0.6422615647315979,1.003940463066101,1.2170367240905762,2.2663612365722656,2.2534737586975098,1.9703686237335205,1.9102814197540283,1.575736403465271,1.4690208435058594,1.2097563743591309,1.0024480819702148,0.7133684158325195,0.39896702766418457,0.0,0.38663554191589355,0.6435627341270447,0.9887415170669556,1.2817293405532837,2.4936270713806152,2.4771804809570312,2.1948750019073486,2.1563422679901123,1.8211908340454102,1.5879275798797607,1.3502599000930786,1.0632187128067017,0.731433629989624,0.4685274362564087,0.09409639984369278,0.37980055809020996,0.6525026559829712,1.0155173540115356,1.3269671201705933,2.68886661529541,2.707099199295044,2.600370168685913,2.4238226413726807,2.119067430496216,2.009911298751831,1.7620552778244019,1.629489779472351,1.2669650316238403,1.1164958477020264,1.0163602828979492,0.8710182309150696,0.9535587430000305,1.2313458919525146,1.486861228942871,3.1080334186553955,3.0779805183410645,3.0515878200531006,2.9698646068573,2.829857110977173,2.83724045753479,2.5965583324432373,2.747793197631836,2.5607800483703613,2.255838394165039,2.3959546089172363,2.091254949569702,2.3192639350891113,2.1620852947235107,2.386843681335449
B12,3.4087491035461426,3.0571327209472656,2.828949213027954,2.5280652046203613,2.1746203899383545,1.944883108139038,1.620353102684021,1.4291409254074097,1.0957109928131104,0.8455003499984741,0.6240150332450867,0.311874657869339,0.423239529132843,0.7138162851333618,1.0097650289535522,2.527750015258789,2.5575063228607178,2.296800374984741,2.254589796066284,1.9367448091506958,1.8252981901168823,1.579000473022461,1.3360631465911865,1.0583893060684204,0.6998521685600281,0.38663554191589355,0.0,0.40800201892852783,0.6876647472381592,1.049644112586975,2.709221124649048,2.734139919281006,2.46504282951355,2.4539828300476074,2.140869140625,1.8991591930389404,1.692083477973938,1.382354497909546,1.0846192836761475,0.7671095132827759,0.42503324151039124,0.09303248673677444,0.3585023581981659,0.6883665323257446,1.0588173866271973,2.84134840965271,2.8959105014801025,2.7873995304107666,2.629880666732788,2.3265998363494873,2.175797462463379,1.9426823854446411,1.741641879081726,1.3787041902542114,1.1745738983154297,0.9731401801109314,0.6915847659111023,0.7022238373756409,0.9038215279579163,1.1921064853668213,3.1911051273345947,3.191579580307007,3.1575028896331787,3.0617549419403076,2.8931379318237305,2.8563883304595947,2.611748695373535,2.712362766265869,2.481384754180908,2.1749024391174316,2.2578463554382324,1.9161137342453003,2.091731548309326,1.902144432067871,2.0850706100463867
B13,3.745144844055176,3.3960282802581787,3.1656854152679443,2.883326768875122,2.5170469284057617,2.2965550422668457,1.9895527362823486,1.7981477975845337,1.4715486764907837,1.2304408550262451,0.9565154314041138,0.559810996055603,0.31000158190727234,0.4368656873703003,0.6303712129592896,2.4959750175476074,2.5671398639678955,2.3544156551361084,2.3743784427642822,2.074688673019409,2.0314879417419434,1.81307053565979,1.6257805824279785,1.3558980226516724,1.0317078828811646,0.6435627341270447,0.40800201892852783,0.0,0.3772237002849579,0.6785180568695068,2.697357654571533,2.7666919231414795,2.548532485961914,2.5919532775878906,2.2973835468292236,2.1103463172912598,1.929319977760315,1.661837100982666,1.3480366468429565,1.092004418373108,0.7099283337593079,0.4731200039386749,0.12598367035388947,0.4549104869365692,0.7441076636314392,2.8292157649993896,2.9291608333587646,2.8731486797332764,2.7673721313476562,2.502838134765625,2.3856446743011475,2.1986825466156006,2.0027034282684326,1.6289335489273071,1.4830514192581177,1.225211262702942,0.9492939114570618,0.7677920460700989,0.8359162211418152,0.9772750735282898,3.161581039428711,3.204458475112915,3.212404727935791,3.1547672748565674,3.0136609077453613,2.9865517616271973,2.7823333740234375,2.8735551834106445,2.627980947494507,2.358105421066284,2.433748483657837,2.089698076248169,2.229628324508667,2.059309244155884,2.1897003650665283
