,A1,A2,A3,A4,A5,A6,A7,A8,A9,A10,A11,A12,A13,A14,A15,B1,B2,B3,B4,B5,B6,B7,B8,B9,B10,B11,B12,B13,B14,B15,C1,C2,C3,C4,C5,C6,C7,C8,C9,C10,C11,C12,C13,C14,C15,D1,D2,D3,D4,D5,D6,D7,D8,D9,D10,D11,D12,D13,D14,D15,E1,E2,E3,E4,E5,E6,E7,E8,E9,E10,E11,E12,E13,E14,E15
A1,0.0,0.3900986313819885,0.6590948104858398,0.9983485341072083,1.3088023662567139,1.643965482711792,1.8908638954162598,2.198153018951416,2.4565653800964355,2.557063102722168,2.93521785736084,3.0561392307281494,3.4409196376800537,3.548699378967285,3.760915517807007,2.2352726459503174,2.1583001613616943,1.8936359882354736,2.054840564727783,1.8699150085449219,2.170645236968994,2.284456729888916,2.615525245666504,2.7615439891815186,2.8031394481658936,3.1955339908599854,3.2533533573150635,3.639350175857544,3.729267120361328,4.014891147613525,2.0022382736206055,1.952467918395996,1.7058757543563843,1.953750491142273,1.8799238204956055,2.228562116622925,2.40492582321167,2.718841791152954,2.9429616928100586,2.9844489097595215,3.370980978012085,3.4288418292999268,3.8102145195007324,3.9033100605010986,4.212085723876953,1.9415240287780762,1.827667236328125,1.5216493606567383,1.7485002279281616,1.7856738567352295,2.094104766845703,2.403733730316162,2.6037745475769043,2.8389179706573486,2.9626102447509766,3.351973056793213,3.473479747772217,3.8617990016937256,4.004378318786621,4.293655872344971,2.2525317668914795,2.1954450607299805,1.963670253753662,2.076352596282959,2.324594736099243,2.663743257522583,2.8215057849884033,3.1436285972595215,3.413938522338867,3.399644613265991,3.7797341346740723,3.8364765644073486,4.185944080352783,4.275388717651367,4.650266647338867
A2,0.3900986313819885,0.0,0.40907004475593567,0.679345428943634,0.9680410027503967,1.3169993162155151,1.5300647020339966,1.8590439558029175,2.0978171825408936,2.179201364517212,2.5583982467651367,2.6718289852142334,3.0578527450561523,3.1722874641418457,3.3897621631622314,2.123077869415283,2.033003091812134,1.7727696895599365,1.894199013710022,1.666067123413086,1.9502716064453125,2.009901285171509,2.3507933616638184,2.459514617919922,2.473142385482788,2.858833074569702,2.899174213409424,3.2814743518829346,3.3675429821014404,3.6588168144226074,1.844283103942871,1.772598147392273,1.525238275527954,1.754470705986023,1.6447798013687134,1.9960578680038452,2.1263365745544434,2.4590508937835693,2.650002956390381,2.666001081466675,3.0461206436157227,3.087089776992798,3.4636967182159424,3.5500216484069824,3.86195707321167,1.7219390869140625,1.553300380706787,1.2398617267608643,1.4642575979232788,1.4670357704162598,1.798575520515442,2.0804526805877686,2.3136708736419678,2.522434711456299,2.6248223781585693,3.016923427581787,3.122718572616577,3.5121920108795166,3.6472275257110596,3.940683126449585,2.010071039199829,1.9316576719284058,1.675986647605896,1.7581098079681396,1.9817262887954712,2.327925682067871,2.466811418533325,2.8014471530914307,3.062523126602173,3.030885934829712,3.409872531890869,3.4560606479644775,3.806633710861206,3.892092227935791,4.2644267082214355
A3,0.6590948104858398,0.40907004475593567,0.0,0.4054770767688751,0.6725215315818787,1.0018466711044312,1.2864339351654053,1.5721124410629272,1.831836462020874,1.9771547317504883,2.362135648727417,2.530305862426758,2.9246490001678467,3.085448980331421,3.3456051349639893,2.352047920227051,2.204967737197876,1.9041765928268433,1.9437953233718872,1.6499173641204834,1.8654558658599854,1.899728775024414,2.198755979537964,2.285628318786621,2.3349814414978027,2.717616319656372,2.7918033599853516,3.176574230194092,3.3008081912994385,3.6235272884368896,2.094294786453247,1.9602820873260498,1.664000391960144,1.8138506412506104,1.6204657554626465,1.9229228496551514,2.021994113922119,2.325120210647583,2.5053114891052246,2.5547187328338623,2.9281651973724365,3.000188112258911,3.3768527507781982,3.494229316711426,3.8342533111572266,1.9831271171569824,1.7523634433746338,1.4051353931427002,1.5480133295059204,1.4454357624053955,1.739732265472412,2.008734703063965,2.2189838886260986,2.393890857696533,2.526702642440796,2.911912441253662,3.0425353050231934,3.432544469833374,3.5932953357696533,3.915414810180664,2.26568341255188,2.1529839038848877,1.854363203048706,1.8569204807281494,2.0111262798309326,2.329434394836426,2.409243106842041,2.7464652061462402,3.021850109100342,2.9758565425872803,3.3431060314178467,3.379915714263916,3.7411155700683594,3.8316519260406494,4.187403202056885
A4,0.9983485341072083,0.679345428943634,0.4054770767688751,0.0,0.39353546500205994,0.6582715511322021,0.9133398532867432,1.2002921104431152,1.47484290599823,1.6123342514038086,1.9868463277816772,2.164201021194458,2.5543761253356934,2.7164671421051025,2.991337299346924,2.2215096950531006,2.0384037494659424,1.7349203824996948,1.7080650329589844,1.3710795640945435,1.5426416397094727,1.5312613248825073,1.8245242834091187,1.8887834548950195,1.9347344636917114,2.315524101257324,2.3991799354553223,2.7852530479431152,2.9247684478759766,3.2582099437713623,1.9692445993423462,1.7846623659133911,1.4746888875961304,1.5614006519317627,1.31625235080719,1.5922374725341797,1.650686264038086,1.9551504850387573,2.114471912384033,2.16121506690979,2.530731439590454,2.6102166175842285,2.986760377883911,3.1176276206970215,3.4688968658447266,1.868575930595398,1.5812249183654785,1.2170345783233643,1.281568169593811,1.1063541173934937,1.3805086612701416,1.6307787895202637,1.8418790102005005,1.9978578090667725,2.1347732543945312,2.5167253017425537,2.6565921306610107,3.0454633235931396,3.2193737030029297,3.5529329776763916,2.205900192260742,2.1031947135925293,1.813564658164978,1.7864298820495605,1.889564037322998,2.2142879962921143,2.247562885284424,2.6060585975646973,2.8543624877929688,2.762219190597534,3.121244192123413,3.120169162750244,3.480217933654785,3.5455567836761475,3.888834238052368
A5,1.3088023662567139,0.9680410027503967,0.6725215315818787,0.39353546500205994,0.0,0.39251402020454407,0.6499232649803162,0.9465957880020142,1.1686068773269653,1.3312568664550781,1.7216978073120117,1.9203661680221558,2.3188459873199463,2.5278713703155518,2.8251419067382812,2.4804415702819824,2.3020918369293213,2.0204789638519287,1.9543040990829468,1.5904221534729004,1.699135661125183,1.6007049083709717,1.8625723123550415,1.8457684516906738,1.859379529953003,2.210890054702759,2.271965265274048,2.6419436931610107,2.7837107181549072,3.132786273956299,2.1938912868499756,2.013015031814575,1.7314435243606567,1.7843283414840698,1.5032018423080444,1.734596610069275,1.707239031791687,2.0039992332458496,2.097367763519287,2.116178035736084,2.4578568935394287,2.516019582748413,2.87410831451416,2.997424840927124,3.355727434158325,2.0146710872650146,1.6963850259780884,1.382543683052063,1.431117057800293,1.1915076971054077,1.4561607837677002,1.6249898672103882,1.8717422485351562,1.9533885717391968,2.0583863258361816,2.4306440353393555,2.5438015460968018,2.9276115894317627,3.0883395671844482,3.4316985607147217,2.229980230331421,2.076538562774658,1.7495211362838745,1.6408907175064087,1.673142433166504,1.9580377340316772,1.9459537267684937,2.297302007675171,2.5545473098754883,2.4633097648620605,2.811225652694702,2.8186280727386475,3.1842868328094482,3.268918514251709,3.604517698287964
A6,1.643965482711792,1.3169993162155151,1.0018466711044312,0.6582715511322021,0.39251402020454407,0.0,0.3968927562236786,0.580333411693573,0.8582780361175537,1.0885919332504272,1.4549864530563354,1.7103712558746338,2.0982093811035156,2.334714651107788,2.6674728393554688,2.58014178276062,2.3590028285980225,2.068539619445801,1.9263544082641602,1.5335549116134644,1.549773097038269,1.4054749011993408,1.604379415512085,1.551116704940796,1.59788179397583,1.9338178634643555,2.0359621047973633,2.4013912677764893,2.5847959518432617,2.956535816192627,2.3305699825286865,2.0999059677124023,1.8033721446990967,1.7711907625198364,1.4365743398666382,1.5850017070770264,1.5048850774765015,1.7560276985168457,1.8218436241149902,1.8703012466430664,2.1937150955200195,2.286868095397949,2.6387178897857666,2.7974956035614014,3.1779463291168213,2.1939308643341064,1.8445931673049927,1.529494285583496,1.4788683652877808,1.1591269969940186,1.330966830253601,1.4577977657318115,1.6614400148391724,1.6972241401672363,1.8325062990188599,2.1826202869415283,2.3263208866119385,2.700533628463745,2.8923540115356445,3.25840425491333,2.4598121643066406,2.31756854057312,2.006410598754883,1.8676211833953857,1.8356003761291504,2.093472719192505,2.0127100944519043,2.3654725551605225,2.5973727703094482,2.4602317810058594,2.7827625274658203,2.7481462955474854,3.1106927394866943,3.17147159576416,3.4797239303588867
A7,1.8908638954162598,1.5300647020339966,1.2864339351654053,0.9133398532867432,0.6499232649803162,0.3968927562236786,0.0,0.3960298001766205,0.581050455570221,0.7157296538352966,1.088265061378479,1.3189339637756348,1.708905577659607,1.9404009580612183,2.2731924057006836,2.499467611312866,2.2906711101531982,2.0459463596343994,1.8820619583129883,1.5004713535308838,1.487391710281372,1.255629062652588,1.4584561586380005,1.3322486877441406,1.3004642724990845,1.614217758178711,1.674259901046753,2.03200101852417,2.2015998363494873,2.5729994773864746,2.2316675186157227,2.0025947093963623,1.7545725107192993,1.6965891122817993,1.3695951700210571,1.4914745092391968,1.329942226409912,1.5999388694763184,1.5962581634521484,1.5802491903305054,1.8840508460998535,1.9382433891296387,2.2796335220336914,2.421321392059326,2.7982001304626465,2.0591535568237305,1.689477801322937,1.4320719242095947,1.3431298732757568,0.9972275495529175,1.1510728597640991,1.1854016780853271,1.441630482673645,1.423309326171875,1.5027354955673218,1.8512836694717407,1.961834192276001,2.3349180221557617,2.510840892791748,2.8748795986175537,2.3001582622528076,2.164954662322998,1.8816235065460205,1.7252686023712158,1.647026777267456,1.9006106853485107,1.7891221046447754,2.1529529094696045,2.3429014682769775,2.1643271446228027,2.478912591934204,2.4115641117095947,2.7676076889038086,2.8060178756713867,3.1112704277038574
A8,2.198153018951416,1.8590439558029175,1.5721124410629272,1.2002921104431152,0.9465957880020142,0.580333411693573,0.3960298001766205,0.0,0.37718287110328674,0.67414790391922,0.9637996554374695,1.2879681587219238,1.6445058584213257,1.9199016094207764,2.293609380722046,2.7497012615203857,2.504448652267456,2.246750831604004,2.02293062210083,1.6317280530929565,1.5227147340774536,1.2665692567825317,1.3586695194244385,1.1831624507904053,1.2146241664886475,1.4855542182922363,1.6097726821899414,1.9473166465759277,2.173271417617798,2.567988634109497,2.5247931480407715,2.260401487350464,1.9960594177246094,1.8697724342346191,1.5094356536865234,1.5325533151626587,1.3275734186172485,1.5092697143554688,1.4693067073822021,1.5067790746688843,1.7706005573272705,1.8779160976409912,2.200202703475952,2.3886425495147705,2.7880401611328125,2.3982205390930176,2.0225181579589844,1.7620638608932495,1.610827088356018,1.2321308851242065,1.2690236568450928,1.2566300630569458,1.425019383430481,1.3398295640945435,1.4653512239456177,1.764607310295105,1.9169492721557617,2.2660887241363525,2.4804458618164062,2.868292808532715,2.667607545852661,2.5353198051452637,2.2569491863250732,2.078483819961548,1.9575687646865845,2.1676132678985596,1.9982826709747314,2.340416669845581,2.5141022205352783,2.308091163635254,2.583796501159668,2.4836180210113525,2.8300585746765137,2.851719379425049,3.118196964263916
A9,2.4565653800964355,2.0978171825408936,1.831836462020874,1.47484290599823,1.1686068773269653,0.8582780361175537,0.581050455570221,0.37718287110328674,0.0,0.401816189289093,0.6792230010032654,1.021514892578125,1.3743799924850464,1.699192762374878,2.0830562114715576,2.9438178539276123,2.7246670722961426,2.503220319747925,2.285029649734497,1.910460352897644,1.7979681491851807,1.4923824071884155,1.5696985721588135,1.3157215118408203,1.2574034929275513,1.4507390260696411,1.5063927173614502,1.8006484508514404,2.0064537525177,2.4017438888549805,2.686915397644043,2.4476816654205322,2.2277159690856934,2.1096155643463135,1.771175503730774,1.787308931350708,1.5280736684799194,1.705704689025879,1.5847456455230713,1.5494569540023804,1.7538117170333862,1.8023083209991455,2.0835189819335938,2.2413651943206787,2.630922794342041,2.495718479156494,2.1195061206817627,1.9211241006851196,1.7858006954193115,1.4221127033233643,1.4665298461914062,1.362746000289917,1.5748140811920166,1.4124794006347656,1.4527531862258911,1.7183171510696411,1.8072720766067505,2.1360554695129395,2.315037965774536,2.6982405185699463,2.6607460975646973,2.503258228302002,2.2269978523254395,2.0027012825012207,1.8180030584335327,1.9745973348617554,1.754616379737854,2.076218843460083,2.2267889976501465,2.004112958908081,2.2548470497131348,2.14625883102417,2.4895241260528564,2.51973032951355,2.7756712436676025
A10,2.557063102722168,2.179201364517212,1.9771547317504883,1.6123342514038086,1.3312568664550781,1.0885919332504272,0.7157296538352966,0.67414790391922,0.401816189289093,0.0,0.4000479280948639,0.6498181223869324,1.031773567199707,1.333484411239624,1.7018297910690308,2.7950801849365234,2.607259750366211,2.4376139640808105,2.2335288524627686,1.8940198421478271,1.8001798391342163,1.4545482397079468,1.5662904977798462,1.278257966041565,1.1007312536239624,1.2580538988113403,1.2183201313018799,1.502005934715271,1.6614803075790405,2.04475736618042,2.5177223682403564,2.3024532794952393,2.1409943103790283,2.0316524505615234,1.7361170053482056,1.7620720863342285,1.4657903909683228,1.6778674125671387,1.5063624382019043,1.3730179071426392,1.554582118988037,1.5247979164123535,1.7938586473464966,1.906664490699768,2.2800018787384033,2.2894420623779297,1.9188305139541626,1.789691686630249,1.6517603397369385,1.3217122554779053,1.3715077638626099,1.1874948740005493,1.4642972946166992,1.2728824615478516,1.2124593257904053,1.479301929473877,1.4995980262756348,1.8322713375091553,1.9720293283462524,2.341186285018921,2.419349431991577,2.2777116298675537,2.043576955795288,1.8274834156036377,1.623913049697876,1.78498113155365,1.56520676612854,1.896216869354248,1.9945253133773804,1.7319649457931519,1.9849367141723633,1.8431864976882935,2.179189920425415,2.182159662246704,2.452721118927002
A11,2.93521785736084,2.5583982467651367,2.362135648727417,1.9868463277816772,1.7216978073120117,1.4549864530563354,1.088265061378479,0.9637996554374695,0.6792230010032654,0.4000479280948639,0.0,0.4024074375629425,0.7015126347541809,1.0501502752304077,1.4516851902008057,2.9665520191192627,2.77341365814209,2.632477283477783,2.39589262008667,2.0830841064453125,1.9355151653289795,1.5597580671310425,1.5962140560150146,1.2461652755737305,1.0258466005325317,1.0517847537994385,0.9825625419616699,1.198156714439392,1.3828903436660767,1.7763288021087646,2.715867280960083,2.4912426471710205,2.3582687377929688,2.205641508102417,1.9241840839385986,1.8825377225875854,1.5385699272155762,1.685006022453308,1.4326845407485962,1.2620818614959717,1.3455530405044556,1.2933481931686401,1.5050654411315918,1.6282285451889038,2.0066349506378174,2.5086634159088135,2.146212577819824,2.055147886276245,1.873482584953308,1.5542773008346558,1.522794485092163,1.2566832304000854,1.4805107116699219,1.2020071744918823,1.087417483329773,1.261340856552124,1.2525479793548584,1.5400458574295044,1.6844303607940674,2.0642354488372803,2.6456313133239746,2.523958206176758,2.3283510208129883,2.112973690032959,1.880010724067688,2.0009570121765137,1.7441126108169556,2.038809061050415,2.073324203491211,1.761746883392334,1.9534556865692139,1.7442618608474731,2.0447158813476562,1.9969300031661987,2.221353530883789
A12,3.0561392307281494,2.6718289852142334,2.530305862426758,2.164201021194458,1.9203661680221558,1.7103712558746338,1.3189339637756348,1.2879681587219238,1.021514892578125,0.6498181223869324,0.4024074375629425,0.0,0.40129026770591736,0.7062989473342896,1.08159339427948,2.884192943572998,2.7323341369628906,2.6463489532470703,2.4379191398620605,2.169175863265991,2.0552077293395996,1.6724028587341309,1.748225212097168,1.4070239067077637,1.092511534690857,1.0633606910705566,0.841324508190155,1.003144383430481,1.0899704694747925,1.4563075304031372,2.6143290996551514,2.426722764968872,2.35785174369812,2.227705717086792,2.001723051071167,1.981785535812378,1.6333420276641846,1.8099156618118286,1.5351475477218628,1.26890230178833,1.3119786977767944,1.14058518409729,1.3128856420516968,1.3514585494995117,1.6960777044296265,2.368109703063965,2.029696226119995,2.0168395042419434,1.8510496616363525,1.5924854278564453,1.5781972408294678,1.2630125284194946,1.536034107208252,1.261582851409912,1.0275495052337646,1.1760071516036987,1.0459083318710327,1.321010708808899,1.3895152807235718,1.741699457168579,2.4506516456604004,2.3476850986480713,2.203901767730713,2.0057692527770996,1.7660901546478271,1.87971830368042,1.639990210533142,1.9233826398849487,1.8961273431777954,1.551525354385376,1.7336868047714233,1.486772894859314,1.7662206888198853,1.6805462837219238,1.92424476146698
A13,3.4409196376800537,3.0578527450561523,2.9246490001678467,2.5543761253356934,2.3188459873199463,2.0982093811035156,1.708905577659607,1.6445058584213257,1.3743799924850464,1.031773567199707,0.7015126347541809,0.40129026770591736,0.0,0.4306662976741791,0.821354329586029,3.095205783843994,2.950535774230957,2.8978421688079834,2.675065279006958,2.439084529876709,2.2964258193969727,1.9083713293075562,1.933565378189087,1.5735716819763184,1.2431888580322266,1.0806543827056885,0.7955747842788696,0.7853569984436035,0.8365297317504883,1.1830202341079712,2.8485419750213623,2.665626049041748,2.6299407482147217,2.4759812355041504,2.2748444080352783,2.212245225906372,1.8464518785476685,1.9698315858840942,1.6452347040176392,1.3482470512390137,1.2728629112243652,1.041442632675171,1.0928905010223389,1.0937318801879883,1.413985013961792,2.6173977851867676,2.3005943298339844,2.325843095779419,2.1389997005462646,1.9048930406570435,1.8422389030456543,1.4881545305252075,1.7072491645812988,1.3909872770309448,1.1077507734298706,1.121514916419983,0.9076020121574402,1.078981637954712,1.1034369468688965,1.4462614059448242,2.6902449131011963,2.6077942848205566,2.504012107849121,2.3131766319274902,2.0598514080047607,2.1359591484069824,1.8820960521697998,2.1188318729400635,2.026991844177246,1.653573751449585,1.75886869430542,1.4463565349578857,1.6582612991333008,1.5004249811172485,1.6832911968231201
A14,3.548699378967285,3.1722874641418457,3.085448980331421,2.7164671421051025,2.5278713703155518,2.334714651107788,1.9404009580612183,1.9199016094207764,1.699192762374878,1.333484411239624,1.0501502752304077,0.7062989473342896,0.4306662976741791,0.0,0.41905122995376587,2.92394757270813,2.8058645725250244,2.807673215866089,2.5994067192077637,2.421882152557373,2.2945942878723145,1.9204015731811523,1.9606685638427734,1.6352672576904297,1.2636663913726807,1.0632318258285522,0.6817958354949951,0.5694436430931091,0.44868913292884827,0.7673105597496033,2.6988866329193115,2.5354323387145996,2.556800365447998,2.4020655155181885,2.260978937149048,2.193634510040283,1.8396120071411133,1.9643367528915405,1.6377310752868652,1.2818357944488525,1.1630606651306152,0.8266215324401855,0.8159707188606262,0.7110076546669006,1.0062834024429321,2.492034912109375,2.210064172744751,2.2903459072113037,2.0904111862182617,1.9187453985214233,1.8329898118972778,1.4567877054214478,1.665359616279602,1.3771247863769531,1.0246636867523193,0.9782558679580688,0.6445199847221375,0.7696583867073059,0.7119672894477844,1.0410486459732056,2.603363037109375,2.5741612911224365,2.535881280899048,2.3989007472991943,2.184156894683838,2.2901694774627686,2.0871849060058594,2.325333833694458,2.1949398517608643,1.8163055181503296,1.9193615913391113,1.5871974229812622,1.7467427253723145,1.5207080841064453,1.7002910375595093
A15,3.760915517807007,3.3897621631622314,3.3456051349639893,2.991337299346924,2.8251419067382812,2.6674728393554688,2.2731924057006836,2.293609380722046,2.0830562114715576,1.7018297910690308,1.4516851902008057,1.08159339427948,0.821354329586029,0.41905122995376587,0.0,2.944249153137207,2.871905565261841,2.929410696029663,2.7540504932403564,2.626924514770508,2.5308549404144287,2.1776206493377686,2.2421634197235107,1.9510761499404907,1.567452073097229,1.3662610054016113,0.9673469662666321,0.7860137820243835,0.4494120180606842,0.5066072344779968,2.7203714847564697,2.6006197929382324,2.683957815170288,2.5531630516052246,2.4696853160858154,2.4198484420776367,2.089784860610962,2.225203037261963,1.9129117727279663,1.5316177606582642,1.392577052116394,1.0016862154006958,0.8997223377227783,0.6133060455322266,0.7358194589614868,2.500032901763916,2.2671492099761963,2.4153451919555664,2.236933708190918,2.1311161518096924,2.058703899383545,1.688830852508545,1.9015169143676758,1.6554127931594849,1.2777019739151,1.1988929510116577,0.8046793341636658,0.8091620206832886,0.5508860349655151,0.7363464832305908,2.5698399543762207,2.5750513076782227,2.5996055603027344,2.4973530769348145,2.3016953468322754,2.3999814987182617,2.2349298000335693,2.4456846714019775,2.2660164833068848,1.893250584602356,1.968717098236084,1.6282529830932617,1.7202447652816772,1.4411160945892334,1.6097561120986938
B1,2.2352726459503174,2.123077869415283,2.352047920227051,2.2215096950531006,2.4804415702819824,2.58014178276062,2.499467611312866,2.7497012615203857,2.9438178539276123,2.7950801849365234,2.9665520191192627,2.884192943572998,3.095205783843994,2.92394757270813,2.944249153137207,0.0,0.3910537362098694,0.7345200181007385,1.0474187135696411,1.3380533456802368,1.6496058702468872,1.8032186031341553,2.125394105911255,2.3469080924987793,2.276580572128296,2.559025526046753,2.553288459777832,2.848101854324341,2.8341054916381836,2.941189765930176,0.4798341989517212,0.5015252828598022,0.7974326610565186,0.9977872371673584,1.3704506158828735,1.6045923233032227,1.8218315839767456,2.086374521255493,2.2936742305755615,2.22251558303833,2.526012420654297,2.5197055339813232,2.833123207092285,2.8644745349884033,3.0330750942230225,1.089957594871521,1.1947447061538696,1.2021145820617676,1.1685607433319092,1.5252999067306519,1.584914207458496,1.796511173248291,1.8763564825057983,2.208996534347534,2.2343995571136475,2.5006039142608643,2.5873513221740723,2.870302438735962,2.9769856929779053,3.1274259090423584,2.006204605102539,2.2692577838897705,2.3809523582458496,2.6391007900238037,2.8589069843292236,3.2504703998565674,3.3872296810150146,3.7415401935577393,3.8072874546051025,3.630288600921631,3.962040424346924,3.8497111797332764,4.100240230560303,4.002390384674072,4.332916736602783
B2,2.1583001613616943,2.033003091812134,2.204967737197876,2.0384037494659424,2.3020918369293213,2.3590028285980225,2.2906711101531982,2.504448652267456,2.7246670722961426,2.607259750366211,2.77341365814209,2.7323341369628906,2.950535774230957,2.8058645725250244,2.871905565261841,0.3910537362098694,0.0,0.39237844944000244,0.6666094660758972,0.9935824871063232,1.2890429496765137,1.4822787046432495,1.7851717472076416,2.0395140647888184,2.017488718032837,2.3154094219207764,2.3635003566741943,2.6771111488342285,2.712977647781372,2.8587865829467773,0.6939738988876343,0.45218339562416077,0.5713068246841431,0.6653193831443787,1.0490238666534424,1.2519787549972534,1.505638599395752,1.7456666231155396,1.9864287376403809,1.965430498123169,2.284855604171753,2.332658290863037,2.665693521499634,2.7468204498291016,2.956911325454712,1.266028881072998,1.2551568746566772,1.1519323587417603,1.014744520187378,1.3148860931396484,1.3116767406463623,1.5591400861740112,1.5799384117126465,1.935919165611267,2.0159995555877686,2.2840402126312256,2.4237093925476074,2.717102527618408,2.871249198913574,3.0616090297698975,2.1945598125457764,2.416353225708008,2.4723174571990967,2.6877052783966064,2.87674880027771,3.2685225009918213,3.367922782897949,3.7364730834960938,3.814937114715576,3.6186680793762207,3.9489195346832275,3.8201231956481934,4.0846638679504395,3.9826276302337646,4.301398754119873
B3,1.8936359882354736,1.7727696895599365,1.9041765928268433,1.7349203824996948,2.0204789638519287,2.068539619445801,2.0459463596343994,2.246750831604004,2.503220319747925,2.4376139640808105,2.632477283477783,2.6463489532470703,2.8978421688079834,2.807673215866089,2.929410696029663,0.7345200181007385,0.39237844944000244,0.0,0.40045613050460815,0.6835377216339111,1.0198652744293213,1.2672157287597656,1.5762375593185425,1.8581762313842773,1.8929831981658936,2.22942852973938,2.325263500213623,2.670280933380127,2.752819538116455,2.9494259357452393,0.898084282875061,0.5779531598091125,0.38554254174232483,0.4432337284088135,0.7759124636650085,1.0145450830459595,1.3193469047546387,1.5625766515731812,1.8456066846847534,1.8829623460769653,2.2351386547088623,2.3301703929901123,2.6902472972869873,2.811345100402832,3.0676963329315186,1.3841357231140137,1.2919740676879883,1.0634981393814087,0.8991757035255432,1.128658413887024,1.1282389163970947,1.444758415222168,1.4462000131607056,1.816548228263855,1.9558005332946777,2.252023458480835,2.4332168102264404,2.7530412673950195,2.9417989253997803,3.176657199859619,2.2828025817871094,2.4551680088043213,2.4469165802001953,2.6297123432159424,2.808756113052368,3.2017130851745605,3.283226728439331,3.6611955165863037,3.7710368633270264,3.5805885791778564,3.919528007507324,3.800610065460205,4.088080883026123,4.006472110748291,4.326991558074951
B4,2.054840564727783,1.894199013710022,1.9437953233718872,1.7080650329589844,1.9543040990829468,1.9263544082641602,1.8820619583129883,2.02293062210083,2.285029649734497,2.2335288524627686,2.39589262008667,2.4379191398620605,2.675065279006958,2.5994067192077637,2.7540504932403564,1.0474187135696411,0.6666094660758972,0.40045613050460815,0.0,0.40363529324531555,0.6499325037002563,0.9274047613143921,1.1969956159591675,1.503716230392456,1.5812430381774902,1.9132542610168457,2.0580732822418213,2.4050610065460205,2.530759334564209,2.7531778812408447,1.1878379583358765,0.8122616410255432,0.5640963912010193,0.27300184965133667,0.5169371366500854,0.6420488357543945,0.9731974005699158,1.1760752201080322,1.4797098636627197,1.5623929500579834,1.9138418436050415,2.057319402694702,2.4219586849212646,2.5859525203704834,2.871300458908081,1.6072471141815186,1.436293125152588,1.179844617843628,0.8970925807952881,1.0017842054367065,0.8746107220649719,1.1900522708892822,1.107475996017456,1.4876713752746582,1.675143837928772,1.9542564153671265,2.1807050704956055,2.496163845062256,2.7242634296417236,2.987476348876953,2.4721734523773193,2.615316152572632,2.5766053199768066,2.709477186203003,2.8388874530792236,3.216944694519043,3.2512857913970947,3.6341280937194824,3.736727476119995,3.5176753997802734,3.841190814971924,3.694972276687622,3.982936382293701,3.886040449142456,4.184937953948975
B5,1.8699150085449219,1.666067123413086,1.6499173641204834,1.3710795640945435,1.5904221534729004,1.5335549116134644,1.5004713535308838,1.6317280530929565,1.910460352897644,1.8940198421478271,2.0830841064453125,2.169175863265991,2.439084529876709,2.421882152557373,2.626924514770508,1.3380533456802368,0.9935824871063232,0.6835377216339111,0.40363529324531555,0.0,0.39463311433792114,0.6454088687896729,0.9636979103088379,1.245229721069336,1.346924066543579,1.7171424627304077,1.8810858726501465,2.2546894550323486,2.411118745803833,2.681417942047119,1.3514487743377686,0.978329062461853,0.6394304037094116,0.3607240319252014,0.17228515446186066,0.4194125533103943,0.7337491512298584,0.9945919513702393,1.2924028635025024,1.396661400794983,1.777064323425293,1.935286045074463,2.319514274597168,2.501826047897339,2.825996160507202,1.6379879713058472,1.3893853425979614,1.0657178163528442,0.7603791952133179,0.7189314365386963,0.5984090566635132,0.9678337574005127,0.9255139827728271,1.2814244031906128,1.4989283084869385,1.8163745403289795,2.0536980628967285,2.3977768421173096,2.638267993927002,2.939786672592163,2.417471408843994,2.506023645401001,2.410658359527588,2.4959657192230225,2.5966498851776123,2.9635326862335205,2.9726359844207764,3.3580780029296875,3.480856418609619,3.2653517723083496,3.5907466411590576,3.45438551902771,3.7597174644470215,3.685007333755493,3.985346555709839
B6,2.170645236968994,1.9502716064453125,1.8654558658599854,1.5426416397094727,1.699135661125183,1.549773097038269,1.487391710281372,1.5227147340774536,1.7979681491851807,1.8001798391342163,1.9355151653289795,2.0552077293395996,2.2964258193969727,2.2945942878723145,2.5308549404144287,1.6496058702468872,1.2890429496765137,1.0198652744293213,0.6499325037002563,0.39463311433792114,0.0,0.38986366987228394,0.595366895198822,0.9270296096801758,1.109900951385498,1.460644245147705,1.6926014423370361,2.0562057495117188,2.26310658454895,2.554506778717041,1.6866480112075806,1.3048019409179688,1.0106698274612427,0.6666333079338074,0.4049006998538971,0.1277947723865509,0.46798330545425415,0.6263286471366882,0.9622110724449158,1.148161768913269,1.5130512714385986,1.7363758087158203,2.113661289215088,2.3450217247009277,2.6932785511016846,1.9521383047103882,1.6752275228500366,1.3754156827926636,1.0269269943237305,0.8676046133041382,0.5791786909103394,0.8683282136917114,0.6760457158088684,1.0197268724441528,1.308671236038208,1.5862722396850586,1.878175139427185,2.204547166824341,2.4876012802124023,2.8130669593811035,2.695422649383545,2.7659623622894287,2.655721426010132,2.697523593902588,2.7480883598327637,3.090529203414917,3.0512595176696777,3.433541774749756,3.543154001235962,3.2991507053375244,3.60111141204834,3.4345359802246094,3.733649492263794,3.639873743057251,3.911285877227783
B7,2.284456729888916,2.009901285171509,1.899728775024414,1.5312613248825073,1.6007049083709717,1.4054749011993408,1.255629062652588,1.2665692567825317,1.4923824071884155,1.4545482397079468,1.5597580671310425,1.6724028587341309,1.9083713293075562,1.9204015731811523,2.1776206493377686,1.8032186031341553,1.4822787046432495,1.2672157287597656,0.9274047613143921,0.6454088687896729,0.38986366987228394,0.0,0.40362629294395447,0.6034925580024719,0.7316128611564636,1.1024222373962402,1.3238797187805176,1.6978145837783813,1.9137377738952637,2.2285895347595215,1.7630764245986938,1.401405692100525,1.1582918167114258,0.8429797291755676,0.5414792895317078,0.32592156529426575,0.13248103857040405,0.47175976634025574,0.6820166110992432,0.8124449253082275,1.1949273347854614,1.4000763893127441,1.7848703861236572,2.016059637069702,2.3828232288360596,1.9245704412460327,1.6066429615020752,1.3482857942581177,0.9827460050582886,0.7280812859535217,0.3620169460773468,0.5277706384658813,0.36760786175727844,0.6650615930557251,0.9475985765457153,1.2507482767105103,1.5322682857513428,1.874014973640442,2.154862880706787,2.498995065689087,2.5809481143951416,2.625627040863037,2.5066449642181396,2.508880138397217,2.5141003131866455,2.834191083908081,2.7637217044830322,3.1403207778930664,3.2314834594726562,2.9690403938293457,3.256319761276245,3.07481050491333,3.369788408279419,3.270927667617798,3.5341856479644775
B8,2.615525245666504,2.3507933616638184,2.198755979537964,1.8245242834091187,1.8625723123550415,1.604379415512085,1.4584561586380005,1.3586695194244385,1.5696985721588135,1.5662904977798462,1.5962140560150146,1.748225212097168,1.933565378189087,1.9606685638427734,2.2421634197235107,2.125394105911255,1.7851717472076416,1.5762375593185425,1.1969956159591675,0.9636979103088379,0.595366895198822,0.40362629294395447,0.0,0.3919839560985565,0.7010323405265808,0.9862067103385925,1.307931661605835,1.6428862810134888,1.9187721014022827,2.2436583042144775,2.131267786026001,1.7619743347167969,1.526244044303894,1.1780176162719727,0.9033750891685486,0.5645363926887512,0.36300140619277954,0.1626480519771576,0.42741966247558594,0.7394091486930847,1.0521615743637085,1.3551380634307861,1.7083826065063477,1.999711036682129,2.3814873695373535,2.3143365383148193,1.9986827373504639,1.7514493465423584,1.3834024667739868,1.1208432912826538,0.7543308138847351,0.7811101675033569,0.4361000061035156,0.5911439657211304,0.965158224105835,1.1658614873886108,1.5164391994476318,1.8127472400665283,2.1429154872894287,2.50311541557312,2.9604344367980957,2.9978489875793457,2.8717846870422363,2.847125291824341,2.817857503890991,3.1120948791503906,3.001885414123535,3.368213415145874,3.4476563930511475,3.1638576984405518,3.422574043273926,3.2132787704467773,3.495943546295166,3.376885175704956,3.6033074855804443
B9,2.7615439891815186,2.459514617919922,2.285628318786621,1.8887834548950195,1.8457684516906738,1.551116704940796,1.3322486877441406,1.1831624507904053,1.3157215118408203,1.278257966041565,1.2461652755737305,1.4070239067077637,1.5735716819763184,1.6352672576904297,1.9510761499404907,2.3469080924987793,2.0395140647888184,1.8581762313842773,1.503716230392456,1.245229721069336,0.9270296096801758,0.6034925580024719,0.3919839560985565,0.0,0.39649924635887146,0.6550112962722778,0.9961733818054199,1.3282405138015747,1.6304850578308105,1.9864897727966309,2.2917988300323486,1.9478293657302856,1.7447564601898193,1.4300650358200073,1.143280267715454,0.8778159618377686,0.5400353074073792,0.4630560576915741,0.29215332865715027,0.5225287675857544,0.8014118671417236,1.0944910049438477,1.4387006759643555,1.737540602684021,2.1411826610565186,2.384427785873413,2.0450379848480225,1.837457299232483,1.486507773399353,1.1799993515014648,0.8541821241378784,0.7145171761512756,0.4936647415161133,0.3480757772922516,0.7114278078079224,0.9001992344856262,1.2410334348678589,1.54184091091156,1.872616171836853,2.2562482357025146,2.931166172027588,2.938610315322876,2.8012261390686035,2.733336925506592,2.6546061038970947,2.9145259857177734,2.7666831016540527,3.118971824645996,3.1797516345977783,2.8790283203125,3.1145498752593994,2.8894407749176025,3.165499687194824,3.0430190563201904,3.2536873817443848
B10,2.8031394481658936,2.473142385482788,2.3349814414978027,1.9347344636917114,1.859379529953003,1.59788179397583,1.3004642724990845,1.2146241664886475,1.2574034929275513,1.1007312536239624,1.0258466005325317,1.092511534690857,1.2431888580322266,1.2636663913726807,1.567452073097229,2.276580572128296,2.017488718032837,1.8929831981658936,1.5812430381774902,1.346924066543579,1.109900951385498,0.7316128611564636,0.7010323405265808,0.39649924635887146,0.0,0.40051236748695374,0.6355945467948914,1.0045758485794067,1.2709226608276367,1.631822109222412,2.1698174476623535,1.862668514251709,1.7251453399658203,1.4514175653457642,1.2114012241363525,1.027600646018982,0.6465435028076172,0.7300513982772827,0.46175867319107056,0.2948622703552246,0.6019100546836853,0.7742758393287659,1.1443374156951904,1.3994446992874146,1.8031532764434814,2.1924619674682617,1.8532307147979736,1.7154239416122437,1.3808043003082275,1.09992516040802,0.8232616782188416,0.5205591917037964,0.5043537020683289,0.17799264192581177,0.3381084203720093,0.6176457405090332,0.8930631279945374,1.2340227365493774,1.529999017715454,1.9128966331481934,2.6737520694732666,2.682696580886841,2.5710248947143555,2.4995601177215576,2.4035861492156982,2.65354323387146,2.5064501762390137,2.852191925048828,2.8810794353485107,2.5657870769500732,2.7950034141540527,2.5566446781158447,2.821308135986328,2.6852757930755615,2.905027151107788
B11,3.1955339908599854,2.858833074569702,2.717616319656372,2.315524101257324,2.210890054702759,1.9338178634643555,1.614217758178711,1.4855542182922363,1.4507390260696411,1.2580538988113403,1.0517847537994385,1.0633606910705566,1.0806543827056885,1.0632318258285522,1.3662610054016113,2.559025526046753,2.3154094219207764,2.22942852973938,1.9132542610168457,1.7171424627304077,1.460644245147705,1.1024222373962402,0.9862067103385925,0.6550112962722778,0.40051236748695374,0.0,0.40627321600914,0.6780138611793518,1.0068436861038208,1.3708784580230713,2.4636335372924805,2.172628164291382,2.075942277908325,1.7949092388153076,1.5879286527633667,1.3732061386108398,1.0005427598953247,0.9765891432762146,0.6068543791770935,0.36520975828170776,0.30701568722724915,0.4998853802680969,0.8071200847625732,1.1129028797149658,1.527422547340393,2.4725522994995117,2.1479640007019043,2.059579849243164,1.7305048704147339,1.4768072366714478,1.204135775566101,0.8691438436508179,0.8139320015907288,0.4416981339454651,0.3661123216152191,0.3200530707836151,0.6318483352661133,0.9067149758338928,1.2411513328552246,1.637149453163147,2.905942440032959,2.915769100189209,2.824171543121338,2.7339489459991455,2.600214958190918,2.811389923095703,2.6311447620391846,2.9498181343078613,2.9354264736175537,2.5915491580963135,2.7730872631073,2.492856502532959,2.7206203937530518,2.544485330581665,2.7176787853240967
B12,3.2533533573150635,2.899174213409424,2.7918033599853516,2.3991799354553223,2.271965265274048,2.0359621047973633,1.674259901046753,1.6097726821899414,1.5063927173614502,1.2183201313018799,0.9825625419616699,0.841324508190155,0.7955747842788696,0.6817958354949951,0.9673469662666321,2.553288459777832,2.3635003566741943,2.325263500213623,2.0580732822418213,1.8810858726501465,1.6926014423370361,1.3238797187805176,1.307931661605835,0.9961733818054199,0.6355945467948914,0.40627321600914,0.0,0.3961039185523987,0.6444326639175415,1.0283249616622925,2.4072158336639404,2.165358781814575,2.128730297088623,1.8995888233184814,1.7344794273376465,1.5921365022659302,1.2267310619354248,1.2977041006088257,0.9612348079681396,0.6079932451248169,0.5200216770172119,0.3128134310245514,0.6055193543434143,0.8026277422904968,1.2170368432998657,2.3398971557617188,2.0300095081329346,2.0156795978546143,1.72727370262146,1.5171427726745605,1.3188377618789673,0.9373369216918945,1.03307044506073,0.7180933356285095,0.3890199065208435,0.34724557399749756,0.31222110986709595,0.6653549671173096,0.9180830121040344,1.3154687881469727,2.681330919265747,2.6901535987854004,2.6280245780944824,2.534667730331421,2.3840904235839844,2.575956106185913,2.4004125595092773,2.7029478549957275,2.6506049633026123,2.2948708534240723,2.4640583992004395,2.1700353622436523,2.3794941902160645,2.186093807220459,2.3710620403289795
B13,3.639350175857544,3.2814743518829346,3.176574230194092,2.7852530479431152,2.6419436931610107,2.4013912677764893,2.03200101852417,1.9473166465759277,1.8006484508514404,1.502005934715271,1.198156714439392,1.003144383430481,0.7853569984436035,0.5694436430931091,0.7860137820243835,2.848101854324341,2.6771111488342285,2.670280933380127,2.4050610065460205,2.2546894550323486,2.0562057495117188,1.6978145837783813,1.6428862810134888,1.3282405138015747,1.0045758485794067,0.6780138611793518,0.3961039185523987,0.0,0.3830978274345398,0.7525015473365784,2.711102247238159,2.4891109466552734,2.485016345977783,2.254861831665039,2.1126272678375244,1.952913522720337,1.5926969051361084,1.615285038948059,1.2554295063018799,0.926032543182373,0.6757217645645142,0.37903672456741333,0.3183068633079529,0.50819331407547,0.9232643842697144,2.631718158721924,2.3441162109375,2.3697285652160645,2.090930938720703,1.9031139612197876,1.7041428089141846,1.3224273920059204,1.3841590881347656,1.0641731023788452,0.7586336135864258,0.5163074135780334,0.2679288983345032,0.34537139534950256,0.603409469127655,1.0138593912124634,2.9205522537231445,2.9324722290039062,2.8944404125213623,2.7903833389282227,2.61281681060791,2.7645041942596436,2.5678067207336426,2.834388494491577,2.7348670959472656,2.3603150844573975,2.4729959964752197,2.1407179832458496,2.2961318492889404,2.0547409057617188,2.1827025413513184
