0.000000000000000000e+00,3.996495008468627930e-01,6.392494440078735352e-01,9.777216315269470215e-01,1.270844101905822754e+00,1.605255365371704102e+00,1.895074129104614258e+00,2.190307617187500000e+00,2.402016878128051758e+00,2.586829185485839844e+00,2.932535409927368164e+00,3.180928945541381836e+00,3.364706277847290039e+00,3.676941156387329102e+00,3.794747114181518555e+00,2.765239238739013672e+00,2.407789468765258789e+00,2.195098876953125000e+00,1.816853165626525879e+00,1.758464932441711426e+00,1.729020714759826660e+00,1.662344217300415039e+00,1.903084874153137207e+00,2.261222839355468750e+00,2.395388603210449219e+00,2.747033119201660156e+00,3.054102420806884766e+00,3.270366191864013672e+00,3.641077518463134766e+00,3.803035020828247070e+00,2.949688196182250977e+00,2.672879934310913086e+00,2.432805538177490234e+00,2.055979967117309570e+00,1.983233451843261719e+00,1.949532389640808105e+00,1.864843726158142090e+00,2.014520645141601562e+00,2.390186309814453125e+00,2.548530817031860352e+00,2.812857627868652344e+00,3.172515630722045898e+00,3.373660802841186523e+00,3.755690097808837891e+00,3.928417921066284180e+00,3.413377285003662109e+00,3.167143106460571289e+00,3.010059595108032227e+00,2.645995378494262695e+00,2.630760908126831055e+00,2.527520895004272461e+00,2.429552555084228516e+00,2.518452167510986328e+00,2.878719091415405273e+00,2.909349679946899414e+00,3.095911026000976562e+00,3.421974182128906250e+00,3.620758533477783203e+00,3.953334808349609375e+00,4.134481906890869141e+00,3.902195692062377930e+00,3.668176889419555664e+00,3.544022560119628906e+00,3.207899570465087891e+00,3.194390058517456055e+00,3.151335239410400391e+00,3.000663042068481445e+00,3.149334192276000977e+00,3.406104326248168945e+00,3.377890586853027344e+00,3.526802062988281250e+00,3.804056406021118164e+00,4.031437873840332031e+00,4.271562576293945312e+00,4.413889408111572266e+00
3.996495008468627930e-01,0.000000000000000000e+00,3.834922313690185547e-01,6.528667211532592773e-01,9.205146431922912598e-01,1.271421432495117188e+00,1.524882674217224121e+00,1.842549204826354980e+00,2.044910907745361328e+00,2.206748962402343750e+00,2.556738138198852539e+00,2.792471885681152344e+00,2.980538845062255859e+00,3.287159442901611328e+00,3.410981893539428711e+00,2.537034511566162109e+00,2.188457489013671875e+00,1.952799916267395020e+00,1.566331863403320312e+00,1.440730810165405273e+00,1.382651925086975098e+00,1.276591658592224121e+00,1.519667506217956543e+00,1.870677590370178223e+00,1.996912479400634766e+00,2.350800991058349609e+00,2.655084371566772461e+00,2.872968435287475586e+00,3.242792129516601562e+00,3.409600496292114258e+00,2.685700893402099609e+00,2.431915760040283203e+00,2.154710531234741211e+00,1.781860828399658203e+00,1.673449635505676270e+00,1.594452857971191406e+00,1.500791430473327637e+00,1.624484658241271973e+00,2.001225471496582031e+00,2.162242174148559570e+00,2.417840480804443359e+00,2.778913259506225586e+00,2.977941751480102539e+00,3.359004735946655273e+00,3.533868312835693359e+00,3.145876884460449219e+00,2.924940109252929688e+00,2.744692564010620117e+00,2.387596607208251953e+00,2.361247301101684570e+00,2.217450380325317383e+00,2.124433994293212891e+00,2.174380302429199219e+00,2.537797927856445312e+00,2.557899713516235352e+00,2.725274801254272461e+00,3.046581506729125977e+00,3.239341735839843750e+00,3.565927505493164062e+00,3.745952844619750977e+00,3.650240659713745117e+00,3.436572313308715820e+00,3.304807186126708984e+00,2.968820810317993164e+00,2.959559679031372070e+00,2.884701013565063477e+00,2.735690116882324219e+00,2.846806526184082031e+00,3.108577251434326172e+00,3.061243534088134766e+00,3.185412406921386719e+00,3.452347993850708008e+00,3.668933629989624023e+00,3.897534370422363281e+00,4.034304618835449219e+00
6.392494440078735352e-01,3.834922313690185547e-01,0.000000000000000000e+00,3.906037807464599609e-01,6.536632776260375977e-01,9.722184538841247559e-01,1.289239287376403809e+00,1.561701297760009766e+00,1.779002904891967773e+00,1.988832116127014160e+00,2.330216407775878906e+00,2.605847597122192383e+00,2.804845333099365234e+00,3.137563228607177734e+00,3.286579370498657227e+00,2.620013236999511719e+00,2.297650337219238281e+00,2.011485815048217773e+00,1.628116965293884277e+00,1.468285918235778809e+00,1.314806461334228516e+00,1.210218071937561035e+00,1.364431023597717285e+00,1.738320589065551758e+00,1.873307108879089355e+00,2.211163520812988281e+00,2.530939102172851562e+00,2.764013051986694336e+00,3.139798641204833984e+00,3.328307628631591797e+00,2.849617004394531250e+00,2.632573366165161133e+00,2.324782371520996094e+00,1.974117994308471680e+00,1.851992845535278320e+00,1.698109984397888184e+00,1.598023772239685059e+00,1.633735537528991699e+00,2.003571510314941406e+00,2.141614198684692383e+00,2.369392395019531250e+00,2.719983339309692383e+00,2.928570032119750977e+00,3.298090457916259766e+00,3.486778020858764648e+00,3.342342376708984375e+00,3.152064561843872070e+00,2.960412979125976562e+00,2.618001461029052734e+00,2.582834482192993164e+00,2.391287326812744141e+00,2.292486906051635742e+00,2.282550334930419922e+00,2.637964487075805664e+00,2.613762855529785156e+00,2.751328229904174805e+00,3.042680978775024414e+00,3.240072250366210938e+00,3.541655302047729492e+00,3.729071378707885742e+00,3.868485212326049805e+00,3.678052902221679688e+00,3.545695066452026367e+00,3.213652372360229492e+00,3.204710960388183594e+00,3.093883514404296875e+00,2.933301448822021484e+00,2.998150348663330078e+00,3.246710777282714844e+00,3.158154249191284180e+00,3.254118442535400391e+00,3.485510110855102539e+00,3.698493003845214844e+00,3.900326728820800781e+00,4.038694381713867188e+00
9.777216315269470215e-01,6.528667211532592773e-01,3.906037807464599609e-01,0.000000000000000000e+00,3.958620131015777588e-01,6.565535664558410645e-01,9.503451585769653320e-01,1.227203011512756348e+00,1.483105778694152832e+00,1.668631553649902344e+00,2.027169227600097656e+00,2.299732208251953125e+00,2.531247377395629883e+00,2.860594511032104492e+00,3.040931940078735352e+00,2.669237136840820312e+00,2.366640806198120117e+00,2.067028522491455078e+00,1.695976257324218750e+00,1.449516415596008301e+00,1.235356807708740234e+00,1.035394072532653809e+00,1.129887104034423828e+00,1.482962965965270996e+00,1.564820885658264160e+00,1.911544442176818848e+00,2.212002992630004883e+00,2.474242925643920898e+00,2.842807769775390625e+00,3.059662818908691406e+00,2.825254201889038086e+00,2.634840965270996094e+00,2.293919086456298828e+00,1.959142208099365234e+00,1.774400830268859863e+00,1.561657547950744629e+00,1.407070159912109375e+00,1.388011574745178223e+00,1.735265016555786133e+00,1.829713344573974609e+00,2.058536767959594727e+00,2.392339468002319336e+00,2.624705314636230469e+00,2.985954999923706055e+00,3.198591709136962891e+00,3.272893667221069336e+00,3.110207796096801758e+00,2.881509065628051758e+00,2.548835992813110352e+00,2.474015474319458008e+00,2.236392498016357422e+00,2.110285282135009766e+00,2.055269479751586914e+00,2.391700506210327148e+00,2.326553583145141602e+00,2.454429388046264648e+00,2.722491025924682617e+00,2.935978889465332031e+00,3.225754976272583008e+00,3.431841611862182617e+00,3.792781352996826172e+00,3.621227741241455078e+00,3.464831590652465820e+00,3.127522468566894531e+00,3.097733020782470703e+00,2.941828250885009766e+00,2.760126113891601562e+00,2.782635688781738281e+00,3.010390520095825195e+00,2.887659072875976562e+00,2.967992305755615234e+00,3.173076152801513672e+00,3.391294717788696289e+00,3.582309484481811523e+00,3.734610795974731445e+00
1.270844101905822754e+00,9.205146431922912598e-01,6.536632776260375977e-01,3.958620131015777588e-01,0.000000000000000000e+00,3.812349736690521240e-01,6.513350605964660645e-01,9.400639533996582031e-01,1.132560849189758301e+00,1.337154746055603027e+00,1.677122235298156738e+00,1.959849119186401367e+00,2.169945716857910156e+00,2.511222362518310547e+00,2.685392379760742188e+00,2.441989183425903320e+00,2.173706054687500000e+00,1.844332098960876465e+00,1.500179171562194824e+00,1.222509145736694336e+00,9.388889074325561523e-01,7.634894847869873047e-01,7.761899828910827637e-01,1.145423889160156250e+00,1.278848767280578613e+00,1.593931317329406738e+00,1.923330783843994141e+00,2.162959098815917969e+00,2.539165496826171875e+00,2.746510267257690430e+00,2.662336826324462891e+00,2.517153739929199219e+00,2.157780408859252930e+00,1.865020871162414551e+00,1.700643301010131836e+00,1.430379509925842285e+00,1.336372733116149902e+00,1.223703026771545410e+00,1.556692004203796387e+00,1.681188941001892090e+00,1.848003149032592773e+00,2.185678005218505859e+00,2.385575294494628906e+00,2.738459587097167969e+00,2.933181285858154297e+00,3.154838085174560547e+00,3.029328584671020508e+00,2.811047077178955078e+00,2.510635375976562500e+00,2.463682413101196289e+00,2.194205045700073242e+00,2.117032289505004883e+00,1.997532725334167480e+00,2.331996440887451172e+00,2.264286041259765625e+00,2.332199573516845703e+00,2.584564685821533203e+00,2.762298822402954102e+00,3.028200387954711914e+00,3.210255146026611328e+00,3.701939105987548828e+00,3.561743021011352539e+00,3.427785873413085938e+00,3.115037441253662109e+00,3.119392633438110352e+00,2.950000047683715820e+00,2.799904584884643555e+00,2.774043321609497070e+00,3.016546726226806641e+00,2.877169370651245117e+00,2.904909610748291016e+00,3.089625835418701172e+00,3.271040439605712891e+00,3.428924083709716797e+00,3.550759315490722656e+00
1.605255365371704102e+00,1.271421432495117188e+00,9.722184538841247559e-01,6.565535664558410645e-01,3.812349736690521240e-01,0.000000000000000000e+00,4.095966815948486328e-01,5.913876295089721680e-01,8.503617048263549805e-01,1.090598106384277344e+00,1.426553249359130859e+00,1.744811296463012695e+00,1.989438414573669434e+00,2.344920635223388672e+00,2.562704563140869141e+00,2.662243843078613281e+00,2.427565336227416992e+00,2.084151744842529297e+00,1.772273063659667969e+00,1.464984416961669922e+00,1.130647659301757812e+00,9.310575127601623535e-01,7.810196876525878906e-01,1.090551137924194336e+00,1.170232295989990234e+00,1.450495958328247070e+00,1.763592958450317383e+00,2.033329725265502930e+00,2.397871971130371094e+00,2.640814065933227539e+00,2.876916170120239258e+00,2.765820741653442383e+00,2.390125274658203125e+00,2.127914667129516602e+00,1.934605002403259277e+00,1.620902776718139648e+00,1.498410940170288086e+00,1.306561470031738281e+00,1.577881693840026855e+00,1.639136433601379395e+00,1.770893216133117676e+00,2.069276094436645508e+00,2.288820743560791016e+00,2.615475416183471680e+00,2.835224866867065430e+00,3.345137357711791992e+00,3.250553131103515625e+00,3.011377811431884766e+00,2.730052947998046875e+00,2.656323194503784180e+00,2.350684165954589844e+00,2.254150390625000000e+00,2.083683490753173828e+00,2.382571220397949219e+00,2.260726451873779297e+00,2.299488782882690430e+00,2.502854108810424805e+00,2.691555738449096680e+00,2.923504590988159180e+00,3.121771574020385742e+00,3.886984109878540039e+00,3.769154787063598633e+00,3.622105121612548828e+00,3.312708139419555664e+00,3.302000522613525391e+00,3.094094991683959961e+00,2.926670312881469727e+00,2.854384183883666992e+00,3.066941261291503906e+00,2.885065555572509766e+00,2.886193513870239258e+00,3.023795127868652344e+00,3.203949213027954102e+00,3.333066701889038086e+00,3.465189456939697266e+00
1.895074129104614258e+00,1.524882674217224121e+00,1.289239287376403809e+00,9.503451585769653320e-01,6.513350605964660645e-01,4.095966815948486328e-01,0.000000000000000000e+00,3.883419334888458252e-01,5.961027145385742188e-01,7.237438559532165527e-01,1.091035604476928711e+00,1.371225953102111816e+00,1.636767506599426270e+00,1.974189400672912598e+00,2.206289768218994141e+00,2.567642450332641602e+00,2.363359689712524414e+00,2.034579992294311523e+00,1.764694213867187500e+00,1.405292272567749023e+00,1.069079399108886719e+00,8.085325360298156738e-01,5.626345276832580566e-01,7.622987031936645508e-01,7.776551842689514160e-01,1.055752635002136230e+00,1.355963349342346191e+00,1.637488245964050293e+00,1.996752858161926270e+00,2.251777887344360352e+00,2.696318864822387695e+00,2.621901035308837891e+00,2.232769250869750977e+00,2.013419389724731445e+00,1.791316270828247070e+00,1.439498066902160645e+00,1.316213130950927734e+00,1.046342372894287109e+00,1.253147602081298828e+00,1.295073628425598145e+00,1.386317133903503418e+00,1.673501729965209961e+00,1.888489961624145508e+00,2.208677291870117188e+00,2.433355569839477539e+00,3.119974613189697266e+00,3.060752630233764648e+00,2.804643869400024414e+00,2.554173469543457031e+00,2.468131065368652344e+00,2.131236791610717773e+00,2.049629449844360352e+00,1.823290467262268066e+00,2.094722270965576172e+00,1.956506013870239258e+00,1.952644228935241699e+00,2.135124444961547852e+00,2.308753490447998047e+00,2.526375770568847656e+00,2.721905708312988281e+00,3.652408599853515625e+00,3.561319112777709961e+00,3.409049510955810547e+00,3.114646434783935547e+00,3.107327699661254883e+00,2.871891736984252930e+00,2.716931343078613281e+00,2.596217870712280273e+00,2.803205490112304688e+00,2.602889537811279297e+00,2.564619779586791992e+00,2.681275606155395508e+00,2.839449644088745117e+00,2.949817180633544922e+00,3.072220087051391602e+00
2.190307617187500000e+00,1.842549204826354980e+00,1.561701297760009766e+00,1.227203011512756348e+00,9.400639533996582031e-01,5.913876295089721680e-01,3.883419334888458252e-01,0.000000000000000000e+00,3.971451818943023682e-01,6.203918457031250000e-01,9.260478615760803223e-01,1.269818902015686035e+00,1.557375192642211914e+00,1.914376735687255859e+00,2.187619924545288086e+00,2.830413818359375000e+00,2.656739473342895508e+00,2.313387870788574219e+00,2.068643808364868164e+00,1.723994970321655273e+00,1.365962862968444824e+00,1.160205721855163574e+00,8.458827733993530273e-01,9.569642543792724609e-01,9.413967132568359375e-01,1.108600020408630371e+00,1.376526355743408203e+00,1.666848182678222656e+00,2.000443220138549805e+00,2.282688856124877930e+00,3.006912946701049805e+00,2.960068941116333008e+00,2.569672822952270508e+00,2.374381542205810547e+00,2.157495021820068359e+00,1.795199871063232422e+00,1.675735354423522949e+00,1.376785993576049805e+00,1.519103884696960449e+00,1.506969451904296875e+00,1.539660930633544922e+00,1.763330936431884766e+00,1.979198932647705078e+00,2.253684997558593750e+00,2.492230653762817383e+00,3.431742906570434570e+00,3.396310091018676758e+00,3.137975692749023438e+00,2.905420303344726562e+00,2.812114953994750977e+00,2.461017370223999023e+00,2.372915267944335938e+00,2.118480682373046875e+00,2.353048324584960938e+00,2.173818349838256836e+00,2.136494398117065430e+00,2.258746385574340820e+00,2.430686712265014648e+00,2.599149465560913086e+00,2.800077915191650391e+00,3.961921215057373047e+00,3.889883518218994141e+00,3.737064123153686523e+00,3.451280832290649414e+00,3.438813447952270508e+00,3.182619094848632812e+00,3.019483327865600586e+00,2.866632461547851562e+00,3.045784235000610352e+00,2.812442302703857422e+00,2.747728586196899414e+00,2.812597751617431641e+00,2.961138725280761719e+00,3.032860279083251953e+00,3.156945466995239258e+00
2.402016878128051758e+00,2.044910907745361328e+00,1.779002904891967773e+00,1.483105778694152832e+00,1.132560849189758301e+00,8.503617048263549805e-01,5.961027145385742188e-01,3.971451818943023682e-01,0.000000000000000000e+00,3.937754929065704346e-01,6.064451336860656738e-01,9.814553260803222656e-01,1.216740727424621582e+00,1.595529198646545410e+00,1.850574851036071777e+00,2.627731800079345703e+00,2.500010967254638672e+00,2.154065608978271484e+00,1.964567780494689941e+00,1.633961439132690430e+00,1.274393796920776367e+00,1.149652004241943359e+00,7.731986641883850098e-01,7.842358946800231934e-01,8.514742851257324219e-01,8.969889879226684570e-01,1.201206803321838379e+00,1.425554990768432617e+00,1.762556910514831543e+00,2.015047311782836914e+00,2.864472150802612305e+00,2.862415552139282227e+00,2.477585554122924805e+00,2.334059238433837891e+00,2.158645391464233398e+00,1.784708023071289062e+00,1.743424415588378906e+00,1.402669310569763184e+00,1.503932356834411621e+00,1.543213248252868652e+00,1.484729170799255371e+00,1.701053977012634277e+00,1.845400452613830566e+00,2.099675655364990234e+00,2.295691967010498047e+00,3.327255010604858398e+00,3.325258016586303711e+00,3.092669725418090820e+00,2.897520780563354492e+00,2.843472719192504883e+00,2.488870859146118164e+00,2.460050582885742188e+00,2.172228097915649414e+00,2.399989128112792969e+00,2.246521472930908203e+00,2.147010803222656250e+00,2.256311416625976562e+00,2.366490125656127930e+00,2.504271268844604492e+00,2.658879518508911133e+00,3.874207258224487305e+00,3.831112146377563477e+00,3.709803342819213867e+00,3.456079721450805664e+00,3.483265876770019531e+00,3.234592199325561523e+00,3.114563703536987305e+00,2.934910774230957031e+00,3.134549856185913086e+00,2.907863140106201172e+00,2.795538425445556641e+00,2.850600957870483398e+00,2.947615385055541992e+00,2.983484506607055664e+00,3.059093475341796875e+00
2.586829185485839844e+00,2.206748962402343750e+00,1.988832116127014160e+00,1.668631553649902344e+00,1.337154746055603027e+00,1.090598106384277344e+00,7.237438559532165527e-01,6.203918457031250000e-01,3.937754929065704346e-01,0.000000000000000000e+00,3.883240818977355957e-01,6.618089675903320312e-01,9.586265087127685547e-01,1.299453854560852051e+00,1.580233812332153320e+00,2.606875658035278320e+00,2.497153759002685547e+00,2.184872150421142578e+00,2.026237964630126953e+00,1.664296269416809082e+00,1.347094416618347168e+00,1.171196222305297852e+00,8.162231445312500000e-01,6.484731435775756836e-01,5.792223811149597168e-01,5.466266274452209473e-01,8.124762773513793945e-01,1.065337777137756348e+00,1.395046830177307129e+00,1.671903371810913086e+00,2.716438531875610352e+00,2.739005327224731445e+00,2.352917671203613281e+00,2.245138406753540039e+00,2.040976047515869141e+00,1.660515427589416504e+00,1.610776424407958984e+00,1.239289641380310059e+00,1.247197628021240234e+00,1.252540230751037598e+00,1.138055920600891113e+00,1.323346257209777832e+00,1.462426543235778809e+00,1.708751916885375977e+00,1.917188167572021484e+00,3.107634544372558594e+00,3.133243322372436523e+00,2.882442951202392578e+00,2.715624809265136719e+00,2.643040418624877930e+00,2.272467613220214844e+00,2.251110553741455078e+00,1.927314877510070801e+00,2.114992380142211914e+00,1.949693083763122559e+00,1.811398983001708984e+00,1.894129753112792969e+00,1.988987803459167480e+00,2.113560676574707031e+00,2.270164728164672852e+00,3.629989147186279297e+00,3.607100963592529297e+00,3.474834203720092773e+00,3.233984470367431641e+00,3.255998611450195312e+00,2.985729932785034180e+00,2.874979734420776367e+00,2.657841205596923828e+00,2.845120906829833984e+00,2.607401371002197266e+00,2.463195085525512695e+00,2.498780727386474609e+00,2.575880050659179688e+00,2.597936868667602539e+00,2.668517589569091797e+00
2.932535409927368164e+00,2.556738138198852539e+00,2.330216407775878906e+00,2.027169227600097656e+00,1.677122235298156738e+00,1.426553249359130859e+00,1.091035604476928711e+00,9.260478615760803223e-01,6.064451336860656738e-01,3.883240818977355957e-01,0.000000000000000000e+00,4.088751375675201416e-01,6.643667221069335938e-01,1.028427839279174805e+00,1.330104231834411621e+00,2.684088468551635742e+00,2.626666545867919922e+00,2.319591999053955078e+00,2.215604305267333984e+00,1.881960034370422363e+00,1.577502250671386719e+00,1.470612049102783203e+00,1.108744978904724121e+00,8.836296796798706055e-01,8.587197065353393555e-01,6.357408165931701660e-01,8.211854696273803711e-01,9.733227491378784180e-01,1.252915143966674805e+00,1.514466047286987305e+00,2.841757535934448242e+00,2.910773277282714844e+00,2.538052082061767578e+00,2.479790210723876953e+00,2.307139158248901367e+00,1.930891394615173340e+00,1.926633834838867188e+00,1.545296311378479004e+00,1.499959945678710938e+00,1.509533166885375977e+00,1.309206008911132812e+00,1.422560930252075195e+00,1.485731005668640137e+00,1.661542296409606934e+00,1.832969784736633301e+00,3.242741107940673828e+00,3.306231737136840820e+00,3.074813604354858398e+00,2.947190284729003906e+00,2.896084070205688477e+00,2.525552511215209961e+00,2.538032054901123047e+00,2.191286325454711914e+00,2.346710681915283203e+00,2.183980464935302734e+00,1.990082263946533203e+00,2.021331548690795898e+00,2.059909105300903320e+00,2.119443893432617188e+00,2.234398603439331055e+00,3.763649940490722656e+00,3.773546457290649414e+00,3.663227796554565430e+00,3.453173160552978516e+00,3.497542858123779297e+00,3.224926471710205078e+00,3.140435457229614258e+00,2.892656803131103516e+00,3.073743581771850586e+00,2.828605651855468750e+00,2.639547348022460938e+00,2.636056661605834961e+00,2.664207458496093750e+00,2.631956577301025391e+00,2.661518335342407227e+00
3.180928945541381836e+00,2.792471885681152344e+00,2.605847597122192383e+00,2.299732208251953125e+00,1.959849119186401367e+00,1.744811296463012695e+00,1.371225953102111816e+00,1.269818902015686035e+00,9.814553260803222656e-01,6.618089675903320312e-01,4.088751375675201416e-01,0.000000000000000000e+00,3.847804367542266846e-01,6.638337969779968262e-01,9.999893307685852051e-01,2.669020891189575195e+00,2.644366025924682617e+00,2.379194498062133789e+00,2.320732831954956055e+00,1.984375476837158203e+00,1.734739899635314941e+00,1.620693683624267578e+00,1.306349635124206543e+00,9.842312335968017578e-01,8.927090167999267578e-01,5.395656228065490723e-01,5.541961193084716797e-01,6.175073981285095215e-01,8.522630333900451660e-01,1.124708771705627441e+00,2.720134019851684570e+00,2.826911449432373047e+00,2.469230651855468750e+00,2.463711738586425781e+00,2.288542747497558594e+00,1.927568197250366211e+00,1.942676663398742676e+00,1.560915827751159668e+00,1.420797109603881836e+00,1.418631434440612793e+00,1.134441256523132324e+00,1.175779104232788086e+00,1.165183901786804199e+00,1.293739795684814453e+00,1.443954348564147949e+00,3.053573608398437500e+00,3.155490636825561523e+00,2.922849893569946289e+00,2.840154647827148438e+00,2.788374900817871094e+00,2.417236328125000000e+00,2.458353519439697266e+00,2.085619449615478516e+00,2.190474033355712891e+00,2.037353754043579102e+00,1.786930918693542480e+00,1.777964711189270020e+00,1.759394407272338867e+00,1.778344154357910156e+00,1.862112283706665039e+00,3.545806407928466797e+00,3.586458444595336914e+00,3.479891538619995117e+00,3.298970222473144531e+00,3.352492570877075195e+00,3.070023536682128906e+00,3.013311147689819336e+00,2.728704214096069336e+00,2.900852441787719727e+00,2.656813144683837891e+00,2.422730684280395508e+00,2.395024776458740234e+00,2.374827146530151367e+00,2.308770179748535156e+00,2.304386854171752930e+00
3.364706277847290039e+00,2.980538845062255859e+00,2.804845333099365234e+00,2.531247377395629883e+00,2.169945716857910156e+00,1.989438414573669434e+00,1.636767506599426270e+00,1.557375192642211914e+00,1.216740727424621582e+00,9.586265087127685547e-01,6.643667221069335938e-01,3.847804367542266846e-01,0.000000000000000000e+00,3.998232781887054443e-01,6.714626550674438477e-01,2.519025087356567383e+00,2.547002315521240234e+00,2.299959182739257812e+00,2.302760601043701172e+00,2.009100437164306641e+00,1.794187068939208984e+00,1.756697773933410645e+00,1.462115526199340820e+00,1.128250837326049805e+00,1.134141325950622559e+00,7.569558620452880859e-01,7.873442173004150391e-01,6.371613144874572754e-01,8.140732645988464355e-01,9.650118350982666016e-01,2.631901979446411133e+00,2.782130956649780273e+00,2.449442148208618164e+00,2.495293378829956055e+00,2.374311208724975586e+00,2.032558202743530273e+00,2.117024898529052734e+00,1.745223522186279297e+00,1.602694034576416016e+00,1.664782524108886719e+00,1.347748756408691406e+00,1.390202760696411133e+00,1.272525906562805176e+00,1.358880043029785156e+00,1.407411813735961914e+00,3.002495050430297852e+00,3.133896589279174805e+00,2.941224098205566406e+00,2.896487712860107422e+00,2.891401290893554688e+00,2.539324283599853516e+00,2.635736465454101562e+00,2.264273405075073242e+00,2.370043754577636719e+00,2.263066053390502930e+00,1.983072400093078613e+00,1.980289101600646973e+00,1.889639496803283691e+00,1.879914164543151855e+00,1.885206222534179688e+00,3.503808975219726562e+00,3.571255207061767578e+00,3.504586219787597656e+00,3.360467195510864258e+00,3.455851793289184570e+00,3.197727441787719727e+00,3.185678243637084961e+00,2.899112701416015625e+00,3.093722820281982422e+00,2.875235080718994141e+00,2.616730928421020508e+00,2.597020387649536133e+00,2.526200294494628906e+00,2.432754039764404297e+00,2.364404678344726562e+00
3.676941156387329102e+00,3.287159442901611328e+00,3.137563228607177734e+00,2.860594511032104492e+00,2.511222362518310547e+00,2.344920635223388672e+00,1.974189400672912598e+00,1.914376735687255859e+00,1.595529198646545410e+00,1.299453854560852051e+00,1.028427839279174805e+00,6.638337969779968262e-01,3.998232781887054443e-01,0.000000000000000000e+00,3.914813697338104248e-01,2.632699251174926758e+00,2.694722652435302734e+00,2.493004560470581055e+00,2.534780025482177734e+00,2.249893665313720703e+00,2.081326007843017578e+00,2.036609649658203125e+00,1.780292272567749023e+00,1.416535496711730957e+00,1.375870466232299805e+00,9.892457723617553711e-01,8.767651319503784180e-01,5.956192016601562500e-01,5.692270398139953613e-01,6.471006274223327637e-01,2.643754720687866211e+00,2.831856250762939453e+00,2.525859594345092773e+00,2.621356725692749023e+00,2.503134489059448242e+00,2.188403367996215820e+00,2.283237934112548828e+00,1.928923010826110840e+00,1.719758749008178711e+00,1.764427781105041504e+00,1.403863549232482910e+00,1.362874984741210938e+00,1.155301094055175781e+00,1.142007350921630859e+00,1.120975613594055176e+00,2.935496330261230469e+00,3.108183383941650391e+00,2.921314716339111328e+00,2.925493717193603516e+00,2.920828819274902344e+00,2.579162597656250000e+00,2.699014425277709961e+00,2.317056655883789062e+00,2.367709159851074219e+00,2.273365497589111328e+00,1.950423836708068848e+00,1.899853706359863281e+00,1.741833686828613281e+00,1.669000148773193359e+00,1.615973949432373047e+00,3.395646333694458008e+00,3.498445510864257812e+00,3.439326047897338867e+00,3.330567598342895508e+00,3.434334039688110352e+00,3.171351432800292969e+00,3.187296152114868164e+00,2.870048999786376953e+00,3.048445940017700195e+00,2.835308790206909180e+00,2.536739826202392578e+00,2.486831188201904297e+00,2.359725236892700195e+00,2.221061229705810547e+00,2.103520393371582031e+00
3.794747114181518555e+00,3.410981893539428711e+00,3.286579370498657227e+00,3.040931940078735352e+00,2.685392379760742188e+00,2.562704563140869141e+00,2.206289768218994141e+00,2.187619924545288086e+00,1.850574851036071777e+00,1.580233812332153320e+00,1.330104231834411621e+00,9.999893307685852051e-01,6.714626550674438477e-01,3.914813697338104248e-01,0.000000000000000000e+00,2.435746908187866211e+00,2.546065330505371094e+00,2.382750034332275391e+00,2.483176469802856445e+00,2.243408441543579102e+00,2.127787590026855469e+00,2.138026714324951172e+00,1.923761010169982910e+00,1.563641190528869629e+00,1.584491491317749023e+00,1.218339204788208008e+00,1.147639751434326172e+00,7.917315363883972168e-01,7.383806109428405762e-01,5.846508741378784180e-01,2.464468240737915039e+00,2.692759513854980469e+00,2.423156261444091797e+00,2.570908784866333008e+00,2.505282878875732422e+00,2.224709987640380859e+00,2.379778385162353516e+00,2.051480770111083984e+00,1.846892356872558594e+00,1.952176094055175781e+00,1.590045571327209473e+00,1.577022552490234375e+00,1.298720598220825195e+00,1.279382824897766113e+00,1.140754938125610352e+00,2.774829626083374023e+00,2.974369287490844727e+00,2.831506013870239258e+00,2.875578165054321289e+00,2.917997598648071289e+00,2.606085300445556641e+00,2.779701948165893555e+00,2.412174701690673828e+00,2.467432737350463867e+00,2.428701400756835938e+00,2.096080064773559570e+00,2.074692010879516602e+00,1.859290242195129395e+00,1.789777517318725586e+00,1.657596588134765625e+00,3.235263824462890625e+00,3.362390041351318359e+00,3.344995260238647461e+00,3.275560855865478516e+00,3.421466112136840820e+00,3.191174745559692383e+00,3.254351854324340820e+00,2.946970462799072266e+00,3.151688098907470703e+00,2.975846052169799805e+00,2.668002605438232422e+00,2.646204233169555664e+00,2.480383396148681641e+00,2.339204311370849609e+00,2.162330627441406250e+00
2.765239238739013672e+00,2.537034511566162109e+00,2.620013236999511719e+00,2.669237136840820312e+00,2.441989183425903320e+00,2.662243843078613281e+00,2.567642450332641602e+00,2.830413818359375000e+00,2.627731800079345703e+00,2.606875658035278320e+00,2.684088468551635742e+00,2.669020891189575195e+00,2.519025087356567383e+00,2.632699251174926758e+00,2.435746908187866211e+00,0.000000000000000000e+00,3.775186240673065186e-01,6.167005896568298340e-01,9.923713207244873047e-01,1.240441203117370605e+00,1.533397793769836426e+00,1.829777717590332031e+00,2.011168241500854492e+00,2.009055614471435547e+00,2.308501720428466797e+00,2.344088554382324219e+00,2.597556352615356445e+00,2.446265459060668945e+00,2.700119495391845703e+00,2.552364110946655273e+00,1.085278630256652832e+00,1.180574774742126465e+00,1.163144350051879883e+00,1.335809588432312012e+00,1.673902153968811035e+00,1.706587433815002441e+00,2.097551822662353516e+00,2.087760925292968750e+00,2.216801166534423828e+00,2.595772266387939453e+00,2.534848451614379883e+00,2.844305753707885742e+00,2.692110776901245117e+00,2.968462944030761719e+00,2.847236871719360352e+00,1.915438175201416016e+00,1.902081251144409180e+00,2.034732580184936523e+00,2.014806270599365234e+00,2.331317424774169922e+00,2.275734186172485352e+00,2.589919328689575195e+00,2.502482891082763672e+00,2.781546354293823242e+00,2.993850708007812500e+00,2.894554853439331055e+00,3.187716007232666016e+00,3.062723636627197266e+00,3.286463260650634766e+00,3.188056230545043945e+00,2.504295587539672852e+00,2.477104663848876953e+00,2.639479875564575195e+00,2.592566251754760742e+00,2.896162986755371094e+00,2.942618608474731445e+00,3.117776393890380859e+00,3.100367546081542969e+00,3.475054264068603516e+00,3.518399715423583984e+00,3.418215751647949219e+00,3.679344415664672852e+00,3.629454374313354492e+00,3.729159593582153320e+00,3.600350141525268555e+00
2.407789468765258789e+00,2.188457489013671875e+00,2.297650337219238281e+00,2.366640806198120117e+00,2.173706054687500000e+00,2.427565336227416992e+00,2.363359689712524414e+00,2.656739473342895508e+00,2.500010967254638672e+00,2.497153759002685547e+00,2.626666545867919922e+00,2.644366025924682617e+00,2.547002315521240234e+00,2.694722652435302734e+00,2.546065330505371094e+00,3.775186240673065186e-01,0.000000000000000000e+00,3.868819773197174072e-01,6.919466853141784668e-01,9.751135706901550293e-01,1.309552073478698730e+00,1.590598821640014648e+00,1.824066758155822754e+00,1.875402927398681641e+00,2.169420719146728516e+00,2.265855550765991211e+00,2.538563728332519531e+00,2.441152334213256836e+00,2.726549386978149414e+00,2.625689744949340820e+00,1.062382817268371582e+00,1.038910031318664551e+00,9.748751521110534668e-01,1.054808020591735840e+00,1.403488039970397949e+00,1.459294676780700684e+00,1.837850451469421387e+00,1.870037674903869629e+00,2.047576904296875000e+00,2.427631616592407227e+00,2.419070720672607422e+00,2.755820751190185547e+00,2.651882410049438477e+00,2.962054967880249023e+00,2.884679079055786133e+00,1.883284926414489746e+00,1.806015610694885254e+00,1.902223110198974609e+00,1.816899776458740234e+00,2.118351459503173828e+00,2.068307161331176758e+00,2.355510473251342773e+00,2.301026344299316406e+00,2.608970880508422852e+00,2.820243120193481445e+00,2.763772487640380859e+00,3.082747697830200195e+00,3.000950574874877930e+00,3.258211851119995117e+00,3.201324939727783203e+00,2.481461286544799805e+00,2.405467987060546875e+00,2.529193878173828125e+00,2.433640480041503906e+00,2.710304021835327148e+00,2.759024858474731445e+00,2.905637025833129883e+00,2.921034336090087891e+00,3.298420190811157227e+00,3.345786094665527344e+00,3.282463550567626953e+00,3.564033269882202148e+00,3.553280115127563477e+00,3.685142040252685547e+00,3.595430612564086914e+00
2.195098876953125000e+00,1.952799916267395020e+00,2.011485815048217773e+00,2.067028522491455078e+00,1.844332098960876465e+00,2.084151744842529297e+00,2.034579992294311523e+00,2.313387870788574219e+00,2.154065608978271484e+00,2.184872150421142578e+00,2.319591999053955078e+00,2.379194498062133789e+00,2.299959182739257812e+00,2.493004560470581055e+00,2.382750034332275391e+00,6.167005896568298340e-01,3.868819773197174072e-01,0.000000000000000000e+00,3.874295055866241455e-01,6.791386008262634277e-01,9.696815013885498047e-01,1.294423937797546387e+00,1.498762130737304688e+00,1.583745956420898438e+00,1.907826662063598633e+00,2.011859178543090820e+00,2.319107055664062500e+00,2.251215696334838867e+00,2.566307306289672852e+00,2.505620718002319336e+00,1.315789937973022461e+00,1.285017013549804688e+00,1.106826066970825195e+00,1.099133491516113281e+00,1.373978614807128906e+00,1.337607860565185547e+00,1.694488763809204102e+00,1.675436258316040039e+00,1.884896278381347656e+00,2.256168603897094727e+00,2.247030735015869141e+00,2.595976829528808594e+00,2.521075248718261719e+00,2.841696739196777344e+00,2.798060655593872070e+00,2.113670349121093750e+00,2.040928363800048828e+00,2.070410251617431641e+00,1.941769480705261230e+00,2.190593004226684570e+00,2.079237461090087891e+00,2.323721885681152344e+00,2.233698129653930664e+00,2.560043811798095703e+00,2.726245164871215820e+00,2.667139530181884766e+00,2.975728750228881836e+00,2.921240568161010742e+00,3.172814369201660156e+00,3.144238948822021484e+00,2.727709531784057617e+00,2.650041818618774414e+00,2.729387283325195312e+00,2.592638254165649414e+00,2.830810070037841797e+00,2.831848144531250000e+00,2.932607650756835938e+00,2.925725936889648438e+00,3.291909456253051758e+00,3.299398660659790039e+00,3.232947349548339844e+00,3.493887662887573242e+00,3.502666711807250977e+00,3.625548601150512695e+00,3.557754278182983398e+00
1.816853165626525879e+00,1.566331863403320312e+00,1.628116965293884277e+00,1.695976257324218750e+00,1.500179171562194824e+00,1.772273063659667969e+00,1.764694213867187500e+00,2.068643808364868164e+00,1.964567780494689941e+00,2.026237964630126953e+00,2.215604305267333984e+00,2.320732831954956055e+00,2.302760601043701172e+00,2.534780025482177734e+00,2.483176469802856445e+00,9.923713207244873047e-01,6.919466853141784668e-01,3.874295055866241455e-01,0.000000000000000000e+00,4.057452678680419922e-01,7.069569230079650879e-01,1.016153573989868164e+00,1.267359733581542969e+00,1.430547475814819336e+00,1.745758891105651855e+00,1.915037989616394043e+00,2.243183374404907227e+00,2.241048574447631836e+00,2.584788322448730469e+00,2.580749034881591797e+00,1.497991681098937988e+00,1.389789342880249023e+00,1.149736404418945312e+00,1.008638739585876465e+00,1.216793894767761230e+00,1.154086947441101074e+00,1.462552785873413086e+00,1.464994311332702637e+00,1.734839439392089844e+00,2.089766979217529297e+00,2.134308338165283203e+00,2.504540920257568359e+00,2.488582849502563477e+00,2.835412025451660156e+00,2.843374490737915039e+00,2.232987880706787109e+00,2.118378639221191406e+00,2.090889215469360352e+00,1.895456671714782715e+00,2.094593524932861328e+00,1.963870882987976074e+00,2.153237104415893555e+00,2.081423282623291016e+00,2.434042215347290039e+00,2.575737714767456055e+00,2.557965993881225586e+00,2.879814386367797852e+00,2.876785278320312500e+00,3.151433229446411133e+00,3.170068740844726562e+00,2.840408802032470703e+00,2.727700471878051758e+00,2.757094621658325195e+00,2.567847013473510742e+00,2.760025978088378906e+00,2.741894483566284180e+00,2.794714927673339844e+00,2.807785749435424805e+00,3.164668798446655273e+00,3.159012317657470703e+00,3.126194477081298828e+00,3.393453121185302734e+00,3.444900989532470703e+00,3.591378450393676758e+00,3.566844463348388672e+00
1.758464932441711426e+00,1.440730810165405273e+00,1.468285918235778809e+00,1.449516415596008301e+00,1.222509145736694336e+00,1.464984416961669922e+00,1.405292272567749023e+00,1.723994970321655273e+00,1.633961439132690430e+00,1.664296269416809082e+00,1.881960034370422363e+00,1.984375476837158203e+00,2.009100437164306641e+00,2.249893665313720703e+00,2.243408441543579102e+00,1.240441203117370605e+00,9.751135706901550293e-01,6.791386008262634277e-01,4.057452678680419922e-01,0.000000000000000000e+00,3.771525919437408447e-01,6.280650496482849121e-01,8.981601595878601074e-01,1.054677605628967285e+00,1.350697040557861328e+00,1.547315239906311035e+00,1.874456286430358887e+00,1.909273982048034668e+00,2.265352249145507812e+00,2.302682638168334961e+00,1.530872464179992676e+00,1.432186484336853027e+00,1.105561852455139160e+00,9.261291027069091797e-01,1.005100011825561523e+00,8.377679586410522461e-01,1.119920730590820312e+00,1.074892640113830566e+00,1.353490829467773438e+00,1.698443055152893066e+00,1.750798940658569336e+00,2.126106500625610352e+00,2.139242649078369141e+00,2.496840000152587891e+00,2.539861202239990234e+00,2.181847810745239258e+00,2.084289073944091797e+00,1.983415126800537109e+00,1.768725752830505371e+00,1.905085325241088867e+00,1.712932467460632324e+00,1.868354678153991699e+00,1.755813598632812500e+00,2.108916997909545898e+00,2.217953920364379883e+00,2.197810173034667969e+00,2.512407064437866211e+00,2.532238245010375977e+00,2.809756994247436523e+00,2.857504367828369141e+00,2.785171747207641602e+00,2.679008960723876953e+00,2.658608675003051758e+00,2.439524888992309570e+00,2.592744112014770508e+00,2.521485567092895508e+00,2.540182113647460938e+00,2.520314455032348633e+00,2.862205266952514648e+00,2.825765371322631836e+00,2.786535978317260742e+00,3.038354396820068359e+00,3.104051113128662109e+00,3.250337600708007812e+00,3.249096632003784180e+00
1.729020714759826660e+00,1.382651925086975098e+00,1.314806461334228516e+00,1.235356807708740234e+00,9.388889074325561523e-01,1.130647659301757812e+00,1.069079399108886719e+00,1.365962862968444824e+00,1.274393796920776367e+00,1.347094416618347168e+00,1.577502250671386719e+00,1.734739899635314941e+00,1.794187068939208984e+00,2.081326007843017578e+00,2.127787590026855469e+00,1.533397793769836426e+00,1.309552073478698730e+00,9.696815013885498047e-01,7.069569230079650879e-01,3.771525919437408447e-01,0.000000000000000000e+00,3.967830240726470947e-01,5.654055476188659668e-01,7.956380844116210938e-01,1.120711922645568848e+00,1.325246334075927734e+00,1.684965610504150391e+00,1.763394951820373535e+00,2.139051914215087891e+00,2.225381612777709961e+00,1.852180123329162598e+00,1.776812076568603516e+00,1.426238298416137695e+00,1.241235613822937012e+00,1.225374579429626465e+00,9.607608914375305176e-01,1.147675037384033203e+00,1.003804922103881836e+00,1.293019056320190430e+00,1.593984961509704590e+00,1.636016011238098145e+00,2.005662918090820312e+00,2.054157733917236328e+00,2.407079458236694336e+00,2.487463712692260742e+00,2.466732978820800781e+00,2.388784170150756836e+00,2.248528480529785156e+00,2.026021718978881836e+00,2.106981515884399414e+00,1.861921787261962891e+00,1.961855769157409668e+00,1.802761912345886230e+00,2.147854804992675781e+00,2.193626403808593750e+00,2.162619829177856445e+00,2.446302652359008789e+00,2.493824958801269531e+00,2.751258373260498047e+00,2.827214956283569336e+00,3.064281702041625977e+00,2.969005107879638672e+00,2.919939756393432617e+00,2.682837486267089844e+00,2.800454616546630859e+00,2.682380914688110352e+00,2.658124446868896484e+00,2.604574441909790039e+00,2.919811487197875977e+00,2.836466312408447266e+00,2.786659240722656250e+00,3.002297639846801758e+00,3.082949399948120117e+00,3.210768461227416992e+00,3.230281829833984375e+00
