0.000000000000000000e+00,3.864817321300506592e-01,6.111909151077270508e-01,8.843511939048767090e-01,1.116274118423461914e+00,1.304941177368164062e+00,1.406770229339599609e+00,1.729037642478942871e+00,1.880031228065490723e+00,2.247585296630859375e+00,2.422980070114135742e+00,2.637990713119506836e+00,2.819316864013671875e+00,2.719081878662109375e+00,2.967798233032226562e+00,2.328822135925292969e+00,1.972479224205017090e+00,1.861420273780822754e+00,1.829781651496887207e+00,1.816023349761962891e+00,1.500469326972961426e+00,1.620128631591796875e+00,1.772358536720275879e+00,1.906862020492553711e+00,2.108389377593994141e+00,2.487822532653808594e+00,2.615472316741943359e+00,2.940867424011230469e+00,2.848527908325195312e+00,3.183748245239257812e+00,3.291080474853515625e+00,2.949595451354980469e+00,2.918677330017089844e+00,2.858933448791503906e+00,2.928356885910034180e+00,2.599070787429809570e+00,2.531786203384399414e+00,2.606680393218994141e+00,2.603624820709228516e+00,2.742663145065307617e+00,2.995956897735595703e+00,2.997580289840698242e+00,3.308666467666625977e+00,3.223782539367675781e+00,3.530383348464965820e+00,4.113274574279785156e+00,3.805578470230102539e+00,3.852692842483520508e+00,3.779334306716918945e+00,3.917708635330200195e+00,3.604813337326049805e+00,3.459875583648681641e+00,3.526353359222412109e+00,3.481381416320800781e+00,3.509096384048461914e+00,3.641056776046752930e+00,3.556276798248291016e+00,3.807077884674072266e+00,3.693443536758422852e+00,3.957640171051025391e+00,4.960353374481201172e+00,4.686021327972412109e+00,4.822591304779052734e+00,4.694370269775390625e+00,4.922833442687988281e+00,4.647214412689208984e+00,4.420657634735107422e+00,4.567717075347900391e+00,4.377063274383544922e+00,4.480507850646972656e+00,4.283026218414306641e+00,4.378515243530273438e+00,4.512188434600830078e+00,4.277297496795654297e+00,4.499228000640869141e+00
3.864817321300506592e-01,0.000000000000000000e+00,3.882218897342681885e-01,6.016890406608581543e-01,8.885232210159301758e-01,9.935646653175354004e-01,1.069778561592102051e+00,1.415820956230163574e+00,1.551286935806274414e+00,1.922144293785095215e+00,2.130110263824462891e+00,2.334991455078125000e+00,2.543474912643432617e+00,2.446132183074951172e+00,2.724147796630859375e+00,2.470319271087646484e+00,2.095475673675537109e+00,2.003449201583862305e+00,1.903480648994445801e+00,1.913558602333068848e+00,1.562139868736267090e+00,1.602017998695373535e+00,1.714084625244140625e+00,1.789405107498168945e+00,1.938090085983276367e+00,2.309702634811401367e+00,2.401238918304443359e+00,2.727750301361083984e+00,2.638561725616455078e+00,2.976032495498657227e+00,3.400511264801025391e+00,3.049773931503295898e+00,3.034706592559814453e+00,2.933038711547851562e+00,3.022478818893432617e+00,2.682113409042358398e+00,2.565191507339477539e+00,2.610530853271484375e+00,2.558133840560913086e+00,2.657445669174194336e+00,2.874125003814697266e+00,2.839491367340087891e+00,3.134230852127075195e+00,3.050110816955566406e+00,3.345630407333374023e+00,4.191655635833740234e+00,3.881494522094726562e+00,3.941246032714843750e+00,3.837762117385864258e+00,3.991761207580566406e+00,3.674905061721801758e+00,3.494212865829467773e+00,3.539633035659790039e+00,3.456757068634033203e+00,3.453083038330078125e+00,3.548017740249633789e+00,3.430695056915283203e+00,3.657857656478881836e+00,3.542362213134765625e+00,3.787981986999511719e+00,5.001809597015380859e+00,4.734267234802246094e+00,4.876881122589111328e+00,4.726472854614257812e+00,4.961982250213623047e+00,4.690005302429199219e+00,4.438066959381103516e+00,4.566829681396484375e+00,4.347505569458007812e+00,4.427727222442626953e+00,4.203082561492919922e+00,4.265202522277832031e+00,4.380557060241699219e+00,4.139582157135009766e+00,4.340136051177978516e+00
6.111909151077270508e-01,3.882218897342681885e-01,0.000000000000000000e+00,3.956762552261352539e-01,5.375230908393859863e-01,7.046939134597778320e-01,8.764917850494384766e-01,1.163475275039672852e+00,1.376762390136718750e+00,1.725236535072326660e+00,1.932244062423706055e+00,2.185715436935424805e+00,2.421344041824340820e+00,2.380913257598876953e+00,2.683169841766357422e+00,2.527256488800048828e+00,2.142067432403564453e+00,1.994058370590209961e+00,1.847476124763488770e+00,1.796802043914794922e+00,1.427079200744628906e+00,1.472989559173583984e+00,1.501523494720458984e+00,1.607524514198303223e+00,1.712148547172546387e+00,2.086972713470458984e+00,2.214972972869873047e+00,2.567222356796264648e+00,2.530381202697753906e+00,2.892266035079956055e+00,3.397959232330322266e+00,3.028177499771118164e+00,2.975239515304565430e+00,2.838434696197509766e+00,2.893247842788696289e+00,2.534445762634277344e+00,2.418290853500366211e+00,2.409272432327270508e+00,2.366802215576171875e+00,2.425866365432739258e+00,2.647842645645141602e+00,2.638977527618408203e+00,2.951633214950561523e+00,2.912370443344116211e+00,3.230159044265747070e+00,4.157219409942626953e+00,3.826007843017578125e+00,3.855890035629272461e+00,3.723573446273803711e+00,3.852972745895385742e+00,3.518552541732788086e+00,3.336103916168212891e+00,3.342128753662109375e+00,3.264376878738403320e+00,3.229001283645629883e+00,3.322891473770141602e+00,3.221739530563354492e+00,3.462884187698364258e+00,3.384643793106079102e+00,3.649093866348266602e+00,4.944606781005859375e+00,4.658978939056396484e+00,4.775858879089355469e+00,4.602483749389648438e+00,4.817381858825683594e+00,4.528302669525146484e+00,4.271512508392333984e+00,4.371650695800781250e+00,4.152720451354980469e+00,4.208094120025634766e+00,3.983865261077880859e+00,4.046103954315185547e+00,4.182070732116699219e+00,3.967429637908935547e+00,4.183349609375000000e+00
8.843511939048767090e-01,6.016890406608581543e-01,3.956762552261352539e-01,0.000000000000000000e+00,3.925472199916839600e-01,5.267311334609985352e-01,5.474131107330322266e-01,8.508102297782897949e-01,1.013862133026123047e+00,1.371341705322265625e+00,1.558683991432189941e+00,1.799782156944274902e+00,2.026845455169677734e+00,1.987260222434997559e+00,2.293632030487060547e+00,2.408131837844848633e+00,2.017207384109497070e+00,1.897041797637939453e+00,1.690487623214721680e+00,1.685141801834106445e+00,1.307228446006774902e+00,1.256107091903686523e+00,1.270349383354187012e+00,1.301588892936706543e+00,1.381833910942077637e+00,1.747178792953491211e+00,1.843655586242675781e+00,2.188664197921752930e+00,2.145573854446411133e+00,2.506529331207275391e+00,3.227817296981811523e+00,2.856355190277099609e+00,2.826316356658935547e+00,2.656072378158569336e+00,2.742489814758300781e+00,2.387657880783081055e+00,2.219805002212524414e+00,2.204527378082275391e+00,2.109452247619628906e+00,2.152570247650146484e+00,2.340958118438720703e+00,2.297486305236816406e+00,2.594063758850097656e+00,2.544222831726074219e+00,2.853226184844970703e+00,3.950410604476928711e+00,3.622712135314941406e+00,3.670482158660888672e+00,3.517030477523803711e+00,3.669173717498779297e+00,3.341900348663330078e+00,3.125491857528686523e+00,3.128592967987060547e+00,3.013282537460327148e+00,2.966841459274291992e+00,3.031155586242675781e+00,2.900380611419677734e+00,3.120974063873291016e+00,3.030259609222412109e+00,3.280940771102905273e+00,4.701176166534423828e+00,4.425915241241455078e+00,4.552897453308105469e+00,4.366253852844238281e+00,4.592971324920654297e+00,4.315922260284423828e+00,4.038733005523681641e+00,4.134112358093261719e+00,3.891155481338500977e+00,3.939331054687500000e+00,3.695030689239501953e+00,3.733973741531372070e+00,3.849322795867919922e+00,3.622508049011230469e+00,3.822878837585449219e+00
1.116274118423461914e+00,8.885232210159301758e-01,5.375230908393859863e-01,3.925472199916839600e-01,0.000000000000000000e+00,3.765142261981964111e-01,5.866222381591796875e-01,7.253529429435729980e-01,1.015578031539916992e+00,1.313315033912658691e+00,1.499197602272033691e+00,1.801269888877868652e+00,2.060710906982421875e+00,2.092360019683837891e+00,2.418295621871948242e+00,2.577011823654174805e+00,2.189079284667968750e+00,2.011339664459228516e+00,1.778566479682922363e+00,1.695999622344970703e+00,1.321905136108398438e+00,1.297614455223083496e+00,1.197336435317993164e+00,1.279741168022155762e+00,1.290355920791625977e+00,1.649626612663269043e+00,1.798304080963134766e+00,2.170410156250000000e+00,2.196010828018188477e+00,2.577479839324951172e+00,3.333340883255004883e+00,2.948599100112915039e+00,2.873551845550537109e+00,2.675033807754516602e+00,2.713827371597290039e+00,2.344127178192138672e+00,2.191027641296386719e+00,2.109053611755371094e+00,2.037316799163818359e+00,2.027416944503784180e+00,2.224355936050415039e+00,2.220600366592407227e+00,2.537991285324096680e+00,2.547423601150512695e+00,2.879276514053344727e+00,4.021874427795410156e+00,3.674361467361450195e+00,3.685139417648315430e+00,3.505697727203369141e+00,3.623625040054321289e+00,3.278156280517578125e+00,3.068906784057617188e+00,3.025066375732421875e+00,2.923939704895019531e+00,2.839805841445922852e+00,2.906623840332031250e+00,2.802099943161010742e+00,3.041106700897216797e+00,2.999746084213256836e+00,3.272154569625854492e+00,4.749941349029541016e+00,4.454870223999023438e+00,4.550552368164062500e+00,4.342326641082763672e+00,4.541881561279296875e+00,4.244631767272949219e+00,3.967719554901123047e+00,4.029678821563720703e+00,3.793080329895019531e+00,3.812009096145629883e+00,3.572858810424804688e+00,3.615200519561767578e+00,3.758425235748291016e+00,3.567203521728515625e+00,3.786614418029785156e+00
1.304941177368164062e+00,9.935646653175354004e-01,7.046939134597778320e-01,5.267311334609985352e-01,3.765142261981964111e-01,0.000000000000000000e+00,3.781294524669647217e-01,5.316922664642333984e-01,8.288286924362182617e-01,1.120428085327148438e+00,1.387652516365051270e+00,1.668846487998962402e+00,1.976059079170227051e+00,2.008196353912353516e+00,2.368585348129272461e+00,2.863819122314453125e+00,2.474152565002441406e+00,2.329711437225341797e+00,2.081553220748901367e+00,2.033147573471069336e+00,1.659128427505493164e+00,1.582636117935180664e+00,1.473066806793212891e+00,1.479241013526916504e+00,1.418944358825683594e+00,1.741988658905029297e+00,1.827620625495910645e+00,2.187757492065429688e+00,2.212270259857177734e+00,2.583134174346923828e+00,3.614408731460571289e+00,3.234054803848266602e+00,3.181370019912719727e+00,2.967772722244262695e+00,3.026905775070190430e+00,2.661625146865844727e+00,2.478093147277832031e+00,2.384009122848510742e+00,2.269472122192382812e+00,2.221842288970947266e+00,2.367918491363525391e+00,2.316905021667480469e+00,2.602185964584350586e+00,2.607932806015014648e+00,2.914717674255371094e+00,4.283810615539550781e+00,3.943675994873046875e+00,3.970864057540893555e+00,3.777620792388916016e+00,3.910083055496215820e+00,3.569402217864990234e+00,3.336933851242065430e+00,3.281498432159423828e+00,3.148572444915771484e+00,3.038272619247436523e+00,3.064227819442749023e+00,2.923825263977050781e+00,3.128043651580810547e+00,3.081701755523681641e+00,3.323683023452758789e+00,4.982594013214111328e+00,4.699847221374511719e+00,4.805086612701416016e+00,4.585131168365478516e+00,4.791858196258544922e+00,4.502895832061767578e+00,4.208900928497314453e+00,4.257131576538085938e+00,3.997532844543457031e+00,3.995233535766601562e+00,3.731763601303100586e+00,3.736690044403076172e+00,3.855642318725585938e+00,3.657594919204711914e+00,3.846560716629028320e+00
1.406770229339599609e+00,1.069778561592102051e+00,8.764917850494384766e-01,5.474131107330322266e-01,5.866222381591796875e-01,3.781294524669647217e-01,0.000000000000000000e+00,3.825566470623016357e-01,5.145428180694580078e-01,8.649806976318359375e-01,1.123784303665161133e+00,1.359720706939697266e+00,1.650236606597900391e+00,1.650453090667724609e+00,2.010245084762573242e+00,2.728187799453735352e+00,2.343580961227416992e+00,2.247825622558593750e+00,1.976689100265502930e+00,1.993909955024719238e+00,1.629416465759277344e+00,1.475360870361328125e+00,1.400468349456787109e+00,1.315607786178588867e+00,1.251134872436523438e+00,1.554748535156250000e+00,1.577212572097778320e+00,1.913775920867919922e+00,1.900582075119018555e+00,2.257897615432739258e+00,3.456251382827758789e+00,3.086251974105834961e+00,3.072031497955322266e+00,2.849294662475585938e+00,2.952998876571655273e+00,2.603602886199951172e+00,2.377747297286987305e+00,2.309839010238647461e+00,2.143539667129516602e+00,2.105474710464477539e+00,2.213817596435546875e+00,2.110884428024291992e+00,2.367088079452514648e+00,2.334924459457397461e+00,2.619348764419555664e+00,4.106122493743896484e+00,3.781179189682006836e+00,3.839334964752197266e+00,3.643773555755615234e+00,3.808900833129882812e+00,3.485508441925048828e+00,3.225702524185180664e+00,3.190684318542480469e+00,3.021961212158203125e+00,2.921318769454956055e+00,2.920323133468627930e+00,2.741821527481079102e+00,2.916547775268554688e+00,2.835317611694335938e+00,3.052063941955566406e+00,4.782110691070556641e+00,4.518788814544677734e+00,4.646453380584716797e+00,4.427831649780273438e+00,4.655972957611083984e+00,4.387907981872558594e+00,4.079552173614501953e+00,4.140139579772949219e+00,3.859610080718994141e+00,3.865904569625854492e+00,3.584652423858642578e+00,3.567960023880004883e+00,3.654617786407470703e+00,3.429077625274658203e+00,3.593735694885253906e+00
1.729037642478942871e+00,1.415820956230163574e+00,1.163475275039672852e+00,8.508102297782897949e-01,7.253529429435729980e-01,5.316922664642333984e-01,3.825566470623016357e-01,0.000000000000000000e+00,3.841458559036254883e-01,6.051966547966003418e-01,8.645387887954711914e-01,1.162653446197509766e+00,1.489501237869262695e+00,1.574599027633666992e+00,1.951480150222778320e+00,2.871398210525512695e+00,2.495238304138183594e+00,2.374788045883178711e+00,2.066318035125732422e+00,2.052417039871215820e+00,1.708418607711791992e+00,1.530019044876098633e+00,1.363155722618103027e+00,1.258292436599731445e+00,1.086601972579956055e+00,1.342156767845153809e+00,1.373687863349914551e+00,1.722395062446594238e+00,1.778726816177368164e+00,2.146209239959716797e+00,3.512016296386718750e+00,3.137260198593139648e+00,3.101736307144165039e+00,2.842092275619506836e+00,2.925237178802490234e+00,2.576557397842407227e+00,2.336381435394287109e+00,2.210716724395751953e+00,2.028525590896606445e+00,1.925020217895507812e+00,2.000680446624755859e+00,1.901483654975891113e+00,2.154343366622924805e+00,2.174037933349609375e+00,2.466161727905273438e+00,4.104399681091308594e+00,3.769689083099365234e+00,3.808245420455932617e+00,3.580579519271850586e+00,3.729878187179565430e+00,3.401307821273803711e+00,3.129015922546386719e+00,3.051817893981933594e+00,2.869692087173461914e+00,2.726066350936889648e+00,2.699448347091674805e+00,2.520279884338378906e+00,2.689172029495239258e+00,2.646810531616210938e+00,2.867794513702392578e+00,4.731778621673583984e+00,4.461055755615234375e+00,4.567994594573974609e+00,4.324181079864501953e+00,4.535073757171630859e+00,4.260566711425781250e+00,3.941341400146484375e+00,3.968074798583984375e+00,3.677762031555175781e+00,3.650678873062133789e+00,3.359825134277343750e+00,3.324684381484985352e+00,3.418590784072875977e+00,3.218684434890747070e+00,3.385142326354980469e+00
1.880031228065490723e+00,1.551286935806274414e+00,1.376762390136718750e+00,1.013862133026123047e+00,1.015578031539916992e+00,8.288286924362182617e-01,5.145428180694580078e-01,3.841458559036254883e-01,0.000000000000000000e+00,3.779152333736419678e-01,6.427487730979919434e-01,8.538661003112792969e-01,1.175059676170349121e+00,1.221402883529663086e+00,1.608540296554565430e+00,2.829082965850830078e+00,2.465185165405273438e+00,2.399812221527099609e+00,2.080194950103759766e+00,2.134268999099731445e+00,1.809358119964599609e+00,1.566303372383117676e+00,1.448592424392700195e+00,1.247884035110473633e+00,1.073991417884826660e+00,1.276349067687988281e+00,1.204817652702331543e+00,1.508285880088806152e+00,1.514586210250854492e+00,1.857991576194763184e+00,3.443247318267822266e+00,3.084887981414794922e+00,3.092950582504272461e+00,2.829267263412475586e+00,2.959619283676147461e+00,2.633346080780029297e+00,2.354354381561279297e+00,2.261298179626464844e+00,2.025985956192016602e+00,1.934272408485412598e+00,1.957746863365173340e+00,1.789867877960205078e+00,1.994277954101562500e+00,1.964899420738220215e+00,2.220227241516113281e+00,4.011056423187255859e+00,3.696750164031982422e+00,3.770414113998413086e+00,3.543118238449096680e+00,3.727439880371093750e+00,3.420994281768798828e+00,3.122269392013549805e+00,3.068729877471923828e+00,2.848257064819335938e+00,2.716136693954467773e+00,2.655345439910888672e+00,2.429593563079833984e+00,2.555143833160400391e+00,2.469605207443237305e+00,2.651984691619873047e+00,4.609315395355224609e+00,4.362915039062500000e+00,4.495377063751220703e+00,4.254573822021484375e+00,4.488609790802001953e+00,4.239232063293457031e+00,3.906004667282104492e+00,3.945770978927612305e+00,3.633158922195434570e+00,3.614350080490112305e+00,3.303855895996093750e+00,3.239854097366333008e+00,3.291875600814819336e+00,3.059665441513061523e+00,3.190879821777343750e+00
2.247585296630859375e+00,1.922144293785095215e+00,1.725236535072326660e+00,1.371341705322265625e+00,1.313315033912658691e+00,1.120428085327148438e+00,8.649806976318359375e-01,6.051966547966003418e-01,3.779152333736419678e-01,0.000000000000000000e+00,3.874860405921936035e-01,6.121789216995239258e-01,9.924748539924621582e-01,1.135209679603576660e+00,1.533994078636169434e+00,3.057224988937377930e+00,2.708471536636352539e+00,2.640089750289916992e+00,2.296606540679931641e+00,2.342149496078491211e+00,2.044389963150024414e+00,1.778836846351623535e+00,1.608032703399658203e+00,1.375709533691406250e+00,1.110214829444885254e+00,1.205190062522888184e+00,1.083200097084045410e+00,1.354205965995788574e+00,1.423500895500183105e+00,1.748794078826904297e+00,3.583676815032958984e+00,3.231394290924072266e+00,3.235128641128540039e+00,2.941585302352905273e+00,3.066471338272094727e+00,2.753468990325927734e+00,2.455709695816040039e+00,2.321616649627685547e+00,2.058717489242553711e+00,1.904834270477294922e+00,1.863946437835693359e+00,1.668727397918701172e+00,1.832165837287902832e+00,1.842445015907287598e+00,2.076959609985351562e+00,4.084346294403076172e+00,3.771801948547363281e+00,3.839216470718383789e+00,3.583611726760864258e+00,3.763275384902954102e+00,3.463194608688354492e+00,3.146682262420654297e+00,3.059697866439819336e+00,2.813369989395141602e+00,2.640491962432861328e+00,2.534482955932617188e+00,2.287883520126342773e+00,2.378824472427368164e+00,2.320037603378295898e+00,2.480645418167114258e+00,4.618692874908447266e+00,4.376958370208740234e+00,4.498083114624023438e+00,4.234602928161621094e+00,4.458417415618896484e+00,4.214241504669189453e+00,3.866891622543334961e+00,3.875075578689575195e+00,3.545002222061157227e+00,3.491581916809082031e+00,3.163510560989379883e+00,3.062436580657958984e+00,3.100386857986450195e+00,2.884936809539794922e+00,2.995675086975097656e+00
2.422980070114135742e+00,2.130110263824462891e+00,1.932244062423706055e+00,1.558683991432189941e+00,1.499197602272033691e+00,1.387652516365051270e+00,1.123784303665161133e+00,8.645387887954711914e-01,6.427487730979919434e-01,3.874860405921936035e-01,0.000000000000000000e+00,3.793651163578033447e-01,6.966950297355651855e-01,9.230111241340637207e-01,1.286966800689697266e+00,2.910421371459960938e+00,2.585998058319091797e+00,2.525454044342041016e+00,2.162435054779052734e+00,2.222409963607788086e+00,1.970365166664123535e+00,1.668563723564147949e+00,1.483037590980529785e+00,1.201372981071472168e+00,8.971048593521118164e-01,8.921195864677429199e-01,7.169577479362487793e-01,9.739836454391479492e-01,1.084016442298889160e+00,1.415919899940490723e+00,3.342518568038940430e+00,3.000647544860839844e+00,3.009006023406982422e+00,2.695713043212890625e+00,2.830677270889282227e+00,2.541516780853271484e+00,2.221430063247680664e+00,2.079829931259155273e+00,1.784792423248291016e+00,1.612527728080749512e+00,1.525867938995361328e+00,1.301254153251647949e+00,1.446600317955017090e+00,1.467033743858337402e+00,1.707946538925170898e+00,3.787172317504882812e+00,3.479514598846435547e+00,3.548577070236206055e+00,3.278512477874755859e+00,3.464821338653564453e+00,3.178788900375366211e+00,2.846688747406005859e+00,2.755711793899536133e+00,2.486538410186767578e+00,2.308682680130004883e+00,2.180390834808349609e+00,1.916241765022277832e+00,1.994484066963195801e+00,1.934556365013122559e+00,2.098655462265014648e+00,4.280436038970947266e+00,4.043146133422851562e+00,4.161667823791503906e+00,3.889906406402587891e+00,4.114453315734863281e+00,3.880674839019775391e+00,3.525626659393310547e+00,3.529408454895019531e+00,3.189098119735717773e+00,3.133904695510864258e+00,2.798617362976074219e+00,2.688230276107788086e+00,2.717051982879638672e+00,2.497587203979492188e+00,2.610910177230834961e+00
2.637990713119506836e+00,2.334991455078125000e+00,2.185715436935424805e+00,1.799782156944274902e+00,1.801269888877868652e+00,1.668846487998962402e+00,1.359720706939697266e+00,1.162653446197509766e+00,8.538661003112792969e-01,6.121789216995239258e-01,3.793651163578033447e-01,0.000000000000000000e+00,4.007396101951599121e-01,6.245055794715881348e-01,9.975770711898803711e-01,3.000098943710327148e+00,2.695639610290527344e+00,2.685611724853515625e+00,2.327880382537841797e+00,2.440985918045043945e+00,2.207798480987548828e+00,1.876820802688598633e+00,1.743869900703430176e+00,1.417616009712219238e+00,1.156369328498840332e+00,1.089514732360839844e+00,7.937074899673461914e-01,9.067152142524719238e-01,9.406959414482116699e-01,1.202051877975463867e+00,3.397187471389770508e+00,3.079578876495361328e+00,3.130406379699707031e+00,2.821514606475830078e+00,2.997138023376464844e+00,2.735681533813476562e+00,2.392671823501586914e+00,2.286716938018798828e+00,1.957936763763427734e+00,1.806173682212829590e+00,1.665262103080749512e+00,1.371227741241455078e+00,1.424485087394714355e+00,1.378818511962890625e+00,1.543956160545349121e+00,3.805845499038696289e+00,3.525067567825317383e+00,3.629039525985717773e+00,3.363185644149780273e+00,3.581036806106567383e+00,3.322557687759399414e+00,2.971869468688964844e+00,2.905148744583129883e+00,2.603920698165893555e+00,2.441101789474487305e+00,2.275697946548461914e+00,1.965390801429748535e+00,1.976925015449523926e+00,1.865513205528259277e+00,1.963133335113525391e+00,4.256402015686035156e+00,4.049113750457763672e+00,4.192848682403564453e+00,3.926067352294921875e+00,4.171332836151123047e+00,3.967320442199707031e+00,3.602344274520874023e+00,3.616808891296386719e+00,3.257551670074462891e+00,3.208323240280151367e+00,2.856942415237426758e+00,2.710018157958984375e+00,2.684213161468505859e+00,2.431473970413208008e+00,2.490428686141967773e+00
2.819316864013671875e+00,2.543474912643432617e+00,2.421344041824340820e+00,2.026845455169677734e+00,2.060710906982421875e+00,1.976059079170227051e+00,1.650236606597900391e+00,1.489501237869262695e+00,1.175059676170349121e+00,9.924748539924621582e-01,6.966950297355651855e-01,4.007396101951599121e-01,0.000000000000000000e+00,3.764954507350921631e-01,6.484388113021850586e-01,2.866904735565185547e+00,2.598694324493408203e+00,2.626291990280151367e+00,2.271278142929077148e+00,2.426922559738159180e+00,2.243277549743652344e+00,1.885732173919677734e+00,1.791690945625305176e+00,1.429975748062133789e+00,1.215864896774291992e+00,1.072233796119689941e+00,7.029322981834411621e-01,6.501923799514770508e-01,6.047557592391967773e-01,8.098589181900024414e-01,3.176434278488159180e+00,2.885655879974365234e+00,2.968000411987304688e+00,2.658950090408325195e+00,2.868241786956787109e+00,2.645967483520507812e+00,2.283422470092773438e+00,2.210992813110351562e+00,1.853048682212829590e+00,1.729574084281921387e+00,1.544081568717956543e+00,1.199091911315917969e+00,1.176305651664733887e+00,1.058548927307128906e+00,1.174989342689514160e+00,3.530134916305541992e+00,3.272233247756958008e+00,3.401350021362304688e+00,3.137924671173095703e+00,3.381769895553588867e+00,3.154053688049316406e+00,2.788776397705078125e+00,2.748676776885986328e+00,2.421194076538085938e+00,2.285358667373657227e+00,2.098845005035400391e+00,1.757296562194824219e+00,1.725037455558776855e+00,1.558113574981689453e+00,1.619574785232543945e+00,3.937852144241333008e+00,3.752399921417236328e+00,3.913528442382812500e+00,3.652763128280639648e+00,3.914871215820312500e+00,3.738342761993408203e+00,3.368547677993774414e+00,3.399472713470458984e+00,3.029494524002075195e+00,2.999318122863769531e+00,2.643354654312133789e+00,2.483989715576171875e+00,2.419677019119262695e+00,2.132453441619873047e+00,2.166828155517578125e+00
2.719081878662109375e+00,2.446132183074951172e+00,2.380913257598876953e+00,1.987260222434997559e+00,2.092360019683837891e+00,2.008196353912353516e+00,1.650453090667724609e+00,1.574599027633666992e+00,1.221402883529663086e+00,1.135209679603576660e+00,9.230111241340637207e-01,6.245055794715881348e-01,3.764954507350921631e-01,0.000000000000000000e+00,4.087194800376892090e-01,2.736093282699584961e+00,2.474003314971923828e+00,2.550146818161010742e+00,2.220483064651489258e+00,2.426678180694580078e+00,2.239970207214355469e+00,1.877141952514648438e+00,1.859972238540649414e+00,1.490025281906127930e+00,1.362425923347473145e+00,1.288756608963012695e+00,9.395059347152709961e-01,8.844345808029174805e-01,6.633424162864685059e-01,8.035084009170532227e-01,3.098041534423828125e+00,2.821939945220947266e+00,2.945063591003417969e+00,2.668140411376953125e+00,2.914559602737426758e+00,2.700510025024414062e+00,2.337717533111572266e+00,2.327082157135009766e+00,1.972176671028137207e+00,1.917863130569458008e+00,1.769020557403564453e+00,1.426035761833190918e+00,1.405563235282897949e+00,1.194477915763854980e+00,1.269085764884948730e+00,3.490925550460815430e+00,3.253715991973876953e+00,3.418229818344116211e+00,3.187136650085449219e+00,3.459632873535156250e+00,3.245803117752075195e+00,2.884795904159545898e+00,2.894293785095214844e+00,2.572200298309326172e+00,2.486490488052368164e+00,2.325314283370971680e+00,1.984630584716796875e+00,1.952350020408630371e+00,1.724341750144958496e+00,1.759945154190063477e+00,3.931447505950927734e+00,3.766037940979003906e+00,3.959523916244506836e+00,3.726869106292724609e+00,4.014848232269287109e+00,3.855236053466796875e+00,3.493425369262695312e+00,3.563646316528320312e+00,3.200088262557983398e+00,3.208764553070068359e+00,2.863081693649291992e+00,2.720783710479736328e+00,2.637710094451904297e+00,2.315036058425903320e+00,2.332070589065551758e+00
2.967798233032226562e+00,2.724147796630859375e+00,2.683169841766357422e+00,2.293632030487060547e+00,2.418295621871948242e+00,2.368585348129272461e+00,2.010245084762573242e+00,1.951480150222778320e+00,1.608540296554565430e+00,1.533994078636169434e+00,1.286966800689697266e+00,9.975770711898803711e-01,6.484388113021850586e-01,4.087194800376892090e-01,0.000000000000000000e+00,2.672803163528442383e+00,2.459228038787841797e+00,2.579110383987426758e+00,2.267011642456054688e+00,2.512597084045410156e+00,2.378860235214233398e+00,2.007694244384765625e+00,2.030505895614624023e+00,1.653801560401916504e+00,1.576812148094177246e+00,1.456158518791198730e+00,1.106563687324523926e+00,9.244316816329956055e-01,6.067342162132263184e-01,5.411699414253234863e-01,2.935187816619873047e+00,2.698267936706542969e+00,2.860264301300048828e+00,2.594911098480224609e+00,2.875591993331909180e+00,2.708565473556518555e+00,2.338131904602050781e+00,2.367970228195190430e+00,2.001627922058105469e+00,1.984212398529052734e+00,1.807556867599487305e+00,1.447851777076721191e+00,1.352356791496276855e+00,1.058156251907348633e+00,1.033651947975158691e+00,3.264064550399780273e+00,3.060804367065429688e+00,3.257257938385009766e+00,3.037832498550415039e+00,3.338038444519042969e+00,3.163111209869384766e+00,2.795422554016113281e+00,2.838907718658447266e+00,2.499824285507202148e+00,2.451137542724609375e+00,2.277940988540649414e+00,1.922892689704895020e+00,1.844872355461120605e+00,1.555333256721496582e+00,1.533265113830566406e+00,3.654154539108276367e+00,3.519840717315673828e+00,3.736546516418457031e+00,3.517756462097167969e+00,3.824691057205200195e+00,3.699859619140625000e+00,3.339450120925903320e+00,3.431194782257080078e+00,3.063931703567504883e+00,3.097366809844970703e+00,2.756855487823486328e+00,2.607212543487548828e+00,2.481521844863891602e+00,2.125552177429199219e+00,2.107138633728027344e+00
2.328822135925292969e+00,2.470319271087646484e+00,2.527256488800048828e+00,2.408131837844848633e+00,2.577011823654174805e+00,2.863819122314453125e+00,2.728187799453735352e+00,2.871398210525512695e+00,2.829082965850830078e+00,3.057224988937377930e+00,2.910421371459960938e+00,3.000098943710327148e+00,2.866904735565185547e+00,2.736093282699584961e+00,2.672803163528442383e+00,0.000000000000000000e+00,3.910805881023406982e-01,6.538479924201965332e-01,8.989183306694030762e-01,1.172753930091857910e+00,1.394141077995300293e+00,1.420688033103942871e+00,1.764631628990173340e+00,1.821304917335510254e+00,2.198505163192749023e+00,2.366141080856323242e+00,2.494457244873046875e+00,2.600012302398681641e+00,2.425990104675292969e+00,2.584063053131103516e+00,1.030010342597961426e+00,8.049626946449279785e-01,9.657356142997741699e-01,1.138269186019897461e+00,1.389004945755004883e+00,1.360907435417175293e+00,1.355388641357421875e+00,1.737848639488220215e+00,1.783265590667724609e+00,2.161419391632080078e+00,2.399420738220214844e+00,2.453935623168945312e+00,2.670867681503295898e+00,2.487044572830200195e+00,2.715331077575683594e+00,1.904040455818176270e+00,1.679232835769653320e+00,1.823689103126525879e+00,1.908770799636840820e+00,2.141198396682739258e+00,1.996257424354553223e+00,1.916818022727966309e+00,2.219385385513305664e+00,2.223751783370971680e+00,2.495092868804931641e+00,2.707761526107788086e+00,2.699194431304931641e+00,2.935698509216308594e+00,2.736696004867553711e+00,2.990024089813232422e+00,2.816351652145385742e+00,2.587475299835205078e+00,2.786875724792480469e+00,2.781501770019531250e+00,3.066066503524780273e+00,2.896581888198852539e+00,2.749141693115234375e+00,3.049865007400512695e+00,2.941110610961914062e+00,3.213601827621459961e+00,3.127680778503417969e+00,3.325794458389282227e+00,3.425712585449218750e+00,3.165664434432983398e+00,3.412581205368041992e+00
1.972479224205017090e+00,2.095475673675537109e+00,2.142067432403564453e+00,2.017207384109497070e+00,2.189079284667968750e+00,2.474152565002441406e+00,2.343580961227416992e+00,2.495238304138183594e+00,2.465185165405273438e+00,2.708471536636352539e+00,2.585998058319091797e+00,2.695639610290527344e+00,2.598694324493408203e+00,2.474003314971923828e+00,2.459228038787841797e+00,3.910805881023406982e-01,0.000000000000000000e+00,3.844949305057525635e-01,5.859029889106750488e-01,8.999066948890686035e-01,1.051210880279541016e+00,1.071128010749816895e+00,1.436801433563232422e+00,1.500035405158996582e+00,1.884504079818725586e+00,2.091351747512817383e+00,2.226306676864624023e+00,2.373293638229370117e+00,2.208322525024414062e+00,2.411221742630004883e+00,1.334164619445800781e+00,1.032519936561584473e+00,1.127352952957153320e+00,1.191706538200378418e+00,1.421487569808959961e+00,1.289232850074768066e+00,1.235464453697204590e+00,1.581243515014648438e+00,1.603329062461853027e+00,1.960964679718017578e+00,2.211542606353759766e+00,2.254955530166625977e+00,2.500279188156127930e+00,2.328680992126464844e+00,2.586503028869628906e+00,2.181882619857788086e+00,1.918555259704589844e+00,2.038314342498779297e+00,2.058686256408691406e+00,2.279826164245605469e+00,2.079312562942504883e+00,1.959282636642456055e+00,2.210009336471557617e+00,2.188263654708862305e+00,2.410884141921997070e+00,2.608027696609497070e+00,2.577302932739257812e+00,2.824012517929077148e+00,2.635592937469482422e+00,2.901796340942382812e+00,3.068110704421997070e+00,2.822544097900390625e+00,3.006994962692260742e+00,2.956991672515869141e+00,3.234177112579345703e+00,3.035116434097290039e+00,2.853371620178222656e+00,3.118068218231201172e+00,2.977286577224731445e+00,3.213326454162597656e+00,3.093664407730102539e+00,3.269493341445922852e+00,3.376421928405761719e+00,3.114081144332885742e+00,3.361931324005126953e+00
1.861420273780822754e+00,2.003449201583862305e+00,1.994058370590209961e+00,1.897041797637939453e+00,2.011339664459228516e+00,2.329711437225341797e+00,2.247825622558593750e+00,2.374788045883178711e+00,2.399812221527099609e+00,2.640089750289916992e+00,2.525454044342041016e+00,2.685611724853515625e+00,2.626291990280151367e+00,2.550146818161010742e+00,2.579110383987426758e+00,6.538479924201965332e-01,3.844949305057525635e-01,0.000000000000000000e+00,3.808657824993133545e-01,5.587612390518188477e-01,7.673216462135314941e-01,8.915659189224243164e-01,1.218094944953918457e+00,1.369826912879943848e+00,1.751736760139465332e+00,1.981226086616516113e+00,2.175895214080810547e+00,2.366313219070434570e+00,2.258850336074829102e+00,2.504691600799560547e+00,1.459161996841430664e+00,1.111964225769042969e+00,1.073122978210449219e+00,1.100677609443664551e+00,1.235788226127624512e+00,1.038774371147155762e+00,1.045190334320068359e+00,1.352733492851257324e+00,1.442899465560913086e+00,1.789766311645507812e+00,2.086132526397705078e+00,2.183959722518920898e+00,2.470848321914672852e+00,2.355992078781127930e+00,2.654327154159545898e+00,2.283409357070922852e+00,1.976192474365234375e+00,2.024235248565673828e+00,2.014970064163208008e+00,2.180338382720947266e+00,1.933321714401245117e+00,1.837612628936767578e+00,2.045218229293823242e+00,2.063737154006958008e+00,2.263720273971557617e+00,2.490920543670654297e+00,2.499670267105102539e+00,2.784380197525024414e+00,2.645891666412353516e+00,2.948707580566406250e+00,3.167346954345703125e+00,2.884307622909545898e+00,3.022629261016845703e+00,2.948516368865966797e+00,3.190711021423339844e+00,2.952666759490966797e+00,2.776699066162109375e+00,3.013106822967529297e+00,2.888447284698486328e+00,3.104425430297851562e+00,2.997228384017944336e+00,3.193875789642333984e+00,3.341550111770629883e+00,3.114218711853027344e+00,3.393529176712036133e+00
1.829781651496887207e+00,1.903480648994445801e+00,1.847476124763488770e+00,1.690487623214721680e+00,1.778566479682922363e+00,2.081553220748901367e+00,1.976689100265502930e+00,2.066318035125732422e+00,2.080194950103759766e+00,2.296606540679931641e+00,2.162435054779052734e+00,2.327880382537841797e+00,2.271278142929077148e+00,2.220483064651489258e+00,2.267011642456054688e+00,8.989183306694030762e-01,5.859029889106750488e-01,3.808657824993133545e-01,0.000000000000000000e+00,3.927560150623321533e-01,5.408629179000854492e-01,5.478141307830810547e-01,8.726655840873718262e-01,9.953857660293579102e-01,1.376458525657653809e+00,1.600686907768249512e+00,1.798846244812011719e+00,2.000050306320190430e+00,1.912721276283264160e+00,2.180649042129516602e+00,1.567633867263793945e+00,1.186773180961608887e+00,1.145011663436889648e+00,1.041177868843078613e+00,1.193571805953979492e+00,9.317837357521057129e-01,8.216141462326049805e-01,1.087681055068969727e+00,1.118570089340209961e+00,1.448387980461120605e+00,1.735621809959411621e+00,1.820847034454345703e+00,2.117750883102416992e+00,2.016916751861572266e+00,2.332648515701293945e+00,2.321352005004882812e+00,1.991613745689392090e+00,2.038835763931274414e+00,1.960067391395568848e+00,2.137131214141845703e+00,1.862619519233703613e+00,1.703020572662353516e+00,1.865700721740722656e+00,1.834046721458435059e+00,1.992401361465454102e+00,2.191505908966064453e+00,2.175294637680053711e+00,2.458749055862426758e+00,2.328419446945190430e+00,2.638046979904174805e+00,3.149648189544677734e+00,2.860862731933593750e+00,2.993613958358764648e+00,2.874660253524780273e+00,3.118648290634155273e+00,2.870391368865966797e+00,2.653387308120727539e+00,2.857512235641479492e+00,2.693397998809814453e+00,2.877918481826782227e+00,2.737041950225830078e+00,2.907071590423583984e+00,3.050732374191284180e+00,2.821435451507568359e+00,3.098270654678344727e+00
1.816023349761962891e+00,1.913558602333068848e+00,1.796802043914794922e+00,1.685141801834106445e+00,1.695999622344970703e+00,2.033147573471069336e+00,1.993909955024719238e+00,2.052417039871215820e+00,2.134268999099731445e+00,2.342149496078491211e+00,2.222409963607788086e+00,2.440985918045043945e+00,2.426922559738159180e+00,2.426678180694580078e+00,2.512597084045410156e+00,1.172753930091857910e+00,8.999066948890686035e-01,5.587612390518188477e-01,3.927560150623321533e-01,0.000000000000000000e+00,3.797122240066528320e-01,5.893310904502868652e-01,7.760114073753356934e-01,1.033245563507080078e+00,1.377643823623657227e+00,1.618999958038330078e+00,1.883908987045288086e+00,2.125553846359252930e+00,2.103627681732177734e+00,2.402140855789184570e+00,1.757614016532897949e+00,1.371650218963623047e+00,1.218569517135620117e+00,1.097656250000000000e+00,1.116018891334533691e+00,7.858247160911560059e-01,7.800598740577697754e-01,9.500338435173034668e-01,1.088725566864013672e+00,1.382208943367004395e+00,1.720880627632141113e+00,1.874719142913818359e+00,2.208614349365234375e+00,2.174451589584350586e+00,2.520117759704589844e+00,2.476436138153076172e+00,2.119799613952636719e+00,2.095293521881103516e+00,1.997198939323425293e+00,2.105189800262451172e+00,1.789983749389648438e+00,1.671728730201721191e+00,1.777036786079406738e+00,1.801899075508117676e+00,1.930202484130859375e+00,2.164800167083740234e+00,2.201189279556274414e+00,2.522050142288208008e+00,2.451181411743164062e+00,2.791717052459716797e+00,3.295231580734252930e+00,2.975546598434448242e+00,3.060255050659179688e+00,2.924851179122924805e+00,3.126988649368286133e+00,2.842142581939697266e+00,2.640880823135375977e+00,2.812665224075317383e+00,2.675010919570922852e+00,2.836746454238891602e+00,2.717454433441162109e+00,2.912518978118896484e+00,3.101043224334716797e+00,2.915793657302856445e+00,3.222504615783691406e+00
1.500469326972961426e+00,1.562139868736267090e+00,1.427079200744628906e+00,1.307228446006774902e+00,1.321905136108398438e+00,1.659128427505493164e+00,1.629416465759277344e+00,1.708418607711791992e+00,1.809358119964599609e+00,2.044389963150024414e+00,1.970365166664123535e+00,2.207798480987548828e+00,2.243277549743652344e+00,2.239970207214355469e+00,2.378860235214233398e+00,1.394141077995300293e+00,1.051210880279541016e+00,7.673216462135314941e-01,5.408629179000854492e-01,3.797122240066528320e-01,0.000000000000000000e+00,3.729962408542633057e-01,5.687491297721862793e-01,8.470408916473388672e-01,1.182202816009521484e+00,1.488286018371582031e+00,1.740574479103088379e+00,2.026547670364379883e+00,2.004065990447998047e+00,2.335389852523803711e+00,2.076630592346191406e+00,1.689014434814453125e+00,1.575749278068542480e+00,1.430316925048828125e+00,1.469286322593688965e+00,1.120519876480102539e+00,1.041668891906738281e+00,1.129601359367370605e+00,1.190049886703491211e+00,1.415709853172302246e+00,1.736304163932800293e+00,1.848207950592041016e+00,2.193246126174926758e+00,2.158928155899047852e+00,2.512110948562622070e+00,2.800261735916137695e+00,2.448227405548095703e+00,2.443058252334594727e+00,2.323090076446533203e+00,2.442115783691406250e+00,2.117792844772338867e+00,1.965107440948486328e+00,2.031134605407714844e+00,2.011889219284057617e+00,2.083525180816650391e+00,2.275377988815307617e+00,2.267667531967163086e+00,2.574376821517944336e+00,2.500649452209472656e+00,2.830022811889648438e+00,3.601730346679687500e+00,3.291251182556152344e+00,3.385651588439941406e+00,3.232046365737915039e+00,3.439626693725585938e+00,3.152986049652099609e+00,2.927341938018798828e+00,3.074167966842651367e+00,2.904438018798828125e+00,3.032348632812500000e+00,2.875785827636718750e+00,3.031854152679443359e+00,3.207368135452270508e+00,3.010594367980957031e+00,3.297562599182128906e+00
