,A1,A2,A3,A4,A5,A6,A7,A8,A9,A10,A11,A12,A13,A14,A15,B1,B2,B3,B4,B5,B6,B7,B8,B9,B10,B11,B12,B13,B14,B15,C1,C2,C3,C4,C5,C6,C7,C8,C9,C10,C11,C12,C13,C14,C15,D1,D2,D3,D4,D5,D6,D7,D8,D9,D10,D11,D12,D13,D14,D15,E1,E2,E3,E4,E5,E6,E7,E8,E9,E10,E11,E12,E13,E14,E15
A1,0.0,0.386574387550354,0.612391471862793,0.8877919912338257,1.11374032497406,1.3244996070861816,1.4462372064590454,1.7501044273376465,2.0493063926696777,2.277474880218506,2.4557249546051025,2.658541440963745,2.824517250061035,2.6588597297668457,2.898406982421875,1.7718303203582764,1.4597790241241455,1.3906863927841187,1.4662182331085205,1.489335536956787,1.252091407775879,1.4107186794281006,1.646842122077942,1.8219770193099976,2.0705137252807617,2.4432692527770996,2.579068660736084,2.8631043434143066,2.7231528759002686,3.021080732345581,2.5609230995178223,2.2576684951782227,2.246384859085083,2.287221670150757,2.3830783367156982,2.1255130767822266,2.1183173656463623,2.2957818508148193,2.373180389404297,2.6042230129241943,2.831395149230957,2.8397767543792725,3.1271440982818604,2.998542547225952,3.3036861419677734,3.290785789489746,3.0103859901428223,3.0750346183776855,3.092277765274048,3.2443363666534424,2.9888391494750977,2.905876398086548,3.061638593673706,3.075007915496826,3.236466407775879,3.4102914333343506,3.285271167755127,3.524270534515381,3.322427272796631,3.596003293991089,4.145165920257568,3.8800439834594727,4.009938716888428,3.9830753803253174,4.15540075302124,3.8950612545013428,3.7526626586914062,3.9815568923950195,3.8173980712890625,4.068346977233887,3.9637258052825928,4.300595283508301,4.4069013595581055,4.438318252563477,4.560850620269775
A2,0.386574387550354,0.0,0.3887873888015747,0.6145594120025635,0.9006799459457397,1.025987148284912,1.130801796913147,1.463129997253418,1.7478328943252563,1.9753384590148926,2.1913340091705322,2.384077548980713,2.5762369632720947,2.405726909637451,2.6644439697265625,1.933903455734253,1.5924227237701416,1.5628602504730225,1.5615602731704712,1.6272422075271606,1.3374979496002197,1.408521294593811,1.6178025007247925,1.736833930015564,1.9287923574447632,2.304011583328247,2.4038758277893066,2.6885740756988525,2.541836977005005,2.8380181789398193,2.7134103775024414,2.401137590408325,2.420966386795044,2.4192826747894287,2.549022674560547,2.27534818649292,2.2073519229888916,2.3619675636291504,2.383265256881714,2.581582546234131,2.769491195678711,2.735496997833252,3.0061354637145996,2.867957592010498,3.161200761795044,3.4244775772094727,3.1465184688568115,3.2361717224121094,3.2254509925842285,3.4042460918426514,3.14473557472229,3.0182557106018066,3.1600656509399414,3.127009630203247,3.2632172107696533,3.3993277549743652,3.232574939727783,3.447650671005249,3.230922222137451,3.481131076812744,4.253515720367432,4.003138065338135,4.157120704650879,4.115804195404053,4.312870025634766,4.059792518615723,3.8876097202301025,4.110103130340576,3.913377046585083,4.15222692489624,4.0139312744140625,4.332993984222412,4.410032749176025,4.411357402801514,4.510065078735352
A3,0.612391471862793,0.3887873888015747,0.0,0.3921320140361786,0.5417177081108093,0.7190545201301575,0.9001213312149048,1.175012469291687,1.4976451396942139,1.7686725854873657,1.9714760780334473,2.209686279296875,2.433525800704956,2.3145391941070557,2.6098296642303467,2.0897104740142822,1.7208894491195679,1.6237123012542725,1.552685260772705,1.5543662309646606,1.2144352197647095,1.2851442098617554,1.406769871711731,1.5563451051712036,1.7113738059997559,2.0789012908935547,2.211447238922119,2.5284974575042725,2.4313793182373047,2.7596888542175293,2.8278772830963135,2.4848852157592773,2.4629828929901123,2.4100677967071533,2.5067672729492188,2.1950652599334717,2.114804267883301,2.2061662673950195,2.2265708446502686,2.379054546356201,2.569780111312866,2.5538511276245117,2.846137046813965,2.7503137588500977,3.0670688152313232,3.52010440826416,3.215308666229248,3.2749552726745605,3.2239129543304443,3.3813564777374268,3.0926942825317383,2.949554920196533,3.0439958572387695,3.0010781288146973,3.096076250076294,3.2329771518707275,3.0590646266937256,3.2905120849609375,3.1038951873779297,3.3700919151306152,4.336967945098877,4.067677021026611,4.205854892730713,4.130177974700928,4.317412853240967,4.045820236206055,3.853801727294922,4.044612884521484,3.8304944038391113,4.040851593017578,3.8903722763061523,4.198765754699707,4.278637886047363,4.26375150680542,4.3748884201049805
A4,0.8877919912338257,0.6145594120025635,0.3921320140361786,0.0,0.39478471875190735,0.5324873924255371,0.5665092468261719,0.8732873797416687,1.1615188121795654,1.4023109674453735,1.59911048412323,1.8239976167678833,2.042558193206787,1.9241821765899658,2.2256431579589844,2.021998882293701,1.6372640132904053,1.5696038007736206,1.4219735860824585,1.4762778282165527,1.124058485031128,1.0833775997161865,1.1912806034088135,1.26423978805542,1.381420612335205,1.7489842176437378,1.8493413925170898,2.158418655395508,2.055401563644409,2.3830599784851074,2.7149658203125,2.365131139755249,2.3690617084503174,2.272491693496704,2.405747890472412,2.0945136547088623,1.9516918659210205,2.032832145690918,1.9940415620803833,2.128065347671509,2.280022382736206,2.227043867111206,2.501512050628662,2.3959052562713623,2.704340696334839,3.372586727142334,3.069125175476074,3.148207187652588,3.0682127475738525,3.2516021728515625,2.9672794342041016,2.7826955318450928,2.8707780838012695,2.783823013305664,2.865311861038208,2.9659805297851562,2.7621560096740723,2.9702794551849365,2.770369052886963,3.0199592113494873,4.1550798416137695,3.8973734378814697,4.05423641204834,3.9625051021575928,4.172331809997559,3.911729097366333,3.69205641746521,3.877851963043213,3.6358537673950195,3.837831974029541,3.6594715118408203,3.9516947269439697,4.005575656890869,3.9708328247070312,4.061808109283447
A5,1.11374032497406,0.9006799459457397,0.5417177081108093,0.39478471875190735,0.0,0.3760772943496704,0.5701019167900085,0.7077246904373169,1.0567799806594849,1.3616561889648438,1.5311726331710815,1.8170921802520752,2.071850538253784,2.0228562355041504,2.3560662269592285,2.270057439804077,1.8811811208724976,1.7453997135162354,1.5618493556976318,1.528619408607483,1.1537076234817505,1.1415753364562988,1.1197726726531982,1.2485979795455933,1.3131414651870728,1.6560884714126587,1.808457612991333,2.1547129154205322,2.1198081970214844,2.4775524139404297,2.922437906265259,2.552894353866577,2.506641387939453,2.373242139816284,2.456129789352417,2.112793445587158,1.978605031967163,1.9834723472595215,1.960289716720581,2.0362000465393066,2.1988093852996826,2.1807963848114014,2.4825921058654785,2.4349515438079834,2.7678380012512207,3.5618505477905273,3.235382080078125,3.2760400772094727,3.1641135215759277,3.3136496543884277,3.001283645629883,2.8140530586242676,2.848357677459717,2.7639949321746826,2.798646926879883,2.909017324447632,2.7079145908355713,2.939992666244507,2.783813953399658,3.053684949874878,4.334173202514648,4.055779933929443,4.188561916351318,4.066791534423828,4.257002353668213,3.975998878479004,3.745950698852539,3.8965072631835938,3.646240234375,3.8163797855377197,3.634143352508545,3.9160282611846924,3.980449676513672,3.933140277862549,4.0439677238464355
A6,1.3244996070861816,1.025987148284912,0.7190545201301575,0.5324873924255371,0.3760772943496704,0.0,0.37078648805618286,0.523128867149353,0.8582631349563599,1.184199333190918,1.428644061088562,1.6978486776351929,1.9959102869033813,1.9433895349502563,2.2951390743255615,2.529130220413208,2.1403696537017822,2.050330638885498,1.8571902513504028,1.866938829421997,1.495496392250061,1.428963303565979,1.4007158279418945,1.4536824226379395,1.4382258653640747,1.7586740255355835,1.8530961275100708,2.187051773071289,2.1430554389953613,2.484954833984375,3.1860594749450684,2.825413942337036,2.8113110065460205,2.6703264713287354,2.7806835174560547,2.4439544677734375,2.278688430786133,2.2785656452178955,2.2105395793914795,2.2562220096588135,2.370461940765381,2.3036739826202393,2.5739166736602783,2.5132622718811035,2.82041335105896,3.8140881061553955,3.5005624294281006,3.5660784244537354,3.4478538036346436,3.6185972690582275,3.3140041828155518,3.1042661666870117,3.136406183242798,3.019160509109497,3.036165237426758,3.1087779998779297,2.8712034225463867,3.0704092979431152,2.8988659381866455,3.1343371868133545,4.565878391265869,4.305929660797119,4.459392070770264,4.337155342102051,4.54572868347168,4.275961399078369,4.031898498535156,4.1825103759765625,3.913910388946533,4.07664680480957,3.8708083629608154,4.134364128112793,4.17085075378418,4.096735954284668,4.180813312530518
A7,1.4462372064590454,1.130801796913147,0.9001213312149048,0.5665092468261719,0.5701019167900085,0.37078648805618286,0.0,0.38285425305366516,0.6193651556968689,0.8826499581336975,1.1382194757461548,1.3711429834365845,1.6540148258209229,1.5796865224838257,1.9282599687576294,2.402172565460205,2.0178704261779785,1.9719568490982056,1.7442229986190796,1.8166818618774414,1.46550714969635,1.3126832246780396,1.305652379989624,1.2643389701843262,1.2162216901779175,1.5337796211242676,1.572177767753601,1.8817394971847534,1.8095325231552124,2.137774705886841,3.021301507949829,2.6695148944854736,2.6909992694854736,2.532050371170044,2.684360980987549,2.366999864578247,2.155365467071533,2.1720824241638184,2.0506930351257324,2.0984175205230713,2.170974016189575,2.0572092533111572,2.297024965286255,2.207502603530884,2.4952216148376465,3.618237257003784,3.317701578140259,3.4099960327148438,3.281719446182251,3.482083559036255,3.195004463195801,2.9569876194000244,3.0026936531066895,2.850383758544922,2.8730905055999756,2.910421848297119,2.6483757495880127,2.8158583641052246,2.618014335632324,2.829052209854126,4.3382887840271,4.096754550933838,4.271572113037109,4.148299217224121,4.3796868324279785,4.128151893615723,3.868544816970825,4.026693344116211,3.741518497467041,3.908081293106079,3.682971239089966,3.935332775115967,3.946317195892334,3.8612968921661377,3.9206111431121826
A8,1.7501044273376465,1.463129997253418,1.175012469291687,0.8732873797416687,0.7077246904373169,0.523128867149353,0.38285425305366516,0.0,0.3643917739391327,0.7137026190757751,0.9303229451179504,1.228082537651062,1.5512375831604004,1.5637646913528442,1.9388374090194702,2.6428520679473877,2.257875680923462,2.173837184906006,1.9056260585784912,1.9324750900268555,1.5835721492767334,1.4181886911392212,1.3022691011428833,1.2552028894424438,1.110681176185608,1.3712784051895142,1.4304282665252686,1.7639456987380981,1.765094518661499,2.1124870777130127,3.207273483276367,2.843413829803467,2.835613250732422,2.6348252296447754,2.7593743801116943,2.426466464996338,2.200833559036255,2.148491382598877,2.0104117393493652,1.9874650239944458,2.0363762378692627,1.9307719469070435,2.1766574382781982,2.142313003540039,2.4405786991119385,3.7688486576080322,3.4540388584136963,3.522132158279419,3.357417583465576,3.5385639667510986,3.2352914810180664,2.98024582862854,2.9760398864746094,2.8050670623779297,2.7761032581329346,2.7978086471557617,2.522444009780884,2.692864179611206,2.533033847808838,2.7475171089172363,4.458804130554199,4.207314491271973,4.3686418533325195,4.214328765869141,4.437348365783691,4.176331043243408,3.8981451988220215,4.021961212158203,3.719085693359375,3.8508968353271484,3.6095900535583496,3.839754343032837,3.8446593284606934,3.7359204292297363,3.800443649291992
A9,2.0493063926696777,1.7478328943252563,1.4976451396942139,1.1615188121795654,1.0567799806594849,0.8582631349563599,0.6193651556968689,0.3643917739391327,0.0,0.36765629053115845,0.6309131979942322,0.9049205780029297,1.257894515991211,1.298556923866272,1.683706283569336,2.7797000408172607,2.406982421875,2.355931282043457,2.06120228767395,2.1265957355499268,1.8043824434280396,1.5799870491027832,1.4554425477981567,1.3182343244552612,1.089343547821045,1.2819863557815552,1.2588051557540894,1.5568854808807373,1.563385009765625,1.8878414630889893,3.292222738265991,2.940347194671631,2.95896315574646,2.734689235687256,2.8866312503814697,2.572087287902832,2.3067188262939453,2.245518207550049,2.051513671875,1.9947926998138428,1.9774805307388306,1.8154499530792236,2.0124471187591553,1.971307396888733,2.236693859100342,3.807723045349121,3.506540060043335,3.5940544605255127,3.4102895259857178,3.6119723320007324,3.3234755992889404,3.0387423038482666,3.0278050899505615,2.815025568008423,2.7664690017700195,2.7380945682525635,2.4278435707092285,2.553478956222534,2.3827664852142334,2.5569775104522705,4.448737144470215,4.216993808746338,4.395826816558838,4.231597423553467,4.473659992218018,4.229662895202637,3.931577205657959,4.048375129699707,3.7235307693481445,3.8420634269714355,3.5737924575805664,3.7770118713378906,3.747572898864746,3.6110024452209473,3.644657850265503
A10,2.277474880218506,1.9753384590148926,1.7686725854873657,1.4023109674453735,1.3616561889648438,1.184199333190918,0.8826499581336975,0.7137026190757751,0.36765629053115845,0.0,0.37708529829978943,0.555450439453125,0.919937014579773,0.9704031348228455,1.3565324544906616,2.803323984146118,2.4506874084472656,2.438109874725342,2.1259236335754395,2.237600564956665,1.9512463808059692,1.6745868921279907,1.567626953125,1.3463670015335083,1.0734118223190308,1.2011237144470215,1.0755635499954224,1.3121024370193481,1.299343228340149,1.5901919603347778,3.2573413848876953,2.9239063262939453,2.9744040966033936,2.73510479927063,2.9203362464904785,2.6337625980377197,2.3331542015075684,2.2820942401885986,2.037100315093994,1.969975233078003,1.891084909439087,1.668434977531433,1.805837869644165,1.7381929159164429,1.9632259607315063,3.7237002849578857,3.4414172172546387,3.5527291297912598,3.3575797080993652,3.583919048309326,3.318056344985962,3.0085363388061523,3.004864454269409,2.7553489208221436,2.7044787406921387,2.628805637359619,2.2908926010131836,2.366475820541382,2.17213773727417,2.302365779876709,4.314554214477539,4.105916976928711,4.304302215576172,4.137092113494873,4.399808883666992,4.177670478820801,3.8649113178253174,3.9830048084259033,3.6421430110931396,3.7569637298583984,3.4674875736236572,3.6490366458892822,3.586397409439087,3.4313149452209473,3.431745767593384
A11,2.4557249546051025,2.1913340091705322,1.9714760780334473,1.59911048412323,1.5311726331710815,1.428644061088562,1.1382194757461548,0.9303229451179504,0.6309131979942322,0.37708529829978943,0.0,0.3687695562839508,0.691935658454895,0.8628804683685303,1.2340219020843506,2.7884724140167236,2.4515442848205566,2.419733762741089,2.0777347087860107,2.1754956245422363,1.927280068397522,1.6269525289535522,1.4700324535369873,1.2103673219680786,0.873214066028595,0.8994667530059814,0.7461246252059937,0.9850726127624512,1.0495299100875854,1.3607561588287354,3.161407709121704,2.8287551403045654,2.8632500171661377,2.5897603034973145,2.764599323272705,2.489470958709717,2.169719696044922,2.080822467803955,1.8058876991271973,1.693236231803894,1.5724873542785645,1.3373109102249146,1.4646830558776855,1.4394946098327637,1.6772314310073853,3.575774669647217,3.288435459136963,3.383344888687134,3.158491611480713,3.3755898475646973,3.1116364002227783,2.785268545150757,2.7524197101593018,2.4801700115203857,2.3999407291412354,2.2996695041656494,1.9511607885360718,2.0184335708618164,1.847724437713623,1.9839818477630615,4.125588417053223,3.9123692512512207,4.100370407104492,3.909363269805908,4.168402194976807,3.948016881942749,3.620651960372925,3.715214252471924,3.361349105834961,3.453592300415039,3.1513054370880127,3.314720869064331,3.243590831756592,3.0766735076904297,3.0791914463043213
A12,2.658541440963745,2.384077548980713,2.209686279296875,1.8239976167678833,1.8170921802520752,1.6978486776351929,1.3711429834365845,1.228082537651062,0.9049205780029297,0.555450439453125,0.3687695562839508,0.0,0.3888082504272461,0.5725527405738831,0.9279912114143372,2.851616621017456,2.539362907409668,2.5567626953125,2.2195305824279785,2.368522882461548,2.1493544578552246,1.8210092782974243,1.7136616706848145,1.404354453086853,1.0901226997375488,1.0728235244750977,0.79947429895401,0.8949575424194336,0.8927867412567139,1.1253859996795654,3.181537628173828,2.8764688968658447,2.952958106994629,2.682891607284546,2.896249532699585,2.6550323963165283,2.313899278640747,2.257568120956421,1.948271632194519,1.8512301445007324,1.6783409118652344,1.379348635673523,1.414131760597229,1.3299328088760376,1.4929109811782837,3.5520405769348145,3.293227434158325,3.421395778656006,3.1991212368011475,3.4460976123809814,3.2127506732940674,2.871006488800049,2.8613548278808594,2.561368703842163,2.4953465461730957,2.349212646484375,1.9803158044815063,1.9801433086395264,1.7686370611190796,1.835761547088623,4.052210330963135,3.8705010414123535,4.084227561950684,3.901603937149048,4.184417247772217,3.991746425628662,3.657193183898926,3.762960910797119,3.40032958984375,3.4977385997772217,3.179702043533325,3.3227126598358154,3.2145533561706543,3.0325803756713867,2.990929126739502
A13,2.824517250061035,2.5762369632720947,2.433525800704956,2.042558193206787,2.071850538253784,1.9959102869033813,1.6540148258209229,1.5512375831604004,1.257894515991211,0.919937014579773,0.691935658454895,0.3888082504272461,0.0,0.37027913331985474,0.6217726469039917,2.7730586528778076,2.4974656105041504,2.54180645942688,2.2021591663360596,2.3834166526794434,2.2181684970855713,1.8666024208068848,1.7867825031280518,1.4352080821990967,1.151138424873352,1.069643497467041,0.7174220681190491,0.6436071991920471,0.5902664065361023,0.7540003061294556,3.0154664516448975,2.7375102043151855,2.837707757949829,2.5593488216400146,2.797301769256592,2.5975842475891113,2.2379016876220703,2.2008912563323975,1.8596675395965576,1.7743446826934814,1.5538825988769531,1.2080384492874146,1.1564748287200928,1.0220799446105957,1.1292654275894165,3.3208765983581543,3.0836496353149414,3.2282958030700684,2.998441696166992,3.2637572288513184,3.061082124710083,2.7054922580718994,2.7096469402313232,2.384841203689575,2.3322861194610596,2.146859884262085,1.7707024812698364,1.7150352001190186,1.4698524475097656,1.4903390407562256,3.7634024620056152,3.602307081222534,3.8286900520324707,3.6449408531188965,3.9427926540374756,3.7743546962738037,3.4325318336486816,3.541307210922241,3.1724350452423096,3.271670341491699,2.943354845046997,3.0703415870666504,2.9361865520477295,2.7513415813446045,2.6815006732940674
A14,2.6588597297668457,2.405726909637451,2.3145391941070557,1.9241821765899658,2.0228562355041504,1.9433895349502563,1.5796865224838257,1.5637646913528442,1.298556923866272,0.9704031348228455,0.8628804683685303,0.5725527405738831,0.37027913331985474,0.0,0.3870421051979065,2.568289279937744,2.3028907775878906,2.3956775665283203,2.0835585594177246,2.314483404159546,2.153611898422241,1.798101544380188,1.7969499826431274,1.4393446445465088,1.2318356037139893,1.2442641258239746,0.9124431014060974,0.8459054231643677,0.6134300827980042,0.7211347222328186,2.8432865142822266,2.582157611846924,2.723170042037964,2.480363130569458,2.754530906677246,2.571141004562378,2.2160732746124268,2.2448654174804688,1.915592074394226,1.9041144847869873,1.721817135810852,1.3799937963485718,1.3364149332046509,1.108587384223938,1.1895596981048584,3.1741249561309814,2.9565341472625732,3.136033773422241,2.9414961338043213,3.2343637943267822,3.0502026081085205,2.706533670425415,2.7643961906433105,2.456460952758789,2.4612441062927246,2.297433614730835,1.9409446716308594,1.8878061771392822,1.5898722410202026,1.601723074913025,3.6409621238708496,3.496929407119751,3.745950937271118,3.5956807136535645,3.9088022708892822,3.753476142883301,3.427846670150757,3.575258731842041,3.2227933406829834,3.3611271381378174,3.0495517253875732,3.20177960395813,3.0740017890930176,2.918137788772583,2.8407888412475586
A15,2.898406982421875,2.6644439697265625,2.6098296642303467,2.2256431579589844,2.3560662269592285,2.2951390743255615,1.9282599687576294,1.9388374090194702,1.683706283569336,1.3565324544906616,1.2340219020843506,0.9279912114143372,0.6217726469039917,0.3870421051979065,0.0,2.5926620960235596,2.375028610229492,2.507983922958374,2.212566614151001,2.4774985313415527,2.3649773597717285,2.003628969192505,2.0375304222106934,1.6661057472229004,1.500402569770813,1.477524995803833,1.1306159496307373,0.9412319660186768,0.6440008878707886,0.5221498012542725,2.7812366485595703,2.563014507293701,2.7412006855010986,2.5074615478515625,2.8102805614471436,2.6747450828552246,2.31384539604187,2.3734021186828613,2.0301010608673096,2.040961742401123,1.8304190635681152,1.4702993631362915,1.340743899345398,1.0495842695236206,1.0099585056304932,3.0398457050323486,2.860189199447632,3.069279909133911,2.8812358379364014,3.198096752166748,3.0550730228424072,2.7069942951202393,2.790526866912842,2.468219041824341,2.497011661529541,2.300269603729248,1.953644871711731,1.8385502099990845,1.5054290294647217,1.4397425651550293,3.4367544651031494,3.32881760597229,3.600231885910034,3.4615378379821777,3.794552803039551,3.673161029815674,3.3476955890655518,3.5063788890838623,3.155726909637451,3.3018715381622314,2.986821174621582,3.1207375526428223,2.963259696960449,2.8093013763427734,2.6926674842834473
B1,1.7718303203582764,1.933903455734253,2.0897104740142822,2.021998882293701,2.270057439804077,2.529130220413208,2.402172565460205,2.6428520679473877,2.7797000408172607,2.803323984146118,2.7884724140167236,2.851616621017456,2.7730586528778076,2.568289279937744,2.5926620960235596,0.0,0.3906997740268707,0.6462966799736023,0.8941201567649841,1.1643636226654053,1.375142216682434,1.3921563625335693,1.755306601524353,1.7741048336029053,2.1312882900238037,2.3776543140411377,2.4551289081573486,2.5533194541931152,2.3441431522369385,2.4975271224975586,0.8123540878295898,0.6174864172935486,0.8129370808601379,1.0356148481369019,1.298012614250183,1.3394908905029297,1.3470972776412964,1.7410285472869873,1.8048770427703857,2.1850223541259766,2.3808064460754395,2.401273012161255,2.582839012145996,2.38220477104187,2.5970919132232666,1.5482170581817627,1.3256303071975708,1.4798071384429932,1.6108776330947876,1.8501920700073242,1.7593834400177002,1.7275465726852417,2.0635695457458496,2.115427017211914,2.4421091079711914,2.6082775592803955,2.5989949703216553,2.777381658554077,2.5459043979644775,2.7894556522369385,2.4118354320526123,2.171283483505249,2.330803394317627,2.380079984664917,2.5887961387634277,2.410813093185425,2.3184189796447754,2.6423768997192383,2.547426462173462,2.8869197368621826,2.8483755588531494,3.202223300933838,3.3133065700531006,3.4428906440734863,3.5506811141967773
B2,1.4597790241241455,1.5924227237701416,1.7208894491195679,1.6372640132904053,1.8811811208724976,2.1403696537017822,2.0178704261779785,2.257875680923462,2.406982421875,2.4506874084472656,2.4515442848205566,2.539362907409668,2.4974656105041504,2.3028907775878906,2.375028610229492,0.3906997740268707,0.0,0.38317179679870605,0.5830181241035461,0.8937250971794128,1.0337501764297485,1.0384697914123535,1.4181193113327026,1.4470733404159546,1.8054336309432983,2.082172155380249,2.171588897705078,2.3100061416625977,2.112785577774048,2.3106443881988525,1.1211227178573608,0.8256337642669678,0.9417355060577393,1.0487172603607178,1.3006727695465088,1.231496810913086,1.1903445720672607,1.556688904762268,1.6036336421966553,1.9666403532028198,2.168318271636963,2.179964065551758,2.3913798332214355,2.202831268310547,2.4519238471984863,1.8380104303359985,1.5734611749649048,1.7005698680877686,1.7577818632125854,1.989009976387024,1.8312147855758667,1.74784517288208,2.03458571434021,2.053100824356079,2.3392162322998047,2.499917507171631,2.4505951404571533,2.645728349685669,2.41379714012146,2.673510789871216,2.6863698959350586,2.433002233505249,2.5913422107696533,2.59356427192688,2.8057119846343994,2.5983388423919678,2.4635229110717773,2.7553398609161377,2.616335153579712,2.9293372631073,2.8546979427337646,3.204087972640991,3.305971384048462,3.4022459983825684,3.5113160610198975
B3,1.3906863927841187,1.5628602504730225,1.6237123012542725,1.5696038007736206,1.7453997135162354,2.050330638885498,1.9719568490982056,2.173837184906006,2.355931282043457,2.438109874725342,2.419733762741089,2.5567626953125,2.54180645942688,2.3956775665283203,2.507983922958374,0.6462966799736023,0.38317179679870605,0.0,0.37484318017959595,0.5499383211135864,0.7488905191421509,0.8543446660041809,1.1982287168502808,1.3148144483566284,1.695164442062378,1.9712941646575928,2.1234288215637207,2.3038244247436523,2.163811206817627,2.406848669052124,1.2568316459655762,0.908482551574707,0.8607649207115173,0.925268292427063,1.0796533823013306,0.942215621471405,0.9645938873291016,1.3025453090667725,1.4199379682540894,1.777463674545288,2.0285911560058594,2.098863363265991,2.356321334838867,2.2241482734680176,2.5155889987945557,1.9582473039627075,1.6448894739151,1.687105655670166,1.708594799041748,1.8780148029327393,1.663554072380066,1.6008974313735962,1.843677043914795,1.900782585144043,2.1659774780273438,2.3706109523773193,2.3471415042877197,2.5886924266815186,2.4029386043548584,2.70412015914917,2.811819076538086,2.5171825885772705,2.627737522125244,2.5937371253967285,2.7678468227386475,2.5192346572875977,2.383138656616211,2.641727924346924,2.5069212913513184,2.7994253635406494,2.7385387420654297,3.0980007648468018,3.2315807342529297,3.332751512527466,3.4781265258789062
B4,1.4662182331085205,1.5615602731704712,1.552685260772705,1.4219735860824585,1.5618493556976318,1.8571902513504028,1.7442229986190796,1.9056260585784912,2.06120228767395,2.1259236335754395,2.0777347087860107,2.2195305824279785,2.2021591663360596,2.0835585594177246,2.212566614151001,0.8941201567649841,0.5830181241035461,0.37484318017959595,0.0,0.3924041986465454,0.5425214767456055,0.5250404477119446,0.865655779838562,0.9473599791526794,1.3283361196517944,1.5969713926315308,1.753956913948059,1.9438846111297607,1.8258655071258545,2.0920639038085938,1.3884243965148926,1.0052974224090576,0.954981803894043,0.8656826615333557,1.0443751811981201,0.8319686055183411,0.7265324592590332,1.0328320264816284,1.0939843654632568,1.4382039308547974,1.676038146018982,1.73615562915802,2.0045971870422363,1.8877114057540894,2.1990458965301514,2.025925874710083,1.6908833980560303,1.7323579788208008,1.6746139526367188,1.859276533126831,1.6110566854476929,1.471384048461914,1.6688581705093384,1.6673145294189453,1.8970619440078735,2.077167272567749,2.0203123092651367,2.263953685760498,2.080798387527466,2.3908865451812744,2.834235429763794,2.537755250930786,2.6590583324432373,2.5783393383026123,2.771165370941162,2.5152337551116943,2.327406406402588,2.55623459815979,2.3707454204559326,2.6367506980895996,2.5336461067199707,2.8785316944122314,2.992056369781494,3.0636212825775146,3.2026777267456055
B5,1.489335536956787,1.6272422075271606,1.5543662309646606,1.4762778282165527,1.528619408607483,1.866938829421997,1.8166818618774414,1.9324750900268555,2.1265957355499268,2.237600564956665,2.1754956245422363,2.368522882461548,2.3834166526794434,2.314483404159546,2.4774985313415527,1.1643636226654053,0.8937250971794128,0.5499383211135864,0.3924041986465454,0.0,0.3754199147224426,0.5661674737930298,0.7725135087966919,0.9946492314338684,1.3707865476608276,1.6251835823059082,1.8535730838775635,2.0844247341156006,2.0311362743377686,2.3300225734710693,1.6020197868347168,1.2184841632843018,1.0429154634475708,0.9325493574142456,0.9556623101234436,0.6489598155021667,0.6619500517845154,0.8745926022529602,1.0508865118026733,1.3644559383392334,1.6632776260375977,1.7979261875152588,2.109999179840088,2.0596401691436768,2.401465892791748,2.2158925533294678,1.8557220697402954,1.81688392162323,1.7375482320785522,1.8433892726898193,1.5441056489944458,1.444373607635498,1.576220989227295,1.6302903890609741,1.8258426189422607,2.0597774982452393,2.0403428077697754,2.3323867321014404,2.207977771759033,2.5524017810821533,3.0202362537384033,2.691633701324463,2.762779474258423,2.6558804512023926,2.8022146224975586,2.5096821784973145,2.3326728343963623,2.521890878677368,2.352102279663086,2.590920925140381,2.511251926422119,2.862957715988159,3.0136971473693848,3.093496561050415,3.2721199989318848
B6,1.252091407775879,1.3374979496002197,1.2144352197647095,1.124058485031128,1.1537076234817505,1.495496392250061,1.46550714969635,1.5835721492767334,1.8043824434280396,1.9512463808059692,1.927280068397522,2.1493544578552246,2.2181684970855713,2.153611898422241,2.3649773597717285,1.375142216682434,1.0337501764297485,0.7488905191421509,0.5425214767456055,0.3754199147224426,0.0,0.36413753032684326,0.5630426406860352,0.8333516120910645,1.1843229532241821,1.490451455116272,1.7202174663543701,1.9967268705368042,1.9486274719238281,2.278650999069214,1.9064512252807617,1.5210524797439575,1.3944947719573975,1.2700563669204712,1.316406488418579,0.9860657453536987,0.9240739941596985,1.0453646183013916,1.1537647247314453,1.402770757675171,1.679735779762268,1.7784554958343506,2.1055593490600586,2.0567047595977783,2.410952091217041,2.534193992614746,2.182055950164795,2.169602870941162,2.0758707523345947,2.1960103511810303,1.8886613845825195,1.754003882408142,1.8471599817276,1.851993441581726,1.994246244430542,2.1956381797790527,2.118619203567505,2.4040603637695312,2.2684953212738037,2.603153705596924,3.331848382949829,3.0168163776397705,3.107008934020996,2.9931998252868652,3.153148889541626,2.8626697063446045,2.666562557220459,2.841513156890869,2.643277645111084,2.859835147857666,2.746090888977051,3.0797934532165527,3.206806182861328,3.249324083328247,3.411905527114868
B7,1.4107186794281006,1.408521294593811,1.2851442098617554,1.0833775997161865,1.1415753364562988,1.428963303565979,1.3126832246780396,1.4181886911392212,1.5799870491027832,1.6745868921279907,1.6269525289535522,1.8210092782974243,1.8666024208068848,1.798101544380188,2.003628969192505,1.3921563625335693,1.0384697914123535,0.8543446660041809,0.5250404477119446,0.5661674737930298,0.36413753032684326,0.0,0.393862783908844,0.5139651298522949,0.8809128403663635,1.1968276500701904,1.388464331626892,1.6518635749816895,1.5874990224838257,1.917798399925232,1.8768787384033203,1.4914685487747192,1.4278130531311035,1.2460358142852783,1.3720293045043945,1.0646090507507324,0.8716074228286743,0.9910040497779846,0.9770198464393616,1.2171567678451538,1.4397122859954834,1.4818751811981201,1.7913614511489868,1.7189639806747437,2.0687458515167236,2.4647107124328613,2.1219170093536377,2.150585651397705,2.024550437927246,2.192547082901001,1.9006537199020386,1.7009814977645874,1.7953773736953735,1.7268043756484985,1.8570226430892944,2.0036487579345703,1.8779100179672241,2.132963180541992,1.9676287174224854,2.28515362739563,3.2232751846313477,2.9290611743927,3.051927089691162,2.925265312194824,3.121026039123535,2.8507018089294434,2.6190688610076904,2.795034885406494,2.5576372146606445,2.7689743041992188,2.614025115966797,2.9292030334472656,3.018608570098877,3.034700870513916,3.1678383350372314
B8,1.646842122077942,1.6178025007247925,1.406769871711731,1.1912806034088135,1.1197726726531982,1.4007158279418945,1.305652379989624,1.3022691011428833,1.4554425477981567,1.567626953125,1.4700324535369873,1.7136616706848145,1.7867825031280518,1.7969499826431274,2.0375304222106934,1.755306601524353,1.4181193113327026,1.1982287168502808,0.865655779838562,0.7725135087966919,0.5630426406860352,0.393862783908844,0.0,0.3779325783252716,0.6671009063720703,0.949407696723938,1.2186764478683472,1.5277684926986694,1.5531206130981445,1.9170185327529907,2.163762092590332,1.7754766941070557,1.6641719341278076,1.4228062629699707,1.4813666343688965,1.1370311975479126,0.9300119876861572,0.8785487413406372,0.849247395992279,0.9786784648895264,1.2150532007217407,1.3015142679214478,1.6502896547317505,1.6564117670059204,2.0336177349090576,2.695815086364746,2.3379616737365723,2.3263421058654785,2.148193359375,2.2777717113494873,1.954322338104248,1.732348084449768,1.7373279333114624,1.6466096639633179,1.6969600915908813,1.8421043157577515,1.704213261604309,1.9876747131347656,1.877262830734253,2.215413808822632,3.410946846008301,3.103471279144287,3.2037413120269775,3.0350799560546875,3.213750123977661,2.9258551597595215,2.6705703735351562,2.7950847148895264,2.533761978149414,2.6967098712921143,2.5219759941101074,2.816523313522339,2.9079229831695557,2.898613452911377,3.0490224361419678
B9,1.8219770193099976,1.736833930015564,1.5563451051712036,1.26423978805542,1.2485979795455933,1.4536824226379395,1.2643389701843262,1.2552028894424438,1.3182343244552612,1.3463670015335083,1.2103673219680786,1.404354453086853,1.4352080821990967,1.4393446445465088,1.6661057472229004,1.7741048336029053,1.4470733404159546,1.3148144483566284,0.9473599791526794,0.9946492314338684,0.8333516120910645,0.5139651298522949,0.3779325783252716,0.0,0.3844960927963257,0.6851220726966858,0.8870695233345032,1.1759520769119263,1.1769435405731201,1.5411039590835571,2.132612466812134,1.7607495784759521,1.7159101963043213,1.447052240371704,1.5840054750442505,1.2900477647781372,0.9940542578697205,0.9710794687271118,0.7906871438026428,0.8997677564620972,1.0349223613739014,1.024832844734192,1.343504548072815,1.3113666772842407,1.6812022924423218,2.618304491043091,2.2806718349456787,2.3151803016662598,2.118340492248535,2.298351287841797,2.006012439727783,1.731264352798462,1.7527227401733398,1.5861564874649048,1.6323431730270386,1.7035728693008423,1.5051767826080322,1.7398641109466553,1.5843490362167358,1.896335244178772,3.2871057987213135,3.007347345352173,3.1427552700042725,2.9701786041259766,3.185854911804199,2.926013946533203,2.6431634426116943,2.775707244873047,2.4817237854003906,2.6445555686950684,2.4300425052642822,2.7022218704223633,2.7483861446380615,2.71220064163208,2.8235232830047607
B10,2.0705137252807617,1.9287923574447632,1.7113738059997559,1.381420612335205,1.3131414651870728,1.4382258653640747,1.2162216901779175,1.110681176185608,1.089343547821045,1.0734118223190308,0.873214066028595,1.0901226997375488,1.151138424873352,1.2318356037139893,1.500402569770813,2.1312882900238037,1.8054336309432983,1.695164442062378,1.3283361196517944,1.3707865476608276,1.1843229532241821,0.8809128403663635,0.6671009063720703,0.3844960927963257,0.0,0.3759322762489319,0.5766619443893433,0.9259290099143982,1.0021336078643799,1.391087293624878,2.460390329360962,2.100637674331665,2.068997859954834,1.7779573202133179,1.9114798307418823,1.624129056930542,1.313636064529419,1.2155641317367554,0.972540020942688,0.9327961802482605,0.9557656645774841,0.8710918426513672,1.1755976676940918,1.1860408782958984,1.5523838996887207,2.898198366165161,2.5712060928344727,2.6120269298553467,2.385377883911133,2.566685199737549,2.277710437774658,1.9741617441177368,1.9459729194641113,1.7259230613708496,1.6965703964233398,1.7009977102279663,1.437023401260376,1.6365368366241455,1.4950311183929443,1.7781016826629639,3.5109145641326904,3.2463724613189697,3.3903424739837646,3.194998025894165,3.419792890548706,3.168391227722168,2.860649585723877,2.962099313735962,2.637373685836792,2.7596278190612793,2.5058507919311523,2.7361347675323486,2.7452006340026855,2.6593985557556152,2.7466843128204346
B11,2.4432692527770996,2.304011583328247,2.0789012908935547,1.7489842176437378,1.6560884714126587,1.7586740255355835,1.5337796211242676,1.3712784051895142,1.2819863557815552,1.2011237144470215,0.8994667530059814,1.0728235244750977,1.069643497467041,1.2442641258239746,1.477524995803833,2.3776543140411377,2.082172155380249,1.9712941646575928,1.5969713926315308,1.6251835823059082,1.490451455116272,1.1968276500701904,0.949407696723938,0.6851220726966858,0.3759322762489319,0.0,0.3695325553417206,0.6998500823974609,0.9072721004486084,1.2780290842056274,2.604633331298828,2.261826992034912,2.2217180728912354,1.8942286968231201,2.0127155780792236,1.753751277923584,1.427302360534668,1.261379599571228,0.9647546410560608,0.7971151471138,0.6983832716941833,0.5790227651596069,0.8839557766914368,0.9878225922584534,1.3548917770385742,2.960348129272461,2.639331579208374,2.666032075881958,2.3990886211395264,2.5692930221557617,2.2895116806030273,1.9594151973724365,1.877742886543274,1.6098579168319702,1.5126947164535522,1.4579694271087646,1.1565629243850708,1.3389222621917725,1.2438843250274658,1.525896430015564,3.499222993850708,3.2402782440185547,3.3767642974853516,3.149458646774292,3.37347412109375,3.1303746700286865,2.7987682819366455,2.8615763187408447,2.511331081390381,2.5912275314331055,2.307325601577759,2.499403715133667,2.4841504096984863,2.366389751434326,2.447751998901367
B12,2.579068660736084,2.4038758277893066,2.211447238922119,1.8493413925170898,1.808457612991333,1.8530961275100708,1.572177767753601,1.4304282665252686,1.2588051557540894,1.0755635499954224,0.7461246252059937,0.79947429895401,0.7174220681190491,0.9124431014060974,1.1306159496307373,2.4551289081573486,2.171588897705078,2.1234288215637207,1.753956913948059,1.8535730838775635,1.7202174663543701,1.388464331626892,1.2186764478683472,0.8870695233345032,0.5766619443893433,0.3695325553417206,0.0,0.37973552942276,0.5857981443405151,0.95151287317276,2.665191650390625,2.3474464416503906,2.364326238632202,2.0465574264526367,2.2200489044189453,1.9947909116744995,1.6437382698059082,1.5358928442001343,1.2012536525726318,1.0712170600891113,0.8820266723632812,0.5995885729789734,0.7544364333152771,0.7748650908470154,1.096939206123352,2.9887495040893555,2.6979479789733887,2.7706453800201416,2.509899854660034,2.7219526767730713,2.4769649505615234,2.1277389526367188,2.081070899963379,1.776220679283142,1.6972005367279053,1.5717871189117432,1.2212116718292236,1.3001340627670288,1.1328808069229126,1.3374234437942505,3.4842517375946045,3.2604639530181885,3.431830406188965,3.2156646251678467,3.471424102783203,3.2592570781707764,2.9178764820098877,2.997344970703125,2.633594274520874,2.7205147743225098,2.412151336669922,2.5775294303894043,2.5114927291870117,2.3658487796783447,2.3897368907928467
B13,2.8631043434143066,2.6885740756988525,2.5284974575042725,2.158418655395508,2.1547129154205322,2.187051773071289,1.8817394971847534,1.7639456987380981,1.5568854808807373,1.3121024370193481,0.9850726127624512,0.8949575424194336,0.6436071991920471,0.8459054231643677,0.9412319660186768,2.5533194541931152,2.3100061416625977,2.3038244247436523,1.9438846111297607,2.0844247341156006,1.9967268705368042,1.6518635749816895,1.5277684926986694,1.1759520769119263,0.9259290099143982,0.6998500823974609,0.37973552942276,0.0,0.37564972043037415,0.6444649696350098,2.6729848384857178,2.392841100692749,2.4458465576171875,2.1250686645507812,2.330047130584717,2.1569106578826904,1.7912752628326416,1.7100911140441895,1.3454793691635132,1.2247074842453003,0.9549018740653992,0.5870881676673889,0.5260676145553589,0.4826737642288208,0.7416303157806396,2.9151899814605713,2.6563947200775146,2.7549049854278564,2.485065221786499,2.7220499515533447,2.5184543132781982,2.151566505432129,2.1184871196746826,1.7759169340133667,1.7022701501846313,1.503557801246643,1.1277227401733398,1.0968064069747925,0.8778955936431885,1.004341721534729,3.3303191661834717,3.138258218765259,3.3299412727355957,3.1111059188842773,3.389033317565918,3.2102558612823486,2.8566341400146484,2.9354896545410156,2.558568000793457,2.6389660835266113,2.3079962730407715,2.4385604858398438,2.3243942260742188,2.1569414138793945,2.13134765625
