,A1,A2,A3,A4,A5,A6,A7,A8,A9,A10,A11,A12,A13,A14,A15,B1,B2,B3,B4,B5,B6,B7,B8,B9,B10,B11,B12,B13,B14,B15,C1,C2,C3,C4,C5,C6,C7,C8,C9,C10,C11,C12,C13,C14,C15,D1,D2,D3,D4,D5,D6,D7,D8,D9,D10,D11,D12,D13,D14,D15,E1,E2,E3,E4,E5,E6,E7,E8,E9,E10,E11,E12,E13,E14,E15
A1,0.0,0.3876032829284668,0.5687560439109802,0.8751929998397827,1.059988260269165,1.3916164636611938,1.560077428817749,1.8646377325057983,2.142338752746582,2.403345823287964,2.6146039962768555,2.8559889793395996,3.0812594890594482,3.1854448318481445,3.2885854244232178,1.2678680419921875,0.8986834287643433,0.7870517373085022,0.9710748195648193,1.020551323890686,1.3732191324234009,1.7111575603485107,2.0077431201934814,2.3267838954925537,2.620062828063965,2.875035047531128,3.127270221710205,3.4038009643554688,3.554133415222168,3.6357786655426025,1.559402585029602,1.4201750755310059,1.3869681358337402,1.3224700689315796,1.4319782257080078,1.8098671436309814,1.9064931869506836,2.2800655364990234,2.439133882522583,2.766195774078369,3.0007834434509277,3.324394941329956,3.565487861633301,3.752312183380127,3.8495376110076904,2.0375969409942627,1.9349052906036377,2.0712392330169678,1.8612726926803589,1.9206633567810059,2.265293598175049,2.2102694511413574,2.5970094203948975,2.690797805786133,3.034186601638794,3.205418586730957,3.513334274291992,3.7130229473114014,3.8384547233581543,3.959721803665161,2.5655102729797363,2.211888074874878,2.2470619678497314,2.071626663208008,2.058133125305176,2.3669636249542236,2.28446888923645,2.6428072452545166,2.6799983978271484,3.062756061553955,3.163735866546631,3.5521678924560547,3.7510571479797363,4.1004767417907715,4.254324436187744
A2,0.3876032829284668,0.0,0.3667581081390381,0.590092658996582,0.8462379574775696,1.1589442491531372,1.3159658908843994,1.6611424684524536,1.9304231405258179,2.2310962677001953,2.445643424987793,2.7264130115509033,2.971896171569824,3.1205339431762695,3.2464606761932373,1.3471981287002563,0.9554043412208557,0.73122239112854,0.7513973712921143,0.7363783717155457,1.0877091884613037,1.440491795539856,1.7491718530654907,2.0761401653289795,2.3956241607666016,2.665696620941162,2.9541163444519043,3.2484614849090576,3.437410354614258,3.542361259460449,1.614875078201294,1.4113986492156982,1.30619215965271,1.141261100769043,1.2150148153305054,1.5921516418457031,1.6811856031417847,2.057326078414917,2.2231316566467285,2.5676257610321045,2.8047165870666504,3.1427576541900635,3.411452293395996,3.61639404296875,3.7498936653137207,2.0044033527374268,1.8383326530456543,1.9080810546875,1.6439944505691528,1.6614341735839844,1.9911751747131348,1.918990135192871,2.3099451065063477,2.4087533950805664,2.769706964492798,2.9586260318756104,3.2834980487823486,3.514906644821167,3.6540491580963135,3.81005597114563,2.484729051589966,2.101294994354248,2.0732955932617188,1.8469569683074951,1.7946590185165405,2.0764708518981934,1.9775878190994263,2.327500343322754,2.3655526638031006,2.7525579929351807,2.870421886444092,3.2649166584014893,3.4901788234710693,3.8393819332122803,4.0194878578186035
A3,0.5687560439109802,0.3667581081390381,0.0,0.38442090153694153,0.5058368444442749,0.8488991856575012,1.0677818059921265,1.380843162536621,1.6882418394088745,1.970080852508545,2.219317674636841,2.4922034740448,2.763511896133423,2.9037797451019287,3.063941478729248,1.4730336666107178,1.1320339441299438,0.820228099822998,0.8455839157104492,0.6619902849197388,0.9339335560798645,1.3045275211334229,1.551963210105896,1.904120922088623,2.193480968475342,2.4905078411102295,2.772984743118286,3.088578224182129,3.2843592166900635,3.421870470046997,1.76864755153656,1.614335536956787,1.441536545753479,1.2904527187347412,1.2526708841323853,1.616281270980835,1.617258071899414,2.005815267562866,2.109160900115967,2.472034454345703,2.666267156600952,3.020750045776367,3.2730789184570312,3.5041017532348633,3.652304172515869,2.2008306980133057,2.057889223098755,2.095702648162842,1.8291047811508179,1.775192379951477,2.069751262664795,1.930314540863037,2.301912784576416,2.3400380611419678,2.7062575817108154,2.854358673095703,3.195241689682007,3.4195263385772705,3.590674638748169,3.7506234645843506,2.7266647815704346,2.3427679538726807,2.2863306999206543,2.053877592086792,1.9360445737838745,2.1820008754730225,2.019972324371338,2.3349263668060303,2.308631420135498,2.6825997829437256,2.755643129348755,3.150688409805298,3.36006498336792,3.7254843711853027,3.906707286834717
A4,0.8751929998397827,0.590092658996582,0.38442090153694153,0.0,0.3887404203414917,0.5972532033920288,0.7303935289382935,1.0844337940216064,1.3594969511032104,1.6729267835617065,1.906370759010315,2.2079007625579834,2.483682870864868,2.6617345809936523,2.8308403491973877,1.442370891571045,1.142799735069275,0.7650561928749084,0.6550698280334473,0.33087632060050964,0.5520617961883545,0.9269604682922363,1.1857548952102661,1.5349524021148682,1.8415236473083496,2.1391468048095703,2.442082643508911,2.7642178535461426,2.984579086303711,3.1361639499664307,1.7091248035430908,1.5416972637176514,1.2912561893463135,1.0966057777404785,0.9687899947166443,1.305688738822937,1.2704092264175415,1.6568055152893066,1.7532291412353516,2.124352216720581,2.3177247047424316,2.6783430576324463,2.9467573165893555,3.1876513957977295,3.360309362411499,2.0767946243286133,1.9148212671279907,1.8922226428985596,1.6119728088378906,1.4928536415100098,1.7536712884902954,1.57832670211792,1.9391690492630005,1.962125301361084,2.3324549198150635,2.481580972671509,2.8292813301086426,3.0671684741973877,3.2477970123291016,3.42743182182312,2.589883327484131,2.1997599601745605,2.092589855194092,1.846356987953186,1.668355941772461,1.87970769405365,1.680670976638794,1.9761695861816406,1.9301018714904785,2.3009674549102783,2.3716797828674316,2.767293930053711,2.9823219776153564,3.346963405609131,3.5364058017730713
A5,1.059988260269165,0.8462379574775696,0.5058368444442749,0.3887404203414917,0.0,0.36804768443107605,0.6798081398010254,0.9464788436889648,1.2906954288482666,1.5647084712982178,1.8543709516525269,2.137014865875244,2.44716215133667,2.6049816608428955,2.817081928253174,1.7249361276626587,1.454671859741211,1.0773210525512695,1.0261439085006714,0.6715316772460938,0.7145881652832031,1.0594512224197388,1.1975857019424438,1.5725183486938477,1.8255857229232788,2.1587119102478027,2.4486544132232666,2.794726610183716,3.0187134742736816,3.206756114959717,2.0140597820281982,1.8887693881988525,1.628661870956421,1.4637837409973145,1.2861686944961548,1.588881492614746,1.4703397750854492,1.8487106561660767,1.8676708936691284,2.2497942447662354,2.384631872177124,2.7594361305236816,3.0026490688323975,3.271627426147461,3.4562742710113525,2.425623655319214,2.2856674194335938,2.2564473152160645,1.980133295059204,1.8273072242736816,2.0527374744415283,1.8273975849151611,2.155787467956543,2.114530086517334,2.4836056232452393,2.5840325355529785,2.9462907314300537,3.1740875244140625,3.3887457847595215,3.5696182250976562,2.9639270305633545,2.578188419342041,2.4644296169281006,2.2160935401916504,2.0101819038391113,2.187920093536377,1.9467378854751587,2.197208881378174,2.0867936611175537,2.433018207550049,2.4527175426483154,2.843219518661499,3.04106068611145,3.4214096069335938,3.6141345500946045
A6,1.3916164636611938,1.1589442491531372,0.8488991856575012,0.5972532033920288,0.36804768443107605,0.0,0.3771527409553528,0.6048732399940491,0.9529388546943665,1.2359622716903687,1.537022352218628,1.836944341659546,2.1657755374908447,2.350698232650757,2.5894415378570557,1.8459919691085815,1.6304453611373901,1.2365614175796509,1.1319828033447266,0.7409175038337708,0.5815901756286621,0.8387861251831055,0.8809300661087036,1.2590545415878296,1.4901553392410278,1.8399980068206787,2.138871431350708,2.5002903938293457,2.747084379196167,2.964411973953247,2.111619234085083,2.0012359619140625,1.6890608072280884,1.5209037065505981,1.2580615282058716,1.491744875907898,1.2926701307296753,1.6448554992675781,1.6067914962768555,1.9937561750411987,2.091939687728882,2.4754626750946045,2.717515230178833,3.0072290897369385,3.218276023864746,2.48211407661438,2.345092296600342,2.267322540283203,1.9973068237304688,1.780238389968872,1.947134017944336,1.668900728225708,1.9543955326080322,1.8585108518600464,2.220806121826172,2.290226936340332,2.661426544189453,2.891761302947998,3.130401611328125,3.3265540599823,3.015625,2.6364455223083496,2.484260082244873,2.2367022037506104,1.9742481708526611,2.1002256870269775,1.8104122877120972,2.0086207389831543,1.8416556119918823,2.162245035171509,2.1457571983337402,2.529320240020752,2.7174129486083984,3.1033318042755127,3.3009583950042725
A7,1.560077428817749,1.3159658908843994,1.0677818059921265,0.7303935289382935,0.6798081398010254,0.3771527409553528,0.0,0.39077118039131165,0.6441844701766968,0.9778335094451904,1.2314445972442627,1.5606458187103271,1.8738985061645508,2.094978094100952,2.3199572563171387,1.7433600425720215,1.5865402221679688,1.2006471157073975,1.0512789487838745,0.6979021430015564,0.3864203691482544,0.4965974986553192,0.5223172903060913,0.8958379626274109,1.151958703994751,1.4870010614395142,1.7987573146820068,2.1547939777374268,2.4132168292999268,2.627631187438965,1.9705430269241333,1.870643973350525,1.5191506147384644,1.3610609769821167,1.0334721803665161,1.197341799736023,0.9469754099845886,1.281593918800354,1.2301050424575806,1.6181024312973022,1.7250220775604248,2.1080613136291504,2.3631935119628906,2.649871349334717,2.870781660079956,2.284958600997925,2.1566553115844727,2.043729782104492,1.7981315851211548,1.5389595031738281,1.6643961668014526,1.3608391284942627,1.619300127029419,1.5026708841323853,1.8550492525100708,1.9206913709640503,2.287832260131836,2.5183629989624023,2.7543301582336426,2.95571231842041,2.810591220855713,2.446013927459717,2.271252393722534,2.044093608856201,1.745044469833374,1.8435267210006714,1.5296976566314697,1.7048951387405396,1.5181339979171753,1.8310904502868652,1.8057721853256226,2.187433958053589,2.366787910461426,2.7495665550231934,2.938746690750122
A8,1.8646377325057983,1.6611424684524536,1.380843162536621,1.0844337940216064,0.9464788436889648,0.6048732399940491,0.39077118039131165,0.0,0.3806222379207611,0.632722795009613,0.9442768096923828,1.2484265565872192,1.5927916765213013,1.8036140203475952,2.0712289810180664,1.9651110172271729,1.8666807413101196,1.495713472366333,1.395336627960205,1.0688050985336304,0.7603381276130676,0.7237191200256348,0.5139444470405579,0.814078688621521,0.9403548240661621,1.2936238050460815,1.5661870241165161,1.9383690357208252,2.194026231765747,2.446423053741455,2.189286708831787,2.1427884101867676,1.7815245389938354,1.6749353408813477,1.3199875354766846,1.4162633419036865,1.0902080535888672,1.3574345111846924,1.1914912462234497,1.554941177368164,1.575737714767456,1.9584554433822632,2.171250104904175,2.482722520828247,2.7129886150360107,2.522977352142334,2.434516429901123,2.315290689468384,2.1038925647735596,1.8209559917449951,1.8973921537399292,1.561838984489441,1.7476577758789062,1.5465600490570068,1.855059266090393,1.8388773202896118,2.1996192932128906,2.3957736492156982,2.6639628410339355,2.854492664337158,3.0750842094421387,2.7317819595336914,2.5560576915740967,2.3545238971710205,2.033552885055542,2.0980491638183594,1.75650155544281,1.8672958612442017,1.6093437671661377,1.861038088798523,1.7526508569717407,2.1040475368499756,2.23163104057312,2.6236979961395264,2.793853759765625
A9,2.142338752746582,1.9304231405258179,1.6882418394088745,1.3594969511032104,1.2906954288482666,0.9529388546943665,0.6441844701766968,0.3806222379207611,0.0,0.38410380482673645,0.6133291125297546,0.9688577651977539,1.303155779838562,1.5695401430130005,1.8343837261199951,2.0451653003692627,2.003629446029663,1.6598644256591797,1.532515287399292,1.262402057647705,0.9201119542121887,0.7116039395332336,0.37182337045669556,0.49726393818855286,0.5617730021476746,0.9141108989715576,1.2018988132476807,1.5802326202392578,1.8615926504135132,2.1292712688446045,2.222898244857788,2.1912312507629395,1.8110324144363403,1.721854329109192,1.3364841938018799,1.3273347616195679,0.9492759704589844,1.1225578784942627,0.8805501461029053,1.2219069004058838,1.2070555686950684,1.5919140577316284,1.811425805091858,2.132930040359497,2.3868613243103027,2.4868688583374023,2.411022901535034,2.254831075668335,2.0778005123138428,1.7603302001953125,1.769530177116394,1.4143933057785034,1.5243498086929321,1.267501711845398,1.5355960130691528,1.4798760414123535,1.8349835872650146,2.0255250930786133,2.305859088897705,2.5066113471984863,3.013073682785034,2.694582462310791,2.4961564540863037,2.320605516433716,1.9706966876983643,1.987702488899231,1.6288937330245972,1.6786879301071167,1.3796862363815308,1.582831621170044,1.4314303398132324,1.7630819082260132,1.8647607564926147,2.255861759185791,2.4161229133605957
A10,2.403345823287964,2.2310962677001953,1.970080852508545,1.6729267835617065,1.5647084712982178,1.2359622716903687,0.9778335094451904,0.632722795009613,0.38410380482673645,0.0,0.3700602054595947,0.6408873200416565,1.0100277662277222,1.2503819465637207,1.5586254596710205,2.236189365386963,2.2442996501922607,1.9213824272155762,1.845895767211914,1.5941081047058105,1.277395248413086,1.0751631259918213,0.7467502951622009,0.7361509799957275,0.567527711391449,0.847527027130127,1.020254373550415,1.3952337503433228,1.6467443704605103,1.9461969137191772,2.411120891571045,2.4325437545776367,2.0603528022766113,2.0243687629699707,1.64243483543396,1.6082478761672974,1.2227087020874023,1.331168532371521,1.0157594680786133,1.272526502609253,1.155339002609253,1.50653874874115,1.6508727073669434,1.9857146739959717,2.230278491973877,2.7034592628479004,2.673469305038452,2.5312798023223877,2.391883611679077,2.0796875953674316,2.071176052093506,1.7218356132507324,1.7797850370407104,1.4793078899383545,1.672889232635498,1.5278382301330566,1.8422412872314453,1.9670743942260742,2.266490936279297,2.433562994003296,3.2594358921051025,2.966003179550171,2.7843680381774902,2.6406502723693848,2.293318510055542,2.304198980331421,1.9480451345443726,1.9647773504257202,1.6402113437652588,1.7784475088119507,1.5551936626434326,1.8272887468338013,1.8481707572937012,2.2332816123962402,2.3496344089508057
A11,2.6146039962768555,2.445643424987793,2.219317674636841,1.906370759010315,1.8543709516525269,1.537022352218628,1.2314445972442627,0.9442768096923828,0.6133291125297546,0.3700602054595947,0.0,0.3930507004261017,0.7097135186195374,1.0221140384674072,1.3008630275726318,2.2700538635253906,2.3330986499786377,2.0470049381256104,1.966783046722412,1.7731997966766357,1.4636014699935913,1.1904391050338745,0.8913260102272034,0.7170284986495972,0.43026748299598694,0.5448352694511414,0.6557179093360901,1.0263978242874146,1.2884167432785034,1.5943297147750854,2.3991973400115967,2.4431865215301514,2.0719897747039795,2.0678184032440186,1.6866414546966553,1.5740903615951538,1.1910508871078491,1.1940743923187256,0.8301234245300293,0.9939647912979126,0.8212806582450867,1.1500753164291382,1.2809032201766968,1.6170977354049683,1.8716063499450684,2.6325130462646484,2.6279189586639404,2.4697108268737793,2.3769350051879883,2.0590550899505615,2.0052056312561035,1.671806812286377,1.6622140407562256,1.3388211727142334,1.4545190334320068,1.2580888271331787,1.5318461656570435,1.6191037893295288,1.9180474281311035,2.0743625164031982,3.166968584060669,2.9071359634399414,2.7224459648132324,2.617581605911255,2.2661962509155273,2.252018451690674,1.907705545425415,1.8858911991119385,1.560217022895813,1.6443922519683838,1.3904391527175903,1.6156907081604004,1.580953598022461,1.9511722326278687,2.029860734939575
A12,2.8559889793395996,2.7264130115509033,2.4922034740448,2.2079007625579834,2.137014865875244,1.836944341659546,1.5606458187103271,1.2484265565872192,0.9688577651977539,0.6408873200416565,0.3930507004261017,0.0,0.3852563798427582,0.652854859828949,0.9784653186798096,2.4394712448120117,2.549283742904663,2.2910232543945312,2.2603275775909424,2.087313175201416,1.8048609495162964,1.5521091222763062,1.2732216119766235,1.1035081148147583,0.7923707365989685,0.7642916440963745,0.6345532536506653,0.9142348766326904,1.0826220512390137,1.4057239294052124,2.5621542930603027,2.6583240032196045,2.306346893310547,2.3536529541015625,1.987917184829712,1.87241792678833,1.5093516111373901,1.4849236011505127,1.1245757341384888,1.1862274408340454,0.9488801956176758,1.173707127571106,1.1789239645004272,1.499306559562683,1.7129721641540527,2.824065923690796,2.86820125579834,2.735062599182129,2.680105447769165,2.3809194564819336,2.3288960456848145,2.016172409057617,1.9854183197021484,1.661276936531067,1.7119356393814087,1.458828091621399,1.6557118892669678,1.6476471424102783,1.938480257987976,2.0321195125579834,3.3862555027008057,3.1550416946411133,2.9973645210266113,2.926638126373291,2.590109348297119,2.585947275161743,2.256938934326172,2.2297916412353516,1.9102318286895752,1.9570997953414917,1.6732933521270752,1.833848476409912,1.7158010005950928,2.0532946586608887,2.064305305480957
A13,3.0812594890594482,2.971896171569824,2.763511896133423,2.483682870864868,2.44716215133667,2.1657755374908447,1.8738985061645508,1.5927916765213013,1.303155779838562,1.0100277662277222,0.7097135186195374,0.3852563798427582,0.0,0.39550885558128357,0.6478105187416077,2.51581072807312,2.6812870502471924,2.4674417972564697,2.456272602081299,2.3347768783569336,2.077144145965576,1.8052036762237549,1.568923830986023,1.3529260158538818,1.0515066385269165,0.8827019333839417,0.5806124806404114,0.6836103796958923,0.737257719039917,1.051026701927185,2.5989227294921875,2.7325727939605713,2.4015064239501953,2.4938313961029053,2.1494901180267334,1.9930919408798218,1.6650975942611694,1.5751659870147705,1.236009120941162,1.1785517930984497,0.9229803681373596,1.0211243629455566,0.9204772114753723,1.1970934867858887,1.3694401979446411,2.8271484375,2.913492202758789,2.789116144180298,2.786607265472412,2.5051779747009277,2.4348483085632324,2.157866954803467,2.0885775089263916,1.7796742916107178,1.7531152963638306,1.4703435897827148,1.5762032270431519,1.4768421649932861,1.7336307764053345,1.7654768228530884,3.3798298835754395,3.190507650375366,3.0514888763427734,3.027212619781494,2.7070224285125732,2.700406551361084,2.399850368499756,2.3608438968658447,2.0671608448028564,2.077946424484253,1.7926784753799438,1.8943941593170166,1.709915041923523,1.9994641542434692,1.9372494220733643
A14,3.1854448318481445,3.1205339431762695,2.9037797451019287,2.6617345809936523,2.6049816608428955,2.350698232650757,2.094978094100952,1.8036140203475952,1.5695401430130005,1.2503819465637207,1.0221140384674072,0.652854859828949,0.39550885558128357,0.0,0.39915189146995544,2.6007065773010254,2.7941782474517822,2.604095697402954,2.647355318069458,2.536691904067993,2.31195068359375,2.079474449157715,1.8625942468643188,1.6934300661087036,1.4095796346664429,1.2740554809570312,0.9697526097297668,0.9907424449920654,0.888495683670044,1.1242636442184448,2.69356632232666,2.872664451599121,2.5679879188537598,2.702381134033203,2.37872314453125,2.2553935050964355,1.94691002368927,1.890259861946106,1.5782411098480225,1.5243819952011108,1.3002113103866577,1.3544050455093384,1.182044506072998,1.383405089378357,1.4565091133117676,2.9803342819213867,3.10819411277771,3.024411916732788,3.0411550998687744,2.787013292312622,2.748516321182251,2.4864673614501953,2.443462371826172,2.152790069580078,2.1299095153808594,1.853845477104187,1.9316307306289673,1.7853811979293823,2.0052149295806885,1.9689704179763794,3.5741634368896484,3.4000353813171387,3.297637939453125,3.2933645248413086,2.9956352710723877,3.0209176540374756,2.732624053955078,2.7220096588134766,2.4418461322784424,2.4678568840026855,2.1878459453582764,2.284842014312744,2.0826754570007324,2.3515100479125977,2.2523233890533447
A15,3.2885854244232178,3.2464606761932373,3.063941478729248,2.8308403491973877,2.817081928253174,2.5894415378570557,2.3199572563171387,2.0712289810180664,1.8343837261199951,1.5586254596710205,1.3008630275726318,0.9784653186798096,0.6478105187416077,0.39915189146995544,0.0,2.559983253479004,2.804990768432617,2.6666488647460938,2.7324604988098145,2.6785645484924316,2.488842725753784,2.2508273124694824,2.087397336959839,1.9012079238891602,1.6553553342819214,1.4636712074279785,1.133597493171692,1.0314054489135742,0.786713182926178,0.8811231851577759,2.611990451812744,2.8270668983459473,2.554827928543091,2.7347450256347656,2.4448509216308594,2.2988855838775635,2.039233446121216,1.9486513137817383,1.6863698959350586,1.5663577318191528,1.392653465270996,1.3621244430541992,1.1428850889205933,1.235771656036377,1.2027173042297363,2.8700616359710693,3.041754722595215,2.9797749519348145,3.0473387241363525,2.8245017528533936,2.7868809700012207,2.5690245628356934,2.5160913467407227,2.2635066509246826,2.20015811920166,1.9410605430603027,1.9540914297103882,1.7497669458389282,1.900772213935852,1.7899446487426758,3.4555437564849854,3.3236446380615234,3.2512764930725098,3.2936699390411377,3.0249900817871094,3.063931703567505,2.812551975250244,2.8141543865203857,2.5755257606506348,2.598080635070801,2.3453118801116943,2.421257972717285,2.1992084980010986,2.4277801513671875,2.2774970531463623
B1,1.2678680419921875,1.3471981287002563,1.4730336666107178,1.442370891571045,1.7249361276626587,1.8459919691085815,1.7433600425720215,1.9651110172271729,2.0451653003692627,2.236189365386963,2.2700538635253906,2.4394712448120117,2.51581072807312,2.6007065773010254,2.559983253479004,0.0,0.41323328018188477,0.6852916479110718,0.9538341164588928,1.2697423696517944,1.520066499710083,1.616538405418396,1.933501124382019,2.076479196548462,2.325314521789551,2.4176692962646484,2.5713770389556885,2.7234902381896973,2.7798855304718018,2.740604877471924,0.33904457092285156,0.4981030225753784,0.5572900772094727,0.8839588165283203,1.044575810432434,1.2512308359146118,1.4497147798538208,1.6908167600631714,1.9140770435333252,2.0985498428344727,2.3936939239501953,2.609288215637207,2.8124208450317383,2.8920235633850098,2.897531747817993,0.9849158525466919,1.1106274127960205,1.3384666442871094,1.374021291732788,1.4868929386138916,1.7935997247695923,1.8312854766845703,2.137807846069336,2.264765501022339,2.4853947162628174,2.6460626125335693,2.8413853645324707,2.9512529373168945,2.9794375896453857,3.0126500129699707,1.6937578916549683,1.4520293474197388,1.586394190788269,1.6239161491394043,1.6413623094558716,1.974339246749878,1.9550869464874268,2.3008534908294678,2.383756399154663,2.7129547595977783,2.8061976432800293,3.1300508975982666,3.2466981410980225,3.5381853580474854,3.5956389904022217
B2,0.8986834287643433,0.9554043412208557,1.1320339441299438,1.142799735069275,1.454671859741211,1.6304453611373901,1.5865402221679688,1.8666807413101196,2.003629446029663,2.2442996501922607,2.3330986499786377,2.549283742904663,2.6812870502471924,2.7941782474517822,2.804990768432617,0.41323328018188477,0.0,0.39564502239227295,0.6798414587974548,1.0075453519821167,1.3259145021438599,1.504573941230774,1.8520158529281616,2.0555520057678223,2.345245599746704,2.494356870651245,2.70162034034729,2.901183605194092,3.0054049491882324,3.009277105331421,0.6685687899589539,0.5611051917076111,0.5844630599021912,0.7344008684158325,0.9428893327713013,1.2451478242874146,1.448601245880127,1.7486116886138916,1.9799855947494507,2.2230582237243652,2.5171868801116943,2.7758262157440186,3.0112578868865967,3.129350423812866,3.178206443786621,1.1744725704193115,1.161604404449463,1.3581382036209106,1.284213900566101,1.4020326137542725,1.7477468252182007,1.773360013961792,2.1264824867248535,2.2673909664154053,2.5401837825775146,2.7272582054138184,2.9662702083587646,3.123723268508911,3.181673049926758,3.2593514919281006,1.795142650604248,1.4854764938354492,1.5789049863815308,1.5277445316314697,1.5488529205322266,1.894647240638733,1.8704273700714111,2.240736484527588,2.331594944000244,2.6912810802459717,2.8082804679870605,3.160811424255371,3.3208491802215576,3.6301229000091553,3.73014235496521
B3,0.7870517373085022,0.73122239112854,0.820228099822998,0.7650561928749084,1.0773210525512695,1.2365614175796509,1.2006471157073975,1.495713472366333,1.6598644256591797,1.9213824272155762,2.0470049381256104,2.2910232543945312,2.4674417972564697,2.604095697402954,2.6666488647460938,0.6852916479110718,0.39564502239227295,0.0,0.3868584632873535,0.6297629475593567,0.9491568803787231,1.1658368110656738,1.5044246912002563,1.7459397315979004,2.043168067932129,2.23470401763916,2.4712343215942383,2.7119317054748535,2.8543238639831543,2.9092025756835938,0.9590677618980408,0.833104133605957,0.657160222530365,0.6619096994400024,0.7265550494194031,1.0807592868804932,1.2071250677108765,1.5548418760299683,1.7465522289276123,2.0375492572784424,2.3044943809509277,2.6006338596343994,2.848064422607422,3.00952410697937,3.101574420928955,1.4131284952163696,1.341473937034607,1.4390456676483154,1.282875657081604,1.298282504081726,1.6259300708770752,1.5746486186981201,1.9384044408798218,2.036734104156494,2.3426196575164795,2.5141139030456543,2.790407657623291,2.9717540740966797,3.0735535621643066,3.184974431991577,2.015406847000122,1.667759656906128,1.6722939014434814,1.5472146272659302,1.4756792783737183,1.784853219985962,1.6895092725753784,2.043440103530884,2.084961175918579,2.4519612789154053,2.548619270324707,2.9171032905578613,3.089008331298828,3.4198176860809326,3.5447473526000977
B4,0.9710748195648193,0.7513973712921143,0.8455839157104492,0.6550698280334473,1.0261439085006714,1.1319828033447266,1.0512789487838745,1.395336627960205,1.532515287399292,1.845895767211914,1.966783046722412,2.2603275775909424,2.456272602081299,2.647355318069458,2.7324604988098145,0.9538341164588928,0.6798414587974548,0.3868584632873535,0.0,0.40168333053588867,0.7144890427589417,0.9241986274719238,1.3029731512069702,1.5435287952423096,1.8837313652038574,2.087541341781616,2.3724467754364014,2.630783796310425,2.820673704147339,2.8986823558807373,1.1469351053237915,0.9234352111816406,0.6665360331535339,0.4519616961479187,0.4720383882522583,0.8502449989318848,0.9998297095298767,1.3515475988388062,1.5737923383712769,1.8848590850830078,2.1659915447235107,2.477102041244507,2.7635817527770996,2.942378044128418,3.0772266387939453,1.4299765825271606,1.2613475322723389,1.2646727561950684,1.0280375480651855,0.9898803234100342,1.3147214651107788,1.2548617124557495,1.6381378173828125,1.76170015335083,2.092588424682617,2.2994203567504883,2.5952188968658447,2.820183753967285,2.9326236248016357,3.0881552696228027,1.9393728971481323,1.5565983057022095,1.4790271520614624,1.2861709594726562,1.165680170059204,1.4536032676696777,1.3468600511550903,1.7069427967071533,1.7672319412231445,2.1473071575164795,2.277602434158325,2.6556766033172607,2.8651278018951416,3.1930336952209473,3.3509395122528076
B5,1.020551323890686,0.7363783717155457,0.6619902849197388,0.33087632060050964,0.6715316772460938,0.7409175038337708,0.6979021430015564,1.0688050985336304,1.262402057647705,1.5941081047058105,1.7731997966766357,2.087313175201416,2.3347768783569336,2.536691904067993,2.6785645484924316,1.2697423696517944,1.0075453519821167,0.6297629475593567,0.40168333053588867,0.0,0.381501168012619,0.7063848376274109,1.03982412815094,1.3467143774032593,1.680614948272705,1.943285346031189,2.2514984607696533,2.5541882514953613,2.7759852409362793,2.907968282699585,1.4970828294754028,1.3134939670562744,1.0227653980255127,0.8050441741943359,0.641189694404602,0.9779117703437805,0.9776139855384827,1.3607971668243408,1.5005906820297241,1.8587992191314697,2.0860753059387207,2.43381667137146,2.718050479888916,2.9419443607330322,3.1133251190185547,1.8038603067398071,1.633888602256775,1.5856298208236694,1.31403648853302,1.1771929264068604,1.439131259918213,1.2770068645477295,1.645026445388794,1.6952844858169556,2.0570976734161377,2.228590726852417,2.562788248062134,2.803394317626953,2.9649763107299805,3.1459686756134033,2.307117223739624,1.9198390245437622,1.7955673933029175,1.5608632564544678,1.3642404079437256,1.5809004306793213,1.3876248598098755,1.6986273527145386,1.6788756847381592,2.0556769371032715,2.1473288536071777,2.5393292903900146,2.755242109298706,3.1075809001922607,3.289274215698242
B6,1.3732191324234009,1.0877091884613037,0.9339335560798645,0.5520617961883545,0.7145881652832031,0.5815901756286621,0.3864203691482544,0.7603381276130676,0.9201119542121887,1.277395248413086,1.4636014699935913,1.8048609495162964,2.077144145965576,2.31195068359375,2.488842725753784,1.520066499710083,1.3259145021438599,0.9491568803787231,0.7144890427589417,0.381501168012619,0.0,0.37933191657066345,0.6703323125839233,0.9988874197006226,1.3335546255111694,1.62274968624115,1.9535402059555054,2.2808825969696045,2.5358927249908447,2.70759916305542,1.7248111963272095,1.569315791130066,1.225582480430603,1.0117688179016113,0.7132857441902161,0.9321405291557312,0.7932478189468384,1.1630192995071411,1.233017921447754,1.6145793199539185,1.8019062280654907,2.1692569255828857,2.4587132930755615,2.713015556335449,2.9210968017578125,1.986395239830017,1.8197870254516602,1.705496072769165,1.4364761114120483,1.201450228691101,1.3745516538619995,1.121946930885315,1.444732427597046,1.42367684841156,1.7945739030838013,1.9354486465454102,2.2913694381713867,2.5442140102386475,2.7404439449310303,2.9463539123535156,2.4746947288513184,2.0967857837677,1.9202693700790405,1.6784788370132446,1.4010807275772095,1.5367289781570435,1.264159083366394,1.5075702667236328,1.409942388534546,1.7686879634857178,1.8231050968170166,2.21706485748291,2.4313669204711914,2.795351505279541,2.990626811981201
B7,1.7111575603485107,1.440491795539856,1.3045275211334229,0.9269604682922363,1.0594512224197388,0.8387861251831055,0.4965974986553192,0.7237191200256348,0.7116039395332336,1.0751631259918213,1.1904391050338745,1.5521091222763062,1.8052036762237549,2.079474449157715,2.2508273124694824,1.616538405418396,1.504573941230774,1.1658368110656738,0.9241986274719238,0.7063848376274109,0.37933191657066345,0.0,0.39838874340057373,0.6482039093971252,1.0084435939788818,1.2705514430999756,1.6168311834335327,1.9391179084777832,2.2144312858581543,2.3944931030273438,1.7702528238296509,1.6408169269561768,1.2623238563537598,1.0782132148742676,0.7036328315734863,0.7563912868499756,0.497867226600647,0.8268689513206482,0.865993320941925,1.251359224319458,1.4377219676971436,1.8054026365280151,2.1089775562286377,2.3677613735198975,2.5972611904144287,1.9560259580612183,1.8050397634506226,1.6368350982666016,1.4067035913467407,1.102581262588501,1.1850664615631104,0.8732393980026245,1.1376012563705444,1.0670719146728516,1.4281091690063477,1.5565695762634277,1.9133386611938477,2.1706278324127197,2.374929189682007,2.5947682857513428,2.4234979152679443,2.070713520050049,1.8592561483383179,1.6452901363372803,1.31163489818573,1.3824734687805176,1.0608265399932861,1.2441518306732178,1.096480369567871,1.435353398323059,1.468023657798767,1.8561627864837646,2.0593698024749756,2.4212775230407715,2.6118571758270264
B8,2.0077431201934814,1.7491718530654907,1.551963210105896,1.1857548952102661,1.1975857019424438,0.8809300661087036,0.5223172903060913,0.5139444470405579,0.37182337045669556,0.7467502951622009,0.8913260102272034,1.2732216119766235,1.568923830986023,1.8625942468643188,2.087397336959839,1.933501124382019,1.8520158529281616,1.5044246912002563,1.3029731512069702,1.03982412815094,0.6703323125839233,0.39838874340057373,0.0,0.38123440742492676,0.6823025345802307,1.0122231245040894,1.368665337562561,1.7301255464553833,2.034329652786255,2.2712039947509766,2.0931432247161865,2.0031485557556152,1.6187732219696045,1.4677166938781738,1.0835697650909424,1.071344256401062,0.719550371170044,0.9311311841011047,0.7948363423347473,1.1797840595245361,1.2592272758483887,1.6490671634674072,1.9300400018692017,2.231919050216675,2.4954373836517334,2.2925779819488525,2.166459560394287,1.9825103282928467,1.7718693017959595,1.4410665035247803,1.4498323202133179,1.0898443460464478,1.2426376342773438,1.0420053005218506,1.3736754655838013,1.4119690656661987,1.7888180017471313,2.0367271900177,2.2924644947052,2.5249791145324707,2.7653961181640625,2.4293551445007324,2.2049014568328857,2.000108242034912,1.641672134399414,1.6496554613113403,1.2881689071655273,1.3623266220092773,1.0979973077774048,1.3629090785980225,1.2966680526733398,1.6709411144256592,1.8447850942611694,2.227649211883545,2.4237308502197266
B9,2.3267838954925537,2.0761401653289795,1.904120922088623,1.5349524021148682,1.5725183486938477,1.2590545415878296,0.8958379626274109,0.814078688621521,0.49726393818855286,0.7361509799957275,0.7170284986495972,1.1035081148147583,1.3529260158538818,1.6934300661087036,1.9012079238891602,2.076479196548462,2.0555520057678223,1.7459397315979004,1.5435287952423096,1.3467143774032593,0.9988874197006226,0.6482039093971252,0.38123440742492676,0.0,0.3917476534843445,0.6626205444335938,1.048674464225769,1.4002890586853027,1.7322911024093628,1.9783445596694946,2.1877543926239014,2.1208407878875732,1.732244610786438,1.6135519742965698,1.2251808643341064,1.090338945388794,0.7112405300140381,0.7496461272239685,0.5033663511276245,0.8538243174552917,0.9009785652160645,1.290352463722229,1.5878535509109497,1.895247220993042,2.1852705478668213,2.3142549991607666,2.20870304107666,1.990434169769287,1.8290237188339233,1.4734678268432617,1.39634108543396,1.0279220342636108,1.059558629989624,0.7729016542434692,1.0476731061935425,1.0396206378936768,1.4154855012893677,1.6641137599945068,1.9326978921890259,2.180405378341675,2.753490447998047,2.452111005783081,2.2091355323791504,2.0421037673950195,1.6629784107208252,1.6128469705581665,1.243987798690796,1.2293627262115479,0.9115517735481262,1.1011422872543335,0.9777756929397583,1.3307688236236572,1.4769330024719238,1.8583314418792725,2.0439612865448
B10,2.620062828063965,2.3956241607666016,2.193480968475342,1.8415236473083496,1.8255857229232788,1.4901553392410278,1.151958703994751,0.9403548240661621,0.5617730021476746,0.567527711391449,0.43026748299598694,0.7923707365989685,1.0515066385269165,1.4095796346664429,1.6553553342819214,2.325314521789551,2.345245599746704,2.043168067932129,1.8837313652038574,1.680614948272705,1.3335546255111694,1.0084435939788818,0.6823025345802307,0.3917476534843445,0.0,0.387001633644104,0.7386314868927002,1.1238185167312622,1.4690364599227905,1.768034815788269,2.4356026649475098,2.415907382965088,2.0306124687194824,1.9573438167572021,1.567824125289917,1.4171850681304932,1.030915379524231,0.9946013689041138,0.6329224109649658,0.8534696102142334,0.7262279391288757,1.1066786050796509,1.344644546508789,1.688671350479126,1.9972132444381714,2.583890438079834,2.5194578170776367,2.3095736503601074,2.182830572128296,1.8314735889434814,1.7299131155014038,1.3724271059036255,1.3284852504730225,0.9776601195335388,1.1327108144760132,0.9803445339202881,1.3238897323608398,1.5127002000808716,1.8244216442108154,2.0558290481567383,3.043673038482666,2.767889976501465,2.5358669757843018,2.397319793701172,2.019778251647949,1.9533253908157349,1.590039849281311,1.5204929113388062,1.164984107017517,1.24122953414917,0.9966376423835754,1.2685030698776245,1.3180092573165894,1.7075726985931396,1.8593028783798218
B11,2.875035047531128,2.665696620941162,2.4905078411102295,2.1391468048095703,2.1587119102478027,1.8399980068206787,1.4870010614395142,1.2936238050460815,0.9141108989715576,0.847527027130127,0.5448352694511414,0.7642916440963745,0.8827019333839417,1.2740554809570312,1.4636712074279785,2.4176692962646484,2.494356870651245,2.23470401763916,2.087541341781616,1.943285346031189,1.62274968624115,1.2705514430999756,1.0122231245040894,0.6626205444335938,0.387001633644104,0.0,0.4127763509750366,0.7650378346443176,1.1346123218536377,1.4314415454864502,2.4824352264404297,2.4924302101135254,2.1197211742401123,2.0885777473449707,1.7162840366363525,1.4956185817718506,1.143555760383606,0.980186402797699,0.5961815118789673,0.6163861751556396,0.36327844858169556,0.7252691984176636,0.9678893685340881,1.3125969171524048,1.6397995948791504,2.5728864669799805,2.542325019836426,2.323373556137085,2.2548282146453857,1.9114303588867188,1.764266014099121,1.4455771446228027,1.3163241147994995,0.954483151435852,0.9686670303344727,0.7205025553703308,1.0003048181533813,1.140345811843872,1.4586693048477173,1.6828070878982544,3.006793975830078,2.7740235328674316,2.5464746952056885,2.4574475288391113,2.087620496749878,1.9981404542922974,1.664629340171814,1.5523993968963623,1.2175371646881104,1.2083836793899536,0.9263578653335571,1.1065354347229004,1.0632632970809937,1.430686116218567,1.5285416841506958
B12,3.127270221710205,2.9541163444519043,2.772984743118286,2.442082643508911,2.4486544132232666,2.138871431350708,1.7987573146820068,1.5661870241165161,1.2018988132476807,1.020254373550415,0.6557179093360901,0.6345532536506653,0.5806124806404114,0.9697526097297668,1.133597493171692,2.5713770389556885,2.70162034034729,2.4712343215942383,2.3724467754364014,2.2514984607696533,1.9535402059555054,1.6168311834335327,1.368665337562561,1.048674464225769,0.7386314868927002,0.4127763509750366,0.0,0.397248238325119,0.7518112659454346,1.0926105976104736,2.621896266937256,2.6869354248046875,2.3325915336608887,2.3594510555267334,2.0012824535369873,1.7751506567001343,1.4436430931091309,1.2593941688537598,0.8956537246704102,0.7743158340454102,0.41605669260025024,0.5721214413642883,0.6492012143135071,1.0133837461471558,1.3279346227645874,2.7294371128082275,2.7543325424194336,2.5615041255950928,2.5414137840270996,2.2216274738311768,2.0785951614379883,1.7920384407043457,1.6449573040008545,1.3038347959518433,1.2269583940505981,0.9084324240684509,1.0403319597244263,1.0241163969039917,1.3404284715652466,1.4904218912124634,3.187253713607788,2.991711139678955,2.794623613357544,2.749746322631836,2.3996427059173584,2.324225425720215,2.015803098678589,1.9048209190368652,1.5931241512298584,1.5426784753799438,1.2402945756912231,1.316308856010437,1.1425303220748901,1.4535315036773682,1.4466952085494995
B13,3.4038009643554688,3.2484614849090576,3.088578224182129,2.7642178535461426,2.794726610183716,2.5002903938293457,2.1547939777374268,1.9383690357208252,1.5802326202392578,1.3952337503433228,1.0263978242874146,0.9142348766326904,0.6836103796958923,0.9907424449920654,1.0314054489135742,2.7234902381896973,2.901183605194092,2.7119317054748535,2.630783796310425,2.5541882514953613,2.2808825969696045,1.9391179084777832,1.7301255464553833,1.4002890586853027,1.1238185167312622,0.7650378346443176,0.397248238325119,0.0,0.40839093923568726,0.7488824129104614,2.7342236042022705,2.8305225372314453,2.5011720657348633,2.5672855377197266,2.236034393310547,1.9770387411117554,1.6918857097625732,1.453059196472168,1.144201397895813,0.896178126335144,0.5783485770225525,0.4268273115158081,0.27201488614082336,0.6352404356002808,0.9590137600898743,2.7967987060546875,2.8602166175842285,2.67437744140625,2.7076992988586426,2.4106152057647705,2.247899055480957,2.007782220840454,1.8208122253417969,1.514302134513855,1.343855619430542,1.0073589086532593,0.9797689914703369,0.8097242712974548,1.0864073038101196,1.1678916215896606,3.2285189628601074,3.0802648067474365,2.9008541107177734,2.903904438018799,2.5754153728485107,2.494124174118042,2.2236504554748535,2.098628520965576,1.8265925645828247,1.7328566312789917,1.445771336555481,1.4349894523620605,1.1767385005950928,1.398654818534851,1.2849164009094238
