,A1,A2,A3,A4,A5,A6,A7,A8,A9,A10,A11,A12,A13,A14,A15,B1,B2,B3,B4,B5,B6,B7,B8,B9,B10,B11,B12,B13,B14,B15,C1,C2,C3,C4,C5,C6,C7,C8,C9,C10,C11,C12,C13,C14,C15,D1,D2,D3,D4,D5,D6,D7,D8,D9,D10,D11,D12,D13,D14,D15,E1,E2,E3,E4,E5,E6,E7,E8,E9,E10,E11,E12,E13,E14,E15
A1,0.0,0.3898053467273712,0.6292293071746826,0.9247874021530151,1.215881586074829,1.5097962617874146,1.8289313316345215,2.0867373943328857,2.401604413986206,2.7108097076416016,2.8676586151123047,3.225025177001953,3.479825496673584,3.359215021133423,3.668667793273926,1.3863431215286255,1.2030750513076782,1.2142562866210938,1.4295628070831299,1.5057330131530762,1.7983288764953613,1.9932035207748413,2.342212438583374,2.5306243896484375,2.9154789447784424,3.0829358100891113,3.406316041946411,3.7135536670684814,3.6832056045532227,3.9934473037719727,2.3325912952423096,2.060887575149536,2.056858777999878,2.076535224914551,2.104027032852173,2.2594714164733887,2.4018125534057617,2.7018017768859863,2.813349962234497,3.203217029571533,3.3528497219085693,3.6328532695770264,3.9662015438079834,3.968524217605591,4.2904744148254395,3.2285845279693604,2.9228549003601074,2.904329299926758,2.7931973934173584,2.81418514251709,2.8556299209594727,2.9784345626831055,3.1907167434692383,3.243079423904419,3.6145360469818115,3.771984100341797,4.029369831085205,4.374293327331543,4.429619789123535,4.77849006652832,4.27072286605835,3.9306161403656006,3.965073585510254,3.7206664085388184,3.810366630554199,3.690110445022583,3.8835864067077637,3.8910751342773438,4.166665077209473,4.193198204040527,4.542904376983643,4.503798007965088,4.852860450744629,5.018239498138428,5.242591857910156
A2,0.3898053467273712,0.0,0.3944973647594452,0.6014476418495178,0.927499532699585,1.2008311748504639,1.516206979751587,1.8024488687515259,2.089879035949707,2.418187141418457,2.5572986602783203,2.9069626331329346,3.1697123050689697,3.0436134338378906,3.346719264984131,1.3241658210754395,1.1126008033752441,1.2043981552124023,1.330159068107605,1.4266924858093262,1.6533759832382202,1.837029218673706,2.1684701442718506,2.3082075119018555,2.698387622833252,2.844517469406128,3.1465227603912354,3.4622256755828857,3.4337639808654785,3.735140085220337,2.3401386737823486,2.0614216327667236,2.1025609970092773,2.0659329891204834,2.1106715202331543,2.204704999923706,2.3338451385498047,2.5996782779693604,2.6622793674468994,3.0436465740203857,3.168917417526245,3.4211294651031494,3.75962233543396,3.7627360820770264,4.074363708496094,3.259157657623291,2.9512321949005127,2.9635262489318848,2.8162639141082764,2.8536322116851807,2.8493807315826416,2.964749574661255,3.1357667446136475,3.148151159286499,3.5034236907958984,3.6365785598754883,3.8670804500579834,4.218021869659424,4.26754093170166,4.606729984283447,4.317126274108887,3.9780092239379883,4.030670166015625,3.7637479305267334,3.8651576042175293,3.7148892879486084,3.906608819961548,3.875615358352661,4.140819549560547,4.134592056274414,4.468688011169434,4.398515701293945,4.737037181854248,4.892499923706055,5.095441818237305
A3,0.6292293071746826,0.3944973647594452,0.0,0.3850269615650177,0.5911120176315308,0.9166703224182129,1.2081793546676636,1.4811573028564453,1.7914339303970337,2.110189437866211,2.2882847785949707,2.636906385421753,2.914034366607666,2.8263161182403564,3.1567466259002686,1.3869818449020386,1.0792831182479858,1.0932393074035645,1.1255360841751099,1.137870192527771,1.3435653448104858,1.4806784391403198,1.8268910646438599,1.9699736833572388,2.3610990047454834,2.5362915992736816,2.840925455093384,3.169459819793701,3.1723318099975586,3.494969129562378,2.2857818603515625,1.9623315334320068,1.964766263961792,1.8650307655334473,1.859830379486084,1.9143131971359253,2.0012319087982178,2.2699906826019287,2.319719076156616,2.7006447315216064,2.8467960357666016,3.098778009414673,3.448631763458252,3.47929048538208,3.807607650756836,3.1487972736358643,2.8152828216552734,2.802560806274414,2.6131412982940674,2.6169815063476562,2.576249599456787,2.657564878463745,2.8220887184143066,2.8127996921539307,3.162029981613159,3.3082785606384277,3.5321967601776123,3.8908746242523193,3.9622185230255127,4.3105902671813965,4.166223526000977,3.814661741256714,3.8465371131896973,3.5558159351348877,3.633538246154785,3.4564619064331055,3.6242499351501465,3.5774447917938232,3.8238604068756104,3.8036153316497803,4.133532524108887,4.063119411468506,4.39621114730835,4.5652031898498535,4.764188289642334
A4,0.9247874021530151,0.6014476418495178,0.3850269615650177,0.0,0.39630812406539917,0.6011340022087097,0.9387210607528687,1.2086042165756226,1.494868516921997,1.8183780908584595,1.9585886001586914,2.30961275100708,2.575387954711914,2.4666759967803955,2.7867112159729004,1.2530690431594849,0.9448018074035645,1.0519979000091553,0.9901494979858398,1.0679900646209717,1.1821324825286865,1.3434598445892334,1.6422170400619507,1.7380330562591553,2.128018617630005,2.2616095542907715,2.5523195266723633,2.874265193939209,2.8592123985290527,3.1664538383483887,2.1651651859283447,1.854583740234375,1.9172989130020142,1.7797505855560303,1.8219637870788574,1.8217110633850098,1.9244409799575806,2.1401610374450684,2.1485209465026855,2.5163979530334473,2.620750665664673,2.8505067825317383,3.1932568550109863,3.2059664726257324,3.516852617263794,3.040710210800171,2.718625545501709,2.749418258666992,2.540656328201294,2.5820491313934326,2.5090627670288086,2.6057279109954834,2.721019983291626,2.685487747192383,3.018367052078247,3.126680374145508,3.330613136291504,3.685507297515869,3.734891414642334,4.067873477935791,4.072840690612793,3.7309136390686035,3.7916274070739746,3.4899189472198486,3.593345880508423,3.399087429046631,3.5794012546539307,3.498347520828247,3.7452783584594727,3.6999833583831787,4.013461112976074,3.911301612854004,4.237156867980957,4.383593559265137,4.566254615783691
A5,1.215881586074829,0.927499532699585,0.5911120176315308,0.39630812406539917,0.0,0.38200274109840393,0.6196919083595276,0.9053617119789124,1.2062666416168213,1.5327807664871216,1.7280192375183105,2.066493511199951,2.3619165420532227,2.3080039024353027,2.656961679458618,1.539901614189148,1.1875948905944824,1.214859127998352,1.0425549745559692,0.9954959154129028,1.0279191732406616,1.0817112922668457,1.3874598741531372,1.4554630517959595,1.846853256225586,2.017092704772949,2.295902967453003,2.642080307006836,2.6752398014068604,3.004661798477173,2.309979200363159,1.9672867059707642,1.9886319637298584,1.7806943655014038,1.758337378501892,1.6914818286895752,1.7199772596359253,1.9245952367782593,1.8926838636398315,2.25134539604187,2.3788716793060303,2.5930891036987305,2.9542603492736816,3.0082130432128906,3.3357677459716797,3.1079084873199463,2.765037775039673,2.768758535385132,2.5136830806732178,2.5128846168518066,2.389087438583374,2.4333138465881348,2.530629873275757,2.4528543949127197,2.767812490463257,2.8888707160949707,3.0717499256134033,3.4389731884002686,3.518610954284668,3.859565496444702,4.082618713378906,3.730698347091675,3.7674403190612793,3.4404170513153076,3.513493537902832,3.2857863903045654,3.4311726093292236,3.3259267807006836,3.5419199466705322,3.471470594406128,3.7738535404205322,3.6655080318450928,3.9788291454315186,4.142782211303711,4.312821865081787
A6,1.5097962617874146,1.2008311748504639,0.9166703224182129,0.6011340022087097,0.38200274109840393,0.0,0.38845860958099365,0.6169186234474182,0.8973748683929443,1.2181164026260376,1.3732810020446777,1.72133207321167,2.000920057296753,1.9306089878082275,2.2769854068756104,1.5051755905151367,1.1750845909118652,1.2561208009719849,0.9964528679847717,1.0035879611968994,0.9076895117759705,0.9779645800590515,1.1974444389343262,1.202808141708374,1.5864182710647583,1.7073404788970947,1.974178671836853,2.311307907104492,2.326660633087158,2.643876075744629,2.204472780227661,1.8809490203857422,1.9519952535629272,1.70771324634552,1.7293323278427124,1.6027926206588745,1.6459989547729492,1.7806190252304077,1.7018758058547974,2.0388431549072266,2.1176459789276123,2.308502197265625,2.659780263900757,2.694852352142334,3.0057387351989746,2.9807775020599365,2.652740001678467,2.695729970932007,2.4232540130615234,2.457933187484741,2.3018908500671387,2.360935688018799,2.402676820755005,2.2986698150634766,2.5915143489837646,2.669785976409912,2.8317816257476807,3.1920089721679688,3.2479355335235596,3.572679042816162,3.9500484466552734,3.61024808883667,3.6729419231414795,3.3375024795532227,3.434041738510132,3.191110372543335,3.347231149673462,3.207990884780884,3.4228312969207764,3.32812237739563,3.611285924911499,3.471423864364624,3.7764599323272705,3.9155666828155518,4.070070743560791
A7,1.8289313316345215,1.516206979751587,1.2081793546676636,0.9387210607528687,0.6196919083595276,0.38845860958099365,0.0,0.39267176389694214,0.6029794812202454,0.9593335390090942,1.1651126146316528,1.4771316051483154,1.8007937669754028,1.791558861732483,2.154327392578125,1.8809466361999512,1.550351858139038,1.6029726266860962,1.3053332567214966,1.2365235090255737,1.058653712272644,0.9892212748527527,1.1530576944351196,1.060492753982544,1.4221129417419434,1.559145450592041,1.778407096862793,2.1446876525878906,2.215131998062134,2.5399727821350098,2.502652168273926,2.1731934547424316,2.223855495452881,1.9353859424591064,1.9113858938217163,1.7202587127685547,1.6836488246917725,1.7761917114257812,1.6245570182800293,1.9238958358764648,2.0057594776153564,2.148930072784424,2.5161523818969727,2.5948917865753174,2.908140182495117,3.211577892303467,2.8780696392059326,2.9078640937805176,2.6016345024108887,2.60566782951355,2.4003398418426514,2.406311511993408,2.4122860431671143,2.2500486373901367,2.503170967102051,2.577610492706299,2.6951284408569336,3.0648770332336426,3.147212505340576,3.4682509899139404,4.124148368835449,3.783092975616455,3.831016778945923,3.4763524532318115,3.54901123046875,3.2747201919555664,3.395385265350342,3.224198341369629,3.400472402572632,3.269321918487549,3.5284831523895264,3.3694305419921875,3.6508915424346924,3.800629138946533,3.928323268890381
A8,2.0867373943328857,1.8024488687515259,1.4811573028564453,1.2086042165756226,0.9053617119789124,0.6169186234474182,0.39267176389694214,0.0,0.3784923553466797,0.6327633261680603,0.8798086047172546,1.2088916301727295,1.5097733736038208,1.533806562423706,1.9204109907150269,1.9370942115783691,1.6092584133148193,1.6277755498886108,1.2709635496139526,1.1782525777816772,0.8955586552619934,0.7786584496498108,0.8288173079490662,0.6783686876296997,1.0341508388519287,1.1706781387329102,1.4076896905899048,1.771723747253418,1.8534663915634155,2.1956050395965576,2.3797974586486816,2.0542798042297363,2.0998497009277344,1.7700611352920532,1.7414084672927856,1.4899156093597412,1.4343032836914062,1.4617692232131958,1.2703468799591064,1.5499390363693237,1.615531086921692,1.7583720684051514,2.125296115875244,2.2089948654174805,2.5306856632232666,2.9986109733581543,2.6687421798706055,2.701979398727417,2.371950387954712,2.3774142265319824,2.136296272277832,2.133347272872925,2.0948715209960938,1.9087226390838623,2.142730236053467,2.1976985931396484,2.3082878589630127,2.6755404472351074,2.755131244659424,3.0763328075408936,3.8565673828125,3.521049976348877,3.569580316543579,3.2046585083007812,3.276895046234131,2.9854443073272705,3.0997231006622314,2.902970552444458,3.069960355758667,2.9222967624664307,3.168767213821411,2.995699405670166,3.2739295959472656,3.414825201034546,3.54042649269104
A9,2.401604413986206,2.089879035949707,1.7914339303970337,1.494868516921997,1.2062666416168213,0.8973748683929443,0.6029794812202454,0.3784923553466797,0.0,0.3872661292552948,0.5988467931747437,0.8834426999092102,1.222117304801941,1.2749971151351929,1.6554265022277832,2.2078428268432617,1.911649227142334,1.9695202112197876,1.6096984148025513,1.5449639558792114,1.2388836145401,1.107832431793213,1.060063123703003,0.782861053943634,1.0359618663787842,1.0935146808624268,1.2334320545196533,1.6064459085464478,1.7091161012649536,2.024698495864868,2.6393189430236816,2.340329647064209,2.415178060531616,2.077993869781494,2.066321849822998,1.7846623659133911,1.7118076086044312,1.6715443134307861,1.41121244430542,1.6138854026794434,1.6201473474502563,1.678436517715454,2.034869909286499,2.1270089149475098,2.417388916015625,3.2296934127807617,2.9191250801086426,2.976572036743164,2.638951301574707,2.657863140106201,2.3908345699310303,2.375216484069824,2.284569263458252,2.053558826446533,2.2303402423858643,2.239257335662842,2.288067102432251,2.6459152698516846,2.7170846462249756,3.0098557472229004,4.059213638305664,3.7382490634918213,3.800968647003174,3.4314136505126953,3.509997844696045,3.2029943466186523,3.3063106536865234,3.075639486312866,3.2167117595672607,3.0322628021240234,3.241940498352051,3.0316529273986816,3.2793750762939453,3.4019970893859863,3.4892587661743164
A10,2.7108097076416016,2.418187141418457,2.110189437866211,1.8183780908584595,1.5327807664871216,1.2181164026260376,0.9593335390090942,0.6327633261680603,0.3872661292552948,0.0,0.37828269600868225,0.6235554814338684,0.9339386820793152,1.0662661790847778,1.464499831199646,2.3926117420196533,2.107948064804077,2.1393885612487793,1.7552785873413086,1.6752675771713257,1.3205230236053467,1.1597834825515747,0.9813065528869629,0.621157705783844,0.7399318218231201,0.7481565475463867,0.8504639267921448,1.231252670288086,1.3706130981445312,1.7004187107086182,2.662651777267456,2.379225730895996,2.4475815296173096,2.085880756378174,2.0682568550109863,1.7410255670547485,1.643837571144104,1.5202014446258545,1.205427885055542,1.3327431678771973,1.2951717376708984,1.3094813823699951,1.6614705324172974,1.770644187927246,2.061678409576416,3.145965576171875,2.8481149673461914,2.9085581302642822,2.5542986392974854,2.572117805480957,2.271315813064575,2.238628625869751,2.091205358505249,1.8250954151153564,1.9521104097366333,1.9245041608810425,1.9390774965286255,2.288843870162964,2.358476161956787,2.6423959732055664,3.898470640182495,3.589285373687744,3.6515486240386963,3.2754697799682617,3.3499915599823,3.0259501934051514,3.114347457885742,2.852344274520874,2.9709413051605225,2.7599687576293945,2.9417619705200195,2.70788836479187,2.9394218921661377,3.048973798751831,3.1214911937713623
A11,2.8676586151123047,2.5572986602783203,2.2882847785949707,1.9585886001586914,1.7280192375183105,1.3732810020446777,1.1651126146316528,0.8798086047172546,0.5988467931747437,0.37828269600868225,0.0,0.37503722310066223,0.6372798681259155,0.6994771957397461,1.0944191217422485,2.4073681831359863,2.172559976577759,2.2588512897491455,1.8828330039978027,1.8747042417526245,1.5185647010803223,1.43561851978302,1.2310847043991089,0.8877521753311157,0.9414799809455872,0.7837038636207581,0.8031623363494873,1.1204136610031128,1.183984637260437,1.4593288898468018,2.6659204959869385,2.4266295433044434,2.5505881309509277,2.207303285598755,2.2508511543273926,1.931907296180725,1.8911224603652954,1.7320606708526611,1.4243109226226807,1.5114221572875977,1.3806649446487427,1.3437689542770386,1.640464425086975,1.6840834617614746,1.918523907661438,3.1528420448303223,2.8884713649749756,2.9976658821105957,2.6613717079162598,2.7301406860351562,2.4397342205047607,2.449190855026245,2.2707393169403076,2.0165858268737793,2.1205382347106934,2.0302364826202393,2.0202839374542236,2.3364920616149902,2.3492887020111084,2.5924503803253174,3.9175851345062256,3.6311709880828857,3.731157064437866,3.367025136947632,3.4784364700317383,3.1648776531219482,3.2800960540771484,3.0056164264678955,3.1365303993225098,2.919644594192505,3.0801339149475098,2.8177971839904785,3.036952018737793,3.1014089584350586,3.1542563438415527
A12,3.225025177001953,2.9069626331329346,2.636906385421753,2.30961275100708,2.066493511199951,1.72133207321167,1.4771316051483154,1.2088916301727295,0.8834426999092102,0.6235554814338684,0.37503722310066223,0.0,0.3893979787826538,0.614582359790802,0.9584453701972961,2.7712926864624023,2.54524564743042,2.63212251663208,2.253910779953003,2.233379602432251,1.8702877759933472,1.7546064853668213,1.5213195085525513,1.1542259454727173,1.1018191576004028,0.8999769687652588,0.7426722645759583,1.0170316696166992,1.1337153911590576,1.3555190563201904,2.993583917617798,2.7682390213012695,2.891212224960327,2.5410654544830322,2.5739948749542236,2.2368721961975098,2.1662039756774902,1.9696712493896484,1.6284005641937256,1.6337283849716187,1.4651260375976562,1.3252300024032593,1.5817474126815796,1.6501859426498413,1.8380897045135498,3.4238646030426025,3.1742770671844482,3.286353349685669,2.943458080291748,3.0053062438964844,2.6943087577819824,2.6785290241241455,2.4637253284454346,2.1756093502044678,2.215717077255249,2.0899791717529297,2.009046792984009,2.300367593765259,2.313699960708618,2.518906831741333,4.127735137939453,3.855736494064331,3.9556288719177246,3.5894570350646973,3.6928038597106934,3.365957498550415,3.458346128463745,3.15736722946167,3.2525925636291504,3.003004550933838,3.1205050945281982,2.829263925552368,3.007206916809082,3.0558688640594482,3.0644447803497314
A13,3.479825496673584,3.1697123050689697,2.914034366607666,2.575387954711914,2.3619165420532227,2.000920057296753,1.8007937669754028,1.5097733736038208,1.222117304801941,0.9339386820793152,0.6372798681259155,0.3893979787826538,0.0,0.3910429775714874,0.6752046942710876,2.884115219116211,2.694485902786255,2.790158271789551,2.4147698879241943,2.4243345260620117,2.0532524585723877,1.973976492881775,1.6933470964431763,1.3493856191635132,1.221085786819458,0.9182448387145996,0.6827565431594849,0.8033021092414856,0.8490903377532959,0.9997803568840027,2.9943299293518066,2.8103322982788086,2.9573562145233154,2.616770029067993,2.682382822036743,2.3423008918762207,2.301281213760376,2.0564932823181152,1.7242026329040527,1.6707841157913208,1.4234880208969116,1.2327978610992432,1.4046019315719604,1.4121366739273071,1.5358949899673462,3.3501760959625244,3.1358747482299805,3.277790069580078,2.9474241733551025,3.0409975051879883,2.730715036392212,2.7384469509124756,2.4839019775390625,2.204732656478882,2.2061729431152344,2.0190558433532715,1.9106234312057495,2.154334783554077,2.1132969856262207,2.27343487739563,4.00332498550415,3.758246660232544,3.882296562194824,3.528313636779785,3.654238224029541,3.3340742588043213,3.4384965896606445,3.1213533878326416,3.2161545753479004,2.959075450897217,3.0468931198120117,2.731241226196289,2.8915324211120605,2.893617630004883,2.884554147720337
A14,3.359215021133423,3.0436134338378906,2.8263161182403564,2.4666759967803955,2.3080039024353027,1.9306089878082275,1.791558861732483,1.533806562423706,1.2749971151351929,1.0662661790847778,0.6994771957397461,0.614582359790802,0.3910429775714874,0.0,0.4042556583881378,2.665520191192627,2.5194883346557617,2.661051034927368,2.307762861251831,2.3800010681152344,2.0285680294036865,2.0219712257385254,1.767720103263855,1.4608502388000488,1.4027985334396362,1.0814636945724487,0.9548787474632263,1.0342766046524048,0.9270591735839844,1.0154825448989868,2.8085975646972656,2.657881498336792,2.8520493507385254,2.5424492359161377,2.6627421379089355,2.354238748550415,2.375999927520752,2.1519675254821777,1.861315131187439,1.8592058420181274,1.5989856719970703,1.4708576202392578,1.6210274696350098,1.5419179201126099,1.6332697868347168,3.22043776512146,3.0278656482696533,3.2090063095092773,2.9066879749298096,3.046144723892212,2.7687904834747314,2.8290867805480957,2.592021942138672,2.356234550476074,2.3993732929229736,2.205700397491455,2.1435256004333496,2.3753507137298584,2.286574602127075,2.435776710510254,3.9382553100585938,3.703723430633545,3.8613243103027344,3.5240988731384277,3.687610626220703,3.3923110961914062,3.5376906394958496,3.239332675933838,3.374370574951172,3.1450209617614746,3.2538185119628906,2.9466867446899414,3.129753828048706,3.109553575515747,3.121110200881958
A15,3.668667793273926,3.346719264984131,3.1567466259002686,2.7867112159729004,2.656961679458618,2.2769854068756104,2.154327392578125,1.9204109907150269,1.6554265022277832,1.464499831199646,1.0944191217422485,0.9584453701972961,0.6752046942710876,0.4042556583881378,0.0,2.9039058685302734,2.800523519515991,2.9714131355285645,2.6354634761810303,2.739189386367798,2.397249698638916,2.4137508869171143,2.15694260597229,1.8596010208129883,1.7826082706451416,1.4405031204223633,1.273410439491272,1.2538156509399414,1.0857608318328857,1.0173300504684448,3.024723768234253,2.9170448780059814,3.141981601715088,2.853900194168091,3.0034987926483154,2.7057626247406006,2.7483420372009277,2.5107760429382324,2.2291481494903564,2.1996099948883057,1.9067927598953247,1.7440948486328125,1.8212515115737915,1.6923210620880127,1.687738299369812,3.4106125831604004,3.255692481994629,3.468534469604492,3.1872551441192627,3.3549792766571045,3.088165760040283,3.1668496131896973,2.912951707839966,2.6862101554870605,2.703970432281494,2.4744150638580322,2.3855082988739014,2.570932149887085,2.4377686977386475,2.527191400527954,4.103964328765869,3.8983397483825684,4.083224773406982,3.763190746307373,3.9491376876831055,3.6656627655029297,3.822140693664551,3.5169854164123535,3.650223731994629,3.416297674179077,3.4981868267059326,3.173894166946411,3.332148551940918,3.2714552879333496,3.2552330493927
B1,1.3863431215286255,1.3241658210754395,1.3869818449020386,1.2530690431594849,1.539901614189148,1.5051755905151367,1.8809466361999512,1.9370942115783691,2.2078428268432617,2.3926117420196533,2.4073681831359863,2.7712926864624023,2.884115219116211,2.665520191192627,2.9039058685302734,0.0,0.3985329270362854,0.7076644897460938,0.908272385597229,1.282438039779663,1.450793981552124,1.8249386548995972,1.994218111038208,2.1780567169189453,2.488456964492798,2.5133817195892334,2.846125364303589,3.0390193462371826,2.876873016357422,3.1139936447143555,1.1508517265319824,1.0206108093261719,1.2706108093261719,1.3575444221496582,1.6388654708862305,1.7815443277359009,2.095930576324463,2.2575244903564453,2.387305974960327,2.7296640872955322,2.750272274017334,3.035092830657959,3.2779388427734375,3.154731512069702,3.4062986373901367,2.147287130355835,1.9261053800582886,2.076240062713623,2.0196359157562256,2.2278387546539307,2.2918541431427,2.5577569007873535,2.6703734397888184,2.7691709995269775,3.120244264602661,3.1659913063049316,3.4371697902679443,3.717726945877075,3.6599678993225098,3.953894853591919,3.276860475540161,2.989795207977295,3.1417183876037598,2.9273569583892822,3.1418356895446777,3.0519518852233887,3.3423995971679688,3.3157684803009033,3.6493518352508545,3.678807497024536,4.002262115478516,3.9191861152648926,4.273538589477539,4.344386100769043,4.572561740875244
B2,1.2030750513076782,1.1126008033752441,1.0792831182479858,0.9448018074035645,1.1875948905944824,1.1750845909118652,1.550351858139038,1.6092584133148193,1.911649227142334,2.107948064804077,2.172559976577759,2.54524564743042,2.694485902786255,2.5194883346557617,2.800523519515991,0.3985329270362854,0.0,0.3950183093547821,0.5512329936027527,0.9085740447044373,1.0973072052001953,1.4579271078109741,1.664647102355957,1.8631010055541992,2.1955111026763916,2.2647976875305176,2.608842611312866,2.835531711578369,2.719092845916748,2.994196891784668,1.2575691938400269,1.0030467510223389,1.165297031402588,1.16274094581604,1.3785887956619263,1.495668649673462,1.774096131324768,1.9631980657577515,2.0855495929718018,2.446584463119507,2.5035312175750732,2.795161485671997,3.067979335784912,2.9873194694519043,3.2715351581573486,2.2001993656158447,1.9211300611495972,2.0152876377105713,1.8953509330749512,2.046649932861328,2.071739435195923,2.296386480331421,2.4203121662139893,2.4954614639282227,2.854138135910034,2.928067684173584,3.196720838546753,3.4998152256011963,3.4784576892852783,3.7945504188537598,3.2938759326934814,2.977802276611328,3.090005397796631,2.8391318321228027,3.013791561126709,2.888620615005493,3.147891044616699,3.1095595359802246,3.423856019973755,3.439459800720215,3.7682363986968994,3.6888370513916016,4.0425496101379395,4.140714645385742,4.366525173187256
B3,1.2142562866210938,1.2043981552124023,1.0932393074035645,1.0519979000091553,1.214859127998352,1.2561208009719849,1.6029726266860962,1.6277755498886108,1.9695202112197876,2.1393885612487793,2.2588512897491455,2.63212251663208,2.790158271789551,2.661051034927368,2.9714131355285645,0.7076644897460938,0.3950183093547821,0.0,0.3954841196537018,0.6549581289291382,0.9421294927597046,1.2905315160751343,1.5290215015411377,1.792869210243225,2.117812156677246,2.240344524383545,2.6078503131866455,2.8384134769439697,2.7541561126708984,3.0592288970947266,1.2135074138641357,0.8808959722518921,0.9071130752563477,0.9028638005256653,1.0550167560577393,1.230181097984314,1.505968451499939,1.744696021080017,1.921074390411377,2.294694185256958,2.401275873184204,2.725092649459839,3.003922700881958,2.9514238834381104,3.2643485069274902,2.066845178604126,1.747996211051941,1.771471619606018,1.64066481590271,1.7407140731811523,1.7859891653060913,1.9973045587539673,2.1670849323272705,2.2726078033447266,2.6495914459228516,2.7647647857666016,3.0595107078552246,3.3648574352264404,3.3720285892486572,3.709230899810791,3.113358497619629,2.7761473655700684,2.8458945751190186,2.5886895656585693,2.7289786338806152,2.60703444480896,2.8509788513183594,2.8392794132232666,3.1527788639068604,3.19162654876709,3.5369551181793213,3.4905951023101807,3.852912187576294,3.975384473800659,4.221054553985596
B4,1.4295628070831299,1.330159068107605,1.1255360841751099,0.9901494979858398,1.0425549745559692,0.9964528679847717,1.3053332567214966,1.2709635496139526,1.6096984148025513,1.7552785873413086,1.8828330039978027,2.253910779953003,2.4147698879241943,2.307762861251831,2.6354634761810303,0.908272385597229,0.5512329936027527,0.3954841196537018,0.0,0.3919450640678406,0.5695918202400208,0.9396594762802124,1.1512819528579712,1.400771141052246,1.7272669076919556,1.8499538898468018,2.2164297103881836,2.4569530487060547,2.390831708908081,2.7096714973449707,1.2946943044662476,0.9308257102966309,0.9671463966369629,0.7972531914710999,0.9235143065452576,0.9770268201828003,1.227952241897583,1.4294449090957642,1.5629100799560547,1.9359896183013916,2.0343527793884277,2.3470098972320557,2.6374218463897705,2.6006813049316406,2.922260284423828,2.07527494430542,1.738106608390808,1.769595742225647,1.5608552694320679,1.6483688354492188,1.6106433868408203,1.7925490140914917,1.9137437343597412,1.9705173969268799,2.3347928524017334,2.4364235401153564,2.7114369869232178,3.0280251502990723,3.0432167053222656,3.382530689239502,3.0841078758239746,2.7409346103668213,2.8093276023864746,2.5136759281158447,2.6449708938598633,2.4737775325775146,2.6983144283294678,2.638557195663452,2.931635856628418,2.9327096939086914,3.2637715339660645,3.1906588077545166,3.5442142486572266,3.6667418479919434,3.8957128524780273
B5,1.5057330131530762,1.4266924858093262,1.137870192527771,1.0679900646209717,0.9954959154129028,1.0035879611968994,1.2365235090255737,1.1782525777816772,1.5449639558792114,1.6752675771713257,1.8747042417526245,2.233379602432251,2.4243345260620117,2.3800010681152344,2.739189386367798,1.282438039779663,0.9085740447044373,0.6549581289291382,0.3919450640678406,0.0,0.3838461637496948,0.658993124961853,0.9452775716781616,1.2448347806930542,1.5740267038345337,1.77120041847229,2.1433229446411133,2.409301280975342,2.4032535552978516,2.7552363872528076,1.554847240447998,1.1614152193069458,1.069709062576294,0.8230608105659485,0.7669978141784668,0.7800469398498535,0.939089834690094,1.2051678895950317,1.353550672531128,1.7431564331054688,1.9069691896438599,2.23142409324646,2.5458855628967285,2.56425142288208,2.9175446033477783,2.207655906677246,1.8383231163024902,1.7930517196655273,1.5354557037353516,1.527593970298767,1.4491039514541626,1.5587172508239746,1.7109472751617432,1.7505367994308472,2.1233582496643066,2.274252414703369,2.5522308349609375,2.886047124862671,2.949172258377075,3.31093430519104,3.1293599605560303,2.766716241836548,2.783026933670044,2.4633729457855225,2.537926197052002,2.3379580974578857,2.5163023471832275,2.4566032886505127,2.7224268913269043,2.7189786434173584,3.057992696762085,3.00449538230896,3.356379270553589,3.514395236968994,3.7468745708465576
B6,1.7983288764953613,1.6533759832382202,1.3435653448104858,1.1821324825286865,1.0279191732406616,0.9076895117759705,1.058653712272644,0.8955586552619934,1.2388836145401,1.3205230236053467,1.5185647010803223,1.8702877759933472,2.0532524585723877,2.0285680294036865,2.397249698638916,1.450793981552124,1.0973072052001953,0.9421294927597046,0.5695918202400208,0.3838461637496948,0.0,0.389550119638443,0.594082236289978,0.8728808760643005,1.2026844024658203,1.3893710374832153,1.759812831878662,2.030808925628662,2.037109136581421,2.3965625762939453,1.6468526124954224,1.2739887237548828,1.2353798151016235,0.9032154679298401,0.8630762100219727,0.6954709887504578,0.8024396896362305,0.970780611038208,1.0399699211120605,1.4239028692245483,1.561637043952942,1.8685039281845093,2.1912143230438232,2.2178351879119873,2.572486400604248,2.234680414199829,1.874030590057373,1.8614351749420166,1.5534573793411255,1.559218406677246,1.3951815366744995,1.478735327720642,1.5476022958755493,1.5208767652511597,1.8679139614105225,1.9860576391220093,2.235992193222046,2.5778720378875732,2.6383981704711914,2.9949846267700195,3.1175928115844727,2.7627265453338623,2.7933099269866943,2.4482879638671875,2.5285396575927734,2.2868642807006836,2.4519872665405273,2.3350844383239746,2.57920241355896,2.530111789703369,2.8453848361968994,2.753382682800293,3.0930612087249756,3.239934206008911,3.4508657455444336
B7,1.9932035207748413,1.837029218673706,1.4806784391403198,1.3434598445892334,1.0817112922668457,0.9779645800590515,0.9892212748527527,0.7786584496498108,1.107832431793213,1.1597834825515747,1.43561851978302,1.7546064853668213,1.973976492881775,2.0219712257385254,2.4137508869171143,1.8249386548995972,1.4579271078109741,1.2905315160751343,0.9396594762802124,0.658993124961853,0.389550119638443,0.0,0.38918617367744446,0.6652795672416687,0.9965617656707764,1.2674188613891602,1.6166917085647583,1.9233629703521729,2.0049521923065186,2.388378620147705,2.006035327911377,1.6316654682159424,1.5470929145812988,1.1907024383544922,1.042320966720581,0.7921352982521057,0.6961742639541626,0.8559215068817139,0.8475042581558228,1.2291854619979858,1.4266139268875122,1.71226966381073,2.066272020339966,2.1605889797210693,2.5367989540100098,2.504648447036743,2.1360294818878174,2.082247734069824,1.7389048337936401,1.6709754467010498,1.4433566331863403,1.4235379695892334,1.473503589630127,1.373123049736023,1.695742130279541,1.8476672172546387,2.0678486824035645,2.4321517944335938,2.5439696311950684,2.913133144378662,3.299046754837036,2.9383482933044434,2.932204008102417,2.5660786628723145,2.596289873123169,2.3164823055267334,2.4229652881622314,2.279191017150879,2.4732611179351807,2.390333652496338,2.6934168338775635,2.5985021591186523,2.9218509197235107,3.1003239154815674,3.2955362796783447
B8,2.342212438583374,2.1684701442718506,1.8268910646438599,1.6422170400619507,1.3874598741531372,1.1974444389343262,1.1530576944351196,0.8288173079490662,1.060063123703003,0.9813065528869629,1.2310847043991089,1.5213195085525513,1.6933470964431763,1.767720103263855,2.15694260597229,1.994218111038208,1.664647102355957,1.5290215015411377,1.1512819528579712,0.9452775716781616,0.594082236289978,0.38918617367744446,0.0,0.3799513578414917,0.6406676173210144,0.906930148601532,1.2692404985427856,1.5534805059432983,1.6426581144332886,2.032762050628662,2.0260536670684814,1.6859794855117798,1.6321840286254883,1.2438417673110962,1.1317964792251587,0.7864258885383606,0.6697272658348083,0.632969319820404,0.5094377398490906,0.8768250346183777,1.0415681600570679,1.3289326429367065,1.6784071922302246,1.774072527885437,2.153386116027832,2.420337438583374,2.0720176696777344,2.045987367630005,1.6768683195114136,1.6326773166656494,1.3454437255859375,1.3185460567474365,1.2671246528625488,1.1082342863082886,1.395400881767273,1.5020171403884888,1.7055342197418213,2.068260908126831,2.1688151359558105,2.532804250717163,3.1511619091033936,2.805178642272949,2.8141064643859863,2.43520188331604,2.4768269062042236,2.169969320297241,2.2719547748565674,2.077117919921875,2.256322145462036,2.1365175247192383,2.413987874984741,2.28344464302063,2.598910093307495,2.757216215133667,2.9402894973754883
B9,2.5306243896484375,2.3082075119018555,1.9699736833572388,1.7380330562591553,1.4554630517959595,1.202808141708374,1.060492753982544,0.6783686876296997,0.782861053943634,0.621157705783844,0.8877521753311157,1.1542259454727173,1.3493856191635132,1.4608502388000488,1.8596010208129883,2.1780567169189453,1.8631010055541992,1.792869210243225,1.400771141052246,1.2448347806930542,0.8728808760643005,0.6652795672416687,0.3799513578414917,0.0,0.3925173580646515,0.6386906504631042,0.9589476585388184,1.2915793657302856,1.4184883832931519,1.8069658279418945,2.2765307426452637,1.9615329504013062,1.9583512544631958,1.5739513635635376,1.501312494277954,1.151653528213501,1.0276527404785156,0.9082552194595337,0.629217803478241,0.8736869692802429,0.9552268981933594,1.145263910293579,1.518376111984253,1.6355057954788208,1.997721791267395,2.680140733718872,2.354400396347046,2.364130973815918,1.9945292472839355,1.973661184310913,1.6664522886276245,1.6237133741378784,1.5059007406234741,1.2729182243347168,1.4756872653961182,1.5201326608657837,1.6412510871887207,2.010674238204956,2.107210874557495,2.4478509426116943,3.397217035293579,3.067838430404663,3.0961496829986572,2.7142698764801025,2.7650959491729736,2.4424331188201904,2.5298516750335693,2.2937004566192627,2.4373977184295654,2.2669575214385986,2.499481201171875,2.3184385299682617,2.5998713970184326,2.7414727210998535,2.8799431324005127
B10,2.9154789447784424,2.698387622833252,2.3610990047454834,2.128018617630005,1.846853256225586,1.5864182710647583,1.4221129417419434,1.0341508388519287,1.0359618663787842,0.7399318218231201,0.9414799809455872,1.1018191576004028,1.221085786819458,1.4027985334396362,1.7826082706451416,2.488456964492798,2.1955111026763916,2.117812156677246,1.7272669076919556,1.5740267038345337,1.2026844024658203,0.9965617656707764,0.6406676173210144,0.3925173580646515,0.0,0.3807298243045807,0.672386109828949,0.9753888249397278,1.1646482944488525,1.5626386404037476,2.4499924182891846,2.164185047149658,2.1561803817749023,1.7647676467895508,1.6865156888961792,1.3075069189071655,1.1504076719284058,0.9083602428436279,0.5388463735580444,0.593121349811554,0.6172610521316528,0.7628452777862549,1.1454850435256958,1.3075480461120605,1.679376244544983,2.7234644889831543,2.4203784465789795,2.431546926498413,2.0507004261016846,2.023534059524536,1.6781495809555054,1.6017296314239502,1.3992537260055542,1.102644681930542,1.2135065793991089,1.2063637971878052,1.2760711908340454,1.645121455192566,1.752957820892334,2.0892250537872314,3.3321516513824463,3.020261287689209,3.044496536254883,2.6572508811950684,2.696955919265747,2.3521006107330322,2.410944938659668,2.1302759647369385,2.2339816093444824,2.0208516120910645,2.2124009132385254,1.9971861839294434,2.2564780712127686,2.387463092803955,2.506521224975586
B11,3.0829358100891113,2.844517469406128,2.5362915992736816,2.2616095542907715,2.017092704772949,1.7073404788970947,1.559145450592041,1.1706781387329102,1.0935146808624268,0.7481565475463867,0.7837038636207581,0.8999769687652588,0.9182448387145996,1.0814636945724487,1.4405031204223633,2.5133817195892334,2.2647976875305176,2.240344524383545,1.8499538898468018,1.77120041847229,1.3893710374832153,1.2674188613891602,0.906930148601532,0.6386906504631042,0.3807298243045807,0.0,0.3884846568107605,0.6591373682022095,0.7994171380996704,1.193727970123291,2.443039894104004,2.203922748565674,2.256960391998291,1.881852149963379,1.8766350746154785,1.5079149007797241,1.4277081489562988,1.1494413614273071,0.8154595494270325,0.7839069366455078,0.5975368022918701,0.6307882070541382,0.9651470184326172,1.053828239440918,1.3889800310134888,2.703587293624878,2.438633441925049,2.5069775581359863,2.1442792415618896,2.1799161434173584,1.8465015888214111,1.8248029947280884,1.5782116651535034,1.3009486198425293,1.3622496128082275,1.2483022212982178,1.2684563398361206,1.5955795049667358,1.6286964416503906,1.922133207321167,3.314290761947632,3.0292775630950928,3.097240924835205,2.722262144088745,2.805637836456299,2.471608877182007,2.5608556270599365,2.260568857192993,2.3744022846221924,2.1489663124084473,2.3049111366271973,2.0462965965270996,2.285651206970215,2.3576083183288574,2.4497439861297607
B12,3.406316041946411,3.1465227603912354,2.840925455093384,2.5523195266723633,2.295902967453003,1.974178671836853,1.778407096862793,1.4076896905899048,1.2334320545196533,0.8504639267921448,0.8031623363494873,0.7426722645759583,0.6827565431594849,0.9548787474632263,1.273410439491272,2.846125364303589,2.608842611312866,2.6078503131866455,2.2164297103881836,2.1433229446411133,1.759812831878662,1.6166917085647583,1.2692404985427856,0.9589476585388184,0.672386109828949,0.3884846568107605,0.0,0.39725491404533386,0.6699026226997375,1.0186907052993774,2.79062819480896,2.5704612731933594,2.6378660202026367,2.2662086486816406,2.2623279094696045,1.8906034231185913,1.7888540029525757,1.4969100952148438,1.1438353061676025,1.0144389867782593,0.7769403457641602,0.5838042497634888,0.8597227931022644,0.9881609082221985,1.260703682899475,3.020157814025879,2.777193546295166,2.857445001602173,2.497894763946533,2.5336339473724365,2.190314769744873,2.146240234375,1.8687171936035156,1.559721827507019,1.5333856344223022,1.3661333322525024,1.2715295553207397,1.56320321559906,1.591098427772522,1.8320238590240479,3.575655221939087,3.311157703399658,3.3848679065704346,3.0137391090393066,3.092717170715332,2.750417947769165,2.815798759460449,2.4887096881866455,2.558950901031494,2.29402494430542,2.3919200897216797,2.0923876762390137,2.2760677337646484,2.323577642440796,2.35640025138855
B13,3.7135536670684814,3.4622256755828857,3.169459819793701,2.874265193939209,2.642080307006836,2.311307907104492,2.1446876525878906,1.771723747253418,1.6064459085464478,1.231252670288086,1.1204136610031128,1.0170316696166992,0.8033021092414856,1.0342766046524048,1.2538156509399414,3.0390193462371826,2.835531711578369,2.8384134769439697,2.4569530487060547,2.409301280975342,2.030808925628662,1.9233629703521729,1.5534805059432983,1.2915793657302856,0.9753888249397278,0.6591373682022095,0.39725491404533386,0.0,0.3951713442802429,0.70059734582901,2.861621141433716,2.6855170726776123,2.76863431930542,2.4129388332366943,2.436372756958008,2.071410894393921,1.9987517595291138,1.664425015449524,1.3475004434585571,1.1408801078796387,0.8119124174118042,0.5244032740592957,0.6027021408081055,0.6620160937309265,0.8783093094825745,2.985836982727051,2.7839531898498535,2.888421058654785,2.5459983348846436,2.6090428829193115,2.2701637744903564,2.246051073074341,1.9242478609085083,1.6336857080459595,1.5428049564361572,1.2905057668685913,1.1437002420425415,1.3571507930755615,1.3144736289978027,1.502462387084961,3.4549059867858887,3.222872495651245,3.3164052963256836,2.9609615802764893,3.0576720237731934,2.7234888076782227,2.793564796447754,2.44712495803833,2.506422281265259,2.2304675579071045,2.282118320465088,1.95131254196167,2.1058361530303955,2.0944745540618896,2.1041078567504883
