,A1,A2,A3,A4,A5,A6,A7,A8,A9,A10,A11,A12,A13,A14,A15,B1,B2,B3,B4,B5,B6,B7,B8,B9,B10,B11,B12,B13,B14,B15,C1,C2,C3,C4,C5,C6,C7,C8,C9,C10,C11,C12,C13,C14,C15,D1,D2,D3,D4,D5,D6,D7,D8,D9,D10,D11,D12,D13,D14,D15,E1,E2,E3,E4,E5,E6,E7,E8,E9,E10,E11,E12,E13,E14,E15
A1,0.0,0.385044127702713,0.6190704107284546,0.9462268948554993,1.2531979084014893,1.5895024538040161,1.9110820293426514,2.2343780994415283,2.5801172256469727,2.920670986175537,3.2500879764556885,3.574086904525757,3.7442586421966553,3.4692301750183105,3.4507997035980225,0.6516708135604858,0.6416835784912109,0.7528531551361084,1.0558717250823975,1.30684232711792,1.646762490272522,1.9356305599212646,2.265238046646118,2.599522590637207,2.935746669769287,3.2673113346099854,3.5804851055145264,3.745009183883667,3.4498794078826904,3.4756221771240234,1.1536760330200195,1.0748815536499023,1.1563754081726074,1.3577136993408203,1.5406938791275024,1.835781455039978,2.0768470764160156,2.389646291732788,2.707474946975708,3.025871753692627,3.3385488986968994,3.6289713382720947,3.809769868850708,3.5291330814361572,3.583461284637451,1.6894694566726685,1.563987135887146,1.6381131410598755,1.7655699253082275,1.8921128511428833,2.126506805419922,2.3202247619628906,2.594229221343994,2.8866994380950928,3.182565689086914,3.464221477508545,3.72912859916687,3.9331352710723877,3.6699717044830322,3.745091438293457,2.25305438041687,2.0856823921203613,2.1578123569488525,2.2223622798919678,2.3083252906799316,2.476823568344116,2.638869524002075,2.8683674335479736,3.116931200027466,3.376595973968506,3.6131577491760254,3.851985454559326,4.135168552398682,3.9340338706970215,4.0992021560668945
A2,0.385044127702713,0.0,0.3816277086734772,0.6188166737556458,0.9619642496109009,1.269442081451416,1.6065216064453125,1.916670560836792,2.271329402923584,2.60172963142395,2.9372315406799316,3.2555530071258545,3.4276673793792725,3.1413235664367676,3.1232504844665527,0.7160086035728455,0.5364629626274109,0.674372136592865,0.8543737530708313,1.11103355884552,1.401302456855774,1.6962895393371582,2.0007731914520264,2.339491844177246,2.657963275909424,2.9924569129943848,3.2952868938446045,3.460054636001587,3.1583166122436523,3.1828136444091797,1.2182778120040894,1.0560152530670166,1.1557797193527222,1.2531214952468872,1.429673194885254,1.6630380153656006,1.9021363258361816,2.180257797241211,2.497394561767578,2.791363477706909,3.104732036590576,3.379901647567749,3.5603020191192627,3.27762770652771,3.3287131786346436,1.746396541595459,1.5700459480285645,1.6601210832595825,1.710005521774292,1.834771990776062,2.0093846321105957,2.2012665271759033,2.435091972351074,2.724893569946289,2.991549253463745,3.2727341651916504,3.517050266265869,3.720466136932373,3.460864543914795,3.529933214187622,2.3002736568450928,2.0949714183807373,2.185035467147827,2.1911251544952393,2.2830350399017334,2.398682117462158,2.564002275466919,2.7515599727630615,2.9995932579040527,3.2278993129730225,3.46685791015625,3.6781861782073975,3.9590256214141846,3.7653472423553467,3.916832447052002
A3,0.6190704107284546,0.3816277086734772,0.0,0.3807891011238098,0.6358684301376343,0.988629937171936,1.2947770357131958,1.627518892288208,1.9647319316864014,2.3102965354919434,2.6337013244628906,2.9634084701538086,3.1473796367645264,2.885047435760498,2.8962290287017822,0.9085277915000916,0.5979257225990295,0.5158765912055969,0.6231502890586853,0.7831642627716064,1.0904591083526611,1.3524169921875,1.6766729354858398,2.0004019737243652,2.3338005542755127,2.659226655960083,2.976947784423828,3.158172130584717,2.8755462169647217,2.930562734603882,1.3070785999298096,1.0461921691894531,1.0314081907272339,1.0595735311508179,1.1493561267852783,1.3655455112457275,1.5648308992385864,1.8496828079223633,2.1490578651428223,2.451982021331787,2.7550997734069824,3.0460047721862793,3.244277238845825,2.979356288909912,3.0601773262023926,1.7821946144104004,1.534589171409607,1.5487667322158813,1.5405713319778442,1.596295952796936,1.7388442754745483,1.8881230354309082,2.1148412227630615,2.382451057434082,2.6498327255249023,2.9176557064056396,3.176295042037964,3.3978159427642822,3.1552867889404297,3.2519989013671875,2.301438093185425,2.0435662269592285,2.078949451446533,2.0353477001190186,2.0739986896514893,2.152109384536743,2.277907371520996,2.4489495754241943,2.6719276905059814,2.8930885791778564,3.115539073944092,3.3353660106658936,3.630653142929077,3.4560372829437256,3.6277554035186768
A4,0.9462268948554993,0.6188166737556458,0.3807891011238098,0.0,0.38304296135902405,0.6517926454544067,0.9980188608169556,1.2995977401733398,1.6583354473114014,1.9863028526306152,2.325836420059204,2.6399974822998047,2.8115572929382324,2.5331809520721436,2.533742904663086,1.057157278060913,0.689896821975708,0.6313149333000183,0.49447378516197205,0.6355825066566467,0.8328379392623901,1.1161786317825317,1.3968311548233032,1.7365190982818604,2.044471502304077,2.3820338249206543,2.6786768436431885,2.8461616039276123,2.549793243408203,2.5931589603424072,1.3854973316192627,1.0759130716323853,1.0817970037460327,0.982445240020752,1.0649102926254272,1.1843029260635376,1.3896230459213257,1.6225950717926025,1.9295854568481445,2.201107978820801,2.5135138034820557,2.7776966094970703,2.9622843265533447,2.6876320838928223,2.7551920413970947,1.8120248317718506,1.5298153162002563,1.5622217655181885,1.4720381498336792,1.5325716733932495,1.601130485534668,1.756973147392273,1.9323796033859253,2.20436954498291,2.437377691268921,2.713362216949463,2.9400928020477295,3.148372173309326,2.902184009552002,2.983154058456421,2.2963168621063232,2.010633707046509,2.065765380859375,1.9649235010147095,2.0168120861053467,2.0386109352111816,2.176198720932007,2.2999095916748047,2.529758930206299,2.7168655395507812,2.9507129192352295,3.134341239929199,3.416440725326538,3.2410836219787598,3.390812397003174
A5,1.2531979084014893,0.9619642496109009,0.6358684301376343,0.38304296135902405,0.0,0.3898753225803375,0.6589769124984741,1.0003856420516968,1.3290561437606812,1.6776347160339355,1.9978811740875244,2.3298983573913574,2.5255990028381348,2.277830123901367,2.324178695678711,1.394827961921692,1.0140750408172607,0.8418087959289551,0.6154089570045471,0.5021628737449646,0.6079798936843872,0.7945759296417236,1.0860140323638916,1.3946855068206787,1.7159204483032227,2.036929130554199,2.353865146636963,2.550477981567383,2.2818005084991455,2.370877504348755,1.659063458442688,1.3082679510116577,1.2208510637283325,1.040387511253357,0.9852392077445984,1.0188714265823364,1.1330711841583252,1.3435531854629517,1.6103770732879639,1.8790342807769775,2.1709036827087402,2.453080177307129,2.6669867038726807,2.420727252960205,2.530236005783081,2.027204751968384,1.7007336616516113,1.6629974842071533,1.5058681964874268,1.4766879081726074,1.4738637208938599,1.555404782295227,1.693151593208313,1.9205161333084106,2.136395215988159,2.38653564453125,2.6258256435394287,2.8618080615997314,2.644953966140747,2.7621142864227295,2.463751792907715,2.139315605163574,2.1416163444519043,1.9846349954605103,1.9740315675735474,1.934184193611145,2.0138795375823975,2.0958333015441895,2.2828736305236816,2.4438705444335938,2.649674892425537,2.8342654705047607,3.1359567642211914,2.9927594661712646,3.164132833480835
A6,1.5895024538040161,1.269442081451416,0.988629937171936,0.6517926454544067,0.3898753225803375,0.0,0.3800202012062073,0.6478312015533447,1.0126426219940186,1.3350768089294434,1.678900122642517,1.9885934591293335,2.1662209033966064,1.901379942893982,1.9393067359924316,1.6275957822799683,1.2465275526046753,1.1085771322250366,0.7849726676940918,0.6407875418663025,0.48309603333473206,0.6305944919586182,0.8117806911468506,1.1350806951522827,1.4138147830963135,1.7508412599563599,2.0376133918762207,2.215406656265259,1.9313281774520874,2.010632038116455,1.8250080347061157,1.4623831510543823,1.3936699628829956,1.1245808601379395,1.053914189338684,0.9461653232574463,1.0372860431671143,1.1477630138397217,1.4098490476608276,1.6267027854919434,1.9273386001586914,2.1713738441467285,2.3665311336517334,2.1109044551849365,2.207324981689453,2.130539894104004,1.7888060808181763,1.7636291980743408,1.5360647439956665,1.5055688619613647,1.411135196685791,1.4866373538970947,1.5459340810775757,1.7665656805038452,1.9304590225219727,2.1864748001098633,2.3817832469940186,2.599273443222046,2.3812718391418457,2.4810357093811035,2.514388084411621,2.1731369495391846,2.188934564590454,1.978310227394104,1.9764988422393799,1.8720418214797974,1.9570231437683105,1.9764752388000488,2.1635420322418213,2.277674674987793,2.49333119392395,2.630629539489746,2.9129655361175537,2.7713518142700195,2.9162447452545166
A7,1.9110820293426514,1.6065216064453125,1.2947770357131958,0.9980188608169556,0.6589769124984741,0.3800202012062073,0.0,0.3752248287200928,0.6703060269355774,1.0238159894943237,1.3391504287719727,1.6736865043640137,1.8877021074295044,1.665443778038025,1.7696348428726196,1.9858978986740112,1.6014609336853027,1.4198684692382812,1.1020541191101074,0.8547303080558777,0.6078622937202454,0.49585214257240295,0.5832270383834839,0.8194227814674377,1.0977535247802734,1.4070136547088623,1.7179707288742065,1.9376192092895508,1.6945902109146118,1.8370319604873657,2.160269260406494,1.7855020761489868,1.6667275428771973,1.3726924657821655,1.2079862356185913,1.0152878761291504,0.9661391973495483,0.9920180439949036,1.1639699935913086,1.347861409187317,1.6106642484664917,1.8696417808532715,2.1035594940185547,1.8909764289855957,2.040574312210083,2.4297432899475098,2.069270610809326,1.9966472387313843,1.7316123247146606,1.6275161504745483,1.4622583389282227,1.4451309442520142,1.4343345165252686,1.5780926942825317,1.696394920349121,1.9088232517242432,2.108421564102173,2.3590521812438965,2.1849496364593506,2.3263018131256104,2.7735910415649414,2.4121816158294678,2.3866825103759766,2.136366128921509,2.079247236251831,1.9142926931381226,1.9330854415893555,1.8931138515472412,2.019042491912842,2.0856873989105225,2.260134220123291,2.3861308097839355,2.6876060962677,2.59055495262146,2.7548828125
A8,2.2343780994415283,1.916670560836792,1.627518892288208,1.2995977401733398,1.0003856420516968,0.6478312015533447,0.3752248287200928,0.0,0.39212125539779663,0.6882572770118713,1.041581153869629,1.3411214351654053,1.5304068326950073,1.2924120426177979,1.399161696434021,2.240159034729004,1.8632314205169678,1.7043044567108154,1.354374647140503,1.1261006593704224,0.7908174991607666,0.6366845369338989,0.4735882878303528,0.6499196290969849,0.8247688412666321,1.1498788595199585,1.412756323814392,1.6078497171401978,1.3505373001098633,1.4916105270385742,2.3635735511779785,1.991592288017273,1.888552188873291,1.5549015998840332,1.394775629043579,1.1168748140335083,1.0412200689315796,0.9310173392295837,1.0587077140808105,1.1478362083435059,1.4088646173477173,1.6091190576553345,1.8175092935562134,1.6006344556808472,1.7394862174987793,2.5781335830688477,2.216507911682129,2.1539018154144287,1.8473031520843506,1.7463246583938599,1.511806845664978,1.4845173358917236,1.384861707687378,1.5028839111328125,1.546053171157837,1.755048394203186,1.8931784629821777,2.117877244949341,1.949353575706482,2.0718061923980713,2.868882656097412,2.5025389194488525,2.4862430095672607,2.198582887649536,2.148817777633667,1.930433750152588,1.94983971118927,1.844612717628479,1.9611002206802368,1.9696241617202759,2.148385524749756,2.2149150371551514,2.488379716873169,2.3972811698913574,2.5301597118377686
A9,2.5801172256469727,2.271329402923584,1.9647319316864014,1.6583354473114014,1.3290561437606812,1.0126426219940186,0.6703060269355774,0.39212125539779663,0.0,0.37532714009284973,0.6717244982719421,1.0084670782089233,1.254513144493103,1.0925997495651245,1.2997756004333496,2.6153664588928223,2.235273838043213,2.051917791366577,1.711822271347046,1.4432415962219238,1.1113061904907227,0.8496191501617432,0.5943760871887207,0.4950391948223114,0.5522793531417847,0.8037091493606567,1.0883651971817017,1.3452084064483643,1.1616830825805664,1.390726923942566,2.729706048965454,2.352296829223633,2.219597339630127,1.8818811178207397,1.6727358102798462,1.366189956665039,1.192644476890564,0.9971158504486084,0.9706913828849792,0.9600607752799988,1.136294960975647,1.3326904773712158,1.588354229927063,1.443131446838379,1.6460527181625366,2.922283172607422,2.552215337753296,2.4581260681152344,2.135256290435791,1.9855648279190063,1.7098207473754883,1.6042335033416748,1.4342710971832275,1.4478188753128052,1.4103751182556152,1.5449244976043701,1.6670489311218262,1.9250589609146118,1.8224893808364868,1.9889472723007202,3.1824073791503906,2.806399345397949,2.75921893119812,2.4481618404388428,2.35579252243042,2.0937092304229736,2.0517890453338623,1.8872407674789429,1.9295101165771484,1.8719290494918823,1.9925068616867065,2.0296809673309326,2.3148200511932373,2.28279447555542,2.429741859436035
A10,2.920670986175537,2.60172963142395,2.3102965354919434,1.9863028526306152,1.6776347160339355,1.3350768089294434,1.0238159894943237,0.6882572770118713,0.37532714009284973,0.0,0.3860414922237396,0.6541988253593445,0.8926336765289307,0.7426636219024658,1.005552053451538,2.9165987968444824,2.5433294773101807,2.3775618076324463,2.0235462188720703,1.7731369733810425,1.4170403480529785,1.17194664478302,0.8521061539649963,0.6782992482185364,0.4879862666130066,0.6482097506523132,0.8183935284614563,1.0550371408462524,0.8920366764068604,1.1448612213134766,3.001973867416382,2.63124942779541,2.513062000274658,2.1589553356170654,1.96174955368042,1.623591423034668,1.4495165348052979,1.1821662187576294,1.097425103187561,0.9530978798866272,1.0683423280715942,1.157418131828308,1.3794976472854614,1.2628625631332397,1.4588117599487305,3.1578359603881836,2.793222665786743,2.709575653076172,2.366849422454834,2.2250137329101562,1.913766860961914,1.8044975996017456,1.5725657939910889,1.5477960109710693,1.4208568334579468,1.5208909511566162,1.5547374486923218,1.7770698070526123,1.7046345472335815,1.850386142730713,3.3767995834350586,3.00370717048645,2.9651474952697754,2.6332969665527344,2.548638343811035,2.253094434738159,2.209873676300049,1.993227481842041,2.015380620956421,1.8935586214065552,2.0006961822509766,1.9644719362258911,2.209444284439087,2.1987156867980957,2.307446002960205
A11,3.2500879764556885,2.9372315406799316,2.6337013244628906,2.325836420059204,1.9978811740875244,1.678900122642517,1.3391504287719727,1.041581153869629,0.6717244982719421,0.3860414922237396,0.0,0.3949088156223297,0.7547982931137085,0.7774636149406433,1.134865403175354,3.2776613235473633,2.9002761840820312,2.7176921367645264,2.3732385635375977,2.0992045402526855,1.755582332611084,1.4690830707550049,1.158090353012085,0.8802326917648315,0.6091970801353455,0.5059740543365479,0.6293137669563293,0.951797604560852,0.9386875033378601,1.2633559703826904,3.3670341968536377,2.9919238090515137,2.85378098487854,2.503028631210327,2.2771518230438232,1.9374672174453735,1.7147163152694702,1.4289367198944092,1.2443312406539917,1.0242478847503662,0.9936149716377258,1.0446730852127075,1.310935378074646,1.3061219453811646,1.5553953647613525,3.517343521118164,3.147573709487915,3.0424344539642334,2.696223258972168,2.523284435272217,2.1990065574645996,2.040175437927246,1.7781381607055664,1.6697587966918945,1.4780157804489136,1.4790550470352173,1.4846125841140747,1.7327948808670044,1.7459076642990112,1.9302188158035278,3.722369909286499,3.3443586826324463,3.283384084701538,2.942225456237793,2.8270113468170166,2.511143922805786,2.4217641353607178,2.1716842651367188,2.1276352405548096,1.951429843902588,1.9884670972824097,1.9206088781356812,2.1674752235412598,2.225350856781006,2.3452675342559814
A12,3.574086904525757,3.2555530071258545,2.9634084701538086,2.6399974822998047,2.3298983573913574,1.9885934591293335,1.6736865043640137,1.3411214351654053,1.0084670782089233,0.6541988253593445,0.3949088156223297,0.0,0.40096810460090637,0.5611650347709656,0.950190544128418,3.554090738296509,3.184871196746826,3.0159072875976562,2.659083366394043,2.401453971862793,2.038442373275757,1.772897481918335,1.4293172359466553,1.1620734930038452,0.8158758282661438,0.6537517309188843,0.5005648732185364,0.7160192728042603,0.7786408066749573,1.0932011604309082,3.6076791286468506,3.240694761276245,3.1148180961608887,2.751192808151245,2.5392260551452637,2.1781907081604004,1.9682279825210571,1.6439604759216309,1.4488674402236938,1.1544220447540283,1.081832766532898,0.9789920449256897,1.1558465957641602,1.1935584545135498,1.4107091426849365,3.7172844409942627,3.3553671836853027,3.2597591876983643,2.8991217613220215,2.7376606464385986,2.389897108078003,2.2394299507141113,1.9387164115905762,1.816316843032837,1.5622451305389404,1.5423223972320557,1.4420912265777588,1.6199640035629272,1.6631618738174438,1.8099113702774048,3.8781511783599854,3.5066380500793457,3.4538254737854004,3.098040819168091,2.9937949180603027,2.655313491821289,2.572902202606201,2.286318302154541,2.234914541244507,2.009877920150757,2.0432662963867188,1.8984395265579224,2.0821285247802734,2.153972864151001,2.2234153747558594
A13,3.7442586421966553,3.4276673793792725,3.1473796367645264,2.8115572929382324,2.5255990028381348,2.1662209033966064,1.8877021074295044,1.5304068326950073,1.254513144493103,0.8926336765289307,0.7547982931137085,0.40096810460090637,0.0,0.3933272063732147,0.7148950099945068,3.656975030899048,3.3019931316375732,3.1460065841674805,2.7794957160949707,2.5435450077056885,2.164942741394043,1.9322762489318848,1.5656639337539673,1.3374770879745483,0.9675015211105347,0.8587465882301331,0.543887197971344,0.48350557684898376,0.5543304681777954,0.8078522086143494,3.658193826675415,3.3042709827423096,3.190906524658203,2.8173041343688965,2.6255276203155518,2.247981548309326,2.0648460388183594,1.7135226726531982,1.5408464670181274,1.2118144035339355,1.1672401428222656,0.9382044672966003,0.9656216502189636,0.9874229431152344,1.1356030702590942,3.714613914489746,3.3650262355804443,3.2798826694488525,2.908289909362793,2.7652246952056885,2.4003007411956787,2.273066520690918,1.9462302923202515,1.8397701978683472,1.5538102388381958,1.5617300271987915,1.3683115243911743,1.4445384740829468,1.4725592136383057,1.556191086769104,3.822532892227173,3.4618122577667236,3.4186439514160156,3.0525643825531006,2.966324806213379,2.6130025386810303,2.5518200397491455,2.241558313369751,2.20790433883667,1.9584852457046509,2.023088216781616,1.8159966468811035,1.9254549741744995,1.9723176956176758,1.9803297519683838
A14,3.4692301750183105,3.1413235664367676,2.885047435760498,2.5331809520721436,2.277830123901367,1.901379942893982,1.665443778038025,1.2924120426177979,1.0925997495651245,0.7426636219024658,0.7774636149406433,0.5611650347709656,0.3933272063732147,0.0,0.3895842134952545,3.3561742305755615,3.009495735168457,2.8837151527404785,2.510822296142578,2.311331272125244,1.9282028675079346,1.748315691947937,1.385684847831726,1.2471108436584473,0.923969030380249,0.9694140553474426,0.7770063877105713,0.7188054919242859,0.5326501727104187,0.6633116602897644,3.3643646240234375,3.020253896713257,2.939948558807373,2.5661544799804688,2.4149258136749268,2.04414701461792,1.9170724153518677,1.5861914157867432,1.5026694536209106,1.233351707458496,1.3053005933761597,1.1444532871246338,1.1578067541122437,1.0400137901306152,1.105413794517517,3.4338154792785645,3.0946853160858154,3.0436837673187256,2.678070306777954,2.577279806137085,2.228285074234009,2.1574323177337646,1.8604258298873901,1.8349494934082031,1.6081993579864502,1.7033578157424927,1.5522555112838745,1.6164864301681519,1.549316167831421,1.5794652700424194,3.5613811016082764,3.209585428237915,3.201228141784668,2.8465018272399902,2.801582098007202,2.470844268798828,2.463223695755005,2.1865997314453125,2.2208712100982666,2.0242278575897217,2.1534266471862793,1.9830965995788574,2.0992558002471924,2.0751166343688965,2.0661377906799316
A15,3.4507997035980225,3.1232504844665527,2.8962290287017822,2.533742904663086,2.324178695678711,1.9393067359924316,1.7696348428726196,1.399161696434021,1.2997756004333496,1.005552053451538,1.134865403175354,0.950190544128418,0.7148950099945068,0.3895842134952545,0.0,3.269094228744507,2.9454598426818848,2.852104663848877,2.4767396450042725,2.324183940887451,1.9416402578353882,1.8294965028762817,1.4784036874771118,1.429646611213684,1.1541112661361694,1.2808195352554321,1.091517686843872,0.9242453575134277,0.6338685154914856,0.5079508423805237,3.238846778869629,2.917707920074463,2.8713104724884033,2.498086452484131,2.39469313621521,2.0290441513061523,1.965435266494751,1.6470224857330322,1.6398154497146606,1.4051750898361206,1.546939730644226,1.3677021265029907,1.285563349723816,1.0762522220611572,1.002095341682434,3.272516965866089,2.9557783603668213,2.937974214553833,2.5751960277557373,2.5213160514831543,2.180593252182007,2.1691489219665527,1.8859529495239258,1.9260107278823853,1.7276198863983154,1.8860424757003784,1.7119354009628296,1.6995940208435059,1.5601342916488647,1.497096300125122,3.3688151836395264,3.0366742610931396,3.0612523555755615,2.7124807834625244,2.7126686573028564,2.394500494003296,2.441354513168335,2.179373025894165,2.271289348602295,2.0999178886413574,2.2856674194335938,2.1045260429382324,2.171191930770874,2.081686019897461,2.0151445865631104
B1,0.6516708135604858,0.7160086035728455,0.9085277915000916,1.057157278060913,1.394827961921692,1.6275957822799683,1.9858978986740112,2.240159034729004,2.6153664588928223,2.9165987968444824,3.2776613235473633,3.554090738296509,3.656975030899048,3.3561742305755615,3.269094228744507,0.0,0.385504812002182,0.6782981157302856,0.9374567270278931,1.291458249092102,1.5821036100387573,1.9384652376174927,2.2243587970733643,2.599226474761963,2.9067983627319336,3.2713003158569336,3.535482883453369,3.631500244140625,3.301736831665039,3.259416103363037,0.5476166009902954,0.5780453681945801,0.8367307782173157,1.0690481662750244,1.3821051120758057,1.6741724014282227,1.9983993768692017,2.2905826568603516,2.658106565475464,2.9625277519226074,3.3144192695617676,3.5563254356384277,3.6707916259765625,3.348398208618164,3.3377151489257812,1.0978566408157349,1.0292751789093018,1.2170215845108032,1.3826234340667725,1.623355507850647,1.8806524276733398,2.1614668369293213,2.4362223148345947,2.78521990776062,3.0806021690368652,3.40946626663208,3.629031181335449,3.7697036266326904,3.4617953300476074,3.476295232772827,1.669316291809082,1.538873314857483,1.6901512145996094,1.7903563976287842,1.9672337770462036,2.1704444885253906,2.4132256507873535,2.6562728881835938,2.965332508087158,3.235058546066284,3.5248820781707764,3.732112407684326,3.9639859199523926,3.7107927799224854,3.829242706298828
B2,0.6416835784912109,0.5364629626274109,0.5979257225990295,0.689896821975708,1.0140750408172607,1.2465275526046753,1.6014609336853027,1.8632314205169678,2.235273838043213,2.5433294773101807,2.9002761840820312,3.184871196746826,3.3019931316375732,3.009495735168457,2.9454598426818848,0.385504812002182,0.0,0.36361244320869446,0.5703001618385315,0.9265106916427612,1.213843822479248,1.5662287473678589,1.8554106950759888,2.2268738746643066,2.5375735759735107,2.898292064666748,3.1706554889678955,3.283040761947632,2.9616029262542725,2.942897081375122,0.7324484586715698,0.5238447785377502,0.6897801756858826,0.8174072504043579,1.09225332736969,1.3561420440673828,1.6644889116287231,1.9495729207992554,2.309086561203003,2.609776735305786,2.955627202987671,3.204073190689087,3.33586049079895,3.0243349075317383,3.036407709121704,1.230101227760315,1.0375670194625854,1.1595375537872314,1.2274377346038818,1.417338490486145,1.6260838508605957,1.8808526992797852,2.135073184967041,2.47031831741333,2.753706216812134,3.072937488555908,3.2955713272094727,3.4541735649108887,3.160715341567993,3.195672035217285,1.7727299928665161,1.5610787868499756,1.6707199811935425,1.6903433799743652,1.8251539468765259,1.9714142084121704,2.187088966369629,2.398825168609619,2.690499782562256,2.9405484199523926,3.2188096046447754,3.4208898544311523,3.667418956756592,3.434113025665283,3.563978672027588
B3,0.7528531551361084,0.674372136592865,0.5158765912055969,0.6313149333000183,0.8418087959289551,1.1085771322250366,1.4198684692382812,1.7043044567108154,2.051917791366577,2.3775618076324463,2.7176921367645264,3.0159072875976562,3.1460065841674805,2.8837151527404785,2.852104663848877,0.6782981157302856,0.36361244320869446,0.0,0.3758024573326111,0.6469377279281616,0.9923262000083923,1.3124130964279175,1.6339025497436523,1.9880212545394897,2.3213610649108887,2.6706082820892334,2.9626307487487793,3.093285083770752,2.795442581176758,2.811234474182129,0.8868812322616577,0.5779461860656738,0.5169140100479126,0.6170377135276794,0.8003694415092468,1.0997288227081299,1.375655174255371,1.6908706426620483,2.0353169441223145,2.3580291271209717,2.6933839321136475,2.965373992919922,3.117380380630493,2.8258838653564453,2.8728296756744385,1.3041489124298096,1.035740852355957,1.0352944135665894,1.0637538433074951,1.1675751209259033,1.3777503967285156,1.5910454988479614,1.863105058670044,2.179805278778076,2.4799087047576904,2.786578416824341,3.0343892574310303,3.214000701904297,2.937209367752075,3.006377696990967,1.804029941558838,1.5400176048278809,1.5673046112060547,1.5491201877593994,1.6134506464004517,1.7423765659332275,1.913333773612976,2.1299679279327393,2.3974392414093018,2.6563305854797363,2.917320966720581,3.141761064529419,3.4066781997680664,3.19083309173584,3.3502883911132812
B4,1.0558717250823975,0.8543737530708313,0.6231502890586853,0.49447378516197205,0.6154089570045471,0.7849726676940918,1.1020541191101074,1.354374647140503,1.711822271347046,2.0235462188720703,2.3732385635375977,2.659083366394043,2.7794957160949707,2.510822296142578,2.4767396450042725,0.9374567270278931,0.5703001618385315,0.3758024573326111,0.0,0.3786262571811676,0.648505449295044,1.0014711618423462,1.2937384843826294,1.6632641553878784,1.980011224746704,2.339163303375244,2.616434335708618,2.7383580207824707,2.43247652053833,2.44577956199646,1.074536681175232,0.704720139503479,0.6365171074867249,0.48816898465156555,0.629341721534729,0.8224322199821472,1.1106284856796265,1.38627028465271,1.7409701347351074,2.0414180755615234,2.385442018508911,2.6387124061584473,2.783392906188965,2.48593807220459,2.5295305252075195,1.4126237630844116,1.088417887687683,1.0826940536499023,0.9789087772369385,1.059321403503418,1.1722114086151123,1.3838759660720825,1.6059494018554688,1.9259305000305176,2.1969382762908936,2.5101752281188965,2.7341036796569824,2.9077463150024414,2.6305389404296875,2.693990468978882,1.8567341566085815,1.5470869541168213,1.5778357982635498,1.4736201763153076,1.532204270362854,1.5831549167633057,1.7542649507522583,1.9174728393554688,2.1864538192749023,2.4115960597991943,2.6801252365112305,2.8742010593414307,3.132958173751831,2.9213335514068604,3.0674469470977783
B5,1.30684232711792,1.11103355884552,0.7831642627716064,0.6355825066566467,0.5021628737449646,0.6407875418663025,0.8547303080558777,1.1261006593704224,1.4432415962219238,1.7731369733810425,2.0992045402526855,2.401453971862793,2.5435450077056885,2.311331272125244,2.324183940887451,1.291458249092102,0.9265106916427612,0.6469377279281616,0.3786262571811676,0.0,0.3856305778026581,0.6662670969963074,1.0000425577163696,1.3431190252304077,1.6840037107467651,2.027019739151001,2.3279941082000732,2.478874683380127,2.204113006591797,2.2669382095336914,1.400081992149353,1.0190160274505615,0.8334742188453674,0.6029515266418457,0.48361465334892273,0.5947237610816956,0.7911874651908875,1.0836747884750366,1.409762978553772,1.7264320850372314,2.0540976524353027,2.3336262702941895,2.509876251220703,2.24196195602417,2.33402681350708,1.6761846542358398,1.3173978328704834,1.2146674394607544,1.0355088710784912,0.9768837094306946,1.0100784301757812,1.1297754049301147,1.3337078094482422,1.6144165992736816,1.8858611583709717,2.1773853302001953,2.4251649379730225,2.6308023929595947,2.382415533065796,2.4904370307922363,2.061899423599243,1.7157601118087769,1.673590898513794,1.5074331760406494,1.4766254425048828,1.4588159322738647,1.5551239252090454,1.6844055652618408,1.9086886644363403,2.1196653842926025,2.360825777053833,2.568150043487549,2.852479934692383,2.672926902770996,2.850208282470703
B6,1.646762490272522,1.401302456855774,1.0904591083526611,0.8328379392623901,0.6079798936843872,0.48309603333473206,0.6078622937202454,0.7908174991607666,1.1113061904907227,1.4170403480529785,1.755582332611084,2.038442373275757,2.164942741394043,1.9282028675079346,1.9416402578353882,1.5821036100387573,1.213843822479248,0.9923262000083923,0.648505449295044,0.3856305778026581,0.0,0.3832308053970337,0.6457437872886658,1.0180047750473022,1.3332046270370483,1.692497730255127,1.9717031717300415,2.10953688621521,1.825302243232727,1.8894052505493164,1.647143840789795,1.2623212337493896,1.108740210533142,0.7836276888847351,0.6241337656974792,0.4638601541519165,0.6080266237258911,0.7951063513755798,1.1300126314163208,1.4080942869186401,1.7486077547073364,2.0000791549682617,2.1654975414276123,1.890841007232666,1.9820318222045898,1.8592711687088013,1.4866909980773926,1.3938426971435547,1.124631404876709,1.0427186489105225,0.931240975856781,1.0199459791183472,1.1234357357025146,1.3949739933013916,1.6159378290176392,1.9142078161239624,2.1259546279907227,2.322037935256958,2.075230836868286,2.177276134490967,2.18253755569458,1.8159042596817017,1.7804087400436401,1.5433319807052612,1.5071074962615967,1.3948231935501099,1.4802663326263428,1.526725172996521,1.7428178787231445,1.9006584882736206,2.14857816696167,2.311622381210327,2.5847082138061523,2.4123032093048096,2.5713119506835938
B7,1.9356305599212646,1.6962895393371582,1.3524169921875,1.1161786317825317,0.7945759296417236,0.6305944919586182,0.49585214257240295,0.6366845369338989,0.8496191501617432,1.17194664478302,1.4690830707550049,1.772897481918335,1.9322762489318848,1.748315691947937,1.8294965028762817,1.9384652376174927,1.5662287473678589,1.3124130964279175,1.0014711618423462,0.6662670969963074,0.3832308053970337,0.0,0.3718479573726654,0.6778292059898376,1.0289667844772339,1.3620011806488037,1.6747461557388306,1.8573893308639526,1.6216830015182495,1.7575292587280273,2.0067849159240723,1.6202583312988281,1.4229638576507568,1.105815052986145,0.8442530632019043,0.5974640250205994,0.47198253870010376,0.5718080997467041,0.8177322745323181,1.1000255346298218,1.410996437072754,1.6962323188781738,1.9094111919403076,1.6828209161758423,1.8412103652954102,2.1955440044403076,1.8142435550689697,1.6715505123138428,1.3798221349716187,1.2040966749191284,1.0109243392944336,0.9540460705757141,0.9747956395149231,1.1524847745895386,1.3431708812713623,1.599968671798706,1.835448145866394,2.07672381401062,1.8778878450393677,2.036829948425293,2.481388807296753,2.1012609004974365,2.017310857772827,1.7456281185150146,1.6365385055541992,1.4553937911987305,1.4452424049377441,1.4232767820358276,1.5606440305709839,1.674172043800354,1.8757160902023315,2.0421080589294434,2.3463892936706543,2.2239983081817627,2.4156041145324707
B8,2.265238046646118,2.0007731914520264,1.6766729354858398,1.3968311548233032,1.0860140323638916,0.8117806911468506,0.5832270383834839,0.4735882878303528,0.5943760871887207,0.8521061539649963,1.158090353012085,1.4293172359466553,1.5656639337539673,1.385684847831726,1.4784036874771118,2.2243587970733643,1.8554106950759888,1.6339025497436523,1.2937384843826294,1.0000425577163696,0.6457437872886658,0.3718479573726654,0.0,0.3923394978046417,0.6881182193756104,1.0498496294021606,1.3294100761413574,1.495875597000122,1.2533462047576904,1.4042367935180664,2.260852813720703,1.8793163299560547,1.7078801393508911,1.3585509061813354,1.1198620796203613,0.7860288023948669,0.6176759004592896,0.45974674820899963,0.6336493492126465,0.8176618814468384,1.1415890455245972,1.3813408613204956,1.5811764001846313,1.352332592010498,1.5182616710662842,2.4034581184387207,2.023843288421631,1.896366000175476,1.5645737648010254,1.3950928449630737,1.1172178983688354,1.0332932472229004,0.916986882686615,1.04449462890625,1.1388392448425293,1.3922781944274902,1.5701102018356323,1.7970603704452515,1.6079342365264893,1.7615660429000854,2.63750958442688,2.2535102367401123,2.1797258853912354,1.8676315546035767,1.7636470794677734,1.514888048171997,1.494285225868225,1.3807848691940308,1.4937305450439453,1.5296891927719116,1.730370283126831,1.8326138257980347,2.1168460845947266,2.0080254077911377,2.1745922565460205
B9,2.599522590637207,2.339491844177246,2.0004019737243652,1.7365190982818604,1.3946855068206787,1.1350806951522827,0.8194227814674377,0.6499196290969849,0.4950391948223114,0.6782992482185364,0.8802326917648315,1.1620734930038452,1.3374770879745483,1.2471108436584473,1.429646611213684,2.599226474761963,2.2268738746643066,1.9880212545394897,1.6632641553878784,1.3431190252304077,1.0180047750473022,0.6778292059898376,0.3923394978046417,0.0,0.3770826756954193,0.6852471232414246,1.0111526250839233,1.243518590927124,1.0885570049285889,1.3368396759033203,2.6391210556030273,2.25610089302063,2.061758041381836,1.7207345962524414,1.4447243213653564,1.1116770505905151,0.8430435061454773,0.5903065204620361,0.47824814915657043,0.5455204844474792,0.7945631146430969,1.06789231300354,1.3352583646774292,1.190521478652954,1.4408278465270996,2.768101453781128,2.3854026794433594,2.2302911281585693,1.8933241367340088,1.6777418851852417,1.3703852891921997,1.1906658411026,0.9886448383331299,0.9585428833961487,0.9505167603492737,1.1162750720977783,1.2984895706176758,1.5789270401000977,1.4676313400268555,1.6835927963256836,2.9752464294433594,2.5865495204925537,2.482247829437256,2.1537530422210693,2.0040125846862793,1.714280128479004,1.6161974668502808,1.4327731132507324,1.4436986446380615,1.3985216617584229,1.5257238149642944,1.6051676273345947,1.9150418043136597,1.8767476081848145,2.0691161155700684
B10,2.935746669769287,2.657963275909424,2.3338005542755127,2.044471502304077,1.7159204483032227,1.4138147830963135,1.0977535247802734,0.8247688412666321,0.5522793531417847,0.4879862666130066,0.6091970801353455,0.8158758282661438,0.9675015211105347,0.923969030380249,1.1541112661361694,2.9067983627319336,2.5375735759735107,2.3213610649108887,1.980011224746704,1.6840037107467651,1.3332046270370483,1.0289667844772339,0.6881182193756104,0.3770826756954193,0.0,0.3853040039539337,0.6476998329162598,0.8849029541015625,0.7634232640266418,1.0677837133407593,2.928980827331543,2.552036762237549,2.3786115646362305,2.022512912750244,1.768575668334961,1.410405158996582,1.1629424095153809,0.8431591987609863,0.6556458473205566,0.46691009402275085,0.6281538605690002,0.7908079624176025,1.0515415668487549,0.9446027278900146,1.2170867919921875,3.0288732051849365,2.652447462081909,2.5132522583007812,2.1584713459014893,1.9582734107971191,1.6183667182922363,1.4426814317703247,1.169298768043518,1.0824625492095947,0.9372424483299255,1.0467438697814941,1.1207444667816162,1.3777374029159546,1.3085508346557617,1.5164034366607666,3.198843002319336,2.8139102458953857,2.721853733062744,2.373412609100342,2.235258102416992,1.9112106561660767,1.8128502368927002,1.5668402910232544,1.546979546546936,1.4130995273590088,1.5157766342163086,1.502398133277893,1.7743340730667114,1.7685096263885498,1.9239827394485474
B11,3.2673113346099854,2.9924569129943848,2.659226655960083,2.3820338249206543,2.036929130554199,1.7508412599563599,1.4070136547088623,1.1498788595199585,0.8037091493606567,0.6482097506523132,0.5059740543365479,0.6537517309188843,0.8587465882301331,0.9694140553474426,1.2808195352554321,3.2713003158569336,2.898292064666748,2.6706082820892334,2.339163303375244,2.027019739151001,1.692497730255127,1.3620011806488037,1.0498496294021606,0.6852471232414246,0.3853040039539337,0.0,0.40178555250167847,0.7660176753997803,0.8258431553840637,1.1995052099227905,3.3020730018615723,2.922842502593994,2.7350728511810303,2.385876178741455,2.111565113067627,1.7617528438568115,1.478611707687378,1.1628659963607788,0.8770366311073303,0.5976621508598328,0.48835283517837524,0.6126556396484375,0.9563872814178467,0.9993714094161987,1.3295789957046509,3.399735927581787,3.021214723587036,2.865309238433838,2.5118157863616943,2.2867026329040527,1.9424904584884644,1.7220218181610107,1.4271661043167114,1.2418338060379028,1.0126886367797852,0.9749178290367126,1.0120872259140015,1.311008095741272,1.3533433675765991,1.6058248281478882,3.5573296546936035,3.1707210540771484,3.059563636779785,2.706170082092285,2.540677309036255,2.201798439025879,2.0564465522766113,1.778421401977539,1.6789613962173462,1.4776827096939087,1.4867831468582153,1.432358980178833,1.7097326517105103,1.78974187374115,1.958787441253662
B12,3.5804851055145264,3.2952868938446045,2.976947784423828,2.6786768436431885,2.353865146636963,2.0376133918762207,1.7179707288742065,1.412756323814392,1.0883651971817017,0.8183935284614563,0.6293137669563293,0.5005648732185364,0.543887197971344,0.7770063877105713,1.091517686843872,3.535482883453369,3.1706554889678955,2.9626307487487793,2.616434335708618,2.3279941082000732,1.9717031717300415,1.6747461557388306,1.3294100761413574,1.0111526250839233,0.6476998329162598,0.40178555250167847,0.0,0.40558287501335144,0.6032615900039673,0.9884738922119141,3.5329270362854004,3.163191795349121,2.9942593574523926,2.63175106048584,2.380486249923706,2.0105321407318115,1.7559354305267334,1.4060189723968506,1.1395905017852783,0.7877218127250671,0.6447926163673401,0.47916102409362793,0.7115494608879089,0.8226296901702881,1.131681203842163,3.5907890796661377,3.222105026245117,3.0817556381225586,2.714249610900879,2.5091891288757324,2.143049955368042,1.9437114000320435,1.6112381219863892,1.4252055883407593,1.1237281560897827,1.0670595169067383,0.9430059194564819,1.1476980447769165,1.2293466329574585,1.440005898475647,3.7037062644958496,3.3254053592681885,3.2275123596191406,2.8599672317504883,2.712461471557617,2.3518104553222656,2.2224202156066895,1.9061169624328613,1.806368350982666,1.5478498935699463,1.558639407157898,1.399754524230957,1.5949491262435913,1.69036865234375,1.7980520725250244
B13,3.745009183883667,3.460054636001587,3.158172130584717,2.8461616039276123,2.550477981567383,2.215406656265259,1.9376192092895508,1.6078497171401978,1.3452084064483643,1.0550371408462524,0.951797604560852,0.7160192728042603,0.48350557684898376,0.7188054919242859,0.9242453575134277,3.631500244140625,3.283040761947632,3.093285083770752,2.7383580207824707,2.478874683380127,2.10953688621521,1.8573893308639526,1.495875597000122,1.243518590927124,0.8849029541015625,0.7660176753997803,0.40558287501335144,0.0,0.39298215508461,0.7114706635475159,3.577638864517212,3.2237942218780518,3.0725157260894775,2.701874017715454,2.478574752807617,2.095907688140869,1.881124496459961,1.5117745399475098,1.2935189008712769,0.9301153421401978,0.8600644469261169,0.5344809293746948,0.4821614623069763,0.5765175223350525,0.8174765706062317,3.581878662109375,3.2284276485443115,3.102992296218872,2.7263731956481934,2.546659231185913,2.1663589477539062,2.0012400150299072,1.6466408967971802,1.492879033088684,1.165931224822998,1.1600452661514282,0.9109413027763367,0.9612287282943726,1.01698637008667,1.1506068706512451,3.6402804851531982,3.2752249240875244,3.1905760765075684,2.8140957355499268,2.6902804374694824,2.316638231277466,2.21694016456604,1.8779377937316895,1.8068933486938477,1.5252870321273804,1.583154320716858,1.3469139337539673,1.4421377182006836,1.4995055198669434,1.530277967453003
