,A1,A2,A3,A4,A5,A6,A7,A8,A9,A10,A11,A12,A13,A14,A15,B1,B2,B3,B4,B5,B6,B7,B8,B9,B10,B11,B12,B13,B14,B15,C1,C2,C3,C4,C5,C6,C7,C8,C9,C10,C11,C12,C13,C14,C15,D1,D2,D3,D4,D5,D6,D7,D8,D9,D10,D11,D12,D13,D14,D15,E1,E2,E3,E4,E5,E6,E7,E8,E9,E10,E11,E12,E13,E14,E15
A1,0.0,0.3422691822052002,0.6244210004806519,0.9432541728019714,1.2863953113555908,1.6371381282806396,1.9120421409606934,2.181879758834839,2.486046552658081,2.797316074371338,3.0955722332000732,3.348264217376709,3.600029706954956,3.67427921295166,3.7920615673065186,1.708498477935791,1.544576644897461,1.4913610219955444,1.487352967262268,1.666403889656067,1.9432892799377441,2.1033694744110107,2.4321722984313965,2.6358940601348877,2.983743906021118,3.283444404602051,3.499946117401123,3.717296838760376,3.8053789138793945,3.838341474533081,2.218151807785034,2.287275791168213,2.21720814704895,2.0654473304748535,2.3197731971740723,2.285149574279785,2.6192638874053955,2.794053077697754,2.8727264404296875,3.2299644947052,3.467360258102417,3.645341157913208,3.8815906047821045,3.997535228729248,4.027114391326904,2.5433080196380615,2.559779405593872,2.5269665718078613,2.3885397911071777,2.644357204437256,2.577397346496582,2.946134567260742,2.9605531692504883,3.3227314949035645,3.3984382152557373,3.6876885890960693,3.7350711822509766,4.069130897521973,4.216662406921387,4.221800804138184,2.9932796955108643,2.7728383541107178,2.6763715744018555,2.7659173011779785,2.785501480102539,2.975950002670288,3.144076347351074,3.2087724208831787,3.607025146484375,3.7545692920684814,4.099462509155273,4.282976150512695,4.3675031661987305,4.74984884262085,4.857758045196533
A2,0.3422691822052002,0.0,0.33821365237236023,0.6774582862854004,0.9906356334686279,1.3414945602416992,1.5929391384124756,1.880080223083496,2.1697940826416016,2.491326332092285,2.7772278785705566,3.0340118408203125,3.2963790893554688,3.376762866973877,3.5106663703918457,1.7147185802459717,1.5489846467971802,1.4571863412857056,1.3695807456970215,1.5326032638549805,1.7662127017974854,1.8761672973632812,2.194859743118286,2.3660690784454346,2.7185115814208984,3.00122332572937,3.214073657989502,3.431727886199951,3.526784896850586,3.5739951133728027,2.208949565887451,2.2895545959472656,2.198172092437744,1.9958337545394897,2.2405288219451904,2.156855583190918,2.4667038917541504,2.6032633781433105,2.644193649291992,3.0011703968048096,3.214526653289795,3.3932738304138184,3.6167848110198975,3.7382988929748535,3.778357982635498,2.53954815864563,2.5677294731140137,2.517179012298584,2.334474802017212,2.586890459060669,2.476219415664673,2.828688621520996,2.8017706871032715,3.1480560302734375,3.1895592212677,3.4745211601257324,3.499326705932617,3.828117609024048,3.982391357421875,3.986393451690674,2.9948527812957764,2.794466733932495,2.6907293796539307,2.738694429397583,2.7595374584198,2.9104843139648438,3.0664432048797607,3.089299440383911,3.4760754108428955,3.5920441150665283,3.9420928955078125,4.104676723480225,4.169439315795898,4.552267074584961,4.645752429962158
A3,0.6244210004806519,0.33821365237236023,0.0,0.34649157524108887,0.6718471646308899,1.0274478197097778,1.306855320930481,1.590916395187378,1.8984971046447754,2.2230708599090576,2.50875186920166,2.78544020652771,3.0616414546966553,3.1732823848724365,3.3360114097595215,1.7406117916107178,1.5297703742980957,1.3635554313659668,1.201562762260437,1.2995907068252563,1.4921786785125732,1.5704516172409058,1.8988118171691895,2.068654775619507,2.4305946826934814,2.7083239555358887,2.9409749507904053,3.181020736694336,3.303112745285034,3.381138801574707,2.171675443649292,2.2207090854644775,2.082271099090576,1.8322724103927612,2.03662109375,1.9069194793701172,2.195741891860962,2.3156614303588867,2.3485219478607178,2.7125205993652344,2.9204652309417725,3.1186537742614746,3.354768991470337,3.500133991241455,3.5684499740600586,2.483894109725952,2.4873785972595215,2.395298719406128,2.1697943210601807,2.391266107559204,2.2401936054229736,2.5743353366851807,2.521116018295288,2.862626791000366,2.8943166732788086,3.1889402866363525,3.221095085144043,3.557766914367676,3.7321622371673584,3.7594447135925293,2.9148213863372803,2.7091968059539795,2.5730016231536865,2.5751705169677734,2.569988965988159,2.685452699661255,2.8162615299224854,2.8144702911376953,3.1913022994995117,3.2953224182128906,3.651890993118286,3.8112802505493164,3.875560998916626,4.25915002822876,4.35733699798584
A4,0.9432541728019714,0.6774582862854004,0.34649157524108887,0.0,0.3635571002960205,0.7097805142402649,1.0305849313735962,1.2886109352111816,1.620527982711792,1.9365417957305908,2.229963779449463,2.519686698913574,2.8009862899780273,2.941354751586914,3.1266257762908936,1.7361457347869873,1.4923466444015503,1.2603247165679932,1.0203723907470703,1.0447537899017334,1.1850039958953857,1.2324265241622925,1.566493034362793,1.7410578727722168,2.1079623699188232,2.3869946002960205,2.636124849319458,2.895287036895752,3.0404250621795654,3.1446533203125,2.090333938598633,2.110460042953491,1.930201530456543,1.6348631381988525,1.7983189821243286,1.6229503154754639,1.887534737586975,1.988940954208374,2.014752149581909,2.382859945297241,2.5896713733673096,2.8020060062408447,3.0512096881866455,3.216238021850586,3.3088841438293457,2.378671884536743,2.3619070053100586,2.2328312397003174,1.9662376642227173,2.1589515209198,1.9687615633010864,2.2825980186462402,2.203443765640259,2.5375399589538574,2.5598597526550293,2.8599886894226074,2.898822546005249,3.2417900562286377,3.431509017944336,3.479820966720581,2.78108549118042,2.578329086303711,2.416936159133911,2.3722152709960938,2.3505313396453857,2.4277939796447754,2.5407252311706543,2.5108213424682617,2.877713680267334,2.9668450355529785,3.326122760772705,3.479515314102173,3.5412187576293945,3.924893379211426,4.025308609008789
A5,1.2863953113555908,0.9906356334686279,0.6718471646308899,0.3635571002960205,0.0,0.3565199673175812,0.6706688404083252,0.9393523931503296,1.2655689716339111,1.5898785591125488,1.8725818395614624,2.172382116317749,2.4665586948394775,2.6257107257843018,2.8364925384521484,1.858628749847412,1.6298187971115112,1.3771454095840454,1.0596041679382324,1.0288536548614502,1.0578194856643677,0.9991101026535034,1.3028090000152588,1.4258567094802856,1.797688603401184,2.054309606552124,2.303964376449585,2.569783926010132,2.731069803237915,2.8606061935424805,2.15625,2.18053936958313,1.9826393127441406,1.6446027755737305,1.7744677066802979,1.537278652191162,1.7454960346221924,1.7837320566177368,1.752952218055725,2.115499973297119,2.289311408996582,2.5048065185546875,2.7418479919433594,2.918886423110962,3.031094789505005,2.429234027862549,2.421358108520508,2.274714708328247,1.9673632383346558,2.140413522720337,1.8997904062271118,2.174107551574707,2.0384323596954346,2.340327501296997,2.3154666423797607,2.6066670417785645,2.618858575820923,2.9547042846679688,3.154960870742798,3.2081403732299805,2.814979076385498,2.641197443008423,2.476698637008667,2.3822107315063477,2.362990140914917,2.3849055767059326,2.4790377616882324,2.392849922180176,2.7344717979431152,2.7790462970733643,3.1384832859039307,3.2629051208496094,3.2993245124816895,3.680586814880371,3.7636382579803467
A6,1.6371381282806396,1.3414945602416992,1.0274478197097778,0.7097805142402649,0.3565199673175812,0.0,0.38270798325538635,0.6004458665847778,0.9440005421638489,1.2594819068908691,1.542003870010376,1.854227066040039,2.156127691268921,2.3453736305236816,2.583751916885376,1.9844118356704712,1.7610666751861572,1.4875231981277466,1.1238858699798584,1.0248346328735352,0.9300394654273987,0.7528634667396545,1.0108003616333008,1.087615966796875,1.4632209539413452,1.704573392868042,1.96384596824646,2.2451775074005127,2.430568218231201,2.5915167331695557,2.20330810546875,2.2159805297851562,1.9965060949325562,1.627245545387268,1.7085469961166382,1.4169248342514038,1.5582391023635864,1.5334317684173584,1.451728105545044,1.8069862127304077,1.954973816871643,2.1787126064300537,2.4145047664642334,2.6100964546203613,2.748743772506714,2.4469680786132812,2.4356935024261475,2.266404867172241,1.9251102209091187,2.066174030303955,1.7808266878128052,2.0075440406799316,1.8199353218078613,2.0868067741394043,2.021230936050415,2.3048856258392334,2.3009185791015625,2.6335904598236084,2.847877025604248,2.9158718585968018,2.799560546875,2.649585247039795,2.477179527282715,2.332484722137451,2.310539484024048,2.2769994735717773,2.3505513668060303,2.2121031284332275,2.525261402130127,2.528825044631958,2.884960412979126,2.9840893745422363,3.000465154647827,3.3784661293029785,3.4497413635253906
A7,1.9120421409606934,1.5929391384124756,1.306855320930481,1.0305849313735962,0.6706688404083252,0.38270798325538635,0.0,0.3744346797466278,0.6119630336761475,0.965248703956604,1.2123973369598389,1.5233943462371826,1.8427703380584717,2.0297789573669434,2.2883219718933105,2.1722354888916016,1.9968650341033936,1.7560091018676758,1.384462594985962,1.314597487449646,1.166499376296997,0.9078293442726135,1.0363855361938477,0.9722314476966858,1.3201384544372559,1.5023233890533447,1.725382924079895,1.9854178428649902,2.1672916412353516,2.3407907485961914,2.37911319732666,2.4263908863067627,2.2287356853485107,1.8579398393630981,1.9412562847137451,1.635105848312378,1.7161222696304321,1.6119712591171265,1.437638521194458,1.7515329122543335,1.8294330835342407,2.026348352432251,2.212127923965454,2.3984224796295166,2.5388166904449463,2.621102809906006,2.644443988800049,2.491987466812134,2.1443631649017334,2.2904551029205322,1.9896684885025024,2.174955129623413,1.9401236772537231,2.1485350131988525,2.0123846530914307,2.2574048042297363,2.1893932819366455,2.4907023906707764,2.6974716186523438,2.7431819438934326,2.9748375415802,2.8675596714019775,2.720426559448242,2.5580086708068848,2.563041925430298,2.495337724685669,2.5661354064941406,2.379650831222534,2.6567368507385254,2.603470802307129,2.9449121952056885,2.9972012042999268,2.969334363937378,3.3363656997680664,3.36983323097229
A8,2.181879758834839,1.880080223083496,1.590916395187378,1.2886109352111816,0.9393523931503296,0.6004458665847778,0.3744346797466278,0.0,0.3876880407333374,0.6610053777694702,0.9659591913223267,1.2675306797027588,1.5663219690322876,1.7842683792114258,2.0544068813323975,2.183568239212036,2.011312961578369,1.7608715295791626,1.3813303709030151,1.2719228267669678,1.044005274772644,0.7306172847747803,0.7341542840003967,0.6082982420921326,0.9468531012535095,1.1470019817352295,1.376631259918213,1.652894377708435,1.8542063236236572,2.0504136085510254,2.297736883163452,2.3272948265075684,2.1180307865142822,1.7400875091552734,1.783400535583496,1.4594253301620483,1.4767788648605347,1.317538857460022,1.0977329015731812,1.390379548072815,1.461016297340393,1.6528477668762207,1.8496928215026855,2.0485196113586426,2.209033966064453,2.500472068786621,2.5176522731781006,2.351234197616577,1.9888784885406494,2.1093621253967285,1.7909117937088013,1.9310983419418335,1.6668756008148193,1.835022211074829,1.6694763898849487,1.895867109298706,1.8157213926315308,2.1168556213378906,2.327927350997925,2.3883767127990723,2.8114123344421387,2.7293035984039307,2.5829567909240723,2.383821964263916,2.4002866744995117,2.292341947555542,2.3626725673675537,2.1403422355651855,2.3923957347869873,2.306185722351074,2.631798505783081,2.6613078117370605,2.6167144775390625,2.980311393737793,3.0033929347991943
A9,2.486046552658081,2.1697940826416016,1.8984971046447754,1.620527982711792,1.2655689716339111,0.9440005421638489,0.6119630336761475,0.3876880407333374,0.0,0.37402990460395813,0.6116593480110168,0.9158162474632263,1.2445087432861328,1.4708597660064697,1.775451421737671,2.4468352794647217,2.314866065979004,2.0939571857452393,1.7218897342681885,1.6380876302719116,1.3997572660446167,1.0749281644821167,0.9733773469924927,0.695264458656311,0.9168072938919067,0.9992116689682007,1.161313772201538,1.403685450553894,1.6046693325042725,1.8243359327316284,2.5510663986206055,2.608590602874756,2.421982526779175,2.0548994541168213,2.0985491275787354,1.7779237031936646,1.7458629608154297,1.5248404741287231,1.2265321016311646,1.437508225440979,1.4077585935592651,1.5545765161514282,1.6764883995056152,1.8628915548324585,2.0290489196777344,2.747755765914917,2.793625831604004,2.644544839859009,2.2871336936950684,2.4069881439208984,2.086469888687134,2.1844089031219482,1.8884249925613403,1.9879262447357178,1.7525032758712769,1.9216283559799194,1.7650659084320068,2.0155258178710938,2.2146689891815186,2.2493481636047363,3.052649974822998,3.0086758136749268,2.885345220565796,2.675687074661255,2.7119455337524414,2.577674388885498,2.6410186290740967,2.382286787033081,2.590843915939331,2.4498980045318604,2.750791072845459,2.7288339138031006,2.635591983795166,2.9785056114196777,2.9578428268432617
A10,2.797316074371338,2.491326332092285,2.2230708599090576,1.9365417957305908,1.5898785591125488,1.2594819068908691,0.965248703956604,0.6610053777694702,0.37402990460395813,0.0,0.3849450647830963,0.6217010617256165,0.9177536368370056,1.1856433153152466,1.5102167129516602,2.5624985694885254,2.448676824569702,2.237783432006836,1.878679633140564,1.7852901220321655,1.5135555267333984,1.1949751377105713,0.9733739495277405,0.618552029132843,0.6737196445465088,0.6923523545265198,0.7944333553314209,1.0320874452590942,1.2540925741195679,1.5086737871170044,2.589785575866699,2.6422393321990967,2.46189284324646,2.1085245609283447,2.124493360519409,1.8128876686096191,1.7183806896209717,1.4434449672698975,1.0937267541885376,1.2136701345443726,1.1228880882263184,1.2206629514694214,1.3094338178634644,1.4979747533798218,1.6856095790863037,2.7482194900512695,2.7993457317352295,2.651472330093384,2.2976062297821045,2.3970837593078613,2.0785903930664062,2.123080253601074,1.8080593347549438,1.8376919031143188,1.554378867149353,1.6641801595687866,1.4550135135650635,1.6728571653366089,1.8632076978683472,1.8971399068832397,3.0100905895233154,3.002232789993286,2.8928987979888916,2.6583194732666016,2.7145278453826904,2.5461783409118652,2.61128830909729,2.3208606243133545,2.4881937503814697,2.3020992279052734,2.568362236022949,2.5038657188415527,2.374258518218994,2.7005770206451416,2.6491305828094482
A11,3.0955722332000732,2.7772278785705566,2.50875186920166,2.229963779449463,1.8725818395614624,1.542003870010376,1.2123973369598389,0.9659591913223267,0.6116593480110168,0.3849450647830963,0.0,0.39210546016693115,0.7713807225227356,1.0893033742904663,1.4737207889556885,2.934654951095581,2.827979326248169,2.6179919242858887,2.25544810295105,2.152949571609497,1.8706073760986328,1.5276663303375244,1.3052211999893188,0.9227992296218872,0.9041908383369446,0.7414610385894775,0.7714629173278809,0.9750858545303345,1.2270430326461792,1.5326119661331177,2.9674735069274902,3.0236852169036865,2.8426554203033447,2.4884495735168457,2.487245559692383,2.162778854370117,2.0374715328216553,1.7339783906936646,1.3594721555709839,1.4198700189590454,1.2280958890914917,1.3088115453720093,1.316802740097046,1.5159447193145752,1.7349411249160767,3.122213840484619,3.175877094268799,3.0247411727905273,2.668515205383301,2.7478363513946533,2.4168784618377686,2.4266059398651123,2.086550235748291,2.0693023204803467,1.7421557903289795,1.815455675125122,1.5650503635406494,1.7250267267227173,1.9233393669128418,1.958706021308899,3.3735761642456055,3.374535083770752,3.2624387741088867,3.014713764190674,3.056880474090576,2.864140510559082,2.8978962898254395,2.5814313888549805,2.705105781555176,2.4797322750091553,2.7293782234191895,2.6275155544281006,2.464397668838501,2.762779712677002,2.682002305984497
A12,3.348264217376709,3.0340118408203125,2.78544020652771,2.519686698913574,2.172382116317749,1.854227066040039,1.5233943462371826,1.2675306797027588,0.9158162474632263,0.6217010617256165,0.39210546016693115,0.0,0.3912418782711029,0.7139631509780884,1.115722417831421,3.0326733589172363,2.9674179553985596,2.792694091796875,2.4500956535339355,2.3825652599334717,2.1119978427886963,1.8027827739715576,1.5389456748962402,1.1674448251724243,1.0431286096572876,0.8465929627418518,0.677349328994751,0.7093607187271118,0.8978238701820374,1.200640082359314,3.0342588424682617,3.1165623664855957,2.9691271781921387,2.6412837505340576,2.6579864025115967,2.3664309978485107,2.229443073272705,1.9154748916625977,1.5356253385543823,1.5149058103561401,1.2841144800186157,1.2465709447860718,1.1380648612976074,1.2604511976242065,1.4443403482437134,3.17366623878479,3.2588376998901367,3.1373512744903564,2.80260968208313,2.899080991744995,2.5945885181427,2.5891036987304688,2.2614362239837646,2.2003324031829834,1.854286789894104,1.8502274751663208,1.5309321880340576,1.6091676950454712,1.7437293529510498,1.7177287340164185,3.412623167037964,3.4586801528930664,3.383509874343872,3.1420319080352783,3.2258505821228027,3.031709671020508,3.0925986766815186,2.770838499069214,2.8750646114349365,2.6243515014648438,2.8320701122283936,2.6888961791992188,2.4849889278411865,2.7537283897399902,2.6223998069763184
A13,3.600029706954956,3.2963790893554688,3.0616414546966553,2.8009862899780273,2.4665586948394775,2.156127691268921,1.8427703380584717,1.5663219690322876,1.2445087432861328,0.9177536368370056,0.7713807225227356,0.3912418782711029,0.0,0.4042894244194031,0.803185224533081,3.111644983291626,3.0794994831085205,2.9340786933898926,2.616554021835327,2.5712645053863525,2.3089399337768555,2.0364232063293457,1.7361087799072266,1.3919116258621216,1.1835700273513794,0.9904006123542786,0.6750140190124512,0.47346675395965576,0.544883668422699,0.85309237241745,3.063568115234375,3.1595680713653564,3.04089093208313,2.743915557861328,2.7666988372802734,2.510899543762207,2.358184337615967,2.040384531021118,1.6709554195404053,1.5732539892196655,1.326398491859436,1.1720715761184692,0.9504511952400208,0.9710000157356262,1.1127272844314575,3.175877094268799,3.2829701900482178,3.1859567165374756,2.875859022140503,2.9788482189178467,2.7037999629974365,2.6773722171783447,2.3681633472442627,2.263960599899292,1.9125012159347534,1.8332237005233765,1.4628121852874756,1.455478310585022,1.5143505334854126,1.4250160455703735,3.3871047496795654,3.4762606620788574,3.434051275253296,3.195819854736328,3.3164563179016113,3.1188931465148926,3.2040059566497803,2.8807168006896973,2.9635884761810303,2.693687677383423,2.8559916019439697,2.677095651626587,2.4399378299713135,2.6769447326660156,2.5008463859558105
A14,3.67427921295166,3.376762866973877,3.1732823848724365,2.941354751586914,2.6257107257843018,2.3453736305236816,2.0297789573669434,1.7842683792114258,1.4708597660064697,1.1856433153152466,1.0893033742904663,0.7139631509780884,0.4042894244194031,0.0,0.4170500934123993,3.0959932804107666,3.113133668899536,3.0146241188049316,2.722316026687622,2.7320749759674072,2.5086374282836914,2.274566888809204,1.9894813299179077,1.6772629022598267,1.4877614974975586,1.355741024017334,1.0303343534469604,0.740450382232666,0.5560253858566284,0.6532431244850159,3.061345338821411,3.200775146484375,3.1284003257751465,2.8611161708831787,2.9318597316741943,2.7146918773651123,2.595392942428589,2.303973913192749,1.9574631452560425,1.8620588779449463,1.6543205976486206,1.446563720703125,1.1844346523284912,1.0668749809265137,1.0560932159423828,3.182337999343872,3.332838773727417,3.280531406402588,3.0004663467407227,3.146988868713379,2.9076406955718994,2.9092564582824707,2.631514310836792,2.5401611328125,2.2115283012390137,2.1104140281677246,1.7289023399353027,1.683162808418274,1.6543049812316895,1.462672233581543,3.4139466285705566,3.538451671600342,3.5402748584747314,3.335218906402588,3.5002682209014893,3.3327107429504395,3.458003520965576,3.155942440032959,3.258214235305786,3.001694917678833,3.1494650840759277,2.967729330062866,2.724494457244873,2.948566198348999,2.7490897178649902
A15,3.7920615673065186,3.5106663703918457,3.3360114097595215,3.1266257762908936,2.8364925384521484,2.583751916885376,2.2883219718933105,2.0544068813323975,1.775451421737671,1.5102167129516602,1.4737207889556885,1.115722417831421,0.803185224533081,0.4170500934123993,0.0,3.067460298538208,3.1327879428863525,3.081763982772827,2.826043128967285,2.8819143772125244,2.6941542625427246,2.508521556854248,2.2281687259674072,1.9594225883483887,1.7666295766830444,1.6885446310043335,1.3527283668518066,1.019098162651062,0.692530632019043,0.5065993666648865,3.017120361328125,3.1900901794433594,3.165081262588501,2.9387412071228027,3.0453274250030518,2.8760457038879395,2.779557943344116,2.515591621398926,2.201298713684082,2.0923097133636475,1.9249584674835205,1.6656692028045654,1.3845157623291016,1.1538546085357666,0.9870015978813171,3.129298686981201,3.3177316188812256,3.309774398803711,3.068058490753174,3.247377872467041,3.0515706539154053,3.069101572036743,2.829281806945801,2.7402498722076416,2.4397287368774414,2.3093526363372803,1.926404356956482,1.8448092937469482,1.7301239967346191,1.4484400749206543,3.360447406768799,3.526202917098999,3.5743675231933594,3.4000401496887207,3.6107425689697266,3.4693596363067627,3.63470458984375,3.355333089828491,3.4688875675201416,3.2254638671875,3.349275588989258,3.164262533187866,2.917687177658081,3.1259145736694336,2.907383918762207
B1,1.708498477935791,1.7147185802459717,1.7406117916107178,1.7361457347869873,1.858628749847412,1.9844118356704712,2.1722354888916016,2.183568239212036,2.4468352794647217,2.5624985694885254,2.934654951095581,3.0326733589172363,3.111644983291626,3.0959932804107666,3.067460298538208,0.0,0.3791683316230774,0.7391289472579956,0.993390679359436,1.357379674911499,1.6532564163208008,1.9589102268218994,2.0960500240325928,2.3507378101348877,2.5331833362579346,2.8979146480560303,2.9948599338531494,3.0974318981170654,3.0659945011138916,2.966517448425293,0.6038839221000671,0.8684764504432678,1.0583709478378296,1.1377229690551758,1.5474846363067627,1.7413816452026367,2.063703775405884,2.2646007537841797,2.396883487701416,2.6246471405029297,2.9226973056793213,2.9493963718414307,3.1533188819885254,3.1453967094421387,3.054356336593628,0.966803252696991,1.1612354516983032,1.3371585607528687,1.3677582740783691,1.7773749828338623,1.8959227800369263,2.260286331176758,2.38759446144104,2.680453300476074,2.801661252975464,2.9664363861083984,2.9950714111328125,3.259762763977051,3.274643898010254,3.2033019065856934,1.4872066974639893,1.4283318519592285,1.5523947477340698,1.742545247077942,2.018264055252075,2.258723735809326,2.6067495346069336,2.6910810470581055,3.0780932903289795,3.207308292388916,3.443481206893921,3.5834927558898926,3.6386048793792725,3.9809696674346924,4.041562557220459
B2,1.544576644897461,1.5489846467971802,1.5297703742980957,1.4923466444015503,1.6298187971115112,1.7610666751861572,1.9968650341033936,2.011312961578369,2.314866065979004,2.448676824569702,2.827979326248169,2.9674179553985596,3.0794994831085205,3.113133668899536,3.1327879428863525,0.3791683316230774,0.0,0.3773263394832611,0.6962087750434875,1.0348966121673584,1.3613325357437134,1.6962357759475708,1.8747220039367676,2.166276693344116,2.3773295879364014,2.752523899078369,2.8952102661132812,3.0448997020721436,3.061669111251831,3.012596607208252,0.6788092851638794,0.777177631855011,0.8380905389785767,0.8632380366325378,1.2594044208526611,1.4443897008895874,1.7917397022247314,2.023444890975952,2.1885998249053955,2.4467930793762207,2.7636563777923584,2.8360462188720703,3.0794661045074463,3.118248462677002,3.076273202896118,1.0006260871887207,1.0735946893692017,1.150130271911621,1.1276437044143677,1.5132418870925903,1.6114712953567505,1.9939229488372803,2.1274254322052,2.4503273963928223,2.595460891723633,2.797342300415039,2.865055799484253,3.161046028137207,3.2176451683044434,3.1938483715057373,1.4750001430511475,1.327197551727295,1.3558862209320068,1.5157910585403442,1.7348408699035645,1.9780356884002686,2.3037545680999756,2.4012932777404785,2.800758123397827,2.9526076316833496,3.2091643810272217,3.374899387359619,3.455024242401123,3.808128595352173,3.897505760192871
B3,1.4913610219955444,1.4571863412857056,1.3635554313659668,1.2603247165679932,1.3771454095840454,1.4875231981277466,1.7560091018676758,1.7608715295791626,2.0939571857452393,2.237783432006836,2.6179919242858887,2.792694091796875,2.9340786933898926,3.0146241188049316,3.081763982772827,0.7391289472579956,0.3773263394832611,0.0,0.38233083486557007,0.6710438132286072,1.0152745246887207,1.3672610521316528,1.5782530307769775,1.8957761526107788,2.130617141723633,2.5087904930114746,2.691213607788086,2.883023500442505,2.9458768367767334,2.9475555419921875,0.8909919857978821,0.860913872718811,0.7465424537658691,0.6252884268760681,0.9822491407394409,1.1162264347076416,1.478021264076233,1.7218693494796753,1.9038095474243164,2.1894724369049072,2.5142385959625244,2.6287145614624023,2.903013229370117,2.9863157272338867,2.9931836128234863,1.1484090089797974,1.1241689920425415,1.0733851194381714,0.9414210319519043,1.2819474935531616,1.318463921546936,1.7089078426361084,1.8232858180999756,2.167695999145508,2.3191635608673096,2.553842306137085,2.6482019424438477,2.9699509143829346,3.0674948692321777,3.0867128372192383,1.5543428659439087,1.3549422025680542,1.277248501777649,1.3554151058197021,1.503920078277588,1.7152605056762695,2.0064313411712646,2.0907552242279053,2.4963009357452393,2.652864694595337,2.9318461418151855,3.1108391284942627,3.2043673992156982,3.5674407482147217,3.6762702465057373
B4,1.487352967262268,1.3695807456970215,1.201562762260437,1.0203723907470703,1.0596041679382324,1.1238858699798584,1.384462594985962,1.3813303709030151,1.7218897342681885,1.878679633140564,2.25544810295105,2.4500956535339355,2.616554021835327,2.722316026687622,2.826043128967285,0.993390679359436,0.6962087750434875,0.38233083486557007,0.0,0.3902149200439453,0.7007359266281128,1.0135464668273926,1.2381863594055176,1.540658712387085,1.8012032508850098,2.171010732650757,2.3690435886383057,2.5814335346221924,2.6710760593414307,2.7086455821990967,1.1379694938659668,1.1216018199920654,0.9424930214881897,0.6588024497032166,0.9460676312446594,0.9378087520599365,1.2747423648834229,1.466486930847168,1.6023404598236084,1.9119975566864014,2.214743137359619,2.350743055343628,2.6252338886260986,2.734128713607788,2.7721526622772217,1.3844743967056274,1.36538565158844,1.2558255195617676,1.0100876092910767,1.302510380744934,1.222544550895691,1.5901718139648438,1.6254366636276245,1.963740587234497,2.068255662918091,2.3174619674682617,2.3911941051483154,2.7226572036743164,2.8472447395324707,2.879676580429077,1.7684816122055054,1.594959020614624,1.4785653352737427,1.4577438831329346,1.5622726678848267,1.6914546489715576,1.937495470046997,1.954072117805481,2.348733901977539,2.465087413787842,2.7663938999176025,2.9247841835021973,2.9980506896972656,3.3703672885894775,3.469034194946289
B5,1.666403889656067,1.5326032638549805,1.2995907068252563,1.0447537899017334,1.0288536548614502,1.0248346328735352,1.314597487449646,1.2719228267669678,1.6380876302719116,1.7852901220321655,2.152949571609497,2.3825652599334717,2.5712645053863525,2.7320749759674072,2.8819143772125244,1.357379674911499,1.0348966121673584,0.6710438132286072,0.3902149200439453,0.0,0.37048816680908203,0.7335039973258972,1.0012626647949219,1.3485161066055298,1.6229710578918457,1.9908992052078247,2.2378945350646973,2.498382329940796,2.641169786453247,2.7340662479400635,1.4000164270401,1.2941666841506958,1.0148316621780396,0.6527371406555176,0.7587038278579712,0.6314452290534973,0.966955840587616,1.1782879829406738,1.3524638414382935,1.6873923540115356,2.0031917095184326,2.190661668777466,2.5044326782226562,2.664306879043579,2.7577216625213623,1.5766582489013672,1.4793648719787598,1.272811770439148,0.9508675932884216,1.1266361474990845,0.9562214016914368,1.3067666292190552,1.3171868324279785,1.6779142618179321,1.8007014989852905,2.0878121852874756,2.2064616680145264,2.5634171962738037,2.7327311038970947,2.820150852203369,1.8723064661026,1.6646498441696167,1.4636629819869995,1.354122281074524,1.3643697500228882,1.4354559183120728,1.6254034042358398,1.6230862140655518,2.017667770385742,2.1429202556610107,2.4645731449127197,2.641697406768799,2.736557722091675,3.1145355701446533,3.240419864654541
B6,1.9432892799377441,1.7662127017974854,1.4921786785125732,1.1850039958953857,1.0578194856643677,0.9300394654273987,1.166499376296997,1.044005274772644,1.3997572660446167,1.5135555267333984,1.8706073760986328,2.1119978427886963,2.3089399337768555,2.5086374282836914,2.6941542625427246,1.6532564163208008,1.3613325357437134,1.0152745246887207,0.7007359266281128,0.37048816680908203,0.0,0.39674386382102966,0.6511287689208984,1.0164730548858643,1.2905455827713013,1.6519973278045654,1.9232896566390991,2.211815357208252,2.391587495803833,2.5288124084472656,1.633940577507019,1.521545648574829,1.2208671569824219,0.8280724287033081,0.795111894607544,0.4903576076030731,0.7128602862358093,0.8523703217506409,1.0003434419631958,1.3520187139511108,1.6581083536148071,1.8740458488464355,2.202702045440674,2.396888494491577,2.5324697494506836,1.7724955081939697,1.6704471111297607,1.4286108016967773,1.0546296834945679,1.1407350301742554,0.8562551140785217,1.1275643110275269,1.042805552482605,1.3839472532272339,1.4681711196899414,1.7699631452560425,1.889312505722046,2.256697654724121,2.456719398498535,2.5754435062408447,2.0158028602600098,1.8383173942565918,1.6184393167495728,1.4226340055465698,1.3973528146743774,1.3635940551757812,1.4975180625915527,1.410785436630249,1.7768343687057495,1.8554677963256836,2.189469814300537,2.3457493782043457,2.4256293773651123,2.8075878620147705,2.9298503398895264
B7,2.1033694744110107,1.8761672973632812,1.5704516172409058,1.2324265241622925,0.9991101026535034,0.7528634667396545,0.9078293442726135,0.7306172847747803,1.0749281644821167,1.1949751377105713,1.5276663303375244,1.8027827739715576,2.0364232063293457,2.274566888809204,2.508521556854248,1.9589102268218994,1.6962357759475708,1.3672610521316528,1.0135464668273926,0.7335039973258972,0.39674386382102966,0.0,0.3791908025741577,0.6858832836151123,1.012618899345398,1.3387954235076904,1.6412148475646973,1.9618464708328247,2.1825921535491943,2.3702781200408936,1.9636116027832031,1.8819998502731323,1.5945672988891602,1.2002067565917969,1.1376274824142456,0.77244633436203,0.821081280708313,0.7891989946365356,0.7945884466171265,1.1730451583862305,1.415407419204712,1.6684989929199219,1.987053394317627,2.2177038192749023,2.3958194255828857,2.1073222160339355,2.028799533843994,1.7898321151733398,1.4053640365600586,1.4511890411376953,1.1095421314239502,1.2770856618881226,1.0678504705429077,1.343841791152954,1.3286962509155273,1.6383219957351685,1.7173044681549072,2.085231304168701,2.3204050064086914,2.454744338989258,2.3457627296447754,2.1978325843811035,1.9826693534851074,1.7519948482513428,1.7054308652877808,1.598122000694275,1.6614902019500732,1.4866580963134766,1.795917272567749,1.8019872903823853,2.1507136821746826,2.266660213470459,2.311075448989868,2.6942455768585205,2.797245979309082
B8,2.4321722984313965,2.194859743118286,1.8988118171691895,1.566493034362793,1.3028090000152588,1.0108003616333008,1.0363855361938477,0.7341542840003967,0.9733773469924927,0.9733739495277405,1.3052211999893188,1.5389456748962402,1.7361087799072266,1.9894813299179077,2.2281687259674072,2.0960500240325928,1.8747220039367676,1.5782530307769775,1.2381863594055176,1.0012626647949219,0.6511287689208984,0.3791908025741577,0.0,0.39138227701187134,0.6508236527442932,1.0019235610961914,1.292107343673706,1.6130175590515137,1.844306468963623,2.0508859157562256,2.0268876552581787,1.9571287631988525,1.687630534172058,1.3092091083526611,1.2204424142837524,0.864857017993927,0.7735108733177185,0.5852589011192322,0.4541715085506439,0.8173746466636658,1.0507547855377197,1.2897884845733643,1.6113080978393555,1.8492622375488281,2.0456573963165283,2.1346030235290527,2.0766005516052246,1.8461699485778809,1.4604113101959229,1.4875110387802124,1.1361640691757202,1.2142045497894287,0.9375945925712585,1.1214522123336792,1.0286387205123901,1.3039422035217285,1.3469070196151733,1.7096706628799438,1.946228265762329,2.088386297225952,2.333613872528076,2.239084482192993,2.049772262573242,1.782797932624817,1.7735707759857178,1.608938217163086,1.675092101097107,1.4338043928146362,1.6892046928405762,1.6228079795837402,1.9446991682052612,2.0098471641540527,2.0128400325775146,2.3913965225219727,2.465120553970337
B9,2.6358940601348877,2.3660690784454346,2.068654775619507,1.7410578727722168,1.4258567094802856,1.087615966796875,0.9722314476966858,0.6082982420921326,0.695264458656311,0.618552029132843,0.9227992296218872,1.1674448251724243,1.3919116258621216,1.6772629022598267,1.9594225883483887,2.3507378101348877,2.166276693344116,1.8957761526107788,1.540658712387085,1.3485161066055298,1.0164730548858643,0.6858832836151123,0.39138227701187134,0.0,0.38325369358062744,0.6692748665809631,0.9662806987762451,1.3057169914245605,1.5684309005737305,1.8198834657669067,2.3061683177948,2.276785135269165,2.035231590270996,1.6643571853637695,1.5986933708190918,1.2528797388076782,1.1227062940597534,0.8493707776069641,0.5326659083366394,0.789367139339447,0.8717725872993469,1.1041313409805298,1.3727312088012695,1.6288336515426636,1.8543657064437866,2.424686908721924,2.402914524078369,2.1959547996520996,1.818305492401123,1.8537710905075073,1.505045771598816,1.5342220067977905,1.2122045755386353,1.293021321296692,1.0769274234771729,1.2916808128356934,1.2317180633544922,1.5594216585159302,1.807529330253601,1.9369864463806152,2.63334059715271,2.574951171875,2.410163402557373,2.140925645828247,2.1460816860198975,1.9573520421981812,1.9998966455459595,1.7145771980285645,1.907220482826233,1.765833854675293,2.067023277282715,2.067979574203491,2.010113477706909,2.3725569248199463,2.399350643157959
B10,2.983743906021118,2.7185115814208984,2.4305946826934814,2.1079623699188232,1.797688603401184,1.4632209539413452,1.3201384544372559,0.9468531012535095,0.9168072938919067,0.6737196445465088,0.9041908383369446,1.0431286096572876,1.1835700273513794,1.4877614974975586,1.7666295766830444,2.5331833362579346,2.3773295879364014,2.130617141723633,1.8012032508850098,1.6229710578918457,1.2905455827713013,1.012618899345398,0.6508236527442932,0.38325369358062744,0.0,0.3882199823856354,0.6488150954246521,0.9939997792243958,1.279223084449768,1.560471534729004,2.4165775775909424,2.387403726577759,2.1629559993743896,1.822094440460205,1.7321553230285645,1.4196505546569824,1.2158865928649902,0.8792880177497864,0.49535736441612244,0.5403480529785156,0.5297653079032898,0.7228551506996155,0.9978151917457581,1.2743691205978394,1.534529209136963,2.492999315261841,2.4810945987701416,2.28293776512146,1.921610951423645,1.9335365295410156,1.6020679473876953,1.5564759969711304,1.2187402248382568,1.1832435131072998,0.885188639163971,1.0068126916885376,0.8735341429710388,1.1821205615997314,1.4340423345565796,1.5811717510223389,2.650900363922119,2.637364625930786,2.494447708129883,2.2025513648986816,2.2340505123138428,2.007472276687622,2.051154851913452,1.729986548423767,1.8592687845230103,1.6537184715270996,1.9036991596221924,1.844425916671753,1.7358603477478027,2.0809903144836426,2.0701122283935547
B11,3.283444404602051,3.00122332572937,2.7083239555358887,2.3869946002960205,2.054309606552124,1.704573392868042,1.5023233890533447,1.1470019817352295,0.9992116689682007,0.6923523545265198,0.7414610385894775,0.8465929627418518,0.9904006123542786,1.355741024017334,1.6885446310043335,2.8979146480560303,2.752523899078369,2.5087904930114746,2.171010732650757,1.9908992052078247,1.6519973278045654,1.3387954235076904,1.0019235610961914,0.6692748665809631,0.3882199823856354,0.0,0.3921300172805786,0.7969167232513428,1.1553666591644287,1.5100115537643433,2.7899234294891357,2.769775629043579,2.5493037700653076,2.2100400924682617,2.1090123653411865,1.787619709968567,1.557481050491333,1.1997442245483398,0.8108684420585632,0.7410547733306885,0.49038809537887573,0.6637470722198486,0.8430857062339783,1.171118140220642,1.4920132160186768,2.8639824390411377,2.8589298725128174,2.6616671085357666,2.3025779724121094,2.2950024604797363,1.9561513662338257,1.8688020706176758,1.5078116655349731,1.4015965461730957,1.037506103515625,1.0855530500411987,0.8691080808639526,1.0973254442214966,1.378021240234375,1.5413717031478882,3.0105128288269043,3.0105905532836914,2.8685178756713867,2.565385103225708,2.5826284885406494,2.329378366470337,2.333721399307251,1.9822804927825928,2.047224521636963,1.784241795539856,2.0050106048583984,1.888076663017273,1.7266985177993774,2.0369834899902344,1.9852343797683716
B12,3.499946117401123,3.214073657989502,2.9409749507904053,2.636124849319458,2.303964376449585,1.96384596824646,1.725382924079895,1.376631259918213,1.161313772201538,0.7944333553314209,0.7714629173278809,0.677349328994751,0.6750140190124512,1.0303343534469604,1.3527283668518066,2.9948599338531494,2.8952102661132812,2.691213607788086,2.3690435886383057,2.2378945350646973,1.9232896566390991,1.6412148475646973,1.292107343673706,0.9662806987762451,0.6488150954246521,0.3921300172805786,0.0,0.4063234031200409,0.7793574333190918,1.1591399908065796,2.8710837364196777,2.8870832920074463,2.707429885864258,2.3949015140533447,2.329378843307495,2.0469489097595215,1.8264350891113281,1.475791335105896,1.1003377437591553,0.947317898273468,0.6569457054138184,0.5818073749542236,0.5574363470077515,0.8363839387893677,1.1552633047103882,2.9380240440368652,2.973177909851074,2.8138015270233154,2.4795494079589844,2.5037927627563477,2.199216604232788,2.1113200187683105,1.7758264541625977,1.6323143243789673,1.2603777647018433,1.1968176364898682,0.8617400527000427,0.9594390988349915,1.162924885749817,1.2565851211547852,3.0824713706970215,3.1315627098083496,3.033428430557251,2.745386838912964,2.812560796737671,2.568720817565918,2.608612060546875,2.2616732120513916,2.311436891555786,2.027569532394409,2.1961116790771484,2.0289788246154785,1.8137699365615845,2.083242177963257,1.9619237184524536
B13,3.717296838760376,3.431727886199951,3.181020736694336,2.895287036895752,2.569783926010132,2.2451775074005127,1.9854178428649902,1.652894377708435,1.403685450553894,1.0320874452590942,0.9750858545303345,0.7093607187271118,0.47346675395965576,0.740450382232666,1.019098162651062,3.0974318981170654,3.0448997020721436,2.883023500442505,2.5814335346221924,2.498382329940796,2.211815357208252,1.9618464708328247,1.6130175590515137,1.3057169914245605,0.9939997792243958,0.7969167232513428,0.4063234031200409,0.0,0.3944050073623657,0.8029617667198181,2.9617741107940674,3.014927864074707,2.878918409347534,2.5969791412353516,2.568471908569336,2.3258893489837646,2.122091054916382,1.787946105003357,1.43431556224823,1.2458142042160034,0.9769054055213928,0.7434583306312561,0.477181613445282,0.5639782547950745,0.8349707722663879,3.0224380493164062,3.0985822677612305,2.980172634124756,2.6753053665161133,2.732602834701538,2.464634895324707,2.383875608444214,2.0782577991485596,1.916648030281067,1.5574088096618652,1.4191277027130127,1.0257456302642822,0.9834506511688232,1.0548427104949951,1.0287299156188965,3.1663172245025635,3.2630441188812256,3.2102577686309814,2.9433250427246094,3.058229923248291,2.830049991607666,2.9054148197174072,2.5696871280670166,2.6137280464172363,2.322808027267456,2.4478037357330322,2.246495485305786,1.9949148893356323,2.221158266067505,2.0388476848602295
