,A1,A2,A3,A4,A5,A6,A7,A8,A9,A10,A11,A12,A13,A14,A15,B1,B2,B3,B4,B5,B6,B7,B8,B9,B10,B11,B12,B13,B14,B15,C1,C2,C3,C4,C5,C6,C7,C8,C9,C10,C11,C12,C13,C14,C15,D1,D2,D3,D4,D5,D6,D7,D8,D9,D10,D11,D12,D13,D14,D15,E1,E2,E3,E4,E5,E6,E7,E8,E9,E10,E11,E12,E13,E14,E15
A1,0.0,0.3725969195365906,0.6361569166183472,0.913852334022522,1.1900743246078491,1.479284405708313,1.7145187854766846,2.011655569076538,2.2119007110595703,2.5804283618927,2.697462320327759,2.981769323348999,3.3489274978637695,3.3989920616149902,3.780834197998047,2.640857219696045,2.5305516719818115,2.4074716567993164,2.2875518798828125,2.170776844024658,2.1416635513305664,2.0462889671325684,2.3389732837677,2.457444429397583,2.804605722427368,3.0020198822021484,3.164381980895996,3.5637426376342773,3.682323455810547,4.038408279418945,3.3858771324157715,3.23075270652771,3.15264630317688,2.9447875022888184,2.8139915466308594,2.720463514328003,2.54692006111145,2.7113611698150635,2.813182830810547,3.0959784984588623,3.3538341522216797,3.4230005741119385,3.8087265491485596,3.977374315261841,4.29238224029541,4.074624061584473,3.939211845397949,3.8401646614074707,3.5397472381591797,3.418896198272705,3.2219324111938477,3.0623714923858643,3.0650722980499268,3.2077748775482178,3.4130654335021973,3.7247729301452637,3.725090742111206,4.097936153411865,4.294029235839844,4.570510387420654,4.815275192260742,4.647445201873779,4.553561687469482,4.20912504196167,4.095462322235107,3.794299364089966,3.6893012523651123,3.520508050918579,3.80525803565979,3.735739231109619,4.097364902496338,4.025060176849365,4.3175764083862305,4.622750282287598,4.809859752655029
A2,0.3725969195365906,0.0,0.37870046496391296,0.5564452409744263,0.8762956857681274,1.1335289478302002,1.3618286848068237,1.6602985858917236,1.8531687259674072,2.2203257083892822,2.328259229660034,2.6189844608306885,2.9822964668273926,3.029620885848999,3.413119316101074,2.3149538040161133,2.23002290725708,2.1060404777526855,1.9558933973312378,1.8546315431594849,1.7969337701797485,1.7184475660324097,2.003542423248291,2.1007165908813477,2.449404716491699,2.636697769165039,2.7976791858673096,3.197058916091919,3.3108954429626465,3.66692852973938,3.0647246837615967,2.9335806369781494,2.864042043685913,2.6355531215667725,2.5247645378112793,2.406733274459839,2.2508883476257324,2.3993120193481445,2.4756860733032227,2.755746364593506,3.002995252609253,3.06361722946167,3.4498348236083984,3.612370252609253,3.9252121448516846,3.760368824005127,3.644221544265747,3.5572586059570312,3.243978500366211,3.143876791000366,2.9280033111572266,2.7885873317718506,2.772122383117676,2.8898518085479736,3.0912890434265137,3.3921945095062256,3.3802895545959473,3.7526581287384033,3.940920352935791,4.213972568511963,4.515476226806641,4.361478328704834,4.28037166595459,3.928426742553711,3.836199998855591,3.5246520042419434,3.4391567707061768,3.250148296356201,3.5251266956329346,3.439387321472168,3.794668197631836,3.7048723697662354,3.997339963912964,4.294609069824219,4.475493431091309
A3,0.6361569166183472,0.37870046496391296,0.0,0.38190028071403503,0.5617215633392334,0.8775445818901062,1.1283502578735352,1.4062738418579102,1.633180856704712,1.993216872215271,2.1543877124786377,2.4320435523986816,2.7967848777770996,2.886744260787964,3.2713263034820557,2.33768630027771,2.2708163261413574,2.100374937057495,1.9034903049468994,1.759194016456604,1.652472972869873,1.5047086477279663,1.7563825845718384,1.8775925636291504,2.2085015773773193,2.4359688758850098,2.5901927947998047,2.987278938293457,3.1364307403564453,3.493440866470337,2.993131160736084,2.883734941482544,2.777747392654419,2.51857590675354,2.3789920806884766,2.2238850593566895,2.025461196899414,2.141063928604126,2.2324912548065186,2.4930543899536133,2.7687137126922607,2.8307902812957764,3.211529016494751,3.4023635387420654,3.7167131900787354,3.6073856353759766,3.5094528198242188,3.394788980484009,3.067779302597046,2.9450900554656982,2.706852912902832,2.535808801651001,2.4943666458129883,2.621288299560547,2.802548408508301,3.1211118698120117,3.1137118339538574,3.481963872909546,3.693218231201172,3.966512680053711,4.28946590423584,4.149514675140381,4.045646667480469,3.6865501403808594,3.5778393745422363,3.254152297973633,3.1442949771881104,2.9449331760406494,3.209667682647705,3.120479106903076,3.4768593311309814,3.3977737426757812,3.684602737426758,3.994002342224121,4.180047512054443
A4,0.913852334022522,0.5564452409744263,0.38190028071403503,0.0,0.3844693899154663,0.5872328877449036,0.8120244145393372,1.1045624017715454,1.3057063817977905,1.6687405109405518,1.7985029220581055,2.0896568298339844,2.4498469829559326,2.521709680557251,2.908151388168335,1.9998551607131958,1.9692438840866089,1.8172147274017334,1.5889161825180054,1.4875699281692505,1.3432954549789429,1.2476701736450195,1.4901330471038818,1.563118577003479,1.9019813537597656,2.1005196571350098,2.2524290084838867,2.6517138481140137,2.78241229057312,3.1385786533355713,2.687985897064209,2.608079671859741,2.5287973880767822,2.2518391609191895,2.1545791625976562,1.9742558002471924,1.8204550743103027,1.917338252067566,1.9599549770355225,2.2204153537750244,2.4699764251708984,2.5159058570861816,2.899519681930542,3.0722672939300537,3.382105588912964,3.337618112564087,3.261634111404419,3.1748125553131104,2.8362865447998047,2.75276780128479,2.4959468841552734,2.3674538135528564,2.3044676780700684,2.3878228664398193,2.5677223205566406,2.8633005619049072,2.834040641784668,3.2025115489959717,3.3949215412139893,3.662081718444824,4.063599109649658,3.938587188720703,3.8608720302581787,3.495469570159912,3.4231698513031006,3.0910215377807617,3.017882823944092,2.7940495014190674,3.0454769134521484,2.933018445968628,3.278017997741699,3.16874361038208,3.4558780193328857,3.7499117851257324,3.923919439315796
A5,1.1900743246078491,0.8762956857681274,0.5617215633392334,0.3844693899154663,0.0,0.3902292251586914,0.6073572039604187,0.8678327798843384,1.1053359508514404,1.4553563594818115,1.655945062637329,1.9181501865386963,2.279426097869873,2.404515504837036,2.785851001739502,2.1220836639404297,2.118879795074463,1.9281573295593262,1.6523919105529785,1.5133439302444458,1.3012615442276,1.1195882558822632,1.2896137237548828,1.3793007135391235,1.6833114624023438,1.9326629638671875,2.063993215560913,2.4579966068267822,2.6330649852752686,2.984116315841675,2.6959171295166016,2.647902250289917,2.532951593399048,2.222503900527954,2.099367141723633,1.8690747022628784,1.6686276197433472,1.7066679000854492,1.755728840827942,1.979736089706421,2.2636735439300537,2.301053047180176,2.6742641925811768,2.8828577995300293,3.18847918510437,3.2457947731018066,3.197016954421997,3.0819437503814697,2.7281975746154785,2.6235015392303467,2.3363709449768066,2.173691511154175,2.0682921409606934,2.1524345874786377,2.2970588207244873,2.61257004737854,2.5799601078033447,2.9399585723876953,3.161680221557617,3.4234859943389893,3.882296085357666,3.778848886489868,3.6765286922454834,3.302563428878784,3.2147815227508545,2.8662660121917725,2.765404462814331,2.521752119064331,2.7527341842651367,2.6272313594818115,2.970109701156616,2.8668088912963867,3.142347812652588,3.4522953033447266,3.6272401809692383
A6,1.479284405708313,1.1335289478302002,0.8775445818901062,0.5872328877449036,0.3902292251586914,0.0,0.38914257287979126,0.5438405275344849,0.8289799690246582,1.1513510942459106,1.3412575721740723,1.640389084815979,1.9771475791931152,2.0955564975738525,2.48451566696167,1.8053640127182007,1.8209501504898071,1.6177150011062622,1.3122237920761108,1.1820603609085083,0.9283181428909302,0.7668228149414062,0.9305540919303894,1.005354881286621,1.3318312168121338,1.5651134252548218,1.7289698123931885,2.1213910579681396,2.282618284225464,2.646364212036133,2.3247568607330322,2.298980236053467,2.1897482872009277,1.8637261390686035,1.7657946348190308,1.5134015083312988,1.3495076894760132,1.377778172492981,1.3956716060638428,1.6380245685577393,1.901491641998291,1.9535984992980957,2.336045503616333,2.5264828205108643,2.8449127674102783,2.8733394145965576,2.8384101390838623,2.739651679992676,2.3792622089385986,2.303635597229004,2.00557017326355,1.8829879760742188,1.769911527633667,1.822982907295227,1.9854408502578735,2.2806661128997803,2.250849485397339,2.620603561401367,2.8203952312469482,3.093879461288452,3.5399534702301025,3.4427621364593506,3.3622097969055176,2.9863734245300293,2.9299261569976807,2.5804576873779297,2.519793748855591,2.2649905681610107,2.494577169418335,2.363646984100342,2.701655387878418,2.5843589305877686,2.8761825561523438,3.165356159210205,3.3459033966064453
A7,1.7145187854766846,1.3618286848068237,1.1283502578735352,0.8120244145393372,0.6073572039604187,0.38914257287979126,0.0,0.3834015727043152,0.5055959820747375,0.8743181824684143,1.0552699565887451,1.3127385377883911,1.6761109828948975,1.8010612726211548,2.1798126697540283,1.8185316324234009,1.9130693674087524,1.7594096660614014,1.414563536643982,1.3663051128387451,1.039762020111084,0.9499635100364685,0.9846687316894531,0.9197537302970886,1.189758062362671,1.4022730588912964,1.4876092672348022,1.8861407041549683,2.054156541824341,2.3930587768554688,2.3773765563964844,2.412106513977051,2.3373942375183105,1.9868108034133911,1.9433447122573853,1.6421606540679932,1.5232150554656982,1.466049075126648,1.3894634246826172,1.5619243383407593,1.8028777837753296,1.7773447036743164,2.1446661949157715,2.3407037258148193,2.6247620582580566,2.928222894668579,2.9420933723449707,2.8688478469848633,2.494171619415283,2.458247661590576,2.1265718936920166,2.0355989933013916,1.8590737581253052,1.838828206062317,1.9392390251159668,2.209670305252075,2.113917112350464,2.460554599761963,2.663426637649536,2.8992254734039307,3.5861856937408447,3.5276968479156494,3.4620113372802734,3.0781779289245605,3.0520808696746826,2.686603307723999,2.6399500370025635,2.343244791030884,2.5214436054229736,2.336616039276123,2.6429858207702637,2.4753308296203613,2.7322139739990234,3.020681619644165,3.1623380184173584
A8,2.011655569076538,1.6602985858917236,1.4062738418579102,1.1045624017715454,0.8678327798843384,0.5438405275344849,0.3834015727043152,0.0,0.3790828585624695,0.6239460706710815,0.8786270618438721,1.1549217700958252,1.4715003967285156,1.6353518962860107,2.014444589614868,1.7489594221115112,1.8496668338775635,1.6570501327514648,1.2926445007324219,1.2160447835922241,0.8487029671669006,0.721169114112854,0.6402187347412109,0.5675777196884155,0.8284487724304199,1.0826127529144287,1.2070326805114746,1.5956807136535645,1.7871373891830444,2.141310453414917,2.1376748085021973,2.199392557144165,2.0978245735168457,1.7279820442199707,1.679845929145813,1.3419406414031982,1.225238561630249,1.1143243312835693,1.015735149383545,1.1806281805038452,1.4347187280654907,1.4366158246994019,1.8103854656219482,2.017254114151001,2.32190203666687,2.598602771759033,2.632859230041504,2.5485305786132812,2.167562484741211,2.135251045227051,1.7858425378799438,1.7055542469024658,1.5025840997695923,1.4600263833999634,1.5592557191848755,1.8289103507995605,1.749125599861145,2.1065616607666016,2.3104093074798584,2.5657413005828857,3.2136905193328857,3.1667115688323975,3.099804639816284,2.7140228748321533,2.698812246322632,2.3296737670898438,2.298853635787964,1.9909311532974243,2.1601598262786865,1.9733843803405762,2.2788615226745605,2.1145246028900146,2.3889501094818115,2.668867826461792,2.828897714614868
A9,2.2119007110595703,1.8531687259674072,1.633180856704712,1.3057063817977905,1.1053359508514404,0.8289799690246582,0.5055959820747375,0.3790828585624695,0.0,0.3841674029827118,0.5845474600791931,0.8194886445999146,1.1748172044754028,1.3288391828536987,1.7004872560501099,1.747707486152649,1.9210680723190308,1.7928460836410522,1.4164925813674927,1.4330568313598633,1.0498749017715454,1.0332469940185547,0.8989171981811523,0.6606816649436951,0.8140671253204346,0.9862666130065918,1.0011262893676758,1.3975627422332764,1.5763441324234009,1.9007933139801025,2.2028229236602783,2.317560911178589,2.266068935394287,1.8921936750411987,1.9098329544067383,1.5581241846084595,1.5092320442199707,1.353430986404419,1.1573660373687744,1.2403552532196045,1.4311001300811768,1.3332065343856812,1.6840740442276,1.8774296045303345,2.138681650161743,2.6950395107269287,2.771456003189087,2.7262206077575684,2.3434994220733643,2.361142635345459,1.9998754262924194,1.9674016237258911,1.7289931774139404,1.610029697418213,1.649334192276001,1.8676753044128418,1.7100470066070557,2.0344326496124268,2.2238597869873047,2.433110475540161,3.327606439590454,3.3146743774414062,3.2742645740509033,2.8891749382019043,2.9122135639190674,2.5404233932495117,2.535510778427124,2.2016963958740234,2.32047438621521,2.0860962867736816,2.3475451469421387,2.1253714561462402,2.3582828044891357,2.6242823600769043,2.7362124919891357
A10,2.5804283618927,2.2203257083892822,1.993216872215271,1.6687405109405518,1.4553563594818115,1.1513510942459106,0.8743181824684143,0.6239460706710815,0.3841674029827118,0.0,0.38477250933647156,0.565877377986908,0.8564067482948303,1.0689783096313477,1.4256402254104614,1.7846944332122803,1.9895713329315186,1.8602510690689087,1.4836132526397705,1.5155441761016846,1.1290680170059204,1.1340441703796387,0.885444164276123,0.5642054080963135,0.530880868434906,0.6764659285545349,0.6331965327262878,1.0228118896484375,1.233164668083191,1.5547149181365967,2.0791356563568115,2.2484896183013916,2.1968467235565186,1.815072774887085,1.8620408773422241,1.4846737384796143,1.478775143623352,1.2506835460662842,0.9761576652526855,0.9650595188140869,1.1126213073730469,0.9640429615974426,1.3033888339996338,1.5054129362106323,1.7618894577026367,2.474882125854492,2.597898006439209,2.5626626014709473,2.181102991104126,2.2297537326812744,1.854426622390747,1.8611544370651245,1.5828142166137695,1.3917557001113892,1.379417896270752,1.55256187915802,1.3561781644821167,1.6667289733886719,1.8488003015518188,2.049802541732788,3.057227849960327,3.0779812335968018,3.0505964756011963,2.6690447330474854,2.7245240211486816,2.354334831237793,2.379687786102295,2.0272982120513916,2.099877119064331,1.8370968103408813,2.0620174407958984,1.8071309328079224,2.029378890991211,2.2748544216156006,2.376542329788208
A11,2.697462320327759,2.328259229660034,2.1543877124786377,1.7985029220581055,1.655945062637329,1.3412575721740723,1.0552699565887451,0.8786270618438721,0.5845474600791931,0.38477250933647156,0.0,0.3910262882709503,0.6655128598213196,0.7597060799598694,1.1453502178192139,1.5683584213256836,1.8295581340789795,1.7696888446807861,1.4078965187072754,1.534859299659729,1.1749563217163086,1.301499366760254,1.1053863763809204,0.7343965768814087,0.7179145216941833,0.644102931022644,0.5588463544845581,0.9368438124656677,1.0388885736465454,1.3558552265167236,1.949505090713501,2.1505022048950195,2.164997100830078,1.802787184715271,1.925195574760437,1.5763862133026123,1.6576876640319824,1.46840238571167,1.1513135433197021,1.1567983627319336,1.1872141361236572,0.9981780648231506,1.3158046007156372,1.4306046962738037,1.6619598865509033,2.447845220565796,2.5837275981903076,2.606139659881592,2.2379567623138428,2.34686279296875,1.9930874109268188,2.067626953125,1.817983627319336,1.5911723375320435,1.5996464490890503,1.7003343105316162,1.4755810499191284,1.761198878288269,1.8737202882766724,2.0499463081359863,3.1314644813537598,3.156623125076294,3.1763062477111816,2.8069136142730713,2.908397674560547,2.556800127029419,2.63150954246521,2.290156364440918,2.35902738571167,2.097719669342041,2.293006181716919,2.009509563446045,2.218674659729004,2.417619228363037,2.4890975952148438
A12,2.981769323348999,2.6189844608306885,2.4320435523986816,2.0896568298339844,1.9181501865386963,1.640389084815979,1.3127385377883911,1.1549217700958252,0.8194886445999146,0.565877377986908,0.3910262882709503,0.0,0.3995712101459503,0.5959331393241882,0.9134974479675293,1.9076482057571411,2.192491292953491,2.1487550735473633,1.7921704053878784,1.9184644222259521,1.555350422859192,1.6490567922592163,1.4085112810134888,1.0467859506607056,0.9111105799674988,0.8302168846130371,0.5386992692947388,0.8194928765296936,0.9601190686225891,1.1861289739608765,2.238860607147217,2.4750466346740723,2.4930269718170166,2.1316916942596436,2.257281541824341,1.8951654434204102,1.964644432067871,1.7249279022216797,1.3916288614273071,1.2928290367126465,1.2960997819900513,1.0004305839538574,1.2255635261535645,1.3601703643798828,1.5079962015151978,2.653061628341675,2.83162784576416,2.8560373783111572,2.492403984069824,2.6078546047210693,2.242570161819458,2.3122785091400146,2.021686553955078,1.7594690322875977,1.6820056438446045,1.7466922998428345,1.450594425201416,1.6651737689971924,1.788582444190979,1.8931562900543213,3.248027801513672,3.3161494731903076,3.333677053451538,2.968707323074341,3.0800650119781494,2.7249701023101807,2.791471242904663,2.4286892414093018,2.438047409057617,2.135432243347168,2.2787485122680664,1.9543858766555786,2.0977964401245117,2.2906014919281006,2.306124687194824
A13,3.3489274978637695,2.9822964668273926,2.7967848777770996,2.4498469829559326,2.279426097869873,1.9771475791931152,1.6761109828948975,1.4715003967285156,1.1748172044754028,0.8564067482948303,0.6655128598213196,0.3995712101459503,0.0,0.37371203303337097,0.605475902557373,1.9967669248580933,2.300554037094116,2.269862651824951,1.937373161315918,2.081843614578247,1.745420217514038,1.8641917705535889,1.5908317565917969,1.2301006317138672,1.005331039428711,0.8149714469909668,0.44690486788749695,0.5186916589736938,0.6188027858734131,0.7918061017990112,2.1760826110839844,2.4612667560577393,2.495584011077881,2.15242600440979,2.314319372177124,1.9627593755722046,2.0807864665985107,1.8186019659042358,1.4537087678909302,1.2900885343551636,1.1875923871994019,0.8343726992607117,0.9591735005378723,1.036126971244812,1.1328965425491333,2.502361536026001,2.726375102996826,2.7778737545013428,2.435343027114868,2.5921220779418945,2.24009370803833,2.358934164047241,2.0632762908935547,1.7498944997787476,1.6371829509735107,1.6132720708847046,1.2799063920974731,1.432131290435791,1.4979119300842285,1.5637414455413818,3.060063123703003,3.1628031730651855,3.209188461303711,2.863102674484253,3.017206907272339,2.6829233169555664,2.790414571762085,2.431698799133301,2.3986611366271973,2.0878634452819824,2.173609972000122,1.8208414316177368,1.9351335763931274,2.0711092948913574,2.057060718536377
A14,3.3989920616149902,3.029620885848999,2.886744260787964,2.521709680557251,2.404515504837036,2.0955564975738525,1.8010612726211548,1.6353518962860107,1.3288391828536987,1.0689783096313477,0.7597060799598694,0.5959331393241882,0.37371203303337097,0.0,0.3969721794128418,1.8233057260513306,2.160451650619507,2.190061330795288,1.8867027759552002,2.0934743881225586,1.790257453918457,1.9801337718963623,1.75709867477417,1.3832927942276,1.2261525392532349,0.9571385979652405,0.6903011202812195,0.7372329235076904,0.6266424655914307,0.766459047794342,2.084308624267578,2.3813636302948,2.472994565963745,2.1574277877807617,2.3703129291534424,2.053158760070801,2.223642349243164,2.007840394973755,1.6377671957015991,1.5324376821517944,1.380592942237854,1.0715606212615967,1.192090392112732,1.1580307483673096,1.2316011190414429,2.520618200302124,2.7383055686950684,2.838228702545166,2.5121023654937744,2.7089595794677734,2.382446050643921,2.54308819770813,2.2837069034576416,1.9717106819152832,1.9085774421691895,1.8575986623764038,1.547823429107666,1.6969523429870605,1.6934585571289062,1.7506533861160278,3.187220811843872,3.2778000831604004,3.3630199432373047,3.029080629348755,3.2112717628479004,2.8941290378570557,3.0343713760375977,2.6926591396331787,2.682225227355957,2.391279935836792,2.4787728786468506,2.1306915283203125,2.254580020904541,2.3553202152252197,2.3329687118530273
A15,3.780834197998047,3.413119316101074,3.2713263034820557,2.908151388168335,2.785851001739502,2.48451566696167,2.1798126697540283,2.014444589614868,1.7004872560501099,1.4256402254104614,1.1453502178192139,0.9134974479675293,0.605475902557373,0.3969721794128418,0.0,2.1356163024902344,2.485072135925293,2.535586357116699,2.2506484985351562,2.4661269187927246,2.173614978790283,2.3619542121887207,2.121413469314575,1.7533175945281982,1.554449439048767,1.27786123752594,0.9809030890464783,0.8711273670196533,0.7059537172317505,0.613329291343689,2.3259036540985107,2.6524932384490967,2.760768413543701,2.4639761447906494,2.693438768386841,2.3840391635894775,2.5669033527374268,2.332688093185425,1.956274151802063,1.802931785583496,1.608534336090088,1.269675612449646,1.2692488431930542,1.180618405342102,1.1212060451507568,2.688962459564209,2.9431121349334717,3.063603162765503,2.75872540473938,2.9775867462158203,2.6608452796936035,2.83919358253479,2.5690999031066895,2.23284912109375,2.127070903778076,2.021034002304077,1.681829571723938,1.743408203125,1.694472312927246,1.663743495941162,3.2952983379364014,3.42315411567688,3.527475357055664,3.212972640991211,3.4209237098693848,3.118894338607788,3.2740721702575684,2.9315872192382812,2.87831449508667,2.573528289794922,2.605720281600952,2.2359299659729004,2.301326274871826,2.3551409244537354,2.2741549015045166
B1,2.640857219696045,2.3149538040161133,2.33768630027771,1.9998551607131958,2.1220836639404297,1.8053640127182007,1.8185316324234009,1.7489594221115112,1.747707486152649,1.7846944332122803,1.5683584213256836,1.9076482057571411,1.9967669248580933,1.8233057260513306,2.1356163024902344,0.0,0.3810808062553406,0.6428177952766418,0.6595022678375244,1.0301355123519897,1.1086353063583374,1.5017865896224976,1.6435905694961548,1.5123865604400635,1.7463661432266235,1.5621751546859741,1.8210203647613525,2.0562851428985596,1.906968116760254,2.2378592491149902,1.116192102432251,1.1365450620651245,1.3677746057510376,1.2390117645263672,1.5136772394180298,1.4845619201660156,1.7654082775115967,1.8962421417236328,1.7385540008544922,2.007519006729126,1.9294641017913818,2.0192532539367676,2.335381507873535,2.2452802658081055,2.5454678535461426,2.125086784362793,2.079906463623047,2.2414658069610596,1.9970641136169434,2.196732997894287,2.051647186279297,2.265493392944336,2.278500556945801,2.1710634231567383,2.426370859146118,2.472540855407715,2.445521354675293,2.771467924118042,2.7272884845733643,2.997513771057129,3.220799446105957,3.1027708053588867,3.233753204345703,2.9404025077819824,3.0920653343200684,2.858713150024414,3.047795057296753,2.858546495437622,3.07169246673584,2.9715445041656494,3.2141172885894775,3.0342767238616943,3.345865488052368,3.4586853981018066,3.611250400543213
B2,2.5305516719818115,2.23002290725708,2.2708163261413574,1.9692438840866089,2.118879795074463,1.8209501504898071,1.9130693674087524,1.8496668338775635,1.9210680723190308,1.9895713329315186,1.8295581340789795,2.192491292953491,2.300554037094116,2.160451650619507,2.485072135925293,0.3810808062553406,0.0,0.3823384940624237,0.6057857275009155,0.902190089225769,1.1087054014205933,1.4729920625686646,1.6827698945999146,1.6359449625015259,1.9074419736862183,1.7743394374847412,2.0763354301452637,2.3229012489318848,2.2012453079223633,2.5496232509613037,1.1095612049102783,0.996497392654419,1.2035138607025146,1.1416566371917725,1.372436285018921,1.4298077821731567,1.6938912868499756,1.8967516422271729,1.8121987581253052,2.1264522075653076,2.082033634185791,2.229804515838623,2.5601325035095215,2.4869680404663086,2.8142642974853516,2.1140778064727783,1.9998211860656738,2.140399932861328,1.9236582517623901,2.0902202129364014,1.9950542449951172,2.1930487155914307,2.266752004623413,2.218022346496582,2.516857147216797,2.588531732559204,2.6143476963043213,2.959068536758423,2.9257423877716064,3.226388931274414,3.218392848968506,3.0575082302093506,3.1773993968963623,2.8976657390594482,3.0237700939178467,2.8131542205810547,2.995467185974121,2.846437454223633,3.0978009700775146,3.040048360824585,3.3068246841430664,3.1679232120513916,3.5044679641723633,3.6251537799835205,3.809661388397217
B3,2.4074716567993164,2.1060404777526855,2.100374937057495,1.8172147274017334,1.9281573295593262,1.6177150011062622,1.7594096660614014,1.6570501327514648,1.7928460836410522,1.8602510690689087,1.7696888446807861,2.1487550735473633,2.269862651824951,2.190061330795288,2.535586357116699,0.6428177952766418,0.3823384940624237,0.0,0.379172682762146,0.5592672824859619,0.8444504737854004,1.1710598468780518,1.4049608707427979,1.4290103912353516,1.7178761959075928,1.6427557468414307,1.9837943315505981,2.2435617446899414,2.1739089488983154,2.5481882095336914,1.0357890129089355,0.8715512156486511,0.9602459073066711,0.857729434967041,1.025235652923584,1.1002119779586792,1.3415846824645996,1.579676628112793,1.5492075681686401,1.8931944370269775,1.8909586668014526,2.086895227432251,2.4332656860351562,2.399050712585449,2.756476640701294,1.9378317594528198,1.799290657043457,1.8818386793136597,1.6456514596939087,1.7664817571640015,1.6713910102844238,1.842597246170044,1.9403927326202393,1.932681679725647,2.2565600872039795,2.3594911098480225,2.425961971282959,2.7890095710754395,2.784499406814575,3.1129086017608643,2.986536979675293,2.8096561431884766,2.895765542984009,2.606558322906494,2.7016611099243164,2.4872043132781982,2.651693344116211,2.517408847808838,2.7901809215545654,2.7570269107818604,3.0436134338378906,2.937340497970581,3.291930913925171,3.4287338256835938,3.6415562629699707
B4,2.2875518798828125,1.9558933973312378,1.9034903049468994,1.5889161825180054,1.6523919105529785,1.3122237920761108,1.414563536643982,1.2926445007324219,1.4164925813674927,1.4836132526397705,1.4078965187072754,1.7921704053878784,1.937373161315918,1.8867027759552002,2.2506484985351562,0.6595022678375244,0.6057857275009155,0.379172682762146,0.0,0.37788987159729004,0.5048772096633911,0.876397430896759,1.07945716381073,1.066370964050293,1.3696879148483276,1.315865159034729,1.6463168859481812,1.9355850219726562,1.900604248046875,2.285905122756958,1.1194466352462769,1.0645179748535156,1.0987907648086548,0.8593446612358093,1.0038020610809326,0.9360690116882324,1.149281620979309,1.3268049955368042,1.2549967765808105,1.5907989740371704,1.616310954093933,1.7813045978546143,2.145481586456299,2.1463451385498047,2.5030391216278076,1.9503933191299438,1.8710541725158691,1.9211963415145874,1.6256071329116821,1.730520248413086,1.5538305044174194,1.6957237720489502,1.7258617877960205,1.6907916069030762,1.9855635166168213,2.110377550125122,2.1428723335266113,2.5129852294921875,2.5394837856292725,2.8579835891723633,2.9343674182891846,2.7932138442993164,2.8532114028930664,2.5316641330718994,2.617079257965088,2.358874559402466,2.4978830814361572,2.3168678283691406,2.5692360401153564,2.4988691806793213,2.787890911102295,2.6587276458740234,3.0025460720062256,3.161062479019165,3.361386775970459
B5,2.170776844024658,1.8546315431594849,1.759194016456604,1.4875699281692505,1.5133439302444458,1.1820603609085083,1.3663051128387451,1.2160447835922241,1.4330568313598633,1.5155441761016846,1.534859299659729,1.9184644222259521,2.081843614578247,2.0934743881225586,2.4661269187927246,1.0301355123519897,0.902190089225769,0.5592672824859619,0.37788987159729004,0.0,0.39029088616371155,0.6267204284667969,0.9003936052322388,1.020017385482788,1.343883991241455,1.3833049535751343,1.7380683422088623,2.035799503326416,2.0595712661743164,2.4573519229888916,1.2533316612243652,1.1413921117782593,1.0459047555923462,0.7861419320106506,0.7780519127845764,0.7226911187171936,0.8499614596366882,1.0965443849563599,1.1287100315093994,1.5016025304794312,1.5957796573638916,1.8133902549743652,2.1868908405303955,2.234539747238159,2.6135025024414062,1.9267737865447998,1.8131260871887207,1.7888697385787964,1.4837912321090698,1.508933663368225,1.3359709978103638,1.4157116413116455,1.4840625524520874,1.5234880447387695,1.8490805625915527,2.02250075340271,2.10705828666687,2.4934871196746826,2.556631565093994,2.9006896018981934,2.8226966857910156,2.6585309505462646,2.67389178276062,2.34633731842041,2.3824470043182373,2.1214816570281982,2.225785970687866,2.0684001445770264,2.354891061782837,2.320436716079712,2.6382856369018555,2.5552845001220703,2.918320894241333,3.098745822906494,3.331206798553467
B6,2.1416635513305664,1.7969337701797485,1.652472972869873,1.3432954549789429,1.3012615442276,0.9283181428909302,1.039762020111084,0.8487029671669006,1.0498749017715454,1.1290680170059204,1.1749563217163086,1.555350422859192,1.745420217514038,1.790257453918457,2.173614978790283,1.1086353063583374,1.1087054014205933,0.8444504737854004,0.5048772096633911,0.39029088616371155,0.0,0.395558625459671,0.5955039858818054,0.6516709923744202,1.0022870302200317,1.077427625656128,1.4048867225646973,1.7340160608291626,1.7961902618408203,2.1950016021728516,1.3985610008239746,1.3870972394943237,1.3001967668533325,0.9637794494628906,0.9677104949951172,0.738189160823822,0.8105359673500061,0.9287823438644409,0.8834251761436462,1.2318304777145386,1.3594160079956055,1.5245392322540283,1.9127459526062012,1.9977571964263916,2.365222930908203,2.0108845233917236,1.9672784805297852,1.9319475889205933,1.583088755607605,1.6083967685699463,1.348069667816162,1.3974170684814453,1.3620994091033936,1.3502894639968872,1.6235467195510864,1.8168948888778687,1.8488342761993408,2.236870288848877,2.331956148147583,2.6557157039642334,2.8368091583251953,2.7193031311035156,2.717087745666504,2.3621411323547363,2.3979227542877197,2.0922648906707764,2.1707282066345215,1.952174425125122,2.2013673782348633,2.112776756286621,2.4259603023529053,2.3070404529571533,2.651092052459717,2.853302240371704,3.063957691192627
B7,2.0462889671325684,1.7184475660324097,1.5047086477279663,1.2476701736450195,1.1195882558822632,0.7668228149414062,0.9499635100364685,0.721169114112854,1.0332469940185547,1.1340441703796387,1.301499366760254,1.6490567922592163,1.8641917705535889,1.9801337718963623,2.3619542121887207,1.5017865896224976,1.4729920625686646,1.1710598468780518,0.876397430896759,0.6267204284667969,0.395558625459671,0.0,0.38381218910217285,0.6444286108016968,0.9832559823989868,1.186806082725525,1.4937920570373535,1.8280526399612427,1.962264895439148,2.3578600883483887,1.682008147239685,1.652418613433838,1.4842256307601929,1.1442887783050537,1.0169228315353394,0.7499851584434509,0.6163799166679382,0.7244060635566711,0.8028273582458496,1.1500734090805054,1.3779670000076294,1.5638619661331177,1.9500324726104736,2.0989458560943604,2.4712116718292236,2.131146192550659,2.0821139812469482,1.9728559255599976,1.6142481565475464,1.5491584539413452,1.2630301713943481,1.199465036392212,1.1474246978759766,1.2141649723052979,1.4811689853668213,1.7438220977783203,1.808276891708374,2.2029778957366943,2.353229284286499,2.68626070022583,2.8181374073028564,2.698841094970703,2.63920521736145,2.27235746383667,2.247072219848633,1.9203678369522095,1.9328876733779907,1.7120699882507324,1.9806376695632935,1.9082396030426025,2.251891851425171,2.1732795238494873,2.5232625007629395,2.7614188194274902,2.994206190109253
B8,2.3389732837677,2.003542423248291,1.7563825845718384,1.4901330471038818,1.2896137237548828,0.9305540919303894,0.9846687316894531,0.6402187347412109,0.8989171981811523,0.885444164276123,1.1053863763809204,1.4085112810134888,1.5908317565917969,1.75709867477417,2.121413469314575,1.6435905694961548,1.6827698945999146,1.4049608707427979,1.07945716381073,0.9003936052322388,0.5955039858818054,0.38381218910217285,0.0,0.37796831130981445,0.6370623707771301,0.9017945528030396,1.1927120685577393,1.5088318586349487,1.6866719722747803,2.0727317333221436,1.7014695405960083,1.7504645586013794,1.5781891345977783,1.2034329175949097,1.1058955192565918,0.7414657473564148,0.6153611540794373,0.4965319037437439,0.4763566851615906,0.7827137112617493,1.0463768243789673,1.2188341617584229,1.598439335823059,1.7801706790924072,2.14704966545105,2.0236458778381348,2.040339708328247,1.9242056608200073,1.5438569784164429,1.4960182905197144,1.146825909614563,1.08992338180542,0.9238590002059937,0.913497269153595,1.1302608251571655,1.3992884159088135,1.4406416416168213,1.8331947326660156,2.004460096359253,2.330420970916748,2.620215654373169,2.5471439361572266,2.4803409576416016,2.098841428756714,2.091144323348999,1.7366091012954712,1.7519947290420532,1.4765610694885254,1.695694923400879,1.5781506299972534,1.9074920415878296,1.8042030334472656,2.146461009979248,2.3887338638305664,2.6149139404296875
B9,2.457444429397583,2.1007165908813477,1.8775925636291504,1.563118577003479,1.3793007135391235,1.005354881286621,0.9197537302970886,0.5675777196884155,0.6606816649436951,0.5642054080963135,0.7343965768814087,1.0467859506607056,1.2301006317138672,1.3832927942276,1.7533175945281982,1.5123865604400635,1.6359449625015259,1.4290103912353516,1.066370964050293,1.020017385482788,0.6516709923744202,0.6444286108016968,0.37796831130981445,0.0,0.3802679777145386,0.5913081765174866,0.8535081148147583,1.20301353931427,1.3659846782684326,1.7502360343933105,1.662954568862915,1.7803375720977783,1.6800438165664673,1.294385552406311,1.304593801498413,0.9291033148765564,0.9340841770172119,0.7636927366256714,0.5279353260993958,0.726690948009491,0.9127916693687439,0.9823379516601562,1.3758080005645752,1.5401052236557007,1.885000228881836,2.057082414627075,2.1255619525909424,2.067507743835449,1.683922529220581,1.7129831314086914,1.3536598682403564,1.3735651969909668,1.16184663772583,1.0286449193954468,1.167249321937561,1.3727383613586426,1.3168882131576538,1.6952725648880005,1.846114158630371,2.137505531311035,2.7037532329559326,2.669212818145752,2.640881299972534,2.260342836380005,2.3054616451263428,1.9499361515045166,2.001572370529175,1.6934962272644043,1.8499672412872314,1.6695986986160278,1.9518719911575317,1.7743852138519287,2.0830628871917725,2.309709310531616,2.4901845455169678
B10,2.804605722427368,2.449404716491699,2.2085015773773193,1.9019813537597656,1.6833114624023438,1.3318312168121338,1.189758062362671,0.8284487724304199,0.8140671253204346,0.530880868434906,0.7179145216941833,0.9111105799674988,1.005331039428711,1.2261525392532349,1.554449439048767,1.7463661432266235,1.9074419736862183,1.7178761959075928,1.3696879148483276,1.343883991241455,1.0022870302200317,0.9832559823989868,0.6370623707771301,0.3802679777145386,0.0,0.38076484203338623,0.5825235843658447,0.8844961524009705,1.1102993488311768,1.47438383102417,1.7494845390319824,1.929909586906433,1.8281935453414917,1.444994568824768,1.4760425090789795,1.0841983556747437,1.1077051162719727,0.8248268365859985,0.4898388683795929,0.4564589858055115,0.6241160035133362,0.6274524927139282,1.0130729675292969,1.2177873849868774,1.552804946899414,1.993007779121399,2.1263344287872314,2.0689306259155273,1.6886826753616333,1.740525484085083,1.3599908351898193,1.4019087553024292,1.1167713403701782,0.8815808892250061,0.9099507927894592,1.074766993522644,0.9589930176734924,1.3265060186386108,1.4933167695999146,1.7718095779418945,2.532043933868408,2.5485658645629883,2.521071195602417,2.1410117149353027,2.2123494148254395,1.8506560325622559,1.9157556295394897,1.5737004280090332,1.656010627746582,1.4247585535049438,1.662270426750183,1.4417848587036133,1.7311705350875854,1.9494088888168335,2.1155834197998047
B11,3.0020198822021484,2.636697769165039,2.4359688758850098,2.1005196571350098,1.9326629638671875,1.5651134252548218,1.4022730588912964,1.0826127529144287,0.9862666130065918,0.6764659285545349,0.644102931022644,0.8302168846130371,0.8149714469909668,0.9571385979652405,1.27786123752594,1.5621751546859741,1.7743394374847412,1.6427557468414307,1.315865159034729,1.3833049535751343,1.077427625656128,1.186806082725525,0.9017945528030396,0.5913081765174866,0.38076484203338623,0.0,0.3958665430545807,0.6594134569168091,0.7854753732681274,1.1753596067428589,1.5409516096115112,1.7792394161224365,1.7436202764511108,1.380643606185913,1.5085781812667847,1.1518375873565674,1.2943719625473022,1.0600959062576294,0.6853087544441223,0.6461688876152039,0.5669006705284119,0.5009050965309143,0.878035843372345,0.9773117899894714,1.3152326345443726,1.8484220504760742,2.015340805053711,2.0264322757720947,1.6643673181533813,1.7995407581329346,1.4494974613189697,1.5869916677474976,1.340016484260559,1.0516599416732788,1.0882230997085571,1.1272611618041992,0.9668727517127991,1.29913330078125,1.3743284940719604,1.6373491287231445,2.48803448677063,2.5195302963256836,2.55049729347229,2.1891591548919678,2.324313163757324,1.9923158884048462,2.123262643814087,1.7997822761535645,1.8616334199905396,1.6322892904281616,1.8165216445922852,1.5591013431549072,1.827670693397522,1.9829069375991821,2.1177361011505127
B12,3.164381980895996,2.7976791858673096,2.5901927947998047,2.2524290084838867,2.063993215560913,1.7289698123931885,1.4876092672348022,1.2070326805114746,1.0011262893676758,0.6331965327262878,0.5588463544845581,0.5386992692947388,0.44690486788749695,0.6903011202812195,0.9809030890464783,1.8210203647613525,2.0763354301452637,1.9837943315505981,1.6463168859481812,1.7380683422088623,1.4048867225646973,1.4937920570373535,1.1927120685577393,0.8535081148147583,0.5825235843658447,0.3958665430545807,0.0,0.4014124572277069,0.617384672164917,0.9456461668014526,1.8801714181900024,2.1435110569000244,2.129854917526245,1.7725601196289062,1.9030548334121704,1.5402988195419312,1.6492990255355835,1.3783667087554932,1.010174036026001,0.8553493618965149,0.7750937938690186,0.4770958721637726,0.7580913305282593,0.8960879445075989,1.1408500671386719,2.155306577682495,2.358905553817749,2.377427577972412,2.0230906009674072,2.15790057182312,1.799067735671997,1.9121994972229004,1.621688723564148,1.3125216960906982,1.2371407747268677,1.2471681833267212,0.9689934849739075,1.2215193510055542,1.3181698322296143,1.4946078062057495,2.711261749267578,2.7873010635375977,2.814769744873047,2.457768440246582,2.5959103107452393,2.2566471099853516,2.3653786182403564,2.0142605304718018,2.0135931968688965,1.728513240814209,1.8601155281066895,1.5438945293426514,1.7371573448181152,1.895997166633606,1.9639670848846436
B13,3.5637426376342773,3.197058916091919,2.987278938293457,2.6517138481140137,2.4579966068267822,2.1213910579681396,1.8861407041549683,1.5956807136535645,1.3975627422332764,1.0228118896484375,0.9368438124656677,0.8194928765296936,0.5186916589736938,0.7372329235076904,0.8711273670196533,2.0562851428985596,2.3229012489318848,2.2435617446899414,1.9355850219726562,2.035799503326416,1.7340160608291626,1.8280526399612427,1.5088318586349487,1.20301353931427,0.8844961524009705,0.6594134569168091,0.4014124572277069,0.0,0.372326523065567,0.6211786866188049,1.9582990407943726,2.2670974731445312,2.2634458541870117,1.9337431192398071,2.0886123180389404,1.7461422681808472,1.8859913349151611,1.5941628217697144,1.2255853414535522,0.9885386824607849,0.7858064770698547,0.4127054214477539,0.4598257541656494,0.5451531410217285,0.741426408290863,2.0940301418304443,2.3534300327301025,2.393083095550537,2.0690653324127197,2.238895893096924,1.9002559185028076,2.0524044036865234,1.7555303573608398,1.4018573760986328,1.262865662574768,1.1565887928009033,0.8220205307006836,0.9674519896507263,0.9979650974273682,1.1259974241256714,2.5612072944641113,2.6861250400543213,2.7379889488220215,2.4056801795959473,2.585770845413208,2.2724530696868896,2.415573835372925,2.0711801052093506,2.0083231925964355,1.7114659547805786,1.7620385885238647,1.4122943878173828,1.5549522638320923,1.6470026969909668,1.6767688989639282
