0.000000000000000000e+00,3.855003714561462402e-01,6.225625276565551758e-01,9.465293884277343750e-01,1.247986793518066406e+00,1.581020832061767578e+00,1.897604465484619141e+00,2.216939687728881836e+00,2.560376167297363281e+00,2.897693395614624023e+00,3.236533880233764648e+00,3.531113147735595703e+00,3.691216945648193359e+00,3.430767536163330078e+00,3.413042783737182617e+00,6.903286576271057129e-01,6.697354316711425781e-01,7.776977419853210449e-01,1.072013258934020996e+00,1.309340238571166992e+00,1.648599505424499512e+00,1.926941633224487305e+00,2.252946376800537109e+00,2.586139202117919922e+00,2.916808843612670898e+00,3.255144357681274414e+00,3.538307666778564453e+00,3.688774585723876953e+00,3.397956848144531250e+00,3.425994396209716797e+00,1.216253519058227539e+00,1.128708839416503906e+00,1.198653936386108398e+00,1.384986400604248047e+00,1.557007074356079102e+00,1.845689058303833008e+00,2.078265190124511719e+00,2.386183023452758789e+00,2.699941873550415039e+00,3.014577627182006836e+00,3.341992139816284180e+00,3.590502738952636719e+00,3.753920793533325195e+00,3.462430477142333984e+00,3.513096094131469727e+00,1.756680727005004883e+00,1.619373202323913574e+00,1.687153220176696777e+00,1.798925757408142090e+00,1.916776895523071289e+00,2.146172046661376953e+00,2.328162670135498047e+00,2.601111650466918945e+00,2.889405965805053711e+00,3.177566528320312500e+00,3.478829145431518555e+00,3.706705093383789062e+00,3.876501083374023438e+00,3.600907564163208008e+00,3.660310268402099609e+00,2.294345140457153320e+00,2.132917404174804688e+00,2.198186874389648438e+00,2.258404731750488281e+00,2.343338251113891602e+00,2.512781143188476562e+00,2.655470848083496094e+00,2.881971836090087891e+00,3.124105691909790039e+00,3.381349325180053711e+00,3.653577566146850586e+00,3.873795032501220703e+00,4.073809623718261719e+00,3.823781490325927734e+00,3.913153409957885742e+00
3.855003714561462402e-01,0.000000000000000000e+00,3.810743093490600586e-01,6.148315072059631348e-01,9.520695805549621582e-01,1.256009578704833984e+00,1.587359666824340820e+00,1.893384099006652832e+00,2.245790243148803711e+00,2.572038650512695312e+00,2.916348934173583984e+00,3.205803394317626953e+00,3.370036602020263672e+00,3.098305225372314453e+00,3.081928968429565430e+00,7.615716457366943359e-01,5.702723264694213867e-01,6.998631358146667480e-01,8.678604960441589355e-01,1.110309839248657227e+00,1.398714423179626465e+00,1.682363271713256836e+00,1.982958436012268066e+00,2.320185661315917969e+00,2.632462739944458008e+00,2.973257303237915039e+00,3.246378183364868164e+00,3.399213314056396484e+00,3.102002143859863281e+00,3.128931045532226562e+00,1.279740571975708008e+00,1.105768442153930664e+00,1.191297888755798340e+00,1.274426937103271484e+00,1.440530180931091309e+00,1.667427897453308105e+00,1.898240327835083008e+00,2.170595884323120117e+00,2.483123779296875000e+00,2.772638320922851562e+00,3.100276470184326172e+00,3.333273410797119141e+00,3.499337434768676758e+00,3.207285404205322266e+00,3.254166841506958008e+00,1.811732769012451172e+00,1.618977189064025879e+00,1.700205802917480469e+00,1.735343098640441895e+00,1.852538347244262695e+00,2.022266864776611328e+00,2.202130556106567383e+00,2.434698820114135742e+00,2.719915866851806641e+00,2.978396892547607422e+00,3.278784513473510742e+00,3.485533714294433594e+00,3.657554626464843750e+00,3.386674404144287109e+00,3.439606666564941406e+00,2.337825775146484375e+00,2.133469581604003906e+00,2.214969396591186523e+00,2.217213630676269531e+00,2.308913230895996094e+00,2.425628185272216797e+00,2.572182655334472656e+00,2.756866216659545898e+00,2.997713088989257812e+00,3.222574234008789062e+00,3.494556903839111328e+00,3.689887046813964844e+00,3.891014099121093750e+00,3.650295019149780273e+00,3.731586694717407227e+00
6.225625276565551758e-01,3.810743093490600586e-01,0.000000000000000000e+00,3.813653886318206787e-01,6.270985007286071777e-01,9.778810143470764160e-01,1.277723073959350586e+00,1.607223510742187500e+00,1.941327810287475586e+00,2.283578395843505859e+00,2.616631269454956055e+00,2.917716026306152344e+00,3.091577291488647461e+00,2.845257520675659180e+00,2.858576774597167969e+00,9.367457628250122070e-01,6.249830722808837891e-01,5.437642931938171387e-01,6.390328407287597656e-01,7.818691134452819824e-01,1.087302446365356445e+00,1.337835311889648438e+00,1.658714532852172852e+00,1.981002092361450195e+00,2.308589220046997070e+00,2.640952587127685547e+00,2.930069923400878906e+00,3.098494529724121094e+00,2.821294069290161133e+00,2.879579305648803711e+00,1.354426026344299316e+00,1.091418862342834473e+00,1.065144419670104980e+00,1.080006241798400879e+00,1.159772872924804688e+00,1.368788719177246094e+00,1.559187054634094238e+00,1.838549733161926270e+00,2.133285284042358398e+00,2.432116031646728516e+00,2.750499725341796875e+00,3.001107215881347656e+00,3.184514284133911133e+00,2.909754037857055664e+00,2.987085580825805664e+00,1.834023833274841309e+00,1.576513648033142090e+00,1.582513093948364258e+00,1.560465693473815918e+00,1.610439896583557129e+00,1.747742056846618652e+00,1.885433554649353027e+00,2.110715389251708984e+00,2.374289274215698242e+00,2.634250879287719727e+00,2.922837972640991211e+00,3.145421743392944336e+00,3.336167573928833008e+00,3.081615209579467773e+00,3.163059711456298828e+00,2.324229001998901367e+00,2.070698022842407227e+00,2.099315404891967773e+00,2.052695274353027344e+00,2.092972278594970703e+00,2.172683715820312500e+00,2.280646324157714844e+00,2.448596715927124023e+00,2.664649486541748047e+00,2.883492469787597656e+00,3.141115903854370117e+00,3.348472356796264648e+00,3.568258523941040039e+00,3.344400167465209961e+00,3.450446605682373047e+00
9.465293884277343750e-01,6.148315072059631348e-01,3.813653886318206787e-01,0.000000000000000000e+00,3.813601136207580566e-01,6.425879001617431641e-01,9.849679470062255859e-01,1.280815482139587402e+00,1.638268113136291504e+00,1.962250113487243652e+00,2.311638116836547852e+00,2.594989299774169922e+00,2.757558584213256836e+00,2.493957281112670898e+00,2.496331930160522461e+00,1.078378200531005859e+00,7.061060070991516113e-01,6.519632935523986816e-01,5.092424750328063965e-01,6.427436470985412598e-01,8.345131278038024902e-01,1.108097553253173828e+00,1.383257985115051270e+00,1.722527503967285156e+00,2.023391723632812500e+00,2.368210315704345703e+00,2.633786439895629883e+00,2.789296865463256836e+00,2.497395753860473633e+00,2.543045997619628906e+00,1.424239635467529297e+00,1.109754800796508789e+00,1.107459306716918945e+00,9.990133047103881836e-01,1.077482342720031738e+00,1.190831303596496582e+00,1.390581607818603516e+00,1.616215348243713379e+00,1.919604420661926270e+00,2.185759544372558594e+00,2.513235569000244141e+00,2.734213113784790039e+00,2.905711412429809570e+00,2.622071743011474609e+00,2.684397935867309570e+00,1.858206510543823242e+00,1.563172340393066406e+00,1.588698267936706543e+00,1.487651586532592773e+00,1.547140717506408691e+00,1.611908793449401855e+00,1.758675336837768555e+00,1.932571530342102051e+00,2.201601743698120117e+00,2.426219224929809570e+00,2.722334623336791992e+00,2.910632133483886719e+00,3.089483499526977539e+00,2.832233428955078125e+00,2.896201133728027344e+00,2.315073728561401367e+00,2.029709339141845703e+00,2.079195737838745117e+00,1.976988434791564941e+00,2.033752918243408203e+00,2.058305025100708008e+00,2.181417703628540039e+00,2.302871227264404297e+00,2.526894092559814453e+00,2.710292339324951172e+00,2.976047039031982422e+00,3.146931648254394531e+00,3.354500055313110352e+00,3.133094549179077148e+00,3.220659971237182617e+00
1.247986793518066406e+00,9.520695805549621582e-01,6.270985007286071777e-01,3.813601136207580566e-01,0.000000000000000000e+00,3.900489807128906250e-01,6.507217288017272949e-01,9.896064996719360352e-01,1.314393997192382812e+00,1.659554362297058105e+00,1.989830970764160156e+00,2.293550014495849609e+00,2.479717731475830078e+00,2.248978614807128906e+00,2.298972129821777344e+00,1.407272338867187500e+00,1.023538947105407715e+00,8.541080355644226074e-01,6.260221600532531738e-01,5.103992223739624023e-01,6.135696172714233398e-01,7.891414165496826172e-01,1.076571941375732422e+00,1.383536338806152344e+00,1.698072552680969238e+00,2.026292085647583008e+00,2.315705537796020508e+00,2.501591920852661133e+00,2.239420413970947266e+00,2.332511186599731445e+00,1.687789678573608398e+00,1.335911393165588379e+00,1.241294980049133301e+00,1.054676890373229980e+00,9.978730082511901855e-01,1.027506828308105469e+00,1.135366320610046387e+00,1.339352130889892578e+00,1.601301193237304688e+00,1.864969730377197266e+00,2.172587633132934570e+00,2.415853738784790039e+00,2.618670225143432617e+00,2.364231586456298828e+00,2.469810009002685547e+00,2.063510179519653320e+00,1.728287577629089355e+00,1.683281540870666504e+00,1.516942620277404785e+00,1.488561511039733887e+00,1.482585787773132324e+00,1.555382013320922852e+00,1.691757678985595703e+00,1.916151523590087891e+00,2.124911785125732422e+00,2.396776199340820312e+00,2.600943088531494141e+00,2.810935735702514648e+00,2.583112478256225586e+00,2.685028553009033203e+00,2.472962141036987305e+00,2.150524377822875977e+00,2.147938013076782227e+00,1.990066409111022949e+00,1.985338330268859863e+00,1.948782205581665039e+00,2.015129804611206055e+00,2.094778299331665039e+00,2.275328159332275391e+00,2.433984518051147461e+00,2.673018217086791992e+00,2.852462768554687500e+00,3.088438510894775391e+00,2.897386550903320312e+00,3.015810489654541016e+00
1.581020832061767578e+00,1.256009578704833984e+00,9.778810143470764160e-01,6.425879001617431641e-01,3.900489807128906250e-01,0.000000000000000000e+00,3.787045180797576904e-01,6.383172869682312012e-01,1.002345323562622070e+00,1.320965170860290527e+00,1.675272345542907715e+00,1.953026294708251953e+00,2.121989250183105469e+00,1.872889637947082520e+00,1.914325237274169922e+00,1.631468296051025391e+00,1.244766235351562500e+00,1.110756516456604004e+00,7.825286984443664551e-01,6.476252079010009766e-01,4.894782006740570068e-01,6.334651708602905273e-01,8.075448274612426758e-01,1.130761027336120605e+00,1.401054143905639648e+00,1.745863437652587891e+00,2.001529693603515625e+00,2.169435739517211914e+00,1.890820026397705078e+00,1.973232150077819824e+00,1.841851830482482910e+00,1.474573731422424316e+00,1.401535272598266602e+00,1.127576708793640137e+00,1.061666250228881836e+00,9.533152580261230469e-01,1.044862270355224609e+00,1.147873163223266602e+00,1.407164573669433594e+00,1.617676496505737305e+00,1.933783173561096191e+00,2.135413646697998047e+00,2.321682929992675781e+00,2.059144496917724609e+00,2.149608612060546875e+00,2.156658887863159180e+00,1.803252220153808594e+00,1.772384405136108398e+00,1.537710905075073242e+00,1.513057351112365723e+00,1.417540669441223145e+00,1.488770246505737305e+00,1.547363758087158203e+00,1.767175078392028809e+00,1.923341512680053711e+00,2.200128555297851562e+00,2.357943773269653320e+00,2.551345348358154297e+00,2.323770046234130859e+00,2.406434535980224609e+00,2.516087293624877930e+00,2.172614812850952148e+00,2.185081958770751953e+00,1.974458813667297363e+00,1.981879234313964844e+00,1.881624341011047363e+00,1.958296537399291992e+00,1.976873278617858887e+00,2.159489393234252930e+00,2.270026206970214844e+00,2.514634609222412109e+00,2.646808385848999023e+00,2.865620136260986328e+00,2.680707693099975586e+00,2.777878046035766602e+00
1.897604465484619141e+00,1.587359666824340820e+00,1.277723073959350586e+00,9.849679470062255859e-01,6.507217288017272949e-01,3.787045180797576904e-01,0.000000000000000000e+00,3.759135901927947998e-01,6.640199422836303711e-01,1.013600111007690430e+00,1.339547634124755859e+00,1.646582245826721191e+00,1.853121161460876465e+00,1.649227380752563477e+00,1.759635806083679199e+00,1.986487269401550293e+00,1.597771286964416504e+00,1.418978691101074219e+00,1.097625494003295898e+00,8.572238683700561523e-01,6.121129989624023438e-01,5.030468702316284180e-01,5.865163803100585938e-01,8.194854259490966797e-01,1.088265061378479004e+00,1.404726982116699219e+00,1.690170645713806152e+00,1.903357863426208496e+00,1.668977499008178711e+00,1.816303968429565430e+00,2.173528671264648438e+00,1.796254277229309082e+00,1.673192262649536133e+00,1.375089168548583984e+00,1.215422391891479492e+00,1.023935198783874512e+00,9.764462113380432129e-01,9.969327449798583984e-01,1.164340496063232422e+00,1.341237902641296387e+00,1.619762301445007324e+00,1.842676162719726562e+00,2.072212934494018555e+00,1.855117082595825195e+00,1.999716639518737793e+00,2.451829195022583008e+00,2.082258224487304688e+00,2.003659963607788086e+00,1.732194900512695312e+00,1.634780645370483398e+00,1.468446016311645508e+00,1.448101758956909180e+00,1.436298251152038574e+00,1.579250454902648926e+00,1.690943717956542969e+00,1.925436258316040039e+00,2.092185258865356445e+00,2.324891805648803711e+00,2.142448186874389648e+00,2.268615722656250000e+00,2.771886348724365234e+00,2.409238576889038086e+00,2.381081581115722656e+00,2.130495309829711914e+00,2.082912206649780273e+00,1.921501040458679199e+00,1.933809161186218262e+00,1.892317056655883789e+00,2.012877941131591797e+00,2.076610565185546875e+00,2.279857635498046875e+00,2.411248922348022461e+00,2.662435770034790039e+00,2.521543979644775391e+00,2.651015281677246094e+00
2.216939687728881836e+00,1.893384099006652832e+00,1.607223510742187500e+00,1.280815482139587402e+00,9.896064996719360352e-01,6.383172869682312012e-01,3.759135901927947998e-01,0.000000000000000000e+00,3.938892781734466553e-01,6.847845315933227539e-01,1.049619197845458984e+00,1.315058946609497070e+00,1.497140407562255859e+00,1.275847077369689941e+00,1.388666033744812012e+00,2.231302022933959961e+00,1.849251389503479004e+00,1.694336175918579102e+00,1.339174509048461914e+00,1.122520446777343750e+00,7.858156561851501465e-01,6.435641050338745117e-01,4.807196557521820068e-01,6.595069169998168945e-01,8.225512504577636719e-01,1.155836343765258789e+00,1.387654781341552734e+00,1.577020287513732910e+00,1.327173590660095215e+00,1.471760630607604980e+00,2.363765001296997070e+00,1.987262964248657227e+00,1.882290601730346680e+00,1.544543743133544922e+00,1.393085598945617676e+00,1.116923093795776367e+00,1.050212264060974121e+00,9.364663958549499512e-01,1.065045475959777832e+00,1.146798491477966309e+00,1.423346400260925293e+00,1.583708524703979492e+00,1.790425777435302734e+00,1.570965647697448730e+00,1.701836943626403809e+00,2.587121009826660156e+00,2.214493751525878906e+00,2.147528648376464844e+00,1.835537433624267578e+00,1.745051860809326172e+00,1.510449409484863281e+00,1.485405683517456055e+00,1.386004805564880371e+00,1.507243275642395020e+00,1.544340610504150391e+00,1.774262309074401855e+00,1.877711415290832520e+00,2.087077140808105469e+00,1.912001967430114746e+00,2.017076969146728516e+00,2.856297254562377930e+00,2.485293388366699219e+00,2.468047142028808594e+00,2.180328130722045898e+00,2.142973184585571289e+00,1.928172469139099121e+00,1.947098016738891602e+00,1.842054963111877441e+00,1.956591129302978516e+00,1.961398124694824219e+00,2.163851499557495117e+00,2.236038923263549805e+00,2.463215112686157227e+00,2.334256410598754883e+00,2.439474582672119141e+00
2.560376167297363281e+00,2.245790243148803711e+00,1.941327810287475586e+00,1.638268113136291504e+00,1.314393997192382812e+00,1.002345323562622070e+00,6.640199422836303711e-01,3.938892781734466553e-01,0.000000000000000000e+00,3.710671961307525635e-01,6.805817484855651855e-01,9.895515441894531250e-01,1.230570077896118164e+00,1.090208172798156738e+00,1.306092977523803711e+00,2.605711936950683594e+00,2.221251010894775391e+00,2.040252685546875000e+00,1.695690631866455078e+00,1.435259699821472168e+00,1.101849675178527832e+00,8.484981656074523926e-01,5.958892703056335449e-01,4.991285502910614014e-01,5.448473095893859863e-01,8.050637841224670410e-01,1.068616271018981934e+00,1.325943231582641602e+00,1.155553221702575684e+00,1.388905048370361328e+00,2.728121042251586914e+00,2.347502470016479492e+00,2.211632490158081055e+00,1.869911074638366699e+00,1.667299270629882812e+00,1.361661434173583984e+00,1.194505929946899414e+00,9.968200922012329102e-01,9.701166749000549316e-01,9.520059227943420410e-01,1.144036173820495605e+00,1.311980247497558594e+00,1.573726415634155273e+00,1.430450916290283203e+00,1.625800013542175293e+00,2.927903652191162109e+00,2.548460245132446289e+00,2.448728084564208984e+00,2.120352506637573242e+00,1.979835391044616699e+00,1.702494144439697266e+00,1.598507285118103027e+00,1.427135705947875977e+00,1.443290710449218750e+00,1.401290655136108398e+00,1.557421207427978516e+00,1.652875542640686035e+00,1.905348300933837891e+00,1.798551440238952637e+00,1.950323700904846191e+00,3.165999174118041992e+00,2.785860300064086914e+00,2.737299203872680664e+00,2.425278186798095703e+00,2.344027996063232422e+00,2.083433628082275391e+00,2.041824817657470703e+00,1.875736355781555176e+00,1.914612054824829102e+00,1.853228449821472168e+00,1.994995236396789551e+00,2.051558971405029297e+00,2.309543848037719727e+00,2.240739345550537109e+00,2.377253532409667969e+00
2.897693395614624023e+00,2.572038650512695312e+00,2.283578395843505859e+00,1.962250113487243652e+00,1.659554362297058105e+00,1.320965170860290527e+00,1.013600111007690430e+00,6.847845315933227539e-01,3.710671961307525635e-01,0.000000000000000000e+00,3.925506174564361572e-01,6.360210776329040527e-01,8.840428590774536133e-01,7.581759691238403320e-01,1.033161997795104980e+00,2.906753063201904297e+00,2.527957916259765625e+00,2.365916252136230469e+00,2.007740259170532227e+00,1.767667055130004883e+00,1.411213755607604980e+00,1.175833702087402344e+00,8.623638749122619629e-01,6.940039992332458496e-01,5.023391842842102051e-01,6.622986793518066406e-01,8.149164915084838867e-01,1.063090443611145020e+00,9.191290140151977539e-01,1.173225879669189453e+00,3.002342462539672852e+00,2.627020597457885742e+00,2.507673978805541992e+00,2.150923967361450195e+00,1.962133169174194336e+00,1.626987218856811523e+00,1.461638331413269043e+00,1.195907115936279297e+00,1.113670110702514648e+00,9.649939537048339844e-01,1.088748574256896973e+00,1.155278563499450684e+00,1.394414067268371582e+00,1.288012742996215820e+00,1.473306655883789062e+00,3.168784618377685547e+00,2.793534040451049805e+00,2.705871343612670898e+00,2.359634399414062500e+00,2.228945255279541016e+00,1.918195009231567383e+00,1.812990903854370117e+00,1.582030892372131348e+00,1.561053395271301270e+00,1.431355357170104980e+00,1.546458601951599121e+00,1.558282732963562012e+00,1.784971952438354492e+00,1.714002370834350586e+00,1.845206618309020996e+00,3.370376348495483398e+00,2.990759372711181641e+00,2.952303409576416016e+00,2.620640993118286133e+00,2.548448085784912109e+00,2.255084276199340820e+00,2.215591430664062500e+00,1.999457836151123047e+00,2.019164562225341797e+00,1.892740488052368164e+00,2.010980606079101562e+00,1.998157978057861328e+00,2.229036569595336914e+00,2.191555976867675781e+00,2.303692579269409180e+00
3.236533880233764648e+00,2.916348934173583984e+00,2.616631269454956055e+00,2.311638116836547852e+00,1.989830970764160156e+00,1.675272345542907715e+00,1.339547634124755859e+00,1.049619197845458984e+00,6.805817484855651855e-01,3.925506174564361572e-01,0.000000000000000000e+00,3.940749764442443848e-01,7.632464766502380371e-01,8.072018027305603027e-01,1.171496510505676270e+00,3.277397632598876953e+00,2.895260572433471680e+00,2.716825485229492188e+00,2.367976903915405273e+00,2.103667736053466797e+00,1.759119272232055664e+00,1.482354283332824707e+00,1.176380872726440430e+00,9.029680490493774414e-01,6.296100020408630371e-01,5.246626734733581543e-01,6.487959623336791992e-01,9.835172891616821289e-01,9.883165955543518066e-01,1.306636095046997070e+00,3.376128196716308594e+00,2.997778654098510742e+00,2.858929157257080078e+00,2.504934549331665039e+00,2.287487745285034180e+00,1.949539542198181152e+00,1.734906673431396484e+00,1.449774742126464844e+00,1.267193198204040527e+00,1.040988683700561523e+00,1.015700936317443848e+00,1.060856223106384277e+00,1.348709225654602051e+00,1.354901432991027832e+00,1.589025259017944336e+00,3.535098314285278320e+00,3.156335592269897461e+00,3.047552585601806641e+00,2.697184085845947266e+00,2.535612106323242188e+00,2.210149288177490234e+00,2.055902719497680664e+00,1.792383313179016113e+00,1.687367796897888184e+00,1.492556333541870117e+00,1.507365703582763672e+00,1.499610543251037598e+00,1.761078000068664551e+00,1.776083827018737793e+00,1.945676445960998535e+00,3.721258401870727539e+00,3.337789535522460938e+00,3.277742624282836914e+00,2.935824871063232422e+00,2.833218574523925781e+00,2.517541408538818359e+00,2.433231592178344727e+00,2.181194067001342773e+00,2.133973360061645508e+00,1.951702952384948730e+00,1.996122121810913086e+00,1.963242650032043457e+00,2.217047929763793945e+00,2.248165130615234375e+00,2.386627912521362305e+00
3.531113147735595703e+00,3.205803394317626953e+00,2.917716026306152344e+00,2.594989299774169922e+00,2.293550014495849609e+00,1.953026294708251953e+00,1.646582245826721191e+00,1.315058946609497070e+00,9.895515441894531250e-01,6.360210776329040527e-01,3.940749764442443848e-01,0.000000000000000000e+00,4.026001393795013428e-01,5.612488389015197754e-01,9.534017443656921387e-01,3.514335155487060547e+00,3.141097068786621094e+00,2.977137327194213867e+00,2.614595890045166016e+00,2.370013713836669922e+00,2.003185987472534180e+00,1.751268148422241211e+00,1.408261775970458984e+00,1.150644659996032715e+00,8.026158213615417480e-01,6.559814810752868652e-01,5.091269612312316895e-01,7.382726669311523438e-01,8.007408976554870605e-01,1.103285551071166992e+00,3.570577621459960938e+00,3.200095653533935547e+00,3.075326681137084961e+00,2.707993745803833008e+00,2.507245302200317383e+00,2.146387100219726562e+00,1.949266910552978516e+00,1.623486161231994629e+00,1.438121438026428223e+00,1.140169382095336914e+00,1.081267118453979492e+00,9.745731353759765625e-01,1.176980972290039062e+00,1.219368338584899902e+00,1.415948748588562012e+00,3.685149192810058594e+00,3.313838720321655273e+00,3.216126680374145508e+00,2.851590156555175781e+00,2.704585313796997070e+00,2.355141878128051758e+00,2.214722394943237305e+00,1.912529110908508301e+00,1.800909280776977539e+00,1.546867251396179199e+00,1.544773221015930176e+00,1.432529211044311523e+00,1.627267956733703613e+00,1.668279051780700684e+00,1.797512054443359375e+00,3.826712131500244141e+00,3.447796583175659180e+00,3.397619009017944336e+00,3.040930271148681641e+00,2.952153205871582031e+00,2.613318920135498047e+00,2.542823791503906250e+00,2.255882024765014648e+00,2.209128856658935547e+00,1.979826211929321289e+00,2.019278764724731445e+00,1.906356453895568848e+00,2.104482650756835938e+00,2.154730796813964844e+00,2.253502130508422852e+00
3.691216945648193359e+00,3.370036602020263672e+00,3.091577291488647461e+00,2.757558584213256836e+00,2.479717731475830078e+00,2.121989250183105469e+00,1.853121161460876465e+00,1.497140407562255859e+00,1.230570077896118164e+00,8.840428590774536133e-01,7.632464766502380371e-01,4.026001393795013428e-01,0.000000000000000000e+00,3.903193473815917969e-01,7.180153131484985352e-01,3.601074457168579102e+00,3.242755174636840820e+00,3.089442491531372070e+00,2.718547105789184570e+00,2.495654344558715820e+00,2.113606691360473633e+00,1.894248366355895996e+00,1.528135895729064941e+00,1.309285998344421387e+00,9.427588582038879395e-01,8.492338061332702637e-01,5.250801444053649902e-01,4.847501218318939209e-01,5.572209358215332031e-01,8.072166442871093750e-01,3.599828004837036133e+00,3.241891384124755859e+00,3.128135442733764648e+00,2.752223253250122070e+00,2.570538520812988281e+00,2.193475484848022461e+00,2.023076295852661133e+00,1.669795274734497070e+00,1.507495403289794922e+00,1.177103877067565918e+00,1.143018484115600586e+00,9.013125896453857422e-01,9.591378569602966309e-01,9.932819604873657227e-01,1.126150250434875488e+00,3.658585071563720703e+00,3.298867225646972656e+00,3.209797859191894531e+00,2.835587501525878906e+00,2.705846548080444336e+00,2.339365482330322266e+00,2.222480535507202148e+00,1.894324183464050293e+00,1.799103260040283203e+00,1.513638734817504883e+00,1.533972382545471191e+00,1.325804948806762695e+00,1.421702146530151367e+00,1.453563690185546875e+00,1.524081587791442871e+00,3.747672796249389648e+00,3.377118110656738281e+00,3.334892749786376953e+00,2.967885732650756836e+00,2.895678520202636719e+00,2.541085243225097656e+00,2.493416309356689453e+00,2.183783769607543945e+00,2.156773567199707031e+00,1.902618288993835449e+00,1.966054201126098633e+00,1.780841112136840820e+00,1.904267191886901855e+00,1.944781899452209473e+00,1.991709828376770020e+00
3.430767536163330078e+00,3.098305225372314453e+00,2.845257520675659180e+00,2.493957281112670898e+00,2.248978614807128906e+00,1.872889637947082520e+00,1.649227380752563477e+00,1.275847077369689941e+00,1.090208172798156738e+00,7.581759691238403320e-01,8.072018027305603027e-01,5.612488389015197754e-01,3.903193473815917969e-01,0.000000000000000000e+00,3.922787606716156006e-01,3.315048217773437500e+00,2.964133501052856445e+00,2.843145847320556641e+00,2.465343475341796875e+00,2.282059907913208008e+00,1.895742297172546387e+00,1.731697440147399902e+00,1.370359182357788086e+00,1.245391607284545898e+00,9.285001754760742188e-01,9.885274767875671387e-01,7.723338603973388672e-01,7.205588221549987793e-01,5.390165448188781738e-01,6.605806946754455566e-01,3.321438789367675781e+00,2.971646785736083984e+00,2.893086910247802734e+00,2.517074346542358398e+00,2.378637075424194336e+00,2.009409189224243164e+00,1.898414611816406250e+00,1.566586375236511230e+00,1.496431708335876465e+00,1.228221178054809570e+00,1.311855435371398926e+00,1.122731685638427734e+00,1.153683781623840332e+00,1.048014521598815918e+00,1.094117283821105957e+00,3.394960880279541016e+00,3.043539047241210938e+00,2.990710735321044922e+00,2.622901678085327148e+00,2.537770748138427734e+00,2.189066648483276367e+00,2.130390405654907227e+00,1.834792017936706543e+00,1.822139501571655273e+00,1.596035718917846680e+00,1.703956484794616699e+00,1.527768731117248535e+00,1.597422480583190918e+00,1.533835172653198242e+00,1.544752359390258789e+00,3.504854440689086914e+00,3.141608238220214844e+00,3.135374069213867188e+00,2.780715942382812500e+00,2.752120256423950195e+00,2.422371864318847656e+00,2.428909063339233398e+00,2.155528068542480469e+00,2.197585582733154297e+00,1.996817469596862793e+00,2.127621412277221680e+00,1.967384457588195801e+00,2.071544885635375977e+00,2.039914131164550781e+00,2.048452138900756836e+00
3.413042783737182617e+00,3.081928968429565430e+00,2.858576774597167969e+00,2.496331930160522461e+00,2.298972129821777344e+00,1.914325237274169922e+00,1.759635806083679199e+00,1.388666033744812012e+00,1.306092977523803711e+00,1.033161997795104980e+00,1.171496510505676270e+00,9.534017443656921387e-01,7.180153131484985352e-01,3.922787606716156006e-01,0.000000000000000000e+00,3.224784135818481445e+00,2.897196292877197266e+00,2.809864521026611328e+00,2.430585622787475586e+00,2.297505617141723633e+00,1.913117289543151855e+00,1.818939685821533203e+00,1.470870018005371094e+00,1.437967658042907715e+00,1.172605276107788086e+00,1.311419606208801270e+00,1.092184662818908691e+00,9.266108870506286621e-01,6.368685960769653320e-01,5.015022158622741699e-01,3.190943479537963867e+00,2.863110065460205078e+00,2.820611715316772461e+00,2.446909189224243164e+00,2.358852624893188477e+00,1.996888637542724609e+00,1.952638149261474609e+00,1.635501742362976074e+00,1.644637703895568848e+00,1.415227770805358887e+00,1.566628336906433105e+00,1.351397991180419922e+00,1.279936909675598145e+00,1.083411097526550293e+00,9.903380274772644043e-01,3.229486703872680664e+00,2.899015665054321289e+00,2.881376028060913086e+00,2.518576145172119141e+00,2.482665538787841797e+00,2.145086288452148438e+00,2.148621559143066406e+00,1.870591163635253906e+00,1.925567269325256348e+00,1.729706525802612305e+00,1.897323727607727051e+00,1.693475127220153809e+00,1.678618192672729492e+00,1.544737696647644043e+00,1.460130691528320312e+00,3.311255931854248047e+00,2.965193271636962891e+00,2.993198156356811523e+00,2.646200418472290039e+00,2.664699792861938477e+00,2.349938869476318359e+00,2.413784265518188477e+00,2.159155607223510742e+00,2.261812448501586914e+00,2.087872982025146484e+00,2.272241830825805664e+00,2.088140010833740234e+00,2.125082015991210938e+00,2.036183595657348633e+00,1.975485801696777344e+00
6.903286576271057129e-01,7.615716457366943359e-01,9.367457628250122070e-01,1.078378200531005859e+00,1.407272338867187500e+00,1.631468296051025391e+00,1.986487269401550293e+00,2.231302022933959961e+00,2.605711936950683594e+00,2.906753063201904297e+00,3.277397632598876953e+00,3.514335155487060547e+00,3.601074457168579102e+00,3.315048217773437500e+00,3.224784135818481445e+00,0.000000000000000000e+00,3.890525698661804199e-01,6.739442348480224609e-01,9.393072128295898438e-01,1.288548231124877930e+00,1.579881548881530762e+00,1.929787278175354004e+00,2.211150884628295898e+00,2.587725162506103516e+00,2.891754865646362305e+00,3.264629125595092773e+00,3.489317178726196289e+00,3.564589977264404297e+00,3.237696409225463867e+00,3.195350885391235352e+00,5.631619691848754883e-01,5.788856744766235352e-01,8.263836503028869629e-01,1.061290144920349121e+00,1.370474815368652344e+00,1.664305806159973145e+00,1.986935853958129883e+00,2.276514768600463867e+00,2.644840002059936523e+00,2.948321342468261719e+00,3.315120697021484375e+00,3.506430149078369141e+00,3.596559762954711914e+00,3.262461662292480469e+00,3.246495723724365234e+00,1.118562221527099609e+00,1.033664107322692871e+00,1.214294433593750000e+00,1.375915884971618652e+00,1.611688852310180664e+00,1.873118162155151367e+00,2.148005247116088867e+00,2.427065372467041016e+00,2.775915861129760742e+00,3.065798282623291016e+00,3.412414073944091797e+00,3.589897632598876953e+00,3.688246250152587891e+00,3.367682933807373047e+00,3.364279747009277344e+00,1.665889024734497070e+00,1.539828538894653320e+00,1.681773781776428223e+00,1.785331487655639648e+00,1.962400317192077637e+00,2.173818826675415039e+00,2.401720285415649414e+00,2.648612022399902344e+00,2.956533193588256836e+00,3.225886821746826172e+00,3.547924995422363281e+00,3.724967241287231445e+00,3.858191490173339844e+00,3.561686754226684570e+00,3.593602657318115234e+00
6.697354316711425781e-01,5.702723264694213867e-01,6.249830722808837891e-01,7.061060070991516113e-01,1.023538947105407715e+00,1.244766235351562500e+00,1.597771286964416504e+00,1.849251389503479004e+00,2.221251010894775391e+00,2.527957916259765625e+00,2.895260572433471680e+00,3.141097068786621094e+00,3.242755174636840820e+00,2.964133501052856445e+00,2.897196292877197266e+00,3.890525698661804199e-01,0.000000000000000000e+00,3.669490814208984375e-01,5.716088414192199707e-01,9.259126782417297363e-01,1.210757732391357422e+00,1.557814955711364746e+00,1.840910673141479492e+00,2.214664936065673828e+00,2.520242691040039062e+00,2.889737129211425781e+00,3.123258590698242188e+00,3.216078042984008789e+00,2.896987915039062500e+00,2.878062248229980469e+00,7.553033828735351562e-01,5.388158559799194336e-01,6.943037509918212891e-01,8.156802654266357422e-01,1.088490962982177734e+00,1.350386500358581543e+00,1.657792687416076660e+00,1.937892317771911621e+00,2.298183441162109375e+00,2.596012353897094727e+00,2.957406520843505859e+00,3.155617475509643555e+00,3.264979362487792969e+00,2.941434144973754883e+00,2.947389602661132812e+00,1.259119391441345215e+00,1.052501201629638672e+00,1.169161081314086914e+00,1.228105545043945312e+00,1.416113138198852539e+00,1.625167727470397949e+00,1.874424099922180176e+00,2.130388259887695312e+00,2.465673446655273438e+00,2.741860628128051758e+00,3.080034971237182617e+00,3.260076999664306641e+00,3.378833293914794922e+00,3.072428464889526367e+00,3.088704824447631836e+00,1.774868488311767578e+00,1.566585063934326172e+00,1.670572519302368164e+00,1.691177845001220703e+00,1.829933166503906250e+00,1.981949448585510254e+00,2.184032917022705078e+00,2.396990299224853516e+00,2.687242031097412109e+00,2.935217857360839844e+00,3.246399164199829102e+00,3.421389102935791016e+00,3.574858427047729492e+00,3.296902418136596680e+00,3.345822095870971680e+00
7.776977419853210449e-01,6.998631358146667480e-01,5.437642931938171387e-01,6.519632935523986816e-01,8.541080355644226074e-01,1.110756516456604004e+00,1.418978691101074219e+00,1.694336175918579102e+00,2.040252685546875000e+00,2.365916252136230469e+00,2.716825485229492188e+00,2.977137327194213867e+00,3.089442491531372070e+00,2.843145847320556641e+00,2.809864521026611328e+00,6.739442348480224609e-01,3.669490814208984375e-01,0.000000000000000000e+00,3.803891837596893311e-01,6.438920497894287109e-01,9.886822104454040527e-01,1.303028583526611328e+00,1.619471192359924316e+00,1.975467920303344727e+00,2.304654598236083984e+00,2.662959098815917969e+00,2.917879104614257812e+00,3.028019666671752930e+00,2.734105348587036133e+00,2.751651048660278320e+00,8.998471498489379883e-01,5.968038439750671387e-01,5.230907201766967773e-01,6.163491010665893555e-01,7.940196394920349121e-01,1.092233777046203613e+00,1.365726947784423828e+00,1.677482843399047852e+00,2.022473812103271484e+00,2.343366861343383789e+00,2.695034265518188477e+00,2.919560432434082031e+00,3.048095703125000000e+00,2.744025945663452148e+00,2.787004232406616211e+00,1.323301315307617188e+00,1.050155043601989746e+00,1.042367339134216309e+00,1.061374664306640625e+00,1.162302255630493164e+00,1.372817516326904297e+00,1.580131292343139648e+00,1.854529976844787598e+00,2.171575307846069336e+00,2.465789318084716797e+00,2.792849540710449219e+00,3.000531673431396484e+00,3.140512228012084961e+00,2.849890232086181641e+00,2.902618169784545898e+00,1.795282125473022461e+00,1.539699316024780273e+00,1.561786413192749023e+00,1.544542908668518066e+00,1.612801432609558105e+00,1.748073220252990723e+00,1.904742479324340820e+00,2.122635841369628906e+00,2.388700723648071289e+00,2.647452116012573242e+00,2.944550037384033203e+00,3.145201444625854492e+00,3.320827722549438477e+00,3.057256460189819336e+00,3.139450550079345703e+00
1.072013258934020996e+00,8.678604960441589355e-01,6.390328407287597656e-01,5.092424750328063965e-01,6.260221600532531738e-01,7.825286984443664551e-01,1.097625494003295898e+00,1.339174509048461914e+00,1.695690631866455078e+00,2.007740259170532227e+00,2.367976903915405273e+00,2.614595890045166016e+00,2.718547105789184570e+00,2.465343475341796875e+00,2.430585622787475586e+00,9.393072128295898438e-01,5.716088414192199707e-01,3.803891837596893311e-01,0.000000000000000000e+00,3.807477355003356934e-01,6.433008909225463867e-01,9.918272495269775391e-01,1.277099370956420898e+00,1.649119496345520020e+00,1.960792064666748047e+00,2.328953504562377930e+00,2.567676544189453125e+00,2.670648097991943359e+00,2.368350505828857422e+00,2.384009599685668945e+00,1.091052770614624023e+00,7.215265035629272461e-01,6.462193727493286133e-01,4.899969100952148438e-01,6.292069554328918457e-01,8.172913789749145508e-01,1.104504942893981934e+00,1.373695015907287598e+00,1.729091763496398926e+00,2.026093244552612305e+00,2.385877609252929688e+00,2.589826822280883789e+00,2.713615417480468750e+00,2.404592275619506836e+00,2.443914651870727539e+00,1.437814950942993164e+00,1.105248332023620605e+00,1.093246340751647949e+00,9.797238707542419434e-01,1.061228036880493164e+00,1.171890854835510254e+00,1.378084063529968262e+00,1.600440859794616699e+00,1.920628070831298828e+00,2.183867454528808594e+00,2.516561031341552734e+00,2.698612928390502930e+00,2.835169076919555664e+00,2.545490264892578125e+00,2.591913700103759766e+00,1.854951977729797363e+00,1.548291206359863281e+00,1.575193881988525391e+00,1.470963478088378906e+00,1.536466598510742188e+00,1.592223048210144043e+00,1.751126766204833984e+00,1.914205908775329590e+00,2.181448936462402344e+00,2.404030084609985352e+00,2.705421686172485352e+00,2.876492500305175781e+00,3.049059152603149414e+00,2.792758703231811523e+00,2.866694211959838867e+00
1.309340238571166992e+00,1.110309839248657227e+00,7.818691134452819824e-01,6.427436470985412598e-01,5.103992223739624023e-01,6.476252079010009766e-01,8.572238683700561523e-01,1.122520446777343750e+00,1.435259699821472168e+00,1.767667055130004883e+00,2.103667736053466797e+00,2.370013713836669922e+00,2.495654344558715820e+00,2.282059907913208008e+00,2.297505617141723633e+00,1.288548231124877930e+00,9.259126782417297363e-01,6.438920497894287109e-01,3.807477355003356934e-01,0.000000000000000000e+00,3.883640170097351074e-01,6.601690053939819336e-01,9.909080862998962402e-01,1.334282159805297852e+00,1.671969652175903320e+00,2.023274183273315430e+00,2.290207624435424805e+00,2.424079656600952148e+00,2.156105041503906250e+00,2.224976539611816406e+00,1.412054896354675293e+00,1.035938620567321777e+00,8.423134088516235352e-01,6.112096309661865234e-01,4.885230362415313721e-01,5.982481837272644043e-01,7.880951166152954102e-01,1.077093601226806641e+00,1.401529669761657715e+00,1.716411471366882324e+00,2.059936046600341797e+00,2.295710563659667969e+00,2.453449487686157227e+00,2.175310373306274414e+00,2.266667604446411133e+00,1.697129726409912109e+00,1.335837125778198242e+00,1.224939942359924316e+00,1.039345145225524902e+00,9.811819791793823242e-01,1.013529896736145020e+00,1.125289440155029297e+00,1.330796360969543457e+00,1.610631346702575684e+00,1.876453399658203125e+00,2.188604116439819336e+00,2.399203538894653320e+00,2.571706771850585938e+00,2.311442613601684570e+00,2.406257152557373047e+00,2.057341337203979492e+00,1.717229247093200684e+00,1.670758128166198730e+00,1.505523204803466797e+00,1.480698227882385254e+00,1.468882083892822266e+00,1.551845669746398926e+00,1.681441783905029297e+00,1.902158141136169434e+00,2.113066196441650391e+00,2.389058113098144531e+00,2.581808090209960938e+00,2.789305210113525391e+00,2.563002109527587891e+00,2.678205728530883789e+00
1.648599505424499512e+00,1.398714423179626465e+00,1.087302446365356445e+00,8.345131278038024902e-01,6.135696172714233398e-01,4.894782006740570068e-01,6.121129989624023438e-01,7.858156561851501465e-01,1.101849675178527832e+00,1.411213755607604980e+00,1.759119272232055664e+00,2.003185987472534180e+00,2.113606691360473633e+00,1.895742297172546387e+00,1.913117289543151855e+00,1.579881548881530762e+00,1.210757732391357422e+00,9.886822104454040527e-01,6.433008909225463867e-01,3.883640170097351074e-01,0.000000000000000000e+00,3.787991404533386230e-01,6.345413327217102051e-01,1.008583903312683105e+00,1.319803833961486816e+00,1.687651276588439941e+00,1.930088996887207031e+00,2.052032947540283203e+00,1.774598002433776855e+00,1.845924139022827148e+00,1.655217409133911133e+00,1.270418763160705566e+00,1.110550284385681152e+00,7.828059196472167969e-01,6.255631446838378906e-01,4.649989306926727295e-01,6.077554225921630859e-01,7.875853776931762695e-01,1.121954560279846191e+00,1.396741509437561035e+00,1.752785682678222656e+00,1.957765460014343262e+00,2.107385635375976562e+00,1.823924064636230469e+00,1.914264559745788574e+00,1.876145601272583008e+00,1.497059822082519531e+00,1.396512746810913086e+00,1.121182799339294434e+00,1.044200181961059570e+00,9.315568804740905762e-01,1.015647768974304199e+00,1.119465112686157227e+00,1.391225218772888184e+00,1.605229020118713379e+00,1.923238515853881836e+00,2.095856904983520508e+00,2.261679649353027344e+00,2.004726648330688477e+00,2.093036413192749023e+00,2.175604581832885742e+00,1.809643387794494629e+00,1.770725488662719727e+00,1.533621788024902344e+00,1.506024479866027832e+00,1.398633241653442383e+00,1.475426077842712402e+00,1.521982550621032715e+00,1.735330104827880859e+00,1.891097426414489746e+00,2.169650793075561523e+00,2.319760322570800781e+00,2.520150423049926758e+00,2.305303573608398438e+00,2.409561395645141602e+00
