,A1,A2,A3,A4,A5,A6,A7,A8,A9,A10,A11,A12,A13,A14,A15,B1,B2,B3,B4,B5,B6,B7,B8,B9,B10,B11,B12,B13,B14,B15,C1,C2,C3,C4,C5,C6,C7,C8,C9,C10,C11,C12,C13,C14,C15,D1,D2,D3,D4,D5,D6,D7,D8,D9,D10,D11,D12,D13,D14,D15,E1,E2,E3,E4,E5,E6,E7,E8,E9,E10,E11,E12,E13,E14,E15
A1,0.0,0.390196293592453,0.6425328850746155,0.9709258675575256,1.2392328977584839,1.5761858224868774,1.8414345979690552,2.2013111114501953,2.356874465942383,2.628859758377075,2.9155983924865723,2.9575719833374023,3.2906837463378906,3.267951011657715,3.544684648513794,1.5122848749160767,1.4885964393615723,1.2769654989242554,1.414666771888733,1.595764398574829,1.7384737730026245,2.1133313179016113,2.3801050186157227,2.535219430923462,2.8756747245788574,3.1449904441833496,3.244567632675171,3.5731496810913086,3.6052188873291016,3.944164752960205,2.3139383792877197,2.2650842666625977,2.0194461345672607,2.0881569385528564,2.1542344093322754,2.172980546951294,2.5269651412963867,2.704134464263916,2.8728294372558594,3.2392148971557617,3.478522777557373,3.6307737827301025,3.9465172290802,4.0222859382629395,4.388962268829346,3.0949037075042725,3.0253727436065674,2.7681119441986084,2.8278329372406006,2.788074254989624,2.7236480712890625,3.0374865531921387,3.121487617492676,3.29925274848938,3.6855685710906982,3.8989098072052,4.141989231109619,4.459350109100342,4.646481513977051,5.015537261962891,4.123879909515381,4.068991661071777,3.772298574447632,3.8398098945617676,3.6758759021759033,3.5641417503356934,3.8136963844299316,3.804546594619751,3.8905208110809326,4.257371425628662,4.34685754776001,4.706959247589111,4.911240577697754,5.247613430023193,5.448510646820068
A2,0.390196293592453,0.0,0.3963586688041687,0.6347827911376953,0.9239056706428528,1.2271555662155151,1.4990708827972412,1.8574037551879883,1.9887715578079224,2.2640562057495117,2.538741111755371,2.577805519104004,2.9073824882507324,2.8897407054901123,3.1742348670959473,1.4092615842819214,1.350300669670105,1.156784176826477,1.203945279121399,1.3955944776535034,1.4773138761520386,1.846090316772461,2.091193675994873,2.212599515914917,2.558389186859131,2.8059117794036865,2.9057891368865967,3.224210023880005,3.2648377418518066,3.605980634689331,2.2262353897094727,2.1545894145965576,1.9297844171524048,1.938620924949646,2.0129263401031494,1.9784581661224365,2.3137524127960205,2.465489149093628,2.5983524322509766,2.968820095062256,3.1822071075439453,3.3361124992370605,3.637006998062134,3.7218966484069824,4.088615894317627,3.0211286544799805,2.9387307167053223,2.7014806270599365,2.7217698097229004,2.689464807510376,2.5818135738372803,2.8701303005218506,2.9283127784729004,3.0704522132873535,3.456709146499634,3.642868995666504,3.8880434036254883,4.188878059387207,4.384696960449219,4.747152328491211,4.05787467956543,4.003641605377197,3.7208919525146484,3.767359972000122,3.6081223487854004,3.4651143550872803,3.687070608139038,3.664369821548462,3.7147932052612305,4.0784077644348145,4.139281272888184,4.4996418952941895,4.682917594909668,5.015474796295166,5.2003068923950195
A3,0.6425328850746155,0.3963586688041687,0.0,0.38495761156082153,0.6090426445007324,0.9586873650550842,1.2361819744110107,1.5782151222229004,1.769025444984436,2.0628042221069336,2.35371994972229,2.4467825889587402,2.798530101776123,2.833085298538208,3.140961170196533,1.612666368484497,1.4577720165252686,1.18837571144104,1.1326829195022583,1.2172075510025024,1.2389475107192993,1.6087305545806885,1.817132592201233,1.9805793762207031,2.342849016189575,2.5984458923339844,2.743910074234009,3.080617904663086,3.1629281044006348,3.5243043899536133,2.3190433979034424,2.180112600326538,1.913145661354065,1.8568705320358276,1.860630989074707,1.773687481880188,2.0937070846557617,2.2025411128997803,2.3592638969421387,2.7387688159942627,2.952906608581543,3.14316725730896,3.456678628921509,3.5761027336120605,3.955512046813965,3.038830041885376,2.906324863433838,2.6429452896118164,2.6130247116088867,2.532320499420166,2.3845901489257812,2.650963068008423,2.6699414253234863,2.8218765258789062,3.2086048126220703,3.391489028930664,3.661837100982666,3.968959093093872,4.187983512878418,4.560866355895996,3.9960715770721436,3.907961845397949,3.60886287689209,3.618093490600586,3.4279239177703857,3.2572360038757324,3.459824800491333,3.4036777019500732,3.452348470687866,3.8057000637054443,3.857074737548828,4.2243781089782715,4.400147438049316,4.742750644683838,4.9197096824646
A4,0.9709258675575256,0.6347827911376953,0.38495761156082153,0.0,0.38785484433174133,0.6318932175636292,0.965025782585144,1.2764285802841187,1.4477242231369019,1.7676045894622803,2.029266357421875,2.136364459991455,2.4796993732452393,2.532165050506592,2.855858564376831,1.7366613149642944,1.571252703666687,1.346758484840393,1.1922963857650757,1.2595926523208618,1.1682734489440918,1.5059353113174438,1.6520576477050781,1.7688243389129639,2.1423254013061523,2.35664701461792,2.5155088901519775,2.833996534347534,2.937852621078491,3.3013432025909424,2.4365012645721436,2.283637285232544,2.0480282306671143,1.9301278591156006,1.9338849782943726,1.7777819633483887,2.05659556388855,2.113147258758545,2.2216169834136963,2.6038148403167725,2.775501251220703,2.9768459796905518,3.2672457695007324,3.4062883853912354,3.7843902111053467,3.154960870742798,3.012671947479248,2.7735915184020996,2.702423572540283,2.625420331954956,2.4293925762176514,2.655104875564575,2.6317436695098877,2.7382054328918457,3.1192946434020996,3.2622334957122803,3.5403895378112793,3.8238625526428223,4.058699131011963,4.422301292419434,4.1044135093688965,4.015830993652344,3.7322216033935547,3.7171671390533447,3.5294506549835205,3.325615644454956,3.492358446121216,3.4134795665740967,3.4210212230682373,3.763206720352173,3.7763853073120117,4.1433939933776855,4.288889408111572,4.628174304962158,4.780430316925049
A5,1.2392328977584839,0.9239056706428528,0.6090426445007324,0.38785484433174133,0.0,0.3905630111694336,0.6388981938362122,0.9720726013183594,1.1888066530227661,1.4899547100067139,1.78891122341156,1.9267488718032837,2.294315814971924,2.3840699195861816,2.712494373321533,1.7690787315368652,1.5261670351028442,1.2726178169250488,1.0236092805862427,0.993127703666687,0.8275173306465149,1.1479028463363647,1.274827480316162,1.4229204654693604,1.800010085105896,2.0342178344726562,2.2175133228302,2.5561676025390625,2.683114767074585,3.059580087661743,2.333754777908325,2.1269760131835938,1.8777024745941162,1.6984714269638062,1.6563514471054077,1.4524229764938354,1.7066755294799805,1.7366915941238403,1.8540925979614258,2.2384071350097656,2.41646409034729,2.634347915649414,2.9369232654571533,3.0928401947021484,3.4780867099761963,2.9728128910064697,2.7939953804016113,2.550318479537964,2.435276508331299,2.335322618484497,2.1062097549438477,2.307349681854248,2.260983467102051,2.3639001846313477,2.743482828140259,2.8856611251831055,3.1724624633789062,3.4606504440307617,3.7041001319885254,4.073493003845215,3.853025197982788,3.745371103286743,3.4616000652313232,3.4195451736450195,3.222313642501831,2.99707293510437,3.143984079360962,3.0507636070251465,3.0472991466522217,3.3846707344055176,3.3915443420410156,3.759255886077881,3.9027621746063232,4.243751049041748,4.396385669708252
A6,1.5761858224868774,1.2271555662155151,0.9586873650550842,0.6318932175636292,0.3905630111694336,0.0,0.38739079236984253,0.6469690203666687,0.8387740850448608,1.176858901977539,1.4401859045028687,1.604526400566101,1.9640147686004639,2.084078311920166,2.4294610023498535,1.9661518335342407,1.727303385734558,1.5307142734527588,1.2256449460983276,1.1831128597259521,0.9089478850364685,1.1334023475646973,1.1567070484161377,1.2277930974960327,1.6090800762176514,1.784267544746399,1.985785961151123,2.2997257709503174,2.4552183151245117,2.8319239616394043,2.5012624263763428,2.287916898727417,2.0799977779388428,1.850395917892456,1.812270164489746,1.5470497608184814,1.733935832977295,1.6970982551574707,1.7452515363693237,2.121328353881836,2.2421422004699707,2.4707868099212646,2.741950750350952,2.920701265335083,3.301016092300415,3.1218202114105225,2.93723726272583,2.7249367237091064,2.5719234943389893,2.4806270599365234,2.2091073989868164,2.357102155685425,2.2641069889068604,2.307961940765381,2.671919345855713,2.7636024951934814,3.055032730102539,3.312141180038452,3.571423053741455,3.9272117614746094,3.979604959487915,3.8734827041625977,3.610642194747925,3.544890880584717,3.355113983154297,3.0998940467834473,3.2050745487213135,3.090113401412964,3.039353609085083,3.3589346408843994,3.321946620941162,3.684495449066162,3.7922348976135254,4.126038551330566,4.250129699707031
A7,1.8414345979690552,1.4990708827972412,1.2361819744110107,0.965025782585144,0.6388981938362122,0.38739079236984253,0.0,0.40039169788360596,0.5896685719490051,0.864906370639801,1.1842283010482788,1.3588451147079468,1.7406891584396362,1.8868685960769653,2.2241973876953125,1.9783042669296265,1.6935443878173828,1.5150206089019775,1.1499335765838623,1.0436598062515259,0.6929417252540588,0.8129885196685791,0.7898132801055908,0.8413154482841492,1.224050760269165,1.4157406091690063,1.627937912940979,1.959953784942627,2.129092216491699,2.5144424438476562,2.373236656188965,2.1243016719818115,1.9352610111236572,1.6507736444473267,1.5941847562789917,1.2838619947433472,1.4156121015548706,1.3498508930206299,1.3664973974227905,1.7388036251068115,1.8551512956619263,2.0858681201934814,2.361985921859741,2.548170328140259,2.9319610595703125,2.9143354892730713,2.707818031311035,2.5139663219451904,2.321918249130249,2.2321293354034424,1.9319387674331665,2.0426268577575684,1.9324456453323364,1.9454153776168823,2.3030974864959717,2.3839175701141357,2.6713151931762695,2.925157308578491,3.185068368911743,3.5408096313476562,3.7124526500701904,3.600832223892212,3.353400230407715,3.2680790424346924,3.0873498916625977,2.8146698474884033,2.894322395324707,2.77793550491333,2.7010157108306885,3.016653299331665,2.96773099899292,3.3249969482421875,3.4281647205352783,3.755903482437134,3.8811817169189453
A8,2.2013111114501953,1.8574037551879883,1.5782151222229004,1.2764285802841187,0.9720726013183594,0.6469690203666687,0.40039169788360596,0.0,0.38281387090682983,0.6873993873596191,0.9480270147323608,1.2197747230529785,1.584877371788025,1.8049671649932861,2.1573736667633057,2.3567986488342285,2.071439266204834,1.9038195610046387,1.527667760848999,1.3838969469070435,1.0029118061065674,1.0003783702850342,0.80257648229599,0.7940747141838074,1.1486831903457642,1.2565094232559204,1.532762885093689,1.836108684539795,2.0667970180511475,2.451629638671875,2.7053167819976807,2.4410927295684814,2.265639543533325,1.9481064081192017,1.8588820695877075,1.5065263509750366,1.5517404079437256,1.383882999420166,1.3477472066879272,1.6902893781661987,1.736703872680664,2.0066866874694824,2.2510640621185303,2.4851293563842773,2.8627073764801025,3.1882877349853516,2.961880922317505,2.780625581741333,2.547760486602783,2.438093662261963,2.0999915599823,2.1438350677490234,1.9649157524108887,1.9292542934417725,2.2547473907470703,2.278762102127075,2.5861895084381104,2.80908465385437,3.098814010620117,3.4438397884368896,3.9096314907073975,3.781907796859741,3.5444607734680176,3.4227471351623535,3.2318363189697266,2.927922487258911,2.9583380222320557,2.801124095916748,2.684586763381958,2.9663915634155273,2.86985445022583,3.221705675125122,3.283228874206543,3.609135150909424,3.6994733810424805
A9,2.356874465942383,1.9887715578079224,1.769025444984436,1.4477242231369019,1.1888066530227661,0.8387740850448608,0.5896685719490051,0.38281387090682983,0.0,0.38417157530784607,0.6102302074432373,0.8464840054512024,1.2107189893722534,1.4234745502471924,1.7787121534347534,2.3288979530334473,2.0725021362304688,1.9760950803756714,1.6008021831512451,1.5206412076950073,1.1580883264541626,1.1099427938461304,0.9285100698471069,0.7459219694137573,1.043643832206726,1.067798376083374,1.2919061183929443,1.553740382194519,1.7703386545181274,2.1436643600463867,2.666611909866333,2.4291188716888428,2.313685655593872,1.9950941801071167,1.9651743173599243,1.6240617036819458,1.641303539276123,1.492321491241455,1.3599942922592163,1.66734778881073,1.6576611995697021,1.8796477317810059,2.0772531032562256,2.291156768798828,2.6525161266326904,3.1657021045684814,2.966444730758667,2.8324291706085205,2.6044211387634277,2.5449395179748535,2.2134547233581543,2.240907907485962,2.0793981552124023,1.9825061559677124,2.287172794342041,2.271942615509033,2.5431015491485596,2.7285304069519043,3.001246929168701,3.32147216796875,3.9200451374053955,3.821310520172119,3.617229461669922,3.5073189735412598,3.353203535079956,3.05238938331604,3.0693798065185547,2.9364025592803955,2.7843451499938965,3.0621299743652344,2.9439480304718018,3.277040958404541,3.319096565246582,3.621450424194336,3.6992504596710205
A10,2.628859758377075,2.2640562057495117,2.0628042221069336,1.7676045894622803,1.4899547100067139,1.176858901977539,0.864906370639801,0.6873993873596191,0.38417157530784607,0.0,0.3880232274532318,0.5908575654029846,0.9679160714149475,1.2046802043914795,1.5337165594100952,2.39522385597229,2.1295363903045654,2.0748958587646484,1.6923021078109741,1.605027198791504,1.2586814165115356,1.1041759252548218,0.894090473651886,0.5760630369186401,0.7556450366973877,0.7078014612197876,0.9152050018310547,1.1721727848052979,1.4038844108581543,1.7802618741989136,2.61010479927063,2.3648643493652344,2.2947838306427,1.952535629272461,1.9354506731033325,1.59274423122406,1.5379526615142822,1.375139832496643,1.1535601615905762,1.406566858291626,1.3470011949539185,1.5388990640640259,1.7095081806182861,1.9219379425048828,2.2767364978790283,3.033703327178955,2.8329193592071533,2.739288568496704,2.4888112545013428,2.455172538757324,2.117882013320923,2.099630355834961,1.9355908632278442,1.7768265008926392,2.0495047569274902,1.9988948106765747,2.241255283355713,2.400111675262451,2.6628003120422363,2.968689203262329,3.7346110343933105,3.645245313644409,3.4726033210754395,3.3533546924591064,3.226548910140991,2.9197890758514404,2.907247304916382,2.787344217300415,2.597900152206421,2.8632020950317383,2.7253081798553467,3.0387372970581055,3.0669949054718018,3.3491759300231934,3.4227263927459717
A11,2.9155983924865723,2.538741111755371,2.35371994972229,2.029266357421875,1.78891122341156,1.4401859045028687,1.1842283010482788,0.9480270147323608,0.6102302074432373,0.3880232274532318,0.0,0.39372801780700684,0.6825971007347107,0.9966539144515991,1.335633397102356,2.68340802192688,2.4482479095458984,2.42159104347229,2.048990249633789,1.9853101968765259,1.641287088394165,1.4907276630401611,1.2601819038391113,0.9340565800666809,1.0181739330291748,0.8169333934783936,0.9847318530082703,1.1142520904541016,1.3730963468551636,1.7107055187225342,2.918044328689575,2.694190502166748,2.6517672538757324,2.315228223800659,2.313206434249878,1.9736803770065308,1.89781653881073,1.7128207683563232,1.4538449048995972,1.6466100215911865,1.5029253959655762,1.6713448762893677,1.7590725421905518,1.9813443422317505,2.299626588821411,3.3440964221954346,3.1573808193206787,3.088707447052002,2.8359594345092773,2.8148906230926514,2.4754881858825684,2.43023943901062,2.2473764419555664,2.0484352111816406,2.2782845497131348,2.1684792041778564,2.391796350479126,2.4935362339019775,2.7586922645568848,3.028555393218994,4.033588886260986,3.9539945125579834,3.801772117614746,3.6755330562591553,3.5599381923675537,3.246033191680908,3.2068169116973877,3.0770297050476074,2.8570775985717773,3.0931286811828613,2.916689872741699,3.2089009284973145,3.1939890384674072,3.45501446723938,3.4899728298187256
A12,2.9575719833374023,2.577805519104004,2.4467825889587402,2.136364459991455,1.9267488718032837,1.604526400566101,1.3588451147079468,1.2197747230529785,0.8464840054512024,0.5908575654029846,0.39372801780700684,0.0,0.39212939143180847,0.626514732837677,0.9638222455978394,2.5481338500976562,2.348942518234253,2.3864879608154297,2.039750337600708,2.0367770195007324,1.7388951778411865,1.593674659729004,1.4409594535827637,1.073500394821167,1.0981111526489258,0.8898211121559143,0.8901243805885315,0.9510384202003479,1.1214284896850586,1.4355286359786987,2.7625129222869873,2.576903820037842,2.5905139446258545,2.2774434089660645,2.336923122406006,2.0368006229400635,1.970636248588562,1.8492345809936523,1.5578440427780151,1.720984697341919,1.576246976852417,1.6550899744033813,1.7041068077087402,1.8581722974777222,2.1517093181610107,3.20780348777771,3.0595827102661133,3.033844470977783,2.8075599670410156,2.8398358821868896,2.531005620956421,2.5006487369537354,2.368438959121704,2.1510837078094482,2.37241792678833,2.265415668487549,2.4348323345184326,2.5166144371032715,2.737983465194702,2.9836959838867188,3.947312355041504,3.9038355350494385,3.780902862548828,3.6835267543792725,3.607279062271118,3.315290927886963,3.2884504795074463,3.2012991905212402,2.9763569831848145,3.22346830368042,3.059370279312134,3.334010124206543,3.328418731689453,3.565788984298706,3.6120986938476562
A13,3.2906837463378906,2.9073824882507324,2.798530101776123,2.4796993732452393,2.294315814971924,1.9640147686004639,1.7406891584396362,1.584877371788025,1.2107189893722534,0.9679160714149475,0.6825971007347107,0.39212939143180847,0.0,0.39223501086235046,0.6907932758331299,2.8255841732025146,2.657121181488037,2.7283871173858643,2.396651268005371,2.4132883548736572,2.1261026859283447,1.973741888999939,1.8156040906906128,1.4399008750915527,1.4054893255233765,1.1299338340759277,1.0589643716812134,0.9625394940376282,1.098885178565979,1.3261287212371826,3.0250587463378906,2.8649404048919678,2.914175271987915,2.6108977794647217,2.6895947456359863,2.4006168842315674,2.3155510425567627,2.190340280532837,1.8715399503707886,1.980747103691101,1.7816987037658691,1.8124563694000244,1.776330828666687,1.9072937965393066,2.144085168838501,3.4550669193267822,3.3275904655456543,3.3351891040802,3.112150192260742,3.1661176681518555,2.8642055988311768,2.8131227493286133,2.679576873779297,2.4294493198394775,2.6107351779937744,2.4610159397125244,2.5933454036712646,2.6187338829040527,2.821269989013672,3.021207332611084,4.178528785705566,4.152956008911133,4.058128833770752,3.961479663848877,3.9067418575286865,3.616053819656372,3.5691092014312744,3.4871509075164795,3.2373344898223877,3.4613163471221924,3.2721269130706787,3.519669771194458,3.4822757244110107,3.6899781227111816,3.708115577697754
A14,3.267951011657715,2.8897407054901123,2.833085298538208,2.532165050506592,2.3840699195861816,2.084078311920166,1.8868685960769653,1.8049671649932861,1.4234745502471924,1.2046802043914795,0.9966539144515991,0.626514732837677,0.39223501086235046,0.0,0.37194007635116577,2.676595687866211,2.5548171997070312,2.680454730987549,2.3860771656036377,2.4612414836883545,2.2200303077697754,2.096712827682495,2.0077462196350098,1.631717324256897,1.5990791320800781,1.3736764192581177,1.2117526531219482,1.096161127090454,1.0940918922424316,1.2634198665618896,2.886486291885376,2.7737107276916504,2.8667147159576416,2.6004414558410645,2.733408212661743,2.4865822792053223,2.4313743114471436,2.3666234016418457,2.051717758178711,2.160930871963501,1.9936162233352661,1.964434027671814,1.9207862615585327,1.9770004749298096,2.1871836185455322,3.356656312942505,3.2725400924682617,3.310636281967163,3.1250765323638916,3.222644090652466,2.955366849899292,2.9345362186431885,2.8502368927001953,2.608686685562134,2.797621011734009,2.6721901893615723,2.768397092819214,2.7944586277008057,2.9550349712371826,3.1393086910247803,4.147324562072754,4.15639591217041,4.080353260040283,4.017890453338623,3.9931273460388184,3.728356122970581,3.7059240341186523,3.6616971492767334,3.4236671924591064,3.6652517318725586,3.4997904300689697,3.7404708862304688,3.723395347595215,3.918781280517578,3.9556078910827637
A15,3.544684648513794,3.1742348670959473,3.140961170196533,2.855858564376831,2.712494373321533,2.4294610023498535,2.2241973876953125,2.1573736667633057,1.7787121534347534,1.5337165594100952,1.335633397102356,0.9638222455978394,0.6907932758331299,0.37194007635116577,0.0,2.8257479667663574,2.7284183502197266,2.893322229385376,2.621122360229492,2.7132928371429443,2.500145435333252,2.360405206680298,2.2901062965393066,1.907435655593872,1.82123863697052,1.585460901260376,1.3508930206298828,1.1502809524536133,1.0494334697723389,1.1012555360794067,2.966458320617676,2.8814308643341064,3.019814968109131,2.770042657852173,2.9290177822113037,2.709010362625122,2.637148857116699,2.59325909614563,2.2592735290527344,2.320617914199829,2.136615514755249,2.0434892177581787,1.9435776472091675,1.940900206565857,2.091275453567505,3.395261764526367,3.338901996612549,3.419369697570801,3.24558162689209,3.3764255046844482,3.130795955657959,3.098327398300171,3.036118745803833,2.772859573364258,2.929687738418579,2.7893810272216797,2.835981845855713,2.8249757289886475,2.944798469543457,3.0878427028656006,4.165124416351318,4.2007222175598145,4.159416198730469,4.108865737915039,4.117154121398926,3.8665785789489746,3.8357043266296387,3.816153049468994,3.5649752616882324,3.795212745666504,3.627352714538574,3.8407442569732666,3.8160932064056396,3.981102466583252,4.014210224151611
B1,1.5122848749160767,1.4092615842819214,1.612666368484497,1.7366613149642944,1.7690787315368652,1.9661518335342407,1.9783042669296265,2.3567986488342285,2.3288979530334473,2.39522385597229,2.68340802192688,2.5481338500976562,2.8255841732025146,2.676595687866211,2.8257479667663574,0.0,0.39952030777931213,0.7317331433296204,0.9982683658599854,1.3704099655151367,1.6311966180801392,1.8533446788787842,2.2197563648223877,2.2334048748016357,2.4201200008392334,2.687084913253784,2.6047987937927246,2.8799307346343994,2.7604637145996094,3.016145706176758,0.966716468334198,1.093953251838684,1.118793249130249,1.304357647895813,1.6195690631866455,1.772478699684143,2.072955369949341,2.384486675262451,2.4371464252471924,2.704075336456299,2.9434123039245605,2.932490587234497,3.200986862182617,3.1376330852508545,3.4402718544006348,1.8884391784667969,1.9521510601043701,1.8653900623321533,2.011958122253418,2.178368091583252,2.2077741622924805,2.51800274848938,2.7298455238342285,2.820908546447754,3.160208225250244,3.371565341949463,3.4856646060943604,3.764970541000366,3.8444485664367676,4.160582065582275,3.089160680770874,3.149094581604004,2.966229200363159,3.114497423171997,3.098970651626587,3.0422184467315674,3.293302536010742,3.410227060317993,3.445493698120117,3.8262135982513428,3.9306769371032715,4.233963489532471,4.455655574798584,4.725895404815674,4.958626747131348
B2,1.4885964393615723,1.350300669670105,1.4577720165252686,1.571252703666687,1.5261670351028442,1.727303385734558,1.6935443878173828,2.071439266204834,2.0725021362304688,2.1295363903045654,2.4482479095458984,2.348942518234253,2.657121181488037,2.5548171997070312,2.7284183502197266,0.39952030777931213,0.0,0.39765241742134094,0.6300920844078064,0.9861922264099121,1.2673605680465698,1.479709506034851,1.8586219549179077,1.903612732887268,2.093106985092163,2.388190507888794,2.3349785804748535,2.6414830684661865,2.555274248123169,2.839806318283081,0.8897522687911987,0.8653247952461243,0.8041510581970215,0.932695209980011,1.2303452491760254,1.3746612071990967,1.6826896667480469,1.9972445964813232,2.072331666946411,2.347280740737915,2.6055290699005127,2.61763858795166,2.9108786582946777,2.873284339904785,3.1964831352233887,1.7341008186340332,1.7228319644927979,1.5924768447875977,1.689570426940918,1.8236795663833618,1.8261523246765137,2.1366162300109863,2.339324474334717,2.4430932998657227,2.789863348007202,3.0115530490875244,3.1426968574523926,3.437446117401123,3.533964157104492,3.8670051097869873,2.8741068840026855,2.896214485168457,2.6903178691864014,2.8059699535369873,2.764497995376587,2.6839652061462402,2.9274489879608154,3.028148889541626,3.064450263977051,3.4460690021514893,3.5510377883911133,3.861335039138794,4.085580825805664,4.364987373352051,4.599361896514893
B3,1.2769654989242554,1.156784176826477,1.18837571144104,1.346758484840393,1.2726178169250488,1.5307142734527588,1.5150206089019775,1.9038195610046387,1.9760950803756714,2.0748958587646484,2.42159104347229,2.3864879608154297,2.7283871173858643,2.680454730987549,2.893322229385376,0.7317331433296204,0.39765241742134094,0.0,0.39838141202926636,0.7043588757514954,1.030076503753662,1.2973012924194336,1.6812617778778076,1.8014857769012451,2.0322821140289307,2.356804609298706,2.3669466972351074,2.7083466053009033,2.6755847930908203,2.9928548336029053,1.143068790435791,1.0089093446731567,0.7797020673751831,0.8564572930335999,1.0462762117385864,1.174830436706543,1.524375319480896,1.8229314088821411,1.9613401889801025,2.2668824195861816,2.549302816390991,2.6150970458984375,2.9399619102478027,2.9476091861724854,3.295257568359375,1.8689438104629517,1.785470962524414,1.5723042488098145,1.6310925483703613,1.682786464691162,1.6603659391403198,1.9883646965026855,2.1666712760925293,2.316770076751709,2.681729555130005,2.9226908683776855,3.093553066253662,3.4130330085754395,3.5404579639434814,3.8969814777374268,2.9160232543945312,2.888397216796875,2.636467933654785,2.7211878299713135,2.6269569396972656,2.529489278793335,2.780428647994995,2.848510265350342,2.910853147506714,3.293785333633423,3.4075560569763184,3.735527515411377,3.9665791988372803,4.26744270324707,4.502932548522949
B4,1.414666771888733,1.203945279121399,1.1326829195022583,1.1922963857650757,1.0236092805862427,1.2256449460983276,1.1499335765838623,1.527667760848999,1.6008021831512451,1.6923021078109741,2.048990249633789,2.039750337600708,2.396651268005371,2.3860771656036377,2.621122360229492,0.9982683658599854,0.6300920844078064,0.39838141202926636,0.0,0.38704153895378113,0.6501775979995728,0.9165411591529846,1.2918639183044434,1.4080770015716553,1.6558583974838257,1.9796563386917114,2.0182361602783203,2.371969223022461,2.375612258911133,2.715101718902588,1.3228551149368286,1.106278896331787,0.8797919750213623,0.7640021443367004,0.8910481333732605,0.8933438658714294,1.2283291816711426,1.4850050210952759,1.6051865816116333,1.9311950206756592,2.1974925994873047,2.2908592224121094,2.6177785396575928,2.6595568656921387,3.022643566131592,1.966302752494812,1.826919436454773,1.6170425415039062,1.5789706707000732,1.5937087535858154,1.4811465740203857,1.7677627801895142,1.89223051071167,2.013784885406494,2.3876936435699463,2.6037678718566895,2.7971954345703125,3.109912872314453,3.2644379138946533,3.626387596130371,2.94023060798645,2.886094570159912,2.6352407932281494,2.6681764125823975,2.552549123764038,2.400773048400879,2.609977960586548,2.6395044326782227,2.6653807163238525,3.0422627925872803,3.122856855392456,3.459357976913452,3.6675589084625244,3.9744949340820312,4.191531658172607
B5,1.595764398574829,1.3955944776535034,1.2172075510025024,1.2595926523208618,0.993127703666687,1.1831128597259521,1.0436598062515259,1.3838969469070435,1.5206412076950073,1.605027198791504,1.9853101968765259,2.0367770195007324,2.4132883548736572,2.4612414836883545,2.7132928371429443,1.3704099655151367,0.9861922264099121,0.7043588757514954,0.38704153895378113,0.0,0.3906702697277069,0.6456313133239746,1.0234081745147705,1.2272720336914062,1.4800668954849243,1.8349510431289673,1.929577350616455,2.310145378112793,2.3628015518188477,2.7216944694519043,1.5393264293670654,1.2443479299545288,0.9561632871627808,0.727943480014801,0.6762011051177979,0.5857293009757996,0.9364905953407288,1.1686062812805176,1.3525577783584595,1.690962553024292,1.9817085266113281,2.120103359222412,2.473802089691162,2.5554897785186768,2.933443784713745,2.0248966217041016,1.8144972324371338,1.5613347291946411,1.4475502967834473,1.3793518543243408,1.208045244216919,1.4804009199142456,1.5688891410827637,1.72353994846344,2.105799674987793,2.3366026878356934,2.560397148132324,2.8920695781707764,3.0711286067962646,3.450350284576416,2.8623647689819336,2.761141538619995,2.485106945037842,2.4707539081573486,2.312610626220703,2.1278092861175537,2.321462631225586,2.3162841796875,2.350153923034668,2.723292827606201,2.805675506591797,3.152834892272949,3.364173173904419,3.6850481033325195,3.9029054641723633
B6,1.7384737730026245,1.4773138761520386,1.2389475107192993,1.1682734489440918,0.8275173306465149,0.9089478850364685,0.6929417252540588,1.0029118061065674,1.1580883264541626,1.2586814165115356,1.641287088394165,1.7388951778411865,2.1261026859283447,2.2200303077697754,2.500145435333252,1.6311966180801392,1.2673605680465698,1.030076503753662,0.6501775979995728,0.3906702697277069,0.0,0.37650027871131897,0.6873862147331238,0.8990340232849121,1.2046592235565186,1.5388541221618652,1.6865841150283813,2.0701451301574707,2.174328088760376,2.5524961948394775,1.8411426544189453,1.5425693988800049,1.3002370595932007,1.0063754320144653,0.9123755693435669,0.6438772678375244,0.8897412419319153,0.9925883412361145,1.136537790298462,1.5086297988891602,1.755202293395996,1.9401799440383911,2.2826597690582275,2.412308931350708,2.8015339374542236,2.3037946224212646,2.0751636028289795,1.8465688228607178,1.6691558361053467,1.5741901397705078,1.3157358169555664,1.5052865743637085,1.497418999671936,1.600387692451477,1.9857324361801147,2.1678977012634277,2.4250011444091797,2.7376368045806885,2.953387975692749,3.3319575786590576,3.083948850631714,2.9672391414642334,2.7018465995788574,2.6420910358428955,2.4673240184783936,2.2313544750213623,2.3686740398406982,2.3099682331085205,2.294908046722412,2.6499252319335938,2.681638240814209,3.0380361080169678,3.2120790481567383,3.540027141571045,3.7273154258728027
B7,2.1133313179016113,1.846090316772461,1.6087305545806885,1.5059353113174438,1.1479028463363647,1.1334023475646973,0.8129885196685791,1.0003783702850342,1.1099427938461304,1.1041759252548218,1.4907276630401611,1.593674659729004,1.973741888999939,2.096712827682495,2.360405206680298,1.8533446788787842,1.479709506034851,1.2973012924194336,0.9165411591529846,0.6456313133239746,0.37650027871131897,0.0,0.40082883834838867,0.6203142404556274,0.8698090314865112,1.2320926189422607,1.389256477355957,1.7841821908950806,1.9084819555282593,2.289029836654663,1.9069024324417114,1.5753332376480103,1.3786330223083496,1.0150961875915527,0.8818920254707336,0.5171837210655212,0.6071206331253052,0.6515963673591614,0.7602148652076721,1.1328951120376587,1.3832567930221558,1.5756103992462158,1.9265035390853882,2.0718600749969482,2.4647791385650635,2.2471134662628174,1.987927794456482,1.7918922901153564,1.5484801530838013,1.449484944343567,1.133331537246704,1.2451245784759521,1.1965042352676392,1.2494362592697144,1.630286693572998,1.7968149185180664,2.054058313369751,2.3628950119018555,2.5854010581970215,2.965050458908081,2.927379846572876,2.7994072437286377,2.5561587810516357,2.460906744003296,2.294506788253784,2.02587890625,2.1170315742492676,2.0465781688690186,1.9884597063064575,2.335451364517212,2.3447563648223877,2.6958272457122803,2.8587448596954346,3.180562734603882,3.3640244007110596
B8,2.3801050186157227,2.091193675994873,1.817132592201233,1.6520576477050781,1.274827480316162,1.1567070484161377,0.7898132801055908,0.80257648229599,0.9285100698471069,0.894090473651886,1.2601819038391113,1.4409594535827637,1.8156040906906128,2.0077462196350098,2.2901062965393066,2.2197563648223877,1.8586219549179077,1.6812617778778076,1.2918639183044434,1.0234081745147705,0.6873862147331238,0.40082883834838867,0.0,0.39049234986305237,0.6671400666236877,0.9878562688827515,1.240895390510559,1.6277748346328735,1.8271980285644531,2.217128276824951,2.282076835632324,1.949204921722412,1.7691490650177002,1.393884539604187,1.2304894924163818,0.8417559266090393,0.777675986289978,0.5861157178878784,0.6149658560752869,0.9933479428291321,1.1716185808181763,1.4390246868133545,1.7712116241455078,1.98372483253479,2.37945294380188,2.57392954826355,2.2975409030914307,2.1163556575775146,1.8308391571044922,1.700657606124878,1.3372758626937866,1.345253348350525,1.1768569946289062,1.1613510847091675,1.51691472530365,1.6174027919769287,1.9171968698501587,2.201056718826294,2.4681849479675293,2.8445396423339844,3.159905195236206,3.010591745376587,2.7773020267486572,2.635324478149414,2.4505436420440674,2.1400320529937744,2.1657543182373047,2.0335776805877686,1.9241513013839722,2.2344655990600586,2.185030698776245,2.540531873703003,2.6591904163360596,2.9879868030548096,3.1364102363586426
B9,2.535219430923462,2.212599515914917,1.9805793762207031,1.7688243389129639,1.4229204654693604,1.2277930974960327,0.8413154482841492,0.7940747141838074,0.7459219694137573,0.5760630369186401,0.9340565800666809,1.073500394821167,1.4399008750915527,1.631717324256897,1.907435655593872,2.2334048748016357,1.903612732887268,1.8014857769012451,1.4080770015716553,1.2272720336914062,0.8990340232849121,0.6203142404556274,0.39049234986305237,0.0,0.3853606879711151,0.6532500386238098,0.8877536654472351,1.2653511762619019,1.4695367813110352,1.8629193305969238,2.2982311248779297,1.9959287643432617,1.8880687952041626,1.5126676559448242,1.4330060482025146,1.0705130100250244,0.9714033007621765,0.8048341870307922,0.6205947399139404,0.9453368186950684,1.0217809677124023,1.2479888200759888,1.531410574913025,1.7383356094360352,2.1278138160705566,2.614675760269165,2.3699824810028076,2.247997283935547,1.9683160781860352,1.9027457237243652,1.5520236492156982,1.52950119972229,1.3743561506271362,1.2543108463287354,1.5701134204864502,1.5989402532577515,1.8610626459121704,2.0939931869506836,2.3521268367767334,2.7021422386169434,3.237764596939087,3.1214170455932617,2.9295437335968018,2.798065423965454,2.6567182540893555,2.3486104011535645,2.348736524581909,2.2379086017608643,2.0758345127105713,2.369452714920044,2.2793169021606445,2.6107609272003174,2.694120168685913,2.9962706565856934,3.1210618019104004
B10,2.8756747245788574,2.558389186859131,2.342849016189575,2.1423254013061523,1.800010085105896,1.6090800762176514,1.224050760269165,1.1486831903457642,1.043643832206726,0.7556450366973877,1.0181739330291748,1.0981111526489258,1.4054893255233765,1.5990791320800781,1.82123863697052,2.4201200008392334,2.093106985092163,2.0322821140289307,1.6558583974838257,1.4800668954849243,1.2046592235565186,0.8698090314865112,0.6671400666236877,0.3853606879711151,0.0,0.39207980036735535,0.5946744680404663,0.9826498627662659,1.1979559659957886,1.580977201461792,2.351018190383911,2.04460072517395,1.9886212348937988,1.6028680801391602,1.532862663269043,1.1983513832092285,0.9931520223617554,0.8074010014533997,0.46647727489471436,0.6588045954704285,0.6675453186035156,0.8676653504371643,1.1471977233886719,1.363896369934082,1.7538517713546753,2.555799961090088,2.3060920238494873,2.2334043979644775,1.9256194829940796,1.886863112449646,1.5376026630401611,1.439407467842102,1.275833249092102,1.0584160089492798,1.317964792251587,1.297448754310608,1.5252474546432495,1.733082890510559,1.9842294454574585,2.3250985145568848,3.084247350692749,2.9735851287841797,2.8205277919769287,2.671586751937866,2.56189227104187,2.2465198040008545,2.2015674114227295,2.103564977645874,1.8910175561904907,2.1624536514282227,2.0460124015808105,2.3514404296875,2.41860032081604,2.6974663734436035,2.819392204284668
B11,3.1449904441833496,2.8059117794036865,2.5984458923339844,2.35664701461792,2.0342178344726562,1.784267544746399,1.4157406091690063,1.2565094232559204,1.067798376083374,0.7078014612197876,0.8169333934783936,0.8898211121559143,1.1299338340759277,1.3736764192581177,1.585460901260376,2.687084913253784,2.388190507888794,2.356804609298706,1.9796563386917114,1.8349510431289673,1.5388541221618652,1.2320926189422607,0.9878562688827515,0.6532500386238098,0.39207980036735535,0.0,0.3914036154747009,0.6945701241493225,0.9982718229293823,1.3696540594100952,2.646345853805542,2.3654978275299072,2.3421247005462646,1.9650683403015137,1.9188419580459595,1.5885965824127197,1.3805465698242188,1.1690372228622437,0.8129367232322693,0.8800604343414307,0.696262538433075,0.8656269311904907,1.017029047012329,1.2752450704574585,1.6351805925369263,2.85687518119812,2.626218318939209,2.5856950283050537,2.279381513595581,2.257370710372925,1.911368727684021,1.7814722061157227,1.5917088985443115,1.3200438022613525,1.502271056175232,1.3800170421600342,1.5808290243148804,1.704039454460144,1.966710090637207,2.2655375003814697,3.364795684814453,3.266500949859619,3.1416523456573486,2.9835824966430664,2.8893373012542725,2.5672709941864014,2.4848275184631348,2.3723561763763428,2.117187261581421,2.343365430831909,2.170067548751831,2.445913553237915,2.453444480895996,2.7058660984039307,2.7798142433166504
B12,3.244567632675171,2.9057891368865967,2.743910074234009,2.5155088901519775,2.2175133228302,1.985785961151123,1.627937912940979,1.532762885093689,1.2919061183929443,0.9152050018310547,0.9847318530082703,0.8901243805885315,1.0589643716812134,1.2117526531219482,1.3508930206298828,2.6047987937927246,2.3349785804748535,2.3669466972351074,2.0182361602783203,1.929577350616455,1.6865841150283813,1.389256477355957,1.240895390510559,0.8877536654472351,0.5946744680404663,0.3914036154747009,0.0,0.3986944258213043,0.6221784353256226,1.003752589225769,2.500241994857788,2.2527477741241455,2.2955191135406494,1.941641926765442,1.961125373840332,1.6832226514816284,1.4813826084136963,1.3583241701126099,0.9815918803215027,0.9789637923240662,0.7975362539291382,0.7764249444007874,0.8559495210647583,1.0174436569213867,1.363515019416809,2.693939208984375,2.5007681846618652,2.5167782306671143,2.234612464904785,2.2773265838623047,1.972145915031433,1.8527131080627441,1.7317755222320557,1.438308596611023,1.5908154249191284,1.4693742990493774,1.5793408155441284,1.6668505668640137,1.8661754131317139,2.133227825164795,3.229109048843384,3.1709837913513184,3.0864791870117188,2.9578700065612793,2.914323568344116,2.619903087615967,2.546325206756592,2.4884390830993652,2.2265405654907227,2.4573521614074707,2.2995641231536865,2.5434632301330566,2.559438467025757,2.7754509449005127,2.861440420150757
B13,3.5731496810913086,3.224210023880005,3.080617904663086,2.833996534347534,2.5561676025390625,2.2997257709503174,1.959953784942627,1.836108684539795,1.553740382194519,1.1721727848052979,1.1142520904541016,0.9510384202003479,0.9625394940376282,1.096161127090454,1.1502809524536133,2.8799307346343994,2.6414830684661865,2.7083466053009033,2.371969223022461,2.310145378112793,2.0701451301574707,1.7841821908950806,1.6277748346328735,1.2653511762619019,0.9826498627662659,0.6945701241493225,0.3986944258213043,0.0,0.3864632248878479,0.7017822861671448,2.7654550075531006,2.5490739345550537,2.631011962890625,2.2932310104370117,2.336763381958008,2.0739479064941406,1.8664416074752808,1.7409676313400269,1.3575401306152344,1.2923460006713867,1.0358741283416748,0.9323952198028564,0.8287878632545471,0.9516528844833374,1.213341474533081,2.9400365352630615,2.773695468902588,2.8297078609466553,2.556500196456909,2.624250888824463,2.333498001098633,2.1938719749450684,2.072686195373535,1.7491497993469238,1.8385474681854248,1.6552189588546753,1.7044823169708252,1.70033597946167,1.8698586225509644,2.0702855587005615,3.4446256160736084,3.408545732498169,3.360927104949951,3.2335548400878906,3.21736478805542,2.928652763366699,2.8294997215270996,2.7780609130859375,2.4879705905914307,2.682049036026001,2.491603374481201,2.694420576095581,2.6666417121887207,2.8402788639068604,2.889899492263794
