,A1,A2,A3,A4,A5,A6,A7,A8,A9,A10,A11,A12,A13,A14,A15,B1,B2,B3,B4,B5,B6,B7,B8,B9,B10,B11,B12,B13,B14,B15,C1,C2,C3,C4,C5,C6,C7,C8,C9,C10,C11,C12,C13,C14,C15,D1,D2,D3,D4,D5,D6,D7,D8,D9,D10,D11,D12,D13,D14,D15,E1,E2,E3,E4,E5,E6,E7,E8,E9,E10,E11,E12,E13,E14,E15
A1,0.0,0.381095826625824,0.6132853627204895,0.9504688382148743,1.2173051834106445,1.5828056335449219,1.8812284469604492,2.2348110675811768,2.396958589553833,2.4944396018981934,2.1889002323150635,2.3152828216552734,2.036325693130493,2.162761926651001,1.8776408433914185,0.48487818241119385,0.6075345277786255,0.7749063968658447,1.0669217109680176,1.3242617845535278,1.6724110841751099,1.966369390487671,2.301405191421509,2.468871593475342,2.6128954887390137,2.34885311126709,2.501783609390259,2.296297311782837,2.4426774978637695,2.201590061187744,1.010408639907837,1.0820116996765137,1.1665661334991455,1.3715684413909912,1.5772604942321777,1.88510262966156,2.150094509124756,2.4585578441619873,2.631335496902466,2.8147222995758057,2.589536190032959,2.7638120651245117,2.63625168800354,2.813369035720825,2.6499710083007812,1.5058804750442505,1.5743658542633057,1.6112970113754272,1.771458625793457,1.92684805393219,2.189087390899658,2.4218008518218994,2.691723585128784,2.8672103881835938,3.0905354022979736,2.9161274433135986,3.11474871635437,3.06323504447937,3.266674757003784,3.1863362789154053,2.0371763706207275,2.104098320007324,2.0829474925994873,2.209700107574463,2.3216800689697266,2.5263640880584717,2.7262823581695557,2.9541001319885254,3.1397294998168945,3.418948173522949,3.3003973960876465,3.5418291091918945,3.5751893520355225,3.817713499069214,3.907684087753296
A2,0.381095826625824,0.0,0.3887577950954437,0.6331919431686401,0.9611981511116028,1.2896530628204346,1.6217328310012817,1.9535191059112549,2.1572751998901367,2.2845072746276855,2.013090133666992,2.1937484741210938,1.9512594938278198,2.1391968727111816,1.8955726623535156,0.6411516666412354,0.5095776915550232,0.5853352546691895,0.7706335186958313,1.0532728433609009,1.367594599723816,1.6861025094985962,1.9990798234939575,2.2054455280303955,2.384911298751831,2.1568241119384766,2.3584043979644775,2.189824104309082,2.3900814056396484,2.1884055137634277,1.082008719444275,1.021045446395874,1.028106451034546,1.1374626159667969,1.3318794965744019,1.596952199935913,1.8708157539367676,2.1536476612091064,2.3582866191864014,2.5782599449157715,2.3898696899414062,2.6057777404785156,2.5169029235839844,2.7384164333343506,2.6119987964630127,1.5452333688735962,1.5260565280914307,1.4986436367034912,1.5839438438415527,1.7105822563171387,1.9255123138427734,2.152338981628418,2.393362283706665,2.592349052429199,2.8495395183563232,2.7116644382476807,2.9434292316436768,2.9293112754821777,3.1680893898010254,3.1219050884246826,2.055917263031006,2.061598300933838,1.98585045337677,2.0553126335144043,2.1317520141601562,2.288970947265625,2.4722001552581787,2.6682610511779785,2.8662352561950684,3.171374797821045,3.087545394897461,3.349238157272339,3.4164915084838867,3.681140899658203,3.7983646392822266
A3,0.6132853627204895,0.3887577950954437,0.0,0.3680541217327118,0.6068130135536194,0.9706852436065674,1.271933913230896,1.6217782497406006,1.7968449592590332,1.921722173690796,1.6478674411773682,1.8320274353027344,1.608642578125,1.817962646484375,1.6058464050292969,0.7989688515663147,0.672978937625885,0.49274492263793945,0.6346717476844788,0.7928066253662109,1.111297607421875,1.3827733993530273,1.7069634199142456,1.877656102180481,2.055983304977417,1.8311995267868042,2.0288894176483154,1.8866795301437378,2.0958688259124756,1.9298145771026611,1.1610023975372314,1.1066044569015503,0.9790595173835754,1.0696380138397217,1.156409740447998,1.4065550565719604,1.623002529144287,1.9084781408309937,2.072537660598755,2.2898621559143066,2.1087961196899414,2.312955379486084,2.251208543777466,2.4720299243927,2.3816707134246826,1.5755963325500488,1.5698267221450806,1.4543596506118774,1.5383111238479614,1.5834375619888306,1.7863795757293701,1.955173373222351,2.1952297687530518,2.350358247756958,2.600454807281494,2.47141432762146,2.685701608657837,2.6942298412323,2.9259750843048096,2.911792278289795,2.048415184020996,2.0704729557037354,1.9339967966079712,2.0151517391204834,2.028449296951294,2.1846842765808105,2.3156402111053467,2.5146710872650146,2.66666579246521,2.9606354236602783,2.8828065395355225,3.1217565536499023,3.2025983333587646,3.45051908493042,3.5916433334350586
A4,0.9504688382148743,0.6331919431686401,0.3680541217327118,0.0,0.38063758611679077,0.6593850255012512,1.0052839517593384,1.322912335395813,1.5494191646575928,1.7161831855773926,1.4961951971054077,1.7449086904525757,1.581945776939392,1.8537802696228027,1.7026901245117188,1.1005096435546875,0.8717259168624878,0.610648512840271,0.5069449543952942,0.5936688780784607,0.8236436247825623,1.1076375246047974,1.3971734046936035,1.6112151145935059,1.8378450870513916,1.667658805847168,1.9195713996887207,1.8336412906646729,2.096238136291504,1.9852421283721924,1.3817365169525146,1.2376415729522705,1.031713843345642,0.9909929633140564,1.0098556280136108,1.1731441020965576,1.3719152212142944,1.6157028675079346,1.808428406715393,2.0717692375183105,1.9433664083480835,2.189758777618408,2.181110143661499,2.4437620639801025,2.4015352725982666,1.738738775253296,1.662537693977356,1.4803571701049805,1.478126883506775,1.4635753631591797,1.5932856798171997,1.7301088571548462,1.926808476448059,2.0968523025512695,2.385114908218384,2.304866313934326,2.549344778060913,2.6049962043762207,2.8685085773468018,2.896301507949829,2.1676559448242188,2.1371910572052,1.9450749158859253,1.9666485786437988,1.9262564182281494,2.0222887992858887,2.115546464920044,2.272761106491089,2.424936294555664,2.744293689727783,2.7095346450805664,2.9627864360809326,3.083146333694458,3.347881317138672,3.5207440853118896
A5,1.2173051834106445,0.9611981511116028,0.6068130135536194,0.38063758611679077,0.0,0.391193687915802,0.6660546064376831,1.0206378698349,1.1964924335479736,1.3499263525009155,1.1275123357772827,1.3862782716751099,1.2591686248779297,1.5588966608047485,1.4614473581314087,1.3103904724121094,1.1188170909881592,0.769340991973877,0.6407613754272461,0.47611376643180847,0.6514034271240234,0.8294792771339417,1.1373741626739502,1.291286826133728,1.5084017515182495,1.3429033756256104,1.589667797088623,1.5414955615997314,1.813520908355713,1.7516465187072754,1.515209674835205,1.394001841545105,1.105304479598999,1.0554646253585815,0.9387857913970947,1.0628869533538818,1.1648831367492676,1.409761905670166,1.5384029150009155,1.7887747287750244,1.6685760021209717,1.896484613418579,1.9204440116882324,2.1788341999053955,2.1788909435272217,1.8067073822021484,1.749838948249817,1.5017660856246948,1.5033847093582153,1.4015787839889526,1.5136290788650513,1.5727025270462036,1.7680460214614868,1.8752801418304443,2.144465684890747,2.0716307163238525,2.290245294570923,2.3690061569213867,2.620478630065918,2.681837558746338,2.179279088973999,2.167407989501953,1.9271146059036255,1.9638882875442505,1.8610661029815674,1.9581364393234253,1.9908044338226318,2.1538476943969727,2.246668577194214,2.543212890625,2.5105154514312744,2.733116388320923,2.863905906677246,3.1066863536834717,3.3013715744018555
A6,1.5828056335449219,1.2896530628204346,0.9706852436065674,0.6593850255012512,0.391193687915802,0.0,0.37643569707870483,0.6654645800590515,0.9174509644508362,1.1380256414413452,1.0206990242004395,1.3538978099822998,1.3266059160232544,1.675470232963562,1.6559842824935913,1.6696977615356445,1.4346153736114502,1.0833206176757812,0.8411338925361633,0.5875447988510132,0.49227678775787354,0.5728970170021057,0.7983559966087341,0.9986705780029297,1.2899225950241089,1.2212026119232178,1.5253347158432007,1.562761664390564,1.8799816370010376,1.889185905456543,1.8304424285888672,1.6588383913040161,1.3355966806411743,1.185837984085083,0.98537278175354,0.9582315683364868,0.9731709957122803,1.1321206092834473,1.2727487087249756,1.5819615125656128,1.5446745157241821,1.8112821578979492,1.9083582162857056,2.2017221450805664,2.2624294757843018,2.0707149505615234,1.964358925819397,1.6692883968353271,1.5932550430297852,1.4192596673965454,1.4296289682388306,1.4147264957427979,1.5383057594299316,1.6388862133026123,1.947826623916626,1.9438585042953491,2.1854171752929688,2.324215888977051,2.601271629333496,2.7141568660736084,2.3911240100860596,2.337177038192749,2.0501930713653564,2.0307440757751465,1.8647154569625854,1.8893567323684692,1.8573517799377441,1.9628196954727173,2.033640146255493,2.349817991256714,2.3723702430725098,2.5987699031829834,2.7763423919677734,3.0281155109405518,3.260129928588867
A7,1.8812284469604492,1.6217328310012817,1.271933913230896,1.0052839517593384,0.6660546064376831,0.37643569707870483,0.0,0.38198021054267883,0.5468307733535767,0.7915853261947632,0.7368277907371521,1.095008373260498,1.1590681076049805,1.523693323135376,1.581966757774353,1.9450355768203735,1.7404507398605347,1.3661606311798096,1.1501678228378296,0.8250788450241089,0.6621764898300171,0.488908052444458,0.6438365578651428,0.7183189392089844,1.0180292129516602,1.002492904663086,1.2959519624710083,1.4080572128295898,1.724777102470398,1.8025741577148438,2.0642776489257812,1.9174306392669678,1.5638835430145264,1.4248030185699463,1.1492525339126587,1.0714645385742188,0.9462342262268066,1.0571848154067993,1.0886013507843018,1.3808037042617798,1.3812744617462158,1.6170858144760132,1.7677055597305298,2.048067808151245,2.1640803813934326,2.2550573348999023,2.168774127960205,1.8399547338485718,1.7710994482040405,1.533760666847229,1.5163142681121826,1.4066435098648071,1.5038866996765137,1.515222191810608,1.7946711778640747,1.8151458501815796,2.0190250873565674,2.1920201778411865,2.4498727321624756,2.6048245429992676,2.521573305130005,2.484940767288208,2.167907953262329,2.1606411933898926,1.9428517818450928,1.960744023323059,1.8598790168762207,1.9575347900390625,1.952651858329773,2.234374523162842,2.2683212757110596,2.452641725540161,2.6456525325775146,2.8677315711975098,3.1256277561187744
A8,2.2348110675811768,1.9535191059112549,1.6217782497406006,1.322912335395813,1.0206378698349,0.6654645800590515,0.38198021054267883,0.0,0.39499431848526,0.7493919134140015,0.8786091208457947,1.2505344152450562,1.4049320220947266,1.7742120027542114,1.88590669631958,2.3062922954559326,2.0782175064086914,1.7106208801269531,1.4530341625213623,1.133849859237671,0.8679473400115967,0.6084481477737427,0.5061098337173462,0.5789005160331726,0.96308434009552,1.091809868812561,1.4045400619506836,1.5958607196807861,1.9262968301773071,2.0592334270477295,2.4121956825256348,2.237581968307495,1.8773282766342163,1.6891330480575562,1.3913532495498657,1.2138221263885498,1.0082274675369263,0.9753098487854004,0.9843872785568237,1.3240985870361328,1.4316774606704712,1.6832489967346191,1.902010440826416,2.197035312652588,2.3641843795776367,2.577894926071167,2.4613590240478516,2.1140823364257812,1.9961276054382324,1.722281575202942,1.6214908361434937,1.441580891609192,1.4432001113891602,1.4274424314498901,1.732434868812561,1.8341095447540283,2.045750141143799,2.2755277156829834,2.545552968978882,2.746553897857666,2.8102917671203613,2.7447428703308105,2.4034390449523926,2.354100227355957,2.095000743865967,2.0483477115631104,1.8858437538146973,1.9151520729064941,1.874914526939392,2.162205934524536,2.2577931880950928,2.4339759349823,2.671560287475586,2.8929572105407715,3.1845452785491943
A9,2.396958589553833,2.1572751998901367,1.7968449592590332,1.5494191646575928,1.1964924335479736,0.9174509644508362,0.5468307733535767,0.39499431848526,0.0,0.4043085277080536,0.6211519837379456,0.9545894265174866,1.1862090826034546,1.5360329151153564,1.7100211381912231,2.4317450523376465,2.2435715198516846,1.8586435317993164,1.6482197046279907,1.2917604446411133,1.0726662874221802,0.734278678894043,0.6721500158309937,0.47365206480026245,0.7453254461288452,0.8907493948936462,1.1386198997497559,1.3822721242904663,1.682820200920105,1.867401361465454,2.4965312480926514,2.3614044189453125,1.9856938123703003,1.8403310775756836,1.5076278448104858,1.3595519065856934,1.0876247882843018,1.0809632539749146,0.9399541616439819,1.1808092594146729,1.2787145376205444,1.458747148513794,1.7026231288909912,1.95982027053833,2.163947820663452,2.6193881034851074,2.540372371673584,2.1793622970581055,2.100233316421509,1.7980189323425293,1.7248252630233765,1.4962689876556396,1.5250060558319092,1.4071509838104248,1.6307896375656128,1.7125381231307983,1.8579438924789429,2.092381000518799,2.3224024772644043,2.54616379737854,2.8062329292297363,2.775198459625244,2.4246485233306885,2.4136803150177,2.132812976837158,2.1201701164245605,1.9243346452713013,1.9870429039001465,1.8741309642791748,2.0969884395599365,2.1650404930114746,2.284088373184204,2.508532762527466,2.6866443157196045,2.986029863357544
A10,2.4944396018981934,2.2845072746276855,1.921722173690796,1.7161831855773926,1.3499263525009155,1.1380256414413452,0.7915853261947632,0.7493919134140015,0.4043085277080536,0.0,0.3856143355369568,0.6470280289649963,0.9388758540153503,1.2676819562911987,1.4956103563308716,2.4572136402130127,2.291033983230591,1.901934027671814,1.7231589555740356,1.3489481210708618,1.1656630039215088,0.8026548624038696,0.8032505512237549,0.45175307989120483,0.45253920555114746,0.5769397020339966,0.7641173005104065,1.0543994903564453,1.3422960042953491,1.5735077857971191,2.44523024559021,2.331251621246338,1.9461417198181152,1.828456997871399,1.4699803590774536,1.345061182975769,1.032029390335083,1.0731860399246216,0.8157821297645569,0.9166719913482666,0.9737406969070435,1.090366005897522,1.350185751914978,1.5870758295059204,1.8210541009902954,2.4985125064849854,2.438631296157837,2.065840005874634,2.012056589126587,1.686252236366272,1.6377229690551758,1.3774787187576294,1.4504755735397339,1.2524117231369019,1.3827307224273682,1.4212346076965332,1.5112303495407104,1.7395440340042114,1.9441865682601929,2.1816065311431885,2.6191229820251465,2.6061341762542725,2.247149705886841,2.263152599334717,1.9644620418548584,1.984373927116394,1.769127368927002,1.876740574836731,1.7113032341003418,1.8697445392608643,1.893353819847107,1.9693197011947632,2.1713221073150635,2.3218576908111572,2.619011163711548
A11,2.1889002323150635,2.013090133666992,1.6478674411773682,1.4961951971054077,1.1275123357772827,1.0206990242004395,0.7368277907371521,0.8786091208457947,0.6211519837379456,0.3856143355369568,0.0,0.3808537423610687,0.578209638595581,0.93425053358078,1.1250325441360474,2.126420259475708,1.992783546447754,1.6069390773773193,1.4838755130767822,1.1176855564117432,1.038460612297058,0.749277651309967,0.9233637452125549,0.670641303062439,0.6199105978012085,0.4632653594017029,0.6093654036521912,0.7883901596069336,1.072476863861084,1.249089241027832,2.1063764095306396,2.027387857437134,1.6510536670684814,1.5910576581954956,1.2529219388961792,1.2274798154830933,0.9899794459342957,1.1633890867233276,0.9658520817756653,1.0254589319229126,0.9294126033782959,1.0202136039733887,1.1814268827438354,1.401261329650879,1.574568510055542,2.1668362617492676,2.1432979106903076,1.787568211555481,1.7900094985961914,1.498220682144165,1.5373883247375488,1.3498362302780151,1.517988681793213,1.3655157089233398,1.4753485918045044,1.4130234718322754,1.4948595762252808,1.6461683511734009,1.8360153436660767,2.0157721042633057,2.3092808723449707,2.3308839797973633,1.9953521490097046,2.060600996017456,1.803560733795166,1.8941075801849365,1.7450112104415894,1.9217638969421387,1.8025364875793457,1.9604766368865967,1.9144740104675293,2.003939628601074,2.1503119468688965,2.303633451461792,2.5580861568450928
A12,2.3152828216552734,2.1937484741210938,1.8320274353027344,1.7449086904525757,1.3862782716751099,1.3538978099822998,1.095008373260498,1.2505344152450562,0.9545894265174866,0.6470280289649963,0.3808537423610687,0.0,0.3705536723136902,0.630458652973175,0.9051138758659363,2.212735414505005,2.133638858795166,1.7646572589874268,1.7082977294921875,1.3650106191635132,1.354087233543396,1.0997778177261353,1.28636634349823,1.0019307136535645,0.8188707828521729,0.5845062136650085,0.4612818658351898,0.6065069437026978,0.7823412418365479,1.0053035020828247,2.149564743041992,2.1265101432800293,1.7688666582107544,1.7730478048324585,1.4537965059280396,1.4870290756225586,1.2665361166000366,1.4664781093597412,1.2238192558288574,1.1587390899658203,0.985514760017395,0.9302330613136292,1.0377942323684692,1.1634045839309692,1.3444523811340332,2.1643059253692627,2.1953892707824707,1.858105182647705,1.9201195240020752,1.6439825296401978,1.736070156097412,1.5570942163467407,1.7611937522888184,1.563915491104126,1.5767022371292114,1.4476488828659058,1.4344711303710938,1.5322799682617188,1.648100733757019,1.8153775930404663,2.2589821815490723,2.331834554672241,2.016359329223633,2.137641668319702,1.8958234786987305,2.040226459503174,1.9001201391220093,2.118687391281128,1.966737985610962,2.055443286895752,1.9512765407562256,1.980784296989441,2.074030637741089,2.172398805618286,2.4034817218780518
A13,2.036325693130493,1.9512594938278198,1.608642578125,1.581945776939392,1.2591686248779297,1.3266059160232544,1.1590681076049805,1.4049320220947266,1.1862090826034546,0.9388758540153503,0.578209638595581,0.3705536723136902,0.0,0.3783443570137024,0.55996173620224,1.89725923538208,1.8518725633621216,1.5039974451065063,1.510624647140503,1.209702968597412,1.2988343238830566,1.1410452127456665,1.414957046508789,1.209595799446106,1.0536457300186157,0.7179567217826843,0.6049242615699768,0.5002515912055969,0.6378495097160339,0.7304922342300415,1.8154966831207275,1.8285620212554932,1.4941580295562744,1.5610641241073608,1.2883927822113037,1.415413498878479,1.2842916250228882,1.5622718334197998,1.3871406316757202,1.3273371458053589,1.0645709037780762,1.018872857093811,0.9944016933441162,1.1013482809066772,1.1771670579910278,1.8328841924667358,1.9003322124481201,1.5921528339385986,1.711542010307312,1.4877135753631592,1.6587417125701904,1.560092806816101,1.8269809484481812,1.686773657798767,1.7039790153503418,1.5064975023269653,1.509397268295288,1.5263519287109375,1.6371444463729858,1.72676420211792,1.9517722129821777,2.0571701526641846,1.7751460075378418,1.9420750141143799,1.7547142505645752,1.9587981700897217,1.8892531394958496,2.15455961227417,2.0568044185638428,2.157569408416748,2.005439043045044,2.0633108615875244,2.108664035797119,2.2230045795440674,2.40503191947937
A14,2.162761926651001,2.1391968727111816,1.817962646484375,1.8537802696228027,1.5588966608047485,1.675470232963562,1.523693323135376,1.7742120027542114,1.5360329151153564,1.2676819562911987,0.93425053358078,0.630458652973175,0.3783443570137024,0.0,0.35932794213294983,1.9896899461746216,2.008535385131836,1.6998502016067505,1.7726739645004272,1.5132547616958618,1.6477291584014893,1.513983130455017,1.7896980047225952,1.5696556568145752,1.369287371635437,1.0317851305007935,0.8053815960884094,0.6161355376243591,0.5014337301254272,0.5445701479911804,1.8721959590911865,1.9520626068115234,1.6618179082870483,1.7930645942687988,1.561698079109192,1.732121467590332,1.62357759475708,1.9114251136779785,1.7197356224060059,1.599037766456604,1.30105459690094,1.1582820415496826,1.0481553077697754,1.0206496715545654,1.0427504777908325,1.8490725755691528,1.982617735862732,1.7189935445785522,1.899222731590271,1.7131973505020142,1.9276725053787231,1.849963665008545,2.1373798847198486,1.9793435335159302,1.935496211051941,1.6901907920837402,1.6205604076385498,1.5660955905914307,1.5910301208496094,1.6317380666732788,1.9252910614013672,2.0929315090179443,1.8554480075836182,2.079312324523926,1.9279659986495972,2.1785881519317627,2.130972385406494,2.425037384033203,2.3149678707122803,2.366251230239868,2.166203022003174,2.1787655353546143,2.164424180984497,2.226806640625,2.3652610778808594
A15,1.8776408433914185,1.8955726623535156,1.6058464050292969,1.7026901245117188,1.4614473581314087,1.6559842824935913,1.581966757774353,1.88590669631958,1.7100211381912231,1.4956103563308716,1.1250325441360474,0.9051138758659363,0.55996173620224,0.35932794213294983,0.0,1.6820634603500366,1.743272066116333,1.4725899696350098,1.6114684343338013,1.4144588708877563,1.6270509958267212,1.5760010480880737,1.8997050523757935,1.7441940307617188,1.5913875102996826,1.2261643409729004,1.0701384544372559,0.8027010560035706,0.7101428508758545,0.5342713594436646,1.5674936771392822,1.6923856735229492,1.4451125860214233,1.6387622356414795,1.4736462831497192,1.7153339385986328,1.6862590312957764,2.0153377056121826,1.886123776435852,1.8026505708694458,1.477177619934082,1.385076880455017,1.2116762399673462,1.1988717317581177,1.1084097623825073,1.5734188556671143,1.7493455410003662,1.5343271493911743,1.7661736011505127,1.6465561389923096,1.9172990322113037,1.912187099456787,2.2316009998321533,2.131558656692505,2.1186695098876953,1.8488951921463013,1.8194447755813599,1.7218610048294067,1.7625805139541626,1.73382568359375,1.7050268650054932,1.9048864841461182,1.715836763381958,1.9734708070755005,1.8850390911102295,2.172531843185425,2.188748598098755,2.503721237182617,2.448402166366577,2.5284230709075928,2.3113536834716797,2.362687587738037,2.326352119445801,2.4157209396362305,2.516819715499878
B1,0.48487818241119385,0.6411516666412354,0.7989688515663147,1.1005096435546875,1.3103904724121094,1.6696977615356445,1.9450355768203735,2.3062922954559326,2.4317450523376465,2.4572136402130127,2.126420259475708,2.212735414505005,1.89725923538208,1.9896899461746216,1.6820634603500366,0.0,0.3797666132450104,0.6333397030830383,0.9900683164596558,1.254652500152588,1.6284233331680298,1.9242236614227295,2.282783031463623,2.4277095794677734,2.506503105163574,2.2038729190826416,2.326883554458618,2.071770668029785,2.195460081100464,1.9164901971817017,0.5290241837501526,0.6712270975112915,0.836191713809967,1.1268864870071411,1.3735098838806152,1.7303434610366821,2.0166268348693848,2.359867572784424,2.519103527069092,2.6458423137664795,2.3774900436401367,2.531121253967285,2.3535847663879395,2.515493154525757,2.3107264041900635,1.0273041725158691,1.1271651983261108,1.21664297580719,1.4359861612319946,1.6382298469543457,1.9524377584457397,2.2172904014587402,2.5267670154571533,2.696319580078125,2.8742856979370117,2.655855178833008,2.8407304286956787,2.7449188232421875,2.9373626708984375,2.818927526473999,1.562503457069397,1.6449193954467773,1.6622824668884277,1.8257325887680054,1.9810630083084106,2.231752395629883,2.4672446250915527,2.7342653274536133,2.9239501953125,3.1709508895874023,3.0114023685455322,3.2484641075134277,3.2449581623077393,3.4857234954833984,3.542032241821289
B2,0.6075345277786255,0.5095776915550232,0.672978937625885,0.8717259168624878,1.1188170909881592,1.4346153736114502,1.7404507398605347,2.0782175064086914,2.2435715198516846,2.291033983230591,1.992783546447754,2.133638858795166,1.8518725633621216,2.008535385131836,1.743272066116333,0.3797666132450104,0.0,0.38974446058273315,0.6722802519798279,0.9941222667694092,1.3420090675354004,1.6727873086929321,2.012331008911133,2.1996874809265137,2.3077497482299805,2.037564516067505,2.213043689727783,1.990355134010315,2.173821210861206,1.9335922002792358,0.6175844073295593,0.515278160572052,0.6169624924659729,0.8181933164596558,1.0963821411132812,1.4263949394226074,1.7410199642181396,2.065351963043213,2.2641358375549316,2.4242022037506104,2.1886332035064697,2.3904426097869873,2.2476158142089844,2.4609711170196533,2.2910032272338867,1.0570303201675415,1.0236190557479858,1.0476551055908203,1.1813364028930664,1.3788843154907227,1.6553653478622437,1.9339927434921265,2.2214701175689697,2.424731731414795,2.636646032333374,2.4511539936065674,2.676762819290161,2.615692138671875,2.850313186645508,2.763463258743286,1.5669950246810913,1.5641885995864868,1.5246230363845825,1.6179500818252563,1.749963402748108,1.9546642303466797,2.1890499591827393,2.4284732341766357,2.642110586166382,2.917597532272339,2.7904038429260254,3.055483102798462,3.084873676300049,3.354642629623413,3.435697317123413
B3,0.7749063968658447,0.5853352546691895,0.49274492263793945,0.610648512840271,0.769340991973877,1.0833206176757812,1.3661606311798096,1.7106208801269531,1.8586435317993164,1.901934027671814,1.6069390773773193,1.7646572589874268,1.5039974451065063,1.6998502016067505,1.4725899696350098,0.6333397030830383,0.38974446058273315,0.0,0.3765610456466675,0.6260367035865784,0.9953588843345642,1.3027582168579102,1.6542694568634033,1.8215456008911133,1.9322947263717651,1.6679294109344482,1.856603741645813,1.6622166633605957,1.8751845359802246,1.6767390966415405,0.7802362442016602,0.6514511108398438,0.4884094297885895,0.636823296546936,0.8038946986198425,1.1314094066619873,1.407287359237671,1.7380415201187134,1.9114552736282349,2.0778801441192627,1.8534433841705322,2.0606720447540283,1.9515823125839233,2.1825060844421387,2.056770086288452,1.132920265197754,1.0866154432296753,0.9666568636894226,1.0714120864868164,1.1669052839279175,1.4259427785873413,1.6520044803619385,1.938206672668457,2.109633207321167,2.3260388374328613,2.1558573246002197,2.378338575363159,2.349449872970581,2.591538667678833,2.54598069190979,1.58720064163208,1.583087682723999,1.4507653713226318,1.537719964981079,1.5864641666412354,1.7782841920852661,1.9569876194000244,2.194352865219116,2.3693761825561523,2.644476890563965,2.5316038131713867,2.7837648391723633,2.836963176727295,3.099811553955078,3.21325945854187
B4,1.0669217109680176,0.7706335186958313,0.6346717476844788,0.5069449543952942,0.6407613754272461,0.8411338925361633,1.1501678228378296,1.4530341625213623,1.6482197046279907,1.7231589555740356,1.4838755130767822,1.7082977294921875,1.510624647140503,1.7726739645004272,1.6114684343338013,0.9900683164596558,0.6722802519798279,0.3765610456466675,0.0,0.37466511130332947,0.6759956479072571,1.0276505947113037,1.3483400344848633,1.5676143169403076,1.721998691558838,1.5133240222930908,1.7653602361679077,1.630460500717163,1.905011534690857,1.7684077024459839,1.0828882455825806,0.8472822904586792,0.5891491174697876,0.48487305641174316,0.5827017426490784,0.8275966644287109,1.120508074760437,1.4186822175979614,1.6365540027618408,1.8517749309539795,1.6820677518844604,1.9437816143035889,1.892042636871338,2.1740527153015137,2.1016340255737305,1.3514134883880615,1.2096155881881714,1.0037657022476196,0.9739845395088196,0.997793436050415,1.1714146137237549,1.3820159435272217,1.6291934251785278,1.8312102556228638,2.0931551456451416,1.974967360496521,2.239171028137207,2.2621169090270996,2.544492483139038,2.544671058654785,1.739643931388855,1.6644012928009033,1.463689923286438,1.4654572010040283,1.4503647089004517,1.567458152770996,1.7138903141021729,1.9079488515853882,2.0956690311431885,2.404420852661133,2.338592052459717,2.614121437072754,2.7116429805755615,2.9983677864074707,3.145740032196045
B5,1.3242617845535278,1.0532728433609009,0.7928066253662109,0.5936688780784607,0.47611376643180847,0.5875447988510132,0.8250788450241089,1.133849859237671,1.2917604446411133,1.3489481210708618,1.1176855564117432,1.3650106191635132,1.209702968597412,1.5132547616958618,1.4144588708877563,1.254652500152588,0.9941222667694092,0.6260367035865784,0.37466511130332947,0.0,0.3845330774784088,0.6791161894798279,1.0293314456939697,1.2088019847869873,1.3594251871109009,1.1594940423965454,1.4285372495651245,1.3389427661895752,1.6426000595092773,1.5656334161758423,1.3018848896026611,1.104546308517456,0.757452666759491,0.6245221495628357,0.46403810381889343,0.6400184035301208,0.8335932493209839,1.1436847448349,1.3118025064468384,1.5282623767852783,1.3733817338943481,1.6359525918960571,1.6289347410202026,1.9228707551956177,1.9040838479995728,1.4993096590042114,1.377748966217041,1.0860639810562134,1.0420289039611816,0.9286051988601685,1.0594900846481323,1.1721930503845215,1.4153906106948853,1.5594733953475952,1.8167204856872559,1.7155873775482178,1.9664654731750488,2.0254790782928467,2.3072409629821777,2.3520102500915527,1.8178801536560059,1.7571685314178467,1.4906913042068481,1.4971336126327515,1.391119122505188,1.4932208061218262,1.5594987869262695,1.7519612312316895,1.8781152963638306,2.1743152141571045,2.120678186416626,2.371554136276245,2.490912437438965,2.7619290351867676,2.9404847621917725
B6,1.6724110841751099,1.367594599723816,1.111297607421875,0.8236436247825623,0.6514034271240234,0.49227678775787354,0.6621764898300171,0.8679473400115967,1.0726662874221802,1.1656630039215088,1.038460612297058,1.354087233543396,1.2988343238830566,1.6477291584014893,1.6270509958267212,1.6284233331680298,1.3420090675354004,0.9953588843345642,0.6759956479072571,0.3845330774784088,0.0,0.3814312219619751,0.6733280420303345,0.9209470748901367,1.1354514360427856,1.0380384922027588,1.3736995458602905,1.3766860961914062,1.726326584815979,1.7261309623718262,1.6564226150512695,1.4216445684432983,1.067447304725647,0.8289318680763245,0.5658052563667297,0.46634209156036377,0.5610303282737732,0.79825758934021,1.008286476135254,1.295059084892273,1.2327948808670044,1.5475234985351562,1.6222196817398071,1.9552921056747437,2.002962112426758,1.8042422533035278,1.635619044303894,1.3047289848327637,1.1641411781311035,0.9560217261314392,0.9380840063095093,0.9580045342445374,1.1240992546081543,1.2765469551086426,1.5878010988235474,1.5648462772369385,1.8492854833602905,1.9761221408843994,2.288517951965332,2.38950252532959,2.0608110427856445,1.954899549484253,1.6409175395965576,1.5769282579421997,1.392183542251587,1.3983852863311768,1.3856254816055298,1.512218952178955,1.6214605569839478,1.9475548267364502,1.9565976858139038,2.2177577018737793,2.3902554512023926,2.6745500564575195,2.8933019638061523
B7,1.966369390487671,1.6861025094985962,1.3827733993530273,1.1076375246047974,0.8294792771339417,0.5728970170021057,0.488908052444458,0.6084481477737427,0.734278678894043,0.8026548624038696,0.749277651309967,1.0997778177261353,1.1410452127456665,1.513983130455017,1.5760010480880737,1.9242236614227295,1.6727873086929321,1.3027582168579102,1.0276505947113037,0.6791161894798279,0.3814312219619751,0.0,0.3805212378501892,0.5435494780540466,0.7832316756248474,0.7571254372596741,1.1169878244400024,1.2117007970809937,1.5758295059204102,1.6553953886032104,1.930211067199707,1.7284693717956543,1.3514485359191895,1.1426384449005127,0.809184193611145,0.6343878507614136,0.4576120674610138,0.6237349510192871,0.7135902047157288,1.0155768394470215,1.0118118524551392,1.3170626163482666,1.4657272100448608,1.7978450059890747,1.9134536981582642,2.0343167781829834,1.891379475593567,1.5289900302886963,1.4000253677368164,1.1154215335845947,1.0469831228256226,0.9181804656982422,1.0371752977371216,1.0792726278305054,1.3763293027877808,1.3944520950317383,1.6493802070617676,1.8271605968475342,2.1281847953796387,2.2828590869903564,2.2333872318267822,2.146571636199951,1.799476146697998,1.746853232383728,1.4956841468811035,1.4829784631729126,1.3716623783111572,1.478471279144287,1.492752194404602,1.7890465259552002,1.8210482597351074,2.0404598712921143,2.240267038345337,2.4978861808776855,2.7517101764678955
B8,2.301405191421509,1.9990798234939575,1.7069634199142456,1.3971734046936035,1.1373741626739502,0.7983559966087341,0.6438365578651428,0.5061098337173462,0.6721500158309937,0.8032505512237549,0.9233637452125549,1.28636634349823,1.414957046508789,1.7896980047225952,1.8997050523757935,2.282783031463623,2.012331008911133,1.6542694568634033,1.3483400344848633,1.0293314456939697,0.6733280420303345,0.3805212378501892,0.0,0.390929639339447,0.7451883554458618,0.8998515605926514,1.2688623666763306,1.44677734375,1.8157401084899902,1.9485702514648438,2.2923460006713867,2.067706823348999,1.6966410875320435,1.4467113018035889,1.1192457675933838,0.8415598273277283,0.5749109983444214,0.46941515803337097,0.561833918094635,0.9560665488243103,1.0965855121612549,1.4181127548217773,1.6414856910705566,1.984161138534546,2.151545524597168,2.3816661834716797,2.2110419273376465,1.8417854309082031,1.6630336046218872,1.353628396987915,1.180885910987854,0.9639075398445129,0.9372991919517517,0.9555732011795044,1.302348256111145,1.4276087284088135,1.6957107782363892,1.9382519721984863,2.2522213459014893,2.4550693035125732,2.5506577491760254,2.4343972206115723,2.070190191268921,1.9696247577667236,1.6793744564056396,1.5837205648422241,1.3973288536071777,1.4092730283737183,1.3854652643203735,1.6989415884017944,1.8104114532470703,2.025634527206421,2.278468370437622,2.538174629211426,2.8280458450317383
B9,2.468871593475342,2.2054455280303955,1.877656102180481,1.6112151145935059,1.291286826133728,0.9986705780029297,0.7183189392089844,0.5789005160331726,0.47365206480026245,0.45175307989120483,0.670641303062439,1.0019307136535645,1.209595799446106,1.5696556568145752,1.7441940307617188,2.4277095794677734,2.1996874809265137,1.8215456008911133,1.5676143169403076,1.2088019847869873,0.9209470748901367,0.5435494780540466,0.390929639339447,0.0,0.40992146730422974,0.6510328054428101,0.980751633644104,1.2308238744735718,1.5795449018478394,1.7726283073425293,2.4075217247009277,2.227022171020508,1.8404508829116821,1.6428176164627075,1.2818048000335693,1.056075930595398,0.7144951820373535,0.6536219120025635,0.46663129329681396,0.7541314363479614,0.9110487699508667,1.1663970947265625,1.436221957206726,1.7478501796722412,1.963180422782898,2.4596424102783203,2.3316426277160645,1.948650598526001,1.817129373550415,1.4784839153289795,1.3442020416259766,1.0651072263717651,1.0690202713012695,0.9338777661323547,1.1809109449386597,1.2949575185775757,1.4908432960510254,1.7523069381713867,2.028761863708496,2.2646524906158447,2.584381103515625,2.506880521774292,2.1321988105773926,2.0762579441070557,1.7609297037124634,1.7057080268859863,1.4752377271652222,1.523904800415039,1.4005807638168335,1.6348731517791748,1.7208833694458008,1.869234561920166,2.116117477416992,2.3301475048065186,2.6360836029052734
B10,2.6128954887390137,2.384911298751831,2.055983304977417,1.8378450870513916,1.5084017515182495,1.2899225950241089,1.0180292129516602,0.96308434009552,0.7453254461288452,0.45253920555114746,0.6199105978012085,0.8188707828521729,1.0536457300186157,1.369287371635437,1.5913875102996826,2.506503105163574,2.3077497482299805,1.9322947263717651,1.721998691558838,1.3594251871109009,1.1354514360427856,0.7832316756248474,0.7451883554458618,0.40992146730422974,0.0,0.3893296718597412,0.6508050560951233,0.9498898386955261,1.2805187702178955,1.5231291055679321,2.411479949951172,2.258532762527466,1.8700133562088013,1.7104694843292236,1.3350852727890015,1.151707410812378,0.7895692586898804,0.7995848655700684,0.4552915096282959,0.4642929136753082,0.5897719860076904,0.7813555002212524,1.088746428489685,1.3849929571151733,1.6390374898910522,2.3893191814422607,2.284921169281006,1.8946973085403442,1.7951070070266724,1.4359089136123657,1.3346705436706543,1.0204583406448364,1.0815696716308594,0.8290959000587463,0.9304777383804321,0.9925423264503479,1.1219470500946045,1.3890548944473267,1.642794132232666,1.9010083675384521,2.4380581378936768,2.3811967372894287,1.999434471130371,1.9748389720916748,1.6393934488296509,1.6233230829238892,1.366921067237854,1.4718025922775269,1.2749359607696533,1.4179856777191162,1.4484474658966064,1.5416333675384521,1.767391324043274,1.9515269994735718,2.259918451309204
B11,2.34885311126709,2.1568241119384766,1.8311995267868042,1.667658805847168,1.3429033756256104,1.2212026119232178,1.002492904663086,1.091809868812561,0.8907493948936462,0.5769397020339966,0.4632653594017029,0.5845062136650085,0.7179567217826843,1.0317851305007935,1.2261643409729004,2.2038729190826416,2.037564516067505,1.6679294109344482,1.5133240222930908,1.1594940423965454,1.0380384922027588,0.7571254372596741,0.8998515605926514,0.6510328054428101,0.3893296718597412,0.0,0.3772539794445038,0.5870983600616455,0.9433684945106506,1.148742914199829,2.0808167457580566,1.9622724056243896,1.5792113542556763,1.478432059288025,1.114217758178711,1.0385677814483643,0.7548394203186035,0.9378669261932373,0.6906378269195557,0.6242838501930237,0.46616601943969727,0.6161144375801086,0.8182374238967896,1.1137255430221558,1.3166766166687012,2.04535174369812,1.9771151542663574,1.5963079929351807,1.5573580265045166,1.222069501876831,1.2257764339447021,0.9928268194198608,1.1835319995880127,0.9891384243965149,1.041557788848877,0.9500775933265686,1.0546265840530396,1.2260831594467163,1.4639822244644165,1.6643590927124023,2.097393035888672,2.076845407485962,1.7110706567764282,1.7443169355392456,1.4449390172958374,1.5192245244979858,1.338240385055542,1.536580204963684,1.3917105197906494,1.5197837352752686,1.4528566598892212,1.5521575212478638,1.704734444618225,1.8865256309509277,2.147264242172241
B12,2.501783609390259,2.3584043979644775,2.0288894176483154,1.9195713996887207,1.589667797088623,1.5253347158432007,1.2959519624710083,1.4045400619506836,1.1386198997497559,0.7641173005104065,0.6093654036521912,0.4612818658351898,0.6049242615699768,0.8053815960884094,1.0701384544372559,2.326883554458618,2.213043689727783,1.856603741645813,1.7653602361679077,1.4285372495651245,1.3736995458602905,1.1169878244400024,1.2688623666763306,0.980751633644104,0.6508050560951233,0.3772539794445038,0.0,0.37145930528640747,0.6381882429122925,0.9254980087280273,2.1680908203125,2.1057980060577393,1.7425323724746704,1.7080563306808472,1.3693660497665405,1.3587676286697388,1.107865810394287,1.297425627708435,1.0156484842300415,0.8190667629241943,0.5858609080314636,0.46897754073143005,0.6293545365333557,0.8247140049934387,1.069469928741455,2.0881447792053223,2.076420783996582,1.7171213626861572,1.7420251369476318,1.430739402770996,1.4912853240966797,1.2757987976074219,1.487633228302002,1.246768832206726,1.1774705648422241,1.0103585720062256,0.9735419750213623,1.086523413658142,1.2362757921218872,1.440064787864685,2.0866987705230713,2.120074987411499,1.776450753211975,1.87039053440094,1.5902608633041382,1.7212480306625366,1.5502419471740723,1.7840847969055176,1.599059820175171,1.6383843421936035,1.5066052675247192,1.5228346586227417,1.6146049499511719,1.727564811706543,1.9700603485107422
B13,2.296297311782837,2.189824104309082,1.8866795301437378,1.8336412906646729,1.5414955615997314,1.562761664390564,1.4080572128295898,1.5958607196807861,1.3822721242904663,1.0543994903564453,0.7883901596069336,0.6065069437026978,0.5002515912055969,0.6161355376243591,0.8027010560035706,2.071770668029785,1.990355134010315,1.6622166633605957,1.630460500717163,1.3389427661895752,1.3766860961914062,1.2117007970809937,1.44677734375,1.2308238744735718,0.9498898386955261,0.5870983600616455,0.37145930528640747,0.0,0.37880173325538635,0.577375054359436,1.8685035705566406,1.8407719135284424,1.5032806396484375,1.531518578529358,1.239077091217041,1.3259304761886597,1.1702179908752441,1.442445993423462,1.234715223312378,1.0490350723266602,0.7077027559280396,0.5860306024551392,0.4943557381629944,0.6589628458023071,0.7866098880767822,1.7585397958755493,1.7828198671340942,1.4491525888442993,1.537519931793213,1.2767126560211182,1.4299519062042236,1.304606556892395,1.5901288986206055,1.4119749069213867,1.3367422819137573,1.0755020380020142,1.0411455631256104,1.027124285697937,1.1573872566223145,1.264202356338501,1.7472264766693115,1.8165351152420044,1.501668930053711,1.6537188291549683,1.4283734560012817,1.6377441883087158,1.547317624092102,1.8409039974212646,1.713651180267334,1.754022479057312,1.555094599723816,1.5942867994308472,1.6145074367523193,1.7364946603775024,1.914838433265686
