0.000000000000000000e+00,3.740456402301788330e-01,6.154243350028991699e-01,9.480885267257690430e-01,1.221149325370788574e+00,1.583669781684875488e+00,1.887867093086242676e+00,2.243939638137817383e+00,2.410736799240112305e+00,2.500658988952636719e+00,2.190919399261474609e+00,2.312054157257080078e+00,2.024175882339477539e+00,2.135732412338256836e+00,1.822606921195983887e+00,4.805960655212402344e-01,6.090852022171020508e-01,7.694656848907470703e-01,1.058699369430541992e+00,1.309494733810424805e+00,1.658275961875915527e+00,1.953725337982177734e+00,2.292951822280883789e+00,2.466399431228637695e+00,2.591080904006958008e+00,2.321259021759033203e+00,2.468113422393798828e+00,2.249337673187255859e+00,2.397433757781982422e+00,2.141747474670410156e+00,1.002725720405578613e+00,1.078620910644531250e+00,1.146867036819458008e+00,1.350644588470458984e+00,1.550832390785217285e+00,1.858011484146118164e+00,2.123592376708984375e+00,2.434502840042114258e+00,2.610345602035522461e+00,2.765176773071289062e+00,2.526866436004638672e+00,2.695060968399047852e+00,2.543648481369018555e+00,2.724879741668701172e+00,2.530890226364135742e+00,1.514313220977783203e+00,1.574337959289550781e+00,1.583307623863220215e+00,1.730885028839111328e+00,1.880774617195129395e+00,2.145860195159912109e+00,2.370536565780639648e+00,2.650004625320434570e+00,2.828774452209472656e+00,3.011657714843750000e+00,2.808288097381591797e+00,2.991361618041992188e+00,2.902234315872192383e+00,3.103517055511474609e+00,2.978402376174926758e+00,2.028856754302978516e+00,2.093241453170776367e+00,2.046686410903930664e+00,2.167027235031127930e+00,2.270061492919921875e+00,2.476101636886596680e+00,2.670268058776855469e+00,2.904456853866577148e+00,3.084003210067749023e+00,3.315394878387451172e+00,3.146362066268920898e+00,3.364309549331665039e+00,3.330126762390136719e+00,3.562977552413940430e+00,3.525124073028564453e+00
3.740456402301788330e-01,0.000000000000000000e+00,3.839800357818603516e-01,6.283486485481262207e-01,9.559956192970275879e-01,1.284675359725952148e+00,1.618789672851562500e+00,1.954189300537109375e+00,2.159203529357910156e+00,2.280235528945922852e+00,2.004102468490600586e+00,2.179314374923706055e+00,1.929811954498291016e+00,2.105794668197631836e+00,1.836034655570983887e+00,6.284232735633850098e-01,5.142067074775695801e-01,5.755220651626586914e-01,7.626540660858154297e-01,1.033371448516845703e+00,1.349989533424377441e+00,1.666561245918273926e+00,1.985310673713684082e+00,2.193732500076293945e+00,2.354388475418090820e+00,2.120493173599243164e+00,2.315635681152343750e+00,2.136826038360595703e+00,2.340948820114135742e+00,2.130350351333618164e+00,1.078495502471923828e+00,1.027598857879638672e+00,1.014133691787719727e+00,1.124216675758361816e+00,1.307160377502441406e+00,1.572098016738891602e+00,1.842552065849304199e+00,2.129069089889526367e+00,2.332762956619262695e+00,2.525057077407836914e+00,2.322932243347167969e+00,2.531531333923339844e+00,2.421283006668090820e+00,2.647408008575439453e+00,2.497162580490112305e+00,1.563677430152893066e+00,1.542071938514709473e+00,1.483658552169799805e+00,1.557289242744445801e+00,1.673870801925659180e+00,1.891602873802185059e+00,2.106875658035278320e+00,2.357815027236938477e+00,2.555828332901000977e+00,2.774215698242187500e+00,2.606467962265014648e+00,2.821645736694335938e+00,2.772795200347900391e+00,3.008839607238769531e+00,2.924946546554565430e+00,2.056059837341308594e+00,2.065058469772338867e+00,1.962591409683227539e+00,2.028253555297851562e+00,2.092292785644531250e+00,2.251935243606567383e+00,2.426755428314208984e+00,2.630121469497680664e+00,2.819031715393066406e+00,3.080205917358398438e+00,2.945693492889404297e+00,3.185199260711669922e+00,3.189346790313720703e+00,3.441853523254394531e+00,3.441544771194458008e+00
6.154243350028991699e-01,3.839800357818603516e-01,0.000000000000000000e+00,3.663435578346252441e-01,6.075387597084045410e-01,9.706318974494934082e-01,1.274991869926452637e+00,1.628632903099060059e+00,1.805088400840759277e+00,1.921667933464050293e+00,1.638196349143981934e+00,1.814634799957275391e+00,1.578392863273620605e+00,1.777722239494323730e+00,1.536460876464843750e+00,7.944873571395874023e-01,6.810051202774047852e-01,4.946424067020416260e-01,6.370226740837097168e-01,7.819190621376037598e-01,1.102387189865112305e+00,1.371888875961303711e+00,1.701999306678771973e+00,1.874257564544677734e+00,2.031929492950439453e+00,1.795412898063659668e+00,1.985104441642761230e+00,1.825632691383361816e+00,2.040322303771972656e+00,1.860591530799865723e+00,1.168940067291259766e+00,1.119498610496520996e+00,9.776049852371215820e-01,1.066037297248840332e+00,1.141250252723693848e+00,1.390318512916564941e+00,1.603371739387512207e+00,1.893325924873352051e+00,2.056004524230957031e+00,2.243846416473388672e+00,2.044061183929443359e+00,2.238394260406494141e+00,2.148953914642333984e+00,2.373864889144897461e+00,2.252426862716674805e+00,1.604422688484191895e+00,1.592272400856018066e+00,1.451125621795654297e+00,1.521644115447998047e+00,1.556506752967834473e+00,1.760557293891906738e+00,1.918036937713623047e+00,2.168945550918579102e+00,2.322801589965820312e+00,2.532874584197998047e+00,2.369652271270751953e+00,2.564696788787841797e+00,2.533861875534057617e+00,2.759748220443725586e+00,2.700717687606811523e+00,2.058001279830932617e+00,2.084472417831420898e+00,1.923523306846618652e+00,2.000195503234863281e+00,2.000955343246459961e+00,2.158228635787963867e+00,2.279994487762451172e+00,2.485660552978515625e+00,2.628888368606567383e+00,2.878588914871215820e+00,2.748852968215942383e+00,2.963915824890136719e+00,2.979715824127197266e+00,3.212195158004760742e+00,3.230146169662475586e+00
9.480885267257690430e-01,6.283486485481262207e-01,3.663435578346252441e-01,0.000000000000000000e+00,3.763791322708129883e-01,6.592701077461242676e-01,1.005899071693420410e+00,1.328197121620178223e+00,1.554058790206909180e+00,1.714553594589233398e+00,1.483732342720031738e+00,1.726382017135620117e+00,1.552644968032836914e+00,1.819901227951049805e+00,1.643483757972717285e+00,1.089511394500732422e+00,8.725895285606384277e-01,6.081327795982360840e-01,5.094931125640869141e-01,5.817528963088989258e-01,8.145958781242370605e-01,1.094918012619018555e+00,1.392009258270263672e+00,1.605026006698608398e+00,1.812470436096191406e+00,1.630087852478027344e+00,1.875663757324218750e+00,1.775506258010864258e+00,2.047362565994262695e+00,1.928355693817138672e+00,1.388424158096313477e+00,1.250652551651000977e+00,1.034835219383239746e+00,9.938941597938537598e-01,9.998432993888854980e-01,1.161657214164733887e+00,1.354537725448608398e+00,1.603951692581176758e+00,1.792688250541687012e+00,2.028538703918457031e+00,1.880636811256408691e+00,2.117344856262207031e+00,2.083553075790405273e+00,2.351834297180175781e+00,2.285134553909301758e+00,1.771223425865173340e+00,1.692132353782653809e+00,1.488049626350402832e+00,1.473721027374267578e+00,1.448457956314086914e+00,1.578212499618530273e+00,1.702452421188354492e+00,1.909764885902404785e+00,2.075685501098632812e+00,2.326944112777709961e+00,2.211600065231323242e+00,2.436980485916137695e+00,2.456427335739135742e+00,2.713907003402709961e+00,2.703554153442382812e+00,2.182343006134033203e+00,2.159785985946655273e+00,1.945922017097473145e+00,1.964650392532348633e+00,1.911691069602966309e+00,2.008999586105346680e+00,2.092573642730712891e+00,2.256487369537353516e+00,2.399048328399658203e+00,2.679757356643676758e+00,2.593633174896240234e+00,2.825650930404663086e+00,2.886168956756591797e+00,3.133167982101440430e+00,3.193470716476440430e+00
1.221149325370788574e+00,9.559956192970275879e-01,6.075387597084045410e-01,3.763791322708129883e-01,0.000000000000000000e+00,3.876448869705200195e-01,6.681207418441772461e-01,1.025503754615783691e+00,1.203864932060241699e+00,1.350664377212524414e+00,1.114369034767150879e+00,1.367589354515075684e+00,1.226187348365783691e+00,1.527492761611938477e+00,1.406938791275024414e+00,1.308772206306457520e+00,1.123866081237792969e+00,7.766320109367370605e-01,6.501093506813049316e-01,4.792059659957885742e-01,6.504583358764648438e-01,8.238805532455444336e-01,1.136598110198974609e+00,1.290392160415649414e+00,1.487757205963134766e+00,1.305014133453369141e+00,1.545999169349670410e+00,1.478646397590637207e+00,1.764433383941650391e+00,1.693281292915344238e+00,1.534088492393493652e+00,1.412965536117553711e+00,1.120829939842224121e+00,1.066368937492370605e+00,9.404606819152832031e-01,1.058992862701416016e+00,1.154949069023132324e+00,1.403732419013977051e+00,1.529034495353698730e+00,1.751375794410705566e+00,1.608253717422485352e+00,1.825035810470581055e+00,1.819704532623291016e+00,2.084772825241088867e+00,2.056328058242797852e+00,1.850528955459594727e+00,1.785676717758178711e+00,1.521883368492126465e+00,1.508681654930114746e+00,1.397288799285888672e+00,1.504877805709838867e+00,1.551744341850280762e+00,1.756150007247924805e+00,1.860045552253723145e+00,2.092399120330810547e+00,1.982386589050292969e+00,2.180023431777954102e+00,2.220204591751098633e+00,2.463445425033569336e+00,2.482243061065673828e+00,2.206385135650634766e+00,2.201714515686035156e+00,1.942449331283569336e+00,1.974048852920532227e+00,1.859049797058105469e+00,1.953731536865234375e+00,1.975612998008728027e+00,2.142310380935668945e+00,2.226571321487426758e+00,2.485041856765747070e+00,2.402562618255615234e+00,2.602484703063964844e+00,2.673762798309326172e+00,2.895917654037475586e+00,2.975009918212890625e+00
1.583669781684875488e+00,1.284675359725952148e+00,9.706318974494934082e-01,6.592701077461242676e-01,3.876448869705200195e-01,0.000000000000000000e+00,3.749435544013977051e-01,6.703491210937500000e-01,9.198421835899353027e-01,1.134404420852661133e+00,9.990646243095397949e-01,1.329250931739807129e+00,1.290366053581237793e+00,1.646445035934448242e+00,1.608767747879028320e+00,1.661354899406433105e+00,1.433102488517761230e+00,1.083946108818054199e+00,8.460813164710998535e-01,5.905561447143554688e-01,4.951697289943695068e-01,5.663331151008605957e-01,8.000518679618835449e-01,9.937403798103332520e-01,1.265807986259460449e+00,1.177118659019470215e+00,1.477607965469360352e+00,1.499170541763305664e+00,1.833094954490661621e+00,1.838166832923889160e+00,1.842806458473205566e+00,1.672025442123413086e+00,1.348062634468078613e+00,1.197202324867248535e+00,9.902492165565490723e-01,9.602161049842834473e-01,9.667953252792358398e-01,1.132259726524353027e+00,1.264389276504516602e+00,1.546886682510375977e+00,1.484365344047546387e+00,1.738923549652099609e+00,1.809373974800109863e+00,2.109753608703613281e+00,2.148475885391235352e+00,2.109797000885009766e+00,1.998288989067077637e+00,1.692023158073425293e+00,1.605226993560791016e+00,1.424391984939575195e+00,1.431193113327026367e+00,1.405057668685913086e+00,1.538130998611450195e+00,1.631112813949584961e+00,1.906146168708801270e+00,1.863008141517639160e+00,2.082592248916625977e+00,2.185901880264282227e+00,2.452838420867919922e+00,2.529509067535400391e+00,2.415436983108520508e+00,2.371917724609375000e+00,2.069996595382690430e+00,2.048336267471313477e+00,1.872500181198120117e+00,1.896485328674316406e+00,1.855005264282226562e+00,1.964846849441528320e+00,2.026670694351196289e+00,2.311102151870727539e+00,2.284472703933715820e+00,2.490423202514648438e+00,2.613955020904541016e+00,2.841102361679077148e+00,2.968795537948608398e+00
1.887867093086242676e+00,1.618789672851562500e+00,1.274991869926452637e+00,1.005899071693420410e+00,6.681207418441772461e-01,3.749435544013977051e-01,0.000000000000000000e+00,3.840759992599487305e-01,5.504479408264160156e-01,7.866383194923400879e-01,7.050631046295166016e-01,1.064534783363342285e+00,1.115814685821533203e+00,1.496206998825073242e+00,1.541422724723815918e+00,1.943987369537353516e+00,1.742903232574462891e+00,1.372430920600891113e+00,1.158063054084777832e+00,8.367010951042175293e-01,6.727275252342224121e-01,4.965237677097320557e-01,6.526046395301818848e-01,7.193556427955627441e-01,9.980425238609313965e-01,9.547196030616760254e-01,1.245934128761291504e+00,1.338893055915832520e+00,1.676815271377563477e+00,1.750585913658142090e+00,2.084578752517700195e+00,1.934087872505187988e+00,1.582753896713256836e+00,1.439356565475463867e+00,1.161603212356567383e+00,1.079425454139709473e+00,9.489802718162536621e-01,1.064081549644470215e+00,1.087646842002868652e+00,1.352702498435974121e+00,1.324158430099487305e+00,1.545017361640930176e+00,1.666298270225524902e+00,1.953577399253845215e+00,2.045427560806274414e+00,2.300505399703979492e+00,2.205040931701660156e+00,1.869403481483459473e+00,1.788304090499877930e+00,1.546606659889221191e+00,1.522408962249755859e+00,1.404437303543090820e+00,1.508923888206481934e+00,1.513815879821777344e+00,1.760855674743652344e+00,1.740656852722167969e+00,1.919703125953674316e+00,2.055967569351196289e+00,2.299869298934936523e+00,2.415639400482177734e+00,2.553825855255126953e+00,2.526468753814697266e+00,2.197294950485229492e+00,2.185962438583374023e+00,1.960061311721801758e+00,1.974292278289794922e+00,1.864495635032653809e+00,1.963299989700317383e+00,1.951555490493774414e+00,2.203936815261840820e+00,2.191804647445678711e+00,2.354330539703369141e+00,2.494980812072753906e+00,2.688131093978881836e+00,2.840842723846435547e+00
2.243939638137817383e+00,1.954189300537109375e+00,1.628632903099060059e+00,1.328197121620178223e+00,1.025503754615783691e+00,6.703491210937500000e-01,3.840759992599487305e-01,0.000000000000000000e+00,3.876778483390808105e-01,7.379792928695678711e-01,8.440387845039367676e-01,1.218606829643249512e+00,1.365082025527954102e+00,1.752037644386291504e+00,1.854034781455993652e+00,2.304291486740112305e+00,2.079192638397216797e+00,1.715552210807800293e+00,1.459158897399902344e+00,1.143850207328796387e+00,8.769918680191040039e-01,6.144158840179443359e-01,5.157694220542907715e-01,5.706406831741333008e-01,9.393255710601806641e-01,1.043232202529907227e+00,1.355116844177246094e+00,1.532007336616516113e+00,1.883522510528564453e+00,2.015977382659912109e+00,2.429632663726806641e+00,2.250972032546997070e+00,1.893621325492858887e+00,1.701638460159301758e+00,1.402445793151855469e+00,1.221877098083496094e+00,1.011281371116638184e+00,9.845818877220153809e-01,9.813126325607299805e-01,1.298297166824340820e+00,1.377536296844482422e+00,1.613431334495544434e+00,1.806914806365966797e+00,2.107745647430419922e+00,2.256501436233520508e+00,2.619781732559204102e+00,2.494841575622558594e+00,2.142659187316894531e+00,2.014392375946044922e+00,1.738111138343811035e+00,1.631430506706237793e+00,1.446508765220642090e+00,1.455315589904785156e+00,1.430079102516174316e+00,1.708412408828735352e+00,1.769387245178222656e+00,1.955902576446533203e+00,2.152781009674072266e+00,2.406457424163818359e+00,2.574143171310424805e+00,2.839108467102050781e+00,2.783762216567993164e+00,2.432726621627807617e+00,2.380714178085327148e+00,2.115527153015136719e+00,2.066380739212036133e+00,1.897526621818542480e+00,1.928427100181579590e+00,1.882750391960144043e+00,2.149563312530517578e+00,2.201248884201049805e+00,2.358908891677856445e+00,2.550196170806884766e+00,2.738852024078369141e+00,2.936923503875732422e+00
2.410736799240112305e+00,2.159203529357910156e+00,1.805088400840759277e+00,1.554058790206909180e+00,1.203864932060241699e+00,9.198421835899353027e-01,5.504479408264160156e-01,3.876778483390808105e-01,0.000000000000000000e+00,3.980255424976348877e-01,5.892059206962585449e-01,9.273466467857360840e-01,1.151436805725097656e+00,1.523977518081665039e+00,1.693030595779418945e+00,2.439457893371582031e+00,2.252067327499389648e+00,1.872105479240417480e+00,1.661570549011230469e+00,1.311767578125000000e+00,1.091020107269287109e+00,7.572031617164611816e-01,6.920598149299621582e-01,4.906281232833862305e-01,7.410597801208496094e-01,8.534536361694335938e-01,1.097871661186218262e+00,1.323294758796691895e+00,1.646743535995483398e+00,1.829897999763488770e+00,2.526996850967407227e+00,2.384472131729125977e+00,2.013775825500488281e+00,1.862043738365173340e+00,1.531047582626342773e+00,1.378531694412231445e+00,1.106795907020568848e+00,1.101809620857238770e+00,9.562688469886779785e-01,1.173469424247741699e+00,1.240563392639160156e+00,1.400250196456909180e+00,1.615072846412658691e+00,1.876323938369750977e+00,2.058175325393676758e+00,2.674088478088378906e+00,2.582967281341552734e+00,2.220340967178344727e+00,2.128937721252441406e+00,1.825799465179443359e+00,1.743389844894409180e+00,1.512156724929809570e+00,1.544188857078552246e+00,1.422048568725585938e+00,1.619762182235717773e+00,1.661986827850341797e+00,1.778879165649414062e+00,1.978078246116638184e+00,2.187438011169433594e+00,2.372756719589233398e+00,2.850981473922729492e+00,2.828659057617187500e+00,2.470150947570800781e+00,2.454018592834472656e+00,2.168017625808715820e+00,2.148888349533081055e+00,1.946230173110961914e+00,2.005597829818725586e+00,1.889630556106567383e+00,2.090827703475952148e+00,2.120412588119506836e+00,2.217653036117553711e+00,2.396003484725952148e+00,2.538154363632202148e+00,2.738671541213989258e+00
2.500658988952636719e+00,2.280235528945922852e+00,1.921667933464050293e+00,1.714553594589233398e+00,1.350664377212524414e+00,1.134404420852661133e+00,7.866383194923400879e-01,7.379792928695678711e-01,3.980255424976348877e-01,0.000000000000000000e+00,3.798438310623168945e-01,6.400159001350402832e-01,9.260433912277221680e-01,1.274721622467041016e+00,1.502076983451843262e+00,2.462494373321533203e+00,2.298609256744384766e+00,1.914958238601684570e+00,1.738963246345520020e+00,1.372349619865417480e+00,1.190786600112915039e+00,8.341352939605712891e-01,8.300095200538635254e-01,4.876458048820495605e-01,4.752694368362426758e-01,5.571988224983215332e-01,7.329705357551574707e-01,1.006276369094848633e+00,1.316332459449768066e+00,1.548995971679687500e+00,2.478323698043823242e+00,2.357430458068847656e+00,1.979922771453857422e+00,1.857550501823425293e+00,1.503835201263427734e+00,1.377263545989990234e+00,1.069485545158386230e+00,1.109873652458190918e+00,8.559316992759704590e-01,9.325290322303771973e-01,9.568832516670227051e-01,1.045233488082885742e+00,1.274100303649902344e+00,1.512373208999633789e+00,1.725679636001586914e+00,2.557371616363525391e+00,2.486050605773925781e+00,2.116288661956787109e+00,2.052395343780517578e+00,1.727908849716186523e+00,1.669990897178649902e+00,1.409554600715637207e+00,1.482988476753234863e+00,1.285215020179748535e+00,1.387898564338684082e+00,1.389269471168518066e+00,1.445488214492797852e+00,1.637294173240661621e+00,1.817529439926147461e+00,2.016157150268554688e+00,2.673661708831787109e+00,2.671492099761962891e+00,2.307852983474731445e+00,2.319543838500976562e+00,2.017667055130004883e+00,2.029679059982299805e+00,1.807362914085388184e+00,1.908007383346557617e+00,1.740083217620849609e+00,1.871946215629577637e+00,1.862642645835876465e+00,1.911150693893432617e+00,2.067700147628784180e+00,2.179250955581665039e+00,2.376050233840942383e+00
2.190919399261474609e+00,2.004102468490600586e+00,1.638196349143981934e+00,1.483732342720031738e+00,1.114369034767150879e+00,9.990646243095397949e-01,7.050631046295166016e-01,8.440387845039367676e-01,5.892059206962585449e-01,3.798438310623168945e-01,0.000000000000000000e+00,3.821395933628082275e-01,5.746678709983825684e-01,9.492527246475219727e-01,1.137892365455627441e+00,2.144173860549926758e+00,2.015473365783691406e+00,1.634112477302551270e+00,1.515032887458801270e+00,1.156847953796386719e+00,1.078347802162170410e+00,7.941175699234008789e-01,9.535810947418212891e-01,7.090811133384704590e-01,6.681039929389953613e-01,4.960344433784484863e-01,6.190620660781860352e-01,7.718760371208190918e-01,1.072702169418334961e+00,1.245360732078552246e+00,2.167702198028564453e+00,2.084357261657714844e+00,1.716941833496093750e+00,1.652567863464355469e+00,1.322489023208618164e+00,1.292853236198425293e+00,1.061112523078918457e+00,1.222179889678955078e+00,1.031062364578247070e+00,1.076020717620849609e+00,9.606958627700805664e-01,1.021989107131958008e+00,1.146543025970458984e+00,1.362900614738464355e+00,1.506000876426696777e+00,2.265588998794555664e+00,2.231952667236328125e+00,1.880572438240051270e+00,1.871556997299194336e+00,1.582469344139099121e+00,1.609293103218078613e+00,1.418047666549682617e+00,1.580067396163940430e+00,1.430667281150817871e+00,1.513179063796997070e+00,1.421178579330444336e+00,1.468343138694763184e+00,1.579557061195373535e+00,1.743585944175720215e+00,1.876013398170471191e+00,2.412954092025756836e+00,2.446293830871582031e+00,2.106164932250976562e+00,2.165262460708618164e+00,1.904889941215515137e+00,1.983507275581359863e+00,1.823829293251037598e+00,1.988382935523986816e+00,1.864710807800292969e+00,1.989929080009460449e+00,1.912609457969665527e+00,1.969298124313354492e+00,2.064445495605468750e+00,2.180267572402954102e+00,2.320544719696044922e+00
2.312054157257080078e+00,2.179314374923706055e+00,1.814634799957275391e+00,1.726382017135620117e+00,1.367589354515075684e+00,1.329250931739807129e+00,1.064534783363342285e+00,1.218606829643249512e+00,9.273466467857360840e-01,6.400159001350402832e-01,3.821395933628082275e-01,0.000000000000000000e+00,3.640891611576080322e-01,6.471812129020690918e-01,9.254760742187500000e-01,2.233559370040893555e+00,2.159276485443115234e+00,1.793501138687133789e+00,1.741077184677124023e+00,1.403454899787902832e+00,1.393022418022155762e+00,1.140680074691772461e+00,1.316613912582397461e+00,1.040605545043945312e+00,8.767070174217224121e-01,6.374492049217224121e-01,5.055422782897949219e-01,6.071597933769226074e-01,7.920873761177062988e-01,1.003433346748352051e+00,2.220467567443847656e+00,2.191670179367065430e+00,1.842657804489135742e+00,1.840943217277526855e+00,1.528788685798645020e+00,1.556741356849670410e+00,1.341020226478576660e+00,1.529267072677612305e+00,1.296219587326049805e+00,1.228034257888793945e+00,1.044898152351379395e+00,9.650379419326782227e-01,1.028540015220642090e+00,1.141635060310363770e+00,1.279472231864929199e+00,2.275942564010620117e+00,2.294686794281005859e+00,1.963351249694824219e+00,2.012651205062866211e+00,1.738515615463256836e+00,1.816608548164367676e+00,1.633755326271057129e+00,1.830442547798156738e+00,1.640342354774475098e+00,1.631487011909484863e+00,1.480745553970336914e+00,1.433420896530151367e+00,1.487230539321899414e+00,1.569643139839172363e+00,1.677235484123229980e+00,2.384367465972900391e+00,2.467276334762573242e+00,2.147972106933593750e+00,2.260326147079467773e+00,2.014981031417846680e+00,2.143973350524902344e+00,1.992061018943786621e+00,2.195555210113525391e+00,2.040532588958740234e+00,2.095171451568603516e+00,1.966583728790283203e+00,1.958931446075439453e+00,1.998905777931213379e+00,2.056796789169311523e+00,2.160822391510009766e+00
2.024175882339477539e+00,1.929811954498291016e+00,1.578392863273620605e+00,1.552644968032836914e+00,1.226187348365783691e+00,1.290366053581237793e+00,1.115814685821533203e+00,1.365082025527954102e+00,1.151436805725097656e+00,9.260433912277221680e-01,5.746678709983825684e-01,3.640891611576080322e-01,0.000000000000000000e+00,3.902983367443084717e-01,5.795205831527709961e-01,1.923823595046997070e+00,1.886677503585815430e+00,1.540170431137084961e+00,1.551839828491210938e+00,1.253383159637451172e+00,1.341257095336914062e+00,1.179321885108947754e+00,1.441887855529785156e+00,1.241225719451904297e+00,1.101349353790283203e+00,7.731291055679321289e-01,6.515796780586242676e-01,5.313671827316284180e-01,6.662865281105041504e-01,7.445044517517089844e-01,1.907080888748168945e+00,1.916782379150390625e+00,1.591402888298034668e+00,1.650817155838012695e+00,1.384062051773071289e+00,1.500369191169738770e+00,1.367605924606323242e+00,1.628996610641479492e+00,1.459096908569335938e+00,1.396111249923706055e+00,1.134835004806518555e+00,1.068076491355895996e+00,1.011491417884826660e+00,1.103546380996704102e+00,1.131408452987670898e+00,1.975997209548950195e+00,2.031405687332153320e+00,1.729246735572814941e+00,1.832178592681884766e+00,1.607656717300415039e+00,1.759756445884704590e+00,1.649654150009155273e+00,1.905556917190551758e+00,1.769717097282409668e+00,1.763287901878356934e+00,1.551237344741821289e+00,1.520990133285522461e+00,1.497722744941711426e+00,1.577629566192626953e+00,1.604468584060668945e+00,2.115770339965820312e+00,2.230228424072265625e+00,1.942891359329223633e+00,2.096898794174194336e+00,1.902236461639404297e+00,2.086100578308105469e+00,1.998587369918823242e+00,2.246178150177001953e+00,2.140731334686279297e+00,2.201992511749267578e+00,2.025768518447875977e+00,2.042613983154296875e+00,2.031590223312377930e+00,2.108866930007934570e+00,2.156193733215332031e+00
2.135732412338256836e+00,2.105794668197631836e+00,1.777722239494323730e+00,1.819901227951049805e+00,1.527492761611938477e+00,1.646445035934448242e+00,1.496206998825073242e+00,1.752037644386291504e+00,1.523977518081665039e+00,1.274721622467041016e+00,9.492527246475219727e-01,6.471812129020690918e-01,3.902983367443084717e-01,0.000000000000000000e+00,3.741750717163085938e-01,2.004326820373535156e+00,2.032175302505493164e+00,1.725245833396911621e+00,1.805557727813720703e+00,1.549133062362670898e+00,1.687315583229064941e+00,1.554297089576721191e+00,1.824583649635314941e+00,1.613487720489501953e+00,1.427629113197326660e+00,1.091407179832458496e+00,8.642126917839050293e-01,6.560543775558471680e-01,5.372572541236877441e-01,5.398114919662475586e-01,1.952383279800415039e+00,2.028035879135131836e+00,1.745605945587158203e+00,1.870605349540710449e+00,1.644416570663452148e+00,1.808944225311279297e+00,1.702316880226135254e+00,1.979774713516235352e+00,1.797048687934875488e+00,1.674957275390625000e+00,1.377467393875122070e+00,1.223206520080566406e+00,1.080644965171813965e+00,1.035916447639465332e+00,9.878540635108947754e-01,1.980591058731079102e+00,2.099712133407592773e+00,1.841822743415832520e+00,2.006707191467285156e+00,1.819370388984680176e+00,2.018992900848388672e+00,1.932907462120056152e+00,2.213781356811523438e+00,2.064257383346557617e+00,1.998548865318298340e+00,1.741266012191772461e+00,1.643929719924926758e+00,1.546632289886474609e+00,1.538500547409057617e+00,1.498983621597290039e+00,2.086642265319824219e+00,2.259519338607788086e+00,2.015663146972656250e+00,2.225108861923217773e+00,2.066381692886352539e+00,2.297956466674804688e+00,2.234336853027343750e+00,2.513037919998168945e+00,2.398039102554321289e+00,2.407814502716064453e+00,2.185714960098266602e+00,2.156213521957397461e+00,2.081353664398193359e+00,2.108154535293579102e+00,2.095909357070922852e+00
1.822606921195983887e+00,1.836034655570983887e+00,1.536460876464843750e+00,1.643483757972717285e+00,1.406938791275024414e+00,1.608767747879028320e+00,1.541422724723815918e+00,1.854034781455993652e+00,1.693030595779418945e+00,1.502076983451843262e+00,1.137892365455627441e+00,9.254760742187500000e-01,5.795205831527709961e-01,3.741750717163085938e-01,0.000000000000000000e+00,1.683445453643798828e+00,1.755155205726623535e+00,1.484687328338623047e+00,1.631194949150085449e+00,1.435968399047851562e+00,1.652865409851074219e+00,1.603235960006713867e+00,1.923280358314514160e+00,1.779540300369262695e+00,1.641855239868164062e+00,1.280250430107116699e+00,1.126051783561706543e+00,8.518355488777160645e-01,7.623930573463439941e-01,5.575020909309387207e-01,1.650826454162597656e+00,1.770223259925842285e+00,1.528925180435180664e+00,1.712694764137268066e+00,1.550810575485229492e+00,1.783936858177185059e+00,1.755226850509643555e+00,2.073571681976318359e+00,1.954353809356689453e+00,1.870253801345825195e+00,1.547742009162902832e+00,1.449630975723266602e+00,1.254825711250305176e+00,1.235181331634521484e+00,1.082998275756835938e+00,1.721232295036315918e+00,1.877776741981506348e+00,1.664461851119995117e+00,1.874783992767333984e+00,1.750558376312255859e+00,2.004317283630371094e+00,1.987676501274108887e+00,2.300357341766357422e+00,2.209739208221435547e+00,2.175591945648193359e+00,1.895976424217224121e+00,1.844550728797912598e+00,1.710174202919006348e+00,1.729051828384399414e+00,1.625459432601928711e+00,1.889267683029174805e+00,2.087425947189331055e+00,1.886571168899536133e+00,2.123954534530639648e+00,2.023903369903564453e+00,2.289720773696899414e+00,2.287659883499145508e+00,2.587156534194946289e+00,2.526578664779663086e+00,2.564962863922119141e+00,2.324211597442626953e+00,2.336758375167846680e+00,2.239620208740234375e+00,2.302113294601440430e+00,2.252554178237915039e+00
4.805960655212402344e-01,6.284232735633850098e-01,7.944873571395874023e-01,1.089511394500732422e+00,1.308772206306457520e+00,1.661354899406433105e+00,1.943987369537353516e+00,2.304291486740112305e+00,2.439457893371582031e+00,2.462494373321533203e+00,2.144173860549926758e+00,2.233559370040893555e+00,1.923823595046997070e+00,2.004326820373535156e+00,1.683445453643798828e+00,0.000000000000000000e+00,3.696539103984832764e-01,6.216105222702026367e-01,9.727681875228881836e-01,1.233118414878845215e+00,1.605020523071289062e+00,1.902422428131103516e+00,2.261529922485351562e+00,2.415968656539916992e+00,2.478871583938598633e+00,2.182029962539672852e+00,2.303839921951293945e+00,2.047553539276123047e+00,2.175642728805541992e+00,1.894379973411560059e+00,5.233232975006103516e-01,6.590492129325866699e-01,8.060767650604248047e-01,1.092868924140930176e+00,1.336684942245483398e+00,1.690977573394775391e+00,1.979214787483215332e+00,2.320899009704589844e+00,2.486479997634887695e+00,2.587245464324951172e+00,2.314687490463256836e+00,2.468051195144653320e+00,2.275666952133178711e+00,2.446285963058471680e+00,2.222417593002319336e+00,1.036725282669067383e+00,1.119222164154052734e+00,1.176657438278198242e+00,1.380195021629333496e+00,1.577455878257751465e+00,1.892261505126953125e+00,2.149775981903076172e+00,2.465098142623901367e+00,2.641765832901000977e+00,2.780736684799194336e+00,2.541842222213745117e+00,2.716685771942138672e+00,2.589689731597900391e+00,2.787408351898193359e+00,2.633031368255615234e+00,1.555139303207397461e+00,1.629365921020507812e+00,1.616529345512390137e+00,1.769420385360717773e+00,1.914344668388366699e+00,2.163145542144775391e+00,2.392148494720458984e+00,2.662173032760620117e+00,2.847073078155517578e+00,3.044258356094360352e+00,2.840291500091552734e+00,3.055698156356811523e+00,2.988879680633544922e+00,3.227249622344970703e+00,3.162203073501586914e+00
6.090852022171020508e-01,5.142067074775695801e-01,6.810051202774047852e-01,8.725895285606384277e-01,1.123866081237792969e+00,1.433102488517761230e+00,1.742903232574462891e+00,2.079192638397216797e+00,2.252067327499389648e+00,2.298609256744384766e+00,2.015473365783691406e+00,2.159276485443115234e+00,1.886677503585815430e+00,2.032175302505493164e+00,1.755155205726623535e+00,3.696539103984832764e-01,0.000000000000000000e+00,3.845017850399017334e-01,6.623816490173339844e-01,9.774136543273925781e-01,1.323281168937683105e+00,1.653186678886413574e+00,1.993611574172973633e+00,2.188081741333007812e+00,2.280745267868041992e+00,2.018851995468139648e+00,2.193131208419799805e+00,1.974057316780090332e+00,2.163152694702148438e+00,1.927463650703430176e+00,6.159073114395141602e-01,5.161086916923522949e-01,5.940703749656677246e-01,7.918454408645629883e-01,1.064849376678466797e+00,1.392676591873168945e+00,1.707278847694396973e+00,2.030356407165527344e+00,2.233283996582031250e+00,2.368371486663818359e+00,2.129718303680419922e+00,2.331273794174194336e+00,2.177322387695312500e+00,2.400146484375000000e+00,2.219913482666015625e+00,1.076369643211364746e+00,1.033803939819335938e+00,1.021875262260437012e+00,1.137798190116882324e+00,1.327753424644470215e+00,1.604575157165527344e+00,1.874279379844665527e+00,2.167259454727172852e+00,2.375520467758178711e+00,2.550438165664672852e+00,2.344952583312988281e+00,2.561221122741699219e+00,2.472859144210815430e+00,2.713638544082641602e+00,2.600100755691528320e+00,1.566479325294494629e+00,1.561270713806152344e+00,1.490978956222534180e+00,1.574742436408996582e+00,1.693928956985473633e+00,1.897156238555908203e+00,2.124084234237670898e+00,2.366960763931274414e+00,2.574586153030395508e+00,2.804453611373901367e+00,2.633264064788818359e+00,2.879781246185302734e+00,2.851249694824218750e+00,3.117966890335083008e+00,3.090247631072998047e+00
7.694656848907470703e-01,5.755220651626586914e-01,4.946424067020416260e-01,6.081327795982360840e-01,7.766320109367370605e-01,1.083946108818054199e+00,1.372430920600891113e+00,1.715552210807800293e+00,1.872105479240417480e+00,1.914958238601684570e+00,1.634112477302551270e+00,1.793501138687133789e+00,1.540170431137084961e+00,1.725245833396911621e+00,1.484687328338623047e+00,6.216105222702026367e-01,3.845017850399017334e-01,0.000000000000000000e+00,3.721634149551391602e-01,6.153285503387451172e-01,9.834824800491333008e-01,1.290394544601440430e+00,1.643138885498046875e+00,1.817464113235473633e+00,1.912573933601379395e+00,1.652969837188720703e+00,1.839562535285949707e+00,1.644301652908325195e+00,1.864635229110717773e+00,1.667982935905456543e+00,7.905284762382507324e-01,6.623471379280090332e-01,4.851722717285156250e-01,6.236277222633361816e-01,7.823331356048583984e-01,1.107139706611633301e+00,1.382839083671569824e+00,1.713204503059387207e+00,1.890356540679931641e+00,2.031185865402221680e+00,1.799435019493103027e+00,2.004625082015991211e+00,1.879068493843078613e+00,2.119661808013916016e+00,1.978082537651062012e+00,1.167357921600341797e+00,1.110809445381164551e+00,9.623729586601257324e-01,1.046084761619567871e+00,1.130622029304504395e+00,1.387676119804382324e+00,1.603872060775756836e+00,1.896535396575927734e+00,2.072274684906005859e+00,2.251470565795898438e+00,2.056937456130981445e+00,2.267976284027099609e+00,2.207877159118652344e+00,2.453710317611694336e+00,2.375933885574340820e+00,1.601692557334899902e+00,1.599040627479553223e+00,1.439102172851562500e+00,1.516285777091979980e+00,1.550097227096557617e+00,1.738624691963195801e+00,1.907725811004638672e+00,2.147819519042968750e+00,2.316464185714721680e+00,2.547056198120117188e+00,2.388754129409790039e+00,2.621495962142944336e+00,2.616010904312133789e+00,2.872401237487792969e+00,2.873934268951416016e+00
1.058699369430541992e+00,7.626540660858154297e-01,6.370226740837097168e-01,5.094931125640869141e-01,6.501093506813049316e-01,8.460813164710998535e-01,1.158063054084777832e+00,1.459158897399902344e+00,1.661570549011230469e+00,1.738963246345520020e+00,1.515032887458801270e+00,1.741077184677124023e+00,1.551839828491210938e+00,1.805557727813720703e+00,1.631194949150085449e+00,9.727681875228881836e-01,6.623816490173339844e-01,3.721634149551391602e-01,0.000000000000000000e+00,3.671224713325500488e-01,6.669008731842041016e-01,1.016332983970642090e+00,1.338828802108764648e+00,1.563340663909912109e+00,1.704136013984680176e+00,1.502012372016906738e+00,1.752867102622985840e+00,1.620902419090270996e+00,1.904725909233093262e+00,1.774716615676879883e+00,1.089291810989379883e+00,8.581540584564208984e-01,5.959088206291198730e-01,4.859429895877838135e-01,5.703089833259582520e-01,8.101581931114196777e-01,1.100510716438293457e+00,1.398547887802124023e+00,1.618285417556762695e+00,1.810566186904907227e+00,1.634255528450012207e+00,1.894277811050415039e+00,1.829660415649414062e+00,2.122069120407104492e+00,2.041492223739624023e+00,1.388019204139709473e+00,1.243559956550598145e+00,1.017058253288269043e+00,9.686102271080017090e-01,9.793798923492431641e-01,1.147602796554565430e+00,1.345985054969787598e+00,1.598270416259765625e+00,1.802293896675109863e+00,2.030808210372924805e+00,1.888521552085876465e+00,2.142038583755493164e+00,2.138173341751098633e+00,2.424063444137573242e+00,2.400527715682983398e+00,1.759769201278686523e+00,1.691485643386840820e+00,1.468070149421691895e+00,1.462564587593078613e+00,1.432010054588317871e+00,1.545088171958923340e+00,1.680564045906066895e+00,1.876576066017150879e+00,2.057023763656616211e+00,2.327743053436279297e+00,2.217795133590698242e+00,2.477401018142700195e+00,2.522932529449462891e+00,2.800823211669921875e+00,2.849555730819702148e+00
1.309494733810424805e+00,1.033371448516845703e+00,7.819190621376037598e-01,5.817528963088989258e-01,4.792059659957885742e-01,5.905561447143554688e-01,8.367010951042175293e-01,1.143850207328796387e+00,1.311767578125000000e+00,1.372349619865417480e+00,1.156847953796386719e+00,1.403454899787902832e+00,1.253383159637451172e+00,1.549133062362670898e+00,1.435968399047851562e+00,1.233118414878845215e+00,9.774136543273925781e-01,6.153285503387451172e-01,3.671224713325500488e-01,0.000000000000000000e+00,3.836389780044555664e-01,6.769590973854064941e-01,1.028649330139160156e+00,1.213927030563354492e+00,1.350074291229248047e+00,1.152002453804016113e+00,1.419076323509216309e+00,1.326538443565368652e+00,1.641970753669738770e+00,1.568339586257934570e+00,1.307213425636291504e+00,1.109196662902832031e+00,7.658085227012634277e-01,6.282986998558044434e-01,4.635247588157653809e-01,6.325461864471435547e-01,8.241382837295532227e-01,1.134609460830688477e+00,1.304635405540466309e+00,1.496616125106811523e+00,1.329527974128723145e+00,1.588687777519226074e+00,1.562601327896118164e+00,1.867721319198608398e+00,1.835309863090515137e+00,1.536024928092956543e+00,1.408245682716369629e+00,1.106339573860168457e+00,1.045435786247253418e+00,9.232535958290100098e-01,1.045985341072082520e+00,1.147320032119750977e+00,1.396100997924804688e+00,1.542244076728820801e+00,1.765353441238403320e+00,1.635271787643432617e+00,1.873262763023376465e+00,1.901439070701599121e+00,2.184253931045532227e+00,2.199826002120971680e+00,1.842278480529785156e+00,1.790089607238769531e+00,1.506979584693908691e+00,1.506630301475524902e+00,1.388107657432556152e+00,1.484578847885131836e+00,1.539667963981628418e+00,1.732536673545837402e+00,1.852225184440612793e+00,2.111066102981567383e+00,2.012732744216918945e+00,2.246413469314575195e+00,2.313263893127441406e+00,2.571823358535766602e+00,2.648657083511352539e+00
1.658275961875915527e+00,1.349989533424377441e+00,1.102387189865112305e+00,8.145958781242370605e-01,6.504583358764648438e-01,4.951697289943695068e-01,6.727275252342224121e-01,8.769918680191040039e-01,1.091020107269287109e+00,1.190786600112915039e+00,1.078347802162170410e+00,1.393022418022155762e+00,1.341257095336914062e+00,1.687315583229064941e+00,1.652865409851074219e+00,1.605020523071289062e+00,1.323281168937683105e+00,9.834824800491333008e-01,6.669008731842041016e-01,3.836389780044555664e-01,0.000000000000000000e+00,3.773989081382751465e-01,6.723093986511230469e-01,9.233843088150024414e-01,1.126163125038146973e+00,1.031140208244323730e+00,1.366477370262145996e+00,1.369060158729553223e+00,1.732483744621276855e+00,1.738505363464355469e+00,1.658208131790161133e+00,1.422428846359252930e+00,1.073602914810180664e+00,8.333641886711120605e-01,5.709314942359924316e-01,4.663168787956237793e-01,5.552432537078857422e-01,7.932824492454528809e-01,1.002283573150634766e+00,1.268025159835815430e+00,1.193499565124511719e+00,1.504979014396667480e+00,1.564122915267944336e+00,1.908361673355102539e+00,1.948882102966308594e+00,1.837629675865173340e+00,1.664985775947570801e+00,1.329006791114807129e+00,1.177091360092163086e+00,9.653770327568054199e-01,9.385527372360229492e-01,9.472531080245971680e-01,1.116317510604858398e+00,1.267465114593505859e+00,1.549368381500244141e+00,1.497342109680175781e+00,1.769052147865295410e+00,1.869664788246154785e+00,2.181272745132446289e+00,2.260483980178833008e+00,2.084493637084960938e+00,1.989813446998596191e+00,1.664338231086730957e+00,1.596816062927246094e+00,1.403231143951416016e+00,1.404670715332031250e+00,1.381791472434997559e+00,1.507376313209533691e+00,1.610053181648254395e+00,1.906836390495300293e+00,1.873515129089355469e+00,2.120695829391479492e+00,2.248120784759521484e+00,2.515722036361694336e+00,2.646373271942138672e+00
