,A1,A2,A3,A4,A5,A6,A7,A8,A9,A10,A11,A12,A13,A14,A15,B1,B2,B3,B4,B5,B6,B7,B8,B9,B10,B11,B12,B13,B14,B15,C1,C2,C3,C4,C5,C6,C7,C8,C9,C10,C11,C12,C13,C14,C15,D1,D2,D3,D4,D5,D6,D7,D8,D9,D10,D11,D12,D13,D14,D15,E1,E2,E3,E4,E5,E6,E7,E8,E9,E10,E11,E12,E13,E14,E15
A1,0.0,0.38835409283638,0.6115809679031372,0.8893114328384399,1.127909779548645,1.3992409706115723,1.7132052183151245,1.9026942253112793,2.2628495693206787,2.5452828407287598,2.7656073570251465,3.098726272583008,3.335169792175293,3.6822450160980225,3.9072914123535156,2.4457268714904785,2.0927605628967285,1.920261263847351,1.7086026668548584,1.7740296125411987,1.8140287399291992,2.0200958251953125,2.332961320877075,2.4812798500061035,2.7708323001861572,3.049321174621582,3.3048267364501953,3.620346784591675,3.9156136512756348,4.182673454284668,3.4753329753875732,3.1560235023498535,2.787801504135132,2.4781548976898193,2.303795576095581,2.282349109649658,2.3096258640289307,2.677999258041382,2.7411651611328125,2.900357484817505,3.2281715869903564,3.3735105991363525,3.74877667427063,3.938509702682495,4.226761817932129,3.8736536502838135,3.5502357482910156,3.210106372833252,2.9039323329925537,2.539607524871826,2.362473726272583,2.286837339401245,2.48521089553833,2.681262969970703,2.7841498851776123,3.1359946727752686,3.245469331741333,3.6221835613250732,3.776972770690918,4.092411518096924,3.843090057373047,3.5307042598724365,3.2417712211608887,2.9600911140441895,2.64048433303833,2.4170870780944824,2.126410722732544,1.935435175895691,1.9602668285369873,1.6563795804977417,1.7331573963165283,1.768013596534729,1.6117422580718994,1.9035764932632446,2.0443708896636963
A2,0.38835409283638,0.0,0.40486031770706177,0.5672313570976257,0.8555608987808228,1.0816359519958496,1.4218971729278564,1.6194571256637573,1.9662622213363647,2.266028642654419,2.4925572872161865,2.816364049911499,3.07490611076355,3.4060792922973633,3.6547188758850098,2.4629294872283936,2.1307151317596436,1.949841856956482,1.6783274412155151,1.7263175249099731,1.6849472522735596,1.8554679155349731,2.1598434448242188,2.255775213241577,2.5422823429107666,2.8181114196777344,3.055983304977417,3.3839821815490723,3.6592507362365723,3.946702480316162,3.483827590942383,3.1809768676757812,2.822417974472046,2.504323959350586,2.294517755508423,2.2122600078582764,2.1972522735595703,2.5473127365112305,2.559622287750244,2.702848434448242,3.0230393409729004,3.1453170776367188,3.525442361831665,3.6894071102142334,3.9921185970306396,3.855344533920288,3.5500271320343018,3.2197184562683105,2.930206537246704,2.5532093048095703,2.3272039890289307,2.200533628463745,2.3779287338256836,2.529688596725464,2.6174156665802,2.9637184143066406,3.0554349422454834,3.431150197982788,3.5612151622772217,3.892345428466797,3.8253655433654785,3.524498701095581,3.2444722652435303,2.9802234172821045,2.6558783054351807,2.4325575828552246,2.1044397354125977,1.9436240196228027,1.910268783569336,1.566900372505188,1.6613560914993286,1.6252179145812988,1.4827769994735718,1.7334040403366089,1.8732327222824097
A3,0.6115809679031372,0.40486031770706177,0.0,0.37869298458099365,0.5181699395179749,0.8259598612785339,1.1084010601043701,1.3294545412063599,1.6781539916992188,1.9448916912078857,2.1848509311676025,2.504572868347168,2.7546372413635254,3.0964086055755615,3.3276989459991455,2.148934841156006,1.816162347793579,1.6031816005706787,1.301767349243164,1.3298404216766357,1.2821295261383057,1.458775281906128,1.7644253969192505,1.8825992345809937,2.1735904216766357,2.4491569995880127,2.7004621028900146,3.018989086151123,3.3089404106140137,3.5832748413085938,3.095634937286377,2.7988767623901367,2.4460418224334717,2.1294357776641846,1.917120337486267,1.8162238597869873,1.8142727613449097,2.1608903408050537,2.1826798915863037,2.3503637313842773,2.663816452026367,2.812154769897461,3.1856508255004883,3.3716652393341064,3.6755075454711914,3.495070695877075,3.2023348808288574,2.867953300476074,2.5973730087280273,2.22356915473938,1.9783200025558472,1.8661174774169922,2.0779616832733154,2.212712287902832,2.3418164253234863,2.6761765480041504,2.8050713539123535,3.170253276824951,3.3268115520477295,3.6632397174835205,3.585676431655884,3.3075499534606934,3.0073013305664062,2.775381326675415,2.4289345741271973,2.2520864009857178,1.9079467058181763,1.8156259059906006,1.8175742626190186,1.4960843324661255,1.6801704168319702,1.6792018413543701,1.6274793148040771,1.90316641330719,2.0892140865325928
A4,0.8893114328384399,0.5672313570976257,0.37869298458099365,0.0,0.3817528784275055,0.51915442943573,0.8759216070175171,1.054294228553772,1.399752140045166,1.7080689668655396,1.9279770851135254,2.2525880336761475,2.513033866882324,2.840484142303467,3.094590425491333,2.174099922180176,1.88401198387146,1.7063692808151245,1.380329966545105,1.4352205991744995,1.2840449810028076,1.4429292678833008,1.701923131942749,1.7541025876998901,2.060159683227539,2.309370994567871,2.554436206817627,2.875023603439331,3.147000551223755,3.446580410003662,3.191614866256714,2.9249463081359863,2.594421625137329,2.2940101623535156,2.0759263038635254,1.9081625938415527,1.8856585025787354,2.1947438716888428,2.155546188354492,2.3226542472839355,2.6114227771759033,2.744544506072998,3.1165030002593994,3.2753984928131104,3.602062702178955,3.638282537460327,3.371462821960449,3.045083999633789,2.802818775177002,2.431030035018921,2.145941972732544,2.0007593631744385,2.1993491649627686,2.2736549377441406,2.3974947929382324,2.7143306732177734,2.8305976390838623,3.186567544937134,3.31654691696167,3.6709930896759033,3.7779951095581055,3.516249179840088,3.2235612869262695,3.0134358406066895,2.666557788848877,2.4991846084594727,2.1343531608581543,2.0711476802825928,2.026838779449463,1.6841940879821777,1.866673231124878,1.7957032918930054,1.7422430515289307,1.9560915231704712,2.1174046993255615
A5,1.127909779548645,0.8555608987808228,0.5181699395179749,0.3817528784275055,0.0,0.3855128884315491,0.5946967005729675,0.863592803478241,1.186156988143921,1.438794493675232,1.6998534202575684,2.0024285316467285,2.2706801891326904,2.602145195007324,2.844926118850708,2.0347700119018555,1.7499483823776245,1.5229723453521729,1.153805136680603,1.139443039894104,0.9542098045349121,1.0702638626098633,1.345347285270691,1.4042757749557495,1.698454737663269,1.964223027229309,2.2079639434814453,2.5306196212768555,2.8101918697357178,3.097707509994507,2.885124444961548,2.6226961612701416,2.3002402782440186,1.993730068206787,1.75319242477417,1.5574760437011719,1.515535593032837,1.8161286115646362,1.774559497833252,1.9483318328857422,2.23679780960083,2.382946491241455,2.7520148754119873,2.9268312454223633,3.2499027252197266,3.285090446472168,3.031052827835083,2.711992025375366,2.4878554344177246,2.1208670139312744,1.813604712486267,1.661224365234375,1.87204909324646,1.923566460609436,2.0739617347717285,2.377972364425659,2.520085334777832,2.8655805587768555,3.01544451713562,3.371190309524536,3.487961769104004,3.24776554107666,2.9475996494293213,2.768666982650757,2.4132158756256104,2.284593105316162,1.9114770889282227,1.9122968912124634,1.8855111598968506,1.5740821361541748,1.8225420713424683,1.7806460857391357,1.8089306354522705,2.0411465167999268,2.243903160095215
A6,1.3992409706115723,1.0816359519958496,0.8259598612785339,0.51915442943573,0.3855128884315491,0.0,0.39581429958343506,0.5706517696380615,0.8891479969024658,1.2026687860488892,1.430719017982483,1.7424839735031128,2.019191026687622,2.3347229957580566,2.602180242538452,2.0864455699920654,1.8561676740646362,1.6811914443969727,1.318530797958374,1.3474630117416382,1.0709024667739868,1.165380835533142,1.3533565998077393,1.3257852792739868,1.6366592645645142,1.8563863039016724,2.0945675373077393,2.4114859104156494,2.670311212539673,2.9846887588500977,3.013673782348633,2.788431167602539,2.4961965084075928,2.218639850616455,1.9895720481872559,1.7373554706573486,1.6866921186447144,1.9308874607086182,1.8231981992721558,1.998314380645752,2.246396780014038,2.377885103225708,2.736886501312256,2.8815014362335205,3.228609323501587,3.4800946712493896,3.256110429763794,2.9475033283233643,2.756004810333252,2.401052713394165,2.069098711013794,1.8989635705947876,2.0939481258392334,2.081652879714966,2.2270021438598633,2.502465009689331,2.6323130130767822,2.959967851638794,3.0817062854766846,3.4524481296539307,3.7453911304473877,3.523608446121216,3.2320313453674316,3.0749011039733887,2.7235546112060547,2.605729579925537,2.2249865531921387,2.244675397872925,2.1839067935943604,1.862676739692688,2.097282886505127,1.9997098445892334,2.0184552669525146,2.192976951599121,2.3665783405303955
A7,1.7132052183151245,1.4218971729278564,1.1084010601043701,0.8759216070175171,0.5946967005729675,0.39581429958343506,0.0,0.387157142162323,0.6154040098190308,0.8536862730979919,1.1326595544815063,1.4153730869293213,1.704061508178711,2.020285129547119,2.2795186042785645,2.006260633468628,1.8097434043884277,1.6110942363739014,1.2330710887908936,1.2026643753051758,0.8593888282775879,0.8687759041786194,1.0085045099258423,0.936525285243988,1.244563102722168,1.461869478225708,1.7012627124786377,2.0172014236450195,2.281198740005493,2.590698480606079,2.7556331157684326,2.5538742542266846,2.2895238399505615,2.026743173599243,1.7888010740280151,1.4872874021530151,1.4149185419082642,1.6089576482772827,1.4670053720474243,1.6555700302124023,1.8785706758499146,2.0248992443084717,2.3725759983062744,2.5276334285736084,2.8794538974761963,3.1988351345062256,3.0039470195770264,2.7111451625823975,2.557527780532837,2.2232935428619385,1.8689910173416138,1.6948888301849365,1.8938491344451904,1.8263109922409058,2.0025899410247803,2.2429282665252686,2.4003677368164062,2.702542543411255,2.83843994140625,3.2120933532714844,3.5649397373199463,3.376021385192871,3.082164764404297,2.968822717666626,2.616765260696411,2.5475552082061768,2.1695592403411865,2.2575266361236572,2.2095799446105957,1.9290845394134521,2.2101829051971436,2.1315481662750244,2.2154364585876465,2.3927605152130127,2.592660903930664
A8,1.9026942253112793,1.6194571256637573,1.3294545412063599,1.054294228553772,0.863592803478241,0.5706517696380615,0.387157142162323,0.0,0.37713712453842163,0.7083707451820374,0.8751628398895264,1.2158936262130737,1.462435245513916,1.7900501489639282,2.0456573963165283,1.875454068183899,1.7395950555801392,1.6173532009124756,1.2870845794677734,1.3500361442565918,0.9870483875274658,1.066402554512024,1.0825767517089844,0.9864683151245117,1.3334217071533203,1.457744836807251,1.7294938564300537,1.9997174739837646,2.266859769821167,2.583151340484619,2.782925844192505,2.6207008361816406,2.3879404067993164,2.1735193729400635,1.9885177612304688,1.6692262887954712,1.6560391187667847,1.8047959804534912,1.65008544921875,1.8767385482788086,2.044839382171631,2.212721347808838,2.5306923389434814,2.681645154953003,3.048117160797119,3.399409770965576,3.2293338775634766,2.932013750076294,2.8085625171661377,2.4948318004608154,2.144887685775757,2.008002281188965,2.2291505336761475,2.136765718460083,2.3350064754486084,2.5481369495391846,2.718388557434082,2.9983155727386475,3.130735397338867,3.5078139305114746,3.8982555866241455,3.723881959915161,3.421721935272217,3.3226616382598877,2.9649291038513184,2.9130189418792725,2.539306640625,2.63065242767334,2.5928876399993896,2.308398723602295,2.58117938041687,2.49225115776062,2.5505056381225586,2.7121400833129883,2.889054536819458
A9,2.2628495693206787,1.9662622213363647,1.6781539916992188,1.399752140045166,1.186156988143921,0.8891479969024658,0.6154040098190308,0.37713712453842163,0.0,0.3898123800754547,0.5583442449569702,0.862342894077301,1.146749496459961,1.4470254182815552,1.729088544845581,2.0553557872772217,1.9699839353561401,1.853102445602417,1.5349763631820679,1.5576781034469604,1.1706522703170776,1.1542681455612183,1.0751582384109497,0.8597061038017273,1.1574745178222656,1.220176100730896,1.4600365161895752,1.7186570167541504,1.9560447931289673,2.289501667022705,2.812422275543213,2.688591718673706,2.495330333709717,2.3041772842407227,2.1145777702331543,1.7595187425613403,1.711378574371338,1.7832139730453491,1.5645524263381958,1.7705514430999756,1.8820046186447144,2.0304932594299316,2.321789026260376,2.445927143096924,2.823420524597168,3.3909332752227783,3.2580227851867676,2.9882471561431885,2.9030234813690186,2.6120095252990723,2.2485814094543457,2.093261480331421,2.2850730419158936,2.1305806636810303,2.3235831260681152,2.4913828372955322,2.6568098068237305,2.90264892578125,3.017345666885376,3.3967528343200684,3.9393491744995117,3.794153928756714,3.5055577754974365,3.4406864643096924,3.0947580337524414,3.0672593116760254,2.6969316005706787,2.8250184059143066,2.769963502883911,2.5039544105529785,2.786165237426758,2.6799988746643066,2.769131660461426,2.90281343460083,3.0801732540130615
A10,2.5452828407287598,2.266028642654419,1.9448916912078857,1.7080689668655396,1.438794493675232,1.2026687860488892,0.8536862730979919,0.7083707451820374,0.3898123800754547,0.0,0.3762127161026001,0.5697014331817627,0.8762085437774658,1.176987648010254,1.440100073814392,2.081075668334961,2.0306766033172607,1.8979411125183105,1.598105788230896,1.568663239479065,1.1856223344802856,1.085783839225769,0.9037370681762695,0.6068980693817139,0.8493285179138184,0.8475446105003357,1.0913150310516357,1.3314200639724731,1.5784908533096313,1.904325008392334,2.60516357421875,2.514613628387451,2.362273693084717,2.1996407508850098,2.0170047283172607,1.6388888359069824,1.5785568952560425,1.5695093870162964,1.317464828491211,1.530571699142456,1.5831509828567505,1.7501481771469116,2.0081405639648438,2.1446268558502197,2.5208938121795654,3.1498820781707764,3.0535836219787598,2.808842658996582,2.7677581310272217,2.5114691257476807,2.147867441177368,2.0040502548217773,2.1886677742004395,1.9857302904129028,2.2025296688079834,2.320594549179077,2.5116000175476074,2.7185120582580566,2.8477466106414795,3.2192037105560303,3.799715280532837,3.689724922180176,3.4046263694763184,3.382448434829712,3.045569896697998,3.0627503395080566,2.7090179920196533,2.8871328830718994,2.8474128246307373,2.6216647624969482,2.9308950901031494,2.8466827869415283,2.980071544647217,3.1217799186706543,3.320061206817627
A11,2.7656073570251465,2.4925572872161865,2.1848509311676025,1.9279770851135254,1.6998534202575684,1.430719017982483,1.1326595544815063,0.8751628398895264,0.5583442449569702,0.3762127161026001,0.0,0.38917776942253113,0.5924234390258789,0.9182724356651306,1.1765199899673462,2.0582387447357178,2.0717546939849854,2.0060465335845947,1.7574903964996338,1.7924646139144897,1.4210861921310425,1.3843631744384766,1.1474004983901978,0.897642970085144,1.124498724937439,1.0067404508590698,1.254814624786377,1.4045854806900024,1.6372607946395874,1.9535503387451172,2.6873719692230225,2.6394481658935547,2.521427869796753,2.4044947624206543,2.26920223236084,1.894619107246399,1.8847180604934692,1.8514792919158936,1.613528847694397,1.84548819065094,1.8498353958129883,2.028172016143799,2.244046211242676,2.3714914321899414,2.7476894855499268,3.383725881576538,3.3101980686187744,3.0646002292633057,3.0471043586730957,2.8088016510009766,2.45587420463562,2.3429222106933594,2.5440428256988525,2.336866855621338,2.5645430088043213,2.6655681133270264,2.8624095916748047,3.0505177974700928,3.175391912460327,3.5433647632598877,4.139530181884766,4.0400190353393555,3.748893976211548,3.7347123622894287,3.393662214279175,3.4200127124786377,3.0684092044830322,3.2432289123535156,3.2112483978271484,2.9774885177612305,3.2813477516174316,3.1906931400299072,3.3038570880889893,3.4380059242248535,3.6207995414733887
A12,3.098726272583008,2.816364049911499,2.504572868347168,2.2525880336761475,2.0024285316467285,1.7424839735031128,1.4153730869293213,1.2158936262130737,0.862342894077301,0.5697014331817627,0.38917776942253113,0.0,0.38870471715927124,0.6122709512710571,0.9123849868774414,2.348231554031372,2.3811628818511963,2.3002567291259766,2.0550525188446045,2.042710781097412,1.6791712045669556,1.5689667463302612,1.2986621856689453,0.9906631112098694,1.0840150117874146,0.8776953816413879,1.0334428548812866,1.1361627578735352,1.3121424913406372,1.6406481266021729,2.7609825134277344,2.7462198734283447,2.665262460708618,2.564755916595459,2.421135187149048,2.03729248046875,1.9885790348052979,1.8848696947097778,1.6026594638824463,1.7895383834838867,1.7238565683364868,1.8709838390350342,2.037538766860962,2.1325345039367676,2.506530523300171,3.359485149383545,3.3244128227233887,3.1151628494262695,3.132683038711548,2.921131134033203,2.568274736404419,2.4406635761260986,2.6047873497009277,2.349757671356201,2.5633575916290283,2.613349676132202,2.8016557693481445,2.946258544921875,3.0541508197784424,3.412656545639038,4.139697074890137,4.070852756500244,3.798652410507202,3.817664384841919,3.495208740234375,3.5437521934509277,3.203631639480591,3.4083173274993896,3.364128589630127,3.153994560241699,3.46362042427063,3.3663601875305176,3.509127616882324,3.625373125076294,3.8129208087921143
A13,3.335169792175293,3.07490611076355,2.7546372413635254,2.513033866882324,2.2706801891326904,2.019191026687622,1.704061508178711,1.462435245513916,1.146749496459961,0.8762085437774658,0.5924234390258789,0.38870471715927124,0.0,0.3899290859699249,0.5842472314834595,2.282740354537964,2.378387689590454,2.3471288681030273,2.1595606803894043,2.184786558151245,1.8477108478546143,1.7797051668167114,1.4598500728607178,1.2168006896972656,1.3116960525512695,1.0308536291122437,1.210050344467163,1.192376971244812,1.3765275478363037,1.647971749305725,2.6904399394989014,2.724635601043701,2.6885385513305664,2.642023801803589,2.5515263080596924,2.178394317626953,2.185209274291992,2.0545191764831543,1.808471441268921,2.0299227237701416,1.9246621131896973,2.1084160804748535,2.2280433177948,2.3437390327453613,2.7002334594726562,3.4399569034576416,3.432246685028076,3.225013256072998,3.2746686935424805,3.0925939083099365,2.7584357261657715,2.676175832748413,2.8673672676086426,2.61482834815979,2.8571996688842773,2.889432430267334,3.1034059524536133,3.2277324199676514,3.3539154529571533,3.7010443210601807,4.366840362548828,4.315130233764648,4.031536102294922,4.067448139190674,3.7404916286468506,3.8137564659118652,3.483938217163086,3.698986768722534,3.6804211139678955,3.4778106212615967,3.7967612743377686,3.7159786224365234,3.8541970252990723,3.9843320846557617,4.172894477844238
A14,3.6822450160980225,3.4060792922973633,3.0964086055755615,2.840484142303467,2.602145195007324,2.3347229957580566,2.020285129547119,1.7900501489639282,1.4470254182815552,1.176987648010254,0.9182724356651306,0.6122709512710571,0.3899290859699249,0.0,0.38519006967544556,2.6548352241516113,2.7632369995117188,2.7328097820281982,2.543344497680664,2.5520474910736084,2.212790012359619,2.1123218536376953,1.7948280572891235,1.5203747749328613,1.5420390367507935,1.2334386110305786,1.304481029510498,1.22627592086792,1.3019158840179443,1.56769859790802,2.9656693935394287,3.0257492065429688,3.013685703277588,2.9758756160736084,2.8779184818267822,2.5024585723876953,2.479917049407959,2.3145461082458496,2.03987717628479,2.213449001312256,2.060818672180176,2.1981728076934814,2.268681526184082,2.3331639766693115,2.679499387741089,3.642333745956421,3.664091110229492,3.4853599071502686,3.5554287433624268,3.3875482082366943,3.052934169769287,2.9528470039367676,3.1115429401397705,2.8290719985961914,3.046902894973755,3.0442235469818115,3.236264705657959,3.3259146213531494,3.4229776859283447,3.7600290775299072,4.5635504722595215,4.531894207000732,4.267002582550049,4.321232318878174,4.009239673614502,4.087765216827393,3.761958360671997,3.9871487617492676,3.949568510055542,3.752864360809326,4.065969467163086,3.9668662548065186,4.114326477050781,4.219138145446777,4.399838447570801
A15,3.9072914123535156,3.6547188758850098,3.3276989459991455,3.094590425491333,2.844926118850708,2.602180242538452,2.2795186042785645,2.0456573963165283,1.729088544845581,1.440100073814392,1.1765199899673462,0.9123849868774414,0.5842472314834595,0.38519006967544556,0.0,2.6324048042297363,2.785289764404297,2.779521942138672,2.6374878883361816,2.655233383178711,2.348240613937378,2.262716293334961,1.9113750457763672,1.688627004623413,1.6951055526733398,1.3465518951416016,1.4315540790557861,1.2555420398712158,1.3443650007247925,1.5251935720443726,2.8349499702453613,2.9417667388916016,2.9766652584075928,2.9877679347991943,2.933408260345459,2.5740244388580322,2.590540885925293,2.3941242694854736,2.1549084186553955,2.3523101806640625,2.165494441986084,2.338386058807373,2.3642923831939697,2.4589920043945312,2.7787890434265137,3.603383779525757,3.655599594116211,3.487900733947754,3.5928401947021484,3.4600300788879395,3.147794723510742,3.088909149169922,3.266481637954712,2.984858989715576,3.2301888465881348,3.206282377243042,3.426820755004883,3.494110345840454,3.6163408756256104,3.937710762023926,4.661012649536133,4.651140213012695,4.378506660461426,4.455430507659912,4.144418239593506,4.2532806396484375,3.943481922149658,4.1867547035217285,4.176909923553467,3.998199462890625,4.325883388519287,4.251203536987305,4.407217502593994,4.532474994659424,4.724155902862549
B1,2.4457268714904785,2.4629294872283936,2.148934841156006,2.174099922180176,2.0347700119018555,2.0864455699920654,2.006260633468628,1.875454068183899,2.0553557872772217,2.081075668334961,2.0582387447357178,2.348231554031372,2.282740354537964,2.6548352241516113,2.6324048042297363,0.0,0.3865872919559479,0.7180020213127136,1.0173953771591187,1.3342218399047852,1.4119236469268799,1.743390679359436,1.649751901626587,1.9379035234451294,2.2497854232788086,2.2612547874450684,2.646913528442383,2.711939573287964,3.0960726737976074,3.2243635654449463,1.782408595085144,1.6871167421340942,1.5582215785980225,1.6167035102844238,1.8030692338943481,1.7197864055633545,2.0646305084228516,2.191781997680664,2.329760789871216,2.7074618339538574,2.8187808990478516,3.1661598682403564,3.38429594039917,3.693812608718872,3.9821648597717285,3.1726458072662354,3.0228607654571533,2.6759495735168457,2.629863739013672,2.470644474029541,2.317704916000366,2.499818801879883,2.8822214603424072,2.9073431491851807,3.2532598972320557,3.4322333335876465,3.7461512088775635,3.9831204414367676,4.25703763961792,4.573584079742432,4.242702960968018,4.108069896697998,3.729119062423706,3.6729936599731445,3.301785945892334,3.3806674480438232,3.1269795894622803,3.2462472915649414,3.422964096069336,3.252286195755005,3.561101198196411,3.6573426723480225,3.707763195037842,4.0067243576049805,4.220037460327148
B2,2.0927605628967285,2.1307151317596436,1.816162347793579,1.88401198387146,1.7499483823776245,1.8561676740646362,1.8097434043884277,1.7395950555801392,1.9699839353561401,2.0306766033172607,2.0717546939849854,2.3811628818511963,2.378387689590454,2.7632369995117188,2.785289764404297,0.3865872919559479,0.0,0.3855634033679962,0.714156985282898,1.0527409315109253,1.1852567195892334,1.5439313650131226,1.53347647190094,1.8463728427886963,2.1675753593444824,2.2427892684936523,2.621987819671631,2.7372360229492188,3.1229565143585205,3.269707679748535,1.8326317071914673,1.6581586599349976,1.4473867416381836,1.4259694814682007,1.574581503868103,1.5204778909683228,1.8563636541366577,2.0425667762756348,2.199711561203003,2.562220811843872,2.7200725078582764,3.0535688400268555,3.302530288696289,3.611203908920288,3.897382974624634,3.060715436935425,2.8699941635131836,2.507056713104248,2.4122650623321533,2.2185182571411133,2.067383289337158,2.2419896125793457,2.6250429153442383,2.6870293617248535,3.0185940265655518,3.226313829421997,3.528153896331787,3.788226842880249,4.061269760131836,4.376877784729004,3.9956655502319336,3.8360562324523926,3.4573283195495605,3.3734452724456787,2.999422550201416,3.0544965267181396,2.799720048904419,2.8965566158294678,3.077996015548706,2.906365394592285,3.206700325012207,3.3152260780334473,3.3598175048828125,3.6704158782958984,3.8871641159057617
B3,1.920261263847351,1.949841856956482,1.6031816005706787,1.7063692808151245,1.5229723453521729,1.6811914443969727,1.6110942363739014,1.6173532009124756,1.853102445602417,1.8979411125183105,2.0060465335845947,2.3002567291259766,2.3471288681030273,2.7328097820281982,2.779521942138672,0.7180020213127136,0.3855634033679962,0.0,0.39885491132736206,0.6880441904067993,0.8923385143280029,1.2383675575256348,1.2871170043945312,1.628711223602295,1.9300192594528198,2.056171417236328,2.419646978378296,2.56683611869812,2.9518141746520996,3.099663019180298,1.712586760520935,1.4792897701263428,1.2071956396102905,1.1085636615753174,1.2131918668746948,1.1725653409957886,1.5037181377410889,1.7209429740905762,1.9010587930679321,2.249797821044922,2.435389518737793,2.7615394592285156,3.0241470336914062,3.3373732566833496,3.6130223274230957,2.7631430625915527,2.5506110191345215,2.1825308799743652,2.063619613647461,1.8486785888671875,1.6901968717575073,1.8638582229614258,2.24776029586792,2.3260931968688965,2.65492582321167,2.8702473640441895,3.1713151931762695,3.437054395675659,3.715579032897949,4.0250701904296875,3.6203291416168213,3.4555017948150635,3.0781264305114746,2.992297887802124,2.6171059608459473,2.6745526790618896,2.420579195022583,2.5308685302734375,2.718158006668091,2.5640435218811035,2.877126455307007,3.0012567043304443,3.07230281829834,3.3925912380218506,3.6267101764678955
B4,1.7086026668548584,1.6783274412155151,1.301767349243164,1.380329966545105,1.153805136680603,1.318530797958374,1.2330710887908936,1.2870845794677734,1.5349763631820679,1.598105788230896,1.7574903964996338,2.0550525188446045,2.1595606803894043,2.543344497680664,2.6374878883361816,1.0173953771591187,0.714156985282898,0.39885491132736206,0.0,0.3879470229148865,0.5240302681922913,0.8926348686218262,1.0055320262908936,1.3265032768249512,1.6410667896270752,1.8109697103500366,2.1606318950653076,2.3546459674835205,2.7263755798339844,2.907467842102051,1.868537425994873,1.6194405555725098,1.3190840482711792,1.1237256526947021,1.0962709188461304,0.9744718670845032,1.2383371591567993,1.489655613899231,1.6270012855529785,1.957802653312683,2.170842409133911,2.4708950519561768,2.7610015869140625,3.053112745285034,3.342200994491577,2.714052438735962,2.4908504486083984,2.128718614578247,1.9839545488357544,1.7165930271148682,1.4938938617706299,1.5967888832092285,1.9652163982391357,2.0290770530700684,2.3394649028778076,2.5707690715789795,2.8514373302459717,3.132303237915039,3.3912973403930664,3.7135274410247803,3.43911075592041,3.262263059616089,2.8957972526550293,2.7984070777893066,2.4170851707458496,2.446826457977295,2.1576027870178223,2.2695322036743164,2.4195361137390137,2.243166208267212,2.5629777908325195,2.661703109741211,2.744148015975952,3.0503053665161133,3.287313938140869
B5,1.7740296125411987,1.7263175249099731,1.3298404216766357,1.4352205991744995,1.139443039894104,1.3474630117416382,1.2026643753051758,1.3500361442565918,1.5576781034469604,1.568663239479065,1.7924646139144897,2.042710781097412,2.184786558151245,2.5520474910736084,2.655233383178711,1.3342218399047852,1.0527409315109253,0.6880441904067993,0.3879470229148865,0.0,0.3899174630641937,0.6355810761451721,0.8339954018592834,1.1766899824142456,1.4315659999847412,1.6547331809997559,1.9708030223846436,2.1873064041137695,2.551190137863159,2.719996929168701,1.7723510265350342,1.4911067485809326,1.1654057502746582,0.8907601237297058,0.7614614963531494,0.6257134079933167,0.8675359487533569,1.1520190238952637,1.3223769664764404,1.633013367652893,1.8710029125213623,2.1649558544158936,2.4605207443237305,2.7613308429718018,3.032125949859619,2.3929357528686523,2.1581246852874756,1.8024537563323975,1.645493507385254,1.3606789112091064,1.113569974899292,1.2118587493896484,1.5847313404083252,1.6559375524520874,1.9732027053833008,2.2017884254455566,2.4905920028686523,2.768479347229004,3.03955340385437,3.3519301414489746,3.0602149963378906,2.8895657062530518,2.5256669521331787,2.442662477493286,2.0624871253967285,2.1125288009643555,1.826773762702942,1.980059027671814,2.136732578277588,1.9965962171554565,2.3409957885742188,2.459645986557007,2.5897560119628906,2.9017996788024902,3.1620850563049316
B6,1.8140287399291992,1.6849472522735596,1.2821295261383057,1.2840449810028076,0.9542098045349121,1.0709024667739868,0.8593888282775879,0.9870483875274658,1.1706522703170776,1.1856223344802856,1.4210861921310425,1.6791712045669556,1.8477108478546143,2.212790012359619,2.348240613937378,1.4119236469268799,1.1852567195892334,0.8923385143280029,0.5240302681922913,0.3899174630641937,0.0,0.3882942497730255,0.5626809597015381,0.8486817479133606,1.1564645767211914,1.3732683658599854,1.6969048976898193,1.9354803562164307,2.288093090057373,2.4965665340423584,1.949597716331482,1.718711256980896,1.4393128156661987,1.1931782960891724,1.0234527587890625,0.7496223449707031,0.8801329731941223,1.1149195432662964,1.1715328693389893,1.4870649576187134,1.7085425853729248,1.9846104383468628,2.2919280529022217,2.5625972747802734,2.8654773235321045,2.5565388202667236,2.353227376937866,2.022463083267212,1.8919751644134521,1.5992556810379028,1.290145754814148,1.2900320291519165,1.6234797239303589,1.6197103261947632,1.921500325202942,2.140436887741089,2.4091508388519287,2.685257911682129,2.924760103225708,3.2608096599578857,3.2022995948791504,3.03991436958313,2.694079875946045,2.619800567626953,2.243666172027588,2.2734053134918213,1.9506995677947998,2.1079866886138916,2.2020599842071533,2.021439552307129,2.3646492958068848,2.4247045516967773,2.554145336151123,2.8281943798065186,3.076409101486206
B7,2.0200958251953125,1.8554679155349731,1.458775281906128,1.4429292678833008,1.0702638626098633,1.165380835533142,0.8687759041786194,1.066402554512024,1.1542681455612183,1.085783839225769,1.3843631744384766,1.5689667463302612,1.7797051668167114,2.1123218536376953,2.262716293334961,1.743390679359436,1.5439313650131226,1.2383675575256348,0.8926348686218262,0.6355810761451721,0.3882942497730255,0.0,0.38512498140335083,0.6157907247543335,0.8415578007698059,1.1224627494812012,1.399030327796936,1.6703933477401733,2.0045595169067383,2.2141928672790527,1.974491000175476,1.7538148164749146,1.4981945753097534,1.2320551872253418,0.978416383266449,0.6344574689865112,0.6012564301490784,0.8034998178482056,0.8064044117927551,1.1031447649002075,1.3392075300216675,1.6018908023834229,1.918663740158081,2.185805320739746,2.485349655151367,2.351463794708252,2.1648988723754883,1.8678371906280518,1.7555818557739258,1.4651987552642822,1.112458348274231,1.0395352840423584,1.3356900215148926,1.2742899656295776,1.5791869163513184,1.7768521308898926,2.048510789871216,2.312476873397827,2.5506491661071777,2.8880093097686768,2.9443564414978027,2.8017683029174805,2.473386764526367,2.4291226863861084,2.0670387744903564,2.1158106327056885,1.7904295921325684,1.9973607063293457,2.064131259918213,1.9120678901672363,2.273136854171753,2.3238158226013184,2.5033698081970215,2.7587478160858154,3.0217013359069824
B8,2.332961320877075,2.1598434448242188,1.7644253969192505,1.701923131942749,1.345347285270691,1.3533565998077393,1.0085045099258423,1.0825767517089844,1.0751582384109497,0.9037370681762695,1.1474004983901978,1.2986621856689453,1.4598500728607178,1.7948280572891235,1.9113750457763672,1.649751901626587,1.53347647190094,1.2871170043945312,1.0055320262908936,0.8339954018592834,0.5626809597015381,0.38512498140335083,0.0,0.38304826617240906,0.6437292098999023,0.8244381546974182,1.1573288440704346,1.3757513761520386,1.7350633144378662,1.9348475933074951,1.8230564594268799,1.6700801849365234,1.4854342937469482,1.3045810461044312,1.129421591758728,0.7490614056587219,0.7850842475891113,0.8135133385658264,0.7586583495140076,1.1148136854171753,1.2488943338394165,1.5531147718429565,1.8217864036560059,2.0979557037353516,2.4093377590179443,2.356111764907837,2.226260185241699,1.9483896493911743,1.9078923463821411,1.674468994140625,1.3382699489593506,1.3060150146484375,1.590179681777954,1.4604815244674683,1.7848422527313232,1.9198178052902222,2.2100491523742676,2.4278347492218018,2.6656384468078613,3.0021398067474365,3.1432762145996094,3.039341688156128,2.7134644985198975,2.711256265640259,2.3588576316833496,2.4446208477020264,2.1348252296447754,2.3644776344299316,2.430751085281372,2.285515069961548,2.646662950515747,2.6824398040771484,2.862438917160034,3.100491523742676,3.355306386947632
B9,2.4812798500061035,2.255775213241577,1.8825992345809937,1.7541025876998901,1.4042757749557495,1.3257852792739868,0.936525285243988,0.9864683151245117,0.8597061038017273,0.6068980693817139,0.897642970085144,0.9906631112098694,1.2168006896972656,1.5203747749328613,1.688627004623413,1.9379035234451294,1.8463728427886963,1.628711223602295,1.3265032768249512,1.1766899824142456,0.8486817479133606,0.6157907247543335,0.38304826617240906,0.0,0.3888305127620697,0.5692702531814575,0.8770079016685486,1.1462668180465698,1.4701136350631714,1.7249221801757812,2.12544322013855,2.005289316177368,1.8466476202011108,1.668753981590271,1.4652448892593384,1.0797507762908936,1.0035344362258911,0.965749204158783,0.7491538524627686,1.0346226692199707,1.1255520582199097,1.3756992816925049,1.6490620374679565,1.8744676113128662,2.216978073120117,2.5501372814178467,2.4468746185302734,2.204195737838745,2.175056219100952,1.9391590356826782,1.5822049379348755,1.470478892326355,1.6832678318023682,1.4851728677749634,1.7631738185882568,1.8723149299621582,2.1253092288970947,2.3285410404205322,2.5238583087921143,2.876424551010132,3.2572319507598877,3.1628198623657227,2.864217519760132,2.869614362716675,2.5334055423736572,2.6000359058380127,2.2742202281951904,2.503483533859253,2.515746593475342,2.3523736000061035,2.7012765407562256,2.688058853149414,2.8740923404693604,3.069552421569824,3.311821699142456
B10,2.7708323001861572,2.5422823429107666,2.1735904216766357,2.060159683227539,1.698454737663269,1.6366592645645142,1.244563102722168,1.3334217071533203,1.1574745178222656,0.8493285179138184,1.124498724937439,1.0840150117874146,1.3116960525512695,1.5420390367507935,1.6951055526733398,2.2497854232788086,2.1675753593444824,1.9300192594528198,1.6410667896270752,1.4315659999847412,1.1564645767211914,0.8415578007698059,0.6437292098999023,0.3888305127620697,0.0,0.3746415376663208,0.5592774152755737,0.8695665001869202,1.1715083122253418,1.4123716354370117,2.151881694793701,2.0535261631011963,1.9319227933883667,1.7638148069381714,1.5385812520980835,1.1663477420806885,1.0043509006500244,0.8421458601951599,0.521015465259552,0.7407740950584412,0.7587437629699707,1.0082701444625854,1.2629958391189575,1.4956272840499878,1.8334970474243164,2.3631649017333984,2.2971768379211426,2.104766607284546,2.114274740219116,1.9150007963180542,1.56540048122406,1.4266283512115479,1.5752949714660645,1.3072603940963745,1.5748506784439087,1.6176122426986694,1.8764257431030273,2.0342416763305664,2.2309935092926025,2.5733864307403564,3.0642058849334717,3.0055670738220215,2.731226682662964,2.779632329940796,2.472105026245117,2.5701029300689697,2.268205404281616,2.5383496284484863,2.539742946624756,2.419369697570801,2.7736427783966064,2.763836145401001,2.9907736778259277,3.17220139503479,3.42547607421875
B11,3.049321174621582,2.8181114196777344,2.4491569995880127,2.309370994567871,1.964223027229309,1.8563863039016724,1.461869478225708,1.457744836807251,1.220176100730896,0.8475446105003357,1.0067404508590698,0.8776953816413879,1.0308536291122437,1.2334386110305786,1.3465518951416016,2.2612547874450684,2.2427892684936523,2.056171417236328,1.8109697103500366,1.6547331809997559,1.3732683658599854,1.1224627494812012,0.8244381546974182,0.5692702531814575,0.3746415376663208,0.0,0.3882444500923157,0.5792388319969177,0.9219767451286316,1.164747714996338,2.1430602073669434,2.109720468521118,2.046618938446045,1.9419019222259521,1.7752803564071655,1.403770923614502,1.3103346824645996,1.0972459316253662,0.8135314583778381,1.025146722793579,0.9150261282920837,1.1654503345489502,1.3261739015579224,1.5429482460021973,1.8823139667510986,2.495621681213379,2.4781501293182373,2.302027702331543,2.35872745513916,2.1964480876922607,1.8658946752548218,1.7670700550079346,1.923174262046814,1.6420018672943115,1.9097111225128174,1.9100991487503052,2.1688010692596436,2.2826647758483887,2.468083620071411,2.7995784282684326,3.3465328216552734,3.3146352767944336,3.0420923233032227,3.113546371459961,2.8104591369628906,2.927316904067993,2.6335742473602295,2.907890796661377,2.914184093475342,2.7900261878967285,3.142305374145508,3.123180866241455,3.340245008468628,3.5116312503814697,3.754948377609253
B12,3.3048267364501953,3.055983304977417,2.7004621028900146,2.554436206817627,2.2079639434814453,2.0945675373077393,1.7012627124786377,1.7294938564300537,1.4600365161895752,1.0913150310516357,1.254814624786377,1.0334428548812866,1.210050344467163,1.304481029510498,1.4315540790557861,2.646913528442383,2.621987819671631,2.419646978378296,2.1606318950653076,1.9708030223846436,1.6969048976898193,1.399030327796936,1.1573288440704346,0.8770079016685486,0.5592774152755737,0.3882444500923157,0.0,0.38818177580833435,0.6164878010749817,0.8981660604476929,2.3896772861480713,2.366770029067993,2.3193790912628174,2.206866502761841,2.011859178543091,1.656881332397461,1.4927284717559814,1.236151099205017,0.9022243618965149,0.9677959084510803,0.7620235681533813,0.9170224666595459,1.0252387523651123,1.192627191543579,1.5413306951522827,2.5214505195617676,2.5346360206604004,2.4088430404663086,2.482947587966919,2.3389220237731934,2.014331579208374,1.8729870319366455,1.9552080631256104,1.6244606971740723,1.8408771753311157,1.7811205387115479,2.0077385902404785,2.0723676681518555,2.2268171310424805,2.5489723682403564,3.2863290309906006,3.280780792236328,3.043010950088501,3.1406145095825195,2.8689393997192383,2.9912326335906982,2.7115235328674316,3.002258539199829,2.9796664714813232,2.8773367404937744,3.220735788345337,3.185433864593506,3.4277279376983643,3.571343421936035,3.814195156097412
B13,3.620346784591675,3.3839821815490723,3.018989086151123,2.875023603439331,2.5306196212768555,2.4114859104156494,2.0172014236450195,1.9997174739837646,1.7186570167541504,1.3314200639724731,1.4045854806900024,1.1361627578735352,1.192376971244812,1.22627592086792,1.2555420398712158,2.711939573287964,2.7372360229492188,2.56683611869812,2.3546459674835205,2.1873064041137695,1.9354803562164307,1.6703933477401733,1.3757513761520386,1.1462668180465698,0.8695665001869202,0.5792388319969177,0.38818177580833435,0.0,0.3939129412174225,0.5917114019393921,2.327730178833008,2.3671681880950928,2.3816792964935303,2.3297653198242188,2.1876368522644043,1.848061203956604,1.737354040145874,1.4366341829299927,1.1599363088607788,1.249526858329773,0.9725455045700073,1.147505521774292,1.1320651769638062,1.3045934438705444,1.6075739860534668,2.5417256355285645,2.607766628265381,2.506429433822632,2.6321539878845215,2.535085439682007,2.238520383834839,2.145934820175171,2.243105173110962,1.912919521331787,2.1466362476348877,2.048435926437378,2.2915213108062744,2.309593915939331,2.473184823989868,2.767096519470215,3.4751594066619873,3.502943515777588,3.2651045322418213,3.3935861587524414,3.1293840408325195,3.283689022064209,3.0229287147521973,3.3285539150238037,3.3269293308258057,3.237950086593628,3.5879123210906982,3.5644125938415527,3.8076837062835693,3.957301616668701,4.200937747955322
