,A1,A2,A3,A4,A5,A6,A7,A8,A9,A10,A11,A12,A13,A14,A15,B1,B2,B3,B4,B5,B6,B7,B8,B9,B10,B11,B12,B13,B14,B15,C1,C2,C3,C4,C5,C6,C7,C8,C9,C10,C11,C12,C13,C14,C15,D1,D2,D3,D4,D5,D6,D7,D8,D9,D10,D11,D12,D13,D14,D15,E1,E2,E3,E4,E5,E6,E7,E8,E9,E10,E11,E12,E13,E14,E15
A1,0.0,0.38868337869644165,0.598860502243042,0.9278215765953064,1.1685295104980469,1.5297974348068237,1.771339774131775,2.1473541259765625,2.2891688346862793,2.398585796356201,2.0866341590881348,2.2886643409729004,2.0353994369506836,2.2549142837524414,2.06530499458313,0.4565425515174866,0.5599223375320435,0.724522054195404,1.0019553899765015,1.2555946111679077,1.6214909553527832,1.8692176342010498,2.2335309982299805,2.369332790374756,2.5232150554656982,2.2566733360290527,2.4907681941986084,2.340599536895752,2.566164493560791,2.4068260192871094,0.9896995425224304,1.0452009439468384,1.0904349088668823,1.2764545679092407,1.4797894954681396,1.8119211196899414,2.0452475547790527,2.37679386138916,2.5298268795013428,2.7307024002075195,2.5201404094696045,2.7827486991882324,2.7114624977111816,2.9540891647338867,2.842292070388794,1.5210844278335571,1.5562303066253662,1.5312494039535522,1.6577050685882568,1.7980656623840332,2.074383497238159,2.2871298789978027,2.5850419998168945,2.7552833557128906,2.9994442462921143,2.8482494354248047,3.1380419731140137,3.159264326095581,3.4114437103271484,3.392622709274292,2.066596746444702,2.099285840988159,2.0074985027313232,2.10235857963562,2.170710802078247,2.400081157684326,2.5764548778533936,2.810985565185547,3.0015387535095215,3.3073606491088867,3.213181495666504,3.5551249980926514,3.6521530151367188,3.9422719478607178,4.083142280578613
A2,0.38868337869644165,0.0,0.39701858162879944,0.6119796633720398,0.9216128587722778,1.2419160604476929,1.5344263315200806,1.8879411220550537,2.076798677444458,2.2187650203704834,1.9506691694259644,2.208038091659546,2.0088419914245605,2.2817435264587402,2.148289680480957,0.6374871134757996,0.48112621903419495,0.5342456102371216,0.6869928240776062,0.9797458052635193,1.3149542808532715,1.5990465879440308,1.9431748390197754,2.125065803527832,2.314872980117798,2.093400001525879,2.3748114109039307,2.2772610187530518,2.5477218627929688,2.439154624938965,1.080589771270752,1.005113959312439,0.9535340070724487,1.0331734418869019,1.2249516248703003,1.517082691192627,1.7698408365249634,2.0759618282318115,2.2692081928253174,2.5045440196990967,2.3382205963134766,2.637350559234619,2.6139819622039795,2.8910672664642334,2.8243789672851562,1.5645942687988281,1.5180481672286987,1.4184470176696777,1.4667109251022339,1.5715632438659668,1.799286961555481,2.0140907764434814,2.2822439670562744,2.484666585922241,2.759866237640381,2.650578498840332,2.9661834239959717,3.028233289718628,3.3061211109161377,3.3259317874908447,2.0761947631835938,2.050607442855835,1.9037562608718872,1.9446754455566406,1.971745252609253,2.154834270477295,2.3166825771331787,2.5162577629089355,2.725642204284668,3.0537123680114746,2.9973819255828857,3.3454484939575195,3.4768495559692383,3.7754034996032715,3.9454843997955322
A3,0.598860502243042,0.39701858162879944,0.0,0.37312787771224976,0.5730829834938049,0.9361196756362915,1.1838922500610352,1.552675485610962,1.7168796062469482,1.8646025657653809,1.5876095294952393,1.846474289894104,1.6599247455596924,1.9457708597183228,1.849988579750061,0.7691392302513123,0.685998260974884,0.48632127046585083,0.630910336971283,0.769807755947113,1.1065969467163086,1.3270307779312134,1.6707589626312256,1.821134328842163,2.019634962081909,1.79901921749115,2.073582172393799,1.9983071088790894,2.2673704624176025,2.1931984424591064,1.179362177848816,1.1457935571670532,0.973310112953186,1.0600088834762573,1.1241308450698853,1.3944000005722046,1.5755345821380615,1.8701989650726318,2.028425931930542,2.2709102630615234,2.10807728767395,2.3901569843292236,2.388988971710205,2.653942823410034,2.6160929203033447,1.6281696557998657,1.6197118759155273,1.447001576423645,1.5178674459457397,1.5307259559631348,1.7447267770767212,1.8900643587112427,2.1453895568847656,2.309333562850952,2.586711883544922,2.4815046787261963,2.774947166442871,2.8563075065612793,3.117034673690796,3.162348747253418,2.118873357772827,2.126730442047119,1.9290307760238647,2.0027952194213867,1.9621249437332153,2.149289846420288,2.249136209487915,2.451653003692627,2.6154308319091797,2.945488214492798,2.886995553970337,3.2110559940338135,3.348883867263794,3.6210038661956787,3.8047192096710205
A4,0.9278215765953064,0.6119796633720398,0.37312787771224976,0.0,0.3845736086368561,0.6509387493133545,0.9719908237457275,1.2985293865203857,1.5280942916870117,1.7274421453475952,1.516189694404602,1.8329370021820068,1.7195311784744263,2.0485522747039795,2.017648935317993,1.088295817375183,0.9002424478530884,0.6334249377250671,0.5344461798667908,0.6185811161994934,0.862139105796814,1.1070449352264404,1.4063812494277954,1.6157314777374268,1.8675296306610107,1.7140083312988281,2.0347635746002197,2.0273168087005615,2.332733154296875,2.3168411254882812,1.4273045063018799,1.3099485635757446,1.0652079582214355,1.0228511095046997,1.0217312574386597,1.2020331621170044,1.3777285814285278,1.6200933456420898,1.8236761093139648,2.1125307083129883,2.011202096939087,2.324997901916504,2.3829739093780518,2.6748602390289307,2.6885898113250732,1.8175361156463623,1.747052788734436,1.5124472379684448,1.5013773441314697,1.4526801109313965,1.5886247158050537,1.7114356756210327,1.9142327308654785,2.1090714931488037,2.423825740814209,2.373253345489502,2.6860616207122803,2.8157458305358887,3.095890998840332,3.1847984790802,2.2607955932617188,2.2206921577453613,1.975040316581726,1.9958683252334595,1.9016292095184326,2.028416395187378,2.093902111053467,2.2471258640289307,2.4218738079071045,2.776080846786499,2.7634615898132324,3.0850889682769775,3.261373519897461,3.5344319343566895,3.750218391418457
A5,1.1685295104980469,0.9216128587722778,0.5730829834938049,0.3845736086368561,0.0,0.3853490650653839,0.6167859435081482,0.9798755645751953,1.1638939380645752,1.353217363357544,1.1375203132629395,1.462001085281372,1.3787277936935425,1.7247275114059448,1.7423908710479736,1.242914080619812,1.1096528768539429,0.7536123991012573,0.6730341911315918,0.5110236406326294,0.7056428790092468,0.8327797651290894,1.1386711597442627,1.2929823398590088,1.5408072471618652,1.3868955373764038,1.6983226537704468,1.7178707122802734,2.0223870277404785,2.0464000701904297,1.512749195098877,1.4333521127700806,1.1210658550262451,1.1006875038146973,0.9673385620117188,1.1107007265090942,1.183902382850647,1.416609287261963,1.5622185468673706,1.8439639806747437,1.7414524555206299,2.0314178466796875,2.109489917755127,2.387119770050049,2.4301869869232178,1.842775583267212,1.8078649044036865,1.5253732204437256,1.5445780754089355,1.4132026433944702,1.5382531881332397,1.5793733596801758,1.7739359140396118,1.9108887910842896,2.212637424468994,2.158384084701538,2.4413607120513916,2.583986282348633,2.8434972763061523,2.9540278911590576,2.245283365249634,2.237778902053833,1.956863522529602,2.0143086910247803,1.863420844078064,2.0002403259277344,2.003481864929199,2.1687426567077637,2.2849843502044678,2.6274757385253906,2.6029677391052246,2.895550012588501,3.069782018661499,3.3141961097717285,3.537137746810913
A6,1.5297974348068237,1.2419160604476929,0.9361196756362915,0.6509387493133545,0.3853490650653839,0.0,0.38213008642196655,0.6569076776504517,0.9214016199111938,1.1663272380828857,1.0613176822662354,1.4369115829467773,1.4542460441589355,1.827141523361206,1.9159424304962158,1.588045597076416,1.4065650701522827,1.0412966012954712,0.8403434753417969,0.5823730826377869,0.5282081961631775,0.585503876209259,0.8031626343727112,1.0188294649124146,1.3297373056411743,1.2729883193969727,1.6225608587265015,1.7261650562286377,2.057281732559204,2.148590087890625,1.7975282669067383,1.6688179969787598,1.316230297088623,1.2033027410507202,0.9812590479850769,0.9812575578689575,0.9851161241531372,1.1280797719955444,1.3028706312179565,1.6320774555206299,1.6077988147735596,1.917507529258728,2.064732551574707,2.3603157997131348,2.463094472885132,2.0608272552490234,1.9840830564498901,1.6543684005737305,1.6093316078186035,1.4020627737045288,1.4309478998184204,1.4079660177230835,1.528292179107666,1.6726925373077393,2.0053720474243164,2.013000726699829,2.3011484146118164,2.4965548515319824,2.7662479877471924,2.925536870956421,2.4007298946380615,2.358687162399292,2.036263942718506,2.053225517272949,1.8400003910064697,1.9135373830795288,1.856479525566101,1.968309998512268,2.0695595741271973,2.4267630577087402,2.447410821914673,2.722698450088501,2.9340016841888428,3.1678738594055176,3.4232306480407715
A7,1.771339774131775,1.5344263315200806,1.1838922500610352,0.9719908237457275,0.6167859435081482,0.38213008642196655,0.0,0.3950559198856354,0.556999921798706,0.8113618493080139,0.7279555201530457,1.1086946725845337,1.187146782875061,1.5605862140655518,1.7114360332489014,1.7891958951950073,1.6622976064682007,1.2769414186477661,1.1377832889556885,0.8064640164375305,0.7136716246604919,0.5386640429496765,0.6908940076828003,0.777654767036438,1.0822429656982422,1.0408551692962646,1.357257604598999,1.5018244981765747,1.8143459558486938,1.953810453414917,1.9606451988220215,1.8784092664718628,1.5092978477478027,1.4410648345947266,1.1544454097747803,1.1283094882965088,1.0018287897109985,1.1047717332839966,1.1725444793701172,1.4762297868728638,1.4536248445510864,1.7130509614944458,1.8829457759857178,2.147207021713257,2.282475233078003,2.1791799068450928,2.1453192234039307,1.8010956048965454,1.7965352535247803,1.5413023233413696,1.5674697160720825,1.4586883783340454,1.5610171556472778,1.619264006614685,1.9192771911621094,1.9198652505874634,2.157543659210205,2.3621087074279785,2.5972683429718018,2.7770466804504395,2.481398105621338,2.478334426879883,2.1424314975738525,2.2000973224639893,1.9515695571899414,2.039426803588867,1.9245851039886475,2.0483062267303467,2.0773420333862305,2.407383918762207,2.410090923309326,2.6434361934661865,2.8451943397521973,3.039679765701294,3.2976841926574707
A8,2.1473541259765625,1.8879411220550537,1.552675485610962,1.2985293865203857,0.9798755645751953,0.6569076776504517,0.3950559198856354,0.0,0.38976871967315674,0.7453374266624451,0.8533514738082886,1.220940351486206,1.4017175436019897,1.76219642162323,1.9740936756134033,2.174121856689453,2.024003028869629,1.6408138275146484,1.4530119895935059,1.120595097541809,0.9077269434928894,0.6568759083747864,0.5505014657974243,0.6504551768302917,1.0200430154800415,1.1213154792785645,1.4297689199447632,1.6589629650115967,1.9679089784622192,2.1691906452178955,2.326624870300293,2.2192225456237793,1.8385186195373535,1.7214066982269287,1.4041740894317627,1.273586392402649,1.0737237930297852,1.0279958248138428,1.0862818956375122,1.4203795194625854,1.4963592290878296,1.7427351474761963,1.9822388887405396,2.2419960498809814,2.435772657394409,2.509275436401367,2.451559066772461,2.0867111682891846,2.0403921604156494,1.742614984512329,1.686865210533142,1.5117826461791992,1.5144323110580444,1.5544172525405884,1.867302656173706,1.9381991624832153,2.157038450241089,2.41310977935791,2.6418464183807373,2.870190382003784,2.7658939361572266,2.7412033081054688,2.38301420211792,2.410656690597534,2.11953067779541,2.1491780281066895,1.974295973777771,2.0354278087615967,2.032169818878174,2.361271381378174,2.4110915660858154,2.608553886413574,2.8439230918884277,3.01269793510437,3.3014140129089355
A9,2.2891688346862793,2.076798677444458,1.7168796062469482,1.5280942916870117,1.1638939380645752,0.9214016199111938,0.556999921798706,0.38976871967315674,0.0,0.38947468996047974,0.5678406357765198,0.8879196643829346,1.1334267854690552,1.470196008682251,1.7298481464385986,2.265488862991333,2.1640806198120117,1.7733917236328125,1.6460386514663696,1.2802413702011108,1.1096477508544922,0.7777236104011536,0.7004174590110779,0.5532923340797424,0.8190939426422119,0.9069338440895081,1.1410998106002808,1.3944951295852661,1.6689867973327637,1.906527042388916,2.3738884925842285,2.3126845359802246,1.9312219619750977,1.868397831916809,1.5251795053482056,1.423105239868164,1.1573020219802856,1.135183572769165,1.0530613660812378,1.3040616512298584,1.3446216583251953,1.5162371397018433,1.7536946535110474,1.969995141029358,2.1812963485717773,2.5132081508636475,2.5010273456573486,2.1390492916107178,2.1437714099884033,1.8297784328460693,1.8069393634796143,1.5864512920379639,1.614912986755371,1.5593949556350708,1.8066507577896118,1.8375811576843262,1.9941270351409912,2.2345151901245117,2.4201772212982178,2.6514670848846436,2.7354211807250977,2.754399299621582,2.399242877960205,2.4754531383514404,2.1747286319732666,2.2410330772399902,2.0394184589385986,2.140261650085449,2.0711402893066406,2.3556931018829346,2.361992359161377,2.5202298164367676,2.7246482372283936,2.8550913333892822,3.129760265350342
A10,2.398585796356201,2.2187650203704834,1.8646025657653809,1.7274421453475952,1.353217363357544,1.1663272380828857,0.8113618493080139,0.7453374266624451,0.38947468996047974,0.0,0.3945893347263336,0.6222619414329529,0.9339299201965332,1.2461888790130615,1.5318926572799683,2.3037500381469727,2.229377031326294,1.8444653749465942,1.7574656009674072,1.3757394552230835,1.230068325996399,0.8667228817939758,0.8381727337837219,0.5152798295021057,0.5671120285987854,0.6205125451087952,0.7765876650810242,1.0631543397903442,1.3222365379333496,1.597003698348999,2.3349478244781494,2.300494432449341,1.9242132902145386,1.8987514972686768,1.5375239849090576,1.4534152746200562,1.1425175666809082,1.1579972505569458,0.9515928030014038,1.090243935585022,1.0796667337417603,1.1807485818862915,1.4131758213043213,1.6016324758529663,1.8311055898666382,2.403392791748047,2.420152425765991,2.06327748298645,2.1055502891540527,1.778989315032959,1.781917929649353,1.5272014141082764,1.590460181236267,1.448725700378418,1.6201198101043701,1.6010165214538574,1.7027398347854614,1.921226143836975,2.0751399993896484,2.3058571815490723,2.567939043045044,2.6170010566711426,2.266707181930542,2.3809337615966797,2.0734047889709473,2.170466423034668,1.9501336812973022,2.0937960147857666,1.9679359197616577,2.2032206058502197,2.1608102321624756,2.2885336875915527,2.4579834938049316,2.562267541885376,2.8188931941986084
A11,2.0866341590881348,1.9506691694259644,1.5876095294952393,1.516189694404602,1.1375203132629395,1.0613176822662354,0.7279555201530457,0.8533514738082886,0.5678406357765198,0.3945893347263336,0.0,0.3934747278690338,0.5867779850959778,0.942952573299408,1.1845898628234863,1.9814612865447998,1.952874779701233,1.5780129432678223,1.5610777139663696,1.1978759765625,1.1656460762023926,0.8645144104957581,1.0027291774749756,0.7562827467918396,0.7875806093215942,0.614692747592926,0.7517876625061035,0.9004011750221252,1.1538658142089844,1.356337547302246,2.0310890674591064,2.0422215461730957,1.6869072914123535,1.72679603099823,1.4022116661071777,1.420304775238037,1.1785143613815308,1.31586492061615,1.1519160270690918,1.274318814277649,1.1458783149719238,1.2513647079467773,1.381616234779358,1.5609122514724731,1.7122193574905396,2.1362767219543457,2.1949758529663086,1.8660306930541992,1.9635587930679321,1.6839336156845093,1.7702076435089111,1.5815578699111938,1.7318031787872314,1.6228188276290894,1.7891143560409546,1.6960207223892212,1.815048098564148,1.9679843187332153,2.120835542678833,2.2899999618530273,2.3523004055023193,2.4378607273101807,2.1152265071868896,2.2698912620544434,2.0093486309051514,2.167452812194824,2.008113384246826,2.2067432403564453,2.118962526321411,2.3594157695770264,2.2721173763275146,2.4367682933807373,2.5689592361450195,2.6978511810302734,2.9181153774261475
A12,2.2886643409729004,2.208038091659546,1.846474289894104,1.8329370021820068,1.462001085281372,1.4369115829467773,1.1086946725845337,1.220940351486206,0.8879196643829346,0.6222619414329529,0.3934747278690338,0.0,0.3777359127998352,0.6273002624511719,0.9421196579933167,2.1495590209960938,2.178515911102295,1.8274191617965698,1.8687317371368408,1.5232865810394287,1.5301424264907837,1.2369492053985596,1.3672199249267578,1.0677013397216797,0.9776040315628052,0.7612345218658447,0.6788552403450012,0.7632837295532227,0.897449254989624,1.1255096197128296,2.1648383140563965,2.2327017784118652,1.907612681388855,2.001861810684204,1.6936167478561401,1.7436273097991943,1.4952235221862793,1.6403552293777466,1.4139764308929443,1.441014289855957,1.2605080604553223,1.2449145317077637,1.314517617225647,1.4001530408859253,1.5378835201263428,2.2327637672424316,2.347074031829834,2.049255847930908,2.1978695392608643,1.9343280792236328,2.053147077560425,1.8553158044815063,2.022231340408325,1.857329249382019,1.9524348974227905,1.810092806816101,1.851650357246399,1.9544408321380615,2.040534257888794,2.1852643489837646,2.4165663719177246,2.555321455001831,2.2599472999572754,2.461886405944824,2.2173519134521484,2.4089949131011963,2.2468316555023193,2.4735634326934814,2.344985008239746,2.53716778755188,2.404710292816162,2.5297491550445557,2.6143453121185303,2.701155662536621,2.8880741596221924
A13,2.0353994369506836,2.0088419914245605,1.6599247455596924,1.7195311784744263,1.3787277936935425,1.4542460441589355,1.187146782875061,1.4017175436019897,1.1334267854690552,0.9339299201965332,0.5867779850959778,0.3777359127998352,0.0,0.3842625617980957,0.6023595333099365,1.8795689344406128,1.9617891311645508,1.6424137353897095,1.7561484575271606,1.4564820528030396,1.5580716133117676,1.336782455444336,1.5568100214004517,1.3121176958084106,1.2378170490264893,0.9311005473136902,0.8616323471069336,0.7701407670974731,0.864819347858429,0.9593129754066467,1.90460205078125,2.0238680839538574,1.7382181882858276,1.8959401845932007,1.641235113143921,1.77435302734375,1.5936274528503418,1.8135539293289185,1.6277751922607422,1.6554580926895142,1.4086757898330688,1.4110510349273682,1.3854985237121582,1.4620916843414307,1.5025173425674438,2.003941059112549,2.162595510482788,1.906823754310608,2.105426788330078,1.8978298902511597,2.082916021347046,1.9466534852981567,2.1725308895111084,2.0405588150024414,2.136476516723633,1.9457294940948486,2.0087928771972656,2.054356098175049,2.143690586090088,2.224456310272217,2.2345829010009766,2.408724069595337,2.1511828899383545,2.386228322982788,2.19388484954834,2.432544469833374,2.3269999027252197,2.59132719039917,2.498599052429199,2.69511342048645,2.5320727825164795,2.6900737285614014,2.7454371452331543,2.8579351902008057,3.0117433071136475
A14,2.2549142837524414,2.2817435264587402,1.9457708597183228,2.0485522747039795,1.7247275114059448,1.827141523361206,1.5605862140655518,1.76219642162323,1.470196008682251,1.2461888790130615,0.942952573299408,0.6273002624511719,0.3842625617980957,0.0,0.3820313513278961,2.0821597576141357,2.2179057598114014,1.9328947067260742,2.088939666748047,1.8125369548797607,1.9351104497909546,1.7177832126617432,1.9286459684371948,1.660076379776001,1.5409045219421387,1.2357826232910156,1.0607362985610962,0.9014604687690735,0.824385941028595,0.8684792518615723,2.087543487548828,2.2591395378112793,2.0137364864349365,2.210909605026245,1.97921884059906,2.1320996284484863,1.9522690773010254,2.172924757003784,1.958387851715088,1.9368298053741455,1.6671174764633179,1.591713786125183,1.5066640377044678,1.488702654838562,1.4834275245666504,2.1630263328552246,2.3717381954193115,2.1566176414489746,2.392519474029541,2.207855463027954,2.414853811264038,2.2791764736175537,2.513807773590088,2.3527779579162598,2.4044272899627686,2.182486057281494,2.190446615219116,2.1874279975891113,2.2166898250579834,2.258869171142578,2.370609998703003,2.592291831970215,2.371184825897217,2.6406288146972656,2.4713923931121826,2.7334444522857666,2.632944345474243,2.914588212966919,2.799605369567871,2.9626247882843018,2.767730951309204,2.897446393966675,2.9117209911346436,2.9913978576660156,3.109168529510498
A15,2.06530499458313,2.148289680480957,1.849988579750061,2.017648935317993,1.7423908710479736,1.9159424304962158,1.7114360332489014,1.9740936756134033,1.7298481464385986,1.5318926572799683,1.1845898628234863,0.9421196579933167,0.6023595333099365,0.3820313513278961,0.0,1.8623707294464111,2.049499034881592,1.8162002563476562,2.0333313941955566,1.8128445148468018,2.003045082092285,1.8485158681869507,2.117685556411743,1.8880497217178345,1.7747149467468262,1.4224861860275269,1.2774543762207031,1.0222638845443726,0.9328455924987793,0.805536150932312,1.8538258075714111,2.0760250091552734,1.886188268661499,2.136935234069824,1.9639050960540771,2.1790788173675537,2.0578622817993164,2.331643581390381,2.1482784748077393,2.12416934967041,1.8117401599884033,1.7590961456298828,1.6037766933441162,1.5890371799468994,1.489367961883545,1.9412627220153809,2.1928112506866455,2.0319511890411377,2.3095016479492188,2.1831696033477783,2.4416732788085938,2.360401153564453,2.640059471130371,2.505833864212036,2.5546913146972656,2.2963528633117676,2.3255615234375,2.27378511428833,2.3114094734191895,2.29262638092041,2.179170608520508,2.4335718154907227,2.259591579437256,2.555143356323242,2.4402148723602295,2.7388839721679688,2.690247058868408,3.0012924671173096,2.9170334339141846,3.0790889263153076,2.8591573238372803,3.017540454864502,3.005934476852417,3.111870050430298,3.1985321044921875
B1,0.4565425515174866,0.6374871134757996,0.7691392302513123,1.088295817375183,1.242914080619812,1.588045597076416,1.7891958951950073,2.174121856689453,2.265488862991333,2.3037500381469727,1.9814612865447998,2.1495590209960938,1.8795689344406128,2.0821597576141357,1.8623707294464111,0.0,0.38243821263313293,0.599531352519989,0.9556518793106079,1.1780147552490234,1.559180498123169,1.788635015487671,2.179792881011963,2.269726514816284,2.357379198074341,2.0543019771575928,2.2579307556152344,2.0645203590393066,2.278308868408203,2.085660934448242,0.5400916337966919,0.6785791516304016,0.7845032811164856,1.0702422857284546,1.2875856161117554,1.6617393493652344,1.8903924226760864,2.260930061340332,2.3723390102386475,2.516059160232544,2.2629201412200928,2.504211902618408,2.3878591060638428,2.6219494342803955,2.4773857593536377,1.0737650394439697,1.153512716293335,1.1675372123718262,1.3653945922851562,1.535292625427246,1.8640607595443726,2.0823652744293213,2.4227454662323,2.557159423828125,2.754150629043579,2.5590202808380127,2.83278226852417,2.813264846801758,3.0567383766174316,3.006422281265259,1.6236895322799683,1.6878092288970947,1.6223363876342773,1.764885425567627,1.8625062704086304,2.1391777992248535,2.3315043449401855,2.6109039783477783,2.7783102989196777,3.0489306449890137,2.913536310195923,3.2522056102752686,3.314805507659912,3.605247974395752,3.7186763286590576
B2,0.5599223375320435,0.48112621903419495,0.685998260974884,0.9002424478530884,1.1096528768539429,1.4065650701522827,1.6622976064682007,2.024003028869629,2.1640806198120117,2.229377031326294,1.952874779701233,2.178515911102295,1.9617891311645508,2.2179057598114014,2.049499034881592,0.38243821263313293,0.0,0.3909568786621094,0.6548901200294495,0.9558098912239075,1.3123862743377686,1.5960087776184082,1.9727059602737427,2.114013433456421,2.2314393520355225,1.9722466468811035,2.229081392288208,2.085383653640747,2.349273204803467,2.2034029960632324,0.6336550116539001,0.5285078287124634,0.5729970335960388,0.759594738483429,1.0290499925613403,1.3835872411727905,1.6589598655700684,2.015227794647217,2.175147771835327,2.3485541343688965,2.137357473373413,2.4244637489318848,2.3516080379486084,2.6282525062561035,2.5241034030914307,1.0964683294296265,1.0467495918273926,0.9986652731895447,1.1035552024841309,1.2801487445831299,1.5753322839736938,1.824770450592041,2.147240161895752,2.3248913288116455,2.550776481628418,2.394721269607544,2.7048518657684326,2.7212655544281006,2.9993762969970703,2.981813430786133,1.6081924438476562,1.5864455699920654,1.4754085540771484,1.5458742380142212,1.6279746294021606,1.8616960048675537,2.0656936168670654,2.3153650760650635,2.5169951915740967,2.808704376220703,2.7102057933807373,3.0655782222747803,3.1610257625579834,3.470891237258911,3.6100027561187744
B3,0.724522054195404,0.5342456102371216,0.48632127046585083,0.6334249377250671,0.7536123991012573,1.0412966012954712,1.2769414186477661,1.6408138275146484,1.7733917236328125,1.8444653749465942,1.5780129432678223,1.8274191617965698,1.6424137353897095,1.9328947067260742,1.8162002563476562,0.599531352519989,0.3909568786621094,0.0,0.37857338786125183,0.5882757306098938,0.9645058512687683,1.2218865156173706,1.603554368019104,1.7350910902023315,1.8678393363952637,1.620761752128601,1.8966214656829834,1.7907490730285645,2.078258514404297,1.9825143814086914,0.8043931722640991,0.699849545955658,0.48741304874420166,0.6277896165847778,0.7601986527442932,1.104385495185852,1.3348463773727417,1.6859749555587769,1.832406759262085,2.02508282661438,1.8294804096221924,2.1230502128601074,2.0886964797973633,2.374300479888916,2.31466007232666,1.1889418363571167,1.1446645259857178,0.9627620577812195,1.052224040031433,1.1074122190475464,1.3774513006210327,1.5672703981399536,1.8759444952011108,2.0337605476379395,2.2763729095458984,2.1381778717041016,2.4439706802368164,2.495556116104126,2.7724249362945557,2.794947862625122,1.6567741632461548,1.643757700920105,1.4473069906234741,1.527112364768982,1.5143976211547852,1.7348051071166992,1.8733561038970947,2.1162266731262207,2.2851357460021973,2.5910637378692627,2.504939556121826,2.8444230556488037,2.9611594676971436,3.2528600692749023,3.417771577835083
B4,1.0019553899765015,0.6869928240776062,0.630910336971283,0.5344461798667908,0.6730341911315918,0.8403434753417969,1.1377832889556885,1.4530119895935059,1.6460386514663696,1.7574656009674072,1.5610777139663696,1.8687317371368408,1.7561484575271606,2.088939666748047,2.0333313941955566,0.9556518793106079,0.6548901200294495,0.37857338786125183,0.0,0.38425227999687195,0.6835898756980896,1.0104292631149292,1.3569955825805664,1.5562392473220825,1.7366704940795898,1.5612432956695557,1.891660451889038,1.8569936752319336,2.1853301525115967,2.1491096019744873,1.1048986911773682,0.8901277184486389,0.6025556921958923,0.4889333248138428,0.5682966709136963,0.8301928639411926,1.1002416610717773,1.413429856300354,1.6217907667160034,1.8620948791503906,1.7334439754486084,2.0710866451263428,2.0997731685638428,2.420001268386841,2.41426682472229,1.4028958082199097,1.268171787261963,1.0126110315322876,0.9686900973320007,0.9566121697425842,1.137780785560608,1.3314460515975952,1.5963828563690186,1.803282380104065,2.0891268253326416,2.011047601699829,2.3485100269317627,2.451843500137329,2.7567059993743896,2.824431896209717,1.8003339767456055,1.7173329591751099,1.4660159349441528,1.4649163484573364,1.393354058265686,1.5391230583190918,1.6554524898529053,1.8473743200302124,2.0442183017730713,2.380343437194824,2.3462400436401367,2.692345380783081,2.8524045944213867,3.153332233428955,3.352168560028076
B5,1.2555946111679077,0.9797458052635193,0.769807755947113,0.6185811161994934,0.5110236406326294,0.5823730826377869,0.8064640164375305,1.120595097541809,1.2802413702011108,1.3757394552230835,1.1978759765625,1.5232865810394287,1.4564820528030396,1.8125369548797607,1.8128445148468018,1.1780147552490234,0.9558098912239075,0.5882757306098938,0.38425227999687195,0.0,0.3856903910636902,0.6458482146263123,1.0179170370101929,1.1823554039001465,1.3652180433273315,1.2002298831939697,1.5442485809326172,1.5517423152923584,1.8950382471084595,1.9112886190414429,1.2761645317077637,1.112483024597168,0.7432475090026855,0.6452869772911072,0.45676353573799133,0.6493403911590576,0.8079847693443298,1.1239039897918701,1.2897908687591553,1.5384138822555542,1.419324517250061,1.7520201206207275,1.8169331550598145,2.1362297534942627,2.1732707023620605,1.500482439994812,1.4027119874954224,1.0773729085922241,1.0551599264144897,0.9031161069869995,1.04671049118042,1.1328428983688354,1.3849809169769287,1.540307641029358,1.828011155128479,1.7578530311584473,2.075878620147705,2.207051992416382,2.4997076988220215,2.6017582416534424,1.841169834136963,1.7881182432174683,1.4832314252853394,1.51509428024292,1.3546974658966064,1.4962836503982544,1.5258312225341797,1.7216581106185913,1.8568538427352905,2.1915676593780518,2.155640125274658,2.4739255905151367,2.6434333324432373,2.9171698093414307,3.133233070373535
B6,1.6214909553527832,1.3149542808532715,1.1065969467163086,0.862139105796814,0.7056428790092468,0.5282081961631775,0.7136716246604919,0.9077269434928894,1.1096477508544922,1.230068325996399,1.1656460762023926,1.5301424264907837,1.5580716133117676,1.9351104497909546,2.003045082092285,1.559180498123169,1.3123862743377686,0.9645058512687683,0.6835898756980896,0.3856903910636902,0.0,0.37630316615104675,0.6804361343383789,0.9184734225273132,1.1533708572387695,1.0993329286575317,1.4848401546478271,1.5825520753860474,1.9502902030944824,2.0366458892822266,1.6190563440322876,1.4189419746398926,1.0392389297485352,0.8382744193077087,0.5393001437187195,0.45315155386924744,0.5300999879837036,0.7686976194381714,0.9914985299110413,1.2981197834014893,1.2729400396347046,1.635134220123291,1.7786082029342651,2.1182169914245605,2.2205138206481934,1.7713581323623657,1.6327242851257324,1.268073320388794,1.1625950336456299,0.9078748822212219,0.9032189249992371,0.9027418494224548,1.0734237432479858,1.2507933378219604,1.5826613903045654,1.5871471166610718,1.9180858135223389,2.110713005065918,2.4174110889434814,2.5737602710723877,2.0326528549194336,1.9409449100494385,1.5936092138290405,1.5721977949142456,1.331708550453186,1.3861653804779053,1.3372159004211426,1.4702998399734497,1.5931235551834106,1.9511586427688599,1.9692180156707764,2.2724413871765137,2.4861905574798584,2.7516024112701416,3.0043561458587646
B7,1.8692176342010498,1.5990465879440308,1.3270307779312134,1.1070449352264404,0.8327797651290894,0.585503876209259,0.5386640429496765,0.6568759083747864,0.7777236104011536,0.8667228817939758,0.8645144104957581,1.2369492053985596,1.336782455444336,1.7177832126617432,1.8485158681869507,1.788635015487671,1.5960087776184082,1.2218865156173706,1.0104292631149292,0.6458482146263123,0.37630316615104675,0.0,0.40013986825942993,0.5511419773101807,0.8085402846336365,0.8015204668045044,1.1912506818771362,1.353814959526062,1.7193188667297363,1.8663831949234009,1.8266324996948242,1.6766687631607056,1.2835462093353271,1.141522765159607,0.784490704536438,0.6497333645820618,0.46357035636901855,0.6248311996459961,0.7325413227081299,1.0489023923873901,1.0491032600402832,1.3818756341934204,1.5727791786193848,1.894113540649414,2.0446889400482178,1.936001181602478,1.8424564599990845,1.4631423950195312,1.4024664163589478,1.0891988277435303,1.0610830783843994,0.9207844734191895,1.0436612367630005,1.1152738332748413,1.4286080598831177,1.4422687292099,1.7271559238433838,1.9475880861282349,2.2260656356811523,2.4172165393829346,2.1526033878326416,2.0999715328216553,1.7349321842193604,1.755003809928894,1.466103434562683,1.5234789848327637,1.38748300075531,1.5194759368896484,1.5503430366516113,1.8849153518676758,1.8942261934280396,2.149854898452759,2.3650240898132324,2.5890986919403076,2.8548173904418945
B8,2.2335309982299805,1.9431748390197754,1.6707589626312256,1.4063812494277954,1.1386711597442627,0.8031626343727112,0.6908940076828003,0.5505014657974243,0.7004174590110779,0.8381727337837219,1.0027291774749756,1.3672199249267578,1.5568100214004517,1.9286459684371948,2.117685556411743,2.179792881011963,1.9727059602737427,1.603554368019104,1.3569955825805664,1.0179170370101929,0.6804361343383789,0.40013986825942993,0.0,0.3906680941581726,0.7504947781562805,0.9299595355987549,1.298651099205017,1.5496495962142944,1.9042445421218872,2.1126015186309814,2.220989942550659,2.053870916366577,1.6621582508087158,1.4792873859405518,1.1227881908416748,0.8770065307617188,0.6105039715766907,0.47827908396720886,0.5994938015937805,0.9822330474853516,1.1240190267562866,1.436891794204712,1.708249807357788,2.0201830863952637,2.232971429824829,2.307358503341675,2.1938953399658203,1.8061306476593018,1.7021788358688354,1.3591035604476929,1.2258992195129395,1.0012155771255493,0.9664092063903809,1.0200928449630737,1.36172616481781,1.4740806818008423,1.7368273735046387,2.0201146602630615,2.2909417152404785,2.536642551422119,2.4807236194610596,2.4065310955047607,2.0267815589904785,2.010627508163452,1.6816976070404053,1.6616079807281494,1.4508637189865112,1.4927414655685425,1.4841846227645874,1.822367548942566,1.8959814310073853,2.108859062194824,2.3675196170806885,2.5633270740509033,2.8658270835876465
B9,2.369332790374756,2.125065803527832,1.821134328842163,1.6157314777374268,1.2929823398590088,1.0188294649124146,0.777654767036438,0.6504551768302917,0.5532923340797424,0.5152798295021057,0.7562827467918396,1.0677013397216797,1.3121176958084106,1.660076379776001,1.8880497217178345,2.269726514816284,2.114013433456421,1.7350910902023315,1.5562392473220825,1.1823554039001465,0.9184734225273132,0.5511419773101807,0.3906680941581726,0.0,0.39649710059165955,0.6314073204994202,0.9554356336593628,1.2517861127853394,1.585312008857727,1.8362361192703247,2.2687783241271973,2.151982545852661,1.7597757577896118,1.6421900987625122,1.2616724967956543,1.0695050954818726,0.726114809513092,0.6507983803749084,0.4999975860118866,0.7799811363220215,0.893040657043457,1.136019229888916,1.4256117343902588,1.7040029764175415,1.9453120231628418,2.3093044757843018,2.2460379600524902,1.8615676164627075,1.819079041481018,1.4605658054351807,1.3755838871002197,1.095326542854309,1.0997120141983032,1.0075808763504028,1.260526418685913,1.3246097564697266,1.516477108001709,1.792565107345581,2.021862506866455,2.27872633934021,2.4437203407287598,2.418046712875366,2.0407490730285645,2.0823605060577393,1.7429300546646118,1.7699679136276245,1.5266408920288086,1.6205542087554932,1.5231425762176514,1.8026100397109985,1.821628451347351,1.986956000328064,2.2127726078033447,2.3660004138946533,2.657604455947876
B10,2.5232150554656982,2.314872980117798,2.019634962081909,1.8675296306610107,1.5408072471618652,1.3297373056411743,1.0822429656982422,1.0200430154800415,0.8190939426422119,0.5671120285987854,0.7875806093215942,0.9776040315628052,1.2378170490264893,1.5409045219421387,1.7747149467468262,2.357379198074341,2.2314393520355225,1.8678393363952637,1.7366704940795898,1.3652180433273315,1.1533708572387695,0.8085402846336365,0.7504947781562805,0.39649710059165955,0.0,0.39891719818115234,0.6414544582366943,0.9767664670944214,1.2960413694381714,1.5796738862991333,2.2763671875,2.1876347064971924,1.8106971979141235,1.736107587814331,1.3527518510818481,1.1933869123458862,0.8272866606712341,0.8135453462600708,0.4804282784461975,0.5235218405723572,0.581412136554718,0.7528453469276428,1.066423773765564,1.33109712600708,1.6021618843078613,2.2354605197906494,2.2010674476623535,1.8285279273986816,1.826897382736206,1.46235191822052,1.4085549116134644,1.092827558517456,1.1421397924423218,0.9236050844192505,1.05498206615448,1.0528075695037842,1.1772642135620117,1.4403797388076782,1.6428276300430298,1.9086625576019287,2.2963387966156006,2.300548553466797,1.9312794208526611,2.0138306617736816,1.6685351133346558,1.729494333267212,1.4633588790893555,1.6096630096435547,1.4356751441955566,1.6440181732177734,1.5999298095703125,1.7257146835327148,1.9122695922851562,2.0371718406677246,2.312831163406372
B11,2.2566733360290527,2.093400001525879,1.79901921749115,1.7140083312988281,1.3868955373764038,1.2729883193969727,1.0408551692962646,1.1213154792785645,0.9069338440895081,0.6205125451087952,0.614692747592926,0.7612345218658447,0.9311005473136902,1.2357826232910156,1.4224861860275269,2.0543019771575928,1.9722466468811035,1.620761752128601,1.5612432956695557,1.2002298831939697,1.0993329286575317,0.8015204668045044,0.9299595355987549,0.6314073204994202,0.39891719818115234,0.0,0.3961062729358673,0.6314224004745483,0.9866511225700378,1.2221261262893677,1.952818512916565,1.9104194641113281,1.5506004095077515,1.5499547719955444,1.1900403499603271,1.1474038362503052,0.8474361896514893,1.007015347480774,0.740803062915802,0.7286661863327026,0.5324695706367493,0.6856728196144104,0.8641393780708313,1.1322802305221558,1.3313440084457397,1.9119327068328857,1.92570161819458,1.5750768184661865,1.645087480545044,1.3195219039916992,1.3745604753494263,1.1307481527328491,1.3062849044799805,1.1199965476989746,1.2168220281600952,1.0854281187057495,1.2121738195419312,1.3774242401123047,1.5711854696273804,1.7656587362289429,1.9991575479507446,2.0508995056152344,1.7044215202331543,1.847987413406372,1.5477701425552368,1.6954536437988281,1.4990097284317017,1.7277835607528687,1.589790940284729,1.7875560522079468,1.6693049669265747,1.8317393064498901,1.9572361707687378,2.103137254714966,2.328019857406616
B12,2.4907681941986084,2.3748114109039307,2.073582172393799,2.0347635746002197,1.6983226537704468,1.6225608587265015,1.357257604598999,1.4297689199447632,1.1410998106002808,0.7765876650810242,0.7517876625061035,0.6788552403450012,0.8616323471069336,1.0607362985610962,1.2774543762207031,2.2579307556152344,2.229081392288208,1.8966214656829834,1.891660451889038,1.5442485809326172,1.4848401546478271,1.1912506818771362,1.298651099205017,0.9554356336593628,0.6414544582366943,0.3961062729358673,0.0,0.3831404447555542,0.6562904715538025,0.9683223962783813,2.121080160140991,2.1342124938964844,1.8065719604492188,1.8607643842697144,1.52492356300354,1.5174697637557983,1.2266656160354614,1.3700226545333862,1.052592396736145,0.9147374629974365,0.6677857041358948,0.5691140294075012,0.675022304058075,0.8322244882583618,1.0598777532577515,2.0336124897003174,2.1045353412628174,1.7908275127410889,1.9138416051864624,1.6131073236465454,1.6987535953521729,1.45162832736969,1.6273279190063477,1.3782191276550293,1.3719338178634644,1.180983543395996,1.1801073551177979,1.2807447910308838,1.3845188617706299,1.5652990341186523,2.07114577293396,2.180156707763672,1.866964340209961,2.0610971450805664,1.78231680393219,1.9608386754989624,1.7606760263442993,2.0100417137145996,1.8204444646835327,1.9480853080749512,1.7758903503417969,1.8758256435394287,1.9397187232971191,2.026357412338257,2.2140274047851562
B13,2.340599536895752,2.2772610187530518,1.9983071088790894,2.0273168087005615,1.7178707122802734,1.7261650562286377,1.5018244981765747,1.6589629650115967,1.3944951295852661,1.0631543397903442,0.9004011750221252,0.7632837295532227,0.7701407670974731,0.9014604687690735,1.0222638845443726,2.0645203590393066,2.085383653640747,1.7907490730285645,1.8569936752319336,1.5517423152923584,1.5825520753860474,1.353814959526062,1.5496495962142944,1.2517861127853394,0.9767664670944214,0.6314224004745483,0.3831404447555542,0.0,0.37976863980293274,0.6033754348754883,1.8881514072418213,1.9552677869796753,1.6723271608352661,1.7986445426940918,1.515061855316162,1.598175287246704,1.3778852224349976,1.605013132095337,1.3297823667526245,1.184591293334961,0.8463727235794067,0.7397864460945129,0.6208086013793945,0.7265370488166809,0.812974214553833,1.7780400514602661,1.9056543111801147,1.6397912502288818,1.8310309648513794,1.5896530151367188,1.7574388980865479,1.5773382186889648,1.8249691724777222,1.6040669679641724,1.5765905380249023,1.3079545497894287,1.3073694705963135,1.2985361814498901,1.3808048963546753,1.463338017463684,1.8191399574279785,1.98356032371521,1.7149527072906494,1.965532898902893,1.7461152076721191,1.9902503490447998,1.854171872138977,2.155874013900757,1.9961048364639282,2.1085424423217773,1.8830690383911133,2.008833408355713,2.015200614929199,2.1196515560150146,2.2505130767822266
