0.000000000000000000e+00,3.955008387565612793e-01,6.204455494880676270e-01,9.767506122589111328e-01,1.192528486251831055e+00,1.442580461502075195e+00,1.787699580192565918e+00,2.003266334533691406e+00,2.321255922317504883e+00,2.599571466445922852e+00,2.935083627700805664e+00,3.158358812332153320e+00,3.484639167785644531e+00,3.763502836227416992e+00,3.741973638534545898e+00,1.766062736511230469e+00,1.842165112495422363e+00,1.671133041381835938e+00,1.909163832664489746e+00,1.996270775794982910e+00,1.945323228836059570e+00,2.305251598358154297e+00,2.369601249694824219e+00,2.620359897613525391e+00,2.846597194671630859e+00,3.158941984176635742e+00,3.387434959411621094e+00,3.602532863616943359e+00,3.934789896011352539e+00,3.897779941558837891e+00,2.552681684494018555e+00,2.619226217269897461e+00,2.430456399917602539e+00,2.607026815414428711e+00,2.639564514160156250e+00,2.552341222763061523e+00,2.872769117355346680e+00,2.916987180709838867e+00,3.097211360931396484e+00,3.309515237808227539e+00,3.538988113403320312e+00,3.781244039535522461e+00,3.880377054214477539e+00,4.230287551879882812e+00,4.162732124328613281e+00,3.256919622421264648e+00,3.306327819824218750e+00,3.093563079833984375e+00,3.233036279678344727e+00,3.265911817550659180e+00,3.135131120681762695e+00,3.425325870513916016e+00,3.470183134078979492e+00,3.607154369354248047e+00,3.798531293869018555e+00,3.963726997375488281e+00,4.212267398834228516e+00,4.227822780609130859e+00,4.563595294952392578e+00,4.459426879882812500e+00,4.012349128723144531e+00,4.054235935211181641e+00,3.796408891677856445e+00,3.918800830841064453e+00,3.977974653244018555e+00,3.819822788238525391e+00,4.118853569030761719e+00,4.138361930847167969e+00,4.329885959625244141e+00,4.503693580627441406e+00,4.673873424530029297e+00,4.921878337860107422e+00,4.848408699035644531e+00,5.063003540039062500e+00,4.866611957550048828e+00
3.955008387565612793e-01,0.000000000000000000e+00,3.926026225090026855e-01,6.437744498252868652e-01,9.220533967018127441e-01,1.185045719146728516e+00,1.490448713302612305e+00,1.747796535491943359e+00,2.055056333541870117e+00,2.335116386413574219e+00,2.663926601409912109e+00,2.871174573898315430e+00,3.212863445281982422e+00,3.473024129867553711e+00,3.459284782409667969e+00,1.483091592788696289e+00,1.526907801628112793e+00,1.314488053321838379e+00,1.529166817665100098e+00,1.604303240776062012e+00,1.551725625991821289e+00,1.915531992912292480e+00,1.990780711174011230e+00,2.254028797149658203e+00,2.490785121917724609e+00,2.814990758895874023e+00,3.042116880416870117e+00,3.277026653289794922e+00,3.601619005203247070e+00,3.572581768035888672e+00,2.258108377456665039e+00,2.301494598388671875e+00,2.084430932998657227e+00,2.240309953689575195e+00,2.257013797760009766e+00,2.159530162811279297e+00,2.477767229080200195e+00,2.523123502731323242e+00,2.707688093185424805e+00,2.926225185394287109e+00,3.165092706680297852e+00,3.409016370773315430e+00,3.523752450942993164e+00,3.872169256210327148e+00,3.811083078384399414e+00,2.952316045761108398e+00,2.982945680618286133e+00,2.749642372131347656e+00,2.872004270553588867e+00,2.889656782150268555e+00,2.748334169387817383e+00,3.033590793609619141e+00,3.075248003005981445e+00,3.212258100509643555e+00,3.405760526657104492e+00,3.576163291931152344e+00,3.826490640640258789e+00,3.852167129516601562e+00,4.189482688903808594e+00,4.089570999145507812e+00,3.695877790451049805e+00,3.722148895263671875e+00,3.451302289962768555e+00,3.560142040252685547e+00,3.605439901351928711e+00,3.438491106033325195e+00,3.732125997543334961e+00,3.745896339416503906e+00,3.935811758041381836e+00,4.108193397521972656e+00,4.279509067535400391e+00,4.528111934661865234e+00,4.458880424499511719e+00,4.676548480987548828e+00,4.483226776123046875e+00
6.204455494880676270e-01,3.926026225090026855e-01,0.000000000000000000e+00,3.928364515304565430e-01,6.003590226173400879e-01,8.266062140464782715e-01,1.167444586753845215e+00,1.393993258476257324e+00,1.705607652664184570e+00,1.987732172012329102e+00,2.318972587585449219e+00,2.543080568313598633e+00,2.871409893035888672e+00,3.149375677108764648e+00,3.141244173049926758e+00,1.600077509880065918e+00,1.675801873207092285e+00,1.432209730148315430e+00,1.599585413932800293e+00,1.577687621116638184e+00,1.475870370864868164e+00,1.803294301033020020e+00,1.813025355339050293e+00,2.045906543731689453e+00,2.249536991119384766e+00,2.553550720214843750e+00,2.779644966125488281e+00,2.985280275344848633e+00,3.321490526199340820e+00,3.290944099426269531e+00,2.368399143218994141e+00,2.427011728286743164e+00,2.187727451324462891e+00,2.320634365081787109e+00,2.270508050918579102e+00,2.147488594055175781e+00,2.432714700698852539e+00,2.421557664871215820e+00,2.579658985137939453e+00,2.758154153823852539e+00,2.969785928726196289e+00,3.201874494552612305e+00,3.280607938766479492e+00,3.631659269332885742e+00,3.564949035644531250e+00,3.046299695968627930e+00,3.086256504058837891e+00,2.838737726211547852e+00,2.948418855667114258e+00,2.914479970932006836e+00,2.758638143539428711e+00,3.020092725753784180e+00,3.013919830322265625e+00,3.133165121078491211e+00,3.287077426910400391e+00,3.433331727981567383e+00,3.664589643478393555e+00,3.654213428497314453e+00,3.985394239425659180e+00,3.879184007644653320e+00,3.771579980850219727e+00,3.803224802017211914e+00,3.529013156890869141e+00,3.631102800369262695e+00,3.635862350463867188e+00,3.460972309112548828e+00,3.738473892211914062e+00,3.711786270141601562e+00,3.895351409912109375e+00,4.032663822174072266e+00,4.188272476196289062e+00,4.414492607116699219e+00,4.315052986145019531e+00,4.514162063598632812e+00,4.312574386596679688e+00
9.767506122589111328e-01,6.437744498252868652e-01,3.928364515304565430e-01,0.000000000000000000e+00,3.934679627418518066e-01,5.881751775741577148e-01,8.511939048767089844e-01,1.138309955596923828e+00,1.426775455474853516e+00,1.711054086685180664e+00,2.030128479003906250e+00,2.237311363220214844e+00,2.581467390060424805e+00,2.839499711990356445e+00,2.843958139419555664e+00,1.460162639617919922e+00,1.500054717063903809e+00,1.210928916931152344e+00,1.313471436500549316e+00,1.233786821365356445e+00,1.105150818824768066e+00,1.419183611869812012e+00,1.420347332954406738e+00,1.660634160041809082e+00,1.870789170265197754e+00,2.185908794403076172e+00,2.411976337432861328e+00,2.636568307876586914e+00,2.966849565505981445e+00,2.947378873825073242e+00,2.174197196960449219e+00,2.206968069076538086e+00,1.934860944747924805e+00,2.030267000198364258e+00,1.940631151199340820e+00,1.795412063598632812e+00,2.062891721725463867e+00,2.035740375518798828e+00,2.189797401428222656e+00,2.365552425384521484e+00,2.581563949584960938e+00,2.814343929290771484e+00,2.904023647308349609e+00,3.255120277404785156e+00,3.196239471435546875e+00,2.820423364639282227e+00,2.839638471603393555e+00,2.568789720535278320e+00,2.652256250381469727e+00,2.587193489074707031e+00,2.414644002914428711e+00,2.660330295562744141e+00,2.637414216995239258e+00,2.750241279602050781e+00,2.896475076675415039e+00,3.042149305343627930e+00,3.271924734115600586e+00,3.265255451202392578e+00,3.597971916198730469e+00,3.496410131454467773e+00,3.518443584442138672e+00,3.532708406448364258e+00,3.245355129241943359e+00,3.328546285629272461e+00,3.307987689971923828e+00,3.121139764785766602e+00,3.386076211929321289e+00,3.343174695968627930e+00,3.521759271621704102e+00,3.649094343185424805e+00,3.801460742950439453e+00,4.023787021636962891e+00,3.922399282455444336e+00,4.121808052062988281e+00,3.922696590423583984e+00
1.192528486251831055e+00,9.220533967018127441e-01,6.003590226173400879e-01,3.934679627418518066e-01,0.000000000000000000e+00,3.894045948982238770e-01,6.648211479187011719e-01,8.513431549072265625e-01,1.201727032661437988e+00,1.437493443489074707e+00,1.790003895759582520e+00,1.978555321693420410e+00,2.315521478652954102e+00,2.578983068466186523e+00,2.551484823226928711e+00,1.503191709518432617e+00,1.620274186134338379e+00,1.377433419227600098e+00,1.489212274551391602e+00,1.325063347816467285e+00,1.233302474021911621e+00,1.497584581375122070e+00,1.398780345916748047e+00,1.634708762168884277e+00,1.768195152282714844e+00,2.073564767837524414e+00,2.257162094116210938e+00,2.448694705963134766e+00,2.773118972778320312e+00,2.716564416885375977e+00,2.197307586669921875e+00,2.281018495559692383e+00,2.032491683959960938e+00,2.147232055664062500e+00,2.005954027175903320e+00,1.894143342971801758e+00,2.142606735229492188e+00,2.051267862319946289e+00,2.211945056915283203e+00,2.327826976776123047e+00,2.534181356430053711e+00,2.722697257995605469e+00,2.776412725448608398e+00,3.112678289413452148e+00,3.017093181610107422e+00,2.823647022247314453e+00,2.881593227386474609e+00,2.629744291305541992e+00,2.734982490539550781e+00,2.633630275726318359e+00,2.490032434463500977e+00,2.731962680816650391e+00,2.663465738296508789e+00,2.790778398513793945e+00,2.891616821289062500e+00,3.036129474639892578e+00,3.224541902542114258e+00,3.185630321502685547e+00,3.495510816574096680e+00,3.361317157745361328e+00,3.506166934967041016e+00,3.550844669342041016e+00,3.284767150878906250e+00,3.389388799667358398e+00,3.343400001525878906e+00,3.180631160736083984e+00,3.446772098541259766e+00,3.372176885604858398e+00,3.568492650985717773e+00,3.662534952163696289e+00,3.820788145065307617e+00,4.009753704071044922e+00,3.888945341110229492e+00,4.054763317108154297e+00,3.828855991363525391e+00
1.442580461502075195e+00,1.185045719146728516e+00,8.266062140464782715e-01,5.881751775741577148e-01,3.894045948982238770e-01,0.000000000000000000e+00,3.866172730922698975e-01,5.862744450569152832e-01,8.795747160911560059e-01,1.170085549354553223e+00,1.493085384368896484e+00,1.732508182525634766e+00,2.051593303680419922e+00,2.341243267059326172e+00,2.359329223632812500e+00,1.824673533439636230e+00,1.901234507560729980e+00,1.616858959197998047e+00,1.645283222198486328e+00,1.429417848587036133e+00,1.241773009300231934e+00,1.427367925643920898e+00,1.285841584205627441e+00,1.437721490859985352e+00,1.557743191719055176e+00,1.820084810256958008e+00,2.035887956619262695e+00,2.199098110198974609e+00,2.547946691513061523e+00,2.526319980621337891e+00,2.468001127243041992e+00,2.520596504211425781e+00,2.238732337951660156e+00,2.295420408248901367e+00,2.110539913177490234e+00,1.938659906387329102e+00,2.126567363739013672e+00,1.997717142105102539e+00,2.093549251556396484e+00,2.181217670440673828e+00,2.337641477584838867e+00,2.538686037063598633e+00,2.557519197463989258e+00,2.907555818557739258e+00,2.838286399841308594e+00,3.057247638702392578e+00,3.089582920074462891e+00,2.811156034469604492e+00,2.872595548629760742e+00,2.731095075607299805e+00,2.545956373214721680e+00,2.740105628967285156e+00,2.636333942413330078e+00,2.714664936065673828e+00,2.783843994140625000e+00,2.882707357406616211e+00,3.070194721221923828e+00,2.997694253921508789e+00,3.312764167785644531e+00,3.200195550918579102e+00,3.703660488128662109e+00,3.725705623626708984e+00,3.442561864852905273e+00,3.513414859771728516e+00,3.430712223052978516e+00,3.238597631454467773e+00,3.469295740127563477e+00,3.361204147338867188e+00,3.525207281112670898e+00,3.589827537536621094e+00,3.713193416595458984e+00,3.891900300979614258e+00,3.740303754806518555e+00,3.903213977813720703e+00,3.691523313522338867e+00
1.787699580192565918e+00,1.490448713302612305e+00,1.167444586753845215e+00,8.511939048767089844e-01,6.648211479187011719e-01,3.866172730922698975e-01,0.000000000000000000e+00,3.823570013046264648e-01,5.915002822875976562e-01,8.775565624237060547e-01,1.180538773536682129e+00,1.397974371910095215e+00,1.736016511917114258e+00,2.003575563430786133e+00,2.039520740509033203e+00,1.866619944572448730e+00,1.917083859443664551e+00,1.626467585563659668e+00,1.582216143608093262e+00,1.293873429298400879e+00,1.086045742034912109e+00,1.180420637130737305e+00,9.692573547363281250e-01,1.090491414070129395e+00,1.176752924919128418e+00,1.440665721893310547e+00,1.650108575820922852e+00,1.824299812316894531e+00,2.170313358306884766e+00,2.160065650939941406e+00,2.413517713546752930e+00,2.445960998535156250e+00,2.148394107818603516e+00,2.160793304443359375e+00,1.923129558563232422e+00,1.733741044998168945e+00,1.870594263076782227e+00,1.695354223251342773e+00,1.768471598625183105e+00,1.821882128715515137e+00,1.967531204223632812e+00,2.157054901123046875e+00,2.171601057052612305e+00,2.521085262298583984e+00,2.456402063369750977e+00,2.942777633666992188e+00,2.958571195602416992e+00,2.666613578796386719e+00,2.698278665542602539e+00,2.513806343078613281e+00,2.316858768463134766e+00,2.477690458297729492e+00,2.337413549423217773e+00,2.400994062423706055e+00,2.439987897872924805e+00,2.527860403060913086e+00,2.700212240219116211e+00,2.616878032684326172e+00,2.928358793258666992e+00,2.816483974456787109e+00,3.540032386779785156e+00,3.547631740570068359e+00,3.259187936782836914e+00,3.309530735015869141e+00,3.191540718078613281e+00,2.991710424423217773e+00,3.199562549591064453e+00,3.062320470809936523e+00,3.217893838882446289e+00,3.257611513137817383e+00,3.372297763824462891e+00,3.535638570785522461e+00,3.372737169265747070e+00,3.526707410812377930e+00,3.313795566558837891e+00
2.003266334533691406e+00,1.747796535491943359e+00,1.393993258476257324e+00,1.138309955596923828e+00,8.513431549072265625e-01,5.862744450569152832e-01,3.823570013046264648e-01,0.000000000000000000e+00,3.995805382728576660e-01,5.969918966293334961e-01,9.527603983879089355e-01,1.171754837036132812e+00,1.482355594635009766e+00,1.777054429054260254e+00,1.786364316940307617e+00,2.083091974258422852e+00,2.184416770935058594e+00,1.930153489112854004e+00,1.907617568969726562e+00,1.594987750053405762e+00,1.426641464233398438e+00,1.479458451271057129e+00,1.201869964599609375e+00,1.275310635566711426e+00,1.248404502868652344e+00,1.454621434211730957e+00,1.607864260673522949e+00,1.710911870002746582e+00,2.053780317306518555e+00,2.006213426589965820e+00,2.611387252807617188e+00,2.682569503784179688e+00,2.410759210586547852e+00,2.439785480499267578e+00,2.175676345825195312e+00,2.017117977142333984e+00,2.129744291305541992e+00,1.905080318450927734e+00,1.966653108596801758e+00,1.948765277862548828e+00,2.059522390365600586e+00,2.194345712661743164e+00,2.149142742156982422e+00,2.476708412170410156e+00,2.376238822937011719e+00,3.116945981979370117e+00,3.164368152618408203e+00,2.893463134765625000e+00,2.941388845443725586e+00,2.732376575469970703e+00,2.561647415161132812e+00,2.710649251937866211e+00,2.531455278396606445e+00,2.597144126892089844e+00,2.585277795791625977e+00,2.656914949417114258e+00,2.781223297119140625e+00,2.653079748153686523e+00,2.933244466781616211e+00,2.792458057403564453e+00,3.691912174224853516e+00,3.725229740142822266e+00,3.458488941192626953e+00,3.524465799331665039e+00,3.385448455810546875e+00,3.207166194915771484e+00,3.408404827117919922e+00,3.241964101791381836e+00,3.404784679412841797e+00,3.407854557037353516e+00,3.518057584762573242e+00,3.643975496292114258e+00,3.455833673477172852e+00,3.571284055709838867e+00,3.336799383163452148e+00
2.321255922317504883e+00,2.055056333541870117e+00,1.705607652664184570e+00,1.426775455474853516e+00,1.201727032661437988e+00,8.795747160911560059e-01,5.915002822875976562e-01,3.995805382728576660e-01,0.000000000000000000e+00,3.760104179382324219e-01,6.193369626998901367e-01,9.113205075263977051e-01,1.199356913566589355e+00,1.511065840721130371e+00,1.594799876213073730e+00,2.379474639892578125e+00,2.439645767211914062e+00,2.161960363388061523e+00,2.073441743850708008e+00,1.736822366714477539e+00,1.514963984489440918e+00,1.470200657844543457e+00,1.164716243743896484e+00,1.112440705299377441e+00,1.034289360046386719e+00,1.156113743782043457e+00,1.338465332984924316e+00,1.403682827949523926e+00,1.770838499069213867e+00,1.776756763458251953e+00,2.847730159759521484e+00,2.883965253829956055e+00,2.589464426040649414e+00,2.563029289245605469e+00,2.267651557922363281e+00,2.064458131790161133e+00,2.104821443557739258e+00,1.846915841102600098e+00,1.832316160202026367e+00,1.770138740539550781e+00,1.814124345779418945e+00,1.952074170112609863e+00,1.865557193756103516e+00,2.202769041061401367e+00,2.138983249664306641e+00,3.304353952407836914e+00,3.321703672409057617e+00,3.030584812164306641e+00,3.032981634140014648e+00,2.789118528366088867e+00,2.584715127944946289e+00,2.677457571029663086e+00,2.464065313339233398e+00,2.476080894470214844e+00,2.424146652221679688e+00,2.443474054336547852e+00,2.558446645736694336e+00,2.394474506378173828e+00,2.674687385559082031e+00,2.561856508255004883e+00,3.830039501190185547e+00,3.836333513259887695e+00,3.556367397308349609e+00,3.585391044616699219e+00,3.410707235336303711e+00,3.207302808761596680e+00,3.366073846817016602e+00,3.166692018508911133e+00,3.292717695236206055e+00,3.262009859085083008e+00,3.334084033966064453e+00,3.444465398788452148e+00,3.226399421691894531e+00,3.336174488067626953e+00,3.120651006698608398e+00
2.599571466445922852e+00,2.335116386413574219e+00,1.987732172012329102e+00,1.711054086685180664e+00,1.437493443489074707e+00,1.170085549354553223e+00,8.775565624237060547e-01,5.969918966293334961e-01,3.760104179382324219e-01,0.000000000000000000e+00,3.899973332881927490e-01,5.939783453941345215e-01,8.854992389678955078e-01,1.192470192909240723e+00,1.237273097038269043e+00,2.495472908020019531e+00,2.584888696670532227e+00,2.344207525253295898e+00,2.260531902313232422e+00,1.896691322326660156e+00,1.729385972023010254e+00,1.650111556053161621e+00,1.298274517059326172e+00,1.240977644920349121e+00,1.047084927558898926e+00,1.121091127395629883e+00,1.195586919784545898e+00,1.199049592018127441e+00,1.537469148635864258e+00,1.489829897880554199e+00,2.900668382644653320e+00,2.962401390075683594e+00,2.693647623062133789e+00,2.674504280090332031e+00,2.351207256317138672e+00,2.188755750656127930e+00,2.205640077590942383e+00,1.904569029808044434e+00,1.897864103317260742e+00,1.765308737754821777e+00,1.794219017028808594e+00,1.856064796447753906e+00,1.725699424743652344e+00,2.024343967437744141e+00,1.911936640739440918e+00,3.307175397872924805e+00,3.347146034240722656e+00,3.077606678009033203e+00,3.090379714965820312e+00,2.820077896118164062e+00,2.649384975433349609e+00,2.730361938476562500e+00,2.481018066406250000e+00,2.507797718048095703e+00,2.407308340072631836e+00,2.427488327026367188e+00,2.484690666198730469e+00,2.290351867675781250e+00,2.529701709747314453e+00,2.378002166748046875e+00,3.789889574050903320e+00,3.815694570541381836e+00,3.559201478958129883e+00,3.600349426269531250e+00,3.402640104293823242e+00,3.226495504379272461e+00,3.378185510635375977e+00,3.152266979217529297e+00,3.292074441909790039e+00,3.226967334747314453e+00,3.305366039276123047e+00,3.375481128692626953e+00,3.144256591796875000e+00,3.212106227874755859e+00,2.969786405563354492e+00
2.935083627700805664e+00,2.663926601409912109e+00,2.318972587585449219e+00,2.030128479003906250e+00,1.790003895759582520e+00,1.493085384368896484e+00,1.180538773536682129e+00,9.527603983879089355e-01,6.193369626998901367e-01,3.899973332881927490e-01,0.000000000000000000e+00,3.887556195259094238e-01,5.947179198265075684e-01,9.248737096786499023e-01,1.076335430145263672e+00,2.816312551498413086e+00,2.876451492309570312e+00,2.623052597045898438e+00,2.494308233261108398e+00,2.121428251266479492e+00,1.925461530685424805e+00,1.774972200393676758e+00,1.422719955444335938e+00,1.261108636856079102e+00,1.007580876350402832e+00,9.415735006332397461e-01,1.004035592079162598e+00,9.157354831695556641e-01,1.270802378654479980e+00,1.284857034683227539e+00,3.170936346054077148e+00,3.205961704254150391e+00,2.924859523773193359e+00,2.862716197967529297e+00,2.519294738769531250e+00,2.329000949859619141e+00,2.281196594238281250e+00,1.957042217254638672e+00,1.879364609718322754e+00,1.692819476127624512e+00,1.640203833580017090e+00,1.681044459342956543e+00,1.487663626670837402e+00,1.778873443603515625e+00,1.702532768249511719e+00,3.529874801635742188e+00,3.545967102050781250e+00,3.265050411224365234e+00,3.240029335021972656e+00,2.941909074783325195e+00,2.749335050582885742e+00,2.776086330413818359e+00,2.496076345443725586e+00,2.472146034240722656e+00,2.324396371841430664e+00,2.287894964218139648e+00,2.319660663604736328e+00,2.080123662948608398e+00,2.304033994674682617e+00,2.178688049316406250e+00,3.960943222045898438e+00,3.964553356170654297e+00,3.701918363571166992e+00,3.710981130599975586e+00,3.481029510498046875e+00,3.288132190704345703e+00,3.396583318710327148e+00,3.138908147811889648e+00,3.242244243621826172e+00,3.138077259063720703e+00,3.176850318908691406e+00,3.221525669097900391e+00,2.958068132400512695e+00,3.009449005126953125e+00,2.785630464553833008e+00
3.158358812332153320e+00,2.871174573898315430e+00,2.543080568313598633e+00,2.237311363220214844e+00,1.978555321693420410e+00,1.732508182525634766e+00,1.397974371910095215e+00,1.171754837036132812e+00,9.113205075263977051e-01,5.939783453941345215e-01,3.887556195259094238e-01,0.000000000000000000e+00,3.846840560436248779e-01,6.089159846305847168e-01,7.150347232818603516e-01,2.829307794570922852e+00,2.900264501571655273e+00,2.682824373245239258e+00,2.550016641616821289e+00,2.160296916961669922e+00,2.021423578262329102e+00,1.843428969383239746e+00,1.470479369163513184e+00,1.331964731216430664e+00,1.001042485237121582e+00,9.213754534721374512e-01,8.258796930313110352e-01,6.975497007369995117e-01,9.889976382255554199e-01,9.284716844558715820e-01,3.098831653594970703e+00,3.145829677581787109e+00,2.890231847763061523e+00,2.828061580657958984e+00,2.464212179183959961e+00,2.317387104034423828e+00,2.248032331466674805e+00,1.894702196121215820e+00,1.837640047073364258e+00,1.593681931495666504e+00,1.548774838447570801e+00,1.502533078193664551e+00,1.290658950805664062e+00,1.530669689178466797e+00,1.392660498619079590e+00,3.393570184707641602e+00,3.421841621398925781e+00,3.162088155746459961e+00,3.141357898712158203e+00,2.821583271026611328e+00,2.664875984191894531e+00,2.680202245712280273e+00,2.373101711273193359e+00,2.371747016906738281e+00,2.185028791427612305e+00,2.165819883346557617e+00,2.139834880828857422e+00,1.889878869056701660e+00,2.070787906646728516e+00,1.898645997047424316e+00,3.770380735397338867e+00,3.785471439361572266e+00,3.545372486114501953e+00,3.561824560165405273e+00,3.311980009078979492e+00,3.147670507431030273e+00,3.249133348464965820e+00,2.972019910812377930e+00,3.092589855194091797e+00,2.962037801742553711e+00,3.016822338104248047e+00,3.026143074035644531e+00,2.763766527175903320e+00,2.777739286422729492e+00,2.523921012878417969e+00
3.484639167785644531e+00,3.212863445281982422e+00,2.871409893035888672e+00,2.581467390060424805e+00,2.315521478652954102e+00,2.051593303680419922e+00,1.736016511917114258e+00,1.482355594635009766e+00,1.199356913566589355e+00,8.854992389678955078e-01,5.947179198265075684e-01,3.846840560436248779e-01,0.000000000000000000e+00,3.885368704795837402e-01,5.950254797935485840e-01,3.207197666168212891e+00,3.283959150314331055e+00,3.067190647125244141e+00,2.930877685546875000e+00,2.541186332702636719e+00,2.392460107803344727e+00,2.199120759963989258e+00,1.832567811012268066e+00,1.655557870864868164e+00,1.316086292266845703e+00,1.145906686782836914e+00,1.015406727790832520e+00,7.395231723785400391e-01,9.608614444732666016e-01,9.133090972900390625e-01,3.466455698013305664e+00,3.516939640045166016e+00,3.265718936920166016e+00,3.195860862731933594e+00,2.826484918594360352e+00,2.676345825195312500e+00,2.581084728240966797e+00,2.220567703247070312e+00,2.128319978713989258e+00,1.850249886512756348e+00,1.741436958312988281e+00,1.652217030525207520e+00,1.365647792816162109e+00,1.546155691146850586e+00,1.413575053215026855e+00,3.737565755844116211e+00,3.768494606018066406e+00,3.514713048934936523e+00,3.485360383987426758e+00,3.153348684310913086e+00,2.997524738311767578e+00,2.985162019729614258e+00,2.660399913787841797e+00,2.631872177124023438e+00,2.406258583068847656e+00,2.343095302581787109e+00,2.274871826171875000e+00,1.976739168167114258e+00,2.107851743698120117e+00,1.942587852478027344e+00,4.080837249755859375e+00,4.097360610961914062e+00,3.866726160049438477e+00,3.874790668487548828e+00,3.606421709060668945e+00,3.445107221603393555e+00,3.520075559616088867e+00,3.220630645751953125e+00,3.319654941558837891e+00,3.152118444442749023e+00,3.176655292510986328e+00,3.148024320602416992e+00,2.855728864669799805e+00,2.830775499343872070e+00,2.585054874420166016e+00
3.763502836227416992e+00,3.473024129867553711e+00,3.149375677108764648e+00,2.839499711990356445e+00,2.578983068466186523e+00,2.341243267059326172e+00,2.003575563430786133e+00,1.777054429054260254e+00,1.511065840721130371e+00,1.192470192909240723e+00,9.248737096786499023e-01,6.089159846305847168e-01,3.885368704795837402e-01,0.000000000000000000e+00,3.837637901306152344e-01,3.320409774780273438e+00,3.388470172882080078e+00,3.194626331329345703e+00,3.040117502212524414e+00,2.645070314407348633e+00,2.530032634735107422e+00,2.302693128585815430e+00,1.940279603004455566e+00,1.762280941009521484e+00,1.390046477317810059e+00,1.192495703697204590e+00,9.461268186569213867e-01,6.257942318916320801e-01,6.848220825195312500e-01,5.818901062011718750e-01,3.492763757705688477e+00,3.537261247634887695e+00,3.303255558013916016e+00,3.217163801193237305e+00,2.835069656372070312e+00,2.710580348968505859e+00,2.580222368240356445e+00,2.205915927886962891e+00,2.110089302062988281e+00,1.785597205162048340e+00,1.661080956459045410e+00,1.488808274269104004e+00,1.177757143974304199e+00,1.275068998336791992e+00,1.099466323852539062e+00,3.691788911819458008e+00,3.718724012374877930e+00,3.479659318923950195e+00,3.437830448150634766e+00,3.086305618286132812e+00,2.953032493591308594e+00,2.911723852157592773e+00,2.564925670623779297e+00,2.536812543869018555e+00,2.270009279251098633e+00,2.203321218490600586e+00,2.075041055679321289e+00,1.761663794517517090e+00,1.835508346557617188e+00,1.640743374824523926e+00,3.966217041015625000e+00,3.979591846466064453e+00,3.766247272491455078e+00,3.765585899353027344e+00,3.473672866821289062e+00,3.330992460250854492e+00,3.381711244583129883e+00,3.061025857925415039e+00,3.157913923263549805e+00,2.957219362258911133e+00,2.980447053909301758e+00,2.911827325820922852e+00,2.615107297897338867e+00,2.549685955047607422e+00,2.288641214370727539e+00
3.741973638534545898e+00,3.459284782409667969e+00,3.141244173049926758e+00,2.843958139419555664e+00,2.551484823226928711e+00,2.359329223632812500e+00,2.039520740509033203e+00,1.786364316940307617e+00,1.594799876213073730e+00,1.237273097038269043e+00,1.076335430145263672e+00,7.150347232818603516e-01,5.950254797935485840e-01,3.837637901306152344e-01,0.000000000000000000e+00,3.210116386413574219e+00,3.314751386642456055e+00,3.158053874969482422e+00,3.039504289627075195e+00,2.644506692886352539e+00,2.580984592437744141e+00,2.388521194458007812e+00,2.015487432479858398e+00,1.907300710678100586e+00,1.535515308380126953e+00,1.420573830604553223e+00,1.141681551933288574e+00,9.080277681350708008e-01,9.126647710800170898e-01,6.406621932983398438e-01,3.361929178237915039e+00,3.443487167358398438e+00,3.242782115936279297e+00,3.194391489028930664e+00,2.816394329071044922e+00,2.743287086486816406e+00,2.648718833923339844e+00,2.274290084838867188e+00,2.241347074508666992e+00,1.925735473632812500e+00,1.866308927536010742e+00,1.667016983032226562e+00,1.405309915542602539e+00,1.467127799987792969e+00,1.202943563461303711e+00,3.547917127609252930e+00,3.611018896102905273e+00,3.402836084365844727e+00,3.398752212524414062e+00,3.055117130279541016e+00,2.968282938003540039e+00,2.962403059005737305e+00,2.621655702590942383e+00,2.648318052291870117e+00,2.393393516540527344e+00,2.381255388259887695e+00,2.236039161682128906e+00,1.955241203308105469e+00,2.004940032958984375e+00,1.749054908752441406e+00,3.818520784378051758e+00,3.866683006286621094e+00,3.681892156600952148e+00,3.717416048049926758e+00,3.437160015106201172e+00,3.333858728408813477e+00,3.414715528488159180e+00,3.105336904525756836e+00,3.244530677795410156e+00,3.054911375045776367e+00,3.120405912399291992e+00,3.043926715850830078e+00,2.774519205093383789e+00,2.689858913421630859e+00,2.390240192413330078e+00
1.766062736511230469e+00,1.483091592788696289e+00,1.600077509880065918e+00,1.460162639617919922e+00,1.503191709518432617e+00,1.824673533439636230e+00,1.866619944572448730e+00,2.083091974258422852e+00,2.379474639892578125e+00,2.495472908020019531e+00,2.816312551498413086e+00,2.829307794570922852e+00,3.207197666168212891e+00,3.320409774780273438e+00,3.210116386413574219e+00,0.000000000000000000e+00,3.886969983577728271e-01,6.399476528167724609e-01,9.785344004631042480e-01,1.086264014244079590e+00,1.412021517753601074e+00,1.721410155296325684e+00,1.796850562095642090e+00,2.185519456863403320e+00,2.347024679183959961e+00,2.731075525283813477e+00,2.806390523910522461e+00,3.112052202224731445e+00,3.311391592025756836e+00,3.198236465454101562e+00,7.983888983726501465e-01,9.598474502563476562e-01,9.134095311164855957e-01,1.248775243759155273e+00,1.326222419738769531e+00,1.512647032737731934e+00,1.890175938606262207e+00,1.966160178184509277e+00,2.312118530273437500e+00,2.513336896896362305e+00,2.863809347152709961e+00,2.999739885330200195e+00,3.207079410552978516e+00,3.464922904968261719e+00,3.330004930496215820e+00,1.502645850181579590e+00,1.608297944068908691e+00,1.473084688186645508e+00,1.727729558944702148e+00,1.802098751068115234e+00,1.853750109672546387e+00,2.227657794952392578e+00,2.311139822006225586e+00,2.598810911178588867e+00,2.809659481048583984e+00,3.106729030609130859e+00,3.289241075515747070e+00,3.404830455780029297e+00,3.678842544555664062e+00,3.509827613830566406e+00,2.262279272079467773e+00,2.347195148468017578e+00,2.144535541534423828e+00,2.351033210754394531e+00,2.447144508361816406e+00,2.408637523651123047e+00,2.774808883666992188e+00,2.840489625930786133e+00,3.133792400360107422e+00,3.336115598678588867e+00,3.612019062042236328e+00,3.833435297012329102e+00,3.852841615676879883e+00,4.036275863647460938e+00,3.796946763992309570e+00
1.842165112495422363e+00,1.526907801628112793e+00,1.675801873207092285e+00,1.500054717063903809e+00,1.620274186134338379e+00,1.901234507560729980e+00,1.917083859443664551e+00,2.184416770935058594e+00,2.439645767211914062e+00,2.584888696670532227e+00,2.876451492309570312e+00,2.900264501571655273e+00,3.283959150314331055e+00,3.388470172882080078e+00,3.314751386642456055e+00,3.886969983577728271e-01,0.000000000000000000e+00,3.866417109966278076e-01,6.925974488258361816e-01,9.143317937850952148e-01,1.245394825935363770e+00,1.551287293434143066e+00,1.703341722488403320e+00,2.083791255950927734e+00,2.291805982589721680e+00,2.675655364990234375e+00,2.778456449508666992e+00,3.111011981964111328e+00,3.310446500778198242e+00,3.236613512039184570e+00,7.855427861213684082e-01,7.774637341499328613e-01,6.416766047477722168e-01,9.475774765014648438e-01,1.097834706306457520e+00,1.263216018676757812e+00,1.652171254158020020e+00,1.793085932731628418e+00,2.132152557373046875e+00,2.379904270172119141e+00,2.736162900924682617e+00,2.903984785079956055e+00,3.144004821777343750e+00,3.409743070602416992e+00,3.313169240951538086e+00,1.452247977256774902e+00,1.465320467948913574e+00,1.272685050964355469e+00,1.477546215057373047e+00,1.586533665657043457e+00,1.600457787513732910e+00,1.975142955780029297e+00,2.105010747909545898e+00,2.378469467163085938e+00,2.629201412200927734e+00,2.927439928054809570e+00,3.142676115036010742e+00,3.289508342742919922e+00,3.580148458480834961e+00,3.445474863052368164e+00,2.193444490432739258e+00,2.216718435287475586e+00,1.970698356628417969e+00,2.132841110229492188e+00,2.244383573532104492e+00,2.169793605804443359e+00,2.529253721237182617e+00,2.623305797576904297e+00,2.895968675613403320e+00,3.127612590789794922e+00,3.396416902542114258e+00,3.646358489990234375e+00,3.684707641601562500e+00,3.898011445999145508e+00,3.687728643417358398e+00
1.671133041381835938e+00,1.314488053321838379e+00,1.432209730148315430e+00,1.210928916931152344e+00,1.377433419227600098e+00,1.616858959197998047e+00,1.626467585563659668e+00,1.930153489112854004e+00,2.161960363388061523e+00,2.344207525253295898e+00,2.623052597045898438e+00,2.682824373245239258e+00,3.067190647125244141e+00,3.194626331329345703e+00,3.158053874969482422e+00,6.399476528167724609e-01,3.866417109966278076e-01,0.000000000000000000e+00,3.883249163627624512e-01,6.341111660003662109e-01,8.998931646347045898e-01,1.238091349601745605e+00,1.417460560798645020e+00,1.784290194511413574e+00,2.027638912200927734e+00,2.407661914825439453e+00,2.552705764770507812e+00,2.885659456253051758e+00,3.113932371139526367e+00,3.074398756027221680e+00,1.113240003585815430e+00,1.044028878211975098e+00,7.749211788177490234e-01,9.451173543930053711e-01,1.028413414955139160e+00,1.067823886871337891e+00,1.454256296157836914e+00,1.590936422348022461e+00,1.893123865127563477e+00,2.159001827239990234e+00,2.495893239974975586e+00,2.700418949127197266e+00,2.930161476135253906e+00,3.223313808441162109e+00,3.156558513641357422e+00,1.737215161323547363e+00,1.703138589859008789e+00,1.441638588905334473e+00,1.562564134597778320e+00,1.614952564239501953e+00,1.533810496330261230e+00,1.876099705696105957e+00,1.984946608543395996e+00,2.210970401763916016e+00,2.461033105850219727e+00,2.726906538009643555e+00,2.967870950698852539e+00,3.096991777420043945e+00,3.411269426345825195e+00,3.302500247955322266e+00,2.443857192993164062e+00,2.429270505905151367e+00,2.142385244369506836e+00,2.248315334320068359e+00,2.315230846405029297e+00,2.178378343582153320e+00,2.506255626678466797e+00,2.570279359817504883e+00,2.807228565216064453e+00,3.026217222213745117e+00,3.262115716934204102e+00,3.522527456283569336e+00,3.534093379974365234e+00,3.762427806854248047e+00,3.568726539611816406e+00
1.909163832664489746e+00,1.529166817665100098e+00,1.599585413932800293e+00,1.313471436500549316e+00,1.489212274551391602e+00,1.645283222198486328e+00,1.582216143608093262e+00,1.907617568969726562e+00,2.073441743850708008e+00,2.260531902313232422e+00,2.494308233261108398e+00,2.550016641616821289e+00,2.930877685546875000e+00,3.040117502212524414e+00,3.039504289627075195e+00,9.785344004631042480e-01,6.925974488258361816e-01,3.883249163627624512e-01,0.000000000000000000e+00,3.960037529468536377e-01,6.388840079307556152e-01,9.266961216926574707e-01,1.171086311340332031e+00,1.515302538871765137e+00,1.787774085998535156e+00,2.157413005828857422e+00,2.318738460540771484e+00,2.670474290847778320e+00,2.892282724380493164e+00,2.890246629714965820e+00,1.266512989997863770e+00,1.105225801467895508e+00,7.463665008544921875e-01,7.443135380744934082e-01,7.777025699615478516e-01,7.166660428047180176e-01,1.094429016113281250e+00,1.265402317047119141e+00,1.548940777778625488e+00,1.844440102577209473e+00,2.178976774215698242e+00,2.406227111816406250e+00,2.657541275024414062e+00,2.954436063766479492e+00,2.922613859176635742e+00,1.784633755683898926e+00,1.681885838508605957e+00,1.358912587165832520e+00,1.386284828186035156e+00,1.393959879875183105e+00,1.236408352851867676e+00,1.547975420951843262e+00,1.660345673561096191e+00,1.857235670089721680e+00,2.122925758361816406e+00,2.378960609436035156e+00,2.641312599182128906e+00,2.785367250442504883e+00,3.111447811126708984e+00,3.032533407211303711e+00,2.422456026077270508e+00,2.355606079101562500e+00,2.029932022094726562e+00,2.074599027633666992e+00,2.103805780410766602e+00,1.916028499603271484e+00,2.214324235916137695e+00,2.265590906143188477e+00,2.474922418594360352e+00,2.694771051406860352e+00,2.913236618041992188e+00,3.186633825302124023e+00,3.197912454605102539e+00,3.444221735000610352e+00,3.273204326629638672e+00
1.996270775794982910e+00,1.604303240776062012e+00,1.577687621116638184e+00,1.233786821365356445e+00,1.325063347816467285e+00,1.429417848587036133e+00,1.293873429298400879e+00,1.594987750053405762e+00,1.736822366714477539e+00,1.896691322326660156e+00,2.121428251266479492e+00,2.160296916961669922e+00,2.541186332702636719e+00,2.645070314407348633e+00,2.644506692886352539e+00,1.086264014244079590e+00,9.143317937850952148e-01,6.341111660003662109e-01,3.960037529468536377e-01,0.000000000000000000e+00,4.002762436866760254e-01,6.436988115310668945e-01,8.085554838180541992e-01,1.177484393119812012e+00,1.417051553726196289e+00,1.794330477714538574e+00,1.940019011497497559e+00,2.286251068115234375e+00,2.510138034820556641e+00,2.501052141189575195e+00,1.368634343147277832e+00,1.262742161750793457e+00,9.090274572372436523e-01,8.739178180694580078e-01,7.133837938308715820e-01,5.998623371124267578e-01,9.343266487121582031e-01,9.937947988510131836e-01,1.282282114028930664e+00,1.531979560852050781e+00,1.863962292671203613e+00,2.072789430618286133e+00,2.301922321319580078e+00,2.602035284042358398e+00,2.556547403335571289e+00,1.848049879074096680e+00,1.773598432540893555e+00,1.444308042526245117e+00,1.458757638931274414e+00,1.360906362533569336e+00,1.186194181442260742e+00,1.462820172309875488e+00,1.485243916511535645e+00,1.675527930259704590e+00,1.886404991149902344e+00,2.130162239074707031e+00,2.366609811782836914e+00,2.475533246994018555e+00,2.797637939453125000e+00,2.701817989349365234e+00,2.450531721115112305e+00,2.399197816848754883e+00,2.077979803085327148e+00,2.119358777999877930e+00,2.080481052398681641e+00,1.888177990913391113e+00,2.165739059448242188e+00,2.150473833084106445e+00,2.362702608108520508e+00,2.532124519348144531e+00,2.740725040435791016e+00,2.983657598495483398e+00,2.959559202194213867e+00,3.182413578033447266e+00,2.991644620895385742e+00
1.945323228836059570e+00,1.551725625991821289e+00,1.475870370864868164e+00,1.105150818824768066e+00,1.233302474021911621e+00,1.241773009300231934e+00,1.086045742034912109e+00,1.426641464233398438e+00,1.514963984489440918e+00,1.729385972023010254e+00,1.925461530685424805e+00,2.021423578262329102e+00,2.392460107803344727e+00,2.530032634735107422e+00,2.580984592437744141e+00,1.412021517753601074e+00,1.245394825935363770e+00,8.998931646347045898e-01,6.388840079307556152e-01,4.002762436866760254e-01,0.000000000000000000e+00,3.889376521110534668e-01,6.141043305397033691e-01,9.235267043113708496e-01,1.229003548622131348e+00,1.585947155952453613e+00,1.801591515541076660e+00,2.136196136474609375e+00,2.400646448135375977e+00,2.440481901168823242e+00,1.766251683235168457e+00,1.647551417350769043e+00,1.280915379524230957e+00,1.184756159782409668e+00,1.008581876754760742e+00,7.402534484863281250e-01,9.639819264411926270e-01,9.903020262718200684e-01,1.168569803237915039e+00,1.430537462234497070e+00,1.711045742034912109e+00,1.973177313804626465e+00,2.175526142120361328e+00,2.510477542877197266e+00,2.507732391357421875e+00,2.239070653915405273e+00,2.144233942031860352e+00,1.797624230384826660e+00,1.757582545280456543e+00,1.630314826965332031e+00,1.377843737602233887e+00,1.576118588447570801e+00,1.564705610275268555e+00,1.666225790977478027e+00,1.859616160392761230e+00,2.040416717529296875e+00,2.306420803070068359e+00,2.382639884948730469e+00,2.730819225311279297e+00,2.672405481338500977e+00,2.815815925598144531e+00,2.741378545761108398e+00,2.403470993041992188e+00,2.400828361511230469e+00,2.330838203430175781e+00,2.089854240417480469e+00,2.316635131835937500e+00,2.268837928771972656e+00,2.426091194152832031e+00,2.572097063064575195e+00,2.729901075363159180e+00,2.979333400726318359e+00,2.918831110000610352e+00,3.155829668045043945e+00,2.990431547164916992e+00
