,A1,A2,A3,A4,A5,A6,A7,A8,A9,A10,A11,A12,A13,A14,A15,B1,B2,B3,B4,B5,B6,B7,B8,B9,B10,B11,B12,B13,B14,B15,C1,C2,C3,C4,C5,C6,C7,C8,C9,C10,C11,C12,C13,C14,C15,D1,D2,D3,D4,D5,D6,D7,D8,D9,D10,D11,D12,D13,D14,D15,E1,E2,E3,E4,E5,E6,E7,E8,E9,E10,E11,E12,E13,E14,E15
A1,0.0,0.3876267075538635,0.589009702205658,0.928379237651825,1.1986802816390991,1.459885597229004,1.7378901243209839,2.042634963989258,2.241590976715088,2.603428363800049,2.813326120376587,3.05843186378479,3.4219162464141846,3.6094446182250977,3.658459424972534,1.5239757299423218,1.372779130935669,1.236189842224121,1.496240496635437,1.539554238319397,1.725104570388794,2.083028793334961,2.309922695159912,2.483259916305542,2.8348686695098877,3.0039420127868652,3.383291244506836,3.5548603534698486,3.7674384117126465,3.855975866317749,2.176082134246826,2.0543508529663086,1.8661472797393799,1.9397104978561401,2.009462356567383,2.1281962394714355,2.511212110519409,2.6875486373901367,2.872072219848633,3.1847457885742188,3.343801736831665,3.721696376800537,3.795084238052368,4.049861431121826,4.207789421081543,3.0685484409332275,2.7372777462005615,2.7553188800811768,2.5363032817840576,2.60076904296875,2.684868335723877,3.046980857849121,3.1919960975646973,3.4178099632263184,3.6849124431610107,3.8697919845581055,4.200788497924805,4.18602180480957,4.508429527282715,4.7192254066467285,3.95245623588562,3.5949764251708984,3.5231142044067383,3.265932559967041,3.4766921997070312,3.372291088104248,3.751361608505249,3.8203136920928955,4.124490737915039,4.340795993804932,4.561615943908691,4.839799404144287,4.856961727142334,5.206661224365234,5.368678569793701
A2,0.3876267075538635,0.0,0.39708247780799866,0.6323644518852234,0.9316703677177429,1.2124613523483276,1.4457197189331055,1.782521367073059,1.9731557369232178,2.348844528198242,2.5720434188842773,2.787360429763794,3.16395902633667,3.3560409545898438,3.3938546180725098,1.296578049659729,1.1145284175872803,0.905771791934967,1.1249428987503052,1.1520358324050903,1.3506325483322144,1.706932544708252,1.9493144750595093,2.130466938018799,2.488861083984375,2.670536994934082,3.0431976318359375,3.2352607250213623,3.4543840885162354,3.5397555828094482,1.9050893783569336,1.7814607620239258,1.5537022352218628,1.5836726427078247,1.6351464986801147,1.7419991493225098,2.1258978843688965,2.3014793395996094,2.491917371749878,2.8071138858795166,2.976693630218506,3.352703332901001,3.4400975704193115,3.7030818462371826,3.8637771606445312,2.797912359237671,2.4700264930725098,2.4613754749298096,2.2170073986053467,2.2499308586120605,2.3158648014068604,2.675008535385132,2.8094217777252197,3.039036512374878,3.301877021789551,3.4929568767547607,3.8209588527679443,3.8122246265411377,4.1395368576049805,4.3553924560546875,3.6742212772369385,3.325507640838623,3.241361141204834,2.964869499206543,3.152505397796631,3.026231527328491,3.4003350734710693,3.4543492794036865,3.7590274810791016,3.9661905765533447,4.186639785766602,4.459710121154785,4.474366188049316,4.825664043426514,4.987846851348877
A3,0.589009702205658,0.39708247780799866,0.0,0.39555901288986206,0.6114304661750793,0.8854065537452698,1.1821324825286865,1.4802850484848022,1.715868353843689,2.0723650455474854,2.320385456085205,2.568117618560791,2.9331741333007812,3.1538467407226562,3.2310290336608887,1.4408273696899414,1.331624984741211,1.0807275772094727,1.217568278312683,1.1595388650894165,1.2474192380905151,1.6187164783477783,1.7908604145050049,1.9896372556686401,2.321138620376587,2.518584728240967,2.8939661979675293,3.0717387199401855,3.3155057430267334,3.4396374225616455,2.094987630844116,2.020380735397339,1.776580810546875,1.7290297746658325,1.7448376417160034,1.7662025690078735,2.1467981338500977,2.25803804397583,2.457634687423706,2.736753225326538,2.9121713638305664,3.278080463409424,3.341388702392578,3.6180593967437744,3.8108103275299072,3.0411040782928467,2.7322936058044434,2.7086968421936035,2.438673257827759,2.411278486251831,2.4293971061706543,2.7718729972839355,2.8542423248291016,3.086758852005005,3.3126473426818848,3.502209186553955,3.808208703994751,3.773799180984497,4.102842807769775,4.342048645019531,3.928278684616089,3.5939242839813232,3.501556396484375,3.204181432723999,3.355968475341797,3.189993381500244,3.5499141216278076,3.563124418258667,3.8686516284942627,4.0427656173706055,4.256513595581055,4.50696325302124,4.496330261230469,4.849132537841797,4.989638805389404
A4,0.928379237651825,0.6323644518852234,0.39555901288986206,0.0,0.38848984241485596,0.5935338735580444,0.8180661797523499,1.1507737636566162,1.3582617044448853,1.729030728340149,1.9776018857955933,2.2010014057159424,2.5750162601470947,2.7951338291168213,2.86466121673584,1.2494192123413086,1.1803371906280518,0.893489420413971,0.949164092540741,0.877900242805481,0.8949167728424072,1.251002550125122,1.4152995347976685,1.5970053672790527,1.9301222562789917,2.1236331462860107,2.498950719833374,2.6798782348632812,2.9256224632263184,3.0520179271698,1.8713035583496094,1.8394850492477417,1.5884286165237427,1.4780023097991943,1.4965510368347168,1.4570972919464111,1.824926495552063,1.912088394165039,2.093132734298706,2.361086368560791,2.527332067489624,2.8921000957489014,2.9479708671569824,3.22542405128479,3.423940896987915,2.842780351638794,2.5609490871429443,2.530606746673584,2.251605987548828,2.1709237098693848,2.1706061363220215,2.4889333248138428,2.544790744781494,2.7602005004882812,2.9688360691070557,3.145587205886841,3.445266008377075,3.3966915607452393,3.722623109817505,3.966296434402466,3.7418384552001953,3.428955554962158,3.341761589050293,3.034034252166748,3.15622878074646,2.962153196334839,3.307708740234375,3.2972965240478516,3.5890095233917236,3.7466864585876465,3.9436094760894775,4.188014507293701,4.157944202423096,4.50620174407959,4.63287353515625
A5,1.1986802816390991,0.9316703677177429,0.6114304661750793,0.38848984241485596,0.0,0.3826391100883484,0.676845133304596,0.9555507898330688,1.2523630857467651,1.5898677110671997,1.89524245262146,2.129964590072632,2.49314284324646,2.7552566528320312,2.8633179664611816,1.5869065523147583,1.5222394466400146,1.203026533126831,1.152528166770935,0.9512773752212524,0.8577902317047119,1.2144343852996826,1.2879893779754639,1.5305315256118774,1.8227628469467163,2.0650787353515625,2.423755168914795,2.6156420707702637,2.8987205028533936,3.0637364387512207,2.1545090675354004,2.125378131866455,1.8412318229675293,1.6620357036590576,1.6017560958862305,1.4943286180496216,1.8432010412216187,1.860342264175415,2.079388380050659,2.306241273880005,2.505908966064453,2.8476858139038086,2.904411554336548,3.2078731060028076,3.4402918815612793,3.0909175872802734,2.8149538040161133,2.744262933731079,2.4318604469299316,2.3053596019744873,2.2418839931488037,2.546114683151245,2.5493125915527344,2.787090301513672,2.957594633102417,3.1537108421325684,3.4235119819641113,3.3710010051727295,3.706073045730591,3.976947069168091,3.946322202682495,3.643110752105713,3.5285379886627197,3.197338819503784,3.2802441120147705,3.051922082901001,3.379589796066284,3.3290977478027344,3.631399631500244,3.7537286281585693,3.9587838649749756,4.172898292541504,4.133374214172363,4.487087249755859,4.604398250579834
A6,1.459885597229004,1.2124613523483276,0.8854065537452698,0.5935338735580444,0.3826391100883484,0.0,0.3874027132987976,0.6028725504875183,0.9012118577957153,1.2266608476638794,1.5275300741195679,1.7855815887451172,2.1370608806610107,2.40499210357666,2.5347020626068115,1.5941921472549438,1.61531662940979,1.3348455429077148,1.264980435371399,1.1024531126022339,0.8892889618873596,1.1672370433807373,1.159042477607727,1.3432080745697021,1.5991777181625366,1.8114104270935059,2.1753199100494385,2.329841136932373,2.613532066345215,2.8013477325439453,2.1762514114379883,2.2134315967559814,1.9639265537261963,1.758913278579712,1.7322144508361816,1.5564361810684204,1.8659555912017822,1.8319765329360962,2.001950979232788,2.1875977516174316,2.350200653076172,2.6829965114593506,2.6950266361236572,2.9878318309783936,3.234506607055664,3.1601204872131348,2.9204466342926025,2.8710949420928955,2.5736148357391357,2.406970262527466,2.3386878967285156,2.603515148162842,2.5719339847564697,2.77194881439209,2.9094080924987793,3.0710110664367676,3.325407028198242,3.2327382564544678,3.551816940307617,3.8273346424102783,4.048717021942139,3.768345832824707,3.6752047538757324,3.34810471534729,3.411937952041626,3.1644389629364014,3.4734058380126953,3.399742364883423,3.6770639419555664,3.7781779766082764,3.952922821044922,4.157703876495361,4.083257675170898,4.424806594848633,4.5119099617004395
A7,1.7378901243209839,1.4457197189331055,1.1821324825286865,0.8180661797523499,0.676845133304596,0.3874027132987976,0.0,0.3845018744468689,0.59364914894104,0.9518076181411743,1.2523317337036133,1.4579402208328247,1.8273946046829224,2.090724468231201,2.202366590499878,1.5281845331192017,1.582129716873169,1.3156696557998657,1.1683433055877686,1.0182768106460571,0.7080187201499939,0.879688560962677,0.8243701457977295,0.9652327299118042,1.2181706428527832,1.4252748489379883,1.7900333404541016,1.9530351161956787,2.2388968467712402,2.425701141357422,2.013908624649048,2.0907230377197266,1.8534519672393799,1.600743055343628,1.5795356035232544,1.33987295627594,1.6017308235168457,1.5315557718276978,1.6649643182754517,1.8289306163787842,1.9751640558242798,2.304636001586914,2.3084020614624023,2.601165533065796,2.85178804397583,2.9747254848480225,2.769362449645996,2.7158708572387695,2.423748731613159,2.2108654975891113,2.1273841857910156,2.3523948192596436,2.292175054550171,2.4641101360321045,2.5795257091522217,2.7220115661621094,2.9682090282440186,2.8603827953338623,3.173994541168213,3.4513118267059326,3.853654623031616,3.599208116531372,3.514385938644409,3.1869566440582275,3.22208309173584,2.954580783843994,3.2418620586395264,3.147630214691162,3.403773784637451,3.4886207580566406,3.642075777053833,3.841233730316162,3.747450828552246,4.081301689147949,4.154699325561523
A8,2.042634963989258,1.782521367073059,1.4802850484848022,1.1507737636566162,0.9555507898330688,0.6028725504875183,0.3845018744468689,0.0,0.39533674716949463,0.6471285223960876,0.9956722855567932,1.2464202642440796,1.5790823698043823,1.879721999168396,2.047614336013794,1.8387887477874756,1.9341269731521606,1.6886581182479858,1.5382846593856812,1.3813364505767822,1.0377767086029053,1.1263000965118408,0.9419752359390259,1.033691167831421,1.1730084419250488,1.3634196519851685,1.7034287452697754,1.8201271295547485,2.1258277893066406,2.360832452774048,2.3195643424987793,2.4298436641693115,2.2088797092437744,1.9415249824523926,1.912520408630371,1.6326333284378052,1.8432629108428955,1.7040455341339111,1.8095481395721436,1.9000399112701416,2.0234477519989014,2.315948963165283,2.2726192474365234,2.5625627040863037,2.8430209159851074,3.2798523902893066,3.098654270172119,3.0467371940612793,2.7575795650482178,2.5166776180267334,2.4092493057250977,2.5977530479431152,2.4914395809173584,2.641958713531494,2.7075438499450684,2.8281447887420654,3.037713050842285,2.8936071395874023,3.1909170150756836,3.48337459564209,4.153619289398193,3.917337417602539,3.8357841968536377,3.5065901279449463,3.517307758331299,3.2303826808929443,3.493806838989258,3.368375778198242,3.6087446212768555,3.659578323364258,3.792949676513672,3.965608835220337,3.8407669067382812,4.163224220275879,4.205268859863281
A9,2.241590976715088,1.9731557369232178,1.715868353843689,1.3582617044448853,1.2523630857467651,0.9012118577957153,0.59364914894104,0.39533674716949463,0.0,0.391086220741272,0.6609405875205994,0.8850703835487366,1.2408696413040161,1.513748288154602,1.6618235111236572,1.755510926246643,1.9105839729309082,1.7215155363082886,1.5704894065856934,1.4897931814193726,1.1434897184371948,1.1240745782852173,0.936797022819519,0.8699203729629517,0.9725791215896606,1.0654942989349365,1.4187500476837158,1.4912055730819702,1.7711559534072876,2.0006625652313232,2.1806139945983887,2.3476388454437256,2.175736427307129,1.9114943742752075,1.9355547428131104,1.6375921964645386,1.7958077192306519,1.651492714881897,1.670898199081421,1.7360731363296509,1.7901082038879395,2.0809178352355957,1.9933606386184692,2.253096103668213,2.5241196155548096,3.141417980194092,3.0018932819366455,2.97871470451355,2.722715377807617,2.4642887115478516,2.3794949054718018,2.5258593559265137,2.4143929481506348,2.5087039470672607,2.559863805770874,2.631089687347412,2.839494228363037,2.6614830493927,2.9343297481536865,3.211909055709839,4.034923076629639,3.8240323066711426,3.7725186347961426,3.4615097045898438,3.4656121730804443,3.1797256469726562,3.4258642196655273,3.2994537353515625,3.5047085285186768,3.5528223514556885,3.649928569793701,3.829094409942627,3.678572416305542,3.9827117919921875,4.002830505371094
A10,2.603428363800049,2.348844528198242,2.0723650455474854,1.729030728340149,1.5898677110671997,1.2266608476638794,0.9518076181411743,0.6471285223960876,0.391086220741272,0.0,0.39471906423568726,0.6553831696510315,0.9426971077919006,1.264201283454895,1.4807536602020264,2.1090970039367676,2.2851641178131104,2.107769727706909,1.946349859237671,1.8539624214172363,1.4908273220062256,1.423231840133667,1.163899302482605,1.0547075271606445,1.0113070011138916,1.0511243343353271,1.337921142578125,1.3389601707458496,1.630652666091919,1.9119651317596436,2.501361608505249,2.6920344829559326,2.53302264213562,2.255970001220703,2.2692301273345947,1.9447840452194214,2.0530803203582764,1.8547019958496094,1.8419514894485474,1.828150749206543,1.848533034324646,2.084217071533203,1.9425164461135864,2.1870713233947754,2.484302282333374,3.4341189861297607,3.321335792541504,3.2967798709869385,3.045860767364502,2.76286244392395,2.656963348388672,2.764002799987793,2.6110117435455322,2.678318738937378,2.6771702766418457,2.7201731204986572,2.8848445415496826,2.6696362495422363,2.9162983894348145,3.203932762145996,4.308084487915039,4.119396686553955,4.07141637802124,3.761354446411133,3.7396161556243896,3.4374494552612305,3.655670166015625,3.500000476837158,3.683882474899292,3.6970274448394775,3.7691805362701416,3.91968035697937,3.736828327178955,4.023350238800049,4.008495807647705
A11,2.813326120376587,2.5720434188842773,2.320385456085205,1.9776018857955933,1.89524245262146,1.5275300741195679,1.2523317337036133,0.9956722855567932,0.6609405875205994,0.39471906423568726,0.0,0.3996102809906006,0.6399816274642944,0.9167706966400146,1.1459617614746094,2.1571719646453857,2.3857369422912598,2.264738082885742,2.1313531398773193,2.1015169620513916,1.7592626810073853,1.6551105976104736,1.4301557540893555,1.2258758544921875,1.1488816738128662,1.0465401411056519,1.3016091585159302,1.1974742412567139,1.4234557151794434,1.700859546661377,2.5223309993743896,2.7607579231262207,2.654024600982666,2.402451515197754,2.4665687084198,2.1513428688049316,2.2291464805603027,2.046050786972046,1.9611856937408447,1.9268468618392944,1.8660848140716553,2.083791494369507,1.8813194036483765,2.066725254058838,2.3435137271881104,3.4552221298217773,3.379526376724243,3.3915066719055176,3.1779017448425293,2.897050380706787,2.8224897384643555,2.8992977142333984,2.7538647651672363,2.767961025238037,2.7568492889404297,2.745065450668335,2.904384136199951,2.652385711669922,2.8591530323028564,3.1213762760162354,4.351882457733154,4.184371471405029,4.169280529022217,3.882237434387207,3.864711046218872,3.573559284210205,3.7789437770843506,3.630765914916992,3.7805280685424805,3.7951793670654297,3.8306963443756104,3.9876322746276855,3.7805440425872803,4.042646408081055,4.001739501953125
A12,3.05843186378479,2.787360429763794,2.568117618560791,2.2010014057159424,2.129964590072632,1.7855815887451172,1.4579402208328247,1.2464202642440796,0.8850703835487366,0.6553831696510315,0.3996102809906006,0.0,0.39805492758750916,0.6533259749412537,0.8361157774925232,2.2441844940185547,2.469789981842041,2.3635447025299072,2.1917097568511963,2.174699544906616,1.8341548442840576,1.6474311351776123,1.4142463207244873,1.1353645324707031,0.9730443954467773,0.7683088779449463,0.9572056531906128,0.8049601912498474,1.0273452997207642,1.3192659616470337,2.4826765060424805,2.739224910736084,2.6495814323425293,2.3799896240234375,2.4433841705322266,2.1106104850769043,2.119271755218506,1.9134844541549683,1.7690536975860596,1.6818463802337646,1.569000005722046,1.7499635219573975,1.5145021677017212,1.680850625038147,1.962789535522461,3.3297886848449707,3.29198956489563,3.2971913814544678,3.0995185375213623,2.791893243789673,2.7081716060638428,2.7331936359405518,2.5635759830474854,2.534482955932617,2.4890646934509277,2.4418277740478516,2.5779778957366943,2.30376935005188,2.4895100593566895,2.7482712268829346,4.180932998657227,4.044736862182617,4.036638259887695,3.758638620376587,3.712676525115967,3.413297414779663,3.586258888244629,3.421532392501831,3.5399420261383057,3.5346155166625977,3.5414350032806396,3.6870694160461426,3.4594602584838867,3.7045602798461914,3.6453537940979004
A13,3.4219162464141846,3.16395902633667,2.9331741333007812,2.5750162601470947,2.49314284324646,2.1370608806610107,1.8273946046829224,1.5790823698043823,1.2408696413040161,0.9426971077919006,0.6399816274642944,0.39805492758750916,0.0,0.3785696029663086,0.6953043937683105,2.60396409034729,2.8467979431152344,2.754087209701538,2.5881307125091553,2.5712668895721436,2.226681709289551,2.0331943035125732,1.7816370725631714,1.5048718452453613,1.289062738418579,1.0561227798461914,1.1216249465942383,0.8528450727462769,1.0038679838180542,1.3277981281280518,2.8287458419799805,3.102562189102173,3.030026912689209,2.7639007568359375,2.8289103507995605,2.491152763366699,2.475213050842285,2.2501230239868164,2.084203004837036,1.9470555782318115,1.796664834022522,1.9094699621200562,1.6184815168380737,1.7275835275650024,2.0096077919006348,3.648144006729126,3.6351211071014404,3.648500442504883,3.463622808456421,3.1483545303344727,3.0603244304656982,3.057217836380005,2.867544174194336,2.8099465370178223,2.72599458694458,2.6433215141296387,2.7361574172973633,2.4282941818237305,2.5667526721954346,2.815944194793701,4.4823832511901855,4.367383003234863,4.369846343994141,4.1005988121032715,4.040494918823242,3.7373132705688477,3.8868393898010254,3.7066469192504883,3.799506902694702,3.768820285797119,3.7460763454437256,3.8678977489471436,3.610867500305176,3.82806134223938,3.730502128601074
A14,3.6094446182250977,3.3560409545898438,3.1538467407226562,2.7951338291168213,2.7552566528320312,2.40499210357666,2.090724468231201,1.879721999168396,1.513748288154602,1.264201283454895,0.9167706966400146,0.6533259749412537,0.3785696029663086,0.0,0.37229207158088684,2.6627726554870605,2.9330780506134033,2.8855526447296143,2.739276170730591,2.7697157859802246,2.4498791694641113,2.2371208667755127,2.026639699935913,1.7070547342300415,1.5071940422058105,1.2001267671585083,1.222712516784668,0.8843212127685547,0.8810269236564636,1.1510334014892578,2.8342292308807373,3.1392557621002197,3.1121914386749268,2.8724327087402344,2.976231336593628,2.6566905975341797,2.617662191390991,2.419970750808716,2.2026169300079346,2.065168857574463,1.849225640296936,1.942449927330017,1.614042043685913,1.6403321027755737,1.8738757371902466,3.617250442504883,3.640580892562866,3.6843080520629883,3.5369420051574707,3.2304065227508545,3.1731338500976562,3.1442835330963135,2.9712932109832764,2.867093801498413,2.783055067062378,2.6506874561309814,2.7419378757476807,2.4124343395233154,2.5048441886901855,2.7142298221588135,4.452512741088867,4.3602776527404785,4.392918109893799,4.149431228637695,4.0941619873046875,3.807689666748047,3.9438068866729736,3.77734375,3.8368823528289795,3.8132879734039307,3.7570860385894775,3.888714551925659,3.617313861846924,3.807871103286743,3.691603660583496
A15,3.658459424972534,3.3938546180725098,3.2310290336608887,2.86466121673584,2.8633179664611816,2.5347020626068115,2.202366590499878,2.047614336013794,1.6618235111236572,1.4807536602020264,1.1459617614746094,0.8361157774925232,0.6953043937683105,0.37229207158088684,0.0,2.5755422115325928,2.851576566696167,2.838517189025879,2.694530963897705,2.7649190425872803,2.4749646186828613,2.232245683670044,2.067981004714966,1.710998773574829,1.5331517457962036,1.1716963052749634,1.165956974029541,0.8214170932769775,0.6776454448699951,0.8565415143966675,2.657045602798462,2.9803900718688965,2.9886579513549805,2.7668721675872803,2.898493766784668,2.5980379581451416,2.5281455516815186,2.360363721847534,2.0957353115081787,1.9662392139434814,1.6966214179992676,1.7850456237792969,1.4464253187179565,1.410967230796814,1.593785047531128,3.3763210773468018,3.432281732559204,3.493332862854004,3.3785223960876465,3.0776641368865967,3.045607089996338,2.98988938331604,2.835106372833252,2.690298557281494,2.613690137863159,2.443429470062256,2.5452260971069336,2.2103006839752197,2.2765676975250244,2.4515490531921387,4.195093631744385,4.123849391937256,4.17809534072876,3.956916570663452,3.902209520339966,3.631493091583252,3.7542808055877686,3.602731704711914,3.6346263885498047,3.622860908508301,3.5432231426239014,3.6906626224517822,3.417295217514038,3.5924720764160156,3.4755265712738037
B1,1.5239757299423218,1.296578049659729,1.4408273696899414,1.2494192123413086,1.5869065523147583,1.5941921472549438,1.5281845331192017,1.8387887477874756,1.755510926246643,2.1090970039367676,2.1571719646453857,2.2441844940185547,2.60396409034729,2.6627726554870605,2.5755422115325928,0.0,0.3779335021972656,0.6338006854057312,0.8872302174568176,1.249726414680481,1.3788092136383057,1.4823102951049805,1.7789008617401123,1.7159473896026611,2.066540002822876,2.069948673248291,2.4210972785949707,2.553426742553711,2.6497271060943604,2.629160165786743,0.8084384799003601,0.9300484657287598,0.9638819098472595,1.0818781852722168,1.4063456058502197,1.4833598136901855,1.7369388341903687,1.9659475088119507,1.9474788904190063,2.2676773071289062,2.2805607318878174,2.665236711502075,2.701885223388672,2.864569664001465,2.9366636276245117,1.901877522468567,1.6994314193725586,1.8421295881271362,1.7412207126617432,1.7406551837921143,1.9347145557403564,2.1824839115142822,2.353400230407715,2.423719644546509,2.6993579864501953,2.7649073600769043,3.12386155128479,3.0676255226135254,3.3305375576019287,3.472578287124634,2.9420320987701416,2.6624724864959717,2.7031848430633545,2.4964871406555176,2.687096118927002,2.5813825130462646,2.919628143310547,3.000048875808716,3.2001962661743164,3.4317433834075928,3.5539534091949463,3.8715016841888428,3.837860584259033,4.1399126052856445,4.265853404998779
B2,1.372779130935669,1.1145284175872803,1.331624984741211,1.1803371906280518,1.5222394466400146,1.61531662940979,1.582129716873169,1.9341269731521606,1.9105839729309082,2.2851641178131104,2.3857369422912598,2.469789981842041,2.8467979431152344,2.9330780506134033,2.851576566696167,0.3779335021972656,0.0,0.3749883472919464,0.6919301748275757,1.065016746520996,1.2919656038284302,1.4373483657836914,1.7783856391906738,1.7831206321716309,2.155559778213501,2.215303659439087,2.559436559677124,2.738544464111328,2.860306739807129,2.8403477668762207,0.8044044971466064,0.7573386430740356,0.6986595392227173,0.8734247088432312,1.1758934259414673,1.3347923755645752,1.620509147644043,1.8921270370483398,1.9307944774627686,2.2815396785736084,2.347771644592285,2.733531951904297,2.819598913192749,3.0089478492736816,3.083582639694214,1.7921150922775269,1.5263503789901733,1.6244441270828247,1.491340160369873,1.5376784801483154,1.7373265027999878,2.0288195610046387,2.2316441535949707,2.347989082336426,2.6511070728302,2.7617969512939453,3.127997875213623,3.115281581878662,3.4003472328186035,3.5489182472229004,2.782034397125244,2.4719839096069336,2.4773411750793457,2.255202531814575,2.4636454582214355,2.3728225231170654,2.73203706741333,2.831810474395752,3.061532497406006,3.3095507621765137,3.466729164123535,3.787415027618408,3.7888545989990234,4.105855464935303,4.2621307373046875
B3,1.236189842224121,0.905771791934967,1.0807275772094727,0.893489420413971,1.203026533126831,1.3348455429077148,1.3156696557998657,1.6886581182479858,1.7215155363082886,2.107769727706909,2.264738082885742,2.3635447025299072,2.754087209701538,2.8855526447296143,2.838517189025879,0.6338006854057312,0.3749883472919464,0.0,0.3867679834365845,0.7123603820800781,0.9653468728065491,1.1689822673797607,1.5107744932174683,1.5833616256713867,1.9652063846588135,2.085435628890991,2.4351892471313477,2.6446776390075684,2.8124029636383057,2.830526113510132,1.038330078125,0.9510048031806946,0.7288427948951721,0.7560604214668274,0.9565448760986328,1.0883578062057495,1.424791932106018,1.6708593368530273,1.7736808061599731,2.122534990310669,2.2427868843078613,2.6277124881744385,2.732182025909424,2.9618566036224365,3.0747969150543213,1.96894371509552,1.68181574344635,1.6953279972076416,1.4772664308547974,1.4712178707122803,1.597672700881958,1.9185328483581543,2.085160255432129,2.2523698806762695,2.5392353534698486,2.6906638145446777,3.0423195362091064,3.0381648540496826,3.348172187805176,3.530627489089966,2.897799491882324,2.5823071002960205,2.535416841506958,2.2666563987731934,2.4390156269073486,2.305694818496704,2.6682827472686768,2.732848882675171,2.994699478149414,3.217956781387329,3.4007678031921387,3.699173927307129,3.7028393745422363,4.037187099456787,4.1967926025390625
B4,1.496240496635437,1.1249428987503052,1.217568278312683,0.949164092540741,1.152528166770935,1.264980435371399,1.1683433055877686,1.5382846593856812,1.5704894065856934,1.946349859237671,2.1313531398773193,2.1917097568511963,2.5881307125091553,2.739276170730591,2.694530963897705,0.8872302174568176,0.6919301748275757,0.3867679834365845,0.0,0.3969423472881317,0.6572799682617188,0.8183889389038086,1.183888554573059,1.2845256328582764,1.6659446954727173,1.8241057395935059,2.1556153297424316,2.401587963104248,2.5929715633392334,2.622281074523926,1.0954807996749878,1.0172021389007568,0.7105090618133545,0.529321551322937,0.6375530362129211,0.7074904441833496,1.0581492185592651,1.2923859357833862,1.4254618883132935,1.775330901145935,1.9317973852157593,2.3099989891052246,2.440645217895508,2.69563889503479,2.827453136444092,1.9405335187911987,1.6706968545913696,1.613137125968933,1.3354451656341553,1.2391849756240845,1.2960821390151978,1.6127996444702148,1.7417731285095215,1.931908130645752,2.20267653465271,2.3779492378234863,2.7177610397338867,2.723919630050659,3.0493950843811035,3.2524449825286865,2.809701681137085,2.5131731033325195,2.4325759410858154,2.1275599002838135,2.244666814804077,2.06181001663208,2.410738945007324,2.435927629470825,2.7080600261688232,2.9054272174835205,3.0959839820861816,3.376798391342163,3.3760416507720947,3.7188467979431152,3.878288984298706
B5,1.539554238319397,1.1520358324050903,1.1595388650894165,0.877900242805481,0.9512773752212524,1.1024531126022339,1.0182768106460571,1.3813364505767822,1.4897931814193726,1.8539624214172363,2.1015169620513916,2.174699544906616,2.5712668895721436,2.7697157859802246,2.7649190425872803,1.249726414680481,1.065016746520996,0.7123603820800781,0.3969423472881317,0.0,0.38909581303596497,0.6535247564315796,0.9810258150100708,1.1945276260375977,1.5585540533065796,1.793398380279541,2.113685131072998,2.388395071029663,2.627817392349243,2.699889659881592,1.4706242084503174,1.3774834871292114,1.0313886404037476,0.7666874527931213,0.650621235370636,0.6120325326919556,0.9971476197242737,1.1561061143875122,1.383217215538025,1.703979253768921,1.926316261291504,2.285231113433838,2.433809280395508,2.728806495666504,2.9010777473449707,2.233558416366577,1.9596909284591675,1.837056279182434,1.5036929845809937,1.3566746711730957,1.3046997785568237,1.6291534900665283,1.695278286933899,1.94248366355896,2.177086114883423,2.3963656425476074,2.7060294151306152,2.721601724624634,3.0680065155029297,3.3058416843414307,3.020368814468384,2.727440357208252,2.600062847137451,2.261183500289917,2.3325304985046387,2.107983350753784,2.443898916244507,2.4232420921325684,2.72491192817688,2.8854000568389893,3.1014039516448975,3.348919153213501,3.349719762802124,3.70696759223938,3.8669791221618652
B6,1.725104570388794,1.3506325483322144,1.2474192380905151,0.8949167728424072,0.8577902317047119,0.8892889618873596,0.7080187201499939,1.0377767086029053,1.1434897184371948,1.4908273220062256,1.7592626810073853,1.8341548442840576,2.226681709289551,2.4498791694641113,2.4749646186828613,1.3788092136383057,1.2919656038284302,0.9653468728065491,0.6572799682617188,0.38909581303596497,0.0,0.3868376314640045,0.6278475522994995,0.873210608959198,1.2226698398590088,1.4825570583343506,1.8103080987930298,2.0770061016082764,2.3441975116729736,2.4566636085510254,1.6408740282058716,1.627215027809143,1.3185745477676392,1.0061135292053223,0.8953454494476318,0.6712524890899658,0.9927390813827515,1.022668719291687,1.240142822265625,1.5049378871917725,1.7261345386505127,2.0761170387268066,2.1909992694854736,2.501570224761963,2.710768222808838,2.450230836868286,2.2180063724517822,2.1024701595306396,1.7748439311981201,1.5584118366241455,1.4550645351409912,1.7200369834899902,1.704272985458374,1.9299161434173584,2.105621099472046,2.307255268096924,2.5880727767944336,2.5623762607574463,2.9068782329559326,3.169954299926758,3.2462754249572754,2.981790542602539,2.8621838092803955,2.5185461044311523,2.547267198562622,2.2829408645629883,2.585751533508301,2.513463020324707,2.797531843185425,2.9133753776550293,3.1059393882751465,3.326446294784546,3.2870657444000244,3.6398069858551025,3.7670938968658447
B7,2.083028793334961,1.706932544708252,1.6187164783477783,1.251002550125122,1.2144343852996826,1.1672370433807373,0.879688560962677,1.1263000965118408,1.1240745782852173,1.423231840133667,1.6551105976104736,1.6474311351776123,2.0331943035125732,2.2371208667755127,2.232245683670044,1.4823102951049805,1.4373483657836914,1.1689822673797607,0.8183889389038086,0.6535247564315796,0.3868376314640045,0.0,0.3888322412967682,0.5645335912704468,0.9149169921875,1.1716235876083374,1.4721567630767822,1.7654674053192139,2.026313304901123,2.125340700149536,1.591617465019226,1.6256282329559326,1.3501747846603394,0.9838794469833374,0.8766271471977234,0.5291638374328613,0.7248462438583374,0.6879523992538452,0.8652097582817078,1.1213352680206299,1.3412164449691772,1.6900968551635742,1.8154798746109009,2.1297271251678467,2.339689254760742,2.327949047088623,2.1459851264953613,2.0211732387542725,1.7069499492645264,1.4208528995513916,1.2849414348602295,1.4803853034973145,1.4153999090194702,1.6063940525054932,1.7540409564971924,1.9396015405654907,2.2132487297058105,2.177222728729248,2.5210585594177246,2.7881107330322266,3.093111276626587,2.8652431964874268,2.7543981075286865,2.4128024578094482,2.3974859714508057,2.1042330265045166,2.372816324234009,2.268807888031006,2.525726795196533,2.6183507442474365,2.7860753536224365,2.99924898147583,2.937504291534424,3.2838497161865234,3.3977484703063965
B8,2.309922695159912,1.9493144750595093,1.7908604145050049,1.4152995347976685,1.2879893779754639,1.159042477607727,0.8243701457977295,0.9419752359390259,0.936797022819519,1.163899302482605,1.4301557540893555,1.4142463207244873,1.7816370725631714,2.026639699935913,2.067981004714966,1.7789008617401123,1.7783856391906738,1.5107744932174683,1.183888554573059,0.9810258150100708,0.6278475522994995,0.3888322412967682,0.0,0.3885990083217621,0.6379517912864685,0.9704036116600037,1.2541234493255615,1.5453910827636719,1.8530536890029907,2.0112462043762207,1.9285017251968384,1.9960979223251343,1.7353166341781616,1.3682703971862793,1.2443140745162964,0.8739273548126221,0.9693202376365662,0.7675727605819702,0.926032543182373,1.0523663759231567,1.2801028490066528,1.586865782737732,1.6744170188903809,2.012965440750122,2.2724504470825195,2.6633644104003906,2.506185531616211,2.377290964126587,2.0641658306121826,1.7499951124191284,1.5703914165496826,1.7100118398666382,1.5631216764450073,1.7361036539077759,1.8026295900344849,1.9746960401535034,2.1953625679016113,2.119816303253174,2.4587457180023193,2.757448434829712,3.403456926345825,3.197479724884033,3.082394599914551,2.7368195056915283,2.6851511001586914,2.364896535873413,2.5964245796203613,2.442925453186035,2.6849453449249268,2.724734306335449,2.8745391368865967,3.0466725826263428,2.9487526416778564,3.288200616836548,3.368614435195923
B9,2.483259916305542,2.130466938018799,1.9896372556686401,1.5970053672790527,1.5305315256118774,1.3432080745697021,0.9652327299118042,1.033691167831421,0.8699203729629517,1.0547075271606445,1.2258758544921875,1.1353645324707031,1.5048718452453613,1.7070547342300415,1.710998773574829,1.7159473896026611,1.7831206321716309,1.5833616256713867,1.2845256328582764,1.1945276260375977,0.873210608959198,0.5645335912704468,0.3885990083217621,0.0,0.3828534781932831,0.6171250939369202,0.9391316771507263,1.2106674909591675,1.4923983812332153,1.6368275880813599,1.8114200830459595,1.9489797353744507,1.7533901929855347,1.4049217700958252,1.3696649074554443,1.0041152238845825,1.0196287631988525,0.8250290751457214,0.805213987827301,0.8923418521881104,1.0136866569519043,1.3406838178634644,1.3740959167480469,1.6872785091400146,1.9401391744613647,2.557243824005127,2.4496407508850098,2.3623578548431396,2.0958549976348877,1.7676936388015747,1.6304677724838257,1.7115280628204346,1.5622117519378662,1.6481375694274902,1.6954249143600464,1.796107530593872,2.0213370323181152,1.8961671590805054,2.2100982666015625,2.4945905208587646,3.331528902053833,3.1539618968963623,3.0785422325134277,2.758274555206299,2.704399824142456,2.3904192447662354,2.601386785507202,2.4502718448638916,2.645108461380005,2.683255672454834,2.7848498821258545,2.967409610748291,2.8346619606018066,3.1523563861846924,3.204683780670166
B10,2.8348686695098877,2.488861083984375,2.321138620376587,1.9301222562789917,1.8227628469467163,1.5991777181625366,1.2181706428527832,1.1730084419250488,0.9725791215896606,1.0113070011138916,1.1488816738128662,0.9730443954467773,1.289062738418579,1.5071940422058105,1.5331517457962036,2.066540002822876,2.155559778213501,1.9652063846588135,1.6659446954727173,1.5585540533065796,1.2226698398590088,0.9149169921875,0.6379517912864685,0.3828534781932831,0.0,0.39061427116394043,0.6295457482337952,0.9179072380065918,1.2453876733779907,1.443306803703308,2.1304452419281006,2.2895865440368652,2.109762191772461,1.7559012174606323,1.70304536819458,1.324125051498413,1.2617772817611694,0.981878399848938,0.9062291979789734,0.8224783539772034,0.903600811958313,1.1506879329681396,1.1317987442016602,1.4628119468688965,1.762661099433899,2.8170053958892822,2.74410080909729,2.6495237350463867,2.3922359943389893,2.0377299785614014,1.8691402673721313,1.886121392250061,1.6711797714233398,1.71624755859375,1.6768957376480103,1.743205189704895,1.9042068719863892,1.7332309484481812,2.0287985801696777,2.3380377292633057,3.5421388149261475,3.3964951038360596,3.321256399154663,3.004390001296997,2.911292791366577,2.5771842002868652,2.7426440715789795,2.5483474731445312,2.712491750717163,2.698560953140259,2.7687325477600098,2.910459280014038,2.7370717525482178,3.0372328758239746,3.0507750511169434
B11,3.0039420127868652,2.670536994934082,2.518584728240967,2.1236331462860107,2.0650787353515625,1.8114104270935059,1.4252748489379883,1.3634196519851685,1.0654942989349365,1.0511243343353271,1.0465401411056519,0.7683088779449463,1.0561227798461914,1.2001267671585083,1.1716963052749634,2.069948673248291,2.215303659439087,2.085435628890991,1.8241057395935059,1.793398380279541,1.4825570583343506,1.1716235876083374,0.9704036116600037,0.6171250939369202,0.39061427116394043,0.0,0.39106446504592896,0.5960924625396729,0.8843307495117188,1.0773179531097412,2.0970354080200195,2.3139991760253906,2.196735143661499,1.8776915073394775,1.8959749937057495,1.5428497791290283,1.4537136554718018,1.2235374450683594,1.0288090705871582,0.9170933961868286,0.8231901526451111,1.0559730529785156,0.9286491274833679,1.1992243528366089,1.488747239112854,2.783529281616211,2.756389856338501,2.7068538665771484,2.497586250305176,2.1500115394592285,2.029953956604004,2.0081796646118164,1.812401294708252,1.7757704257965088,1.7245357036590576,1.7044332027435303,1.8629612922668457,1.6335558891296387,1.8808037042617798,2.1625187397003174,3.537527561187744,3.4177191257476807,3.3829689025878906,3.0955493450164795,3.0096969604492188,2.6929919719696045,2.8421952724456787,2.6614301204681396,2.778801918029785,2.769221305847168,2.789792776107788,2.9425160884857178,2.737422466278076,3.006866455078125,2.988452911376953
B12,3.383291244506836,3.0431976318359375,2.8939661979675293,2.498950719833374,2.423755168914795,2.1753199100494385,1.7900333404541016,1.7034287452697754,1.4187500476837158,1.337921142578125,1.3016091585159302,0.9572056531906128,1.1216249465942383,1.222712516784668,1.165956974029541,2.4210972785949707,2.559436559677124,2.4351892471313477,2.1556153297424316,2.113685131072998,1.8103080987930298,1.4721567630767822,1.2541234493255615,0.9391316771507263,0.6295457482337952,0.39106446504592896,0.0,0.38515904545783997,0.6819604635238647,0.8924925327301025,2.3653368949890137,2.584031105041504,2.47707200050354,2.149801254272461,2.146282434463501,1.7895807027816772,1.6277395486831665,1.359291434288025,1.1240122318267822,0.8847684264183044,0.721137285232544,0.8091311454772949,0.6098728179931641,0.8951089382171631,1.2296416759490967,2.9372355937957764,2.947436571121216,2.882052421569824,2.6859493255615234,2.3161330223083496,2.170564889907837,2.0821380615234375,1.8382511138916016,1.7527339458465576,1.6208754777908325,1.555342435836792,1.6420458555221558,1.3706977367401123,1.5879504680633545,1.8873440027236938,3.6094815731048584,3.527863025665283,3.4918878078460693,3.2132301330566406,3.0856549739837646,2.7562379837036133,2.853888511657715,2.637864351272583,2.715445041656494,2.6580519676208496,2.6412601470947266,2.755706310272217,2.514051914215088,2.7589423656463623,2.704709529876709
B13,3.5548603534698486,3.2352607250213623,3.0717387199401855,2.6798782348632812,2.6156420707702637,2.329841136932373,1.9530351161956787,1.8201271295547485,1.4912055730819702,1.3389601707458496,1.1974742412567139,0.8049601912498474,0.8528450727462769,0.8843212127685547,0.8214170932769775,2.553426742553711,2.738544464111328,2.6446776390075684,2.401587963104248,2.388395071029663,2.0770061016082764,1.7654674053192139,1.5453910827636719,1.2106674909591675,0.9179072380065918,0.5960924625396729,0.38515904545783997,0.0,0.3795050382614136,0.7024027109146118,2.5377118587493896,2.79455304145813,2.722689390182495,2.4219934940338135,2.457719326019287,2.1111109256744385,1.9727023839950562,1.7264889478683472,1.4776021242141724,1.2565605640411377,1.0351221561431885,1.0769261121749878,0.7663425803184509,0.9090964794158936,1.230068325996399,3.1496777534484863,3.1813626289367676,3.152895927429199,2.9820196628570557,2.626795530319214,2.511253595352173,2.422234058380127,2.1957623958587646,2.0800492763519287,1.9449710845947266,1.8272061347961426,1.892492651939392,1.5764648914337158,1.7213228940963745,1.987402081489563,3.857253313064575,3.7870659828186035,3.7788712978363037,3.5180270671844482,3.4038870334625244,3.0881893634796143,3.1824755668640137,2.976738929748535,3.0294463634490967,2.9713497161865234,2.9217453002929688,3.032076120376587,2.7646937370300293,2.9759521484375,2.882683515548706
