,A1,A2,A3,A4,A5,A6,A7,A8,A9,A10,A11,A12,A13,A14,A15,B1,B2,B3,B4,B5,B6,B7,B8,B9,B10,B11,B12,B13,B14,B15,C1,C2,C3,C4,C5,C6,C7,C8,C9,C10,C11,C12,C13,C14,C15,D1,D2,D3,D4,D5,D6,D7,D8,D9,D10,D11,D12,D13,D14,D15,E1,E2,E3,E4,E5,E6,E7,E8,E9,E10,E11,E12,E13,E14,E15
A1,0.0,0.37953048944473267,0.6271741390228271,0.9672022461891174,1.2679179906845093,1.6099658012390137,1.8870141506195068,2.1975343227386475,2.4536802768707275,2.7716879844665527,3.001267194747925,3.2414562702178955,3.550607681274414,3.7907822132110596,3.8005895614624023,1.6163028478622437,1.7892582416534424,1.7951850891113281,1.927176594734192,1.922351360321045,2.182605504989624,2.4298923015594482,2.4872796535491943,2.772219657897949,2.9398412704467773,3.2507381439208984,3.5764334201812744,3.7001280784606934,3.9664392471313477,3.9714365005493164,2.5277974605560303,2.7319936752319336,2.922571897506714,3.133793830871582,3.27805757522583,3.5322859287261963,3.631596803665161,3.663013458251953,3.8430914878845215,3.7888059616088867,4.010878086090088,4.1546630859375,4.250429153442383,4.443798542022705,4.26328706741333,2.904283285140991,3.1628940105438232,3.421405553817749,3.655275821685791,3.907365322113037,4.115417003631592,4.2993669509887695,4.355245590209961,4.622426509857178,4.658507823944092,4.983125686645508,4.904421806335449,5.161628246307373,5.19285774230957,4.956072807312012,3.209681272506714,3.356112241744995,3.650658130645752,3.9035487174987793,4.209756851196289,4.421458721160889,4.660755634307861,4.787585258483887,5.078043460845947,5.306284427642822,5.602480411529541,5.696739196777344,5.947740077972412,6.198909759521484,6.300576210021973
A2,0.37953048944473267,0.0,0.37722811102867126,0.6512821316719055,0.9943744540214539,1.311097502708435,1.6245888471603394,1.9150195121765137,2.207083225250244,2.5095837116241455,2.765812397003174,2.987621307373047,3.315528392791748,3.552889823913574,3.5744333267211914,1.4182790517807007,1.5485340356826782,1.503968596458435,1.5959076881408691,1.5598865747451782,1.8088128566741943,2.0529069900512695,2.1185600757598877,2.4014551639556885,2.5828795433044434,2.903032064437866,3.2318756580352783,3.3713626861572266,3.646242380142212,3.667510986328125,2.342451810836792,2.5257132053375244,2.686375379562378,2.8698742389678955,2.983877182006836,3.2245001792907715,3.3012523651123047,3.3235490322113037,3.4890005588531494,3.4272208213806152,3.6445183753967285,3.7887959480285645,3.8887245655059814,4.091921329498291,3.924556016921997,2.7243118286132812,2.9755330085754395,3.212817907333374,3.419797658920288,3.64752459526062,3.8400967121124268,4.003360748291016,4.048447132110596,4.301294326782227,4.32716178894043,4.643143177032471,4.55573034286499,4.813541412353516,4.848621845245361,4.617054462432861,3.050994634628296,3.1939799785614014,3.477125883102417,3.7077653408050537,3.9925036430358887,4.186709880828857,4.407617568969727,4.520464897155762,4.798643589019775,5.017470836639404,5.302073955535889,5.381086349487305,5.633718490600586,5.8749494552612305,5.974067687988281
A3,0.6271741390228271,0.37722811102867126,0.0,0.3617043197154999,0.645138144493103,0.9828010201454163,1.2710351943969727,1.5801151990890503,1.854957938194275,2.1716489791870117,2.426647663116455,2.6679723262786865,2.9882872104644775,3.2437057495117188,3.286674976348877,1.5637203454971313,1.7038366794586182,1.6363047361373901,1.6768709421157837,1.5731124877929688,1.761201024055481,1.9487251043319702,1.9591927528381348,2.216136932373047,2.357848882675171,2.666804790496826,2.9954030513763428,3.1098220348358154,3.390404224395752,3.42012357711792,2.4772138595581055,2.674879789352417,2.8262338638305664,2.991009473800659,3.074723482131958,3.281137466430664,3.3279948234558105,3.3086888790130615,3.4533801078796387,3.350634813308716,3.539302110671997,3.653568744659424,3.723457098007202,3.9111580848693848,3.7325751781463623,2.84395432472229,3.115807294845581,3.3496971130371094,3.542783737182617,3.744953155517578,3.905548572540283,4.054163455963135,4.064577102661133,4.304291725158691,4.296457290649414,4.59829568862915,4.481820106506348,4.720010280609131,4.730413913726807,4.480181694030762,3.161031484603882,3.3362820148468018,3.6286442279815674,3.857628107070923,4.127707004547119,4.294020652770996,4.507635593414307,4.591075420379639,4.8652873039245605,5.060200214385986,5.337620258331299,5.39446496963501,5.632383823394775,5.856276512145996,5.933254241943359
A4,0.9672022461891174,0.6512821316719055,0.3617043197154999,0.0,0.37033259868621826,0.6710453629493713,1.011623501777649,1.304266333580017,1.6187866926193237,1.9235599040985107,2.214027166366577,2.4447669982910156,2.7806012630462646,3.043739080429077,3.1138646602630615,1.6137399673461914,1.698363184928894,1.5685759782791138,1.5361891984939575,1.363213062286377,1.498077392578125,1.6522315740585327,1.656744360923767,1.8867249488830566,2.0343704223632812,2.3553597927093506,2.6895711421966553,2.814394950866699,3.112328052520752,3.1710267066955566,2.4926414489746094,2.6633682250976562,2.77614688873291,2.901890754699707,2.9417247772216797,3.1230781078338623,3.132223606109619,3.0936570167541504,3.208259344100952,3.084411144256592,3.2547249794006348,3.3592569828033447,3.4244143962860107,3.6219213008880615,3.459815502166748,2.852979898452759,3.1129653453826904,3.31939697265625,3.477956771850586,3.6464083194732666,3.783186912536621,3.901827573776245,3.893791675567627,4.109640598297119,4.081981658935547,4.366511344909668,4.231287002563477,4.464600086212158,4.473844528198242,4.226202964782715,3.183119297027588,3.3548755645751953,3.6314845085144043,3.8336408138275146,4.076001167297363,4.219151973724365,4.408419132232666,4.472181797027588,4.728420734405518,4.907984733581543,5.167809009552002,5.201531887054443,5.438892364501953,5.6458845138549805,5.715613842010498
A5,1.2679179906845093,0.9943744540214539,0.645138144493103,0.37033259868621826,0.0,0.3638952672481537,0.6611773371696472,0.982467532157898,1.2757768630981445,1.5975828170776367,1.8901262283325195,2.1433777809143066,2.468912124633789,2.7533304691314697,2.851210117340088,1.8499575853347778,1.9427210092544556,1.8077750205993652,1.738607406616211,1.5188722610473633,1.5762925148010254,1.6510456800460815,1.5838278532028198,1.7676180601119995,1.8569207191467285,2.1565029621124268,2.485358715057373,2.5775692462921143,2.8805439472198486,2.950374126434326,2.687492847442627,2.868238687515259,2.97255539894104,3.080631971359253,3.0932934284210205,3.238022804260254,3.218425750732422,3.137746572494507,3.228855609893799,3.0629594326019287,3.1982805728912354,3.2669949531555176,3.2965240478515625,3.473733425140381,3.3005499839782715,3.025775194168091,3.299806833267212,3.5010437965393066,3.645942449569702,3.7890465259552,3.8934922218322754,3.9971420764923096,3.954639196395874,4.154973983764648,4.0929856300354,4.359795570373535,4.195361137390137,4.405152320861816,4.387418270111084,4.12147331237793,3.3399813175201416,3.538339853286743,3.820155143737793,4.019618511199951,4.2467803955078125,4.362698554992676,4.543980598449707,4.5789408683776855,4.829463958740234,4.983935832977295,5.2350006103515625,5.246690273284912,5.467076301574707,5.655277729034424,5.701691150665283
A6,1.6099658012390137,1.311097502708435,0.9828010201454163,0.6710453629493713,0.3638952672481537,0.0,0.3915950059890747,0.6533741354942322,0.9940786957740784,1.2871838808059692,1.6105703115463257,1.8433912992477417,2.182323694229126,2.4667727947235107,2.5862412452697754,1.9373397827148438,2.0002079010009766,1.8403149843215942,1.7206286191940308,1.4579459428787231,1.4356452226638794,1.4354523420333862,1.3143106698989868,1.460257649421692,1.5164457559585571,1.8082785606384277,2.135723829269409,2.224473237991333,2.5360350608825684,2.625037670135498,2.7024693489074707,2.8686933517456055,2.945171356201172,3.0210344791412354,2.9964535236358643,3.103687286376953,3.0515902042388916,2.9372668266296387,3.00321626663208,2.806779146194458,2.915694236755371,2.9620673656463623,2.9731485843658447,3.1442837715148926,2.97487211227417,3.0177764892578125,3.2866573333740234,3.465877056121826,3.582063913345337,3.690980911254883,3.763216018676758,3.8431396484375,3.7724897861480713,3.9521615505218506,3.863253116607666,4.112142562866211,3.9265153408050537,4.121654033660889,4.091228485107422,3.820030450820923,3.327124834060669,3.5328309535980225,3.803812026977539,3.983813524246216,4.184494972229004,4.271034240722656,4.433753490447998,4.441897392272949,4.6788859367370605,4.810859680175781,5.047953128814697,5.03773832321167,5.247322082519531,5.418061256408691,5.449476718902588
A7,1.8870141506195068,1.6245888471603394,1.2710351943969727,1.011623501777649,0.6611773371696472,0.3915950059890747,0.0,0.3620274066925049,0.6204289197921753,0.9474083185195923,1.2519898414611816,1.5192255973815918,1.8366084098815918,2.142364740371704,2.2833361625671387,2.1838715076446533,2.2754945755004883,2.141300916671753,2.0248165130615234,1.764624834060669,1.699936032295227,1.6325355768203735,1.4285575151443481,1.526984453201294,1.481737494468689,1.7107510566711426,2.013153553009033,2.042609214782715,2.340449094772339,2.421164035797119,2.9011616706848145,3.088587522506714,3.172449827194214,3.2463388442993164,3.213547468185425,3.287342071533203,3.2239725589752197,3.0685670375823975,3.124972343444824,2.8916163444519043,2.965489387512207,2.969209671020508,2.9340999126434326,3.064971446990967,2.868778944015503,3.1877386569976807,3.475322961807251,3.658836603164673,3.773960828781128,3.8674323558807373,3.91017746925354,3.9878158569335938,3.8834428787231445,4.056299209594727,3.935443878173828,4.1701459884643555,3.9605956077575684,4.125045299530029,4.058832168579102,3.7634525299072266,3.4679718017578125,3.7052576541900635,3.986882209777832,4.174485206604004,4.367897987365723,4.430359840393066,4.594889163970947,4.575977802276611,4.814444541931152,4.921137809753418,5.156161308288574,5.131534576416016,5.316877365112305,5.472661018371582,5.4771728515625
A8,2.1975343227386475,1.9150195121765137,1.5801151990890503,1.304266333580017,0.982467532157898,0.6533741354942322,0.3620274066925049,0.0,0.4010617434978485,0.6371539235115051,0.9833393096923828,1.2075966596603394,1.545986294746399,1.8416203260421753,1.9996132850646973,2.2765004634857178,2.3464787006378174,2.205665349960327,2.0612692832946777,1.79055917263031,1.66465163230896,1.5255334377288818,1.2579668760299683,1.3108869791030884,1.1938822269439697,1.3819084167480469,1.670642614364624,1.684118390083313,1.9817636013031006,2.073209524154663,2.905284881591797,3.080232620239258,3.141716480255127,3.1888723373413086,3.127032995223999,3.1615488529205322,3.073817491531372,2.8836371898651123,2.921116590499878,2.6593716144561768,2.704922676086426,2.681112766265869,2.620988607406616,2.734166383743286,2.5331735610961914,3.1614480018615723,3.442345142364502,3.6053764820098877,3.6953721046447754,3.7569522857666016,3.766709327697754,3.8253679275512695,3.6920907497406006,3.8470468521118164,3.699692487716675,3.917113780975342,3.689333915710449,3.834754467010498,3.751408100128174,3.4482052326202393,3.4282524585723877,3.6724917888641357,3.942654848098755,4.113133430480957,4.281282901763916,4.314124584197998,4.46307897567749,4.417057514190674,4.643981456756592,4.726817607879639,4.950129508972168,4.907111167907715,5.077252388000488,5.217190265655518,5.204977512359619
A9,2.4536802768707275,2.207083225250244,1.854957938194275,1.6187866926193237,1.2757768630981445,0.9940786957740784,0.6204289197921753,0.4010617434978485,0.0,0.37058937549591064,0.647148072719574,0.9473974108695984,1.2355520725250244,1.5664784908294678,1.752658486366272,2.5710837841033936,2.6727614402770996,2.5599570274353027,2.4324285984039307,2.175363063812256,2.0444819927215576,1.8830814361572266,1.5818482637405396,1.6009984016418457,1.4029150009155273,1.4980634450912476,1.732493281364441,1.6627440452575684,1.9240120649337769,1.9940619468688965,3.170443296432495,3.3678600788116455,3.4437482357025146,3.4979183673858643,3.4396321773529053,3.45263409614563,3.3643758296966553,3.1462724208831787,3.180669069290161,2.895289182662964,2.910257577896118,2.8465003967285156,2.7400639057159424,2.803443193435669,2.573085069656372,3.4023988246917725,3.700408935546875,3.872565269470215,3.9689855575561523,4.024375915527344,4.01323127746582,4.075764179229736,3.916811466217041,4.068687438964844,3.896496057510376,4.100799560546875,3.855478048324585,3.9684505462646484,3.8484256267547607,3.522575855255127,3.638218402862549,3.9100863933563232,4.191893577575684,4.3743672370910645,4.54150915145874,4.557681083679199,4.7127203941345215,4.646305561065674,4.876919746398926,4.9385151863098145,5.1619038581848145,5.109699726104736,5.255080699920654,5.382305145263672,5.344187259674072
A10,2.7716879844665527,2.5095837116241455,2.1716489791870117,1.9235599040985107,1.5975828170776367,1.2871838808059692,0.9474083185195923,0.6371539235115051,0.37058937549591064,0.0,0.38967329263687134,0.6117408871650696,0.9248591661453247,1.2457455396652222,1.4614276885986328,2.717495918273926,2.801666498184204,2.6885745525360107,2.5441815853118896,2.289034366607666,2.1163766384124756,1.9032899141311646,1.5626437664031982,1.5357333421707153,1.2613730430603027,1.2676153182983398,1.4531902074813843,1.3369216918945312,1.5786958932876587,1.65286386013031,3.227160930633545,3.41232967376709,3.4686946868896484,3.4990861415863037,3.416489601135254,3.3902554512023926,3.281808376312256,3.030637502670288,3.047168493270874,2.7368462085723877,2.7185046672821045,2.620342493057251,2.4799087047576904,2.510607957839966,2.2698476314544678,3.4252846240997314,3.7144057750701904,3.8664023876190186,3.939206838607788,3.9635047912597656,3.918499231338501,3.9632253646850586,3.774625301361084,3.907418966293335,3.707597494125366,3.8909997940063477,3.627887725830078,3.7147724628448486,3.571537494659424,3.236002206802368,3.641993761062622,3.919402599334717,4.188427925109863,4.35435152053833,4.496102333068848,4.482053279876709,4.621860027313232,4.527412414550781,4.745744228363037,4.780865669250488,4.991687297821045,4.921225070953369,5.046841144561768,5.156376361846924,5.0981125831604
A11,3.001267194747925,2.765812397003174,2.426647663116455,2.214027166366577,1.8901262283325195,1.6105703115463257,1.2519898414611816,0.9833393096923828,0.647148072719574,0.38967329263687134,0.0,0.3772020637989044,0.5927572846412659,0.9362231492996216,1.156783938407898,2.918799638748169,3.0338971614837646,2.9556984901428223,2.8368618488311768,2.607320547103882,2.4453792572021484,2.232428789138794,1.8760665655136108,1.8612483739852905,1.5546033382415771,1.4857033491134644,1.6038261651992798,1.414395809173584,1.5739787817001343,1.584223747253418,3.3829402923583984,3.5909764766693115,3.665860652923584,3.7094311714172363,3.640739917755127,3.598525047302246,3.5042474269866943,3.234078884124756,3.2645423412323,2.947514533996582,2.915954113006592,2.7921035289764404,2.6184208393096924,2.593095302581787,2.314896821975708,3.551743268966675,3.856271266937256,4.019026756286621,4.103012561798096,4.126907825469971,4.065405368804932,4.123620986938477,3.9154670238494873,4.054859161376953,3.8403217792510986,4.019313335418701,3.752439260482788,3.809974193572998,3.633023738861084,3.2773845195770264,3.731842517852783,4.035566806793213,4.315512657165527,4.495920658111572,4.639483451843262,4.611240863800049,4.762738227844238,4.651697158813477,4.878936767578125,4.896368026733398,5.1136794090271,5.044086456298828,5.143246650695801,5.247859001159668,5.166956424713135
A12,3.2414562702178955,2.987621307373047,2.6679723262786865,2.4447669982910156,2.1433777809143066,1.8433912992477417,1.5192255973815918,1.2075966596603394,0.9473974108695984,0.6117408871650696,0.3772020637989044,0.0,0.38343673944473267,0.6395308971405029,0.8718731999397278,2.977468490600586,3.073310613632202,2.9989237785339355,2.8711163997650146,2.6546154022216797,2.466722011566162,2.2228381633758545,1.8482911586761475,1.8150421380996704,1.4683111906051636,1.3146307468414307,1.3657348155975342,1.134850263595581,1.2370179891586304,1.219361662864685,3.345038414001465,3.5378105640411377,3.5940732955932617,3.616703987121582,3.5300776958465576,3.4528937339782715,3.3476881980895996,3.0522100925445557,3.07487416267395,2.745898485183716,2.692103147506714,2.54363751411438,2.3452720642089844,2.283153533935547,1.9878010749816895,3.4783542156219482,3.769453525543213,3.911025285720825,3.972771167755127,3.968745231628418,3.8770880699157715,3.9220468997955322,3.68961501121521,3.81490421295166,3.5802390575408936,3.7437877655029297,3.468757152557373,3.5038869380950928,3.307736396789551,2.9444987773895264,3.638373613357544,3.9423046112060547,4.206357002258301,4.369346618652344,4.488271713256836,4.432426452636719,4.570428371429443,4.435169219970703,4.6519317626953125,4.646409034729004,4.854337215423584,4.77306604385376,4.853600025177002,4.946285724639893,4.849769592285156
A13,3.550607681274414,3.315528392791748,2.9882872104644775,2.7806012630462646,2.468912124633789,2.182323694229126,1.8366084098815918,1.545986294746399,1.2355520725250244,0.9248591661453247,0.5927572846412659,0.38343673944473267,0.0,0.3864053189754486,0.7064046263694763,3.315199851989746,3.426788806915283,3.3665709495544434,3.2474722862243652,3.036432981491089,2.8490149974823,2.600980758666992,2.225104808807373,2.1770360469818115,1.817347526550293,1.6252366304397583,1.618814468383789,1.3337997198104858,1.3560327291488647,1.3037909269332886,3.658930778503418,3.8622729778289795,3.9259777069091797,3.9515724182128906,3.867161750793457,3.775282144546509,3.670137643814087,3.3609766960144043,3.3788161277770996,3.0417697429656982,2.9644718170166016,2.7878899574279785,2.5569515228271484,2.4468562602996826,2.140637159347534,3.772014617919922,4.068958282470703,4.213159084320068,4.276666641235352,4.265784740447998,4.157435417175293,4.202564239501953,3.9524152278900146,4.070175647735596,3.8179430961608887,3.9636764526367188,3.678725004196167,3.680506467819214,3.4527199268341064,3.0791211128234863,3.905357837677002,4.22408390045166,4.491332530975342,4.659298419952393,4.773521423339844,4.702908039093018,4.841883182525635,4.6896796226501465,4.904482841491699,4.87855339050293,5.081679344177246,4.991498947143555,5.046877861022949,5.124422073364258,5.003134727478027
A14,3.7907822132110596,3.552889823913574,3.2437057495117188,3.043739080429077,2.7533304691314697,2.4667727947235107,2.142364740371704,1.8416203260421753,1.5664784908294678,1.2457455396652222,0.9362231492996216,0.6395308971405029,0.3864053189754486,0.0,0.38328200578689575,3.4104301929473877,3.520388603210449,3.4803683757781982,3.3709638118743896,3.185883045196533,2.9948930740356445,2.7394144535064697,2.3589980602264404,2.3206112384796143,1.951378583908081,1.7066911458969116,1.6373192071914673,1.332516074180603,1.2459295988082886,1.1046667098999023,3.660431146621704,3.860542058944702,3.9204306602478027,3.9398231506347656,3.8548316955566406,3.7360098361968994,3.6377346515655518,3.311694860458374,3.3382692337036133,3.003875494003296,2.9164178371429443,2.723555326461792,2.4744250774383545,2.313361644744873,1.9805954694747925,3.7331411838531494,4.022953510284424,4.15618371963501,4.210562705993652,4.1828999519348145,4.049430847167969,4.095515727996826,3.825287103652954,3.939915418624878,3.6749045848846436,3.8112246990203857,3.529545545578003,3.5042083263397217,3.2514243125915527,2.868678331375122,3.832749843597412,4.158636569976807,4.416409969329834,4.577999114990234,4.676105976104736,4.581667900085449,4.717924118041992,4.544405460357666,4.756886005401611,4.70898962020874,4.910614967346191,4.8187031745910645,4.848045349121094,4.919195652008057,4.7794013023376465
A15,3.8005895614624023,3.5744333267211914,3.286674976348877,3.1138646602630615,2.851210117340088,2.5862412452697754,2.2833361625671387,1.9996132850646973,1.752658486366272,1.4614276885986328,1.156783938407898,0.8718731999397278,0.7064046263694763,0.38328200578689575,0.0,3.312610149383545,3.4411439895629883,3.4373576641082764,3.3587305545806885,3.211808919906616,3.0449059009552,2.8108150959014893,2.4339938163757324,2.445725202560425,2.0946450233459473,1.8531088829040527,1.7810113430023193,1.5066502094268799,1.3678033351898193,1.12295401096344,3.495870590209961,3.7103066444396973,3.787928342819214,3.8248674869537354,3.7651047706604004,3.64459228515625,3.5791690349578857,3.255791187286377,3.319723606109619,3.0078232288360596,2.945765733718872,2.769179582595825,2.5347964763641357,2.3533504009246826,1.9888715744018555,3.5381689071655273,3.8343276977539062,3.9765305519104004,4.045811176300049,4.028018474578857,3.892773389816284,3.965139627456665,3.6950623989105225,3.8339664936065674,3.5809712409973145,3.7365405559539795,3.479750156402588,3.453150510787964,3.1953694820404053,2.8068277835845947,3.603666305541992,3.9443278312683105,4.207493782043457,4.382381916046143,4.486968994140625,4.389206409454346,4.543665885925293,4.368663311004639,4.597989559173584,4.54962682723999,4.7697930335998535,4.69962739944458,4.715997219085693,4.804150581359863,4.663707733154297
B1,1.6163028478622437,1.4182790517807007,1.5637203454971313,1.6137399673461914,1.8499575853347778,1.9373397827148438,2.1838715076446533,2.2765004634857178,2.5710837841033936,2.717495918273926,2.918799638748169,2.977468490600586,3.315199851989746,3.4104301929473877,3.312610149383545,0.0,0.3748897910118103,0.6742857694625854,0.9840882420539856,1.2381291389465332,1.5225707292556763,1.7829073667526245,1.8574053049087524,2.2413275241851807,2.4255211353302,2.668118953704834,2.9287221431732178,3.114130973815918,3.2890875339508057,3.2188429832458496,0.9249231219291687,1.1456550359725952,1.3712393045425415,1.6286706924438477,1.8426398038864136,2.094477653503418,2.2908687591552734,2.3494231700897217,2.630099296569824,2.663123369216919,2.9533557891845703,3.15020751953125,3.302492141723633,3.479377508163452,3.301736354827881,1.3069744110107422,1.565528392791748,1.8252640962600708,2.0723912715911865,2.3390133380889893,2.552760362625122,2.7855396270751953,2.862577438354492,3.1775100231170654,3.263526201248169,3.627542018890381,3.6234147548675537,3.897477149963379,3.961646556854248,3.7645723819732666,1.6474658250808716,1.7804138660430908,2.0711472034454346,2.321291208267212,2.6229913234710693,2.8210372924804688,3.080792188644409,3.2071847915649414,3.5214130878448486,3.756680488586426,4.08056116104126,4.2167840003967285,4.45682430267334,4.742058277130127,4.862648963928223
B2,1.7892582416534424,1.5485340356826782,1.7038366794586182,1.698363184928894,1.9427210092544556,2.0002079010009766,2.2754945755004883,2.3464787006378174,2.6727614402770996,2.801666498184204,3.0338971614837646,3.073310613632202,3.426788806915283,3.520388603210449,3.4411439895629883,0.3748897910118103,0.0,0.3597888648509979,0.6943843960762024,1.011881709098816,1.3085999488830566,1.5972708463668823,1.7364835739135742,2.109355926513672,2.3391778469085693,2.5978879928588867,2.857637405395508,3.078617572784424,3.2657599449157715,3.2251219749450684,0.8988438844680786,0.9947056770324707,1.1395516395568848,1.3541064262390137,1.5429896116256714,1.8180140256881714,2.004077672958374,2.099545955657959,2.3694183826446533,2.433588981628418,2.7385644912719727,2.9619598388671875,3.14587664604187,3.353611469268799,3.2142813205718994,1.2899718284606934,1.473145842552185,1.6745527982711792,1.873142957687378,2.119652032852173,2.3443992137908936,2.548248052597046,2.647531270980835,2.9448814392089844,3.0481786727905273,3.406808614730835,3.4136133193969727,3.707033634185791,3.8015432357788086,3.6326098442077637,1.6753371953964233,1.7394261360168457,1.976991891860962,2.1725809574127197,2.444973945617676,2.644531011581421,2.872330904006958,3.008732557296753,3.3003344535827637,3.5460522174835205,3.853132486343384,3.982698917388916,4.243582248687744,4.526218414306641,4.664633274078369
B3,1.7951850891113281,1.503968596458435,1.6363047361373901,1.5685759782791138,1.8077750205993652,1.8403149843215942,2.141300916671753,2.205665349960327,2.5599570274353027,2.6885745525360107,2.9556984901428223,2.9989237785339355,3.3665709495544434,3.4803683757781982,3.4373576641082764,0.6742857694625854,0.3597888648509979,0.0,0.34752681851387024,0.6793315410614014,0.9945441484451294,1.3125520944595337,1.504843831062317,1.8586509227752686,2.1271615028381348,2.414414644241333,2.687892198562622,2.9307608604431152,3.1471736431121826,3.1484718322753906,1.1836198568344116,1.2042509317398071,1.2520331144332886,1.3799840211868286,1.4855430126190186,1.7519526481628418,1.8772658109664917,1.9736804962158203,2.199491262435913,2.252406120300293,2.549182176589966,2.778208017349243,2.9726099967956543,3.209674835205078,3.100452184677124,1.5539648532867432,1.6976748704910278,1.8432143926620483,1.9785503149032593,2.1763010025024414,2.3817248344421387,2.5340802669525146,2.624598741531372,2.885955333709717,2.974043607711792,3.3129754066467285,3.2989661693573,3.599651575088501,3.705352306365967,3.545637845993042,1.9506185054779053,1.9931879043579102,2.1934897899627686,2.338843584060669,2.5699565410614014,2.7497825622558594,2.935737133026123,3.0591604709625244,3.3201098442077637,3.5573272705078125,3.8376035690307617,3.9382870197296143,4.212548732757568,4.476308345794678,4.615878105163574
B4,1.927176594734192,1.5959076881408691,1.6768709421157837,1.5361891984939575,1.738607406616211,1.7206286191940308,2.0248165130615234,2.0612692832946777,2.4324285984039307,2.5441815853118896,2.8368618488311768,2.8711163997650146,3.2474722862243652,3.3709638118743896,3.3587305545806885,0.9840882420539856,0.6943843960762024,0.34752681851387024,0.0,0.36657530069351196,0.6683775186538696,1.0012285709381104,1.2414709329605103,1.5703387260437012,1.8698197603225708,2.174102306365967,2.452730178833008,2.715113401412964,2.9522554874420166,2.990562915802002,1.4349143505096436,1.4138939380645752,1.3869177103042603,1.4301726818084717,1.4428054094314575,1.672603726387024,1.727677583694458,1.8054131269454956,1.983678936958313,2.0149567127227783,2.297684907913208,2.526134967803955,2.725813627243042,2.9854049682617188,2.903362274169922,1.7743102312088013,1.8955689668655396,1.9939002990722656,2.0695250034332275,2.2104010581970215,2.3808186054229736,2.4818437099456787,2.549483299255371,2.7734181880950928,2.836575746536255,3.1530745029449463,3.1138370037078857,3.415095329284668,3.5252230167388916,3.3714962005615234,2.169874906539917,2.208592176437378,2.381406784057617,2.4843976497650146,2.6715266704559326,2.819094657897949,2.9654600620269775,3.0635757446289062,3.295464038848877,3.514187812805176,3.76810884475708,3.8363170623779297,4.115428447723389,4.357226371765137,4.490750312805176
B5,1.922351360321045,1.5598865747451782,1.5731124877929688,1.363213062286377,1.5188722610473633,1.4579459428787231,1.764624834060669,1.79055917263031,2.175363063812256,2.289034366607666,2.607320547103882,2.6546154022216797,3.036432981491089,3.185883045196533,3.211808919906616,1.2381291389465332,1.011881709098816,0.6793315410614014,0.36657530069351196,0.0,0.35384076833724976,0.7076553106307983,0.9708822965621948,1.2724864482879639,1.5904185771942139,1.9228156805038452,2.220686435699463,2.48386287689209,2.7520909309387207,2.827895164489746,1.7531615495681763,1.7492822408676147,1.7079901695251465,1.7133114337921143,1.663293480873108,1.8414762020111084,1.8242521286010742,1.851418137550354,1.9699065685272217,1.9423385858535767,2.186980962753296,2.3894248008728027,2.568380117416382,2.838437080383301,2.765935182571411,2.0800578594207764,2.216846227645874,2.305312395095825,2.355076313018799,2.4563307762145996,2.5877249240875244,2.6503946781158447,2.6795501708984375,2.868718385696411,2.889279365539551,3.178410530090332,3.096909523010254,3.3840878009796143,3.4778237342834473,3.311006546020508,2.464823007583618,2.5288619995117188,2.7040305137634277,2.796520233154297,2.9605040550231934,3.0792794227600098,3.2027692794799805,3.2707180976867676,3.483060121536255,3.675818681716919,3.908094644546509,3.941281318664551,4.213949680328369,4.429355621337891,4.544169902801514
B6,2.182605504989624,1.8088128566741943,1.761201024055481,1.498077392578125,1.5762925148010254,1.4356452226638794,1.699936032295227,1.66465163230896,2.0444819927215576,2.1163766384124756,2.4453792572021484,2.466722011566162,2.8490149974823,2.9948930740356445,3.0449059009552,1.5225707292556763,1.3085999488830566,0.9945441484451294,0.6683775186538696,0.35384076833724976,0.0,0.3623008728027344,0.6789135336875916,0.9411389231681824,1.2822426557540894,1.618844747543335,1.9133100509643555,2.1920688152313232,2.4718101024627686,2.578983783721924,1.9578523635864258,1.9410545825958252,1.8624173402786255,1.8140894174575806,1.6948796510696411,1.807923436164856,1.721837043762207,1.6969115734100342,1.7619010210037231,1.6867122650146484,1.9005144834518433,2.085942029953003,2.2563626766204834,2.5372304916381836,2.4843106269836426,2.2477052211761475,2.3778934478759766,2.4360625743865967,2.4431235790252686,2.4912219047546387,2.5748391151428223,2.594975471496582,2.584213972091675,2.7371039390563965,2.7187552452087402,2.9812376499176025,2.8669321537017822,3.14190673828125,3.2264766693115234,3.0575127601623535,2.6170055866241455,2.692204236984253,2.852579116821289,2.9185450077056885,3.044606924057007,3.1233277320861816,3.2168221473693848,3.248333692550659,3.4374425411224365,3.6001949310302734,3.809502124786377,3.808898687362671,4.072482109069824,4.262934684753418,4.360748291015625
B7,2.4298923015594482,2.0529069900512695,1.9487251043319702,1.6522315740585327,1.6510456800460815,1.4354523420333862,1.6325355768203735,1.5255334377288818,1.8830814361572266,1.9032899141311646,2.232428789138794,2.2228381633758545,2.600980758666992,2.7394144535064697,2.8108150959014893,1.7829073667526245,1.5972708463668823,1.3125520944595337,1.0012285709381104,0.7076553106307983,0.3623008728027344,0.0,0.3804320991039276,0.5885753035545349,0.9408185482025146,1.274990439414978,1.5659730434417725,1.854077696800232,2.142627239227295,2.276789665222168,2.1585140228271484,2.1481211185455322,2.0543997287750244,1.9744644165039062,1.8088884353637695,1.8511322736740112,1.707883358001709,1.6104720830917358,1.6240177154541016,1.4781194925308228,1.644657850265503,1.7942306995391846,1.9386564493179321,2.218325614929199,2.172427177429199,2.4108316898345947,2.547276020050049,2.588752508163452,2.567631959915161,2.570465326309204,2.6024279594421387,2.5902397632598877,2.529500722885132,2.6505348682403564,2.5833327770233154,2.817990779876709,2.663822650909424,2.9157216548919678,2.977184772491455,2.794733762741089,2.7558043003082275,2.854072093963623,3.0102415084838867,3.062716484069824,3.158923625946045,3.1965084075927734,3.2695116996765137,3.2599282264709473,3.4324629306793213,3.5593535900115967,3.750307083129883,3.7167718410491943,3.9614574909210205,4.125919818878174,4.198240756988525
B8,2.4872796535491943,2.1185600757598877,1.9591927528381348,1.656744360923767,1.5838278532028198,1.3143106698989868,1.4285575151443481,1.2579668760299683,1.5818482637405396,1.5626437664031982,1.8760665655136108,1.8482911586761475,2.225104808807373,2.3589980602264404,2.4339938163757324,1.8574053049087524,1.7364835739135742,1.504843831062317,1.2414709329605103,0.9708822965621948,0.6789135336875916,0.3804320991039276,0.0,0.3873223066329956,0.6283872127532959,0.9525365233421326,1.2594108581542969,1.5196430683135986,1.8082263469696045,1.931924819946289,2.2281382083892822,2.2659382820129395,2.2045364379882812,2.1456665992736816,1.9933106899261475,1.9951261281967163,1.8553410768508911,1.6881252527236938,1.7068325281143188,1.493489384651184,1.6146705150604248,1.7028192281723022,1.7845491170883179,2.0193424224853516,1.9249683618545532,2.4555411338806152,2.6311733722686768,2.693882703781128,2.688145160675049,2.6844186782836914,2.6824395656585693,2.682107925415039,2.5747106075286865,2.7005300521850586,2.5905234813690186,2.818497657775879,2.6326746940612793,2.8488729000091553,2.8620200157165527,2.6382007598876953,2.76892352104187,2.9158945083618164,3.0978410243988037,3.1736674308776855,3.2730276584625244,3.2857770919799805,3.373217821121216,3.331885576248169,3.5170681476593018,3.6152830123901367,3.813314437866211,3.7686607837677,3.982292413711548,4.135315895080566,4.1750617027282715
B9,2.772219657897949,2.4014551639556885,2.216136932373047,1.8867249488830566,1.7676180601119995,1.460257649421692,1.526984453201294,1.3108869791030884,1.6009984016418457,1.5357333421707153,1.8612483739852905,1.8150421380996704,2.1770360469818115,2.3206112384796143,2.445725202560425,2.2413275241851807,2.109355926513672,1.8586509227752686,1.5703387260437012,1.2724864482879639,0.9411389231681824,0.5885753035545349,0.3873223066329956,0.0,0.3908672630786896,0.7434614896774292,1.047875165939331,1.3287694454193115,1.6535491943359375,1.849437952041626,2.594444513320923,2.61220383644104,2.5224783420562744,2.4264180660247803,2.228553056716919,2.1899325847625732,1.9895386695861816,1.7928494215011597,1.7286765575408936,1.4628859758377075,1.5061033964157104,1.54723060131073,1.5995910167694092,1.8520411252975464,1.8031258583068848,2.8064115047454834,2.9647159576416016,3.0010647773742676,2.960667610168457,2.916759490966797,2.881840705871582,2.8344855308532715,2.699812173843384,2.7734315395355225,2.6252124309539795,2.804945707321167,2.5790040493011475,2.772547483444214,2.7755348682403564,2.557561159133911,3.111876964569092,3.251735210418701,3.414320468902588,3.4633572101593018,3.530792236328125,3.5172743797302246,3.570389747619629,3.503725051879883,3.655508041381836,3.7259833812713623,3.889572858810425,3.8059632778167725,4.011815547943115,4.1303863525390625,4.153316020965576
B10,2.9398412704467773,2.5828795433044434,2.357848882675171,2.0343704223632812,1.8569207191467285,1.5164457559585571,1.481737494468689,1.1938822269439697,1.4029150009155273,1.2613730430603027,1.5546033382415771,1.4683111906051636,1.817347526550293,1.951378583908081,2.0946450233459473,2.4255211353302,2.3391778469085693,2.1271615028381348,1.8698197603225708,1.5904185771942139,1.2822426557540894,0.9408185482025146,0.6283872127532959,0.3908672630786896,0.0,0.3816288411617279,0.7152038812637329,0.9570958614349365,1.295284628868103,1.5024503469467163,2.756314992904663,2.8070688247680664,2.7388336658477783,2.6553051471710205,2.4659817218780518,2.3928427696228027,2.195585250854492,1.946703553199768,1.882325291633606,1.5667752027511597,1.5505661964416504,1.5123580694198608,1.478833794593811,1.667235016822815,1.5703990459442139,2.940094470977783,3.124058485031128,3.1724345684051514,3.1397674083709717,3.085226535797119,3.0171732902526855,2.9748663902282715,2.797712564468384,2.8671276569366455,2.6768782138824463,2.838974714279175,2.581186294555664,2.7293431758880615,2.6789846420288086,2.4216818809509277,3.211921453475952,3.3890841007232666,3.5674986839294434,3.6310908794403076,3.6953518390655518,3.6561617851257324,3.7164533138275146,3.6184489727020264,3.775258779525757,3.814493179321289,3.978181838989258,3.8798820972442627,4.052159786224365,4.153485298156738,4.141335487365723
B11,3.2507381439208984,2.903032064437866,2.666804790496826,2.3553597927093506,2.1565029621124268,1.8082785606384277,1.7107510566711426,1.3819084167480469,1.4980634450912476,1.2676153182983398,1.4857033491134644,1.3146307468414307,1.6252366304397583,1.7066911458969116,1.8531088829040527,2.668118953704834,2.5978879928588867,2.414414644241333,2.174102306365967,1.9228156805038452,1.618844747543335,1.274990439414978,0.9525365233421326,0.7434614896774292,0.3816288411617279,0.0,0.3422119915485382,0.586168646812439,0.9179418087005615,1.1503077745437622,2.9188919067382812,2.975681781768799,2.9056084156036377,2.812513589859009,2.6136350631713867,2.493624687194824,2.286451578140259,1.9906550645828247,1.911816120147705,1.5590254068374634,1.4802659749984741,1.3668301105499268,1.2537206411361694,1.37709641456604,1.2497376203536987,3.060194253921509,3.245588779449463,3.283829927444458,3.2376253604888916,3.154684066772461,3.0446577072143555,2.9907376766204834,2.7710344791412354,2.8210675716400146,2.5889928340911865,2.7231826782226562,2.4369354248046875,2.5398781299591064,2.4446258544921875,2.161284923553467,3.2959508895874023,3.4911739826202393,3.6647324562072754,3.722201108932495,3.7650022506713867,3.6908390522003174,3.7421047687530518,3.608081579208374,3.7561445236206055,3.759042501449585,3.9120824337005615,3.7934248447418213,3.9328441619873047,4.012333393096924,3.9679133892059326
B12,3.5764334201812744,3.2318756580352783,2.9954030513763428,2.6895711421966553,2.485358715057373,2.135723829269409,2.013153553009033,1.670642614364624,1.732493281364441,1.4531902074813843,1.6038261651992798,1.3657348155975342,1.618814468383789,1.6373192071914673,1.7810113430023193,2.9287221431732178,2.857637405395508,2.687892198562622,2.452730178833008,2.220686435699463,1.9133100509643555,1.5659730434417725,1.2594108581542969,1.047875165939331,0.7152038812637329,0.3422119915485382,0.0,0.3518795371055603,0.6351029276847839,0.9185301065444946,3.1031880378723145,3.151557445526123,3.068972110748291,2.957787275314331,2.742516040802002,2.5807273387908936,2.3575518131256104,2.030052661895752,1.9263252019882202,1.5518862009048462,1.4107303619384766,1.2277189493179321,1.0386780500411987,1.0978047847747803,0.9650797247886658,3.2076034545898438,3.3815226554870605,3.4006645679473877,3.3326406478881836,3.2177066802978516,3.069653272628784,2.9946517944335938,2.740675926208496,2.7614076137542725,2.492868661880493,2.5910143852233887,2.2790164947509766,2.3388264179229736,2.207876443862915,1.9115493297576904,3.4152276515960693,3.6134955883026123,3.772171974182129,3.8134360313415527,3.829058885574341,3.722259521484375,3.7553927898406982,3.589520215988159,3.7197141647338867,3.6883835792541504,3.8228092193603516,3.6806066036224365,3.7922868728637695,3.846736192703247,3.77506422996521
B13,3.7001280784606934,3.3713626861572266,3.1098220348358154,2.814394950866699,2.5775692462921143,2.224473237991333,2.042609214782715,1.684118390083313,1.6627440452575684,1.3369216918945312,1.414395809173584,1.134850263595581,1.3337997198104858,1.332516074180603,1.5066502094268799,3.114130973815918,3.078617572784424,2.9307608604431152,2.715113401412964,2.48386287689209,2.1920688152313232,1.854077696800232,1.5196430683135986,1.3287694454193115,0.9570958614349365,0.586168646812439,0.3518795371055603,0.0,0.38170817494392395,0.7030220031738281,3.3034374713897705,3.3815417289733887,3.3238298892974854,3.233492136001587,3.0376203060150146,2.8743269443511963,2.668670177459717,2.331685781478882,2.2442684173583984,1.8701343536376953,1.7173799276351929,1.503859043121338,1.262309193611145,1.2234667539596558,1.027769684791565,3.397934913635254,3.595073938369751,3.6328301429748535,3.5827817916870117,3.4755916595458984,3.318664789199829,3.2592384815216064,2.9892311096191406,3.01656436920166,2.7325453758239746,2.820836067199707,2.4998767375946045,2.5192642211914062,2.3415277004241943,2.01591420173645,3.5820090770721436,3.808471441268921,3.9848155975341797,4.045555591583252,4.069911956787109,3.9556071758270264,4.002301216125488,3.8236348628997803,3.962830066680908,3.915175676345825,4.053699016571045,3.9086086750030518,3.993276834487915,4.036864757537842,3.9378557205200195
