,A1,A2,A3,A4,A5,A6,A7,A8,A9,A10,A11,A12,A13,A14,A15,B1,B2,B3,B4,B5,B6,B7,B8,B9,B10,B11,B12,B13,B14,B15,C1,C2,C3,C4,C5,C6,C7,C8,C9,C10,C11,C12,C13,C14,C15,D1,D2,D3,D4,D5,D6,D7,D8,D9,D10,D11,D12,D13,D14,D15,E1,E2,E3,E4,E5,E6,E7,E8,E9,E10,E11,E12,E13,E14,E15
A1,0.0,0.38182923197746277,0.6376448273658752,0.9356864094734192,1.2484432458877563,1.4633039236068726,1.7462016344070435,1.692009449005127,2.077869415283203,2.1355769634246826,2.5161550045013428,2.5970005989074707,2.974503993988037,3.251087188720703,3.3655765056610107,1.0861512422561646,1.1221837997436523,1.0093384981155396,1.1975141763687134,1.352189540863037,1.621168613433838,1.9366979598999023,1.8526464700698853,2.1995277404785156,2.2506890296936035,2.614537477493286,2.676191568374634,2.961825132369995,3.2681524753570557,3.332961320877075,1.5052502155303955,1.5061951875686646,1.4513040781021118,1.6035301685333252,1.748314619064331,1.9676493406295776,2.278517723083496,2.1847920417785645,2.4974942207336426,2.541638135910034,2.866783618927002,2.921023368835449,3.140165328979492,3.481215238571167,3.5144474506378174,1.9708818197250366,1.9357638359069824,1.8765151500701904,2.002927303314209,2.1310105323791504,2.3396189212799072,2.6544852256774902,2.582416296005249,2.87945818901062,2.940092086791992,3.245216131210327,3.313023805618286,3.4501500129699707,3.8027689456939697,3.791506290435791,2.485898971557617,2.4151084423065186,2.3595893383026123,2.4489760398864746,2.5666842460632324,2.724278211593628,3.0708677768707275,3.040280342102051,3.347102165222168,3.4653565883636475,3.7366647720336914,3.901662826538086,3.9598050117492676,4.324140548706055,4.41237211227417
A2,0.38182923197746277,0.0,0.38998231291770935,0.5845025777816772,0.9361067414283752,1.1040805578231812,1.3726677894592285,1.3107928037643433,1.6987744569778442,1.7716635465621948,2.15602970123291,2.260903835296631,2.635021448135376,2.923349618911743,3.060340642929077,1.0335856676101685,0.9889697432518005,0.9294637441635132,1.0240634679794312,1.2071408033370972,1.402779221534729,1.6964576244354248,1.5847249031066895,1.905663251876831,1.9532309770584106,2.305081605911255,2.379946708679199,2.6454224586486816,2.969835042953491,3.0427229404449463,1.5136055946350098,1.4670350551605225,1.4574286937713623,1.5440587997436523,1.7131496667861938,1.8630106449127197,2.144705057144165,2.0228612422943115,2.2988815307617188,2.3319482803344727,2.631188154220581,2.6864564418792725,2.873523712158203,3.226367473602295,3.2589430809020996,2.0176243782043457,1.9552687406539917,1.9373801946640015,2.015533685684204,2.16591477394104,2.316201686859131,2.601595401763916,2.502537250518799,2.763192892074585,2.807567834854126,3.082733631134033,3.144644260406494,3.2445106506347656,3.5996768474578857,3.578232526779175,2.5592241287231445,2.4742705821990967,2.4609882831573486,2.5158851146698,2.661512851715088,2.7695345878601074,3.09167742729187,3.031459093093872,3.310405969619751,3.408073663711548,3.6501736640930176,3.804452657699585,3.8267037868499756,4.184874534606934,4.247132301330566
A3,0.6376448273658752,0.38998231291770935,0.0,0.37342405319213867,0.6238842606544495,0.8937368988990784,1.1939363479614258,1.2413623332977295,1.6375927925109863,1.7894831895828247,2.171243906021118,2.3349661827087402,2.7022626399993896,2.999074697494507,3.1791446208953857,1.2792457342147827,1.1216919422149658,0.9698466062545776,0.9344725608825684,0.9986785650253296,1.1778146028518677,1.513578176498413,1.4740339517593384,1.7950267791748047,1.9131513833999634,2.265004873275757,2.401674509048462,2.6629910469055176,3.0066263675689697,3.122040271759033,1.7151777744293213,1.5854533910751343,1.5117610692977905,1.5095371007919312,1.6035873889923096,1.7223224639892578,2.024386405944824,1.9519779682159424,2.2175960540771484,2.304093837738037,2.5953760147094727,2.701835870742798,2.876249074935913,3.2476022243499756,3.3180458545684814,2.2006869316101074,2.0740277767181396,2.01350998878479,2.0223309993743896,2.1170949935913086,2.2369797229766846,2.5317113399505615,2.4693644046783447,2.7148501873016357,2.798205614089966,3.0614867210388184,3.16391921043396,3.2476634979248047,3.61944580078125,3.627603054046631,2.7345468997955322,2.5983047485351562,2.5612287521362305,2.5598583221435547,2.668679714202881,2.7420904636383057,3.0640718936920166,3.0277810096740723,3.2866296768188477,3.409325361251831,3.6301350593566895,3.811471700668335,3.8146417140960693,4.180797576904297,4.246861934661865
A4,0.9356864094734192,0.5845025777816772,0.37342405319213867,0.0,0.39038386940956116,0.546854555606842,0.8286592960357666,0.875068187713623,1.2714920043945312,1.4472031593322754,1.8272371292114258,2.0185019969940186,2.3746423721313477,2.682346820831299,2.8831303119659424,1.3387130498886108,1.1395354270935059,1.0738102197647095,0.9480823278427124,1.046829342842102,1.1011213064193726,1.3793469667434692,1.2971539497375488,1.5662142038345337,1.671410083770752,1.9975529909133911,2.1436891555786133,2.3735225200653076,2.7334654331207275,2.851818561553955,1.7975176572799683,1.6483100652694702,1.6335761547088623,1.5829299688339233,1.7087749242782593,1.7484164237976074,1.9989430904388428,1.889111876487732,2.101393222808838,2.1648683547973633,2.417680025100708,2.5165324211120605,2.6495509147644043,3.027383804321289,3.090595006942749,2.298438549041748,2.165240526199341,2.1536917686462402,2.1317219734191895,2.2558016777038574,2.3188047409057617,2.571560859680176,2.4754319190979004,2.6769561767578125,2.7337303161621094,2.9596331119537354,3.047008752822876,3.0888748168945312,3.4558799266815186,3.447406530380249,2.84328556060791,2.7085366249084473,2.715883255004883,2.695671796798706,2.8361260890960693,2.8682913780212402,3.1595118045806885,3.0891928672790527,3.3185524940490723,3.412886381149292,3.603304386138916,3.765726089477539,3.7331175804138184,4.087009906768799,4.1228861808776855
A5,1.2484432458877563,0.9361067414283752,0.6238842606544495,0.39038386940956116,0.0,0.3844699263572693,0.7155802845954895,0.9186445474624634,1.2804546356201172,1.5417137145996094,1.8996176719665527,2.1507163047790527,2.478989601135254,2.7984890937805176,3.037091016769409,1.704846739768982,1.4655946493148804,1.3581321239471436,1.151855707168579,1.1307804584503174,1.1188626289367676,1.4007618427276611,1.3908299207687378,1.6169981956481934,1.7814207077026367,2.0790092945098877,2.2788119316101074,2.4797613620758057,2.8560094833374023,3.0047128200531006,2.1363935470581055,1.9464610815048218,1.8948981761932373,1.7815436124801636,1.840355396270752,1.8373960256576538,2.0862061977386475,2.019984722137451,2.1998531818389893,2.3036766052246094,2.5288095474243164,2.6669418811798096,2.769451856613159,3.157938003540039,3.247011184692383,2.6204535961151123,2.4514927864074707,2.4138107299804688,2.3424155712127686,2.419849157333374,2.450554847717285,2.6997852325439453,2.6334614753723145,2.8088157176971436,2.892803907394409,3.0948565006256104,3.211226463317871,3.2261672019958496,3.5999748706817627,3.6099531650543213,3.155266761779785,2.990121364593506,2.9823005199432373,2.9225478172302246,3.032904624938965,3.035283088684082,3.319413900375366,3.26714825630188,3.4723708629608154,3.582498550415039,3.7467968463897705,3.9267916679382324,3.8700432777404785,4.2239580154418945,4.25449800491333
A6,1.4633039236068726,1.1040805578231812,0.8937368988990784,0.546854555606842,0.3844699263572693,0.0,0.39681097865104675,0.5876160264015198,0.9308387637138367,1.2108478546142578,1.5616371631622314,1.83287513256073,2.1401095390319824,2.474008083343506,2.721787214279175,1.76914644241333,1.540218472480774,1.5230036973953247,1.307685136795044,1.3583732843399048,1.2627604007720947,1.4543399810791016,1.3723241090774536,1.5225239992141724,1.6376873254776,1.8908624649047852,2.075169086456299,2.2295777797698975,2.616391897201538,2.7490439414978027,2.2212326526641846,2.0467827320098877,2.0615386962890625,1.9453381299972534,2.055119276046753,2.0040643215179443,2.195869207382202,2.077885150909424,2.2044880390167236,2.261617422103882,2.4423506259918213,2.5497348308563232,2.605675220489502,2.9900434017181396,3.0539042949676514,2.717134475708008,2.567197561264038,2.583091974258423,2.5132973194122314,2.633347511291504,2.6308515071868896,2.839155912399292,2.7299211025238037,2.868175983428955,2.91064453125,3.0769219398498535,3.1607329845428467,3.136232376098633,3.494535207748413,3.473850965499878,3.2591354846954346,3.115078926086426,3.151796817779541,3.0978024005889893,3.2463624477386475,3.2288684844970703,3.486393690109253,3.396092414855957,3.5812971591949463,3.655085802078247,3.797391653060913,3.947357177734375,3.862349510192871,4.1981916427612305,4.195287704467773
A7,1.7462016344070435,1.3726677894592285,1.1939363479614258,0.8286592960357666,0.7155802845954895,0.39681097865104675,0.0,0.3785816431045532,0.6085745096206665,0.93795245885849,1.2463841438293457,1.550186038017273,1.8423007726669312,2.1611549854278564,2.437340259552002,1.8302600383758545,1.5694358348846436,1.6040058135986328,1.3442572355270386,1.418200135231018,1.2224706411361694,1.3047444820404053,1.1858625411987305,1.2454856634140015,1.3476101160049438,1.5550858974456787,1.7590278387069702,1.8844717741012573,2.276364326477051,2.428577423095703,2.243717670440674,2.0462632179260254,2.099850654602051,1.9443163871765137,2.0757360458374023,1.9563143253326416,2.080360174179077,1.932929277420044,1.9954090118408203,2.030426025390625,2.1632840633392334,2.268740177154541,2.285120964050293,2.6682355403900146,2.7376315593719482,2.7184062004089355,2.555316209793091,2.6081066131591797,2.5074689388275146,2.6494452953338623,2.593231678009033,2.7508108615875244,2.613372325897217,2.70284104347229,2.7205452919006348,2.8451201915740967,2.9177725315093994,2.855330228805542,3.2039554119110107,3.1774888038635254,3.2471821308135986,3.0977725982666016,3.1714136600494385,3.094975471496582,3.2688348293304443,3.210597276687622,3.430215835571289,3.3091909885406494,3.460327625274658,3.5060174465179443,3.6154720783233643,3.74643874168396,3.629634141921997,3.949307441711426,3.9213638305664062
A8,1.692009449005127,1.3107928037643433,1.2413623332977295,0.875068187713623,0.9186445474624634,0.5876160264015198,0.3785816431045532,0.0,0.40120646357536316,0.6261600255966187,0.9879269003868103,1.2456656694412231,1.5615875720977783,1.8905361890792847,2.1350667476654053,1.653493881225586,1.4458093643188477,1.565952181816101,1.369447112083435,1.5426139831542969,1.3763396739959717,1.425747036933899,1.2104532718658447,1.2608802318572998,1.2552013397216797,1.4549988508224487,1.5814324617385864,1.698270559310913,2.0845842361450195,2.1883275508880615,2.0879874229431152,1.940630555152893,2.0588643550872803,1.9544227123260498,2.15301251411438,2.051401138305664,2.153120756149292,1.9467865228652954,2.008244276046753,1.9759427309036255,2.104961633682251,2.1474292278289795,2.160259485244751,2.528759479522705,2.5507049560546875,2.5738658905029297,2.456202507019043,2.5575153827667236,2.4997870922088623,2.6938586235046387,2.651768922805786,2.794262170791626,2.6134912967681885,2.706247568130493,2.6766951084136963,2.8016040325164795,2.8260912895202637,2.7644174098968506,3.0948638916015625,3.0285048484802246,3.1080143451690674,2.9992756843566895,3.10697340965271,3.0678632259368896,3.2803876399993896,3.2398080825805664,3.453123092651367,3.3010878562927246,3.4627578258514404,3.4765207767486572,3.597471237182617,3.695889711380005,3.586153030395508,3.894326686859131,3.851886749267578
A9,2.077869415283203,1.6987744569778442,1.6375927925109863,1.2714920043945312,1.2804546356201172,0.9308387637138367,0.6085745096206665,0.40120646357536316,0.0,0.3778490424156189,0.6449705958366394,0.969078779220581,1.236933946609497,1.5666176080703735,1.847119927406311,1.9135043621063232,1.7048795223236084,1.8633129596710205,1.6491904258728027,1.823745608329773,1.5966291427612305,1.5523653030395508,1.3133560419082642,1.2411384582519531,1.1819422245025635,1.2764368057250977,1.3946337699890137,1.4296177625656128,1.8214234113693237,1.9258911609649658,2.307539224624634,2.156733989715576,2.309257745742798,2.181262254714966,2.390754461288452,2.2374298572540283,2.2743875980377197,2.0435593128204346,2.0301156044006348,1.9602593183517456,2.0161688327789307,2.0353314876556396,1.9786546230316162,2.3320772647857666,2.3393874168395996,2.7653260231018066,2.648252248764038,2.784252405166626,2.706526279449463,2.9164159297943115,2.8306825160980225,2.923605442047119,2.716642379760742,2.7558088302612305,2.6926608085632324,2.763453960418701,2.7627320289611816,2.6485657691955566,2.954160451889038,2.8655548095703125,3.2789342403411865,3.1754629611968994,3.3178834915161133,3.2648096084594727,3.497981071472168,3.4245870113372803,3.600754737854004,3.419660806655884,3.5456886291503906,3.5263121128082275,3.610258102416992,3.680751085281372,3.534231662750244,3.816049814224243,3.73722505569458
A10,2.1355769634246826,1.7716635465621948,1.7894831895828247,1.4472031593322754,1.5417137145996094,1.2108478546142578,0.93795245885849,0.6261600255966187,0.3778490424156189,0.0,0.3926508128643036,0.6255204677581787,0.9383476376533508,1.2696349620819092,1.5133780241012573,1.8251540660858154,1.671069860458374,1.8994477987289429,1.7410402297973633,1.98167085647583,1.777679443359375,1.7029945850372314,1.4010703563690186,1.3160789012908936,1.146667718887329,1.208417534828186,1.2196695804595947,1.2335234880447388,1.6048842668533325,1.6501586437225342,2.203483819961548,2.0998897552490234,2.3101654052734375,2.2239174842834473,2.4848685264587402,2.3428797721862793,2.3513402938842773,2.0732429027557373,2.0509142875671387,1.9140803813934326,1.9559162855148315,1.904557466506958,1.8397413492202759,2.1656460762023926,2.1193556785583496,2.6482672691345215,2.573800802230835,2.7569258213043213,2.7136459350585938,2.967236280441284,2.888052225112915,2.958228588104248,2.712519884109497,2.7469587326049805,2.6358935832977295,2.6995112895965576,2.647738218307495,2.532191514968872,2.8111255168914795,2.680691957473755,3.150289297103882,3.085658073425293,3.263658285140991,3.241079807281494,3.508964776992798,3.4460740089416504,3.6077680587768555,3.396314859390259,3.525214672088623,3.471632480621338,3.561208724975586,3.596233367919922,3.455331563949585,3.720167636871338,3.6254749298095703
A11,2.5161550045013428,2.15602970123291,2.171243906021118,1.8272371292114258,1.8996176719665527,1.5616371631622314,1.2463841438293457,0.9879269003868103,0.6449705958366394,0.3926508128643036,0.0,0.38383403420448303,0.6005681753158569,0.9224967360496521,1.2138489484786987,2.1166512966156006,1.963444471359253,2.209723949432373,2.0407400131225586,2.276524782180786,2.035936117172241,1.895809292793274,1.5907411575317383,1.4154549837112427,1.1996278762817383,1.1328314542770386,1.102303385734558,0.9958817958831787,1.3502559661865234,1.3816148042678833,2.4447646141052246,2.3398332595825195,2.572338819503784,2.4690308570861816,2.7344613075256348,2.5546813011169434,2.5075531005859375,2.214534282684326,2.126619815826416,1.9533743858337402,1.9189071655273438,1.8338143825531006,1.6935169696807861,1.9842028617858887,1.9123287200927734,2.850459098815918,2.778000831604004,2.9884488582611084,2.929168462753296,3.1936209201812744,3.078674793243408,3.1025328636169434,2.83583402633667,2.8202083110809326,2.6756396293640137,2.684398651123047,2.6023545265197754,2.4360480308532715,2.678061008453369,2.520415782928467,3.321690320968628,3.263516664505005,3.471374034881592,3.4371564388275146,3.721400737762451,3.6304571628570557,3.7553844451904297,3.5182108879089355,3.612333059310913,3.5253450870513916,3.5788915157318115,3.5825388431549072,3.408705711364746,3.6414432525634766,3.5097556114196777
A12,2.5970005989074707,2.260903835296631,2.3349661827087402,2.0185019969940186,2.1507163047790527,1.83287513256073,1.550186038017273,1.2456656694412231,0.969078779220581,0.6255204677581787,0.38383403420448303,0.0,0.39455243945121765,0.6726056337356567,0.8903756141662598,2.0753824710845947,1.9773465394973755,2.2724545001983643,2.155982732772827,2.4382660388946533,2.225438356399536,2.0721545219421387,1.731163501739502,1.5674386024475098,1.2773199081420898,1.191934585571289,1.0324398279190063,0.9081676602363586,1.1965333223342896,1.1345458030700684,2.369006395339966,2.3119442462921143,2.5898711681365967,2.5274670124053955,2.831866979598999,2.6687796115875244,2.600989580154419,2.274493932723999,2.1867077350616455,1.9564933776855469,1.9141950607299805,1.7551227807998657,1.6175247430801392,1.861807942390442,1.7243510484695435,2.7464170455932617,2.7172658443450928,2.9678313732147217,2.9425313472747803,3.242340564727783,3.1373560428619385,3.1415224075317383,2.8439717292785645,2.827285051345825,2.6392290592193604,2.64408802986145,2.510157346725464,2.351102590560913,2.558724880218506,2.357038974761963,3.1940019130706787,3.175520658493042,3.4146392345428467,3.410609483718872,3.723614454269409,3.645063638687134,3.7555384635925293,3.4929511547088623,3.5904953479766846,3.4717111587524414,3.5330069065093994,3.5012104511260986,3.339190721511841,3.5528273582458496,3.4092936515808105
A13,2.974503993988037,2.635021448135376,2.7022626399993896,2.3746423721313477,2.478989601135254,2.1401095390319824,1.8423007726669312,1.5615875720977783,1.236933946609497,0.9383476376533508,0.6005681753158569,0.39455243945121765,0.0,0.38966894149780273,0.6563320755958557,2.4626994132995605,2.3701834678649902,2.664943218231201,2.5389819145202637,2.8085522651672363,2.576314687728882,2.4023990631103516,2.07442307472229,1.8681535720825195,1.5818551778793335,1.4194170236587524,1.2492601871490479,1.0060876607894897,1.2221226692199707,1.1085695028305054,2.7435760498046875,2.6910462379455566,2.9736673831939697,2.902545928955078,3.2014904022216797,3.019749879837036,2.928438663482666,2.6035208702087402,2.4779248237609863,2.2366783618927,2.13905668258667,1.9612802267074585,1.7576056718826294,1.947629451751709,1.7752400636672974,3.101994037628174,3.078933000564575,3.33980393409729,3.307366132736206,3.607509136199951,3.4847002029418945,3.4656245708465576,3.1615548133850098,3.1127240657806396,2.906986713409424,2.8693687915802,2.7135677337646484,2.5120911598205566,2.6757001876831055,2.445474624633789,3.529235601425171,3.5196373462677,3.7729787826538086,3.7647743225097656,4.083474636077881,3.990628480911255,4.080570697784424,3.805331230163574,3.879006862640381,3.7386529445648193,3.771557092666626,3.714897394180298,3.5263936519622803,3.707412004470825,3.5290112495422363
A14,3.251087188720703,2.923349618911743,2.999074697494507,2.682346820831299,2.7984890937805176,2.474008083343506,2.1611549854278564,1.8905361890792847,1.5666176080703735,1.2696349620819092,0.9224967360496521,0.6726056337356567,0.38966894149780273,0.0,0.3817533850669861,2.6352429389953613,2.549299478530884,2.8587965965270996,2.74066162109375,3.017641067504883,2.7759714126586914,2.559776782989502,2.2287347316741943,1.9895216226577759,1.6740882396697998,1.4487072229385376,1.2187923192977905,0.9120331406593323,1.003767728805542,0.8228732347488403,2.8531062602996826,2.8062281608581543,3.10783314704895,3.0352554321289062,3.343575954437256,3.1443755626678467,3.0085179805755615,2.671755313873291,2.507917642593384,2.2324390411376953,2.084681749343872,1.86314857006073,1.6190963983535767,1.7379882335662842,1.5220218896865845,3.1589977741241455,3.1441104412078857,3.429697275161743,3.3929309844970703,3.7063493728637695,3.561526298522949,3.5008108615875244,3.1779887676239014,3.09367299079895,2.85398006439209,2.775834560394287,2.5827841758728027,2.3547232151031494,2.46728777885437,2.2059242725372314,3.542017698287964,3.544132947921753,3.8245046138763428,3.81308650970459,4.14786958694458,4.037200450897217,4.091338634490967,3.7926552295684814,3.8391263484954834,3.664950370788574,3.672894239425659,3.580536365509033,3.3768370151519775,3.522437810897827,3.31638503074646
A15,3.3655765056610107,3.060340642929077,3.1791446208953857,2.8831303119659424,3.037091016769409,2.721787214279175,2.437340259552002,2.1350667476654053,1.847119927406311,1.5133780241012573,1.2138489484786987,0.8903756141662598,0.6563320755958557,0.3817533850669861,0.0,2.698728561401367,2.664320230484009,3.000481367111206,2.9259157180786133,3.2325117588043213,3.019848585128784,2.813892364501953,2.4647531509399414,2.254641532897949,1.9127832651138306,1.711792230606079,1.422772765159607,1.15818452835083,1.1624281406402588,0.8688186407089233,2.8951590061187744,2.8954975605010986,3.2241172790527344,3.191035032272339,3.5243406295776367,3.3493638038635254,3.213557481765747,2.8600544929504395,2.7133865356445312,2.408500909805298,2.27323055267334,2.0034704208374023,1.7859549522399902,1.850862741470337,1.5716708898544312,3.176541566848755,3.2053685188293457,3.515963315963745,3.5146303176879883,3.8513364791870117,3.725562334060669,3.6603593826293945,3.320600748062134,3.2470757961273193,2.9801254272460938,2.9093635082244873,2.676189661026001,2.469075918197632,2.5442981719970703,2.2438812255859375,3.5347115993499756,3.5775563716888428,3.8769872188568115,3.8981473445892334,4.251375198364258,4.160351753234863,4.209715843200684,3.896832227706909,3.9530248641967773,3.757354974746704,3.778733015060425,3.657524585723877,3.4736440181732178,3.600679636001587,3.389261245727539
B1,1.0861512422561646,1.0335856676101685,1.2792457342147827,1.3387130498886108,1.704846739768982,1.76914644241333,1.8302600383758545,1.653493881225586,1.9135043621063232,1.8251540660858154,2.1166512966156006,2.0753824710845947,2.4626994132995605,2.6352429389953613,2.698728561401367,0.0,0.38760754466056824,0.6591662764549255,0.9546717405319214,1.3274970054626465,1.4895665645599365,1.6050126552581787,1.384390950202942,1.6858744621276855,1.6068843603134155,1.9511810541152954,1.910569190979004,2.2431375980377197,2.4659783840179443,2.5093905925750732,0.5340835452079773,0.636282205581665,0.8633701205253601,1.0974146127700806,1.4485797882080078,1.5920435190200806,1.7517337799072266,1.5251511335372925,1.8072906732559204,1.7340677976608276,2.058886766433716,2.0300819873809814,2.294459819793701,2.5828070640563965,2.5905563831329346,1.060007929801941,1.0848588943481445,1.2264095544815063,1.4007751941680908,1.7064273357391357,1.8452632427215576,2.0435636043548584,1.847682237625122,2.115171194076538,2.0744144916534424,2.3727355003356934,2.3664331436157227,2.529865026473999,2.8474810123443604,2.811032772064209,1.6126439571380615,1.59177565574646,1.688400149345398,1.8084733486175537,2.074045419692993,2.1836626529693604,2.4483537673950195,2.3057422637939453,2.594771146774292,2.6239612102508545,2.8940792083740234,2.9912619590759277,3.0562167167663574,3.394523859024048,3.4664909839630127
B2,1.1221837997436523,0.9889697432518005,1.1216919422149658,1.1395354270935059,1.4655946493148804,1.540218472480774,1.5694358348846436,1.4458093643188477,1.7048795223236084,1.671069860458374,1.963444471359253,1.9773465394973755,2.3701834678649902,2.549299478530884,2.664320230484009,0.38760754466056824,0.0,0.38306012749671936,0.590403139591217,0.9802292585372925,1.1087092161178589,1.219334602355957,1.0174373388290405,1.3456467390060425,1.3240482807159424,1.6930549144744873,1.718808650970459,2.065484046936035,2.3144583702087402,2.41243839263916,0.6863694787025452,0.5448055863380432,0.7088162302970886,0.8186936974525452,1.1641156673431396,1.2577540874481201,1.4236341714859009,1.2081202268600464,1.4946681261062622,1.4689662456512451,1.8028695583343506,1.832564353942871,2.0925400257110596,2.4123122692108154,2.4669830799102783,1.1782126426696777,1.0741994380950928,1.1727370023727417,1.2398394346237183,1.5180883407592773,1.6049662828445435,1.8052926063537598,1.6236072778701782,1.8751568794250488,1.8694427013397217,2.1588473320007324,2.197678327560425,2.340620279312134,2.6866683959960938,2.683321714401245,1.7256265878677368,1.6216871738433838,1.703099012374878,1.7386624813079834,1.9832123517990112,2.0368423461914062,2.2967946529388428,2.162160634994507,2.426468849182129,2.475201368331909,2.718954086303711,2.843810558319092,2.879326820373535,3.2310714721679688,3.3024425506591797
B3,1.0093384981155396,0.9294637441635132,0.9698466062545776,1.0738102197647095,1.3581321239471436,1.5230036973953247,1.6040058135986328,1.565952181816101,1.8633129596710205,1.8994477987289429,2.209723949432373,2.2724545001983643,2.664943218231201,2.8587965965270996,3.000481367111206,0.6591662764549255,0.38306012749671936,0.0,0.3788575232028961,0.6887926459312439,0.9262975454330444,1.1340104341506958,1.0517854690551758,1.4292598962783813,1.5041239261627197,1.8886383771896362,1.9773354530334473,2.329423427581787,2.5915393829345703,2.724529266357422,0.8623219728469849,0.6389725804328918,0.5638299584388733,0.62932288646698,0.8864692449569702,1.0498571395874023,1.307723045349121,1.191453456878662,1.5270098447799683,1.59270179271698,1.9477359056472778,2.0429952144622803,2.314044237136841,2.646631956100464,2.742713451385498,1.2905384302139282,1.1140550374984741,1.0814217329025269,1.103747844696045,1.2978147268295288,1.4217742681503296,1.6883573532104492,1.5845445394515991,1.8707685470581055,1.9401805400848389,2.25203013420105,2.350975275039673,2.5109500885009766,2.875763416290283,2.915877342224121,1.8098338842391968,1.6456667184829712,1.643241286277771,1.638254165649414,1.8141056299209595,1.87806236743927,2.177927017211914,2.1039443016052246,2.3814144134521484,2.4876720905303955,2.740034818649292,2.912564754486084,2.9616901874542236,3.332221031188965,3.4338552951812744
B4,1.1975141763687134,1.0240634679794312,0.9344725608825684,0.9480823278427124,1.151855707168579,1.307685136795044,1.3442572355270386,1.369447112083435,1.6491904258728027,1.7410402297973633,2.0407400131225586,2.155982732772827,2.5389819145202637,2.74066162109375,2.9259157180786133,0.9546717405319214,0.590403139591217,0.3788575232028961,0.0,0.3992779552936554,0.5541427731513977,0.7850053310394287,0.752128541469574,1.1402937173843384,1.2868845462799072,1.6712926626205444,1.8251882791519165,2.164818525314331,2.451888084411621,2.6254353523254395,1.163887858390808,0.87123042345047,0.7854903340339661,0.6433644890785217,0.8233814239501953,0.8670273423194885,1.1220014095306396,1.0277493000030518,1.328841209411621,1.443069338798523,1.7755450010299683,1.921404242515564,2.1608901023864746,2.5181121826171875,2.646465539932251,1.5647385120391846,1.3334722518920898,1.2964614629745483,1.2073864936828613,1.3529424667358398,1.3893204927444458,1.6342025995254517,1.543107032775879,1.7807037830352783,1.8737573623657227,2.150153875350952,2.281395435333252,2.399402379989624,2.7807130813598633,2.8388209342956543,2.0650832653045654,1.8612933158874512,1.867418646812439,1.7912843227386475,1.9469358921051025,1.9421828985214233,2.2167911529541016,2.1423184871673584,2.3762621879577637,2.487285852432251,2.6971778869628906,2.8837597370147705,2.890047073364258,3.262248992919922,3.3485140800476074
B5,1.352189540863037,1.2071408033370972,0.9986785650253296,1.046829342842102,1.1307804584503174,1.3583732843399048,1.418200135231018,1.5426139831542969,1.823745608329773,1.98167085647583,2.276524782180786,2.4382660388946533,2.8085522651672363,3.017641067504883,3.2325117588043213,1.3274970054626465,0.9802292585372925,0.6887926459312439,0.3992779552936554,0.0,0.38410964608192444,0.7396938800811768,0.8896798491477966,1.2566192150115967,1.4948798418045044,1.8615840673446655,2.0755083560943604,2.4036643505096436,2.698538064956665,2.9075708389282227,1.4947584867477417,1.1771936416625977,0.9810137152671814,0.7484962940216064,0.714817225933075,0.7468379735946655,1.0750889778137207,1.1115789413452148,1.4056222438812256,1.607980728149414,1.9280258417129517,2.135962724685669,2.3660192489624023,2.729861259460449,2.8983795642852783,1.8406925201416016,1.5639489889144897,1.4428327083587646,1.2812871932983398,1.3073217868804932,1.3270647525787354,1.6066821813583374,1.6011021137237549,1.8325341939926147,1.9949747323989868,2.2646396160125732,2.4524025917053223,2.5667033195495605,2.959024667739868,3.057371139526367,2.300459384918213,2.049520969390869,1.9984490871429443,1.8652762174606323,1.9450013637542725,1.9156707525253296,2.2015743255615234,2.1835172176361084,2.4009757041931152,2.560250997543335,2.7542574405670166,2.9827585220336914,2.9840643405914307,3.3655219078063965,3.470515251159668
B6,1.621168613433838,1.402779221534729,1.1778146028518677,1.1011213064193726,1.1188626289367676,1.2627604007720947,1.2224706411361694,1.3763396739959717,1.5966291427612305,1.777679443359375,2.035936117172241,2.225438356399536,2.576314687728882,2.7759714126586914,3.019848585128784,1.4895665645599365,1.1087092161178589,0.9262975454330444,0.5541427731513977,0.38410964608192444,0.0,0.39909452199935913,0.6137848496437073,0.9330629110336304,1.221978783607483,1.5634006261825562,1.8217418193817139,2.1284337043762207,2.4327147006988525,2.6695363521575928,1.6630752086639404,1.3254042863845825,1.2059499025344849,0.9117414355278015,0.9095814228057861,0.762937068939209,0.9789770245552063,0.985884428024292,1.1938762664794922,1.4064573049545288,1.6808714866638184,1.9143776893615723,2.1038169860839844,2.4792306423187256,2.665058135986328,2.00588321685791,1.7182509899139404,1.653925895690918,1.446399211883545,1.4961508512496948,1.417714238166809,1.6206506490707397,1.5812236070632935,1.7383123636245728,1.883555293083191,2.100565195083618,2.2918553352355957,2.355741024017334,2.750631332397461,2.850119113922119,2.4603991508483887,2.2055740356445312,2.202955961227417,2.038940906524658,2.1460585594177246,2.0545711517333984,2.288015842437744,2.2329351902008057,2.3993887901306152,2.5292015075683594,2.675302267074585,2.890454053878784,2.8434131145477295,3.213636875152588,3.2888541221618652
B7,1.9366979598999023,1.6964576244354248,1.513578176498413,1.3793469667434692,1.4007618427276611,1.4543399810791016,1.3047444820404053,1.425747036933899,1.5523653030395508,1.7029945850372314,1.895809292793274,2.0721545219421387,2.4023990631103516,2.559776782989502,2.813892364501953,1.6050126552581787,1.219334602355957,1.1340104341506958,0.7850053310394287,0.7396938800811768,0.39909452199935913,0.0,0.37747684121131897,0.6042258739471436,0.9328781366348267,1.242345929145813,1.5279698371887207,1.8350651264190674,2.117121696472168,2.383666515350342,1.7161264419555664,1.3641849756240845,1.3137551546096802,0.9849826693534851,1.0329056978225708,0.7551338076591492,0.7947705388069153,0.7443068623542786,0.8515584468841553,1.0721180438995361,1.3107949495315552,1.5715607404708862,1.7464969158172607,2.119330883026123,2.3300626277923584,2.012010335922241,1.713431715965271,1.7071995735168457,1.4622215032577515,1.5510785579681396,1.3830592632293701,1.4893518686294556,1.4007319211959839,1.4815019369125366,1.6001701354980469,1.7705665826797485,1.9635472297668457,1.9955906867980957,2.3900680541992188,2.4995603561401367,2.4345648288726807,2.175999879837036,2.2259254455566406,2.0349607467651367,2.179853677749634,2.030388355255127,2.2012219429016113,2.098607063293457,2.2154760360717773,2.306917190551758,2.4114742279052734,2.607165813446045,2.523691415786743,2.8824214935302734,2.9366490840911865
B8,1.8526464700698853,1.5847249031066895,1.4740339517593384,1.2971539497375488,1.3908299207687378,1.3723241090774536,1.1858625411987305,1.2104532718658447,1.3133560419082642,1.4010703563690186,1.5907411575317383,1.731163501739502,2.07442307472229,2.2287347316741943,2.4647531509399414,1.384390950202942,1.0174373388290405,1.0517854690551758,0.752128541469574,0.8896798491477966,0.6137848496437073,0.37747684121131897,0.0,0.3899484872817993,0.6153578162193298,0.9730876684188843,1.211249589920044,1.5328887701034546,1.8243621587753296,2.061171293258667,1.5293095111846924,1.2161365747451782,1.272317886352539,1.0148255825042725,1.1952160596847534,0.9678649306297302,0.9633846879005432,0.7547079920768738,0.8359272480010986,0.9199131727218628,1.1581138372421265,1.3447550535202026,1.5136709213256836,1.89441978931427,2.060356378555298,1.8617510795593262,1.611749291419983,1.6842697858810425,1.5005481243133545,1.6788095235824585,1.53607177734375,1.615868330001831,1.4431201219558716,1.5186454057693481,1.550299048423767,1.7127057313919067,1.8350329399108887,1.8519448041915894,2.2365095615386963,2.294152021408081,2.312516212463379,2.1019747257232666,2.2059123516082764,2.065401077270508,2.271096706390381,2.1465234756469727,2.3086423873901367,2.1542975902557373,2.2829267978668213,2.321720600128174,2.435495138168335,2.582371473312378,2.4944968223571777,2.839160203933716,2.863875150680542
B9,2.1995277404785156,1.905663251876831,1.7950267791748047,1.5662142038345337,1.6169981956481934,1.5225239992141724,1.2454856634140015,1.2608802318572998,1.2411384582519531,1.3160789012908936,1.4154549837112427,1.5674386024475098,1.8681535720825195,1.9895216226577759,2.254641532897949,1.6858744621276855,1.3456467390060425,1.4292598962783813,1.1402937173843384,1.2566192150115967,0.9330629110336304,0.6042258739471436,0.3899484872817993,0.0,0.37805548310279846,0.642609715461731,0.9542505741119385,1.2362020015716553,1.529226303100586,1.8039623498916626,1.8148860931396484,1.5210133790969849,1.6182225942611694,1.3569718599319458,1.5273951292037964,1.2454872131347656,1.1347969770431519,0.9076372981071472,0.8096002340316772,0.8351791501045227,0.945508599281311,1.142491340637207,1.2311019897460938,1.6214580535888672,1.8042134046554565,2.115572214126587,1.876660704612732,1.9879310131072998,1.787575602531433,1.971411108970642,1.7741509675979614,1.7780787944793701,1.576795220375061,1.5575296878814697,1.5428744554519653,1.616503357887268,1.7180911302566528,1.6570804119110107,2.028900623321533,2.0768706798553467,2.5353550910949707,2.334311008453369,2.475989818572998,2.320079803466797,2.54144024848938,2.376053810119629,2.484665870666504,2.2972991466522217,2.3698174953460693,2.365917205810547,2.422381639480591,2.5375194549560547,2.3941173553466797,2.7107973098754883,2.6919870376586914
B10,2.2506890296936035,1.9532309770584106,1.9131513833999634,1.671410083770752,1.7814207077026367,1.6376873254776,1.3476101160049438,1.2552013397216797,1.1819422245025635,1.146667718887329,1.1996278762817383,1.2773199081420898,1.5818551778793335,1.6740882396697998,1.9127832651138306,1.6068843603134155,1.3240482807159424,1.5041239261627197,1.2868845462799072,1.4948798418045044,1.221978783607483,0.9328781366348267,0.6153578162193298,0.37805548310279846,0.0,0.3863641619682312,0.6027148365974426,0.9206965565681458,1.2121387720108032,1.4554333686828613,1.7326163053512573,1.496843934059143,1.68022620677948,1.4858604669570923,1.7313536405563354,1.4857118129730225,1.3518247604370117,1.0454440116882324,0.9281341433525085,0.7883617281913757,0.8523893356323242,0.9219034910202026,0.9890662431716919,1.377812385559082,1.503320336341858,2.031348943710327,1.8474534749984741,2.0274291038513184,1.879806399345398,2.1257715225219727,1.946977972984314,1.92348051071167,1.661042332649231,1.630883812904358,1.5292636156082153,1.5819019079208374,1.5969923734664917,1.515549898147583,1.8609706163406372,1.847055435180664,2.4489550590515137,2.298060178756714,2.490123987197876,2.3774852752685547,2.6465625762939453,2.4993679523468018,2.591362476348877,2.360142230987549,2.4360475540161133,2.379472494125366,2.439692974090576,2.5008692741394043,2.35504150390625,2.6479578018188477,2.597860813140869
B11,2.614537477493286,2.305081605911255,2.265004873275757,1.9975529909133911,2.0790092945098877,1.8908624649047852,1.5550858974456787,1.4549988508224487,1.2764368057250977,1.208417534828186,1.1328314542770386,1.191934585571289,1.4194170236587524,1.4487072229385376,1.711792230606079,1.9511810541152954,1.6930549144744873,1.8886383771896362,1.6712926626205444,1.8615840673446655,1.5634006261825562,1.242345929145813,0.9730876684188843,0.642609715461731,0.3863641619682312,0.0,0.3867614269256592,0.6087769269943237,0.8935164213180542,1.1861889362335205,2.057732343673706,1.8414907455444336,2.0417087078094482,1.8439093828201294,2.0782017707824707,1.8040302991867065,1.6160372495651245,1.3196609020233154,1.1042641401290894,0.9162011742591858,0.8059408068656921,0.8237097263336182,0.7373131513595581,1.1202324628829956,1.2462799549102783,2.3208370208740234,2.1511552333831787,2.3543529510498047,2.1977736949920654,2.443983316421509,2.2318058013916016,2.1549644470214844,1.87857186794281,1.7758584022521973,1.6304421424865723,1.590699315071106,1.5641722679138184,1.3925132751464844,1.696811318397522,1.6542121171951294,2.7011382579803467,2.5635130405426025,2.783092975616455,2.6619412899017334,2.9408223628997803,2.7657744884490967,2.8137383460998535,2.557879686355591,2.5857884883880615,2.487924098968506,2.494997978210449,2.5157978534698486,2.3195953369140625,2.5706279277801514,2.469449281692505
B12,2.676191568374634,2.379946708679199,2.401674509048462,2.1436891555786133,2.2788119316101074,2.075169086456299,1.7590278387069702,1.5814324617385864,1.3946337699890137,1.2196695804595947,1.102303385734558,1.0324398279190063,1.2492601871490479,1.2187923192977905,1.422772765159607,1.910569190979004,1.718808650970459,1.9773354530334473,1.8251882791519165,2.0755083560943604,1.8217418193817139,1.5279698371887207,1.211249589920044,0.9542505741119385,0.6027148365974426,0.3867614269256592,0.0,0.39384350180625916,0.6279259324073792,0.8557133674621582,1.9966591596603394,1.8434830904006958,2.104383707046509,1.9676389694213867,2.253532886505127,2.016566753387451,1.8262442350387573,1.4876755475997925,1.2975414991378784,1.0151268243789673,0.8977216482162476,0.7379580140113831,0.6312167048454285,0.9600799679756165,0.9799825549125671,2.239861249923706,2.1280152797698975,2.3837778568267822,2.278571844100952,2.571035861968994,2.3837904930114746,2.2939212322235107,1.9769951105117798,1.8822284936904907,1.669917345046997,1.6264121532440186,1.509082555770874,1.339516520500183,1.594136357307434,1.4726957082748413,2.60282826423645,2.5173819065093994,2.7768003940582275,2.69942307472229,3.0150794982910156,2.8634796142578125,2.9010727405548096,2.6134307384490967,2.651737689971924,2.510993003845215,2.531669855117798,2.5015370845794678,2.319613456726074,2.54425311088562,2.420862913131714
B13,2.961825132369995,2.6454224586486816,2.6629910469055176,2.3735225200653076,2.4797613620758057,2.2295777797698975,1.8844717741012573,1.698270559310913,1.4296177625656128,1.2335234880447388,0.9958817958831787,0.9081676602363586,1.0060876607894897,0.9120331406593323,1.15818452835083,2.2431375980377197,2.065484046936035,2.329423427581787,2.164818525314331,2.4036643505096436,2.1284337043762207,1.8350651264190674,1.5328887701034546,1.2362020015716553,0.9206965565681458,0.6087769269943237,0.39384350180625916,0.0,0.3959682583808899,0.6266632676124573,2.3614084720611572,2.22464656829834,2.488723039627075,2.3497488498687744,2.6262965202331543,2.377711534500122,2.1833648681640625,1.8592923879623413,1.6406259536743164,1.3719143867492676,1.185598611831665,1.0134263038635254,0.7617513537406921,0.9996935129165649,0.9508745670318604,2.6121184825897217,2.5156445503234863,2.7762491703033447,2.671403169631958,2.9586374759674072,2.762249231338501,2.6615185737609863,2.3481762409210205,2.224874496459961,2.003061294555664,1.9076285362243652,1.7661641836166382,1.5315128564834595,1.721143126487732,1.5524702072143555,2.9683728218078613,2.8978757858276367,3.165438652038574,3.089876890182495,3.405961751937866,3.2465310096740723,3.270916700363159,2.977426290512085,2.992800235748291,2.8337323665618896,2.8212478160858154,2.7644314765930176,2.548114061355591,2.731224536895752,2.5607502460479736
