,A1,A2,A3,A4,A5,A6,A7,A8,A9,A10,A11,A12,A13,A14,A15,B1,B2,B3,B4,B5,B6,B7,B8,B9,B10,B11,B12,B13,B14,B15,C1,C2,C3,C4,C5,C6,C7,C8,C9,C10,C11,C12,C13,C14,C15,D1,D2,D3,D4,D5,D6,D7,D8,D9,D10,D11,D12,D13,D14,D15,E1,E2,E3,E4,E5,E6,E7,E8,E9,E10,E11,E12,E13,E14,E15
A1,0.0,0.3970981538295746,0.6293307542800903,0.9785152077674866,1.2153490781784058,1.520827293395996,1.8329429626464844,2.0405197143554688,2.378056526184082,2.606696367263794,2.9420320987701416,3.1755571365356445,3.4036600589752197,3.7331106662750244,3.8901846408843994,1.7594023942947388,1.8333778381347656,1.7129713296890259,2.0041770935058594,2.1318845748901367,2.272841215133667,2.6546144485473633,2.7200334072113037,3.031691551208496,3.193082571029663,3.516989231109619,3.733304262161255,3.8021249771118164,4.094181060791016,4.17138671875,2.6549794673919678,2.6425554752349854,2.489077568054199,2.725816488265991,2.8812310695648193,2.901099681854248,3.27221941947937,3.3411920070648193,3.6183741092681885,3.781374931335449,4.060640811920166,4.260687351226807,4.254766941070557,4.4864821434021,4.550126075744629,3.548581123352051,3.4361963272094727,3.2746176719665527,3.493636131286621,3.6022934913635254,3.5761642456054688,3.937793493270874,3.998241424560547,4.281711101531982,4.451269149780273,4.703281402587891,4.9023966789245605,4.868687152862549,5.051268100738525,5.060677528381348,4.787676811218262,4.52380895614624,4.306817054748535,4.435059547424316,4.710417747497559,4.565922260284424,4.916711807250977,4.970968723297119,5.289255142211914,5.468866348266602,5.647154331207275,5.9613752365112305,5.977607727050781,6.222489356994629,6.392360210418701
A2,0.3970981538295746,0.0,0.39915481209754944,0.6366744041442871,0.9242210984230042,1.2245155572891235,1.4969077110290527,1.7371708154678345,2.060934543609619,2.2926156520843506,2.627368211746216,2.847012758255005,3.0985538959503174,3.419908285140991,3.579122543334961,1.460148811340332,1.5019656419754028,1.3427752256393433,1.623003363609314,1.7371699810028076,1.8781546354293823,2.2595362663269043,2.3256444931030273,2.6418886184692383,2.806439161300659,3.1365482807159424,3.35174298286438,3.434370756149292,3.728771209716797,3.806973457336426,2.351815938949585,2.319927930831909,2.1392862796783447,2.365541696548462,2.5022270679473877,2.514422655105591,2.8826982975006104,2.9453318119049072,3.2224738597869873,3.384566307067871,3.665806293487549,3.8667399883270264,3.867250919342041,4.103634357452393,4.170459747314453,3.242467164993286,3.119080066680908,2.938664674758911,3.145610809326172,3.236301898956299,3.199394702911377,3.5564632415771484,3.608867883682251,3.8891162872314453,4.056318759918213,4.306460857391357,4.506895542144775,4.474124908447266,4.660820484161377,4.67591667175293,4.469270706176758,4.208245277404785,3.9798388481140137,4.095952987670898,4.359917163848877,4.203168869018555,4.550573825836182,4.594954013824463,4.910905361175537,5.085315704345703,5.2578043937683105,5.570148468017578,5.582836627960205,5.826748847961426,5.995424747467041
A3,0.6293307542800903,0.39915481209754944,0.0,0.40047258138656616,0.6043041944503784,0.8918895721435547,1.2159621715545654,1.4191474914550781,1.751511812210083,1.9903839826583862,2.3177921772003174,2.564054489135742,2.7893149852752686,3.125392436981201,3.3009612560272217,1.53273344039917,1.612972378730774,1.4230577945709229,1.6901540756225586,1.7146222591400146,1.8426088094711304,2.2041375637054443,2.2111387252807617,2.5022084712982178,2.6393792629241943,2.944178342819214,3.1666834354400635,3.213059902191162,3.5126352310180664,3.6112773418426514,2.482567310333252,2.463111639022827,2.258723735809326,2.4762909412384033,2.5539638996124268,2.5433449745178223,2.8904035091400146,2.905365228652954,3.1599578857421875,3.291809320449829,3.5448760986328125,3.7413482666015625,3.7058656215667725,3.937293767929077,4.020867347717285,3.3846490383148193,3.271476984024048,3.0776422023773193,3.271679162979126,3.317019462585449,3.2580931186676025,3.5968306064605713,3.610691547393799,3.8721470832824707,4.012828826904297,4.237983226776123,4.428796768188477,4.36302375793457,4.536279678344727,4.554595470428467,4.602259635925293,4.359194278717041,4.126058578491211,4.2302961349487305,4.46926212310791,4.290352821350098,4.6297197341918945,4.642695426940918,4.953246593475342,5.10413122177124,5.25254487991333,5.553895473480225,5.539456367492676,5.773499011993408,5.91970157623291
A4,0.9785152077674866,0.6366744041442871,0.40047258138656616,0.0,0.39250829815864563,0.6070578098297119,0.8666843175888062,1.1304044723510742,1.4322048425674438,1.6867297887802124,2.006056785583496,2.2422614097595215,2.4967010021209717,2.8254342079162598,3.010878086090088,1.3770941495895386,1.4083460569381714,1.1587624549865723,1.3792221546173096,1.3545926809310913,1.463409185409546,1.8156698942184448,1.8139517307281494,2.1018712520599365,2.2451539039611816,2.552990198135376,2.7820122241973877,2.843648672103882,3.1515791416168213,3.2592787742614746,2.278374671936035,2.2311103343963623,1.989417314529419,2.1787447929382324,2.2201666831970215,2.186701536178589,2.520900249481201,2.521672010421753,2.7672231197357178,2.8973257541656494,3.1465625762939453,3.3489487171173096,3.318148374557495,3.559414863586426,3.6538190841674805,3.1546568870544434,3.0267138481140137,2.8078572750091553,2.977604627609253,2.995349884033203,2.9149224758148193,3.2412381172180176,3.2419826984405518,3.492483139038086,3.6298370361328125,3.847048759460449,4.042225360870361,3.97352933883667,4.153789043426514,4.183871269226074,4.3401875495910645,4.1014299392700195,3.853585720062256,3.9377262592315674,4.159444332122803,3.9625372886657715,4.293310165405273,4.2928466796875,4.59624719619751,4.740381240844727,4.877213001251221,5.174169540405273,5.153010845184326,5.382154941558838,5.52509880065918
A5,1.2153490781784058,0.9242210984230042,0.6043041944503784,0.39250829815864563,0.0,0.3861965239048004,0.6744030714035034,0.8271758556365967,1.1805776357650757,1.3917858600616455,1.730714201927185,1.9657365083694458,2.1897826194763184,2.522308349609375,2.6974575519561768,1.3682334423065186,1.4772688150405884,1.2725883722305298,1.5089997053146362,1.4065419435501099,1.5550366640090942,1.8693617582321167,1.788267970085144,2.0644638538360596,2.143508195877075,2.430885076522827,2.63297176361084,2.647364854812622,2.9382991790771484,3.0405406951904297,2.3131394386291504,2.312042713165283,2.08963680267334,2.299492597579956,2.2896931171417236,2.2774436473846436,2.5910940170288086,2.5370032787323,2.7776236534118652,2.8560025691986084,3.085996150970459,3.2558748722076416,3.1846823692321777,3.3981034755706787,3.484358310699463,3.1990714073181152,3.1068317890167236,2.9048986434936523,3.0861270427703857,3.0641582012176514,2.9945247173309326,3.3068349361419678,3.2644786834716797,3.511524200439453,3.60772705078125,3.81115460395813,3.976231813430786,3.879533290863037,4.029122352600098,4.03992223739624,4.381783962249756,4.1716203689575195,3.940570116043091,4.034818649291992,4.234104156494141,4.034875392913818,4.364640235900879,4.332190990447998,4.641428470611572,4.754931449890137,4.880877494812012,5.169783115386963,5.126032829284668,5.35835599899292,5.480159282684326
A6,1.520827293395996,1.2245155572891235,0.8918895721435547,0.6070578098297119,0.3861965239048004,0.0,0.3880268931388855,0.5743122100830078,0.8672071695327759,1.1433361768722534,1.4414048194885254,1.7176768779754639,1.9402366876602173,2.287456512451172,2.5034372806549072,1.6114656925201416,1.6734931468963623,1.4170650243759155,1.5676898956298828,1.3866978883743286,1.4585232734680176,1.7269618511199951,1.606878638267517,1.8303396701812744,1.9098531007766724,2.1639223098754883,2.397392988204956,2.3992762565612793,2.7130372524261475,2.855389356613159,2.4790687561035156,2.4463140964508057,2.183568000793457,2.3414549827575684,2.2800352573394775,2.2130603790283203,2.4882378578186035,2.4029009342193604,2.600248098373413,2.668994188308716,2.863917589187622,3.0511703491210938,2.9615895748138428,3.191460609436035,3.3134765625,3.3199994564056396,3.209209442138672,2.9765312671661377,3.1165926456451416,3.0580079555511475,2.9457151889801025,3.228070020675659,3.162363052368164,3.3747363090515137,3.4620139598846436,3.633688449859619,3.8077986240386963,3.686861038208008,3.842957019805908,3.8794219493865967,4.450843334197998,4.245564937591553,3.9948270320892334,4.056634426116943,4.231333255767822,4.003103256225586,4.31315803527832,4.2603068351745605,4.54974889755249,4.651894569396973,4.748157501220703,5.023476600646973,4.9591593742370605,5.171604633331299,5.277615070343018
A7,1.8329429626464844,1.4969077110290527,1.2159621715545654,0.8666843175888062,0.6744030714035034,0.3880268931388855,0.0,0.3828820288181305,0.5801210999488831,0.8604665398597717,1.1520310640335083,1.3978445529937744,1.6645034551620483,1.993882179260254,2.212519407272339,1.5656702518463135,1.5911297798156738,1.3240869045257568,1.4053744077682495,1.1474876403808594,1.2033088207244873,1.4196231365203857,1.2525014877319336,1.465796709060669,1.5248515605926514,1.7820372581481934,2.0107295513153076,2.023998260498047,2.3421754837036133,2.4886279106140137,2.3256678581237793,2.2790162563323975,1.999906063079834,2.1273746490478516,2.013392925262451,1.9340214729309082,2.179326295852661,2.0608432292938232,2.247046947479248,2.2954421043395996,2.483966112136841,2.6650824546813965,2.5737953186035156,2.8065860271453857,2.934316396713257,3.114023208618164,3.001014471054077,2.75640606880188,2.8735921382904053,2.7784359455108643,2.6526873111724854,2.9141783714294434,2.8237979412078857,3.024663209915161,3.096189022064209,3.2588508129119873,3.4276254177093506,3.300769090652466,3.456577777862549,3.498418092727661,4.194909572601318,4.002810955047607,3.7471272945404053,3.793482780456543,3.9448935985565186,3.703702449798584,4.003373622894287,3.9309422969818115,4.214853286743164,4.302813529968262,4.388227462768555,4.65805721282959,4.584998607635498,4.796417713165283,4.8970441818237305
A8,2.0405197143554688,1.7371708154678345,1.4191474914550781,1.1304044723510742,0.8271758556365967,0.5743122100830078,0.3828820288181305,0.0,0.392889142036438,0.5774139165878296,0.9053230881690979,1.1629912853240967,1.3748818635940552,1.7183550596237183,1.9307494163513184,1.7043479681015015,1.7957255840301514,1.5854071378707886,1.6921943426132202,1.409332275390625,1.5013841390609741,1.6681029796600342,1.4317958354949951,1.6084856986999512,1.578830361366272,1.7892887592315674,1.9760428667068481,1.9178804159164429,2.209393262863159,2.351651668548584,2.4790732860565186,2.478318452835083,2.230879783630371,2.3787453174591064,2.2320902347564697,2.1803078651428223,2.399017810821533,2.231846332550049,2.404933452606201,2.393585205078125,2.551445960998535,2.6898815631866455,2.5478758811950684,2.7417421340942383,2.8601109981536865,3.2639338970184326,3.187601089477539,2.966874599456787,3.096669912338257,2.9718432426452637,2.8626670837402344,3.1063179969787598,2.976435422897339,3.1695563793182373,3.195939302444458,3.33964467048645,3.472135066986084,3.313556432723999,3.43087100982666,3.450178384780884,4.332876682281494,4.169217586517334,3.9341185092926025,3.992276430130005,4.123255729675293,3.885171413421631,4.180994510650635,4.079492568969727,4.366238117218018,4.422832012176514,4.4963836669921875,4.755103588104248,4.658634662628174,4.870914459228516,4.947421073913574
A9,2.378056526184082,2.060934543609619,1.751511812210083,1.4322048425674438,1.1805776357650757,0.8672071695327759,0.5801210999488831,0.392889142036438,0.0,0.37833935022354126,0.5848219394683838,0.8889544606208801,1.11941659450531,1.4653040170669556,1.7262555360794067,1.969449520111084,2.0140914916992188,1.780151605606079,1.8068604469299316,1.4728683233261108,1.4898669719696045,1.5715923309326172,1.2863517999649048,1.3760075569152832,1.3192530870437622,1.4731824398040771,1.685208797454834,1.6103507280349731,1.9258559942245483,2.114116907119751,2.6336185932159424,2.603747844696045,2.3316915035247803,2.4245944023132324,2.2264301776885986,2.1281955242156982,2.2896857261657715,2.083817720413208,2.201995372772217,2.1664888858795166,2.2781951427459717,2.4257419109344482,2.261690139770508,2.4696357250213623,2.6264734268188477,3.347296714782715,3.2563116550445557,3.013188362121582,3.0993807315826416,2.9356536865234375,2.7891836166381836,2.9918265342712402,2.8334383964538574,2.985358953475952,2.9943783283233643,3.1008212566375732,3.2364211082458496,3.0522639751434326,3.173215866088867,3.2194764614105225,4.340484619140625,4.186602592468262,3.9372010231018066,3.9627742767333984,4.0636091232299805,3.8003458976745605,4.071204662322998,3.9461147785186768,4.209944248199463,4.250205993652344,4.2923173904418945,4.534355640411377,4.416271209716797,4.608747482299805,4.667858123779297
A10,2.606696367263794,2.2926156520843506,1.9903839826583862,1.6867297887802124,1.3917858600616455,1.1433361768722534,0.8604665398597717,0.5774139165878296,0.37833935022354126,0.0,0.38226431608200073,0.5907917618751526,0.8111575245857239,1.1452279090881348,1.3740936517715454,1.9950040578842163,2.077493190765381,1.9006260633468628,1.9393701553344727,1.5920366048812866,1.66310715675354,1.7041829824447632,1.3743791580200195,1.4564406871795654,1.3007211685180664,1.4254454374313354,1.5539888143539429,1.419822096824646,1.687927007675171,1.846314787864685,2.6100895404815674,2.6204476356506348,2.3849453926086426,2.496123790740967,2.26853609085083,2.2149510383605957,2.353858232498169,2.108009099960327,2.2309370040893555,2.133441209793091,2.2325439453125,2.3194360733032227,2.1184301376342773,2.275418758392334,2.4029552936553955,3.2938151359558105,3.2405002117156982,3.025944948196411,3.1260054111480713,2.934425115585327,2.817072629928589,3.0044758319854736,2.8105573654174805,2.9659135341644287,2.928643226623535,3.0296638011932373,3.1210532188415527,2.919504165649414,2.998619794845581,3.0112178325653076,4.258882999420166,4.136154651641846,3.9117190837860107,3.9525821208953857,4.032689571380615,3.7803218364715576,4.049488067626953,3.8982343673706055,4.169952392578125,4.179471969604492,4.220396041870117,4.455554485321045,4.323417663574219,4.526981830596924,4.5703535079956055
A11,2.9420320987701416,2.627368211746216,2.3177921772003174,2.006056785583496,1.730714201927185,1.4414048194885254,1.1520310640335083,0.9053230881690979,0.5848219394683838,0.38226431608200073,0.0,0.39103010296821594,0.558398425579071,0.9032132625579834,1.2052388191223145,2.3463079929351807,2.403015375137329,2.210913896560669,2.201753616333008,1.833306074142456,1.8450437784194946,1.817407488822937,1.4630115032196045,1.443328857421875,1.2477720975875854,1.266618251800537,1.4014561176300049,1.2099297046661377,1.4878544807434082,1.7046489715576172,2.8915584087371826,2.882931709289551,2.633885622024536,2.702366352081299,2.439028739929199,2.3477542400360107,2.429574966430664,2.1504225730895996,2.209141254425049,2.077566385269165,2.1104142665863037,2.1936466693878174,1.9525831937789917,2.1084630489349365,2.27864670753479,3.5133795738220215,3.451730966567993,3.2233996391296387,3.2864463329315186,3.0626213550567627,2.9146718978881836,3.057865858078003,2.835141181945801,2.942939519882202,2.8798294067382812,2.9328012466430664,3.0177175998687744,2.7804956436157227,2.850881576538086,2.888415575027466,4.403116703033447,4.293254375457764,4.060494422912598,4.072978973388672,4.122710227966309,3.849689245223999,4.091125965118408,3.914475202560425,4.160143852233887,4.1477789878845215,4.152518272399902,4.365210056304932,4.20522403717041,4.3845648765563965,4.401907444000244
A12,3.1755571365356445,2.847012758255005,2.564054489135742,2.2422614097595215,1.9657365083694458,1.7176768779754639,1.3978445529937744,1.1629912853240967,0.8889544606208801,0.5907917618751526,0.39103010296821594,0.0,0.3895885944366455,0.6185017824172974,0.8768892884254456,2.359586238861084,2.4168739318847656,2.2670187950134277,2.240149974822998,1.865166425704956,1.9063411951065063,1.828294277191162,1.451860785484314,1.4207475185394287,1.1389522552490234,1.1294581890106201,1.1566693782806396,0.9191823601722717,1.1452304124832153,1.3317748308181763,2.793712615966797,2.8037021160125732,2.5833511352539062,2.647615432739258,2.353215456008911,2.2958452701568604,2.343578577041626,2.0312931537628174,2.088927745819092,1.8994475603103638,1.922620177268982,1.9433201551437378,1.677730679512024,1.7864835262298584,1.9287703037261963,3.347029447555542,3.3108153343200684,3.1036345958709717,3.1647610664367676,2.911545515060425,2.7856411933898926,2.904960870742798,2.6503536701202393,2.7562592029571533,2.6507503986358643,2.6995222568511963,2.7441763877868652,2.498115062713623,2.5347774028778076,2.5450246334075928,4.17592716217041,4.094614505767822,3.8811190128326416,3.8983798027038574,3.9233195781707764,3.6585617065429688,3.892184257507324,3.691716432571411,3.940324306488037,3.900672197341919,3.904606342315674,4.111261367797852,3.9429173469543457,4.134454250335693,4.143293857574463
A13,3.4036600589752197,3.0985538959503174,2.7893149852752686,2.4967010021209717,2.1897826194763184,1.9402366876602173,1.6645034551620483,1.3748818635940552,1.11941659450531,0.8111575245857239,0.558398425579071,0.3895885944366455,0.0,0.37812066078186035,0.6937065720558167,2.66030216217041,2.7507472038269043,2.613414764404297,2.6104671955108643,2.2401773929595947,2.2864034175872803,2.2140731811523438,1.8379077911376953,1.7860156297683716,1.4978762865066528,1.4275846481323242,1.4242205619812012,1.112486720085144,1.2620269060134888,1.4493393898010254,3.1287264823913574,3.1611099243164062,2.954643964767456,3.030689001083374,2.736558198928833,2.6842949390411377,2.72322154045105,2.402275800704956,2.439276933670044,2.226130247116089,2.2076990604400635,2.1980109214782715,1.890702486038208,1.9488320350646973,2.088411569595337,3.683744430541992,3.666609764099121,3.472844123840332,3.5395267009735107,3.2791013717651367,3.15893816947937,3.2644894123077393,2.9946043491363525,3.0828442573547363,2.9496493339538574,2.9691498279571533,2.9846620559692383,2.7089836597442627,2.7052767276763916,2.701955795288086,4.4961724281311035,4.432839870452881,4.23246955871582,4.2538161277771,4.26578426361084,4.003597736358643,4.227394104003906,4.009759426116943,4.249707221984863,4.186553955078125,4.1720476150512695,4.360252380371094,4.168434143066406,4.347244739532471,4.32692813873291
A14,3.7331106662750244,3.419908285140991,3.125392436981201,2.8254342079162598,2.522308349609375,2.287456512451172,1.993882179260254,1.7183550596237183,1.4653040170669556,1.1452279090881348,0.9032132625579834,0.6185017824172974,0.37812066078186035,0.0,0.3750992715358734,2.859740734100342,2.945497751235962,2.8344218730926514,2.811568021774292,2.440138101577759,2.4912145137786865,2.3755033016204834,1.994704008102417,1.9139132499694824,1.580098271369934,1.456529140472412,1.3587703704833984,0.9977054595947266,1.0362443923950195,1.1976897716522217,3.2299749851226807,3.2727067470550537,3.0880463123321533,3.150554895401001,2.8321328163146973,2.7961058616638184,2.7946386337280273,2.4500412940979004,2.464559555053711,2.2017946243286133,2.148064374923706,2.0764920711517334,1.7376455068588257,1.7296637296676636,1.8499506711959839,3.7081780433654785,3.710989236831665,3.534177303314209,3.5891315937042236,3.3014378547668457,3.192990779876709,3.2638027667999268,2.9645206928253174,3.0321013927459717,2.854243755340576,2.8486993312835693,2.819913387298584,2.5244266986846924,2.4755818843841553,2.451131820678711,4.437328815460205,4.404287338256836,4.221146106719971,4.238463878631592,4.219666957855225,3.9620437622070312,4.166738033294678,3.9220640659332275,4.151820182800293,4.05558443069458,4.025881767272949,4.196054458618164,3.9857118129730225,4.163041114807129,4.121201992034912
A15,3.8901846408843994,3.579122543334961,3.3009612560272217,3.010878086090088,2.6974575519561768,2.5034372806549072,2.212519407272339,1.9307494163513184,1.7262555360794067,1.3740936517715454,1.2052388191223145,0.8768892884254456,0.6937065720558167,0.3750992715358734,0.0,2.887711763381958,2.99505615234375,2.9301650524139404,2.921978712081909,2.5654256343841553,2.658216953277588,2.5406851768493652,2.165256977081299,2.114006757736206,1.757077932357788,1.6556055545806885,1.4764933586120605,1.1261279582977295,1.0448743104934692,1.0897200107574463,3.1971275806427,3.273775100708008,3.1293203830718994,3.210747480392456,2.891010046005249,2.900956392288208,2.89663028717041,2.547729969024658,2.584791421890259,2.2936594486236572,2.2541894912719727,2.1206836700439453,1.782260775566101,1.6985480785369873,1.7455143928527832,3.6337625980377197,3.6729700565338135,3.530836343765259,3.603868007659912,3.308964252471924,3.239292621612549,3.305570363998413,2.9935414791107178,3.0764236450195312,2.867205858230591,2.873176097869873,2.797165632247925,2.5090301036834717,2.4113450050354004,2.3315656185150146,4.327667713165283,4.323672294616699,4.171145915985107,4.209674835205078,4.179126739501953,3.944695234298706,4.1507954597473145,3.893768787384033,4.134577751159668,4.01599645614624,3.9990007877349854,4.166727542877197,3.957015037536621,4.153251647949219,4.106795787811279
B1,1.7594023942947388,1.460148811340332,1.53273344039917,1.3770941495895386,1.3682334423065186,1.6114656925201416,1.5656702518463135,1.7043479681015015,1.969449520111084,1.9950040578842163,2.3463079929351807,2.359586238861084,2.66030216217041,2.859740734100342,2.887711763381958,0.0,0.38434600830078125,0.654654324054718,0.9964588284492493,1.113949179649353,1.4868255853652954,1.7676104307174683,1.7876564264297485,2.1702070236206055,2.2135062217712402,2.5825369358062744,2.636885166168213,2.751570224761963,2.9386372566223145,2.886157751083374,1.025434970855713,1.1480287313461304,1.122172236442566,1.4840205907821655,1.576754093170166,1.7971781492233276,2.1521663665771484,2.1710879802703857,2.532529354095459,2.607637643814087,2.9437649250030518,3.0239005088806152,3.0531435012817383,3.202821731567383,3.155627727508545,1.9577826261520386,1.9416868686676025,1.857781171798706,2.1560957431793213,2.2016727924346924,2.2987709045410156,2.6614670753479004,2.668854236602783,3.0156335830688477,3.1139793395996094,3.4173929691314697,3.5319855213165283,3.5417890548706055,3.6706769466400146,3.6017544269561768,3.2083513736724854,3.012301445007324,2.8536322116851807,3.041249990463257,3.276200294494629,3.174323081970215,3.546679735183716,3.5550622940063477,3.91902232170105,4.04524040222168,4.264329433441162,4.586140155792236,4.613533973693848,4.9141130447387695,5.089522838592529
B2,1.8333778381347656,1.5019656419754028,1.612972378730774,1.4083460569381714,1.4772688150405884,1.6734931468963623,1.5911297798156738,1.7957255840301514,2.0140914916992188,2.077493190765381,2.403015375137329,2.4168739318847656,2.7507472038269043,2.945497751235962,2.99505615234375,0.38434600830078125,0.0,0.38348615169525146,0.6695882678031921,0.8804324269294739,1.2315605878829956,1.5149855613708496,1.6052311658859253,1.991762638092041,2.086071491241455,2.4687843322753906,2.544768810272217,2.7095251083374023,2.9148573875427246,2.8768792152404785,0.8750723004341125,0.8771560788154602,0.782272458076477,1.1316606998443604,1.2677979469299316,1.4789527654647827,1.849918007850647,1.917337417602539,2.2838282585144043,2.4036476612091064,2.756258964538574,2.866225481033325,2.937412738800049,3.117778778076172,3.08728289604187,1.7741732597351074,1.6932787895202637,1.5613220930099487,1.8374226093292236,1.9078254699707031,1.9867702722549438,2.3612606525421143,2.4045164585113525,2.7521424293518066,2.8879294395446777,3.201310634613037,3.3463451862335205,3.382115364074707,3.5444424152374268,3.5034852027893066,3.00824236869812,2.7816691398620605,2.58868408203125,2.751492977142334,2.999037027359009,2.885698080062866,3.256614923477173,3.2874488830566406,3.6432063579559326,3.7948904037475586,4.017736911773682,4.344912052154541,4.3894243240356445,4.684334754943848,4.877131462097168
B3,1.7129713296890259,1.3427752256393433,1.4230577945709229,1.1587624549865723,1.2725883722305298,1.4170650243759155,1.3240869045257568,1.5854071378707886,1.780151605606079,1.9006260633468628,2.210913896560669,2.2670187950134277,2.613414764404297,2.8344218730926514,2.9301650524139404,0.654654324054718,0.38348615169525146,0.0,0.3921108543872833,0.6030358672142029,0.911875307559967,1.2421311140060425,1.3550851345062256,1.7368251085281372,1.878821849822998,2.261669158935547,2.3916027545928955,2.565742015838623,2.8121776580810547,2.822533130645752,1.1734000444412231,1.0764106512069702,0.8408350348472595,1.093862771987915,1.1983585357666016,1.309168815612793,1.6896486282348633,1.759913682937622,2.1011664867401123,2.251474142074585,2.590167999267578,2.7458996772766113,2.814445734024048,3.0334274768829346,3.049827814102173,2.0055458545684814,1.8681237697601318,1.6635637283325195,1.8736793994903564,1.9234272241592407,1.925709843635559,2.291717529296875,2.3351218700408936,2.653773784637451,2.8105242252349854,3.101487398147583,3.2803561687469482,3.2988719940185547,3.4878029823303223,3.4855010509490967,3.1889586448669434,2.946352005004883,2.7107760906219482,2.8242595195770264,3.06191086769104,2.9061529636383057,3.2616584300994873,3.2882015705108643,3.6226484775543213,3.7830114364624023,3.9784469604492188,4.299564361572266,4.331273555755615,4.604244709014893,4.791602611541748
B4,2.0041770935058594,1.623003363609314,1.6901540756225586,1.3792221546173096,1.5089997053146362,1.5676898956298828,1.4053744077682495,1.6921943426132202,1.8068604469299316,1.9393701553344727,2.201753616333008,2.240149974822998,2.6104671955108643,2.811568021774292,2.921978712081909,0.9964588284492493,0.6695882678031921,0.3921108543872833,0.0,0.3870701193809509,0.6146963238716125,0.9161385893821716,1.1054086685180664,1.473901629447937,1.661087989807129,2.0452263355255127,2.1895534992218018,2.4109182357788086,2.6675758361816406,2.6930506229400635,1.2163678407669067,1.0143511295318604,0.6728804707527161,0.8009348511695862,0.8802105188369751,0.9340025186538696,1.3193261623382568,1.4226491451263428,1.7579845190048218,1.9456748962402344,2.2915596961975098,2.47402024269104,2.578916549682617,2.824629068374634,2.861219644546509,1.9141348600387573,1.7209964990615845,1.45388925075531,1.5990067720413208,1.6313925981521606,1.584628701210022,1.9444929361343384,2.00353741645813,2.309335231781006,2.4928221702575684,2.7820069789886475,2.9874744415283203,3.02203106880188,3.2397022247314453,3.267361879348755,3.0158355236053467,2.761064291000366,2.4892890453338623,2.5589683055877686,2.78483247756958,2.6008195877075195,2.943635940551758,2.9730489253997803,3.2924225330352783,3.464747905731201,3.650355100631714,3.970364809036255,4.007310390472412,4.270471572875977,4.46624755859375
B5,2.1318845748901367,1.7371699810028076,1.7146222591400146,1.3545926809310913,1.4065419435501099,1.3866978883743286,1.1474876403808594,1.409332275390625,1.4728683233261108,1.5920366048812866,1.833306074142456,1.865166425704956,2.2401773929595947,2.440138101577759,2.5654256343841553,1.113949179649353,0.8804324269294739,0.6030358672142029,0.3870701193809509,0.0,0.3899891674518585,0.6632596850395203,0.7557752132415771,1.1368606090545654,1.2984033823013306,1.6820718050003052,1.8354469537734985,2.0405373573303223,2.310544967651367,2.3590657711029053,1.4013042449951172,1.2403560876846313,0.9031754732131958,0.9808138012886047,0.8965775370597839,0.8861724138259888,1.2212119102478027,1.227885365486145,1.5412049293518066,1.6866536140441895,2.0093533992767334,2.1909332275390625,2.2597663402557373,2.510023593902588,2.569739818572998,2.0712153911590576,1.9011236429214478,1.6251308917999268,1.7338122129440308,1.6786558628082275,1.5880036354064941,1.9077181816101074,1.8986480236053467,2.176368474960327,2.32140851020813,2.579888105392456,2.7763941287994385,2.770087718963623,2.9779279232025146,3.013806104660034,3.1224372386932373,2.8980724811553955,2.6240944862365723,2.6709511280059814,2.8527121543884277,2.635662078857422,2.9609174728393555,2.942490816116333,3.252014398574829,3.3906455039978027,3.5427660942077637,3.849134922027588,3.8511834144592285,4.1037678718566895,4.273736000061035
B6,2.272841215133667,1.8781546354293823,1.8426088094711304,1.463409185409546,1.5550366640090942,1.4585232734680176,1.2033088207244873,1.5013841390609741,1.4898669719696045,1.66310715675354,1.8450437784194946,1.9063411951065063,2.2864034175872803,2.4912145137786865,2.658216953277588,1.4868255853652954,1.2315605878829956,0.911875307559967,0.6146963238716125,0.3899891674518585,0.0,0.3869156241416931,0.6020679473876953,0.9234603047370911,1.1841899156570435,1.54640531539917,1.76459538936615,2.0011725425720215,2.3058345317840576,2.403780937194824,1.7178184986114502,1.500309705734253,1.1262619495391846,1.0730290412902832,0.9584450125694275,0.7782946825027466,1.0684882402420044,1.096579670906067,1.3478271961212158,1.5506681203842163,1.849260687828064,2.0918262004852295,2.1800882816314697,2.4756031036376953,2.585991382598877,2.292694330215454,2.0761938095092773,1.7536442279815674,1.7803785800933838,1.7106056213378906,1.5334757566452026,1.8177987337112427,1.820829153060913,2.048912525177002,2.227248430252075,2.456138849258423,2.695992946624756,2.685635566711426,2.930098533630371,3.0149521827697754,3.2533915042877197,3.015031576156616,2.7058205604553223,2.6977219581604004,2.8644938468933105,2.61022686958313,2.906978130340576,2.891010284423828,3.167360782623291,3.319690227508545,3.442815065383911,3.739614963531494,3.7361607551574707,3.961726427078247,4.131804466247559
B7,2.6546144485473633,2.2595362663269043,2.2041375637054443,1.8156698942184448,1.8693617582321167,1.7269618511199951,1.4196231365203857,1.6681029796600342,1.5715923309326172,1.7041829824447632,1.817407488822937,1.828294277191162,2.2140731811523438,2.3755033016204834,2.5406851768493652,1.7676104307174683,1.5149855613708496,1.2421311140060425,0.9161385893821716,0.6632596850395203,0.3869156241416931,0.0,0.3808920681476593,0.6235249042510986,0.9138147234916687,1.259837031364441,1.473353624343872,1.7542372941970825,2.0533759593963623,2.1616196632385254,1.8497267961502075,1.6200414896011353,1.2566713094711304,1.1149953603744507,0.8860738277435303,0.615740954875946,0.7833390235900879,0.7509938478469849,0.966947078704834,1.1781049966812134,1.4726169109344482,1.7320709228515625,1.8440860509872437,2.1576662063598633,2.2880234718322754,2.2937400341033936,2.0713918209075928,1.7329857349395752,1.6930210590362549,1.5527929067611694,1.3207027912139893,1.5479767322540283,1.5118011236190796,1.7042903900146484,1.8751667737960815,2.0849356651306152,2.3362057209014893,2.323106050491333,2.583446979522705,2.693197727203369,3.135497808456421,2.9161739349365234,2.5953807830810547,2.547436475753784,2.671077251434326,2.3858814239501953,2.6558775901794434,2.6098861694335938,2.8675456047058105,3.003662347793579,3.102330446243286,3.3896324634552,3.3728439807891846,3.5894763469696045,3.75345516204834
B8,2.7200334072113037,2.3256444931030273,2.2111387252807617,1.8139517307281494,1.788267970085144,1.606878638267517,1.2525014877319336,1.4317958354949951,1.2863517999649048,1.3743791580200195,1.4630115032196045,1.451860785484314,1.8379077911376953,1.994704008102417,2.165256977081299,1.7876564264297485,1.6052311658859253,1.3550851345062256,1.1054086685180664,0.7557752132415771,0.6020679473876953,0.3808920681476593,0.0,0.38688337802886963,0.582848072052002,0.952741801738739,1.165316104888916,1.4079819917678833,1.7188999652862549,1.844213843345642,1.95284903049469,1.7845770120620728,1.453524112701416,1.3746432065963745,1.0943325757980347,0.9044948220252991,1.005860686302185,0.8244864344596863,0.9991050958633423,1.087895393371582,1.3408046960830688,1.565734624862671,1.6061532497406006,1.9059218168258667,2.047919988632202,2.4281527996063232,2.2537546157836914,1.9460506439208984,1.9315993785858154,1.7404860258102417,1.5330909490585327,1.723190188407898,1.6053560972213745,1.7770295143127441,1.872189998626709,2.047830581665039,2.259176731109619,2.190155029296875,2.4151830673217773,2.511060953140259,3.2696712017059326,3.0864317417144775,2.7896711826324463,2.755708932876587,2.8477325439453125,2.5603206157684326,2.821942090988159,2.727971315383911,2.986847400665283,3.076780080795288,3.151080369949341,3.423171281814575,3.3681223392486572,3.5829591751098633,3.713639259338379
B9,3.031691551208496,2.6418886184692383,2.5022084712982178,2.1018712520599365,2.0644638538360596,1.8303396701812744,1.465796709060669,1.6084856986999512,1.3760075569152832,1.4564406871795654,1.443328857421875,1.4207475185394287,1.7860156297683716,1.9139132499694824,2.114006757736206,2.1702070236206055,1.991762638092041,1.7368251085281372,1.473901629447937,1.1368606090545654,0.9234603047370911,0.6235249042510986,0.38688337802886963,0.0,0.3829256296157837,0.6586276888847351,0.9465083479881287,1.2140897512435913,1.5487571954727173,1.7319331169128418,2.300292730331421,2.122478723526001,1.7938982248306274,1.6648666858673096,1.3554826974868774,1.108680009841919,1.079241156578064,0.8360917568206787,0.8494462966918945,0.9054206013679504,1.0704344511032104,1.3438091278076172,1.3703103065490723,1.7089194059371948,1.9124829769134521,2.6960980892181396,2.5143625736236572,2.1970014572143555,2.126976490020752,1.895634651184082,1.6373106241226196,1.7461241483688354,1.5872702598571777,1.6747173070907593,1.747575283050537,1.857369303703308,2.0855820178985596,1.9806162118911743,2.222712278366089,2.365764617919922,3.428563117980957,3.2602832317352295,2.9531402587890625,2.8764007091522217,2.9267802238464355,2.6089296340942383,2.827552080154419,2.702874183654785,2.9220921993255615,2.9908769130706787,3.0170159339904785,3.2646708488464355,3.179659128189087,3.3639798164367676,3.472900629043579
B10,3.193082571029663,2.806439161300659,2.6393792629241943,2.2451539039611816,2.143508195877075,1.9098531007766724,1.5248515605926514,1.578830361366272,1.3192530870437622,1.3007211685180664,1.2477720975875854,1.1389522552490234,1.4978762865066528,1.580098271369934,1.757077932357788,2.2135062217712402,2.086071491241455,1.878821849822998,1.661087989807129,1.2984033823013306,1.1841899156570435,0.9138147234916687,0.582848072052002,0.3829256296157837,0.0,0.3870771825313568,0.6027646064758301,0.8489128947257996,1.1770827770233154,1.3591595888137817,2.3377773761749268,2.2115800380706787,1.924428105354309,1.836466670036316,1.493607521057129,1.3266936540603638,1.275138258934021,0.9538027048110962,0.9636530876159668,0.8560805916786194,0.9728821516036987,1.1538218259811401,1.09825599193573,1.4022846221923828,1.5998998880386353,2.7183172702789307,2.5839521884918213,2.3022959232330322,2.2564799785614014,1.9853439331054688,1.7703298330307007,1.8532847166061401,1.6276732683181763,1.711097240447998,1.6977722644805908,1.7853251695632935,1.9502017498016357,1.7981477975845337,1.989572525024414,2.1028263568878174,3.4260072708129883,3.296893835067749,3.0197980403900146,2.9625682830810547,2.9834675788879395,2.6759819984436035,2.890143871307373,2.722574472427368,2.949857711791992,2.970940589904785,2.985712766647339,3.2208411693573,3.106050729751587,3.300173044204712,3.3804588317871094
B11,3.516989231109619,3.1365482807159424,2.944178342819214,2.552990198135376,2.430885076522827,2.1639223098754883,1.7820372581481934,1.7892887592315674,1.4731824398040771,1.4254454374313354,1.266618251800537,1.1294581890106201,1.4275846481323242,1.456529140472412,1.6556055545806885,2.5825369358062744,2.4687843322753906,2.261669158935547,2.0452263355255127,1.6820718050003052,1.54640531539917,1.259837031364441,0.952741801738739,0.6586276888847351,0.3870771825313568,0.0,0.399321973323822,0.6156731843948364,0.964388370513916,1.2257336378097534,2.6990580558776855,2.578174114227295,2.298658609390259,2.192777395248413,1.83794105052948,1.65480637550354,1.5390217304229736,1.198976993560791,1.0926451683044434,0.9061359763145447,0.8581368327140808,1.0236603021621704,0.8842993974685669,1.2033374309539795,1.4721009731292725,3.0293173789978027,2.902130603790283,2.624621629714966,2.5503811836242676,2.252224922180176,2.0194382667541504,2.037498712539673,1.7742115259170532,1.7797441482543945,1.7136685848236084,1.7170649766921997,1.8627830743789673,1.6489886045455933,1.8252716064453125,1.9746530055999756,3.6478419303894043,3.54177188873291,3.26813006401062,3.1856210231781006,3.167248249053955,2.844717264175415,3.0186767578125,2.815850257873535,3.0059075355529785,2.9908134937286377,2.9549944400787354,3.1566338539123535,3.000622034072876,3.163330078125,3.2059805393218994
B12,3.733304262161255,3.35174298286438,3.1666834354400635,2.7820122241973877,2.63297176361084,2.397392988204956,2.0107295513153076,1.9760428667068481,1.685208797454834,1.5539888143539429,1.4014561176300049,1.1566693782806396,1.4242205619812012,1.3587703704833984,1.4764933586120605,2.636885166168213,2.544768810272217,2.3916027545928955,2.1895534992218018,1.8354469537734985,1.76459538936615,1.473353624343872,1.165316104888916,0.9465083479881287,0.6027646064758301,0.399321973323822,0.0,0.3885272443294525,0.6325503587722778,0.8487079739570618,2.6650261878967285,2.578880786895752,2.345806837081909,2.2554571628570557,1.8795769214630127,1.7642394304275513,1.6229839324951172,1.2518247365951538,1.166072964668274,0.8650026321411133,0.7969195246696472,0.7958120703697205,0.5765832662582397,0.8378171324729919,1.0827805995941162,2.9242849349975586,2.8370766639709473,2.5965628623962402,2.5328609943389893,2.2029781341552734,2.016080856323242,2.005891799926758,1.694696307182312,1.7037612199783325,1.5576696395874023,1.5555928945541382,1.6248055696487427,1.3861305713653564,1.50615656375885,1.615261435508728,3.474886655807495,3.4080140590667725,3.1655707359313965,3.0979487895965576,3.049058675765991,2.7437870502471924,2.9107508659362793,2.673013925552368,2.872328758239746,2.8146228790283203,2.7803404331207275,2.974978446960449,2.804534435272217,2.9895472526550293,3.0179927349090576
B13,3.8021249771118164,3.434370756149292,3.213059902191162,2.843648672103882,2.647364854812622,2.3992762565612793,2.023998260498047,1.9178804159164429,1.6103507280349731,1.419822096824646,1.2099297046661377,0.9191823601722717,1.112486720085144,0.9977054595947266,1.1261279582977295,2.751570224761963,2.7095251083374023,2.565742015838623,2.4109182357788086,2.0405373573303223,2.0011725425720215,1.7542372941970825,1.4079819917678833,1.2140897512435913,0.8489128947257996,0.6156731843948364,0.3885272443294525,0.0,0.38692712783813477,0.7038581967353821,2.870366096496582,2.822681188583374,2.6029839515686035,2.5546188354492188,2.1878414154052734,2.09446382522583,1.9873591661453247,1.6184487342834473,1.5513700246810913,1.2522342205047607,1.1542987823486328,1.0997517108917236,0.7815355658531189,0.9107039570808411,1.1444231271743774,3.18172550201416,3.1240780353546143,2.9031829833984375,2.8698959350585938,2.544159173965454,2.379966974258423,2.3819689750671387,2.064988136291504,2.0768790245056152,1.9021191596984863,1.8750048875808716,1.8942086696624756,1.6117602586746216,1.6556490659713745,1.726033329963684,3.76216983795166,3.71347713470459,3.4907121658325195,3.443479299545288,3.3922648429870605,3.099177360534668,3.267327070236206,3.0163447856903076,3.21555495262146,3.1324174404144287,3.0852723121643066,3.2609729766845703,3.06412935256958,3.238607168197632,3.231191873550415
