,A1,A2,A3,A4,A5,A6,A7,A8,A9,A10,A11,A12,A13,A14,A15,B1,B2,B3,B4,B5,B6,B7,B8,B9,B10,B11,B12,B13,B14,B15,C1,C2,C3,C4,C5,C6,C7,C8,C9,C10,C11,C12,C13,C14,C15,D1,D2,D3,D4,D5,D6,D7,D8,D9,D10,D11,D12,D13,D14,D15,E1,E2,E3,E4,E5,E6,E7,E8,E9,E10,E11,E12,E13,E14,E15
A1,0.0,0.3800196051597595,0.6723544597625732,0.9561445713043213,1.173384189605713,1.5237098932266235,1.7799715995788574,2.0822951793670654,2.3959224224090576,2.695913314819336,2.9185454845428467,3.2561254501342773,3.3546676635742188,3.716458797454834,4.035339832305908,3.5204219818115234,3.3625621795654297,3.3037688732147217,3.4663209915161133,3.8094561100006104,3.8323190212249756,4.196422100067139,4.226537704467773,4.496989727020264,4.5911545753479,4.7117390632629395,5.03720760345459,5.028397083282471,5.3818135261535645,5.711747169494629,5.592938423156738,5.254306793212891,5.033910751342773,4.87031364440918,4.93501615524292,4.8152337074279785,5.1213483810424805,5.234582424163818,5.415083885192871,5.653236389160156,5.731081008911133,6.107544422149658,6.183671474456787,6.511519432067871,6.8243303298950195,6.458562850952148,6.129029750823975,5.808478832244873,5.495283126831055,5.483094215393066,5.1795244216918945,5.2705302238464355,5.353217601776123,5.366001605987549,5.622529029846191,5.534447193145752,5.91237211227417,5.914969444274902,6.038380146026611,6.395430564880371,5.974169731140137,5.756824493408203,5.424087047576904,5.2000861167907715,4.883890628814697,4.7032976150512695,4.394371032714844,4.145262241363525,3.8634443283081055,3.642629861831665,3.316011905670166,3.2061595916748047,2.8445444107055664,2.610262393951416,2.4824228286743164
A2,0.3800196051597595,0.0,0.3645659387111664,0.7221032381057739,0.8971927762031555,1.250662922859192,1.5484411716461182,1.8155882358551025,2.141969680786133,2.4183189868927,2.6244752407073975,2.9717485904693604,3.0459041595458984,3.401914119720459,3.7296159267425537,3.4281160831451416,3.267117738723755,3.1853344440460205,3.3191518783569336,3.661900043487549,3.65057635307312,4.006561279296875,4.01716947555542,4.270830154418945,4.3490142822265625,4.449076175689697,4.7748003005981445,4.749170780181885,5.096872806549072,5.433615684509277,5.439976692199707,5.107358455657959,4.891273021697998,4.715365886688232,4.792245388031006,4.649109363555908,4.944065093994141,5.039035797119141,5.206000328063965,5.434355735778809,5.493617534637451,5.872319221496582,5.935920715332031,6.256699085235596,6.56674337387085,6.312677383422852,5.990913391113281,5.67697286605835,5.361832141876221,5.3630523681640625,5.045951843261719,5.126093864440918,5.184703826904297,5.187862396240234,5.427533149719238,5.322104454040527,5.695231914520264,5.679809093475342,5.791038990020752,6.144892692565918,5.825484275817871,5.616351127624512,5.289053440093994,5.07049560546875,4.751978397369385,4.586361408233643,4.29045295715332,4.0206780433654785,3.7639360427856445,3.526715040206909,3.2206337451934814,3.112489938735962,2.7424728870391846,2.5056540966033936,2.3515560626983643
A3,0.6723544597625732,0.3645659387111664,0.0,0.39034515619277954,0.6199079155921936,0.940234899520874,1.225598931312561,1.4977904558181763,1.8079150915145874,2.090925455093384,2.282864570617676,2.635061740875244,2.723353624343872,3.077859401702881,3.4091548919677734,3.1430745124816895,2.9686472415924072,2.8669235706329346,2.9830408096313477,3.3225574493408203,3.298571825027466,3.6527204513549805,3.6629478931427,3.911388397216797,3.992523670196533,4.090102672576904,4.418830394744873,4.399157524108887,4.7477827072143555,5.0825653076171875,5.095266819000244,4.764333724975586,4.548722743988037,4.368302822113037,4.450484275817871,4.300710201263428,4.593815803527832,4.682165622711182,4.848788261413574,5.073517799377441,5.132142543792725,5.51043176651001,5.5721755027771,5.893395900726318,6.204497337341309,5.97937536239624,5.6593146324157715,5.349909782409668,5.0375847816467285,5.050949573516846,4.731053829193115,4.81554651260376,4.862796783447266,4.873052597045898,5.105091571807861,5.001410484313965,5.373844623565674,5.350855350494385,5.4678497314453125,5.818019866943359,5.569740295410156,5.3543477058410645,5.035971641540527,4.808683395385742,4.498666763305664,4.328085899353027,4.047540664672852,3.7744240760803223,3.53275728225708,3.3036928176879883,3.007500410079956,2.929675340652466,2.5522403717041016,2.3429949283599854,2.2110304832458496
A4,0.9561445713043213,0.7221032381057739,0.39034515619277954,0.0,0.3924998641014099,0.6339438557624817,0.8604623079299927,1.1700959205627441,1.4589073657989502,1.7675116062164307,1.974550485610962,2.3148176670074463,2.4369115829467773,2.797260284423828,3.117478847503662,2.756044626235962,2.582172393798828,2.4834468364715576,2.6061012744903564,2.9509084224700928,2.9361186027526855,3.2897682189941406,3.298126459121704,3.5589475631713867,3.642157793045044,3.7573177814483643,4.082108974456787,4.073793411254883,4.427877426147461,4.756563663482666,4.727025508880615,4.398312568664551,4.191267013549805,4.02302360534668,4.119683742523193,3.980487108230591,4.284339904785156,4.364134788513184,4.547372817993164,4.763339519500732,4.835338592529297,5.209573268890381,5.266784191131592,5.594000339508057,5.912612438201904,5.697720050811768,5.3732686042785645,5.070260047912598,4.769007205963135,4.802597522735596,4.4894795417785645,4.5958428382873535,4.635838508605957,4.670804023742676,4.896685600280762,4.808200836181641,5.181046485900879,5.150456428527832,5.285456657409668,5.628046035766602,5.465024948120117,5.23336124420166,4.928553104400635,4.681689739227295,4.390121936798096,4.199645519256592,3.939379930496216,3.6763036251068115,3.4449546337127686,3.2436728477478027,2.9519383907318115,2.924614429473877,2.544257879257202,2.382502555847168,2.299124002456665
A5,1.173384189605713,0.8971927762031555,0.6199079155921936,0.3924998641014099,0.0,0.36667370796203613,0.6994510889053345,0.9275317192077637,1.2728384733200073,1.5388500690460205,1.78117835521698,2.106597423553467,2.1907520294189453,2.556790828704834,2.8670454025268555,2.6990177631378174,2.566173553466797,2.4874327182769775,2.6083667278289795,2.9617202281951904,2.9275927543640137,3.261380910873413,3.225180149078369,3.4846248626708984,3.5278236865997314,3.6379234790802,3.945725679397583,3.905728578567505,4.254832744598389,4.5914435386657715,4.720031261444092,4.406002044677734,4.223891735076904,4.067453384399414,4.197293758392334,4.0506486892700195,4.352746963500977,4.399059772491455,4.58412504196167,4.773751258850098,4.834112644195557,5.204791069030762,5.234189033508301,5.555920124053955,5.878800392150879,5.816789150238037,5.496875762939453,5.207365989685059,4.916393280029297,4.976553440093994,4.659955024719238,4.770648956298828,4.783267498016357,4.823337554931641,5.026083946228027,4.927005767822266,5.291929244995117,5.234339237213135,5.362250328063965,5.6945085525512695,5.680492877960205,5.452539920806885,5.158571720123291,4.911913871765137,4.626636028289795,4.443578243255615,4.202120304107666,3.9289469718933105,3.7220206260681152,3.517350196838379,3.245784044265747,3.2263975143432617,2.84700345993042,2.688685178756714,2.5854430198669434
A6,1.5237098932266235,1.250662922859192,0.940234899520874,0.6339438557624817,0.36667370796203613,0.0,0.37635406851768494,0.5651293396949768,0.9080431461334229,1.17570960521698,1.4223092794418335,1.743123173713684,1.8428868055343628,2.2108194828033447,2.5177435874938965,2.429732322692871,2.2978482246398926,2.205570936203003,2.3061423301696777,2.657086133956909,2.605379343032837,2.928407907485962,2.8763010501861572,3.132755994796753,3.166517496109009,3.27730393409729,3.581704616546631,3.541172742843628,3.891282320022583,4.226727485656738,4.396780014038086,4.090146541595459,3.9186851978302,3.7651519775390625,3.9128072261810303,3.7611658573150635,4.061756134033203,4.089598178863525,4.278167724609375,4.453884124755859,4.513431549072266,4.880636215209961,4.89938497543335,5.2208428382873535,5.547051429748535,5.554206371307373,5.237547874450684,4.958702564239502,4.677404880523682,4.759541034698486,4.443711280822754,4.563365459442139,4.556911945343018,4.609933376312256,4.796837329864502,4.700758457183838,5.060470104217529,4.987792015075684,5.122299671173096,5.445058822631836,5.546671390533447,5.312991142272949,5.034483432769775,4.779115676879883,4.509559631347656,4.322350025177002,4.105930328369141,3.8341519832611084,3.65160870552063,3.462892770767212,3.2117245197296143,3.2283427715301514,2.854856491088867,2.732905387878418,2.6543359756469727
A7,1.7799715995788574,1.5484411716461182,1.225598931312561,0.8604623079299927,0.6994510889053345,0.37635406851768494,0.0,0.3843114674091339,0.625167727470398,0.9594154357910156,1.22251296043396,1.5159732103347778,1.6828193664550781,2.050368070602417,2.3378398418426514,2.063124895095825,1.924767255783081,1.8323273658752441,1.9405467510223389,2.295970916748047,2.260908365249634,2.585522413253784,2.539914608001709,2.814387321472168,2.8604416847229004,2.9974966049194336,3.299765110015869,3.2833962440490723,3.6412830352783203,3.965564012527466,4.039248943328857,3.732612371444702,3.567302942276001,3.427845001220703,3.5862181186676025,3.450995445251465,3.7635178565979004,3.788210391998291,3.9964165687561035,4.166691303253174,4.245851039886475,4.607181549072266,4.62756872177124,4.95682954788208,5.28999662399292,5.268176078796387,4.946835041046143,4.673915863037109,4.405376434326172,4.503964424133301,4.200107097625732,4.342815399169922,4.335108757019043,4.41480827331543,4.598962783813477,4.5241522789001465,4.883150577545166,4.809906005859375,4.965832710266113,5.280426025390625,5.431433200836182,5.181668758392334,4.917276859283447,4.644064903259277,4.395841598510742,4.188193321228027,3.9916622638702393,3.7381842136383057,3.563596487045288,3.4083685874938965,3.1629345417022705,3.225066900253296,2.860358715057373,2.7836806774139404,2.7537448406219482
A8,2.0822951793670654,1.8155882358551025,1.4977904558181763,1.1700959205627441,0.9275317192077637,0.5651293396949768,0.3843114674091339,0.0,0.38047870993614197,0.620468258857727,0.9127765893936157,1.1972541809082031,1.3236466646194458,1.695643663406372,1.9828001260757446,2.0738751888275146,1.967366337776184,1.868922472000122,1.9357435703277588,2.277571678161621,2.195981979370117,2.486743688583374,2.3902428150177,2.6439192295074463,2.6459877490997314,2.762371063232422,3.050887107849121,3.000659942626953,3.351280927658081,3.6850454807281494,3.9587771892547607,3.6714248657226562,3.5292506217956543,3.3908047676086426,3.578077793121338,3.4231808185577393,3.7204227447509766,3.707664728164673,3.9053964614868164,4.047794818878174,4.106176853179932,4.463072299957275,4.455597400665283,4.774955749511719,5.108060359954834,5.260413646697998,4.950772762298584,4.694847106933594,4.4361467361450195,4.559729099273682,4.250430583953857,4.387580871582031,4.346477508544922,4.424191474914551,4.579477310180664,4.489696025848389,4.83598518371582,4.734020233154297,4.878622531890869,5.180483818054199,5.492386341094971,5.25117301940918,5.001190662384033,4.733802318572998,4.493753910064697,4.301551818847656,4.129055023193359,3.8645286560058594,3.7233364582061768,3.5634703636169434,3.3480751514434814,3.4166173934936523,3.0605196952819824,2.990720748901367,2.9446067810058594
A9,2.3959224224090576,2.141969680786133,1.8079150915145874,1.4589073657989502,1.2728384733200073,0.9080431461334229,0.625167727470398,0.38047870993614197,0.0,0.37676313519477844,0.646233320236206,0.8982908129692078,1.1101431846618652,1.4676403999328613,1.7395843267440796,1.8132984638214111,1.693801999092102,1.5678443908691406,1.5993915796279907,1.9296517372131348,1.832124948501587,2.112386703491211,2.009824275970459,2.2661290168762207,2.274035692214966,2.4028337001800537,2.6934595108032227,2.6634621620178223,3.020317792892456,3.3460333347320557,3.5855352878570557,3.3027374744415283,3.1677582263946533,3.0334386825561523,3.234860420227051,3.0815446376800537,3.3793015480041504,3.3535618782043457,3.5603036880493164,3.692530870437622,3.759683132171631,4.111401081085205,4.101304531097412,4.424473762512207,4.761869430541992,4.933671951293945,4.626129627227783,4.380836486816406,4.134946346282959,4.278710842132568,3.977139472961426,4.127974510192871,4.074004650115967,4.171252727508545,4.314228534698486,4.237701892852783,4.578095436096191,4.468688488006592,4.627947807312012,4.918886661529541,5.315950870513916,5.06569242477417,4.834024429321289,4.5559258460998535,4.338327884674072,4.137054920196533,3.9922523498535156,3.7411048412323,3.6221749782562256,3.4904932975769043,3.295928716659546,3.4045984745025635,3.065593957901001,3.0386765003204346,3.029433250427246
A10,2.695913314819336,2.4183189868927,2.090925455093384,1.7675116062164307,1.5388500690460205,1.17570960521698,0.9594154357910156,0.620468258857727,0.37676313519477844,0.0,0.37975606322288513,0.5814430713653564,0.7429367303848267,1.107492446899414,1.3791850805282593,1.9329007863998413,1.8512749671936035,1.7255240678787231,1.7084426879882812,2.0040977001190186,1.8553709983825684,2.08331036567688,1.9207485914230347,2.142343044281006,2.0938174724578857,2.1930320262908936,2.4641575813293457,2.3918700218200684,2.7387993335723877,3.075434684753418,3.548910140991211,3.291307210922241,3.183314323425293,3.0512826442718506,3.2796969413757324,3.106832981109619,3.3822576999664307,3.315643787384033,3.507230281829834,3.606921434402466,3.649467706680298,3.9934093952178955,3.9520416259765625,4.2620391845703125,4.597593784332275,4.95701789855957,4.664433002471924,4.438828945159912,4.20510721206665,4.372136116027832,4.067918300628662,4.210442066192627,4.122892379760742,4.216266632080078,4.327883243560791,4.236077308654785,4.559993743896484,4.421122074127197,4.566931247711182,4.842252731323242,5.401243686676025,5.161609649658203,4.945526123046875,4.676014423370361,4.467747211456299,4.284119129180908,4.162985801696777,3.903634548187256,3.816828489303589,3.681133270263672,3.515673875808716,3.6264219284057617,3.2985947132110596,3.275467872619629,3.250664234161377
A11,2.9185454845428467,2.6244752407073975,2.282864570617676,1.974550485610962,1.78117835521698,1.4223092794418335,1.22251296043396,0.9127765893936157,0.646233320236206,0.37975606322288513,0.0,0.3859606683254242,0.5574712753295898,0.8763748407363892,1.1927218437194824,2.0771615505218506,1.9605011940002441,1.7766128778457642,1.6787481307983398,1.9278494119644165,1.71321439743042,1.9163761138916016,1.7483326196670532,1.9164968729019165,1.8678114414215088,1.9190068244934082,2.2100982666015625,2.136521339416504,2.4790828227996826,2.8218703269958496,3.394608736038208,3.1439766883850098,3.0286672115325928,2.86785626411438,3.09146785736084,2.885061740875244,3.1333866119384766,3.052917718887329,3.2174768447875977,3.313553810119629,3.332312822341919,3.680267095565796,3.6365814208984375,3.9393439292907715,4.268425941467285,4.70444917678833,4.425673007965088,4.20815372467041,3.9730024337768555,4.146302700042725,3.833282947540283,3.9580025672912598,3.847053289413452,3.9284093379974365,4.02116060256958,3.915668249130249,4.230649948120117,4.078515529632568,4.215083599090576,4.485735893249512,5.127214431762695,4.896944999694824,4.693118572235107,4.432565212249756,4.232179641723633,4.065845489501953,3.966829538345337,3.701869249343872,3.648129463195801,3.5137314796447754,3.3822615146636963,3.504244327545166,3.1970739364624023,3.195052146911621,3.1757009029388428
A12,3.2561254501342773,2.9717485904693604,2.635061740875244,2.3148176670074463,2.106597423553467,1.743123173713684,1.5159732103347778,1.1972541809082031,0.8982908129692078,0.5814430713653564,0.3859606683254242,0.0,0.3848806619644165,0.6343428492546082,0.8751125335693359,1.9773303270339966,1.9083073139190674,1.7508562803268433,1.6351513862609863,1.8479706048965454,1.622959852218628,1.7622959613800049,1.5325603485107422,1.6924022436141968,1.5869355201721191,1.6516109704971313,1.9080206155776978,1.8155035972595215,2.1593174934387207,2.4993138313293457,3.185229539871216,2.961958408355713,2.886155843734741,2.755311965942383,3.0157535076141357,2.822105884552002,3.064091444015503,2.9435441493988037,3.1203887462615967,3.1762664318084717,3.198754072189331,3.5274901390075684,3.4539785385131836,3.7524237632751465,4.087797164916992,4.647698879241943,4.376575469970703,4.183009147644043,3.9751787185668945,4.180085182189941,3.8840866088867188,4.026214122772217,3.894061803817749,3.9992196559906006,4.066178798675537,3.9732210636138916,4.27065372467041,4.097940921783447,4.243695259094238,4.490384101867676,5.277700901031494,5.042647361755371,4.861451148986816,4.594356536865234,4.419254302978516,4.247771263122559,4.177017688751221,3.9274966716766357,3.893277168273926,3.7826008796691895,3.6666412353515625,3.8125078678131104,3.5179288387298584,3.5367400646209717,3.533067464828491
A13,3.3546676635742188,3.0459041595458984,2.723353624343872,2.4369115829467773,2.1907520294189453,1.8428868055343628,1.6828193664550781,1.3236466646194458,1.1101431846618652,0.7429367303848267,0.5574712753295898,0.3848806619644165,0.0,0.37421321868896484,0.6874777674674988,2.3283746242523193,2.2806015014648438,2.134065866470337,2.018115282058716,2.220177412033081,1.9763038158416748,2.087991714477539,1.8341054916381836,1.943501353263855,1.7876965999603271,1.790268063545227,2.016561508178711,1.8538658618927002,2.1657657623291016,2.522130250930786,3.4757862091064453,3.2720417976379395,3.208219528198242,3.0701091289520264,3.3318839073181152,3.1170132160186768,3.3324174880981445,3.1912243366241455,3.3369638919830322,3.3738412857055664,3.358877420425415,3.682166576385498,3.5828685760498047,3.8589136600494385,4.182615756988525,4.904414653778076,4.648288726806641,4.463339328765869,4.25372838973999,4.458707332611084,4.152556896209717,4.271090030670166,4.119178295135498,4.199663162231445,4.247094631195068,4.1258978843688965,4.4105329513549805,4.216612339019775,4.3328142166137695,4.572902679443359,5.44242525100708,5.226838111877441,5.045834541320801,4.797453880310059,4.612602710723877,4.466879367828369,4.396124362945557,4.127800464630127,4.107054710388184,3.9709134101867676,3.867443561553955,3.9871158599853516,3.6917779445648193,3.6870172023773193,3.6468868255615234
A14,3.716458797454834,3.401914119720459,3.077859401702881,2.797260284423828,2.556790828704834,2.2108194828033447,2.050368070602417,1.695643663406372,1.4676403999328613,1.107492446899414,0.8763748407363892,0.6343428492546082,0.37421321868896484,0.0,0.3794277310371399,2.5187289714813232,2.4804227352142334,2.324882745742798,2.1673460006713867,2.317056179046631,2.0387814044952393,2.0865492820739746,1.7995792627334595,1.8418248891830444,1.6346403360366821,1.5801804065704346,1.7723569869995117,1.5637340545654297,1.8504141569137573,2.2124972343444824,3.395324945449829,3.2222087383270264,3.1817500591278076,3.0443315505981445,3.3189103603363037,3.0894877910614014,3.271674633026123,3.0937039852142334,3.2163989543914795,3.218240976333618,3.17681884765625,3.4836878776550293,3.3550784587860107,3.6121957302093506,3.9287352561950684,4.8240509033203125,4.58786678314209,4.4263386726379395,4.233633518218994,4.458100318908691,4.157284736633301,4.267230033874512,4.085226058959961,4.164368629455566,4.178534507751465,4.049536228179932,4.310688495635986,4.091104507446289,4.196770668029785,4.414256572723389,5.440613269805908,5.234660625457764,5.075453281402588,4.835648536682129,4.668915271759033,4.538247108459473,4.4962968826293945,4.231551170349121,4.243002414703369,4.115804195404053,4.042582035064697,4.17369270324707,3.8983936309814453,3.9102916717529297,3.8741345405578613
A15,4.035339832305908,3.7296159267425537,3.4091548919677734,3.117478847503662,2.8670454025268555,2.5177435874938965,2.3378398418426514,1.9828001260757446,1.7395843267440796,1.3791850805282593,1.1927218437194824,0.8751125335693359,0.6874777674674988,0.3794277310371399,0.0,2.5465030670166016,2.551952600479126,2.4273135662078857,2.2695415019989014,2.386289596557617,2.1175754070281982,2.105346918106079,1.7766923904418945,1.797218918800354,1.5265552997589111,1.4756304025650024,1.5930843353271484,1.339102864265442,1.6032187938690186,1.957238793373108,3.300786256790161,3.1624128818511963,3.1639201641082764,3.0601401329040527,3.3621039390563965,3.150941848754883,3.323103666305542,3.110722303390503,3.241563081741333,3.201117753982544,3.162238121032715,3.440959930419922,3.279170036315918,3.524158239364624,3.8418216705322266,4.862409591674805,4.635946750640869,4.498416423797607,4.33283805847168,4.582173824310303,4.299861907958984,4.424469947814941,4.227644920349121,4.326969623565674,4.319247722625732,4.203342437744141,4.445656776428223,4.210035800933838,4.3223161697387695,4.5142340660095215,5.659810543060303,5.450422286987305,5.310118198394775,5.06559944152832,4.919724941253662,4.784008502960205,4.762435436248779,4.511551856994629,4.534124374389648,4.425238132476807,4.359449863433838,4.507102966308594,4.2383832931518555,4.263208866119385,4.238613605499268
B1,3.5204219818115234,3.4281160831451416,3.1430745124816895,2.756044626235962,2.6990177631378174,2.429732322692871,2.063124895095825,2.0738751888275146,1.8132984638214111,1.9329007863998413,2.0771615505218506,1.9773303270339966,2.3283746242523193,2.5187289714813232,2.5465030670166016,0.0,0.37979787588119507,0.7231693863868713,1.014703392982483,1.2161145210266113,1.4750182628631592,1.641878604888916,1.642427921295166,2.0273802280426025,2.1235671043395996,2.467101573944092,2.6363232135772705,2.7805817127227783,3.1154868602752686,3.3003158569335938,2.5579938888549805,2.2994542121887207,2.2608020305633545,2.3404810428619385,2.590454339981079,2.6626763343811035,3.030418634414673,3.017094135284424,3.3657803535461426,3.452836751937866,3.6777970790863037,3.942014217376709,3.9542453289031982,4.305266857147217,4.663723945617676,4.451322078704834,4.115378379821777,3.916102886199951,3.783751964569092,3.988802194595337,3.82102632522583,4.1123223304748535,4.108763694763184,4.356504440307617,4.505726337432861,4.575354099273682,4.890774726867676,4.820678234100342,5.0889811515808105,5.323798179626465,5.729445457458496,5.406604290008545,5.239618301391602,4.891438961029053,4.785832405090332,4.482779502868652,4.407674312591553,4.293063640594482,4.164615631103516,4.196333408355713,3.997606039047241,4.238132953643799,3.9604711532592773,4.055473327636719,4.198368072509766
B2,3.3625621795654297,3.267117738723755,2.9686472415924072,2.582172393798828,2.566173553466797,2.2978482246398926,1.924767255783081,1.967366337776184,1.693801999092102,1.8512749671936035,1.9605011940002441,1.9083073139190674,2.2806015014648438,2.4804227352142334,2.551952600479126,0.37979787588119507,0.0,0.37016990780830383,0.710207462310791,0.9494962692260742,1.2280893325805664,1.4569919109344482,1.5234429836273193,1.9054994583129883,2.057069778442383,2.3829729557037354,2.5954244136810303,2.762640953063965,3.1076693534851074,3.301638603210449,2.4767701625823975,2.182110548019409,2.087937593460083,2.122269868850708,2.3403191566467285,2.397193670272827,2.7731246948242188,2.7925660610198975,3.134075880050659,3.2554099559783936,3.4806714057922363,3.7619853019714355,3.8025591373443604,4.160574436187744,4.515483856201172,4.197114944458008,3.854588747024536,3.635991096496582,3.4824326038360596,3.66982364654541,3.490751266479492,3.7759292125701904,3.785188913345337,4.025578498840332,4.1903557777404785,4.260525703430176,4.585381031036377,4.5311970710754395,4.801304817199707,5.048363208770752,5.370731353759766,5.046963214874268,4.873707294464111,4.5251922607421875,4.415411472320557,4.11017370223999,4.030464172363281,3.9180588722229004,3.7870423793792725,3.823939085006714,3.626931667327881,3.874821662902832,3.605341672897339,3.7135846614837646,3.8717827796936035
B3,3.3037688732147217,3.1853344440460205,2.8669235706329346,2.4834468364715576,2.4874327182769775,2.205570936203003,1.8323273658752441,1.868922472000122,1.5678443908691406,1.7255240678787231,1.7766128778457642,1.7508562803268433,2.134065866470337,2.324882745742798,2.4273135662078857,0.7231693863868713,0.37016990780830383,0.0,0.3718271255493164,0.6723353266716003,0.9215022325515747,1.20662522315979,1.3158533573150635,1.6825976371765137,1.8729379177093506,2.1727967262268066,2.4222543239593506,2.602476119995117,2.952989339828491,3.15720534324646,2.366044759750366,2.0489017963409424,1.9107147455215454,1.8877955675125122,2.0899813175201416,2.107834815979004,2.481964588165283,2.513422727584839,2.839794874191284,2.9828031063079834,3.1962780952453613,3.4944143295288086,3.549987316131592,3.9106109142303467,4.262126445770264,3.9361395835876465,3.594895362854004,3.3652689456939697,3.1916165351867676,3.373655319213867,3.174532890319824,3.445967674255371,3.448496103286743,3.677314281463623,3.8433291912078857,3.9044156074523926,4.233641147613525,4.181270599365234,4.447508335113525,4.701719760894775,5.018425941467285,4.699166297912598,4.525166034698486,4.180421352386475,4.067540645599365,3.7702229022979736,3.696192502975464,3.576061964035034,3.459352731704712,3.494551658630371,3.313429355621338,3.568948984146118,3.3088722229003906,3.430941104888916,3.5954079627990723
B4,3.4663209915161133,3.3191518783569336,2.9830408096313477,2.6061012744903564,2.6083667278289795,2.3061423301696777,1.9405467510223389,1.9357435703277588,1.5993915796279907,1.7084426879882812,1.6787481307983398,1.6351513862609863,2.018115282058716,2.1673460006713867,2.2695415019989014,1.014703392982483,0.710207462310791,0.3718271255493164,0.0,0.37043944001197815,0.5535821914672852,0.8669440746307373,1.0114538669586182,1.3559788465499878,1.580580711364746,1.862040638923645,2.130758285522461,2.33139967918396,2.678360939025879,2.8799338340759277,2.1403679847717285,1.8179852962493896,1.6609597206115723,1.5948184728622437,1.80832839012146,1.7865731716156006,2.151041030883789,2.168304920196533,2.4849295616149902,2.6282505989074707,2.8321800231933594,3.136918306350708,3.1946332454681396,3.555429220199585,3.905461072921753,3.6452434062957764,3.3127856254577637,3.08944034576416,2.9130859375,3.111478328704834,2.9004580974578857,3.1625845432281494,3.1391761302948,3.3663344383239746,3.514569044113159,3.569875955581665,3.8923604488372803,3.828460693359375,4.093862056732178,4.342289447784424,4.747130393981934,4.433463096618652,4.273440361022949,3.9331493377685547,3.8314056396484375,3.547009229660034,3.499255895614624,3.3752005100250244,3.2934303283691406,3.33355975151062,3.1867012977600098,3.456481456756592,3.215500831604004,3.357783555984497,3.526071786880493
B5,3.8094561100006104,3.661900043487549,3.3225574493408203,2.9509084224700928,2.9617202281951904,2.657086133956909,2.295970916748047,2.277571678161621,1.9296517372131348,2.0040977001190186,1.9278494119644165,1.8479706048965454,2.220177412033081,2.317056179046631,2.386289596557617,1.2161145210266113,0.9494962692260742,0.6723353266716003,0.37043944001197815,0.0,0.3875269591808319,0.6096820831298828,0.8564909100532532,1.164116621017456,1.4437358379364014,1.7323970794677734,1.9823243618011475,2.23361873626709,2.5592265129089355,2.723872184753418,1.785147786140442,1.4555476903915405,1.2909449338912964,1.2343478202819824,1.4668992757797241,1.4706671237945557,1.8372294902801514,1.848737359046936,2.185436248779297,2.3203024864196777,2.5503132343292236,2.837458372116089,2.90665340423584,3.2696707248687744,3.6179189682006836,3.3180413246154785,2.9889285564422607,2.7826809883117676,2.631695032119751,2.8562870025634766,2.6688098907470703,2.9491286277770996,2.9143924713134766,3.168607473373413,3.3002662658691406,3.380826711654663,3.68704891204834,3.6235692501068115,3.9065353870391846,4.136114120483398,4.608141899108887,4.289058208465576,4.156097412109375,3.811352491378784,3.7434604167938232,3.455961227416992,3.446141242980957,3.3484926223754883,3.2968909740448,3.370302200317383,3.25518536567688,3.5518782138824463,3.3426637649536133,3.51611328125,3.706221103668213
B6,3.8323190212249756,3.65057635307312,3.298571825027466,2.9361186027526855,2.9275927543640137,2.605379343032837,2.260908365249634,2.195981979370117,1.832124948501587,1.8553709983825684,1.71321439743042,1.622959852218628,1.9763038158416748,2.0387814044952393,2.1175754070281982,1.4750182628631592,1.2280893325805664,0.9215022325515747,0.5535821914672852,0.3875269591808319,0.0,0.38030093908309937,0.611971378326416,0.8731420040130615,1.1645612716674805,1.4093928337097168,1.696347951889038,1.9377093315124512,2.267219305038452,2.4528143405914307,1.81785249710083,1.5087268352508545,1.3430854082107544,1.2106599807739258,1.4584370851516724,1.3649576902389526,1.6973155736923218,1.6671223640441895,1.9692401885986328,2.0966126918792725,2.286153554916382,2.5950350761413574,2.6480960845947266,3.008228063583374,3.3574488162994385,3.2490181922912598,2.9381039142608643,2.7387783527374268,2.5727322101593018,2.807994842529297,2.588205337524414,2.835005521774292,2.758605480194092,2.9878413677215576,3.0938644409179688,3.142608404159546,3.4447224140167236,3.354322671890259,3.6199235916137695,3.84969425201416,4.4444661140441895,4.141887187957764,4.013155937194824,3.6832809448242188,3.608405590057373,3.3495426177978516,3.3530778884887695,3.2288057804107666,3.2098793983459473,3.2607626914978027,3.1741979122161865,3.461946487426758,3.256798267364502,3.426727294921875,3.596430778503418
B7,4.196422100067139,4.006561279296875,3.6527204513549805,3.2897682189941406,3.261380910873413,2.928407907485962,2.585522413253784,2.486743688583374,2.112386703491211,2.08331036567688,1.9163761138916016,1.7622959613800049,2.087991714477539,2.0865492820739746,2.105346918106079,1.641878604888916,1.4569919109344482,1.20662522315979,0.8669440746307373,0.6096820831298828,0.38030093908309937,0.0,0.37611377239227295,0.5720934867858887,0.8997302055358887,1.1672598123550415,1.4108020067214966,1.695996642112732,2.0008862018585205,2.149493455886841,1.5080255270004272,1.2330619096755981,1.1239936351776123,1.025512456893921,1.3398120403289795,1.254599928855896,1.5516650676727295,1.451481580734253,1.7678567171096802,1.8397986888885498,2.0406041145324707,2.322948694229126,2.3514564037323,2.709761142730713,3.064166784286499,3.098489761352539,2.8065226078033447,2.6470024585723877,2.522543430328369,2.798271417617798,2.6039116382598877,2.856773614883423,2.745366096496582,2.9938137531280518,3.0589888095855713,3.1190309524536133,3.3913869857788086,3.277479410171509,3.549319267272949,3.7477898597717285,4.514218807220459,4.215829849243164,4.118234157562256,3.7931747436523438,3.7490572929382324,3.5009429454803467,3.5421321392059326,3.4318602085113525,3.4461958408355713,3.5123960971832275,3.4549436569213867,3.7528433799743652,3.56656551361084,3.7479090690612793,3.9180314540863037
B8,4.226537704467773,4.01716947555542,3.6629478931427,3.298126459121704,3.225180149078369,2.8763010501861572,2.539914608001709,2.3902428150177,2.009824275970459,1.9207485914230347,1.7483326196670532,1.5325603485107422,1.8341054916381836,1.7995792627334595,1.7766923904418945,1.642427921295166,1.5234429836273193,1.3158533573150635,1.0114538669586182,0.8564909100532532,0.611971378326416,0.37611377239227295,0.0,0.3869410753250122,0.5887839794158936,0.9050061106681824,1.1330543756484985,1.3805261850357056,1.7037036418914795,1.8782997131347656,1.6545064449310303,1.4381930828094482,1.4041852951049805,1.3406295776367188,1.6761997938156128,1.571160078048706,1.8277747631072998,1.6676865816116333,1.9528480768203735,1.9695597887039185,2.1273515224456787,2.4014832973480225,2.3721044063568115,2.7161638736724854,3.0760111808776855,3.375322103500366,3.1019885540008545,2.962223529815674,2.845635414123535,3.130403995513916,2.9271645545959473,3.160701036453247,3.0220749378204346,3.251246213912964,3.290412425994873,3.321665048599243,3.5820977687835693,3.4346694946289062,3.6834309101104736,3.8712868690490723,4.7716217041015625,4.487120628356934,4.389069557189941,4.075900077819824,4.02022647857666,3.7908008098602295,3.8277218341827393,3.6935300827026367,3.7132630348205566,3.7514543533325195,3.693117141723633,3.97037672996521,3.766352653503418,3.9233036041259766,4.062464714050293
B9,4.496989727020264,4.270830154418945,3.911388397216797,3.5589475631713867,3.4846248626708984,3.132755994796753,2.814387321472168,2.6439192295074463,2.2661290168762207,2.142343044281006,1.9164968729019165,1.6924022436141968,1.943501353263855,1.8418248891830444,1.797218918800354,2.0273802280426025,1.9054994583129883,1.6825976371765137,1.3559788465499878,1.164116621017456,0.8731420040130615,0.5720934867858887,0.3869410753250122,0.0,0.3805164396762848,0.6095289587974548,0.8461619019508362,1.1456674337387085,1.437004804611206,1.5910354852676392,1.585484504699707,1.417445182800293,1.3990663290023804,1.2981361150741577,1.6295109987258911,1.473036527633667,1.658955454826355,1.437824010848999,1.6829051971435547,1.6587260961532593,1.7857586145401,2.0551743507385254,2.004654884338379,2.343465805053711,2.703096866607666,3.1869380474090576,2.9418020248413086,2.829540491104126,2.7274575233459473,3.0311107635498047,2.828220844268799,3.039013624191284,2.859781265258789,3.080733299255371,3.0798282623291016,3.1008894443511963,3.3355934619903564,3.1625757217407227,3.403748035430908,3.5701353549957275,4.62630033493042,4.355899333953857,4.281900405883789,3.9835188388824463,3.946530342102051,3.741750955581665,3.811190605163574,3.6779415607452393,3.737485647201538,3.7792444229125977,3.7587552070617676,4.039808750152588,3.8599259853363037,4.029030799865723,4.165571212768555
B10,4.5911545753479,4.3490142822265625,3.992523670196533,3.642157793045044,3.5278236865997314,3.166517496109009,2.8604416847229004,2.6459877490997314,2.274035692214966,2.0938174724578857,1.8678114414215088,1.5869355201721191,1.7876965999603271,1.6346403360366821,1.5265552997589111,2.1235671043395996,2.057069778442383,1.8729379177093506,1.580580711364746,1.4437358379364014,1.1645612716674805,0.8997302055358887,0.5887839794158936,0.3805164396762848,0.0,0.37653225660324097,0.5507711172103882,0.8011175394058228,1.1155016422271729,1.3026344776153564,1.7985410690307617,1.6843256950378418,1.7209001779556274,1.6545135974884033,1.9947112798690796,1.8384840488433838,1.9962437152862549,1.7404552698135376,1.9497787952423096,1.8730132579803467,1.9523741006851196,2.1982343196868896,2.084754705429077,2.3956339359283447,2.752568244934082,3.491715669631958,3.2650907039642334,3.1713225841522217,3.078577995300293,3.387354612350464,3.1811201572418213,3.376530647277832,3.177809476852417,3.381232738494873,3.3571314811706543,3.3534390926361084,3.572460174560547,3.3698697090148926,3.5856950283050537,3.7371535301208496,4.915855407714844,4.659053802490234,4.586040019989014,4.299310684204102,4.253618240356445,4.065077781677246,4.130779266357422,3.9791955947875977,4.042347431182861,4.061250686645508,4.039644718170166,4.302250862121582,4.108290195465088,4.255731105804443,4.364730358123779
B11,4.7117390632629395,4.449076175689697,4.090102672576904,3.7573177814483643,3.6379234790802,3.27730393409729,2.9974966049194336,2.762371063232422,2.4028337001800537,2.1930320262908936,1.9190068244934082,1.6516109704971313,1.790268063545227,1.5801804065704346,1.4756304025650024,2.467101573944092,2.3829729557037354,2.1727967262268066,1.862040638923645,1.7323970794677734,1.4093928337097168,1.1672598123550415,0.9050061106681824,0.6095289587974548,0.37653225660324097,0.0,0.3782009482383728,0.5919039249420166,0.8860322833061218,1.1077460050582886,2.005955696105957,1.9143784046173096,1.935523509979248,1.8219494819641113,2.1311986446380615,1.9201797246932983,2.0178279876708984,1.7352672815322876,1.872798204421997,1.7742420434951782,1.7825984954833984,2.0345582962036133,1.892258882522583,2.182199716567993,2.5297365188598633,3.479689359664917,3.2796008586883545,3.1974055767059326,3.0980889797210693,3.404435873031616,3.182314157485962,3.340315103530884,3.1084938049316406,3.280819892883301,3.225328207015991,3.189826011657715,3.3902533054351807,3.1595144271850586,3.348778247833252,3.489929676055908,4.7938008308410645,4.558150291442871,4.494801998138428,4.229156017303467,4.183125972747803,4.025753498077393,4.105739593505859,3.939877986907959,4.032411575317383,4.036494255065918,4.043189525604248,4.294502258300781,4.113996982574463,4.2590131759643555,4.351955890655518
B12,5.03720760345459,4.7748003005981445,4.418830394744873,4.082108974456787,3.945725679397583,3.581704616546631,3.299765110015869,3.050887107849121,2.6934595108032227,2.4641575813293457,2.2100982666015625,1.9080206155776978,2.016561508178711,1.7723569869995117,1.5930843353271484,2.6363232135772705,2.5954244136810303,2.4222543239593506,2.130758285522461,1.9823243618011475,1.696347951889038,1.4108020067214966,1.1330543756484985,0.8461619019508362,0.5507711172103882,0.3782009482383728,0.0,0.3874448835849762,0.5978845357894897,0.7621598839759827,1.9852113723754883,1.9601138830184937,2.045509099960327,1.984501838684082,2.311032295227051,2.1327624320983887,2.202303647994995,1.88320791721344,2.0139548778533936,1.8483082056045532,1.851194143295288,2.041971206665039,1.8439521789550781,2.1030163764953613,2.4449241161346436,3.5842878818511963,3.405848741531372,3.359022855758667,3.296137571334839,3.6225359439849854,3.4261257648468018,3.5905089378356934,3.3451907634735107,3.5292303562164307,3.446695327758789,3.4210593700408936,3.5915660858154297,3.3445165157318115,3.530339241027832,3.636645793914795,5.062552452087402,4.8308305740356445,4.787290096282959,4.5251641273498535,4.497599124908447,4.343230247497559,4.439637184143066,4.284304141998291,4.386085033416748,4.39894962310791,4.411744594573975,4.667236328125,4.490386962890625,4.637079238891602,4.729165077209473
B13,5.028397083282471,4.749170780181885,4.399157524108887,4.073793411254883,3.905728578567505,3.541172742843628,3.2833962440490723,3.000659942626953,2.6634621620178223,2.3918700218200684,2.136521339416504,1.8155035972595215,1.8538658618927002,1.5637340545654297,1.339102864265442,2.7805817127227783,2.762640953063965,2.602476119995117,2.33139967918396,2.23361873626709,1.9377093315124512,1.695996642112732,1.3805261850357056,1.1456674337387085,0.8011175394058228,0.5919039249420166,0.3874448835849762,0.0,0.368608295917511,0.6859073638916016,2.3606960773468018,2.3357911109924316,2.419489622116089,2.352186441421509,2.675605535507202,2.4811642169952393,2.5505356788635254,2.2359201908111572,2.339529514312744,2.1748945713043213,2.1333515644073486,2.323435068130493,2.097491979598999,2.321497917175293,2.644685983657837,3.9354071617126465,3.763807773590088,3.7128937244415283,3.636375665664673,3.9531164169311523,3.7387380599975586,3.883296489715576,3.62965989112854,3.786518096923828,3.697343587875366,3.639566421508789,3.807403802871704,3.5415525436401367,3.6953847408294678,3.802138566970825,5.280376434326172,5.063565731048584,5.0098724365234375,4.760453224182129,4.7129597663879395,4.5754547119140625,4.6580328941345215,4.4784464836120605,4.578624248504639,4.56247091293335,4.571597099304199,4.803328990936279,4.611943244934082,4.733789443969727,4.795402526855469
B14,5.3818135261535645,5.096872806549072,4.7477827072143555,4.427877426147461,4.254832744598389,3.891282320022583,3.6412830352783203,3.351280927658081,3.020317792892456,2.7387993335723877,2.4790828227996826,2.1593174934387207,2.1657657623291016,1.8504141569137573,1.6032187938690186,3.1154868602752686,3.1076693534851074,2.952989339828491,2.678360939025879,2.5592265129089355,2.267219305038452,2.0008862018585205,1.7037036418914795,1.437004804611206,1.1155016422271729,0.8860322833061218,0.5978845357894897,0.368608295917511,0.0,0.3664920926094055,2.479236125946045,2.502606153488159,2.613405227661133,2.5571417808532715,2.8729960918426514,2.67952823638916,2.704857349395752,2.364319086074829,2.430678367614746,2.2183451652526855,2.142613649368286,2.28218936920166,2.0099551677703857,2.1857945919036865,2.4865148067474365,3.9970993995666504,3.855461597442627,3.83549427986145,3.7829220294952393,4.110368728637695,3.9102120399475098,4.042435169219971,3.7669308185577393,3.9186525344848633,3.7962071895599365,3.7345969676971436,3.868525266647339,3.5820040702819824,3.720491647720337,3.7926547527313232,5.4097771644592285,5.206080913543701,5.174086093902588,4.937601566314697,4.907068729400635,4.785534858703613,4.889272689819336,4.715424060821533,4.837071418762207,4.825578212738037,4.85437536239624,5.087496280670166,4.909709453582764,5.036673069000244,5.095923900604248
