,A1,A2,A3,A4,A5,A6,A7,A8,A9,A10,A11,A12,A13,A14,A15,B1,B2,B3,B4,B5,B6,B7,B8,B9,B10,B11,B12,B13,B14,B15,C1,C2,C3,C4,C5,C6,C7,C8,C9,C10,C11,C12,C13,C14,C15,D1,D2,D3,D4,D5,D6,D7,D8,D9,D10,D11,D12,D13,D14,D15,E1,E2,E3,E4,E5,E6,E7,E8,E9,E10,E11,E12,E13,E14,E15
A1,0.0,0.39475759863853455,0.5707105398178101,0.922607958316803,1.079249620437622,1.4386579990386963,1.6767433881759644,2.041949987411499,2.2658019065856934,2.540672779083252,2.805694103240967,2.846921920776367,3.025824785232544,2.8070061206817627,3.0322203636169434,1.0757440328598022,1.0405445098876953,0.8593428730964661,1.1636439561843872,1.299606442451477,1.559421181678772,1.8089377880096436,2.1109323501586914,2.3873019218444824,2.588536500930786,2.924501895904541,2.9614200592041016,3.2007663249969482,3.0567026138305664,3.3030056953430176,1.8089946508407593,1.798671007156372,1.501615285873413,1.728008508682251,1.783948540687561,1.967469573020935,2.173077344894409,2.4093117713928223,2.682393789291382,2.7597012519836426,3.131852626800537,3.164741277694702,3.439655303955078,3.3510706424713135,3.626136541366577,2.4326364994049072,2.4370362758636475,2.1368424892425537,2.3372905254364014,2.353774070739746,2.494130849838257,2.674443483352661,2.848637104034424,3.0914745330810547,3.0697925090789795,3.4392824172973633,3.4415054321289062,3.741830348968506,3.704146146774292,4.002691268920898,3.1763083934783936,3.237678289413452,2.9353232383728027,3.1240546703338623,3.082587718963623,3.2145750522613525,3.3450798988342285,3.4566285610198975,3.6839334964752197,3.5576069355010986,3.8913450241088867,3.900646209716797,4.2439727783203125,4.357465744018555,4.625853538513184
A2,0.39475759863853455,0.0,0.3786778450012207,0.6340358853340149,0.9020926356315613,1.2090669870376587,1.505842924118042,1.84102201461792,2.0897610187530518,2.3944435119628906,2.6614928245544434,2.752500534057617,2.9597814083099365,2.7807412147521973,3.0460896492004395,1.2340431213378906,1.0678209066390991,0.7896987199783325,0.9729779958724976,1.1344895362854004,1.3212586641311646,1.611711859703064,1.8764253854751587,2.192160129547119,2.405318260192871,2.7498016357421875,2.8336105346679688,3.1015987396240234,2.9966251850128174,3.2788360118865967,1.8819456100463867,1.7882540225982666,1.4407011270523071,1.5820224285125732,1.635793924331665,1.7529155015945435,1.9771533012390137,2.172466993331909,2.475417375564575,2.556504011154175,2.9356155395507812,3.0103719234466553,3.3115148544311523,3.2593994140625,3.564793348312378,2.4648046493530273,2.40594744682312,2.071556329727173,2.209888219833374,2.216205358505249,2.3016390800476074,2.4849019050598145,2.61972713470459,2.882451295852661,2.853638172149658,3.2271080017089844,3.265246629714966,3.587434768676758,3.5849106311798096,3.907949686050415,3.1772658824920654,3.1902689933776855,2.8641068935394287,3.006899118423462,2.954374313354492,3.0426321029663086,3.1660337448120117,3.240006923675537,3.4745352268218994,3.333235740661621,3.6605005264282227,3.693632125854492,4.043432712554932,4.1864333152771,4.467785835266113
A3,0.5707105398178101,0.3786778450012207,0.0,0.3923167884349823,0.5724167227745056,0.8951321840286255,1.1761146783828735,1.5149812698364258,1.7800501585006714,2.0613296031951904,2.3496291637420654,2.4339423179626465,2.660752296447754,2.4967687129974365,2.775751829147339,1.3662869930267334,1.1944580078125,0.8576425313949585,1.004205584526062,1.0342310667037964,1.1849632263183594,1.415046215057373,1.6599066257476807,1.961734652519226,2.1311633586883545,2.490133762359619,2.5598719120025635,2.841440439224243,2.754011869430542,3.0425641536712646,2.0018482208251953,1.8857477903366089,1.53743314743042,1.656995177268982,1.6227657794952393,1.7138525247573853,1.8738231658935547,2.0416836738586426,2.314164638519287,2.3440370559692383,2.725825786590576,2.781432628631592,3.089733600616455,3.0547497272491455,3.3606770038604736,2.577117919921875,2.502202272415161,2.174854040145874,2.299766778945923,2.242906093597412,2.314809799194336,2.4437313079833984,2.5533297061920166,2.780412435531616,2.7043356895446777,3.066466808319092,3.082146406173706,3.405364990234375,3.4163410663604736,3.7340123653411865,3.2916200160980225,3.3019678592681885,2.969743490219116,3.1011528968811035,3.0029079914093018,3.084980010986328,3.163785696029663,3.223329782485962,3.4226768016815186,3.2461137771606445,3.5535526275634766,3.5576226711273193,3.89453125,4.040663719177246,4.303594589233398
A4,0.922607958316803,0.6340358853340149,0.3923167884349823,0.0,0.37549495697021484,0.5869026184082031,0.9187180399894714,1.2228929996490479,1.4918837547302246,1.806371808052063,2.081766128540039,2.2128818035125732,2.457674503326416,2.3345015048980713,2.6478428840637207,1.5086790323257446,1.250557780265808,0.8699286580085754,0.853661835193634,0.829548716545105,0.8694594502449036,1.1106356382369995,1.3128401041030884,1.6430641412734985,1.8229683637619019,2.1838977336883545,2.2948315143585205,2.5978269577026367,2.5480408668518066,2.867262840270996,2.030867576599121,1.8405486345291138,1.4725679159164429,1.5014675855636597,1.4233696460723877,1.4397263526916504,1.5838711261749268,1.7055596113204956,1.9905444383621216,2.0158066749572754,2.400395393371582,2.488661527633667,2.816833257675171,2.8156116008758545,3.14595627784729,2.5476207733154297,2.414442777633667,2.0733861923217773,2.1372551918029785,2.04380464553833,2.063716173171997,2.168900966644287,2.2373499870300293,2.464956521987915,2.372387170791626,2.7329063415527344,2.7724907398223877,3.111095428466797,3.153024435043335,3.488433599472046,3.2208900451660156,3.1899991035461426,2.841951370239258,2.929405689239502,2.8031418323516846,2.8478426933288574,2.9012110233306885,2.9272782802581787,3.11698579788208,2.9200332164764404,3.2158682346343994,3.229755401611328,3.5673818588256836,3.7351059913635254,4.003891468048096
A5,1.079249620437622,0.9020926356315613,0.5724167227745056,0.37549495697021484,0.0,0.38360360264778137,0.6079183220863342,0.9634652733802795,1.2085539102554321,1.494740605354309,1.7781574726104736,1.8765759468078613,2.119819402694702,1.990302562713623,2.302483320236206,1.542107105255127,1.317751407623291,0.9535363912582397,0.9570391178131104,0.7811414003372192,0.8279074430465698,0.9444096684455872,1.1566985845565796,1.43278968334198,1.56898033618927,1.9342103004455566,2.003817319869995,2.3017594814300537,2.246793270111084,2.557621955871582,2.0409891605377197,1.8588755130767822,1.5239553451538086,1.5692625045776367,1.4086754322052002,1.4401752948760986,1.4990832805633545,1.6222530603408813,1.8485432863235474,1.8253049850463867,2.2048349380493164,2.248159170150757,2.5661215782165527,2.5595643520355225,2.8762712478637695,2.548304796218872,2.423632860183716,2.110891580581665,2.1890692710876465,2.040919065475464,2.0794591903686523,2.12693190574646,2.1973841190338135,2.3732099533081055,2.243849754333496,2.588479518890381,2.5833652019500732,2.907883644104004,2.9410321712493896,3.2586846351623535,3.224029064178467,3.20961332321167,2.8700215816497803,2.966931104660034,2.802927255630493,2.865490198135376,2.8791489601135254,2.9155430793762207,3.0651443004608154,2.848116874694824,3.1284782886505127,3.099682569503784,3.4203269481658936,3.5708272457122803,3.8157756328582764
A6,1.4386579990386963,1.2090669870376587,0.8951321840286255,0.5869026184082031,0.38360360264778137,0.0,0.3799085319042206,0.6372363567352295,0.9376220107078552,1.2388625144958496,1.5345046520233154,1.6927070617675781,1.9781771898269653,1.916149377822876,2.267693042755127,1.8713617324829102,1.60926353931427,1.2422797679901123,1.1359885931015015,0.9145246744155884,0.790155291557312,0.8350551724433899,0.9216684103012085,1.2178956270217896,1.3134454488754272,1.6939997673034668,1.8092635869979858,2.1438794136047363,2.151179075241089,2.493579864501953,2.291818141937256,2.06054949760437,1.725443720817566,1.6890813112258911,1.4838751554489136,1.419885277748108,1.4252194166183472,1.4571131467819214,1.671613097190857,1.600109338760376,1.9783589839935303,2.0527873039245605,2.3979763984680176,2.44579815864563,2.784989833831787,2.7431724071502686,2.572007179260254,2.257174253463745,2.27441668510437,2.086458921432495,2.062359571456909,2.0648791790008545,2.069349765777588,2.2257795333862305,2.0505034923553467,2.378838300704956,2.3935492038726807,2.7346270084381104,2.8142454624176025,3.145063877105713,3.372648000717163,3.3214123249053955,2.9725687503814697,3.0231330394744873,2.8277993202209473,2.8463191986083984,2.8212785720825195,2.8111307621002197,2.9356720447540283,2.6818759441375732,2.9329395294189453,2.904942035675049,3.216357946395874,3.396085023880005,3.636612892150879
A7,1.6767433881759644,1.505842924118042,1.1761146783828735,0.9187180399894714,0.6079183220863342,0.3799085319042206,0.0,0.39112886786460876,0.6160018444061279,0.8914415240287781,1.1885491609573364,1.3195374011993408,1.607062578201294,1.5539897680282593,1.9129043817520142,1.9724891185760498,1.7370672225952148,1.4060307741165161,1.3071645498275757,0.9975656270980835,0.8763039708137512,0.748662531375885,0.8064317107200623,0.9977452158927917,1.0253416299819946,1.4052952527999878,1.475757360458374,1.807324767112732,1.8199377059936523,2.1581594944000244,2.3344109058380127,2.107375144958496,1.8157955408096313,1.7836142778396606,1.5127307176589966,1.4571000337600708,1.3663896322250366,1.3882557153701782,1.519017219543457,1.387252688407898,1.7488362789154053,1.7722196578979492,2.104783773422241,2.15336537361145,2.479170083999634,2.7518160343170166,2.5836691856384277,2.30365252494812,2.3252742290496826,2.0877952575683594,2.0767271518707275,2.016451597213745,2.0186045169830322,2.111865997314453,1.8983410596847534,2.199880838394165,2.165254831314087,2.4874823093414307,2.561061382293701,2.8721601963043213,3.3622796535491943,3.3212671279907227,2.985333204269409,3.0382914543151855,2.806952476501465,2.838827133178711,2.771343946456909,2.769700288772583,2.848607063293457,2.577394723892212,2.8067359924316406,2.7329535484313965,3.0222535133361816,3.1827540397644043,3.3968753814697266
A8,2.041949987411499,1.84102201461792,1.5149812698364258,1.2228929996490479,0.9634652733802795,0.6372363567352295,0.39112886786460876,0.0,0.3982694149017334,0.6441694498062134,0.9623739719390869,1.1727449893951416,1.511367917060852,1.5530660152435303,1.9399197101593018,2.3432750701904297,2.088836908340454,1.7579054832458496,1.606435775756836,1.297347068786621,1.0835455656051636,0.8955077528953552,0.7717429399490356,0.9143956303596497,0.8293060064315796,1.2134950160980225,1.3312751054763794,1.699527621269226,1.79343843460083,2.1527833938598633,2.654810905456543,2.398505210876465,2.1141254901885986,2.026921033859253,1.734316110610962,1.6052571535110474,1.460164189338684,1.3784462213516235,1.462827444076538,1.25370454788208,1.5887603759765625,1.636707067489624,1.9900636672973633,2.1050610542297363,2.4432246685028076,3.024421215057373,2.823374032974243,2.549565076828003,2.522461414337158,2.255810260772705,2.19046688079834,2.081876754760742,2.01455020904541,2.0699656009674072,1.8006682395935059,2.0634896755218506,2.0413737297058105,2.370814085006714,2.4969635009765625,2.8112993240356445,3.58811354637146,3.5174529552459717,3.1799092292785645,3.19185471534729,2.9335548877716064,2.924886465072632,2.8158018589019775,2.7676000595092773,2.8103835582733154,2.501077651977539,2.6863036155700684,2.604442596435547,2.8721559047698975,3.0607895851135254,3.2602665424346924
A9,2.2658019065856934,2.0897610187530518,1.7800501585006714,1.4918837547302246,1.2085539102554321,0.9376220107078552,0.6160018444061279,0.3982694149017334,0.0,0.38813573122024536,0.6029130816459656,0.8319435715675354,1.1505451202392578,1.2215174436569214,1.618302583694458,2.3964316844940186,2.1490354537963867,1.8620301485061646,1.6924848556518555,1.343613862991333,1.1329845190048218,0.8301805853843689,0.6674546003341675,0.6300410032272339,0.46034955978393555,0.8373205661773682,0.9333667159080505,1.302706241607666,1.4139498472213745,1.7815805673599243,2.607680082321167,2.342895269393921,2.106957197189331,2.0042195320129395,1.6673626899719238,1.5374497175216675,1.3080750703811646,1.2135565280914307,1.200219988822937,0.9410939812660217,1.2496720552444458,1.255039930343628,1.5993276834487915,1.7198727130889893,2.0556163787841797,2.913503408432007,2.7032909393310547,2.4671435356140137,2.428845167160034,2.122021198272705,2.0610973834991455,1.8937286138534546,1.824402093887329,1.816066026687622,1.5223721265792847,1.7564460039138794,1.690584421157837,2.0026257038116455,2.1239829063415527,2.427220106124878,3.430752754211426,3.3582639694213867,3.0366086959838867,3.0403289794921875,2.751396417617798,2.7493786811828613,2.6013052463531494,2.5619518756866455,2.5623903274536133,2.246587038040161,2.4142138957977295,2.293126106262207,2.5435519218444824,2.7113423347473145,2.8944239616394043
A10,2.540672779083252,2.3944435119628906,2.0613296031951904,1.806371808052063,1.494740605354309,1.2388625144958496,0.8914415240287781,0.6441694498062134,0.38813573122024536,0.0,0.38978859782218933,0.5748327970504761,0.951589047908783,1.096260905265808,1.4835652112960815,2.6837475299835205,2.467949628829956,2.190778970718384,2.052964210510254,1.6943475008010864,1.512727975845337,1.1978024244308472,1.0381240844726562,0.909666895866394,0.5957300662994385,0.8637439608573914,0.8609572649002075,1.213560700416565,1.3671008348464966,1.702584981918335,2.900519371032715,2.6577529907226562,2.4437625408172607,2.3610806465148926,2.013303279876709,1.8998618125915527,1.6415003538131714,1.5371217727661133,1.4504519701004028,1.1299487352371216,1.3535929918289185,1.2849122285842896,1.587866187095642,1.7299014329910278,2.025151491165161,3.1993191242218018,3.0050878524780273,2.7929563522338867,2.7659313678741455,2.4442567825317383,2.3932952880859375,2.193528175354004,2.115043878555298,2.05086350440979,1.7246581315994263,1.8949928283691406,1.7768510580062866,2.046543598175049,2.17364764213562,2.434835433959961,3.7061471939086914,3.646988868713379,3.3398678302764893,3.3477463722229004,3.042214870452881,3.0468387603759766,2.8695068359375,2.8285114765167236,2.7859444618225098,2.455960988998413,2.5803756713867188,2.4147086143493652,2.620316743850708,2.7724709510803223,2.9093058109283447
A11,2.805694103240967,2.6614928245544434,2.3496291637420654,2.081766128540039,1.7781574726104736,1.5345046520233154,1.1885491609573364,0.9623739719390869,0.6029130816459656,0.38978859782218933,0.0,0.3719404935836792,0.6914547681808472,0.9276400208473206,1.3067798614501953,2.8199703693389893,2.6015360355377197,2.360183000564575,2.1957640647888184,1.8303062915802002,1.6410932540893555,1.2848836183547974,1.0984039306640625,0.8383331298828125,0.46893253922462463,0.5581655502319336,0.5080199241638184,0.8609747290611267,1.0792994499206543,1.4211375713348389,2.9376354217529297,2.682379722595215,2.5107932090759277,2.4021666049957275,2.034625291824341,1.9086494445800781,1.596100091934204,1.467642068862915,1.286636471748352,0.9315198063850403,1.0662481784820557,0.9458131194114685,1.2261435985565186,1.399850845336914,1.690646767616272,3.163203001022339,2.953669309616089,2.777062177658081,2.726729393005371,2.378397226333618,2.318098783493042,2.0678935050964355,1.9744576215744019,1.8450345993041992,1.5010117292404175,1.6151701211929321,1.4556233882904053,1.6965099573135376,1.8336349725723267,2.0806567668914795,3.6063549518585205,3.5354702472686768,3.246259927749634,3.234391689300537,2.904407501220703,2.9027411937713623,2.68680477142334,2.642916679382324,2.5548276901245117,2.220654249191284,2.3129830360412598,2.1110012531280518,2.2885308265686035,2.424586534500122,2.541105031967163
A12,2.846921920776367,2.752500534057617,2.4339423179626465,2.2128818035125732,1.8765759468078613,1.6927070617675781,1.3195374011993408,1.1727449893951416,0.8319435715675354,0.5748327970504761,0.3719404935836792,0.0,0.3874140679836273,0.6216102242469788,0.9797642230987549,2.808039903640747,2.6354687213897705,2.423156976699829,2.30928897857666,1.9321480989456177,1.8102295398712158,1.447123646736145,1.34542977809906,1.0690662860870361,0.7634715437889099,0.7947595715522766,0.5467987060546875,0.769392192363739,0.9126994013786316,1.1937401294708252,2.925475597381592,2.71067476272583,2.5715980529785156,2.5117011070251465,2.139763355255127,2.074789047241211,1.7584222555160522,1.6975152492523193,1.4949487447738647,1.174852728843689,1.277215600013733,1.0542229413986206,1.2426005601882935,1.3421790599822998,1.567638635635376,3.1557793617248535,2.984812021255493,2.8378682136535645,2.8306374549865723,2.481940269470215,2.473418712615967,2.2223825454711914,2.180752754211426,2.0310895442962646,1.7147691249847412,1.8150911331176758,1.5901890993118286,1.7714321613311768,1.843806505203247,2.037036895751953,3.6097447872161865,3.5757088661193848,3.3065602779388428,3.330167770385742,3.0005016326904297,3.0414087772369385,2.8277878761291504,2.827026605606079,2.7280187606811523,2.419053077697754,2.516740560531616,2.279709577560425,2.4357640743255615,2.5180535316467285,2.6017229557037354
A13,3.025824785232544,2.9597814083099365,2.660752296447754,2.457674503326416,2.119819402694702,1.9781771898269653,1.607062578201294,1.511367917060852,1.1505451202392578,0.951589047908783,0.6914547681808472,0.3874140679836273,0.0,0.3804415166378021,0.6634625196456909,2.8572185039520264,2.711669921875,2.547773838043213,2.446399688720703,2.0713002681732178,1.9881972074508667,1.616082787513733,1.5570263862609863,1.2300904989242554,0.9925812482833862,0.9014037251472473,0.5389417409896851,0.534981369972229,0.6130618453025818,0.8287801742553711,2.895785093307495,2.701106071472168,2.6161184310913086,2.5699925422668457,2.1943857669830322,2.1638028621673584,1.8264104127883911,1.8031518459320068,1.5464284420013428,1.2681927680969238,1.293962836265564,0.9817404747009277,1.0518457889556885,1.0845768451690674,1.243237018585205,3.0703954696655273,2.916527032852173,2.816887378692627,2.8226401805877686,2.4653921127319336,2.487963914871216,2.214002847671509,2.2057340145111084,2.010932207107544,1.7259914875030518,1.7860963344573975,1.4975852966308594,1.605384111404419,1.6179975271224976,1.756931185722351,3.479538917541504,3.4626684188842773,3.2231040000915527,3.2583773136138916,2.9196619987487793,2.987684488296509,2.7582077980041504,2.790881395339966,2.6625096797943115,2.3821730613708496,2.4706621170043945,2.1956064701080322,2.322446823120117,2.3475208282470703,2.4004640579223633
A14,2.8070061206817627,2.7807412147521973,2.4967687129974365,2.3345015048980713,1.990302562713623,1.916149377822876,1.5539897680282593,1.5530660152435303,1.2215174436569214,1.096260905265808,0.9276400208473206,0.6216102242469788,0.3804415166378021,0.0,0.39925625920295715,2.570758819580078,2.462047815322876,2.3308358192443848,2.2740345001220703,1.904911756515503,1.8907334804534912,1.5377663373947144,1.5713292360305786,1.2761820554733276,1.1317274570465088,1.106207013130188,0.7597379088401794,0.719717800617218,0.5696892142295837,0.7294700145721436,2.611013412475586,2.453245162963867,2.3916468620300293,2.3941895961761475,2.0299124717712402,2.063776731491089,1.7519034147262573,1.8100224733352661,1.5882281064987183,1.3799562454223633,1.4591034650802612,1.1474082469940186,1.199285864830017,1.1130846738815308,1.243772268295288,2.805751323699951,2.6898365020751953,2.6045644283294678,2.6573445796966553,2.31746244430542,2.3952298164367676,2.1531403064727783,2.210360050201416,2.0468029975891113,1.815340280532837,1.9245107173919678,1.6327513456344604,1.7371106147766113,1.6748281717300415,1.8060442209243774,3.248354196548462,3.2673585414886475,3.0370707511901855,3.11484956741333,2.7953290939331055,2.908527374267578,2.7131190299987793,2.7948343753814697,2.6989152431488037,2.456254720687866,2.5920872688293457,2.329641580581665,2.4844775199890137,2.478426933288574,2.5510804653167725
A15,3.0322203636169434,3.0460896492004395,2.775751829147339,2.6478428840637207,2.302483320236206,2.267693042755127,1.9129043817520142,1.9399197101593018,1.618302583694458,1.4835652112960815,1.3067798614501953,0.9797642230987549,0.6634625196456909,0.39925625920295715,0.0,2.707120895385742,2.6458187103271484,2.5608925819396973,2.5382728576660156,2.1830458641052246,2.212939977645874,1.8738377094268799,1.939945936203003,1.6396102905273438,1.518328070640564,1.449579119682312,1.0859649181365967,0.9179197549819946,0.6768003702163696,0.5929627418518066,2.7009193897247314,2.5878608226776123,2.5778274536132812,2.613974094390869,2.263489246368408,2.339472532272339,2.0334482192993164,2.1259617805480957,1.8859540224075317,1.7120532989501953,1.7444716691970825,1.3983012437820435,1.345922827720642,1.1795883178710938,1.1808174848556519,2.859111785888672,2.783475875854492,2.7467010021209717,2.8295536041259766,2.499070167541504,2.6157002449035645,2.372262477874756,2.464418888092041,2.277501106262207,2.0814151763916016,2.1587002277374268,1.8309286832809448,1.8607910871505737,1.7309470176696777,1.7793861627578735,3.2697858810424805,3.3233489990234375,3.1292741298675537,3.233064651489258,2.9186785221099854,3.066757917404175,2.870257616043091,2.9879438877105713,2.873941659927368,2.6650760173797607,2.792133331298828,2.504441022872925,2.626662492752075,2.5631027221679688,2.5968263149261475
B1,1.0757440328598022,1.2340431213378906,1.3662869930267334,1.5086790323257446,1.542107105255127,1.8713617324829102,1.9724891185760498,2.3432750701904297,2.3964316844940186,2.6837475299835205,2.8199703693389893,2.808039903640747,2.8572185039520264,2.570758819580078,2.707120895385742,0.0,0.3924671709537506,0.6998509168624878,1.0257527828216553,1.1740487813949585,1.549474835395813,1.7389419078826904,2.1170494556427,2.2835440635681152,2.563762903213501,2.798138380050659,2.7868926525115967,2.9165196418762207,2.6809072494506836,2.8555572032928467,0.7707821726799011,0.9008792638778687,0.8005772829055786,1.1845589876174927,1.2971054315567017,1.6369739770889282,1.8379355669021606,2.190356492996216,2.404402494430542,2.5815415382385254,2.8939480781555176,2.882887840270996,3.068662405014038,2.8830623626708984,3.1000006198883057,1.4152761697769165,1.5124491453170776,1.3060705661773682,1.6266804933547974,1.690345287322998,1.962393879890442,2.1623899936676025,2.454188108444214,2.6696674823760986,2.7515523433685303,3.104170799255371,3.068584680557251,3.301537036895752,3.170585870742798,3.427114248275757,2.1780292987823486,2.306227445602417,2.055981397628784,2.327273368835449,2.3196494579315186,2.5484306812286377,2.7132136821746826,2.92706561088562,3.1550052165985107,3.1204276084899902,3.4819929599761963,3.4763782024383545,3.811385154724121,3.8463118076324463,4.114467620849609
B2,1.0405445098876953,1.0678209066390991,1.1944580078125,1.250557780265808,1.317751407623291,1.60926353931427,1.7370672225952148,2.088836908340454,2.1490354537963867,2.467949628829956,2.6015360355377197,2.6354687213897705,2.711669921875,2.462047815322876,2.6458187103271484,0.3924671709537506,0.0,0.38329705595970154,0.6463779807090759,0.8479768633842468,1.2039848566055298,1.4341063499450684,1.8002430200576782,1.9985575675964355,2.3021461963653564,2.5436851978302,2.5769450664520264,2.736224889755249,2.537893772125244,2.7565219402313232,0.8185287117958069,0.7585430145263672,0.5067631602287292,0.8466095924377441,0.9705557823181152,1.2819105386734009,1.5161831378936768,1.8533985614776611,2.100609540939331,2.291999101638794,2.6154978275299072,2.6447410583496094,2.8596668243408203,2.709484338760376,2.9645440578460693,1.4081542491912842,1.3983317613601685,1.1166915893554688,1.3731917142868042,1.4202792644500732,1.6480196714401245,1.8598110675811768,2.1265318393707275,2.367363691329956,2.4472150802612305,2.811321973800659,2.8098254203796387,3.068826198577881,2.972892999649048,3.2607648372650146,2.144090175628662,2.2059099674224854,1.9118585586547852,2.1310248374938965,2.1023218631744385,2.2878949642181396,2.446179151535034,2.6268503665924072,2.865783452987671,2.8151156902313232,3.1777095794677734,3.1942288875579834,3.5406334400177,3.605454683303833,3.8899528980255127
B3,0.8593428730964661,0.7896987199783325,0.8576425313949585,0.8699286580085754,0.9535363912582397,1.2422797679901123,1.4060307741165161,1.7579054832458496,1.8620301485061646,2.190778970718384,2.360183000564575,2.423156976699829,2.547773838043213,2.3308358192443848,2.5608925819396973,0.6998509168624878,0.38329705595970154,0.0,0.39384719729423523,0.5817179083824158,0.9208261966705322,1.1823444366455078,1.5332316160202026,1.775383472442627,2.0599281787872314,2.338989734649658,2.3969428539276123,2.602091073989868,2.445544481277466,2.7029812335968018,1.1709192991256714,1.0297050476074219,0.6891783475875854,0.8932566046714783,0.9333451390266418,1.164372205734253,1.3878483772277832,1.679283618927002,1.9493787288665771,2.1007680892944336,2.4508657455444336,2.499603748321533,2.753913640975952,2.6480162143707275,2.9338772296905518,1.7232173681259155,1.6520509719848633,1.334409475326538,1.5114511251449585,1.4975181818008423,1.6546080112457275,1.8357658386230469,2.045682907104492,2.2897682189941406,2.318230152130127,2.69049334526062,2.702234983444214,2.9913384914398193,2.9382922649383545,3.247321605682373,2.4353480339050293,2.4575400352478027,2.136611223220825,2.304877281188965,2.2349367141723633,2.371258020401001,2.493502378463745,2.62449049949646,2.8509058952331543,2.751256227493286,3.099489688873291,3.1154098510742188,3.464341878890991,3.56254506111145,3.845855236053467
B4,1.1636439561843872,0.9729779958724976,1.004205584526062,0.853661835193634,0.9570391178131104,1.1359885931015015,1.3071645498275757,1.606435775756836,1.6924848556518555,2.052964210510254,2.1957640647888184,2.30928897857666,2.446399688720703,2.2740345001220703,2.5382728576660156,1.0257527828216553,0.6463779807090759,0.39384719729423523,0.0,0.37878096103668213,0.6177511811256409,0.9356752634048462,1.2541630268096924,1.5234979391098022,1.8413525819778442,2.1088321208953857,2.2183523178100586,2.441188335418701,2.324725866317749,2.616304397583008,1.2895534038543701,1.0283955335617065,0.6482729911804199,0.6579073667526245,0.6690816879272461,0.8136616945266724,1.0753613710403442,1.3393272161483765,1.6447384357452393,1.8224680423736572,2.1723639965057373,2.2680654525756836,2.5425472259521484,2.472010850906372,2.788411855697632,1.734376072883606,1.5732083320617676,1.2229634523391724,1.3007622957229614,1.2536983489990234,1.3415776491165161,1.5236438512802124,1.6988319158554077,1.9665751457214355,1.9999204874038696,2.3784584999084473,2.4292819499969482,2.7378318309783936,2.71834397315979,3.053071975708008,2.379713296890259,2.340557098388672,1.993784785270691,2.1008236408233643,2.0055651664733887,2.091958522796631,2.19958233833313,2.2940256595611572,2.526637554168701,2.4149820804595947,2.7615966796875,2.801816940307617,3.159020185470581,3.283264398574829,3.5818569660186768
B5,1.299606442451477,1.1344895362854004,1.0342310667037964,0.829548716545105,0.7811414003372192,0.9145246744155884,0.9975656270980835,1.297347068786621,1.343613862991333,1.6943475008010864,1.8303062915802002,1.9321480989456177,2.0713002681732178,1.904911756515503,2.1830458641052246,1.1740487813949585,0.8479768633842468,0.5817179083824158,0.37878096103668213,0.0,0.3839069902896881,0.6035448312759399,0.9601364135742188,1.1970164775848389,1.4956899881362915,1.769958257675171,1.8583338260650635,2.0876429080963135,1.977923035621643,2.2793924808502197,1.4154901504516602,1.1506036520004272,0.8269143104553223,0.8177052140235901,0.6314668655395508,0.7462698221206665,0.8783743977546692,1.1367141008377075,1.3946502208709717,1.5236881971359253,1.8811240196228027,1.9464508295059204,2.2258670330047607,2.1631741523742676,2.482611656188965,1.8340903520584106,1.6646705865859985,1.3505165576934814,1.4162228107452393,1.2668907642364502,1.3464523553848267,1.4350039958953857,1.5886024236679077,1.7997519969940186,1.7772914171218872,2.1475272178649902,2.1612637042999268,2.4693851470947266,2.455545425415039,2.7850148677825928,2.469022035598755,2.4344820976257324,2.092061758041382,2.1893460750579834,2.0318260192871094,2.118856430053711,2.162558078765869,2.2482011318206787,2.4298908710479736,2.2775681018829346,2.6041269302368164,2.601470947265625,2.945204257965088,3.0647010803222656,3.342634439468384
B6,1.559421181678772,1.3212586641311646,1.1849632263183594,0.8694594502449036,0.8279074430465698,0.790155291557312,0.8763039708137512,1.0835455656051636,1.1329845190048218,1.512727975845337,1.6410932540893555,1.8102295398712158,1.9881972074508667,1.8907334804534912,2.212939977645874,1.549474835395813,1.2039848566055298,0.9208261966705322,0.6177511811256409,0.3839069902896881,0.0,0.37869149446487427,0.6412180662155151,0.9491211175918579,1.2580018043518066,1.543100118637085,1.6985735893249512,1.969454050064087,1.9284518957138062,2.270824432373047,1.7344177961349487,1.4213517904281616,1.1042847633361816,0.9608693718910217,0.7306565642356873,0.6332573890686035,0.7177361249923706,0.8606034517288208,1.157439112663269,1.2671316862106323,1.638255000114441,1.7600786685943604,2.078418016433716,2.079017400741577,2.4327876567840576,2.079756498336792,1.851387858390808,1.5322730541229248,1.500667691230774,1.306923508644104,1.2783830165863037,1.3206700086593628,1.3840140104293823,1.5996074676513672,1.5346544981002808,1.9065057039260864,1.9617451429367065,2.3004491329193115,2.3438661098480225,2.6987619400024414,2.6472461223602295,2.561182737350464,2.2057952880859375,2.2363550662994385,2.0459721088409424,2.0662474632263184,2.069812297821045,2.091482639312744,2.2583818435668945,2.063272476196289,2.3691678047180176,2.382558822631836,2.7282705307006836,2.888256072998047,3.1726205348968506
B7,1.8089377880096436,1.611711859703064,1.415046215057373,1.1106356382369995,0.9444096684455872,0.8350551724433899,0.748662531375885,0.8955077528953552,0.8301805853843689,1.1978024244308472,1.2848836183547974,1.447123646736145,1.616082787513733,1.5377663373947144,1.8738377094268799,1.7389419078826904,1.4341063499450684,1.1823444366455078,0.9356752634048462,0.6035448312759399,0.37869149446487427,0.0,0.3840828537940979,0.6020336151123047,0.9062894582748413,1.1855167150497437,1.3214980363845825,1.595961332321167,1.5698140859603882,1.9243134260177612,1.8701695203781128,1.5647822618484497,1.309667706489563,1.175580382347107,0.8515301942825317,0.7446363568305969,0.6197398900985718,0.718985915184021,0.9107273817062378,0.952673077583313,1.3271923065185547,1.411304235458374,1.732541799545288,1.7446339130401611,2.1011388301849365,2.1697628498077393,1.9400945901870728,1.6686246395111084,1.63254976272583,1.3643962144851685,1.3360579013824463,1.2717036008834839,1.3101327419281006,1.4393596649169922,1.310131311416626,1.6617276668548584,1.6687301397323608,2.001410722732544,2.049896001815796,2.396214485168457,2.7061564922332764,2.625533103942871,2.2852561473846436,2.308274269104004,2.0658276081085205,2.0907986164093018,2.0294370651245117,2.0478291511535645,2.1526131629943848,1.9222534894943237,2.2000503540039062,2.161471366882324,2.487363576889038,2.6359543800354004,2.896130323410034
B8,2.1109323501586914,1.8764253854751587,1.6599066257476807,1.3128401041030884,1.1566985845565796,0.9216684103012085,0.8064317107200623,0.7717429399490356,0.6674546003341675,1.0381240844726562,1.0984039306640625,1.34542977809906,1.5570263862609863,1.5713292360305786,1.939945936203003,2.1170494556427,1.8002430200576782,1.5332316160202026,1.2541630268096924,0.9601364135742188,0.6412180662155151,0.3840828537940979,0.0,0.3909566104412079,0.6663297414779663,0.9553331732749939,1.1803113222122192,1.5016448497772217,1.5681356191635132,1.9526214599609375,2.2260777950286865,1.8994085788726807,1.6492186784744263,1.4574291706085205,1.1404942274093628,0.9221187829971313,0.7306592464447021,0.6090275645256042,0.7657685279846191,0.715414822101593,1.0987401008605957,1.2470126152038574,1.6099060773849487,1.7051653861999512,2.085836887359619,2.4779574871063232,2.214385747909546,1.949907660484314,1.8509633541107178,1.5603281259536743,1.4470372200012207,1.3220127820968628,1.2473316192626953,1.339901089668274,1.1314175128936768,1.4590671062469482,1.50288724899292,1.8621723651885986,1.9807138442993164,2.342042922973633,2.956049680709839,2.8381335735321045,2.4972212314605713,2.4658801555633545,2.1968982219696045,2.1622214317321777,2.0518808364868164,2.0023038387298584,2.0698466300964355,1.7864333391189575,2.019871950149536,1.9839853048324585,2.29836106300354,2.4896771907806396,2.7448925971984863
B9,2.3873019218444824,2.192160129547119,1.961734652519226,1.6430641412734985,1.43278968334198,1.2178956270217896,0.9977452158927917,0.9143956303596497,0.6300410032272339,0.909666895866394,0.8383331298828125,1.0690662860870361,1.2300904989242554,1.2761820554733276,1.6396102905273438,2.2835440635681152,1.9985575675964355,1.775383472442627,1.5234979391098022,1.1970164775848389,0.9491211175918579,0.6020336151123047,0.3909566104412079,0.0,0.3892313241958618,0.5956247448921204,0.8095043301582336,1.1176279783248901,1.2076719999313354,1.5991400480270386,2.315631151199341,2.000110387802124,1.81229567527771,1.6320710182189941,1.2744697332382202,1.0895206928253174,0.7791135311126709,0.6437315344810486,0.573409914970398,0.39885979890823364,0.7725322842597961,0.8651761412620544,1.2266817092895508,1.3348785638809204,1.7161550521850586,2.506768226623535,2.2465362548828125,2.0353031158447266,1.9377715587615967,1.6004589796066284,1.5048128366470337,1.2911994457244873,1.2123630046844482,1.1902754306793213,0.9237654805183411,1.2065058946609497,1.178445816040039,1.5210431814193726,1.6381070613861084,1.9865988492965698,2.936957359313965,2.825922966003418,2.509147882461548,2.4745452404022217,2.1660618782043457,2.1447255611419678,1.9771727323532104,1.9390764236450195,1.938783884048462,1.637870192527771,1.8383105993270874,1.738200068473816,2.025874376296997,2.1914913654327393,2.4202773571014404
B10,2.588536500930786,2.405318260192871,2.1311633586883545,1.8229683637619019,1.56898033618927,1.3134454488754272,1.0253416299819946,0.8293060064315796,0.46034955978393555,0.5957300662994385,0.46893253922462463,0.7634715437889099,0.9925812482833862,1.1317274570465088,1.518328070640564,2.563762903213501,2.3021461963653564,2.0599281787872314,1.8413525819778442,1.4956899881362915,1.2580018043518066,0.9062894582748413,0.6663297414779663,0.3892313241958618,0.0,0.38818007707595825,0.5898093581199646,0.9657099843025208,1.1418968439102173,1.5322386026382446,2.6418099403381348,2.3483335971832275,2.161000967025757,2.0063369274139404,1.6458485126495361,1.4753694534301758,1.1668829917907715,1.0063872337341309,0.8670563697814941,0.534640908241272,0.7969799041748047,0.8138166666030884,1.177428126335144,1.3457069396972656,1.703577995300293,2.8487043380737305,2.6053245067596436,2.406128406524658,2.3213050365448,1.9784300327301025,1.8855046033859253,1.649371862411499,1.5410336256027222,1.459001898765564,1.1296954154968262,1.3214385509490967,1.2407718896865845,1.554093837738037,1.7044312953948975,2.0179407596588135,3.2803537845611572,3.1801483631134033,2.8737378120422363,2.8399643898010254,2.5189998149871826,2.494363307952881,2.2970147132873535,2.2402591705322266,2.1919095516204834,1.8612418174743652,1.9988468885421753,1.8521748781204224,2.08933162689209,2.2574410438537598,2.438199281692505
B11,2.924501895904541,2.7498016357421875,2.490133762359619,2.1838977336883545,1.9342103004455566,1.6939997673034668,1.4052952527999878,1.2134950160980225,0.8373205661773682,0.8637439608573914,0.5581655502319336,0.7947595715522766,0.9014037251472473,1.106207013130188,1.449579119682312,2.798138380050659,2.5436851978302,2.338989734649658,2.1088321208953857,1.769958257675171,1.543100118637085,1.1855167150497437,0.9553331732749939,0.5956247448921204,0.38818007707595825,0.0,0.3770036995410919,0.6975565552711487,0.9560463428497314,1.3360334634780884,2.783766269683838,2.485835313796997,2.34704327583313,2.172475576400757,1.8048259019851685,1.628752589225769,1.2762537002563477,1.0912744998931885,0.8199927806854248,0.4510176479816437,0.50835120677948,0.463728129863739,0.8258597254753113,1.057955026626587,1.4142863750457764,2.9114670753479004,2.6558969020843506,2.5003292560577393,2.391026735305786,2.0255327224731445,1.9213311672210693,1.626615047454834,1.4945969581604004,1.3190010786056519,0.9617069959640503,1.0576598644256592,0.9187343716621399,1.2038474082946777,1.382657766342163,1.6845636367797852,3.266923189163208,3.1538219451904297,2.8715405464172363,2.813432216644287,2.4662468433380127,2.4309542179107666,2.1845734119415283,2.119414806365967,2.0083298683166504,1.669098138809204,1.7567087411880493,1.5597196817398071,1.7597476243972778,1.913753867149353,2.0710813999176025
B12,2.9614200592041016,2.8336105346679688,2.5598719120025635,2.2948315143585205,2.003817319869995,1.8092635869979858,1.475757360458374,1.3312751054763794,0.9333667159080505,0.8609572649002075,0.5080199241638184,0.5467987060546875,0.5389417409896851,0.7597379088401794,1.0859649181365967,2.7868926525115967,2.5769450664520264,2.3969428539276123,2.2183523178100586,1.8583338260650635,1.6985735893249512,1.3214980363845825,1.1803113222122192,0.8095043301582336,0.5898093581199646,0.3770036995410919,0.0,0.3878330886363983,0.6437761187553406,1.0090385675430298,2.773313283920288,2.5157454013824463,2.4094245433807373,2.288015604019165,1.9097764492034912,1.8030600547790527,1.444223403930664,1.345855474472046,1.0607333183288574,0.751560628414154,0.7656009197235107,0.5077560544013977,0.7362446784973145,0.8930299282073975,1.1951411962509155,2.906816005706787,2.691387891769409,2.567534923553467,2.5068178176879883,2.1374993324279785,2.094536066055298,1.7986462116241455,1.7317594289779663,1.5322792530059814,1.2148598432540894,1.284081220626831,1.0438967943191528,1.2393304109573364,1.3378961086273193,1.5773683786392212,3.275583028793335,3.2026546001434326,2.9416065216064453,2.923377275466919,2.573876142501831,2.5883851051330566,2.342907667160034,2.328925848007202,2.2022078037261963,1.8940448760986328,1.98218834400177,1.7368818521499634,1.9015872478485107,1.9876840114593506,2.0991458892822266
B13,3.2007663249969482,3.1015987396240234,2.841440439224243,2.5978269577026367,2.3017594814300537,2.1438794136047363,1.807324767112732,1.699527621269226,1.302706241607666,1.213560700416565,0.8609747290611267,0.769392192363739,0.534981369972229,0.719717800617218,0.9179197549819946,2.9165196418762207,2.736224889755249,2.602091073989868,2.441188335418701,2.0876429080963135,1.969454050064087,1.595961332321167,1.5016448497772217,1.1176279783248901,0.9657099843025208,0.6975565552711487,0.3878330886363983,0.0,0.38166460394859314,0.6816072463989258,2.8273277282714844,2.5930166244506836,2.5427873134613037,2.437408208847046,2.062272310256958,1.9927620887756348,1.6233903169631958,1.5662949085235596,1.234702229499817,0.9985756874084473,0.8993870615959167,0.5306552052497864,0.5172539949417114,0.604438066482544,0.8371024131774902,2.8989593982696533,2.7017786502838135,2.6308529376983643,2.5823583602905273,2.207848072052002,2.1966543197631836,1.8775283098220825,1.8448874950408936,1.590437889099121,1.319261908531189,1.3190051317214966,0.9943315386772156,1.0713797807693481,1.0982444286346436,1.268330454826355,3.211174249649048,3.154463291168213,2.928558111190796,2.9192984104156494,2.5598597526550293,2.6008899211883545,2.333958625793457,2.354037284851074,2.1864893436431885,1.913521647453308,1.9784778356552124,1.6832693815231323,1.7997770309448242,1.8140835762023926,1.8807992935180664
