,A1,A2,A3,A4,A5,A6,A7,A8,A9,A10,A11,A12,A13,A14,A15,B1,B2,B3,B4,B5,B6,B7,B8,B9,B10,B11,B12,B13,B14,B15,C1,C2,C3,C4,C5,C6,C7,C8,C9,C10,C11,C12,C13,C14,C15,D1,D2,D3,D4,D5,D6,D7,D8,D9,D10,D11,D12,D13,D14,D15,E1,E2,E3,E4,E5,E6,E7,E8,E9,E10,E11,E12,E13,E14,E15
A1,0.0,0.3622056543827057,0.6140430569648743,0.9532944560050964,1.1694027185440063,1.5195163488388062,1.7972495555877686,2.1100587844848633,2.4060254096984863,2.6316030025482178,2.7290608882904053,2.7415008544921875,3.030233383178711,3.0310311317443848,3.3648793697357178,2.5799548625946045,2.7958297729492188,2.855022668838501,3.09065580368042,3.1116011142730713,3.3122642040252686,3.4278221130371094,3.431408405303955,3.7201976776123047,3.7589614391326904,3.7496497631073,3.7402443885803223,3.888273000717163,3.907813310623169,4.083567142486572,4.209870338439941,3.8944194316864014,3.7400612831115723,3.3552093505859375,3.217582941055298,3.118898868560791,2.898852825164795,3.0327281951904297,2.7913525104522705,3.133443832397461,3.074525833129883,3.438988447189331,3.7391273975372314,4.059798717498779,4.40587854385376,5.626401901245117,5.303502082824707,4.993486404418945,4.723118782043457,4.476739883422852,4.395073413848877,4.029426574707031,4.021479606628418,3.6731514930725098,3.4968583583831787,3.5424904823303223,3.690037965774536,4.045441627502441,4.417377948760986,4.71531867980957,6.221076011657715,6.085171222686768,5.702586650848389,5.695091247558594,5.3935699462890625,5.337327480316162,4.980040073394775,4.931242942810059,4.5369791984558105,4.397783279418945,4.06873893737793,3.8485240936279297,3.898561477661133,3.634986400604248,3.6624810695648193
A2,0.3622056543827057,0.0,0.3746323883533478,0.6296156048774719,0.8591113090515137,1.2056914567947388,1.4750019311904907,1.804569959640503,2.0780272483825684,2.3144383430480957,2.4365594387054443,2.4470858573913574,2.7537710666656494,2.7597548961639404,3.1046552658081055,2.2751197814941406,2.475013256072998,2.5194432735443115,2.7416529655456543,2.755460262298584,2.9512782096862793,3.0665361881256104,3.0718867778778076,3.363753080368042,3.409940719604492,3.411271095275879,3.4152915477752686,3.5756661891937256,3.61338472366333,3.8057761192321777,4.054710865020752,3.74751353263855,3.5664050579071045,3.1814162731170654,3.0427942276000977,2.9158477783203125,2.672394037246704,2.772318124771118,2.523007869720459,2.8529415130615234,2.7777440547943115,3.1337342262268066,3.441861629486084,3.773879289627075,4.1129889488220215,5.350450038909912,5.0366129875183105,4.715206623077393,4.4585981369018555,4.208098411560059,4.113275527954102,3.750544309616089,3.7306461334228516,3.372565269470215,3.1945559978485107,3.2485830783843994,3.3783626556396484,3.7370896339416504,4.1072893142700195,4.410485744476318,5.95099401473999,5.82851505279541,5.4482574462890625,5.453567028045654,5.156403064727783,5.102190971374512,4.752224922180176,4.712979316711426,4.315746784210205,4.203365325927734,3.882727861404419,3.6724791526794434,3.729170560836792,3.4922664165496826,3.5309336185455322
A3,0.6140430569648743,0.3746323883533478,0.0,0.400055468082428,0.5935069918632507,0.9170756340026855,1.2215423583984375,1.5125329494476318,1.8243259191513062,2.066751718521118,2.1826493740081787,2.2393720149993896,2.532245397567749,2.579880714416504,2.9276983737945557,2.3776562213897705,2.5456271171569824,2.54958438873291,2.724379062652588,2.7009963989257812,2.858374834060669,2.9410343170166016,2.905911922454834,3.1920642852783203,3.2055776119232178,3.175794839859009,3.1670947074890137,3.3005943298339844,3.330570697784424,3.5006000995635986,3.7328898906707764,3.43876576423645,3.2664153575897217,2.8764665126800537,2.7142348289489746,2.5740346908569336,2.326280117034912,2.437683582305908,2.183825969696045,2.520871877670288,2.462085485458374,2.8284225463867188,3.1323516368865967,3.4514880180358887,3.7996108531951904,5.080013751983643,4.769495010375977,4.452149391174316,4.184877872467041,3.921891927719116,3.8181097507476807,3.4486348628997803,3.423525333404541,3.0761609077453613,2.8887860774993896,2.92860746383667,3.0792715549468994,3.435459613800049,3.806440591812134,4.10640287399292,5.649116039276123,5.514684677124023,5.132084369659424,5.123602867126465,4.819937705993652,4.755733013153076,4.4009175300598145,4.352482318878174,3.954709529876709,3.8353447914123535,3.511651039123535,3.2987558841705322,3.356935501098633,3.1211633682250977,3.168473720550537
A4,0.9532944560050964,0.6296156048774719,0.400055468082428,0.0,0.3938751816749573,0.6209575533866882,0.9440087676048279,1.2462214231491089,1.5205916166305542,1.7989298105239868,1.967986822128296,2.0368845462799072,2.355156183242798,2.4206666946411133,2.7819278240203857,2.1235954761505127,2.2496204376220703,2.2163686752319336,2.3696320056915283,2.347946882247925,2.484471082687378,2.575843572616577,2.537510871887207,2.838759183883667,2.865161180496216,2.851731538772583,2.873598575592041,3.020533323287964,3.086869239807129,3.275677442550659,3.5547385215759277,3.266303062438965,3.0585317611694336,2.6751394271850586,2.5270538330078125,2.363631248474121,2.0967068672180176,2.164929151535034,1.9176970720291138,2.2443737983703613,2.1788582801818848,2.534335136413574,2.8587605953216553,3.189983367919922,3.5314412117004395,4.747768878936768,4.443777561187744,4.115644931793213,3.864492416381836,3.6036267280578613,3.494333267211914,3.1315040588378906,3.10382342338562,2.7436859607696533,2.56776762008667,2.634608507156372,2.7689337730407715,3.1363601684570312,3.500765800476074,3.8156633377075195,5.3364691734313965,5.2198262214660645,4.841038227081299,4.8531951904296875,4.5592217445373535,4.507236480712891,4.164912223815918,4.138549327850342,3.7417304515838623,3.657940626144409,3.3526060581207275,3.1653335094451904,3.2460196018218994,3.051419734954834,3.1267523765563965
A5,1.1694027185440063,0.8591113090515137,0.5935069918632507,0.3938751816749573,0.0,0.388300359249115,0.6311883926391602,0.9472537040710449,1.2397454977035522,1.4757367372512817,1.6081807613372803,1.6715973615646362,1.9781091213226318,2.045386791229248,2.403235673904419,2.1055591106414795,2.241933822631836,2.2185678482055664,2.3269472122192383,2.2409965991973877,2.377768039703369,2.415708065032959,2.361802339553833,2.6282753944396973,2.626619577407837,2.591435670852661,2.5775582790374756,2.7220664024353027,2.759880304336548,2.9519197940826416,3.5804526805877686,3.3243815898895264,3.1217212677001953,2.736809015274048,2.5441930294036865,2.3276426792144775,2.021772623062134,2.056344747543335,1.7572932243347168,2.0505871772766113,1.9386347532272339,2.289813995361328,2.5878679752349854,2.9245543479919434,3.258338212966919,4.7330546379089355,4.450021266937256,4.11279296875,3.86897611618042,3.583223819732666,3.4324357509613037,3.063965320587158,2.990041494369507,2.6332318782806396,2.4126267433166504,2.4312167167663574,2.5446133613586426,2.892472743988037,3.2676212787628174,3.5602409839630127,5.272300720214844,5.152988910675049,4.774374008178711,4.772556781768799,4.468725204467773,4.387126445770264,4.040918827056885,3.987468719482422,3.5824124813079834,3.506286144256592,3.1909584999084473,2.9786081314086914,3.0219504833221436,2.830761671066284,2.8737597465515137
A6,1.5195163488388062,1.2056914567947388,0.9170756340026855,0.6209575533866882,0.388300359249115,0.0,0.38180169463157654,0.627090334892273,0.9275496602058411,1.2104195356369019,1.391637921333313,1.5176924467086792,1.8245882987976074,1.9467718601226807,2.30824875831604,2.135920524597168,2.212561845779419,2.131873369216919,2.1829140186309814,2.071873903274536,2.1521852016448975,2.167720079421997,2.072762966156006,2.3450679779052734,2.3240535259246826,2.2736992835998535,2.2765090465545654,2.4065229892730713,2.4710984230041504,2.657914876937866,3.28894305229187,3.049912929534912,2.8300328254699707,2.4536375999450684,2.2568068504333496,2.0119922161102295,1.6882132291793823,1.6893117427825928,1.3900058269500732,1.678205966949463,1.5751606225967407,1.9281857013702393,2.242976665496826,2.5786526203155518,2.915881633758545,4.3600239753723145,4.084451198577881,3.7441632747650146,3.5049118995666504,3.2126123905181885,3.051255941390991,2.683657646179199,2.6032938957214355,2.245594024658203,2.0256052017211914,2.055112600326538,2.174630641937256,2.531832218170166,2.9023802280426025,3.2064526081085205,4.890748023986816,4.775576114654541,4.398557186126709,4.402196884155273,4.101678371429443,4.023230075836182,3.6836984157562256,3.641763925552368,3.2383711338043213,3.1854984760284424,2.884984254837036,2.6946401596069336,2.7597999572753906,2.606402635574341,2.6816720962524414
A7,1.7972495555877686,1.4750019311904907,1.2215423583984375,0.9440087676048279,0.6311883926391602,0.38180169463157654,0.0,0.3841482996940613,0.6116045117378235,0.8558288216590881,1.0417516231536865,1.1448924541473389,1.4654541015625,1.5838266611099243,1.9475829601287842,2.0171449184417725,2.089587926864624,2.016733169555664,2.0210213661193848,1.8508936166763306,1.9341872930526733,1.9018313884735107,1.8058717250823975,2.0439679622650146,2.0127360820770264,1.9631472826004028,1.9477404356002808,2.101585865020752,2.1599748134613037,2.3779568672180176,3.4345569610595703,3.2279255390167236,2.9977681636810303,2.635774850845337,2.420912504196167,2.1285107135772705,1.7728015184402466,1.7006200551986694,1.3620156049728394,1.5733613967895508,1.3896371126174927,1.711382508277893,2.0036215782165527,2.359945058822632,2.674298048019409,4.3452959060668945,4.096783638000488,3.742668628692627,3.5289952754974365,3.222050666809082,3.018702745437622,2.6597530841827393,2.527700901031494,2.1680781841278076,1.91029691696167,1.9029501676559448,1.9656926393508911,2.302326202392578,2.678868293762207,2.964892625808716,4.844964504241943,4.743411064147949,4.373020172119141,4.379658222198486,4.080059051513672,3.9818663597106934,3.651576280593872,3.59712553024292,3.191426992416382,3.171515464782715,2.8777735233306885,2.679464817047119,2.712419033050537,2.5887351036071777,2.6364498138427734
A8,2.1100587844848633,1.804569959640503,1.5125329494476318,1.2462214231491089,0.9472537040710449,0.627090334892273,0.3841482996940613,0.0,0.4044441878795624,0.6433711051940918,0.8305350542068481,1.050077199935913,1.3181980848312378,1.5177390575408936,1.8618477582931519,2.2943077087402344,2.3265392780303955,2.214571952819824,2.1560962200164795,1.9457138776779175,1.9604301452636719,1.8706544637680054,1.7078708410263062,1.9171247482299805,1.8260875940322876,1.7199779748916626,1.682944893836975,1.7908354997634888,1.8447487354278564,2.03493595123291,3.1897387504577637,3.0163021087646484,2.7936558723449707,2.4450161457061768,2.2031030654907227,1.8750370740890503,1.5037182569503784,1.3995217084884644,1.036253809928894,1.2142332792282104,1.022032618522644,1.3568806648254395,1.6431996822357178,1.9890906810760498,2.3140881061553955,4.085669994354248,3.8508975505828857,3.501415729522705,3.2850418090820312,2.9613358974456787,2.7340009212493896,2.372981071472168,2.2154581546783447,1.8745478391647339,1.5888588428497314,1.545041799545288,1.6249022483825684,1.9553548097610474,2.3353209495544434,2.616274118423462,4.5377116203308105,4.426772117614746,4.0569167137146,4.049550533294678,3.7443535327911377,3.6300952434539795,3.29900860786438,3.2332353591918945,2.8269710540771484,2.8169689178466797,2.5283753871917725,2.3335893154144287,2.3653883934020996,2.270904541015625,2.3323843479156494
A9,2.4060254096984863,2.0780272483825684,1.8243259191513062,1.5205916166305542,1.2397454977035522,0.9275496602058411,0.6116045117378235,0.4044441878795624,0.0,0.3650297522544861,0.690842866897583,0.8781002759933472,1.168631672859192,1.3650890588760376,1.7020379304885864,2.1334381103515625,2.125688314437866,1.9943106174468994,1.8787486553192139,1.6269687414169312,1.6155436038970947,1.4889533519744873,1.3190348148345947,1.5147782564163208,1.4334686994552612,1.3567376136779785,1.3535370826721191,1.515181303024292,1.6212823390960693,1.8692139387130737,3.3256778717041016,3.1737592220306396,2.921761989593506,2.600778818130493,2.380532741546631,2.032033920288086,1.656691074371338,1.4611992835998535,1.123428463935852,1.189330816268921,0.9134626388549805,1.1674339771270752,1.4562873840332031,1.8337838649749756,2.120316743850708,3.9561071395874023,3.7470829486846924,3.381197929382324,3.204395055770874,2.8825933933258057,2.6268231868743896,2.2905237674713135,2.095527410507202,1.7446452379226685,1.4531806707382202,1.4194868803024292,1.408064842224121,1.7310186624526978,2.103518486022949,2.387272596359253,4.411929607391357,4.331203460693359,3.9737143516540527,3.9922730922698975,3.7031474113464355,3.593080520629883,3.287783145904541,3.2400777339935303,2.8441948890686035,2.8920798301696777,2.6369526386260986,2.471626043319702,2.503481149673462,2.466219186782837,2.5296947956085205
A10,2.6316030025482178,2.3144383430480957,2.066751718521118,1.7989298105239868,1.4757367372512817,1.2104195356369019,0.8558288216590881,0.6433711051940918,0.3650297522544861,0.0,0.3630076050758362,0.5634973049163818,0.8185813426971436,1.041011929512024,1.3595975637435913,2.2576663494110107,2.26485538482666,2.1615896224975586,2.0152993202209473,1.710721731185913,1.7055156230926514,1.5085138082504272,1.335618495941162,1.4396291971206665,1.3105363845825195,1.1982226371765137,1.1160780191421509,1.2882565259933472,1.344648003578186,1.6190311908721924,3.5298995971679688,3.408369779586792,3.170898675918579,2.8609695434570312,2.6169650554656982,2.24717378616333,1.8695818185806274,1.654305338859558,1.3049489259719849,1.2834322452545166,0.9397451877593994,1.1188428401947021,1.3243674039840698,1.7045567035675049,1.958173394203186,4.096487998962402,3.9151594638824463,3.5496182441711426,3.389098882675171,3.055701732635498,2.7652759552001953,2.4435784816741943,2.200778007507324,1.8814653158187866,1.555025577545166,1.444006323814392,1.371282696723938,1.6307109594345093,2.0053439140319824,2.2424652576446533,4.492762565612793,4.413494110107422,4.0645928382873535,4.069642543792725,3.777599811553955,3.6367650032043457,3.337334156036377,3.259701728820801,2.867539644241333,2.9281485080718994,2.6740517616271973,2.4877707958221436,2.468829393386841,2.4457764625549316,2.4642395973205566
A11,2.7290608882904053,2.4365594387054443,2.1826493740081787,1.967986822128296,1.6081807613372803,1.391637921333313,1.0417516231536865,0.8305350542068481,0.690842866897583,0.3630076050758362,0.0,0.3762683570384979,0.5125158429145813,0.7921328544616699,1.0885734558105469,2.4892704486846924,2.5307278633117676,2.460782527923584,2.320481300354004,1.998900294303894,2.0133352279663086,1.787744402885437,1.6208767890930176,1.6597964763641357,1.4897217750549316,1.33089280128479,1.1494704484939575,1.2770417928695679,1.2267898321151733,1.4793750047683716,3.6776540279388428,3.5751523971557617,3.3665308952331543,3.054591655731201,2.779475212097168,2.4018356800079346,2.027646780014038,1.8372266292572021,1.4714387655258179,1.426694631576538,1.0795661211013794,1.234002947807312,1.3470942974090576,1.6968871355056763,1.9361928701400757,4.3232831954956055,4.153993129730225,3.797697067260742,3.6309680938720703,3.2860546112060547,2.979600429534912,2.6585500240325928,2.393901824951172,2.1085643768310547,1.7580243349075317,1.5764292478561401,1.505257487297058,1.7018166780471802,2.0753121376037598,2.2585954666137695,4.659502029418945,4.564618110656738,4.217857360839844,4.194924354553223,3.8916876316070557,3.7180380821228027,3.411064863204956,3.2927908897399902,2.9007551670074463,2.941507339477539,2.6717071533203125,2.4480996131896973,2.3723530769348145,2.332897901535034,2.2966148853302
A12,2.7415008544921875,2.4470858573913574,2.2393720149993896,2.0368845462799072,1.6715973615646362,1.5176924467086792,1.1448924541473389,1.050077199935913,0.8781002759933472,0.5634973049163818,0.3762683570384979,0.0,0.3753364682197571,0.48726797103881836,0.8333044648170471,2.2949752807617188,2.366471529006958,2.3434793949127197,2.2161364555358887,1.8826016187667847,1.9562948942184448,1.7334457635879517,1.6347299814224243,1.6468690633773804,1.5278244018554688,1.4356695413589478,1.2616796493530273,1.4594124555587769,1.405985713005066,1.703591227531433,4.036503791809082,3.9229226112365723,3.7037179470062256,3.3865387439727783,3.122877359390259,2.7515740394592285,2.374424695968628,2.1812753677368164,1.817740797996521,1.7799972295761108,1.4228668212890625,1.543796420097351,1.6402860879898071,1.9930733442306519,2.190706729888916,4.605922698974609,4.443001747131348,4.077120780944824,3.928354501724243,3.591046094894409,3.2834908962249756,2.972140073776245,2.704416513442993,2.4074718952178955,2.068155288696289,1.906254529953003,1.789880394935608,1.9664324522018433,2.3241984844207764,2.4891605377197266,4.959195137023926,4.8813886642456055,4.540709972381592,4.531144618988037,4.235267639160156,4.064458847045898,3.7665164470672607,3.651474714279175,3.263650894165039,3.3131039142608643,3.0455076694488525,2.8179585933685303,2.727891683578491,2.679004192352295,2.615567207336426
A13,3.030233383178711,2.7537710666656494,2.532245397567749,2.355156183242798,1.9781091213226318,1.8245882987976074,1.4654541015625,1.3181980848312378,1.168631672859192,0.8185813426971436,0.5125158429145813,0.3753364682197571,0.0,0.36162880063056946,0.5841538310050964,2.638018846511841,2.7078440189361572,2.68601393699646,2.5354790687561035,2.182832717895508,2.231248378753662,1.9674005508422852,1.8441251516342163,1.7889460325241089,1.614295482635498,1.4682602882385254,1.2136945724487305,1.35609769821167,1.2126295566558838,1.4866609573364258,4.133286952972412,4.050668239593506,3.8519275188446045,3.5472805500030518,3.2618601322174072,2.8785407543182373,2.5098841190338135,2.313331365585327,1.955260992050171,1.8658580780029297,1.5065900087356567,1.5738794803619385,1.579973816871643,1.891318678855896,2.0546324253082275,4.694767475128174,4.553496837615967,4.196804046630859,4.052364349365234,3.7052228450775146,3.375523567199707,3.0758869647979736,2.7799980640411377,2.522226095199585,2.1663267612457275,1.9470821619033813,1.8149456977844238,1.9217898845672607,2.2627670764923096,2.371121406555176,4.979492664337158,4.893314838409424,4.560898780822754,4.529793739318848,4.230215549468994,4.029852867126465,3.7367753982543945,3.59071683883667,3.2136311531066895,3.265064001083374,3.002291440963745,2.760340452194214,2.6250407695770264,2.591191053390503,2.48822021484375
A14,3.0310311317443848,2.7597548961639404,2.579880714416504,2.4206666946411133,2.045386791229248,1.9467718601226807,1.5838266611099243,1.5177390575408936,1.3650890588760376,1.041011929512024,0.7921328544616699,0.48726797103881836,0.36162880063056946,0.0,0.3687206208705902,2.5049753189086914,2.6080756187438965,2.633103609085083,2.5048344135284424,2.1549758911132812,2.258727550506592,2.011307954788208,1.9498207569122314,1.8844431638717651,1.762528419494629,1.6771411895751953,1.4485089778900146,1.6389315128326416,1.508196473121643,1.8011683225631714,4.462541580200195,4.365250587463379,4.158583164215088,3.844838857650757,3.5677649974823,3.1912803649902344,2.817929267883301,2.6262216567993164,2.263317584991455,2.195308208465576,1.8320119380950928,1.9003149271011353,1.9156765937805176,2.2311296463012695,2.3719136714935303,4.9924211502075195,4.851174354553223,4.486814498901367,4.352083683013916,4.0112223625183105,3.6855297088623047,3.3883368968963623,3.096799612045288,2.8241817951202393,2.47739839553833,2.2799594402313232,2.129430055618286,2.2362420558929443,2.566694498062134,2.6676173210144043,5.298332214355469,5.223938941955566,4.894097805023193,4.873378276824951,4.578113555908203,4.3826117515563965,4.093026161193848,3.9508304595947266,3.5742194652557373,3.625519037246704,3.359485149383545,3.1122372150421143,2.9709482192993164,2.920342206954956,2.7991995811462402
A15,3.3648793697357178,3.1046552658081055,2.9276983737945557,2.7819278240203857,2.403235673904419,2.30824875831604,1.9475829601287842,1.8618477582931519,1.7020379304885864,1.3595975637435913,1.0885734558105469,0.8333044648170471,0.5841538310050964,0.3687206208705902,0.0,2.7848544120788574,2.886523962020874,2.921236038208008,2.774017333984375,2.410240888595581,2.5039596557617188,2.2287840843200684,2.168612003326416,2.04406476020813,1.9013532400131226,1.8037008047103882,1.5374680757522583,1.7014350891113281,1.5189204216003418,1.7940893173217773,4.706501483917236,4.631446838378906,4.434010028839111,4.131307601928711,3.84452486038208,3.460355281829834,3.0930261611938477,2.892038583755493,2.5379111766815186,2.4321513175964355,2.067171573638916,2.0863332748413086,2.0366878509521484,2.3137452602386475,2.4050040245056152,5.176599502563477,5.057753562927246,4.69785213470459,4.576455593109131,4.232447147369385,3.889439582824707,3.608438730239868,3.295234203338623,3.050098419189453,2.6991562843322754,2.472449541091919,2.295902729034424,2.3431577682495117,2.6445388793945312,2.692046880722046,5.432271480560303,5.36067008972168,5.042627334594727,5.012418746948242,4.720405101776123,4.5050177574157715,4.22744607925415,4.066369533538818,3.704472780227661,3.7660436630249023,3.5112271308898926,3.259815216064453,3.0855627059936523,3.0516700744628906,2.8987457752227783
B1,2.5799548625946045,2.2751197814941406,2.3776562213897705,2.1235954761505127,2.1055591106414795,2.135920524597168,2.0171449184417725,2.2943077087402344,2.1334381103515625,2.2576663494110107,2.4892704486846924,2.2949752807617188,2.638018846511841,2.5049753189086914,2.7848544120788574,0.0,0.3766193687915802,0.7132322788238525,1.0083307027816772,1.1455693244934082,1.5165026187896729,1.7519714832305908,2.017571210861206,2.2446365356445312,2.5053303241729736,2.7395050525665283,2.8836162090301514,3.216423273086548,3.389732599258423,3.7487761974334717,4.992711067199707,4.749378681182861,4.429201602935791,4.121864318847656,4.043516635894775,3.803253650665283,3.485567808151245,3.3192906379699707,3.0863094329833984,3.198739767074585,2.9608755111694336,3.1078224182128906,3.387234926223755,3.7771246433258057,3.9644243717193604,5.19288969039917,4.977898597717285,4.5929694175720215,4.510919094085693,4.296967506408691,4.131096839904785,3.872063636779785,3.7617099285125732,3.376897096633911,3.235597610473633,3.351154327392578,3.231001615524292,3.5258729457855225,3.817232847213745,4.104442119598389,5.864567279815674,5.885626316070557,5.562234401702881,5.690216541290283,5.464414119720459,5.442206382751465,5.187954425811768,5.223264694213867,4.851229190826416,4.935898303985596,4.7067060470581055,4.572417259216309,4.629215717315674,4.562877655029297,4.608510494232178
B2,2.7958297729492188,2.475013256072998,2.5456271171569824,2.2496204376220703,2.241933822631836,2.212561845779419,2.089587926864624,2.3265392780303955,2.125688314437866,2.26485538482666,2.5307278633117676,2.366471529006958,2.7078440189361572,2.6080756187438965,2.886523962020874,0.3766193687915802,0.0,0.3696432113647461,0.6801882982254028,0.9055716395378113,1.246848225593567,1.5311956405639648,1.8129388093948364,2.055217742919922,2.343475818634033,2.603365182876587,2.789442300796509,3.1233484745025635,3.3344125747680664,3.6950838565826416,4.866847515106201,4.632120609283447,4.2958083152771,4.010512828826904,3.9545464515686035,3.717428207397461,3.4113025665283203,3.220559597015381,3.020090341567993,3.1106858253479004,2.8860421180725098,3.0045557022094727,3.291354179382324,3.6737308502197266,3.84738826751709,4.916919231414795,4.711270332336426,4.326499938964844,4.266922950744629,4.069212913513184,3.9107651710510254,3.674834728240967,3.5730974674224854,3.195246934890747,3.084620714187622,3.2295939922332764,3.0954110622406006,3.388270616531372,3.6562068462371826,3.9540014266967773,5.606292247772217,5.645768165588379,5.333118438720703,5.481344699859619,5.272129058837891,5.26771354675293,5.032355785369873,5.091375827789307,4.732707500457764,4.842565536499023,4.636809825897217,4.530635356903076,4.609439373016357,4.57202672958374,4.64292049407959
B3,2.855022668838501,2.5194432735443115,2.54958438873291,2.2163686752319336,2.2185678482055664,2.131873369216919,2.016733169555664,2.214571952819824,1.9943106174468994,2.1615896224975586,2.460782527923584,2.3434793949127197,2.68601393699646,2.633103609085083,2.921236038208008,0.7132322788238525,0.3696432113647461,0.0,0.3950774669647217,0.7168068289756775,0.9837573766708374,1.3144400119781494,1.5766232013702393,1.8551427125930786,2.148541212081909,2.411746025085449,2.6313674449920654,2.9526619911193848,3.194345235824585,3.544806480407715,4.582869529724121,4.354752540588379,4.008358478546143,3.7400641441345215,3.7014849185943604,3.470024824142456,3.1771979331970215,2.9726667404174805,2.80371356010437,2.8846397399902344,2.683119058609009,2.788872241973877,3.090123414993286,3.463442802429199,3.637859582901001,4.558372497558594,4.353058338165283,3.9694879055023193,3.917548179626465,3.729597330093384,3.5806045532226562,3.3574414253234863,3.269247531890869,2.8959691524505615,2.812947988510132,2.9863853454589844,2.8564324378967285,3.157148838043213,3.4106500148773193,3.72470760345459,5.260969638824463,5.306591510772705,4.9980878829956055,5.15723991394043,4.957810401916504,4.968226909637451,4.743945121765137,4.821983814239502,4.473620414733887,4.597594738006592,4.4099931716918945,4.328497409820557,4.430647373199463,4.414613723754883,4.5122389793396
B4,3.09065580368042,2.7416529655456543,2.724379062652588,2.3696320056915283,2.3269472122192383,2.1829140186309814,2.0210213661193848,2.1560962200164795,1.8787486553192139,2.0152993202209473,2.320481300354004,2.2161364555358887,2.5354790687561035,2.5048344135284424,2.774017333984375,1.0083307027816772,0.6801882982254028,0.3950774669647217,0.0,0.39658159017562866,0.608939528465271,0.9528012871742249,1.2346571683883667,1.4976332187652588,1.809051752090454,2.0941524505615234,2.3377485275268555,2.6627135276794434,2.926650047302246,3.281806707382202,4.470877647399902,4.270997047424316,3.9188907146453857,3.6685640811920166,3.622626304626465,3.368744134902954,3.072023391723633,2.828510046005249,2.6705126762390137,2.700910806655884,2.486732006072998,2.545241594314575,2.8281939029693604,3.192298650741577,3.3398444652557373,4.30422306060791,4.123295783996582,3.7342746257781982,3.705155372619629,3.5118765830993652,3.338510036468506,3.13438081741333,3.020895481109619,2.6613762378692627,2.5803894996643066,2.7504541873931885,2.584960460662842,2.8625192642211914,3.0945725440979004,3.400299310684204,4.978991508483887,5.036744117736816,4.737905502319336,4.902914524078369,4.711471080780029,4.7167463302612305,4.508638381958008,4.590099334716797,4.252694606781006,4.405069828033447,4.236968994140625,4.170101165771484,4.270328998565674,4.286601543426514,4.388617038726807
B5,3.1116011142730713,2.755460262298584,2.7009963989257812,2.347946882247925,2.2409965991973877,2.071873903274536,1.8508936166763306,1.9457138776779175,1.6269687414169312,1.710721731185913,1.998900294303894,1.8826016187667847,2.182832717895508,2.1549758911132812,2.410240888595581,1.1455693244934082,0.9055716395378113,0.7168068289756775,0.39658159017562866,0.0,0.39331433176994324,0.6261480450630188,0.9277641773223877,1.1562156677246094,1.4601939916610718,1.7458710670471191,1.9721689224243164,2.308809757232666,2.5619540214538574,2.9270172119140625,4.394012451171875,4.217913627624512,3.8766143321990967,3.620891809463501,3.5394279956817627,3.2523510456085205,2.9345943927764893,2.668929100036621,2.4831161499023438,2.475844144821167,2.2248802185058594,2.2594454288482666,2.515336751937866,2.8831424713134766,3.016989231109619,4.246781349182129,4.082550048828125,3.6878857612609863,3.6550726890563965,3.433276653289795,3.2199296951293945,3.007005214691162,2.849801778793335,2.4957053661346436,2.3735861778259277,2.5020134449005127,2.307067394256592,2.5627872943878174,2.8027586936950684,3.0885508060455322,4.86320686340332,4.910991668701172,4.609690189361572,4.755731582641602,4.55263614654541,4.529513359069824,4.317028522491455,4.374317646026611,4.032665252685547,4.191113471984863,4.0192179679870605,3.9386913776397705,4.013672828674316,4.039679527282715,4.122621059417725
B6,3.3122642040252686,2.9512782096862793,2.858374834060669,2.484471082687378,2.377768039703369,2.1521852016448975,1.9341872930526733,1.9604301452636719,1.6155436038970947,1.7055156230926514,2.0133352279663086,1.9562948942184448,2.231248378753662,2.258727550506592,2.5039596557617188,1.5165026187896729,1.246848225593567,0.9837573766708374,0.608939528465271,0.39331433176994324,0.0,0.3814590573310852,0.6492096185684204,0.91501384973526,1.230936884880066,1.5294445753097534,1.8066390752792358,2.1229958534240723,2.417612075805664,2.767883539199829,4.163834571838379,4.008681297302246,3.659442186355591,3.4312045574188232,3.3630869388580322,3.074796676635742,2.7735953330993652,2.4794604778289795,2.335282802581787,2.289665699005127,2.0616626739501953,2.0525856018066406,2.3085403442382812,2.6566720008850098,2.7752134799957275,3.8780324459075928,3.7276127338409424,3.3326549530029297,3.3193647861480713,3.1044998168945312,2.886765241622925,2.6987380981445312,2.540372371673584,2.2029716968536377,2.11200213432312,2.2661046981811523,2.0560550689697266,2.303152084350586,2.51310396194458,2.810641288757324,4.4908528327941895,4.550215244293213,4.257941246032715,4.416840076446533,4.227330684661865,4.215704441070557,4.022581100463867,4.099618911743164,3.7750167846679688,3.9601476192474365,3.8163180351257324,3.7670178413391113,3.8625895977020264,3.9229016304016113,4.031730651855469
B7,3.4278221130371094,3.0665361881256104,2.9410343170166016,2.575843572616577,2.415708065032959,2.167720079421997,1.9018313884735107,1.8706544637680054,1.4889533519744873,1.5085138082504272,1.787744402885437,1.7334457635879517,1.9674005508422852,2.011307954788208,2.2287840843200684,1.7519714832305908,1.5311956405639648,1.3144400119781494,0.9528012871742249,0.6261480450630188,0.3814590573310852,0.0,0.35497233271598816,0.5450433492660522,0.8670911192893982,1.180709719657898,1.453720211982727,1.7808650732040405,2.0744552612304688,2.433546781539917,4.12384557723999,3.9979236125946045,3.6620588302612305,3.436436414718628,3.336045026779175,3.0178005695343018,2.7030789852142334,2.3849031925201416,2.2222626209259033,2.1233162879943848,1.8605328798294067,1.8049694299697876,2.0197458267211914,2.364152193069458,2.4575181007385254,3.8283863067626953,3.7009732723236084,3.305271625518799,3.2937583923339844,3.054027795791626,2.7948391437530518,2.607034206390381,2.400179386138916,2.0814270973205566,1.9507967233657837,2.0559747219085693,1.803575873374939,2.0135085582733154,2.221811294555664,2.4944143295288086,4.37355899810791,4.4257073402404785,4.135420799255371,4.276358604431152,4.078969955444336,4.03882360458374,3.847064733505249,3.9012694358825684,3.578052520751953,3.775428295135498,3.6348044872283936,3.577458620071411,3.6481688022613525,3.7264530658721924,3.818358898162842
B8,3.431408405303955,3.0718867778778076,2.905911922454834,2.537510871887207,2.361802339553833,2.072762966156006,1.8058717250823975,1.7078708410263062,1.3190348148345947,1.335618495941162,1.6208767890930176,1.6347299814224243,1.8441251516342163,1.9498207569122314,2.168612003326416,2.017571210861206,1.8129388093948364,1.5766232013702393,1.2346571683883667,0.9277641773223877,0.6492096185684204,0.35497233271598816,0.0,0.3880908787250519,0.6149265766143799,0.8896990418434143,1.190783977508545,1.488673448562622,1.8051031827926636,2.1440608501434326,3.8247416019439697,3.7177178859710693,3.3894879817962646,3.172755241394043,3.0604684352874756,2.7309234142303467,2.4200236797332764,2.085070848464966,1.9361848831176758,1.8044688701629639,1.5499340295791626,1.4685112237930298,1.6873937845230103,2.0256528854370117,2.128545045852661,3.560176134109497,3.4343981742858887,3.039921998977661,3.0163040161132812,2.7594034671783447,2.4816951751708984,2.288327217102051,2.0633561611175537,1.751991868019104,1.610564947128296,1.710041880607605,1.4522936344146729,1.6685806512832642,1.8824387788772583,2.170318603515625,4.074494361877441,4.112152576446533,3.816141128540039,3.9444799423217773,3.7400920391082764,3.6912314891815186,3.4970316886901855,3.5476889610290527,3.2262074947357178,3.4298384189605713,3.2977776527404785,3.2509419918060303,3.3283777236938477,3.4247965812683105,3.5303001403808594
B9,3.7201976776123047,3.363753080368042,3.1920642852783203,2.838759183883667,2.6282753944396973,2.3450679779052734,2.0439679622650146,1.9171247482299805,1.5147782564163208,1.4396291971206665,1.6597964763641357,1.6468690633773804,1.7889460325241089,1.8844431638717651,2.04406476020813,2.2446365356445312,2.055217742919922,1.8551427125930786,1.4976332187652588,1.1562156677246094,0.91501384973526,0.5450433492660522,0.3880908787250519,0.0,0.358336478471756,0.710896909236908,1.0060838460922241,1.3241007328033447,1.6376569271087646,1.9931453466415405,4.0310959815979,3.954501152038574,3.6380887031555176,3.4339263439178467,3.302119731903076,2.9541056156158447,2.6410982608795166,2.290290355682373,2.1332411766052246,1.9436824321746826,1.6593621969223022,1.5043575763702393,1.6369848251342773,1.9508291482925415,1.9893313646316528,3.6594674587249756,3.571579694747925,3.1831600666046143,3.183976173400879,2.9209847450256348,2.610468626022339,2.442955732345581,2.1740188598632812,1.908078908920288,1.744672417640686,1.783262848854065,1.464017391204834,1.59214186668396,1.7708559036254883,2.003844738006592,4.103945255279541,4.151488780975342,3.871875047683716,3.993116855621338,3.7942957878112793,3.7209856510162354,3.5439789295196533,3.575985908508301,3.2686023712158203,3.494779586791992,3.376028060913086,3.325312852859497,3.371239185333252,3.4913930892944336,3.5722599029541016
B10,3.7589614391326904,3.409940719604492,3.2055776119232178,2.865161180496216,2.626619577407837,2.3240535259246826,2.0127360820770264,1.8260875940322876,1.4334686994552612,1.3105363845825195,1.4897217750549316,1.5278244018554688,1.614295482635498,1.762528419494629,1.9013532400131226,2.5053303241729736,2.343475818634033,2.148541212081909,1.809051752090454,1.4601939916610718,1.230936884880066,0.8670911192893982,0.6149265766143799,0.358336478471756,0.0,0.3578474819660187,0.6675655841827393,0.9694228768348694,1.2944782972335815,1.6411879062652588,3.8621926307678223,3.81076717376709,3.514202356338501,3.3142261505126953,3.1553046703338623,2.7901477813720703,2.476785659790039,2.118598461151123,1.956555724143982,1.7212008237838745,1.4255610704421997,1.2221394777297974,1.3063709735870361,1.6108282804489136,1.6403621435165405,3.56190824508667,3.4829938411712646,3.1026217937469482,3.0875020027160645,2.80138897895813,2.462718963623047,2.2878050804138184,1.9831933975219727,1.7448101043701172,1.5426567792892456,1.522872805595398,1.1780798435211182,1.2670990228652954,1.4582449197769165,1.6761633157730103,3.941181182861328,3.9674293994903564,3.6837010383605957,3.778181791305542,3.566218137741089,3.4655003547668457,3.2824063301086426,3.290302038192749,2.9829633235931396,3.211392641067505,3.0949132442474365,3.0396368503570557,3.069037437438965,3.205695867538452,3.280094623565674
B11,3.7496497631073,3.411271095275879,3.175794839859009,2.851731538772583,2.591435670852661,2.2736992835998535,1.9631472826004028,1.7199779748916626,1.3567376136779785,1.1982226371765137,1.33089280128479,1.4356695413589478,1.4682602882385254,1.6771411895751953,1.8037008047103882,2.7395050525665283,2.603365182876587,2.411746025085449,2.0941524505615234,1.7458710670471191,1.5294445753097534,1.180709719657898,0.8896990418434143,0.710896909236908,0.3578474819660187,0.0,0.36362025141716003,0.6202607750892639,0.9635920524597168,1.2936787605285645,3.6626687049865723,3.6325278282165527,3.3589651584625244,3.1599855422973633,2.9728410243988037,2.593559503555298,2.281322956085205,1.9243340492248535,1.755679965019226,1.480165719985962,1.177869200706482,0.9298823475837708,0.9616103768348694,1.2655245065689087,1.3072465658187866,3.485041379928589,3.4066994190216064,3.037292003631592,2.9966657161712646,2.6873741149902344,2.3277125358581543,2.137153148651123,1.803810715675354,1.5922794342041016,1.3451696634292603,1.2547396421432495,0.8972061276435852,0.9532331228256226,1.1822500228881836,1.392174482345581,3.804483413696289,3.802194118499756,3.5100600719451904,3.572632312774658,3.3428308963775635,3.213852882385254,3.0170934200286865,2.997110605239868,2.6845409870147705,2.9066672325134277,2.786639451980591,2.723074436187744,2.7369325160980225,2.8856005668640137,2.9555416107177734
B12,3.7402443885803223,3.4152915477752686,3.1670947074890137,2.873598575592041,2.5775582790374756,2.2765090465545654,1.9477404356002808,1.682944893836975,1.3535370826721191,1.1160780191421509,1.1494704484939575,1.2616796493530273,1.2136945724487305,1.4485089778900146,1.5374680757522583,2.8836162090301514,2.789442300796509,2.6313674449920654,2.3377485275268555,1.9721689224243164,1.8066390752792358,1.453720211982727,1.190783977508545,1.0060838460922241,0.6675655841827393,0.36362025141716003,0.0,0.3693372905254364,0.6318028569221497,0.9990222454071045,3.727120876312256,3.708709716796875,3.462827205657959,3.249997615814209,3.0261499881744385,2.632669687271118,2.309832811355591,1.976202130317688,1.766076683998108,1.4819483757019043,1.148712396621704,0.9098703265190125,0.8391132354736328,1.1392381191253662,1.1793298721313477,3.7049736976623535,3.6283154487609863,3.270350933074951,3.2068114280700684,2.8797707557678223,2.508439779281616,2.299184799194336,1.9486420154571533,1.7585804462432861,1.462397813796997,1.2803447246551514,0.9505615234375,0.9447141885757446,1.2072064876556396,1.3469089269638062,3.9623003005981445,3.933873414993286,3.637622833251953,3.6632964611053467,3.4141554832458496,3.2470195293426514,3.0321624279022217,2.9648020267486572,2.643003225326538,2.8402833938598633,2.6980843544006348,2.596601724624634,2.5615060329437256,2.7000467777252197,2.7295827865600586
B13,3.888273000717163,3.5756661891937256,3.3005943298339844,3.020533323287964,2.7220664024353027,2.4065229892730713,2.101585865020752,1.7908354997634888,1.515181303024292,1.2882565259933472,1.2770417928695679,1.4594124555587769,1.35609769821167,1.6389315128326416,1.7014350891113281,3.216423273086548,3.1233484745025635,2.9526619911193848,2.6627135276794434,2.308809757232666,2.1229958534240723,1.7808650732040405,1.488673448562622,1.3241007328033447,0.9694228768348694,0.6202607750892639,0.3693372905254364,0.0,0.38720613718032837,0.6748983263969421,3.5451292991638184,3.5598442554473877,3.3390674591064453,3.145576000213623,2.905191659927368,2.5090391635894775,2.20951509475708,1.8820081949234009,1.7004092931747437,1.3690048456192017,1.082411527633667,0.7825935482978821,0.5664077401161194,0.8008513450622559,0.825471818447113,3.570237159729004,3.5057148933410645,3.167081356048584,3.0920727252960205,2.75449538230896,2.3690390586853027,2.168362617492676,1.7987924814224243,1.6689389944076538,1.3644722700119019,1.1136221885681152,0.8016274571418762,0.6852450370788574,0.9467189311981201,1.046741008758545,3.755768060684204,3.705503225326538,3.410937786102295,3.4083333015441895,3.151013135910034,2.957740068435669,2.74293851852417,2.6517794132232666,2.340139150619507,2.5443716049194336,2.417707920074463,2.3249869346618652,2.278637647628784,2.4515864849090576,2.4869742393493652
