0.000000000000000000e+00,3.827235698699951172e-01,5.700805783271789551e-01,8.139073252677917480e-01,1.148259997367858887e+00,1.392512202262878418e+00,1.751633644104003906e+00,2.045840024948120117e+00,2.376904487609863281e+00,2.624283552169799805e+00,2.823285818099975586e+00,2.825392007827758789e+00,2.949328899383544922e+00,2.756940126419067383e+00,2.996902465820312500e+00,1.176183581352233887e+00,1.049789905548095703e+00,1.239400506019592285e+00,1.204210162162780762e+00,1.397544145584106445e+00,1.630427122116088867e+00,1.896447777748107910e+00,2.193054914474487305e+00,2.452528476715087891e+00,2.782498121261596680e+00,3.051136732101440430e+00,3.026458024978637695e+00,3.271473407745361328e+00,3.174965143203735352e+00,3.438683032989501953e+00,1.874350428581237793e+00,1.758370041847229004e+00,1.846907734870910645e+00,1.734271287918090820e+00,1.844096660614013672e+00,2.046168565750122070e+00,2.220257759094238281e+00,2.496310949325561523e+00,2.653671264648437500e+00,3.010605573654174805e+00,3.288926124572753906e+00,3.253916740417480469e+00,3.527975797653198242e+00,3.462008714675903320e+00,3.732813596725463867e+00,2.513251543045043945e+00,2.438638448715209961e+00,2.485988378524780273e+00,2.332608938217163086e+00,2.390807390213012695e+00,2.571731567382812500e+00,2.657305240631103516e+00,2.887243747711181641e+00,2.957065105438232422e+00,3.250751495361328125e+00,3.567143440246582031e+00,3.528465986251831055e+00,3.815227746963500977e+00,3.767607688903808594e+00,4.044319152832031250e+00,3.175217628479003906e+00,3.173995256423950195e+00,3.137246370315551758e+00,2.914443969726562500e+00,3.010568380355834961e+00,3.203018903732299805e+00,3.251489162445068359e+00,3.469080686569213867e+00,3.434351444244384766e+00,3.638869524002075195e+00,3.954276323318481445e+00,3.897988319396972656e+00,4.212615013122558594e+00,4.186265945434570312e+00,4.481131076812744141e+00
3.827235698699951172e-01,0.000000000000000000e+00,3.844721615314483643e-01,6.540315747261047363e-01,9.039292931556701660e-01,1.215895295143127441e+00,1.530354499816894531e+00,1.861375093460083008e+00,2.155614376068115234e+00,2.418464660644531250e+00,2.632179975509643555e+00,2.681568622589111328e+00,2.834325313568115234e+00,2.685083866119384766e+00,2.959599733352661133e+00,1.321172356605529785e+00,1.124970436096191406e+00,1.198204874992370605e+00,1.098436236381530762e+00,1.189926862716674805e+00,1.440968155860900879e+00,1.653568148612976074e+00,1.975904941558837891e+00,2.200898408889770508e+00,2.541632652282714844e+00,2.838574171066284180e+00,2.854637384414672852e+00,3.126417875289916992e+00,3.070924758911132812e+00,3.364399909973144531e+00,1.962113261222839355e+00,1.810876488685607910e+00,1.818698763847351074e+00,1.650828003883361816e+00,1.682325601577758789e+00,1.874109148979187012e+00,1.993244647979736328e+00,2.277810335159301758e+00,2.398000001907348633e+00,2.761486768722534180e+00,3.062834978103637695e+00,3.062056779861450195e+00,3.359748363494873047e+00,3.331649303436279297e+00,3.628063440322875977e+00,2.571042060852050781e+00,2.468313694000244141e+00,2.456561565399169922e+00,2.256481170654296875e+00,2.257961750030517578e+00,2.415902614593505859e+00,2.451777219772338867e+00,2.674074649810791016e+00,2.704916954040527344e+00,3.001491546630859375e+00,3.332126140594482422e+00,3.320348501205444336e+00,3.628241777420043945e+00,3.615836620330810547e+00,3.914735078811645508e+00,3.205959320068359375e+00,3.182379245758056641e+00,3.099789381027221680e+00,2.838659524917602539e+00,2.893525838851928711e+00,3.058920383453369141e+00,3.066306352615356445e+00,3.266852378845214844e+00,3.199476957321166992e+00,3.396139860153198242e+00,3.717061519622802734e+00,3.680274486541748047e+00,4.010073184967041016e+00,4.014899730682373047e+00,4.321859359741210938e+00
5.700805783271789551e-01,3.844721615314483643e-01,0.000000000000000000e+00,3.933130502700805664e-01,6.324295997619628906e-01,9.257911443710327148e-01,1.259137034416198730e+00,1.565114736557006836e+00,1.878051161766052246e+00,2.109827280044555664e+00,2.295634984970092773e+00,2.329661130905151367e+00,2.464915990829467773e+00,2.310614109039306641e+00,2.582838296890258789e+00,1.096936941146850586e+00,9.437046647071838379e-01,9.496018886566162109e-01,7.665809392929077148e-01,8.860389590263366699e-01,1.091404557228088379e+00,1.332399606704711914e+00,1.632885575294494629e+00,1.884406685829162598e+00,2.216017961502075195e+00,2.494147539138793945e+00,2.490367174148559570e+00,2.753412723541259766e+00,2.689754724502563477e+00,2.980917692184448242e+00,1.731898307800292969e+00,1.627370595932006836e+00,1.610852479934692383e+00,1.393283128738403320e+00,1.443823575973510742e+00,1.582661390304565430e+00,1.712070822715759277e+00,1.966213583946228027e+00,2.099405765533447266e+00,2.455924034118652344e+00,2.738023281097412109e+00,2.713172435760498047e+00,3.003176689147949219e+00,2.966067314147949219e+00,3.257170915603637695e+00,2.353288412094116211e+00,2.290129661560058594e+00,2.265744447708129883e+00,2.035859584808349609e+00,2.059354782104492188e+00,2.174229383468627930e+00,2.217619657516479492e+00,2.406991004943847656e+00,2.446089267730712891e+00,2.724133968353271484e+00,3.037551403045654297e+00,2.998396396636962891e+00,3.296711683273315430e+00,3.273155212402343750e+00,3.563323497772216797e+00,3.003697395324707031e+00,3.014276027679443359e+00,2.919329643249511719e+00,2.647951364517211914e+00,2.726655960083007812e+00,2.860333919525146484e+00,2.876458406448364258e+00,3.049964427947998047e+00,2.981730222702026367e+00,3.155519485473632812e+00,3.457730531692504883e+00,3.392318964004516602e+00,3.711531162261962891e+00,3.701265096664428711e+00,3.996206521987915039e+00
8.139073252677917480e-01,6.540315747261047363e-01,3.933130502700805664e-01,0.000000000000000000e+00,3.801006674766540527e-01,5.813316702842712402e-01,9.397185444831848145e-01,1.235541939735412598e+00,1.563399672508239746e+00,1.816248655319213867e+00,2.038308382034301758e+00,2.061973333358764648e+00,2.231957435607910156e+00,2.088304519653320312e+00,2.380486011505126953e+00,1.305153250694274902e+00,1.241104960441589355e+00,1.212318420410156250e+00,9.301383495330810547e-01,1.011144518852233887e+00,1.090793371200561523e+00,1.278458476066589355e+00,1.520017623901367188e+00,1.734189271926879883e+00,2.077273845672607422e+00,2.354009389877319336e+00,2.332613945007324219e+00,2.615025758743286133e+00,2.567633152008056641e+00,2.862665891647338867e+00,1.957518577575683594e+00,1.910551428794860840e+00,1.880336403846740723e+00,1.616001486778259277e+00,1.654632806777954102e+00,1.710995912551879883e+00,1.794433355331420898e+00,1.986342072486877441e+00,2.071365594863891602e+00,2.414463043212890625e+00,2.681682348251342773e+00,2.635568141937255859e+00,2.934424638748168945e+00,2.912871122360229492e+00,3.200939178466796875e+00,2.591674566268920898e+00,2.569415569305419922e+00,2.534882068634033203e+00,2.276179313659667969e+00,2.300834417343139648e+00,2.359107255935668945e+00,2.374964952468872070e+00,2.508654117584228516e+00,2.510488748550415039e+00,2.753199100494384766e+00,3.048705339431762695e+00,2.985245466232299805e+00,3.284351110458374023e+00,3.271292209625244141e+00,3.553223133087158203e+00,3.253932237625122070e+00,3.294398069381713867e+00,3.187305927276611328e+00,2.903745412826538086e+00,2.987788200378417969e+00,3.081811189651489258e+00,3.082119464874267578e+00,3.214241504669189453e+00,3.116191387176513672e+00,3.249605894088745117e+00,3.527274370193481445e+00,3.437852382659912109e+00,3.751647472381591797e+00,3.743802070617675781e+00,4.021627426147460938e+00
1.148259997367858887e+00,9.039292931556701660e-01,6.324295997619628906e-01,3.801006674766540527e-01,0.000000000000000000e+00,3.833509981632232666e-01,6.381804347038269043e-01,9.758889675140380859e-01,1.258160591125488281e+00,1.515592575073242188e+00,1.745268583297729492e+00,1.821735501289367676e+00,2.020498752593994141e+00,1.932512640953063965e+00,2.258502244949340820e+00,1.504157185554504395e+00,1.412004828453063965e+00,1.277029395103454590e+00,9.311898946762084961e-01,8.743768930435180664e-01,8.896924853324890137e-01,9.813424348831176758e-01,1.220845103263854980e+00,1.390751838684082031e+00,1.744586348533630371e+00,2.045064210891723633e+00,2.060988903045654297e+00,2.370504617691040039e+00,2.369523048400878906e+00,2.692226171493530273e+00,2.061197042465209961e+00,2.006176948547363281e+00,1.903967738151550293e+00,1.586224913597106934e+00,1.551617741584777832e+00,1.549954056739807129e+00,1.560717940330505371e+00,1.724635481834411621e+00,1.759186983108520508e+00,2.099288702011108398e+00,2.378099441528320312e+00,2.356425523757934570e+00,2.676395893096923828e+00,2.694686889648437500e+00,3.003734111785888672e+00,2.647644519805908203e+00,2.618387937545776367e+00,2.530942678451538086e+00,2.228170156478881836e+00,2.209116220474243164e+00,2.216447353363037109e+00,2.180969238281250000e+00,2.277436017990112305e+00,2.234797477722167969e+00,2.461078643798828125e+00,2.757233619689941406e+00,2.706764698028564453e+00,3.021188735961914062e+00,3.041727066040039062e+00,3.338824510574340820e+00,3.274999856948852539e+00,3.309404134750366211e+00,3.160814285278320312e+00,2.846519947052001953e+00,2.901655435562133789e+00,2.951630830764770508e+00,2.915471553802490234e+00,3.011395692825317383e+00,2.878597497940063477e+00,2.985590696334838867e+00,3.253500699996948242e+00,3.168530941009521484e+00,3.489396810531616211e+00,3.506783008575439453e+00,3.787244796752929688e+00
1.392512202262878418e+00,1.215895295143127441e+00,9.257911443710327148e-01,5.813316702842712402e-01,3.833509981632232666e-01,0.000000000000000000e+00,3.941454291343688965e-01,6.542766690254211426e-01,9.946130514144897461e-01,1.244669914245605469e+00,1.490389704704284668e+00,1.524364113807678223e+00,1.739949941635131836e+00,1.646796584129333496e+00,1.978440761566162109e+00,1.624804735183715820e+00,1.617610454559326172e+00,1.488090157508850098e+00,1.116154193878173828e+00,1.097633838653564453e+00,9.819331169128417969e-01,1.045628786087036133e+00,1.166319608688354492e+00,1.314696192741394043e+00,1.652567982673645020e+00,1.918263435363769531e+00,1.886762738227844238e+00,2.194856882095336914e+00,2.189915895462036133e+00,2.499636411666870117e+00,2.181113958358764648e+00,2.190623998641967773e+00,2.101351261138916016e+00,1.770328044891357422e+00,1.767210125923156738e+00,1.694937586784362793e+00,1.698465347290039062e+00,1.783477902412414551e+00,1.796505808830261230e+00,2.102787733078002930e+00,2.339619636535644531e+00,2.272023439407348633e+00,2.580031394958496094e+00,2.592843055725097656e+00,2.882019758224487305e+00,2.775159358978271484e+00,2.796630144119262695e+00,2.719566583633422852e+00,2.410821676254272461e+00,2.421696186065673828e+00,2.384556293487548828e+00,2.353689193725585938e+00,2.395861864089965820e+00,2.345632553100585938e+00,2.526642084121704102e+00,2.786423683166503906e+00,2.692555665969848633e+00,2.988512039184570312e+00,2.998642683029174805e+00,3.271783590316772461e+00,3.415241003036499023e+00,3.489323377609252930e+00,3.345484018325805664e+00,3.037285327911376953e+00,3.118342876434326172e+00,3.139632701873779297e+00,3.112005472183227539e+00,3.173442363739013672e+00,3.034189939498901367e+00,3.102622747421264648e+00,3.336359739303588867e+00,3.213609457015991211e+00,3.514320850372314453e+00,3.514646053314208984e+00,3.767642259597778320e+00
1.751633644104003906e+00,1.530354499816894531e+00,1.259137034416198730e+00,9.397185444831848145e-01,6.381804347038269043e-01,3.941454291343688965e-01,0.000000000000000000e+00,3.766863644123077393e-01,6.275810003280639648e-01,9.157063364982604980e-01,1.208811163902282715e+00,1.312601089477539062e+00,1.585823297500610352e+00,1.575662374496459961e+00,1.940199375152587891e+00,1.959495306015014648e+00,1.935077548027038574e+00,1.750156521797180176e+00,1.362783551216125488e+00,1.249141931533813477e+00,1.068966388702392578e+00,9.890459179878234863e-01,1.035476088523864746e+00,1.070508956909179688e+00,1.407833576202392578e+00,1.691636085510253906e+00,1.698552966117858887e+00,2.039773702621459961e+00,2.097678184509277344e+00,2.428955554962158203e+00,2.446056604385375977e+00,2.451901674270629883e+00,2.313465595245361328e+00,1.952959775924682617e+00,1.889759302139282227e+00,1.759763360023498535e+00,1.680645346641540527e+00,1.706981301307678223e+00,1.638539195060729980e+00,1.916690349578857422e+00,2.150809764862060547e+00,2.104546308517456055e+00,2.431487321853637695e+00,2.495322704315185547e+00,2.798033952713012695e+00,2.993969917297363281e+00,3.012582778930664062e+00,2.894617795944213867e+00,2.555193662643432617e+00,2.527671337127685547e+00,2.439034461975097656e+00,2.354497909545898438e+00,2.344450712203979492e+00,2.236809968948364258e+00,2.380237340927124023e+00,2.626351118087768555e+00,2.540924549102783203e+00,2.846972227096557617e+00,2.897646903991699219e+00,3.178175210952758789e+00,3.597337722778320312e+00,3.668051481246948242e+00,3.490290403366088867e+00,3.159661531448364258e+00,3.213158607482910156e+00,3.189127206802368164e+00,3.123915672302246094e+00,3.140927791595458984e+00,2.962048768997192383e+00,2.990677356719970703e+00,3.202048301696777344e+00,3.080053567886352539e+00,3.381243705749511719e+00,3.409847974777221680e+00,3.656198978424072266e+00
2.045840024948120117e+00,1.861375093460083008e+00,1.565114736557006836e+00,1.235541939735412598e+00,9.758889675140380859e-01,6.542766690254211426e-01,3.766863644123077393e-01,0.000000000000000000e+00,3.956095576286315918e-01,6.176269054412841797e-01,9.169188141822814941e-01,9.774007201194763184e-01,1.275413990020751953e+00,1.288007259368896484e+00,1.657096028327941895e+00,2.119216680526733398e+00,2.149056911468505859e+00,1.958698987960815430e+00,1.569237947463989258e+00,1.480688095092773438e+00,1.222589135169982910e+00,1.124844193458557129e+00,1.035786390304565430e+00,1.034195303916931152e+00,1.312739610671997070e+00,1.535603880882263184e+00,1.490843296051025391e+00,1.822081685066223145e+00,1.885141134262084961e+00,2.199693679809570312e+00,2.565001487731933594e+00,2.620481014251708984e+00,2.484959363937377930e+00,2.119964838027954102e+00,2.079167604446411133e+00,1.891537308692932129e+00,1.808620095252990723e+00,1.755957126617431641e+00,1.671584606170654297e+00,1.896120429039001465e+00,2.072954416275024414e+00,1.979169726371765137e+00,2.284014463424682617e+00,2.345704078674316406e+00,2.623963594436645508e+00,3.094250917434692383e+00,3.154779911041259766e+00,3.040014505386352539e+00,2.697824478149414062e+00,2.693987607955932617e+00,2.563434600830078125e+00,2.484609127044677734e+00,2.421464920043945312e+00,2.312422990798950195e+00,2.404477834701538086e+00,2.604217052459716797e+00,2.475152254104614258e+00,2.754236698150634766e+00,2.795395851135253906e+00,3.047703504562377930e+00,3.690719127655029297e+00,3.795295953750610352e+00,3.618350744247436523e+00,3.295140743255615234e+00,3.369675397872924805e+00,3.315424680709838867e+00,3.258851766586303711e+00,3.240691423416137695e+00,3.060348749160766602e+00,3.049893140792846680e+00,3.221648931503295898e+00,3.062298059463500977e+00,3.336777925491333008e+00,3.347954034805297852e+00,3.563043594360351562e+00
2.376904487609863281e+00,2.155614376068115234e+00,1.878051161766052246e+00,1.563399672508239746e+00,1.258160591125488281e+00,9.946130514144897461e-01,6.275810003280639648e-01,3.956095576286315918e-01,0.000000000000000000e+00,3.682027459144592285e-01,7.526246309280395508e-01,9.339134097099304199e-01,1.286265015602111816e+00,1.406133055686950684e+00,1.782534837722778320e+00,2.469425916671752930e+00,2.472934007644653320e+00,2.247782468795776367e+00,1.858344793319702148e+00,1.705338835716247559e+00,1.437189698219299316e+00,1.238931775093078613e+00,1.096686482429504395e+00,9.484935998916625977e-01,1.184877276420593262e+00,1.414974212646484375e+00,1.429265975952148438e+00,1.784831643104553223e+00,1.922723650932312012e+00,2.250300884246826172e+00,2.867102861404418945e+00,2.907717704772949219e+00,2.733971595764160156e+00,2.354672431945800781e+00,2.262003183364868164e+00,2.043330669403076172e+00,1.890180826187133789e+00,1.791064858436584473e+00,1.623690724372863770e+00,1.802170991897583008e+00,1.970144987106323242e+00,1.910794377326965332e+00,2.228385210037231445e+00,2.349131107330322266e+00,2.637122631072998047e+00,3.354069948196411133e+00,3.402817010879516602e+00,3.253049850463867188e+00,2.890540122985839844e+00,2.848255872726440430e+00,2.680711269378662109e+00,2.552079200744628906e+00,2.445590496063232422e+00,2.280061483383178711e+00,2.331196069717407227e+00,2.512505054473876953e+00,2.401472091674804688e+00,2.687044382095336914e+00,2.775254249572753906e+00,3.033474922180175781e+00,3.911463975906372070e+00,4.005461215972900391e+00,3.798877477645874023e+00,3.458024978637695312e+00,3.501923799514770508e+00,3.410006999969482422e+00,3.316218376159667969e+00,3.258381605148315430e+00,3.040959596633911133e+00,2.992452144622802734e+00,3.139891624450683594e+00,2.988874197006225586e+00,3.261308908462524414e+00,3.306380987167358398e+00,3.514127731323242188e+00
2.624283552169799805e+00,2.418464660644531250e+00,2.109827280044555664e+00,1.816248655319213867e+00,1.515592575073242188e+00,1.244669914245605469e+00,9.157063364982604980e-01,6.176269054412841797e-01,3.682027459144592285e-01,0.000000000000000000e+00,3.971537351608276367e-01,6.173455715179443359e-01,9.778882265090942383e-01,1.165582537651062012e+00,1.533361077308654785e+00,2.565245628356933594e+00,2.593962669372558594e+00,2.346595048904418945e+00,1.967386603355407715e+00,1.818269968032836914e+00,1.499666452407836914e+00,1.287016510963439941e+00,1.039335131645202637e+00,8.627570867538452148e-01,9.961599707603454590e-01,1.147056341171264648e+00,1.127989768981933594e+00,1.471467494964599609e+00,1.633462309837341309e+00,1.952004075050354004e+00,2.884863376617431641e+00,2.956280946731567383e+00,2.770049095153808594e+00,2.390511989593505859e+00,2.305319070816040039e+00,2.036252260208129883e+00,1.876383066177368164e+00,1.704961776733398438e+00,1.529837131500244141e+00,1.644735097885131836e+00,1.750422477722167969e+00,1.653336048126220703e+00,1.947018146514892578e+00,2.074769973754882812e+00,2.345309734344482422e+00,3.325041532516479492e+00,3.401649951934814453e+00,3.243171930313110352e+00,2.878215312957763672e+00,2.848806619644165039e+00,2.639491319656372070e+00,2.513721466064453125e+00,2.356892347335815430e+00,2.195465803146362305e+00,2.195709228515625000e+00,2.328199863433837891e+00,2.180088043212890625e+00,2.437602519989013672e+00,2.521488189697265625e+00,2.757189035415649414e+00,3.851978063583374023e+00,3.969046115875244141e+00,3.755898714065551758e+00,3.421398162841796875e+00,3.477762460708618164e+00,3.352811336517333984e+00,3.265388727188110352e+00,3.172543048858642578e+00,2.958209514617919922e+00,2.873784780502319336e+00,2.981721162796020508e+00,2.798017024993896484e+00,3.042965888977050781e+00,3.073856353759765625e+00,3.254820346832275391e+00
2.823285818099975586e+00,2.632179975509643555e+00,2.295634984970092773e+00,2.038308382034301758e+00,1.745268583297729492e+00,1.490389704704284668e+00,1.208811163902282715e+00,9.169188141822814941e-01,7.526246309280395508e-01,3.971537351608276367e-01,0.000000000000000000e+00,3.780230283737182617e-01,6.736339330673217773e-01,9.432944655418395996e-01,1.286378502845764160e+00,2.600213766098022461e+00,2.647400140762329102e+00,2.377357721328735352e+00,2.021563053131103516e+00,1.878456711769104004e+00,1.524025559425354004e+00,1.313192367553710938e+00,9.788506031036376953e-01,8.159816861152648926e-01,8.087760806083679199e-01,8.381312489509582520e-01,7.647238373756408691e-01,1.091316461563110352e+00,1.279008626937866211e+00,1.593893289566040039e+00,2.821935415267944336e+00,2.920247077941894531e+00,2.720507860183715820e+00,2.348816633224487305e+00,2.273029327392578125e+00,1.958509802818298340e+00,1.801601886749267578e+00,1.560753345489501953e+00,1.399023771286010742e+00,1.444445967674255371e+00,1.476000666618347168e+00,1.329300999641418457e+00,1.592174768447875977e+00,1.720169305801391602e+00,1.975400924682617188e+00,3.200915575027465820e+00,3.302869558334350586e+00,3.135331153869628906e+00,2.773133039474487305e+00,2.758613109588623047e+00,2.509974718093872070e+00,2.394471168518066406e+00,2.190910339355468750e+00,2.047871112823486328e+00,1.999735236167907715e+00,2.079839944839477539e+00,1.888700604438781738e+00,2.112750768661499023e+00,2.183971166610717773e+00,2.397628307342529297e+00,3.687222003936767578e+00,3.825488805770874023e+00,3.606941461563110352e+00,3.282835006713867188e+00,3.353112459182739258e+00,3.197147130966186523e+00,3.121816873550415039e+00,2.997848510742187500e+00,2.796248912811279297e+00,2.681614398956298828e+00,2.751247167587280273e+00,2.532304763793945312e+00,2.747232675552368164e+00,2.756793498992919922e+00,2.912960767745971680e+00
2.825392007827758789e+00,2.681568622589111328e+00,2.329661130905151367e+00,2.061973333358764648e+00,1.821735501289367676e+00,1.524364113807678223e+00,1.312601089477539062e+00,9.774007201194763184e-01,9.339134097099304199e-01,6.173455715179443359e-01,3.780230283737182617e-01,0.000000000000000000e+00,3.753621578216552734e-01,6.142507791519165039e-01,9.489082098007202148e-01,2.519895076751708984e+00,2.622382879257202148e+00,2.385796308517456055e+00,2.040936946868896484e+00,1.967000722885131836e+00,1.600156188011169434e+00,1.472149848937988281e+00,1.137217044830322266e+00,1.089937210083007812e+00,1.085067868232727051e+00,1.037094950675964355e+00,8.209896087646484375e-01,1.057813286781311035e+00,1.151065587997436523e+00,1.413625955581665039e+00,2.745952129364013672e+00,2.891562700271606445e+00,2.732012987136840820e+00,2.379331588745117188e+00,2.364453554153442383e+00,2.052277088165283203e+00,1.960528731346130371e+00,1.722706198692321777e+00,1.634108543395996094e+00,1.681559085845947266e+00,1.670680880546569824e+00,1.448505520820617676e+00,1.651416301727294922e+00,1.704340815544128418e+00,1.907749056816101074e+00,3.140284776687622070e+00,3.283837080001831055e+00,3.153400182723999023e+00,2.814445257186889648e+00,2.850924491882324219e+00,2.613253116607666016e+00,2.549111366271972656e+00,2.355235338211059570e+00,2.266200304031372070e+00,2.221780776977539062e+00,2.280035734176635742e+00,2.041308879852294922e+00,2.222154140472412109e+00,2.232089281082153320e+00,2.401795148849487305e+00,3.650181293487548828e+00,3.823379039764404297e+00,3.635571718215942383e+00,3.337608575820922852e+00,3.449620008468627930e+00,3.309334278106689453e+00,3.274588108062744141e+00,3.164464950561523438e+00,2.998491764068603516e+00,2.893413305282592773e+00,2.954211711883544922e+00,2.703574895858764648e+00,2.891357660293579102e+00,2.851632833480834961e+00,2.980864524841308594e+00
2.949328899383544922e+00,2.834325313568115234e+00,2.464915990829467773e+00,2.231957435607910156e+00,2.020498752593994141e+00,1.739949941635131836e+00,1.585823297500610352e+00,1.275413990020751953e+00,1.286265015602111816e+00,9.778882265090942383e-01,6.736339330673217773e-01,3.753621578216552734e-01,0.000000000000000000e+00,3.701531887054443359e-01,6.322348117828369141e-01,2.491106271743774414e+00,2.624640941619873047e+00,2.389922380447387695e+00,2.080793857574462891e+00,2.041656017303466797e+00,1.665675640106201172e+00,1.583869814872741699e+00,1.229750037193298340e+00,1.254226446151733398e+00,1.182399749755859375e+00,1.029833912849426270e+00,7.070049643516540527e-01,8.177137970924377441e-01,8.355519771575927734e-01,1.056057095527648926e+00,2.632341146469116211e+00,2.814841747283935547e+00,2.665704250335693359e+00,2.337672710418701172e+00,2.358175992965698242e+00,2.027357101440429688e+00,1.975857138633728027e+00,1.708541631698608398e+00,1.678704380989074707e+00,1.687836170196533203e+00,1.611690402030944824e+00,1.322656154632568359e+00,1.453816771507263184e+00,1.445982456207275391e+00,1.603032231330871582e+00,2.977255821228027344e+00,3.155727624893188477e+00,3.037797927856445312e+00,2.718938589096069336e+00,2.790491104125976562e+00,2.537727117538452148e+00,2.510768890380859375e+00,2.299630403518676758e+00,2.259017229080200195e+00,2.193125963211059570e+00,2.208905696868896484e+00,1.923426508903503418e+00,2.052379608154296875e+00,2.010559320449829102e+00,2.138672590255737305e+00,3.460652589797973633e+00,3.663083553314208984e+00,3.488566160202026367e+00,3.215156793594360352e+00,3.356475830078125000e+00,3.206696033477783203e+00,3.203486442565917969e+00,3.085105657577514648e+00,2.952673435211181641e+00,2.840468883514404297e+00,2.875757932662963867e+00,2.591128826141357422e+00,2.743217706680297852e+00,2.658955097198486328e+00,2.759503602981567383e+00
2.756940126419067383e+00,2.685083866119384766e+00,2.310614109039306641e+00,2.088304519653320312e+00,1.932512640953063965e+00,1.646796584129333496e+00,1.575662374496459961e+00,1.288007259368896484e+00,1.406133055686950684e+00,1.165582537651062012e+00,9.432944655418395996e-01,6.142507791519165039e-01,3.701531887054443359e-01,0.000000000000000000e+00,3.818807303905487061e-01,2.233399629592895508e+00,2.408785343170166016e+00,2.212377071380615234e+00,1.922689080238342285e+00,1.950606703758239746e+00,1.588185667991638184e+00,1.593082785606384277e+00,1.284950494766235352e+00,1.408968091011047363e+00,1.397239804267883301e+00,1.280464768409729004e+00,9.441218376159667969e-01,1.008605003356933594e+00,8.851999640464782715e-01,1.054399490356445312e+00,2.392586231231689453e+00,2.606825590133666992e+00,2.501571178436279297e+00,2.197223424911499023e+00,2.275547266006469727e+00,1.972630381584167480e+00,1.990427017211914062e+00,1.767651677131652832e+00,1.810564279556274414e+00,1.867229342460632324e+00,1.813555836677551270e+00,1.508565902709960938e+00,1.620490550994873047e+00,1.532864570617675781e+00,1.663831114768981934e+00,2.770156860351562500e+00,2.973596096038818359e+00,2.896294832229614258e+00,2.603947639465332031e+00,2.720111370086669922e+00,2.502387285232543945e+00,2.526797294616699219e+00,2.357976913452148438e+00,2.369697570800781250e+00,2.344779729843139648e+00,2.382611989974975586e+00,2.089642047882080078e+00,2.210263252258300781e+00,2.114651203155517578e+00,2.229190349578857422e+00,3.292054414749145508e+00,3.513784885406494141e+00,3.373508691787719727e+00,3.123491287231445312e+00,3.299426555633544922e+00,3.186064004898071289e+00,3.221261024475097656e+00,3.141117572784423828e+00,3.044796705245971680e+00,2.969668865203857422e+00,3.029393434524536133e+00,2.742412567138671875e+00,2.895542383193969727e+00,2.776717901229858398e+00,2.882474660873413086e+00
2.996902465820312500e+00,2.959599733352661133e+00,2.582838296890258789e+00,2.380486011505126953e+00,2.258502244949340820e+00,1.978440761566162109e+00,1.940199375152587891e+00,1.657096028327941895e+00,1.782534837722778320e+00,1.533361077308654785e+00,1.286378502845764160e+00,9.489082098007202148e-01,6.322348117828369141e-01,3.818807303905487061e-01,0.000000000000000000e+00,2.363305568695068359e+00,2.578521966934204102e+00,2.405044555664062500e+00,2.155601739883422852e+00,2.222095251083374023e+00,1.870510339736938477e+00,1.910473465919494629e+00,1.606571555137634277e+00,1.750564455986022949e+00,1.699730634689331055e+00,1.523432374000549316e+00,1.155480265617370605e+00,1.092371582984924316e+00,8.746844530105590820e-01,8.961548805236816406e-01,2.454260587692260742e+00,2.711936235427856445e+00,2.634525060653686523e+00,2.367034912109375000e+00,2.484480619430541992e+00,2.181659936904907227e+00,2.236059904098510742e+00,2.001557111740112305e+00,2.080684661865234375e+00,2.103907823562622070e+00,1.998096704483032227e+00,1.655032396316528320e+00,1.683810830116271973e+00,1.530290007591247559e+00,1.574054002761840820e+00,2.785338401794433594e+00,3.031339168548583984e+00,2.980700492858886719e+00,2.721091032028198242e+00,2.875565290451049805e+00,2.654713392257690430e+00,2.715689897537231445e+00,2.538015365600585938e+00,2.588116645812988281e+00,2.543148756027221680e+00,2.539890766143798828e+00,2.213721990585327148e+00,2.274298906326293945e+00,2.125959396362304688e+00,2.176769256591796875e+00,3.281675577163696289e+00,3.539123058319091797e+00,3.423882484436035156e+00,3.208375453948974609e+00,3.416088581085205078e+00,3.299964904785156250e+00,3.367503166198730469e+00,3.282174587249755859e+00,3.217626333236694336e+00,3.135164737701416016e+00,3.167139768600463867e+00,2.852974653244018555e+00,2.963525056838989258e+00,2.800150394439697266e+00,2.864321231842041016e+00
1.176183581352233887e+00,1.321172356605529785e+00,1.096936941146850586e+00,1.305153250694274902e+00,1.504157185554504395e+00,1.624804735183715820e+00,1.959495306015014648e+00,2.119216680526733398e+00,2.469425916671752930e+00,2.565245628356933594e+00,2.600213766098022461e+00,2.519895076751708984e+00,2.491106271743774414e+00,2.233399629592895508e+00,2.363305568695068359e+00,0.000000000000000000e+00,3.910051286220550537e-01,6.382706761360168457e-01,8.035763502120971680e-01,1.181547403335571289e+00,1.310286879539489746e+00,1.691491127014160156e+00,1.889205813407897949e+00,2.260967731475830078e+00,2.486349344253540039e+00,2.634128332138061523e+00,2.528061389923095703e+00,2.654527425765991211e+00,2.457324981689453125e+00,2.643945693969726562e+00,7.668721675872802734e-01,8.364546895027160645e-01,1.036029577255249023e+00,1.015797138214111328e+00,1.338487148284912109e+00,1.482945322990417480e+00,1.807505607604980469e+00,2.020167350769042969e+00,2.311492204666137695e+00,2.608586788177490234e+00,2.791865110397338867e+00,2.676316261291503906e+00,2.854655504226684570e+00,2.686083793640136719e+00,2.889843702316284180e+00,1.455245852470397949e+00,1.510348439216613770e+00,1.633615493774414062e+00,1.538350462913513184e+00,1.761152386665344238e+00,1.915182590484619141e+00,2.136651515960693359e+00,2.337976217269897461e+00,2.537182807922363281e+00,2.793725252151489258e+00,3.038324356079101562e+00,2.923932552337646484e+00,3.128780364990234375e+00,2.983247280120849609e+00,3.198846817016601562e+00,2.169060230255126953e+00,2.270326137542724609e+00,2.283233404159545898e+00,2.123910188674926758e+00,2.344812870025634766e+00,2.526091814041137695e+00,2.683106422424316406e+00,2.890544652938842773e+00,2.948502779006958008e+00,3.142359972000122070e+00,3.410552740097045898e+00,3.285040616989135742e+00,3.536355257034301758e+00,3.419202089309692383e+00,3.674504995346069336e+00
1.049789905548095703e+00,1.124970436096191406e+00,9.437046647071838379e-01,1.241104960441589355e+00,1.412004828453063965e+00,1.617610454559326172e+00,1.935077548027038574e+00,2.149056911468505859e+00,2.472934007644653320e+00,2.593962669372558594e+00,2.647400140762329102e+00,2.622382879257202148e+00,2.624640941619873047e+00,2.408785343170166016e+00,2.578521966934204102e+00,3.910051286220550537e-01,0.000000000000000000e+00,3.866240978240966797e-01,6.638442873954772949e-01,9.876463413238525391e-01,1.218189120292663574e+00,1.580055475234985352e+00,1.842356681823730469e+00,2.197823286056518555e+00,2.439448833465576172e+00,2.627226829528808594e+00,2.576556682586669922e+00,2.732479095458984375e+00,2.576980829238891602e+00,2.800309419631958008e+00,8.444387316703796387e-01,7.253019809722900391e-01,8.532657623291015625e-01,8.336136341094970703e-01,1.100044131278991699e+00,1.325473546981811523e+00,1.634353995323181152e+00,1.907243847846984863e+00,2.189708232879638672e+00,2.508221149444580078e+00,2.731720924377441406e+00,2.668791770935058594e+00,2.875036954879760742e+00,2.743491649627685547e+00,2.982357978820800781e+00,1.467826843261718750e+00,1.419139385223388672e+00,1.489382147789001465e+00,1.373286485671997070e+00,1.534281015396118164e+00,1.732790112495422363e+00,1.929315090179443359e+00,2.175815582275390625e+00,2.361821413040161133e+00,2.651108980178833008e+00,2.928689956665039062e+00,2.862395524978637695e+00,3.095484018325805664e+00,2.985330343246459961e+00,3.235338211059570312e+00,2.138451099395751953e+00,2.171927452087402344e+00,2.149791240692138672e+00,1.957902431488037109e+00,2.128519773483276367e+00,2.330224990844726562e+00,2.459448099136352539e+00,2.692198038101196289e+00,2.740358591079711914e+00,2.961787462234497070e+00,3.259068489074707031e+00,3.174716234207153320e+00,3.450987100601196289e+00,3.369161367416381836e+00,3.653562068939208984e+00
1.239400506019592285e+00,1.198204874992370605e+00,9.496018886566162109e-01,1.212318420410156250e+00,1.277029395103454590e+00,1.488090157508850098e+00,1.750156521797180176e+00,1.958698987960815430e+00,2.247782468795776367e+00,2.346595048904418945e+00,2.377357721328735352e+00,2.385796308517456055e+00,2.389922380447387695e+00,2.212377071380615234e+00,2.405044555664062500e+00,6.382706761360168457e-01,3.866240978240966797e-01,0.000000000000000000e+00,3.910480439662933350e-01,6.562479138374328613e-01,8.938148617744445801e-01,1.243094205856323242e+00,1.513249039649963379e+00,1.867154479026794434e+00,2.095226049423217773e+00,2.288129568099975586e+00,2.266147375106811523e+00,2.431684732437133789e+00,2.306139469146728516e+00,2.556061267852783203e+00,8.740110993385314941e-01,7.336584329605102539e-01,6.734794378280639648e-01,5.057545900344848633e-01,7.356742024421691895e-01,9.443170428276062012e-01,1.247790694236755371e+00,1.526820063591003418e+00,1.811431407928466797e+00,2.129791498184204102e+00,2.361599922180175781e+00,2.319203853607177734e+00,2.538447380065917969e+00,2.432367563247680664e+00,2.695516824722290039e+00,1.423802733421325684e+00,1.360341906547546387e+00,1.335029006004333496e+00,1.129013776779174805e+00,1.245777010917663574e+00,1.399769425392150879e+00,1.568696379661560059e+00,1.802107930183410645e+00,1.977377176284790039e+00,2.266607522964477539e+00,2.549449443817138672e+00,2.494566440582275391e+00,2.741066694259643555e+00,2.653482675552368164e+00,2.923875808715820312e+00,2.057853937149047852e+00,2.083379268646240234e+00,1.996572256088256836e+00,1.749919295310974121e+00,1.893163084983825684e+00,2.049561262130737305e+00,2.149153709411621094e+00,2.356185197830200195e+00,2.382146358489990234e+00,2.591438770294189453e+00,2.887904405593872070e+00,2.806332826614379883e+00,3.092347621917724609e+00,3.028650760650634766e+00,3.323065519332885742e+00
1.204210162162780762e+00,1.098436236381530762e+00,7.665809392929077148e-01,9.301383495330810547e-01,9.311898946762084961e-01,1.116154193878173828e+00,1.362783551216125488e+00,1.569237947463989258e+00,1.858344793319702148e+00,1.967386603355407715e+00,2.021563053131103516e+00,2.040936946868896484e+00,2.080793857574462891e+00,1.922689080238342285e+00,2.155601739883422852e+00,8.035763502120971680e-01,6.638442873954772949e-01,3.910480439662933350e-01,0.000000000000000000e+00,3.846633732318878174e-01,5.608534812927246094e-01,9.225755929946899414e-01,1.191774129867553711e+00,1.537435650825500488e+00,1.794315218925476074e+00,2.009341955184936523e+00,1.988450884819030762e+00,2.193149805068969727e+00,2.097362279891967773e+00,2.376613616943359375e+00,1.161698579788208008e+00,1.097119927406311035e+00,9.902177453041076660e-01,6.943169832229614258e-01,8.087081909179687500e-01,8.903119564056396484e-01,1.116785883903503418e+00,1.355614423751831055e+00,1.589703798294067383e+00,1.921291947364807129e+00,2.162772655487060547e+00,2.113441944122314453e+00,2.364595413208007812e+00,2.290317535400390625e+00,2.572978496551513672e+00,1.719159841537475586e+00,1.693104743957519531e+00,1.628459453582763672e+00,1.358650565147399902e+00,1.428391337394714355e+00,1.493770003318786621e+00,1.592197060585021973e+00,1.762772083282470703e+00,1.876111030578613281e+00,2.142879009246826172e+00,2.426843643188476562e+00,2.358091592788696289e+00,2.626167774200439453e+00,2.566133975982666016e+00,2.846726655960083008e+00,2.349650621414184570e+00,2.395616769790649414e+00,2.275285720825195312e+00,1.994921445846557617e+00,2.114749670028686523e+00,2.211357116699218750e+00,2.265187501907348633e+00,2.419269800186157227e+00,2.390360116958618164e+00,2.556608915328979492e+00,2.838291883468627930e+00,2.739896774291992188e+00,3.035897254943847656e+00,2.990400314331054688e+00,3.278574943542480469e+00
1.397544145584106445e+00,1.189926862716674805e+00,8.860389590263366699e-01,1.011144518852233887e+00,8.743768930435180664e-01,1.097633838653564453e+00,1.249141931533813477e+00,1.480688095092773438e+00,1.705338835716247559e+00,1.818269968032836914e+00,1.878456711769104004e+00,1.967000722885131836e+00,2.041656017303466797e+00,1.950606703758239746e+00,2.222095251083374023e+00,1.181547403335571289e+00,9.876463413238525391e-01,6.562479138374328613e-01,3.846633732318878174e-01,0.000000000000000000e+00,3.780169785022735596e-01,6.355877518653869629e-01,9.753838777542114258e-01,1.278721332550048828e+00,1.546698093414306641e+00,1.805071473121643066e+00,1.851592063903808594e+00,2.092665433883666992e+00,2.060791969299316406e+00,2.378296136856079102e+00,1.440804123878479004e+00,1.327109932899475098e+00,1.117687463760375977e+00,7.635978460311889648e-01,6.793081760406494141e-01,7.184749841690063477e-01,8.315169215202331543e-01,1.102611899375915527e+00,1.289092421531677246e+00,1.640996456146240234e+00,1.923294901847839355e+00,1.930398464202880859e+00,2.217429876327514648e+00,2.201437234878540039e+00,2.520202159881591797e+00,1.906687736511230469e+00,1.837997674942016602e+00,1.695046782493591309e+00,1.368397235870361328e+00,1.337770223617553711e+00,1.356181859970092773e+00,1.367396950721740723e+00,1.525144696235656738e+00,1.580702424049377441e+00,1.859197258949279785e+00,2.169748783111572266e+00,2.142731189727783203e+00,2.444225788116455078e+00,2.436859846115112305e+00,2.750077962875366211e+00,2.468871593475341797e+00,2.479946136474609375e+00,2.303067207336425781e+00,1.976878285408020020e+00,2.033107280731201172e+00,2.086952447891235352e+00,2.079895019531250000e+00,2.207262039184570312e+00,2.130994081497192383e+00,2.287247419357299805e+00,2.579851627349853516e+00,2.508900642395019531e+00,2.828759908676147461e+00,2.827816247940063477e+00,3.134466171264648438e+00
1.630427122116088867e+00,1.440968155860900879e+00,1.091404557228088379e+00,1.090793371200561523e+00,8.896924853324890137e-01,9.819331169128417969e-01,1.068966388702392578e+00,1.222589135169982910e+00,1.437189698219299316e+00,1.499666452407836914e+00,1.524025559425354004e+00,1.600156188011169434e+00,1.665675640106201172e+00,1.588185667991638184e+00,1.870510339736938477e+00,1.310286879539489746e+00,1.218189120292663574e+00,8.938148617744445801e-01,5.608534812927246094e-01,3.780169785022735596e-01,0.000000000000000000e+00,3.825110793113708496e-01,6.357977390289306641e-01,9.799445867538452148e-01,1.235851049423217773e+00,1.471229910850524902e+00,1.489270091056823730e+00,1.737244963645935059e+00,1.712127804756164551e+00,2.039682865142822266e+00,1.539186835289001465e+00,1.511695981025695801e+00,1.301418781280517578e+00,9.195366501808166504e-01,8.628238439559936523e-01,7.167411446571350098e-01,7.761933207511901855e-01,9.164559245109558105e-01,1.084302186965942383e+00,1.415449976921081543e+00,1.664239287376403809e+00,1.628787517547607422e+00,1.918990373611450195e+00,1.906566023826599121e+00,2.224949836730957031e+00,1.991027951240539551e+00,1.986338615417480469e+00,1.837746262550354004e+00,1.489613294601440430e+00,1.485441207885742188e+00,1.409268975257873535e+00,1.404225945472717285e+00,1.464882493019104004e+00,1.498303413391113281e+00,1.720051527023315430e+00,1.994509696960449219e+00,1.918691635131835938e+00,2.212215185165405273e+00,2.201669216156005859e+00,2.503549814224243164e+00,2.550680398941040039e+00,2.608547687530517578e+00,2.422226428985595703e+00,2.094971179962158203e+00,2.173791885375976562e+00,2.169543981552124023e+00,2.160015583038330078e+00,2.226667642593383789e+00,2.130355358123779297e+00,2.229569673538208008e+00,2.480668544769287109e+00,2.363651752471923828e+00,2.667452573776245117e+00,2.653439044952392578e+00,2.936830043792724609e+00
