,A1,A2,A3,A4,A5,A6,A7,A8,A9,A10,A11,A12,A13,A14,A15,B1,B2,B3,B4,B5,B6,B7,B8,B9,B10,B11,B12,B13,B14,B15,C1,C2,C3,C4,C5,C6,C7,C8,C9,C10,C11,C12,C13,C14,C15,D1,D2,D3,D4,D5,D6,D7,D8,D9,D10,D11,D12,D13,D14,D15,E1,E2,E3,E4,E5,E6,E7,E8,E9,E10,E11,E12,E13,E14,E15
A1,0.0,0.38963913917541504,0.5879841446876526,0.8004140853881836,1.1538574695587158,1.370248794555664,1.7389495372772217,2.0124917030334473,2.35703444480896,2.642169237136841,2.85858416557312,2.846557378768921,2.92911434173584,2.647014617919922,2.802577495574951,0.8475150465965271,0.8306307792663574,1.1091554164886475,1.1548362970352173,1.415326476097107,1.643284797668457,1.935043215751648,2.2198164463043213,2.5032780170440674,2.8312723636627197,3.06528639793396,2.9979822635650635,3.171786069869995,2.9715325832366943,3.1735270023345947,1.490779995918274,1.4487346410751343,1.6702624559402466,1.6138311624526978,1.8115193843841553,2.0147652626037598,2.2393200397491455,2.505671739578247,2.7019853591918945,3.065721273422241,3.2939178943634033,3.226634979248047,3.437917470932007,3.261549711227417,3.477942943572998,2.0469319820404053,2.0118255615234375,2.207740068435669,2.1336445808410645,2.2850542068481445,2.4981093406677246,2.6450307369232178,2.9022891521453857,3.0118508338928223,3.3833975791931152,3.60882306098938,3.563528060913086,3.826354742050171,3.6736156940460205,3.91908860206604,2.7149581909179688,2.6790692806243896,2.765453338623047,2.715332508087158,2.8268957138061523,3.0633041858673096,3.1780014038085938,3.4759774208068848,3.4430150985717773,3.7369561195373535,3.773818016052246,4.122191429138184,4.217665672302246,4.564484596252441,4.833283424377441
A2,0.38963913917541504,0.0,0.38394081592559814,0.6595485210418701,0.9271985292434692,1.2229933738708496,1.5525462627410889,1.8709146976470947,2.18114972114563,2.466038227081299,2.7031943798065186,2.740025281906128,2.857714891433716,2.6144018173217773,2.816037178039551,0.9920828938484192,0.8461440801620483,1.0279244184494019,1.0304419994354248,1.1990711688995361,1.464945673942566,1.711408257484436,2.0314080715179443,2.2836391925811768,2.6241605281829834,2.8918728828430176,2.869843006134033,3.076629400253296,2.9170544147491455,3.158228874206543,1.5670369863510132,1.446218729019165,1.6018726825714111,1.506263256072998,1.6270207166671753,1.847005009651184,2.025817632675171,2.314521074295044,2.477266550064087,2.8500490188598633,3.1068520545959473,3.080847978591919,3.3215672969818115,3.182199478149414,3.4335434436798096,2.0767385959625244,1.9868394136428833,2.1348965167999268,2.0283422470092773,2.117051124572754,2.3344991207122803,2.437894821166992,2.706545352935791,2.7834086418151855,3.158832311630249,3.4067842960357666,3.398399829864502,3.6830358505249023,3.5620179176330566,3.835527181625366,2.7045376300811768,2.6330323219299316,2.6757915019989014,2.599414110183716,2.660297393798828,2.8914661407470703,2.9671478271484375,3.26513934135437,3.212120771408081,3.4808244705200195,3.51517653465271,3.867274761199951,3.9737484455108643,4.305484294891357,4.590263843536377
A3,0.5879841446876526,0.38394081592559814,0.0,0.3933766484260559,0.6464310884475708,0.9327024817466736,1.2750909328460693,1.5739177465438843,1.8986159563064575,2.1566121578216553,2.3672990798950195,2.4037110805511475,2.5049211978912354,2.2659521102905273,2.4706013202667236,0.8017347455024719,0.6786996722221375,0.746860682964325,0.6631839275360107,0.8501691222190857,1.091774344444275,1.3614001274108887,1.670202612876892,1.945464849472046,2.274118423461914,2.5279603004455566,2.4985129833221436,2.697413682937622,2.536868095397949,2.782661199569702,1.3521233797073364,1.2613500356674194,1.3543758392333984,1.1940865516662598,1.3166394233703613,1.497402548789978,1.681517243385315,1.9522606134414673,2.1282005310058594,2.4968509674072266,2.7412469387054443,2.7034945487976074,2.939488172531128,2.799079656600952,3.052790403366089,1.860400676727295,1.803196668624878,1.906488299369812,1.7506604194641113,1.841007947921753,2.0205254554748535,2.1214911937713623,2.3670854568481445,2.447744846343994,2.819408655166626,3.052236318588257,3.029392957687378,3.3117427825927734,3.190397262573242,3.4628138542175293,2.4982566833496094,2.460909605026245,2.472614049911499,2.354161262512207,2.4221584796905518,2.620548725128174,2.694777250289917,2.972139596939087,2.9054489135742188,3.186113119125366,3.20548415184021,3.5515012741088867,3.642756700515747,3.9845924377441406,4.2563862800598145
A4,0.8004140853881836,0.6595485210418701,0.3933766484260559,0.0,0.3843158185482025,0.578240156173706,0.9426661133766174,1.2276291847229004,1.5635662078857422,1.8449746370315552,2.074561595916748,2.0889382362365723,2.213127374649048,1.9749590158462524,2.198352813720703,0.987223207950592,0.9842353463172913,0.9800515174865723,0.7418528199195862,0.8869290947914124,0.9988240003585815,1.2310144901275635,1.4851075410842896,1.7373348474502563,2.0793709754943848,2.3246679306030273,2.2719783782958984,2.4906582832336426,2.3461039066314697,2.5993564128875732,1.5653563737869263,1.5403558015823364,1.5846400260925293,1.347916841506958,1.4457931518554688,1.5348881483078003,1.6735546588897705,1.882771611213684,2.0200843811035156,2.3857526779174805,2.6028270721435547,2.5464563369750977,2.797456741333008,2.67543888092041,2.9309873580932617,2.0856308937072754,2.075227975845337,2.140265464782715,1.931142807006836,2.0082027912139893,2.1229653358459473,2.1878509521484375,2.379181385040283,2.4209797382354736,2.777360200881958,2.9794139862060547,2.9417314529418945,3.2369003295898438,3.1363887786865234,3.4065470695495605,2.736241340637207,2.734928846359253,2.7205770015716553,2.5589778423309326,2.6224751472473145,2.7746195793151855,2.824909210205078,3.0644030570983887,2.9526660442352295,3.223054885864258,3.196305274963379,3.525700807571411,3.5774340629577637,3.9177088737487793,4.168299198150635
A5,1.1538574695587158,0.9271985292434692,0.6464310884475708,0.3843158185482025,0.0,0.3796868920326233,0.6430896520614624,0.9785440564155579,1.2682844400405884,1.5415370464324951,1.7905969619750977,1.8585147857666016,2.0233421325683594,1.8404300212860107,2.1152472496032715,1.262960433959961,1.2073436975479126,1.0883402824401855,0.7687987089157104,0.7390526533126831,0.7961269617080688,0.9311192035675049,1.196660041809082,1.4034757614135742,1.7611879110336304,2.0368974208831787,2.0274899005889893,2.284771680831909,2.1940176486968994,2.4874980449676514,1.7362557649612427,1.6776436567306519,1.6364892721176147,1.3396399021148682,1.338828444480896,1.382919430732727,1.4410887956619263,1.6351584196090698,1.7179237604141235,2.08801531791687,2.3204522132873535,2.2999818325042725,2.5836737155914307,2.5091359615325928,2.7978639602661133,2.192915439605713,2.1606414318084717,2.160611391067505,1.9014110565185547,1.9112658500671387,1.987345814704895,1.9899178743362427,2.1581127643585205,2.149679660797119,2.4987802505493164,2.7058868408203125,2.697094440460205,3.0154900550842285,2.9552714824676514,3.248833417892456,2.7936384677886963,2.782836437225342,2.717026710510254,2.511733055114746,2.528881072998047,2.645216464996338,2.648552179336548,2.8628029823303223,2.7115478515625,2.9544548988342285,2.902745246887207,3.225687265396118,3.2687394618988037,3.5961270332336426,3.850196123123169
A6,1.370248794555664,1.2229933738708496,0.9327024817466736,0.578240156173706,0.3796868920326233,0.0,0.392353892326355,0.6500471234321594,0.9915696382522583,1.2751784324645996,1.5186810493469238,1.537680745124817,1.7044981718063354,1.5100315809249878,1.790094256401062,1.389905333518982,1.4280428886413574,1.2948553562164307,0.9311941266059875,0.9292957782745361,0.8228532075881958,0.9275670051574707,1.0726301670074463,1.2716591358184814,1.6178309917449951,1.853930950164795,1.7946189641952515,2.0510780811309814,1.9600913524627686,2.2443742752075195,1.8618298768997192,1.8746305704116821,1.8164256811141968,1.4878607988357544,1.5072189569473267,1.4599257707595825,1.5012860298156738,1.6084052324295044,1.6739212274551392,2.0207479000091553,2.2019670009613037,2.1390061378479004,2.4171996116638184,2.344435930252075,2.6176254749298096,2.3258938789367676,2.3507280349731445,2.3336422443389893,2.0474560260772705,2.076084613800049,2.090548038482666,2.086031675338745,2.1913774013519287,2.1687381267547607,2.491229295730591,2.6506149768829346,2.605785369873047,2.919621706008911,2.8640716075897217,3.139636516571045,2.9402577877044678,2.9751975536346436,2.9019908905029297,2.670989513397217,2.708336353302002,2.7834136486053467,2.787014961242676,2.962531566619873,2.7855048179626465,3.0314841270446777,2.940784215927124,3.240457057952881,3.2397398948669434,3.572512149810791,3.7939517498016357
A7,1.7389495372772217,1.5525462627410889,1.2750909328460693,0.9426661133766174,0.6430896520614624,0.392353892326355,0.0,0.3783351182937622,0.6288475394248962,0.9318764209747314,1.2237755060195923,1.2968603372573853,1.5321441888809204,1.4177052974700928,1.7522971630096436,1.757678747177124,1.7711641788482666,1.5903130769729614,1.2097723484039307,1.0979981422424316,0.917198121547699,0.8568944931030273,0.9230589866638184,1.0095627307891846,1.3668385744094849,1.6235508918762207,1.6019978523254395,1.9071484804153442,1.889266848564148,2.2064812183380127,2.171161651611328,2.1677536964416504,2.056504726409912,1.6980396509170532,1.6413124799728394,1.5374128818511963,1.4828916788101196,1.530877947807312,1.506847620010376,1.8357758522033691,2.009622812271118,1.9776246547698975,2.2900092601776123,2.27843976020813,2.5758426189422607,2.5862209796905518,2.6006813049316406,2.5351266860961914,2.2147982120513916,2.187769889831543,2.15397047996521,2.083397626876831,2.1406493186950684,2.051638603210449,2.345449447631836,2.489764928817749,2.4689419269561768,2.804067611694336,2.7989561557769775,3.089101552963257,3.1553516387939453,3.187553882598877,3.0739128589630127,2.8075008392333984,2.805452346801758,2.838104009628296,2.7939469814300537,2.930015802383423,2.7052712440490723,2.9130914211273193,2.780697822570801,3.0595433712005615,3.031728506088257,3.3445563316345215,3.557011604309082
A8,2.0124917030334473,1.8709146976470947,1.5739177465438843,1.2276291847229004,0.9785440564155579,0.6500471234321594,0.3783351182937622,0.0,0.39575204253196716,0.6646755933761597,0.9268092513084412,0.9406161308288574,1.185956597328186,1.0878803730010986,1.4375556707382202,1.9374700784683228,2.0046956539154053,1.8076245784759521,1.418707251548767,1.3290660381317139,1.0583181381225586,0.9741964340209961,0.8804625868797302,0.9350365996360779,1.2355737686157227,1.425081729888916,1.3461887836456299,1.6464654207229614,1.6426469087600708,1.9488712549209595,2.312195301055908,2.3594629764556885,2.228745460510254,1.856684684753418,1.814245581626892,1.638226866722107,1.5704580545425415,1.5249619483947754,1.4839489459991455,1.7640185356140137,1.870692253112793,1.7925803661346436,2.0914814472198486,2.089228630065918,2.367225408554077,2.7095348834991455,2.7691755294799805,2.6837353706359863,2.34572172164917,2.332791328430176,2.242565393447876,2.1676061153411865,2.159770965576172,2.061830520629883,2.315903902053833,2.403857946395874,2.3444204330444336,2.6667845249176025,2.669342041015625,2.936981439590454,3.2707455158233643,3.342823028564453,3.219665288925171,2.9318339824676514,2.9469406604766846,2.9385828971862793,2.8961410522460938,2.990894317626953,2.7474985122680664,2.9563426971435547,2.789231300354004,3.037957191467285,2.9652817249298096,3.2812278270721436,3.4552431106567383
A9,2.35703444480896,2.18114972114563,1.8986159563064575,1.5635662078857422,1.2682844400405884,0.9915696382522583,0.6288475394248962,0.39575204253196716,0.0,0.37273040413856506,0.7337440848350525,0.8436806797981262,1.1791514158248901,1.2049120664596558,1.5821716785430908,2.3109540939331055,2.349477767944336,2.129779815673828,1.7405298948287964,1.5867226123809814,1.3112083673477173,1.1187862157821655,0.9665353298187256,0.8512987494468689,1.11892831325531,1.3188897371292114,1.2998497486114502,1.645219326019287,1.7317888736724854,2.0583133697509766,2.6563191413879395,2.6802566051483154,2.517688751220703,2.135538101196289,2.035552501678467,1.8362699747085571,1.6909315586090088,1.5993068218231201,1.4608826637268066,1.6985677480697632,1.7912540435791016,1.7585822343826294,2.0863704681396484,2.1556460857391357,2.4512298107147217,3.017089605331421,3.058760404586792,2.939868927001953,2.5842010974884033,2.5225982666015625,2.4019644260406494,2.268704652786255,2.2205886840820312,2.0564136505126953,2.26937198638916,2.3399109840393066,2.3137266635894775,2.652029275894165,2.7111496925354004,2.9899990558624268,3.5365452766418457,3.598184823989868,3.4435338973999023,3.132932186126709,3.1095998287200928,3.0684292316436768,2.98055100440979,3.0386404991149902,2.7535953521728516,2.9150404930114746,2.7079739570617676,2.9285690784454346,2.8277180194854736,3.1130475997924805,3.275749921798706
A10,2.642169237136841,2.466038227081299,2.1566121578216553,1.8449746370315552,1.5415370464324951,1.2751784324645996,0.9318764209747314,0.6646755933761597,0.37273040413856506,0.0,0.38389286398887634,0.601276159286499,0.9544095396995544,1.0882645845413208,1.471367359161377,2.5018973350524902,2.5402469635009766,2.2822022438049316,1.89862060546875,1.7186027765274048,1.4001946449279785,1.1600440740585327,0.900336742401123,0.6992980241775513,0.857556164264679,1.0045851469039917,1.0025365352630615,1.3635081052780151,1.5153576135635376,1.8519972562789917,2.765568733215332,2.79856276512146,2.59527587890625,2.2063865661621094,2.0810372829437256,1.8280278444290161,1.6416057348251343,1.4705849885940552,1.2879458665847778,1.4586926698684692,1.5001403093338013,1.4680639505386353,1.7985281944274902,1.912859320640564,2.2119457721710205,3.0687742233276367,3.123619556427002,2.9659528732299805,2.593447685241699,2.513050079345703,2.3397955894470215,2.179246425628662,2.069803476333618,1.8796968460083008,2.0433504581451416,2.0698955059051514,2.03594970703125,2.3694305419921875,2.4589526653289795,2.732534885406494,3.5384836196899414,3.6182467937469482,3.436713457107544,3.1015172004699707,3.0694422721862793,2.98258638381958,2.8777318000793457,2.889928102493286,2.5829060077667236,2.7288930416107178,2.4907712936401367,2.679798126220703,2.544616222381592,2.8259451389312744,2.961529493331909
A11,2.85858416557312,2.7031943798065186,2.3672990798950195,2.074561595916748,1.7905969619750977,1.5186810493469238,1.2237755060195923,0.9268092513084412,0.7337440848350525,0.38389286398887634,0.0,0.378501296043396,0.6726531982421875,0.9096569418907166,1.269538402557373,2.6110291481018066,2.668457269668579,2.3863277435302734,2.01705002784729,1.8467100858688354,1.492224931716919,1.2621862888336182,0.9155451059341431,0.7331010699272156,0.71849524974823,0.7210411429405212,0.6648242473602295,1.0167438983917236,1.2169947624206543,1.5475033521652222,2.795541763305664,2.85628342628479,2.626476526260376,2.2413430213928223,2.121696949005127,1.8183192014694214,1.6296619176864624,1.3785696029663086,1.2039421796798706,1.2914319038391113,1.2456517219543457,1.1639713048934937,1.470934271812439,1.6067641973495483,1.8914189338684082,3.0477988719940186,3.132634162902832,2.948801279067993,2.569472074508667,2.496807813644409,2.27359676361084,2.1153159141540527,1.9445252418518066,1.7639364004135132,1.8771755695343018,1.8415073156356812,1.764026165008545,2.0742554664611816,2.1709423065185547,2.422759532928467,3.477565050125122,3.588972330093384,3.3943045139312744,3.043386459350586,3.0250658988952637,2.8977115154266357,2.7995598316192627,2.7705397605895996,2.461038112640381,2.6140012741088867,2.357720375061035,2.5153350830078125,2.3448808193206787,2.6374313831329346,2.7346346378326416
A12,2.846557378768921,2.740025281906128,2.4037110805511475,2.0889382362365723,1.8585147857666016,1.537680745124817,1.2968603372573853,0.9406161308288574,0.8436806797981262,0.601276159286499,0.378501296043396,0.0,0.38221412897109985,0.605936586856842,0.9513733983039856,2.5729517936706543,2.685149669647217,2.4309303760528564,2.0636723041534424,1.960378885269165,1.5936367511749268,1.4430477619171143,1.0987751483917236,1.0301806926727295,1.0302979946136475,0.9534994959831238,0.7357062697410583,0.989567756652832,1.1124285459518433,1.3846330642700195,2.7804267406463623,2.8910675048828125,2.690751791000366,2.3143608570098877,2.2555599212646484,1.9490631818771362,1.8243786096572876,1.573976755142212,1.4752644300460815,1.562769889831543,1.471825122833252,1.29775869846344,1.53648042678833,1.6081821918487549,1.8344844579696655,3.063347101211548,3.190786123275757,3.0337705612182617,2.6666388511657715,2.6467273235321045,2.4265809059143066,2.3186373710632324,2.1497442722320557,2.0215625762939453,2.1385252475738525,2.0740981101989746,1.9348938465118408,2.205400228500366,2.2561686038970947,2.4640021324157715,3.5302932262420654,3.674044609069824,3.5069429874420166,3.1690125465393066,3.1942687034606934,3.0762360095977783,3.017758369445801,2.996757984161377,2.7132787704467773,2.898312568664551,2.6542084217071533,2.8083488941192627,2.6281025409698486,2.933464527130127,3.0038537979125977
A13,2.92911434173584,2.857714891433716,2.5049211978912354,2.213127374649048,2.0233421325683594,1.7044981718063354,1.5321441888809204,1.185956597328186,1.1791514158248901,0.9544095396995544,0.6726531982421875,0.38221412897109985,0.0,0.38247713446617126,0.6425324082374573,2.5544581413269043,2.698046922683716,2.4411962032318115,2.1004934310913086,2.0369372367858887,1.6587886810302734,1.5637476444244385,1.203330636024475,1.2201741933822632,1.1552118062973022,0.9757410883903503,0.6386361718177795,0.7453624606132507,0.8063613772392273,1.0275229215621948,2.6959187984466553,2.8467493057250977,2.6437346935272217,2.2860262393951416,2.2643654346466064,1.9340335130691528,1.8528560400009155,1.5711015462875366,1.5413434505462646,1.587584137916565,1.4363224506378174,1.1754655838012695,1.3315681219100952,1.3497849702835083,1.523637294769287,2.9453158378601074,3.1128604412078857,2.9532177448272705,2.596395492553711,2.612504482269287,2.368304491043091,2.299252986907959,2.1043500900268555,2.029222011566162,2.125859260559082,2.019662857055664,1.8154786825180054,2.0368008613586426,2.0461318492889404,2.210963010787964,3.3935701847076416,3.5742180347442627,3.4157567024230957,3.080740213394165,3.1414971351623535,3.007478713989258,2.9827585220336914,2.9474925994873047,2.6915993690490723,2.9068148136138916,2.6758902072906494,2.818042039871216,2.629791259765625,2.9555301666259766,2.9987270832061768
A14,2.647014617919922,2.6144018173217773,2.2659521102905273,1.9749590158462524,1.8404300212860107,1.5100315809249878,1.4177052974700928,1.0878803730010986,1.2049120664596558,1.0882645845413208,0.9096569418907166,0.605936586856842,0.38247713446617126,0.0,0.3861706256866455,2.254276752471924,2.4346556663513184,2.2093894481658936,1.8798942565917969,1.880169153213501,1.515665054321289,1.5063235759735107,1.1979230642318726,1.3208551406860352,1.3367582559585571,1.215720295906067,0.8737779259681702,0.9361132979393005,0.8286323547363281,1.004870891571045,2.4268994331359863,2.608705997467041,2.4436798095703125,2.1003243923187256,2.1372969150543213,1.8334439992904663,1.8238837718963623,1.59531569480896,1.643897533416748,1.752100944519043,1.6466411352157593,1.3673100471496582,1.49956214427948,1.421077013015747,1.5679184198379517,2.7201247215270996,2.9098143577575684,2.7890560626983643,2.4523937702178955,2.517993211746216,2.3093812465667725,2.295473575592041,2.1494979858398438,2.1301589012145996,2.277235507965088,2.206899642944336,1.9872870445251465,2.1984684467315674,2.144879102706909,2.2990992069244385,3.2199108600616455,3.410900115966797,3.287783622741699,2.978405475616455,3.076076030731201,2.980327606201172,2.9970409870147705,3.004244565963745,2.7858152389526367,3.0396530628204346,2.846686840057373,3.0225460529327393,2.8693103790283203,3.2159550189971924,3.282196283340454
A15,2.802577495574951,2.816037178039551,2.4706013202667236,2.198352813720703,2.1152472496032715,1.790094256401062,1.7522971630096436,1.4375556707382202,1.5821716785430908,1.471367359161377,1.269538402557373,0.9513733983039856,0.6425324082374573,0.3861706256866455,0.0,2.3421595096588135,2.5652642250061035,2.361427068710327,2.068380832672119,2.1197118759155273,1.7687522172927856,1.8109136819839478,1.5165024995803833,1.6737759113311768,1.6574382781982422,1.4854280948638916,1.1116684675216675,1.0401616096496582,0.8358515501022339,0.8525537848472595,2.47127103805542,2.701831817626953,2.555591344833374,2.2447798252105713,2.329551935195923,2.025681257247925,2.0633718967437744,1.8296555280685425,1.9259847402572632,2.003596782684326,1.858371376991272,1.530523419380188,1.5711162090301514,1.4265550374984741,1.4776685237884521,2.746215343475342,2.9812939167022705,2.8753859996795654,2.5633363723754883,2.6731302738189697,2.4577858448028564,2.486973762512207,2.3304386138916016,2.357137680053711,2.4856083393096924,2.38295578956604,2.115161657333374,2.268453359603882,2.169189929962158,2.2626593112945557,3.2386255264282227,3.4678642749786377,3.3665075302124023,3.072652578353882,3.2101759910583496,3.1096384525299072,3.162393093109131,3.1622142791748047,2.9740397930145264,3.2490270137786865,3.068909168243408,3.2310585975646973,3.070347309112549,3.424609422683716,3.4634084701538086
B1,0.8475150465965271,0.9920828938484192,0.8017347455024719,0.987223207950592,1.262960433959961,1.389905333518982,1.757678747177124,1.9374700784683228,2.3109540939331055,2.5018973350524902,2.6110291481018066,2.5729517936706543,2.5544581413269043,2.254276752471924,2.3421595096588135,0.0,0.3909136950969696,0.6020714640617371,0.7564769983291626,1.1314034461975098,1.2966842651367188,1.668103814125061,1.8969424962997437,2.258458375930786,2.510805130004883,2.6725597381591797,2.566744804382324,2.656486749649048,2.3979783058166504,2.5508482456207275,0.7018271684646606,0.8181853294372559,1.0352808237075806,1.0120455026626587,1.3356021642684937,1.4918586015701294,1.8083678483963013,2.039323091506958,2.3269662857055664,2.648381233215332,2.8327689170837402,2.7153871059417725,2.8567371368408203,2.6206655502319336,2.793203353881836,1.2971123456954956,1.375072956085205,1.563165307044983,1.4917833805084229,1.7408498525619507,1.914742350578308,2.1417055130004883,2.371723175048828,2.563328742980957,2.9160940647125244,3.104604482650757,3.002769708633423,3.2118029594421387,3.0032668113708496,3.2098677158355713,2.0097053050994873,2.0632998943328857,2.155405044555664,2.0916073322296143,2.283622980117798,2.4899673461914062,2.6689836978912354,2.9468636512756348,2.956988573074341,3.302802562713623,3.356675386428833,3.69191312789917,3.780883312225342,4.157149791717529,4.396614074707031
B2,0.8306307792663574,0.8461440801620483,0.6786996722221375,0.9842353463172913,1.2073436975479126,1.4280428886413574,1.7711641788482666,2.0046956539154053,2.349477767944336,2.5402469635009766,2.668457269668579,2.685149669647217,2.698046922683716,2.4346556663513184,2.5652642250061035,0.3909136950969696,0.0,0.3800384998321533,0.6664416193962097,0.9743728041648865,1.2398250102996826,1.5866080522537231,1.8763556480407715,2.2192156314849854,2.481905221939087,2.6831696033477783,2.6326305866241455,2.750415802001953,2.5282421112060547,2.719121217727661,0.7262295484542847,0.6313965320587158,0.8479903936386108,0.8628807663917542,1.134282112121582,1.3747953176498413,1.6756503582000732,1.96502685546875,2.240422010421753,2.574465274810791,2.802212715148926,2.7356786727905273,2.901460647583008,2.695375919342041,2.9035236835479736,1.2388522624969482,1.201293706893921,1.383886456489563,1.3276056051254272,1.5283695459365845,1.758847951889038,1.969939112663269,2.2475671768188477,2.431142568588257,2.798039674758911,3.026736259460449,2.9699630737304688,3.195004463195801,3.007246732711792,3.2440481185913086,1.8986444473266602,1.8810073137283325,1.9560363292694092,1.9035875797271729,2.052464008331299,2.2918918132781982,2.452779531478882,2.758535385131836,2.779285192489624,3.1091606616973877,3.1886284351348877,3.538076400756836,3.6600449085235596,4.0236310958862305,4.290604591369629
B3,1.1091554164886475,1.0279244184494019,0.746860682964325,0.9800515174865723,1.0883402824401855,1.2948553562164307,1.5903130769729614,1.8076245784759521,2.129779815673828,2.2822022438049316,2.3863277435302734,2.4309303760528564,2.4411962032318115,2.2093894481658936,2.361427068710327,0.6020714640617371,0.3800384998321533,0.0,0.3900609314441681,0.6547241806983948,0.9185028672218323,1.2612015008926392,1.5513842105865479,1.8984099626541138,2.141550302505493,2.3425424098968506,2.314157247543335,2.435375928878784,2.2348151206970215,2.4497883319854736,0.7161085605621338,0.5900986790657043,0.6161879301071167,0.5088884234428406,0.7654713988304138,0.9956874251365662,1.2982851266860962,1.5913814306259155,1.8737298250198364,2.202446937561035,2.435633420944214,2.383552074432373,2.556285858154297,2.367840528488159,2.5984480381011963,1.1395515203475952,1.096362590789795,1.1781564950942993,1.0357730388641357,1.2041985988616943,1.4054844379425049,1.600853681564331,1.8710591793060303,2.0517499446868896,2.4180855751037598,2.648263454437256,2.5995264053344727,2.831937074661255,2.658573627471924,2.9120049476623535,1.7642822265625,1.7578634023666382,1.7662001848220825,1.6491613388061523,1.7747524976730347,1.980010747909546,2.120882987976074,2.4107167720794678,2.4134044647216797,2.7443301677703857,2.814729928970337,3.1618692874908447,3.2805252075195312,3.6454854011535645,3.9108805656433105
B4,1.1548362970352173,1.0304419994354248,0.6631839275360107,0.7418528199195862,0.7687987089157104,0.9311941266059875,1.2097723484039307,1.418707251548767,1.7405298948287964,1.89862060546875,2.01705002784729,2.0636723041534424,2.1004934310913086,1.8798942565917969,2.068380832672119,0.7564769983291626,0.6664416193962097,0.3900609314441681,0.0,0.3827814757823944,0.5758273601531982,0.9310594201087952,1.2113590240478516,1.5546430349349976,1.8207478523254395,2.032149076461792,1.9988003969192505,2.1541671752929688,1.9792163372039795,2.225114107131958,1.005678653717041,0.9580238461494446,0.8922353386878967,0.6101593971252441,0.7603705525398254,0.8727555871009827,1.1162093877792358,1.369641661643982,1.6147738695144653,1.959726095199585,2.184610366821289,2.128129720687866,2.3337981700897217,2.1749823093414307,2.429168224334717,1.4265601634979248,1.4211091995239258,1.4311615228652954,1.1965830326080322,1.3031643629074097,1.4192841053009033,1.5465046167373657,1.7645769119262695,1.8903675079345703,2.2544522285461426,2.4668240547180176,2.415929079055786,2.677466869354248,2.5372824668884277,2.805302619934082,2.037794351577759,2.0568108558654785,2.015995502471924,1.8342006206512451,1.924991250038147,2.070772409439087,2.162285089492798,2.4110312461853027,2.350088357925415,2.664642333984375,2.683811664581299,3.021311044692993,3.1044442653656006,3.467954158782959,3.7212419509887695
B5,1.415326476097107,1.1990711688995361,0.8501691222190857,0.8869290947914124,0.7390526533126831,0.9292957782745361,1.0979981422424316,1.3290660381317139,1.5867226123809814,1.7186027765274048,1.8467100858688354,1.960378885269165,2.0369372367858887,1.880169153213501,2.1197118759155273,1.1314034461975098,0.9743728041648865,0.6547241806983948,0.3827814757823944,0.0,0.3808874189853668,0.6381493806838989,0.9843124747276306,1.2870358228683472,1.5609302520751953,1.8160306215286255,1.8492107391357422,2.046349048614502,1.9361222982406616,2.2290751934051514,1.2923870086669922,1.1738522052764893,1.0065836906433105,0.6697993278503418,0.6003224849700928,0.6925697922706604,0.8314827084541321,1.1216093301773071,1.318854570388794,1.6799366474151611,1.9444255828857422,1.946172833442688,2.1916720867156982,2.09057879447937,2.388777732849121,1.6057491302490234,1.5444021224975586,1.4734944105148315,1.184370994567871,1.173586368560791,1.2620271444320679,1.3047950267791748,1.5258489847183228,1.5989874601364136,1.970893383026123,2.2105252742767334,2.207685708999634,2.4994637966156006,2.406743288040161,2.7098731994628906,2.126483678817749,2.1121537685394287,2.008175849914551,1.7802075147628784,1.7971736192703247,1.9127331972122192,1.942690372467041,2.1778993606567383,2.0779354572296143,2.363415479660034,2.370063304901123,2.7121481895446777,2.803043842315674,3.152897596359253,3.422560453414917
B6,1.643284797668457,1.464945673942566,1.091774344444275,0.9988240003585815,0.7961269617080688,0.8228532075881958,0.917198121547699,1.0583181381225586,1.3112083673477173,1.4001946449279785,1.492224931716919,1.5936367511749268,1.6587886810302734,1.515665054321289,1.7687522172927856,1.2966842651367188,1.2398250102996826,0.9185028672218323,0.5758273601531982,0.3808874189853668,0.0,0.37940576672554016,0.6399526596069336,0.9850549101829529,1.2458665370941162,1.473883032798767,1.4789859056472778,1.681606411933899,1.5813921689987183,1.8890429735183716,1.4447941780090332,1.4123284816741943,1.2110929489135742,0.8274259567260742,0.7596822381019592,0.6397490501403809,0.7162256836891174,0.8867955207824707,1.0760033130645752,1.4288033246994019,1.652576208114624,1.6198924779891968,1.8732582330703735,1.7825133800506592,2.0865135192871094,1.7443532943725586,1.7512799501419067,1.6400096416473389,1.303486704826355,1.2954304218292236,1.2708461284637451,1.2790299654006958,1.4049607515335083,1.4500972032546997,1.7982285022735596,1.9899522066116333,1.9530179500579834,2.2517435550689697,2.1717348098754883,2.469785451889038,2.257943630218506,2.297877073287964,2.169954299926758,1.897331714630127,1.9252433776855469,1.9707390069961548,1.9854258298873901,2.1613032817840576,2.0167722702026367,2.3031113147735596,2.258129119873047,2.576288938522339,2.6192686557769775,2.9787423610687256,3.217498779296875
B7,1.935043215751648,1.711408257484436,1.3614001274108887,1.2310144901275635,0.9311192035675049,0.9275670051574707,0.8568944931030273,0.9741964340209961,1.1187862157821655,1.1600440740585327,1.2621862888336182,1.4430477619171143,1.5637476444244385,1.5063235759735107,1.8109136819839478,1.668103814125061,1.5866080522537231,1.2612015008926392,0.9310594201087952,0.6381493806838989,0.37940576672554016,0.0,0.39106228947639465,0.6496132016181946,0.9367230534553528,1.223610520362854,1.3065863847732544,1.5693225860595703,1.5597037076950073,1.9104068279266357,1.8026741743087769,1.7414765357971191,1.5029759407043457,1.1214022636413574,0.9379304647445679,0.7600178718566895,0.6283474564552307,0.7322720289230347,0.7910594940185547,1.1620532274246216,1.4147303104400635,1.4450145959854126,1.751399040222168,1.740944266319275,2.0831003189086914,2.0488688945770264,2.0293421745300293,1.8691785335540771,1.5085633993148804,1.4108444452285767,1.330204963684082,1.2280913591384888,1.2996286153793335,1.2451363801956177,1.5781680345535278,1.7754781246185303,1.7856156826019287,2.1205856800079346,2.1061298847198486,2.4317739009857178,2.495026111602783,2.5181360244750977,2.344101667404175,2.036924362182617,2.002234697341919,1.99875009059906,1.9430118799209595,2.0752460956573486,1.8678712844848633,2.107238531112671,2.018523693084717,2.326038122177124,2.3520569801330566,2.6940464973449707,2.937415599822998
B8,2.2198164463043213,2.0314080715179443,1.670202612876892,1.4851075410842896,1.196660041809082,1.0726301670074463,0.9230589866638184,0.8804625868797302,0.9665353298187256,0.900336742401123,0.9155451059341431,1.0987751483917236,1.203330636024475,1.1979230642318726,1.5165024995803833,1.8969424962997437,1.8763556480407715,1.5513842105865479,1.2113590240478516,0.9843124747276306,0.6399526596069336,0.39106228947639465,0.0,0.3930274248123169,0.6219194531440735,0.8624767065048218,0.9194843769073486,1.2019174098968506,1.2329511642456055,1.6013352870941162,2.00529408454895,2.0028648376464844,1.749841570854187,1.3632795810699463,1.210063099861145,0.930851936340332,0.7633373141288757,0.6482702493667603,0.6446211934089661,0.9584200978279114,1.1340323686599731,1.1195716857910156,1.439445972442627,1.459014654159546,1.8041683435440063,2.228959798812866,2.261876344680786,2.077659845352173,1.7000302076339722,1.6168879270553589,1.4500869512557983,1.3278979063034058,1.282366394996643,1.1938728094100952,1.466006875038147,1.5876336097717285,1.5536644458770752,1.8901278972625732,1.8979473114013672,2.210524320602417,2.6558096408843994,2.724838972091675,2.536532163619995,2.202644109725952,2.183108329772949,2.1179039478302,2.054335594177246,2.1202034950256348,1.8766626119613647,2.1080591678619385,1.9634000062942505,2.23030424118042,2.1957879066467285,2.5440921783447266,2.744582414627075
B9,2.5032780170440674,2.2836391925811768,1.945464849472046,1.7373348474502563,1.4034757614135742,1.2716591358184814,1.0095627307891846,0.9350365996360779,0.8512987494468689,0.6992980241775513,0.7331010699272156,1.0301806926727295,1.2201741933822632,1.3208551406860352,1.6737759113311768,2.258458375930786,2.2192156314849854,1.8984099626541138,1.5546430349349976,1.2870358228683472,0.9850549101829529,0.6496132016181946,0.3930274248123169,0.0,0.37845632433891296,0.7200103402137756,0.8922712206840515,1.2437680959701538,1.3869305849075317,1.769883394241333,2.38704514503479,2.3613710403442383,2.0987582206726074,1.7162193059921265,1.5134286880493164,1.2475271224975586,0.990068793296814,0.828774094581604,0.6142338514328003,0.8692885637283325,1.0439339876174927,1.1128473281860352,1.480144739151001,1.5966016054153442,1.9564919471740723,2.595381021499634,2.605323314666748,2.4007840156555176,2.019101858139038,1.8825374841690063,1.6974295377731323,1.49945068359375,1.40644109249115,1.209011435508728,1.4234081506729126,1.5294084548950195,1.5520782470703125,1.915231704711914,2.0003864765167236,2.325594186782837,2.984917640686035,3.0359866619110107,2.8210415840148926,2.4726786613464355,2.405236005783081,2.3088455200195312,2.185590982437134,2.208028554916382,1.9081116914749146,2.0711185932159424,1.8711236715316772,2.107943296432495,2.0402097702026367,2.3546879291534424,2.550844669342041
B10,2.8312723636627197,2.6241605281829834,2.274118423461914,2.0793709754943848,1.7611879110336304,1.6178309917449951,1.3668385744094849,1.2355737686157227,1.11892831325531,0.857556164264679,0.71849524974823,1.0302979946136475,1.1552118062973022,1.3367582559585571,1.6574382781982422,2.510805130004883,2.481905221939087,2.141550302505493,1.8207478523254395,1.5609302520751953,1.2458665370941162,0.9367230534553528,0.6219194531440735,0.37845632433891296,0.0,0.3808998167514801,0.6691722273826599,1.0057837963104248,1.2291990518569946,1.6096434593200684,2.5594372749328613,2.5505170822143555,2.256566047668457,1.8863306045532227,1.6749067306518555,1.3604116439819336,1.077998161315918,0.7961351275444031,0.5177448391914368,0.6019853949546814,0.6953848600387573,0.794243574142456,1.1745976209640503,1.3585044145584106,1.723861813545227,2.701387405395508,2.7305595874786377,2.489008665084839,2.1015424728393555,1.9522404670715332,1.7029377222061157,1.4789149761199951,1.2905957698822021,1.0606707334518433,1.1881705522537231,1.2241495847702026,1.235938310623169,1.5988638401031494,1.7266974449157715,2.0484249591827393,3.0264291763305664,3.101123809814453,2.860565185546875,2.4904775619506836,2.4178645610809326,2.263033151626587,2.1234261989593506,2.080789804458618,1.7561376094818115,1.9014949798583984,1.660463571548462,1.8538810014724731,1.7403512001037598,2.0606753826141357,2.223942756652832
B11,3.06528639793396,2.8918728828430176,2.5279603004455566,2.3246679306030273,2.0368974208831787,1.853930950164795,1.6235508918762207,1.425081729888916,1.3188897371292114,1.0045851469039917,0.7210411429405212,0.9534994959831238,0.9757410883903503,1.215720295906067,1.4854280948638916,2.6725597381591797,2.6831696033477783,2.3425424098968506,2.032149076461792,1.8160306215286255,1.473883032798767,1.223610520362854,0.8624767065048218,0.7200103402137756,0.3808998167514801,0.0,0.38420718908309937,0.6778016090393066,0.9737871885299683,1.3329523801803589,2.675968647003174,2.7116124629974365,2.412611484527588,2.0536913871765137,1.88025963306427,1.5286120176315308,1.2890371084213257,0.9357653260231018,0.7436364889144897,0.6596050262451172,0.5274498462677002,0.5009099841117859,0.8641942739486694,1.089587926864624,1.4325759410858154,2.787452220916748,2.8609097003936768,2.60927677154541,2.225229501724243,2.108144521713257,1.8138872385025024,1.618699073791504,1.3593655824661255,1.1697728633880615,1.2101634740829468,1.1290642023086548,1.0486778020858765,1.3748602867126465,1.5105198621749878,1.7961939573287964,3.087780237197876,3.2047834396362305,2.9638657569885254,2.586503028869629,2.5446903705596924,2.3515241146087646,2.233992338180542,2.1440577507019043,1.8280231952667236,1.983223795890808,1.7220089435577393,1.8619898557662964,1.6907622814178467,2.0205841064453125,2.1203229427337646
B12,2.9979822635650635,2.869843006134033,2.4985129833221436,2.2719783782958984,2.0274899005889893,1.7946189641952515,1.6019978523254395,1.3461887836456299,1.2998497486114502,1.0025365352630615,0.6648242473602295,0.7357062697410583,0.6386361718177795,0.8737779259681702,1.1116684675216675,2.566744804382324,2.6326305866241455,2.314157247543335,1.9988003969192505,1.8492107391357422,1.4789859056472778,1.3065863847732544,0.9194843769073486,0.8922712206840515,0.6691722273826599,0.38420718908309937,0.0,0.38371792435646057,0.6542506217956543,1.0071144104003906,2.5874364376068115,2.6780636310577393,2.4069900512695312,2.050396203994751,1.9463976621627808,1.5840559005737305,1.4257780313491821,1.078678011894226,1.0062309503555298,0.9736388325691223,0.7982787489891052,0.5643205046653748,0.8197654485702515,0.9490566253662109,1.2413666248321533,2.732130289077759,2.8552539348602295,2.632270097732544,2.25723934173584,2.2052409648895264,1.9155396223068237,1.7890950441360474,1.542704463005066,1.434349775314331,1.4952932596206665,1.3837474584579468,1.2059942483901978,1.4712210893630981,1.5336672067642212,1.7645457983016968,3.07917857170105,3.234935760498047,3.025639533996582,2.661773681640625,2.6747660636901855,2.496899366378784,2.4324100017547607,2.3599417209625244,2.082827568054199,2.2815821170806885,2.0437028408050537,2.1822738647460938,2.0044987201690674,2.3444464206695557,2.411306142807007
B13,3.171786069869995,3.076629400253296,2.697413682937622,2.4906582832336426,2.284771680831909,2.0510780811309814,1.9071484804153442,1.6464654207229614,1.645219326019287,1.3635081052780151,1.0167438983917236,0.989567756652832,0.7453624606132507,0.9361132979393005,1.0401616096496582,2.656486749649048,2.750415802001953,2.435375928878784,2.1541671752929688,2.046349048614502,1.681606411933899,1.5693225860595703,1.2019174098968506,1.2437680959701538,1.0057837963104248,0.6778016090393066,0.38371792435646057,0.0,0.39154312014579773,0.6818727850914001,2.6054577827453613,2.734466791152954,2.4623804092407227,2.135622501373291,2.0706381797790527,1.6954843997955322,1.5895733833312988,1.2278083562850952,1.2380040884017944,1.1453231573104858,0.8908340930938721,0.5346369743347168,0.5893718600273132,0.6589497327804565,0.889812171459198,2.7023439407348633,2.866295576095581,2.6385605335235596,2.281630516052246,2.2668144702911377,1.9511817693710327,1.8699294328689575,1.5916892290115356,1.55107581615448,1.5690183639526367,1.393811583518982,1.1243064403533936,1.3023443222045898,1.31503427028656,1.4842909574508667,3.012298822402954,3.2083940505981445,3.0063107013702393,2.6474995613098145,2.6974668502807617,2.4964427947998047,2.4685146808624268,2.371272325515747,2.1304984092712402,2.3542563915252686,2.1331961154937744,2.2443177700042725,2.0538580417633057,2.404834032058716,2.4300613403320312
