,A1,A2,A3,A4,A5,A6,A7,A8,A9,A10,A11,A12,A13,A14,A15,B1,B2,B3,B4,B5,B6,B7,B8,B9,B10,B11,B12,B13,B14,B15,C1,C2,C3,C4,C5,C6,C7,C8,C9,C10,C11,C12,C13,C14,C15,D1,D2,D3,D4,D5,D6,D7,D8,D9,D10,D11,D12,D13,D14,D15,E1,E2,E3,E4,E5,E6,E7,E8,E9,E10,E11,E12,E13,E14,E15
A1,0.0,0.3825702667236328,0.544666051864624,0.9094639420509338,1.154388427734375,1.4828764200210571,1.7684918642044067,2.1041529178619385,2.3411645889282227,2.6406073570251465,2.881772041320801,3.032968044281006,3.26888108253479,3.137866497039795,3.4094231128692627,2.1207895278930664,1.8528127670288086,1.7789645195007324,1.618042230606079,1.5672719478607178,1.770516276359558,1.8303312063217163,2.1703248023986816,2.296867847442627,2.5859105587005615,2.963651657104492,3.144721031188965,3.45047664642334,3.3579280376434326,3.6581223011016846,2.7144579887390137,2.5418853759765625,2.5053067207336426,2.305894136428833,2.2095463275909424,2.3808963298797607,2.3795576095581055,2.670595407485962,2.663087844848633,2.9725282192230225,3.2836039066314697,3.3630928993225098,3.6869914531707764,3.609504222869873,3.9210128784179688,3.1873295307159424,3.065218210220337,3.0299718379974365,2.8394975662231445,2.744518995285034,2.928062915802002,2.8860983848571777,3.1682324409484863,3.081681489944458,3.389220714569092,3.6263482570648193,3.6759414672851562,4.011590957641602,3.926379680633545,4.247682571411133,3.625206708908081,3.5593860149383545,3.42691707611084,3.2148537635803223,3.114973306655884,3.236445426940918,3.117932081222534,3.3345205783843994,3.151031970977783,3.3672168254852295,3.5059282779693604,3.5525999069213867,3.7907700538635254,3.806865692138672,4.171828746795654
A2,0.3825702667236328,0.0,0.3937755227088928,0.6530519127845764,0.9341181516647339,1.2631045579910278,1.557742714881897,1.914414644241333,2.15433669090271,2.484372138977051,2.7434680461883545,2.9351937770843506,3.196037769317627,3.106661796569824,3.4070138931274414,2.3054561614990234,2.0428099632263184,1.9024471044540405,1.7249910831451416,1.5888473987579346,1.788255214691162,1.7737276554107666,2.1171672344207764,2.193291425704956,2.4439492225646973,2.824633836746216,3.0358033180236816,3.3598098754882812,3.3072409629821777,3.632612466812134,2.8301782608032227,2.6443145275115967,2.5550663471221924,2.338716745376587,2.18169903755188,2.3431003093719482,2.2870845794677734,2.5784459114074707,2.5320088863372803,2.809263229370117,3.1263437271118164,3.236736297607422,3.578153610229492,3.5381217002868652,3.8726563453674316,3.2618439197540283,3.125793695449829,3.045504093170166,2.832427501678467,2.6880111694335938,2.8549153804779053,2.768289566040039,3.043262004852295,2.9284212589263916,3.2113723754882812,3.456592082977295,3.535137891769409,3.8860998153686523,3.8362417221069336,4.177917957305908,3.6732256412506104,3.5941975116729736,3.4236936569213867,3.1821470260620117,3.0412495136260986,3.1297285556793213,2.96884822845459,3.1617467403411865,2.9540224075317383,3.1351871490478516,3.2787721157073975,3.294891834259033,3.5404770374298096,3.5341691970825195,3.8998820781707764
A3,0.544666051864624,0.3937755227088928,0.0,0.38796284794807434,0.621440052986145,0.9389329552650452,1.2382398843765259,1.574994444847107,1.8318625688552856,2.1424272060394287,2.410505771636963,2.5832622051239014,2.851053476333618,2.762723445892334,3.07020902633667,2.2206945419311523,2.0128445625305176,1.8497241735458374,1.6001183986663818,1.4473611116409302,1.5707695484161377,1.5234180688858032,1.8344907760620117,1.8874168395996094,2.1602303981781006,2.540496826171875,2.725253105163574,3.054314613342285,3.003188133239746,3.3311455249786377,2.791400194168091,2.6544501781463623,2.547757387161255,2.2816731929779053,2.123476028442383,2.2247560024261475,2.1456429958343506,2.3960554599761963,2.3193039894104004,2.601161003112793,2.8939321041107178,2.9731602668762207,3.3128950595855713,3.2732131481170654,3.6062941551208496,3.2448830604553223,3.152238130569458,3.0623109340667725,2.8120107650756836,2.6732587814331055,2.7938647270202637,2.691080331802368,2.929377794265747,2.7848541736602783,3.0575058460235596,3.270918130874634,3.3192217350006104,3.667621374130249,3.614448070526123,3.9487693309783936,3.677096366882324,3.638118267059326,3.470456123352051,3.2050161361694336,3.0842292308807373,3.138806104660034,2.976550579071045,3.1364223957061768,2.8991637229919434,3.0787553787231445,3.175992488861084,3.184847831726074,3.396573066711426,3.3800761699676514,3.732788562774658
A4,0.9094639420509338,0.6530519127845764,0.38796284794807434,0.0,0.39379581809043884,0.6292250156402588,0.9755592346191406,1.3116984367370605,1.6004359722137451,1.9300363063812256,2.2324442863464355,2.4351062774658203,2.736846685409546,2.697601556777954,3.0356626510620117,2.493773937225342,2.311289072036743,2.105320453643799,1.8289679288864136,1.6143442392349243,1.6882487535476685,1.550886869430542,1.8253451585769653,1.797454833984375,2.0320608615875244,2.407421827316284,2.6031782627105713,2.9531407356262207,2.9481472969055176,3.299093246459961,3.025078773498535,2.897305965423584,2.748417377471924,2.4572927951812744,2.2529568672180176,2.3150150775909424,2.173236846923828,2.3929941654205322,2.25555419921875,2.4955179691314697,2.7731919288635254,2.865177869796753,3.2193360328674316,3.2215569019317627,3.573227643966675,3.4497318267822266,3.3625648021698,3.235379219055176,2.957038640975952,2.780219078063965,2.8632214069366455,2.7109925746917725,2.918329954147339,2.7289373874664307,2.9622766971588135,3.1622495651245117,3.2238426208496094,3.5839321613311768,3.5675816535949707,3.9148106575012207,3.8639092445373535,3.8285984992980957,3.6329329013824463,3.3377225399017334,3.1898245811462402,3.199657917022705,2.9975130558013916,3.114840507507324,2.8400449752807617,2.974182605743408,3.0499162673950195,3.0145256519317627,3.212101697921753,3.157026767730713,3.4990458488464355
A5,1.154388427734375,0.9341181516647339,0.621440052986145,0.39379581809043884,0.0,0.3858327567577362,0.625016450881958,0.9822214245796204,1.2316858768463135,1.5648472309112549,1.851305603981018,2.063457489013672,2.361098289489746,2.3327419757843018,2.6775197982788086,2.3447318077087402,2.2077341079711914,1.9585214853286743,1.6489720344543457,1.3907989263534546,1.406730055809021,1.2130147218704224,1.4619219303131104,1.4094489812850952,1.6387929916381836,2.0138676166534424,2.2115206718444824,2.5622236728668213,2.565972089767456,2.923123598098755,2.8409125804901123,2.745025396347046,2.5635886192321777,2.239860773086548,2.018432855606079,2.0298514366149902,1.8579685688018799,2.045452833175659,1.8853403329849243,2.1225709915161133,2.3896195888519287,2.473665952682495,2.8279244899749756,2.836247205734253,3.191636562347412,3.249175548553467,3.1904819011688232,3.0412042140960693,2.7331631183624268,2.5502960681915283,2.5910067558288574,2.4207921028137207,2.5972647666931152,2.3886895179748535,2.6136415004730225,2.795905113220215,2.8441529273986816,3.2026114463806152,3.1890459060668945,3.535919427871704,3.6594202518463135,3.6509644985198975,3.448331594467163,3.1307613849639893,2.9929568767547607,2.9684040546417236,2.7647690773010254,2.8524744510650635,2.5601558685302734,2.6968002319335938,2.738664388656616,2.7097959518432617,2.885237455368042,2.839348316192627,3.1760976314544678
A6,1.4828764200210571,1.2631045579910278,0.9389329552650452,0.6292250156402588,0.3858327567577362,0.0,0.40474677085876465,0.6935985684394836,1.0214214324951172,1.3408911228179932,1.675315499305725,1.8892040252685547,2.222407579421997,2.238248109817505,2.6057796478271484,2.6302452087402344,2.528749704360962,2.272836923599243,1.9375860691070557,1.672621250152588,1.6163456439971924,1.3655210733413696,1.5286723375320435,1.383742332458496,1.5844870805740356,1.9368990659713745,2.1101155281066895,2.4758052825927734,2.518568515777588,2.8865365982055664,3.1289634704589844,3.060145616531372,2.8625223636627197,2.517653226852417,2.2858078479766846,2.2460639476776123,2.0337347984313965,2.1624510288238525,1.9422063827514648,2.136164903640747,2.359832286834717,2.424837112426758,2.780799150466919,2.8221628665924072,3.1819353103637695,3.52983021736145,3.493297815322876,3.3282999992370605,2.999232530593872,2.8058559894561768,2.8034329414367676,2.6012492179870605,2.730348825454712,2.478557586669922,2.658046245574951,2.801704168319702,2.83669376373291,3.194622039794922,3.2065937519073486,3.5503344535827637,3.9358489513397217,3.9460842609405518,3.7355053424835205,3.4002366065979004,3.2595269680023193,3.197544813156128,2.9745254516601562,3.017258882522583,2.6927554607391357,2.789095401763916,2.786341667175293,2.7152798175811768,2.8515784740448,2.762589693069458,3.073338270187378
A7,1.7684918642044067,1.557742714881897,1.2382398843765259,0.9755592346191406,0.625016450881958,0.40474677085876465,0.0,0.38069948554039,0.6295777559280396,0.9741708040237427,1.293215274810791,1.5382494926452637,1.8715307712554932,1.918245792388916,2.296316385269165,2.5785562992095947,2.5204904079437256,2.2281198501586914,1.8834867477416992,1.584984302520752,1.468709945678711,1.1523873805999756,1.2484471797943115,1.0387921333312988,1.1990212202072144,1.5420509576797485,1.7253280878067017,2.0950300693511963,2.163135051727295,2.541226625442505,3.0126023292541504,2.9726526737213135,2.7416207790374756,2.3760719299316406,2.126642942428589,2.0306034088134766,1.7797372341156006,1.8571724891662598,1.5988459587097168,1.7680214643478394,1.9712058305740356,2.0332298278808594,2.391139268875122,2.451777696609497,2.8184080123901367,3.379002094268799,3.3677542209625244,3.1775074005126953,2.824282169342041,2.62168550491333,2.5701756477355957,2.344278335571289,2.429927349090576,2.15283203125,2.3086931705474854,2.428079605102539,2.453131675720215,2.8095638751983643,2.8345837593078613,3.179785966873169,3.7676329612731934,3.80104660987854,3.5811679363250732,3.2261548042297363,3.0918989181518555,2.9898791313171387,2.763211250305176,2.766788959503174,2.4252092838287354,2.5128352642059326,2.4689671993255615,2.3986356258392334,2.505624532699585,2.4228577613830566,2.7242205142974854
A8,2.1041529178619385,1.914414644241333,1.574994444847107,1.3116984367370605,0.9822214245796204,0.6935985684394836,0.38069948554039,0.0,0.401305228471756,0.6687565445899963,1.0347870588302612,1.2632505893707275,1.6249607801437378,1.7163915634155273,2.107443332672119,2.7762129306793213,2.762392044067383,2.4714243412017822,2.1092662811279297,1.825393557548523,1.6406223773956299,1.3063610792160034,1.2896647453308105,0.9984030723571777,1.1208040714263916,1.408767819404602,1.537225604057312,1.90937340259552,2.0103230476379395,2.387389659881592,3.2090866565704346,3.206815719604492,2.9689877033233643,2.587216377258301,2.348021984100342,2.197997808456421,1.9308111667633057,1.9342801570892334,1.6345831155776978,1.7610161304473877,1.8961663246154785,1.912487268447876,2.2556350231170654,2.3391590118408203,2.6969027519226074,3.5690793991088867,3.5907554626464844,3.3947091102600098,3.025743246078491,2.8314051628112793,2.734729766845703,2.4961299896240234,2.5258755683898926,2.2200262546539307,2.3316259384155273,2.394111394882202,2.3831002712249756,2.723767042160034,2.7617154121398926,3.089815616607666,3.955484628677368,4.01802921295166,3.8021557331085205,3.4376349449157715,3.3187460899353027,3.186004400253296,2.961285352706909,2.924278497695923,2.566650867462158,2.6307716369628906,2.5301055908203125,2.438594102859497,2.4882185459136963,2.3798835277557373,2.6421520709991455
A9,2.3411645889282227,2.15433669090271,1.8318625688552856,1.6004359722137451,1.2316858768463135,1.0214214324951172,0.6295777559280396,0.401305228471756,0.0,0.38555312156677246,0.6918339133262634,0.9887822270393372,1.3347684144973755,1.466643214225769,1.8598017692565918,2.7274010181427,2.7473342418670654,2.4294705390930176,2.0807454586029053,1.7787514925003052,1.5594145059585571,1.1922527551651,1.0956608057022095,0.7390398979187012,0.7608088254928589,1.0206040143966675,1.1734262704849243,1.5489718914031982,1.683017373085022,2.070197582244873,3.0763204097747803,3.0963692665100098,2.8306000232696533,2.443159580230713,2.1932663917541504,1.9952962398529053,1.6994904279708862,1.644271731376648,1.311482548713684,1.3987232446670532,1.505569577217102,1.522179126739502,1.8683040142059326,1.975037693977356,2.341249704360962,3.3907861709594727,3.4323885440826416,3.2142229080200195,2.831125259399414,2.6312403678894043,2.489234685897827,2.2335808277130127,2.217078447341919,1.893269658088684,1.9774668216705322,2.0132222175598145,1.9924027919769287,2.330587863922119,2.382709503173828,2.7138798236846924,3.751060962677002,3.831777572631836,3.6087753772735596,3.2319235801696777,3.1206867694854736,2.9528934955596924,2.7312557697296143,2.658080577850342,2.2947998046875,2.3534622192382812,2.2127091884613037,2.13261342048645,2.1512370109558105,2.063229560852051,2.3162765502929688
A10,2.6406073570251465,2.484372138977051,2.1424272060394287,1.9300363063812256,1.5648472309112549,1.3408911228179932,0.9741708040237427,0.6687565445899963,0.38555312156677246,0.0,0.3892352283000946,0.6410988569259644,1.0110217332839966,1.1904529333114624,1.5856539011001587,2.844740629196167,2.9126572608947754,2.606755495071411,2.2496137619018555,1.9804463386535645,1.7043724060058594,1.3602735996246338,1.157407283782959,0.7813616394996643,0.76866614818573,0.9079599380493164,0.9450177550315857,1.3057981729507446,1.4610148668289185,1.8336726427078247,3.1920430660247803,3.2557761669158936,2.9951398372650146,2.5994107723236084,2.379148483276367,2.1340506076812744,1.8516842126846313,1.7220537662506104,1.3856384754180908,1.4424808025360107,1.457189917564392,1.389207124710083,1.6962729692459106,1.8072469234466553,2.148314952850342,3.502852439880371,3.5836522579193115,3.3716795444488525,2.981666326522827,2.807943820953369,2.627596378326416,2.3826661109924316,2.3129003047943115,1.985080599784851,2.0362091064453125,2.0027365684509277,1.9193923473358154,2.2221081256866455,2.266998767852783,2.564659357070923,3.8634488582611084,3.979311466217041,3.7724132537841797,3.3968796730041504,3.3160560131073,3.13077712059021,2.931438684463501,2.8317601680755615,2.4737966060638428,2.531062364578247,2.3380966186523438,2.2654049396514893,2.2221994400024414,2.1365396976470947,2.340735912322998
A11,2.881772041320801,2.7434680461883545,2.410505771636963,2.2324442863464355,1.851305603981018,1.675315499305725,1.293215274810791,1.0347870588302612,0.6918339133262634,0.3892352283000946,0.0,0.3804328739643097,0.6874435544013977,0.9197139739990234,1.298743724822998,2.8073389530181885,2.9163389205932617,2.6046953201293945,2.2668797969818115,2.0117251873016357,1.7055548429489136,1.3809030055999756,1.0957486629486084,0.7387270927429199,0.6202141642570496,0.6076574921607971,0.568257212638855,0.9212368130683899,1.1076911687850952,1.4793283939361572,3.0846221446990967,3.1820623874664307,2.9113316535949707,2.5184457302093506,2.314828395843506,2.024017572402954,1.7475383281707764,1.5447596311569214,1.2136706113815308,1.2349541187286377,1.175409197807312,1.0450266599655151,1.325999140739441,1.4432729482650757,1.776483178138733,3.3575894832611084,3.4692091941833496,3.2509818077087402,2.856626510620117,2.7000961303710938,2.4773223400115967,2.240443706512451,2.1179087162017822,1.795218825340271,1.8223350048065186,1.7367947101593018,1.6037663221359253,1.8796517848968506,1.9169174432754517,2.197815179824829,3.697214126586914,3.8409688472747803,3.642286777496338,3.266977071762085,3.211939811706543,3.003934144973755,2.829251289367676,2.7034127712249756,2.360861301422119,2.4288673400878906,2.1946871280670166,2.156677007675171,2.071281909942627,2.0280604362487793,2.206127405166626
A12,3.032968044281006,2.9351937770843506,2.5832622051239014,2.4351062774658203,2.063457489013672,1.8892040252685547,1.5382494926452637,1.2632505893707275,0.9887822270393372,0.6410988569259644,0.3804328739643097,0.0,0.38421595096588135,0.6235068440437317,0.9967430233955383,2.816862106323242,2.96633243560791,2.685100793838501,2.339609384536743,2.135679244995117,1.7916542291641235,1.5216212272644043,1.1890844106674194,0.9061935544013977,0.8825222849845886,0.8144611716270447,0.5840003490447998,0.8395501375198364,0.9639694094657898,1.2880395650863647,3.129544496536255,3.266981601715088,3.023313283920288,2.6290476322174072,2.473386526107788,2.164172887802124,1.9353092908859253,1.7055872678756714,1.427409291267395,1.4806640148162842,1.375908374786377,1.148682951927185,1.3480124473571777,1.4053213596343994,1.6801860332489014,3.4248158931732178,3.5720953941345215,3.381002902984619,2.992663860321045,2.878875970840454,2.6491897106170654,2.4507381916046143,2.3143985271453857,2.022503137588501,2.0612847805023193,1.9384891986846924,1.7393313646316528,1.9608021974563599,1.9477953910827637,2.173290729522705,3.7822093963623047,3.957714080810547,3.789259433746338,3.429750442504883,3.4135448932647705,3.218353509902954,3.079345226287842,2.962789297103882,2.6425468921661377,2.7363638877868652,2.490205764770508,2.479618787765503,2.3722522258758545,2.3482420444488525,2.498426675796509
A13,3.26888108253479,3.196037769317627,2.851053476333618,2.736846685409546,2.361098289489746,2.222407579421997,1.8715307712554932,1.6249607801437378,1.3347684144973755,1.0110217332839966,0.6874435544013977,0.38421595096588135,0.0,0.3748798966407776,0.6718645691871643,2.795607566833496,2.988206624984741,2.7195043563842773,2.397972583770752,2.229081630706787,1.86788010597229,1.6482717990875244,1.2759543657302856,1.0790424346923828,1.035399079322815,0.8657069206237793,0.5132706165313721,0.5875237584114075,0.6632593870162964,0.9348532557487488,3.055905818939209,3.2325587272644043,2.9965851306915283,2.6142845153808594,2.495271682739258,2.156456232070923,1.9639819860458374,1.6839176416397095,1.4600807428359985,1.5056273937225342,1.3426291942596436,1.0347415208816528,1.1370863914489746,1.1437349319458008,1.3627369403839111,3.324352741241455,3.5076253414154053,3.3264036178588867,2.9453628063201904,2.8658721446990967,2.609008550643921,2.4415664672851562,2.2681517601013184,2.0101938247680664,2.042825937271118,1.87606680393219,1.6144654750823975,1.7743326425552368,1.718361496925354,1.8927490711212158,3.6676411628723145,3.875396728515625,3.728543281555176,3.3820459842681885,3.4024770259857178,3.201639413833618,3.1003148555755615,2.975266695022583,2.6857502460479736,2.8011162281036377,2.533599615097046,2.56536602973938,2.431624174118042,2.4532358646392822,2.578723192214966
A14,3.137866497039795,3.106661796569824,2.762723445892334,2.697601556777954,2.3327419757843018,2.238248109817505,1.918245792388916,1.7163915634155273,1.466643214225769,1.1904529333114624,0.9197139739990234,0.6235068440437317,0.3748798966407776,0.0,0.39674749970436096,2.510373115539551,2.728175163269043,2.488948106765747,2.171247720718384,2.052910327911377,1.6763739585876465,1.5239914655685425,1.1467162370681763,1.0587022304534912,1.1227636337280273,1.0264965295791626,0.7110888361930847,0.7398208379745483,0.6012813448905945,0.8190611600875854,2.807647943496704,3.0074706077575684,2.803663492202759,2.4257049560546875,2.3546392917633057,2.0209739208221436,1.887845516204834,1.6265106201171875,1.4763401746749878,1.6044827699661255,1.4915754795074463,1.1770758628845215,1.259389042854309,1.1502918004989624,1.3287241458892822,3.110365152359009,3.312154531478882,3.1645398139953613,2.7968077659606934,2.7599921226501465,2.5247199535369873,2.406791925430298,2.264286994934082,2.0538346767425537,2.148310422897339,2.0120763778686523,1.7352725267410278,1.8818987607955933,1.7509163618087769,1.9011826515197754,3.4818572998046875,3.7047178745269775,3.588340997695923,3.2636332511901855,3.3180642127990723,3.152989149093628,3.089370012283325,3.0048959255218506,2.7446985244750977,2.9097859859466553,2.6723833084106445,2.747577428817749,2.647130012512207,2.7044222354888916,2.8576691150665283
A15,3.4094231128692627,3.4070138931274414,3.07020902633667,3.0356626510620117,2.6775197982788086,2.6057796478271484,2.296316385269165,2.107443332672119,1.8598017692565918,1.5856539011001587,1.298743724822998,0.9967430233955383,0.6718645691871643,0.39674749970436096,0.0,2.549482822418213,2.8114006519317627,2.6027588844299316,2.3162436485290527,2.2483224868774414,1.8720333576202393,1.7836979627609253,1.409602403640747,1.3960233926773071,1.4536148309707642,1.3164935111999512,0.9876382946968079,0.864270806312561,0.6158062219619751,0.6143772006034851,2.807617425918579,3.0503323078155518,2.8706326484680176,2.5157277584075928,2.494652271270752,2.1500885486602783,2.0694665908813477,1.7857475280761719,1.7028459310531616,1.8282113075256348,1.6847518682479858,1.336092233657837,1.3121267557144165,1.1240849494934082,1.1817327737808228,3.091273307800293,3.3320815563201904,3.208371877670288,2.859955310821533,2.8681328296661377,2.620675563812256,2.546046257019043,2.3824939727783203,2.2185933589935303,2.3133764266967773,2.14955735206604,1.8298468589782715,1.9029841423034668,1.7151590585708618,1.7843801975250244,3.452582359313965,3.709833860397339,3.625990152359009,3.3256232738494873,3.421947956085205,3.2638168334960938,3.2424676418304443,3.160315752029419,2.935832977294922,3.1213555335998535,2.875443696975708,2.984787940979004,2.8683018684387207,2.958268165588379,3.0906565189361572
B1,2.1207895278930664,2.3054561614990234,2.2206945419311523,2.493773937225342,2.3447318077087402,2.6302452087402344,2.5785562992095947,2.7762129306793213,2.7274010181427,2.844740629196167,2.8073389530181885,2.816862106323242,2.795607566833496,2.510373115539551,2.549482822418213,0.0,0.38315361738204956,0.5436301827430725,0.7168166041374207,1.0737980604171753,1.174347996711731,1.5577638149261475,1.7255939245224,2.1096181869506836,2.373213052749634,2.593749523162842,2.6706719398498535,2.7658798694610596,2.490173578262329,2.5951645374298096,0.8417952656745911,0.9479343891143799,1.0901051759719849,0.9803910255432129,1.274617314338684,1.3673222064971924,1.6794570684432983,1.8661408424377441,2.13828706741333,2.510563611984253,2.748500347137451,2.7174289226531982,2.86885666847229,2.6051557064056396,2.747366189956665,1.4392904043197632,1.5296822786331177,1.6532988548278809,1.5332597494125366,1.7359769344329834,1.8768008947372437,2.0860586166381836,2.3106236457824707,2.431020498275757,2.810861110687256,2.9826595783233643,2.901771068572998,3.086778402328491,2.826303482055664,3.0084497928619385,1.968009352684021,2.0837812423706055,2.1299335956573486,2.0238287448883057,2.197614908218384,2.3730597496032715,2.5102999210357666,2.754615545272827,2.7374484539031982,3.114992618560791,3.185421943664551,3.4361391067504883,3.6025593280792236,3.8044309616088867,4.1274213790893555
B2,1.8528127670288086,2.0428099632263184,2.0128445625305176,2.311289072036743,2.2077341079711914,2.528749704360962,2.5204904079437256,2.762392044067383,2.7473342418670654,2.9126572608947754,2.9163389205932617,2.96633243560791,2.988206624984741,2.728175163269043,2.8114006519317627,0.38315361738204956,0.0,0.3881196081638336,0.6671581864356995,1.0043246746063232,1.2176625728607178,1.5837167501449585,1.8254427909851074,2.1914782524108887,2.456367254257202,2.7139997482299805,2.832385778427124,2.965711832046509,2.7212064266204834,2.8657219409942627,0.9637706279754639,0.9096457958221436,1.060343861579895,0.9911127090454102,1.2349536418914795,1.4199163913726807,1.7113264799118042,1.963244915008545,2.2178449630737305,2.589118719100952,2.8640897274017334,2.875389814376831,3.062252998352051,2.8301589488983154,3.008260726928711,1.5295320749282837,1.5229486227035522,1.6397444009780884,1.543936014175415,1.7034035921096802,1.9069089889526367,2.100069284439087,2.374026298522949,2.4892256259918213,2.8766634464263916,3.0863656997680664,3.0484330654144287,3.263810634613037,3.033987283706665,3.2494258880615234,2.036247968673706,2.0800013542175293,2.0985841751098633,1.9971929788589478,2.12298846244812,2.3319873809814453,2.444784164428711,2.72121262550354,2.7054200172424316,3.0761942863464355,3.1885340213775635,3.424999713897705,3.625948667526245,3.8154051303863525,4.157731056213379
B3,1.7789645195007324,1.9024471044540405,1.8497241735458374,2.105320453643799,1.9585214853286743,2.272836923599243,2.2281198501586914,2.4714243412017822,2.4294705390930176,2.606755495071411,2.6046953201293945,2.685100793838501,2.7195043563842773,2.488948106765747,2.6027588844299316,0.5436301827430725,0.3881196081638336,0.0,0.39578354358673096,0.6599068641662598,0.9092627763748169,1.2536718845367432,1.5134329795837402,1.871712565422058,2.11297345161438,2.374462127685547,2.520934581756592,2.668623447418213,2.451892375946045,2.6280405521392822,0.9512815475463867,0.8787872791290283,0.878369927406311,0.6976884007453918,0.8779245018959045,1.062178611755371,1.3335740566253662,1.6040124893188477,1.8507534265518188,2.218294382095337,2.506066083908081,2.540722370147705,2.746194839477539,2.5398104190826416,2.7490451335906982,1.4681484699249268,1.4522861242294312,1.4792619943618774,1.306462049484253,1.4073923826217651,1.589675784111023,1.7472434043884277,2.023594856262207,2.119523763656616,2.5061750411987305,2.724942445755005,2.704663038253784,2.9388132095336914,2.7333295345306396,2.977407932281494,1.960803747177124,2.001103162765503,1.9558438062667847,1.7870653867721558,1.8740994930267334,2.041191577911377,2.1197049617767334,2.377626419067383,2.337675094604492,2.702458620071411,2.8094093799591064,3.039525270462036,3.2416536808013916,3.4284262657165527,3.7726311683654785
B4,1.618042230606079,1.7249910831451416,1.6001183986663818,1.8289679288864136,1.6489720344543457,1.9375860691070557,1.8834867477416992,2.1092662811279297,2.0807454586029053,2.2496137619018555,2.2668797969818115,2.339609384536743,2.397972583770752,2.171247720718384,2.3162436485290527,0.7168166041374207,0.6671581864356995,0.39578354358673096,0.0,0.38193169236183167,0.5628294944763184,0.9216684699058533,1.185535192489624,1.5369760990142822,1.8148444890975952,2.0971808433532715,2.228766918182373,2.404813766479492,2.1984941959381104,2.404330015182495,1.254480004310608,1.241436243057251,1.1751582622528076,0.8826462030410767,0.9564923048019409,1.0359801054000854,1.2256132364273071,1.464078664779663,1.6481542587280273,2.029230833053589,2.305406332015991,2.316952705383301,2.5447018146514893,2.352993965148926,2.586564064025879,1.7660140991210938,1.784986138343811,1.7644251585006714,1.5235040187835693,1.5670921802520752,1.6800868511199951,1.766502857208252,2.004040241241455,2.0306553840637207,2.401860475540161,2.5956976413726807,2.5558056831359863,2.8103904724121094,2.6189558506011963,2.876753807067871,2.2580325603485107,2.3230814933776855,2.249202013015747,2.030217409133911,2.086652994155884,2.1917035579681396,2.2171647548675537,2.427337169647217,2.32322096824646,2.6623778343200684,2.7300994396209717,2.9260358810424805,3.1050286293029785,3.2601521015167236,3.5990002155303955
B5,1.5672719478607178,1.5888473987579346,1.4473611116409302,1.6143442392349243,1.3907989263534546,1.672621250152588,1.584984302520752,1.825393557548523,1.7787514925003052,1.9804463386535645,2.0117251873016357,2.135679244995117,2.229081630706787,2.052910327911377,2.2483224868774414,1.0737980604171753,1.0043246746063232,0.6599068641662598,0.38193169236183167,0.0,0.3825432062149048,0.6315211057662964,0.9606258869171143,1.2733948230743408,1.5234297513961792,1.8286182880401611,2.006451368331909,2.2168056964874268,2.0616295337677,2.3153319358825684,1.4568508863449097,1.4097037315368652,1.2430058717727661,0.8988556861877441,0.8129547238349915,0.8662527799606323,0.9538707733154297,1.2223289012908936,1.3568381071090698,1.7285526990890503,2.028440237045288,2.0792171955108643,2.3425698280334473,2.198883295059204,2.4767255783081055,1.8882862329483032,1.880721092224121,1.7833651304244995,1.490356683731079,1.4423363208770752,1.5247960090637207,1.5364458560943604,1.7734652757644653,1.7533559799194336,2.1140010356903076,2.3234786987304688,2.3161633014678955,2.60258412361145,2.4551000595092773,2.7507858276367188,2.338679313659668,2.3830697536468506,2.2495176792144775,1.976213812828064,1.9715449810028076,2.025817632675171,1.9914565086364746,2.173283338546753,2.026932954788208,2.343205690383911,2.4095406532287598,2.581948757171631,2.76865291595459,2.907731294631958,3.253636360168457
B6,1.770516276359558,1.788255214691162,1.5707695484161377,1.6882487535476685,1.406730055809021,1.6163456439971924,1.468709945678711,1.6406223773956299,1.5594145059585571,1.7043724060058594,1.7055548429489136,1.7916542291641235,1.86788010597229,1.6763739585876465,1.8720333576202393,1.174347996711731,1.2176625728607178,0.9092627763748169,0.5628294944763184,0.3825432062149048,0.0,0.38615909218788147,0.6257374286651611,0.9752984046936035,1.2611920833587646,1.5506339073181152,1.6833016872406006,1.8882663249969482,1.7181681394577026,1.9744179248809814,1.5882724523544312,1.626359462738037,1.4509888887405396,1.0673936605453491,0.9963754415512085,0.8944982290267944,0.9294488430023193,1.0850051641464233,1.1792901754379272,1.562282681465149,1.817284107208252,1.8125801086425781,2.0670268535614014,1.911539077758789,2.186694860458374,2.0194814205169678,2.076655387878418,1.970920443534851,1.6443746089935303,1.6080920696258545,1.6034660339355469,1.587451457977295,1.7473775148391724,1.6836965084075928,2.0207324028015137,2.17655348777771,2.117922782897949,2.3952865600585938,2.2361185550689697,2.5191268920898438,2.4746923446655273,2.5709292888641357,2.446091651916504,2.1553382873535156,2.1745615005493164,2.1768758296966553,2.139225959777832,2.264700174331665,2.0848655700683594,2.385169744491577,2.3874564170837402,2.549295425415039,2.687075138092041,2.816329002380371,3.1393792629241943
B7,1.8303312063217163,1.7737276554107666,1.5234180688858032,1.550886869430542,1.2130147218704224,1.3655210733413696,1.1523873805999756,1.3063610792160034,1.1922527551651,1.3602735996246338,1.3809030055999756,1.5216212272644043,1.6482717990875244,1.5239914655685425,1.7836979627609253,1.5577638149261475,1.5837167501449585,1.2536718845367432,0.9216684699058533,0.6315211057662964,0.38615909218788147,0.0,0.3860984444618225,0.6436818838119507,0.9206458926200867,1.2481482028961182,1.4214273691177368,1.6772111654281616,1.576146125793457,1.888503909111023,1.9049721956253052,1.9271749258041382,1.699731469154358,1.306603193283081,1.1339647769927979,0.9795506596565247,0.8557217121124268,0.9668550491333008,0.9353312253952026,1.2961175441741943,1.5549495220184326,1.5744572877883911,1.8720314502716064,1.7797409296035767,2.1010353565216064,2.277585744857788,2.3224680423736572,2.164109468460083,1.8063077926635742,1.697145938873291,1.6414676904678345,1.5353518724441528,1.6547811031341553,1.5106476545333862,1.8087959289550781,1.9553911685943604,1.916011095046997,2.2264809608459473,2.120978355407715,2.4364469051361084,2.694222927093506,2.780388593673706,2.6129751205444336,2.2830069065093994,2.2521450519561768,2.1947824954986572,2.0945730209350586,2.166041612625122,1.9272485971450806,2.181082010269165,2.154426097869873,2.2729032039642334,2.397270441055298,2.4936623573303223,2.814859628677368
B8,2.1703248023986816,2.1171672344207764,1.8344907760620117,1.8253451585769653,1.4619219303131104,1.5286723375320435,1.2484471797943115,1.2896647453308105,1.0956608057022095,1.157407283782959,1.0957486629486084,1.1890844106674194,1.2759543657302856,1.1467162370681763,1.409602403640747,1.7255939245224,1.8254427909851074,1.5134329795837402,1.185535192489624,0.9606258869171143,0.6257374286651611,0.3860984444618225,0.0,0.3899761438369751,0.6835051774978638,0.9569886922836304,1.0696911811828613,1.3116462230682373,1.2011653184890747,1.5223020315170288,2.0392906665802,2.123915195465088,1.8902308940887451,1.4894465208053589,1.3447232246398926,1.092310905456543,0.9433280825614929,0.8931136131286621,0.807205080986023,1.147666096687317,1.330418348312378,1.2765403985977173,1.5562206506729126,1.4554147720336914,1.7738749980926514,2.3856921195983887,2.483262300491333,2.318117141723633,1.9441643953323364,1.8534542322158813,1.722834587097168,1.6037585735321045,1.6335532665252686,1.4573348760604858,1.7130327224731445,1.7891783714294434,1.6875799894332886,1.9779013395309448,1.8623446226119995,2.159938097000122,2.7900869846343994,2.920893430709839,2.7631447315216064,2.425420045852661,2.4215824604034424,2.320601224899292,2.230473279953003,2.247448205947876,1.995116114616394,2.230393648147583,2.1349782943725586,2.2506656646728516,2.314375638961792,2.4105730056762695,2.6972086429595947
B9,2.296867847442627,2.193291425704956,1.8874168395996094,1.797454833984375,1.4094489812850952,1.383742332458496,1.0387921333312988,0.9984030723571777,0.7390398979187012,0.7813616394996643,0.7387270927429199,0.9061935544013977,1.0790424346923828,1.0587022304534912,1.3960233926773071,2.1096181869506836,2.1914782524108887,1.871712565422058,1.5369760990142822,1.2733948230743408,0.9752984046936035,0.6436818838119507,0.3899761438369751,0.0,0.38587871193885803,0.7098709940910339,0.8489247560501099,1.1686911582946777,1.1650786399841309,1.5364149808883667,2.411534547805786,2.4821176528930664,2.2260565757751465,1.8278671503067017,1.634354829788208,1.3783881664276123,1.1421899795532227,1.043293833732605,0.8040784597396851,1.0472503900527954,1.1884279251098633,1.1410555839538574,1.4621562957763672,1.448871374130249,1.8004934787750244,2.727854013442993,2.8144187927246094,2.619906187057495,2.2345902919769287,2.097393751144409,1.9371590614318848,1.7509231567382812,1.7342407703399658,1.4804638624191284,1.6620762348175049,1.7043321132659912,1.6143453121185303,1.9281094074249268,1.8785728216171265,2.1936800479888916,3.105198860168457,3.226783037185669,3.0415735244750977,2.6820590496063232,2.6402053833007812,2.495905637741089,2.3547539710998535,2.319153070449829,2.0162198543548584,2.1868255138397217,2.051337718963623,2.104607343673706,2.1357831954956055,2.1796140670776367,2.450404405593872
B10,2.5859105587005615,2.4439492225646973,2.1602303981781006,2.0320608615875244,1.6387929916381836,1.5844870805740356,1.1990212202072144,1.1208040714263916,0.7608088254928589,0.76866614818573,0.6202141642570496,0.8825222849845886,1.035399079322815,1.1227636337280273,1.4536148309707642,2.373213052749634,2.456367254257202,2.11297345161438,1.8148444890975952,1.5234297513961792,1.2611920833587646,0.9206458926200867,0.6835051774978638,0.38587871193885803,0.0,0.3810955882072449,0.6525248289108276,0.9846539497375488,1.0867888927459717,1.4764851331710815,2.5651347637176514,2.6318514347076416,2.337461233139038,1.952778935432434,1.7203096151351929,1.43635094165802,1.136003851890564,0.9621357917785645,0.6203780174255371,0.7375826239585876,0.8426669836044312,0.8432122468948364,1.1991056203842163,1.2702430486679077,1.6522986888885498,2.8072774410247803,2.8914401531219482,2.6569650173187256,2.2616212368011475,2.0870556831359863,1.8762431144714355,1.6369019746780396,1.5553010702133179,1.248716115951538,1.360345482826233,1.3728461265563965,1.3026200532913208,1.6356414556503296,1.6473991870880127,1.9873206615447998,3.1333189010620117,3.253100633621216,3.0403707027435303,2.660827159881592,2.5955402851104736,2.3974528312683105,2.2280163764953613,2.1322181224823,1.8048572540283203,1.929771900177002,1.7474368810653687,1.7805228233337402,1.7771339416503906,1.8189611434936523,2.0759308338165283
B11,2.963651657104492,2.824633836746216,2.540496826171875,2.407421827316284,2.0138676166534424,1.9368990659713745,1.5420509576797485,1.408767819404602,1.0206040143966675,0.9079599380493164,0.6076574921607971,0.8144611716270447,0.8657069206237793,1.0264965295791626,1.3164935111999512,2.593749523162842,2.7139997482299805,2.374462127685547,2.0971808433532715,1.8286182880401611,1.5506339073181152,1.2481482028961182,0.9569886922836304,0.7098709940910339,0.3810955882072449,0.0,0.375272274017334,0.6659018397331238,0.8609475493431091,1.2422571182250977,2.715554714202881,2.815582275390625,2.5119245052337646,2.1402175426483154,1.9249697923660278,1.600867509841919,1.3097023963928223,1.0380003452301025,0.7063091397285461,0.6705036759376526,0.5943042635917664,0.5040714740753174,0.854249119758606,0.9879984259605408,1.370919942855835,2.906538724899292,3.021770715713501,2.7758357524871826,2.380126714706421,2.216538667678833,1.951358675956726,1.7081259489059448,1.5396653413772583,1.222787857055664,1.249489426612854,1.1629605293273926,1.028559923171997,1.3339786529541016,1.372808575630188,1.6987043619155884,3.1973981857299805,3.345027446746826,3.1353094577789307,2.754737615585327,2.707054615020752,2.4705545902252197,2.314473867416382,2.1662309169769287,1.847882866859436,1.9447416067123413,1.6948485374450684,1.7315040826797485,1.6519248485565186,1.708616852760315,1.9116066694259644
B12,3.144721031188965,3.0358033180236816,2.725253105163574,2.6031782627105713,2.2115206718444824,2.1101155281066895,1.7253280878067017,1.537225604057312,1.1734262704849243,0.9450177550315857,0.568257212638855,0.5840003490447998,0.5132706165313721,0.7110888361930847,0.9876382946968079,2.6706719398498535,2.832385778427124,2.520934581756592,2.228766918182373,2.006451368331909,1.6833016872406006,1.4214273691177368,1.0696911811828613,0.8489247560501099,0.6525248289108276,0.375272274017334,0.0,0.3757641017436981,0.5945051312446594,0.970771849155426,2.831019878387451,2.973806619644165,2.6963768005371094,2.321000337600708,2.15397310256958,1.8102667331695557,1.569440484046936,1.2702733278274536,1.0047662258148193,0.999069094657898,0.8371217250823975,0.569227397441864,0.7910191416740417,0.8784826397895813,1.210099220275879,3.043464422225952,3.1974425315856934,2.977557897567749,2.587352991104126,2.4669413566589355,2.1927900314331055,1.988694667816162,1.8000597953796387,1.517446517944336,1.5358035564422607,1.3867449760437012,1.1626566648483276,1.387787938117981,1.3797194957733154,1.638479232788086,3.3501505851745605,3.532270908355713,3.352118492126465,2.9869344234466553,2.977092742919922,2.750075101852417,2.6267640590667725,2.4813480377197266,2.183933973312378,2.2900009155273438,2.02095627784729,2.0637753009796143,1.9444069862365723,1.9949320554733276,2.1503138542175293
B13,3.45047664642334,3.3598098754882812,3.054314613342285,2.9531407356262207,2.5622236728668213,2.4758052825927734,2.0950300693511963,1.90937340259552,1.5489718914031982,1.3057981729507446,0.9212368130683899,0.8395501375198364,0.5875237584114075,0.7398208379745483,0.864270806312561,2.7658798694610596,2.965711832046509,2.668623447418213,2.404813766479492,2.2168056964874268,1.8882663249969482,1.6772111654281616,1.3116462230682373,1.1686911582946777,0.9846539497375488,0.6659018397331238,0.3757641017436981,0.0,0.3765571117401123,0.6723154187202454,2.861121892929077,3.040982723236084,2.770311117172241,2.4150125980377197,2.2840232849121094,1.9173520803451538,1.7171170711517334,1.3712654113769531,1.1795964241027832,1.14106023311615,0.8968547582626343,0.5311631560325623,0.5509838461875916,0.6041112542152405,0.8782383799552917,3.0325233936309814,3.2220027446746826,3.0088069438934326,2.6303136348724365,2.5426812171936035,2.23746919631958,2.0646204948425293,1.8271352052688599,1.5871162414550781,1.5772753953933716,1.3638423681259155,1.0604296922683716,1.1893837451934814,1.1424568891525269,1.3391772508621216,3.3127310276031494,3.527200698852539,3.366729259490967,3.016021490097046,3.0409698486328125,2.802427291870117,2.7163655757904053,2.553635835647583,2.2925095558166504,2.407371997833252,2.112192153930664,2.190797805786133,2.033663034439087,2.123986005783081,2.2369964122772217
