,A1,A2,A3,A4,A5,A6,A7,A8,A9,A10,A11,A12,A13,A14,A15,B1,B2,B3,B4,B5,B6,B7,B8,B9,B10,B11,B12,B13,B14,B15,C1,C2,C3,C4,C5,C6,C7,C8,C9,C10,C11,C12,C13,C14,C15,D1,D2,D3,D4,D5,D6,D7,D8,D9,D10,D11,D12,D13,D14,D15,E1,E2,E3,E4,E5,E6,E7,E8,E9,E10,E11,E12,E13,E14,E15
A1,0.0,0.39282938838005066,0.5530329942703247,0.864003598690033,1.153990626335144,1.4255902767181396,1.769945740699768,2.0655689239501953,2.3455355167388916,2.6091384887695312,2.958503484725952,3.142122983932495,3.381227493286133,3.2272653579711914,3.3357579708099365,0.39422503113746643,0.799077570438385,0.9719019532203674,1.137453556060791,1.4390028715133667,1.7038288116455078,2.005483627319336,2.282163381576538,2.4820799827575684,2.8147568702697754,3.1334891319274902,3.19183349609375,3.429107189178467,3.245591402053833,3.3863396644592285,0.7451615929603577,1.1413390636444092,1.3519742488861084,1.4905121326446533,1.7814123630523682,2.049104690551758,2.3166725635528564,2.5849881172180176,2.7184669971466064,3.0884182453155518,3.333130359649658,3.3155505657196045,3.552680253982544,3.3985095024108887,3.556490659713745,1.102167010307312,1.446800708770752,1.741153597831726,1.8760221004486084,2.130558490753174,2.4136343002319336,2.644188404083252,2.920774221420288,3.0218136310577393,3.403390884399414,3.5745928287506104,3.5548503398895264,3.7836203575134277,3.685596227645874,3.827151298522949,1.475675344467163,1.7305153608322144,2.0979204177856445,2.262965440750122,2.4626684188842773,2.7741947174072266,2.9568400382995605,3.2594189643859863,3.2790093421936035,3.6595754623413086,3.751884937286377,3.9964406490325928,4.279485702514648,4.422966003417969,4.735950946807861
A2,0.39282938838005066,0.0,0.39346036314964294,0.6077998280525208,0.8306634426116943,1.1380515098571777,1.4485775232315063,1.7670700550079346,2.014495611190796,2.2996349334716797,2.635296106338501,2.7982358932495117,3.0442328453063965,2.88257098197937,3.0055997371673584,0.3276154398918152,0.637217104434967,0.8970719575881958,0.9942049980163574,1.215002179145813,1.4955825805664062,1.7463502883911133,2.0378472805023193,2.1926770210266113,2.5321123600006104,2.839082956314087,2.876389265060425,3.122530698776245,2.937741279602051,3.0945374965667725,0.6671459674835205,1.0155622959136963,1.2829843759536743,1.3723622560501099,1.595823049545288,1.8718723058700562,2.089623212814331,2.3656928539276123,2.4540116786956787,2.8220114707946777,3.053593158721924,3.020754337310791,3.2686541080474854,3.1194534301757812,3.29772686958313,1.0722522735595703,1.3719968795776367,1.6911733150482178,1.7861415147781372,1.9786829948425293,2.2639219760894775,2.4465749263763428,2.7238388061523438,2.78149151802063,3.156540632247925,3.313368082046509,3.286133050918579,3.530073642730713,3.4361846446990967,3.6038455963134766,1.4921777248382568,1.7086265087127686,2.061127185821533,2.191532611846924,2.3348441123962402,2.641352891921997,2.7775728702545166,3.0755538940429688,3.0553040504455566,3.4260950088500977,3.498706817626953,3.7405149936676025,4.032639980316162,4.155124664306641,4.47708797454834
A3,0.5530329942703247,0.39346036314964294,0.0,0.39180442690849304,0.644558846950531,0.8965157270431519,1.2432060241699219,1.5311115980148315,1.82172691822052,2.0671133995056152,2.4227077960968018,2.623976469039917,2.8639376163482666,2.735361337661743,2.8602256774902344,0.37869471311569214,0.624829888343811,0.703696608543396,0.684958815574646,0.9774234294891357,1.195159912109375,1.4878729581832886,1.744947910308838,1.9419981241226196,2.281322717666626,2.5922532081604004,2.6515953540802,2.884472608566284,2.7100608348846436,2.8605737686157227,0.6239825487136841,0.9828844666481018,1.1427394151687622,1.1378343105316162,1.3994616270065308,1.6152536869049072,1.8540265560150146,2.0940122604370117,2.2057294845581055,2.581418752670288,2.806002140045166,2.774697780609131,3.0033113956451416,2.846679925918579,3.007319450378418,0.9678254723548889,1.3256890773773193,1.575365424156189,1.596665620803833,1.8142902851104736,2.047783136367798,2.240745782852173,2.484164237976074,2.553426742553711,2.928806781768799,3.070472002029419,3.0270421504974365,3.246598482131958,3.13811993598938,3.281400203704834,1.3921747207641602,1.676597237586975,1.9871207475662231,2.056776285171509,2.224231243133545,2.4875876903533936,2.631507396697998,2.897920846939087,2.8744752407073975,3.244642734527588,3.300172805786133,3.5210325717926025,3.792071580886841,3.919205904006958,4.222076416015625
A4,0.864003598690033,0.6077998280525208,0.39180442690849304,0.0,0.4200943112373352,0.579871416091919,0.9537486433982849,1.2174005508422852,1.5193846225738525,1.7933293581008911,2.1515746116638184,2.324509620666504,2.539289712905884,2.3870630264282227,2.4902544021606445,0.7366199493408203,0.9010847806930542,0.9836456775665283,0.8179709315299988,1.017054796218872,1.1599717140197754,1.3875359296798706,1.6054887771606445,1.746485948562622,2.109666109085083,2.3821256160736084,2.3941922187805176,2.6024069786071777,2.3944544792175293,2.5243477821350098,0.94961017370224,1.2403109073638916,1.4018133878707886,1.3079298734664917,1.4991177320480347,1.665421962738037,1.838742733001709,2.0431010723114014,2.0912363529205322,2.468444347381592,2.646291732788086,2.564730167388916,2.773486614227295,2.5844411849975586,2.7326548099517822,1.2756915092468262,1.5948861837387085,1.8329178094863892,1.7913833856582642,1.9528104066848755,2.14920711517334,2.2849977016448975,2.495764970779419,2.5069594383239746,2.8659465312957764,2.960444450378418,2.8740487098693848,3.082829236984253,2.9441168308258057,3.088291645050049,1.7028436660766602,1.9691214561462402,2.252506971359253,2.2751657962799072,2.398416519165039,2.6320600509643555,2.7272703647613525,2.9657821655273438,2.8887369632720947,3.239593982696533,3.2504003047943115,3.444756269454956,3.707202672958374,3.7985315322875977,4.092514991760254
A5,1.153990626335144,0.8306634426116943,0.644558846950531,0.4200943112373352,0.0,0.37676143646240234,0.6236159205436707,0.9570657014846802,1.196914553642273,1.4691184759140015,1.8091176748275757,1.990302562713623,2.2416744232177734,2.118662118911743,2.2770912647247314,0.898698091506958,0.8658320903778076,0.9412646889686584,0.7107738852500916,0.7315619587898254,0.8802686333656311,1.0309247970581055,1.283679723739624,1.3878546953201294,1.744932770729065,2.0267109870910645,2.0495359897613525,2.2924888134002686,2.1202449798583984,2.3020522594451904,0.9632837772369385,1.1200230121612549,1.2769081592559814,1.1247594356536865,1.2141374349594116,1.3753567934036255,1.4898767471313477,1.7074499130249023,1.7213211059570312,2.0928876399993896,2.277416706085205,2.2088258266448975,2.4467663764953613,2.2941389083862305,2.4869720935821533,1.2223142385482788,1.4590100049972534,1.679322361946106,1.5898452997207642,1.6766574382781982,1.862355351448059,1.9482396841049194,2.1593070030212402,2.137223958969116,2.4906585216522217,2.5869057178497314,2.5138659477233887,2.7481746673583984,2.637718439102173,2.820228338241577,1.6305389404296875,1.8480678796768188,2.088294506072998,2.06618332862854,2.1323225498199463,2.346870183944702,2.398350954055786,2.626814365386963,2.520066499710083,2.861266851425171,2.8630943298339844,3.0614254474639893,3.3352715969085693,3.4201111793518066,3.7277512550354004
A6,1.4255902767181396,1.1380515098571777,0.8965157270431519,0.579871416091919,0.37676143646240234,0.0,0.4062076210975647,0.6406615972518921,0.9572319984436035,1.2173621654510498,1.5809358358383179,1.7663793563842773,1.980065941810608,1.8606849908828735,1.9919095039367676,1.216142177581787,1.2147276401519775,1.21349036693573,0.8922343254089355,0.9026781320571899,0.885947048664093,0.9891745448112488,1.1361660957336426,1.2169172763824463,1.5920315980911255,1.8308079242706299,1.8229955434799194,2.022703170776367,1.8207488059997559,1.9702717065811157,1.293265461921692,1.449528455734253,1.5429965257644653,1.3124028444290161,1.3840339183807373,1.44414484500885,1.5172522068023682,1.6559135913848877,1.6319003105163574,2.00129771232605,2.13006854057312,2.0119757652282715,2.207162857055664,2.010430335998535,2.1696255207061768,1.5164414644241333,1.7645833492279053,1.9341716766357422,1.780659794807434,1.854682445526123,1.9688384532928467,2.022097110748291,2.1718413829803467,2.1150476932525635,2.4457108974456787,2.4857611656188965,2.3585801124572754,2.556109666824341,2.4011125564575195,2.5577261447906494,1.9044339656829834,2.1475977897644043,2.3528902530670166,2.2799720764160156,2.3420915603637695,2.505073070526123,2.5340425968170166,2.71506404876709,2.573079824447632,2.8917596340179443,2.846148729324341,3.0024192333221436,3.2475199699401855,3.3058297634124756,3.5865988731384277
A7,1.769945740699768,1.4485775232315063,1.2432060241699219,0.9537486433982849,0.6236159205436707,0.4062076210975647,0.0,0.3754289746284485,0.5786756873130798,0.8589665293693542,1.201728105545044,1.3827698230743408,1.6266192197799683,1.5342247486114502,1.721299648284912,1.5153603553771973,1.4220459461212158,1.4235053062438965,1.094940423965454,0.9452843070030212,0.8711249232292175,0.7995731234550476,0.9191036820411682,0.887104868888855,1.2627060413360596,1.4783762693405151,1.4506925344467163,1.6765971183776855,1.4996428489685059,1.7018013000488281,1.5245853662490845,1.5836083889007568,1.666991949081421,1.39828360080719,1.3523310422897339,1.3691532611846924,1.3356618881225586,1.448861837387085,1.341911792755127,1.6922084093093872,1.793445348739624,1.657549500465393,1.872454285621643,1.700432300567627,1.9047508239746094,1.6958445310592651,1.8649218082427979,2.008610963821411,1.8113322257995605,1.7978960275650024,1.8761231899261475,1.8513784408569336,1.974303960800171,1.8526462316513062,2.157299041748047,2.1698412895202637,2.032411575317383,2.248850107192993,2.1095333099365234,2.3076698780059814,2.049140691757202,2.2415220737457275,2.3995931148529053,2.281398057937622,2.278432846069336,2.405216932296753,2.3733279705047607,2.5247786045074463,2.332427978515625,2.6232028007507324,2.5454626083374023,2.688312292098999,2.9370388984680176,2.969816207885742,3.2578835487365723
A8,2.0655689239501953,1.7670700550079346,1.5311115980148315,1.2174005508422852,0.9570657014846802,0.6406615972518921,0.3754289746284485,0.0,0.4038846492767334,0.6224230527877808,0.9883412718772888,1.1749781370162964,1.3637417554855347,1.2918214797973633,1.4523054361343384,1.8367266654968262,1.76779043674469,1.726595401763916,1.362531304359436,1.2313088178634644,1.0516809225082397,0.9350624680519104,0.8958734273910522,0.8064137101173401,1.1693212985992432,1.3065418004989624,1.2319742441177368,1.3941055536270142,1.1804124116897583,1.3497878313064575,1.857275128364563,1.925355315208435,1.9670878648757935,1.6574593782424927,1.6068512201309204,1.5394052267074585,1.4667035341262817,1.4841336011886597,1.3325374126434326,1.6547527313232422,1.6779351234436035,1.477763056755066,1.6310170888900757,1.4026674032211304,1.56847083568573,2.0098958015441895,2.190023183822632,2.295750617980957,2.056662082672119,2.035983085632324,2.0486903190612793,1.9935846328735352,2.0478265285491943,1.8914086818695068,2.1560075283050537,2.1008141040802,1.899959683418274,2.067049026489258,1.875166893005371,2.0443413257598877,2.346461296081543,2.5576016902923584,2.6882822513580322,2.532289743423462,2.5277764797210693,2.606069326400757,2.5546953678131104,2.65553617477417,2.432800531387329,2.6907525062561035,2.562925338745117,2.6546425819396973,2.8660531044006348,2.8665547370910645,3.1203272342681885
A9,2.3455355167388916,2.014495611190796,1.82172691822052,1.5193846225738525,1.196914553642273,0.9572319984436035,0.5786756873130798,0.4038846492767334,0.0,0.386936217546463,0.6677980422973633,0.8093506097793579,1.0525749921798706,1.0040128231048584,1.2500582933425903,2.088183641433716,1.9635264873504639,1.9528136253356934,1.6144285202026367,1.3929659128189087,1.2323951721191406,0.9907477498054504,0.9440654516220093,0.6838268041610718,0.995814323425293,1.0717054605484009,0.9361695647239685,1.141306757926941,0.9604016542434692,1.2117249965667725,2.073227643966675,2.0763041973114014,2.133795976638794,1.8292993307113647,1.6909773349761963,1.6192744970321655,1.4513136148452759,1.4575363397598267,1.2084122896194458,1.4791513681411743,1.4613069295883179,1.2320468425750732,1.4168719053268433,1.233166217803955,1.467038869857788,2.204960346221924,2.3184165954589844,2.420605421066284,2.172640085220337,2.0761969089508057,2.07668137550354,1.947965383529663,1.9868072271347046,1.7604137659072876,1.9840949773788452,1.9007110595703125,1.696292519569397,1.8944787979125977,1.734592080116272,1.9636988639831543,2.519169569015503,2.6760525703430176,2.777803659439087,2.6027028560638428,2.535109043121338,2.5929272174835205,2.4817681312561035,2.5618090629577637,2.2913620471954346,2.5128092765808105,2.355539560317993,2.437164783477783,2.6584208011627197,2.624749183654785,2.892871856689453
A10,2.6091384887695312,2.2996349334716797,2.0671133995056152,1.7933293581008911,1.4691184759140015,1.2173621654510498,0.8589665293693542,0.6224230527877808,0.386936217546463,0.0,0.38466304540634155,0.6801135540008545,0.9257580637931824,1.023579716682434,1.2977821826934814,2.333413600921631,2.1818323135375977,2.1112658977508545,1.753772258758545,1.5124319791793823,1.2713351249694824,0.9816067218780518,0.8002825975418091,0.4798632264137268,0.7075546383857727,0.719255268573761,0.611727237701416,0.8251547813415527,0.737008273601532,1.0448012351989746,2.2790184020996094,2.2505366802215576,2.2460100650787354,1.9013735055923462,1.7354519367218018,1.5775642395019531,1.3634355068206787,1.2727912664413452,0.9879931211471558,1.2126944065093994,1.1349356174468994,0.878119945526123,1.0413877964019775,0.8709439635276794,1.1371372938156128,2.353261709213257,2.44913649559021,2.491502046585083,2.1950724124908447,2.076141834259033,2.0013794898986816,1.8376529216766357,1.8035993576049805,1.551507830619812,1.732088327407837,1.5971959829330444,1.3521887063980103,1.5209680795669556,1.3480085134506226,1.5822710990905762,2.6230733394622803,2.782681941986084,2.8334386348724365,2.6078860759735107,2.531346321105957,2.527212619781494,2.396313428878784,2.4182674884796143,2.1275525093078613,2.3154733180999756,2.119442939758301,2.1571803092956543,2.34545636177063,2.3013908863067627,2.546020746231079
A11,2.958503484725952,2.635296106338501,2.4227077960968018,2.1515746116638184,1.8091176748275757,1.5809358358383179,1.201728105545044,0.9883412718772888,0.6677980422973633,0.38466304540634155,0.0,0.38932663202285767,0.6760390400886536,0.8893265128135681,1.223699927330017,2.6711230278015137,2.492643117904663,2.4338455200195312,2.092491865158081,1.8136992454528809,1.5838667154312134,1.2472038269042969,1.0577402114868164,0.678468644618988,0.7138222455978394,0.5420629382133484,0.27461686730384827,0.548229992389679,0.5873580574989319,0.9709957838058472,2.598142623901367,2.531949281692505,2.52856183052063,2.1890053749084473,1.9725295305252075,1.8014224767684937,1.5227080583572388,1.3975238800048828,1.0406616926193237,1.1496927738189697,0.973446249961853,0.6484144330024719,0.8088694214820862,0.7127895355224609,1.0438185930252075,2.6547863483428955,2.707504987716675,2.736523151397705,2.431790351867676,2.260230779647827,2.1592257022857666,1.9335249662399292,1.8601094484329224,1.5441826581954956,1.6461683511734009,1.4495199918746948,1.1774356365203857,1.3484930992126465,1.2038382291793823,1.4894973039627075,2.901277542114258,3.024805784225464,3.045193672180176,2.799304723739624,2.67586350440979,2.6380562782287598,2.4546093940734863,2.4360618591308594,2.1012015342712402,2.2296481132507324,1.986359715461731,1.9843698740005493,2.1580896377563477,2.062199115753174,2.301825523376465
A12,3.142122983932495,2.7982358932495117,2.623976469039917,2.324509620666504,1.990302562713623,1.7663793563842773,1.3827698230743408,1.1749781370162964,0.8093506097793579,0.6801135540008545,0.38932663202285767,0.0,0.3805864453315735,0.5777441263198853,0.9547734260559082,2.871828079223633,2.708016872406006,2.69580340385437,2.3671023845672607,2.089174509048462,1.9001988172531128,1.5671857595443726,1.4221936464309692,1.0354658365249634,1.0773898363113403,0.8669285774230957,0.5059118866920471,0.6178563237190247,0.5649091005325317,0.9118049144744873,2.8260269165039062,2.768296957015991,2.808115243911743,2.4920308589935303,2.2702534198760986,2.1389291286468506,1.8545418977737427,1.7609338760375977,1.3896164894104004,1.4660273790359497,1.261887550354004,0.9203790426254272,1.0233033895492554,0.9124983549118042,1.1937977075576782,2.9181442260742188,2.9646785259246826,3.0277624130249023,2.7469077110290527,2.5624873638153076,2.49137544631958,2.2516467571258545,2.1962552070617676,1.858113408088684,1.9314703941345215,1.7187795639038086,1.4494420289993286,1.609765887260437,1.4673640727996826,1.7484341859817505,3.1864891052246094,3.2918527126312256,3.3310561180114746,3.1056864261627197,2.960446834564209,2.941654920578003,2.7361652851104736,2.7266907691955566,2.373523235321045,2.476473569869995,2.220233201980591,2.208251714706421,2.380338668823242,2.236687660217285,2.469599485397339
A13,3.381227493286133,3.0442328453063965,2.8639376163482666,2.539289712905884,2.2416744232177734,1.980065941810608,1.6266192197799683,1.3637417554855347,1.0525749921798706,0.9257580637931824,0.6760390400886536,0.3805864453315735,0.0,0.39518308639526367,0.6960444450378418,3.1370630264282227,3.006559371948242,2.9913055896759033,2.6462442874908447,2.400029420852661,2.191547393798828,1.8828163146972656,1.701609492301941,1.3387995958328247,1.376962661743164,1.1108119487762451,0.7204245924949646,0.600219190120697,0.4333413541316986,0.6587252020835876,3.1204371452331543,3.093029022216797,3.132395029067993,2.8073766231536865,2.6102752685546875,2.4643020629882812,2.194051742553711,2.0709826946258545,1.709623098373413,1.7685540914535522,1.5121556520462036,1.130968689918518,1.107643961906433,0.9164193868637085,1.0927423238754272,3.231126070022583,3.3040008544921875,3.3691771030426025,3.082798957824707,2.916374444961548,2.832387924194336,2.5994374752044678,2.5196518898010254,2.1827356815338135,2.2298765182495117,1.9737075567245483,1.6601747274398804,1.7465122938156128,1.5465179681777954,1.7717006206512451,3.513242244720459,3.6389176845550537,3.6858086585998535,3.4581592082977295,3.325984239578247,3.299051523208618,3.0972983837127686,3.0708634853363037,2.7140753269195557,2.7970800399780273,2.5162155628204346,2.4625537395477295,2.5922811031341553,2.411358118057251,2.5944502353668213
A14,3.2272653579711914,2.88257098197937,2.735361337661743,2.3870630264282227,2.118662118911743,1.8606849908828735,1.5342247486114502,1.2918214797973633,1.0040128231048584,1.023579716682434,0.8893265128135681,0.5777441263198853,0.39518308639526367,0.0,0.3947066068649292,3.0129902362823486,2.917827606201172,2.944734811782837,2.6111888885498047,2.392193078994751,2.2256712913513184,1.9498652219772339,1.822100281715393,1.4743448495864868,1.5981063842773438,1.401978611946106,1.0269320011138916,0.9616732001304626,0.6767457723617554,0.7788392305374146,3.037545919418335,3.0443129539489746,3.127452850341797,2.828394889831543,2.658968448638916,2.562976121902466,2.325408458709717,2.2551231384277344,1.9111638069152832,2.026618480682373,1.8208154439926147,1.4559088945388794,1.4708949327468872,1.2417830228805542,1.3810291290283203,3.195488452911377,3.2900679111480713,3.3994686603546143,3.145906925201416,3.0026090145111084,2.9678311347961426,2.763138771057129,2.7312774658203125,2.412632465362549,2.5043187141418457,2.2871193885803223,1.9952162504196167,2.106635570526123,1.8998852968215942,2.1108591556549072,3.513148069381714,3.6440253257751465,3.7327187061309814,3.5424282550811768,3.4231019020080566,3.441990852355957,3.2588703632354736,3.2760603427886963,2.9335336685180664,3.049731492996216,2.7976889610290527,2.7803194522857666,2.9375805854797363,2.7723875045776367,2.974119186401367
A15,3.3357579708099365,3.0055997371673584,2.8602256774902344,2.4902544021606445,2.2770912647247314,1.9919095039367676,1.721299648284912,1.4523054361343384,1.2500582933425903,1.2977821826934814,1.223699927330017,0.9547734260559082,0.6960444450378418,0.3947066068649292,0.0,3.1609466075897217,3.113093137741089,3.144514799118042,2.8029747009277344,2.6295711994171143,2.4590260982513428,2.223360061645508,2.084780693054199,1.7719718217849731,1.922609806060791,1.725844383239746,1.3545888662338257,1.2142990827560425,0.867000162601471,0.7755487561225891,3.22653865814209,3.2766988277435303,3.368074893951416,3.070582866668701,2.939641237258911,2.84605073928833,2.6389431953430176,2.5631790161132812,2.240586996078491,2.3728384971618652,2.1579363346099854,1.7788336277008057,1.7394767999649048,1.451220154762268,1.4931895732879639,3.414001226425171,3.5451436042785645,3.6681456565856934,3.421252727508545,3.3096120357513428,3.2801201343536377,3.099121332168579,3.065892457962036,2.7626912593841553,2.8614022731781006,2.6331775188446045,2.3191540241241455,2.3904383182525635,2.1401963233947754,2.2962028980255127,3.7536497116088867,3.910679817199707,4.021858215332031,3.8434503078460693,3.748887300491333,3.778127908706665,3.6138546466827393,3.635732412338257,3.3017914295196533,3.425065517425537,3.1699981689453125,3.140259265899658,3.278698682785034,3.1055126190185547,3.279315233230591
B1,0.39422503113746643,0.3276154398918152,0.37869471311569214,0.7366199493408203,0.898698091506958,1.216142177581787,1.5153603553771973,1.8367266654968262,2.088183641433716,2.333413600921631,2.6711230278015137,2.871828079223633,3.1370630264282227,3.0129902362823486,3.1609466075897217,0.0,0.4124924838542938,0.6178843379020691,0.8075003623962402,1.069560170173645,1.3678067922592163,1.6589739322662354,1.960423231124878,2.1627845764160156,2.479797124862671,2.8134963512420654,2.895071506500244,3.156383514404297,3.005869150161743,3.182182550430298,0.3780583441257477,0.7724599242210388,0.9987297058105469,1.128006100654602,1.3956049680709839,1.6802270412445068,1.9406349658966064,2.225308895111084,2.3624839782714844,2.7265779972076416,2.987654685974121,2.993757724761963,3.25016188621521,3.1271424293518066,3.3131327629089355,0.7691799998283386,1.104203701019287,1.4037225246429443,1.517852544784546,1.749019742012024,2.0382513999938965,2.258392572402954,2.543436288833618,2.6434710025787354,3.0257558822631836,3.210038661956787,3.2097418308258057,3.45353364944458,3.380563974380493,3.5431463718414307,1.1809537410736084,1.4268012046813965,1.777764081954956,1.9155550003051758,2.093134880065918,2.400505304336548,2.5699241161346436,2.872387647628784,2.8876659870147705,3.268129587173462,3.3654513359069824,3.6170876026153564,3.9066531658172607,4.056069374084473,4.377140045166016
B2,0.799077570438385,0.637217104434967,0.624829888343811,0.9010847806930542,0.8658320903778076,1.2147276401519775,1.4220459461212158,1.76779043674469,1.9635264873504639,2.1818323135375977,2.492643117904663,2.708016872406006,3.006559371948242,2.917827606201172,3.113093137741089,0.4124924838542938,0.0,0.39963433146476746,0.6602082252502441,0.7960852980613708,1.1548594236373901,1.4122130870819092,1.7519780397415161,1.9502770900726318,2.2349753379821777,2.5881636142730713,2.7012174129486084,2.995636463165283,2.8908960819244385,3.111565113067627,0.1643003225326538,0.38241368532180786,0.6717888116836548,0.8311091065406799,1.0402816534042358,1.3705649375915527,1.6182154417037964,1.9361356496810913,2.0808799266815186,2.428924322128296,2.71832275390625,2.7633161544799805,3.04856014251709,2.9727752208709717,3.196183919906616,0.4928073287010193,0.7459179162979126,1.066210389137268,1.1805789470672607,1.369899868965149,1.6860096454620361,1.8952096700668335,2.2038588523864746,2.3090317249298096,2.691159963607788,2.9034175872802734,2.9399161338806152,3.2080533504486084,3.1758391857147217,3.368182897567749,0.9140974283218384,1.1065980195999146,1.4374496936798096,1.5592303276062012,1.7020269632339478,2.018015146255493,2.1745407581329346,2.48842191696167,2.5090138912200928,2.8906641006469727,3.006848096847534,3.2762534618377686,3.579185962677002,3.7407238483428955,4.0763773918151855
B3,0.9719019532203674,0.8970719575881958,0.703696608543396,0.9836456775665283,0.9412646889686584,1.21349036693573,1.4235053062438965,1.726595401763916,1.9528136253356934,2.1112658977508545,2.4338455200195312,2.69580340385437,2.9913055896759033,2.944734811782837,3.144514799118042,0.6178843379020691,0.39963433146476746,0.0,0.4023745656013489,0.6413471698760986,0.9364386200904846,1.261692762374878,1.566667914390564,1.8328447341918945,2.096536159515381,2.4641518592834473,2.619407892227173,2.904475212097168,2.825307607650757,3.043731451034546,0.33194631338119507,0.45460185408592224,0.4468233585357666,0.5246480703353882,0.8500058650970459,1.1189848184585571,1.4300392866134644,1.7157230377197266,1.9202439785003662,2.268716812133789,2.567796468734741,2.6368393898010254,2.9053826332092285,2.837165594100952,3.0446889400482178,0.3234451115131378,0.6942087411880493,0.8790520429611206,0.9182152152061462,1.1843957901000977,1.4461530447006226,1.7018067836761475,1.9814231395721436,2.1314938068389893,2.5170278549194336,2.732018232345581,2.7699806690216064,3.012845277786255,2.9794535636901855,3.143735408782959,0.7245599627494812,1.032920241355896,1.3031914234161377,1.3614487648010254,1.564794659614563,1.8335950374603271,2.0264012813568115,2.3107309341430664,2.355405569076538,2.7417917251586914,2.8578712940216064,3.112499475479126,3.392618417739868,3.5747852325439453,3.890691041946411
B4,1.137453556060791,0.9942049980163574,0.684958815574646,0.8179709315299988,0.7107738852500916,0.8922343254089355,1.094940423965454,1.362531304359436,1.6144285202026367,1.753772258758545,2.092491865158081,2.3671023845672607,2.6462442874908447,2.6111888885498047,2.8029747009277344,0.8075003623962402,0.6602082252502441,0.4023745656013489,0.0,0.41028502583503723,0.5969480872154236,0.9523444771766663,1.2192554473876953,1.4955252408981323,1.7803934812545776,2.1334307193756104,2.2780089378356934,2.5428762435913086,2.4546499252319336,2.6615588665008545,0.658180832862854,0.7661128044128418,0.7112756967544556,0.5116558074951172,0.7897667288780212,0.9472600221633911,1.2286182641983032,1.463093876838684,1.6421475410461426,2.0081121921539307,2.2727274894714355,2.3093557357788086,2.5556602478027344,2.463459014892578,2.655932664871216,0.7026357650756836,1.0034650564193726,1.1146122217178345,1.003477931022644,1.2171258926391602,1.3918581008911133,1.5995062589645386,1.8252654075622559,1.9338322877883911,2.313770055770874,2.4818742275238037,2.47528338432312,2.697140693664551,2.6322238445281982,2.784025192260742,1.046242594718933,1.3512139320373535,1.5538643598556519,1.5139509439468384,1.6808629035949707,1.8831535577774048,2.030327320098877,2.2649967670440674,2.255286693572998,2.6279537677764893,2.6929404735565186,2.913025140762329,3.174502372741699,3.332505941390991,3.6314871311187744
B5,1.4390028715133667,1.215002179145813,0.9774234294891357,1.017054796218872,0.7315619587898254,0.9026781320571899,0.9452843070030212,1.2313088178634644,1.3929659128189087,1.5124319791793823,1.8136992454528809,2.089174509048462,2.400029420852661,2.392193078994751,2.6295711994171143,1.069560170173645,0.7960852980613708,0.6413471698760986,0.41028502583503723,0.0,0.39032885432243347,0.630978524684906,0.9694767594337463,1.2033607959747314,1.4647051095962524,1.831020474433899,1.9899141788482666,2.2904791831970215,2.242238759994507,2.4959402084350586,0.8593328595161438,0.7824119329452515,0.7452489137649536,0.4649820327758789,0.4972137212753296,0.6785247921943665,0.8822327852249146,1.1616485118865967,1.3049051761627197,1.6641467809677124,1.945338249206543,2.003608226776123,2.2847862243652344,2.2373921871185303,2.4765827655792236,0.8437817096710205,0.9787298440933228,1.0697187185287476,0.8898921608924866,0.9677055478096008,1.1400729417800903,1.2766077518463135,1.5180580615997314,1.5853389501571655,1.9655933380126953,2.143345832824707,2.159078598022461,2.4156055450439453,2.3874154090881348,2.585831642150879,1.1285970211029053,1.333130121231079,1.4762603044509888,1.378144383430481,1.4535573720932007,1.6368869543075562,1.722159743309021,1.9525259733200073,1.9035745859146118,2.270718574523926,2.3289506435394287,2.5600757598876953,2.8406577110290527,2.990875244140625,3.3095829486846924
B6,1.7038288116455078,1.4955825805664062,1.195159912109375,1.1599717140197754,0.8802686333656311,0.885947048664093,0.8711249232292175,1.0516809225082397,1.2323951721191406,1.2713351249694824,1.5838667154312134,1.9001988172531128,2.191547393798828,2.2256712913513184,2.4590260982513428,1.3678067922592163,1.1548594236373901,0.9364386200904846,0.5969480872154236,0.39032885432243347,0.0,0.39444535970687866,0.6322440505027771,0.939580500125885,1.1955022811889648,1.5556436777114868,1.7373340129852295,2.013047456741333,1.9816248416900635,2.2268717288970947,1.1976369619369507,1.1534980535507202,1.0343451499938965,0.6566072702407837,0.6525593400001526,0.5766304731369019,0.7406534552574158,0.9070899486541748,1.0608112812042236,1.4313403367996216,1.6814985275268555,1.7275506258010864,1.977344274520874,1.9193214178085327,2.1392693519592285,1.1583203077316284,1.3063372373580933,1.3081988096237183,1.028239369392395,1.0844123363494873,1.114758014678955,1.2125388383865356,1.3611997365951538,1.4094773530960083,1.7755447626113892,1.9062416553497314,1.8807544708251953,2.101525068283081,2.04661226272583,2.2201080322265625,1.392878532409668,1.6258529424667358,1.705662488937378,1.527875304222107,1.6012883186340332,1.6934788227081299,1.7545270919799805,1.9119004011154175,1.8289128541946411,2.1738555431365967,2.1836495399475098,2.3700015544891357,2.6170222759246826,2.7570557594299316,3.047863006591797
B7,2.005483627319336,1.7463502883911133,1.4878729581832886,1.3875359296798706,1.0309247970581055,0.9891745448112488,0.7995731234550476,0.9350624680519104,0.9907477498054504,0.9816067218780518,1.2472038269042969,1.5671857595443726,1.8828163146972656,1.9498652219772339,2.223360061645508,1.6589739322662354,1.4122130870819092,1.261692762374878,0.9523444771766663,0.630978524684906,0.39444535970687866,0.0,0.38257694244384766,0.5924952626228333,0.8368733525276184,1.203567624092102,1.3902231454849243,1.697534203529358,1.7051478624343872,1.9943100214004517,1.4867974519729614,1.3824520111083984,1.302665114402771,0.945021390914917,0.7649426460266113,0.6291122436523438,0.5506489276885986,0.686453104019165,0.7180135250091553,1.095335602760315,1.3328118324279785,1.3753055334091187,1.6567318439483643,1.6361238956451416,1.9031403064727783,1.4535510540008545,1.5185812711715698,1.5174227952957153,1.2145828008651733,1.135083556175232,1.1154968738555908,1.0789273977279663,1.1895076036453247,1.1351624727249146,1.4836056232452393,1.5852316617965698,1.5513052940368652,1.8037623167037964,1.771062970161438,1.9957079887390137,1.666664719581604,1.8289211988449097,1.866738200187683,1.6489535570144653,1.62813401222229,1.6754683256149292,1.6465750932693481,1.7656623125076294,1.6063652038574219,1.9222074747085571,1.8892041444778442,2.063865900039673,2.321676015853882,2.4326465129852295,2.737025737762451
B8,2.282163381576538,2.0378472805023193,1.744947910308838,1.6054887771606445,1.283679723739624,1.1361660957336426,0.9191036820411682,0.8958734273910522,0.9440654516220093,0.8002825975418091,1.0577402114868164,1.4221936464309692,1.701609492301941,1.822100281715393,2.084780693054199,1.960423231124878,1.7519780397415161,1.566667914390564,1.2192554473876953,0.9694767594337463,0.6322440505027771,0.38257694244384766,0.0,0.4007833003997803,0.610283613204956,0.9456849694252014,1.1596245765686035,1.426269292831421,1.461042046546936,1.7387861013412476,1.8135266304016113,1.7386276721954346,1.6212897300720215,1.2348254919052124,1.0851751565933228,0.8327353596687317,0.7003337740898132,0.6078546047210693,0.5850163698196411,0.9444904923439026,1.105384111404419,1.114463210105896,1.3470861911773682,1.3115930557250977,1.5586045980453491,1.7749464511871338,1.8626635074615479,1.8190191984176636,1.4773792028427124,1.4018218517303467,1.280250072479248,1.2030680179595947,1.1898088455200195,1.092750906944275,1.388815999031067,1.407507300376892,1.3022401332855225,1.5021086931228638,1.4263325929641724,1.6259952783584595,1.969318151473999,2.155473232269287,2.161068916320801,1.9018598794937134,1.885847568511963,1.8618743419647217,1.812036395072937,1.8526803255081177,1.6593255996704102,1.92926824092865,1.8329039812088013,1.9419012069702148,2.1518523693084717,2.239830732345581,2.506247043609619
B9,2.4820799827575684,2.1926770210266113,1.9419981241226196,1.746485948562622,1.3878546953201294,1.2169172763824463,0.887104868888855,0.8064137101173401,0.6838268041610718,0.4798632264137268,0.678468644618988,1.0354658365249634,1.3387995958328247,1.4743448495864868,1.7719718217849731,2.1627845764160156,1.9502770900726318,1.8328447341918945,1.4955252408981323,1.2033607959747314,0.939580500125885,0.5924952626228333,0.4007833003997803,0.0,0.37884292006492615,0.6519919037818909,0.8012672066688538,1.1077735424041748,1.1534454822540283,1.4771808385849,2.0379068851470947,1.9505083560943604,1.8939889669418335,1.5354845523834229,1.3289164304733276,1.1312134265899658,0.8913822770118713,0.8005663156509399,0.5450088977813721,0.8483757376670837,0.9140962958335876,0.8336387276649475,1.1008003950119019,1.0717785358428955,1.3748067617416382,2.0400702953338623,2.0960123538970947,2.090695858001709,1.769859790802002,1.6299604177474976,1.5279154777526855,1.3632694482803345,1.3360990285873413,1.1175426244735718,1.353690505027771,1.3023537397384644,1.1475560665130615,1.3784797191619873,1.2987390756607056,1.5600920915603638,2.2571828365325928,2.401169538497925,2.411978244781494,2.159917116165161,2.0808682441711426,2.0563197135925293,1.9362823963165283,1.9601954221725464,1.6950886249542236,1.9179565906524658,1.7666932344436646,1.8516255617141724,2.070117473602295,2.097066640853882,2.3749842643737793
B10,2.8147568702697754,2.5321123600006104,2.281322717666626,2.109666109085083,1.744932770729065,1.5920315980911255,1.2627060413360596,1.1693212985992432,0.995814323425293,0.7075546383857727,0.7138222455978394,1.0773898363113403,1.376962661743164,1.5981063842773438,1.922609806060791,2.479797124862671,2.2349753379821777,2.096536159515381,1.7803934812545776,1.4647051095962524,1.1955022811889648,0.8368733525276184,0.610283613204956,0.37884292006492615,0.0,0.3942071795463562,0.702258825302124,1.0273466110229492,1.2044671773910522,1.5561412572860718,2.318880081176758,2.1847264766693115,2.092233657836914,1.7320092916488647,1.4766159057617188,1.2240668535232544,0.9088178873062134,0.7084336280822754,0.3475237190723419,0.5114718675613403,0.5385306477546692,0.5480619668960571,0.8643192052841187,0.9710135459899902,1.3142788410186768,2.2710864543914795,2.2785849571228027,2.223280668258667,1.876461148262024,1.6830193996429443,1.509210228919983,1.2724922895431519,1.1573776006698608,0.8708978891372681,1.0324589014053345,0.9315047264099121,0.7742558121681213,1.0364450216293335,1.028666615486145,1.3405919075012207,2.4332611560821533,2.5455734729766846,2.498370885848999,2.203050374984741,2.0846550464630127,1.991320013999939,1.8233652114868164,1.7771341800689697,1.4732556343078613,1.6414793729782104,1.4446356296539307,1.4929713010787964,1.6975488662719727,1.719107747077942,1.9986094236373901
B11,3.1334891319274902,2.839082956314087,2.5922532081604004,2.3821256160736084,2.0267109870910645,1.8308079242706299,1.4783762693405151,1.3065418004989624,1.0717054605484009,0.719255268573761,0.5420629382133484,0.8669285774230957,1.1108119487762451,1.401978611946106,1.725844383239746,2.8134963512420654,2.5881636142730713,2.4641518592834473,2.1334307193756104,1.831020474433899,1.5556436777114868,1.203567624092102,0.9456849694252014,0.6519919037818909,0.3942071795463562,0.0,0.3910865783691406,0.6827102899551392,0.9486414194107056,1.3090046644210815,2.6772172451019287,2.5583784580230713,2.4800899028778076,2.1185598373413086,1.868476152420044,1.6162248849868774,1.2982354164123535,1.0709346532821655,0.7125453352928162,0.6965931057929993,0.45164796710014343,0.1829065978527069,0.5008542537689209,0.6597792506217957,1.036439061164856,2.6513099670410156,2.6652557849884033,2.6169986724853516,2.270080804824829,2.0695972442626953,1.8831695318222046,1.62204110622406,1.4619510173797607,1.1328418254852295,1.1751590967178345,0.9378776550292969,0.6467846035957336,0.844940185546875,0.7872357368469238,1.1337121725082397,2.825125217437744,2.9363327026367188,2.887392044067383,2.5873730182647705,2.4533755779266357,2.339583396911621,2.1410629749298096,2.0529673099517822,1.7136151790618896,1.8069437742233276,1.53807532787323,1.5008373260498047,1.6507419347763062,1.5875205993652344,1.827556848526001
B12,3.19183349609375,2.876389265060425,2.6515953540802,2.3941922187805176,2.0495359897613525,1.8229955434799194,1.4506925344467163,1.2319742441177368,0.9361695647239685,0.611727237701416,0.27461686730384827,0.5059118866920471,0.7204245924949646,1.0269320011138916,1.3545888662338257,2.895071506500244,2.7012174129486084,2.619407892227173,2.2780089378356934,1.9899141788482666,1.7373340129852295,1.3902231454849243,1.1596245765686035,0.8012672066688538,0.702258825302124,0.3910865783691406,0.0,0.38630104064941406,0.61654132604599,1.0010185241699219,2.801919460296631,2.7155261039733887,2.6844263076782227,2.333799123764038,2.0999021530151367,1.8915026187896729,1.587878704071045,1.4093576669692993,1.0406230688095093,1.062300205230713,0.8040243983268738,0.43064767122268677,0.5567381978034973,0.5526384115219116,0.9231130480766296,2.82915997505188,2.864691734313965,2.8622069358825684,2.5376038551330566,2.3471755981445312,2.2042341232299805,1.951295018196106,1.8277393579483032,1.4904835224151611,1.5318759679794312,1.2810324430465698,0.9732754826545715,1.1157828569412231,0.9812840223312378,1.2907088994979858,3.047569751739502,3.163461685180664,3.1519901752471924,2.879642963409424,2.74306583404541,2.664942502975464,2.4614434242248535,2.3990638256073,2.0482845306396484,2.1346487998962402,1.856551170349121,1.8100128173828125,1.9521145820617676,1.8313308954238892,2.0507566928863525
B13,3.429107189178467,3.122530698776245,2.884472608566284,2.6024069786071777,2.2924888134002686,2.022703170776367,1.6765971183776855,1.3941055536270142,1.141306757926941,0.8251547813415527,0.548229992389679,0.6178563237190247,0.600219190120697,0.9616732001304626,1.2142990827560425,3.156383514404297,2.995636463165283,2.904475212097168,2.5428762435913086,2.2904791831970215,2.013047456741333,1.697534203529358,1.426269292831421,1.1077735424041748,1.0273466110229492,0.6827102899551392,0.38630104064941406,0.0,0.40565547347068787,0.7211146354675293,3.0906269550323486,3.0359723567962646,2.999180793762207,2.6363940238952637,2.4324471950531006,2.2056026458740234,1.924439549446106,1.7125844955444336,1.3715115785598755,1.3739653825759888,1.0594258308410645,0.6608745455741882,0.5267747044563293,0.34969988465309143,0.6334811449050903,3.133469581604004,3.198709487915039,3.193998098373413,2.861219644546509,2.6939685344696045,2.533931016921997,2.2936301231384277,2.140312671661377,1.814430832862854,1.8225687742233276,1.5209447145462036,1.1590327024459839,1.1801636219024658,0.9485767483711243,1.1790584325790405,3.363684892654419,3.5042665004730225,3.4981584548950195,3.2209999561309814,3.102297306060791,3.0121958255767822,2.8166322708129883,2.73266339302063,2.383500099182129,2.4455173015594482,2.1411938667297363,2.0412063598632812,2.123807191848755,1.9602550268173218,2.111217737197876
