,A1,A2,A3,A4,A5,A6,A7,A8,A9,A10,A11,A12,A13,A14,A15,B1,B2,B3,B4,B5,B6,B7,B8,B9,B10,B11,B12,B13,B14,B15,C1,C2,C3,C4,C5,C6,C7,C8,C9,C10,C11,C12,C13,C14,C15,D1,D2,D3,D4,D5,D6,D7,D8,D9,D10,D11,D12,D13,D14,D15,E1,E2,E3,E4,E5,E6,E7,E8,E9,E10,E11,E12,E13,E14,E15
A1,0.0,0.3838784396648407,0.659141480922699,1.0052170753479004,1.3015117645263672,1.5765811204910278,1.838768482208252,1.9320100545883179,1.6645033359527588,1.8239288330078125,1.7706772089004517,1.9073736667633057,2.0491819381713867,2.2190184593200684,2.4330618381500244,2.273733377456665,2.0775234699249268,1.9790769815444946,1.8482357263565063,1.814963936805725,2.1285507678985596,2.082244396209717,2.319718599319458,2.105745553970337,2.2704882621765137,2.2481231689453125,2.3560283184051514,2.4743824005126953,2.6171200275421143,2.805264949798584,2.804513931274414,2.6067588329315186,2.5692715644836426,2.4775571823120117,2.4713778495788574,2.730884313583374,2.5680696964263916,2.7703325748443604,2.5587286949157715,2.716716766357422,2.689826726913452,2.796666383743286,2.8908252716064453,3.027292013168335,3.1967434883117676,3.2795674800872803,3.0869033336639404,3.0902886390686035,3.0185465812683105,3.0550124645233154,3.2915923595428467,3.081834554672241,3.1896274089813232,2.994420051574707,3.156118869781494,3.1220672130584717,3.2373287677764893,3.3192086219787598,3.4494428634643555,3.616248369216919,3.8122358322143555,3.6187427043914795,3.68669056892395,3.646653413772583,3.7211742401123047,3.964679002761841,3.7395589351654053,3.6328558921813965,3.439755916595459,3.635017156600952,3.588381767272949,3.7246830463409424,3.785088300704956,3.905719518661499,4.074080944061279
A2,0.3838784396648407,0.0,0.4038848280906677,0.6677023768424988,1.0038044452667236,1.295244812965393,1.5124963521957397,1.5779519081115723,1.299846887588501,1.4627070426940918,1.4512145519256592,1.6097382307052612,1.8007848262786865,1.9972890615463257,2.250593900680542,2.122319221496582,1.8757740259170532,1.7815786600112915,1.5981298685073853,1.5736374855041504,1.8617764711380005,1.7720074653625488,1.9800432920455933,1.7536882162094116,1.9153413772583008,1.9229007959365845,2.037266969680786,2.192959785461426,2.3490874767303467,2.572148323059082,2.6090614795684814,2.3751277923583984,2.345818042755127,2.2181265354156494,2.2248289585113525,2.4591712951660156,2.2666780948638916,2.440448760986328,2.2184300422668457,2.3692116737365723,2.363358974456787,2.4681942462921143,2.5897815227508545,2.7306783199310303,2.928556442260742,3.05763578414917,2.837986707687378,2.85237717628479,2.754049777984619,2.8038830757141113,3.0193886756896973,2.790066957473755,2.8691110610961914,2.6649410724639893,2.816805124282837,2.7976861000061035,2.9051826000213623,3.0070300102233887,3.1354124546051025,3.324199914932251,3.5696351528167725,3.3565878868103027,3.436296224594116,3.3771464824676514,3.465627670288086,3.6918089389801025,3.456801176071167,3.324477434158325,3.1215951442718506,3.304373025894165,3.2672548294067383,3.3921210765838623,3.4662909507751465,3.578554630279541,3.762284994125366
A3,0.659141480922699,0.4038848280906677,0.0,0.3912964463233948,0.6427695751190186,0.9365974068641663,1.1951768398284912,1.337295413017273,1.1389436721801758,1.3971192836761475,1.4369009733200073,1.6794781684875488,1.8922207355499268,2.148927688598633,2.4089415073394775,2.1139512062072754,1.8494282960891724,1.680572509765625,1.4430162906646729,1.3315744400024414,1.5737793445587158,1.4755935668945312,1.7251816987991333,1.5640746355056763,1.7974119186401367,1.8568440675735474,2.0388448238372803,2.231611728668213,2.4417076110839844,2.688025951385498,2.572075128555298,2.3091537952423096,2.2217531204223633,2.045868158340454,1.9929345846176147,2.191561460494995,1.9850090742111206,2.1853561401367188,2.0144057273864746,2.2209832668304443,2.2651820182800293,2.4231436252593994,2.5868799686431885,2.7733800411224365,3.002305030822754,3.002450942993164,2.7511343955993652,2.7193799018859863,2.577958822250366,2.581831216812134,2.76786470413208,2.5180981159210205,2.615650177001953,2.4552862644195557,2.6505532264709473,2.678483009338379,2.8260529041290283,2.9701807498931885,3.135458469390869,3.35792875289917,3.4949536323547363,3.2518181800842285,3.296126127243042,3.1989378929138184,3.254335641860962,3.4568569660186768,3.1971001625061035,3.07401442527771,2.9073429107666016,3.1222941875457764,3.1280722618103027,3.2813236713409424,3.396801471710205,3.534554958343506,3.7535102367401123
A4,1.0052170753479004,0.6677023768424988,0.3912964463233948,0.0,0.38997572660446167,0.6628705859184265,0.8455036878585815,0.951359212398529,0.761016309261322,1.0539387464523315,1.1527613401412964,1.436008334159851,1.689163088798523,1.9773838520050049,2.2623000144958496,1.9740493297576904,1.6655489206314087,1.4982614517211914,1.2003581523895264,1.0951061248779297,1.2898026704788208,1.136652946472168,1.3522593975067139,1.1854307651519775,1.4306256771087646,1.531240701675415,1.735944390296936,1.9677972793579102,2.200840950012207,2.4768476486206055,2.3665902614593506,2.0683958530426025,1.9843459129333496,1.7663654088974,1.7256639003753662,1.8905384540557861,1.6522455215454102,1.8214210271835327,1.6428422927856445,1.8497954607009888,1.9223835468292236,2.089607000350952,2.285386562347412,2.485752582550049,2.742774724960327,2.7586278915405273,2.479802370071411,2.4547457695007324,2.2831215858459473,2.2995214462280273,2.4606478214263916,2.1922965049743652,2.2598021030426025,2.0919196605682373,2.2815394401550293,2.329209566116333,2.4766459465026855,2.645291328430176,2.816796064376831,3.062934637069702,3.2218258380889893,2.9585278034210205,3.0107996463775635,2.89255690574646,2.9609339237213135,3.144545793533325,2.8768324851989746,2.728529214859009,2.5529260635375977,2.757680892944336,2.7759270668029785,2.9227793216705322,3.0559334754943848,3.191679000854492,3.42883563041687
A5,1.3015117645263672,1.0038044452667236,0.6427695751190186,0.38997572660446167,0.0,0.4056781828403473,0.6075325608253479,0.8565714955329895,0.8346172571182251,1.2012312412261963,1.3675122261047363,1.6928141117095947,1.9591081142425537,2.274334669113159,2.561290740966797,2.1705033779144287,1.85789954662323,1.6339318752288818,1.2937148809432983,1.0876424312591553,1.1683470010757446,0.9692789316177368,1.2196781635284424,1.164687991142273,1.4823157787322998,1.6550630331039429,1.909074306488037,2.1742660999298096,2.4385764598846436,2.731504201889038,2.516059637069702,2.1957454681396484,2.058717966079712,1.7863874435424805,1.67472505569458,1.7674649953842163,1.4957259893417358,1.67946195602417,1.5791125297546387,1.8444030284881592,1.9864062070846558,2.19630765914917,2.4355859756469727,2.665471076965332,2.9491991996765137,2.8734488487243652,2.5655124187469482,2.4963693618774414,2.2728898525238037,2.2359507083892822,2.3440945148468018,2.0417985916137695,2.116668939590454,2.0105669498443604,2.243431568145752,2.354261875152588,2.5331223011016846,2.7477478981018066,2.94398832321167,3.2214536666870117,3.301663637161255,3.0084104537963867,3.0259385108947754,2.8610193729400635,2.893118143081665,3.0371689796447754,2.735907793045044,2.589121103286743,2.4606661796569824,2.693972587585449,2.7678253650665283,2.9346609115600586,3.113921880722046,3.2647013664245605,3.535888910293579
A6,1.5765811204910278,1.295244812965393,0.9365974068641663,0.6628705859184265,0.4056781828403473,0.0,0.38316482305526733,0.691709041595459,0.7998949885368347,1.1826740503311157,1.3188109397888184,1.685898780822754,1.915800929069519,2.267664909362793,2.5278568267822266,1.9831876754760742,1.6806544065475464,1.4063125848770142,1.0517215728759766,0.774498462677002,0.7842069268226624,0.62367844581604,0.9459764957427979,0.9779183864593506,1.343406319618225,1.512042760848999,1.8216700553894043,2.076495885848999,2.3843111991882324,2.667097330093384,2.280951738357544,1.9553383588790894,1.7685867547988892,1.472025990486145,1.3108370304107666,1.3840456008911133,1.13172447681427,1.365326166152954,1.3163788318634033,1.6305958032608032,1.7843273878097534,2.0476744174957275,2.293382406234741,2.56745982170105,2.8526339530944824,2.613102674484253,2.293977737426758,2.1824588775634766,1.9380757808685303,1.8647511005401611,1.9642938375473022,1.6689122915267944,1.7817269563674927,1.7106603384017944,1.9845707416534424,2.113178253173828,2.3383312225341797,2.5676848888397217,2.805438280105591,3.091691017150879,3.020789861679077,2.715409755706787,2.698789119720459,2.5167696475982666,2.522334337234497,2.662163257598877,2.3589255809783936,2.237445116043091,2.136075973510742,2.4021224975585938,2.495304584503174,2.6992125511169434,2.8979969024658203,3.085205078125,3.3718678951263428
A7,1.838768482208252,1.5124963521957397,1.1951768398284912,0.8455036878585815,0.6075325608253479,0.38316482305526733,0.0,0.3878716230392456,0.6443073749542236,1.0131754875183105,1.2362712621688843,1.5993014574050903,1.8674052953720093,2.2183189392089844,2.5016489028930664,2.049948215484619,1.7145860195159912,1.4827384948730469,1.0949944257736206,0.881605327129364,0.767541766166687,0.43598899245262146,0.6413248777389526,0.7147124409675598,1.0912997722625732,1.3393291234970093,1.6502666473388672,1.9489911794662476,2.256443500518799,2.567295551300049,2.2617456912994385,1.9058257341384888,1.7465499639511108,1.4045168161392212,1.2783284187316895,1.2701082229614258,0.9417566657066345,1.0877933502197266,1.039363980293274,1.3500921726226807,1.5634808540344238,1.8206762075424194,2.1077961921691895,2.3777449131011963,2.691901206970215,2.5345542430877686,2.188994884490967,2.1015610694885254,1.8189096450805664,1.7728503942489624,1.8193957805633545,1.4854884147644043,1.5261939764022827,1.44661545753479,1.7033882141113281,1.8718246221542358,2.0806381702423096,2.3434154987335205,2.5717720985412598,2.8837547302246094,2.894521713256836,2.568438768386841,2.5727860927581787,2.3626554012298584,2.3935608863830566,2.4970948696136475,2.1795334815979004,2.005857229232788,1.8893144130706787,2.1291942596435547,2.245457649230957,2.425915479660034,2.648528575897217,2.817929983139038,3.124068260192871
A8,1.9320100545883179,1.5779519081115723,1.337295413017273,0.951359212398529,0.8565714955329895,0.691709041595459,0.3878716230392456,0.0,0.3879401683807373,0.6819572448730469,0.9403340816497803,1.2883589267730713,1.5709394216537476,1.9158029556274414,2.2090299129486084,1.8716840744018555,1.5114370584487915,1.3511698246002197,0.9647673964500427,0.8867495656013489,0.799290657043457,0.45956718921661377,0.43687641620635986,0.3481515347957611,0.7074459195137024,0.9834036827087402,1.2839574813842773,1.601831078529358,1.904234766960144,2.2273387908935547,2.0282771587371826,1.6584933996200562,1.5603692531585693,1.2213469743728638,1.196876049041748,1.203784465789795,0.8730849027633667,0.9172184467315674,0.7503160238265991,1.003937005996704,1.209792971611023,1.443927526473999,1.740400791168213,2.001009464263916,2.3243050575256348,2.2723042964935303,1.92300283908844,1.8900023698806763,1.6195504665374756,1.6500471830368042,1.7112371921539307,1.393468976020813,1.3682262897491455,1.2019702196121216,1.401005506515503,1.541394591331482,1.7198610305786133,1.9779491424560547,2.192021608352661,2.506387948989868,2.6196625232696533,2.2980754375457764,2.3479387760162354,2.156785011291504,2.2433297634124756,2.35904860496521,2.0693576335906982,1.8565938472747803,1.6738367080688477,1.865281343460083,1.9443262815475464,2.094851493835449,2.2997026443481445,2.451953172683716,2.7513649463653564
A9,1.6645033359527588,1.299846887588501,1.1389436721801758,0.761016309261322,0.8346172571182251,0.7998949885368347,0.6443073749542236,0.3879401683807373,0.0,0.3891063928604126,0.639628529548645,0.974043071269989,1.280690312385559,1.606871247291565,1.91734778881073,1.7150298357009888,1.3439379930496216,1.2491763830184937,0.8939744830131531,0.9235793352127075,1.001146674156189,0.761137068271637,0.7681648135185242,0.47418126463890076,0.6759620308876038,0.8546035885810852,1.092761754989624,1.3951815366744995,1.6643610000610352,1.985148549079895,1.937814474105835,1.5865631103515625,1.5551724433898926,1.2842364311218262,1.3398008346557617,1.44668710231781,1.1741125583648682,1.2205514907836914,0.957300066947937,1.1063919067382812,1.206688404083252,1.373341679573059,1.6221323013305664,1.8432084321975708,2.1452484130859375,2.23356032371521,1.916561484336853,1.9393209218978882,1.735080599784851,1.8239802122116089,1.9511264562606812,1.6776878833770752,1.6555367708206177,1.4216253757476807,1.5563900470733643,1.6086184978485107,1.736859679222107,1.9366629123687744,2.1135640144348145,2.394829750061035,2.6311120986938477,2.3446898460388184,2.437382698059082,2.3030436038970947,2.4273951053619385,2.5884180068969727,2.335669755935669,2.1291966438293457,1.8986555337905884,2.052281618118286,2.0608739852905273,2.1802196502685547,2.325904130935669,2.45267391204834,2.711493968963623
A10,1.8239288330078125,1.4627070426940918,1.3971192836761475,1.0539387464523315,1.2012312412261963,1.1826740503311157,1.0131754875183105,0.6819572448730469,0.3891063928604126,0.0,0.3938048779964447,0.6453649401664734,0.9893483519554138,1.2876808643341064,1.617862582206726,1.6238435506820679,1.246254324913025,1.267708659172058,0.9812688231468201,1.1435874700546265,1.2453619241714478,1.047659993171692,0.9444996118545532,0.5604318380355835,0.4925173819065094,0.5980933308601379,0.7424589395523071,1.063544750213623,1.3017812967300415,1.639121174812317,1.7933019399642944,1.4517762660980225,1.515007734298706,1.2956666946411133,1.4559638500213623,1.5826616287231445,1.3475606441497803,1.3161848783493042,0.9698579907417297,0.9743041396141052,0.9945679306983948,1.0735684633255005,1.3016002178192139,1.4839491844177246,1.7873363494873047,2.0616629123687744,1.7642391920089722,1.8631869554519653,1.7032994031906128,1.8716464042663574,2.0173392295837402,1.7827430963516235,1.7100861072540283,1.4044816493988037,1.443835735321045,1.4252877235412598,1.4852731227874756,1.6460144519805908,1.78299081325531,2.0501952171325684,2.4492807388305664,2.1870830059051514,2.33701753616333,2.241910934448242,2.4228851795196533,2.5988173484802246,2.386914014816284,2.157517671585083,1.8694933652877808,1.9558324813842773,1.9029273986816406,1.9723162651062012,2.071538209915161,2.1646411418914795,2.3962972164154053
A11,1.7706772089004517,1.4512145519256592,1.4369009733200073,1.1527613401412964,1.3675122261047363,1.3188109397888184,1.2362712621688843,0.9403340816497803,0.639628529548645,0.3938048779964447,0.0,0.38249471783638,0.6419309973716736,0.9830146431922913,1.2803176641464233,1.2631926536560059,0.8943895101547241,0.9868888854980469,0.7967169880867004,1.0673625469207764,1.2675514221191406,1.188666582107544,1.1424485445022583,0.7680906653404236,0.6599124670028687,0.49730801582336426,0.611613929271698,0.8166521191596985,1.0776560306549072,1.3691272735595703,1.477921485900879,1.1699007749557495,1.277572512626648,1.1496213674545288,1.3694417476654053,1.5865262746810913,1.4401401281356812,1.4595844745635986,1.099408745765686,1.0770403146743774,0.9558140635490417,1.0271602869033813,1.1522635221481323,1.347642421722412,1.595266342163086,1.800275444984436,1.5450478792190552,1.6671353578567505,1.5840206146240234,1.7851077318191528,2.002136707305908,1.833998203277588,1.8107904195785522,1.4833184480667114,1.5123636722564697,1.4019626379013062,1.4728409051895142,1.5563132762908936,1.7087154388427734,1.923599362373352,2.242526054382324,2.0200939178466797,2.179499387741089,2.144927978515625,2.3380696773529053,2.5677685737609863,2.4019815921783447,2.2164950370788574,1.9127670526504517,2.00266695022583,1.8872578144073486,1.9769055843353271,2.0191800594329834,2.1383535861968994,2.3275868892669678
A12,1.9073736667633057,1.6097382307052612,1.6794781684875488,1.436008334159851,1.6928141117095947,1.685898780822754,1.5993014574050903,1.2883589267730713,0.974043071269989,0.6453649401664734,0.38249471783638,0.0,0.38848748803138733,0.6430373191833496,0.9833849668502808,1.3246989250183105,1.002429485321045,1.2148123979568481,1.1179438829421997,1.4263569116592407,1.6372770071029663,1.5626226663589478,1.4782803058624268,1.0949949026107788,0.8780954480171204,0.6428834199905396,0.5065640211105347,0.6172454953193665,0.7686333656311035,1.0633366107940674,1.506105661392212,1.2539513111114502,1.4592993259429932,1.4055719375610352,1.6793535947799683,1.9041270017623901,1.7787041664123535,1.7558354139328003,1.3732259273529053,1.252508282661438,1.0551217794418335,0.9906525015830994,1.022928237915039,1.1221404075622559,1.3326702117919922,1.8070430755615234,1.6053515672683716,1.8041311502456665,1.7811858654022217,2.0354301929473877,2.2639119625091553,2.1271159648895264,2.072187900543213,1.7119853496551514,1.6621193885803223,1.483391284942627,1.4668927192687988,1.4718077182769775,1.5512571334838867,1.7157232761383057,2.241548538208008,2.066180944442749,2.2807486057281494,2.2952563762664795,2.5312485694885254,2.772789239883423,2.644221067428589,2.4478867053985596,2.110701084136963,2.1393861770629883,1.9652538299560547,1.9966880083084106,1.9716699123382568,2.0420312881469727,2.176539421081543
A13,2.0491819381713867,1.8007848262786865,1.8922207355499268,1.689163088798523,1.9591081142425537,1.915800929069519,1.8674052953720093,1.5709394216537476,1.280690312385559,0.9893483519554138,0.6419309973716736,0.38848748803138733,0.0,0.3851395845413208,0.639307975769043,1.0586451292037964,0.8094644546508789,1.1215453147888184,1.1552672386169434,1.5146366357803345,1.7625651359558105,1.7682831287384033,1.7062456607818604,1.3491222858428955,1.130704402923584,0.7921478152275085,0.6342626214027405,0.4884590804576874,0.6208484768867493,0.8024864792823792,1.236737608909607,1.0625433921813965,1.3296597003936768,1.3836249113082886,1.6983602046966553,1.9729713201522827,1.9230605363845825,1.925217866897583,1.5525486469268799,1.415747880935669,1.1287658214569092,1.0550388097763062,0.9546056389808655,1.0509834289550781,1.1646567583084106,1.56486177444458,1.432206630706787,1.662623643875122,1.72494375705719,2.0068166255950928,2.2831668853759766,2.2116899490356445,2.189587116241455,1.8252649307250977,1.7617566585540771,1.5119715929031372,1.5008453130722046,1.420978307723999,1.5105606317520142,1.6036947965621948,2.0337915420532227,1.9131191968917847,2.1393425464630127,2.2180075645446777,2.465811014175415,2.7476346492767334,2.6694014072418213,2.512873888015747,2.170008659362793,2.1929359436035156,1.965580940246582,2.010495185852051,1.927385926246643,2.0214483737945557,2.105895519256592
A14,2.2190184593200684,1.9972890615463257,2.148927688598633,1.9773838520050049,2.274334669113159,2.267664909362793,2.2183189392089844,1.9158029556274414,1.606871247291565,1.2876808643341064,0.9830146431922913,0.6430373191833496,0.3851395845413208,0.0,0.377573162317276,1.2983301877975464,1.127225637435913,1.470606803894043,1.5350382328033447,1.8939793109893799,2.1474061012268066,2.142399311065674,2.0637669563293457,1.6969836950302124,1.443196415901184,1.1201542615890503,0.8652059435844421,0.6443735957145691,0.5249741077423096,0.6004492044448853,1.4432586431503296,1.3426904678344727,1.6524783372879028,1.7432456016540527,2.07163143157959,2.3441059589385986,2.29618239402771,2.2746739387512207,1.8937296867370605,1.7119759321212769,1.4084522724151611,1.247106909751892,1.0692660808563232,1.031019926071167,1.0499662160873413,1.731574296951294,1.6626756191253662,1.9390912055969238,2.0407259464263916,2.3461809158325195,2.623105525970459,2.5666980743408203,2.5233523845672607,2.146191358566284,2.035634994506836,1.754273772239685,1.6737877130508423,1.5256156921386719,1.5290746688842773,1.5447113513946533,2.172292709350586,2.1048130989074707,2.368959426879883,2.4854185581207275,2.758476495742798,3.043776512145996,2.991269588470459,2.8275556564331055,2.4685192108154297,2.4473681449890137,2.184041976928711,2.1776788234710693,2.035689353942871,2.0764963626861572,2.094447135925293
A15,2.4330618381500244,2.250593900680542,2.4089415073394775,2.2623000144958496,2.561290740966797,2.5278568267822266,2.5016489028930664,2.2090299129486084,1.91734778881073,1.617862582206726,1.2803176641464233,0.9833849668502808,0.639307975769043,0.377573162317276,0.0,1.2231711149215698,1.163901686668396,1.5438218116760254,1.6942170858383179,2.06853985786438,2.3373169898986816,2.384983539581299,2.3209705352783203,1.9751522541046143,1.7274272441864014,1.367689847946167,1.135583758354187,0.821488618850708,0.6828926801681519,0.5254583358764648,1.3345086574554443,1.3370492458343506,1.6744754314422607,1.8450528383255005,2.188035726547241,2.48704195022583,2.494063377380371,2.4896962642669678,2.123640298843384,1.9385120868682861,1.5943435430526733,1.440898060798645,1.1841741800308228,1.1377145051956177,1.0359609127044678,1.6159324645996094,1.6314376592636108,1.9236406087875366,2.0955328941345215,2.4123098850250244,2.7185635566711426,2.714707136154175,2.6960954666137695,2.3249917030334473,2.207953691482544,1.8861192464828491,1.8129327297210693,1.6024870872497559,1.6097424030303955,1.5474036931991577,2.0621955394744873,2.058767318725586,2.3265483379364014,2.499782085418701,2.776742458343506,3.089661121368408,3.0818428993225098,2.953193187713623,2.5975775718688965,2.5712497234344482,2.272338628768921,2.2756009101867676,2.0865180492401123,2.144463539123535,2.110556125640869
B1,2.273733377456665,2.122319221496582,2.1139512062072754,1.9740493297576904,2.1705033779144287,1.9831876754760742,2.049948215484619,1.8716840744018555,1.7150298357009888,1.6238435506820679,1.2631926536560059,1.3246989250183105,1.0586451292037964,1.2983301877975464,1.2231711149215698,0.0,0.3795856535434723,0.5960847735404968,0.9610715508460999,1.2807269096374512,1.5670589208602905,1.800331711769104,1.8726187944412231,1.6732590198516846,1.625962495803833,1.288408637046814,1.3966630697250366,1.2114837169647217,1.4646300077438354,1.4537901878356934,0.5987719893455505,0.6435040831565857,0.7382268309593201,1.0355280637741089,1.2842509746551514,1.6696529388427734,1.8192602396011353,1.9726479053497314,1.7337408065795898,1.7422021627426147,1.4541652202606201,1.595687747001648,1.474191665649414,1.7282514572143555,1.75602126121521,1.1199709177017212,1.0899869203567505,1.138487458229065,1.3396897315979004,1.5295894145965576,1.914267897605896,1.983196496963501,2.1303422451019287,1.872635841369629,1.9386321306228638,1.6954569816589355,1.8699625730514526,1.7930272817611694,2.0399441719055176,2.101849317550659,1.6917527914047241,1.6188018321990967,1.6909165382385254,1.838321566581726,1.9826996326446533,2.3488657474517822,2.3371376991271973,2.339899778366089,2.0919740200042725,2.23437762260437,2.0261175632476807,2.2285079956054688,2.1708526611328125,2.4146270751953125,2.5103652477264404
B2,2.0775234699249268,1.8757740259170532,1.8494282960891724,1.6655489206314087,1.85789954662323,1.6806544065475464,1.7145860195159912,1.5114370584487915,1.3439379930496216,1.246254324913025,0.8943895101547241,1.002429485321045,0.8094644546508789,1.127225637435913,1.163901686668396,0.3795856535434723,0.0,0.393237829208374,0.6584004163742065,1.0226507186889648,1.305572509765625,1.4855067729949951,1.5374826192855835,1.3089146614074707,1.261606216430664,0.9363746047019958,1.0798313617706299,0.9702906012535095,1.270887017250061,1.3538724184036255,0.7334447503089905,0.5619087815284729,0.6623533964157104,0.8297976851463318,1.1020712852478027,1.4684174060821533,1.550333857536316,1.6828876733779907,1.4124116897583008,1.4261143207550049,1.1633107662200928,1.319892406463623,1.2636408805847168,1.5363776683807373,1.6371287107467651,1.2048462629318237,1.0612279176712036,1.1274713277816772,1.227644443511963,1.4297492504119873,1.7809321880340576,1.7817883491516113,1.8935751914978027,1.612147569656372,1.682584524154663,1.4697164297103882,1.6416785717010498,1.61660635471344,1.8622374534606934,1.979809284210205,1.7530975341796875,1.6106274127960205,1.7068527936935425,1.787286639213562,1.9476022720336914,2.279193162918091,2.2149345874786377,2.1647133827209473,1.897160530090332,2.039210081100464,1.8579034805297852,2.0465166568756104,2.0266036987304688,2.251973867416382,2.3870060443878174
B3,1.9790769815444946,1.7815786600112915,1.680572509765625,1.4982614517211914,1.6339318752288818,1.4063125848770142,1.4827384948730469,1.3511698246002197,1.2491763830184937,1.267708659172058,0.9868888854980469,1.2148123979568481,1.1215453147888184,1.470606803894043,1.5438218116760254,0.5960847735404968,0.393237829208374,0.0,0.3916231393814087,0.684760332107544,0.9886316657066345,1.2300145626068115,1.3606929779052734,1.2066720724105835,1.2772225141525269,1.0454059839248657,1.2918838262557983,1.2752712965011597,1.6071430444717407,1.7285822629928589,0.9482915997505188,0.7365078330039978,0.6043378114700317,0.6696740984916687,0.8190318942070007,1.213714838027954,1.3090084791183472,1.5185792446136475,1.3149076700210571,1.4349427223205566,1.2619599103927612,1.5032345056533813,1.5272362232208252,1.8362529277801514,1.9788509607315063,1.3920058012008667,1.195686936378479,1.1344540119171143,1.1515381336212158,1.250490665435791,1.598149061203003,1.5747216939926147,1.7470390796661377,1.5286734104156494,1.687427043914795,1.5556117296218872,1.7929295301437378,1.8385885953903198,2.119884729385376,2.2807321548461914,1.9130604267120361,1.7228901386260986,1.7407389879226685,1.7575870752334595,1.8478398323059082,2.165088176727295,2.057774066925049,2.0363516807556152,1.8246433734893799,2.036114454269409,1.9251525402069092,2.1623642444610596,2.2068099975585938,2.459676742553711,2.6396896839141846
B4,1.8482357263565063,1.5981298685073853,1.4430162906646729,1.2003581523895264,1.2937148809432983,1.0517215728759766,1.0949944257736206,0.9647673964500427,0.8939744830131531,0.9812688231468201,0.7967169880867004,1.1179438829421997,1.1552672386169434,1.5350382328033447,1.6942170858383179,0.9610715508460999,0.6584004163742065,0.3916231393814087,0.0,0.3841773271560669,0.6826618313789368,0.8590741753578186,1.0051685571670532,0.8551152348518372,1.0031019449234009,0.8760026097297668,1.1870059967041016,1.2869409322738647,1.635798454284668,1.8339478969573975,1.235661268234253,0.9342473149299622,0.7863665819168091,0.6296612024307251,0.7071898579597473,1.037718415260315,1.0268540382385254,1.2387380599975586,1.0329627990722656,1.2130686044692993,1.1340152025222778,1.405920147895813,1.5226600170135498,1.8369719982147217,2.0455641746520996,1.6134226322174072,1.3434311151504517,1.2768806219100952,1.171045184135437,1.237778902053833,1.5156211853027344,1.3975425958633423,1.5407963991165161,1.3294849395751953,1.523690938949585,1.4682798385620117,1.710715651512146,1.8281315565109253,2.1041882038116455,2.319920063018799,2.086327314376831,1.8398507833480835,1.8609837293624878,1.8001222610473633,1.8833626508712769,2.146806240081787,1.973993182182312,1.901861310005188,1.6959640979766846,1.9221489429473877,1.8686240911483765,2.0963022708892822,2.1951308250427246,2.429185628890991,2.6523075103759766
B5,1.814963936805725,1.5736374855041504,1.3315744400024414,1.0951061248779297,1.0876424312591553,0.774498462677002,0.881605327129364,0.8867495656013489,0.9235793352127075,1.1435874700546265,1.0673625469207764,1.4263569116592407,1.5146366357803345,1.8939793109893799,2.06853985786438,1.2807269096374512,1.0226507186889648,0.684760332107544,0.3841773271560669,0.0,0.40954965353012085,0.6463962197303772,0.9228879809379578,0.898746907711029,1.1701560020446777,1.1571723222732544,1.497815728187561,1.6448181867599487,1.995405673980713,2.210775375366211,1.5552072525024414,1.260611891746521,1.0280141830444336,0.795278012752533,0.667235255241394,0.9341446161270142,0.8871537446975708,1.1843745708465576,1.0834318399429321,1.3621134757995605,1.3809641599655151,1.6871646642684937,1.8519328832626343,2.1745705604553223,2.4053330421447754,1.907822608947754,1.6200240850448608,1.4808846712112427,1.3064576387405396,1.2611360549926758,1.4857940673828125,1.317007064819336,1.508992314338684,1.3855582475662231,1.653674840927124,1.6815712451934814,1.9554353952407837,2.1218371391296387,2.4102439880371094,2.6524205207824707,2.348259687423706,2.074867010116577,2.040715456008911,1.922668218612671,1.9395251274108887,2.1648969650268555,1.9416078329086304,1.888752818107605,1.7516719102859497,2.030667304992676,2.0481228828430176,2.300934314727783,2.4497437477111816,2.693676710128784,2.9474267959594727
B6,2.1285507678985596,1.8617764711380005,1.5737793445587158,1.2898026704788208,1.1683470010757446,0.7842069268226624,0.767541766166687,0.799290657043457,1.001146674156189,1.2453619241714478,1.2675514221191406,1.6372770071029663,1.7625651359558105,2.1474061012268066,2.3373169898986816,1.5670589208602905,1.305572509765625,0.9886316657066345,0.6826618313789368,0.40954965353012085,0.0,0.39210349321365356,0.6734057664871216,0.8225767016410828,1.1443768739700317,1.230689525604248,1.6021696329116821,1.796112060546875,2.1617820262908936,2.402287483215332,1.7174385786056519,1.3951181173324585,1.126501202583313,0.7913164496421814,0.5455600023269653,0.6266323328018188,0.5157051682472229,0.8604257702827454,0.8796663880348206,1.2289488315582275,1.3457683324813843,1.690959095954895,1.912421703338623,2.2549684047698975,2.5193228721618652,1.9781372547149658,1.648733139038086,1.4675967693328857,1.1980397701263428,1.0836392641067505,1.2108601331710815,0.9773150682449341,1.1783241033554077,1.1337971687316895,1.4587777853012085,1.5747206211090088,1.8799703121185303,2.105782985687256,2.4137160778045654,2.6936445236206055,2.3406474590301514,2.024700880050659,1.9567714929580688,1.7648427486419678,1.7468416690826416,1.9106652736663818,1.6387135982513428,1.571848750114441,1.4855760335922241,1.798120141029358,1.8885505199432373,2.1596486568450928,2.3668582439422607,2.6213951110839844,2.9149444103240967
B7,2.082244396209717,1.7720074653625488,1.4755935668945312,1.136652946472168,0.9692789316177368,0.62367844581604,0.43598899245262146,0.45956718921661377,0.761137068271637,1.047659993171692,1.188666582107544,1.5626226663589478,1.7682831287384033,2.142399311065674,2.384983539581299,1.800331711769104,1.4855067729949951,1.2300145626068115,0.8590741753578186,0.6463962197303772,0.39210349321365356,0.0,0.3869616687297821,0.5833389163017273,0.9630478024482727,1.1643174886703491,1.5222407579421997,1.786266803741455,2.1314799785614014,2.417599678039551,1.9407479763031006,1.585257887840271,1.3853999376296997,1.0196231603622437,0.8649516701698303,0.8366510272026062,0.5286098122596741,0.7484884262084961,0.7426890134811401,1.1037578582763672,1.3037465810775757,1.6181724071502686,1.8937309980392456,2.2079274654388428,2.510204553604126,2.178492307662964,1.8259351253509521,1.7022511959075928,1.402718186378479,1.3379487991333008,1.391741394996643,1.076849102973938,1.1624374389648438,1.095723271369934,1.3956823348999023,1.5626128911972046,1.8244414329528809,2.0880696773529053,2.361382007598877,2.670534372329712,2.5169105529785156,2.183692455291748,2.1600425243377686,1.9425889253616333,1.9609967470169067,2.076387882232666,1.7713892459869385,1.6236965656280518,1.5137600898742676,1.7869518995285034,1.9045742750167847,2.1282591819763184,2.3580918312072754,2.570202112197876,2.8818323612213135
B8,2.319718599319458,1.9800432920455933,1.7251816987991333,1.3522593975067139,1.2196781635284424,0.9459764957427979,0.6413248777389526,0.43687641620635986,0.7681648135185242,0.9444996118545532,1.1424485445022583,1.4782803058624268,1.7062456607818604,2.0637669563293457,2.3209705352783203,1.8726187944412231,1.5374826192855835,1.3606929779052734,1.0051685571670532,0.9228879809379578,0.6734057664871216,0.3869616687297821,0.0,0.39111822843551636,0.7119120359420776,0.991255521774292,1.332089900970459,1.6306794881820679,1.9655263423919678,2.2727227210998535,1.9154504537582397,1.5403635501861572,1.4009896516799927,1.0185333490371704,0.9641181826591492,0.8560758233070374,0.49606963992118835,0.48209312558174133,0.42005351185798645,0.7739084362983704,1.0474848747253418,1.3484009504318237,1.6644550561904907,1.9692856073379517,2.296614170074463,2.0804853439331055,1.7087138891220093,1.6342267990112305,1.3101246356964111,1.3123176097869873,1.312934160232544,0.9766274094581604,0.933804988861084,0.8100674748420715,1.0707134008407593,1.2771577835083008,1.5143290758132935,1.8113621473312378,2.071824073791504,2.4044504165649414,2.3625009059906006,2.014451026916504,2.030190944671631,1.7952580451965332,1.8636499643325806,1.9459353685379028,1.6441683769226074,1.4235857725143433,1.2644262313842773,1.4882899522781372,1.6170257329940796,1.807163119316101,2.056447982788086,2.2470924854278564,2.5754575729370117
B9,2.105745553970337,1.7536882162094116,1.5640746355056763,1.1854307651519775,1.164687991142273,0.9779183864593506,0.7147124409675598,0.3481515347957611,0.47418126463890076,0.5604318380355835,0.7680906653404236,1.0949949026107788,1.3491222858428955,1.6969836950302124,1.9751522541046143,1.6732590198516846,1.3089146614074707,1.2066720724105835,0.8551152348518372,0.898746907711029,0.8225767016410828,0.5833389163017273,0.39111822843551636,0.0,0.391313374042511,0.6693938374519348,0.9909878373146057,1.306160569190979,1.6241824626922607,1.9435704946517944,1.7565314769744873,1.3793296813964844,1.3240495920181274,0.9946346879005432,1.062541127204895,1.0863243341445923,0.8044854998588562,0.7730753421783447,0.48374149203300476,0.6804839372634888,0.8616485595703125,1.106889009475708,1.405766248703003,1.6827377080917358,2.0071377754211426,1.9643621444702148,1.6120325326919556,1.6148827075958252,1.3584200143814087,1.4528952836990356,1.5342823266983032,1.2556575536727905,1.194397211074829,0.949540913105011,1.1026345491409302,1.2046289443969727,1.3809598684310913,1.6325477361679077,1.8578426837921143,2.171881914138794,2.296255350112915,1.9783353805541992,2.0565683841705322,1.8848179578781128,2.0131731033325195,2.146426200866699,1.8920602798461914,1.6653624773025513,1.4287041425704956,1.5877950191497803,1.6270229816436768,1.7712546586990356,1.959944725036621,2.1190760135650635,2.413837432861328
B10,2.2704882621765137,1.9153413772583008,1.7974119186401367,1.4306256771087646,1.4823157787322998,1.343406319618225,1.0912997722625732,0.7074459195137024,0.6759620308876038,0.4925173819065094,0.6599124670028687,0.8780954480171204,1.130704402923584,1.443196415901184,1.7274272441864014,1.625962495803833,1.261606216430664,1.2772225141525269,1.0031019449234009,1.1701560020446777,1.1443768739700317,0.9630478024482727,0.7119120359420776,0.391313374042511,0.0,0.3936206102371216,0.6482977271080017,0.9935048818588257,1.2892290353775024,1.6240394115447998,1.6348215341567993,1.2664215564727783,1.3188104629516602,1.0538406372070312,1.2423068284988403,1.2876105308532715,1.0677580833435059,0.9367172122001648,0.5538676977157593,0.482160747051239,0.5805587768554688,0.7425177693367004,1.0550988912582397,1.3075817823410034,1.6456518173217773,1.7963329553604126,1.4595509767532349,1.5527535676956177,1.3458876609802246,1.5365922451019287,1.6332775354385376,1.408219814300537,1.2789503335952759,0.9429412484169006,0.9526243805885315,0.9698458909988403,1.0658929347991943,1.2949966192245483,1.4873580932617188,1.8015910387039185,2.105381965637207,1.8086307048797607,1.955212116241455,1.8249388933181763,2.02170467376709,2.1666150093078613,1.9620825052261353,1.7063112258911133,1.3986579179763794,1.465829610824585,1.4318630695343018,1.51421058177948,1.6595385074615479,1.7838995456695557,2.0609254837036133
B11,2.2481231689453125,1.9229007959365845,1.8568440675735474,1.531240701675415,1.6550630331039429,1.512042760848999,1.3393291234970093,0.9834036827087402,0.8546035885810852,0.5980933308601379,0.49730801582336426,0.6428834199905396,0.7921478152275085,1.1201542615890503,1.367689847946167,1.288408637046814,0.9363746047019958,1.0454059839248657,0.8760026097297668,1.1571723222732544,1.230689525604248,1.1643174886703491,0.991255521774292,0.6693938374519348,0.3936206102371216,0.0,0.37559205293655396,0.6415078043937683,0.980254590511322,1.2829803228378296,1.2911125421524048,0.9427147507667542,1.0767823457717896,0.9168522953987122,1.2007875442504883,1.348317265510559,1.2326799631118774,1.1600346565246582,0.7743247151374817,0.6398199200630188,0.4589085578918457,0.5852996110916138,0.7848257422447205,1.0642743110656738,1.358638048171997,1.488556146621704,1.1886693239212036,1.3372893333435059,1.2248187065124512,1.4780970811843872,1.6585934162139893,1.5172288417816162,1.4385846853256226,1.0713671445846558,1.0401359796524048,0.9059438705444336,0.9918714165687561,1.1162047386169434,1.3219033479690552,1.5831598043441772,1.854026198387146,1.6004339456558228,1.7786928415298462,1.7251391410827637,1.9529883861541748,2.160618782043457,2.0165584087371826,1.8064707517623901,1.4705196619033813,1.5222476720809937,1.3929482698440552,1.4831432104110718,1.5465978384017944,1.6916049718856812,1.9164748191833496
B12,2.3560283184051514,2.037266969680786,2.0388448238372803,1.735944390296936,1.909074306488037,1.8216700553894043,1.6502666473388672,1.2839574813842773,1.092761754989624,0.7424589395523071,0.611613929271698,0.5065640211105347,0.6342626214027405,0.8652059435844421,1.135583758354187,1.3966630697250366,1.0798313617706299,1.2918838262557983,1.1870059967041016,1.497815728187561,1.6021696329116821,1.5222407579421997,1.332089900970459,0.9909878373146057,0.6482977271080017,0.37559205293655396,0.0,0.3804616332054138,0.641122043132782,0.9818981885910034,1.371165156364441,1.0844289064407349,1.3182580471038818,1.2366600036621094,1.5532056093215942,1.707450270652771,1.598547101020813,1.488793134689331,1.0984892845153809,0.8653887510299683,0.6181104183197021,0.48457300662994385,0.582038938999176,0.7572487592697144,1.05450439453125,1.5378303527832031,1.2981451749801636,1.5331686735153198,1.4853464365005493,1.7835807800292969,1.9674545526504517,1.850805640220642,1.735979676246643,1.3485591411590576,1.2219468355178833,1.01409912109375,0.9619544148445129,0.9914960265159607,1.1015386581420898,1.327375888824463,1.8846161365509033,1.6821764707565308,1.925175666809082,1.9219316244125366,2.1934120655059814,2.4050939083099365,2.296649217605591,2.0716392993927,1.7068766355514526,1.6813677549362183,1.4886703491210938,1.4943312406539917,1.4788196086883545,1.555280089378357,1.7258999347686768
B13,2.4743824005126953,2.192959785461426,2.231611728668213,1.9677972793579102,2.1742660999298096,2.076495885848999,1.9489911794662476,1.601831078529358,1.3951815366744995,1.063544750213623,0.8166521191596985,0.6172454953193665,0.4884590804576874,0.6443735957145691,0.821488618850708,1.2114837169647217,0.9702906012535095,1.2752712965011597,1.2869409322738647,1.6448181867599487,1.796112060546875,1.786266803741455,1.6306794881820679,1.306160569190979,0.9935048818588257,0.6415078043937683,0.3804616332054138,0.0,0.3790552616119385,0.6420544981956482,1.1444013118743896,0.9432171583175659,1.261101484298706,1.2963415384292603,1.6548243761062622,1.8616726398468018,1.8247228860855103,1.7450897693634033,1.370858907699585,1.1344592571258545,0.79396653175354,0.628498911857605,0.4670492708683014,0.6092143654823303,0.7937934398651123,1.3158271312713623,1.1583231687545776,1.4506863355636597,1.5034079551696777,1.8367363214492798,2.0705196857452393,2.022026300430298,1.94032883644104,1.5529214143753052,1.4074230194091797,1.1114627122879028,1.0434542894363403,0.9353465437889099,1.032113790512085,1.1587283611297607,1.6940522193908691,1.5598828792572021,1.8327785730361938,1.9076271057128906,2.199817657470703,2.4540579319000244,2.402456760406494,2.2177786827087402,1.8465148210525513,1.8050562143325806,1.54338538646698,1.5485806465148926,1.445770263671875,1.5335429906845093,1.6302484273910522
