,A1,A2,A3,A4,A5,A6,A7,A8,A9,A10,A11,A12,A13,A14,A15,B1,B2,B3,B4,B5,B6,B7,B8,B9,B10,B11,B12,B13,B14,B15,C1,C2,C3,C4,C5,C6,C7,C8,C9,C10,C11,C12,C13,C14,C15,D1,D2,D3,D4,D5,D6,D7,D8,D9,D10,D11,D12,D13,D14,D15,E1,E2,E3,E4,E5,E6,E7,E8,E9,E10,E11,E12,E13,E14,E15
A1,0.0,0.3714931905269623,0.6282979846000671,0.9755464792251587,1.223852276802063,1.560189127922058,1.7163646221160889,2.0459437370300293,2.3585455417633057,2.7065060138702393,2.950749158859253,3.3273777961730957,3.5445163249969482,3.899122953414917,4.11010217666626,3.4621617794036865,3.271918296813965,2.948798656463623,2.8175997734069824,2.442370653152466,2.3200337886810303,2.2064568996429443,2.4567933082580566,2.6876542568206787,3.0126311779022217,3.293994665145874,3.5916340351104736,3.8538148403167725,4.166502952575684,4.42655611038208,4.259846210479736,3.9102230072021484,3.6415793895721436,3.3398492336273193,3.0444486141204834,2.8114511966705322,2.503850221633911,2.5494110584259033,2.75032114982605,3.0642287731170654,3.3500216007232666,3.5936505794525146,3.8195669651031494,4.108449935913086,4.309844493865967,3.4697160720825195,3.1048333644866943,2.9734771251678467,2.6842095851898193,2.482163906097412,2.3841609954833984,2.0168139934539795,1.8947087526321411,1.8023593425750732,2.0285463333129883,2.392548084259033,2.437037229537964,2.7991819381713867,2.9116392135620117,3.252885580062866,3.5166738033294678,3.4477410316467285,3.067929267883301,2.967364549636841,2.59462833404541,2.496771812438965,2.4081315994262695,2.052011251449585,1.8122798204421997,1.7532002925872803,2.050938367843628,1.9102612733840942,2.255286693572998,2.207991361618042,2.426851511001587
A2,0.3714931905269623,0.0,0.38603588938713074,0.6477660536766052,0.9509846568107605,1.251674771308899,1.4251868724822998,1.7306599617004395,2.06213641166687,2.4068984985351562,2.6398842334747314,3.020867347717285,3.2201027870178223,3.5837926864624023,3.7794606685638428,3.1033332347869873,2.905407667160034,2.582158088684082,2.4463465213775635,2.071610450744629,1.9511361122131348,1.8462884426116943,2.109325408935547,2.3423120975494385,2.6751859188079834,2.9446544647216797,3.252859592437744,3.5046379566192627,3.8247475624084473,4.07609748840332,3.9496777057647705,3.603943347930908,3.3285839557647705,3.02091646194458,2.729673147201538,2.4780826568603516,2.1867873668670654,2.255779504776001,2.4768075942993164,2.8045618534088135,3.0767629146575928,3.3428955078125,3.559002637863159,3.863243341445923,4.06032657623291,3.3388290405273438,2.9707422256469727,2.8131959438323975,2.501323699951172,2.290311098098755,2.144404172897339,1.7762799263000488,1.6507503986358643,1.6237876415252686,1.8794957399368286,2.246752977371216,2.340245008468628,2.689824342727661,2.8459975719451904,3.167694091796875,3.328324794769287,3.2276103496551514,2.8542020320892334,2.7232086658477783,2.352304220199585,2.243844747543335,2.1156256198883057,1.7560186386108398,1.5523500442504883,1.488145112991333,1.8127901554107666,1.704401969909668,2.054974317550659,2.064006805419922,2.286973714828491
A3,0.6282979846000671,0.38603588938713074,0.0,0.38567712903022766,0.6032973527908325,0.935699462890625,1.1129746437072754,1.448207139968872,1.7602049112319946,2.093860387802124,2.3540897369384766,2.7234947681427,2.949009895324707,3.3045735359191895,3.5217766761779785,3.029496908187866,2.8004038333892822,2.5031509399414062,2.3307244777679443,1.9568381309509277,1.816648244857788,1.6438210010528564,1.8746439218521118,2.0863914489746094,2.404778242111206,2.6971192359924316,2.9809207916259766,3.25502872467041,3.556711196899414,3.829129457473755,3.683763027191162,3.3460395336151123,3.0584778785705566,2.7736589908599854,2.4586808681488037,2.2372539043426514,1.9345372915267944,2.0223357677459717,2.202720880508423,2.5419485569000244,2.8355844020843506,3.0915277004241943,3.331162691116333,3.62569260597229,3.8486437797546387,3.1371426582336426,2.78165602684021,2.5877859592437744,2.293084144592285,2.0413248538970947,1.9028621912002563,1.5379467010498047,1.4856419563293457,1.4925609827041626,1.804764747619629,2.1562845706939697,2.2976465225219727,2.6372604370117188,2.8217356204986572,3.1422953605651855,3.388033628463745,3.2823190689086914,2.916257858276367,2.74513578414917,2.389946699142456,2.221487283706665,2.080150604248047,1.7156399488449097,1.581279993057251,1.592726230621338,1.9535804986953735,1.914746880531311,2.274209499359131,2.332362174987793,2.57542085647583
A4,0.9755464792251587,0.6477660536766052,0.38567712903022766,0.0,0.3776535391807556,0.6062093377113342,0.8248303532600403,1.1194151639938354,1.4569183588027954,1.7808582782745361,2.0295302867889404,2.4023616313934326,2.6072912216186523,2.973893642425537,3.1739096641540527,2.676168203353882,2.431654453277588,2.1412434577941895,1.9543159008026123,1.583329439163208,1.4402976036071777,1.259941577911377,1.5032544136047363,1.7141423225402832,2.042431354522705,2.323108673095703,2.617999315261841,2.8822576999664307,3.1915509700775146,3.456035614013672,3.3594255447387695,3.028391122817993,2.730644702911377,2.441955804824829,2.1291372776031494,1.8868502378463745,1.6071746349334717,1.7343833446502686,1.9338223934173584,2.290468692779541,2.5663349628448486,2.848034381866455,3.076345682144165,3.386812210083008,3.6059539318084717,3.0447864532470703,2.693470001220703,2.4688405990600586,2.155272960662842,1.8937169313430786,1.694473147392273,1.3421850204467773,1.304616093635559,1.4087852239608765,1.7457070350646973,2.0826289653778076,2.278702735900879,2.5928027629852295,2.8215866088867188,3.114150047302246,3.250821113586426,3.1109941005706787,2.760223150253296,2.5525145530700684,2.2113397121429443,2.025393486022949,1.83499276638031,1.478371500968933,1.4176673889160156,1.4394958019256592,1.8156744241714478,1.8266266584396362,2.1742570400238037,2.293076276779175,2.532923936843872
A5,1.223852276802063,0.9509846568107605,0.6032973527908325,0.3776535391807556,0.0,0.3935764729976654,0.5280464291572571,0.880008339881897,1.1718430519104004,1.4951621294021606,1.770247459411621,2.130500078201294,2.372115135192871,2.7206130027770996,2.9525017738342285,2.683603048324585,2.423215627670288,2.1753904819488525,1.9703965187072754,1.6128267049789429,1.485296607017517,1.2203824520111084,1.4209113121032715,1.5684685707092285,1.8809977769851685,2.180208444595337,2.440267324447632,2.729671001434326,3.0100488662719727,3.303370952606201,3.2303085327148438,2.918334722518921,2.5988454818725586,2.3492887020111084,2.003913164138794,1.8041752576828003,1.531459927558899,1.7012646198272705,1.8353525400161743,2.205940008163452,2.503901958465576,2.7713778018951416,3.0269229412078857,3.322866439819336,3.5727591514587402,3.034472942352295,2.7057621479034424,2.442185640335083,2.1609480381011963,1.8531638383865356,1.668687105178833,1.3440361022949219,1.408569097518921,1.5432446002960205,1.91347336769104,2.2215301990509033,2.4505715370178223,2.7498860359191895,2.993788957595825,3.283764600753784,3.4949512481689453,3.3512556552886963,3.012766122817993,2.7767181396484375,2.457155466079712,2.2293052673339844,2.028341054916382,1.6877251863479614,1.6909600496292114,1.7557991743087769,2.137061357498169,2.1784560680389404,2.520996332168579,2.6583139896392822,2.896334171295166
A6,1.560189127922058,1.251674771308899,0.935699462890625,0.6062093377113342,0.3935764729976654,0.0,0.3917824327945709,0.6260665655136108,0.9357635378837585,1.2111496925354004,1.4929934740066528,1.8444797992706299,2.0677974224090576,2.4301764965057373,2.644000768661499,2.4279263019561768,2.1348862648010254,1.9074987173080444,1.6630513668060303,1.330870270729065,1.1714816093444824,0.8645352125167847,1.0335314273834229,1.18323814868927,1.4915118217468262,1.7945541143417358,2.05739426612854,2.3454346656799316,2.631371021270752,2.9192283153533936,2.852768659591675,2.546002149581909,2.219963550567627,1.9707965850830078,1.625460147857666,1.4189696311950684,1.166179895401001,1.3778198957443237,1.5151110887527466,1.8972883224487305,2.1769659519195557,2.463127374649048,2.708542585372925,3.0145041942596436,3.2619662284851074,2.8725359439849854,2.5565285682678223,2.265991449356079,1.9777169227600098,1.6670817136764526,1.4289253950119019,1.1459619998931885,1.2489910125732422,1.4716492891311646,1.8466514348983765,2.1202824115753174,2.3974814414978027,2.661811590194702,2.9431447982788086,3.2013773918151855,3.3423337936401367,3.175665855407715,2.860032320022583,2.589756488800049,2.2998006343841553,2.0458080768585205,1.814119815826416,1.505231261253357,1.5958292484283447,1.6964116096496582,2.0723373889923096,2.1742007732391357,2.4979419708251953,2.6876018047332764,2.93148136138916
A7,1.7163646221160889,1.4251868724822998,1.1129746437072754,0.8248303532600403,0.5280464291572571,0.3917824327945709,0.0,0.3774365186691284,0.6475191712379456,0.9922821521759033,1.2483254671096802,1.6142858266830444,1.857406497001648,2.1996266841888428,2.438647508621216,2.3454713821411133,2.0792076587677,1.890647292137146,1.6889488697052002,1.3658281564712524,1.3105376958847046,0.9885122179985046,1.1727356910705566,1.2016226053237915,1.5209819078445435,1.7926894426345825,2.037242889404297,2.324112892150879,2.5851831436157227,2.8918442726135254,2.9761338233947754,2.702806234359741,2.3493151664733887,2.1400351524353027,1.7808477878570557,1.5893571376800537,1.4014244079589844,1.6684339046478271,1.7667888402938843,2.1537482738494873,2.428131341934204,2.713031530380249,2.9647743701934814,3.2649283409118652,3.526038646697998,3.1983840465545654,2.8980746269226074,2.5890626907348633,2.3217508792877197,1.993429183959961,1.7616279125213623,1.5075721740722656,1.635157585144043,1.8602876663208008,2.2374038696289062,2.507704973220825,2.7868402004241943,3.050156593322754,3.3315844535827637,3.5903844833374023,3.7033348083496094,3.519890785217285,3.211545944213867,2.9345521926879883,2.6488850116729736,2.405613422393799,2.148693799972534,1.852294683456421,1.9514530897140503,2.0133490562438965,2.382136821746826,2.456737518310547,2.7676894664764404,2.9530999660491943,3.163503885269165
A8,2.0459437370300293,1.7306599617004395,1.448207139968872,1.1194151639938354,0.880008339881897,0.6260665655136108,0.3774365186691284,0.0,0.370813250541687,0.7034250497817993,0.9113462567329407,1.2913213968276978,1.5020743608474731,1.8583427667617798,2.0774364471435547,2.035430908203125,1.7592765092849731,1.6122006177902222,1.409993290901184,1.1294022798538208,1.1285905838012695,0.8008070588111877,0.9709314107894897,0.9094504117965698,1.2408344745635986,1.4715298414230347,1.7233161926269531,1.9919575452804565,2.2544872760772705,2.5549700260162354,2.7602288722991943,2.512603282928467,2.144702911376953,1.9523497819900513,1.6066464185714722,1.403036117553711,1.3005211353302002,1.6233716011047363,1.721337914466858,2.105537176132202,2.3414266109466553,2.646052360534668,2.87654972076416,3.185629367828369,3.438199996948242,3.2891077995300293,3.0046207904815674,2.6786396503448486,2.4105043411254883,2.092846393585205,1.8191269636154175,1.6186202764511108,1.7543424367904663,2.0352180004119873,2.400477409362793,2.644932746887207,2.951937198638916,3.186791181564331,3.493290901184082,3.7235822677612305,3.727510452270508,3.514195442199707,3.23195481300354,2.9316256046295166,2.6744890213012695,2.432891607284546,2.1397273540496826,1.8862266540527344,2.0465168952941895,2.101834774017334,2.4497082233428955,2.5511844158172607,2.83232045173645,3.0542147159576416,3.246671676635742
A9,2.3585455417633057,2.06213641166687,1.7602049112319946,1.4569183588027954,1.1718430519104004,0.9357635378837585,0.6475191712379456,0.370813250541687,0.0,0.39048662781715393,0.6117352247238159,0.9729064106941223,1.2341457605361938,1.5586724281311035,1.8185094594955444,2.099789619445801,1.8275781869888306,1.7534343004226685,1.5601677894592285,1.346215009689331,1.3780430555343628,1.044899582862854,1.1226372718811035,0.9387948513031006,1.1973028182983398,1.4062714576721191,1.5916988849639893,1.8723925352096558,2.084831953048706,2.412792682647705,2.698845148086548,2.4914510250091553,2.1094188690185547,1.9798272848129272,1.6293799877166748,1.49099862575531,1.4411331415176392,1.7827914953231812,1.8127593994140625,2.1812877655029297,2.4127931594848633,2.696746826171875,2.937702178955078,3.226590394973755,3.4983022212982178,3.4173731803894043,3.1611571311950684,2.8130767345428467,2.5799765586853027,2.247340679168701,1.993501901626587,1.8395185470581055,2.0242483615875244,2.3105409145355225,2.6801528930664062,2.900056838989258,3.222283124923706,3.441361665725708,3.755455255508423,3.977847099304199,4.0149335861206055,3.7978241443634033,3.5306732654571533,3.215822458267212,2.9800033569335938,2.720857858657837,2.4284584522247314,2.1980042457580566,2.3840620517730713,2.4564528465270996,2.8003053665161133,2.9139456748962402,3.1889421939849854,3.4189019203186035,3.60719895362854
A10,2.7065060138702393,2.4068984985351562,2.093860387802124,1.7808582782745361,1.4951621294021606,1.2111496925354004,0.9922821521759033,0.7034250497817993,0.39048662781715393,0.0,0.3734995424747467,0.6478154063224792,0.9440240263938904,1.2568700313568115,1.53085196018219,2.116558790206909,1.8208012580871582,1.8124934434890747,1.5931098461151123,1.4618808031082153,1.477975845336914,1.1501502990722656,1.1106252670288086,0.8299568891525269,0.9754233956336975,1.1649043560028076,1.278193712234497,1.5736534595489502,1.745564341545105,2.0934665203094482,2.411362886428833,2.2414791584014893,1.854615330696106,1.7845877408981323,1.448449730873108,1.3782882690429688,1.3984870910644531,1.749607801437378,1.7215774059295654,2.0595312118530273,2.2651383876800537,2.533097982406616,2.7691071033477783,3.0410079956054688,3.320206880569458,3.3700711727142334,3.1469874382019043,2.7816474437713623,2.5791471004486084,2.252793073654175,2.002650499343872,1.9183934926986694,2.1408166885375977,2.4497265815734863,2.8083736896514893,2.987126111984253,3.3328258991241455,3.518690586090088,3.8492846488952637,4.046697616577148,4.086056232452393,3.8632214069366455,3.6226205825805664,3.2880032062530518,3.0891191959381104,2.809077024459839,2.5193939208984375,2.3315494060516357,2.564366102218628,2.6695494651794434,3.0005581378936768,3.1525397300720215,3.4148569107055664,3.6701841354370117,3.8669159412384033
A11,2.950749158859253,2.6398842334747314,2.3540897369384766,2.0295302867889404,1.770247459411621,1.4929934740066528,1.2483254671096802,0.9113462567329407,0.6117352247238159,0.3734995424747467,0.0,0.39678674936294556,0.6261340975761414,0.951443076133728,1.2095727920532227,1.8915811777114868,1.629409670829773,1.6842658519744873,1.5208382606506348,1.4506375789642334,1.5527033805847168,1.2882637977600098,1.2723513841629028,0.9345232844352722,1.0603289604187012,1.1261053085327148,1.2318223714828491,1.463567852973938,1.6192337274551392,1.9483031034469604,2.484753370285034,2.3541810512542725,1.9689927101135254,1.9188116788864136,1.6274338960647583,1.5369826555252075,1.6302841901779175,1.9964736700057983,1.9907095432281494,2.3139398097991943,2.4778382778167725,2.7590034008026123,2.96569561958313,3.2432243824005127,3.504142999649048,3.679417610168457,3.4605002403259277,3.0964701175689697,2.886258363723755,2.5758230686187744,2.302654504776001,2.2279014587402344,2.425107479095459,2.7515995502471924,3.100426435470581,3.2791860103607178,3.6283962726593018,3.8066890239715576,4.145224094390869,4.329543590545654,4.2600297927856445,4.012261867523193,3.7885491847991943,3.4497716426849365,3.2631664276123047,3.0068163871765137,2.6912577152252197,2.5267996788024902,2.7726242542266846,2.8446569442749023,3.1553380489349365,3.299255847930908,3.5352585315704346,3.801896333694458,3.968407154083252
A12,3.3273777961730957,3.020867347717285,2.7234947681427,2.4023616313934326,2.130500078201294,1.8444797992706299,1.6142858266830444,1.2913213968276978,0.9729064106941223,0.6478154063224792,0.39678674936294556,0.0,0.3850017189979553,0.6142737865447998,0.9263859391212463,2.053788423538208,1.8001831769943237,1.921281337738037,1.761021614074707,1.7565653324127197,1.8508222103118896,1.6015766859054565,1.5177960395812988,1.1480228900909424,1.1453218460083008,1.1462994813919067,1.1270149946212769,1.3370906114578247,1.4014925956726074,1.7478086948394775,2.3767149448394775,2.3051230907440186,1.9314647912979126,1.9577099084854126,1.7022860050201416,1.6843547821044922,1.8264094591140747,2.1804842948913574,2.122408151626587,2.4047248363494873,2.5415308475494385,2.794320821762085,2.9934277534484863,3.243997812271118,3.5105059146881104,3.79581618309021,3.6100430488586426,3.235842704772949,3.0593960285186768,2.7554144859313965,2.4994983673095703,2.4733150005340576,2.6971185207366943,3.0291249752044678,3.3701858520507812,3.5189199447631836,3.880937099456787,4.035178184509277,4.381863117218018,4.548579692840576,4.491642951965332,4.241388320922852,4.039851665496826,3.689610481262207,3.531686782836914,3.2626354694366455,2.954519271850586,2.819533586502075,3.0898067951202393,3.181861162185669,3.4837229251861572,3.648317575454712,3.875765085220337,4.155543327331543,4.324602127075195
A13,3.5445163249969482,3.2201027870178223,2.949009895324707,2.6072912216186523,2.372115135192871,2.0677974224090576,1.857406497001648,1.5020743608474731,1.2341457605361938,0.9440240263938904,0.6261340975761414,0.3850017189979553,0.0,0.40037742257118225,0.5889509320259094,1.8065413236618042,1.5766587257385254,1.7622098922729492,1.6420577764511108,1.7146297693252563,1.8547178506851196,1.674832820892334,1.593587040901184,1.2122024297714233,1.1837416887283325,1.0582292079925537,1.0393553972244263,1.147255301475525,1.2086793184280396,1.5075592994689941,2.341590642929077,2.301459312438965,1.9448330402374268,1.9753069877624512,1.7792460918426514,1.735695242881775,1.9420671463012695,2.298382043838501,2.2722344398498535,2.5354509353637695,2.6220498085021973,2.892028570175171,3.0506062507629395,3.311041831970215,3.5471503734588623,3.9747684001922607,3.7911839485168457,3.424445390701294,3.2344558238983154,2.9568748474121094,2.6721951961517334,2.661865234375,2.856727361679077,3.2093265056610107,3.5318069458007812,3.6722168922424316,4.038898944854736,4.1773223876953125,4.534039497375488,4.679303169250488,4.499246597290039,4.225902557373047,4.048853397369385,3.6955318450927734,3.560041666030884,3.314530849456787,2.9884376525878906,2.8886399269104004,3.1782796382904053,3.249277114868164,3.5227792263031006,3.6933999061584473,3.8896803855895996,4.186879634857178,4.33383846282959
A14,3.899122953414917,3.5837926864624023,3.3045735359191895,2.973893642425537,2.7206130027770996,2.4301764965057373,2.1996266841888428,1.8583427667617798,1.5586724281311035,1.2568700313568115,0.951443076133728,0.6142737865447998,0.40037742257118225,0.0,0.3885735273361206,2.070544719696045,1.882885217666626,2.106351137161255,2.0128016471862793,2.104588031768799,2.2526276111602783,2.0733251571655273,1.978685736656189,1.5953773260116577,1.522620677947998,1.376883625984192,1.2689048051834106,1.329859972000122,1.2759007215499878,1.5583029985427856,2.4929733276367188,2.5074779987335205,2.1711769104003906,2.257500648498535,2.08378005027771,2.0840201377868652,2.2990498542785645,2.645569086074829,2.5856456756591797,2.82438325881958,2.9001758098602295,3.142740488052368,3.298844337463379,3.5330381393432617,3.7741270065307617,4.255752086639404,4.094195365905762,3.7211809158325195,3.556062698364258,3.2760729789733887,3.0102291107177734,3.016899824142456,3.2289559841156006,3.5776259899139404,3.9017906188964844,4.031373023986816,4.402019500732422,4.532382965087891,4.890316963195801,5.030649662017822,4.867467403411865,4.5931010246276855,4.426678657531738,4.069930553436279,3.9457125663757324,3.695652723312378,3.374145030975342,3.281667947769165,3.574871063232422,3.6495065689086914,3.921995162963867,4.092688083648682,4.285995960235596,4.58380126953125,4.7249932289123535
A15,4.11010217666626,3.7794606685638428,3.5217766761779785,3.1739096641540527,2.9525017738342285,2.644000768661499,2.438647508621216,2.0774364471435547,1.8185094594955444,1.53085196018219,1.2095727920532227,0.9263859391212463,0.5889509320259094,0.3885735273361206,0.0,1.904606580734253,1.7469069957733154,2.0227596759796143,1.9633511304855347,2.121129274368286,2.2928476333618164,2.173417329788208,2.07621693611145,1.7017346620559692,1.6081962585449219,1.3756096363067627,1.2694765329360962,1.2194206714630127,1.1522345542907715,1.3527677059173584,2.464289426803589,2.5075607299804688,2.1980979442596436,2.2858715057373047,2.1693711280822754,2.1514904499053955,2.4131317138671875,2.752943277359009,2.719566583633423,2.937443971633911,2.967317581176758,3.221503496170044,3.3379132747650146,3.578385829925537,3.787538528442383,4.398418426513672,4.240092754364014,3.876502752304077,3.7007837295532227,3.4472086429595947,3.1591079235076904,3.181931972503662,3.3688483238220215,3.732930898666382,4.0372443199157715,4.155806541442871,4.529245853424072,4.642391681671143,5.008199214935303,5.12651252746582,4.853139877319336,4.560458183288574,4.42003870010376,4.063093185424805,3.963536024093628,3.735318422317505,3.4040746688842773,3.346560001373291,3.6558213233947754,3.715935707092285,3.959714889526367,4.138845920562744,4.302356243133545,4.615595817565918,4.739161491394043
B1,3.4621617794036865,3.1033332347869873,3.029496908187866,2.676168203353882,2.683603048324585,2.4279263019561768,2.3454713821411133,2.035430908203125,2.099789619445801,2.116558790206909,1.8915811777114868,2.053788423538208,1.8065413236618042,2.070544719696045,1.904606580734253,0.0,0.39394497871398926,0.60831218957901,0.9327195882797241,1.1752640008926392,1.519692063331604,1.726215124130249,1.873500943183899,1.7559940814971924,1.9324941635131836,1.7087223529815674,2.0045254230499268,1.8918310403823853,2.1860270500183105,2.1940178871154785,3.060690402984619,2.934523105621338,2.6659297943115234,2.4798367023468018,2.417858362197876,2.1197617053985596,2.337728500366211,2.6308062076568604,2.858468770980835,3.124619483947754,3.115654230117798,3.4878814220428467,3.5183651447296143,3.869234800338745,3.9615302085876465,4.483891010284424,4.220275402069092,3.945711612701416,3.6303329467773438,3.4623959064483643,3.0779731273651123,2.9911446571350098,2.9612979888916016,3.314119815826416,3.5383753776550293,3.7242043018341064,4.026167869567871,4.167967319488525,4.505923748016357,4.614131927490234,3.870511531829834,3.5211641788482666,3.3868825435638428,3.1045267581939697,2.9798190593719482,2.931079387664795,2.5510478019714355,2.530670404434204,2.764941692352295,2.6470699310302734,2.763840436935425,2.860985040664673,2.9017748832702637,3.208897829055786,3.2165350914001465
B2,3.271918296813965,2.905407667160034,2.8004038333892822,2.431654453277588,2.423215627670288,2.1348862648010254,2.0792076587677,1.7592765092849731,1.8275781869888306,1.8208012580871582,1.629409670829773,1.8001831769943237,1.5766587257385254,1.882885217666626,1.7469069957733154,0.39394497871398926,0.0,0.37369564175605774,0.584549605846405,0.8781471252441406,1.1891889572143555,1.3831326961517334,1.4971994161605835,1.3815500736236572,1.5500842332839966,1.336862564086914,1.654691457748413,1.5696414709091187,1.8932944536209106,1.9306031465530396,2.7027454376220703,2.560446262359619,2.2844924926757812,2.0913288593292236,2.0242056846618652,1.7272354364395142,1.9542299509048462,2.249689817428589,2.468890905380249,2.732825756072998,2.7272911071777344,3.0987789630889893,3.1381537914276123,3.488727331161499,3.592695951461792,4.103720188140869,3.8464746475219727,3.5656259059906006,3.2575056552886963,3.0881195068359375,2.7046961784362793,2.6349194049835205,2.6233878135681152,2.986511468887329,3.2159957885742188,3.3886311054229736,3.704481363296509,3.8389859199523926,4.184942245483398,4.29236364364624,3.626420497894287,3.287447690963745,3.1449477672576904,2.8412930965423584,2.718764066696167,2.6329240798950195,2.2536308765411377,2.233768939971924,2.4965639114379883,2.4228365421295166,2.565831422805786,2.7021167278289795,2.775056838989258,3.097841501235962,3.153614044189453
B3,2.948798656463623,2.582158088684082,2.5031509399414062,2.1412434577941895,2.1753904819488525,1.9074987173080444,1.890647292137146,1.6122006177902222,1.7534343004226685,1.8124934434890747,1.6842658519744873,1.921281337738037,1.7622098922729492,2.106351137161255,2.0227596759796143,0.60831218957901,0.37369564175605774,0.0,0.3786313235759735,0.5939645171165466,0.9239778518676758,1.172127604484558,1.3524073362350464,1.3229531049728394,1.5567535161972046,1.4230839014053345,1.784932255744934,1.7566304206848145,2.110138177871704,2.1743314266204834,2.7790942192077637,2.588606834411621,2.3118295669555664,2.0668036937713623,1.9755687713623047,1.6363767385482788,1.806930422782898,2.084160804748535,2.3443331718444824,2.625566244125366,2.6431162357330322,3.024456739425659,3.073551654815674,3.436823606491089,3.5397863388061523,3.9338037967681885,3.654266357421875,3.3898634910583496,3.060988664627075,2.897735357284546,2.511671781539917,2.408005714416504,2.360185384750366,2.709105968475342,2.9320199489593506,3.1253039836883545,3.423922061920166,3.575672149658203,3.9103193283081055,4.031191349029541,3.3689522743225098,3.037489652633667,2.8689703941345215,2.5785632133483887,2.4255850315093994,2.3561108112335205,1.9733750820159912,1.9302936792373657,2.1668121814727783,2.069674491882324,2.214609384536743,2.3365886211395264,2.4176318645477295,2.7342708110809326,2.796143054962158
B4,2.8175997734069824,2.4463465213775635,2.3307244777679443,1.9543159008026123,1.9703965187072754,1.6630513668060303,1.6889488697052002,1.409993290901184,1.5601677894592285,1.5931098461151123,1.5208382606506348,1.761021614074707,1.6420577764511108,2.0128016471862793,1.9633511304855347,0.9327195882797241,0.584549605846405,0.3786313235759735,0.0,0.38155725598335266,0.6119042038917542,0.8557282090187073,0.9913672208786011,0.9924703240394592,1.2223161458969116,1.129280924797058,1.5108368396759033,1.5262233018875122,1.8995782136917114,1.9937779903411865,2.458653211593628,2.2460811138153076,1.9641350507736206,1.7043639421463013,1.6043287515640259,1.2592748403549194,1.4340612888336182,1.7122728824615479,1.96754789352417,2.2471742630004883,2.2704286575317383,2.651427745819092,2.7113420963287354,3.0743651390075684,3.1901683807373047,3.5670430660247803,3.294063091278076,3.022726058959961,2.700913429260254,2.5369138717651367,2.150388479232788,2.0675911903381348,2.040989875793457,2.4035260677337646,2.6319706439971924,2.808680534362793,3.124187707901001,3.2667648792266846,3.61096453666687,3.7304039001464844,3.160264253616333,2.8435051441192627,2.666748046875,2.3527488708496094,2.2035603523254395,2.0867397785186768,1.7069344520568848,1.6642733812332153,1.938236117362976,1.9014309644699097,2.077099323272705,2.246652364730835,2.363882064819336,2.6931188106536865,2.8081488609313965
B5,2.442370653152466,2.071610450744629,1.9568381309509277,1.583329439163208,1.6128267049789429,1.330870270729065,1.3658281564712524,1.1294022798538208,1.346215009689331,1.4618808031082153,1.4506375789642334,1.7565653324127197,1.7146297693252563,2.104588031768799,2.121129274368286,1.1752640008926392,0.8781471252441406,0.5939645171165466,0.38155725598335266,0.0,0.39463701844215393,0.608204185962677,0.8692487478256226,0.9358996748924255,1.2545326948165894,1.2711859941482544,1.6582165956497192,1.748802900314331,2.116429328918457,2.26252818107605,2.6154353618621826,2.367331027984619,2.0650246143341064,1.7815701961517334,1.612722635269165,1.2503178119659424,1.3260523080825806,1.6094621419906616,1.8793249130249023,2.198193073272705,2.279369592666626,2.6577200889587402,2.756706953048706,3.121070623397827,3.261709451675415,3.4586029052734375,3.1625633239746094,2.8922042846679688,2.5576207637786865,2.3683922290802,1.9908292293548584,1.850830078125,1.8153480291366577,2.1603503227233887,2.414381980895996,2.6286661624908447,2.931234836578369,3.1097588539123535,3.440441370010376,3.5939271450042725,3.1267142295837402,2.8341779708862305,2.612051248550415,2.310723304748535,2.1068646907806396,1.9779279232025146,1.601737380027771,1.4817265272140503,1.713775634765625,1.6664129495620728,1.890278697013855,2.029841661453247,2.1925013065338135,2.4957327842712402,2.6278326511383057
B6,2.3200337886810303,1.9511361122131348,1.816648244857788,1.4402976036071777,1.485296607017517,1.1714816093444824,1.3105376958847046,1.1285905838012695,1.3780430555343628,1.477975845336914,1.5527033805847168,1.8508222103118896,1.8547178506851196,2.2526276111602783,2.2928476333618164,1.519692063331604,1.1891889572143555,0.9239778518676758,0.6119042038917542,0.39463701844215393,0.0,0.38405507802963257,0.6083204746246338,0.8264725208282471,1.125022053718567,1.2242004871368408,1.6053346395492554,1.736911654472351,2.1118292808532715,2.268622875213623,2.4056928157806396,2.1200203895568848,1.8349502086639404,1.5147507190704346,1.3436387777328491,0.9650043845176697,0.9892070293426514,1.23828125,1.536295771598816,1.8494997024536133,1.938849687576294,2.316744327545166,2.420759916305542,2.787381649017334,2.9293665885925293,3.0716471672058105,2.7730979919433594,2.5105156898498535,2.1708786487579346,1.9970741271972656,1.6150542497634888,1.487004041671753,1.4438412189483643,1.8001985549926758,2.0459940433502197,2.2452220916748047,2.557420015335083,2.726840019226074,3.063405990600586,3.2136473655700684,2.8217599391937256,2.549097776412964,2.3159539699554443,2.000915765762329,1.7962827682495117,1.6262093782424927,1.2592324018478394,1.1354176998138428,1.4049689769744873,1.4268227815628052,1.671726107597351,1.8653453588485718,2.0567195415496826,2.369593858718872,2.555804491043091
B7,2.2064568996429443,1.8462884426116943,1.6438210010528564,1.259941577911377,1.2203824520111084,0.8645352125167847,0.9885122179985046,0.8008070588111877,1.044899582862854,1.1501502990722656,1.2882637977600098,1.6015766859054565,1.674832820892334,2.0733251571655273,2.173417329788208,1.726215124130249,1.3831326961517334,1.172127604484558,0.8557282090187073,0.608204185962677,0.38405507802963257,0.0,0.36999428272247314,0.5829294919967651,0.9294730424880981,1.1250696182250977,1.4745702743530273,1.6789860725402832,2.025634527206421,2.2427523136138916,2.331073760986328,2.0438432693481445,1.7221744060516357,1.4326826333999634,1.1762553453445435,0.8387378454208374,0.795825719833374,1.1050548553466797,1.3408457040786743,1.6939624547958374,1.8436952829360962,2.202584743499756,2.359361171722412,2.709212303161621,2.8978586196899414,2.942106246948242,2.6496427059173584,2.3553545475006104,2.0374808311462402,1.8085156679153442,1.4457063674926758,1.303808331489563,1.3451615571975708,1.7019046545028687,1.9998077154159546,2.2046432495117188,2.532439947128296,2.7178637981414795,3.054351568222046,3.2295005321502686,3.0233352184295654,2.780611515045166,2.5299432277679443,2.2091915607452393,1.9915331602096558,1.7636401653289795,1.432105541229248,1.2536689043045044,1.509666085243225,1.5866045951843262,1.8848199844360352,2.070549726486206,2.307372808456421,2.5943944454193115,2.8044536113739014
B8,2.4567933082580566,2.109325408935547,1.8746439218521118,1.5032544136047363,1.4209113121032715,1.0335314273834229,1.1727356910705566,0.9709314107894897,1.1226372718811035,1.1106252670288086,1.2723513841629028,1.5177960395812988,1.593587040901184,1.978685736656189,2.07621693611145,1.873500943183899,1.4971994161605835,1.3524073362350464,0.9913672208786011,0.8692487478256226,0.6083204746246338,0.36999428272247314,0.0,0.3835335671901703,0.6275218725204468,0.8803710341453552,1.197214126586914,1.4287769794464111,1.7649232149124146,1.9911401271820068,1.9712209701538086,1.6826951503753662,1.3560752868652344,1.0754939317703247,0.807682991027832,0.48249387741088867,0.5036943554878235,0.8553960919380188,1.0427652597427368,1.3815025091171265,1.5170683860778809,1.8731740713119507,2.033383369445801,2.376418113708496,2.5772955417633057,2.7156355381011963,2.4526262283325195,2.1385695934295654,1.848813772201538,1.6241109371185303,1.2597392797470093,1.2077646255493164,1.3153588771820068,1.6920409202575684,1.9790539741516113,2.1296145915985107,2.486206531524658,2.633859872817993,2.9877381324768066,3.1389386653900146,2.9932122230529785,2.758652925491333,2.53426456451416,2.1903493404388428,2.019420623779297,1.745985984802246,1.4416075944900513,1.3195018768310547,1.6282259225845337,1.773990273475647,2.058060884475708,2.292055606842041,2.523202419281006,2.825953483581543,3.058750629425049
B9,2.6876542568206787,2.3423120975494385,2.0863914489746094,1.7141423225402832,1.5684685707092285,1.18323814868927,1.2016226053237915,0.9094504117965698,0.9387948513031006,0.8299568891525269,0.9345232844352722,1.1480228900909424,1.2122024297714233,1.5953773260116577,1.7017346620559692,1.7559940814971924,1.3815500736236572,1.3229531049728394,0.9924703240394592,0.9358996748924255,0.8264725208282471,0.5829294919967651,0.3835335671901703,0.0,0.38408151268959045,0.6131166219711304,0.9187231063842773,1.1693068742752075,1.4832462072372437,1.743865966796875,1.920556902885437,1.690149188041687,1.325679898262024,1.1348179578781128,0.8589347004890442,0.6390615105628967,0.7793140411376953,1.1489152908325195,1.2402136325836182,1.5630124807357788,1.6859532594680786,2.0225820541381836,2.1885859966278076,2.5121047496795654,2.7302515506744385,2.965498924255371,2.7286758422851562,2.3917829990386963,2.1366472244262695,1.8889678716659546,1.550550103187561,1.5216732025146484,1.6722568273544312,2.041541814804077,2.342094659805298,2.4851839542388916,2.8477134704589844,2.9898195266723633,3.345928907394409,3.494032859802246,3.34662127494812,3.1005847454071045,2.8926212787628174,2.543134927749634,2.38716197013855,2.119359016418457,1.8093286752700806,1.6984375715255737,2.0029478073120117,2.127241849899292,2.4095020294189453,2.6266188621520996,2.8486838340759277,3.1522629261016846,3.362298011779785
B10,3.0126311779022217,2.6751859188079834,2.404778242111206,2.042431354522705,1.8809977769851685,1.4915118217468262,1.5209819078445435,1.2408344745635986,1.1973028182983398,0.9754233956336975,1.0603289604187012,1.1453218460083008,1.1837416887283325,1.522620677947998,1.6081962585449219,1.9324941635131836,1.5500842332839966,1.5567535161972046,1.2223161458969116,1.2545326948165894,1.125022053718567,0.9294730424880981,0.6275218725204468,0.38408151268959045,0.0,0.38123029470443726,0.5891130566596985,0.8824126720428467,1.1717994213104248,1.4459121227264404,1.560867190361023,1.360896348953247,0.9849579334259033,0.8681994676589966,0.6285943388938904,0.5634899139404297,0.8172729015350342,1.1450167894363403,1.148051381111145,1.4076064825057983,1.4858753681182861,1.8003343343734741,1.9555987119674683,2.2591192722320557,2.4839930534362793,2.8686370849609375,2.673330783843994,2.3258419036865234,2.113555908203125,1.8855772018432617,1.5702412128448486,1.6287192106246948,1.8170545101165771,2.186835527420044,2.4650611877441406,2.555819272994995,2.934567451477051,3.0363528728485107,3.4030675888061523,3.5220983028411865,3.404052495956421,3.1627659797668457,2.987762928009033,2.6249773502349854,2.5170319080352783,2.2275102138519287,1.945189118385315,1.8873906135559082,2.2223010063171387,2.3851141929626465,2.648594617843628,2.899332046508789,3.109804630279541,3.4276981353759766,3.6497385501861572
B11,3.293994665145874,2.9446544647216797,2.6971192359924316,2.323108673095703,2.180208444595337,1.7945541143417358,1.7926894426345825,1.4715298414230347,1.4062714576721191,1.1649043560028076,1.1261053085327148,1.1462994813919067,1.0582292079925537,1.376883625984192,1.3756096363067627,1.7087223529815674,1.336862564086914,1.4230839014053345,1.129280924797058,1.2711859941482544,1.2242004871368408,1.1250696182250977,0.8803710341453552,0.6131166219711304,0.38123029470443726,0.0,0.3912445604801178,0.5600345134735107,0.9025806784629822,1.1329848766326904,1.5367807149887085,1.4032658338546753,1.0588232278823853,0.9890811443328857,0.8853477835655212,0.806708812713623,1.1307018995285034,1.4367871284484863,1.4656049013137817,1.6794499158859253,1.6867196559906006,2.002669095993042,2.1041810512542725,2.4061853885650635,2.5953729152679443,3.1554951667785645,2.972499132156372,2.6361238956451416,2.4233343601226807,2.224231004714966,1.8977200984954834,1.9664839506149292,2.1215121746063232,2.5009143352508545,2.758791208267212,2.8411929607391357,3.2186741828918457,3.303300142288208,3.6757819652557373,3.7715768814086914,3.51810359954834,3.2487339973449707,3.1053318977355957,2.7399709224700928,2.66070818901062,2.4043474197387695,2.101087808609009,2.085740327835083,2.4345290660858154,2.5645751953125,2.7953224182128906,3.045917272567749,3.220845937728882,3.555635452270508,3.7490646839141846
B12,3.5916340351104736,3.252859592437744,2.9809207916259766,2.617999315261841,2.440267324447632,2.05739426612854,2.037242889404297,1.7233161926269531,1.5916988849639893,1.278193712234497,1.2318223714828491,1.1270149946212769,1.0393553972244263,1.2689048051834106,1.2694765329360962,2.0045254230499268,1.654691457748413,1.784932255744934,1.5108368396759033,1.6582165956497192,1.6053346395492554,1.4745702743530273,1.197214126586914,0.9187231063842773,0.5891130566596985,0.3912445604801178,0.0,0.36850598454475403,0.5843672752380371,0.8911307454109192,1.3295038938522339,1.2776557207107544,0.9434890151023865,1.0229040384292603,0.9611058235168457,1.0327138900756836,1.3481720685958862,1.620563268661499,1.559855580329895,1.7180769443511963,1.7062230110168457,1.968919038772583,2.0735089778900146,2.3321762084960938,2.5393831729888916,3.19031023979187,3.0486178398132324,2.7006235122680664,2.5374982357025146,2.3382279872894287,2.0520691871643066,2.1669633388519287,2.3641037940979004,2.7325384616851807,2.9881415367126465,3.0391814708709717,3.424760341644287,3.487240791320801,3.861295700073242,3.9442458152770996,3.7644782066345215,3.5076141357421875,3.3821489810943604,3.0123496055603027,2.957653284072876,2.680884838104248,2.4047749042510986,2.4020912647247314,2.7566921710968018,2.9135069847106934,3.146726131439209,3.4095094203948975,3.588707447052002,3.9244563579559326,4.127504348754883
B13,3.8538148403167725,3.5046379566192627,3.25502872467041,2.8822576999664307,2.729671001434326,2.3454346656799316,2.324112892150879,1.9919575452804565,1.8723925352096558,1.5736534595489502,1.463567852973938,1.3370906114578247,1.147255301475525,1.329859972000122,1.2194206714630127,1.8918310403823853,1.5696414709091187,1.7566304206848145,1.5262233018875122,1.748802900314331,1.736911654472351,1.6789860725402832,1.4287769794464111,1.1693068742752075,0.8824126720428467,0.5600345134735107,0.36850598454475403,0.0,0.3897513151168823,0.5747086405754089,1.351494312286377,1.362228274345398,1.0980913639068604,1.185256838798523,1.2211687564849854,1.2557755708694458,1.6078448295593262,1.8618882894515991,1.8362555503845215,1.9615716934204102,1.8899754285812378,2.154209852218628,2.202848434448242,2.459672212600708,2.6227729320526123,3.425978422164917,3.292269229888916,2.96035099029541,2.7913243770599365,2.6229817867279053,2.322756052017212,2.4459292888641357,2.610769510269165,2.9872639179229736,3.2202486991882324,3.2612063884735107,3.6439480781555176,3.688361167907715,4.066528797149658,4.125471591949463,3.8210556507110596,3.542839527130127,3.449464797973633,3.081519603729248,3.0565621852874756,2.809912919998169,2.524088144302368,2.5610406398773193,2.9263107776641846,3.0607750415802,3.261103868484497,3.527850866317749,3.6737406253814697,4.023539066314697,4.204725742340088
