,A1,A2,A3,A4,A5,A6,A7,A8,A9,A10,A11,A12,A13,A14,A15,B1,B2,B3,B4,B5,B6,B7,B8,B9,B10,B11,B12,B13,B14,B15,C1,C2,C3,C4,C5,C6,C7,C8,C9,C10,C11,C12,C13,C14,C15,D1,D2,D3,D4,D5,D6,D7,D8,D9,D10,D11,D12,D13,D14,D15,E1,E2,E3,E4,E5,E6,E7,E8,E9,E10,E11,E12,E13,E14,E15
A1,0.0,0.39458879828453064,0.6724781394004822,0.9903233051300049,1.3239970207214355,1.5726282596588135,1.798231840133667,1.648756980895996,1.3962363004684448,1.3459991216659546,1.0323951244354248,1.1682169437408447,1.0413612127304077,1.374314785003662,1.4481197595596313,1.678989291191101,1.4600976705551147,1.650668740272522,1.6284595727920532,1.7818292379379272,2.026535987854004,1.9094294309616089,1.7683604955673218,1.477898120880127,1.4864050149917603,1.205040454864502,1.349165678024292,1.2544078826904297,1.5399961471557617,1.6104438304901123,1.4589917659759521,1.3123037815093994,1.5527422428131104,1.5861244201660156,1.7891545295715332,2.092581033706665,2.0602545738220215,1.9487794637680054,1.6543794870376587,1.7254464626312256,1.4882243871688843,1.606536865234375,1.526889443397522,1.7437387704849243,1.7938421964645386,1.2846362590789795,1.2123408317565918,1.4552555084228516,1.5705620050430298,1.7619227170944214,2.1249279975891113,2.2179205417633057,2.149409055709839,1.8951016664505005,2.0078821182250977,1.8087899684906006,1.89882230758667,1.830115795135498,1.9759644269943237,2.013597011566162,0.6333544850349426,0.5911107659339905,0.8940914273262024,1.167344331741333,1.4818893671035767,1.8734874725341797,2.1578876972198486,2.266098737716675,2.120948076248169,2.335930824279785,2.1753556728363037,2.345707893371582,2.2827112674713135,2.472905397415161,2.5419394969940186
A2,0.39458879828453064,0.0,0.38822630047798157,0.6589822173118591,1.0138163566589355,1.3148881196975708,1.504073143005371,1.334859013557434,1.0691630840301514,1.075474739074707,0.8035477995872498,1.029201865196228,1.0249799489974976,1.397473931312561,1.5688159465789795,1.9330246448516846,1.6510084867477417,1.7877956628799438,1.6736478805541992,1.7697311639785767,1.939117431640625,1.745654821395874,1.5978151559829712,1.2779324054718018,1.3245809078216553,1.1109528541564941,1.2812039852142334,1.2847344875335693,1.5665616989135742,1.7196974754333496,1.7458034753799438,1.5276488065719604,1.7174186706542969,1.6610127687454224,1.8182966709136963,2.0660223960876465,1.958148717880249,1.841015338897705,1.533962368965149,1.627275824546814,1.4556057453155518,1.5739387273788452,1.570020318031311,1.7680126428604126,1.8851996660232544,1.5905308723449707,1.4383162260055542,1.6372069120407104,1.6635661125183105,1.8106896877288818,2.137800693511963,2.16441011428833,2.082003116607666,1.828462839126587,1.954681158065796,1.8081614971160889,1.888249397277832,1.8756394386291504,2.0024678707122803,2.089289903640747,1.0022680759429932,0.8477020263671875,1.0675936937332153,1.2212692499160767,1.4989783763885498,1.8851691484451294,2.121832847595215,2.220614433288574,2.0737006664276123,2.306333303451538,2.1793441772460938,2.3390817642211914,2.3156869411468506,2.4856417179107666,2.5952980518341064
A3,0.6724781394004822,0.38822630047798157,0.0,0.3771088719367981,0.676874041557312,0.9889217019081116,1.229605793952942,1.1441781520843506,0.9732083678245544,1.121304988861084,0.9664965271949768,1.2846561670303345,1.3554781675338745,1.7431634664535522,1.9335051774978638,2.0371601581573486,1.727097749710083,1.7807061672210693,1.6115084886550903,1.6193270683288574,1.756812334060669,1.5350617170333862,1.4610997438430786,1.196129322052002,1.358737826347351,1.2426867485046387,1.4930214881896973,1.570136547088623,1.8793734312057495,2.0638747215270996,1.8560216426849365,1.6091195344924927,1.7174204587936401,1.6129652261734009,1.6896311044692993,1.9159841537475586,1.7870097160339355,1.733229160308838,1.4832674264907837,1.6622415781021118,1.5714465379714966,1.7560802698135376,1.821418285369873,2.051783323287964,2.2094860076904297,1.7297691106796265,1.5405700206756592,1.654178261756897,1.6338354349136353,1.7003012895584106,2.010662078857422,2.0239675045013428,1.9931972026824951,1.7994078397750854,1.9912153482437134,1.9163910150527954,2.0524234771728516,2.1048951148986816,2.2681896686553955,2.4012227058410645,1.2160910367965698,0.990920901298523,1.083393931388855,1.1588160991668701,1.354212760925293,1.7422651052474976,1.9805883169174194,2.1297383308410645,2.041562795639038,2.3226399421691895,2.260875940322876,2.462385416030884,2.496253490447998,2.6933090686798096,2.8460230827331543
A4,0.9903233051300049,0.6589822173118591,0.3771088719367981,0.0,0.36608022451400757,0.6959449648857117,0.8740554451942444,0.7789567708969116,0.6546284556388855,0.9059663414955139,0.8818171620368958,1.2599091529846191,1.4314810037612915,1.823968768119812,2.0690388679504395,2.1659367084503174,1.8110618591308594,1.812524437904358,1.565346121788025,1.5213184356689453,1.5697952508926392,1.2819114923477173,1.2062513828277588,0.9486551880836487,1.171103596687317,1.1612266302108765,1.4430036544799805,1.6109611988067627,1.9205857515335083,2.1655499935150146,2.0280230045318604,1.725287914276123,1.7825270891189575,1.596925139427185,1.6293243169784546,1.7814111709594727,1.5812053680419922,1.5239593982696533,1.2880027294158936,1.4956434965133667,1.4888570308685303,1.688530683517456,1.8312962055206299,2.0605082511901855,2.2783470153808594,1.9253112077713013,1.6710617542266846,1.7401552200317383,1.633277177810669,1.6578521728515625,1.9103316068649292,1.8538819551467896,1.8095576763153076,1.6331855058670044,1.8397855758666992,1.8299272060394287,1.973080039024353,2.0895817279815674,2.2566254138946533,2.445314407348633,1.4963319301605225,1.2073345184326172,1.2308040857315063,1.1782065629959106,1.3172422647476196,1.6608216762542725,1.8309543132781982,1.9606761932373047,1.878914475440979,2.171001672744751,2.153275728225708,2.3525993824005127,2.434854030609131,2.6258914470672607,2.8230912685394287
A5,1.3239970207214355,1.0138163566589355,0.676874041557312,0.36608022451400757,0.0,0.40834981203079224,0.6213072538375854,0.680911123752594,0.7428972721099854,1.0978010892868042,1.1748137474060059,1.567612648010254,1.7730015516281128,2.1636972427368164,2.41929030418396,2.3621602058410645,1.9952738285064697,1.9276458024978638,1.6345685720443726,1.4998255968093872,1.4802296161651611,1.1533575057983398,1.1704363822937012,1.0108959674835205,1.3211188316345215,1.4018020629882812,1.7130378484725952,1.9228214025497437,2.2380831241607666,2.5014781951904297,2.2395689487457275,1.92266047000885,1.9117316007614136,1.6829980611801147,1.6321653127670288,1.7305561304092407,1.495501160621643,1.5058841705322266,1.350098729133606,1.6191630363464355,1.690202236175537,1.9240328073501587,2.113595962524414,2.354738473892212,2.598536491394043,2.1613571643829346,1.8864269256591797,1.8881257772445679,1.7349263429641724,1.6803120374679565,1.8852165937423706,1.796512484550476,1.7994599342346191,1.6930793523788452,1.9453340768814087,2.0044877529144287,2.1815645694732666,2.3468079566955566,2.5325636863708496,2.7529237270355225,1.7933932542800903,1.4822309017181396,1.4280078411102295,1.3021514415740967,1.3401275873184204,1.6417224407196045,1.7808526754379272,1.9453368186950684,1.9221279621124268,2.2443723678588867,2.2892134189605713,2.5122528076171875,2.6423916816711426,2.846303939819336,3.07635498046875
A6,1.5726282596588135,1.3148881196975708,0.9889217019081116,0.6959449648857117,0.40834981203079224,0.0,0.38850489258766174,0.637265682220459,0.8649156093597412,1.2174302339553833,1.363930344581604,1.7579655647277832,1.981119990348816,2.3687469959259033,2.6186699867248535,2.306345224380493,1.9271214008331299,1.7839083671569824,1.4461886882781982,1.2329771518707275,1.147270917892456,0.8123934864997864,0.9328960180282593,0.9157806038856506,1.2957944869995117,1.4541648626327515,1.80574631690979,2.0529696941375732,2.389188528060913,2.665604829788208,2.221785068511963,1.8817640542984009,1.7928646802902222,1.5138689279556274,1.3871331214904785,1.4219410419464111,1.16673743724823,1.2457891702651978,1.1907188892364502,1.5213443040847778,1.6649854183197021,1.9501924514770508,2.1873209476470947,2.4617207050323486,2.7330949306488037,2.1807196140289307,1.8699276447296143,1.794349193572998,1.5804047584533691,1.4527795314788818,1.5961655378341675,1.478888750076294,1.5289788246154785,1.5012153387069702,1.801628589630127,1.9296700954437256,2.1592929363250732,2.3784124851226807,2.6068294048309326,2.8684558868408203,1.939734935760498,1.587261438369751,1.4379150867462158,1.21121346950531,1.1435734033584595,1.3733646869659424,1.4695138931274414,1.6619000434875488,1.7013612985610962,2.0501677989959717,2.1600468158721924,2.419299840927124,2.6015591621398926,2.836042881011963,3.101820707321167
A7,1.798231840133667,1.504073143005371,1.229605793952942,0.8740554451942444,0.6213072538375854,0.38850489258766174,0.0,0.3861478567123413,0.7370238900184631,1.105354905128479,1.3495231866836548,1.730857253074646,2.0124056339263916,2.379486560821533,2.667600154876709,2.488288164138794,2.088815927505493,1.9456300735473633,1.5710197687149048,1.3675334453582764,1.17575204372406,0.7686753273010254,0.8267648220062256,0.8252554535865784,1.1957389116287231,1.4381539821624756,1.764270305633545,2.065566062927246,2.3742878437042236,2.690419912338257,2.4380435943603516,2.0699071884155273,1.9824541807174683,1.660244107246399,1.5425941944122314,1.489737868309021,1.1508147716522217,1.17501962184906,1.121657133102417,1.4241893291473389,1.6348761320114136,1.8909547328948975,2.1757850646972656,2.422114610671997,2.7316930294036865,2.400721788406372,2.059307098388672,1.9930208921432495,1.7292031049728394,1.6129701137542725,1.6865159273147583,1.4804383516311646,1.4708530902862549,1.4377723932266235,1.7074239253997803,1.8826035261154175,2.0832302570343018,2.3410451412200928,2.547558069229126,2.8422963619232178,2.1790828704833984,1.814699649810791,1.6831282377243042,1.4133844375610352,1.3527495861053467,1.5133740901947021,1.5049643516540527,1.6220694780349731,1.6333903074264526,1.956420660018921,2.0891454219818115,2.3143951892852783,2.525216579437256,2.7311019897460938,3.023958683013916
A8,1.648756980895996,1.334859013557434,1.1441781520843506,0.7789567708969116,0.680911123752594,0.637265682220459,0.3861478567123413,0.0,0.38104429841041565,0.7386295199394226,1.0212322473526,1.386525273323059,1.6959497928619385,2.0469510555267334,2.356886148452759,2.4054648876190186,2.000237226486206,1.9186257123947144,1.5590267181396484,1.4483245611190796,1.2879365682601929,0.8916366100311279,0.7682231664657593,0.607842743396759,0.9067043662071228,1.1507545709609985,1.4395171403884888,1.7565500736236572,2.0402421951293945,2.373594284057617,2.3610596656799316,1.9853074550628662,1.9578479528427124,1.6455782651901245,1.613011121749878,1.5811805725097656,1.2385436296463013,1.1410740613937378,0.9705266356468201,1.1946206092834473,1.3833764791488647,1.5894227027893066,1.8749836683273315,2.090486526489258,2.4091384410858154,2.305084228515625,1.9601454734802246,1.9564778804779053,1.7026772499084473,1.6676002740859985,1.763980746269226,1.54967200756073,1.4474252462387085,1.3176053762435913,1.5203068256378174,1.657057523727417,1.8036704063415527,2.0473997592926025,2.2204906940460205,2.513375759124756,2.0502028465270996,1.69593346118927,1.6277559995651245,1.3841568231582642,1.4159218072891235,1.5997278690338135,1.5817193984985352,1.620888590812683,1.5408835411071777,1.819754958152771,1.897149920463562,2.075450897216797,2.258519172668457,2.4316933155059814,2.7142980098724365
A9,1.3962363004684448,1.0691630840301514,0.9732083678245544,0.6546284556388855,0.7428972721099854,0.8649156093597412,0.7370238900184631,0.38104429841041565,0.0,0.41025835275650024,0.6635117530822754,1.0283523797988892,1.3417502641677856,1.6905138492584229,2.0104904174804688,2.29750394821167,1.90420401096344,1.8985344171524048,1.5865622758865356,1.566765308380127,1.4865143299102783,1.1387418508529663,0.9219514727592468,0.600982129573822,0.7575567364692688,0.9089731574058533,1.1511919498443604,1.4462792873382568,1.7117605209350586,2.0424563884735107,2.2361884117126465,1.8757764101028442,1.922167181968689,1.6550676822662354,1.70646071434021,1.738025188446045,1.4392997026443481,1.27091646194458,0.9894803166389465,1.1192737817764282,1.21514093875885,1.3617850542068481,1.6052991151809692,1.7919514179229736,2.093742609024048,2.1528124809265137,1.830588698387146,1.900667428970337,1.6958898305892944,1.7416504621505737,1.8936641216278076,1.719817876815796,1.56801176071167,1.3480757474899292,1.4845956563949585,1.5345710515975952,1.62273371219635,1.8120012283325195,1.9479210376739502,2.2098333835601807,1.8307111263275146,1.507556676864624,1.521101474761963,1.3500033617019653,1.4802970886230469,1.7164133787155151,1.7413781881332397,1.7476708889007568,1.5954742431640625,1.833871603012085,1.830138921737671,1.9678794145584106,2.091407537460327,2.2367310523986816,2.4833500385284424
A10,1.3459991216659546,1.075474739074707,1.121304988861084,0.9059663414955139,1.0978010892868042,1.2174302339553833,1.105354905128479,0.7386295199394226,0.41025835275650024,0.0,0.3789766728878021,0.6680514812469482,1.0141572952270508,1.331321358680725,1.6643935441970825,2.146390914916992,1.7675360441207886,1.8267533779144287,1.558976173400879,1.6372311115264893,1.597690224647522,1.3160912990570068,1.0046428442001343,0.6219474077224731,0.5269440412521362,0.6062729358673096,0.7670755982398987,1.0823019742965698,1.322705864906311,1.6715681552886963,2.1059789657592773,1.7528449296951294,1.8558517694473267,1.6182982921600342,1.7524452209472656,1.8003997802734375,1.5377899408340454,1.283469319343567,0.923771321773529,0.9090115427970886,0.9315552115440369,0.9978100061416626,1.232632040977478,1.3918509483337402,1.7055845260620117,2.013845205307007,1.69791841506958,1.8262935876846313,1.6422163248062134,1.7686598300933838,1.9276351928710938,1.7670698165893555,1.5448216199874878,1.2433720827102661,1.2819839715957642,1.2605652809143066,1.2788840532302856,1.439602255821228,1.5471307039260864,1.8107293844223022,1.715881109237671,1.419407844543457,1.4889607429504395,1.3507951498031616,1.5529950857162476,1.7761505842208862,1.7907776832580566,1.7254923582077026,1.492429256439209,1.6620562076568604,1.5839476585388184,1.6671510934829712,1.7462788820266724,1.8630425930023193,2.0922420024871826
A11,1.0323951244354248,0.8035477995872498,0.9664965271949768,0.8818171620368958,1.1748137474060059,1.363930344581604,1.3495231866836548,1.0212322473526,0.6635117530822754,0.3789766728878021,0.0,0.39696574211120605,0.6783546805381775,1.036603569984436,1.3479243516921997,1.9776233434677124,1.631951093673706,1.7614365816116333,1.5660853385925293,1.70451021194458,1.7563735246658325,1.5256328582763672,1.2306585311889648,0.837629497051239,0.6954377293586731,0.5299556255340576,0.6299517750740051,0.8303313255310059,1.0879963636398315,1.3945504426956177,1.902496576309204,1.5893385410308838,1.7610729932785034,1.5965276956558228,1.787520408630371,1.9138338565826416,1.718012809753418,1.4717991352081299,1.0893211364746094,1.0448510646820068,0.9173986315727234,0.9445356130599976,1.0615763664245605,1.219831943511963,1.4726089239120483,1.78195321559906,1.5143272876739502,1.7089842557907104,1.603751301765442,1.7860711812973022,2.0097837448120117,1.9196892976760864,1.7119355201721191,1.3831415176391602,1.4031211137771606,1.2772514820098877,1.2707912921905518,1.3298338651657104,1.4217232465744019,1.6161681413650513,1.4089518785476685,1.1629118919372559,1.316575050354004,1.2826547622680664,1.5564122200012207,1.8334871530532837,1.9209352731704712,1.879304051399231,1.6344854831695557,1.7916771173477173,1.6461316347122192,1.7250434160232544,1.7278721332550049,1.845315933227539,2.0122997760772705
A12,1.1682169437408447,1.029201865196228,1.2846561670303345,1.2599091529846191,1.567612648010254,1.7579655647277832,1.730857253074646,1.386525273323059,1.0283523797988892,0.6680514812469482,0.39696574211120605,0.0,0.3801707327365875,0.6665180325508118,1.0124562978744507,2.006760597229004,1.7049458026885986,1.9011527299880981,1.7639886140823364,1.9671086072921753,2.040477991104126,1.8489018678665161,1.5208548307418823,1.1415433883666992,0.8776392936706543,0.6230363249778748,0.45793309807777405,0.5579901933670044,0.7234055995941162,1.0457881689071655,1.9466525316238403,1.6719510555267334,1.900610089302063,1.7821966409683228,2.028400182723999,2.1621358394622803,1.994706153869629,1.7074345350265503,1.310776710510254,1.152620792388916,0.9375059604644775,0.8088406920433044,0.8224421739578247,0.8868886828422546,1.1212222576141357,1.8137459754943848,1.5870078802108765,1.8402173519134521,1.773084044456482,2.0124948024749756,2.234103202819824,2.1565442085266113,1.9079055786132812,1.540666103363037,1.466030240058899,1.2584562301635742,1.141554832458496,1.1049468517303467,1.1123977899551392,1.2630634307861328,1.4560338258743286,1.2871063947677612,1.5013408660888672,1.5162701606750488,1.8254506587982178,2.082650661468506,2.1598567962646484,2.06729793548584,1.7716856002807617,1.8525424003601074,1.6318837404251099,1.6323354244232178,1.5555777549743652,1.6134055852890015,1.7257670164108276
A13,1.0413612127304077,1.0249799489974976,1.3554781675338745,1.4314810037612915,1.7730015516281128,1.981119990348816,2.0124056339263916,1.6959497928619385,1.3417502641677856,1.0141572952270508,0.6783546805381775,0.3801707327365875,0.0,0.3970864415168762,0.6740774512290955,1.8678183555603027,1.6265387535095215,1.887470006942749,1.8307639360427856,2.0812745094299316,2.2228095531463623,2.0804803371429443,1.77040696144104,1.406977653503418,1.1482800245285034,0.8062461018562317,0.6067588925361633,0.42090290784835815,0.5587601661682129,0.7648787498474121,1.7827340364456177,1.5732460021972656,1.861945390701294,1.8223340511322021,2.1107349395751953,2.300140857696533,2.1932201385498047,1.9187626838684082,1.5298831462860107,1.3658287525177002,1.0630165338516235,0.9153801202774048,0.7572546601295471,0.8036608099937439,0.9075272679328918,1.6270476579666138,1.4737255573272705,1.7840418815612793,1.7967673540115356,2.0788543224334717,2.340949773788452,2.3234171867370605,2.091644287109375,1.7213696241378784,1.6362489461898804,1.3558012247085571,1.2292871475219727,1.0744272470474243,1.0641207695007324,1.100095272064209,1.236466884613037,1.163077473640442,1.4460668563842773,1.554754376411438,1.90248441696167,2.1811912059783936,2.309410572052002,2.233419895172119,1.9390721321105957,2.0036745071411133,1.7354460954666138,1.7343502044677734,1.5847759246826172,1.6455568075180054,1.6788781881332397
A14,1.374314785003662,1.397473931312561,1.7431634664535522,1.823968768119812,2.1636972427368164,2.3687469959259033,2.379486560821533,2.0469510555267334,1.6905138492584229,1.331321358680725,1.036603569984436,0.6665180325508118,0.3970864415168762,0.0,0.3884972929954529,2.0314505100250244,1.842419147491455,2.138664484024048,2.119765520095825,2.402662754058838,2.5449893474578857,2.422043800354004,2.0918357372283936,1.7398661375045776,1.4316291809082031,1.102994680404663,0.7982730269432068,0.5198787450790405,0.3440471291542053,0.46479302644729614,1.9689862728118896,1.8041269779205322,2.1175944805145264,2.106402635574341,2.420541763305664,2.602001905441284,2.5077805519104004,2.2083780765533447,1.8222277164459229,1.595815658569336,1.2750252485275269,1.0262835025787354,0.768022358417511,0.6362641453742981,0.6219719648361206,1.813913106918335,1.7052218914031982,2.039003849029541,2.071577787399292,2.381068229675293,2.628196954727173,2.611508846282959,2.3520452976226807,1.9679579734802246,1.817029595375061,1.4987945556640625,1.2840797901153564,1.0335255861282349,0.8964938521385193,0.8130584955215454,1.4790868759155273,1.4716508388519287,1.765871524810791,1.8872610330581665,2.2398362159729004,2.492820978164673,2.6020917892456055,2.4861550331115723,2.1621618270874023,2.162998676300049,1.847888708114624,1.771180510520935,1.547782301902771,1.5315923690795898,1.4824329614639282
A15,1.4481197595596313,1.5688159465789795,1.9335051774978638,2.0690388679504395,2.41929030418396,2.6186699867248535,2.667600154876709,2.356886148452759,2.0104904174804688,1.6643935441970825,1.3479243516921997,1.0124562978744507,0.6740774512290955,0.3884972929954529,0.0,1.9319171905517578,1.819690465927124,2.160195827484131,2.2142982482910156,2.532357931137085,2.7248058319091797,2.6497201919555664,2.3349101543426514,2.0052318572998047,1.7037798166275024,1.3441861867904663,1.0651425123214722,0.6991299390792847,0.5248335599899292,0.2757413685321808,1.8619258403778076,1.7736746072769165,2.1224801540374756,2.1800429821014404,2.521883249282837,2.739715576171875,2.6996407508850098,2.4126741886138916,2.044285774230957,1.8185492753982544,1.457160234451294,1.225501537322998,0.8780530095100403,0.7586626410484314,0.5287880301475525,1.7001107931137085,1.6715091466903687,2.0346059799194336,2.1317648887634277,2.4692025184631348,2.73659348487854,2.769556999206543,2.525954484939575,2.1501224040985107,1.9935132265090942,1.6347180604934692,1.432895541191101,1.1066001653671265,0.9803925156593323,0.7561399936676025,1.4100229740142822,1.492135763168335,1.8073073625564575,1.9871381521224976,2.3530373573303223,2.6049644947052,2.7470500469207764,2.640768527984619,2.324249744415283,2.3072948455810547,1.963484287261963,1.890795111656189,1.6147105693817139,1.609442949295044,1.4803820848464966
B1,1.678989291191101,1.9330246448516846,2.0371601581573486,2.1659367084503174,2.3621602058410645,2.306345224380493,2.488288164138794,2.4054648876190186,2.29750394821167,2.146390914916992,1.9776233434677124,2.006760597229004,1.8678183555603027,2.0314505100250244,1.9319171905517578,0.0,0.41098085045814514,0.6684083342552185,1.0521024465560913,1.403844952583313,1.7786033153533936,2.006549119949341,1.901740550994873,1.8724793195724487,1.8026061058044434,1.590113878250122,1.7307276725769043,1.6224497556686401,1.907476544380188,1.8786954879760742,0.3038555681705475,0.44156020879745483,0.592339277267456,0.9358759522438049,1.2551482915878296,1.5685943365097046,1.828593373298645,1.7419215440750122,1.6572574377059937,1.6584092378616333,1.4226876497268677,1.628949522972107,1.5437123775482178,1.8781319856643677,1.8994706869125366,0.47757333517074585,0.5029762387275696,0.5439013838768005,0.8503512144088745,1.1575013399124146,1.4237016439437866,1.7084544897079468,1.6816529035568237,1.5505566596984863,1.6059951782226562,1.3928805589675903,1.6318413019180298,1.5879058837890625,1.9230087995529175,2.0146331787109375,1.1637835502624512,1.1012743711471558,0.9802387952804565,1.0953619480133057,1.277076244354248,1.3565828800201416,1.6173769235610962,1.6621931791305542,1.5819520950317383,1.6702483892440796,1.512237548828125,1.7762857675552368,1.7302494049072266,2.0683465003967285,2.135845899581909
B2,1.4600976705551147,1.6510084867477417,1.727097749710083,1.8110618591308594,1.9952738285064697,1.9271214008331299,2.088815927505493,2.000237226486206,1.90420401096344,1.7675360441207886,1.631951093673706,1.7049458026885986,1.6265387535095215,1.842419147491455,1.819690465927124,0.41098085045814514,0.0,0.3917132616043091,0.6917954087257385,1.0660191774368286,1.4219623804092407,1.6165423393249512,1.4954848289489746,1.4631919860839844,1.4125300645828247,1.23000967502594,1.4238612651824951,1.387276291847229,1.7154432535171509,1.7671778202056885,0.49673858284950256,0.18598681688308716,0.345601886510849,0.5853559374809265,0.9463824033737183,1.2533657550811768,1.4632024765014648,1.356886386871338,1.2535977363586426,1.282273292541504,1.0740156173706055,1.3344817161560059,1.3234587907791138,1.6881508827209473,1.7850000858306885,0.5784132480621338,0.27620363235473633,0.29241490364074707,0.5003468990325928,0.855897843837738,1.1454792022705078,1.3822630643844604,1.3325494527816772,1.1775691509246826,1.2701926231384277,1.0886943340301514,1.368835210800171,1.3942043781280518,1.7480735778808594,1.9033427238464355,1.0706897974014282,0.8776213526725769,0.7032911777496338,0.7258074879646301,0.9376844763755798,1.0484087467193604,1.2987878322601318,1.3414592742919922,1.2443205118179321,1.3842945098876953,1.2534996271133423,1.5492082834243774,1.5572417974472046,1.9037630558013916,2.0313143730163574
B3,1.650668740272522,1.7877956628799438,1.7807061672210693,1.812524437904358,1.9276458024978638,1.7839083671569824,1.9456300735473633,1.9186257123947144,1.8985344171524048,1.8267533779144287,1.7614365816116333,1.9011527299880981,1.887470006942749,2.138664484024048,2.160195827484131,0.6684083342552185,0.3917132616043091,0.0,0.4105534851551056,0.7434927225112915,1.117101788520813,1.3794819116592407,1.3330967426300049,1.400762915611267,1.4358515739440918,1.3531901836395264,1.613480806350708,1.6577109098434448,2.003692626953125,2.103179454803467,0.7720057368278503,0.4885371923446655,0.1691998839378357,0.29433128237724304,0.5953719615936279,0.9040901064872742,1.176027536392212,1.147526741027832,1.1557241678237915,1.2749979496002197,1.1833643913269043,1.5075253248214722,1.5851086378097534,1.9603583812713623,2.107621669769287,0.8921628594398499,0.5938540101051331,0.27292779088020325,0.2204543948173523,0.4986450970172882,0.7741451263427734,1.0601423978805542,1.0915734767913818,1.0472275018692017,1.2317627668380737,1.173570156097412,1.5186333656311035,1.6338857412338257,2.0055577754974365,2.211834192276001,1.3432831764221191,1.085214614868164,0.7891039848327637,0.639477550983429,0.6869493722915649,0.6929237842559814,0.9612630009651184,1.0699735879898071,1.0772974491119385,1.2840023040771484,1.2697843313217163,1.6234272718429565,1.719944715499878,2.0861763954162598,2.269009590148926
B4,1.6284595727920532,1.6736478805541992,1.6115084886550903,1.565346121788025,1.6345685720443726,1.4461886882781982,1.5710197687149048,1.5590267181396484,1.5865622758865356,1.558976173400879,1.5660853385925293,1.7639886140823364,1.8307639360427856,2.119765520095825,2.2142982482910156,1.0521024465560913,0.6917954087257385,0.4105534851551056,0.0,0.40024423599243164,0.7313640713691711,0.9725587368011475,0.9359307289123535,1.0556951761245728,1.1580606698989868,1.1715538501739502,1.488541603088379,1.6251312494277954,1.9860539436340332,2.15805721282959,1.1233186721801758,0.7645930647850037,0.5184206366539001,0.12907648086547852,0.3368649184703827,0.5847945809364319,0.7812276482582092,0.7587301731109619,0.8068098425865173,1.0118943452835083,1.0289323329925537,1.397847056388855,1.5680650472640991,1.9416731595993042,2.155663251876831,1.1975269317626953,0.8329751491546631,0.588959276676178,0.20532923936843872,0.2879556119441986,0.5412217974662781,0.7243776321411133,0.7539926171302795,0.7376369833946228,1.0138828754425049,1.0614498853683472,1.4311224222183228,1.6282004117965698,1.992485761642456,2.253148317337036,1.4783508777618408,1.1401793956756592,0.8277215957641602,0.4864804148674011,0.43475452065467834,0.4123392105102539,0.6370349526405334,0.7712965607643127,0.8055077195167542,1.1027026176452637,1.1697683334350586,1.5393378734588623,1.705030918121338,2.05876088142395,2.297353506088257
B5,1.7818292379379272,1.7697311639785767,1.6193270683288574,1.5213184356689453,1.4998255968093872,1.2329771518707275,1.3675334453582764,1.4483245611190796,1.566765308380127,1.6372311115264893,1.70451021194458,1.9671086072921753,2.0812745094299316,2.402662754058838,2.532357931137085,1.403844952583313,1.0660191774368286,0.7434927225112915,0.40024423599243164,0.0,0.4232000708580017,0.7155683636665344,0.8375025391578674,1.0611213445663452,1.2845735549926758,1.3834450244903564,1.7386492490768433,1.9222139120101929,2.2899386882781982,2.4917795658111572,1.4455877542495728,1.1097242832183838,0.8237525224685669,0.4837459623813629,0.18920648097991943,0.33130213618278503,0.5270875096321106,0.6950512528419495,0.8728159070014954,1.1840134859085083,1.2980796098709106,1.6781131029129028,1.892386555671692,2.2574217319488525,2.4968669414520264,1.5178160667419434,1.173850417137146,0.8978808522224426,0.5699314475059509,0.2774815559387207,0.40004315972328186,0.5385993123054504,0.7337115406990051,0.8638087511062622,1.215921401977539,1.357518196105957,1.726873517036438,1.9639768600463867,2.316157341003418,2.5963168144226074,1.7247493267059326,1.3658771514892578,1.0236097574234009,0.6413074731826782,0.3379061222076416,0.1520915925502777,0.4349847435951233,0.7462078928947449,0.9229847192764282,1.2809398174285889,1.4410825967788696,1.8135697841644287,2.0263946056365967,2.369558334350586,2.6369035243988037
B6,2.026535987854004,1.939117431640625,1.756812334060669,1.5697952508926392,1.4802296161651611,1.147270917892456,1.17575204372406,1.2879365682601929,1.4865143299102783,1.597690224647522,1.7563735246658325,2.040477991104126,2.2228095531463623,2.5449893474578857,2.7248058319091797,1.7786033153533936,1.4219623804092407,1.117101788520813,0.7313640713691711,0.4232000708580017,0.0,0.4187755882740021,0.6325979232788086,0.9771332144737244,1.2476435899734497,1.4586012363433838,1.8137198686599731,2.0671496391296387,2.417804718017578,2.6698548793792725,1.8404254913330078,1.4822584390640259,1.2202755212783813,0.8472393155097961,0.5933433771133423,0.33267277479171753,0.1392289251089096,0.4845120906829834,0.7981215715408325,1.143414855003357,1.3754371404647827,1.7426494359970093,2.0250391960144043,2.366333246231079,2.654224157333374,1.904346227645874,1.538012981414795,1.2950751781463623,0.9318689703941345,0.6806669235229492,0.5485414266586304,0.3421121835708618,0.5627701878547668,0.8010891675949097,1.1740562915802002,1.4219470024108887,1.7755134105682373,2.0750675201416016,2.4087882041931152,2.732145071029663,2.060140609741211,1.6805593967437744,1.3734352588653564,0.9680459499359131,0.7042763233184814,0.5059359073638916,0.34040749073028564,0.6061815619468689,0.8418581485748291,1.217206358909607,1.4622083902359009,1.8139220476150513,2.086440086364746,2.4055662155151367,2.7170634269714355
B7,1.9094294309616089,1.745654821395874,1.5350617170333862,1.2819114923477173,1.1533575057983398,0.8123934864997864,0.7686753273010254,0.8916366100311279,1.1387418508529663,1.3160912990570068,1.5256328582763672,1.8489018678665161,2.0804803371429443,2.422043800354004,2.6497201919555664,2.006549119949341,1.6165423393249512,1.3794819116592407,0.9725587368011475,0.7155683636665344,0.4187755882740021,0.0,0.3855952024459839,0.7191809415817261,1.0681641101837158,1.3306413888931274,1.6924923658370972,1.9850099086761475,2.3265092372894287,2.614896059036255,2.030043125152588,1.650188684463501,1.4610183238983154,1.086734652519226,0.9042994379997253,0.744242250919342,0.38284748792648315,0.5232543349266052,0.7047463655471802,1.0801576375961304,1.3429640531539917,1.6834335327148438,1.9898403882980347,2.3021161556243896,2.612879991531372,2.0538601875305176,1.6791054010391235,1.5099552869796753,1.1676899194717407,0.9857422113418579,0.952938437461853,0.7131568789482117,0.7672390937805176,0.8736842274665833,1.2249069213867188,1.4708110094070435,1.7735273838043213,2.0778942108154297,2.370307445526123,2.69836163520813,2.0701353549957275,1.6779462099075317,1.4289089441299438,1.0425580739974976,0.8618137836456299,0.845657467842102,0.743638813495636,0.888093888759613,1.0005356073379517,1.3661986589431763,1.5781487226486206,1.8820984363555908,2.145968198776245,2.4239487648010254,2.7414424419403076
B8,1.7683604955673218,1.5978151559829712,1.4610997438430786,1.2062513828277588,1.1704363822937012,0.9328960180282593,0.8267648220062256,0.7682231664657593,0.9219514727592468,1.0046428442001343,1.2306585311889648,1.5208548307418823,1.77040696144104,2.0918357372283936,2.3349101543426514,1.901740550994873,1.4954848289489746,1.3330967426300049,0.9359307289123535,0.8375025391578674,0.6325979232788086,0.3855952024459839,0.0,0.3951478600502014,0.6962969899177551,0.9948340058326721,1.337188959121704,1.6536623239517212,1.9782166481018066,2.284710645675659,1.9373365640640259,1.5393816232681274,1.4216951131820679,1.050823450088501,1.0031936168670654,0.8878596425056458,0.5488272309303284,0.37343624234199524,0.36066967248916626,0.717257022857666,1.002319574356079,1.3207364082336426,1.6467629671096802,1.9424095153808594,2.269331932067871,1.942116379737854,1.5529651641845703,1.4566739797592163,1.1163051128387451,1.0581222772598267,1.0645602941513062,0.8151861429214478,0.6808516383171082,0.6165181398391724,0.917924165725708,1.1495479345321655,1.4192737340927124,1.7305653095245361,2.006052017211914,2.344297170639038,1.935516357421875,1.546768069267273,1.3591605424880981,0.9906738996505737,0.9426646828651428,0.9732528924942017,0.8602801561355591,0.8535559177398682,0.8076406121253967,1.1367301940917969,1.2941874265670776,1.5618882179260254,1.8122937679290771,2.069117546081543,2.3872673511505127
B9,1.477898120880127,1.2779324054718018,1.196129322052002,0.9486551880836487,1.0108959674835205,0.9157806038856506,0.8252554535865784,0.607842743396759,0.600982129573822,0.6219474077224731,0.837629497051239,1.1415433883666992,1.406977653503418,1.7398661375045776,2.0052318572998047,1.8724793195724487,1.4631919860839844,1.400762915611267,1.0556951761245728,1.0611213445663452,0.9771332144737244,0.7191809415817261,0.3951478600502014,0.0,0.4010079503059387,0.6756507754325867,1.0187573432922363,1.339543342590332,1.659067988395691,1.9764864444732666,1.871703028678894,1.4790000915527344,1.4601463079452515,1.1436563730239868,1.1995302438735962,1.1937813758850098,0.9162811636924744,0.69041508436203,0.393559068441391,0.6242514252662659,0.8123305439949036,1.0845614671707153,1.38804292678833,1.6605228185653687,1.9824551343917847,1.835261344909668,1.4625976085662842,1.464043378829956,1.1901307106018066,1.2327905893325806,1.3396761417388916,1.1570262908935547,0.9771513342857361,0.7562621235847473,0.9522948861122131,1.0672892332077026,1.2647103071212769,1.52641761302948,1.7614309787750244,2.075144052505493,1.7146329879760742,1.3416513204574585,1.2460240125656128,0.9597428441047668,1.0503982305526733,1.20316481590271,1.182356595993042,1.1558094024658203,1.0032951831817627,1.2728484869003296,1.31536865234375,1.5264310836791992,1.7088268995285034,1.9295037984848022,2.2155075073242188
B10,1.4864050149917603,1.3245809078216553,1.358737826347351,1.171103596687317,1.3211188316345215,1.2957944869995117,1.1957389116287231,0.9067043662071228,0.7575567364692688,0.5269440412521362,0.6954377293586731,0.8776392936706543,1.1482800245285034,1.4316291809082031,1.7037798166275024,1.8026061058044434,1.4125300645828247,1.4358515739440918,1.1580606698989868,1.2845735549926758,1.2476435899734497,1.0681641101837158,0.6962969899177551,0.4010079503059387,0.0,0.3888015151023865,0.66136234998703,1.017084002494812,1.307153344154358,1.6429815292358398,1.8257582187652588,1.4452253580093384,1.5002171993255615,1.230381727218628,1.3873980045318604,1.3998284339904785,1.1742722988128662,0.8561703562736511,0.46887683868408203,0.3856998085975647,0.5027558207511902,0.7017995119094849,1.030341625213623,1.2809205055236816,1.6230406761169434,1.7770576477050781,1.4159069061279297,1.4928524494171143,1.2531434297561646,1.3966703414916992,1.5074491500854492,1.3418335914611816,1.0725659132003784,0.7343540191650391,0.7611891031265259,0.7841561436653137,0.9000144004821777,1.1556861400604248,1.3699222803115845,1.6975412368774414,1.67258882522583,1.337994933128357,1.3171674013137817,1.0923203229904175,1.2696897983551025,1.4072089195251465,1.3717350959777832,1.2474879026412964,0.978606641292572,1.140317440032959,1.0800853967666626,1.2196048498153687,1.3599497079849243,1.5514215230941772,1.8293461799621582
B11,1.205040454864502,1.1109528541564941,1.2426867485046387,1.1612266302108765,1.4018020629882812,1.4541648626327515,1.4381539821624756,1.1507545709609985,0.9089731574058533,0.6062729358673096,0.5299556255340576,0.6230363249778748,0.8062461018562317,1.102994680404663,1.3441861867904663,1.590113878250122,1.23000967502594,1.3531901836395264,1.1715538501739502,1.3834450244903564,1.4586012363433838,1.3306413888931274,0.9948340058326721,0.6756507754325867,0.3888015151023865,0.0,0.383820503950119,0.6656283736228943,0.9998199343681335,1.302333950996399,1.5823673009872437,1.235856056213379,1.3843003511428833,1.2056297063827515,1.4449514150619507,1.5550910234451294,1.4123867750167847,1.1168245077133179,0.7258810997009277,0.5940227508544922,0.39101967215538025,0.5311518907546997,0.7403655052185059,1.0193487405776978,1.3145017623901367,1.5027344226837158,1.1814144849777222,1.348807692527771,1.2044739723205566,1.4307150840759277,1.6221660375595093,1.5452760457992554,1.29843008518219,0.9337756037712097,0.9142585396766663,0.7560867667198181,0.8191878199577332,0.9463318586349487,1.157128930091858,1.4256370067596436,1.3490647077560425,1.0572017431259155,1.123689889907837,1.014289379119873,1.2897193431854248,1.4931950569152832,1.547461986541748,1.4515879154205322,1.1689598560333252,1.2967478036880493,1.130009412765503,1.2483370304107666,1.2801108360290527,1.4704855680465698,1.6783345937728882
B12,1.349165678024292,1.2812039852142334,1.4930214881896973,1.4430036544799805,1.7130378484725952,1.80574631690979,1.764270305633545,1.4395171403884888,1.1511919498443604,0.7670755982398987,0.6299517750740051,0.45793309807777405,0.6067588925361633,0.7982730269432068,1.0651425123214722,1.7307276725769043,1.4238612651824951,1.613480806350708,1.488541603088379,1.7386492490768433,1.8137198686599731,1.6924923658370972,1.337188959121704,1.0187573432922363,0.66136234998703,0.383820503950119,0.0,0.39029619097709656,0.646195650100708,0.9904881715774536,1.7338371276855469,1.4354074001312256,1.6415655612945557,1.5114532709121704,1.7859063148498535,1.8924576044082642,1.7583019733428955,1.4346070289611816,1.0495065450668335,0.8024512529373169,0.5326887369155884,0.3535628020763397,0.4687463045120239,0.6599118113517761,0.9798551797866821,1.6373800039291382,1.3688855171203613,1.5969692468643188,1.4962085485458374,1.7620598077774048,1.9438912868499756,1.8661264181137085,1.582804560661316,1.195798397064209,1.0595725774765015,0.813901424407959,0.6901901960372925,0.7051296234130859,0.8202228546142578,1.078225016593933,1.4670158624649048,1.2571961879730225,1.3992526531219482,1.3520667552947998,1.6488124132156372,1.838043212890625,1.8748029470443726,1.7289841175079346,1.4003826379776,1.4334412813186646,1.1833921670913696,1.1837453842163086,1.1196881532669067,1.229143500328064,1.390245795249939
B13,1.2544078826904297,1.2847344875335693,1.570136547088623,1.6109611988067627,1.9228214025497437,2.0529696941375732,2.065566062927246,1.7565500736236572,1.4462792873382568,1.0823019742965698,0.8303313255310059,0.5579901933670044,0.42090290784835815,0.5198787450790405,0.6991299390792847,1.6224497556686401,1.387276291847229,1.6577109098434448,1.6251312494277954,1.9222139120101929,2.0671496391296387,1.9850099086761475,1.6536623239517212,1.339543342590332,1.017084002494812,0.6656283736228943,0.39029619097709656,0.0,0.3820137083530426,0.6372597813606262,1.5996147394180298,1.3755930662155151,1.6562902927398682,1.617522954940796,1.936569094657898,2.104187488555908,2.0294456481933594,1.726200819015503,1.35381281375885,1.121791124343872,0.7711319923400879,0.5702567100524902,0.339534729719162,0.4974580407142639,0.68119877576828,1.476080060005188,1.2905467748641968,1.590618371963501,1.583625078201294,1.8959722518920898,2.123770236968994,2.109727621078491,1.8492774963378906,1.4673219919204712,1.3247263431549072,0.998229444026947,0.847244918346405,0.6623380184173584,0.7257521152496338,0.8420067429542542,1.2789808511734009,1.168946623802185,1.388940453529358,1.4481309652328491,1.7880287170410156,2.0061514377593994,2.099952459335327,1.9761241674423218,1.654714822769165,1.667088508605957,1.3624051809310913,1.346122145652771,1.1761465072631836,1.2685484886169434,1.3195469379425049
