,A1,A2,A3,A4,A5,A6,A7,A8,A9,A10,A11,A12,A13,A14,A15,B1,B2,B3,B4,B5,B6,B7,B8,B9,B10,B11,B12,B13,B14,B15,C1,C2,C3,C4,C5,C6,C7,C8,C9,C10,C11,C12,C13,C14,C15,D1,D2,D3,D4,D5,D6,D7,D8,D9,D10,D11,D12,D13,D14,D15,E1,E2,E3,E4,E5,E6,E7,E8,E9,E10,E11,E12,E13,E14,E15
A1,0.0,0.3906393349170685,0.6589443683624268,1.0261744260787964,1.3614833354949951,1.6607861518859863,1.8869099617004395,1.8916772603988647,1.6809154748916626,1.6050411462783813,1.2486408948898315,1.3320820331573486,1.103946328163147,1.3565329313278198,1.3322172164916992,0.48157405853271484,0.572030782699585,0.7697550654411316,1.0712801218032837,1.3587520122528076,1.746711015701294,1.9087742567062378,1.990530252456665,1.7223567962646484,1.7177985906600952,1.4123642444610596,1.5302784442901611,1.3842755556106567,1.6212158203125,1.6483228206634521,0.9778905510902405,1.0108368396759033,1.13563072681427,1.361301302909851,1.5748145580291748,1.963735818862915,2.057443380355835,2.1816203594207764,1.9048347473144531,1.9490169286727905,1.6991270780563354,1.835561990737915,1.7373600006103516,1.9561982154846191,2.0105743408203125,1.47586989402771,1.4782906770706177,1.575152039527893,1.7578788995742798,1.9216771125793457,2.2923367023468018,2.325498104095459,2.4443929195404053,2.1627795696258545,2.2480506896972656,2.041670322418213,2.1955854892730713,2.1302547454833984,2.3348276615142822,2.4091122150421143,1.9936801195144653,1.9712611436843872,2.0628340244293213,2.231872797012329,2.369079351425171,2.728478193283081,2.7224178314208984,2.7138493061065674,2.465984344482422,2.6018590927124023,2.4225215911865234,2.5919275283813477,2.537867307662964,2.7281653881073,2.7991104125976562
A2,0.3906393349170685,0.0,0.3856804668903351,0.6747108697891235,1.0395280122756958,1.3436537981033325,1.5310055017471313,1.5289844274520874,1.3005996942520142,1.2452601194381714,0.9069938659667969,1.04666268825531,0.9106773734092712,1.2203688621520996,1.3057944774627686,0.7015462517738342,0.539922297000885,0.6781488060951233,0.845488965511322,1.1265870332717896,1.5007553100585938,1.6040101051330566,1.679824709892273,1.391635775566101,1.4124867916107178,1.1474719047546387,1.2946724891662598,1.2318471670150757,1.4912571907043457,1.6036403179168701,1.1289563179016113,1.0237001180648804,1.1206320524215698,1.2348381280899048,1.4296129941940308,1.7861888408660889,1.8144491910934448,1.9313870668411255,1.6401195526123047,1.7052836418151855,1.5019969940185547,1.6473735570907593,1.615384578704834,1.8378750085830688,1.9574923515319824,1.5993468761444092,1.5092285871505737,1.5959609746932983,1.693989634513855,1.8434621095657349,2.176819324493408,2.1465392112731934,2.247744083404541,1.9600225687026978,2.059373617172241,1.8963314294815063,2.0478525161743164,2.0331485271453857,2.2293591499328613,2.353590250015259,2.0998597145080566,2.0105321407318115,2.1036810874938965,2.20792293548584,2.3384945392608643,2.664921760559082,2.605088233947754,2.560137987136841,2.313150405883789,2.4604849815368652,2.3178300857543945,2.477509021759033,2.4611194133758545,2.6336042881011963,2.744258403778076
A3,0.6589443683624268,0.3856804668903351,0.0,0.40180504322052,0.7034874558448792,1.0197821855545044,1.2635293006896973,1.338549256324768,1.1767704486846924,1.2373772859573364,0.9846110343933105,1.2347909212112427,1.1974937915802002,1.5385372638702393,1.668215036392212,0.9034082889556885,0.6915116906166077,0.6043254137039185,0.680145800113678,0.8446782827377319,1.2373237609863281,1.3584342002868652,1.5115199089050293,1.2776015996932983,1.4052444696426392,1.2262357473373413,1.4591223001480103,1.4780653715133667,1.7745840549468994,1.9329720735549927,1.3043649196624756,1.1395739316940308,1.1099175214767456,1.151867389678955,1.2426364421844482,1.5883437395095825,1.61118745803833,1.7918001413345337,1.5498027801513672,1.701274037361145,1.5730228424072266,1.7845011949539185,1.822574496269226,2.0816426277160645,2.2476966381073,1.7580174207687378,1.6146049499511719,1.6166459321975708,1.655867576599121,1.7250624895095825,2.035511016845703,1.9846163988113403,2.1337456703186035,1.891527533531189,2.0591049194335938,1.9608949422836304,2.1632978916168213,2.209493637084961,2.4363465309143066,2.6051034927368164,2.2448794841766357,2.1099636554718018,2.1428399085998535,2.198986291885376,2.269505739212036,2.577281951904297,2.481262683868408,2.4601898193359375,2.258723497390747,2.4607186317443848,2.373490810394287,2.5714097023010254,2.609166383743286,2.8053627014160156,2.9602954387664795
A4,1.0261744260787964,0.6747108697891235,0.40180504322052,0.0,0.3867577016353607,0.6953076124191284,0.879745602607727,0.9668811559677124,0.8126499056816101,0.9578455686569214,0.8126183748245239,1.1347894668579102,1.2235344648361206,1.5769233703613281,1.787410855293274,1.2287534475326538,0.9296926856040955,0.7994087338447571,0.6497640609741211,0.7191328406333923,1.0411062240600586,1.0629127025604248,1.221138596534729,0.9879971146583557,1.1811243295669556,1.1036444902420044,1.3668955564498901,1.4845311641693115,1.7828446626663208,2.009632110595703,1.5557149648666382,1.3088274002075195,1.253223180770874,1.16432785987854,1.2051587104797363,1.4742071628570557,1.405702829360962,1.5790979862213135,1.3425620794296265,1.5312654972076416,1.483874797821045,1.702285647392273,1.815657377243042,2.0691816806793213,2.2920215129852295,1.9592655897140503,1.7478101253509521,1.7375115156173706,1.6862846612930298,1.7291169166564941,1.976576566696167,1.8501977920532227,1.9772273302078247,1.7457640171051025,1.9323041439056396,1.8967772722244263,2.0940659046173096,2.196835517883301,2.4110381603240967,2.625863552093506,2.4100301265716553,2.2203428745269775,2.2510924339294434,2.239410161972046,2.297332763671875,2.5574727058410645,2.4032318592071533,2.343510389328003,2.15529465675354,2.3685834407806396,2.3296401500701904,2.5150179862976074,2.5951998233795166,2.771463632583618,2.965226888656616
A5,1.3614833354949951,1.0395280122756958,0.7034874558448792,0.3867577016353607,0.0,0.41044220328330994,0.654692530632019,0.8878172636032104,0.8536415100097656,1.1294138431549072,1.1008707284927368,1.4489656686782837,1.5865886211395264,1.9365999698638916,2.165146827697754,1.553061604499817,1.262684941291809,1.0503740310668945,0.8351227641105652,0.7014576196670532,0.9464640617370605,0.937921941280365,1.1908724308013916,1.0541309118270874,1.3454781770706177,1.3646472692489624,1.6586970090866089,1.8233202695846558,2.12664532661438,2.375272035598755,1.863278865814209,1.5991851091384888,1.4707359075546265,1.3213967084884644,1.2459404468536377,1.4510506391525269,1.3500853776931763,1.581611156463623,1.419057846069336,1.6799981594085693,1.710899829864502,1.9607287645339966,2.1214559078216553,2.38565993309021,2.634646415710449,2.245544672012329,2.006751298904419,1.938376545906067,1.8343316316604614,1.7985610961914062,1.9954042434692383,1.8351303339004517,1.9994852542877197,1.8283767700195312,2.0691113471984863,2.098822832107544,2.3232805728912354,2.4716105461120605,2.697129249572754,2.940520763397217,2.6753311157226562,2.4561774730682373,2.4418320655822754,2.3847548961639404,2.3868794441223145,2.612565279006958,2.4169180393218994,2.3740334510803223,2.239335060119629,2.4945902824401855,2.5107901096343994,2.7173337936401367,2.8409340381622314,3.026284694671631,3.251467227935791
A6,1.6607861518859863,1.3436537981033325,1.0197821855545044,0.6953076124191284,0.41044220328330994,0.0,0.38847553730010986,0.6667919158935547,0.8111395835876465,1.138168215751648,1.2154111862182617,1.5925227403640747,1.7775702476501465,2.1410717964172363,2.3943872451782227,1.7592955827713013,1.4368646144866943,1.1758387088775635,0.8601052761077881,0.5948201417922974,0.6533806920051575,0.5849289298057556,0.9019033312797546,0.888154149055481,1.2514746189117432,1.368103265762329,1.7020983695983887,1.9218409061431885,2.2469236850738525,2.529202699661255,1.9806700944900513,1.6691681146621704,1.4871307611465454,1.2441198825836182,1.0856623649597168,1.1849757432937622,1.029404640197754,1.2877941131591797,1.2022486925125122,1.523294448852539,1.6381402015686035,1.924782156944275,2.143930196762085,2.4310851097106934,2.71895694732666,2.2952535152435303,2.00608491897583,1.8934121131896973,1.7119563817977905,1.6216486692428589,1.7457787990570068,1.5383124351501465,1.711458683013916,1.5954883098602295,1.8788338899612427,1.9787826538085938,2.2304277420043945,2.434461832046509,2.678272008895874,2.96138596534729,2.6716866493225098,2.4061145782470703,2.359041213989258,2.238291025161743,2.203547954559326,2.3782873153686523,2.139295816421509,2.0908946990966797,1.9998174905776978,2.284105062484741,2.358192205429077,2.581167459487915,2.7556936740875244,2.952348470687866,3.218628406524658
A7,1.8869099617004395,1.5310055017471313,1.2635293006896973,0.879745602607727,0.654692530632019,0.38847553730010986,0.0,0.384433776140213,0.5944964289665222,0.9734503626823425,1.1660722494125366,1.5255542993545532,1.7817151546478271,2.1197664737701416,2.4172091484069824,1.9943857192993164,1.641394853591919,1.4349806308746338,1.0813634395599365,0.8901932835578918,0.8384801149368286,0.5689643621444702,0.7784296870231628,0.7629325985908508,1.1314574480056763,1.3343563079833984,1.6350806951522827,1.9097665548324585,2.2035961151123047,2.5217130184173584,2.19010066986084,1.8527863025665283,1.7151919603347778,1.4304964542388916,1.3132919073104858,1.3344781398773193,1.0731329917907715,1.2443814277648926,1.1467655897140503,1.4446768760681152,1.6160080432891846,1.8618494272232056,2.1209495067596436,2.3738718032836914,2.68992280960083,2.4768946170806885,2.164506673812866,2.0879313945770264,1.868892788887024,1.8089792728424072,1.879382610321045,1.6068413257598877,1.706075668334961,1.5811055898666382,1.833154320716858,1.9688118696212769,2.177889108657837,2.40789794921875,2.615318775177002,2.919132947921753,2.8275187015533447,2.5416409969329834,2.5263962745666504,2.373093843460083,2.3639445304870605,2.497495651245117,2.223773717880249,2.113192319869995,2.0118350982666016,2.266636848449707,2.3629372119903564,2.544097661972046,2.733175277709961,2.8905327320098877,3.1715314388275146
A8,1.8916772603988647,1.5289844274520874,1.338549256324768,0.9668811559677124,0.8878172636032104,0.6667919158935547,0.384433776140213,0.0,0.3742181360721588,0.6887049674987793,0.9576451182365417,1.2973390817642212,1.5875658988952637,1.9133098125457764,2.230160713195801,1.948177456855774,1.5715361833572388,1.4191689491271973,1.04286789894104,0.9574835896492004,0.8616695404052734,0.5248931646347046,0.5168477892875671,0.4396793246269226,0.7878116369247437,1.051954746246338,1.3358114957809448,1.6464269161224365,1.9303292036056519,2.270461082458496,2.0798256397247314,1.7204055786132812,1.6290940046310425,1.317266821861267,1.2756013870239258,1.2657941579818726,0.9576696753501892,1.013588786125183,0.8581962585449219,1.1117624044418335,1.3103560209274292,1.5306991338729858,1.8168123960494995,2.0570099353790283,2.39292311668396,2.3188602924346924,1.9885461330413818,1.9526598453521729,1.713802695274353,1.711966872215271,1.7650963068008423,1.4689916372299194,1.487474799156189,1.3176981210708618,1.5229601860046387,1.6642003059387207,1.8419502973556519,2.0854079723358154,2.2754530906677246,2.59309983253479,2.635216474533081,2.3370048999786377,2.3586981296539307,2.1920864582061768,2.22871470451355,2.3470189571380615,2.074613332748413,1.9082201719284058,1.766049861907959,1.9793920516967773,2.0697546005249023,2.217999219894409,2.408304452896118,2.54376482963562,2.8320672512054443
A9,1.6809154748916626,1.3005996942520142,1.1767704486846924,0.8126499056816101,0.8536415100097656,0.8111395835876465,0.5944964289665222,0.3742181360721588,0.0,0.3928517699241638,0.6509861350059509,0.9711637496948242,1.2765637636184692,1.5840622186660767,1.9111430644989014,1.7892730236053467,1.4177511930465698,1.3427131175994873,1.0179904699325562,1.0513473749160767,1.0865999460220337,0.8297916650772095,0.780066728591919,0.5025509595870972,0.7074946761131287,0.8850820064544678,1.1110275983810425,1.404189109802246,1.6569019556045532,1.9915331602096558,1.9629130363464355,1.6275739669799805,1.6097023487091064,1.3598037958145142,1.4094147682189941,1.4860142469406128,1.226324439048767,1.2462637424468994,0.9902014136314392,1.1429768800735474,1.2503318786621094,1.4076694250106812,1.6498911380767822,1.8526363372802734,2.167412519454956,2.240706205368042,1.9440363645553589,1.9702222347259521,1.7903679609298706,1.8567358255386353,1.9708595275878906,1.7123194932937622,1.7063151597976685,1.4671311378479004,1.604673147201538,1.6685460805892944,1.7956568002700806,1.9856593608856201,2.1407601833343506,2.4271433353424072,2.5923619270324707,2.3295936584472656,2.4007010459899902,2.2859389781951904,2.373373031616211,2.5329437255859375,2.299205780029297,2.1226704120635986,1.9249167442321777,2.0911777019500732,2.1180641651153564,2.230273485183716,2.366318702697754,2.4733710289001465,2.7227094173431396
A10,1.6050411462783813,1.2452601194381714,1.2373772859573364,0.9578455686569214,1.1294138431549072,1.138168215751648,0.9734503626823425,0.6887049674987793,0.3928517699241638,0.0,0.3863080143928528,0.6338849663734436,0.9703822135925293,1.2549009323120117,1.5954616069793701,1.6750448942184448,1.3091981410980225,1.3295964002609253,1.0561418533325195,1.216229796409607,1.2784806489944458,1.069663166999817,0.9056827425956726,0.5436421632766724,0.48629698157310486,0.5960653424263,0.7406238913536072,1.0499688386917114,1.2794829607009888,1.6273030042648315,1.7999989986419678,1.4754624366760254,1.5405964851379395,1.3268588781356812,1.479749083518982,1.5798758268356323,1.3501003980636597,1.2809072732925415,0.9482409954071045,0.962574303150177,0.9969489574432373,1.0772297382354736,1.3008359670639038,1.4730911254882812,1.7885422706604004,2.0467324256896973,1.765773892402649,1.860759973526001,1.7123398780822754,1.8592751026153564,1.9956824779510498,1.7642980813980103,1.696155071258545,1.394013524055481,1.440464973449707,1.4409040212631226,1.5066686868667603,1.6612727642059326,1.7842923402786255,2.057795286178589,2.3817522525787354,2.1378674507141113,2.2647693157196045,2.1778178215026855,2.326730728149414,2.499541759490967,2.3026609420776367,2.0945279598236084,1.8393763303756714,1.9393703937530518,1.9123698472976685,1.9776822328567505,2.072324514389038,2.1498281955718994,2.375608444213867
A11,1.2486408948898315,0.9069938659667969,0.9846110343933105,0.8126183748245239,1.1008707284927368,1.2154111862182617,1.1660722494125366,0.9576451182365417,0.6509861350059509,0.3863080143928528,0.0,0.3817618787288666,0.6313110589981079,0.9660777449607849,1.2730333805084229,1.3322314023971558,0.9877043962478638,1.082457184791565,0.9072819352149963,1.167188048362732,1.3386508226394653,1.2355244159698486,1.126155972480774,0.7514408230781555,0.6441887021064758,0.4896468222141266,0.6093018054962158,0.8052046895027161,1.0624659061431885,1.366020679473877,1.4943903684616089,1.210071086883545,1.3311132192611694,1.2092266082763672,1.4275528192520142,1.6197657585144043,1.4752610921859741,1.4416435956954956,1.0840121507644653,1.0656743049621582,0.9591870307922363,1.0310090780258179,1.1524903774261475,1.3373994827270508,1.5991195440292358,1.7893632650375366,1.556923508644104,1.6884212493896484,1.6196078062057495,1.8076131343841553,2.0167839527130127,1.8530089855194092,1.8176138401031494,1.4873579740524292,1.5172730684280396,1.4258556365966797,1.495993971824646,1.57379150390625,1.7102655172348022,1.9321792125701904,2.171687602996826,1.9748016595840454,2.122532606124878,2.102388620376587,2.2760746479034424,2.5039782524108887,2.360469341278076,2.1886849403381348,1.9078713655471802,1.9985491037368774,1.9065256118774414,1.9841161966323853,2.021618604660034,2.11862850189209,2.296973705291748
A12,1.3320820331573486,1.04666268825531,1.2347909212112427,1.1347894668579102,1.4489656686782837,1.5925227403640747,1.5255542993545532,1.2973390817642212,0.9711637496948242,0.6338849663734436,0.3817618787288666,0.0,0.3781736493110657,0.621382474899292,0.9670017957687378,1.4204130172729492,1.1351087093353271,1.3283898830413818,1.2283835411071777,1.527339220046997,1.7041832208633423,1.6009211540222168,1.4487411975860596,1.0747778415679932,0.855642557144165,0.6352866888046265,0.5002118349075317,0.6065226197242737,0.7497001886367798,1.054050087928772,1.5578703880310059,1.3304890394210815,1.5368430614471436,1.471474528312683,1.7422102689743042,1.9396306276321411,1.8054405450820923,1.7220085859298706,1.348147988319397,1.2276722192764282,1.0518906116485596,0.9852527976036072,1.0198713541030884,1.105817198753357,1.3303248882293701,1.8285882472991943,1.6456811428070068,1.8485065698623657,1.8241469860076904,2.0664591789245605,2.2845003604888916,2.1384875774383545,2.0592997074127197,1.702847957611084,1.6508296728134155,1.4985907077789307,1.4773768186569214,1.4819680452346802,1.5447542667388916,1.7176247835159302,2.194464683532715,2.03985595703125,2.245020627975464,2.260737895965576,2.482884645462036,2.7164289951324463,2.6021857261657715,2.4077696800231934,2.09313702583313,2.1181654930114746,1.9747483730316162,1.9886478185653687,1.9635506868362427,2.0061357021331787,2.131967067718506
A13,1.103946328163147,0.9106773734092712,1.1974937915802002,1.2235344648361206,1.5865886211395264,1.7775702476501465,1.7817151546478271,1.5875658988952637,1.2765637636184692,0.9703822135925293,0.6313110589981079,0.3781736493110657,0.0,0.38620874285697937,0.6437054872512817,1.1756840944290161,0.9686886072158813,1.2483004331588745,1.263574481010437,1.6144415140151978,1.8481221199035645,1.8181625604629517,1.694550633430481,1.3320066928863525,1.1110761165618896,0.7877976298332214,0.6326667070388794,0.4926188290119171,0.6202827095985413,0.8123935461044312,1.320386290550232,1.1731061935424805,1.4418882131576538,1.474914789199829,1.78903067111969,2.04250431060791,1.9765524864196777,1.9133918285369873,1.5416934490203857,1.4050672054290771,1.1394861936569214,1.063544511795044,0.967682421207428,1.0490803718566895,1.1774364709854126,1.6149743795394897,1.5044643878936768,1.7471776008605957,1.8039357662200928,2.079054832458496,2.347330331802368,2.262152910232544,2.2049949169158936,1.840494990348816,1.7732940912246704,1.550026774406433,1.5291612148284912,1.4504010677337646,1.5210373401641846,1.6222840547561646,2.009082555770874,1.9151005744934082,2.142273426055908,2.2240192890167236,2.468234062194824,2.7423930168151855,2.6802613735198975,2.518171548843384,2.189891815185547,2.2010610103607178,2.002676486968994,2.02398681640625,1.9411276578903198,2.0011534690856934,2.0707216262817383
A14,1.3565329313278198,1.2203688621520996,1.5385372638702393,1.5769233703613281,1.9365999698638916,2.1410717964172363,2.1197664737701416,1.9133098125457764,1.5840622186660767,1.2549009323120117,0.9660777449607849,0.621382474899292,0.38620874285697937,0.0,0.37755414843559265,1.4440667629241943,1.3034595251083374,1.6116331815719604,1.6486167907714844,2.000349760055542,2.2286593914031982,2.181135654449463,2.0332069396972656,1.6675748825073242,1.4090545177459717,1.1076829433441162,0.8487615585327148,0.6452154517173767,0.5141457319259644,0.6035301685333252,1.5657789707183838,1.4775519371032715,1.7810249328613281,1.836259365081787,2.1643519401550293,2.410318374633789,2.337110996246338,2.243988275527954,1.8680493831634521,1.6827664375305176,1.4065141677856445,1.237182378768921,1.0725511312484741,1.0145370960235596,1.0511651039123535,1.821612000465393,1.7612491846084595,2.04414439201355,2.1238555908203125,2.4237444400787354,2.687840223312378,2.6055843830108643,2.517849922180176,2.1444623470306396,2.0264477729797363,1.7775936126708984,1.6814035177230835,1.5411428213119507,1.523055076599121,1.550788164138794,2.181657075881958,2.130213499069214,2.3963944911956787,2.5003011226654053,2.7735517024993896,3.0438194274902344,2.9975571632385254,2.8170578479766846,2.4722495079040527,2.435426950454712,2.207559108734131,2.171160936355591,2.0349347591400146,2.0339701175689697,2.040454626083374
A15,1.3322172164916992,1.3057944774627686,1.668215036392212,1.787410855293274,2.165146827697754,2.3943872451782227,2.4172091484069824,2.230160713195801,1.9111430644989014,1.5954616069793701,1.2730333805084229,0.9670017957687378,0.6437054872512817,0.37755414843559265,0.0,1.39345383644104,1.3539607524871826,1.7031114101409912,1.8192776441574097,2.1917214393615723,2.451035976409912,2.451345443725586,2.3209290504455566,1.9652884006500244,1.709411859512329,1.3697190284729004,1.1279939413070679,0.8300436735153198,0.674106776714325,0.5224608778953552,1.5000156164169312,1.5061792135238647,1.8428176641464233,1.9712086915969849,2.3195786476135254,2.5981640815734863,2.5734336376190186,2.493168592453003,2.124732494354248,1.9326648712158203,1.6125198602676392,1.4454792737960815,1.1984225511550903,1.1247508525848389,1.0331122875213623,1.7477811574935913,1.769281268119812,2.0774779319763184,2.222383975982666,2.5410830974578857,2.8368079662323,2.8021678924560547,2.7293636798858643,2.356928586959839,2.2281808853149414,1.9353339672088623,1.8382989168167114,1.632804274559021,1.612113356590271,1.5564378499984741,2.1078314781188965,2.1238882541656494,2.405778646469116,2.566030979156494,2.854358434677124,3.1517419815063477,3.1501121520996094,2.9959163665771484,2.6456797122955322,2.5948941707611084,2.3271572589874268,2.292386531829834,2.106167793273926,2.1138362884521484,2.05871319770813
B1,0.48157405853271484,0.7015462517738342,0.9034082889556885,1.2287534475326538,1.553061604499817,1.7592955827713013,1.9943857192993164,1.948177456855774,1.7892730236053467,1.6750448942184448,1.3322314023971558,1.4204130172729492,1.1756840944290161,1.4440667629241943,1.39345383644104,0.0,0.3832770586013794,0.6268483400344849,0.989986777305603,1.3169770240783691,1.6610631942749023,1.8750311136245728,1.9192343950271606,1.6916065216064453,1.6480600833892822,1.320634365081787,1.4559520483016968,1.280096411705017,1.5598403215408325,1.570581316947937,0.5055740475654602,0.615267813205719,0.7766513228416443,1.0902680158615112,1.3574825525283813,1.7471238374710083,1.9028868675231934,2.000873327255249,1.7477322816848755,1.7631548643112183,1.480002760887146,1.642227292060852,1.5204964876174927,1.7870749235153198,1.8342149257659912,1.0065383911132812,1.039769172668457,1.1444364786148071,1.3867161273956299,1.5881552696228027,1.977712869644165,2.0698156356811523,2.1825592517852783,1.9091153144836426,1.9762043952941895,1.739563226699829,1.9195986986160278,1.8401960134506226,2.088472843170166,2.1604418754577637,1.5255372524261475,1.5190786123275757,1.6069573163986206,1.811875820159912,1.968610405921936,2.3440937995910645,2.386831045150757,2.3983983993530273,2.1467673778533936,2.26774525642395,2.0648386478424072,2.2572083473205566,2.1963577270507812,2.4258949756622314,2.4982593059539795
B2,0.572030782699585,0.539922297000885,0.6915116906166077,0.9296926856040955,1.262684941291809,1.4368646144866943,1.641394853591919,1.5715361833572388,1.4177511930465698,1.3091981410980225,0.9877043962478638,1.1351087093353271,0.9686886072158813,1.3034595251083374,1.3539607524871826,0.3832770586013794,0.0,0.3708518147468567,0.6508316993713379,1.0152552127838135,1.3439569473266602,1.520319938659668,1.5482070446014404,1.3094305992126465,1.2792917490005493,0.9730244278907776,1.1607434749603271,1.0643798112869263,1.392963171005249,1.494654893875122,0.6371082067489624,0.48820334672927856,0.6233885288238525,0.822748064994812,1.102981686592102,1.4733682870864868,1.5771290063858032,1.6642191410064697,1.3934060335159302,1.4276244640350342,1.1772891283035278,1.3709317445755005,1.3207777738571167,1.6134922504425049,1.7364609241485596,1.0820733308792114,0.9760605692863464,1.066732406616211,1.2079107761383057,1.4050854444503784,1.7648675441741943,1.7968084812164307,1.8922055959701538,1.6056612730026245,1.6900891065597534,1.4920519590377808,1.6849781274795532,1.6642321348190308,1.9190902709960938,2.0515713691711426,1.5759037733078003,1.4788841009140015,1.5671215057373047,1.6941922903060913,1.8469494581222534,2.1911189556121826,2.1782217025756836,2.1520755290985107,1.8956753015518188,2.0326108932495117,1.866247296333313,2.0580177307128906,2.042185068130493,2.2630982398986816,2.384556293487549
B3,0.7697550654411316,0.6781488060951233,0.6043254137039185,0.7994087338447571,1.0503740310668945,1.1758387088775635,1.4349806308746338,1.4191689491271973,1.3427131175994873,1.3295964002609253,1.082457184791565,1.3283898830413818,1.2483004331588745,1.6116331815719604,1.7031114101409912,0.6268483400344849,0.3708518147468567,0.0,0.39423999190330505,0.6911559700965881,1.0412869453430176,1.273811936378479,1.3731777667999268,1.2027822732925415,1.277073860168457,1.0605906248092651,1.338852047920227,1.3285605907440186,1.6850461959838867,1.8290932178497314,0.8343046307563782,0.6178098917007446,0.5080505013465881,0.6306606531143188,0.8051766157150269,1.1972510814666748,1.3282109498977661,1.487404465675354,1.2763440608978271,1.4078006744384766,1.241193413734436,1.5131915807724,1.5404342412948608,1.866921067237854,2.034207582473755,1.228182315826416,1.056504726409912,1.016904592514038,1.0880963802337646,1.1877691745758057,1.5414648056030273,1.5694420337677002,1.7271113395690918,1.4930813312530518,1.659547209739685,1.5347908735275269,1.791503667831421,1.8391035795211792,2.1272308826446533,2.3042755126953125,1.6906616687774658,1.5399514436721802,1.5446405410766602,1.6166119575500488,1.6957077980041504,2.0284926891326904,1.9842054843902588,1.9942528009414673,1.7891731262207031,1.9922574758529663,1.8882073163986206,2.1293601989746094,2.17498517036438,2.4249682426452637,2.592778205871582
B4,1.0712801218032837,0.845488965511322,0.680145800113678,0.6497640609741211,0.8351227641105652,0.8601052761077881,1.0813634395599365,1.04286789894104,1.0179904699325562,1.0561418533325195,0.9072819352149963,1.2283835411071777,1.263574481010437,1.6486167907714844,1.8192776441574097,0.989986777305603,0.6508316993713379,0.39423999190330505,0.0,0.3937414884567261,0.7010872960090637,0.8868457078933716,0.9872441291809082,0.8373884558677673,0.9838602542877197,0.8709272742271423,1.213509440422058,1.3133512735366821,1.6839920282363892,1.901845097541809,1.1276030540466309,0.810332715511322,0.660191535949707,0.5164791345596313,0.6176808476448059,0.94383305311203,0.9885802865028381,1.1540863513946533,0.9464420676231384,1.1428478956222534,1.0713154077529907,1.3799484968185425,1.5012081861495972,1.8345049619674683,2.0680131912231445,1.4410560131072998,1.177428126335144,1.1124978065490723,1.0399343967437744,1.0962859392166138,1.3774926662445068,1.3157509565353394,1.4602556228637695,1.2335697412490845,1.441665530204773,1.3956334590911865,1.665629506111145,1.7874151468276978,2.0724942684173584,2.3062331676483154,1.8462952375411987,1.6224768161773682,1.6179635524749756,1.5946452617645264,1.6523633003234863,1.9285798072814941,1.8117048740386963,1.7801061868667603,1.5889031887054443,1.8187596797943115,1.776220440864563,2.015052556991577,2.1175012588500977,2.3539180755615234,2.5713045597076416
B5,1.3587520122528076,1.1265870332717896,0.8446782827377319,0.7191328406333923,0.7014576196670532,0.5948201417922974,0.8901932835578918,0.9574835896492004,1.0513473749160767,1.216229796409607,1.167188048362732,1.527339220046997,1.6144415140151978,2.000349760055542,2.1917214393615723,1.3169770240783691,1.0152552127838135,0.6911559700965881,0.3937414884567261,0.0,0.409947007894516,0.66761714220047,0.9091628193855286,0.8866481781005859,1.1589277982711792,1.1618685722351074,1.5267207622528076,1.6754307746887207,2.0433554649353027,2.2815208435058594,1.4632632732391357,1.157600998878479,0.9179977774620056,0.7000912427902222,0.5461869239807129,0.7976492643356323,0.8259156942367554,1.1022464036941528,1.0049487352371216,1.3037927150726318,1.3348766565322876,1.6705113649368286,1.8412806987762451,2.177992820739746,2.4348702430725098,1.750612735748291,1.4699110984802246,1.322408676147461,1.1788030862808228,1.1008280515670776,1.3159370422363281,1.2160301208496094,1.431328535079956,1.2935384511947632,1.5802127122879028,1.6199454069137573,1.9202452898025513,2.0922605991363525,2.3860092163085938,2.646930456161499,2.1229248046875,1.8707987070083618,1.8008842468261719,1.7189035415649414,1.6917599439620972,1.9256809949874878,1.756978988647461,1.7592003345489502,1.6443341970443726,1.9344468116760254,1.963634967803955,2.2301154136657715,2.3832459449768066,2.629962682723999,2.8798139095306396
B6,1.746711015701294,1.5007553100585938,1.2373237609863281,1.0411062240600586,0.9464640617370605,0.6533806920051575,0.8384801149368286,0.8616695404052734,1.0865999460220337,1.2784806489944458,1.3386508226394653,1.7041832208633423,1.8481221199035645,2.2286593914031982,2.451035976409912,1.6610631942749023,1.3439569473266602,1.0412869453430176,0.7010872960090637,0.409947007894516,0.0,0.3904343843460083,0.6615393757820129,0.810580313205719,1.1291699409484863,1.2477861642837524,1.62453293800354,1.8329097032546997,2.20096492767334,2.4737842082977295,1.7201383113861084,1.3800264596939087,1.1206711530685425,0.7919909358024597,0.5291143655776978,0.5318718552589417,0.4597012400627136,0.7961246967315674,0.8229304552078247,1.1883312463760376,1.3292794227600098,1.6852773427963257,1.9204245805740356,2.262801170349121,2.5586185455322266,1.9187719821929932,1.5883328914642334,1.4057077169418335,1.1536834239959717,1.004478096961975,1.093196153640747,0.906476616859436,1.1337659358978271,1.0742781162261963,1.414194941520691,1.5481640100479126,1.8667851686477661,2.1024527549743652,2.4021451473236084,2.7038731575012207,2.2146294116973877,1.9106435775756836,1.8112491369247437,1.6411464214324951,1.5714524984359741,1.727797269821167,1.4925342798233032,1.4766377210617065,1.4177019596099854,1.742444634437561,1.8479136228561401,2.1241018772125244,2.3365437984466553,2.5848805904388428,2.878432273864746
B7,1.9087742567062378,1.6040101051330566,1.3584342002868652,1.0629127025604248,0.937921941280365,0.5849289298057556,0.5689643621444702,0.5248931646347046,0.8297916650772095,1.069663166999817,1.2355244159698486,1.6009211540222168,1.8181625604629517,2.181135654449463,2.451345443725586,1.8750311136245728,1.520319938659668,1.273811936378479,0.8868457078933716,0.66761714220047,0.3904343843460083,0.0,0.3842744827270508,0.5887354612350464,0.9642197489738464,1.1857420206069946,1.5404568910598755,1.81092369556427,2.150674819946289,2.463148593902588,1.9495618343353271,1.5862184762954712,1.3926928043365479,1.0405471324920654,0.8714373111724854,0.7924692034721375,0.5043649673461914,0.724841296672821,0.7259970903396606,1.096355676651001,1.311318278312683,1.6267634630203247,1.9086856842041016,2.215705394744873,2.542999029159546,2.1471781730651855,1.7995508909225464,1.67234468460083,1.3942170143127441,1.2971724271774292,1.3212436437606812,1.0380295515060425,1.1614692211151123,1.0818551778793335,1.3914717435836792,1.5701535940170288,1.8399852514266968,2.1054069995880127,2.3647210597991943,2.689641237258911,2.433115005493164,2.1139519214630127,2.0593950748443604,1.8618063926696777,1.8272532224655151,1.9357537031173706,1.6550170183181763,1.5568557977676392,1.4822773933410645,1.7738299369812012,1.9049046039581299,2.131315231323242,2.3589107990264893,2.5620434284210205,2.8714914321899414
B8,1.990530252456665,1.679824709892273,1.5115199089050293,1.221138596534729,1.1908724308013916,0.9019033312797546,0.7784296870231628,0.5168477892875671,0.780066728591919,0.9056827425956726,1.126155972480774,1.4487411975860596,1.694550633430481,2.0332069396972656,2.3209290504455566,1.9192343950271606,1.5482070446014404,1.3731777667999268,0.9872441291809082,0.9091628193855286,0.6615393757820129,0.3842744827270508,0.0,0.3775801956653595,0.6819236874580383,0.9793092608451843,1.3041986227035522,1.6104075908660889,1.9312912225723267,2.2646524906158447,1.9288177490234375,1.5476006269454956,1.4172075986862183,1.0451561212539673,0.9880857467651367,0.8666580319404602,0.5195388197898865,0.49694356322288513,0.4259221851825714,0.7678666114807129,1.0449135303497314,1.332465648651123,1.6510651111602783,1.9406490325927734,2.2901694774627686,2.0696463584899902,1.703386664390564,1.6293995380401611,1.3266823291778564,1.3090124130249023,1.3002028465270996,0.9805092811584473,0.970919668674469,0.8297188878059387,1.086054801940918,1.291068196296692,1.5253896713256836,1.8160313367843628,2.0544707775115967,2.3982579708099365,2.311243772506714,1.9765862226486206,1.968804121017456,1.7508472204208374,1.775094747543335,1.856174111366272,1.5729501247406006,1.3920429944992065,1.264164924621582,1.503800392150879,1.6379755735397339,1.8236711025238037,2.0608417987823486,2.2370736598968506,2.5597777366638184
B9,1.7223567962646484,1.391635775566101,1.2776015996932983,0.9879971146583557,1.0541309118270874,0.888154149055481,0.7629325985908508,0.4396793246269226,0.5025509595870972,0.5436421632766724,0.7514408230781555,1.0747778415679932,1.3320066928863525,1.6675748825073242,1.9652884006500244,1.6916065216064453,1.3094305992126465,1.2027822732925415,0.8373884558677673,0.8866481781005859,0.810580313205719,0.5887354612350464,0.3775801956653595,0.0,0.3936421871185303,0.665052056312561,0.9824065566062927,1.2912354469299316,1.6025103330612183,1.9387321472167969,1.743189811706543,1.3707469701766968,1.3171330690383911,1.0002843141555786,1.0596139430999756,1.0743221044540405,0.8103994727134705,0.7669085264205933,0.4881037473678589,0.696355402469635,0.8722149133682251,1.1160184144973755,1.4065977334976196,1.6750019788742065,2.014002561569214,1.9331212043762207,1.5933386087417603,1.5907586812973022,1.3564221858978271,1.426355004310608,1.507724642753601,1.2450826168060303,1.2127060890197754,0.9651506543159485,1.129010796546936,1.232709527015686,1.4166697263717651,1.6556130647659302,1.8664473295211792,2.1860506534576416,2.2242300510406494,1.9242595434188843,1.975111961364746,1.8209457397460938,1.9078928232192993,2.046304225921631,1.8132474422454834,1.6253682374954224,1.4227889776229858,1.6032233238220215,1.6548124551773071,1.8014167547225952,1.9780550003051758,2.1276025772094727,2.4132626056671143
B10,1.7177985906600952,1.4124867916107178,1.4052444696426392,1.1811243295669556,1.3454781770706177,1.2514746189117432,1.1314574480056763,0.7878116369247437,0.7074946761131287,0.48629698157310486,0.6441887021064758,0.855642557144165,1.1110761165618896,1.4090545177459717,1.709411859512329,1.6480600833892822,1.2792917490005493,1.277073860168457,0.9838602542877197,1.1589277982711792,1.1291699409484863,0.9642197489738464,0.6819236874580383,0.3936421871185303,0.0,0.3866155445575714,0.6347582340240479,0.972847044467926,1.2625819444656372,1.6116766929626465,1.6380741596221924,1.2785086631774902,1.3231693506240845,1.0562615394592285,1.236928105354309,1.2751425504684448,1.0599085092544556,0.8971390128135681,0.5336126089096069,0.47637832164764404,0.5794122815132141,0.7436984181404114,1.04779052734375,1.2941854000091553,1.645445704460144,1.7805851697921753,1.454146385192871,1.5356839895248413,1.3363795280456543,1.5059975385665894,1.6053510904312134,1.3787105083465576,1.2580713033676147,0.931108295917511,0.9543022513389587,0.9832565784454346,1.09041166305542,1.3079577684402466,1.4886096715927124,1.8079750537872314,2.0425713062286377,1.7585800886154175,1.8782540559768677,1.7517169713974,1.914465069770813,2.0607857704162598,1.8709769248962402,1.6396806240081787,1.3654437065124512,1.4532370567321777,1.4416805505752563,1.5265089273452759,1.6636658906936646,1.7791448831558228,2.049609661102295
B11,1.4123642444610596,1.1474719047546387,1.2262357473373413,1.1036444902420044,1.3646472692489624,1.368103265762329,1.3343563079833984,1.051954746246338,0.8850820064544678,0.5960653424263,0.4896468222141266,0.6352866888046265,0.7877976298332214,1.1076829433441162,1.3697190284729004,1.320634365081787,0.9730244278907776,1.0605906248092651,0.8709272742271423,1.1618685722351074,1.2477861642837524,1.1857420206069946,0.9793092608451843,0.665052056312561,0.3866155445575714,0.0,0.37778374552726746,0.6333693265914917,0.9724998474121094,1.2888944149017334,1.3097094297409058,0.9790171980857849,1.1091489791870117,0.9459733963012695,1.224916934967041,1.369765281677246,1.2543799877166748,1.1364266872406006,0.7613652348518372,0.6375907063484192,0.4696246087551117,0.6026855707168579,0.791056752204895,1.0653003454208374,1.3732036352157593,1.483878254890442,1.2012423276901245,1.3472344875335693,1.2435280084609985,1.4816181659698486,1.6675336360931396,1.52392578125,1.4355040788650513,1.07505464553833,1.0527632236480713,0.9362759590148926,1.0283889770507812,1.1428111791610718,1.336047649383545,1.6025007963180542,1.792947769165039,1.558602213859558,1.7198855876922607,1.6744883060455322,1.8810453414916992,2.0913784503936768,1.9686943292617798,1.7751232385635376,1.4643158912658691,1.5229591131210327,1.417331576347351,1.5022106170654297,1.5598078966140747,1.6897010803222656,1.9037463665008545
B12,1.5302784442901611,1.2946724891662598,1.4591223001480103,1.3668955564498901,1.6586970090866089,1.7020983695983887,1.6350806951522827,1.3358114957809448,1.1110275983810425,0.7406238913536072,0.6093018054962158,0.5002118349075317,0.6326667070388794,0.8487615585327148,1.1279939413070679,1.4559520483016968,1.1607434749603271,1.338852047920227,1.213509440422058,1.5267207622528076,1.62453293800354,1.5404568910598755,1.3041986227035522,0.9824065566062927,0.6347582340240479,0.37778374552726746,0.0,0.37192124128341675,0.6284766793251038,0.979808509349823,1.4262617826461792,1.1599769592285156,1.3761194944381714,1.2750394344329834,1.5851935148239136,1.7286977767944336,1.6098856925964355,1.4462090730667114,1.0739145278930664,0.8422674536705017,0.6147711277008057,0.4850650131702423,0.5816600322723389,0.7498656511306763,1.0610380172729492,1.5689959526062012,1.3425651788711548,1.566332221031189,1.509387731552124,1.7936404943466187,1.9776442050933838,1.84451425075531,1.706601619720459,1.3324018716812134,1.2082350254058838,1.0267953872680664,0.9773320555686951,1.005539059638977,1.1037932634353638,1.336968183517456,1.8502118587493896,1.6609922647476196,1.887809157371521,1.8766493797302246,2.1320815086364746,2.3383572101593018,2.2414140701293945,2.0193378925323486,1.6792149543762207,1.6552517414093018,1.4950506687164307,1.489566683769226,1.4746907949447632,1.5307848453521729,1.695278525352478
B13,1.3842755556106567,1.2318471670150757,1.4780653715133667,1.4845311641693115,1.8233202695846558,1.9218409061431885,1.9097665548324585,1.6464269161224365,1.404189109802246,1.0499688386917114,0.8052046895027161,0.6065226197242737,0.4926188290119171,0.6452154517173767,0.8300436735153198,1.280096411705017,1.0643798112869263,1.3285605907440186,1.3133512735366821,1.6754307746887207,1.8329097032546997,1.81092369556427,1.6104075908660889,1.2912354469299316,0.972847044467926,0.6333693265914917,0.37192124128341675,0.0,0.3851977288722992,0.6572868227958679,1.228524088859558,1.0487515926361084,1.3444199562072754,1.3500794172286987,1.705599069595337,1.9064054489135742,1.8527934551239014,1.7138131856918335,1.3500727415084839,1.1144906282424927,0.7922996878623962,0.630702018737793,0.4753171503543854,0.6110439300537109,0.8120350241661072,1.3743681907653809,1.2313776016235352,1.5163955688476562,1.552890658378601,1.8774350881576538,2.113121509552002,2.0430548191070557,1.9265687465667725,1.5491341352462769,1.403630018234253,1.134596586227417,1.0632317066192627,0.9586468935012817,1.0431355237960815,1.1784285306930542,1.6769859790802002,1.5601810216903687,1.8266276121139526,1.892536997795105,2.179461717605591,2.4275057315826416,2.3881585597991943,2.1979410648345947,1.8437246084213257,1.7944257259368896,1.5645400285720825,1.551423192024231,1.4514285326004028,1.5115880966186523,1.5966826677322388
