,A1,A2,A3,A4,A5,A6,A7,A8,A9,A10,A11,A12,A13,A14,A15,B1,B2,B3,B4,B5,B6,B7,B8,B9,B10,B11,B12,B13,B14,B15,C1,C2,C3,C4,C5,C6,C7,C8,C9,C10,C11,C12,C13,C14,C15,D1,D2,D3,D4,D5,D6,D7,D8,D9,D10,D11,D12,D13,D14,D15,E1,E2,E3,E4,E5,E6,E7,E8,E9,E10,E11,E12,E13,E14,E15
A1,0.0,0.3894985616207123,0.6118301153182983,0.817496120929718,1.1672821044921875,1.3143036365509033,1.6885401010513306,1.8050978183746338,2.1541216373443604,2.3255600929260254,2.634798049926758,2.8344290256500244,3.108264446258545,3.380582809448242,3.249908924102783,1.2452601194381714,1.068543553352356,1.2158236503601074,1.0451734066009521,1.3670365810394287,1.5306528806686401,1.8943405151367188,2.089639663696289,2.4100940227508545,2.632229804992676,2.937307119369507,3.1553213596343994,3.505711078643799,3.591463804244995,3.762218713760376,1.9391428232192993,1.8172956705093384,1.8498550653457642,1.5785797834396362,1.820924997329712,1.8869471549987793,2.2124860286712646,2.394761323928833,2.690176010131836,2.9130334854125977,3.206115245819092,3.4215731620788574,3.781167507171631,3.807330846786499,4.075149059295654,2.5894110202789307,2.475900650024414,2.4855713844299316,2.1695687770843506,2.315392017364502,2.302328586578369,2.5979647636413574,2.747640371322632,3.0127596855163574,3.23624849319458,3.504041910171509,3.751408338546753,4.113346099853516,4.255564212799072,4.543621063232422,3.408527374267578,3.3174986839294434,3.254680871963501,2.881014585494995,2.92390775680542,2.8109917640686035,3.0905282497406006,3.176952600479126,3.418214797973633,3.6170730590820312,3.8255228996276855,4.094797134399414,4.3579792976379395,4.660904884338379,4.837008476257324
A2,0.3894985616207123,0.0,0.39725372195243835,0.5716238617897034,0.8904962539672852,1.124903678894043,1.4868756532669067,1.674929141998291,2.030489206314087,2.2446560859680176,2.567389965057373,2.7913928031921387,3.0917928218841553,3.3749172687530518,3.277425765991211,1.3413387537002563,1.0910041332244873,1.1114885807037354,0.8643370866775513,1.1109881401062012,1.2966442108154297,1.64594566822052,1.8969515562057495,2.215498447418213,2.4782209396362305,2.7884790897369385,3.0364584922790527,3.3991315364837646,3.497985601425171,3.702793836593628,1.9126116037368774,1.7419259548187256,1.702890396118164,1.3872779607772827,1.5684138536453247,1.6375945806503296,1.947006344795227,2.1675961017608643,2.453403949737549,2.7120144367218018,3.003258466720581,3.247523069381714,3.6138792037963867,3.6607327461242676,3.9543285369873047,2.507599353790283,2.3654279708862305,2.3195385932922363,1.9779523611068726,2.0706710815429688,2.054316997528076,2.329888105392456,2.503401279449463,2.7519004344940186,3.0029656887054443,3.2619078159332275,3.533872365951538,3.898155450820923,4.0529866218566895,4.361167907714844,3.266066074371338,3.1573169231414795,3.0574698448181152,2.676607608795166,2.6766748428344727,2.566476583480835,2.826190233230591,2.9259181022644043,3.1448280811309814,3.3603527545928955,3.5515944957733154,3.8380932807922363,4.091812610626221,4.40972900390625,4.589598655700684
A3,0.6118301153182983,0.39725372195243835,0.0,0.37878111004829407,0.6064064502716064,0.8189358115196228,1.171639084815979,1.3285614252090454,1.6984890699386597,1.8922783136367798,2.2314646244049072,2.439438819885254,2.7554781436920166,3.0261049270629883,2.929413318634033,1.078865647315979,0.8484390377998352,0.7824603915214539,0.48883023858070374,0.7654989361763,0.9315949082374573,1.297142744064331,1.5249614715576172,1.8584773540496826,2.106130361557007,2.4287941455841064,2.6650004386901855,3.0321362018585205,3.1166741847991943,3.3214151859283447,1.6184104681015015,1.481428623199463,1.4016971588134766,1.0732423067092896,1.2582591772079468,1.2876951694488525,1.6032660007476807,1.7986284494400024,2.095710039138794,2.338459014892578,2.639493703842163,2.870943784713745,3.2394988536834717,3.2740232944488525,3.564049482345581,2.2093896865844727,2.1018526554107666,2.0367701053619385,1.6876486539840698,1.7817836999893188,1.7265645265579224,2.0017871856689453,2.1475472450256348,2.4047882556915283,2.6385304927825928,2.9061849117279053,3.164661407470703,3.530665636062622,3.6759021282196045,3.9777660369873047,2.966134786605835,2.887718439102173,2.7752115726470947,2.4004874229431152,2.402649402618408,2.2572219371795654,2.513417959213257,2.5855846405029297,2.8141860961914062,3.012200355529785,3.215282440185547,3.489034414291382,3.7517971992492676,4.0586090087890625,4.24077844619751
A4,0.817496120929718,0.5716238617897034,0.37878111004829407,0.0,0.3849477469921112,0.5679182410240173,0.9265677332878113,1.1475378274917603,1.4878284931182861,1.7384064197540283,2.0518932342529297,2.3048880100250244,2.6114306449890137,2.9131269454956055,2.8591420650482178,1.3597297668457031,1.1815401315689087,1.0475114583969116,0.6827622056007385,0.8249180316925049,0.8550863862037659,1.1657018661499023,1.3991845846176147,1.6852432489395142,1.9622998237609863,2.2524473667144775,2.5210320949554443,2.8794126510620117,3.0080342292785645,3.2359607219696045,1.8914209604263306,1.7732188701629639,1.6313755512237549,1.2733393907546997,1.3676084280014038,1.3069782257080078,1.5549437999725342,1.725332498550415,1.9703807830810547,2.2223241329193115,2.4864141941070557,2.7414729595184326,3.0984580516815186,3.173964023590088,3.477768659591675,2.4518258571624756,2.360507011413574,2.2472047805786133,1.8797671794891357,1.9096320867538452,1.793328881263733,2.0102808475494385,2.121724843978882,2.32814884185791,2.5551066398620605,2.784397840499878,3.055893659591675,3.4061756134033203,3.5877132415771484,3.892369508743286,3.1624796390533447,3.0977540016174316,2.94478702545166,2.574322462081909,2.5277061462402344,2.347707748413086,2.5573232173919678,2.5948591232299805,2.781026601791382,2.9569129943847656,3.1226181983947754,3.389904022216797,3.6247129440307617,3.941842794418335,4.096688270568848
A5,1.1672821044921875,0.8904962539672852,0.6064064502716064,0.3849477469921112,0.0,0.3801710605621338,0.6494892835617065,0.930961549282074,1.2694940567016602,1.5382964611053467,1.8663809299468994,2.1212127208709717,2.4548494815826416,2.7488818168640137,2.7226006984710693,1.4240756034851074,1.2459330558776855,0.990908682346344,0.6140604615211487,0.569970965385437,0.5188040733337402,0.7959843873977661,1.0722140073776245,1.3596090078353882,1.664046287536621,1.9642059803009033,2.248312473297119,2.616588830947876,2.7440927028656006,2.9977610111236572,1.803418517112732,1.6852896213531494,1.466600775718689,1.0964453220367432,1.1008373498916626,0.978803813457489,1.1879082918167114,1.365973949432373,1.6024796962738037,1.8750473260879517,2.1420791149139404,2.4125657081604004,2.775005578994751,2.85896897315979,3.1797051429748535,2.288105010986328,2.205664873123169,2.038851022720337,1.662986159324646,1.6380882263183594,1.477984070777893,1.659104585647583,1.7603260278701782,1.951064944267273,2.1865265369415283,2.4120090007781982,2.6940758228302,3.046476364135742,3.2315287590026855,3.546914577484131,2.9291040897369385,2.8754546642303467,2.6870572566986084,2.3259172439575195,2.2441492080688477,2.0381829738616943,2.2184855937957764,2.2398006916046143,2.4093387126922607,2.582170009613037,2.7402758598327637,3.0110175609588623,3.2441928386688232,3.5649805068969727,3.7242560386657715
A6,1.3143036365509033,1.124903678894043,0.8189358115196228,0.5679182410240173,0.3801710605621338,0.0,0.37515488266944885,0.5963296890258789,0.9276344180107117,1.2000277042388916,1.5125222206115723,1.7796980142593384,2.0983030796051025,2.4055874347686768,2.389827251434326,1.4333546161651611,1.3554096221923828,1.1222833395004272,0.7872210741043091,0.7808969616889954,0.5470621585845947,0.7499116063117981,0.8941779732704163,1.1425731182098389,1.4128695726394653,1.6882728338241577,1.9642391204833984,2.319317102432251,2.4649288654327393,2.7083616256713867,1.8710429668426514,1.8281424045562744,1.614599347114563,1.2769975662231445,1.2917442321777344,1.078924298286438,1.2332115173339844,1.2991833686828613,1.4979639053344727,1.7150498628616333,1.9550154209136963,2.2038803100585938,2.550861120223999,2.6412014961242676,2.9460983276367188,2.371785879135132,2.348050117492676,2.189335346221924,1.8295797109603882,1.8160616159439087,1.5966002941131592,1.7446399927139282,1.7615078687667847,1.9271968603134155,2.104144334793091,2.3085694313049316,2.561354637145996,2.8968403339385986,3.0931003093719482,3.384403944015503,3.02520751953125,3.0170021057128906,2.8279011249542236,2.485786199569702,2.413817882537842,2.1627538204193115,2.320716381072998,2.279189348220825,2.4410173892974854,2.5599091053009033,2.7112345695495605,2.9444711208343506,3.1684415340423584,3.4716877937316895,3.6042943000793457
A7,1.6885401010513306,1.4868756532669067,1.171639084815979,0.9265677332878113,0.6494892835617065,0.37515488266944885,0.0,0.39424943923950195,0.6474030017852783,0.9668170213699341,1.2645183801651,1.5507174730300903,1.8815646171569824,2.1911425590515137,2.2227649688720703,1.6660364866256714,1.6159862279891968,1.3313993215560913,1.0393970012664795,0.9173839092254639,0.5649966597557068,0.5496371984481812,0.6203902363777161,0.7953541278839111,1.093137264251709,1.3487311601638794,1.6511472463607788,2.0050172805786133,2.1727747917175293,2.4446463584899902,1.9893624782562256,1.971021056175232,1.706905722618103,1.3947315216064453,1.3264423608779907,1.0268021821975708,1.0647282600402832,1.0545308589935303,1.1857925653457642,1.3939474821090698,1.6042149066925049,1.8675391674041748,2.2071425914764404,2.323760747909546,2.6421525478363037,2.410775661468506,2.4151113033294678,2.2140371799468994,1.866955041885376,1.8001693487167358,1.519731044769287,1.591649055480957,1.5448546409606934,1.6564816236495972,1.8059380054473877,1.9787026643753052,2.2310400009155273,2.5535497665405273,2.769545316696167,3.0607807636260986,2.983837842941284,3.0023770332336426,2.7795355319976807,2.462343215942383,2.355743885040283,2.0670175552368164,2.1708908081054688,2.0787482261657715,2.203364133834839,2.2855255603790283,2.411684989929199,2.6270434856414795,2.834651231765747,3.135775566101074,3.2523157596588135
A8,1.8050978183746338,1.674929141998291,1.3285614252090454,1.1475378274917603,0.930961549282074,0.5963296890258789,0.39424943923950195,0.0,0.38146260380744934,0.6089854836463928,0.9406565427780151,1.19394052028656,1.5296428203582764,1.8276686668395996,1.837241530418396,1.5607064962387085,1.6017296314239502,1.3528861999511719,1.1402134895324707,1.0845524072647095,0.7288779616355896,0.7139856815338135,0.5498039722442627,0.7059313654899597,0.8767805099487305,1.1384247541427612,1.3854200839996338,1.7350447177886963,1.8799301385879517,2.119330644607544,1.895262598991394,1.9528104066848755,1.7199071645736694,1.4646223783493042,1.4491716623306274,1.1328628063201904,1.173379898071289,1.0485966205596924,1.1815717220306396,1.2857306003570557,1.4971365928649902,1.6960461139678955,2.0256834030151367,2.1062374114990234,2.3906991481781006,2.3270113468170166,2.3909666538238525,2.223123788833618,1.9096585512161255,1.8914151191711426,1.5932687520980835,1.6735044717788696,1.5579923391342163,1.6859972476959229,1.7617225646972656,1.944530963897705,2.1393728256225586,2.4529244899749756,2.645174503326416,2.901536703109741,2.927706003189087,2.991236448287964,2.792694091796875,2.4978184700012207,2.4335522651672363,2.1208629608154297,2.2331390380859375,2.0964698791503906,2.2479491233825684,2.283142328262329,2.435595750808716,2.6074273586273193,2.8291051387786865,3.0950710773468018,3.2043702602386475
A9,2.1541216373443604,2.030489206314087,1.6984890699386597,1.4878284931182861,1.2694940567016602,0.9276344180107117,0.6474030017852783,0.38146260380744934,0.0,0.3820701837539673,0.6196538805961609,0.9301629662513733,1.2460894584655762,1.568043828010559,1.6438515186309814,1.8957135677337646,1.9672279357910156,1.7198553085327148,1.5196294784545898,1.4368987083435059,1.0639276504516602,0.9384086728096008,0.6751354932785034,0.6076287627220154,0.6926617622375488,0.8474556803703308,1.1086338758468628,1.4284911155700684,1.6262305974960327,1.880470633506775,2.196380853652954,2.2812957763671875,2.036043882369995,1.8038194179534912,1.751664638519287,1.4032191038131714,1.3533506393432617,1.139673113822937,1.154287338256836,1.1792012453079224,1.3028651475906372,1.4835686683654785,1.7740927934646606,1.89207923412323,2.168627977371216,2.5784928798675537,2.6724929809570312,2.4884071350097656,2.1949052810668945,2.147817850112915,1.8166333436965942,1.829168677330017,1.6426067352294922,1.6963502168655396,1.7040456533432007,1.8240705728530884,1.9878509044647217,2.2614448070526123,2.481372594833374,2.7136759757995605,3.118311882019043,3.2116363048553467,2.995049238204956,2.7282376289367676,2.6438989639282227,2.306288242340088,2.366792678833008,2.1746721267700195,2.2809805870056152,2.255720376968384,2.370166540145874,2.497264862060547,2.6863598823547363,2.935089349746704,3.004697561264038
A10,2.3255600929260254,2.2446560859680176,1.8922783136367798,1.7384064197540283,1.5382964611053467,1.2000277042388916,0.9668170213699341,0.6089854836463928,0.3820701837539673,0.0,0.3795144259929657,0.5866692066192627,0.9358434081077576,1.2254170179367065,1.274092197418213,1.8730318546295166,2.0096120834350586,1.791154384613037,1.6642736196517944,1.6135658025741577,1.2644907236099243,1.155819296836853,0.8072807192802429,0.7368981242179871,0.6109987497329712,0.7476045489311218,0.8861510753631592,1.1953181028366089,1.3434298038482666,1.5547881126403809,2.132093906402588,2.277956962585449,2.061913251876831,1.8893921375274658,1.8716652393341064,1.531665325164795,1.4893563985824585,1.2112209796905518,1.2340563535690308,1.1486670970916748,1.2717663049697876,1.3573416471481323,1.6282225847244263,1.6887128353118896,1.9195953607559204,2.491692543029785,2.637300729751587,2.4831109046936035,2.230595111846924,2.2218871116638184,1.8904881477355957,1.9104794263839722,1.6782896518707275,1.7508872747421265,1.6905454397201538,1.824171543121338,1.9197710752487183,2.180558681488037,2.360710859298706,2.5529978275299072,3.031569242477417,3.1651856899261475,2.973496913909912,2.7345945835113525,2.688828945159912,2.3405981063842773,2.40789794921875,2.1848578453063965,2.3172895908355713,2.2534618377685547,2.3973870277404785,2.482149362564087,2.6884405612945557,2.896061420440674,2.966541290283203
A11,2.634798049926758,2.567389965057373,2.2314646244049072,2.0518932342529297,1.8663809299468994,1.5125222206115723,1.2645183801651,0.9406565427780151,0.6196538805961609,0.3795144259929657,0.0,0.3743286430835724,0.6338642835617065,0.9727096557617188,1.1091649532318115,2.2132046222686768,2.370526075363159,2.166429281234741,2.033039093017578,1.9827170372009277,1.6245956420898438,1.4870787858963013,1.137441873550415,0.9664034247398376,0.7713022232055664,0.7092404961585999,0.781196117401123,0.9901041388511658,1.2044306993484497,1.3984345197677612,2.4845221042633057,2.646939992904663,2.4340906143188477,2.267817258834839,2.238959550857544,1.8895682096481323,1.8100069761276245,1.503421664237976,1.4481713771820068,1.2997019290924072,1.3169103860855103,1.3509362936019897,1.5435389280319214,1.6351408958435059,1.8271737098693848,2.8243558406829834,2.9888665676116943,2.833197593688965,2.59279465675354,2.5720152854919434,2.2291808128356934,2.212822198867798,1.9452242851257324,1.9622347354888916,1.8464770317077637,1.914843201637268,1.9653114080429077,2.1679205894470215,2.367511510848999,2.5176424980163574,3.32881498336792,3.4833784103393555,3.285938024520874,3.0666332244873047,3.011549711227417,2.6533474922180176,2.6878130435943604,2.4312455654144287,2.527155637741089,2.4140050411224365,2.5210280418395996,2.557521343231201,2.7259750366210938,2.9065101146698,2.930211305618286
A12,2.8344290256500244,2.7913928031921387,2.439438819885254,2.3048880100250244,2.1212127208709717,1.7796980142593384,1.5507174730300903,1.19394052028656,0.9301629662513733,0.5866692066192627,0.3743286430835724,0.0,0.3891853988170624,0.6420219540596008,0.7596801519393921,2.257405996322632,2.4566292762756348,2.2723331451416016,2.198202610015869,2.1617069244384766,1.8268628120422363,1.6981196403503418,1.316575288772583,1.1670773029327393,0.8713762164115906,0.7981244921684265,0.6852217316627502,0.8329493403434753,0.9565137624740601,1.0800379514694214,2.463911771774292,2.6716623306274414,2.4832234382629395,2.370567798614502,2.3622751235961914,2.027301073074341,1.952412486076355,1.614085078239441,1.5705459117889404,1.3475077152252197,1.3654139041900635,1.2985278367996216,1.4544334411621094,1.471356749534607,1.599153995513916,2.761882781982422,2.968564748764038,2.837923526763916,2.6393446922302246,2.6463334560394287,2.3108675479888916,2.298112154006958,2.002704381942749,2.0351028442382812,1.8670001029968262,1.9473522901535034,1.9309676885604858,2.1150102615356445,2.2645740509033203,2.3695294857025146,3.2444398403167725,3.4340951442718506,3.259874105453491,3.071380138397217,3.048417568206787,2.688040256500244,2.725335121154785,2.4481048583984375,2.5643327236175537,2.4208736419677734,2.553999900817871,2.5521397590637207,2.736213207244873,2.87372088432312,2.9025697708129883
A13,3.108264446258545,3.0917928218841553,2.7554781436920166,2.6114306449890137,2.4548494815826416,2.0983030796051025,1.8815646171569824,1.5296428203582764,1.2460894584655762,0.9358434081077576,0.6338642835617065,0.3891853988170624,0.0,0.3851351737976074,0.6077315807342529,2.551666736602783,2.7767653465270996,2.6207027435302734,2.5452218055725098,2.529960870742798,2.194232940673828,2.072479009628296,1.6970202922821045,1.5273239612579346,1.2330259084701538,1.0824416875839233,0.9154815673828125,0.8992156982421875,1.0362529754638672,1.063454270362854,2.796430826187134,3.0222983360290527,2.8525376319885254,2.743957042694092,2.747555732727051,2.41434383392334,2.3383636474609375,1.996726393699646,1.929352045059204,1.6856311559677124,1.646828055381775,1.5366013050079346,1.6084187030792236,1.6281545162200928,1.6821911334991455,3.1006217002868652,3.3232641220092773,3.2077109813690186,3.018052339553833,3.032956838607788,2.6986300945281982,2.6802213191986084,2.374547004699707,2.3861401081085205,2.190446376800537,2.232985496520996,2.177814245223999,2.308183193206787,2.456176519393921,2.508709192276001,3.5802743434906006,3.7857351303100586,3.620835304260254,3.4436161518096924,3.42722487449646,3.065842628479004,3.0945818424224854,2.804161787033081,2.9058518409729004,2.7347524166107178,2.8477084636688232,2.8089988231658936,2.964996814727783,3.0713298320770264,3.061751365661621
A14,3.380582809448242,3.3749172687530518,3.0261049270629883,2.9131269454956055,2.7488818168640137,2.4055874347686768,2.1911425590515137,1.8276686668395996,1.568043828010559,1.2254170179367065,0.9727096557617188,0.6420219540596008,0.3851351737976074,0.0,0.37957850098609924,2.707902193069458,2.9568707942962646,2.8108341693878174,2.7798538208007812,2.764538526535034,2.4463303089141846,2.321077585220337,1.9305537939071655,1.768153190612793,1.4285531044006348,1.2760074138641357,1.0069235563278198,0.8996610641479492,0.9104915261268616,0.8043080568313599,2.877277374267578,3.1346852779388428,2.981825351715088,2.9186556339263916,2.929147481918335,2.608724355697632,2.5276238918304443,2.167355537414551,2.1003036499023438,1.808901309967041,1.7622973918914795,1.5735540390014648,1.5917935371398926,1.5401067733764648,1.5067821741104126,3.124875783920288,3.3811826705932617,3.283367156982422,3.134117603302002,3.164287567138672,2.8384222984313965,2.814164638519287,2.488553762435913,2.502925157546997,2.2653098106384277,2.307579517364502,2.1915953159332275,2.2908451557159424,2.38751482963562,2.385995864868164,3.558927297592163,3.7957980632781982,3.6496691703796387,3.5067975521087646,3.513120174407959,3.1538891792297363,3.17641282081604,2.8692281246185303,2.978658676147461,2.778902053833008,2.9060661792755127,2.8283531665802,2.989830255508423,3.0502820014953613,3.040759325027466
A15,3.249908924102783,3.277425765991211,2.929413318634033,2.8591420650482178,2.7226006984710693,2.389827251434326,2.2227649688720703,1.837241530418396,1.6438515186309814,1.274092197418213,1.1091649532318115,0.7596801519393921,0.6077315807342529,0.37957850098609924,0.0,2.4930522441864014,2.77417254447937,2.6690421104431152,2.6780126094818115,2.703993797302246,2.4187493324279785,2.344501256942749,1.9614651203155518,1.8701207637786865,1.5389971733093262,1.474819540977478,1.215825080871582,1.1879686117172241,1.1138014793395996,0.9531254768371582,2.670738458633423,2.9553635120391846,2.84521746635437,2.8096508979797363,2.865931272506714,2.5762624740600586,2.5450265407562256,2.2043538093566895,2.2012345790863037,1.9261784553527832,1.9489485025405884,1.7633557319641113,1.8288497924804688,1.7183752059936523,1.6724228858947754,2.940819263458252,3.2130751609802246,3.157160997390747,3.025533676147461,3.100986957550049,2.80176043510437,2.823594808578491,2.521683931350708,2.5917139053344727,2.3751120567321777,2.472116231918335,2.36248517036438,2.498530387878418,2.5553927421569824,2.559008836746216,3.4273529052734375,3.668978214263916,3.559429168701172,3.414721727371216,3.462033271789551,3.117755174636841,3.1813323497772217,2.8981142044067383,3.0534956455230713,2.88131046295166,3.051406145095825,2.994497060775757,3.192091703414917,3.254409074783325,3.2805581092834473
B1,1.2452601194381714,1.3413387537002563,1.078865647315979,1.3597297668457031,1.4240756034851074,1.4333546161651611,1.6660364866256714,1.5607064962387085,1.8957135677337646,1.8730318546295166,2.2132046222686768,2.257405996322632,2.551666736602783,2.707902193069458,2.4930522441864014,0.0,0.3861065208911896,0.6484870910644531,0.8850964307785034,1.2017807960510254,1.3374991416931152,1.6623878479003906,1.689390778541565,2.0433883666992188,2.117913007736206,2.4626927375793457,2.5567963123321533,2.8978400230407715,2.856701135635376,2.9552834033966064,0.8660357594490051,0.9687974452972412,1.1128437519073486,1.063149333000183,1.4201431274414062,1.4807178974151611,1.8245748281478882,1.896380066871643,2.248032808303833,2.3557097911834717,2.698068857192993,2.8033244609832764,3.1560440063476562,3.0672454833984375,3.269338369369507,1.5738450288772583,1.6035194396972656,1.7092304229736328,1.5018527507781982,1.7819069623947144,1.760704755783081,2.0967204570770264,2.171917676925659,2.5096848011016846,2.6477153301239014,2.9762306213378906,3.1305017471313477,3.4960689544677734,3.5403754711151123,3.778186798095703,2.4728493690490723,2.479447603225708,2.4858250617980957,2.1716105937957764,2.3329763412475586,2.1856112480163574,2.505493402481079,2.5433645248413086,2.8665032386779785,3.017728805541992,3.308750629425049,3.5223076343536377,3.8420307636260986,4.07526969909668,4.287459850311279
B2,1.068543553352356,1.0910041332244873,0.8484390377998352,1.1815401315689087,1.2459330558776855,1.3554096221923828,1.6159862279891968,1.6017296314239502,1.9672279357910156,2.0096120834350586,2.370526075363159,2.4566292762756348,2.7767653465270996,2.9568707942962646,2.77417254447937,0.3861065208911896,0.0,0.4053104519844055,0.6584016680717468,0.9808441996574402,1.2117069959640503,1.5636192560195923,1.6802669763565063,2.0552608966827393,2.1918444633483887,2.5526955127716064,2.6904847621917725,3.0521292686462402,3.0304744243621826,3.168069362640381,0.8729704022407532,0.8127390742301941,0.9318855404853821,0.8233484625816345,1.193142056465149,1.3243863582611084,1.6968021392822266,1.8468332290649414,2.211472272872925,2.3776121139526367,2.730865478515625,2.8782222270965576,3.2477498054504395,3.1827213764190674,3.4189441204071045,1.5469814538955688,1.4871065616607666,1.559739351272583,1.312497854232788,1.5755761861801147,1.6008293628692627,1.955119252204895,2.0943679809570312,2.4358298778533936,2.6260175704956055,2.9579966068267822,3.1510257720947266,3.529472827911377,3.5865988731384277,3.855337381362915,2.413815498352051,2.365650177001953,2.3528192043304443,2.0097646713256836,2.1458780765533447,2.033811092376709,2.363870859146118,2.4507203102111816,2.7654314041137695,2.959239959716797,3.240992546081543,3.4888904094696045,3.805776357650757,4.0636491775512695,4.2889862060546875
B3,1.2158236503601074,1.1114885807037354,0.7824603915214539,1.0475114583969116,0.990908682346344,1.1222833395004272,1.3313993215560913,1.3528861999511719,1.7198553085327148,1.791154384613037,2.166429281234741,2.2723331451416016,2.6207027435302734,2.8108341693878174,2.6690421104431152,0.6484870910644531,0.4053104519844055,0.0,0.38285672664642334,0.6080782413482666,0.8573925495147705,1.1928901672363281,1.341468095779419,1.7231487035751343,1.8893183469772339,2.259871244430542,2.422874927520752,2.797630786895752,2.788325548171997,2.963315725326538,0.8512957692146301,0.7433397769927979,0.6776418089866638,0.46234413981437683,0.8064824342727661,0.9202622175216675,1.2951852083206177,1.4683961868286133,1.8359029293060303,2.0287673473358154,2.386157989501953,2.5570263862609863,2.9349069595336914,2.888908624649048,3.1522579193115234,1.4333802461624146,1.3632451295852661,1.3356505632400513,1.030077576637268,1.235561728477478,1.2212141752243042,1.5652446746826172,1.7115333080291748,2.0465660095214844,2.255396842956543,2.584425449371338,2.796541690826416,3.1792259216308594,3.2492575645446777,3.536656618118286,2.2269790172576904,2.1797244548797607,2.106750726699829,1.7513757944107056,1.8354783058166504,1.6922122240066528,2.002609968185425,2.082859516143799,2.382938861846924,2.5829367637634277,2.8541619777679443,3.112708806991577,3.424344062805176,3.693453550338745,3.920321464538574
B4,1.0451734066009521,0.8643370866775513,0.48883023858070374,0.6827622056007385,0.6140604615211487,0.7872210741043091,1.0393970012664795,1.1402134895324707,1.5196294784545898,1.6642736196517944,2.033039093017578,2.198202610015869,2.5452218055725098,2.7798538208007812,2.6780126094818115,0.8850964307785034,0.6584016680717468,0.38285672664642334,0.0,0.3852333724498749,0.6126496195793152,0.9878073930740356,1.1955441236495972,1.5647248029708862,1.7873111963272095,2.141388416290283,2.3529086112976074,2.7311172485351562,2.7750697135925293,2.981027364730835,1.2241830825805664,1.1043035984039307,0.9608995318412781,0.6283292174339294,0.8336940407752991,0.8600649833679199,1.2086507081985474,1.3986668586730957,1.7333039045333862,1.962941288948059,2.29463791847229,2.5063602924346924,2.884047031402588,2.887455463409424,3.175452947616577,1.7699830532073975,1.6878526210784912,1.5977734327316284,1.247911810874939,1.3541855812072754,1.2800660133361816,1.5753551721572876,1.7136882543563843,2.003288984298706,2.2292604446411133,2.525160789489746,2.7679407596588135,3.14406156539917,3.259500503540039,3.5603954792022705,2.5064027309417725,2.4515814781188965,2.3303754329681396,1.964629888534546,1.9788618087768555,1.8102169036865234,2.076636552810669,2.1389737129211426,2.3936192989349365,2.5889241695404053,2.8204128742218018,3.0881943702697754,3.373084545135498,3.6650195121765137,3.8678970336914062
B5,1.3670365810394287,1.1109881401062012,0.7654989361763,0.8249180316925049,0.569970965385437,0.7808969616889954,0.9173839092254639,1.0845524072647095,1.4368987083435059,1.6135658025741577,1.9827170372009277,2.1617069244384766,2.529960870742798,2.764538526535034,2.703993797302246,1.2017807960510254,0.9808441996574402,0.6080782413482666,0.3852333724498749,0.0,0.38300254940986633,0.7003496885299683,0.9871729016304016,1.3478119373321533,1.6117658615112305,1.9681016206741333,2.2062227725982666,2.5919206142425537,2.6449670791625977,2.8875856399536133,1.3283052444458008,1.1796303987503052,0.9132099151611328,0.5429176092147827,0.5525378584861755,0.5269824862480164,0.8595761060714722,1.1064013242721558,1.4339962005615234,1.7066223621368408,2.0381486415863037,2.279228448867798,2.661989688873291,2.686004638671875,3.001024007797241,1.7430367469787598,1.6469076871871948,1.4689003229141235,1.0934479236602783,1.0970793962478638,0.9773955345153809,1.2366243600845337,1.3959071636199951,1.667880892753601,1.9253756999969482,2.2142868041992188,2.4825809001922607,2.8613760471343994,2.987903118133545,3.309875249862671,2.367530584335327,2.307274103164673,2.1310362815856934,1.767151951789856,1.71750009059906,1.5277355909347534,1.7590144872665405,1.8223824501037598,2.05132794380188,2.2606613636016846,2.476348400115967,2.7608022689819336,3.0386831760406494,3.344128370285034,3.552583932876587
B6,1.5306528806686401,1.2966442108154297,0.9315949082374573,0.8550863862037659,0.5188040733337402,0.5470621585845947,0.5649966597557068,0.7288779616355896,1.0639276504516602,1.2644907236099243,1.6245956420898438,1.8268628120422363,2.194232940673828,2.4463303089141846,2.4187493324279785,1.3374991416931152,1.2117069959640503,0.8573925495147705,0.6126496195793152,0.38300254940986633,0.0,0.38018032908439636,0.6407716274261475,0.9897435903549194,1.2679393291473389,1.610562801361084,1.8670473098754883,2.2497012615203857,2.333522081375122,2.5909159183502197,1.5147686004638672,1.4448925256729126,1.160352349281311,0.8362390398979187,0.7758519649505615,0.5324130058288574,0.7365683317184448,0.8784279823303223,1.1643346548080444,1.4210419654846191,1.7281324863433838,1.976707100868225,2.3524606227874756,2.4032418727874756,2.7233948707580566,1.9138890504837036,1.8788273334503174,1.6785428524017334,1.3193913698196411,1.2794978618621826,1.0500121116638184,1.2206785678863525,1.2782542705535889,1.4998730421066284,1.7168207168579102,1.975225567817688,2.237574815750122,2.6031320095062256,2.7587244510650635,3.0715482234954834,2.5043582916259766,2.4906551837921143,2.2865679264068604,1.9484975337982178,1.870384931564331,1.6165961027145386,1.788596272468567,1.7719706296920776,1.965998888015747,2.1211040019989014,2.3115921020507812,2.5692484378814697,2.8288190364837646,3.1311209201812744,3.3100578784942627
B7,1.8943405151367188,1.64594566822052,1.297142744064331,1.1657018661499023,0.7959843873977661,0.7499116063117981,0.5496371984481812,0.7139856815338135,0.9384086728096008,1.155819296836853,1.4870787858963013,1.6981196403503418,2.072479009628296,2.321077585220337,2.344501256942749,1.6623878479003906,1.5636192560195923,1.1928901672363281,0.9878073930740356,0.7003496885299683,0.38018032908439636,0.0,0.39857935905456543,0.6844120621681213,1.0087920427322388,1.334703803062439,1.6193557977676392,1.9995943307876587,2.1030843257904053,2.3960819244384766,1.7347253561019897,1.6846768856048584,1.352793574333191,1.0765695571899414,0.8970404863357544,0.5443817973136902,0.5153849720954895,0.5875212550163269,0.810110330581665,1.0978187322616577,1.3853082656860352,1.6634893417358398,2.036341428756714,2.118577003479004,2.4614672660827637,2.0275073051452637,2.016026496887207,1.7618350982666016,1.4253411293029785,1.3010914325714111,0.9933090209960938,1.0425058603286743,1.0284080505371094,1.1827261447906494,1.3930782079696655,1.6223032474517822,1.9005972146987915,2.2588045597076416,2.438157320022583,2.7611169815063477,2.503086805343628,2.512990713119507,2.263310194015503,1.9567824602127075,1.8238821029663086,1.527397871017456,1.6224967241287231,1.5493310689926147,1.6923092603683472,1.8169951438903809,1.9770890474319458,2.2280776500701904,2.471357583999634,2.780001640319824,2.947467565536499
B8,2.089639663696289,1.8969515562057495,1.5249614715576172,1.3991845846176147,1.0722140073776245,0.8941779732704163,0.6203902363777161,0.5498039722442627,0.6751354932785034,0.8072807192802429,1.137441873550415,1.316575288772583,1.6970202922821045,1.9305537939071655,1.9614651203155518,1.689390778541565,1.6802669763565063,1.341468095779419,1.1955441236495972,0.9871729016304016,0.6407716274261475,0.39857935905456543,0.0,0.3824431002140045,0.6325841546058655,0.9821362495422363,1.2394627332687378,1.6231313943862915,1.7184730768203735,2.0035862922668457,1.7592968940734863,1.7939897775650024,1.4862948656082153,1.276053547859192,1.1476751565933228,0.7758862972259521,0.6914908289909363,0.5002641677856445,0.668971836566925,0.8328046202659607,1.1191329956054688,1.3515233993530273,1.7209205627441406,1.7869898080825806,2.11244797706604,2.0393805503845215,2.100484609603882,1.869212031364441,1.5767382383346558,1.4902950525283813,1.146782636642456,1.1605749130249023,1.012242078781128,1.1428126096725464,1.243956446647644,1.4647281169891357,1.6863054037094116,2.032442569732666,2.2056169509887695,2.4972574710845947,2.5120229721069336,2.5801937580108643,2.342637062072754,2.0723986625671387,1.9707332849502563,1.6350206136703491,1.7078227996826172,1.5523329973220825,1.6988991498947144,1.7444629669189453,1.9142955541610718,2.1075801849365234,2.353910207748413,2.6285274028778076,2.776317834854126
B9,2.4100940227508545,2.215498447418213,1.8584773540496826,1.6852432489395142,1.3596090078353882,1.1425731182098389,0.7953541278839111,0.7059313654899597,0.6076287627220154,0.7368981242179871,0.9664034247398376,1.1670773029327393,1.5273239612579346,1.768153190612793,1.8701207637786865,2.0433883666992188,2.0552608966827393,1.7231487035751343,1.5647248029708862,1.3478119373321533,0.9897435903549194,0.6844120621681213,0.3824431002140045,0.0,0.38411474227905273,0.6549245715141296,0.9697059392929077,1.3367738723754883,1.4885796308517456,1.8111661672592163,2.106471538543701,2.1580662727355957,1.84259831905365,1.6469519138336182,1.4839928150177002,1.103840708732605,0.9115085005760193,0.6257019639015198,0.5492159724235535,0.6305356621742249,0.8152339458465576,1.0753717422485352,1.4218525886535645,1.5478209257125854,1.8881185054779053,2.335991382598877,2.418290853500366,2.167640447616577,1.8973627090454102,1.7716104984283447,1.4052094221115112,1.3235541582107544,1.0915626287460327,1.0954598188400269,1.1167640686035156,1.2506978511810303,1.4603134393692017,1.7711780071258545,1.9895691871643066,2.2713184356689453,2.727114200592041,2.819889783859253,2.5576331615448,2.3208396434783936,2.186394453048706,1.8315609693527222,1.8305598497390747,1.611147403717041,1.6840413808822632,1.6576337814331055,1.7698042392730713,1.9204813241958618,2.1271748542785645,2.395688533782959,2.503150701522827
B10,2.632229804992676,2.4782209396362305,2.106130361557007,1.9622998237609863,1.664046287536621,1.4128695726394653,1.093137264251709,0.8767805099487305,0.6926617622375488,0.6109987497329712,0.7713022232055664,0.8713762164115906,1.2330259084701538,1.4285531044006348,1.5389971733093262,2.117913007736206,2.1918444633483887,1.8893183469772339,1.7873111963272095,1.6117658615112305,1.2679393291473389,1.0087920427322388,0.6325841546058655,0.38411474227905273,0.0,0.38102295994758606,0.6105847954750061,0.9927152991294861,1.1142834424972534,1.4282371997833252,2.1474666595458984,2.2611050605773926,1.9737141132354736,1.835750937461853,1.7098034620285034,1.3417410850524902,1.162777066230774,0.800930917263031,0.7006018757820129,0.5439821481704712,0.6842832565307617,0.8220303058624268,1.1551696062088013,1.2398251295089722,1.5504614114761353,2.3448710441589355,2.4842965602874756,2.2605903148651123,2.0360326766967773,1.9467202425003052,1.579750657081604,1.4949665069580078,1.1942905187606812,1.1934303045272827,1.092620611190796,1.2139246463775635,1.3252521753311157,1.6108654737472534,1.8003406524658203,2.0361545085906982,2.717179298400879,2.8587698936462402,2.6170146465301514,2.417208194732666,2.318505048751831,1.9494868516921997,1.9411505460739136,1.6708723306655884,1.7562496662139893,1.6601113080978394,1.790369987487793,1.8724007606506348,2.0856261253356934,2.3026747703552246,2.3962628841400146
B11,2.937307119369507,2.7884790897369385,2.4287941455841064,2.2524473667144775,1.9642059803009033,1.6882728338241577,1.3487311601638794,1.1384247541427612,0.8474556803703308,0.7476045489311218,0.7092404961585999,0.7981244921684265,1.0824416875839233,1.2760074138641357,1.474819540977478,2.4626927375793457,2.5526955127716064,2.259871244430542,2.141388416290283,1.9681016206741333,1.610562801361084,1.334703803062439,0.9821362495422363,0.6549245715141296,0.38102295994758606,0.0,0.3761220872402191,0.6964967846870422,0.9233211874961853,1.2667558193206787,2.5146915912628174,2.63938307762146,2.353344202041626,2.214364767074585,2.0772478580474854,1.7045457363128662,1.493720293045044,1.1308362483978271,0.9290577173233032,0.7003055214881897,0.6155698299407959,0.6932903528213501,0.9332391619682312,1.0956835746765137,1.3911694288253784,2.6944162845611572,2.8473198413848877,2.6189637184143066,2.4050934314727783,2.2988877296447754,1.9264116287231445,1.7993718385696411,1.4713737964630127,1.3866428136825562,1.214800477027893,1.2233601808547974,1.2781262397766113,1.4850960969924927,1.716692566871643,1.912888765335083,3.01898455619812,3.17830491065979,2.9264979362487793,2.7497646808624268,2.6345534324645996,2.261143684387207,2.2086732387542725,1.9044100046157837,1.930993676185608,1.7714470624923706,1.8400992155075073,1.8593136072158813,2.01721453666687,2.2072856426239014,2.2422256469726562
B12,3.1553213596343994,3.0364584922790527,2.6650004386901855,2.5210320949554443,2.248312473297119,1.9642391204833984,1.6511472463607788,1.3854200839996338,1.1086338758468628,0.8861510753631592,0.781196117401123,0.6852217316627502,0.9154815673828125,1.0069235563278198,1.215825080871582,2.5567963123321533,2.6904847621917725,2.422874927520752,2.3529086112976074,2.2062227725982666,1.8670473098754883,1.6193557977676392,1.2394627332687378,0.9697059392929077,0.6105847954750061,0.3761220872402191,0.0,0.3871152997016907,0.5534829497337341,0.8907482624053955,2.566622734069824,2.737328290939331,2.4788413047790527,2.3885743618011475,2.279916524887085,1.9238511323928833,1.7309496402740479,1.344557285308838,1.1721525192260742,0.8543679714202881,0.7559288740158081,0.6268145442008972,0.7832254767417908,0.8575488924980164,1.0854544639587402,2.7094428539276123,2.9066250324249268,2.7057080268859863,2.5337765216827393,2.459496259689331,2.0971052646636963,1.9784965515136719,1.6229424476623535,1.5555676221847534,1.3123493194580078,1.3225758075714111,1.269044280052185,1.4324849843978882,1.6066904067993164,1.7372711896896362,3.009230613708496,3.208082914352417,2.980638027191162,2.8378422260284424,2.75724458694458,2.3823275566101074,2.3318920135498047,2.002652883529663,2.048166275024414,1.8445197343826294,1.9369090795516968,1.8959089517593384,2.0622849464416504,2.191044569015503,2.218998432159424
B13,3.505711078643799,3.3991315364837646,3.0321362018585205,2.8794126510620117,2.616588830947876,2.319317102432251,2.0050172805786133,1.7350447177886963,1.4284911155700684,1.1953181028366089,0.9901041388511658,0.8329493403434753,0.8992156982421875,0.8996610641479492,1.1879686117172241,2.8978400230407715,3.0521292686462402,2.797630786895752,2.7311172485351562,2.5919206142425537,2.2497012615203857,1.9995943307876587,1.6231313943862915,1.3367738723754883,0.9927152991294861,0.6964967846870422,0.3871152997016907,0.0,0.38951388001441956,0.6961620450019836,2.908951997756958,3.097830295562744,2.8488545417785645,2.770575523376465,2.6631319522857666,2.3084726333618164,2.104980945587158,1.7163218259811401,1.5143429040908813,1.178023099899292,0.9913622140884399,0.7720769643783569,0.7267688512802124,0.8118473291397095,0.931498110294342,3.0289766788482666,3.245872974395752,3.0517513751983643,2.8985862731933594,2.823781967163086,2.4628565311431885,2.325728178024292,1.9561207294464111,1.8530888557434082,1.5662988424301147,1.5090351104736328,1.3786230087280273,1.43963623046875,1.60747492313385,1.6569747924804688,3.286961317062378,3.5082828998565674,3.2845451831817627,3.167879819869995,3.088381290435791,2.71402907371521,2.639387607574463,2.2896697521209717,2.3048014640808105,2.0546042919158936,2.110830783843994,2.0037739276885986,2.1236863136291504,2.1968092918395996,2.169992446899414
