,A1,A2,A3,A4,A5,A6,A7,A8,A9,A10,A11,A12,A13,A14,A15,B1,B2,B3,B4,B5,B6,B7,B8,B9,B10,B11,B12,B13,B14,B15,C1,C2,C3,C4,C5,C6,C7,C8,C9,C10,C11,C12,C13,C14,C15,D1,D2,D3,D4,D5,D6,D7,D8,D9,D10,D11,D12,D13,D14,D15,E1,E2,E3,E4,E5,E6,E7,E8,E9,E10,E11,E12,E13,E14,E15
A1,0.0,0.38628068566322327,0.6317607164382935,0.8618301749229431,1.140918493270874,1.3907833099365234,1.6504331827163696,1.939008355140686,2.22961688041687,2.551792621612549,2.8325114250183105,3.120365619659424,3.4527969360351562,3.599046230316162,3.465754747390747,1.3185216188430786,1.1444236040115356,0.9538214802742004,1.2848098278045654,1.3495391607284546,1.6693451404571533,1.8646963834762573,2.1258015632629395,2.4221434593200684,2.7199647426605225,3.0274369716644287,3.3057334423065186,3.6511285305023193,3.795308828353882,3.667205572128296,1.8251008987426758,1.723341464996338,1.5150628089904785,1.7955507040023804,1.7462419271469116,2.0455965995788574,2.186547040939331,2.403855562210083,2.686793565750122,2.93949294090271,3.2555038928985596,3.508380174636841,3.862278699874878,4.006411552429199,3.9025537967681885,2.3425660133361816,2.302330255508423,2.07806396484375,2.2954788208007812,2.1794137954711914,2.4609487056732178,2.5570032596588135,2.7188048362731934,2.996091604232788,3.1967520713806152,3.5220136642456055,3.7402029037475586,4.1089935302734375,4.256795406341553,4.168362140655518,2.911116123199463,2.944589614868164,2.6614112854003906,2.827606201171875,2.672142505645752,2.959543466567993,3.0049214363098145,3.0959293842315674,3.390547037124634,3.4928112030029297,3.8605751991271973,4.039059162139893,4.412490367889404,4.656732559204102,4.799635887145996
A2,0.38628068566322327,0.0,0.3962987959384918,0.6243823170661926,0.855773389339447,1.1703009605407715,1.400405764579773,1.7312535047531128,1.983778953552246,2.331733226776123,2.582566738128662,2.8946499824523926,3.216414213180542,3.39441180229187,3.2976291179656982,1.365250587463379,1.2376463413238525,0.9392186999320984,1.1865473985671997,1.1458840370178223,1.4758557081222534,1.6322160959243774,1.9277405738830566,2.1908161640167236,2.5125744342803955,2.7934648990631104,3.092813014984131,3.425370454788208,3.596865177154541,3.5045297145843506,1.8520629405975342,1.7758558988571167,1.5035535097122192,1.7140274047851562,1.5871856212615967,1.8763935565948486,1.9797462224960327,2.2249114513397217,2.4776175022125244,2.7533814907073975,3.0452277660369873,3.3177716732025146,3.6583304405212402,3.8254799842834473,3.7564427852630615,2.348369598388672,2.32486891746521,2.058785915374756,2.2167747020721436,2.0420572757720947,2.309238910675049,2.372025966644287,2.5619750022888184,2.8121769428253174,3.0362346172332764,3.3401939868927,3.5772972106933594,3.9334490299224854,4.098438262939453,4.043251991271973,2.8911314010620117,2.929762125015259,2.626176118850708,2.744873046875,2.545224905014038,2.8245465755462646,2.8441200256347656,2.9672365188598633,3.242914915084839,3.371840715408325,3.7271697521209717,3.9239161014556885,4.295327186584473,4.5391693115234375,4.708861351013184
A3,0.6317607164382935,0.3962987959384918,0.0,0.3864855468273163,0.5259943604469299,0.8066838979721069,1.0291446447372437,1.3434520959854126,1.610729455947876,1.948215126991272,2.2135562896728516,2.5155506134033203,2.8453965187072754,3.015094041824341,2.9109203815460205,1.1219288110733032,1.0929397344589233,0.7931221723556519,1.0125573873519897,0.9143490195274353,1.1831226348876953,1.300558090209961,1.565826416015625,1.8292604684829712,2.135627031326294,2.4240376949310303,2.7121098041534424,3.0472779273986816,3.208529233932495,3.1097846031188965,1.632009744644165,1.6277824640274048,1.3762539625167847,1.5556437969207764,1.3936904668807983,1.626975417137146,1.6864559650421143,1.8953630924224854,2.1378912925720215,2.3931660652160645,2.6860833168029785,2.9455935955047607,3.2857236862182617,3.441453456878662,3.3684935569763184,2.1353890895843506,2.1676483154296875,1.9253127574920654,2.064100503921509,1.8669744729995728,2.0882444381713867,2.1082983016967773,2.2635910511016846,2.496690273284912,2.6979904174804688,2.9988515377044678,3.2213082313537598,3.5760412216186523,3.727870464324951,3.6710944175720215,2.6757876873016357,2.757355213165283,2.479388952255249,2.5960850715637207,2.3781094551086426,2.6224653720855713,2.6014914512634277,2.6987900733947754,2.9531748294830322,3.0610246658325195,3.412583112716675,3.5945346355438232,3.9721412658691406,4.200175762176514,4.370323657989502
A4,0.8618301749229431,0.6243823170661926,0.3864855468273163,0.0,0.387102335691452,0.6119145750999451,0.9206436276435852,1.2361842393875122,1.511234998703003,1.8592971563339233,2.1234819889068604,2.4397940635681152,2.7865898609161377,2.9830336570739746,2.8942394256591797,0.9798220992088318,0.944401204586029,0.5728538632392883,0.6727598905563354,0.5390334129333496,0.8517458438873291,1.027333378791809,1.3366628885269165,1.617799162864685,1.9522231817245483,2.2420661449432373,2.552157402038574,2.8987252712249756,3.088486671447754,3.0045647621154785,1.3900030851364136,1.375101089477539,1.0749750137329102,1.20210599899292,1.0157313346862793,1.2672723531723022,1.3567290306091309,1.6051300764083862,1.8653545379638672,2.1526236534118652,2.4499082565307617,2.7334461212158203,3.0807700157165527,3.2652628421783447,3.204272747039795,1.8493009805679321,1.8704383373260498,1.5975723266601562,1.7031372785568237,1.489301085472107,1.7189826965332031,1.7560133934020996,1.940950870513916,2.1882081031799316,2.4192934036254883,2.7230379581451416,2.9695303440093994,3.326044797897339,3.505552053451538,3.4606921672821045,2.3619229793548584,2.4286177158355713,2.135100841522217,2.2288408279418945,2.0002450942993164,2.2500722408294678,2.2400963306427,2.3591768741607666,2.6240932941436768,2.758734703063965,3.1094069480895996,3.31419038772583,3.682612895965576,3.930197238922119,4.111302375793457
A5,1.140918493270874,0.855773389339447,0.5259943604469299,0.387102335691452,0.0,0.38114792108535767,0.5742723941802979,0.9316255450248718,1.1627730131149292,1.5260984897613525,1.7683895826339722,2.0950167179107666,2.4288759231567383,2.6375327110290527,2.5725324153900146,1.1461158990859985,1.2167010307312012,0.8860445618629456,0.9023645520210266,0.622755765914917,0.7957372069358826,0.8226734399795532,1.1195595264434814,1.3452914953231812,1.6793066263198853,1.9439966678619385,2.2561960220336914,2.5856573581695557,2.780759334564209,2.720503568649292,1.5463908910751343,1.6078567504882812,1.3280746936798096,1.3785200119018555,1.1137651205062866,1.266723394393921,1.246445894241333,1.4658114910125732,1.6671724319458008,1.9433531761169434,2.2111594676971436,2.4912877082824707,2.8200323581695557,3.0035974979400635,2.96771502494812,1.9806469678878784,2.059009313583374,1.8004788160324097,1.8497380018234253,1.5840238332748413,1.74303138256073,1.6969894170761108,1.8614846467971802,2.0529158115386963,2.271139144897461,2.5460503101348877,2.7857515811920166,3.1258323192596436,3.296977996826172,3.276451587677002,2.4610464572906494,2.5677571296691895,2.2939186096191406,2.353317975997925,2.085047483444214,2.288379669189453,2.215517282485962,2.331341505050659,2.550420045852661,2.6785571575164795,3.0104451179504395,3.20733642578125,3.5797832012176514,3.8036932945251465,4.002080917358398
A6,1.3907833099365234,1.1703009605407715,0.8066838979721069,0.6119145750999451,0.38114792108535767,0.0,0.3774581253528595,0.6360412240028381,0.9313071966171265,1.2619584798812866,1.5431710481643677,1.8469390869140625,2.2061526775360107,2.4007418155670166,2.3156421184539795,0.9761133193969727,1.1421552896499634,0.8897460103034973,0.8302053213119507,0.5569884181022644,0.5360437035560608,0.5204423666000366,0.7624158263206482,1.0319950580596924,1.3487164974212646,1.645466923713684,1.9443631172180176,2.2931792736053467,2.4769299030303955,2.3972389698028564,1.3115997314453125,1.4456679821014404,1.2209078073501587,1.227952003479004,0.9655022025108337,1.0225481986999512,0.9619612097740173,1.1219580173492432,1.3374543190002441,1.5910314321517944,1.880155086517334,2.147587537765503,2.489741563796997,2.6636435985565186,2.610739231109619,1.7172832489013672,1.8489971160888672,1.6341497898101807,1.6673212051391602,1.4068084955215454,1.505615472793579,1.4250199794769287,1.5363942384719849,1.72532320022583,1.9163411855697632,2.202049493789673,2.427266836166382,2.7753005027770996,2.937263011932373,2.904014825820923,2.1794369220733643,2.3255198001861572,2.08978009223938,2.155797243118286,1.8897160291671753,2.0510451793670654,1.9462121725082397,2.02156925201416,2.2269418239593506,2.3284366130828857,2.6619839668273926,2.8440656661987305,3.2212066650390625,3.4375357627868652,3.629556894302368
A7,1.6504331827163696,1.400405764579773,1.0291446447372437,0.9206436276435852,0.5742723941802979,0.3774581253528595,0.0,0.38520491123199463,0.5937477350234985,0.9518980979919434,1.2061084508895874,1.5235066413879395,1.866011142730713,2.07338547706604,2.017118453979492,1.2951021194458008,1.4986727237701416,1.2624222040176392,1.1989502906799316,0.8919944763183594,0.7873685956001282,0.569939374923706,0.71066814661026,0.8568286895751953,1.152496337890625,1.4082140922546387,1.702917218208313,2.0259745121002197,2.211549997329712,2.1606011390686035,1.6172144412994385,1.790363073348999,1.5831022262573242,1.5520551204681396,1.2574951648712158,1.2332658767700195,1.0598849058151245,1.1566808223724365,1.2720940113067627,1.4914824962615967,1.7320623397827148,1.9857877492904663,2.299077033996582,2.465796709060669,2.443127155303955,1.9878413677215576,2.1562588214874268,1.9571175575256348,1.950238585472107,1.6619553565979004,1.696650505065918,1.5373705625534058,1.6165797710418701,1.7274339199066162,1.890891671180725,2.132509469985962,2.3412132263183594,2.6638031005859375,2.8098809719085693,2.804527759552002,2.407998561859131,2.583341598510742,2.368441104888916,2.404334545135498,2.113421678543091,2.2290217876434326,2.0670557022094727,2.135885000228882,2.283992290496826,2.3728349208831787,2.6774134635925293,2.844625473022461,3.221374034881592,3.4064342975616455,3.614227771759033
A8,1.939008355140686,1.7312535047531128,1.3434520959854126,1.2361842393875122,0.9316255450248718,0.6360412240028381,0.38520491123199463,0.0,0.38023412227630615,0.6377182602882385,0.9574756622314453,1.2256120443344116,1.593753457069397,1.7699964046478271,1.685225486755371,1.3489445447921753,1.620351791381836,1.4637038707733154,1.3825592994689941,1.125056505203247,0.9012452363967896,0.6266202330589294,0.5231539607048035,0.6304365396499634,0.833895206451416,1.1228203773498535,1.3760488033294678,1.713423728942871,1.8678725957870483,1.78993821144104,1.6053305864334106,1.8443403244018555,1.707588791847229,1.6541715860366821,1.3912863731384277,1.270019769668579,1.0399419069290161,0.9996238350868225,1.0715118646621704,1.207971215248108,1.4528542757034302,1.664854884147644,1.9819616079330444,2.1179940700531006,2.0753726959228516,1.9293702840805054,2.154356002807617,2.015674591064453,1.9983865022659302,1.73282790184021,1.6939752101898193,1.486359715461731,1.4733904600143433,1.5428107976913452,1.6380711793899536,1.8717515468597412,2.039884090423584,2.3608810901641846,2.476440191268921,2.457437753677368,2.311858892440796,2.5342657566070557,2.3731610774993896,2.4164016246795654,2.1381213665008545,2.196258544921875,1.9908277988433838,1.9998137950897217,2.1065127849578857,2.144716262817383,2.436661958694458,2.568819046020508,2.9503846168518066,3.1080939769744873,3.306582450866699
A9,2.22961688041687,1.983778953552246,1.610729455947876,1.511234998703003,1.1627730131149292,0.9313071966171265,0.5937477350234985,0.38023412227630615,0.0,0.3885340094566345,0.614799976348877,0.9363390803337097,1.2801525592803955,1.508337378501892,1.496272087097168,1.7245941162109375,1.986708164215088,1.8028457164764404,1.6927298307418823,1.3905811309814453,1.158611536026001,0.8145310282707214,0.6946325302124023,0.5690903067588806,0.7270387411117554,0.9026119709014893,1.169044017791748,1.4607000350952148,1.6480939388275146,1.6397383213043213,1.9489459991455078,2.1873128414154053,2.0306150913238525,1.933514952659607,1.6340861320495605,1.4765127897262573,1.1805013418197632,1.1263325214385986,1.0697909593582153,1.181868553161621,1.3335033655166626,1.5439014434814453,1.8111742734909058,1.963051438331604,1.9829431772232056,2.2253758907318115,2.4559733867645264,2.305043935775757,2.23921275138855,1.942394733428955,1.8621509075164795,1.5991237163543701,1.589005470275879,1.5716139078140259,1.660674810409546,1.82478666305542,1.990747094154358,2.2687511444091797,2.386079788208008,2.419463872909546,2.551560640335083,2.7775814533233643,2.618741750717163,2.6172568798065186,2.3124427795410156,2.336780548095703,2.08992075920105,2.1189558506011963,2.1681463718414307,2.2189488410949707,2.4677014350891113,2.600928544998169,2.967633008956909,3.1012215614318848,3.3267123699188232
A10,2.551792621612549,2.331733226776123,1.948215126991272,1.8592971563339233,1.5260984897613525,1.2619584798812866,0.9518980979919434,0.6377182602882385,0.3885340094566345,0.0,0.37438255548477173,0.5882017016410828,0.9627053737640381,1.1550451517105103,1.1290664672851562,1.9299834966659546,2.2276413440704346,2.0945563316345215,1.984215259552002,1.7147985696792603,1.4385743141174316,1.1009355783462524,0.855402410030365,0.6503537893295288,0.5690213441848755,0.6934849619865417,0.8598135709762573,1.1397130489349365,1.2815834283828735,1.2609868049621582,2.108983039855957,2.387080430984497,2.2818620204925537,2.1758298873901367,1.9051191806793213,1.6937905550003052,1.3768424987792969,1.2145723104476929,1.0858231782913208,1.0642802715301514,1.164589524269104,1.2940831184387207,1.5337879657745361,1.637418508529663,1.652610182762146,2.34000825881958,2.6097421646118164,2.508371114730835,2.4360554218292236,2.163113594055176,2.0287673473358154,1.734298586845398,1.6418509483337402,1.5631029605865479,1.5635868310928345,1.6854406595230103,1.7882230281829834,2.040393114089966,2.110945463180542,2.1424965858459473,2.620060682296753,2.882575511932373,2.7728071212768555,2.774587392807007,2.4854543209075928,2.4580893516540527,2.1757140159606934,2.1499202251434326,2.1432435512542725,2.1385066509246826,2.353760004043579,2.4408483505249023,2.802124500274658,2.8925538063049316,3.1098744869232178
A11,2.8325114250183105,2.582566738128662,2.2135562896728516,2.1234819889068604,1.7683895826339722,1.5431710481643677,1.2061084508895874,0.9574756622314453,0.614799976348877,0.37438255548477173,0.0,0.381817102432251,0.6844534873962402,0.9743165373802185,1.075390338897705,2.281463623046875,2.566439151763916,2.4054195880889893,2.273409605026245,1.9728487730026245,1.7025082111358643,1.3412450551986694,1.131740689277649,0.8349906206130981,0.7279202342033386,0.6411089301109314,0.7839983105659485,0.95560222864151,1.147256851196289,1.2379919290542603,2.4442546367645264,2.713236093521118,2.584700345993042,2.448103904724121,2.1510820388793945,1.9270107746124268,1.5820809602737427,1.4369630813598633,1.2265292406082153,1.193888545036316,1.1761075258255005,1.292972445487976,1.4495431184768677,1.5733729600906372,1.6713805198669434,2.644598960876465,2.9092538356781006,2.7909486293792725,2.681797504425049,2.385951519012451,2.229341745376587,1.9055397510528564,1.8303685188293457,1.6863042116165161,1.690147876739502,1.7344417572021484,1.8348196744918823,2.027402639389038,2.1025774478912354,2.1954891681671143,2.881547451019287,3.1377365589141846,3.024031162261963,2.9874014854431152,2.6789987087249756,2.629307985305786,2.322624921798706,2.3222169876098633,2.2690987586975098,2.2838687896728516,2.452172040939331,2.543649911880493,2.8799307346343994,2.9480795860290527,3.1914594173431396
A12,3.120365619659424,2.8946499824523926,2.5155506134033203,2.4397940635681152,2.0950167179107666,1.8469390869140625,1.5235066413879395,1.2256120443344116,0.9363390803337097,0.5882017016410828,0.381817102432251,0.0,0.3919554650783539,0.617306113243103,0.7302266955375671,2.4926860332489014,2.801924228668213,2.6810741424560547,2.559922456741333,2.2865569591522217,1.9949991703033447,1.6473393440246582,1.3790699243545532,1.0935605764389038,0.855174720287323,0.7184141278266907,0.6543827652931213,0.7369146347045898,0.8277016282081604,0.9177507758140564,2.6334729194641113,2.9294118881225586,2.842834234237671,2.7116403579711914,2.4414405822753906,2.1917738914489746,1.848857045173645,1.6390786170959473,1.4080207347869873,1.2674981355667114,1.2004303932189941,1.201126217842102,1.297566294670105,1.339044451713562,1.4316389560699463,2.807647228240967,3.099583864212036,3.023017644882202,2.9201250076293945,2.6493518352508545,2.463202476501465,2.1309378147125244,1.9940942525863647,1.817083477973938,1.739006519317627,1.7426658868789673,1.7650516033172607,1.9177727699279785,1.92806875705719,2.0142314434051514,3.014429807662964,3.2983319759368896,3.225816011428833,3.2006609439849854,2.9119105339050293,2.827836513519287,2.5036327838897705,2.453489303588867,2.359339952468872,2.318061113357544,2.4519617557525635,2.49045467376709,2.8142361640930176,2.8330307006835938,3.0596425533294678
A13,3.4527969360351562,3.216414213180542,2.8453965187072754,2.7865898609161377,2.4288759231567383,2.2061526775360107,1.866011142730713,1.593753457069397,1.2801525592803955,0.9627053737640381,0.6844534873962402,0.3919554650783539,0.0,0.396124005317688,0.7061851620674133,2.8782448768615723,3.185697078704834,3.055675983428955,2.9365479946136475,2.6500444412231445,2.3673951625823975,2.0119235515594482,1.7602568864822388,1.4556235074996948,1.219042420387268,1.0080574750900269,0.8753794431686401,0.7680250406265259,0.8057863712310791,0.9958177208900452,3.0252363681793213,3.3206946849823,3.228219747543335,3.09071683883667,2.8104817867279053,2.5592503547668457,2.207968235015869,2.004828691482544,1.7453097105026245,1.5901037454605103,1.4535518884658813,1.4057567119598389,1.3971691131591797,1.4022035598754883,1.5521934032440186,3.190772533416748,3.484243869781494,3.4055678844451904,3.2901980876922607,3.0116732120513916,2.815685749053955,2.4721641540527344,2.3378396034240723,2.1272575855255127,2.0350852012634277,1.981583833694458,1.9733481407165527,2.05841064453125,2.0385541915893555,2.162999153137207,3.3762338161468506,3.6617860794067383,3.5941812992095947,3.5532562732696533,3.258587598800659,3.1596298217773438,2.8229215145111084,2.7775893211364746,2.650195360183716,2.6053099632263184,2.6974730491638184,2.718194007873535,3.0136797428131104,2.99438214302063,3.226593017578125
A14,3.599046230316162,3.39441180229187,3.015094041824341,2.9830336570739746,2.6375327110290527,2.4007418155670166,2.07338547706604,1.7699964046478271,1.508337378501892,1.1550451517105103,0.9743165373802185,0.617306113243103,0.396124005317688,0.0,0.38910266757011414,2.9822731018066406,3.3077232837677,3.216686248779297,3.1270194053649902,2.869490385055542,2.5829756259918213,2.2455387115478516,1.9606761932373047,1.6976089477539062,1.416419267654419,1.2612297534942627,1.04317045211792,0.9265804886817932,0.778860330581665,0.8647494316101074,3.1383917331695557,3.4527041912078857,3.3989500999450684,3.2883341312408447,3.0358352661132812,2.7833261489868164,2.447439432144165,2.207202911376953,1.973762035369873,1.7649184465408325,1.6526962518692017,1.5284634828567505,1.5066229104995728,1.4056611061096191,1.4898450374603271,3.310137987136841,3.6222763061523438,3.5800087451934814,3.492485761642456,3.2401885986328125,3.042170286178589,2.709157705307007,2.532747983932495,2.3344624042510986,2.1872005462646484,2.142258405685425,2.0708792209625244,2.146730899810791,2.055882453918457,2.133335828781128,3.501676082611084,3.8090713024139404,3.771202802658081,3.7602131366729736,3.487809419631958,3.3811817169189453,3.0468506813049316,2.9571399688720703,2.8256847858428955,2.7284727096557617,2.8158388137817383,2.7861487865448,3.0793468952178955,3.0223190784454346,3.218087911605835
A15,3.465754747390747,3.2976291179656982,2.9109203815460205,2.8942394256591797,2.5725324153900146,2.3156421184539795,2.017118453979492,1.685225486755371,1.496272087097168,1.1290664672851562,1.075390338897705,0.7302266955375671,0.7061851620674133,0.38910266757011414,0.0,2.7906417846679688,3.128815174102783,3.078489065170288,3.0173704624176025,2.796570062637329,2.509774684906006,2.2010841369628906,1.8904063701629639,1.6880083084106445,1.388956069946289,1.3294426202774048,1.0979827642440796,1.083236575126648,0.8623682260513306,0.758928656578064,2.954843759536743,3.281582832336426,3.2650625705718994,3.186095952987671,2.9665563106536865,2.721625804901123,2.4118704795837402,2.145606279373169,1.961670160293579,1.7276431322097778,1.684200644493103,1.5357325077056885,1.5755130052566528,1.4224467277526855,1.3997899293899536,3.1415483951568604,3.4646475315093994,3.4541759490966797,3.402151346206665,3.1793007850646973,2.992166042327881,2.6818792819976807,2.4748263359069824,2.315631151199341,2.13748836517334,2.141441583633423,2.042584180831909,2.160092830657959,2.0362184047698975,2.04106068611145,3.3567545413970947,3.6782238483428955,3.660268783569336,3.6868598461151123,3.4389710426330566,3.3404123783111572,3.021914005279541,2.8951945304870605,2.787909507751465,2.651970624923706,2.7666208744049072,2.709024667739868,3.0203678607940674,2.962691307067871,3.1217706203460693
B1,1.3185216188430786,1.365250587463379,1.1219288110733032,0.9798220992088318,1.1461158990859985,0.9761133193969727,1.2951021194458008,1.3489445447921753,1.7245941162109375,1.9299834966659546,2.281463623046875,2.4926860332489014,2.8782448768615723,2.9822731018066406,2.7906417846679688,0.0,0.3576200604438782,0.5654534101486206,0.7091141939163208,0.9312740564346313,0.9660969376564026,1.2192113399505615,1.2990951538085938,1.6732778549194336,1.8787825107574463,2.246403217315674,2.465510129928589,2.8496406078338623,2.9557387828826904,2.764777421951294,0.5983275175094604,0.7151774168014526,0.7480334043502808,0.9976285099983215,1.0721466541290283,1.2008646726608276,1.3681607246398926,1.4321656227111816,1.7776988744735718,1.9476206302642822,2.316732168197632,2.517925262451172,2.901442766189575,3.0143704414367676,2.845705986022949,1.1504977941513062,1.249475359916687,1.1824939250946045,1.424895167350769,1.3929060697555542,1.558611273765564,1.6497141122817993,1.6676454544067383,1.9811415672302246,2.0994579792022705,2.4631590843200684,2.6329002380371094,3.021190643310547,3.1454355716705322,3.0003883838653564,1.736080288887024,1.8710728883743286,1.701621174812317,1.9320807456970215,1.8246121406555176,2.018831491470337,2.031325101852417,1.995577335357666,2.287409543991089,2.3083486557006836,2.6874663829803467,2.8221442699432373,3.1952614784240723,3.4335896968841553,3.5389938354492188
B2,1.1444236040115356,1.2376463413238525,1.0929397344589233,0.944401204586029,1.2167010307312012,1.1421552896499634,1.4986727237701416,1.620351791381836,1.986708164215088,2.2276413440704346,2.566439151763916,2.801924228668213,3.185697078704834,3.3077232837677,3.128815174102783,0.3576200604438782,0.0,0.3991565704345703,0.6369307637214661,0.9525110125541687,1.1029499769210815,1.4103410243988037,1.561597466468811,1.934576153755188,2.1758885383605957,2.5339930057525635,2.7761764526367188,3.160055637359619,3.2856030464172363,3.1081655025482178,0.7027618885040283,0.6250196695327759,0.5996954441070557,0.946260392665863,1.0787560939788818,1.3040727376937866,1.5345710515975952,1.6660922765731812,2.022324800491333,2.2299838066101074,2.5950851440429688,2.819296360015869,3.2033426761627197,3.3362600803375244,3.1783409118652344,1.2274982929229736,1.2209625244140625,1.1036913394927979,1.3921772241592407,1.3938807249069214,1.6330797672271729,1.7865357398986816,1.862393856048584,2.198385715484619,2.3549907207489014,2.7197444438934326,2.913267135620117,3.3015024662017822,3.446967840194702,3.309001922607422,1.8152486085891724,1.8822919130325317,1.6692125797271729,1.910651445388794,1.8285367488861084,2.0749258995056152,2.1447067260742188,2.1487317085266113,2.4710564613342285,2.526599407196045,2.9080798625946045,3.066108226776123,3.4273808002471924,3.688141345977783,3.7946064472198486
B3,0.9538214802742004,0.9392186999320984,0.7931221723556519,0.5728538632392883,0.8860445618629456,0.8897460103034973,1.2624222040176392,1.4637038707733154,1.8028457164764404,2.0945563316345215,2.4054195880889893,2.6810741424560547,3.055675983428955,3.216686248779297,3.078489065170288,0.5654534101486206,0.3991565704345703,0.0,0.38766470551490784,0.6343081593513489,0.8905019760131836,1.1967182159423828,1.4327243566513062,1.7838531732559204,2.0773825645446777,2.4116828441619873,2.692059278488159,3.0663411617279053,3.228478193283081,3.0938124656677246,0.9256989359855652,0.8467390537261963,0.6073363423347473,0.8778994083404541,0.8856700658798218,1.168152928352356,1.3771017789840698,1.5826181173324585,1.916128158569336,2.174194812774658,2.5171241760253906,2.7777750492095947,3.151804208755493,3.317293167114258,3.2033917903900146,1.4136385917663574,1.397660732269287,1.172794222831726,1.3825507164001465,1.2886970043182373,1.5536125898361206,1.6820734739303589,1.82521390914917,2.139725685119629,2.344963788986206,2.689981698989868,2.9181768894195557,3.296873092651367,3.4684040546417236,3.3732123374938965,1.9684399366378784,2.018312931060791,1.7482179403305054,1.9213162660598755,1.7738842964172363,2.04106068611145,2.0934741497039795,2.161381959915161,2.4731638431549072,2.577554941177368,2.9503047466278076,3.1404545307159424,3.5030853748321533,3.769098997116089,3.9116008281707764
B4,1.2848098278045654,1.1865473985671997,1.0125573873519897,0.6727598905563354,0.9023645520210266,0.8302053213119507,1.1989502906799316,1.3825592994689941,1.6927298307418823,1.984215259552002,2.273409605026245,2.559922456741333,2.9365479946136475,3.1270194053649902,3.0173704624176025,0.7091141939163208,0.6369307637214661,0.38766470551490784,0.0,0.3885677456855774,0.6141175031661987,0.9692829847335815,1.2310855388641357,1.5714033842086792,1.8845897912979126,2.2015533447265625,2.5012028217315674,2.8739590644836426,3.0674822330474854,2.961334228515625,0.8361561894416809,0.7744795680046082,0.43278586864471436,0.544929563999176,0.4988807141780853,0.8061555027961731,1.0519137382507324,1.3011443614959717,1.6368008852005005,1.9273371696472168,2.2594821453094482,2.5447096824645996,2.91517972946167,3.1126155853271484,3.0245954990386963,1.2228820323944092,1.209465742111206,0.9256514310836792,1.0564004182815552,0.9135946035385132,1.1828970909118652,1.322157621383667,1.5047950744628906,1.8230512142181396,2.064288377761841,2.400516986846924,2.656231164932251,3.0282533168792725,3.2300198078155518,3.160292625427246,1.7226922512054443,1.7633612155914307,1.4685214757919312,1.5932475328445435,1.4112308025360107,1.6787282228469849,1.7302297353744507,1.831541657447815,2.1457223892211914,2.2869558334350586,2.651820659637451,2.870218276977539,3.2221248149871826,3.504119396209717,3.66788649559021
B5,1.3495391607284546,1.1458840370178223,0.9143490195274353,0.5390334129333496,0.622755765914917,0.5569884181022644,0.8919944763183594,1.125056505203247,1.3905811309814453,1.7147985696792603,1.9728487730026245,2.2865569591522217,2.6500444412231445,2.869490385055542,2.796570062637329,0.9312740564346313,0.9525110125541687,0.6343081593513489,0.3885677456855774,0.0,0.3858698010444641,0.6738267540931702,1.0088521242141724,1.3057883977890015,1.655498743057251,1.9433072805404663,2.2682504653930664,2.6257517337799072,2.8442118167877197,2.7763423919677734,1.112310767173767,1.1286762952804565,0.8010533452033997,0.7692424058914185,0.4993687868118286,0.7349345088005066,0.8634860515594482,1.156082034111023,1.4394630193710327,1.758800983428955,2.0598552227020264,2.3661129474639893,2.7198305130004883,2.9358959197998047,2.8879029750823975,1.4642127752304077,1.5014772415161133,1.2068148851394653,1.2323966026306152,0.9760228991508484,1.1838129758834839,1.226705551147461,1.4394750595092773,1.7019819021224976,1.964910864830017,2.270258903503418,2.542005777359009,2.898195505142212,3.109060287475586,3.0784242153167725,1.913631558418274,1.9812664985656738,1.685168981552124,1.739031434059143,1.484727382659912,1.718644380569458,1.7033960819244385,1.840301513671875,2.1105077266693115,2.2736692428588867,2.6196298599243164,2.849034070968628,3.204916000366211,3.472243547439575,3.6666274070739746
B6,1.6693451404571533,1.4758557081222534,1.1831226348876953,0.8517458438873291,0.7957372069358826,0.5360437035560608,0.7873685956001282,0.9012452363967896,1.158611536026001,1.4385743141174316,1.7025082111358643,1.9949991703033447,2.3673951625823975,2.5829756259918213,2.509774684906006,0.9660969376564026,1.1029499769210815,0.8905019760131836,0.6141175031661987,0.3858698010444641,0.0,0.3706718385219574,0.6546064615249634,0.9670951962471008,1.3014713525772095,1.5985604524612427,1.914803147315979,2.279256820678711,2.4963762760162354,2.4279944896698,1.0379359722137451,1.161150574684143,0.9214588403701782,0.7884964942932129,0.4909018278121948,0.4880271553993225,0.5187823176383972,0.7735728621482849,1.063888430595398,1.3749812841415405,1.683882713317871,1.9855101108551025,2.343513250350952,2.558967113494873,2.5113582611083984,1.318548560142517,1.4368966817855835,1.1990619897842407,1.1643768548965454,0.8841432929039001,0.9718348979949951,0.9310316443443298,1.0940934419631958,1.3394824266433716,1.5869019031524658,1.892744779586792,2.1582260131835938,2.515432119369507,2.7232189178466797,2.6959023475646973,1.7191699743270874,1.84283447265625,1.5952205657958984,1.630617380142212,1.3556976318359375,1.518384337425232,1.437232494354248,1.539815068244934,1.7802355289459229,1.925864577293396,2.2670021057128906,2.487696409225464,2.848689317703247,3.1046125888824463,3.3046505451202393
B7,1.8646963834762573,1.6322160959243774,1.300558090209961,1.027333378791809,0.8226734399795532,0.5204423666000366,0.569939374923706,0.6266202330589294,0.8145310282707214,1.1009355783462524,1.3412450551986694,1.6473393440246582,2.0119235515594482,2.2455387115478516,2.2010841369628906,1.2192113399505615,1.4103410243988037,1.1967182159423828,0.9692829847335815,0.6738267540931702,0.3706718385219574,0.0,0.3914062976837158,0.6333146095275879,0.9965613484382629,1.2704260349273682,1.6015106439590454,1.9535518884658813,2.1838138103485107,2.145542860031128,1.3265082836151123,1.5004535913467407,1.2885502576828003,1.139710783958435,0.8218680620193481,0.6960417032241821,0.4915643632411957,0.6675148010253906,0.8505865335464478,1.1578096151351929,1.4310122728347778,1.7368040084838867,2.0767269134521484,2.296285390853882,2.2811594009399414,1.5777735710144043,1.74385666847229,1.5341606140136719,1.4558689594268799,1.1475368738174438,1.137351393699646,0.9699811935424805,1.0888932943344116,1.2367807626724243,1.464774250984192,1.7297770977020264,1.9887511730194092,2.3265585899353027,2.5260987281799316,2.5302698612213135,1.9263739585876465,2.0881729125976562,1.8713723421096802,1.8694368600845337,1.5651535987854004,1.6632678508758545,1.5016108751296997,1.5959951877593994,1.765159010887146,1.8993922472000122,2.2115707397460938,2.4205949306488037,2.7851083278656006,3.0107483863830566,3.231501579284668
B8,2.1258015632629395,1.9277405738830566,1.565826416015625,1.3366628885269165,1.1195595264434814,0.7624158263206482,0.71066814661026,0.5231539607048035,0.6946325302124023,0.855402410030365,1.131740689277649,1.3790699243545532,1.7602568864822388,1.9606761932373047,1.8904063701629639,1.2990951538085938,1.561597466468811,1.4327243566513062,1.2310855388641357,1.0088521242141724,0.6546064615249634,0.3914062976837158,0.0,0.377625435590744,0.6555697917938232,0.9830596446990967,1.2733653783798218,1.6449956893920898,1.8443483114242554,1.7779849767684937,1.3532963991165161,1.6036514043807983,1.4817912578582764,1.332884430885315,1.080816388130188,0.8486423492431641,0.5743431448936462,0.4775541424751282,0.6126745343208313,0.8286497592926025,1.1299948692321777,1.3970794677734375,1.7506076097488403,1.9402257204055786,1.9017257690429688,1.5547516345977783,1.7909804582595825,1.6615720987319946,1.5829108953475952,1.3186722993850708,1.213558316230774,0.9798253178596497,0.9521347880363464,1.044467806816101,1.1857869625091553,1.453011155128479,1.669164776802063,2.0132148265838623,2.181119918823242,2.168600559234619,1.8608617782592773,2.083239793777466,1.935951828956604,1.9488074779510498,1.6679267883300781,1.690821647644043,1.4714455604553223,1.4808592796325684,1.5966604948043823,1.6651356220245361,1.9682754278182983,2.1369969844818115,2.5127925872802734,2.708623170852661,2.9199376106262207
B9,2.4221434593200684,2.1908161640167236,1.8292604684829712,1.617799162864685,1.3452914953231812,1.0319950580596924,0.8568286895751953,0.6304365396499634,0.5690903067588806,0.6503537893295288,0.8349906206130981,1.0935605764389038,1.4556235074996948,1.6976089477539062,1.6880083084106445,1.6732778549194336,1.934576153755188,1.7838531732559204,1.5714033842086792,1.3057883977890015,0.9670951962471008,0.6333146095275879,0.377625435590744,0.0,0.39204367995262146,0.6386423110961914,0.9720776081085205,1.3206095695495605,1.5625450611114502,1.5625264644622803,1.7166228294372559,1.9676415920257568,1.834423303604126,1.6503453254699707,1.3686872720718384,1.1042078733444214,0.7567276358604431,0.6206218004226685,0.5012725591659546,0.6803920269012451,0.8789108395576477,1.1633858680725098,1.4790184497833252,1.6956921815872192,1.7221786975860596,1.8658885955810547,2.1098036766052246,1.9780563116073608,1.8494789600372314,1.56005859375,1.3994452953338623,1.0921903848648071,1.0498006343841553,1.0039294958114624,1.1255438327789307,1.3058732748031616,1.5222203731536865,1.8240652084350586,1.9979780912399292,2.0430407524108887,2.097726821899414,2.327564239501953,2.193866014480591,2.1571831703186035,1.8528298139572144,1.8248990774154663,1.5487573146820068,1.5721185207366943,1.6042686700820923,1.6797298192977905,1.9275983572006226,2.0939831733703613,2.4544787406921387,2.6214728355407715,2.86330509185791
B10,2.7199647426605225,2.5125744342803955,2.135627031326294,1.9522231817245483,1.6793066263198853,1.3487164974212646,1.152496337890625,0.833895206451416,0.7270387411117554,0.5690213441848755,0.7279202342033386,0.855174720287323,1.219042420387268,1.416419267654419,1.388956069946289,1.8787825107574463,2.1758885383605957,2.0773825645446777,1.8845897912979126,1.655498743057251,1.3014713525772095,0.9965613484382629,0.6555697917938232,0.39204367995262146,0.0,0.3781423568725586,0.6179760098457336,0.993640124797821,1.1969935894012451,1.1772551536560059,1.890832543373108,2.182307720184326,2.108107805252075,1.9316670894622803,1.6916359663009644,1.3936978578567505,1.05851149559021,0.7939543128013611,0.5829650163650513,0.4966200292110443,0.6440883278846741,0.8382123708724976,1.1536813974380493,1.327469825744629,1.3425259590148926,1.9966307878494263,2.282594919204712,2.2108635902404785,2.0871145725250244,1.8361011743545532,1.6260974407196045,1.3005644083023071,1.144720435142517,1.0162996053695679,0.998058021068573,1.1284228563308716,1.2651734352111816,1.5505534410476685,1.6749467849731445,1.714557409286499,2.1779375076293945,2.4499075412750244,2.375910758972168,2.3500730991363525,2.0733015537261963,1.9879283905029297,1.677137851715088,1.6237982511520386,1.584212303161621,1.5811150074005127,1.7902278900146484,1.8988007307052612,2.2587661743164062,2.3777499198913574,2.610954523086548
B11,3.0274369716644287,2.7934648990631104,2.4240376949310303,2.2420661449432373,1.9439966678619385,1.645466923713684,1.4082140922546387,1.1228203773498535,0.9026119709014893,0.6934849619865417,0.6411089301109314,0.7184141278266907,1.0080574750900269,1.2612297534942627,1.3294426202774048,2.246403217315674,2.5339930057525635,2.4116828441619873,2.2015533447265625,1.9433072805404663,1.5985604524612427,1.2704260349273682,0.9830596446990967,0.6386423110961914,0.3781423568725586,0.0,0.382038414478302,0.690167248249054,0.9798403382301331,1.0823684930801392,2.24704647064209,2.5290985107421875,2.436114549636841,2.230631113052368,1.9681340456008911,1.6593433618545532,1.3015193939208984,1.0682618618011475,0.7567465305328369,0.6357843279838562,0.5368276238441467,0.7118710279464722,0.927604615688324,1.147114872932434,1.2694424390792847,2.31699275970459,2.596825122833252,2.513458251953125,2.3507847785949707,2.0814783573150635,1.8437467813491821,1.4880832433700562,1.349132776260376,1.125949501991272,1.0959807634353638,1.098041296005249,1.2229065895080566,1.4275940656661987,1.5606796741485596,1.6804653406143188,2.4406509399414062,2.705636501312256,2.63537859916687,2.5666239261627197,2.2745449542999268,2.155683755874634,1.8151638507843018,1.7855240106582642,1.676498532295227,1.6898916959762573,1.8279759883880615,1.935292363166809,2.260749101638794,2.348273992538452,2.6130168437957764
B12,3.3057334423065186,3.092813014984131,2.7121098041534424,2.552157402038574,2.2561960220336914,1.9443631172180176,1.702917218208313,1.3760488033294678,1.169044017791748,0.8598135709762573,0.7839983105659485,0.6543827652931213,0.8753794431686401,1.04317045211792,1.0979827642440796,2.465510129928589,2.7761764526367188,2.692059278488159,2.5012028217315674,2.2682504653930664,1.914803147315979,1.6015106439590454,1.2733653783798218,0.9720776081085205,0.6179760098457336,0.382038414478302,0.0,0.3885425329208374,0.6119330525398254,0.7230236530303955,2.4532525539398193,2.7607760429382324,2.7107887268066406,2.5191118717193604,2.2861039638519287,1.96501624584198,1.6226134300231934,1.3358612060546875,1.0373016595840454,0.7805660963058472,0.6100504398345947,0.5503625273704529,0.6856943368911743,0.813357949256897,0.944187343120575,2.500469446182251,2.80683970451355,2.7685625553131104,2.6189892292022705,2.3803482055664062,2.121826410293579,1.7708137035369873,1.5669177770614624,1.3181495666503906,1.1741265058517456,1.1156655550003052,1.119551181793213,1.2703369855880737,1.3198527097702026,1.4375814199447632,2.5927278995513916,2.886387348175049,2.8619885444641113,2.809345006942749,2.5437424182891846,2.3920559883117676,2.041116714477539,1.951707124710083,1.7952395677566528,1.7337722778320312,1.824737548828125,1.861494541168213,2.1717660427093506,2.1978845596313477,2.44521427154541
B13,3.6511285305023193,3.425370454788208,3.0472779273986816,2.8987252712249756,2.5856573581695557,2.2931792736053467,2.0259745121002197,1.713423728942871,1.4607000350952148,1.1397130489349365,0.95560222864151,0.7369146347045898,0.7680250406265259,0.9265804886817932,1.083236575126648,2.8496406078338623,3.160055637359619,3.0663411617279053,2.8739590644836426,2.6257517337799072,2.279256820678711,1.9535518884658813,1.6449956893920898,1.3206095695495605,0.993640124797821,0.690167248249054,0.3885425329208374,0.0,0.39367735385894775,0.7078168392181396,2.840669631958008,3.147247076034546,3.091588258743286,2.8903677463531494,2.647017240524292,2.3239128589630127,1.9736685752868652,1.7020989656448364,1.3791073560714722,1.1275845766067505,0.8689221143722534,0.727441132068634,0.6339403390884399,0.7150975465774536,0.9680906534194946,2.873408079147339,3.179692029953003,3.140587329864502,2.974637746810913,2.72955322265625,2.458949565887451,2.0983314514160156,1.9021046161651611,1.6157070398330688,1.4586654901504517,1.3132684230804443,1.2672908306121826,1.3023751974105835,1.3101149797439575,1.4951406717300415,2.9333019256591797,3.2260184288024902,3.2104990482330322,3.137138843536377,2.8680410385131836,2.695733070373535,2.332664966583252,2.2499818801879883,2.0492160320281982,1.9840713739395142,2.010648488998413,2.0221059322357178,2.2865586280822754,2.2607951164245605,2.5187206268310547
