,A1,A2,A3,A4,A5,A6,A7,A8,A9,A10,A11,A12,A13,A14,A15,B1,B2,B3,B4,B5,B6,B7,B8,B9,B10,B11,B12,B13,B14,B15,C1,C2,C3,C4,C5,C6,C7,C8,C9,C10,C11,C12,C13,C14,C15,D1,D2,D3,D4,D5,D6,D7,D8,D9,D10,D11,D12,D13,D14,D15,E1,E2,E3,E4,E5,E6,E7,E8,E9,E10,E11,E12,E13,E14,E15
A1,0.0,0.3849877715110779,0.6091118454933167,0.8768386244773865,1.1736093759536743,1.3967539072036743,1.7455089092254639,1.8789618015289307,2.2433362007141113,2.4177348613739014,2.741034984588623,2.9540607929229736,3.2710392475128174,3.505460500717163,3.43231201171875,1.4236903190612793,1.2727710008621216,1.386647343635559,1.1105256080627441,1.3971909284591675,1.5724879503250122,1.9312691688537598,2.1513774394989014,2.448610305786133,2.6879849433898926,2.9671528339385986,3.212740421295166,3.5662004947662354,3.766212224960327,3.688170909881592,1.9988523721694946,1.8744536638259888,1.882136344909668,1.556009292602539,1.7784427404403687,1.8662428855895996,2.161463975906372,2.424961805343628,2.6504268646240234,2.939544916152954,3.1592135429382324,3.44964337348938,3.7664175033569336,4.005778789520264,3.9823734760284424,2.5913608074188232,2.4333441257476807,2.38820219039917,2.015256404876709,2.134615898132324,2.2074391841888428,2.4352149963378906,2.7141191959381104,2.8672432899475098,3.1883716583251953,3.35650634765625,3.6739895343780518,3.9618136882781982,4.216048717498779,4.206003189086914,3.296510934829712,3.1063811779022217,2.9388091564178467,2.5638620853424072,2.519338846206665,2.564692258834839,2.6802642345428467,2.9871175289154053,3.039747714996338,3.393867254257202,3.4368605613708496,3.816016674041748,3.9429421424865723,4.288205146789551,4.578691482543945
A2,0.3849877715110779,0.0,0.3985579311847687,0.5876177549362183,0.8631764054298401,1.1411705017089844,1.4706151485443115,1.6659791469573975,2.0129916667938232,2.228238344192505,2.543166160583496,2.781216859817505,3.10146164894104,3.3488240242004395,3.3092243671417236,1.4547466039657593,1.264372706413269,1.2754199504852295,0.9373551607131958,1.1532721519470215,1.3048259019851685,1.6387189626693726,1.896799921989441,2.164802312850952,2.4358038902282715,2.6951253414154053,2.965581178665161,3.3063206672668457,3.5176312923431396,3.4697864055633545,1.9605213403701782,1.811537265777588,1.7451978921890259,1.3955788612365723,1.5550223588943481,1.6084189414978027,1.8677918910980225,2.1483564376831055,2.3409769535064697,2.649151086807251,2.8459393978118896,3.154289484024048,3.4568288326263428,3.7069900035858154,3.708944797515869,2.504974603652954,2.3454384803771973,2.240985870361328,1.868166208267212,1.940268874168396,1.9674850702285767,2.163402795791626,2.4379122257232666,2.5592808723449707,2.8859448432922363,3.0295705795288086,3.358161687850952,3.6304354667663574,3.8992021083831787,3.9085164070129395,3.2265164852142334,3.0325448513031006,2.8234753608703613,2.4667513370513916,2.3904647827148438,2.3829450607299805,2.4808220863342285,2.763854503631592,2.7973415851593018,3.1396570205688477,3.1629836559295654,3.544422149658203,3.651409149169922,4.006011486053467,4.282337188720703
A3,0.6091118454933167,0.3985579311847687,0.0,0.38743287324905396,0.5841163396835327,0.8146225810050964,1.142493724822998,1.2932579517364502,1.6550917625427246,1.8459347486495972,2.1714680194854736,2.39462947845459,2.7199220657348633,2.958613157272339,2.912048816680908,1.1229079961776733,0.966880738735199,0.921349823474884,0.6209509372711182,0.8903908133506775,0.9876025915145874,1.352166771888733,1.5628656148910522,1.847937822341919,2.092860698699951,2.3617756366729736,2.6163182258605957,2.963545322418213,3.173882246017456,3.113466501235962,1.7138620615005493,1.623379111289978,1.5217210054397583,1.2195265293121338,1.413708209991455,1.3964178562164307,1.6837533712387085,1.9138206243515015,2.119732618331909,2.400541305541992,2.602299928665161,2.8957438468933105,3.201673746109009,3.4572176933288574,3.443704128265381,2.344967842102051,2.242095947265625,2.1279730796813965,1.7865359783172607,1.9026691913604736,1.8754656314849854,2.1056482791900635,2.331291913986206,2.472271203994751,2.768700361251831,2.920315980911255,3.230508804321289,3.509152412414551,3.7765562534332275,3.762744903564453,3.191128730773926,3.041060209274292,2.837921619415283,2.4944276809692383,2.459876775741577,2.4214608669281006,2.565101146697998,2.816899299621582,2.885699987411499,3.208756685256958,3.2529194355010986,3.629647731781006,3.742555618286133,4.108204364776611,4.362701892852783
A4,0.8768386244773865,0.5876177549362183,0.38743287324905396,0.0,0.4009229838848114,0.5861650109291077,0.9404972195625305,1.1568682193756104,1.472914457321167,1.7263509035110474,2.009530544281006,2.2819104194641113,2.581918716430664,2.85583233833313,2.858011245727539,1.3649659156799316,1.2552471160888672,1.107580304145813,0.8291711211204529,0.9960624575614929,0.9646081328392029,1.2866936922073364,1.5107810497283936,1.7320990562438965,2.0090279579162598,2.2282192707061768,2.518552303314209,2.837395668029785,3.0832676887512207,3.065370798110962,1.980462908744812,1.8988369703292847,1.732416033744812,1.4404155015945435,1.5617358684539795,1.471002459526062,1.6961586475372314,1.921871304512024,2.064175844192505,2.3602821826934814,2.510394334793091,2.8294026851654053,3.102060079574585,3.3869290351867676,3.410900831222534,2.5904409885406494,2.497607707977295,2.33504056930542,2.007168769836426,2.0741336345672607,1.9906576871871948,2.1721389293670654,2.3795621395111084,2.4673447608947754,2.7631356716156006,2.8672571182250977,3.191776990890503,3.437824249267578,3.732196092605591,3.747682571411133,3.448775053024292,3.295492649078369,3.0608747005462646,2.7366957664489746,2.6697206497192383,2.5862984657287598,2.6986992359161377,2.9237234592437744,2.9579529762268066,3.264044761657715,3.2715134620666504,3.6478216648101807,3.7234909534454346,4.096338748931885,4.332313537597656
A5,1.1736093759536743,0.8631764054298401,0.5841163396835327,0.4009229838848114,0.0,0.38660576939582825,0.6220704317092896,0.8915913105010986,1.2005358934402466,1.4597938060760498,1.758139729499817,2.0197653770446777,2.3408050537109375,2.5982768535614014,2.611112356185913,1.30143404006958,1.1618608236312866,0.9111920595169067,0.6550471782684326,0.6966145634651184,0.5860194563865662,0.8874126672744751,1.125489354133606,1.3422929048538208,1.6304312944412231,1.855180025100708,2.1481337547302246,2.4698264598846436,2.7064030170440674,2.6956984996795654,1.7780766487121582,1.702666163444519,1.4722131490707397,1.2169160842895508,1.292320728302002,1.132988691329956,1.3388994932174683,1.5397250652313232,1.6742888689041138,1.9634184837341309,2.113619089126587,2.4293293952941895,2.7044005393981934,2.9877119064331055,3.011258363723755,2.3488011360168457,2.2854721546173096,2.085442543029785,1.7937673330307007,1.8540701866149902,1.7123569250106812,1.892997145652771,2.0589942932128906,2.147352695465088,2.420488119125366,2.5252914428710938,2.837146759033203,3.0855491161346436,3.3772614002227783,3.3825857639312744,3.2534656524658203,3.126284599304199,2.8781776428222656,2.582512378692627,2.528143882751465,2.400676727294922,2.535020112991333,2.721071243286133,2.7763984203338623,3.057756185531616,3.079517364501953,3.4466161727905273,3.526189088821411,3.9053406715393066,4.119975566864014
A6,1.3967539072036743,1.1411705017089844,0.8146225810050964,0.5861650109291077,0.38660576939582825,0.0,0.390912264585495,0.5893930196762085,0.8867887854576111,1.1559150218963623,1.4290082454681396,1.7114007472991943,2.0094966888427734,2.2883033752441406,2.3170626163482666,1.2832458019256592,1.2541896104812622,0.9666484594345093,0.8564946055412292,0.9302570819854736,0.682141125202179,0.9485560655593872,1.0699414014816284,1.252875804901123,1.5017414093017578,1.6968097686767578,1.9834924936294556,2.291592836380005,2.5543344020843506,2.5469412803649902,1.898363471031189,1.8957679271697998,1.65530526638031,1.4696309566497803,1.5666236877441406,1.3439650535583496,1.5378708839416504,1.661148190498352,1.7717869281768799,2.0188355445861816,2.139147996902466,2.44081449508667,2.6937286853790283,2.99703049659729,3.0194602012634277,2.546766519546509,2.532759189605713,2.3375606536865234,2.079470157623291,2.166306972503662,1.9920063018798828,2.1787209510803223,2.297003746032715,2.380023241043091,2.6181681156158447,2.7062888145446777,2.9999351501464844,3.232980251312256,3.530852794647217,3.5274457931518555,3.5285956859588623,3.4304275512695312,3.192751884460449,2.906177043914795,2.8743884563446045,2.7367494106292725,2.8862788677215576,3.0526556968688965,3.1164300441741943,3.38116192817688,3.4018194675445557,3.7617361545562744,3.830112934112549,4.212690353393555,4.4078569412231445
A7,1.7455089092254639,1.4706151485443115,1.142493724822998,0.9404972195625305,0.6220704317092896,0.390912264585495,0.0,0.38951796293258667,0.5964980721473694,0.9008373618125916,1.1641227006912231,1.4485679864883423,1.7568893432617188,2.02640438079834,2.0861997604370117,1.4205917119979858,1.387054204940796,1.032171368598938,0.996421217918396,0.9396082758903503,0.5809813141822815,0.6984639763832092,0.7615779638290405,0.8811789155006409,1.138969898223877,1.3113701343536377,1.6121608018875122,1.9109259843826294,2.179635524749756,2.194852590560913,1.8850849866867065,1.9005621671676636,1.6041626930236816,1.4839588403701782,1.5217130184173584,1.2235621213912964,1.3558803796768188,1.4128800630569458,1.4814496040344238,1.700851559638977,1.7939540147781372,2.0897624492645264,2.3276026248931885,2.6395697593688965,2.6709225177764893,2.476057529449463,2.4985203742980957,2.268463134765625,2.062795877456665,2.134561777114868,1.9006656408309937,2.0674166679382324,2.125386953353882,2.192408323287964,2.3909049034118652,2.4623451232910156,2.735262870788574,2.955679416656494,3.2540037631988525,3.245120048522949,3.488375186920166,3.417654037475586,3.1686089038848877,2.917820453643799,2.894211530685425,2.714221954345703,2.874298095703125,2.994868040084839,3.0701465606689453,3.3013319969177246,3.327026128768921,3.6708078384399414,3.732621192932129,4.117194652557373,4.283974647521973
A8,1.8789618015289307,1.6659791469573975,1.2932579517364502,1.1568682193756104,0.8915913105010986,0.5893930196762085,0.38951796293258667,0.0,0.38707882165908813,0.5728881359100342,0.8876404762268066,1.1326522827148438,1.4545729160308838,1.7106248140335083,1.7378413677215576,1.2604020833969116,1.3221101760864258,0.976467490196228,1.0824402570724487,1.094763159751892,0.7498049736022949,0.8800169229507446,0.7674386501312256,0.9225334525108337,1.0546584129333496,1.2501616477966309,1.484992504119873,1.7990778684616089,2.057157516479492,2.027332067489624,1.8114486932754517,1.9049983024597168,1.6348196268081665,1.5873236656188965,1.6867611408233643,1.3836854696273804,1.557271957397461,1.539106845855713,1.6452152729034424,1.7946934700012207,1.90667724609375,2.1510632038116455,2.3941712379455566,2.694641590118408,2.6858530044555664,2.4895811080932617,2.5628421306610107,2.3683693408966064,2.1931509971618652,2.321481227874756,2.0930638313293457,2.301541566848755,2.3278656005859375,2.4334335327148438,2.596731662750244,2.692662000656128,2.9316582679748535,3.1637110710144043,3.4419493675231934,3.3971316814422607,3.576145648956299,3.541275978088379,3.3237202167510986,3.07308292388916,3.0934252738952637,2.930063009262085,3.1266465187072754,3.2458999156951904,3.3543920516967773,3.5823042392730713,3.634319543838501,3.972324848175049,4.051869869232178,4.434961318969727,4.596948623657227
A9,2.2433362007141113,2.0129916667938232,1.6550917625427246,1.472914457321167,1.2005358934402466,0.8867887854576111,0.5964980721473694,0.38707882165908813,0.0,0.38338780403137207,0.5686242580413818,0.8813961744308472,1.16472589969635,1.4523494243621826,1.553844690322876,1.6109691858291626,1.6885251998901367,1.3348735570907593,1.4490959644317627,1.4063721895217896,1.033625602722168,1.0342381000518799,0.8552770018577576,0.849175751209259,0.9331542253494263,1.0198397636413574,1.2653032541275024,1.5273529291152954,1.8240699768066406,1.8410460948944092,2.0981054306030273,2.205249547958374,1.907761573791504,1.8940759897232056,1.9457566738128662,1.6049264669418335,1.7059438228607178,1.631941318511963,1.6639033555984497,1.7712594270706177,1.8155443668365479,2.046591281890869,2.2388668060302734,2.5598654747009277,2.576117753982544,2.7269060611724854,2.824228525161743,2.604763984680176,2.4646499156951904,2.5685369968414307,2.3007283210754395,2.4733023643493652,2.4536116123199463,2.522312641143799,2.648329496383667,2.7045958042144775,2.924227237701416,3.1213724613189697,3.407658100128174,3.3716001510620117,3.819674491882324,3.8003039360046387,3.5708706378936768,3.3464179039001465,3.360530138015747,3.1658236980438232,3.353367805480957,3.4379918575286865,3.537254810333252,3.7362875938415527,3.774387836456299,4.097781658172607,4.154666900634766,4.53745174407959,4.670572280883789
A10,2.4177348613739014,2.228238344192505,1.8459347486495972,1.7263509035110474,1.4597938060760498,1.1559150218963623,0.9008373618125916,0.5728881359100342,0.38338780403137207,0.0,0.38803693652153015,0.560326099395752,0.9000198245048523,1.1388784646987915,1.1910672187805176,1.5503309965133667,1.683163046836853,1.3555970191955566,1.564179539680481,1.5457183122634888,1.2049880027770996,1.2066917419433594,0.9230220317840576,0.9544053673744202,0.8852076530456543,1.0036882162094116,1.1360048055648804,1.415877342224121,1.6746102571487427,1.6303551197052002,2.014352560043335,2.183391571044922,1.9106427431106567,1.9666776657104492,2.0552353858947754,1.719151496887207,1.847200870513916,1.711621642112732,1.7829757928848267,1.8209928274154663,1.894152045249939,2.062241315841675,2.264713764190674,2.5581393241882324,2.526123046875,2.678058385848999,2.822887897491455,2.634338855743408,2.531930923461914,2.6797468662261963,2.4172604084014893,2.6234803199768066,2.573317766189575,2.680767297744751,2.7718472480773926,2.85799503326416,3.040433406829834,3.253391742706299,3.511692523956299,3.436096668243408,3.819941997528076,3.837465286254883,3.6378026008605957,3.4220170974731445,3.4770476818084717,3.294477939605713,3.5162875652313232,3.5947117805480957,3.7285754680633545,3.9213390350341797,3.9893927574157715,4.304481506347656,4.383602142333984,4.7630085945129395,4.891817092895508
A11,2.741034984588623,2.543166160583496,2.1714680194854736,2.009530544281006,1.758139729499817,1.4290082454681396,1.1641227006912231,0.8876404762268066,0.5686242580413818,0.38803693652153015,0.0,0.3900299370288849,0.5985619425773621,0.9133924841880798,1.0770847797393799,1.91746187210083,2.0667030811309814,1.7409898042678833,1.933961272239685,1.9031822681427002,1.545272946357727,1.5040878057479858,1.225640892982483,1.150476098060608,1.04985511302948,1.0292913913726807,1.1384081840515137,1.3210421800613403,1.618019461631775,1.625026822090149,2.388737678527832,2.561836004257202,2.2795186042785645,2.3382179737091064,2.402009963989258,2.0508100986480713,2.134878158569336,1.979311466217041,1.9917222261428833,2.002540349960327,2.010659694671631,2.162116527557373,2.3044631481170654,2.6125359535217285,2.606661081314087,3.0270047187805176,3.1813998222351074,2.979045867919922,2.889578104019165,3.0183265209198,2.7359235286712646,2.9137372970581055,2.840723752975464,2.9147748947143555,2.98298978805542,3.0316691398620605,3.200631618499756,3.377568483352661,3.6434600353240967,3.580479860305786,4.165022850036621,4.188595294952393,3.980130910873413,3.777127742767334,3.8226091861724854,3.622112989425659,3.8313088417053223,3.890727996826172,4.010591983795166,4.185521125793457,4.236495494842529,4.542209148406982,4.59869909286499,4.977217674255371,5.084357261657715
A12,2.9540607929229736,2.781216859817505,2.39462947845459,2.2819104194641113,2.0197653770446777,1.7114007472991943,1.4485679864883423,1.1326522827148438,0.8813961744308472,0.560326099395752,0.3900299370288849,0.0,0.3901873528957367,0.5794859528541565,0.6981749534606934,1.9596647024154663,2.133946657180786,1.834252119064331,2.0871899127960205,2.0585176944732666,1.7304331064224243,1.6772428750991821,1.3405232429504395,1.288908839225769,1.0760736465454102,1.0762813091278076,1.0485479831695557,1.2276935577392578,1.4617159366607666,1.4024183750152588,2.3517441749572754,2.569920063018799,2.308727264404297,2.4284627437591553,2.5100622177124023,2.1661272048950195,2.2609012126922607,2.0539820194244385,2.094139337539673,2.0410659313201904,2.0729994773864746,2.1587419509887695,2.3060696125030518,2.5781002044677734,2.5248453617095947,2.9835665225982666,3.1804583072662354,3.0028061866760254,2.9546070098876953,3.114068031311035,2.834456205368042,3.034332513809204,2.9300482273101807,3.0351836681365967,3.067478656768799,3.1419079303741455,3.272207021713257,3.4616293907165527,3.6968882083892822,3.596187114715576,4.146920204162598,4.206584453582764,4.024386882781982,3.837106466293335,3.917767286300659,3.7240591049194336,3.9618308544158936,4.0095014572143555,4.160586357116699,4.324774742126465,4.403768062591553,4.6982011795043945,4.775327682495117,5.14882755279541,5.249232292175293
A13,3.2710392475128174,3.10146164894104,2.7199220657348633,2.581918716430664,2.3408050537109375,2.0094966888427734,1.7568893432617188,1.4545729160308838,1.16472589969635,0.9000198245048523,0.5985619425773621,0.3901873528957367,0.0,0.3818345069885254,0.6619083285331726,2.3026256561279297,2.4993679523468018,2.207026243209839,2.452972888946533,2.4318244457244873,2.092905282974243,2.033271312713623,1.7078688144683838,1.6134912967681885,1.4020402431488037,1.3213293552398682,1.2675564289093018,1.3389149904251099,1.5790997743606567,1.5562424659729004,2.7325727939605713,2.9580509662628174,2.69875168800354,2.8155767917633057,2.891890525817871,2.542506694793701,2.619391918182373,2.407437562942505,2.415191173553467,2.34763503074646,2.336895704269409,2.405636787414551,2.5029094219207764,2.7772116661071777,2.7401139736175537,3.3630211353302,3.566605567932129,3.3867127895355225,3.342338800430298,3.494838237762451,3.207575798034668,3.393170118331909,3.2786622047424316,3.363659143447876,3.382391929626465,3.4318344593048096,3.551328659057617,3.7134225368499756,3.9511916637420654,3.8581581115722656,4.526069641113281,4.591028213500977,4.407072067260742,4.2242608070373535,4.301041126251221,4.100402355194092,4.331048965454102,4.370368480682373,4.512299060821533,4.667129993438721,4.734435558319092,5.023416996002197,5.084914684295654,5.457499980926514,5.543288230895996
A14,3.505460500717163,3.3488240242004395,2.958613157272339,2.85583233833313,2.5982768535614014,2.2883033752441406,2.02640438079834,1.7106248140335083,1.4523494243621826,1.1388784646987915,0.9133924841880798,0.5794859528541565,0.3818345069885254,0.0,0.38373568654060364,2.422879219055176,2.6244680881500244,2.3517909049987793,2.633507490158081,2.6032474040985107,2.2887237071990967,2.2111151218414307,1.8539073467254639,1.7698779106140137,1.4922748804092407,1.4237995147705078,1.264675259590149,1.310562252998352,1.4690186977386475,1.3885737657546997,2.7548654079437256,3.008863687515259,2.7659175395965576,2.931100606918335,3.0119922161102295,2.670483350753784,2.7464871406555176,2.4948577880859375,2.5180580615997314,2.3975133895874023,2.4016685485839844,2.41060209274292,2.5050158500671387,2.739928722381592,2.6626062393188477,3.351823329925537,3.5897557735443115,3.4281113147735596,3.4231815338134766,3.594355583190918,3.308119535446167,3.505025625228882,3.361273765563965,3.4677515029907227,3.4523141384124756,3.520289897918701,3.6027774810791016,3.7714908123016357,3.9792215824127197,3.8540456295013428,4.518774509429932,4.616058349609375,4.453697681427002,4.290487766265869,4.394958019256592,4.196841716766357,4.448812484741211,4.47304630279541,4.640272617340088,4.781277179718018,4.871903896331787,5.147602081298828,5.225645542144775,5.591836929321289,5.668604850769043
A15,3.43231201171875,3.3092243671417236,2.912048816680908,2.858011245727539,2.611112356185913,2.3170626163482666,2.0861997604370117,1.7378413677215576,1.553844690322876,1.1910672187805176,1.0770847797393799,0.6981749534606934,0.6619083285331726,0.38373568654060364,0.0,2.243889570236206,2.469057083129883,2.237135171890259,2.5567269325256348,2.556533098220825,2.278688907623291,2.237400770187378,1.8669370412826538,1.8550450801849365,1.557619333267212,1.5761302709579468,1.3863203525543213,1.5033656358718872,1.599901556968689,1.428057074546814,2.558011531829834,2.844754219055176,2.6406922340393066,2.833387613296509,2.952274799346924,2.636946678161621,2.7541890144348145,2.4995365142822266,2.577965021133423,2.449608325958252,2.509856939315796,2.5011932849884033,2.640925168991089,2.8468708992004395,2.7222416400909424,3.184718608856201,3.441329002380371,3.3172576427459717,3.321643114089966,3.5286262035369873,3.268371820449829,3.499344825744629,3.3631489276885986,3.509965419769287,3.497485399246216,3.6051061153411865,3.681192398071289,3.882253408432007,4.070254802703857,3.9165103435516357,4.36629056930542,4.480583667755127,4.3472580909729,4.178249835968018,4.311707019805908,4.139515399932861,4.414947986602783,4.453797817230225,4.645731449127197,4.798938751220703,4.914637565612793,5.194089889526367,5.298519134521484,5.663325309753418,5.756052017211914
B1,1.4236903190612793,1.4547466039657593,1.1229079961776733,1.3649659156799316,1.30143404006958,1.2832458019256592,1.4205917119979858,1.2604020833969116,1.6109691858291626,1.5503309965133667,1.91746187210083,1.9596647024154663,2.3026256561279297,2.422879219055176,2.243889570236206,0.0,0.38556018471717834,0.5508591532707214,0.8251779675483704,1.125698208808899,1.1874364614486694,1.5069786310195923,1.4578455686569214,1.8229738473892212,1.8666794300079346,2.2073168754577637,2.307300090789795,2.6898531913757324,2.816208839416504,2.6309754848480225,1.0626895427703857,1.237264633178711,1.245854139328003,1.231337308883667,1.5753719806671143,1.5172197818756104,1.8825243711471558,1.9219640493392944,2.2282190322875977,2.3571059703826904,2.631122350692749,2.803644895553589,3.1464431285858154,3.3472933769226074,3.220634698867798,1.95927095413208,2.0249364376068115,2.0253612995147705,1.8203153610229492,2.1117184162139893,2.071504831314087,2.4150452613830566,2.5222012996673584,2.7756507396698,2.9664618968963623,3.1972386837005615,3.412681818008423,3.7379348278045654,3.940918207168579,3.820096015930176,3.027832269668579,3.0097427368164062,2.91125226020813,2.5992958545684814,2.725005865097046,2.7138092517852783,2.986006498336792,3.196284532546997,3.385091781616211,3.673297643661499,3.8125338554382324,4.1590962409973145,4.3348774909973145,4.695347309112549,4.925492763519287
B2,1.2727710008621216,1.264372706413269,0.966880738735199,1.2552471160888672,1.1618608236312866,1.2541896104812622,1.387054204940796,1.3221101760864258,1.6885251998901367,1.683163046836853,2.0667030811309814,2.133946657180786,2.4993679523468018,2.6244680881500244,2.469057083129883,0.38556018471717834,0.0,0.3848266303539276,0.5601140260696411,0.8466931581497192,1.0177408456802368,1.337892770767212,1.3668644428253174,1.7463535070419312,1.8379954099655151,2.1927285194396973,2.318575143814087,2.708096981048584,2.8241288661956787,2.655954599380493,0.8519333600997925,0.926509439945221,0.9381162524223328,0.8681723475456238,1.2274062633514404,1.226742148399353,1.6058259010314941,1.6928164958953857,2.016489267349243,2.1753971576690674,2.4683730602264404,2.6554808616638184,3.012495756149292,3.201077938079834,3.0834531784057617,1.681230068206787,1.699853777885437,1.6882561445236206,1.4541964530944824,1.7401827573776245,1.7246013879776,2.071613311767578,2.2058424949645996,2.467139482498169,2.67704439163208,2.9201321601867676,3.1453521251678467,3.48003888130188,3.677960157394409,3.5656137466430664,2.70534086227417,2.662808895111084,2.548463821411133,2.2299506664276123,2.343531370162964,2.3348522186279297,2.604205369949341,2.8222644329071045,3.011305570602417,3.305403232574463,3.4493699073791504,3.7961843013763428,3.98054838180542,4.3365936279296875,4.5756611824035645
B3,1.386647343635559,1.2754199504852295,0.921349823474884,1.107580304145813,0.9111920595169067,0.9666484594345093,1.032171368598938,0.976467490196228,1.3348735570907593,1.3555970191955566,1.7409898042678833,1.834252119064331,2.207026243209839,2.3517909049987793,2.237135171890259,0.5508591532707214,0.3848266303539276,0.0,0.39165830612182617,0.5931258797645569,0.6625495553016663,0.9779216051101685,0.9951460957527161,1.369951605796814,1.4807924032211304,1.8261280059814453,1.9773012399673462,2.361985445022583,2.5007407665252686,2.3633081912994385,0.9552472233772278,1.02187180519104,0.8781495690345764,0.8154491186141968,1.0986073017120361,0.9872467517852783,1.3438794612884521,1.4086463451385498,1.7033374309539795,1.8682845830917358,2.136610984802246,2.3410959243774414,2.6841750144958496,2.8963043689727783,2.803309917449951,1.7268927097320557,1.7648735046386719,1.6715396642684937,1.4552621841430664,1.6931880712509155,1.5957969427108765,1.9163572788238525,2.018188953399658,2.24806809425354,2.4483728408813477,2.662858009338379,2.8935277462005615,3.2104945182800293,3.428300619125366,3.3307600021362305,2.7931594848632812,2.7539172172546387,2.5960776805877686,2.303140640258789,2.3863039016723633,2.315276861190796,2.5707552433013916,2.7538604736328125,2.926723003387451,3.200707197189331,3.3246521949768066,3.670318365097046,3.830279588699341,4.196747303009033,4.413779258728027
B4,1.1105256080627441,0.9373551607131958,0.6209509372711182,0.8291711211204529,0.6550471782684326,0.8564946055412292,0.996421217918396,1.0824402570724487,1.4490959644317627,1.564179539680481,1.933961272239685,2.0871899127960205,2.452972888946533,2.633507490158081,2.5567269325256348,0.8251779675483704,0.5601140260696411,0.39165830612182617,0.0,0.3837295472621918,0.5793913006782532,0.9375863671302795,1.0997710227966309,1.4443244934082031,1.6410408020019531,1.9615031480789185,2.168360471725464,2.5401227474212646,2.7008585929870605,2.605192184448242,1.155253291130066,1.089822769165039,0.9339005947113037,0.7025880813598633,0.9450333714485168,0.8893681168556213,1.2356841564178467,1.4039194583892822,1.6723190546035767,1.9056442975997925,2.1575701236724854,2.4075896739959717,2.7436866760253906,2.967280149459839,2.912153482437134,1.7979446649551392,1.7541470527648926,1.6284992694854736,1.3426018953323364,1.5206446647644043,1.4475816488265991,1.7374404668807983,1.901310682296753,2.100759267807007,2.3503897190093994,2.547438144683838,2.8157784938812256,3.1242997646331787,3.3603718280792236,3.299576997756958,2.7562904357910156,2.663159132003784,2.4714322090148926,2.159014940261841,2.1871626377105713,2.1162476539611816,2.331301212310791,2.539168357849121,2.6756129264831543,2.9695065021514893,3.067592144012451,3.4265639781951904,3.57383394241333,3.941312789916992,4.1741414070129395
B5,1.3971909284591675,1.1532721519470215,0.8903908133506775,0.9960624575614929,0.6966145634651184,0.9302570819854736,0.9396082758903503,1.094763159751892,1.4063721895217896,1.5457183122634888,1.9031822681427002,2.0585176944732666,2.4318244457244873,2.6032474040985107,2.556533098220825,1.125698208808899,0.8466931581497192,0.5931258797645569,0.3837295472621918,0.0,0.383476197719574,0.6381362676620483,0.8759538531303406,1.1954094171524048,1.4263793230056763,1.7391856908798218,1.9614914655685425,2.3237767219543457,2.47407865524292,2.4057209491729736,1.1721872091293335,1.0546374320983887,0.7850300073623657,0.5568905472755432,0.6566085815429688,0.524213433265686,0.8537828922271729,1.0434855222702026,1.3032926321029663,1.5559916496276855,1.8078848123550415,2.0684473514556885,2.4047634601593018,2.6242945194244385,2.5859713554382324,1.6562265157699585,1.6111801862716675,1.4115068912506104,1.1532866954803467,1.2754350900650024,1.132406234741211,1.4007298946380615,1.5416970252990723,1.7285103797912598,1.97350013256073,2.1649842262268066,2.4342167377471924,2.740640163421631,2.9792823791503906,2.926161050796509,2.599060297012329,2.509150981903076,2.2809815406799316,2.004220724105835,2.011705160140991,1.8823896646499634,2.0935933589935303,2.2618730068206787,2.3984782695770264,2.6691956520080566,2.7662463188171387,3.117410898208618,3.258901357650757,3.6299028396606445,3.845902681350708
B6,1.5724879503250122,1.3048259019851685,0.9876025915145874,0.9646081328392029,0.5860194563865662,0.682141125202179,0.5809813141822815,0.7498049736022949,1.033625602722168,1.2049880027770996,1.545272946357727,1.7304331064224243,2.092905282974243,2.2887237071990967,2.278688907623291,1.1874364614486694,1.0177408456802368,0.6625495553016663,0.5793913006782532,0.383476197719574,0.0,0.3866191804409027,0.5947229266166687,0.8897711634635925,1.1425621509552002,1.4281489849090576,1.6793086528778076,2.0300018787384033,2.2192463874816895,2.1795670986175537,1.3894004821777344,1.349745750427246,1.042519211769104,0.9096411466598511,0.9550574421882629,0.6815216541290283,0.9120216369628906,1.0206308364868164,1.2102142572402954,1.450092077255249,1.6497712135314941,1.9259878396987915,2.2334535121917725,2.490926504135132,2.476052761077881,1.9175419807434082,1.9206905364990234,1.6966078281402588,1.4853019714355469,1.582844614982605,1.3720874786376953,1.5943818092346191,1.6765626668930054,1.8149876594543457,2.030224084854126,2.175340414047241,2.441746234893799,2.717862844467163,2.9805073738098145,2.938732385635376,2.9112966060638428,2.8414392471313477,2.603086471557617,2.349661350250244,2.3496460914611816,2.1849215030670166,2.3806934356689453,2.5141072273254395,2.6318838596343994,2.876969337463379,2.9491820335388184,3.294179916381836,3.4043500423431396,3.783188581466675,3.972400188446045
B7,1.9312691688537598,1.6387189626693726,1.352166771888733,1.2866936922073364,0.8874126672744751,0.9485560655593872,0.6984639763832092,0.8800169229507446,1.0342381000518799,1.2066917419433594,1.5040878057479858,1.6772428750991821,2.033271312713623,2.2111151218414307,2.237400770187378,1.5069786310195923,1.337892770767212,0.9779216051101685,0.9375863671302795,0.6381362676620483,0.3866191804409027,0.0,0.3869868814945221,0.5848978757858276,0.8851730823516846,1.145094871520996,1.4145448207855225,1.7465541362762451,1.9286831617355347,1.9265282154083252,1.524762749671936,1.477921724319458,1.1137802600860596,1.053999662399292,0.972673237323761,0.6085447669029236,0.683491051197052,0.7204356789588928,0.8468236923217773,1.0886712074279785,1.2660565376281738,1.5545599460601807,1.8532816171646118,2.1178810596466064,2.12493634223938,1.9122856855392456,1.9388954639434814,1.6610480546951294,1.5163018703460693,1.5612131357192993,1.2738617658615112,1.4424611330032349,1.4529327154159546,1.5571863651275635,1.7344661951065063,1.855836033821106,2.1090548038482666,2.371577739715576,2.639540672302246,2.602292060852051,2.8874006271362305,2.8361096382141113,2.5751068592071533,2.370422601699829,2.3610587120056152,2.1417837142944336,2.3307509422302246,2.4069344997406006,2.5243773460388184,2.7283754348754883,2.7971932888031006,3.1229562759399414,3.220111131668091,3.5993802547454834,3.75856876373291
B8,2.1513774394989014,1.896799921989441,1.5628656148910522,1.5107810497283936,1.125489354133606,1.0699414014816284,0.7615779638290405,0.7674386501312256,0.8552770018577576,0.9230220317840576,1.225640892982483,1.3405232429504395,1.7078688144683838,1.8539073467254639,1.8669370412826538,1.4578455686569214,1.3668644428253174,0.9951460957527161,1.0997710227966309,0.8759538531303406,0.5947229266166687,0.3869868814945221,0.0,0.38383856415748596,0.5543345212936401,0.8741492629051208,1.0921679735183716,1.452531337738037,1.6258771419525146,1.59041428565979,1.4883463382720947,1.5347018241882324,1.1804203987121582,1.2331030368804932,1.2120212316513062,0.8436126708984375,0.9318847060203552,0.8041930794715881,0.9386523365974426,1.0522418022155762,1.23158597946167,1.4558573961257935,1.7539682388305664,2.0158135890960693,1.9846282005310059,1.9416708946228027,2.041165828704834,1.791785717010498,1.7054983377456665,1.8047966957092285,1.5119774341583252,1.7075474262237549,1.6534852981567383,1.7831226587295532,1.894092321395874,2.0242085456848145,2.2255473136901855,2.485966682434082,2.733302593231201,2.6577672958374023,3.003527879714966,2.9998669624328613,2.768676519393921,2.579749345779419,2.6158244609832764,2.4024105072021484,2.6244704723358154,2.6815693378448486,2.829228639602661,3.0136280059814453,3.103569984436035,3.413367509841919,3.518561840057373,3.8935325145721436,4.034034252166748
B9,2.448610305786133,2.164802312850952,1.847937822341919,1.7320990562438965,1.3422929048538208,1.252875804901123,0.8811789155006409,0.9225334525108337,0.849175751209259,0.9544053673744202,1.150476098060608,1.288908839225769,1.6134912967681885,1.7698779106140137,1.8550450801849365,1.8229738473892212,1.7463535070419312,1.369951605796814,1.4443244934082031,1.1954094171524048,0.8897711634635925,0.5848978757858276,0.38383856415748596,0.0,0.3778180181980133,0.5613788366317749,0.8620669841766357,1.170911431312561,1.3868229389190674,1.4347492456436157,1.8440438508987427,1.8804413080215454,1.5109463930130005,1.5619350671768188,1.473227620124817,1.090360403060913,1.0473675727844238,0.8726035952568054,0.8445873260498047,0.9239715337753296,0.9904208779335022,1.2364474534988403,1.478355050086975,1.780174970626831,1.8020707368850708,2.2110352516174316,2.3144288063049316,2.0306012630462646,1.9735749959945679,2.0190107822418213,1.685878872871399,1.8100188970565796,1.706826090812683,1.7666233777999878,1.8382107019424438,1.9048806428909302,2.094352960586548,2.308565616607666,2.575603485107422,2.5248117446899414,3.2295339107513428,3.2290353775024414,2.9753501415252686,2.818575143814087,2.8297393321990967,2.577578544616699,2.7711198329925537,2.786283016204834,2.908996820449829,3.057645797729492,3.1215262413024902,3.413872718811035,3.4865689277648926,3.860629081726074,3.9685933589935303
B10,2.6879849433898926,2.4358038902282715,2.092860698699951,2.0090279579162598,1.6304312944412231,1.5017414093017578,1.138969898223877,1.0546584129333496,0.9331542253494263,0.8852076530456543,1.04985511302948,1.0760736465454102,1.4020402431488037,1.4922748804092407,1.557619333267212,1.8666794300079346,1.8379954099655151,1.4807924032211304,1.6410408020019531,1.4263793230056763,1.1425621509552002,0.8851730823516846,0.5543345212936401,0.3778180181980133,0.0,0.37969347834587097,0.538344144821167,0.902399480342865,1.0824559926986694,1.0814372301101685,1.8415547609329224,1.9428949356079102,1.5951108932495117,1.727370262145996,1.6754447221755981,1.3047585487365723,1.2877501249313354,1.0248626470565796,1.0315563678741455,0.9711422324180603,1.0495880842208862,1.1835908889770508,1.4216738939285278,1.6949634552001953,1.661807656288147,2.2204747200012207,2.382967472076416,2.1279501914978027,2.1232545375823975,2.2110495567321777,1.8824431896209717,2.033653497695923,1.8847094774246216,1.9785332679748535,1.9922410249710083,2.080373525619507,2.2116711139678955,2.428983688354492,2.6610019207000732,2.5653414726257324,3.288597345352173,3.332180976867676,3.108201742172241,2.969275712966919,3.0218355655670166,2.7778396606445312,3.0030171871185303,3.0029232501983643,3.158212423324585,3.290703296661377,3.3814096450805664,3.6574084758758545,3.7459871768951416,4.112468719482422,4.206459999084473
B11,2.9671528339385986,2.6951253414154053,2.3617756366729736,2.2282192707061768,1.855180025100708,1.6968097686767578,1.3113701343536377,1.2501616477966309,1.0198397636413574,1.0036882162094116,1.0292913913726807,1.0762813091278076,1.3213293552398682,1.4237995147705078,1.5761302709579468,2.2073168754577637,2.1927285194396973,1.8261280059814453,1.9615031480789185,1.7391856908798218,1.4281489849090576,1.145094871520996,0.8741492629051208,0.5613788366317749,0.37969347834587097,0.0,0.3828442394733429,0.6208657622337341,0.8928201794624329,1.01667058467865,2.220170497894287,2.313014268875122,1.9569642543792725,2.0712053775787354,1.985767126083374,1.6077959537506104,1.5277156829833984,1.2683775424957275,1.164145827293396,1.076841115951538,1.0186636447906494,1.1425148248672485,1.2797733545303345,1.5922387838363647,1.619158387184143,2.56022572517395,2.719092607498169,2.4435222148895264,2.4466404914855957,2.4979090690612793,2.1489083766937256,2.2488393783569336,2.075585126876831,2.109525203704834,2.0937068462371826,2.1188483238220215,2.2345924377441406,2.3963887691497803,2.643395185470581,2.574625015258789,3.5921900272369385,3.6344125270843506,3.393799066543579,3.273519992828369,3.3043429851531982,3.0357110500335693,3.2349143028259277,3.207524538040161,3.337507724761963,3.443103075027466,3.5073113441467285,3.7680633068084717,3.8246116638183594,4.18789529800415,4.252561569213867
B12,3.212740421295166,2.965581178665161,2.6163182258605957,2.518552303314209,2.1481337547302246,1.9834924936294556,1.6121608018875122,1.484992504119873,1.2653032541275024,1.1360048055648804,1.1384081840515137,1.0485479831695557,1.2675564289093018,1.264675259590149,1.3863203525543213,2.307300090789795,2.318575143814087,1.9773012399673462,2.168360471725464,1.9614914655685425,1.6793086528778076,1.4145448207855225,1.0921679735183716,0.8620669841766357,0.538344144821167,0.3828442394733429,0.0,0.39412474632263184,0.5734078288078308,0.6409526467323303,2.246093511581421,2.3834590911865234,2.0517044067382812,2.2288191318511963,2.165520429611206,1.8037877082824707,1.741761326789856,1.4286495447158813,1.3647315502166748,1.1806108951568604,1.1525568962097168,1.1495057344436646,1.2773648500442505,1.5312243700027466,1.4905650615692139,2.564767599105835,2.7713911533355713,2.522718667984009,2.574016571044922,2.6571555137634277,2.3155694007873535,2.4372665882110596,2.2280960083007812,2.295875072479248,2.2314465045928955,2.2836506366729736,2.342991590499878,2.511612892150879,2.7156126499176025,2.600041627883911,3.6169333457946777,3.6998794078826904,3.487706184387207,3.3879034519195557,3.45544695854187,3.1947197914123535,3.421980857849121,3.3799052238464355,3.541567325592041,3.6319758892059326,3.7246017456054688,3.9687440395355225,4.0446696281433105,4.398624897003174,4.45207405090332
B13,3.5662004947662354,3.3063206672668457,2.963545322418213,2.837395668029785,2.4698264598846436,2.291592836380005,1.9109259843826294,1.7990778684616089,1.5273529291152954,1.415877342224121,1.3210421800613403,1.2276935577392578,1.3389149904251099,1.310562252998352,1.5033656358718872,2.6898531913757324,2.708096981048584,2.361985445022583,2.5401227474212646,2.3237767219543457,2.0300018787384033,1.7465541362762451,1.452531337738037,1.170911431312561,0.902399480342865,0.6208657622337341,0.39412474632263184,0.0,0.37686318159103394,0.650700032711029,2.6325502395629883,2.764827013015747,2.428352117538452,2.600992202758789,2.5126442909240723,2.14867901802063,2.0441770553588867,1.7303911447525024,1.600890040397644,1.391495943069458,1.2673075199127197,1.2155693769454956,1.2199310064315796,1.4730331897735596,1.478936791419983,2.906492233276367,3.1155617237091064,2.8541643619537354,2.9209587574005127,2.978611707687378,2.6233954429626465,2.706784963607788,2.4724740982055664,2.497633457183838,2.3973207473754883,2.400790214538574,2.427849292755127,2.542043685913086,2.7415695190429688,2.640688419342041,3.9209494590759277,4.010551929473877,3.789841890335083,3.7123465538024902,3.76827073097229,3.4881930351257324,3.698291301727295,3.628105878829956,3.7747199535369873,3.8358774185180664,3.9122354984283447,4.135457515716553,4.1874823570251465,4.532769680023193,4.554847240447998
