,A1,A2,A3,A4,A5,A6,A7,A8,A9,A10,A11,A12,A13,A14,A15,B1,B2,B3,B4,B5,B6,B7,B8,B9,B10,B11,B12,B13,B14,B15,C1,C2,C3,C4,C5,C6,C7,C8,C9,C10,C11,C12,C13,C14,C15,D1,D2,D3,D4,D5,D6,D7,D8,D9,D10,D11,D12,D13,D14,D15,E1,E2,E3,E4,E5,E6,E7,E8,E9,E10,E11,E12,E13,E14,E15
A1,0.0,0.37641385197639465,0.6024444699287415,0.8966450691223145,1.2313684225082397,1.4417976140975952,1.8173208236694336,2.0193850994110107,2.353184461593628,2.6070404052734375,2.905003309249878,3.196880340576172,3.502361297607422,3.7037622928619385,3.504051446914673,1.2966821193695068,1.1024954319000244,1.1896175146102905,1.1063861846923828,1.4793974161148071,1.6261481046676636,1.9867336750030518,2.2284460067749023,2.5210986137390137,2.7982468605041504,3.090458869934082,3.369034767150879,3.752269744873047,3.898834705352783,3.6946516036987305,1.8430516719818115,1.7651748657226562,1.7886919975280762,1.5857257843017578,1.916132926940918,1.9499766826629639,2.2657968997955322,2.4844393730163574,2.7402231693267822,3.0138442516326904,3.2800304889678955,3.5612685680389404,3.9443492889404297,4.085465908050537,3.904482364654541,2.511875629425049,2.4913177490234375,2.4350638389587402,2.174298048019409,2.4296436309814453,2.3740971088409424,2.6387150287628174,2.805891513824463,3.0134174823760986,3.2729687690734863,3.4999477863311768,3.786353588104248,4.161634922027588,4.293453216552734,4.113588333129883,3.3423333168029785,3.3569869995117188,3.2954859733581543,2.945801019668579,3.025545835494995,2.892839193344116,3.1460864543914795,3.210599660873413,3.368770122528076,3.5729868412017822,3.7047176361083984,3.994093656539917,4.147107124328613,4.518950939178467,4.62654972076416
A2,0.37641385197639465,0.0,0.4048139750957489,0.6180593371391296,0.9378885626792908,1.2044264078140259,1.5602761507034302,1.8084629774093628,2.13748836517334,2.4160501956939697,2.717651128768921,3.014636278152466,3.3389337062835693,3.539611339569092,3.3550992012023926,1.346329927444458,1.074836015701294,1.0660223960876465,0.8690155744552612,1.1992236375808716,1.3414396047592163,1.6831687688827515,1.9621702432632446,2.239631175994873,2.543278694152832,2.829421043395996,3.127053737640381,3.5085341930389404,3.6655256748199463,3.4783029556274414,1.8079696893692017,1.6674965620040894,1.6289546489715576,1.361515760421753,1.6488372087478638,1.6671279668807983,1.958775281906128,2.197401762008667,2.432600736618042,2.7262885570526123,2.9809012413024902,3.280207633972168,3.6593379974365234,3.815742015838623,3.6533870697021484,2.4372029304504395,2.366753101348877,2.2639641761779785,1.9653795957565308,2.179001808166504,2.1054534912109375,2.341754913330078,2.5160582065582275,2.698575973510742,2.9694020748138428,3.180943727493286,3.48112154006958,3.850360155105591,3.999136447906494,3.8383004665374756,3.2346622943878174,3.2119812965393066,3.112928867340088,2.7491438388824463,2.7884087562561035,2.6395716667175293,2.8662970066070557,2.925163745880127,3.057248592376709,3.2598013877868652,3.372288703918457,3.664273262023926,3.8031017780303955,4.179049015045166,4.284222602844238
A3,0.6024444699287415,0.4048139750957489,0.0,0.37864506244659424,0.6442834734916687,0.8685194849967957,1.2368707656860352,1.439544916152954,1.784265160560608,2.039583206176758,2.3509528636932373,2.6354782581329346,2.959106922149658,3.1506402492523193,2.9575862884521484,1.078974962234497,0.8457409739494324,0.7315124273300171,0.5806224346160889,0.9413790106773376,1.0330352783203125,1.3953338861465454,1.626596450805664,1.9208869934082031,2.197763681411743,2.4943087100982666,2.773527145385742,3.158437967300415,3.3040101528167725,3.1063621044158936,1.5992192029953003,1.5029746294021606,1.399111270904541,1.1616395711898804,1.449591875076294,1.4076770544052124,1.709636926651001,1.900994062423706,2.1512820720672607,2.4154398441314697,2.6815783977508545,2.9591710567474365,3.3426172733306885,3.4840667247772217,3.309027671813965,2.262906551361084,2.2224016189575195,2.0802648067474365,1.8072508573532104,2.008906126022339,1.8853055238723755,2.1265673637390137,2.254988431930542,2.4536235332489014,2.6944284439086914,2.918459177017212,3.1958119869232178,3.5706417560577393,3.701953887939453,3.5264785289764404,3.065701723098755,3.066021680831909,2.946251630783081,2.599679708480835,2.635255813598633,2.448167085647583,2.6763927936553955,2.696277618408203,2.8495547771453857,3.025247097015381,3.158245325088501,3.4312760829925537,3.5905377864837646,3.9558072090148926,4.05812406539917
A4,0.8966450691223145,0.6180593371391296,0.37864506244659424,0.0,0.3973270654678345,0.6000328660011292,0.9505077600479126,1.2247124910354614,1.5326045751571655,1.8333065509796143,2.1217668056488037,2.431828022003174,2.7575361728668213,2.972679376602173,2.8180744647979736,1.3572921752929688,1.1314787864685059,0.8978651165962219,0.653780996799469,0.8904423117637634,0.8601524829864502,1.1725568771362305,1.423836350440979,1.667427659034729,1.970215082168579,2.2356832027435303,2.5418479442596436,2.9160189628601074,3.0945496559143066,2.9342219829559326,1.8361238241195679,1.7123596668243408,1.5289852619171143,1.2421205043792725,1.4419167041778564,1.3196980953216553,1.5591331720352173,1.734442114830017,1.9315029382705688,2.200592279434204,2.4307034015655518,2.724438190460205,3.0951087474823,3.268908977508545,3.129443645477295,2.4609270095825195,2.3872151374816895,2.188523292541504,1.8898264169692993,2.0220835208892822,1.844878911972046,2.0281035900115967,2.1281185150146484,2.27628493309021,2.506073236465454,2.6928422451019287,2.976241111755371,3.336041212081909,3.497304677963257,3.353595018386841,3.221752405166626,3.1936123371124268,3.028825283050537,2.6779658794403076,2.6599044799804688,2.436567783355713,2.618276357650757,2.6025078296661377,2.7151782512664795,2.8614635467529297,2.9600610733032227,3.2166061401367188,3.3471992015838623,3.7137866020202637,3.7901909351348877
A5,1.2313684225082397,0.9378885626792908,0.6442834734916687,0.3973270654678345,0.0,0.3933457136154175,0.6655275821685791,0.9411481022834778,1.2664251327514648,1.5543705224990845,1.8662856817245483,2.151221752166748,2.5008294582366943,2.6887686252593994,2.529350757598877,1.3524898290634155,1.120421290397644,0.7885629534721375,0.5114015936851501,0.5825929641723633,0.46667781472206116,0.7793413996696472,1.0416885614395142,1.3021384477615356,1.6118860244750977,1.8954967260360718,2.199404716491699,2.5794382095336914,2.7433152198791504,2.5787270069122314,1.7116718292236328,1.570629596710205,1.3088934421539307,1.016201376914978,1.1418566703796387,0.9564340710639954,1.1755722761154175,1.3373531103134155,1.5402166843414307,1.8114111423492432,2.0548906326293945,2.348721742630005,2.725356101989746,2.8899362087249756,2.7469968795776367,2.2775449752807617,2.185340642929077,1.9361467361450195,1.641150712966919,1.72344172000885,1.5028467178344727,1.6642042398452759,1.7401789426803589,1.8877482414245605,2.11092472076416,2.3059756755828857,2.586289644241333,2.9512293338775635,3.104736328125,2.95817232131958,2.989004611968994,2.9476065635681152,2.748779296875,2.408057451248169,2.360588312149048,2.1073663234710693,2.2699239253997803,2.228579044342041,2.341456651687622,2.4748408794403076,2.582228899002075,2.8341307640075684,2.9790186882019043,3.341172456741333,3.4274725914001465
A6,1.4417976140975952,1.2044264078140259,0.8685194849967957,0.6000328660011292,0.3933457136154175,0.0,0.3817056119441986,0.6323059797286987,0.9342864155769348,1.2371803522109985,1.525405764579773,1.834664225578308,2.1643800735473633,2.3813443183898926,2.2454893589019775,1.4551926851272583,1.3221638202667236,0.9540180563926697,0.8130324482917786,0.8609009981155396,0.5839680433273315,0.7991818785667419,0.9298542141914368,1.1422348022460938,1.4102580547332764,1.6654090881347656,1.960943579673767,2.3322994709014893,2.5174851417541504,2.3710384368896484,1.8975213766098022,1.8209067583084106,1.5303943157196045,1.3011354207992554,1.398066759109497,1.1313607692718506,1.2945879697799683,1.3465795516967773,1.5098975896835327,1.7172443866729736,1.932386875152588,2.1970489025115967,2.562324047088623,2.735112190246582,2.603843927383423,2.485414743423462,2.4317033290863037,2.161790132522583,1.9060580730438232,1.9636119604110718,1.6912271976470947,1.8209279775619507,1.8153841495513916,1.9415756464004517,2.1018199920654297,2.275094509124756,2.5189971923828125,2.871844530105591,3.0251829624176025,2.883533477783203,3.1894400119781494,3.1733665466308594,2.9600830078125,2.645071506500244,2.588914632797241,2.300825357437134,2.442598819732666,2.343451499938965,2.454535961151123,2.532076120376587,2.6354353427886963,2.8438949584960938,2.9843437671661377,3.3290352821350098,3.3827850818634033
A7,1.8173208236694336,1.5602761507034302,1.2368707656860352,0.9505077600479126,0.6655275821685791,0.3817056119441986,0.0,0.4002019166946411,0.6222004294395447,0.9585402011871338,1.2319629192352295,1.5413953065872192,1.884295105934143,2.100823402404785,1.9986759424209595,1.7261072397232056,1.6051169633865356,1.2104671001434326,1.0740147829055786,0.9838821291923523,0.6072715520858765,0.6181374192237854,0.6648170351982117,0.7909147143363953,1.0665910243988037,1.2964082956314087,1.6095325946807861,1.9735959768295288,2.1774179935455322,2.062386989593506,2.0799877643585205,1.9957693815231323,1.6536582708358765,1.437463402748108,1.434666395187378,1.096331000328064,1.152022361755371,1.124611258506775,1.2184016704559326,1.3958066701889038,1.5780304670333862,1.8423458337783813,2.1974802017211914,2.3880176544189453,2.2842087745666504,2.5983192920684814,2.5275256633758545,2.213024377822876,1.9697786569595337,1.9553083181381226,1.6335135698318481,1.6930906772613525,1.62387216091156,1.700016736984253,1.8184319734573364,1.959792137145996,2.1893560886383057,2.5286452770233154,2.6950511932373047,2.575576066970825,3.2335784435272217,3.2006702423095703,2.9484167098999023,2.652350425720215,2.551748514175415,2.229998826980591,2.321422576904297,2.171398878097534,2.252751588821411,2.2827653884887695,2.366694688796997,2.5436904430389404,2.673245906829834,3.0067312717437744,3.041715621948242
A8,2.0193850994110107,1.8084629774093628,1.439544916152954,1.2247124910354614,0.9411481022834778,0.6323059797286987,0.4002019166946411,0.0,0.38860929012298584,0.6149408221244812,0.9403380751609802,1.2142882347106934,1.560811996459961,1.7552528381347656,1.6236776113510132,1.6770840883255005,1.6386809349060059,1.2423144578933716,1.2262431383132935,1.135680079460144,0.7753230333328247,0.7640107870101929,0.5841936469078064,0.730363130569458,0.8661996126174927,1.1251825094223022,1.3717268705368042,1.7459734678268433,1.9147148132324219,1.7656173706054688,2.023827314376831,2.0052452087402344,1.6513890027999878,1.5260577201843262,1.5248628854751587,1.170571208000183,1.226935863494873,1.0894361734390259,1.2109129428863525,1.289194107055664,1.4957654476165771,1.6907539367675781,2.049999713897705,2.19594669342041,2.05601167678833,2.5325400829315186,2.5104527473449707,2.19187331199646,2.012014389038086,2.0011138916015625,1.660445213317871,1.7322279214859009,1.5953571796417236,1.7072086334228516,1.7599700689315796,1.9284175634384155,2.100205421447754,2.4436731338500977,2.563689708709717,2.4088478088378906,3.14876651763916,3.154289722442627,2.904937744140625,2.647263288497925,2.5664210319519043,2.229094982147217,2.3308980464935303,2.144179582595825,2.266892194747925,2.2627809047698975,2.387725353240967,2.532343864440918,2.69966721534729,3.0047945976257324,3.0438344478607178
A9,2.353184461593628,2.13748836517334,1.784265160560608,1.5326045751571655,1.2664251327514648,0.9342864155769348,0.6222004294395447,0.38860929012298584,0.0,0.389056533575058,0.6099396347999573,0.9359708428382874,1.265802025794983,1.5044831037521362,1.4513866901397705,2.050982713699341,2.0265603065490723,1.630880355834961,1.6007081270217896,1.4835290908813477,1.1038979291915894,0.9864492416381836,0.7466248273849487,0.681840181350708,0.7260136604309082,0.8666828274726868,1.1189205646514893,1.4598184823989868,1.680224061012268,1.5981909036636353,2.39101505279541,2.374455451965332,2.007948875427246,1.88235342502594,1.8353365659713745,1.4589719772338867,1.4296334981918335,1.225311517715454,1.2337995767593384,1.231694221496582,1.3478977680206299,1.5105196237564087,1.8298470973968506,2.0081210136413574,1.9202429056167603,2.8673934936523438,2.840021848678589,2.50211763381958,2.3303377628326416,2.2744479179382324,1.9113547801971436,1.919198989868164,1.7261152267456055,1.7680765390396118,1.753859043121338,1.8580580949783325,1.9904494285583496,2.295166254043579,2.4352283477783203,2.318784713745117,3.4366016387939453,3.434054136276245,3.1606104373931885,2.920776605606079,2.8075242042541504,2.4514565467834473,2.504424810409546,2.2721235752105713,2.3545114994049072,2.2895877361297607,2.3785927295684814,2.4695870876312256,2.6067557334899902,2.8879261016845703,2.882822036743164
A10,2.6070404052734375,2.4160501956939697,2.039583206176758,1.8333065509796143,1.5543705224990845,1.2371803522109985,0.9585402011871338,0.6149408221244812,0.389056533575058,0.0,0.37899813055992126,0.5999067425727844,0.9519544243812561,1.1476218700408936,1.0647729635238647,2.1190903186798096,2.1493492126464844,1.7686574459075928,1.808288812637329,1.6801576614379883,1.3298407793045044,1.204850435256958,0.8650797605514526,0.8047088980674744,0.6486661434173584,0.7821748852729797,0.9037325978279114,1.2421404123306274,1.409254550933838,1.2916067838668823,2.4132657051086426,2.4426920413970947,2.0746803283691406,2.0197908878326416,1.9632339477539062,1.5931261777877808,1.5561847686767578,1.2787870168685913,1.3001331090927124,1.1922271251678467,1.3182672262191772,1.3852853775024414,1.6931496858596802,1.8126314878463745,1.6885557174682617,2.849219799041748,2.8573782444000244,2.519052028656006,2.404777765274048,2.343418836593628,1.9763578176498413,1.9849157333374023,1.7386482954025269,1.8040270805358887,1.7237128019332886,1.8469927310943604,1.9116084575653076,2.2094290256500244,2.295496940612793,2.146059989929199,3.3739125728607178,3.40031361579895,3.128387928009033,2.929917573928833,2.829439401626587,2.4669458866119385,2.5202393531799316,2.257990598678589,2.3714771270751953,2.273294448852539,2.3977181911468506,2.453709363937378,2.625842571258545,2.872058153152466,2.8742852210998535
A11,2.905003309249878,2.717651128768921,2.3509528636932373,2.1217668056488037,1.8662856817245483,1.525405764579773,1.2319629192352295,0.9403380751609802,0.6099396347999573,0.37899813055992126,0.0,0.3921109437942505,0.6627652049064636,0.947926938533783,0.993110716342926,2.4690496921539307,2.511324882507324,2.1313273906707764,2.160886526107788,2.0362768173217773,1.6719695329666138,1.5193547010421753,1.192574143409729,1.0354622602462769,0.830255925655365,0.7821464538574219,0.8407378792762756,1.0850569009780884,1.3078465461730957,1.2813401222229004,2.7871053218841553,2.8216631412506104,2.452929973602295,2.3910651206970215,2.321962594985962,1.9445581436157227,1.8718969821929932,1.578047513961792,1.52670419216156,1.3655589818954468,1.3930948972702026,1.4043437242507935,1.6398078203201294,1.7826893329620361,1.7188270092010498,3.2173960208892822,3.226900815963745,2.883086681365967,2.7706124782562256,2.6899850368499756,2.315875768661499,2.2896811962127686,2.0186715126037598,2.0329723358154297,1.904463768005371,1.9655829668045044,1.9845006465911865,2.2288553714752197,2.3275389671325684,2.21865177154541,3.7186503410339355,3.7438552379608154,3.4612133502960205,3.274531602859497,3.1569876670837402,2.7875897884368896,2.810107707977295,2.522651433944702,2.6041760444641113,2.461155891418457,2.552006483078003,2.557567834854126,2.696871280670166,2.9124534130096436,2.8680858612060547
A12,3.196880340576172,3.014636278152466,2.6354782581329346,2.431828022003174,2.151221752166748,1.834664225578308,1.5413953065872192,1.2142882347106934,0.9359708428382874,0.5999067425727844,0.3921109437942505,0.0,0.393304705619812,0.5724990963935852,0.6353951096534729,2.626594066619873,2.693549871444702,2.326601982116699,2.390247106552124,2.239166021347046,1.8991427421569824,1.725816011428833,1.3541791439056396,1.1983534097671509,0.8839814066886902,0.8059563636779785,0.6754425764083862,0.8627609014511108,1.0066475868225098,0.9648480415344238,2.870368719100952,2.927625894546509,2.5574965476989746,2.545030355453491,2.4516773223876953,2.0853271484375,1.9916332960128784,1.6521159410476685,1.5970317125320435,1.3532817363739014,1.3725497722625732,1.279655933380127,1.4780945777893066,1.5517975091934204,1.4643025398254395,3.236060619354248,3.2631545066833496,2.917024850845337,2.851731300354004,2.752624273300171,2.3811326026916504,2.3405990600585938,2.0288727283477783,2.0483298301696777,1.8595625162124634,1.925358533859253,1.8736544847488403,2.096168279647827,2.1391804218292236,2.008394956588745,3.6692054271698,3.7090742588043213,3.422576904296875,3.277501106262207,3.1610069274902344,2.790653705596924,2.7996301651000977,2.4866678714752197,2.583212375640869,2.405965566635132,2.520770788192749,2.4880661964416504,2.655038833618164,2.830129623413086,2.7942004203796387
A13,3.502361297607422,3.3389337062835693,2.959106922149658,2.7575361728668213,2.5008294582366943,2.1643800735473633,1.884295105934143,1.560811996459961,1.265802025794983,0.9519544243812561,0.6627652049064636,0.393304705619812,0.0,0.3944404721260071,0.6449827551841736,2.9285032749176025,3.02548885345459,2.668074369430542,2.7484397888183594,2.6175575256347656,2.2752859592437744,2.1116273403167725,1.7450650930404663,1.5782463550567627,1.2643427848815918,1.1266812086105347,0.938350260257721,0.9729594588279724,1.100433588027954,1.1265411376953125,3.202866554260254,3.2842581272125244,2.9235801696777344,2.923288106918335,2.8406803607940674,2.4763433933258057,2.384258508682251,2.041572093963623,1.9716696739196777,1.707123041152954,1.6811612844467163,1.5361400842666626,1.6540284156799316,1.7086673974990845,1.6551547050476074,3.5735585689544678,3.6210501194000244,3.2825911045074463,3.2318389415740967,3.136835813522339,2.7676689624786377,2.724308490753174,2.403143882751465,2.4106669425964355,2.195302963256836,2.232330083847046,2.1373543739318848,2.3100082874298096,2.337054491043091,2.225001811981201,3.995297431945801,4.0519022941589355,3.7705814838409424,3.6422407627105713,3.530607223510742,3.161670684814453,3.1646504402160645,2.8416481018066406,2.9328317642211914,2.7316975593566895,2.8358864784240723,2.76654314994812,2.917970657348633,3.0579593181610107,2.9910430908203125
A14,3.7037622928619385,3.539611339569092,3.1506402492523193,2.972679376602173,2.6887686252593994,2.3813443183898926,2.100823402404785,1.7552528381347656,1.5044831037521362,1.1476218700408936,0.947926938533783,0.5724990963935852,0.3944404721260071,0.0,0.39255040884017944,3.012718677520752,3.1210598945617676,2.7782387733459473,2.8825418949127197,2.726146936416626,2.411587953567505,2.2357993125915527,1.8458011150360107,1.698373556137085,1.3368819952011108,1.223273515701294,0.9306415915489197,0.9148868322372437,0.896271288394928,0.8761563301086426,3.202876329421997,3.2980432510375977,2.9408223628997803,2.9829273223876953,2.8794212341308594,2.5334560871124268,2.429699659347534,2.0631954669952393,2.0046191215515137,1.6946313381195068,1.6840870380401611,1.4672096967697144,1.558967113494873,1.5253071784973145,1.4300886392593384,3.503455877304077,3.563077926635742,3.227473020553589,3.2195546627044678,3.1105940341949463,2.7527308464050293,2.70233154296875,2.358433246612549,2.3796868324279785,2.127192974090576,2.1816370487213135,2.034137010574341,2.1937479972839355,2.1574063301086426,2.013611078262329,3.8546488285064697,3.9225101470947266,3.641916513442993,3.5528669357299805,3.4456589221954346,3.0836832523345947,3.0788357257843018,2.7439470291137695,2.853492498397827,2.634843587875366,2.767561197280884,2.6764841079711914,2.8609671592712402,2.9683616161346436,2.926199436187744
A15,3.504051446914673,3.3550992012023926,2.9575862884521484,2.8180744647979736,2.529350757598877,2.2454893589019775,1.9986759424209595,1.6236776113510132,1.4513866901397705,1.0647729635238647,0.993110716342926,0.6353951096534729,0.6449827551841736,0.39255040884017944,0.0,2.7136683464050293,2.8418314456939697,2.5208237171173096,2.6619625091552734,2.515665054321289,2.2346701622009277,2.0943610668182373,1.6957520246505737,1.6263400316238403,1.2682757377624512,1.2684699296951294,0.9975113272666931,1.100377082824707,1.0059045553207397,0.8180553317070007,2.8706305027008057,2.989537477493286,2.6482017040252686,2.7290351390838623,2.6452741622924805,2.322911262512207,2.2573695182800293,1.8968095779418945,1.9074935913085938,1.615319013595581,1.6925430297851562,1.4984210729599,1.6636744737625122,1.5823774337768555,1.3904221057891846,3.15934681892395,3.242926836013794,2.924304485321045,2.944626569747925,2.8614909648895264,2.5203230381011963,2.509489059448242,2.1776437759399414,2.2587218284606934,2.0310146808624268,2.152865171432495,2.027229070663452,2.2403979301452637,2.1682403087615967,1.9596730470657349,3.5148844718933105,3.6057450771331787,3.345398187637329,3.2666399478912354,3.1904618740081787,2.8401153087615967,2.8712637424468994,2.555457592010498,2.71248459815979,2.5294103622436523,2.7097792625427246,2.658644199371338,2.8873136043548584,3.016113519668579,3.0233068466186523
B1,1.2966821193695068,1.346329927444458,1.078974962234497,1.3572921752929688,1.3524898290634155,1.4551926851272583,1.7261072397232056,1.6770840883255005,2.050982713699341,2.1190903186798096,2.4690496921539307,2.626594066619873,2.9285032749176025,3.012718677520752,2.7136683464050293,0.0,0.4028090834617615,0.6053273677825928,0.9659083485603333,1.2412279844284058,1.408953070640564,1.7540827989578247,1.8080953359603882,2.1827187538146973,2.3178298473358154,2.673893451690674,2.8306140899658203,3.2189791202545166,3.2454326152801514,2.945094108581543,0.8082299828529358,0.9990283846855164,1.0285310745239258,1.1441365480422974,1.4999300241470337,1.5374516248703003,1.9002991914749146,1.9992220401763916,2.354097366333008,2.5218331813812256,2.8669304847717285,3.045719861984253,3.4416160583496094,3.464721918106079,3.1867306232452393,1.5626296997070312,1.7088009119033813,1.6647735834121704,1.5942901372909546,1.8988934755325317,1.8337504863739014,2.172894239425659,2.2584331035614014,2.5788426399230957,2.7638041973114014,3.079368829727173,3.2805392742156982,3.6785380840301514,3.6953470706939697,3.4229211807250977,2.4120545387268066,2.544785261154175,2.5124616622924805,2.25773024559021,2.421966552734375,2.273714780807495,2.590895414352417,2.619044065475464,2.8960931301116943,3.0756876468658447,3.3190226554870605,3.5785226821899414,3.8353018760681152,4.159446716308594,4.318114280700684
B2,1.1024954319000244,1.074836015701294,0.8457409739494324,1.1314787864685059,1.120421290397644,1.3221638202667236,1.6051169633865356,1.6386809349060059,2.0265603065490723,2.1493492126464844,2.511324882507324,2.693549871444702,3.02548885345459,3.1210598945617676,2.8418314456939697,0.4028090834617615,0.0,0.4033512771129608,0.6590201258659363,0.9517831206321716,1.1965709924697876,1.5564011335372925,1.6923636198043823,2.0692312717437744,2.261523723602295,2.620867967605591,2.8178319931030273,3.2136244773864746,3.2600977420806885,2.978968381881714,0.7767728567123413,0.7918511033058167,0.8140795826911926,0.826826274394989,1.211051344871521,1.297135353088379,1.6722482442855835,1.8398041725158691,2.1896159648895264,2.409745931625366,2.751624822616577,2.970808744430542,3.371192216873169,3.4199752807617188,3.1635637283325195,1.4943612813949585,1.547106146812439,1.484135389328003,1.334808111190796,1.6421539783477783,1.600998878479004,1.939644694328308,2.0784385204315186,2.38337779045105,2.6123180389404297,2.9186501502990723,3.1563045978546143,3.55535888671875,3.5998244285583496,3.3501358032226562,2.3399465084075928,2.4113845825195312,2.3580410480499268,2.0592687129974365,2.197382688522339,2.060636043548584,2.3706777095794678,2.430474042892456,2.6810388565063477,2.8896825313568115,3.1115033626556396,3.396202802658081,3.635117769241333,3.9760024547576904,4.1415486335754395
B3,1.1896175146102905,1.0660223960876465,0.7315124273300171,0.8978651165962219,0.7885629534721375,0.9540180563926697,1.2104671001434326,1.2423144578933716,1.630880355834961,1.7686574459075928,2.1313273906707764,2.326601982116699,2.668074369430542,2.7782387733459473,2.5208237171173096,0.6053273677825928,0.4033512771129608,0.0,0.3923752009868622,0.6526768803596497,0.8194798231124878,1.1804759502410889,1.3040659427642822,1.6754528284072876,1.8752158880233765,2.2284696102142334,2.438939094543457,2.835237741470337,2.9022953510284424,2.641388177871704,0.9756980538368225,0.9498825669288635,0.7805630564689636,0.7085138559341431,1.0292468070983887,1.0046743154525757,1.3630646467208862,1.500643014907837,1.8342654705047607,2.0496232509613037,2.379369020462036,2.6043753623962402,3.0032777786254883,3.0717220306396484,2.834873914718628,1.6424585580825806,1.6560044288635254,1.4925299882888794,1.3065471649169922,1.5356202125549316,1.4053025245666504,1.7063024044036865,1.8018162250518799,2.082364797592163,2.2942452430725098,2.583404064178467,2.819714069366455,3.2149033546447754,3.277327299118042,3.0448832511901855,2.439103603363037,2.4828176498413086,2.364622116088867,2.0598630905151367,2.134556770324707,1.9353127479553223,2.2058844566345215,2.213940382003784,2.442211627960205,2.617217540740967,2.8225629329681396,3.0895800590515137,3.3165290355682373,3.6571383476257324,3.802032709121704
B4,1.1063861846923828,0.8690155744552612,0.5806224346160889,0.653780996799469,0.5114015936851501,0.8130324482917786,1.0740147829055786,1.2262431383132935,1.6007081270217896,1.808288812637329,2.160886526107788,2.390247106552124,2.7484397888183594,2.8825418949127197,2.6619625091552734,0.9659083485603333,0.6590201258659363,0.3923752009868622,0.0,0.3982403576374054,0.6202513575553894,0.9921705722808838,1.2271416187286377,1.5697945356369019,1.8379148244857788,2.1733012199401855,2.432105779647827,2.826111078262329,2.9284050464630127,2.7046635150909424,1.2307850122451782,1.0788898468017578,0.8758392333984375,0.6133671402931213,0.8857600688934326,0.8565948009490967,1.1943089962005615,1.4034481048583984,1.6994595527648926,1.970625638961792,2.275465488433838,2.545992374420166,2.9404451847076416,3.0491137504577637,2.850698947906494,1.8142802715301514,1.7407704591751099,1.5445876121520996,1.269914984703064,1.4491872787475586,1.3121899366378784,1.572881817817688,1.7094933986663818,1.9429523944854736,2.1937155723571777,2.452141046524048,2.726752996444702,3.1141226291656494,3.2180614471435547,3.0232694149017334,2.568500518798828,2.5506014823913574,2.399904251098633,2.058633804321289,2.079425096511841,1.8762664794921875,2.110520601272583,2.1314918994903564,2.3086345195770264,2.4969496726989746,2.661050319671631,2.9445817470550537,3.1377437114715576,3.4962854385375977,3.632809638977051
B5,1.4793974161148071,1.1992236375808716,0.9413790106773376,0.8904423117637634,0.5825929641723633,0.8609009981155396,0.9838821291923523,1.135680079460144,1.4835290908813477,1.6801576614379883,2.0362768173217773,2.239166021347046,2.6175575256347656,2.726146936416626,2.515665054321289,1.2412279844284058,0.9517831206321716,0.6526768803596497,0.3982403576374054,0.0,0.39129960536956787,0.6863422393798828,0.9590590596199036,1.2967251539230347,1.5797635316848755,1.918919563293457,2.1814589500427246,2.5711522102355957,2.664283514022827,2.4499475955963135,1.3118339776992798,1.1046282052993774,0.79352205991745,0.4746617078781128,0.5677580833435059,0.47156718373298645,0.8005161285400391,1.042709231376648,1.3391376733779907,1.6326875686645508,1.9423760175704956,2.2245116233825684,2.6174721717834473,2.7261362075805664,2.537619113922119,1.7640278339385986,1.6340265274047852,1.3636797666549683,1.0637730360031128,1.150854229927063,0.9606970548629761,1.1877554655075073,1.3266136646270752,1.549866795539856,1.8145289421081543,2.0739634037017822,2.3589982986450195,2.746112108230591,2.854041576385498,2.669743061065674,2.4293127059936523,2.370399236679077,2.167611837387085,1.8255711793899536,1.788979172706604,1.5510433912277222,1.751199722290039,1.755218744277954,1.9162429571151733,2.1029934883117676,2.263854503631592,2.5519707202911377,2.7486021518707275,3.107144594192505,3.2544710636138916
B6,1.6261481046676636,1.3414396047592163,1.0330352783203125,0.8601524829864502,0.46667781472206116,0.5839680433273315,0.6072715520858765,0.7753230333328247,1.1038979291915894,1.3298407793045044,1.6719695329666138,1.8991427421569824,2.2752859592437744,2.411587953567505,2.2346701622009277,1.408953070640564,1.1965709924697876,0.8194798231124878,0.6202513575553894,0.39129960536956787,0.0,0.3821204900741577,0.6416736841201782,0.9574071764945984,1.2554397583007812,1.576642394065857,1.8590788841247559,2.2468483448028564,2.374178886413574,2.1906590461730957,1.5897754430770874,1.44107186794281,1.0935187339782715,0.8411414623260498,0.839810311794281,0.549070417881012,0.7460817098617554,0.879250705242157,1.1215126514434814,1.3901338577270508,1.6707077026367188,1.9542567729949951,2.342531681060791,2.4795491695404053,2.3184242248535156,2.056647539138794,1.9496533870697021,1.6431070566177368,1.3743383884429932,1.3896898031234741,1.1101477146148682,1.2500861883163452,1.287237524986267,1.4557218551635742,1.6687978506088257,1.8927890062332153,2.1631579399108887,2.5406908988952637,2.670395851135254,2.5077080726623535,2.6933529376983643,2.6417980194091797,2.405932903289795,2.087441921234131,2.0104191303253174,1.7206143140792847,1.8653403520584106,1.7906248569488525,1.91962468624115,2.0399856567382812,2.175124168395996,2.4231972694396973,2.600677490234375,2.9530885219573975,3.0621869564056396
B7,1.9867336750030518,1.6831687688827515,1.3953338861465454,1.1725568771362305,0.7793413996696472,0.7991818785667419,0.6181374192237854,0.7640107870101929,0.9864492416381836,1.204850435256958,1.5193547010421753,1.725816011428833,2.1116273403167725,2.2357993125915527,2.0943610668182373,1.7540827989578247,1.5564011335372925,1.1804759502410889,0.9921705722808838,0.6863422393798828,0.3821204900741577,0.0,0.4010542929172516,0.6366535425186157,0.9741458892822266,1.2743399143218994,1.5763047933578491,1.9517308473587036,2.0917937755584717,1.9435096979141235,1.8557941913604736,1.6939188241958618,1.312212347984314,1.0800719261169434,0.9349533915519714,0.5650985240936279,0.5371127128601074,0.5984418392181396,0.7611607909202576,1.0488628149032593,1.3066482543945312,1.6116654872894287,1.992644190788269,2.1513097286224365,2.0234920978546143,2.2288477420806885,2.0922460556030273,1.7402368783950806,1.4827656745910645,1.3940494060516357,1.056646466255188,1.08072829246521,1.0493320226669312,1.1457630395889282,1.3385204076766968,1.531096339225769,1.808194637298584,2.176988124847412,2.328752279281616,2.195713520050049,2.7725112438201904,2.690690755844116,2.408083438873291,2.1090104579925537,1.968619704246521,1.641674518585205,1.712945818901062,1.5815348625183105,1.6621265411376953,1.7378458976745605,1.845284104347229,2.073500394821167,2.2378036975860596,2.587916612625122,2.6854403018951416
B8,2.2284460067749023,1.9621702432632446,1.626596450805664,1.423836350440979,1.0416885614395142,0.9298542141914368,0.6648170351982117,0.5841936469078064,0.7466248273849487,0.8650797605514526,1.192574143409729,1.3541791439056396,1.7450650930404663,1.8458011150360107,1.6957520246505737,1.8080953359603882,1.6923636198043823,1.3040659427642822,1.2271416187286377,0.9590590596199036,0.6416736841201782,0.4010542929172516,0.0,0.38870638608932495,0.6216208338737488,0.9664012789726257,1.2255923748016357,1.614598035812378,1.7338627576828003,1.5668660402297974,1.9162852764129639,1.824597716331482,1.4254108667373657,1.2943854331970215,1.1531132459640503,0.7659653425216675,0.6991017460823059,0.5081521272659302,0.6631642580032349,0.8117918372154236,1.0942175388336182,1.3377987146377563,1.7285956144332886,1.858051061630249,1.7066407203674316,2.275853395462036,2.1890547275543213,1.8240718841552734,1.641297698020935,1.5417115688323975,1.1709777116775513,1.1781874895095825,1.0188894271850586,1.1277530193328857,1.2113341093063354,1.4172275066375732,1.6267250776290894,1.9983316659927368,2.1143152713775635,1.9554316997528076,2.7865447998046875,2.741124391555786,2.4501802921295166,2.1988158226013184,2.0665462017059326,1.7113678455352783,1.7720543146133423,1.571470022201538,1.6827048063278198,1.6897408962249756,1.8291947841644287,2.0023915767669678,2.196820020675659,2.5133700370788574,2.5991783142089844
B9,2.5210986137390137,2.239631175994873,1.9208869934082031,1.667427659034729,1.3021384477615356,1.1422348022460938,0.7909147143363953,0.730363130569458,0.681840181350708,0.8047088980674744,1.0354622602462769,1.1983534097671509,1.5782463550567627,1.698373556137085,1.6263400316238403,2.1827187538146973,2.0692312717437744,1.6754528284072876,1.5697945356369019,1.2967251539230347,0.9574071764945984,0.6366535425186157,0.38870638608932495,0.0,0.3881431818008423,0.63844233751297,0.9607868194580078,1.3250867128372192,1.5028048753738403,1.4181935787200928,2.3014936447143555,2.201521158218384,1.799200415611267,1.6512043476104736,1.468204379081726,1.082342505455017,0.9009068012237549,0.65169358253479,0.5574065446853638,0.6256681084632874,0.7946659326553345,1.0619617700576782,1.4289295673370361,1.6168372631072998,1.5386552810668945,2.629215717315674,2.5256524085998535,2.145453453063965,1.9609899520874023,1.8074339628219604,1.4266631603240967,1.3376110792160034,1.1191433668136597,1.0993006229400635,1.1055902242660522,1.2156107425689697,1.4083104133605957,1.7457040548324585,1.9071650505065918,1.8071986436843872,3.084289789199829,3.0178821086883545,2.6990714073181152,2.4632277488708496,2.2855021953582764,1.9171501398086548,1.905688762664795,1.6553195714950562,1.693257212638855,1.625500202178955,1.703613519668579,1.8216910362243652,1.9729305505752563,2.276994466781616,2.3174357414245605
B10,2.7982468605041504,2.543278694152832,2.197763681411743,1.970215082168579,1.6118860244750977,1.4102580547332764,1.0665910243988037,0.8661996126174927,0.7260136604309082,0.6486661434173584,0.830255925655365,0.8839814066886902,1.2643427848815918,1.3368819952011108,1.2682757377624512,2.3178298473358154,2.261523723602295,1.8752158880233765,1.8379148244857788,1.5797635316848755,1.2554397583007812,0.9741458892822266,0.6216208338737488,0.3881431818008423,0.0,0.3805554211139679,0.6058905124664307,0.9932379722595215,1.139499306678772,1.0420435667037964,2.4191854000091553,2.3688580989837646,1.9659677743911743,1.887384057044983,1.7073627710342407,1.3317183256149292,1.1555982828140259,0.8152686953544617,0.716783344745636,0.5500768423080444,0.6946295499801636,0.8270230293273926,1.1924326419830322,1.335399866104126,1.2345283031463623,2.715031623840332,2.6493074893951416,2.267918825149536,2.144224166870117,1.985529899597168,1.6015311479568481,1.507826805114746,1.2135915756225586,1.2037150859832764,1.0906826257705688,1.198936104774475,1.2873884439468384,1.6095949411392212,1.7201447486877441,1.5949422121047974,3.1227800846099854,3.0855252742767334,2.7642903327941895,2.5751993656158447,2.4069910049438477,2.0295932292938232,2.0085456371307373,1.711939811706543,1.7748745679855347,1.645268440246582,1.7529224157333374,1.8069393634796143,1.9875702857971191,2.2427163124084473,2.273674726486206
B11,3.090458869934082,2.829421043395996,2.4943087100982666,2.2356832027435303,1.8954967260360718,1.6654090881347656,1.2964082956314087,1.1251825094223022,0.8666828274726868,0.7821748852729797,0.7821464538574219,0.8059563636779785,1.1266812086105347,1.223273515701294,1.2684699296951294,2.673893451690674,2.620867967605591,2.2284696102142334,2.1733012199401855,1.918919563293457,1.576642394065857,1.2743399143218994,0.9664012789726257,0.63844233751297,0.3805554211139679,0.0,0.3846261501312256,0.7032426595687866,0.9525009393692017,0.9931697845458984,2.7993226051330566,2.7462010383605957,2.342240333557129,2.2480313777923584,2.0543081760406494,1.6771990060806274,1.4637489318847656,1.1342229843139648,0.9283187389373779,0.6985084414482117,0.6188868284225464,0.6833143830299377,0.9657468795776367,1.1794075965881348,1.1842842102050781,3.0870747566223145,3.01410174369812,2.62703800201416,2.4993510246276855,2.3159019947052,1.9321409463882446,1.7919032573699951,1.4819951057434082,1.3874646425247192,1.2104227542877197,1.2039732933044434,1.2334234714508057,1.481627106666565,1.6311192512512207,1.5778088569641113,3.4633469581604004,3.4152064323425293,3.079446315765381,2.9019522666931152,2.707991361618042,2.3287529945373535,2.2622389793395996,1.9409172534942627,1.947139024734497,1.7568491697311401,1.803743600845337,1.787161111831665,1.914853572845459,2.1358001232147217,2.1063907146453857
B12,3.369034767150879,3.127053737640381,2.773527145385742,2.5418479442596436,2.199404716491699,1.960943579673767,1.6095325946807861,1.3717268705368042,1.1189205646514893,0.9037325978279114,0.8407378792762756,0.6754425764083862,0.938350260257721,0.9306415915489197,0.9975113272666931,2.8306140899658203,2.8178319931030273,2.438939094543457,2.432105779647827,2.1814589500427246,1.8590788841247559,1.5763047933578491,1.2255923748016357,0.9607868194580078,0.6058905124664307,0.3846261501312256,0.0,0.39690616726875305,0.5841569304466248,0.6460556983947754,2.9219186305999756,2.9052658081054688,2.5069093704223633,2.467087984085083,2.273303985595703,1.9113056659698486,1.706304907798767,1.3401763439178467,1.166388750076294,0.8426638841629028,0.7598665356636047,0.6092131733894348,0.8235945105552673,0.945003867149353,0.9280213713645935,3.1678004264831543,3.124577283859253,2.742403507232666,2.6663126945495605,2.48032808303833,2.1040396690368652,1.9666980504989624,1.618538498878479,1.5456957817077637,1.2945870161056519,1.2961061000823975,1.2134931087493896,1.4236173629760742,1.496719241142273,1.4154174327850342,3.4898970127105713,3.466120958328247,3.1328628063201904,2.999575614929199,2.8169493675231934,2.4395413398742676,2.368443489074707,2.0220296382904053,2.0535311698913574,1.8237048387527466,1.9024722576141357,1.8325861692428589,1.9920282363891602,2.1554110050201416,2.1276628971099854
B13,3.752269744873047,3.5085341930389404,3.158437967300415,2.9160189628601074,2.5794382095336914,2.3322994709014893,1.9735959768295288,1.7459734678268433,1.4598184823989868,1.2421404123306274,1.0850569009780884,0.8627609014511108,0.9729594588279724,0.9148868322372437,1.100377082824707,3.2189791202545166,3.2136244773864746,2.835237741470337,2.826111078262329,2.5711522102355957,2.2468483448028564,1.9517308473587036,1.614598035812378,1.3250867128372192,0.9932379722595215,0.7032426595687866,0.39690616726875305,0.0,0.3912915885448456,0.6893007755279541,3.3024840354919434,3.2890050411224365,2.8910253047943115,2.854877233505249,2.6465134620666504,2.2894351482391357,2.061553955078125,1.697103500366211,1.4825546741485596,1.1396368741989136,0.9536498785018921,0.69404536485672,0.6916056871414185,0.8121705651283264,0.9193750023841858,3.5198116302490234,3.475832939147949,3.0914900302886963,3.0274648666381836,2.820814371109009,2.4501736164093018,2.282620906829834,1.9224475622177124,1.805120825767517,1.5075393915176392,1.432863473892212,1.2650257349014282,1.365121603012085,1.4295744895935059,1.4140113592147827,3.792182445526123,3.7642300128936768,3.421564817428589,3.312457323074341,3.1135475635528564,2.7401273250579834,2.634188175201416,2.270583152770996,2.2677810192108154,1.9894651174545288,2.0311362743377686,1.8877339363098145,2.0107643604278564,2.109510898590088,2.032212734222412
