,A1,A2,A3,A4,A5,A6,A7,A8,A9,A10,A11,A12,A13,A14,A15,B1,B2,B3,B4,B5,B6,B7,B8,B9,B10,B11,B12,B13,B14,B15,C1,C2,C3,C4,C5,C6,C7,C8,C9,C10,C11,C12,C13,C14,C15,D1,D2,D3,D4,D5,D6,D7,D8,D9,D10,D11,D12,D13,D14,D15,E1,E2,E3,E4,E5,E6,E7,E8,E9,E10,E11,E12,E13,E14,E15
A1,0.0,0.39100611209869385,0.6003220081329346,0.8813809752464294,1.2022219896316528,1.3820637464523315,1.7495019435882568,1.8771028518676758,2.2319812774658203,2.4149560928344727,2.7401111125946045,2.96144700050354,3.3049204349517822,3.50632643699646,3.359039545059204,1.3722355365753174,1.1680841445922852,1.22708261013031,1.0551867485046387,1.3866521120071411,1.5448753833770752,1.917590618133545,2.118443727493286,2.442516326904297,2.6705682277679443,2.979491949081421,3.23537540435791,3.6006669998168945,3.7420055866241455,3.6190741062164307,1.9916777610778809,1.8108911514282227,1.7572741508483887,1.528990387916565,1.8090095520019531,1.8527404069900513,2.190039873123169,2.3930795192718506,2.6860218048095703,2.9215824604034424,3.2073137760162354,3.469158411026001,3.8267743587493896,3.9805798530578613,3.8895692825317383,2.6030678749084473,2.4307305812835693,2.31392502784729,2.0334105491638184,2.2377407550811768,2.230212688446045,2.5392229557037354,2.7253904342651367,2.991753339767456,3.2356491088867188,3.494570255279541,3.7685046195983887,4.115985870361328,4.2896037101745605,4.242218017578125,3.37393856048584,3.2113163471221924,3.071725606918335,2.7207281589508057,2.7415804862976074,2.6857080459594727,2.9754819869995117,3.1317615509033203,3.355247735977173,3.5953211784362793,3.7846555709838867,4.089580535888672,4.319213390350342,4.651338577270508,4.833040714263916
A2,0.39100611209869385,0.0,0.388613760471344,0.6055637001991272,0.8659240007400513,1.1101948022842407,1.460253119468689,1.619529366493225,1.9826627969741821,2.184096336364746,2.520066976547241,2.745677947998047,3.1046271324157715,3.2963790893554688,3.1578545570373535,1.2767547369003296,0.996579110622406,0.9795457720756531,0.7203614115715027,1.0137747526168823,1.1898614168167114,1.560882806777954,1.7911128997802734,2.120290994644165,2.368553876876831,2.683629035949707,2.9508707523345947,3.3205859661102295,3.4640629291534424,3.3458304405212402,1.780318260192871,1.5646922588348389,1.4590673446655273,1.1908670663833618,1.4396097660064697,1.4759817123413086,1.8103153705596924,2.032848596572876,2.325862407684326,2.578599214553833,2.86733341217041,3.1412010192871094,3.5015883445739746,3.661637544631958,3.5756473541259766,2.346059799194336,2.157315492630005,2.002270460128784,1.7047126293182373,1.8795433044433594,1.8557994365692139,2.15639328956604,2.3519747257232666,2.6135060787200928,2.8687710762023926,3.127609968185425,3.4112837314605713,3.760502576828003,3.9413459300994873,3.900381088256836,3.0837807655334473,2.919618606567383,2.7510650157928467,2.400583028793335,2.3965797424316406,2.3222007751464844,2.600109815597534,2.756164073944092,2.97058367729187,3.214475393295288,3.3995697498321533,3.709347724914551,3.9375388622283936,4.269365310668945,4.458334445953369
A3,0.6003220081329346,0.388613760471344,0.0,0.37617307901382446,0.6510807275772095,0.7879914045333862,1.152435064315796,1.2836635112762451,1.638419508934021,1.8394546508789062,2.164346694946289,2.4000356197357178,2.7485885620117188,2.9575459957122803,2.8353078365325928,1.156177043914795,0.9476279616355896,0.8161284327507019,0.6160658001899719,0.93364417552948,0.9964258670806885,1.359844446182251,1.5419615507125854,1.8519657850265503,2.0836215019226074,2.384162425994873,2.649174213409424,3.010737895965576,3.1667206287384033,3.0652971267700195,1.743280053138733,1.588452935218811,1.4178205728530884,1.2037086486816406,1.4462774991989136,1.3892645835876465,1.696189284324646,1.8618210554122925,2.131723642349243,2.3564720153808594,2.6280670166015625,2.890719413757324,3.2414796352386475,3.4074041843414307,3.336639881134033,2.346257448196411,2.2068276405334473,2.010854959487915,1.7552701234817505,1.9293372631072998,1.8337527513504028,2.105964183807373,2.245448589324951,2.485283613204956,2.708022356033325,2.948742628097534,3.216144323348999,3.553382158279419,3.734356164932251,3.705536127090454,3.1001174449920654,2.979010820388794,2.7882931232452393,2.4662532806396484,2.471870183944702,2.3429882526397705,2.6013944149017334,2.7060282230377197,2.9100258350372314,3.1183230876922607,3.292954206466675,3.581162452697754,3.800844192504883,4.140298843383789,4.303346633911133
A4,0.8813809752464294,0.6055637001991272,0.37617307901382446,0.0,0.3870076835155487,0.5711666941642761,0.9263185858726501,1.1610174179077148,1.4871394634246826,1.7526230812072754,2.0570995807647705,2.330524444580078,2.675107955932617,2.9046032428741455,2.8246676921844482,1.4319019317626953,1.2003947496414185,0.9731736779212952,0.6857544183731079,0.8538875579833984,0.8271709084510803,1.150869369506836,1.3898414373397827,1.6596887111663818,1.93875253200531,2.2143898010253906,2.514721155166626,2.8647243976593018,3.0552146434783936,2.9918410778045654,1.9124248027801514,1.7331814765930176,1.4944595098495483,1.236686110496521,1.3822001218795776,1.2619714736938477,1.517634391784668,1.7076983451843262,1.9329832792282104,2.188429117202759,2.431408166885376,2.7233433723449707,3.0607283115386963,3.261826753616333,3.2270843982696533,2.4491844177246094,2.2935492992401123,2.046525239944458,1.7720530033111572,1.8716627359390259,1.730297327041626,1.95366632938385,2.1000943183898926,2.2948126792907715,2.5335195064544678,2.743407964706421,3.0326454639434814,3.3548648357391357,3.5671589374542236,3.5731053352355957,3.143951892852783,3.0205960273742676,2.7878823280334473,2.471221685409546,2.422563314437866,2.2598257064819336,2.4757883548736572,2.5732851028442383,2.7342541217803955,2.9414877891540527,3.0813605785369873,3.3772175312042236,3.5706613063812256,3.9231371879577637,4.095414161682129
A5,1.2022219896316528,0.8659240007400513,0.6510807275772095,0.3870076835155487,0.0,0.3792087137699127,0.6435161232948303,0.9102339148521423,1.2369022369384766,1.5099437236785889,1.8237248659133911,2.0889105796813965,2.4474267959594727,2.656646251678467,2.5831868648529053,1.4189130067825317,1.1747159957885742,0.8647438287734985,0.5720518827438354,0.5735527276992798,0.45457229018211365,0.7656554579734802,1.0307347774505615,1.306601881980896,1.6027127504348755,1.88744056224823,2.1933815479278564,2.548410654067993,2.734358549118042,2.6728363037109375,1.7494797706604004,1.5715100765228271,1.2707139253616333,1.0239744186401367,1.0995076894760132,0.9135903716087341,1.1408888101577759,1.3263291120529175,1.5483424663543701,1.8129405975341797,2.061393976211548,2.359849452972412,2.70175838470459,2.9031505584716797,2.8704183101654053,2.2200748920440674,2.073822021484375,1.7847630977630615,1.5294253826141357,1.5918681621551514,1.4013692140579224,1.5966044664382935,1.724487543106079,1.9100743532180786,2.147251605987549,2.3580336570739746,2.6494970321655273,2.9747254848480225,3.187831401824951,3.196571111679077,2.868121862411499,2.7621567249298096,2.5018465518951416,2.2074286937713623,2.1447813510894775,1.9448822736740112,2.1386518478393555,2.2120249271392822,2.364719867706299,2.5611350536346436,2.700458288192749,2.9920883178710938,3.1887807846069336,3.5394461154937744,3.7096517086029053
A6,1.3820637464523315,1.1101948022842407,0.7879914045333862,0.5711666941642761,0.3792087137699127,0.0,0.37391233444213867,0.610680341720581,0.9181062579154968,1.204606056213379,1.4981498718261719,1.7841243743896484,2.125882863998413,2.362596273422241,2.3126487731933594,1.435683250427246,1.2870478630065918,0.9348335266113281,0.7893877029418945,0.8259731531143188,0.562403678894043,0.7739983201026917,0.9162624478340149,1.1399359703063965,1.4028429985046387,1.6595464944839478,1.9615802764892578,2.303281545639038,2.5073883533477783,2.469172477722168,1.842455506324768,1.737717628479004,1.417186975479126,1.2595181465148926,1.3437460660934448,1.08710515499115,1.25057852268219,1.3315309286117554,1.5058561563491821,1.7158504724502563,1.9328691959381104,2.2094571590423584,2.5346457958221436,2.741753578186035,2.728384494781494,2.3458311557769775,2.255701780319214,1.9544143676757812,1.7578126192092896,1.8337533473968506,1.5936099290847778,1.7490355968475342,1.7979837656021118,1.9499763250350952,2.1330695152282715,2.3152260780334473,2.577547788619995,2.8829848766326904,3.0921835899353027,3.114070177078247,3.006746768951416,2.945108413696289,2.680511713027954,2.4207379817962646,2.3815269470214844,2.1449596881866455,2.3174662590026855,2.3321821689605713,2.472700834274292,2.6207478046417236,2.7466695308685303,3.0051345825195312,3.189626455307007,3.544610023498535,3.680121660232544
A7,1.7495019435882568,1.460253119468689,1.152435064315796,0.9263185858726501,0.6435161232948303,0.37391233444213867,0.0,0.39766228199005127,0.6205143928527832,0.951217770576477,1.2209230661392212,1.5195770263671875,1.8584798574447632,2.093735456466675,2.078565835952759,1.6222337484359741,1.4989495277404785,1.1154929399490356,1.022476315498352,0.9379197955131531,0.5738429427146912,0.5783994793891907,0.6460193395614624,0.7904292345046997,1.0704231262207031,1.303436040878296,1.6236131191253662,1.9564834833145142,2.178696393966675,2.169574499130249,1.907419204711914,1.8301535844802856,1.4683880805969238,1.3594053983688354,1.3645265102386475,1.0340206623077393,1.0886420011520386,1.0955485105514526,1.202875018119812,1.3934199810028076,1.5806859731674194,1.8610039949417114,2.174698829650879,2.3978166580200195,2.409996271133423,2.3363115787506104,2.2742083072662354,1.9378875494003296,1.7861778736114502,1.8161113262176514,1.5177417993545532,1.6014430522918701,1.5887876749038696,1.6896065473556519,1.8406909704208374,1.9925429821014404,2.246077299118042,2.5363340377807617,2.754356622695923,2.797492504119873,2.932603597640991,2.902841567993164,2.611196279525757,2.392244815826416,2.3391075134277344,2.0578651428222656,2.1828551292419434,2.145615339279175,2.2547237873077393,2.3646416664123535,2.469287395477295,2.706265687942505,2.87705135345459,3.2344555854797363,3.3534185886383057
A8,1.8771028518676758,1.619529366493225,1.2836635112762451,1.1610174179077148,0.9102339148521423,0.610680341720581,0.39766228199005127,0.0,0.38097700476646423,0.6012721657752991,0.9225558638572693,1.1817728281021118,1.5378494262695312,1.7560524940490723,1.7110306024551392,1.4624944925308228,1.428850769996643,1.0510761737823486,1.1054768562316895,1.0750542879104614,0.7481958866119385,0.7412008047103882,0.5774171948432922,0.7286631464958191,0.8720018267631531,1.129820466041565,1.3908549547195435,1.7369537353515625,1.9229216575622559,1.8834545612335205,1.7554970979690552,1.7587555646896362,1.4105826616287231,1.409255862236023,1.4656846523284912,1.1443625688552856,1.2026190757751465,1.091285228729248,1.2156050205230713,1.304153323173523,1.5064560174942017,1.7215536832809448,2.0408520698547363,2.2186524868011475,2.2005836963653564,2.210864305496216,2.212834596633911,1.893458366394043,1.8144570589065552,1.8992000818252563,1.5985180139541626,1.6926087141036987,1.6058651208877563,1.7302604913711548,1.811943531036377,1.9796415567398071,2.1765053272247314,2.468991994857788,2.6415228843688965,2.652881145477295,2.8346590995788574,2.850562572479248,2.5816783905029297,2.3976380825042725,2.403285503387451,2.1160619258880615,2.2567341327667236,2.1747610569000244,2.3177731037139893,2.386484384536743,2.5212531089782715,2.7185473442077637,2.911870002746582,3.250518560409546,3.331279754638672
A9,2.2319812774658203,1.9826627969741821,1.638419508934021,1.4871394634246826,1.2369022369384766,0.9181062579154968,0.6205143928527832,0.38097700476646423,0.0,0.38807761669158936,0.6008269190788269,0.9179360270500183,1.2404887676239014,1.4947164058685303,1.522525429725647,1.7958275079727173,1.7937864065170288,1.420868158340454,1.4817357063293457,1.4149070978164673,1.0642023086547852,0.9416747689247131,0.7029724717140198,0.6383547186851501,0.703475296497345,0.854773759841919,1.1244854927062988,1.433404803276062,1.6632637977600098,1.6861106157302856,2.0465779304504395,2.077991485595703,1.7218189239501953,1.744632601737976,1.754259705543518,1.4038324356079102,1.3699841499328613,1.1853495836257935,1.1937412023544312,1.2103153467178345,1.3280714750289917,1.517490029335022,1.7941440343856812,1.9958810806274414,2.0268492698669434,2.4478139877319336,2.4787509441375732,2.145111560821533,2.100639581680298,2.149407148361206,1.816441535949707,1.840822696685791,1.6925073862075806,1.7414404153823853,1.7633041143417358,1.8679983615875244,2.0320863723754883,2.2824578285217285,2.463139772415161,2.5101702213287354,3.010678768157959,3.0592665672302246,2.7743632793426514,2.6292688846588135,2.6227831840515137,2.3058090209960938,2.3965907096862793,2.262772560119629,2.3616878986358643,2.3773157596588135,2.4741883277893066,2.6322078704833984,2.79439115524292,3.1335630416870117,3.181762933731079
A10,2.4149560928344727,2.184096336364746,1.8394546508789062,1.7526230812072754,1.5099437236785889,1.204606056213379,0.951217770576477,0.6012721657752991,0.38807761669158936,0.0,0.37345343828201294,0.5807069540023804,0.9426375031471252,1.158211350440979,1.1464183330535889,1.7538164854049683,1.8225992918014526,1.4825185537338257,1.6362509727478027,1.5947471857070923,1.2876206636428833,1.1743358373641968,0.8384819626808167,0.7838521599769592,0.6458142399787903,0.7939378619194031,0.939174234867096,1.2540897130966187,1.421939730644226,1.4027734994888306,1.9633705615997314,2.064915180206299,1.737207293510437,1.8445606231689453,1.884151577949524,1.5591089725494385,1.5301390886306763,1.2704662084579468,1.2945811748504639,1.2050870656967163,1.3308730125427246,1.4277757406234741,1.700503945350647,1.837053656578064,1.8283329010009766,2.3544249534606934,2.4446778297424316,2.135786294937134,2.1581971645355225,2.245574951171875,1.9230760335922241,1.953934907913208,1.7499829530715942,1.8197373151779175,1.7747236490249634,1.8942159414291382,1.9919184446334839,2.239558696746826,2.363311529159546,2.3714308738708496,2.916531801223755,3.0090153217315674,2.7496719360351562,2.6430130004882812,2.686697483062744,2.372426986694336,2.473165273666382,2.303440809249878,2.431823492050171,2.4099419116973877,2.536297082901001,2.6531622409820557,2.837860584259033,3.150087833404541,3.1611459255218506
A11,2.7401111125946045,2.520066976547241,2.164346694946289,2.0570995807647705,1.8237248659133911,1.4981498718261719,1.2209230661392212,0.9225558638572693,0.6008269190788269,0.37345343828201294,0.0,0.37740081548690796,0.6421910524368286,0.9320110082626343,1.0354695320129395,2.1049203872680664,2.190993547439575,1.8531548976898193,1.9975697994232178,1.9453849792480469,1.619484305381775,1.465993881225586,1.1356867551803589,0.9683244824409485,0.7724048495292664,0.7365204095840454,0.8225765228271484,1.044808030128479,1.2590813636779785,1.3233305215835571,2.3120391368865967,2.427090883255005,2.098987340927124,2.2075753211975098,2.2235541343688965,1.884069561958313,1.8082860708236694,1.5247138738632202,1.465062141418457,1.3196392059326172,1.3454322814941406,1.3894516229629517,1.5886722803115845,1.7388272285461426,1.7857006788253784,2.670340061187744,2.777859687805176,2.4647154808044434,2.5020804405212402,2.565983772277832,2.227978229522705,2.2146968841552734,1.9783004522323608,1.9866950511932373,1.8922839164733887,1.9459564685821533,2.0004801750183105,2.1912543773651123,2.314436197280884,2.358255624771118,3.1843600273132324,3.300178289413452,3.0332634449005127,2.95308780670166,2.986464023590088,2.6563849449157715,2.720602512359619,2.5171473026275635,2.606647253036499,2.540565252304077,2.629253387451172,2.7050178050994873,2.854686737060547,3.1607420444488525,3.1353824138641357
A12,2.96144700050354,2.745677947998047,2.4000356197357178,2.330524444580078,2.0889105796813965,1.7841243743896484,1.5195770263671875,1.1817728281021118,0.9179360270500183,0.5807069540023804,0.37740081548690796,0.0,0.39300063252449036,0.5834801197052002,0.6599000692367554,2.161085844039917,2.2887954711914062,1.9831743240356445,2.181507110595703,2.131970167160034,1.8401012420654297,1.6849455833435059,1.311825156211853,1.163757085800171,0.8630334138870239,0.8161735534667969,0.7230007648468018,0.9131448864936829,1.0258153676986694,1.0430222749710083,2.2921125888824463,2.4580812454223633,2.158817768096924,2.328423023223877,2.35428786277771,2.0393805503845215,1.9602998495101929,1.6313623189926147,1.5820115804672241,1.3591666221618652,1.3871080875396729,1.3327858448028564,1.513177514076233,1.581799864768982,1.5854318141937256,2.6071743965148926,2.7637057304382324,2.4753026962280273,2.5699775218963623,2.654567241668701,2.3294005393981934,2.313767671585083,2.036141872406006,2.05670166015625,1.905564785003662,1.9689360857009888,1.9568097591400146,2.1382014751434326,2.19879412651062,2.202178955078125,3.089543104171753,3.2457354068756104,3.0022218227386475,2.9629101753234863,3.0341320037841797,2.709399700164795,2.7742249965667725,2.540541410446167,2.650031089782715,2.5495193004608154,2.6621475219726562,2.697247266769409,2.8660776615142822,3.139991283416748,3.0798580646514893
A13,3.3049204349517822,3.1046271324157715,2.7485885620117188,2.675107955932617,2.4474267959594727,2.125882863998413,1.8584798574447632,1.5378494262695312,1.2404887676239014,0.9426375031471252,0.6421910524368286,0.39300063252449036,0.0,0.3871329128742218,0.6551417112350464,2.5122768878936768,2.661691904067993,2.362776279449463,2.562913179397583,2.518613815307617,2.2172064781188965,2.051145315170288,1.6854875087738037,1.496618628501892,1.1930025815963745,1.0466787815093994,0.8812745213508606,0.9026567339897156,1.0104719400405884,1.1081537008285522,2.6580681800842285,2.8398609161376953,2.547795534133911,2.721421241760254,2.7425131797790527,2.4225075244903564,2.324524402618408,1.9879333972930908,1.8963449001312256,1.6449816226959229,1.6016396284103394,1.4893234968185425,1.5776437520980835,1.629445195198059,1.6761584281921387,2.957587480545044,3.131798505783081,2.8490467071533203,2.956026792526245,3.033294677734375,2.703252077102661,2.665480136871338,2.37038516998291,2.3541336059570312,2.167327880859375,2.180488109588623,2.1207704544067383,2.240598440170288,2.2816648483276367,2.307573080062866,3.406477451324463,3.5842413902282715,3.3441476821899414,3.325991153717041,3.3973546028137207,3.0668396949768066,3.110450506210327,2.8547492027282715,2.9394288063049316,2.8041021823883057,2.889477252960205,2.8835649490356445,3.0223255157470703,3.279323101043701,3.1785829067230225
A14,3.50632643699646,3.2963790893554688,2.9575459957122803,2.9046032428741455,2.656646251678467,2.362596273422241,2.093735456466675,1.7560524940490723,1.4947164058685303,1.158211350440979,0.9320110082626343,0.5834801197052002,0.3871329128742218,0.0,0.38463929295539856,2.5890440940856934,2.7529358863830566,2.4794397354125977,2.709362506866455,2.650675058364868,2.3793537616729736,2.202770709991455,1.8143774271011353,1.6413555145263672,1.2875492572784424,1.156688928604126,0.8782634139060974,0.8592782616615295,0.8094977140426636,0.8415040373802185,2.6306192874908447,2.8440487384796143,2.5769131183624268,2.7951252460479736,2.810814142227173,2.515033006668091,2.4071154594421387,2.041477680206299,1.9575594663619995,1.655352234840393,1.6195969581604004,1.4282225370407104,1.4979515075683594,1.456645131111145,1.4511312246322632,2.860837697982788,3.072091817855835,2.8118345737457275,2.967899799346924,3.0517475605010986,2.7362542152404785,2.6897263526916504,2.364185094833374,2.3556230068206787,2.1243979930877686,2.1478378772735596,2.029660940170288,2.1414592266082764,2.11763072013855,2.098921298980713,3.252164602279663,3.4647529125213623,3.2451226711273193,3.2687478065490723,3.3674020767211914,3.044585943222046,3.0819125175476074,2.8016982078552246,2.9001107215881348,2.7355761528015137,2.8424534797668457,2.8001909255981445,2.9582808017730713,3.179722785949707,3.0511066913604736
A15,3.359039545059204,3.1578545570373535,2.8353078365325928,2.8246676921844482,2.5831868648529053,2.3126487731933594,2.078565835952759,1.7110306024551392,1.522525429725647,1.1464183330535889,1.0354695320129395,0.6599000692367554,0.6551417112350464,0.38463929295539856,0.0,2.33343243598938,2.523395299911499,2.286485433578491,2.5562033653259277,2.520982265472412,2.291208505630493,2.1525745391845703,1.7554590702056885,1.6587119102478027,1.2987250089645386,1.273518681526184,1.0037188529968262,1.0928221940994263,0.9593417048454285,0.8231615424156189,2.3418335914611816,2.5873401165008545,2.35561466217041,2.6115407943725586,2.660609006881714,2.4002013206481934,2.3324854373931885,1.9685907363891602,1.9528735876083374,1.6567052602767944,1.701327919960022,1.5163334608078003,1.6534545421600342,1.5604251623153687,1.459484577178955,2.577078104019165,2.813538074493408,2.585330009460449,2.767401695251465,2.890166759490967,2.603543281555176,2.5964419841766357,2.2784509658813477,2.329497814178467,2.1105363368988037,2.19741153717041,2.0856146812438965,2.2485921382904053,2.1919567584991455,2.1080992221832275,2.998439311981201,3.220038890838623,3.031348466873169,3.058192014694214,3.195773124694824,2.896258592605591,2.969453811645508,2.703803300857544,2.8506035804748535,2.70731782913208,2.862417697906494,2.836895704269409,3.038038969039917,3.2496249675750732,3.137390613555908
B1,1.3722355365753174,1.2767547369003296,1.156177043914795,1.4319019317626953,1.4189130067825317,1.435683250427246,1.6222337484359741,1.4624944925308228,1.7958275079727173,1.7538164854049683,2.1049203872680664,2.161085844039917,2.5122768878936768,2.5890440940856934,2.33343243598938,0.0,0.39478012919425964,0.5947912335395813,0.9442882537841797,1.237481951713562,1.3711953163146973,1.6575841903686523,1.6110526323318481,1.9646869897842407,2.0096447467803955,2.3556604385375977,2.47320818901062,2.8451507091522217,2.860236644744873,2.635148525238037,0.8842194080352783,0.9792559146881104,0.9949076771736145,1.1345067024230957,1.5024971961975098,1.5298219919204712,1.8467365503311157,1.851819634437561,2.195547580718994,2.278400421142578,2.610469102859497,2.7486886978149414,3.117424249649048,3.1497092247009277,2.963499069213867,1.6156257390975952,1.63505220413208,1.5665017366409302,1.5197807550430298,1.8624850511550903,1.8218952417373657,2.14026141166687,2.1683740615844727,2.497469902038574,2.616135597229004,2.927161455154419,3.0903382301330566,3.452345609664917,3.5138587951660156,3.3737845420837402,2.470198631286621,2.439096450805664,2.3564107418060303,2.116861343383789,2.3051836490631104,2.2115378379821777,2.531900405883789,2.574636697769165,2.883744955062866,3.036120891571045,3.3061037063598633,3.5278213024139404,3.8220558166503906,4.099602699279785,4.2059407234191895
B2,1.1680841445922852,0.996579110622406,0.9476279616355896,1.2003947496414185,1.1747159957885742,1.2870478630065918,1.4989495277404785,1.428850769996643,1.7937864065170288,1.8225992918014526,2.190993547439575,2.2887954711914062,2.661691904067993,2.7529358863830566,2.523395299911499,0.39478012919425964,0.0,0.3891482353210449,0.6321476697921753,0.9273078441619873,1.1404807567596436,1.4594413042068481,1.5006086826324463,1.8784929513931274,1.9894367456436157,2.3491244316101074,2.510937213897705,2.895034074783325,2.934459924697876,2.726017475128174,0.8468129634857178,0.7770772576332092,0.7668344378471375,0.7994722127914429,1.1841963529586792,1.2594034671783447,1.609494686126709,1.6903131008148193,2.050887107849121,2.193478584289551,2.5359714031219482,2.7176671028137207,3.09712815284729,3.1576008796691895,2.985905647277832,1.5257070064544678,1.4562777280807495,1.3617345094680786,1.2325429916381836,1.5603939294815063,1.5474481582641602,1.8878121376037598,1.9773197174072266,2.3141441345214844,2.4833037853240967,2.800722360610962,3.0035321712493896,3.375462055206299,3.4655368328094482,3.3415191173553467,2.355769157409668,2.2722153663635254,2.163823127746582,1.880440592765808,2.0269346237182617,1.9494231939315796,2.2772769927978516,2.364926815032959,2.666360855102539,2.8570311069488525,3.120152235031128,3.3736801147460938,3.663374662399292,3.949296712875366,4.088769435882568
B3,1.22708261013031,0.9795457720756531,0.8161284327507019,0.9731736779212952,0.8647438287734985,0.9348335266113281,1.1154929399490356,1.0510761737823486,1.420868158340454,1.4825185537338257,1.8531548976898193,1.9831743240356445,2.362776279449463,2.4794397354125977,2.286485433578491,0.5947912335395813,0.3891482353210449,0.0,0.39888641238212585,0.6590583324432373,0.7845520973205566,1.0974406003952026,1.1336112022399902,1.5071085691452026,1.6403754949569702,1.9946134090423584,2.1832807064056396,2.567314386367798,2.638652801513672,2.4634206295013428,0.9746901392936707,0.9030516147613525,0.7064962983131409,0.7022646069526672,1.0235551595687866,0.9890416264533997,1.3153166770935059,1.3786587715148926,1.7183629274368286,1.8697760105133057,2.1977975368499756,2.39797306060791,2.773109197616577,2.8631017208099365,2.7236928939819336,1.5970361232757568,1.533692717552185,1.3409545421600342,1.2020978927612305,1.4652925729751587,1.3630738258361816,1.6649000644683838,1.7284746170043945,2.033531427383423,2.2001912593841553,2.4953465461730957,2.7089624404907227,3.071490526199341,3.186049699783325,3.0935888290405273,2.382399320602417,2.318692922592163,2.1491475105285645,1.878928303718567,1.97636878490448,1.8319264650344849,2.121795654296875,2.175976276397705,2.445465326309204,2.6194007396698,2.8567330837249756,3.108142614364624,3.3790674209594727,3.6817309856414795,3.8158481121063232
B4,1.0551867485046387,0.7203614115715027,0.6160658001899719,0.6857544183731079,0.5720518827438354,0.7893877029418945,1.022476315498352,1.1054768562316895,1.4817357063293457,1.6362509727478027,1.9975697994232178,2.181507110595703,2.562913179397583,2.709362506866455,2.5562033653259277,0.9442882537841797,0.6321476697921753,0.39888641238212585,0.0,0.3949945867061615,0.6029316186904907,0.9716126918792725,1.1466907262802124,1.5121959447860718,1.729397177696228,2.071960687637329,2.3137168884277344,2.695120096206665,2.8064355850219727,2.6667802333831787,1.2388064861297607,1.0498772859573364,0.8214347958564758,0.6058229207992554,0.8680039644241333,0.8436862826347351,1.1911609172821045,1.3591371774673462,1.6836237907409668,1.9075169563293457,2.2221407890319824,2.47354793548584,2.845762252807617,2.978316068649292,2.871898651123047,1.7698664665222168,1.6263147592544556,1.4023784399032593,1.1613001823425293,1.351205825805664,1.255225419998169,1.5546998977661133,1.6921502351760864,1.9753729104995728,2.1993958950042725,2.4791345596313477,2.738917589187622,3.0985970497131348,3.2541606426239014,3.1944310665130615,2.4952492713928223,2.3822481632232666,2.1800999641418457,1.8706248998641968,1.893223524093628,1.754489779472351,2.028980255126953,2.129276752471924,2.365462303161621,2.5772128105163574,2.786766529083252,3.0724074840545654,3.3227972984313965,3.641826629638672,3.8088090419769287
B5,1.3866521120071411,1.0137747526168823,0.93364417552948,0.8538875579833984,0.5735527276992798,0.8259731531143188,0.9379197955131531,1.0750542879104614,1.4149070978164673,1.5947471857070923,1.9453849792480469,2.131970167160034,2.518613815307617,2.650675058364868,2.520982265472412,1.237481951713562,0.9273078441619873,0.6590583324432373,0.3949945867061615,0.0,0.3784070312976837,0.6832572817802429,0.9318743348121643,1.287500262260437,1.5423556566238403,1.8815399408340454,2.1408801078796387,2.5190718173980713,2.6366894245147705,2.512152910232544,1.2915085554122925,1.0650900602340698,0.7491965889930725,0.47044315934181213,0.5510355830192566,0.46758872270584106,0.8156084418296814,1.0404382944107056,1.3625218868255615,1.626078724861145,1.9409308433532715,2.216071605682373,2.587944507598877,2.7346975803375244,2.6419410705566406,1.677600622177124,1.5087194442749023,1.2184937000274658,0.9570009112358093,1.0527664422988892,0.9035513997077942,1.1782671213150024,1.3399708271026611,1.6117717027664185,1.8637665510177612,2.1413321495056152,2.4228014945983887,2.7836742401123047,2.955730438232422,2.9109888076782227,2.308659553527832,2.19108510017395,1.9409215450286865,1.6404317617416382,1.6072781085968018,1.4295521974563599,1.6732587814331055,1.7742820978164673,1.9894524812698364,2.211771249771118,2.410905361175537,2.708967924118042,2.9544146060943604,3.2752442359924316,3.457906484603882
B6,1.5448753833770752,1.1898614168167114,0.9964258670806885,0.8271709084510803,0.45457229018211365,0.562403678894043,0.5738429427146912,0.7481958866119385,1.0642023086547852,1.2876206636428833,1.619484305381775,1.8401012420654297,2.2172064781188965,2.3793537616729736,2.291208505630493,1.3711953163146973,1.1404807567596436,0.7845520973205566,0.6029316186904907,0.3784070312976837,0.0,0.3789388835430145,0.6386949419975281,0.9649688601493835,1.2485156059265137,1.5655696392059326,1.8522043228149414,2.220839500427246,2.3754448890686035,2.2922420501708984,1.497192144393921,1.3421638011932373,0.9807974696159363,0.8048247694969177,0.8049526214599609,0.524928629398346,0.7341492772102356,0.882908821105957,1.142521619796753,1.3991146087646484,1.6803206205368042,1.9676645994186401,2.325937032699585,2.503675699234009,2.450227737426758,1.8845716714859009,1.7663971185684204,1.438196063041687,1.236855387687683,1.281380295753479,1.031577467918396,1.2085113525390625,1.2918848991394043,1.4975632429122925,1.7194057703018188,1.9553579092025757,2.2347445487976074,2.57542085647583,2.7688381671905518,2.759247064590454,2.487246036529541,2.412017345428467,2.132326126098633,1.874380350112915,1.8239799737930298,1.58273446559906,1.7658612728118896,1.8000785112380981,1.969433307647705,2.1472036838531494,2.310081720352173,2.5887222290039062,2.808109760284424,3.146695852279663,3.3073112964630127
B7,1.917590618133545,1.560882806777954,1.359844446182251,1.150869369506836,0.7656554579734802,0.7739983201026917,0.5783994793891907,0.7412008047103882,0.9416747689247131,1.1743358373641968,1.465993881225586,1.6849455833435059,2.051145315170288,2.202770709991455,2.1525745391845703,1.6575841903686523,1.4594413042068481,1.0974406003952026,0.9716126918792725,0.6832572817802429,0.3789388835430145,0.0,0.39947181940078735,0.6504130959510803,0.9768691658973694,1.2699849605560303,1.5758720636367798,1.9315149784088135,2.1022486686706543,2.0510764122009277,1.6642295122146606,1.5359430313110352,1.1466574668884277,1.0297181606292725,0.9028355479240417,0.5284850597381592,0.5102656483650208,0.5941123366355896,0.7832513451576233,1.0629281997680664,1.3229408264160156,1.6316696405410767,1.9813036918640137,2.18114972114563,2.157418966293335,1.9423978328704834,1.8484079837799072,1.4808030128479004,1.3320447206497192,1.293149709701538,0.9644914269447327,1.0231164693832397,1.0400007963180542,1.1790229082107544,1.3887799978256226,1.5964407920837402,1.8844826221466064,2.2146284580230713,2.426682233810425,2.444695234298706,2.446197986602783,2.40085768699646,2.0838325023651123,1.8750859498977661,1.7913868427276611,1.4933276176452637,1.6047616004943848,1.5808303356170654,1.7035677433013916,1.8476858139038086,1.9832102060317993,2.250359058380127,2.454623222351074,2.800264835357666,2.9538826942443848
B8,2.118443727493286,1.7911128997802734,1.5419615507125854,1.3898414373397827,1.0307347774505615,0.9162624478340149,0.6460193395614624,0.5774171948432922,0.7029724717140198,0.8384819626808167,1.1356867551803589,1.311825156211853,1.6854875087738037,1.8143774271011353,1.7554590702056885,1.6110526323318481,1.5006086826324463,1.1336112022399902,1.1466907262802124,0.9318743348121643,0.6386949419975281,0.39947181940078735,0.0,0.38628771901130676,0.6157159209251404,0.9501476287841797,1.219726324081421,1.5916424989700317,1.739693284034729,1.6738736629486084,1.5974798202514648,1.5617088079452515,1.1747153997421265,1.1902503967285156,1.115465760231018,0.7573285698890686,0.694935142993927,0.5152584314346313,0.6782577633857727,0.8226503729820251,1.0985482931137085,1.3525609970092773,1.7118160724639893,1.8808388710021973,1.8413535356521606,1.8778610229492188,1.863815188407898,1.5020711421966553,1.453023910522461,1.4631142616271973,1.119836688041687,1.1515836715698242,1.0314263105392456,1.162276029586792,1.265678882598877,1.4738256931304932,1.699460744857788,2.0275676250457764,2.202627182006836,2.20207142829895,2.3865787982940674,2.4034833908081055,2.0996084213256836,1.946631908416748,1.9223417043685913,1.603031873703003,1.706733226776123,1.6026611328125,1.7431848049163818,1.8165464401245117,1.9696787595748901,2.181617498397827,2.3993937969207764,2.7303247451782227,2.8355872631073
B9,2.442516326904297,2.120290994644165,1.8519657850265503,1.6596887111663818,1.306601881980896,1.1399359703063965,0.7904292345046997,0.7286631464958191,0.6383547186851501,0.7838521599769592,0.9683244824409485,1.163757085800171,1.496618628501892,1.6413555145263672,1.6587119102478027,1.9646869897842407,1.8784929513931274,1.5071085691452026,1.5121959447860718,1.287500262260437,0.9649688601493835,0.6504130959510803,0.38628771901130676,0.0,0.3822847008705139,0.6208735108375549,0.9472830891609192,1.287967562675476,1.4913172721862793,1.5018596649169922,1.9444472789764404,1.9276169538497925,1.542310118675232,1.561212182044983,1.4399511814117432,1.0699833631515503,0.8900035619735718,0.6412463784217834,0.5578553676605225,0.6294021010398865,0.799299418926239,1.0742212533950806,1.4013619422912598,1.6205406188964844,1.6488748788833618,2.1668732166290283,2.1732659339904785,1.8019871711730957,1.7780210971832275,1.7354861497879028,1.3670395612716675,1.2970856428146362,1.1079978942871094,1.1083797216415405,1.1439361572265625,1.262868881225586,1.4744658470153809,1.7613751888275146,1.9666557312011719,2.020458698272705,2.5912277698516846,2.636272668838501,2.3119122982025146,2.2013754844665527,2.14884352684021,1.8004850149154663,1.8302017450332642,1.667142391204834,1.7342315912246704,1.7449008226394653,1.8395370244979858,2.0144944190979004,2.1912176609039307,2.5323426723480225,2.6117162704467773
B10,2.6705682277679443,2.368553876876831,2.0836215019226074,1.93875253200531,1.6027127504348755,1.4028429985046387,1.0704231262207031,0.8720018267631531,0.703475296497345,0.6458142399787903,0.7724048495292664,0.8630334138870239,1.1930025815963745,1.2875492572784424,1.2987250089645386,2.0096447467803955,1.9894367456436157,1.6403754949569702,1.729397177696228,1.5423556566238403,1.2485156059265137,0.9768691658973694,0.6157159209251404,0.3822847008705139,0.0,0.3719881474971771,0.6047443151473999,0.9772619605064392,1.1394082307815552,1.1315499544143677,1.9510231018066406,2.005624294281006,1.645551085472107,1.7492170333862305,1.6614617109298706,1.3200924396514893,1.1523581743240356,0.8117424845695496,0.7204606533050537,0.5643687844276428,0.7078844904899597,0.8554736375808716,1.1849132776260376,1.3493151664733887,1.3544631004333496,2.1498892307281494,2.22243595123291,1.8731862306594849,1.924590826034546,1.9186546802520752,1.5616216659545898,1.4887281656265259,1.2200443744659424,1.220591425895691,1.1393882036209106,1.2498514652252197,1.3640239238739014,1.6371848583221436,1.7847297191619873,1.810482144355774,2.5547120571136475,2.654146909713745,2.351508378982544,2.291748523712158,2.289499282836914,1.9402369260787964,1.9680029153823853,1.7499324083328247,1.8358546495437622,1.7823702096939087,1.8967740535736084,2.0075294971466064,2.198131561279297,2.509610176086426,2.5364465713500977
B11,2.979491949081421,2.683629035949707,2.384162425994873,2.2143898010253906,1.88744056224823,1.6595464944839478,1.303436040878296,1.129820466041565,0.854773759841919,0.7939378619194031,0.7365204095840454,0.8161735534667969,1.0466787815093994,1.156688928604126,1.273518681526184,2.3556604385375977,2.3491244316101074,1.9946134090423584,2.071960687637329,1.8815399408340454,1.5655696392059326,1.2699849605560303,0.9501476287841797,0.6208735108375549,0.3719881474971771,0.0,0.3779944181442261,0.6737420558929443,0.9292470216751099,1.0440175533294678,2.313136339187622,2.3754470348358154,2.0158212184906006,2.1106462478637695,2.001532554626465,1.650650978088379,1.4407598972320557,1.10807466506958,0.9022734761238098,0.6842939257621765,0.6148135662078857,0.7011658549308777,0.9416021108627319,1.1614338159561157,1.260430932044983,2.483635425567627,2.566708564758301,2.2157294750213623,2.273702383041382,2.2383320331573486,1.8720858097076416,1.7476924657821655,1.456888198852539,1.3651829957962036,1.2220227718353271,1.2217036485671997,1.2841172218322754,1.4809844493865967,1.6472440958023071,1.7340295314788818,2.828508138656616,2.9472341537475586,2.635737895965576,2.6030545234680176,2.5815553665161133,2.2202582359313965,2.19942569732666,1.9477875232696533,1.973090410232544,1.8643132448196411,1.9188288450241089,1.978481650352478,2.118319272994995,2.427422046661377,2.4156439304351807
B12,3.23537540435791,2.9508707523345947,2.649174213409424,2.514721155166626,2.1933815479278564,1.9615802764892578,1.6236131191253662,1.3908549547195435,1.1244854927062988,0.939174234867096,0.8225765228271484,0.7230007648468018,0.8812745213508606,0.8782634139060974,1.0037188529968262,2.47320818901062,2.510937213897705,2.1832807064056396,2.3137168884277344,2.1408801078796387,1.8522043228149414,1.5758720636367798,1.219726324081421,0.9472830891609192,0.6047443151473999,0.3779944181442261,0.0,0.38874951004981995,0.5624642372131348,0.6874011754989624,2.3783295154571533,2.491962194442749,2.16145658493042,2.314405679702759,2.223344087600708,1.8989062309265137,1.6979979276657104,1.327846884727478,1.1465225219726562,0.8321789503097534,0.7436672449111938,0.6188706159591675,0.8032954931259155,0.9191867709159851,0.993505597114563,2.5069637298583984,2.6418535709381104,2.317253828048706,2.433408737182617,2.4214932918548584,2.071653127670288,1.94730544090271,1.6133137941360474,1.5311572551727295,1.3076226711273193,1.3015365600585938,1.2522977590560913,1.4159108400344849,1.50007963180542,1.5508182048797607,2.8106789588928223,2.9758784770965576,2.688556671142578,2.7025296688079834,2.7204580307006836,2.3660190105438232,2.342560052871704,2.0542545318603516,2.0954253673553467,1.9364372491836548,2.009897470474243,2.0065090656280518,2.158522367477417,2.425103187561035,2.3600072860717773
B13,3.6006669998168945,3.3205859661102295,3.010737895965576,2.8647243976593018,2.548410654067993,2.303281545639038,1.9564834833145142,1.7369537353515625,1.433404803276062,1.2540897130966187,1.044808030128479,0.9131448864936829,0.9026567339897156,0.8592782616615295,1.0928221940994263,2.8451507091522217,2.895034074783325,2.567314386367798,2.695120096206665,2.5190718173980713,2.220839500427246,1.9315149784088135,1.5916424989700317,1.287967562675476,0.9772619605064392,0.6737420558929443,0.38874951004981995,0.0,0.38960281014442444,0.7147762775421143,2.749155044555664,2.872230291366577,2.545779228210449,2.699052333831787,2.5946145057678223,2.2675974369049072,2.043280601501465,1.6780065298080444,1.4497133493423462,1.126378059387207,0.928836464881897,0.7094528079032898,0.6853251457214355,0.7956103682518005,0.9765969514846802,2.847151756286621,2.9949042797088623,2.674604892730713,2.8020730018615723,2.7723500728607178,2.4205691814422607,2.264329195022583,1.9181057214736938,1.7823182344436646,1.5174028873443604,1.4269425868988037,1.3028467893600464,1.3584221601486206,1.4224467277526855,1.5239664316177368,3.091848134994507,3.2779464721679688,2.9908409118652344,3.032738208770752,3.042248249053955,2.6836965084075928,2.6252951622009277,2.3126442432403564,2.310950756072998,2.1044540405273438,2.131004571914673,2.0662524700164795,2.1691715717315674,2.409567356109619,2.290914535522461
