,A1,A2,A3,A4,A5,A6,A7,A8,A9,A10,A11,A12,A13,A14,A15,B1,B2,B3,B4,B5,B6,B7,B8,B9,B10,B11,B12,B13,B14,B15,C1,C2,C3,C4,C5,C6,C7,C8,C9,C10,C11,C12,C13,C14,C15,D1,D2,D3,D4,D5,D6,D7,D8,D9,D10,D11,D12,D13,D14,D15,E1,E2,E3,E4,E5,E6,E7,E8,E9,E10,E11,E12,E13,E14,E15
A1,0.0,0.3842718303203583,0.633110761642456,0.9889805316925049,1.2003906965255737,1.563130497932434,1.8494676351547241,2.2060225009918213,2.5123095512390137,2.8744051456451416,2.897321939468384,2.617539405822754,2.7664966583251953,2.5277600288391113,2.720888376235962,0.8025951981544495,0.8578829765319824,0.79686439037323,1.1136857271194458,1.3439806699752808,1.6387946605682373,1.9433950185775757,2.249351978302002,2.5710575580596924,2.9356839656829834,3.0180108547210693,2.7840492725372314,2.9451799392700195,2.759760618209839,2.9461703300476074,1.3758366107940674,1.4135445356369019,1.242966890335083,1.4739720821380615,1.64094078540802,1.8659800291061401,2.135409355163574,2.389883279800415,2.699127435684204,3.054154872894287,3.1882412433624268,3.0124733448028564,3.1918680667877197,3.0502548217773438,3.2288055419921875,1.9749454259872437,1.97346031665802,1.7419350147247314,1.917528748512268,2.01436710357666,2.1852896213531494,2.4135804176330566,2.613149404525757,2.9014060497283936,3.2325568199157715,3.407407283782959,3.2951736450195312,3.4878392219543457,3.3930368423461914,3.5630617141723633,2.576605796813965,2.5318403244018555,2.2244765758514404,2.3990635871887207,2.4344499111175537,2.5690038204193115,2.7564938068389893,2.8966763019561768,3.158590316772461,3.4322547912597656,3.670639753341675,3.626279830932617,3.876384973526001,3.855652332305908,4.085404872894287
A2,0.3842718303203583,0.0,0.38327324390411377,0.6625560522079468,0.8897283673286438,1.2478748559951782,1.5393418073654175,1.8951799869537354,2.2042360305786133,2.555964708328247,2.576800584793091,2.3000645637512207,2.4616856575012207,2.2317800521850586,2.4505977630615234,0.7295066714286804,0.6303024291992188,0.4398326277732849,0.7307040691375732,0.9715222120285034,1.2658517360687256,1.5823997259140015,1.8927241563796997,2.2208056449890137,2.5827853679656982,2.6660189628601074,2.43430757522583,2.6094391345977783,2.4327235221862793,2.6433985233306885,1.2409650087356567,1.185368299484253,0.9408523440361023,1.1212860345840454,1.2714186906814575,1.4828075170516968,1.7560268640518188,2.010342597961426,2.325206756591797,2.680251121520996,2.817039966583252,2.6448464393615723,2.837254524230957,2.705568790435791,2.9050302505493164,1.8113175630569458,1.7425639629364014,1.465537190437317,1.5936424732208252,1.6632665395736694,1.814077615737915,2.0353450775146484,2.2291948795318604,2.518314838409424,2.8493244647979736,3.0268478393554688,2.919959783554077,3.1229043006896973,3.0395896434783936,3.2265074253082275,2.3949949741363525,2.298218011856079,1.9620283842086792,2.0958375930786133,2.1011295318603516,2.216277837753296,2.388169288635254,2.5201833248138428,2.7766711711883545,3.049335241317749,3.2875707149505615,3.2489190101623535,3.5030243396759033,3.493910074234009,3.731461524963379
A3,0.633110761642456,0.38327324390411377,0.0,0.37830227613449097,0.6204169392585754,0.9478412866592407,1.2672641277313232,1.6006988286972046,1.9275001287460327,2.2830300331115723,2.344789743423462,2.100620985031128,2.30515718460083,2.1245338916778564,2.3809332847595215,1.0685962438583374,0.937873899936676,0.6089673638343811,0.7289798259735107,0.8771476149559021,1.0894317626953125,1.3905750513076782,1.6584584712982178,1.9889272451400757,2.3469960689544678,2.465566873550415,2.2722272872924805,2.481074094772339,2.3559322357177734,2.5953636169433594,1.5656731128692627,1.458162546157837,1.1451810598373413,1.2215431928634644,1.2840657234191895,1.4177533388137817,1.6452544927597046,1.8486348390579224,2.147922992706299,2.4903690814971924,2.6535210609436035,2.521576166152954,2.7357840538024902,2.653806686401367,2.8747713565826416,2.1114084720611572,1.9944088459014893,1.6745526790618896,1.7320003509521484,1.7309314012527466,1.822933316230774,1.9901422262191772,2.137674331665039,2.3968942165374756,2.7084720134735107,2.90132474899292,2.832315444946289,3.046473979949951,3.008521795272827,3.209704637527466,2.674163341522217,2.532376766204834,2.170165777206421,2.252152681350708,2.1980865001678467,2.275618076324463,2.3921568393707275,2.4899580478668213,2.7068889141082764,2.957392454147339,3.1973483562469482,3.1932778358459473,3.4424381256103516,3.4705214500427246,3.704402446746826
A4,0.9889805316925049,0.6625560522079468,0.37830227613449097,0.0,0.38250136375427246,0.6301246881484985,0.9793277382850647,1.289597988128662,1.6293420791625977,1.9681224822998047,2.0466697216033936,1.824460506439209,2.06083607673645,1.9140939712524414,2.20817494392395,1.2552672624588013,1.0341167449951172,0.6412426829338074,0.5406342148780823,0.615058183670044,0.7379966378211975,1.054308533668518,1.300053358078003,1.6449815034866333,1.9956951141357422,2.133460760116577,1.9619258642196655,2.2021000385284424,2.1091110706329346,2.384164333343506,1.6488553285598755,1.4593744277954102,1.0969129800796509,1.053457498550415,1.0496076345443726,1.1063666343688965,1.314839243888855,1.48625910282135,1.7895691394805908,2.124768018722534,2.3057305812835693,2.196725845336914,2.4365105628967285,2.385453462600708,2.636950969696045,2.129025936126709,1.945646047592163,1.5933170318603516,1.5693840980529785,1.5141890048980713,1.547214388847351,1.6815170049667358,1.7951728105545044,2.044485092163086,2.3452935218811035,2.550901412963867,2.5048668384552,2.7370798587799072,2.7287464141845703,2.9540798664093018,2.649268865585327,2.455233573913574,2.0738608837127686,2.0934536457061768,1.9924596548080444,2.0276615619659424,2.1054463386535645,2.1746318340301514,2.3701117038726807,2.607057809829712,2.8503317832946777,2.8672609329223633,3.1210522651672363,3.1755340099334717,3.41798996925354
A5,1.2003906965255737,0.8897283673286438,0.6204169392585754,0.38250136375427246,0.0,0.3902905285358429,0.6542253494262695,1.0105750560760498,1.3191908597946167,1.6759223937988281,1.7244337797164917,1.486114501953125,1.713357925415039,1.5756832361221313,1.872310996055603,1.3483021259307861,1.1736304759979248,0.787996232509613,0.6792266368865967,0.5148992538452148,0.6223964691162109,0.8226497769355774,1.0918571949005127,1.3929258584976196,1.7573918104171753,1.8619706630706787,1.6784178018569946,1.8998334407806396,1.8193248510360718,2.0845017433166504,1.7377599477767944,1.562258243560791,1.1814743280410767,1.1271932125091553,0.9993109107017517,1.0598479509353638,1.1695491075515747,1.3545029163360596,1.6028443574905396,1.9457767009735107,2.0887351036071777,1.9696829319000244,2.181422233581543,2.1422781944274902,2.3748996257781982,2.200817584991455,2.0139458179473877,1.63801109790802,1.6070140600204468,1.4732394218444824,1.522640347480774,1.5840805768966675,1.7163004875183105,1.9138544797897339,2.221099853515625,2.3846001625061035,2.326404333114624,2.5249805450439453,2.524202585220337,2.7248058319091797,2.696765422821045,2.473635673522949,2.082975387573242,2.097179412841797,1.9437446594238281,2.0048787593841553,2.0322818756103516,2.130000591278076,2.2855865955352783,2.538567304611206,2.738462209701538,2.7397420406341553,2.957442045211792,3.0066351890563965,3.218247413635254
A6,1.563130497932434,1.2478748559951782,0.9478412866592407,0.6301246881484985,0.3902905285358429,0.0,0.3836385905742645,0.660338819026947,1.0049142837524414,1.3453251123428345,1.4517887830734253,1.2765642404556274,1.568013310432434,1.5140869617462158,1.8554545640945435,1.716128945350647,1.5057156085968018,1.1184630393981934,0.9004815816879272,0.6663588881492615,0.5201489925384521,0.61655592918396,0.7736328840255737,1.0795848369598389,1.4282859563827515,1.5840288400650024,1.4640241861343384,1.7378885746002197,1.7336902618408203,2.038837194442749,2.0496063232421875,1.827897548675537,1.4383480548858643,1.2881479263305664,1.0906968116760254,1.0166904926300049,1.0345406532287598,1.1174755096435547,1.3337681293487549,1.6484506130218506,1.8271474838256836,1.767701506614685,2.013561248779297,2.041513681411743,2.3069820404052734,2.4588029384613037,2.2258732318878174,1.840000867843628,1.7318509817123413,1.5397344827651978,1.5019475221633911,1.4882293939590454,1.5444633960723877,1.6942700147628784,1.965702772140503,2.1475589275360107,2.14072322845459,2.35788893699646,2.4148519039154053,2.6398587226867676,2.9114532470703125,2.648226499557495,2.2517919540405273,2.2014899253845215,1.9963104724884033,1.9997001886367798,1.9605827331542969,2.006556987762451,2.108351945877075,2.3258707523345947,2.5244030952453613,2.5680713653564453,2.781679153442383,2.8770689964294434,3.089728593826294
A7,1.8494676351547241,1.5393418073654175,1.2672641277313232,0.9793277382850647,0.6542253494262695,0.3836385905742645,0.0,0.3915592133998871,0.6653513312339783,1.0253708362579346,1.0915640592575073,0.9095787405967712,1.2096043825149536,1.2000237703323364,1.5522135496139526,1.9051189422607422,1.7223058938980103,1.3632638454437256,1.1534323692321777,0.8247770667076111,0.6565784215927124,0.5021737217903137,0.6188498735427856,0.8165830969810486,1.1714067459106445,1.2820850610733032,1.161280632019043,1.4202173948287964,1.4539835453033447,1.7532625198364258,2.203916072845459,1.9906362295150757,1.608850359916687,1.4498623609542847,1.1692332029342651,1.0861719846725464,0.9723453521728516,1.0409151315689087,1.1569212675094604,1.4627337455749512,1.5897071361541748,1.5287461280822754,1.7419930696487427,1.7982697486877441,2.0458059310913086,2.574021100997925,2.336104154586792,1.9462789297103882,1.8256171941757202,1.569400429725647,1.5359245538711548,1.4366227388381958,1.4986306428909302,1.5727089643478394,1.8366475105285645,1.9639947414398193,1.9493608474731445,2.1265711784362793,2.200989007949829,2.400907039642334,2.9861209392547607,2.6964495182037354,2.303910255432129,2.238983631134033,1.9863911867141724,2.004842758178711,1.9078572988510132,1.9752193689346313,2.0244147777557373,2.2496695518493652,2.394136905670166,2.4232091903686523,2.593127727508545,2.6874380111694336,2.8653299808502197
A8,2.2060225009918213,1.8951799869537354,1.6006988286972046,1.289597988128662,1.0105750560760498,0.660338819026947,0.3915592133998871,0.0,0.3720826804637909,0.6956560611724854,0.8726682066917419,0.8296646475791931,1.1943756341934204,1.3028329610824585,1.670614242553711,2.2871806621551514,2.084653377532959,1.721666693687439,1.4715079069137573,1.1546180248260498,0.88917076587677,0.6515599489212036,0.5070614218711853,0.5954486727714539,0.8896477818489075,1.075166940689087,1.0715303421020508,1.3784462213516235,1.5131875276565552,1.8334041833877563,2.5599982738494873,2.321246862411499,1.9413455724716187,1.7341052293777466,1.4361464977264404,1.2646501064300537,1.071900725364685,0.9999996423721313,1.0222861766815186,1.2546722888946533,1.4165493249893188,1.4452232122421265,1.683398962020874,1.822997808456421,2.0913000106811523,2.8950376510620117,2.629411220550537,2.242283582687378,2.0725531578063965,1.787807822227478,1.6842429637908936,1.5170069932937622,1.490606427192688,1.4872386455535889,1.686063528060913,1.822302222251892,1.8735677003860474,2.0595169067382812,2.2014307975769043,2.417527198791504,3.272475004196167,2.9575908184051514,2.569275140762329,2.456317663192749,2.1706011295318604,2.137434720993042,1.9788368940353394,1.9902454614639282,1.9710527658462524,2.145310163497925,2.276118278503418,2.3534185886383057,2.507755994796753,2.6528167724609375,2.822967529296875
A9,2.5123095512390137,2.2042360305786133,1.9275001287460327,1.6293420791625977,1.3191908597946167,1.0049142837524414,0.6653513312339783,0.3720826804637909,0.0,0.37742671370506287,0.530051052570343,0.5799800753593445,0.9492236971855164,1.1518466472625732,1.5038673877716064,2.5299465656280518,2.346257448196411,2.0053012371063232,1.764644742012024,1.416284203529358,1.1695153713226318,0.8477957248687744,0.6676162481307983,0.5142358541488647,0.720266580581665,0.839099109172821,0.8855579495429993,1.160796880722046,1.3645817041397095,1.6627318859100342,2.7725512981414795,2.5422511100769043,2.1761839389801025,1.9688042402267456,1.6341888904571533,1.4675959348678589,1.1979392766952515,1.1066089868545532,0.9983296990394592,1.1714379787445068,1.260416865348816,1.3090083599090576,1.4985328912734985,1.6839709281921387,1.9249323606491089,3.0710554122924805,2.804608106613159,2.4242191314697266,2.2481226921081543,1.9274840354919434,1.8282225131988525,1.5976637601852417,1.56879723072052,1.4806636571884155,1.6463446617126465,1.714732050895691,1.7670437097549438,1.9018865823745728,2.0709211826324463,2.2564430236816406,3.4082884788513184,3.07576584815979,2.699863910675049,2.574608087539673,2.257958173751831,2.2337985038757324,2.026690721511841,2.050964117050171,1.97532057762146,2.1432433128356934,2.2114014625549316,2.277540445327759,2.378736972808838,2.5270543098449707,2.655630588531494
A10,2.8744051456451416,2.555964708328247,2.2830300331115723,1.9681224822998047,1.6759223937988281,1.3453251123428345,1.0253708362579346,0.6956560611724854,0.37742671370506287,0.0,0.3884139358997345,0.6656073927879333,0.9984651803970337,1.2886461019515991,1.618371605873108,2.8667266368865967,2.667280435562134,2.335465908050537,2.0694572925567627,1.7239940166473389,1.444788932800293,1.1021009683609009,0.8368248343467712,0.5384511947631836,0.514744758605957,0.6508625745773315,0.8498162031173706,1.1228814125061035,1.4134047031402588,1.707232117652893,3.066283702850342,2.817095994949341,2.462061882019043,2.2232604026794434,1.8774141073226929,1.6682108640670776,1.3528637886047363,1.1816822290420532,0.9631183743476868,1.0147970914840698,1.085221767425537,1.2218486070632935,1.404537320137024,1.66521155834198,1.9093620777130127,3.3178865909576416,3.0304980278015137,2.6608710289001465,2.4497931003570557,2.1095666885375977,1.9684094190597534,1.685729742050171,1.5983449220657349,1.4257642030715942,1.513898253440857,1.5526411533355713,1.6573644876480103,1.7772334814071655,2.0057358741760254,2.1939682960510254,3.6092989444732666,3.2550997734069824,2.892754077911377,2.72859787940979,2.387822389602661,2.3287065029144287,2.069955587387085,2.0577073097229004,1.9139279127120972,2.035088300704956,2.0623652935028076,2.1584813594818115,2.2258689403533936,2.413332939147949,2.5225141048431396
A11,2.897321939468384,2.576800584793091,2.344789743423462,2.0466697216033936,1.7244337797164917,1.4517887830734253,1.0915640592575073,0.8726682066917419,0.530051052570343,0.3884139358997345,0.0,0.3734976053237915,0.6343941688537598,0.963153600692749,1.2660843133926392,2.7909371852874756,2.614572525024414,2.318741798400879,2.07666277885437,1.706994891166687,1.482749581336975,1.104868769645691,0.9390692114830017,0.6025269031524658,0.6148117780685425,0.49176308512687683,0.5904173254966736,0.7765956521034241,1.080976963043213,1.3440001010894775,2.9497311115264893,2.7198667526245117,2.387890338897705,2.1703550815582275,1.8023402690887451,1.6422922611236572,1.298341989517212,1.2067620754241943,0.9535408020019531,1.0403167009353638,0.9734064340591431,1.0188233852386475,1.1171340942382812,1.361043930053711,1.5647752285003662,3.16627836227417,2.8924686908721924,2.5356900691986084,2.34294056892395,1.98507821559906,1.8898253440856934,1.587119460105896,1.5669852495193481,1.3774604797363281,1.5045177936553955,1.4556127786636353,1.4840601682662964,1.536505103111267,1.7327715158462524,1.8773736953735352,3.4251112937927246,3.067751407623291,2.721285343170166,2.5702619552612305,2.219417095184326,2.20322585105896,1.9375940561294556,1.9857786893844604,1.8439496755599976,2.0126359462738037,1.9859768152236938,2.0159924030303955,2.041346549987793,2.181178569793701,2.2551043033599854
A12,2.617539405822754,2.3000645637512207,2.100620985031128,1.824460506439209,1.486114501953125,1.2765642404556274,0.9095787405967712,0.8296646475791931,0.5799800753593445,0.6656073927879333,0.3734976053237915,0.0,0.381479948759079,0.6230987906455994,0.9638604521751404,2.457658290863037,2.3004567623138428,2.0263326168060303,1.8140692710876465,1.4340848922729492,1.272871732711792,0.8987339735031128,0.8687466382980347,0.6316692233085632,0.8110395073890686,0.6413118839263916,0.48928961157798767,0.6285431981086731,0.8223288059234619,1.091684103012085,2.611365795135498,2.4019901752471924,2.07881236076355,1.8934624195098877,1.5220367908477783,1.4243041276931763,1.101373553276062,1.1226239204406738,0.9488970637321472,1.1499015092849731,1.0596840381622314,0.9727057218551636,1.0450313091278076,1.188443660736084,1.3779420852661133,2.836172103881836,2.582183837890625,2.225644588470459,2.0666985511779785,1.7141191959381104,1.677496075630188,1.4080450534820557,1.473878264427185,1.3527743816375732,1.5634433031082153,1.511161208152771,1.4564305543899536,1.500949501991272,1.6172446012496948,1.745803952217102,3.109731435775757,2.76572322845459,2.4167320728302,2.3006393909454346,1.9638384580612183,1.9980427026748657,1.7742525339126587,1.8837580680847168,1.8049628734588623,2.0345468521118164,2.024550199508667,1.9990075826644897,2.0440399646759033,2.1249544620513916,2.20932936668396
A13,2.7664966583251953,2.4616856575012207,2.30515718460083,2.06083607673645,1.713357925415039,1.568013310432434,1.2096043825149536,1.1943756341934204,0.9492236971855164,0.9984651803970337,0.6343941688537598,0.381479948759079,0.0,0.3823149502277374,0.6329866647720337,2.515132188796997,2.3943769931793213,2.167890787124634,1.9950523376464844,1.6162872314453125,1.5235259532928467,1.167712926864624,1.2064279317855835,0.9770554900169373,1.1094419956207275,0.8314481377601624,0.5996686220169067,0.475893497467041,0.6140860915184021,0.7794296741485596,2.626682758331299,2.450098752975464,2.1638987064361572,2.0149717330932617,1.6432486772537231,1.6079636812210083,1.2917027473449707,1.3771507740020752,1.1914955377578735,1.375850796699524,1.18507719039917,1.015145182609558,0.946099042892456,1.0291067361831665,1.1224911212921143,2.810730457305908,2.5821619033813477,2.2510623931884766,2.123628854751587,1.7690839767456055,1.7894682884216309,1.5189112424850464,1.6449241638183594,1.5123533010482788,1.7303080558776855,1.598482370376587,1.4703956842422485,1.422122836112976,1.4826231002807617,1.5326333045959473,3.0433270931243896,2.7033770084381104,2.3821256160736084,2.289189338684082,1.9536025524139404,2.039853572845459,1.8194044828414917,1.987009882926941,1.9093064069747925,2.1665916442871094,2.1006669998168945,2.01051926612854,2.000676393508911,2.021320343017578,2.0521011352539062
A14,2.5277600288391113,2.2317800521850586,2.1245338916778564,1.9140939712524414,1.5756832361221313,1.5140869617462158,1.2000237703323364,1.3028329610824585,1.1518466472625732,1.2886461019515991,0.963153600692749,0.6230987906455994,0.3823149502277374,0.0,0.38033661246299744,2.2029428482055664,2.1067705154418945,1.9214937686920166,1.7910676002502441,1.426862359046936,1.4200043678283691,1.1186013221740723,1.2754673957824707,1.1460210084915161,1.3536630868911743,1.0960001945495605,0.7693132162094116,0.6189368367195129,0.49186354875564575,0.6134388446807861,2.292201042175293,2.143130302429199,1.8813848495483398,1.777343511581421,1.4218670129776,1.468727469444275,1.2087774276733398,1.3989155292510986,1.3001168966293335,1.5514529943466187,1.3696624040603638,1.1136053800582886,1.0328469276428223,0.9702354073524475,1.0296262502670288,2.4740726947784424,2.271926164627075,1.9513641595840454,1.869329810142517,1.535420298576355,1.6296823024749756,1.4159246683120728,1.6250169277191162,1.5678623914718628,1.844469428062439,1.7239255905151367,1.5305718183517456,1.4847965240478516,1.4491204023361206,1.4800881147384644,2.7162396907806396,2.394660472869873,2.0775322914123535,2.0291237831115723,1.7209205627441406,1.8672442436218262,1.7058948278427124,1.9326245784759521,1.9234235286712646,2.226674795150757,2.183157205581665,2.0458924770355225,2.0622198581695557,2.0227017402648926,2.070338249206543
A15,2.720888376235962,2.4505977630615234,2.3809332847595215,2.20817494392395,1.872310996055603,1.8554545640945435,1.5522135496139526,1.670614242553711,1.5038673877716064,1.618371605873108,1.2660843133926392,0.9638604521751404,0.6329866647720337,0.38033661246299744,0.0,2.3253211975097656,2.2770440578460693,2.14237380027771,2.058645725250244,1.7145764827728271,1.7580806016921997,1.481594443321228,1.6541355848312378,1.5149903297424316,1.692699670791626,1.3963258266448975,1.0793224573135376,0.8195475935935974,0.623782753944397,0.4847615957260132,2.3801090717315674,2.2783408164978027,2.063138484954834,2.0061633586883545,1.674386978149414,1.7714998722076416,1.5345712900161743,1.7472888231277466,1.639316439628601,1.8680615425109863,1.637067198753357,1.354204773902893,1.1763299703598022,1.0452357530593872,0.9605991244316101,2.5240261554718018,2.3630383014678955,2.0805840492248535,2.043090343475342,1.7308390140533447,1.8755031824111938,1.6784471273422241,1.9194310903549194,1.8558876514434814,2.124809741973877,1.954315423965454,1.7173278331756592,1.5954753160476685,1.4985116720199585,1.4322763681411743,2.7247583866119385,2.422267198562622,2.1452457904815674,2.1340694427490234,1.8480533361434937,2.0438828468322754,1.8999879360198975,2.16660213470459,2.160352945327759,2.474794864654541,2.389989137649536,2.2043209075927734,2.1722474098205566,2.072913885116577,2.063339948654175
B1,0.8025951981544495,0.7295066714286804,1.0685962438583374,1.2552672624588013,1.3483021259307861,1.716128945350647,1.9051189422607422,2.2871806621551514,2.5299465656280518,2.8667266368865967,2.7909371852874756,2.457658290863037,2.515132188796997,2.2029428482055664,2.3253211975097656,0.0,0.3854523301124573,0.6669140458106995,1.0266878604888916,1.2168080806732178,1.5937190055847168,1.8494493961334229,2.219269275665283,2.497983694076538,2.8574650287628174,2.8478269577026367,2.544767379760742,2.6270995140075684,2.359586238861084,2.486649751663208,0.6299871802330017,0.7821253538131714,0.7467605471611023,1.1107003688812256,1.3004908561706543,1.6388684511184692,1.9068809747695923,2.2464709281921387,2.5368340015411377,2.905366897583008,2.9585154056549072,2.7059967517852783,2.822761297225952,2.600205183029175,2.72767972946167,1.2418304681777954,1.2993645668029785,1.1156352758407593,1.3996500968933105,1.5384366512298584,1.8182474374771118,2.072340965270996,2.36122727394104,2.6548874378204346,3.016422986984253,3.124689817428589,2.935082197189331,3.0794918537139893,2.9087343215942383,3.0365283489227295,1.8394787311553955,1.8137562274932861,1.5380563735961914,1.7884037494659424,1.8725616931915283,2.0933265686035156,2.3262150287628174,2.549064874649048,2.840120792388916,3.1624817848205566,3.353365421295166,3.231804847717285,3.4573094844818115,3.365361452102661,3.5769824981689453
B2,0.8578829765319824,0.6303024291992188,0.937873899936676,1.0341167449951172,1.1736304759979248,1.5057156085968018,1.7223058938980103,2.084653377532959,2.346257448196411,2.667280435562134,2.614572525024414,2.3004567623138428,2.3943769931793213,2.1067705154418945,2.2770440578460693,0.3854523301124573,0.0,0.39853140711784363,0.7015190720558167,0.9555889964103699,1.3096885681152344,1.6010866165161133,1.9574055671691895,2.258425712585449,2.608717679977417,2.6243083477020264,2.339381217956543,2.459730863571167,2.213911533355713,2.3889894485473633,0.6336346864700317,0.5683878660202026,0.42634114623069763,0.7612913846969604,1.0014588832855225,1.314389944076538,1.6178983449935913,1.941941261291504,2.256612777709961,2.6184756755828857,2.698728561401367,2.4653327465057373,2.6194469928741455,2.417951822280884,2.590728521347046,1.1836237907409668,1.1284877061843872,0.8866041302680969,1.1044734716415405,1.25441575050354,1.4941457509994507,1.7703684568405151,2.036221981048584,2.3494739532470703,2.703314781188965,2.8390953540802,2.671170949935913,2.85003662109375,2.70216703414917,2.870788097381592,1.765850305557251,1.6824551820755005,1.3669527769088745,1.5532864332199097,1.6232415437698364,1.7961080074310303,2.031132698059082,2.2227590084075928,2.5220346450805664,2.830265760421753,3.044607162475586,2.9463653564453125,3.196718454360962,3.132077932357788,3.3713595867156982
B3,0.79686439037323,0.4398326277732849,0.6089673638343811,0.6412426829338074,0.787996232509613,1.1184630393981934,1.3632638454437256,1.721666693687439,2.0053012371063232,2.335465908050537,2.318741798400879,2.0263326168060303,2.167890787124634,1.9214937686920166,2.14237380027771,0.6669140458106995,0.39853140711784363,0.0,0.38361218571662903,0.636102020740509,0.9773099422454834,1.287703514099121,1.6289867162704468,1.946342945098877,2.3034582138061523,2.354321241378784,2.099172830581665,2.261504888534546,2.064401388168335,2.2812447547912598,1.0091089010238647,0.8598009347915649,0.540235161781311,0.7004554867744446,0.8465728163719177,1.0990968942642212,1.3842945098876953,1.6760964393615723,1.9922878742218018,2.353970527648926,2.4650020599365234,2.2679190635681152,2.45328688621521,2.303053855895996,2.5084404945373535,1.5177782773971558,1.3891948461532593,1.0710523128509521,1.1731433868408203,1.2253315448760986,1.3960990905761719,1.6248795986175537,1.8492060899734497,2.144994020462036,2.48931622505188,2.647265672683716,2.5179009437561035,2.716477394104004,2.6184659004211426,2.8099334239959717,2.0691845417022705,1.924616813659668,1.5671910047531128,1.67701256275177,1.6641238927841187,1.7876969575881958,1.961458444595337,2.1155011653900146,2.379976272583008,2.6707823276519775,2.8942713737487793,2.8345634937286377,3.086400032043457,3.0649256706237793,3.3057868480682373
B4,1.1136857271194458,0.7307040691375732,0.7289798259735107,0.5406342148780823,0.6792266368865967,0.9004815816879272,1.1534323692321777,1.4715079069137573,1.764644742012024,2.0694572925567627,2.07666277885437,1.8140692710876465,1.9950523376464844,1.7910676002502441,2.058645725250244,1.0266878604888916,0.7015190720558167,0.38361218571662903,0.0,0.3831756114959717,0.6452946662902832,0.9926145672798157,1.3084535598754883,1.6442079544067383,1.9877991676330566,2.065495014190674,1.8382099866867065,2.0426337718963623,1.8847600221633911,2.1494922637939453,1.2352256774902344,0.9756160974502563,0.600979208946228,0.5154899954795837,0.5977451801300049,0.7563437223434448,1.0594956874847412,1.3209145069122314,1.6556775569915771,2.008432388305664,2.1474084854125977,1.9791587591171265,2.2031421661376953,2.0905609130859375,2.340043067932129,1.639768123626709,1.4211137294769287,1.0649433135986328,1.0337778329849243,1.022576928138733,1.1058913469314575,1.317070722579956,1.500585675239563,1.8010038137435913,2.134167194366455,2.317133903503418,2.2182109355926514,2.4480836391448975,2.3871939182281494,2.6158273220062256,2.131042957305908,1.9241961240768433,1.5435835123062134,1.561547040939331,1.4918503761291504,1.5487185716629028,1.6844016313552856,1.7963125705718994,2.0466437339782715,2.319959878921509,2.558844566345215,2.5291666984558105,2.7962746620178223,2.810633659362793,3.0696046352386475
B5,1.3439806699752808,0.9715222120285034,0.8771476149559021,0.615058183670044,0.5148992538452148,0.6663588881492615,0.8247770667076111,1.1546180248260498,1.416284203529358,1.7239940166473389,1.706994891166687,1.4340848922729492,1.6162872314453125,1.426862359046936,1.7145764827728271,1.2168080806732178,0.9555889964103699,0.636102020740509,0.3831756114959717,0.0,0.38554227352142334,0.6533844470977783,1.0073007345199585,1.3131115436553955,1.6693485975265503,1.7223360538482666,1.4854044914245605,1.687172532081604,1.5483412742614746,1.8237028121948242,1.4263873100280762,1.1802197694778442,0.7933913469314575,0.6553003787994385,0.4848501980304718,0.6112868785858154,0.7999923825263977,1.0812901258468628,1.372744083404541,1.7375776767730713,1.8488048315048218,1.6757935285568237,1.8869988918304443,1.7962944507598877,2.0442161560058594,1.796585202217102,1.5617955923080444,1.1756125688552856,1.103371262550354,0.9599127173423767,1.0327931642532349,1.1411032676696777,1.3342632055282593,1.5808929204940796,1.9214485883712769,2.0709009170532227,1.9685962200164795,2.1757586002349854,2.1345865726470947,2.351194143295288,2.2464561462402344,1.994490385055542,1.599435806274414,1.586990475654602,1.4334698915481567,1.50080406665802,1.5596815347671509,1.6898502111434937,1.8888435363769531,2.1742711067199707,2.3736557960510254,2.338649272918701,2.5737345218658447,2.59506893157959,2.82854962348938
B6,1.6387946605682373,1.2658517360687256,1.0894317626953125,0.7379966378211975,0.6223964691162109,0.5201489925384521,0.6565784215927124,0.88917076587677,1.1695153713226318,1.444788932800293,1.482749581336975,1.272871732711792,1.5235259532928467,1.4200043678283691,1.7580806016921997,1.5937190055847168,1.3096885681152344,0.9773099422454834,0.6452946662902832,0.38554227352142334,0.0,0.3840959668159485,0.663291871547699,1.0078743696212769,1.349705696105957,1.461135983467102,1.288135290145874,1.5587372779846191,1.5021309852600098,1.8291298151016235,1.7733113765716553,1.4871631860733032,1.110601782798767,0.8640851378440857,0.631941556930542,0.49721547961235046,0.5915248990058899,0.7635294198989868,1.0670653581619263,1.4160401821136475,1.5799765586853027,1.4713653326034546,1.7369881868362427,1.720944881439209,2.0159406661987305,2.089040994644165,1.8082406520843506,1.4253665208816528,1.2558820247650146,1.0508085489273071,0.9840309619903564,1.0058256387710571,1.0983537435531616,1.3164747953414917,1.6279363632202148,1.8148179054260254,1.7728770971298218,2.016704559326172,2.0416436195373535,2.296334743499756,2.490478515625,2.2011613845825195,1.8066864013671875,1.7137420177459717,1.5044101476669312,1.4852300882339478,1.4671896696090698,1.5236762762069702,1.6721798181533813,1.9193305969238281,2.1333534717559814,2.151388645172119,2.395571231842041,2.472956657409668,2.718111753463745
B7,1.9433950185775757,1.5823997259140015,1.3905750513076782,1.054308533668518,0.8226497769355774,0.61655592918396,0.5021737217903137,0.6515599489212036,0.8477957248687744,1.1021009683609009,1.104868769645691,0.8987339735031128,1.167712926864624,1.1186013221740723,1.481594443321228,1.8494493961334229,1.6010866165161133,1.287703514099121,0.9926145672798157,0.6533844470977783,0.3840959668159485,0.0,0.3862563669681549,0.6598787903785706,1.0177083015441895,1.0947719812393188,0.9217283129692078,1.2070424556732178,1.2035534381866455,1.547631859779358,2.008513927459717,1.7358288764953613,1.373387098312378,1.1285581588745117,0.8032034635543823,0.6367493867874146,0.470834881067276,0.5964875817298889,0.7895456552505493,1.1452360153198242,1.2687655687332153,1.1664304733276367,1.4214574098587036,1.4515461921691895,1.747421145439148,2.2829277515411377,1.996193289756775,1.613914966583252,1.425112247467041,1.1370126008987427,1.054269552230835,0.9367750287055969,1.01246178150177,1.1282057762145996,1.4320552349090576,1.569340705871582,1.5309436321258545,1.745546579360962,1.8047317266464233,2.0465657711029053,2.635772943496704,2.314884662628174,1.926859736442566,1.807223916053772,1.5336939096450806,1.5172741413116455,1.4106833934783936,1.4771242141723633,1.5494699478149414,1.7986633777618408,1.9564262628555298,1.9704571962356567,2.171673536300659,2.2613868713378906,2.475295305252075
B8,2.249351978302002,1.8927241563796997,1.6584584712982178,1.300053358078003,1.0918571949005127,0.7736328840255737,0.6188498735427856,0.5070614218711853,0.6676162481307983,0.8368248343467712,0.9390692114830017,0.8687466382980347,1.2064279317855835,1.2754673957824707,1.6541355848312378,2.219269275665283,1.9574055671691895,1.6289867162704468,1.3084535598754883,1.0073007345199585,0.663291871547699,0.3862563669681549,0.0,0.3780902326107025,0.7015270590782166,0.8892932534217834,0.8556687831878662,1.2113263607025146,1.3217864036560059,1.6875890493392944,2.376210927963257,2.0848333835601807,1.726008653640747,1.445949912071228,1.136077642440796,0.8751434087753296,0.6363928318023682,0.49367755651474,0.584507942199707,0.8769494295120239,1.0765866041183472,1.0922256708145142,1.3954582214355469,1.5246021747589111,1.8475470542907715,2.62742280960083,2.3184502124786377,1.9453392028808594,1.7121081352233887,1.4128342866897583,1.24221932888031,1.050413727760315,0.9863362312316895,1.0091724395751953,1.2371617555618286,1.409403920173645,1.4606196880340576,1.7012665271759033,1.8422260284423828,2.109193801879883,2.950582981109619,2.611191987991333,2.2319223880767822,2.064167022705078,1.7653248310089111,1.6813021898269653,1.506068229675293,1.4889757633209229,1.479822039604187,1.6630934476852417,1.8210147619247437,1.901854157447815,2.0970566272735596,2.251267194747925,2.464797258377075
B9,2.5710575580596924,2.2208056449890137,1.9889272451400757,1.6449815034866333,1.3929258584976196,1.0795848369598389,0.8165830969810486,0.5954486727714539,0.5142358541488647,0.5384511947631836,0.6025269031524658,0.6316692233085632,0.9770554900169373,1.1460210084915161,1.5149903297424316,2.497983694076538,2.258425712585449,1.946342945098877,1.6442079544067383,1.3131115436553955,1.0078743696212769,0.6598787903785706,0.3780902326107025,0.0,0.3718433976173401,0.5337475538253784,0.5925831198692322,0.9614920020103455,1.1677837371826172,1.5250260829925537,2.6337149143218994,2.3536148071289062,2.009265661239624,1.7363030910491943,1.3937478065490723,1.151188611984253,0.8269602060317993,0.6492370367050171,0.48507431149482727,0.6913325190544128,0.8213708996772766,0.8885176181793213,1.1637048721313477,1.3667006492614746,1.6749392747879028,2.8495354652404785,2.5405564308166504,2.1766839027404785,1.9384363889694214,1.6022253036499023,1.435871958732605,1.1622000932693481,1.0809470415115356,0.9689359664916992,1.1419941186904907,1.236698865890503,1.3065639734268188,1.5002959966659546,1.6895462274551392,1.9342750310897827,3.129025936126709,2.7705111503601074,2.406399965286255,2.222766637802124,1.8884799480438232,1.8093726634979248,1.5690706968307495,1.5576480627059937,1.4650447368621826,1.6307958364486694,1.7131474018096924,1.7923004627227783,1.9286035299301147,2.0996148586273193,2.272043228149414
B10,2.9356839656829834,2.5827853679656982,2.3469960689544678,1.9956951141357422,1.7573918104171753,1.4282859563827515,1.1714067459106445,0.8896477818489075,0.720266580581665,0.514744758605957,0.6148117780685425,0.8110395073890686,1.1094419956207275,1.3536630868911743,1.692699670791626,2.8574650287628174,2.608717679977417,2.3034582138061523,1.9877991676330566,1.6693485975265503,1.349705696105957,1.0177083015441895,0.7015270590782166,0.3718433976173401,0.0,0.3853919506072998,0.6668899059295654,1.0108340978622437,1.3006285429000854,1.6417683362960815,2.962858200073242,2.6698944568634033,2.3388302326202393,2.0448477268218994,1.7057669162750244,1.4332473278045654,1.0922900438308716,0.832861065864563,0.5312772393226624,0.5008437633514404,0.6387907862663269,0.8537154197692871,1.126693844795227,1.415706753730774,1.7241249084472656,3.137784481048584,2.812774658203125,2.4642696380615234,2.197295904159546,1.8531562089920044,1.6462222337722778,1.329156756401062,1.1712279319763184,0.9491925835609436,1.001167893409729,1.070180058479309,1.2233129739761353,1.4089109897613525,1.6721059083938599,1.9230598211288452,3.3729400634765625,2.9974756240844727,2.6511435508728027,2.4309067726135254,2.079615831375122,1.9606446027755737,1.6679028272628784,1.6049566268920898,1.4266884326934814,1.523939609527588,1.5617594718933105,1.6879498958587646,1.790298581123352,2.0144386291503906,2.1702582836151123
B11,3.0180108547210693,2.6660189628601074,2.465566873550415,2.133460760116577,1.8619706630706787,1.5840288400650024,1.2820850610733032,1.075166940689087,0.839099109172821,0.6508625745773315,0.49176308512687683,0.6413118839263916,0.8314481377601624,1.0960001945495605,1.3963258266448975,2.8478269577026367,2.6243083477020264,2.354321241378784,2.065495014190674,1.7223360538482666,1.461135983467102,1.0947719812393188,0.8892932534217834,0.5337475538253784,0.3853919506072998,0.0,0.37804192304611206,0.6554410457611084,0.9862779378890991,1.3013795614242554,2.9129180908203125,2.640399694442749,2.33390736579895,2.062920093536377,1.7003092765808105,1.4821040630340576,1.1086095571517944,0.9489896297454834,0.6042034029960632,0.6075265407562256,0.482190877199173,0.6014335751533508,0.7871055603027344,1.0959923267364502,1.3734644651412964,3.0488548278808594,2.7370731830596924,2.4032983779907227,2.154026746749878,1.7883327007293701,1.6303014755249023,1.2828086614608765,1.2037979364395142,0.9458143711090088,1.0354048013687134,0.9651975035667419,1.027877688407898,1.1278560161590576,1.3780337572097778,1.5881121158599854,3.2449750900268555,2.863211154937744,2.5355513095855713,2.32491397857666,1.9578218460083008,1.8834017515182495,1.5724475383758545,1.5789543390274048,1.3900066614151,1.5397058725357056,1.4959975481033325,1.5434167385101318,1.5846465826034546,1.7640302181243896,1.8767513036727905
B12,2.7840492725372314,2.43430757522583,2.2722272872924805,1.9619258642196655,1.6784178018569946,1.4640241861343384,1.161280632019043,1.0715303421020508,0.8855579495429993,0.8498162031173706,0.5904173254966736,0.48928961157798767,0.5996686220169067,0.7693132162094116,1.0793224573135376,2.544767379760742,2.339381217956543,2.099172830581665,1.8382099866867065,1.4854044914245605,1.288135290145874,0.9217283129692078,0.8556687831878662,0.5925831198692322,0.6668899059295654,0.37804192304611206,0.0,0.3797983229160309,0.634183943271637,0.9792965054512024,2.588136672973633,2.334214448928833,2.0428099632263184,1.7999085187911987,1.427070140838623,1.2717701196670532,0.901258647441864,0.8787805438041687,0.6235818266868591,0.7960196733474731,0.6217383742332458,0.48359692096710205,0.6184643507003784,0.8212963342666626,1.0987118482589722,2.71720552444458,2.4222421646118164,2.091529607772827,1.8710956573486328,1.4996922016143799,1.4041063785552979,1.0731884241104126,1.1078699827194214,0.9265924692153931,1.1329824924468994,1.0389777421951294,0.9675486087799072,1.0385591983795166,1.1896041631698608,1.3801414966583252,2.915971517562866,2.541499376296997,2.213667392730713,2.032557725906372,1.6689985990524292,1.6523139476776123,1.3748606443405151,1.4662033319473267,1.3490854501724243,1.5823016166687012,1.5459343194961548,1.5102399587631226,1.5632221698760986,1.663063883781433,1.7798386812210083
B13,2.9451799392700195,2.6094391345977783,2.481074094772339,2.2021000385284424,1.8998334407806396,1.7378885746002197,1.4202173948287964,1.3784462213516235,1.160796880722046,1.1228814125061035,0.7765956521034241,0.6285431981086731,0.475893497467041,0.6189368367195129,0.8195475935935974,2.6270995140075684,2.459730863571167,2.261504888534546,2.0426337718963623,1.687172532081604,1.5587372779846191,1.2070424556732178,1.2113263607025146,0.9614920020103455,1.0108340978622437,0.6554410457611084,0.3797983229160309,0.0,0.38466665148735046,0.648158073425293,2.6350817680358887,2.4161088466644287,2.1602559089660645,1.9586892127990723,1.5878156423568726,1.504387617111206,1.156361699104309,1.2097153663635254,0.9721355438232422,1.1083985567092896,0.8312655091285706,0.5972846746444702,0.4702797830104828,0.6138660907745361,0.7894927859306335,2.725006580352783,2.457446336746216,2.1534054279327393,1.9691468477249146,1.5988893508911133,1.5705240964889526,1.2500280141830444,1.355114459991455,1.171428918838501,1.3706399202346802,1.1795402765274048,1.0150601863861084,0.9463425278663635,1.031424641609192,1.1265876293182373,2.8805458545684814,2.509887933731079,2.2125439643859863,2.0567572116851807,1.695267677307129,1.7387255430221558,1.4680759906768799,1.6268218755722046,1.511599063873291,1.7687749862670898,1.6626286506652832,1.5486632585525513,1.5255990028381348,1.5522314310073853,1.5999513864517212
