,A1,A2,A3,A4,A5,A6,A7,A8,A9,A10,A11,A12,A13,A14,A15,B1,B2,B3,B4,B5,B6,B7,B8,B9,B10,B11,B12,B13,B14,B15,C1,C2,C3,C4,C5,C6,C7,C8,C9,C10,C11,C12,C13,C14,C15,D1,D2,D3,D4,D5,D6,D7,D8,D9,D10,D11,D12,D13,D14,D15,E1,E2,E3,E4,E5,E6,E7,E8,E9,E10,E11,E12,E13,E14,E15
A1,0.0,0.3896466791629791,0.6166644096374512,0.9593610763549805,1.2182403802871704,1.567084550857544,1.8499162197113037,2.1938016414642334,2.4745779037475586,2.842306613922119,2.849926710128784,2.576322078704834,2.6972835063934326,2.467695474624634,2.6115670204162598,0.6261077523231506,0.809510350227356,0.8098191618919373,1.1156724691390991,1.3725935220718384,1.6614787578582764,1.9690067768096924,2.264676094055176,2.568342447280884,2.9363420009613037,3.016165018081665,2.8086600303649902,2.9608354568481445,2.799238920211792,2.9471435546875,1.2718267440795898,1.400165319442749,1.2512681484222412,1.5015769004821777,1.6747026443481445,1.9018046855926514,2.183269739151001,2.43119740486145,2.7365667819976807,3.094849109649658,3.234123706817627,3.095745086669922,3.276844024658203,3.1681156158447266,3.322530746459961,2.0490798950195312,2.041383981704712,1.7765384912490845,1.979892373085022,2.074119806289673,2.2468953132629395,2.4836525917053223,2.67413067817688,2.9642837047576904,3.299224376678467,3.4832189083099365,3.415924549102783,3.6198232173919678,3.568082809448242,3.734375476837158,3.0482826232910156,2.780644416809082,2.447153329849243,2.5654242038726807,2.556650400161743,2.6822166442871094,2.859269618988037,2.98249888420105,3.248365640640259,3.5510413646698,3.7699575424194336,3.765976667404175,3.9939942359924316,4.031730651855469,4.2469048500061035
A2,0.3896466791629791,0.0,0.38024646043777466,0.6359986662864685,0.9352675080299377,1.269688606262207,1.562986135482788,1.9057369232177734,2.1900794506073,2.5463476181030273,2.552142381668091,2.2803120613098145,2.413463830947876,2.185744524002075,2.359225273132324,0.6135839223861694,0.5827771425247192,0.4708256423473358,0.7333752512931824,1.0137302875518799,1.2956912517547607,1.620711326599121,1.9193259477615356,2.231555223464966,2.596642017364502,2.679255962371826,2.4725043773651123,2.6396405696868896,2.481684923171997,2.655562162399292,1.1342233419418335,1.1564016342163086,0.943783164024353,1.1440997123718262,1.3057101964950562,1.5167150497436523,1.8078981637954712,2.0546071529388428,2.3686277866363525,2.726918935775757,2.871398448944092,2.736144542694092,2.931696653366089,2.829094171524048,3.005232572555542,1.858328938484192,1.7897155284881592,1.4884244203567505,1.6471747159957886,1.7172385454177856,1.868564486503601,2.102891683578491,2.286430835723877,2.580993413925171,2.915656328201294,3.1048591136932373,3.043126344680786,3.258920907974243,3.2164363861083984,3.400369644165039,2.7969765663146973,2.5151896476745605,2.1648812294006348,2.245011329650879,2.2122833728790283,2.3175485134124756,2.4832749366760254,2.5969314575195312,2.8608078956604004,3.1616482734680176,3.383606195449829,3.3857421875,3.620906114578247,3.669952392578125,3.895723581314087
A3,0.6166644096374512,0.38024646043777466,0.0,0.36932921409606934,0.6169637441635132,0.9524174332618713,1.2526748180389404,1.5847493410110474,1.8798187971115112,2.244706869125366,2.280442476272583,2.0359504222869873,2.20619797706604,2.0247557163238525,2.2332911491394043,0.9079731702804565,0.8421341180801392,0.5578349232673645,0.7204179763793945,0.8606634140014648,1.1015002727508545,1.395533561706543,1.6683130264282227,1.9756877422332764,2.340925455093384,2.4456074237823486,2.27156138420105,2.4626100063323975,2.351879119873047,2.5488407611846924,1.4123761653900146,1.3790292739868164,1.0857396125793457,1.2198867797851562,1.2667243480682373,1.4333969354629517,1.6674981117248535,1.8822858333587646,2.1740779876708984,2.524249315261841,2.679715394973755,2.576042890548706,2.7824769020080566,2.7231006622314453,2.91206693649292,2.098360538482666,1.972781777381897,1.6347861289978027,1.748091459274292,1.73361074924469,1.8565764427185059,2.028435468673706,2.1868784427642822,2.4464340209960938,2.7680482864379883,2.957139015197754,2.9218461513519287,3.1367909908294678,3.130422353744507,3.31742787361145,2.9834578037261963,2.671569347381592,2.3023719787597656,2.344785451889038,2.2503669261932373,2.344980478286743,2.454972267150879,2.5576441287994385,2.780643939971924,3.0713822841644287,3.280343532562256,3.3031485080718994,3.522981643676758,3.5953361988067627,3.809821128845215
A4,0.9593610763549805,0.6359986662864685,0.36932921409606934,0.0,0.38853999972343445,0.6519356369972229,0.985395610332489,1.2974380254745483,1.607677936553955,1.9571154117584229,2.010173797607422,1.7865058183670044,1.9896273612976074,1.834027647972107,2.08781361579895,1.1436108350753784,0.9535574913024902,0.589949369430542,0.5333547592163086,0.5879650712013245,0.7549356818199158,1.0696216821670532,1.3241056203842163,1.6490639448165894,2.0086288452148438,2.133944034576416,1.979920744895935,2.2030937671661377,2.1178321838378906,2.3540194034576416,1.5089287757873535,1.3758891820907593,1.0322978496551514,1.050128698348999,1.0226459503173828,1.120255947113037,1.3405718803405762,1.5279868841171265,1.8270374536514282,2.171623945236206,2.3459293842315674,2.2639286518096924,2.496572494506836,2.4625158309936523,2.6830809116363525,2.0979063510894775,1.9099018573760986,1.545169711112976,1.581312656402588,1.5083580017089844,1.578042984008789,1.7191059589385986,1.8475003242492676,2.10050106048584,2.4129600524902344,2.6153929233551025,2.602081537246704,2.8351528644561768,2.8545165061950684,3.0653676986694336,2.8845784664154053,2.5624656677246094,2.183095693588257,2.169236898422241,2.0320873260498047,2.089104413986206,2.1639950275421143,2.241460084915161,2.446439504623413,2.7257273197174072,2.939399003982544,2.9817662239074707,3.208432674407959,3.3048839569091797,3.5302908420562744
A5,1.2182403802871704,0.9352675080299377,0.6169637441635132,0.38853999972343445,0.0,0.37417465448379517,0.6363110542297363,0.9791460633277893,1.2644526958465576,1.6283400058746338,1.6709662675857544,1.4500378370285034,1.6637213230133057,1.5439324378967285,1.8123102188110352,1.3384379148483276,1.1556469202041626,0.7749210596084595,0.6999639272689819,0.510357141494751,0.6459214687347412,0.8399035334587097,1.0989742279052734,1.3806532621383667,1.7466490268707275,1.8528825044631958,1.7063220739364624,1.9232860803604126,1.8721592426300049,2.1072280406951904,1.671566367149353,1.5224738121032715,1.15221107006073,1.1523385047912598,1.0011039972305298,1.0933722257614136,1.2087655067443848,1.3946454524993896,1.6380422115325928,1.9806276559829712,2.125544786453247,2.047612428665161,2.2604570388793945,2.2535860538482666,2.461911201477051,2.212862968444824,1.9873541593551636,1.6159337759017944,1.6399589776992798,1.4908543825149536,1.5734566450119019,1.6387845277786255,1.7779035568237305,1.9766100645065308,2.285759925842285,2.4516959190368652,2.4348812103271484,2.639492988586426,2.6748619079589844,2.8651514053344727,2.949004650115967,2.597446918487549,2.2137062549591064,2.1887600421905518,2.0014524459838867,2.083775043487549,2.1080565452575684,2.2115797996520996,2.372481346130371,2.657867431640625,2.8294074535369873,2.8624398708343506,3.053088665008545,3.147305965423584,3.344252824783325
A6,1.567084550857544,1.269688606262207,0.9524174332618713,0.6519356369972229,0.37417465448379517,0.0,0.37856239080429077,0.6465312838554382,0.9716379046440125,1.3198094367980957,1.4186517000198364,1.2614936828613281,1.5395863056182861,1.4936411380767822,1.8141026496887207,1.6940436363220215,1.4738940000534058,1.0912491083145142,0.9096185564994812,0.622105598449707,0.520392894744873,0.616142988204956,0.7800825834274292,1.0725325345993042,1.4252269268035889,1.5800609588623047,1.4939591884613037,1.7616870403289795,1.7760812044143677,2.0559051036834717,1.9675968885421753,1.7656171321868896,1.3868529796600342,1.2913435697555542,1.053450345993042,1.0215061902999878,1.045606255531311,1.145142674446106,1.3621498346328735,1.6802306175231934,1.856368064880371,1.8325053453445435,2.0779571533203125,2.1279821395874023,2.370396852493286,2.4317972660064697,2.162813901901245,1.785996913909912,1.7348028421401978,1.516339659690857,1.5223551988601685,1.5101723670959473,1.5862447023391724,1.7415075302124023,2.019731283187866,2.199312925338745,2.227346181869507,2.4477248191833496,2.5320651531219482,2.744816780090332,3.064645528793335,2.7083089351654053,2.3256852626800537,2.2424395084381104,2.003917932510376,2.0389647483825684,1.998947262763977,2.0626306533813477,2.173947811126709,2.430964469909668,2.5984089374542236,2.6661601066589355,2.853034019470215,2.9850358963012695,3.1847095489501953
A7,1.8499162197113037,1.562986135482788,1.2526748180389404,0.985395610332489,0.6363110542297363,0.37856239080429077,0.0,0.3803292214870453,0.6286121606826782,0.9933059811592102,1.0609385967254639,0.9085640907287598,1.2038803100585938,1.214645504951477,1.549628734588623,1.9053475856781006,1.6844805479049683,1.3179444074630737,1.142983317375183,0.7761443853378296,0.6563467979431152,0.5075698494911194,0.638546347618103,0.8209371566772461,1.1732770204544067,1.2857768535614014,1.2061501741409302,1.461423397064209,1.519384503364563,1.7955756187438965,2.1243021488189697,1.910161018371582,1.5361863374710083,1.4314906597137451,1.120855689048767,1.0877670049667358,0.9848082065582275,1.076750636100769,1.199269413948059,1.5042113065719604,1.6280620098114014,1.6022166013717651,1.816637635231018,1.8953864574432373,2.1211087703704834,2.521841049194336,2.2260525226593018,1.8622394800186157,1.7994763851165771,1.5258185863494873,1.5451855659484863,1.4553453922271729,1.5459338426589966,1.6317187547683716,1.9006211757659912,2.0257632732391357,2.0411157608032227,2.2227137088775635,2.3198354244232178,2.5072712898254395,3.0841312408447266,2.7095534801483154,2.3358139991760254,2.2427515983581543,1.9658293724060059,2.025489330291748,1.9378060102462769,2.032392978668213,2.096675157546997,2.3583974838256836,2.472336530685425,2.521017074584961,2.6648924350738525,2.7882304191589355,2.955559730529785
A8,2.1938016414642334,1.9057369232177734,1.5847493410110474,1.2974380254745483,0.9791460633277893,0.6465312838554382,0.3803292214870453,0.0,0.36615175008773804,0.6935621500015259,0.8793350458145142,0.8707648515701294,1.2299784421920776,1.345143437385559,1.7033329010009766,2.277886390686035,2.0463526248931885,1.6768953800201416,1.4672032594680786,1.102347493171692,0.8808048367500305,0.6422701478004456,0.5314627885818481,0.6228864192962646,0.9143896698951721,1.1006672382354736,1.1350831985473633,1.436776041984558,1.5841138362884521,1.8884050846099854,2.4822301864624023,2.245154857635498,1.8734939098358154,1.7224982976913452,1.385064721107483,1.2630959749221802,1.0737296342849731,1.0366612672805786,1.0739624500274658,1.310024619102478,1.463532567024231,1.5207526683807373,1.7589964866638184,1.9117761850357056,2.161189079284668,2.8374781608581543,2.5195531845092773,2.1608290672302246,2.050143241882324,1.7389500141143799,1.6922874450683594,1.5271252393722534,1.539214015007019,1.5505585670471191,1.759438157081604,1.8880037069320679,1.961669683456421,2.1482646465301514,2.3048202991485596,2.5063652992248535,3.3187193870544434,2.946505546569824,2.5822203159332275,2.445911407470703,2.1345369815826416,2.1497745513916016,1.9985432624816895,2.047842502593994,2.045553684234619,2.2623417377471924,2.3601529598236084,2.448859691619873,2.576740264892578,2.7414519786834717,2.901742458343506
A9,2.4745779037475586,2.1900794506073,1.8798187971115112,1.607677936553955,1.2644526958465576,0.9716379046440125,0.6286121606826782,0.36615175008773804,0.0,0.37891554832458496,0.5386252403259277,0.6159414649009705,0.9843359589576721,1.1871037483215332,1.5367282629013062,2.502136707305908,2.26998233795166,1.9185858964920044,1.7170138359069824,1.3294649124145508,1.130001187324524,0.8032203316688538,0.6688077449798584,0.535285234451294,0.7481720447540283,0.8592849373817444,0.9299539923667908,1.2019469738006592,1.4105256795883179,1.6988394260406494,2.6581954956054688,2.4149041175842285,2.0573842525482178,1.9048997163772583,1.5382330417633057,1.4273160696029663,1.1606236696243286,1.1170680522918701,1.0356043577194214,1.2224653959274292,1.296973466873169,1.3574464321136475,1.5479789972305298,1.7371455430984497,1.961861252784729,2.951026439666748,2.617479085922241,2.280137062072754,2.1628499031066895,1.8224003314971924,1.7885349988937378,1.565725326538086,1.589741587638855,1.5267878770828247,1.710679292678833,1.7691316604614258,1.8274866342544556,1.9630959033966064,2.133888006210327,2.3039913177490234,3.3593175411224365,2.978834629058838,2.6320173740386963,2.489396333694458,2.1548187732696533,2.190072536468506,2.0001277923583984,2.076768636703491,2.0275511741638184,2.2411019802093506,2.277820587158203,2.3432796001434326,2.420340061187744,2.573657751083374,2.6958069801330566
A10,2.842306613922119,2.5463476181030273,2.244706869125366,1.9571154117584229,1.6283400058746338,1.3198094367980957,0.9933059811592102,0.6935621500015259,0.37891554832458496,0.0,0.3875007927417755,0.6812364459037781,1.0209622383117676,1.3038523197174072,1.6419296264648438,2.8500359058380127,2.599907636642456,2.256959915161133,2.0301923751831055,1.6429349184036255,1.4084192514419556,1.0533403158187866,0.8308860063552856,0.5458617806434631,0.5403821468353271,0.651196300983429,0.8603177666664124,1.1311427354812622,1.4212323427200317,1.7136898040771484,2.959848642349243,2.693281412124634,2.3482279777526855,2.162020683288574,1.7802492380142212,1.6252939701080322,1.3018790483474731,1.1818125247955322,0.9851235151290894,1.0591236352920532,1.0999736785888672,1.232744812965393,1.411971926689148,1.6703972816467285,1.9007669687271118,3.185105562210083,2.8317148685455322,2.5124006271362305,2.357567310333252,1.992343544960022,1.9185471534729004,1.6344701051712036,1.6086841821670532,1.4587671756744385,1.572095274925232,1.589343786239624,1.6839429140090942,1.7963069677352905,2.0177016258239746,2.1862359046936035,3.490445137023926,3.116273880004883,2.790438175201416,2.613417387008667,2.2550594806671143,2.2622554302215576,2.017624855041504,2.0706584453582764,1.952966332435608,2.124758005142212,2.1157312393188477,2.1973488330841064,2.2373716831207275,2.4162251949310303,2.5174808502197266
A11,2.849926710128784,2.552142381668091,2.280442476272583,2.010173797607422,1.6709662675857544,1.4186517000198364,1.0609385967254639,0.8793350458145142,0.5386252403259277,0.3875007927417755,0.0,0.377938449382782,0.6566246747970581,0.9762757420539856,1.2918144464492798,2.776571750640869,2.5246047973632812,2.212672710418701,2.003237009048462,1.6118782758712769,1.4333291053771973,1.053402066230774,0.9358683228492737,0.6159912943840027,0.6432305574417114,0.5058125853538513,0.5966227650642395,0.7853515148162842,1.0847712755203247,1.3487426042556763,2.824218273162842,2.5593161582946777,2.2385165691375732,2.0676722526550293,1.6808806657791138,1.5778371095657349,1.2362900972366333,1.2003997564315796,0.9791425466537476,1.0890051126480103,1.003265619277954,1.0319854021072388,1.130889892578125,1.364689826965332,1.5555671453475952,2.9896109104156494,2.6339476108551025,2.3415005207061768,2.200986862182617,1.8327323198318481,1.8078680038452148,1.5183627605438232,1.5650347471237183,1.4105079174041748,1.5633232593536377,1.5041953325271606,1.5144736766815186,1.5671918392181396,1.746170163154602,1.8732908964157104,3.252444267272949,2.8728652000427246,2.5641143321990967,2.404043197631836,2.046466588973999,2.1012680530548096,1.8641290664672852,1.981590986251831,1.876578450202942,2.089956521987915,2.0363829135894775,2.0507664680480957,2.055880546569824,2.181381940841675,2.253843069076538
A12,2.576322078704834,2.2803120613098145,2.0359504222869873,1.7865058183670044,1.4500378370285034,1.2614936828613281,0.9085640907287598,0.8707648515701294,0.6159414649009705,0.6812364459037781,0.377938449382782,0.0,0.3771759867668152,0.6236580014228821,0.965275228023529,2.451845169067383,2.203338623046875,1.913264513015747,1.7273082733154297,1.3422387838363647,1.2308396100997925,0.8671557307243347,0.8912022113800049,0.6682451367378235,0.8469057083129883,0.6665239930152893,0.5146732330322266,0.6461079120635986,0.8351295590400696,1.0917799472808838,2.4749064445495605,2.220993757247925,1.9110101461410522,1.7681795358657837,1.3903459310531616,1.3549994230270386,1.0475441217422485,1.1281707286834717,0.9898331165313721,1.2045878171920776,1.1037009954452515,1.008042335510254,1.0814775228500366,1.2146345376968384,1.3845824003219604,2.63995361328125,2.293900966644287,2.0055673122406006,1.8972104787826538,1.5448253154754639,1.5821828842163086,1.3408492803573608,1.4732824563980103,1.3924713134765625,1.6231878995895386,1.568518877029419,1.5039703845977783,1.5558030605316162,1.6575911045074463,1.7712074518203735,2.948986768722534,2.56146240234375,2.245368003845215,2.1193699836730957,1.7807934284210205,1.8862817287445068,1.7015535831451416,1.8752589225769043,1.8379967212677002,2.106818675994873,2.073946714401245,2.040951728820801,2.068966865539551,2.1442079544067383,2.229269027709961
A13,2.6972835063934326,2.413463830947876,2.20619797706604,1.9896273612976074,1.6637213230133057,1.5395863056182861,1.2038803100585938,1.2299784421920776,0.9843359589576721,1.0209622383117676,0.6566246747970581,0.3771759867668152,0.0,0.37665876746177673,0.6382126212120056,2.493574857711792,2.2564315795898438,2.013747453689575,1.8619073629379272,1.5031358003616333,1.4608300924301147,1.1286336183547974,1.2179832458496094,1.004941701889038,1.1429985761642456,0.8633490204811096,0.6104980707168579,0.49599984288215637,0.6124746203422546,0.7712514996528625,2.4497628211975098,2.2100670337677,1.942107081413269,1.830309510231018,1.4761210680007935,1.5061213970184326,1.2194015979766846,1.3639837503433228,1.2196497917175293,1.4221088886260986,1.2314049005508423,1.03981614112854,0.9837011098861694,1.0428968667984009,1.1223342418670654,2.5424015522003174,2.204061508178711,1.96018385887146,1.8799265623092651,1.5465673208236694,1.645482063293457,1.421093225479126,1.6170475482940674,1.5355982780456543,1.7765289545059204,1.6535824537277222,1.5066207647323608,1.478880524635315,1.5116533041000366,1.554404377937317,2.7986202239990234,2.4095680713653564,2.122875213623047,2.0275585651397705,1.7060126066207886,1.8709911108016968,1.7077919244766235,1.943645715713501,1.9190322160720825,2.211026906967163,2.133178234100342,2.032212018966675,2.0166616439819336,2.0234577655792236,2.065847635269165
A14,2.467695474624634,2.185744524002075,2.0247557163238525,1.834027647972107,1.5439324378967285,1.4936411380767822,1.214645504951477,1.345143437385559,1.1871037483215332,1.3038523197174072,0.9762757420539856,0.6236580014228821,0.37665876746177673,0.0,0.37932196259498596,2.2004477977752686,1.9626096487045288,1.7605197429656982,1.6346737146377563,1.3155431747436523,1.3503910303115845,1.0862289667129517,1.28031587600708,1.1608073711395264,1.3661930561065674,1.1109246015548706,0.7751851081848145,0.6430839896202087,0.5121359825134277,0.6227930784225464,2.106991767883301,1.8756500482559204,1.634758472442627,1.5534483194351196,1.2339239120483398,1.3421543836593628,1.1263073682785034,1.3661072254180908,1.307058334350586,1.5696629285812378,1.3971450328826904,1.1338728666305542,1.0784502029418945,1.006372332572937,1.0608991384506226,2.179447650909424,1.8516366481781006,1.6213581562042236,1.5772795677185059,1.2782847881317139,1.448573350906372,1.297508716583252,1.5670208930969238,1.5632030963897705,1.8569546937942505,1.7551193237304688,1.5574910640716553,1.5462504625320435,1.4978351593017578,1.5374226570129395,2.476860523223877,2.082707166671753,1.7904623746871948,1.7353272438049316,1.4473927021026611,1.6664825677871704,1.5730509757995605,1.8548474311828613,1.9013028144836426,2.232177972793579,2.1843581199645996,2.049346923828125,2.06844425201416,2.0330188274383545,2.1004855632781982
A15,2.6115670204162598,2.359225273132324,2.2332911491394043,2.08781361579895,1.8123102188110352,1.8141026496887207,1.549628734588623,1.7033329010009766,1.5367282629013062,1.6419296264648438,1.2918144464492798,0.965275228023529,0.6382126212120056,0.37932196259498596,0.0,2.2790825366973877,2.074856996536255,1.929409384727478,1.856341004371643,1.58058500289917,1.672867774963379,1.4437826871871948,1.6573184728622437,1.5359158515930176,1.71977961063385,1.4313653707504272,1.0958830118179321,0.8608143925666809,0.6523707509040833,0.5173896551132202,2.134385108947754,1.9427087306976318,1.7585383653640747,1.7316879034042358,1.4663790464401245,1.6315661668777466,1.4543688297271729,1.7169681787490845,1.656205177307129,1.9017621278762817,1.6874161958694458,1.38948655128479,1.244928240776062,1.096571445465088,1.019312858581543,2.1451454162597656,1.849297285079956,1.6806672811508179,1.6907546520233154,1.4468761682510376,1.674245834350586,1.560590147972107,1.862092137336731,1.8614795207977295,2.1510372161865234,2.0082435607910156,1.7607200145721436,1.6841446161270142,1.565053939819336,1.5189155340194702,2.4115123748779297,2.0234310626983643,1.7733595371246338,1.7764763832092285,1.538278579711914,1.8156260251998901,1.7611643075942993,2.0836222171783447,2.14408278465271,2.4831693172454834,2.4044528007507324,2.218183755874634,2.199939012527466,2.0973997116088867,2.1183979511260986
B1,0.6261077523231506,0.6135839223861694,0.9079731702804565,1.1436108350753784,1.3384379148483276,1.6940436363220215,1.9053475856781006,2.277886390686035,2.502136707305908,2.8500359058380127,2.776571750640869,2.451845169067383,2.493574857711792,2.2004477977752686,2.2790825366973877,0.0,0.39049574732780457,0.6525418758392334,1.0063610076904297,1.2876555919647217,1.6411994695663452,1.918859601020813,2.2675180435180664,2.5343117713928223,2.89982533454895,2.906412363052368,2.6368227005004883,2.7245306968688965,2.496567726135254,2.590794086456299,0.6787492632865906,0.8887662291526794,0.8497318029403687,1.196138620376587,1.4325393438339233,1.745161533355713,2.0359232425689697,2.3503448963165283,2.6419425010681152,3.0126733779907227,3.09059739112854,2.887291669845581,3.0184426307678223,2.8465728759765625,2.957606315612793,1.4683997631072998,1.500069260597229,1.2903019189834595,1.5711684226989746,1.7303270101547241,1.9809201955795288,2.2535204887390137,2.512157917022705,2.8109118938446045,3.1703929901123047,3.306511402130127,3.1758337020874023,3.344261646270752,3.2332968711853027,3.3668124675750732,2.5009686946868896,2.2387335300445557,1.9293715953826904,2.1083366870880127,2.15364670753479,2.3388500213623047,2.5634641647338867,2.747427225112915,3.0413379669189453,3.3761937618255615,3.56437087059021,3.5014240741729736,3.7136576175689697,3.697120428085327,3.898958683013916
B2,0.809510350227356,0.5827771425247192,0.8421341180801392,0.9535574913024902,1.1556469202041626,1.4738940000534058,1.6844805479049683,2.0463526248931885,2.26998233795166,2.599907636642456,2.5246047973632812,2.203338623046875,2.2564315795898438,1.9626096487045288,2.074856996536255,0.39049574732780457,0.0,0.38447070121765137,0.6706073880195618,0.9850223660469055,1.3273433446884155,1.6169544458389282,1.965731143951416,2.237928628921509,2.5956923961639404,2.6043789386749268,2.334325075149536,2.4376180171966553,2.209038257598877,2.3339691162109375,0.5737223625183105,0.5991783738136292,0.4811120629310608,0.8089218139648438,1.0671133995056152,1.3746248483657837,1.6829452514648438,1.9991767406463623,2.3004064559936523,2.6689441204071045,2.752208948135376,2.5501606464385986,2.698183536529541,2.528874635696411,2.666764736175537,1.284908652305603,1.235214352607727,0.9712989330291748,1.2102001905441284,1.3611031770706177,1.5959217548370361,1.87819504737854,2.133312702178955,2.441218614578247,2.800265073776245,2.9431498050689697,2.8169569969177246,3.00105881690979,2.8977205753326416,3.0543339252471924,2.250771999359131,1.9724438190460205,1.6382673978805542,1.7741271257400513,1.8001643419265747,1.9632831811904907,2.185194492340088,2.359731674194336,2.6575534343719482,2.9905383586883545,3.184957504272461,3.12807559967041,3.3521955013275146,3.348104238510132,3.565795660018921
B3,0.8098191618919373,0.4708256423473358,0.5578349232673645,0.589949369430542,0.7749210596084595,1.0912491083145142,1.3179444074630737,1.6768953800201416,1.9185858964920044,2.256959915161133,2.212672710418701,1.913264513015747,2.013747453689575,1.7605197429656982,1.929409384727478,0.6525418758392334,0.38447070121765137,0.0,0.3743831515312195,0.6488710641860962,0.9903796315193176,1.2866756916046143,1.6253547668457031,1.9096029996871948,2.2736403942108154,2.3113749027252197,2.071028709411621,2.2130725383758545,2.031343460083008,2.19956111907959,0.9244512915611267,0.8329299688339233,0.5313783288002014,0.7342116236686707,0.8719059228897095,1.1406052112579346,1.422895908355713,1.715555191040039,2.0146126747131348,2.3827617168426514,2.4886245727539062,2.320307731628418,2.49519944190979,2.372746229171753,2.54111909866333,1.5524684190750122,1.415393590927124,1.082291841506958,1.232690453529358,1.2753629684448242,1.4649440050125122,1.6947832107543945,1.920624852180481,2.208796501159668,2.559896945953369,2.7161948680877686,2.6233789920806885,2.821455717086792,2.761521816253662,2.9363367557525635,2.4300553798675537,2.119051456451416,1.7544105052947998,1.8241910934448242,1.7698228359222412,1.9033507108688354,2.0660195350646973,2.217582941055298,2.481201410293579,2.8039746284484863,2.998310089111328,2.9715871810913086,3.192244529724121,3.222365379333496,3.43993878364563
B4,1.1156724691390991,0.7333752512931824,0.7204179763793945,0.5333547592163086,0.6999639272689819,0.9096185564994812,1.142983317375183,1.4672032594680786,1.7170138359069824,2.0301923751831055,2.003237009048462,1.7273082733154297,1.8619073629379272,1.6346737146377563,1.856341004371643,1.0063610076904297,0.6706073880195618,0.3743831515312195,0.0,0.3947627544403076,0.6735249161720276,1.0053895711898804,1.3271849155426025,1.6296510696411133,1.982527732849121,2.0419085025787354,1.8204028606414795,1.9999500513076782,1.8414405584335327,2.059004306793213,1.1257017850875854,0.9018623232841492,0.5455183386802673,0.519914448261261,0.587763786315918,0.7891536355018616,1.094427466392517,1.3684238195419312,1.6868788003921509,2.0499229431152344,2.1791481971740723,2.0316686630249023,2.2412426471710205,2.142639398574829,2.3531408309936523,1.6051515340805054,1.3913486003875732,1.0237435102462769,1.0548557043075562,1.0313301086425781,1.1517192125320435,1.3696160316467285,1.5660301446914673,1.8624192476272583,2.2071354389190674,2.384342908859253,2.3151915073394775,2.541041135787964,2.508000373840332,2.7167766094207764,2.352618932723999,2.0351672172546387,1.6578609943389893,1.6508941650390625,1.5485281944274902,1.6280478239059448,1.7609931230545044,1.8801441192626953,2.136026382446289,2.4479026794433594,2.656193256378174,2.652657985687256,2.8896796703338623,2.948744773864746,3.1858503818511963
B5,1.3725935220718384,1.0137302875518799,0.8606634140014648,0.5879650712013245,0.510357141494751,0.622105598449707,0.7761443853378296,1.102347493171692,1.3294649124145508,1.6429349184036255,1.6118782758712769,1.3422387838363647,1.5031358003616333,1.3155431747436523,1.58058500289917,1.2876555919647217,0.9850223660469055,0.6488710641860962,0.3947627544403076,0.0,0.3764810860157013,0.6387568116188049,0.9837563037872314,1.263589859008789,1.6255903244018555,1.6784236431121826,1.467840552330017,1.6635832786560059,1.5484286546707153,1.7917568683624268,1.4051716327667236,1.1619927883148193,0.7848074436187744,0.6854771375656128,0.491173654794693,0.6391483545303345,0.8272919058799744,1.1015853881835938,1.3810845613479614,1.748420000076294,1.8636078834533691,1.7297229766845703,1.9396990537643433,1.8815172910690308,2.100963830947876,1.8125638961791992,1.5430189371109009,1.1654731035232544,1.1420164108276367,0.9832025170326233,1.0826908349990845,1.1939743757247925,1.386791467666626,1.6293896436691284,1.9714113473892212,2.1251299381256104,2.066056489944458,2.278022289276123,2.2764298915863037,2.4802703857421875,2.465824842453003,2.1155571937561035,1.7310450077056885,1.6835603713989258,1.498797059059143,1.58365797996521,1.6384913921356201,1.7690616846084595,1.9698851108551025,2.2830729484558105,2.456322193145752,2.4575324058532715,2.6653940677642822,2.7378714084625244,2.9546544551849365
B6,1.6614787578582764,1.2956912517547607,1.1015002727508545,0.7549356818199158,0.6459214687347412,0.520392894744873,0.6563467979431152,0.8808048367500305,1.130001187324524,1.4084192514419556,1.4333291053771973,1.2308396100997925,1.4608300924301147,1.3503910303115845,1.672867774963379,1.6411994695663452,1.3273433446884155,0.9903796315193176,0.6735249161720276,0.3764810860157013,0.0,0.3835866451263428,0.6567314267158508,0.981257975101471,1.3292901515960693,1.441706895828247,1.294146180152893,1.5580313205718994,1.5123211145401,1.8136258125305176,1.7387635707855225,1.4565885066986084,1.0943583250045776,0.8848133087158203,0.606442928314209,0.5025628805160522,0.604332685470581,0.782808780670166,1.0799798965454102,1.4337660074234009,1.6006312370300293,1.5279864072799683,1.7917909622192383,1.7956610918045044,2.064979314804077,2.0737991333007812,1.7686498165130615,1.396520733833313,1.2742714881896973,1.038541316986084,1.007401466369629,1.0313133001327515,1.1356899738311768,1.3555635213851929,1.6724011898040771,1.8613359928131104,1.8587429523468018,2.10575795173645,2.1609046459198,2.4024085998535156,2.6090376377105713,2.263955593109131,1.8862134218215942,1.7638850212097168,1.523598074913025,1.5302746295928955,1.5111923217773438,1.578101634979248,1.7342501878738403,2.0164806842803955,2.203615188598633,2.25223445892334,2.471599578857422,2.5934524536132812,2.8253173828125
B7,1.9690067768096924,1.620711326599121,1.395533561706543,1.0696216821670532,0.8399035334587097,0.616142988204956,0.5075698494911194,0.6422701478004456,0.8032203316688538,1.0533403158187866,1.053402066230774,0.8671557307243347,1.1286336183547974,1.0862289667129517,1.4437826871871948,1.918859601020813,1.6169544458389282,1.2866756916046143,1.0053895711898804,0.6387568116188049,0.3835866451263428,0.0,0.3752094805240631,0.6260405778884888,0.9874358773231506,1.0732078552246094,0.9381667971611023,1.222698450088501,1.2386794090270996,1.5619794130325317,1.984808325767517,1.695813536643982,1.3426746129989624,1.1314111948013306,0.769818902015686,0.6365286111831665,0.478608638048172,0.6165629625320435,0.8071383833885193,1.1610450744628906,1.2895891666412354,1.2284157276153564,1.4842678308486938,1.5366284847259521,1.8089215755462646,2.2510602474212646,1.9154634475708008,1.561242938041687,1.416483998298645,1.1025006771087646,1.0627048015594482,0.9521805047988892,1.0494858026504517,1.1725887060165405,1.4774136543273926,1.617317795753479,1.6165870428085327,1.8358949422836304,1.922052025794983,2.1508352756500244,2.6927716732025146,2.3291916847229004,1.9633103609085083,1.8165498971939087,1.5187203884124756,1.5378329753875732,1.4390267133712769,1.5269695520401,1.6115845441818237,1.8920223712921143,2.0229263305664062,2.0643093585968018,2.2414326667785645,2.3690829277038574,2.5729715824127197
B8,2.264676094055176,1.9193259477615356,1.6683130264282227,1.3241056203842163,1.0989742279052734,0.7800825834274292,0.638546347618103,0.5314627885818481,0.6688077449798584,0.8308860063552856,0.9358683228492737,0.8912022113800049,1.2179832458496094,1.28031587600708,1.6573184728622437,2.2675180435180664,1.965731143951416,1.6253547668457031,1.3271849155426025,0.9837563037872314,0.6567314267158508,0.3752094805240631,0.0,0.36944901943206787,0.6944182515144348,0.8940044045448303,0.8967251181602478,1.24767005443573,1.362370491027832,1.7155158519744873,2.345252752304077,2.044574022293091,1.696035385131836,1.4532783031463623,1.0974411964416504,0.8657566905021667,0.6206327676773071,0.5066491961479187,0.607938289642334,0.9021105170249939,1.1021658182144165,1.1521742343902588,1.455328345298767,1.593826174736023,1.8986631631851196,2.5867419242858887,2.238410234451294,1.8929710388183594,1.7045375108718872,1.368700385093689,1.2414510250091553,1.0436679124832153,1.0124133825302124,1.0470516681671143,1.2826324701309204,1.4515373706817627,1.532954216003418,1.7751182317733765,1.9335402250289917,2.1873831748962402,2.951387405395508,2.597449779510498,2.2452940940856934,2.0534868240356445,1.7271794080734253,1.6831141710281372,1.5104173421859741,1.525752305984497,1.5310019254684448,1.754454493522644,1.8827518224716187,1.9823298454284668,2.1543679237365723,2.3373453617095947,2.5431439876556396
B9,2.568342447280884,2.231555223464966,1.9756877422332764,1.6490639448165894,1.3806532621383667,1.0725325345993042,0.8209371566772461,0.6228864192962646,0.535285234451294,0.5458617806434631,0.6159912943840027,0.6682451367378235,1.004941701889038,1.1608073711395264,1.5359158515930176,2.5343117713928223,2.237928628921509,1.9096029996871948,1.6296510696411133,1.263589859008789,0.981257975101471,0.6260405778884888,0.36944901943206787,0.0,0.3717292547225952,0.5426076650619507,0.6294832825660706,0.9939832091331482,1.1956242322921753,1.5482604503631592,2.5777854919433594,2.2744028568267822,1.9395076036453247,1.7021400928497314,1.3216084241867065,1.1131422519683838,0.7783898711204529,0.6385214924812317,0.5013126730918884,0.7194952368736267,0.8418885469436646,0.9273905754089355,1.2049989700317383,1.4071345329284668,1.7020748853683472,2.7600321769714355,2.3958585262298584,2.0740346908569336,1.878495454788208,1.5113459825515747,1.39458167552948,1.116701602935791,1.083339810371399,0.9947051405906677,1.1839712858200073,1.2717493772506714,1.3545509576797485,1.550512433052063,1.7441623210906982,1.9760463237762451,3.041095495223999,2.679884195327759,2.3483269214630127,2.144752264022827,1.789150595664978,1.7601159811019897,1.5297688245773315,1.5672633647918701,1.4983301162719727,1.707263469696045,1.7612546682357788,1.846169352531433,1.9619909524917603,2.1468687057495117,2.3162734508514404
B10,2.9363420009613037,2.596642017364502,2.340925455093384,2.0086288452148438,1.7466490268707275,1.4252269268035889,1.1732770204544067,0.9143896698951721,0.7481720447540283,0.5403821468353271,0.6432305574417114,0.8469057083129883,1.1429985761642456,1.3661930561065674,1.71977961063385,2.89982533454895,2.5956923961639404,2.2736403942108154,1.982527732849121,1.6255903244018555,1.3292901515960693,0.9874358773231506,0.6944182515144348,0.3717292547225952,0.0,0.38522374629974365,0.6773688197135925,1.0237486362457275,1.30264413356781,1.649681806564331,2.9157650470733643,2.5983035564422607,2.2770755290985107,2.0184168815612793,1.639344334602356,1.3998656272888184,1.0413974523544312,0.8159542679786682,0.5264157652854919,0.5196582674980164,0.632858157157898,0.8524596095085144,1.1301220655441284,1.4133226871490479,1.7155427932739258,3.0433342456817627,2.6664607524871826,2.365051031112671,2.138995409011841,1.7603394985198975,1.6026066541671753,1.2709447145462036,1.1642999649047852,0.9588696956634521,1.0349037647247314,1.0839234590530396,1.234494686126709,1.4165709018707275,1.6774128675460815,1.914991855621338,3.2249984741210938,2.8753292560577393,2.568527936935425,2.3323709964752197,1.9604294300079346,1.8952699899673462,1.606651782989502,1.6030665636062622,1.4455249309539795,1.591022253036499,1.5960564613342285,1.7143628597259521,1.7947237491607666,2.0206477642059326,2.1742818355560303
B11,3.016165018081665,2.679255962371826,2.4456074237823486,2.133944034576416,1.8528825044631958,1.5800609588623047,1.2857768535614014,1.1006672382354736,0.8592849373817444,0.651196300983429,0.5058125853538513,0.6665239930152893,0.8633490204811096,1.1109246015548706,1.4313653707504272,2.906412363052368,2.6043789386749268,2.3113749027252197,2.0419085025787354,1.6784236431121826,1.441706895828247,1.0732078552246094,0.8940044045448303,0.5426076650619507,0.38522374629974365,0.0,0.3778395354747772,0.6660392880439758,0.9856848120689392,1.310896396636963,2.864572525024414,2.5500001907348633,2.253702402114868,2.0124828815460205,1.6271097660064697,1.444724202156067,1.063252568244934,0.9422668814659119,0.6183709502220154,0.6384568214416504,0.49789494276046753,0.5998739004135132,0.7923372983932495,1.0902820825576782,1.3627691268920898,2.9275169372558594,2.5463614463806152,2.2754766941070557,2.062211036682129,1.676464557647705,1.5704425573349,1.221435785293579,1.2002789974212646,0.9702834486961365,1.0808069705963135,1.0003610849380493,1.046249270439148,1.1462397575378418,1.3828294277191162,1.5791380405426025,3.0509488582611084,2.6950600147247314,2.409864902496338,2.1866629123687744,1.8091669082641602,1.794561505317688,1.5008095502853394,1.5740587711334229,1.4153687953948975,1.6037395000457764,1.53477942943573,1.5704172849655151,1.5932984352111816,1.7656716108322144,1.880578875541687
B12,2.8086600303649902,2.4725043773651123,2.27156138420105,1.979920744895935,1.7063220739364624,1.4939591884613037,1.2061501741409302,1.1350831985473633,0.9299539923667908,0.8603177666664124,0.5966227650642395,0.5146732330322266,0.6104980707168579,0.7751851081848145,1.0958830118179321,2.6368227005004883,2.334325075149536,2.071028709411621,1.8204028606414795,1.467840552330017,1.294146180152893,0.9381667971611023,0.8967251181602478,0.6294832825660706,0.6773688197135925,0.3778395354747772,0.0,0.37565237283706665,0.6272308826446533,0.9734954833984375,2.5498178005218506,2.2397923469543457,1.9632984399795532,1.7408314943313599,1.3610965013504028,1.241611361503601,0.8745712041854858,0.8915400505065918,0.6572967171669006,0.8255472779273987,0.6406236886978149,0.49346253275871277,0.6289017796516418,0.8211535215377808,1.0857439041137695,2.5835535526275635,2.2052626609802246,1.9480502605438232,1.7555428743362427,1.3746825456619263,1.3307645320892334,1.0104398727416992,1.1041499376296997,0.9534708857536316,1.1691970825195312,1.0705475807189941,0.9898565411567688,1.0666148662567139,1.2056214809417725,1.3828954696655273,2.720583915710449,2.354719400405884,2.0682384967803955,1.8705135583877563,1.5002779960632324,1.5439618825912476,1.293115258216858,1.4492508172988892,1.3655033111572266,1.6284027099609375,1.5679759979248047,1.527848482131958,1.5634478330612183,1.664345145225525,1.7845112085342407
B13,2.9608354568481445,2.6396405696868896,2.4626100063323975,2.2030937671661377,1.9232860803604126,1.7616870403289795,1.461423397064209,1.436776041984558,1.2019469738006592,1.1311427354812622,0.7853515148162842,0.6461079120635986,0.49599984288215637,0.6430839896202087,0.8608143925666809,2.7245306968688965,2.4376180171966553,2.2130725383758545,1.9999500513076782,1.6635832786560059,1.5580313205718994,1.222698450088501,1.24767005443573,0.9939832091331482,1.0237486362457275,0.6660392880439758,0.37565237283706665,0.0,0.37828364968299866,0.650091826915741,2.584582567214966,2.291877508163452,2.053434133529663,1.8670133352279663,1.5108177661895752,1.4641023874282837,1.1317827701568604,1.2191473245620728,1.0028270483016968,1.137155294418335,0.8589857220649719,0.6037010550498962,0.48771563172340393,0.6074877977371216,0.7733712792396545,2.5506672859191895,2.1809020042419434,1.969603180885315,1.8082853555679321,1.4497052431106567,1.4750337600708008,1.1827802658081055,1.3444838523864746,1.1968353986740112,1.4042410850524902,1.218250036239624,1.034347414970398,0.9829457402229309,1.041201114654541,1.1272724866867065,2.625666856765747,2.2586023807525635,2.0065231323242188,1.8396118879318237,1.4867801666259766,1.5973117351531982,1.3697267770767212,1.595622181892395,1.521021842956543,1.799090027809143,1.6773182153701782,1.5542436838150024,1.5214345455169678,1.5381121635437012,1.5974751710891724
