,A1,A2,A3,A4,A5,A6,A7,A8,A9,A10,A11,A12,A13,A14,A15,B1,B2,B3,B4,B5,B6,B7,B8,B9,B10,B11,B12,B13,B14,B15,C1,C2,C3,C4,C5,C6,C7,C8,C9,C10,C11,C12,C13,C14,C15,D1,D2,D3,D4,D5,D6,D7,D8,D9,D10,D11,D12,D13,D14,D15,E1,E2,E3,E4,E5,E6,E7,E8,E9,E10,E11,E12,E13,E14,E15
A1,0.0,0.3887106478214264,0.6026632785797119,0.9599658846855164,1.1507607698440552,1.5175755023956299,1.776058316230774,2.1320924758911133,2.417518138885498,2.7841501235961914,2.7849841117858887,2.494220495223999,2.6040971279144287,2.3313117027282715,2.4583215713500977,0.6621295213699341,0.8178929090499878,0.7572321891784668,1.0838228464126587,1.2865543365478516,1.587971568107605,1.8661284446716309,2.1751389503479004,2.481799364089966,2.8542568683624268,2.914694309234619,2.671984910964966,2.811347484588623,2.5960254669189453,2.725186824798584,1.3327752351760864,1.4144079685211182,1.22727632522583,1.4421640634536743,1.585955262184143,1.8126171827316284,2.0607380867004395,2.3158254623413086,2.61767840385437,2.9830873012542725,3.0898170471191406,2.902712345123291,3.069776773452759,2.9118692874908447,3.053964376449585,1.9720484018325806,1.998909831047058,1.7608469724655151,1.8962254524230957,1.9794057607650757,2.1371347904205322,2.3479578495025635,2.537301540374756,2.828616142272949,3.172783374786377,3.320420503616333,3.1940741539001465,3.3757951259613037,3.272869348526001,3.421860456466675,2.6791768074035645,2.6486093997955322,2.348097801208496,2.4344735145568848,2.453174352645874,2.5492703914642334,2.7186026573181152,2.840998411178589,3.103023052215576,3.3964452743530273,3.6008849143981934,3.5280842781066895,3.767052173614502,3.7236549854278564,3.9363186359405518
A2,0.3887106478214264,0.0,0.3790228068828583,0.6546027064323425,0.9199331998825073,1.2611852884292603,1.5525215864181519,1.8945255279541016,2.196550130844116,2.5485973358154297,2.5640673637390137,2.2856955528259277,2.422379493713379,2.1583011150360107,2.3269684314727783,0.6545109152793884,0.6065818667411804,0.45716947317123413,0.7280227541923523,0.9810514450073242,1.2586199045181274,1.5723748207092285,1.8719784021377563,2.1988134384155273,2.5645511150360107,2.6436214447021484,2.4132845401763916,2.582465410232544,2.37662410736084,2.544987916946411,1.23868989944458,1.2139723300933838,0.9804335236549377,1.1227868795394897,1.273638367652893,1.4637752771377563,1.7341405153274536,1.9743192195892334,2.295070171356201,2.6555440425872803,2.782867670059204,2.6102683544158936,2.8062644004821777,2.6608734130859375,2.8381800651550293,1.846510887145996,1.801372766494751,1.5378074645996094,1.61053466796875,1.6804909706115723,1.7966047525405884,2.0125608444213867,2.1803641319274902,2.4837589263916016,2.82171893119812,2.989335536956787,2.8797199726104736,3.0869011878967285,3.000549793243408,3.180833101272583,2.5259199142456055,2.44691801071167,2.1354002952575684,2.1714463233947754,2.16829776763916,2.2261147499084473,2.3859970569610596,2.4835779666900635,2.747129201889038,3.0301640033721924,3.249699115753174,3.1938419342041016,3.449610710144043,3.425943613052368,3.6593174934387207
A3,0.6026632785797119,0.3790228068828583,0.0,0.3732588291168213,0.6036434173583984,0.9368960857391357,1.2375621795654297,1.5699548721313477,1.8829118013381958,2.2426233291625977,2.287680149078369,2.0328369140625,2.2061164379119873,1.9836064577102661,2.1889333724975586,0.9418908357620239,0.8794569969177246,0.5743693709373474,0.7141974568367004,0.839582085609436,1.0602571964263916,1.3435451984405518,1.6156740188598633,1.9384427070617676,2.3047597408294678,2.407163381576538,2.2063021659851074,2.400993824005127,2.240199565887451,2.435744524002075,1.5095027685165405,1.4488626718521118,1.1449121236801147,1.209200143814087,1.2504782676696777,1.3835291862487793,1.5952560901641846,1.7987000942230225,2.098081588745117,2.451340913772583,2.592705011367798,2.4505398273468018,2.658985137939453,2.558156728744507,2.7518913745880127,2.086293935775757,2.0101418495178223,1.7013943195343018,1.7280672788619995,1.715017557144165,1.7940036058425903,1.946096658706665,2.0818748474121094,2.350485324859619,2.6758811473846436,2.8460395336151123,2.7643306255340576,2.972445249557495,2.9259722232818604,3.112605094909668,2.7392845153808594,2.6238605976104736,2.286832571029663,2.297480821609497,2.2314538955688477,2.273103952407837,2.3749818801879883,2.453998565673828,2.673872947692871,2.9445152282714844,3.1548140048980713,3.1226656436920166,3.3657314777374268,3.3718090057373047,3.5974977016448975
A4,0.9599658846855164,0.6546027064323425,0.3732588291168213,0.0,0.3863082230091095,0.631598711013794,0.9708698391914368,1.2748771905899048,1.604135274887085,1.946269154548645,2.013882637023926,1.7838417291641235,1.9943337440490723,1.8023031949996948,2.055921792984009,1.155333161354065,0.9851858019828796,0.625773549079895,0.5439532995223999,0.5946272611618042,0.7187835574150085,1.0225043296813965,1.268509864807129,1.609033226966858,1.9673490524291992,2.094802141189575,1.91929292678833,2.1508116722106934,2.0204434394836426,2.259881019592285,1.6057080030441284,1.4609265327453613,1.1193795204162598,1.0664830207824707,1.0386149883270264,1.0881820917129517,1.2807612419128418,1.4478130340576172,1.7533520460128784,2.0982420444488525,2.262408494949341,2.146954298019409,2.3853447437286377,2.3159520626068115,2.545551061630249,2.1137731075286865,1.9740904569625854,1.640376091003418,1.5907853841781616,1.5205060243606567,1.5383087396621704,1.6547291278839111,1.753053903579712,2.012322425842285,2.3257806301116943,2.5120623111724854,2.456810474395752,2.6857879161834717,2.671051263809204,2.88553786277771,2.71266508102417,2.54691743850708,2.199653387069702,2.15800404548645,2.044147491455078,2.0452189445495605,2.1065096855163574,2.1555755138397217,2.3523576259613037,2.608358383178711,2.823843240737915,2.815131664276123,3.06449556350708,3.0992798805236816,3.3371551036834717
A5,1.1507607698440552,0.9199331998825073,0.6036434173583984,0.3863082230091095,0.0,0.3873606026172638,0.6368733048439026,0.9850801825523376,1.283089280128479,1.6432405710220337,1.6864399909973145,1.446069598197937,1.6543450355529785,1.482845425605774,1.7441822290420532,1.292870044708252,1.1742795705795288,0.7968373894691467,0.7110695242881775,0.5236386656761169,0.6323306560516357,0.8036243319511414,1.0682625770568848,1.3609638214111328,1.7308261394500732,1.827720284461975,1.6460713148117065,1.8619087934494019,1.7551398277282715,1.988822340965271,1.7162278890609741,1.5904641151428223,1.2210458517074585,1.169581651687622,1.0189354419708252,1.0769046545028687,1.1618705987930298,1.338730812072754,1.5841400623321533,1.9331825971603394,2.0594825744628906,1.937922716140747,2.1484882831573486,2.0998876094818115,2.3124871253967285,2.1856470108032227,2.055898427963257,1.6951580047607422,1.6552491188049316,1.5090481042861938,1.5514764785766602,1.591916799545288,1.7080705165863037,1.9098831415176392,2.2256176471710205,2.368232488632202,2.303285837173462,2.4971559047698975,2.495131492614746,2.68416690826416,2.756316661834717,2.5805716514587402,2.215937376022339,2.191471815109253,2.0297141075134277,2.065586805343628,2.0776638984680176,2.156658172607422,2.3068621158599854,2.5748507976531982,2.7444047927856445,2.7218379974365234,2.9325785636901855,2.9654541015625,3.171837329864502
A6,1.5175755023956299,1.2611852884292603,0.9368960857391357,0.631598711013794,0.3873606026172638,0.0,0.3823469877243042,0.6444335579872131,0.9844626784324646,1.3269884586334229,1.4334611892700195,1.2581562995910645,1.5368800163269043,1.4453527927398682,1.7635431289672852,1.6555265188217163,1.491799235343933,1.1191917657852173,0.9242873787879944,0.671672523021698,0.5334704518318176,0.6046546101570129,0.7558116912841797,1.057445764541626,1.4109731912612915,1.5634642839431763,1.44756019115448,1.7203623056411743,1.6864787340164185,1.9707001447677612,2.0199804306030273,1.8444948196411133,1.4722603559494019,1.330815076828003,1.1116182804107666,1.039151906967163,1.0340641736984253,1.1090030670166016,1.3245962858200073,1.6446291208267212,1.8094048500061035,1.748509168624878,1.995685338973999,2.0126359462738037,2.2637252807617188,2.433173179626465,2.2573904991149902,1.8902184963226318,1.7817739248275757,1.5752211809158325,1.5368139743804932,1.501753807067871,1.544245719909668,1.699292540550232,1.9796756505966187,2.141282796859741,2.1281373500823975,2.34116792678833,2.396596908569336,2.6126227378845215,2.9475231170654297,2.729910135269165,2.364837408065796,2.289708137512207,2.0759546756744385,2.062838554382324,2.0101687908172607,2.0418009757995605,2.137950897216797,2.372039556503296,2.5408666133880615,2.559826612472534,2.7673208713531494,2.8463222980499268,3.0582163333892822
A7,1.776058316230774,1.5525215864181519,1.2375621795654297,0.9708698391914368,0.6368733048439026,0.3823469877243042,0.0,0.38362017273902893,0.6462436318397522,1.0104511976242065,1.078728199005127,0.9001267552375793,1.1911365985870361,1.1517698764801025,1.4848847389221191,1.8516639471054077,1.7158427238464355,1.3552985191345215,1.1718642711639404,0.8301882147789001,0.6888023018836975,0.5191983580589294,0.6354617476463318,0.8184967041015625,1.1740102767944336,1.2788584232330322,1.1643818616867065,1.4205365180969238,1.4310271739959717,1.7116584777832031,2.1654484272003174,2.0022521018981934,1.6297812461853027,1.4922147989273071,1.1959470510482788,1.1304177045822144,1.000641107559204,1.0695604085922241,1.1817479133605957,1.4894299507141113,1.5984569787979126,1.5351046323776245,1.7458857297897339,1.7948687076568604,2.027425765991211,2.5237233638763428,2.354480028152466,1.9796043634414673,1.8774996995925903,1.6125949621200562,1.594364047050476,1.4806323051452637,1.5375893115997314,1.6156541109085083,1.886535406112671,1.990012526512146,1.9667534828186035,2.135859727859497,2.2087767124176025,2.3967089653015137,2.991677761077881,2.7645394802093506,2.395134925842285,2.332159996032715,2.0781238079071045,2.0954997539520264,1.9934967756271362,2.0543558597564697,2.0971391201019287,2.3377206325531006,2.4502649307250977,2.4526290893554688,2.6136314868927,2.6907482147216797,2.866726875305176
A8,2.1320924758911133,1.8945255279541016,1.5699548721313477,1.2748771905899048,0.9850801825523376,0.6444335579872131,0.38362017273902893,0.0,0.3734298646450043,0.6976411938667297,0.8821033835411072,0.8408551216125488,1.2018145322799683,1.2749766111373901,1.6347218751907349,2.2220609188079834,2.062340259552002,1.7036863565444946,1.4781444072723389,1.1461687088012695,0.9027212262153625,0.6585150957107544,0.5309754610061646,0.6134703755378723,0.9060852527618408,1.087408185005188,1.0881037712097168,1.3949265480041504,1.5011543035507202,1.8138741254806519,2.510143280029297,2.318646192550659,1.951817274093628,1.7666643857955933,1.4507969617843628,1.298667073249817,1.0947881937026978,1.0328155755996704,1.0582613945007324,1.293926477432251,1.4384737014770508,1.4617851972579956,1.6982347965240479,1.8268158435821533,2.0858566761016846,2.8319661617279053,2.6334421634674072,2.2629201412200928,2.11601185798645,1.8191112279891968,1.736712098121643,1.556802749633789,1.5336787700653076,1.5381022691726685,1.7473087310791016,1.859310269355774,1.8993033170700073,2.076484441757202,2.214487314224243,2.420595169067383,3.2534117698669434,2.997438907623291,2.635530710220337,2.53446364402771,2.24521541595459,2.220444917678833,2.059715747833252,2.0728676319122314,2.049909830093384,2.243581533432007,2.3438637256622314,2.3915982246398926,2.5378129482269287,2.664011240005493,2.836827516555786
A9,2.417518138885498,2.196550130844116,1.8829118013381958,1.604135274887085,1.283089280128479,0.9844626784324646,0.6462436318397522,0.3734298646450043,0.0,0.37937650084495544,0.5352975726127625,0.5826991200447083,0.9550827145576477,1.1277130842208862,1.4793336391448975,2.4576163291931152,2.3140504360198975,1.969980001449585,1.7532463073730469,1.390354037284851,1.1704199314117432,0.8422096371650696,0.6892123818397522,0.5391847491264343,0.744937002658844,0.8513914346694946,0.8961811065673828,1.1709424257278442,1.350195050239563,1.6477454900741577,2.6981093883514404,2.515277624130249,2.158162832260132,1.9781376123428345,1.6263891458511353,1.486959457397461,1.2092480659484863,1.1393734216690063,1.0391736030578613,1.2193297147750854,1.2865700721740723,1.3229964971542358,1.5076462030410767,1.6828827857971191,1.916820764541626,2.966491222381592,2.7732367515563965,2.4070169925689697,2.2653133869171143,1.9339371919631958,1.8671599626541138,1.6290050745010376,1.6148229837417603,1.5371849536895752,1.7162449359893799,1.758080005645752,1.7931945323944092,1.9161205291748047,2.0786516666412354,2.2526650428771973,3.336308002471924,3.073458433151245,2.717463493347168,2.6248011589050293,2.307929277420044,2.306257724761963,2.1042613983154297,2.14028263092041,2.063497304916382,2.2528748512268066,2.2906718254089355,2.3233633041381836,2.41534161567688,2.5422375202178955,2.6740784645080566
A10,2.7841501235961914,2.5485973358154297,2.2426233291625977,1.946269154548645,1.6432405710220337,1.3269884586334229,1.0104511976242065,0.6976411938667297,0.37937650084495544,0.0,0.3955945372581482,0.6678168773651123,1.0110588073730469,1.2724497318267822,1.6118637323379517,2.7969088554382324,2.634310245513916,2.3015151023864746,2.058354139328003,1.698442816734314,1.4441947937011719,1.0963455438613892,0.8574132323265076,0.5642319321632385,0.5467906594276428,0.6653072237968445,0.8588279485702515,1.1334009170532227,1.4008598327636719,1.703580379486084,2.989300012588501,2.7855398654937744,2.4416701793670654,2.2317004203796387,1.8673759698867798,1.6863797903060913,1.3631136417388916,1.21859610080719,1.0091043710708618,1.071588397026062,1.1180881261825562,1.2382558584213257,1.4135146141052246,1.6638606786727905,1.905058741569519,3.20469069480896,2.9900379180908203,2.635688066482544,2.464247941970825,2.1101062297821045,2.0069639682769775,1.716239333152771,1.652279257774353,1.489698052406311,1.5944691896438599,1.6044402122497559,1.6879969835281372,1.7920054197311401,2.0128395557403564,2.1893725395202637,3.5133280754089355,3.2275407314300537,2.8866817951202393,2.7675631046295166,2.424034595489502,2.398576259613037,2.1462106704711914,2.156048536300659,2.0116095542907715,2.1578030586242676,2.1547024250030518,2.2140560150146484,2.269892930984497,2.4341394901275635,2.54777193069458
A11,2.7849841117858887,2.5640673637390137,2.287680149078369,2.013882637023926,1.6864399909973145,1.4334611892700195,1.078728199005127,0.8821033835411072,0.5352975726127625,0.3955945372581482,0.0,0.3697498142719269,0.6427931785583496,0.950661301612854,1.2635204792022705,2.7204997539520264,2.5779054164886475,2.2716095447540283,2.051908493041992,1.6727033853530884,1.4796372652053833,1.1002501249313354,0.9644010066986084,0.6338251233100891,0.6526181697845459,0.5142349004745483,0.6014378070831299,0.784195065498352,1.0717355012893677,1.3422400951385498,2.8550662994384766,2.670926570892334,2.344580888748169,2.1609058380126953,1.77910315990448,1.6544363498687744,1.3076826333999634,1.247761607170105,1.005954623222351,1.1033108234405518,1.0141810178756714,1.0401580333709717,1.1270567178726196,1.3625829219818115,1.5605696439743042,3.020510673522949,2.825322389602661,2.4806017875671387,2.337282180786133,1.9708408117294312,1.9218316078186035,1.6185975074768066,1.6266863346099854,1.4494534730911255,1.5909416675567627,1.5158195495605469,1.5211288928985596,1.5565428733825684,1.7430267333984375,1.8726471662521362,3.291553258895874,3.0157394409179688,2.6814677715301514,2.592400312423706,2.245119094848633,2.2715718746185303,2.0205373764038086,2.0936756134033203,1.9534343481063843,2.1432411670684814,2.0878913402557373,2.0820393562316895,2.095743179321289,2.211280345916748,2.2866973876953125
A12,2.494220495223999,2.2856955528259277,2.0328369140625,1.7838417291641235,1.446069598197937,1.2581562995910645,0.9001267552375793,0.8408551216125488,0.5826991200447083,0.6678168773651123,0.3697498142719269,0.0,0.38186171650886536,0.6062114238739014,0.9469647407531738,2.3904378414154053,2.265643835067749,1.9737807512283325,1.7825347185134888,1.3968623876571655,1.269433856010437,0.8965897560119629,0.8930373191833496,0.6573213338851929,0.8368285894393921,0.6564013957977295,0.5054924488067627,0.6387522220611572,0.8174341320991516,1.0821441411972046,2.514112949371338,2.35064697265625,2.027723789215088,1.8768492937088013,1.495461106300354,1.434708833694458,1.1122691631317139,1.1602182388305664,0.9953775405883789,1.2012065649032593,1.0917242765426636,0.9936206936836243,1.0577419996261597,1.1955344676971436,1.3738412857055664,2.685929298400879,2.512624740600586,2.1647605895996094,2.0557312965393066,1.69981050491333,1.7079921960830688,1.4422428607940674,1.5288084745407104,1.419055700302124,1.6382300853729248,1.5628894567489624,1.4910938739776611,1.5231667757034302,1.6322126388549805,1.7456135749816895,2.982276439666748,2.726487874984741,2.3832874298095703,2.327376365661621,1.9994206428527832,2.0700676441192627,1.8630129098892212,1.9879425764083862,1.9092031717300415,2.1534459590911865,2.1148836612701416,2.0587987899780273,2.0937540531158447,2.1536688804626465,2.236743450164795
A13,2.6040971279144287,2.422379493713379,2.2061164379119873,1.9943337440490723,1.6543450355529785,1.5368800163269043,1.1911365985870361,1.2018145322799683,0.9550827145576477,1.0110588073730469,0.6427931785583496,0.38186171650886536,0.0,0.379351943731308,0.6263527870178223,2.427323341369629,2.3341825008392334,2.0818750858306885,1.9297751188278198,1.5522828102111816,1.4992104768753052,1.1500484943389893,1.218675136566162,0.9952486753463745,1.1367745399475098,0.8511423468589783,0.6098809242248535,0.48352694511413574,0.6146137714385986,0.7731293439865112,2.4876394271850586,2.3565142154693604,2.065011739730835,1.9558486938476562,1.580735683441162,1.589884638786316,1.2808212041854858,1.398526906967163,1.2260680198669434,1.422286868095398,1.2176047563552856,1.032332181930542,0.9584331512451172,1.0353808403015137,1.1174250841140747,2.600297212600708,2.4587643146514893,2.1322426795959473,2.065758466720581,1.7150282859802246,1.788932204246521,1.5316920280456543,1.684267282485962,1.5679620504379272,1.797480821609497,1.649288535118103,1.5021309852600098,1.446753740310669,1.4955233335494995,1.5304362773895264,2.8500802516937256,2.61399507522583,2.2856016159057617,2.2726857662200928,1.9539978504180908,2.0860886573791504,1.8924434185028076,2.0784661769866943,2.0063154697418213,2.2773325443267822,2.189131498336792,2.070467472076416,2.055807113647461,2.055208921432495,2.0858206748962402
A14,2.3313117027282715,2.1583011150360107,1.9836064577102661,1.8023031949996948,1.482845425605774,1.4453527927398682,1.1517698764801025,1.2749766111373901,1.1277130842208862,1.2724497318267822,0.950661301612854,0.6062114238739014,0.379351943731308,0.0,0.3788430094718933,2.0969977378845215,2.0168964862823486,1.7955282926559448,1.6761751174926758,1.3186519145965576,1.346699595451355,1.0552239418029785,1.236443042755127,1.1156314611434937,1.3357404470443726,1.0787419080734253,0.7453110814094543,0.6137393116950989,0.4874067008495331,0.6068158745765686,2.1262893676757812,2.014227867126465,1.7372409105300903,1.666059970855713,1.3098928928375244,1.3963146209716797,1.14606511592865,1.362155795097351,1.2783652544021606,1.5437242984771729,1.3568196296691895,1.093074083328247,1.0274279117584229,0.9663106203079224,1.026928186416626,2.237189292907715,2.1167550086975098,1.7924188375473022,1.764984369277954,1.438647985458374,1.5777748823165894,1.3808921575546265,1.6061184406280518,1.5672591924667358,1.8543410301208496,1.7271825075149536,1.5242265462875366,1.488099455833435,1.4494162797927856,1.4803431034088135,2.5131356716156006,2.2981624603271484,1.9622509479522705,1.984805941581726,1.6970010995864868,1.8738834857940674,1.7390936613082886,1.9696568250656128,1.9662344455718994,2.278148889541626,2.2187438011169434,2.062654733657837,2.0834457874298096,2.0323829650878906,2.0857067108154297
A15,2.4583215713500977,2.3269684314727783,2.1889333724975586,2.055921792984009,1.7441822290420532,1.7635431289672852,1.4848847389221191,1.6347218751907349,1.4793336391448975,1.6118637323379517,1.2635204792022705,0.9469647407531738,0.6263527870178223,0.3788430094718933,0.0,2.1683919429779053,2.136828899383545,1.9620575904846191,1.8976235389709473,1.57016122341156,1.6612533330917358,1.4051600694656372,1.6108630895614624,1.4902760982513428,1.6886543035507202,1.3961560726165771,1.0652458667755127,0.8227353096008301,0.6300551891326904,0.4904899299144745,2.1454899311065674,2.0861194133758545,1.8522876501083374,1.841294527053833,1.5213847160339355,1.671842098236084,1.4579139947891235,1.705270767211914,1.6219953298568726,1.872179627418518,1.6414226293563843,1.3457049131393433,1.1865710020065308,1.0523682832717896,0.972697377204895,2.203997850418091,2.136615514755249,1.8466202020645142,1.8813588619232178,1.5900673866271973,1.7929177284240723,1.627560019493103,1.8933643102645874,1.8576034307479858,2.142817497253418,1.972973108291626,1.7232710123062134,1.6184362173080444,1.5120455026626587,1.4495731592178345,2.4414165019989014,2.2662086486816406,1.9538403749465942,2.0377020835876465,1.784585952758789,2.022688388824463,1.9191852807998657,2.195107936859131,2.204875946044922,2.5303425788879395,2.438156843185425,2.234851121902466,2.2157022953033447,2.1045355796813965,2.105093479156494
B1,0.6621295213699341,0.6545109152793884,0.9418908357620239,1.155333161354065,1.292870044708252,1.6555265188217163,1.8516639471054077,2.2220609188079834,2.4576163291931152,2.7969088554382324,2.7204997539520264,2.3904378414154053,2.427323341369629,2.0969977378845215,2.1683919429779053,0.0,0.3843942880630493,0.5897327065467834,0.9459743499755859,1.1653457880020142,1.5321884155273438,1.7897920608520508,2.1468312740325928,2.4233148097991943,2.7873427867889404,2.7780981063842773,2.4815914630889893,2.562239646911621,2.282025098800659,2.3644421100616455,0.6791101694107056,0.8274216055870056,0.7288620471954346,1.0588349103927612,1.2624402046203613,1.581559658050537,1.8498717546463013,2.1727561950683594,2.4657092094421387,2.838801145553589,2.886667013168335,2.6408090591430664,2.764963388442993,2.54168963432312,2.6479759216308594,1.3171374797821045,1.38179612159729,1.1782811880111694,1.394594669342041,1.538533091545105,1.7785184383392334,2.0303122997283936,2.289830207824707,2.592353582382202,2.9568281173706055,3.0595550537109375,2.8744637966156006,3.0271286964416504,2.863342046737671,2.9870033264160156,2.0280473232269287,2.023437261581421,1.7401601076126099,1.8772052526474,1.947968602180481,2.1032066345214844,2.321133613586426,2.504685878753662,2.797079563140869,3.123016119003296,3.2967886924743652,3.1673948764801025,3.394101858139038,3.2970993518829346,3.499216079711914
B2,0.8178929090499878,0.6065818667411804,0.8794569969177246,0.9851858019828796,1.1742795705795288,1.491799235343933,1.7158427238464355,2.062340259552002,2.3140504360198975,2.634310245513916,2.5779054164886475,2.265643835067749,2.3341825008392334,2.0168964862823486,2.136828899383545,0.3843942880630493,0.0,0.37855327129364014,0.6493049263954163,0.9424943923950195,1.2773699760437012,1.5723179578781128,1.913657307624817,2.210773229598999,2.56341814994812,2.577310800552368,2.296884536743164,2.412879228591919,2.1434879302978516,2.2730839252471924,0.662635087966919,0.6119002103805542,0.45229363441467285,0.7223730087280273,0.9823827743530273,1.2692861557006836,1.5763765573501587,1.8836047649383545,2.200608491897583,2.5658771991729736,2.6394357681274414,2.4105706214904785,2.5706348419189453,2.359982967376709,2.510148048400879,1.2449418306350708,1.2024537324905396,0.9680113792419434,1.1044197082519531,1.2589787244796753,1.453540325164795,1.7294222116470337,1.9669175148010254,2.290757894515991,2.647977352142334,2.77729868888855,2.611419677734375,2.7977371215820312,2.651324987411499,2.8154470920562744,1.9215096235275269,1.8561789989471436,1.5612764358520508,1.6303179264068604,1.6870172023773193,1.7926828861236572,2.0134787559509277,2.167619466781616,2.4716224670410156,2.785637140274048,2.9822819232940674,2.8727200031280518,3.1245782375335693,3.050133228302002,3.28121280670166
B3,0.7572321891784668,0.45716947317123413,0.5743693709373474,0.625773549079895,0.7968373894691467,1.1191917657852173,1.3552985191345215,1.7036863565444946,1.969980001449585,2.3015151023864746,2.2716095447540283,1.9737807512283325,2.0818750858306885,1.7955282926559448,1.9620575904846191,0.5897327065467834,0.37855327129364014,0.0,0.3757420480251312,0.6279755234718323,0.9646562933921814,1.2616229057312012,1.5972353219985962,1.9033880233764648,2.2656071186065674,2.3043205738067627,2.046152353286743,2.19512939453125,1.965592384338379,2.133122444152832,0.9824433326721191,0.8818839192390442,0.5721225142478943,0.7032548785209656,0.8351860642433167,1.0787336826324463,1.3515563011169434,1.6370419263839722,1.949079155921936,2.3178625106811523,2.4109106063842773,2.2095234394073486,2.391158103942871,2.2251381874084473,2.401379346847534,1.5233608484268188,1.4361449480056763,1.1317551136016846,1.1912654638290405,1.2342733144760132,1.3818365335464478,1.597579836845398,1.8050384521484375,2.1061675548553467,2.4591751098632812,2.5984864234924316,2.4618380069732666,2.6573352813720703,2.5543723106384277,2.7325074672698975,2.166410207748413,2.0535264015197754,1.7228214740753174,1.7522048950195312,1.7262086868286133,1.8056782484054565,1.9618841409683228,2.0923519134521484,2.3567075729370117,2.6616458892822266,2.8565971851348877,2.774876117706299,3.020493268966675,2.981027603149414,3.2099204063415527
B4,1.0838228464126587,0.7280227541923523,0.7141974568367004,0.5439532995223999,0.7110695242881775,0.9242873787879944,1.1718642711639404,1.4781444072723389,1.7532463073730469,2.058354139328003,2.051908493041992,1.7825347185134888,1.9297751188278198,1.6761751174926758,1.8976235389709473,0.9459743499755859,0.6493049263954163,0.3757420480251312,0.0,0.3882913291454315,0.6443422436714172,0.9810994267463684,1.291434407234192,1.6159836053848267,1.9644951820373535,2.0302369594573975,1.7984601259231567,1.9904223680496216,1.7914384603500366,2.0129172801971436,1.1854302883148193,0.9671246409416199,0.623515784740448,0.5244754552841187,0.5877915024757385,0.736977756023407,1.030810832977295,1.2882760763168335,1.6201711893081665,1.980767011642456,2.1021292209625244,1.9283088445663452,2.149669647216797,2.0155837535858154,2.2389955520629883,1.6203800439834595,1.4449282884597778,1.1139600276947021,1.0520164966583252,1.0279380083084106,1.0902965068817139,1.2875702381134033,1.4567362070083618,1.7647266387939453,2.108520269393921,2.272753953933716,2.165222644805908,2.392563581466675,2.32387638092041,2.5410728454589844,2.1883978843688965,2.011801242828369,1.6713730096817017,1.6241191625595093,1.5416080951690674,1.5605294704437256,1.6786056756973267,1.7705966234207153,2.022170066833496,2.3127636909484863,2.5226311683654785,2.4685745239257812,2.730348825454712,2.724520444869995,2.974705696105957
B5,1.2865543365478516,0.9810514450073242,0.839582085609436,0.5946272611618042,0.5236386656761169,0.671672523021698,0.8301882147789001,1.1461687088012695,1.390354037284851,1.698442816734314,1.6727033853530884,1.3968623876571655,1.5522828102111816,1.3186519145965576,1.57016122341156,1.1653457880020142,0.9424943923950195,0.6279755234718323,0.3882913291454315,0.0,0.38607633113861084,0.6354790925979614,0.9831836223602295,1.277246356010437,1.6386007070541382,1.6829639673233032,1.44595205783844,1.6403714418411255,1.4679696559906006,1.7076411247253418,1.388944149017334,1.1883255243301392,0.8166863918304443,0.6866315007209778,0.4959704577922821,0.6158141493797302,0.7809991836547852,1.0557150840759277,1.3414875268936157,1.713037133216858,1.8078035116195679,1.6328364610671997,1.843578577041626,1.7393795251846313,1.9650968313217163,1.765193223953247,1.5874117612838745,1.2207040786743164,1.1426572799682617,0.9876788258552551,1.0502257347106934,1.1367486715316772,1.3136779069900513,1.5621554851531982,1.910456895828247,2.0400378704071045,1.931820034980774,2.135830879211426,2.092454433441162,2.297999858856201,2.284635305404663,2.0821354389190674,1.7188295125961304,1.6720422506332397,1.5107990503311157,1.5520713329315186,1.5929195880889893,1.7043575048446655,1.8959380388259888,2.1950790882110596,2.3626883029937744,2.3050389289855957,2.5324349403381348,2.537264585494995,2.7624199390411377
B6,1.587971568107605,1.2586199045181274,1.0602571964263916,0.7187835574150085,0.6323306560516357,0.5334704518318176,0.6888023018836975,0.9027212262153625,1.1704199314117432,1.4441947937011719,1.4796372652053833,1.269433856010437,1.4992104768753052,1.346699595451355,1.6612533330917358,1.5321884155273438,1.2773699760437012,0.9646562933921814,0.6443422436714172,0.38607633113861084,0.0,0.38286375999450684,0.6481035351753235,0.9876009225845337,1.3336414098739624,1.4434785842895508,1.2739704847335815,1.5430165529251099,1.447649359703064,1.7509829998016357,1.7305880784988403,1.4827797412872314,1.1305583715438843,0.8940182328224182,0.6467162370681763,0.5068577527999878,0.5808497071266174,0.740694522857666,1.0451101064682007,1.400497555732727,1.554036259651184,1.446469783782959,1.7164175510406494,1.6841282844543457,1.9640672206878662,2.0535354614257812,1.8247857093811035,1.4660428762435913,1.2971539497375488,1.0788072347640991,1.0063390731811523,1.005926489830017,1.0804184675216675,1.304020881652832,1.623887300491333,1.7943252325057983,1.7487467527389526,1.9922553300857544,2.0147552490234375,2.2627432346343994,2.50923490524292,2.261467933654785,1.9059268236160278,1.7901396751403809,1.572383999824524,1.5348312854766846,1.5007268190383911,1.540779948234558,1.682730793952942,1.945176124572754,2.129812002182007,2.125471591949463,2.3647549152374268,2.4261648654937744,2.6693460941314697
B7,1.8661284446716309,1.5723748207092285,1.3435451984405518,1.0225043296813965,0.8036243319511414,0.6046546101570129,0.5191983580589294,0.6585150957107544,0.8422096371650696,1.0963455438613892,1.1002501249313354,0.8965897560119629,1.1500484943389893,1.0552239418029785,1.4051600694656372,1.7897920608520508,1.5723179578781128,1.2616229057312012,0.9810994267463684,0.6354790925979614,0.38286375999450684,0.0,0.3787989914417267,0.6420740485191345,1.0057910680770874,1.082078218460083,0.9154852032661438,1.201422095298767,1.1632660627365112,1.4906367063522339,1.9539633989334106,1.7221386432647705,1.3733867406845093,1.1489678621292114,0.8099827170372009,0.6607125997543335,0.4824634790420532,0.6033275127410889,0.788777232170105,1.1481822729110718,1.2582794427871704,1.1575080156326294,1.4150079488754272,1.432841420173645,1.715104579925537,2.2181365489959717,1.993333101272583,1.6288498640060425,1.4608538150787354,1.1630381345748901,1.0962339639663696,0.9639435410499573,1.0321465730667114,1.1483278274536133,1.457366943359375,1.5735236406326294,1.5299677848815918,1.7401081323623657,1.7979170083999634,2.030769109725952,2.616220712661743,2.3517770767211914,1.9927334785461426,1.88105309009552,1.6054275035858154,1.5909448862075806,1.4781759977340698,1.5383538007736206,1.600994348526001,1.8635534048080444,1.9882482290267944,1.9777456521987915,2.170260429382324,2.2436234951019287,2.454963445663452
B8,2.1751389503479004,1.8719784021377563,1.6156740188598633,1.268509864807129,1.0682625770568848,0.7558116912841797,0.6354617476463318,0.5309754610061646,0.6892123818397522,0.8574132323265076,0.9644010066986084,0.8930373191833496,1.218675136566162,1.236443042755127,1.6108630895614624,2.1468312740325928,1.913657307624817,1.5972353219985962,1.291434407234192,0.9831836223602295,0.6481035351753235,0.3787989914417267,0.0,0.3779583275318146,0.7049909234046936,0.8969664573669434,0.8684833645820618,1.2263864278793335,1.2953579425811768,1.6553943157196045,2.312685489654541,2.059070587158203,1.7198177576065063,1.4580565690994263,1.1318689584732056,0.8839542269706726,0.6378622055053711,0.5027520656585693,0.5951573848724365,0.8911657929420471,1.0797988176345825,1.0950387716293335,1.402047038078308,1.5134913921356201,1.8293180465698242,2.554298162460327,2.303307056427002,1.9505919218063354,1.7385867834091187,1.4245966672897339,1.272821068763733,1.0673794746398926,1.0055625438690186,1.0343263149261475,1.271449327468872,1.4224506616592407,1.4663879871368408,1.7026678323745728,1.8393040895462036,2.100295066833496,2.910268545150757,2.6195600032806396,2.2739574909210205,2.11940336227417,1.8141733407974243,1.7400500774383545,1.5607752799987793,1.5468116998672485,1.5318272113800049,1.733957290649414,1.8603155612945557,1.9135024547576904,2.101593494415283,2.2377984523773193,2.4546260833740234
B9,2.481799364089966,2.1988134384155273,1.9384427070617676,1.609033226966858,1.3609638214111328,1.057445764541626,0.8184967041015625,0.6134703755378723,0.5391847491264343,0.5642319321632385,0.6338251233100891,0.6573213338851929,0.9952486753463745,1.1156314611434937,1.4902760982513428,2.4233148097991943,2.210773229598999,1.9033880233764648,1.6159836053848267,1.277246356010437,0.9876009225845337,0.6420740485191345,0.3779583275318146,0.0,0.37593281269073486,0.5391281843185425,0.5997428297996521,0.9739987850189209,1.141305923461914,1.503137469291687,2.55165433883667,2.3089969158172607,1.9800431728363037,1.7292810678482056,1.370227336883545,1.1471251249313354,0.8159605860710144,0.6585845947265625,0.5012538433074951,0.7126014828681946,0.8255419731140137,0.8866757154464722,1.164677381515503,1.351470947265625,1.6573914289474487,2.739686965942383,2.4935338497161865,2.1472907066345215,1.9407378435134888,1.5896873474121094,1.4531033039093018,1.1698875427246094,1.1048579216003418,1.0008645057678223,1.1853747367858887,1.2549185752868652,1.311663269996643,1.497746229171753,1.6813441514968872,1.9199714660644531,3.037709951400757,2.7369508743286133,2.3997159004211426,2.2503390312194824,1.9113541841506958,1.8576468229293823,1.6205110549926758,1.6243911981582642,1.5282833576202393,1.71462881565094,1.7650387287139893,1.8122708797454834,1.9394487142562866,2.090480327606201,2.267559766769409
B10,2.8542568683624268,2.5645511150360107,2.3047597408294678,1.9673490524291992,1.7308261394500732,1.4109731912612915,1.1740102767944336,0.9060852527618408,0.744937002658844,0.5467906594276428,0.6526181697845459,0.8368285894393921,1.1367745399475098,1.3357404470443726,1.6886543035507202,2.7873427867889404,2.56341814994812,2.2656071186065674,1.9644951820373535,1.6386007070541382,1.3336414098739624,1.0057910680770874,0.7049909234046936,0.37593281269073486,0.0,0.3927464783191681,0.6730884909629822,1.025728702545166,1.2793800830841064,1.6342650651931763,2.881848096847534,2.624220371246338,2.311272621154785,2.0400381088256836,1.683974266052246,1.4304227828979492,1.0831704139709473,0.8452605605125427,0.5479281544685364,0.5259628295898438,0.6444905400276184,0.851997435092926,1.126683235168457,1.4001328945159912,1.711659550666809,3.023524284362793,2.759661912918091,2.4304134845733643,2.198432683944702,1.8364194631576538,1.6622499227523804,1.3340706825256348,1.200106143951416,0.9836706519126892,1.0505914688110352,1.0913779735565186,1.2285573482513428,1.403051733970642,1.6608045101165771,1.9070385694503784,3.260955333709717,2.9398090839385986,2.6228442192077637,2.4465255737304688,2.0868375301361084,2.0027382373809814,1.7125558853149414,1.6757525205612183,1.493878722190857,1.6160260438919067,1.6217541694641113,1.7127299308776855,1.8032139539718628,2.006648302078247,2.169301748275757
B11,2.914694309234619,2.6436214447021484,2.407163381576538,2.094802141189575,1.827720284461975,1.5634642839431763,1.2788584232330322,1.087408185005188,0.8513914346694946,0.6653072237968445,0.5142349004745483,0.6564013957977295,0.8511423468589783,1.0787419080734253,1.3961560726165771,2.7780981063842773,2.577310800552368,2.3043205738067627,2.0302369594573975,1.6829639673233032,1.4434785842895508,1.082078218460083,0.8969664573669434,0.5391281843185425,0.3927464783191681,0.0,0.37534070014953613,0.6629554629325867,0.9647426009178162,1.2958567142486572,2.815803050994873,2.5792503356933594,2.2845568656921387,2.0418808460235596,1.6659928560256958,1.475393533706665,1.0997262001037598,0.9696547389030457,0.6315241456031799,0.6450238227844238,0.5009182691574097,0.6034954786300659,0.7843747138977051,1.081291675567627,1.3605788946151733,2.9022107124328613,2.6579043865203857,2.339465379714966,2.1363227367401123,1.7571390867233276,1.6426502466201782,1.2920259237289429,1.2457553148269653,0.9969637393951416,1.0994576215744019,1.0035861730575562,1.0444765090942383,1.1281193494796753,1.3704993724822998,1.5716056823730469,3.093144416809082,2.779390573501587,2.470620632171631,2.324354887008667,1.9545170068740845,1.9282722473144531,1.6298965215682983,1.6689717769622803,1.4801506996154785,1.6502783298492432,1.576924443244934,1.5885382890701294,1.6155949831008911,1.7713444232940674,1.8864727020263672
B12,2.671984910964966,2.4132845401763916,2.2063021659851074,1.91929292678833,1.6460713148117065,1.44756019115448,1.1643818616867065,1.0881037712097168,0.8961811065673828,0.8588279485702515,0.6014378070831299,0.5054924488067627,0.6098809242248535,0.7453110814094543,1.0652458667755127,2.4815914630889893,2.296884536743164,2.046152353286743,1.7984601259231567,1.44595205783844,1.2739704847335815,0.9154852032661438,0.8684833645820618,0.5997428297996521,0.6730884909629822,0.37534070014953613,0.0,0.3844153583049774,0.6091906428337097,0.9616591930389404,2.4881181716918945,2.2700552940368652,1.984958529472351,1.7720847129821777,1.389634370803833,1.26616370677948,0.897444486618042,0.9035300612449646,0.6519585847854614,0.8259226679801941,0.633611261844635,0.4884360730648041,0.6165881752967834,0.8096163272857666,1.0812931060791016,2.561457633972168,2.3369410037994385,2.017707586288452,1.8468925952911377,1.4667152166366577,1.4178613424301147,1.090295433998108,1.1531463861465454,0.9796409010887146,1.1899878978729248,1.0731267929077148,0.9862147569656372,1.0432435274124146,1.187447428703308,1.3657068014144897,2.761756658554077,2.4642856121063232,2.146897077560425,2.03482723236084,1.674601435661316,1.7055654525756836,1.446302056312561,1.5618113279342651,1.4427721500396729,1.6874135732650757,1.6205788850784302,1.555004596710205,1.593993067741394,1.6724432706832886,1.7861636877059937
B13,2.811347484588623,2.582465410232544,2.400993824005127,2.1508116722106934,1.8619087934494019,1.7203623056411743,1.4205365180969238,1.3949265480041504,1.1709424257278442,1.1334009170532227,0.784195065498352,0.6387522220611572,0.48352694511413574,0.6137393116950989,0.8227353096008301,2.562239646911621,2.412879228591919,2.19512939453125,1.9904223680496216,1.6403714418411255,1.5430165529251099,1.201422095298767,1.2263864278793335,0.9739987850189209,1.025728702545166,0.6629554629325867,0.3844153583049774,0.0,0.3769966661930084,0.6423063278198242,2.514439105987549,2.331869125366211,2.076683521270752,1.910689115524292,1.5365324020385742,1.4920704364776611,1.1513968706130981,1.2346243858337402,1.0013734102249146,1.1433037519454956,0.8532971143722534,0.6116854548454285,0.47493791580200195,0.6133872866630554,0.7768203616142273,2.528623580932617,2.338428497314453,2.042145252227783,1.918779730796814,1.5467556715011597,1.5736464262008667,1.2650185823440552,1.4012951850891113,1.2266875505447388,1.4310307502746582,1.2237499952316284,1.0439186096191406,0.9633676409721375,1.0378328561782837,1.1152867078781128,2.676161766052246,2.3986194133758545,2.098644733428955,2.033751964569092,1.6831101179122925,1.7851959466934204,1.5419480800628662,1.7268041372299194,1.6128584146499634,1.8786396980285645,1.7481178045272827,1.6084588766098022,1.5742182731628418,1.579809308052063,1.6214165687561035
