,A1,A2,A3,A4,A5,A6,A7,A8,A9,A10,A11,A12,A13,A14,A15,B1,B2,B3,B4,B5,B6,B7,B8,B9,B10,B11,B12,B13,B14,B15,C1,C2,C3,C4,C5,C6,C7,C8,C9,C10,C11,C12,C13,C14,C15,D1,D2,D3,D4,D5,D6,D7,D8,D9,D10,D11,D12,D13,D14,D15,E1,E2,E3,E4,E5,E6,E7,E8,E9,E10,E11,E12,E13,E14,E15
A1,0.0,0.3937598168849945,0.5767492651939392,0.925728976726532,1.1299692392349243,1.4822709560394287,1.7450315952301025,2.086191177368164,2.3686342239379883,2.7409822940826416,2.768603801727295,2.4847195148468018,2.6227071285247803,2.3321971893310547,2.442122220993042,0.5235133767127991,0.757948100566864,0.7409075498580933,1.0643595457077026,1.2781052589416504,1.573956847190857,1.8607043027877808,2.1607413291931152,2.466365337371826,2.841618061065674,2.915459394454956,2.6743075847625732,2.826390504837036,2.5897018909454346,2.7077269554138184,1.2684582471847534,1.369478464126587,1.210999846458435,1.429198145866394,1.578014850616455,1.8035038709640503,2.060412883758545,2.3084559440612793,2.613126516342163,2.9838621616363525,3.1007251739501953,2.909402370452881,3.080629825592041,2.892949342727661,3.030413866043091,1.9212218523025513,1.9428659677505493,1.7353293895721436,1.889028549194336,1.9691307544708252,2.135892391204834,2.3494937419891357,2.5403170585632324,2.828881025314331,3.1846885681152344,3.330296039581299,3.1993215084075928,3.380821704864502,3.2424397468566895,3.396315336227417,2.6728155612945557,2.534567356109619,2.296130895614624,2.441749095916748,2.4366376399993896,2.560939311981201,2.7207183837890625,2.85945725440979,3.1252193450927734,3.437602996826172,3.649418830871582,3.603015422821045,3.849109172821045,3.8097383975982666,4.024136066436768
A2,0.3937598168849945,0.0,0.3734910190105438,0.6219767928123474,0.9033854603767395,1.2244415283203125,1.5193997621536255,1.8475691080093384,2.148329734802246,2.504514217376709,2.544389486312866,2.2700586318969727,2.4314846992492676,2.147456645965576,2.298926591873169,0.5423287153244019,0.5453248620033264,0.4363575875759125,0.7024423480033875,0.9656635522842407,1.238413691520691,1.5599335432052612,1.852452039718628,2.178746461868286,2.5467782020568848,2.6369802951812744,2.4055867195129395,2.5851430892944336,2.3576066493988037,2.5132951736450195,1.1672359704971313,1.1590158939361572,0.9474107623100281,1.0973286628723145,1.250159740447998,1.4429683685302734,1.7225935459136963,1.9589192867279053,2.2829654216766357,2.649174451828003,2.7839956283569336,2.604806423187256,2.8026070594787598,2.6264476776123047,2.797863006591797,1.7818435430526733,1.7312909364700317,1.489666223526001,1.5855339765548706,1.650883674621582,1.7799745798110962,1.999674916267395,2.1725311279296875,2.4741411209106445,2.8250343799591064,2.9884257316589355,2.8717448711395264,3.0768485069274902,2.9527649879455566,3.136427402496338,2.491243839263916,2.3086934089660645,2.053589344024658,2.1537926197052,2.1298224925994873,2.218752384185791,2.3719992637634277,2.48870849609375,2.7577781677246094,3.0616540908813477,3.28688907623291,3.2554070949554443,3.5161447525024414,3.4941413402557373,3.725985527038574
A3,0.5767492651939392,0.3734910190105438,0.0,0.3682820200920105,0.5924628376960754,0.915932834148407,1.211541771888733,1.5322461128234863,1.8374240398406982,2.2016870975494385,2.265004873275757,2.0126638412475586,2.203768491744995,1.9546078443527222,2.1372270584106445,0.8398952484130859,0.8158499598503113,0.5349816679954529,0.7048342227935791,0.8325989842414856,1.0592039823532104,1.3438080549240112,1.6119838953018188,1.9286282062530518,2.2980566024780273,2.4050660133361816,2.2012479305267334,2.398697853088379,2.2111051082611084,2.389583110809326,1.4534809589385986,1.4039069414138794,1.11678147315979,1.2010271549224854,1.2407397031784058,1.3818342685699463,1.5991671085357666,1.8018858432769775,2.099809169769287,2.4599876403808594,2.603548765182495,2.4524075984954834,2.6576826572418213,2.5208895206451416,2.7060859203338623,2.0348880290985107,1.9537532329559326,1.6629635095596313,1.7174371480941772,1.6995793581008911,1.7938708066940308,1.947566270828247,2.0921976566314697,2.356471061706543,2.6958847045898438,2.858220338821411,2.766937255859375,2.9695208072662354,2.881563663482666,3.0710573196411133,2.713435649871826,2.508805751800537,2.2157716751098633,2.2879981994628906,2.202388286590576,2.2770729064941406,2.371631145477295,2.4747090339660645,2.7008743286132812,2.993983268737793,3.2085580825805664,3.1968703269958496,3.441693067550659,3.4457004070281982,3.663862943649292
A4,0.925728976726532,0.6219767928123474,0.3682820200920105,0.0,0.38410404324531555,0.6171853542327881,0.9525660872459412,1.247023582458496,1.5710502862930298,1.9160268306732178,1.999009609222412,1.7681405544281006,1.992323637008667,1.7689323425292969,2.0013492107391357,1.0761226415634155,0.9209755659103394,0.5701873898506165,0.5196909308433533,0.5767358541488647,0.7156729698181152,1.0231479406356812,1.2690221071243286,1.6048794984817505,1.9663366079330444,2.0958845615386963,1.9144716262817383,2.1460392475128174,1.9867355823516846,2.209120035171509,1.5509470701217651,1.409211277961731,1.0750689506530762,1.0454950332641602,1.0152872800827026,1.077208399772644,1.279406189918518,1.4500963687896729,1.756083607673645,2.1090312004089355,2.273298740386963,2.1464080810546875,2.380171298980713,2.272296667098999,2.494020700454712,2.058025360107422,1.911196231842041,1.586206078529358,1.565441608428955,1.4910672903060913,1.525131344795227,1.6464613676071167,1.7572635412216187,2.015242338180542,2.3443844318389893,2.5222318172454834,2.4553253650665283,2.6784727573394775,2.6195054054260254,2.8378641605377197,2.6685919761657715,2.4241607189178467,2.110095977783203,2.127758026123047,1.9987854957580566,2.0319793224334717,2.0901784896850586,2.165316343307495,2.372756004333496,2.652707099914551,2.8733487129211426,2.88295316696167,3.1334705352783203,3.1635396480560303,3.39109468460083
A5,1.1299692392349243,0.9033854603767395,0.5924628376960754,0.38410404324531555,0.0,0.38208717107772827,0.6218512654304504,0.961538553237915,1.2504079341888428,1.6154459714889526,1.6736440658569336,1.4342820644378662,1.6566623449325562,1.451992154121399,1.6920667886734009,1.2635961771011353,1.126076340675354,0.7547492384910583,0.7011364698410034,0.5203052759170532,0.64158034324646,0.81490558385849,1.0765395164489746,1.3609157800674438,1.734312891960144,1.833674669265747,1.6487656831741333,1.8641571998596191,1.7269262075424194,1.9448373317718506,1.7093117237091064,1.567949652671814,1.2032495737075806,1.1715284585952759,1.0213418006896973,1.083437204360962,1.174813985824585,1.349795937538147,1.5927270650863647,1.948926329612732,2.077125310897827,1.9468797445297241,2.154029369354248,2.0661730766296387,2.2729709148406982,2.1739275455474854,2.028467893600464,1.6761497259140015,1.6574403047561646,1.5080534219741821,1.5572811365127563,1.5992666482925415,1.7221475839614868,1.9198155403137207,2.248548984527588,2.385345697402954,2.3120334148406982,2.5018672943115234,2.457481622695923,2.654005765914917,2.753601551055908,2.511821746826172,2.167811632156372,2.1890077590942383,2.0095369815826416,2.0704870223999023,2.0739941596984863,2.175816535949707,2.33423113822937,2.622218370437622,2.800337553024292,2.7975685596466064,3.011706829071045,3.041426181793213,3.237687349319458
A6,1.4822709560394287,1.2244415283203125,0.915932834148407,0.6171853542327881,0.38208717107772827,0.0,0.38323068618774414,0.6303947567939758,0.9661210179328918,1.3074671030044556,1.4276180267333984,1.2529351711273193,1.5412092208862305,1.4110503196716309,1.7141906023025513,1.617563247680664,1.4363300800323486,1.0656388998031616,0.8965080976486206,0.6495359539985657,0.5218237638473511,0.6084532737731934,0.7603617906570435,1.059632658958435,1.4157605171203613,1.569927453994751,1.4505882263183594,1.7209599018096924,1.655289649963379,1.9278656244277954,2.0063087940216064,1.812751293182373,1.4395973682403564,1.316139817237854,1.0971416234970093,1.0254267454147339,1.0332138538360596,1.1076855659484863,1.326562523841858,1.6549432277679443,1.8226056098937988,1.7534501552581787,1.9986701011657715,1.9747841358184814,2.22471022605896,2.4163122177124023,2.223419427871704,1.857458472251892,1.7674126625061035,1.5591683387756348,1.521936058998108,1.4917502403259277,1.5403910875320435,1.6972633600234985,1.991540789604187,2.1509127616882324,2.130319595336914,2.3423187732696533,2.354478597640991,2.583068609237671,2.9300031661987305,2.656770706176758,2.302602767944336,2.265859365463257,2.039421558380127,2.044227361679077,1.9866797924041748,2.0387001037597656,2.1490402221679688,2.4028239250183105,2.585045099258423,2.6231260299682617,2.8351941108703613,2.909921169281006,3.1093156337738037
A7,1.7450315952301025,1.5193997621536255,1.211541771888733,0.9525660872459412,0.6218512654304504,0.38323068618774414,0.0,0.3814971148967743,0.6293140649795532,0.9959732890129089,1.0719633102416992,0.8910008072853088,1.1885048151016235,1.1049467325210571,1.4257251024246216,1.8421162366867065,1.664897084236145,1.3035409450531006,1.1452605724334717,0.8075578212738037,0.6772992014884949,0.5178432464599609,0.6425711512565613,0.8198851346969604,1.1813002824783325,1.2848550081253052,1.1659387350082397,1.417044997215271,1.3922642469406128,1.6631214618682861,2.1782538890838623,1.9831961393356323,1.6057358980178833,1.4840309619903564,1.1898219585418701,1.1224499940872192,1.0017260313034058,1.069687008857727,1.1826272010803223,1.5002057552337646,1.6120226383209229,1.5404906272888184,1.7495877742767334,1.7556769847869873,1.9887479543685913,2.532402515411377,2.339890241622925,1.9641066789627075,1.8749098777770996,1.6097136735916138,1.5870002508163452,1.475624680519104,1.5360058546066284,1.6135176420211792,1.8971238136291504,1.9998806715011597,1.9704724550247192,2.139773368835449,2.1704702377319336,2.373729944229126,2.997899055480957,2.7298343181610107,2.358240842819214,2.321458101272583,2.053802967071533,2.0838842391967773,1.9728809595108032,2.0528295040130615,2.1075949668884277,2.3652970790863037,2.493661403656006,2.5141661167144775,2.6821982860565186,2.754833221435547,2.9183876514434814
A8,2.086191177368164,1.8475691080093384,1.5322461128234863,1.247023582458496,0.961538553237915,0.6303947567939758,0.3814971148967743,0.0,0.3732958137989044,0.6894475221633911,0.8840622901916504,0.8437272310256958,1.2063767910003662,1.2369811534881592,1.5910224914550781,2.2031733989715576,2.0103049278259277,1.64773690700531,1.4483031034469604,1.1221330165863037,0.8844053149223328,0.6530003547668457,0.5316257476806641,0.6225618720054626,0.9209511280059814,1.1029465198516846,1.1030172109603882,1.4027814865112305,1.4772095680236816,1.7843738794326782,2.5248115062713623,2.3038530349731445,1.9284449815750122,1.759830355644226,1.4467617273330688,1.2897244691848755,1.0977551937103271,1.0318278074264526,1.0637495517730713,1.3097976446151733,1.4612805843353271,1.4805951118469238,1.7176713943481445,1.8052877187728882,2.0691356658935547,2.850090503692627,2.6295385360717773,2.2527689933776855,2.1180167198181152,1.822788953781128,1.7311066389083862,1.555529236793518,1.5317715406417847,1.5405755043029785,1.7611567974090576,1.8789424896240234,1.9168299436569214,2.098017692565918,2.195807695388794,2.4219508171081543,3.267240047454834,2.979572296142578,2.6077699661254883,2.5274641513824463,2.2295897006988525,2.210145950317383,2.0432026386260986,2.0701241493225098,2.063108205795288,2.2711334228515625,2.3936233520507812,2.460104465484619,2.6147611141204834,2.736903429031372,2.8946046829223633
A9,2.3686342239379883,2.148329734802246,1.8374240398406982,1.5710502862930298,1.2504079341888428,0.9661210179328918,0.6293140649795532,0.3732958137989044,0.0,0.38508713245391846,0.5377956628799438,0.5798800587654114,0.9488872289657593,1.08030366897583,1.4297839403152466,2.455730438232422,2.2657980918884277,1.914568305015564,1.7256343364715576,1.3671833276748657,1.1563777923583984,0.8359076380729675,0.6955572366714478,0.5548788905143738,0.775530993938446,0.8787922263145447,0.9204299449920654,1.1825437545776367,1.329063057899475,1.6218205690383911,2.733705759048462,2.513916492462158,2.143801212310791,1.9809348583221436,1.6332743167877197,1.4905253648757935,1.2227836847305298,1.151642084121704,1.0572259426116943,1.2505642175674438,1.3252114057540894,1.3573511838912964,1.541954517364502,1.6750192642211914,1.9137122631072998,3.009953260421753,2.792041301727295,2.416382312774658,2.2846829891204834,1.9568949937820435,1.879203200340271,1.6452953815460205,1.6297695636749268,1.555895447731018,1.7454094886779785,1.795301079750061,1.8294665813446045,1.9573484659194946,2.081101655960083,2.2762842178344727,3.378551959991455,3.098766803741455,2.7205097675323486,2.6399729251861572,2.3154280185699463,2.31585955619812,2.1062047481536865,2.155121326446533,2.092906951904297,2.2942283153533936,2.356760025024414,2.40620493888855,2.509139060974121,2.6309926509857178,2.7471230030059814
A10,2.7409822940826416,2.504514217376709,2.2016870975494385,1.9160268306732178,1.6154459714889526,1.3074671030044556,0.9959732890129089,0.6894475221633911,0.38508713245391846,0.0,0.3986867070198059,0.6724460124969482,1.0100210905075073,1.2417654991149902,1.5858230590820312,2.8121285438537598,2.600954532623291,2.2566583156585693,2.0382046699523926,1.6821683645248413,1.430626392364502,1.087622880935669,0.8502554297447205,0.5668396949768066,0.5678120851516724,0.6923559904098511,0.8890321850776672,1.1530672311782837,1.3973357677459717,1.7008776664733887,3.045804262161255,2.8023834228515625,2.4404709339141846,2.244994878768921,1.8831806182861328,1.6939183473587036,1.3776642084121704,1.225767970085144,1.0221383571624756,1.0960164070129395,1.157694935798645,1.2810841798782349,1.460837960243225,1.675610065460205,1.9264060258865356,3.2734291553497314,3.0327043533325195,2.662562608718872,2.4973955154418945,2.1463241577148438,2.026184320449829,1.7381283044815063,1.6663763523101807,1.5082608461380005,1.6188418865203857,1.6450616121292114,1.7347644567489624,1.8488653898239136,2.036912202835083,2.2391889095306396,3.577284097671509,3.2858686447143555,2.9120848178863525,2.7964212894439697,2.4478883743286133,2.4160804748535156,2.1557042598724365,2.171278715133667,2.0405917167663574,2.1928467750549316,2.2203989028930664,2.2982542514801025,2.3674802780151367,2.529106378555298,2.6253628730773926
A11,2.768603801727295,2.544389486312866,2.265004873275757,1.999009609222412,1.6736440658569336,1.4276180267333984,1.0719633102416992,0.8840622901916504,0.5377956628799438,0.3986867070198059,0.0,0.37728366255760193,0.6401531100273132,0.9290804862976074,1.246708869934082,2.781724214553833,2.5708963871002197,2.250427007675171,2.051254987716675,1.6746809482574463,1.4828712940216064,1.1034859418869019,0.9695996642112732,0.6355501413345337,0.6658254861831665,0.539386510848999,0.6382827758789062,0.8092073798179626,1.0766003131866455,1.3473409414291382,2.951477289199829,2.71688175201416,2.3695144653320312,2.1964101791381836,1.8174107074737549,1.682121992111206,1.3374701738357544,1.26747727394104,1.0234664678573608,1.126980185508728,1.053670883178711,1.0883804559707642,1.1809455156326294,1.3839343786239624,1.5903072357177734,3.126861095428467,2.9003548622131348,2.5391931533813477,2.396688222885132,2.0332024097442627,1.9634802341461182,1.6594265699386597,1.6559909582138062,1.4754717350006104,1.6178836822509766,1.5566211938858032,1.572139024734497,1.6174389123916626,1.7766326665878296,1.9314433336257935,3.392230272293091,3.1201305389404297,2.7453463077545166,2.6506524085998535,2.2955923080444336,2.31290340423584,2.0480167865753174,2.1255533695220947,1.9911079406738281,2.183168649673462,2.1550185680389404,2.1692934036254883,2.1979217529296875,2.3134379386901855,2.373819589614868
A12,2.4847195148468018,2.2700586318969727,2.0126638412475586,1.7681405544281006,1.4342820644378662,1.2529351711273193,0.8910008072853088,0.8437272310256958,0.5798800587654114,0.6724460124969482,0.37728366255760193,0.0,0.379459947347641,0.5718125104904175,0.9157546758651733,2.461662769317627,2.2566685676574707,1.9525166749954224,1.777974009513855,1.3954994678497314,1.2694975137710571,0.8951241970062256,0.8970480561256409,0.6521930694580078,0.8440176248550415,0.6692026853561401,0.5248889327049255,0.6518192291259766,0.8020652532577515,1.065055012702942,2.6091723442077637,2.3897106647491455,2.048083782196045,1.9049224853515625,1.5276392698287964,1.4556105136871338,1.1335402727127075,1.172171950340271,1.0017457008361816,1.21504807472229,1.1163396835327148,1.0213569402694702,1.090004801750183,1.1921128034591675,1.3763140439987183,2.783257246017456,2.57566499710083,2.2159430980682373,2.105477809906006,1.7524669170379639,1.740112066268921,1.4719411134719849,1.5484683513641357,1.4314950704574585,1.6543117761611938,1.5863138437271118,1.5198731422424316,1.5584808588027954,1.6378613710403442,1.773370623588562,3.071927309036255,2.8149352073669434,2.436553478240967,2.3756766319274902,2.036086082458496,2.101167917251587,1.8770108222961426,2.0101921558380127,1.9343763589859009,2.184278964996338,2.167830228805542,2.1319010257720947,2.181751012802124,2.24153470993042,2.314012289047241
A13,2.6227071285247803,2.4314846992492676,2.203768491744995,1.992323637008667,1.6566623449325562,1.5412092208862305,1.1885048151016235,1.2063767910003662,0.9488872289657593,1.0100210905075073,0.6401531100273132,0.379459947347641,0.0,0.37876424193382263,0.6206328868865967,2.546515464782715,2.3531100749969482,2.0858078002929688,1.943558931350708,1.568564534187317,1.511496663093567,1.1563981771469116,1.2249295711517334,0.985190749168396,1.132426381111145,0.8487551808357239,0.6166249513626099,0.4956901967525482,0.6120575666427612,0.7698178887367249,2.626613140106201,2.4266254901885986,2.1135306358337402,2.004779815673828,1.6336796283721924,1.6255214214324951,1.3101099729537964,1.4135751724243164,1.2281216382980347,1.4265888929367065,1.230239987373352,1.05272376537323,0.9872180819511414,1.0407415628433228,1.129449486732483,2.7408061027526855,2.5572707653045654,2.218748092651367,2.141495704650879,1.7928253412246704,1.8390538692474365,1.5741022825241089,1.7105733156204224,1.5792630910873413,1.807255506515503,1.663765788078308,1.5261019468307495,1.4775909185409546,1.5080896615982056,1.565860390663147,2.9831089973449707,2.754955768585205,2.384009838104248,2.352327823638916,2.0183067321777344,2.13834547996521,1.9204630851745605,2.1104037761688232,2.0320236682891846,2.3041341304779053,2.2341651916503906,2.1369571685791016,2.1389222145080566,2.143300771713257,2.1685068607330322
A14,2.3321971893310547,2.147456645965576,1.9546078443527222,1.7689323425292969,1.451992154121399,1.4110503196716309,1.1049467325210571,1.2369811534881592,1.08030366897583,1.2417654991149902,0.9290804862976074,0.5718125104904175,0.37876424193382263,0.0,0.3784621059894562,2.2137224674224854,2.023498058319092,1.7826924324035645,1.6677262783050537,1.3096975088119507,1.330197811126709,1.0292725563049316,1.2127362489700317,1.0790379047393799,1.3132745027542114,1.0668442249298096,0.7345048785209656,0.6284459233283997,0.48838332295417786,0.6113349199295044,2.2636892795562744,2.0781402587890625,1.7766801118850708,1.7015786170959473,1.3488606214523315,1.4140516519546509,1.1553847789764404,1.3569719791412354,1.2641149759292603,1.5375908613204956,1.3647578954696655,1.106606125831604,1.056348204612732,0.9746958613395691,1.043503761291504,2.3789775371551514,2.2138028144836426,1.87903892993927,1.8373247385025024,1.5124949216842651,1.620898962020874,1.4156426191329956,1.6231482028961182,1.5706273317337036,1.8607420921325684,1.740486741065979,1.5468419790267944,1.520294427871704,1.463846206665039,1.516489863395691,2.6538517475128174,2.43892502784729,2.066462516784668,2.0714361667633057,1.764204740524292,1.9295653104782104,1.7687104940414429,2.002244710922241,1.9922094345092773,2.3078458309173584,2.267777681350708,2.138554811477661,2.179384231567383,2.1377313137054443,2.1931283473968506
A15,2.442122220993042,2.298926591873169,2.1372270584106445,2.0013492107391357,1.6920667886734009,1.7141906023025513,1.4257251024246216,1.5910224914550781,1.4297839403152466,1.5858230590820312,1.246708869934082,0.9157546758651733,0.6206328868865967,0.3784621059894562,0.0,2.282270908355713,2.125502109527588,1.9310181140899658,1.8698071241378784,1.5423587560653687,1.6315150260925293,1.369969367980957,1.5837734937667847,1.4553190469741821,1.6714668273925781,1.3905839920043945,1.0558711290359497,0.8395566344261169,0.6333739757537842,0.5029990673065186,2.281080484390259,2.1384294033050537,1.8775949478149414,1.8602813482284546,1.5443708896636963,1.6783740520477295,1.4577170610427856,1.6970292329788208,1.6090734004974365,1.8708792924880981,1.655290126800537,1.3612771034240723,1.2210522890090942,1.0705853700637817,1.001283884048462,2.3508408069610596,2.2323498725891113,1.9316068887710571,1.9467042684555054,1.6567178964614868,1.8310127258300781,1.658988118171692,1.9101192951202393,1.8635767698287964,2.154496669769287,1.99294912815094,1.7511096000671387,1.6590023040771484,1.5400556325912476,1.500277042388916,2.601454734802246,2.431792736053467,2.076899766921997,2.133206605911255,1.8577901124954224,2.083174228668213,1.9534245729446411,2.2320573329925537,2.2349753379821777,2.5651607513427734,2.4928269386291504,2.3150205612182617,2.321486473083496,2.2217636108398438,2.2350974082946777
B1,0.5235133767127991,0.5423287153244019,0.8398952484130859,1.0761226415634155,1.2635961771011353,1.617563247680664,1.8421162366867065,2.2031733989715576,2.455730438232422,2.8121285438537598,2.781724214553833,2.461662769317627,2.546515464782715,2.2137224674224854,2.282270908355713,0.0,0.3801208734512329,0.6025851964950562,0.9473861455917358,1.2002792358398438,1.550371527671814,1.8332549333572388,2.1761746406555176,2.46633243560791,2.83874249458313,2.862661838531494,2.575704574584961,2.6880226135253906,2.4013023376464844,2.4838173389434814,0.7490023970603943,0.8978827595710754,0.8233126401901245,1.1252214908599854,1.3412021398544312,1.640080451965332,1.923452615737915,2.227350950241089,2.5336477756500244,2.9128825664520264,2.988314390182495,2.74890398979187,2.8907129764556885,2.652925968170166,2.7621233463287354,1.4034043550491333,1.4558442831039429,1.2886232137680054,1.5021460056304932,1.6422761678695679,1.8724459409713745,2.1281545162200928,2.3730521202087402,2.67753267288208,3.0506398677825928,3.1656439304351807,2.9878971576690674,3.1504969596862793,2.9645066261291504,3.0970568656921387,2.1641647815704346,2.049745798110962,1.834375262260437,2.0200724601745605,2.062877655029297,2.230966091156006,2.4357714653015137,2.618558645248413,2.912461280822754,3.2494285106658936,3.4417319297790527,3.351874828338623,3.595395803451538,3.5140137672424316,3.728504180908203
B2,0.757948100566864,0.5453248620033264,0.8158499598503113,0.9209755659103394,1.126076340675354,1.4363300800323486,1.664897084236145,2.0103049278259277,2.2657980918884277,2.600954532623291,2.5708963871002197,2.2566685676574707,2.3531100749969482,2.023498058319092,2.125502109527588,0.3801208734512329,0.0,0.37324583530426025,0.6369162201881409,0.9305962324142456,1.2668375968933105,1.5663096904754639,1.9068468809127808,2.204622268676758,2.5661990642547607,2.593902587890625,2.3094024658203125,2.4389443397521973,2.154630184173584,2.268159866333008,0.6474140286445618,0.6256572604179382,0.4766298532485962,0.7500304579734802,0.9955286979675293,1.2891197204589844,1.5955320596694946,1.9012988805770874,2.2199249267578125,2.594489336013794,2.6761157512664795,2.4395382404327393,2.59981632232666,2.36570405960083,2.5035626888275146,1.238641619682312,1.2002488374710083,0.9842526316642761,1.149614691734314,1.2863070964813232,1.4996932744979858,1.7696658372879028,2.01204776763916,2.3286092281341553,2.700155258178711,2.8233025074005127,2.6501026153564453,2.8304696083068848,2.651076078414917,2.8092117309570312,1.9515345096588135,1.7862879037857056,1.546217918395996,1.6907049417495728,1.7176711559295654,1.862655758857727,2.0684127807617188,2.242321491241455,2.5428550243377686,2.8778750896453857,3.0765774250030518,2.9924228191375732,3.247882127761841,3.1766812801361084,3.406921148300171
B3,0.7409075498580933,0.4363575875759125,0.5349816679954529,0.5701873898506165,0.7547492384910583,1.0656388998031616,1.3035409450531006,1.64773690700531,1.914568305015564,2.2566583156585693,2.250427007675171,1.9525166749954224,2.0858078002929688,1.7826924324035645,1.9310181140899658,0.6025851964950562,0.37324583530426025,0.0,0.3662031590938568,0.6129584312438965,0.9485933184623718,1.247734785079956,1.580550193786621,1.88455331325531,2.253011703491211,2.3026750087738037,2.0414845943450928,2.200927495956421,1.9528311491012573,2.1051385402679443,0.9860621094703674,0.8845277428627014,0.582719624042511,0.7213993668556213,0.8377256989479065,1.0840544700622559,1.3557546138763428,1.6381537914276123,1.949663758277893,2.3260626792907715,2.4252965450286865,2.216510772705078,2.39762806892395,2.203782558441162,2.3706352710723877,1.5183049440383911,1.422082543373108,1.1300485134124756,1.2138478755950928,1.2415024042129517,1.403077483177185,1.6135543584823608,1.8258662223815918,2.1192941665649414,2.485539436340332,2.6181998252868652,2.474266767501831,2.6644487380981445,2.52569580078125,2.703000545501709,2.1799392700195312,1.9761064052581787,1.6863154172897339,1.7796748876571655,1.7264457941055298,1.8406214714050293,1.982895016670227,2.1344282627105713,2.3980515003204346,2.723438262939453,2.921663522720337,2.864346504211426,3.1129202842712402,3.075333595275879,3.300192356109619
B4,1.0643595457077026,0.7024423480033875,0.7048342227935791,0.5196909308433533,0.7011364698410034,0.8965080976486206,1.1452605724334717,1.4483031034469604,1.7256343364715576,2.0382046699523926,2.051254987716675,1.777974009513855,1.943558931350708,1.6677262783050537,1.8698071241378784,0.9473861455917358,0.6369162201881409,0.3662031590938568,0.0,0.38375359773635864,0.6436132788658142,0.9820168018341064,1.292917251586914,1.6160544157028198,1.9696048498153687,2.042513132095337,1.8035199642181396,2.001117706298828,1.7802269458770752,1.9838905334472656,1.1696498394012451,0.9482576847076416,0.6014158725738525,0.5267210602760315,0.5774610638618469,0.7427777051925659,1.0395464897155762,1.300036907196045,1.6327157020568848,2.0012292861938477,2.1250216960906982,1.9395877122879028,2.1569759845733643,1.9906201362609863,2.203356981277466,1.5920116901397705,1.4089218378067017,1.0789251327514648,1.0488802194595337,1.014663815498352,1.0993285179138184,1.2979530096054077,1.4789512157440186,1.7825721502304077,2.1413779258728027,2.296682119369507,2.177640438079834,2.3979098796844482,2.2879929542541504,2.5038483142852783,2.1624691486358643,1.9077908992767334,1.5974195003509521,1.616294264793396,1.5162497758865356,1.5732395648956299,1.6863561868667603,1.8044334650039673,2.061365842819214,2.374863386154175,2.58760666847229,2.5541934967041016,2.817399263381958,2.8085217475891113,3.050978183746338
B5,1.2781052589416504,0.9656635522842407,0.8325989842414856,0.5767358541488647,0.5203052759170532,0.6495359539985657,0.8075578212738037,1.1221330165863037,1.3671833276748657,1.6821683645248413,1.6746809482574463,1.3954994678497314,1.568564534187317,1.3096975088119507,1.5423587560653687,1.2002792358398438,0.9305962324142456,0.6129584312438965,0.38375359773635864,0.0,0.38623303174972534,0.6382161974906921,0.9858086109161377,1.2768117189407349,1.6431186199188232,1.6945232152938843,1.4514726400375366,1.6510627269744873,1.4538054466247559,1.6775277853012085,1.413969874382019,1.1881413459777832,0.8115882277488708,0.6973292827606201,0.5011432766914368,0.6234273314476013,0.7911878824234009,1.0644344091415405,1.3500369787216187,1.7290568351745605,1.8276485204696655,1.6425942182540894,1.8508163690567017,1.7115812301635742,1.9301255941390991,1.7726048231124878,1.5765423774719238,1.2099106311798096,1.151489019393921,0.9885465502738953,1.059061884880066,1.1455880403518677,1.329315185546875,1.572884202003479,1.9345232248306274,2.0580217838287354,1.9406825304031372,2.140176773071289,2.0556204319000244,2.265223503112793,2.2851645946502686,2.0219130516052246,1.6723430156707764,1.672430157661438,1.492205262184143,1.561099648475647,1.5929327011108398,1.727476716041565,1.9250012636184692,2.2439141273498535,2.4189846515655518,2.3829774856567383,2.6146206855773926,2.617095708847046,2.8342771530151367
B6,1.573956847190857,1.238413691520691,1.0592039823532104,0.7156729698181152,0.64158034324646,0.5218237638473511,0.6772992014884949,0.8844053149223328,1.1563777923583984,1.430626392364502,1.4828712940216064,1.2694975137710571,1.511496663093567,1.330197811126709,1.6315150260925293,1.550371527671814,1.2668375968933105,0.9485933184623718,0.6436132788658142,0.38623303174972534,0.0,0.38635551929473877,0.6501818299293518,0.9890138506889343,1.3372576236724854,1.4526665210723877,1.2774834632873535,1.548252820968628,1.4290947914123535,1.7196990251541138,1.7500191926956177,1.4824179410934448,1.120925784111023,0.900782585144043,0.643798828125,0.5040701627731323,0.5845605134963989,0.7444589734077454,1.0507431030273438,1.413163661956787,1.5693111419677734,1.4521548748016357,1.7188572883605957,1.6516427993774414,1.9281717538833618,2.059908628463745,1.815309762954712,1.448431134223938,1.2978761196136475,1.0710045099258423,1.0016117095947266,1.0025168657302856,1.0854253768920898,1.308011531829834,1.6419070959091187,1.8071255683898926,1.7528399229049683,1.9925813674926758,1.973384141921997,2.229259490966797,2.498098611831665,2.2001545429229736,1.8491348028182983,1.773677945137024,1.5422612428665161,1.5256338119506836,1.4861767292022705,1.5487514734268188,1.7022778987884521,1.9851025342941284,2.179603338241577,2.195823907852173,2.437547445297241,2.4948997497558594,2.7250301837921143
B7,1.8607043027877808,1.5599335432052612,1.3438080549240112,1.0231479406356812,0.81490558385849,0.6084532737731934,0.5178432464599609,0.6530003547668457,0.8359076380729675,1.087622880935669,1.1034859418869019,0.8951241970062256,1.1563981771469116,1.0292725563049316,1.369969367980957,1.8332549333572388,1.5663096904754639,1.247734785079956,0.9820168018341064,0.6382161974906921,0.38635551929473877,0.0,0.3824593126773834,0.6391105055809021,1.0060495138168335,1.0853599309921265,0.9125257730484009,1.1982319355010986,1.1341818571090698,1.4527841806411743,2.0018229484558105,1.736161231994629,1.3749219179153442,1.162977695465088,0.8195639252662659,0.6639144420623779,0.4850340485572815,0.6018213629722595,0.7854268550872803,1.1532669067382812,1.26594078540802,1.1563290357589722,1.4114102125167847,1.3927192687988281,1.675667405128479,2.252904176712036,2.0056333541870117,1.631187081336975,1.4737998247146606,1.1702089309692383,1.0958722829818726,0.9598419666290283,1.0308029651641846,1.142818570137024,1.4644205570220947,1.5775206089019775,1.5275330543518066,1.7358214855194092,1.7533953189849854,1.9989314079284668,2.6288206577301025,2.3321876525878906,1.9628902673721313,1.87519371509552,1.585486888885498,1.5825730562210083,1.458396077156067,1.5380247831344604,1.6099951267242432,1.8896143436431885,2.027876853942871,2.037461996078491,2.234938859939575,2.304363965988159,2.5015807151794434
B8,2.1607413291931152,1.852452039718628,1.6119838953018188,1.2690221071243286,1.0765395164489746,0.7603617906570435,0.6425711512565613,0.5316257476806641,0.6955572366714478,0.8502554297447205,0.9695996642112732,0.8970480561256409,1.2249295711517334,1.2127362489700317,1.5837734937667847,2.1761746406555176,1.9068468809127808,1.580550193786621,1.292917251586914,0.9858086109161377,0.6501818299293518,0.3824593126773834,0.0,0.38147905468940735,0.7055041193962097,0.9020712971687317,0.87339848279953,1.2272337675094604,1.2766073942184448,1.6310362815856934,2.358531951904297,2.0765092372894287,1.7224507331848145,1.4749131202697754,1.1439205408096313,0.8889703750610352,0.6454617381095886,0.5015159249305725,0.594730794429779,0.8970414996147156,1.0904561281204224,1.1026610136032104,1.407489538192749,1.4869023561477661,1.8066167831420898,2.594733476638794,2.3241536617279053,1.9567331075668335,1.7557967901229858,1.437652826309204,1.274884819984436,1.0669537782669067,1.0031105279922485,1.031419038772583,1.2786005735397339,1.4314990043640137,1.4735779762268066,1.7099934816360474,1.809545636177063,2.086799144744873,2.926593065261841,2.611699342727661,2.250100612640381,2.1150994300842285,1.801576852798462,1.7313636541366577,1.5436344146728516,1.5432037115097046,1.54135262966156,1.7578204870224,1.902928352355957,1.9762096405029297,2.1682450771331787,2.300548791885376,2.498382329940796
B9,2.466365337371826,2.178746461868286,1.9286282062530518,1.6048794984817505,1.3609157800674438,1.059632658958435,0.8198851346969604,0.6225618720054626,0.5548788905143738,0.5668396949768066,0.6355501413345337,0.6521930694580078,0.985190749168396,1.0790379047393799,1.4553190469741821,2.46633243560791,2.204622268676758,1.88455331325531,1.6160544157028198,1.2768117189407349,0.9890138506889343,0.6391105055809021,0.38147905468940735,0.0,0.381069153547287,0.539710283279419,0.5991848707199097,0.9643319845199585,1.1154555082321167,1.474697470664978,2.615170955657959,2.335859775543213,1.9880141019821167,1.7508286237716675,1.3882081508636475,1.1591476202011108,0.8273481726646423,0.6660324931144714,0.5040231347084045,0.7237998843193054,0.8387842774391174,0.8973034620285034,1.170950174331665,1.3267232179641724,1.6379011869430542,2.8014886379241943,2.532583713531494,2.16841459274292,1.9697091579437256,1.6165763139724731,1.4665699005126953,1.1800541877746582,1.111804723739624,1.004554033279419,1.1964755058288574,1.269342064857483,1.3259367942810059,1.5121241807937622,1.6610345840454102,1.917667269706726,3.076319932937622,2.7681615352630615,2.4015042781829834,2.2610254287719727,1.9152042865753174,1.8606159687042236,1.6126344203948975,1.6284546852111816,1.5427993535995483,1.7399332523345947,1.8116940259933472,1.8761414289474487,2.009169578552246,2.154963254928589,2.3106045722961426
B10,2.841618061065674,2.5467782020568848,2.2980566024780273,1.9663366079330444,1.734312891960144,1.4157605171203613,1.1813002824783325,0.9209511280059814,0.775530993938446,0.5678120851516724,0.6658254861831665,0.8440176248550415,1.132426381111145,1.3132745027542114,1.6714668273925781,2.83874249458313,2.5661990642547607,2.253011703491211,1.9696048498153687,1.6431186199188232,1.3372576236724854,1.0060495138168335,0.7055041193962097,0.381069153547287,0.0,0.39265942573547363,0.6808978915214539,1.0221409797668457,1.2695744037628174,1.6245591640472412,2.9575958251953125,2.662437677383423,2.327134847640991,2.0679078102111816,1.70745849609375,1.4453834295272827,1.0959423780441284,0.8505852818489075,0.5490553975105286,0.5296297669410706,0.6557115316390991,0.8693329691886902,1.1412445306777954,1.3921802043914795,1.7114900350570679,3.101527690887451,2.8147799968719482,2.4623866081237793,2.235600471496582,1.8716179132461548,1.679937720298767,1.3478423357009888,1.2053488492965698,0.9866356253623962,1.0542927980422974,1.1062124967575073,1.2501804828643799,1.4280680418014526,1.657582402229309,1.9244476556777954,3.3120710849761963,2.9952385425567627,2.6395103931427,2.4642467498779297,2.1017026901245117,2.008789539337158,1.7087064981460571,1.6764652729034424,1.5042215585708618,1.630800485610962,1.6635452508926392,1.7715489864349365,1.8690611124038696,2.0684990882873535,2.2063050270080566
B11,2.915459394454956,2.6369802951812744,2.4050660133361816,2.0958845615386963,1.833674669265747,1.569927453994751,1.2848550081253052,1.1029465198516846,0.8787922263145447,0.6923559904098511,0.539386510848999,0.6692026853561401,0.8487551808357239,1.0668442249298096,1.3905839920043945,2.862661838531494,2.593902587890625,2.3026750087738037,2.042513132095337,1.6945232152938843,1.4526665210723877,1.0853599309921265,0.9020712971687317,0.539710283279419,0.39265942573547363,0.0,0.38817456364631653,0.6613685488700867,0.9633741974830627,1.2952048778533936,2.921931743621826,2.6367807388305664,2.3163323402404785,2.0818285942077637,1.70313560962677,1.5017893314361572,1.1209261417388916,0.9820390939712524,0.6349722743034363,0.648773193359375,0.5153664946556091,0.628976047039032,0.8071094751358032,1.0835052728652954,1.3701919317245483,3.0110764503479004,2.7386093139648438,2.39585018157959,2.192364454269409,1.8126320838928223,1.6766835451126099,1.3208898305892944,1.2625057697296143,1.0057469606399536,1.1048009395599365,1.0197392702102661,1.072152853012085,1.1607780456542969,1.3791197538375854,1.6012670993804932,3.1764819622039795,2.8793318271636963,2.522071599960327,2.3666396141052246,1.9926512241363525,1.953858494758606,1.640988826751709,1.68287992477417,1.4966219663619995,1.6669737100601196,1.6192371845245361,1.6494065523147583,1.6883012056350708,1.8417404890060425,1.9348524808883667
B12,2.6743075847625732,2.4055867195129395,2.2012479305267334,1.9144716262817383,1.6487656831741333,1.4505882263183594,1.1659387350082397,1.1030172109603882,0.9204299449920654,0.8890321850776672,0.6382827758789062,0.5248889327049255,0.6166249513626099,0.7345048785209656,1.0558711290359497,2.575704574584961,2.3094024658203125,2.0414845943450928,1.8035199642181396,1.4514726400375366,1.2774834632873535,0.9125257730484009,0.87339848279953,0.5991848707199097,0.6808978915214539,0.38817456364631653,0.0,0.37710919976234436,0.5917538404464722,0.9447439312934875,2.593731641769409,2.3203556537628174,2.010505437850952,1.8027706146240234,1.4194544553756714,1.284938097000122,0.9094775915145874,0.9095489978790283,0.6484389901161194,0.8298409581184387,0.6438519954681396,0.49684879183769226,0.6242245435714722,0.7879890203475952,1.067203402519226,2.6639060974121094,2.407923460006714,2.067772388458252,1.8937948942184448,1.5141607522964478,1.443344235420227,1.1099607944488525,1.1627000570297241,0.9783966541290283,1.191728115081787,1.0790586471557617,0.9957701563835144,1.0562154054641724,1.1715247631072998,1.3694560527801514,2.8375158309936523,2.555771827697754,2.1920552253723145,2.0696001052856445,1.7019312381744385,1.7233895063400269,1.4462532997131348,1.5695438385009766,1.4510281085968018,1.7009378671646118,1.6552807092666626,1.608177661895752,1.6620374917984009,1.7375078201293945,1.8363029956817627
B13,2.826390504837036,2.5851430892944336,2.398697853088379,2.1460392475128174,1.8641571998596191,1.7209599018096924,1.417044997215271,1.4027814865112305,1.1825437545776367,1.1530672311782837,0.8092073798179626,0.6518192291259766,0.4956901967525482,0.6284459233283997,0.8395566344261169,2.6880226135253906,2.4389443397521973,2.200927495956421,2.001117706298828,1.6510627269744873,1.548252820968628,1.1982319355010986,1.2272337675094604,0.9643319845199585,1.0221409797668457,0.6613685488700867,0.37710919976234436,0.0,0.38300013542175293,0.647754430770874,2.6528005599975586,2.402940273284912,2.1194796562194824,1.9526172876358032,1.578465223312378,1.518207311630249,1.1670081615447998,1.2404226064682007,0.9945546984672546,1.1397877931594849,0.8555197715759277,0.617890477180481,0.4916999340057373,0.6123914122581482,0.7831925749778748,2.6677770614624023,2.438995599746704,2.1209516525268555,1.9860039949417114,1.6151272058486938,1.6136000156402588,1.2964619398117065,1.4167758226394653,1.226768970489502,1.4293749332427979,1.2260364294052124,1.0553548336029053,0.9822362065315247,1.0408941507339478,1.1400128602981567,2.7941365242004395,2.5439844131469727,2.1884963512420654,2.0993034839630127,1.739246129989624,1.8246419429779053,1.5584944486618042,1.7455308437347412,1.6242167949676514,1.8902488946914673,1.7785724401474,1.6588035821914673,1.6447471380233765,1.6536388397216797,1.6882935762405396
