,A1,A2,A3,A4,A5,A6,A7,A8,A9,A10,A11,A12,A13,A14,A15,B1,B2,B3,B4,B5,B6,B7,B8,B9,B10,B11,B12,B13,B14,B15,C1,C2,C3,C4,C5,C6,C7,C8,C9,C10,C11,C12,C13,C14,C15,D1,D2,D3,D4,D5,D6,D7,D8,D9,D10,D11,D12,D13,D14,D15,E1,E2,E3,E4,E5,E6,E7,E8,E9,E10,E11,E12,E13,E14,E15
A1,0.0,0.38115978240966797,0.6068391799926758,0.8973413705825806,1.177660584449768,1.4440423250198364,1.780677318572998,2.059678316116333,2.025221824645996,2.380263566970825,2.303772449493408,2.664879322052002,2.5474703311920166,2.7625062465667725,2.508284091949463,0.9730214476585388,0.996337354183197,1.0328590869903564,1.2304414510726929,1.358435034751892,1.5937433242797852,1.852795124053955,2.0820608139038086,2.013988971710205,2.346177577972412,2.2772176265716553,2.6239566802978516,2.5013086795806885,2.770146131515503,2.5589218139648438,1.5203492641448975,1.5123333930969238,1.5059394836425781,1.6544673442840576,1.7244154214859009,1.9249546527862549,2.1721529960632324,2.336256265640259,2.2641561031341553,2.5556697845458984,2.487874746322632,2.795388698577881,2.653770685195923,2.9197583198547363,2.727750301361084,2.0385286808013916,2.0202829837799072,1.9881709814071655,2.098931074142456,2.1273550987243652,2.3122527599334717,2.539283514022827,2.7142581939697266,2.71230411529541,2.924825429916382,2.881436347961426,3.1486904621124268,2.981779098510742,3.192488670349121,2.984318256378174,2.5678391456604004,2.511035680770874,2.488302230834961,2.5444648265838623,2.5159988403320312,2.6873955726623535,2.6995842456817627,3.0740270614624023,3.030669927597046,3.397392988204956,3.4546797275543213,3.728289842605591,3.7148849964141846,4.070003509521484,4.2327656745910645
A2,0.38115978240966797,0.0,0.390735924243927,0.561002254486084,0.8870108723640442,1.1045918464660645,1.4512684345245361,1.7141023874282837,1.6553170680999756,2.010026216506958,1.930290937423706,2.294186592102051,2.1835837364196777,2.4157204627990723,2.1783220767974854,1.112280011177063,1.0252636671066284,1.072973608970642,1.1542450189590454,1.275168538093567,1.428011417388916,1.674569010734558,1.852343201637268,1.736775279045105,2.0464963912963867,1.9568265676498413,2.2928576469421387,2.167874574661255,2.4458937644958496,2.250244617462158,1.6452596187591553,1.5775113105773926,1.5929173231124878,1.664990782737732,1.7325844764709473,1.8628336191177368,2.093641757965088,2.200139284133911,2.08133602142334,2.3345422744750977,2.2413887977600098,2.5240092277526855,2.375455856323242,2.6378486156463623,2.4578170776367188,2.1531553268432617,2.1023011207580566,2.0981271266937256,2.157776117324829,2.190096616744995,2.3169989585876465,2.525721549987793,2.6504056453704834,2.607954263687134,2.776890993118286,2.7096431255340576,2.946746349334717,2.7698261737823486,2.965660572052002,2.760932445526123,2.6770741939544678,2.6080639362335205,2.6240651607513428,2.6557064056396484,2.657418727874756,2.7972412109375,2.8290555477142334,3.183919668197632,3.1094582080841064,3.4649178981781006,3.4790947437286377,3.7540290355682373,3.7049155235290527,4.045066833496094,4.179825305938721
A3,0.6068391799926758,0.390735924243927,0.0,0.3815213739871979,0.5753364562988281,0.8789704442024231,1.1935241222381592,1.4913727045059204,1.516322374343872,1.885932445526123,1.8822959661483765,2.259204864501953,2.213252544403076,2.4799423217773438,2.2939202785491943,1.2868329286575317,1.1163219213485718,1.0338078737258911,1.0417441129684448,1.0486433506011963,1.1823463439941406,1.3679215908050537,1.5798285007476807,1.523389220237732,1.8605738878250122,1.8424488306045532,2.2004010677337646,2.1418728828430176,2.4627578258514404,2.32493257522583,1.7905930280685425,1.6505450010299683,1.5845402479171753,1.5899558067321777,1.5748915672302246,1.6684402227401733,1.8424862623214722,1.9622752666473389,1.8844417333602905,2.145988702774048,2.111861228942871,2.408548593521118,2.3203320503234863,2.6232476234436035,2.501006841659546,2.2850475311279297,2.1712567806243896,2.11153507232666,2.1107401847839355,2.0786755084991455,2.1681413650512695,2.324641704559326,2.455434560775757,2.4444308280944824,2.609832525253296,2.5893898010253906,2.833400011062622,2.7059149742126465,2.9359099864959717,2.7810239791870117,2.802062749862671,2.6785225868225098,2.6626009941101074,2.6365926265716553,2.604182481765747,2.6937661170959473,2.691091537475586,3.0244128704071045,2.908818006515503,3.248276472091675,3.2491958141326904,3.502535581588745,3.430833578109741,3.765937566757202,3.905818223953247
A4,0.8973413705825806,0.561002254486084,0.3815213739871979,0.0,0.3841041922569275,0.550234317779541,0.9128347039222717,1.1636772155761719,1.1491175889968872,1.5128148794174194,1.5017991065979004,1.878502607345581,1.843170166015625,2.1187832355499268,1.9559262990951538,1.4162336587905884,1.1802865266799927,1.13870108127594,1.0308091640472412,1.0538409948349,1.067794680595398,1.248175024986267,1.372395396232605,1.241143822669983,1.5447956323623657,1.494866132736206,1.840499758720398,1.7786307334899902,2.106051206588745,1.987630009651184,1.8800339698791504,1.7015591859817505,1.6754645109176636,1.6158475875854492,1.6209385395050049,1.6376994848251343,1.8030792474746704,1.8444604873657227,1.7016128301620483,1.9117677211761475,1.8388371467590332,2.104442596435547,2.0042710304260254,2.299074411392212,2.189678430557251,2.3480825424194336,2.214939594268799,2.1951632499694824,2.1552534103393555,2.1455814838409424,2.1785261631011963,2.3259499073028564,2.393688201904297,2.328434467315674,2.443275213241577,2.3872385025024414,2.594996213912964,2.4516923427581787,2.6608352661132812,2.508446455001831,2.847973108291626,2.7224044799804688,2.751452684402466,2.7134029865264893,2.7225112915039062,2.7908666133880615,2.8219003677368164,3.133880138397217,3.001216411590576,3.3278534412384033,3.2844536304473877,3.5448944568634033,3.443315029144287,3.7593038082122803,3.8636131286621094
A5,1.177660584449768,0.8870108723640442,0.5753364562988281,0.3841041922569275,0.0,0.37661850452423096,0.6300351023674011,0.9459587931632996,1.0501219034194946,1.4225683212280273,1.5095326900482178,1.88679039478302,1.9235663414001465,2.235311508178711,2.13146710395813,1.7230784893035889,1.4591933488845825,1.334162950515747,1.1704951524734497,1.06747567653656,1.0150904655456543,1.0705100297927856,1.204685091972351,1.138138771057129,1.4472872018814087,1.4813947677612305,1.8282732963562012,1.8417246341705322,2.2032527923583984,2.1497743129730225,2.1656744480133057,1.9475040435791016,1.8620383739471436,1.7479366064071655,1.6731913089752197,1.6368489265441895,1.719376564025879,1.7563785314559937,1.6538512706756592,1.8471516370773315,1.8370901346206665,2.095632314682007,2.0621283054351807,2.385052442550659,2.3382012844085693,2.6187286376953125,2.444345474243164,2.382080554962158,2.292184591293335,2.2236862182617188,2.2130191326141357,2.296130418777466,2.3591761589050293,2.321669816970825,2.4167182445526123,2.406477212905884,2.6056265830993652,2.514136791229248,2.745893955230713,2.645045518875122,3.1077961921691895,2.943845272064209,2.94722056388855,2.86232590675354,2.840970277786255,2.8611507415771484,2.857288360595703,3.141011953353882,2.964890956878662,3.2671127319335938,3.205294370651245,3.436311721801758,3.3033509254455566,3.6068527698516846,3.7114439010620117
A6,1.4440423250198364,1.1045918464660645,0.8789704442024231,0.550234317779541,0.37661850452423096,0.0,0.39497360587120056,0.6162126660346985,0.6771150231361389,1.0470184087753296,1.1434276103973389,1.5173203945159912,1.578755259513855,1.9011741876602173,1.8347662687301636,1.885880947113037,1.591977834701538,1.5124330520629883,1.2819032669067383,1.2121219635009766,1.0508673191070557,1.0906835794448853,1.0951001644134521,0.9269360303878784,1.1701146364212036,1.1672978401184082,1.4893746376037598,1.5078612565994263,1.8751274347305298,1.853556752204895,2.2901604175567627,2.0526046752929688,2.0081582069396973,1.8512730598449707,1.804983377456665,1.7044456005096436,1.779085636138916,1.729893445968628,1.556392788887024,1.677185297012329,1.6208934783935547,1.8314787149429321,1.787840485572815,2.09548282623291,2.0689773559570312,2.71382737159729,2.5309815406799316,2.5082321166992188,2.392307758331299,2.35123872756958,2.2937724590301514,2.371124267578125,2.3695459365844727,2.274780035018921,2.3122732639312744,2.2614471912384033,2.414318561553955,2.306607246398926,2.509906530380249,2.414716958999634,3.1812496185302734,3.021773338317871,3.0668768882751465,2.977839708328247,2.9962985515594482,3.0031299591064453,3.0331361293792725,3.2971243858337402,3.1126644611358643,3.401081085205078,3.2992970943450928,3.5367984771728516,3.3786392211914062,3.6598598957061768,3.726533889770508
A7,1.780677318572998,1.4512684345245361,1.1935241222381592,0.9128347039222717,0.6300351023674011,0.39497360587120056,0.0,0.38850975036621094,0.6186570525169373,0.9536201357841492,1.1640081405639648,1.5083845853805542,1.6431894302368164,1.99673330783844,1.9952316284179688,2.2703535556793213,1.9709761142730713,1.8604984283447266,1.6109743118286133,1.4785641431808472,1.270525336265564,1.188187599182129,1.1477974653244019,1.0232889652252197,1.1970809698104858,1.2587212324142456,1.5310975313186646,1.6165143251419067,1.9927706718444824,2.0353872776031494,2.6693520545959473,2.416337251663208,2.346372365951538,2.1600072383880615,2.068434953689575,1.9251402616500854,1.926727533340454,1.8518785238265991,1.7011646032333374,1.7681169509887695,1.7523974180221558,1.9179627895355225,1.9284230470657349,2.23447322845459,2.264054298400879,3.084115982055664,2.8819990158081055,2.8406660556793213,2.6942436695098877,2.6188955307006836,2.5248537063598633,2.5482845306396484,2.527514934539795,2.4428937435150146,2.4421732425689697,2.4174365997314453,2.538011074066162,2.4694154262542725,2.6703124046325684,2.617490291595459,3.5423593521118164,3.364407539367676,3.3998162746429443,3.2827539443969727,3.2854950428009033,3.257730722427368,3.265225887298584,3.5018770694732666,3.282726526260376,3.5435104370117188,3.4187333583831787,3.626192808151245,3.4330406188964844,3.691537618637085,3.7466585636138916
A8,2.059678316116333,1.7141023874282837,1.4913727045059204,1.1636772155761719,0.9459587931632996,0.6162126660346985,0.38850975036621094,0.0,0.38595476746559143,0.6158871054649353,0.9010809063911438,1.203957438468933,1.4022982120513916,1.7486244440078735,1.8090952634811401,2.4311752319335938,2.106611490249634,2.0190353393554688,1.7220402956008911,1.6115398406982422,1.3322627544403076,1.2383819818496704,1.071244239807129,0.8706914782524109,0.9245998859405518,0.9789865016937256,1.1992443799972534,1.329345941543579,1.706084132194519,1.8076814413070679,2.779412031173706,2.504706621170044,2.459307909011841,2.2333645820617676,2.1606040000915527,1.9624963998794556,1.9515860080718994,1.797675609588623,1.5926202535629272,1.576035499572754,1.5298514366149902,1.6341371536254883,1.659702181816101,1.9499379396438599,2.023660898208618,3.1544060707092285,2.937354326248169,2.9229977130889893,2.747506618499756,2.6913654804229736,2.5520851612091064,2.5644936561584473,2.481778860092163,2.34779953956604,2.2885241508483887,2.233370065689087,2.3036792278289795,2.2356362342834473,2.4117960929870605,2.384035587310791,3.5815858840942383,3.39990234375,3.467425584793091,3.3393635749816895,3.3754937648773193,3.329521417617798,3.3674585819244385,3.5793490409851074,3.3538448810577393,3.596658706665039,3.433274269104004,3.6450932025909424,3.430635452270508,3.663341522216797,3.6787991523742676
A9,2.025221824645996,1.6553170680999756,1.516322374343872,1.1491175889968872,1.0501219034194946,0.6771150231361389,0.6186570525169373,0.38595476746559143,0.0,0.38675522804260254,0.5478731393814087,0.891831636428833,1.0377558469772339,1.3932515382766724,1.4375938177108765,2.3658435344696045,2.0598275661468506,2.0422253608703613,1.7616418600082397,1.7324175834655762,1.4723947048187256,1.4714529514312744,1.286522388458252,0.9845278263092041,0.9847831726074219,0.8754689693450928,1.0504733324050903,1.0790375471115112,1.4306894540786743,1.4966773986816406,2.7118537425994873,2.4652678966522217,2.479074716567993,2.2793169021606445,2.2701172828674316,2.093252658843994,2.1440389156341553,1.9728480577468872,1.706455945968628,1.671146273612976,1.5275869369506836,1.594719409942627,1.5299500226974487,1.768410325050354,1.7911263704299927,3.083631753921509,2.9002342224121094,2.93542218208313,2.7904491424560547,2.7872917652130127,2.6674952507019043,2.7285375595092773,2.6305058002471924,2.4510703086853027,2.3825721740722656,2.2613883018493652,2.308074712753296,2.173675775527954,2.2994353771209717,2.219423294067383,3.507894515991211,3.3636462688446045,3.469350814819336,3.3787076473236084,3.4512674808502197,3.4393184185028076,3.512002468109131,3.7428643703460693,3.5468249320983887,3.8072092533111572,3.64768385887146,3.8847548961639404,3.686891794204712,3.924426794052124,3.92861270904541
A10,2.380263566970825,2.010026216506958,1.885932445526123,1.5128148794174194,1.4225683212280273,1.0470184087753296,0.9536201357841492,0.6158871054649353,0.38675522804260254,0.0,0.3894599676132202,0.5995908975601196,0.8615440130233765,1.1985948085784912,1.3414437770843506,2.639164924621582,2.322144031524658,2.3186581134796143,2.0121045112609863,1.9919910430908203,1.692801833152771,1.6728359460830688,1.410373330116272,1.082870364189148,0.9357386827468872,0.7890766859054565,0.8186144232749939,0.8914868235588074,1.2147868871688843,1.3662140369415283,2.9384610652923584,2.6794490814208984,2.7111566066741943,2.483431816101074,2.485205888748169,2.268306255340576,2.3014791011810303,2.0709311962127686,1.7707959413528442,1.6490604877471924,1.4722604751586914,1.4448784589767456,1.388879656791687,1.5797315835952759,1.656243920326233,3.2698912620544434,3.0769922733306885,3.133960485458374,2.965930223464966,2.9762930870056152,2.8193018436431885,2.8656511306762695,2.7152605056762695,2.4955265522003174,2.3684027194976807,2.2166759967803955,2.199810266494751,2.064999580383301,2.147825002670288,2.0958263874053955,3.659970283508301,3.5149052143096924,3.6474459171295166,3.5474483966827393,3.646165609359741,3.6168296337127686,3.7114923000335693,3.9174113273620605,3.715057134628296,3.955091953277588,3.762751579284668,3.997635841369629,3.7802956104278564,3.9899027347564697,3.957137107849121
A11,2.303772449493408,1.930290937423706,1.8822959661483765,1.5017991065979004,1.5095326900482178,1.1434276103973389,1.1640081405639648,0.9010809063911438,0.5478731393814087,0.3894599676132202,0.0,0.38210615515708923,0.5025978088378906,0.8535608649253845,0.9576413035392761,2.5153214931488037,2.225210666656494,2.284776449203491,2.0064284801483154,2.0575449466705322,1.7932220697402954,1.8546913862228394,1.6106804609298706,1.2362862825393677,1.106229543685913,0.8225207328796387,0.8178023099899292,0.707951009273529,0.977191150188446,1.0545413494110107,2.8053858280181885,2.5800650119781494,2.665288209915161,2.471560478210449,2.531141757965088,2.347116470336914,2.4407100677490234,2.2163050174713135,1.8800156116485596,1.773485779762268,1.51828932762146,1.4817897081375122,1.317838430404663,1.445415735244751,1.438690185546875,3.130080223083496,2.9744296073913574,3.0755813121795654,2.9437294006347656,3.0029098987579346,2.875006675720215,2.971313238143921,2.8223743438720703,2.5737078189849854,2.458778142929077,2.2524752616882324,2.2317440509796143,2.027794361114502,2.063577651977539,1.9434658288955688,3.515204906463623,3.4091339111328125,3.5733513832092285,3.5129661560058594,3.6418514251708984,3.6493680477142334,3.7732584476470947,4.000845909118652,3.8313939571380615,4.0920186042785645,3.913719654083252,4.173746109008789,3.9812746047973633,4.203531742095947,4.171440601348877
A12,2.664879322052002,2.294186592102051,2.259204864501953,1.878502607345581,1.88679039478302,1.5173203945159912,1.5083845853805542,1.203957438468933,0.891831636428833,0.5995908975601196,0.38210615515708923,0.0,0.37922680377960205,0.649517834186554,0.8977935314178467,2.8179612159729004,2.52860689163208,2.6037416458129883,2.314769983291626,2.37542724609375,2.0918772220611572,2.1427979469299316,1.8565845489501953,1.4799591302871704,1.2626807689666748,0.9640256762504578,0.7912573218345642,0.672944188117981,0.8174933791160583,0.9832924008369446,3.0680935382843018,2.8421285152435303,2.9469757080078125,2.7394003868103027,2.812222957611084,2.6048848628997803,2.6895217895507812,2.4257750511169434,2.0689640045166016,1.899057388305664,1.6146692037582397,1.485538125038147,1.3109744787216187,1.3470447063446045,1.3768712282180786,3.355062961578369,3.200493574142456,3.324969530105591,3.1817901134490967,3.2573108673095703,3.105555295944214,3.195098400115967,3.006486177444458,2.724669933319092,2.5633177757263184,2.324711561203003,2.2419211864471436,2.027315616607666,2.001185178756714,1.8956375122070312,3.705806255340576,3.6079046726226807,3.79852557182312,3.7375779151916504,3.8910698890686035,3.889841079711914,4.034041881561279,4.243335723876953,4.073792934417725,4.319096088409424,4.116926670074463,4.3764166831970215,4.171873569488525,4.370853900909424,4.3075971603393555
A13,2.5474703311920166,2.1835837364196777,2.213252544403076,1.843170166015625,1.9235663414001465,1.578755259513855,1.6431894302368164,1.4022982120513916,1.0377558469772339,0.8615440130233765,0.5025978088378906,0.37922680377960205,0.0,0.38286080956459045,0.5443117618560791,2.6839754581451416,2.430412769317627,2.55667781829834,2.30639910697937,2.41975998878479,2.1790406703948975,2.289888858795166,2.040168523788452,1.6461762189865112,1.4842948913574219,1.130699872970581,1.0082250833511353,0.7417138814926147,0.7931080460548401,0.8054765462875366,2.937415361404419,2.7517006397247314,2.8981568813323975,2.7325527667999268,2.848644495010376,2.682535171508789,2.8168511390686035,2.578519582748413,2.210402011871338,2.081101417541504,1.7580543756484985,1.6596084833145142,1.403539776802063,1.394303560256958,1.3124951124191284,3.228062629699707,3.1146047115325928,3.271369218826294,3.169719696044922,3.281611680984497,3.1674673557281494,3.300563335418701,3.1317155361175537,2.843174695968628,2.7122316360473633,2.444234848022461,2.3814704418182373,2.1134231090545654,2.0602285861968994,1.8809982538223267,3.582273006439209,3.5233960151672363,3.7330000400543213,3.711747884750366,3.8816938400268555,3.9180145263671875,4.0781049728393555,4.312712669372559,4.172436237335205,4.440025806427002,4.260653972625732,4.53942346572876,4.360490322113037,4.578195571899414,4.528223037719727
A14,2.7625062465667725,2.4157204627990723,2.4799423217773438,2.1187832355499268,2.235311508178711,1.9011741876602173,1.99673330783844,1.7486244440078735,1.3932515382766724,1.1985948085784912,0.8535608649253845,0.649517834186554,0.38286080956459045,0.0,0.38207340240478516,2.7911388874053955,2.5536766052246094,2.7154674530029297,2.473784923553467,2.6247568130493164,2.3911781311035156,2.5322751998901367,2.269017219543457,1.8681799173355103,1.679702639579773,1.2996612787246704,1.1148099899291992,0.7905454635620117,0.6443825364112854,0.6161561608314514,2.9886250495910645,2.819561719894409,3.003445625305176,2.8449552059173584,2.9980525970458984,2.8340165615081787,2.9915366172790527,2.7352023124694824,2.3466076850891113,2.195465087890625,1.8321257829666138,1.6902422904968262,1.3831124305725098,1.2689236402511597,1.1430981159210205,3.2315120697021484,3.137071132659912,3.3314731121063232,3.239553451538086,3.3879826068878174,3.2726821899414062,3.4265592098236084,3.2340989112854004,2.9138572216033936,2.7664995193481445,2.455644130706787,2.359330415725708,2.0522994995117188,1.933287262916565,1.7218812704086304,3.5445961952209473,3.511279344558716,3.755023241043091,3.75299334526062,3.956768751144409,4.00464391708374,4.195931434631348,4.424798488616943,4.305966854095459,4.571574687957764,4.385616302490234,4.67802095413208,4.509771823883057,4.719122409820557,4.650722026824951
A15,2.508284091949463,2.1783220767974854,2.2939202785491943,1.9559262990951538,2.13146710395813,1.8347662687301636,1.9952316284179688,1.8090952634811401,1.4375938177108765,1.3414437770843506,0.9576413035392761,0.8977935314178467,0.5443117618560791,0.38207340240478516,0.0,2.5225260257720947,2.32014799118042,2.5197348594665527,2.319965362548828,2.510850429534912,2.324559211730957,2.5148849487304688,2.298142433166504,1.8975178003311157,1.7797259092330933,1.3847267627716064,1.294502854347229,0.9210018515586853,0.8153496980667114,0.5825981497764587,2.7300405502319336,2.5983147621154785,2.809565782546997,2.6942291259765625,2.8778059482574463,2.7588388919830322,2.9578893184661865,2.739701509475708,2.357184886932373,2.26419734954834,1.8933101892471313,1.8179341554641724,1.471644639968872,1.3840430974960327,1.1544852256774902,2.986811637878418,2.9281740188598633,3.139556646347046,3.0882840156555176,3.2599081993103027,3.186274766921997,3.376929521560669,3.2181897163391113,2.9103598594665527,2.809255838394165,2.495465040206909,2.446720600128174,2.1114635467529297,2.0106024742126465,1.7388136386871338,3.314873218536377,3.3112618923187256,3.558276414871216,3.589860200881958,3.796234369277954,3.87839937210083,4.073922634124756,4.328778266906738,4.235264778137207,4.523181438446045,4.366608619689941,4.673262119293213,4.531933784484863,4.764914035797119,4.720853805541992
B1,0.9730214476585388,1.112280011177063,1.2868329286575317,1.4162336587905884,1.7230784893035889,1.885880947113037,2.2703535556793213,2.4311752319335938,2.3658435344696045,2.639164924621582,2.5153214931488037,2.8179612159729004,2.6839754581451416,2.7911388874053955,2.5225260257720947,0.0,0.38054245710372925,0.6534945964813232,0.95992511510849,1.2721354961395264,1.5452029705047607,1.915166974067688,2.104281425476074,2.0336949825286865,2.337545156478882,2.2465603351593018,2.5755839347839355,2.433342933654785,2.6335291862487793,2.393275260925293,0.5491394400596619,0.6287634372711182,0.7797719836235046,1.055395245552063,1.306416392326355,1.5738357305526733,1.9312142133712769,2.0845558643341064,1.9992365837097168,2.3119826316833496,2.2161715030670166,2.5421853065490723,2.3757083415985107,2.608100652694702,2.3828835487365723,1.0670803785324097,1.090204119682312,1.1423639059066772,1.345829963684082,1.5153911113739014,1.759620189666748,2.0921692848205566,2.251516580581665,2.2162976264953613,2.4730875492095947,2.394244432449341,2.6909255981445312,2.501286506652832,2.7069358825683594,2.4803900718688965,1.5961174964904785,1.5652223825454712,1.59129798412323,1.71743905544281,1.781919002532959,2.0243003368377686,2.146864891052246,2.527778148651123,2.5759291648864746,2.9559357166290283,3.0210680961608887,3.348320722579956,3.395289421081543,3.747469663619995,3.8878912925720215
B2,0.996337354183197,1.0252636671066284,1.1163219213485718,1.1802865266799927,1.4591933488845825,1.591977834701538,1.9709761142730713,2.106611490249634,2.0598275661468506,2.322144031524658,2.225210666656494,2.52860689163208,2.430412769317627,2.5536766052246094,2.32014799118042,0.38054245710372925,0.0,0.37680724263191223,0.5972298979759216,0.9375054240226746,1.1791918277740479,1.5583277940750122,1.7293728590011597,1.6592469215393066,1.9663060903549194,1.8962465524673462,2.236560583114624,2.1260159015655518,2.3531405925750732,2.1505534648895264,0.7069697976112366,0.5535497665405273,0.6468507647514343,0.7953550219535828,1.0356251001358032,1.2506271600723267,1.6055452823638916,1.7298463582992554,1.628346562385559,1.9394395351409912,1.854089379310608,2.1889750957489014,2.0472984313964844,2.3081514835357666,2.119948148727417,1.176308512687683,1.0794647932052612,1.1072583198547363,1.2006903886795044,1.339545488357544,1.5182178020477295,1.8291523456573486,1.955660104751587,1.9020042419433594,2.140200614929199,2.066565752029419,2.361706495285034,2.18902850151062,2.4155402183532715,2.2183239459991455,1.6885879039764404,1.5878363847732544,1.6267333030700684,1.6749401092529297,1.7459874153137207,1.9254428148269653,2.050560712814331,2.408508539199829,2.409635543823242,2.779576301574707,2.803192615509033,3.1295571327209473,3.1424922943115234,3.485543727874756,3.6078007221221924
B3,1.0328590869903564,1.072973608970642,1.0338078737258911,1.13870108127594,1.334162950515747,1.5124330520629883,1.8604984283447266,2.0190353393554688,2.0422253608703613,2.3186581134796143,2.284776449203491,2.6037416458129883,2.55667781829834,2.7154674530029297,2.5197348594665527,0.6534945964813232,0.37680724263191223,0.0,0.3809111714363098,0.6305130124092102,0.9442585706710815,1.2953038215637207,1.5286720991134644,1.541770577430725,1.8866229057312012,1.8940314054489136,2.2602765560150146,2.2131128311157227,2.4826393127441406,2.3309245109558105,0.9287492632865906,0.6905951499938965,0.5516555905342102,0.6223737597465515,0.7411094307899475,0.9850211143493652,1.3107068538665771,1.4939597845077515,1.4675519466400146,1.81708562374115,1.8113418817520142,2.1741342544555664,2.1006970405578613,2.4069204330444336,2.2770440578460693,1.3553649187088013,1.1757333278656006,1.080110788345337,1.0955082178115845,1.125907063484192,1.295673131942749,1.5644054412841797,1.7344502210617065,1.7442349195480347,2.008028745651245,2.0050737857818604,2.3250622749328613,2.215597629547119,2.487755060195923,2.347118616104126,1.84565269947052,1.6716057062149048,1.6377474069595337,1.6068495512008667,1.6083712577819824,1.7351982593536377,1.807515263557434,2.1601388454437256,2.124420404434204,2.4922118186950684,2.520749807357788,2.8301944732666016,2.8356218338012695,3.1860482692718506,3.3282299041748047
B4,1.2304414510726929,1.1542450189590454,1.0417441129684448,1.0308091640472412,1.1704951524734497,1.2819032669067383,1.6109743118286133,1.7220402956008911,1.7616418600082397,2.0121045112609863,2.0064284801483154,2.314769983291626,2.30639910697937,2.473784923553467,2.319965362548828,0.95992511510849,0.5972298979759216,0.3809111714363098,0.0,0.37442344427108765,0.5938220620155334,0.972460925579071,1.1640677452087402,1.1709625720977783,1.5143054723739624,1.5469822883605957,1.9180794954299927,1.9083077907562256,2.1988649368286133,2.092365026473999,1.1799336671829224,0.8634057641029358,0.7399253845214844,0.5880559682846069,0.6497146487236023,0.7445664405822754,1.0569430589675903,1.1733827590942383,1.107673168182373,1.4484403133392334,1.4516581296920776,1.8181043863296509,1.7741419076919556,2.1045103073120117,2.018815040588379,1.5464385747909546,1.3076924085617065,1.2315123081207275,1.1322956085205078,1.135367751121521,1.1867958307266235,1.411646842956543,1.5136668682098389,1.4820575714111328,1.7056913375854492,1.69972825050354,2.0065255165100098,1.9137353897094727,2.199758529663086,2.0924875736236572,1.9988785982131958,1.7917985916137695,1.7939672470092773,1.7057785987854004,1.7339208126068115,1.791245460510254,1.8769338130950928,2.185577630996704,2.0986499786376953,2.442720413208008,2.412445068359375,2.7196054458618164,2.6795389652252197,3.011789321899414,3.1226577758789062
B5,1.358435034751892,1.275168538093567,1.0486433506011963,1.0538409948349,1.06747567653656,1.2121219635009766,1.4785641431808472,1.6115398406982422,1.7324175834655762,1.9919910430908203,2.0575449466705322,2.37542724609375,2.41975998878479,2.6247568130493164,2.510850429534912,1.2721354961395264,0.9375054240226746,0.6305130124092102,0.37442344427108765,0.0,0.3776313066482544,0.6741864681243896,0.9571282863616943,1.0779799222946167,1.4522814750671387,1.5751140117645264,1.958059310913086,2.0153017044067383,2.3429484367370605,2.2889626026153564,1.5051254034042358,1.1839531660079956,0.9688547253608704,0.7584080100059509,0.6079604625701904,0.6244436502456665,0.8217213749885559,0.9934030175209045,1.0228978395462036,1.3811767101287842,1.47806978225708,1.8506206274032593,1.8808735609054565,2.244569778442383,2.2182085514068604,1.8552883863449097,1.5850197076797485,1.437843918800354,1.2765300273895264,1.1627765893936157,1.1578112840652466,1.283779501914978,1.4115926027297974,1.4463801383972168,1.6672594547271729,1.7378804683685303,2.047140598297119,2.021829843521118,2.338266134262085,2.286832571029663,2.2884159088134766,2.0415172576904297,1.9946118593215942,1.845018982887268,1.8114492893218994,1.8016769886016846,1.8234883546829224,2.10384202003479,1.9581375122070312,2.283155679702759,2.241903066635132,2.5184571743011475,2.449847459793091,2.782528877258301,2.908109426498413
B6,1.5937433242797852,1.428011417388916,1.1823463439941406,1.067794680595398,1.0150904655456543,1.0508673191070557,1.270525336265564,1.3322627544403076,1.4723947048187256,1.692801833152771,1.7932220697402954,2.0918772220611572,2.1790406703948975,2.3911781311035156,2.324559211730957,1.5452029705047607,1.1791918277740479,0.9442585706710815,0.5938220620155334,0.3776313066482544,0.0,0.39397379755973816,0.5896559953689575,0.7140558362007141,1.087268590927124,1.2516686916351318,1.63089120388031,1.7344859838485718,2.0796117782592773,2.0775725841522217,1.7587932348251343,1.4146690368652344,1.2509561777114868,0.9690006375312805,0.8323444724082947,0.6583553552627563,0.7609173059463501,0.7845950722694397,0.7391698360443115,1.0583666563034058,1.168824315071106,1.5289130210876465,1.5966150760650635,1.9770585298538208,2.0008201599121094,2.076958417892456,1.788769245147705,1.6815613508224487,1.467860221862793,1.3649792671203613,1.2559814453125,1.3227031230926514,1.3484175205230713,1.3193013668060303,1.4631764888763428,1.5210776329040527,1.794073462486267,1.785373568534851,2.102328062057495,2.0857744216918945,2.4820616245269775,2.2292301654815674,2.223846912384033,2.0518529415130615,2.053778886795044,2.001626491546631,2.0444343090057373,2.2781500816345215,2.0952446460723877,2.385014057159424,2.2813665866851807,2.5487678050994873,2.4288744926452637,2.731668472290039,2.8150405883789062
B7,1.852795124053955,1.674569010734558,1.3679215908050537,1.248175024986267,1.0705100297927856,1.0906835794448853,1.188187599182129,1.2383819818496704,1.4714529514312744,1.6728359460830688,1.8546913862228394,2.1427979469299316,2.289888858795166,2.5322751998901367,2.5148849487304688,1.915166974067688,1.5583277940750122,1.2953038215637207,0.972460925579071,0.6741864681243896,0.39397379755973816,0.0,0.39312705397605896,0.7043362855911255,1.0506514310836792,1.3184571266174316,1.6761255264282227,1.8538289070129395,2.221442461013794,2.2786176204681396,2.1378774642944336,1.7909187078475952,1.5929241180419922,1.2962645292282104,1.0776443481445312,0.8425630331039429,0.7460507750511169,0.7434738874435425,0.7937098741531372,1.0500794649124146,1.2572226524353027,1.5823209285736084,1.7295596599578857,2.1231625080108643,2.20988130569458,2.4460277557373047,2.140998125076294,2.001307725906372,1.7527945041656494,1.585628867149353,1.4220861196517944,1.3779202699661255,1.3868329524993896,1.4018089771270752,1.499782681465149,1.6237871646881104,1.8674626350402832,1.9269108772277832,2.2547528743743896,2.2950074672698975,2.834975481033325,2.558851480484009,2.5292112827301025,2.316932201385498,2.283550977706909,2.175365447998047,2.1717684268951416,2.3594937324523926,2.1197378635406494,2.367480516433716,2.233668804168701,2.4570906162261963,2.288640022277832,2.5714471340179443,2.651228427886963
B8,2.0820608139038086,1.852343201637268,1.5798285007476807,1.372395396232605,1.204685091972351,1.0951001644134521,1.1477974653244019,1.071244239807129,1.286522388458252,1.410373330116272,1.6106804609298706,1.8565845489501953,2.040168523788452,2.269017219543457,2.298142433166504,2.104281425476074,1.7293728590011597,1.5286720991134644,1.1640677452087402,0.9571282863616943,0.5896559953689575,0.39312705397605896,0.0,0.40255823731422424,0.6828729510307312,1.001297950744629,1.3302249908447266,1.5543471574783325,1.9203845262527466,2.0282647609710693,2.2978127002716064,1.9409621953964233,1.7998731136322021,1.4738214015960693,1.3176894187927246,1.018249750137329,0.9252315759658813,0.7332795858383179,0.6294397115707397,0.7538451552391052,0.9507995843887329,1.2350280284881592,1.4169113636016846,1.8100985288619995,1.9443036317825317,2.5744645595550537,2.266784191131592,2.1784212589263916,1.9099868535995483,1.7895419597625732,1.5727200508117676,1.5244827270507812,1.4253205060958862,1.3433282375335693,1.3405203819274902,1.4158936738967896,1.5997158288955688,1.6608835458755493,1.9710198640823364,2.03999400138855,2.9359841346740723,2.6687750816345215,2.6890740394592285,2.4786534309387207,2.4958183765411377,2.378387212753296,2.418868064880371,2.579022169113159,2.3379576206207275,2.5604660511016846,2.3756656646728516,2.6025390625,2.4022538661956787,2.647181987762451,2.671029567718506
B9,2.013988971710205,1.736775279045105,1.523389220237732,1.241143822669983,1.138138771057129,0.9269360303878784,1.0232889652252197,0.8706914782524109,0.9845278263092041,1.082870364189148,1.2362862825393677,1.4799591302871704,1.6461762189865112,1.8681799173355103,1.8975178003311157,2.0336949825286865,1.6592469215393066,1.541770577430725,1.1709625720977783,1.0779799222946167,0.7140558362007141,0.7043362855911255,0.40255823731422424,0.0,0.38773980736732483,0.617060124874115,0.9740384221076965,1.1633937358856201,1.5367413759231567,1.6374590396881104,2.2416257858276367,1.9053415060043335,1.8421387672424316,1.5412044525146484,1.4794546365737915,1.2114845514297485,1.2254199981689453,0.9986000657081604,0.7302074432373047,0.7575945854187012,0.7641978859901428,1.0120824575424194,1.1125513315200806,1.493241786956787,1.6023181676864624,2.527580976486206,2.253523588180542,2.232032299041748,1.9989345073699951,1.9532527923583984,1.7615959644317627,1.783953070640564,1.6529072523117065,1.4840024709701538,1.438501238822937,1.395850419998169,1.5296880006790161,1.5001622438430786,1.7596253156661987,1.7798930406570435,2.8964784145355225,2.6710522174835205,2.744662284851074,2.58003568649292,2.646599292755127,2.5732553005218506,2.657461166381836,2.8425886631011963,2.6354143619537354,2.875900983810425,2.6921679973602295,2.9423539638519287,2.7537143230438232,2.9932658672332764,2.9943840503692627
B10,2.346177577972412,2.0464963912963867,1.8605738878250122,1.5447956323623657,1.4472872018814087,1.1701146364212036,1.1970809698104858,0.9245998859405518,0.9847831726074219,0.9357386827468872,1.106229543685913,1.2626807689666748,1.4842948913574219,1.679702639579773,1.7797259092330933,2.337545156478882,1.9663060903549194,1.8866229057312012,1.5143054723739624,1.4522814750671387,1.087268590927124,1.0506514310836792,0.6828729510307312,0.38773980736732483,0.0,0.40148961544036865,0.6576331257820129,0.9403538107872009,1.299458622932434,1.4825403690338135,2.512240409851074,2.1784310340881348,2.1503026485443115,1.8382140398025513,1.8022722005844116,1.506087303161621,1.499049186706543,1.1974681615829468,0.8801590204238892,0.7172746658325195,0.6411545872688293,0.7447412610054016,0.8898060917854309,1.2481101751327515,1.4311480522155762,2.760477304458618,2.488814115524292,2.5015928745269775,2.2552969455718994,2.233947515487671,2.0069899559020996,2.0132994651794434,1.8138242959976196,1.5849649906158447,1.444258213043213,1.346545934677124,1.3828288316726685,1.351078748703003,1.5644491910934448,1.6240622997283936,3.0935702323913574,2.8771345615386963,2.9858922958374023,2.8201117515563965,2.918675184249878,2.83209228515625,2.940913438796997,3.0978848934173584,2.886561870574951,3.1005702018737793,2.87939190864563,3.1232357025146484,2.910074472427368,3.112774133682251,3.0673208236694336
B11,2.2772176265716553,1.9568265676498413,1.8424488306045532,1.494866132736206,1.4813947677612305,1.1672978401184082,1.2587212324142456,0.9789865016937256,0.8754689693450928,0.7890766859054565,0.8225207328796387,0.9640256762504578,1.130699872970581,1.2996612787246704,1.3847267627716064,2.2465603351593018,1.8962465524673462,1.8940314054489136,1.5469822883605957,1.5751140117645264,1.2516686916351318,1.3184571266174316,1.001297950744629,0.617060124874115,0.40148961544036865,0.0,0.3884538412094116,0.5567808151245117,0.9315697550773621,1.0877962112426758,2.424715995788574,2.125110626220703,2.166154623031616,1.8942489624023438,1.933659315109253,1.6830952167510986,1.7571755647659302,1.4737825393676758,1.1062049865722656,0.9611604809761047,0.7018628716468811,0.7338159680366516,0.6809975504875183,0.9910640120506287,1.108299970626831,2.675464391708374,2.446013927459717,2.51694917678833,2.3150219917297363,2.35640287399292,2.1679160594940186,2.2388076782226562,2.0426788330078125,1.7714883089065552,1.6371532678604126,1.4449481964111328,1.451188087463379,1.3032515048980713,1.4402421712875366,1.414107322692871,3.0111804008483887,2.8411452770233154,2.9930708408355713,2.8760781288146973,3.012502908706665,2.9720537662506104,3.1140077114105225,3.2997069358825684,3.1243860721588135,3.3622586727142334,3.157287836074829,3.4253451824188232,3.236103057861328,3.448167562484741,3.400278091430664
B12,2.6239566802978516,2.2928576469421387,2.2004010677337646,1.840499758720398,1.8282732963562012,1.4893746376037598,1.5310975313186646,1.1992443799972534,1.0504733324050903,0.8186144232749939,0.8178023099899292,0.7912573218345642,1.0082250833511353,1.1148099899291992,1.294502854347229,2.5755839347839355,2.236560583114624,2.2602765560150146,1.9180794954299927,1.958059310913086,1.63089120388031,1.6761255264282227,1.3302249908447266,0.9740384221076965,0.6576331257820129,0.3884538412094116,0.0,0.3927745521068573,0.6926623582839966,0.9710912704467773,2.7265169620513916,2.4375500679016113,2.505248546600342,2.2317259311676025,2.286799669265747,2.0222322940826416,2.0825624465942383,1.7639082670211792,1.3884268999099731,1.1555935144424438,0.8606586456298828,0.6987791061401367,0.618725597858429,0.8042953610420227,0.9982994198799133,2.943665027618408,2.7243289947509766,2.8237557411193848,2.6181695461273193,2.678602457046509,2.4704208374023438,2.5321528911590576,2.294221878051758,1.9875845909118652,1.7911441326141357,1.554884672164917,1.4644508361816406,1.2977168560028076,1.3442432880401611,1.3410006761550903,3.244802951812744,3.0899152755737305,3.2714145183563232,3.1591098308563232,3.3208014965057373,3.274137258529663,3.434929132461548,3.601177453994751,3.4260294437408447,3.645033836364746,3.415071964263916,3.678213596343994,3.473869562149048,3.6569552421569824,3.5730178356170654
B13,2.5013086795806885,2.167874574661255,2.1418728828430176,1.7786307334899902,1.8417246341705322,1.5078612565994263,1.6165143251419067,1.329345941543579,1.0790375471115112,0.8914868235588074,0.707951009273529,0.672944188117981,0.7417138814926147,0.7905454635620117,0.9210018515586853,2.433342933654785,2.1260159015655518,2.2131128311157227,1.9083077907562256,2.0153017044067383,1.7344859838485718,1.8538289070129395,1.5543471574783325,1.1633937358856201,0.9403538107872009,0.5567808151245117,0.3927745521068573,0.0,0.3934166431427002,0.5926689505577087,2.589181900024414,2.341045379638672,2.4633524417877197,2.236161231994629,2.3477096557617188,2.132172107696533,2.2565126419067383,1.9706757068634033,1.5782201290130615,1.4056644439697266,1.0490922927856445,0.9308262467384338,0.6658217906951904,0.7387104630470276,0.7707651257514954,2.812281847000122,2.638303756713867,2.781799077987671,2.6241605281829834,2.732205390930176,2.5688042640686035,2.6860644817352295,2.471755027770996,2.153573989868164,1.9947534799575806,1.7117679119110107,1.6400299072265625,1.3829408884048462,1.3696194887161255,1.249741554260254,3.1198887825012207,3.0105788707733154,3.22080659866333,3.155867099761963,3.341144561767578,3.339662790298462,3.5212514400482178,3.718783378601074,3.576990842819214,3.822855234146118,3.6185872554779053,3.9036431312561035,3.7272186279296875,3.9304089546203613,3.8603363037109375
