0.000000000000000000e+00,3.819775581359863281e-01,6.309205293655395508e-01,9.597618579864501953e-01,1.255590200424194336e+00,1.559355020523071289e+00,1.901798844337463379e+00,1.995577692985534668e+00,1.792434811592102051e+00,2.068196535110473633e+00,1.917395830154418945e+00,2.245259284973144531e+00,2.122351884841918945e+00,2.444096803665161133e+00,2.248271226882934570e+00,6.328077316284179688e-01,6.451454758644104004e-01,7.257813215255737305e-01,1.024007081985473633e+00,1.246502995491027832e+00,1.577205777168273926e+00,1.928547382354736328e+00,2.082619905471801758e+00,1.943258762359619141e+00,2.232095956802368164e+00,2.153845787048339844e+00,2.459153175354003906e+00,2.423273086547851562e+00,2.727668285369873047e+00,2.621767997741699219e+00,1.170866489410400391e+00,1.116637349128723145e+00,1.145275354385375977e+00,1.327278375625610352e+00,1.469294071197509766e+00,1.761167883872985840e+00,2.091471672058105469e+00,2.280048131942749023e+00,2.187453269958496094e+00,2.468938827514648438e+00,2.439681768417358398e+00,2.721473217010498047e+00,2.742223501205444336e+00,3.029361486434936523e+00,2.987874031066894531e+00,1.724008321762084961e+00,1.621350049972534180e+00,1.628800153732299805e+00,1.718934774398803711e+00,1.808558344841003418e+00,2.045103549957275391e+00,2.340362548828125000e+00,2.545786857604980469e+00,2.503432035446166992e+00,2.770089149475097656e+00,2.783190011978149414e+00,3.049526453018188477e+00,3.102030038833618164e+00,3.368957996368408203e+00,3.375402212142944336e+00,2.247007846832275391e+00,2.116299152374267578e+00,2.119445323944091797e+00,2.161719083786010742e+00,2.213549852371215820e+00,2.409194707870483398e+00,2.666240930557250977e+00,2.875575304031372070e+00,2.871447563171386719e+00,3.123994350433349609e+00,3.171143770217895508e+00,3.423018932342529297e+00,3.497295618057250977e+00,3.751994132995605469e+00,3.781793594360351562e+00
3.819775581359863281e-01,0.000000000000000000e+00,3.923174142837524414e-01,6.280577778816223145e-01,9.690166115760803223e-01,1.238795638084411621e+00,1.601063370704650879e+00,1.673772692680358887e+00,1.459857940673828125e+00,1.735162377357482910e+00,1.601943492889404297e+00,1.930923342704772949e+00,1.840618014335632324e+00,2.177242517471313477e+00,2.023778438568115234e+00,7.671850323677062988e-01,5.834944844245910645e-01,6.517324447631835938e-01,8.190714716911315918e-01,1.056920766830444336e+00,1.339234352111816406e+00,1.702281117439270020e+00,1.828528046607971191e+00,1.682370543479919434e+00,1.954659461975097656e+00,1.894181847572326660e+00,2.187202215194702148e+00,2.183870077133178711e+00,2.489884614944458008e+00,2.424198389053344727e+00,1.258577823638916016e+00,1.103308200836181641e+00,1.140992879867553711e+00,1.221005439758300781e+00,1.370479822158813477e+00,1.603687047958374023e+00,1.938124060630798340e+00,2.090152978897094727e+00,1.990028262138366699e+00,2.243049383163452148e+00,2.227583169937133789e+00,2.488168954849243164e+00,2.534666538238525391e+00,2.814482688903808594e+00,2.808604001998901367e+00,1.781499624252319336e+00,1.615967869758605957e+00,1.644528985023498535e+00,1.662717938423156738e+00,1.769001603126525879e+00,1.951485276222229004e+00,2.250002384185791016e+00,2.412528038024902344e+00,2.358286380767822266e+00,2.590682744979858398e+00,2.610848903656005859e+00,2.849966526031494141e+00,2.920634508132934570e+00,3.173031091690063477e+00,3.208679914474487305e+00,2.279262065887451172e+00,2.104041099548339844e+00,2.137006044387817383e+00,2.129801511764526367e+00,2.208278179168701172e+00,2.359580278396606445e+00,2.625906944274902344e+00,2.790396928787231445e+00,2.772008657455444336e+00,2.987041711807250977e+00,3.032710790634155273e+00,3.253208398818969727e+00,3.338538646697998047e+00,3.572369575500488281e+00,3.625267028808593750e+00
6.309205293655395508e-01,3.923174142837524414e-01,0.000000000000000000e+00,3.800461888313293457e-01,6.254185438156127930e-01,9.441557526588439941e-01,1.282158374786376953e+00,1.417665958404541016e+00,1.274759173393249512e+00,1.605982542037963867e+00,1.556318521499633789e+00,1.920691847801208496e+00,1.900963902473449707e+00,2.267916440963745117e+00,2.163804769515991211e+00,1.005231738090515137e+00,7.387971878051757812e-01,5.802707672119140625e-01,6.350954771041870117e-01,7.489466667175292969e-01,1.035429120063781738e+00,1.374830365180969238e+00,1.555849313735961914e+00,1.476838707923889160e+00,1.793952345848083496e+00,1.807851314544677734e+00,2.132747650146484375e+00,2.192920207977294922e+00,2.532357931137084961e+00,2.510632753372192383e+00,1.416159868240356445e+00,1.184973597526550293e+00,1.101083278656005859e+00,1.091270327568054199e+00,1.141249179840087891e+00,1.339692473411560059e+00,1.639870285987854004e+00,1.828027963638305664e+00,1.786760449409484863e+00,2.068668127059936523e+00,2.117619276046752930e+00,2.403345823287963867e+00,2.507254600524902344e+00,2.817126274108886719e+00,2.852352619171142578e+00,1.891164541244506836e+00,1.665307402610778809e+00,1.617682576179504395e+00,1.562265515327453613e+00,1.598028898239135742e+00,1.732395768165588379e+00,1.993000149726867676e+00,2.171945095062255859e+00,2.166120052337646484e+00,2.411982297897338867e+00,2.486505746841430664e+00,2.741057157516479492e+00,2.862962722778320312e+00,3.139176607131958008e+00,3.213881969451904297e+00,2.354054689407348633e+00,2.128517150878906250e+00,2.112369775772094727e+00,2.043151855468750000e+00,2.074724435806274414e+00,2.176335573196411133e+00,2.408112764358520508e+00,2.572871208190917969e+00,2.593966245651245117e+00,2.807888746261596680e+00,2.898916006088256836e+00,3.122410535812377930e+00,3.252594709396362305e+00,3.502140283584594727e+00,3.592982292175292969e+00
9.597618579864501953e-01,6.280577778816223145e-01,3.800461888313293457e-01,0.000000000000000000e+00,3.831951320171356201e-01,6.107399463653564453e-01,9.766125082969665527e-01,1.071259856224060059e+00,9.196221232414245605e-01,1.256719827651977539e+00,1.247658610343933105e+00,1.612236261367797852e+00,1.643989801406860352e+00,2.020988702774047852e+00,1.971547842025756836e+00,1.212847232818603516e+00,8.682071566581726074e-01,7.230225801467895508e-01,5.591217875480651855e-01,6.507368683815002441e-01,8.169370889663696289e-01,1.160194635391235352e+00,1.290308952331542969e+00,1.205090522766113281e+00,1.497694611549377441e+00,1.541531085968017578e+00,1.849996328353881836e+00,1.953054547309875488e+00,2.292010307312011719e+00,2.317108631134033203e+00,1.546876668930053711e+00,1.251440167427062988e+00,1.182654023170471191e+00,1.058729171752929688e+00,1.111564278602600098e+00,1.213685512542724609e+00,1.505896210670471191e+00,1.635226607322692871e+00,1.583710670471191406e+00,1.824435710906982422e+00,1.891573786735534668e+00,2.150303125381469727e+00,2.285016298294067383e+00,2.585518598556518555e+00,2.660078763961791992e+00,1.963196396827697754e+00,1.690255999565124512e+00,1.665148973464965820e+00,1.538607478141784668e+00,1.593389034271240234e+00,1.659036755561828613e+00,1.915872216224670410e+00,2.034960269927978516e+00,2.012096881866455078e+00,2.212467432022094727e+00,2.293705701828002930e+00,2.515104055404663086e+00,2.656866550445556641e+00,2.916301012039184570e+00,3.022169351577758789e+00,2.381707906723022461e+00,2.120140790939331055e+00,2.133780956268310547e+00,2.017374992370605469e+00,2.078648805618286133e+00,2.130817890167236328e+00,2.369276762008666992e+00,2.478093385696411133e+00,2.479251146316528320e+00,2.647377490997314453e+00,2.734039068222045898e+00,2.921014070510864258e+00,3.061751842498779297e+00,3.287942409515380859e+00,3.402701616287231445e+00
1.255590200424194336e+00,9.690166115760803223e-01,6.254185438156127930e-01,3.831951320171356201e-01,0.000000000000000000e+00,3.640792965888977051e-01,6.726809740066528320e-01,8.869489431381225586e-01,8.770661950111389160e-01,1.259078621864318848e+00,1.361802339553833008e+00,1.732020139694213867e+00,1.836611747741699219e+00,2.221587657928466797e+00,2.220238208770751953e+00,1.531910300254821777e+00,1.185896396636962891e+00,9.450235366821289062e-01,7.079815268516540527e-01,5.732709169387817383e-01,6.403204202651977539e-01,9.043471813201904297e-01,1.109699487686157227e+00,1.136732339859008789e+00,1.461219191551208496e+00,1.598975539207458496e+00,1.919856309890747070e+00,2.088444471359252930e+00,2.444306373596191406e+00,2.512644052505493164e+00,1.822880387306213379e+00,1.501154661178588867e+00,1.349746227264404297e+00,1.153399586677551270e+00,1.084207177162170410e+00,1.101894497871398926e+00,1.317517638206481934e+00,1.479843854904174805e+00,1.510849714279174805e+00,1.767081737518310547e+00,1.911016583442687988e+00,2.181539058685302734e+00,2.375423192977905273e+00,2.694250583648681641e+00,2.809670209884643555e+00,2.195350885391235352e+00,1.889584660530090332e+00,1.802895307540893555e+00,1.613496065139770508e+00,1.591352462768554688e+00,1.586463093757629395e+00,1.780634641647338867e+00,1.906463027000427246e+00,1.942740201950073242e+00,2.144547700881958008e+00,2.287077903747558594e+00,2.513669967651367188e+00,2.708503246307373047e+00,2.983306407928466797e+00,3.128546237945556641e+00,2.575265645980834961e+00,2.279950380325317383e+00,2.250259160995483398e+00,2.078107118606567383e+00,2.090553998947143555e+00,2.081870555877685547e+00,2.272264242172241211e+00,2.371829509735107422e+00,2.417068004608154297e+00,2.573620080947875977e+00,2.708945035934448242e+00,2.890180349349975586e+00,3.077532529830932617e+00,3.312729358673095703e+00,3.466597318649291992e+00
1.559355020523071289e+00,1.238795638084411621e+00,9.441557526588439941e-01,6.107399463653564453e-01,3.640792965888977051e-01,0.000000000000000000e+00,3.811604678630828857e-01,5.454289913177490234e-01,5.954522490501403809e-01,9.733868241310119629e-01,1.155764102935791016e+00,1.504358053207397461e+00,1.672961115837097168e+00,2.051839113235473633e+00,2.108980655670166016e+00,1.757403612136840820e+00,1.383770227432250977e+00,1.173324465751647949e+00,8.502788543701171875e-01,7.120823860168457031e-01,5.750723481178283691e-01,7.717565894126892090e-01,8.901447653770446777e-01,9.342140555381774902e-01,1.212732791900634766e+00,1.400284409523010254e+00,1.691819787025451660e+00,1.910599589347839355e+00,2.258049964904785156e+00,2.375144004821777344e+00,1.985224604606628418e+00,1.632978439331054688e+00,1.501199245452880859e+00,1.233637213706970215e+00,1.170750737190246582e+00,1.079219579696655273e+00,1.257108449935913086e+00,1.336880326271057129e+00,1.363206505775451660e+00,1.560776233673095703e+00,1.731008172035217285e+00,1.965950489044189453e+00,2.194864749908447266e+00,2.499967575073242188e+00,2.655957221984863281e+00,2.297821760177612305e+00,1.964515566825866699e+00,1.897915124893188477e+00,1.656382918357849121e+00,1.651266694068908691e+00,1.577216029167175293e+00,1.754690051078796387e+00,1.808611392974853516e+00,1.827881217002868652e+00,1.973122000694274902e+00,2.124702930450439453e+00,2.312002897262573242e+00,2.529055356979370117e+00,2.784484148025512695e+00,2.961933135986328125e+00,2.627417087554931641e+00,2.307967662811279297e+00,2.303206682205200195e+00,2.093093156814575195e+00,2.131761074066162109e+00,2.074936628341674805e+00,2.265105009078979492e+00,2.303382635116577148e+00,2.327523946762084961e+00,2.431846141815185547e+00,2.562723159790039062e+00,2.702944517135620117e+00,2.901887416839599609e+00,3.111793279647827148e+00,3.290664911270141602e+00
1.901798844337463379e+00,1.601063370704650879e+00,1.282158374786376953e+00,9.766125082969665527e-01,6.726809740066528320e-01,3.811604678630828857e-01,0.000000000000000000e+00,4.002183973789215088e-01,6.766153573989868164e-01,1.004848599433898926e+00,1.284610509872436523e+00,1.604078650474548340e+00,1.833284139633178711e+00,2.200073719024658203e+00,2.301495075225830078e+00,2.071446180343627930e+00,1.695914030075073242e+00,1.448473691940307617e+00,1.101774573326110840e+00,8.729358315467834473e-01,6.008801460266113281e-01,5.835339426994323730e-01,7.095369696617126465e-01,8.906072378158569336e-01,1.150888800621032715e+00,1.429152965545654297e+00,1.708829879760742188e+00,1.985631823539733887e+00,2.335615396499633789e+00,2.494159698486328125e+00,2.241909742355346680e+00,1.873488545417785645e+00,1.698552131652832031e+00,1.381908416748046875e+00,1.244450807571411133e+00,1.047349452972412109e+00,1.111827731132507324e+00,1.169409275054931641e+00,1.273730278015136719e+00,1.451200842857360840e+00,1.694940805435180664e+00,1.922942519187927246e+00,2.206545591354370117e+00,2.518649339675903320e+00,2.714797973632812500e+00,2.494346141815185547e+00,2.138078689575195312e+00,2.034023761749267578e+00,1.740621685981750488e+00,1.684206724166870117e+00,1.528966188430786133e+00,1.634647607803344727e+00,1.656107902526855469e+00,1.720383763313293457e+00,1.839793443679809570e+00,2.046166896820068359e+00,2.222466707229614258e+00,2.488895416259765625e+00,2.749983787536621094e+00,2.966483831405639648e+00,2.768933773040771484e+00,2.423476457595825195e+00,2.391904592514038086e+00,2.132062673568725586e+00,2.140699148178100586e+00,2.017457723617553711e+00,2.161446571350097656e+00,2.162755250930786133e+00,2.214735984802246094e+00,2.286472558975219727e+00,2.456268548965454102e+00,2.576484918594360352e+00,2.817500114440917969e+00,3.027014732360839844e+00,3.244563341140747070e+00
1.995577692985534668e+00,1.673772692680358887e+00,1.417665958404541016e+00,1.071259856224060059e+00,8.869489431381225586e-01,5.454289913177490234e-01,4.002183973789215088e-01,0.000000000000000000e+00,3.728787302970886230e-01,6.247321367263793945e-01,9.462324976921081543e-01,1.236807465553283691e+00,1.497056126594543457e+00,1.849228382110595703e+00,1.983330368995666504e+00,2.059907436370849609e+00,1.674378752708435059e+00,1.485039114952087402e+00,1.106340050697326660e+00,9.745625853538513184e-01,6.541576385498046875e-01,6.740146279335021973e-01,5.542444586753845215e-01,6.264556646347045898e-01,7.957043051719665527e-01,1.080452919006347656e+00,1.327451705932617188e+00,1.624302387237548828e+00,1.961934208869934082e+00,2.145638942718505859e+00,2.163657188415527344e+00,1.785187244415283203e+00,1.663239479064941406e+00,1.320319652557373047e+00,1.261279463768005371e+00,1.030066251754760742e+00,1.131363630294799805e+00,1.056452870368957520e+00,1.067974925041198730e+00,1.160889863967895508e+00,1.378694415092468262e+00,1.565352320671081543e+00,1.852216482162475586e+00,2.145891904830932617e+00,2.359207153320312500e+00,2.358842611312866211e+00,1.995531558990478516e+00,1.941119790077209473e+00,1.633495569229125977e+00,1.644064784049987793e+00,1.473530888557434082e+00,1.617249727249145508e+00,1.554409623146057129e+00,1.542650580406188965e+00,1.598052620887756348e+00,1.764962434768676758e+00,1.899112820625305176e+00,2.153929233551025391e+00,2.390789031982421875e+00,2.615164995193481445e+00,2.590302228927612305e+00,2.240835666656494141e+00,2.257486820220947266e+00,1.994000792503356934e+00,2.062773942947387695e+00,1.936281442642211914e+00,2.120234727859497070e+00,2.065373182296752930e+00,2.054523468017578125e+00,2.081187963485717773e+00,2.205656290054321289e+00,2.290255069732666016e+00,2.509059429168701172e+00,2.691004753112792969e+00,2.906944513320922852e+00
1.792434811592102051e+00,1.459857940673828125e+00,1.274759173393249512e+00,9.196221232414245605e-01,8.770661950111389160e-01,5.954522490501403809e-01,6.766153573989868164e-01,3.728787302970886230e-01,0.000000000000000000e+00,3.873588144779205322e-01,6.081776022911071777e-01,9.423027634620666504e-01,1.157157182693481445e+00,1.524940371513366699e+00,1.631268978118896484e+00,1.794728875160217285e+00,1.411175489425659180e+00,1.291307330131530762e+00,9.222974777221679688e-01,9.238839745521545410e-01,6.891895532608032227e-01,8.684003353118896484e-01,7.020264267921447754e-01,5.539626479148864746e-01,6.901534795761108398e-01,8.514184355735778809e-01,1.105521559715270996e+00,1.348530530929565430e+00,1.686505317687988281e+00,1.839935064315795898e+00,1.889303684234619141e+00,1.518911719322204590e+00,1.464681029319763184e+00,1.149174571037292480e+00,1.197522044181823730e+00,1.041481733322143555e+00,1.249074935913085938e+00,1.152371168136596680e+00,1.045712828636169434e+00,1.123191118240356445e+00,1.238839983940124512e+00,1.416903018951416016e+00,1.644016385078430176e+00,1.926732778549194336e+00,2.106094598770141602e+00,2.092681646347045898e+00,1.744224190711975098e+00,1.749519467353820801e+00,1.480016827583312988e+00,1.570374965667724609e+00,1.465092062950134277e+00,1.685425639152526855e+00,1.620646238327026367e+00,1.534433722496032715e+00,1.590630292892456055e+00,1.680232167243957520e+00,1.809717178344726562e+00,2.005544424057006836e+00,2.228786706924438477e+00,2.415672779083251953e+00,2.343705892562866211e+00,2.014240741729736328e+00,2.079393863677978516e+00,1.858830451965332031e+00,1.983614087104797363e+00,1.915355682373046875e+00,2.155798673629760742e+00,2.112025499343872070e+00,2.049072980880737305e+00,2.090204715728759766e+00,2.156059980392456055e+00,2.248068094253540039e+00,2.413321495056152344e+00,2.586273908615112305e+00,2.761209487915039062e+00
2.068196535110473633e+00,1.735162377357482910e+00,1.605982542037963867e+00,1.256719827651977539e+00,1.259078621864318848e+00,9.733868241310119629e-01,1.004848599433898926e+00,6.247321367263793945e-01,3.873588144779205322e-01,0.000000000000000000e+00,3.909799754619598389e-01,6.144948005676269531e-01,9.062563180923461914e-01,1.236016392707824707e+00,1.409585356712341309e+00,1.987543702125549316e+00,1.620594024658203125e+00,1.562009692192077637e+00,1.210518360137939453e+00,1.263244509696960449e+00,1.021987557411193848e+00,1.150097966194152832e+00,8.700084090232849121e-01,6.460822224617004395e-01,5.354228019714355469e-01,6.446028947830200195e-01,7.881236076354980469e-01,1.068591475486755371e+00,1.371759891510009766e+00,1.575218200683593750e+00,2.013118028640747070e+00,1.655390501022338867e+00,1.658008456230163574e+00,1.345905423164367676e+00,1.446210145950317383e+00,1.267578244209289551e+00,1.455727219581604004e+00,1.258403420448303223e+00,1.078121185302734375e+00,1.017474532127380371e+00,1.074148058891296387e+00,1.156500577926635742e+00,1.381734967231750488e+00,1.620860934257507324e+00,1.832091808319091797e+00,2.143170118331909180e+00,1.803257346153259277e+00,1.862035155296325684e+00,1.592271566390991211e+00,1.734767198562622070e+00,1.611271739006042480e+00,1.834407925605773926e+00,1.690829634666442871e+00,1.538533210754394531e+00,1.504585146903991699e+00,1.538900971412658691e+00,1.592595696449279785e+00,1.767509222030639648e+00,1.943566203117370605e+00,2.145256996154785156e+00,2.331620454788208008e+00,2.008235216140747070e+00,2.125653743743896484e+00,1.906718850135803223e+00,2.084060668945312500e+00,2.005275249481201172e+00,2.262919664382934570e+00,2.159596204757690430e+00,2.038857936859130859e+00,2.018485307693481445e+00,2.030944347381591797e+00,2.065981149673461914e+00,2.201456546783447266e+00,2.327723979949951172e+00,2.503786802291870117e+00
1.917395830154418945e+00,1.601943492889404297e+00,1.556318521499633789e+00,1.247658610343933105e+00,1.361802339553833008e+00,1.155764102935791016e+00,1.284610509872436523e+00,9.462324976921081543e-01,6.081776022911071777e-01,3.909799754619598389e-01,0.000000000000000000e+00,3.895618617534637451e-01,5.532136559486389160e-01,9.207863211631774902e-01,1.039298772811889648e+00,1.752584576606750488e+00,1.414991021156311035e+00,1.441655039787292480e+00,1.146551728248596191e+00,1.311364412307739258e+00,1.163020730018615723e+00,1.374583005905151367e+00,1.113870382308959961e+00,7.947442531585693359e-01,6.854017972946166992e-01,5.481753945350646973e-01,6.728792190551757812e-01,8.183719515800476074e-01,1.121203899383544922e+00,1.265200018882751465e+00,1.747491955757141113e+00,1.419201135635375977e+00,1.503785967826843262e+00,1.250995755195617676e+00,1.448836088180541992e+00,1.353868126869201660e+00,1.612229466438293457e+00,1.425979614257812500e+00,1.167363286018371582e+00,1.113927602767944336e+00,1.035964846611022949e+00,1.107297182083129883e+00,1.223213195800781250e+00,1.444328308105468750e+00,1.593901515007019043e+00,1.870167851448059082e+00,1.561505198478698730e+00,1.690364837646484375e+00,1.481132507324218750e+00,1.698695302009582520e+00,1.648736476898193359e+00,1.930010676383972168e+00,1.802001833915710449e+00,1.593109011650085449e+00,1.575578331947326660e+00,1.523198604583740234e+00,1.580281853675842285e+00,1.670285582542419434e+00,1.831187486648559570e+00,1.972793221473693848e+00,2.072128772735595703e+00,1.782420039176940918e+00,1.953159809112548828e+00,1.793325304985046387e+00,2.022186994552612305e+00,2.008855342864990234e+00,2.311554908752441406e+00,2.230452775955200195e+00,2.067365884780883789e+00,2.073463678359985352e+00,2.026712179183959961e+00,2.080262184143066406e+00,2.150119304656982422e+00,2.271809339523315430e+00,2.390337467193603516e+00
2.245259284973144531e+00,1.930923342704772949e+00,1.920691847801208496e+00,1.612236261367797852e+00,1.732020139694213867e+00,1.504358053207397461e+00,1.604078650474548340e+00,1.236807465553283691e+00,9.423027634620666504e-01,6.144948005676269531e-01,3.895618617534637451e-01,0.000000000000000000e+00,3.778542876243591309e-01,6.323358416557312012e-01,8.728188872337341309e-01,2.042575836181640625e+00,1.733891487121582031e+00,1.803301095962524414e+00,1.527538180351257324e+00,1.699403405189514160e+00,1.535662412643432617e+00,1.712121009826660156e+00,1.409901857376098633e+00,1.100793480873107910e+00,8.680925369262695312e-01,6.782636046409606934e-01,5.588034391403198242e-01,6.748433113098144531e-01,8.646150827407836914e-01,1.075519680976867676e+00,1.998524904251098633e+00,1.703336119651794434e+00,1.830865263938903809e+00,1.595580816268920898e+00,1.808358550071716309e+00,1.697114944458007812e+00,1.929728507995605469e+00,1.691972255706787109e+00,1.411073088645935059e+00,1.255699515342712402e+00,1.118345499038696289e+00,1.052014589309692383e+00,1.120391488075256348e+00,1.242529749870300293e+00,1.418644428253173828e+00,2.062534332275390625e+00,1.784140586853027344e+00,1.957950949668884277e+00,1.763464927673339844e+00,2.006857872009277344e+00,1.944147944450378418e+00,2.214614629745483398e+00,2.035286664962768555e+00,1.788621783256530762e+00,1.693532943725585938e+00,1.585200428962707520e+00,1.549173831939697266e+00,1.591867923736572266e+00,1.671896934509277344e+00,1.816194415092468262e+00,2.204724311828613281e+00,1.940585017204284668e+00,2.158383846282958984e+00,2.012113809585571289e+00,2.275832891464233398e+00,2.255173444747924805e+00,2.561426162719726562e+00,2.435466527938842773e+00,2.230183601379394531e+00,2.179685115814208984e+00,2.079395294189453125e+00,2.068324327468872070e+00,2.093291759490966797e+00,2.148715972900390625e+00,2.256334781646728516e+00
2.122351884841918945e+00,1.840618014335632324e+00,1.900963902473449707e+00,1.643989801406860352e+00,1.836611747741699219e+00,1.672961115837097168e+00,1.833284139633178711e+00,1.497056126594543457e+00,1.157157182693481445e+00,9.062563180923461914e-01,5.532136559486389160e-01,3.778542876243591309e-01,0.000000000000000000e+00,3.881897926330566406e-01,5.108188986778259277e-01,1.847492456436157227e+00,1.587498068809509277e+00,1.730055332183837891e+00,1.521635413169860840e+00,1.764442205429077148e+00,1.673234820365905762e+00,1.903454065322875977e+00,1.629921674728393555e+00,1.282947659492492676e+00,1.103020071983337402e+00,8.072375655174255371e-01,7.149676680564880371e-01,6.059065461158752441e-01,7.530199289321899414e-01,8.417521715164184570e-01,1.774567484855651855e+00,1.529133200645446777e+00,1.727888822555541992e+00,1.562500834465026855e+00,1.838565230369567871e+00,1.798015832901000977e+00,2.077008247375488281e+00,1.866108655929565430e+00,1.550156354904174805e+00,1.432756423950195312e+00,1.214096784591674805e+00,1.165836453437805176e+00,1.110116958618164062e+00,1.205866456031799316e+00,1.283197999000549316e+00,1.830560684204101562e+00,1.600932121276855469e+00,1.835660815238952637e+00,1.710212826728820801e+00,2.003453731536865234e+00,2.006761312484741211e+00,2.316257715225219727e+00,2.165320634841918945e+00,1.891082882881164551e+00,1.829801678657531738e+00,1.663288474082946777e+00,1.649537444114685059e+00,1.610433101654052734e+00,1.681076169013977051e+00,1.747032761573791504e+00,1.987478971481323242e+00,1.770815849304199219e+00,2.032035112380981445e+00,1.950356841087341309e+00,2.246712207794189453e+00,2.286767959594726562e+00,2.622634410858154297e+00,2.527773857116699219e+00,2.300122261047363281e+00,2.285877227783203125e+00,2.145850419998168945e+00,2.165240526199340820e+00,2.133014917373657227e+00,2.193678617477416992e+00,2.237361431121826172e+00
2.444096803665161133e+00,2.177242517471313477e+00,2.267916440963745117e+00,2.020988702774047852e+00,2.221587657928466797e+00,2.051839113235473633e+00,2.200073719024658203e+00,1.849228382110595703e+00,1.524940371513366699e+00,1.236016392707824707e+00,9.207863211631774902e-01,6.323358416557312012e-01,3.881897926330566406e-01,0.000000000000000000e+00,3.794501721858978271e-01,2.129108428955078125e+00,1.908697247505187988e+00,2.083381175994873047e+00,1.896971344947814941e+00,2.147370576858520508e+00,2.053039550781250000e+00,2.268009662628173828e+00,1.972213864326477051e+00,1.627125859260559082e+00,1.396002531051635742e+00,1.084725618362426758e+00,8.720368146896362305e-01,6.699687838554382324e-01,5.865515470504760742e-01,6.733480691909790039e-01,2.014432430267333984e+00,1.815023064613342285e+00,2.046259164810180664e+00,1.904736280441284180e+00,2.193068027496337891e+00,2.150402545928955078e+00,2.417380332946777344e+00,2.177703619003295898e+00,1.846393227577209473e+00,1.674999952316284180e+00,1.412011146545410156e+00,1.270167231559753418e+00,1.130563378334045410e+00,1.094691157341003418e+00,1.143346548080444336e+00,2.009052276611328125e+00,1.826541423797607422e+00,2.097697734832763672e+00,1.998367547988891602e+00,2.311368465423583984e+00,2.316061496734619141e+00,2.620958566665649414e+00,2.439817667007446289e+00,2.137422084808349609e+00,2.028799057006835938e+00,1.810551404953002930e+00,1.727951288223266602e+00,1.618786692619323730e+00,1.601154088973999023e+00,1.630787134170532227e+00,2.103684425354003906e+00,1.931562900543212891e+00,2.232539653778076172e+00,2.178115606307983398e+00,2.501433849334716797e+00,2.547358036041259766e+00,2.887354850769042969e+00,2.765513896942138672e+00,2.502897024154663086e+00,2.453242301940917969e+00,2.261330604553222656e+00,2.234623670578002930e+00,2.143066883087158203e+00,2.141071796417236328e+00,2.146257877349853516e+00
2.248271226882934570e+00,2.023778438568115234e+00,2.163804769515991211e+00,1.971547842025756836e+00,2.220238208770751953e+00,2.108980655670166016e+00,2.301495075225830078e+00,1.983330368995666504e+00,1.631268978118896484e+00,1.409585356712341309e+00,1.039298772811889648e+00,8.728188872337341309e-01,5.108188986778259277e-01,3.794501721858978271e-01,0.000000000000000000e+00,1.873726725578308105e+00,1.706314206123352051e+00,1.930884361267089844e+00,1.809137940406799316e+00,2.105099916458129883e+00,2.073877811431884766e+00,2.329908370971679688e+00,2.069658279418945312e+00,1.705503582954406738e+00,1.539039492607116699e+00,1.186776638031005859e+00,1.066231012344360352e+00,7.735199928283691406e-01,7.390427589416503906e-01,6.178897023200988770e-01,1.733138084411621094e+00,1.587447881698608398e+00,1.867813348770141602e+00,1.793063521385192871e+00,2.120766401290893555e+00,2.141003608703613281e+00,2.443521499633789062e+00,2.242060899734497070e+00,1.897579789161682129e+00,1.785049557685852051e+00,1.489556670188903809e+00,1.414543747901916504e+00,1.212893247604370117e+00,1.212329387664794922e+00,1.148904323577880859e+00,1.728111386299133301e+00,1.596750736236572266e+00,1.907882094383239746e+00,1.874064564704895020e+00,2.214874505996704102e+00,2.279412984848022461e+00,2.612864494323730469e+00,2.472615003585815430e+00,2.164867401123046875e+00,2.109650611877441406e+00,1.869834423065185547e+00,1.843295216560363770e+00,1.693248152732849121e+00,1.709940195083618164e+00,1.668090701103210449e+00,1.851844906806945801e+00,1.726835250854492188e+00,2.049413442611694336e+00,2.054662704467773438e+00,2.389892339706420898e+00,2.491044521331787109e+00,2.849646806716918945e+00,2.770211935043334961e+00,2.506449460983276367e+00,2.507753849029541016e+00,2.305933475494384766e+00,2.331435203552246094e+00,2.214020490646362305e+00,2.248982191085815430e+00,2.204550027847290039e+00
6.328077316284179688e-01,7.671850323677062988e-01,1.005231738090515137e+00,1.212847232818603516e+00,1.531910300254821777e+00,1.757403612136840820e+00,2.071446180343627930e+00,2.059907436370849609e+00,1.794728875160217285e+00,1.987543702125549316e+00,1.752584576606750488e+00,2.042575836181640625e+00,1.847492456436157227e+00,2.129108428955078125e+00,1.873726725578308105e+00,0.000000000000000000e+00,3.864865899085998535e-01,6.749929785728454590e-01,1.000866413116455078e+00,1.320846796035766602e+00,1.624537825584411621e+00,1.981093764305114746e+00,2.044117212295532227e+00,1.823849678039550781e+00,2.058625936508178711e+00,1.890045762062072754e+00,2.173993349075317383e+00,2.057984352111816406e+00,2.340405702590942383e+00,2.173787832260131836e+00,5.573068261146545410e-01,6.140941381454467773e-01,8.008474707603454590e-01,1.085182547569274902e+00,1.350026488304138184e+00,1.667060852050781250e+00,2.029742002487182617e+00,2.151769638061523438e+00,1.979033470153808594e+00,2.229599714279174805e+00,2.117200374603271484e+00,2.387379169464111328e+00,2.336283445358276367e+00,2.608899593353271484e+00,2.511297941207885742e+00,1.119410395622253418e+00,1.078377842903137207e+00,1.172520995140075684e+00,1.354696393013000488e+00,1.542995691299438477e+00,1.832241177558898926e+00,2.174031496047973633e+00,2.339890003204345703e+00,2.226964473724365234e+00,2.480846166610717773e+00,2.423000335693359375e+00,2.686674118041992188e+00,2.676774024963378906e+00,2.935303449630737305e+00,2.891324758529663086e+00,1.651945948600769043e+00,1.568601012229919434e+00,1.622092843055725098e+00,1.736767768859863281e+00,1.856811642646789551e+00,2.110447168350219727e+00,2.415717840194702148e+00,2.607942819595336914e+00,2.542413949966430664e+00,2.798341512680053711e+00,2.786581516265869141e+00,3.046921253204345703e+00,3.066870450973510742e+00,3.319608688354492188e+00,3.302541732788085938e+00
6.451454758644104004e-01,5.834944844245910645e-01,7.387971878051757812e-01,8.682071566581726074e-01,1.185896396636962891e+00,1.383770227432250977e+00,1.695914030075073242e+00,1.674378752708435059e+00,1.411175489425659180e+00,1.620594024658203125e+00,1.414991021156311035e+00,1.733891487121582031e+00,1.587498068809509277e+00,1.908697247505187988e+00,1.706314206123352051e+00,3.864865899085998535e-01,0.000000000000000000e+00,3.862745761871337891e-01,6.386219263076782227e-01,9.848572611808776855e-01,1.264567255973815918e+00,1.630861520767211914e+00,1.683471202850341797e+00,1.466148614883422852e+00,1.711745142936706543e+00,1.576051354408264160e+00,1.877419948577880859e+00,1.813039660453796387e+00,2.124697446823120117e+00,2.011479377746582031e+00,7.071477770805358887e-01,5.232520103454589844e-01,6.503793001174926758e-01,8.166419267654418945e-01,1.083194255828857422e+00,1.361162424087524414e+00,1.730849623680114746e+00,1.837244272232055664e+00,1.670734286308288574e+00,1.918795228004455566e+00,1.839187622070312500e+00,2.113416194915771484e+00,2.109579086303710938e+00,2.399308443069458008e+00,2.351871013641357422e+00,1.202945113182067871e+00,1.037806987762451172e+00,1.105931282043457031e+00,1.179732322692871094e+00,1.361596703529357910e+00,1.597026824951171875e+00,1.939184784889221191e+00,2.080288171768188477e+00,1.972899556159973145e+00,2.211701631546020508e+00,2.181701421737670898e+00,2.437086105346679688e+00,2.466790199279785156e+00,2.730690479278564453e+00,2.731009960174560547e+00,1.695837497711181641e+00,1.530028939247131348e+00,1.583765149116516113e+00,1.616634964942932129e+00,1.740528345108032227e+00,1.938260793685913086e+00,2.243881702423095703e+00,2.402915000915527344e+00,2.341412067413330078e+00,2.571052312850952148e+00,2.578613281250000000e+00,2.819335460662841797e+00,2.870388031005859375e+00,3.117576599121093750e+00,3.138807535171508789e+00
7.257813215255737305e-01,6.517324447631835938e-01,5.802707672119140625e-01,7.230225801467895508e-01,9.450235366821289062e-01,1.173324465751647949e+00,1.448473691940307617e+00,1.485039114952087402e+00,1.291307330131530762e+00,1.562009692192077637e+00,1.441655039787292480e+00,1.803301095962524414e+00,1.730055332183837891e+00,2.083381175994873047e+00,1.930884361267089844e+00,6.749929785728454590e-01,3.862745761871337891e-01,0.000000000000000000e+00,3.832443356513977051e-01,6.495798230171203613e-01,9.756107926368713379e-01,1.324181675910949707e+00,1.440001726150512695e+00,1.290753602981567383e+00,1.600664019584655762e+00,1.545199751853942871e+00,1.891909003257751465e+00,1.895292878150939941e+00,2.245999336242675781e+00,2.176540374755859375e+00,9.100655317306518555e-01,6.471023559570312500e-01,5.241853594779968262e-01,6.075386404991149902e-01,7.670766711235046387e-01,1.061964631080627441e+00,1.413209319114685059e+00,1.576521158218383789e+00,1.474877595901489258e+00,1.776050925254821777e+00,1.768670439720153809e+00,2.084211111068725586e+00,2.142917156219482422e+00,2.471415281295776367e+00,2.464375972747802734e+00,1.337152957916259766e+00,1.104352951049804688e+00,1.042854428291320801e+00,1.035542249679565430e+00,1.121412754058837891e+00,1.333054304122924805e+00,1.645503282546997070e+00,1.826600313186645508e+00,1.778191208839416504e+00,2.052165031433105469e+00,2.085637331008911133e+00,2.372170448303222656e+00,2.458835601806640625e+00,2.756681203842163086e+00,2.795833587646484375e+00,1.788957595825195312e+00,1.567633509635925293e+00,1.541069746017456055e+00,1.505262732505798340e+00,1.559137225151062012e+00,1.716569542884826660e+00,1.986792087554931641e+00,2.166301250457763672e+00,2.156041860580444336e+00,2.402101993560791016e+00,2.465298891067504883e+00,2.722704648971557617e+00,2.824647903442382812e+00,3.098137140274047852e+00,3.157940864562988281e+00
1.024007081985473633e+00,8.190714716911315918e-01,6.350954771041870117e-01,5.591217875480651855e-01,7.079815268516540527e-01,8.502788543701171875e-01,1.101774573326110840e+00,1.106340050697326660e+00,9.222974777221679688e-01,1.210518360137939453e+00,1.146551728248596191e+00,1.527538180351257324e+00,1.521635413169860840e+00,1.896971344947814941e+00,1.809137940406799316e+00,1.000866413116455078e+00,6.386219263076782227e-01,3.832443356513977051e-01,0.000000000000000000e+00,3.763239383697509766e-01,6.264634132385253906e-01,9.937499761581420898e-01,1.077840805053710938e+00,9.316585659980773926e-01,1.254742383956909180e+00,1.251560926437377930e+00,1.608883857727050781e+00,1.675526738166809082e+00,2.044228315353393555e+00,2.033806324005126953e+00,1.155258297920227051e+00,8.086549043655395508e-01,6.657560467720031738e-01,5.003470778465270996e-01,6.187630295753479004e-01,8.009667992591857910e-01,1.156366109848022461e+00,1.278502345085144043e+00,1.181740880012512207e+00,1.469015121459960938e+00,1.504349708557128906e+00,1.814393043518066406e+00,1.926036953926086426e+00,2.262623786926269531e+00,2.308255195617675781e+00,1.489152431488037109e+00,1.183724641799926758e+00,1.119019985198974609e+00,9.813902378082275391e-01,1.057092905044555664e+00,1.167785644531250000e+00,1.470786094665527344e+00,1.599639892578125000e+00,1.550805926322937012e+00,1.792317748069763184e+00,1.854899525642395020e+00,2.121690511703491211e+00,2.248941183090209961e+00,2.544003486633300781e+00,2.627971649169921875e+00,1.872957944869995117e+00,1.593266606330871582e+00,1.580936312675476074e+00,1.462174773216247559e+00,1.529487848281860352e+00,1.609720349311828613e+00,1.876406431198120117e+00,1.999556541442871094e+00,1.984240055084228516e+00,2.187421798706054688e+00,2.265125751495361328e+00,2.491795778274536133e+00,2.622468233108520508e+00,2.882572650909423828e+00,2.979886293411254883e+00
1.246502995491027832e+00,1.056920766830444336e+00,7.489466667175292969e-01,6.507368683815002441e-01,5.732709169387817383e-01,7.120823860168457031e-01,8.729358315467834473e-01,9.745625853538513184e-01,9.238839745521545410e-01,1.263244509696960449e+00,1.311364412307739258e+00,1.699403405189514160e+00,1.764442205429077148e+00,2.147370576858520508e+00,2.105099916458129883e+00,1.320846796035766602e+00,9.848572611808776855e-01,6.495798230171203613e-01,3.763239383697509766e-01,0.000000000000000000e+00,3.675537407398223877e-01,6.910907626152038574e-01,8.889605998992919922e-01,8.792334198951721191e-01,1.257328391075134277e+00,1.361533164978027344e+00,1.734037995338439941e+00,1.868813514709472656e+00,2.252881765365600586e+00,2.284480094909667969e+00,1.464924454689025879e+00,1.122123122215270996e+00,8.780779242515563965e-01,6.385189294815063477e-01,5.115209817886352539e-01,6.040242314338684082e-01,8.932549953460693359e-01,1.091870307922363281e+00,1.106293439865112305e+00,1.434254884719848633e+00,1.562637805938720703e+00,1.892583370208740234e+00,2.068103551864624023e+00,2.424978494644165039e+00,2.510622501373291016e+00,1.756418228149414062e+00,1.430745601654052734e+00,1.280820965766906738e+00,1.070985913276672363e+00,1.019644498825073242e+00,1.046528220176696777e+00,1.277439236640930176e+00,1.440105795860290527e+00,1.473927378654479980e+00,1.735417246818542480e+00,1.874375939369201660e+00,2.156333446502685547e+00,2.342849731445312500e+00,2.658245563507080078e+00,2.781583070755004883e+00,2.096702098846435547e+00,1.787536144256591797e+00,1.712494492530822754e+00,1.529510021209716797e+00,1.520434856414794922e+00,1.530039191246032715e+00,1.736786603927612305e+00,1.866397142410278320e+00,1.913077473640441895e+00,2.116914987564086914e+00,2.256909370422363281e+00,2.486776113510131836e+00,2.671007633209228516e+00,2.946771383285522461e+00,3.084384918212890625e+00
1.577205777168273926e+00,1.339234352111816406e+00,1.035429120063781738e+00,8.169370889663696289e-01,6.403204202651977539e-01,5.750723481178283691e-01,6.008801460266113281e-01,6.541576385498046875e-01,6.891895532608032227e-01,1.021987557411193848e+00,1.163020730018615723e+00,1.535662412643432617e+00,1.673234820365905762e+00,2.053039550781250000e+00,2.073877811431884766e+00,1.624537825584411621e+00,1.264567255973815918e+00,9.756107926368713379e-01,6.264634132385253906e-01,3.675537407398223877e-01,0.000000000000000000e+00,3.780578970909118652e-01,5.400736331939697266e-01,6.055665016174316406e-01,9.870828390121459961e-01,1.177389502525329590e+00,1.537169098854064941e+00,1.739136815071105957e+00,2.123982667922973633e+00,2.212263107299804688e+00,1.716591000556945801e+00,1.346797704696655273e+00,1.126673102378845215e+00,7.982510924339294434e-01,6.483078002929687500e-01,5.048187375068664551e-01,7.210815548896789551e-01,8.431873917579650879e-01,8.914480805397033691e-01,1.184776067733764648e+00,1.375602245330810547e+00,1.685346841812133789e+00,1.916844248771667480e+00,2.271274805068969727e+00,2.407523870468139648e+00,1.938210725784301758e+00,1.580980777740478516e+00,1.443298339843750000e+00,1.156867980957031250e+00,1.100749611854553223e+00,1.004333496093750000e+00,1.190750241279602051e+00,1.272868752479553223e+00,1.312094211578369141e+00,1.521872758865356445e+00,1.697449803352355957e+00,1.949213624000549316e+00,2.178452491760253906e+00,2.484828710556030273e+00,2.651748895645141602e+00,2.213619709014892578e+00,1.871925234794616699e+00,1.812995433807373047e+00,1.570225954055786133e+00,1.575035572052001953e+00,1.504094481468200684e+00,1.693306207656860352e+00,1.750641703605651855e+00,1.790890336036682129e+00,1.938390135765075684e+00,2.093861818313598633e+00,2.284975051879882812e+00,2.498868227005004883e+00,2.757035017013549805e+00,2.931888818740844727e+00
