,A1,A2,A3,A4,A5,A6,A7,A8,A9,A10,A11,A12,A13,A14,A15,B1,B2,B3,B4,B5,B6,B7,B8,B9,B10,B11,B12,B13,B14,B15,C1,C2,C3,C4,C5,C6,C7,C8,C9,C10,C11,C12,C13,C14,C15,D1,D2,D3,D4,D5,D6,D7,D8,D9,D10,D11,D12,D13,D14,D15,E1,E2,E3,E4,E5,E6,E7,E8,E9,E10,E11,E12,E13,E14,E15
A1,0.0,0.38133323192596436,0.6382120251655579,0.9681100249290466,1.266563892364502,1.5719138383865356,1.9183732271194458,2.0175979137420654,1.8164172172546387,2.097170352935791,1.9488370418548584,2.2816944122314453,2.131368398666382,2.4182255268096924,2.1671652793884277,0.601737916469574,0.6262518763542175,0.7416874170303345,1.0347135066986084,1.2714580297470093,1.5967447757720947,1.9556822776794434,2.1056439876556396,1.968065619468689,2.2554333209991455,2.184100389480591,2.4915192127227783,2.427057981491089,2.7163195610046387,2.559180498123169,1.1653258800506592,1.1141810417175293,1.1567381620407104,1.3379993438720703,1.494470477104187,1.7835016250610352,2.117769718170166,2.3029074668884277,2.2169270515441895,2.4971659183502197,2.4801464080810547,2.7649245262145996,2.760294198989868,3.0501291751861572,2.9600932598114014,1.7196577787399292,1.6286319494247437,1.6399123668670654,1.7402262687683105,1.839092493057251,2.0754637718200684,2.3745899200439453,2.576801300048828,2.5419695377349854,2.806532382965088,2.8366713523864746,3.106778621673584,3.1508219242095947,3.4172399044036865,3.363563299179077,2.257736921310425,2.1362903118133545,2.1459803581237793,2.1934289932250977,2.2521588802337646,2.442574977874756,2.6824662685394287,2.9087095260620117,2.905531644821167,3.1678709983825684,3.217853307723999,3.484936475753784,3.5762431621551514,3.861060380935669,3.894587993621826
A2,0.38133323192596436,0.0,0.3969948887825012,0.6362798810005188,0.979607105255127,1.2506932020187378,1.6156216859817505,1.6903939247131348,1.4770481586456299,1.7539432048797607,1.6199257373809814,1.951393961906433,1.826074242591858,2.1379294395446777,1.9233468770980835,0.7443402409553528,0.5606608390808105,0.6544082760810852,0.8204959034919739,1.0731158256530762,1.3498187065124512,1.7186610698699951,1.8385980129241943,1.6932222843170166,1.9626456499099731,1.9061555862426758,2.2000153064727783,2.1638834476470947,2.4603540897369385,2.3422787189483643,1.2479610443115234,1.0911977291107178,1.1359690427780151,1.2171368598937988,1.380479097366333,1.6127569675445557,1.9491419792175293,2.0962817668914795,2.0022735595703125,2.253990650177002,2.2480075359344482,2.5113980770111084,2.530604362487793,2.8175766468048096,2.763389825820923,1.7654833793640137,1.6080882549285889,1.635736346244812,1.6651264429092407,1.779378890991211,1.9628942012786865,2.2640628814697266,2.423468589782715,2.377615451812744,2.6080193519592285,2.6435792446136475,2.8874573707580566,2.9511494636535645,3.2074882984161377,3.1851487159729004,2.2782249450683594,2.1091678142547607,2.1462578773498535,2.1435940265655518,2.2286131381988525,2.3761680126190186,2.6271982192993164,2.8093247413635254,2.7921578884124756,3.017882823944092,3.0649330615997314,3.302478313446045,3.4058403968811035,3.672194242477417,3.730201482772827
A3,0.6382120251655579,0.3969948887825012,0.0,0.37848806381225586,0.6287264227867126,0.9475879073143005,1.289595603942871,1.4275898933410645,1.2846122980117798,1.616875171661377,1.5671584606170654,1.9307509660720825,1.8790016174316406,2.227689027786255,2.0586509704589844,0.9808587431907654,0.7183452248573303,0.570621907711029,0.6284006237983704,0.7591947913169861,1.04160475730896,1.388411521911621,1.5634554624557495,1.4862147569656372,1.799228310585022,1.8177860975265503,2.140554428100586,2.169728994369507,2.5053930282592773,2.4301421642303467,1.4109892845153809,1.181378960609436,1.0993508100509644,1.0893222093582153,1.151061773300171,1.350104808807373,1.6521670818328857,1.835142731666565,1.801080584526062,2.0797998905181885,2.138871192932129,2.424356460571289,2.5017893314361572,2.8222568035125732,2.8101484775543213,1.883529543876648,1.666646122932434,1.6134276390075684,1.5690449476242065,1.6104016304016113,1.7466278076171875,2.0088655948638916,2.185365676879883,2.189321994781494,2.432140350341797,2.5228874683380127,2.779381513595581,2.893784523010254,3.178823709487915,3.1956393718719482,2.361600875854492,2.1432816982269287,2.1286208629608154,2.0646073818206787,2.102088689804077,2.197782278060913,2.413818836212158,2.594444751739502,2.6175384521484375,2.837240219116211,2.928349733352661,3.1602962017059326,3.305689573287964,3.5842788219451904,3.677670478820801
A4,0.9681100249290466,0.6362798810005188,0.37848806381225586,0.0,0.3848108649253845,0.6144185066223145,0.9825771450996399,1.0785924196243286,0.9267604947090149,1.2629300355911255,1.2517386674880981,1.6136891841888428,1.6093486547470093,1.9799734354019165,1.8627411127090454,1.2044525146484375,0.8627963662147522,0.7139272093772888,0.5508390069007874,0.6518487334251404,0.8147913813591003,1.162441372871399,1.2870557308197021,1.2048723697662354,1.4937174320220947,1.5410586595535278,1.846799612045288,1.9172751903533936,2.259861946105957,2.2323880195617676,1.5489780902862549,1.2526204586029053,1.1767950057983398,1.0519510507583618,1.1103705167770386,1.21402907371521,1.5040841102600098,1.6288270950317383,1.5862078666687012,1.824965238571167,1.9010196924209595,2.1598873138427734,2.268238067626953,2.584667444229126,2.6139378547668457,1.957497477531433,1.689941167831421,1.6532570123672485,1.5360758304595947,1.5921283960342407,1.659078598022461,1.9146393537521362,2.0326132774353027,2.022312879562378,2.2205562591552734,2.317739725112915,2.5425608158111572,2.6796553134918213,2.953206777572632,3.004795551300049,2.3901896476745605,2.132394313812256,2.143810987472534,2.0304861068725586,2.095341205596924,2.142199754714966,2.3662121295928955,2.49184513092041,2.4967103004455566,2.671682834625244,2.758000612258911,2.9550604820251465,3.112398862838745,3.3695390224456787,3.488377571105957
A5,1.266563892364502,0.979607105255127,0.6287264227867126,0.3848108649253845,0.0,0.36411887407302856,0.6767867803573608,0.8917850255966187,0.8803938031196594,1.259799599647522,1.3615496158599854,1.7249102592468262,1.7981895208358765,2.1838417053222656,2.114116668701172,1.521287441253662,1.182554841041565,0.9345235228538513,0.7018805742263794,0.5701812505722046,0.6384925246238708,0.9078032970428467,1.1085196733474731,1.1401660442352295,1.4586368799209595,1.5998291969299316,1.9140918254852295,2.0531837940216064,2.4178175926208496,2.4340150356292725,1.8285669088363647,1.509866714477539,1.350166916847229,1.1541600227355957,1.0869698524475098,1.109512448310852,1.3219891786575317,1.4794425964355469,1.520209789276123,1.771975040435791,1.924209713935852,2.1912310123443604,2.3602283000946045,2.697960615158081,2.7698466777801514,2.1970062255859375,1.898579716682434,1.7979567050933838,1.6185587644577026,1.5950655937194824,1.593131184577942,1.7844828367233276,1.9104784727096558,1.9605940580368042,2.1592140197753906,2.317317485809326,2.5442769527435303,2.7339134216308594,3.0277912616729736,3.119617223739624,2.5916943550109863,2.3019556999206543,2.268126964569092,2.1007139682769775,2.1161386966705322,2.101194381713867,2.2774863243103027,2.391890048980713,2.441533088684082,2.59967041015625,2.73288631439209,2.91501784324646,3.116060495376587,3.378694772720337,3.534491777420044
A6,1.5719138383865356,1.2506932020187378,0.9475879073143005,0.6144185066223145,0.36411887407302856,0.0,0.3824498653411865,0.5457334518432617,0.5935742259025574,0.9675390124320984,1.148126482963562,1.487912654876709,1.6259890794754028,2.0164928436279297,2.005678176879883,1.7576960325241089,1.3899866342544556,1.1665582656860352,0.8477448225021362,0.703794538974762,0.5637412667274475,0.7593654990196228,0.8750281929969788,0.9270951747894287,1.2004797458648682,1.3912122249603271,1.675261378288269,1.8657615184783936,2.22952938079834,2.297078847885132,1.9972912073135376,1.6463439464569092,1.5007596015930176,1.2331053018569946,1.1657614707946777,1.077635645866394,1.2468591928482056,1.3224408626556396,1.3609299659729004,1.555301547050476,1.732893466949463,1.9644254446029663,2.1701536178588867,2.4993252754211426,2.615086793899536,2.3027544021606445,1.9738696813583374,1.889119029045105,1.6552759408950806,1.6445730924606323,1.571385383605957,1.7423902750015259,1.7973206043243408,1.8334119319915771,1.976328730583191,2.14323353767395,2.332152843475342,2.547222375869751,2.8272321224212646,2.95572829246521,2.646113872528076,2.329205274581909,2.317164659500122,2.1094558238983154,2.148735523223877,2.0859365463256836,2.2636823654174805,2.3169922828674316,2.3472535610198975,2.4537885189056396,2.5820186138153076,2.723845958709717,2.937288999557495,3.1755380630493164,3.3575050830841064
A7,1.9183732271194458,1.6156216859817505,1.289595603942871,0.9825771450996399,0.6767867803573608,0.3824498653411865,0.0,0.3991352915763855,0.6735922694206238,0.9969053268432617,1.2764405012130737,1.5838123559951782,1.7907358407974243,2.1714999675750732,2.2065038681030273,2.075000762939453,1.7068411111831665,1.4450384378433228,1.1045327186584473,0.867243230342865,0.5947913527488708,0.5680119395256042,0.6955706477165222,0.8880206942558289,1.1416356563568115,1.4225010871887207,1.6915836334228516,1.9447450637817383,2.3153207302093506,2.425767660140991,2.2594308853149414,1.894178032875061,1.7043228149414062,1.388924241065979,1.2434310913085938,1.0517414808273315,1.1040600538253784,1.1584923267364502,1.2763774394989014,1.44915771484375,1.6990323066711426,1.9206942319869995,2.1837897300720215,2.522613286972046,2.681467056274414,2.507051467895508,2.1557087898254395,2.031567335128784,1.7456430196762085,1.6805304288864136,1.5266728401184082,1.622739553451538,1.6469900608062744,1.7300504446029663,1.8469589948654175,2.0677733421325684,2.2434613704681396,2.508028984069824,2.798927068710327,2.9689841270446777,2.795475721359253,2.4530344009399414,2.412074089050293,2.155221700668335,2.163074016571045,2.0337119102478027,2.1668224334716797,2.1811230182647705,2.240170478820801,2.309542417526245,2.4747366905212402,2.587902307510376,2.8403310775756836,3.0739314556121826,3.2927165031433105
A8,2.0175979137420654,1.6903939247131348,1.4275898933410645,1.0785924196243286,0.8917850255966187,0.5457334518432617,0.3991352915763855,0.0,0.37102964520454407,0.6175214648246765,0.9385271668434143,1.2164239883422852,1.4579815864562988,1.826108455657959,1.8977807760238647,2.0834598541259766,1.7018916606903076,1.4965336322784424,1.123284935951233,0.9819421172142029,0.6587356328964233,0.662558376789093,0.5387316346168518,0.6256083250045776,0.7868580222129822,1.0746701955795288,1.310015082359314,1.5844485759735107,1.9457921981811523,2.0851526260375977,2.1988022327423096,1.8208107948303223,1.6816966533660889,1.3402752876281738,1.270573616027832,1.0406140089035034,1.1236858367919922,1.0443673133850098,1.0715457201004028,1.1601989269256592,1.383662223815918,1.5640023946762085,1.8314164876937866,2.1534476280212402,2.3327982425689697,2.3873918056488037,2.0257277488708496,1.9502222537994385,1.6480058431625366,1.6483690738677979,1.4755467176437378,1.6066954135894775,1.5445013046264648,1.5532941818237305,1.6057195663452148,1.7871179580688477,1.9221136569976807,2.1783759593963623,2.445523738861084,2.627793550491333,2.632404327392578,2.2824268341064453,2.2889904975891113,2.025484323501587,2.092067241668701,1.9602385759353638,2.1345207691192627,2.093515157699585,2.090705156326294,2.1185104846954346,2.238264322280884,2.3218038082122803,2.553389310836792,2.760206460952759,2.9789865016937256
A9,1.8164172172546387,1.4770481586456299,1.2846122980117798,0.9267604947090149,0.8803938031196594,0.5935742259025574,0.6735922694206238,0.37102964520454407,0.0,0.38593772053718567,0.6030096411705017,0.9293965697288513,1.1197160482406616,1.4988243579864502,1.542938470840454,1.8293070793151855,1.4470199346542358,1.3100416660308838,0.9444517493247986,0.9349210262298584,0.6912857890129089,0.8561168313026428,0.6824550032615662,0.543428361415863,0.674767255783081,0.8416863083839417,1.0888911485671997,1.3050354719161987,1.664406657218933,1.7735028266906738,1.9306881427764893,1.5577963590621948,1.4846054315567017,1.1686445474624634,1.2058746814727783,1.0450929403305054,1.2347989082336426,1.1321253776550293,1.039812684059143,1.1153106689453125,1.2390443086624146,1.415054202079773,1.6207751035690308,1.9301848411560059,2.0743002891540527,2.1230556964874268,1.7735724449157715,1.7578221559524536,1.4915307760238647,1.5726419687271118,1.4616904258728027,1.6706968545913696,1.6039775609970093,1.5368679761886597,1.5902053117752075,1.69596266746521,1.8296923637390137,2.0287439823150635,2.2772741317749023,2.4218575954437256,2.3859024047851562,2.0531342029571533,2.1088945865631104,1.8851934671401978,2.007798671722412,1.933738350868225,2.1634128093719482,2.1348354816436768,2.079599618911743,2.1271674633026123,2.1910626888275146,2.2927534580230713,2.474815845489502,2.676708459854126,2.857051134109497
A10,2.097170352935791,1.7539432048797607,1.616875171661377,1.2629300355911255,1.259799599647522,0.9675390124320984,0.9969053268432617,0.6175214648246765,0.38593772053718567,0.0,0.39098548889160156,0.6009859442710876,0.876654326915741,1.2258858680725098,1.3468286991119385,2.044530153274536,1.6740838289260864,1.5953787565231323,1.2444618940353394,1.2826119661331177,1.0310930013656616,1.141580581665039,0.8568963408470154,0.6457637548446655,0.5280896425247192,0.6453124284744263,0.7763720750808716,1.03427255153656,1.364015817642212,1.5320889949798584,2.079399347305298,1.7156634330749512,1.696359634399414,1.3834102153778076,1.4683387279510498,1.2820441722869873,1.448177695274353,1.2455739974975586,1.081679344177246,1.0193673372268677,1.0842456817626953,1.163472056388855,1.3711936473846436,1.6388723850250244,1.8220405578613281,2.200855255126953,1.8560450077056885,1.8921678066253662,1.6229650974273682,1.7530090808868408,1.6204487085342407,1.8286561965942383,1.6819324493408203,1.5506117343902588,1.5128220319747925,1.5634005069732666,1.6225764751434326,1.807626485824585,2.0100152492523193,2.178065061569214,2.4027411937713623,2.0717685222625732,2.1777901649475098,1.952060341835022,2.124396800994873,2.040046453475952,2.287874937057495,2.20001482963562,2.0897319316864014,2.0790836811065674,2.091785192489624,2.143232583999634,2.299102544784546,2.455589532852173,2.640489101409912
A11,1.9488370418548584,1.6199257373809814,1.5671584606170654,1.2517386674880981,1.3615496158599854,1.148126482963562,1.2764405012130737,0.9385271668434143,0.6030096411705017,0.39098548889160156,0.0,0.3895246982574463,0.526566743850708,0.8974743485450745,0.9675872921943665,1.8233566284179688,1.4776784181594849,1.4833362102508545,1.183678388595581,1.333969235420227,1.1709471940994263,1.3679417371749878,1.1008554697036743,0.7879009246826172,0.6726900339126587,0.5423687100410461,0.662419319152832,0.777620792388916,1.1000397205352783,1.2104135751724243,1.8236236572265625,1.4851164817810059,1.54635751247406,1.2891682386398315,1.472419023513794,1.3645589351654053,1.6034833192825317,1.4105247259140015,1.1641515493392944,1.1091352701187134,1.0405210256576538,1.1132405996322632,1.2098321914672852,1.4535695314407349,1.5743964910507202,1.933617353439331,1.6164652109146118,1.7237621545791626,1.511711597442627,1.718814730644226,1.656644344329834,1.925313949584961,1.791440725326538,1.5996754169464111,1.5772805213928223,1.5411596298217773,1.6059366464614868,1.707368016242981,1.8853940963745117,1.993918776512146,2.1462433338165283,1.8453598022460938,2.006263017654419,1.835740089416504,2.0605649948120117,2.0410401821136475,2.333501100540161,2.267671823501587,2.1132454872131348,2.1325836181640625,2.0889029502868652,2.168135404586792,2.263232946395874,2.417762517929077,2.5491831302642822
A12,2.2816944122314453,1.951393961906433,1.9307509660720825,1.6136891841888428,1.7249102592468262,1.487912654876709,1.5838123559951782,1.2164239883422852,0.9293965697288513,0.6009859442710876,0.3895246982574463,0.0,0.3748685419559479,0.6518281698226929,0.8636454939842224,2.134075164794922,1.8100340366363525,1.8536075353622437,1.568398118019104,1.7217069864273071,1.5404943227767944,1.6986570358276367,1.3913384675979614,1.0934988260269165,0.8555001616477966,0.6815307140350342,0.5553581118583679,0.6579550504684448,0.872193455696106,1.0697697401046753,2.1003477573394775,1.7880674600601196,1.887819766998291,1.6442070007324219,1.8379865884780884,1.710506796836853,1.9200397729873657,1.6761384010314941,1.4108960628509521,1.2541495561599731,1.1301652193069458,1.0660951137542725,1.128676176071167,1.2762125730514526,1.438187837600708,2.1573548316955566,1.863703966140747,2.012298345565796,1.8096699714660645,2.03822922706604,1.9590283632278442,2.213160991668701,2.027147054672241,1.8003973960876465,1.699285626411438,1.6092782020568848,1.5823485851287842,1.6499007940292358,1.7493826150894165,1.8769789934158325,2.313750743865967,2.0313706398010254,2.235241413116455,2.0724220275878906,2.3282642364501953,2.299363613128662,2.5952627658843994,2.4840056896209717,2.2913167476654053,2.2563247680664062,2.165004014968872,2.1874959468841553,2.247429609298706,2.3411004543304443,2.4706764221191406
A13,2.131368398666382,1.826074242591858,1.8790016174316406,1.6093486547470093,1.7981895208358765,1.6259890794754028,1.7907358407974243,1.4579815864562988,1.1197160482406616,0.876654326915741,0.526566743850708,0.3748685419559479,0.0,0.3915392756462097,0.5071019530296326,1.9332524538040161,1.6488457918167114,1.767361044883728,1.543735384941101,1.7715448141098022,1.6629477739334106,1.8828842639923096,1.6086540222167969,1.271330714225769,1.0952836275100708,0.8211047053337097,0.7403375506401062,0.6275027990341187,0.7810038328170776,0.8626027703285217,1.8832714557647705,1.6132656335830688,1.784301519393921,1.607140064239502,1.8659695386886597,1.8086397647857666,2.070492744445801,1.858559012413025,1.5597176551818848,1.4476752281188965,1.2505329847335815,1.2136332988739014,1.158950924873352,1.272328495979309,1.336909294128418,1.9445531368255615,1.6944379806518555,1.904117465019226,1.7675046920776367,2.0461983680725098,2.032747507095337,2.3295633792877197,2.1754448413848877,1.9226878881454468,1.8596786260604858,1.7173174619674683,1.7169568538665771,1.7067664861679077,1.7875670194625854,1.8387199640274048,2.124722719192505,1.8854683637619019,2.1320106983184814,2.0304369926452637,2.317180633544922,2.3490562438964844,2.673551559448242,2.5970096588134766,2.384366750717163,2.3902337551116943,2.2660629749298096,2.3259363174438477,2.337067127227783,2.438769817352295,2.5121243000030518
A14,2.4182255268096924,2.1379294395446777,2.227689027786255,1.9799734354019165,2.1838417053222656,2.0164928436279297,2.1714999675750732,1.826108455657959,1.4988243579864502,1.2258858680725098,0.8974743485450745,0.6518281698226929,0.3915392756462097,0.0,0.3722439110279083,2.1623342037200928,1.920820951461792,2.0776591300964355,1.884161114692688,2.1287596225738525,2.02659010887146,2.2356722354888916,1.9396882057189941,1.593849778175354,1.3721776008605957,1.0561362504959106,0.8677962422370911,0.6340160965919495,0.5615874528884888,0.6380626559257507,2.0478789806365967,1.824838399887085,2.0367894172668457,1.8911408185958862,2.1727147102355957,2.121647596359253,2.377366065979004,2.1377527713775635,1.8120777606964111,1.6517869234085083,1.3895982503890991,1.270825982093811,1.1186528205871582,1.107527494430542,1.1369987726211548,2.034871816635132,1.8304702043533325,2.086292266845703,1.9816961288452148,2.2898471355438232,2.2860469818115234,2.5845537185668945,2.401926279067993,2.111398458480835,2.0075266361236572,1.7987793684005737,1.7413402795791626,1.6543458700180054,1.6518220901489258,1.6671922206878662,2.147813320159912,1.9504340887069702,2.2434237003326416,2.174117088317871,2.4943718910217285,2.542288303375244,2.878007173538208,2.7782185077667236,2.5248982906341553,2.5065860748291016,2.3266677856445312,2.3603503704071045,2.3115427494049072,2.365288496017456,2.3991189002990723
A15,2.1671652793884277,1.9233468770980835,2.0586509704589844,1.8627411127090454,2.114116668701172,2.005678176879883,2.2065038681030273,1.8977807760238647,1.542938470840454,1.3468286991119385,0.9675872921943665,0.8636454939842224,0.5071019530296326,0.3722439110279083,0.0,1.8630595207214355,1.6620172262191772,1.8654686212539673,1.7298409938812256,2.02075457572937,1.9811186790466309,2.235119104385376,1.9785212278366089,1.6143343448638916,1.466850757598877,1.1184476613998413,1.0428431034088135,0.7401082515716553,0.7329550981521606,0.6009121537208557,1.7294760942459106,1.5458934307098389,1.8036710023880005,1.7183037996292114,2.039738416671753,2.0502021312713623,2.345233201980591,2.148710250854492,1.8128782510757446,1.7200262546539307,1.4374492168426514,1.400496482849121,1.201263666152954,1.2362041473388672,1.1583360433578491,1.7282825708389282,1.5616178512573242,1.8538817167282104,1.8080350160598755,2.1429648399353027,2.197596788406372,2.527040958404541,2.3894946575164795,2.0974767208099365,2.0541481971740723,1.8357186317443848,1.8435622453689575,1.7246160507202148,1.760268211364746,1.706055760383606,1.8812897205352783,1.7191144227981567,2.0288116931915283,2.011903762817383,2.3405864238739014,2.440991163253784,2.7927043437957764,2.738788604736328,2.4889121055603027,2.525587320327759,2.3457632064819336,2.4351816177368164,2.3710732460021973,2.4661216735839844,2.4602572917938232
B1,0.601737916469574,0.7443402409553528,0.9808587431907654,1.2044525146484375,1.521287441253662,1.7576960325241089,2.075000762939453,2.0834598541259766,1.8293070793151855,2.044530153274536,1.8233566284179688,2.134075164794922,1.9332524538040161,2.1623342037200928,1.8630595207214355,0.0,0.38362568616867065,0.6748083233833313,1.0018041133880615,1.3226455450057983,1.6288279294967651,1.989589810371399,2.0633955001831055,1.8541496992111206,2.102820634841919,1.952980399131775,2.252695322036743,2.1202735900878906,2.3850605487823486,2.1711134910583496,0.5731135606765747,0.6218201518058777,0.7977953553199768,1.084617257118225,1.3491103649139404,1.6664601564407349,2.029237985610962,2.163100004196167,2.0068864822387695,2.2696938514709473,2.180845022201538,2.4657628536224365,2.398172378540039,2.673551321029663,2.5301294326782227,1.134299635887146,1.0986515283584595,1.1797375679016113,1.3681210279464722,1.5514976978302002,1.8410335779190063,2.1818935871124268,2.3558452129364014,2.259495735168457,2.5218544006347656,2.4907312393188477,2.7676773071289062,2.7551095485687256,3.01263427734375,2.9110844135284424,1.6806719303131104,1.6007715463638306,1.647382378578186,1.7606910467147827,1.8733330965042114,2.1229889392852783,2.405416250228882,2.6238865852355957,2.5677969455718994,2.8438501358032227,2.844904661178589,3.1312432289123535,3.1738851070404053,3.459735870361328,3.448702812194824
B2,0.6262518763542175,0.5606608390808105,0.7183452248573303,0.8627963662147522,1.182554841041565,1.3899866342544556,1.7068411111831665,1.7018916606903076,1.4470199346542358,1.6740838289260864,1.4776784181594849,1.8100340366363525,1.6488457918167114,1.920820951461792,1.6620172262191772,0.38362568616867065,0.0,0.39144808053970337,0.6460021138191223,0.9953188896179199,1.2757877111434937,1.6461776494979858,1.7059986591339111,1.497272253036499,1.7522374391555786,1.6303356885910034,1.9416587352752686,1.8527415990829468,2.149186372756958,1.982248306274414,0.7171664237976074,0.5322444438934326,0.6493707299232483,0.8200955986976624,1.0891410112380981,1.3674309253692627,1.736609697341919,1.8511155843734741,1.6987881660461426,1.9555485248565674,1.8945868015289307,2.179226875305176,2.1528520584106445,2.4472129344940186,2.3507492542266846,1.209347128868103,1.0520318746566772,1.108123540878296,1.192684531211853,1.3724538087844849,1.6091945171356201,1.950547456741333,2.0973684787750244,2.0051071643829346,2.249663829803467,2.2425191402435303,2.5085582733154297,2.5329861640930176,2.798846483230591,2.740213394165039,1.7182393074035645,1.557432770729065,1.6066303253173828,1.641038179397583,1.7614350318908691,1.9561870098114014,2.2419865131378174,2.425394058227539,2.371000289916992,2.618126153945923,2.6336286067962646,2.8971762657165527,2.9676880836486816,3.2466602325439453,3.271636486053467
B3,0.7416874170303345,0.6544082760810852,0.570621907711029,0.7139272093772888,0.9345235228538513,1.1665582656860352,1.4450384378433228,1.4965336322784424,1.3100416660308838,1.5953787565231323,1.4833362102508545,1.8536075353622437,1.767361044883728,2.0776591300964355,1.8654686212539673,0.6748083233833313,0.39144808053970337,0.0,0.37850072979927063,0.6499103307723999,0.9750303626060486,1.328844428062439,1.4504520893096924,1.3096436262130737,1.6254663467407227,1.5833280086517334,1.9353657960891724,1.9154984951019287,2.2561047077178955,2.1322216987609863,0.925247311592102,0.6648676991462708,0.5306883454322815,0.6076450943946838,0.7675631642341614,1.0604705810546875,1.41164231300354,1.5813212394714355,1.4941636323928833,1.7998038530349731,1.8113683462142944,2.132305145263672,2.1687073707580566,2.504232406616211,2.4495155811309814,1.3486379384994507,1.1239818334579468,1.0478737354278564,1.0479735136032104,1.1303272247314453,1.3411211967468262,1.6518210172653198,1.8370263576507568,1.8039202690124512,2.080455780029297,2.137360095977783,2.4294939041137695,2.5089967250823975,2.812673568725586,2.79262375831604,1.8127758502960205,1.5975476503372192,1.5662134885787964,1.531365990638733,1.58295738697052,1.7318003177642822,1.9809850454330444,2.180604934692383,2.176811695098877,2.432772636413574,2.5016252994537354,2.770315170288086,2.887417793273926,3.187572956085205,3.2476694583892822
B4,1.0347135066986084,0.8204959034919739,0.6284006237983704,0.5508390069007874,0.7018805742263794,0.8477448225021362,1.1045327186584473,1.123284935951233,0.9444517493247986,1.2444618940353394,1.183678388595581,1.568398118019104,1.543735384941101,1.884161114692688,1.7298409938812256,1.0018041133880615,0.6460021138191223,0.37850072979927063,0.0,0.3802037537097931,0.6302083134651184,1.0012691020965576,1.0906455516815186,0.9525128602981567,1.2789487838745117,1.2845909595489502,1.6436206102371216,1.6817195415496826,2.046652317047119,1.9791353940963745,1.1685734987258911,0.8256521821022034,0.6678973436355591,0.5024186968803406,0.6185029745101929,0.8018941879272461,1.154520869255066,1.2823957204818726,1.2001774311065674,1.490996241569519,1.541341781616211,1.8546651601791382,1.9404411315917969,2.2885727882385254,2.286055326461792,1.4975987672805786,1.1993658542633057,1.1166077852249146,0.9890754222869873,1.0599578619003296,1.1725250482559204,1.4724949598312378,1.6062489748001099,1.573954701423645,1.8178691864013672,1.9014050960540771,2.173403024673462,2.2929089069366455,2.5990638732910156,2.62483811378479,1.8952221870422363,1.6208648681640625,1.6019574403762817,1.4858649969100952,1.5512639284133911,1.6254645586013794,1.8741017580032349,2.0174148082733154,2.0084376335144043,2.2206780910491943,2.300720453262329,2.537065029144287,2.681044340133667,2.9676549434661865,3.06408429145813
B5,1.2714580297470093,1.0731158256530762,0.7591947913169861,0.6518487334251404,0.5701812505722046,0.703794538974762,0.867243230342865,0.9819421172142029,0.9349210262298584,1.2826119661331177,1.333969235420227,1.7217069864273071,1.7715448141098022,2.1287596225738525,2.02075457572937,1.3226455450057983,0.9953188896179199,0.6499103307723999,0.3802037537097931,0.0,0.36718881130218506,0.6952916979789734,0.8976262211799622,0.8960306644439697,1.2731231451034546,1.38524329662323,1.755237102508545,1.8652139902114868,2.251051187515259,2.2274391651153564,1.4823275804519653,1.1456079483032227,0.8905869722366333,0.6500925421714783,0.5176799297332764,0.6103063821792603,0.8935456275939941,1.0959012508392334,1.1253275871276855,1.451526403427124,1.5940204858779907,1.9223854541778564,2.0741147994995117,2.4453489780426025,2.4857141971588135,1.7712113857269287,1.4541183710098267,1.2864161729812622,1.0855598449707031,1.0277140140533447,1.0561137199401855,1.281315803527832,1.4481817483901978,1.4990732669830322,1.7596744298934937,1.9189543724060059,2.201287031173706,2.3791468143463135,2.7103567123413086,2.776899814605713,2.123643636703491,1.8214424848556519,1.739502191543579,1.560543417930603,1.5507214069366455,1.550784945487976,1.7389004230499268,1.8840523958206177,1.9368644952774048,2.141476631164551,2.281541109085083,2.509028434753418,2.703237295150757,3.001194953918457,3.1358656883239746
B6,1.5967447757720947,1.3498187065124512,1.04160475730896,0.8147913813591003,0.6384925246238708,0.5637412667274475,0.5947913527488708,0.6587356328964233,0.6912857890129089,1.0310930013656616,1.1709471940994263,1.5404943227767944,1.6629477739334106,2.02659010887146,1.9811186790466309,1.6288279294967651,1.2757877111434937,0.9750303626060486,0.6302083134651184,0.36718881130218506,0.0,0.3809151351451874,0.5466635823249817,0.617780864238739,0.9955592751502991,1.1891120672225952,1.543643593788147,1.720319390296936,2.114046812057495,2.1484529972076416,1.7350878715515137,1.3700346946716309,1.1372675895690918,0.8102208375930786,0.6536610722541809,0.5151498913764954,0.720116913318634,0.844196617603302,0.9068447351455688,1.1966544389724731,1.3970603942871094,1.702910304069519,1.9101349115371704,2.2834389209747314,2.3768789768218994,1.9536529779434204,1.6029428243637085,1.446480631828308,1.168497085571289,1.104933738708496,1.0109816789627075,1.1900277137756348,1.2764780521392822,1.333709478378296,1.5419474840164185,1.7347286939620972,1.9859216213226318,2.2069597244262695,2.5345165729522705,2.6478209495544434,2.2420504093170166,1.9055447578430176,1.838867425918579,1.6002320051193237,1.6047497987747192,1.5271323919296265,1.7023720741271973,1.7739871740341187,1.8197298049926758,1.9659682512283325,2.117628812789917,2.303021192550659,2.524885416030884,2.803752899169922,2.975153923034668
B7,1.9556822776794434,1.7186610698699951,1.388411521911621,1.162441372871399,0.9078032970428467,0.7593654990196228,0.5680119395256042,0.662558376789093,0.8561168313026428,1.141580581665039,1.3679417371749878,1.6986570358276367,1.8828842639923096,2.2356722354888916,2.235119104385376,1.989589810371399,1.6461776494979858,1.328844428062439,1.0012691020965576,0.6952916979789734,0.3809151351451874,0.0,0.3935227692127228,0.6809051036834717,1.0173351764678955,1.3021007776260376,1.6308683156967163,1.867578148841858,2.2613513469696045,2.3382842540740967,2.05810809135437,1.694487452507019,1.4303772449493408,1.0848004817962646,0.8426551222801208,0.5654062628746033,0.5371249318122864,0.6637927889823914,0.8673964738845825,1.1376910209655762,1.4256103038787842,1.7190146446228027,1.9856886863708496,2.3653266429901123,2.5019187927246094,2.2206294536590576,1.8589037656784058,1.6631362438201904,1.3398643732070923,1.2013548612594604,0.9981051683425903,1.0574465990066528,1.1156367063522339,1.2509539127349854,1.436848759651184,1.7006272077560425,1.940656065940857,2.2167136669158936,2.5563671588897705,2.7125396728515625,2.448115110397339,2.092196464538574,1.9903937578201294,1.7001421451568604,1.6578787565231323,1.4944043159484863,1.6033244132995605,1.6319283246994019,1.723766803741455,1.8309084177017212,2.0342588424682617,2.1910767555236816,2.4598612785339355,2.7368998527526855,2.9479808807373047
B8,2.1056439876556396,1.8385980129241943,1.5634554624557495,1.2870557308197021,1.1085196733474731,0.8750281929969788,0.6955706477165222,0.5387316346168518,0.6824550032615662,0.8568963408470154,1.1008554697036743,1.3913384675979614,1.6086540222167969,1.9396882057189941,1.9785212278366089,2.0633955001831055,1.7059986591339111,1.4504520893096924,1.0906455516815186,0.8976262211799622,0.5466635823249817,0.3935227692127228,0.0,0.3732587695121765,0.6423221826553345,0.9643716216087341,1.2671966552734375,1.5342707633972168,1.9210032224655151,2.0318710803985596,2.0641098022460938,1.6868115663528442,1.4801995754241943,1.1049046516418457,0.9622146487236023,0.6359491348266602,0.6392569541931152,0.5062332153320312,0.6059640645980835,0.7869289517402649,1.084647297859192,1.3467963933944702,1.6353113651275635,2.0056581497192383,2.171252727508545,2.1595747470855713,1.7836652994155884,1.6411772966384888,1.291687250137329,1.2328760623931885,0.9921106696128845,1.0869040489196777,1.0073528289794922,1.0508683919906616,1.1527655124664307,1.392977237701416,1.5931572914123535,1.8768178224563599,2.1996848583221436,2.377988338470459,2.3328957557678223,1.9633065462112427,1.913432240486145,1.6059741973876953,1.6335699558258057,1.4552226066589355,1.6103613376617432,1.556670904159546,1.5736408233642578,1.6205534934997559,1.7802259922027588,1.899423360824585,2.157310962677002,2.408026933670044,2.628601551055908
B9,1.968065619468689,1.6932222843170166,1.4862147569656372,1.2048723697662354,1.1401660442352295,0.9270951747894287,0.8880206942558289,0.6256083250045776,0.543428361415863,0.6457637548446655,0.7879009246826172,1.0934988260269165,1.271330714225769,1.593849778175354,1.6143343448638916,1.8541496992111206,1.497272253036499,1.3096436262130737,0.9525128602981567,0.8960306644439697,0.617780864238739,0.6809051036834717,0.3732587695121765,0.0,0.388804167509079,0.6212508082389832,0.9624981880187988,1.1875417232513428,1.5810582637786865,1.6699886322021484,1.8133548498153687,1.4345098733901978,1.2951250076293945,0.9271194338798523,0.9183335304260254,0.668739914894104,0.828896164894104,0.6392076015472412,0.4964843988418579,0.6382262706756592,0.8240404725074768,1.0951701402664185,1.3341090679168701,1.702974557876587,1.84233558177948,1.8867430686950684,1.5117131471633911,1.435146450996399,1.1055914163589478,1.1570441722869873,0.9834935665130615,1.1858950853347778,1.0767796039581299,0.9938641786575317,1.075475811958313,1.2180663347244263,1.4134703874588013,1.6418688297271729,1.9495471715927124,2.096785545349121,2.0602569580078125,1.6968491077423096,1.707261085510254,1.4312033653259277,1.5391494035720825,1.4242233037948608,1.6548312902450562,1.6000428199768066,1.5369607210159302,1.593475341796875,1.6768391132354736,1.8087106943130493,2.0106074810028076,2.252471685409546,2.436509609222412
B10,2.2554333209991455,1.9626456499099731,1.799228310585022,1.4937174320220947,1.4586368799209595,1.2004797458648682,1.1416356563568115,0.7868580222129822,0.674767255783081,0.5280896425247192,0.6726900339126587,0.8555001616477966,1.0952836275100708,1.3721776008605957,1.466850757598877,2.102820634841919,1.7522374391555786,1.6254663467407227,1.2789487838745117,1.2731231451034546,0.9955592751502991,1.0173351764678955,0.6423221826553345,0.388804167509079,0.0,0.385539710521698,0.6270567774772644,0.9266741275787354,1.2977038621902466,1.4544116258621216,2.0149974822998047,1.6486235857009888,1.5735539197921753,1.2262333631515503,1.2727807760238647,1.0238624811172485,1.1349453926086426,0.8390275835990906,0.6183322072029114,0.4912862479686737,0.6208122968673706,0.7809597849845886,1.0600272417068481,1.3998494148254395,1.594787359237671,2.022871494293213,1.6575348377227783,1.6428347826004028,1.3227287530899048,1.4285287857055664,1.2374622821807861,1.419765830039978,1.2097655534744263,1.0467658042907715,0.9848123788833618,1.0627732276916504,1.1620962619781494,1.3949495553970337,1.6609997749328613,1.8473542928695679,2.1298727989196777,1.7701919078826904,1.8387244939804077,1.5633591413497925,1.7268080711364746,1.5977076292037964,1.8391445875167847,1.7080565690994263,1.579207181930542,1.5514702796936035,1.5737340450286865,1.636783242225647,1.817191243171692,2.0080084800720215,2.2075278759002686
B11,2.184100389480591,1.9061555862426758,1.8177860975265503,1.5410586595535278,1.5998291969299316,1.3912122249603271,1.4225010871887207,1.0746701955795288,0.8416863083839417,0.6453124284744263,0.5423687100410461,0.6815307140350342,0.8211047053337097,1.0561362504959106,1.1184476613998413,1.952980399131775,1.6303356885910034,1.5833280086517334,1.2845909595489502,1.38524329662323,1.1891120672225952,1.3021007776260376,0.9643716216087341,0.6212508082389832,0.385539710521698,0.0,0.3865995407104492,0.5705411434173584,0.9617453813552856,1.0781795978546143,1.808596134185791,1.4680874347686768,1.475346565246582,1.18218994140625,1.33726966381073,1.1741735935211182,1.3634008169174194,1.0873316526412964,0.7686486840248108,0.6308960914611816,0.4981969892978668,0.6298271417617798,0.7814615964889526,1.1154695749282837,1.2609037160873413,1.7750186920166016,1.432712435722351,1.499180793762207,1.2345519065856934,1.4370808601379395,1.3245381116867065,1.573795199394226,1.3721963167190552,1.1242979764938354,1.0604366064071655,0.9988276362419128,1.0853177309036255,1.2123348712921143,1.4496439695358276,1.5802218914031982,1.8668791055679321,1.5303977727890015,1.669764757156372,1.449507474899292,1.6861177682876587,1.629021167755127,1.9235279560089111,1.8073798418045044,1.6147892475128174,1.609455943107605,1.5479387044906616,1.6318650245666504,1.7320051193237305,1.9112287759780884,2.0527114868164062
B12,2.4915192127227783,2.2000153064727783,2.140554428100586,1.846799612045288,1.9140918254852295,1.675261378288269,1.6915836334228516,1.310015082359314,1.0888911485671997,0.7763720750808716,0.662419319152832,0.5553581118583679,0.7403375506401062,0.8677962422370911,1.0428431034088135,2.252695322036743,1.9416587352752686,1.9353657960891724,1.6436206102371216,1.755237102508545,1.543643593788147,1.6308683156967163,1.2671966552734375,0.9624981880187988,0.6270567774772644,0.3865995407104492,0.0,0.38588419556617737,0.6921452283859253,0.9251192808151245,2.0935287475585938,1.7778366804122925,1.8297667503356934,1.5574511289596558,1.7235058546066284,1.550012230873108,1.7080929279327393,1.3945924043655396,1.0869693756103516,0.8331151604652405,0.6397132277488708,0.510825514793396,0.6338306665420532,0.8646965026855469,1.0859535932540894,2.021289110183716,1.7089407444000244,1.821879267692566,1.5793752670288086,1.797963261604309,1.6738637685775757,1.8988945484161377,1.6485157012939453,1.3755568265914917,1.2108447551727295,1.0799095630645752,1.0272183418273926,1.114553451538086,1.256299376487732,1.4242075681686401,2.0599730014801025,1.749998688697815,1.9357826709747314,1.7321420907974243,1.9953521490097046,1.9296265840530396,2.219059705734253,2.054610013961792,1.8243862390518188,1.7497799396514893,1.6305928230285645,1.6367710828781128,1.694411039352417,1.7971272468566895,1.942373514175415
B13,2.427057981491089,2.1638834476470947,2.169728994369507,1.9172751903533936,2.0531837940216064,1.8657615184783936,1.9447450637817383,1.5844485759735107,1.3050354719161987,1.03427255153656,0.777620792388916,0.6579550504684448,0.6275027990341187,0.6340160965919495,0.7401082515716553,2.1202735900878906,1.8527415990829468,1.9154984951019287,1.6817195415496826,1.8652139902114868,1.720319390296936,1.867578148841858,1.5342707633972168,1.1875417232513428,0.9266741275787354,0.5705411434173584,0.38588419556617737,0.0,0.3978405296802521,0.5453231334686279,1.910557508468628,1.6407976150512695,1.7652937173843384,1.559562087059021,1.7967387437820435,1.6939802169799805,1.9050815105438232,1.6222825050354004,1.2753322124481201,1.0754114389419556,0.7717069387435913,0.6630756258964539,0.5320671796798706,0.6974408030509949,0.8041375279426575,1.7992093563079834,1.5321943759918213,1.7184172868728638,1.5461114645004272,1.8286052942276,1.7751729488372803,2.0459957122802734,1.823723316192627,1.5122133493423462,1.3843358755111694,1.1650620698928833,1.1289684772491455,1.08074152469635,1.1770566701889038,1.245320439338684,1.823088526725769,1.5571914911270142,1.805729866027832,1.6706448793411255,1.9821215867996216,1.9849656820297241,2.3089566230773926,2.1743288040161133,1.9089248180389404,1.87391996383667,1.6976838111877441,1.7407938241958618,1.7195342779159546,1.8183461427688599,1.8866099119186401
