,A1,A2,A3,A4,A5,A6,A7,A8,A9,A10,A11,A12,A13,A14,A15,B1,B2,B3,B4,B5,B6,B7,B8,B9,B10,B11,B12,B13,B14,B15,C1,C2,C3,C4,C5,C6,C7,C8,C9,C10,C11,C12,C13,C14,C15,D1,D2,D3,D4,D5,D6,D7,D8,D9,D10,D11,D12,D13,D14,D15,E1,E2,E3,E4,E5,E6,E7,E8,E9,E10,E11,E12,E13,E14,E15
A1,0.0,0.3896261751651764,0.6716867685317993,0.9886063933372498,1.2977979183197021,1.6083855628967285,1.9707449674606323,2.103261709213257,1.895225167274475,2.1738216876983643,1.8838176727294922,2.1419248580932617,1.8309292793273926,1.8690309524536133,1.5478384494781494,0.6134212613105774,0.6101062893867493,0.7572639584541321,1.0539952516555786,1.3097094297409058,1.6366888284683228,2.0060882568359375,2.1970291137695312,2.0753726959228516,2.366760492324829,2.1774141788482666,2.4465725421905518,2.1634316444396973,2.2599916458129883,1.9680927991867065,1.130270004272461,1.0764213800430298,1.1328264474868774,1.3400013446807861,1.5184789896011353,1.8293732404708862,2.191967725753784,2.416870594024658,2.375903367996216,2.664170026779175,2.5551698207855225,2.819756031036377,2.578583002090454,2.6887335777282715,2.428844928741455,1.6630631685256958,1.5933536291122437,1.6007804870605469,1.7379950284957886,1.8366196155548096,2.109131097793579,2.452049970626831,2.685814619064331,2.705673933029175,2.9886631965637207,2.9368505477905273,3.195181369781494,2.993337631225586,3.1450226306915283,2.9125289916992188,2.330455780029297,2.173941135406494,2.128757953643799,2.1714839935302734,2.1758246421813965,2.3796908855438232,2.64194393157959,2.9835095405578613,3.117032766342163,3.0707337856292725,2.9077749252319336,3.222306251525879,3.140890121459961,3.0589406490325928,2.7809815406799316
A2,0.3896261751651764,0.0,0.3832492232322693,0.6384855508804321,0.9761393666267395,1.26308012008667,1.6391034126281738,1.7595444917678833,1.5411285161972046,1.824873447418213,1.5412023067474365,1.8096439838409424,1.5114562511444092,1.6093124151229858,1.3311498165130615,0.817398726940155,0.6127046942710876,0.6713727712631226,0.8456912040710449,1.0897542238235474,1.3758801221847534,1.748622179031372,1.9207326173782349,1.798033356666565,2.079735517501831,1.9091211557388306,2.173973798751831,1.9160971641540527,2.060819625854492,1.8157055377960205,1.2812726497650146,1.118581771850586,1.1374655961990356,1.240121603012085,1.3972907066345215,1.6551353931427002,2.0094287395477295,2.208160161972046,2.168546438217163,2.436469793319702,2.346278429031372,2.60111141204834,2.385540008544922,2.5340821743011475,2.3164384365081787,1.788831114768982,1.6454731225967407,1.6443778276443481,1.703530192375183,1.791465163230896,2.010228395462036,2.339715003967285,2.5421862602233887,2.566448211669922,2.8249971866607666,2.7928617000579834,3.0347132682800293,2.8531997203826904,3.033484697341919,2.8335845470428467,2.4423224925994873,2.2375707626342773,2.2024877071380615,2.186548948287964,2.197932720184326,2.3485260009765625,2.6052229404449463,2.919496774673462,3.0479021072387695,3.003481149673462,2.8319690227508545,3.1345064640045166,3.0592243671417236,2.9973020553588867,2.7264933586120605
A3,0.6716867685317993,0.3832492232322693,0.0,0.36816737055778503,0.6291822195053101,0.9573593735694885,1.3120269775390625,1.485756516456604,1.333428978919983,1.6631945371627808,1.4449976682662964,1.7643932104110718,1.525563359260559,1.6905224323272705,1.4625518321990967,1.0291428565979004,0.7449777126312256,0.5846445560455322,0.6507630944252014,0.784050464630127,1.0699297189712524,1.4221134185791016,1.6398788690567017,1.5809012651443481,1.8982974290847778,1.7934128046035767,2.0945351123809814,1.8906033039093018,2.097649574279785,1.8938857316970825,1.4174790382385254,1.1824328899383545,1.080288290977478,1.094822645187378,1.1595219373703003,1.385627031326294,1.7137221097946167,1.941964030265808,1.9574127197265625,2.247748851776123,2.2161943912506104,2.4994595050811768,2.3344078063964844,2.5353047847747803,2.3572263717651367,1.8765681982040405,1.6717268228530884,1.5946719646453857,1.5832321643829346,1.6029635667800903,1.7793583869934082,2.078979015350342,2.296060085296631,2.366844415664673,2.6385345458984375,2.6576900482177734,2.9183151721954346,2.782625675201416,3.0059454441070557,2.846325397491455,2.489018440246582,2.236799716949463,2.156613826751709,2.079143762588501,2.0466580390930176,2.1430301666259766,2.3657732009887695,2.6792800426483154,2.8373165130615234,2.8231656551361084,2.6819443702697754,3.000387668609619,2.9638428688049316,2.945241928100586,2.7107787132263184
A4,0.9886063933372498,0.6384855508804321,0.36816737055778503,0.0,0.37606707215309143,0.625262975692749,1.0025140047073364,1.1353161334991455,0.9684949517250061,1.3035731315612793,1.1088703870773315,1.4447165727615356,1.2475894689559937,1.467203140258789,1.3048123121261597,1.2424919605255127,0.8902771472930908,0.7002577781677246,0.5562533736228943,0.6422216892242432,0.8262897729873657,1.1771641969680786,1.348602056503296,1.2790309190750122,1.5797743797302246,1.4988254308700562,1.7943453788757324,1.6275873184204102,1.8804315328598022,1.733398199081421,1.5547596216201782,1.2579524517059326,1.1445063352584839,1.0451325178146362,1.0902700424194336,1.2296030521392822,1.5384495258331299,1.7157095670700073,1.7202465534210205,1.9797790050506592,1.964964747428894,2.2337911128997803,2.09902024269104,2.3339016437530518,2.20275616645813,1.9620202779769897,1.7058521509170532,1.6354374885559082,1.551024317741394,1.5729831457138062,1.6832160949707031,1.9628608226776123,2.129302978515625,2.1908938884735107,2.42767071723938,2.4602346420288086,2.6984989643096924,2.5836021900177,2.8294148445129395,2.704498052597046,2.5377109050750732,2.252141237258911,2.1929843425750732,2.0680437088012695,2.0576388835906982,2.1035730838775635,2.324875593185425,2.594411849975586,2.7312190532684326,2.710693120956421,2.556905746459961,2.8527719974517822,2.8185863494873047,2.817089319229126,2.594322681427002
A5,1.2977979183197021,0.9761393666267395,0.6291822195053101,0.37606707215309143,0.0,0.36867010593414307,0.689639687538147,0.9247981905937195,0.8878025412559509,1.2629401683807373,1.179183006286621,1.5400928258895874,1.4252430200576782,1.6961166858673096,1.5900077819824219,1.5518276691436768,1.199918270111084,0.9243382215499878,0.7036269903182983,0.564750611782074,0.6500905752182007,0.9243678450584412,1.1578818559646606,1.1944875717163086,1.5197972059249878,1.5333820581436157,1.848466157913208,1.754448652267456,2.057360887527466,1.9581516981124878,1.821786880493164,1.502098798751831,1.3090811967849731,1.1344982385635376,1.0562435388565063,1.1125273704528809,1.352890968322754,1.5563949346542358,1.6371253728866577,1.9078936576843262,1.968226432800293,2.2552595138549805,2.1835389137268066,2.464646339416504,2.3779585361480713,2.1835556030273438,1.893697738647461,1.7619131803512573,1.6133850812911987,1.5573499202728271,1.5999908447265625,1.822931170463562,1.9964112043380737,2.1150758266448975,2.3558509349823,2.4492151737213135,2.6988368034362793,2.6378703117370605,2.9224750995635986,2.8411223888397217,2.710465431213379,2.393321990966797,2.294525623321533,2.1141929626464844,2.057802200317383,2.036961317062378,2.2075753211975098,2.4657506942749023,2.6346852779388428,2.650179147720337,2.5340521335601807,2.8384182453155518,2.846708297729492,2.8905014991760254,2.7091503143310547
A6,1.6083855628967285,1.26308012008667,0.9573593735694885,0.625262975692749,0.36867010593414307,0.0,0.3885204792022705,0.5659879446029663,0.5726082921028137,0.9500609636306763,0.9511126279830933,1.3098801374435425,1.2770715951919556,1.5906095504760742,1.5646084547042847,1.802004337310791,1.4273746013641357,1.1693596839904785,0.864467203617096,0.6987613439559937,0.5766975283622742,0.7685621976852417,0.9144194722175598,0.9606176614761353,1.2477048635482788,1.3156849145889282,1.6110564470291138,1.5803000926971436,1.9242209196090698,1.8934913873672485,2.0157558917999268,1.668296217918396,1.4845788478851318,1.237330436706543,1.1469932794570923,1.0890891551971436,1.2714658975601196,1.3944964408874512,1.466247320175171,1.6866477727890015,1.7760565280914307,2.0383083820343018,2.0120463371276855,2.325340747833252,2.294198513031006,2.3268113136291504,2.0065598487854004,1.888381838798523,1.6839898824691772,1.6339647769927979,1.6024813652038574,1.7871851921081543,1.892578125,1.999066710472107,2.191154956817627,2.302001953125,2.520875930786133,2.4888298511505127,2.7934725284576416,2.752802610397339,2.8084158897399902,2.4703052043914795,2.394646644592285,2.1774849891662598,2.1457347869873047,2.076143980026245,2.2388904094696045,2.4403600692749023,2.581212043762207,2.5898256301879883,2.4641668796539307,2.7365000247955322,2.7489006519317627,2.811638116836548,2.6488051414489746
A7,1.9707449674606323,1.6391034126281738,1.3120269775390625,1.0025140047073364,0.689639687538147,0.3885204792022705,0.0,0.40365153551101685,0.6632776260375977,0.9832758903503418,1.1260242462158203,1.4601359367370605,1.517211675643921,1.8436979055404663,1.8660610914230347,2.140571117401123,1.7669111490249634,1.4773443937301636,1.1520575284957886,0.8980383276939392,0.6487232446670532,0.6165341138839722,0.7584564685821533,0.940405011177063,1.2032582759857178,1.3819305896759033,1.669072151184082,1.722760796546936,2.096034526824951,2.116349697113037,2.3090009689331055,1.9496817588806152,1.7263638973236084,1.4324839115142822,1.2640095949172974,1.1000070571899414,1.1614530086517334,1.2595243453979492,1.4030450582504272,1.60214364528656,1.7727770805358887,2.034135580062866,2.0814764499664307,2.4309957027435303,2.451242685317993,2.568077564239502,2.2246901988983154,2.070589780807495,1.8136489391326904,1.7096014022827148,1.5960962772369385,1.700858235359192,1.7768701314926147,1.927945852279663,2.098623275756836,2.26971435546875,2.4838016033172607,2.5121757984161377,2.848928213119507,2.8584811687469482,2.9892821311950684,2.6284425258636475,2.5311214923858643,2.266582489013672,2.208822250366211,2.069760799407959,2.1799421310424805,2.3395159244537354,2.4926323890686035,2.530378580093384,2.4390735626220703,2.700450897216797,2.7526423931121826,2.8600337505340576,2.743584632873535
A8,2.103261709213257,1.7595444917678833,1.485756516456604,1.1353161334991455,0.9247981905937195,0.5659879446029663,0.40365153551101685,0.0,0.38660353422164917,0.6147127747535706,0.842729926109314,1.1421892642974854,1.2727012634277344,1.5934827327728271,1.6786741018295288,2.195493698120117,1.8126112222671509,1.570529580116272,1.2120321989059448,1.0359997749328613,0.7281405925750732,0.6996122598648071,0.6012391448020935,0.6780251264572144,0.8521330952644348,1.0523271560668945,1.3028804063796997,1.4034042358398438,1.7920641899108887,1.8693453073501587,2.3101773262023926,1.9410418272018433,1.7635091543197632,1.442107915878296,1.3357349634170532,1.1273831129074097,1.1872600317001343,1.1519755125045776,1.205430269241333,1.3243147134780884,1.4766874313354492,1.695745825767517,1.7626866102218628,2.122119665145874,2.184299945831299,2.5251052379608154,2.1715281009674072,2.0646684169769287,1.7892858982086182,1.7434991598129272,1.6037386655807495,1.7134592533111572,1.700911521911621,1.7827792167663574,1.8884197473526,2.032076835632324,2.2008626461029053,2.2280960083007812,2.562849283218384,2.5949008464813232,2.9116554260253906,2.549525260925293,2.5014874935150146,2.2342562675476074,2.235649585723877,2.0954537391662598,2.2390358448028564,2.343109607696533,2.432910442352295,2.431520700454712,2.3001463413238525,2.515289068222046,2.541710615158081,2.6409101486206055,2.523165225982666
A9,1.895225167274475,1.5411285161972046,1.333428978919983,0.9684949517250061,0.8878025412559509,0.5726082921028137,0.6632776260375977,0.38660353422164917,0.0,0.37912777066230774,0.46990659832954407,0.8026300668716431,0.8901532292366028,1.216018795967102,1.3060853481292725,1.9680266380310059,1.586437702178955,1.4112162590026855,1.0662329196929932,1.0136075019836426,0.7869966626167297,0.9228540062904358,0.796630859375,0.6672194004058838,0.8039494156837463,0.8593882322311401,1.0909326076507568,1.1186414957046509,1.4942647218704224,1.5577892065048218,2.0958609580993652,1.7368663549423218,1.626919150352478,1.339608907699585,1.334181547164917,1.2010313272476196,1.3602951765060425,1.3099876642227173,1.256351113319397,1.3554693460464478,1.4021517038345337,1.5922935009002686,1.5850164890289307,1.9108415842056274,1.9436588287353516,2.3362812995910645,2.002075672149658,1.956520915031433,1.7239617109298706,1.7540932893753052,1.6772364377975464,1.856607437133789,1.8405932188034058,1.8531980514526367,1.9497624635696411,2.0174684524536133,2.165393829345703,2.1273694038391113,2.4257302284240723,2.4172558784484863,2.762749433517456,2.4235761165618896,2.421427011489868,2.1990017890930176,2.2497341632843018,2.171139717102051,2.3706154823303223,2.491408109664917,2.5472652912139893,2.503993272781372,2.3239803314208984,2.526881217956543,2.501047134399414,2.550213575363159,2.38360595703125
A10,2.1738216876983643,1.824873447418213,1.6631945371627808,1.3035731315612793,1.2629401683807373,0.9500609636306763,0.9832758903503418,0.6147127747535706,0.37912777066230774,0.0,0.38655778765678406,0.561202347278595,0.7973961234092712,1.1018487215042114,1.2914397716522217,2.1905553340911865,1.8206629753112793,1.692472219467163,1.3532254695892334,1.3410513401031494,1.0969523191452026,1.1829895973205566,0.9365577697753906,0.7244380712509155,0.6590076684951782,0.7053579688072205,0.8206259608268738,0.9289793968200684,1.3140056133270264,1.4655979871749878,2.2697675228118896,1.9188168048858643,1.8526170253753662,1.5607736110687256,1.59194815158844,1.4275267124176025,1.553937315940857,1.4042712450027466,1.2750881910324097,1.2606074810028076,1.2739843130111694,1.3807698488235474,1.4005151987075806,1.7278337478637695,1.8199204206466675,2.4613566398620605,2.1297686100006104,2.1274311542510986,1.8868434429168701,1.9562629461288452,1.8531923294067383,2.014889717102051,1.9235526323318481,1.8769475221633911,1.8958866596221924,1.9332597255706787,2.0163261890411377,1.9801639318466187,2.2678475379943848,2.289823293685913,2.8410401344299316,2.508906126022339,2.551500082015991,2.329986810684204,2.4253153800964355,2.3392019271850586,2.5495364665985107,2.6171047687530518,2.620051383972168,2.5467395782470703,2.3379995822906494,2.484304428100586,2.4340429306030273,2.4751384258270264,2.3130314350128174
A11,1.8838176727294922,1.5412023067474365,1.4449976682662964,1.1088703870773315,1.179183006286621,0.9511126279830933,1.1260242462158203,0.842729926109314,0.46990659832954407,0.38655778765678406,0.0,0.37283825874328613,0.4421517848968506,0.7641013264656067,0.9233543276786804,1.8947608470916748,1.5383095741271973,1.4740124940872192,1.1778755187988281,1.2665950059890747,1.1188052892684937,1.319838285446167,1.1379591226577759,0.8596352338790894,0.8624226450920105,0.7261848449707031,0.8473740220069885,0.7883803844451904,1.1296262741088867,1.2150808572769165,2.002910614013672,1.6729114055633545,1.6656187772750854,1.4292182922363281,1.5378148555755615,1.4614101648330688,1.6728112697601318,1.5717898607254028,1.40311598777771,1.4328646659851074,1.3541762828826904,1.4657877683639526,1.3791240453720093,1.6487317085266113,1.6699365377426147,2.237286329269409,1.9354082345962524,1.9792149066925049,1.7959343194961548,1.9168198108673096,1.8869881629943848,2.1115450859069824,2.0603930950164795,1.9858042001724243,2.0385582447052,2.0159404277801514,2.1107065677642822,2.0035643577575684,2.2476730346679688,2.2059926986694336,2.6733717918395996,2.369396448135376,2.437272310256958,2.2665228843688965,2.3852531909942627,2.3623507022857666,2.612431049346924,2.72163462638855,2.722217559814453,2.627443313598633,2.3923749923706055,2.5536677837371826,2.464535713195801,2.4559237957000732,2.2417898178100586
A12,2.1419248580932617,1.8096439838409424,1.7643932104110718,1.4447165727615356,1.5400928258895874,1.3098801374435425,1.4601359367370605,1.1421892642974854,0.8026300668716431,0.561202347278595,0.37283825874328613,0.0,0.37264707684516907,0.6346180438995361,0.9271308779716492,2.12455677986145,1.7944225072860718,1.7843215465545654,1.5128918886184692,1.630178689956665,1.4806643724441528,1.6591169834136963,1.4280511140823364,1.1235136985778809,1.0046672821044922,0.8253434896469116,0.7712140083312988,0.731909990310669,1.0193836688995361,1.1866953372955322,2.2096309661865234,1.905493140220642,1.9492696523666382,1.7313075065612793,1.8708243370056152,1.7880043983459473,1.9844492673873901,1.831228256225586,1.61445951461792,1.561446189880371,1.4329719543457031,1.447104811668396,1.3513438701629639,1.57969069480896,1.6393582820892334,2.416520118713379,2.1364355087280273,2.22834849357605,2.058779001235962,2.2142350673675537,2.179550886154175,2.3977673053741455,2.301698684692383,2.1806957721710205,2.174332857131958,2.110285520553589,2.1401047706604004,2.0134944915771484,2.2211506366729736,2.188260555267334,2.8251218795776367,2.5433998107910156,2.6559808254241943,2.5029473304748535,2.658339023590088,2.642611503601074,2.9039864540100098,2.9818384647369385,2.942898988723755,2.821348190307617,2.560053586959839,2.671705484390259,2.5498085021972656,2.5168046951293945,2.292602062225342
A13,1.8309292793273926,1.5114562511444092,1.525563359260559,1.2475894689559937,1.4252430200576782,1.2770715951919556,1.517211675643921,1.2727012634277344,0.8901532292366028,0.7973961234092712,0.4421517848968506,0.37264707684516907,0.0,0.399370938539505,0.6167541146278381,1.8277554512023926,1.517163872718811,1.5612645149230957,1.3450297117233276,1.5307693481445312,1.4642878770828247,1.71780526638031,1.5556461811065674,1.2443656921386719,1.21979820728302,0.9754654765129089,0.9936593770980835,0.8071949481964111,1.0193381309509277,1.0692099332809448,1.9578620195388794,1.6795055866241455,1.765939474105835,1.6068415641784668,1.793108582496643,1.7850629091262817,2.0409560203552246,1.9482938051223755,1.735137939453125,1.748315691947937,1.5846507549285889,1.6405491828918457,1.4678833484649658,1.645620584487915,1.6180402040481567,2.2195661067962646,1.9713361263275146,2.0884668827056885,1.973313331604004,2.1531848907470703,2.180680513381958,2.4439334869384766,2.39955472946167,2.2821271419525146,2.3260533809661865,2.236605405807495,2.301258087158203,2.1281142234802246,2.3063650131225586,2.211850881576538,2.6904196739196777,2.433865547180176,2.550544500350952,2.440380096435547,2.596832275390625,2.6310558319091797,2.9143450260162354,3.0385003089904785,3.016681671142578,2.891968011856079,2.6250298023223877,2.7678208351135254,2.629401445388794,2.5638139247894287,2.300873041152954
A14,1.8690309524536133,1.6093124151229858,1.6905224323272705,1.467203140258789,1.6961166858673096,1.5906095504760742,1.8436979055404663,1.5934827327728271,1.216018795967102,1.1018487215042114,0.7641013264656067,0.6346180438995361,0.399370938539505,0.0,0.3732225000858307,1.7567013502120972,1.5007760524749756,1.6210649013519287,1.4591379165649414,1.706421971321106,1.677855134010315,1.9504215717315674,1.7710994482040405,1.4151290655136108,1.3629182577133179,1.0337069034576416,0.994603157043457,0.7019727826118469,0.7538807392120361,0.7650822997093201,1.8199868202209473,1.5880982875823975,1.7485705614089966,1.638340950012207,1.8875319957733154,1.9141056537628174,2.19218373298645,2.0807323455810547,1.811121940612793,1.8050249814987183,1.561178207397461,1.5778603553771973,1.3279058933258057,1.4161380529403687,1.3445945978164673,2.0373175144195557,1.8301417827606201,2.0131733417510986,1.9434528350830078,2.1814522743225098,2.242668390274048,2.529961347579956,2.470979928970337,2.298534393310547,2.327317476272583,2.1708288192749023,2.2111949920654297,1.9802874326705933,2.0980312824249268,1.961078405380249,2.4843482971191406,2.267637252807617,2.4359230995178223,2.3729496002197266,2.576665163040161,2.65415358543396,2.9685587882995605,3.0841407775878906,3.0233142375946045,2.863598108291626,2.566182851791382,2.6819725036621094,2.4995276927948,2.385542154312134,2.0900681018829346
A15,1.5478384494781494,1.3311498165130615,1.4625518321990967,1.3048123121261597,1.5900077819824219,1.5646084547042847,1.8660610914230347,1.6786741018295288,1.3060853481292725,1.2914397716522217,0.9233543276786804,0.9271308779716492,0.6167541146278381,0.3732225000858307,0.0,1.3997786045074463,1.1735490560531616,1.348486304283142,1.2559465169906616,1.5587372779846191,1.6071195602416992,1.927461862564087,1.8097151517868042,1.4663710594177246,1.5000461339950562,1.1580085754394531,1.2136529684066772,0.867078959941864,0.8720694780349731,0.7037620544433594,1.4802603721618652,1.2762210369110107,1.4774305820465088,1.4324792623519897,1.7209064960479736,1.8165587186813354,2.137312650680542,2.083275318145752,1.8289237022399902,1.8924980163574219,1.6411951780319214,1.7203054428100586,1.4291718006134033,1.4883772134780884,1.323486089706421,1.7419090270996094,1.5649302005767822,1.7648015022277832,1.7503629922866821,2.0058045387268066,2.124598503112793,2.4459965229034424,2.4379751682281494,2.2770955562591553,2.3613433837890625,2.1962125301361084,2.285851240158081,2.0298638343811035,2.1338160037994385,1.943958044052124,2.2449820041656494,2.0490670204162598,2.2103629112243652,2.1872715950012207,2.385953426361084,2.5091333389282227,2.8381574153900146,2.994985580444336,2.95365047454834,2.797394275665283,2.5060651302337646,2.659318208694458,2.475640058517456,2.3434038162231445,2.0248351097106934
B1,0.6134212613105774,0.817398726940155,1.0291428565979004,1.2424919605255127,1.5518276691436768,1.802004337310791,2.140571117401123,2.195493698120117,1.9680266380310059,2.1905553340911865,1.8947608470916748,2.12455677986145,1.8277554512023926,1.7567013502120972,1.3997786045074463,0.0,0.38405871391296387,0.6942931413650513,1.0207594633102417,1.3451331853866577,1.656848669052124,2.0232958793640137,2.1512179374694824,1.9720513820648193,2.235501527786255,1.9962300062179565,2.254715919494629,1.9407494068145752,1.9614475965499878,1.6197667121887207,0.5260051488876343,0.5794821977615356,0.7823463678359985,1.0870414972305298,1.366308569908142,1.7005919218063354,2.078092098236084,2.2579381465911865,2.152212142944336,2.4291939735412598,2.263275623321533,2.520033836364746,2.2402195930480957,2.2913620471954346,1.987457275390625,1.065100908279419,1.051003098487854,1.1387999057769775,1.3589739799499512,1.5484451055526733,1.86406409740448,2.234813690185547,2.4391379356384277,2.3935582637786865,2.6692137718200684,2.5592539310455322,2.8145720958709717,2.5766382217407227,2.683389663696289,2.417860984802246,1.7403714656829834,1.6203621625900269,1.6231013536453247,1.732433795928955,1.8064640760421753,2.0732648372650146,2.384679079055786,2.701009750366211,2.777623176574707,2.689439058303833,2.499042510986328,2.7941884994506836,2.6812796592712402,2.563002109527588,2.2717626094818115
B2,0.6101062893867493,0.6127046942710876,0.7449777126312256,0.8902771472930908,1.199918270111084,1.4273746013641357,1.7669111490249634,1.8126112222671509,1.586437702178955,1.8206629753112793,1.5383095741271973,1.7944225072860718,1.517163872718811,1.5007760524749756,1.1735490560531616,0.38405871391296387,0.0,0.3808046877384186,0.6582159399986267,1.0039944648742676,1.2988829612731934,1.6749104261398315,1.7943276166915894,1.617349624633789,1.8898544311523438,1.6712243556976318,1.9474576711654663,1.6574475765228271,1.7399060726165771,1.4385573863983154,0.6964178681373596,0.5092421174049377,0.6204095482826233,0.8227781653404236,1.096254587173462,1.400857925415039,1.7825692892074585,1.9503700733184814,1.852448582649231,2.127606153488159,1.9871615171432495,2.2529218196868896,2.001948595046997,2.10709547996521,1.8471075296401978,1.1810935735702515,1.0396037101745605,1.0830777883529663,1.2019269466400146,1.3718522787094116,1.6416617631912231,2.0069289207458496,2.1925528049468994,2.1607213020324707,2.426079511642456,2.345482349395752,2.5985238552093506,2.387981653213501,2.538428783416748,2.3123223781585693,1.8313490152359009,1.6352818012237549,1.6279603242874146,1.6537798643112183,1.7208515405654907,1.9277822971343994,2.2329916954040527,2.5312230587005615,2.6129696369171143,2.5338239669799805,2.3408496379852295,2.6367299556732178,2.5401389598846436,2.453512191772461,2.175746202468872
B3,0.7572639584541321,0.6713727712631226,0.5846445560455322,0.7002577781677246,0.9243382215499878,1.1693596839904785,1.4773443937301636,1.570529580116272,1.4112162590026855,1.692472219467163,1.4740124940872192,1.7843215465545654,1.5612645149230957,1.6210649013519287,1.348486304283142,0.6942931413650513,0.3808046877384186,0.0,0.3688320219516754,0.653400182723999,0.9813979864120483,1.3456063270568848,1.5184555053710938,1.4086755514144897,1.7305185794830322,1.5827608108520508,1.9054070711135864,1.6735104322433472,1.8288637399673462,1.5772656202316284,0.9131485223770142,0.6361640095710754,0.4979992210865021,0.5949176549911499,0.7757244110107422,1.0866467952728271,1.459683895111084,1.6734660863876343,1.639029860496521,1.952649712562561,1.8791807889938354,2.1846652030944824,1.990285873413086,2.157400131225586,1.9431990385055542,1.3174389600753784,1.0960692167282104,1.014346718788147,1.0430500507354736,1.1244781017303467,1.367124080657959,1.7140079736709595,1.9302723407745361,1.955162525177002,2.2475650310516357,2.2272446155548096,2.5094587802886963,2.351412057876587,2.5532822608947754,2.373081922531128,1.9095567464828491,1.6545906066894531,1.5780739784240723,1.5264549255371094,1.5309686660766602,1.6837830543518066,1.957170009613037,2.267592430114746,2.389244794845581,2.3469510078430176,2.1914103031158447,2.514946222305298,2.4660122394561768,2.431448459625244,2.1976981163024902
B4,1.0539952516555786,0.8456912040710449,0.6507630944252014,0.5562533736228943,0.7036269903182983,0.864467203617096,1.1520575284957886,1.2120321989059448,1.0662329196929932,1.3532254695892334,1.1778755187988281,1.5128918886184692,1.3450297117233276,1.4591379165649414,1.2559465169906616,1.0207594633102417,0.6582159399986267,0.3688320219516754,0.0,0.37380698323249817,0.6407583355903625,1.0190162658691406,1.1628998517990112,1.0541019439697266,1.3861732482910156,1.276160478591919,1.6159149408340454,1.431456446647644,1.650012493133545,1.4635207653045654,1.1628504991531372,0.817393958568573,0.6349165439605713,0.4897403419017792,0.6102892756462097,0.8267064690589905,1.1948416233062744,1.373282790184021,1.3423105478286743,1.645687460899353,1.6054316759109497,1.914870023727417,1.7629092931747437,1.9827433824539185,1.8261137008666992,1.4847501516342163,1.1918649673461914,1.0932281017303467,0.9962326884269714,1.0517621040344238,1.2037047147750854,1.5283302068710327,1.7011613845825195,1.7320916652679443,2.000169277191162,2.0099263191223145,2.2810375690460205,2.1566317081451416,2.397287130355835,2.2635746002197266,2.0146870613098145,1.7110209465026855,1.643487572669983,1.514455795288086,1.5266865491867065,1.60183584690094,1.86366605758667,2.1311089992523193,2.2423975467681885,2.2034099102020264,2.043175220489502,2.3526690006256104,2.318631887435913,2.315849781036377,2.1043643951416016
B5,1.3097094297409058,1.0897542238235474,0.784050464630127,0.6422216892242432,0.564750611782074,0.6987613439559937,0.8980383276939392,1.0359997749328613,1.0136075019836426,1.3410513401031494,1.2665950059890747,1.630178689956665,1.5307693481445312,1.706421971321106,1.5587372779846191,1.3451331853866577,1.0039944648742676,0.653400182723999,0.37380698323249817,0.0,0.36203107237815857,0.7057033777236938,0.9471112489700317,0.9669555425643921,1.3421045541763306,1.3391050100326538,1.7024520635604858,1.5957952737808228,1.8679194450378418,1.7348357439041138,1.4705644845962524,1.1277176141738892,0.8545868992805481,0.6182393431663513,0.4920509457588196,0.6133130788803101,0.930929958820343,1.1719245910644531,1.2437825202941895,1.5769593715667725,1.627716302871704,1.9628627300262451,1.8823765516281128,2.1524994373321533,2.045278310775757,1.7425862550735474,1.4245885610580444,1.2428491115570068,1.0633748769760132,0.9935315251350403,1.0614787340164185,1.3275402784347534,1.5281414985656738,1.6369715929031372,1.9226129055023193,2.007205009460449,2.2976901531219482,2.236043691635132,2.520179033279419,2.4349615573883057,2.209491729736328,1.874659538269043,1.7514115571975708,1.553696632385254,1.4964072704315186,1.4880026578903198,1.6902140378952026,1.9574075937271118,2.1150245666503906,2.12264084815979,2.01198148727417,2.338730812072754,2.3578579425811768,2.4092140197753906,2.2483057975769043
B6,1.6366888284683228,1.3758801221847534,1.0699297189712524,0.8262897729873657,0.6500905752182007,0.5766975283622742,0.6487232446670532,0.7281405925750732,0.7869966626167297,1.0969523191452026,1.1188052892684937,1.4806643724441528,1.4642878770828247,1.677855134010315,1.6071195602416992,1.656848669052124,1.2988829612731934,0.9813979864120483,0.6407583355903625,0.36203107237815857,0.0,0.38694027066230774,0.5959351062774658,0.6781616806983948,1.0580484867095947,1.1385602951049805,1.5013560056686401,1.4714137315750122,1.792603850364685,1.7335090637207031,1.7365355491638184,1.3733046054840088,1.1161259412765503,0.7981233596801758,0.6269212961196899,0.512477457523346,0.7397620677947998,0.9116545915603638,1.0093798637390137,1.3162001371383667,1.4252351522445679,1.753515362739563,1.7356876134872437,2.051596164703369,2.0092997550964355,1.9489303827285767,1.5995755195617676,1.4249110221862793,1.1683809757232666,1.0818735361099243,1.0259172916412354,1.2266042232513428,1.3553012609481812,1.4735325574874878,1.7178956270217896,1.8427703380584717,2.112842559814453,2.096776008605957,2.414327383041382,2.3813135623931885,2.352801561355591,1.992223858833313,1.8850088119506836,1.6335099935531616,1.59065842628479,1.5031675100326538,1.6786242723464966,1.8796257972717285,2.0179672241210938,2.029803514480591,1.9207980632781982,2.2201061248779297,2.257812976837158,2.3431992530822754,2.2140069007873535
B7,2.0060882568359375,1.748622179031372,1.4221134185791016,1.1771641969680786,0.9243678450584412,0.7685621976852417,0.6165341138839722,0.6996122598648071,0.9228540062904358,1.1829895973205566,1.319838285446167,1.6591169834136963,1.71780526638031,1.9504215717315674,1.927461862564087,2.0232958793640137,1.6749104261398315,1.3456063270568848,1.0190162658691406,0.7057033777236938,0.38694027066230774,0.0,0.4049878716468811,0.7028771638870239,1.0471487045288086,1.247690200805664,1.5944015979766846,1.650491714477539,1.995405912399292,1.989443302154541,2.0655405521392822,1.7045025825500488,1.421095371246338,1.0816150903701782,0.8280094861984253,0.5544806122779846,0.5449358820915222,0.706951379776001,0.9312058091163635,1.2238017320632935,1.4354093074798584,1.7640247344970703,1.8290364742279053,2.1791398525238037,2.1922476291656494,2.2202486991882324,1.857325553894043,1.6470741033554077,1.3391315937042236,1.1807233095169067,1.0057268142700195,1.0845818519592285,1.1807647943496704,1.368751049041748,1.5958174467086792,1.7990368604660034,2.068519353866577,2.1245028972625732,2.4760594367980957,2.4994029998779297,2.547781229019165,2.1685681343078613,2.0357258319854736,1.7313904762268066,1.6530368328094482,1.473177194595337,1.5762505531311035,1.7248036861419678,1.882479190826416,1.9338616132736206,1.8726165294647217,2.161477565765381,2.2504405975341797,2.389796733856201,2.3181614875793457
B8,2.1970291137695312,1.9207326173782349,1.6398788690567017,1.348602056503296,1.1578818559646606,0.9144194722175598,0.7584564685821533,0.6012391448020935,0.796630859375,0.9365577697753906,1.1379591226577759,1.4280511140823364,1.5556461811065674,1.7710994482040405,1.8097151517868042,2.1512179374694824,1.7943276166915894,1.5184555053710938,1.1628998517990112,0.9471112489700317,0.5959351062774658,0.4049878716468811,0.0,0.39172229170799255,0.6692074537277222,0.9338281750679016,1.2530267238616943,1.3728241920471191,1.7321295738220215,1.791265845298767,2.1406595706939697,1.7711671590805054,1.5424824953079224,1.177150845527649,1.0119260549545288,0.6934648752212524,0.656832754611969,0.5507422089576721,0.6659912467002869,0.8727853298187256,1.1034162044525146,1.4025535583496094,1.5105984210968018,1.8830492496490479,1.9519959688186646,2.243570566177368,1.8688275814056396,1.7134982347488403,1.381712794303894,1.2978307008743286,1.080700159072876,1.1469824314117432,1.1003047227859497,1.2009860277175903,1.3416526317596436,1.5320862531661987,1.7552531957626343,1.8268007040023804,2.189020872116089,2.249154806137085,2.523695707321167,2.140720844268799,2.0649898052215576,1.7532390356063843,1.7475121021270752,1.55940842628479,1.6940693855285645,1.758579134941101,1.8341001272201538,1.8402701616287231,1.7335288524627686,1.9648560285568237,2.032655715942383,2.17423415184021,2.1113147735595703
B9,2.0753726959228516,1.798033356666565,1.5809012651443481,1.2790309190750122,1.1944875717163086,0.9606176614761353,0.940405011177063,0.6780251264572144,0.6672194004058838,0.7244380712509155,0.8596352338790894,1.1235136985778809,1.2443656921386719,1.4151290655136108,1.4663710594177246,1.9720513820648193,1.617349624633789,1.4086755514144897,1.0541019439697266,0.9669555425643921,0.6781616806983948,0.7028771638870239,0.39172229170799255,0.0,0.3861691653728485,0.5518927574157715,0.8956604599952698,0.9833096265792847,1.3410836458206177,1.4099537134170532,1.9359501600265503,1.5687739849090576,1.4119391441345215,1.0592529773712158,1.0222711563110352,0.7820271849632263,0.8844810128211975,0.7140451073646545,0.5897523164749146,0.7348489761352539,0.8352975845336914,1.1185259819030762,1.168028712272644,1.532148003578186,1.5947508811950684,2.030940055847168,1.6625776290893555,1.580743670463562,1.2762796878814697,1.300313949584961,1.14778470993042,1.300081491470337,1.214195966720581,1.1900105476379395,1.2895923852920532,1.379238486289978,1.569213628768921,1.5738707780838013,1.911528468132019,1.9452390670776367,2.326463460922241,1.9586846828460693,1.947191596031189,1.6758273839950562,1.7478749752044678,1.6277886629104614,1.8351305723190308,1.896689772605896,1.9079840183258057,1.8503978252410889,1.6708742380142212,1.8709585666656494,1.8728233575820923,1.963045358657837,1.8524378538131714
B10,2.366760492324829,2.079735517501831,1.8982974290847778,1.5797743797302246,1.5197972059249878,1.2477048635482788,1.2032582759857178,0.8521330952644348,0.8039494156837463,0.6590076684951782,0.8624226450920105,1.0046672821044922,1.21979820728302,1.3629182577133179,1.5000461339950562,2.235501527786255,1.8898544311523438,1.7305185794830322,1.3861732482910156,1.3421045541763306,1.0580484867095947,1.0471487045288086,0.6692074537277222,0.3861691653728485,0.0,0.38721588253974915,0.6081255078315735,0.8279404640197754,1.1926132440567017,1.3633819818496704,2.1684999465942383,1.8155314922332764,1.712026834487915,1.375739336013794,1.3819727897644043,1.1385891437530518,1.19035804271698,0.9111151695251465,0.6889479160308838,0.6022944450378418,0.6691687703132629,0.8446688055992126,0.9632790684700012,1.3487557172775269,1.4952763319015503,2.2206525802612305,1.8634353876113892,1.8338629007339478,1.5360108613967896,1.6024198532104492,1.4295399188995361,1.5461688041687012,1.3659756183624268,1.2643356323242188,1.2413265705108643,1.2949039936065674,1.393820881843567,1.4134396314620972,1.7493054866790771,1.8308511972427368,2.463866710662842,2.1094887256622314,2.14978289604187,1.8864519596099854,2.0057637691497803,1.8786962032318115,2.0869381427764893,2.082326889038086,2.0300633907318115,1.9381141662597656,1.7267966270446777,1.8470351696014404,1.8208998441696167,1.906436800956726,1.8077445030212402
B11,2.1774141788482666,1.9091211557388306,1.7934128046035767,1.4988254308700562,1.5333820581436157,1.3156849145889282,1.3819305896759033,1.0523271560668945,0.8593882322311401,0.7053579688072205,0.7261848449707031,0.8253434896469116,0.9754654765129089,1.0337069034576416,1.1580085754394531,1.9962300062179565,1.6712243556976318,1.5827608108520508,1.276160478591919,1.3391050100326538,1.1385602951049805,1.247690200805664,0.9338281750679016,0.5518927574157715,0.38721588253974915,0.0,0.376539409160614,0.456775426864624,0.8213642239570618,0.9789716005325317,1.9131124019622803,1.5800702571868896,1.5504826307296753,1.261702060699463,1.3710672855377197,1.2187029123306274,1.3709734678268433,1.1385797262191772,0.8382280468940735,0.780992865562439,0.6305299401283264,0.7712303996086121,0.7271632552146912,1.0729763507843018,1.1719169616699219,1.969718098640442,1.6362683773040771,1.677154541015625,1.4343849420547485,1.584656834602356,1.4926202297210693,1.6855804920196533,1.5344514846801758,1.3678101301193237,1.3600198030471802,1.3011103868484497,1.3853784799575806,1.296624779701233,1.5780080556869507,1.5945158004760742,2.244818687438965,1.918502688407898,2.011362314224243,1.8052932024002075,1.9770357608795166,1.9251264333724976,2.1884398460388184,2.215477705001831,2.138139486312866,2.003997564315796,1.742350697517395,1.8565113544464111,1.7630577087402344,1.77785062789917,1.6109172105789185
B12,2.4465725421905518,2.173973798751831,2.0945351123809814,1.7943453788757324,1.848466157913208,1.6110564470291138,1.669072151184082,1.3028804063796997,1.0909326076507568,0.8206259608268738,0.8473740220069885,0.7712140083312988,0.9936593770980835,0.994603157043457,1.2136529684066772,2.254715919494629,1.9474576711654663,1.9054070711135864,1.6159149408340454,1.7024520635604858,1.5013560056686401,1.5944015979766846,1.2530267238616943,0.8956604599952698,0.6081255078315735,0.376539409160614,0.0,0.37962105870246887,0.6882791519165039,0.9780600666999817,2.160315990447998,1.8539940118789673,1.8737865686416626,1.6106148958206177,1.7427297830581665,1.5907613039016724,1.7205810546875,1.4471083879470825,1.125551462173462,0.9475333094596863,0.7400467395782471,0.6780428886413574,0.6434258222579956,0.9506858587265015,1.1333122253417969,2.1926817893981934,1.8873273134231567,1.9766623973846436,1.7556912899017334,1.9321163892745972,1.836195468902588,2.0109541416168213,1.813529372215271,1.6028352975845337,1.5098742246627808,1.4009392261505127,1.3813389539718628,1.275301218032837,1.5122718811035156,1.55654776096344,2.431558847427368,2.1339666843414307,2.2736124992370605,2.0893757343292236,2.2934539318084717,2.2460219860076904,2.5108025074005127,2.5003843307495117,2.3804309368133545,2.2198963165283203,1.935438632965088,1.9785252809524536,1.847325086593628,1.8359601497650146,1.6662535667419434
B13,2.1634316444396973,1.9160971641540527,1.8906033039093018,1.6275873184204102,1.754448652267456,1.5803000926971436,1.722760796546936,1.4034042358398438,1.1186414957046509,0.9289793968200684,0.7883803844451904,0.731909990310669,0.8071949481964111,0.7019727826118469,0.867078959941864,1.9407494068145752,1.6574475765228271,1.6735104322433472,1.431456446647644,1.5957952737808228,1.4714137315750122,1.650491714477539,1.3728241920471191,0.9833096265792847,0.8279404640197754,0.456775426864624,0.37962105870246887,0.0,0.3960426449775696,0.6203380227088928,1.8499034643173218,1.5666038990020752,1.6446497440338135,1.436402440071106,1.6385836601257324,1.5673036575317383,1.7739262580871582,1.5651761293411255,1.234732747077942,1.1534838676452637,0.8770758509635925,0.8794530034065247,0.6617412567138672,0.8691468238830566,0.9261276125907898,1.9105876684188843,1.633020281791687,1.771329402923584,1.6091772317886353,1.835736870765686,1.8138887882232666,2.0505435466766357,1.9092645645141602,1.6900118589401245,1.6606638431549072,1.5003300905227661,1.5222079753875732,1.3286876678466797,1.5095970630645752,1.4583401679992676,2.207298994064331,1.9365503787994385,2.1013927459716797,1.9703859090805054,2.1950225830078125,2.211913824081421,2.5131452083587646,2.552891492843628,2.443356513977051,2.269172430038452,1.9654089212417603,2.0414061546325684,1.8742543458938599,1.805640459060669,1.5686321258544922
