,A1,A2,A3,A4,A5,A6,A7,A8,A9,A10,A11,A12,A13,A14,A15,B1,B2,B3,B4,B5,B6,B7,B8,B9,B10,B11,B12,B13,B14,B15,C1,C2,C3,C4,C5,C6,C7,C8,C9,C10,C11,C12,C13,C14,C15,D1,D2,D3,D4,D5,D6,D7,D8,D9,D10,D11,D12,D13,D14,D15,E1,E2,E3,E4,E5,E6,E7,E8,E9,E10,E11,E12,E13,E14,E15
A1,0.0,0.38028502464294434,0.5664923787117004,0.8893774151802063,1.1141059398651123,1.4174652099609375,1.7116705179214478,1.9277212619781494,2.1459877490997314,2.378180742263794,2.3730993270874023,2.7200334072113037,2.830228805541992,2.79368257522583,2.5752508640289307,1.8078503608703613,1.792824387550354,1.9207370281219482,2.2186334133148193,2.38885760307312,2.586841344833374,2.8573853969573975,3.0793685913085938,3.0345253944396973,3.332381248474121,3.165883779525757,3.3801207542419434,3.4803688526153564,3.5164096355438232,3.2603259086608887,2.7638587951660156,2.6339025497436523,2.895935297012329,2.8858067989349365,3.1641204357147217,3.252103090286255,3.5535788536071777,3.821093797683716,3.720235586166382,4.032718658447266,3.870746612548828,4.1131086349487305,4.157355785369873,4.225501537322998,3.9451184272766113,3.4662375450134277,3.3123302459716797,3.574129343032837,3.5421907901763916,3.8226046562194824,3.8910040855407715,4.2193193435668945,4.429190158843994,4.398089408874512,4.746701240539551,4.630528450012207,4.9788641929626465,5.054171085357666,4.9864821434021,4.742701053619385,4.021507740020752,3.871428966522217,4.0722761154174805,4.057784080505371,4.338754653930664,4.3919291496276855,4.778667449951172,4.855863094329834,5.007251262664795,5.339263439178467,5.401350021362305,5.759606838226318,5.958039283752441,6.111362934112549,6.310613632202148
A2,0.38028502464294434,0.0,0.38887661695480347,0.5727726817131042,0.8765062093734741,1.1168891191482544,1.4513494968414307,1.6609368324279785,1.8375388383865356,2.087333917617798,2.0650064945220947,2.4253828525543213,2.5214037895202637,2.5142085552215576,2.302154541015625,1.5246511697769165,1.4654699563980103,1.5725301504135132,1.8537193536758423,2.0214619636535645,2.209099054336548,2.481576919555664,2.6998095512390137,2.6558022499084473,2.9566876888275146,2.7978005409240723,3.0200905799865723,3.1317946910858154,3.1745645999908447,2.9328982830047607,2.506107807159424,2.342334508895874,2.5927772521972656,2.5546469688415527,2.8310039043426514,2.9001059532165527,3.197690963745117,3.456723213195801,3.3490819931030273,3.6583471298217773,3.4992544651031494,3.7399611473083496,3.791794538497925,3.870457172393799,3.599547863006592,3.2095625400543213,3.0312979221343994,3.2902164459228516,3.2350213527679443,3.5170435905456543,3.5659656524658203,3.894413948059082,4.08917236328125,4.047953128814697,4.391177177429199,4.271472930908203,4.61746072769165,4.698642253875732,4.635649681091309,4.394763469696045,3.7850539684295654,3.613729953765869,3.8213441371917725,3.784681797027588,4.073506832122803,4.107771396636963,4.495089530944824,4.565269470214844,4.699557304382324,5.033111095428467,5.079047679901123,5.440033912658691,5.634077548980713,5.777463436126709,5.969527244567871
A3,0.5664923787117004,0.38887661695480347,0.0,0.38571617007255554,0.5501675009727478,0.8663557171821594,1.1458351612091064,1.370058298110962,1.5967942476272583,1.8366018533706665,1.8706867694854736,2.2098076343536377,2.355309247970581,2.349790096282959,2.181166648864746,1.6884400844573975,1.62821364402771,1.7366806268692017,1.9612277746200562,2.1328392028808594,2.258404016494751,2.519740343093872,2.694392442703247,2.6173319816589355,2.9019389152526855,2.740774393081665,2.9220046997070312,3.0361204147338867,3.1106693744659424,2.880256175994873,2.714077949523926,2.5394845008850098,2.7955188751220703,2.7274270057678223,3.0107243061065674,3.044107675552368,3.331698417663574,3.560608386993408,3.417285203933716,3.701803207397461,3.524827718734741,3.7343547344207764,3.7737672328948975,3.864623785018921,3.5856339931488037,3.394721746444702,3.2179195880889893,3.4935922622680664,3.426844596862793,3.7219741344451904,3.7502901554107666,4.082438945770264,4.248918056488037,4.176550388336182,4.505015850067139,4.360201835632324,4.693853378295898,4.769494533538818,4.691684246063232,4.431825160980225,3.981114625930786,3.814692497253418,4.047909259796143,4.005908966064453,4.311854362487793,4.337626934051514,4.725200176239014,4.797692775726318,4.906681537628174,5.245509147644043,5.2675628662109375,5.6324615478515625,5.812808513641357,5.937257766723633,6.118544101715088
A4,0.8893774151802063,0.5727726817131042,0.38571617007255554,0.0,0.3782391846179962,0.5448639392852783,0.8916451334953308,1.1024677753448486,1.2708849906921387,1.5360134840011597,1.5533148050308228,1.9079571962356567,2.0404300689697266,2.0742015838623047,1.9215420484542847,1.483498215675354,1.3724967241287231,1.4504598379135132,1.6309421062469482,1.7982944250106812,1.8945608139038086,2.155689239501953,2.3158555030822754,2.2327141761779785,2.5178709030151367,2.364974021911621,2.550344467163086,2.678743600845337,2.765380382537842,2.554905414581299,2.5082550048828125,2.299252510070801,2.5379445552825928,2.435084104537964,2.713383913040161,2.719724416732788,2.999113082885742,3.2118759155273438,3.0557971000671387,3.331956624984741,3.155740261077881,3.3588597774505615,3.4050543308258057,3.5090343952178955,3.240723133087158,3.174820899963379,2.9745543003082275,3.2456278800964355,3.153376817703247,3.4489078521728516,3.453653335571289,3.7838897705078125,3.92954421043396,3.842322587966919,4.161672592163086,4.01021146774292,4.338771343231201,4.419631004333496,4.345403671264648,4.087403297424316,3.776714324951172,3.5902931690216064,3.830951690673828,3.7657947540283203,4.07905912399292,4.084310054779053,4.46952486038208,4.53499174118042,4.622637748718262,4.962009906768799,4.964737892150879,5.331329345703125,5.504683017730713,5.6165266036987305,5.7890305519104
A5,1.1141059398651123,0.8765062093734741,0.5501675009727478,0.3782391846179962,0.0,0.38393932580947876,0.5999959111213684,0.8712236881256104,1.1013133525848389,1.3653353452682495,1.473440408706665,1.7916773557662964,1.988508939743042,2.036386251449585,1.9460009336471558,1.7878183126449585,1.6750643253326416,1.7379118204116821,1.8605347871780396,2.0095536708831787,2.042576789855957,2.2715959548950195,2.387302875518799,2.281071901321411,2.5480282306671143,2.4077720642089844,2.545006513595581,2.683833360671997,2.8106725215911865,2.623464345932007,2.813239336013794,2.596100091934204,2.828798294067383,2.698570728302002,2.970503807067871,2.940290689468384,3.19992733001709,3.3844101428985596,3.2020263671875,3.4503917694091797,3.2667009830474854,3.435060501098633,3.475450038909912,3.5976977348327637,3.329965829849243,3.454972743988037,3.2542824745178223,3.5311408042907715,3.425309658050537,3.7238080501556396,3.706012725830078,4.032441139221191,4.150249004364014,4.039861679077148,4.341259956359863,4.1724653244018555,4.486480712890625,4.567333221435547,4.484558582305908,4.213944911956787,4.060413837432861,3.876040458679199,4.13162088394165,4.05861234664917,4.380382061004639,4.37401008605957,4.756230354309082,4.817256450653076,4.883852481842041,5.222867488861084,5.2034993171691895,5.571065425872803,5.735188007354736,5.829216957092285,5.988040924072266
A6,1.4174652099609375,1.1168891191482544,0.8663557171821594,0.5448639392852783,0.38393932580947876,0.0,0.3864218294620514,0.6131276488304138,0.7534785866737366,1.0539668798446655,1.151626467704773,1.4812586307525635,1.6682578325271606,1.763615608215332,1.7024346590042114,1.6675010919570923,1.518309235572815,1.5507051944732666,1.6047462224960327,1.7477315664291382,1.7300035953521729,1.9544411897659302,2.0377755165100098,1.9128185510635376,2.171253204345703,2.0372073650360107,2.1689302921295166,2.3213987350463867,2.4650020599365234,2.302963972091675,2.6545839309692383,2.411461114883423,2.623933792114258,2.460336446762085,2.7245960235595703,2.6640501022338867,2.9115614891052246,3.070382595062256,2.8682401180267334,3.100705623626709,2.913058042526245,3.0681440830230713,3.1107780933380127,3.2457525730133057,2.9885380268096924,3.2650704383850098,3.0473926067352295,3.319063663482666,3.190938949584961,3.48903226852417,3.447868585586548,3.770568370819092,3.8634817600250244,3.7329771518707275,4.0212602615356445,3.841301918029785,4.146419525146484,4.228891372680664,4.1462931632995605,3.8753552436828613,3.8775906562805176,3.6786365509033203,3.9427084922790527,3.8498122692108154,4.178297996520996,4.15364933013916,4.530332565307617,4.5872483253479,4.629364013671875,4.9684977531433105,4.928397178649902,5.296157360076904,5.4492974281311035,5.52864408493042,5.678515434265137
A7,1.7116705179214478,1.4513494968414307,1.1458351612091064,0.8916451334953308,0.5999959111213684,0.3864218294620514,0.0,0.38630688190460205,0.5952169895172119,0.8718231916427612,1.0946056842803955,1.3534564971923828,1.613210916519165,1.7277538776397705,1.7458385229110718,1.9932876825332642,1.8530468940734863,1.8786972761154175,1.8803163766860962,2.006066083908081,1.924226999282837,2.110166072845459,2.135035514831543,1.9807978868484497,2.2032957077026367,2.0836639404296875,2.151839017868042,2.309929847717285,2.495903491973877,2.365166664123535,2.9602441787719727,2.715513229370117,2.92073917388916,2.736206293106079,2.9917962551116943,2.897944927215576,3.1226606369018555,3.245990514755249,3.0157811641693115,3.2120068073272705,3.015488624572754,3.127937078475952,3.159919261932373,3.311058759689331,3.057847261428833,3.536055088043213,3.322122573852539,3.5976879596710205,3.459512233734131,3.758847951889038,3.697101354598999,4.013617992401123,4.076324462890625,3.9198811054229736,4.185588836669922,3.986063003540039,4.271371841430664,4.350225925445557,4.256984233856201,3.9739065170288086,4.145644664764404,3.9514124393463135,4.230004787445068,4.131107330322266,4.467092990875244,4.432397365570068,4.803175449371338,4.857996463775635,4.876399993896484,5.214284896850586,5.150938510894775,5.517557621002197,5.65742301940918,5.716687202453613,5.852179050445557
A8,1.9277212619781494,1.6609368324279785,1.370058298110962,1.1024677753448486,0.8712236881256104,0.6131276488304138,0.38630688190460205,0.0,0.3763008117675781,0.5209231376647949,0.7568408846855164,0.9876143932342529,1.2649142742156982,1.363305926322937,1.415892481803894,1.9356132745742798,1.8357881307601929,1.8987467288970947,1.8609893321990967,2.028113842010498,1.909669041633606,2.1214723587036133,2.092360258102417,1.877710223197937,2.0477426052093506,1.8824249505996704,1.9104582071304321,2.028702974319458,2.209916353225708,2.072251319885254,2.8639421463012695,2.6385302543640137,2.8562300205230713,2.679107427597046,2.9513118267059326,2.8593554496765137,3.09135103225708,3.180710554122925,2.9143502712249756,3.0863330364227295,2.852581024169922,2.9430668354034424,2.9370906352996826,3.067182779312134,2.7958908081054688,3.3888583183288574,3.1971232891082764,3.4900429248809814,3.366811513900757,3.6818435192108154,3.6272222995758057,3.951164960861206,4.001142978668213,3.8130035400390625,4.069069862365723,3.8393876552581787,4.1116509437561035,4.163461208343506,4.04405403137207,3.7410826683044434,3.9869542121887207,3.812136650085449,4.114694118499756,4.028306007385254,4.379188060760498,4.356281757354736,4.722588539123535,4.799932956695557,4.798646926879883,5.1456146240234375,5.073450088500977,5.439550399780273,5.555319309234619,5.603732585906982,5.743351936340332
A9,2.1459877490997314,1.8375388383865356,1.5967942476272583,1.2708849906921387,1.1013133525848389,0.7534785866737366,0.5952169895172119,0.3763008117675781,0.0,0.37869635224342346,0.5944969058036804,0.8336023092269897,1.0793458223342896,1.2738912105560303,1.362650990486145,1.9026399850845337,1.757279396057129,1.7694168090820312,1.6624035835266113,1.7973530292510986,1.625817894935608,1.810860276222229,1.7469090223312378,1.522775650024414,1.686763048171997,1.5480751991271973,1.5749940872192383,1.7303286790847778,1.9404008388519287,1.8487941026687622,2.754746437072754,2.499691963195801,2.680769920349121,2.467301845550537,2.7153818607330322,2.5884366035461426,2.79695200920105,2.8631019592285156,2.5875065326690674,2.7434895038604736,2.5195624828338623,2.598158121109009,2.6090004444122314,2.7640602588653564,2.517219305038452,3.249527931213379,3.032541275024414,3.305453062057495,3.152475357055664,3.4547173976898193,3.3708901405334473,3.682497024536133,3.7071242332458496,3.5085031986236572,3.749497175216675,3.5193140506744385,3.7834672927856445,3.8472869396209717,3.7394402027130127,3.4463465213775635,3.8499133586883545,3.6519885063171387,3.949251651763916,3.8357620239257812,4.183219909667969,4.134934425354004,4.492198944091797,4.555393218994141,4.533802032470703,4.874345302581787,4.782775402069092,5.146573543548584,5.258328437805176,5.294225692749023,5.42177152633667
A10,2.378180742263794,2.087333917617798,1.8366018533706665,1.5360134840011597,1.3653353452682495,1.0539668798446655,0.8718231916427612,0.5209231376647949,0.37869635224342346,0.0,0.39131391048431396,0.4971874952316284,0.8115607500076294,0.9822351336479187,1.1453628540039062,2.0105082988739014,1.919659972190857,1.9755630493164062,1.8492467403411865,2.0204432010650635,1.8265999555587769,2.026153326034546,1.9092464447021484,1.6287965774536133,1.7160029411315918,1.5268445014953613,1.4821560382843018,1.5753978490829468,1.7831624746322632,1.6865293979644775,2.8163139820098877,2.5923101902008057,2.7885608673095703,2.5923290252685547,2.8547139167785645,2.7348861694335938,2.947108030319214,2.977138042449951,2.6670169830322266,2.7899081707000732,2.526254653930664,2.571171760559082,2.5325703620910645,2.6604244709014893,2.3921425342559814,3.253065347671509,3.06805157661438,3.359156370162964,3.2282345294952393,3.544579029083252,3.471881151199341,3.788331985473633,3.800327777862549,3.569810628890991,3.7969231605529785,3.534337282180786,3.779545783996582,3.811002731323242,3.671360731124878,3.3543312549591064,3.8335018157958984,3.663219928741455,3.9847912788391113,3.889911413192749,4.250540733337402,4.218220233917236,4.569065093994141,4.656347751617432,4.616260051727295,4.964299201965332,4.864856719970703,5.226009368896484,5.3118696212768555,5.335683345794678,5.466400146484375
A11,2.3730993270874023,2.0650064945220947,1.8706867694854736,1.5533148050308228,1.473440408706665,1.151626467704773,1.0946056842803955,0.7568408846855164,0.5944969058036804,0.39131391048431396,0.0,0.3817695379257202,0.5233553647994995,0.6876245141029358,0.7975594997406006,1.7209686040878296,1.6587482690811157,1.7436556816101074,1.6059584617614746,1.82114577293396,1.6418949365615845,1.8908458948135376,1.7766873836517334,1.4710280895233154,1.5411479473114014,1.284530758857727,1.2779401540756226,1.3213045597076416,1.4737389087677002,1.3318859338760376,2.4671592712402344,2.2594220638275146,2.464611768722534,2.2888364791870117,2.5682239532470703,2.475234270095825,2.7096238136291504,2.737861394882202,2.4207613468170166,2.5551607608795166,2.2654078006744385,2.334568500518799,2.272575616836548,2.3652806282043457,2.0735552310943604,2.876749038696289,2.7044928073883057,3.0046870708465576,2.891794443130493,3.2188525199890137,3.166796922683716,3.492936134338379,3.5177507400512695,3.281956434249878,3.5204343795776367,3.249589681625366,3.5027387142181396,3.5154120922088623,3.364109516143799,3.040841817855835,3.4507877826690674,3.289119005203247,3.6187708377838135,3.5356833934783936,3.9020962715148926,3.8849802017211914,4.23539400100708,4.341699600219727,4.303216934204102,4.658974647521973,4.570834159851074,4.932180881500244,5.009865760803223,5.04199743270874,5.188335418701172
A12,2.7200334072113037,2.4253828525543213,2.2098076343536377,1.9079571962356567,1.7916773557662964,1.4812586307525635,1.3534564971923828,0.9876143932342529,0.8336023092269897,0.4971874952316284,0.3817695379257202,0.0,0.37544718384742737,0.5705567598342896,0.8502491116523743,2.047839403152466,2.0049655437469482,2.0894646644592285,1.9202529191970825,2.1222848892211914,1.9023746252059937,2.1178197860717773,1.943234920501709,1.6062495708465576,1.594242811203003,1.3387424945831299,1.223490834236145,1.2199467420578003,1.4045902490615845,1.3103450536727905,2.720571994781494,2.528782844543457,2.722672939300537,2.5427587032318115,2.809678077697754,2.6973459720611572,2.9086556434631348,2.890718460083008,2.5444483757019043,2.627417802810669,2.3181135654449463,2.3301239013671875,2.230807065963745,2.318161964416504,2.029515266418457,3.0606329441070557,2.9076950550079346,3.2071375846862793,3.09674072265625,3.4213709831237793,3.358240842819214,3.6741857528686523,3.668220043182373,3.4004456996917725,3.608757972717285,3.31054949760437,3.532489061355591,3.5242531299591064,3.3501648902893066,3.010875940322876,3.6083669662475586,3.4633610248565674,3.8073437213897705,3.7265594005584717,4.097573280334473,4.078148365020752,4.414625644683838,4.528752326965332,4.462125301361084,4.815924644470215,4.706361770629883,5.0612711906433105,5.1140899658203125,5.123916149139404,5.2597479820251465
A13,2.830228805541992,2.5214037895202637,2.355309247970581,2.0404300689697266,1.988508939743042,1.6682578325271606,1.613210916519165,1.2649142742156982,1.0793458223342896,0.8115607500076294,0.5233553647994995,0.37544718384742737,0.0,0.37828320264816284,0.646670937538147,1.8998621702194214,1.8771048784255981,1.970816731452942,1.7761483192443848,1.9982311725616455,1.780346393585205,2.0183842182159424,1.832397699356079,1.476767897605896,1.4225358963012695,1.1085398197174072,1.006760597229004,0.928869903087616,1.0575363636016846,0.9374377727508545,2.4579005241394043,2.2813117504119873,2.4666857719421387,2.299914598464966,2.5684120655059814,2.4711215496063232,2.6890926361083984,2.6541929244995117,2.2975642681121826,2.3752453327178955,2.040344715118408,2.0614702701568604,1.932671070098877,1.9858485460281372,1.67826247215271,2.742077589035034,2.600275754928589,2.8991708755493164,2.7999215126037598,3.127448320388794,3.074997663497925,3.3921167850494385,3.38623046875,3.1063740253448486,3.31482195854187,3.004575490951538,3.225396156311035,3.1974401473999023,3.0105552673339844,2.6645610332489014,3.274474859237671,3.135164499282837,3.485755443572998,3.4096505641937256,3.78360915184021,3.7714805603027344,4.100747585296631,4.229857921600342,4.155047416687012,4.512592792510986,4.405738830566406,4.757905006408691,4.797972679138184,4.809065341949463,4.954780101776123
A14,2.79368257522583,2.5142085552215576,2.349790096282959,2.0742015838623047,2.036386251449585,1.763615608215332,1.7277538776397705,1.363305926322937,1.2738912105560303,0.9822351336479187,0.6876245141029358,0.5705567598342896,0.37828320264816284,0.0,0.38008812069892883,1.8627828359603882,1.9138398170471191,2.072009801864624,1.929913878440857,2.198784112930298,2.0301129817962646,2.307049512863159,2.1516547203063965,1.8030939102172852,1.75565767288208,1.4115145206451416,1.3325520753860474,1.18516206741333,1.2182527780532837,1.0037733316421509,2.424901247024536,2.3023788928985596,2.5300543308258057,2.4170875549316406,2.716132640838623,2.66741943359375,2.915062189102173,2.8953092098236084,2.5454633235931396,2.636650562286377,2.282693386077881,2.32029390335083,2.1555871963500977,2.1495206356048584,1.8055084943771362,2.693605661392212,2.601801633834839,2.9290733337402344,2.879183292388916,3.225111722946167,3.21608567237854,3.547595262527466,3.569319248199463,3.292576551437378,3.5148565769195557,3.197425127029419,3.4212093353271484,3.3615734577178955,3.1490893363952637,2.7882280349731445,3.2050161361694336,3.108520746231079,3.475905179977417,3.441716432571411,3.82365083694458,3.8504018783569336,4.1832661628723145,4.3431315422058105,4.283361434936523,4.650735855102539,4.566678047180176,4.917740345001221,4.948945999145508,4.972573757171631,5.137957572937012
A15,2.5752508640289307,2.302154541015625,2.181166648864746,1.9215420484542847,1.9460009336471558,1.7024346590042114,1.7458385229110718,1.415892481803894,1.362650990486145,1.1453628540039062,0.7975594997406006,0.8502491116523743,0.646670937538147,0.38008812069892883,0.0,1.537837028503418,1.6378049850463867,1.8418983221054077,1.7479736804962158,2.0568058490753174,1.9496873617172241,2.2713778018951416,2.170198917388916,1.8471732139587402,1.8442093133926392,1.477574348449707,1.4893347024917603,1.3414406776428223,1.2948670387268066,0.9918883442878723,2.1074962615966797,2.0135693550109863,2.273369073867798,2.203728437423706,2.5289371013641357,2.529714345932007,2.811176300048828,2.828763008117676,2.504948854446411,2.6398720741271973,2.287882089614868,2.3809986114501953,2.2242419719696045,2.186250925064087,1.8232249021530151,2.406250476837158,2.3318963050842285,2.6768569946289062,2.658444881439209,3.0170278549194336,3.045616626739502,3.3921878337860107,3.453511953353882,3.2016732692718506,3.4544904232025146,3.1538422107696533,3.403294324874878,3.3400497436523438,3.1322102546691895,2.779090642929077,2.925299882888794,2.8403124809265137,3.2077059745788574,3.1971192359924316,3.5805306434631348,3.633422613143921,3.976809024810791,4.151759624481201,4.1204657554626465,4.495054721832275,4.441498756408691,4.795494079589844,4.83841609954834,4.887164115905762,5.0737385749816895
B1,1.8078503608703613,1.5246511697769165,1.6884400844573975,1.483498215675354,1.7878183126449585,1.6675010919570923,1.9932876825332642,1.9356132745742798,1.9026399850845337,2.0105082988739014,1.7209686040878296,2.047839403152466,1.8998621702194214,1.8627828359603882,1.537837028503418,0.0,0.37541091442108154,0.7311701774597168,0.9639339447021484,1.3065718412399292,1.520105242729187,1.9064016342163086,2.0719265937805176,1.969847321510315,2.176295280456543,1.9212357997894287,2.207725763320923,2.2111852169036865,2.1001012325286865,1.810240626335144,1.0423624515533447,0.9169518947601318,1.2475110292434692,1.3098042011260986,1.6671929359436035,1.8393383026123047,2.202125072479248,2.417757034301758,2.2865066528320312,2.597683906555176,2.382784128189087,2.668303966522217,2.6610870361328125,2.6398489475250244,2.358849287033081,1.7063510417938232,1.548519492149353,1.8551756143569946,1.861106038093567,2.196197748184204,2.312800645828247,2.675975799560547,2.88942289352417,2.809314489364624,3.166381359100342,3.014407157897949,3.3604469299316406,3.3792614936828613,3.2861931324005127,3.0484819412231445,2.2980525493621826,2.131798505783081,2.38830304145813,2.376681089401245,2.709207057952881,2.785618305206299,3.1718757152557373,3.3157289028167725,3.42000675201416,3.7848658561706543,3.8396975994110107,4.19950532913208,4.34204626083374,4.487985134124756,4.716614246368408
B2,1.792824387550354,1.4654699563980103,1.62821364402771,1.3724967241287231,1.6750643253326416,1.518309235572815,1.8530468940734863,1.8357881307601929,1.757279396057129,1.919659972190857,1.6587482690811157,2.0049655437469482,1.8771048784255981,1.9138398170471191,1.6378049850463867,0.37541091442108154,0.0,0.36246025562286377,0.6339975595474243,0.9552911520004272,1.193438172340393,1.5690997838974,1.7677558660507202,1.7079110145568848,1.9561278820037842,1.7521859407424927,2.065030813217163,2.1267917156219482,2.0605580806732178,1.8223665952682495,1.1737395524978638,0.9278004169464111,1.178409218788147,1.1436125040054321,1.473716139793396,1.5970180034637451,1.9459128379821777,2.1798956394195557,2.0652241706848145,2.3903934955596924,2.2122390270233154,2.504368305206299,2.5434353351593018,2.5717809200286865,2.3246278762817383,1.8452301025390625,1.6134713888168335,1.8742766380310059,1.8039183616638184,2.115081787109375,2.1765172481536865,2.5286757946014404,2.7233502864837646,2.6550347805023193,3.0089056491851807,2.8769006729125977,3.2287309169769287,3.2860395908355713,3.2242074012756348,3.0053157806396484,2.45520281791687,2.2348902225494385,2.464587450027466,2.394383668899536,2.714090585708618,2.7379136085510254,3.12500262260437,3.2261946201324463,3.321645498275757,3.6760671138763428,3.7104272842407227,4.074616432189941,4.235378265380859,4.373164176940918,4.58245325088501
B3,1.9207370281219482,1.5725301504135132,1.7366806268692017,1.4504598379135132,1.7379118204116821,1.5507051944732666,1.8786972761154175,1.8987467288970947,1.7694168090820312,1.9755630493164062,1.7436556816101074,2.0894646644592285,1.970816731452942,2.072009801864624,1.8418983221054077,0.7311701774597168,0.36246025562286377,0.0,0.3818557858467102,0.623786449432373,0.9165761470794678,1.2655788660049438,1.5113482475280762,1.5160362720489502,1.8015435934066772,1.6639693975448608,2.002829074859619,2.1178061962127686,2.0850613117218018,1.9046558141708374,1.3103398084640503,0.9866061806678772,1.1289238929748535,0.999326765537262,1.2753268480300903,1.3495292663574219,1.6771602630615234,1.934216022491455,1.8519978523254395,2.191918134689331,2.063157320022583,2.3650176525115967,2.4537601470947266,2.5253758430480957,2.322309970855713,1.9580895900726318,1.6676020622253418,1.871024250984192,1.7307710647583008,2.0056140422821045,2.013770818710327,2.347308874130249,2.5258803367614746,2.4776201248168945,2.8268728256225586,2.7234513759613037,3.079228162765503,3.1748509407043457,3.1486921310424805,2.9578278064727783,2.568002462387085,2.3008627891540527,2.4967305660247803,2.372407913208008,2.671706438064575,2.644953966140747,3.027254343032837,3.085965871810913,3.1747286319732666,3.5152602195739746,3.5331077575683594,3.898313045501709,4.077439308166504,4.2099175453186035,4.401715278625488
B4,2.2186334133148193,1.8537193536758423,1.9612277746200562,1.6309421062469482,1.8605347871780396,1.6047462224960327,1.8803163766860962,1.8609893321990967,1.6624035835266113,1.8492467403411865,1.6059584617614746,1.9202529191970825,1.7761483192443848,1.929913878440857,1.7479736804962158,0.9639339447021484,0.6339975595474243,0.3818557858467102,0.0,0.3700103461742401,0.5718497633934021,0.9476130604743958,1.1547843217849731,1.1503089666366577,1.4294863939285278,1.3130896091461182,1.665047526359558,1.802310824394226,1.7886987924575806,1.6584216356277466,1.3960870504379272,1.0354325771331787,1.107494592666626,0.8701696395874023,1.120906949043274,1.1069881916046143,1.4168816804885864,1.6309192180633545,1.5096176862716675,1.836459994316101,1.7044481039047241,1.997027039527893,2.0995843410491943,2.1981303691864014,2.0173892974853516,1.9503686428070068,1.631585955619812,1.8189729452133179,1.6253691911697388,1.896605134010315,1.8475819826126099,2.174980878829956,2.303039073944092,2.215902090072632,2.5463271141052246,2.4228248596191406,2.769665479660034,2.874083995819092,2.8508596420288086,2.658742904663086,2.5614888668060303,2.273587703704834,2.483271837234497,2.3216028213500977,2.6303443908691406,2.566175937652588,2.9372639656066895,2.9839179515838623,3.0278432369232178,3.368223190307617,3.3469347953796387,3.7149627208709717,3.878678321838379,3.985645294189453,4.160664081573486
B5,2.38885760307312,2.0214619636535645,2.1328392028808594,1.7982944250106812,2.0095536708831787,1.7477315664291382,2.006066083908081,2.028113842010498,1.7973530292510986,2.0204432010650635,1.82114577293396,2.1222848892211914,1.9982311725616455,2.198784112930298,2.0568058490753174,1.3065718412399292,0.9552911520004272,0.623786449432373,0.3700103461742401,0.0,0.3849620819091797,0.6657221913337708,0.9596919417381287,1.071395754814148,1.3886871337890625,1.3753618001937866,1.7341890335083008,1.9265024662017822,1.9503827095031738,1.8837099075317383,1.639522910118103,1.257672667503357,1.2286996841430664,0.9219104051589966,1.054063081741333,0.9509777426719666,1.2026232481002808,1.4435780048370361,1.376270055770874,1.7128986120224,1.65749192237854,1.9515581130981445,2.1150903701782227,2.261930465698242,2.1385231018066406,2.159552812576294,1.80618417263031,1.9275505542755127,1.6736716032028198,1.8867720365524292,1.7748910188674927,2.065418243408203,2.1688895225524902,2.111030340194702,2.4278433322906494,2.344862222671509,2.6897032260894775,2.83955454826355,2.8597304821014404,2.7053282260894775,2.751215696334839,2.429271697998047,2.59747314453125,2.3884823322296143,2.6650562286376953,2.548982858657837,2.906059741973877,2.903094530105591,2.940108060836792,3.2584311962127686,3.218975782394409,3.583829164505005,3.7685797214508057,3.86940860748291,4.022690773010254
B6,2.586841344833374,2.209099054336548,2.258404016494751,1.8945608139038086,2.042576789855957,1.7300035953521729,1.924226999282837,1.909669041633606,1.625817894935608,1.8265999555587769,1.6418949365615845,1.9023746252059937,1.780346393585205,2.0301129817962646,1.9496873617172241,1.520105242729187,1.193438172340393,0.9165761470794678,0.5718497633934021,0.3849620819091797,0.0,0.39423608779907227,0.5972900986671448,0.6908338069915771,1.0228685140609741,1.055687665939331,1.4017260074615479,1.632365107536316,1.7060648202896118,1.6977083683013916,1.8620233535766602,1.4871158599853516,1.452431082725525,1.1096422672271729,1.2158746719360352,1.012139081954956,1.1993480920791626,1.3484219312667847,1.2019950151443481,1.4920119047164917,1.4210880994796753,1.6731997728347778,1.8465182781219482,2.0350241661071777,1.9279206991195679,2.310075521469116,1.9620288610458374,2.0889511108398438,1.8144558668136597,2.0270981788635254,1.8678425550460815,2.1427175998687744,2.1789114475250244,2.063547372817993,2.342778205871582,2.2224173545837402,2.5441195964813232,2.6967971324920654,2.707784414291382,2.538378953933716,2.8966288566589355,2.5785694122314453,2.7715206146240234,2.5489635467529297,2.836941957473755,2.6997838020324707,3.0405330657958984,3.0335886478424072,3.0216634273529053,3.3370707035064697,3.2533681392669678,3.616915225982666,3.7779452800750732,3.845045328140259,3.9761266708374023
B7,2.8573853969573975,2.481576919555664,2.519740343093872,2.155689239501953,2.2715959548950195,1.9544411897659302,2.110166072845459,2.1214723587036133,1.810860276222229,2.026153326034546,1.8908458948135376,2.1178197860717773,2.0183842182159424,2.307049512863159,2.2713778018951416,1.9064016342163086,1.5690997838974,1.2655788660049438,0.9476130604743958,0.6657221913337708,0.39423608779907227,0.0,0.38501131534576416,0.678237795829773,1.0068957805633545,1.1778351068496704,1.487812876701355,1.768761396408081,1.8865575790405273,1.9475090503692627,2.1917049884796143,1.8110735416412354,1.7174221277236938,1.3479582071304321,1.3527560234069824,1.0610541105270386,1.1251734495162964,1.2424148321151733,1.1368322372436523,1.390705943107605,1.4106699228286743,1.629313588142395,1.8654083013534546,2.109278917312622,2.0677757263183594,2.5974440574645996,2.232576608657837,2.3090739250183105,1.9929765462875366,2.1490228176116943,1.926556944847107,2.148224115371704,2.1322736740112305,2.028838634490967,2.2683000564575195,2.180224895477295,2.4808268547058105,2.6781728267669678,2.72963809967041,2.5971567630767822,3.1602916717529297,2.821122884750366,2.9844002723693848,2.724273443222046,2.982689619064331,2.7974302768707275,3.1130175590515137,3.059419870376587,3.023944616317749,3.3111062049865723,3.1945266723632812,3.5486881732940674,3.719639778137207,3.7672035694122314,3.8662705421447754
B8,3.0793685913085938,2.6998095512390137,2.694392442703247,2.3158555030822754,2.387302875518799,2.0377755165100098,2.135035514831543,2.092360258102417,1.7469090223312378,1.9092464447021484,1.7766873836517334,1.943234920501709,1.832397699356079,2.1516547203063965,2.170198917388916,2.0719265937805176,1.7677558660507202,1.5113482475280762,1.1547843217849731,0.9596919417381287,0.5972900986671448,0.38501131534576416,0.0,0.371482253074646,0.656558096408844,0.9048922061920166,1.171461582183838,1.477797031402588,1.6364033222198486,1.758018970489502,2.3402178287506104,1.9764188528060913,1.8921434879302979,1.5214636325836182,1.534786581993103,1.2163352966308594,1.2432719469070435,1.2431926727294922,1.0378226041793823,1.2063610553741455,1.1917537450790405,1.345747470855713,1.5793226957321167,1.8567050695419312,1.8330544233322144,2.6767423152923584,2.32948637008667,2.418759346008301,2.1052310466766357,2.270610809326172,2.0306074619293213,2.243466377258301,2.1720023155212402,2.003643035888672,2.200822114944458,2.0626845359802246,2.331355094909668,2.5152878761291504,2.5463433265686035,2.3945558071136475,3.2267446517944336,2.9015231132507324,3.092130184173584,2.833345413208008,3.10634446144104,2.9181973934173584,3.2181997299194336,3.17787766456604,3.097736358642578,3.3862056732177734,3.234037160873413,3.5837206840515137,3.720965623855591,3.736262083053589,3.8201394081115723
B9,3.0345253944396973,2.6558022499084473,2.6173319816589355,2.2327141761779785,2.281071901321411,1.9128185510635376,1.9807978868484497,1.877710223197937,1.522775650024414,1.6287965774536133,1.4710280895233154,1.6062495708465576,1.476767897605896,1.8030939102172852,1.8471732139587402,1.969847321510315,1.7079110145568848,1.5160362720489502,1.1503089666366577,1.071395754814148,0.6908338069915771,0.678237795829773,0.371482253074646,0.0,0.3708817660808563,0.558098316192627,0.8183408975601196,1.1264673471450806,1.3083158731460571,1.4323822259902954,2.2830650806427,1.9442462921142578,1.912550687789917,1.5687334537506104,1.6503117084503174,1.3743383884429932,1.4565597772598267,1.4187949895858765,1.1274620294570923,1.255733847618103,1.125037431716919,1.2407362461090088,1.402525782585144,1.6622352600097656,1.5882428884506226,2.5984344482421875,2.282848834991455,2.4194462299346924,2.1419613361358643,2.3518545627593994,2.146275758743286,2.38861346244812,2.319641590118408,2.1023783683776855,2.29789662361145,2.0995571613311768,2.3571932315826416,2.492490291595459,2.471358299255371,2.269097089767456,3.1537814140319824,2.8588809967041016,3.0912282466888428,2.863673686981201,3.1666312217712402,3.0121872425079346,3.3190696239471436,3.3198113441467285,3.2286646366119385,3.5368149280548096,3.385432481765747,3.7378153800964355,3.8456637859344482,3.852864980697632,3.9486966133117676
B10,3.332381248474121,2.9566876888275146,2.9019389152526855,2.5178709030151367,2.5480282306671143,2.171253204345703,2.2032957077026367,2.0477426052093506,1.686763048171997,1.7160029411315918,1.5411479473114014,1.594242811203003,1.4225358963012695,1.75565767288208,1.8442093133926392,2.176295280456543,1.9561278820037842,1.8015435934066772,1.4294863939285278,1.3886871337890625,1.0228685140609741,1.0068957805633545,0.656558096408844,0.3708817660808563,0.0,0.39041951298713684,0.550729513168335,0.8628227114677429,1.0692863464355469,1.278020977973938,2.4034197330474854,2.0937585830688477,2.05513858795166,1.7271742820739746,1.7986230850219727,1.5207464694976807,1.5721300840377808,1.4463138580322266,1.0944736003875732,1.1195505857467651,0.9317409992218018,0.9587276577949524,1.0892480611801147,1.3716464042663574,1.3241358995437622,2.6261277198791504,2.335081100463867,2.4693570137023926,2.2015817165374756,2.408093214035034,2.1952688694000244,2.4223055839538574,2.310595750808716,2.040800094604492,2.1937224864959717,1.9490185976028442,2.168848991394043,2.2780330181121826,2.2317326068878174,2.0123043060302734,3.148071765899658,2.869816303253174,3.1182572841644287,2.8939192295074463,3.2017908096313477,3.0471298694610596,3.332771062850952,3.348634958267212,3.2187764644622803,3.525400400161743,3.3478310108184814,3.6914052963256836,3.764293909072876,3.744741439819336,3.831740379333496
B11,3.165883779525757,2.7978005409240723,2.740774393081665,2.364974021911621,2.4077720642089844,2.0372073650360107,2.0836639404296875,1.8824249505996704,1.5480751991271973,1.5268445014953613,1.284530758857727,1.3387424945831299,1.1085398197174072,1.4115145206451416,1.477574348449707,1.9212357997894287,1.7521859407424927,1.6639693975448608,1.3130896091461182,1.3753618001937866,1.055687665939331,1.1778351068496704,0.9048922061920166,0.558098316192627,0.39041951298713684,0.0,0.37567341327667236,0.5917356610298157,0.7532734274864197,0.9047623872756958,2.1686782836914062,1.8911919593811035,1.908595323562622,1.6257323026657104,1.7692649364471436,1.5616945028305054,1.6914747953414917,1.5954927206039429,1.2261395454406738,1.2895411252975464,1.001983642578125,1.06560480594635,1.0805261135101318,1.272080659866333,1.1192501783370972,2.388561964035034,2.1315958499908447,2.3155224323272705,2.096421241760254,2.350309133529663,2.194755792617798,2.4620795249938965,2.392897367477417,2.1116199493408203,2.2976887226104736,2.02095365524292,2.2561018466949463,2.310413360595703,2.2124476432800293,1.9439369440078735,2.9193928241729736,2.672762393951416,2.9558892250061035,2.772254228591919,3.1069116592407227,2.9986069202423096,3.3008816242218018,3.361793279647827,3.2487714290618896,3.5793514251708984,3.430434465408325,3.780235528945923,3.8401851654052734,3.8372344970703125,3.954390525817871
B12,3.3801207542419434,3.0200905799865723,2.9220046997070312,2.550344467163086,2.545006513595581,2.1689302921295166,2.151839017868042,1.9104582071304321,1.5749940872192383,1.4821560382843018,1.2779401540756226,1.223490834236145,1.006760597229004,1.3325520753860474,1.4893347024917603,2.207725763320923,2.065030813217163,2.002829074859619,1.665047526359558,1.7341890335083008,1.4017260074615479,1.487812876701355,1.171461582183838,0.8183408975601196,0.550729513168335,0.37567341327667236,0.0,0.36070966720581055,0.6774786710739136,0.9178215861320496,2.4800093173980713,2.2265758514404297,2.2586135864257812,1.9893702268600464,2.130718946456909,1.9169305562973022,2.0199408531188965,1.8815468549728394,1.49619460105896,1.478723168373108,1.1798065900802612,1.1258525848388672,1.076050043106079,1.2747111320495605,1.126214623451233,2.6570215225219727,2.429990291595459,2.622426748275757,2.4183621406555176,2.6700093746185303,2.5109598636627197,2.7634072303771973,2.663137435913086,2.3524887561798096,2.495842695236206,2.189443588256836,2.377552032470703,2.4067959785461426,2.2793128490448,1.9877314567565918,3.1632399559020996,2.941694974899292,3.240525007247925,3.0681211948394775,3.405735492706299,3.3007924556732178,3.5880205631256104,3.6561198234558105,3.517709732055664,3.8422768115997314,3.671382188796997,4.011096477508545,4.044923782348633,4.015741348266602,4.117308616638184
B13,3.4803688526153564,3.1317946910858154,3.0361204147338867,2.678743600845337,2.683833360671997,2.3213987350463867,2.309929847717285,2.028702974319458,1.7303286790847778,1.5753978490829468,1.3213045597076416,1.2199467420578003,0.928869903087616,1.18516206741333,1.3414406776428223,2.2111852169036865,2.1267917156219482,2.1178061962127686,1.802310824394226,1.9265024662017822,1.632365107536316,1.768761396408081,1.477797031402588,1.1264673471450806,0.8628227114677429,0.5917356610298157,0.36070966720581055,0.0,0.36699211597442627,0.6470909118652344,2.4201905727386475,2.214390993118286,2.271622896194458,2.049009323120117,2.2170610427856445,2.0496573448181152,2.178673267364502,2.029275417327881,1.6345601081848145,1.6035374402999878,1.2506142854690552,1.1861505508422852,1.0251290798187256,1.124177098274231,0.9034808874130249,2.530071973800659,2.349066734313965,2.5638034343719482,2.403569221496582,2.673663377761841,2.552126407623291,2.8150763511657715,2.725585460662842,2.3937621116638184,2.5355911254882812,2.1971912384033203,2.3712267875671387,2.344700574874878,2.1678056716918945,1.8381239175796509,3.0063364505767822,2.821781635284424,3.1450421810150146,3.0052947998046875,3.3552234172821045,3.2827205657958984,3.564337730407715,3.6691415309906006,3.5253210067749023,3.860480546951294,3.699711322784424,4.034923553466797,4.0425519943237305,4.013525485992432,4.132387638092041
