0.000000000000000000e+00,3.934715092182159424e-01,6.310595273971557617e-01,9.241664409637451172e-01,1.180799603462219238e+00,1.492992639541625977e+00,1.754973053932189941e+00,1.988932847976684570e+00,2.197798728942871094e+00,2.397127866744995117e+00,2.531442403793334961e+00,2.765530347824096680e+00,3.004500627517700195e+00,3.164417505264282227e+00,3.396281957626342773e+00,3.499812602996826172e+00,3.343970775604248047e+00,3.258833169937133789e+00,3.349629640579223633e+00,2.987519264221191406e+00,3.165735960006713867e+00,3.419404745101928711e+00,3.270776510238647461e+00,3.353456258773803711e+00,3.720413208007812500e+00,3.728157281875610352e+00,3.671400308609008789e+00,3.976688385009765625e+00,4.250452518463134766e+00,4.375488758087158203e+00,4.024722576141357422e+00,3.674253225326538086e+00,3.795756816864013672e+00,3.678966045379638672e+00,3.384753704071044922e+00,3.633407831192016602e+00,3.850399494171142578e+00,3.678904294967651367e+00,3.830686807632446289e+00,4.165079593658447266e+00,4.111134529113769531e+00,4.117189407348632812e+00,4.433732509613037109e+00,4.650339126586914062e+00,4.736476421356201172e+00,4.884845256805419922e+00,4.536478996276855469e+00,4.531504631042480469e+00,4.434731483459472656e+00,4.159175395965576172e+00,3.903016567230224609e+00,4.125876426696777344e+00,3.833888292312622070e+00,4.123945236206054688e+00,4.178992748260498047e+00,3.993379592895507812e+00,4.305032253265380859e+00,4.461378097534179688e+00,4.775615692138671875e+00,4.982740402221679688e+00,4.703660488128662109e+00,4.422670364379882812e+00,4.092395782470703125e+00,3.852126121520996094e+00,3.651118516921997070e+00,3.487491846084594727e+00,3.347242116928100586e+00,3.436925888061523438e+00,3.099498033523559570e+00,3.230326414108276367e+00,3.503440856933593750e+00,3.309378147125244141e+00,3.252686738967895508e+00,3.634246349334716797e+00,3.764599800109863281e+00
3.934715092182159424e-01,0.000000000000000000e+00,3.780109882354736328e-01,6.938024759292602539e-01,9.739027619361877441e-01,1.229386925697326660e+00,1.446713447570800781e+00,1.723338246345520020e+00,1.901450037956237793e+00,2.079031229019165039e+00,2.247104406356811523e+00,2.494383335113525391e+00,2.704395771026611328e+00,2.857941150665283203e+00,3.111042976379394531e+00,3.120225906372070312e+00,2.966165542602539062e+00,2.894735574722290039e+00,3.004309415817260742e+00,2.653489589691162109e+00,2.854184627532958984e+00,3.121718645095825195e+00,2.996314525604248047e+00,3.100277900695800781e+00,3.458669185638427734e+00,3.473682403564453125e+00,3.449416399002075195e+00,3.757398366928100586e+00,4.011920928955078125e+00,4.153909683227539062e+00,3.861182689666748047e+00,3.522385835647583008e+00,3.679743766784667969e+00,3.592619180679321289e+00,3.314945220947265625e+00,3.592861413955688477e+00,3.805010795593261719e+00,3.642131090164184570e+00,3.828410625457763672e+00,4.143338203430175781e+00,4.073190689086914062e+00,4.109980583190917969e+00,4.431538581848144531e+00,4.620985984802246094e+00,4.710389614105224609e+00,5.017724037170410156e+00,4.680874347686767578e+00,4.699056625366210938e+00,4.615854263305664062e+00,4.350414276123046875e+00,4.084867000579833984e+00,4.321789741516113281e+00,4.035457134246826172e+00,4.322153091430664062e+00,4.348475933074951172e+00,4.179856777191162109e+00,4.492890357971191406e+00,4.627269744873046875e+00,4.931468009948730469e+00,5.152420520782470703e+00,4.797620296478271484e+00,4.511498928070068359e+00,4.190061092376708984e+00,3.935501337051391602e+00,3.702017307281494141e+00,3.516868591308593750e+00,3.359276771545410156e+00,3.412397623062133789e+00,3.059223413467407227e+00,3.180594921112060547e+00,3.429970264434814453e+00,3.201046943664550781e+00,3.139101028442382812e+00,3.521128416061401367e+00,3.619288206100463867e+00
6.310595273971557617e-01,3.780109882354736328e-01,0.000000000000000000e+00,3.641447126865386963e-01,7.196534872055053711e-01,9.631775021553039551e-01,1.215881228446960449e+00,1.499652266502380371e+00,1.721125960350036621e+00,1.856992840766906738e+00,1.987821221351623535e+00,2.262028694152832031e+00,2.486414670944213867e+00,2.605470418930053711e+00,2.845082998275756836e+00,3.008905649185180664e+00,2.899073362350463867e+00,2.864496946334838867e+00,2.992454528808593750e+00,2.657937288284301758e+00,2.893065214157104492e+00,3.150024414062500000e+00,3.016167640686035156e+00,3.161274671554565430e+00,3.503231763839721680e+00,3.486133575439453125e+00,3.481865167617797852e+00,3.807203054428100586e+00,4.037200450897216797e+00,4.166922092437744141e+00,4.051696777343750000e+00,3.721252202987670898e+00,3.894680738449096680e+00,3.806498050689697266e+00,3.521286249160766602e+00,3.800935268402099609e+00,3.986925125122070312e+00,3.800666570663452148e+00,4.001850605010986328e+00,4.306603431701660156e+00,4.205571651458740234e+00,4.237122058868408203e+00,4.572675228118896484e+00,4.747444152832031250e+00,4.812836647033691406e+00,5.229765415191650391e+00,4.892239093780517578e+00,4.900561332702636719e+00,4.799129962921142578e+00,4.518921852111816406e+00,4.235729694366455078e+00,4.452593326568603516e+00,4.149606227874755859e+00,4.412732601165771484e+00,4.418087959289550781e+00,4.231801033020019531e+00,4.528946876525878906e+00,4.641991615295410156e+00,4.952547550201416016e+00,5.160210609436035156e+00,4.693215370178222656e+00,4.389379024505615234e+00,4.082707405090332031e+00,3.803272724151611328e+00,3.553165435791015625e+00,3.383794069290161133e+00,3.191082239151000977e+00,3.250752210617065430e+00,2.888985395431518555e+00,2.969751358032226562e+00,3.229058027267456055e+00,2.998244524002075195e+00,2.898940324783325195e+00,3.275341510772705078e+00,3.377496242523193359e+00
9.241664409637451172e-01,6.938024759292602539e-01,3.641447126865386963e-01,0.000000000000000000e+00,3.851742446422576904e-01,6.250194311141967773e-01,9.195544719696044922e-01,1.172670841217041016e+00,1.430402040481567383e+00,1.561128497123718262e+00,1.655382156372070312e+00,1.928787589073181152e+00,2.173124790191650391e+00,2.287863254547119141e+00,2.510571002960205078e+00,2.837826013565063477e+00,2.762118816375732422e+00,2.738817691802978516e+00,2.858260869979858398e+00,2.531451463699340820e+00,2.780462026596069336e+00,3.012815475463867188e+00,2.857328653335571289e+00,3.032411336898803711e+00,3.358827114105224609e+00,3.307053089141845703e+00,3.310021638870239258e+00,3.648913383483886719e+00,3.860650062561035156e+00,3.972872972488403320e+00,4.030364036560058594e+00,3.708627223968505859e+00,3.891629457473754883e+00,3.797346830368041992e+00,3.503880500793457031e+00,3.781654596328735352e+00,3.937358140945434570e+00,3.728563785552978516e+00,3.945273160934448242e+00,4.235899925231933594e+00,4.104300022125244141e+00,4.133263111114501953e+00,4.480113983154296875e+00,4.637481212615966797e+00,4.680702686309814453e+00,5.229703426361083984e+00,4.897033214569091797e+00,4.903631687164306641e+00,4.790983200073242188e+00,4.503835201263427734e+00,4.203696250915527344e+00,4.408649921417236328e+00,4.098170280456542969e+00,4.339919090270996094e+00,4.316393852233886719e+00,4.128258705139160156e+00,4.413551807403564453e+00,4.501308917999267578e+00,4.808582782745361328e+00,5.013960838317871094e+00,4.456221103668212891e+00,4.144871711730957031e+00,3.850663661956787109e+00,3.556888341903686523e+00,3.286936521530151367e+00,3.115791082382202148e+00,2.903871059417724609e+00,2.951729536056518555e+00,2.584419965744018555e+00,2.646579742431640625e+00,2.900372028350830078e+00,2.662398338317871094e+00,2.550288438796997070e+00,2.924178123474121094e+00,3.022367715835571289e+00
1.180799603462219238e+00,9.739027619361877441e-01,7.196534872055053711e-01,3.851742446422576904e-01,0.000000000000000000e+00,3.601903021335601807e-01,6.968731880187988281e-01,8.513882756233215332e-01,1.138748764991760254e+00,1.317806601524353027e+00,1.379204988479614258e+00,1.614063739776611328e+00,1.886008501052856445e+00,2.033070325851440430e+00,2.235508918762207031e+00,2.705250263214111328e+00,2.645918846130371094e+00,2.606491088867187500e+00,2.692405462265014648e+00,2.362853765487670898e+00,2.602256059646606445e+00,2.799859046936035156e+00,2.610690832138061523e+00,2.799634456634521484e+00,3.115176439285278320e+00,3.030313968658447266e+00,3.024012088775634766e+00,3.372153282165527344e+00,3.576693058013916016e+00,3.667713165283203125e+00,3.863271951675415039e+00,3.548637151718139648e+00,3.731084108352661133e+00,3.624732255935668945e+00,3.322189807891845703e+00,3.592247247695922852e+00,3.718075513839721680e+00,3.488982677459716797e+00,3.716792345046997070e+00,3.993705034255981445e+00,3.836913347244262695e+00,3.862823963165283203e+00,4.217321395874023438e+00,4.360167503356933594e+00,4.385508060455322266e+00,5.051630020141601562e+00,4.726832866668701172e+00,4.736311912536621094e+00,4.618541240692138672e+00,4.331080436706542969e+00,4.017993450164794922e+00,4.217961788177490234e+00,3.908151149749755859e+00,4.133778572082519531e+00,4.081694602966308594e+00,3.903667211532592773e+00,4.182573795318603516e+00,4.247952461242675781e+00,4.545559883117675781e+00,4.757513046264648438e+00,4.150894641876220703e+00,3.842632293701171875e+00,3.554629325866699219e+00,3.259702682495117188e+00,2.972826004028320312e+00,2.784096956253051758e+00,2.573169469833374023e+00,2.596666097640991211e+00,2.226537227630615234e+00,2.299315214157104492e+00,2.536615848541259766e+00,2.289377450942993164e+00,2.194465637207031250e+00,2.572043418884277344e+00,2.663074016571044922e+00
1.492992639541625977e+00,1.229386925697326660e+00,9.631775021553039551e-01,6.250194311141967773e-01,3.601903021335601807e-01,0.000000000000000000e+00,3.575409054756164551e-01,5.541728734970092773e-01,8.394585847854614258e-01,9.688436388969421387e-01,1.042322158813476562e+00,1.304098486900329590e+00,1.554950237274169922e+00,1.686252951622009277e+00,1.904523730278015137e+00,2.390878915786743164e+00,2.361704111099243164e+00,2.349807977676391602e+00,2.451389312744140625e+00,2.148687362670898438e+00,2.416778802871704102e+00,2.609071969985961914e+00,2.435666799545288086e+00,2.660820245742797852e+00,2.951698541641235352e+00,2.855504751205444336e+00,2.887045383453369141e+00,3.238896369934082031e+00,3.411496877670288086e+00,3.508709669113159180e+00,3.833295345306396484e+00,3.538234949111938477e+00,3.749233722686767578e+00,3.666368246078491211e+00,3.380924224853515625e+00,3.666413307189941406e+00,3.775875806808471680e+00,3.550551652908325195e+00,3.805354833602905273e+00,4.057562828063964844e+00,3.880024433135986328e+00,3.928848266601562500e+00,4.285232543945312500e+00,4.398503780364990234e+00,4.417922973632812500e+00,5.233804225921630859e+00,4.921249866485595703e+00,4.945536136627197266e+00,4.835255146026611328e+00,4.556034088134765625e+00,4.237177848815917969e+00,4.440498352050781250e+00,4.136939525604248047e+00,4.351538181304931641e+00,4.273339271545410156e+00,4.108837127685546875e+00,4.380550861358642578e+00,4.422224044799804688e+00,4.707728862762451172e+00,4.925434112548828125e+00,4.237528324127197266e+00,3.926942348480224609e+00,3.657242536544799805e+00,3.351467132568359375e+00,3.037433624267578125e+00,2.836709737777709961e+00,2.607056617736816406e+00,2.590603351593017578e+00,2.215841054916381836e+00,2.262846946716308594e+00,2.465430974960327148e+00,2.183635711669921875e+00,2.074321031570434570e+00,2.440647602081298828e+00,2.492159366607666016e+00
1.754973053932189941e+00,1.446713447570800781e+00,1.215881228446960449e+00,9.195544719696044922e-01,6.968731880187988281e-01,3.575409054756164551e-01,0.000000000000000000e+00,3.943373858928680420e-01,5.551803112030029297e-01,6.470948457717895508e-01,8.125883936882019043e-01,1.079079508781433105e+00,1.271759867668151855e+00,1.414024710655212402e+00,1.670547008514404297e+00,2.035985231399536133e+00,2.016701459884643555e+00,2.017310619354248047e+00,2.129187583923339844e+00,1.848278284072875977e+00,2.137926578521728516e+00,2.330919742584228516e+00,2.181966304779052734e+00,2.432260990142822266e+00,2.702529907226562500e+00,2.610466957092285156e+00,2.679276704788208008e+00,3.027294874191284180e+00,3.174381971359252930e+00,3.287631034851074219e+00,3.681459188461303711e+00,3.406487703323364258e+00,3.645095109939575195e+00,3.590591669082641602e+00,3.328657865524291992e+00,3.631668806076049805e+00,3.732917308807373047e+00,3.522644996643066406e+00,3.802902698516845703e+00,4.030674934387207031e+00,3.843173503875732422e+00,3.922073125839233398e+00,4.274162292480468750e+00,4.359597682952880859e+00,4.384426593780517578e+00,5.325468063354492188e+00,5.027434825897216797e+00,5.073434352874755859e+00,4.979887008666992188e+00,4.716449260711669922e+00,4.398284435272216797e+00,4.615300655364990234e+00,4.325909614562988281e+00,4.540068149566650391e+00,4.442522525787353516e+00,4.301795482635498047e+00,4.574503421783447266e+00,4.600923061370849609e+00,4.869951725006103516e+00,5.101773262023925781e+00,4.385377883911132812e+00,4.082849979400634766e+00,3.824378252029418945e+00,3.521816730499267578e+00,3.189303874969482422e+00,2.966079711914062500e+00,2.740149021148681641e+00,2.675897598266601562e+00,2.305255889892578125e+00,2.352907657623291016e+00,2.506713867187500000e+00,2.190235614776611328e+00,2.095890998840332031e+00,2.446223497390747070e+00,2.446143865585327148e+00
1.988932847976684570e+00,1.723338246345520020e+00,1.499652266502380371e+00,1.172670841217041016e+00,8.513882756233215332e-01,5.541728734970092773e-01,3.943373858928680420e-01,0.000000000000000000e+00,3.683760166168212891e-01,5.618545413017272949e-01,5.975568294525146484e-01,7.766990065574645996e-01,1.042732119560241699e+00,1.235419869422912598e+00,1.441145777702331543e+00,2.091140985488891602e+00,2.101834297180175781e+00,2.083284616470336914e+00,2.143947601318359375e+00,1.870664000511169434e+00,2.134390830993652344e+00,2.269867658615112305e+00,2.071160793304443359e+00,2.336680173873901367e+00,2.586153745651245117e+00,2.442501306533813477e+00,2.494506597518920898e+00,2.853225231170654297e+00,2.988976716995239258e+00,3.066506385803222656e+00,3.639782190322875977e+00,3.374126911163330078e+00,3.601740360260009766e+00,3.527025699615478516e+00,3.253795862197875977e+00,3.537185192108154297e+00,3.601187229156494141e+00,3.365008831024169922e+00,3.648717880249023438e+00,3.861118078231811523e+00,3.645057916641235352e+00,3.711826801300048828e+00,4.070440769195556641e+00,4.142010688781738281e+00,4.140580177307128906e+00,5.185157299041748047e+00,4.894889831542968750e+00,4.936346530914306641e+00,4.832125186920166016e+00,4.566250801086425781e+00,4.237561702728271484e+00,4.439954280853271484e+00,4.150796890258789062e+00,4.341487407684326172e+00,4.216912746429443359e+00,4.081896305084228516e+00,4.340590953826904297e+00,4.342752933502197266e+00,4.601743221282958984e+00,4.832728862762451172e+00,4.059614658355712891e+00,3.760832309722900391e+00,3.515038013458251953e+00,3.212695360183715820e+00,2.867306709289550781e+00,2.634105682373046875e+00,2.407798051834106445e+00,2.317426204681396484e+00,1.951659440994262695e+00,2.000501394271850586e+00,2.130455255508422852e+00,1.804849028587341309e+00,1.726606369018554688e+00,2.075620651245117188e+00,2.067815065383911133e+00
2.197798728942871094e+00,1.901450037956237793e+00,1.721125960350036621e+00,1.430402040481567383e+00,1.138748764991760254e+00,8.394585847854614258e-01,5.551803112030029297e-01,3.683760166168212891e-01,0.000000000000000000e+00,3.873563110828399658e-01,5.907244086265563965e-01,6.781539916992187500e-01,8.335679173469543457e-01,1.091993093490600586e+00,1.342715620994567871e+00,1.767759799957275391e+00,1.769801259040832520e+00,1.737605810165405273e+00,1.785875201225280762e+00,1.526908159255981445e+00,1.797440886497497559e+00,1.926764607429504395e+00,1.747162938117980957e+00,2.032432556152343750e+00,2.263968229293823242e+00,2.129007577896118164e+00,2.214956045150756836e+00,2.567079782485961914e+00,2.683720111846923828e+00,2.781774520874023438e+00,3.394738912582397461e+00,3.149764060974121094e+00,3.401482343673706055e+00,3.355375766754150391e+00,3.108971118927001953e+00,3.408375024795532227e+00,3.466989755630493164e+00,3.252315282821655273e+00,3.559411048889160156e+00,3.746683835983276367e+00,3.527380943298339844e+00,3.628169775009155273e+00,3.977664232254028320e+00,4.022645473480224609e+00,4.033703327178955078e+00,5.183878421783447266e+00,4.910188674926757812e+00,4.976869583129882812e+00,4.894941329956054688e+00,4.650198936462402344e+00,4.327580928802490234e+00,4.549087524414062500e+00,4.280188560485839844e+00,4.476645469665527344e+00,4.338479995727539062e+00,4.234193325042724609e+00,4.498537063598632812e+00,4.492216587066650391e+00,4.731264591217041016e+00,4.981166362762451172e+00,4.225077629089355469e+00,3.943436384201049805e+00,3.703448534011840820e+00,3.416917085647583008e+00,3.063965559005737305e+00,2.803371429443359375e+00,2.601190567016601562e+00,2.461705684661865234e+00,2.111979007720947266e+00,2.184317111968994141e+00,2.256424427032470703e+00,1.904290080070495605e+00,1.870634078979492188e+00,2.195389986038208008e+00,2.130513429641723633e+00
2.397127866744995117e+00,2.079031229019165039e+00,1.856992840766906738e+00,1.561128497123718262e+00,1.317806601524353027e+00,9.688436388969421387e-01,6.470948457717895508e-01,5.618545413017272949e-01,3.873563110828399658e-01,0.000000000000000000e+00,3.784099221229553223e-01,5.914679169654846191e-01,6.560184955596923828e-01,8.021280169486999512e-01,1.096922278404235840e+00,1.587471485137939453e+00,1.659426450729370117e+00,1.708294630050659180e+00,1.815246582031250000e+00,1.622045278549194336e+00,1.935455322265625000e+00,2.072178840637207031e+00,1.942911982536315918e+00,2.257102489471435547e+00,2.451637744903564453e+00,2.317594528198242188e+00,2.452342510223388672e+00,2.794326066970825195e+00,2.868232250213623047e+00,2.974815607070922852e+00,3.670196533203125000e+00,3.442395448684692383e+00,3.713712215423583984e+00,3.689196586608886719e+00,3.458755016326904297e+00,3.765941381454467773e+00,3.822175979614257812e+00,3.614548206329345703e+00,3.928937435150146484e+00,4.104905128479003906e+00,3.878610372543334961e+00,3.987496852874755859e+00,4.335077762603759766e+00,4.365119457244873047e+00,4.370142936706542969e+00,5.568841934204101562e+00,5.296590805053710938e+00,5.362591266632080078e+00,5.277806282043457031e+00,5.029738426208496094e+00,4.704498767852783203e+00,4.918715953826904297e+00,4.643901348114013672e+00,4.831701278686523438e+00,4.688440322875976562e+00,4.574211597442626953e+00,4.828515529632568359e+00,4.812121868133544922e+00,5.053502082824707031e+00,5.292603969573974609e+00,4.458601474761962891e+00,4.164966583251953125e+00,3.943626165390014648e+00,3.638977527618408203e+00,3.275698423385620117e+00,3.036176204681396484e+00,2.801945447921752930e+00,2.665075302124023438e+00,2.319552183151245117e+00,2.333486080169677734e+00,2.399863004684448242e+00,2.043797016143798828e+00,1.954570651054382324e+00,2.249318361282348633e+00,2.160933017730712891e+00
2.531442403793334961e+00,2.247104406356811523e+00,1.987821221351623535e+00,1.655382156372070312e+00,1.379204988479614258e+00,1.042322158813476562e+00,8.125883936882019043e-01,5.975568294525146484e-01,5.907244086265563965e-01,3.784099221229553223e-01,0.000000000000000000e+00,3.729941844940185547e-01,5.878154635429382324e-01,6.632003188133239746e-01,8.661355972290039062e-01,1.859010815620422363e+00,1.977045178413391113e+00,2.038408756256103516e+00,2.125722169876098633e+00,1.947386145591735840e+00,2.242856264114379883e+00,2.340579032897949219e+00,2.176013946533203125e+00,2.496720075607299805e+00,2.673825263977050781e+00,2.494184732437133789e+00,2.611146211624145508e+00,2.960792779922485352e+00,3.021664142608642578e+00,3.089000225067138672e+00,3.926723718643188477e+00,3.698936462402343750e+00,3.954145193099975586e+00,3.905504465103149414e+00,3.657179832458496094e+00,3.943189144134521484e+00,3.974629402160644531e+00,3.738892078399658203e+00,4.043997764587402344e+00,4.218268394470214844e+00,3.970458984375000000e+00,4.053339004516601562e+00,4.409067153930664062e+00,4.438056468963623047e+00,4.412971019744873047e+00,5.643023014068603516e+00,5.367910385131835938e+00,5.415014266967773438e+00,5.308273315429687500e+00,5.045612335205078125e+00,4.709794998168945312e+00,4.897690773010253906e+00,4.610371112823486328e+00,4.772334575653076172e+00,4.615536689758300781e+00,4.484009742736816406e+00,4.717797756195068359e+00,4.683273315429687500e+00,4.928139686584472656e+00,5.148762226104736328e+00,4.226933479309082031e+00,3.922399759292602539e+00,3.719975233078002930e+00,3.400305271148681641e+00,3.030191183090209961e+00,2.813369035720825195e+00,2.551676034927368164e+00,2.423238039016723633e+00,2.084160566329956055e+00,2.049343347549438477e+00,2.119972944259643555e+00,1.773469448089599609e+00,1.639345169067382812e+00,1.921018958091735840e+00,1.842952609062194824e+00
2.765530347824096680e+00,2.494383335113525391e+00,2.262028694152832031e+00,1.928787589073181152e+00,1.614063739776611328e+00,1.304098486900329590e+00,1.079079508781433105e+00,7.766990065574645996e-01,6.781539916992187500e-01,5.914679169654846191e-01,3.729941844940185547e-01,0.000000000000000000e+00,3.766932785511016846e-01,6.009514927864074707e-01,7.253621220588684082e-01,1.868221402168273926e+00,1.993979215621948242e+00,2.022895097732543945e+00,2.053734779357910156e+00,1.892836809158325195e+00,2.152014970779418945e+00,2.193159818649291992e+00,1.997661113739013672e+00,2.326310873031616211e+00,2.472012758255004883e+00,2.252730369567871094e+00,2.365200042724609375e+00,2.712817192077636719e+00,2.753999948501586914e+00,2.794844388961791992e+00,3.786762952804565430e+00,3.576817750930786133e+00,3.827273130416870117e+00,3.773601293563842773e+00,3.530468702316284180e+00,3.802539348602294922e+00,3.802438497543334961e+00,3.558655738830566406e+00,3.871118545532226562e+00,4.020676612854003906e+00,3.752138137817382812e+00,3.838473081588745117e+00,4.191044807434082031e+00,4.197437763214111328e+00,4.156724452972412109e+00,5.501295566558837891e+00,5.241236686706542969e+00,5.295785903930664062e+00,5.192114830017089844e+00,4.939578056335449219e+00,4.601961612701416016e+00,4.786658763885498047e+00,4.512088298797607422e+00,4.658579349517822266e+00,4.476818084716796875e+00,4.366549968719482422e+00,4.591232776641845703e+00,4.535215854644775391e+00,4.760190963745117188e+00,4.988974571228027344e+00,4.045904636383056641e+00,3.757656097412109375e+00,3.568985700607299805e+00,3.263950586318969727e+00,2.885775804519653320e+00,2.647781133651733398e+00,2.407169818878173828e+00,2.229727268218994141e+00,1.914523363113403320e+00,1.897800683975219727e+00,1.906521201133728027e+00,1.541890501976013184e+00,1.459836959838867188e+00,1.716165065765380859e+00,1.590814113616943359e+00
3.004500627517700195e+00,2.704395771026611328e+00,2.486414670944213867e+00,2.173124790191650391e+00,1.886008501052856445e+00,1.554950237274169922e+00,1.271759867668151855e+00,1.042732119560241699e+00,8.335679173469543457e-01,6.560184955596923828e-01,5.878154635429382324e-01,3.766932785511016846e-01,0.000000000000000000e+00,3.866645395755767822e-01,5.993236899375915527e-01,1.554491758346557617e+00,1.719375967979431152e+00,1.777902364730834961e+00,1.818847179412841797e+00,1.721008181571960449e+00,1.991891622543334961e+00,2.021842718124389648e+00,1.874817728996276855e+00,2.225874185562133789e+00,2.329273939132690430e+00,2.120494842529296875e+00,2.288129091262817383e+00,2.616286754608154297e+00,2.614983558654785156e+00,2.678326845169067383e+00,3.733068943023681641e+00,3.550456762313842773e+00,3.826256752014160156e+00,3.806230545043945312e+00,3.594269752502441406e+00,3.880544662475585938e+00,3.877689361572265625e+00,3.658418178558349609e+00,3.989270210266113281e+00,4.114027976989746094e+00,3.844685077667236328e+00,3.962459802627563477e+00,4.303301811218261719e+00,4.282517910003662109e+00,4.252306938171386719e+00,5.686096668243408203e+00,5.439771652221679688e+00,5.514323234558105469e+00,5.428564548492431641e+00,5.192159175872802734e+00,4.860321521759033203e+00,5.058766841888427734e+00,4.798258781433105469e+00,4.949246883392333984e+00,4.759380340576171875e+00,4.669129371643066406e+00,4.896378517150878906e+00,4.833994388580322266e+00,5.044491767883300781e+00,5.284036636352539062e+00,4.340962409973144531e+00,4.064198017120361328e+00,3.885492563247680664e+00,3.589590072631835938e+00,3.208586454391479492e+00,2.960526943206787109e+00,2.732889652252197266e+00,2.527530670166015625e+00,2.232085466384887695e+00,2.218381643295288086e+00,2.184918403625488281e+00,1.815409183502197266e+00,1.754370570182800293e+00,1.966477513313293457e+00,1.786512494087219238e+00
3.164417505264282227e+00,2.857941150665283203e+00,2.605470418930053711e+00,2.287863254547119141e+00,2.033070325851440430e+00,1.686252951622009277e+00,1.414024710655212402e+00,1.235419869422912598e+00,1.091993093490600586e+00,8.021280169486999512e-01,6.632003188133239746e-01,6.009514927864074707e-01,3.866645395755767822e-01,0.000000000000000000e+00,3.548025488853454590e-01,1.597671031951904297e+00,1.826725721359252930e+00,1.955654025077819824e+00,2.047931194305419922e+00,1.990672469139099121e+00,2.286695480346679688e+00,2.331908941268920898e+00,2.219741344451904297e+00,2.576452255249023438e+00,2.664301633834838867e+00,2.463196516036987305e+00,2.651357412338256836e+00,2.970226287841796875e+00,2.945374727249145508e+00,3.009982109069824219e+00,4.090815067291259766e+00,3.912423133850097656e+00,4.196046352386474609e+00,4.183604240417480469e+00,3.973914146423339844e+00,4.263677120208740234e+00,4.263986587524414062e+00,4.044064521789550781e+00,4.373289585113525391e+00,4.499522209167480469e+00,4.227858543395996094e+00,4.341212749481201172e+00,4.683474540710449219e+00,4.661011219024658203e+00,4.623405456542968750e+00,6.056511402130126953e+00,5.805319309234619141e+00,5.871643543243408203e+00,5.776810169219970703e+00,5.530887603759765625e+00,5.195008754730224609e+00,5.382433891296386719e+00,5.110788345336914062e+00,5.253714561462402344e+00,5.064799308776855469e+00,4.956799030303955078e+00,5.173907756805419922e+00,5.106246471405029297e+00,5.324677467346191406e+00,5.548285007476806641e+00,4.534864902496337891e+00,4.243760108947753906e+00,4.081550598144531250e+00,3.767184257507324219e+00,3.383425235748291016e+00,3.165529012680053711e+00,2.905836582183837891e+00,2.721982717514038086e+00,2.430997610092163086e+00,2.358760833740234375e+00,2.338738203048706055e+00,1.986796379089355469e+00,1.859898686408996582e+00,2.038271903991699219e+00,1.857567071914672852e+00
3.396281957626342773e+00,3.111042976379394531e+00,2.845082998275756836e+00,2.510571002960205078e+00,2.235508918762207031e+00,1.904523730278015137e+00,1.670547008514404297e+00,1.441145777702331543e+00,1.342715620994567871e+00,1.096922278404235840e+00,8.661355972290039062e-01,7.253621220588684082e-01,5.993236899375915527e-01,3.548025488853454590e-01,0.000000000000000000e+00,1.888504147529602051e+00,2.136100053787231445e+00,2.259109020233154297e+00,2.324100494384765625e+00,2.278115272521972656e+00,2.550842761993408203e+00,2.558315992355346680e+00,2.420464038848876953e+00,2.776748180389404297e+00,2.841272592544555664e+00,2.603031396865844727e+00,2.777636289596557617e+00,3.093207120895385742e+00,3.048815250396728516e+00,3.076137781143188477e+00,4.296944618225097656e+00,4.125700950622558594e+00,4.397313117980957031e+00,4.369443893432617188e+00,4.152193546295166016e+00,4.423213005065917969e+00,4.397692680358886719e+00,4.159452915191650391e+00,4.482978343963623047e+00,4.597977161407470703e+00,4.306763172149658203e+00,4.403812885284423828e+00,4.747214317321777344e+00,4.714567661285400391e+00,4.650324821472167969e+00,6.141574382781982422e+00,5.894797325134277344e+00,5.950637340545654297e+00,5.842274665832519531e+00,5.590964317321777344e+00,5.249150276184082031e+00,5.415825843811035156e+00,5.141401767730712891e+00,5.259348392486572266e+00,5.053069591522216797e+00,4.940578460693359375e+00,5.136883735656738281e+00,5.047584056854248047e+00,5.259251594543457031e+00,5.469343662261962891e+00,4.379449367523193359e+00,4.088694095611572266e+00,3.952657699584960938e+00,3.635266542434692383e+00,3.249034404754638672e+00,3.048818826675415039e+00,2.778953552246093750e+00,2.586616277694702148e+00,2.324795722961425781e+00,2.212672472000122070e+00,2.164052963256835938e+00,1.831145405769348145e+00,1.684367895126342773e+00,1.807941198348999023e+00,1.603694319725036621e+00
3.499812602996826172e+00,3.120225906372070312e+00,3.008905649185180664e+00,2.837826013565063477e+00,2.705250263214111328e+00,2.390878915786743164e+00,2.035985231399536133e+00,2.091140985488891602e+00,1.767759799957275391e+00,1.587471485137939453e+00,1.859010815620422363e+00,1.868221402168273926e+00,1.554491758346557617e+00,1.597671031951904297e+00,1.888504147529602051e+00,0.000000000000000000e+00,3.846676945686340332e-01,7.078201174736022949e-01,9.700092673301696777e-01,1.170777201652526855e+00,1.469230175018310547e+00,1.611593723297119141e+00,1.791711926460266113e+00,2.087576150894165039e+00,2.110651731491088867e+00,2.131031513214111328e+00,2.448758363723754883e+00,2.651734113693237305e+00,2.587587594985961914e+00,2.818123579025268555e+00,3.444149255752563477e+00,3.341226100921630859e+00,3.702049016952514648e+00,3.829143285751342773e+00,3.747105836868286133e+00,4.098751068115234375e+00,4.165013790130615234e+00,4.080182552337646484e+00,4.442428112030029297e+00,4.527192592620849609e+00,4.332222461700439453e+00,4.559045791625976562e+00,4.843503952026367188e+00,4.784926414489746094e+00,4.852670192718505859e+00,6.273280143737792969e+00,6.057983875274658203e+00,6.204822540283203125e+00,6.199162006378173828e+00,6.021999835968017578e+00,5.731208324432373047e+00,6.003287792205810547e+00,5.789105892181396484e+00,6.003977298736572266e+00,5.844843864440917969e+00,5.808507919311523438e+00,6.080914020538330078e+00,6.055983543395996094e+00,6.246501445770263672e+00,6.531356811523437500e+00,5.766456127166748047e+00,5.515117645263671875e+00,5.309825897216796875e+00,5.041883945465087891e+00,4.672067642211914062e+00,4.388396263122558594e+00,4.205011367797851562e+00,3.984671831130981445e+00,3.686290264129638672e+00,3.733291387557983398e+00,3.690160512924194336e+00,3.314030885696411133e+00,3.298233985900878906e+00,3.508216142654418945e+00,3.297621250152587891e+00
3.343970775604248047e+00,2.966165542602539062e+00,2.899073362350463867e+00,2.762118816375732422e+00,2.645918846130371094e+00,2.361704111099243164e+00,2.016701459884643555e+00,2.101834297180175781e+00,1.769801259040832520e+00,1.659426450729370117e+00,1.977045178413391113e+00,1.993979215621948242e+00,1.719375967979431152e+00,1.826725721359252930e+00,2.136100053787231445e+00,3.846676945686340332e-01,0.000000000000000000e+00,3.686033189296722412e-01,6.988725662231445312e-01,8.906560540199279785e-01,1.182616829872131348e+00,1.381226539611816406e+00,1.601460099220275879e+00,1.858430624008178711e+00,1.912301898002624512e+00,1.991601228713989258e+00,2.295894622802734375e+00,2.486066341400146484e+00,2.459059953689575195e+00,2.719073295593261719e+00,3.137793302536010742e+00,3.030322551727294922e+00,3.395468711853027344e+00,3.537397146224975586e+00,3.469788551330566406e+00,3.830385923385620117e+00,3.919279098510742188e+00,3.858215808868408203e+00,4.216844558715820312e+00,4.307371139526367188e+00,4.137505054473876953e+00,4.376041412353515625e+00,4.650690555572509766e+00,4.602705955505371094e+00,4.695655822753906250e+00,6.042204856872558594e+00,5.829349994659423828e+00,5.987203121185302734e+00,5.997430801391601562e+00,5.832627773284912109e+00,5.553972721099853516e+00,5.842369079589843750e+00,5.639965057373046875e+00,5.872743129730224609e+00,5.728303432464599609e+00,5.704131126403808594e+00,5.990395069122314453e+00,5.982712745666503906e+00,6.171309471130371094e+00,6.467827796936035156e+00,5.790917873382568359e+00,5.548377513885498047e+00,5.324852943420410156e+00,5.070690631866455078e+00,4.711014270782470703e+00,4.413908958435058594e+00,4.252403259277343750e+00,4.035859584808349609e+00,3.731815099716186523e+00,3.814906597137451172e+00,3.782647848129272461e+00,3.406508922576904297e+00,3.416873693466186523e+00,3.652514457702636719e+00,3.458169937133789062e+00
3.258833169937133789e+00,2.894735574722290039e+00,2.864496946334838867e+00,2.738817691802978516e+00,2.606491088867187500e+00,2.349807977676391602e+00,2.017310619354248047e+00,2.083284616470336914e+00,1.737605810165405273e+00,1.708294630050659180e+00,2.038408756256103516e+00,2.022895097732543945e+00,1.777902364730834961e+00,1.955654025077819824e+00,2.259109020233154297e+00,7.078201174736022949e-01,3.686033189296722412e-01,0.000000000000000000e+00,3.619488477706909180e-01,5.566027164459228516e-01,8.202142715454101562e-01,1.041022419929504395e+00,1.283963322639465332e+00,1.513277053833007812e+00,1.583526015281677246e+00,1.697812557220458984e+00,1.989303469657897949e+00,2.169408082962036133e+00,2.170039653778076172e+00,2.445414543151855469e+00,2.769981384277343750e+00,2.662533760070800781e+00,3.028438806533813477e+00,3.174830913543701172e+00,3.116988897323608398e+00,3.477923631668090820e+00,3.569313764572143555e+00,3.521836042404174805e+00,3.880438566207885742e+00,3.965807437896728516e+00,3.806948661804199219e+00,4.055304050445556641e+00,4.320905208587646484e+00,4.273261547088623047e+00,4.379828453063964844e+00,5.712204933166503906e+00,5.507217407226562500e+00,5.675335407257080078e+00,5.697848320007324219e+00,5.546441555023193359e+00,5.276646137237548828e+00,5.575105667114257812e+00,5.387509346008300781e+00,5.627002716064453125e+00,5.484784126281738281e+00,5.478771686553955078e+00,5.771351337432861328e+00,5.769428730010986328e+00,5.948000907897949219e+00,6.255829334259033203e+00,5.649412631988525391e+00,5.422127723693847656e+00,5.189331054687500000e+00,4.954364299774169922e+00,4.604310035705566406e+00,4.291701316833496094e+00,4.158558368682861328e+00,3.933317899703979492e+00,3.636725187301635742e+00,3.756356716156005859e+00,3.716622591018676758e+00,3.344224214553833008e+00,3.392557621002197266e+00,3.638819456100463867e+00,3.450081348419189453e+00
3.349629640579223633e+00,3.004309415817260742e+00,2.992454528808593750e+00,2.858260869979858398e+00,2.692405462265014648e+00,2.451389312744140625e+00,2.129187583923339844e+00,2.143947601318359375e+00,1.785875201225280762e+00,1.815246582031250000e+00,2.125722169876098633e+00,2.053734779357910156e+00,1.818847179412841797e+00,2.047931194305419922e+00,2.324100494384765625e+00,9.700092673301696777e-01,6.988725662231445312e-01,3.619488477706909180e-01,0.000000000000000000e+00,3.951978981494903564e-01,5.317767858505249023e-01,6.905097365379333496e-01,9.645344018936157227e-01,1.183629870414733887e+00,1.225586414337158203e+00,1.353268027305603027e+00,1.652013421058654785e+00,1.814906358718872070e+00,1.813646435737609863e+00,2.096828937530517578e+00,2.475257158279418945e+00,2.385198116302490234e+00,2.750898122787475586e+00,2.898957252502441406e+00,2.853761672973632812e+00,3.205754756927490234e+00,3.277124404907226562e+00,3.236457824707031250e+00,3.600463390350341797e+00,3.664509534835815430e+00,3.500960588455200195e+00,3.761158943176269531e+00,4.016655445098876953e+00,3.953035593032836914e+00,4.061314582824707031e+00,5.455205917358398438e+00,5.264713764190673828e+00,5.443343162536621094e+00,5.475092411041259766e+00,5.337961196899414062e+00,5.073393821716308594e+00,5.375142574310302734e+00,5.203946590423583984e+00,5.438345432281494141e+00,5.285145282745361328e+00,5.301179885864257812e+00,5.591582298278808594e+00,5.582437992095947266e+00,5.743790626525878906e+00,6.061287403106689453e+00,5.491708755493164062e+00,5.283074378967285156e+00,5.052770137786865234e+00,4.837866306304931641e+00,4.494011402130126953e+00,4.167089939117431641e+00,4.061889648437500000e+00,3.816122770309448242e+00,3.538984775543212891e+00,3.685719013214111328e+00,3.620341777801513672e+00,3.254016637802124023e+00,3.342400789260864258e+00,3.579770803451538086e+00,3.382147789001464844e+00
2.987519264221191406e+00,2.653489589691162109e+00,2.657937288284301758e+00,2.531451463699340820e+00,2.362853765487670898e+00,2.148687362670898438e+00,1.848278284072875977e+00,1.870664000511169434e+00,1.526908159255981445e+00,1.622045278549194336e+00,1.947386145591735840e+00,1.892836809158325195e+00,1.721008181571960449e+00,1.990672469139099121e+00,2.278115272521972656e+00,1.170777201652526855e+00,8.906560540199279785e-01,5.566027164459228516e-01,3.951978981494903564e-01,0.000000000000000000e+00,3.722247481346130371e-01,6.531331539154052734e-01,8.134234547615051270e-01,1.029055476188659668e+00,1.191682934761047363e+00,1.307356715202331543e+00,1.538735389709472656e+00,1.750820636749267578e+00,1.827951908111572266e+00,2.093739271163940430e+00,2.342727661132812500e+00,2.199579477310180664e+00,2.550658702850341797e+00,2.665998697280883789e+00,2.584025859832763672e+00,2.942098140716552734e+00,3.031921625137329102e+00,2.973886728286743164e+00,3.330479860305786133e+00,3.426675796508789062e+00,3.270858526229858398e+00,3.512882709503173828e+00,3.782595396041870117e+00,3.750604152679443359e+00,3.862154722213745117e+00,5.158051013946533203e+00,4.952247142791748047e+00,5.120259284973144531e+00,5.144252777099609375e+00,4.997370719909667969e+00,4.731016159057617188e+00,5.033882617950439453e+00,4.855610370635986328e+00,5.098816871643066406e+00,4.959291458129882812e+00,4.966237545013427734e+00,5.264048576354980469e+00,5.269201755523681641e+00,5.441662788391113281e+00,5.757829189300537109e+00,5.230522632598876953e+00,5.018535614013671875e+00,4.772742271423339844e+00,4.559767723083496094e+00,4.224721431732177734e+00,3.897498607635498047e+00,3.798439502716064453e+00,3.571329832077026367e+00,3.282730102539062500e+00,3.448768138885498047e+00,3.409855842590332031e+00,3.048848152160644531e+00,3.142700672149658203e+00,3.408065557479858398e+00,3.241860866546630859e+00
3.165735960006713867e+00,2.854184627532958984e+00,2.893065214157104492e+00,2.780462026596069336e+00,2.602256059646606445e+00,2.416778802871704102e+00,2.137926578521728516e+00,2.134390830993652344e+00,1.797440886497497559e+00,1.935455322265625000e+00,2.242856264114379883e+00,2.152014970779418945e+00,1.991891622543334961e+00,2.286695480346679688e+00,2.550842761993408203e+00,1.469230175018310547e+00,1.182616829872131348e+00,8.202142715454101562e-01,5.317767858505249023e-01,3.722247481346130371e-01,0.000000000000000000e+00,3.645747900009155273e-01,6.105993986129760742e-01,7.269797921180725098e-01,8.825187683105468750e-01,1.077947020530700684e+00,1.296424269676208496e+00,1.460704445838928223e+00,1.557315587997436523e+00,1.848264694213867188e+00,1.992904543876647949e+00,1.874599933624267578e+00,2.233759164810180664e+00,2.371113777160644531e+00,2.323507547378540039e+00,2.677933454513549805e+00,2.760906934738159180e+00,2.733236312866210938e+00,3.092954874038696289e+00,3.164232969284057617e+00,3.021634817123413086e+00,3.287341833114624023e+00,3.535404920578002930e+00,3.488107204437255859e+00,3.618152379989624023e+00,4.941262722015380859e+00,4.754802703857421875e+00,4.942205429077148438e+00,4.987069606781005859e+00,4.864296436309814453e+00,4.612317562103271484e+00,4.926868438720703125e+00,4.773555278778076172e+00,5.019762516021728516e+00,4.876965522766113281e+00,4.913104534149169922e+00,5.213500022888183594e+00,5.218931674957275391e+00,5.371388912200927734e+00,5.701315402984619141e+00,5.247296810150146484e+00,5.058223247528076172e+00,4.811039924621582031e+00,4.623851776123046875e+00,4.301031589508056641e+00,3.959431409835815430e+00,3.895015716552734375e+00,3.652085781097412109e+00,3.385178327560424805e+00,3.582939386367797852e+00,3.522770166397094727e+00,3.173248767852783203e+00,3.307066917419433594e+00,3.564138174057006836e+00,3.393295049667358398e+00
