,A1,A2,A3,A4,A5,A6,A7,A8,A9,A10,A11,A12,A13,A14,A15,B1,B2,B3,B4,B5,B6,B7,B8,B9,B10,B11,B12,B13,B14,B15,C1,C2,C3,C4,C5,C6,C7,C8,C9,C10,C11,C12,C13,C14,C15,D1,D2,D3,D4,D5,D6,D7,D8,D9,D10,D11,D12,D13,D14,D15,E1,E2,E3,E4,E5,E6,E7,E8,E9,E10,E11,E12,E13,E14,E15
A1,0.0,0.3753662407398224,0.7135147452354431,1.0240390300750732,1.374834656715393,1.6888741254806519,1.9659985303878784,2.3065073490142822,2.5168323516845703,2.863178253173828,3.187866687774658,3.3997128009796143,3.5925662517547607,3.795511245727539,4.129748821258545,3.7406229972839355,3.694002628326416,3.4850947856903076,3.5737805366516113,3.640519142150879,3.6713263988494873,3.9199764728546143,4.0187458992004395,4.371675968170166,4.56817626953125,4.910878658294678,5.241090297698975,5.506317138671875,5.70913553237915,6.050779342651367,6.160256385803223,6.200608730316162,5.861001491546631,5.966408729553223,5.75696325302124,5.658579349517822,5.752303123474121,5.623016834259033,5.777791500091553,6.09266996383667,6.059778690338135,6.389725685119629,6.518011569976807,6.897439002990723,6.989785671234131,7.23588228225708,6.934703826904297,6.630533695220947,6.331705093383789,5.948818206787109,5.820812702178955,5.44206428527832,5.242271900177002,5.075068950653076,5.260257720947266,5.105595111846924,5.290310859680176,5.300877094268799,5.629369735717773,5.638835430145264,4.6757612228393555,4.334646701812744,4.377915382385254,4.161330223083496,4.261447906494141,4.182703971862793,4.054286003112793,3.9314355850219727,4.01637077331543,3.8278396129608154,3.8169257640838623,3.595712900161743,3.5017800331115723,3.296797752380371,3.1007883548736572
A2,0.3753662407398224,0.0,0.3569695055484772,0.6697877049446106,1.0369988679885864,1.3571611642837524,1.632484793663025,1.9763151407241821,2.1796607971191406,2.5224521160125732,2.853083610534668,3.0798346996307373,3.2610890865325928,3.4782800674438477,3.8108456134796143,3.562985420227051,3.4945619106292725,3.295931816101074,3.3629212379455566,3.443873405456543,3.4478230476379395,3.704972505569458,3.779766798019409,4.133573055267334,4.309282302856445,4.64518404006958,4.970055103302002,5.228132247924805,5.428097724914551,5.767523765563965,5.994963645935059,6.042473316192627,5.709636688232422,5.819897651672363,5.607553958892822,5.488365173339844,5.586277484893799,5.438096046447754,5.592123985290527,5.897100925445557,5.8461127281188965,6.174320220947266,6.285802364349365,6.662467956542969,6.739974021911621,7.080440521240234,6.790006637573242,6.493393898010254,6.202034950256348,5.818373680114746,5.683802604675293,5.304364204406738,5.090763092041016,4.903636932373047,5.068504810333252,4.893320560455322,5.058803558349609,5.047657489776611,5.3655266761779785,5.357377529144287,4.417472839355469,4.089128017425537,4.153274059295654,3.9603826999664307,4.081479072570801,4.032384872436523,3.9343621730804443,3.8347322940826416,3.9510436058044434,3.782639265060425,3.805821657180786,3.614717483520508,3.548802137374878,3.3744688034057617,3.2081265449523926
A3,0.7135147452354431,0.3569695055484772,0.0,0.32466989755630493,0.6955472230911255,1.0038472414016724,1.2912428379058838,1.6282411813735962,1.8435825109481812,2.1790876388549805,2.5106024742126465,2.7475812435150146,2.9330427646636963,3.1647567749023438,3.4968740940093994,3.3207859992980957,3.227964162826538,3.0313074588775635,3.0758166313171387,3.1617283821105957,3.1447181701660156,3.405360698699951,3.4642419815063477,3.818023204803467,3.9810144901275635,4.312765121459961,4.634453296661377,4.888979434967041,5.088502883911133,5.427091121673584,5.730958938598633,5.780932426452637,5.452911853790283,5.564582347869873,5.349406719207764,5.214970111846924,5.315352916717529,5.154292106628418,5.308340072631836,5.606419086456299,5.544221878051758,5.871824741363525,5.973163604736328,6.347739219665527,6.41698694229126,6.814723014831543,6.532650470733643,6.24240779876709,5.957736015319824,5.574620246887207,5.436920642852783,5.0585408210754395,4.836857318878174,4.636771202087402,4.788060665130615,4.599891662597656,4.753207206726074,4.728689670562744,5.039671421051025,5.022976398468018,4.091775417327881,3.7720279693603516,3.8471577167510986,3.6719818115234375,3.805854082107544,3.7790820598602295,3.706317186355591,3.6249589920043945,3.7675907611846924,3.6168265342712402,3.6703968048095703,3.5080137252807617,3.4698634147644043,3.3257076740264893,3.1914680004119873
A4,1.0240390300750732,0.6697877049446106,0.32466989755630493,0.0,0.37857547402381897,0.7066134214401245,0.9711354374885559,1.3137589693069458,1.5197415351867676,1.8559495210647583,2.188369035720825,2.4277703762054443,2.60956072807312,2.8459291458129883,3.1772706508636475,3.0902273654937744,2.9845361709594727,2.802725076675415,2.8361597061157227,2.9416956901550293,2.910741090774536,3.1850390434265137,3.232013702392578,3.5892155170440674,3.732649803161621,4.057856559753418,4.371943473815918,4.6163716316223145,4.8065032958984375,5.1417975425720215,5.511902332305908,5.571916103363037,5.25234317779541,5.373280048370361,5.162779808044434,5.016119003295898,5.1272993087768555,4.956157684326172,5.117152690887451,5.408782482147217,5.336119174957275,5.665641784667969,5.755411148071289,6.126620769500732,6.185898780822754,6.634244441986084,6.362668514251709,6.081817150115967,5.807827472686768,5.427608013153076,5.293105125427246,4.918741703033447,4.693586349487305,4.482432842254639,4.620049476623535,4.41788911819458,4.556334018707275,4.513573169708252,4.813372611999512,4.784381866455078,3.821826219558716,3.5105247497558594,3.6069090366363525,3.4466373920440674,3.60314679145813,3.601003408432007,3.5500922203063965,3.4966659545898438,3.6594603061676025,3.5350849628448486,3.6132304668426514,3.4820456504821777,3.461254835128784,3.3501317501068115,3.236818313598633
A5,1.374834656715393,1.0369988679885864,0.6955472230911255,0.37857547402381897,0.0,0.3775983154773712,0.596392035484314,0.942655622959137,1.153321623802185,1.4903813600540161,1.8181458711624146,2.0525875091552734,2.245211124420166,2.4844796657562256,2.816542148590088,2.7756779193878174,2.6536896228790283,2.484959125518799,2.5068066120147705,2.6321356296539307,2.591327428817749,2.8809680938720703,2.9222254753112793,3.2840254306793213,3.4099326133728027,3.7294998168945312,4.0357346534729,4.270104885101318,4.449375629425049,4.781805038452148,5.1940107345581055,5.263590335845947,4.952744483947754,5.083456516265869,4.8796563148498535,4.723366737365723,4.847609519958496,4.669859409332275,4.841135025024414,5.1278910636901855,5.0487470626831055,5.38206148147583,5.4635748863220215,5.83125638961792,5.884042263031006,6.3605546951293945,6.099637985229492,5.829245567321777,5.567732810974121,5.192213535308838,5.065221786499023,4.697421550750732,4.47362756729126,4.255600452423096,4.382791519165039,4.170506000518799,4.297025680541992,4.239174842834473,4.528135299682617,4.491915225982666,3.468989372253418,3.163200855255127,3.279083490371704,3.1304495334625244,3.3097939491271973,3.3316667079925537,3.3022234439849854,3.2802789211273193,3.4624276161193848,3.369236946105957,3.4732203483581543,3.3788182735443115,3.3775315284729004,3.305979013442993,3.218688726425171
A6,1.6888741254806519,1.3571611642837524,1.0038472414016724,0.7066134214401245,0.3775983154773712,0.0,0.39879682660102844,0.6474249958992004,0.941880464553833,1.233357310295105,1.5531598329544067,1.8107969760894775,2.0286383628845215,2.2998762130737305,2.6267480850219727,2.6319189071655273,2.463158369064331,2.281996011734009,2.2538630962371826,2.362653970718384,2.2837679386138916,2.561532497406006,2.5774428844451904,2.933042287826538,3.051882028579712,3.3692831993103027,3.67722487449646,3.916269063949585,4.106698036193848,4.441702365875244,4.9378485679626465,4.998971462249756,4.690288066864014,4.811182975769043,4.596667766571045,4.422235488891602,4.538371562957764,4.345506191253662,4.508416175842285,4.786640167236328,4.696582317352295,5.025942802429199,5.09994649887085,5.466428756713867,5.514480113983154,6.0458760261535645,5.791460037231445,5.525174140930176,5.267409801483154,4.8926568031311035,4.757237911224365,4.390847206115723,4.156744003295898,3.9258460998535156,4.038459777832031,3.8157715797424316,3.932420253753662,3.866950511932373,4.153030872344971,4.114542007446289,3.1436939239501953,2.849487781524658,2.96380615234375,2.8424222469329834,3.022467613220215,3.068432331085205,3.0742979049682617,3.0630295276641846,3.277613878250122,3.1965856552124023,3.3364946842193604,3.2719972133636475,3.309847593307495,3.265935182571411,3.223227024078369
A7,1.9659985303878784,1.632484793663025,1.2912428379058838,0.9711354374885559,0.596392035484314,0.39879682660102844,0.0,0.3725128471851349,0.5689753890037537,0.9002187252044678,1.2228386402130127,1.4609882831573486,1.6617381572723389,1.9173692464828491,2.246846914291382,2.4002983570098877,2.2413878440856934,2.1111602783203125,2.0973925590515137,2.264099597930908,2.1891462802886963,2.5021259784698486,2.5159778594970703,2.8774638175964355,2.9574623107910156,3.2584569454193115,3.5448691844940186,3.7559969425201416,3.914207935333252,4.238941192626953,4.781888008117676,4.8695783615112305,4.5787835121154785,4.725639343261719,4.5330586433410645,4.353363037109375,4.498169898986816,4.302552700042725,4.486820697784424,4.757726192474365,4.659654140472412,4.994555473327637,5.053688049316406,5.411981105804443,5.446391582489014,6.011139869689941,5.772892475128174,5.523641586303711,5.286311149597168,4.9215569496154785,4.803699970245361,4.450343132019043,4.225110054016113,3.990424633026123,4.088883876800537,3.8534693717956543,3.948678970336914,3.8554606437683105,4.117712497711182,4.059516429901123,2.963899612426758,2.6808829307556152,2.8431103229522705,2.732693910598755,2.958470344543457,3.0351428985595703,3.0561389923095703,3.0944952964782715,3.3135805130004883,3.2772409915924072,3.427672863006592,3.397869110107422,3.432147979736328,3.4240663051605225,3.3809831142425537
A8,2.3065073490142822,1.9763151407241821,1.6282411813735962,1.3137589693069458,0.942655622959137,0.6474249958992004,0.3725128471851349,0.0,0.3870949447154999,0.6091580390930176,0.9108494520187378,1.1708332300186157,1.4031404256820679,1.6901624202728271,2.0098955631256104,2.2500240802764893,2.0446653366088867,1.9200763702392578,1.8536896705627441,2.0199174880981445,1.9043806791305542,2.213740348815918,2.199225425720215,2.55370831489563,2.6116209030151367,2.9039156436920166,3.184433698654175,3.3912408351898193,3.550652503967285,3.875227212905884,4.513312816619873,4.599755764007568,4.31728458404541,4.461403846740723,4.265634536743164,4.067275047302246,4.212500095367432,4.002180576324463,4.184638500213623,4.444260120391846,4.333837985992432,4.666171073913574,4.713896751403809,5.068045139312744,5.094412326812744,5.71735954284668,5.490542411804199,5.2509846687316895,5.024240493774414,4.664880752563477,4.545330047607422,4.199520587921143,3.969181537628174,3.722984552383423,3.8025479316711426,3.554741144180298,3.6331257820129395,3.5240719318389893,3.7748749256134033,3.709277629852295,2.621983289718628,2.3563232421875,2.533139944076538,2.4572091102600098,2.6974122524261475,2.8087167739868164,2.8703548908233643,2.9345314502716064,3.183128595352173,3.17222261428833,3.3568224906921387,3.364354372024536,3.4321935176849365,3.4575765132904053,3.453382968902588
A9,2.5168323516845703,2.1796607971191406,1.8435825109481812,1.5197415351867676,1.153321623802185,0.941880464553833,0.5689753890037537,0.3870949447154999,0.0,0.3693990111351013,0.6873732805252075,0.9304099678993225,1.0968055725097656,1.3707691431045532,1.6936336755752563,2.219398021697998,2.0400538444519043,1.985119342803955,1.9424363374710083,2.166041851043701,2.05759859085083,2.388948917388916,2.365708351135254,2.712427854537964,2.723452091217041,2.988347291946411,3.2388100624084473,3.409696340560913,3.531087875366211,3.8391036987304688,4.553075790405273,4.6680145263671875,4.406946182250977,4.576277732849121,4.403571128845215,4.200710296630859,4.370772361755371,4.1573357582092285,4.355075359344482,4.602635383605957,4.480923652648926,4.8128252029418945,4.840844631195068,5.183401107788086,5.190903663635254,5.8683552742004395,5.658580780029297,5.436069488525391,5.228638648986816,4.880273818969727,4.774286270141602,4.441693305969238,4.21788215637207,3.967902660369873,4.029943943023682,3.7697224617004395,3.8223304748535156,3.683043956756592,3.904611587524414,3.811845064163208,2.6463842391967773,2.406266927719116,2.6356277465820312,2.5772294998168945,2.8580191135406494,2.9955825805664062,3.066859722137451,3.1702070236206055,3.4142284393310547,3.435803174972534,3.6195709705352783,3.6453750133514404,3.7009191513061523,3.743426561355591,3.7264580726623535
A10,2.863178253173828,2.5224521160125732,2.1790876388549805,1.8559495210647583,1.4903813600540161,1.233357310295105,0.9002187252044678,0.6091580390930176,0.3693990111351013,0.0,0.343736857175827,0.6601558923721313,0.822519838809967,1.1532179117202759,1.4527151584625244,2.2076878547668457,1.9884369373321533,1.9578857421875,1.860610842704773,2.085354804992676,1.9305814504623413,2.2473530769348145,2.1812903881073,2.5059597492218018,2.4746253490448,2.715435266494751,2.9477100372314453,3.1024293899536133,3.2170217037200928,3.5187740325927734,4.385714054107666,4.503246307373047,4.257558822631836,4.425534725189209,4.25270414352417,4.027249813079834,4.197943210601807,3.965899705886841,4.1588215827941895,4.3870697021484375,4.245947360992432,4.570144176483154,4.577502727508545,4.910941123962402,4.9018425941467285,5.674347877502441,5.481385707855225,5.273029804229736,5.080406188964844,4.741222381591797,4.632562160491943,4.311763763427734,4.081733226776123,3.817819833755493,3.851390838623047,3.5744335651397705,3.598489284515381,3.432349443435669,3.630722761154175,3.51835298538208,2.3914682865142822,2.190155267715454,2.4473793506622314,2.4405605792999268,2.738649606704712,2.9175217151641846,3.033550262451172,3.164196252822876,3.4339182376861572,3.4804797172546387,3.6938679218292236,3.7525861263275146,3.836651563644409,3.9058072566986084,3.9200797080993652
A11,3.187866687774658,2.853083610534668,2.5106024742126465,2.188369035720825,1.8181458711624146,1.5531598329544067,1.2228386402130127,0.9108494520187378,0.6873732805252075,0.343736857175827,0.0,0.3655872941017151,0.5520146489143372,0.9011625051498413,1.175843358039856,2.08996844291687,1.8532639741897583,1.865204930305481,1.7437036037445068,1.9881577491760254,1.8197718858718872,2.133554458618164,2.052600860595703,2.358060359954834,2.285706043243408,2.4996416568756104,2.7056639194488525,2.8341779708862305,2.924028158187866,3.2158145904541016,4.156224250793457,4.2861528396606445,4.059207916259766,4.237537384033203,4.0782470703125,3.8431482315063477,4.028435707092285,3.7916276454925537,3.993994951248169,4.208834171295166,4.060181140899658,4.382822036743164,4.377047061920166,4.699825286865234,4.680644989013672,5.4850687980651855,5.308907985687256,5.1175689697265625,4.944560527801514,4.618841648101807,4.522102355957031,4.218644142150879,3.9972920417785645,3.7331202030181885,3.7500431537628174,3.4680585861206055,3.4718446731567383,3.286350965499878,3.4594311714172363,3.336397647857666,2.1385185718536377,1.9690312147140503,2.261800765991211,2.2881405353546143,2.611124277114868,2.8224174976348877,2.966712713241577,3.133329153060913,3.412332773208618,3.492840528488159,3.7230923175811768,3.8152027130126953,3.9132144451141357,4.012807846069336,4.0466814041137695
A12,3.3997128009796143,3.0798346996307373,2.7475812435150146,2.4277703762054443,2.0525875091552734,1.8107969760894775,1.4609882831573486,1.1708332300186157,0.9304099678993225,0.6601558923721313,0.3655872941017151,0.0,0.3774787187576294,0.6192547678947449,0.8967733979225159,1.8398627042770386,1.622933268547058,1.6987600326538086,1.607772946357727,1.8989574909210205,1.7708547115325928,2.1030170917510986,2.05533504486084,2.3552401065826416,2.2638282775878906,2.4584546089172363,2.6365740299224854,2.7336831092834473,2.7795679569244385,3.057527542114258,3.921556234359741,4.076043128967285,3.8665361404418945,4.070380687713623,3.9402875900268555,3.7176239490509033,3.9332613945007324,3.713319778442383,3.9422404766082764,4.157118797302246,4.020709991455078,4.350711345672607,4.347299575805664,4.66073751449585,4.644225597381592,5.380179405212402,5.215044975280762,5.038819313049316,4.8852338790893555,4.573855876922607,4.504807949066162,4.219502925872803,4.023396968841553,3.7770471572875977,3.799933671951294,3.5305798053741455,3.5339579582214355,3.348039150238037,3.5036914348602295,3.3871734142303467,1.9888420104980469,1.8246910572052002,2.151718854904175,2.168539047241211,2.5212032794952393,2.741511344909668,2.8818118572235107,3.086446523666382,3.3506460189819336,3.4676778316497803,3.693748712539673,3.8108127117156982,3.900200128555298,4.027247428894043,4.060770511627197
A13,3.5925662517547607,3.2610890865325928,2.9330427646636963,2.60956072807312,2.245211124420166,2.0286383628845215,1.6617381572723389,1.4031404256820679,1.0968055725097656,0.822519838809967,0.5520146489143372,0.3774787187576294,0.0,0.38859134912490845,0.6381962299346924,2.110588312149048,1.9254252910614014,2.039780855178833,1.9600260257720947,2.2579386234283447,2.12200927734375,2.4407732486724854,2.3667938709259033,2.6421804428100586,2.5117580890655518,2.6708085536956787,2.81571888923645,2.876814603805542,2.892246961593628,3.1444101333618164,4.153207302093506,4.3247857093811035,4.136881351470947,4.350342273712158,4.232027530670166,3.999779224395752,4.220627307891846,3.9907455444335938,4.215442180633545,4.410592079162598,4.255403995513916,4.57327127456665,4.543862819671631,4.842540264129639,4.800731658935547,5.639034748077393,5.490518569946289,5.328065872192383,5.18754768371582,4.88477897644043,4.814540863037109,4.537540435791016,4.336154937744141,4.0794758796691895,4.079043388366699,3.7948741912841797,3.76956844329834,3.554539918899536,3.680598020553589,3.5306944847106934,2.2163312435150146,2.1012816429138184,2.450892210006714,2.496279716491699,2.8572280406951904,3.092118740081787,3.2415668964385986,3.4556949138641357,3.7193119525909424,3.8425650596618652,4.067662239074707,4.185074806213379,4.268653392791748,4.3932647705078125,4.416517734527588
A14,3.795511245727539,3.4782800674438477,3.1647567749023438,2.8459291458129883,2.4844796657562256,2.2998762130737305,1.9173692464828491,1.6901624202728271,1.3707691431045532,1.1532179117202759,0.9011625051498413,0.6192547678947449,0.38859134912490845,0.0,0.3364635705947876,1.9938398599624634,1.863165020942688,2.043365955352783,2.015197515487671,2.348959445953369,2.2616469860076904,2.5922815799713135,2.553558349609375,2.8229575157165527,2.6824870109558105,2.8220789432525635,2.9373700618743896,2.963818073272705,2.9292500019073486,3.157381057739258,4.065510272979736,4.266589641571045,4.0999908447265625,4.341574668884277,4.257172584533691,4.043546676635742,4.293872833251953,4.084968090057373,4.334008693695068,4.52896785736084,4.387424945831299,4.709900856018066,4.682552337646484,4.969730377197266,4.929180145263672,5.694416522979736,5.556881904602051,5.409433364868164,5.28747034072876,4.999200820922852,4.956108570098877,4.6956610679626465,4.518662929534912,4.280354022979736,4.288058280944824,4.017313480377197,3.9936282634735107,3.7804882526397705,3.8908119201660156,3.7459030151367188,2.2754313945770264,2.1685285568237305,2.537752151489258,2.564441680908203,2.9440078735351562,3.1758716106414795,3.3092446327209473,3.5518786907196045,3.7921385765075684,3.9438652992248535,4.155251502990723,4.286914825439453,4.35246467590332,4.495037078857422,4.506712436676025
A15,4.129748821258545,3.8108456134796143,3.4968740940093994,3.1772706508636475,2.816542148590088,2.6267480850219727,2.246846914291382,2.0098955631256104,1.6936336755752563,1.4527151584625244,1.175843358039856,0.8967733979225159,0.6381962299346924,0.3364635705947876,0.0,2.1485114097595215,2.0241751670837402,2.237013816833496,2.1966171264648438,2.527705669403076,2.4326095581054688,2.7421305179595947,2.6866581439971924,2.923981189727783,2.745729446411133,2.844916582107544,2.9197957515716553,2.905378580093384,2.831491470336914,3.0298426151275635,4.042689323425293,4.259163856506348,4.120018482208252,4.370468616485596,4.303121566772461,4.082008361816406,4.341806411743164,4.129218101501465,4.379876136779785,4.554067611694336,4.40193510055542,4.713726997375488,4.666450500488281,4.935211658477783,4.877057075500488,5.698637962341309,5.582137107849121,5.454622745513916,5.353695392608643,5.081757545471191,5.047147750854492,4.805117130279541,4.634220123291016,4.3951921463012695,4.382885456085205,4.107912540435791,4.060242652893066,3.8271946907043457,3.905229330062866,3.7429909706115723,2.291799306869507,2.2373080253601074,2.6248607635498047,2.6848347187042236,3.071622848510742,3.3247578144073486,3.4780383110046387,3.7419474124908447,3.9851155281066895,4.157641887664795,4.377878189086914,4.529008865356445,4.602438926696777,4.761075496673584,4.782924652099609
B1,3.7406229972839355,3.562985420227051,3.3207859992980957,3.0902273654937744,2.7756779193878174,2.6319189071655273,2.4002983570098877,2.2500240802764893,2.219398021697998,2.2076878547668457,2.08996844291687,1.8398627042770386,2.110588312149048,1.9938398599624634,2.1485114097595215,0.0,0.3928183317184448,0.6609564423561096,1.00090491771698,1.318250298500061,1.5974537134170532,1.9192614555358887,2.1858646869659424,2.4785075187683105,2.5437397956848145,2.7632431983947754,2.930103063583374,3.0309131145477295,3.0150766372680664,3.2697901725769043,2.794278144836426,2.984004020690918,2.758692979812622,3.038442373275757,3.0227413177490234,2.9774768352508545,3.2868378162384033,3.246483564376831,3.5838818550109863,3.8777849674224854,3.9047069549560547,4.280379772186279,4.405152320861816,4.715765476226807,4.817291259765625,4.709341049194336,4.511870384216309,4.338240623474121,4.207233428955078,3.93638014793396,4.004775047302246,3.7746472358703613,3.7354118824005127,3.6487722396850586,3.814730405807495,3.7000341415405273,3.833319902420044,3.7974188327789307,3.9949421882629395,4.036109447479248,1.9990259408950806,1.6861295700073242,1.8456040620803833,1.5649174451828003,1.862585425376892,1.9073084592819214,1.8435214757919312,2.125767707824707,2.211559772491455,2.443678617477417,2.5684280395507812,2.7515134811401367,2.7627217769622803,2.994241714477539,3.0204148292541504
B2,3.694002628326416,3.4945619106292725,3.227964162826538,2.9845361709594727,2.6536896228790283,2.463158369064331,2.2413878440856934,2.0446653366088867,2.0400538444519043,1.9884369373321533,1.8532639741897583,1.622933268547058,1.9254252910614014,1.863165020942688,2.0241751670837402,0.3928183317184448,0.0,0.37155142426490784,0.6300030946731567,0.975063145160675,1.2203189134597778,1.5506348609924316,1.800463080406189,2.0975542068481445,2.160485029220581,2.389871597290039,2.5722646713256836,2.692570447921753,2.706641435623169,2.9814200401306152,2.7026426792144775,2.865334987640381,2.624061107635498,2.8775105476379395,2.822599411010742,2.736684799194336,3.02756404876709,2.954183340072632,3.2778618335723877,3.5677218437194824,3.575577735900879,3.950871467590332,4.067502975463867,4.385743618011475,4.481561183929443,4.481730937957764,4.283061504364014,4.10261344909668,3.9624204635620117,3.679178237915039,3.723057746887207,3.481715440750122,3.418893575668335,3.310399293899536,3.461063861846924,3.331249475479126,3.456493377685547,3.413726806640625,3.614790201187134,3.6539602279663086,1.6512842178344727,1.3203974962234497,1.4888544082641602,1.230131983757019,1.5557849407196045,1.646579384803772,1.6468905210494995,1.935532569885254,2.084702253341675,2.309241533279419,2.4843356609344482,2.680166244506836,2.74074387550354,2.9711105823516846,3.036076068878174
B3,3.4850947856903076,3.295931816101074,3.0313074588775635,2.802725076675415,2.484959125518799,2.281996011734009,2.1111602783203125,1.9200763702392578,1.985119342803955,1.9578857421875,1.865204930305481,1.6987600326538086,2.039780855178833,2.043365955352783,2.237013816833496,0.6609564423561096,0.37155142426490784,0.0,0.3974933326244354,0.690214216709137,0.9811457395553589,1.313279390335083,1.5974037647247314,1.9170230627059937,2.038527488708496,2.3066189289093018,2.530430793762207,2.69732403755188,2.764598846435547,3.062501907348633,2.762073278427124,2.8791866302490234,2.6007895469665527,2.815502882003784,2.7194175720214844,2.632810354232788,2.8909618854522705,2.815304756164551,3.1221044063568115,3.430440902709961,3.4474661350250244,3.8260245323181152,3.9625742435455322,4.297081470489502,4.410056114196777,4.3784589767456055,4.156107425689697,3.9504523277282715,3.7817957401275635,3.477842330932617,3.5028276443481445,3.2391157150268555,3.166137933731079,3.0595998764038086,3.232384443283081,3.11342453956604,3.2668075561523438,3.253152847290039,3.4860801696777344,3.548290252685547,1.6552257537841797,1.280431866645813,1.3708698749542236,1.0619367361068726,1.3422026634216309,1.3932191133499146,1.3743441104888916,1.6264667510986328,1.7949665784835815,1.9890786409378052,2.1761255264282227,2.3601279258728027,2.4395534992218018,2.6601152420043945,2.743476629257202
B4,3.5737805366516113,3.3629212379455566,3.0758166313171387,2.8361597061157227,2.5068066120147705,2.2538630962371826,2.0973925590515137,1.8536896705627441,1.9424363374710083,1.860610842704773,1.7437036037445068,1.607772946357727,1.9600260257720947,2.015197515487671,2.1966171264648438,1.00090491771698,0.6300030946731567,0.3974933326244354,0.0,0.38790470361709595,0.5988960266113281,0.9452900886535645,1.2058051824569702,1.52859365940094,1.6471351385116577,1.925291895866394,2.1653709411621094,2.3536388874053955,2.4548444747924805,2.7693519592285156,2.691450834274292,2.7810139656066895,2.497462511062622,2.6806631088256836,2.545485734939575,2.410348892211914,2.6447954177856445,2.528968334197998,2.817589282989502,3.116266965866089,3.1096348762512207,3.48549485206604,3.6103639602661133,3.950312852859497,4.055458068847656,4.14898681640625,3.9309608936309814,3.7234225273132324,3.5504941940307617,3.2381319999694824,3.2363359928131104,2.9651591777801514,2.865173101425171,2.7315139770507812,2.8810970783233643,2.743177652359009,2.88358473777771,2.8602147102355957,3.09379243850708,3.154431104660034,1.3272861242294312,0.9387525916099548,1.0244126319885254,0.7646042108535767,1.078089952468872,1.207261085510254,1.2949877977371216,1.549001932144165,1.7928237915039062,1.9776980876922607,2.221104860305786,2.4215033054351807,2.5561037063598633,2.774812698364258,2.9005157947540283
B5,3.640519142150879,3.443873405456543,3.1617283821105957,2.9416956901550293,2.6321356296539307,2.362653970718384,2.264099597930908,2.0199174880981445,2.166041851043701,2.085354804992676,1.9881577491760254,1.8989574909210205,2.2579386234283447,2.348959445953369,2.527705669403076,1.318250298500061,0.975063145160675,0.690214216709137,0.38790470361709595,0.0,0.3917469382286072,0.6427949070930481,0.9765577912330627,1.2846966981887817,1.4779201745986938,1.778706669807434,2.046612501144409,2.276061534881592,2.4252498149871826,2.749830961227417,2.60117769241333,2.639561653137207,2.3277876377105713,2.4647586345672607,2.2890758514404297,2.151020050048828,2.351132392883301,2.2374966144561768,2.5115673542022705,2.8262948989868164,2.8374457359313965,3.2147254943847656,3.3650870323181152,3.7152745723724365,3.8442277908325195,3.8700013160705566,3.6340982913970947,3.40830397605896,3.2156717777252197,2.8905797004699707,2.877312421798706,2.5954113006591797,2.495948076248169,2.3740222454071045,2.546617031097412,2.4336752891540527,2.605823278427124,2.623929023742676,2.8824243545532227,2.981999158859253,1.3057175874710083,0.9151351451873779,0.8443239331245422,0.5313495397567749,0.7509334683418274,0.8619820475578308,0.9915856719017029,1.2242399454116821,1.512696385383606,1.6862698793411255,1.9662784337997437,2.1839566230773926,2.3645966053009033,2.591155529022217,2.763139009475708
B6,3.6713263988494873,3.4478230476379395,3.1447181701660156,2.910741090774536,2.591327428817749,2.2837679386138916,2.1891462802886963,1.9043806791305542,2.05759859085083,1.9305814504623413,1.8197718858718872,1.7708547115325928,2.12200927734375,2.2616469860076904,2.4326095581054688,1.5974537134170532,1.2203189134597778,0.9811457395553589,0.5988960266113281,0.3917469382286072,0.0,0.3916427791118622,0.6253839731216431,0.9731332659721375,1.1519196033477783,1.4752322435379028,1.7700915336608887,2.0237934589385986,2.212794780731201,2.5534842014312744,2.7435967922210693,2.766857624053955,2.4670662879943848,2.5744433403015137,2.364182710647583,2.1658222675323486,2.3299989700317383,2.1554338932037354,2.393857955932617,2.6860954761505127,2.651618719100952,3.020559549331665,3.142876386642456,3.499131917953491,3.6058857440948486,3.8456223011016846,3.620692253112793,3.396667003631592,3.200923442840576,2.8678691387176514,2.8124961853027344,2.5182690620422363,2.3697969913482666,2.1958534717559814,2.3244893550872803,2.166724920272827,2.309983968734741,2.2979915142059326,2.557701826095581,2.6372005939483643,1.1171183586120605,0.7557492256164551,0.7067558765411377,0.595257580280304,0.8140972256660461,1.0253221988677979,1.2523170709609985,1.4439798593521118,1.7794567346572876,1.917136311531067,2.2259182929992676,2.4304585456848145,2.6391232013702393,2.8423922061920166,3.0267465114593506
B7,3.9199764728546143,3.704972505569458,3.405360698699951,3.1850390434265137,2.8809680938720703,2.561532497406006,2.5021259784698486,2.213740348815918,2.388948917388916,2.2473530769348145,2.133554458618164,2.1030170917510986,2.4407732486724854,2.5922815799713135,2.7421305179595947,1.9192614555358887,1.5506348609924316,1.313279390335083,0.9452900886535645,0.6427949070930481,0.3916427791118622,0.0,0.3905269205570221,0.6623597145080566,0.928188145160675,1.2565438747406006,1.5679551362991333,1.8570507764816284,2.091031074523926,2.432286262512207,2.6255481243133545,2.6012401580810547,2.2933340072631836,2.3499789237976074,2.1001436710357666,1.8768208026885986,1.9992345571517944,1.8067094087600708,2.023859977722168,2.320094108581543,2.2918288707733154,2.6601979732513428,2.799665927886963,3.162390947341919,3.2877254486083984,3.50968074798584,3.279393434524536,3.0481574535369873,2.8445851802825928,2.5069143772125244,2.4356374740600586,2.140829086303711,1.985814094543457,1.8109683990478516,1.942068338394165,1.8018879890441895,1.9649157524108887,1.9891066551208496,2.262869119644165,2.3837568759918213,1.0826278924942017,0.7972440719604492,0.5672597885131836,0.5649434328079224,0.612499475479126,0.8650789856910706,1.179176926612854,1.344186782836914,1.7117599248886108,1.8448312282562256,2.1863133907318115,2.414034843444824,2.6672215461730957,2.8806746006011963,3.1092166900634766
B8,4.0187458992004395,3.779766798019409,3.4642419815063477,3.232013702392578,2.9222254753112793,2.5774428844451904,2.5159778594970703,2.199225425720215,2.365708351135254,2.1812903881073,2.052600860595703,2.05533504486084,2.3667938709259033,2.553558349609375,2.6866581439971924,2.1858646869659424,1.800463080406189,1.5974037647247314,1.2058051824569702,0.9765577912330627,0.6253839731216431,0.3905269205570221,0.0,0.38422349095344543,0.6177672743797302,0.9734248518943787,1.3153204917907715,1.6288361549377441,1.905824899673462,2.2564446926116943,2.8137874603271484,2.7845358848571777,2.501595973968506,2.5375993251800537,2.2707114219665527,1.9942573308944702,2.0796194076538086,1.8239412307739258,1.9921172857284546,2.2474241256713867,2.1590147018432617,2.510448455810547,2.6087539196014404,2.973392963409424,3.06756329536438,3.544884204864502,3.3346545696258545,3.1144683361053467,2.917625665664673,2.583961009979248,2.471306085586548,2.1770741939544678,1.970794439315796,1.734305739402771,1.7938779592514038,1.5895256996154785,1.7004624605178833,1.6745930910110474,1.9439586400985718,2.0358405113220215,1.008296012878418,0.8319662809371948,0.68351811170578,0.8726634979248047,0.9380534291267395,1.2200857400894165,1.5555353164672852,1.6971815824508667,2.074307918548584,2.1837310791015625,2.5327274799346924,2.7459475994110107,3.009748935699463,3.2038486003875732,3.4334747791290283
B9,4.371675968170166,4.133573055267334,3.818023204803467,3.5892155170440674,3.2840254306793213,2.933042287826538,2.8774638175964355,2.55370831489563,2.712427854537964,2.5059597492218018,2.358060359954834,2.3552401065826416,2.6421804428100586,2.8229575157165527,2.923981189727783,2.4785075187683105,2.0975542068481445,1.9170230627059937,1.52859365940094,1.2846966981887817,0.9731332659721375,0.6623597145080566,0.38422349095344543,0.0,0.3831169903278351,0.6989027857780457,1.042974829673767,1.3841089010238647,1.7023131847381592,2.0433690547943115,2.713965892791748,2.6531143188476562,2.388855457305908,2.3846049308776855,2.097304582595825,1.7815924882888794,1.8267905712127686,1.530923843383789,1.6659471988677979,1.89590585231781,1.7857158184051514,2.131972312927246,2.2252120971679688,2.591017961502075,2.6890504360198975,3.241314172744751,3.045931816101074,2.837987184524536,2.6549835205078125,2.3360044956207275,2.20927095413208,1.9397317171096802,1.7256057262420654,1.4739437103271484,1.4856276512145996,1.2740472555160522,1.3621736764907837,1.3420220613479614,1.6017378568649292,1.7274285554885864,1.002551555633545,0.960288941860199,0.7512220740318298,1.0414689779281616,1.0269849300384521,1.3262648582458496,1.7024850845336914,1.8414204120635986,2.218165874481201,2.337955951690674,2.7001309394836426,2.9350924491882324,3.223679780960083,3.4303009510040283,3.6872198581695557
B10,4.56817626953125,4.309282302856445,3.9810144901275635,3.732649803161621,3.4099326133728027,3.051882028579712,2.9574623107910156,2.6116209030151367,2.723452091217041,2.4746253490448,2.285706043243408,2.2638282775878906,2.5117580890655518,2.6824870109558105,2.745729446411133,2.5437397956848145,2.160485029220581,2.038527488708496,1.6471351385116577,1.4779201745986938,1.1519196033477783,0.928188145160675,0.6177672743797302,0.3831169903278351,0.0,0.3591492474079132,0.7120910286903381,1.0448787212371826,1.3682708740234375,1.7146090269088745,2.721144676208496,2.6899421215057373,2.4678895473480225,2.487125873565674,2.2297842502593994,1.886175513267517,1.9562547206878662,1.6340657472610474,1.7672054767608643,1.9395900964736938,1.7751071453094482,2.103398084640503,2.136009693145752,2.4818615913391113,2.533938407897949,3.3038570880889893,3.147547960281372,2.975759267807007,2.831467866897583,2.543452262878418,2.425751209259033,2.1941068172454834,1.9839011430740356,1.719940423965454,1.6587587594985962,1.4064289331436157,1.3941651582717896,1.2723129987716675,1.4563772678375244,1.5183253288269043,0.8080750703811646,0.9040879011154175,0.8282191157341003,1.2029049396514893,1.2751216888427734,1.6133660078048706,1.9951406717300415,2.1740682125091553,2.542572021484375,2.686662435531616,3.044943332672119,3.2873404026031494,3.5648510456085205,3.7773993015289307,4.0218186378479
B11,4.910878658294678,4.64518404006958,4.312765121459961,4.057856559753418,3.7294998168945312,3.3692831993103027,3.2584569454193115,2.9039156436920166,2.988347291946411,2.715435266494751,2.4996416568756104,2.4584546089172363,2.6708085536956787,2.8220789432525635,2.844916582107544,2.7632431983947754,2.389871597290039,2.3066189289093018,1.925291895866394,1.778706669807434,1.4752322435379028,1.2565438747406006,0.9734248518943787,0.6989027857780457,0.3591492474079132,0.0,0.3602680563926697,0.7095913290977478,1.0673034191131592,1.4015268087387085,2.6679108142852783,2.637047052383423,2.4575791358947754,2.468997001647949,2.228452682495117,1.8596962690353394,1.924475908279419,1.5808016061782837,1.6934643983840942,1.804505467414856,1.5981742143630981,1.9033626317977905,1.8905344009399414,2.2151970863342285,2.2395167350769043,3.169034242630005,3.049670934677124,2.912795066833496,2.8065264225006104,2.5546374320983887,2.445115804672241,2.260632276535034,2.064988851547241,1.806944727897644,1.6858656406402588,1.4318119287490845,1.3431285619735718,1.1663492918014526,1.2606247663497925,1.301956057548523,0.8498808145523071,1.0798388719558716,1.03827702999115,1.4439665079116821,1.5136680603027344,1.8607419729232788,2.252628803253174,2.449695110321045,2.8078813552856445,2.9717135429382324,3.331249713897705,3.589974880218506,3.8721911907196045,4.097063064575195,4.3488593101501465
B12,5.241090297698975,4.970055103302002,4.634453296661377,4.371943473815918,4.0357346534729,3.67722487449646,3.5448691844940186,3.184433698654175,3.2388100624084473,2.9477100372314453,2.7056639194488525,2.6365740299224854,2.81571888923645,2.9373700618743896,2.9197957515716553,2.930103063583374,2.5722646713256836,2.530430793762207,2.1653709411621094,2.046612501144409,1.7700915336608887,1.5679551362991333,1.3153204917907715,1.042974829673767,0.7120910286903381,0.3602680563926697,0.0,0.3620162010192871,0.7464063763618469,1.0617321729660034,2.589462995529175,2.570401191711426,2.4399473667144775,2.4569671154022217,2.2492291927337646,1.8712550401687622,1.9489829540252686,1.607629418373108,1.7162238359451294,1.7661089897155762,1.5343236923217773,1.8089947700500488,1.748011589050293,2.035184860229492,2.027343273162842,3.0772581100463867,2.9993269443511963,2.903435707092285,2.841775417327881,2.6314148902893066,2.544846773147583,2.4102275371551514,2.2429630756378174,2.0065627098083496,1.8506367206573486,1.6155537366867065,1.4734504222869873,1.2630811929702759,1.2484610080718994,1.258551001548767,0.9381538033485413,1.258105754852295,1.2553269863128662,1.668229103088379,1.7489105463027954,2.100776433944702,2.493333339691162,2.7146804332733154,3.058131694793701,3.246323823928833,3.6027987003326416,3.8781373500823975,4.158519744873047,4.398039817810059,4.651977062225342
B13,5.506317138671875,5.228132247924805,4.888979434967041,4.6163716316223145,4.270104885101318,3.916269063949585,3.7559969425201416,3.3912408351898193,3.409696340560913,3.1024293899536133,2.8341779708862305,2.7336831092834473,2.876814603805542,2.963818073272705,2.905378580093384,3.0309131145477295,2.692570447921753,2.69732403755188,2.3536388874053955,2.276061534881592,2.0237934589385986,1.8570507764816284,1.6288361549377441,1.3841089010238647,1.0448787212371826,0.7095913290977478,0.3620162010192871,0.0,0.4042448401451111,0.7046383023262024,2.5497117042541504,2.5613749027252197,2.4814252853393555,2.5233964920043945,2.3615872859954834,1.992031455039978,2.100757598876953,1.782042384147644,1.9024876356124878,1.9081456661224365,1.6719449758529663,1.9113385677337646,1.8060286045074463,2.0405125617980957,1.9928643703460693,3.1225595474243164,3.0846810340881348,3.0284907817840576,3.008328437805176,2.8341176509857178,2.7756831645965576,2.6778852939605713,2.5370984077453613,2.320387363433838,2.15213942527771,1.9316704273223877,1.7618600130081177,1.5298808813095093,1.4363806247711182,1.3982951641082764,1.0459247827529907,1.4194936752319336,1.4750922918319702,1.8809244632720947,1.993354082107544,2.3497791290283203,2.734398126602173,2.983332633972168,3.3117690086364746,3.5237812995910645,3.8734748363494873,4.160559177398682,4.43105411529541,4.682710647583008,4.929757118225098
