,A1,A2,A3,A4,A5,A6,A7,A8,A9,A10,A11,A12,A13,A14,A15,B1,B2,B3,B4,B5,B6,B7,B8,B9,B10,B11,B12,B13,B14,B15,C1,C2,C3,C4,C5,C6,C7,C8,C9,C10,C11,C12,C13,C14,C15,D1,D2,D3,D4,D5,D6,D7,D8,D9,D10,D11,D12,D13,D14,D15,E1,E2,E3,E4,E5,E6,E7,E8,E9,E10,E11,E12,E13,E14,E15
A1,0.0,0.3905998468399048,0.7208570837974548,0.9505496025085449,1.2790857553482056,1.4862735271453857,1.7157222032546997,2.038339853286743,2.2071094512939453,2.2444865703582764,2.4075064659118652,2.724576473236084,2.8781962394714355,2.80192232131958,3.029118299484253,3.812568426132202,3.8865044116973877,4.158385753631592,4.151488780975342,4.100104331970215,4.444128036499023,4.525702476501465,4.392640113830566,4.727001667022705,4.8929924964904785,4.681065082550049,4.803468704223633,5.153345584869385,5.145868301391602,5.10347318649292,6.844676494598389,6.899335861206055,6.705583095550537,6.860751628875732,6.63899564743042,6.4404616355896,6.701666355133057,6.429341793060303,6.684693336486816,6.888878345489502,6.655979633331299,6.501954555511475,6.8335347175598145,7.011337757110596,6.885451316833496,7.416447639465332,7.229814052581787,6.874319076538086,6.723483562469482,6.35345983505249,6.086732864379883,5.964069366455078,5.669530868530273,5.37415885925293,5.424351692199707,5.449246883392334,5.065860748291016,4.8692426681518555,5.157025337219238,5.156749248504639,4.431056022644043,4.4542012214660645,4.094571590423584,4.004168510437012,3.690207004547119,3.754580020904541,3.5306649208068848,3.1642134189605713,3.2135584354400635,3.185185432434082,2.887281656265259,2.6120588779449463,2.74965238571167,2.8216850757598877,2.5968658924102783
A2,0.3905998468399048,0.0,0.3696609437465668,0.5633770823478699,0.895258903503418,1.12649405002594,1.3441263437271118,1.6596662998199463,1.8499113321304321,1.8979359865188599,2.0399203300476074,2.354660987854004,2.527756690979004,2.4647607803344727,2.6787776947021484,3.6029410362243652,3.663470983505249,3.9139060974121094,3.9021639823913574,3.8283698558807373,4.16236686706543,4.226987361907959,4.075223922729492,4.4077653884887695,4.575836181640625,4.352900505065918,4.461646556854248,4.816871166229248,4.814313888549805,4.760457992553711,6.530097007751465,6.582222938537598,6.386232852935791,6.534057140350342,6.31043815612793,6.102226257324219,6.356577396392822,6.076690196990967,6.327908992767334,6.528395175933838,6.292858123779297,6.132227420806885,6.460764408111572,6.63898229598999,6.509586811065674,7.037976264953613,6.85072660446167,6.495986461639404,6.3416032791137695,5.971497058868408,5.706299304962158,5.585458278656006,5.2948689460754395,4.996049404144287,5.053127765655518,5.081365585327148,4.699463844299316,4.505269527435303,4.800380706787109,4.807637691497803,4.156615257263184,4.192134380340576,3.8249428272247314,3.7584753036499023,3.43304181098938,3.5024614334106445,3.3054168224334717,2.931089401245117,2.9933652877807617,3.004865884780884,2.720398187637329,2.4547927379608154,2.619854688644409,2.7333624362945557,2.5521583557128906
A3,0.7208570837974548,0.3696609437465668,0.0,0.38162997364997864,0.5857702493667603,0.819651186466217,1.0858874320983887,1.3601574897766113,1.5471678972244263,1.6490284204483032,1.7949464321136475,2.0811469554901123,2.2730965614318848,2.25748610496521,2.4724276065826416,3.4337966442108154,3.462472438812256,3.692800998687744,3.657382011413574,3.5586259365081787,3.8864991664886475,3.952721357345581,3.7851531505584717,4.108353614807129,4.293103218078613,4.075407981872559,4.168248653411865,4.527512073516846,4.5450520515441895,4.494318008422852,6.226492881774902,6.267180442810059,6.062309265136719,6.201449394226074,5.970012187957764,5.759521007537842,6.011028289794922,5.732597351074219,5.980427265167236,6.187744140625,5.959654808044434,5.798757553100586,6.127540111541748,6.313619136810303,6.193261623382568,6.700272560119629,6.518135070800781,6.162036418914795,6.017428398132324,5.648294448852539,5.376289367675781,5.261317729949951,4.965372562408447,4.666290283203125,4.712322235107422,4.74796199798584,4.3672895431518555,4.162441253662109,4.450407981872559,4.462806224822998,3.8154802322387695,3.8472259044647217,3.4771835803985596,3.4164371490478516,3.083893060684204,3.149427652359009,2.964138984680176,2.5869531631469727,2.6532955169677734,2.6865532398223877,2.4135308265686035,2.1554083824157715,2.338826894760132,2.479926347732544,2.3358893394470215
A4,0.9505496025085449,0.5633770823478699,0.38162997364997864,0.0,0.3879409432411194,0.6524627804756165,0.8052757978439331,1.1179016828536987,1.3457095623016357,1.3936781883239746,1.495103120803833,1.8104605674743652,2.0085666179656982,1.9593172073364258,2.150906801223755,3.2902839183807373,3.336028575897217,3.551905393600464,3.5402965545654297,3.437519073486328,3.7528929710388184,3.787020206451416,3.6108434200286865,3.9422991275787354,4.10611629486084,3.8645589351654053,3.957031726837158,4.317809104919434,4.316159725189209,4.244385719299316,6.066230297088623,6.119640827178955,5.925255298614502,6.066061019897461,5.8451008796691895,5.6238508224487305,5.86953592300415,5.578258991241455,5.826384544372559,6.016358852386475,5.772666931152344,5.604648590087891,5.929626941680908,6.103054523468018,5.965426921844482,6.521602630615234,6.336227893829346,5.983456134796143,5.8220720291137695,5.452315330505371,5.189670085906982,5.076783180236816,4.796475887298584,4.488012313842773,4.560222148895264,4.600268840789795,4.223509788513184,4.03242826461792,4.341022491455078,4.368101596832275,3.8660266399383545,3.918809413909912,3.541926860809326,3.5167155265808105,3.17295503616333,3.2417330741882324,3.094956398010254,2.7146201133728027,2.7870264053344727,2.8677430152893066,2.6203339099884033,2.3724687099456787,2.564197063446045,2.744204044342041,2.629887580871582
A5,1.2790857553482056,0.895258903503418,0.5857702493667603,0.3879409432411194,0.0,0.3632309138774872,0.5592260956764221,0.7882552146911621,1.0283689498901367,1.1559295654296875,1.2488152980804443,1.5212956666946411,1.7500261068344116,1.7658185958862305,1.9512461423873901,3.1491034030914307,3.157545804977417,3.3452377319335938,3.3071415424346924,3.172961711883545,3.477393388748169,3.5092484951019287,3.311885356903076,3.6317362785339355,3.813948631286621,3.5763604640960693,3.6479179859161377,4.013883590698242,4.035408973693848,3.9649572372436523,5.749272346496582,5.790079593658447,5.586008548736572,5.7162675857543945,5.48676872253418,5.261328220367432,5.502768039703369,5.211556434631348,5.455454349517822,5.652102947235107,5.415769577026367,5.2462239265441895,5.571168899536133,5.753170490264893,5.624623775482178,6.158326625823975,5.978359699249268,5.624109745025635,5.472598552703857,5.103738307952881,4.833761692047119,4.727867603302002,4.442522048950195,4.132640361785889,4.194336891174316,4.243719100952148,3.8687856197357178,3.6662533283233643,3.968820571899414,4.003836631774902,3.5270254611968994,3.5783181190490723,3.1990835666656494,3.186786651611328,2.835495710372925,2.900052309036255,2.775987386703491,2.396713972091675,2.4751603603363037,2.589594841003418,2.3651182651519775,2.1355714797973633,2.34552264213562,2.55745792388916,2.491168737411499
A6,1.4862735271453857,1.12649405002594,0.819651186466217,0.6524627804756165,0.3632309138774872,0.0,0.37313514947891235,0.5961419939994812,0.7285192012786865,0.862891435623169,1.03924560546875,1.2875325679779053,1.471851110458374,1.5109038352966309,1.7381385564804077,2.7999019622802734,2.7985153198242188,2.9858975410461426,2.94560170173645,2.817007303237915,3.126736640930176,3.167361259460449,2.9835734367370605,3.308194875717163,3.488046646118164,3.2619283199310303,3.350003957748413,3.7102952003479004,3.730062961578369,3.6786065101623535,5.42981481552124,5.477141380310059,5.279786586761475,5.422949314117432,5.20339822769165,4.989800930023193,5.24409294128418,4.962052822113037,5.220261096954346,5.412936210632324,5.173079967498779,5.021119117736816,5.355545520782471,5.527780055999756,5.405115127563477,6.035719871520996,5.874679088592529,5.520777702331543,5.3814697265625,5.016300678253174,4.735411643981934,4.656110763549805,4.374350070953369,4.051717758178711,4.1053242683410645,4.187565803527832,3.8229589462280273,3.5979366302490234,3.8895201683044434,3.954709053039551,3.5139424800872803,3.5404481887817383,3.1608283519744873,3.1443471908569336,2.777773380279541,2.7993528842926025,2.6865861415863037,2.3093278408050537,2.341773748397827,2.4817986488342285,2.299899101257324,2.05033802986145,2.2242846488952637,2.479243516921997,2.4275588989257812
A7,1.7157222032546997,1.3441263437271118,1.0858874320983887,0.8052757978439331,0.5592260956764221,0.37313514947891235,0.0,0.38679805397987366,0.5943892598152161,0.6165983080863953,0.7097178101539612,1.010696291923523,1.2096080780029297,1.2066715955734253,1.4020600318908691,2.712249279022217,2.730036973953247,2.895284652709961,2.8838934898376465,2.750312566757202,3.039921283721924,3.0393009185791016,2.8442881107330322,3.1767234802246094,3.3302249908447266,3.074551582336426,3.1605687141418457,3.522367238998413,3.519402503967285,3.441450595855713,5.296937465667725,5.358218669891357,5.173027992248535,5.316986560821533,5.1096882820129395,4.884029865264893,5.130279541015625,4.834053039550781,5.091392993927002,5.263864040374756,5.006697177886963,4.846377849578857,5.175696849822998,5.333489418029785,5.1911234855651855,5.875021934509277,5.710581302642822,5.361232280731201,5.203516006469727,4.838610649108887,4.569128036499023,4.4926605224609375,4.229928493499756,3.8980345726013184,3.9815244674682617,4.0684027671813965,3.710930109024048,3.5036025047302246,3.8163228034973145,3.89725923538208,3.618330478668213,3.6677138805389404,3.28770112991333,3.3081722259521484,2.939605951309204,2.9672889709472656,2.895420789718628,2.5264816284179688,2.567971706390381,2.7460615634918213,2.587636709213257,2.3573195934295654,2.5357089042663574,2.8095436096191406,2.7778432369232178
A8,2.038339853286743,1.6596662998199463,1.3601574897766113,1.1179016828536987,0.7882552146911621,0.5961419939994812,0.38679805397987366,0.0,0.37160399556159973,0.5642330646514893,0.5607580542564392,0.7486545443534851,1.022688388824463,1.1310834884643555,1.282516598701477,2.707249402999878,2.6803789138793945,2.8007237911224365,2.7586729526519775,2.580702304840088,2.846545457839966,2.832599401473999,2.602646589279175,2.9174516201019287,3.0918896198272705,2.834453821182251,2.8855960369110107,3.2558348178863525,3.2815775871276855,3.1963050365448,5.024655342102051,5.07056999206543,4.8735456466674805,5.001123428344727,4.782770156860352,4.546652793884277,4.783259868621826,4.482109069824219,4.73101806640625,4.909386157989502,4.659037113189697,4.491119384765625,4.817818641662598,4.9864044189453125,4.850851058959961,5.495418548583984,5.333234786987305,4.982839584350586,4.831732273101807,4.467446327209473,4.192979335784912,4.121188163757324,3.855578899383545,3.522507905960083,3.600022315979004,3.6943607330322266,3.3402464389801025,3.12618088722229,3.4367787837982178,3.5265862941741943,3.31462025642395,3.370609998703003,2.99330735206604,3.03902006149292,2.670182228088379,2.699069023132324,2.666031837463379,2.3111274242401123,2.3665289878845215,2.585771083831787,2.4591188430786133,2.266162157058716,2.463071823120117,2.758676290512085,2.7789342403411865
A9,2.2071094512939453,1.8499113321304321,1.5471678972244263,1.3457095623016357,1.0283689498901367,0.7285192012786865,0.5943892598152161,0.37160399556159973,0.0,0.38873291015625,0.5679841041564941,0.6416254639625549,0.8131142258644104,0.9884052872657776,1.2070324420928955,2.374399423599243,2.3270909786224365,2.4461028575897217,2.39380145072937,2.2196121215820312,2.495891571044922,2.5004758834838867,2.2884554862976074,2.6098475456237793,2.787792682647705,2.5510339736938477,2.625227689743042,2.9886245727539062,3.017434597015381,2.9636480808258057,4.728969097137451,4.780121803283691,4.588649272918701,4.732420921325684,4.523787498474121,4.305245876312256,4.559878349304199,4.273716449737549,4.54067850112915,4.718435764312744,4.467807292938232,4.3243818283081055,4.663591384887695,4.822918891906738,4.699426174163818,5.447705268859863,5.309309005737305,4.960028171539307,4.8286519050598145,4.471139907836914,4.1829962730407715,4.142798900604248,3.8793013095855713,3.5370535850524902,3.596370220184326,3.7276527881622314,3.3885304927825928,3.1463444232940674,3.4338858127593994,3.554094076156616,3.341853141784668,3.363588571548462,2.9920992851257324,3.0226247310638428,2.6449077129364014,2.6228668689727783,2.594438076019287,2.249946355819702,2.250039577484131,2.484968900680542,2.4027390480041504,2.1928391456604004,2.345020055770874,2.672250747680664,2.702746629714966
A10,2.2444865703582764,1.8979359865188599,1.6490284204483032,1.3936781883239746,1.1559295654296875,0.862891435623169,0.6165983080863953,0.5642330646514893,0.38873291015625,0.0,0.38741394877433777,0.584132969379425,0.6355700492858887,0.6695356965065002,0.9389666318893433,2.181999444961548,2.189897298812866,2.3247649669647217,2.331103801727295,2.1987593173980713,2.474269151687622,2.451688289642334,2.269988536834717,2.614858388900757,2.7428135871887207,2.4841227531433105,2.5968127250671387,2.948625326156616,2.926926374435425,2.8630247116088867,4.732441425323486,4.813082218170166,4.6474480628967285,4.811430931091309,4.629567623138428,4.415577411651611,4.675182342529297,4.385934352874756,4.664059162139893,4.815278053283691,4.542294979095459,4.406383991241455,4.745713710784912,4.877281188964844,4.73282527923584,5.6024041175842285,5.467604160308838,5.124959468841553,4.977596759796143,4.623259544372559,4.346637725830078,4.316281318664551,4.075310707092285,3.723676919937134,3.810798168182373,3.9514870643615723,3.6229639053344727,3.3962106704711914,3.6966302394866943,3.832657814025879,3.712491035461426,3.7395167350769043,3.3698465824127197,3.4068822860717773,3.029284954071045,3.0001633167266846,2.974379777908325,2.6315395832061768,2.615628719329834,2.8455703258514404,2.7649872303009033,2.5359015464782715,2.664224147796631,2.99210524559021,2.9957871437072754
A11,2.4075064659118652,2.0399203300476074,1.7949464321136475,1.495103120803833,1.2488152980804443,1.03924560546875,0.7097178101539612,0.5607580542564392,0.5679841041564941,0.38741394877433777,0.0,0.37682098150253296,0.5878650546073914,0.6070480346679688,0.7252312302589417,2.4278788566589355,2.4363417625427246,2.5291335582733154,2.542816162109375,2.381575584411621,2.61810302734375,2.5472023487091064,2.3270602226257324,2.6589181423187256,2.7760133743286133,2.4820597171783447,2.556464910507202,2.916806697845459,2.8918561935424805,2.781541109085083,4.748839378356934,4.8271613121032715,4.660369873046875,4.805327415466309,4.620190620422363,4.3820295333862305,4.618813991546631,4.308464050292969,4.569372177124023,4.709493637084961,4.428433418273926,4.267157077789307,4.592855930328369,4.725210666656494,4.562170505523682,5.383188247680664,5.232418537139893,4.892750263214111,4.723480224609375,4.366617679595947,4.10551643371582,4.060403823852539,3.8322787284851074,3.481099843978882,3.597830295562744,3.722301959991455,3.394846200942993,3.1968698501586914,3.5214951038360596,3.653165817260742,3.6654751300811768,3.7283148765563965,3.3607304096221924,3.4366748332977295,3.068331480026245,3.07330584526062,3.0814898014068604,2.74656081199646,2.773604154586792,3.0250895023345947,2.9400477409362793,2.74505615234375,2.910003185272217,3.232069253921509,3.2567739486694336
A12,2.724576473236084,2.354660987854004,2.0811469554901123,1.8104605674743652,1.5212956666946411,1.2875325679779053,1.010696291923523,0.7486545443534851,0.6416254639625549,0.584132969379425,0.37682098150253296,0.0,0.38076499104499817,0.6221286654472351,0.6763728857040405,2.350489854812622,2.3122811317443848,2.354609727859497,2.3410186767578125,2.1404058933258057,2.3474838733673096,2.259791135787964,2.009730339050293,2.32696270942688,2.45851731300354,2.1639411449432373,2.211775064468384,2.5788581371307373,2.5789034366607666,2.468872308731079,4.40589714050293,4.474956035614014,4.302215576171875,4.439306735992432,4.251053333282471,4.008689880371094,4.242874622344971,3.9316868782043457,4.192983150482178,4.333988666534424,4.055114269256592,3.8961405754089355,4.2246904373168945,4.360036373138428,4.204775810241699,5.048767566680908,4.910523891448975,4.571651458740234,4.414433002471924,4.061997890472412,3.7926011085510254,3.7678346633911133,3.5430855751037598,3.1859688758850098,3.2946856021881104,3.444185972213745,3.131308078765869,2.9198062419891357,3.2331693172454834,3.389348030090332,3.488363742828369,3.545163631439209,3.1887331008911133,3.2829227447509766,2.9189035892486572,2.9056434631347656,2.951956033706665,2.6423721313476562,2.659891128540039,2.9449667930603027,2.902529001235962,2.734410285949707,2.8936169147491455,3.2356388568878174,3.29980206489563
A13,2.8781962394714355,2.527756690979004,2.2730965614318848,2.0085666179656982,1.7500261068344116,1.471851110458374,1.2096080780029297,1.022688388824463,0.8131142258644104,0.6355700492858887,0.5878650546073914,0.38076499104499817,0.0,0.395166277885437,0.5532370209693909,1.993433952331543,1.9692838191986084,2.0098133087158203,2.028229236602783,1.857603669166565,2.067232131958008,1.972306728363037,1.7607425451278687,2.101355791091919,2.1980252265930176,1.905611515045166,2.0066943168640137,2.357752561569214,2.3235039710998535,2.2378299236297607,4.186995983123779,4.280034065246582,4.129508972167969,4.294187068939209,4.132580757141113,3.9106338024139404,4.163548469543457,3.866250514984131,4.149682998657227,4.273064136505127,3.9814441204071045,3.8513107299804688,4.189598083496094,4.298313140869141,4.141997337341309,5.146359920501709,5.031404972076416,4.699597358703613,4.551895618438721,4.210261344909668,3.9383785724639893,3.945579767227173,3.736760139465332,3.3727190494537354,3.47841739654541,3.6601693630218506,3.368366241455078,3.145174026489258,3.4406373500823975,3.6249969005584717,3.7482450008392334,3.780128002166748,3.4308743476867676,3.5114030838012695,3.1439504623413086,3.091310501098633,3.135611057281494,2.834855556488037,2.8057851791381836,3.0911548137664795,3.0759785175323486,2.886094570159912,3.002232789993286,3.360393524169922,3.415109157562256
A14,2.80192232131958,2.4647607803344727,2.25748610496521,1.9593172073364258,1.7658185958862305,1.5109038352966309,1.2066715955734253,1.1310834884643555,0.9884052872657776,0.6695356965065002,0.6070480346679688,0.6221286654472351,0.395166277885437,0.0,0.3654220700263977,1.9773575067520142,2.0284855365753174,2.104722738265991,2.1864302158355713,2.073035717010498,2.2876949310302734,2.1788763999938965,2.010788679122925,2.362867593765259,2.4087257385253906,2.1023781299591064,2.239755392074585,2.569463014602661,2.479698657989502,2.378741979598999,4.414690017700195,4.533144950866699,4.405387878417969,4.584540843963623,4.443739891052246,4.225955009460449,4.478316307067871,4.179044246673584,4.464807510375977,4.567370414733887,4.260369777679443,4.131465911865234,4.463419437408447,4.5503153800964355,4.372979640960693,5.43532657623291,5.31402063369751,4.987926483154297,4.820674896240234,4.480009078979492,4.223920822143555,4.22383451461792,4.030057907104492,3.6658847332000732,3.7963192462921143,3.9662318229675293,3.673901081085205,3.4720284938812256,3.7829995155334473,3.9607887268066406,4.096767425537109,4.138406276702881,3.782949447631836,3.859578847885132,3.4892494678497314,3.447383403778076,3.472769021987915,3.1565439701080322,3.1297996044158936,3.3952107429504395,3.354627847671509,3.1415762901306152,3.253502130508423,3.6007320880889893,3.620995283126831
A15,3.029118299484253,2.6787776947021484,2.4724276065826416,2.150906801223755,1.9512461423873901,1.7381385564804077,1.4020600318908691,1.282516598701477,1.2070324420928955,0.9389666318893433,0.7252312302589417,0.6763728857040405,0.5532370209693909,0.3654220700263977,0.0,2.227327585220337,2.273073673248291,2.3028149604797363,2.3888022899627686,2.250514268875122,2.419186592102051,2.261359453201294,2.0613112449645996,2.3918631076812744,2.4187068939208984,2.0795159339904785,2.1780712604522705,2.5075113773345947,2.408480405807495,2.257045269012451,4.386634349822998,4.505843162536621,4.381648063659668,4.544312000274658,4.406118392944336,4.168149948120117,4.398269176483154,4.081258773803711,4.351686000823975,4.437480449676514,4.120265007019043,3.9710898399353027,4.28876256942749,4.369478702545166,4.171885013580322,5.221216678619385,5.090202331542969,4.770559787750244,4.58358097076416,4.245115756988525,4.006185054779053,4.000946044921875,3.827582836151123,3.4643044471740723,3.6242623329162598,3.7866392135620117,3.505589008331299,3.3317461013793945,3.6586108207702637,3.839592695236206,4.1141676902771,4.182592868804932,3.833791494369507,3.9428584575653076,3.582801342010498,3.562711238861084,3.6184797286987305,3.3130581378936768,3.3144114017486572,3.5982511043548584,3.559878349304199,3.3725900650024414,3.508559465408325,3.8546388149261475,3.89325213432312
B1,3.812568426132202,3.6029410362243652,3.4337966442108154,3.2902839183807373,3.1491034030914307,2.7999019622802734,2.712249279022217,2.707249402999878,2.374399423599243,2.181999444961548,2.4278788566589355,2.350489854812622,1.993433952331543,1.9773575067520142,2.227327585220337,0.0,0.3808300197124481,0.670266330242157,0.9562577605247498,1.2421070337295532,1.46712064743042,1.554236888885498,1.773066759109497,2.059530258178711,1.9939101934432983,1.9633703231811523,2.313184976577759,2.4390265941619873,2.2949137687683105,2.466156244277954,3.7328357696533203,3.921926498413086,3.8848371505737305,4.188700199127197,4.157658576965332,4.09976053237915,4.441931247711182,4.279461860656738,4.642156600952148,4.7186665534973145,4.437464237213135,4.475633144378662,4.836775779724121,4.846710681915283,4.74735689163208,6.266881942749023,6.258223533630371,5.9579877853393555,5.887829303741455,5.599062442779541,5.308133125305176,5.423664569854736,5.24290132522583,4.884345054626465,4.923439979553223,5.2003173828125,4.97182035446167,4.687892436981201,4.880287170410156,5.129659175872803,5.092569351196289,4.99717378616333,4.691601753234863,4.669254779815674,4.314440727233887,4.10670804977417,4.091860771179199,3.850914478302002,3.6295697689056396,3.8396072387695312,3.924856185913086,3.6586661338806152,3.559976816177368,3.920924186706543,3.912645101547241
B2,3.8865044116973877,3.663470983505249,3.462472438812256,3.336028575897217,3.157545804977417,2.7985153198242188,2.730036973953247,2.6803789138793945,2.3270909786224365,2.189897298812866,2.4363417625427246,2.3122811317443848,1.9692838191986084,2.0284855365753174,2.273073673248291,0.3808300197124481,0.0,0.378284215927124,0.5882773995399475,0.8914424180984497,1.1326805353164673,1.2769678831100464,1.5071218013763428,1.7737078666687012,1.7496596574783325,1.76396906375885,2.0988664627075195,2.2235560417175293,2.130981683731079,2.333068609237671,3.4682552814483643,3.6353137493133545,3.5795342922210693,3.8785903453826904,3.834582567214966,3.784297227859497,4.133025646209717,3.982445240020752,4.346798419952393,4.439202785491943,4.174243450164795,4.221652984619141,4.587296485900879,4.611392021179199,4.5344109535217285,6.019464015960693,6.021368980407715,5.7208733558654785,5.670772075653076,5.387160301208496,5.0867695808410645,5.212801933288574,5.025555610656738,4.6732258796691895,4.689436435699463,4.977117538452148,4.757737159729004,4.460340976715088,4.629946708679199,4.885162353515625,4.834850788116455,4.724827766418457,4.432922840118408,4.408054351806641,4.063040256500244,3.8374743461608887,3.836104393005371,3.618194818496704,3.3830933570861816,3.6031157970428467,3.7178659439086914,3.471316337585449,3.363912343978882,3.732551336288452,3.754117012023926
B3,4.158385753631592,3.9139060974121094,3.692800998687744,3.551905393600464,3.3452377319335938,2.9858975410461426,2.895284652709961,2.8007237911224365,2.4461028575897217,2.3247649669647217,2.5291335582733154,2.354609727859497,2.0098133087158203,2.104722738265991,2.3028149604797363,0.670266330242157,0.378284215927124,0.0,0.3693765103816986,0.6744537949562073,0.8197001218795776,0.9378530979156494,1.2158533334732056,1.4498380422592163,1.3972891569137573,1.4474828243255615,1.7886453866958618,1.8798784017562866,1.79250967502594,2.0219333171844482,3.096370220184326,3.2687644958496094,3.220781087875366,3.523681402206421,3.493043899536133,3.446697950363159,3.7943177223205566,3.6497464179992676,4.016883373260498,4.096334457397461,3.829620122909546,3.8906588554382324,4.253568172454834,4.26613187789917,4.194287300109863,5.733989715576172,5.750832557678223,5.459761142730713,5.418473720550537,5.147950649261475,4.851290702819824,4.997673988342285,4.826250076293945,4.478236198425293,4.492870807647705,4.7975006103515625,4.601496696472168,4.306874752044678,4.462108135223389,4.73536491394043,4.785064220428467,4.6776652336120605,4.400440692901611,4.396422386169434,4.062113285064697,3.831202268600464,3.8650624752044678,3.670013904571533,3.4402058124542236,3.68649959564209,3.8267507553100586,3.607900857925415,3.5118587017059326,3.8900020122528076,3.9442481994628906
B4,4.151488780975342,3.9021639823913574,3.657382011413574,3.5402965545654297,3.3071415424346924,2.94560170173645,2.8838934898376465,2.7586729526519775,2.39380145072937,2.331103801727295,2.542816162109375,2.3410186767578125,2.028229236602783,2.1864302158355713,2.3888022899627686,0.9562577605247498,0.5882773995399475,0.3693765103816986,0.0,0.3768889307975769,0.5820615291595459,0.8257373571395874,1.0798141956329346,1.283848762512207,1.3196220397949219,1.4184608459472656,1.7155194282531738,1.8209631443023682,1.8119953870773315,2.0586633682250977,2.9795167446136475,3.1155521869659424,3.03497314453125,3.325371026992798,3.267815589904785,3.2260918617248535,3.581016778945923,3.4471275806427,3.813291311264038,3.920041561126709,3.676020860671997,3.7400476932525635,4.108311653137207,4.146018981933594,4.100097179412842,5.559211254119873,5.581304550170898,5.2863311767578125,5.265322685241699,4.996112823486328,4.687641143798828,4.8368706703186035,4.651548862457275,4.311352729797363,4.298624038696289,4.607547283172607,4.4141130447387695,4.104083061218262,4.23653507232666,4.508306503295898,4.507491111755371,4.3835296630859375,4.1187849044799805,4.106133937835693,3.7821969985961914,3.5348079204559326,3.5747087001800537,3.401489496231079,3.15850830078125,3.4074809551239014,3.5719523429870605,3.371405601501465,3.2665061950683594,3.645857334136963,3.7245004177093506
B5,4.100104331970215,3.8283698558807373,3.5586259365081787,3.437519073486328,3.172961711883545,2.817007303237915,2.750312566757202,2.580702304840088,2.2196121215820312,2.1987593173980713,2.381575584411621,2.1404058933258057,1.857603669166565,2.073035717010498,2.250514268875122,1.2421070337295532,0.8914424180984497,0.6744537949562073,0.3768889307975769,0.0,0.3711998760700226,0.6325933933258057,0.7863258719444275,1.0014243125915527,1.1234843730926514,1.2077840566635132,1.4545155763626099,1.6035796403884888,1.6564840078353882,1.8850109577178955,2.8624980449676514,2.967202663421631,2.8515524864196777,3.1146650314331055,3.023930311203003,2.9545369148254395,3.3034074306488037,3.1513748168945312,3.511660575866699,3.6359410285949707,3.3966989517211914,3.441951036453247,3.8137216567993164,3.874631404876709,3.8337936401367188,5.215562343597412,5.231789588928223,4.932295799255371,4.914592266082764,4.642676830291748,4.329661846160889,4.476431369781494,4.2856221199035645,3.9479565620422363,3.9277915954589844,4.237358570098877,4.046228885650635,3.7334368228912354,3.8610587120056152,4.134355545043945,4.16784143447876,4.051408767700195,3.790864944458008,3.795050859451294,3.4756999015808105,3.2341949939727783,3.2997500896453857,3.136953115463257,2.9106712341308594,3.184717893600464,3.359259843826294,3.1853554248809814,3.107109546661377,3.4937329292297363,3.60316801071167
B6,4.444128036499023,4.16236686706543,3.8864991664886475,3.7528929710388184,3.477393388748169,3.126736640930176,3.039921283721924,2.846545457839966,2.495891571044922,2.474269151687622,2.61810302734375,2.3474838733673096,2.067232131958008,2.2876949310302734,2.419186592102051,1.46712064743042,1.1326805353164673,0.8197001218795776,0.5820615291595459,0.3711998760700226,0.0,0.36536261439323425,0.6181893944740295,0.724393904209137,0.8159685134887695,0.9910749793052673,1.2301311492919922,1.3134938478469849,1.3880846500396729,1.657601237297058,2.4944353103637695,2.607609748840332,2.5051934719085693,2.7790637016296387,2.7113587856292725,2.6539111137390137,3.0049960613250732,2.8664345741271973,3.2332096099853516,3.3380990028381348,3.0970730781555176,3.166530132293701,3.5345842838287354,3.5766613483428955,3.5442941188812256,5.010572910308838,5.047817230224609,4.761977672576904,4.755886077880859,4.502460479736328,4.196090221405029,4.369322299957275,4.200742244720459,3.870650291442871,3.8492014408111572,4.178604602813721,4.018381595611572,3.712322235107422,3.820444107055664,4.11427640914917,4.261970520019531,4.1479082107543945,3.9077272415161133,3.9322969913482666,3.62984299659729,3.38495135307312,3.483876943588257,3.348031997680664,3.1288747787475586,3.418478012084961,3.6137964725494385,3.4648046493530273,3.3925206661224365,3.7787880897521973,3.909389019012451
B7,4.525702476501465,4.226987361907959,3.952721357345581,3.787020206451416,3.5092484951019287,3.167361259460449,3.0393009185791016,2.832599401473999,2.5004758834838867,2.451688289642334,2.5472023487091064,2.259791135787964,1.972306728363037,2.1788763999938965,2.261359453201294,1.554236888885498,1.2769678831100464,0.9378530979156494,0.8257373571395874,0.6325933933258057,0.36536261439323425,0.0,0.3848988711833954,0.522055447101593,0.5026988387107849,0.6366201043128967,0.9148401021957397,0.9968941807746887,1.0352305173873901,1.2958742380142212,2.3840081691741943,2.519679307937622,2.433689594268799,2.700767993927002,2.647855281829834,2.5606391429901123,2.8942646980285645,2.7273664474487305,3.0917410850524902,3.1676478385925293,2.897644519805908,2.9537713527679443,3.3178694248199463,3.341049909591675,3.2813544273376465,4.818472385406494,4.8517351150512695,4.571896076202393,4.547306060791016,4.296807765960693,4.003903865814209,4.18220853805542,4.035637855529785,3.7007813453674316,3.7079310417175293,4.040037155151367,3.8913657665252686,3.606088399887085,3.731503486633301,4.035755634307861,4.318634510040283,4.2325544357299805,3.988938808441162,4.044572830200195,3.7406558990478516,3.5207035541534424,3.642585277557373,3.498445987701416,3.310387372970581,3.619377613067627,3.800985813140869,3.6594669818878174,3.6180999279022217,4.008790969848633,4.142657279968262
B8,4.392640113830566,4.075223922729492,3.7851531505584717,3.6108434200286865,3.311885356903076,2.9835734367370605,2.8442881107330322,2.602646589279175,2.2884554862976074,2.269988536834717,2.3270602226257324,2.009730339050293,1.7607425451278687,2.010788679122925,2.0613112449645996,1.773066759109497,1.5071218013763428,1.2158533334732056,1.0798141956329346,0.7863258719444275,0.6181893944740295,0.3848988711833954,0.0,0.3709903657436371,0.527640700340271,0.5047279000282288,0.6742817759513855,0.8856368064880371,1.001749038696289,1.1840025186538696,2.4715211391448975,2.5710232257843018,2.445222854614258,2.668623208999634,2.5717613697052,2.435016393661499,2.750934362411499,2.544656753540039,2.896700382232666,2.991565465927124,2.717649221420288,2.7325985431671143,3.1012229919433594,3.154712677001953,3.086544990539551,4.520046710968018,4.535364627838135,4.245805263519287,4.212096214294434,3.9504125118255615,3.653797149658203,3.820072889328003,3.6662039756774902,3.3277459144592285,3.339468479156494,3.6658477783203125,3.5114099979400635,3.2290871143341064,3.365070343017578,3.6673078536987305,3.999250650405884,3.932648181915283,3.686124086380005,3.764080762863159,3.4614484310150146,3.262791872024536,3.4059667587280273,3.261277914047241,3.104030132293701,3.432643413543701,3.607067108154297,3.486576795578003,3.479933500289917,3.8715851306915283,4.023556709289551
B9,4.727001667022705,4.4077653884887695,4.108353614807129,3.9422991275787354,3.6317362785339355,3.308194875717163,3.1767234802246094,2.9174516201019287,2.6098475456237793,2.614858388900757,2.6589181423187256,2.32696270942688,2.101355791091919,2.362867593765259,2.3918631076812744,2.059530258178711,1.7737078666687012,1.4498380422592163,1.283848762512207,1.0014243125915527,0.724393904209137,0.522055447101593,0.3709903657436371,0.0,0.38086825609207153,0.5620719194412231,0.5994167923927307,0.6932770013809204,0.9231386184692383,1.155906319618225,2.125553846359253,2.2086894512176514,2.0752100944519043,2.2984001636505127,2.2084739208221436,2.0843706130981445,2.407925605773926,2.2225756645202637,2.583129644393921,2.6738040447235107,2.4121029376983643,2.45867919921875,2.827226161956787,2.875230312347412,2.8348195552825928,4.3125762939453125,4.354659080505371,4.0782694816589355,4.070911884307861,3.831598997116089,3.5360703468322754,3.73207426071167,3.593782424926758,3.272026777267456,3.263115406036377,3.6104838848114014,3.491177558898926,3.208350419998169,3.306361198425293,3.6255533695220947,4.024257183074951,3.9478304386138916,3.7303643226623535,3.817131519317627,3.5392539501190186,3.32781982421875,3.49774432182312,3.3903987407684326,3.229142904281616,3.563178539276123,3.7660603523254395,3.672546148300171,3.6592836380004883,4.046240329742432,4.221641540527344
B10,4.8929924964904785,4.575836181640625,4.293103218078613,4.10611629486084,3.813948631286621,3.488046646118164,3.3302249908447266,3.0918896198272705,2.787792682647705,2.7428135871887207,2.7760133743286133,2.45851731300354,2.1980252265930176,2.4087257385253906,2.4187068939208984,1.9939101934432983,1.7496596574783325,1.3972891569137573,1.3196220397949219,1.1234843730926514,0.8159685134887695,0.5026988387107849,0.527640700340271,0.38086825609207153,0.0,0.38303855061531067,0.5622947812080383,0.5110145211219788,0.6136729717254639,0.9119268655776978,2.0207526683807373,2.1643426418304443,2.091515302658081,2.344632148742676,2.3145618438720703,2.2065553665161133,2.5189692974090576,2.3400049209594727,2.701443910598755,2.740710973739624,2.4510865211486816,2.5161776542663574,2.8717849254608154,2.8699355125427246,2.8025500774383545,4.43929386138916,4.48930025100708,4.22758150100708,4.205071926116943,3.976949691772461,3.7008397579193115,3.9069342613220215,3.7965762615203857,3.4730100631713867,3.4932339191436768,3.8418290615081787,3.73439884185791,3.4725613594055176,3.584325075149536,3.909604549407959,4.378629207611084,4.313002109527588,4.090941905975342,4.183804035186768,3.900516986846924,3.6963353157043457,3.8612024784088135,3.7405810356140137,3.5806117057800293,3.911381721496582,4.102961540222168,3.9930830001831055,3.976858377456665,4.366721153259277,4.525068759918213
B11,4.681065082550049,4.352900505065918,4.075407981872559,3.8645589351654053,3.5763604640960693,3.2619283199310303,3.074551582336426,2.834453821182251,2.5510339736938477,2.4841227531433105,2.4820597171783447,2.1639411449432373,1.905611515045166,2.1023781299591064,2.0795159339904785,1.9633703231811523,1.76396906375885,1.4474828243255615,1.4184608459472656,1.2077840566635132,0.9910749793052673,0.6366201043128967,0.5047279000282288,0.5620719194412231,0.38303855061531067,0.0,0.376068651676178,0.5246253609657288,0.5209251046180725,0.6879605650901794,2.31777024269104,2.4611525535583496,2.3823699951171875,2.6059179306030273,2.556515693664551,2.4027185440063477,2.688176155090332,2.462416887283325,2.8067893981933594,2.841212272644043,2.526740074157715,2.5400807857513428,2.892768621444702,2.8976402282714844,2.7886452674865723,4.385169506072998,4.406216621398926,4.135604381561279,4.079369068145752,3.8335835933685303,3.5649521350860596,3.748199701309204,3.6391239166259766,3.301740884780884,3.356137752532959,3.687770366668701,3.562847375869751,3.3180885314941406,3.4684975147247314,3.7854371070861816,4.301721096038818,4.264825820922852,4.023065567016602,4.1331939697265625,3.8365135192871094,3.6626691818237305,3.826852798461914,3.679380416870117,3.5489144325256348,3.8878064155578613,4.0501322746276855,3.9339959621429443,3.9475414752960205,4.33952522277832,4.488403797149658
B12,4.803468704223633,4.461646556854248,4.168248653411865,3.957031726837158,3.6479179859161377,3.350003957748413,3.1605687141418457,2.8855960369110107,2.625227689743042,2.5968127250671387,2.556464910507202,2.211775064468384,2.0066943168640137,2.239755392074585,2.1780712604522705,2.313184976577759,2.0988664627075195,1.7886453866958618,1.7155194282531738,1.4545155763626099,1.2301311492919922,0.9148401021957397,0.6742817759513855,0.5994167923927307,0.5622947812080383,0.376068651676178,0.0,0.37967774271965027,0.5844994783401489,0.6494377851486206,2.230480432510376,2.3338077068328857,2.2226054668426514,2.401944637298584,2.3236687183380127,2.130767345428467,2.394052743911743,2.1409013271331787,2.47391939163208,2.5150299072265625,2.198765277862549,2.18852162361145,2.543915271759033,2.5695431232452393,2.464054822921753,4.00993013381958,4.031573295593262,3.761747121810913,3.71097993850708,3.470162868499756,3.201456069946289,3.39491605758667,3.2943739891052246,2.964376926422119,3.0156028270721436,3.355574607849121,3.2515671253204346,3.0147545337677,3.1524035930633545,3.4785685539245605,4.09393310546875,4.070374488830566,3.845513105392456,3.980656623840332,3.7024788856506348,3.5421500205993652,3.737868070602417,3.612421989440918,3.506253957748413,3.8600497245788574,4.03098726272583,3.9469616413116455,3.982943058013916,4.370380401611328,4.544822692871094
B13,5.153345584869385,4.816871166229248,4.527512073516846,4.317809104919434,4.013883590698242,3.7102952003479004,3.522367238998413,3.2558348178863525,2.9886245727539062,2.948625326156616,2.916806697845459,2.5788581371307373,2.357752561569214,2.569463014602661,2.5075113773345947,2.4390265941619873,2.2235560417175293,1.8798784017562866,1.8209631443023682,1.6035796403884888,1.3134938478469849,0.9968941807746887,0.8856368064880371,0.6932770013809204,0.5110145211219788,0.5246253609657288,0.37967774271965027,0.0,0.39154544472694397,0.5904344916343689,1.8910181522369385,2.0248069763183594,1.953983187675476,2.1584365367889404,2.1339077949523926,1.974491834640503,2.2399330139160156,2.0215747356414795,2.3642046451568604,2.3641960620880127,2.042757749557495,2.0870590209960938,2.431532382965088,2.411381483078003,2.3174943923950195,4.021975040435791,4.075835704803467,3.8290534019470215,3.796213150024414,3.5849807262420654,3.3301568031311035,3.5543177127838135,3.4816322326660156,3.168924331665039,3.2137231826782227,3.5684478282928467,3.4979476928710938,3.2694194316864014,3.379244327545166,3.7177045345306396,4.379550457000732,4.3452606201171875,4.138964653015137,4.27249813079834,4.007271766662598,3.832113742828369,4.034506797790527,3.9273874759674072,3.8061206340789795,4.156348705291748,4.344724655151367,4.2634172439575195,4.281525135040283,4.668756008148193,4.8464226722717285
B14,5.145868301391602,4.814313888549805,4.5450520515441895,4.316159725189209,4.035408973693848,3.730062961578369,3.519402503967285,3.2815775871276855,3.017434597015381,2.926926374435425,2.8918561935424805,2.5789034366607666,2.3235039710998535,2.479698657989502,2.408480405807495,2.2949137687683105,2.130981683731079,1.79250967502594,1.8119953870773315,1.6564840078353882,1.3880846500396729,1.0352305173873901,1.001749038696289,0.9231386184692383,0.6136729717254639,0.5209251046180725,0.5844994783401489,0.39154544472694397,0.0,0.36364397406578064,2.0540409088134766,2.2430496215820312,2.22457218170166,2.4522781372070312,2.467355489730835,2.3232083320617676,2.5773279666900635,2.3624978065490723,2.69581937789917,2.661612033843994,2.321884870529175,2.363696813583374,2.6890556812286377,2.629988431930542,2.4978277683258057,4.28848123550415,4.333755970001221,4.093203067779541,4.03402042388916,3.8209221363067627,3.582906484603882,3.7963778972625732,3.7366950511932373,3.4156765937805176,3.492237091064453,3.83432936668396,3.753406047821045,3.540433883666992,3.678849458694458,4.011216640472412,4.677910804748535,4.653258323669434,4.42911958694458,4.559815406799316,4.2780609130859375,4.110589981079102,4.295153617858887,4.161651134490967,4.039597988128662,4.3840436935424805,4.552656173706055,4.446039199829102,4.462341785430908,4.853661060333252,5.007258892059326
