,A1,A2,A3,A4,A5,A6,A7,A8,A9,A10,A11,A12,A13,A14,A15,B1,B2,B3,B4,B5,B6,B7,B8,B9,B10,B11,B12,B13,B14,B15,C1,C2,C3,C4,C5,C6,C7,C8,C9,C10,C11,C12,C13,C14,C15,D1,D2,D3,D4,D5,D6,D7,D8,D9,D10,D11,D12,D13,D14,D15,E1,E2,E3,E4,E5,E6,E7,E8,E9,E10,E11,E12,E13,E14,E15
A1,0.0,0.3867815434932709,0.6031790971755981,0.9242907762527466,1.2443554401397705,1.5705000162124634,1.895635962486267,2.1740164756774902,2.52309250831604,2.7142465114593506,3.073312997817993,3.2477011680603027,3.6249444484710693,3.8194353580474854,4.216124534606934,2.4375627040863037,2.131598711013794,1.88848876953125,1.570277452468872,1.4526969194412231,1.7380274534225464,1.784630537033081,2.1716723442077637,2.390986680984497,2.686962366104126,3.0162010192871094,3.246237277984619,3.6146175861358643,3.8470780849456787,4.241044998168945,2.655184268951416,2.4435293674468994,2.1985390186309814,1.841294765472412,1.847188115119934,1.9489151239395142,1.976901650428772,2.29860782623291,2.499058246612549,2.7737996578216553,3.110534429550171,3.350468635559082,3.7147045135498047,3.9686758518218994,4.355355739593506,3.0665159225463867,2.9459259510040283,2.6642234325408936,2.48512864112854,2.553149700164795,2.535122871398926,2.5789854526519775,2.7790794372558594,2.9415721893310547,3.2117395401000977,3.456050395965576,3.7162041664123535,4.035531520843506,4.319306373596191,4.6623101234436035,3.7429630756378174,3.7522268295288086,3.454294443130493,3.431424379348755,3.5281896591186523,3.248030424118042,3.4527781009674072,3.3482751846313477,3.500196695327759,3.6984963417053223,3.6860620975494385,3.9665732383728027,4.065121173858643,4.417977809906006,4.595582008361816
A2,0.3867815434932709,0.0,0.38984715938568115,0.5965833067893982,0.9553425312042236,1.310590386390686,1.622856855392456,1.9347025156021118,2.2714388370513916,2.500669002532959,2.849566698074341,3.061267137527466,3.4285120964050293,3.6547179222106934,4.04830265045166,2.5040931701660156,2.2411108016967773,1.9507136344909668,1.6245123147964478,1.4291424751281738,1.6468205451965332,1.6116278171539307,1.98882257938385,2.1602365970611572,2.485114097595215,2.7944746017456055,3.0580272674560547,3.410674810409546,3.6713931560516357,4.058666229248047,2.7145986557006836,2.534878969192505,2.244994640350342,1.9008402824401855,1.8309364318847656,1.87356436252594,1.8288105726242065,2.1294209957122803,2.2805051803588867,2.5777459144592285,2.8900985717773438,3.1600475311279297,3.506963014602661,3.786571979522705,4.16410493850708,3.0975053310394287,2.9990978240966797,2.684720993041992,2.504786491394043,2.514925241470337,2.4525232315063477,2.4456100463867188,2.6192500591278076,2.739736318588257,3.0212576389312744,3.2346177101135254,3.517477512359619,3.8161323070526123,4.120424270629883,4.451746463775635,3.7194602489471436,3.731781244277954,3.4108755588531494,3.3769054412841797,3.4315009117126465,3.124070167541504,3.292161703109741,3.1573638916015625,3.2775745391845703,3.4634273052215576,3.4199113845825195,3.7004964351654053,3.773078441619873,4.128849029541016,4.287252426147461
A3,0.6031790971755981,0.38984715938568115,0.0,0.3835713863372803,0.6480146646499634,0.9732178449630737,1.293557047843933,1.5800135135650635,1.9263805150985718,2.133460760116577,2.4891884326934814,2.6853082180023193,3.056741952896118,3.2735302448272705,3.6675710678100586,2.161195993423462,1.9266341924667358,1.613808035850525,1.2891877889633179,1.0621540546417236,1.2587757110595703,1.2295728921890259,1.6103862524032593,1.8047771453857422,2.115562915802002,2.4376630783081055,2.6865768432617188,3.0459988117218018,3.296929121017456,3.6855762004852295,2.3854453563690186,2.2388486862182617,1.935815691947937,1.6185613870620728,1.5384567975997925,1.5340943336486816,1.5013432502746582,1.7833225727081299,1.9528136253356934,2.228593587875366,2.55230975151062,2.805976390838623,3.15790057182312,3.427506446838379,3.8058578968048096,2.7885029315948486,2.7238612174987793,2.4043383598327637,2.263545036315918,2.269908905029297,2.1707491874694824,2.183454990386963,2.3258872032165527,2.464003324508667,2.7192695140838623,2.9362196922302246,3.2007358074188232,3.50075364112854,3.7940256595611572,4.122845649719238,3.438594341278076,3.4805734157562256,3.161115884780884,3.161322832107544,3.2074086666107178,2.897331476211548,3.0715692043304443,2.9162709712982178,3.0580315589904785,3.2183902263641357,3.1827492713928223,3.4416589736938477,3.522080898284912,3.8656105995178223,4.031756401062012
A4,0.9242907762527466,0.5965833067893982,0.3835713863372803,0.0,0.3789382874965668,0.7443662881851196,1.061214804649353,1.3797221183776855,1.7153314352035522,1.9651014804840088,2.309809446334839,2.5479798316955566,2.904728412628174,3.1563210487365723,3.5413053035736084,2.312973737716675,2.130070209503174,1.795361042022705,1.4733535051345825,1.202207088470459,1.2857398986816406,1.1553120613098145,1.5025452375411987,1.632034420967102,1.9726977348327637,2.2712326049804688,2.556489944458008,2.8942606449127197,3.175581455230713,3.55194354057312,2.5529625415802,2.449596643447876,2.1194326877593994,1.8361314535140991,1.69440758228302,1.6121844053268433,1.4986952543258667,1.727489709854126,1.8280301094055176,2.117957592010498,2.4064149856567383,2.6903860569000244,3.016313314437866,3.3129870891571045,3.6758201122283936,2.9365317821502686,2.9028608798980713,2.5620739459991455,2.433849811553955,2.3855535984039307,2.2348973751068115,2.1951141357421875,2.291559934616089,2.377558708190918,2.6339218616485596,2.806550979614258,3.0916099548339844,3.3607850074768066,3.6747727394104004,3.984083652496338,3.5361807346343994,3.5876944065093994,3.2510011196136475,3.2466049194335938,3.246845006942749,2.911508798599243,3.0417752265930176,2.846938371658325,2.950805187225342,3.0857455730438232,3.0082056522369385,3.2579524517059326,3.3000974655151367,3.6419131755828857,3.7783548831939697
A5,1.2443554401397705,0.9553425312042236,0.6480146646499634,0.3789382874965668,0.0,0.36797189712524414,0.6948742270469666,1.0012047290802002,1.3425710201263428,1.5890583992004395,1.9352965354919434,2.17622709274292,2.53052020072937,2.7873547077178955,3.1692709922790527,2.121678590774536,1.996016025543213,1.6432744264602661,1.3512343168258667,1.0435748100280762,1.0212898254394531,0.8273954391479492,1.147565245628357,1.2654541730880737,1.6049611568450928,1.90505051612854,2.190946340560913,2.525794267654419,2.8097267150878906,3.1823880672454834,2.366079092025757,2.3134419918060303,1.9699242115020752,1.7398377656936646,1.5670692920684814,1.403602957725525,1.2645623683929443,1.4333378076553345,1.5170120000839233,1.7857025861740112,2.0682570934295654,2.3468151092529297,2.6660261154174805,2.9628148078918457,3.3198776245117188,2.7470955848693848,2.7565536499023438,2.4102087020874023,2.3255622386932373,2.25290584564209,2.0504705905914307,2.008781671524048,2.0509321689605713,2.131526231765747,2.3568532466888428,2.5135531425476074,2.7856812477111816,3.043081521987915,3.352588653564453,3.6516220569610596,3.34060001373291,3.4216220378875732,3.084495782852173,3.1095235347747803,3.0852279663085938,2.743765354156494,2.8616344928741455,2.635185480117798,2.7453761100769043,2.843764305114746,2.7603273391723633,2.9824509620666504,3.019551992416382,3.346696376800537,3.4813880920410156
A6,1.5705000162124634,1.310590386390686,0.9732178449630737,0.7443662881851196,0.36797189712524414,0.0,0.40724053978919983,0.6453430652618408,1.0082428455352783,1.236552357673645,1.5906531810760498,1.8280259370803833,2.1806721687316895,2.4396274089813232,2.816288948059082,1.9671497344970703,1.907069444656372,1.5542722940444946,1.3035051822662354,0.9960451126098633,0.8377758264541626,0.5811096429824829,0.834955096244812,0.945591390132904,1.2713522911071777,1.579377293586731,1.8582192659378052,2.190755844116211,2.4732723236083984,2.8404386043548584,2.232024908065796,2.2388477325439453,1.8961604833602905,1.7329752445220947,1.5480690002441406,1.3014801740646362,1.1545642614364624,1.2307381629943848,1.2957104444503784,1.5189182758331299,1.7923636436462402,2.0548839569091797,2.364234685897827,2.65619158744812,3.004551649093628,2.6192941665649414,2.6782937049865723,2.3365485668182373,2.3053507804870605,2.2170984745025635,1.9650641679763794,1.9310389757156372,1.9079289436340332,1.9855412244796753,2.1641507148742676,2.300285577774048,2.5492823123931885,2.7902119159698486,3.089698314666748,3.373936891555786,3.2148478031158447,3.330530881881714,2.9995710849761963,3.060081720352173,3.0140273571014404,2.6731319427490234,2.779273509979248,2.521784543991089,2.6402060985565186,2.6937780380249023,2.605001926422119,2.78924298286438,2.8186123371124268,3.123558282852173,3.252960681915283
A7,1.895635962486267,1.622856855392456,1.293557047843933,1.061214804649353,0.6948742270469666,0.40724053978919983,0.0,0.3923085629940033,0.6576016545295715,0.9508510828018188,1.2633768320083618,1.5446323156356812,1.8767966032028198,2.165888786315918,2.540010452270508,2.048494577407837,2.0462424755096436,1.678659439086914,1.51004159450531,1.1681815385818481,0.9319533705711365,0.5526240468025208,0.6406473517417908,0.6034970283508301,0.9707162380218506,1.2294118404388428,1.547305941581726,1.8565781116485596,2.1655352115631104,2.526440143585205,2.212214946746826,2.249701976776123,1.8880550861358643,1.7737499475479126,1.5223697423934937,1.2200865745544434,0.9841094613075256,0.9674196839332581,0.9425970911979675,1.177139401435852,1.4152629375457764,1.706360936164856,1.9983652830123901,2.3116402626037598,2.653494358062744,2.5083210468292236,2.5889458656311035,2.235227346420288,2.2162394523620605,2.0696067810058594,1.7733410596847534,1.6916239261627197,1.612953782081604,1.6466927528381348,1.8121616840362549,1.9172712564468384,2.1761252880096436,2.401015043258667,2.712167978286743,2.990485668182373,3.003162384033203,3.1233162879943848,2.7843315601348877,2.8445417881011963,2.756542205810547,2.406100273132324,2.476475477218628,2.1902451515197754,2.2926886081695557,2.318713903427124,2.2184460163116455,2.3891351222991943,2.415898084640503,2.717618227005005,2.8531346321105957
A8,2.1740164756774902,1.9347025156021118,1.5800135135650635,1.3797221183776855,1.0012047290802002,0.6453430652618408,0.3923085629940033,0.0,0.3983007073402405,0.597663164138794,0.9484015703201294,1.1992417573928833,1.5402578115463257,1.8173366785049438,2.186901092529297,1.8847559690475464,1.952082633972168,1.6154687404632568,1.4958549737930298,1.2104442119598389,0.8757758736610413,0.5548465847969055,0.4161570370197296,0.37689051032066345,0.6628077030181885,0.9596403241157532,1.2388497591018677,1.5568273067474365,1.8477835655212402,2.2048704624176025,2.092848062515259,2.1978909969329834,1.8644407987594604,1.8267968893051147,1.606915831565857,1.2496949434280396,1.0744746923446655,0.9345279335975647,0.9164953231811523,1.0230400562286377,1.251670479774475,1.485893726348877,1.768204927444458,2.0569071769714355,2.388519048690796,2.4173636436462402,2.555356740951538,2.227199077606201,2.276944160461426,2.1434531211853027,1.8150181770324707,1.7752186059951782,1.6280148029327393,1.6813822984695435,1.7642349004745483,1.851485252380371,2.054783344268799,2.260608673095703,2.541994333267212,2.8003413677215576,2.944523572921753,3.109706163406372,2.792468547821045,2.902700185775757,2.808928966522217,2.4772303104400635,2.5497066974639893,2.245009422302246,2.3704094886779785,2.3424720764160156,2.251368999481201,2.3636257648468018,2.3884429931640625,2.6496787071228027,2.78064227104187
A9,2.52309250831604,2.2714388370513916,1.9263805150985718,1.7153314352035522,1.3425710201263428,1.0082428455352783,0.6576016545295715,0.3983007073402405,0.0,0.38235360383987427,0.6164556741714478,0.9449334740638733,1.241021990776062,1.5625951290130615,1.9189623594284058,2.082951307296753,2.1994497776031494,1.8699109554290771,1.8126158714294434,1.5227479934692383,1.1788380146026611,0.8570805788040161,0.5771216154098511,0.23872320353984833,0.4487466514110565,0.614055871963501,0.9542553424835205,1.223825216293335,1.553074598312378,1.8937066793441772,2.1972930431365967,2.333578586578369,2.0012354850769043,2.011702537536621,1.7528852224349976,1.3753713369369507,1.1504509449005127,0.8982484936714172,0.744589626789093,0.7852537035942078,0.9182863235473633,1.174778938293457,1.41498863697052,1.7300888299942017,2.04428768157959,2.423524856567383,2.586799144744873,2.261619806289673,2.328772783279419,2.145277976989746,1.7837687730789185,1.7002874612808228,1.4801369905471802,1.4738727807998657,1.5088779926300049,1.5360798835754395,1.7333673238754272,1.9023969173431396,2.1921730041503906,2.4324700832366943,2.8331100940704346,3.0069098472595215,2.6910648345947266,2.805058479309082,2.665538787841797,2.3348281383514404,2.361726999282837,2.026163339614868,2.128699779510498,2.0509705543518066,1.9432345628738403,2.0167908668518066,2.0294761657714844,2.271608352661133,2.4019851684570312
A10,2.7142465114593506,2.500669002532959,2.133460760116577,1.9651014804840088,1.5890583992004395,1.236552357673645,0.9508510828018188,0.597663164138794,0.38235360383987427,0.0,0.38991785049438477,0.6051170229911804,0.9442603588104248,1.22529935836792,1.5926154851913452,1.8842113018035889,2.0608887672424316,1.7738516330718994,1.774504542350769,1.5456386804580688,1.170095443725586,0.95328688621521,0.5821739435195923,0.4211016297340393,0.21640972793102264,0.4600205719470978,0.6668044924736023,0.9793420433998108,1.257906198501587,1.609984040260315,2.0182044506073,2.2118771076202393,1.920269250869751,1.9993702173233032,1.7857425212860107,1.3913573026657104,1.25557279586792,0.9478276371955872,0.8769457340240479,0.7458271980285645,0.8848809003829956,1.0125116109848022,1.2586866617202759,1.5145279169082642,1.8287734985351562,2.268186330795288,2.4809625148773193,2.192218065261841,2.323518753051758,2.171727180480957,1.8036171197891235,1.7852777242660522,1.531205654144287,1.5787687301635742,1.5284591913223267,1.5692228078842163,1.6808973550796509,1.847838282585144,2.0824859142303467,2.311699867248535,2.7245023250579834,2.941068410873413,2.6564760208129883,2.822277784347534,2.6979763507843018,2.400144100189209,2.4515509605407715,2.125584840774536,2.2705740928649902,2.1611790657043457,2.0935842990875244,2.1161534786224365,2.154665470123291,2.3504366874694824,2.4942467212677
A11,3.073312997817993,2.849566698074341,2.4891884326934814,2.309809446334839,1.9352965354919434,1.5906531810760498,1.2633768320083618,0.9484015703201294,0.6164556741714478,0.38991785049438477,0.0,0.4003869295120239,0.6280608773231506,0.9743956923484802,1.3143365383148193,2.1499183177948,2.3612940311431885,2.089329481124878,2.129556179046631,1.9007021188735962,1.5336567163467407,1.3123087882995605,0.935452938079834,0.6981968283653259,0.42563897371292114,0.22749756276607513,0.42215240001678467,0.6263161301612854,0.9565210342407227,1.2808477878570557,2.203056812286377,2.4215359687805176,2.143564224243164,2.259763717651367,2.0255868434906006,1.6355618238449097,1.476229190826416,1.1185271739959717,0.9587106704711914,0.7326614856719971,0.6920827627182007,0.7697709202766418,0.9251280426979065,1.1964504718780518,1.4787791967391968,2.355891227722168,2.5920608043670654,2.3189167976379395,2.467191457748413,2.279146194458008,1.8965574502944946,1.8467050790786743,1.5334993600845337,1.5250450372695923,1.4022797346115112,1.3659694194793701,1.4349409341812134,1.5413309335708618,1.765552043914795,1.9617444276809692,2.687286853790283,2.914931297302246,2.642857074737549,2.815732955932617,2.6503217220306396,2.3668766021728516,2.3732926845550537,2.027608633041382,2.14955735206604,1.9809266328811646,1.9044910669326782,1.8649473190307617,1.8911306858062744,2.0432064533233643,2.1836986541748047
A12,3.2477011680603027,3.061267137527466,2.6853082180023193,2.5479798316955566,2.17622709274292,1.8280259370803833,1.5446323156356812,1.1992417573928833,0.9449334740638733,0.6051170229911804,0.4003869295120239,0.0,0.38712069392204285,0.6224169135093689,0.9992589950561523,1.9832780361175537,2.247217893600464,2.0272769927978516,2.126835346221924,1.957402229309082,1.5930397510528564,1.4636218547821045,1.0775103569030762,0.9656714797019958,0.5956166982650757,0.49585625529289246,0.2386292666196823,0.49007081985473633,0.6726589202880859,1.0265498161315918,2.0306971073150635,2.2999765872955322,2.0741963386535645,2.253159284591675,2.068601131439209,1.686562180519104,1.6128789186477661,1.247706413269043,1.1828982830047607,0.8668767213821411,0.8589875102043152,0.7370571494102478,0.8892732858657837,1.0323084592819214,1.3144820928573608,2.1914587020874023,2.4729437828063965,2.246957540512085,2.4546875953674316,2.305807590484619,1.934482216835022,1.9540396928787231,1.634029507637024,1.6901085376739502,1.5000334978103638,1.500769853591919,1.467581033706665,1.5816277265548706,1.7213690280914307,1.908278465270996,2.56500506401062,2.8338682651519775,2.601717948913574,2.825404167175293,2.685957908630371,2.444607734680176,2.4851696491241455,2.167491912841797,2.336825132369995,2.1572957038879395,2.1351089477539062,2.061711072921753,2.1283278465270996,2.2368268966674805,2.3990869522094727
A13,3.6249444484710693,3.4285120964050293,3.056741952896118,2.904728412628174,2.53052020072937,2.1806721687316895,1.8767966032028198,1.5402578115463257,1.241021990776062,0.9442603588104248,0.6280608773231506,0.38712069392204285,0.0,0.3974318206310272,0.691035270690918,2.309784412384033,2.5956456661224365,2.393552303314209,2.5081071853637695,2.3426215648651123,1.980011224746704,1.8408125638961792,1.4534212350845337,1.2961056232452393,0.9477660655975342,0.7194148302078247,0.44068413972854614,0.2763119041919708,0.40712466835975647,0.6791841387748718,2.318889617919922,2.6055431365966797,2.398372173309326,2.5984017848968506,2.406383514404297,2.0324840545654297,1.9433658123016357,1.564947247505188,1.4494704008102417,1.1170746088027954,0.9793684482574463,0.7824526429176331,0.7475335597991943,0.8282797336578369,1.018537998199463,2.4098548889160156,2.7091386318206787,2.505547046661377,2.7254371643066406,2.555880308151245,2.184300184249878,2.1814658641815186,1.8304318189620972,1.8397375345230103,1.595199704170227,1.5203323364257812,1.4234281778335571,1.4456284046173096,1.5381836891174316,1.6571999788284302,2.6729321479797363,2.9526736736297607,2.742199659347534,2.9723289012908936,2.801043748855591,2.5812065601348877,2.5814807415008545,2.256495952606201,2.3984949588775635,2.1654324531555176,2.1341440677642822,1.9922188520431519,2.0366036891937256,2.0790815353393555,2.2216904163360596
A14,3.8194353580474854,3.6547179222106934,3.2735302448272705,3.1563210487365723,2.7873547077178955,2.4396274089813232,2.165888786315918,1.8173366785049438,1.5625951290130615,1.22529935836792,0.9743956923484802,0.6224169135093689,0.3974318206310272,0.0,0.4038296043872833,2.2413339614868164,2.5651566982269287,2.415907621383667,2.5789220333099365,2.4636952877044678,2.117049217224121,2.0448830127716064,1.6666135787963867,1.582371711730957,1.2066277265548706,1.045644998550415,0.6766378283500671,0.5592411756515503,0.30552080273628235,0.5218971371650696,2.232527494430542,2.55651593208313,2.4047415256500244,2.653449058532715,2.5066144466400146,2.152724266052246,2.128885507583618,1.7603996992111206,1.7111823558807373,1.3480072021484375,1.2548002004623413,0.9601118564605713,0.9262092709541321,0.8269903659820557,0.9741247296333313,2.3157315254211426,2.6497955322265625,2.4982340335845947,2.765002965927124,2.633089065551758,2.283236026763916,2.3368406295776367,1.9943422079086304,2.055272340774536,1.7731223106384277,1.738195776939392,1.5638452768325806,1.596335530281067,1.5945022106170654,1.696831464767456,2.60091495513916,2.9146790504455566,2.7489254474639893,3.021130323410034,2.8775854110717773,2.7011630535125732,2.7326886653900146,2.441241502761841,2.621663808822632,2.3902690410614014,2.4071004390716553,2.2493629455566406,2.331174612045288,2.3431344032287598,2.505535840988159
A15,4.216124534606934,4.04830265045166,3.6675710678100586,3.5413053035736084,3.1692709922790527,2.816288948059082,2.540010452270508,2.186901092529297,1.9189623594284058,1.5926154851913452,1.3143365383148193,0.9992589950561523,0.691035270690918,0.4038296043872833,0.0,2.5734760761260986,2.9144532680511475,2.7898387908935547,2.9591238498687744,2.8587729930877686,2.510253667831421,2.4408631324768066,2.06099009513855,1.9607735872268677,1.5921916961669922,1.3988144397735596,1.055065393447876,0.8326584696769714,0.5316876769065857,0.37924033403396606,2.566504716873169,2.905395746231079,2.777304172515869,3.0406675338745117,2.9005825519561768,2.551974296569824,2.526855707168579,2.155115842819214,2.085510730743408,1.7230314016342163,1.580871820449829,1.275949478149414,1.134807825088501,0.9544830322265625,0.93050217628479,2.620429277420044,2.9680416584014893,2.8430707454681396,3.1224470138549805,2.9882888793945312,2.644850730895996,2.6919827461242676,2.338909864425659,2.375659704208374,2.068248748779297,1.9890339374542236,1.772396206855774,1.7278212308883667,1.660170316696167,1.6718616485595703,2.839857339859009,3.164137363433838,3.026482343673706,3.3072469234466553,3.1493544578552246,2.996195077896118,3.004086494445801,2.7158889770507812,2.8763959407806396,2.611295700073242,2.6216988563537598,2.414034843444824,2.472522497177124,2.4215924739837646,2.553838014602661
B1,2.4375627040863037,2.5040931701660156,2.161195993423462,2.312973737716675,2.121678590774536,1.9671497344970703,2.048494577407837,1.8847559690475464,2.082951307296753,1.8842113018035889,2.1499183177948,1.9832780361175537,2.309784412384033,2.2413339614868164,2.5734760761260986,0.0,0.3904877305030823,0.5794001221656799,0.8850604295730591,1.13686203956604,1.1439241170883179,1.5089505910873413,1.5433461666107178,1.9075499773025513,1.8110816478729248,2.1374220848083496,2.028616189956665,2.390057325363159,2.3688225746154785,2.7180564403533936,0.7947253584861755,0.9910014867782593,1.04348623752594,1.2316480875015259,1.4607211351394653,1.3663710355758667,1.7113386392593384,1.7271239757537842,2.0743048191070557,1.9771946668624878,2.3233802318573,2.2463178634643555,2.599771738052368,2.6197590827941895,2.968895673751831,1.531774878501892,1.712451696395874,1.640473484992981,1.8846220970153809,2.077505588531494,1.9525532722473145,2.258575916290283,2.2435641288757324,2.5710675716400146,2.5397677421569824,2.821181535720825,2.81388521194458,3.1302542686462402,3.2143394947052,3.516786575317383,2.538872241973877,2.7818238735198975,2.6367363929748535,2.900421619415283,3.027921676635742,2.875933885574341,3.1563994884490967,3.028064250946045,3.345128059387207,3.374135732650757,3.4848806858062744,3.574615240097046,3.762718915939331,3.970203161239624,4.212160110473633
B2,2.131598711013794,2.2411108016967773,1.9266341924667358,2.130070209503174,1.996016025543213,1.907069444656372,2.0462424755096436,1.952082633972168,2.1994497776031494,2.0608887672424316,2.3612940311431885,2.247217893600464,2.5956456661224365,2.5651566982269287,2.9144532680511475,0.3904877305030823,0.0,0.3948264420032501,0.6612378358840942,0.9783625602722168,1.115119457244873,1.5025180578231812,1.631352424621582,2.0117390155792236,1.9859027862548828,2.334373712539673,2.280322790145874,2.6583776473999023,2.6748149394989014,3.0397660732269287,0.9044331312179565,0.9390984177589417,0.9806515574455261,1.0587564706802368,1.3469891548156738,1.3349577188491821,1.694012999534607,1.794319748878479,2.1588237285614014,2.1279470920562744,2.4982264041900635,2.470618963241577,2.843742847442627,2.897111415863037,3.262948513031006,1.6315995454788208,1.7269179821014404,1.637405276298523,1.8146066665649414,2.040735960006714,1.9640934467315674,2.268261671066284,2.314180612564087,2.6467180252075195,2.6689445972442627,2.9702510833740234,3.002992630004883,3.3389532566070557,3.450531482696533,3.7722198963165283,2.6461408138275146,2.845594882965088,2.6863157749176025,2.9126436710357666,3.066784620285034,2.9070863723754883,3.2040700912475586,3.0972180366516113,3.410297393798828,3.4792792797088623,3.5886929035186768,3.716510534286499,3.907322883605957,4.143651485443115,4.389069557189941
B3,1.88848876953125,1.9507136344909668,1.613808035850525,1.795361042022705,1.6432744264602661,1.5542722940444946,1.678659439086914,1.6154687404632568,1.8699109554290771,1.7738516330718994,2.089329481124878,2.0272769927978516,2.393552303314209,2.415907621383667,2.7898387908935547,0.5794001221656799,0.3948264420032501,0.0,0.39421162009239197,0.6073079705238342,0.7589837312698364,1.1328563690185547,1.2938077449798584,1.672120213508606,1.6902343034744263,2.046395778656006,2.0436317920684814,2.433150053024292,2.498490571975708,2.881695032119751,0.9149765968322754,0.9153367280960083,0.793057382106781,0.8040401339530945,1.022949457168579,0.9752053618431091,1.31727933883667,1.4407052993774414,1.8040510416030884,1.8130427598953247,2.194092273712158,2.2126705646514893,2.5973267555236816,2.6941654682159424,3.0744853019714355,1.5689021348953247,1.6460037231445312,1.4725180864334106,1.6060017347335815,1.7812021970748901,1.6725765466690063,1.9436440467834473,1.9939703941345215,2.3110311031341553,2.3640313148498535,2.661844253540039,2.731684923171997,3.071221113204956,3.2172012329101562,3.54832124710083,2.5177762508392334,2.6970221996307373,2.4933884143829346,2.690004825592041,2.8157050609588623,2.6218690872192383,2.9017460346221924,2.778114080429077,3.0749268531799316,3.152667760848999,3.246428966522217,3.3918559551239014,3.5746097564697266,3.828155994415283,4.070563793182373
B4,1.570277452468872,1.6245123147964478,1.2891877889633179,1.4733535051345825,1.3512343168258667,1.3035051822662354,1.51004159450531,1.4958549737930298,1.8126158714294434,1.774504542350769,2.129556179046631,2.126835346221924,2.5081071853637695,2.5789220333099365,2.9591238498687744,0.8850604295730591,0.6612378358840942,0.39421162009239197,0.0,0.4004790484905243,0.6353650093078613,1.0094568729400635,1.256657361984253,1.634416937828064,1.724495768547058,2.102752447128296,2.1611993312835693,2.5559380054473877,2.6684184074401855,3.055645704269409,1.3047740459442139,1.2706600427627563,1.0961965322494507,0.9839329123497009,1.1427448987960815,1.0807278156280518,1.3479533195495605,1.5072773694992065,1.838425636291504,1.9055025577545166,2.2856462001800537,2.361191511154175,2.742161273956299,2.8837971687316895,3.263878107070923,1.927158236503601,1.9766894578933716,1.7634567022323608,1.8329275846481323,1.974602460861206,1.8539334535598755,2.0695297718048096,2.130350112915039,2.4100987911224365,2.505825996398926,2.781158924102783,2.8969199657440186,3.223966121673584,3.407399892807007,3.7332916259765625,2.832347869873047,2.9888453483581543,2.7549595832824707,2.9134297370910645,3.0198464393615723,2.7903895378112793,3.047564744949341,2.9023053646087646,3.1661479473114014,3.2528538703918457,3.3077173233032227,3.472208261489868,3.6217267513275146,3.893873691558838,4.110008239746094
B5,1.4526969194412231,1.4291424751281738,1.0621540546417236,1.202207088470459,1.0435748100280762,0.9960451126098633,1.1681815385818481,1.2104442119598389,1.5227479934692383,1.5456386804580688,1.9007021188735962,1.957402229309082,2.3426215648651123,2.4636952877044678,2.8587729930877686,1.13686203956604,0.9783625602722168,0.6073079705238342,0.4004790484905243,0.0,0.39012107253074646,0.6770308017730713,0.9809244871139526,1.332849144935608,1.4817893505096436,1.8502037525177002,1.9656249284744263,2.3585240840911865,2.517115354537964,2.913555860519409,1.3832014799118042,1.3323112726211548,1.0503369569778442,0.8831990957260132,0.9029919505119324,0.7908869981765747,0.9904477596282959,1.1828956604003906,1.4976024627685547,1.6180399656295776,1.9983044862747192,2.1242258548736572,2.5080010890960693,2.6899971961975098,3.077850103378296,1.8910298347473145,1.9235098361968994,1.6465808153152466,1.6677724123001099,1.7416667938232422,1.5892307758331299,1.7530219554901123,1.8179092407226562,2.071563243865967,2.201495885848999,2.469057083129883,2.622446060180664,2.9495182037353516,3.164128303527832,3.4969921112060547,2.6944022178649902,2.8279242515563965,2.5574653148651123,2.682756185531616,2.756396770477295,2.4966630935668945,2.7304108142852783,2.5706100463867188,2.814119577407837,2.9105007648468018,2.95121431350708,3.134227991104126,3.2782928943634033,3.566899299621582,3.7830166816711426
B6,1.7380274534225464,1.6468205451965332,1.2587757110595703,1.2857398986816406,1.0212898254394531,0.8377758264541626,0.9319533705711365,0.8757758736610413,1.1788380146026611,1.170095443725586,1.5336567163467407,1.5930397510528564,1.980011224746704,2.117049217224121,2.510253667831421,1.1439241170883179,1.115119457244873,0.7589837312698364,0.6353650093078613,0.39012107253074646,0.0,0.39962759613990784,0.6278240084648132,1.0008436441421509,1.1238373517990112,1.5038713216781616,1.6198238134384155,2.011011838912964,2.1811904907226562,2.573228120803833,1.4256200790405273,1.4727497100830078,1.1789348125457764,1.1135424375534058,1.0529433488845825,0.7907659411430359,0.9162647128105164,0.9848673939704895,1.2645093202590942,1.3418749570846558,1.7075673341751099,1.82870352268219,2.198071241378784,2.3885562419891357,2.7656993865966797,1.9151288270950317,2.01383900642395,1.7274539470672607,1.797563910484314,1.81325101852417,1.5843324661254883,1.716566801071167,1.6989043951034546,1.9232044219970703,2.014024257659912,2.244258165359497,2.3874878883361816,2.6877081394195557,2.904470920562744,3.217024326324463,2.6779935359954834,2.8445942401885986,2.5674121379852295,2.714700698852539,2.7414512634277344,2.4660847187042236,2.663886785507202,2.457937717437744,2.6873812675476074,2.736652374267578,2.7534337043762207,2.902460813522339,3.0237162113189697,3.293452262878418,3.4924230575561523
B7,1.784630537033081,1.6116278171539307,1.2295728921890259,1.1553120613098145,0.8273954391479492,0.5811096429824829,0.5526240468025208,0.5548465847969055,0.8570805788040161,0.95328688621521,1.3123087882995605,1.4636218547821045,1.8408125638961792,2.0448830127716064,2.4408631324768066,1.5089505910873413,1.5025180578231812,1.1328563690185547,1.0094568729400635,0.6770308017730713,0.39962759613990784,0.0,0.3875007927417755,0.6794543266296387,0.9100646376609802,1.265419840812683,1.4683170318603516,1.840732455253601,2.072356939315796,2.4618327617645264,1.6856203079223633,1.7278640270233154,1.385724425315857,1.3002040386199951,1.1162605285644531,0.799262523651123,0.7353960275650024,0.7679572701454163,0.9619190096855164,1.1093885898590088,1.4510905742645264,1.6446750164031982,1.998558521270752,2.2426888942718506,2.615591049194336,2.058267116546631,2.1491148471832275,1.821102499961853,1.8500438928604126,1.7814245223999023,1.5083577632904053,1.5500450134277344,1.5036306381225586,1.663979172706604,1.786319613456726,1.9799810647964478,2.170651435852051,2.4521615505218506,2.708587408065796,3.0159778594970703,2.6892716884613037,2.835871934890747,2.5264577865600586,2.638172149658203,2.614098072052002,2.303548812866211,2.453749656677246,2.214005470275879,2.4032669067382812,2.445895195007324,2.427257537841797,2.5872323513031006,2.684495449066162,2.968803882598877,3.1545236110687256
B8,2.1716723442077637,1.98882257938385,1.6103862524032593,1.5025452375411987,1.147565245628357,0.834955096244812,0.6406473517417908,0.4161570370197296,0.5771216154098511,0.5821739435195923,0.935452938079834,1.0775103569030762,1.4534212350845337,1.6666135787963867,2.06099009513855,1.5433461666107178,1.631352424621582,1.2938077449798584,1.256657361984253,0.9809244871139526,0.6278240084648132,0.3875007927417755,0.0,0.3870043456554413,0.5275362730026245,0.8976636528968811,1.08670175075531,1.4583836793899536,1.6931126117706299,2.0790908336639404,1.6845976114273071,1.802358627319336,1.4774317741394043,1.4861088991165161,1.2843983173370361,0.9045721292495728,0.8124276399612427,0.6470420360565186,0.7777108550071716,0.8184219598770142,1.138582468032837,1.30441153049469,1.644863247871399,1.8854306936264038,2.2490062713623047,2.0074100494384766,2.1572425365448,1.8428330421447754,1.9283668994903564,1.8242528438568115,1.4983012676239014,1.5286625623703003,1.3882976770401,1.5263577699661255,1.5776616334915161,1.7352744340896606,1.8921833038330078,2.148879051208496,2.3926844596862793,2.6818478107452393,2.5830533504486084,2.764275550842285,2.4645159244537354,2.608084201812744,2.5473573207855225,2.2428033351898193,2.3641693592071533,2.0909550189971924,2.279254198074341,2.265761375427246,2.242417097091675,2.353487968444824,2.444579839706421,2.6984143257141113,2.88150954246521
B9,2.390986680984497,2.1602365970611572,1.8047771453857422,1.632034420967102,1.2654541730880737,0.945591390132904,0.6034970283508301,0.37689051032066345,0.23872320353984833,0.4211016297340393,0.6981968283653259,0.9656714797019958,1.2961056232452393,1.582371711730957,1.9607735872268677,1.9075499773025513,2.0117390155792236,1.672120213508606,1.634416937828064,1.332849144935608,1.0008436441421509,0.6794543266296387,0.3870043456554413,0.0,0.382956862449646,0.6404878497123718,0.9462302923202515,1.2633459568023682,1.5653620958328247,1.9312816858291626,1.983741283416748,2.1057655811309814,1.7676377296447754,1.777281641960144,1.5166419744491577,1.1373854875564575,0.9231125712394714,0.6733919978141785,0.587607204914093,0.6526702046394348,0.8800041675567627,1.1256320476531982,1.4203187227249146,1.7173314094543457,2.060924530029297,2.2066915035247803,2.358757257461548,2.030164957046509,2.0954434871673584,1.9230958223342896,1.5666791200637817,1.5078343152999878,1.3087605237960815,1.3509175777435303,1.4000238180160522,1.4852207899093628,1.6786941289901733,1.8938370943069458,2.173708438873291,2.4440619945526123,2.6426236629486084,2.812436819076538,2.496458053588867,2.614816188812256,2.4972000122070312,2.1714043617248535,2.229978322982788,1.9151250123977661,2.053010940551758,2.0049798488616943,1.9370307922363281,2.034623861312866,2.0919487476348877,2.3471505641937256,2.5124270915985107
B10,2.686962366104126,2.485114097595215,2.115562915802002,1.9726977348327637,1.6049611568450928,1.2713522911071777,0.9707162380218506,0.6628077030181885,0.4487466514110565,0.21640972793102264,0.42563897371292114,0.5956166982650757,0.9477660655975342,1.2066277265548706,1.5921916961669922,1.8110816478729248,1.9859027862548828,1.6902343034744263,1.724495768547058,1.4817893505096436,1.1238373517990112,0.9100646376609802,0.5275362730026245,0.382956862449646,0.0,0.3885385990142822,0.587129533290863,0.9379507899284363,1.2051537036895752,1.5796178579330444,1.8689147233963013,2.0556745529174805,1.7590532302856445,1.850728988647461,1.6243611574172974,1.2305219173431396,1.0963490009307861,0.7627530694007874,0.7127264142036438,0.5459508895874023,0.7400626540184021,0.863721489906311,1.157954454421997,1.4096425771713257,1.7518713474273682,2.076029062271118,2.2843308448791504,1.9933018684387207,2.126384735107422,1.9680014848709106,1.597028136253357,1.5867091417312622,1.328250527381897,1.3989115953445435,1.3422495126724243,1.4167171716690063,1.5234644412994385,1.7247556447982788,1.9558392763137817,2.211656332015991,2.5115532875061035,2.725083589553833,2.4402003288269043,2.6090736389160156,2.489363431930542,2.1973044872283936,2.2614095211029053,1.9461075067520142,2.11397385597229,2.0169148445129395,1.9802279472351074,2.0148706436157227,2.091165781021118,2.296290159225464,2.4735193252563477
B11,3.0162010192871094,2.7944746017456055,2.4376630783081055,2.2712326049804688,1.90505051612854,1.579377293586731,1.2294118404388428,0.9596403241157532,0.614055871963501,0.4600205719470978,0.22749756276607513,0.49585625529289246,0.7194148302078247,1.045644998550415,1.3988144397735596,2.1374220848083496,2.334373712539673,2.046395778656006,2.102752447128296,1.8502037525177002,1.5038713216781616,1.265419840812683,0.8976636528968811,0.6404878497123718,0.3885385990142822,0.0,0.40003636479377747,0.6335245966911316,0.9717994332313538,1.3165147304534912,2.1162867546081543,2.315422773361206,2.0253405570983887,2.1386654376983643,1.8822352886199951,1.500629186630249,1.3207780122756958,0.9508764147758484,0.7666835188865662,0.5208689570426941,0.4746186435222626,0.6046867966651917,0.817768394947052,1.1174768209457397,1.4345027208328247,2.2152140140533447,2.435870885848999,2.1533288955688477,2.2881321907043457,2.0816664695739746,1.6967123746871948,1.6319258213043213,1.31123685836792,1.29952871799469,1.1783899068832397,1.1601386070251465,1.2474381923675537,1.3900374174118042,1.632101058959961,1.8623825311660767,2.5003163814544678,2.7146427631378174,2.4344255924224854,2.5973262786865234,2.4265995025634766,2.1404364109039307,2.1466894149780273,1.803296446800232,1.9355405569076538,1.7787621021270752,1.722791075706482,1.703434944152832,1.764661431312561,1.9389749765396118,2.1148171424865723
B12,3.246237277984619,3.0580272674560547,2.6865768432617188,2.556489944458008,2.190946340560913,1.8582192659378052,1.547305941581726,1.2388497591018677,0.9542553424835205,0.6668044924736023,0.42215240001678467,0.2386292666196823,0.44068413972854614,0.6766378283500671,1.055065393447876,2.028616189956665,2.280322790145874,2.0436317920684814,2.1611993312835693,1.9656249284744263,1.6198238134384155,1.4683170318603516,1.08670175075531,0.9462302923202515,0.587129533290863,0.40003636479377747,0.0,0.3953486680984497,0.6209054589271545,1.0012524127960205,1.9854609966278076,2.23854923248291,2.0018107891082764,2.1832938194274902,1.973934292793274,1.6010373830795288,1.507090449333191,1.1279139518737793,1.04117751121521,0.694634199142456,0.6527377367019653,0.4993973970413208,0.6944710612297058,0.8671417832374573,1.1903795003890991,2.071800708770752,2.3428025245666504,2.1102914810180664,2.308717727661133,2.136439323425293,1.7615967988967896,1.7651665210723877,1.4297513961791992,1.4777077436447144,1.2688559293746948,1.2734977006912231,1.2342274188995361,1.3702051639556885,1.519964575767517,1.7355858087539673,2.373819589614868,2.6331348419189453,2.3960721492767334,2.6129586696624756,2.461196184158325,2.222527265548706,2.2555575370788574,1.9396623373031616,2.11527681350708,1.9352939128875732,1.9330062866210938,1.8633825778961182,1.9598475694656372,2.077234983444214,2.270695209503174
B13,3.6146175861358643,3.410674810409546,3.0459988117218018,2.8942606449127197,2.525794267654419,2.190755844116211,1.8565781116485596,1.5568273067474365,1.223825216293335,0.9793420433998108,0.6263161301612854,0.49007081985473633,0.2763119041919708,0.5592411756515503,0.8326584696769714,2.390057325363159,2.6583776473999023,2.433150053024292,2.5559380054473877,2.3585240840911865,2.011011838912964,1.840732455253601,1.4583836793899536,1.2633459568023682,0.9379507899284363,0.6335245966911316,0.3953486680984497,0.0,0.393332302570343,0.6876532435417175,2.316972255706787,2.5811691284179688,2.357433319091797,2.550919771194458,2.3292102813720703,1.9654608964920044,1.8459758758544922,1.4608476161956787,1.3091105222702026,0.9721940755844116,0.7677931785583496,0.5541647672653198,0.4750179946422577,0.625946044921875,0.8640565872192383,2.3325035572052,2.6143906116485596,2.399864435195923,2.6012229919433594,2.401914596557617,2.028477191925049,1.996302604675293,1.6311028003692627,1.6126012802124023,1.3513247966766357,1.2543483972549438,1.1528555154800415,1.1746677160263062,1.2901420593261719,1.4366027116775513,2.5053470134735107,2.768340587615967,2.549309253692627,2.7635395526885986,2.5714025497436523,2.351105213165283,2.331223964691162,2.0030555725097656,2.1379125118255615,1.896206021308899,1.8750802278518677,1.7291897535324097,1.79660964012146,1.8464490175247192,2.0205721855163574
