,A1,A2,A3,A4,A5,A6,A7,A8,A9,A10,A11,A12,A13,A14,A15,B1,B2,B3,B4,B5,B6,B7,B8,B9,B10,B11,B12,B13,B14,B15,C1,C2,C3,C4,C5,C6,C7,C8,C9,C10,C11,C12,C13,C14,C15,D1,D2,D3,D4,D5,D6,D7,D8,D9,D10,D11,D12,D13,D14,D15,E1,E2,E3,E4,E5,E6,E7,E8,E9,E10,E11,E12,E13,E14,E15
A1,0.0,0.39171430468559265,0.6259304285049438,0.9413310289382935,1.214083194732666,1.4730725288391113,1.7806403636932373,2.0221028327941895,2.3400557041168213,2.5768988132476807,2.620969772338867,2.9519765377044678,3.1403069496154785,3.3381879329681396,3.5191588401794434,2.8355846405029297,2.8212714195251465,2.5580339431762695,2.470397472381592,2.5881741046905518,2.4349870681762695,2.6127939224243164,2.7285330295562744,2.8941314220428467,3.199899911880493,3.1709654331207275,3.5302233695983887,3.746335744857788,3.9789891242980957,4.197595596313477,4.560934543609619,4.580434799194336,4.2137017250061035,4.174356937408447,4.053122043609619,3.7458584308624268,3.8617546558380127,3.693903684616089,3.798687696456909,3.889958381652832,3.943464994430542,4.122800827026367,4.353487014770508,4.5993757247924805,4.846898555755615,5.556508541107178,5.5601606369018555,5.185533046722412,5.1326375007629395,5.01710844039917,4.69967794418335,4.7638840675354,4.714248180389404,4.51499605178833,4.4743170738220215,4.7399373054504395,4.869479179382324,5.033961296081543,5.31389856338501,5.462393283843994,6.59359884262085,6.6686506271362305,6.3098297119140625,6.355708122253418,6.08754301071167,5.891239643096924,5.853183746337891,5.483553886413574,5.618585109710693,5.35672664642334,5.162827968597412,4.93981409072876,5.029534339904785,5.309761047363281,5.2130126953125
A2,0.39171430468559265,0.0,0.3844769597053528,0.5867763757705688,0.9086424112319946,1.1564314365386963,1.463967204093933,1.7238667011260986,2.0283620357513428,2.2836267948150635,2.319781541824341,2.6701595783233643,2.8430373668670654,3.0666263103485107,3.2340428829193115,2.809551954269409,2.830223321914673,2.5438992977142334,2.482954263687134,2.568969249725342,2.3631558418273926,2.5246472358703613,2.5916919708251953,2.7388577461242676,3.029294729232788,2.9768311977386475,3.3359858989715576,3.522874593734741,3.774489641189575,3.974169969558716,4.5127129554748535,4.541964530944824,4.172701835632324,4.1423163414001465,3.9869110584259033,3.6825692653656006,3.765713691711426,3.5679197311401367,3.6497905254364014,3.720586061477661,3.7421858310699463,3.9163472652435303,4.122054100036621,4.375461578369141,4.603247165679932,5.465454578399658,5.477717876434326,5.101140022277832,5.0568718910217285,4.916215896606445,4.602563858032227,4.6417412757873535,4.564436435699463,4.351171493530273,4.2869439125061035,4.534254550933838,4.654118537902832,4.797243118286133,5.0768585205078125,5.206010818481445,6.469855785369873,6.55642032623291,6.20594596862793,6.270595073699951,5.9980549812316895,5.822867393493652,5.782824516296387,5.420839786529541,5.565876007080078,5.3227458000183105,5.135190963745117,4.902005195617676,5.0010504722595215,5.290250301361084,5.215022087097168
A3,0.6259304285049438,0.3844769597053528,0.0,0.38732635974884033,0.5936068892478943,0.8622333407402039,1.1567208766937256,1.4059487581253052,1.7161446809768677,1.9620344638824463,2.0304906368255615,2.3646738529205322,2.5696942806243896,2.7921104431152344,2.990222454071045,2.550882577896118,2.558622121810913,2.2472517490386963,2.172149181365967,2.226470470428467,2.005125045776367,2.150054693222046,2.2158992290496826,2.3559319972991943,2.651134967803955,2.6115520000457764,2.9743008613586426,3.1722207069396973,3.427891731262207,3.6420767307281494,4.15253210067749,4.17706823348999,3.8060784339904785,3.7741212844848633,3.6099042892456055,3.3063080310821533,3.3847713470458984,3.1837973594665527,3.2681171894073486,3.338103771209717,3.3658640384674072,3.5415291786193848,3.7554807662963867,4.008574962615967,4.2451300621032715,5.083341598510742,5.098062515258789,4.721986770629883,4.6829915046691895,4.541748523712158,4.232725143432617,4.275146961212158,4.196023464202881,3.990365982055664,3.9225523471832275,4.176339626312256,4.290826320648193,4.443797588348389,4.718831539154053,4.855876922607422,6.094593048095703,6.186293125152588,5.837414264678955,5.908420562744141,5.641358375549316,5.47041130065918,5.440352439880371,5.081888675689697,5.23948860168457,5.003937244415283,4.828853130340576,4.605407238006592,4.723867893218994,5.026159286499023,4.970518589019775
A4,0.9413310289382935,0.5867763757705688,0.38732635974884033,0.0,0.3868277370929718,0.5870793461799622,0.8907579183578491,1.1582181453704834,1.4502021074295044,1.7166608572006226,1.7627137899398804,2.122877597808838,2.299636125564575,2.5511302947998047,2.7257769107818604,2.601194381713867,2.653104305267334,2.3332033157348633,2.298737049102783,2.326916456222534,2.0550315380096436,2.1845507621765137,2.1852223873138428,2.3060338497161865,2.571615219116211,2.495642900466919,2.8516571521759033,3.008958339691162,3.282156467437744,3.4678869247436523,4.188301086425781,4.2281575202941895,3.8599376678466797,3.843208074569702,3.6457269191741943,3.3526623249053955,3.3959708213806152,3.160865306854248,3.2207486629486084,3.260396718978882,3.2496302127838135,3.4123878479003906,3.5937743186950684,3.851109743118286,4.061206817626953,5.081943988800049,5.109157085418701,4.734248161315918,4.7080397605896,4.541587829589844,4.240970611572266,4.256402015686035,4.145334720611572,3.926499605178833,3.8288562297821045,4.059176921844482,4.158134937286377,4.284631729125977,4.556009769439697,4.667619705200195,6.060858726501465,6.166674613952637,5.828752040863037,5.921012878417969,5.651813507080078,5.504659175872803,5.47419548034668,5.126305103302002,5.294426918029785,5.080132007598877,4.913397312164307,4.6816253662109375,4.8087615966796875,5.117695331573486,5.083467483520508
A5,1.214083194732666,0.9086424112319946,0.5936068892478943,0.3868277370929718,0.0,0.3806896209716797,0.575114905834198,0.8807521462440491,1.1482815742492676,1.4309661388397217,1.546462059020996,1.8883843421936035,2.109786033630371,2.3757245540618896,2.5868990421295166,2.5153465270996094,2.5470407009124756,2.1984992027282715,2.138556718826294,2.1078438758850098,1.8128734827041626,1.8917580842971802,1.8832519054412842,1.9661657810211182,2.24174427986145,2.191695213317871,2.5537843704223633,2.71791672706604,3.0094175338745117,3.212599754333496,3.91156005859375,3.93630051612854,3.5650880336761475,3.53513503074646,3.3186233043670654,3.0205435752868652,3.0424530506134033,2.80450439453125,2.8482656478881836,2.89616322517395,2.8800370693206787,3.0577428340911865,3.241490602493286,3.510869026184082,3.7281973361968994,4.729707717895508,4.751219749450684,4.375047206878662,4.3454909324646,4.169407367706299,3.868814468383789,3.8763675689697266,3.7608730792999268,3.54046630859375,3.4424164295196533,3.673919200897217,3.7765700817108154,3.9073355197906494,4.181978702545166,4.301955223083496,5.680690288543701,5.786398410797119,5.450384140014648,5.5465779304504395,5.276702404022217,5.136466026306152,5.107285022735596,4.763739109039307,4.938473701477051,4.733983993530273,4.575634956359863,4.346924304962158,4.487072467803955,4.804708003997803,4.789241790771484
A6,1.4730725288391113,1.1564314365386963,0.8622333407402039,0.5870793461799622,0.3806896209716797,0.0,0.3843822777271271,0.5726287961006165,0.8865580558776855,1.1309689283370972,1.1918166875839233,1.545623540878296,1.7453213930130005,2.0088703632354736,2.2099053859710693,2.322772979736328,2.400747060775757,2.061048984527588,2.059554100036621,2.0315308570861816,1.7032498121261597,1.804543375968933,1.7277244329452515,1.8342012166976929,2.0605037212371826,1.9541245698928833,2.3024368286132812,2.437509059906006,2.7222321033477783,2.9002394676208496,3.7666680812835693,3.8227322101593018,3.462496042251587,3.4692254066467285,3.239208698272705,2.9701812267303467,2.984616994857788,2.71234393119812,2.7672133445739746,2.7631101608276367,2.7329823970794678,2.8703315258026123,3.037466526031494,3.286212682723999,3.4863762855529785,4.63268518447876,4.682459831237793,4.314538478851318,4.31658411026001,4.136552810668945,3.8590636253356934,3.8647243976593018,3.7241053581237793,3.5163016319274902,3.3810901641845703,3.602733612060547,3.6679117679595947,3.7904212474823,4.042184829711914,4.142236232757568,5.620613098144531,5.750608921051025,5.426066875457764,5.547513484954834,5.292356491088867,5.170464992523193,5.162629127502441,4.831932067871094,5.03051233291626,4.845489025115967,4.70959997177124,4.494815349578857,4.65964412689209,4.990390777587891,5.00029182434082
A7,1.7806403636932373,1.463967204093933,1.1567208766937256,0.8907579183578491,0.575114905834198,0.3843822777271271,0.0,0.3900800049304962,0.5781224966049194,0.8920189142227173,1.0532748699188232,1.391011357307434,1.6233776807785034,1.925487995147705,2.1470043659210205,2.4683821201324463,2.5340383052825928,2.1758952140808105,2.154222011566162,2.0572004318237305,1.7050420045852661,1.727935552597046,1.6161516904830933,1.6481047868728638,1.8683298826217651,1.783316731452942,2.1290807723999023,2.245020866394043,2.5640623569488525,2.7452750205993652,3.6702945232391357,3.70924973487854,3.3492014408111572,3.3393094539642334,3.0763213634490967,2.804316520690918,2.77336049079895,2.489715099334717,2.502397298812866,2.5012738704681396,2.437929153442383,2.5947036743164062,2.7418556213378906,3.0142247676849365,3.2062971591949463,4.409010887145996,4.450573444366455,4.081948280334473,4.077465534210205,3.8730287551879883,3.5956451892852783,3.57417368888855,3.4157798290252686,3.1934642791748047,3.0491437911987305,3.255378484725952,3.325657606124878,3.4341368675231934,3.694488525390625,3.7906510829925537,5.326767921447754,5.456419467926025,5.138329982757568,5.267738342285156,5.006021499633789,4.9007744789123535,4.8854570388793945,4.5636796951293945,4.764604568481445,4.597080230712891,4.46703577041626,4.246398448944092,4.417309284210205,4.751528263092041,4.781864643096924
A8,2.0221028327941895,1.7238667011260986,1.4059487581253052,1.1582181453704834,0.8807521462440491,0.5726287961006165,0.3900800049304962,0.0,0.3741303086280823,0.5600740313529968,0.692826509475708,1.0170953273773193,1.265655279159546,1.5487260818481445,1.7901955842971802,2.2068674564361572,2.302765369415283,1.9569430351257324,1.9833667278289795,1.8826264142990112,1.5105981826782227,1.55204176902771,1.373302936553955,1.437825322151184,1.6012694835662842,1.4606258869171143,1.7935231924057007,1.8955515623092651,2.2019102573394775,2.3724865913391113,3.403092384338379,3.4715561866760254,3.124833583831787,3.1527390480041504,2.885345697402954,2.6475884914398193,2.621150255203247,2.3099381923675537,2.3503177165985107,2.294487476348877,2.2356300354003906,2.3442115783691406,2.49056077003479,2.7328264713287354,2.9208791255950928,4.206485271453857,4.277754306793213,3.9199142456054688,3.9502432346343994,3.753875732421875,3.5041584968566895,3.4953131675720215,3.322148323059082,3.127385377883911,2.951159954071045,3.158820629119873,3.1863508224487305,3.302483081817627,3.532177448272705,3.6196248531341553,5.186583042144775,5.3403000831604,5.031937599182129,5.183187961578369,4.942938327789307,4.849767208099365,4.863570213317871,4.5545196533203125,4.781611442565918,4.629853248596191,4.526620388031006,4.33061408996582,4.530360221862793,4.878072738647461,4.932089328765869
A9,2.3400557041168213,2.0283620357513428,1.7161446809768677,1.4502021074295044,1.1482815742492676,0.8865580558776855,0.5781224966049194,0.3741303086280823,0.0,0.3713742792606354,0.6376710534095764,0.9139248728752136,1.1690608263015747,1.4981486797332764,1.7389564514160156,2.450927734375,2.545579195022583,2.19905948638916,2.2183403968811035,2.065742254257202,1.6866332292556763,1.6545981168746948,1.4312008619308472,1.4078667163848877,1.5313465595245361,1.397234320640564,1.7037982940673828,1.7564783096313477,2.0998246669769287,2.2541778087615967,3.4128150939941406,3.47088885307312,3.1324281692504883,3.1509861946105957,2.8486249446868896,2.6195244789123535,2.5388572216033936,2.2106668949127197,2.1988656520843506,2.128525733947754,2.016448736190796,2.132026433944702,2.237201690673828,2.501873016357422,2.6661436557769775,4.079146862030029,4.147735595703125,3.793882369995117,3.823641538619995,3.5983176231384277,3.3563923835754395,3.312612295150757,3.111233711242676,2.901477336883545,2.7030398845672607,2.8821663856506348,2.903620958328247,2.992950677871704,3.2259557247161865,3.2965707778930664,4.978018760681152,5.136502742767334,4.840033531188965,5.005599498748779,4.760891914367676,4.691867351531982,4.6993408203125,4.404826641082764,4.63573694229126,4.507789611816406,4.413522720336914,4.212270259857178,4.4176177978515625,4.766524791717529,4.843265533447266
A10,2.5768988132476807,2.2836267948150635,1.9620344638824463,1.7166608572006226,1.4309661388397217,1.1309689283370972,0.8920189142227173,0.5600740313529968,0.3713742792606354,0.0,0.391552597284317,0.5610124468803406,0.8659981489181519,1.16676926612854,1.442582607269287,2.2551145553588867,2.371953010559082,2.0470499992370605,2.106980562210083,1.9481463432312012,1.5683265924453735,1.5442930459976196,1.2566664218902588,1.2567098140716553,1.2986176013946533,1.0994470119476318,1.3790805339813232,1.4087860584259033,1.7427051067352295,1.8875036239624023,3.15523624420166,3.241304397583008,2.920353889465332,2.976078987121582,2.671663522720337,2.4823269844055176,2.4059555530548096,2.054983377456665,2.0725557804107666,1.9420565366744995,1.8369461297988892,1.8940092325210571,1.9982768297195435,2.226640462875366,2.388256311416626,3.8764522075653076,3.974651575088501,3.6342227458953857,3.6990928649902344,3.4848246574401855,3.2737133502960205,3.24497127532959,3.0324971675872803,2.856051206588745,2.628711462020874,2.8092150688171387,2.7846319675445557,2.8847544193267822,3.0818686485290527,3.1457443237304688,4.836350440979004,5.017958641052246,4.731998920440674,4.9177165031433105,4.696224212646484,4.638302803039551,4.675149440765381,4.394614219665527,4.649440765380859,4.536506175994873,4.468712329864502,4.29364013671875,4.524883270263672,4.884206771850586,4.981570243835449
A11,2.620969772338867,2.319781541824341,2.0304906368255615,1.7627137899398804,1.546462059020996,1.1918166875839233,1.0532748699188232,0.692826509475708,0.6376710534095764,0.391552597284317,0.0,0.39395809173583984,0.5732046961784363,0.8843286633491516,1.1166062355041504,2.1644163131713867,2.34010648727417,2.0519049167633057,2.1781973838806152,2.0774331092834473,1.7054518461227417,1.7561078071594238,1.4538202285766602,1.529327630996704,1.5221182107925415,1.2447608709335327,1.4778269529342651,1.4598561525344849,1.7448674440383911,1.83004629611969,3.2779030799865723,3.4050018787384033,3.1002490520477295,3.1970717906951904,2.9103381633758545,2.749669075012207,2.698089838027954,2.340040922164917,2.3885085582733154,2.218338966369629,2.1197280883789062,2.1184139251708984,2.2017757892608643,2.382140874862671,2.513023853302002,4.113476276397705,4.238455295562744,3.9099960327148438,4.000436782836914,3.7984774112701416,3.6057212352752686,3.587324380874634,3.3692219257354736,3.207915782928467,2.9643306732177734,3.1341986656188965,3.078730583190918,3.16705322265625,3.3361003398895264,3.3734114170074463,5.124532699584961,5.322845458984375,5.045506954193115,5.243353843688965,5.035292625427246,4.982278347015381,5.032814025878906,4.757355213165283,5.020015239715576,4.909083843231201,4.847069263458252,4.678142070770264,4.912207126617432,5.2724289894104,5.367609977722168
A12,2.9519765377044678,2.6701595783233643,2.3646738529205322,2.122877597808838,1.8883843421936035,1.545623540878296,1.391011357307434,1.0170953273773193,0.9139248728752136,0.5610124468803406,0.39395809173583984,0.0,0.38278794288635254,0.615938127040863,0.9252634048461914,2.1059017181396484,2.286205530166626,2.0242867469787598,2.1710364818573,2.043184995651245,1.6890311241149902,1.7138432264328003,1.3645455837249756,1.4277374744415283,1.3251680135726929,0.9986884593963623,1.1607398986816406,1.0922380685806274,1.3680295944213867,1.438057541847229,3.0125479698181152,3.158764600753784,2.8782503604888916,3.00350022315979,2.709857225418091,2.5929195880889893,2.530787944793701,2.1598877906799316,2.2207179069519043,1.9964017868041992,1.8978019952774048,1.8372145891189575,1.9089243412017822,2.0496110916137695,2.1731228828430176,3.8425073623657227,3.992011785507202,3.680790662765503,3.8016915321350098,3.605767250061035,3.446053981781006,3.434131622314453,3.204599142074585,3.0747272968292236,2.8070383071899414,2.9707579612731934,2.873213052749634,2.968503952026367,3.101346731185913,3.13307523727417,4.88101863861084,5.099406719207764,4.835910320281982,5.05319881439209,4.86705207824707,4.829607009887695,4.905174255371094,4.64810848236084,4.931150913238525,4.840282440185547,4.805224418640137,4.660762786865234,4.918319225311279,5.286165714263916,5.405585765838623
A13,3.1403069496154785,2.8430373668670654,2.5696942806243896,2.299636125564575,2.109786033630371,1.7453213930130005,1.6233776807785034,1.265655279159546,1.1690608263015747,0.8659981489181519,0.5732046961784363,0.38278794288635254,0.0,0.3910213112831116,0.585299551486969,2.2662277221679688,2.4932608604431152,2.2674543857574463,2.4561455249786377,2.3629627227783203,2.0189874172210693,2.0741126537323,1.7240756750106812,1.8022751808166504,1.6720678806304932,1.3236886262893677,1.418265700340271,1.271468162536621,1.4934526681900024,1.4656659364700317,3.262847900390625,3.436954975128174,3.177154541015625,3.327279806137085,3.0377871990203857,2.9435925483703613,2.8785738945007324,2.5038726329803467,2.5597214698791504,2.3094043731689453,2.1890676021575928,2.0888280868530273,2.110090732574463,2.214576244354248,2.2822537422180176,4.113603591918945,4.281909942626953,3.984778642654419,4.122605323791504,3.9230716228485107,3.779968023300171,3.757516622543335,3.512199640274048,3.383915662765503,3.097372055053711,3.233207941055298,3.110379695892334,3.174713373184204,3.2838616371154785,3.276785373687744,5.140984058380127,5.373952865600586,5.125112533569336,5.357540130615234,5.178919315338135,5.156842231750488,5.236654758453369,4.989959239959717,5.2768096923828125,5.196640491485596,5.166023254394531,5.019847393035889,5.276867389678955,5.643420696258545,5.766883373260498
A14,3.3381879329681396,3.0666263103485107,2.7921104431152344,2.5511302947998047,2.3757245540618896,2.0088703632354736,1.925487995147705,1.5487260818481445,1.4981486797332764,1.16676926612854,0.8843286633491516,0.615938127040863,0.3910213112831116,0.0,0.3782382309436798,2.095588445663452,2.3496696949005127,2.1749374866485596,2.4070754051208496,2.33762526512146,2.028693437576294,2.1143722534179688,1.7592054605484009,1.8817769289016724,1.6984632015228271,1.3197587728500366,1.3393816947937012,1.1753507852554321,1.299583911895752,1.2269715070724487,3.0904769897460938,3.3012843132019043,3.0695559978485107,3.261503219604492,2.99623441696167,2.944596767425537,2.907341241836548,2.538146734237671,2.636857748031616,2.351923704147339,2.2680416107177734,2.109997510910034,2.1430037021636963,2.180318593978882,2.246086597442627,4.046053409576416,4.243733882904053,3.9657723903656006,4.135489463806152,3.9625566005706787,3.84794545173645,3.852536678314209,3.614971399307251,3.52333402633667,3.2309844493865967,3.375396966934204,3.2202277183532715,3.3034777641296387,3.3749425411224365,3.369199514389038,5.152365207672119,5.4028472900390625,5.162460803985596,5.405025482177734,5.251813888549805,5.230423450469971,5.33779764175415,5.10040807723999,5.402997970581055,5.3272480964660645,5.315487861633301,5.193620681762695,5.467233180999756,5.8394646644592285,5.970597267150879
A15,3.5191588401794434,3.2340428829193115,2.990222454071045,2.7257769107818604,2.5868990421295166,2.2099053859710693,2.1470043659210205,1.7901955842971802,1.7389564514160156,1.442582607269287,1.1166062355041504,0.9252634048461914,0.585299551486969,0.3782382309436798,0.0,2.3385281562805176,2.6238489151000977,2.4746077060699463,2.7291259765625,2.685966730117798,2.3802969455718994,2.483096122741699,2.132619619369507,2.2564990520477295,2.0733745098114014,1.6953346729278564,1.6945658922195435,1.4931180477142334,1.583304762840271,1.43505859375,3.4130871295928955,3.639827251434326,3.421942710876465,3.6253156661987305,3.3621397018432617,3.318998098373413,3.2764456272125244,2.905409574508667,2.9926862716674805,2.699207067489624,2.594383478164673,2.4224436283111572,2.4158706665039062,2.435220956802368,2.4528703689575195,4.368167400360107,4.576022148132324,4.307542324066162,4.484869003295898,4.305784702301025,4.198951721191406,4.191265106201172,3.941277027130127,3.8441715240478516,3.5400683879852295,3.66133713722229,3.493483543395996,3.548178195953369,3.605952501296997,3.5672154426574707,5.450418472290039,5.709880828857422,5.480907917022705,5.733681678771973,5.582912921905518,5.573409557342529,5.679555892944336,5.448596954345703,5.751169681549072,5.682382106781006,5.670251369476318,5.542393684387207,5.8122382164001465,6.182520866394043,6.314497470855713
B1,2.8355846405029297,2.809551954269409,2.550882577896118,2.601194381713867,2.5153465270996094,2.322772979736328,2.4683821201324463,2.2068674564361572,2.450927734375,2.2551145553588867,2.1644163131713867,2.1059017181396484,2.2662277221679688,2.095588445663452,2.3385281562805176,0.0,0.37916070222854614,0.5658689737319946,0.9381701350212097,1.2042982578277588,1.2528101205825806,1.6016793251037598,1.5917044878005981,1.9695450067520142,1.9731929302215576,1.8290724754333496,1.9503753185272217,2.2010085582733154,2.134535074234009,2.341381311416626,2.3837881088256836,2.601850748062134,2.3697714805603027,2.5898287296295166,2.576387405395508,2.5257654190063477,2.767890214920044,2.5765185356140137,2.8966219425201416,2.76493763923645,2.96073317527771,2.8837084770202637,3.1678223609924316,3.170515775680542,3.435650110244751,3.9657773971557617,4.140749931335449,3.8655290603637695,4.017744541168213,4.023737907409668,3.8874871730804443,4.07935905456543,4.01641321182251,4.016419410705566,3.873281478881836,4.169933319091797,4.096596717834473,4.347063064575195,4.44238805770874,4.593334674835205,5.439272403717041,5.636416435241699,5.334567070007324,5.478522300720215,5.3651509284973145,5.213367938995361,5.3662261962890625,5.076414108276367,5.360818862915039,5.183471202850342,5.161174774169922,5.1107330322265625,5.379584312438965,5.741662502288818,5.79485559463501
B2,2.8212714195251465,2.830223321914673,2.558622121810913,2.653104305267334,2.5470407009124756,2.400747060775757,2.5340383052825928,2.302765369415283,2.545579195022583,2.371953010559082,2.34010648727417,2.286205530166626,2.4932608604431152,2.3496696949005127,2.6238489151000977,0.37916070222854614,0.0,0.3872186839580536,0.6694913506507874,0.9672218561172485,1.1216570138931274,1.4561468362808228,1.5293816328048706,1.8968244791030884,1.9391337633132935,1.8686549663543701,2.004272699356079,2.30147647857666,2.2453818321228027,2.497589349746704,2.209686517715454,2.3916375637054443,2.1492443084716797,2.3435206413269043,2.367934226989746,2.3066840171813965,2.5838980674743652,2.4363718032836914,2.7734792232513428,2.683460235595703,2.9147191047668457,2.86739444732666,3.181964874267578,3.1963114738464355,3.4904959201812744,3.7909274101257324,3.945619821548462,3.668184518814087,3.803603172302246,3.833040714263916,3.689892530441284,3.905271291732788,3.873582363128662,3.885941982269287,3.7742648124694824,4.089519500732422,4.037656784057617,4.310888290405273,4.41557502746582,4.594295978546143,5.275203704833984,5.455070495605469,5.143275260925293,5.266195297241211,5.154408931732178,4.9829936027526855,5.136590957641602,4.841028213500977,5.117759704589844,4.927478790283203,4.904221534729004,4.866204738616943,5.133020877838135,5.490240573883057,5.535475254058838
B3,2.5580339431762695,2.5438992977142334,2.2472517490386963,2.3332033157348633,2.1984992027282715,2.061048984527588,2.1758952140808105,1.9569430351257324,2.19905948638916,2.0470499992370605,2.0519049167633057,2.0242867469787598,2.2674543857574463,2.1749374866485596,2.4746077060699463,0.5658689737319946,0.3872186839580536,0.0,0.38366758823394775,0.6610265374183655,0.754406213760376,1.112101435661316,1.197048544883728,1.5678304433822632,1.6555308103561401,1.6030819416046143,1.7939820289611816,2.107490301132202,2.113450527191162,2.3890886306762695,2.225170612335205,2.3687894344329834,2.0805633068084717,2.231760263442993,2.2069318294525146,2.0961952209472656,2.348184108734131,2.181730270385742,2.497530937194824,2.428776502609253,2.644409418106079,2.6328535079956055,2.949751377105713,3.0050230026245117,3.3059895038604736,3.683812141418457,3.816279649734497,3.514633893966675,3.625657558441162,3.625082015991211,3.4554667472839355,3.649806499481201,3.6091105937957764,3.5956006050109863,3.4865665435791016,3.802347183227539,3.771104335784912,4.037747859954834,4.166733741760254,4.348010063171387,5.106442451477051,5.276165962219238,4.95601224899292,5.076104640960693,4.940728187561035,4.7713422775268555,4.9033098220825195,4.597965717315674,4.8673014640808105,4.674667835235596,4.637109279632568,4.578070163726807,4.837578773498535,5.196187496185303,5.240166187286377
B4,2.470397472381592,2.482954263687134,2.172149181365967,2.298737049102783,2.138556718826294,2.059554100036621,2.154222011566162,1.9833667278289795,2.2183403968811035,2.106980562210083,2.1781973838806152,2.1710364818573,2.4561455249786377,2.4070754051208496,2.7291259765625,0.9381701350212097,0.6694913506507874,0.38366758823394775,0.0,0.3889724016189575,0.6166439652442932,0.9297690391540527,1.1316359043121338,1.464404821395874,1.6206848621368408,1.6543673276901245,1.8754329681396484,2.2219536304473877,2.2628533840179443,2.573934555053711,2.1850392818450928,2.2677011489868164,1.951967716217041,2.043156862258911,2.0327796936035156,1.879242181777954,2.1514787673950195,2.027449369430542,2.3412420749664307,2.3320772647857666,2.56964373588562,2.6073834896087646,2.947028636932373,3.0323736667633057,3.3567922115325928,3.5519959926605225,3.650550365447998,3.3362324237823486,3.414247512817383,3.4216840267181396,3.2299556732177734,3.4357645511627197,3.4235808849334717,3.4074347019195557,3.3341286182403564,3.665982961654663,3.66825532913208,3.9505231380462646,4.100429534912109,4.307153701782227,4.942692279815674,5.088839054107666,4.755427837371826,4.851545810699463,4.705062389373779,4.5163421630859375,4.635876655578613,4.3190598487854,4.574410915374756,4.365734100341797,4.317484378814697,4.25868558883667,4.509976863861084,4.863316535949707,4.896010398864746
B5,2.5881741046905518,2.568969249725342,2.226470470428467,2.326916456222534,2.1078438758850098,2.0315308570861816,2.0572004318237305,1.8826264142990112,2.065742254257202,1.9481463432312012,2.0774331092834473,2.043184995651245,2.3629627227783203,2.33762526512146,2.685966730117798,1.2042982578277588,0.9672218561172485,0.6610265374183655,0.3889724016189575,0.0,0.38172513246536255,0.5792220234870911,0.8334638476371765,1.125870704650879,1.3008513450622559,1.4009008407592773,1.6287730932235718,1.9955036640167236,2.065509080886841,2.404823064804077,1.9794895648956299,2.0251169204711914,1.6814035177230835,1.7400208711624146,1.689367413520813,1.5124009847640991,1.7698689699172974,1.645412564277649,1.9567421674728394,1.9647364616394043,2.2118079662323,2.271552801132202,2.6220510005950928,2.724653720855713,3.062002420425415,3.2232155799865723,3.309481620788574,2.984147071838379,3.0537545680999756,3.0462441444396973,2.8495254516601562,3.0490305423736572,3.034872055053711,3.020024538040161,2.9508230686187744,3.286123752593994,3.2951035499572754,3.584001064300537,3.7388014793395996,3.956796646118164,4.576399326324463,4.7198309898376465,4.385232925415039,4.484888076782227,4.33217716217041,4.150728225708008,4.2678093910217285,3.9538156986236572,4.215250492095947,4.0172834396362305,3.9763238430023193,3.918539047241211,4.180925369262695,4.540541172027588,4.591687202453613
B6,2.4349870681762695,2.3631558418273926,2.005125045776367,2.0550315380096436,1.8128734827041626,1.7032498121261597,1.7050420045852661,1.5105981826782227,1.6866332292556763,1.5683265924453735,1.7054518461227417,1.6890311241149902,2.0189874172210693,2.028693437576294,2.3802969455718994,1.2528101205825806,1.1216570138931274,0.754406213760376,0.6166439652442932,0.38172513246536255,0.0,0.3856531083583832,0.541620671749115,0.87313312292099,1.0717072486877441,1.1283830404281616,1.4103325605392456,1.7572438716888428,1.8812624216079712,2.2078497409820557,2.1517884731292725,2.2091596126556396,1.8563718795776367,1.9135290384292603,1.7847858667373657,1.5859676599502563,1.7694984674453735,1.5750296115875244,1.8436697721481323,1.8267569541931152,2.0227317810058594,2.089749574661255,2.4165213108062744,2.5477261543273926,2.8674323558807373,3.298938751220703,3.3877079486846924,3.0494391918182373,3.1168289184570312,3.0613510608673096,2.8520660400390625,3.0076465606689453,2.9530601501464844,2.902958631515503,2.8034305572509766,3.121933698654175,3.1283702850341797,3.39144229888916,3.559370994567871,3.755746841430664,4.587906837463379,4.739377498626709,4.409221172332764,4.5266289710998535,4.355243682861328,4.19584846496582,4.295169830322266,3.9814276695251465,4.2436604499816895,4.058681488037109,4.008450508117676,3.92216420173645,4.180145263671875,4.544334411621094,4.603189945220947
B7,2.6127939224243164,2.5246472358703613,2.150054693222046,2.1845507621765137,1.8917580842971802,1.804543375968933,1.727935552597046,1.55204176902771,1.6545981168746948,1.5442930459976196,1.7561078071594238,1.7138432264328003,2.0741126537323,2.1143722534179688,2.483096122741699,1.6016793251037598,1.4561468362808228,1.112101435661316,0.9297690391540527,0.5792220234870911,0.3856531083583832,0.0,0.3800065815448761,0.5716757774353027,0.8354739546775818,1.013099193572998,1.2968968152999878,1.6573421955108643,1.818623661994934,2.1705241203308105,2.0405385494232178,2.0469906330108643,1.6762763261795044,1.6808000802993774,1.5032258033752441,1.2668801546096802,1.4146933555603027,1.2209696769714355,1.4750984907150269,1.4962812662124634,1.703491449356079,1.8132566213607788,2.1540451049804688,2.313352346420288,2.64894962310791,3.0076940059661865,3.0749261379241943,2.724578857421875,2.7741243839263916,2.700512170791626,2.480302333831787,2.626908779144287,2.5738298892974854,2.5218679904937744,2.43386173248291,2.7597570419311523,2.7822015285491943,3.0554728507995605,3.234269380569458,3.4482998847961426,4.239002227783203,4.382295608520508,4.049157619476318,4.165280818939209,3.984833240509033,3.830322265625,3.9233593940734863,3.6111748218536377,3.8761239051818848,3.7003424167633057,3.6555638313293457,3.5697860717773438,3.8369829654693604,4.205642223358154,4.281537055969238
B8,2.7285330295562744,2.5916919708251953,2.2158992290496826,2.1852223873138428,1.8832519054412842,1.7277244329452515,1.6161516904830933,1.373302936553955,1.4312008619308472,1.2566664218902588,1.4538202285766602,1.3645455837249756,1.7240756750106812,1.7592054605484009,2.132619619369507,1.5917044878005981,1.5293816328048706,1.197048544883728,1.1316359043121338,0.8334638476371765,0.541620671749115,0.3800065815448761,0.0,0.3819422423839569,0.5455544590950012,0.6440006494522095,0.9556035399436951,1.2992357015609741,1.4858649969100952,1.824614405632019,2.055651903152466,2.106379270553589,1.7563365697860718,1.8102355003356934,1.579464316368103,1.3923234939575195,1.468970775604248,1.1912201642990112,1.4182935953140259,1.3494104146957397,1.5071125030517578,1.5709078311920166,1.8855615854263306,2.038285493850708,2.3533055782318115,3.0049779415130615,3.1025350093841553,2.7603039741516113,2.8413779735565186,2.735821485519409,2.539198160171509,2.6506872177124023,2.547456979751587,2.487501859664917,2.3451268672943115,2.6445696353912354,2.6282949447631836,2.8772077560424805,3.040022850036621,3.2243521213531494,4.219829082489014,4.388821601867676,4.072854995727539,4.221555233001709,4.045563220977783,3.9242327213287354,4.023307800292969,3.7289862632751465,4.009286880493164,3.862205982208252,3.830657482147217,3.7385876178741455,4.014989852905273,4.388888835906982,4.486540794372559
B9,2.8941314220428467,2.7388577461242676,2.3559319972991943,2.3060338497161865,1.9661657810211182,1.8342012166976929,1.6481047868728638,1.437825322151184,1.4078667163848877,1.2567098140716553,1.529327630996704,1.4277374744415283,1.8022751808166504,1.8817769289016724,2.2564990520477295,1.9695450067520142,1.8968244791030884,1.5678304433822632,1.464404821395874,1.125870704650879,0.87313312292099,0.5716757774353027,0.3819422423839569,0.0,0.38360005617141724,0.6549503803253174,0.9455656409263611,1.2635935544967651,1.5068384408950806,1.8514604568481445,2.0948517322540283,2.0965707302093506,1.7445026636123657,1.7431288957595825,1.4507982730865479,1.2341288328170776,1.220128059387207,0.9130476117134094,1.0768589973449707,1.0394796133041382,1.1766809225082397,1.3049569129943848,1.6224567890167236,1.824350357055664,2.1475610733032227,2.80552339553833,2.8788483142852783,2.5248591899871826,2.584289789199829,2.4421067237854004,2.2323122024536133,2.3128087520599365,2.1935625076293945,2.116497755050659,1.972570776939392,2.272407293319702,2.2737250328063965,2.523925304412842,2.7054266929626465,2.902217388153076,3.9242706298828125,4.085812091827393,3.769688844680786,3.9215621948242188,3.730661392211914,3.6226847171783447,3.708157777786255,3.418087959289551,3.69884991645813,3.566988468170166,3.538296937942505,3.4383113384246826,3.7197811603546143,4.096156120300293,4.212240219116211
B10,3.199899911880493,3.029294729232788,2.651134967803955,2.571615219116211,2.24174427986145,2.0605037212371826,1.8683298826217651,1.6012694835662842,1.5313465595245361,1.2986176013946533,1.5221182107925415,1.3251680135726929,1.6720678806304932,1.6984632015228271,2.0733745098114014,1.9731929302215576,1.9391337633132935,1.6555308103561401,1.6206848621368408,1.3008513450622559,1.0717072486877441,0.8354739546775818,0.5455544590950012,0.38360005617141724,0.0,0.38495779037475586,0.583370566368103,0.9116206169128418,1.1388028860092163,1.4913487434387207,1.9173170328140259,1.9625427722930908,1.6468861103057861,1.709139347076416,1.395544171333313,1.2730320692062378,1.2281876802444458,0.8729479908943176,1.0528013706207275,0.8746323585510254,1.0050987005233765,1.0277780294418335,1.344850778579712,1.4979623556137085,1.820056676864624,2.646188259124756,2.763230323791504,2.4327399730682373,2.544210433959961,2.4010775089263916,2.2441983222961426,2.319793701171875,2.168208122253418,2.126584529876709,1.9325501918792725,2.208383560180664,2.1451241970062256,2.3903727531433105,2.525660514831543,2.7034080028533936,3.8036630153656006,3.9973649978637695,3.7030439376831055,3.8881349563598633,3.7237205505371094,3.6450653076171875,3.759255886077881,3.497421979904175,3.8019771575927734,3.701723575592041,3.704237937927246,3.626070499420166,3.9273366928100586,4.307121753692627,4.449591159820557
B11,3.1709654331207275,2.9768311977386475,2.6115520000457764,2.495642900466919,2.191695213317871,1.9541245698928833,1.783316731452942,1.4606258869171143,1.397234320640564,1.0994470119476318,1.2447608709335327,0.9986884593963623,1.3236886262893677,1.3197587728500366,1.6953346729278564,1.8290724754333496,1.8686549663543701,1.6030819416046143,1.6543673276901245,1.4009008407592773,1.1283830404281616,1.013099193572998,0.6440006494522095,0.6549503803253174,0.38495779037475586,0.0,0.3718355596065521,0.6623355746269226,0.9076218008995056,1.2247583866119385,2.0722968578338623,2.180213212966919,1.8901468515396118,2.0091392993927,1.7170928716659546,1.6307575702667236,1.59970223903656,1.24089777469635,1.4016835689544678,1.1663202047348022,1.2241027355194092,1.1609052419662476,1.4089359045028687,1.5232365131378174,1.7965185642242432,2.9165284633636475,3.064561128616333,2.7515060901641846,2.8880386352539062,2.741962432861328,2.6032674312591553,2.663405179977417,2.486354112625122,2.4357047080993652,2.207310438156128,2.4492080211639404,2.351236581802368,2.5586085319519043,2.6728017330169678,2.8055644035339355,4.086831569671631,4.29972505569458,4.020141124725342,4.222860813140869,4.0658979415893555,4.002289295196533,4.119786739349365,3.8656504154205322,4.172329902648926,4.078644275665283,4.079862117767334,3.9934775829315186,4.289638042449951,4.6685566902160645,4.808232307434082
B12,3.5302233695983887,3.3359858989715576,2.9743008613586426,2.8516571521759033,2.5537843704223633,2.3024368286132812,2.1290807723999023,1.7935231924057007,1.7037982940673828,1.3790805339813232,1.4778269529342651,1.1607398986816406,1.418265700340271,1.3393816947937012,1.6945658922195435,1.9503753185272217,2.004272699356079,1.7939820289611816,1.8754329681396484,1.6287730932235718,1.4103325605392456,1.2968968152999878,0.9556035399436951,0.9455656409263611,0.583370566368103,0.3718355596065521,0.0,0.38462400436401367,0.5622693300247192,0.9111051559448242,1.9097789525985718,2.0512943267822266,1.8104472160339355,1.9757150411605835,1.6830898523330688,1.6772810220718384,1.6287037134170532,1.275452971458435,1.4407507181167603,1.1252609491348267,1.1822158098220825,1.003663420677185,1.2296006679534912,1.259542465209961,1.5264054536819458,2.7396299839019775,2.9248123168945312,2.6415607929229736,2.821439027786255,2.6840662956237793,2.5959036350250244,2.6586484909057617,2.4672508239746094,2.4571533203125,2.2022392749786377,2.4216721057891846,2.2687790393829346,2.474762439727783,2.536956548690796,2.656054973602295,3.9371395111083984,4.17616605758667,3.918372631072998,4.146359443664551,4.017662525177002,3.977311611175537,4.122166156768799,3.8949899673461914,4.220425605773926,4.153332710266113,4.183791637420654,4.122077941894531,4.436183452606201,4.816712856292725,4.979551792144775
B13,3.746335744857788,3.522874593734741,3.1722207069396973,3.008958339691162,2.71791672706604,2.437509059906006,2.245020866394043,1.8955515623092651,1.7564783096313477,1.4087860584259033,1.4598561525344849,1.0922380685806274,1.271468162536621,1.1753507852554321,1.4931180477142334,2.2010085582733154,2.30147647857666,2.107490301132202,2.2219536304473877,1.9955036640167236,1.7572438716888428,1.6573421955108643,1.2992357015609741,1.2635935544967651,0.9116206169128418,0.6623355746269226,0.38462400436401367,0.0,0.3928537368774414,0.6277625560760498,2.161951780319214,2.3219637870788574,2.1167497634887695,2.292201519012451,1.9862669706344604,2.003007173538208,1.9087364673614502,1.5485535860061646,1.649024486541748,1.294443964958191,1.2548247575759888,1.0085479021072388,1.1136260032653809,1.105899691581726,1.294508457183838,2.8810341358184814,3.083707094192505,2.821526288986206,3.0166537761688232,2.852794647216797,2.788276195526123,2.8116648197174072,2.5814990997314453,2.5624072551727295,2.267460823059082,2.4356184005737305,2.2413697242736816,2.3988044261932373,2.431486129760742,2.5000686645507812,3.999917984008789,4.258406162261963,4.024772644042969,4.278420448303223,4.15453577041626,4.146666049957275,4.290273666381836,4.083572864532471,4.413106918334961,4.371101379394531,4.409516334533691,4.341274261474609,4.655698299407959,5.034418106079102,5.212228775024414
