0.000000000000000000e+00,4.079747200012207031e-01,6.300478577613830566e-01,7.412583827972412109e-01,1.052922725677490234e+00,1.242738366127014160e+00,1.250681638717651367e+00,1.375543951988220215e+00,1.658102512359619141e+00,1.760354995727539062e+00,1.768528223037719727e+00,2.014247655868530273e+00,2.235169649124145508e+00,2.262022972106933594e+00,2.404487371444702148e+00,2.582684278488159180e+00,2.503583908081054688e+00,2.690469026565551758e+00,2.941852569580078125e+00,3.168331623077392578e+00,3.384657382965087891e+00,3.464075565338134766e+00,3.521200656890869141e+00,3.769139766693115234e+00,3.918085575103759766e+00,3.959710359573364258e+00,4.165676116943359375e+00,4.401662349700927734e+00,4.452337265014648438e+00,4.570483207702636719e+00,4.459553241729736328e+00,4.094792842864990234e+00,4.167037963867187500e+00,4.340402603149414062e+00,4.068318843841552734e+00,4.121480464935302734e+00,4.496668338775634766e+00,4.464579105377197266e+00,4.301828384399414062e+00,4.588322162628173828e+00,4.836912631988525391e+00,4.810183525085449219e+00,4.882723808288574219e+00,5.157502174377441406e+00,5.334721088409423828e+00,5.481964588165283203e+00,5.108793258666992188e+00,5.016454219818115234e+00,5.105942726135253906e+00,4.942873001098632812e+00,4.715816974639892578e+00,5.037176609039306641e+00,5.245719909667968750e+00,5.028469085693359375e+00,4.981140613555908203e+00,5.358172893524169922e+00,5.476030826568603516e+00,5.236422061920166016e+00,5.424221038818359375e+00,5.778889179229736328e+00,3.958019495010375977e+00,3.620003461837768555e+00,3.548829555511474609e+00,3.758512735366821289e+00,3.583405494689941406e+00,3.456520080566406250e+00,3.767788648605346680e+00,4.008313655853271484e+00,3.844586133956909180e+00,3.908311605453491211e+00,4.273908138275146484e+00,4.380724906921386719e+00,4.246469497680664062e+00,4.454888820648193359e+00,4.781822681427001953e+00
4.079747200012207031e-01,0.000000000000000000e+00,3.757524788379669189e-01,5.684303045272827148e-01,7.580147385597229004e-01,9.596467018127441406e-01,1.078330278396606445e+00,1.194219112396240234e+00,1.409185767173767090e+00,1.553840637207031250e+00,1.640603184700012207e+00,1.854110360145568848e+00,2.046755075454711914e+00,2.124375820159912109e+00,2.310005903244018555e+00,2.262077331542968750e+00,2.172988176345825195e+00,2.385769844055175781e+00,2.656481027603149414e+00,2.855626344680786133e+00,3.072517395019531250e+00,3.183119297027587891e+00,3.241598606109619141e+00,3.465071916580200195e+00,3.627063035964965820e+00,3.695623159408569336e+00,3.892862796783447266e+00,4.113823413848876953e+00,4.183861732482910156e+00,4.323597431182861328e+00,4.155265808105468750e+00,3.798287868499755859e+00,3.856495618820190430e+00,4.009720802307128906e+00,3.724265575408935547e+00,3.768790483474731445e+00,4.145165443420410156e+00,4.108018398284912109e+00,3.930734872817993164e+00,4.217777729034423828e+00,4.470966339111328125e+00,4.435060024261474609e+00,4.499209880828857422e+00,4.781375408172607422e+00,4.963248252868652344e+00,5.147184848785400391e+00,4.775389194488525391e+00,4.694683551788330078e+00,4.779582977294921875e+00,4.600140094757080078e+00,4.382939338684082031e+00,4.710344314575195312e+00,4.903694152832031250e+00,4.678200721740722656e+00,4.645442008972167969e+00,5.025272846221923828e+00,5.130028247833251953e+00,4.891843795776367188e+00,5.094038486480712891e+00,5.443000316619873047e+00,3.642847776412963867e+00,3.295078277587890625e+00,3.201659917831420898e+00,3.404992341995239258e+00,3.216850757598876953e+00,3.075212955474853516e+00,3.383957386016845703e+00,3.625476360321044922e+00,3.453273057937622070e+00,3.510307073593139648e+00,3.878489017486572266e+00,3.982297658920288086e+00,3.841916561126708984e+00,4.051437377929687500e+00,4.380073547363281250e+00
6.300478577613830566e-01,3.757524788379669189e-01,0.000000000000000000e+00,3.798962533473968506e-01,5.802150964736938477e-01,6.512559056282043457e-01,7.554296851158142090e-01,9.530119299888610840e-01,1.145406723022460938e+00,1.230205655097961426e+00,1.342083573341369629e+00,1.586130976676940918e+00,1.740420103073120117e+00,1.792914152145385742e+00,2.005325555801391602e+00,1.952703714370727539e+00,1.881489753723144531e+00,2.082974433898925781e+00,2.329422235488891602e+00,2.542866230010986328e+00,2.769660472869873047e+00,2.857136249542236328e+00,2.904687881469726562e+00,3.144296407699584961e+00,3.303918600082397461e+00,3.353380203247070312e+00,3.550907135009765625e+00,3.783561229705810547e+00,3.848059415817260742e+00,3.974246263504028320e+00,3.892713069915771484e+00,3.538528203964233398e+00,3.624923944473266602e+00,3.780143737792968750e+00,3.495846748352050781e+00,3.571832418441772461e+00,3.940482616424560547e+00,3.884115219116210938e+00,3.728036880493164062e+00,4.030482769012451172e+00,4.261234283447265625e+00,4.223769187927246094e+00,4.315166473388671875e+00,4.593646526336669922e+00,4.753680229187011719e+00,5.038310527801513672e+00,4.658211708068847656e+00,4.599987506866455078e+00,4.710891723632812500e+00,4.534431934356689453e+00,4.341483116149902344e+00,4.684091567993164062e+00,4.869524478912353516e+00,4.656359672546386719e+00,4.650032997131347656e+00,5.030461311340332031e+00,5.135862827301025391e+00,4.918338775634765625e+00,5.138872623443603516e+00,5.481387615203857422e+00,3.750703334808349609e+00,3.388015270233154297e+00,3.276927471160888672e+00,3.445103406906127930e+00,3.221337080001831055e+00,3.075754880905151367e+00,3.394068241119384766e+00,3.611680507659912109e+00,3.405539035797119141e+00,3.474617719650268555e+00,3.851115942001342773e+00,3.920779705047607422e+00,3.771876811981201172e+00,4.007473945617675781e+00,4.334331989288330078e+00
7.412583827972412109e-01,5.684303045272827148e-01,3.798962533473968506e-01,0.000000000000000000e+00,3.903926014900207520e-01,5.726380944252014160e-01,5.595846176147460938e-01,6.454654932022094727e-01,9.186205267906188965e-01,1.044713735580444336e+00,1.081775665283203125e+00,1.298162221908569336e+00,1.511591911315917969e+00,1.586746811866760254e+00,1.750102400779724121e+00,1.986388444900512695e+00,1.979693531990051270e+00,2.215440511703491211e+00,2.421944618225097656e+00,2.606607675552368164e+00,2.873795270919799805e+00,2.954397439956665039e+00,2.953489780426025391e+00,3.191200733184814453e+00,3.383976221084594727e+00,3.412379980087280273e+00,3.578319072723388672e+00,3.833798885345458984e+00,3.922553777694702148e+00,4.027559280395507812e+00,4.077194690704345703e+00,3.737386226654052734e+00,3.840261459350585938e+00,3.972392320632934570e+00,3.670664072036743164e+00,3.764595985412597656e+00,4.125813007354736328e+00,4.038077354431152344e+00,3.875465631484985352e+00,4.194879055023193359e+00,4.410406589508056641e+00,4.344642162322998047e+00,4.446115493774414062e+00,4.741555213928222656e+00,4.886829376220703125e+00,5.295476913452148438e+00,4.915837764739990234e+00,4.875924110412597656e+00,4.985922336578369141e+00,4.791603565216064453e+00,4.611945629119873047e+00,4.959086894989013672e+00,5.125938892364501953e+00,4.900441646575927734e+00,4.908921241760253906e+00,5.291232585906982422e+00,5.377224445343017578e+00,5.154660224914550781e+00,5.387688159942626953e+00,5.723314762115478516e+00,3.988342285156250000e+00,3.626426219940185547e+00,3.489421844482421875e+00,3.668915033340454102e+00,3.439577102661132812e+00,3.261193037033081055e+00,3.559786319732666016e+00,3.793757200241088867e+00,3.575485229492187500e+00,3.611736774444580078e+00,3.991755723953247070e+00,4.062299728393554688e+00,3.881245374679565430e+00,4.105232715606689453e+00,4.446524620056152344e+00
1.052922725677490234e+00,7.580147385597229004e-01,5.802150964736938477e-01,3.903926014900207520e-01,0.000000000000000000e+00,3.811419010162353516e-01,5.661178231239318848e-01,5.389311313629150391e-01,6.725085973739624023e-01,9.056761860847473145e-01,1.043205499649047852e+00,1.173060774803161621e+00,1.358690977096557617e+00,1.519687533378601074e+00,1.716225981712341309e+00,1.736933946609497070e+00,1.744725227355957031e+00,2.025927782058715820e+00,2.239734649658203125e+00,2.375484228134155273e+00,2.656133413314819336e+00,2.773390054702758789e+00,2.757830381393432617e+00,2.961789131164550781e+00,3.181325197219848633e+00,3.236304998397827148e+00,3.380187988281250000e+00,3.623173475265502930e+00,3.742784976959228516e+00,3.866828918457031250e+00,3.885469198226928711e+00,3.561413526535034180e+00,3.651307821273803711e+00,3.751906156539916992e+00,3.430705547332763672e+00,3.518779754638671875e+00,3.876913547515869141e+00,3.774020433425903320e+00,3.591724157333374023e+00,3.915600538253784180e+00,4.131551742553710938e+00,4.045579910278320312e+00,4.139003276824951172e+00,4.448193550109863281e+00,4.594792366027832031e+00,5.075607776641845703e+00,4.700468063354492188e+00,4.677479743957519531e+00,4.779767513275146484e+00,4.563624858856201172e+00,4.398719310760498047e+00,4.749754905700683594e+00,4.893990993499755859e+00,4.656583786010742188e+00,4.683525562286376953e+00,5.066363334655761719e+00,5.131797313690185547e+00,4.909247398376464844e+00,5.158322334289550781e+00,5.484049320220947266e+00,3.781752347946166992e+00,3.416603565216064453e+00,3.249804735183715820e+00,3.424735307693481445e+00,3.183641910552978516e+00,2.978991508483886719e+00,3.262845277786254883e+00,3.502177715301513672e+00,3.272888183593750000e+00,3.288073301315307617e+00,3.669189214706420898e+00,3.737458944320678711e+00,3.538453340530395508e+00,3.757246255874633789e+00,4.104388713836669922e+00
1.242738366127014160e+00,9.596467018127441406e-01,6.512559056282043457e-01,5.726380944252014160e-01,3.811419010162353516e-01,0.000000000000000000e+00,3.795455098152160645e-01,5.400391817092895508e-01,5.475034713745117188e-01,6.487913727760314941e-01,8.843966126441955566e-01,1.064155101776123047e+00,1.155966281890869141e+00,1.278921246528625488e+00,1.537646412849426270e+00,1.417070746421813965e+00,1.430945873260498047e+00,1.689981818199157715e+00,1.884916305541992188e+00,2.044756174087524414e+00,2.324777126312255859e+00,2.418490886688232422e+00,2.405327796936035156e+00,2.628542184829711914e+00,2.834741353988647461e+00,2.876073837280273438e+00,3.031146526336669922e+00,3.279421567916870117e+00,3.384922266006469727e+00,3.502150535583496094e+00,3.569724559783935547e+00,3.245693206787109375e+00,3.359880447387695312e+00,3.469716072082519531e+00,3.157544136047363281e+00,3.273483037948608398e+00,3.623760700225830078e+00,3.511801242828369141e+00,3.356599807739257812e+00,3.689418792724609375e+00,3.885573387145996094e+00,3.809376239776611328e+00,3.928875684738159180e+00,4.225896358489990234e+00,4.353949546813964844e+00,4.889919281005859375e+00,4.507966518402099609e+00,4.500840187072753906e+00,4.629325389862060547e+00,4.425036430358886719e+00,4.280148983001708984e+00,4.642128944396972656e+00,4.785699844360351562e+00,4.567488193511962891e+00,4.613974094390869141e+00,4.994371414184570312e+00,5.068862915039062500e+00,4.870143413543701172e+00,5.130012512207031250e+00,5.451138496398925781e+00,3.827250003814697266e+00,3.451562166213989258e+00,3.282612800598144531e+00,3.416483402252197266e+00,3.145772933959960938e+00,2.954851627349853516e+00,3.253598451614379883e+00,3.458253383636474609e+00,3.201593160629272461e+00,3.244069576263427734e+00,3.628312349319458008e+00,3.659462928771972656e+00,3.467439889907836914e+00,3.717595815658569336e+00,4.053470611572265625e+00
1.250681638717651367e+00,1.078330278396606445e+00,7.554296851158142090e-01,5.595846176147460938e-01,5.661178231239318848e-01,3.795455098152160645e-01,0.000000000000000000e+00,3.744538724422454834e-01,5.527894496917724609e-01,5.147172212600708008e-01,5.949978828430175781e-01,8.643504977226257324e-01,1.002781391143798828e+00,1.046332001686096191e+00,1.258943915367126465e+00,1.593381643295288086e+00,1.654868841171264648e+00,1.880308866500854492e+00,2.017922163009643555e+00,2.201087713241577148e+00,2.496849775314331055e+00,2.539690494537353516e+00,2.497190475463867188e+00,2.752571821212768555e+00,2.955536365509033203e+00,2.947821617126464844e+00,3.096495866775512695e+00,3.375511646270751953e+00,3.468246698379516602e+00,3.545743703842163086e+00,3.771272182464599609e+00,3.449150800704956055e+00,3.595165967941284180e+00,3.715624332427978516e+00,3.413311719894409180e+00,3.556471824645996094e+00,3.896685600280761719e+00,3.770387172698974609e+00,3.637706041336059570e+00,3.979663133621215820e+00,4.154386043548583984e+00,4.076184272766113281e+00,4.218478679656982422e+00,4.511032581329345703e+00,4.618412017822265625e+00,5.208858013153076172e+00,4.823158264160156250e+00,4.821471214294433594e+00,4.963850021362304688e+00,4.768772125244140625e+00,4.629077911376953125e+00,4.993465900421142578e+00,5.140639305114746094e+00,4.929891109466552734e+00,4.978862762451171875e+00,5.358366012573242188e+00,5.437542915344238281e+00,5.243455886840820312e+00,5.502950191497802734e+00,5.824609279632568359e+00,4.199862003326416016e+00,3.824642658233642578e+00,3.660320997238159180e+00,3.793672561645507812e+00,3.521101713180541992e+00,3.332223892211914062e+00,3.630422830581665039e+00,3.831775188446044922e+00,3.568619728088378906e+00,3.610604047775268555e+00,3.995032310485839844e+00,4.017127037048339844e+00,3.818017244338989258e+00,4.071144104003906250e+00,4.408195018768310547e+00
1.375543951988220215e+00,1.194219112396240234e+00,9.530119299888610840e-01,6.454654932022094727e-01,5.389311313629150391e-01,5.400391817092895508e-01,3.744538724422454834e-01,0.000000000000000000e+00,3.799642920494079590e-01,5.441966056823730469e-01,5.386798381805419922e-01,6.632690429687500000e-01,9.074214696884155273e-01,1.054341554641723633e+00,1.197864770889282227e+00,1.711447477340698242e+00,1.815381884574890137e+00,2.087045192718505859e+00,2.212460517883300781e+00,2.340231657028198242e+00,2.663110017776489258e+00,2.729755640029907227e+00,2.650145053863525391e+00,2.876116275787353516e+00,3.116601228713989258e+00,3.115044832229614258e+00,3.226468324661254883e+00,3.509429931640625000e+00,3.637587547302246094e+00,3.713542938232421875e+00,3.977364063262939453e+00,3.671694517135620117e+00,3.808635473251342773e+00,3.898186922073364258e+00,3.575384140014648438e+00,3.712489128112792969e+00,4.049085617065429688e+00,3.903205156326293945e+00,3.746934652328491211e+00,4.094775199890136719e+00,4.268853664398193359e+00,4.161193847656250000e+00,4.293917179107666016e+00,4.606468677520751953e+00,4.713500022888183594e+00,5.377337455749511719e+00,4.997762680053710938e+00,5.005210876464843750e+00,5.131622314453125000e+00,4.913523674011230469e+00,4.777885437011718750e+00,5.140241622924804688e+00,5.268653392791748047e+00,5.038527965545654297e+00,5.093636989593505859e+00,5.474464893341064453e+00,5.530870437622070312e+00,5.323920726776123047e+00,5.590782642364501953e+00,5.906136035919189453e+00,4.262190341949462891e+00,3.892861604690551758e+00,3.706413030624389648e+00,3.860740184783935547e+00,3.595471620559692383e+00,3.375002861022949219e+00,3.647880315780639648e+00,3.873425245285034180e+00,3.612754821777343750e+00,3.615988969802856445e+00,3.998561859130859375e+00,4.035717010498046875e+00,3.808753490447998047e+00,4.037903785705566406e+00,4.388540744781494141e+00
1.658102512359619141e+00,1.409185767173767090e+00,1.145406723022460938e+00,9.186205267906188965e-01,6.725085973739624023e-01,5.475034713745117188e-01,5.527894496917724609e-01,3.799642920494079590e-01,0.000000000000000000e+00,3.816111385822296143e-01,5.931890606880187988e-01,5.927059650421142578e-01,7.128112912178039551e-01,9.577192068099975586e-01,1.172062754631042480e+00,1.390174984931945801e+00,1.527198076248168945e+00,1.825680613517761230e+00,1.937139391899108887e+00,2.022231817245483398e+00,2.358791828155517578e+00,2.446188926696777344e+00,2.348763465881347656e+00,2.549540281295776367e+00,2.810578346252441406e+00,2.825563907623291016e+00,2.918046951293945312e+00,3.192244529724121094e+00,3.343556165695190430e+00,3.432520866394042969e+00,3.696414470672607422e+00,3.408259153366088867e+00,3.544594764709472656e+00,3.608834266662597656e+00,3.275221109390258789e+00,3.420378684997558594e+00,3.746882915496826172e+00,3.582409620285034180e+00,3.422662019729614258e+00,3.777211427688598633e+00,3.939963579177856445e+00,3.817854404449462891e+00,3.956149816513061523e+00,4.274233818054199219e+00,4.372245311737060547e+00,5.124276161193847656e+00,4.747774600982666016e+00,4.776631355285644531e+00,4.907362937927246094e+00,4.677733421325683594e+00,4.564372062683105469e+00,4.932149410247802734e+00,5.040697097778320312e+00,4.810662269592285156e+00,4.889370441436767578e+00,5.267158508300781250e+00,5.310313224792480469e+00,5.115151405334472656e+00,5.398338317871093750e+00,5.701959133148193359e+00,4.129830837249755859e+00,3.757293939590454102e+00,3.548361063003540039e+00,3.679098844528198242e+00,3.394306659698486328e+00,3.160563468933105469e+00,3.423452138900756836e+00,3.635185718536376953e+00,3.354825258255004883e+00,3.351342439651489258e+00,3.732502698898315430e+00,3.749477148056030273e+00,3.510504722595214844e+00,3.748061895370483398e+00,4.096389293670654297e+00
1.760354995727539062e+00,1.553840637207031250e+00,1.230205655097961426e+00,1.044713735580444336e+00,9.056761860847473145e-01,6.487913727760314941e-01,5.147172212600708008e-01,5.441966056823730469e-01,3.816111385822296143e-01,0.000000000000000000e+00,3.938665986061096191e-01,5.397775173187255859e-01,5.254619717597961426e-01,6.458847522735595703e-01,9.285206794738769531e-01,1.285802841186523438e+00,1.445022463798522949e+00,1.687567830085754395e+00,1.748222231864929199e+00,1.878351449966430664e+00,2.213848829269409180e+00,2.245976209640502930e+00,2.140836954116821289e+00,2.383237838745117188e+00,2.621383190155029297e+00,2.594687700271606445e+00,2.700840950012207031e+00,2.996275424957275391e+00,3.120166778564453125e+00,3.180944204330444336e+00,3.559589862823486328e+00,3.269701004028320312e+00,3.441257238388061523e+00,3.525865793228149414e+00,3.211955547332763672e+00,3.390514850616455078e+00,3.705669641494750977e+00,3.534853219985961914e+00,3.413510084152221680e+00,3.774233341217041016e+00,3.912276506423950195e+00,3.805780172348022461e+00,3.975264072418212891e+00,4.274878978729248047e+00,4.349776268005371094e+00,5.136840343475341797e+00,4.753703594207763672e+00,4.791514873504638672e+00,4.949234008789062500e+00,4.739662170410156250e+00,4.639099597930908203e+00,5.013634681701660156e+00,5.129879951477050781e+00,4.921787738800048828e+00,5.009864807128906250e+00,5.384426116943359375e+00,5.442952156066894531e+00,5.268087863922119141e+00,5.553465843200683594e+00,5.856612682342529297e+00,4.334479808807373047e+00,3.955573558807373047e+00,3.757369518280029297e+00,3.859249114990234375e+00,3.557329654693603516e+00,3.345475435256958008e+00,3.624327421188354492e+00,3.806070327758789062e+00,3.509123325347900391e+00,3.535227537155151367e+00,3.916347265243530273e+00,3.903015851974487305e+00,3.676944255828857422e+00,3.940713167190551758e+00,4.276040554046630859e+00
1.768528223037719727e+00,1.640603184700012207e+00,1.342083573341369629e+00,1.081775665283203125e+00,1.043205499649047852e+00,8.843966126441955566e-01,5.949978828430175781e-01,5.386798381805419922e-01,5.931890606880187988e-01,3.938665986061096191e-01,0.000000000000000000e+00,3.705608248710632324e-01,5.354092121124267578e-01,5.456725358963012695e-01,6.787000298500061035e-01,1.656286835670471191e+00,1.828317046165466309e+00,2.050931692123413086e+00,2.083148717880249023e+00,2.222559690475463867e+00,2.562062025070190430e+00,2.562433719635009766e+00,2.435762405395507812e+00,2.693180084228515625e+00,2.929432868957519531e+00,2.865742683410644531e+00,2.959352970123291016e+00,3.276423215866088867e+00,3.393133640289306641e+00,3.419076204299926758e+00,3.910882711410522461e+00,3.622195482254028320e+00,3.807977914810180664e+00,3.899125576019287109e+00,3.590784788131713867e+00,3.777537107467651367e+00,4.088841438293457031e+00,3.912294864654541016e+00,3.797845840454101562e+00,4.160990715026855469e+00,4.290721893310546875e+00,4.179553508758544922e+00,4.355859279632568359e+00,4.656216621398925781e+00,4.722082138061523438e+00,5.526792526245117188e+00,5.142561435699462891e+00,5.177099704742431641e+00,5.335597038269042969e+00,5.128771781921386719e+00,5.022670269012451172e+00,5.395734786987304688e+00,5.516547203063964844e+00,5.306240081787109375e+00,5.387619018554687500e+00,5.763717651367187500e+00,5.823197364807128906e+00,5.641677379608154297e+00,5.922620773315429688e+00,6.229226589202880859e+00,4.667899608612060547e+00,4.291469097137451172e+00,4.098044872283935547e+00,4.216826915740966797e+00,3.924269676208496094e+00,3.708886861801147461e+00,3.984262466430664062e+00,4.178443431854248047e+00,3.887449026107788086e+00,3.903464078903198242e+00,4.284749984741210938e+00,4.280303478240966797e+00,4.046349525451660156e+00,4.299719810485839844e+00,4.641041755676269531e+00
2.014247655868530273e+00,1.854110360145568848e+00,1.586130976676940918e+00,1.298162221908569336e+00,1.173060774803161621e+00,1.064155101776123047e+00,8.643504977226257324e-01,6.632690429687500000e-01,5.927059650421142578e-01,5.397775173187255859e-01,3.705608248710632324e-01,0.000000000000000000e+00,3.743405640125274658e-01,5.953080654144287109e-01,6.493085026741027832e-01,1.677035570144653320e+00,1.893573999404907227e+00,2.152672290802001953e+00,2.165192127227783203e+00,2.240349531173706055e+00,2.602982759475708008e+00,2.626998186111450195e+00,2.460346698760986328e+00,2.680288553237915039e+00,2.954203844070434570e+00,2.899037361145019531e+00,2.949113130569458008e+00,3.265600681304931641e+00,3.421261072158813477e+00,3.447696208953857422e+00,3.982847213745117188e+00,3.717121124267578125e+00,3.896888017654418945e+00,3.952888727188110352e+00,3.626866340637207031e+00,3.813972473144531250e+00,4.114593982696533203e+00,3.913509845733642578e+00,3.782509565353393555e+00,4.151810169219970703e+00,4.272045612335205078e+00,4.130788803100585938e+00,4.304107666015625000e+00,4.620586395263671875e+00,4.678606033325195312e+00,5.586334705352783203e+00,5.209056854248046875e+00,5.260812759399414062e+00,5.409954071044921875e+00,5.181803703308105469e+00,5.089833259582519531e+00,5.463011264801025391e+00,5.560389041900634766e+00,5.336829662322998047e+00,5.433839797973632812e+00,5.808386802673339844e+00,5.844614028930664062e+00,5.659934997558593750e+00,5.953326702117919922e+00,6.248828411102294922e+00,4.711451053619384766e+00,4.339456081390380859e+00,4.121376991271972656e+00,4.243982791900634766e+00,3.949476957321166992e+00,3.706971168518066406e+00,3.956858158111572266e+00,4.160652160644531250e+00,3.863754272460937500e+00,3.847414016723632812e+00,4.223400115966796875e+00,4.219435691833496094e+00,3.959199666976928711e+00,4.196462631225585938e+00,4.544685363769531250e+00
2.235169649124145508e+00,2.046755075454711914e+00,1.740420103073120117e+00,1.511591911315917969e+00,1.358690977096557617e+00,1.155966281890869141e+00,1.002781391143798828e+00,9.074214696884155273e-01,7.128112912178039551e-01,5.254619717597961426e-01,5.354092121124267578e-01,3.743405640125274658e-01,0.000000000000000000e+00,3.892407119274139404e-01,5.940598845481872559e-01,1.413067221641540527e+00,1.666636824607849121e+00,1.902541518211364746e+00,1.866988897323608398e+00,1.929108381271362305e+00,2.296904563903808594e+00,2.301817178726196289e+00,2.113286018371582031e+00,2.335667610168457031e+00,2.610923051834106445e+00,2.542200803756713867e+00,2.582560777664184570e+00,2.904695272445678711e+00,3.062190532684326172e+00,3.081242322921752930e+00,3.683994770050048828e+00,3.433338403701782227e+00,3.631312847137451172e+00,3.679616689682006836e+00,3.360377311706542969e+00,3.571210861206054688e+00,3.854930162429809570e+00,3.638059616088867188e+00,3.528776168823242188e+00,3.903430461883544922e+00,3.999849319458007812e+00,3.858652830123901367e+00,4.053746700286865234e+00,4.360874176025390625e+00,4.398411273956298828e+00,5.382818698883056641e+00,5.005881309509277344e+00,5.077253341674804688e+00,5.243983268737792969e+00,5.020872116088867188e+00,4.951940059661865234e+00,5.330656528472900391e+00,5.418711185455322266e+00,5.209350109100341797e+00,5.327136993408203125e+00,5.696045398712158203e+00,5.732600688934326172e+00,5.568821430206298828e+00,5.873126506805419922e+00,6.159561634063720703e+00,4.706212043762207031e+00,4.330209732055664062e+00,4.105602741241455078e+00,4.194734096527099609e+00,3.879666090011596680e+00,3.643988609313964844e+00,3.895267248153686523e+00,4.070021152496337891e+00,3.752791404724121094e+00,3.750751972198486328e+00,4.122853755950927734e+00,4.086869239807128906e+00,3.829389572143554688e+00,4.087385177612304688e+00,4.423274993896484375e+00
2.262022972106933594e+00,2.124375820159912109e+00,1.792914152145385742e+00,1.586746811866760254e+00,1.519687533378601074e+00,1.278921246528625488e+00,1.046332001686096191e+00,1.054341554641723633e+00,9.577192068099975586e-01,6.458847522735595703e-01,5.456725358963012695e-01,5.953080654144287109e-01,3.892407119274139404e-01,0.000000000000000000e+00,3.816595971584320068e-01,1.536140203475952148e+00,1.773467659950256348e+00,1.944568276405334473e+00,1.874257564544677734e+00,1.996823906898498535e+00,2.344506740570068359e+00,2.288841962814331055e+00,2.108050107955932617e+00,2.377889633178710938e+00,2.613584756851196289e+00,2.497221946716308594e+00,2.561232805252075195e+00,2.902892112731933594e+00,3.018417119979858398e+00,3.002280950546264648e+00,3.704019784927368164e+00,3.445353507995605469e+00,3.671756267547607422e+00,3.750061511993408203e+00,3.456020593643188477e+00,3.687783479690551758e+00,3.965778112411499023e+00,3.756088495254516602e+00,3.681112527847290039e+00,4.054282665252685547e+00,4.136576175689697266e+00,4.018508911132812500e+00,4.234559059143066406e+00,4.521219253540039062e+00,4.544904232025146484e+00,5.505933284759521484e+00,5.122958183288574219e+00,5.191061496734619141e+00,5.377832889556884766e+00,5.177519798278808594e+00,5.108448028564453125e+00,5.489635467529296875e+00,5.593641281127929688e+00,5.402764320373535156e+00,5.516804218292236328e+00,5.884308338165283203e+00,5.940290451049804688e+00,5.787887573242187500e+00,6.086253166198730469e+00,6.378001213073730469e+00,4.932024478912353516e+00,4.551531314849853516e+00,4.345163822174072266e+00,4.422116756439208984e+00,4.102142333984375000e+00,3.889912128448486328e+00,4.159946441650390625e+00,4.317787647247314453e+00,3.997264623641967773e+00,4.023161888122558594e+00,4.396797180175781250e+00,4.347165107727050781e+00,4.107870578765869141e+00,4.383448600769042969e+00,4.709831237792968750e+00
2.404487371444702148e+00,2.310005903244018555e+00,2.005325555801391602e+00,1.750102400779724121e+00,1.716225981712341309e+00,1.537646412849426270e+00,1.258943915367126465e+00,1.197864770889282227e+00,1.172062754631042480e+00,9.285206794738769531e-01,6.787000298500061035e-01,6.493085026741027832e-01,5.940598845481872559e-01,3.816595971584320068e-01,0.000000000000000000e+00,1.900730848312377930e+00,2.148272991180419922e+00,2.323924779891967773e+00,2.240814447402954102e+00,2.348750352859497070e+00,2.701247453689575195e+00,2.634748458862304688e+00,2.431142330169677734e+00,2.693833827972412109e+00,2.936953306198120117e+00,2.797855377197265625e+00,2.835840225219726562e+00,3.189074516296386719e+00,3.310448169708251953e+00,3.265671968460083008e+00,4.062225818634033203e+00,3.811837673187255859e+00,4.044219493865966797e+00,4.116560459136962891e+00,3.821178674697875977e+00,4.056281566619873047e+00,4.329094409942626953e+00,4.109077930450439453e+00,4.032407283782958984e+00,4.408229351043701172e+00,4.482691764831542969e+00,4.351753711700439453e+00,4.570217609405517578e+00,4.862558364868164062e+00,4.877659320831298828e+00,5.880727291107177734e+00,5.498988628387451172e+00,5.568969249725341797e+00,5.752591609954833984e+00,5.547202110290527344e+00,5.476986408233642578e+00,5.857372760772705078e+00,5.958117008209228516e+00,5.760518550872802734e+00,5.873529911041259766e+00,6.242511272430419922e+00,6.292027473449707031e+00,6.132537364959716797e+00,6.431396961212158203e+00,6.723031044006347656e+00,5.248998165130615234e+00,4.870823860168457031e+00,4.660377025604248047e+00,4.752748012542724609e+00,4.439259052276611328e+00,4.215473651885986328e+00,4.476241111755371094e+00,4.647991657257080078e+00,4.330667018890380859e+00,4.338885784149169922e+00,4.711799144744873047e+00,4.670576095581054688e+00,4.417270183563232422e+00,4.679306030273437500e+00,5.012892723083496094e+00
2.582684278488159180e+00,2.262077331542968750e+00,1.952703714370727539e+00,1.986388444900512695e+00,1.736933946609497070e+00,1.417070746421813965e+00,1.593381643295288086e+00,1.711447477340698242e+00,1.390174984931945801e+00,1.285802841186523438e+00,1.656286835670471191e+00,1.677035570144653320e+00,1.413067221641540527e+00,1.536140203475952148e+00,1.900730848312377930e+00,0.000000000000000000e+00,3.461791872978210449e-01,6.026672720909118652e-01,6.525282859802246094e-01,6.474118828773498535e-01,9.751398563385009766e-01,1.123939633369445801e+00,1.077803373336791992e+00,1.230595707893371582e+00,1.470552325248718262e+00,1.575971126556396484e+00,1.703331470489501953e+00,1.904953002929687500e+00,2.056915283203125000e+00,2.227769851684570312e+00,2.334056377410888672e+00,2.080387353897094727e+00,2.241596221923828125e+00,2.276866674423217773e+00,1.953042387962341309e+00,2.162228107452392578e+00,2.449989795684814453e+00,2.257233619689941406e+00,2.160501480102539062e+00,2.528028011322021484e+00,2.639282941818237305e+00,2.545842885971069336e+00,2.741343021392822266e+00,3.019806385040283203e+00,3.079226016998291016e+00,3.991271972656250000e+00,3.614965200424194336e+00,3.708325624465942383e+00,3.897982597351074219e+00,3.688835620880126953e+00,3.658462047576904297e+00,4.043317794799804688e+00,4.120695114135742188e+00,3.948739767074584961e+00,4.100860118865966797e+00,4.453269004821777344e+00,4.504287242889404297e+00,4.392150878906250000e+00,4.709043502807617188e+00,4.977993488311767578e+00,3.772670030593872070e+00,3.398377418518066406e+00,3.179081201553344727e+00,3.159014463424682617e+00,2.799909114837646484e+00,2.620186090469360352e+00,2.891014814376831055e+00,2.966112375259399414e+00,2.616223573684692383e+00,2.699128627777099609e+00,3.054491043090820312e+00,2.944665908813476562e+00,2.752619028091430664e+00,3.080981016159057617e+00,3.362965822219848633e+00
2.503583908081054688e+00,2.172988176345825195e+00,1.881489753723144531e+00,1.979693531990051270e+00,1.744725227355957031e+00,1.430945873260498047e+00,1.654868841171264648e+00,1.815381884574890137e+00,1.527198076248168945e+00,1.445022463798522949e+00,1.828317046165466309e+00,1.893573999404907227e+00,1.666636824607849121e+00,1.773467659950256348e+00,2.148272991180419922e+00,3.461791872978210449e-01,0.000000000000000000e+00,3.793070018291473389e-01,6.337439417839050293e-01,7.114275693893432617e-01,9.241150617599487305e-01,1.117035865783691406e+00,1.185808181762695312e+00,1.329579353332519531e+00,1.503576040267944336e+00,1.657402753829956055e+00,1.836925864219665527e+00,1.992890357971191406e+00,2.107575893402099609e+00,2.315540790557861328e+00,2.179092168807983398e+00,1.891822695732116699e+00,2.022488832473754883e+00,2.089241981506347656e+00,1.772832870483398438e+00,1.951385855674743652e+00,2.266858577728271484e+00,2.120942115783691406e+00,2.018669366836547852e+00,2.368392944335937500e+00,2.514971971511840820e+00,2.459678888320922852e+00,2.631954431533813477e+00,2.896033525466918945e+00,2.986289739608764648e+00,3.734906196594238281e+00,3.352530002593994141e+00,3.424760580062866211e+00,3.613371849060058594e+00,3.416376352310180664e+00,3.369145631790161133e+00,3.753952741622924805e+00,3.850483655929565430e+00,3.685579538345336914e+00,3.822564125061035156e+00,4.177176475524902344e+00,4.246190547943115234e+00,4.134544849395751953e+00,4.440769672393798828e+00,4.718703269958496094e+00,3.506529331207275391e+00,3.130959987640380859e+00,2.931680202484130859e+00,2.900331497192382812e+00,2.542335271835327148e+00,2.392483234405517578e+00,2.686239480972290039e+00,2.748071908950805664e+00,2.408959627151489258e+00,2.528604507446289062e+00,2.884702444076538086e+00,2.780296802520751953e+00,2.624609708786010742e+00,2.963673591613769531e+00,3.234252691268920898e+00
2.690469026565551758e+00,2.385769844055175781e+00,2.082974433898925781e+00,2.215440511703491211e+00,2.025927782058715820e+00,1.689981818199157715e+00,1.880308866500854492e+00,2.087045192718505859e+00,1.825680613517761230e+00,1.687567830085754395e+00,2.050931692123413086e+00,2.152672290802001953e+00,1.902541518211364746e+00,1.944568276405334473e+00,2.323924779891967773e+00,6.026672720909118652e-01,3.793070018291473389e-01,0.000000000000000000e+00,3.905450999736785889e-01,6.164088249206542969e-01,7.033787369728088379e-01,8.392767310142517090e-01,1.004557847976684570e+00,1.187302827835083008e+00,1.271591901779174805e+00,1.422451734542846680e+00,1.659995198249816895e+00,1.796037793159484863e+00,1.852513194084167480e+00,2.067816257476806641e+00,1.893671631813049316e+00,1.587960958480834961e+00,1.757141470909118652e+00,1.867169857025146484e+00,1.594175338745117188e+00,1.808412194252014160e+00,2.107509851455688477e+00,1.979138970375061035e+00,1.939428210258483887e+00,2.275384664535522461e+00,2.398017168045043945e+00,2.387209415435791016e+00,2.586593389511108398e+00,2.809734582901000977e+00,2.881949186325073242e+00,3.593949794769287109e+00,3.207195758819580078e+00,3.284876585006713867e+00,3.505456447601318359e+00,3.342176198959350586e+00,3.309681653976440430e+00,3.694490194320678711e+00,3.803227901458740234e+00,3.672648429870605469e+00,3.815003395080566406e+00,4.158187389373779297e+00,4.249763488769531250e+00,4.166368007659912109e+00,4.466545581817626953e+00,4.740836143493652344e+00,3.620748043060302734e+00,3.250491857528686523e+00,3.076314687728881836e+00,3.006897687911987305e+00,2.644693136215209961e+00,2.540578126907348633e+00,2.844070196151733398e+00,2.860903739929199219e+00,2.522497653961181641e+00,2.685869932174682617e+00,3.023975372314453125e+00,2.888321161270141602e+00,2.770951509475708008e+00,3.129920959472656250e+00,3.369897127151489258e+00
2.941852569580078125e+00,2.656481027603149414e+00,2.329422235488891602e+00,2.421944618225097656e+00,2.239734649658203125e+00,1.884916305541992188e+00,2.017922163009643555e+00,2.212460517883300781e+00,1.937139391899108887e+00,1.748222231864929199e+00,2.083148717880249023e+00,2.165192127227783203e+00,1.866988897323608398e+00,1.874257564544677734e+00,2.240814447402954102e+00,6.525282859802246094e-01,6.337439417839050293e-01,3.905450999736785889e-01,0.000000000000000000e+00,3.986364603042602539e-01,5.365059375762939453e-01,5.347630381584167480e-01,6.372401714324951172e-01,8.869667053222656250e-01,9.764406681060791016e-01,1.065994024276733398e+00,1.299866437911987305e+00,1.475856423377990723e+00,1.532941102981567383e+00,1.715064764022827148e+00,1.836702585220336914e+00,1.574730873107910156e+00,1.809885144233703613e+00,1.898584961891174316e+00,1.647045850753784180e+00,1.922784209251403809e+00,2.170666217803955078e+00,1.992959856986999512e+00,2.003466844558715820e+00,2.350854873657226562e+00,2.411552667617797852e+00,2.385182380676269531e+00,2.631808519363403320e+00,2.842935562133789062e+00,2.864008426666259766e+00,3.757926225662231445e+00,3.378479242324829102e+00,3.488464593887329102e+00,3.729886293411254883e+00,3.572472095489501953e+00,3.572830438613891602e+00,3.956833600997924805e+00,4.047443389892578125e+00,3.931013345718383789e+00,4.097382068634033203e+00,4.429461479187011719e+00,4.512822151184082031e+00,4.448953628540039062e+00,4.759274959564208984e+00,5.018990516662597656e+00,3.975761651992797852e+00,3.609425306320190430e+00,3.424992322921752930e+00,3.341601848602294922e+00,2.972365140914916992e+00,2.860466003417968750e+00,3.145184993743896484e+00,3.146654367446899414e+00,2.793478250503540039e+00,2.944422960281372070e+00,3.270977258682250977e+00,3.106289625167846680e+00,2.973579645156860352e+00,3.336447477340698242e+00,3.567780494689941406e+00
3.168331623077392578e+00,2.855626344680786133e+00,2.542866230010986328e+00,2.606607675552368164e+00,2.375484228134155273e+00,2.044756174087524414e+00,2.201087713241577148e+00,2.340231657028198242e+00,2.022231817245483398e+00,1.878351449966430664e+00,2.222559690475463867e+00,2.240349531173706055e+00,1.929108381271362305e+00,1.996823906898498535e+00,2.348750352859497070e+00,6.474118828773498535e-01,7.114275693893432617e-01,6.164088249206542969e-01,3.986364603042602539e-01,0.000000000000000000e+00,3.844436109066009521e-01,5.542964935302734375e-01,5.301818847656250000e-01,6.187171339988708496e-01,8.322262167930603027e-01,9.999702572822570801e-01,1.142233610153198242e+00,1.287753582000732422e+00,1.438342809677124023e+00,1.653110146522521973e+00,1.777524590492248535e+00,1.576951503753662109e+00,1.786640524864196777e+00,1.793229460716247559e+00,1.502512693405151367e+00,1.787096500396728516e+00,2.010364294052124023e+00,1.779572129249572754e+00,1.766972064971923828e+00,2.133764982223510742e+00,2.173331022262573242e+00,2.099532365798950195e+00,2.354725599288940430e+00,2.589922189712524414e+00,2.596406936645507812e+00,3.668122291564941406e+00,3.301467657089233398e+00,3.443073511123657227e+00,3.672940254211425781e+00,3.486438274383544922e+00,3.515682220458984375e+00,3.898706197738647461e+00,3.952725410461425781e+00,3.824352264404296875e+00,4.019000053405761719e+00,4.344929218292236328e+00,4.398075580596923828e+00,4.339296340942382812e+00,4.668091297149658203e+00,4.909411430358886719e+00,3.939562320709228516e+00,3.581473112106323242e+00,3.367719411849975586e+00,3.272702217102050781e+00,2.896044015884399414e+00,2.756849050521850586e+00,3.007821321487426758e+00,3.002351522445678711e+00,2.633406162261962891e+00,2.754689455032348633e+00,3.069404363632202148e+00,2.885525465011596680e+00,2.726968288421630859e+00,3.086027145385742188e+00,3.314937591552734375e+00
3.384657382965087891e+00,3.072517395019531250e+00,2.769660472869873047e+00,2.873795270919799805e+00,2.656133413314819336e+00,2.324777126312255859e+00,2.496849775314331055e+00,2.663110017776489258e+00,2.358791828155517578e+00,2.213848829269409180e+00,2.562062025070190430e+00,2.602982759475708008e+00,2.296904563903808594e+00,2.344506740570068359e+00,2.701247453689575195e+00,9.751398563385009766e-01,9.241150617599487305e-01,7.033787369728088379e-01,5.365059375762939453e-01,3.844436109066009521e-01,0.000000000000000000e+00,3.817050755023956299e-01,5.804653763771057129e-01,5.851870775222778320e-01,6.272484660148620605e-01,8.981600999832153320e-01,1.101979851722717285e+00,1.147994041442871094e+00,1.243980407714843750e+00,1.520130634307861328e+00,1.395641207695007324e+00,1.195644855499267578e+00,1.418377518653869629e+00,1.436618566513061523e+00,1.178711414337158203e+00,1.490997672080993652e+00,1.693762660026550293e+00,1.482437729835510254e+00,1.524571537971496582e+00,1.870373129844665527e+00,1.895707845687866211e+00,1.871475100517272949e+00,2.139495849609375000e+00,2.334013700485229492e+00,2.336157560348510742e+00,3.358687639236450195e+00,2.993518590927124023e+00,3.145510435104370117e+00,3.396536827087402344e+00,3.233543157577514648e+00,3.282393217086791992e+00,3.661405086517333984e+00,3.717294454574584961e+00,3.618264436721801758e+00,3.822158098220825195e+00,4.133787155151367188e+00,4.201141357421875000e+00,4.169934749603271484e+00,4.494594097137451172e+00,4.727441310882568359e+00,3.873496294021606445e+00,3.526737689971923828e+00,3.331881761550903320e+00,3.195957422256469727e+00,2.818480968475341797e+00,2.721232414245605469e+00,2.972854137420654297e+00,2.920273065567016602e+00,2.556502580642700195e+00,2.718727588653564453e+00,3.009258508682250977e+00,2.796227693557739258e+00,2.682503938674926758e+00,3.057485818862915039e+00,3.250543355941772461e+00
