,A1,A2,A3,A4,A5,A6,A7,A8,A9,A10,A11,A12,A13,A14,A15,B1,B2,B3,B4,B5,B6,B7,B8,B9,B10,B11,B12,B13,B14,B15,C1,C2,C3,C4,C5,C6,C7,C8,C9,C10,C11,C12,C13,C14,C15,D1,D2,D3,D4,D5,D6,D7,D8,D9,D10,D11,D12,D13,D14,D15,E1,E2,E3,E4,E5,E6,E7,E8,E9,E10,E11,E12,E13,E14,E15
A1,0.0,0.39016810059547424,0.5780386924743652,0.9065486192703247,1.130456566810608,1.3411165475845337,1.2249343395233154,1.2617290019989014,1.6183981895446777,1.708681583404541,1.6187353134155273,1.8929471969604492,2.17264986038208,2.1589341163635254,2.4843175411224365,2.9057178497314453,2.6896111965179443,2.869387626647949,2.864145517349243,2.7015774250030518,3.06006121635437,3.2512590885162354,3.048269033432007,3.1244168281555176,3.482034921646118,3.5423989295959473,3.557525396347046,3.8391454219818115,4.0939130783081055,4.232697486877441,4.950999736785889,4.601078033447266,4.552775859832764,4.207138538360596,4.0424933433532715,3.999460458755493,4.374110221862793,4.412384510040283,4.233198642730713,4.412008285522461,4.756678581237793,4.8446269035339355,4.8566460609436035,5.0966105461120605,5.346865177154541,4.374880313873291,4.097952365875244,3.9345855712890625,3.574294328689575,3.5398597717285156,3.2744624614715576,3.5411949157714844,3.8309528827667236,3.716686725616455,3.6615774631500244,3.9731099605560303,4.209247589111328,4.171599864959717,4.2166523933410645,4.4142680168151855,2.8371660709381104,2.5745491981506348,2.3136825561523438,2.3686773777008057,2.370051622390747,2.019446611404419,2.094499349594116,2.424999713897705,2.311274290084839,2.065869092941284,2.346820116043091,2.5788564682006836,2.3769872188568115,2.380740165710449,2.7056097984313965
A2,0.39016810059547424,0.0,0.3739502429962158,0.5815446376800537,0.8086336851119995,1.0402965545654297,1.0200339555740356,1.0706627368927002,1.389194369316101,1.5172083377838135,1.5081062316894531,1.7690218687057495,2.0267789363861084,2.067776679992676,2.4154043197631836,2.622410774230957,2.3801937103271484,2.5498557090759277,2.5169291496276855,2.3486196994781494,2.6970980167388916,2.9062376022338867,2.7139904499053955,2.774874210357666,3.131162643432617,3.2130963802337646,3.2332067489624023,3.5009305477142334,3.756079912185669,3.9095914363861084,4.576249599456787,4.230639934539795,4.1754961013793945,3.832634925842285,3.6601593494415283,3.624102830886841,3.996849536895752,4.027666091918945,3.848489284515381,4.0339202880859375,4.376162052154541,4.461063861846924,4.479361534118652,4.72411584854126,4.976088523864746,4.081688404083252,3.789461374282837,3.6254429817199707,3.2573325634002686,3.2018001079559326,2.9489948749542236,3.2337663173675537,3.50852108001709,3.3857407569885254,3.3532371520996094,3.6725168228149414,3.8964476585388184,3.8731398582458496,3.9401943683624268,4.144758701324463,2.659074544906616,2.3778066635131836,2.123842239379883,2.145078659057617,2.0961086750030518,1.7429736852645874,1.862851619720459,2.167126178741455,2.016681671142578,1.8050894737243652,2.1214611530303955,2.3233745098114014,2.124979019165039,2.182544708251953,2.530177593231201
A3,0.5780386924743652,0.3739502429962158,0.0,0.39255931973457336,0.5935500860214233,0.7731326222419739,0.6684304475784302,0.7276327013969421,1.062376856803894,1.1597448587417603,1.136786937713623,1.4117079973220825,1.6619033813476562,1.6938906908035278,2.042310953140259,2.3726158142089844,2.165451765060425,2.318711042404175,2.329646110534668,2.1561343669891357,2.5262234210968018,2.6945621967315674,2.4830610752105713,2.577127695083618,2.9311680793762207,2.9754958152770996,2.9997570514678955,3.28999924659729,3.535173177719116,3.662720203399658,4.455968379974365,4.104097843170166,4.0808024406433105,3.743182897567749,3.590386152267456,3.575136423110962,3.9561028480529785,3.9881858825683594,3.839582681655884,4.039009094238281,4.365580081939697,4.46648645401001,4.512765884399414,4.756417274475098,4.993022441864014,4.132833480834961,3.825566291809082,3.694894790649414,3.31579852104187,3.2632033824920654,3.04612135887146,3.3545334339141846,3.621976613998413,3.514247417449951,3.5151774883270264,3.828287363052368,4.0512542724609375,4.058507919311523,4.139500141143799,4.332407474517822,2.9228556156158447,2.616588830947876,2.3939573764801025,2.4186511039733887,2.332078218460083,1.990979790687561,2.1563704013824463,2.4389829635620117,2.2576894760131836,2.0819461345672607,2.420719623565674,2.592374801635742,2.384587526321411,2.4769251346588135,2.838574171066284
A4,0.9065486192703247,0.5815446376800537,0.39255931973457336,0.0,0.3753502070903778,0.46945759654045105,0.5588239431381226,0.7107560038566589,0.9368593692779541,1.0422008037567139,1.1526004076004028,1.414077639579773,1.602296233177185,1.6826735734939575,2.047306776046753,2.051325798034668,1.8147286176681519,1.9732643365859985,1.9598876237869263,1.7992032766342163,2.1619315147399902,2.3495941162109375,2.1645326614379883,2.2578930854797363,2.60318922996521,2.670253276824951,2.718993902206421,2.994586944580078,3.22871994972229,3.3649368286132812,4.071335792541504,3.718543529510498,3.691669464111328,3.352074384689331,3.202420473098755,3.184169054031372,3.5661818981170654,3.6030325889587402,3.4605162143707275,3.6582884788513184,3.981804609298706,4.090417861938477,4.141908168792725,4.381781578063965,4.612510681152344,3.7934186458587646,3.474432945251465,3.352518320083618,2.968015193939209,2.906257152557373,2.7093260288238525,3.0333750247955322,3.28922700881958,3.187300205230713,3.212898015975952,3.5228922367095947,3.740126848220825,3.7702574729919434,3.8662071228027344,4.053953647613525,2.7573370933532715,2.4314959049224854,2.2381367683410645,2.246312141418457,2.110947847366333,1.7910487651824951,2.013054847717285,2.2619895935058594,2.0578460693359375,1.9420511722564697,2.3053910732269287,2.448819637298584,2.2674560546875,2.415607452392578,2.7853753566741943
A5,1.130456566810608,0.8086336851119995,0.5935500860214233,0.3753502070903778,0.0,0.39096617698669434,0.5548160672187805,0.5207134485244751,0.6783851385116577,0.9024284482002258,1.0349503755569458,1.2109390497207642,1.4159404039382935,1.5736370086669922,1.9297412633895874,2.011781930923462,1.7814568281173706,1.867985725402832,1.845241665840149,1.6231971979141235,1.9865731000900269,2.1589784622192383,1.93229341506958,1.998205304145813,2.3593790531158447,2.419825792312622,2.43046236038208,2.709411382675171,2.964461326599121,3.1122958660125732,3.944074869155884,3.603959321975708,3.586174249649048,3.266176223754883,3.0986056327819824,3.12762451171875,3.5031075477600098,3.5046849250793457,3.372018337249756,3.603120803833008,3.9113614559173584,4.002153396606445,4.079800605773926,4.339926242828369,4.577380657196045,3.931380271911621,3.5922439098358154,3.4734315872192383,3.0829970836639404,2.9811062812805176,2.811401605606079,3.1564674377441406,3.3794543743133545,3.2525084018707275,3.310147285461426,3.6340019702911377,3.8214099407196045,3.858215570449829,3.9871294498443604,4.193487167358398,2.989197015762329,2.6706364154815674,2.467733383178711,2.4270849227905273,2.2527339458465576,1.9318243265151978,2.151806116104126,2.3597025871276855,2.104951858520508,1.995827317237854,2.3670828342437744,2.458167791366577,2.240309715270996,2.4133570194244385,2.796527862548828
A6,1.3411165475845337,1.0402965545654297,0.7731326222419739,0.46945759654045105,0.39096617698669434,0.0,0.3823011815547943,0.5648864507675171,0.597723126411438,0.68050217628479,0.9215481281280518,1.138598084449768,1.2498927116394043,1.3833677768707275,1.7467719316482544,1.6492286920547485,1.4381089210510254,1.5541954040527344,1.577523112297058,1.404417634010315,1.7864367961883545,1.9309945106506348,1.7318049669265747,1.8604735136032104,2.197268486022949,2.2335855960845947,2.296599864959717,2.5872788429260254,2.8059356212615967,2.921248197555542,3.739302635192871,3.384443521499634,3.392439126968384,3.0655100345611572,2.93621826171875,2.9518206119537354,3.3367583751678467,3.36801815032959,3.2657530307769775,3.483227252960205,3.781085968017578,3.9048023223876953,3.993783473968506,4.233282566070557,4.445135593414307,3.7401554584503174,3.398789405822754,3.3173768520355225,2.9252238273620605,2.8511674404144287,2.713480234146118,3.0660789012908936,3.2942025661468506,3.204970359802246,3.2827072143554688,3.583225727081299,3.7849466800689697,3.8560776710510254,3.979412078857422,4.156596660614014,3.025938034057617,2.682149648666382,2.528947114944458,2.5199198722839355,2.3289949893951416,2.0423827171325684,2.3107571601867676,2.5110485553741455,2.2682759761810303,2.2115538120269775,2.590832233428955,2.6833107471466064,2.5031967163085938,2.7018239498138428,3.0808637142181396
A7,1.2249343395233154,1.0200339555740356,0.6684304475784302,0.5588239431381226,0.5548160672187805,0.3823011815547943,0.0,0.37862569093704224,0.5539678335189819,0.5177584886550903,0.6250190138816833,0.9228939414024353,1.0743961334228516,1.1262266635894775,1.49198317527771,1.802909016609192,1.6563143730163574,1.7770802974700928,1.8628367185592651,1.7008264064788818,2.092742681503296,2.1894922256469727,1.9677504301071167,2.128542423248291,2.4603631496429443,2.447493553161621,2.5018513202667236,2.8189706802368164,3.0313503742218018,3.1136953830718994,4.053425312042236,3.6941287517547607,3.7234532833099365,3.398609161376953,3.286595582962036,3.3018290996551514,3.6891074180603027,3.7283377647399902,3.6367392539978027,3.851256847381592,4.145296096801758,4.276884078979492,4.36879301071167,4.603020191192627,4.807465553283691,4.031644344329834,3.7006113529205322,3.630523443222046,3.2414603233337402,3.19156551361084,3.0471084117889404,3.3897643089294434,3.6341636180877686,3.5566318035125732,3.6197352409362793,3.9144444465637207,4.130015850067139,4.19555139541626,4.302615165710449,4.471609592437744,3.25434947013855,2.911406993865967,2.7510197162628174,2.772510051727295,2.616931676864624,2.315734386444092,2.559338092803955,2.7925286293029785,2.5692803859710693,2.4751548767089844,2.845094919204712,2.963955879211426,2.7676584720611572,2.930582046508789,3.3079662322998047
A8,1.2617290019989014,1.0706627368927002,0.7276327013969421,0.7107560038566589,0.5207134485244751,0.5648864507675171,0.37862569093704224,0.0,0.3738933801651001,0.5451130867004395,0.5391839146614075,0.7239207029342651,0.9776057600975037,1.1044762134552002,1.4494391679763794,2.0164756774902344,1.8748924732208252,1.9289312362670898,1.998575210571289,1.773625373840332,2.1590707302093506,2.2439379692077637,1.9722703695297241,2.093794107437134,2.445199489593506,2.423149347305298,2.4205033779144287,2.742809772491455,2.9855806827545166,3.082165002822876,4.1552042961120605,3.8112165927886963,3.8402066230773926,3.533212423324585,3.395421266555786,3.4493610858917236,3.8281126022338867,3.8311452865600586,3.7354485988616943,3.9779579639434814,4.2650465965271,4.370944499969482,4.476337909698486,4.732522010803223,4.951712131500244,4.304995059967041,3.963228702545166,3.8789501190185547,3.4865870475769043,3.4025702476501465,3.258575201034546,3.609539031982422,3.8345000743865967,3.725865364074707,3.7966954708099365,4.110215663909912,4.303098201751709,4.35548210144043,4.482690811157227,4.676022529602051,3.459379196166992,3.1320080757141113,2.9396016597747803,2.9242820739746094,2.761495590209961,2.4411122798919678,2.655700206756592,2.8759005069732666,2.624063730239868,2.5023419857025146,2.867638111114502,2.9605963230133057,2.723254442214966,2.8775417804718018,3.260833978652954
A9,1.6183981895446777,1.389194369316101,1.062376856803894,0.9368593692779541,0.6783851385116577,0.597723126411438,0.5539678335189819,0.3738933801651001,0.0,0.37388089299201965,0.5550304055213928,0.6014269590377808,0.7573596239089966,0.9908808469772339,1.3237621784210205,1.7659646272659302,1.6462328433990479,1.6431870460510254,1.7289388179779053,1.48489511013031,1.8668794631958008,1.9160559177398682,1.6265387535095215,1.7622073888778687,2.1056630611419678,2.062235116958618,2.059931755065918,2.390361785888672,2.6258885860443115,2.7133467197418213,3.8660497665405273,3.5276401042938232,3.5775740146636963,3.286548376083374,3.157939910888672,3.2413220405578613,3.6146304607391357,3.6066408157348633,3.5376996994018555,3.7952511310577393,4.061216831207275,4.17149543762207,4.302945137023926,4.560489177703857,4.768397331237793,4.2350897789001465,3.87878155708313,3.817042350769043,3.423644542694092,3.3237199783325195,3.2201058864593506,3.587355852127075,3.786956787109375,3.6815364360809326,3.788382053375244,4.096604347229004,4.272854328155518,4.35112190246582,4.500579357147217,4.690332412719727,3.6010968685150146,3.2646677494049072,3.095400333404541,3.0609893798828125,2.858457565307617,2.5611181259155273,2.8060314655303955,2.9889824390411377,2.7107093334198,2.632728099822998,3.007996082305908,3.0626163482666016,2.8314876556396484,3.0254788398742676,3.413243293762207
A10,1.708681583404541,1.5172083377838135,1.1597448587417603,1.0422008037567139,0.9024284482002258,0.68050217628479,0.5177584886550903,0.5451130867004395,0.37388089299201965,0.0,0.38723400235176086,0.5578323006629944,0.5848172307014465,0.7162743210792542,1.0728955268859863,1.5914831161499023,1.5301984548568726,1.5647692680358887,1.721477746963501,1.5428990125656128,1.9322465658187866,1.9404840469360352,1.6813706159591675,1.8858413696289062,2.1955153942108154,2.112792730331421,2.1610140800476074,2.5050673484802246,2.699291229248047,2.7405126094818115,3.896714687347412,3.544299602508545,3.620136022567749,3.322258234024048,3.2336089611053467,3.2953505516052246,3.675442695617676,3.7001900672912598,3.6542141437530518,3.8918368816375732,4.151755332946777,4.291957378387451,4.4253034591674805,4.660942077636719,4.845876216888428,4.20712423324585,3.859482526779175,3.8280868530273438,3.4385006427764893,3.3755271434783936,3.2852108478546143,3.6472365856170654,3.862433910369873,3.7917442321777344,3.898550271987915,4.185739040374756,4.382696151733398,4.479450225830078,4.611654758453369,4.774837493896484,3.684797525405884,3.333221912384033,3.1939492225646973,3.1979830265045166,3.0058088302612305,2.7227978706359863,2.9875121116638184,3.1865975856781006,2.9315619468688965,2.867854595184326,3.2459700107574463,3.323394298553467,3.115601062774658,3.3080906867980957,3.6929659843444824
A11,1.6187353134155273,1.5081062316894531,1.136786937713623,1.1526004076004028,1.0349503755569458,0.9215481281280518,0.6250190138816833,0.5391839146614075,0.5550304055213928,0.38723400235176086,0.0,0.3740954101085663,0.568838357925415,0.5801527500152588,0.9231919050216675,1.9460783004760742,1.9062025547027588,1.943498134613037,2.10770583152771,1.9194751977920532,2.306626081466675,2.3046395778656006,2.025940418243408,2.218014717102051,2.532703399658203,2.429988384246826,2.4462544918060303,2.7995190620422363,3.004000425338745,3.0348546504974365,4.27589225769043,3.926166296005249,4.003971576690674,3.707998275756836,3.614103317260742,3.677495002746582,4.057726860046387,4.077391147613525,4.023852825164795,4.264315128326416,4.528698921203613,4.6614990234375,4.790823936462402,5.03158712387085,5.222870349884033,4.546297550201416,4.2060980796813965,4.1654791831970215,3.775888204574585,3.7192444801330566,3.607774496078491,3.962110996246338,4.19000768661499,4.112548351287842,4.200019359588623,4.493911266326904,4.697361469268799,4.776200294494629,4.898261070251465,5.067496299743652,3.8790411949157715,3.5361850261688232,3.3735523223876953,3.3883986473083496,3.2262630462646484,2.9204351902008057,3.15305757522583,3.3785016536712646,3.1336259841918945,3.0268406867980957,3.394615650177002,3.491157054901123,3.2599897384643555,3.4162180423736572,3.7989578247070312
A12,1.8929471969604492,1.7690218687057495,1.4117079973220825,1.414077639579773,1.2109390497207642,1.138598084449768,0.9228939414024353,0.7239207029342651,0.6014269590377808,0.5578323006629944,0.3740954101085663,0.0,0.3735066056251526,0.5634422302246094,0.8228181004524231,2.0291879177093506,2.012000322341919,1.977471947669983,2.14379620552063,1.9166864156723022,2.2846784591674805,2.2448160648345947,1.9282170534133911,2.1030564308166504,2.4126884937286377,2.2794036865234375,2.2517802715301514,2.6120986938476562,2.826763153076172,2.851775884628296,4.247054576873779,3.913461923599243,4.0059967041015625,3.7340378761291504,3.632209300994873,3.736093521118164,4.105120658874512,4.09613037109375,4.057144641876221,4.321864128112793,4.56764030456543,4.686600685119629,4.839363098144531,5.093312740325928,5.285953521728516,4.75002384185791,4.3966383934021,4.360086441040039,3.9687650203704834,3.8851773738861084,3.79445481300354,4.160955905914307,4.364737033843994,4.271133899688721,4.380925178527832,4.682732582092285,4.864191055297852,4.948271751403809,5.093343257904053,5.275060176849365,4.147049903869629,3.8080108165740967,3.6374869346618652,3.6231508255004883,3.439077138900757,3.132960796356201,3.362652540206909,3.5637197494506836,3.291248321533203,3.188521385192871,3.556419849395752,3.619433641433716,3.3672776222229004,3.534942150115967,3.921217441558838
A13,2.17264986038208,2.0267789363861084,1.6619033813476562,1.602296233177185,1.4159404039382935,1.2498927116394043,1.0743961334228516,0.9776057600975037,0.7573596239089966,0.5848172307014465,0.568838357925415,0.3735066056251526,0.0,0.3882601261138916,0.6160147786140442,1.7816579341888428,1.8230234384536743,1.7647464275360107,1.9806783199310303,1.788114309310913,2.142082929611206,2.0494492053985596,1.7483227252960205,1.972658395767212,2.24479079246521,2.0700762271881104,2.077972412109375,2.446831464767456,2.6238489151000977,2.6090543270111084,4.0503435134887695,3.71533465385437,3.837315320968628,3.575430393218994,3.5051183700561523,3.614530086517334,3.9796228408813477,3.983065366744995,3.975790023803711,4.235816478729248,4.462063789367676,4.601200103759766,4.770881652832031,5.010776519775391,5.180977821350098,4.664454936981201,4.309004783630371,4.304408073425293,3.9181973934173584,3.8452491760253906,3.78861141204834,4.159554958343506,4.353938579559326,4.282583713531494,4.414799690246582,4.699636936187744,4.881015300750732,4.992278575897217,5.141488552093506,5.305027484893799,4.265929222106934,3.9140682220458984,3.7749457359313965,3.7686028480529785,3.565293073654175,3.282419204711914,3.542081594467163,3.728294849395752,3.4534528255462646,3.387152671813965,3.7636406421661377,3.8164591789245605,3.5846123695373535,3.7783873081207275,4.16637659072876
A14,2.1589341163635254,2.067776679992676,1.6938906908035278,1.6826735734939575,1.5736370086669922,1.3833677768707275,1.1262266635894775,1.1044762134552002,0.9908808469772339,0.7162743210792542,0.5801527500152588,0.5634422302246094,0.3882601261138916,0.0,0.36704596877098083,1.8837143182754517,1.9574978351593018,1.955552577972412,2.2032485008239746,2.0579230785369873,2.419382095336914,2.3246095180511475,2.055140256881714,2.3074755668640137,2.5657098293304443,2.3822789192199707,2.4215102195739746,2.790614128112793,2.944064140319824,2.902377128601074,4.300132751464844,3.953301429748535,4.083085536956787,3.808864116668701,3.760965347290039,3.8411223888397217,4.213593482971191,4.244789123535156,4.239385604858398,4.479119300842285,4.711977958679199,4.869532585144043,5.027907371520996,5.252381324768066,5.412045001983643,4.760915279388428,4.420464992523193,4.427215576171875,4.045104026794434,4.006185054779053,3.9387826919555664,4.2977800369262695,4.515652179718018,4.466469764709473,4.580856800079346,4.85387659072876,5.058165550231934,5.169216156005859,5.295152187347412,5.441553592681885,4.33742094039917,3.980936288833618,3.851597547531128,3.88080096244812,3.7039835453033447,3.4193921089172363,3.676553249359131,3.8908450603485107,3.642190933227539,3.563563585281372,3.9374568462371826,4.022634983062744,3.80031156539917,3.974325656890869,4.359044551849365
A15,2.4843175411224365,2.4154043197631836,2.042310953140259,2.047306776046753,1.9297412633895874,1.7467719316482544,1.49198317527771,1.4494391679763794,1.3237621784210205,1.0728955268859863,0.9231919050216675,0.8228181004524231,0.6160147786140442,0.36704596877098083,0.0,2.0772573947906494,2.2018299102783203,2.169762372970581,2.444380521774292,2.306990146636963,2.6471238136291504,2.506640672683716,2.234827756881714,2.4976181983947754,2.726841926574707,2.4999451637268066,2.529157876968384,2.9010097980499268,3.033280849456787,2.953104257583618,4.46903657913208,4.13087272644043,4.286225318908691,4.029421806335449,3.997652769088745,4.093876838684082,4.458492279052734,4.486273765563965,4.501999855041504,4.7467732429504395,4.962567329406738,5.124631404876709,5.298940181732178,5.520450592041016,5.6683831214904785,5.051977634429932,4.711636066436768,4.735727787017822,4.357330799102783,4.321002006530762,4.26963472366333,4.630391597747803,4.841999530792236,4.7984938621521,4.922956943511963,5.191131591796875,5.392378807067871,5.512396335601807,5.642158031463623,5.783823490142822,4.6995930671691895,4.3413615226745605,4.216379642486572,4.247344493865967,4.068253993988037,3.7852327823638916,4.0424652099609375,4.2545166015625,4.001247882843018,3.9225640296936035,4.296141624450684,4.375164031982422,4.145731449127197,4.319074630737305,4.704522132873535
B1,2.9057178497314453,2.622410774230957,2.3726158142089844,2.051325798034668,2.011781930923462,1.6492286920547485,1.802909016609192,2.0164756774902344,1.7659646272659302,1.5914831161499023,1.9460783004760742,2.0291879177093506,1.7816579341888428,1.8837143182754517,2.0772573947906494,0.0,0.378691703081131,0.4646143913269043,0.7880109548568726,1.0206882953643799,1.188779592514038,1.1002235412597656,1.1942194700241089,1.523551344871521,1.5880143642425537,1.5312869548797607,1.838254451751709,2.063886880874634,2.0591964721679688,2.0242459774017334,2.6401355266571045,2.262218713760376,2.4112470149993896,2.123721122741699,2.1931569576263428,2.2052369117736816,2.559957981109619,2.683340311050415,2.7561230659484863,2.921184539794922,3.1084346771240234,3.347975492477417,3.5139272212982178,3.6627628803253174,3.747422695159912,3.16572904586792,2.8177719116210938,2.92582368850708,2.5879247188568115,2.576693296432495,2.6598596572875977,3.00840163230896,3.1581814289093018,3.201061725616455,3.403104305267334,3.587599277496338,3.7715706825256348,3.9891037940979004,4.132655143737793,4.2045159339904785,3.673158884048462,3.304741859436035,3.332862377166748,3.351639986038208,3.080414295196533,2.962951898574829,3.332608699798584,3.4214560985565186,3.194136381149292,3.321500778198242,3.68827223777771,3.7110824584960938,3.6393115520477295,3.9345273971557617,4.286488056182861
B2,2.6896111965179443,2.3801937103271484,2.165451765060425,1.8147286176681519,1.7814568281173706,1.4381089210510254,1.6563143730163574,1.8748924732208252,1.6462328433990479,1.5301984548568726,1.9062025547027588,2.012000322341919,1.8230234384536743,1.9574978351593018,2.2018299102783203,0.378691703081131,0.0,0.38346630334854126,0.5476033687591553,0.7920377254486084,0.9911917448043823,1.0304433107376099,1.1268011331558228,1.399646520614624,1.5140312910079956,1.5433266162872314,1.8263825178146362,2.0353500843048096,2.076828718185425,2.110924482345581,2.5756585597991943,2.1925957202911377,2.2857203483581543,1.9677760601043701,1.9894685745239258,1.9834558963775635,2.357957124710083,2.4738335609436035,2.5047967433929443,2.67406964302063,2.8937699794769287,3.1169300079345703,3.261777400970459,3.426705837249756,3.539829730987549,2.9464187622070312,2.5864033699035645,2.655683755874634,2.3001022338867188,2.266876459121704,2.3264927864074707,2.685551643371582,2.840186357498169,2.8633689880371094,3.0583701133728027,3.2599992752075195,3.4428961277008057,3.6465437412261963,3.794267177581787,3.8829352855682373,3.3322699069976807,2.967751979827881,2.987293243408203,2.9905569553375244,2.7111172676086426,2.5973598957061768,2.9686458110809326,3.0478293895721436,2.8196816444396973,2.9563469886779785,3.31998610496521,3.3396379947662354,3.2778053283691406,3.577305555343628,3.924227476119995
B3,2.869387626647949,2.5498557090759277,2.318711042404175,1.9732643365859985,1.867985725402832,1.5541954040527344,1.7770802974700928,1.9289312362670898,1.6431870460510254,1.5647692680358887,1.943498134613037,1.977471947669983,1.7647464275360107,1.955552577972412,2.169762372970581,0.4646143913269043,0.38346630334854126,0.0,0.37517353892326355,0.5765520334243774,0.73516845703125,0.6756125092506409,0.7738971710205078,1.0749799013137817,1.1606870889663696,1.1627144813537598,1.4558415412902832,1.665692925453186,1.7013018131256104,1.733055591583252,2.3986446857452393,2.030895709991455,2.1544783115386963,1.8740087747573853,1.8843814134597778,1.955771803855896,2.311927080154419,2.3808674812316895,2.4405195713043213,2.6502649784088135,2.8390440940856934,3.044480800628662,3.227450132369995,3.4114954471588135,3.525408983230591,3.1626622676849365,2.7900471687316895,2.8606128692626953,2.510723829269409,2.4314823150634766,2.5195069313049316,2.889751434326172,3.005675792694092,3.0024304389953613,3.2269206047058105,3.438976764678955,3.5881004333496094,3.7968239784240723,3.9750077724456787,4.08107328414917,3.6002309322357178,3.2442758083343506,3.2453927993774414,3.2135093212127686,2.911966323852539,2.791402816772461,3.1551034450531006,3.2094433307647705,2.948087692260742,3.0866787433624268,3.452336311340332,3.435269355773926,3.3512120246887207,3.6654162406921387,4.017695903778076
B4,2.864145517349243,2.5169291496276855,2.329646110534668,1.9598876237869263,1.845241665840149,1.577523112297058,1.8628367185592651,1.998575210571289,1.7289388179779053,1.721477746963501,2.10770583152771,2.14379620552063,1.9806783199310303,2.2032485008239746,2.444380521774292,0.7880109548568726,0.5476033687591553,0.37517353892326355,0.0,0.37669408321380615,0.4476350247859955,0.5881661176681519,0.7511308193206787,0.936694860458374,1.0353572368621826,1.162109375,1.4321575164794922,1.5866236686706543,1.6526567935943604,1.7608414888381958,2.202876091003418,1.8384474515914917,1.9089428186416626,1.611863374710083,1.573190450668335,1.6508172750473022,2.0146312713623047,2.0641274452209473,2.0969910621643066,2.3197665214538574,2.5249135494232178,2.7126834392547607,2.8884177207946777,3.0888822078704834,3.225090503692627,2.956897735595703,2.572540044784546,2.6136796474456787,2.2607438564300537,2.1403605937957764,2.233149290084839,2.610679864883423,2.7040860652923584,2.6778645515441895,2.9150946140289307,3.1374671459198,3.2668471336364746,3.472451686859131,3.668010711669922,3.789958953857422,3.381209373474121,3.0391485691070557,3.0388684272766113,2.97615647315979,2.654310703277588,2.554823875427246,2.91806697845459,2.938347339630127,2.6690797805786133,2.8353476524353027,3.1905269622802734,3.1490609645843506,3.081613063812256,3.412041425704956,3.7534708976745605
B5,2.7015774250030518,2.3486196994781494,2.1561343669891357,1.7992032766342163,1.6231971979141235,1.404417634010315,1.7008264064788818,1.773625373840332,1.48489511013031,1.5428990125656128,1.9194751977920532,1.9166864156723022,1.788114309310913,2.0579230785369873,2.306990146636963,1.0206882953643799,0.7920377254486084,0.5765520334243774,0.37669408321380615,0.0,0.3946358263492584,0.571268618106842,0.5413267612457275,0.6716697812080383,0.8936191201210022,1.031744360923767,1.2204185724258423,1.4100947380065918,1.5534414052963257,1.7040722370147705,2.3840291500091553,2.0452311038970947,2.098395824432373,1.8235548734664917,1.7203150987625122,1.8488727807998657,2.2034928798675537,2.195436954498291,2.198385238647461,2.462684154510498,2.675480842590332,2.8196072578430176,3.0012001991271973,3.2369742393493652,3.4042811393737793,3.2291040420532227,2.840231418609619,2.84169864654541,2.477267026901245,2.3202123641967773,2.3759267330169678,2.7639713287353516,2.8553829193115234,2.7826120853424072,3.0104637145996094,3.266866445541382,3.381298303604126,3.5576422214508057,3.7682111263275146,3.9239416122436523,3.426352024078369,3.091179847717285,3.0452065467834473,2.954235792160034,2.629988431930542,2.4921092987060547,2.8345248699188232,2.857839822769165,2.5574073791503906,2.692375659942627,3.054171085357666,2.9970858097076416,2.890270709991455,3.2173173427581787,3.5699493885040283
B6,3.06006121635437,2.6970980167388916,2.5262234210968018,2.1619315147399902,1.9865731000900269,1.7864367961883545,2.092742681503296,2.1590707302093506,1.8668794631958008,1.9322465658187866,2.306626081466675,2.2846784591674805,2.142082929611206,2.419382095336914,2.6471238136291504,1.188779592514038,0.9911917448043823,0.73516845703125,0.4476350247859955,0.3946358263492584,0.0,0.3925323784351349,0.5770999193191528,0.593863844871521,0.666014552116394,0.9075500965118408,1.1327844858169556,1.2237865924835205,1.3243975639343262,1.5091266632080078,2.0028326511383057,1.6762995719909668,1.7299113273620605,1.480727195739746,1.3759043216705322,1.5541478395462036,1.8835440874099731,1.8530670404434204,1.8906874656677246,2.1685738563537598,2.3488540649414062,2.4928619861602783,2.701507806777954,2.935805320739746,3.0914523601531982,3.115811347961426,2.7231554985046387,2.741285562515259,2.4015886783599854,2.215829849243164,2.3282480239868164,2.708390951156616,2.7499842643737793,2.6787970066070557,2.944401741027832,3.1822402477264404,3.2631659507751465,3.463905096054077,3.697488784790039,3.8476953506469727,3.538942813873291,3.2190604209899902,3.197566032409668,3.0850160121917725,2.739543914794922,2.645752191543579,2.9897944927215576,2.9660401344299316,2.6645524501800537,2.8428821563720703,3.1855173110961914,3.0922489166259766,3.011946201324463,3.3606679439544678,3.6955149173736572
B7,3.2512590885162354,2.9062376022338867,2.6945621967315674,2.3495941162109375,2.1589784622192383,1.9309945106506348,2.1894922256469727,2.2439379692077637,1.9160559177398682,1.9404840469360352,2.3046395778656006,2.2448160648345947,2.0494492053985596,2.3246095180511475,2.506640672683716,1.1002235412597656,1.0304433107376099,0.6756125092506409,0.5881661176681519,0.571268618106842,0.3925323784351349,0.0,0.3817893862724304,0.55544114112854,0.49920234084129333,0.5949796438217163,0.9018449187278748,1.0285764932632446,1.0679774284362793,1.1819278001785278,2.0085055828094482,1.6911804676055908,1.8246394395828247,1.6227483749389648,1.581296682357788,1.7877427339553833,2.0902421474456787,2.0617353916168213,2.1551666259765625,2.4299192428588867,2.5666418075561523,2.7247567176818848,2.9628236293792725,3.181720495223999,3.3065528869628906,3.370288610458374,2.982954263687134,3.0382156372070312,2.7086877822875977,2.545846939086914,2.6788079738616943,3.054025650024414,3.094121217727661,3.0419387817382812,3.313976287841797,3.537865400314331,3.6198534965515137,3.833554983139038,4.064908981323242,4.201635360717773,3.8967976570129395,3.567586898803711,3.549748420715332,3.451977014541626,3.113163709640503,3.00783371925354,3.3530521392822266,3.3441176414489746,3.0405728816986084,3.203085422515869,3.5526578426361084,3.4634792804718018,3.366157293319702,3.708608865737915,4.051455974578857
B8,3.048269033432007,2.7139904499053955,2.4830610752105713,2.1645326614379883,1.93229341506958,1.7318049669265747,1.9677504301071167,1.9722703695297241,1.6265387535095215,1.6813706159591675,2.025940418243408,1.9282170534133911,1.7483227252960205,2.055140256881714,2.234827756881714,1.1942194700241089,1.1268011331558228,0.7738971710205078,0.7511308193206787,0.5413267612457275,0.5770999193191528,0.3817893862724304,0.0,0.371692031621933,0.5306506752967834,0.5210641622543335,0.7135758399963379,0.9563119411468506,1.0946547985076904,1.216007113456726,2.353041887283325,2.0518319606781006,2.1723456382751465,1.9727782011032104,1.8919861316680908,2.1059768199920654,2.415181875228882,2.3606693744659424,2.4216840267181396,2.717068910598755,2.8709781169891357,3.001106023788452,3.233388662338257,3.475155830383301,3.623352289199829,3.657167673110962,3.2673113346099854,3.295228958129883,2.947190761566162,2.7769784927368164,2.867030143737793,3.2522196769714355,3.312335252761841,3.233011484146118,3.484553813934326,3.7359910011291504,3.823108434677124,4.009578704833984,4.240670680999756,4.399749279022217,3.9597043991088867,3.6281025409698486,3.572516918182373,3.468555450439453,3.139925956726074,2.9924745559692383,3.320427417755127,3.334268808364868,3.012967586517334,3.1335606575012207,3.4926366806030273,3.4078707695007324,3.270465135574341,3.5977306365966797,3.9542484283447266
B9,3.1244168281555176,2.774874210357666,2.577127695083618,2.2578930854797363,1.998205304145813,1.8604735136032104,2.128542423248291,2.093794107437134,1.7622073888778687,1.8858413696289062,2.218014717102051,2.1030564308166504,1.972658395767212,2.3074755668640137,2.4976181983947754,1.523551344871521,1.399646520614624,1.0749799013137817,0.936694860458374,0.6716697812080383,0.593863844871521,0.55544114112854,0.371692031621933,0.0,0.3795883357524872,0.5710727572441101,0.6180782914161682,0.7738678455352783,0.9994379878044128,1.229187250137329,2.2815287113189697,2.013859510421753,2.0926005840301514,1.917518138885498,1.776564121246338,2.0336551666259766,2.319356918334961,2.210996150970459,2.2507145404815674,2.5764455795288086,2.726675510406494,2.8156135082244873,3.0544655323028564,3.3225934505462646,3.494941234588623,3.6921541690826416,3.2982232570648193,3.2967679500579834,2.9549970626831055,2.7415945529937744,2.830275535583496,3.214218854904175,3.2448480129241943,3.129854202270508,3.390939950942993,3.6565446853637695,3.7123494148254395,3.886242628097534,4.140283584594727,4.322990894317627,3.9389586448669434,3.626894950866699,3.555375576019287,3.4145991802215576,3.0726301670074463,2.9323935508728027,3.2424943447113037,3.2230303287506104,2.8840224742889404,3.0136055946350098,3.357858180999756,3.236947774887085,3.0949044227600098,3.4328603744506836,3.779458522796631
B10,3.482034921646118,3.131162643432617,2.9311680793762207,2.60318922996521,2.3593790531158447,2.197268486022949,2.4603631496429443,2.445199489593506,2.1056630611419678,2.1955153942108154,2.532703399658203,2.4126884937286377,2.24479079246521,2.5657098293304443,2.726841926574707,1.5880143642425537,1.5140312910079956,1.1606870889663696,1.0353572368621826,0.8936191201210022,0.666014552116394,0.49920234084129333,0.5306506752967834,0.3795883357524872,0.0,0.38696223497390747,0.5480859875679016,0.562661349773407,0.6835037469863892,0.9261388182640076,1.9808274507522583,1.7345545291900635,1.8543621301651,1.7290855646133423,1.6278315782546997,1.9226250648498535,2.1705901622772217,2.054793357849121,2.152078628540039,2.474341630935669,2.576101541519165,2.6775104999542236,2.947495460510254,3.198535680770874,3.3409934043884277,3.676832675933838,3.286586046218872,3.3180625438690186,3.000570774078369,2.7874882221221924,2.9256277084350586,3.2987258434295654,3.297959327697754,3.202697515487671,3.4910733699798584,3.7303595542907715,3.768200397491455,3.969508171081543,4.233098030090332,4.398227691650391,4.1555633544921875,3.846371650695801,3.8027265071868896,3.662712335586548,3.3106465339660645,3.2017619609832764,3.5214624404907227,3.4797112941741943,3.1486146450042725,3.307832717895508,3.642479419708252,3.507241725921631,3.388155460357666,3.7378249168395996,4.073074817657471
B11,3.5423989295959473,3.2130963802337646,2.9754958152770996,2.670253276824951,2.419825792312622,2.2335855960845947,2.447493553161621,2.423149347305298,2.062235116958618,2.112792730331421,2.429988384246826,2.2794036865234375,2.0700762271881104,2.3822789192199707,2.4999451637268066,1.5312869548797607,1.5433266162872314,1.1627144813537598,1.162109375,1.031744360923767,0.9075500965118408,0.5949796438217163,0.5210641622543335,0.5710727572441101,0.38696223497390747,0.0,0.37571394443511963,0.5514342784881592,0.6022024750709534,0.702082633972168,2.192082405090332,1.9467415809631348,2.1209728717803955,2.007081985473633,1.9538469314575195,2.234252452850342,2.484020948410034,2.3905129432678223,2.51073956489563,2.820314645767212,2.9092297554016113,3.0277700424194336,3.3046138286590576,3.5416688919067383,3.6641287803649902,3.9333508014678955,3.546290874481201,3.6004793643951416,3.2782301902770996,3.092496395111084,3.2278006076812744,3.6038289070129395,3.6222455501556396,3.543602228164673,3.824894905090332,4.06044340133667,4.114921569824219,4.319911479949951,4.5724687576293945,4.727745532989502,4.420219421386719,4.0968475341796875,4.05031156539917,3.930840253829956,3.589885950088501,3.4596915245056152,3.782677173614502,3.769102096557617,3.438549041748047,3.573535203933716,3.920921802520752,3.804290533065796,3.6657297611236572,4.002604961395264,4.3503594398498535
B12,3.557525396347046,3.2332067489624023,2.9997570514678955,2.718993902206421,2.43046236038208,2.296599864959717,2.5018513202667236,2.4205033779144287,2.059931755065918,2.1610140800476074,2.4462544918060303,2.2517802715301514,2.077972412109375,2.4215102195739746,2.529157876968384,1.838254451751709,1.8263825178146362,1.4558415412902832,1.4321575164794922,1.2204185724258423,1.1327844858169556,0.9018449187278748,0.7135758399963379,0.6180782914161682,0.5480859875679016,0.37571394443511963,0.0,0.3726738393306732,0.6084703207015991,0.7842808365821838,2.4191062450408936,2.207526445388794,2.3556692600250244,2.2610650062561035,2.161738634109497,2.468426465988159,2.705277442932129,2.568321943283081,2.6648833751678467,3.00004506111145,3.089507818222046,3.1682567596435547,3.4486582279205322,3.711129665374756,3.856471061706543,4.2117919921875,3.820871114730835,3.8480732440948486,3.5201797485351562,3.3092782497406006,3.4237112998962402,3.8033666610717773,3.815389633178711,3.70416259765625,3.980062246322632,4.236577033996582,4.275115489959717,4.458761692047119,4.724333763122559,4.90433931350708,4.555801868438721,4.242187023162842,4.165797233581543,4.023746013641357,3.683621644973755,3.5335676670074463,3.8336093425750732,3.8152849674224854,3.4666836261749268,3.5788214206695557,3.919997215270996,3.7847683429718018,3.6175529956817627,3.946779251098633,4.294386386871338
B13,3.8391454219818115,3.5009305477142334,3.28999924659729,2.994586944580078,2.709411382675171,2.5872788429260254,2.8189706802368164,2.742809772491455,2.390361785888672,2.5050673484802246,2.7995190620422363,2.6120986938476562,2.446831464767456,2.790614128112793,2.9010097980499268,2.063886880874634,2.0353500843048096,1.665692925453186,1.5866236686706543,1.4100947380065918,1.2237865924835205,1.0285764932632446,0.9563119411468506,0.7738678455352783,0.562661349773407,0.5514342784881592,0.3726738393306732,0.0,0.36466842889785767,0.686659574508667,2.184741973876953,2.0198657512664795,2.161273241043091,2.1184372901916504,2.010089159011841,2.3545525074005127,2.5466020107269287,2.3740315437316895,2.4914865493774414,2.835214376449585,2.8890492916107178,2.94734787940979,3.2477495670318604,3.5119078159332275,3.6514251232147217,4.190845012664795,3.8029580116271973,3.8322384357452393,3.525960922241211,3.292673349380493,3.435542345046997,3.804126739501953,3.7790560722351074,3.660966634750366,3.9574036598205566,4.2028350830078125,4.211043357849121,4.404000759124756,4.687497138977051,4.868622779846191,4.651464462280273,4.352166652679443,4.287261009216309,4.125471115112305,3.7719905376434326,3.6499741077423096,3.9467873573303223,3.89339542388916,3.543696403503418,3.6837103366851807,4.007776737213135,3.8433687686920166,3.694558620452881,4.037792682647705,4.368886947631836
