,A1,A2,A3,A4,A5,A6,A7,A8,A9,A10,A11,A12,A13,A14,A15,B1,B2,B3,B4,B5,B6,B7,B8,B9,B10,B11,B12,B13,B14,B15,C1,C2,C3,C4,C5,C6,C7,C8,C9,C10,C11,C12,C13,C14,C15,D1,D2,D3,D4,D5,D6,D7,D8,D9,D10,D11,D12,D13,D14,D15,E1,E2,E3,E4,E5,E6,E7,E8,E9,E10,E11,E12,E13,E14,E15
A1,0.0,0.38213589787483215,0.5978230237960815,0.903968334197998,1.1907684803009033,1.4243788719177246,1.4019453525543213,1.5506917238235474,1.835035800933838,1.9907042980194092,2.0461695194244385,2.328012466430664,2.579113245010376,2.741971731185913,2.9734694957733154,2.53273868560791,2.385053873062134,2.173768997192383,2.311023473739624,2.5515120029449463,2.7252070903778076,2.6113061904907227,2.9443347454071045,3.1201815605163574,3.282304525375366,3.3141956329345703,3.6377034187316895,3.863224744796753,4.0709943771362305,4.3296051025390625,3.4649763107299805,3.213172674179077,3.391357898712158,3.343440532684326,3.129535675048828,3.3848607540130615,3.7290496826171875,3.7183351516723633,3.880615234375,4.235622882843018,4.56256628036499,4.831920146942139,5.096071243286133,5.396054267883301,5.732301235198975,3.9652254581451416,3.5948383808135986,3.5736160278320312,3.2679901123046875,3.3788769245147705,3.3925931453704834,3.7651546001434326,3.9712045192718506,4.047307968139648,4.277625560760498,4.567208290100098,4.831144332885742,4.998621940612793,5.286391735076904,5.592169761657715,4.168961524963379,3.8510282039642334,3.736875295639038,3.382009267807007,3.153855085372925,2.9800875186920166,3.240619659423828,3.1972436904907227,2.8224985599517822,2.9049298763275146,3.2145888805389404,3.043736219406128,2.833167314529419,3.096426010131836,3.476365327835083
A2,0.38213589787483215,0.0,0.3814423978328705,0.6013983488082886,0.8547765612602234,1.118674397468567,1.166927456855774,1.302678108215332,1.5424386262893677,1.7338653802871704,1.829891324043274,2.0817136764526367,2.321606397628784,2.524017333984375,2.77054500579834,2.315936326980591,2.1405653953552246,1.8920742273330688,1.9994889497756958,2.2153818607330322,2.387638568878174,2.2527577877044678,2.5871808528900146,2.7591660022735596,2.9100871086120605,2.9419610500335693,3.2712531089782715,3.4906005859375,3.696089744567871,3.9597206115722656,3.2486205101013184,3.011979579925537,3.2242696285247803,3.203474760055542,3.0155036449432373,3.281420946121216,3.637147903442383,3.6549081802368164,3.809497356414795,4.162925720214844,4.491846561431885,4.755526542663574,5.000055313110352,5.299034595489502,5.625972270965576,3.763209342956543,3.400979995727539,3.384150266647339,3.096810817718506,3.2407915592193604,3.2390971183776855,3.600856065750122,3.834808349609375,3.916527509689331,4.121394634246826,4.410446643829346,4.679764270782471,4.829447269439697,5.102949619293213,5.40143346786499,3.8655312061309814,3.547344923019409,3.4377880096435547,3.075728416442871,2.8717193603515625,2.6781272888183594,2.9485063552856445,2.937711238861084,2.569718599319458,2.636793613433838,2.965804100036621,2.829315423965454,2.6150052547454834,2.8696482181549072,3.252263307571411
A3,0.5978230237960815,0.3814423978328705,0.0,0.4028066098690033,0.6317144632339478,0.872569739818573,0.8322885036468506,0.9578327536582947,1.2382649183273315,1.4066263437271118,1.4689788818359375,1.7380787134170532,1.9872684478759766,2.168256998062134,2.405709743499756,2.150726318359375,2.0212008953094482,1.7866594791412354,1.9388515949249268,2.131387948989868,2.3562543392181396,2.194491147994995,2.4951179027557373,2.713344097137451,2.8463261127471924,2.8315460681915283,3.1496620178222656,3.399845600128174,3.582254648208618,3.822699546813965,3.2277331352233887,3.024418592453003,3.259653329849243,3.2785563468933105,3.126836061477661,3.42248272895813,3.767892837524414,3.8166842460632324,3.9970920085906982,4.35474967956543,4.672658920288086,4.950637340545654,5.193321228027344,5.476879119873047,5.808284759521484,3.917294502258301,3.556934118270874,3.5740065574645996,3.3092525005340576,3.4827070236206055,3.498610496520996,3.854559898376465,4.096309185028076,4.1992106437683105,4.396130084991455,4.6734700202941895,4.954244613647461,5.101828098297119,5.363925457000732,5.650453567504883,4.022772312164307,3.6969759464263916,3.6109812259674072,3.2412564754486084,3.0693116188049316,2.8632729053497314,3.1506216526031494,3.176706552505493,2.8212215900421143,2.873826026916504,3.219650983810425,3.1142027378082275,2.8937079906463623,3.131051778793335,3.5110607147216797
A4,0.903968334197998,0.6013983488082886,0.4028066098690033,0.0,0.3878166079521179,0.5254625082015991,0.6200286746025085,0.8333081007003784,1.0140082836151123,1.1672101020812988,1.326602816581726,1.5825107097625732,1.7746360301971436,1.9867541790008545,2.2652428150177,2.2271604537963867,2.075484037399292,1.7938979864120483,1.8934831619262695,2.0220236778259277,2.2444026470184326,2.0276730060577393,2.3197648525238037,2.5302960872650146,2.6194355487823486,2.5892136096954346,2.924983263015747,3.1613101959228516,3.321326971054077,3.5712039470672607,3.3023605346679688,3.1201891899108887,3.389652729034424,3.4321067333221436,3.301724672317505,3.5955023765563965,3.9510819911956787,4.016621112823486,4.17856502532959,4.52979850769043,4.8516998291015625,5.116274356842041,5.3380913734436035,5.625554084777832,5.943345069885254,3.9643397331237793,3.619424343109131,3.6257128715515137,3.377187728881836,3.570469379425049,3.5526201725006104,3.8923141956329346,4.162179470062256,4.251427173614502,4.417123794555664,4.702633857727051,4.976526737213135,5.096253871917725,5.3449859619140625,5.630054950714111,3.877034902572632,3.565535306930542,3.4654698371887207,3.0932931900024414,2.956167697906494,2.710787773132324,2.9837889671325684,3.049151659011841,2.7001311779022217,2.705620050430298,3.061115264892578,2.983687162399292,2.737851858139038,2.940380573272705,3.3113484382629395
A5,1.1907684803009033,0.8547765612602234,0.6317144632339478,0.3878166079521179,0.0,0.39561688899993896,0.5586262345314026,0.6029438376426697,0.7183477878570557,0.9706013798713684,1.128803014755249,1.3136284351348877,1.5250738859176636,1.784682035446167,2.0479934215545654,1.9102153778076172,1.7558860778808594,1.463068962097168,1.5611287355422974,1.6647435426712036,1.9116079807281494,1.684385061264038,1.9574624300003052,2.1912436485290527,2.2818827629089355,2.236501693725586,2.5613691806793213,2.8132946491241455,2.974963665008545,3.2140917778015137,3.007601737976074,2.8529772758483887,3.1480677127838135,3.2255313396453857,3.1329305171966553,3.4429163932800293,3.792936086654663,3.892263650894165,4.062839984893799,4.411104679107666,4.723241806030273,4.991249084472656,5.199265003204346,5.473402500152588,5.787040710449219,3.765195846557617,3.42992901802063,3.4640843868255615,3.2455036640167236,3.47330641746521,3.468294143676758,3.794133424758911,4.075908184051514,4.189403057098389,4.339353561401367,4.6077117919921875,4.894228458404541,5.009524822235107,5.241441249847412,5.509253025054932,3.6829631328582764,3.362698793411255,3.2949776649475098,2.9206387996673584,2.81406831741333,2.57322096824646,2.8709542751312256,2.969174861907959,2.6464993953704834,2.6602518558502197,3.029399871826172,2.995946168899536,2.7747585773468018,2.9773242473602295,3.3450186252593994
A6,1.4243788719177246,1.118674397468567,0.872569739818573,0.5254625082015991,0.39561688899993896,0.0,0.37663137912750244,0.5888058543205261,0.5890210270881653,0.709770143032074,0.9675461649894714,1.1812230348587036,1.3092960119247437,1.5537497997283936,1.8600646257400513,2.1708831787109375,2.0419933795928955,1.7480641603469849,1.8282052278518677,1.8646364212036133,2.121781587600708,1.8418903350830078,2.0754523277282715,2.316856622695923,2.346904754638672,2.2561285495758057,2.5873782634735107,2.8374688625335693,2.9541077613830566,3.1859865188598633,3.314547300338745,3.1839520931243896,3.4956467151641846,3.590426445007324,3.5112977027893066,3.8222615718841553,4.172384738922119,4.278371334075928,4.444466590881348,4.789988040924072,5.102391719818115,5.365786075592041,5.565697193145752,5.8400797843933105,6.147736549377441,4.089956283569336,3.765779733657837,3.794633388519287,3.5849876403808594,3.8178038597106934,3.792097330093384,4.108193874359131,4.403299808502197,4.503327369689941,4.635583400726318,4.911200523376465,5.189542770385742,5.285587787628174,5.509692668914795,5.777999401092529,3.8623597621917725,3.559399127960205,3.477738618850708,3.106208086013794,3.031175374984741,2.756652593612671,3.0305540561676025,3.1593098640441895,2.8413054943084717,2.8059897422790527,3.174633741378784,3.1543705463409424,2.90167236328125,3.0625312328338623,3.415325880050659
A7,1.4019453525543213,1.166927456855774,0.8322885036468506,0.6200286746025085,0.5586262345314026,0.37663137912750244,0.0,0.39186978340148926,0.5750668048858643,0.5959109663963318,0.732575535774231,1.033563256263733,1.2072266340255737,1.3788988590240479,1.6609596014022827,2.144721746444702,2.0753064155578613,1.8306453227996826,1.9791653156280518,2.0418033599853516,2.3343374729156494,2.076493263244629,2.2863214015960693,2.563321828842163,2.6063458919525146,2.48879075050354,2.794966697692871,3.075547933578491,3.182908773422241,3.386439323425293,3.3960297107696533,3.273026943206787,3.5725698471069336,3.672821521759033,3.597059488296509,3.9238274097442627,4.260830402374268,4.368548393249512,4.560732364654541,4.913414001464844,5.218062877655029,5.498480319976807,5.713818550109863,5.978332996368408,6.29860782623291,4.290185928344727,3.9556450843811035,4.006239414215088,3.792844295501709,4.022237777709961,4.024726390838623,4.351830959320068,4.631218910217285,4.746201992034912,4.897787094116211,5.166101932525635,5.452783107757568,5.566227912902832,5.796231746673584,6.062554836273193,4.185964584350586,3.8720896244049072,3.8065133094787598,3.433326482772827,3.3477745056152344,3.090336561203003,3.376182794570923,3.4923529624938965,3.169377088546753,3.1534953117370605,3.521516799926758,3.4875848293304443,3.2388291358947754,3.411684513092041,3.7692928314208984
A8,1.5506917238235474,1.302678108215332,0.9578327536582947,0.8333081007003784,0.6029438376426697,0.5888058543205261,0.39186978340148926,0.0,0.3798620104789734,0.5619595646858215,0.5582412481307983,0.7809569835662842,1.0499049425125122,1.2561895847320557,1.4841382503509521,1.7796406745910645,1.7397499084472656,1.5250496864318848,1.7119747400283813,1.7776044607162476,2.100304365158081,1.8659130334854126,2.0471625328063965,2.3557662963867188,2.421799421310425,2.291565179824829,2.5689496994018555,2.876209020614624,2.9939897060394287,3.17547607421875,3.0794739723205566,2.979637384414673,3.2866318225860596,3.413261890411377,3.368079423904419,3.711050271987915,4.033986568450928,4.167586803436279,4.37775182723999,4.7290730476379395,5.020166873931885,5.310282230377197,5.521946430206299,5.769731044769287,6.092164516448975,4.095153331756592,3.764559745788574,3.8485379219055176,3.6576757431030273,3.9086825847625732,3.9395785331726074,4.2600226402282715,4.535606384277344,4.679478645324707,4.831081867218018,5.078426361083984,5.3795928955078125,5.502326965332031,5.7225260734558105,5.972484111785889,4.0954108238220215,3.7678370475769043,3.740267753601074,3.368813991546631,3.2945942878723145,3.062098503112793,3.37471342086792,3.4999091625213623,3.197397470474243,3.2107865810394287,3.5850815773010254,3.5746781826019287,3.357898235321045,3.5482900142669678,3.9086313247680664
A9,1.835035800933838,1.5424386262893677,1.2382649183273315,1.0140082836151123,0.7183477878570557,0.5890210270881653,0.5750668048858643,0.3798620104789734,0.0,0.3809067904949188,0.5473271012306213,0.6275793313980103,0.8137025833129883,1.1067067384719849,1.3690732717514038,1.8213167190551758,1.7608681917190552,1.5161981582641602,1.6439847946166992,1.6298179626464844,1.9516366720199585,1.6707466840744019,1.8158411979675293,2.1262073516845703,2.146937608718872,1.9869791269302368,2.2686667442321777,2.5713326930999756,2.6644532680511475,2.8453896045684814,3.073972702026367,3.0020992755889893,3.337631940841675,3.489379405975342,3.4704883098602295,3.810262680053711,4.136006832122803,4.289156436920166,4.484813213348389,4.827366828918457,5.116876602172852,5.395332336425781,5.58552360534668,5.831157207489014,6.139811038970947,4.079011917114258,3.7680504322052,3.8515055179595947,3.684826135635376,3.9567394256591797,3.9674017429351807,4.2677741050720215,4.5640997886657715,4.704615116119385,4.8274688720703125,5.072615146636963,5.3705854415893555,5.470785140991211,5.67371940612793,5.91472053527832,3.9355058670043945,3.620544910430908,3.5967514514923096,3.230445146560669,3.1966195106506348,2.9439210891723633,3.248140335083008,3.411756992340088,3.1315033435821533,3.1156837940216064,3.492753744125366,3.5185441970825195,3.2995951175689697,3.4624552726745605,3.8078231811523438
A10,1.9907042980194092,1.7338653802871704,1.4066263437271118,1.1672101020812988,0.9706013798713684,0.709770143032074,0.5959109663963318,0.5619595646858215,0.3809067904949188,0.0,0.383708655834198,0.5684921145439148,0.6277065277099609,0.8442288637161255,1.159605860710144,2.1375913619995117,2.111412286758423,1.8853942155838013,2.018244743347168,1.9837989807128906,2.306126594543457,2.007646322250366,2.124711275100708,2.4360034465789795,2.4175846576690674,2.2231640815734863,2.4961211681365967,2.7977490425109863,2.8485639095306396,3.0113587379455566,3.431807518005371,3.3701446056365967,3.7050154209136963,3.860044240951538,3.840506076812744,4.182402610778809,4.506516933441162,4.656600475311279,4.855813980102539,5.200407981872559,5.490549564361572,5.771050930023193,5.964134216308594,6.210043907165527,6.519926071166992,4.457988262176514,4.147939682006836,4.2274065017700195,4.056854248046875,4.323604106903076,4.326296329498291,4.6283464431762695,4.926890850067139,5.057977676391602,5.179035186767578,5.431338310241699,5.7242255210876465,5.81795597076416,6.02140474319458,6.266180992126465,4.253586769104004,3.9493699073791504,3.913057804107666,3.548520088195801,3.52374529838562,3.252995252609253,3.539933204650879,3.7118165493011475,3.4257962703704834,3.3830149173736572,3.757113218307495,3.7777509689331055,3.534231662750244,3.673644781112671,4.01078462600708
A11,2.0461695194244385,1.829891324043274,1.4689788818359375,1.326602816581726,1.128803014755249,0.9675461649894714,0.732575535774231,0.5582412481307983,0.5473271012306213,0.383708655834198,0.0,0.38061755895614624,0.6003510355949402,0.7124184966087341,0.9429835677146912,1.9897042512893677,2.026840925216675,1.860522747039795,2.055882453918457,2.0518925189971924,2.4016571044921875,2.1415510177612305,2.2371432781219482,2.57839298248291,2.5897483825683594,2.38446044921875,2.6217970848083496,2.9528141021728516,3.0090506076812744,3.140570640563965,3.365354537963867,3.3169796466827393,3.6393277645111084,3.805172920227051,3.798313856124878,4.154972553253174,4.46127462387085,4.620329856872559,4.845358848571777,5.193462371826172,5.471304893493652,5.767932415008545,5.972085952758789,6.20338249206543,6.52379846572876,4.517606735229492,4.201206684112549,4.308273792266846,4.141763687133789,4.410777568817139,4.446127891540527,4.754726409912109,5.037454128265381,5.190547943115234,5.328563690185547,5.567148208618164,5.871745586395264,5.984620571136475,6.190540313720703,6.428221225738525,4.4644927978515625,4.145601272583008,4.1344313621521,3.769167184829712,3.7336788177490234,3.4881296157836914,3.794955015182495,3.954151153564453,3.668494939804077,3.6558609008789062,4.032301425933838,4.046603202819824,3.819016218185425,3.9804887771606445,4.3266448974609375
A12,2.328012466430664,2.0817136764526367,1.7380787134170532,1.5825107097625732,1.3136284351348877,1.1812230348587036,1.033563256263733,0.7809569835662842,0.6275793313980103,0.5684921145439148,0.38061755895614624,0.0,0.37998369336128235,0.6033393740653992,0.7731854915618896,1.8391612768173218,1.8954579830169678,1.7492691278457642,1.9309672117233276,1.8768134117126465,2.2365269660949707,1.9764540195465088,2.0131661891937256,2.3718461990356445,2.3674116134643555,2.1305670738220215,2.3337929248809814,2.679940938949585,2.720315933227539,2.8247194290161133,3.1968469619750977,3.1863861083984375,3.5267369747161865,3.725277900695801,3.7557857036590576,4.11764669418335,4.412759304046631,4.599625110626221,4.826598167419434,5.166220664978027,5.432139873504639,5.726831436157227,5.914668083190918,6.131884574890137,6.44405460357666,4.421259880065918,4.12265682220459,4.251059532165527,4.115166187286377,4.407310485839844,4.448995113372803,4.739381790161133,5.0294060707092285,5.19805383682251,5.318769454956055,5.5410590171813965,5.851531982421875,5.956733226776123,6.145041465759277,6.365383148193359,4.354283809661865,4.037578105926514,4.054323673248291,3.6982741355895996,3.6939165592193604,3.4563820362091064,3.7705140113830566,3.9547793865203857,3.696965217590332,3.686027765274048,4.063573837280273,4.111196041107178,3.9029006958007812,4.058653354644775,4.395780563354492
A13,2.579113245010376,2.321606397628784,1.9872684478759766,1.7746360301971436,1.5250738859176636,1.3092960119247437,1.2072266340255737,1.0499049425125122,0.8137025833129883,0.6277065277099609,0.6003510355949402,0.37998369336128235,0.0,0.38738158345222473,0.6564063429832458,2.1586029529571533,2.2009220123291016,2.034897565841675,2.171111822128296,2.063274621963501,2.4061689376831055,2.10986065864563,2.113727331161499,2.457885503768921,2.3961057662963867,2.124908208847046,2.3242225646972656,2.6547679901123047,2.6465253829956055,2.739313840866089,3.468437433242798,3.4731996059417725,3.82737135887146,4.03502082824707,4.073148727416992,4.429606914520264,4.7293195724487305,4.920765399932861,5.135742664337158,5.470975875854492,5.73925256729126,6.024905204772949,6.200597763061523,6.420058727264404,6.722794532775879,4.658153533935547,4.372456073760986,4.490923881530762,4.3637824058532715,4.661768436431885,4.68132209777832,4.960729598999023,5.265460014343262,5.421783924102783,5.522909641265869,5.750787258148193,6.0535759925842285,6.138866424560547,6.317329406738281,6.536043643951416,4.4466233253479,4.148162364959717,4.154597759246826,3.8050849437713623,3.8290839195251465,3.56779146194458,3.8615424633026123,4.071724891662598,3.8235132694244385,3.777355670928955,4.151684284210205,4.216217994689941,3.991799831390381,4.1154704093933105,4.43608283996582
A14,2.741971731185913,2.524017333984375,2.168256998062134,1.9867541790008545,1.784682035446167,1.5537497997283936,1.3788988590240479,1.2561895847320557,1.1067067384719849,0.8442288637161255,0.7124184966087341,0.6033393740653992,0.38738158345222473,0.0,0.36899736523628235,2.393829345703125,2.4785349369049072,2.3442633152008057,2.511937141418457,2.4218783378601074,2.7729921340942383,2.4875316619873047,2.484422206878662,2.834977149963379,2.7723469734191895,2.4904208183288574,2.669741630554199,3.0051050186157227,2.977184534072876,3.0439295768737793,3.755033254623413,3.7656729221343994,4.109012603759766,4.317897319793701,4.355504989624023,4.719088077545166,5.010663032531738,5.200143337249756,5.429562091827393,5.769071578979492,6.033368110656738,6.328658103942871,6.514216423034668,6.728463172912598,7.038519859313965,5.004023551940918,4.712510585784912,4.838181018829346,4.704965591430664,4.9973859786987305,5.026770114898682,5.314093112945557,5.611701011657715,5.770654678344727,5.882102012634277,6.11067533493042,6.415526390075684,6.507702350616455,6.69081449508667,6.91133451461792,4.833573818206787,4.5337419509887695,4.539588451385498,4.188520431518555,4.20579195022583,3.9443047046661377,4.237057209014893,4.440984725952148,4.183382987976074,4.136192798614502,4.510528564453125,4.562709331512451,4.327769756317139,4.449956893920898,4.772103786468506
A15,2.9734694957733154,2.77054500579834,2.405709743499756,2.2652428150177,2.0479934215545654,1.8600646257400513,1.6609596014022827,1.4841382503509521,1.3690732717514038,1.159605860710144,0.9429835677146912,0.7731854915618896,0.6564063429832458,0.36899736523628235,0.0,2.376192569732666,2.512667179107666,2.4303267002105713,2.62510085105896,2.5372283458709717,2.898928165435791,2.6419835090637207,2.603821039199829,2.9704015254974365,2.919095754623413,2.6229536533355713,2.758267879486084,3.1112403869628906,3.0758283138275146,3.1033239364624023,3.752178192138672,3.7894582748413086,4.126138687133789,4.35380220413208,4.414705753326416,4.787095069885254,5.059084415435791,5.264275074005127,5.5112433433532715,5.848018169403076,6.097411632537842,6.402097225189209,6.588277816772461,6.78525972366333,7.098286151885986,5.106659412384033,4.81997537612915,4.97098970413208,4.852306842803955,5.152773380279541,5.205010414123535,5.489035129547119,5.778048992156982,5.956180572509766,6.0720109939575195,6.2852606773376465,6.599081993103027,6.700508117675781,6.878177165985107,7.086924076080322,5.027524948120117,4.721214771270752,4.752342700958252,4.405640602111816,4.427248954772949,4.183836936950684,4.4894328117370605,4.693807125091553,4.445547103881836,4.415935039520264,4.791760444641113,4.850567817687988,4.630212783813477,4.763184547424316,5.087956428527832
B1,2.53273868560791,2.315936326980591,2.150726318359375,2.2271604537963867,1.9102153778076172,2.1708831787109375,2.144721746444702,1.7796406745910645,1.8213167190551758,2.1375913619995117,1.9897042512893677,1.8391612768173218,2.1586029529571533,2.393829345703125,2.376192569732666,0.0,0.3731444180011749,0.6933093667030334,1.004401445388794,1.1870609521865845,1.451202154159546,1.5554298162460327,1.5991904735565186,1.892156720161438,2.14656138420105,2.111872673034668,2.1890077590942383,2.5121681690216064,2.7428534030914307,2.839777708053589,1.4611146450042725,1.4653489589691162,1.7668440341949463,2.00909161567688,2.1246747970581055,2.505115032196045,2.7322311401367188,2.9790821075439453,3.2506823539733887,3.5693118572235107,3.783149242401123,4.100221157073975,4.287783145904541,4.454978942871094,4.7782440185546875,2.976682186126709,2.686904191970825,2.924055576324463,2.8546700477600098,3.165947198867798,3.336460828781128,3.5981931686401367,3.816786527633667,4.083193778991699,4.237846851348877,4.370164394378662,4.71857213973999,4.891785621643066,5.067779064178467,5.237630367279053,3.6360204219818115,3.2712786197662354,3.416069269180298,3.107325315475464,3.0483031272888184,2.998704671859741,3.3783812522888184,3.478797435760498,3.2975475788116455,3.462712526321411,3.8007826805114746,3.859492540359497,3.812561273574829,4.076657772064209,4.421725749969482
B2,2.385053873062134,2.1405653953552246,2.0212008953094482,2.075484037399292,1.7558860778808594,2.0419933795928955,2.0753064155578613,1.7397499084472656,1.7608681917190552,2.111412286758423,2.026840925216675,1.8954579830169678,2.2009220123291016,2.4785349369049072,2.512667179107666,0.3731444180011749,0.0,0.37148207426071167,0.6576930284500122,0.9008288383483887,1.1332389116287231,1.2639638185501099,1.3652427196502686,1.6227527856826782,1.9042736291885376,1.920456886291504,2.0332982540130615,2.326889991760254,2.5874505043029785,2.7259421348571777,1.3508679866790771,1.2993531227111816,1.6315535306930542,1.8493860960006714,1.9381611347198486,2.3077335357666016,2.5692837238311768,2.8038175106048584,3.0461127758026123,3.367251396179199,3.601607322692871,3.9036808013916016,4.083840370178223,4.273164749145508,4.589702606201172,2.699079990386963,2.4010367393493652,2.6146600246429443,2.53594708442688,2.8532514572143555,3.0025641918182373,3.2652692794799805,3.4990177154541016,3.7535977363586426,3.9000985622406006,4.044398307800293,4.389036655426025,4.55354642868042,4.732607841491699,4.91166877746582,3.289477586746216,2.9223861694335938,3.055738687515259,2.743155002593994,2.677091598510742,2.6291661262512207,3.0093536376953125,3.1059958934783936,2.9276537895202637,3.097510576248169,3.432223320007324,3.4942715167999268,3.4564335346221924,3.722642183303833,4.0647292137146
B3,2.173768997192383,1.8920742273330688,1.7866594791412354,1.7938979864120483,1.463068962097168,1.7480641603469849,1.8306453227996826,1.5250496864318848,1.5161981582641602,1.8853942155838013,1.860522747039795,1.7492691278457642,2.034897565841675,2.3442633152008057,2.4303267002105713,0.6933093667030334,0.37148207426071167,0.0,0.3734734058380127,0.6528128385543823,0.9150051474571228,0.9784782528877258,1.1535072326660156,1.4087046384811401,1.6768838167190552,1.7058982849121094,1.8787139654159546,2.1589484214782715,2.421265125274658,2.599684476852417,1.574162483215332,1.4865493774414062,1.8326646089553833,2.015658140182495,2.0613794326782227,2.4123430252075195,2.7099080085754395,2.918883800506592,3.128786563873291,3.454134225845337,3.7126073837280273,3.997803211212158,4.172431468963623,4.386919021606445,4.695371150970459,2.7060587406158447,2.40104341506958,2.569106340408325,2.4664876461029053,2.7832558155059814,2.888148784637451,3.159271001815796,3.419633626937866,3.645292282104492,3.779845714569092,3.9518871307373047,4.286622047424316,4.432320594787598,4.617170810699463,4.813627243041992,3.0932042598724365,2.7289891242980957,2.8275718688964844,2.4960739612579346,2.4318137168884277,2.3457581996917725,2.722926139831543,2.832803249359131,2.63761568069458,2.783447027206421,3.1290652751922607,3.1920154094696045,3.133490562438965,3.389066219329834,3.7330658435821533
B4,2.311023473739624,1.9994889497756958,1.9388515949249268,1.8934831619262695,1.5611287355422974,1.8282052278518677,1.9791653156280518,1.7119747400283813,1.6439847946166992,2.018244743347168,2.055882453918457,1.9309672117233276,2.171111822128296,2.511937141418457,2.62510085105896,1.004401445388794,0.6576930284500122,0.3734734058380127,0.0,0.3748943507671356,0.5561039447784424,0.6649169325828552,0.8849892616271973,1.0791347026824951,1.3729510307312012,1.4619699716567993,1.649579644203186,1.8874655961990356,2.176379680633545,2.385411500930786,1.5451339483261108,1.4561530351638794,1.8240718841552734,2.0028717517852783,2.0531628131866455,2.373709201812744,2.6845829486846924,2.8953728675842285,3.0664117336273193,3.377605438232422,3.642667293548584,3.90340256690979,4.053116321563721,4.277376174926758,4.567273139953613,2.4922502040863037,2.206139326095581,2.353379011154175,2.2701971530914307,2.6043126583099365,2.6762757301330566,2.9260830879211426,3.210191249847412,3.4249563217163086,3.5302791595458984,3.704951763153076,4.033825874328613,4.157829284667969,4.3307037353515625,4.524526119232178,2.731597900390625,2.370769739151001,2.4721872806549072,2.1438655853271484,2.104341506958008,2.016920328140259,2.3930110931396484,2.524061918258667,2.35575532913208,2.494997978210449,2.834902286529541,2.9277100563049316,2.8863444328308105,3.130039691925049,3.4596736431121826
B5,2.5515120029449463,2.2153818607330322,2.131387948989868,2.0220236778259277,1.6647435426712036,1.8646364212036133,2.0418033599853516,1.7776044607162476,1.6298179626464844,1.9837989807128906,2.0518925189971924,1.8768134117126465,2.063274621963501,2.4218783378601074,2.5372283458709717,1.1870609521865845,0.9008288383483887,0.6528128385543823,0.3748943507671356,0.0,0.3767153024673462,0.3741390109062195,0.5145729780197144,0.7623815536499023,1.0262699127197266,1.0910773277282715,1.2776111364364624,1.5246856212615967,1.804518699645996,2.014927387237549,1.691394329071045,1.6666007041931152,2.055767059326172,2.2662477493286133,2.3500235080718994,2.656765937805176,2.9575603008270264,3.1851589679718018,3.339693069458008,3.6350810527801514,3.892061948776245,4.137418270111084,4.26146125793457,4.4782843589782715,4.749798774719238,2.6280677318573,2.3789548873901367,2.5226240158081055,2.474208354949951,2.823451519012451,2.8662474155426025,3.0867955684661865,3.3921782970428467,3.5973634719848633,3.666531562805176,3.837843179702759,4.158958911895752,4.253631591796875,4.403980731964111,4.585558891296387,2.6500163078308105,2.306877374649048,2.417926549911499,2.098111629486084,2.123628854751587,2.0051231384277344,2.3663318157196045,2.5507209300994873,2.4113962650299072,2.5073962211608887,2.848421812057495,2.9821741580963135,2.932250738143921,3.140068531036377,3.450819492340088
B6,2.7252070903778076,2.387638568878174,2.3562543392181396,2.2444026470184326,1.9116079807281494,2.121781587600708,2.3343374729156494,2.100304365158081,1.9516366720199585,2.306126594543457,2.4016571044921875,2.2365269660949707,2.4061689376831055,2.7729921340942383,2.898928165435791,1.451202154159546,1.1332389116287231,0.9150051474571228,0.5561039447784424,0.3767153024673462,0.0,0.3837263584136963,0.5417048335075378,0.5688567757606506,0.9116083383560181,1.1009567975997925,1.2695590257644653,1.4304691553115845,1.756203532218933,1.9942582845687866,1.6120755672454834,1.5740339756011963,1.9560290575027466,2.1500649452209473,2.236116886138916,2.5064268112182617,2.809049367904663,3.0355136394500732,3.1548023223876953,3.4319918155670166,3.689300060272217,3.911527156829834,4.013352870941162,4.23569393157959,4.490391731262207,2.3278322219848633,2.102355480194092,2.2310667037963867,2.2095439434051514,2.5690057277679443,2.5932774543762207,2.7867133617401123,3.1026742458343506,3.305173635482788,3.3508691787719727,3.5143544673919678,3.83166241645813,3.9138994216918945,4.052757740020752,4.2275824546813965,2.2853124141693115,1.940586805343628,2.071134328842163,1.7669655084609985,1.8113212585449219,1.7248806953430176,2.083712100982666,2.2721710205078125,2.175123691558838,2.2871346473693848,2.6070449352264404,2.766324758529663,2.755326986312866,2.961965799331665,3.2544100284576416
B7,2.6113061904907227,2.2527577877044678,2.194491147994995,2.0276730060577393,1.684385061264038,1.8418903350830078,2.076493263244629,1.8659130334854126,1.6707466840744019,2.007646322250366,2.1415510177612305,1.9764540195465088,2.10986065864563,2.4875316619873047,2.6419835090637207,1.5554298162460327,1.2639638185501099,0.9784782528877258,0.6649169325828552,0.3741390109062195,0.3837263584136963,0.0,0.3841938078403473,0.525667667388916,0.7471714019775391,0.8701828718185425,1.1299372911453247,1.3187596797943115,1.6025482416152954,1.8638269901275635,1.9648609161376953,1.9291037321090698,2.3124358654022217,2.500293254852295,2.564391851425171,2.841858386993408,3.1569385528564453,3.3683488368988037,3.48744535446167,3.7730062007904053,4.041039943695068,4.26263427734375,4.3694376945495605,4.601183891296387,4.855559825897217,2.6758556365966797,2.446000576019287,2.5448157787323,2.496624231338501,2.8418967723846436,2.8343069553375244,3.0395050048828125,3.369645833969116,3.5441782474517822,3.584172248840332,3.7725822925567627,4.077661514282227,4.142550468444824,4.285515308380127,4.474006175994873,2.4223928451538086,2.0973963737487793,2.178004503250122,1.853338360786438,1.9158982038497925,1.7536081075668335,2.0962517261505127,2.317300319671631,2.190112829208374,2.244713306427002,2.586163282394409,2.7455992698669434,2.685335397720337,2.864201784133911,3.160269021987915
B8,2.9443347454071045,2.5871808528900146,2.4951179027557373,2.3197648525238037,1.9574624300003052,2.0754523277282715,2.2863214015960693,2.0471625328063965,1.8158411979675293,2.124711275100708,2.2371432781219482,2.0131661891937256,2.113727331161499,2.484422206878662,2.603821039199829,1.5991904735565186,1.3652427196502686,1.1535072326660156,0.8849892616271973,0.5145729780197144,0.5417048335075378,0.3841938078403473,0.0,0.3881095349788666,0.5486820340156555,0.5954075455665588,0.7789309024810791,1.0147281885147095,1.292258858680725,1.519229531288147,1.9649254083633423,2.000563621520996,2.3972525596618652,2.630312442779541,2.745069742202759,3.0258758068084717,3.3143694400787354,3.5566227436065674,3.683070421218872,3.954448699951172,4.201136112213135,4.420994758605957,4.508741855621338,4.717267990112305,4.960450172424316,2.8008434772491455,2.6055381298065186,2.7363057136535645,2.732463836669922,3.0933005809783936,3.096933126449585,3.2738187313079834,3.602415084838867,3.791691303253174,3.8106470108032227,3.974776029586792,4.281039237976074,4.3343610763549805,4.451976299285889,4.615017890930176,2.518780469894409,2.2131378650665283,2.3358476161956787,2.0446977615356445,2.1595582962036133,2.01214599609375,2.336212158203125,2.5855093002319336,2.49657940864563,2.5372824668884277,2.865009307861328,3.0540316104888916,3.0031116008758545,3.1595354080200195,3.434929370880127
B9,3.1201815605163574,2.7591660022735596,2.713344097137451,2.5302960872650146,2.1912436485290527,2.316856622695923,2.563321828842163,2.3557662963867188,2.1262073516845703,2.4360034465789795,2.57839298248291,2.3718461990356445,2.457885503768921,2.834977149963379,2.9704015254974365,1.892156720161438,1.6227527856826782,1.4087046384811401,1.0791347026824951,0.7623815536499023,0.5688567757606506,0.525667667388916,0.3881095349788666,0.0,0.36764249205589294,0.6483996510505676,0.8069282174110413,0.8873917460441589,1.2233200073242188,1.4955098628997803,2.0054047107696533,2.029315233230591,2.4118075370788574,2.6246039867401123,2.735844612121582,2.978363275527954,3.2674012184143066,3.5031299591064453,3.5917294025421143,3.842710018157959,4.089597225189209,4.2823076248168945,4.3452653884887695,4.559994220733643,4.782162666320801,2.5951321125030518,2.432932138442993,2.5372629165649414,2.5592000484466553,2.9212677478790283,2.895185947418213,3.039515495300293,3.3804068565368652,3.5568885803222656,3.5446369647979736,3.7039639949798584,3.9994115829467773,4.030871391296387,4.132978916168213,4.289218902587891,2.1480324268341064,1.8553593158721924,1.9895548820495605,1.7215360403060913,1.8775923252105713,1.7461367845535278,2.050931692123413,2.318504571914673,2.27718448638916,2.315048933029175,2.6182079315185547,2.8392391204833984,2.820507526397705,2.9634556770324707,3.213834047317505
B10,3.282304525375366,2.9100871086120605,2.8463261127471924,2.6194355487823486,2.2818827629089355,2.346904754638672,2.6063458919525146,2.421799421310425,2.146937608718872,2.4175846576690674,2.5897483825683594,2.3674116134643555,2.3961057662963867,2.7723469734191895,2.919095754623413,2.14656138420105,1.9042736291885376,1.6768838167190552,1.3729510307312012,1.0262699127197266,0.9116083383560181,0.7471714019775391,0.5486820340156555,0.36764249205589294,0.0,0.37478989362716675,0.5852691531181335,0.6137030720710754,0.9135385155677795,1.2234342098236084,2.346442937850952,2.3881449699401855,2.772989273071289,2.991206645965576,3.102940797805786,3.3433449268341064,3.632751941680908,3.8669376373291016,3.9484763145446777,4.195150852203369,4.44212007522583,4.626081943511963,4.678638458251953,4.893094062805176,5.104083061218262,2.914499044418335,2.7691259384155273,2.8563790321350098,2.880126476287842,3.2358739376068115,3.183398485183716,3.3163466453552246,3.668325424194336,3.8243298530578613,3.7903428077697754,3.9571828842163086,4.238019943237305,4.243495941162109,4.33262300491333,4.486151695251465,2.249260663986206,1.9978152513504028,2.105496883392334,1.8531348705291748,2.052456855773926,1.876180648803711,2.1407198905944824,2.447131872177124,2.4143054485321045,2.39639949798584,2.6957592964172363,2.9376308917999268,2.8932251930236816,2.9938485622406006,3.223778009414673
B11,3.3141956329345703,2.9419610500335693,2.8315460681915283,2.5892136096954346,2.236501693725586,2.2561285495758057,2.48879075050354,2.291565179824829,1.9869791269302368,2.2231640815734863,2.38446044921875,2.1305670738220215,2.124908208847046,2.4904208183288574,2.6229536533355713,2.111872673034668,1.920456886291504,1.7058982849121094,1.4619699716567993,1.0910773277282715,1.1009567975997925,0.8701828718185425,0.5954075455665588,0.6483996510505676,0.37478989362716675,0.0,0.3806754946708679,0.5871344208717346,0.7672253251075745,1.0366777181625366,2.4921977519989014,2.560108184814453,2.955984115600586,3.197068214416504,3.32023024559021,3.586106061935425,3.8709378242492676,4.115019798278809,4.221362113952637,4.478425025939941,4.721692085266113,4.9214019775390625,4.983897686004639,5.189598083496094,5.409360885620117,3.23583984375,3.078981876373291,3.18499755859375,3.199828863143921,3.5573322772979736,3.5186586380004883,3.666186571121216,4.014193058013916,4.1756815910339355,4.152651786804199,4.321200847625732,4.605716228485107,4.615857124328613,4.706851482391357,4.8593573570251465,2.6178343296051025,2.3718535900115967,2.4726145267486572,2.214099168777466,2.403574228286743,2.207054853439331,2.4708752632141113,2.779179334640503,2.7207255363464355,2.685105323791504,2.998100996017456,3.2275965213775635,3.151775598526001,3.2428512573242188,3.479562520980835
B12,3.6377034187316895,3.2712531089782715,3.1496620178222656,2.924983263015747,2.5613691806793213,2.5873782634735107,2.794966697692871,2.5689496994018555,2.2686667442321777,2.4961211681365967,2.6217970848083496,2.3337929248809814,2.3242225646972656,2.669741630554199,2.758267879486084,2.1890077590942383,2.0332982540130615,1.8787139654159546,1.649579644203186,1.2776111364364624,1.2695590257644653,1.1299372911453247,0.7789309024810791,0.8069282174110413,0.5852691531181335,0.3806754946708679,0.0,0.38890933990478516,0.5555585622787476,0.7404568791389465,2.456207036972046,2.5761702060699463,2.9692015647888184,3.240041494369507,3.4037880897521973,3.666346549987793,3.924031972885132,4.193100452423096,4.30407190322876,4.545373439788818,4.7663984298706055,4.963109493255615,5.007880687713623,5.189723491668701,5.398179531097412,3.2728207111358643,3.146981954574585,3.282991886138916,3.3366506099700928,3.7056708335876465,3.6856517791748047,3.808612108230591,4.147952556610107,4.3287153244018555,4.292407035827637,4.432687759399414,4.720390796661377,4.727467060089111,4.795982837677002,4.921546936035156,2.709409713745117,2.47800874710083,2.6254990100860596,2.4021353721618652,2.6149892807006836,2.45591139793396,2.7137675285339355,3.0245752334594727,2.999102830886841,2.97849702835083,3.274810791015625,3.5212182998657227,3.469923257827759,3.5597314834594727,3.782114267349243
B13,3.863224744796753,3.4906005859375,3.399845600128174,3.1613101959228516,2.8132946491241455,2.8374688625335693,3.075547933578491,2.876209020614624,2.5713326930999756,2.7977490425109863,2.9528141021728516,2.679940938949585,2.6547679901123047,3.0051050186157227,3.1112403869628906,2.5121681690216064,2.326889991760254,2.1589484214782715,1.8874655961990356,1.5246856212615967,1.4304691553115845,1.3187596797943115,1.0147281885147095,0.8873917460441589,0.6137030720710754,0.5871344208717346,0.38890933990478516,0.0,0.3682340383529663,0.654790997505188,2.6194164752960205,2.733668327331543,3.114656925201416,3.370807647705078,3.532306671142578,3.764132499694824,4.019854545593262,4.283265590667725,4.362218379974365,4.58374547958374,4.802364349365234,4.972987651824951,4.992448806762695,5.176567077636719,5.361711025238037,3.236234188079834,3.1460795402526855,3.2573232650756836,3.333792209625244,3.6981801986694336,3.6491005420684814,3.7388534545898438,4.086656093597412,4.250457763671875,4.180368423461914,4.314539909362793,4.585639476776123,4.564548015594482,4.611562728881836,4.72564172744751,2.474569320678711,2.2833054065704346,2.433314800262451,2.2502896785736084,2.5073904991149902,2.355226755142212,2.573377847671509,2.9048964977264404,2.9239931106567383,2.8843576908111572,3.151319980621338,3.4282689094543457,3.397413969039917,3.4604475498199463,3.6499598026275635
