,A1,A2,A3,A4,A5,A6,A7,A8,A9,A10,A11,A12,A13,A14,A15,B1,B2,B3,B4,B5,B6,B7,B8,B9,B10,B11,B12,B13,B14,B15,C1,C2,C3,C4,C5,C6,C7,C8,C9,C10,C11,C12,C13,C14,C15,D1,D2,D3,D4,D5,D6,D7,D8,D9,D10,D11,D12,D13,D14,D15,E1,E2,E3,E4,E5,E6,E7,E8,E9,E10,E11,E12,E13,E14,E15
A1,0.0,0.39775532484054565,0.6059957146644592,0.9045971035957336,1.2095839977264404,1.3950755596160889,1.428890585899353,1.6594544649124146,1.9865477085113525,2.1102850437164307,2.340585470199585,2.6775968074798584,3.00884747505188,3.346726894378662,3.6197338104248047,2.84704327583313,2.845773220062256,2.9622623920440674,2.922428607940674,3.3026976585388184,3.2701003551483154,3.292046546936035,3.6702122688293457,3.6216673851013184,3.979029655456543,4.034303188323975,4.373112678527832,4.691285133361816,4.850903511047363,4.888558387756348,2.416149616241455,2.5453543663024902,2.912440061569214,2.8787100315093994,3.0912885665893555,3.273500680923462,3.6038095951080322,3.7977144718170166,3.834033727645874,4.183359146118164,4.379621982574463,4.54883337020874,4.868258953094482,5.210761070251465,5.487912654876709,2.822343587875366,2.562816858291626,2.5458154678344727,2.320875883102417,2.384411096572876,2.376477003097534,2.6311731338500977,2.9431629180908203,3.2161335945129395,3.51572585105896,3.7978122234344482,4.166409015655518,4.484169960021973,4.820336818695068,5.156680583953857,3.4882731437683105,3.4496355056762695,3.6587376594543457,3.520355463027954,3.423964500427246,3.5748815536499023,3.9501543045043945,4.010493278503418,3.901463747024536,4.233017444610596,4.522907257080078,4.655364513397217,4.803965091705322,5.167412757873535,5.474002838134766
A2,0.39775532484054565,0.0,0.3755972385406494,0.6202195286750793,0.872225284576416,1.09257173538208,1.190869688987732,1.389973521232605,1.703244924545288,1.8831284046173096,2.1157875061035156,2.4407224655151367,2.760218858718872,3.0887014865875244,3.3509879112243652,2.4711811542510986,2.4572713375091553,2.5658836364746094,2.527250289916992,2.907684803009033,2.8835160732269287,2.908818006515503,3.285731792449951,3.249803304672241,3.6116158962249756,3.67075777053833,4.01497220993042,4.330442905426025,4.494674205780029,4.53680944442749,2.0221869945526123,2.148710250854492,2.5161068439483643,2.491274833679199,2.708009958267212,2.898686647415161,3.2279272079467773,3.4276907444000244,3.479778289794922,3.8336620330810547,4.032981872558594,4.217131614685059,4.540017604827881,4.875881195068359,5.152117729187012,2.5242247581481934,2.2559659481048584,2.2731399536132812,2.0390148162841797,2.150751829147339,2.1419851779937744,2.431087017059326,2.7467081546783447,3.0436785221099854,3.3427860736846924,3.638760566711426,3.999558210372925,4.314844131469727,4.643972873687744,4.969178199768066,3.216796398162842,3.1532649993896484,3.3571062088012695,3.1944785118103027,3.1090128421783447,3.2405760288238525,3.617248058319092,3.7014477252960205,3.5902018547058105,3.910013437271118,4.210115432739258,4.340847969055176,4.473450183868408,4.8364105224609375,5.139723300933838
A3,0.6059957146644592,0.3755972385406494,0.0,0.40890711545944214,0.6360015869140625,0.8712096810340881,0.877058207988739,1.0608088970184326,1.3943127393722534,1.5447300672531128,1.7633851766586304,2.093000888824463,2.4202518463134766,2.7534968852996826,3.020873785018921,2.428975820541382,2.43503999710083,2.511859893798828,2.5137224197387695,2.8856093883514404,2.885019302368164,2.875882148742676,3.238769292831421,3.1938281059265137,3.5514333248138428,3.573503255844116,3.9192025661468506,4.222012996673584,4.358603477478027,4.3721160888671875,1.9186903238296509,2.1101434230804443,2.4882097244262695,2.5215351581573486,2.754910945892334,2.9711124897003174,3.2952802181243896,3.505948305130005,3.5890870094299316,3.9527759552001953,4.147359371185303,4.355403423309326,4.686043739318848,5.011179447174072,5.278417110443115,2.6603615283966064,2.4124207496643066,2.4827053546905518,2.264216423034668,2.4225289821624756,2.4217116832733154,2.7318501472473145,3.0464868545532227,3.3565165996551514,3.6524288654327393,3.955963373184204,4.311219215393066,4.623450756072998,4.947643280029297,5.265203475952148,3.444990396499634,3.3597824573516846,3.5582051277160645,3.3634698390960693,3.2883448600769043,3.382294178009033,3.7600605487823486,3.8748838901519775,3.745781898498535,4.043274879455566,4.362630844116211,4.4741902351379395,4.578834056854248,4.9425530433654785,5.250001430511475
A4,0.9045971035957336,0.6202195286750793,0.40890711545944214,0.0,0.39079758524894714,0.49126920104026794,0.5970794558525085,0.8605825304985046,1.1328641176223755,1.3052606582641602,1.5771348476409912,1.9032249450683594,2.209620237350464,2.541483163833618,2.8268985748291016,2.341367483139038,2.2960028648376465,2.3161141872406006,2.2877044677734375,2.6401002407073975,2.6095986366271973,2.5642194747924805,2.923215866088867,2.8486313819885254,3.1976258754730225,3.2098329067230225,3.5487258434295654,3.854687452316284,3.989710569381714,4.007460117340088,1.6698349714279175,1.8682854175567627,2.253406286239624,2.297781467437744,2.573491096496582,2.7673912048339844,3.1029794216156006,3.3450498580932617,3.4627206325531006,3.8185460567474365,4.037884712219238,4.26360559463501,4.587006568908691,4.899313449859619,5.177486419677734,2.700873374938965,2.428317070007324,2.5162925720214844,2.2602920532226562,2.4409408569335938,2.389850616455078,2.7082254886627197,3.0024495124816895,3.338757038116455,3.605599880218506,3.929990768432617,4.280768871307373,4.5755205154418945,4.895670413970947,5.208640098571777,3.4055495262145996,3.2777488231658936,3.438601016998291,3.212296724319458,3.1115028858184814,3.16499400138855,3.543574333190918,3.6665093898773193,3.505042552947998,3.7853453159332275,4.119582176208496,4.203578948974609,4.293270587921143,4.658614158630371,4.977371692657471
A5,1.2095839977264404,0.872225284576416,0.6360015869140625,0.39079758524894714,0.0,0.3775157630443573,0.5179404616355896,0.599823534488678,0.8618311882019043,1.119794487953186,1.351059913635254,1.649392008781433,1.9440237283706665,2.2603557109832764,2.5214805603027344,2.0071232318878174,1.977522611618042,1.9866373538970947,2.0014939308166504,2.3513448238372803,2.362776279449463,2.3179328441619873,2.6643152236938477,2.618084669113159,2.9725613594055176,2.9735546112060547,3.323035955429077,3.615417957305908,3.742445230484009,3.7489805221557617,1.3368322849273682,1.577398657798767,1.9598753452301025,2.051863431930542,2.3184280395507812,2.54496693611145,2.8637382984161377,3.1008799076080322,3.2376675605773926,3.601750135421753,3.807499647140503,4.051773548126221,4.38220739364624,4.684000492095947,4.948826789855957,2.5088462829589844,2.259742021560669,2.40299654006958,2.1754965782165527,2.4112932682037354,2.388795852661133,2.7329978942871094,3.0284810066223145,3.3715059757232666,3.6436779499053955,3.9677445888519287,4.303371429443359,4.5980939865112305,4.905959606170654,5.201961517333984,3.3009984493255615,3.1574254035949707,3.322848320007324,3.0716164112091064,3.0047590732574463,3.032150983810425,3.4044573307037354,3.566209554672241,3.41243052482605,3.6700265407562256,4.013841152191162,4.099051475524902,4.161307334899902,4.521669387817383,4.829654216766357
A6,1.3950755596160889,1.09257173538208,0.8712096810340881,0.49126920104026794,0.3775157630443573,0.0,0.3766561448574066,0.6093075275421143,0.7465695142745972,0.9663181304931641,1.2688958644866943,1.5668610334396362,1.8385814428329468,2.1583218574523926,2.4514377117156982,2.192086935043335,2.1117796897888184,2.0558114051818848,2.030735969543457,2.347993850708008,2.3141331672668457,2.21590518951416,2.553597927093506,2.4561352729797363,2.79337215423584,2.773733377456665,3.1093218326568604,3.406287431716919,3.52435040473938,3.529707193374634,1.354726791381836,1.5984903573989868,1.979133129119873,2.07743763923645,2.389678716659546,2.579620122909546,2.910004138946533,3.1793758869171143,3.345827579498291,3.6958656311035156,3.927476406097412,4.182056903839111,4.501197338104248,4.791301727294922,5.068392276763916,2.767237901687622,2.497708797454834,2.634312391281128,2.3721542358398438,2.599745988845825,2.524637222290039,2.8579893112182617,3.130148410797119,3.488607168197632,3.729567050933838,4.069194793701172,4.4047346115112305,4.681540489196777,4.9890618324279785,5.2863874435424805,3.4542229175567627,3.2790863513946533,3.4045755863189697,3.132934331893921,3.0286757946014404,3.019219398498535,3.3900556564331055,3.5463273525238037,3.354100465774536,3.5965051651000977,3.952153205871582,4.00315523147583,4.055570602416992,4.417757034301758,4.741825580596924
A7,1.428890585899353,1.190869688987732,0.877058207988739,0.5970794558525085,0.5179404616355896,0.3766561448574066,0.0,0.4032587707042694,0.6140460968017578,0.712807297706604,1.008774757385254,1.3395994901657104,1.643254041671753,1.9827747344970703,2.2900149822235107,2.3846194744110107,2.3494954109191895,2.294069766998291,2.3176748752593994,2.6279618740081787,2.623476505279541,2.5092718601226807,2.827298641204834,2.727203369140625,3.053178548812866,2.997077703475952,3.327258586883545,3.607056140899658,3.6920387744903564,3.662165641784668,1.5930627584457397,1.8849350214004517,2.25924015045166,2.3947513103485107,2.6948163509368896,2.907745599746704,3.2264671325683594,3.4872989654541016,3.656832218170166,4.0142717361450195,4.230878829956055,4.490869998931885,4.816882610321045,5.105437278747559,5.3713459968566895,3.0086073875427246,2.764064073562622,2.91445255279541,2.676757574081421,2.9069623947143555,2.856274127960205,3.1912038326263428,3.473693609237671,3.8253097534179688,4.07778263092041,4.412309646606445,4.751302242279053,5.034769535064697,5.344542503356934,5.643626689910889,3.7828476428985596,3.6189568042755127,3.7579970359802246,3.486318588256836,3.3949146270751953,3.3829808235168457,3.7517151832580566,3.9166386127471924,3.724715232849121,3.960231304168701,4.319144248962402,4.364986419677734,4.406839370727539,4.767043590545654,5.090598106384277
A8,1.6594544649124146,1.389973521232605,1.0608088970184326,0.8605825304985046,0.599823534488678,0.6093075275421143,0.4032587707042694,0.0,0.36583825945854187,0.5709143877029419,0.7537960410118103,1.0599840879440308,1.3710486888885498,1.6996712684631348,1.975421667098999,2.1427676677703857,2.149995803833008,2.0945444107055664,2.184274911880493,2.4872865676879883,2.5407514572143555,2.4343409538269043,2.730551242828369,2.669363260269165,2.9973104000091553,2.924787998199463,3.2643871307373047,3.522691488265991,3.5916996002197266,3.5403213500976562,1.4238178730010986,1.7636314630508423,2.1195406913757324,2.3077311515808105,2.5797841548919678,2.83168363571167,3.123763084411621,3.366931915283203,3.5460293292999268,3.911731243133545,4.103593826293945,4.376928329467773,4.71106481552124,4.9904279708862305,5.236383438110352,2.8855879306793213,2.679080009460449,2.8763267993927,2.6806838512420654,2.9509084224700928,2.9407784938812256,3.2940242290496826,3.5831713676452637,3.931842565536499,4.1977667808532715,4.5250444412231445,4.8511528968811035,5.1397624015808105,5.438933372497559,5.722959995269775,3.7688612937927246,3.604238510131836,3.7583208084106445,3.4735898971557617,3.4236819744110107,3.397784948348999,3.756948471069336,3.957069158554077,3.7827343940734863,3.9989564418792725,4.361505031585693,4.4154744148254395,4.432856559753418,4.785669326782227,5.093793869018555
A9,1.9865477085113525,1.703244924545288,1.3943127393722534,1.1328641176223755,0.8618311882019043,0.7465695142745972,0.6140460968017578,0.36583825945854187,0.0,0.38705968856811523,0.5839557647705078,0.8352999091148376,1.1007391214370728,1.4196351766586304,1.7101399898529053,2.145524024963379,2.1225383281707764,2.003309965133667,2.094257116317749,2.3550026416778564,2.404367208480835,2.2540242671966553,2.520231008529663,2.438908338546753,2.7469236850738525,2.642087936401367,2.972364902496338,3.2177655696868896,3.266932725906372,3.2004315853118896,1.323508858680725,1.685518741607666,2.017102003097534,2.2429311275482178,2.5348198413848877,2.774296760559082,3.0563602447509766,3.317081928253174,3.5298755168914795,3.884805917739868,4.085725784301758,4.376519203186035,4.703187942504883,4.9640398025512695,5.209137439727783,3.0172033309936523,2.8117074966430664,3.029723644256592,2.8270905017852783,3.115330696105957,3.083787441253662,3.43863844871521,3.7095892429351807,4.069639205932617,4.314556121826172,4.650570392608643,4.966228485107422,5.240218639373779,5.530473709106445,5.804120063781738,3.858083963394165,3.6630501747131348,3.7883188724517822,3.4773826599121094,3.4218533039093018,3.352351427078247,3.6999003887176514,3.918281078338623,3.722592353820801,3.9085843563079834,4.281891345977783,4.309359550476074,4.299540042877197,4.6463422775268555,4.956881046295166
A10,2.1102850437164307,1.8831284046173096,1.5447300672531128,1.3052606582641602,1.119794487953186,0.9663181304931641,0.712807297706604,0.5709143877029419,0.38705968856811523,0.0,0.36474111676216125,0.6695011854171753,0.957049548625946,1.3028011322021484,1.6351712942123413,2.5156373977661133,2.5022408962249756,2.372016429901123,2.464337110519409,2.708338737487793,2.7471561431884766,2.5694401264190674,2.8173439502716064,2.705775260925293,2.9898622035980225,2.850827693939209,3.1603875160217285,3.3924407958984375,3.408477544784546,3.312232255935669,1.6973084211349487,2.059386730194092,2.3839497566223145,2.614391565322876,2.91399884223938,3.1455225944519043,3.4281716346740723,3.6944665908813477,3.913058042526245,4.265561103820801,4.468582630157471,4.761438369750977,5.086894989013672,5.344868183135986,5.5895185470581055,3.3893957138061523,3.1852457523345947,3.3954246044158936,3.1878464221954346,3.4632346630096436,3.423478126525879,3.7722084522247314,4.043633460998535,4.404421806335449,4.646058559417725,4.985267639160156,5.307847499847412,5.5806565284729,5.875912189483643,6.155849933624268,4.233981132507324,4.039772987365723,4.1600823402404785,3.848677158355713,3.7794089317321777,3.703253746032715,4.050480365753174,4.262079238891602,4.050538063049316,4.2318220138549805,4.608797550201416,4.618663787841797,4.604171276092529,4.950319290161133,5.2689127922058105
A11,2.340585470199585,2.1157875061035156,1.7633851766586304,1.5771348476409912,1.351059913635254,1.2688958644866943,1.008774757385254,0.7537960410118103,0.5839557647705078,0.36474111676216125,0.0,0.3488111197948456,0.6842411160469055,1.0317015647888184,1.3431559801101685,2.5179736614227295,2.5476343631744385,2.4203481674194336,2.5678884983062744,2.7974870204925537,2.8822576999664307,2.7097694873809814,2.9305405616760254,2.847428560256958,3.1226093769073486,2.9622275829315186,3.2694900035858154,3.474473714828491,3.4642863273620605,3.3374674320220947,1.800602674484253,2.1852641105651855,2.4840190410614014,2.7511911392211914,3.022712469100952,3.281299352645874,3.539008378982544,3.787095308303833,4.0099897384643555,4.366511821746826,4.54612398147583,4.847055912017822,5.177788734436035,5.427306652069092,5.652847766876221,3.463456153869629,3.2936348915100098,3.531939744949341,3.358109951019287,3.6535725593566895,3.644423007965088,4.002346515655518,4.280468940734863,4.636078357696533,4.889513969421387,5.221797943115234,5.537252426147461,5.815367221832275,6.104444980621338,6.375164985656738,4.392819881439209,4.20378303527832,4.337400436401367,4.021115303039551,3.981788396835327,3.898786783218384,4.23701286315918,4.471319675445557,4.273129463195801,4.440288066864014,4.817927837371826,4.8324174880981445,4.799567699432373,5.138192176818848,5.444409370422363
A12,2.6775968074798584,2.4407224655151367,2.093000888824463,1.9032249450683594,1.649392008781433,1.5668610334396362,1.3395994901657104,1.0599840879440308,0.8352999091148376,0.6695011854171753,0.3488111197948456,0.0,0.3474372625350952,0.6878737211227417,0.9973787665367126,2.562265157699585,2.601217746734619,2.4459779262542725,2.624142646789551,2.8159823417663574,2.925560474395752,2.73698091506958,2.9174046516418457,2.8433189392089844,3.0944271087646484,2.9033584594726562,3.196898937225342,3.371648073196411,3.3303778171539307,3.1733131408691406,1.88267982006073,2.2736892700195312,2.5341689586639404,2.8358922004699707,3.09474778175354,3.358729839324951,3.5917792320251465,3.834747791290283,4.076030731201172,4.425604343414307,4.5943217277526855,4.907605171203613,5.235145092010498,5.467464923858643,5.6794304847717285,3.600972890853882,3.4525182247161865,3.715193033218384,3.5580153465270996,3.872087240219116,3.8696532249450684,4.231991291046143,4.503391265869141,4.8605194091796875,5.108962059020996,5.440661907196045,5.745099067687988,6.017630577087402,6.297140598297119,6.555628776550293,4.549281597137451,4.348435878753662,4.473793983459473,4.14342737197876,4.119669437408447,4.010682582855225,4.333773136138916,4.5897908210754395,4.390340328216553,4.531081199645996,4.9117913246154785,4.914803504943848,4.855675220489502,5.183516979217529,5.480975151062012
A13,3.00884747505188,2.760218858718872,2.4202518463134766,2.209620237350464,1.9440237283706665,1.8385814428329468,1.643254041671753,1.3710486888885498,1.1007391214370728,0.957049548625946,0.6842411160469055,0.3474372625350952,0.0,0.3506491184234619,0.6955443620681763,2.6669163703918457,2.6958096027374268,2.503859519958496,2.692073106765747,2.839327812194824,2.9568114280700684,2.7439301013946533,2.8810248374938965,2.8030102252960205,3.0219624042510986,2.7978579998016357,3.0697875022888184,3.2141640186309814,3.1399285793304443,2.9537193775177,1.9911823272705078,2.374906539916992,2.59651255607605,2.92246675491333,3.177854299545288,3.4334444999694824,3.6459038257598877,3.8908793926239014,4.153506755828857,4.490747928619385,4.656986713409424,4.981661319732666,5.301513671875,5.514925956726074,5.718552589416504,3.7812585830688477,3.642882823944092,3.9210433959960938,3.7684149742126465,4.094613552093506,4.085901260375977,4.448441028594971,4.707981109619141,5.068902969360352,5.304953575134277,5.638944149017334,5.932905673980713,6.195345401763916,6.465613842010498,6.713025093078613,4.710134983062744,4.492271900177002,4.59998083114624,4.2548346519470215,4.235693454742432,4.096535682678223,4.403220176696777,4.675095081329346,4.467087745666504,4.579390525817871,4.962906837463379,4.94726037979126,4.862244606018066,5.178533554077148,5.470431804656982
A14,3.346726894378662,3.0887014865875244,2.7534968852996826,2.541483163833618,2.2603557109832764,2.1583218574523926,1.9827747344970703,1.6996712684631348,1.4196351766586304,1.3028011322021484,1.0317015647888184,0.6878737211227417,0.3506491184234619,0.0,0.3744122385978699,2.7736241817474365,2.8082313537597656,2.595338821411133,2.8050971031188965,2.9118294715881348,3.0497090816497803,2.827242136001587,2.9201223850250244,2.8538613319396973,3.0423080921173096,2.792124032974243,3.0423214435577393,3.1499834060668945,3.042360782623291,2.8247549533843994,2.1542623043060303,2.5271663665771484,2.706800699234009,3.05515456199646,3.2935192584991455,3.5486085414886475,3.734135627746582,3.9707863330841064,4.247848987579346,4.574087142944336,4.728611469268799,5.062236309051514,5.375953197479248,5.5706467628479,5.759780406951904,3.9497549533843994,3.830940008163452,4.126769542694092,3.989295482635498,4.3284220695495605,4.325077056884766,4.6888251304626465,4.940657138824463,5.300970554351807,5.531099319458008,5.863039970397949,6.145498752593994,6.40148401260376,6.661644458770752,6.896492958068848,4.883397102355957,4.65618371963501,4.754855632781982,4.400021553039551,4.3952860832214355,4.233644962310791,4.522488594055176,4.812152862548828,4.605177879333496,4.691262722015381,5.07399845123291,5.047648906707764,4.937781810760498,5.240501403808594,5.521153926849365
A15,3.6197338104248047,3.3509879112243652,3.020873785018921,2.8268985748291016,2.5214805603027344,2.4514377117156982,2.2900149822235107,1.975421667098999,1.7101399898529053,1.6351712942123413,1.3431559801101685,0.9973787665367126,0.6955443620681763,0.3744122385978699,0.0,2.7881908416748047,2.8495728969573975,2.6388096809387207,2.8862149715423584,2.965607166290283,3.1415510177612305,2.933306932449341,2.9920408725738525,2.961583137512207,3.1340858936309814,2.877812623977661,3.1175858974456787,3.1922457218170166,3.0661368370056152,2.8287298679351807,2.2875118255615234,2.649710178375244,2.788938522338867,3.157144069671631,3.361520528793335,3.629441738128662,3.7826595306396484,3.9970898628234863,4.277111530303955,4.596673965454102,4.727300643920898,5.065719127655029,5.3770575523376465,5.556390762329102,5.7240729331970215,4.008246421813965,3.92096209526062,4.237515449523926,4.129216194152832,4.4828715324401855,4.500782012939453,4.867547988891602,5.117748737335205,5.4714741706848145,5.705424785614014,6.02923059463501,6.2991461753845215,6.554655075073242,6.804107189178467,7.025071144104004,4.979801177978516,4.754467964172363,4.857752799987793,4.500871181488037,4.5243096351623535,4.353991508483887,4.626118183135986,4.935480117797852,4.744438171386719,4.812207221984863,5.189647197723389,5.168068885803223,5.039450645446777,5.32896089553833,5.591476917266846
B1,2.84704327583313,2.4711811542510986,2.428975820541382,2.341367483139038,2.0071232318878174,2.192086935043335,2.3846194744110107,2.1427676677703857,2.145524024963379,2.5156373977661133,2.5179736614227295,2.562265157699585,2.6669163703918457,2.7736241817474365,2.7881908416748047,0.0,0.38147029280662537,0.6830645203590393,0.9880808591842651,1.228745698928833,1.5460482835769653,1.7409460544586182,1.9422181844711304,2.197133779525757,2.5219838619232178,2.622114658355713,2.96663236618042,3.170522689819336,3.3483548164367676,3.404454231262207,1.0831438302993774,1.0336394309997559,1.0015228986740112,1.168731689453125,1.0572224855422974,1.44379460811615,1.5293567180633545,1.589289903640747,1.7213730812072754,2.0929436683654785,2.164591073989868,2.4528276920318604,2.801614284515381,3.0554466247558594,3.236015558242798,1.3123546838760376,1.3073097467422485,1.6813889741897583,1.7249494791030884,2.1152615547180176,2.2619664669036865,2.601311206817627,2.8308799266815186,3.107404947280884,3.37548828125,3.626013994216919,3.837038278579712,4.1107916831970215,4.324800491333008,4.5086283683776855,2.3353283405303955,2.178136110305786,2.382873773574829,2.1114048957824707,2.302257776260376,2.2872653007507324,2.537898540496826,2.8466382026672363,2.853081226348877,3.0028090476989746,3.29215145111084,3.4622654914855957,3.440220594406128,3.7281100749969482,3.9133286476135254
B2,2.845773220062256,2.4572713375091553,2.43503999710083,2.2960028648376465,1.977522611618042,2.1117796897888184,2.3494954109191895,2.149995803833008,2.1225383281707764,2.5022408962249756,2.5476343631744385,2.601217746734619,2.6958096027374268,2.8082313537597656,2.8495728969573975,0.38147029280662537,0.0,0.38777488470077515,0.6155831217765808,0.877402663230896,1.1722159385681152,1.3867753744125366,1.6051348447799683,1.85960853099823,2.189539670944214,2.3188233375549316,2.6621479988098145,2.8832225799560547,3.087090253829956,3.1737849712371826,0.898301362991333,0.7345184087753296,0.642680823802948,0.7914326786994934,0.7078461050987244,1.0913703441619873,1.214091181755066,1.3370147943496704,1.5155192613601685,1.8840464353561401,2.0141689777374268,2.315765142440796,2.6535418033599854,2.9056334495544434,3.1188864707946777,1.3783687353134155,1.293444275856018,1.6365411281585693,1.6136871576309204,2.0005085468292236,2.0880770683288574,2.4223456382751465,2.6279752254486084,2.9238975048065186,3.1621596813201904,3.430314779281616,3.6405985355377197,3.897880792617798,4.112185001373291,4.298235893249512,2.1784331798553467,1.9715708494186401,2.1309354305267334,1.8254408836364746,1.9873559474945068,1.9406425952911377,2.1993632316589355,2.5125374794006348,2.4964792728424072,2.6411144733428955,2.942204475402832,3.098992109298706,3.0766942501068115,3.372343063354492,3.571744918823242
B3,2.9622623920440674,2.5658836364746094,2.511859893798828,2.3161141872406006,1.9866373538970947,2.0558114051818848,2.294069766998291,2.0945444107055664,2.003309965133667,2.372016429901123,2.4203481674194336,2.4459779262542725,2.503859519958496,2.595338821411133,2.6388096809387207,0.6830645203590393,0.38777488470077515,0.0,0.40833789110183716,0.6034697890281677,0.9231254458427429,1.0712180137634277,1.267183780670166,1.5152721405029297,1.840012550354004,1.9461408853530884,2.291355609893799,2.5086207389831543,2.704395294189453,2.787490129470825,0.7223461866378784,0.5653411746025085,0.38061532378196716,0.6979712843894958,0.7428934574127197,1.0695512294769287,1.2039257287979126,1.3990567922592163,1.6538143157958984,1.9920251369476318,2.1568007469177246,2.4809041023254395,2.798330545425415,3.0220682621002197,3.2431204319000244,1.7523326873779297,1.6389673948287964,1.9585596323013306,1.883868932723999,2.260244369506836,2.2911298274993896,2.622474431991577,2.808809757232666,3.1253154277801514,3.332362413406372,3.619009017944336,3.828278064727783,4.065685272216797,4.277140140533447,4.46054220199585,2.4178357124328613,2.1672251224517822,2.266718626022339,1.9204248189926147,2.0375235080718994,1.916517972946167,2.1704180240631104,2.501945972442627,2.4350321292877197,2.543179512023926,2.870136022567749,2.981321096420288,2.9250168800354004,3.222616195678711,3.4385931491851807
B4,2.922428607940674,2.527250289916992,2.5137224197387695,2.2877044677734375,2.0014939308166504,2.030735969543457,2.3176748752593994,2.184274911880493,2.094257116317749,2.464337110519409,2.5678884983062744,2.624142646789551,2.692073106765747,2.8050971031188965,2.8862149715423584,0.9880808591842651,0.6155831217765808,0.40833789110183716,0.0,0.39562729001045227,0.5775812268257141,0.7883781790733337,1.0525227785110474,1.28049898147583,1.6218153238296509,1.787866234779358,2.128868579864502,2.380707263946533,2.6188459396362305,2.74857234954834,0.7750852108001709,0.43337202072143555,0.10384803265333176,0.3119698464870453,0.5116965770721436,0.7517600059509277,0.9716881513595581,1.244188666343689,1.5120600461959839,1.8332958221435547,2.060147762298584,2.372849225997925,2.673475980758667,2.9049558639526367,3.162900447845459,1.7843067646026611,1.6052333116531372,1.8689422607421875,1.7324106693267822,2.0818705558776855,2.0520105361938477,2.3664205074310303,2.526073694229126,2.8553545475006104,3.0326201915740967,3.333218574523926,3.544203519821167,3.767038345336914,3.9820244312286377,4.172711372375488,2.218005657196045,1.931992530822754,1.985572338104248,1.6195437908172607,1.686783790588379,1.5457944869995117,1.8200815916061401,2.1379549503326416,2.04701566696167,2.168748378753662,2.505666971206665,2.6115341186523438,2.5753979682922363,2.8885176181793213,3.124859094619751
B5,3.3026976585388184,2.907684803009033,2.8856093883514404,2.6401002407073975,2.3513448238372803,2.347993850708008,2.6279618740081787,2.4872865676879883,2.3550026416778564,2.708338737487793,2.7974870204925537,2.8159823417663574,2.839327812194824,2.9118294715881348,2.965607166290283,1.228745698928833,0.877402663230896,0.6034697890281677,0.39562729001045227,0.0,0.400028258562088,0.6258733868598938,0.7604506015777588,1.0690444707870483,1.3622628450393677,1.5491943359375,1.86533784866333,2.090629816055298,2.341597318649292,2.4930107593536377,1.0674275159835815,0.7772486209869385,0.4029759466648102,0.5423392057418823,0.6284366250038147,0.7382070422172546,0.8482946157455444,1.136662483215332,1.4683326482772827,1.7354373931884766,1.967748999595642,2.2997934818267822,2.5727503299713135,2.762721061706543,3.0136501789093018,2.0473666191101074,1.9000295400619507,2.1589109897613525,2.0393598079681396,2.3739476203918457,2.327207326889038,2.61344575881958,2.7334868907928467,3.051447868347168,3.1911847591400146,3.4837536811828613,3.664309024810791,3.8582568168640137,4.04824686050415,4.212185859680176,2.350916624069214,2.036677598953247,2.0320284366607666,1.6479204893112183,1.7246061563491821,1.5042959451675415,1.7167836427688599,2.0709080696105957,1.9717518091201782,2.022207736968994,2.3580665588378906,2.4352118968963623,2.348994255065918,2.6411380767822266,2.8633508682250977
B6,3.2701003551483154,2.8835160732269287,2.885019302368164,2.6095986366271973,2.362776279449463,2.3141331672668457,2.623476505279541,2.5407514572143555,2.404367208480835,2.7471561431884766,2.8822576999664307,2.925560474395752,2.9568114280700684,3.0497090816497803,3.1415510177612305,1.5460482835769653,1.1722159385681152,0.9231254458427429,0.5775812268257141,0.400028258562088,0.0,0.37467220425605774,0.6056705713272095,0.8379746079444885,1.1461715698242188,1.392515778541565,1.6984708309173584,1.9650973081588745,2.251986503601074,2.443864107131958,1.1782015562057495,0.853496789932251,0.5896685719490051,0.5368489623069763,0.7581565380096436,0.688793957233429,0.8875446915626526,1.2385977506637573,1.5594342947006226,1.790502667427063,2.079233169555664,2.3885881900787354,2.636350393295288,2.8285484313964844,3.1125576496124268,2.2161474227905273,2.0146946907043457,2.2173852920532227,2.0369091033935547,2.3329861164093018,2.220130681991577,2.4839248657226562,2.576349973678589,2.9078547954559326,3.0121514797210693,3.3216631412506104,3.5080785751342773,3.6841413974761963,3.8803694248199463,4.055450439453125,2.3263044357299805,1.9853698015213013,1.9238619804382324,1.5285990238189697,1.5185208320617676,1.255265235900879,1.489469289779663,1.817392110824585,1.6621389389038086,1.7193917036056519,2.0786683559417725,2.12772798538208,2.0582432746887207,2.373953104019165,2.6318509578704834
B7,3.292046546936035,2.908818006515503,2.875882148742676,2.5642194747924805,2.3179328441619873,2.21590518951416,2.5092718601226807,2.4343409538269043,2.2540242671966553,2.5694401264190674,2.7097694873809814,2.73698091506958,2.7439301013946533,2.827242136001587,2.933306932449341,1.7409460544586182,1.3867753744125366,1.0712180137634277,0.7883781790733337,0.6258733868598938,0.37467220425605774,0.0,0.3888280689716339,0.5032179951667786,0.8550367951393127,1.059482216835022,1.3874849081039429,1.6736985445022583,1.9465419054031372,2.128373622894287,1.155734896659851,0.9246370196342468,0.7515024542808533,0.8211305737495422,1.1036921739578247,1.0597881078720093,1.252987027168274,1.600376009941101,1.9300625324249268,2.149538516998291,2.437500238418579,2.7506282329559326,2.989198923110962,3.1657261848449707,3.4458298683166504,2.527488946914673,2.3145947456359863,2.519848346710205,2.3136157989501953,2.60697865486145,2.470731735229492,2.740976095199585,2.838759660720825,3.184943437576294,3.280087471008301,3.603586196899414,3.8017258644104004,3.9709675312042236,4.173484802246094,4.355947971343994,2.6779472827911377,2.3358113765716553,2.2614328861236572,1.867184042930603,1.8105379343032837,1.5247366428375244,1.7542181015014648,2.0604090690612793,1.847843050956726,1.8801734447479248,2.257209062576294,2.2465691566467285,2.1500775814056396,2.46706223487854,2.7493066787719727
B8,3.6702122688293457,3.285731792449951,3.238769292831421,2.923215866088867,2.6643152236938477,2.553597927093506,2.827298641204834,2.730551242828369,2.520231008529663,2.8173439502716064,2.9305405616760254,2.9174046516418457,2.8810248374938965,2.9201223850250244,2.9920408725738525,1.9422181844711304,1.6051348447799683,1.267183780670166,1.0525227785110474,0.7604506015777588,0.6056705713272095,0.3888280689716339,0.0,0.3843395709991455,0.6049109697341919,0.8269630074501038,1.1192749738693237,1.3656022548675537,1.6505571603775024,1.8542194366455078,1.4544203281402588,1.2542892694473267,1.0168335437774658,1.1193957328796387,1.3172248601913452,1.2453787326812744,1.3398061990737915,1.6599925756454468,2.017564296722412,2.189901828765869,2.4636471271514893,2.7869555950164795,2.9995646476745605,3.1336328983306885,3.3963916301727295,2.7815706729888916,2.600447416305542,2.818448781967163,2.6383168697357178,2.9329006671905518,2.8029725551605225,3.058027505874634,3.1329760551452637,3.465416669845581,3.5380570888519287,3.84969162940979,4.021094799041748,4.1681671142578125,4.347106456756592,4.503535747528076,2.8925676345825195,2.540444850921631,2.4350171089172363,2.0403363704681396,2.0062835216522217,1.6738364696502686,1.8315887451171875,2.160916805267334,1.951001763343811,1.9036831855773926,2.266878366470337,2.2195003032684326,2.059948682785034,2.3432745933532715,2.6055853366851807
B9,3.6216673851013184,3.249803304672241,3.1938281059265137,2.8486313819885254,2.618084669113159,2.4561352729797363,2.727203369140625,2.669363260269165,2.438908338546753,2.705775260925293,2.847428560256958,2.8433189392089844,2.8030102252960205,2.8538613319396973,2.961583137512207,2.197133779525757,1.85960853099823,1.5152721405029297,1.28049898147583,1.0690444707870483,0.8379746079444885,0.5032179951667786,0.3843395709991455,0.0,0.3769897222518921,0.5847880244255066,0.8974339962005615,1.2061189413070679,1.4926091432571411,1.7051182985305786,1.5306470394134521,1.376429557800293,1.2332786321640015,1.3220510482788086,1.5898326635360718,1.501788854598999,1.6495354175567627,1.988885760307312,2.3334851264953613,2.5041446685791016,2.798391103744507,3.1104214191436768,3.3162598609924316,3.4550647735595703,3.731759548187256,3.0296995639801025,2.8156492710113525,3.011331796646118,2.790104866027832,3.065714120864868,2.8977229595184326,3.148507833480835,3.221360683441162,3.568218469619751,3.626251459121704,3.9541609287261963,4.141902446746826,4.282251834869385,4.473507881164551,4.6461358070373535,3.110468864440918,2.7548532485961914,2.6335175037384033,2.2432236671447754,2.146124839782715,1.811195731163025,1.9879350662231445,2.2735791206359863,2.007737159729004,1.968193531036377,2.344895601272583,2.250272035598755,2.099717855453491,2.395272731781006,2.69295334815979
B10,3.979029655456543,3.6116158962249756,3.5514333248138428,3.1976258754730225,2.9725613594055176,2.79337215423584,3.053178548812866,2.9973104000091553,2.7469236850738525,2.9898622035980225,3.1226093769073486,3.0944271087646484,3.0219624042510986,3.0423080921173096,3.1340858936309814,2.5219838619232178,2.189539670944214,1.840012550354004,1.6218153238296509,1.3622628450393677,1.1461715698242188,0.8550367951393127,0.6049109697341919,0.3769897222518921,0.0,0.37571680545806885,0.5739445090293884,0.8764596581459045,1.2008310556411743,1.4651490449905396,1.8929634094238281,1.746830701828003,1.5785820484161377,1.660921573638916,1.893592119216919,1.7709788084030151,1.8688175678253174,2.1899547576904297,2.5419673919677734,2.6679394245147705,2.9598591327667236,3.2683358192443848,3.4441490173339844,3.547839641571045,3.816772222518921,3.35823392868042,3.154245138168335,3.3459033966064453,3.1294472217559814,3.395033836364746,3.215787172317505,3.447312831878662,3.4950976371765137,3.832425832748413,3.8613483905792236,4.182673931121826,4.350274085998535,4.465239524841309,4.638228416442871,4.792501926422119,3.3674092292785645,3.0026299953460693,2.846376657485962,2.462977170944214,2.359729051589966,1.9930073022842407,2.1125824451446533,2.3911640644073486,2.112738847732544,2.0068976879119873,2.3647232055664062,2.217867851257324,2.017167568206787,2.278294324874878,2.5687196254730225
B11,4.034303188323975,3.67075777053833,3.573503255844116,3.2098329067230225,2.9735546112060547,2.773733377456665,2.997077703475952,2.924787998199463,2.642087936401367,2.850827693939209,2.9622275829315186,2.9033584594726562,2.7978579998016357,2.792124032974243,2.877812623977661,2.622114658355713,2.3188233375549316,1.9461408853530884,1.787866234779358,1.5491943359375,1.392515778541565,1.059482216835022,0.8269630074501038,0.5847880244255066,0.37571680545806885,0.0,0.36821308732032776,0.6673762202262878,0.9192473292350769,1.1360957622528076,1.931004524230957,1.8596752882003784,1.7266359329223633,1.8765190839767456,2.125372886657715,2.054776906967163,2.1581263542175293,2.4739975929260254,2.8338568210601807,2.9789981842041016,3.2540674209594727,3.574262857437134,3.7609994411468506,3.8614630699157715,4.115988254547119,3.5634632110595703,3.3661656379699707,3.5788416862487793,3.3639745712280273,3.6455047130584717,3.4770076274871826,3.72774076461792,3.7965750694274902,4.143187046051025,4.187936782836914,4.515499114990234,4.694912910461426,4.819238185882568,4.99928092956543,5.159168720245361,3.679226875305176,3.3206706047058105,3.1856255531311035,2.7971436977386475,2.7013795375823975,2.346095085144043,2.480010509490967,2.7610020637512207,2.479532480239868,2.3807077407836914,2.738469362258911,2.5823113918304443,2.3737332820892334,2.6221094131469727,2.9067747592926025
B12,4.373112678527832,4.01497220993042,3.9192025661468506,3.5487258434295654,3.323035955429077,3.1093218326568604,3.327258586883545,3.2643871307373047,2.972364902496338,3.1603875160217285,3.2694900035858154,3.196898937225342,3.0697875022888184,3.0423214435577393,3.1175858974456787,2.96663236618042,2.6621479988098145,2.291355609893799,2.128868579864502,1.86533784866333,1.6984708309173584,1.3874849081039429,1.1192749738693237,0.8974339962005615,0.5739445090293884,0.36821308732032776,0.0,0.3537026345729828,0.6615158915519714,0.9591863751411438,2.299194574356079,2.2208592891693115,2.072986125946045,2.2039177417755127,2.434802293777466,2.332977056503296,2.4084529876708984,2.71228289604187,3.072589635848999,3.1821234226226807,3.457458257675171,3.7704148292541504,3.930779457092285,4.003459453582764,4.252735137939453,3.8923232555389404,3.697779655456543,3.902378797531128,3.6863067150115967,3.956524133682251,3.7743515968322754,4.0077362060546875,4.0548834800720215,4.394073963165283,4.412853717803955,4.735540390014648,4.899163246154785,5.001038551330566,5.166423320770264,5.312114715576172,3.9377694129943848,3.572105646133423,3.4080655574798584,3.0275957584381104,2.9211652278900146,2.546233892440796,2.6391563415527344,2.905907392501831,2.6146090030670166,2.4696505069732666,2.805467128753662,2.6065845489501953,2.3649423122406006,2.577144145965576,2.8519632816314697
B13,4.691285133361816,4.330442905426025,4.222012996673584,3.854687452316284,3.615417957305908,3.406287431716919,3.607056140899658,3.522691488265991,3.2177655696868896,3.3924407958984375,3.474473714828491,3.371648073196411,3.2141640186309814,3.1499834060668945,3.1922457218170166,3.170522689819336,2.8832225799560547,2.5086207389831543,2.380707263946533,2.090629816055298,1.9650973081588745,1.6736985445022583,1.3656022548675537,1.2061189413070679,0.8764596581459045,0.6673762202262878,0.3537026345729828,0.0,0.3731524348258972,0.7247025966644287,2.5612781047821045,2.495342969894409,2.324172258377075,2.475942373275757,2.67708683013916,2.5827698707580566,2.620410442352295,2.900402545928955,3.266056776046753,3.3562395572662354,3.611238956451416,3.927182674407959,4.073803424835205,4.118748664855957,4.34699821472168,4.135680675506592,3.961635112762451,4.180106163024902,3.981873035430908,4.260529041290283,4.0902910232543945,4.323482513427734,4.366507053375244,4.699152946472168,4.714081764221191,5.029089450836182,5.179051876068115,5.272535800933838,5.424321174621582,5.553714752197266,4.194828033447266,3.829016923904419,3.660815715789795,3.2823429107666016,3.197482109069824,2.8135273456573486,2.876624345779419,3.154075860977173,2.8778765201568604,2.700425386428833,3.0160651206970215,2.8057103157043457,2.531618595123291,2.7047741413116455,2.948806047439575
