0.000000000000000000e+00,3.796063959598541260e-01,5.424468517303466797e-01,5.277560353279113770e-01,6.353644132614135742e-01,8.857756853103637695e-01,1.003180623054504395e+00,1.068390011787414551e+00,1.259571552276611328e+00,1.431757569313049316e+00,1.527491450309753418e+00,1.697659611701965332e+00,1.896816134452819824e+00,2.095016002655029297e+00,2.303937673568725586e+00,3.007457017898559570e+00,2.628348112106323242e+00,2.580360174179077148e+00,2.888961553573608398e+00,2.774018526077270508e+00,2.414167404174804688e+00,2.620443820953369141e+00,2.883327960968017578e+00,2.643788814544677734e+00,2.454620122909545898e+00,2.812291383743286133e+00,2.908816337585449219e+00,2.619683265686035156e+00,2.741717815399169922e+00,3.076032638549804688e+00,2.286929130554199219e+00,2.154193639755249023e+00,2.495266437530517578e+00,2.683579444885253906e+00,2.476602792739868164e+00,2.539982557296752930e+00,2.904886007308959961e+00,2.978684902191162109e+00,2.871949195861816406e+00,3.085797309875488281e+00,3.384263038635253906e+00,3.420631885528564453e+00,3.477450132369995117e+00,3.788658380508422852e+00,3.993834972381591797e+00,3.258620023727416992e+00,3.034147262573242188e+00,3.139305114746093750e+00,3.129076242446899414e+00,2.777326583862304688e+00,2.661467790603637695e+00,2.885046720504760742e+00,2.766446113586425781e+00,2.399396657943725586e+00,2.506547451019287109e+00,2.749979257583618164e+00,2.479722976684570312e+00,2.283215284347534180e+00,2.616178035736083984e+00,2.619139194488525391e+00,2.721818685531616211e+00,2.555440664291381836e+00,2.769873857498168945e+00,3.077445268630981445e+00,3.009654045104980469e+00,2.974566459655761719e+00,3.281678199768066406e+00,3.482381582260131836e+00,3.442106485366821289e+00,3.529006481170654297e+00,3.832086324691772461e+00,3.966926813125610352e+00,3.970719814300537109e+00,4.200417995452880859e+00,4.425298213958740234e+00
3.796063959598541260e-01,0.000000000000000000e+00,3.798934519290924072e-01,5.557579398155212402e-01,5.141725540161132812e-01,6.321769356727600098e-01,8.733958005905151367e-01,9.990979433059692383e-01,1.085074424743652344e+00,1.233154773712158203e+00,1.423145651817321777e+00,1.581102132797241211e+00,1.709945082664489746e+00,1.938673734664916992e+00,2.167263746261596680e+00,2.637557506561279297e+00,2.256807088851928711e+00,2.225599527359008789e+00,2.536943435668945312e+00,2.415042638778686523e+00,2.063959360122680664e+00,2.291966438293457031e+00,2.553552389144897461e+00,2.319118976593017578e+00,2.153783082962036133e+00,2.523323774337768555e+00,2.625281333923339844e+00,2.363007545471191406e+00,2.506089687347412109e+00,2.850882291793823242e+00,2.097243785858154297e+00,1.913418889045715332e+00,2.234554529190063477e+00,2.450292110443115234e+00,2.238629817962646484e+00,2.257737874984741211e+00,2.629640340805053711e+00,2.730588436126708984e+00,2.603787899017333984e+00,2.791052579879760742e+00,3.107817888259887695e+00,3.156590461730957031e+00,3.185601949691772461e+00,3.491581678390502930e+00,3.710851192474365234e+00,2.913323879241943359e+00,2.675937414169311523e+00,2.773850202560424805e+00,2.779709339141845703e+00,2.431775808334350586e+00,2.299577474594116211e+00,2.532131910324096680e+00,2.435017824172973633e+00,2.063071012496948242e+00,2.162642240524291992e+00,2.428312540054321289e+00,2.182114362716674805e+00,1.980391979217529297e+00,2.325623750686645508e+00,2.364851713180541992e+00,2.396422386169433594e+00,2.207285642623901367e+00,2.417655944824218750e+00,2.731013298034667969e+00,2.654337406158447266e+00,2.605514287948608398e+00,2.916468143463134766e+00,3.120594978332519531e+00,3.071763992309570312e+00,3.153544902801513672e+00,3.461374044418334961e+00,3.595914125442504883e+00,3.593554973602294922e+00,3.823368310928344727e+00,4.051457881927490234e+00
5.424468517303466797e-01,3.798934519290924072e-01,0.000000000000000000e+00,3.871372342109680176e-01,5.492815375328063965e-01,5.208541750907897949e-01,6.184069514274597168e-01,8.559053540229797363e-01,9.998627901077270508e-01,1.043381214141845703e+00,1.201796412467956543e+00,1.439705967903137207e+00,1.558406710624694824e+00,1.726407408714294434e+00,1.996958732604980469e+00,2.565874576568603516e+00,2.197813749313354492e+00,2.105259895324707031e+00,2.419492721557617188e+00,2.345158100128173828e+00,1.975631713867187500e+00,2.149065732955932617e+00,2.441631793975830078e+00,2.244328022003173828e+00,2.028198719024658203e+00,2.375696182250976562e+00,2.522336483001708984e+00,2.258109807968139648e+00,2.345966339111328125e+00,2.699679136276245117e+00,1.758740901947021484e+00,1.612448692321777344e+00,1.954195499420166016e+00,2.143364191055297852e+00,1.942508459091186523e+00,2.006833076477050781e+00,2.366912841796875000e+00,2.448608160018920898e+00,2.357995271682739258e+00,2.566939830780029297e+00,2.858528375625610352e+00,2.914023637771606445e+00,2.982565879821777344e+00,3.281679391860961914e+00,3.499309778213500977e+00,2.921947717666625977e+00,2.676370859146118164e+00,2.817144870758056641e+00,2.850662708282470703e+00,2.490345716476440430e+00,2.373041868209838867e+00,2.650251388549804688e+00,2.566963911056518555e+00,2.202142953872680664e+00,2.329352378845214844e+00,2.622651338577270508e+00,2.395055532455444336e+00,2.219336748123168945e+00,2.581762552261352539e+00,2.640804052352905273e+00,2.567675113677978516e+00,2.351756572723388672e+00,2.575784921646118164e+00,2.884694337844848633e+00,2.762839317321777344e+00,2.697200775146484375e+00,3.031999588012695312e+00,3.222896575927734375e+00,3.130760431289672852e+00,3.217634916305541992e+00,3.547758102416992188e+00,3.652645349502563477e+00,3.621409893035888672e+00,3.874098300933837891e+00,4.104653835296630859e+00
5.277560353279113770e-01,5.557579398155212402e-01,3.871372342109680176e-01,0.000000000000000000e+00,3.937526345252990723e-01,5.609459877014160156e-01,5.078772902488708496e-01,5.983194112777709961e-01,8.587638139724731445e-01,9.730466604232788086e-01,1.016504883766174316e+00,1.233744740486145020e+00,1.441495180130004883e+00,1.596873521804809570e+00,1.822168946266174316e+00,2.823910236358642578e+00,2.463782310485839844e+00,2.374572753906250000e+00,2.711308002471923828e+00,2.661130666732788086e+00,2.300318479537963867e+00,2.469833612442016602e+00,2.780723094940185547e+00,2.604029655456542969e+00,2.386132001876831055e+00,2.727193355560302734e+00,2.892920970916748047e+00,2.634214401245117188e+00,2.704826116561889648e+00,3.060544490814208984e+00,1.909318804740905762e+00,1.800427317619323730e+00,2.161671161651611328e+00,2.296396017074584961e+00,2.059075117111206055e+00,2.162612676620483398e+00,2.524240016937255859e+00,2.550956249237060547e+00,2.445576906204223633e+00,2.695424556732177734e+00,2.972123384475708008e+00,2.979996681213378906e+00,3.066004276275634766e+00,3.385761260986328125e+00,3.566745996475219727e+00,3.027025938034057617e+00,2.818051338195800781e+00,2.982873916625976562e+00,2.974623680114746094e+00,2.602591991424560547e+00,2.535386085510253906e+00,2.805972576141357422e+00,2.672702074050903320e+00,2.322496175765991211e+00,2.495196819305419922e+00,2.754585504531860352e+00,2.486695528030395508e+00,2.352680921554565430e+00,2.719518423080444336e+00,2.725462675094604492e+00,2.880412101745605469e+00,2.655740499496459961e+00,2.848814725875854492e+00,3.177087068557739258e+00,3.076432704925537109e+00,2.985926151275634766e+00,3.305956363677978516e+00,3.522690534591674805e+00,3.432287216186523438e+00,3.490228652954101562e+00,3.824566602706909180e+00,3.950350284576416016e+00,3.901998996734619141e+00,4.139770984649658203e+00,4.390427112579345703e+00
6.353644132614135742e-01,5.141725540161132812e-01,5.492815375328063965e-01,3.937526345252990723e-01,0.000000000000000000e+00,3.940690159797668457e-01,5.647583603858947754e-01,5.281785726547241211e-01,6.325114369392395020e-01,8.667483925819396973e-01,9.995139241218566895e-01,1.102125287055969238e+00,1.286477804183959961e+00,1.525594711303710938e+00,1.708600997924804688e+00,2.672417640686035156e+00,2.309558391571044922e+00,2.275967359542846680e+00,2.629559993743896484e+00,2.561636686325073242e+00,2.227422237396240234e+00,2.446701526641845703e+00,2.750513553619384766e+00,2.572561502456665039e+00,2.405533075332641602e+00,2.766599893569946289e+00,2.923956394195556641e+00,2.696445465087890625e+00,2.808315992355346680e+00,3.170404911041259766e+00,2.054435729980468750e+00,1.883334636688232422e+00,2.222909212112426758e+00,2.375072240829467773e+00,2.103359222412109375e+00,2.149825572967529297e+00,2.530013561248779297e+00,2.567174434661865234e+00,2.404045343399047852e+00,2.635758638381958008e+00,2.941851139068603516e+00,2.928822040557861328e+00,2.966906070709228516e+00,3.300097942352294922e+00,3.474487543106079102e+00,2.738870382308959961e+00,2.548638582229614258e+00,2.697258234024047852e+00,2.656694650650024414e+00,2.287636995315551758e+00,2.234377622604370117e+00,2.481577873229980469e+00,2.322857618331909180e+00,1.977558135986328125e+00,2.164175510406494141e+00,2.399827241897583008e+00,2.115026950836181641e+00,2.000051975250244141e+00,2.367857933044433594e+00,2.354502201080322266e+00,2.680151700973510742e+00,2.444131851196289062e+00,2.597580909729003906e+00,2.944375038146972656e+00,2.877083063125610352e+00,2.763768911361694336e+00,3.059656143188476562e+00,3.305008888244628906e+00,3.232827425003051758e+00,3.260632038116455078e+00,3.587723731994628906e+00,3.745539188385009766e+00,3.696174621582031250e+00,3.908356904983520508e+00,4.174312591552734375e+00
8.857756853103637695e-01,6.321769356727600098e-01,5.208541750907897949e-01,5.609459877014160156e-01,3.940690159797668457e-01,0.000000000000000000e+00,3.975401818752288818e-01,5.613591670989990234e-01,5.259587764739990234e-01,6.080426573753356934e-01,8.666083216667175293e-01,1.019340872764587402e+00,1.091167449951171875e+00,1.323152184486389160e+00,1.566791176795959473e+00,2.311656475067138672e+00,1.955433726310729980e+00,1.898756504058837891e+00,2.256492853164672852e+00,2.212060928344726562e+00,1.878486037254333496e+00,2.083283185958862305e+00,2.401492357254028320e+00,2.252920866012573242e+00,2.081760883331298828e+00,2.434721708297729492e+00,2.619535446166992188e+00,2.418555736541748047e+00,2.516685485839843750e+00,2.886021375656127930e+00,1.719874262809753418e+00,1.516787052154541016e+00,1.844826579093933105e+00,2.008993864059448242e+00,1.738601326942443848e+00,1.764118313789367676e+00,2.146259546279907227e+00,2.202038764953613281e+00,2.040426731109619141e+00,2.257750988006591797e+00,2.569281339645385742e+00,2.577107429504394531e+00,2.611690044403076172e+00,2.935185909271240234e+00,3.127294301986694336e+00,2.471530437469482422e+00,2.257274389266967773e+00,2.426401138305664062e+00,2.426214694976806641e+00,2.053422451019287109e+00,1.988447308540344238e+00,2.276158094406127930e+00,2.156009435653686523e+00,1.811100125312805176e+00,2.001593351364135742e+00,2.279694557189941406e+00,2.040400266647338867e+00,1.931779623031616211e+00,2.313940048217773438e+00,2.355193138122558594e+00,2.509284973144531250e+00,2.242296934127807617e+00,2.402360677719116211e+00,2.745120763778686523e+00,2.640324354171752930e+00,2.507909059524536133e+00,2.822099447250366211e+00,3.057210445404052734e+00,2.950806617736816406e+00,2.980554819107055664e+00,3.324203729629516602e+00,3.459858655929565430e+00,3.389518976211547852e+00,3.617811203002929688e+00,3.884581327438354492e+00
1.003180623054504395e+00,8.733958005905151367e-01,6.184069514274597168e-01,5.078772902488708496e-01,5.647583603858947754e-01,3.975401818752288818e-01,0.000000000000000000e+00,3.758895993232727051e-01,5.434405803680419922e-01,4.956071972846984863e-01,5.844202041625976562e-01,8.582885861396789551e-01,9.918121695518493652e-01,1.122586131095886230e+00,1.391816258430480957e+00,2.500444173812866211e+00,2.166841983795166016e+00,2.051883935928344727e+00,2.409075021743774414e+00,2.415561199188232422e+00,2.072883844375610352e+00,2.216728210449218750e+00,2.560756206512451172e+00,2.447623014450073242e+00,2.228961467742919922e+00,2.551530122756958008e+00,2.773372173309326172e+00,2.564285039901733398e+00,2.605025529861450195e+00,2.974442958831787109e+00,1.551366209983825684e+00,1.426097631454467773e+00,1.784975767135620117e+00,1.883066177368164062e+00,1.608074069023132324e+00,1.717838406562805176e+00,2.080115079879760742e+00,2.079144716262817383e+00,1.956825613975524902e+00,2.223563432693481445e+00,2.492950916290283203e+00,2.481462478637695312e+00,2.574422836303710938e+00,2.899120807647705078e+00,3.067818403244018555e+00,2.670947074890136719e+00,2.471088409423828125e+00,2.683533191680908203e+00,2.688164710998535156e+00,2.308936357498168945e+00,2.278420686721801758e+00,2.588868856430053711e+00,2.460672140121459961e+00,2.135402202606201172e+00,2.353370189666748047e+00,2.629905462265014648e+00,2.388582229614257812e+00,2.307707071304321289e+00,2.692635774612426758e+00,2.721475124359130859e+00,2.870691061019897461e+00,2.596784114837646484e+00,2.763239145278930664e+00,3.101111650466918945e+00,2.972433328628540039e+00,2.831108808517456055e+00,3.155293941497802734e+00,3.382225751876831055e+00,3.247835636138916016e+00,3.277009248733520508e+00,3.633871316909790039e+00,3.750176668167114258e+00,3.655524253845214844e+00,3.896532058715820312e+00,4.167223930358886719e+00
1.068390011787414551e+00,9.990979433059692383e-01,8.559053540229797363e-01,5.983194112777709961e-01,5.281785726547241211e-01,5.613591670989990234e-01,3.758895993232727051e-01,0.000000000000000000e+00,3.839100301265716553e-01,5.496230125427246094e-01,5.042687058448791504e-01,6.398679614067077637e-01,8.970246911048889160e-01,1.068003416061401367e+00,1.242636561393737793e+00,2.719073534011840820e+00,2.390453338623046875e+00,2.312421083450317383e+00,2.684800863265991211e+00,2.688659191131591797e+00,2.364812374114990234e+00,2.533709526062011719e+00,2.876603364944458008e+00,2.763679265975952148e+00,2.568831920623779297e+00,2.899305105209350586e+00,3.116630315780639648e+00,2.914413213729858398e+00,2.970288753509521484e+00,3.340646266937255859e+00,1.869102954864501953e+00,1.748044848442077637e+00,2.098078727722167969e+00,2.167477369308471680e+00,1.860192179679870605e+00,1.966421246528625488e+00,2.329342603683471680e+00,2.291993618011474609e+00,2.130204439163208008e+00,2.414181709289550781e+00,2.682470798492431641e+00,2.619883060455322266e+00,2.699751377105712891e+00,3.045081377029418945e+00,3.176995515823364258e+00,2.695636034011840820e+00,2.539357900619506836e+00,2.754741907119750977e+00,2.705870151519775391e+00,2.324561357498168945e+00,2.340013265609741211e+00,2.623401165008544922e+00,2.441914796829223633e+00,2.135207414627075195e+00,2.387615680694580078e+00,2.618870496749877930e+00,2.337557315826416016e+00,2.295972585678100586e+00,2.675987243652343750e+00,2.650385379791259766e+00,3.046974420547485352e+00,2.772399663925170898e+00,2.902081489562988281e+00,3.258281230926513672e+00,3.165771484375000000e+00,3.005723953247070312e+00,3.304319143295288086e+00,3.560809612274169922e+00,3.444553375244140625e+00,3.442079067230224609e+00,3.792701721191406250e+00,3.941203832626342773e+00,3.841064453125000000e+00,4.056066036224365234e+00,4.345323085784912109e+00
1.259571552276611328e+00,1.085074424743652344e+00,9.998627901077270508e-01,8.587638139724731445e-01,6.325114369392395020e-01,5.259587764739990234e-01,5.434405803680419922e-01,3.839100301265716553e-01,0.000000000000000000e+00,3.809656500816345215e-01,5.587611198425292969e-01,5.342439413070678711e-01,6.621338129043579102e-01,9.460330009460449219e-01,1.104774236679077148e+00,2.438626050949096680e+00,2.118985414505004883e+00,2.079842329025268555e+00,2.463607549667358398e+00,2.466782808303833008e+00,2.174275875091552734e+00,2.372583866119384766e+00,2.710850477218627930e+00,2.614129304885864258e+00,2.461600303649902344e+00,2.797802209854125977e+00,3.017690181732177734e+00,2.854083061218261719e+00,2.934996604919433594e+00,3.308772087097167969e+00,1.875819802284240723e+00,1.690704107284545898e+00,2.006273746490478516e+00,2.094287633895874023e+00,1.762424111366271973e+00,1.803152799606323242e+00,2.177417516708374023e+00,2.158048152923583984e+00,1.941853523254394531e+00,2.199726581573486328e+00,2.495908737182617188e+00,2.422831296920776367e+00,2.453851938247680664e+00,2.806727170944213867e+00,2.940104961395263672e+00,2.319247245788574219e+00,2.173408985137939453e+00,2.389493465423583984e+00,2.328285932540893555e+00,1.947178244590759277e+00,1.980533361434936523e+00,2.263162612915039062e+00,2.074464082717895508e+00,1.780956029891967773e+00,2.055127620697021484e+00,2.281284809112548828e+00,2.010628461837768555e+00,2.000308036804199219e+00,2.382986783981323242e+00,2.366669416427612305e+00,2.827685117721557617e+00,2.532492160797119141e+00,2.626779317855834961e+00,2.992253065109252930e+00,2.910771608352661133e+00,2.721305131912231445e+00,3.003365516662597656e+00,3.277913093566894531e+00,3.160237312316894531e+00,3.130120277404785156e+00,3.480610370635986328e+00,3.645028352737426758e+00,3.532260656356811523e+00,3.731007099151611328e+00,4.033545494079589844e+00
1.431757569313049316e+00,1.233154773712158203e+00,1.043381214141845703e+00,9.730466604232788086e-01,8.667483925819396973e-01,6.080426573753356934e-01,4.956071972846984863e-01,5.496230125427246094e-01,3.809656500816345215e-01,0.000000000000000000e+00,4.064880609512329102e-01,5.547814965248107910e-01,5.270330309867858887e-01,7.184718251228332520e-01,9.925695061683654785e-01,2.247026920318603516e+00,1.947610974311828613e+00,1.852023243904113770e+00,2.232430696487426758e+00,2.281153440475463867e+00,1.986206769943237305e+00,2.135137081146240234e+00,2.493195772171020508e+00,2.437112808227539062e+00,2.257930040359497070e+00,2.566911697387695312e+00,2.822249174118041992e+00,2.675007581710815430e+00,2.716625928878784180e+00,3.090546369552612305e+00,1.518442153930664062e+00,1.343810915946960449e+00,1.659040093421936035e+00,1.722517609596252441e+00,1.387642502784729004e+00,1.454673051834106445e+00,1.821177244186401367e+00,1.790598630905151367e+00,1.598513126373291016e+00,1.872172594070434570e+00,2.152230262756347656e+00,2.094577550888061523e+00,2.158049345016479492e+00,2.501532077789306641e+00,2.645739793777465820e+00,2.259171962738037109e+00,2.090852975845336914e+00,2.342963933944702148e+00,2.332153797149658203e+00,1.952070355415344238e+00,1.979237794876098633e+00,2.305939912796020508e+00,2.162242174148559570e+00,1.878829956054687500e+00,2.148600339889526367e+00,2.413227081298828125e+00,2.189935684204101562e+00,2.178351879119873047e+00,2.565465211868286133e+00,2.595907211303710938e+00,2.858279228210449219e+00,2.545107841491699219e+00,2.657473564147949219e+00,3.008275270462036133e+00,2.881526708602905273e+00,2.683097839355468750e+00,2.987086534500122070e+00,3.239530324935913086e+00,3.081178188323974609e+00,3.061555147171020508e+00,3.429130792617797852e+00,3.558612108230590820e+00,3.421634674072265625e+00,3.644372701644897461e+00,3.942487239837646484e+00
1.527491450309753418e+00,1.423145651817321777e+00,1.201796412467956543e+00,1.016504883766174316e+00,9.995139241218566895e-01,8.666083216667175293e-01,5.844202041625976562e-01,5.042687058448791504e-01,5.587611198425292969e-01,4.064880609512329102e-01,0.000000000000000000e+00,3.933236300945281982e-01,5.741189122200012207e-01,6.011248230934143066e-01,8.381466269493103027e-01,2.611353635787963867e+00,2.327614784240722656e+00,2.205741167068481445e+00,2.579629898071289062e+00,2.652236700057983398e+00,2.351317882537841797e+00,2.466518640518188477e+00,2.834225416183471680e+00,2.788961172103881836e+00,2.580055236816406250e+00,2.871764659881591797e+00,3.141151905059814453e+00,2.977144718170166016e+00,2.985096931457519531e+00,3.355776071548461914e+00,1.614481091499328613e+00,1.529489517211914062e+00,1.860852479934692383e+00,1.853395819664001465e+00,1.520249962806701660e+00,1.670146703720092773e+00,2.002945423126220703e+00,1.902992606163024902e+00,1.746013164520263672e+00,2.066803455352783203e+00,2.296160697937011719e+00,2.198907136917114258e+00,2.316387891769409180e+00,2.662177085876464844e+00,2.764702558517456055e+00,2.568857431411743164e+00,2.431324720382690430e+00,2.703449726104736328e+00,2.672790527343750000e+00,2.294542551040649414e+00,2.354485511779785156e+00,2.674516916275024414e+00,2.504457473754882812e+00,2.237265110015869141e+00,2.524583816528320312e+00,2.767320871353149414e+00,2.520515441894531250e+00,2.527155160903930664e+00,2.911953210830688477e+00,2.907823562622070312e+00,3.253769159317016602e+00,2.946173191070556641e+00,3.060172319412231445e+00,3.412704944610595703e+00,3.286841869354248047e+00,3.089137554168701172e+00,3.391604185104370117e+00,3.645366191864013672e+00,3.482732295989990234e+00,3.459421634674072266e+00,3.828904390335083008e+00,3.956371068954467773e+00,3.809431076049804688e+00,4.031662940979003906e+00,4.334166526794433594e+00
1.697659611701965332e+00,1.581102132797241211e+00,1.439705967903137207e+00,1.233744740486145020e+00,1.102125287055969238e+00,1.019340872764587402e+00,8.582885861396789551e-01,6.398679614067077637e-01,5.342439413070678711e-01,5.547814965248107910e-01,3.933236300945281982e-01,0.000000000000000000e+00,3.945809602737426758e-01,5.611000657081604004e-01,6.184948682785034180e-01,2.663258790969848633e+00,2.391549348831176758e+00,2.321767568588256836e+00,2.707895040512084961e+00,2.773919820785522461e+00,2.504648923873901367e+00,2.655689954757690430e+00,3.015682458877563477e+00,2.974630117416381836e+00,2.806133747100830078e+00,3.108922243118286133e+00,3.371574401855468750e+00,3.229639530181884766e+00,3.265783071517944336e+00,3.639106750488281250e+00,1.930989265441894531e+00,1.808433294296264648e+00,2.109617948532104492e+00,2.101046085357666016e+00,1.741305351257324219e+00,1.840084791183471680e+00,2.173598051071166992e+00,2.061819791793823242e+00,1.840713858604431152e+00,2.150371551513671875e+00,2.392827749252319336e+00,2.246130466461181641e+00,2.317562818527221680e+00,2.681780576705932617e+00,2.750544071197509766e+00,2.401917934417724609e+00,2.313428640365600586e+00,2.586378812789916992e+00,2.503381490707397461e+00,2.131298780441284180e+00,2.242669343948364258e+00,2.534486532211303711e+00,2.318808317184448242e+00,2.085119009017944336e+00,2.406979322433471680e+00,2.604966402053833008e+00,2.338228940963745117e+00,2.396656036376953125e+00,2.770574569702148438e+00,2.728073596954345703e+00,3.292873859405517578e+00,2.977779865264892578e+00,3.045025348663330078e+00,3.412440776824951172e+00,3.321126222610473633e+00,3.096236705780029297e+00,3.366886377334594727e+00,3.651014089584350586e+00,3.503494739532470703e+00,3.440717220306396484e+00,3.801945924758911133e+00,3.962913513183593750e+00,3.806101083755493164e+00,3.996625900268554688e+00,4.319584846496582031e+00
1.896816134452819824e+00,1.709945082664489746e+00,1.558406710624694824e+00,1.441495180130004883e+00,1.286477804183959961e+00,1.091167449951171875e+00,9.918121695518493652e-01,8.970246911048889160e-01,6.621338129043579102e-01,5.270330309867858887e-01,5.741189122200012207e-01,3.945809602737426758e-01,0.000000000000000000e+00,3.818897008895874023e-01,5.238031744956970215e-01,2.332530498504638672e+00,2.089215517044067383e+00,2.021183252334594727e+00,2.405893564224243164e+00,2.498090982437133789e+00,2.260891914367675781e+00,2.403319358825683594e+00,2.762851953506469727e+00,2.758472204208374023e+00,2.612189292907714844e+00,2.898331165313720703e+00,3.177350044250488281e+00,3.075633764266967773e+00,3.109981536865234375e+00,3.480464220046997070e+00,1.772347211837768555e+00,1.608965754508972168e+00,1.865913748741149902e+00,1.856398463249206543e+00,1.482385993003845215e+00,1.533124446868896484e+00,1.860842466354370117e+00,1.756711244583129883e+00,1.496226549148559570e+00,1.789540171623229980e+00,2.045262813568115234e+00,1.895151972770690918e+00,1.938739418983459473e+00,2.305595636367797852e+00,2.382178306579589844e+00,2.063703536987304688e+00,1.973221898078918457e+00,2.270525217056274414e+00,2.210405111312866211e+00,1.844278216361999512e+00,1.969590663909912109e+00,2.284341573715209961e+00,2.095705032348632812e+00,1.886235594749450684e+00,2.216051340103149414e+00,2.430921792984008789e+00,2.209056138992309570e+00,2.287913322448730469e+00,2.659668207168579102e+00,2.656557559967041016e+00,3.134228467941284180e+00,2.798659563064575195e+00,2.848368883132934570e+00,3.208648443222045898e+00,3.100349187850952148e+00,2.850313663482666016e+00,3.117072582244873047e+00,3.398751497268676758e+00,3.227372169494628906e+00,3.148996353149414062e+00,3.517062187194824219e+00,3.668121337890625000e+00,3.487600326538085938e+00,3.678144693374633789e+00,4.006934642791748047e+00
2.095016002655029297e+00,1.938673734664916992e+00,1.726407408714294434e+00,1.596873521804809570e+00,1.525594711303710938e+00,1.323152184486389160e+00,1.122586131095886230e+00,1.068003416061401367e+00,9.460330009460449219e-01,7.184718251228332520e-01,6.011248230934143066e-01,5.611000657081604004e-01,3.818897008895874023e-01,0.000000000000000000e+00,3.874272108078002930e-01,2.470929861068725586e+00,2.256963729858398438e+00,2.133364915847778320e+00,2.502069711685180664e+00,2.639689445495605469e+00,2.400805950164794922e+00,2.485602617263793945e+00,2.858758687973022461e+00,2.888776540756225586e+00,2.708919763565063477e+00,2.961565732955932617e+00,3.270319223403930664e+00,3.171152353286743164e+00,3.158727884292602539e+00,3.523281812667846680e+00,1.636236906051635742e+00,1.544787168502807617e+00,1.795132637023925781e+00,1.709949374198913574e+00,1.340993762016296387e+00,1.470051169395446777e+00,1.751868128776550293e+00,1.579607009887695312e+00,1.366573214530944824e+00,1.706233143806457520e+00,1.901160359382629395e+00,1.727202415466308594e+00,1.843052387237548828e+00,2.199182748794555664e+00,2.248399496078491211e+00,2.279111146926879883e+00,2.192362785339355469e+00,2.518168449401855469e+00,2.484937191009521484e+00,2.130778551101684570e+00,2.261248350143432617e+00,2.594093322753906250e+00,2.425778627395629883e+00,2.229734420776367188e+00,2.555216312408447266e+00,2.782072544097900391e+00,2.576822519302368164e+00,2.654753684997558594e+00,3.027103185653686523e+00,3.034322500228881836e+00,3.422213315963745117e+00,3.082288503646850586e+00,3.147977113723754883e+00,3.496780395507812500e+00,3.359746694564819336e+00,3.109408855438232422e+00,3.388838052749633789e+00,3.652726173400878906e+00,3.453287124633789062e+00,3.382862329483032227e+00,3.760147571563720703e+00,3.883611440658569336e+00,3.682476997375488281e+00,3.888785839080810547e+00,4.213654041290283203e+00
2.303937673568725586e+00,2.167263746261596680e+00,1.996958732604980469e+00,1.822168946266174316e+00,1.708600997924804688e+00,1.566791176795959473e+00,1.391816258430480957e+00,1.242636561393737793e+00,1.104774236679077148e+00,9.925695061683654785e-01,8.381466269493103027e-01,6.184948682785034180e-01,5.238031744956970215e-01,3.874272108078002930e-01,0.000000000000000000e+00,2.709102869033813477e+00,2.510103464126586914e+00,2.424142360687255859e+00,2.796036243438720703e+00,2.929960012435913086e+00,2.712676286697387695e+00,2.818401336669921875e+00,3.184848546981811523e+00,3.216041803359985352e+00,3.058048248291015625e+00,3.316597938537597656e+00,3.620290040969848633e+00,3.528994798660278320e+00,3.530367136001586914e+00,3.895871162414550781e+00,2.015706062316894531e+00,1.923620939254760742e+00,2.157296419143676758e+00,2.059022188186645508e+00,1.688409328460693359e+00,1.794860124588012695e+00,2.057644605636596680e+00,1.861323714256286621e+00,1.616119623184204102e+00,1.943543672561645508e+00,2.123553991317749023e+00,1.891439557075500488e+00,1.979128241539001465e+00,2.342741012573242188e+00,2.336526155471801758e+00,2.306453704833984375e+00,2.279687404632568359e+00,2.607575893402099609e+00,2.521360874176025391e+00,2.181687831878662109e+00,2.365690231323242188e+00,2.666498184204101562e+00,2.453369140625000000e+00,2.296540737152099609e+00,2.650118350982666016e+00,2.829512596130371094e+00,2.604375123977661133e+00,2.729450464248657227e+00,3.087330818176269531e+00,3.052117586135864258e+00,3.639474630355834961e+00,3.297922372817993164e+00,3.327695369720458984e+00,3.687277793884277344e+00,3.579872369766235352e+00,3.310604810714721680e+00,3.561628341674804688e+00,3.849572658538818359e+00,3.663480758666992188e+00,3.559794664382934570e+00,3.927895545959472656e+00,4.078667640686035156e+00,3.867631435394287109e+00,4.044839382171630859e+00,4.386980533599853516e+00
3.007457017898559570e+00,2.637557506561279297e+00,2.565874576568603516e+00,2.823910236358642578e+00,2.672417640686035156e+00,2.311656475067138672e+00,2.500444173812866211e+00,2.719073534011840820e+00,2.438626050949096680e+00,2.247026920318603516e+00,2.611353635787963867e+00,2.663258790969848633e+00,2.332530498504638672e+00,2.470929861068725586e+00,2.709102869033813477e+00,0.000000000000000000e+00,3.857607543468475342e-01,5.551987886428833008e-01,5.267758965492248535e-01,6.188067793846130371e-01,8.651304244995117188e-01,9.793018698692321777e-01,1.053805828094482422e+00,1.237793445587158203e+00,1.414235234260559082e+00,1.526083230972290039e+00,1.717797040939331055e+00,1.913707017898559570e+00,2.038540124893188477e+00,2.279611587524414062e+00,2.080503702163696289e+00,1.734354257583618164e+00,1.560859203338623047e+00,1.823365330696105957e+00,1.778364658355712891e+00,1.401357531547546387e+00,1.495693683624267578e+00,1.814013600349426270e+00,1.641670227050781250e+00,1.395185232162475586e+00,1.711214184761047363e+00,1.923516869544982910e+00,1.690938949584960938e+00,1.772991061210632324e+00,2.117120504379272461e+00,1.456741213798522949e+00,1.115937829017639160e+00,1.174545049667358398e+00,1.537153005599975586e+00,1.461011767387390137e+00,1.257914900779724121e+00,1.542075157165527344e+00,1.809832096099853516e+00,1.720325946807861328e+00,1.701394319534301758e+00,2.032003641128540039e+00,2.206645011901855469e+00,2.162260532379150391e+00,2.367991209030151367e+00,2.677170276641845703e+00,1.881436467170715332e+00,1.561026334762573242e+00,1.589509725570678711e+00,1.726839780807495117e+00,1.447260379791259766e+00,1.183940172195434570e+00,1.445926427841186523e+00,1.540500760078430176e+00,1.205379962921142578e+00,1.195874571800231934e+00,1.571319818496704102e+00,1.540727615356445312e+00,1.315098166465759277e+00,1.616551518440246582e+00,1.863492131233215332e+00
2.628348112106323242e+00,2.256807088851928711e+00,2.197813749313354492e+00,2.463782310485839844e+00,2.309558391571044922e+00,1.955433726310729980e+00,2.166841983795166016e+00,2.390453338623046875e+00,2.118985414505004883e+00,1.947610974311828613e+00,2.327614784240722656e+00,2.391549348831176758e+00,2.089215517044067383e+00,2.256963729858398438e+00,2.510103464126586914e+00,3.857607543468475342e-01,0.000000000000000000e+00,3.820995986461639404e-01,5.641888380050659180e-01,5.308300256729125977e-01,6.162496805191040039e-01,8.531687259674072266e-01,1.004140853881835938e+00,1.083949327468872070e+00,1.224312782287597656e+00,1.427104711532592773e+00,1.612748622894287109e+00,1.738491535186767578e+00,1.892250895500183105e+00,2.172879695892333984e+00,1.906240582466125488e+00,1.537837147712707520e+00,1.438239812850952148e+00,1.737478256225585938e+00,1.654068350791931152e+00,1.300915241241455078e+00,1.486856579780578613e+00,1.797301888465881348e+00,1.614324092864990234e+00,1.446496248245239258e+00,1.799804329872131348e+00,1.991974472999572754e+00,1.801373362541198730e+00,1.947109580039978027e+00,2.280297040939331055e+00,1.488670706748962402e+00,1.123037815093994141e+00,1.187585473060607910e+00,1.503022909164428711e+00,1.349467992782592773e+00,1.108395814895629883e+00,1.427852392196655273e+00,1.659860610961914062e+00,1.498039364814758301e+00,1.486161947250366211e+00,1.850689172744750977e+00,1.977980136871337891e+00,1.897839903831481934e+00,2.139376640319824219e+00,2.438434123992919922e+00,1.676874637603759766e+00,1.335389018058776855e+00,1.412586092948913574e+00,1.608120322227478027e+00,1.339160919189453125e+00,1.093876481056213379e+00,1.416997671127319336e+00,1.551455020904541016e+00,1.270606398582458496e+00,1.297047019004821777e+00,1.681449770927429199e+00,1.698937892913818359e+00,1.540962815284729004e+00,1.832725524902343750e+00,2.079143524169921875e+00
2.580360174179077148e+00,2.225599527359008789e+00,2.105259895324707031e+00,2.374572753906250000e+00,2.275967359542846680e+00,1.898756504058837891e+00,2.051883935928344727e+00,2.312421083450317383e+00,2.079842329025268555e+00,1.852023243904113770e+00,2.205741167068481445e+00,2.321767568588256836e+00,2.021183252334594727e+00,2.133364915847778320e+00,2.424142360687255859e+00,5.551987886428833008e-01,3.820995986461639404e-01,0.000000000000000000e+00,3.908812403678894043e-01,5.432569980621337891e-01,5.055035948753356934e-01,5.897289514541625977e-01,8.485419750213623047e-01,9.950841069221496582e-01,1.030162215232849121e+00,1.202578425407409668e+00,1.464442491531372070e+00,1.577100515365600586e+00,1.661229848861694336e+00,1.955738663673400879e+00,1.563961029052734375e+00,1.209154009819030762e+00,1.071453332901000977e+00,1.381955742835998535e+00,1.342114567756652832e+00,9.974346160888671875e-01,1.163398861885070801e+00,1.499219894409179688e+00,1.378630638122558594e+00,1.218425750732421875e+00,1.551595449447631836e+00,1.786875128746032715e+00,1.661313533782958984e+00,1.795237541198730469e+00,2.146395921707153320e+00,1.733389735221862793e+00,1.383187055587768555e+00,1.516087532043457031e+00,1.817567229270935059e+00,1.628824830055236816e+00,1.430193424224853516e+00,1.776391029357910156e+00,1.972465753555297852e+00,1.786700010299682617e+00,1.813583731651306152e+00,2.186254262924194336e+00,2.274611949920654297e+00,2.188364267349243164e+00,2.459080219268798828e+00,2.740603923797607422e+00,1.940850257873535156e+00,1.615106225013732910e+00,1.746457219123840332e+00,1.932191610336303711e+00,1.634276866912841797e+00,1.435531735420227051e+00,1.774291992187500000e+00,1.871900439262390137e+00,1.573668956756591797e+00,1.637421131134033203e+00,2.015033721923828125e+00,1.984184861183166504e+00,1.816950201988220215e+00,2.134094476699829102e+00,2.357395648956298828e+00
2.888961553573608398e+00,2.536943435668945312e+00,2.419492721557617188e+00,2.711308002471923828e+00,2.629559993743896484e+00,2.256492853164672852e+00,2.409075021743774414e+00,2.684800863265991211e+00,2.463607549667358398e+00,2.232430696487426758e+00,2.579629898071289062e+00,2.707895040512084961e+00,2.405893564224243164e+00,2.502069711685180664e+00,2.796036243438720703e+00,5.267758965492248535e-01,5.641888380050659180e-01,3.908812403678894043e-01,0.000000000000000000e+00,3.700742125511169434e-01,5.545852184295654297e-01,4.891844093799591064e-01,5.879941582679748535e-01,8.496626019477844238e-01,9.622727036476135254e-01,1.023158550262451172e+00,1.264801502227783203e+00,1.464802980422973633e+00,1.541034817695617676e+00,1.780977964401245117e+00,1.764420270919799805e+00,1.445568799972534180e+00,1.232761502265930176e+00,1.543682813644409180e+00,1.587297797203063965e+00,1.248185157775878906e+00,1.312566876411437988e+00,1.680991172790527344e+00,1.616629362106323242e+00,1.391051769256591797e+00,1.669835686683654785e+00,1.957192897796630859e+00,1.821905374526977539e+00,1.880949616432189941e+00,2.255583047866821289e+00,1.938908934593200684e+00,1.591006398200988770e+00,1.672431468963623047e+00,2.017418861389160156e+00,1.888037681579589844e+00,1.664451479911804199e+00,1.970883011817932129e+00,2.218894720077514648e+00,2.061438798904418945e+00,2.035168409347534180e+00,2.400794267654418945e+00,2.536030769348144531e+00,2.433710336685180664e+00,2.667628288269042969e+00,2.980458259582519531e+00,1.956728816032409668e+00,1.668925166130065918e+00,1.808856964111328125e+00,1.919935941696166992e+00,1.581543087959289551e+00,1.424293041229248047e+00,1.746872782707214355e+00,1.767395973205566406e+00,1.435134053230285645e+00,1.547677159309387207e+00,1.898992776870727539e+00,1.794265270233154297e+00,1.630868196487426758e+00,1.979727149009704590e+00,2.155275821685791016e+00
2.774018526077270508e+00,2.415042638778686523e+00,2.345158100128173828e+00,2.661130666732788086e+00,2.561636686325073242e+00,2.212060928344726562e+00,2.415561199188232422e+00,2.688659191131591797e+00,2.466782808303833008e+00,2.281153440475463867e+00,2.652236700057983398e+00,2.773919820785522461e+00,2.498090982437133789e+00,2.639689445495605469e+00,2.929960012435913086e+00,6.188067793846130371e-01,5.308300256729125977e-01,5.432569980621337891e-01,3.700742125511169434e-01,0.000000000000000000e+00,3.900725245475769043e-01,5.349498391151428223e-01,5.125514268875122070e-01,6.212731003761291504e-01,8.493572473526000977e-01,9.836071729660034180e-01,1.122736334800720215e+00,1.310930609703063965e+00,1.477768421173095703e+00,1.714183449745178223e+00,1.957810282707214355e+00,1.622017264366149902e+00,1.470916986465454102e+00,1.815841317176818848e+00,1.835277676582336426e+00,1.510505557060241699e+00,1.632433533668518066e+00,1.993829011917114258e+00,1.907031536102294922e+00,1.712814569473266602e+00,2.015310049057006836e+00,2.282212972640991211e+00,2.133811235427856445e+00,2.217238664627075195e+00,2.583609104156494141e+00,1.985045194625854492e+00,1.621681928634643555e+00,1.629619956016540527e+00,1.969433069229125977e+00,1.848948001861572266e+00,1.567592978477478027e+00,1.837536692619323730e+00,2.107764482498168945e+00,1.929327011108398438e+00,1.844096541404724121e+00,2.215093374252319336e+00,2.363394260406494141e+00,2.218391180038452148e+00,2.431076765060424805e+00,2.763983011245727539e+00,1.598071098327636719e+00,1.327220559120178223e+00,1.497461199760437012e+00,1.590631365776062012e+00,1.241813659667968750e+00,1.129904985427856445e+00,1.476624965667724609e+00,1.480793833732604980e+00,1.182003855705261230e+00,1.350417971611022949e+00,1.688824772834777832e+00,1.599086165428161621e+00,1.508209228515625000e+00,1.857503652572631836e+00,2.012685775756835938e+00
2.414167404174804688e+00,2.063959360122680664e+00,1.975631713867187500e+00,2.300318479537963867e+00,2.227422237396240234e+00,1.878486037254333496e+00,2.072883844375610352e+00,2.364812374114990234e+00,2.174275875091552734e+00,1.986206769943237305e+00,2.351317882537841797e+00,2.504648923873901367e+00,2.260891914367675781e+00,2.400805950164794922e+00,2.712676286697387695e+00,8.651304244995117188e-01,6.162496805191040039e-01,5.055035948753356934e-01,5.545852184295654297e-01,3.900725245475769043e-01,0.000000000000000000e+00,3.933715820312500000e-01,5.741351246833801270e-01,5.408813953399658203e-01,6.148596405982971191e-01,8.762138485908508301e-01,1.056519269943237305e+00,1.132402300834655762e+00,1.293986082077026367e+00,1.590940713882446289e+00,1.677845835685729980e+00,1.337567210197448730e+00,1.253852486610412598e+00,1.624648690223693848e+00,1.626027107238769531e+00,1.346673846244812012e+00,1.531617403030395508e+00,1.877305507659912109e+00,1.805119156837463379e+00,1.682559251785278320e+00,1.997872114181518555e+00,2.251920461654663086e+00,2.156509637832641602e+00,2.285122394561767578e+00,2.641772747039794922e+00,2.088428020477294922e+00,1.722369551658630371e+00,1.771865844726562500e+00,2.066993474960327148e+00,1.879111051559448242e+00,1.606149077415466309e+00,1.909109711647033691e+00,2.125144243240356445e+00,1.888350605964660645e+00,1.837141156196594238e+00,2.227324008941650391e+00,2.313189268112182617e+00,2.144690513610839844e+00,2.400783538818359375e+00,2.706765890121459961e+00,1.623012185096740723e+00,1.344561576843261719e+00,1.571369409561157227e+00,1.720723509788513184e+00,1.395521402359008789e+00,1.308021664619445801e+00,1.686114072799682617e+00,1.728557705879211426e+00,1.478251457214355469e+00,1.645179748535156250e+00,1.989511966705322266e+00,1.937582373619079590e+00,1.868524670600891113e+00,2.204363346099853516e+00,2.370556831359863281e+00
