,A1,A2,A3,A4,A5,A6,A7,A8,A9,A10,A11,A12,A13,A14,A15,B1,B2,B3,B4,B5,B6,B7,B8,B9,B10,B11,B12,B13,B14,B15,C1,C2,C3,C4,C5,C6,C7,C8,C9,C10,C11,C12,C13,C14,C15,D1,D2,D3,D4,D5,D6,D7,D8,D9,D10,D11,D12,D13,D14,D15,E1,E2,E3,E4,E5,E6,E7,E8,E9,E10,E11,E12,E13,E14,E15
A1,0.0,0.4192926287651062,0.566556990146637,0.5501804351806641,0.6869221329689026,0.9399720430374146,1.0360997915267944,1.0963348150253296,1.328601360321045,1.464630126953125,1.4974956512451172,1.7328230142593384,1.927505373954773,1.9250119924545288,2.154332160949707,2.6615395545959473,2.83182430267334,3.1734163761138916,3.081596851348877,2.9751367568969727,3.2979228496551514,3.472512722015381,3.3178608417510986,3.468451499938965,3.7912490367889404,3.7733731269836426,3.78974986076355,4.113146781921387,4.29766321182251,4.385496139526367,4.942399024963379,4.586884498596191,4.5977277755737305,4.983359336853027,4.922711372375488,4.658032417297363,4.883288860321045,5.209219932556152,5.106133937835693,5.029265880584717,5.332571506500244,5.617438316345215,5.549042224884033,5.762231349945068,6.088064670562744,4.47786808013916,4.130207538604736,3.9814014434814453,4.287301540374756,4.239201545715332,3.867841958999634,3.9940290451049805,4.307678699493408,4.083434581756592,3.883096218109131,4.212399959564209,4.390917778015137,4.113145351409912,4.181232929229736,4.534728527069092,2.51928973197937,2.3019700050354004,2.083928346633911,2.0931875705718994,2.0100579261779785,1.7103662490844727,1.632656455039978,1.744940161705017,1.495315432548523,1.2223923206329346,1.3912659883499146,1.423499345779419,1.0748717784881592,1.0798537731170654,1.3325685262680054
A2,0.4192926287651062,0.0,0.372832328081131,0.551457941532135,0.5316400527954102,0.6427844166755676,0.8540636897087097,0.9943562746047974,1.120861530303955,1.2350414991378784,1.3698993921279907,1.5941555500030518,1.7211874723434448,1.7502268552780151,2.027266263961792,2.3333964347839355,2.4779529571533203,2.829334259033203,2.7709522247314453,2.6611328125,2.966865301132202,3.16080641746521,3.0367603302001953,3.179094076156616,3.4950356483459473,3.5035970211029053,3.544949531555176,3.8552820682525635,4.044719219207764,4.161712169647217,4.583498001098633,4.220742702484131,4.233044147491455,4.6148271560668945,4.541917324066162,4.272399425506592,4.503790378570557,4.825708389282227,4.711472511291504,4.6384735107421875,4.949523448944092,5.226751327514648,5.152455806732178,5.37247371673584,5.693878173828125,4.059521198272705,3.712329149246216,3.5627689361572266,3.868659257888794,3.820910930633545,3.4498958587646484,3.5782172679901123,3.8933565616607666,3.67327618598938,3.4750983715057373,3.806481122970581,3.990032196044922,3.721184492111206,3.7926690578460693,4.150243282318115,2.1665589809417725,1.921906590461731,1.7143207788467407,1.7673081159591675,1.6746325492858887,1.3473795652389526,1.3163516521453857,1.477996826171875,1.2224596738815308,0.9471888542175293,1.20310640335083,1.293530821800232,0.9963030219078064,1.0711649656295776,1.3933438062667847
A3,0.566556990146637,0.372832328081131,0.0,0.385570764541626,0.5479662418365479,0.555260956287384,0.6136237978935242,0.8523210883140564,1.0323619842529297,1.0484553575515747,1.1374485492706299,1.4238201379776,1.5299098491668701,1.489700436592102,1.7756004333496094,2.1015913486480713,2.28910493850708,2.6216416358947754,2.525949239730835,2.4392685890197754,2.76779842376709,2.9279162883758545,2.7850780487060547,2.95536208152771,3.2640271186828613,3.2401247024536133,3.2799322605133057,3.605466604232788,3.7752342224121094,3.8789641857147217,4.399870872497559,4.047565937042236,4.049476146697998,4.437342166900635,4.390580654144287,4.127849102020264,4.34482479095459,4.674835205078125,4.5866923332214355,4.506351470947266,4.799858570098877,5.092926979064941,5.038588047027588,5.247307777404785,5.575477123260498,4.0495452880859375,3.69210147857666,3.5752789974212646,3.899432897567749,3.8395442962646484,3.479146718978882,3.6397507190704346,3.955930709838867,3.7407772541046143,3.569309711456299,3.9123196601867676,4.101494312286377,3.856426477432251,3.945707321166992,4.3083648681640625,2.3814289569854736,2.097696304321289,1.9274340867996216,2.026848316192627,1.8979278802871704,1.5568019151687622,1.5973217487335205,1.7687524557113647,1.482085943222046,1.2540161609649658,1.5495461225509644,1.6200016736984253,1.3201299905776978,1.430478811264038,1.731885313987732
A4,0.5501804351806641,0.551457941532135,0.385570764541626,0.0,0.3789158761501312,0.5798912048339844,0.5221960544586182,0.5949445962905884,0.8819864392280579,0.9655154943466187,0.9528676271438599,1.2155681848526,1.4088560342788696,1.382784128189087,1.6058253049850464,2.261441707611084,2.4396286010742188,2.7703745365142822,2.640007495880127,2.5164902210235596,2.8520195484161377,3.0130271911621094,2.827911853790283,2.9753494262695312,3.3054275512695312,3.2754878997802734,3.2697908878326416,3.5964603424072266,3.784736156463623,3.858211040496826,4.536486625671387,4.195844650268555,4.223852634429932,4.612829208374023,4.563248634338379,4.322439193725586,4.552687644958496,4.873342514038086,4.797553062438965,4.738894462585449,5.029516220092773,5.320835113525391,5.2852349281311035,5.5049004554748535,5.825979232788086,4.294566631317139,3.9293947219848633,3.8258516788482666,4.138157367706299,4.050890922546387,3.6909964084625244,3.864912509918213,4.162841796875,3.9227213859558105,3.7679250240325928,4.122993469238281,4.284917831420898,4.02966833114624,4.1427788734436035,4.49546480178833,2.5204403400421143,2.2590396404266357,2.1196815967559814,2.164870262145996,1.9943820238113403,1.692597508430481,1.7358871698379517,1.8308531045913696,1.5078245401382446,1.3354054689407349,1.6088417768478394,1.5885225534439087,1.2592411041259766,1.415241003036499,1.6488323211669922
A5,0.6869221329689026,0.5316400527954102,0.5479662418365479,0.3789158761501312,0.0,0.3776552379131317,0.5267797112464905,0.4999368190765381,0.6479477286338806,0.8425306677818298,0.9384819865226746,1.1059013605117798,1.2910832166671753,1.3672516345977783,1.5964964628219604,2.221263885498047,2.342193365097046,2.694167375564575,2.5985167026519775,2.4333083629608154,2.742218494415283,2.9455277919769287,2.7770190238952637,2.883183717727661,3.2252614498138428,3.2396459579467773,3.2321994304656982,3.536065101623535,3.753965139389038,3.8468430042266846,4.426280975341797,4.079082012176514,4.131639003753662,4.514281749725342,4.434873104095459,4.199148178100586,4.452722549438477,4.758883953094482,4.664370536804199,4.627697944641113,4.934547424316406,5.2079997062683105,5.166572570800781,5.406364440917969,5.714742183685303,4.09318208694458,3.729792356491089,3.616225004196167,3.9088873863220215,3.810094118118286,3.445603847503662,3.6120448112487793,3.8967764377593994,3.640544891357422,3.485060453414917,3.842604160308838,3.9857494831085205,3.7186098098754883,3.841477632522583,4.18604040145874,2.189302682876587,1.9444756507873535,1.8284541368484497,1.8445703983306885,1.6484850645065308,1.3717764616012573,1.4329967498779297,1.4924355745315552,1.15229332447052,1.0300381183624268,1.3258715867996216,1.2802289724349976,0.9842828512191772,1.2157995700836182,1.4504133462905884
A6,0.9399720430374146,0.6427844166755676,0.555260956287384,0.5798912048339844,0.3776552379131317,0.0,0.37572214007377625,0.5508108139038086,0.535516619682312,0.6090156435966492,0.8330580592155457,1.0199345350265503,1.0937553644180298,1.1679130792617798,1.4594849348068237,1.8564658164978027,1.9723329544067383,2.3269872665405273,2.2474684715270996,2.0911645889282227,2.396289110183716,2.6026761531829834,2.4574520587921143,2.572317600250244,2.903496503829956,2.9273316860198975,2.947577953338623,3.247502326965332,3.4581758975982666,3.5746638774871826,4.063935279846191,3.7132272720336914,3.759347438812256,4.14207649230957,4.064847469329834,3.8253068923950195,4.076193809509277,4.3841938972473145,4.2911200523376465,4.251716136932373,4.557242393493652,4.832113265991211,4.792857646942139,5.031569004058838,5.340375900268555,3.7515206336975098,3.384232997894287,3.285275936126709,3.588078737258911,3.48659348487854,3.1277074813842773,3.3110830783843994,3.599569797515869,3.3527579307556152,3.2110116481781006,3.5740277767181396,3.7278668880462646,3.482337474822998,3.6130857467651367,3.9640517234802246,2.0447330474853516,1.7541065216064453,1.6695982217788696,1.7556838989257812,1.5418033599853516,1.235930323600769,1.3805181980133057,1.4961743354797363,1.1603193283081055,1.0648088455200195,1.425327181816101,1.438348650932312,1.2046221494674683,1.4478318691253662,1.723464012145996
A7,1.0360997915267944,0.8540636897087097,0.6136237978935242,0.5221960544586182,0.5267797112464905,0.37572214007377625,0.0,0.3807544410228729,0.5345681309700012,0.4675004780292511,0.5359051823616028,0.8237512111663818,0.9266416430473328,0.9023625254631042,1.1783818006515503,1.7956501245498657,1.960645318031311,2.287402391433716,2.1469204425811768,2.0040385723114014,2.3396971225738525,2.503575563430786,2.3145930767059326,2.4539546966552734,2.7863757610321045,2.766578435897827,2.762509822845459,3.0831472873687744,3.2787270545959473,3.3641304969787598,4.039031505584717,3.7054860591888428,3.7482006549835205,4.136533737182617,4.087629318237305,3.8631575107574463,4.100650787353516,4.413597106933594,4.352046012878418,4.310270309448242,4.594995498657227,4.885290622711182,4.870995998382568,5.099050045013428,5.4125237464904785,3.9362921714782715,3.561253070831299,3.495021343231201,3.808943033218384,3.6923975944519043,3.3465206623077393,3.557645320892334,3.840796709060669,3.594627857208252,3.4793143272399902,3.850175142288208,4.001387119293213,3.7730538845062256,3.919982433319092,4.270101070404053,2.3937478065490723,2.092902660369873,2.029829978942871,2.124861240386963,1.8947653770446777,1.599221110343933,1.7557283639907837,1.8575797080993652,1.5099196434020996,1.4282495975494385,1.7750121355056763,1.7557740211486816,1.4921283721923828,1.7304515838623047,1.9763797521591187
A8,1.0963348150253296,0.9943562746047974,0.8523210883140564,0.5949445962905884,0.4999368190765381,0.5508108139038086,0.3807544410228729,0.0,0.38599303364753723,0.5284833312034607,0.4767874479293823,0.6374325156211853,0.8821796774864197,0.9433503746986389,1.1189861297607422,2.058175802230835,2.186157464981079,2.513720989227295,2.363008499145508,2.1727988719940186,2.4947757720947266,2.675830841064453,2.4582455158233643,2.5537850856781006,2.9078125953674316,2.901796579360962,2.8518621921539307,3.1600327491760254,3.3847718238830566,3.4472086429595947,4.219110488891602,3.8945748805999756,3.9684736728668213,4.351983070373535,4.287537574768066,4.083332061767578,4.339498519897461,4.637257099151611,4.575960636138916,4.5595550537109375,4.848328590393066,5.127963542938232,5.123233318328857,5.366662979125977,5.668745994567871,4.146317005157471,3.770198106765747,3.7042734622955322,3.997253179550171,3.8587207794189453,3.5117595195770264,3.7224113941192627,3.984919548034668,3.7132716178894043,3.6062214374542236,3.9827725887298584,4.103532791137695,3.8585240840911865,4.023243427276611,4.359745025634766,2.4370784759521484,2.1738688945770264,2.133265733718872,2.164139747619629,1.904187560081482,1.6604328155517578,1.8032608032226562,1.826862096786499,1.4596112966537476,1.4366496801376343,1.7494629621505737,1.6491097211837769,1.3845168352127075,1.6640191078186035,1.8453465700149536
A9,1.328601360321045,1.120861530303955,1.0323619842529297,0.8819864392280579,0.6479477286338806,0.535516619682312,0.5345681309700012,0.38599303364753723,0.0,0.36252883076667786,0.5563661456108093,0.5539654493331909,0.693237841129303,0.8904299139976501,1.0977263450622559,1.8796422481536865,1.9475568532943726,2.2896275520324707,2.176145315170288,1.9481663703918457,2.2401673793792725,2.461115598678589,2.268925428390503,2.325972318649292,2.6858808994293213,2.7261710166931152,2.6865923404693604,2.9694714546203613,3.2180778980255127,3.309314012527466,3.953320026397705,3.623830556869507,3.718493700027466,4.094980239868164,4.006170272827148,3.8081462383270264,4.0830583572387695,4.36710262298584,4.292788028717041,4.296204566955566,4.5960164070129395,4.860278606414795,4.85427713394165,5.113968849182129,5.403988361358643,3.8331995010375977,3.457594156265259,3.3957109451293945,3.6741058826446533,3.520033121109009,3.175776720046997,3.3920819759368896,3.640315532684326,3.3580212593078613,3.2639901638031006,3.6454930305480957,3.751444101333618,3.5102529525756836,3.691659927368164,4.021418571472168,2.146562099456787,1.8798139095306396,1.890956163406372,1.9293127059936523,1.6335088014602661,1.4187498092651367,1.6235579252243042,1.6339448690414429,1.2668771743774414,1.3218151330947876,1.6625614166259766,1.5673060417175293,1.3755232095718384,1.7004773616790771,1.892823576927185
A10,1.464630126953125,1.2350414991378784,1.0484553575515747,0.9655154943466187,0.8425306677818298,0.6090156435966492,0.4675004780292511,0.5284833312034607,0.36252883076667786,0.0,0.39050188660621643,0.5154128074645996,0.49150151014328003,0.5931789875030518,0.8844165205955505,1.562240481376648,1.6683602333068848,1.9945566654205322,1.8534119129180908,1.6509557962417603,1.9686602354049683,2.1591780185699463,1.9604729413986206,2.0546820163726807,2.403878927230835,2.4175055027008057,2.39495587348938,2.6950178146362305,2.9206926822662354,3.015352725982666,3.6908812522888184,3.366396903991699,3.444380044937134,3.8266470432281494,3.7623865604400635,3.5642035007476807,3.8227484226226807,4.116485595703125,4.062462329864502,4.053684234619141,4.33852481842041,4.61689567565918,4.623817443847656,4.870746612548828,5.167928695678711,3.7025158405303955,3.321364164352417,3.287529706954956,3.585624933242798,3.43049693107605,3.0989508628845215,3.3403124809265137,3.59511661529541,3.3302931785583496,3.2560229301452637,3.6405670642852783,3.7633461952209473,3.551525592803955,3.737020254135132,4.074097633361816,2.293897867202759,1.9871572256088257,2.0100178718566895,2.112032651901245,1.8240180015563965,1.578787088394165,1.81846022605896,1.884369134902954,1.531424880027771,1.557116985321045,1.9242316484451294,1.8761357069015503,1.6795518398284912,1.9793879985809326,2.204263925552368
A11,1.4974956512451172,1.3698993921279907,1.1374485492706299,0.9528676271438599,0.9384819865226746,0.8330580592155457,0.5359051823616028,0.4767874479293823,0.5563661456108093,0.39050188660621643,0.0,0.375752329826355,0.5351924896240234,0.48228564858436584,0.6639937162399292,1.7692806720733643,1.9178404808044434,2.208707571029663,2.0077760219573975,1.8194807767868042,2.156883955001831,2.3009135723114014,2.049190044403076,2.157979726791382,2.508510112762451,2.4736125469207764,2.406558036804199,2.7254481315612793,2.9396283626556396,2.9863686561584473,3.888376235961914,3.584193229675293,3.6617796421051025,4.045352458953857,4.004796504974365,3.8227384090423584,4.069035530090332,4.3640642166137695,4.33585786819458,4.325973987579346,4.592593669891357,4.88175630569458,4.907781600952148,5.145125389099121,5.445051193237305,4.057613372802734,3.6745917797088623,3.6557788848876953,3.957026958465576,3.7946414947509766,3.4704501628875732,3.7207839488983154,3.9708352088928223,3.703467845916748,3.639251470565796,4.025537490844727,4.142396450042725,3.931732654571533,4.122967720031738,4.4571123123168945,2.65771484375,2.3628339767456055,2.3733510971069336,2.452735185623169,2.1658384799957275,1.9257259368896484,2.133495569229126,2.176510810852051,1.8108291625976562,1.8210232257843018,2.1635589599609375,2.077620029449463,1.839295506477356,2.1278326511383057,2.3170664310455322
A12,1.7328230142593384,1.5941555500030518,1.4238201379776,1.2155681848526,1.1059013605117798,1.0199345350265503,0.8237512111663818,0.6374325156211853,0.5539654493331909,0.5154128074645996,0.375752329826355,0.0,0.3818233609199524,0.5585751533508301,0.6002310514450073,1.877023696899414,1.9599117040634155,2.249174118041992,2.0599899291992188,1.8120126724243164,2.114166259765625,2.289942502975464,2.0280961990356445,2.0714662075042725,2.4408822059631348,2.444403886795044,2.3401613235473633,2.6293249130249023,2.8826286792755127,2.9248857498168945,3.8447835445404053,3.550098180770874,3.6659107208251953,4.039091110229492,3.975038528442383,3.8174993991851807,4.08707332611084,4.359921455383301,4.329214096069336,4.352113246917725,4.6241960525512695,4.896035671234131,4.933104515075684,5.190379619598389,5.4730730056762695,4.046975135803223,3.6648128032684326,3.6557936668395996,3.932159185409546,3.7412850856781006,3.424168109893799,3.6817524433135986,3.9040019512176514,3.613565444946289,3.571122646331787,3.963080883026123,4.046604633331299,3.832798480987549,4.050087928771973,4.367338180541992,2.600770950317383,2.331681966781616,2.390843152999878,2.43638014793396,2.1141815185546875,1.9309426546096802,2.162125825881958,2.1494035720825195,1.7839252948760986,1.8699257373809814,2.1991055011749268,2.066896915435791,1.8721832036972046,2.2014944553375244,2.3520255088806152
A13,1.927505373954773,1.7211874723434448,1.5299098491668701,1.4088560342788696,1.2910832166671753,1.0937553644180298,0.9266416430473328,0.8821796774864197,0.693237841129303,0.49150151014328003,0.5351924896240234,0.3818233609199524,0.0,0.38072407245635986,0.5404830574989319,1.5318821668624878,1.5950207710266113,1.8762649297714233,1.6926286220550537,1.4329283237457275,1.7327306270599365,1.91469144821167,1.6665785312652588,1.710510015487671,2.078239917755127,2.097287178039551,2.019084930419922,2.304793119430542,2.557746648788452,2.6300742626190186,3.464332103729248,3.168745994567871,3.2850232124328613,3.6575653553009033,3.5954105854034424,3.440875768661499,3.7099156379699707,3.9809560775756836,3.9557876586914062,3.9816434383392334,4.249820709228516,4.521478176116943,4.565727710723877,4.823256492614746,5.10331392288208,3.7277183532714844,3.3442957401275635,3.3588790893554688,3.6391563415527344,3.439913272857666,3.136505126953125,3.414222478866577,3.631868839263916,3.3512637615203857,3.331394910812378,3.725217342376709,3.8137006759643555,3.6262998580932617,3.853506326675415,4.171209335327148,2.5214121341705322,2.225590467453003,2.319683313369751,2.41487455368042,2.087655782699585,1.9013341665267944,2.1818833351135254,2.205228805541992,1.8575142621994019,1.9549099206924438,2.3130295276641846,2.224777936935425,2.0617411136627197,2.392047643661499,2.579754590988159
A14,1.9250119924545288,1.7502268552780151,1.489700436592102,1.382784128189087,1.3672516345977783,1.1679130792617798,0.9023625254631042,0.9433503746986389,0.8904299139976501,0.5931789875030518,0.48228564858436584,0.5585751533508301,0.38072407245635986,0.0,0.3769254982471466,1.4414575099945068,1.5906847715377808,1.8371614217758179,1.5964635610580444,1.4045836925506592,1.7478498220443726,1.860095739364624,1.5845816135406494,1.7032793760299683,2.047485589981079,1.9969511032104492,1.9264674186706543,2.2509028911590576,2.4580705165863037,2.508009195327759,3.469412088394165,3.183516025543213,3.2669272422790527,3.6472184658050537,3.6244773864746094,3.4645094871520996,3.703357458114624,3.9917097091674805,3.9915120601654053,3.991219997406006,4.2382073402404785,4.531415939331055,4.585045337677002,4.8190178871154785,5.113015174865723,3.8549818992614746,3.470475912094116,3.4985859394073486,3.802013874053955,3.617776393890381,3.321444034576416,3.6070339679718018,3.8407633304595947,3.5824458599090576,3.561662435531616,3.951551914215088,4.063989162445068,3.8915414810180664,4.105856895446777,4.434088230133057,2.794877052307129,2.476543426513672,2.5384819507598877,2.6644225120544434,2.3614463806152344,2.1331899166107178,2.397442579269409,2.460706949234009,2.1093621253967285,2.1501054763793945,2.5162816047668457,2.4530584812164307,2.2491753101348877,2.5483007431030273,2.7545905113220215
A15,2.154332160949707,2.027266263961792,1.7756004333496094,1.6058253049850464,1.5964964628219604,1.4594849348068237,1.1783818006515503,1.1189861297607422,1.0977263450622559,0.8844165205955505,0.6639937162399292,0.6002310514450073,0.5404830574989319,0.3769254982471466,0.0,1.7215842008590698,1.8509962558746338,2.060231924057007,1.788225769996643,1.5752347707748413,1.8946518898010254,1.9833574295043945,1.6610476970672607,1.741037130355835,2.089059591293335,2.020794630050659,1.8793933391571045,2.1949682235717773,2.4157772064208984,2.415303945541382,3.588395357131958,3.3301148414611816,3.4379239082336426,3.8080620765686035,3.7904508113861084,3.6621720790863037,3.903785228729248,4.175848007202148,4.196199417114258,4.216686725616455,4.450007438659668,4.738877773284912,4.815958023071289,5.0537800788879395,5.337068557739258,4.1271653175354,3.743767023086548,3.7899463176727295,4.07958984375,3.8729522228240967,3.588583469390869,3.8849055767059326,4.097466945648193,3.8251824378967285,3.826059103012085,4.219705581665039,4.308143615722656,4.137136459350586,4.371208190917969,4.68698787689209,3.0603034496307373,2.761491537094116,2.8418657779693604,2.938053607940674,2.6165003776550293,2.417980909347534,2.678117036819458,2.701500415802002,2.3423211574554443,2.4112565517425537,2.759814977645874,2.6532180309295654,2.4482853412628174,2.7610082626342773,2.9275546073913574
B1,2.6615395545959473,2.3333964347839355,2.1015913486480713,2.261441707611084,2.221263885498047,1.8564658164978027,1.7956501245498657,2.058175802230835,1.8796422481536865,1.562240481376648,1.7692806720733643,1.877023696899414,1.5318821668624878,1.4414575099945068,1.7215842008590698,0.0,0.3863120377063751,0.553248941898346,0.5067124366760254,0.628705620765686,0.883289098739624,0.9490563869476318,1.0012133121490479,1.2477892637252808,1.400930643081665,1.41162109375,1.6380959749221802,1.896304726600647,1.989836573600769,2.226344347000122,2.3367855548858643,2.0049760341644287,1.9874378442764282,2.3807032108306885,2.3878896236419678,2.1623284816741943,2.3556694984436035,2.6825923919677734,2.6757431030273438,2.6159884929656982,2.8583314418792725,3.171553134918213,3.2060041427612305,3.41292142868042,3.726222038269043,2.6877965927124023,2.321415424346924,2.416156053543091,2.7601137161254883,2.6200881004333496,2.387834072113037,2.7030110359191895,2.954169988632202,2.802720308303833,2.819774866104126,3.1668362617492676,3.3494601249694824,3.287912368774414,3.4699978828430176,3.8029892444610596,2.702765941619873,2.3316457271575928,2.4336564540863037,2.7307186126708984,2.515275716781616,2.276688575744629,2.6005935668945312,2.8051719665527344,2.5731141567230225,2.581249713897705,2.9684412479400635,3.068634033203125,2.954998254776001,3.196955442428589,3.5082650184631348
B2,2.83182430267334,2.4779529571533203,2.28910493850708,2.4396286010742188,2.342193365097046,1.9723329544067383,1.960645318031311,2.186157464981079,1.9475568532943726,1.6683602333068848,1.9178404808044434,1.9599117040634155,1.5950207710266113,1.5906847715377808,1.8509962558746338,0.3863120377063751,0.0,0.37904295325279236,0.5485355257987976,0.5272669196128845,0.6457278728485107,0.8404130935668945,0.9777321219444275,1.1187412738800049,1.2693413496017456,1.387009620666504,1.6190444231033325,1.8174216747283936,1.954200267791748,2.2273108959198,2.111393690109253,1.7607977390289307,1.792423963546753,2.178152322769165,2.1340954303741455,1.9174647331237793,2.157250165939331,2.4606707096099854,2.4291210174560547,2.4101593494415283,2.677441358566284,2.9643051624298096,2.9981629848480225,3.2378528118133545,3.531158208847046,2.398016929626465,2.0260658264160156,2.139427661895752,2.461975574493408,2.2913548946380615,2.0691609382629395,2.4026684761047363,2.6292762756347656,2.4662668704986572,2.5123250484466553,2.863123655319214,3.024172782897949,2.976673126220703,3.180797815322876,3.50000262260437,2.528442621231079,2.1737759113311768,2.3286986351013184,2.622173309326172,2.3964009284973145,2.20534610748291,2.5543439388275146,2.737794876098633,2.530606746673584,2.585556983947754,2.963987350463867,3.058441162109375,2.988511323928833,3.248933792114258,3.5501222610473633
B3,3.1734163761138916,2.829334259033203,2.6216416358947754,2.7703745365142822,2.694167375564575,2.3269872665405273,2.287402391433716,2.513720989227295,2.2896275520324707,1.9945566654205322,2.208707571029663,2.249174118041992,1.8762649297714233,1.8371614217758179,2.060231924057007,0.553248941898346,0.37904295325279236,0.0,0.3896639347076416,0.5470905303955078,0.5255519151687622,0.5821664333343506,0.8367028832435608,1.0051484107971191,1.0447211265563965,1.1506773233413696,1.4460887908935547,1.612372875213623,1.6973599195480347,1.998392105102539,1.789393663406372,1.4558688402175903,1.4666191339492798,1.8571025133132935,1.8542636632919312,1.6578807830810547,1.87059485912323,2.1760783195495605,2.188600778579712,2.16755747795105,2.4014739990234375,2.7014832496643066,2.769578695297241,2.9947609901428223,3.2857351303100586,2.3827097415924072,2.0323545932769775,2.2037627696990967,2.517026901245117,2.3403890132904053,2.172290802001953,2.521407127380371,2.7229390144348145,2.590543508529663,2.6758909225463867,3.00624942779541,3.1640617847442627,3.1587679386138916,3.367854118347168,3.67159104347229,2.8635334968566895,2.516150951385498,2.679865837097168,2.981232166290283,2.760502815246582,2.5775349140167236,2.926574468612671,3.1121838092803955,2.9085276126861572,2.9637088775634766,3.3418750762939453,3.437222719192505,3.3647937774658203,3.624191999435425,3.926257848739624
B4,3.081596851348877,2.7709522247314453,2.525949239730835,2.640007495880127,2.5985167026519775,2.2474684715270996,2.1469204425811768,2.363008499145508,2.176145315170288,1.8534119129180908,2.0077760219573975,2.0599899291992188,1.6926286220550537,1.5964635610580444,1.788225769996643,0.5067124366760254,0.5485355257987976,0.3896639347076416,0.0,0.3814747631549835,0.5561981201171875,0.4671388864517212,0.5553488731384277,0.8377147912979126,0.9223889112472534,0.916181206703186,1.1803228855133057,1.416560411453247,1.4910603761672974,1.7467467784881592,1.9783214330673218,1.6903495788574219,1.7068560123443604,2.0927867889404297,2.130437135696411,1.96988046169281,2.1573374271392822,2.458022356033325,2.510040760040283,2.488145112991333,2.68990421295166,3.0018343925476074,3.0949487686157227,3.3027565479278564,3.5950112342834473,2.7720487117767334,2.4202046394348145,2.5840680599212646,2.8986399173736572,2.7157111167907715,2.5364208221435547,2.8848462104797363,3.087822675704956,2.936039686203003,3.015542507171631,3.3582940101623535,3.507364273071289,3.482274055480957,3.698711395263672,4.006800651550293,3.0541391372680664,2.6986939907073975,2.845180034637451,3.1265251636505127,2.883361577987671,2.6801295280456543,3.023515224456787,3.195697784423828,2.954563617706299,3.0015854835510254,3.3898956775665283,3.4586052894592285,3.351263999938965,3.6188242435455322,3.909956216812134
B5,2.9751367568969727,2.6611328125,2.4392685890197754,2.5164902210235596,2.4333083629608154,2.0911645889282227,2.0040385723114014,2.1727988719940186,1.9481663703918457,1.6509557962417603,1.8194807767868042,1.8120126724243164,1.4329283237457275,1.4045836925506592,1.5752347707748413,0.628705620765686,0.5272669196128845,0.5470905303955078,0.3814747631549835,0.0,0.37824738025665283,0.5184376835823059,0.4906936585903168,0.6351165175437927,0.8585041165351868,0.9497156143188477,1.1198234558105469,1.3445255756378174,1.5154950618743896,1.7564703226089478,2.073075532913208,1.7808445692062378,1.8708938360214233,2.2460126876831055,2.22908091545105,2.0915145874023438,2.3299496173858643,2.6020236015319824,2.630280017852783,2.653702974319458,2.8803305625915527,3.1653261184692383,3.2564783096313477,3.4964611530303955,3.7700066566467285,2.7864506244659424,2.4221246242523193,2.5724306106567383,2.864980697631836,2.6493520736694336,2.4520349502563477,2.8056836128234863,2.991563320159912,2.799171209335327,2.8859384059906006,3.2470452785491943,3.36480975151062,3.317866325378418,3.558919668197632,3.859884738922119,2.848864793777466,2.5078487396240234,2.683974027633667,2.9339711666107178,2.66145658493042,2.4878339767456055,2.8451714515686035,2.9799869060516357,2.7315101623535156,2.8182320594787598,3.2028541564941406,3.2409117221832275,3.1501781940460205,3.4429383277893066,3.7122578620910645
B6,3.2979228496551514,2.966865301132202,2.76779842376709,2.8520195484161377,2.742218494415283,2.396289110183716,2.3396971225738525,2.4947757720947266,2.2401673793792725,1.9686602354049683,2.156883955001831,2.114166259765625,1.7327306270599365,1.7478498220443726,1.8946518898010254,0.883289098739624,0.6457278728485107,0.5255519151687622,0.5561981201171875,0.37824738025665283,0.0,0.3811226785182953,0.5665670037269592,0.5466036200523376,0.6641730070114136,0.892646074295044,1.1060408353805542,1.2279943227767944,1.4096921682357788,1.704102873802185,1.7349833250045776,1.4439349174499512,1.5790843963623047,1.9384698867797852,1.8963627815246582,1.7891162633895874,2.0499889850616455,2.293907403945923,2.325697898864746,2.385667562484741,2.6108593940734863,2.8753554821014404,2.983659505844116,3.2403383255004883,3.4927971363067627,2.566102981567383,2.2168893814086914,2.4089577198028564,2.6734964847564697,2.432912588119507,2.2776899337768555,2.647505521774292,2.797065496444702,2.6150107383728027,2.7456295490264893,3.0932610034942627,3.191378116607666,3.1801259517669678,3.437727689743042,3.7170894145965576,2.909762382507324,2.588184118270874,2.8014042377471924,3.0553653240203857,2.786778450012207,2.650845527648926,3.0203678607940674,3.1467320919036865,2.925518274307251,3.0390563011169434,3.413973808288574,3.455958843231201,3.3977322578430176,3.6962387561798096,3.962301254272461
B7,3.472512722015381,3.16080641746521,2.9279162883758545,3.0130271911621094,2.9455277919769287,2.6026761531829834,2.503575563430786,2.675830841064453,2.461115598678589,2.1591780185699463,2.3009135723114014,2.289942502975464,1.91469144821167,1.860095739364624,1.9833574295043945,0.9490563869476318,0.8404130935668945,0.5821664333343506,0.4671388864517212,0.5184376835823059,0.3811226785182953,0.0,0.3877573311328888,0.5296430587768555,0.4807058274745941,0.5870596766471863,0.8890778422355652,1.032158613204956,1.1268473863601685,1.4305789470672607,1.635722041130066,1.3913973569869995,1.4809433221817017,1.8402984142303467,1.8727972507476807,1.7876789569854736,1.9917081594467163,2.244563341140747,2.3331875801086426,2.3691935539245605,2.546152353286743,2.8345773220062256,2.9743645191192627,3.198247194290161,3.457510471343994,2.7644686698913574,2.4319279193878174,2.647876739501953,2.921647071838379,2.696533679962158,2.566249132156372,2.936183452606201,3.087179660797119,2.931661605834961,3.0677103996276855,3.4024498462677,3.51296329498291,3.5198609828948975,3.7680416107177734,4.0473456382751465,3.2601611614227295,2.9277284145355225,3.119994878768921,3.3855910301208496,3.1233623027801514,2.9636383056640625,3.3248770236968994,3.4661173820495605,3.2317798137664795,3.3213841915130615,3.704071044921875,3.7498397827148438,3.665989398956299,3.956106185913086,4.228736400604248
B8,3.3178608417510986,3.0367603302001953,2.7850780487060547,2.827911853790283,2.7770190238952637,2.4574520587921143,2.3145930767059326,2.4582455158233643,2.268925428390503,1.9604729413986206,2.049190044403076,2.0280961990356445,1.6665785312652588,1.5845816135406494,1.6610476970672607,1.0012133121490479,0.9777321219444275,0.8367028832435608,0.5553488731384277,0.4906936585903168,0.5665670037269592,0.3877573311328888,0.0,0.37833136320114136,0.5216301083564758,0.4814426600933075,0.646797239780426,0.9036874175071716,1.0447273254394531,1.2692896127700806,1.9704207181930542,1.754450798034668,1.856426477432251,2.206840991973877,2.244520902633667,2.1730527877807617,2.3753304481506348,2.6229584217071533,2.7178640365600586,2.756528377532959,2.9280974864959717,3.2177481651306152,3.3617303371429443,3.5825355052948,3.842177152633667,3.1030983924865723,2.7581729888916016,2.9506099224090576,3.2278225421905518,2.9957234859466553,2.8380649089813232,3.2045323848724365,3.362346887588501,3.1777422428131104,3.299089193344116,3.6516828536987305,3.751769781112671,3.728020191192627,3.984318971633911,4.269904136657715,3.320159912109375,2.985790252685547,3.1669342517852783,3.4059157371520996,3.1206328868865967,2.9516804218292236,3.307206630706787,3.4266843795776367,3.16119122505188,3.252728223800659,3.6388776302337646,3.6536271572113037,3.545348882675171,3.8464620113372803,4.101365089416504
B9,3.468451499938965,3.179094076156616,2.95536208152771,2.9753494262695312,2.883183717727661,2.572317600250244,2.4539546966552734,2.5537850856781006,2.325972318649292,2.0546820163726807,2.157979726791382,2.0714662075042725,1.710510015487671,1.7032793760299683,1.741037130355835,1.2477892637252808,1.1187412738800049,1.0051484107971191,0.8377147912979126,0.6351165175437927,0.5466036200523376,0.5296430587768555,0.37833136320114136,0.0,0.3803616762161255,0.5754421949386597,0.623062014579773,0.7567225694656372,1.016770839691162,1.2534875869750977,1.8925423622131348,1.6932328939437866,1.8697983026504517,2.1931560039520264,2.1837644577026367,2.154467821121216,2.395282745361328,2.601757764816284,2.687469244003296,2.7773680686950684,2.958505153656006,3.2159907817840576,3.371180772781372,3.6198344230651855,3.8522279262542725,3.0599091053009033,2.7211086750030518,2.9256672859191895,3.168468713760376,2.9022319316864014,2.7599880695343018,3.1336824893951416,3.2554516792297363,3.0496280193328857,3.201009750366211,3.55485200881958,3.6182990074157715,3.5996201038360596,3.88205623626709,4.146823406219482,3.2742416858673096,2.964646577835083,3.1835761070251465,3.3991618156433105,3.0962817668914795,2.9700069427490234,3.3380444049835205,3.4239792823791504,3.168148994445801,3.3017938137054443,3.677590847015381,3.670037031173706,3.5904998779296875,3.9117753505706787,4.146594047546387
B10,3.7912490367889404,3.4950356483459473,3.2640271186828613,3.3054275512695312,3.2252614498138428,2.903496503829956,2.7863757610321045,2.9078125953674316,2.6858808994293213,2.403878927230835,2.508510112762451,2.4408822059631348,2.078239917755127,2.047485589981079,2.089059591293335,1.400930643081665,1.2693413496017456,1.0447211265563965,0.9223889112472534,0.8585041165351868,0.6641730070114136,0.4807058274745941,0.5216301083564758,0.3803616762161255,0.0,0.3931884467601776,0.5881522297859192,0.593506395816803,0.7665911316871643,1.0816426277160645,1.5767992734909058,1.4228230714797974,1.5959923267364502,1.8970766067504883,1.9246591329574585,1.932843565940857,2.142749547958374,2.332387685775757,2.4590232372283936,2.5534286499023438,2.6977334022521973,2.9553256034851074,3.1407482624053955,3.37443470954895,3.596679925918579,3.0118753910064697,2.6976053714752197,2.940941333770752,3.1745829582214355,2.9111297130584717,2.8128483295440674,3.192570686340332,3.2969439029693604,3.1238300800323486,3.301332950592041,3.63386869430542,3.7007076740264893,3.7199862003326416,3.999356269836426,4.252399444580078,3.5337045192718506,3.2237136363983154,3.446467161178589,3.6826674938201904,3.3947136402130127,3.2684502601623535,3.6385295391082764,3.741246223449707,3.498910903930664,3.624577760696411,4.001730442047119,4.011626720428467,3.9362637996673584,4.2495436668396,4.4956817626953125
B11,3.7733731269836426,3.5035970211029053,3.2401247024536133,3.2754878997802734,3.2396459579467773,2.9273316860198975,2.766578435897827,2.901796579360962,2.7261710166931152,2.4175055027008057,2.4736125469207764,2.444403886795044,2.097287178039551,1.9969511032104492,2.020794630050659,1.41162109375,1.387009620666504,1.1506773233413696,0.916181206703186,0.9497156143188477,0.892646074295044,0.5870596766471863,0.4814426600933075,0.5754421949386597,0.3931884467601776,0.0,0.38607144355773926,0.5555316805839539,0.5801189541816711,0.8485859036445618,1.7823020219802856,1.6561155319213867,1.7626001834869385,2.0678720474243164,2.1577987670898438,2.154001235961914,2.313422679901123,2.526010274887085,2.6829776763916016,2.7374837398529053,2.8512587547302246,3.1359405517578125,3.329317331314087,3.529649257659912,3.7688562870025635,3.293109893798828,2.976198434829712,3.2118325233459473,3.469682216644287,3.227843999862671,3.1179254055023193,3.493283271789551,3.6212427616119385,3.45709490776062,3.614361524581909,3.9496078491210938,4.037017822265625,4.047732353210449,4.313418388366699,4.580707550048828,3.7638113498687744,3.4360854625701904,3.628535270690918,3.8708739280700684,3.5851473808288574,3.4258151054382324,3.784193992614746,3.900609254837036,3.636988401412964,3.73360013961792,4.119218826293945,4.129253387451172,4.020365238189697,4.3238325119018555,4.57450008392334
B12,3.78974986076355,3.544949531555176,3.2799322605133057,3.2697908878326416,3.2321994304656982,2.947577953338623,2.762509822845459,2.8518621921539307,2.6865923404693604,2.39495587348938,2.406558036804199,2.3401613235473633,2.019084930419922,1.9264674186706543,1.8793933391571045,1.6380959749221802,1.6190444231033325,1.4460887908935547,1.1803228855133057,1.1198234558105469,1.1060408353805542,0.8890778422355652,0.646797239780426,0.623062014579773,0.5881522297859192,0.38607144355773926,0.0,0.3773636817932129,0.5435177683830261,0.6650072932243347,2.0655434131622314,1.9640275239944458,2.108259439468384,2.395934820175171,2.4670257568359375,2.4876561164855957,2.663686752319336,2.8552663326263428,3.0114879608154297,3.08945631980896,3.204476833343506,3.4754550457000732,3.676795482635498,3.8870248794555664,4.114019393920898,3.5858452320098877,3.2622225284576416,3.488201379776001,3.73482346534729,3.4737980365753174,3.352389335632324,3.7287604808807373,3.84590482711792,3.6534664630889893,3.8137269020080566,4.1612749099731445,4.2252397537231445,4.217302322387695,4.499903678894043,4.761790752410889,3.865828514099121,3.549084424972534,3.7482247352600098,3.959838628768921,3.651249885559082,3.504333972930908,3.8610167503356934,3.9454829692840576,3.6637308597564697,3.7789814472198486,4.160035133361816,4.135087490081787,4.019299507141113,4.338323593139648,4.563540935516357
B13,4.113146781921387,3.8552820682525635,3.605466604232788,3.5964603424072266,3.536065101623535,3.247502326965332,3.0831472873687744,3.1600327491760254,2.9694714546203613,2.6950178146362305,2.7254481315612793,2.6293249130249023,2.304793119430542,2.2509028911590576,2.1949682235717773,1.896304726600647,1.8174216747283936,1.612372875213623,1.416560411453247,1.3445255756378174,1.2279943227767944,1.032158613204956,0.9036874175071716,0.7567225694656372,0.593506395816803,0.5555316805839539,0.3773636817932129,0.0,0.38628897070884705,0.5783545970916748,1.877143383026123,1.8312443494796753,2.0190622806549072,2.2616372108459473,2.3229777812957764,2.398538112640381,2.576742172241211,2.7232179641723633,2.897528648376465,3.0132434368133545,3.109177827835083,3.353050708770752,3.5801358222961426,3.79826283454895,3.9964418411254883,3.563657760620117,3.261425495147705,3.51460862159729,3.7310664653778076,3.4509623050689697,3.3657257556915283,3.747015953063965,3.82881498336792,3.6420881748199463,3.836292028427124,4.170267581939697,4.210254669189453,4.227828025817871,4.525261402130127,4.764479637145996,4.013057231903076,3.7127058506011963,3.9385178089141846,4.1470947265625,3.83615779876709,3.7171385288238525,4.083673477172852,4.1564178466796875,3.889904022216797,4.028337478637695,4.403659343719482,4.3752360343933105,4.28242826461792,4.610225677490234,4.829535007476807
