,A1,A2,A3,A4,A5,A6,A7,A8,A9,A10,A11,A12,A13,A14,A15,B1,B2,B3,B4,B5,B6,B7,B8,B9,B10,B11,B12,B13,B14,B15,C1,C2,C3,C4,C5,C6,C7,C8,C9,C10,C11,C12,C13,C14,C15,D1,D2,D3,D4,D5,D6,D7,D8,D9,D10,D11,D12,D13,D14,D15,E1,E2,E3,E4,E5,E6,E7,E8,E9,E10,E11,E12,E13,E14,E15
A1,0.0,0.3921002447605133,0.5384501218795776,0.649944007396698,0.766607940196991,1.0929901599884033,1.2667595148086548,1.6457273960113525,1.8973102569580078,2.2517950534820557,2.4644834995269775,2.8240182399749756,3.0760581493377686,3.2259976863861084,3.383225679397583,1.7258869409561157,1.7643762826919556,1.4185781478881836,1.547758936882019,1.8070545196533203,1.9256044626235962,2.035529613494873,2.2890498638153076,2.4987194538116455,2.8245999813079834,2.9875669479370117,3.3693816661834717,3.6209442615509033,3.7431740760803223,3.933643102645874,2.773815870285034,2.7944772243499756,2.6057450771331787,2.600226879119873,2.828054428100586,2.983726739883423,2.93914794921875,3.1345925331115723,3.4851326942443848,3.6844470500946045,3.872260808944702,4.118816375732422,4.360352993011475,4.495483875274658,4.513191223144531,3.74104905128479,3.8537328243255615,3.738626003265381,3.9029159545898438,4.06285285949707,4.0518646240234375,4.135804176330566,4.386805057525635,4.73804235458374,4.723246097564697,5.023002624511719,5.013999938964844,5.333061218261719,5.375461578369141,5.332099437713623,4.903806686401367,4.829319477081299,4.862853527069092,4.805811405181885,5.089603424072266,4.980501651763916,5.273928642272949,5.2127885818481445,5.578332901000977,5.554531097412109,5.874413013458252,5.8374409675598145,6.159351348876953,6.320394992828369,6.373030185699463
A2,0.3921002447605133,0.0,0.37472978234291077,0.5828137993812561,0.5956794619560242,0.8436565399169922,1.1160305738449097,1.4677739143371582,1.7509217262268066,2.074260950088501,2.319171667098999,2.6607911586761475,2.9087133407592773,3.089970350265503,3.2497477531433105,1.5998008251190186,1.5554107427597046,1.191789150238037,1.2683371305465698,1.4825756549835205,1.5754345655441284,1.7074031829833984,1.9401047229766846,2.176335573196411,2.492434024810791,2.6808059215545654,3.060067892074585,3.3148140907287598,3.4628918170928955,3.660996437072754,2.556867837905884,2.53957462310791,2.315737009048462,2.275777578353882,2.4870712757110596,2.622161865234375,2.567873001098633,2.751044273376465,3.1000757217407227,3.302816152572632,3.4988155364990234,3.754473924636841,4.004838943481445,4.154333114624023,4.188770771026611,3.489084005355835,3.585831880569458,3.4446043968200684,3.5873496532440186,3.7465243339538574,3.714440107345581,3.7855544090270996,4.027755260467529,4.376885414123535,4.3526153564453125,4.654174327850342,4.645697116851807,4.970336437225342,5.019110679626465,4.987816333770752,4.6889328956604,4.615529537200928,4.638739585876465,4.564094543457031,4.845174312591553,4.719767093658447,5.000343322753906,4.923647403717041,5.2842206954956055,5.244135856628418,5.557313442230225,5.507452487945557,5.823105812072754,5.974115371704102,6.016796112060547
A3,0.5384501218795776,0.37472978234291077,0.0,0.38474956154823303,0.6198655366897583,0.7727599740028381,1.0104957818984985,1.3457616567611694,1.6657671928405762,1.9747380018234253,2.248565196990967,2.599994659423828,2.885380983352661,3.090082883834839,3.290987730026245,1.935471773147583,1.8730180263519287,1.4965794086456299,1.5011696815490723,1.7037632465362549,1.7221500873565674,1.8071825504302979,1.988635540008545,2.209322690963745,2.4941015243530273,2.6971113681793213,3.0665295124053955,3.353998899459839,3.5047125816345215,3.735480785369873,2.8834850788116455,2.848273277282715,2.5988709926605225,2.51910662651062,2.7072722911834717,2.8013765811920166,2.7121126651763916,2.852498769760132,3.181997060775757,3.3639938831329346,3.5550453662872314,3.8152902126312256,4.0856547355651855,4.239923477172852,4.290349006652832,3.791368246078491,3.8797035217285156,3.7161636352539062,3.8335931301116943,3.9915366172790527,3.9302995204925537,3.9796416759490967,4.203105926513672,4.546297073364258,4.4969162940979,4.7977495193481445,4.778719425201416,5.111830711364746,5.158073902130127,5.139341354370117,5.014345645904541,4.942999362945557,4.959294319152832,4.871495246887207,5.1476616859436035,5.006692886352539,5.275561332702637,5.180222988128662,5.534255027770996,5.474161624908447,5.781074523925781,5.7108354568481445,6.0185322761535645,6.156653881072998,6.183177471160889
A4,0.649944007396698,0.5828137993812561,0.38474956154823303,0.0,0.4017845094203949,0.5876726508140564,0.696203887462616,1.0560088157653809,1.3465023040771484,1.680365800857544,1.9289757013320923,2.2932708263397217,2.5852856636047363,2.774273633956909,2.9857423305511475,1.913889765739441,1.8828632831573486,1.4997193813323975,1.4652420282363892,1.7308672666549683,1.7256983518600464,1.733842134475708,1.9334840774536133,2.095897674560547,2.390230894088745,2.5507419109344482,2.920264959335327,3.2090888023376465,3.325106143951416,3.5583255290985107,2.9463000297546387,2.947355031967163,2.712550163269043,2.618849277496338,2.840674877166748,2.9171905517578125,2.7904396057128906,2.9401845932006836,3.254521608352661,3.3997154235839844,3.555569887161255,3.789405107498169,4.0465850830078125,4.171352863311768,4.199616432189941,3.863377332687378,3.9851582050323486,3.8338630199432373,3.9397976398468018,4.128832817077637,4.069453716278076,4.095396995544434,4.33450174331665,4.663753509521484,4.596352577209473,4.877991676330566,4.831199645996094,5.1532301902771,5.171569347381592,5.1325788497924805,5.100584506988525,5.055625915527344,5.096933364868164,5.028357028961182,5.316845893859863,5.1914286613464355,5.4610915184021,5.377697944641113,5.732298851013184,5.674838066101074,5.973963737487793,5.9073028564453125,6.208212375640869,6.333726406097412,6.349193096160889
A5,0.766607940196991,0.5956794619560242,0.6198655366897583,0.4017845094203949,0.0,0.3824751675128937,0.549673855304718,0.9140100479125977,1.1646406650543213,1.5049787759780884,1.7307928800582886,2.079335927963257,2.334038496017456,2.5125441551208496,2.6917080879211426,1.5659328699111938,1.5237869024276733,1.1434687376022339,1.0864346027374268,1.3848648071289062,1.3986153602600098,1.3976393938064575,1.6438711881637573,1.797812819480896,2.123267889022827,2.26003098487854,2.63923978805542,2.9019501209259033,3.0110111236572266,3.221606731414795,2.599484920501709,2.6181259155273438,2.3957276344299316,2.3013110160827637,2.5520682334899902,2.633465528488159,2.502227306365967,2.683964967727661,3.001835346221924,3.1419804096221924,3.2843401432037354,3.5031421184539795,3.7403576374053955,3.851407527923584,3.8621835708618164,3.5122740268707275,3.6532044410705566,3.5132219791412354,3.617434024810791,3.8266665935516357,3.779143810272217,3.7989304065704346,4.0568132400512695,4.379325866699219,4.315309047698975,4.5858025550842285,4.530605316162109,4.841592311859131,4.848428249359131,4.79347562789917,4.755913734436035,4.72731876373291,4.784050941467285,4.728388786315918,5.025446891784668,4.913418769836426,5.183884620666504,5.1141133308410645,5.469675540924072,5.420507907867432,5.7147064208984375,5.659285068511963,5.957781791687012,6.079776763916016,6.09575891494751
A6,1.0929901599884033,0.8436565399169922,0.7727599740028381,0.5876726508140564,0.3824751675128937,0.0,0.38722726702690125,0.6506564617156982,0.9652507901191711,1.248762607574463,1.5291632413864136,1.860081434249878,2.1337199211120605,2.3587028980255127,2.567314624786377,1.74089515209198,1.6249492168426514,1.2557281255722046,1.0824735164642334,1.31812584400177,1.230418086051941,1.177981972694397,1.3613859415054321,1.508917212486267,1.805118441581726,1.9661778211593628,2.3370137214660645,2.6255276203155518,2.7540857791900635,2.994398832321167,2.660783290863037,2.643709897994995,2.385220766067505,2.2323200702667236,2.457090139389038,2.4847044944763184,2.309448719024658,2.452317237854004,2.746931314468384,2.8625824451446533,2.9965999126434326,3.217719078063965,3.4713075160980225,3.5903289318084717,3.6212470531463623,3.5111701488494873,3.6393160820007324,3.4683258533477783,3.533320188522339,3.7474560737609863,3.664945602416992,3.652616500854492,3.8938229084014893,4.203982353210449,4.111347198486328,4.37556266784668,4.3064045906066895,4.623002529144287,4.626177787780762,4.584486961364746,4.789303302764893,4.768874645233154,4.818108558654785,4.745188236236572,5.037639617919922,4.907922267913818,5.159042835235596,5.069305896759033,5.414624214172363,5.341469764709473,5.622468948364258,5.545960426330566,5.831121444702148,5.933117866516113,5.928228378295898
A7,1.2667595148086548,1.1160305738449097,1.0104957818984985,0.696203887462616,0.549673855304718,0.38722726702690125,0.0,0.3841242492198944,0.6566715240478516,0.9911556839942932,1.2400805950164795,1.599025845527649,1.8949881792068481,2.1021435260772705,2.3361637592315674,1.9005593061447144,1.8335685729980469,1.4803403615951538,1.2983813285827637,1.5806787014007568,1.478858470916748,1.339015245437622,1.5205010175704956,1.5791014432907104,1.8659101724624634,1.9680848121643066,2.327319383621216,2.6193580627441406,2.7012548446655273,2.948033571243286,2.8884639739990234,2.907090902328491,2.6700551509857178,2.5148277282714844,2.7605199813842773,2.7739031314849854,2.5705466270446777,2.7121493816375732,2.982868194580078,3.058154821395874,3.153563976287842,3.3440186977386475,3.583190441131592,3.669212818145752,3.6773200035095215,3.7402749061584473,3.896606683731079,3.7400505542755127,3.79655122756958,4.032852649688721,3.952991485595703,3.9216554164886475,4.171369552612305,4.466454029083252,4.357184410095215,4.601842403411865,4.5069451332092285,4.811160087585449,4.787182807922363,4.727184295654297,5.014802932739258,5.015964508056641,5.086101531982422,5.030586242675781,5.331056594848633,5.215120792388916,5.466943740844727,5.387224197387695,5.731617450714111,5.6611008644104,5.935381889343262,5.861231803894043,6.139830589294434,6.231245517730713,6.216617107391357
A8,1.6457273960113525,1.4677739143371582,1.3457616567611694,1.0560088157653809,0.9140100479125977,0.6506564617156982,0.3841242492198944,0.0,0.3744048774242401,0.6306946873664856,0.9296707510948181,1.272108793258667,1.5919653177261353,1.8377931118011475,2.1066677570343018,2.1109204292297363,2.0099527835845947,1.6869678497314453,1.4340171813964844,1.6735126972198486,1.4974251985549927,1.2747511863708496,1.388800024986267,1.3753869533538818,1.619221806526184,1.699307918548584,2.036966323852539,2.3470492362976074,2.419229745864868,2.6917264461517334,3.0155210494995117,3.023935079574585,2.7755019664764404,2.5780997276306152,2.8117306232452393,2.776106834411621,2.527273654937744,2.63797664642334,2.870377540588379,2.8998680114746094,2.9620749950408936,3.1318295001983643,3.371023178100586,3.4430930614471436,3.45418643951416,3.8046517372131348,3.9644618034362793,3.793299674987793,3.8130991458892822,4.0643768310546875,3.9605026245117188,3.893021821975708,4.133663177490234,4.406764030456543,4.267096519470215,4.492239475250244,4.371790885925293,4.669994354248047,4.627323627471924,4.567195415496826,5.095081806182861,5.115015506744385,5.190317630767822,5.131081581115723,5.430995464324951,5.310013771057129,5.545193195343018,5.456864356994629,5.790717601776123,5.703942775726318,5.9619269371032715,5.87424373626709,6.136903762817383,6.205776214599609,6.169497966766357
A9,1.8973102569580078,1.7509217262268066,1.6657671928405762,1.3465023040771484,1.1646406650543213,0.9652507901191711,0.6566715240478516,0.3744048774242401,0.0,0.3884690999984741,0.5840440988540649,0.9487850666046143,1.2622872591018677,1.482764720916748,1.7588346004486084,2.160040855407715,2.089205026626587,1.8046120405197144,1.5450892448425293,1.8075401782989502,1.6389423608779907,1.359012246131897,1.4886964559555054,1.3860180377960205,1.6261723041534424,1.6204956769943237,1.9395626783370972,2.2239060401916504,2.2405285835266113,2.4990761280059814,3.070276975631714,3.1138594150543213,2.893815040588379,2.6992921829223633,2.957441806793213,2.91575026512146,2.6507318019866943,2.7774453163146973,2.9887499809265137,2.9831104278564453,3.003122568130493,3.1326844692230225,3.341104507446289,3.3728885650634766,3.3506662845611572,3.8393611907958984,4.029426574707031,3.8782858848571777,3.8903989791870117,4.166723251342773,4.073602199554443,3.989581823348999,4.2451863288879395,4.4999775886535645,4.3516845703125,4.552260875701904,4.407322883605957,4.685356140136719,4.613173961639404,4.527585506439209,5.114662170410156,5.160589218139648,5.259997844696045,5.221932411193848,5.530279159545898,5.428389549255371,5.663303375244141,5.591264247894287,5.92310094833374,5.844343662261963,6.093430519104004,6.015247821807861,6.270642280578613,6.329885482788086,6.287511348724365
A10,2.2517950534820557,2.074260950088501,1.9747380018234253,1.680365800857544,1.5049787759780884,1.248762607574463,0.9911556839942932,0.6306946873664856,0.3884690999984741,0.0,0.37745827436447144,0.6621168851852417,1.0107918977737427,1.2975807189941406,1.6144905090332031,2.4185540676116943,2.3107597827911377,2.0545923709869385,1.750417947769165,1.9548954963684082,1.7287074327468872,1.4004323482513428,1.4439772367477417,1.2663443088531494,1.4303696155548096,1.3922817707061768,1.6680063009262085,1.9691883325576782,1.9764877557754517,2.2659010887145996,3.2226696014404297,3.2481701374053955,3.016465187072754,2.7848803997039795,3.020998954772949,2.932114601135254,2.6301238536834717,2.7199065685272217,2.8866233825683594,2.833853006362915,2.818711519241333,2.9243714809417725,3.1313698291778564,3.1499722003936768,3.134953737258911,3.917379379272461,4.103149890899658,3.935563802719116,3.9103522300720215,4.195027828216553,4.0767951011657715,3.95823335647583,4.199307441711426,4.429953575134277,4.252111911773682,4.432055950164795,4.263556003570557,4.53435754776001,4.445588111877441,4.363628387451172,5.198667049407959,5.259356498718262,5.359060764312744,5.313675403594971,5.617867946624756,5.508362293243408,5.724394798278809,5.641559600830078,5.960603713989258,5.8644208908081055,6.096151828765869,6.003276348114014,6.241437911987305,6.27794885635376,6.213911533355713
A11,2.4644834995269775,2.319171667098999,2.248565196990967,1.9289757013320923,1.7307928800582886,1.5291632413864136,1.2400805950164795,0.9296707510948181,0.5840440988540649,0.37745827436447144,0.0,0.3813621997833252,0.7173874974250793,0.9538388848304749,1.2843385934829712,2.487464189529419,2.417987108230591,2.195977210998535,1.9086171388626099,2.138343095779419,1.9417527914047241,1.595977783203125,1.6718308925628662,1.441711187362671,1.6047989130020142,1.4776979684829712,1.7196649312973022,1.9709290266036987,1.9065179824829102,2.164099931716919,3.3023526668548584,3.3656160831451416,3.16721510887146,2.9513585567474365,3.2118663787841797,3.1305651664733887,2.8282880783081055,2.9409494400024414,3.0952064990997314,3.0198349952697754,2.969369888305664,3.0346827507019043,3.2036750316619873,3.1787877082824707,3.1235649585723877,3.983884572982788,4.199307918548584,4.057362079620361,4.033379554748535,4.338416576385498,4.238031387329102,4.112297534942627,4.3695878982543945,4.585256099700928,4.407166957855225,4.564632892608643,4.377249240875244,4.625478744506836,4.50911283493042,4.399028778076172,5.2368669509887695,5.320774555206299,5.444467544555664,5.422515869140625,5.734529972076416,5.6466193199157715,5.865723133087158,5.802244663238525,6.120817184448242,6.037286758422852,6.26309871673584,6.183765411376953,6.417606830596924,6.449468612670898,6.3845391273498535
A12,2.8240182399749756,2.6607911586761475,2.599994659423828,2.2932708263397217,2.079335927963257,1.860081434249878,1.599025845527649,1.272108793258667,0.9487850666046143,0.6621168851852417,0.3813621997833252,0.0,0.38613614439964294,0.6930585503578186,1.05483877658844,2.7040414810180664,2.617781162261963,2.434587240219116,2.1268961429595947,2.3172378540039062,2.099147319793701,1.7294219732284546,1.7584327459335327,1.4654316902160645,1.5611572265625,1.362580418586731,1.5331412553787231,1.7549376487731934,1.6428022384643555,1.9026105403900146,3.419429063796997,3.4819388389587402,3.2912919521331787,3.0571858882904053,3.3078606128692627,3.1961159706115723,2.8724205493927,2.9686262607574463,3.0810251235961914,2.9608888626098633,2.8658857345581055,2.8893282413482666,3.032684564590454,2.9747989177703857,2.9047327041625977,4.024864196777344,4.247010707855225,4.104602336883545,4.051682472229004,4.369841575622559,4.259632587432861,4.105075359344482,4.357178211212158,4.5448198318481445,4.346401214599609,4.475189685821533,4.262217998504639,4.491114616394043,4.349335193634033,4.228774070739746,5.260495662689209,5.365774154663086,5.49896240234375,5.4811787605285645,5.7914862632751465,5.707670211791992,5.91167688369751,5.84919548034668,6.155732154846191,6.065220355987549,6.273351192474365,6.190102577209473,6.407413959503174,6.41949462890625,6.338275909423828
A13,3.0760581493377686,2.9087133407592773,2.885380983352661,2.5852856636047363,2.334038496017456,2.1337199211120605,1.8949881792068481,1.5919653177261353,1.2622872591018677,1.0107918977737427,0.7173874974250793,0.38613614439964294,0.0,0.3784193992614746,0.7114987969398499,2.745999574661255,2.66640043258667,2.534735918045044,2.231215476989746,2.4049129486083984,2.2038347721099854,1.829776644706726,1.8665448427200317,1.5373955965042114,1.6182996034622192,1.3421844244003296,1.4603224992752075,1.60248863697052,1.4196479320526123,1.6313755512237549,3.379613161087036,3.4629979133605957,3.301753282546997,3.0739357471466064,3.333714723587036,3.21863055229187,2.8955206871032715,3.007965326309204,3.098951578140259,2.955378770828247,2.8240842819213867,2.8033626079559326,2.901298999786377,2.8006489276885986,2.691309928894043,3.924804925918579,4.166963577270508,4.043939590454102,3.9804840087890625,4.3158369064331055,4.218109130859375,4.0505547523498535,4.313234329223633,4.478725433349609,4.279576778411865,4.381223678588867,4.150231838226318,4.352851390838623,4.184943675994873,4.038453102111816,5.1228413581848145,5.25238037109375,5.404477596282959,5.40426778793335,5.717098712921143,5.651113033294678,5.849431037902832,5.802875995635986,6.102558612823486,6.020755767822266,6.216835021972656,6.145226001739502,6.3531174659729,6.3565192222595215,6.272310733795166
A14,3.2259976863861084,3.089970350265503,3.090082883834839,2.774273633956909,2.5125441551208496,2.3587028980255127,2.1021435260772705,1.8377931118011475,1.482764720916748,1.2975807189941406,0.9538388848304749,0.6930585503578186,0.3784193992614746,0.0,0.3938271999359131,2.8008108139038086,2.765782356262207,2.6610376834869385,2.3910369873046875,2.59250545501709,2.433300018310547,2.0718162059783936,2.1534547805786133,1.8307807445526123,1.9385833740234375,1.6393153667449951,1.745058536529541,1.824058175086975,1.5866494178771973,1.722773551940918,3.452700138092041,3.575100898742676,3.450136184692383,3.2512896060943604,3.534322738647461,3.4427905082702637,3.1370480060577393,3.278560161590576,3.3754236698150635,3.2346296310424805,3.091851234436035,3.0477428436279297,3.109431028366089,2.9754297733306885,2.8247122764587402,3.9978339672088623,4.267046928405762,4.1754679679870605,4.126641273498535,4.4741597175598145,4.402597427368164,4.242732524871826,4.522613048553467,4.681875705718994,4.495743274688721,4.583646774291992,4.347008228302002,4.528507232666016,4.342515468597412,4.168275356292725,5.151549816131592,5.298742294311523,5.4734086990356445,5.498572826385498,5.818111419677734,5.775935649871826,5.982207775115967,5.9580488204956055,6.259950637817383,6.196616172790527,6.392166614532471,6.338949680328369,6.547964096069336,6.555270671844482,6.478700160980225
A15,3.383225679397583,3.2497477531433105,3.290987730026245,2.9857423305511475,2.6917080879211426,2.567314624786377,2.3361637592315674,2.1066677570343018,1.7588346004486084,1.6144905090332031,1.2843385934829712,1.05483877658844,0.7114987969398499,0.3938271999359131,0.0,2.758556365966797,2.742706775665283,2.690279483795166,2.443740129470825,2.637028455734253,2.5142149925231934,2.1708526611328125,2.2805697917938232,1.9596625566482544,2.0824902057647705,1.7537848949432373,1.8427587747573853,1.8421863317489624,1.5655049085617065,1.6112730503082275,3.338921308517456,3.490355968475342,3.404019832611084,3.2283596992492676,3.5251896381378174,3.449213743209839,3.162294626235962,3.3325459957122803,3.426731586456299,3.2868564128875732,3.1296627521514893,3.0581579208374023,3.076112747192383,2.910693883895874,2.7180283069610596,3.839512825012207,4.13109016418457,4.0689826011657715,4.025391578674316,4.385112762451172,4.338508129119873,4.181634902954102,4.477220058441162,4.623719215393066,4.452495574951172,4.522274971008301,4.28123140335083,4.438143730163574,4.23580265045166,4.033534526824951,4.94037389755249,5.107880592346191,5.30288028717041,5.350651741027832,5.673290252685547,5.654162406921387,5.861446380615234,5.859373092651367,6.158260822296143,6.1122589111328125,6.302013874053955,6.268101692199707,6.474393367767334,6.483264923095703,6.4142889976501465
B1,1.7258869409561157,1.5998008251190186,1.935471773147583,1.913889765739441,1.5659328699111938,1.74089515209198,1.9005593061447144,2.1109204292297363,2.160040855407715,2.4185540676116943,2.487464189529419,2.7040414810180664,2.745999574661255,2.8008108139038086,2.758556365966797,0.0,0.3900830149650574,0.5646241903305054,0.8674014210700989,1.0676835775375366,1.403591513633728,1.5541784763336182,1.9219279289245605,2.07092022895813,2.4420108795166016,2.478956937789917,2.8290085792541504,2.901097297668457,2.98199725151062,3.010157346725464,1.243304967880249,1.4393987655639648,1.4360568523406982,1.5571575164794922,1.9186997413635254,2.157642364501953,2.1815075874328613,2.5307185649871826,2.871311902999878,3.0627081394195557,3.192711591720581,3.3554790019989014,3.4718284606933594,3.540996551513672,3.4682838916778564,2.2366127967834473,2.4580609798431396,2.4555680751800537,2.6605780124664307,2.8975770473480225,2.9944071769714355,3.0897834300994873,3.4288389682769775,3.742190361022949,3.7833142280578613,4.025598526000977,4.004335403442383,4.252140998840332,4.255207538604736,4.133680820465088,3.355205774307251,3.350802183151245,3.467409372329712,3.4944534301757812,3.818321704864502,3.797001600265503,4.105594635009766,4.133274555206299,4.501831531524658,4.5426530838012695,4.842591762542725,4.880545616149902,5.194667816162109,5.355693340301514,5.431280136108398
B2,1.7643762826919556,1.5554107427597046,1.8730180263519287,1.8828632831573486,1.5237869024276733,1.6249492168426514,1.8335685729980469,2.0099527835845947,2.089205026626587,2.3107597827911377,2.417987108230591,2.617781162261963,2.66640043258667,2.765782356262207,2.742706775665283,0.3900830149650574,0.0,0.38489067554473877,0.6166280508041382,0.7075122594833374,1.063118815422058,1.2638224363327026,1.6093647480010986,1.7939386367797852,2.1507394313812256,2.2222511768341064,2.568824529647827,2.6482057571411133,2.7690091133117676,2.814216375350952,1.0938360691070557,1.2023853063583374,1.1219439506530762,1.1938986778259277,1.553842306137085,1.7778195142745972,1.796987771987915,2.1435723304748535,2.4883604049682617,2.6905782222747803,2.8362843990325928,3.0162527561187744,3.1494436264038086,3.244197130203247,3.199506998062134,2.0540623664855957,2.243330717086792,2.1910526752471924,2.368349075317383,2.6042425632476807,2.669456720352173,2.751376152038574,3.0811800956726074,3.399181604385376,3.4290080070495605,3.6808223724365234,3.663757562637329,3.9260010719299316,3.942668914794922,3.8420634269714355,3.252227783203125,3.2400522232055664,3.3323161602020264,3.3253419399261475,3.6438212394714355,3.591956615447998,3.8845534324645996,3.885009288787842,4.249661445617676,4.265777587890625,4.561204433441162,4.578695297241211,4.888128280639648,5.039017200469971,5.102746963500977
B3,1.4185781478881836,1.191789150238037,1.4965794086456299,1.4997193813323975,1.1434687376022339,1.2557281255722046,1.4803403615951538,1.6869678497314453,1.8046120405197144,2.0545923709869385,2.195977210998535,2.434587240219116,2.534735918045044,2.6610376834869385,2.690279483795166,0.5646241903305054,0.38489067554473877,0.0,0.3834942877292633,0.6274354457855225,0.9351180195808411,1.119754433631897,1.4729430675506592,1.6751128435134888,2.042881727218628,2.1436431407928467,2.512552261352539,2.6465017795562744,2.773916006088257,2.868828058242798,1.4601064920425415,1.519311785697937,1.3687260150909424,1.3739538192749023,1.7028214931488037,1.8879691362380981,1.8623909950256348,2.1696078777313232,2.52099609375,2.716404914855957,2.870626926422119,3.0705690383911133,3.2396938800811768,3.3462350368499756,3.321899890899658,2.403308868408203,2.5689029693603516,2.4809112548828125,2.6355831623077393,2.8598923683166504,2.886937379837036,2.9529268741607666,3.261610507965088,3.5871145725250244,3.5907304286956787,3.8541488647460938,3.8296117782592773,4.1111650466918945,4.129605770111084,4.045759677886963,3.6205008029937744,3.5982840061187744,3.674229383468628,3.6471331119537354,3.9578628540039062,3.883187770843506,4.16959285736084,4.145482063293457,4.509084224700928,4.504207611083984,4.801791667938232,4.796383857727051,5.105010986328125,5.2495574951171875,5.300776958465576
B4,1.547758936882019,1.2683371305465698,1.5011696815490723,1.4652420282363892,1.0864346027374268,1.0824735164642334,1.2983813285827637,1.4340171813964844,1.5450892448425293,1.750417947769165,1.9086171388626099,2.1268961429595947,2.231215476989746,2.3910369873046875,2.443740129470825,0.8674014210700989,0.6166280508041382,0.3834942877292633,0.0,0.4049329459667206,0.6069907546043396,0.7395966649055481,1.1006451845169067,1.2934658527374268,1.6627287864685059,1.7689545154571533,2.1413049697875977,2.2941062450408936,2.43287992477417,2.5550992488861084,1.5970311164855957,1.615671992301941,1.4107170104980469,1.3130271434783936,1.6303551197052002,1.7416613101959229,1.6436576843261719,1.92672860622406,2.2595112323760986,2.4225263595581055,2.559250593185425,2.7556252479553223,2.9380977153778076,3.0440688133239746,3.0310633182525635,2.4533631801605225,2.61545467376709,2.489745855331421,2.5903549194335938,2.8346729278564453,2.8184852600097656,2.837911605834961,3.137002468109131,3.447913646697998,3.413159132003784,3.6664533615112305,3.616614818572998,3.9038827419281006,3.9086523056030273,3.830561399459839,3.721137285232544,3.71758770942688,3.7922909259796143,3.750251293182373,4.058832168579102,3.967283010482788,4.231696605682373,4.187088966369629,4.540077209472656,4.508143424987793,4.78990364074707,4.761324405670166,5.05461311340332,5.17414665222168,5.199439525604248
B5,1.8070545196533203,1.4825756549835205,1.7037632465362549,1.7308672666549683,1.3848648071289062,1.31812584400177,1.5806787014007568,1.6735126972198486,1.8075401782989502,1.9548954963684082,2.138343095779419,2.3172378540039062,2.4049129486083984,2.59250545501709,2.637028455734253,1.0676835775375366,0.7075122594833374,0.6274354457855225,0.4049329459667206,0.0,0.3741019666194916,0.6785962581634521,0.9605876207351685,1.2217702865600586,1.5490964651107788,1.7030324935913086,2.0519890785217285,2.1885488033294678,2.378253698348999,2.4951136112213135,1.4360122680664062,1.3684426546096802,1.1022915840148926,0.9449328184127808,1.2393022775650024,1.3395302295684814,1.257654070854187,1.5512131452560425,1.8973915576934814,2.09193754196167,2.258615732192993,2.477656126022339,2.669713258743286,2.8097732067108154,2.8273794651031494,2.203801155090332,2.325789451599121,2.1615066528320312,2.2412261962890625,2.473416805267334,2.4359731674194336,2.4536099433898926,2.743497133255005,3.060450315475464,3.0299673080444336,3.2953028678894043,3.2627830505371094,3.5606958866119385,3.5887210369110107,3.532918691635132,3.4970335960388184,3.4813923835754395,3.5321834087371826,3.4627091884613037,3.7618019580841064,3.6480069160461426,3.8978047370910645,3.834529399871826,4.181960105895996,4.134927749633789,4.412961483001709,4.373509407043457,4.664205551147461,4.7807135581970215,4.803583145141602
B6,1.9256044626235962,1.5754345655441284,1.7221500873565674,1.7256983518600464,1.3986153602600098,1.230418086051941,1.478858470916748,1.4974251985549927,1.6389423608779907,1.7287074327468872,1.9417527914047241,2.099147319793701,2.2038347721099854,2.433300018310547,2.5142149925231934,1.403591513633728,1.063118815422058,0.9351180195808411,0.6069907546043396,0.3741019666194916,0.0,0.3806760013103485,0.5956763625144958,0.8927434086799622,1.2022359371185303,1.3960994482040405,1.7457042932510376,1.921502709388733,2.136686325073242,2.297919273376465,1.7390745878219604,1.6396936178207397,1.3405424356460571,1.0915639400482178,1.3211084604263306,1.3147494792938232,1.1335053443908691,1.3645843267440796,1.685644268989563,1.8436486721038818,1.9999089241027832,2.227388620376587,2.449268341064453,2.5993220806121826,2.642643928527832,2.407538414001465,2.5139942169189453,2.311673641204834,2.332940101623535,2.5701849460601807,2.480004072189331,2.447561502456665,2.712315320968628,3.01290225982666,2.9369800090789795,3.1950252056121826,3.1383814811706543,3.4473118782043457,3.4663658142089844,3.42618727684021,3.7189009189605713,3.71420955657959,3.7574541568756104,3.669942617416382,3.9603874683380127,3.8263425827026367,4.0519700050354,3.963449239730835,4.296953201293945,4.219457149505615,4.481302261352539,4.413578987121582,4.6876540184021,4.778772354125977,4.773944854736328
B7,2.035529613494873,1.7074031829833984,1.8071825504302979,1.733842134475708,1.3976393938064575,1.177981972694397,1.339015245437622,1.2747511863708496,1.359012246131897,1.4004323482513428,1.595977783203125,1.7294219732284546,1.829776644706726,2.0718162059783936,2.1708526611328125,1.5541784763336182,1.2638224363327026,1.119754433631897,0.7395966649055481,0.6785962581634521,0.3806760013103485,0.0,0.38457438349723816,0.5666807889938354,0.9249588251113892,1.0732393264770508,1.4439165592193604,1.6436481475830078,1.8315328359603882,2.0198612213134766,1.9770206212997437,1.9195464849472046,1.649680256843567,1.3893699645996094,1.6236963272094727,1.565352439880371,1.3139853477478027,1.5064512491226196,1.77092707157135,1.8514504432678223,1.946793794631958,2.13641357421875,2.351545572280884,2.4649577140808105,2.489530563354492,2.615654945373535,2.753405809402466,2.56057071685791,2.551206350326538,2.816863536834717,2.714757204055786,2.6401870250701904,2.904438018798828,3.175652027130127,3.063183546066284,3.291012763977051,3.19283127784729,3.488905668258667,3.4708640575408936,3.412994623184204,3.9262869358062744,3.9512760639190674,4.0163774490356445,3.943615436553955,4.239151477813721,4.115451812744141,4.331932544708252,4.24764347076416,4.572803974151611,4.488735675811768,4.734922885894775,4.661187171936035,4.919839859008789,4.989042282104492,4.9633402824401855
B8,2.2890498638153076,1.9401047229766846,1.988635540008545,1.9334840774536133,1.6438711881637573,1.3613859415054321,1.5205010175704956,1.388800024986267,1.4886964559555054,1.4439772367477417,1.6718308925628662,1.7584327459335327,1.8665448427200317,2.1534547805786133,2.2805697917938232,1.9219279289245605,1.6093647480010986,1.4729430675506592,1.1006451845169067,0.9605876207351685,0.5956763625144958,0.38457438349723816,0.0,0.3737417161464691,0.6225898861885071,0.8780626654624939,1.217960000038147,1.4593700170516968,1.7036250829696655,1.935417652130127,2.2176895141601562,2.1094930171966553,1.8080897331237793,1.492407202720642,1.649239420890808,1.5052992105484009,1.191210150718689,1.2929850816726685,1.5123789310455322,1.5577707290649414,1.652228832244873,1.8610243797302246,2.11381196975708,2.255936622619629,2.3262336254119873,2.749403715133667,2.8528330326080322,2.6204259395599365,2.5597968101501465,2.813211441040039,2.661477565765381,2.547274589538574,2.77593731880188,3.0302131175994873,2.8802688121795654,3.1042046546936035,2.994345188140869,3.302924871444702,3.289793014526367,3.2605254650115967,4.060617923736572,4.084738254547119,4.1311163902282715,4.032662868499756,4.313665390014648,4.165090560913086,4.355052947998047,4.242756366729736,4.551384449005127,4.436793327331543,4.666722774505615,4.56484317779541,4.806760787963867,4.853506088256836,4.803681373596191
B9,2.4987194538116455,2.176335573196411,2.209322690963745,2.095897674560547,1.797812819480896,1.508917212486267,1.5791014432907104,1.3753869533538818,1.3860180377960205,1.2663443088531494,1.441711187362671,1.4654316902160645,1.5373955965042114,1.8307807445526123,1.9596625566482544,2.07092022895813,1.7939386367797852,1.6751128435134888,1.2934658527374268,1.2217702865600586,0.8927434086799622,0.5666807889938354,0.3737417161464691,0.0,0.38540956377983093,0.5298786163330078,0.8987502455711365,1.1548963785171509,1.365761399269104,1.6200149059295654,2.3911471366882324,2.322237730026245,2.055058717727661,1.7448174953460693,1.9209842681884766,1.7586681842803955,1.4189448356628418,1.509117841720581,1.6626571416854858,1.6248291730880737,1.6370646953582764,1.782381296157837,2.006451368331909,2.0967397689819336,2.1366164684295654,2.885448932647705,3.021096706390381,2.8069801330566406,2.7247097492218018,3.0063397884368896,2.856759548187256,2.709613561630249,2.9440345764160156,3.164994716644287,2.9891154766082764,3.1752021312713623,3.024374485015869,3.3093974590301514,3.254659414291382,3.2000463008880615,4.18162202835083,4.236508369445801,4.307062149047852,4.227735996246338,4.514592170715332,4.382392406463623,4.56521463394165,4.464613437652588,4.765179634094238,4.651464462280273,4.865340232849121,4.765666961669922,4.992400169372559,5.0197343826293945,4.9536919593811035
B10,2.8245999813079834,2.492434024810791,2.4941015243530273,2.390230894088745,2.123267889022827,1.805118441581726,1.8659101724624634,1.619221806526184,1.6261723041534424,1.4303696155548096,1.6047989130020142,1.5611572265625,1.6182996034622192,1.9385833740234375,2.0824902057647705,2.4420108795166016,2.1507394313812256,2.042881727218628,1.6627287864685059,1.5490964651107788,1.2022359371185303,0.9249588251113892,0.6225898861885071,0.38540956377983093,0.0,0.3813438415527344,0.6388880610466003,0.9507746696472168,1.2209551334381104,1.520970106124878,2.6635711193084717,2.5641090869903564,2.2856178283691406,1.9458311796188354,2.0636351108551025,1.8375015258789062,1.4631016254425049,1.462843656539917,1.5319935083389282,1.4195799827575684,1.3890875577926636,1.5219157934188843,1.77181875705719,1.8742156028747559,1.9559895992279053,3.0566296577453613,3.168591022491455,2.929377555847168,2.799354076385498,3.072589874267578,2.8836894035339355,2.694512367248535,2.8932952880859375,3.083010196685791,2.8664965629577637,3.032341241836548,2.8586814403533936,3.143817901611328,3.0814731121063232,3.0487356185913086,4.335282802581787,4.396362781524658,4.4559478759765625,4.359722137451172,4.633206367492676,4.484838008880615,4.640748023986816,4.519839286804199,4.800822734832764,4.661243915557861,4.853735446929932,4.730457305908203,4.935384273529053,4.935846328735352,4.843037128448486
B11,2.9875669479370117,2.6808059215545654,2.6971113681793213,2.5507419109344482,2.26003098487854,1.9661778211593628,1.9680848121643066,1.699307918548584,1.6204956769943237,1.3922817707061768,1.4776979684829712,1.362580418586731,1.3421844244003296,1.6393153667449951,1.7537848949432373,2.478956937789917,2.2222511768341064,2.1436431407928467,1.7689545154571533,1.7030324935913086,1.3960994482040405,1.0732393264770508,0.8780626654624939,0.5298786163330078,0.3813438415527344,0.0,0.3859435021877289,0.6723492741584778,0.8747167587280273,1.1821246147155762,2.7129573822021484,2.659660577774048,2.4227168560028076,2.1039798259735107,2.259856700897217,2.0497679710388184,1.6829344034194946,1.7236905097961426,1.7689659595489502,1.615143060684204,1.5109752416610718,1.5583515167236328,1.7408262491226196,1.766631007194519,1.7867506742477417,3.084888458251953,3.2358832359313965,3.028442621231079,2.89626407623291,3.1990857124328613,3.0335936546325684,2.831744432449341,3.0519282817840576,3.216322422027588,2.996804714202881,3.1259474754333496,2.9204249382019043,3.1718971729278564,3.0660176277160645,2.9926788806915283,4.337711334228516,4.429147720336914,4.517862319946289,4.449103355407715,4.732115268707275,4.60945463180542,4.767149448394775,4.669500350952148,4.948164463043213,4.822996139526367,5.005694389343262,4.89837121963501,5.095285892486572,5.087158203125,4.990840911865234
B12,3.3693816661834717,3.060067892074585,3.0665295124053955,2.920264959335327,2.63923978805542,2.3370137214660645,2.327319383621216,2.036966323852539,1.9395626783370972,1.6680063009262085,1.7196649312973022,1.5331412553787231,1.4603224992752075,1.745058536529541,1.8427587747573853,2.8290085792541504,2.568824529647827,2.512552261352539,2.1413049697875977,2.0519890785217285,1.7457042932510376,1.4439165592193604,1.217960000038147,0.8987502455711365,0.6388880610466003,0.3859435021877289,0.0,0.39185744524002075,0.6416356563568115,0.9906296133995056,2.9714226722717285,2.9085960388183594,2.680739402770996,2.351374626159668,2.4737062454223633,2.226051092147827,1.8499910831451416,1.8409894704818726,1.8054394721984863,1.5753484964370728,1.393358588218689,1.368039846420288,1.5242919921875,1.515236496925354,1.5461382865905762,3.240739107131958,3.3840301036834717,3.1706950664520264,2.9982919692993164,3.3020358085632324,3.116098403930664,2.875828981399536,3.0715525150299072,3.1929659843444824,2.9402353763580322,3.0296380519866943,2.790328025817871,3.0199313163757324,2.8861236572265625,2.8142263889312744,4.453876495361328,4.5626397132873535,4.652769565582275,4.580920696258545,4.8540940284729,4.729300022125244,4.862614154815674,4.758540630340576,5.016793251037598,4.876651763916016,5.034356594085693,4.915079116821289,5.087453842163086,5.051478385925293,4.9306960105896
B13,3.6209442615509033,3.3148140907287598,3.353998899459839,3.2090888023376465,2.9019501209259033,2.6255276203155518,2.6193580627441406,2.3470492362976074,2.2239060401916504,1.9691883325576782,1.9709290266036987,1.7549376487731934,1.60248863697052,1.824058175086975,1.8421863317489624,2.901097297668457,2.6482057571411133,2.6465017795562744,2.2941062450408936,2.1885488033294678,1.921502709388733,1.6436481475830078,1.4593700170516968,1.1548963785171509,0.9507746696472168,0.6723492741584778,0.39185744524002075,0.0,0.37689080834388733,0.6494766473770142,2.9263627529144287,2.8799538612365723,2.6903841495513916,2.376175880432129,2.5004899501800537,2.2544097900390625,1.8980053663253784,1.9142564535140991,1.8466219902038574,1.592542052268982,1.3540936708450317,1.2406337261199951,1.304040789604187,1.2214211225509644,1.1949410438537598,3.098879814147949,3.2577247619628906,3.065992832183838,2.875831365585327,3.1967415809631348,3.0264580249786377,2.76910138130188,2.975489377975464,3.0637805461883545,2.8124849796295166,2.862701416015625,2.599139928817749,2.7926478385925293,2.6242101192474365,2.5184078216552734,4.258893966674805,4.393142223358154,4.5004401206970215,4.445357322692871,4.717833518981934,4.612058639526367,4.735184192657471,4.6488542556762695,4.896151542663574,4.765964984893799,4.9074387550354,4.802536487579346,4.962375640869141,4.916092872619629,4.792754650115967
