,A1,A2,A3,A4,A5,A6,A7,A8,A9,A10,A11,A12,A13,A14,A15,B1,B2,B3,B4,B5,B6,B7,B8,B9,B10,B11,B12,B13,B14,B15,C1,C2,C3,C4,C5,C6,C7,C8,C9,C10,C11,C12,C13,C14,C15,D1,D2,D3,D4,D5,D6,D7,D8,D9,D10,D11,D12,D13,D14,D15,E1,E2,E3,E4,E5,E6,E7,E8,E9,E10,E11,E12,E13,E14,E15
A1,0.0,0.385883629322052,0.6144921779632568,0.9847862124443054,1.2346546649932861,1.5838632583618164,1.8544541597366333,1.9018886089324951,2.2023541927337646,2.5779519081115723,2.7661375999450684,3.130664825439453,3.360854387283325,3.644071340560913,3.918020248413086,1.4872877597808838,1.2686959505081177,1.389803171157837,1.2860616445541382,1.6599594354629517,1.7067772150039673,2.078845262527466,2.24672269821167,2.410151958465576,2.7868165969848633,2.932422399520874,3.3252596855163574,3.472500801086426,3.784080982208252,3.8471944332122803,1.6159626245498657,1.5529505014419556,1.564990520477295,1.560212254524231,1.8336676359176636,1.8358631134033203,2.2065985202789307,2.5505268573760986,2.7514498233795166,3.070988893508911,3.2519137859344482,3.5834336280822754,3.7262215614318848,4.0707011222839355,4.212110996246338,2.9446539878845215,2.7575876712799072,2.5161190032958984,2.543306350708008,2.503580331802368,2.478597402572632,2.6086878776550293,2.9908037185668945,3.2244768142700195,3.443906784057617,3.7284200191497803,3.894674777984619,4.1600236892700195,4.4514241218566895,4.687883377075195,4.202475547790527,3.9201455116271973,3.7381157875061035,3.5197649002075195,3.2444376945495605,3.3272488117218018,3.2479255199432373,3.5670697689056396,3.83402681350708,3.9245991706848145,4.256354331970215,4.335911750793457,4.667244911193848,4.890550136566162,5.076505184173584
A2,0.385883629322052,0.0,0.38227763772010803,0.6651251912117004,0.8861566781997681,1.225089430809021,1.5284688472747803,1.6298319101333618,1.9284915924072266,2.294196367263794,2.51401686668396,2.860560417175293,3.118161201477051,3.3960859775543213,3.6930291652679443,1.422783613204956,1.1287797689437866,1.1499767303466797,0.985846757888794,1.3333280086517334,1.3385186195373535,1.71806001663208,1.907670497894287,2.0937459468841553,2.46056866645813,2.63590669631958,3.023528814315796,3.1940066814422607,3.513854742050171,3.606780767440796,1.5502214431762695,1.4288944005966187,1.3502724170684814,1.3162240982055664,1.5365322828292847,1.4987274408340454,1.8573554754257202,2.2073187828063965,2.4260544776916504,2.7318410873413086,2.936335563659668,3.261340618133545,3.4273641109466553,3.773707866668701,3.937328577041626,2.8341920375823975,2.6146600246429443,2.3356313705444336,2.337728500366211,2.248825788497925,2.199063301086426,2.2917912006378174,2.6641247272491455,2.9028749465942383,3.103060007095337,3.3998360633850098,3.5599400997161865,3.8397459983825684,4.127737522125244,4.377989768981934,4.011624813079834,3.7227275371551514,3.519582986831665,3.2829136848449707,2.984684944152832,3.051351308822632,2.940885543823242,3.243074893951416,3.5034141540527344,3.575446605682373,3.905890464782715,3.9788436889648438,4.31634521484375,4.534390926361084,4.725622653961182
A3,0.6144921779632568,0.38227763772010803,0.0,0.3922775387763977,0.7196000218391418,1.0295242071151733,1.276580572128296,1.3412388563156128,1.676680088043213,2.0320870876312256,2.2600035667419434,2.611375331878662,2.869147539138794,3.1711809635162354,3.4652769565582275,1.4848475456237793,1.1567507982254028,1.170103907585144,0.9115134477615356,1.2437328100204468,1.237144947052002,1.5724942684173584,1.6950825452804565,1.8971213102340698,2.2679085731506348,2.4326553344726562,2.816070318222046,2.95581316947937,3.289425849914551,3.363910436630249,1.407145380973816,1.2053654193878174,1.1307326555252075,1.0157064199447632,1.2747262716293335,1.247643232345581,1.6353322267532349,1.9599908590316772,2.1692776679992676,2.501617431640625,2.684253454208374,3.0304718017578125,3.172006130218506,3.5305886268615723,3.669184684753418,2.462531805038452,2.236859083175659,1.9624674320220947,1.965459942817688,1.8984558582305908,1.8705201148986816,1.9974406957626343,2.3835389614105225,2.6135969161987305,2.843029499053955,3.124924659729004,3.3053951263427734,3.5656864643096924,3.867520809173584,4.097555160522461,3.6374762058258057,3.3514862060546875,3.1577699184417725,2.9322688579559326,2.6460912227630615,2.7386369705200195,2.656290054321289,2.9788057804107666,3.234374523162842,3.335331678390503,3.663039445877075,3.747009515762329,4.071459770202637,4.302793502807617,4.490145683288574
A4,0.9847862124443054,0.6651251912117004,0.3922775387763977,0.0,0.4079979956150055,0.6489657759666443,0.915999174118042,1.0499874353408813,1.3924351930618286,1.723758578300476,1.9932500123977661,2.3198485374450684,2.6081738471984863,2.909151077270508,3.225825309753418,1.564437985420227,1.1927539110183716,1.094085454940796,0.7443906664848328,0.9864243865013123,0.9067773222923279,1.217315912246704,1.334446668624878,1.5747942924499512,1.9305696487426758,2.127338171005249,2.499706506729126,2.655413866043091,3.0011587142944336,3.103262186050415,1.4386553764343262,1.1661810874938965,0.9794101715087891,0.7829602956771851,0.9584805369377136,0.8676854968070984,1.254599690437317,1.5768440961837769,1.8062940835952759,2.1315670013427734,2.335068464279175,2.680398941040039,2.8406498432159424,3.204421043395996,3.3600046634674072,2.328111171722412,2.067261219024658,1.7528367042541504,1.7239402532577515,1.597458839416504,1.54542076587677,1.6323356628417969,2.0121829509735107,2.244473457336426,2.460949420928955,2.7524237632751465,2.932321310043335,3.2030420303344727,3.505265951156616,3.744569778442383,3.3962841033935547,3.1058833599090576,2.8919754028320312,2.6498377323150635,2.340643882751465,2.4232866764068604,2.3118224143981934,2.620276927947998,2.864793300628662,2.953554630279541,3.278522491455078,3.3577535152435303,3.685102701187134,3.9146111011505127,4.106202125549316
A5,1.2346546649932861,0.8861566781997681,0.7196000218391418,0.4079979956150055,0.0,0.3865087926387787,0.6694744825363159,0.8551896214485168,1.1230294704437256,1.4596868753433228,1.7272980213165283,2.037437915802002,2.335294723510742,2.608236074447632,2.9382131099700928,1.3959637880325317,1.0104148387908936,0.8066264986991882,0.4214050769805908,0.5827188491821289,0.5321905016899109,0.8572480082511902,1.0218193531036377,1.2305023670196533,1.586953043937683,1.7919902801513672,2.168109655380249,2.3572323322296143,2.6906163692474365,2.822082757949829,1.3310353755950928,1.0720996856689453,0.7778477668762207,0.6680824756622314,0.7109705209732056,0.6606948375701904,0.9863121509552002,1.3544442653656006,1.5539366006851196,1.8482707738876343,2.0608434677124023,2.379713296890259,2.562709331512451,2.9101758003234863,3.096177101135254,2.379551410675049,2.1233527660369873,1.7787524461746216,1.7789362668991089,1.5780582427978516,1.5514209270477295,1.5417590141296387,1.9037171602249146,2.0932533740997314,2.266385793685913,2.5511417388916016,2.68689227104187,2.9738874435424805,3.2508864402770996,3.5133070945739746,3.4249889850616455,3.148559808731079,2.9318974018096924,2.6878159046173096,2.3561577796936035,2.4486165046691895,2.28996205329895,2.5614142417907715,2.762633800506592,2.8109874725341797,3.114332437515259,3.1517622470855713,3.482048749923706,3.683671474456787,3.8580048084259033
A6,1.5838632583618164,1.225089430809021,1.0295242071151733,0.6489657759666443,0.3865087926387787,0.0,0.4106020927429199,0.7474620938301086,0.9998644590377808,1.2633204460144043,1.592626690864563,1.8546009063720703,2.190929889678955,2.4649498462677,2.818166971206665,1.7117186784744263,1.3331888914108276,1.076058030128479,0.7045480608940125,0.6373209953308105,0.3910274803638458,0.5936926007270813,0.7354574799537659,1.0341514348983765,1.347764492034912,1.6066458225250244,1.9544649124145508,2.1573801040649414,2.5085396766662598,2.6707065105438232,1.5815194845199585,1.2764928340911865,0.9331027269363403,0.7227805256843567,0.5794278383255005,0.33430778980255127,0.6382796764373779,0.9945111274719238,1.2424225807189941,1.5268383026123047,1.7750005722045898,2.096907615661621,2.303395986557007,2.661113739013672,2.8623862266540527,2.308507204055786,2.0183210372924805,1.6502550840377808,1.5970096588134766,1.3346127271652222,1.2629529237747192,1.194952130317688,1.5378347635269165,1.7390127182006836,1.8982487916946411,2.2006516456604004,2.3475615978240967,2.6461799144744873,2.9305920600891113,3.1994168758392334,3.189716339111328,2.908162832260132,2.6690618991851807,2.4078333377838135,2.057931423187256,2.1291263103485107,1.9406601190567017,2.193375587463379,2.3867218494415283,2.4259562492370605,2.730374336242676,2.772719383239746,3.1068055629730225,3.3142223358154297,3.5008342266082764
A7,1.8544541597366333,1.5284688472747803,1.276580572128296,0.915999174118042,0.6694744825363159,0.4106020927429199,0.0,0.40060460567474365,0.6330722570419312,0.8684419989585876,1.2101821899414062,1.472390055656433,1.80842924118042,2.1012446880340576,2.4505958557128906,1.7821511030197144,1.4309598207473755,1.201970100402832,0.8624157905578613,0.7171930074691772,0.6144123673439026,0.5543161034584045,0.45186659693717957,0.7375898361206055,1.0570400953292847,1.27864670753479,1.6228443384170532,1.7872593402862549,2.148366689682007,2.291548252105713,1.4963507652282715,1.1561899185180664,0.8089805245399475,0.5632060170173645,0.24998632073402405,0.1762581616640091,0.41249334812164307,0.7367163896560669,0.8985909223556519,1.2265373468399048,1.4208742380142212,1.7656078338623047,1.9353396892547607,2.300950050354004,2.477252960205078,1.9973746538162231,1.7174392938613892,1.3425458669662476,1.33355712890625,1.044485092163086,1.0715792179107666,0.9800638556480408,1.3336316347122192,1.4579368829727173,1.6423535346984863,1.8990017175674438,2.0416271686553955,2.313570022583008,2.6007349491119385,2.8511955738067627,2.8812661170959473,2.621267080307007,2.405684232711792,2.171602487564087,1.833417534828186,1.9702467918395996,1.8057745695114136,2.0629029273986816,2.2052526473999023,2.266418933868408,2.5419375896453857,2.565315008163452,2.8743903636932373,3.07920241355896,3.238658905029297
A8,1.9018886089324951,1.6298319101333618,1.3412388563156128,1.0499874353408813,0.8551896214485168,0.7474620938301086,0.40060460567474365,0.0,0.39758560061454773,0.7029377222061157,0.9645096659660339,1.2922149896621704,1.5763659477233887,1.8998310565948486,2.2156600952148438,1.689247965812683,1.377564787864685,1.2348251342773438,0.9430086612701416,0.8675783276557922,0.9294105172157288,0.8610435724258423,0.6509467363357544,0.7546854019165039,1.0958635807037354,1.1956979036331177,1.5528160333633423,1.6413003206253052,1.9940344095230103,2.072486162185669,1.2398207187652588,0.8780097365379333,0.5955110788345337,0.3639950454235077,0.1938285380601883,0.5490754246711731,0.7157599329948425,0.9410827159881592,0.952573299407959,1.3127623796463013,1.3949083089828491,1.7545421123504639,1.846372365951538,2.2077083587646484,2.3286566734313965,1.6888983249664307,1.4535521268844604,1.0992361307144165,1.2030059099197388,0.9821386933326721,1.1552531719207764,1.1344687938690186,1.4960912466049194,1.5426840782165527,1.7679301500320435,1.9541696310043335,2.088914394378662,2.3099570274353027,2.5937516689300537,2.8083386421203613,2.743602991104126,2.5109970569610596,2.3449630737304688,2.1595215797424316,1.8623828887939453,2.077892780303955,1.9755803346633911,2.255532741546631,2.365875482559204,2.4630656242370605,2.7112691402435303,2.72226881980896,2.9981935024261475,3.199099540710449,3.323107957839966
A9,2.2023541927337646,1.9284915924072266,1.676680088043213,1.3924351930618286,1.1230294704437256,0.9998644590377808,0.6330722570419312,0.39758560061454773,0.0,0.3929174542427063,0.6076407432556152,0.9356588125228882,1.2204087972640991,1.5219305753707886,1.8484916687011719,1.7191318273544312,1.4576833248138428,1.294159173965454,1.0942986011505127,0.9132260680198669,1.047337293624878,0.8614078164100647,0.5894889235496521,0.4729432463645935,0.7927238941192627,0.8176289796829224,1.1859956979751587,1.2803618907928467,1.6189558506011963,1.71302330493927,1.2904109954833984,1.0002200603485107,0.7238503694534302,0.7022126317024231,0.4522205591201782,0.8018673658370972,0.771604597568512,0.9458916187286377,0.8072310090065002,1.1104191541671753,1.1324454545974731,1.4568531513214111,1.5390338897705078,1.8765404224395752,2.0137577056884766,1.792952060699463,1.6006865501403809,1.2690335512161255,1.4194223880767822,1.1671010255813599,1.3794193267822266,1.2694381475448608,1.566147804260254,1.517648458480835,1.6886364221572876,1.8227750062942505,1.8904002904891968,2.103861093521118,2.3497908115386963,2.575502395629883,2.8017935752868652,2.602797508239746,2.4558615684509277,2.292379379272461,2.0019948482513428,2.2365219593048096,2.110294818878174,2.343113899230957,2.38794207572937,2.4508278369903564,2.654578685760498,2.6116836071014404,2.8700056076049805,3.034339189529419,3.1210904121398926
A10,2.5779519081115723,2.294196367263794,2.0320870876312256,1.723758578300476,1.4596868753433228,1.2633204460144043,0.8684419989585876,0.7029377222061157,0.3929174542427063,0.0,0.40365374088287354,0.6118717193603516,0.9530807137489319,1.2617906332015991,1.6096045970916748,2.0828328132629395,1.836807131767273,1.655322551727295,1.461911916732788,1.2289021015167236,1.3023329973220825,1.0151124000549316,0.6590543389320374,0.49542757868766785,0.6089450120925903,0.5887220501899719,0.8853418231010437,0.9467789530754089,1.3132396936416626,1.4307005405426025,1.640348196029663,1.3607385158538818,1.1135765314102173,1.0515295267105103,0.7670946717262268,1.0051486492156982,0.8346533179283142,0.8427664041519165,0.5536668300628662,0.8173815608024597,0.7583812475204468,1.094516396522522,1.1553515195846558,1.5069005489349365,1.6439512968063354,1.7694251537322998,1.5795834064483643,1.2667527198791504,1.400785207748413,1.1161147356033325,1.3508195877075195,1.1797813177108765,1.3974190950393677,1.2564762830734253,1.4034018516540527,1.4816840887069702,1.5279673337936401,1.7219001054763794,1.9635130167007446,2.1836962699890137,2.5875587463378906,2.411482810974121,2.271266460418701,2.124696731567383,1.847342848777771,2.0982613563537598,1.9685859680175781,2.1628310680389404,2.1480448246002197,2.2060060501098633,2.37076997756958,2.304553508758545,2.537720203399658,2.692380428314209,2.759977102279663
A11,2.7661375999450684,2.51401686668396,2.2600035667419434,1.9932500123977661,1.7272980213165283,1.592626690864563,1.2101821899414062,0.9645096659660339,0.6076407432556152,0.40365374088287354,0.0,0.39797720313072205,0.6150764226913452,0.9413062930107117,1.2553223371505737,2.0844333171844482,1.9027729034423828,1.773174524307251,1.651228666305542,1.4428879022598267,1.600959062576294,1.3370386362075806,1.021841049194336,0.7458221316337585,0.8026237487792969,0.5560234189033508,0.8068434596061707,0.753911018371582,1.0671191215515137,1.1110079288482666,1.5955784320831299,1.3842631578445435,1.2187998294830322,1.2599269151687622,1.0546146631240845,1.3643853664398193,1.2227256298065186,1.2391831874847412,0.9096485376358032,1.0830028057098389,0.8933944702148438,1.1427907943725586,1.0990861654281616,1.3904969692230225,1.47576904296875,1.7708286046981812,1.6623245477676392,1.412034273147583,1.6303833723068237,1.4096403121948242,1.6995141506195068,1.5579051971435547,1.7554512023925781,1.5584100484848022,1.6881544589996338,1.685674786567688,1.6736863851547241,1.8062635660171509,1.9987068176269531,2.1875228881835938,2.6854746341705322,2.5540781021118164,2.465602159500122,2.3672561645507812,2.1306371688842773,2.4201295375823975,2.3189821243286133,2.5051071643829346,2.4529879093170166,2.5117406845092773,2.635706901550293,2.534990072250366,2.7296388149261475,2.852379322052002,2.868046522140503
A12,3.130664825439453,2.860560417175293,2.611375331878662,2.3198485374450684,2.037437915802002,1.8546009063720703,1.472390055656433,1.2922149896621704,0.9356588125228882,0.6118717193603516,0.39797720313072205,0.0,0.3957068920135498,0.6719143986701965,1.0309802293777466,2.4266934394836426,2.2512001991271973,2.0899477005004883,1.9744986295700073,1.717268705368042,1.8349872827529907,1.5117186307907104,1.1896770000457764,0.9091801047325134,0.7787072062492371,0.4740544557571411,0.5046883821487427,0.36398008465766907,0.7145020961761475,0.8302704691886902,1.9813878536224365,1.7802629470825195,1.5965121984481812,1.6173028945922852,1.362823247909546,1.608006238937378,1.380500316619873,1.3054957389831543,0.9152408838272095,0.9494691491127014,0.6543837785720825,0.8098869323730469,0.7200278639793396,0.9930497407913208,1.1052196025848389,1.9695043563842773,1.864595651626587,1.6356635093688965,1.8168020248413086,1.5709134340286255,1.8394370079040527,1.6403440237045288,1.7495663166046143,1.4773216247558594,1.539167046546936,1.4655362367630005,1.3852134943008423,1.4904955625534058,1.641619324684143,1.8357559442520142,2.654606342315674,2.551022529602051,2.466393232345581,2.381187677383423,2.157752513885498,2.437720537185669,2.3190696239471436,2.449122667312622,2.3337693214416504,2.364161968231201,2.4355952739715576,2.2928664684295654,2.4560039043426514,2.5470666885375977,2.5298826694488525
A13,3.360854387283325,3.118161201477051,2.869147539138794,2.6081738471984863,2.335294723510742,2.190929889678955,1.80842924118042,1.5763659477233887,1.2204087972640991,0.9530807137489319,0.6150764226913452,0.3957068920135498,0.0,0.3850213885307312,0.6681678295135498,2.547182559967041,2.422466278076172,2.307032585144043,2.232896327972412,2.0045104026794434,2.169123888015747,1.8688105344772339,1.5593596696853638,1.2527549266815186,1.1424046754837036,0.7836085557937622,0.7312920689582825,0.42423805594444275,0.5641843676567078,0.49741166830062866,2.06486439704895,1.9160236120224,1.7993782758712769,1.8681790828704834,1.6670916080474854,1.9545695781707764,1.7582058906555176,1.694994330406189,1.3049163818359375,1.3276653289794922,0.9947692155838013,1.0582349300384521,0.8472291231155396,0.9934871792793274,0.9964388608932495,2.0136470794677734,1.9814585447311401,1.813267707824707,2.0489959716796875,1.8571569919586182,2.1646904945373535,1.9991403818130493,2.106180429458618,1.8096160888671875,1.8744858503341675,1.7421979904174805,1.6315616369247437,1.6604305505752563,1.757455587387085,1.8954893350601196,2.747987985610962,2.689131736755371,2.6546361446380615,2.6148805618286133,2.431950807571411,2.743178367614746,2.656540870666504,2.7874808311462402,2.6494202613830566,2.690812110900879,2.7303378582000732,2.56994891166687,2.690825939178467,2.7562928199768066,2.6900746822357178
A14,3.644071340560913,3.3960859775543213,3.1711809635162354,2.909151077270508,2.608236074447632,2.4649498462677,2.1012446880340576,1.8998310565948486,1.5219305753707886,1.2617906332015991,0.9413062930107117,0.6719143986701965,0.3850213885307312,0.0,0.3975651264190674,2.7222135066986084,2.6294283866882324,2.503373146057129,2.471879243850708,2.2180140018463135,2.394524097442627,2.080883026123047,1.8064757585525513,1.469025731086731,1.2965569496154785,0.92449951171875,0.7506915330886841,0.48150891065597534,0.31079477071762085,0.2892126441001892,2.3135411739349365,2.207169771194458,2.0832653045654297,2.1896064281463623,1.969077706336975,2.247328042984009,2.0171797275543213,1.953834891319275,1.5605827569961548,1.5004956722259521,1.1720831394195557,1.1018050909042358,0.894167423248291,0.8842112421989441,0.9215536117553711,2.381998300552368,2.361225128173828,2.1966304779052734,2.4226908683776855,2.2142536640167236,2.500967264175415,2.3009231090545654,2.373380422592163,2.057664632797241,2.061025619506836,1.9006580114364624,1.7149680852890015,1.7281413078308105,1.741557240486145,1.887102723121643,3.038198947906494,2.999178409576416,2.9677534103393555,2.9311537742614746,2.748563289642334,3.0423552989959717,2.9318528175354004,3.0244507789611816,2.852710008621216,2.8543179035186768,2.855039596557617,2.6487443447113037,2.746584892272949,2.7608301639556885,2.6514973640441895
A15,3.918020248413086,3.6930291652679443,3.4652769565582275,3.225825309753418,2.9382131099700928,2.818166971206665,2.4505958557128906,2.2156600952148438,1.8484916687011719,1.6096045970916748,1.2553223371505737,1.0309802293777466,0.6681678295135498,0.3975651264190674,0.0,2.9355037212371826,2.881016731262207,2.7923855781555176,2.7834696769714355,2.5550873279571533,2.756131410598755,2.458221435546875,2.1823856830596924,1.842091679573059,1.6908718347549438,1.3130182027816772,1.1434565782546997,0.852433979511261,0.5953376889228821,0.2929113805294037,2.499004364013672,2.4296023845672607,2.3566391468048096,2.483759641647339,2.30041766166687,2.6017308235168457,2.3936567306518555,2.331052303314209,1.9351565837860107,1.8848797082901,1.5380189418792725,1.4515665769577026,1.1895363330841064,1.0937827825546265,1.0083097219467163,2.499253511428833,2.534451961517334,2.419286012649536,2.6776528358459473,2.5095508098602295,2.8229594230651855,2.649181365966797,2.721247673034668,2.390733003616333,2.404850959777832,2.2078921794891357,2.0171849727630615,1.9711096286773682,1.9466192722320557,2.030364990234375,3.1651947498321533,3.1651363372802734,3.175292730331421,3.175905227661133,3.0273890495300293,3.3445775508880615,3.261992931365967,3.357638120651245,3.1709165573120117,3.1865055561065674,3.164559841156006,2.952181100845337,3.013547658920288,3.010742664337158,2.863096237182617
B1,1.4872877597808838,1.422783613204956,1.4848475456237793,1.564437985420227,1.3959637880325317,1.7117186784744263,1.7821511030197144,1.689247965812683,1.7191318273544312,2.0828328132629395,2.0844333171844482,2.4266934394836426,2.547182559967041,2.7222135066986084,2.9355037212371826,0.0,0.3858076333999634,0.7003711462020874,1.0129345655441284,1.243806004524231,1.5956547260284424,1.821587324142456,1.9558947086334229,1.858194351196289,2.1972761154174805,2.1905903816223145,2.5662729740142822,2.711538076400757,2.912330150604248,2.957512140274048,0.817840576171875,1.07090425491333,1.113981008529663,1.475888967514038,1.6315274238586426,1.888357400894165,2.084973096847534,2.4478304386138916,2.4530022144317627,2.6897435188293457,2.768038511276245,2.9996180534362793,3.105530261993408,3.354416608810425,3.507448434829712,2.935532569885254,2.8389649391174316,2.582685708999634,2.771343946456909,2.641955852508545,2.7724621295928955,2.756110429763794,3.109736680984497,3.172861337661743,3.3169360160827637,3.5045993328094482,3.531538724899292,3.773689031600952,3.969916582107544,4.221700668334961,4.3371148109436035,4.125781536102295,3.9938509464263916,3.821047782897949,3.530451774597168,3.7134883403778076,3.5809972286224365,3.8423571586608887,3.971719980239868,3.997424364089966,4.241525650024414,4.192111492156982,4.488763332366943,4.621715545654297,4.707906246185303
B2,1.2686959505081177,1.1287797689437866,1.1567507982254028,1.1927539110183716,1.0104148387908936,1.3331888914108276,1.4309598207473755,1.377564787864685,1.4576833248138428,1.836807131767273,1.9027729034423828,2.2512001991271973,2.422466278076172,2.6294283866882324,2.881016731262207,0.3858076333999634,0.0,0.38254112005233765,0.6356151103973389,0.9119866490364075,1.2395751476287842,1.4929760694503784,1.6399097442626953,1.598505973815918,1.9582122564315796,2.0028111934661865,2.3925676345825195,2.5538864135742188,2.7949302196502686,2.864942789077759,0.7724055051803589,0.878569483757019,0.8302602767944336,1.1503344774246216,1.3014047145843506,1.5245063304901123,1.7447360754013062,2.116398334503174,2.1601412296295166,2.414259910583496,2.524993419647217,2.7820045948028564,2.909344434738159,3.1876440048217773,3.352004051208496,2.7298707962036133,2.5932505130767822,2.3116214275360107,2.4639809131622314,2.3189895153045654,2.4207332134246826,2.4060354232788086,2.7640087604522705,2.8540380001068115,3.0055091381073,3.2168571949005127,3.268996477127075,3.5247445106506348,3.7425241470336914,3.999617099761963,4.064998149871826,3.836646795272827,3.684375286102295,3.4945569038391113,3.1935434341430664,3.357942581176758,3.2196688652038574,3.483919143676758,3.6296579837799072,3.6601474285125732,3.9188072681427,3.889047384262085,4.195517063140869,4.345461845397949,4.453790187835693
B3,1.389803171157837,1.1499767303466797,1.170103907585144,1.094085454940796,0.8066264986991882,1.076058030128479,1.201970100402832,1.2348251342773438,1.294159173965454,1.655322551727295,1.773174524307251,2.0899477005004883,2.307032585144043,2.503373146057129,2.7923855781555176,0.7003711462020874,0.38254112005233765,0.0,0.3927534222602844,0.5768995881080627,0.9050009250640869,1.1608527898788452,1.3605313301086426,1.3411586284637451,1.6872938871383667,1.7858364582061768,2.171525001525879,2.378129005432129,2.6324236392974854,2.752577781677246,1.0165972709655762,1.0078966617584229,0.8014370203018188,1.0727020502090454,1.1151599884033203,1.2867337465286255,1.4620803594589233,1.8441354036331177,1.9115309715270996,2.1379332542419434,2.289825201034546,2.5342113971710205,2.7029902935028076,2.9845683574676514,3.1861062049865723,2.7613024711608887,2.585299015045166,2.2677836418151855,2.378870725631714,2.1793529987335205,2.2429287433624268,2.1774182319641113,2.513091564178467,2.611284017562866,2.7309157848358154,2.9622340202331543,3.004622220993042,3.2847304344177246,3.4979214668273926,3.7772748470306396,3.97503662109375,3.736711025238037,3.5579092502593994,3.3458008766174316,3.0221896171569824,3.1575255393981934,2.982624053955078,3.220083236694336,3.359938859939575,3.3630144596099854,3.620756149291992,3.5836002826690674,3.9009358882904053,4.043930530548096,4.163436412811279
B4,1.2860616445541382,0.985846757888794,0.9115134477615356,0.7443906664848328,0.4214050769805908,0.7045480608940125,0.8624157905578613,0.9430086612701416,1.0942986011505127,1.461911916732788,1.651228666305542,1.9744986295700073,2.232896327972412,2.471879243850708,2.7834696769714355,1.0129345655441284,0.6356151103973389,0.3927534222602844,0.0,0.39300987124443054,0.6287357211112976,0.9231213331222534,1.1054298877716064,1.1819218397140503,1.550162434577942,1.6972137689590454,2.0877740383148193,2.2847113609313965,2.5813584327697754,2.7052266597747803,1.0727452039718628,0.9152979850769043,0.6281522512435913,0.7629773616790771,0.8077157139778137,0.9269031882286072,1.1614587306976318,1.5463556051254272,1.6623919010162354,1.9265958070755005,2.1021640300750732,2.386444091796875,2.5592682361602783,2.8753349781036377,3.06791353225708,2.5081191062927246,2.297290802001953,1.9648457765579224,2.036863088607788,1.8348199129104614,1.8723052740097046,1.8279502391815186,2.178074836730957,2.3084306716918945,2.4547150135040283,2.706462860107422,2.7904791831970215,3.072570562362671,3.316575765609741,3.5873422622680664,3.6581759452819824,3.404857635498047,3.2120776176452637,2.9888417720794678,2.6624979972839355,2.7869784832000732,2.6212189197540283,2.874786615371704,3.03676438331604,3.062141180038452,3.338315963745117,3.3324837684631348,3.654378890991211,3.8244919776916504,3.966599702835083
B5,1.6599594354629517,1.3333280086517334,1.2437328100204468,0.9864243865013123,0.5827188491821289,0.6373209953308105,0.7171930074691772,0.8675783276557922,0.9132260680198669,1.2289021015167236,1.4428879022598267,1.717268705368042,2.0045104026794434,2.2180140018463135,2.5550873279571533,1.243806004524231,0.9119866490364075,0.5768995881080627,0.39300987124443054,0.0,0.40015965700149536,0.5853620767593384,0.807705283164978,0.8613848686218262,1.2023159265518188,1.3859999179840088,1.7633917331695557,2.000030755996704,2.2948501110076904,2.4628443717956543,1.2828863859176636,1.1046323776245117,0.7406943440437317,0.8480722904205322,0.6982065439224243,0.7993798851966858,0.9012105464935303,1.2844958305358887,1.380316138267517,1.598311185836792,1.7953736782073975,2.0521137714385986,2.256819486618042,2.562453508377075,2.788426160812378,2.5392696857452393,2.3137052059173584,1.9595568180084229,2.0162124633789062,1.7518503665924072,1.7818955183029175,1.6564843654632568,1.9666844606399536,2.066005229949951,2.1671693325042725,2.416290044784546,2.46907114982605,2.766854763031006,2.9926114082336426,3.2829320430755615,3.5679211616516113,3.3218727111816406,3.117197036743164,2.886767625808716,2.544980049133301,2.6603870391845703,2.4565107822418213,2.670619010925293,2.797086477279663,2.788919448852539,3.045454263687134,3.011871337890625,3.33431077003479,3.4852564334869385,3.620709180831909
B6,1.7067772150039673,1.3385186195373535,1.237144947052002,0.9067773222923279,0.5321905016899109,0.3910274803638458,0.6144123673439026,0.9294105172157288,1.047337293624878,1.3023329973220825,1.600959062576294,1.8349872827529907,2.169123888015747,2.394524097442627,2.756131410598755,1.5956547260284424,1.2395751476287842,0.9050009250640869,0.6287357211112976,0.40015965700149536,0.0,0.4034448564052582,0.7203134298324585,0.9377566576004028,1.2298020124435425,1.5032224655151367,1.8497655391693115,2.10632061958313,2.428746223449707,2.627993583679199,1.6150555610656738,1.378300666809082,1.0046972036361694,0.9461839199066162,0.7359172105789185,0.6080927848815918,0.7046059966087341,1.0881060361862183,1.2920011281967163,1.5027046203613281,1.770241618156433,2.039186954498291,2.28248929977417,2.6091315746307373,2.852787733078003,2.5926055908203125,2.3211734294891357,1.9495905637741089,1.9256774187088013,1.6316415071487427,1.5736141204833984,1.4261376857757568,1.7189042568206787,1.880232334136963,1.9713528156280518,2.269296884536743,2.3563153743743896,2.6781516075134277,2.9248080253601074,3.2246549129486084,3.4702908992767334,3.201547861099243,2.962195873260498,2.700855255126953,2.3409149646759033,2.401458501815796,2.1696689128875732,2.3721420764923096,2.529742956161499,2.5128931999206543,2.79468035697937,2.7914445400238037,3.1330947875976562,3.3036980628967285,3.476062059402466
B7,2.078845262527466,1.71806001663208,1.5724942684173584,1.217315912246704,0.8572480082511902,0.5936926007270813,0.5543161034584045,0.8610435724258423,0.8614078164100647,1.0151124000549316,1.3370386362075806,1.5117186307907104,1.8688105344772339,2.080883026123047,2.458221435546875,1.821587324142456,1.4929760694503784,1.1608527898788452,0.9231213331222534,0.5853620767593384,0.4034448564052582,0.0,0.38750267028808594,0.6194210052490234,0.8523297905921936,1.1658830642700195,1.4846111536026,1.7568199634552002,2.0834615230560303,2.309983253479004,1.746658444404602,1.4898219108581543,1.1017428636550903,1.0283172130584717,0.6863604784011841,0.5832920074462891,0.4269072711467743,0.7769325971603394,0.9361576437950134,1.1086184978485107,1.387479305267334,1.6425890922546387,1.9020519256591797,2.2255523204803467,2.484731435775757,2.4935266971588135,2.2215607166290283,1.8456178903579712,1.8232485055923462,1.4824676513671875,1.4494564533233643,1.2207238674163818,1.4661275148391724,1.5678882598876953,1.6244913339614868,1.904412865638733,1.9663970470428467,2.292100667953491,2.5280394554138184,2.8352181911468506,3.2580153942108154,3.006136894226074,2.7690529823303223,2.515960931777954,2.15425443649292,2.230567455291748,1.979345679283142,2.1474556922912598,2.2521631717681885,2.2175910472869873,2.4713335037231445,2.439396619796753,2.771678924560547,2.929335594177246,3.0876107215881348
B8,2.24672269821167,1.907670497894287,1.6950825452804565,1.334446668624878,1.0218193531036377,0.7354574799537659,0.45186659693717957,0.6509467363357544,0.5894889235496521,0.6590543389320374,1.021841049194336,1.1896770000457764,1.5593596696853638,1.8064757585525513,2.1823856830596924,1.9558947086334229,1.6399097442626953,1.3605313301086426,1.1054298877716064,0.807705283164978,0.7203134298324585,0.38750267028808594,0.0,0.39436277747154236,0.6312832832336426,0.9205666780471802,1.2352291345596313,1.4561182260513306,1.8093522787094116,2.0114316940307617,1.7184444665908813,1.4223062992095947,1.0592585802078247,0.9343242049217224,0.5397906303405762,0.5334294438362122,0.250914067029953,0.5172380805015564,0.5832626819610596,0.8329604268074036,1.0620721578598022,1.3667893409729004,1.584553837776184,1.932672381401062,2.157937526702881,2.1723220348358154,1.9061037302017212,1.5356875658035278,1.5343033075332642,1.1829992532730103,1.2204557657241821,0.9840052127838135,1.2366942167282104,1.2734047174453735,1.3717628717422485,1.611208200454712,1.6905922889709473,1.9869177341461182,2.2416741847991943,2.5234405994415283,2.9088242053985596,2.672456979751587,2.454575538635254,2.2249674797058105,1.878793716430664,2.0093815326690674,1.7920624017715454,1.976435899734497,2.0464096069335938,2.051044225692749,2.286057949066162,2.2541580200195312,2.5609700679779053,2.7311394214630127,2.871293067932129
B9,2.410151958465576,2.0937459468841553,1.8971213102340698,1.5747942924499512,1.2305023670196533,1.0341514348983765,0.7375898361206055,0.7546854019165039,0.4729432463645935,0.49542757868766785,0.7458221316337585,0.9091801047325134,1.2527549266815186,1.469025731086731,1.842091679573059,1.858194351196289,1.598505973815918,1.3411586284637451,1.1819218397140503,0.8613848686218262,0.9377566576004028,0.6194210052490234,0.39436277747154236,0.0,0.3885880708694458,0.5762654542922974,0.9391607642173767,1.1703485250473022,1.4955317974090576,1.6973540782928467,1.6127703189849854,1.3741272687911987,1.0393821001052856,1.0492993593215942,0.6915807127952576,0.8712741136550903,0.6437996625900269,0.8105739951133728,0.6646286845207214,0.8340291380882263,0.9518566727638245,1.2069679498672485,1.3955051898956299,1.708523154258728,1.9377943277359009,2.2043824195861816,1.991193413734436,1.6465942859649658,1.7277730703353882,1.402147650718689,1.5248783826828003,1.2934714555740356,1.5115509033203125,1.4498120546340942,1.5149824619293213,1.6750801801681519,1.6786309480667114,1.9484995603561401,2.1577816009521484,2.4395217895507812,3.0184519290924072,2.8174757957458496,2.6369130611419678,2.4442505836486816,2.1229424476623535,2.298039436340332,2.096013307571411,2.259483814239502,2.272758960723877,2.2620201110839844,2.4479830265045166,2.3619251251220703,2.639946222305298,2.770073890686035,2.8599483966827393
B10,2.7868165969848633,2.46056866645813,2.2679085731506348,1.9305696487426758,1.586953043937683,1.347764492034912,1.0570400953292847,1.0958635807037354,0.7927238941192627,0.6089450120925903,0.8026237487792969,0.7787072062492371,1.1424046754837036,1.2965569496154785,1.6908718347549438,2.1972761154174805,1.9582122564315796,1.6872938871383667,1.550162434577942,1.2023159265518188,1.2298020124435425,0.8523297905921936,0.6312832832336426,0.3885880708694458,0.0,0.3914681077003479,0.6355416178703308,0.9374760985374451,1.2501927614212036,1.5209476947784424,1.9660587310791016,1.7410166263580322,1.4214874505996704,1.418352484703064,1.0498744249343872,1.1609512567520142,0.832373321056366,0.8425595164299011,0.595930814743042,0.5698688626289368,0.679343044757843,0.8564141988754272,1.1004161834716797,1.390711784362793,1.670067310333252,2.3669545650482178,2.158271074295044,1.8299866914749146,1.890401005744934,1.5412181615829468,1.652158498764038,1.3550212383270264,1.4725834131240845,1.33407461643219,1.3148168325424194,1.4321011304855347,1.3682457208633423,1.6488291025161743,1.8230289220809937,2.128441333770752,2.9983575344085693,2.818387269973755,2.637017250061035,2.45212984085083,2.138237953186035,2.3014321327209473,2.074164867401123,2.1754724979400635,2.1247081756591797,2.0735666751861572,2.212151050567627,2.079685688018799,2.3423643112182617,2.4413020610809326,2.5109407901763916
B11,2.932422399520874,2.63590669631958,2.4326553344726562,2.127338171005249,1.7919902801513672,1.6066458225250244,1.27864670753479,1.1956979036331177,0.8176289796829224,0.5887220501899719,0.5560234189033508,0.4740544557571411,0.7836085557937622,0.92449951171875,1.3130182027816772,2.1905903816223145,2.0028111934661865,1.7858364582061768,1.6972137689590454,1.3859999179840088,1.5032224655151367,1.1658830642700195,0.9205666780471802,0.5762654542922974,0.3914681077003479,0.0,0.39746585488319397,0.6346916556358337,0.9260976910591125,1.1637325286865234,1.8930693864822388,1.7088037729263306,1.4513005018234253,1.511473298072815,1.1988863945007324,1.4129122495651245,1.14399254322052,1.1496803760528564,0.8198821544647217,0.8078659176826477,0.7036969065666199,0.8273653388023376,0.9486464858055115,1.1993333101272583,1.4369568824768066,2.278837203979492,2.1268603801727295,1.8381215333938599,1.9723573923110962,1.6684976816177368,1.85957670211792,1.60625159740448,1.7310417890548706,1.5288006067276,1.533247470855713,1.5580124855041504,1.4540810585021973,1.6618863344192505,1.799641489982605,2.069075345993042,2.9928181171417236,2.8497588634490967,2.714873790740967,2.574789047241211,2.2971153259277344,2.515249252319336,2.3308494091033936,2.4434702396392822,2.359882116317749,2.332428455352783,2.4333667755126953,2.2772374153137207,2.494386672973633,2.5706822872161865,2.586414337158203
B12,3.3252596855163574,3.023528814315796,2.816070318222046,2.499706506729126,2.168109655380249,1.9544649124145508,1.6228443384170532,1.5528160333633423,1.1859956979751587,0.8853418231010437,0.8068434596061707,0.5046883821487427,0.7312920689582825,0.7506915330886841,1.1434565782546997,2.5662729740142822,2.3925676345825195,2.171525001525879,2.0877740383148193,1.7633917331695557,1.8497655391693115,1.4846111536026,1.2352291345596313,0.9391607642173767,0.6355416178703308,0.39746585488319397,0.0,0.3946402966976166,0.631389856338501,0.9615254402160645,2.2653133869171143,2.087359666824341,1.84319269657135,1.884756088256836,1.564827799797058,1.74132239818573,1.429566740989685,1.345146894454956,0.9811750054359436,0.8262415528297424,0.6144803762435913,0.543187141418457,0.6475716233253479,0.8297849297523499,1.1194885969161987,2.4482581615448,2.3117706775665283,2.0523552894592285,2.17349910736084,1.8692291975021362,2.057337999343872,1.7748818397521973,1.8168505430221558,1.5437012910842896,1.480926752090454,1.421093225479126,1.2328603267669678,1.4035463333129883,1.478959560394287,1.75358247756958,2.9808151721954346,2.8697571754455566,2.748197078704834,2.629866600036621,2.3761558532714844,2.5917880535125732,2.403822183609009,2.4634931087493896,2.3147807121276855,2.2621400356292725,2.3011655807495117,2.097909688949585,2.2730274200439453,2.3089613914489746,2.281383752822876
B13,3.472500801086426,3.1940066814422607,2.95581316947937,2.655413866043091,2.3572323322296143,2.1573801040649414,1.7872593402862549,1.6413003206253052,1.2803618907928467,0.9467789530754089,0.753911018371582,0.36398008465766907,0.42423805594444275,0.48150891065597534,0.852433979511261,2.711538076400757,2.5538864135742188,2.378129005432129,2.2847113609313965,2.000030755996704,2.10632061958313,1.7568199634552002,1.4561182260513306,1.1703485250473022,0.9374760985374451,0.6346916556358337,0.3946402966976166,0.0,0.3866567015647888,0.6198787689208984,2.3065524101257324,2.1280786991119385,1.9407157897949219,1.971846342086792,1.6980763673782349,1.9135833978652954,1.6415531635284424,1.5248513221740723,1.1258482933044434,1.0346330404281616,0.6927361488342285,0.6530563235282898,0.49189993739128113,0.6612969636917114,0.8194690346717834,2.2411892414093018,2.1516003608703613,1.9447650909423828,2.1082067489624023,1.855347752571106,2.103792190551758,1.8698099851608276,1.911791443824768,1.5922447443008423,1.581449031829834,1.4403269290924072,1.2719123363494873,1.3372762203216553,1.4117103815078735,1.609337329864502,2.7651562690734863,2.6916615962982178,2.616852045059204,2.546856641769409,2.3396334648132324,2.6060290336608887,2.4731125831604004,2.5516836643218994,2.3818416595458984,2.3783392906188965,2.394219160079956,2.2031853199005127,2.3287787437438965,2.373626947402954,2.310805559158325
