0.000000000000000000e+00,3.933646082878112793e-01,6.084582805633544922e-01,9.423593282699584961e-01,1.227713465690612793e+00,1.593361020088195801e+00,1.817734479904174805e+00,2.192501306533813477e+00,2.447062969207763672e+00,2.828077077865600586e+00,2.935438632965087891e+00,3.306361198425292969e+00,3.237924098968505859e+00,3.545194864273071289e+00,3.397744655609130859e+00,1.097977876663208008e+00,1.062056660652160645e+00,1.023934841156005859e+00,1.143340945243835449e+00,1.377632141113281250e+00,1.671033382415771484e+00,1.913327217102050781e+00,2.272634029388427734e+00,2.516647815704345703e+00,2.896148443222045898e+00,3.005652904510498047e+00,3.389977693557739258e+00,3.371659040451049805e+00,3.708356857299804688e+00,3.623939514160156250e+00,1.692926526069641113e+00,1.670377850532531738e+00,1.540714621543884277e+00,1.611274242401123047e+00,1.732883453369140625e+00,1.963025212287902832e+00,2.163456678390502930e+00,2.492153882980346680e+00,2.700734853744506836e+00,3.066997051239013672e+00,3.175849199295043945e+00,3.553735971450805664e+00,3.573820829391479492e+00,3.929919004440307617e+00,3.892323493957519531e+00,2.318603277206420898e+00,2.297715425491333008e+00,2.092772006988525391e+00,2.141136884689331055e+00,2.171947956085205078e+00,2.352115631103515625e+00,2.493914604187011719e+00,2.787914991378784180e+00,2.967954158782958984e+00,3.307999134063720703e+00,3.433245897293090820e+00,3.782540321350097656e+00,3.842638969421386719e+00,4.200573444366455078e+00,4.240766525268554688e+00,3.064104318618774414e+00,3.011765241622924805e+00,2.730079889297485352e+00,2.766289472579956055e+00,2.688642740249633789e+00,2.839538097381591797e+00,2.927549600601196289e+00,3.162816047668457031e+00,3.316414356231689453e+00,3.638358592987060547e+00,3.775795221328735352e+00,4.084766864776611328e+00,4.186689376831054688e+00,4.516402721405029297e+00,4.656598091125488281e+00
3.933646082878112793e-01,0.000000000000000000e+00,3.796867728233337402e-01,6.095775961875915527e-01,9.485034942626953125e-01,1.282533168792724609e+00,1.547994494438171387e+00,1.904688954353332520e+00,2.192564964294433594e+00,2.564684152603149414e+00,2.704427957534790039e+00,3.080301284790039062e+00,3.042149305343627930e+00,3.365035533905029297e+00,3.245629787445068359e+00,1.118990063667297363e+00,9.714069366455078125e-01,8.330010771751403809e-01,8.349431753158569336e-01,1.063566565513610840e+00,1.320090055465698242e+00,1.597337722778320312e+00,1.944446325302124023e+00,2.217145681381225586e+00,2.593212842941284180e+00,2.734285354614257812e+00,3.126763582229614258e+00,3.138260364532470703e+00,3.491138935089111328e+00,3.433525323867797852e+00,1.623166084289550781e+00,1.534649848937988281e+00,1.338718652725219727e+00,1.334428668022155762e+00,1.424314379692077637e+00,1.613960027694702148e+00,1.832198500633239746e+00,2.146548986434936523e+00,2.377067565917968750e+00,2.740768194198608398e+00,2.878020286560058594e+00,3.264478683471679688e+00,3.312615394592285156e+00,3.683792352676391602e+00,3.670813560485839844e+00,2.206509590148925781e+00,2.138239622116088867e+00,1.888701915740966797e+00,1.883988618850708008e+00,1.879225730895996094e+00,2.020191431045532227e+00,2.164077043533325195e+00,2.440001010894775391e+00,2.633906841278076172e+00,2.969509363174438477e+00,3.119340181350708008e+00,3.474561691284179688e+00,3.560383796691894531e+00,3.930978775024414062e+00,3.993174552917480469e+00,2.917546033859252930e+00,2.825236797332763672e+00,2.516586303710937500e+00,2.514051914215087891e+00,2.407247543334960938e+00,2.524277925491333008e+00,2.606853723526000977e+00,2.820152044296264648e+00,2.981406688690185547e+00,3.295493125915527344e+00,3.452958345413208008e+00,3.763882160186767578e+00,3.889148712158203125e+00,4.226881504058837891e+00,4.389343738555908203e+00
6.084582805633544922e-01,3.796867728233337402e-01,0.000000000000000000e+00,3.830147981643676758e-01,6.202380061149597168e-01,9.901854395866394043e-01,1.212653636932373047e+00,1.584987521171569824e+00,1.849464297294616699e+00,2.227777242660522461e+00,2.354613065719604492e+00,2.732828140258789062e+00,2.693464279174804688e+00,3.022222042083740234e+00,2.911890268325805664e+00,1.094431042671203613e+00,1.004372596740722656e+00,7.513374090194702148e-01,7.739025950431823730e-01,8.661367297172546387e-01,1.127141237258911133e+00,1.340059757232666016e+00,1.687753081321716309e+00,1.925101280212402344e+00,2.299851655960083008e+00,2.423550605773925781e+00,2.812254428863525391e+00,2.820680618286132812e+00,3.175613641738891602e+00,3.127693176269531250e+00,1.612041950225830078e+00,1.569584965705871582e+00,1.315454125404357910e+00,1.335322141647338867e+00,1.326696872711181641e+00,1.506800174713134766e+00,1.652250289916992188e+00,1.953730106353759766e+00,2.139839172363281250e+00,2.493599891662597656e+00,2.610974311828613281e+00,2.985818624496459961e+00,3.029681921005249023e+00,3.397271156311035156e+00,3.394073486328125000e+00,2.214184999465942383e+00,2.175224304199218750e+00,1.890370368957519531e+00,1.905639886856079102e+00,1.832320809364318848e+00,1.965861678123474121e+00,2.042626142501831055e+00,2.300982952117919922e+00,2.447939634323120117e+00,2.768096446990966797e+00,2.896641492843627930e+00,3.233223915100097656e+00,3.312655210494995117e+00,3.673091888427734375e+00,3.744138240814208984e+00,2.932817459106445312e+00,2.854426622390747070e+00,2.525870323181152344e+00,2.539632081985473633e+00,2.384500980377197266e+00,2.499926805496215820e+00,2.525210380554199219e+00,2.722552061080932617e+00,2.838967561721801758e+00,3.138582944869995117e+00,3.271317958831787109e+00,3.559152126312255859e+00,3.673875808715820312e+00,3.994151592254638672e+00,4.156286716461181641e+00
9.423593282699584961e-01,6.095775961875915527e-01,3.830147981643676758e-01,0.000000000000000000e+00,3.863879740238189697e-01,6.774513721466064453e-01,9.774898886680603027e-01,1.319225192070007324e+00,1.628205537796020508e+00,1.990947842597961426e+00,2.167093276977539062e+00,2.552952766418457031e+00,2.560155630111694336e+00,2.910796403884887695e+00,2.843372821807861328e+00,1.345447659492492676e+00,1.182739496231079102e+00,8.601201772689819336e-01,7.121053338050842285e-01,6.966713666915893555e-01,8.439528346061706543e-01,1.090481400489807129e+00,1.402870416641235352e+00,1.672433137893676758e+00,2.034990310668945312e+00,2.205468416213989258e+00,2.601942062377929688e+00,2.655632495880126953e+00,3.031318902969360352e+00,3.024664878845214844e+00,1.751754403114318848e+00,1.652100801467895508e+00,1.340167880058288574e+00,1.264681816101074219e+00,1.180132746696472168e+00,1.269909024238586426e+00,1.414790630340576172e+00,1.674651622772216797e+00,1.878689646720886230e+00,2.218421459197998047e+00,2.376419782638549805e+00,2.756311178207397461e+00,2.842201709747314453e+00,3.226920366287231445e+00,3.261796712875366211e+00,2.287359476089477539e+00,2.202662229537963867e+00,1.877446055412292480e+00,1.828173160552978516e+00,1.697930693626403809e+00,1.762534856796264648e+00,1.822970151901245117e+00,2.038419008255004883e+00,2.191433906555175781e+00,2.494240999221801758e+00,2.656158924102783203e+00,2.991959571838378906e+00,3.108656644821166992e+00,3.480993747711181641e+00,3.585695028305053711e+00,2.951768636703491211e+00,2.832313537597656250e+00,2.479563236236572266e+00,2.446548223495483398e+00,2.252029418945312500e+00,2.315294027328491211e+00,2.321922063827514648e+00,2.476956605911254883e+00,2.593250513076782227e+00,2.872758626937866211e+00,3.030125617980957031e+00,3.311289548873901367e+00,3.457881689071655273e+00,3.781886100769042969e+00,3.974600076675415039e+00
1.227713465690612793e+00,9.485034942626953125e-01,6.202380061149597168e-01,3.863879740238189697e-01,0.000000000000000000e+00,3.867566585540771484e-01,6.079373359680175781e-01,9.727529883384704590e-01,1.256725072860717773e+00,1.627497553825378418e+00,1.791484236717224121e+00,2.180079460144042969e+00,2.190247058868408203e+00,2.548311948776245117e+00,2.496506690979003906e+00,1.430683374404907227e+00,1.321321368217468262e+00,9.526458978652954102e-01,8.397984504699707031e-01,6.326924562454223633e-01,7.292926907539367676e-01,8.444963693618774414e-01,1.142099738121032715e+00,1.359368801116943359e+00,1.718323111534118652e+00,1.868487358093261719e+00,2.260215282440185547e+00,2.313271999359130859e+00,2.691585540771484375e+00,2.699507474899291992e+00,1.801572680473327637e+00,1.745752692222595215e+00,1.401795506477355957e+00,1.354597926139831543e+00,1.166818380355834961e+00,1.230855584144592285e+00,1.265793561935424805e+00,1.494448065757751465e+00,1.634010434150695801e+00,1.956258535385131836e+00,2.088646650314331055e+00,2.452797412872314453e+00,2.534912586212158203e+00,2.914728641510009766e+00,2.962572574615478516e+00,2.324200391769409180e+00,2.268979072570800781e+00,1.922448992729187012e+00,1.895577192306518555e+00,1.699207067489624023e+00,1.752043962478637695e+00,1.728568434715270996e+00,1.914512395858764648e+00,2.004902124404907227e+00,2.283867835998535156e+00,2.417687892913818359e+00,2.728960990905761719e+00,2.837953567504882812e+00,3.197223901748657227e+00,3.312145948410034180e+00,2.974876642227172852e+00,2.871179580688476562e+00,2.507377862930297852e+00,2.492542505264282227e+00,2.253613948822021484e+00,2.314327955245971680e+00,2.256001234054565430e+00,2.389618873596191406e+00,2.450420379638671875e+00,2.709070682525634766e+00,2.834803581237792969e+00,3.087174654006958008e+00,3.220394611358642578e+00,3.523316860198974609e+00,3.715005397796630859e+00
1.593361020088195801e+00,1.282533168792724609e+00,9.901854395866394043e-01,6.774513721466064453e-01,3.867566585540771484e-01,0.000000000000000000e+00,3.863604962825775146e-01,6.622912287712097168e-01,9.993356466293334961e-01,1.340148329734802246e+00,1.562803745269775391e+00,1.953199625015258789e+00,2.020390272140502930e+00,2.397642850875854492e+00,2.399363279342651367e+00,1.743532657623291016e+00,1.602777242660522461e+00,1.222470164299011230e+00,1.030771255493164062e+00,7.266588211059570312e-01,6.102913022041320801e-01,6.555035114288330078e-01,8.515973687171936035e-01,1.079697132110595703e+00,1.411175131797790527e+00,1.612795472145080566e+00,2.005557537078857422e+00,2.111989021301269531e+00,2.508097171783447266e+00,2.566264629364013672e+00,2.020340681076049805e+00,1.933703780174255371e+00,1.562860846519470215e+00,1.452181220054626465e+00,1.183869123458862305e+00,1.130911588668823242e+00,1.105144739151000977e+00,1.245917081832885742e+00,1.370368242263793945e+00,1.658304214477539062e+00,1.828701496124267578e+00,2.187138795852661133e+00,2.315986156463623047e+00,2.707925558090209961e+00,2.801049709320068359e+00,2.469199895858764648e+00,2.385597705841064453e+00,2.014955043792724609e+00,1.940500736236572266e+00,1.682519793510437012e+00,1.658350348472595215e+00,1.583400368690490723e+00,1.698227643966674805e+00,1.764600634574890137e+00,2.006335973739624023e+00,2.165703535079956055e+00,2.462258815765380859e+00,2.609273672103881836e+00,2.972932100296020508e+00,3.126219511032104492e+00,3.053870439529418945e+00,2.921116113662719727e+00,2.542900323867797852e+00,2.492015361785888672e+00,2.210730075836181641e+00,2.217516422271728516e+00,2.117957830429077148e+00,2.194074392318725586e+00,2.230863094329833984e+00,2.454233407974243164e+00,2.593127727508544922e+00,2.824385404586791992e+00,2.986177682876586914e+00,3.282998800277709961e+00,3.505119562149047852e+00
1.817734479904174805e+00,1.547994494438171387e+00,1.212653636932373047e+00,9.774898886680603027e-01,6.079373359680175781e-01,3.863604962825775146e-01,0.000000000000000000e+00,3.863267600536346436e-01,6.509311199188232422e-01,1.019792556762695312e+00,1.198969602584838867e+00,1.591157436370849609e+00,1.642643332481384277e+00,2.021212339401245117e+00,2.027691841125488281e+00,1.797356605529785156e+00,1.713579654693603516e+00,1.335349321365356445e+00,1.215240359306335449e+00,8.503028154373168945e-01,7.568361163139343262e-01,5.804222226142883301e-01,7.274737358093261719e-01,8.276581764221191406e-01,1.157513737678527832e+00,1.300878405570983887e+00,1.685208320617675781e+00,1.769912838935852051e+00,2.161640167236328125e+00,2.221700191497802734e+00,2.038001298904418945e+00,2.005022764205932617e+00,1.636290192604064941e+00,1.582152843475341797e+00,1.266242980957031250e+00,1.232435703277587891e+00,1.083590984344482422e+00,1.194063067436218262e+00,1.211495399475097656e+00,1.475674986839294434e+00,1.584496140480041504e+00,1.918519973754882812e+00,2.021230936050415039e+00,2.399505376815795898e+00,2.491734027862548828e+00,2.470310688018798828e+00,2.428854227066040039e+00,2.060120344161987305e+00,2.030243635177612305e+00,1.738595485687255859e+00,1.733567714691162109e+00,1.578965544700622559e+00,1.676986455917358398e+00,1.661212205886840820e+00,1.877258300781250000e+00,1.979409933090209961e+00,2.244102716445922852e+00,2.361654996871948242e+00,2.703510761260986328e+00,2.852747201919555664e+00,3.041640996932983398e+00,2.939377307891845703e+00,2.565271854400634766e+00,2.550423145294189453e+00,2.245795249938964844e+00,2.272402286529541016e+00,2.114441871643066406e+00,2.186356544494628906e+00,2.158758640289306641e+00,2.364670038223266602e+00,2.450664997100830078e+00,2.650137901306152344e+00,2.778626680374145508e+00,3.048834085464477539e+00,3.254663467407226562e+00
2.192501306533813477e+00,1.904688954353332520e+00,1.584987521171569824e+00,1.319225192070007324e+00,9.727529883384704590e-01,6.622912287712097168e-01,3.863267600536346436e-01,0.000000000000000000e+00,3.775024712085723877e-01,6.833564639091491699e-01,9.335810542106628418e-01,1.315944790840148926e+00,1.435795187950134277e+00,1.826012492179870605e+00,1.895979762077331543e+00,2.116474390029907227e+00,2.016637802124023438e+00,1.643679857254028320e+00,1.490050077438354492e+00,1.102939844131469727e+00,9.008692502975463867e-01,6.264873147010803223e-01,5.413935184478759766e-01,5.379757285118103027e-01,8.063127994537353516e-01,9.973158240318298340e-01,1.374913215637207031e+00,1.520049929618835449e+00,1.924784660339355469e+00,2.042386531829833984e+00,2.274437904357910156e+00,2.226123094558715820e+00,1.852660298347473145e+00,1.765209317207336426e+00,1.404304146766662598e+00,1.285591125488281250e+00,1.053733944892883301e+00,1.036340117454528809e+00,9.747599959373474121e-01,1.167708396911621094e+00,1.294469475746154785e+00,1.606727242469787598e+00,1.755657672882080078e+00,2.139041662216186523e+00,2.280582904815673828e+00,2.630387306213378906e+00,2.574327945709228516e+00,2.198389053344726562e+00,2.140840291976928711e+00,1.804157614707946777e+00,1.738142132759094238e+00,1.518257856369018555e+00,1.530399203300476074e+00,1.453463792800903320e+00,1.607661604881286621e+00,1.712736725807189941e+00,1.944481611251831055e+00,2.093314170837402344e+00,2.429859399795532227e+00,2.617786407470703125e+00,3.127958059310913086e+00,3.009102821350097656e+00,2.632608890533447266e+00,2.595967054367065430e+00,2.257684469223022461e+00,2.240787744522094727e+00,2.031132459640502930e+00,2.042657852172851562e+00,1.967012047767639160e+00,2.124047517776489258e+00,2.202209711074829102e+00,2.365264415740966797e+00,2.511447429656982422e+00,2.764898061752319336e+00,2.996267795562744141e+00
2.447062969207763672e+00,2.192564964294433594e+00,1.849464297294616699e+00,1.628205537796020508e+00,1.256725072860717773e+00,9.993356466293334961e-01,6.509311199188232422e-01,3.775024712085723877e-01,0.000000000000000000e+00,3.846216201782226562e-01,5.727450847625732422e-01,9.672172069549560547e-01,1.092197895050048828e+00,1.491730690002441406e+00,1.590598106384277344e+00,2.287952184677124023e+00,2.237296581268310547e+00,1.877728104591369629e+00,1.777807235717773438e+00,1.386401534080505371e+00,1.229999065399169922e+00,8.979688286781311035e-01,7.757079005241394043e-01,5.609781742095947266e-01,7.114080786705017090e-01,7.856624126434326172e-01,1.121556162834167480e+00,1.249875068664550781e+00,1.644348621368408203e+00,1.780870676040649414e+00,2.431011676788330078e+00,2.429344654083251953e+00,2.071296215057373047e+00,2.030128717422485352e+00,1.662299036979675293e+00,1.571110367774963379e+00,1.280383229255676270e+00,1.231901884078979492e+00,1.053613185882568359e+00,1.166754126548767090e+00,1.198941469192504883e+00,1.444574236869812012e+00,1.563595771789550781e+00,1.916885852813720703e+00,2.067972421646118164e+00,2.773138046264648438e+00,2.755863189697265625e+00,2.393085479736328125e+00,2.373969793319702148e+00,2.028411626815795898e+00,1.982120990753173828e+00,1.713558793067932129e+00,1.705103278160095215e+00,1.547234177589416504e+00,1.648594975471496582e+00,1.680115103721618652e+00,1.849682807922363281e+00,1.962843298912048340e+00,2.258886814117431641e+00,2.447605371475219727e+00,3.253900289535522461e+00,3.165594100952148438e+00,2.801272153854370117e+00,2.796470642089843750e+00,2.449830770492553711e+00,2.449765920639038086e+00,2.198218107223510742e+00,2.201318025588989258e+00,2.063594818115234375e+00,2.187787055969238281e+00,2.204927206039428711e+00,2.317157268524169922e+00,2.423628330230712891e+00,2.633584737777709961e+00,2.846525192260742188e+00
2.828077077865600586e+00,2.564684152603149414e+00,2.227777242660522461e+00,1.990947842597961426e+00,1.627497553825378418e+00,1.340148329734802246e+00,1.019792556762695312e+00,6.833564639091491699e-01,3.846216201782226562e-01,0.000000000000000000e+00,3.816061615943908691e-01,7.056019902229309082e-01,9.447426199913024902e-01,1.335047602653503418e+00,1.520313143730163574e+00,2.639020204544067383e+00,2.582409620285034180e+00,2.228928565979003906e+00,2.113862752914428711e+00,1.718942523002624512e+00,1.521547555923461914e+00,1.177703857421875000e+00,9.485709071159362793e-01,6.420198678970336914e-01,5.536007881164550781e-01,6.065109968185424805e-01,8.574311733245849609e-01,1.065930485725402832e+00,1.450581073760986328e+00,1.661649227142333984e+00,2.730235815048217773e+00,2.722919702529907227e+00,2.369322538375854492e+00,2.312077760696411133e+00,1.928831577301025391e+00,1.793832778930664062e+00,1.467414259910583496e+00,1.324922680854797363e+00,1.068352580070495605e+00,1.046154856681823730e+00,1.053088665008544922e+00,1.213457822799682617e+00,1.376368165016174316e+00,1.708040595054626465e+00,1.918117403984069824e+00,3.013936519622802734e+00,2.991355419158935547e+00,2.632405996322631836e+00,2.598890304565429688e+00,2.232048034667968750e+00,2.147027730941772461e+00,1.837496399879455566e+00,1.755034208297729492e+00,1.532916069030761719e+00,1.543344855308532715e+00,1.549974799156188965e+00,1.646041989326477051e+00,1.779605627059936523e+00,2.044437170028686523e+00,2.274310111999511719e+00,3.429374217987060547e+00,3.334335565567016602e+00,2.977024078369140625e+00,2.960244178771972656e+00,2.595703601837158203e+00,2.564082622528076172e+00,2.272680521011352539e+00,2.221342802047729492e+00,2.030834913253784180e+00,2.090657949447631836e+00,2.080772399902343750e+00,2.131728410720825195e+00,2.242248535156250000e+00,2.413130283355712891e+00,2.645329236984252930e+00
2.935438632965087891e+00,2.704427957534790039e+00,2.354613065719604492e+00,2.167093276977539062e+00,1.791484236717224121e+00,1.562803745269775391e+00,1.198969602584838867e+00,9.335810542106628418e-01,5.727450847625732422e-01,3.816061615943908691e-01,0.000000000000000000e+00,3.995129168033599854e-01,5.718176364898681641e-01,9.700434207916259766e-01,1.152786970138549805e+00,2.634857177734375000e+00,2.624145030975341797e+00,2.294163465499877930e+00,2.236091613769531250e+00,1.847768783569335938e+00,1.711827754974365234e+00,1.338437438011169434e+00,1.165477991104125977e+00,8.130525350570678711e-01,7.323715686798095703e-01,5.535399317741394043e-01,7.105216383934020996e-01,8.058257699012756348e-01,1.162047147750854492e+00,1.350246548652648926e+00,2.703654527664184570e+00,2.744420289993286133e+00,2.415325164794921875e+00,2.413023233413696289e+00,2.038998842239379883e+00,1.959268331527709961e+00,1.607444167137145996e+00,1.505914568901062012e+00,1.204261302947998047e+00,1.181746125221252441e+00,1.058831095695495605e+00,1.154837131500244141e+00,1.217050790786743164e+00,1.501099944114685059e+00,1.675975799560546875e+00,2.976022481918334961e+00,2.997841596603393555e+00,2.660812854766845703e+00,2.677496433258056641e+00,2.320825338363647461e+00,2.283749818801879883e+00,1.955374240875244141e+00,1.905504226684570312e+00,1.645034074783325195e+00,1.657119750976562500e+00,1.573996543884277344e+00,1.631314873695373535e+00,1.682973265647888184e+00,1.902067422866821289e+00,2.092948436737060547e+00,3.386155605316162109e+00,3.331441640853881836e+00,2.992740631103515625e+00,3.020808458328247070e+00,2.665056705474853516e+00,2.675266265869140625e+00,2.366945743560791016e+00,2.347835779190063477e+00,2.123921632766723633e+00,2.189669847488403320e+00,2.113770961761474609e+00,2.142324209213256836e+00,2.184298515319824219e+00,2.320826530456542969e+00,2.503836154937744141e+00
3.306361198425292969e+00,3.080301284790039062e+00,2.732828140258789062e+00,2.552952766418457031e+00,2.180079460144042969e+00,1.953199625015258789e+00,1.591157436370849609e+00,1.315944790840148926e+00,9.672172069549560547e-01,7.056019902229309082e-01,3.995129168033599854e-01,0.000000000000000000e+00,3.738272190093994141e-01,6.864936947822570801e-01,9.721367359161376953e-01,2.931794404983520508e+00,2.932758808135986328e+00,2.621192932128906250e+00,2.574321746826171875e+00,2.190785169601440430e+00,2.053989887237548828e+00,1.671631097793579102e+00,1.471805930137634277e+00,1.097258210182189941e+00,9.128217697143554688e-01,6.315020918846130371e-01,5.305351614952087402e-01,5.918757319450378418e-01,8.660486936569213867e-01,1.119880318641662598e+00,2.945167064666748047e+00,3.000335216522216797e+00,2.690604209899902344e+00,2.699610948562622070e+00,2.325653076171875000e+00,2.242393732070922852e+00,1.868489384651184082e+00,1.732725501060485840e+00,1.385389208793640137e+00,1.275167942047119141e+00,1.066054940223693848e+00,1.018230676651000977e+00,1.035004734992980957e+00,1.235863089561462402e+00,1.440622568130493164e+00,3.158990621566772461e+00,3.196278095245361328e+00,2.878406524658203125e+00,2.907055377960205078e+00,2.546983242034912109e+00,2.506315231323242188e+00,2.150651454925537109e+00,2.068712711334228516e+00,1.756909966468811035e+00,1.703001022338867188e+00,1.548678994178771973e+00,1.511653065681457520e+00,1.518494367599487305e+00,1.663983821868896484e+00,1.860803484916687012e+00,3.505668640136718750e+00,3.466282606124877930e+00,3.148200511932373047e+00,3.188916683197021484e+00,2.831042289733886719e+00,2.839182615280151367e+00,2.500640392303466797e+00,2.459984779357910156e+00,2.186142206192016602e+00,2.204082250595092773e+00,2.068051338195800781e+00,2.030094861984252930e+00,2.026634454727172852e+00,2.100595951080322266e+00,2.262728929519653320e+00
3.237924098968505859e+00,3.042149305343627930e+00,2.693464279174804688e+00,2.560155630111694336e+00,2.190247058868408203e+00,2.020390272140502930e+00,1.642643332481384277e+00,1.435795187950134277e+00,1.092197895050048828e+00,9.447426199913024902e-01,5.718176364898681641e-01,3.738272190093994141e-01,0.000000000000000000e+00,4.037581980228424072e-01,6.129450798034667969e-01,2.769687175750732422e+00,2.809214353561401367e+00,2.526087760925292969e+00,2.530726194381713867e+00,2.166294574737548828e+00,2.090910196304321289e+00,1.704729914665222168e+00,1.575435519218444824e+00,1.213079333305358887e+00,1.119647741317749023e+00,7.751576900482177734e-01,7.010654807090759277e-01,5.290763378143310547e-01,7.330689430236816406e-01,8.722729086875915527e-01,2.768382787704467773e+00,2.865453481674194336e+00,2.583623647689819336e+00,2.643581628799438477e+00,2.291623353958129883e+00,2.267895221710205078e+00,1.895692348480224609e+00,1.824888467788696289e+00,1.486088991165161133e+00,1.442015767097473145e+00,1.173908233642578125e+00,1.145722150802612305e+00,1.033756971359252930e+00,1.190598487854003906e+00,1.295965075492858887e+00,2.982266187667846680e+00,3.060052871704101562e+00,2.766222953796386719e+00,2.842816114425659180e+00,2.505964756011962891e+00,2.519844532012939453e+00,2.171525478363037109e+00,2.146906137466430664e+00,1.841673851013183594e+00,1.837939739227294922e+00,1.635966539382934570e+00,1.621356487274169922e+00,1.543232917785644531e+00,1.667276978492736816e+00,1.787102580070495605e+00,3.342050313949584961e+00,3.341759443283081055e+00,3.041635036468505859e+00,3.125984907150268555e+00,2.788202762603759766e+00,2.844943046569824219e+00,2.514550685882568359e+00,2.526238441467285156e+00,2.256274223327636719e+00,2.314569234848022461e+00,2.144785642623901367e+00,2.131040334701538086e+00,2.067519903182983398e+00,2.140664100646972656e+00,2.240316629409790039e+00
3.545194864273071289e+00,3.365035533905029297e+00,3.022222042083740234e+00,2.910796403884887695e+00,2.548311948776245117e+00,2.397642850875854492e+00,2.021212339401245117e+00,1.826012492179870605e+00,1.491730690002441406e+00,1.335047602653503418e+00,9.700434207916259766e-01,6.864936947822570801e-01,4.037581980228424072e-01,0.000000000000000000e+00,3.819531500339508057e-01,2.988270759582519531e+00,3.049937248229980469e+00,2.797219514846801758e+00,2.827830553054809570e+00,2.480032444000244141e+00,2.424971580505371094e+00,2.039757251739501953e+00,1.917717695236206055e+00,1.558261156082153320e+00,1.443531513214111328e+00,1.072441101074218750e+00,8.838064670562744141e-01,6.007879972457885742e-01,5.390021800994873047e-01,6.252136826515197754e-01,2.933937311172485352e+00,3.057250499725341797e+00,2.807963132858276367e+00,2.894703388214111328e+00,2.558453798294067383e+00,2.554306983947753906e+00,2.176993131637573242e+00,2.108794689178466797e+00,1.758094310760498047e+00,1.687248945236206055e+00,1.363575935363769531e+00,1.245843410491943359e+00,1.033841490745544434e+00,1.047096252441406250e+00,1.095017075538635254e+00,3.092973709106445312e+00,3.199748754501342773e+00,2.938048362731933594e+00,3.042532682418823242e+00,2.719860315322875977e+00,2.752850532531738281e+00,2.396464109420776367e+00,2.373053312301635742e+00,2.045702457427978516e+00,2.017744779586791992e+00,1.753048062324523926e+00,1.677517890930175781e+00,1.517108440399169922e+00,1.548114895820617676e+00,1.613016009330749512e+00,3.396909952163696289e+00,3.428092479705810547e+00,3.159098386764526367e+00,3.271925687789916992e+00,2.948135137557983398e+00,3.023617982864379883e+00,2.681154012680053711e+00,2.699733495712280273e+00,2.401829481124877930e+00,2.441208600997924805e+00,2.213875055313110352e+00,2.159866809844970703e+00,2.025814056396484375e+00,2.038933992385864258e+00,2.074403524398803711e+00
3.397744655609130859e+00,3.245629787445068359e+00,2.911890268325805664e+00,2.843372821807861328e+00,2.496506690979003906e+00,2.399363279342651367e+00,2.027691841125488281e+00,1.895979762077331543e+00,1.590598106384277344e+00,1.520313143730163574e+00,1.152786970138549805e+00,9.721367359161376953e-01,6.129450798034667969e-01,3.819531500339508057e-01,0.000000000000000000e+00,2.760347366333007812e+00,2.854129076004028320e+00,2.634988069534301758e+00,2.711025714874267578e+00,2.392486333847045898e+00,2.394143581390380859e+00,2.022950410842895508e+00,1.967973589897155762e+00,1.641128778457641602e+00,1.608063220977783203e+00,1.234701395034790039e+00,1.130686759948730469e+00,7.843807339668273926e-01,7.147572040557861328e-01,5.647244453430175781e-01,2.691179990768432617e+00,2.850752592086791992e+00,2.633241176605224609e+00,2.765233039855957031e+00,2.459892034530639648e+00,2.511521339416503906e+00,2.152151107788085938e+00,2.148588180541992188e+00,1.827585697174072266e+00,1.828033089637756348e+00,1.494995236396789551e+00,1.441553115844726562e+00,1.168861150741577148e+00,1.183625817298889160e+00,1.103428602218627930e+00,2.852086305618286133e+00,2.995120048522949219e+00,2.759886026382446289e+00,2.907480239868164062e+00,2.615822553634643555e+00,2.700690984725952148e+00,2.366139411926269531e+00,2.402062177658081055e+00,2.101912975311279297e+00,2.133790493011474609e+00,1.858083128929138184e+00,1.836315989494323730e+00,1.629214644432067871e+00,1.674475550651550293e+00,1.657531857490539551e+00,3.176124572753906250e+00,3.243207693099975586e+00,2.992219924926757812e+00,3.144145250320434570e+00,2.846827268600463867e+00,2.968557834625244141e+00,2.648001432418823242e+00,2.720635414123535156e+00,2.446021318435668945e+00,2.534652233123779297e+00,2.301434755325317383e+00,2.294617891311645508e+00,2.128800392150878906e+00,2.169976949691772461e+00,2.155829191207885742e+00
1.097977876663208008e+00,1.118990063667297363e+00,1.094431042671203613e+00,1.345447659492492676e+00,1.430683374404907227e+00,1.743532657623291016e+00,1.797356605529785156e+00,2.116474390029907227e+00,2.287952184677124023e+00,2.639020204544067383e+00,2.634857177734375000e+00,2.931794404983520508e+00,2.769687175750732422e+00,2.988270759582519531e+00,2.760347366333007812e+00,0.000000000000000000e+00,3.823007345199584961e-01,5.954160094261169434e-01,9.666802287101745605e-01,1.178144812583923340e+00,1.559900045394897461e+00,1.678962469100952148e+00,2.057171106338500977e+00,2.229768991470336914e+00,2.606416702270507812e+00,2.606247186660766602e+00,2.945435285568237305e+00,2.827441453933715820e+00,3.092101573944091797e+00,2.917865514755249023e+00,6.779270768165588379e-01,8.481619358062744141e-01,8.389869928359985352e-01,1.149232506752014160e+00,1.302891492843627930e+00,1.669724822044372559e+00,1.788350462913513184e+00,2.171708345413208008e+00,2.321138381958007812e+00,2.701385498046875000e+00,2.704138517379760742e+00,3.057455539703369141e+00,2.976539611816406250e+00,3.279158830642700195e+00,3.151484251022338867e+00,1.357119560241699219e+00,1.463289022445678711e+00,1.321272611618041992e+00,1.543079614639282227e+00,1.611410379409790039e+00,1.924270033836364746e+00,2.020902633666992188e+00,2.383257627487182617e+00,2.514524936676025391e+00,2.878756761550903320e+00,2.904711008071899414e+00,3.248123884201049805e+00,3.212450981140136719e+00,3.535286664962768555e+00,3.489835739135742188e+00,2.143925189971923828e+00,2.185763359069824219e+00,1.944421529769897461e+00,2.107108592987060547e+00,2.057993173599243164e+00,2.322144031524658203e+00,2.378545761108398438e+00,2.693401098251342773e+00,2.802986383438110352e+00,3.155613422393798828e+00,3.208245754241943359e+00,3.524409770965576172e+00,3.539182662963867188e+00,3.857349157333374023e+00,3.920362710952758789e+00
1.062056660652160645e+00,9.714069366455078125e-01,1.004372596740722656e+00,1.182739496231079102e+00,1.321321368217468262e+00,1.602777242660522461e+00,1.713579654693603516e+00,2.016637802124023438e+00,2.237296581268310547e+00,2.582409620285034180e+00,2.624145030975341797e+00,2.932758808135986328e+00,2.809214353561401367e+00,3.049937248229980469e+00,2.854129076004028320e+00,3.823007345199584961e-01,0.000000000000000000e+00,3.824960887432098389e-01,6.749681830406188965e-01,9.691855907440185547e-01,1.330798864364624023e+00,1.516144394874572754e+00,1.889809370040893555e+00,2.114087104797363281e+00,2.493010282516479492e+00,2.539650678634643555e+00,2.895218849182128906e+00,2.816116333007812500e+00,3.103951215744018555e+00,2.959728479385375977e+00,6.538135409355163574e-01,6.304819583892822266e-01,5.652511119842529297e-01,8.131945133209228516e-01,1.025746822357177734e+00,1.384256005287170410e+00,1.566901206970214844e+00,1.953354954719543457e+00,2.154059410095214844e+00,2.542536020278930664e+00,2.589710950851440430e+00,2.963569402694702148e+00,2.919741392135620117e+00,3.246280908584594727e+00,3.144954681396484375e+00,1.264363884925842285e+00,1.272034287452697754e+00,1.086608290672302246e+00,1.241793990135192871e+00,1.327609300613403320e+00,1.622783899307250977e+00,1.768519401550292969e+00,2.133200168609619141e+00,2.310239553451538086e+00,2.684243679046630859e+00,2.751383066177368164e+00,3.116152286529541016e+00,3.115584611892700195e+00,3.462524652481079102e+00,3.440108776092529297e+00,2.018701314926147461e+00,1.996643781661987305e+00,1.728220939636230469e+00,1.837313294410705566e+00,1.788973093032836914e+00,2.027516126632690430e+00,2.118254661560058594e+00,2.427767515182495117e+00,2.575802087783813477e+00,2.933844327926635742e+00,3.024973630905151367e+00,3.360396146774291992e+00,3.409671783447265625e+00,3.749978542327880859e+00,3.841229677200317383e+00
1.023934841156005859e+00,8.330010771751403809e-01,7.513374090194702148e-01,8.601201772689819336e-01,9.526458978652954102e-01,1.222470164299011230e+00,1.335349321365356445e+00,1.643679857254028320e+00,1.877728104591369629e+00,2.228928565979003906e+00,2.294163465499877930e+00,2.621192932128906250e+00,2.526087760925292969e+00,2.797219514846801758e+00,2.634988069534301758e+00,5.954160094261169434e-01,3.824960887432098389e-01,0.000000000000000000e+00,3.816034793853759766e-01,6.088327169418334961e-01,9.849157929420471191e-01,1.166364669799804688e+00,1.546950340270996094e+00,1.777047634124755859e+00,2.161228895187377930e+00,2.229327440261840820e+00,2.599224567413330078e+00,2.549420118331909180e+00,2.864415884017944336e+00,2.757081270217895508e+00,8.925728201866149902e-01,8.431699275970458984e-01,5.867152810096740723e-01,7.355789542198181152e-01,8.106968402862548828e-01,1.136782169342041016e+00,1.290380716323852539e+00,1.665987849235534668e+00,1.859350204467773438e+00,2.245484590530395508e+00,2.311429738998413086e+00,2.691399335861206055e+00,2.676930427551269531e+00,3.023272037506103516e+00,2.959473133087158203e+00,1.467305064201354980e+00,1.445681333541870117e+00,1.171489596366882324e+00,1.262817502021789551e+00,1.236943840980529785e+00,1.477341890335083008e+00,1.574657917022705078e+00,1.910651922225952148e+00,2.069066047668457031e+00,2.431040763854980469e+00,2.513952970504760742e+00,2.873312711715698242e+00,2.899806022644042969e+00,3.256250381469726562e+00,3.270035505294799805e+00,2.188796043395996094e+00,2.133768558502197266e+00,1.818327903747558594e+00,1.886703133583068848e+00,1.761856198310852051e+00,1.953282952308654785e+00,1.994661211967468262e+00,2.264958620071411133e+00,2.389457464218139648e+00,2.730009794235229492e+00,2.829540967941284180e+00,3.149194240570068359e+00,3.220316171646118164e+00,3.555961132049560547e+00,3.675360441207885742e+00
1.143340945243835449e+00,8.349431753158569336e-01,7.739025950431823730e-01,7.121053338050842285e-01,8.397984504699707031e-01,1.030771255493164062e+00,1.215240359306335449e+00,1.490050077438354492e+00,1.777807235717773438e+00,2.113862752914428711e+00,2.236091613769531250e+00,2.574321746826171875e+00,2.530726194381713867e+00,2.827830553054809570e+00,2.711025714874267578e+00,9.666802287101745605e-01,6.749681830406188965e-01,3.816034793853759766e-01,0.000000000000000000e+00,3.950616419315338135e-01,6.989851593971252441e-01,9.760013818740844727e-01,1.334013342857360840e+00,1.622490286827087402e+00,1.999570608139038086e+00,2.127419471740722656e+00,2.511092662811279297e+00,2.513988733291625977e+00,2.854867458343505859e+00,2.792292356491088867e+00,1.140200495719909668e+00,9.730637669563293457e-01,6.452139616012573242e-01,5.695080161094665527e-01,5.923414826393127441e-01,8.417121767997741699e-01,1.064140677452087402e+00,1.420590281486511230e+00,1.667276024818420410e+00,2.051055192947387695e+00,2.174158811569213867e+00,2.569547414779663086e+00,2.606133460998535156e+00,2.976783990859985352e+00,2.954554557800292969e+00,1.600147247314453125e+00,1.492541193962097168e+00,1.168543696403503418e+00,1.140917420387268066e+00,1.065177440643310547e+00,1.227034568786621094e+00,1.351944446563720703e+00,1.661301732063293457e+00,1.859421491622924805e+00,2.217839717864990234e+00,2.352326869964599609e+00,2.724184036254882812e+00,2.798233985900878906e+00,3.175957202911376953e+00,3.226869821548461914e+00,2.244726896286010742e+00,2.124580144882202148e+00,1.779407143592834473e+00,1.771339058876037598e+00,1.612589597702026367e+00,1.739931702613830566e+00,1.791015148162841797e+00,2.025656461715698242e+00,2.177951335906982422e+00,2.509136438369750977e+00,2.652374744415283203e+00,2.979119539260864258e+00,3.094013452529907227e+00,3.444242000579833984e+00,3.601147174835205078e+00
1.377632141113281250e+00,1.063566565513610840e+00,8.661367297172546387e-01,6.966713666915893555e-01,6.326924562454223633e-01,7.266588211059570312e-01,8.503028154373168945e-01,1.102939844131469727e+00,1.386401534080505371e+00,1.718942523002624512e+00,1.847768783569335938e+00,2.190785169601440430e+00,2.166294574737548828e+00,2.480032444000244141e+00,2.392486333847045898e+00,1.178144812583923340e+00,9.691855907440185547e-01,6.088327169418334961e-01,3.950616419315338135e-01,0.000000000000000000e+00,3.846786022186279297e-01,5.926591753959655762e-01,9.641009569168090820e-01,1.237740755081176758e+00,1.618602752685546875e+00,1.749346852302551270e+00,2.138429164886474609e+00,2.158675670623779297e+00,2.515076875686645508e+00,2.482136249542236328e+00,1.328268051147460938e+00,1.210964918136596680e+00,8.370029926300048828e-01,7.571887373924255371e-01,5.399489402770996094e-01,6.971022486686706543e-01,7.946004271507263184e-01,1.128839135169982910e+00,1.333820819854736328e+00,1.711065769195556641e+00,1.831107735633850098e+00,2.223344326019287109e+00,2.275037765502929688e+00,2.654484510421752930e+00,2.660958051681518555e+00,1.755290985107421875e+00,1.668101787567138672e+00,1.306695699691772461e+00,1.273069739341735840e+00,1.074564814567565918e+00,1.176656246185302734e+00,1.190039038658142090e+00,1.454640865325927734e+00,1.595872998237609863e+00,1.933440923690795898e+00,2.059344768524169922e+00,2.414751291275024414e+00,2.499660015106201172e+00,2.875665903091430664e+00,2.952657938003540039e+00,2.362529516220092773e+00,2.243448257446289062e+00,1.876347422599792480e+00,1.864658951759338379e+00,1.632224440574645996e+00,1.725838541984558105e+00,1.691878199577331543e+00,1.882888078689575195e+00,1.978502750396728516e+00,2.284614562988281250e+00,2.410810232162475586e+00,2.710468292236328125e+00,2.829015016555786133e+00,3.164172887802124023e+00,3.335916042327880859e+00
1.671033382415771484e+00,1.320090055465698242e+00,1.127141237258911133e+00,8.439528346061706543e-01,7.292926907539367676e-01,6.102913022041320801e-01,7.568361163139343262e-01,9.008692502975463867e-01,1.229999065399169922e+00,1.521547555923461914e+00,1.711827754974365234e+00,2.053989887237548828e+00,2.090910196304321289e+00,2.424971580505371094e+00,2.394143581390380859e+00,1.559900045394897461e+00,1.330798864364624023e+00,9.849157929420471191e-01,6.989851593971252441e-01,3.846786022186279297e-01,0.000000000000000000e+00,3.882538974285125732e-01,6.733421683311462402e-01,1.010606765747070312e+00,1.366800665855407715e+00,1.565677523612976074e+00,1.959018588066101074e+00,2.041729211807250977e+00,2.419356584548950195e+00,2.442059278488159180e+00,1.647032618522644043e+00,1.489005446434020996e+00,1.109596967697143555e+00,9.243631958961486816e-01,6.124480366706848145e-01,5.248017907142639160e-01,5.865651369094848633e-01,8.364322185516357422e-01,1.077478051185607910e+00,1.435285449028015137e+00,1.617687821388244629e+00,2.014852285385131836e+00,2.125822305679321289e+00,2.524045467376708984e+00,2.582322359085083008e+00,1.983934283256530762e+00,1.852397203445434570e+00,1.471211075782775879e+00,1.355121016502380371e+00,1.081103444099426270e+00,1.054099082946777344e+00,1.020956993103027344e+00,1.203490376472473145e+00,1.349586248397827148e+00,1.661090493202209473e+00,1.836641907691955566e+00,2.189591646194458008e+00,2.326766729354858398e+00,2.715909957885742188e+00,2.838208913803100586e+00,2.504271745681762695e+00,2.341471672058105469e+00,1.959044218063354492e+00,1.886861324310302734e+00,1.605223774909973145e+00,1.616575479507446289e+00,1.545768499374389648e+00,1.665880799293518066e+00,1.754828691482543945e+00,2.029880046844482422e+00,2.189759016036987305e+00,2.478139400482177734e+00,2.640038728713989258e+00,2.977774381637573242e+00,3.189299345016479492e+00
