,A1,A2,A3,A4,A5,A6,A7,A8,A9,A10,A11,A12,A13,A14,A15,B1,B2,B3,B4,B5,B6,B7,B8,B9,B10,B11,B12,B13,B14,B15,C1,C2,C3,C4,C5,C6,C7,C8,C9,C10,C11,C12,C13,C14,C15,D1,D2,D3,D4,D5,D6,D7,D8,D9,D10,D11,D12,D13,D14,D15,E1,E2,E3,E4,E5,E6,E7,E8,E9,E10,E11,E12,E13,E14,E15
A1,0.0,0.3778381049633026,0.6760401129722595,0.9868408441543579,1.312551736831665,1.6519124507904053,1.9816275835037231,2.32793927192688,2.625633478164673,2.8532967567443848,2.845633029937744,2.9900267124176025,3.0018937587738037,3.0532290935516357,3.024340867996216,0.6846243143081665,0.8645833134651184,0.8387742042541504,1.1872715950012207,1.3477578163146973,1.7073177099227905,1.9527188539505005,2.3106889724731445,2.557846784591675,2.7463860511779785,2.6873719692230225,3.0240557193756104,3.037220001220703,3.162452220916748,3.1448147296905518,1.30597722530365,1.4515401124954224,1.3276926279067993,1.6361083984375,1.6812074184417725,2.0170114040374756,2.182178497314453,2.5265848636627197,2.7368648052215576,2.9784178733825684,3.0729527473449707,3.1848764419555664,3.1900360584259033,3.359008312225342,3.357121229171753,1.8949319124221802,2.035876750946045,1.8738852739334106,2.167562246322632,2.163764715194702,2.4742796421051025,2.585965156555176,2.890231132507324,3.0378808975219727,3.2285807132720947,3.2916457653045654,3.4820330142974854,3.448678970336914,3.699694871902466,3.687391519546509,2.6029627323150635,2.713221788406372,2.530219554901123,2.843238115310669,2.796947956085205,3.120973825454712,3.201096296310425,3.4711318016052246,3.5604968070983887,3.8524773120880127,3.9945132732391357,4.098282814025879,4.189391613006592,4.314845085144043,4.347509384155273
A2,0.3778381049633026,0.0,0.3984832465648651,0.6373857259750366,0.9930631518363953,1.3055702447891235,1.6554474830627441,1.9934660196304321,2.293515920639038,2.5370218753814697,2.552776336669922,2.6960465908050537,2.7438087463378906,2.8075966835021973,2.8206582069396973,0.6914004683494568,0.6864613890647888,0.524034321308136,0.8388781547546387,0.971557080745697,1.3309630155563354,1.577522873878479,1.9367220401763916,2.1946494579315186,2.394221305847168,2.3567495346069336,2.705457925796509,2.750824451446533,2.8907477855682373,2.9119317531585693,1.220649003982544,1.2674511671066284,1.070953607559204,1.3323167562484741,1.3334810733795166,1.6572374105453491,1.8083773851394653,2.150794267654419,2.363800048828125,2.613893985748291,2.724794626235962,2.8564400672912598,2.888059139251709,3.0730485916137695,3.105369806289673,1.776224136352539,1.851514458656311,1.6430456638336182,1.89545738697052,1.8505630493164062,2.143829107284546,2.231900215148926,2.530404567718506,2.670438289642334,2.869235038757324,2.94917631149292,3.1505353450775146,3.138173818588257,3.405552625656128,3.4227209091186523,2.463787794113159,2.5300745964050293,2.3105621337890625,2.593585252761841,2.5118181705474854,2.820617437362671,2.8749942779541016,3.1367318630218506,3.2104287147521973,3.5056381225585938,3.6524393558502197,3.765467405319214,3.868588447570801,4.00199556350708,4.053948879241943
A3,0.6760401129722595,0.3984832465648651,0.0,0.3836822509765625,0.6421434283256531,0.9996002912521362,1.3206851482391357,1.6834890842437744,2.0079805850982666,2.269102096557617,2.3179049491882324,2.5079500675201416,2.580385208129883,2.6959214210510254,2.7378532886505127,1.0693786144256592,0.9972665309906006,0.7241873741149902,0.9021549820899963,0.8717027306556702,1.2041634321212769,1.3649861812591553,1.7257784605026245,1.9693201780319214,2.197361946105957,2.195342779159546,2.5626139640808105,2.6275458335876465,2.816448926925659,2.867943048477173,1.5581722259521484,1.5387098789215088,1.2806237936019897,1.455247163772583,1.3538424968719482,1.6258541345596313,1.6971657276153564,2.0147643089294434,2.193685531616211,2.4592037200927734,2.585684299468994,2.757065534591675,2.7984426021575928,3.0275611877441406,3.08793044090271,2.0807342529296875,2.1035444736480713,1.8537240028381348,2.045543670654297,1.930591344833374,2.182323932647705,2.2028467655181885,2.4775092601776123,2.5721628665924072,2.7768399715423584,2.8892014026641846,3.0830559730529785,3.076575517654419,3.3776700496673584,3.421208620071411,2.7428996562957764,2.7705185413360596,2.516275405883789,2.758436441421509,2.625624895095825,2.9061279296875,2.908484935760498,3.149609327316284,3.1790761947631836,3.4750773906707764,3.619579792022705,3.7377867698669434,3.8485937118530273,3.970860242843628,4.045019626617432
A4,0.9868408441543579,0.6373857259750366,0.3836822509765625,0.0,0.39673054218292236,0.6712883710861206,1.0235449075698853,1.357848048210144,1.6689552068710327,1.935538411140442,1.9969089031219482,2.173887014389038,2.278343915939331,2.3983404636383057,2.480409622192383,1.1803956031799316,0.9929836392402649,0.6764010190963745,0.6784400939941406,0.570565938949585,0.846839964389801,1.009223222732544,1.35533607006073,1.5938879251480103,1.8190641403198242,1.8271247148513794,2.200686454772949,2.291753053665161,2.4899673461914062,2.576178550720215,1.5468392372131348,1.444088101387024,1.1562691926956177,1.2346361875534058,1.0869444608688354,1.3015161752700806,1.3574962615966797,1.6524244546890259,1.8150382041931152,2.075801372528076,2.2051100730895996,2.387083053588867,2.446727752685547,2.68776535987854,2.776444673538208,2.004187822341919,1.969067931175232,1.69981050491333,1.8295480012893677,1.6802241802215576,1.8879154920578003,1.883993148803711,2.1330862045288086,2.2040634155273438,2.4014182090759277,2.5193378925323486,2.7133278846740723,2.7182326316833496,3.030988931655884,3.0971662998199463,2.6248912811279297,2.616722822189331,2.342003107070923,2.5446245670318604,2.383084535598755,2.632446527481079,2.610759973526001,2.828249931335449,2.832890272140503,3.121607780456543,3.258618116378784,3.3756065368652344,3.4891796112060547,3.610974073410034,3.69757080078125
A5,1.312551736831665,0.9930631518363953,0.6421434283256531,0.39673054218292236,0.0,0.3886605501174927,0.6831050515174866,1.0577548742294312,1.4072442054748535,1.703307867050171,1.8189685344696045,2.0518784523010254,2.193547010421753,2.372843027114868,2.491975784301758,1.575452208518982,1.3838826417922974,1.0502372980117798,0.9787377715110779,0.7221411466598511,0.8786550164222717,0.8749895095825195,1.198285460472107,1.4110628366470337,1.675347924232483,1.73968505859375,2.126469850540161,2.246971368789673,2.497429609298706,2.6208949089050293,1.9298955202102661,1.7954846620559692,1.4831093549728394,1.4924516677856445,1.2607945203781128,1.3934000730514526,1.3402169942855835,1.5833065509796143,1.696826696395874,1.9733105897903442,2.1250076293945312,2.354914903640747,2.4313554763793945,2.716954469680786,2.839209794998169,2.35771107673645,2.285480499267578,1.9921064376831055,2.0661473274230957,1.8572959899902344,2.0125789642333984,1.9324601888656616,2.144848585128784,2.1618900299072266,2.364468574523926,2.5213937759399414,2.7060017585754395,2.7233715057373047,3.0677261352539062,3.1653854846954346,2.945371627807617,2.9042060375213623,2.6052870750427246,2.766024112701416,2.5599639415740967,2.7752857208251953,2.6993606090545654,2.89129638671875,2.84896183013916,3.134474992752075,3.269716262817383,3.393702745437622,3.5171077251434326,3.628430128097534,3.740665912628174
A6,1.6519124507904053,1.3055702447891235,0.9996002912521362,0.6712883710861206,0.3886605501174927,0.0,0.3931122124195099,0.7199641466140747,1.0708014965057373,1.3952183723449707,1.556906819343567,1.784071683883667,1.9822579622268677,2.1777944564819336,2.353461503982544,1.8100848197937012,1.5581811666488647,1.2283978462219238,1.0347893238067627,0.7129843235015869,0.6798031330108643,0.5527117252349854,0.8266978859901428,1.0309563875198364,1.318053126335144,1.4309324026107788,1.8254040479660034,1.9950944185256958,2.2651443481445312,2.4405486583709717,2.062242031097412,1.8646749258041382,1.5443260669708252,1.4536899328231812,1.1712062358856201,1.1941030025482178,1.0718646049499512,1.2526640892028809,1.3289330005645752,1.6102259159088135,1.7825530767440796,2.044551134109497,2.1565001010894775,2.4628546237945557,2.629060745239258,2.414013624191284,2.285961866378784,1.9810243844985962,1.9803626537322998,1.7295151948928833,1.8162626028060913,1.6843504905700684,1.8510907888412476,1.8259257078170776,2.0254900455474854,2.2055788040161133,2.391801118850708,2.4343788623809814,2.796206474304199,2.9307432174682617,2.938798427581787,2.8572428226470947,2.5409469604492188,2.6491918563842773,2.4082283973693848,2.578829765319824,2.4633755683898926,2.6223461627960205,2.5429491996765137,2.8192598819732666,2.9495389461517334,3.0779125690460205,3.210651397705078,3.323369026184082,3.458200693130493
A7,1.9816275835037231,1.6554474830627441,1.3206851482391357,1.0235449075698853,0.6831050515174866,0.3931122124195099,0.0,0.39701610803604126,0.7776361703872681,1.1135587692260742,1.3257951736450195,1.6105687618255615,1.8332546949386597,2.0860304832458496,2.288674831390381,2.1686182022094727,1.9286472797393799,1.6133474111557007,1.4109389781951904,1.0943876504898071,0.9796605110168457,0.7364014387130737,0.8437837362289429,0.915233850479126,1.198136806488037,1.3480198383331299,1.726110577583313,1.9032657146453857,2.220101833343506,2.41778826713562,2.429438591003418,2.228414535522461,1.9192053079605103,1.7976713180541992,1.5066567659378052,1.453840732574463,1.268541932106018,1.3406902551651,1.307650089263916,1.557010293006897,1.714837670326233,2.003122091293335,2.106564521789551,2.4496538639068604,2.632420778274536,2.768317222595215,2.628586769104004,2.3300247192382812,2.2936980724334717,2.0260298252105713,2.055375814437866,1.8756250143051147,1.9757695198059082,1.8720872402191162,2.039032459259033,2.2324209213256836,2.380629777908325,2.412538528442383,2.7944889068603516,2.944556951522827,3.2727460861206055,3.1783273220062256,2.859832763671875,2.9354119300842285,2.674321174621582,2.802644968032837,2.6495673656463623,2.7641210556030273,2.6298828125,2.880782127380371,2.9866905212402344,3.10208797454834,3.226600408554077,3.3103818893432617,3.458292007446289
A8,2.32793927192688,1.9934660196304321,1.6834890842437744,1.357848048210144,1.0577548742294312,0.7199641466140747,0.39701610803604126,0.0,0.3933921158313751,0.7589069604873657,1.0351858139038086,1.3214699029922485,1.5985621213912964,1.875808596611023,2.1300370693206787,2.4469568729400635,2.1834685802459717,1.8938976526260376,1.6389981508255005,1.3407723903656006,1.1172529458999634,0.8327574729919434,0.7388002872467041,0.6401875019073486,0.8908745646476746,1.0863893032073975,1.4390586614608765,1.651383876800537,1.9931883811950684,2.2344160079956055,2.6450674533843994,2.414402723312378,2.125014066696167,1.9424618482589722,1.6548821926116943,1.505670189857483,1.2884272336959839,1.2376470565795898,1.0889978408813477,1.2842429876327515,1.4245517253875732,1.7336094379425049,1.8501689434051514,2.215820074081421,2.431602716445923,2.9263856410980225,2.755864143371582,2.470738172531128,2.377837657928467,2.1010208129882812,2.0562515258789062,1.8431774377822876,1.8636521100997925,1.6834702491760254,1.8055839538574219,2.002444267272949,2.1188201904296875,2.154263973236084,2.548650026321411,2.725416421890259,3.3764121532440186,3.2587809562683105,2.9420318603515625,2.9710826873779297,2.6939775943756104,2.767479419708252,2.5839807987213135,2.6445109844207764,2.458782911300659,2.676726818084717,2.754164934158325,2.8546738624572754,2.9717893600463867,3.0355944633483887,3.198286294937134
A9,2.625633478164673,2.293515920639038,2.0079805850982666,1.6689552068710327,1.4072442054748535,1.0708014965057373,0.7776361703872681,0.3933921158313751,0.0,0.3859560787677765,0.7187838554382324,0.9974616765975952,1.316224455833435,1.6141269207000732,1.9089192152023315,2.685224771499634,2.415524482727051,2.163569688796997,1.8816702365875244,1.625411033630371,1.3466602563858032,1.093536376953125,0.8695783615112305,0.5734933018684387,0.6650581955909729,0.8527902364730835,1.1461665630340576,1.3674429655075073,1.7310656309127808,2.0003981590270996,2.839251756668091,2.598113536834717,2.3425421714782715,2.1232974529266357,1.8665754795074463,1.6526063680648804,1.4508718252182007,1.299894094467163,1.0324360132217407,1.1139734983444214,1.1820571422576904,1.480233907699585,1.5790971517562866,1.9619489908218384,2.1927309036254883,3.0765178203582764,2.893666982650757,2.6367149353027344,2.5065371990203857,2.2451229095458984,2.1406285762786865,1.925305962562561,1.86770761013031,1.613455057144165,1.6580004692077637,1.8257266283035278,1.88419508934021,1.8955103158950806,2.2934274673461914,2.4790594577789307,3.4845564365386963,3.3596837520599365,3.058138370513916,3.054028272628784,2.7795658111572266,2.8036365509033203,2.6096508502960205,2.6132030487060547,2.38149356842041,2.5524537563323975,2.583780527114868,2.6509525775909424,2.7429823875427246,2.7706542015075684,2.933530330657959
A10,2.8532967567443848,2.5370218753814697,2.269102096557617,1.935538411140442,1.703307867050171,1.3952183723449707,1.1135587692260742,0.7589069604873657,0.3859560787677765,0.0,0.3916037380695343,0.6901189684867859,1.0103625059127808,1.3403128385543823,1.6501466035842896,2.879681348800659,2.624544858932495,2.412935256958008,2.131805658340454,1.9219294786453247,1.6359357833862305,1.4315904378890991,1.1826342344284058,0.8221780061721802,0.7194209098815918,0.7826229333877563,0.961703896522522,1.1241703033447266,1.5082368850708008,1.7711620330810547,3.023294448852539,2.794379711151123,2.576756715774536,2.3518762588500977,2.1372554302215576,1.9029779434204102,1.7422339916229248,1.552929162979126,1.227451205253601,1.1891438961029053,1.135780692100525,1.3664422035217285,1.3925280570983887,1.7816450595855713,1.9921282529830933,3.244166374206543,3.071786642074585,2.8494315147399902,2.7106921672821045,2.4807939529418945,2.348243474960327,2.156994342803955,2.051680564880371,1.7540864944458008,1.7140735387802124,1.8199342489242554,1.7985358238220215,1.7465258836746216,2.132378578186035,2.2956175804138184,3.6368749141693115,3.523895740509033,3.2463860511779785,3.2318930625915527,2.9763545989990234,2.9708058834075928,2.787754774093628,2.7484772205352783,2.4895670413970947,2.6112818717956543,2.588040351867676,2.6067159175872803,2.6553146839141846,2.6297221183776855,2.771367311477661
A11,2.845633029937744,2.552776336669922,2.3179049491882324,1.9969089031219482,1.8189685344696045,1.556906819343567,1.3257951736450195,1.0351858139038086,0.7187838554382324,0.3916037380695343,0.0,0.393159419298172,0.6306204199790955,0.9808594584465027,1.2710002660751343,2.830980062484741,2.6013479232788086,2.4410412311553955,2.175950288772583,2.029820680618286,1.7623809576034546,1.6352168321609497,1.4168040752410889,1.070095419883728,0.8737813830375671,0.7450694441795349,0.8340478539466858,0.8532496690750122,1.2374306917190552,1.4466071128845215,2.9743168354034424,2.773585557937622,2.6016387939453125,2.393638849258423,2.2366387844085693,2.0161280632019043,1.9251786470413208,1.7556196451187134,1.4392085075378418,1.3415367603302002,1.1808404922485352,1.2987217903137207,1.2105225324630737,1.5806361436843872,1.7268180847167969,3.1958065032958984,3.0532443523406982,2.8719077110290527,2.751697301864624,2.5703046321868896,2.4443373680114746,2.3075389862060547,2.200112819671631,1.9105656147003174,1.8159312009811401,1.8406434059143066,1.7606010437011719,1.6208866834640503,1.977501630783081,2.0789058208465576,3.597524404525757,3.5155189037323,3.2697057723999023,3.272380828857422,3.0536863803863525,3.0492029190063477,2.906308889389038,2.8568027019500732,2.6096081733703613,2.7044687271118164,2.6413307189941406,2.6136279106140137,2.614025831222534,2.5461854934692383,2.639817953109741
A12,2.9900267124176025,2.6960465908050537,2.5079500675201416,2.173887014389038,2.0518784523010254,1.784071683883667,1.6105687618255615,1.3214699029922485,0.9974616765975952,0.6901189684867859,0.393159419298172,0.0,0.40779486298561096,0.6786829829216003,1.0392098426818848,2.886476516723633,2.6464920043945312,2.5298752784729004,2.2450666427612305,2.1491613388061523,1.8554035425186157,1.78091299533844,1.5314439535140991,1.1767984628677368,0.8728431463241577,0.622123658657074,0.5323086977005005,0.4790179431438446,0.8643375039100647,1.110028862953186,2.9560961723327637,2.7463862895965576,2.616811990737915,2.383500099182129,2.2721166610717773,2.0193912982940674,1.9745820760726929,1.7730591297149658,1.4417856931686401,1.2546257972717285,0.9926495552062988,1.0042085647583008,0.8486120700836182,1.2081645727157593,1.3563766479492188,3.115931987762451,2.965250015258789,2.8213231563568115,2.6759374141693115,2.528677463531494,2.3673949241638184,2.262932777404785,2.1147844791412354,1.8125770092010498,1.6484240293502808,1.6015557050704956,1.4631847143173218,1.2715071439743042,1.608620047569275,1.6983357667922974,3.46271014213562,3.379974842071533,3.160217761993408,3.1409614086151123,2.9441001415252686,2.9066998958587646,2.7826263904571533,2.6974613666534424,2.4444334506988525,2.498298168182373,2.3937151432037354,2.32682466506958,2.292583465576172,2.1972503662109375,2.2692835330963135
A13,3.0018937587738037,2.7438087463378906,2.580385208129883,2.278343915939331,2.193547010421753,1.9822579622268677,1.8332546949386597,1.5985621213912964,1.316224455833435,1.0103625059127808,0.6306204199790955,0.40779486298561096,0.0,0.3853931128978729,0.6715642809867859,2.8867883682250977,2.688826322555542,2.618239402770996,2.370253324508667,2.3248484134674072,2.074016571044922,2.0499825477600098,1.8507262468338013,1.529545545578003,1.2438997030258179,0.9348793029785156,0.8153167366981506,0.5257213711738586,0.8117406368255615,0.9006785154342651,2.9822957515716553,2.816425323486328,2.727710247039795,2.5322091579437256,2.4689581394195557,2.2549026012420654,2.2602972984313965,2.0999863147735596,1.8007080554962158,1.6183253526687622,1.329257845878601,1.2474497556686401,0.9704695343971252,1.2476152181625366,1.2660902738571167,3.1629528999328613,3.0559871196746826,2.9497694969177246,2.8407230377197266,2.7384958267211914,2.6051957607269287,2.5481503009796143,2.4217710494995117,2.1472201347351074,1.9683033227920532,1.8650752305984497,1.690491795539856,1.4169203042984009,1.6877204179763794,1.6778491735458374,3.535475492477417,3.4929144382476807,3.3053479194641113,3.3161818981170654,3.1576225757598877,3.136732339859009,3.0531165599823,2.9748454093933105,2.7454442977905273,2.7860023975372314,2.6573903560638428,2.5542001724243164,2.475081205368042,2.3394150733947754,2.350247859954834
A14,3.0532290935516357,2.8075966835021973,2.6959214210510254,2.3983404636383057,2.372843027114868,2.1777944564819336,2.0860304832458496,1.875808596611023,1.6141269207000732,1.3403128385543823,0.9808594584465027,0.6786829829216003,0.3853931128978729,0.0,0.40600714087486267,2.8572685718536377,2.666337013244629,2.648284912109375,2.4031505584716797,2.416518449783325,2.1703648567199707,2.2064318656921387,2.016788959503174,1.7250843048095703,1.4132357835769653,1.0503149032592773,0.8594081401824951,0.45487716794013977,0.5403742790222168,0.5215182304382324,2.893718957901001,2.7387211322784424,2.701077461242676,2.5056843757629395,2.4990391731262207,2.2861685752868652,2.3486833572387695,2.1965720653533936,1.92369544506073,1.7095807790756226,1.3781059980392456,1.1877803802490234,0.8271650075912476,1.0006730556488037,0.9269421100616455,3.027202844619751,2.9326863288879395,2.8726954460144043,2.7634904384613037,2.7098660469055176,2.5706000328063965,2.5638132095336914,2.430899143218994,2.180861473083496,1.9664665460586548,1.7922849655151367,1.5843605995178223,1.2496147155761719,1.4523844718933105,1.3701759576797485,3.361778497695923,3.336595296859741,3.1851367950439453,3.1956489086151123,3.0748133659362793,3.0435726642608643,2.9986989498138428,2.9086294174194336,2.701798439025879,2.716688632965088,2.560776472091675,2.422645092010498,2.305255174636841,2.149484395980835,2.1102607250213623
A15,3.024340867996216,2.8206582069396973,2.7378532886505127,2.480409622192383,2.491975784301758,2.353461503982544,2.288674831390381,2.1300370693206787,1.9089192152023315,1.6501466035842896,1.2710002660751343,1.0392098426818848,0.6715642809867859,0.40600714087486267,0.0,2.822000026702881,2.680145025253296,2.706611156463623,2.5068743228912354,2.5648412704467773,2.3680295944213867,2.444187879562378,2.304776668548584,2.046506643295288,1.7645797729492188,1.3929870128631592,1.2473691701889038,0.8453814387321472,0.8256794214248657,0.5698901414871216,2.8894622325897217,2.7855470180511475,2.7857508659362793,2.6372597217559814,2.6719837188720703,2.5063118934631348,2.607292652130127,2.500649929046631,2.2624337673187256,2.074284553527832,1.7540874481201172,1.5473324060440063,1.171959400177002,1.2595888376235962,1.055762529373169,3.0504467487335205,3.006045341491699,2.979987859725952,2.9156322479248047,2.9021453857421875,2.801356792449951,2.834348201751709,2.7349705696105957,2.5189902782440186,2.3166818618774414,2.1224353313446045,1.9196696281433105,1.5624951124191284,1.7023969888687134,1.5297033786773682,3.4172985553741455,3.4360058307647705,3.3152384757995605,3.36309552192688,3.2790141105651855,3.275191068649292,3.268272638320923,3.1990602016448975,3.0232198238372803,3.042276382446289,2.8843002319335938,2.732609748840332,2.59273099899292,2.4239697456359863,2.3348453044891357
B1,0.6846243143081665,0.6914004683494568,1.0693786144256592,1.1803956031799316,1.575452208518982,1.8100848197937012,2.1686182022094727,2.4469568729400635,2.685224771499634,2.879681348800659,2.830980062484741,2.886476516723633,2.8867883682250977,2.8572685718536377,2.822000026702881,0.0,0.38245993852615356,0.6814762949943542,0.9891760349273682,1.3203610181808472,1.619279384613037,1.9602049589157104,2.27225661277771,2.5125539302825928,2.6401305198669434,2.5312700271606445,2.8259105682373047,2.8265738487243652,2.8748557567596436,2.8392205238342285,0.6510391235351562,0.8735987544059753,0.908125638961792,1.2488977909088135,1.4458235502243042,1.7732372283935547,2.0428290367126465,2.3756356239318848,2.60310697555542,2.798225164413452,2.8586137294769287,2.906339168548584,2.906465530395508,3.00673246383667,2.9822070598602295,1.248848795890808,1.4398398399353027,1.3652154207229614,1.6935977935791016,1.7944958209991455,2.1084282398223877,2.309218406677246,2.6057231426239014,2.790518045425415,2.9487950801849365,2.954495906829834,3.1447274684906006,3.1070566177368164,3.3047935962677,3.2671592235565186,1.9690375328063965,2.1178340911865234,1.9874951839447021,2.3248138427734375,2.3455259799957275,2.6707730293273926,2.81583571434021,3.081092119216919,3.211366891860962,3.4818148612976074,3.609527826309204,3.694976806640625,3.768833637237549,3.9049999713897705,3.9094011783599854
B2,0.8645833134651184,0.6864613890647888,0.9972665309906006,0.9929836392402649,1.3838826417922974,1.5581811666488647,1.9286472797393799,2.1834685802459717,2.415524482727051,2.624544858932495,2.6013479232788086,2.6464920043945312,2.688826322555542,2.666337013244629,2.680145025253296,0.38245993852615356,0.0,0.3938974142074585,0.63388991355896,0.9978492856025696,1.2731775045394897,1.6321460008621216,1.9345377683639526,2.190241575241089,2.3246312141418457,2.2389822006225586,2.5427443981170654,2.583712339401245,2.6403183937072754,2.651383876800537,0.5656731128692627,0.606442928314209,0.5521101951599121,0.8730499744415283,1.068199634552002,1.3929482698440552,1.6719996929168701,2.005605459213257,2.24761700630188,2.449861526489258,2.5306508541107178,2.5961406230926514,2.6325948238372803,2.743544578552246,2.760875701904297,1.1020807027816772,1.1989234685897827,1.05974543094635,1.3554831743240356,1.4260982275009155,1.734000325202942,1.9271552562713623,2.2250678539276123,2.416574239730835,2.5867385864257812,2.608778476715088,2.8191444873809814,2.8119168281555176,3.023909330368042,3.022226095199585,1.7973006963729858,1.8891195058822632,1.7112480401992798,2.021406650543213,2.0069353580474854,2.3239738941192627,2.4497945308685303,2.713566303253174,2.8380610942840576,3.1153523921966553,3.25366473197937,3.3534200191497803,3.44443416595459,3.596930980682373,3.623914957046509
B3,0.8387742042541504,0.524034321308136,0.7241873741149902,0.6764010190963745,1.0502372980117798,1.2283978462219238,1.6133474111557007,1.8938976526260376,2.163569688796997,2.412935256958008,2.4410412311553955,2.5298752784729004,2.618239402770996,2.648284912109375,2.706611156463623,0.6814762949943542,0.3938974142074585,0.0,0.3784683048725128,0.6531651616096497,0.9890010356903076,1.3147821426391602,1.6545857191085815,1.94275963306427,2.129279136657715,2.100893020629883,2.4415266513824463,2.528226852416992,2.6373560428619385,2.697949171066284,0.911864161491394,0.8261556625366211,0.5638813376426697,0.81044602394104,0.853129506111145,1.1989675760269165,1.4114117622375488,1.7669432163238525,2.0217700004577637,2.267261505126953,2.3937649726867676,2.5178585052490234,2.592024087905884,2.7525250911712646,2.818371534347534,1.3775850534439087,1.382650375366211,1.1406610012054443,1.373242735862732,1.3337268829345703,1.6358174085617065,1.7568458318710327,2.0674242973327637,2.246267795562744,2.453430652618408,2.5298080444335938,2.760437488555908,2.785299062728882,3.0398645401000977,3.083585262298584,2.022202491760254,2.0496513843536377,1.808032512664795,2.076029062271118,1.9892741441726685,2.298259973526001,2.3646175861358643,2.633084535598755,2.7299463748931885,3.0284249782562256,3.1878371238708496,3.3133983612060547,3.431169271469116,3.593038320541382,3.6560535430908203
B4,1.1872715950012207,0.8388781547546387,0.9021549820899963,0.6784400939941406,0.9787377715110779,1.0347893238067627,1.4109389781951904,1.6389981508255005,1.8816702365875244,2.131805658340454,2.175950288772583,2.2450666427612305,2.370253324508667,2.4031505584716797,2.5068743228912354,0.9891760349273682,0.63388991355896,0.3784683048725128,0.0,0.3978414833545685,0.6449409127235413,1.0070606470108032,1.315760612487793,1.6048749685287476,1.784743070602417,1.7722887992858887,2.114725351333618,2.23634672164917,2.351956605911255,2.4554195404052734,1.054931879043579,0.8375946283340454,0.5196729898452759,0.5627596974372864,0.5333030819892883,0.8355010747909546,1.0592803955078125,1.4002896547317505,1.6533318758010864,1.8952796459197998,2.0316429138183594,2.1686227321624756,2.2719688415527344,2.4432971477508545,2.546488046646118,1.396209716796875,1.3079698085784912,1.026823878288269,1.1601479053497314,1.0619643926620483,1.3171144723892212,1.4140154123306274,1.7056487798690796,1.870166301727295,2.076537609100342,2.1631619930267334,2.4026825428009033,2.448815107345581,2.716860771179199,2.791560649871826,1.9679478406906128,1.9408977031707764,1.6647230386734009,1.8774092197418213,1.7460029125213623,2.0203826427459717,2.055447578430176,2.3021156787872314,2.3743221759796143,2.67012882232666,2.826984405517578,2.9565601348876953,3.08257794380188,3.249335765838623,3.3301782608032227
B5,1.3477578163146973,0.971557080745697,0.8717027306556702,0.570565938949585,0.7221411466598511,0.7129843235015869,1.0943876504898071,1.3407723903656006,1.625411033630371,1.9219294786453247,2.029820680618286,2.1491613388061523,2.3248484134674072,2.416518449783325,2.5648412704467773,1.3203610181808472,0.9978492856025696,0.6531651616096497,0.3978414833545685,0.0,0.39462703466415405,0.6692970991134644,1.031519889831543,1.3588813543319702,1.6052498817443848,1.6691166162490845,2.043894052505493,2.2142608165740967,2.38694429397583,2.539212226867676,1.4438284635543823,1.2116152048110962,0.8575748205184937,0.8015336394309998,0.5459446907043457,0.7697509527206421,0.8420966267585754,1.1910371780395508,1.4434326887130737,1.7354247570037842,1.9237922430038452,2.128530740737915,2.2693490982055664,2.492872714996338,2.643125534057617,1.7614258527755737,1.6277233362197876,1.3034268617630005,1.357781171798706,1.1472464799880981,1.3490984439849854,1.33335542678833,1.6141794919967651,1.7420995235443115,1.9839502573013306,2.1331286430358887,2.3837294578552246,2.4609928131103516,2.7702765464782715,2.8896045684814453,2.2846364974975586,2.210568428039551,1.8958600759506226,2.054081439971924,1.8542484045028687,2.0975868701934814,2.058903932571411,2.2935667037963867,2.321585178375244,2.631053924560547,2.8032913208007812,2.955389976501465,3.105280876159668,3.2743563652038574,3.3913912773132324
B6,1.7073177099227905,1.3309630155563354,1.2041634321212769,0.846839964389801,0.8786550164222717,0.6798031330108643,0.9796605110168457,1.1172529458999634,1.3466602563858032,1.6359357833862305,1.7623809576034546,1.8554035425186157,2.074016571044922,2.1703648567199707,2.3680295944213867,1.619279384613037,1.2731775045394897,0.9890010356903076,0.6449409127235413,0.39462703466415405,0.0,0.3914071023464203,0.6746536493301392,0.9998073577880859,1.2381091117858887,1.3306316137313843,1.7039700746536255,1.91684091091156,2.0999176502227783,2.2999954223632812,1.6554491519927979,1.3701926469802856,1.0518289804458618,0.846182107925415,0.5409594774246216,0.522482693195343,0.5299327969551086,0.8233197927474976,1.0525826215744019,1.3413374423980713,1.542386531829834,1.7688100337982178,1.9427101612091064,2.1824116706848145,2.3740313053131104,1.8803412914276123,1.688223123550415,1.3721669912338257,1.3171559572219849,1.057644248008728,1.1471941471099854,1.0702117681503296,1.2919222116470337,1.3712013959884644,1.6042966842651367,1.7688863277435303,2.0206165313720703,2.1189191341400146,2.4448580741882324,2.598116159439087,2.3243002891540527,2.2087669372558594,1.882374882698059,1.9715908765792847,1.7317404747009277,1.9118460416793823,1.8283891677856445,2.01692271232605,1.997745156288147,2.294771432876587,2.4543304443359375,2.60457181930542,2.7586846351623535,2.9249179363250732,3.0607919692993164
B7,1.9527188539505005,1.577522873878479,1.3649861812591553,1.009223222732544,0.8749895095825195,0.5527117252349854,0.7364014387130737,0.8327574729919434,1.093536376953125,1.4315904378890991,1.6352168321609497,1.78091299533844,2.0499825477600098,2.2064318656921387,2.444187879562378,1.9602049589157104,1.6321460008621216,1.3147821426391602,1.0070606470108032,0.6692970991134644,0.3914071023464203,0.0,0.39974552392959595,0.7656460404396057,1.0895154476165771,1.2811305522918701,1.6676757335662842,1.925362467765808,2.163853406906128,2.405871629714966,2.0403175354003906,1.7578227519989014,1.4273394346237183,1.2172659635543823,0.8714160919189453,0.7633776068687439,0.5405159592628479,0.7207464575767517,0.888072669506073,1.2236452102661133,1.4754239320755005,1.7714484930038452,1.9749430418014526,2.262866735458374,2.4938037395477295,2.2653844356536865,2.057145357131958,1.7297630310058594,1.6360692977905273,1.3273948431015015,1.349294900894165,1.1605846881866455,1.3209352493286133,1.3231621980667114,1.5734695196151733,1.7990272045135498,2.042670965194702,2.165008783340454,2.5245540142059326,2.716411828994751,2.6818573474884033,2.539647340774536,2.1978437900543213,2.2430994510650635,1.9602727890014648,2.096137523651123,1.9437923431396484,2.098526954650879,2.0203123092651367,2.3136966228485107,2.4759745597839355,2.639678478240967,2.809892177581787,2.9679300785064697,3.1365838050842285
B8,2.3106889724731445,1.9367220401763916,1.7257784605026245,1.35533607006073,1.198285460472107,0.8266978859901428,0.8437837362289429,0.7388002872467041,0.8695783615112305,1.1826342344284058,1.4168040752410889,1.5314439535140991,1.8507262468338013,2.016788959503174,2.304776668548584,2.27225661277771,1.9345377683639526,1.6545857191085815,1.315760612487793,1.031519889831543,0.6746536493301392,0.39974552392959595,0.0,0.40725019574165344,0.7453227043151855,1.0104963779449463,1.375001072883606,1.6841840744018555,1.93764066696167,2.2294912338256836,2.3002099990844727,1.995398759841919,1.7008085250854492,1.4291572570800781,1.114448070526123,0.8645188212394714,0.5907369256019592,0.5072016716003418,0.5182624459266663,0.8531858921051025,1.1296306848526,1.4650708436965942,1.7052226066589355,2.0136210918426514,2.287874221801758,2.4624977111816406,2.223275661468506,1.9205689430236816,1.7567987442016602,1.4432276487350464,1.3538539409637451,1.1090071201324463,1.1473305225372314,1.040088176727295,1.2580204010009766,1.5073418617248535,1.7340683937072754,1.8779253959655762,2.2542495727539062,2.4830148220062256,2.8124852180480957,2.643845796585083,2.3076608180999756,2.2924530506134033,1.9891233444213867,2.050272226333618,1.8535465002059937,1.938143253326416,1.7913792133331299,2.053621530532837,2.1901566982269287,2.3450772762298584,2.515132188796997,2.660478353500366,2.8507280349731445
B9,2.557846784591675,2.1946494579315186,1.9693201780319214,1.5938879251480103,1.4110628366470337,1.0309563875198364,0.915233850479126,0.6401875019073486,0.5734933018684387,0.8221780061721802,1.070095419883728,1.1767984628677368,1.529545545578003,1.7250843048095703,2.046506643295288,2.5125539302825928,2.190241575241089,1.94275963306427,1.6048749685287476,1.3588813543319702,0.9998073577880859,0.7656460404396057,0.40725019574165344,0.0,0.38182365894317627,0.7095229625701904,1.0509451627731323,1.3766539096832275,1.6682049036026,1.9855265617370605,2.549924850463867,2.257089614868164,1.9994919300079346,1.720082402229309,1.4531804323196411,1.169818639755249,0.9503117203712463,0.7375155091285706,0.4717816114425659,0.6510328054428101,0.8562101125717163,1.2105259895324707,1.4301061630249023,1.7758886814117432,2.0627498626708984,2.703908920288086,2.4725067615509033,2.205721855163574,2.0247793197631836,1.7429906129837036,1.599111795425415,1.3637372255325317,1.2955543994903564,1.0624361038208008,1.1665256023406982,1.384507417678833,1.5352836847305298,1.6417731046676636,2.037553310394287,2.2716891765594482,3.040132761001587,2.8785653114318848,2.5645430088043213,2.5267395973205566,2.234595537185669,2.2439117431640625,2.0383477210998535,2.0509159564971924,1.8377232551574707,2.0403835773468018,2.1149468421936035,2.2256929874420166,2.3623642921447754,2.457831859588623,2.6469902992248535
B10,2.7463860511779785,2.394221305847168,2.197361946105957,1.8190641403198242,1.675347924232483,1.318053126335144,1.198136806488037,0.8908745646476746,0.6650581955909729,0.7194209098815918,0.8737813830375671,0.8728431463241577,1.2438997030258179,1.4132357835769653,1.7645797729492188,2.6401305198669434,2.3246312141418457,2.129279136657715,1.784743070602417,1.6052498817443848,1.2381091117858887,1.0895154476165771,0.7453227043151855,0.38182365894317627,0.0,0.3894384503364563,0.6778746247291565,1.029759407043457,1.3201357126235962,1.6633938550949097,2.6407344341278076,2.353210210800171,2.1466965675354004,1.8516405820846558,1.6484688520431519,1.3345297574996948,1.1936676502227783,0.9321908950805664,0.5771284103393555,0.5001419186592102,0.5346448421478271,0.8661941289901733,1.0677491426467896,1.4271248579025269,1.7251265048980713,2.7564876079559326,2.528947353363037,2.3080451488494873,2.107604503631592,1.8718069791793823,1.6830438375473022,1.4902526140213013,1.3478548526763916,1.049249291419983,1.021867036819458,1.16115403175354,1.235966444015503,1.298011064529419,1.6992297172546387,1.9314818382263184,3.05839204788208,2.9052324295043945,2.6216514110565186,2.5645337104797363,2.2978405952453613,2.264244556427002,2.076237201690674,2.0307223796844482,1.7840774059295654,1.9272041320800781,1.9377506971359253,1.9964679479599,2.092045307159424,2.1459686756134033,2.3203284740448
B11,2.6873719692230225,2.3567495346069336,2.195342779159546,1.8271247148513794,1.73968505859375,1.4309324026107788,1.3480198383331299,1.0863893032073975,0.8527902364730835,0.7826229333877563,0.7450694441795349,0.622123658657074,0.9348793029785156,1.0503149032592773,1.3929870128631592,2.5312700271606445,2.2389822006225586,2.100893020629883,1.7722887992858887,1.6691166162490845,1.3306316137313843,1.2811305522918701,1.0104963779449463,0.7095229625701904,0.3894384503364563,0.0,0.3971329927444458,0.6769170761108398,0.9622195363044739,1.2823694944381714,2.5263893604278564,2.267476797103882,2.113901138305664,1.838608980178833,1.7092496156692505,1.4214657545089722,1.3817658424377441,1.17551589012146,0.8794223666191101,0.7292855381965637,0.5492013692855835,0.6957383751869202,0.7683156132698059,1.1309117078781128,1.3800758123397827,2.642078161239624,2.447643518447876,2.274839401245117,2.0989372730255127,1.926642894744873,1.7532678842544556,1.6411874294281006,1.5084328651428223,1.2391935586929321,1.133871078491211,1.143957495689392,1.140933632850647,1.0867160558700562,1.4732378721237183,1.6427747011184692,2.9578962326049805,2.841383218765259,2.594590425491333,2.561866521835327,2.3428211212158203,2.3156919479370117,2.184204339981079,2.131208658218384,1.9075195789337158,2.017805814743042,1.9790730476379395,1.9799054861068726,2.0172321796417236,2.0267558097839355,2.1459274291992188
B12,3.0240557193756104,2.705457925796509,2.5626139640808105,2.200686454772949,2.126469850540161,1.8254040479660034,1.726110577583313,1.4390586614608765,1.1461665630340576,0.961703896522522,0.8340478539466858,0.5323086977005005,0.8153167366981506,0.8594081401824951,1.2473691701889038,2.8259105682373047,2.5427443981170654,2.4415266513824463,2.114725351333618,2.043894052505493,1.7039700746536255,1.6676757335662842,1.375001072883606,1.0509451627731323,0.6778746247291565,0.3971329927444458,0.0,0.41192445158958435,0.6752490401268005,1.0556153059005737,2.7814934253692627,2.527775287628174,2.4155635833740234,2.1299545764923096,2.0390982627868652,1.7322065830230713,1.714225172996521,1.4672725200653076,1.1402350664138794,0.8703969717025757,0.5277506709098816,0.4744931757450104,0.44067874550819397,0.8310936093330383,1.1071088314056396,2.8481688499450684,2.6531975269317627,2.521630048751831,2.3230817317962646,2.184096097946167,1.9699267148971558,1.8773716688156128,1.682421088218689,1.3747785091400146,1.160112977027893,1.0736082792282104,0.9402413964271545,0.7970765233039856,1.1755781173706055,1.3472504615783691,3.107156276702881,2.991147756576538,2.775393486022949,2.7124242782592773,2.514233350753784,2.4371018409729004,2.3125181198120117,2.1985626220703125,1.9431082010269165,1.980633020401001,1.8706934452056885,1.8083736896514893,1.791300654411316,1.7389191389083862,1.8404215574264526
B13,3.037220001220703,2.750824451446533,2.6275458335876465,2.291753053665161,2.246971368789673,1.9950944185256958,1.9032657146453857,1.651383876800537,1.3674429655075073,1.1241703033447266,0.8532496690750122,0.4790179431438446,0.5257213711738586,0.45487716794013977,0.8453814387321472,2.8265738487243652,2.583712339401245,2.528226852416992,2.23634672164917,2.2142608165740967,1.91684091091156,1.925362467765808,1.6841840744018555,1.3766539096832275,1.029759407043457,0.6769170761108398,0.41192445158958435,0.0,0.38824620842933655,0.6938055753707886,2.809309482574463,2.600191354751587,2.5304760932922363,2.284442186355591,2.243213415145874,1.9797409772872925,2.0120391845703125,1.8135594129562378,1.5176737308502197,1.2720892429351807,0.9270167350769043,0.7511477470397949,0.44669291377067566,0.754706859588623,0.8795426487922668,2.898852586746216,2.750518560409546,2.6599128246307373,2.501589298248291,2.4117279052734375,2.230926513671875,2.189941167831421,2.023216962814331,1.748091220855713,1.5233237743377686,1.3700361251831055,1.1780116558074951,0.8974855542182922,1.1891990900039673,1.2329860925674438,3.1871395111083984,3.115250587463379,2.9350204467773438,2.9055001735687256,2.7502055168151855,2.6914680004119873,2.6122519969940186,2.505270004272461,2.27583909034729,2.2939207553863525,2.151312828063965,2.039799928665161,1.9612419605255127,1.8477070331573486,1.8724561929702759
