,A1,A2,A3,A4,A5,A6,A7,A8,A9,A10,A11,A12,A13,A14,A15,B1,B2,B3,B4,B5,B6,B7,B8,B9,B10,B11,B12,B13,B14,B15,C1,C2,C3,C4,C5,C6,C7,C8,C9,C10,C11,C12,C13,C14,C15,D1,D2,D3,D4,D5,D6,D7,D8,D9,D10,D11,D12,D13,D14,D15,E1,E2,E3,E4,E5,E6,E7,E8,E9,E10,E11,E12,E13,E14,E15
A1,0.0,0.38837769627571106,0.6121895909309387,0.9511862397193909,1.243792176246643,1.6132887601852417,1.8547277450561523,2.230355978012085,2.4961202144622803,2.8758327960968018,2.9915997982025146,3.356865406036377,3.3050899505615234,3.595024585723877,3.4550023078918457,1.0559033155441284,0.9829468727111816,0.9749871492385864,1.1025409698486328,1.3630702495574951,1.6685458421707153,1.9196906089782715,2.281968832015991,2.537158489227295,2.920454978942871,3.0302329063415527,3.416710376739502,3.411299228668213,3.737769365310669,3.6534836292266846,1.6020208597183228,1.547438144683838,1.4397658109664917,1.5157825946807861,1.6696856021881104,1.9102802276611328,2.1217117309570312,2.455195903778076,2.677480697631836,3.046884059906006,3.157910108566284,3.5446386337280273,3.5746448040008545,3.9300835132598877,3.890235424041748,2.1731581687927246,2.1281278133392334,1.9613056182861328,2.0110011100769043,2.0787923336029053,2.2661337852478027,2.4352846145629883,2.725247383117676,2.923809289932251,3.2675368785858154,3.3992135524749756,3.7570245265960693,3.823453903198242,4.191677093505859,4.2047119140625,2.811938524246216,2.799889326095581,2.564077138900757,2.6171467304229736,2.5840494632720947,2.7462403774261475,2.8647191524505615,3.1027162075042725,3.2798821926116943,3.5876808166503906,3.7710742950439453,4.037437915802002,4.238288402557373,4.549206256866455,4.812031269073486
A2,0.38837769627571106,0.0,0.381384938955307,0.6206638216972351,0.9634541869163513,1.302398681640625,1.5824813842773438,1.9399676322937012,2.2360894680023193,2.6066787242889404,2.7534844875335693,3.1221256256103516,3.101362466812134,3.4055051803588867,3.295048713684082,1.0848342180252075,0.8992865681648254,0.7819676995277405,0.7905608415603638,1.050794243812561,1.321035385131836,1.6065318584442139,1.9555455446243286,2.237765073776245,2.6165249347686768,2.7568092346191406,3.149533271789551,3.174299955368042,3.5151023864746094,3.45896577835083,1.5447874069213867,1.4237028360366821,1.2444310188293457,1.2394440174102783,1.3647291660308838,1.564814567565918,1.7945845127105713,2.1129090785980225,2.3566646575927734,2.721684694290161,2.8605153560638428,3.253182888031006,3.3110082149505615,3.6796319484710693,3.6651854515075684,2.069187879562378,1.976598858833313,1.7612664699554443,1.7544660568237305,1.7887086868286133,1.9364805221557617,2.109802007675171,2.3801956176757812,2.5929627418518066,2.9304494857788086,3.085750102996826,3.4469313621520996,3.5382425785064697,3.9176714420318604,3.953522205352783,2.6868133544921875,2.6315758228302,2.363400459289551,2.375870704650879,2.3118677139282227,2.4394872188568115,2.5520074367523193,2.76676082611084,2.949824094772339,3.2457563877105713,3.4454588890075684,3.7054991722106934,3.923635959625244,4.230723857879639,4.507199764251709
A3,0.6121895909309387,0.381384938955307,0.0,0.38470298051834106,0.6318600177764893,1.0056113004684448,1.2457226514816284,1.6194946765899658,1.8940895795822144,2.271737813949585,2.407196283340454,2.780571937561035,2.7588279247283936,3.0716304779052734,2.9704091548919678,1.0684032440185547,0.946103572845459,0.7004607915878296,0.7202233076095581,0.8433929085731506,1.1176574230194092,1.3442834615707397,1.6967841386795044,1.9459631443023682,2.3256819248199463,2.4503366947174072,2.8423237800598145,2.864719867706299,3.211610794067383,3.166257619857788,1.5594565868377686,1.4863879680633545,1.2354421615600586,1.2450079917907715,1.2640538215637207,1.4520771503448486,1.610854148864746,1.9189611673355103,2.1205663681030273,2.4784045219421387,2.599339008331299,2.9834070205688477,3.037867784500122,3.4080352783203125,3.4056341648101807,2.1017260551452637,2.0437633991241455,1.781938910484314,1.7899483442306519,1.747380018234253,1.8839763402938843,1.9906198978424072,2.245121479034424,2.4130985736846924,2.7367188930511475,2.874361991882324,3.2186477184295654,3.306533098220825,3.6792478561401367,3.727423667907715,2.7329533100128174,2.6933133602142334,2.3957788944244385,2.4225876331329346,2.303865432739258,2.4287269115448,2.4834985733032227,2.6844558715820312,2.8229541778564453,3.1090359687805176,3.285017728805542,3.5235369205474854,3.734131336212158,4.024914264678955,4.299394607543945
A4,0.9511862397193909,0.6206638216972351,0.38470298051834106,0.0,0.3887771964073181,0.6861857771873474,0.9987056255340576,1.3426278829574585,1.6591956615447998,2.022451877593994,2.205376386642456,2.585376501083374,2.6101315021514893,2.9441611766815186,2.8867883682250977,1.32271146774292,1.1333446502685547,0.8109317421913147,0.6477387547492981,0.6587306261062622,0.8205153942108154,1.0847686529159546,1.4031236171722412,1.6838339567184448,2.0520288944244385,2.22206449508667,2.620849370956421,2.6882970333099365,3.0550663471221924,3.0520551204681396,1.7064201831817627,1.5791059732437134,1.2673145532608032,1.172399878501892,1.1126099824905396,1.206796646118164,1.3658630847930908,1.6323554515838623,1.8528333902359009,2.1955764293670654,2.3567216396331787,2.743549346923828,2.839313507080078,3.226088285446167,3.2626118659973145,2.177974224090576,2.075509786605835,1.7692983150482178,1.7079015970230103,1.6075003147125244,1.672349452972412,1.765051245689392,1.9746812582015991,2.150592565536499,2.4549849033355713,2.6256747245788574,2.9665865898132324,3.0911502838134766,3.4752397537231445,3.5585081577301025,2.7685606479644775,2.684548854827881,2.35736346244812,2.3350632190704346,2.1740589141845703,2.2456328868865967,2.2808001041412354,2.438608407974243,2.5747711658477783,2.836083173751831,3.0311872959136963,3.251591444015503,3.486370086669922,3.7647650241851807,4.058361053466797
A5,1.243792176246643,0.9634541869163513,0.6318600177764893,0.3887771964073181,0.0,0.39107444882392883,0.6269022226333618,0.9942790865898132,1.2867159843444824,1.6584783792495728,1.82964289188385,2.2139570713043213,2.241149663925171,2.584542989730835,2.542494535446167,1.4151633977890015,1.2862696647644043,0.9153594970703125,0.7852246761322021,0.5847452282905579,0.6893100142478943,0.8266394734382629,1.136068344116211,1.3670527935028076,1.734477162361145,1.8851711750030518,2.2819364070892334,2.3486416339874268,2.721451759338379,2.733605146408081,1.777039647102356,1.696898102760315,1.345632553100586,1.2732256650924683,1.0989218950271606,1.1624773740768433,1.209200143814087,1.4475244283676147,1.6048932075500488,1.9335734844207764,2.070295572280884,2.444309949874878,2.536289691925049,2.922922134399414,2.9741153717041016,2.235180139541626,2.16847825050354,1.8321536779403687,1.7900981903076172,1.6143178939819336,1.6637107133865356,1.6697462797164917,1.8522971868515015,1.966391682624817,2.24881911277771,2.394265651702881,2.7122483253479004,2.831223964691162,3.2051808834075928,3.301692485809326,2.818251848220825,2.751262664794922,2.4044995307922363,2.398813486099243,2.186876058578491,2.2551610469818115,2.2239322662353516,2.363449811935425,2.4436466693878174,2.6902706623077393,2.853365898132324,3.048042058944702,3.270510673522949,3.529778003692627,3.8183271884918213
A6,1.6132887601852417,1.302398681640625,1.0056113004684448,0.6861857771873474,0.39107444882392883,0.0,0.39277294278144836,0.6756360530853271,1.0191060304641724,1.3633793592453003,1.592415452003479,1.9787665605545044,2.06351375579834,2.4271464347839355,2.440136432647705,1.7385610342025757,1.5831656455993652,1.201233148574829,0.993117094039917,0.691629946231842,0.5619856715202332,0.6321967244148254,0.8411667346954346,1.0841785669326782,1.4256486892700195,1.6276633739471436,2.025235176086426,2.145742177963257,2.5369272232055664,2.601234197616577,2.0136735439300537,1.9066931009292603,1.5292400121688843,1.3892074823379517,1.131765604019165,1.068949580192566,1.052733063697815,1.1996726989746094,1.343494176864624,1.6364688873291016,1.8123782873153687,2.178480863571167,2.317168951034546,2.71696400642395,2.815437078475952,2.3980908393859863,2.305894136428833,1.9424264430999756,1.8489246368408203,1.609226942062378,1.5760021209716797,1.5307164192199707,1.638733148574829,1.7309621572494507,1.9733999967575073,2.145921468734741,2.4462475776672363,2.6040263175964355,2.982574701309204,3.120645523071289,2.9292330741882324,2.8302218914031982,2.463324785232544,2.4186620712280273,2.1607375144958496,2.172938108444214,2.0993566513061523,2.180898666381836,2.234764337539673,2.4428367614746094,2.612818717956543,2.775056838989258,3.0179355144500732,3.254595994949341,3.5603644847869873
A7,1.8547277450561523,1.5824813842773438,1.2457226514816284,0.9987056255340576,0.6269022226333618,0.39277294278144836,0.0,0.3897532522678375,0.6616011261940002,1.0319206714630127,1.220660924911499,1.6106269359588623,1.6818304061889648,2.049470901489258,2.069392442703247,1.8137062788009644,1.7200310230255127,1.3399056196212769,1.2023674249649048,0.8365200161933899,0.7239587903022766,0.5528632998466492,0.7087527513504028,0.8222509622573853,1.1627867221832275,1.309633493423462,1.7012131214141846,1.8021076917648315,2.1929359436035156,2.261915445327759,2.062910556793213,2.0115222930908203,1.630714774131775,1.5439642667770386,1.2312041521072388,1.1826143264770508,1.035081148147583,1.1479008197784424,1.1793365478515625,1.4496580362319946,1.5654500722885132,1.9096671342849731,2.023855209350586,2.414888381958008,2.5160720348358154,2.4315640926361084,2.386737108230591,2.017918586730957,1.9670255184173584,1.6844974756240845,1.6665664911270142,1.5337440967559814,1.6255390644073486,1.6311196088790894,1.8479044437408447,1.9659072160720825,2.2350387573242188,2.3666069507598877,2.7254445552825928,2.8637983798980713,2.950948476791382,2.8829658031463623,2.5130128860473633,2.5022029876708984,2.2139508724212646,2.2437262535095215,2.1082258224487305,2.186901092529297,2.1746950149536133,2.3732705116271973,2.4913501739501953,2.6304805278778076,2.8430898189544678,3.0622000694274902,3.3503870964050293
A8,2.230355978012085,1.9399676322937012,1.6194946765899658,1.3426278829574585,0.9942790865898132,0.6756360530853271,0.3897532522678375,0.0,0.3809632658958435,0.6906271576881409,0.9508588910102844,1.3307697772979736,1.471275806427002,1.8516473770141602,1.9365125894546509,2.138331651687622,2.031135082244873,1.6559756994247437,1.486212968826294,1.1005626916885376,0.8784289360046387,0.6096956729888916,0.5229771137237549,0.5327236652374268,0.8131945133209229,1.009361743927002,1.3933137655258179,1.5551320314407349,1.9593466520309448,2.0875964164733887,2.3114371299743652,2.2477917671203613,1.8624733686447144,1.7412816286087036,1.3847599029541016,1.248226284980774,1.0182844400405884,0.9971473217010498,0.9488023519515991,1.1453860998153687,1.2814511060714722,1.6014776229858398,1.7618354558944702,2.1593947410583496,2.311811923980713,2.6068835258483887,2.5505945682525635,2.171719551086426,2.091155529022217,1.7624696493148804,1.6803879737854004,1.4814451932907104,1.485704779624939,1.431097149848938,1.58331298828125,1.7066019773483276,1.939993977546692,2.103889226913452,2.4576573371887207,2.6382410526275635,3.0669209957122803,2.9791579246520996,2.6009597778320312,2.565401554107666,2.2400271892547607,2.224529504776001,2.0366744995117188,2.056259870529175,1.9946677684783936,2.14530348777771,2.248960256576538,2.3449606895446777,2.5656542778015137,2.7549326419830322,3.0531363487243652
A9,2.4961202144622803,2.2360894680023193,1.8940895795822144,1.6591956615447998,1.2867159843444824,1.0191060304641724,0.6616011261940002,0.3809632658958435,0.0,0.3851904571056366,0.5863649845123291,0.9800035953521729,1.124497652053833,1.5169157981872559,1.6298340559005737,2.3156323432922363,2.258533477783203,1.8965561389923096,1.7785578966140747,1.386644721031189,1.2103835344314575,0.8790773749351501,0.7526407837867737,0.5376076102256775,0.7025470733642578,0.7854481339454651,1.13454008102417,1.2791451215744019,1.6794146299362183,1.8268495798110962,2.477018356323242,2.459747076034546,2.0859007835388184,2.0094189643859863,1.6419769525527954,1.532954454421997,1.2416526079177856,1.1892625093460083,1.0169672966003418,1.1354258060455322,1.1760478019714355,1.4342341423034668,1.5639662742614746,1.9393316507339478,2.1031129360198975,2.759552240371704,2.7447245121002197,2.3738105297088623,2.330594778060913,1.9875537157058716,1.9245660305023193,1.6714918613433838,1.6584569215774536,1.5185624361038208,1.6200376749038696,1.6715196371078491,1.8456979990005493,1.9763493537902832,2.2934415340423584,2.4784176349639893,3.2034311294555664,3.1457180976867676,2.7743146419525146,2.7689099311828613,2.430305004119873,2.430860996246338,2.1984143257141113,2.212599277496338,2.088322401046753,2.217263698577881,2.260282278060913,2.3197052478790283,2.5007898807525635,2.6587560176849365,2.932734966278076
A10,2.8758327960968018,2.6066787242889404,2.271737813949585,2.022451877593994,1.6584783792495728,1.3633793592453003,1.0319206714630127,0.6906271576881409,0.3851904571056366,0.0,0.38642752170562744,0.7115563154220581,0.9651680588722229,1.3515746593475342,1.5488897562026978,2.661921739578247,2.600316047668457,2.2448692321777344,2.1131486892700195,1.7186954021453857,1.5036804676055908,1.161562204360962,0.9285027384757996,0.6178675293922424,0.5375447869300842,0.5992072224617004,0.8674260973930359,1.0878586769104004,1.4817556142807007,1.7023104429244995,2.772930860519409,2.7523763179779053,2.383172035217285,2.291389226913452,1.9093223810195923,1.7577937841415405,1.432507872581482,1.2860794067382812,1.0334529876708984,1.0141689777374268,1.0281180143356323,1.1999140977859497,1.3699661493301392,1.7281917333602905,1.950624942779541,2.999377489089966,2.9820733070373535,2.6128406524658203,2.555264949798584,2.1903178691864014,2.0889039039611816,1.7934411764144897,1.7083077430725098,1.5030816793441772,1.5132231712341309,1.540001392364502,1.640093207359314,1.7904973030090332,2.078242301940918,2.307178258895874,3.3895437717437744,3.322519063949585,2.9532527923583984,2.934295415878296,2.574815273284912,2.5436761379241943,2.269869804382324,2.2327795028686523,2.054196357727051,2.125041961669922,2.133045196533203,2.1328232288360596,2.3039844036102295,2.4149858951568604,2.6872453689575195
A11,2.9915997982025146,2.7534844875335693,2.407196283340454,2.205376386642456,1.82964289188385,1.592415452003479,1.220660924911499,0.9508588910102844,0.5863649845123291,0.38642752170562744,0.0,0.4006599187850952,0.587822675704956,0.9832343459129333,1.1784199476242065,2.6667935848236084,2.6533398628234863,2.3212835788726807,2.2457849979400635,1.8564153909683228,1.7036582231521606,1.3296129703521729,1.1536903381347656,0.795898973941803,0.7153419852256775,0.5354452133178711,0.7114970088005066,0.8188495635986328,1.1906704902648926,1.3893238306045532,2.7592005729675293,2.7873587608337402,2.4391415119171143,2.401785373687744,2.0251376628875732,1.9292453527450562,1.5771400928497314,1.4729971885681152,1.1704140901565552,1.1514467000961304,1.0293149948120117,1.138885736465454,1.2062411308288574,1.5218802690505981,1.7108396291732788,2.97637939453125,3.0062265396118164,2.654501438140869,2.6471917629241943,2.2871227264404297,2.2341349124908447,1.9148465394973755,1.866213083267212,1.6167246103286743,1.6312603950500488,1.5660890340805054,1.6305407285690308,1.699600338935852,1.942827820777893,2.134563684463501,3.3576290607452393,3.331146240234375,2.9770331382751465,3.002107620239258,2.6473846435546875,2.6576225757598877,2.3639028072357178,2.3604366779327393,2.1474170684814453,2.234597682952881,2.181889533996582,2.1835529804229736,2.2930908203125,2.399425506591797,2.626518964767456
A12,3.356865406036377,3.1221256256103516,2.780571937561035,2.585376501083374,2.2139570713043213,1.9787665605545044,1.6106269359588623,1.3307697772979736,0.9800035953521729,0.7115563154220581,0.4006599187850952,0.0,0.378849595785141,0.6977006196975708,0.9923292398452759,2.9578874111175537,2.9563937187194824,2.6429500579833984,2.577936887741089,2.1937150955200195,2.0404536724090576,1.6581238508224487,1.455026388168335,1.0772403478622437,0.8879496455192566,0.6032685041427612,0.5154629945755005,0.5859407186508179,0.8904122710227966,1.153719186782837,2.9956483840942383,3.038943290710449,2.708758592605591,2.681900978088379,2.3043785095214844,2.2048025131225586,1.8322769403457642,1.6940709352493286,1.3453197479248047,1.2378079891204834,1.0270156860351562,0.9917362928390503,1.0096619129180908,1.2515556812286377,1.4714277982711792,3.1567280292510986,3.2038471698760986,2.8675076961517334,2.871171712875366,2.5049493312835693,2.448031425476074,2.0988354682922363,2.0208725929260254,1.7171601057052612,1.6672276258468628,1.5299029350280762,1.503002643585205,1.527768611907959,1.7018159627914429,1.9039114713668823,3.4819674491882324,3.466693162918091,3.127566337585449,3.162268877029419,2.801119327545166,2.807793378829956,2.4812209606170654,2.458054780960083,2.193549633026123,2.243346929550171,2.1282007694244385,2.084197998046875,2.140450954437256,2.202479124069214,2.392036199569702
A13,3.3050899505615234,3.101362466812134,2.7588279247283936,2.6101315021514893,2.241149663925171,2.06351375579834,1.6818304061889648,1.471275806427002,1.124497652053833,0.9651680588722229,0.587822675704956,0.378849595785141,0.0,0.40084511041641235,0.6273588538169861,2.81561017036438,2.856337547302246,2.5713987350463867,2.558873414993286,2.192444086074829,2.1023292541503906,1.714404582977295,1.5827080011367798,1.2170329093933105,1.1164522171020508,0.7676927447319031,0.6951791644096375,0.5212622880935669,0.7504969239234924,0.9029254913330078,2.8427624702453613,2.929758071899414,2.625269889831543,2.6508073806762695,2.2924413681030273,2.253645420074463,1.881608009338379,1.809355616569519,1.4665558338165283,1.4252967834472656,1.151779055595398,1.1335639953613281,1.0186201333999634,1.2083109617233276,1.3297327756881714,3.0066704750061035,3.0970656871795654,2.7825348377227783,2.8357529640197754,2.4890105724334717,2.4880144596099854,2.1425957679748535,2.1243555545806885,1.822570562362671,1.8240630626678467,1.6350146532058716,1.6301378011703491,1.5673497915267944,1.7141938209533691,1.8379448652267456,3.337172746658325,3.3631808757781982,3.0419116020202637,3.121312379837036,2.778372049331665,2.8342080116271973,2.513514280319214,2.5426719188690186,2.280881881713867,2.3747875690460205,2.2324581146240234,2.229614734649658,2.2396247386932373,2.331167697906494,2.478365659713745
A14,3.595024585723877,3.4055051803588867,3.0716304779052734,2.9441611766815186,2.584542989730835,2.4271464347839355,2.049470901489258,1.8516473770141602,1.5169157981872559,1.3515746593475342,0.9832343459129333,0.6977006196975708,0.40084511041641235,0.0,0.3855455815792084,3.0171403884887695,3.080364942550659,2.8262529373168945,2.839357376098633,2.4899020195007324,2.4214181900024414,2.034804344177246,1.9114335775375366,1.551106572151184,1.430284857749939,1.056665062904358,0.8690471649169922,0.5699363946914673,0.5402528643608093,0.6379868984222412,2.9912102222442627,3.1050543785095215,2.8315677642822266,2.8840649127960205,2.5401594638824463,2.521876811981201,2.146155834197998,2.078246831893921,1.7243095636367798,1.6591466665267944,1.329666018486023,1.2248568534851074,1.0040509700775146,1.0539305210113525,1.1166201829910278,3.1039905548095703,3.2248058319091797,2.938499927520752,3.0195095539093018,2.6838622093200684,2.7029378414154053,2.347041130065918,2.334167003631592,2.008028030395508,1.989666223526001,1.7358102798461914,1.6762086153030396,1.5295315980911255,1.5877349376678467,1.6593981981277466,3.382239818572998,3.435732126235962,3.140933036804199,3.2465059757232666,2.913797616958618,2.9878602027893066,2.6527929306030273,2.691114664077759,2.4008121490478516,2.486572742462158,2.2887356281280518,2.274897575378418,2.2166173458099365,2.2885289192199707,2.3740553855895996
A15,3.4550023078918457,3.295048713684082,2.9704091548919678,2.8867883682250977,2.542494535446167,2.440136432647705,2.069392442703247,1.9365125894546509,1.6298340559005737,1.5488897562026978,1.1784199476242065,0.9923292398452759,0.6273588538169861,0.3855455815792084,0.0,2.8010454177856445,2.899977207183838,2.6797378063201904,2.739938259124756,2.418942928314209,2.4095215797424316,2.035773277282715,1.9804273843765259,1.6527990102767944,1.6126970052719116,1.2371011972427368,1.1317635774612427,0.7753832340240479,0.7175317406654358,0.5727246999740601,2.7637858390808105,2.9157259464263916,2.6727452278137207,2.772876262664795,2.4579896926879883,2.4973342418670654,2.138917922973633,2.136737823486328,1.8113288879394531,1.8178248405456543,1.4784146547317505,1.4376896619796753,1.158884882926941,1.1964713335037231,1.127268671989441,2.881812334060669,3.0409321784973145,2.780181646347046,2.9064602851867676,2.599437952041626,2.672290325164795,2.3360700607299805,2.3843202590942383,2.082712173461914,2.125478982925415,1.858165979385376,1.8522088527679443,1.6565451622009277,1.7218143939971924,1.7065091133117676,3.1706652641296387,3.2628297805786133,2.9878337383270264,3.1343257427215576,2.827786922454834,2.9493117332458496,2.6351611614227295,2.7274210453033447,2.4605660438537598,2.596097946166992,2.3989033699035645,2.439556360244751,2.3635339736938477,2.4813339710235596,2.5458743572235107
B1,1.0559033155441284,1.0848342180252075,1.0684032440185547,1.32271146774292,1.4151633977890015,1.7385610342025757,1.8137062788009644,2.138331651687622,2.3156323432922363,2.661921739578247,2.6667935848236084,2.9578874111175537,2.81561017036438,3.0171403884887695,2.8010454177856445,0.0,0.38681575655937195,0.6064862608909607,0.9769096374511719,1.187083125114441,1.5743894577026367,1.6917747259140015,2.068681240081787,2.2468953132629395,2.619997262954712,2.6214284896850586,2.9587574005126953,2.856022834777832,3.1080222129821777,2.9374992847442627,0.653312087059021,0.8120555877685547,0.8007434606552124,1.1195735931396484,1.2765111923217773,1.6471096277236938,1.7683212757110596,2.151904344558716,2.3047430515289307,2.6856460571289062,2.6890382766723633,3.0498130321502686,2.9813382625579834,3.277536630630493,3.149981737136841,1.287146806716919,1.3900855779647827,1.2673327922821045,1.4955741167068481,1.5724047422409058,1.888336181640625,1.9929673671722412,2.3538317680358887,2.4886209964752197,2.857238531112671,2.885995388031006,3.237488031387329,3.2073636054992676,3.5351741313934326,3.464055299758911,1.9599858522415161,2.0509278774261475,1.8422690629959106,2.0235071182250977,2.000425338745117,2.2726495265960693,2.3467743396759033,2.6632368564605713,2.7897396087646484,3.141043186187744,3.244642734527588,3.5457675457000732,3.666734218597412,4.002649307250977,4.20328950881958
B2,0.9829468727111816,0.8992865681648254,0.946103572845459,1.1333446502685547,1.2862696647644043,1.5831656455993652,1.7200310230255127,2.031135082244873,2.258533477783203,2.600316047668457,2.6533398628234863,2.9563937187194824,2.856337547302246,3.080364942550659,2.899977207183838,0.38681575655937195,0.0,0.38423192501068115,0.6816380023956299,0.9770168662071228,1.3452504873275757,1.5316965579986572,1.9024232625961304,2.1334006786346436,2.5079705715179443,2.558485984802246,2.9112157821655273,2.850914716720581,3.12501859664917,2.9880616664886475,0.6457715034484863,0.59971022605896,0.5336998701095581,0.788347601890564,1.0097956657409668,1.3688914775848389,1.556668758392334,1.9397143125534058,2.145148992538452,2.5311925411224365,2.58156681060791,2.9600448608398438,2.931495428085327,3.2494094371795654,3.1506295204162598,1.206182837486267,1.2005201578140259,1.0389010906219482,1.197709321975708,1.299389362335205,1.5953367948532104,1.7523751258850098,2.110393762588501,2.2923288345336914,2.6674106121063232,2.738189935684204,3.107968330383301,3.1138391494750977,3.4642038345336914,3.4175679683685303,1.8585224151611328,1.8772891759872437,1.6422672271728516,1.7657709121704102,1.7464238405227661,1.9892572164535522,2.0991625785827637,2.4045941829681396,2.5696544647216797,2.9178011417388916,3.058556318283081,3.3671810626983643,3.517313003540039,3.859882354736328,4.082133769989014
B3,0.9749871492385864,0.7819676995277405,0.7004607915878296,0.8109317421913147,0.9153594970703125,1.201233148574829,1.3399056196212769,1.6559756994247437,1.8965561389923096,2.2448692321777344,2.3212835788726807,2.6429500579833984,2.5713987350463867,2.8262529373168945,2.6797378063201904,0.6064862608909607,0.38423192501068115,0.0,0.3784430921077728,0.6121683120727539,0.9935045838356018,1.1780034303665161,1.5559263229370117,1.7932056188583374,2.174258232116699,2.2460248470306396,2.6141984462738037,2.5833189487457275,2.8862359523773193,2.786933660507202,0.897348165512085,0.8252937197685242,0.55646812915802,0.6941603422164917,0.7822512984275818,1.1102052927017212,1.271285891532898,1.6455868482589722,1.8459630012512207,2.2306878566741943,2.3003334999084473,2.6855688095092773,2.6860079765319824,3.0270721912384033,2.9672458171844482,1.4108461141586304,1.377434492111206,1.1177732944488525,1.2043464183807373,1.1956279277801514,1.4360328912734985,1.5503116846084595,1.8800185918807983,2.0474016666412354,2.4103927612304688,2.4990086555480957,2.863107681274414,2.897433042526245,3.25980806350708,3.2516496181488037,2.044039011001587,2.0278892517089844,1.7372374534606934,1.8172879219055176,1.7191013097763062,1.9149725437164307,1.9773708581924438,2.245203733444214,2.3867342472076416,2.7161617279052734,2.862774610519409,3.1465659141540527,3.3164095878601074,3.641521692276001,3.882948160171509
B4,1.1025409698486328,0.7905608415603638,0.7202233076095581,0.6477387547492981,0.7852246761322021,0.993117094039917,1.2023674249649048,1.486212968826294,1.7785578966140747,2.1131486892700195,2.2457849979400635,2.577936887741089,2.558873414993286,2.839357376098633,2.739938259124756,0.9769096374511719,0.6816380023956299,0.3784430921077728,0.0,0.394552081823349,0.7054243683815002,0.9823859930038452,1.335876226425171,1.6290909051895142,2.002639055252075,2.1330881118774414,2.5135316848754883,2.5360522270202637,2.863624095916748,2.8109018802642822,1.1504093408584595,0.9692921042442322,0.636847972869873,0.5390320420265198,0.5751566886901855,0.8204830288887024,1.0477708578109741,1.3989040851593018,1.6511573791503906,2.0300300121307373,2.156381607055664,2.5531790256500244,2.6046392917633057,2.9683637619018555,2.951457977294922,1.5509464740753174,1.431231141090393,1.122300148010254,1.0853214263916016,1.0304170846939087,1.189268946647644,1.332930088043213,1.6299149990081787,1.8368936777114868,2.1920177936553955,2.3309032917022705,2.703115224838257,2.7842352390289307,3.166360378265381,3.1967966556549072,2.123903751373291,2.0381855964660645,1.7158184051513672,1.7174005508422852,1.5847656726837158,1.7143590450286865,1.784457802772522,2.011956214904785,2.1774470806121826,2.487931489944458,2.672089099884033,2.946899890899658,3.151728391647339,3.4711291790008545,3.738600015640259
B5,1.3630702495574951,1.050794243812561,0.8433929085731506,0.6587306261062622,0.5847452282905579,0.691629946231842,0.8365200161933899,1.1005626916885376,1.386644721031189,1.7186954021453857,1.8564153909683228,2.1937150955200195,2.192444086074829,2.4899020195007324,2.418942928314209,1.187083125114441,0.9770168662071228,0.6121683120727539,0.394552081823349,0.0,0.3902246654033661,0.5990993976593018,0.9675310850143433,1.2451603412628174,1.623765230178833,1.7558084726333618,2.142683506011963,2.181353807449341,2.525925874710083,2.5026373863220215,1.3479706048965454,1.2199456691741943,0.838690996170044,0.7312202453613281,0.5179003477096558,0.6685442924499512,0.771975040435791,1.105720043182373,1.3175517320632935,1.6922086477279663,1.8147811889648438,2.209656238555908,2.2746551036834717,2.650428056716919,2.662848949432373,1.7137571573257446,1.6224550008773804,1.2682859897613525,1.2213611602783203,1.0367242097854614,1.1335219144821167,1.167588233947754,1.4234495162963867,1.5760009288787842,1.9116101264953613,2.043212890625,2.3993265628814697,2.4917707443237305,2.8743319511413574,2.932736396789551,2.2605481147766113,2.1774091720581055,1.8242647647857666,1.8211413621902466,1.6100002527236938,1.7071949243545532,1.6930240392684937,1.881805181503296,1.9898573160171509,2.2792809009552,2.4432373046875,2.6882433891296387,2.8945939540863037,3.1933748722076416,3.466972827911377
B6,1.6685458421707153,1.321035385131836,1.1176574230194092,0.8205153942108154,0.6893100142478943,0.5619856715202332,0.7239587903022766,0.8784289360046387,1.2103835344314575,1.5036804676055908,1.7036582231521606,2.0404536724090576,2.1023292541503906,2.4214181900024414,2.4095215797424316,1.5743894577026367,1.3452504873275757,0.9935045838356018,0.7054243683815002,0.3902246654033661,0.0,0.38886862993240356,0.6679613590240479,1.007912039756775,1.362134575843811,1.562688946723938,1.9531447887420654,2.055687189102173,2.421865940093994,2.4569263458251953,1.6762278079986572,1.511933445930481,1.128319263458252,0.9185425043106079,0.6158891320228577,0.508696973323822,0.5714218616485596,0.8127343058586121,1.0604686737060547,1.41155207157135,1.5974699258804321,1.993504285812378,2.11830997467041,2.5130767822265625,2.57985520362854,1.9557284116744995,1.8228031396865845,1.4482331275939941,1.3161532878875732,1.0569263696670532,1.0178472995758057,1.006981611251831,1.1733992099761963,1.3322837352752686,1.6364492177963257,1.8181474208831787,2.167084217071533,2.3123574256896973,2.707646131515503,2.8148720264434814,2.4332497119903564,2.3032054901123047,1.9306045770645142,1.8647712469100952,1.6024043560028076,1.6155327558517456,1.5631479024887085,1.6785236597061157,1.7753430604934692,2.025347948074341,2.2147631645202637,2.4313807487487793,2.6713099479675293,2.951188564300537,3.2503905296325684
B7,1.9196906089782715,1.6065318584442139,1.3442834615707397,1.0847686529159546,0.8266394734382629,0.6321967244148254,0.5528632998466492,0.6096956729888916,0.8790773749351501,1.161562204360962,1.3296129703521729,1.6581238508224487,1.714404582977295,2.034804344177246,2.035773277282715,1.6917747259140015,1.5316965579986572,1.1780034303665161,0.9823859930038452,0.5990993976593018,0.38886862993240356,0.0,0.3846791684627533,0.6511296629905701,1.0265611410140991,1.1893168687820435,1.582699179649353,1.675493597984314,2.0472195148468018,2.0936405658721924,1.7700912952423096,1.669792652130127,1.2845587730407715,1.146335482597351,0.7782741189002991,0.6807153224945068,0.48330190777778625,0.6667554378509521,0.7847211360931396,1.1357969045639038,1.272278070449829,1.661756992340088,1.7716602087020874,2.167782783508301,2.2444393634796143,2.0274240970611572,1.9476350545883179,1.5668874979019165,1.4841740131378174,1.1656299829483032,1.131746530532837,0.9830686450004578,1.1118474006652832,1.157711148262024,1.4374617338180542,1.5677648782730103,1.8922010660171509,2.0189907550811768,2.403109312057495,2.5180225372314453,2.4856138229370117,2.386904716491699,2.009129047393799,1.9781529903411865,1.6729605197906494,1.696958065032959,1.5576848983764648,1.6574474573135376,1.6689425706863403,1.9047800302505493,2.039638042449951,2.2298107147216797,2.4442479610443115,2.7068402767181396,2.993880271911621
B8,2.281968832015991,1.9555455446243286,1.6967841386795044,1.4031236171722412,1.136068344116211,0.8411667346954346,0.7087527513504028,0.5229771137237549,0.7526407837867737,0.9285027384757996,1.1536903381347656,1.455026388168335,1.5827080011367798,1.9114335775375366,1.9804273843765259,2.068681240081787,1.9024232625961304,1.5559263229370117,1.335876226425171,0.9675310850143433,0.6679613590240479,0.3846791684627533,0.0,0.3792688548564911,0.6976794600486755,0.9430774450302124,1.3266408443450928,1.4932770729064941,1.8781801462173462,1.991348147392273,2.100846529006958,1.9883126020431519,1.6108745336532593,1.4365023374557495,1.0550161600112915,0.8397111892700195,0.5568864345550537,0.47483742237091064,0.5104404091835022,0.8018049597740173,1.0006695985794067,1.3786747455596924,1.5542875528335571,1.96263587474823,2.1006040573120117,2.28878116607666,2.192862033843994,1.8110425472259521,1.6882611513137817,1.3307957649230957,1.2015377283096313,0.9748855829238892,0.9641687273979187,0.9420976042747498,1.1495033502578735,1.311108946800232,1.6076327562332153,1.7857794761657715,2.172776937484741,2.34067964553833,2.6790993213653564,2.5545239448547363,2.1725175380706787,2.1049227714538574,1.7621022462844849,1.7191673517227173,1.5204778909683228,1.5347176790237427,1.4920228719711304,1.6682687997817993,1.8008466958999634,1.9442998170852661,2.18084716796875,2.4138407707214355,2.720365047454834
B9,2.537158489227295,2.237765073776245,1.9459631443023682,1.6838339567184448,1.3670527935028076,1.0841785669326782,0.8222509622573853,0.5327236652374268,0.5376076102256775,0.6178675293922424,0.795898973941803,1.0772403478622437,1.2170329093933105,1.551106572151184,1.6527990102767944,2.2468953132629395,2.1334006786346436,1.7932056188583374,1.6290909051895142,1.2451603412628174,1.007912039756775,0.6511296629905701,0.3792688548564911,0.0,0.3866738975048065,0.5760624408721924,0.9691388607025146,1.1411347389221191,1.5375874042510986,1.68016517162323,2.2734572887420654,2.2119953632354736,1.8450031280517578,1.7239309549331665,1.33475923538208,1.1665582656860352,0.8219548463821411,0.693733811378479,0.47944480180740356,0.6587398648262024,0.7541595101356506,1.0983407497406006,1.2610111236572266,1.6672521829605103,1.8281410932540894,2.449571132659912,2.3998048305511475,2.0270469188690186,1.94839608669281,1.5779637098312378,1.4742176532745361,1.1808139085769653,1.136628270149231,0.9814199209213257,1.1110440492630005,1.185789942741394,1.4207367897033691,1.573610544204712,1.9345884323120117,2.1170027256011963,2.8210086822509766,2.728834629058838,2.3546125888824463,2.320796251296997,1.9628899097442627,1.9364888668060303,1.6807401180267334,1.6807447671890259,1.5515040159225464,1.6943631172180176,1.752668023109436,1.849760890007019,2.047436475753784,2.2476441860198975,2.5351219177246094
B10,2.920454978942871,2.6165249347686768,2.3256819248199463,2.0520288944244385,1.734477162361145,1.4256486892700195,1.1627867221832275,0.8131945133209229,0.7025470733642578,0.5375447869300842,0.7153419852256775,0.8879496455192566,1.1164522171020508,1.430284857749939,1.6126970052719116,2.619997262954712,2.5079705715179443,2.174258232116699,2.002639055252075,1.623765230178833,1.362134575843811,1.0265611410140991,0.6976794600486755,0.3866738975048065,0.0,0.38200509548187256,0.6956673860549927,0.9727056622505188,1.360528826713562,1.5841857194900513,2.6122207641601562,2.550374746322632,2.1931402683258057,2.0606367588043213,1.6708406209945679,1.4657855033874512,1.1143510341644287,0.8768102526664734,0.5664451718330383,0.476771742105484,0.5599566102027893,0.8156799077987671,1.0558953285217285,1.4535716772079468,1.6873080730438232,2.7367753982543945,2.685237169265747,2.320399045944214,2.227368116378784,1.8445361852645874,1.6983340978622437,1.3693044185638428,1.228026270866394,0.9867928624153137,0.976058840751648,1.0262770652770996,1.1723158359527588,1.3662899732589722,1.7040789127349854,1.9443800449371338,3.049910545349121,2.947946310043335,2.5807409286499023,2.5307037830352783,2.155933141708374,2.090141773223877,1.7907679080963135,1.7220872640609741,1.5246895551681519,1.5878901481628418,1.6056162118911743,1.6278655529022217,1.822806715965271,1.9719640016555786,2.266126871109009
B11,3.0302329063415527,2.7568092346191406,2.4503366947174072,2.22206449508667,1.8851711750030518,1.6276633739471436,1.309633493423462,1.009361743927002,0.7854481339454651,0.5992072224617004,0.5354452133178711,0.6032685041427612,0.7676927447319031,1.056665062904358,1.2371011972427368,2.6214284896850586,2.558485984802246,2.2460248470306396,2.1330881118774414,1.7558084726333618,1.562688946723938,1.1893168687820435,0.9430774450302124,0.5760624408721924,0.38200509548187256,0.0,0.399967223405838,0.6020601391792297,1.0016801357269287,1.2171626091003418,2.5946645736694336,2.5843448638916016,2.247546434402466,2.1747055053710938,1.7901382446289062,1.6520932912826538,1.2734440565109253,1.104779839515686,0.7453247904777527,0.6704804301261902,0.4939861595630646,0.667262852191925,0.7888060808181763,1.1709867715835571,1.3809534311294556,2.7090983390808105,2.708801746368408,2.361724376678467,2.325320243835449,1.9482002258300781,1.861100435256958,1.5072940587997437,1.4178950786590576,1.123755931854248,1.1181632280349731,1.0312175750732422,1.1250911951065063,1.21584153175354,1.51200532913208,1.7174071073532104,3.012754440307617,2.9549779891967773,2.603405475616455,2.6033880710601807,2.2337565422058105,2.2173187732696533,1.8953202962875366,1.868931770324707,1.6288485527038574,1.711052417755127,1.6485284566879272,1.6700687408447266,1.7875438928604126,1.9308558702468872,2.1746158599853516
B12,3.416710376739502,3.149533271789551,2.8423237800598145,2.620849370956421,2.2819364070892334,2.025235176086426,1.7012131214141846,1.3933137655258179,1.13454008102417,0.8674260973930359,0.7114970088005066,0.5154629945755005,0.6951791644096375,0.8690471649169922,1.1317635774612427,2.9587574005126953,2.9112157821655273,2.6141984462738037,2.5135316848754883,2.142683506011963,1.9531447887420654,1.582699179649353,1.3266408443450928,0.9691388607025146,0.6956673860549927,0.399967223405838,0.0,0.38594892621040344,0.7155588865280151,1.0269931554794312,2.8940911293029785,2.899991750717163,2.581972599029541,2.520538806915283,2.1417884826660156,2.0027992725372314,1.6206181049346924,1.4242427349090576,1.0483007431030273,0.8588976263999939,0.5853740572929382,0.4765130579471588,0.5609217882156372,0.874683678150177,1.153069019317627,2.959920883178711,2.9766669273376465,2.647968292236328,2.6217660903930664,2.245347499847412,2.153181791305542,1.7806025743484497,1.65592360496521,1.3128087520599365,1.2129825353622437,1.037026047706604,0.9880704879760742,1.032870888710022,1.2485114336013794,1.4869970083236694,3.2065396308898926,3.1595404148101807,2.826359272003174,2.833963394165039,2.4622275829315186,2.437986373901367,2.086273431777954,2.0308148860931396,1.7339649200439453,1.759267807006836,1.6208614110946655,1.5737683773040771,1.629186749458313,1.7123457193374634,1.9197158813476562
B13,3.411299228668213,3.174299955368042,2.864719867706299,2.6882970333099365,2.3486416339874268,2.145742177963257,1.8021076917648315,1.5551320314407349,1.2791451215744019,1.0878586769104004,0.8188495635986328,0.5859407186508179,0.5212622880935669,0.5699363946914673,0.7753832340240479,2.856022834777832,2.850914716720581,2.5833189487457275,2.5360522270202637,2.181353807449341,2.055687189102173,1.675493597984314,1.4932770729064941,1.1411347389221191,0.9727056622505188,0.6020601391792297,0.38594892621040344,0.0,0.4070965349674225,0.656812310218811,2.771204948425293,2.823146343231201,2.5327067375183105,2.5266592502593994,2.1662867069244385,2.091973066329956,1.707452416419983,1.5846060514450073,1.2159467935562134,1.113423228263855,0.7672304511070251,0.6761703491210938,0.4978138506412506,0.7290204763412476,0.8999254107475281,2.82977294921875,2.8941633701324463,2.5894038677215576,2.6175568103790283,2.2602083683013916,2.22957181930542,1.8580706119537354,1.8012373447418213,1.4592112302780151,1.4205209016799927,1.1730999946594238,1.1398117542266846,1.0468519926071167,1.2093725204467773,1.350932240486145,3.0727617740631104,3.0711655616760254,2.758190393447876,2.816056489944458,2.4624149799346924,2.4931862354278564,2.1439883708953857,2.147775888442993,1.8496874570846558,1.923698902130127,1.74428391456604,1.7413277626037598,1.7274996042251587,1.8368840217590332,1.9823577404022217
