,A1,A2,A3,A4,A5,A6,A7,A8,A9,A10,A11,A12,A13,A14,A15,B1,B2,B3,B4,B5,B6,B7,B8,B9,B10,B11,B12,B13,B14,B15,C1,C2,C3,C4,C5,C6,C7,C8,C9,C10,C11,C12,C13,C14,C15,D1,D2,D3,D4,D5,D6,D7,D8,D9,D10,D11,D12,D13,D14,D15,E1,E2,E3,E4,E5,E6,E7,E8,E9,E10,E11,E12,E13,E14,E15
A1,0.0,0.40129169821739197,0.6256773471832275,0.9624161720275879,1.1877481937408447,1.4942283630371094,1.7226619720458984,2.011331558227539,2.3464834690093994,2.5256614685058594,2.6303977966308594,3.009612798690796,2.9899442195892334,3.3261559009552,3.2114381790161133,2.005955696105957,2.005046844482422,1.9035406112670898,1.9320460557937622,1.974970817565918,2.086376667022705,2.265350580215454,2.3781676292419434,2.7033815383911133,2.6949462890625,2.9530038833618164,3.3245890140533447,3.3374266624450684,3.6763556003570557,3.6476337909698486,2.927495002746582,2.8787741661071777,2.7082223892211914,2.7035791873931885,2.656954050064087,2.701613426208496,2.8139991760253906,2.8565831184387207,3.1791675090789795,3.3213889598846436,3.3277552127838135,3.660367727279663,3.7047927379608154,4.030948162078857,4.063628196716309,3.6594080924987793,3.6277263164520264,3.411970853805542,3.395775556564331,3.299828290939331,3.3078432083129883,3.3763537406921387,3.3697590827941895,3.646273136138916,3.8313326835632324,3.778364896774292,4.086699962615967,4.161296844482422,4.4716410636901855,4.5610785484313965,4.574561595916748,4.593709945678711,4.314828395843506,4.346900939941406,4.151214599609375,4.175764083862305,4.148989200592041,4.058490753173828,4.172772407531738,4.426888465881348,4.325177192687988,4.586549282073975,4.822025775909424,4.8882222175598145,5.246148109436035
A2,0.40129169821739197,0.0,0.38562101125717163,0.6177546977996826,0.9007198810577393,1.2043986320495605,1.4503453969955444,1.762540340423584,2.088383197784424,2.302412986755371,2.4228835105895996,2.792463779449463,2.7833261489868164,3.11993670463562,3.0054895877838135,1.7141790390014648,1.6715989112854004,1.5419542789459229,1.541386365890503,1.5864008665084839,1.6967500448226929,1.8953418731689453,2.027160167694092,2.3652238845825195,2.382937431335449,2.6590349674224854,3.041611909866333,3.063542604446411,3.4135751724243164,3.3838884830474854,2.5937411785125732,2.5234389305114746,2.335696220397949,2.313464403152466,2.262845277786255,2.3032195568084717,2.42679500579834,2.4806478023529053,2.8153040409088135,2.96812105178833,2.9990599155426025,3.346505641937256,3.3981306552886963,3.737034797668457,3.7686429023742676,3.3069350719451904,3.26035475730896,3.0325920581817627,3.0042195320129395,2.903714179992676,2.907503843307495,2.982273817062378,2.9823436737060547,3.269010066986084,3.4611175060272217,3.4256179332733154,3.747429609298706,3.8276920318603516,4.15091609954834,4.239953517913818,4.205143928527832,4.213881492614746,3.9280197620391846,3.9524638652801514,3.7533109188079834,3.774688959121704,3.750277280807495,3.6620397567749023,3.7838315963745117,4.0432610511779785,3.953917980194092,4.225213527679443,4.4658427238464355,4.547335147857666,4.908798694610596
A3,0.6256773471832275,0.38562101125717163,0.0,0.3910902738571167,0.5633126497268677,0.8776870369911194,1.1028234958648682,1.4027010202407837,1.7330764532089233,1.936136245727539,2.0672736167907715,2.444612741470337,2.4569690227508545,2.8071157932281494,2.7230138778686523,1.749781608581543,1.727289080619812,1.5201997756958008,1.5123121738433838,1.463042974472046,1.5360908508300781,1.675795078277588,1.7663227319717407,2.082695722579956,2.076345682144165,2.345468521118164,2.7209043502807617,2.7579023838043213,3.1097123622894287,3.1071629524230957,2.5856244564056396,2.5347707271575928,2.3013298511505127,2.279097318649292,2.166769504547119,2.1843149662017822,2.2514638900756836,2.2689788341522217,2.573847770690918,2.7108652591705322,2.712285041809082,3.0446677207946777,3.1057238578796387,3.439758777618408,3.4941232204437256,3.2682130336761475,3.2390859127044678,2.98195219039917,2.9585418701171875,2.813771963119507,2.8057878017425537,2.8310511112213135,2.8033840656280518,3.0568370819091797,3.2320969104766846,3.1671807765960693,3.469203233718872,3.5537359714508057,3.864797830581665,3.9707770347595215,4.125660419464111,4.150399208068848,3.8511300086975098,3.886389970779419,3.6610867977142334,3.6858177185058594,3.622586488723755,3.530273675918579,3.6172468662261963,3.851148843765259,3.7322871685028076,3.9820618629455566,4.209182262420654,4.2696003913879395,4.624614238739014
A4,0.9624161720275879,0.6177546977996826,0.3910902738571167,0.0,0.3790126144886017,0.6096273064613342,0.893233060836792,1.1952934265136719,1.5210306644439697,1.7809398174285889,1.9501761198043823,2.3117926120758057,2.3546109199523926,2.706622838973999,2.6379401683807373,1.6419661045074463,1.5558615922927856,1.2984545230865479,1.2175066471099854,1.1386386156082153,1.165067195892334,1.333512544631958,1.4218000173568726,1.7642467021942139,1.8087337017059326,2.1107637882232666,2.497953414916992,2.5628316402435303,2.9301302433013916,2.939970016479492,2.380230188369751,2.2939136028289795,2.0291125774383545,1.9655866622924805,1.8309489488601685,1.8159700632095337,1.8923779726028442,1.9014419317245483,2.2229678630828857,2.3871445655822754,2.424375295639038,2.774932861328125,2.8597686290740967,3.211761236190796,3.2773983478546143,3.019653081893921,2.9647817611694336,2.684689521789551,2.6327624320983887,2.4699692726135254,2.4381401538848877,2.464815855026245,2.427182674407959,2.6915066242218018,2.885087013244629,2.844846725463867,3.1620938777923584,3.2664716243743896,3.594097375869751,3.711033821105957,3.8381824493408203,3.84417462348938,3.5301215648651123,3.5469415187835693,3.3084988594055176,3.3173727989196777,3.2489964962005615,3.146254301071167,3.2340290546417236,3.475621461868286,3.364234209060669,3.6242573261260986,3.8629703521728516,3.935025453567505,4.2971720695495605
A5,1.1877481937408447,0.9007198810577393,0.5633126497268677,0.3790126144886017,0.0,0.3824947476387024,0.54964280128479,0.8823760151863098,1.188627004623413,1.4184699058532715,1.5762184858322144,1.9434492588043213,1.9908623695373535,2.3501667976379395,2.3010916709899902,1.6639666557312012,1.6308904886245728,1.3241205215454102,1.2835153341293335,1.1034703254699707,1.122477650642395,1.179243803024292,1.2389506101608276,1.5312080383300781,1.5162231922149658,1.7941031455993652,2.1722540855407715,2.233757734298706,2.596841812133789,2.622349500656128,2.356407403945923,2.313133478164673,2.020291566848755,1.9874080419540405,1.7977322340011597,1.7881394624710083,1.7860925197601318,1.7744661569595337,2.0475099086761475,2.1678643226623535,2.15631103515625,2.4857733249664307,2.561126232147217,2.9011318683624268,2.9772799015045166,2.9668662548065186,2.9474146366119385,2.6528565883636475,2.6291921138763428,2.4319510459899902,2.412299633026123,2.380742311477661,2.3322479724884033,2.55115008354187,2.7065212726593018,2.6216065883636475,2.913526773452759,3.0038633346557617,3.31300687789917,3.434051036834717,3.7512130737304688,3.78662109375,3.4714131355285645,3.5154268741607666,3.262146234512329,3.2928895950317383,3.188778877258301,3.101144313812256,3.155789375305176,3.361408233642578,3.2232892513275146,3.4572417736053467,3.6701948642730713,3.7247517108917236,4.074077129364014
A6,1.4942283630371094,1.2043986320495605,0.8776870369911194,0.6096273064613342,0.3824947476387024,0.0,0.38718530535697937,0.5986878871917725,0.9438404440879822,1.2415691614151,1.4782326221466064,1.8328248262405396,1.949971318244934,2.320119619369507,2.3254404067993164,1.8951236009597778,1.817380428314209,1.4718226194381714,1.3522576093673706,1.1034681797027588,0.9919825196266174,1.0173848867416382,0.9682773947715759,1.2703701257705688,1.31075119972229,1.623957633972168,1.9979658126831055,2.121217727661133,2.497058153152466,2.5709917545318604,2.466684103012085,2.3946805000305176,2.0634374618530273,1.9782365560531616,1.7349402904510498,1.6489810943603516,1.6128515005111694,1.5268946886062622,1.784957766532898,1.939042329788208,1.9429916143417358,2.2716166973114014,2.3981118202209473,2.7498888969421387,2.869380235671997,3.005058526992798,2.963447093963623,2.6359522342681885,2.5749166011810303,2.3336198329925537,2.2622768878936768,2.197120189666748,2.093926429748535,2.2924604415893555,2.4662575721740723,2.387708902359009,2.672809362411499,2.803457260131836,3.1169090270996094,3.2753443717956543,3.712224245071411,3.7311556339263916,3.393569231033325,3.4141368865966797,3.129549503326416,3.1304516792297363,2.9926095008850098,2.8739702701568604,2.8952205181121826,3.092115879058838,2.929780960083008,3.153318166732788,3.375453233718872,3.4131040573120117,3.768395185470581
A7,1.7226619720458984,1.4503453969955444,1.1028234958648682,0.893233060836792,0.54964280128479,0.38718530535697937,0.0,0.39463943243026733,0.6408527493476868,0.8935460448265076,1.0993815660476685,1.4537031650543213,1.562819004058838,1.93384850025177,1.9492403268814087,1.8611689805984497,1.8386061191558838,1.474709153175354,1.4173005819320679,1.108820915222168,1.0386440753936768,0.9228459596633911,0.8770101070404053,1.0796420574188232,1.0181300640106201,1.2906852960586548,1.658026099205017,1.7610119581222534,2.130692720413208,2.2082924842834473,2.374814510345459,2.3532207012176514,2.0126187801361084,1.9760578870773315,1.6996742486953735,1.650243878364563,1.5338188409805298,1.4577934741973877,1.6502708196640015,1.7315024137496948,1.6736207008361816,1.9791027307510376,2.07704758644104,2.4139158725738525,2.5302133560180664,2.8824541568756104,2.8833563327789307,2.555774450302124,2.537440538406372,2.278710126876831,2.24236798286438,2.1245810985565186,2.036210060119629,2.184748411178589,2.301569938659668,2.1711325645446777,2.4301819801330566,2.5284156799316406,2.821660280227661,2.969792127609253,3.561060667037964,3.615250825881958,3.2873079776763916,3.3448193073272705,3.0592875480651855,3.0965640544891357,2.934711456298828,2.8505334854125977,2.8499081134796143,3.0066134929656982,2.829984426498413,3.0283203125,3.2151076793670654,3.2460577487945557,3.582972764968872
A8,2.011331558227539,1.762540340423584,1.4027010202407837,1.1952934265136719,0.8823760151863098,0.5986878871917725,0.39463943243026733,0.0,0.39675474166870117,0.701882004737854,1.0154362916946411,1.3501133918762207,1.550095558166504,1.9278308153152466,2.0194075107574463,2.230975389480591,2.192845344543457,1.8175143003463745,1.7204272747039795,1.3843553066253662,1.2223137617111206,1.057706356048584,0.860326886177063,0.9886888265609741,0.9453899264335632,1.2126814126968384,1.5405327081680298,1.7172528505325317,2.082289695739746,2.2271828651428223,2.6671690940856934,2.6351070404052734,2.273658514022827,2.2045915126800537,1.888511061668396,1.7739440202713013,1.606223464012146,1.4370437860488892,1.5637352466583252,1.6539249420166016,1.5736750364303589,1.8427168130874634,1.9967894554138184,2.3259072303771973,2.5004942417144775,3.1078040599823,3.10078501701355,2.751237154006958,2.7083852291107178,2.4101955890655518,2.327850103378296,2.161241292953491,2.007819890975952,2.101785659790039,2.216550350189209,2.0661978721618652,2.2874255180358887,2.425234317779541,2.701354742050171,2.8963558673858643,3.7017982006073,3.7504684925079346,3.4073283672332764,3.4498515129089355,3.1349844932556152,3.146967887878418,2.9414589405059814,2.827880620956421,2.774502992630005,2.901697874069214,2.681199550628662,2.8454482555389404,3.0266826152801514,3.017702102661133,3.3512070178985596
A9,2.3464834690093994,2.088383197784424,1.7330764532089233,1.5210306644439697,1.188627004623413,0.9438404440879822,0.6408527493476868,0.39675474166870117,0.0,0.38646721839904785,0.7237398624420166,1.0017623901367188,1.241003394126892,1.603810429573059,1.7336382865905762,2.294095754623413,2.2786998748779297,1.8975266218185425,1.8258734941482544,1.457535982131958,1.3074349164962769,1.0360267162322998,0.8251805305480957,0.7827437520027161,0.6329244375228882,0.8454682230949402,1.1504582166671753,1.346382737159729,1.7067043781280518,1.8795886039733887,2.6128315925598145,2.6109848022460938,2.2426421642303467,2.1984314918518066,1.8535646200180054,1.7530983686447144,1.5082308053970337,1.3345332145690918,1.3662714958190918,1.3793243169784546,1.2364282608032227,1.4724048376083374,1.6214582920074463,1.939902424812317,2.1303231716156006,2.980755090713501,3.00140118598938,2.6494550704956055,2.6321918964385986,2.31333589553833,2.2497498989105225,2.0271880626678467,1.8781483173370361,1.9075050354003906,1.9627405405044556,1.7631773948669434,1.9507412910461426,2.0693626403808594,2.3270606994628906,2.5250749588012695,3.503411293029785,3.576270341873169,3.2399308681488037,3.3073718547821045,2.9877843856811523,3.024979829788208,2.7908618450164795,2.7063541412353516,2.6244287490844727,2.7058253288269043,2.470994234085083,2.605745553970337,2.750958204269409,2.7363717555999756,3.051335334777832
A10,2.5256614685058594,2.302412986755371,1.936136245727539,1.7809398174285889,1.4184699058532715,1.2415691614151,0.8935460448265076,0.701882004737854,0.38646721839904785,0.0,0.38004183769226074,0.6686458587646484,0.9315891265869141,1.299290418624878,1.4723697900772095,2.437288999557495,2.4761204719543457,2.108396291732788,2.0931811332702637,1.7284389734268188,1.6328836679458618,1.3302333354949951,1.1663446426391602,1.038353443145752,0.7600395679473877,0.7942275404930115,1.0117132663726807,1.1669211387634277,1.488417148590088,1.6815356016159058,2.7485015392303467,2.7962865829467773,2.442875623703003,2.446718692779541,2.1062092781066895,2.048043727874756,1.7719680070877075,1.6257635354995728,1.5919996500015259,1.5152863264083862,1.2789517641067505,1.4295729398727417,1.525192141532898,1.7904953956604004,1.982506275177002,3.1018691062927246,3.166484832763672,2.8313567638397217,2.8566982746124268,2.5428600311279297,2.515195608139038,2.2658286094665527,2.1383025646209717,2.1179823875427246,2.1073269844055176,1.8474557399749756,1.972670555114746,2.040860414505005,2.246115207672119,2.430997133255005,3.60300350189209,3.7133853435516357,3.396714687347412,3.4998321533203125,3.190457582473755,3.2599105834960938,3.013840436935425,2.9601399898529053,2.8605165481567383,2.900055170059204,2.65195369720459,2.746802806854248,2.844325304031372,2.8072350025177,3.088115692138672
A11,2.6303977966308594,2.4228835105895996,2.0672736167907715,1.9501761198043823,1.5762184858322144,1.4782326221466064,1.0993815660476685,1.0154362916946411,0.7237398624420166,0.38004183769226074,0.0,0.3939021825790405,0.5712228417396545,0.9507049322128296,1.1177146434783936,2.389957904815674,2.4831154346466064,2.1390745639801025,2.187622547149658,1.8381004333496094,1.8148953914642334,1.493251919746399,1.410565972328186,1.2511894702911377,0.8937011361122131,0.7899456024169922,0.9435603022575378,0.9789139628410339,1.2594780921936035,1.4184870719909668,2.6847875118255615,2.784559965133667,2.456313133239746,2.5173661708831787,2.1961591243743896,2.2001683712005615,1.913395643234253,1.8298072814941406,1.775160551071167,1.6236083507537842,1.33486008644104,1.437780737876892,1.437143087387085,1.654493808746338,1.7997472286224365,3.034681797027588,3.1448304653167725,2.8368077278137207,2.9129505157470703,2.6208925247192383,2.6465659141540527,2.3936715126037598,2.317233085632324,2.2831289768218994,2.218228816986084,1.9246753454208374,2.023176670074463,2.018068313598633,2.1879329681396484,2.3236804008483887,3.5428555011749268,3.691028118133545,3.4016056060791016,3.5453977584838867,3.2606654167175293,3.3728721141815186,3.1376473903656006,3.12838077545166,3.041451930999756,3.0610132217407227,2.830317735671997,2.914471387863159,2.9756951332092285,2.9507274627685547,3.203946352005005
A12,3.009612798690796,2.792463779449463,2.444612741470337,2.3117926120758057,1.9434492588043213,1.8328248262405396,1.4537031650543213,1.3501133918762207,1.0017623901367188,0.6686458587646484,0.3939021825790405,0.0,0.3827107548713684,0.6726981997489929,0.9407284259796143,2.591176986694336,2.692880868911743,2.3582770824432373,2.4146080017089844,2.061490058898926,2.0379836559295654,1.6825499534606934,1.600240707397461,1.353244662284851,0.974600076675415,0.7213952541351318,0.7013425230979919,0.7014520168304443,0.9168850779533386,1.1308664083480835,2.76350736618042,2.885887861251831,2.565241575241089,2.641846179962158,2.313413381576538,2.3254165649414062,1.9988802671432495,1.9202258586883545,1.7866106033325195,1.5603530406951904,1.2137172222137451,1.2153913974761963,1.1675622463226318,1.3237063884735107,1.484543800354004,3.0243663787841797,3.1592211723327637,2.8601279258728027,2.9569573402404785,2.6580612659454346,2.698452949523926,2.408210039138794,2.3410146236419678,2.24573016166687,2.1162712574005127,1.7804893255233765,1.8134833574295044,1.7643883228302002,1.8833013772964478,2.0114784240722656,3.4379310607910156,3.609914541244507,3.3360002040863037,3.5017290115356445,3.2207834720611572,3.3538658618927,3.098074197769165,3.116866111755371,3.004971742630005,2.9763965606689453,2.740342855453491,2.78606915473938,2.800100564956665,2.767148494720459,2.9853014945983887
A13,2.9899442195892334,2.7833261489868164,2.4569690227508545,2.3546109199523926,1.9908623695373535,1.949971318244934,1.562819004058838,1.550095558166504,1.241003394126892,0.9315891265869141,0.5712228417396545,0.3827107548713684,0.0,0.3874189555644989,0.5778816938400269,2.4320030212402344,2.581699848175049,2.279850721359253,2.3949601650238037,2.071575403213501,2.119370460510254,1.7742193937301636,1.7730427980422974,1.554644227027893,1.1586341857910156,0.8954911828041077,0.8927457332611084,0.7118737697601318,0.8639388680458069,0.9551550149917603,2.608659029006958,2.776592254638672,2.489612340927124,2.6200406551361084,2.3260011672973633,2.4013078212738037,2.0938732624053955,2.0846590995788574,1.9795875549316406,1.7269904613494873,1.389500617980957,1.4031273126602173,1.2538938522338867,1.3726507425308228,1.432784914970398,2.890859365463257,3.064364194869995,2.799138307571411,2.9425430297851562,2.6795544624328613,2.773197650909424,2.506950616836548,2.497478723526001,2.427227020263672,2.2784435749053955,1.948037028312683,1.996337890625,1.8812448978424072,1.9890109300613403,2.0428950786590576,3.349199056625366,3.5510528087615967,3.306257486343384,3.5062854290008545,3.258375406265259,3.429389238357544,3.2041525840759277,3.261223077774048,3.184199571609497,3.164079427719116,2.962712526321411,3.025500774383545,3.0292160511016846,3.027681827545166,3.234628677368164
A14,3.3261559009552,3.11993670463562,2.8071157932281494,2.706622838973999,2.3501667976379395,2.320119619369507,1.93384850025177,1.9278308153152466,1.603810429573059,1.299290418624878,0.9507049322128296,0.6726981997489929,0.3874189555644989,0.0,0.38372036814689636,2.6098434925079346,2.781878709793091,2.5066487789154053,2.6457035541534424,2.3375954627990723,2.4066011905670166,2.052917003631592,2.074176073074341,1.8214893341064453,1.4312092065811157,1.1125928163528442,0.9964045286178589,0.7147487998008728,0.6800872683525085,0.7197327613830566,2.6886847019195557,2.891587018966675,2.63212251663208,2.7932374477386475,2.5146396160125732,2.6171929836273193,2.2974417209625244,2.315617799758911,2.170969247817993,1.8671557903289795,1.513542652130127,1.4502592086791992,1.2170023918151855,1.2311445474624634,1.2314201593399048,2.89906907081604,3.109058141708374,2.872575044631958,3.050415277481079,2.803081750869751,2.927793264389038,2.649153709411621,2.669178009033203,2.5653555393218994,2.36348032951355,2.014728307723999,2.012561082839966,1.8296757936477661,1.875105619430542,1.874054193496704,3.287280797958374,3.5226995944976807,3.3095014095306396,3.541351079940796,3.3156354427337646,3.5177247524261475,3.292750120162964,3.3870046138763428,3.3060498237609863,3.2519190311431885,3.064321279525757,3.102271318435669,3.062767744064331,3.06781005859375,3.2358813285827637
A15,3.2114381790161133,3.0054895877838135,2.7230138778686523,2.6379401683807373,2.3010916709899902,2.3254404067993164,1.9492403268814087,2.0194075107574463,1.7336382865905762,1.4723697900772095,1.1177146434783936,0.9407284259796143,0.5778816938400269,0.38372036814689636,0.0,2.3474321365356445,2.553593873977661,2.3147895336151123,2.4999513626098633,2.228888988494873,2.3583459854125977,2.028832197189331,2.1207640171051025,1.9101526737213135,1.5277823209762573,1.2489454746246338,1.213627815246582,0.8754727244377136,0.8661922812461853,0.7208144068717957,2.429569959640503,2.66585373878479,2.4414799213409424,2.6456384658813477,2.4068751335144043,2.563657522201538,2.276665449142456,2.3569693565368652,2.258453130722046,1.9606069326400757,1.6466397047042847,1.643241047859192,1.3708854913711548,1.4087551832199097,1.3092854022979736,2.6737024784088135,2.9091956615448,2.7052481174468994,2.918163776397705,2.71048903465271,2.8791794776916504,2.6376919746398926,2.709167718887329,2.648641347885132,2.4557149410247803,2.1369733810424805,2.183366537094116,1.9733272790908813,2.0484960079193115,1.987581491470337,3.131545305252075,3.382068634033203,3.192012071609497,3.4452788829803467,3.2519335746765137,3.4806113243103027,3.294356346130371,3.415184736251831,3.377490997314453,3.3504953384399414,3.201457977294922,3.274163246154785,3.2493300437927246,3.2932255268096924,3.4721696376800537
B1,2.005955696105957,1.7141790390014648,1.749781608581543,1.6419661045074463,1.6639666557312012,1.8951236009597778,1.8611689805984497,2.230975389480591,2.294095754623413,2.437288999557495,2.389957904815674,2.591176986694336,2.4320030212402344,2.6098434925079346,2.3474321365356445,0.0,0.3822988271713257,0.5749074816703796,0.9381962418556213,1.1306692361831665,1.5190832614898682,1.6118927001953125,1.9842472076416016,2.174130439758301,2.1291885375976562,2.2836554050445557,2.6124377250671387,2.476844072341919,2.746443510055542,2.5484566688537598,0.9787057042121887,1.0607036352157593,1.0447492599487305,1.2879787683486938,1.4076536893844604,1.7274991273880005,1.8501207828521729,2.1528615951538086,2.4300994873046875,2.4381582736968994,2.495741844177246,2.829383134841919,2.7282180786132812,3.01987361907959,2.885607957839966,1.7552549839019775,1.8077621459960938,1.7097188234329224,1.8628445863723755,1.9084140062332153,2.1362035274505615,2.2534756660461426,2.4744973182678223,2.753606081008911,2.8275809288024902,2.8138184547424316,3.152146100997925,3.0916385650634766,3.4068706035614014,3.3444221019744873,2.748908281326294,2.8230888843536377,2.6362152099609375,2.7730536460876465,2.6972012519836426,2.8706424236297607,2.935943365097046,3.0268044471740723,3.2383975982666016,3.464522361755371,3.4965524673461914,3.7899320125579834,3.9649791717529297,4.15813684463501,4.472769737243652
B2,2.005046844482422,1.6715989112854004,1.727289080619812,1.5558615922927856,1.6308904886245728,1.817380428314209,1.8386061191558838,2.192845344543457,2.2786998748779297,2.4761204719543457,2.4831154346466064,2.692880868911743,2.581699848175049,2.781878709793091,2.553593873977661,0.3822988271713257,0.0,0.3874499499797821,0.6551592946052551,0.9423130750656128,1.3085123300552368,1.4735959768295288,1.8465051651000977,2.0748534202575684,2.1003341674804688,2.3020098209381104,2.6478042602539062,2.5597622394561768,2.854245662689209,2.6867566108703613,0.9612308740615845,0.8963761925697327,0.8500369787216187,1.0093879699707031,1.1726667881011963,1.4700323343276978,1.6583648920059204,1.9638382196426392,2.2784390449523926,2.340711832046509,2.4538750648498535,2.8129565715789795,2.7552456855773926,3.073615074157715,2.966447114944458,1.7010583877563477,1.6716523170471191,1.5426713228225708,1.6276030540466309,1.6812248229980469,1.8758684396743774,2.0391757488250732,2.2552435398101807,2.570549488067627,2.688866376876831,2.7224533557891846,3.0855977535247803,3.0642175674438477,3.4047257900238037,3.36733341217041,2.6727702617645264,2.6955511569976807,2.4816484451293945,2.570172071456909,2.483663558959961,2.619908571243286,2.7032806873321533,2.769057273864746,3.0005149841308594,3.2565791606903076,3.3053066730499268,3.619762897491455,3.8225648403167725,4.026698589324951,4.356571674346924
B3,1.9035406112670898,1.5419542789459229,1.5201997756958008,1.2984545230865479,1.3241205215454102,1.4718226194381714,1.474709153175354,1.8175143003463745,1.8975266218185425,2.108396291732788,2.1390745639801025,2.3582770824432373,2.279850721359253,2.5066487789154053,2.3147895336151123,0.5749074816703796,0.3874499499797821,0.0,0.3795551657676697,0.5727304816246033,0.9539771676063538,1.0977036952972412,1.4672682285308838,1.7008646726608276,1.7300602197647095,1.9519312381744385,2.3114664554595947,2.2537100315093994,2.571247100830078,2.441775321960449,1.0877927541732788,1.0187733173370361,0.814527153968811,0.9138150811195374,0.9488427042961121,1.207972764968872,1.3539835214614868,1.6295274496078491,1.9442780017852783,2.0145349502563477,2.1185736656188965,2.485708713531494,2.4544668197631836,2.7890331745147705,2.7186696529388428,1.7663158178329468,1.7363669872283936,1.5258125066757202,1.5795010328292847,1.5422290563583374,1.694476842880249,1.8050569295883179,1.9789657592773438,2.280733108520508,2.404240608215332,2.418444871902466,2.7797200679779053,2.780728340148926,3.1259493827819824,3.121635675430298,2.675570249557495,2.702277183532715,2.4472501277923584,2.5279483795166016,2.385261297225952,2.503049612045288,2.5326907634735107,2.5716512203216553,2.765688180923462,3.0098366737365723,3.0233068466186523,3.3266024589538574,3.5309813022613525,3.714063882827759,4.049475193023682
B4,1.9320460557937622,1.541386365890503,1.5123121738433838,1.2175066471099854,1.2835153341293335,1.3522576093673706,1.4173005819320679,1.7204272747039795,1.8258734941482544,2.0931811332702637,2.187622547149658,2.4146080017089844,2.3949601650238037,2.6457035541534424,2.4999513626098633,0.9381962418556213,0.6551592946052551,0.3795551657676697,0.0,0.3818710148334503,0.6790983080863953,0.9270461201667786,1.2701261043548584,1.5523825883865356,1.6656074523925781,1.9395471811294556,2.3104512691497803,2.31355619430542,2.6539344787597656,2.569479465484619,1.2857325077056885,1.1133732795715332,0.8459185361862183,0.774341344833374,0.7698531150817871,0.9361442923545837,1.1475478410720825,1.3929882049560547,1.7506736516952515,1.8900082111358643,2.0469446182250977,2.434195041656494,2.4596776962280273,2.818258285522461,2.789700984954834,1.8668514490127563,1.7663569450378418,1.505583643913269,1.4649648666381836,1.388627052307129,1.4637014865875244,1.599206566810608,1.7348012924194336,2.0692193508148193,2.246215343475342,2.3024251461029053,2.6816446781158447,2.7336161136627197,3.099155902862549,3.133237361907959,2.7026724815368652,2.6823575496673584,2.3909897804260254,2.4163427352905273,2.2393383979797363,2.302729368209839,2.3249363899230957,2.3179774284362793,2.513059139251709,2.783963918685913,2.797083854675293,3.115623712539673,3.349764585494995,3.531895399093628,3.883862257003784
B5,1.974970817565918,1.5864008665084839,1.463042974472046,1.1386386156082153,1.1034703254699707,1.1034681797027588,1.108820915222168,1.3843553066253662,1.457535982131958,1.7284389734268188,1.8381004333496094,2.061490058898926,2.071575403213501,2.3375954627990723,2.228888988494873,1.1306692361831665,0.9423130750656128,0.5727304816246033,0.3818710148334503,0.0,0.39043092727661133,0.5572824478149414,0.9109002947807312,1.1831951141357422,1.288408637046814,1.574973464012146,1.9527349472045898,1.9813309907913208,2.3359873294830322,2.2873613834381104,1.42852783203125,1.3068405389785767,0.9661433100700378,0.8922896981239319,0.7090404629707336,0.8064042925834656,0.9035519957542419,1.1039931774139404,1.4426220655441284,1.5707144737243652,1.7028331756591797,2.0908591747283936,2.135084629058838,2.501641035079956,2.5056114196777344,1.9438166618347168,1.8740202188491821,1.5643435716629028,1.5272969007492065,1.3578399419784546,1.3991823196411133,1.4413598775863647,1.5270107984542847,1.8229082822799683,1.9846961498260498,2.002920627593994,2.3706984519958496,2.434608221054077,2.7962300777435303,2.8571133613586426,2.7070369720458984,2.7091293334960938,2.394742727279663,2.432708501815796,2.208956003189087,2.2711055278778076,2.2276110649108887,2.2071340084075928,2.3491039276123047,2.588954448699951,2.5584261417388916,2.854907989501953,3.0777952671051025,3.2356576919555664,3.586381673812866
B6,2.086376667022705,1.6967500448226929,1.5360908508300781,1.165067195892334,1.122477650642395,0.9919825196266174,1.0386440753936768,1.2223137617111206,1.3074349164962769,1.6328836679458618,1.8148953914642334,2.0379836559295654,2.119370460510254,2.4066011905670166,2.3583459854125977,1.5190832614898682,1.3085123300552368,0.9539771676063538,0.6790983080863953,0.39043092727661133,0.0,0.38332080841064453,0.6232144832611084,0.9583811163902283,1.1657112836837769,1.5036500692367554,1.8796367645263672,1.9834802150726318,2.354240894317627,2.3662891387939453,1.7444509267807007,1.5850485563278198,1.2205872535705566,1.0448845624923706,0.777463972568512,0.6702671051025391,0.7442800402641296,0.8238969445228577,1.1977965831756592,1.4047269821166992,1.5750925540924072,1.9704893827438354,2.0844576358795166,2.46742844581604,2.528480291366577,2.1645283699035645,2.058112621307373,1.7095060348510742,1.5995043516159058,1.3617780208587646,1.2950581312179565,1.3003315925598145,1.2922563552856445,1.5915579795837402,1.8038407564163208,1.8441988229751587,2.2140021324157715,2.3381099700927734,2.709242582321167,2.821443557739258,2.823028802871704,2.7957100868225098,2.4489920139312744,2.442260265350342,2.1707024574279785,2.175398111343384,2.0878183841705322,2.007519245147705,2.1127395629882812,2.359668731689453,2.2998058795928955,2.595881938934326,2.843109369277954,2.982250452041626,3.347849130630493
B7,2.265350580215454,1.8953418731689453,1.675795078277588,1.333512544631958,1.179243803024292,1.0173848867416382,0.9228459596633911,1.057706356048584,1.0360267162322998,1.3302333354949951,1.493251919746399,1.6825499534606934,1.7742193937301636,2.052917003631592,2.028832197189331,1.6118927001953125,1.4735959768295288,1.0977036952972412,0.9270461201667786,0.5572824478149414,0.38332080841064453,0.0,0.3900878131389618,0.6276172399520874,0.7922282814979553,1.1219596862792969,1.4969351291656494,1.604906439781189,1.9777816534042358,2.0085079669952393,1.7652003765106201,1.6707878112792969,1.2865149974822998,1.1772520542144775,0.8359842896461487,0.7568902969360352,0.6216177940368652,0.6681499481201172,0.9565777778625488,1.0934126377105713,1.215073585510254,1.6066291332244873,1.7134524583816528,2.095684289932251,2.1695494651794434,2.1286869049072266,2.073596239089966,1.712233304977417,1.651115894317627,1.3652693033218384,1.325698971748352,1.2210948467254639,1.1990097761154175,1.4191313982009888,1.56944739818573,1.5464701652526855,1.897413969039917,2.004547119140625,2.364671230316162,2.4822676181793213,2.728780508041382,2.741593837738037,2.395998001098633,2.4293153285980225,2.1400845050811768,2.179779052734375,2.0394914150238037,1.9873625040054321,2.042191505432129,2.233628511428833,2.1386797428131104,2.401904821395874,2.614767074584961,2.738476037979126,3.0902154445648193
B8,2.3781676292419434,2.027160167694092,1.7663227319717407,1.4218000173568726,1.2389506101608276,0.9682773947715759,0.8770101070404053,0.860326886177063,0.8251805305480957,1.1663446426391602,1.410565972328186,1.600240707397461,1.7730427980422974,2.074176073074341,2.1207640171051025,1.9842472076416016,1.8465051651000977,1.4672682285308838,1.2701261043548584,0.9109002947807312,0.6232144832611084,0.3900878131389618,0.0,0.39859190583229065,0.6780464053153992,1.0495896339416504,1.4052313566207886,1.5995558500289917,1.978590965270996,2.082547426223755,2.1451451778411865,2.043361186981201,1.6553562879562378,1.510191798210144,1.152000904083252,0.9631824493408203,0.7701046466827393,0.5895180702209473,0.8185012340545654,1.0139729976654053,1.122740387916565,1.4946675300598145,1.6790781021118164,2.062915563583374,2.2060537338256836,2.4586539268493652,2.3936927318573,2.01690411567688,1.920338749885559,1.594373345375061,1.4764232635498047,1.3109941482543945,1.1686745882034302,1.3288323879241943,1.5023154020309448,1.4607148170471191,1.7816287279129028,1.9497177600860596,2.299523115158081,2.476984739303589,2.971179246902466,2.9737181663513184,2.611132860183716,2.6185970306396484,2.2928578853607178,2.288513660430908,2.0932681560516357,1.9865407943725586,1.973341941833496,2.1416561603546143,1.9866852760314941,2.2220051288604736,2.444211006164551,2.5241012573242188,2.88481068611145
B9,2.7033815383911133,2.3652238845825195,2.082695722579956,1.7642467021942139,1.5312080383300781,1.2703701257705688,1.0796420574188232,0.9886888265609741,0.7827437520027161,1.038353443145752,1.2511894702911377,1.353244662284851,1.554644227027893,1.8214893341064453,1.9101526737213135,2.174130439758301,2.0748534202575684,1.7008646726608276,1.5523825883865356,1.1831951141357422,0.9583811163902283,0.6276172399520874,0.39859190583229065,0.0,0.39623236656188965,0.7288594841957092,1.044220209121704,1.2767831087112427,1.6439138650894165,1.785109519958496,2.222369909286499,2.161935806274414,1.7747242450714111,1.667599081993103,1.285582423210144,1.1232482194900513,0.8070441484451294,0.5958748459815979,0.5986784100532532,0.684734046459198,0.7372481822967529,1.098918080329895,1.3046876192092896,1.6860601902008057,1.858331561088562,2.443481922149658,2.414081335067749,2.0360584259033203,1.9719765186309814,1.6174852848052979,1.519263505935669,1.2599310874938965,1.1047768592834473,1.1449555158615112,1.2350043058395386,1.1211456060409546,1.4119398593902588,1.5763360261917114,1.9146310091018677,2.1087474822998047,2.8554844856262207,2.8874526023864746,2.530694007873535,2.567213535308838,2.2297441959381104,2.2526543140411377,2.008556604385376,1.9330915212631226,1.8656865358352661,1.965290904045105,1.7772070169448853,1.9701377153396606,2.1507198810577393,2.217935085296631,2.5613596439361572
B10,2.6949462890625,2.382937431335449,2.076345682144165,1.8087337017059326,1.5162231922149658,1.31075119972229,1.0181300640106201,0.9453899264335632,0.6329244375228882,0.7600395679473877,0.8937011361122131,0.974600076675415,1.1586341857910156,1.4312092065811157,1.5277823209762573,2.1291885375976562,2.1003341674804688,1.7300602197647095,1.6656074523925781,1.288408637046814,1.1657112836837769,0.7922282814979553,0.6780464053153992,0.39623236656188965,0.0,0.37481918931007385,0.7467483878135681,0.9379384517669678,1.3185032606124878,1.4606074094772339,2.2150933742523193,2.2229135036468506,1.8517686128616333,1.8243536949157715,1.4576303958892822,1.3895436525344849,1.0620107650756836,0.9518051147460938,0.8955985307693481,0.8022434711456299,0.6590427160263062,0.9703487753868103,1.096893548965454,1.4602688550949097,1.6192654371261597,2.4625027179718018,2.4943935871124268,2.1403517723083496,2.1455612182617188,1.8129832744598389,1.787170171737671,1.5179369449615479,1.4238393306732178,1.4177817106246948,1.4105440378189087,1.1988515853881836,1.4277255535125732,1.5116780996322632,1.809191107749939,1.97544527053833,2.9009108543395996,2.984485149383545,2.6546924114227295,2.7450926303863525,2.4312338829040527,2.5066745281219482,2.26615309715271,2.2393627166748047,2.1690492630004883,2.226818323135376,2.031736373901367,2.1833996772766113,2.3081090450286865,2.356309413909912,2.665769100189209
B11,2.9530038833618164,2.6590349674224854,2.345468521118164,2.1107637882232666,1.7941031455993652,1.623957633972168,1.2906852960586548,1.2126814126968384,0.8454682230949402,0.7942275404930115,0.7899456024169922,0.7213952541351318,0.8954911828041077,1.1125928163528442,1.2489454746246338,2.2836554050445557,2.3020098209381104,1.9519312381744385,1.9395471811294556,1.574973464012146,1.5036500692367554,1.1219596862792969,1.0495896339416504,0.7288594841957092,0.37481918931007385,0.0,0.3956802487373352,0.5722047686576843,0.9488705396652222,1.1233336925506592,2.30534029006958,2.3652658462524414,2.0164263248443604,2.0397913455963135,1.6858978271484375,1.6643022298812866,1.310958981513977,1.238102674484253,1.0879982709884644,0.857336699962616,0.556979775428772,0.7465196847915649,0.7947160601615906,1.1283516883850098,1.2937203645706177,2.4958336353302,2.5764570236206055,2.2450132369995117,2.2984817028045654,1.9747812747955322,1.9912309646606445,1.6893250942230225,1.6261332035064697,1.5467443466186523,1.4421476125717163,1.149409532546997,1.2959555387496948,1.3060302734375,1.5543277263641357,1.7029685974121094,2.8714382648468018,2.9973442554473877,2.6930010318756104,2.824761152267456,2.525418996810913,2.6398825645446777,2.3845129013061523,2.400576591491699,2.307992935180664,2.3087244033813477,2.1061315536499023,2.2098231315612793,2.273832082748413,2.3092410564422607,2.5786192417144775
B12,3.3245890140533447,3.041611909866333,2.7209043502807617,2.497953414916992,2.1722540855407715,1.9979658126831055,1.658026099205017,1.5405327081680298,1.1504582166671753,1.0117132663726807,0.9435603022575378,0.7013425230979919,0.8927457332611084,0.9964045286178589,1.213627815246582,2.6124377250671387,2.6478042602539062,2.3114664554595947,2.3104512691497803,1.9527349472045898,1.8796367645263672,1.4969351291656494,1.4052313566207886,1.044220209121704,0.7467483878135681,0.3956802487373352,0.0,0.38402801752090454,0.6682835817337036,0.9465620517730713,2.55438494682312,2.6379058361053467,2.305026054382324,2.3418002128601074,1.9920237064361572,1.9702621698379517,1.5957547426223755,1.510642409324646,1.2697724103927612,0.9631233811378479,0.579750657081604,0.5205797553062439,0.5248627066612244,0.7923486232757568,1.027518630027771,2.657623052597046,2.763719320297241,2.4473676681518555,2.5182323455810547,2.192084312438965,2.214118003845215,1.8755879402160645,1.8070670366287231,1.642700433731079,1.456070065498352,1.0983370542526245,1.1200534105300903,1.0796103477478027,1.2532529830932617,1.4201087951660156,2.9172046184539795,3.068418502807617,2.7829341888427734,2.9342894554138184,2.6379711627960205,2.7669522762298584,2.482935667037964,2.520685911178589,2.3860955238342285,2.320587158203125,2.0974113941192627,2.137509822845459,2.137641668319702,2.1451516151428223,2.369142770767212
B13,3.3374266624450684,3.063542604446411,2.7579023838043213,2.5628316402435303,2.233757734298706,2.121217727661133,1.7610119581222534,1.7172528505325317,1.346382737159729,1.1669211387634277,0.9789139628410339,0.7014520168304443,0.7118737697601318,0.7147487998008728,0.8754727244377136,2.476844072341919,2.5597622394561768,2.2537100315093994,2.31355619430542,1.9813309907913208,1.9834802150726318,1.604906439781189,1.5995558500289917,1.2767831087112427,0.9379384517669678,0.5722047686576843,0.38402801752090454,0.0,0.3854890465736389,0.5825760960578918,2.3982808589935303,2.5345664024353027,2.2352054119110107,2.3340885639190674,2.018364191055298,2.070430278778076,1.7137428522109985,1.7115912437438965,1.510064721107483,1.1746915578842163,0.8182363510131836,0.7687781453132629,0.5490882396697998,0.7298857569694519,0.8261024355888367,2.5064940452575684,2.6616973876953125,2.381591796875,2.5104334354400635,2.222804069519043,2.3103723526000977,1.9966962337493896,1.9996888637542725,1.8642551898956299,1.6495914459228516,1.3008532524108887,1.328622817993164,1.1779168844223022,1.3150314092636108,1.3741542100906372,2.8000311851501465,2.9923229217529297,2.7412900924682617,2.9381651878356934,2.6801867485046387,2.857759952545166,2.607394218444824,2.693678855895996,2.5979185104370117,2.537188768386841,2.3557896614074707,2.4084842205047607,2.3879318237304688,2.4262161254882812,2.625621795654297
