,A1,A2,A3,A4,A5,A6,A7,A8,A9,A10,A11,A12,A13,A14,A15,B1,B2,B3,B4,B5,B6,B7,B8,B9,B10,B11,B12,B13,B14,B15,C1,C2,C3,C4,C5,C6,C7,C8,C9,C10,C11,C12,C13,C14,C15,D1,D2,D3,D4,D5,D6,D7,D8,D9,D10,D11,D12,D13,D14,D15,E1,E2,E3,E4,E5,E6,E7,E8,E9,E10,E11,E12,E13,E14,E15
A1,0.0,0.3849771022796631,0.585242509841919,0.9098182916641235,1.1361799240112305,1.4528976678848267,1.7611052989959717,2.060443162918091,2.328342914581299,2.5854218006134033,2.871002674102783,3.1291003227233887,3.436408042907715,3.7129757404327393,3.957528591156006,2.4320127964019775,2.2793960571289062,1.9725192785263062,2.0115835666656494,2.130448818206787,2.250443696975708,2.593893527984619,2.780463933944702,3.1348233222961426,3.312330484390259,3.6551146507263184,3.8369407653808594,4.16275691986084,4.407317161560059,4.560921669006348,3.3704214096069336,3.121947765350342,2.863986015319824,2.646000385284424,2.521092653274536,2.6811535358428955,2.92922306060791,3.2434701919555664,3.401470899581909,3.6849007606506348,3.9328246116638184,4.253701686859131,4.489227771759033,4.853704452514648,5.073745250701904,4.504376411437988,4.118413925170898,4.10049295425415,3.8101720809936523,3.7352311611175537,3.417719602584839,3.4151430130004883,3.7504618167877197,3.944044351577759,4.237356185913086,4.344155311584473,4.673709392547607,4.926872730255127,5.206112384796143,5.527446269989014,5.42263650894165,5.064492225646973,5.024193286895752,4.672848701477051,4.56159782409668,4.234536170959473,3.8820688724517822,3.6906275749206543,3.332646369934082,3.3098649978637695,2.988368511199951,3.0320918560028076,2.9914891719818115,2.9704673290252686,3.3104324340820312
A2,0.3849771022796631,0.0,0.3915451765060425,0.6137082576751709,0.8907283544540405,1.2031077146530151,1.462327241897583,1.7957210540771484,2.04531192779541,2.2805938720703125,2.5749411582946777,2.8102686405181885,3.1320877075195312,3.390315532684326,3.641361713409424,2.059109926223755,1.9027788639068604,1.5896275043487549,1.6375155448913574,1.7789764404296875,1.9225362539291382,2.276482105255127,2.454129695892334,2.816964626312256,2.9762303829193115,3.328263282775879,3.4930427074432373,3.8269197940826416,4.058699607849121,4.211010932922363,2.9873130321502686,2.741403102874756,2.479870319366455,2.2675821781158447,2.157827377319336,2.333757162094116,2.5997374057769775,2.90555477142334,3.085482358932495,3.357058525085449,3.6221048831939697,3.9308905601501465,4.178313732147217,4.53434944152832,4.756899833679199,4.155816555023193,3.7708325386047363,3.7689690589904785,3.489891767501831,3.4259891510009766,3.124324321746826,3.1413462162017822,3.47505259513855,3.6550509929656982,3.9341938495635986,4.021178722381592,4.353060245513916,4.596839427947998,4.869916915893555,5.199184894561768,5.1357645988464355,4.778312683105469,4.759420394897461,4.413017749786377,4.310618877410889,3.9987218379974365,3.6439969539642334,3.4797606468200684,3.116950750350952,3.1336166858673096,2.8214950561523438,2.9135313034057617,2.8931310176849365,2.921912908554077,3.2739005088806152
A3,0.585242509841919,0.3915451765060425,0.0,0.3981989324092865,0.5511914491653442,0.885996401309967,1.1927785873413086,1.4857348203659058,1.7723978757858276,2.017263889312744,2.314720630645752,2.5713672637939453,2.878571033477783,3.161766767501831,3.39074969291687,1.9548488855361938,1.801652431488037,1.548183560371399,1.657791256904602,1.806227684020996,1.9041697978973389,2.2794172763824463,2.400130033493042,2.773871421813965,2.9075400829315186,3.2569801807403564,3.413858652114868,3.73229718208313,3.9769694805145264,4.098162651062012,2.927482843399048,2.7020797729492188,2.4669711589813232,2.301614761352539,2.224186658859253,2.37943434715271,2.680870771408081,2.9476325511932373,3.126016139984131,3.364628314971924,3.624878406524658,3.917938470840454,4.1484375,4.504412651062012,4.700910568237305,4.227232456207275,3.851976156234741,3.885486602783203,3.6064281463623047,3.5826430320739746,3.2914280891418457,3.2990267276763916,3.612542152404785,3.7591469287872314,4.030550956726074,4.103111267089844,4.418141841888428,4.667126178741455,4.916135787963867,5.2505621910095215,5.331653594970703,4.981551170349121,4.985063552856445,4.638058662414551,4.5584211349487305,4.256133079528809,3.9079999923706055,3.75993275642395,3.389979600906372,3.42682147026062,3.1091232299804688,3.223268508911133,3.184407949447632,3.2334487438201904,3.5768141746520996
A4,0.9098182916641235,0.6137082576751709,0.3981989324092865,0.0,0.395029753446579,0.6067455410957336,0.8648845553398132,1.1939698457717896,1.4337847232818604,1.6836028099060059,1.9685914516448975,2.2202765941619873,2.530653953552246,2.8031668663024902,3.0519604682922363,1.669062614440918,1.4660136699676514,1.2209506034851074,1.3171130418777466,1.447632908821106,1.5242513418197632,1.9053056240081787,2.008046865463257,2.3842620849609375,2.51161527633667,2.8607337474823,3.0174436569213867,3.3342998027801514,3.581371784210205,3.704155683517456,2.5837295055389404,2.3453986644744873,2.1359708309173584,1.9742131233215332,1.8916600942611694,2.022441864013672,2.337324380874634,2.583137035369873,2.760465383529663,2.984959840774536,3.245471239089966,3.5316202640533447,3.760067939758301,4.114017009735107,4.306652545928955,3.8772311210632324,3.508493423461914,3.558647394180298,3.2775566577911377,3.2818443775177,2.9992032051086426,3.0021471977233887,3.3001370429992676,3.4242641925811768,3.687863826751709,3.7519798278808594,4.0578203201293945,4.309289455413818,4.547661781311035,4.882843494415283,5.0543718338012695,4.7127580642700195,4.73483419418335,4.387811660766602,4.332981586456299,4.041714668273926,3.704232692718506,3.5763347148895264,3.201181411743164,3.267977714538574,2.9523799419403076,3.1077663898468018,3.064727544784546,3.161442518234253,3.50087571144104
A5,1.1361799240112305,0.8907283544540405,0.5511914491653442,0.395029753446579,0.0,0.39294302463531494,0.6852571368217468,0.9517101049423218,1.2692382335662842,1.494799256324768,1.80557382106781,2.061518430709839,2.3643722534179688,2.6572506427764893,2.865054130554199,1.590861439704895,1.4412962198257446,1.28718101978302,1.4799398183822632,1.6478954553604126,1.7062077522277832,2.0960566997528076,2.1314163208007812,2.5143959522247314,2.593626022338867,2.9419920444488525,3.068723678588867,3.3724863529205322,3.6163408756256104,3.6985085010528564,2.5766406059265137,2.384235143661499,2.1875431537628174,2.0930838584899902,2.0732486248016357,2.211198568344116,2.557966709136963,2.7624857425689697,2.95530104637146,3.138658046722412,3.4049148559570312,3.6630897521972656,3.8828442096710205,4.225980758666992,4.393752098083496,4.037576675415039,3.680305242538452,3.766674280166626,3.503512144088745,3.533351421356201,3.2745471000671387,3.289402961730957,3.572429656982422,3.668132781982422,3.9129269123077393,3.9503562450408936,4.244318008422852,4.4870076179504395,4.701190948486328,5.045123100280762,5.315423965454102,4.977626800537109,5.0222954750061035,4.683297157287598,4.635527610778809,4.3599853515625,4.02279806137085,3.915536403656006,3.5428175926208496,3.629509925842285,3.3217525482177734,3.490619659423828,3.4516515731811523,3.5550990104675293,3.8939104080200195
A6,1.4528976678848267,1.2031077146530151,0.885996401309967,0.6067455410957336,0.39294302463531494,0.0,0.3899727463722229,0.6105418801307678,0.9012954831123352,1.168663501739502,1.448712706565857,1.7333199977874756,2.0156917572021484,2.323183536529541,2.5416204929351807,1.5207290649414062,1.3158907890319824,1.230920433998108,1.4081727266311646,1.5250059366226196,1.5091700553894043,1.8874765634536743,1.8711283206939697,2.24493408203125,2.312786102294922,2.645467519760132,2.7787272930145264,3.0621049404144287,3.3232388496398926,3.3920669555664062,2.4114887714385986,2.2145323753356934,2.0753540992736816,2.0053904056549072,1.9817792177200317,2.0622823238372803,2.4163830280303955,2.577420234680176,2.7481417655944824,2.9023303985595703,3.1501872539520264,3.3969063758850098,3.5949528217315674,3.9384026527404785,4.085564613342285,3.87062931060791,3.5292913913726807,3.638637065887451,3.3686904907226562,3.4408795833587646,3.1895623207092285,3.1823294162750244,3.435504913330078,3.4973769187927246,3.735616683959961,3.76936936378479,4.039768218994141,4.292204856872559,4.485000133514404,4.824232578277588,5.2371134757995605,4.913875102996826,4.975329399108887,4.634799003601074,4.6197075843811035,4.3526692390441895,4.033736705780029,3.9393563270568848,3.5637335777282715,3.6672022342681885,3.3568203449249268,3.550570487976074,3.490570545196533,3.626340389251709,3.9501047134399414
A7,1.7611052989959717,1.462327241897583,1.1927785873413086,0.8648845553398132,0.6852571368217468,0.3899727463722229,0.0,0.391929030418396,0.6203851103782654,0.8251985907554626,1.1360273361206055,1.3814080953598022,1.6911673545837402,1.9751056432724,2.1987781524658203,1.1975823640823364,0.9848120808601379,0.9883963465690613,1.2097309827804565,1.346352458000183,1.3326290845870972,1.7020301818847656,1.631269097328186,2.0069515705108643,2.0250179767608643,2.3643105030059814,2.4620168209075928,2.7490012645721436,2.992021322250366,3.0463709831237793,2.0479063987731934,1.871696949005127,1.755351185798645,1.7334957122802734,1.7573952674865723,1.8394970893859863,2.215409755706787,2.3350768089294434,2.5309693813323975,2.6477036476135254,2.9130265712738037,3.1305489540100098,3.3375449180603027,3.6637938022613525,3.805608034133911,3.5864357948303223,3.257143974304199,3.3973467350006104,3.1505627632141113,3.247462034225464,3.02954363822937,3.0443246364593506,3.279799461364746,3.3129241466522217,3.523515224456787,3.5255961418151855,3.788879156112671,4.025793075561523,4.201184272766113,4.548582077026367,5.036980628967285,4.721370697021484,4.810339450836182,4.482463359832764,4.481296539306641,4.239287376403809,3.928312063217163,3.868579864501953,3.5010273456573486,3.643266439437866,3.354525566101074,3.5871620178222656,3.5465543270111084,3.7205605506896973,4.0447869300842285
A8,2.060443162918091,1.7957210540771484,1.4857348203659058,1.1939698457717896,0.9517101049423218,0.6105418801307678,0.391929030418396,0.0,0.3947271406650543,0.6119322180747986,0.8930432200431824,1.1837661266326904,1.444075107574463,1.7700209617614746,1.9565516710281372,1.3833619356155396,1.2026008367538452,1.3034230470657349,1.527980089187622,1.631840467453003,1.555659294128418,1.8900660276412964,1.7491767406463623,2.0961899757385254,2.078253984451294,2.3857710361480713,2.470651388168335,2.718388080596924,2.9737203121185303,2.984220266342163,2.1498405933380127,2.0116281509399414,1.9540736675262451,1.9862849712371826,2.032028913497925,2.0722298622131348,2.4466841220855713,2.5139963626861572,2.688042640686035,2.759293556213379,3.0004045963287354,3.1905412673950195,3.3654401302337646,3.682620048522949,3.786916494369507,3.7424023151397705,3.436628818511963,3.605832815170288,3.3642771244049072,3.4974961280822754,3.293560028076172,3.2929372787475586,3.498793363571167,3.497676372528076,3.6951818466186523,3.686143159866333,3.920301914215088,4.15944242477417,4.303545951843262,4.646508693695068,5.279298782348633,4.977077960968018,5.0821051597595215,4.757409572601318,4.777987957000732,4.5452375411987305,4.247103214263916,4.196203231811523,3.8299190998077393,3.9779675006866455,3.687492609024048,3.9253385066986084,3.867802381515503,4.048707962036133,4.361339569091797
A9,2.328342914581299,2.04531192779541,1.7723978757858276,1.4337847232818604,1.2692382335662842,0.9012954831123352,0.6203851103782654,0.3947271406650543,0.0,0.372687965631485,0.5514472126960754,0.8742900490760803,1.1222466230392456,1.4440330266952515,1.6760467290878296,1.388964295387268,1.1524243354797363,1.3074053525924683,1.473517894744873,1.5136100053787231,1.3733876943588257,1.6579160690307617,1.458704948425293,1.7775001525878906,1.738692045211792,2.0255706310272217,2.1125147342681885,2.342776298522949,2.610011339187622,2.6180830001831055,1.9499876499176025,1.8009387254714966,1.813520073890686,1.8615150451660156,1.897496223449707,1.8762837648391724,2.238298177719116,2.2558364868164062,2.4076216220855713,2.445079803466797,2.668942928314209,2.8428330421447754,3.001824140548706,3.3147037029266357,3.4063186645507812,3.4683072566986084,3.182145833969116,3.368579149246216,3.127572536468506,3.297142744064331,3.1089611053466797,3.0936176776885986,3.2664527893066406,3.2326109409332275,3.4163947105407715,3.4009616374969482,3.611941337585449,3.855276346206665,3.9809162616729736,4.31743049621582,5.062419414520264,4.776539325714111,4.896405220031738,4.57564640045166,4.6253886222839355,4.406044960021973,4.1296067237854,4.095244884490967,3.735396385192871,3.9011731147766113,3.6199450492858887,3.881364345550537,3.8153507709503174,4.028247833251953,4.325303554534912
A10,2.5854218006134033,2.2805938720703125,2.017263889312744,1.6836028099060059,1.494799256324768,1.168663501739502,0.8251985907554626,0.6119322180747986,0.372687965631485,0.0,0.37808650732040405,0.5781133770942688,0.8807650804519653,1.1727246046066284,1.375840663909912,1.2275519371032715,1.0618892908096313,1.3183786869049072,1.5315940380096436,1.6107680797576904,1.5076022148132324,1.7637593746185303,1.518066167831421,1.8169972896575928,1.7008551359176636,1.9837753772735596,2.002737283706665,2.228935480117798,2.4582841396331787,2.428722858428955,1.720412015914917,1.6358907222747803,1.6729168891906738,1.7967621088027954,1.9034022092819214,1.9064067602157593,2.2783255577087402,2.2529425621032715,2.4389729499816895,2.428614616394043,2.6732442378997803,2.801523208618164,2.9708027839660645,3.2524571418762207,3.332538366317749,3.3701229095458984,3.1019608974456787,3.3229870796203613,3.120116949081421,3.303940534591675,3.157066822052002,3.1749088764190674,3.334195852279663,3.2765231132507324,3.4243314266204834,3.367631196975708,3.571171522140503,3.786940097808838,3.8898231983184814,4.236367702484131,5.036805152893066,4.757111072540283,4.904058456420898,4.601676940917969,4.654349327087402,4.46222448348999,4.1893630027771,4.187660217285156,3.8405959606170654,4.036972999572754,3.7794456481933594,4.064489364624023,4.023587703704834,4.254989147186279,4.557193756103516
A11,2.871002674102783,2.5749411582946777,2.314720630645752,1.9685914516448975,1.80557382106781,1.448712706565857,1.1360273361206055,0.8930432200431824,0.5514472126960754,0.37808650732040405,0.0,0.3841743767261505,0.571282684803009,0.905008852481842,1.1406292915344238,1.5189099311828613,1.3265694379806519,1.5893198251724243,1.7405436038970947,1.751888394355774,1.5803418159484863,1.7694774866104126,1.4688800573349,1.7064505815505981,1.5683187246322632,1.7964098453521729,1.8199868202209473,1.9959652423858643,2.2483792304992676,2.1949973106384277,1.7888706922531128,1.7053000926971436,1.821270227432251,1.952748417854309,2.0361976623535156,1.9690529108047485,2.310425043106079,2.230605125427246,2.3716423511505127,2.317936658859253,2.5217745304107666,2.625948429107666,2.756101608276367,3.030712604522705,3.077913522720337,3.315609931945801,3.0769197940826416,3.3137171268463135,3.108161211013794,3.3310468196868896,3.1948554515838623,3.185138463973999,3.304783344268799,3.2108893394470215,3.346715211868286,3.2899928092956543,3.456773519515991,3.681077003479004,3.7553212642669678,4.087782382965088,5.033914089202881,4.774413585662842,4.931901931762695,4.6318440437316895,4.715705394744873,4.532214641571045,4.283175468444824,4.288208961486816,3.9467291831970215,4.147157669067383,3.8915817737579346,4.185207366943359,4.12454080581665,4.373325347900391,4.6558518409729
A12,3.1291003227233887,2.8102686405181885,2.5713672637939453,2.2202765941619873,2.061518430709839,1.7333199977874756,1.3814080953598022,1.1837661266326904,0.8742900490760803,0.5781133770942688,0.3841743767261505,0.0,0.38173797726631165,0.5975846648216248,0.8437535762786865,1.4445576667785645,1.310186743736267,1.6352406740188599,1.797155499458313,1.8278791904449463,1.6908930540084839,1.8385097980499268,1.5071769952774048,1.7078787088394165,1.491531252861023,1.7045520544052124,1.648753046989441,1.818589687347412,2.0218241214752197,1.9328149557113647,1.5350679159164429,1.5176633596420288,1.6766600608825684,1.873774766921997,2.013291120529175,1.9592994451522827,2.2941489219665527,2.167715549468994,2.3376452922821045,2.2336630821228027,2.455652952194214,2.5090978145599365,2.651919364929199,2.889193058013916,2.929098129272461,3.1308774948120117,2.916097640991211,3.1855692863464355,3.0211687088012695,3.2590482234954834,3.1676578521728516,3.1893529891967773,3.2907960414886475,3.1722686290740967,3.2681617736816406,3.1695303916931152,3.325791120529175,3.519606351852417,3.5701818466186523,3.9104163646698,4.910420894622803,4.660776138305664,4.845126152038574,4.565762996673584,4.655829429626465,4.502123832702637,4.262294769287109,4.301164150238037,3.976635217666626,4.207120895385742,3.9786295890808105,4.295983791351318,4.259986877441406,4.529889106750488,4.814033031463623
A13,3.436408042907715,3.1320877075195312,2.878571033477783,2.530653953552246,2.3643722534179688,2.0156917572021484,1.6911673545837402,1.444075107574463,1.1222466230392456,0.8807650804519653,0.571282684803009,0.38173797726631165,0.0,0.39036256074905396,0.6021024584770203,1.82123601436615,1.6875841617584229,2.0058507919311523,2.1439151763916016,2.1390633583068848,1.960040807723999,2.064030408859253,1.7061090469360352,1.843457579612732,1.6135978698730469,1.7505388259887695,1.6886824369430542,1.7792365550994873,1.9934391975402832,1.85201096534729,1.7983213663101196,1.7989798784255981,2.0027806758880615,2.2034828662872314,2.3268611431121826,2.229255437850952,2.5348589420318604,2.3681583404541016,2.4938571453094482,2.348285675048828,2.52166485786438,2.540868043899536,2.633039712905884,2.8507885932922363,2.8416504859924316,3.2710509300231934,3.090847969055176,3.37432861328125,3.2130212783813477,3.4810569286346436,3.3995516300201416,3.3977859020233154,3.4646549224853516,3.31457257270813,3.396437168121338,3.295936346054077,3.411207437515259,3.6072635650634766,3.621706247329712,3.9441521167755127,5.090024948120117,4.860191345214844,5.054269790649414,4.779423236846924,4.8941521644592285,4.7482991218566895,4.527492523193359,4.5698442459106445,4.2499871253967285,4.479425430297852,4.250187397003174,4.568459987640381,4.51444673538208,4.791156768798828,5.059962272644043
A14,3.7129757404327393,3.390315532684326,3.161766767501831,2.8031668663024902,2.6572506427764893,2.323183536529541,1.9751056432724,1.7700209617614746,1.4440330266952515,1.1727246046066284,0.905008852481842,0.5975846648216248,0.39036256074905396,0.0,0.4005868136882782,1.8917980194091797,1.787063717842102,2.1281707286834717,2.2473230361938477,2.237321615219116,2.075618028640747,2.1262199878692627,1.7514010667800903,1.8320567607879639,1.541406512260437,1.6346782445907593,1.4962055683135986,1.5552425384521484,1.7155956029891968,1.5310081243515015,1.6416668891906738,1.693967342376709,1.9490426778793335,2.1880874633789062,2.339423656463623,2.234532594680786,2.5129761695861816,2.296588182449341,2.4298505783081055,2.2314352989196777,2.4046525955200195,2.3677310943603516,2.460634708404541,2.6349756717681885,2.612741708755493,3.0539896488189697,2.9088356494903564,3.2197279930114746,3.096980571746826,3.384493827819824,3.3464996814727783,3.3643715381622314,3.403263807296753,3.2244601249694824,3.265145778656006,3.1284704208374023,3.221609354019165,3.3891258239746094,3.373918056488037,3.6960620880126953,4.918652057647705,4.705576419830322,4.924145221710205,4.670535087585449,4.799083709716797,4.683041095733643,4.480005264282227,4.553118705749512,4.253240585327148,4.507516860961914,4.305077075958252,4.643833637237549,4.607169151306152,4.9058709144592285,5.169135093688965
A15,3.957528591156006,3.641361713409424,3.39074969291687,3.0519604682922363,2.865054130554199,2.5416204929351807,2.1987781524658203,1.9565516710281372,1.6760467290878296,1.375840663909912,1.1406292915344238,0.8437535762786865,0.6021024584770203,0.4005868136882782,0.0,2.0879135131835938,2.0441536903381348,2.40558123588562,2.5667545795440674,2.5895161628723145,2.4468624591827393,2.516394853591919,2.145720958709717,2.2313454151153564,1.9333298206329346,2.0133440494537354,1.8467494249343872,1.872951626777649,1.9911205768585205,1.7491320371627808,1.8767510652542114,1.9890481233596802,2.226224184036255,2.497609853744507,2.681337833404541,2.604762554168701,2.8913378715515137,2.6740036010742188,2.818246364593506,2.6072568893432617,2.777474880218506,2.71368670463562,2.7932329177856445,2.9358925819396973,2.883509635925293,3.359301805496216,3.231966972351074,3.5575003623962402,3.457352638244629,3.743220090866089,3.71980357170105,3.750822067260742,3.7888684272766113,3.6046507358551025,3.6298556327819824,3.4746949672698975,3.556431293487549,3.702741861343384,3.663351535797119,3.981930732727051,5.24533224105835,5.037109375,5.268327713012695,5.025671482086182,5.150559425354004,5.045420169830322,4.839695453643799,4.9217848777771,4.624467849731445,4.883963584899902,4.6841654777526855,5.023049831390381,4.9922895431518555,5.28629207611084,5.555441379547119
B1,2.4320127964019775,2.059109926223755,1.9548488855361938,1.669062614440918,1.590861439704895,1.5207290649414062,1.1975823640823364,1.3833619356155396,1.388964295387268,1.2275519371032715,1.5189099311828613,1.4445576667785645,1.82123601436615,1.8917980194091797,2.0879135131835938,0.0,0.39693042635917664,0.658855676651001,1.0031328201293945,1.3052213191986084,1.4995930194854736,1.7676106691360474,1.6789028644561768,2.006572961807251,1.881324052810669,2.241880416870117,2.176206111907959,2.5152299404144287,2.6100358963012695,2.660698652267456,1.1277748346328735,1.0931460857391357,0.8599695563316345,1.027490258216858,1.3071393966674805,1.5601623058319092,1.9391218423843384,2.0065455436706543,2.3433361053466797,2.3940927982330322,2.7548937797546387,2.8830788135528564,3.174767255783081,3.41819167137146,3.598691940307617,2.9395124912261963,2.6252996921539307,2.81777286529541,2.6975700855255127,2.7706851959228516,2.680041790008545,2.836052417755127,3.066516399383545,3.0801937580108643,3.1922597885131836,3.0828468799591064,3.374600887298584,3.5142757892608643,3.6802241802215576,4.060862064361572,4.437565326690674,4.120904445648193,4.272425174713135,4.0054168701171875,3.9784491062164307,3.820312976837158,3.508310079574585,3.5549774169921875,3.2424304485321045,3.485689878463745,3.297633171081543,3.6054952144622803,3.6774959564208984,3.9113898277282715,4.25355339050293
B2,2.2793960571289062,1.9027788639068604,1.801652431488037,1.4660136699676514,1.4412962198257446,1.3158907890319824,0.9848120808601379,1.2026008367538452,1.1524243354797363,1.0618892908096313,1.3265694379806519,1.310186743736267,1.6875841617584229,1.787063717842102,2.0441536903381348,0.39693042635917664,0.0,0.3923049569129944,0.6910836696624756,0.9501742124557495,1.111031413078308,1.39486825466156,1.3146361112594604,1.6633455753326416,1.581344723701477,1.9541518688201904,1.9434410333633423,2.289789915084839,2.429379463195801,2.513561487197876,1.1389474868774414,0.9810717105865479,0.7941004633903503,0.8618083596229553,1.0533846616744995,1.2512370347976685,1.6450932025909424,1.725810170173645,2.034492015838623,2.111048460006714,2.4572572708129883,2.6195597648620605,2.9010283946990967,3.1735079288482666,3.360090732574463,2.7922568321228027,2.4653003215789795,2.639955520629883,2.47277569770813,2.562861442565918,2.435243844985962,2.5512330532073975,2.779322624206543,2.794386386871338,2.934842348098755,2.8596744537353516,3.1487839221954346,3.3230185508728027,3.5007667541503906,3.8725812435150146,4.288460731506348,3.974241256713867,4.109910488128662,3.821388006210327,3.8147661685943604,3.6338632106781006,3.32942271232605,3.3530476093292236,3.0238196849823,3.2529354095458984,3.0421416759490967,3.3496384620666504,3.3923211097717285,3.634265184402466,3.966108560562134
B3,1.9725192785263062,1.5896275043487549,1.548183560371399,1.2209506034851074,1.28718101978302,1.230920433998108,0.9883963465690613,1.3034230470657349,1.3074053525924683,1.3183786869049072,1.5893198251724243,1.6352406740188599,2.0058507919311523,2.1281707286834717,2.40558123588562,0.658855676651001,0.3923049569129944,0.0,0.3984162211418152,0.7335159182548523,0.9806300401687622,1.303425669670105,1.3338545560836792,1.700186014175415,1.700524091720581,2.0821564197540283,2.1243653297424316,2.485626220703125,2.6400132179260254,2.7691421508789062,1.3979241847991943,1.1725221872329712,0.9203276634216309,0.8189487457275391,0.9049532413482666,1.1504772901535034,1.5297414064407349,1.699833631515503,1.9993034601211548,2.1480815410614014,2.492020606994629,2.702103853225708,2.9944026470184326,3.2890594005584717,3.5045487880706787,2.8329572677612305,2.4770748615264893,2.5963363647460938,2.3988609313964844,2.4395790100097656,2.2683942317962646,2.3793890476226807,2.6463918685913086,2.7109878063201904,2.8863322734832764,2.8502840995788574,3.166011095046997,3.355058431625366,3.571122884750366,3.93573260307312,4.189651966094971,3.8592209815979004,3.960909605026245,3.6569466590881348,3.6262261867523193,3.417022466659546,3.0951426029205322,3.087552070617676,2.7465953826904297,2.9511053562164307,2.726510524749756,3.0152170658111572,3.0615012645721436,3.285043239593506,3.625864028930664
B4,2.0115835666656494,1.6375155448913574,1.657791256904602,1.3171130418777466,1.4799398183822632,1.4081727266311646,1.2097309827804565,1.527980089187622,1.473517894744873,1.5315940380096436,1.7405436038970947,1.797155499458313,2.1439151763916016,2.2473230361938477,2.5667545795440674,1.0031328201293945,0.6910836696624756,0.3984162211418152,0.0,0.36682814359664917,0.6932774186134338,0.9853822588920593,1.106001377105713,1.4551348686218262,1.5211775302886963,1.896186351776123,1.983968734741211,2.3531320095062256,2.5181052684783936,2.6982085704803467,1.4515855312347412,1.1441653966903687,0.9279634356498718,0.6788746118545532,0.5948705673217773,0.8153377771377563,1.1739799976348877,1.394532561302185,1.676055669784546,1.8738757371902466,2.2099359035491943,2.4539997577667236,2.752655029296875,3.061605453491211,3.3022093772888184,2.590116262435913,2.2206428050994873,2.3020544052124023,2.0711755752563477,2.102468729019165,1.9018545150756836,1.9944555759429932,2.270322322845459,2.3541998863220215,2.551240921020508,2.5467820167541504,2.8722457885742188,3.079495668411255,3.319847822189331,3.6733319759368896,3.876290798187256,3.5460093021392822,3.6309309005737305,3.313469171524048,3.293469190597534,3.069812774658203,2.7556467056274414,2.7360787391662598,2.388536214828491,2.5912764072418213,2.3625590801239014,2.6629786491394043,2.7015044689178467,2.945514440536499,3.2763097286224365
B5,2.130448818206787,1.7789764404296875,1.806227684020996,1.447632908821106,1.6478954553604126,1.5250059366226196,1.346352458000183,1.631840467453003,1.5136100053787231,1.6107680797576904,1.751888394355774,1.8278791904449463,2.1390633583068848,2.237321615219116,2.5895161628723145,1.3052213191986084,0.9501742124557495,0.7335159182548523,0.36682814359664917,0.0,0.3757054805755615,0.6374480724334717,0.8300136923789978,1.162620186805725,1.298275113105774,1.655983567237854,1.800084114074707,2.1594202518463135,2.3533706665039062,2.5658204555511475,1.5494604110717773,1.193117380142212,1.0765751600265503,0.791924774646759,0.5452187061309814,0.574887752532959,0.9123818278312683,1.1464314460754395,1.375429391860962,1.605547308921814,1.914923071861267,2.1906933784484863,2.475569248199463,2.8044400215148926,3.051238536834717,2.436244010925293,2.070267677307129,2.1324667930603027,1.857048749923706,1.9167053699493408,1.6842172145843506,1.7225555181503296,1.9831576347351074,2.0611541271209717,2.2832159996032715,2.3141891956329346,2.6281778812408447,2.8656578063964844,3.1116695404052734,3.4504287242889404,3.7133638858795166,3.3949525356292725,3.4704315662384033,3.138029098510742,3.1500279903411865,2.913992404937744,2.62277889251709,2.5892581939697266,2.2346177101135254,2.428976535797119,2.186005115509033,2.4951789379119873,2.499645471572876,2.7671310901641846,3.0765247344970703
B6,2.250443696975708,1.9225362539291382,1.9041697978973389,1.5242513418197632,1.7062077522277832,1.5091700553894043,1.3326290845870972,1.555659294128418,1.3733876943588257,1.5076022148132324,1.5803418159484863,1.6908930540084839,1.960040807723999,2.075618028640747,2.4468624591827393,1.4995930194854736,1.111031413078308,0.9806300401687622,0.6932774186134338,0.3757054805755615,0.0,0.39279115200042725,0.5522803068161011,0.901000440120697,1.0884556770324707,1.4257901906967163,1.6263248920440674,1.9570958614349365,2.199984073638916,2.409759759902954,1.6587334871292114,1.2987548112869263,1.2845791578292847,1.0603035688400269,0.8206593990325928,0.6556743383407593,0.9505025744438171,1.1091556549072266,1.2515225410461426,1.4638373851776123,1.7259973287582397,2.016599655151367,2.262228012084961,2.6135199069976807,2.837367057800293,2.4672107696533203,2.126319169998169,2.202889919281006,1.8974436521530151,2.0160586833953857,1.7726413011550903,1.7394828796386719,1.9529184103012085,1.991072416305542,2.2276976108551025,2.282078266143799,2.558505058288574,2.8277618885040283,3.0518031120300293,3.3764185905456543,3.807554006576538,3.5099985599517822,3.587620258331299,3.2472596168518066,3.298673629760742,3.0589547157287598,2.7968506813049316,2.752438545227051,2.3966968059539795,2.5739030838012695,2.3128890991210938,2.614461660385132,2.5692026615142822,2.8446314334869385,3.1282572746276855
B7,2.593893527984619,2.276482105255127,2.2794172763824463,1.9053056240081787,2.0960566997528076,1.8874765634536743,1.7020301818847656,1.8900660276412964,1.6579160690307617,1.7637593746185303,1.7694774866104126,1.8385097980499268,2.064030408859253,2.1262199878692627,2.516394853591919,1.7676106691360474,1.39486825466156,1.303425669670105,0.9853822588920593,0.6374480724334717,0.39279115200042725,0.0,0.3885357975959778,0.5981586575508118,0.8645384311676025,1.1548405885696411,1.394437313079834,1.7136783599853516,1.9549920558929443,2.2083840370178223,1.6810780763626099,1.3067312240600586,1.3722010850906372,1.1453500986099243,0.8642134070396423,0.5294070243835449,0.6930684447288513,0.7961767911911011,0.8721240162849426,1.1049978733062744,1.3489911556243896,1.659975528717041,1.9072768688201904,2.263535499572754,2.5052311420440674,2.1689939498901367,1.8447816371917725,1.9123979806900024,1.5871182680130005,1.7488000392913818,1.5157957077026367,1.4465234279632568,1.6146283149719238,1.6217820644378662,1.8589595556259155,1.9289648532867432,2.1910784244537354,2.4763433933258057,2.702127695083618,3.0145668983459473,3.51352596282959,3.2347371578216553,3.3199880123138428,2.9812231063842773,3.0699989795684814,2.84420108795166,2.6179165840148926,2.591580629348755,2.254596471786499,2.4493322372436523,2.212427854537964,2.5377695560455322,2.484835147857666,2.797961711883545,3.051379919052124
B8,2.780463933944702,2.454129695892334,2.400130033493042,2.008046865463257,2.1314163208007812,1.8711283206939697,1.631269097328186,1.7491767406463623,1.458704948425293,1.518066167831421,1.4688800573349,1.5071769952774048,1.7061090469360352,1.7514010667800903,2.145720958709717,1.6789028644561768,1.3146361112594604,1.3338545560836792,1.106001377105713,0.8300136923789978,0.5522803068161011,0.3885357975959778,0.0,0.3903083801269531,0.5523003339767456,0.8777791857719421,1.0992735624313354,1.4124023914337158,1.6765804290771484,1.89110267162323,1.5025603771209717,1.1620492935180664,1.312693476676941,1.1930879354476929,1.0236390829086304,0.7129248976707458,0.9268267750740051,0.8670673370361328,0.9508737921714783,1.0415488481521606,1.2844502925872803,1.5350191593170166,1.7605211734771729,2.106581687927246,2.3077232837677,2.1713967323303223,1.8830596208572388,2.02234148979187,1.7369970083236694,1.9580484628677368,1.7833722829818726,1.7288001775741577,1.8415248394012451,1.7769851684570312,1.9641729593276978,1.9838343858718872,2.204395294189453,2.4795608520507812,2.6546692848205566,2.9755921363830566,3.6852598190307617,3.4248688220977783,3.545355796813965,3.2246603965759277,3.334959030151367,3.138338565826416,2.9259839057922363,2.9285335540771484,2.6043152809143066,2.8169732093811035,2.5923171043395996,2.923232078552246,2.868864059448242,3.183344841003418,3.4315404891967773
B9,3.1348233222961426,2.816964626312256,2.773871421813965,2.3842620849609375,2.5143959522247314,2.24493408203125,2.0069515705108643,2.0961899757385254,1.7775001525878906,1.8169972896575928,1.7064505815505981,1.7078787088394165,1.843457579612732,1.8320567607879639,2.2313454151153564,2.006572961807251,1.6633455753326416,1.700186014175415,1.4551348686218262,1.162620186805725,0.901000440120697,0.5981586575508118,0.3903083801269531,0.0,0.3793754577636719,0.56988924741745,0.8689486980438232,1.1429400444030762,1.4199825525283813,1.678371787071228,1.632873296737671,1.312947154045105,1.5320292711257935,1.4282828569412231,1.2515270709991455,0.8803836703300476,0.9422287940979004,0.753464937210083,0.7056027054786682,0.7225870490074158,0.9110770225524902,1.1669634580612183,1.3766067028045654,1.7326297760009766,1.9403804540634155,1.9547979831695557,1.7100436687469482,1.855175495147705,1.569228172302246,1.8478477001190186,1.7066220045089722,1.6149436235427856,1.649338722229004,1.5216940641403198,1.686707615852356,1.7121073007583618,1.8891477584838867,2.1821224689483643,2.3388423919677734,2.6426708698272705,3.492858648300171,3.26151442527771,3.394655227661133,3.0835602283477783,3.2364821434020996,3.0613884925842285,2.8921444416046143,2.9137463569641113,2.616111993789673,2.83821439743042,2.6390438079833984,2.9806838035583496,2.9156224727630615,3.2552499771118164,3.470933675765991
B10,3.312330484390259,2.9762303829193115,2.9075400829315186,2.51161527633667,2.593626022338867,2.312786102294922,2.0250179767608643,2.078253984451294,1.738692045211792,1.7008551359176636,1.5683187246322632,1.491531252861023,1.6135978698730469,1.541406512260437,1.9333298206329346,1.881324052810669,1.581344723701477,1.700524091720581,1.5211775302886963,1.298275113105774,1.0884556770324707,0.8645384311676025,0.5523003339767456,0.3793754577636719,0.0,0.38165906071662903,0.5475804805755615,0.8704749941825867,1.1248106956481934,1.3495701551437378,1.3645910024642944,1.0985056161880493,1.3875311613082886,1.380135178565979,1.3061295747756958,0.9955715537071228,1.110721468925476,0.8382217884063721,0.8917502760887146,0.7522127628326416,0.9863465428352356,1.1186333894729614,1.3418139219284058,1.647157907485962,1.8261919021606445,1.8696504831314087,1.655202865600586,1.8735040426254272,1.6557037830352783,1.9595860242843628,1.8851776123046875,1.851540207862854,1.8680158853530884,1.7015491724014282,1.7956726551055908,1.7410295009613037,1.897095799446106,2.147477626800537,2.258920907974243,2.583824396133423,3.5577192306518555,3.3357527256011963,3.5074563026428223,3.2222790718078613,3.3772079944610596,3.2374110221862793,3.0695269107818604,3.1292498111724854,2.846034288406372,3.098407745361328,2.921781539916992,3.278825521469116,3.2397634983062744,3.583519458770752,3.8089687824249268
B11,3.6551146507263184,3.328263282775879,3.2569801807403564,2.8607337474823,2.9419920444488525,2.645467519760132,2.3643105030059814,2.3857710361480713,2.0255706310272217,1.9837753772735596,1.7964098453521729,1.7045520544052124,1.7505388259887695,1.6346782445907593,2.0133440494537354,2.241880416870117,1.9541518688201904,2.0821564197540283,1.896186351776123,1.655983567237854,1.4257901906967163,1.1548405885696411,0.8777791857719421,0.56988924741745,0.38165906071662903,0.0,0.3836934566497803,0.5767884254455566,0.8812678456306458,1.1388754844665527,1.6226069927215576,1.4010355472564697,1.721144199371338,1.726291537284851,1.6449835300445557,1.3105844259262085,1.3378015756607056,1.0070425271987915,0.938136875629425,0.676934003829956,0.7740706205368042,0.8328253030776978,0.9956798553466797,1.3011809587478638,1.457098364830017,1.8124865293502808,1.6684266328811646,1.8959896564483643,1.6955238580703735,2.0441808700561523,2.002333164215088,1.9339056015014648,1.8745770454406738,1.645155906677246,1.6997169256210327,1.642194151878357,1.7219945192337036,1.982173204421997,2.047475814819336,2.346543550491333,3.519026517868042,3.3325037956237793,3.516941785812378,3.246065139770508,3.4409682750701904,3.322369337081909,3.1952860355377197,3.2671971321105957,3.007624387741089,3.2593765258789062,3.0992424488067627,3.456409215927124,3.4016408920288086,3.7585318088531494,3.9549293518066406
B12,3.8369407653808594,3.4930427074432373,3.413858652114868,3.0174436569213867,3.068723678588867,2.7787272930145264,2.4620168209075928,2.470651388168335,2.1125147342681885,2.002737283706665,1.8199868202209473,1.648753046989441,1.6886824369430542,1.4962055683135986,1.8467494249343872,2.176206111907959,1.9434410333633423,2.1243653297424316,1.983968734741211,1.800084114074707,1.6263248920440674,1.394437313079834,1.0992735624313354,0.8689486980438232,0.5475804805755615,0.3836934566497803,0.0,0.38356587290763855,0.5791728496551514,0.8204034566879272,1.4051679372787476,1.2609502077102661,1.6236450672149658,1.7053698301315308,1.705648422241211,1.4308942556381226,1.4833542108535767,1.119327425956726,1.146710991859436,0.8223531246185303,0.976651668548584,0.8960688710212708,1.0870192050933838,1.2929601669311523,1.4273664951324463,1.6961710453033447,1.588722586631775,1.8789335489273071,1.7544825077056885,2.1090102195739746,2.1298000812530518,2.1216468811035156,2.0593907833099365,1.8147205114364624,1.802366852760315,1.6632206439971924,1.7315740585327148,1.9298514127731323,1.9528160095214844,2.275172233581543,3.516765594482422,3.338064432144165,3.558436632156372,3.3163766860961914,3.506953001022339,3.424409866333008,3.2981059551239014,3.4076969623565674,3.1651477813720703,3.4463696479797363,3.311889886856079,3.6849024295806885,3.661323070526123,4.023888111114502,4.231716632843018
B13,4.16275691986084,3.8269197940826416,3.73229718208313,3.3342998027801514,3.3724863529205322,3.0621049404144287,2.7490012645721436,2.718388080596924,2.342776298522949,2.228935480117798,1.9959652423858643,1.818589687347412,1.7792365550994873,1.5552425384521484,1.872951626777649,2.5152299404144287,2.289789915084839,2.485626220703125,2.3531320095062256,2.1594202518463135,1.9570958614349365,1.7136783599853516,1.4124023914337158,1.1429400444030762,0.8704749941825867,0.5767884254455566,0.38356587290763855,0.0,0.3895616829395294,0.5950311422348022,1.7240709066390991,1.6218664646148682,1.9929125308990479,2.0880134105682373,2.0855798721313477,1.7968899011611938,1.8207042217254639,1.445744276046753,1.4013022184371948,1.0414175987243652,1.061050295829773,0.8775387406349182,0.9391024112701416,1.0867747068405151,1.13486909866333,1.840617060661316,1.8059229850769043,2.0987555980682373,1.9935752153396606,2.3703832626342773,2.408470630645752,2.371973752975464,2.2595255374908447,1.97480046749115,1.9300742149353027,1.789594054222107,1.7732120752334595,1.9632420539855957,1.9168155193328857,2.2016613483428955,3.65490460395813,3.5106890201568604,3.741929292678833,3.515085220336914,3.7355518341064453,3.6692731380462646,3.5725603103637695,3.687164068222046,3.4589037895202637,3.7345621585845947,3.605400323867798,3.9739694595336914,3.9333672523498535,4.300435543060303,4.48778772354126
