,A1,A2,A3,A4,A5,A6,A7,A8,A9,A10,A11,A12,A13,A14,A15,B1,B2,B3,B4,B5,B6,B7,B8,B9,B10,B11,B12,B13,B14,B15,C1,C2,C3,C4,C5,C6,C7,C8,C9,C10,C11,C12,C13,C14,C15,D1,D2,D3,D4,D5,D6,D7,D8,D9,D10,D11,D12,D13,D14,D15,E1,E2,E3,E4,E5,E6,E7,E8,E9,E10,E11,E12,E13,E14,E15
A1,0.0,0.38905203342437744,0.627906322479248,0.9741683006286621,1.260610818862915,1.5988322496414185,1.8934623003005981,2.2201898097991943,2.569418430328369,2.815356969833374,3.1889450550079346,3.476635694503784,3.8157315254211426,4.093504428863525,4.304013252258301,2.8352949619293213,2.6100635528564453,2.2185564041137695,2.0363330841064453,1.900169014930725,2.124234199523926,2.2717835903167725,2.6448605060577393,2.8587114810943604,3.2229905128479004,3.4736385345458984,3.841432809829712,4.121551990509033,4.496827125549316,4.778194427490234,3.5539112091064453,3.2876498699188232,2.976327419281006,2.7356138229370117,2.515934705734253,2.7513628005981445,2.7580626010894775,3.143730401992798,3.2592849731445312,3.6430234909057617,3.8415632247924805,4.209151268005371,4.461453914642334,4.822192192077637,5.119013786315918,3.794975996017456,3.501781463623047,3.2888283729553223,2.9376447200775146,2.7540791034698486,2.9169600009918213,2.8960213661193848,3.2647173404693604,3.368356227874756,3.6976020336151123,3.9336700439453125,4.265246391296387,4.5399909019470215,4.86353063583374,5.111144065856934,3.704521656036377,3.395444393157959,3.105067253112793,2.7244856357574463,2.553720235824585,2.4463601112365723,2.5169553756713867,2.7557389736175537,3.0339410305023193,3.300706386566162,3.603956699371338,3.9214632511138916,4.218013286590576,4.559647560119629,4.819442272186279
A2,0.38905203342437744,0.0,0.3826088607311249,0.633557915687561,0.9652427434921265,1.2597379684448242,1.5815235376358032,1.9043434858322144,2.242497444152832,2.4775376319885254,2.853684663772583,3.12941312789917,3.479121685028076,3.74826717376709,3.9650588035583496,2.6171648502349854,2.3803200721740723,1.986095666885376,1.764237403869629,1.5819613933563232,1.7712322473526,1.9033111333847046,2.270378828048706,2.484203577041626,2.844968318939209,3.098371982574463,3.463263511657715,3.747728109359741,4.122019290924072,4.409049034118652,3.2663679122924805,3.0205323696136475,2.703615188598633,2.4476852416992188,2.1981921195983887,2.4083120822906494,2.3918797969818115,2.774132490158081,2.878979206085205,3.264765501022339,3.458026647567749,3.826831579208374,4.077933311462402,4.439269065856934,4.739221096038818,3.495652914047241,3.219423294067383,2.9890689849853516,2.644416570663452,2.4349606037139893,2.573310136795044,2.5311994552612305,2.8948848247528076,2.9877336025238037,3.3202788829803467,3.5502915382385254,3.886120557785034,4.158694744110107,4.4855055809021,4.735353469848633,3.409295082092285,3.118760347366333,2.8046834468841553,2.435168504714966,2.2313735485076904,2.1090610027313232,2.1533613204956055,2.3955585956573486,2.6614410877227783,2.9391701221466064,3.234903335571289,3.5595602989196777,3.8545782566070557,4.197465419769287,4.466238498687744
A3,0.627906322479248,0.3826088607311249,0.0,0.3904443681240082,0.6332389116287231,0.9852591156959534,1.2663596868515015,1.598068118095398,1.9451223611831665,2.202514410018921,2.5696544647216797,2.870018243789673,3.204483985900879,3.4952454566955566,3.718515396118164,2.582249402999878,2.3875582218170166,1.9919863939285278,1.7966957092285156,1.5621579885482788,1.741533637046814,1.8027539253234863,2.1822009086608887,2.3414559364318848,2.7198338508605957,2.9347259998321533,3.3133726119995117,3.5711324214935303,3.9555745124816895,4.245216369628906,3.3219892978668213,3.1064529418945312,2.8082473278045654,2.5677437782287598,2.2976906299591064,2.478419065475464,2.4096601009368896,2.7769811153411865,2.8331127166748047,3.2225229740142822,3.3777594566345215,3.7557616233825684,3.9792473316192627,4.351633548736572,4.644965171813965,3.577272653579712,3.3275177478790283,3.1009860038757324,2.7758657932281494,2.549440383911133,2.655839443206787,2.5668039321899414,2.9060251712799072,2.9528212547302246,3.280125141143799,3.4782419204711914,3.8233609199523926,4.069358825683594,4.411115646362305,4.643187999725342,3.46374773979187,3.1963181495666504,2.8639883995056152,2.4997479915618896,2.2628440856933594,2.0784761905670166,2.0872151851654053,2.277953624725342,2.5266196727752686,2.7881507873535156,3.0676980018615723,3.3961827754974365,3.667025327682495,4.021428108215332,4.272777557373047
A4,0.9741683006286621,0.633557915687561,0.3904443681240082,0.0,0.38112905621528625,0.6379974484443665,0.9586939811706543,1.2941194772720337,1.618062973022461,1.8724919557571411,2.2378249168395996,2.5305662155151367,2.8784143924713135,3.1643881797790527,3.4019598960876465,2.4857728481292725,2.2860469818115234,1.902352213859558,1.667431116104126,1.369301676750183,1.4764004945755005,1.4874504804611206,1.8515040874481201,1.9949432611465454,2.369124412536621,2.578679084777832,2.9547927379608154,3.213862657546997,3.5992586612701416,3.900268077850342,3.1262593269348145,2.9419867992401123,2.6428658962249756,2.387474536895752,2.082007646560669,2.2143592834472656,2.1036124229431152,2.457206964492798,2.488349437713623,2.8795082569122314,3.0197112560272217,3.399784803390503,3.6177151203155518,3.9916880130767822,4.290646076202393,3.3607771396636963,3.137540817260742,2.890097141265869,2.580752372741699,2.3214612007141113,2.3837785720825195,2.2581095695495605,2.582817316055298,2.6058850288391113,2.9388315677642822,3.120716094970703,3.4746642112731934,3.713547468185425,4.062227249145508,4.2968244552612305,3.2552788257598877,3.017444133758545,2.6589417457580566,2.319802761077881,2.0395452976226807,1.8296267986297607,1.784787654876709,1.967793345451355,2.185955047607422,2.4633681774139404,2.723402500152588,3.065634250640869,3.3268563747406006,3.686234951019287,3.94822096824646
A5,1.260610818862915,0.9652427434921265,0.6332389116287231,0.38112905621528625,0.0,0.4012974202632904,0.6341995000839233,0.9702705144882202,1.3153162002563477,1.5861153602600098,1.9441015720367432,2.2594521045684814,2.5863285064697266,2.891866445541382,3.1290290355682373,2.429945945739746,2.2821695804595947,1.9138038158416748,1.7252269983291626,1.4000372886657715,1.4986156225204468,1.4286868572235107,1.7938560247421265,1.8670439720153809,2.254993200302124,2.416393518447876,2.8043553829193115,3.029871940612793,3.4224438667297363,3.718512535095215,3.1642885208129883,3.012392997741699,2.7428202629089355,2.517679214477539,2.2115352153778076,2.319746971130371,2.1647913455963135,2.4913182258605957,2.470529079437256,2.8550357818603516,2.9527015686035156,3.3367836475372314,3.521306037902832,3.9035520553588867,4.188325881958008,3.429586172103882,3.235039710998535,3.0044326782226562,2.7228119373321533,2.4643006324768066,2.5033352375030518,2.339365005493164,2.6265876293182373,2.60127854347229,2.914687156677246,3.062110662460327,3.416313886642456,3.6236445903778076,3.9824986457824707,4.192539215087891,3.292141914367676,3.0794742107391357,2.715028762817383,2.3878133296966553,2.090593099594116,1.8222991228103638,1.7491297721862793,1.8598438501358032,2.059819221496582,2.3050949573516846,2.5491535663604736,2.8860011100769043,3.12201189994812,3.488969087600708,3.727489471435547
A6,1.5988322496414185,1.2597379684448242,0.9852591156959534,0.6379974484443665,0.4012974202632904,0.0,0.36892783641815186,0.6738905906677246,0.9847460389137268,1.237208604812622,1.5998376607894897,1.8983869552612305,2.243297815322876,2.537876844406128,2.7873525619506836,2.3396217823028564,2.1938090324401855,1.856651782989502,1.6429519653320312,1.271761417388916,1.27558434009552,1.1254557371139526,1.4587382078170776,1.4979788064956665,1.8805516958236694,2.0311107635498047,2.4169907569885254,2.6427431106567383,3.035878896713257,3.3411977291107178,2.9574196338653564,2.8441531658172607,2.5845625400543213,2.357177972793579,2.0281567573547363,2.0798468589782715,1.8773751258850098,2.1754634380340576,2.1191155910491943,2.4992921352386475,2.5754876136779785,2.960092067718506,3.1350560188293457,3.5186140537261963,3.805534601211548,3.202272653579712,3.041290760040283,2.798494338989258,2.54459547996521,2.2636406421661377,2.2550911903381348,2.051391363143921,2.308244228363037,2.2500500679016113,2.5599093437194824,2.6863067150115967,3.0456972122192383,3.242206573486328,3.6067192554473877,3.8158562183380127,3.070162296295166,2.8942949771881104,2.510843515396118,2.2208008766174316,1.8869569301605225,1.591206431388855,1.453142762184143,1.536184549331665,1.6953848600387573,1.9521458148956299,2.173983335494995,2.523273468017578,2.750107765197754,3.12092661857605,3.37040376663208
A7,1.8934623003005981,1.5815235376358032,1.2663596868515015,0.9586939811706543,0.6341995000839233,0.36892783641815186,0.0,0.3731527626514435,0.6856006979942322,0.9888850450515747,1.3227925300598145,1.6614227294921875,1.9789915084838867,2.304319143295288,2.5647125244140625,2.4549765586853027,2.3596136569976807,2.0497119426727295,1.878905177116394,1.5073485374450684,1.4894357919692993,1.2618680000305176,1.5525996685028076,1.495495080947876,1.8705394268035889,1.9498599767684937,2.338491678237915,2.5176310539245605,2.9156038761138916,3.2203314304351807,3.1218364238739014,3.0429794788360596,2.811438798904419,2.6084320545196533,2.2829086780548096,2.3025248050689697,2.061187267303467,2.3168442249298096,2.2030434608459473,2.564565420150757,2.586747169494629,2.967907428741455,3.101576566696167,3.4891183376312256,3.7624850273132324,3.3808658123016357,3.251011371612549,3.020421028137207,2.7951152324676514,2.514613389968872,2.4764785766601562,2.238858938217163,2.449510097503662,2.338456869125366,2.6248323917388916,2.703347682952881,3.0617787837982178,3.2183170318603516,3.5926923751831055,3.776240110397339,3.22819447517395,3.0828027725219727,2.6991257667541504,2.432739019393921,2.0912046432495117,1.7584302425384521,1.5851213932037354,1.5806000232696533,1.6878557205200195,1.903586983680725,2.0829663276672363,2.4272592067718506,2.609943151473999,2.989811420440674,3.21321439743042
A8,2.2201898097991943,1.9043434858322144,1.598068118095398,1.2941194772720337,0.9702705144882202,0.6738905906677246,0.3731527626514435,0.0,0.38944101333618164,0.6424036026000977,0.9866032004356384,1.318559169769287,1.6235525608062744,1.9483158588409424,2.200387477874756,2.348177671432495,2.295992851257324,2.0316505432128906,1.8980733156204224,1.534669280052185,1.4842091798782349,1.193454384803772,1.4327257871627808,1.294191598892212,1.6561719179153442,1.6823630332946777,2.0707414150238037,2.2176899909973145,2.614359140396118,2.9064204692840576,3.014876127243042,2.9760186672210693,2.7807793617248535,2.6127963066101074,2.302211284637451,2.29420804977417,2.0262296199798584,2.2363665103912354,2.07747745513916,2.412731409072876,2.394920825958252,2.7678518295288086,2.868513822555542,3.2561514377593994,3.509190559387207,3.288870096206665,3.194500207901001,2.98579740524292,2.79911732673645,2.5320639610290527,2.474475145339966,2.2157840728759766,2.3745381832122803,2.2226476669311523,2.4701764583587646,2.5165669918060303,2.860038995742798,2.9855077266693115,3.359579086303711,3.5172228813171387,3.113285779953003,3.0029733180999756,2.6249544620513916,2.391723871231079,2.04931902885437,1.6871323585510254,1.4906022548675537,1.3987523317337036,1.4702739715576172,1.6360464096069336,1.794364333152771,2.1222991943359375,2.285144567489624,2.664450168609619,2.8696811199188232
A9,2.569418430328369,2.242497444152832,1.9451223611831665,1.618062973022461,1.3153162002563477,0.9847460389137268,0.6856006979942322,0.38944101333618164,0.0,0.38036781549453735,0.6430559158325195,1.007216215133667,1.313418984413147,1.6562426090240479,1.9455409049987793,2.5634663105010986,2.5230469703674316,2.2953782081604004,2.15319561958313,1.7858924865722656,1.6620540618896484,1.316187858581543,1.4551249742507935,1.2282527685165405,1.5344903469085693,1.4858375787734985,1.8538099527359009,1.961763858795166,2.3569624423980713,2.665138006210327,3.1076343059539795,3.111055612564087,2.9314181804656982,2.7643916606903076,2.444220781326294,2.3744468688964844,2.063964366912842,2.2149360179901123,1.9986271858215332,2.303842544555664,2.2294042110443115,2.589597225189209,2.653762102127075,3.0380282402038574,3.28908634185791,3.3498356342315674,3.2952332496643066,3.0773112773895264,2.923352003097534,2.6406054496765137,2.5287466049194336,2.2324976921081543,2.3371002674102783,2.131953477859497,2.3607900142669678,2.350238800048828,2.6957433223724365,2.783594846725464,3.166198253631592,3.3119406700134277,3.1857075691223145,3.119959592819214,2.736459255218506,2.5517263412475586,2.193443775177002,1.8309435844421387,1.5738084316253662,1.425137996673584,1.3889983892440796,1.5355377197265625,1.6081624031066895,1.94452965259552,2.0499467849731445,2.4375646114349365,2.63993239402771
A10,2.815356969833374,2.4775376319885254,2.202514410018921,1.8724919557571411,1.5861153602600098,1.237208604812622,0.9888850450515747,0.6424036026000977,0.38036781549453735,0.0,0.4000978171825409,0.6776546239852905,1.0061393976211548,1.3159773349761963,1.5889970064163208,2.403672695159912,2.391375780105591,2.2167727947235107,2.1017069816589355,1.7603914737701416,1.605893850326538,1.2344353199005127,1.2975214719772339,1.0000083446502686,1.2675257921218872,1.1689512729644775,1.5330253839492798,1.6212643384933472,2.0141124725341797,2.3063018321990967,2.891202688217163,2.9328582286834717,2.789828300476074,2.6586320400238037,2.3631391525268555,2.271108388900757,1.95160973072052,2.0534210205078125,1.805843710899353,2.0750772953033447,1.9713257551193237,2.318235158920288,2.357869863510132,2.7395434379577637,2.969529151916504,3.139198064804077,3.1186723709106445,2.9254226684570312,2.8120744228363037,2.5515940189361572,2.4289674758911133,2.1279990673065186,2.17978835105896,1.9474807977676392,2.127187490463257,2.0952460765838623,2.4164836406707764,2.4819107055664062,2.8577935695648193,2.9820716381073,2.9590179920196533,2.928476333618164,2.558295965194702,2.4138994216918945,2.066927671432495,1.6994224786758423,1.4336345195770264,1.206419587135315,1.1257022619247437,1.2100437879562378,1.2632074356079102,1.580356240272522,1.6834673881530762,2.068223714828491,2.2659988403320312
A11,3.1889450550079346,2.853684663772583,2.5696544647216797,2.2378249168395996,1.9441015720367432,1.5998376607894897,1.3227925300598145,0.9866032004356384,0.6430559158325195,0.4000978171825409,0.0,0.41054463386535645,0.6789321303367615,1.0362528562545776,1.352221965789795,2.708296775817871,2.720984697341919,2.576054096221924,2.4719700813293457,2.1396396160125732,1.9610555171966553,1.579341173171997,1.571392297744751,1.220401644706726,1.3896822929382324,1.1807441711425781,1.4828109741210938,1.4820506572723389,1.8565446138381958,2.1498820781707764,3.131908655166626,3.2104299068450928,3.089707851409912,2.9697067737579346,2.678321361541748,2.547403335571289,2.207298755645752,2.2511916160583496,1.956740379333496,2.1740641593933105,2.0013723373413086,2.3148999214172363,2.294219732284546,2.6613762378692627,2.872284412384033,3.3592376708984375,3.3756425380706787,3.1864912509918213,3.10390567779541,2.8416635990142822,2.6832032203674316,2.362135410308838,2.3596808910369873,2.081725835800171,2.222121477127075,2.120476484298706,2.423837661743164,2.4294326305389404,2.8047242164611816,2.8977112770080566,3.182561159133911,3.191990613937378,2.830737829208374,2.7256693840026855,2.3821725845336914,2.024355888366699,1.7389400005340576,1.4739165306091309,1.3042612075805664,1.3251516819000244,1.2573665380477905,1.5408270359039307,1.5422346591949463,1.9236924648284912,2.089763641357422
A12,3.476635694503784,3.12941312789917,2.870018243789673,2.5305662155151367,2.2594521045684814,1.8983869552612305,1.6614227294921875,1.318559169769287,1.007216215133667,0.6776546239852905,0.41054463386535645,0.0,0.3979950547218323,0.662983775138855,0.9870607852935791,2.6750833988189697,2.704775333404541,2.6161515712738037,2.5269060134887695,2.226478338241577,2.013892889022827,1.6343189477920532,1.5348849296569824,1.1446346044540405,1.2051012516021729,0.9106559753417969,1.15423583984375,1.0987693071365356,1.4619194269180298,1.74376380443573,2.9720325469970703,3.095428228378296,3.012151002883911,2.923649311065674,2.6593105792999268,2.4961066246032715,2.153745412826538,2.1315999031066895,1.8068068027496338,1.9612421989440918,1.7433685064315796,2.022648572921753,1.9612373113632202,2.3166515827178955,2.5026347637176514,3.182692766189575,3.2418622970581055,3.0743463039398193,3.038978338241577,2.798649311065674,2.6205544471740723,2.2995526790618896,2.232238292694092,1.9264169931411743,2.0014922618865967,1.8592113256454468,2.1249215602874756,2.0917227268218994,2.4558217525482178,2.5226690769195557,3.003873586654663,3.0596237182617188,2.7188796997070312,2.669086217880249,2.344449996948242,2.0075948238372803,1.7189854383468628,1.4042706489562988,1.1649287939071655,1.0998685359954834,0.9431903958320618,1.1823070049285889,1.1396615505218506,1.5178813934326172,1.6854777336120605
A13,3.8157315254211426,3.479121685028076,3.204483985900879,2.8784143924713135,2.5863285064697266,2.243297815322876,1.9789915084838867,1.6235525608062744,1.313418984413147,1.0061393976211548,0.6789321303367615,0.3979950547218323,0.0,0.40513089299201965,0.7282055020332336,2.8883190155029297,2.9611129760742188,2.900327444076538,2.8478667736053467,2.567087173461914,2.3733584880828857,2.0016584396362305,1.8960508108139038,1.5024930238723755,1.518734097480774,1.1784889698028564,1.3330613374710083,1.1624711751937866,1.458644151687622,1.6854803562164307,3.2184267044067383,3.366464138031006,3.314692974090576,3.2550506591796875,3.0113258361816406,2.848742723464966,2.512681722640991,2.463759422302246,2.1283161640167236,2.235785484313965,1.9795727729797363,2.2106897830963135,2.0867409706115723,2.4100124835968018,2.546660900115967,3.440758466720581,3.52468204498291,3.383492946624756,3.371680736541748,3.1501405239105225,2.973090887069702,2.656916379928589,2.5599870681762695,2.2419192790985107,2.268782138824463,2.0876083374023438,2.3058207035064697,2.2116000652313232,2.55056095123291,2.5617406368255615,3.2441041469573975,3.324418783187866,3.0073516368865967,2.9760069847106934,2.672609329223633,2.337754249572754,2.0707039833068848,1.7316772937774658,1.4940394163131714,1.3540208339691162,1.1492903232574463,1.2762837409973145,1.1227325201034546,1.4534919261932373,1.5340452194213867
A14,4.093504428863525,3.74826717376709,3.4952454566955566,3.1643881797790527,2.891866445541382,2.537876844406128,2.304319143295288,1.9483158588409424,1.6562426090240479,1.3159773349761963,1.0362528562545776,0.662983775138855,0.40513089299201965,0.0,0.3787841498851776,2.907686233520508,2.9942617416381836,2.984670400619507,2.946195363998413,2.6989903450012207,2.4850616455078125,2.130580186843872,1.9620702266693115,1.5710831880569458,1.4925363063812256,1.1160861253738403,1.1589795351028442,0.9023386836051941,1.1313444375991821,1.312352180480957,3.111295700073242,3.2998311519622803,3.285738945007324,3.2577216625213623,3.045065402984619,2.8606059551239014,2.535454511642456,2.4306581020355225,2.085477113723755,2.1237058639526367,1.8348064422607422,2.0101675987243652,1.837958574295044,2.1306214332580566,2.2253262996673584,3.3143582344055176,3.4385781288146973,3.3230934143066406,3.355687141418457,3.1605427265167236,2.9727652072906494,2.668025255203247,2.5167300701141357,2.1886823177337646,2.146350145339966,1.9321088790893555,2.0910022258758545,1.949326515197754,2.25933837890625,2.230458974838257,3.117973804473877,3.242156982421875,2.9541146755218506,2.9745001792907715,2.69818377494812,2.3935365676879883,2.1381475925445557,1.7797389030456543,1.5098990201950073,1.2979252338409424,1.025152564048767,1.0375937223434448,0.7938578724861145,1.0815284252166748,1.1363840103149414
A15,4.304013252258301,3.9650588035583496,3.718515396118164,3.4019598960876465,3.1290290355682373,2.7873525619506836,2.5647125244140625,2.200387477874756,1.9455409049987793,1.5889970064163208,1.352221965789795,0.9870607852935791,0.7282055020332336,0.3787841498851776,0.0,2.863128423690796,2.9889862537384033,3.0249123573303223,3.0288872718811035,2.8221046924591064,2.6295835971832275,2.301307201385498,2.125086545944214,1.753341794013977,1.6492441892623901,1.2894288301467896,1.278984785079956,0.9923544526100159,1.1262855529785156,1.1913679838180542,3.0731606483459473,3.285360336303711,3.3135483264923096,3.329545497894287,3.156268835067749,2.9872329235076904,2.6885204315185547,2.5663418769836426,2.236988067626953,2.2360658645629883,1.9521163702011108,2.085573673248291,1.887726068496704,2.1449551582336426,2.1799206733703613,3.2975292205810547,3.443425178527832,3.3706061840057373,3.4322891235351562,3.275423526763916,3.109243631362915,2.829585075378418,2.6576106548309326,2.3443751335144043,2.2496535778045654,2.0425219535827637,2.1394171714782715,1.9714696407318115,2.236449718475342,2.1547274589538574,3.0759007930755615,3.222172737121582,2.972019910812378,3.015855073928833,2.7782602310180664,2.489189624786377,2.275514602661133,1.8998140096664429,1.6617772579193115,1.380257487297058,1.135098934173584,1.0129773616790771,0.7488030791282654,0.9277541041374207,0.874933660030365
B1,2.8352949619293213,2.6171648502349854,2.582249402999878,2.4857728481292725,2.429945945739746,2.3396217823028564,2.4549765586853027,2.348177671432495,2.5634663105010986,2.403672695159912,2.708296775817871,2.6750833988189697,2.8883190155029297,2.907686233520508,2.863128423690796,0.0,0.3886444568634033,0.672080934047699,1.0252569913864136,1.2759923934936523,1.4913809299468994,1.6587533950805664,1.794655680656433,1.952691674232483,2.128922700881958,2.3440728187561035,2.5743963718414307,2.795966148376465,3.0278141498565674,3.0915639400482178,1.4982032775878906,1.3888059854507446,1.438350796699524,1.6305925846099854,1.725965976715088,1.9731563329696655,2.047213077545166,2.2236640453338623,2.3144466876983643,2.495042562484741,2.6707100868225098,2.915224313735962,3.0916571617126465,3.372993230819702,3.4974894523620605,2.0131077766418457,1.8681048154830933,1.9769054651260376,1.905596137046814,2.0080697536468506,2.2403218746185303,2.281825065612793,2.4005303382873535,2.476483106613159,2.5097758769989014,2.7561845779418945,2.86794376373291,3.0795717239379883,3.2692770957946777,3.379030704498291,1.674329400062561,1.465893268585205,1.3929893970489502,1.1775727272033691,1.3020893335342407,1.2492069005966187,1.5737148523330688,1.574578046798706,1.9352471828460693,1.8837547302246094,2.275449752807617,2.3057594299316406,2.6858136653900146,2.8439924716949463,3.008183240890503
B2,2.6100635528564453,2.3803200721740723,2.3875582218170166,2.2860469818115234,2.2821695804595947,2.1938090324401855,2.3596136569976807,2.295992851257324,2.5230469703674316,2.391375780105591,2.720984697341919,2.704775333404541,2.9611129760742188,2.9942617416381836,2.9889862537384033,0.3886444568634033,0.0,0.39716637134552,0.6993546485900879,1.0133541822433472,1.2346855401992798,1.473610520362854,1.6209797859191895,1.8486384153366089,2.033501625061035,2.301936149597168,2.539977788925171,2.804567337036133,3.0490589141845703,3.146986246109009,1.3284093141555786,1.1492935419082642,1.1232714653015137,1.27936589717865,1.3785178661346436,1.6624900102615356,1.776983380317688,1.9888209104537964,2.128110885620117,2.3327248096466064,2.5520145893096924,2.8084967136383057,3.0251305103302,3.3107376098632812,3.4680023193359375,1.8074911832809448,1.6112385988235474,1.6809996366500854,1.5665216445922852,1.668289065361023,1.930242657661438,2.003103256225586,2.161888837814331,2.281142234802246,2.350491523742676,2.6325035095214844,2.7655396461486816,3.0159552097320557,3.213031053543091,3.3631012439727783,1.5143334865570068,1.2468655109405518,1.1335866451263428,0.8520092368125916,0.9993821978569031,1.0143616199493408,1.3767967224121094,1.468225121498108,1.8470646142959595,1.865597128868103,2.2677788734436035,2.3441479206085205,2.7428903579711914,2.9200639724731445,3.1276161670684814
B3,2.2185564041137695,1.986095666885376,1.9919863939285278,1.902352213859558,1.9138038158416748,1.856651782989502,2.0497119426727295,2.0316505432128906,2.2953782081604004,2.2167727947235107,2.576054096221924,2.6161515712738037,2.900327444076538,2.984670400619507,3.0249123573303223,0.672080934047699,0.39716637134552,0.0,0.3988160192966461,0.7038166522979736,1.0139156579971313,1.2757233381271362,1.5082844495773315,1.7538952827453613,2.0017144680023193,2.28080153465271,2.563450574874878,2.8401572704315186,3.1232755184173584,3.265007257461548,1.5936706066131592,1.3853756189346313,1.2547348737716675,1.2945700883865356,1.3007051944732666,1.6055965423583984,1.6947423219680786,1.967603325843811,2.1033740043640137,2.3641316890716553,2.583847761154175,2.87787127494812,3.1055784225463867,3.417581796646118,3.60793137550354,2.0225186347961426,1.7959705591201782,1.7842615842819214,1.5956499576568604,1.6232516765594482,1.880456566810608,1.9281625747680664,2.143941640853882,2.2595207691192627,2.3919200897216797,2.672147750854492,2.857069730758667,3.1169543266296387,3.3502180576324463,3.5227203369140625,1.7740533351898193,1.4886387586593628,1.2921422719955444,0.9313532114028931,0.9617376327514648,0.9118763208389282,1.2575395107269287,1.3982079029083252,1.7958437204360962,1.8767735958099365,2.2817068099975586,2.4206106662750244,2.809866428375244,3.0320804119110107,3.255648374557495
B4,2.0363330841064453,1.764237403869629,1.7966957092285156,1.667431116104126,1.7252269983291626,1.6429519653320312,1.878905177116394,1.8980733156204224,2.15319561958313,2.1017069816589355,2.4719700813293457,2.5269060134887695,2.8478667736053467,2.946195363998413,3.0288872718811035,1.0252569913864136,0.6993546485900879,0.3988160192966461,0.0,0.39560237526893616,0.6929544806480408,1.021690845489502,1.26752507686615,1.5688551664352417,1.8256044387817383,2.141916036605835,2.431698799133301,2.739912271499634,3.036716938018799,3.216825485229492,1.5771050453186035,1.357437252998352,1.132057785987854,1.0561569929122925,0.9770691990852356,1.2869470119476318,1.3775688409805298,1.690990924835205,1.8520722389221191,2.14434814453125,2.387765407562256,2.697646379470825,2.952908992767334,3.2725746631622314,3.4967706203460693,1.9273709058761597,1.6838552951812744,1.5879985094070435,1.3482520580291748,1.3095158338546753,1.5576542615890503,1.6024030447006226,1.8609845638275146,1.9980370998382568,2.177800178527832,2.4731242656707764,2.6900246143341064,2.974454641342163,3.224193811416626,3.431381940841675,1.741720199584961,1.4539597034454346,1.179449200630188,0.7878884077072144,0.7125244736671448,0.6853966116905212,1.0131337642669678,1.246152639389038,1.6330240964889526,1.7882484197616577,2.1816036701202393,2.3704631328582764,2.7604408264160156,3.0047831535339355,3.2653775215148926
B5,1.900169014930725,1.5819613933563232,1.5621579885482788,1.369301676750183,1.4000372886657715,1.271761417388916,1.5073485374450684,1.534669280052185,1.7858924865722656,1.7603914737701416,2.1396396160125732,2.226478338241577,2.567087173461914,2.6989903450012207,2.8221046924591064,1.2759923934936523,1.0133541822433472,0.7038166522979736,0.39560237526893616,0.0,0.3991578221321106,0.6860960125923157,1.0041377544403076,1.2892382144927979,1.593995213508606,1.8995739221572876,2.221496820449829,2.528097152709961,2.8538975715637207,3.0712406635284424,1.7860796451568604,1.6170885562896729,1.3711674213409424,1.2202192544937134,1.0121214389801025,1.2345646619796753,1.224015712738037,1.558387279510498,1.6678783893585205,2.001121759414673,2.2137110233306885,2.553696632385254,2.79899263381958,3.141666889190674,3.3885910511016846,2.0939600467681885,1.8849722146987915,1.7235307693481445,1.4770691394805908,1.3331339359283447,1.4966397285461426,1.4583263397216797,1.7299689054489136,1.819374680519104,2.0436978340148926,2.308335065841675,2.5703063011169434,2.8424665927886963,3.1276912689208984,3.342987060546875,1.9291220903396606,1.6897867918014526,1.3500659465789795,0.9997086524963379,0.7592896819114685,0.5721709728240967,0.7768982648849487,1.0209980010986328,1.390992522239685,1.5950847864151,1.9690678119659424,2.209519386291504,2.576812267303467,2.857588052749634,3.1292049884796143
B6,2.124234199523926,1.7712322473526,1.741533637046814,1.4764004945755005,1.4986156225204468,1.27558434009552,1.4894357919692993,1.4842091798782349,1.6620540618896484,1.605893850326538,1.9610555171966553,2.013892889022827,2.3733584880828857,2.4850616455078125,2.6295835971832275,1.4913809299468994,1.2346855401992798,1.0139156579971313,0.6929544806480408,0.3991578221321106,0.0,0.3886231482028961,0.641535222530365,0.9765822887420654,1.2558099031448364,1.589786410331726,1.8982080221176147,2.2268564701080322,2.5501856803894043,2.7898402214050293,1.6974025964736938,1.585323452949524,1.3298434019088745,1.130318522453308,0.8390080332756042,0.9436310529708862,0.8554779291152954,1.1866511106491089,1.2812879085540771,1.6288868188858032,1.8435417413711548,2.190059185028076,2.4458370208740234,2.790771007537842,3.0562326908111572,1.9355149269104004,1.769647240638733,1.5533957481384277,1.332982063293457,1.1160223484039307,1.192254662513733,1.0954142808914185,1.3568050861358643,1.429855227470398,1.6751242876052856,1.9364200830459595,2.2166049480438232,2.496006965637207,2.7916409969329834,3.025160551071167,1.8094875812530518,1.6273653507232666,1.2375507354736328,0.9692126512527466,0.6128398776054382,0.37952619791030884,0.42838045954704285,0.7538403868675232,1.0791174173355103,1.3369333744049072,1.684798240661621,1.9518791437149048,2.3150343894958496,2.600297212600708,2.900562047958374
B7,2.2717835903167725,1.9033111333847046,1.8027539253234863,1.4874504804611206,1.4286868572235107,1.1254557371139526,1.2618680000305176,1.193454384803772,1.316187858581543,1.2344353199005127,1.579341173171997,1.6343189477920532,2.0016584396362305,2.130580186843872,2.301307201385498,1.6587533950805664,1.473610520362854,1.2757233381271362,1.021690845489502,0.6860960125923157,0.3886231482028961,0.0,0.4025864899158478,0.6388811469078064,0.9778206944465637,1.2712361812591553,1.61276113986969,1.92183518409729,2.2696034908294678,2.5327584743499756,1.8930695056915283,1.8458995819091797,1.629025936126709,1.4484955072402954,1.143115520477295,1.1311910152435303,0.9116454124450684,1.173789620399475,1.149940848350525,1.5097392797470093,1.652828335762024,2.0211551189422607,2.239872932434082,2.605396032333374,2.8746449947357178,2.121668815612793,2.0135512351989746,1.7923763990402222,1.6189260482788086,1.3699705600738525,1.3454121351242065,1.1462458372116089,1.3414322137832642,1.3120020627975464,1.5620348453521729,1.759341835975647,2.0692946910858154,2.310462474822998,2.6369454860687256,2.856261730194092,1.984932780265808,1.8650985956192017,1.4664552211761475,1.2639273405075073,0.888391375541687,0.561109721660614,0.3289337754249573,0.5104672312736511,0.7812473773956299,1.0657964944839478,1.3836593627929688,1.6887691020965576,2.0208685398101807,2.3353404998779297,2.6331520080566406
B8,2.6448605060577393,2.270378828048706,2.1822009086608887,1.8515040874481201,1.7938560247421265,1.4587382078170776,1.5525996685028076,1.4327257871627808,1.4551249742507935,1.2975214719772339,1.571392297744751,1.5348849296569824,1.8960508108139038,1.9620702266693115,2.125086545944214,1.794655680656433,1.6209797859191895,1.5082844495773315,1.26752507686615,1.0041377544403076,0.641535222530365,0.4025864899158478,0.0,0.397297739982605,0.6227791905403137,0.9718698263168335,1.2704068422317505,1.6095833778381348,1.9357091188430786,2.202864646911621,1.747439980506897,1.7699099779129028,1.586349368095398,1.4211061000823975,1.1274147033691406,0.9897751808166504,0.6940727233886719,0.8480937480926514,0.7648734450340271,1.1136149168014526,1.252828598022461,1.6190712451934814,1.8456029891967773,2.2074995040893555,2.4825472831726074,1.9159895181655884,1.8700735569000244,1.638564944267273,1.5341800451278687,1.2782689332962036,1.165608286857605,0.9139799475669861,1.0142521858215332,0.9362452626228333,1.1659462451934814,1.3582864999771118,1.6675852537155151,1.9138654470443726,2.239931583404541,2.4692840576171875,1.8044216632843018,1.756838083267212,1.355268955230713,1.2641831636428833,0.8893489241600037,0.6344684362411499,0.25929737091064453,0.3535809814929962,0.47969475388526917,0.808701753616333,1.0940840244293213,1.3980859518051147,1.7380040884017944,2.0344181060791016,2.359912633895874
B9,2.8587114810943604,2.484203577041626,2.3414559364318848,1.9949432611465454,1.8670439720153809,1.4979788064956665,1.495495080947876,1.294191598892212,1.2282527685165405,1.0000083446502686,1.220401644706726,1.1446346044540405,1.5024930238723755,1.5710831880569458,1.753341794013977,1.952691674232483,1.8486384153366089,1.7538952827453613,1.5688551664352417,1.2892382144927979,0.9765822887420654,0.6388811469078064,0.397297739982605,0.0,0.3970731794834137,0.6338235139846802,0.9894358515739441,1.287811517715454,1.6451663970947266,1.9299005270004272,1.9917198419570923,2.063025712966919,1.9236788749694824,1.794367790222168,1.518920660018921,1.3580042123794556,1.0341793298721313,1.0837615728378296,0.861677348613739,1.1526107788085938,1.1639806032180786,1.535390853881836,1.6907049417495728,2.0711400508880615,2.3327808380126953,2.1721510887145996,2.174475908279419,1.9681661128997803,1.9021373987197876,1.6561349630355835,1.5069499015808105,1.217961072921753,1.2260831594467163,1.0296968221664429,1.2042375802993774,1.2856966257095337,1.6038264036178589,1.7801271677017212,2.1335558891296387,2.327310800552368,2.035557746887207,2.036741256713867,1.6560120582580566,1.5961649417877197,1.2433664798736572,0.949891984462738,0.6095643043518066,0.38467538356781006,0.20319746434688568,0.5430366396903992,0.7684562802314758,1.1161596775054932,1.4131550788879395,1.7433668375015259,2.056361675262451
B10,3.2229905128479004,2.844968318939209,2.7198338508605957,2.369124412536621,2.254993200302124,1.8805516958236694,1.8705394268035889,1.6561719179153442,1.5344903469085693,1.2675257921218872,1.3896822929382324,1.2051012516021729,1.518734097480774,1.4925363063812256,1.6492441892623901,2.128922700881958,2.033501625061035,2.0017144680023193,1.8256044387817383,1.593995213508606,1.2558099031448364,0.9778206944465637,0.6227791905403137,0.3970731794834137,0.0,0.3942919671535492,0.6479220986366272,0.9964436888694763,1.3178737163543701,1.605224609375,1.9236629009246826,2.0588035583496094,1.9599862098693848,1.8564919233322144,1.6149451732635498,1.3801779747009277,1.051426649093628,0.9521360993385315,0.6434837579727173,0.8335694074630737,0.7847545146942139,1.1469188928604126,1.2956193685531616,1.67462158203125,1.9386308193206787,2.0409669876098633,2.108088493347168,1.9105076789855957,1.9139282703399658,1.6863197088241577,1.480251669883728,1.1831105947494507,1.0633398294448853,0.7946146726608276,0.8789826035499573,0.9092409014701843,1.216463327407837,1.3830854892730713,1.7383986711502075,1.9378026723861694,1.930545687675476,2.0043728351593018,1.6496891975402832,1.6862283945083618,1.3690621852874756,1.1543930768966675,0.8388605713844299,0.6234657168388367,0.2492745816707611,0.4479256272315979,0.5338869690895081,0.8617388606071472,1.1620668172836304,1.4590193033218384,1.8062599897384644
B11,3.4736385345458984,3.098371982574463,2.9347259998321533,2.578679084777832,2.416393518447876,2.0311107635498047,1.9498599767684937,1.6823630332946777,1.4858375787734985,1.1689512729644775,1.1807441711425781,0.9106559753417969,1.1784889698028564,1.1160861253738403,1.2894288301467896,2.3440728187561035,2.301936149597168,2.28080153465271,2.141916036605835,1.8995739221572876,1.589786410331726,1.2712361812591553,0.9718698263168335,0.6338235139846802,0.3942919671535492,0.0,0.395134836435318,0.6560952663421631,1.024038314819336,1.3355534076690674,2.2211697101593018,2.3859176635742188,2.3178892135620117,2.238062620162964,2.0056986808776855,1.7732961177825928,1.4413228034973145,1.315872073173523,0.9725408554077148,1.067472219467163,0.8713852167129517,1.180001139640808,1.2118598222732544,1.5941756963729858,1.8281447887420654,2.3498036861419678,2.448765993118286,2.2749757766723633,2.298262119293213,2.0790929794311523,1.8641010522842407,1.5584484338760376,1.4042768478393555,1.0892540216445923,1.1028287410736084,0.9941752552986145,1.2665654420852661,1.322060465812683,1.6927388906478882,1.8367183208465576,2.219799041748047,2.324908494949341,1.9928923845291138,2.0385563373565674,1.7339799404144287,1.490730881690979,1.1852304935455322,0.8974776864051819,0.5148738026618958,0.4715031087398529,0.24024075269699097,0.6288279294967651,0.8307213187217712,1.1719430685043335,1.5038604736328125
B12,3.841432809829712,3.463263511657715,3.3133726119995117,2.9547927379608154,2.8043553829193115,2.4169907569885254,2.338491678237915,2.0707414150238037,1.8538099527359009,1.5330253839492798,1.4828109741210938,1.15423583984375,1.3330613374710083,1.1589795351028442,1.278984785079956,2.5743963718414307,2.539977788925171,2.563450574874878,2.431698799133301,2.221496820449829,1.8982080221176147,1.61276113986969,1.2704068422317505,0.9894358515739441,0.6479220986366272,0.395134836435318,0.0,0.3849060833454132,0.6776536107063293,1.00291907787323,2.2666358947753906,2.481029748916626,2.4500694274902344,2.3945975303649902,2.194852352142334,1.9231936931610107,1.6100736856460571,1.3929694890975952,1.037583351135254,0.9824719429016113,0.680063784122467,0.8917303681373596,0.8459804058074951,1.2194465398788452,1.4414390325546265,2.337329864501953,2.4927818775177,2.336627244949341,2.416166067123413,2.220573663711548,1.974866271018982,1.6839361190795898,1.443335771560669,1.1063693761825562,0.9992190599441528,0.7801781892776489,0.9786812663078308,0.9597940444946289,1.3300504684448242,1.4587944746017456,2.2325689792633057,2.3986611366271973,2.1035897731781006,2.2186763286590576,1.9493769407272339,1.7603362798690796,1.4763414859771729,1.2115792036056519,0.8388689160346985,0.7273457050323486,0.3817870318889618,0.5246263742446899,0.6410446166992188,0.9087156057357788,1.2793422937393188
B13,4.121551990509033,3.747728109359741,3.5711324214935303,3.213862657546997,3.029871940612793,2.6427431106567383,2.5176310539245605,2.2176899909973145,1.961763858795166,1.6212643384933472,1.4820506572723389,1.0987693071365356,1.1624711751937866,0.9023386836051941,0.9923544526100159,2.795966148376465,2.804567337036133,2.8401572704315186,2.739912271499634,2.528097152709961,2.2268564701080322,1.92183518409729,1.6095833778381348,1.287811517715454,0.9964436888694763,0.6560952663421631,0.3849060833454132,0.0,0.39844465255737305,0.7446720600128174,2.561701774597168,2.7948157787323,2.78948712348938,2.755776882171631,2.5657033920288086,2.304227828979492,1.992203950881958,1.7765141725540161,1.4210766553878784,1.339428424835205,1.0032353401184082,1.117708683013916,0.9399121999740601,1.2566817998886108,1.4071475267410278,2.6490721702575684,2.8245339393615723,2.692807674407959,2.7847917079925537,2.60011625289917,2.3589859008789062,2.068378210067749,1.822410225868225,1.4817734956741333,1.348773717880249,1.0802226066589355,1.1982276439666748,1.054080605506897,1.3885753154754639,1.4278438091278076,2.5243568420410156,2.7093665599823,2.4352715015411377,2.5525095462799072,2.294175148010254,2.084991693496704,1.810847282409668,1.508983850479126,1.1494245529174805,0.9656046032905579,0.5669289231300354,0.5354329347610474,0.36166468262672424,0.6416601538658142,0.9791219830513
