,A1,A2,A3,A4,A5,A6,A7,A8,A9,A10,A11,A12,A13,A14,A15,B1,B2,B3,B4,B5,B6,B7,B8,B9,B10,B11,B12,B13,B14,B15,C1,C2,C3,C4,C5,C6,C7,C8,C9,C10,C11,C12,C13,C14,C15,D1,D2,D3,D4,D5,D6,D7,D8,D9,D10,D11,D12,D13,D14,D15,E1,E2,E3,E4,E5,E6,E7,E8,E9,E10,E11,E12,E13,E14,E15
A1,0.0,0.3901110589504242,0.6258884072303772,0.9177668690681458,1.1724733114242554,1.540687084197998,1.8123267889022827,2.0169270038604736,2.3607161045074463,2.4994583129882812,2.871232032775879,3.0164437294006348,3.375786304473877,3.570645332336426,3.7829487323760986,2.5446977615356445,2.3120293617248535,2.0285279750823975,1.7749180793762207,1.7239928245544434,1.745877742767334,2.0062849521636963,2.268054485321045,2.5235226154327393,2.786287784576416,3.0801570415496826,3.3302316665649414,3.644943952560425,3.8955345153808594,4.0502800941467285,3.1741061210632324,2.9876840114593506,2.7114994525909424,2.502887487411499,2.4534072875976562,2.35739803314209,2.4583561420440674,2.6680872440338135,2.7647221088409424,3.0645086765289307,3.2597885131835938,3.597031354904175,3.8007428646087646,4.160333156585693,4.278157711029053,3.7545664310455322,3.6666109561920166,3.3954834938049316,3.2033708095550537,3.0912551879882812,2.85512113571167,2.971207857131958,3.0656301975250244,3.1004762649536133,3.3882241249084473,3.518993377685547,3.8765857219696045,4.056931495666504,4.416492938995361,4.588107585906982,4.6663994789123535,4.644686222076416,4.290991306304932,4.2263503074646,4.026186943054199,3.6940839290618896,3.8271617889404297,3.7098946571350098,3.5870540142059326,3.782263994216919,3.638442277908325,3.970017433166504,3.873439073562622,4.226659774780273,4.353596210479736
A2,0.3901110589504242,0.0,0.39409199357032776,0.629753589630127,0.8563218116760254,1.2195466756820679,1.4746358394622803,1.6507620811462402,2.001194477081299,2.121103048324585,2.4963412284851074,2.6329455375671387,2.9920125007629395,3.1855640411376953,3.393693447113037,2.216991662979126,2.006816864013672,1.6967368125915527,1.466254711151123,1.3818979263305664,1.4151335954666138,1.7027710676193237,1.9314082860946655,2.200533628463745,2.4455833435058594,2.7403552532196045,2.983246088027954,3.291271448135376,3.541076421737671,3.6822683811187744,2.890357255935669,2.737332344055176,2.454740047454834,2.285287380218506,2.241969347000122,2.1050708293914795,2.2219011783599854,2.392221689224243,2.494267463684082,2.77024507522583,2.9634644985198975,3.2900640964508057,3.483858108520508,3.8419840335845947,3.941396713256836,3.5148980617523193,3.4602794647216797,3.1901919841766357,3.035862445831299,2.9283034801483154,2.670012950897217,2.79689884185791,2.849703311920166,2.893639326095581,3.1534950733184814,3.2833099365234375,3.6295993328094482,3.801015853881836,4.159964561462402,4.308865070343018,4.473344802856445,4.480746746063232,4.140470504760742,4.102229595184326,3.907684326171875,3.570220470428467,3.708711862564087,3.5603673458099365,3.4577698707580566,3.62638521194458,3.4922399520874023,3.8127846717834473,3.7105019092559814,4.070366859436035,4.174815654754639
A3,0.6258884072303772,0.39409199357032776,0.0,0.39895331859588623,0.5584319829940796,0.9312453866004944,1.2403050661087036,1.4500216245651245,1.7955399751663208,1.9713183641433716,2.3293516635894775,2.5166780948638916,2.8578431606292725,3.091712713241577,3.3054399490356445,2.366896629333496,2.1788580417633057,1.835603952407837,1.6112496852874756,1.4377484321594238,1.3812735080718994,1.6240016222000122,1.835823655128479,2.053635358810425,2.328022003173828,2.584414482116699,2.862802505493164,3.1492254734039307,3.4309794902801514,3.574967861175537,3.0010673999786377,2.8826639652252197,2.5704281330108643,2.410889148712158,2.3160486221313477,2.127606153488159,2.1854801177978516,2.3289661407470703,2.372068405151367,2.652041435241699,2.799905776977539,3.1429615020751953,3.307732582092285,3.679880142211914,3.794255495071411,3.5881433486938477,3.560781955718994,3.262972593307495,3.1263515949249268,2.9780967235565186,2.686884641647339,2.765859842300415,2.7879555225372314,2.782409429550171,3.0352072715759277,3.1208722591400146,3.4769556522369385,3.616628646850586,3.9888179302215576,4.137118816375732,4.4975504875183105,4.512180328369141,4.173190593719482,4.122509479522705,3.9013311862945557,3.548741102218628,3.6509265899658203,3.476344108581543,3.3448116779327393,3.486156463623047,3.3181369304656982,3.618213176727295,3.4830522537231445,3.8294875621795654,3.9162795543670654
A4,0.9177668690681458,0.629753589630127,0.39895331859588623,0.0,0.3998231291770935,0.6712028384208679,0.9077352285385132,1.1667462587356567,1.4785635471343994,1.6708106994628906,2.0216562747955322,2.2160730361938477,2.5632779598236084,2.7923824787139893,3.0349671840667725,2.1689398288726807,1.969708800315857,1.620840072631836,1.3742895126342773,1.1472516059875488,1.022933006286621,1.2353922128677368,1.4571689367294312,1.6643338203430176,1.9494613409042358,2.2078135013580322,2.4892630577087402,2.784006357192993,3.0648210048675537,3.2273597717285156,2.69525408744812,2.595889091491699,2.263932466506958,2.1125359535217285,1.9883434772491455,1.7703204154968262,1.8079261779785156,1.938308596611023,1.973639726638794,2.2542901039123535,2.4048562049865723,2.7486774921417236,2.921708583831787,3.291907787322998,3.4142534732818604,3.2448253631591797,3.2350962162017822,2.924852132797241,2.807755947113037,2.6447603702545166,2.3364672660827637,2.4056124687194824,2.405959367752075,2.398690938949585,2.641878604888916,2.729767084121704,3.0821571350097656,3.2256085872650146,3.595241069793701,3.7428689002990723,4.136098384857178,4.1618757247924805,3.8298003673553467,3.787426471710205,3.564324140548706,3.208477735519409,3.308292865753174,3.116135597229004,2.9964964389801025,3.1239778995513916,2.9671950340270996,3.264714002609253,3.13765811920166,3.4925038814544678,3.576213836669922
A5,1.1724733114242554,0.8563218116760254,0.5584319829940796,0.3998231291770935,0.0,0.38661617040634155,0.7285488247871399,0.9172889590263367,1.2634786367416382,1.4633116722106934,1.8054083585739136,2.0238802433013916,2.346285820007324,2.608846664428711,2.822288751602173,2.1845290660858154,2.050898790359497,1.677061676979065,1.5101193189620972,1.2352231740951538,1.1135401725769043,1.328142762184143,1.4529731273651123,1.6346032619476318,1.8984581232070923,2.1177074909210205,2.410370349884033,2.666720151901245,2.969259738922119,3.0966219902038574,2.8078529834747314,2.7589125633239746,2.4317362308502197,2.335165023803711,2.2179408073425293,1.9516679048538208,1.9829511642456055,2.041788339614868,2.0442943572998047,2.282608985900879,2.3885090351104736,2.722604751586914,2.8495032787323,3.2263026237487793,3.325469970703125,3.4044175148010254,3.4362523555755615,3.129913091659546,3.054872989654541,2.891606330871582,2.5634286403656006,2.6212000846862793,2.5664124488830566,2.539180040359497,2.7404303550720215,2.791748523712158,3.131770610809326,3.235156774520874,3.6108334064483643,3.726303815841675,4.320929050445557,4.375279903411865,4.059240818023682,4.033993721008301,3.80832576751709,3.448423147201538,3.5329980850219727,3.307020902633667,3.187462091445923,3.273178815841675,3.1011416912078857,3.3667638301849365,3.2060184478759766,3.5472826957702637,3.590911865234375
A6,1.540687084197998,1.2195466756820679,0.9312453866004944,0.6712028384208679,0.38661617040634155,0.0,0.3861454129219055,0.6086510419845581,0.9134188294410706,1.1651389598846436,1.4773759841918945,1.734748363494873,2.0391173362731934,2.324514150619507,2.552922248840332,2.1654865741729736,2.058363199234009,1.6849335432052612,1.5454498529434204,1.2128546237945557,1.0159621238708496,1.1555781364440918,1.2140493392944336,1.3366843461990356,1.6032302379608154,1.7830805778503418,2.0942883491516113,2.329259157180786,2.6500542163848877,2.7792346477508545,2.704296112060547,2.700763463973999,2.3622255325317383,2.2996432781219482,2.1534523963928223,1.840929627418518,1.8319751024246216,1.8318345546722412,1.789499044418335,2.000563144683838,2.0678000450134277,2.399021625518799,2.500103712081909,2.8806374073028564,2.9811151027679443,3.264744281768799,3.3337390422821045,3.017637014389038,2.9808850288391113,2.799349546432495,2.4502170085906982,2.479825973510742,2.3743622303009033,2.322180986404419,2.4877004623413086,2.508784294128418,2.8377559185028076,2.9148788452148438,3.2921063899993896,3.391486406326294,4.150022506713867,4.225769996643066,3.925583600997925,3.9106435775756836,3.6787421703338623,3.3166251182556152,3.382033586502075,3.1241745948791504,3.0090737342834473,3.0555567741394043,2.879990816116333,3.119107484817505,2.9430785179138184,3.278003215789795,3.295276641845703
A7,1.8123267889022827,1.4746358394622803,1.2403050661087036,0.9077352285385132,0.7285488247871399,0.3861454129219055,0.0,0.3826341927051544,0.5878840684890747,0.8624135255813599,1.1613951921463013,1.4224724769592285,1.734318733215332,2.008469820022583,2.2689526081085205,1.9955968856811523,1.8970667123794556,1.5423333644866943,1.420420527458191,1.056775689125061,0.8031457662582397,0.8695553541183472,0.8607062697410583,0.9589512944221497,1.2196043729782104,1.3996139764785767,1.7103091478347778,1.9531195163726807,2.27119517326355,2.414618968963623,2.4201478958129883,2.4508297443389893,2.1085574626922607,2.0796799659729004,1.9210444688796997,1.5765961408615112,1.5547974109649658,1.5005953311920166,1.451295256614685,1.632992148399353,1.7011034488677979,2.0220983028411865,2.1286725997924805,2.505359411239624,2.602203369140625,2.951399326324463,3.0485353469848633,2.7329652309417725,2.7322733402252197,2.550367832183838,2.1926610469818115,2.2203941345214844,2.073213577270508,2.0305371284484863,2.161191940307617,2.1876752376556396,2.498866319656372,2.5781748294830322,2.9478461742401123,3.033665657043457,3.8309426307678223,3.927072286605835,3.6433308124542236,3.648845672607422,3.4262309074401855,3.069870710372925,3.139063596725464,2.860454797744751,2.77423095703125,2.796675205230713,2.6472244262695312,2.8757121562957764,2.7147059440612793,3.0573391914367676,3.0639660358428955
A8,2.0169270038604736,1.6507620811462402,1.4500216245651245,1.1667462587356567,0.9172889590263367,0.6086510419845581,0.3826341927051544,0.0,0.3887748122215271,0.5624765753746033,0.8891923427581787,1.130618929862976,1.4357584714889526,1.7196812629699707,1.9449515342712402,1.840268611907959,1.8154618740081787,1.4632792472839355,1.4411109685897827,1.0891178846359253,0.9334967732429504,1.0462067127227783,0.9037987589836121,1.0245739221572876,1.1786986589431763,1.339475393295288,1.6105531454086304,1.817185878753662,2.1277596950531006,2.216477632522583,2.382434844970703,2.459139347076416,2.1476871967315674,2.184248924255371,2.0735180377960205,1.719144582748413,1.7467988729476929,1.6270664930343628,1.6051222085952759,1.707830548286438,1.7649861574172974,2.03674578666687,2.108349323272705,2.4694833755493164,2.511598587036133,2.995455265045166,3.127352237701416,2.841482639312744,2.8829455375671387,2.7348265647888184,2.384549379348755,2.4417901039123535,2.257202386856079,2.2432541847229004,2.3212015628814697,2.3491883277893066,2.621960401535034,2.6816556453704834,3.0357604026794434,3.074502468109131,3.942319869995117,4.070668697357178,3.8095498085021973,3.8491642475128174,3.6485707759857178,3.3035168647766113,3.3870790004730225,3.0935425758361816,3.038723945617676,3.0362541675567627,2.9078829288482666,3.114274740219116,2.952139139175415,3.2864198684692383,3.2614569664001465
A9,2.3607161045074463,2.001194477081299,1.7955399751663208,1.4785635471343994,1.2634786367416382,0.9134188294410706,0.5878840684890747,0.3887748122215271,0.0,0.37759310007095337,0.5836376547813416,0.8935811519622803,1.1660847663879395,1.4696736335754395,1.7307240962982178,1.9338431358337402,1.9270427227020264,1.6140223741531372,1.6084269285202026,1.255713939666748,1.0539363622665405,1.0415211915969849,0.7983211874961853,0.7929220199584961,0.9045412540435791,0.9904630780220032,1.2789546251296997,1.4568907022476196,1.7886091470718384,1.8879995346069336,2.311779260635376,2.4352681636810303,2.125054121017456,2.1946916580200195,2.058304786682129,1.6803674697875977,1.6625436544418335,1.4700669050216675,1.3989753723144531,1.440603494644165,1.4473131895065308,1.6983144283294678,1.7391830682754517,2.0993828773498535,2.140817642211914,2.852146625518799,3.0217483043670654,2.733267307281494,2.8158016204833984,2.6545989513397217,2.2981996536254883,2.325920581817627,2.0893704891204834,2.05629825592041,2.08039927482605,2.0794384479522705,2.324073553085327,2.3567752838134766,2.703108787536621,2.7196311950683594,3.744190216064453,3.8941335678100586,3.6549830436706543,3.70687198638916,3.5064728260040283,3.168919324874878,3.2346208095550537,2.9150683879852295,2.8750243186950684,2.830761432647705,2.7129876613616943,2.8867013454437256,2.722151279449463,3.0456032752990723,2.9947900772094727
A10,2.4994583129882812,2.121103048324585,1.9713183641433716,1.6708106994628906,1.4633116722106934,1.1651389598846436,0.8624135255813599,0.5624765753746033,0.37759310007095337,0.0,0.38410815596580505,0.5697196125984192,0.8930192589759827,1.1594810485839844,1.4066011905670166,1.6653194427490234,1.7186920642852783,1.4351757764816284,1.5156954526901245,1.2041128873825073,1.1031780242919922,1.1423810720443726,0.8264974355697632,0.902610182762146,0.8672615885734558,0.9857869744300842,1.1740288734436035,1.3444849252700806,1.6294876337051392,1.6785271167755127,2.1174678802490234,2.27709698677063,2.005880117416382,2.135932207107544,2.057436466217041,1.6914515495300293,1.7438085079193115,1.5159859657287598,1.517767071723938,1.4921866655349731,1.5398837327957153,1.72392737865448,1.768259048461914,2.091592788696289,2.069446325302124,2.7423558235168457,2.9346189498901367,2.6847503185272217,2.801389455795288,2.686673402786255,2.3513565063476562,2.4282217025756836,2.178518533706665,2.203375816345215,2.1920876502990723,2.2307260036468506,2.4337825775146484,2.480517864227295,2.797429323196411,2.776602029800415,3.7181122303009033,3.8940811157226562,3.675400972366333,3.764695167541504,3.597313165664673,3.27746844291687,3.3754353523254395,3.0586085319519043,3.0627877712249756,3.0178070068359375,2.9411351680755615,3.1143243312835693,2.9769883155822754,3.3037071228027344,3.2470786571502686
A11,2.871232032775879,2.4963412284851074,2.3293516635894775,2.0216562747955322,1.8054083585739136,1.4773759841918945,1.1613951921463013,0.8891923427581787,0.5836376547813416,0.38410815596580505,0.0,0.3843227028846741,0.5850755572319031,0.9104175567626953,1.1708875894546509,1.8954166173934937,1.982017993927002,1.7400639057159424,1.8406846523284912,1.542837142944336,1.4228076934814453,1.388019323348999,1.032808780670166,0.9858469367027283,0.8606881499290466,0.8313927054405212,0.9853222966194153,1.0594083070755005,1.364737629890442,1.3818415403366089,2.2233777046203613,2.432976245880127,2.179821729660034,2.3431267738342285,2.251837968826294,1.880496859550476,1.895122766494751,1.6084967851638794,1.5629191398620605,1.4555377960205078,1.4294731616973877,1.553332805633545,1.529137372970581,1.8314473628997803,1.7782496213912964,2.780712366104126,3.0143136978149414,2.7734010219573975,2.9319238662719727,2.81136417388916,2.4792320728302,2.527686357498169,2.2324821949005127,2.2363922595977783,2.1622276306152344,2.1613662242889404,2.317653179168701,2.3190526962280273,2.6156675815582275,2.55155086517334,3.6971278190612793,3.899538993835449,3.7094836235046387,3.813469648361206,3.649397134780884,3.3417398929595947,3.419113874435425,3.079468011856079,3.09627366065979,3.0055277347564697,2.9362971782684326,3.0659193992614746,2.9200992584228516,3.2227227687835693,3.1291027069091797
A12,3.0164437294006348,2.6329455375671387,2.5166780948638916,2.2160730361938477,2.0238802433013916,1.734748363494873,1.4224724769592285,1.130618929862976,0.8935811519622803,0.5697196125984192,0.3843227028846741,0.0,0.38603806495666504,0.589790403842926,0.8644226789474487,1.6672767400741577,1.8080159425735474,1.6213533878326416,1.7901062965393066,1.549586296081543,1.5092697143554688,1.5056004524230957,1.1298154592514038,1.1527615785598755,0.9222162961959839,0.9429579973220825,0.9488745927810669,1.0191757678985596,1.2308013439178467,1.1890053749084473,2.011451482772827,2.2569892406463623,2.051952600479126,2.270428419113159,2.234245777130127,1.8888038396835327,1.964806079864502,1.6612597703933716,1.6891038417816162,1.5326662063598633,1.5624126195907593,1.6163239479064941,1.615396499633789,1.8621817827224731,1.7434656620025635,2.633894681930542,2.886781692504883,2.6893367767333984,2.8792238235473633,2.8061864376068115,2.5024611949920654,2.5975334644317627,2.300175905227661,2.3627524375915527,2.263434648513794,2.310138702392578,2.4267005920410156,2.45432448387146,2.7148919105529785,2.6220171451568604,3.622925281524658,3.8480641841888428,3.6795947551727295,3.8196146488189697,3.6908693313598633,3.4044604301452637,3.5151214599609375,3.1854023933410645,3.2459194660186768,3.1621124744415283,3.1359946727752686,3.2716665267944336,3.160111904144287,3.468763828277588,3.380971908569336
A13,3.375786304473877,2.9920125007629395,2.8578431606292725,2.5632779598236084,2.346285820007324,2.0391173362731934,1.734318733215332,1.4357584714889526,1.1660847663879395,0.8930192589759827,0.5850755572319031,0.38603806495666504,0.0,0.3968464136123657,0.6128681898117065,1.9760181903839111,2.149730920791626,1.9865926504135132,2.170874834060669,1.9355086088180542,1.8856173753738403,1.8555976152420044,1.4744728803634644,1.4320470094680786,1.1793493032455444,1.0838191509246826,1.0353407859802246,0.9565503001213074,1.1468240022659302,1.008938193321228,2.266648292541504,2.5465798377990723,2.3647959232330322,2.603391408920288,2.563002109527588,2.219517230987549,2.2700448036193848,1.9391144514083862,1.929450511932373,1.7224544286727905,1.685476303100586,1.6751937866210938,1.5941985845565796,1.7941479682922363,1.6212655305862427,2.836853504180908,3.121347665786743,2.9390792846679688,3.1587486267089844,3.0845532417297363,2.786959409713745,2.8599841594696045,2.535010814666748,2.577045440673828,2.4312710762023926,2.439361333847046,2.510618209838867,2.4894778728485107,2.721921443939209,2.5791828632354736,3.7698771953582764,4.0187482833862305,3.878138303756714,4.030749320983887,3.906338691711426,3.6319351196289062,3.7240734100341797,3.3788745403289795,3.4454448223114014,3.3242790699005127,3.2993686199188232,3.3945279121398926,3.270753860473633,3.551140546798706,3.4264798164367676
A14,3.570645332336426,3.1855640411376953,3.091712713241577,2.7923824787139893,2.608846664428711,2.324514150619507,2.008469820022583,1.7196812629699707,1.4696736335754395,1.1594810485839844,0.9104175567626953,0.589790403842926,0.3968464136123657,0.0,0.39090242981910706,1.8687306642532349,2.0746288299560547,1.9803860187530518,2.20217227935791,2.021610736846924,2.0186123847961426,1.9903404712677002,1.608203649520874,1.5981193780899048,1.282820701599121,1.2218018770217896,1.0475045442581177,0.9643642902374268,1.0125658512115479,0.805062472820282,2.076099395751953,2.3918511867523193,2.263017177581787,2.547039747238159,2.548297643661499,2.2380967140197754,2.3274013996124268,1.985392451286316,2.0301876068115234,1.7817070484161377,1.7907918691635132,1.713080644607544,1.662115216255188,1.7940890789031982,1.5626516342163086,2.656888246536255,2.9623072147369385,2.8255198001861572,3.078230857849121,3.0460102558135986,2.781973123550415,2.8884828090667725,2.562296152114868,2.653703451156616,2.481278896331787,2.531644821166992,2.559953212738037,2.5660059452056885,2.756152868270874,2.589385509490967,3.6242802143096924,3.8955705165863037,3.782327890396118,3.969269275665283,3.8804709911346436,3.6322808265686035,3.7515368461608887,3.4179115295410156,3.527644634246826,3.4103140830993652,3.429792642593384,3.5276031494140625,3.441471815109253,3.725745439529419,3.6105728149414062
A15,3.7829487323760986,3.393693447113037,3.3054399490356445,3.0349671840667725,2.822288751602173,2.552922248840332,2.2689526081085205,1.9449515342712402,1.7307240962982178,1.4066011905670166,1.1708875894546509,0.8644226789474487,0.6128681898117065,0.39090242981910706,0.0,2.0151994228363037,2.2729806900024414,2.1885883808135986,2.4504029750823975,2.2866196632385254,2.318286657333374,2.3281402587890625,1.9499752521514893,1.9610320329666138,1.6608237028121948,1.5981168746948242,1.4337605237960815,1.3125852346420288,1.330897331237793,1.047850489616394,2.348998785018921,2.670012950897217,2.570013999938965,2.867253303527832,2.8946104049682617,2.592015266418457,2.700401544570923,2.36647629737854,2.41597318649292,2.172183036804199,2.170884370803833,2.084613561630249,2.0042388439178467,2.1107699871063232,1.8460830450057983,2.9764702320098877,3.2850401401519775,3.1716549396514893,3.4283974170684814,3.4133918285369873,3.1559009552001953,3.2733898162841797,2.9510245323181152,3.0440425872802734,2.8702023029327393,2.9126462936401367,2.9321327209472656,2.9205031394958496,3.0985233783721924,2.9075214862823486,3.964313507080078,4.24609375,4.144155502319336,4.341889381408691,4.262105464935303,4.018243789672852,4.140983581542969,3.807725429534912,3.917640447616577,3.7963919639587402,3.811152458190918,3.900552749633789,3.8036508560180664,4.077963352203369,3.9466331005096436
B1,2.5446977615356445,2.216991662979126,2.366896629333496,2.1689398288726807,2.1845290660858154,2.1654865741729736,1.9955968856811523,1.840268611907959,1.9338431358337402,1.6653194427490234,1.8954166173934937,1.6672767400741577,1.9760181903839111,1.8687306642532349,2.0151994228363037,0.0,0.38744446635246277,0.5666698813438416,0.9291800856590271,1.1130269765853882,1.4454890489578247,1.678623914718628,1.5707025527954102,1.9133795499801636,1.7803905010223389,2.1064624786376953,2.038832902908325,2.3137166500091553,2.3306150436401367,2.356506109237671,1.267969012260437,1.3249222040176392,1.2990015745162964,1.5307433605194092,1.7670880556106567,1.65914785861969,2.008108615875244,1.9313830137252808,2.2363924980163574,2.2245256900787354,2.5160720348358154,2.601943254470825,2.812756299972534,3.0149216651916504,2.9221935272216797,2.25368332862854,2.3474345207214355,2.283521890640259,2.3769400119781494,2.4903368949890137,2.325446844100952,2.6282849311828613,2.525243043899536,2.7815632820129395,2.8183510303497314,3.068694829940796,3.2221031188964844,3.429011106491089,3.6602351665496826,3.656973361968994,3.5392706394195557,3.703537702560425,3.502960681915283,3.676840305328369,3.647136688232422,3.4085958003997803,3.6664862632751465,3.4706225395202637,3.5996649265289307,3.6790103912353516,3.7403783798217773,4.005588054656982,4.008134841918945,4.383440971374512,4.4215240478515625
B2,2.3120293617248535,2.006816864013672,2.1788580417633057,1.969708800315857,2.050898790359497,2.058363199234009,1.8970667123794556,1.8154618740081787,1.9270427227020264,1.7186920642852783,1.982017993927002,1.8080159425735474,2.149730920791626,2.0746288299560547,2.2729806900024414,0.38744446635246277,0.0,0.3813634216785431,0.6292200088500977,0.8975794911384583,1.2386646270751953,1.4724758863449097,1.4470610618591309,1.8080496788024902,1.7300080060958862,2.089171886444092,2.055818796157837,2.3736538887023926,2.408802032470703,2.493098497390747,1.1479604244232178,1.1047316789627075,1.0322915315628052,1.2008079290390015,1.4472994804382324,1.3801038265228271,1.748052954673767,1.7352958917617798,2.0620763301849365,2.102882146835327,2.4244253635406494,2.5442464351654053,2.792661666870117,3.010762929916382,2.964459180831909,2.084082841873169,2.126570701599121,2.036733627319336,2.0814268589019775,2.190096855163574,2.0337295532226562,2.349334239959717,2.291367769241333,2.5577359199523926,2.636331081390381,2.90785813331604,3.085740566253662,3.3207294940948486,3.5608198642730713,3.5972418785095215,3.347313642501831,3.4786157608032227,3.2518959045410156,3.402517557144165,3.365483045578003,3.122727632522583,3.3890793323516846,3.2168121337890625,3.338024139404297,3.4484853744506836,3.51172137260437,3.7999918460845947,3.818324327468872,4.202012538909912,4.2691826820373535
B3,2.0285279750823975,1.6967368125915527,1.835603952407837,1.620840072631836,1.677061676979065,1.6849335432052612,1.5423333644866943,1.4632792472839355,1.6140223741531372,1.4351757764816284,1.7400639057159424,1.6213533878326416,1.9865926504135132,1.9803860187530518,2.1885883808135986,0.5666698813438416,0.3813634216785431,0.0,0.390312135219574,0.573406457901001,0.9380078911781311,1.2260539531707764,1.207174301147461,1.5847585201263428,1.5577301979064941,1.9181568622589111,1.9479268789291382,2.266956329345703,2.363022565841675,2.4524106979370117,1.3872376680374146,1.3571242094039917,1.1855111122131348,1.2935786247253418,1.455070972442627,1.3101657629013062,1.6396515369415283,1.6272269487380981,1.9114927053451538,1.9861888885498047,2.27995228767395,2.4442572593688965,2.6729485988616943,2.930114984512329,2.9048590660095215,2.2688112258911133,2.3201358318328857,2.1698944568634033,2.194843053817749,2.2403876781463623,2.029362916946411,2.3043155670166016,2.2332465648651123,2.4522876739501953,2.550704002380371,2.7869906425476074,2.998582601547241,3.2104434967041016,3.482445478439331,3.5280776023864746,3.4839227199554443,3.606522560119629,3.358842134475708,3.4780755043029785,3.4001407623291016,3.1258039474487305,3.361138343811035,3.167541742324829,3.2478480339050293,3.350266933441162,3.3724937438964844,3.6592886447906494,3.644176721572876,4.0268940925598145,4.085404872894287
B4,1.7749180793762207,1.466254711151123,1.6112496852874756,1.3742895126342773,1.5101193189620972,1.5454498529434204,1.420420527458191,1.4411109685897827,1.6084269285202026,1.5156954526901245,1.8406846523284912,1.7901062965393066,2.170874834060669,2.20217227935791,2.4504029750823975,0.9291800856590271,0.6292200088500977,0.390312135219574,0.0,0.36889922618865967,0.7122014760971069,1.0063549280166626,1.1074151992797852,1.485679268836975,1.538754940032959,1.914973258972168,1.9934865236282349,2.342186450958252,2.4652414321899414,2.6064321994781494,1.4463850259780884,1.3401565551757812,1.096454381942749,1.0879732370376587,1.199475646018982,1.0721828937530518,1.3907679319381714,1.45802903175354,1.7398573160171509,1.8830201625823975,2.1907520294189453,2.3983471393585205,2.6541826725006104,2.9311811923980713,2.956562042236328,2.210904598236084,2.216259002685547,2.021287441253662,1.9878593683242798,1.9984478950500488,1.7778208255767822,2.0429742336273193,2.018486976623535,2.226260185241699,2.3754982948303223,2.618575096130371,2.862705707550049,3.0934903621673584,3.379657506942749,3.4669582843780518,3.358577251434326,3.4450879096984863,3.1679587364196777,3.2511513233184814,3.151364803314209,2.8638620376586914,3.093920946121216,2.9190404415130615,2.976064443588257,3.107645034790039,3.1184725761413574,3.4268910884857178,3.4187304973602295,3.807253122329712,3.8932814598083496
B5,1.7239928245544434,1.3818979263305664,1.4377484321594238,1.1472516059875488,1.2352231740951538,1.2128546237945557,1.056775689125061,1.0891178846359253,1.255713939666748,1.2041128873825073,1.542837142944336,1.549586296081543,1.9355086088180542,2.021610736846924,2.2866196632385254,1.1130269765853882,0.8975794911384583,0.573406457901001,0.36889922618865967,0.0,0.38039541244506836,0.7211022973060608,0.8058330416679382,1.1830697059631348,1.2790956497192383,1.6421102285385132,1.7728875875473022,2.1137185096740723,2.285219669342041,2.4331371784210205,1.5930464267730713,1.544365406036377,1.2480717897415161,1.2402245998382568,1.2495087385177612,1.0171304941177368,1.2608832120895386,1.2891348600387573,1.5124989748001099,1.6679872274398804,1.9383714199066162,2.1755969524383545,2.406682014465332,2.710904598236084,2.752148151397705,2.2987871170043945,2.3400464057922363,2.10042142868042,2.084327220916748,2.033318519592285,1.758048176765442,1.9662120342254639,1.8991729021072388,2.0541601181030273,2.198479175567627,2.399542808532715,2.661789894104004,2.8628532886505127,3.171283721923828,3.2571592330932617,3.3889782428741455,3.4832825660705566,3.2030351161956787,3.2690677642822266,3.13470458984375,2.823399305343628,3.015451431274414,2.806447982788086,2.8331146240234375,2.936863899230957,2.9140210151672363,3.207127094268799,3.1668267250061035,3.5500290393829346,3.6178200244903564
B6,1.745877742767334,1.4151335954666138,1.3812735080718994,1.022933006286621,1.1135401725769043,1.0159621238708496,0.8031457662582397,0.9334967732429504,1.0539363622665405,1.1031780242919922,1.4228076934814453,1.5092697143554688,1.8856173753738403,2.0186123847961426,2.318286657333374,1.4454890489578247,1.2386646270751953,0.9380078911781311,0.7122014760971069,0.38039541244506836,0.0,0.37892410159111023,0.5567288994789124,0.892673909664154,1.0790008306503296,1.4226629734039307,1.6158066987991333,1.959835410118103,2.173161029815674,2.3588716983795166,1.7253636121749878,1.6923936605453491,1.3476999998092651,1.2978391647338867,1.1936684846878052,0.8921706676483154,1.0268758535385132,1.0567716360092163,1.2136889696121216,1.4155068397521973,1.6585004329681396,1.9376029968261719,2.1653292179107666,2.4931976795196533,2.577247142791748,2.2965705394744873,2.3477234840393066,2.058436632156372,2.037092685699463,1.9188979864120483,1.6005936861038208,1.7444044351577759,1.6591598987579346,1.7601019144058228,1.9204299449920654,2.0896449089050293,2.3777570724487305,2.5659019947052,2.8934872150421143,3.000412702560425,3.2835707664489746,3.36862850189209,3.0785634517669678,3.116142749786377,2.9463412761688232,2.614859104156494,2.770200252532959,2.5410890579223633,2.5363006591796875,2.62650203704834,2.5764353275299072,2.8644144535064697,2.807302474975586,3.1884515285491943,3.2562320232391357
B7,2.0062849521636963,1.7027710676193237,1.6240016222000122,1.2353922128677368,1.328142762184143,1.1555781364440918,0.8695553541183472,1.0462067127227783,1.0415211915969849,1.1423810720443726,1.388019323348999,1.5056004524230957,1.8555976152420044,1.9903404712677002,2.3281402587890625,1.678623914718628,1.4724758863449097,1.2260539531707764,1.0063549280166626,0.7211022973060608,0.37892410159111023,0.0,0.3855411410331726,0.6149787902832031,0.8595749139785767,1.184675931930542,1.4001429080963135,1.7542277574539185,1.9754353761672974,2.208031415939331,1.7003127336502075,1.6915169954299927,1.322159767150879,1.262866497039795,1.0665075778961182,0.7097238898277283,0.7231169939041138,0.7256739735603333,0.840729296207428,1.0751612186431885,1.319197416305542,1.6175627708435059,1.863549828529358,2.193530559539795,2.3157436847686768,2.1230924129486084,2.1920764446258545,1.8686403036117554,1.8645925521850586,1.6969151496887207,1.3487859964370728,1.4395033121109009,1.3184378147125244,1.3927009105682373,1.5491814613342285,1.7120057344436646,2.0064995288848877,2.199636459350586,2.5293970108032227,2.6533896923065186,3.0137600898742676,3.0995748043060303,2.8122236728668213,2.839845895767212,2.65204119682312,2.313582181930542,2.4457285404205322,2.1951029300689697,2.189483404159546,2.2604258060455322,2.214658498764038,2.4955499172210693,2.4466922283172607,2.829296827316284,2.899965286254883
B8,2.268054485321045,1.9314082860946655,1.835823655128479,1.4571689367294312,1.4529731273651123,1.2140493392944336,0.8607062697410583,0.9037987589836121,0.7983211874961853,0.8264974355697632,1.032808780670166,1.1298154592514038,1.4744728803634644,1.608203649520874,1.9499752521514893,1.5707025527954102,1.4470610618591309,1.207174301147461,1.1074151992797852,0.8058330416679382,0.5567288994789124,0.3855411410331726,0.0,0.3834071755409241,0.5252435207366943,0.8684495091438293,1.0701122283935547,1.412758231163025,1.6427209377288818,1.849076747894287,1.6313503980636597,1.7092387676239014,1.370518684387207,1.4181491136550903,1.2688878774642944,0.888953447341919,0.9221840500831604,0.7484870553016663,0.8397823572158813,0.9409685134887695,1.1534686088562012,1.4099839925765991,1.6194863319396973,1.9466794729232788,2.0253705978393555,2.1127235889434814,2.2469918727874756,1.951289176940918,2.0215091705322266,1.8798097372055054,1.5370948314666748,1.627572774887085,1.4226667881011963,1.4979702234268188,1.561424732208252,1.6972812414169312,1.9464597702026367,2.102749824523926,2.422995090484619,2.4938740730285645,3.0448036193847656,3.175933837890625,2.9233100414276123,2.98866605758667,2.8178446292877197,2.49338436126709,2.619157075881958,2.3343238830566406,2.3565328121185303,2.3725812435150146,2.338515520095825,2.576503038406372,2.5120792388916016,2.8807966709136963,2.9065496921539307
B9,2.5235226154327393,2.200533628463745,2.053635358810425,1.6643338203430176,1.6346032619476318,1.3366843461990356,0.9589512944221497,1.0245739221572876,0.7929220199584961,0.902610182762146,0.9858469367027283,1.1527615785598755,1.4320470094680786,1.5981193780899048,1.9610320329666138,1.9133795499801636,1.8080496788024902,1.5847585201263428,1.485679268836975,1.1830697059631348,0.892673909664154,0.6149787902832031,0.3834071755409241,0.0,0.374165415763855,0.5928241610527039,0.881104588508606,1.1969654560089111,1.4721975326538086,1.7151330709457397,1.8335129022598267,1.9433332681655884,1.6062670946121216,1.6510158777236938,1.4432597160339355,1.0598323345184326,0.9559956192970276,0.704791247844696,0.6195337772369385,0.6869683861732483,0.8101895451545715,1.1044999361038208,1.2901971340179443,1.641506314277649,1.7620760202407837,2.169205665588379,2.332872152328491,2.015739679336548,2.109943151473999,1.9212614297866821,1.563367247581482,1.569531798362732,1.3044061660766602,1.301233172416687,1.3187317848205566,1.3894802331924438,1.639418363571167,1.758756160736084,2.093886137008667,2.1656155586242676,2.9699833393096924,3.109182596206665,2.8695950508117676,2.92215633392334,2.7274324893951416,2.3993403911590576,2.477672576904297,2.158034324645996,2.1634817123413086,2.1290764808654785,2.07682728767395,2.279057741165161,2.193671464920044,2.5503034591674805,2.553225040435791
B10,2.786287784576416,2.4455833435058594,2.328022003173828,1.9494613409042358,1.8984581232070923,1.6032302379608154,1.2196043729782104,1.1786986589431763,0.9045412540435791,0.8672615885734558,0.8606881499290466,0.9222162961959839,1.1793493032455444,1.282820701599121,1.6608237028121948,1.7803905010223389,1.7300080060958862,1.5577301979064941,1.538754940032959,1.2790956497192383,1.0790008306503296,0.8595749139785767,0.5252435207366943,0.374165415763855,0.0,0.38256070017814636,0.5498974323272705,0.8961820602416992,1.1343629360198975,1.3668317794799805,1.6438368558883667,1.8216170072555542,1.5289549827575684,1.659574270248413,1.5081899166107178,1.1418546438217163,1.1087119579315186,0.7726753950119019,0.7723292112350464,0.6471116542816162,0.7881934642791748,0.9593194723129272,1.138334035873413,1.4485902786254883,1.503413200378418,2.0160202980041504,2.230742931365967,1.955915927886963,2.1145381927490234,1.9739881753921509,1.6463749408721924,1.693082571029663,1.3875197172164917,1.4443325996398926,1.37470543384552,1.4699615240097046,1.6399897336959839,1.7540357112884521,2.0467662811279297,2.060856819152832,2.876044273376465,3.056861162185669,2.853642702102661,2.9536728858947754,2.796461343765259,2.496731758117676,2.597658634185791,2.2717034816741943,2.3326754570007324,2.272318124771118,2.2685680389404297,2.443294048309326,2.3816027641296387,2.724886894226074,2.703718423843384
B11,3.0801570415496826,2.7403552532196045,2.584414482116699,2.2078135013580322,2.1177074909210205,1.7830805778503418,1.3996139764785767,1.339475393295288,0.9904630780220032,0.9857869744300842,0.8313927054405212,0.9429579973220825,1.0838191509246826,1.2218018770217896,1.5981168746948242,2.1064624786376953,2.089171886444092,1.9181568622589111,1.914973258972168,1.6421102285385132,1.4226629734039307,1.184675931930542,0.8684495091438293,0.5928241610527039,0.38256070017814636,0.0,0.38190218806266785,0.6160249710083008,0.9350266456604004,1.177238941192627,1.9320578575134277,2.1425468921661377,1.8674602508544922,2.0056979656219482,1.8335517644882202,1.4751852750778198,1.3776720762252808,1.0223557949066162,0.8985443711280823,0.6805006265640259,0.6208467483520508,0.7400848865509033,0.8154063820838928,1.1487114429473877,1.2109869718551636,2.208134174346924,2.4560909271240234,2.18369722366333,2.368863344192505,2.206054210662842,1.8815935850143433,1.867963194847107,1.5207792520523071,1.5089420080184937,1.3671470880508423,1.372187614440918,1.4981006383895874,1.5360387563705444,1.8261644840240479,1.8003170490264893,2.9505321979522705,3.150329113006592,2.9733850955963135,3.07177996635437,2.903075695037842,2.611443281173706,2.66835618019104,2.3137691020965576,2.3644118309020996,2.243723154067993,2.224839925765991,2.3416635990142822,2.2518258094787598,2.5641565322875977,2.4972290992736816
B12,3.3302316665649414,2.983246088027954,2.862802505493164,2.4892630577087402,2.410370349884033,2.0942883491516113,1.7103091478347778,1.6105531454086304,1.2789546251296997,1.1740288734436035,0.9853222966194153,0.9488745927810669,1.0353407859802246,1.0475045442581177,1.4337605237960815,2.038832902908325,2.055818796157837,1.9479268789291382,1.9934865236282349,1.7728875875473022,1.6158066987991333,1.4001429080963135,1.0701122283935547,0.881104588508606,0.5498974323272705,0.38190218806266785,0.0,0.3847985565662384,0.5913037657737732,0.8609925508499146,1.750109314918518,2.0135393142700195,1.7918751239776611,1.9922972917556763,1.8674136400222778,1.5451608896255493,1.5006427764892578,1.11833918094635,1.0827583074569702,0.7692390084266663,0.7738639116287231,0.7030707001686096,0.7919743061065674,1.0175542831420898,0.9876550436019897,2.0145487785339355,2.3044557571411133,2.0798425674438477,2.319016695022583,2.2040047645568848,1.9195404052734375,1.9453063011169434,1.5841736793518066,1.6392935514450073,1.4387636184692383,1.4929412603378296,1.5331305265426636,1.5892410278320312,1.8125735521316528,1.7334116697311401,2.7915446758270264,3.0277812480926514,2.888228178024292,3.03193998336792,2.905118942260742,2.6470534801483154,2.7321083545684814,2.385493040084839,2.493980646133423,2.365523099899292,2.403977632522583,2.5079433917999268,2.4601118564605713,2.7624588012695312,2.69187068939209
B13,3.644943952560425,3.291271448135376,3.1492254734039307,2.784006357192993,2.666720151901245,2.329259157180786,1.9531195163726807,1.817185878753662,1.4568907022476196,1.3444849252700806,1.0594083070755005,1.0191757678985596,0.9565503001213074,0.9643642902374268,1.3125852346420288,2.3137166500091553,2.3736538887023926,2.266956329345703,2.342186450958252,2.1137185096740723,1.959835410118103,1.7542277574539185,1.412758231163025,1.1969654560089111,0.8961820602416992,0.6160249710083008,0.3847985565662384,0.0,0.3918019235134125,0.604242742061615,2.0565671920776367,2.3482935428619385,2.151808023452759,2.3682217597961426,2.247511863708496,1.9287488460540771,1.8683189153671265,1.4851653575897217,1.4032148122787476,1.0743123292922974,0.9606286287307739,0.7949179410934448,0.7024118900299072,0.857751727104187,0.7342148423194885,2.286412239074707,2.6030874252319336,2.399064779281616,2.659891366958618,2.54472017288208,2.269733190536499,2.2694690227508545,1.8928264379501343,1.9111214876174927,1.6663492918014526,1.6540412902832031,1.6345481872558594,1.6094880104064941,1.7958245277404785,1.6431394815444946,2.9839487075805664,3.2435085773468018,3.136117696762085,3.2884867191314697,3.1642725467681885,2.9208791255950928,2.9787330627441406,2.6183552742004395,2.723890781402588,2.5510470867156982,2.5815398693084717,2.6324639320373535,2.562798500061035,2.826810359954834,2.708603620529175
