,A1,A2,A3,A4,A5,A6,A7,A8,A9,A10,A11,A12,A13,A14,A15,B1,B2,B3,B4,B5,B6,B7,B8,B9,B10,B11,B12,B13,B14,B15,C1,C2,C3,C4,C5,C6,C7,C8,C9,C10,C11,C12,C13,C14,C15,D1,D2,D3,D4,D5,D6,D7,D8,D9,D10,D11,D12,D13,D14,D15,E1,E2,E3,E4,E5,E6,E7,E8,E9,E10,E11,E12,E13,E14,E15
A1,0.0,0.38035765290260315,0.5950518846511841,0.885646402835846,1.1954084634780884,1.4136481285095215,1.7770183086395264,1.9517624378204346,2.3084867000579834,2.4641988277435303,2.813246488571167,3.003263235092163,3.3103883266448975,3.6089231967926025,3.6968274116516113,1.8018178939819336,1.5832884311676025,1.4593185186386108,1.2974295616149902,1.4853748083114624,1.7159674167633057,2.0280699729919434,2.2345383167266846,2.5548644065856934,2.7434616088867188,3.0729546546936035,3.279470443725586,3.6057417392730713,3.828058958053589,3.889059543609619,2.3157618045806885,2.123709201812744,1.9771109819412231,1.85457444190979,1.9261884689331055,2.045377254486084,2.330656051635742,2.5323541164398193,2.8009490966796875,3.021786689758301,3.308786630630493,3.5822207927703857,3.8284876346588135,4.14778470993042,4.251815319061279,2.857743501663208,2.678771495819092,2.5194313526153564,2.3554811477661133,2.357508897781372,2.442776679992676,2.6714515686035156,2.878016948699951,3.0724499225616455,3.3258678913116455,3.5586352348327637,3.8647549152374268,4.102451324462891,4.428983688354492,4.543107509613037,3.335306406021118,3.2166717052459717,3.1374313831329346,2.9369723796844482,2.9152414798736572,2.962033987045288,3.1254348754882812,3.286231279373169,3.36320424079895,3.6351544857025146,3.718627452850342,4.069594383239746,4.128363132476807,4.503260612487793,4.619865417480469
A2,0.38035765290260315,0.0,0.388371080160141,0.5891932845115662,0.8829138875007629,1.1649976968765259,1.5023342370986938,1.6919583082199097,2.044377326965332,2.2013702392578125,2.55781626701355,2.748821973800659,3.073671817779541,3.3611185550689697,3.478287696838379,1.5735310316085815,1.324853539466858,1.153780460357666,0.944736123085022,1.1113135814666748,1.3636881113052368,1.676025152206421,1.8950681686401367,2.22418212890625,2.416468858718872,2.755722999572754,2.962414264678955,3.300020217895508,3.5218238830566406,3.607126474380493,2.0041205883026123,1.8025342226028442,1.6241304874420166,1.4902342557907104,1.5474514961242676,1.667986273765564,1.9583845138549805,2.1659884452819824,2.444772481918335,2.669049024581909,2.9667863845825195,3.240433692932129,3.500422239303589,3.816636085510254,3.936765670776367,2.517385721206665,2.340080976486206,2.159606456756592,1.9965286254882812,1.9854387044906616,2.062727451324463,2.293123245239258,2.5003952980041504,2.7020444869995117,2.9566187858581543,3.198244094848633,3.5035130977630615,3.7512662410736084,4.073633193969727,4.198011875152588,2.978101968765259,2.8664093017578125,2.7743852138519287,2.5814013481140137,2.551269769668579,2.5872693061828613,2.752553701400757,2.90836238861084,2.991452217102051,3.262314796447754,3.355576276779175,3.7072913646698,3.778236150741577,4.15475606918335,4.277479648590088
A3,0.5950518846511841,0.388371080160141,0.0,0.39361101388931274,0.623134434223175,0.8226513266563416,1.1878694295883179,1.3588634729385376,1.7143616676330566,1.877786636352539,2.224865198135376,2.427126407623291,2.7352139949798584,3.0381953716278076,3.1454436779022217,1.3825668096542358,1.2112607955932617,0.9920857548713684,0.8863332867622375,1.0263142585754395,1.175844430923462,1.4883062839508057,1.6683357954025269,1.9782440662384033,2.1667046546936035,2.487078905105591,2.702918767929077,3.0220842361450195,3.256875991821289,3.3209474086761475,1.8974614143371582,1.765489935874939,1.5749090909957886,1.518870234489441,1.554613709449768,1.5822675228118896,1.8477239608764648,2.010995864868164,2.2578742504119873,2.468022584915161,2.7394371032714844,3.0138654708862305,3.2469067573547363,3.571030616760254,3.6711623668670654,2.443526268005371,2.322927713394165,2.1446352005004883,2.043048620223999,2.025409698486328,2.034383535385132,2.244096279144287,2.405046224594116,2.571765184402466,2.8076295852661133,3.019657850265503,3.3225765228271484,3.5427515506744385,3.8742945194244385,3.976069211959839,2.9488844871520996,2.887441396713257,2.8043487071990967,2.657832622528076,2.6221182346343994,2.609807252883911,2.760770320892334,2.8661184310913086,2.918220043182373,3.1596646308898926,3.220853805541992,3.5569210052490234,3.5950770378112793,3.965193510055542,4.0619893074035645
A4,0.885646402835846,0.5891932845115662,0.39361101388931274,0.0,0.38663676381111145,0.6617531776428223,0.956075131893158,1.209855318069458,1.53097403049469,1.7448440790176392,2.0803544521331787,2.316802501678467,2.629171848297119,2.935110330581665,3.0862700939178467,1.4669857025146484,1.2872216701507568,0.9772558212280273,0.8049437999725342,0.7911890745162964,0.9210437536239624,1.1787052154541016,1.4177348613739014,1.7104343175888062,1.9451344013214111,2.2615792751312256,2.5096802711486816,2.8332724571228027,3.0914528369903564,3.1919662952423096,1.8439921140670776,1.710089087486267,1.4459679126739502,1.3580259084701538,1.3034462928771973,1.301403522491455,1.5242018699645996,1.7238184213638306,1.952647089958191,2.199230194091797,2.465855598449707,2.7647721767425537,3.0039873123168945,3.339503526687622,3.470745086669922,2.320549488067627,2.211229085922241,1.9786927700042725,1.8710224628448486,1.7886344194412231,1.759704351425171,1.9252079725265503,2.1024835109710693,2.246940851211548,2.508296489715576,2.7116575241088867,3.0329878330230713,3.254840850830078,3.5947139263153076,3.7202630043029785,2.7768499851226807,2.729323625564575,2.601761817932129,2.458801507949829,2.376875162124634,2.326143503189087,2.4400675296783447,2.5424015522003174,2.5698471069335938,2.821343421936035,2.8710668087005615,3.2152340412139893,3.2545979022979736,3.6273958683013916,3.7432990074157715
A5,1.1954084634780884,0.8829138875007629,0.623134434223175,0.38663676381111145,0.0,0.3831353485584259,0.6380721926689148,0.8560099005699158,1.1840072870254517,1.3746602535247803,1.7189706563949585,1.943648099899292,2.2671587467193604,2.5621516704559326,2.7238426208496094,1.196263313293457,1.067263126373291,0.7098488211631775,0.6385027766227722,0.5779760479927063,0.5839277505874634,0.8736883401870728,1.057481050491333,1.3612114191055298,1.5719598531723022,1.892838954925537,2.1294286251068115,2.4543864727020264,2.7069854736328125,2.8068273067474365,1.5421932935714722,1.4655389785766602,1.1945470571517944,1.1925089359283447,1.1429725885391235,1.0514354705810547,1.2743968963623047,1.4114549160003662,1.6387673616409302,1.8550738096237183,2.12119722366333,2.406094789505005,2.6427884101867676,2.972715377807617,3.0940802097320557,2.0205016136169434,1.9586329460144043,1.7361103296279907,1.6938847303390503,1.6279428005218506,1.54435396194458,1.7153725624084473,1.835634469985962,1.9736459255218506,2.202331066131592,2.4008803367614746,2.7068326473236084,2.922119379043579,3.257446765899658,3.366157293319702,2.506197214126587,2.5008482933044434,2.3926901817321777,2.2999439239501953,2.2335023880004883,2.152639865875244,2.27882719039917,2.3305771350860596,2.3579790592193604,2.57401442527771,2.6208884716033936,2.9472463130950928,2.9794774055480957,3.348073720932007,3.440929889678955
A6,1.4136481285095215,1.1649976968765259,0.8226513266563416,0.6617531776428223,0.3831353485584259,0.0,0.3860844373703003,0.5745067000389099,0.9031412601470947,1.122424602508545,1.4430421590805054,1.6946120262145996,1.9853227138519287,2.3084120750427246,2.453564405441284,1.2217364311218262,1.2113323211669922,0.8744523525238037,0.9466071128845215,0.8797656893730164,0.7131555080413818,0.9231001138687134,1.014130711555481,1.2530732154846191,1.4555391073226929,1.7319332361221313,1.984232783317566,2.2736806869506836,2.546464681625366,2.612614870071411,1.650932788848877,1.6596362590789795,1.4108564853668213,1.485366940498352,1.424831509590149,1.2426533699035645,1.3970320224761963,1.4607465267181396,1.6181820631027222,1.807471513748169,2.021174907684326,2.3047540187835693,2.4952597618103027,2.835479736328125,2.927161693572998,2.142998456954956,2.1451330184936523,1.9419434070587158,1.960290551185608,1.8943918943405151,1.7496864795684814,1.8799694776535034,1.9389441013336182,2.0193030834198,2.21687388420105,2.3650848865509033,2.663641929626465,2.8350679874420166,3.1805338859558105,3.2581732273101807,2.660550355911255,2.7052478790283203,2.6112425327301025,2.5627458095550537,2.493820905685425,2.371452808380127,2.473471164703369,2.4706673622131348,2.4561269283294678,2.6315321922302246,2.6320960521698,2.9321391582489014,2.917391777038574,3.2723333835601807,3.3311498165130615
A7,1.7770183086395264,1.5023342370986938,1.1878694295883179,0.956075131893158,0.6380721926689148,0.3860844373703003,0.0,0.37300559878349304,0.5911288857460022,0.879168689250946,1.1655181646347046,1.4548044204711914,1.7391148805618286,2.061297655105591,2.2504801750183105,1.3516861200332642,1.3782793283462524,1.029256820678711,1.1156038045883179,0.9407781958580017,0.6347671747207642,0.6877860426902771,0.7344107627868652,0.9033644199371338,1.140748143196106,1.3903234004974365,1.6764740943908691,1.9555875062942505,2.2539443969726562,2.345390558242798,1.6307826042175293,1.686787724494934,1.4085066318511963,1.5136529207229614,1.3914943933486938,1.1184288263320923,1.1792120933532715,1.1961039304733276,1.2898797988891602,1.4823763370513916,1.6651763916015625,1.9638632535934448,2.141613006591797,2.4926416873931885,2.599541664123535,2.0380420684814453,2.090951919555664,1.8657552003860474,1.9276323318481445,1.824498176574707,1.608410120010376,1.6786298751831055,1.6905533075332642,1.7183432579040527,1.9036622047424316,2.018604278564453,2.3209242820739746,2.473970890045166,2.8271446228027344,2.9074838161468506,2.519136905670166,2.608290433883667,2.495502233505249,2.4879069328308105,2.3932197093963623,2.217381477355957,2.283998489379883,2.2319633960723877,2.181044340133667,2.326456308364868,2.2981765270233154,2.583237886428833,2.549490213394165,2.899181842803955,2.9511847496032715
A8,1.9517624378204346,1.6919583082199097,1.3588634729385376,1.209855318069458,0.8560099005699158,0.5745067000389099,0.37300559878349304,0.0,0.37455853819847107,0.5498393774032593,0.8739929795265198,1.125380516052246,1.421657681465149,1.7390949726104736,1.9052199125289917,1.1602119207382202,1.2834842205047607,0.9978675246238708,1.2038331031799316,1.1032828092575073,0.7689493298530579,0.8534702062606812,0.7175946831703186,0.8654905557632446,0.9846486449241638,1.2201118469238281,1.4559834003448486,1.7216743230819702,1.9964619874954224,2.047677516937256,1.4822524785995483,1.616522192955017,1.4034003019332886,1.597060203552246,1.54070246219635,1.2459537982940674,1.32571542263031,1.2349755764007568,1.3202332258224487,1.4186290502548218,1.5845452547073364,1.8320350646972656,1.987939715385437,2.3195714950561523,2.3808844089508057,1.9201093912124634,2.0235912799835205,1.8566737174987793,1.9821975231170654,1.9373778104782104,1.713231086730957,1.813610553741455,1.755552887916565,1.7874703407287598,1.9021974802017212,2.007248878479004,2.265118360519409,2.3990888595581055,2.7350175380706787,2.77087140083313,2.4550538063049316,2.5790188312530518,2.5175528526306152,2.5537595748901367,2.503528594970703,2.3333611488342285,2.432699680328369,2.3400912284851074,2.3078911304473877,2.4042320251464844,2.380048990249634,2.6289360523223877,2.5836081504821777,2.9164857864379883,2.923759698867798
A9,2.3084867000579834,2.044377326965332,1.7143616676330566,1.53097403049469,1.1840072870254517,0.9031412601470947,0.5911288857460022,0.37455853819847107,0.0,0.37821459770202637,0.5804066061973572,0.9028607606887817,1.1604571342468262,1.4890607595443726,1.6959478855133057,1.4436674118041992,1.5952638387680054,1.3230870962142944,1.520766258239746,1.366593360900879,0.9904046058654785,0.9319161176681519,0.7202122807502747,0.6898729205131531,0.7965500354766846,0.937883198261261,1.2123550176620483,1.4346708059310913,1.745829463005066,1.8046389818191528,1.6467621326446533,1.8254016637802124,1.6077861785888672,1.8172110319137573,1.7183436155319214,1.3710252046585083,1.3522831201553345,1.196459174156189,1.1732258796691895,1.2368093729019165,1.3244894742965698,1.5732638835906982,1.6829572916030884,2.026620388031006,2.085388422012329,1.9897936582565308,2.148041009902954,1.975655198097229,2.1397576332092285,2.0673768520355225,1.7880432605743408,1.8226268291473389,1.7055073976516724,1.664419412612915,1.7412742376327515,1.7834446430206299,2.0296692848205566,2.1188344955444336,2.4613595008850098,2.4821457862854004,2.481222629547119,2.6530368328094482,2.581090211868286,2.658815622329712,2.588008165359497,2.370577335357666,2.4303269386291504,2.2825803756713867,2.20570707321167,2.253711700439453,2.184623956680298,2.398432731628418,2.3138427734375,2.628288984298706,2.609994888305664
A10,2.4641988277435303,2.2013702392578125,1.877786636352539,1.7448440790176392,1.3746602535247803,1.122424602508545,0.879168689250946,0.5498393774032593,0.37821459770202637,0.0,0.3764473795890808,0.5793145298957825,0.8993896245956421,1.194545865058899,1.3872750997543335,1.2951509952545166,1.5135148763656616,1.3176815509796143,1.584802269935608,1.4896327257156372,1.1278610229492188,1.1192998886108398,0.8062943816184998,0.7907553315162659,0.7089194059371948,0.83819180727005,1.0039364099502563,1.2244161367416382,1.4855170249938965,1.505944848060608,1.4721524715423584,1.7174862623214722,1.5710660219192505,1.8469127416610718,1.8118373155593872,1.4716308116912842,1.4903252124786377,1.2571511268615723,1.2582699060440063,1.2120428085327148,1.3016945123672485,1.4682385921478271,1.5716272592544556,1.8755841255187988,1.8859398365020752,1.8187421560287476,2.0207297801971436,1.9117836952209473,2.12886905670166,2.1164493560791016,1.848270297050476,1.9247164726257324,1.7552669048309326,1.7438979148864746,1.7479791641235352,1.8018440008163452,1.9885814189910889,2.0745701789855957,2.3838634490966797,2.361339569091797,2.350534677505493,2.548906087875366,2.531137704849243,2.646538496017456,2.624464511871338,2.4265549182891846,2.528216600418091,2.356353282928467,2.3181655406951904,2.32682728767395,2.2856063842773438,2.4660484790802,2.393430233001709,2.6898462772369385,2.6340343952178955
A11,2.813246488571167,2.55781626701355,2.224865198135376,2.0803544521331787,1.7189706563949585,1.4430421590805054,1.1655181646347046,0.8739929795265198,0.5804066061973572,0.3764473795890808,0.0,0.3767344355583191,0.5865241289138794,0.9137367010116577,1.1385161876678467,1.6398602724075317,1.877923607826233,1.6926922798156738,1.9542350769042969,1.835821270942688,1.4604887962341309,1.3841755390167236,1.063277006149292,0.916506290435791,0.790908932685852,0.7366653680801392,0.8897033929824829,0.9994423985481262,1.2907311916351318,1.2799382209777832,1.7658380270004272,2.0382206439971924,1.8985962867736816,2.1780147552490234,2.118616819381714,1.7561538219451904,1.7105283737182617,1.442393183708191,1.3481836318969727,1.249177098274231,1.2260922193527222,1.3538588285446167,1.367816686630249,1.6667919158935547,1.6402870416641235,2.0349481105804443,2.279322862625122,2.1774814128875732,2.4190237522125244,2.390584707260132,2.0910298824310303,2.116765260696411,1.9026398658752441,1.8256862163543701,1.780471920967102,1.7584573030471802,1.9090149402618408,1.9265954494476318,2.2290079593658447,2.167032241821289,2.5232508182525635,2.761756658554077,2.743349075317383,2.892202138900757,2.857980251312256,2.6277048587799072,2.696272611618042,2.479037046432495,2.401592493057251,2.3580892086029053,2.2704687118530273,2.399951219558716,2.2786507606506348,2.539647340774536,2.439025640487671
A12,3.003263235092163,2.748821973800659,2.427126407623291,2.316802501678467,1.943648099899292,1.6946120262145996,1.4548044204711914,1.125380516052246,0.9028607606887817,0.5793145298957825,0.3767344355583191,0.0,0.3886609971523285,0.6185609102249146,0.836029589176178,1.6210438013076782,1.8995656967163086,1.7839330434799194,2.083137273788452,2.008047103881836,1.654611587524414,1.6132640838623047,1.2523436546325684,1.1364201307296753,0.892439603805542,0.8168473839759827,0.7931628823280334,0.8609942197799683,1.0596367120742798,0.9816946983337402,1.6972618103027344,2.018251895904541,1.9456957578659058,2.2678050994873047,2.2587287425994873,1.9125776290893555,1.8965893983840942,1.5845621824264526,1.5175881385803223,1.3335542678833008,1.3120989799499512,1.3369723558425903,1.3370823860168457,1.5684311389923096,1.477291464805603,1.9408026933670044,2.222433090209961,2.182739496231079,2.464409589767456,2.486433982849121,2.203624963760376,2.262425184249878,2.0121188163757324,1.9644699096679688,1.8563854694366455,1.846861481666565,1.9300382137298584,1.9429712295532227,2.1977925300598145,2.0877115726470947,2.445383310317993,2.706939220428467,2.7397303581237793,2.9217710494995117,2.9310290813446045,2.7216317653656006,2.825148820877075,2.5914807319641113,2.5507867336273193,2.4742863178253174,2.4163308143615723,2.5126798152923584,2.408770799636841,2.6464242935180664,2.512028217315674
A13,3.3103883266448975,3.073671817779541,2.7352139949798584,2.629171848297119,2.2671587467193604,1.9853227138519287,1.7391148805618286,1.421657681465149,1.1604571342468262,0.8993896245956421,0.5865241289138794,0.3886609971523285,0.0,0.3906659781932831,0.5798267126083374,1.9703621864318848,2.2657299041748047,2.1518876552581787,2.4529314041137695,2.3719146251678467,2.009166955947876,1.9442496299743652,1.5963410139083862,1.4295333623886108,1.2076094150543213,1.032785177230835,0.9947986006736755,0.9048690795898438,1.0884594917297363,0.9180548191070557,2.0760629177093506,2.403916358947754,2.3336281776428223,2.6521642208099365,2.629307270050049,2.27314829826355,2.226452112197876,1.9132896661758423,1.7931441068649292,1.5989322662353516,1.4941610097885132,1.4831016063690186,1.3801449537277222,1.578917145729065,1.4207289218902588,2.2947072982788086,2.592087984085083,2.557058811187744,2.8438704013824463,2.8549768924713135,2.5579674243927,2.586256742477417,2.3210480213165283,2.2290704250335693,2.098285436630249,2.027280569076538,2.0782084465026855,2.020076036453247,2.256350517272949,2.097623825073242,2.7720720767974854,3.053374767303467,3.086725950241089,3.2830698490142822,3.283245086669922,3.0557174682617188,3.134418249130249,2.8770415782928467,2.8041493892669678,2.6953890323638916,2.5963876247406006,2.6495375633239746,2.498074531555176,2.694072723388672,2.5133557319641113
A14,3.6089231967926025,3.3611185550689697,3.0381953716278076,2.935110330581665,2.5621516704559326,2.3084120750427246,2.061297655105591,1.7390949726104736,1.4890607595443726,1.194545865058899,0.9137367010116577,0.6185609102249146,0.3906659781932831,0.0,0.38539421558380127,2.1411519050598145,2.4426920413970947,2.3686397075653076,2.6766011714935303,2.6043806076049805,2.2532808780670166,2.1827499866485596,1.8132063150405884,1.6402701139450073,1.3558902740478516,1.1472591161727905,0.9792401194572449,0.7969050407409668,0.8475446701049805,0.581085741519928,2.145320415496826,2.4991395473480225,2.4696710109710693,2.808671236038208,2.805957555770874,2.457198143005371,2.4069082736968994,2.0600333213806152,1.936978816986084,1.6784948110580444,1.5519620180130005,1.4426629543304443,1.3058940172195435,1.4133026599884033,1.1831609010696411,2.284257411956787,2.61529541015625,2.6218419075012207,2.940251111984253,2.9767422676086426,2.6834282875061035,2.714899778366089,2.413332223892212,2.326079845428467,2.135382890701294,2.0557093620300293,2.0343990325927734,1.9552134275436401,2.132849931716919,1.9235914945602417,2.7248873710632324,3.034369707107544,3.100538969039917,3.333338499069214,3.3587942123413086,3.136598587036133,3.227872848510742,2.945552349090576,2.892181873321533,2.741863965988159,2.6594083309173584,2.668078899383545,2.527860164642334,2.6889631748199463,2.4735114574432373
A15,3.6968274116516113,3.478287696838379,3.1454436779022217,3.0862700939178467,2.7238426208496094,2.453564405441284,2.2504801750183105,1.9052199125289917,1.6959478855133057,1.3872750997543335,1.1385161876678467,0.836029589176178,0.5798267126083374,0.38539421558380127,0.0,2.207170009613037,2.5418996810913086,2.5050172805786133,2.840657949447632,2.8111166954040527,2.473646640777588,2.448284864425659,2.082242250442505,1.9482855796813965,1.672196388244629,1.5030896663665771,1.3389530181884766,1.17709219455719,1.174459457397461,0.8407788872718811,2.3093295097351074,2.6719818115234375,2.676785469055176,3.0279088020324707,3.0576813220977783,2.724250316619873,2.7097902297973633,2.3736886978149414,2.279911756515503,2.032808780670166,1.9287420511245728,1.822045087814331,1.686645269393921,1.769457221031189,1.5038896799087524,2.5086705684661865,2.8312768936157227,2.868837833404541,3.185439348220825,3.249675989151001,2.9774820804595947,3.0382766723632812,2.749877452850342,2.6840505599975586,2.5023033618927,2.436842918395996,2.4141454696655273,2.3346645832061768,2.4976038932800293,2.2683348655700684,2.990968942642212,3.2888073921203613,3.382896900177002,3.6083943843841553,3.6560068130493164,3.4551143646240234,3.566669225692749,3.2980575561523438,3.257206916809082,3.1173925399780273,3.040802001953125,3.053457260131836,2.910465955734253,3.06583571434021,2.839702606201172
B1,1.8018178939819336,1.5735310316085815,1.3825668096542358,1.4669857025146484,1.196263313293457,1.2217364311218262,1.3516861200332642,1.1602119207382202,1.4436674118041992,1.2951509952545166,1.6398602724075317,1.6210438013076782,1.9703621864318848,2.1411519050598145,2.207170009613037,0.0,0.3794616758823395,0.5757135152816772,0.9398078918457031,1.1843839883804321,1.1493922472000122,1.471677303314209,1.3315439224243164,1.639702558517456,1.5643771886825562,1.8797242641448975,1.9006822109222412,2.2130863666534424,2.3102641105651855,2.320467233657837,0.8352634310722351,0.9518563747406006,1.0345791578292847,1.3172639608383179,1.5499430894851685,1.4683418273925781,1.7709475755691528,1.673761010169983,1.9482662677764893,1.939067006111145,2.221400737762451,2.338958263397217,2.572378635406494,2.799901008605957,2.8156919479370117,1.4957748651504517,1.5081061124801636,1.5405501127243042,1.6702338457107544,1.851667881011963,1.81868577003479,2.1202096939086914,2.084299325942993,2.2992959022521973,2.353097915649414,2.5870394706726074,2.7592809200286865,2.9763734340667725,3.22906756401062,3.2408599853515625,2.152984380722046,2.1886484622955322,2.280627965927124,2.2950894832611084,2.413703203201294,2.412594795227051,2.6751046180725098,2.6544432640075684,2.787994861602783,2.898263931274414,3.0124430656433105,3.261122226715088,3.3184103965759277,3.6511898040771484,3.6558468341827393
B2,1.5832884311676025,1.324853539466858,1.2112607955932617,1.2872216701507568,1.067263126373291,1.2113323211669922,1.3782793283462524,1.2834842205047607,1.5952638387680054,1.5135148763656616,1.877923607826233,1.8995656967163086,2.2657299041748047,2.4426920413970947,2.5418996810913086,0.3794616758823395,0.0,0.38158008456230164,0.6461746096611023,0.9551631808280945,1.0410960912704468,1.3975690603256226,1.346603274345398,1.6975542306900024,1.6770678758621216,2.0272135734558105,2.07722806930542,2.4197349548339844,2.5294525623321533,2.5856480598449707,0.8034189939498901,0.7545462250709534,0.8131564259529114,1.0236318111419678,1.2937817573547363,1.2982641458511353,1.6470061540603638,1.6225755214691162,1.9435327053070068,1.9847687482833862,2.3052818775177,2.450843572616577,2.7215678691864014,2.9581995010375977,3.0165834426879883,1.442934513092041,1.3622872829437256,1.358853816986084,1.4139366149902344,1.6011881828308105,1.630154013633728,1.9613068103790283,1.9874470233917236,2.241852283477783,2.3396835327148438,2.609445095062256,2.8057777881622314,3.058136463165283,3.314817428588867,3.3669955730438232,2.054384708404541,2.028564691543579,2.0937342643737793,2.054105758666992,2.1709518432617188,2.2085630893707275,2.4854576587677,2.517338991165161,2.6767139434814453,2.8294320106506348,2.972656726837158,3.2507548332214355,3.3408687114715576,3.6891860961914062,3.7324182987213135
B3,1.4593185186386108,1.153780460357666,0.9920857548713684,0.9772558212280273,0.7098488211631775,0.8744523525238037,1.029256820678711,0.9978675246238708,1.3230870962142944,1.3176815509796143,1.6926922798156738,1.7839330434799194,2.1518876552581787,2.3686397075653076,2.5050172805786133,0.5757135152816772,0.38158008456230164,0.0,0.38486894965171814,0.6235763430595398,0.681361734867096,1.0539641380310059,1.0557653903961182,1.4176924228668213,1.4669771194458008,1.8255300521850586,1.9402291774749756,2.289949893951416,2.452826976776123,2.5362231731414795,0.9114941954612732,0.8540839552879333,0.7278886437416077,0.8928166627883911,1.0637279748916626,1.0187203884124756,1.3515214920043945,1.3660128116607666,1.6746739149093628,1.7705289125442505,2.0864098072052,2.2808830738067627,2.5502662658691406,2.8213953971862793,2.908414602279663,1.492102026939392,1.4266059398651123,1.3200578689575195,1.3523930311203003,1.449129581451416,1.4261196851730347,1.7175896167755127,1.7664201259613037,1.9915800094604492,2.1306822299957275,2.384984016418457,2.6195266246795654,2.8660075664520264,3.150996208190918,3.2258524894714355,2.0662217140197754,2.057321310043335,2.0529909133911133,2.00272798538208,2.0528862476348877,2.0407543182373047,2.273488998413086,2.3040411472320557,2.4246134757995605,2.595324754714966,2.7120206356048584,3.006981134414673,3.0825483798980713,3.4402663707733154,3.500420093536377
B4,1.2974295616149902,0.944736123085022,0.8863332867622375,0.8049437999725342,0.6385027766227722,0.9466071128845215,1.1156038045883179,1.2038331031799316,1.520766258239746,1.584802269935608,1.9542350769042969,2.083137273788452,2.4529314041137695,2.6766011714935303,2.840657949447632,0.9398078918457031,0.6461746096611023,0.38486894965171814,0.0,0.3813714385032654,0.6550589799880981,1.0177903175354004,1.1480363607406616,1.5186845064163208,1.6345961093902588,2.004024028778076,2.152517318725586,2.5166072845458984,2.6964902877807617,2.818883180618286,1.098798155784607,0.9129046201705933,0.6935293674468994,0.6740072965621948,0.8161443471908569,0.884263277053833,1.243696928024292,1.3636078834533691,1.6967155933380127,1.8557692766189575,2.1917943954467773,2.4180197715759277,2.712158203125,2.9935309886932373,3.1216306686401367,1.5815836191177368,1.4403098821640015,1.2640788555145264,1.1910165548324585,1.238906979560852,1.2736878395080566,1.5690852403640747,1.6999272108078003,1.947738766670227,2.142413854598999,2.4189670085906982,2.6819241046905518,2.9540326595306396,3.245084524154663,3.361320972442627,2.069014072418213,2.0052731037139893,1.9460575580596924,1.8317493200302124,1.8475925922393799,1.860097885131836,2.0845510959625244,2.1752288341522217,2.30652117729187,2.5264503955841064,2.6617608070373535,2.98673152923584,3.0890538692474365,3.45904278755188,3.560546636581421
B5,1.4853748083114624,1.1113135814666748,1.0263142585754395,0.7911890745162964,0.5779760479927063,0.8797656893730164,0.9407781958580017,1.1032828092575073,1.366593360900879,1.4896327257156372,1.835821270942688,2.008047103881836,2.3719146251678467,2.6043806076049805,2.8111166954040527,1.1843839883804321,0.9551631808280945,0.6235763430595398,0.3813714385032654,0.0,0.38992443680763245,0.6883396506309509,0.9066683650016785,1.2590951919555664,1.4372878074645996,1.799501657485962,1.9927259683609009,2.357548713684082,2.5707459449768066,2.7303147315979004,1.1996023654937744,1.0423040390014648,0.7055131196975708,0.6337417960166931,0.5780666470527649,0.5699776411056519,0.896797239780426,1.0725879669189453,1.390760898590088,1.6013468503952026,1.9318604469299316,2.192671060562134,2.4906623363494873,2.7897539138793945,2.951979398727417,1.5686339139938354,1.457689881324768,1.1964449882507324,1.1220057010650635,1.0563113689422607,1.014660358428955,1.253279209136963,1.4058998823165894,1.626462459564209,1.8578994274139404,2.123380422592163,2.413665771484375,2.68536639213562,2.991266965866089,3.1338319778442383,1.9880499839782715,1.951392412185669,1.8272390365600586,1.7222621440887451,1.6675361394882202,1.6165218353271484,1.7912492752075195,1.872521996498108,1.9698388576507568,2.2029199600219727,2.3215065002441406,2.6584243774414062,2.7582719326019287,3.133103847503662,3.2545433044433594
B6,1.7159674167633057,1.3636881113052368,1.175844430923462,0.9210437536239624,0.5839277505874634,0.7131555080413818,0.6347671747207642,0.7689493298530579,0.9904046058654785,1.1278610229492188,1.4604887962341309,1.654611587524414,2.009166955947876,2.2532808780670166,2.473646640777588,1.1493922472000122,1.0410960912704468,0.681361734867096,0.6550589799880981,0.38992443680763245,0.0,0.38421961665153503,0.5449219942092896,0.8940738439559937,1.0869665145874023,1.4378950595855713,1.656777262687683,2.0090017318725586,2.2474281787872314,2.4011354446411133,1.1771106719970703,1.1434255838394165,0.8126596212387085,0.8858910799026489,0.7791532874107361,0.5411383509635925,0.7597261667251587,0.8398562073707581,1.106791377067566,1.3063745498657227,1.6083958148956299,1.8802887201309204,2.153153657913208,2.4675517082214355,2.6188387870788574,1.5354211330413818,1.5210872888565063,1.2670570611953735,1.2962909936904907,1.2117605209350586,1.0446957349777222,1.2134590148925781,1.2773061990737915,1.4324990510940552,1.6372789144515991,1.8609540462493896,2.153020143508911,2.392742872238159,2.7134625911712646,2.835512399673462,1.9840071201324463,2.0233206748962402,1.905685305595398,1.8718427419662476,1.8024636507034302,1.6764569282531738,1.8124921321868896,1.8128670454025269,1.8582874536514282,2.044492721557617,2.117619752883911,2.433197021484375,2.4935338497161865,2.8622329235076904,2.9557321071624756
B7,2.0280699729919434,1.676025152206421,1.4883062839508057,1.1787052154541016,0.8736883401870728,0.9231001138687134,0.6877860426902771,0.8534702062606812,0.9319161176681519,1.1192998886108398,1.3841755390167236,1.6132640838623047,1.9442496299743652,2.1827499866485596,2.448284864425659,1.471677303314209,1.3975690603256226,1.0539641380310059,1.0177903175354004,0.6883396506309509,0.38421961665153503,0.0,0.38595128059387207,0.6305792331695557,0.9117804169654846,1.2266383171081543,1.495309829711914,1.8343743085861206,2.105414628982544,2.299656391143799,1.3747406005859375,1.374563455581665,1.0233336687088013,1.0785579681396484,0.8546804785728455,0.5028268694877625,0.4932413697242737,0.5806169509887695,0.7751619219779968,1.039528727531433,1.3179011344909668,1.6285035610198975,1.898079752922058,2.2285213470458984,2.416132926940918,1.593906283378601,1.6250650882720947,1.3284854888916016,1.3818622827529907,1.2138547897338867,0.94620680809021,0.9919556975364685,1.0271672010421753,1.109452486038208,1.3421934843063354,1.535368800163269,1.854854941368103,2.085209369659424,2.4211978912353516,2.567413330078125,1.954417109489441,2.0348663330078125,1.8690290451049805,1.867800235748291,1.7399102449417114,1.5365219116210938,1.6022717952728271,1.5562247037887573,1.5441733598709106,1.7199620008468628,1.7601070404052734,2.078690528869629,2.1277425289154053,2.4992001056671143,2.607032060623169
B8,2.2345383167266846,1.8950681686401367,1.6683357954025269,1.4177348613739014,1.057481050491333,1.014130711555481,0.7344107627868652,0.7175946831703186,0.7202122807502747,0.8062943816184998,1.063277006149292,1.2523436546325684,1.5963410139083862,1.8132063150405884,2.082242250442505,1.3315439224243164,1.346603274345398,1.0557653903961182,1.1480363607406616,0.9066683650016785,0.5449219942092896,0.38595128059387207,0.0,0.3738207221031189,0.5537606477737427,0.8978610038757324,1.1367708444595337,1.4828184843063354,1.7420140504837036,1.9217233657836914,1.203197956085205,1.309124231338501,1.0260082483291626,1.2082383632659912,1.0734940767288208,0.6971688270568848,0.688322126865387,0.518920361995697,0.6720188856124878,0.8072865605354309,1.080864429473877,1.35089111328125,1.6099697351455688,1.9305329322814941,2.0850865840911865,1.423125982284546,1.5378214120864868,1.3054486513137817,1.4594066143035889,1.3644661903381348,1.0719821453094482,1.1386735439300537,1.0405369997024536,1.1021728515625,1.228600025177002,1.4013601541519165,1.6748321056365967,1.8837172985076904,2.2091543674468994,2.310788869857788,1.8438122272491455,1.9851863384246826,1.8777343034744263,1.9459511041641235,1.8691409826278687,1.659595251083374,1.754469633102417,1.6354700326919556,1.6316827535629272,1.7277677059173584,1.7592711448669434,2.0280871391296387,2.0551819801330566,2.4086530208587646,2.464277505874634
B9,2.5548644065856934,2.22418212890625,1.9782440662384033,1.7104343175888062,1.3612114191055298,1.2530732154846191,0.9033644199371338,0.8654905557632446,0.6898729205131531,0.7907553315162659,0.916506290435791,1.1364201307296753,1.4295333623886108,1.6402701139450073,1.9482855796813965,1.639702558517456,1.6975542306900024,1.4176924228668213,1.5186845064163208,1.2590951919555664,0.8940738439559937,0.6305792331695557,0.3738207221031189,0.0,0.3763467073440552,0.6079701781272888,0.9250053763389587,1.2298164367675781,1.535764455795288,1.7377111911773682,1.483266830444336,1.6305744647979736,1.3637821674346924,1.543898344039917,1.3704794645309448,0.9777998328208923,0.8240590691566467,0.5804799795150757,0.4863559305667877,0.5959015488624573,0.7701877355575562,1.0786175727844238,1.2989996671676636,1.6451555490493774,1.814518928527832,1.6065490245819092,1.7771730422973633,1.5487077236175537,1.731249451637268,1.6032252311706543,1.2607309818267822,1.2214305400848389,1.0468095541000366,0.9795559644699097,1.0613675117492676,1.143655776977539,1.4224263429641724,1.5830131769180298,1.9284836053848267,2.0244927406311035,1.9609307050704956,2.154139280319214,2.0319788455963135,2.1423568725585938,2.0363872051239014,1.7707440853118896,1.8024110794067383,1.6136343479156494,1.5384799242019653,1.572695016860962,1.5381945371627808,1.7714060544967651,1.750576138496399,2.092217206954956,2.1270947456359863
B10,2.7434616088867188,2.416468858718872,2.1667046546936035,1.9451344013214111,1.5719598531723022,1.4555391073226929,1.140748143196106,0.9846486449241638,0.7965500354766846,0.7089194059371948,0.790908932685852,0.892439603805542,1.2076094150543213,1.3558902740478516,1.672196388244629,1.5643771886825562,1.6770678758621216,1.4669771194458008,1.6345961093902588,1.4372878074645996,1.0869665145874023,0.9117804169654846,0.5537606477737427,0.3763467073440552,0.0,0.376814603805542,0.5866921544075012,0.9313533902168274,1.197383999824524,1.3973604440689087,1.3368526697158813,1.5603301525115967,1.3704732656478882,1.6253480911254883,1.524691104888916,1.149570345878601,1.0526670217514038,0.7098796367645264,0.6464021801948547,0.5081506967544556,0.6746297478675842,0.8678743839263916,1.0951502323150635,1.4047260284423828,1.5348565578460693,1.4228405952453613,1.660398006439209,1.504022240638733,1.7568907737731934,1.6984344720840454,1.3702952861785889,1.3796882629394531,1.1274763345718384,1.0919572114944458,1.0456819534301758,1.1296991109848022,1.3195068836212158,1.4713860750198364,1.7800037860870361,1.8248836994171143,1.812059998512268,2.050689458847046,1.9905956983566284,2.154717206954956,2.104771614074707,1.8590809106826782,1.936812400817871,1.7111965417861938,1.680381178855896,1.6504113674163818,1.6435271501541138,1.819972038269043,1.805395483970642,2.117347478866577,2.100928544998169
B11,3.0729546546936035,2.755722999572754,2.487078905105591,2.2615792751312256,1.892838954925537,1.7319332361221313,1.3903234004974365,1.2201118469238281,0.937883198261261,0.83819180727005,0.7366653680801392,0.8168473839759827,1.032785177230835,1.1472591161727905,1.5030896663665771,1.8797242641448975,2.0272135734558105,1.8255300521850586,2.004024028778076,1.799501657485962,1.4378950595855713,1.2266383171081543,0.8978610038757324,0.6079701781272888,0.376814603805542,0.0,0.3851100206375122,0.6253699660301208,0.9580707550048828,1.1700886487960815,1.6646363735198975,1.9139131307601929,1.7405519485473633,1.994277834892273,1.8763964176177979,1.4952661991119385,1.3401833772659302,0.9970909357070923,0.798566997051239,0.5826847553253174,0.5029003024101257,0.6472547650337219,0.7713537812232971,1.1058735847473145,1.2234739065170288,1.690552830696106,1.9658737182617188,1.8262943029403687,2.094346284866333,2.0220627784729004,1.6746660470962524,1.6236793994903564,1.3309623003005981,1.2007598876953125,1.0802415609359741,1.0389280319213867,1.1766479015350342,1.2368868589401245,1.5494729280471802,1.5531777143478394,2.021878242492676,2.300924301147461,2.2422919273376465,2.43892502784729,2.3760571479797363,2.0994045734405518,2.1332850456237793,1.8566313982009888,1.7726378440856934,1.6714508533477783,1.599863886833191,1.7062667608261108,1.6292798519134521,1.9024291038513184,1.8329386711120605
B12,3.279470443725586,2.962414264678955,2.702918767929077,2.5096802711486816,2.1294286251068115,1.984232783317566,1.6764740943908691,1.4559834003448486,1.2123550176620483,1.0039364099502563,0.8897033929824829,0.7931628823280334,0.9947986006736755,0.9792401194572449,1.3389530181884766,1.9006822109222412,2.07722806930542,1.9402291774749756,2.152517318725586,1.9927259683609009,1.656777262687683,1.495309829711914,1.1367708444595337,0.9250053763389587,0.5866921544075012,0.3851100206375122,0.0,0.3835347294807434,0.6130810379981995,0.8548826575279236,1.6067429780960083,1.903261661529541,1.8014053106307983,2.097416400909424,2.0350341796875,1.6801646947860718,1.5675748586654663,1.1894291639328003,1.0506408214569092,0.7295853495597839,0.6640689969062805,0.5729106664657593,0.6886197328567505,0.9182764887809753,0.9760729074478149,1.5679341554641724,1.8928815126419067,1.8242820501327515,2.1392459869384766,2.124303102493286,1.801741123199463,1.7917042970657349,1.4602649211883545,1.3765482902526855,1.16557776927948,1.1447417736053467,1.1644740104675293,1.2194702625274658,1.4576995372772217,1.3986414670944214,1.8973034620285034,2.2118496894836426,2.2123334407806396,2.452793836593628,2.440640926361084,2.1903884410858154,2.2656099796295166,1.9712412357330322,1.93753981590271,1.7927899360656738,1.7645246982574463,1.8201743364334106,1.7703794240951538,2.004398822784424,1.8924181461334229
B13,3.6057417392730713,3.300020217895508,3.0220842361450195,2.8332724571228027,2.4543864727020264,2.2736806869506836,1.9555875062942505,1.7216743230819702,1.4346708059310913,1.2244161367416382,0.9994423985481262,0.8609942197799683,0.9048690795898438,0.7969050407409668,1.17709219455719,2.2130863666534424,2.4197349548339844,2.289949893951416,2.5166072845458984,2.357548713684082,2.0090017318725586,1.8343743085861206,1.4828184843063354,1.2298164367675781,0.9313533902168274,0.6253699660301208,0.3835347294807434,0.0,0.3885214030742645,0.6111621856689453,1.9597982168197632,2.271904706954956,2.18261456489563,2.4807496070861816,2.411849021911621,2.0507633686065674,1.913524866104126,1.5422388315200806,1.3497684001922607,1.034513235092163,0.8394946455955505,0.6556065082550049,0.541267991065979,0.7083361744880676,0.6623448133468628,1.9050205945968628,2.246574878692627,2.1944613456726074,2.5152127742767334,2.4956066608428955,2.1653337478637695,2.1250061988830566,1.781359314918518,1.6469026803970337,1.403144359588623,1.2904645204544067,1.2384313344955444,1.175937294960022,1.3744152784347534,1.2297492027282715,2.1973116397857666,2.53359055519104,2.542358636856079,2.8013088703155518,2.784754753112793,2.5199341773986816,2.5680172443389893,2.246314764022827,2.177762508392334,1.9850212335586548,1.9079132080078125,1.893499493598938,1.786052942276001,1.9586374759674072,1.7770239114761353
