,A1,A2,A3,A4,A5,A6,A7,A8,A9,A10,A11,A12,A13,A14,A15,B1,B2,B3,B4,B5,B6,B7,B8,B9,B10,B11,B12,B13,B14,B15,C1,C2,C3,C4,C5,C6,C7,C8,C9,C10,C11,C12,C13,C14,C15,D1,D2,D3,D4,D5,D6,D7,D8,D9,D10,D11,D12,D13,D14,D15,E1,E2,E3,E4,E5,E6,E7,E8,E9,E10,E11,E12,E13,E14,E15
A1,0.0,0.37583208084106445,0.6723539233207703,0.9635235667228699,1.2519301176071167,1.4968360662460327,1.8095157146453857,2.101341962814331,2.383662700653076,2.6339781284332275,2.9883503913879395,3.231260299682617,3.585839033126831,3.8345792293548584,4.155104637145996,1.7567155361175537,1.6228309869766235,1.2669004201889038,1.2583296298980713,1.525475025177002,1.8631778955459595,2.0501506328582764,2.2499825954437256,2.618030071258545,2.820603370666504,3.193531036376953,3.406031370162964,3.7700953483581543,3.985234260559082,4.304155349731445,2.9661600589752197,2.8126704692840576,2.6201610565185547,2.2866382598876953,2.2150096893310547,2.3213298320770264,2.4943013191223145,2.6952834129333496,2.8576772212982178,3.0894289016723633,3.377492666244507,3.6710190773010254,3.969836950302124,4.253324031829834,4.521665573120117,3.666612386703491,3.583468437194824,3.228078603744507,3.056270122528076,2.8397605419158936,2.9089009761810303,2.9076647758483887,3.2253453731536865,3.2233448028564453,3.491777181625366,3.6902549266815186,4.055115222930908,4.26840353012085,4.626352787017822,4.820699691772461,4.073138236999512,4.0228705406188965,3.7454774379730225,3.552372694015503,3.3039045333862305,3.35494327545166,3.34151554107666,3.6044044494628906,3.5381662845611572,3.8070669174194336,3.8226823806762695,4.174561977386475,4.235904216766357,4.608773231506348,4.762414455413818
A2,0.37583208084106445,0.0,0.3554964065551758,0.6383489966392517,0.9643799066543579,1.1982884407043457,1.5017976760864258,1.8020724058151245,2.058542013168335,2.3319950103759766,2.671863555908203,2.933243751525879,3.280292510986328,3.5425472259521484,3.867022752761841,1.421460747718811,1.2572141885757446,0.9007306098937988,0.8953118324279785,1.1943938732147217,1.5144912004470825,1.7143393754959106,1.9018701314926147,2.2634763717651367,2.4835405349731445,2.849532127380371,3.0790364742279053,3.4395534992218018,3.669623613357544,3.991079092025757,2.7327330112457275,2.6100101470947266,2.399044990539551,2.065389394760132,1.9539716243743896,2.0181405544281006,2.1699681282043457,2.3806657791137695,2.5183656215667725,2.762120246887207,3.0361287593841553,3.341810703277588,3.6331608295440674,3.926591634750366,4.196783065795898,3.4074225425720215,3.335325002670288,2.980309247970581,2.8005268573760986,2.559605360031128,2.595669746398926,2.5705058574676514,2.8843510150909424,2.8698647022247314,3.1450037956237793,3.333167791366577,3.703491687774658,3.9127678871154785,4.273036479949951,4.471618175506592,3.7873754501342773,3.742123603820801,3.461833953857422,3.2612555027008057,2.9987080097198486,3.029139280319214,2.996798038482666,3.250237226486206,3.1725776195526123,3.4406890869140625,3.4498648643493652,3.8022713661193848,3.8634257316589355,4.237096309661865,4.395877838134766
A3,0.6723539233207703,0.3554964065551758,0.0,0.3972323536872864,0.6568810939788818,0.8489683866500854,1.1727205514907837,1.454513430595398,1.722763180732727,1.9947917461395264,2.3378701210021973,2.6033060550689697,2.9485316276550293,3.217057228088379,3.532618761062622,1.0866494178771973,0.9706912040710449,0.6276021003723145,0.7552516460418701,1.070777177810669,1.3371739387512207,1.488237977027893,1.6281036138534546,1.9985806941986084,2.200488567352295,2.563632011413574,2.792039632797241,3.1455039978027344,3.379300355911255,3.6886982917785645,2.602771759033203,2.5293524265289307,2.3390321731567383,2.0294249057769775,1.9090757369995117,1.9249277114868164,2.020857334136963,2.2024736404418945,2.3094146251678467,2.535081386566162,2.790740728378296,3.0979769229888916,3.3737595081329346,3.674506425857544,3.927980661392212,3.3408241271972656,3.304945945739746,2.962977647781372,2.7995219230651855,2.5434069633483887,2.5363991260528564,2.4639194011688232,2.7518022060394287,2.6948533058166504,2.959909677505493,3.117860794067383,3.492295503616333,3.6781246662139893,4.045135974884033,4.227402210235596,3.7292678356170654,3.7101540565490723,3.439788579940796,3.2435827255249023,2.9693281650543213,2.969940662384033,2.8990001678466797,3.1223785877227783,3.0071661472320557,3.2588911056518555,3.235572338104248,3.577402114868164,3.612628698348999,3.9807004928588867,4.127345561981201
A4,0.9635235667228699,0.6383489966392517,0.3972323536872864,0.0,0.3806000053882599,0.6766469478607178,0.8983426690101624,1.2410218715667725,1.4721919298171997,1.7317160367965698,2.067425489425659,2.3177378177642822,2.666055679321289,2.921248197555542,3.256838798522949,0.8774320483207703,0.7844763994216919,0.42868661880493164,0.5079512596130371,0.7291589379310608,0.989349365234375,1.1123251914978027,1.2901027202606201,1.6645543575286865,1.857191562652588,2.230557680130005,2.445845127105713,2.808856964111328,3.032529830932617,3.3550591468811035,2.2129409313201904,2.156149387359619,1.9717440605163574,1.6781948804855347,1.5635005235671997,1.5710065364837646,1.651464581489563,1.8149082660675049,1.9393701553344727,2.1559906005859375,2.4285521507263184,2.725684881210327,3.0138862133026123,3.304755926132202,3.5667412281036377,2.9747259616851807,2.960768461227417,2.6311397552490234,2.493764638900757,2.2492282390594482,2.241091251373291,2.1586878299713135,2.4252355098724365,2.3616909980773926,2.607372522354126,2.7766058444976807,3.1412923336029053,3.3338420391082764,3.696357488632202,3.874995470046997,3.3918137550354004,3.3979737758636475,3.147190809249878,2.9762980937957764,2.7181625366210938,2.7329118251800537,2.6608760356903076,2.8620593547821045,2.741299629211426,2.969249963760376,2.9550082683563232,3.2867043018341064,3.3255341053009033,3.6911821365356445,3.8237404823303223
A5,1.2519301176071167,0.9643799066543579,0.6568810939788818,0.3806000053882599,0.0,0.3799128532409668,0.5704325437545776,0.9069869518280029,1.1754289865493774,1.3952414989471436,1.7515259981155396,1.9823583364486694,2.338090419769287,2.5855419635772705,2.912548065185547,0.6469958424568176,0.7388444542884827,0.520031213760376,0.7425658106803894,0.8649619221687317,1.0107070207595825,0.999442458152771,1.1058481931686401,1.4936418533325195,1.623974084854126,2.000229597091675,2.188561201095581,2.5457897186279297,2.756624698638916,3.062174081802368,2.1152377128601074,2.1166746616363525,1.9866222143173218,1.7445273399353027,1.658130168914795,1.6293859481811523,1.6336346864700317,1.7257753610610962,1.8266338109970093,1.9916703701019287,2.2501118183135986,2.5308003425598145,2.8033270835876465,3.091386318206787,3.3273327350616455,2.9909565448760986,3.0263831615448,2.723686456680298,2.624310255050659,2.3869755268096924,2.3468050956726074,2.2179574966430664,2.436237096786499,2.319589614868164,2.5316994190216064,2.664626121520996,3.022522211074829,3.182988405227661,3.549264669418335,3.696977138519287,3.4438424110412598,3.4892094135284424,3.2626307010650635,3.1123104095458984,2.8579108715057373,2.8524539470672607,2.744711399078369,2.9017202854156494,2.737898349761963,2.930877923965454,2.8774633407592773,3.184865951538086,3.185664415359497,3.537998676300049,3.6417245864868164
A6,1.4968360662460327,1.1982884407043457,0.8489683866500854,0.6766469478607178,0.3799128532409668,0.0,0.3909379541873932,0.606529951095581,0.9069918990135193,1.1579389572143555,1.5091636180877686,1.7754695415496826,2.116685152053833,2.3943023681640625,2.6950690746307373,0.36261463165283203,0.6013287305831909,0.5722028017044067,0.9161289930343628,1.0744311809539795,1.1092649698257446,1.053956389427185,1.0208618640899658,1.3892384767532349,1.5082082748413086,1.855527400970459,2.064394950866699,2.396219491958618,2.6302592754364014,2.9096341133117676,2.2909598350524902,2.3485727310180664,2.2256836891174316,2.0086300373077393,1.8889135122299194,1.7923542261123657,1.7307558059692383,1.8040422201156616,1.826762318611145,1.9786810874938965,2.180091619491577,2.474256753921509,2.70719575881958,3.015634775161743,3.2244973182678223,3.1525638103485107,3.2092978954315186,2.9184961318969727,2.8120951652526855,2.5479137897491455,2.4497547149658203,2.2708230018615723,2.464947462081909,2.301266670227051,2.5145437717437744,2.592843770980835,2.9600982666015625,3.083500862121582,3.4581048488616943,3.5925025939941406,3.5615105628967285,3.613354206085205,3.3846466541290283,3.2192704677581787,2.9422762393951416,2.8866500854492188,2.733398199081421,2.863785982131958,2.6601414680480957,2.8465352058410645,2.745798110961914,3.043748140335083,3.011458396911621,3.3564209938049316,3.4599180221557617
A7,1.8095157146453857,1.5017976760864258,1.1727205514907837,0.8983426690101624,0.5704325437545776,0.3909379541873932,0.0,0.3903137445449829,0.6138325929641724,0.8342259526252747,1.182344913482666,1.432352066040039,1.779427170753479,2.0464417934417725,2.3680615425109863,0.3528696596622467,0.6870083212852478,0.7687978744506836,1.0265923738479614,1.0450773239135742,0.9725403189659119,0.794007420539856,0.7066609263420105,1.0680714845657349,1.1374900341033936,1.4940203428268433,1.6825836896896362,2.0214288234710693,2.2464888095855713,2.5340871810913086,1.9966189861297607,2.104682445526123,2.010056734085083,1.8435773849487305,1.7361958026885986,1.606682538986206,1.4838624000549316,1.4976190328598022,1.505845069885254,1.6193127632141113,1.819097638130188,2.0984015464782715,2.332209348678589,2.6334240436553955,2.840294599533081,2.8883607387542725,2.982421875,2.7201476097106934,2.649386405944824,2.401855707168579,2.286241292953491,2.080925703048706,2.2262659072875977,2.0325777530670166,2.2089569568634033,2.2755186557769775,2.6284782886505127,2.742410182952881,3.1134047508239746,3.2332966327667236,3.317575454711914,3.4034030437469482,3.2028563022613525,3.067046880722046,2.80936336517334,2.755824565887451,2.5900471210479736,2.6793267726898193,2.4565205574035645,2.6028380393981934,2.494579553604126,2.769350051879883,2.725721836090088,3.0613656044006348,3.141406297683716
A8,2.101341962814331,1.8020724058151245,1.454513430595398,1.2410218715667725,0.9069869518280029,0.606529951095581,0.3903137445449829,0.0,0.38041239976882935,0.5742884874343872,0.9247483015060425,1.1976786851882935,1.526992678642273,1.8188679218292236,2.102719306945801,0.4879430830478668,0.8811185956001282,1.0598537921905518,1.3614180088043213,1.4047189950942993,1.2769043445587158,1.0667105913162231,0.842460572719574,1.1170716285705566,1.1192996501922607,1.4149645566940308,1.595955729484558,1.8911519050598145,2.125229835510254,2.3696839809417725,2.2304136753082275,2.38808012008667,2.3191678524017334,2.18434739112854,2.071122884750366,1.9035500288009644,1.727209210395813,1.7012327909469604,1.6361709833145142,1.7032684087753296,1.82996666431427,2.0991783142089844,2.2786474227905273,2.588937282562256,2.751495122909546,3.1253044605255127,3.2466676235198975,3.0049662590026855,2.940573215484619,2.6834592819213867,2.5254693031311035,2.280048370361328,2.386185646057129,2.1438748836517334,2.299225330352783,2.2990660667419434,2.6454391479492188,2.7073891162872314,3.079831123352051,3.1700148582458496,3.5269954204559326,3.627727508544922,3.4357707500457764,3.2969424724578857,3.0291340351104736,2.9347028732299805,2.728423595428467,2.779965400695801,2.5153939723968506,2.6374032497406006,2.4731087684631348,2.720226764678955,2.6276073455810547,2.943019151687622,3.0062203407287598
A9,2.383662700653076,2.058542013168335,1.722763180732727,1.4721919298171997,1.1754289865493774,0.9069918990135193,0.6138325929641724,0.38041239976882935,0.0,0.39155644178390503,0.6319056749343872,0.9692676663398743,1.2663612365722656,1.587676763534546,1.8826383352279663,0.6552842855453491,0.9658475518226624,1.2269859313964844,1.4734066724777222,1.4578754901885986,1.235008955001831,0.9896162152290344,0.6591526865959167,0.8239261507987976,0.8090333938598633,1.0625346899032593,1.2780696153640747,1.5587446689605713,1.8247673511505127,2.073863983154297,2.138287305831909,2.3410606384277344,2.265819549560547,2.1656949520111084,2.0255510807037354,1.8030081987380981,1.5689398050308228,1.5189752578735352,1.3812397718429565,1.4349238872528076,1.5060193538665771,1.78696870803833,1.9410518407821655,2.2667768001556396,2.4287197589874268,2.945695161819458,3.086123466491699,2.868032455444336,2.810386896133423,2.5493056774139404,2.349907398223877,2.070284366607666,2.132314443588257,1.8566478490829468,1.9949270486831665,1.9579102993011475,2.3014633655548096,2.345914125442505,2.7192792892456055,2.8100948333740234,3.3004000186920166,3.413865327835083,3.235452175140381,3.103922128677368,2.839954376220703,2.7216782569885254,2.490630626678467,2.502579689025879,2.2148263454437256,2.3090999126434326,2.1243984699249268,2.3553407192230225,2.2518882751464844,2.563765048980713,2.626389503479004
A10,2.6339781284332275,2.3319950103759766,1.9947917461395264,1.7317160367965698,1.3952414989471436,1.1579389572143555,0.8342259526252747,0.5742884874343872,0.39155644178390503,0.0,0.3912312984466553,0.6248025298118591,0.9596144556999207,1.2480942010879517,1.5456608533859253,0.9882425665855408,1.3312256336212158,1.55116868019104,1.7875734567642212,1.7268108129501343,1.507433533668518,1.1957666873931885,0.8928260207176208,0.9905686974525452,0.8073021173477173,1.0145165920257568,1.1150548458099365,1.3731689453125,1.5860053300857544,1.8065284490585327,2.0988738536834717,2.341980218887329,2.3320555686950684,2.284227132797241,2.1964900493621826,1.99276864528656,1.7334316968917847,1.5990421772003174,1.4751229286193848,1.4263169765472412,1.4816900491714478,1.6926443576812744,1.8238059282302856,2.1166598796844482,2.2366790771484375,3.0029916763305664,3.186136245727539,3.0016636848449707,2.990756034851074,2.764059066772461,2.576951026916504,2.295478343963623,2.3071393966674805,2.0099563598632812,2.0809526443481445,2.0181150436401367,2.3183534145355225,2.32568621635437,2.683184862136841,2.7236664295196533,3.412263870239258,3.5656683444976807,3.4222311973571777,3.3267717361450195,3.090047597885132,2.986272096633911,2.7556097507476807,2.730858087539673,2.4306321144104004,2.471670150756836,2.2703022956848145,2.450429916381836,2.308563709259033,2.584380865097046,2.590620517730713
A11,2.9883503913879395,2.671863555908203,2.3378701210021973,2.067425489425659,1.7515259981155396,1.5091636180877686,1.182344913482666,0.9247483015060425,0.6319056749343872,0.3912312984466553,0.0,0.39673712849617004,0.637128472328186,0.9778682589530945,1.2639237642288208,1.2861039638519287,1.5817009210586548,1.846437692642212,2.0584049224853516,1.9732398986816406,1.6998801231384277,1.3864973783493042,1.042434573173523,0.9889492392539978,0.7438778281211853,0.7902154326438904,0.8745720386505127,1.0587658882141113,1.2999001741409302,1.4907160997390747,2.1896886825561523,2.4768173694610596,2.4721720218658447,2.4617419242858887,2.357604503631592,2.1138803958892822,1.8100403547286987,1.6457912921905518,1.4467679262161255,1.3509318828582764,1.3032976388931274,1.4908660650253296,1.5530354976654053,1.8529229164123535,1.9391251802444458,2.9977540969848633,3.2055916786193848,3.0537707805633545,3.053945779800415,2.8296310901641846,2.6042420864105225,2.293684482574463,2.2480733394622803,1.915313959121704,1.945678472518921,1.815934658050537,2.089331865310669,2.0465445518493652,2.3951175212860107,2.412090301513672,3.353795289993286,3.5245888233184814,3.4016530513763428,3.316901683807373,3.0883047580718994,2.9566638469696045,2.699439764022827,2.623413562774658,2.2965824604034424,2.290759325027466,2.0514957904815674,2.185659408569336,2.005457639694214,2.2537107467651367,2.2376904487609863
A12,3.231260299682617,2.933243751525879,2.6033060550689697,2.3177378177642822,1.9823583364486694,1.7754695415496826,1.432352066040039,1.1976786851882935,0.9692676663398743,0.6248025298118591,0.39673712849617004,0.0,0.37235569953918457,0.6241273880004883,0.9447065591812134,1.601235270500183,1.9178587198257446,2.1478517055511475,2.345513105392456,2.2224416732788086,1.9606902599334717,1.61074697971344,1.315156102180481,1.2475920915603638,0.91346275806427,0.9081678986549377,0.8115662336349487,0.9406717419624329,1.077189326286316,1.2287147045135498,2.155716896057129,2.4730312824249268,2.53021240234375,2.5688791275024414,2.515042304992676,2.2974560260772705,1.9867764711380005,1.7570298910140991,1.5933246612548828,1.4065395593643188,1.3567334413528442,1.4435300827026367,1.4818538427352905,1.7218908071517944,1.7581439018249512,3.0365943908691406,3.2820920944213867,3.164757013320923,3.210660934448242,3.024343490600586,2.820777654647827,2.521120548248291,2.436473846435547,2.102672815322876,2.0677082538604736,1.9315098524093628,2.1460235118865967,2.0740773677825928,2.392042875289917,2.353698968887329,3.4479482173919678,3.6560111045837402,3.5691075325012207,3.522264242172241,3.324768304824829,3.216907501220703,2.9719128608703613,2.87106990814209,2.5486092567443848,2.496814489364624,2.2633824348449707,2.3475265502929688,2.146308183670044,2.3502252101898193,2.2712862491607666
A13,3.585839033126831,3.280292510986328,2.9485316276550293,2.666055679321289,2.338090419769287,2.116685152053833,1.779427170753479,1.526992678642273,1.2663612365722656,0.9596144556999207,0.637128472328186,0.37235569953918457,0.0,0.38089314103126526,0.6432211995124817,1.9172077178955078,2.2145261764526367,2.47078800201416,2.663857936859131,2.536968231201172,2.2498483657836914,1.9093148708343506,1.596841812133789,1.4577828645706177,1.1245441436767578,0.9846616983413696,0.8391966819763184,0.8037152886390686,0.9173914790153503,0.9700606465339661,2.379779100418091,2.7225732803344727,2.7862436771392822,2.849602460861206,2.786184072494507,2.546274423599243,2.214306354522705,1.9726368188858032,1.7641363143920898,1.5475748777389526,1.4071590900421143,1.4412823915481567,1.3836157321929932,1.6009857654571533,1.567035436630249,3.1736717224121094,3.4383676052093506,3.3502249717712402,3.405050039291382,3.222856044769287,2.993314504623413,2.677133560180664,2.5491130352020264,2.1962523460388184,2.1230764389038086,1.9256808757781982,2.093823194503784,1.9591906070709229,2.24950909614563,2.1677486896514893,3.536910057067871,3.7593350410461426,3.692095994949341,3.654783248901367,3.4657013416290283,3.3351123332977295,3.0709831714630127,2.928265333175659,2.5891871452331543,2.494088888168335,2.228360176086426,2.2546215057373047,2.009726047515869,2.1624443531036377,2.0429506301879883
A14,3.8345792293548584,3.5425472259521484,3.217057228088379,2.921248197555542,2.5855419635772705,2.3943023681640625,2.0464417934417725,1.8188679218292236,1.587676763534546,1.2480942010879517,0.9778682589530945,0.6241273880004883,0.38089314103126526,0.0,0.4014207124710083,2.223845958709717,2.530864953994751,2.7622931003570557,2.939723253250122,2.782735824584961,2.505340814590454,2.14534592628479,1.8710330724716187,1.7303820848464966,1.3640700578689575,1.2166277170181274,0.9596372246742249,0.8593299388885498,0.8056560158729553,0.7682077288627625,2.397308826446533,2.758035898208618,2.871570110321045,2.9759905338287354,2.952853202819824,2.736485719680786,2.405895709991455,2.1218502521514893,1.948423981666565,1.6746525764465332,1.5430384874343872,1.4821926355361938,1.4021245241165161,1.5344079732894897,1.4395300149917603,3.2249228954315186,3.519284248352051,3.463913917541504,3.5576393604278564,3.410214900970459,3.201948642730713,2.899909734725952,2.7432336807250977,2.399397134780884,2.2752890586853027,2.0837953090667725,2.1925175189971924,2.0392062664031982,2.2869508266448975,2.1519551277160645,3.630373001098633,3.8836734294891357,3.849611520767212,3.846405267715454,3.686579704284668,3.579169750213623,3.329878568649292,3.1703896522521973,2.8425774574279785,2.71323561668396,2.464282512664795,2.4512131214141846,2.202726364135742,2.3125269412994385,2.138014554977417
A15,4.155104637145996,3.867022752761841,3.532618761062622,3.256838798522949,2.912548065185547,2.6950690746307373,2.3680615425109863,2.102719306945801,1.8826383352279663,1.5456608533859253,1.2639237642288208,0.9447065591812134,0.6432211995124817,0.4014207124710083,0.0,2.5263233184814453,2.8424079418182373,3.087193727493286,3.2875404357910156,3.1523406505584717,2.873962163925171,2.521122694015503,2.2279672622680664,2.083242654800415,1.7326068878173828,1.5555185079574585,1.3202611207962036,1.146413803100586,1.0688365697860718,0.88315749168396,2.788947582244873,3.152669668197632,3.271920680999756,3.377084732055664,3.3498547077178955,3.126458168029785,2.791929006576538,2.514326333999634,2.3231639862060547,2.053711175918579,1.8868242502212524,1.8108514547348022,1.6703966856002808,1.7709460258483887,1.5995248556137085,3.593599319458008,3.8943850994110107,3.8484065532684326,3.9406392574310303,3.7881550788879395,3.565213680267334,3.252889633178711,3.085991621017456,2.732851505279541,2.6027705669403076,2.3750252723693848,2.4581565856933594,2.257941484451294,2.4741828441619873,2.297349452972412,3.972294807434082,4.228984355926514,4.200263977050781,4.194154262542725,4.030176639556885,3.9022374153137207,3.636432647705078,3.459232807159424,3.1181042194366455,2.9739341735839844,2.6957573890686035,2.646690607070923,2.361046552658081,2.4206604957580566,2.2147889137268066
B1,1.7567155361175537,1.421460747718811,1.0866494178771973,0.8774320483207703,0.6469958424568176,0.36261463165283203,0.3528696596622467,0.4879430830478668,0.6552842855453491,0.9882425665855408,1.2861039638519287,1.601235270500183,1.9172077178955078,2.223845958709717,2.5263233184814453,0.0,0.3996443748474121,0.59871506690979,0.9161038994789124,1.0372062921524048,0.9549998044967651,0.8886852264404297,0.7587274312973022,1.0949941873550415,1.2535126209259033,1.5756198167800903,1.826579213142395,2.1457021236419678,2.412015676498413,2.6933083534240723,2.2359917163848877,2.3326938152313232,2.188345193862915,1.9893608093261719,1.8221975564956665,1.657893419265747,1.546486496925354,1.627112865447998,1.5840332508087158,1.7541519403457642,1.9141685962677002,2.231901168823242,2.4449586868286133,2.772260904312134,2.983562469482422,3.0066959857940674,3.0715885162353516,2.791226387023926,2.674778461456299,2.389058828353882,2.2414073944091797,2.0257134437561035,2.2013626098632812,2.013484001159668,2.2357726097106934,2.2877912521362305,2.663872241973877,2.7780065536499023,3.1560263633728027,3.2999818325042725,3.357003927230835,3.409149169921875,3.1797935962677,3.0057213306427,2.7170145511627197,2.627983331680298,2.4460365772247314,2.555201530456543,2.33207368850708,2.515190601348877,2.398763656616211,2.6973717212677,2.6636340618133545,3.0114078521728516,3.1281559467315674
B2,1.6228309869766235,1.2572141885757446,0.9706912040710449,0.7844763994216919,0.7388444542884827,0.6013287305831909,0.6870083212852478,0.8811185956001282,0.9658475518226624,1.3312256336212158,1.5817009210586548,1.9178587198257446,2.2145261764526367,2.530864953994751,2.8424079418182373,0.3996443748474121,0.0,0.3732253313064575,0.6374300122261047,0.8398538827896118,0.7879650592803955,0.8890088200569153,0.8453152775764465,1.1548075675964355,1.415001630783081,1.7246944904327393,2.019195795059204,2.340667963027954,2.6292972564697266,2.930903911590576,2.297729015350342,2.353018045425415,2.145747661590576,1.903887391090393,1.6810436248779297,1.5090956687927246,1.4529759883880615,1.623761773109436,1.583957314491272,1.828542947769165,1.9947071075439453,2.3413069248199463,2.5676774978637695,2.90415358543396,3.147343397140503,2.9219353199005127,2.9394371509552,2.6334950923919678,2.4693384170532227,2.156855583190918,2.0087647438049316,1.8183445930480957,2.0480716228485107,1.9099011421203613,2.1831729412078857,2.269659996032715,2.66055965423584,2.8108015060424805,3.1863677501678467,3.3715243339538574,3.206515312194824,3.215644359588623,2.955932855606079,2.749765396118164,2.4426000118255615,2.3512678146362305,2.188624858856201,2.3439574241638184,2.1597394943237305,2.390925407409668,2.315561532974243,2.6489274501800537,2.6634767055511475,3.0298399925231934,3.1885292530059814
B3,1.2669004201889038,0.9007306098937988,0.6276021003723145,0.42868661880493164,0.520031213760376,0.5722028017044067,0.7687978744506836,1.0598537921905518,1.2269859313964844,1.55116868019104,1.846437692642212,2.1478517055511475,2.47078800201416,2.7622931003570557,3.087193727493286,0.59871506690979,0.3732253313064575,0.0,0.38870441913604736,0.6884127259254456,0.8123561143875122,0.9662365913391113,1.0537527799606323,1.403177261352539,1.6452215909957886,1.9892972707748413,2.2531821727752686,2.5973827838897705,2.8598289489746094,3.175079107284546,2.2732810974121094,2.270153284072876,2.0584449768066406,1.7798126935958862,1.5894593000411987,1.4980907440185547,1.5210226774215698,1.70888352394104,1.7508442401885986,1.9966351985931396,2.217609405517578,2.547175645828247,2.806403160095215,3.1243274211883545,3.3817665576934814,2.9395713806152344,2.9320149421691895,2.6065545082092285,2.4419519901275635,2.1518378257751465,2.0708115100860596,1.93870210647583,2.201327085494995,2.1096718311309814,2.3807811737060547,2.5142641067504883,2.8966128826141357,3.07352352142334,3.4435408115386963,3.632707118988037,3.2744791507720947,3.2722537517547607,3.007970094680786,2.809237480163574,2.5188207626342773,2.478294849395752,2.364691734313965,2.5547218322753906,2.4101531505584717,2.6504273414611816,2.6124022006988525,2.9515914916992188,2.9857547283172607,3.3550026416778564,3.508449077606201
B4,1.2583296298980713,0.8953118324279785,0.7552516460418701,0.5079512596130371,0.7425658106803894,0.9161289930343628,1.0265923738479614,1.3614180088043213,1.4734066724777222,1.7875734567642212,2.0584049224853516,2.345513105392456,2.663857936859131,2.939723253250122,3.2875404357910156,0.9161038994789124,0.6374300122261047,0.38870441913604736,0.0,0.4019446074962616,0.6457861661911011,0.9202247858047485,1.1242246627807617,1.4420818090438843,1.7194777727127075,2.064016819000244,2.3278439044952393,2.6833176612854004,2.9390056133270264,3.2797248363494873,2.1187636852264404,2.068082571029663,1.8107587099075317,1.5009304285049438,1.2854496240615845,1.228929042816162,1.3299840688705444,1.5743266344070435,1.6654949188232422,1.9479358196258545,2.2014482021331787,2.5281152725219727,2.8152594566345215,3.1193771362304688,3.4088380336761475,2.677934169769287,2.6338956356048584,2.292121171951294,2.109191417694092,1.825753092765808,1.7876060009002686,1.7096233367919922,2.006772756576538,1.9766995906829834,2.2601139545440674,2.4474360942840576,2.8204734325408936,3.0384528636932373,3.3956005573272705,3.611161708831787,3.001241683959961,2.977221727371216,2.704941749572754,2.508166790008545,2.232792615890503,2.2361183166503906,2.171692371368408,2.3935132026672363,2.3007261753082275,2.5541563034057617,2.5737955570220947,2.9246253967285156,3.0041630268096924,3.3803341388702393,3.5468626022338867
B5,1.525475025177002,1.1943938732147217,1.070777177810669,0.7291589379310608,0.8649619221687317,1.0744311809539795,1.0450773239135742,1.4047189950942993,1.4578754901885986,1.7268108129501343,1.9732398986816406,2.2224416732788086,2.536968231201172,2.782735824584961,3.1523406505584717,1.0372062921524048,0.8398538827896118,0.6884127259254456,0.4019446074962616,0.0,0.3789757788181305,0.6587087512016296,0.96879643201828,1.2575738430023193,1.5182092189788818,1.8677763938903809,2.102665662765503,2.4687275886535645,2.701036214828491,3.0601723194122314,1.7310879230499268,1.6795581579208374,1.4156008958816528,1.1182969808578491,0.9039861559867859,0.856439471244812,0.976148247718811,1.2159512042999268,1.3633208274841309,1.6403875350952148,1.9314110279083252,2.2358169555664062,2.5484752655029297,2.8299601078033447,3.1369547843933105,2.293313503265381,2.2660367488861084,1.935078501701355,1.7885818481445312,1.5348002910614014,1.5232912302017212,1.4581921100616455,1.73201322555542,1.7173435688018799,1.9709469079971313,2.1945409774780273,2.546752452850342,2.7857906818389893,3.1308953762054443,3.3459105491638184,2.6660590171813965,2.6706719398498535,2.425591230392456,2.2703957557678223,2.0313196182250977,2.0770351886749268,2.0335490703582764,2.231534719467163,2.150568723678589,2.3699071407318115,2.4195139408111572,2.7545619010925293,2.848893404006958,3.2191274166107178,3.366788148880005
B6,1.8631778955459595,1.5144912004470825,1.3371739387512207,0.989349365234375,1.0107070207595825,1.1092649698257446,0.9725403189659119,1.2769043445587158,1.235008955001831,1.507433533668518,1.6998801231384277,1.9606902599334717,2.2498483657836914,2.505340814590454,2.873962163925171,0.9549998044967651,0.7879650592803955,0.8123561143875122,0.6457861661911011,0.3789757788181305,0.0,0.38498827815055847,0.6601952910423279,0.8976354598999023,1.1900832653045654,1.5177406072616577,1.7758498191833496,2.131237745285034,2.3825268745422363,2.7412586212158203,1.6283318996429443,1.656872272491455,1.4028297662734985,1.1733845472335815,0.918441116809845,0.72385573387146,0.7119072675704956,0.9488652944564819,1.0227214097976685,1.3191136121749878,1.5798720121383667,1.9031118154525757,2.200922727584839,2.496828079223633,2.80240535736084,2.147482395172119,2.159050941467285,1.8559110164642334,1.7226061820983887,1.4462600946426392,1.350556492805481,1.208253026008606,1.442154049873352,1.378479242324829,1.632930874824524,1.8317654132843018,2.1931374073028564,2.420553207397461,2.7714226245880127,2.9863739013671875,2.480926752090454,2.510035514831543,2.2777514457702637,2.126793384552002,1.877362847328186,1.8806328773498535,1.7904274463653564,1.9450832605361938,1.8275668621063232,2.026948928833008,2.057534694671631,2.3857836723327637,2.4723851680755615,2.8414313793182373,2.988132953643799
B7,2.0501506328582764,1.7143393754959106,1.488237977027893,1.1123251914978027,0.999442458152771,1.053956389427185,0.794007420539856,1.0667105913162231,0.9896162152290344,1.1957666873931885,1.3864973783493042,1.61074697971344,1.9093148708343506,2.14534592628479,2.521122694015503,0.8886852264404297,0.8890088200569153,0.9662365913391113,0.9202247858047485,0.6587087512016296,0.38498827815055847,0.0,0.3889169692993164,0.6619620323181152,0.8665744662284851,1.227941870689392,1.4457097053527832,1.8145679235458374,2.0452373027801514,2.4018239974975586,1.4272820949554443,1.5300612449645996,1.3564972877502441,1.2075443267822266,1.0366753339767456,0.8392197489738464,0.6909756064414978,0.7651396989822388,0.8344765901565552,1.051297903060913,1.3289353847503662,1.6293206214904785,1.9295793771743774,2.218019962310791,2.5052688121795654,2.121516227722168,2.2015764713287354,1.9425575733184814,1.8786647319793701,1.6441218852996826,1.5357249975204468,1.3493411540985107,1.491720199584961,1.3540905714035034,1.5393338203430176,1.7029231786727905,2.04925537109375,2.245056390762329,2.600078821182251,2.7765817642211914,2.528076410293579,2.614752769470215,2.4264867305755615,2.319223165512085,2.0966031551361084,2.092834234237671,1.9722144603729248,2.0621025562286377,1.8957011699676514,2.033550500869751,2.021899938583374,2.311894655227661,2.3545775413513184,2.706876516342163,2.8106677532196045
B8,2.2499825954437256,1.9018701314926147,1.6281036138534546,1.2901027202606201,1.1058481931686401,1.0208618640899658,0.7066609263420105,0.842460572719574,0.6591526865959167,0.8928260207176208,1.042434573173523,1.315156102180481,1.596841812133789,1.8710330724716187,2.2279672622680664,0.7587274312973022,0.8453152775764465,1.0537527799606323,1.1242246627807617,0.96879643201828,0.6601952910423279,0.3889169692993164,0.0,0.38807740807533264,0.6011228561401367,0.9508752822875977,1.214717984199524,1.5628536939620972,1.8310352563858032,2.1630353927612305,1.657122015953064,1.8262231349945068,1.6868189573287964,1.5759209394454956,1.3975235223770142,1.1490126848220825,0.9156196713447571,0.9249284267425537,0.8320011496543884,1.0042648315429688,1.1836968660354614,1.5091770887374878,1.7555408477783203,2.0760862827301025,2.329073190689087,2.338090658187866,2.449134349822998,2.2164840698242188,2.1514785289764404,1.8960297107696533,1.7168374061584473,1.4623750448226929,1.5532146692276,1.3325228691101074,1.507263422012329,1.5803163051605225,1.9417299032211304,2.0829989910125732,2.4537949562072754,2.6095895767211914,2.6888906955718994,2.7883143424987793,2.6051831245422363,2.485098123550415,2.2404937744140625,2.1719183921813965,1.9891536235809326,2.0326831340789795,1.80342435836792,1.9210879802703857,1.8379623889923096,2.113222122192383,2.10776686668396,2.455127716064453,2.553642511367798
B9,2.618030071258545,2.2634763717651367,1.9985806941986084,1.6645543575286865,1.4936418533325195,1.3892384767532349,1.0680714845657349,1.1170716285705566,0.8239261507987976,0.9905686974525452,0.9889492392539978,1.2475920915603638,1.4577828645706177,1.7303820848464966,2.083242654800415,1.0949941873550415,1.1548075675964355,1.403177261352539,1.4420818090438843,1.2575738430023193,0.8976354598999023,0.6619620323181152,0.38807740807533264,0.0,0.39034634828567505,0.6372361183166504,0.9557465314865112,1.2754826545715332,1.5736876726150513,1.9095580577850342,1.6636725664138794,1.8872524499893188,1.753535270690918,1.7010141611099243,1.5059000253677368,1.1996012926101685,0.8853909373283386,0.8418186902999878,0.5951618552207947,0.7553621530532837,0.84340500831604,1.1981663703918457,1.4177261590957642,1.7561509609222412,2.015361785888672,2.20503568649292,2.344853162765503,2.1528711318969727,2.10359787940979,1.8534833192825317,1.618709683418274,1.3159923553466797,1.3233871459960938,1.0423064231872559,1.185542345046997,1.2100543975830078,1.5737425088882446,1.7015398740768433,2.0752501487731934,2.2370643615722656,2.490410566329956,2.610917091369629,2.4514739513397217,2.347062587738037,2.1148247718811035,2.016291856765747,1.8019657135009766,1.7821990251541138,1.521186351776123,1.5904598236083984,1.4880597591400146,1.7416995763778687,1.7328001260757446,2.0770516395568848,2.1748268604278564
B10,2.820603370666504,2.4835405349731445,2.200488567352295,1.857191562652588,1.623974084854126,1.5082082748413086,1.1374900341033936,1.1192996501922607,0.8090333938598633,0.8073021173477173,0.7438778281211853,0.91346275806427,1.1245441436767578,1.3640700578689575,1.7326068878173828,1.2535126209259033,1.415001630783081,1.6452215909957886,1.7194777727127075,1.5182092189788818,1.1900832653045654,0.8665744662284851,0.6011228561401367,0.39034634828567505,0.0,0.39207330346107483,0.6141380071640015,0.9653662443161011,1.232608437538147,1.5677838325500488,1.5873762369155884,1.869292974472046,1.8174420595169067,1.8264914751052856,1.7013441324234009,1.4329848289489746,1.1013784408569336,0.919951319694519,0.7057521343231201,0.6510534882545471,0.7126222848892212,0.9925942420959473,1.19930100440979,1.5188207626342773,1.7432745695114136,2.269580841064453,2.4652695655822754,2.31522536277771,2.324402093887329,2.1191670894622803,1.9076104164123535,1.6130731105804443,1.5549288988113403,1.2479044198989868,1.2812628746032715,1.2554717063903809,1.5610707998275757,1.6348638534545898,1.9979673624038696,2.0984859466552734,2.626676082611084,2.7967278957366943,2.680816650390625,2.619457483291626,2.420527696609497,2.337301731109619,2.123784303665161,2.0598933696746826,1.78235924243927,1.780852198600769,1.6446715593338013,1.8277586698532104,1.760725975036621,2.06345272064209,2.0936081409454346
B11,3.193531036376953,2.849532127380371,2.563632011413574,2.230557680130005,2.000229597091675,1.855527400970459,1.4940203428268433,1.4149645566940308,1.0625346899032593,1.0145165920257568,0.7902154326438904,0.9081678986549377,0.9846616983413696,1.2166277170181274,1.5555185079574585,1.5756198167800903,1.7246944904327393,1.9892972707748413,2.064016819000244,1.8677763938903809,1.5177406072616577,1.227941870689392,0.9508752822875977,0.6372361183166504,0.39207330346107483,0.0,0.38723817467689514,0.6440841555595398,0.9710372090339661,1.2872408628463745,1.7912497520446777,2.10986065864563,2.070234537124634,2.117513656616211,1.9825706481933594,1.687219262123108,1.3313919305801392,1.1327790021896362,0.8326894044876099,0.6999368071556091,0.5305783748626709,0.7854291200637817,0.8900240063667297,1.2385969161987305,1.4359370470046997,2.3361806869506836,2.5587873458862305,2.4522316455841064,2.473689556121826,2.2760071754455566,2.0231986045837402,1.7014435529708862,1.5656602382659912,1.2147877216339111,1.1789612770080566,1.0410704612731934,1.3105369806289673,1.316369891166687,1.6783511638641357,1.7563775777816772,2.6178512573242188,2.807840347290039,2.7188868522644043,2.670905828475952,2.484543800354004,2.3666396141052246,2.1226282119750977,1.991884469985962,1.68220055103302,1.6118578910827637,1.425915241241455,1.5450518131256104,1.4332797527313232,1.708416223526001,1.7137519121170044
B12,3.406031370162964,3.0790364742279053,2.792039632797241,2.445845127105713,2.188561201095581,2.064394950866699,1.6825836896896362,1.595955729484558,1.2780696153640747,1.1150548458099365,0.8745720386505127,0.8115662336349487,0.8391966819763184,0.9596372246742249,1.3202611207962036,1.826579213142395,2.019195795059204,2.2531821727752686,2.3278439044952393,2.102665662765503,1.7758498191833496,1.4457097053527832,1.214717984199524,0.9557465314865112,0.6141380071640015,0.38723817467689514,0.0,0.382811576128006,0.6208526492118835,0.9669237732887268,1.7150031328201294,2.0726723670959473,2.1048343181610107,2.2080745697021484,2.1334786415100098,1.8765977621078491,1.5248054265975952,1.2467191219329834,1.0212763547897339,0.7472412586212158,0.5912914276123047,0.6377093195915222,0.719692051410675,1.003048062324524,1.1625741720199585,2.3492424488067627,2.6179215908050537,2.552947759628296,2.629213571548462,2.478895902633667,2.2601568698883057,1.9620726108551025,1.7887072563171387,1.4542930126190186,1.3302258253097534,1.1936495304107666,1.3648314476013184,1.330255150794983,1.64967679977417,1.6557611227035522,2.7023699283599854,2.9366607666015625,2.8913121223449707,2.8885576725006104,2.7403366565704346,2.653820037841797,2.4301695823669434,2.2787997722625732,1.9840638637542725,1.8643497228622437,1.6912916898727417,1.743926763534546,1.6061744689941406,1.8198949098587036,1.7459415197372437
B13,3.7700953483581543,3.4395534992218018,3.1455039978027344,2.808856964111328,2.5457897186279297,2.396219491958618,2.0214288234710693,1.8911519050598145,1.5587446689605713,1.3731689453125,1.0587658882141113,0.9406717419624329,0.8037152886390686,0.8593299388885498,1.146413803100586,2.1457021236419678,2.340667963027954,2.5973827838897705,2.6833176612854004,2.4687275886535645,2.131237745285034,1.8145679235458374,1.5628536939620972,1.2754826545715332,0.9653662443161011,0.6440841555595398,0.382811576128006,0.0,0.37582701444625854,0.6533249616622925,2.017183303833008,2.3904223442077637,2.4358551502227783,2.559760093688965,2.4816577434539795,2.2130699157714844,1.855012059211731,1.5809667110443115,1.326710820198059,1.048622727394104,0.7824201583862305,0.7121601104736328,0.5809198021888733,0.8317378759384155,0.8879717588424683,2.5534982681274414,2.8412060737609863,2.81134033203125,2.8971970081329346,2.7543041706085205,2.5124311447143555,2.2029664516448975,1.9852460622787476,1.6386882066726685,1.467807412147522,1.2445759773254395,1.3337956666946411,1.1971821784973145,1.4771560430526733,1.4157891273498535,2.846925973892212,3.096980094909668,3.0765318870544434,3.085327625274658,2.948462963104248,2.8367018699645996,2.5935301780700684,2.394824266433716,2.0838706493377686,1.9094712734222412,1.6964523792266846,1.6667271852493286,1.4707584381103516,1.614701747894287,1.47873055934906
