,A1,A2,A3,A4,A5,A6,A7,A8,A9,A10,A11,A12,A13,A14,A15,B1,B2,B3,B4,B5,B6,B7,B8,B9,B10,B11,B12,B13,B14,B15,C1,C2,C3,C4,C5,C6,C7,C8,C9,C10,C11,C12,C13,C14,C15,D1,D2,D3,D4,D5,D6,D7,D8,D9,D10,D11,D12,D13,D14,D15,E1,E2,E3,E4,E5,E6,E7,E8,E9,E10,E11,E12,E13,E14,E15
A1,0.0,0.3680322468280792,0.7235743999481201,0.9889386296272278,1.2969093322753906,1.5441009998321533,1.5982162952423096,1.964812159538269,2.0940284729003906,2.4441750049591064,2.692061424255371,2.839953899383545,3.137437343597412,3.111778736114502,3.1837472915649414,0.6580134034156799,0.6884192228317261,1.008500337600708,1.2331695556640625,1.4796582460403442,1.744792103767395,1.8418726921081543,2.166975498199463,2.323317527770996,2.645142078399658,2.8726770877838135,2.990182638168335,3.3112881183624268,3.2794687747955322,3.399854898452759,1.4171007871627808,1.3000978231430054,1.5247591733932495,1.6468020677566528,1.8328521251678467,2.064056396484375,2.16845965385437,2.4461302757263184,2.6096251010894775,2.894554853439331,3.124723196029663,3.1998836994171143,3.5390751361846924,3.5151710510253906,3.6553127765655518,2.02964186668396,1.8750054836273193,2.0593743324279785,2.138176679611206,2.282777786254883,2.4744317531585693,2.576920747756958,2.8075857162475586,2.9837114810943604,3.237476348876953,3.4637067317962646,3.499598264694214,3.8524584770202637,3.7985036373138428,3.990010976791382,2.8661997318267822,2.6112828254699707,2.7115230560302734,2.7500436305999756,2.841675043106079,2.9703588485717773,3.0758533477783203,3.2589662075042725,3.4701006412506104,3.656500816345215,3.9311318397521973,3.9108471870422363,4.261928558349609,4.243740081787109,4.509702205657959
A2,0.3680322468280792,0.0,0.3894380033016205,0.6413396596908569,0.9319067597389221,1.192696452140808,1.2847708463668823,1.6500730514526367,1.820631504058838,2.1707522869110107,2.4410345554351807,2.62166690826416,2.9261574745178223,2.9395909309387207,3.0451714992523193,0.7617123126983643,0.5883184671401978,0.8206819891929626,0.9649950861930847,1.173001766204834,1.4283099174499512,1.545738697052002,1.8543999195098877,2.0395731925964355,2.352888584136963,2.6084303855895996,2.7464230060577393,3.081993579864502,3.0858194828033447,3.2383248805999756,1.4580802917480469,1.2466809749603271,1.3960902690887451,1.444584846496582,1.5884672403335571,1.7910175323486328,1.9029908180236816,2.154911994934082,2.3372018337249756,2.6073832511901855,2.8613905906677246,2.947843551635742,3.300692081451416,3.3085615634918213,3.4790966510772705,2.038857936859131,1.821169137954712,1.9508678913116455,1.9708689451217651,2.0813956260681152,2.238111734390259,2.3389925956726074,2.5395193099975586,2.728336811065674,2.964223623275757,3.210710048675537,3.2486016750335693,3.6117823123931885,3.5850460529327393,3.8032472133636475,2.841202735900879,2.5514414310455322,2.6130764484405518,2.605611801147461,2.672384023666382,2.764716386795044,2.8615105152130127,3.0133421421051025,3.2278404235839844,3.391287326812744,3.677692174911499,3.652176856994629,4.005527019500732,4.00518798828125,4.289814472198486
A3,0.7235743999481201,0.3894380033016205,0.0,0.3813740313053131,0.6094228625297546,0.8853224515914917,1.033397912979126,1.4043656587600708,1.618485927581787,1.9806597232818604,2.2477657794952393,2.474576711654663,2.762868881225586,2.814087390899658,2.9335789680480957,0.8461465239524841,0.5163095593452454,0.5542658567428589,0.6192318201065063,0.7850710153579712,1.051804780960083,1.2094933986663818,1.5226393938064575,1.7452378273010254,2.0687012672424316,2.342468500137329,2.5218045711517334,2.857182264328003,2.894325017929077,3.0617568492889404,1.3779674768447876,1.0838974714279175,1.138763427734375,1.123214602470398,1.2261803150177002,1.4160356521606445,1.5489715337753296,1.7956522703170776,2.0051631927490234,2.2811334133148193,2.554818630218506,2.674037218093872,3.0338501930236816,3.0711445808410645,3.257826328277588,1.895545244216919,1.621954321861267,1.6911917924880981,1.66236412525177,1.7417521476745605,1.8763768672943115,1.98499596118927,2.1727778911590576,2.3799476623535156,2.6163153648376465,2.880646228790283,2.940516710281372,3.3126773834228516,3.3127424716949463,3.5467958450317383,2.6444334983825684,2.3263566493988037,2.349050998687744,2.304676055908203,2.349733352661133,2.417065382003784,2.512680768966675,2.6472620964050293,2.8703958988189697,3.0273098945617676,3.3250012397766113,3.310873031616211,3.6707568168640137,3.691565990447998,3.9898629188537598
A4,0.9889386296272278,0.6413396596908569,0.3813740313053131,0.0,0.3859468996524811,0.5552862286567688,0.6736370325088501,1.0362659692764282,1.260986566543579,1.6123493909835815,1.8979460000991821,2.1313393115997314,2.431400775909424,2.505413293838501,2.656959056854248,1.0931177139282227,0.7451832890510559,0.7495080828666687,0.596748411655426,0.7459596991539001,0.8828411102294922,0.9744268655776978,1.2411139011383057,1.4499549865722656,1.7457027435302734,2.0328423976898193,2.1982579231262207,2.5479705333709717,2.6040804386138916,2.8023478984832764,1.5800319910049438,1.2583719491958618,1.2860337495803833,1.1583293676376343,1.2522565126419067,1.33859121799469,1.4068818092346191,1.5963093042373657,1.7797564268112183,2.015740394592285,2.2932426929473877,2.3856306076049805,2.7528767585754395,2.8044207096099854,3.0187454223632812,2.0597493648529053,1.7617411613464355,1.8144209384918213,1.7115839719772339,1.7913864850997925,1.8480905294418335,1.900558590888977,2.0362274646759033,2.215280055999756,2.4086813926696777,2.6710970401763916,2.6960909366607666,3.0673811435699463,3.074880361557007,3.3302690982818604,2.769561767578125,2.437868356704712,2.456592082977295,2.3603291511535645,2.4125680923461914,2.4213361740112305,2.4675021171569824,2.561732530593872,2.7533152103424072,2.8702967166900635,3.1582119464874268,3.1074419021606445,3.4548890590667725,3.468902349472046,3.774609088897705
A5,1.2969093322753906,0.9319067597389221,0.6094228625297546,0.3859468996524811,0.0,0.375,0.6902610659599304,0.9809491634368896,1.2958844900131226,1.6168025732040405,1.923940896987915,2.2053070068359375,2.4978575706481934,2.625671863555908,2.8094990253448486,1.4039645195007324,1.0335071086883545,0.9013952016830444,0.674050509929657,0.5968486070632935,0.7123963236808777,0.9060776233673096,1.1118179559707642,1.3986941576004028,1.668174147605896,2.0000693798065186,2.2093074321746826,2.564955472946167,2.6749963760375977,2.904324531555176,1.7980563640594482,1.4401988983154297,1.3604650497436523,1.1722830533981323,1.1429743766784668,1.193874478340149,1.314976453781128,1.4517908096313477,1.6901150941848755,1.9023585319519043,2.222127676010132,2.351428270339966,2.729212522506714,2.8315694332122803,3.077166795730591,2.2127950191497803,1.877066731452942,1.8472903966903687,1.6947966814041138,1.6933072805404663,1.7151232957839966,1.7961276769638062,1.885358214378357,2.1040706634521484,2.276881456375122,2.5766942501068115,2.6269006729125977,3.009211301803589,3.0641512870788574,3.348074197769165,2.8530027866363525,2.499147891998291,2.457643985748291,2.3227243423461914,2.319566249847412,2.2951388359069824,2.3545002937316895,2.4051153659820557,2.6185505390167236,2.709812879562378,3.022369146347046,2.9858646392822266,3.339057207107544,3.392012119293213,3.7222657203674316
A6,1.5441009998321533,1.192696452140808,0.8853224515914917,0.5552862286567688,0.375,0.0,0.3726460039615631,0.6152077913284302,0.9471378922462463,1.2604928016662598,1.5622769594192505,1.860058307647705,2.144517183303833,2.2942793369293213,2.4959523677825928,1.572137475013733,1.2039542198181152,1.0707443952560425,0.7394885420799255,0.6914969682693481,0.592002809047699,0.6541616916656494,0.7886450290679932,1.054498314857483,1.3021918535232544,1.6394922733306885,1.845189094543457,2.2047975063323975,2.3311173915863037,2.5797908306121826,1.8985093832015991,1.5358130931854248,1.450895071029663,1.1851742267608643,1.1783660650253296,1.111822485923767,1.1349014043807983,1.2081412076950073,1.4030835628509521,1.578608751296997,1.8932123184204102,2.000826358795166,2.3807806968688965,2.492802619934082,2.7563700675964355,2.2656490802764893,1.9224755764007568,1.8909258842468262,1.6815088987350464,1.7025083303451538,1.6470826864242554,1.6541846990585327,1.6956690549850464,1.8699170351028442,2.002906084060669,2.2900898456573486,2.3075642585754395,2.6854312419891357,2.742305278778076,3.039128065109253,2.858173131942749,2.5020508766174316,2.4692208766937256,2.293159008026123,2.313812255859375,2.2369866371154785,2.237229108810425,2.257256269454956,2.427365303039551,2.485537528991699,2.7784712314605713,2.706226348876953,3.0455398559570312,3.0856356620788574,3.41654634475708
A7,1.5982162952423096,1.2847708463668823,1.033397912979126,0.6736370325088501,0.6902610659599304,0.3726460039615631,0.0,0.38206520676612854,0.6155737638473511,0.9681938290596008,1.24844229221344,1.5220710039138794,1.8105542659759521,1.9370883703231812,2.1329007148742676,1.5657610893249512,1.2327367067337036,1.1680450439453125,0.8289599418640137,0.9194204211235046,0.7472447156906128,0.6008686423301697,0.7133468389511108,0.8478931784629822,1.0955963134765625,1.3914978504180908,1.5502322912216187,1.9122109413146973,2.0076448917388916,2.251762628555298,1.878309726715088,1.5437043905258179,1.5199105739593506,1.246226191520691,1.3331981897354126,1.2221113443374634,1.1301416158676147,1.1929819583892822,1.290360450744629,1.4487215280532837,1.7146517038345337,1.76567542552948,2.138483762741089,2.2156078815460205,2.471261739730835,2.24122953414917,1.9221985340118408,1.942765712738037,1.7292802333831787,1.820298194885254,1.738721489906311,1.6706843376159668,1.7110882997512817,1.8128083944320679,1.9267853498458862,2.1676034927368164,2.1336376667022705,2.4962856769561768,2.5148935317993164,2.8000988960266113,2.8362879753112793,2.496691942214966,2.5112621784210205,2.333526611328125,2.409008264541626,2.3197827339172363,2.2676379680633545,2.2972495555877686,2.4151358604431152,2.466549873352051,2.7210590839385986,2.608349323272705,2.9287595748901367,2.9261558055877686,3.236891746520996
A8,1.964812159538269,1.6500730514526367,1.4043656587600708,1.0362659692764282,0.9809491634368896,0.6152077913284302,0.38206520676612854,0.0,0.3839528262615204,0.6492839455604553,0.9621700644493103,1.2701512575149536,1.5581767559051514,1.742091178894043,1.9878404140472412,1.9387935400009155,1.6116398572921753,1.531063437461853,1.1718577146530151,1.1996911764144897,0.9396816492080688,0.7330775856971741,0.6344112157821655,0.6963657736778259,0.8218950033187866,1.144999384880066,1.2891980409622192,1.6651734113693237,1.809298038482666,2.100123405456543,2.2121758460998535,1.8788057565689087,1.8278790712356567,1.5146770477294922,1.5634329319000244,1.3697144985198975,1.2193434238433838,1.1642366647720337,1.2050772905349731,1.2622491121292114,1.5256718397140503,1.538947343826294,1.9132373332977295,2.026244878768921,2.322097063064575,2.5268054008483887,2.203181505203247,2.1972591876983643,1.939632773399353,2.0090930461883545,1.8587690591812134,1.7404953241348267,1.7015260457992554,1.7602254152297974,1.7974563837051392,2.028905153274536,1.9510211944580078,2.3021416664123535,2.3437931537628174,2.6568801403045654,3.0572173595428467,2.716817855834961,2.716289520263672,2.4987127780914307,2.5664567947387695,2.4235751628875732,2.3263261318206787,2.301340103149414,2.3779711723327637,2.3717899322509766,2.6072094440460205,2.4534049034118652,2.7488081455230713,2.746211290359497,3.065378189086914
A9,2.0940284729003906,1.820631504058838,1.618485927581787,1.260986566543579,1.2958844900131226,0.9471378922462463,0.6155737638473511,0.3839528262615204,0.0,0.3875163495540619,0.6404641270637512,0.9134207367897034,1.2083402872085571,1.3655203580856323,1.610386610031128,2.0159008502960205,1.7335213422775269,1.7030303478240967,1.3639771938323975,1.4710006713867188,1.2039248943328857,0.9071972966194153,0.8067593574523926,0.667163074016571,0.7364479899406433,0.9531048536300659,1.0052286386489868,1.3808023929595947,1.4817254543304443,1.7697218656539917,2.2606096267700195,1.9655966758728027,1.9649521112442017,1.6636583805084229,1.7802621126174927,1.5727323293685913,1.3456792831420898,1.289825201034546,1.2188208103179932,1.2435331344604492,1.4202781915664673,1.3486777544021606,1.70047128200531,1.7645045518875122,2.0482795238494873,2.5581753253936768,2.2671642303466797,2.306633472442627,2.0566532611846924,2.183314323425293,2.0215349197387695,1.8443479537963867,1.8099656105041504,1.7910939455032349,1.8057233095169067,1.9713720083236694,1.831592082977295,2.1520941257476807,2.1442716121673584,2.4381344318389893,3.0762014389038086,2.759437084197998,2.8031375408172607,2.5907199382781982,2.7071313858032227,2.559678792953491,2.4181578159332275,2.4061279296875,2.428976058959961,2.418206214904785,2.6051738262176514,2.4106152057647705,2.6769678592681885,2.623394012451172,2.912841558456421
A10,2.4441750049591064,2.1707522869110107,1.9806597232818604,1.6123493909835815,1.6168025732040405,1.2604928016662598,0.9681938290596008,0.6492839455604553,0.3875163495540619,0.0,0.39585283398628235,0.6650072932243347,0.9756543040275574,1.1989142894744873,1.510406255722046,2.3937172889709473,2.1163291931152344,2.0874950885772705,1.7424712181091309,1.818780779838562,1.5282360315322876,1.2363998889923096,1.0452302694320679,0.8545592427253723,0.7322316765785217,0.8938665986061096,0.8473901748657227,1.2220630645751953,1.3643430471420288,1.701164722442627,2.637871503829956,2.3477084636688232,2.3385043144226074,2.0238828659057617,2.1169321537017822,1.8745062351226807,1.6282283067703247,1.499244213104248,1.3793855905532837,1.2937370538711548,1.4268351793289185,1.278548002243042,1.6006922721862793,1.6874881982803345,2.004542112350464,2.914569139480591,2.6267781257629395,2.6548233032226562,2.385079860687256,2.4967079162597656,2.297112464904785,2.0917856693267822,2.0005059242248535,1.9403231143951416,1.8786401748657227,2.013669729232788,1.8153116703033447,2.0989816188812256,2.102259874343872,2.412444591522217,3.3926398754119873,3.081015110015869,3.1182074546813965,2.883777141571045,2.994816780090332,2.8131628036499023,2.640126943588257,2.586235761642456,2.5691518783569336,2.5050644874572754,2.6610140800476074,2.4218432903289795,2.6466305255889893,2.5815773010253906,2.865931510925293
A11,2.692061424255371,2.4410345554351807,2.2477657794952393,1.8979460000991821,1.923940896987915,1.5622769594192505,1.24844229221344,0.9621700644493103,0.6404641270637512,0.39585283398628235,0.0,0.3868762254714966,0.6064229011535645,0.8648354411125183,1.1779041290283203,2.562469959259033,2.311210870742798,2.278501033782959,1.9393186569213867,2.038872718811035,1.7249655723571777,1.3874680995941162,1.1833045482635498,0.8820335865020752,0.691275417804718,0.6622428297996521,0.48569294810295105,0.8437264561653137,0.9763873815536499,1.3261377811431885,2.7187860012054443,2.4561753273010254,2.4534082412719727,2.1371171474456787,2.258134365081787,1.9885283708572388,1.6864532232284546,1.5396782159805298,1.328033685684204,1.198065161705017,1.2246692180633545,0.992871880531311,1.2716413736343384,1.326123595237732,1.6413553953170776,2.933039665222168,2.6689987182617188,2.707350254058838,2.4309144020080566,2.57234525680542,2.347562074661255,2.089801788330078,1.9867831468582153,1.852904200553894,1.7584642171859741,1.821810245513916,1.5689730644226074,1.8101345300674438,1.7774325609207153,2.073370933532715,3.3447601795196533,3.0559966564178467,3.113987684249878,2.871737241744995,3.0147995948791504,2.816009044647217,2.597722053527832,2.5428049564361572,2.4692306518554688,2.393204927444458,2.4960615634918213,2.2225561141967773,2.4120073318481445,2.3039169311523438,2.559513807296753
A12,2.839953899383545,2.62166690826416,2.474576711654663,2.1313393115997314,2.2053070068359375,1.860058307647705,1.5220710039138794,1.2701512575149536,0.9134207367897034,0.6650072932243347,0.3868762254714966,0.0,0.38112398982048035,0.563430666923523,0.9205440282821655,2.719644546508789,2.506042718887329,2.523124933242798,2.2098982334136963,2.3516578674316406,2.0599663257598877,1.7155849933624268,1.5490655899047852,1.2376140356063843,1.0680208206176758,0.9593247771263123,0.6510156393051147,0.891431987285614,0.9109550714492798,1.2336406707763672,2.9004087448120117,2.671393632888794,2.714381456375122,2.423884868621826,2.5813779830932617,2.3308098316192627,2.020974636077881,1.900098204612732,1.6665512323379517,1.5403181314468384,1.5035241842269897,1.2076672315597534,1.404447317123413,1.3791601657867432,1.650302767753601,3.129321575164795,2.896662950515747,2.9751393795013428,2.7219607830047607,2.894885778427124,2.6849827766418457,2.417056083679199,2.332519054412842,2.1718220710754395,2.0747342109680176,2.0885438919067383,1.7966325283050537,1.9815846681594849,1.8922444581985474,2.1447529792785645,3.5558950901031494,3.289713144302368,3.3827648162841797,3.1589367389678955,3.3292553424835205,3.1428182125091553,2.9139034748077393,2.875321626663208,2.778852939605713,2.705697536468506,2.7736034393310547,2.478367567062378,2.6313939094543457,2.4779725074768066,2.689929246902466
A13,3.137437343597412,2.9261574745178223,2.762868881225586,2.431400775909424,2.4978575706481934,2.144517183303833,1.8105542659759521,1.5581767559051514,1.2083402872085571,0.9756543040275574,0.6064229011535645,0.38112398982048035,0.0,0.37715306878089905,0.7215350270271301,2.957810401916504,2.7555387020111084,2.7528393268585205,2.439607620239258,2.5775094032287598,2.265587568283081,1.905342698097229,1.7194992303848267,1.3686273097991943,1.1623289585113525,0.9292663335800171,0.5466434359550476,0.6164129972457886,0.6026339530944824,0.9373007416725159,3.055971384048462,2.844403028488159,2.876246213912964,2.581289052963257,2.7422428131103516,2.467548131942749,2.127770185470581,1.98443603515625,1.6970199346542358,1.5318809747695923,1.4034614562988281,1.050244927406311,1.1531180143356323,1.090358853340149,1.3507837057113647,3.219167947769165,3.0033321380615234,3.075483798980713,2.813185453414917,2.9953410625457764,2.7607738971710205,2.4575259685516357,2.3541619777679443,2.1384568214416504,2.006223440170288,1.953402042388916,1.6199856996536255,1.7414002418518066,1.621969223022461,1.8532333374023438,3.5670671463012695,3.321582317352295,3.4207777976989746,3.1862573623657227,3.372826099395752,3.1669814586639404,2.9022107124328613,2.853386878967285,2.7078471183776855,2.6167662143707275,2.632817268371582,2.3107807636260986,2.4187674522399902,2.228746175765991,2.4064223766326904
A14,3.111778736114502,2.9395909309387207,2.814087390899658,2.505413293838501,2.625671863555908,2.2942793369293213,1.9370883703231812,1.742091178894043,1.3655203580856323,1.1989142894744873,0.8648354411125183,0.563430666923523,0.37715306878089905,0.0,0.383189857006073,2.909730911254883,2.7515971660614014,2.7920405864715576,2.5138156414031982,2.70224666595459,2.4195499420166016,2.0510027408599854,1.9249459505081177,1.5682640075683594,1.4344062805175781,1.1925992965698242,0.8318522572517395,0.8448949456214905,0.6419522762298584,0.8386615514755249,3.0055885314941406,2.834959030151367,2.91475510597229,2.655263662338257,2.862816095352173,2.6196253299713135,2.276394844055176,2.1863133907318115,1.893796443939209,1.7853443622589111,1.6347180604934692,1.2894275188446045,1.3556082248687744,1.1897940635681152,1.3531551361083984,3.176292896270752,2.9982194900512695,3.1164519786834717,2.8888306617736816,3.1117265224456787,2.9084553718566895,2.6049416065216064,2.5479042530059814,2.324337959289551,2.2341787815093994,2.1550629138946533,1.8283790349960327,1.9280321598052979,1.7414332628250122,1.9059643745422363,3.544501781463623,3.3253674507141113,3.4663662910461426,3.263239622116089,3.483350992202759,3.307640314102173,3.0461997985839844,3.038126230239868,2.890547752380371,2.836310863494873,2.837942123413086,2.526176691055298,2.6310336589813232,2.405400514602661,2.5406646728515625
A15,3.1837472915649414,3.0451714992523193,2.9335789680480957,2.656959056854248,2.8094990253448486,2.4959523677825928,2.1329007148742676,1.9878404140472412,1.610386610031128,1.510406255722046,1.1779041290283203,0.9205440282821655,0.7215350270271301,0.383189857006073,0.0,2.9212892055511475,2.8040647506713867,2.8593859672546387,2.613574743270874,2.834775924682617,2.569585084915161,2.195472240447998,2.1128687858581543,1.7472167015075684,1.6661993265151978,1.3879204988479614,1.0659061670303345,0.9955928921699524,0.6665439009666443,0.6626883745193481,2.9541027545928955,2.8276922702789307,2.9344985485076904,2.705869436264038,2.9488351345062256,2.724006414413452,2.371258020401001,2.3197126388549805,2.0093252658843994,1.9425145387649536,1.7473862171173096,1.4175220727920532,1.4266092777252197,1.16859769821167,1.218479871749878,3.0859649181365967,2.949597120285034,3.098085403442383,2.8982532024383545,3.1560897827148438,2.971292495727539,2.6573562622070312,2.635613203048706,2.3883917331695557,2.329087972640991,2.2062346935272217,1.8890502452850342,1.952532172203064,1.7018145322799683,1.7908413410186768,3.4213218688964844,3.2368879318237305,3.413038969039917,3.234341859817505,3.4879519939422607,3.3326416015625,3.062962293624878,3.0890374183654785,2.9239656925201416,2.9016411304473877,2.8739376068115234,2.573606014251709,2.666182041168213,2.403992176055908,2.4905896186828613
B1,0.6580134034156799,0.7617123126983643,0.8461465239524841,1.0931177139282227,1.4039645195007324,1.572137475013733,1.5657610893249512,1.9387935400009155,2.0159008502960205,2.3937172889709473,2.562469959259033,2.719644546508789,2.957810401916504,2.909730911254883,2.9212892055511475,0.0,0.3804869055747986,0.7097783088684082,1.0050994157791138,1.334154725074768,1.57148277759552,1.6205394268035889,1.984867811203003,2.0982003211975098,2.4575235843658447,2.6279032230377197,2.7671854496002197,3.0434250831604004,2.981887102127075,3.0466012954711914,0.7751299738883972,0.7211697101593018,1.043411374092102,1.2351843118667603,1.517423152923584,1.7590057849884033,1.8282482624053955,2.1570284366607666,2.2872002124786377,2.61541485786438,2.8010306358337402,2.8998477458953857,3.210102081298828,3.1552979946136475,3.246112585067749,1.394086241722107,1.275315523147583,1.5257784128189087,1.6508845090866089,1.8720837831497192,2.0856785774230957,2.164337396621704,2.44599986076355,2.5920591354370117,2.8849215507507324,3.0735995769500732,3.1339468955993652,3.469827890396118,3.3897545337677,3.5406336784362793,2.240694999694824,2.0068342685699463,2.15596604347229,2.2246835231781006,2.373648166656494,2.5278217792510986,2.6183743476867676,2.8492484092712402,3.040762424468994,3.2680485248565674,3.516050100326538,3.516832113265991,3.8656601905822754,3.830383777618408,4.068542957305908
B2,0.6884192228317261,0.5883184671401978,0.5163095593452454,0.7451832890510559,1.0335071086883545,1.2039542198181152,1.2327367067337036,1.6116398572921753,1.7335213422775269,2.1163291931152344,2.311210870742798,2.506042718887329,2.7555387020111084,2.7515971660614014,2.8040647506713867,0.3804869055747986,0.0,0.39155271649360657,0.6460323333740234,0.9705865979194641,1.2101813554763794,1.2861695289611816,1.6477998495101929,1.7983028888702393,2.1562857627868652,2.3618412017822266,2.5271241664886475,2.823812246322632,2.803900718688965,2.908773899078369,0.901024341583252,0.6704501509666443,0.8806090354919434,0.9803767800331116,1.2257884740829468,1.4472655057907104,1.5318641662597656,1.842895746231079,2.0010273456573486,2.3197810649871826,2.537566900253296,2.652019500732422,2.982532262802124,2.965650796890259,3.0949623584747314,1.4659690856933594,1.250063180923462,1.4213478565216064,1.469923734664917,1.6499998569488525,1.828813076019287,1.911328673362732,2.1639394760131836,2.330970287322998,2.6083478927612305,2.8255040645599365,2.8900530338287354,3.24253511428833,3.1951615810394287,3.380511999130249,2.268002986907959,1.9851617813110352,2.079946756362915,2.090522050857544,2.2058143615722656,2.319096088409424,2.404031276702881,2.6003053188323975,2.8013529777526855,3.004425525665283,3.270960569381714,3.266697406768799,3.622147560119629,3.6089818477630615,3.8721203804016113
B3,1.008500337600708,0.8206819891929626,0.5542658567428589,0.7495080828666687,0.9013952016830444,1.0707443952560425,1.1680450439453125,1.531063437461853,1.7030303478240967,2.0874950885772705,2.278501033782959,2.523124933242798,2.7528393268585205,2.7920405864715576,2.8593859672546387,0.7097783088684082,0.39155271649360657,0.0,0.3852696418762207,0.6431542634963989,0.921480655670166,1.0703158378601074,1.438191533088684,1.6407287120819092,2.00905442237854,2.2352051734924316,2.4535841941833496,2.7459447383880615,2.766655445098877,2.8857874870300293,0.9133979082107544,0.5675697326660156,0.5889961123466492,0.6468311548233032,0.8430439233779907,1.0958327054977417,1.2389298677444458,1.560918927192688,1.7663168907165527,2.1005172729492188,2.3441781997680664,2.5086348056793213,2.8448591232299805,2.86543607711792,3.0104012489318848,1.3640551567077637,1.0717917680740356,1.1448478698730469,1.1522473096847534,1.2845433950424194,1.4684429168701172,1.5886459350585938,1.8431167602539062,2.048339605331421,2.339287281036377,2.5830440521240234,2.688347816467285,3.0521950721740723,3.0410349369049072,3.242612600326538,2.091522693634033,1.772735834121704,1.8064782619476318,1.785025715827942,1.8623477220535278,1.9656612873077393,2.0720014572143555,2.258899450302124,2.4862327575683594,2.6933727264404297,2.980461359024048,3.0044045448303223,3.372174024581909,3.3916640281677246,3.671978712081909
B4,1.2331695556640625,0.9649950861930847,0.6192318201065063,0.596748411655426,0.674050509929657,0.7394885420799255,0.8289599418640137,1.1718577146530151,1.3639771938323975,1.7424712181091309,1.9393186569213867,2.2098982334136963,2.439607620239258,2.5138156414031982,2.613574743270874,1.0050994157791138,0.6460323333740234,0.3852696418762207,0.0,0.39204150438308716,0.5669390559196472,0.6955211162567139,1.0576801300048828,1.276379108428955,1.637719750404358,1.8848544359207153,2.1160809993743896,2.420844793319702,2.473588228225708,2.6268327236175537,1.1791051626205444,0.8050456047058105,0.7334529161453247,0.5618358254432678,0.7171412706375122,0.8484101295471191,0.9453701376914978,1.2294706106185913,1.4362159967422485,1.7495085000991821,2.0118625164031982,2.173701047897339,2.5232818126678467,2.5712246894836426,2.74994158744812,1.5502322912216187,1.2158185243606567,1.2308602333068848,1.1158454418182373,1.2244611978530884,1.308637261390686,1.3775211572647095,1.5787830352783203,1.774109125137329,2.0318446159362793,2.2887089252471924,2.3757381439208984,2.748075246810913,2.757235527038574,2.9881982803344727,2.200206756591797,1.856934905052185,1.8636877536773682,1.7655717134475708,1.8346010446548462,1.8619413375854492,1.9190711975097656,2.057065963745117,2.263113260269165,2.430997848510742,2.7197766304016113,2.7158737182617188,3.0798845291137695,3.1044232845306396,3.4010605812072754
B5,1.4796582460403442,1.173001766204834,0.7850710153579712,0.7459596991539001,0.5968486070632935,0.6914969682693481,0.9194204211235046,1.1996911764144897,1.4710006713867188,1.818780779838562,2.038872718811035,2.3516578674316406,2.5775094032287598,2.70224666595459,2.834775924682617,1.334154725074768,0.9705865979194641,0.6431542634963989,0.39204150438308716,0.0,0.3786598742008209,0.701274037361145,0.9940256476402283,1.3031374216079712,1.63541841506958,1.9277729988098145,2.2034425735473633,2.5131301879882812,2.620121955871582,2.8042550086975098,1.460588812828064,1.076745629310608,0.8693519234657288,0.6380643248558044,0.5467076301574707,0.66757732629776,0.8837711811065674,1.1149156093597412,1.4022207260131836,1.6947968006134033,2.0052759647369385,2.2117576599121094,2.5706992149353027,2.6725032329559326,2.8822762966156006,1.7546979188919067,1.3893907070159912,1.2902415990829468,1.1191507577896118,1.097903847694397,1.1535019874572754,1.2844234704971313,1.4389276504516602,1.6972756385803223,1.940624713897705,2.2440850734710693,2.3674113750457764,2.751706838607788,2.813812494277954,3.0735232830047607,2.3143506050109863,1.9496060609817505,1.875453233718872,1.735731601715088,1.724869966506958,1.7208462953567505,1.8099912405014038,1.9016366004943848,2.146559238433838,2.293154716491699,2.616037130355835,2.6374452114105225,3.011103391647339,3.082312822341919,3.4056966304779053
B6,1.744792103767395,1.4283099174499512,1.051804780960083,0.8828411102294922,0.7123963236808777,0.592002809047699,0.7472447156906128,0.9396816492080688,1.2039248943328857,1.5282360315322876,1.7249655723571777,2.0599663257598877,2.265587568283081,2.4195499420166016,2.569585084915161,1.57148277759552,1.2101813554763794,0.921480655670166,0.5669390559196472,0.3786598742008209,0.0,0.37695425748825073,0.6219627857208252,0.9488354921340942,1.269848346710205,1.5691930055618286,1.8617945909500122,2.168748378753662,2.302751064300537,2.5080244541168213,1.6474696397781372,1.2667911052703857,1.059484839439392,0.7213863134384155,0.6403741240501404,0.5201106071472168,0.6156780123710632,0.7750281095504761,1.0549901723861694,1.3251274824142456,1.6461009979248047,1.8527487516403198,2.216078042984009,2.339841604232788,2.5727312564849854,1.879494309425354,1.5072154998779297,1.395045280456543,1.1373783349990845,1.1270135641098022,1.055686354637146,1.092073678970337,1.1777299642562866,1.4045790433883667,1.609906554222107,1.9160103797912598,2.0191595554351807,2.4060542583465576,2.482477903366089,2.7624545097351074,2.366307020187378,1.9973483085632324,1.9222595691680908,1.721452236175537,1.7279388904571533,1.6456496715545654,1.6616935729980469,1.705207347869873,1.9081758260726929,2.014723777770996,2.3270606994628906,2.3157968521118164,2.6816887855529785,2.749955654144287,3.081876516342163
B7,1.8418726921081543,1.545738697052002,1.2094933986663818,0.9744268655776978,0.9060776233673096,0.6541616916656494,0.6008686423301697,0.7330775856971741,0.9071972966194153,1.2363998889923096,1.3874680995941162,1.7155849933624268,1.905342698097229,2.0510027408599854,2.195472240447998,1.6205394268035889,1.2861695289611816,1.0703158378601074,0.6955211162567139,0.701274037361145,0.37695425748825073,0.0,0.37595880031585693,0.6077446341514587,0.962626039981842,1.2307101488113403,1.506677508354187,1.811980128288269,1.9307079315185547,2.13621187210083,1.6760985851287842,1.322124719619751,1.1836920976638794,0.8280677199363708,0.8822062611579895,0.6748692989349365,0.5293986797332764,0.6470121741294861,0.8080309629440308,1.0733301639556885,1.3592015504837036,1.5249605178833008,1.889535903930664,1.9912292957305908,2.2252297401428223,1.8914908170700073,1.541874647140503,1.4858094453811646,1.2093945741653442,1.287764310836792,1.158882737159729,1.0698597431182861,1.13084876537323,1.2599120140075684,1.4361729621887207,1.6995413303375244,1.7486783266067505,2.1291816234588623,2.1753382682800293,2.453718423843384,2.3651034832000732,2.011840343475342,1.9876865148544312,1.772283673286438,1.8440457582473755,1.730362892150879,1.666780710220337,1.7066463232040405,1.8381348848342896,1.9252040386199951,2.1956675052642822,2.133049249649048,2.48185658454895,2.508615732192993,2.827042579650879
B8,2.166975498199463,1.8543999195098877,1.5226393938064575,1.2411139011383057,1.1118179559707642,0.7886450290679932,0.7133468389511108,0.6344112157821655,0.8067593574523926,1.0452302694320679,1.1833045482635498,1.5490655899047852,1.7194992303848267,1.9249459505081177,2.1128687858581543,1.984867811203003,1.6477998495101929,1.438191533088684,1.0576801300048828,0.9940256476402283,0.6219627857208252,0.37595880031585693,0.0,0.3813014030456543,0.6512902975082397,0.9734519720077515,1.2793635129928589,1.5905340909957886,1.7721925973892212,2.0248477458953857,2.0398507118225098,1.691388487815857,1.534414291381836,1.162960410118103,1.1502729654312134,0.8540315628051758,0.6509857773780823,0.5305202007293701,0.6419774889945984,0.7926395535469055,1.118788242340088,1.281006932258606,1.6572166681289673,1.814191460609436,2.0958921909332275,2.2148337364196777,1.866305947303772,1.7782243490219116,1.4612125158309937,1.4943995475769043,1.2790485620498657,1.1328715085983276,1.0676496028900146,1.1541799306869507,1.2339191436767578,1.5105712413787842,1.5273274183273315,1.9094269275665283,1.9970085620880127,2.3138694763183594,2.612931251525879,2.261688232421875,2.212343692779541,1.9517394304275513,2.0013065338134766,1.820133924484253,1.7058805227279663,1.6671022176742554,1.7553203105926514,1.7690590620040894,2.0304207801818848,1.9275883436203003,2.2596569061279297,2.300086736679077,2.6382522583007812
B9,2.323317527770996,2.0395731925964355,1.7452378273010254,1.4499549865722656,1.3986941576004028,1.054498314857483,0.8478931784629822,0.6963657736778259,0.667163074016571,0.8545592427253723,0.8820335865020752,1.2376140356063843,1.3686273097991943,1.5682640075683594,1.7472167015075684,2.0982003211975098,1.7983028888702393,1.6407287120819092,1.276379108428955,1.3031374216079712,0.9488354921340942,0.6077446341514587,0.3813014030456543,0.0,0.382559210062027,0.6266936659812927,0.9184735417366028,1.2244492769241333,1.3914804458618164,1.6472468376159668,2.1226203441619873,1.8118090629577637,1.7081220149993896,1.3512077331542969,1.4188681840896606,1.1180760860443115,0.813177764415741,0.6761655211448669,0.5526071786880493,0.6328852772712708,0.866865873336792,0.9533631205558777,1.3305773735046387,1.4584977626800537,1.7438414096832275,2.2713470458984375,1.9564812183380127,1.915794014930725,1.604573130607605,1.704278588294983,1.4712469577789307,1.2401809692382812,1.1649004220962524,1.1253390312194824,1.1555012464523315,1.3511971235275269,1.2873578071594238,1.6510379314422607,1.6962242126464844,2.0086140632629395,2.6419119834899902,2.316189765930176,2.313734292984009,2.0529329776763916,2.15861439704895,1.9645915031433105,1.7869329452514648,1.7533637285232544,1.7623786926269531,1.7578035593032837,1.9568347930908203,1.7955039739608765,2.096618890762329,2.0820436477661133,2.39731502532959
B10,2.645142078399658,2.352888584136963,2.0687012672424316,1.7457027435302734,1.668174147605896,1.3021918535232544,1.0955963134765625,0.8218950033187866,0.7364479899406433,0.7322316765785217,0.691275417804718,1.0680208206176758,1.1623289585113525,1.4344062805175781,1.6661993265151978,2.4575235843658447,2.1562857627868652,2.00905442237854,1.637719750404358,1.63541841506958,1.269848346710205,0.962626039981842,0.6512902975082397,0.382559210062027,0.0,0.3891066908836365,0.6820875406265259,0.9956497550010681,1.2426822185516357,1.5574748516082764,2.500746726989746,2.193800687789917,2.0867626667022705,1.7245261669158936,1.7611348628997803,1.434794306755066,1.1364772319793701,0.9026824235916138,0.7178165316581726,0.5628455281257629,0.7525941729545593,0.7521148324012756,1.1292413473129272,1.3158423900604248,1.655625581741333,2.6357803344726562,2.326267719268799,2.273714780807495,1.9478108882904053,2.022143840789795,1.7499315738677979,1.4959489107131958,1.338187575340271,1.2430118322372437,1.1490052938461304,1.310248851776123,1.1674795150756836,1.502436637878418,1.579901933670044,1.9266993999481201,2.9616053104400635,2.6438775062561035,2.630511522293091,2.3469581604003906,2.4393250942230225,2.204932451248169,1.9924427270889282,1.8988004922866821,1.8557952642440796,1.7739324569702148,1.9361203908920288,1.7157891988754272,1.972042441368103,1.9530338048934937,2.275017499923706
B11,2.8726770877838135,2.6084303855895996,2.342468500137329,2.0328423976898193,2.0000693798065186,1.6394922733306885,1.3914978504180908,1.144999384880066,0.9531048536300659,0.8938665986061096,0.6622428297996521,0.9593247771263123,0.9292663335800171,1.1925992965698242,1.3879204988479614,2.6279032230377197,2.3618412017822266,2.2352051734924316,1.8848544359207153,1.9277729988098145,1.5691930055618286,1.2307101488113403,0.9734519720077515,0.6266936659812927,0.3891066908836365,0.0,0.38684535026550293,0.6280356645584106,0.8839444518089294,1.1951695680618286,2.606879472732544,2.337902545928955,2.2570481300354004,1.9113277196884155,1.992984414100647,1.6645640134811401,1.3200523853302002,1.1051766872406006,0.8052679896354675,0.6034621000289917,0.5624906420707703,0.4025918245315552,0.7693563103675842,0.9308950304985046,1.2787384986877441,2.6896512508392334,2.4149677753448486,2.38828182220459,2.0706629753112793,2.188197135925293,1.9061195850372314,1.5989588499069214,1.4456899166107178,1.2496814727783203,1.1165658235549927,1.1601581573486328,0.9253817796707153,1.2138407230377197,1.2405818700790405,1.578709602355957,2.9551873207092285,2.6682510375976562,2.6878345012664795,2.406205654144287,2.5414345264434814,2.2992076873779297,2.0376806259155273,1.9536060094833374,1.8381849527359009,1.7475531101226807,1.834731936454773,1.5654947757720947,1.7767724990844727,1.6945708990097046,1.9827125072479248
B12,2.990182638168335,2.7464230060577393,2.5218045711517334,2.1982579231262207,2.2093074321746826,1.845189094543457,1.5502322912216187,1.2891980409622192,1.0052286386489868,0.8473901748657227,0.48569294810295105,0.6510156393051147,0.5466434359550476,0.8318522572517395,1.0659061670303345,2.7671854496002197,2.5271241664886475,2.4535841941833496,2.1160809993743896,2.2034425735473633,1.8617945909500122,1.506677508354187,1.2793635129928589,0.9184735417366028,0.6820875406265259,0.38684535026550293,0.0,0.3826894760131836,0.6088353395462036,0.9758377075195312,2.791651725769043,2.5475611686706543,2.5165300369262695,2.1912147998809814,2.3110105991363525,2.004249095916748,1.6574318408966064,1.4753684997558594,1.1753474473953247,0.9864986538887024,0.8740358948707581,0.5573403835296631,0.79091876745224,0.8546304702758789,1.1966006755828857,2.9043662548065186,2.6560068130493164,2.6737165451049805,2.3790886402130127,2.5281825065612793,2.2649290561676025,1.954883098602295,1.8228851556777954,1.6087106466293335,1.467880368232727,1.4494633674621582,1.1472464799880981,1.3471500873565674,1.3002631664276123,1.6018049716949463,3.1991989612579346,2.9318721294403076,2.9882771968841553,2.725811243057251,2.8867506980895996,2.658243417739868,2.389993906021118,2.320176839828491,2.1825249195098877,2.086853504180908,2.1314022541046143,1.8284872770309448,1.9840004444122314,1.844046711921692,2.082657814025879
B13,3.3112881183624268,3.081993579864502,2.857182264328003,2.5479705333709717,2.564955472946167,2.2047975063323975,1.9122109413146973,1.6651734113693237,1.3808023929595947,1.2220630645751953,0.8437264561653137,0.891431987285614,0.6164129972457886,0.8448949456214905,0.9955928921699524,3.0434250831604004,2.823812246322632,2.7459447383880615,2.420844793319702,2.5131301879882812,2.168748378753662,1.811980128288269,1.5905340909957886,1.2244492769241333,0.9956497550010681,0.6280356645584106,0.3826894760131836,0.0,0.379041463136673,0.7308082580566406,2.999979019165039,2.782402753829956,2.751290798187256,2.434809446334839,2.5629372596740723,2.2466678619384766,1.8828973770141602,1.694440484046936,1.353562593460083,1.1396172046661377,0.9006069898605347,0.5143064260482788,0.5367798805236816,0.5424100160598755,0.8921017646789551,3.051462411880493,2.8293306827545166,2.848158597946167,2.555412530899048,2.7167415618896484,2.438279628753662,2.098752975463867,1.9554177522659302,1.6815085411071777,1.5041475296020508,1.3889933824539185,1.0299268960952759,1.1250567436218262,1.0274989604949951,1.304648518562317,3.2652082443237305,3.0266284942626953,3.09450364112854,2.828488826751709,3.0087621212005615,2.766383409500122,2.4627044200897217,2.386500358581543,2.1912145614624023,2.0776844024658203,2.0520105361938477,1.716270923614502,1.807842493057251,1.613013505935669,1.8042712211608887
