,A1,A2,A3,A4,A5,A6,A7,A8,A9,A10,A11,A12,A13,A14,A15,B1,B2,B3,B4,B5,B6,B7,B8,B9,B10,B11,B12,B13,B14,B15,C1,C2,C3,C4,C5,C6,C7,C8,C9,C10,C11,C12,C13,C14,C15,D1,D2,D3,D4,D5,D6,D7,D8,D9,D10,D11,D12,D13,D14,D15,E1,E2,E3,E4,E5,E6,E7,E8,E9,E10,E11,E12,E13,E14,E15
A1,0.0,0.3772083520889282,0.7366998195648193,0.9261721968650818,1.2294899225234985,1.5438534021377563,1.6623821258544922,2.0319061279296875,2.1996102333068848,2.5654866695404053,2.7525482177734375,3.103334665298462,3.3810529708862305,3.421598434448242,3.5878379344940186,1.2083547115325928,1.0404324531555176,1.2284938097000122,1.344152808189392,1.5128284692764282,1.7827048301696777,1.9159469604492188,2.231674909591675,2.415743112564087,2.7301857471466064,2.940612554550171,3.1933674812316895,3.5239462852478027,3.5361835956573486,3.707509756088257,1.7372819185256958,1.6009432077407837,1.7443920373916626,1.8095059394836426,1.9284459352493286,2.1454968452453613,2.266868829727173,2.532240867614746,2.730668544769287,2.9862072467803955,3.229992628097534,3.3721601963043213,3.7388455867767334,3.7359092235565186,3.9030158519744873,2.228309154510498,2.127530336380005,2.242912769317627,2.2926247119903564,2.3626391887664795,2.551698923110962,2.6794254779815674,2.899928092956543,3.1174046993255615,3.341348886489868,3.604915142059326,3.6637675762176514,4.031989097595215,3.9622623920440674,4.160699844360352,2.8001832962036133,2.6656131744384766,2.7901201248168945,2.8388662338256836,2.8717868328094482,3.000699758529663,3.16235089302063,3.3222897052764893,3.5855178833007812,3.741623878479004,4.060092926025391,4.071011066436768,4.4516167640686035,4.420793056488037,4.765066623687744
A2,0.3772083520889282,0.0,0.39779889583587646,0.6057839393615723,0.8654062747955322,1.1961920261383057,1.3602197170257568,1.7179954051971436,1.9254133701324463,2.2854719161987305,2.5027616024017334,2.858736753463745,3.1410000324249268,3.2169151306152344,3.4058351516723633,1.1372942924499512,0.9495468139648438,1.0316938161849976,1.0740437507629395,1.1868401765823364,1.4445436000823975,1.6012890338897705,1.900514841079712,2.113027334213257,2.420926332473755,2.6583032608032227,2.9210927486419678,3.258864164352417,3.303182601928711,3.4986684322357178,1.6376099586486816,1.4933629035949707,1.5645499229431152,1.5722821950912476,1.642690658569336,1.8339002132415771,1.9647064208984375,2.2060441970825195,2.422504186630249,2.6665422916412354,2.9307901859283447,3.0818114280700684,3.4568779468536377,3.48227596282959,3.6732208728790283,2.115687608718872,2.0123610496520996,2.07121205329895,2.073917865753174,2.1035797595977783,2.263136386871338,2.392584800720215,2.586113691329956,2.814908504486084,3.024357318878174,3.303065061569214,3.3639650344848633,3.73946213722229,3.693206548690796,3.912869453430176,2.676440477371216,2.544687271118164,2.62693452835083,2.635460615158081,2.6374564170837402,2.7336041927337646,2.8888657093048096,3.020265817642212,3.2873239517211914,3.423872232437134,3.7503106594085693,3.7563862800598145,4.138145923614502,4.1215739250183105,4.475010871887207
A3,0.7366998195648193,0.39779889583587646,0.0,0.3830941617488861,0.6020575761795044,0.8964895606040955,1.1066484451293945,1.462414026260376,1.698073387145996,2.059386730194092,2.284842014312744,2.659189224243164,2.919964551925659,3.0261049270629883,3.214803457260132,0.9737591743469238,0.764840304851532,0.7209636569023132,0.7013868093490601,0.7897705435752869,1.0588312149047852,1.2426882982254028,1.5551940202713013,1.7917264699935913,2.1135857105255127,2.365694999694824,2.6581146717071533,2.9847593307495117,3.055414915084839,3.254472494125366,1.3883472681045532,1.239093542098999,1.2458250522613525,1.2062528133392334,1.2550549507141113,1.4363369941711426,1.5780245065689087,1.8248053789138794,2.057554244995117,2.3141376972198486,2.5903265476226807,2.7695446014404297,3.1438486576080322,3.190361499786377,3.3868184089660645,1.8361202478408813,1.7340060472488403,1.7494280338287354,1.7147142887115479,1.7273318767547607,1.8697646856307983,1.9999191761016846,2.1914196014404297,2.428605079650879,2.644878625869751,2.932382583618164,3.012578248977661,3.3936781883239746,3.3656764030456543,3.590198278427124,2.377725124359131,2.2528882026672363,2.3060362339019775,2.2831976413726807,2.2737481594085693,2.3494837284088135,2.498087167739868,2.6231274604797363,2.8911445140838623,3.0283594131469727,3.3573951721191406,3.3721086978912354,3.7563071250915527,3.750636339187622,4.109467029571533
A4,0.9261721968650818,0.6057839393615723,0.3830941617488861,0.0,0.3951922059059143,0.6273964643478394,0.7600443363189697,1.1272000074386597,1.3384188413619995,1.7018450498580933,1.92377769947052,2.2908573150634766,2.5626184940338135,2.663792371749878,2.864737033843994,0.9649385809898376,0.900979220867157,0.8829638957977295,0.7087982892990112,0.8189647793769836,0.9474713802337646,1.033815860748291,1.3163127899169922,1.5117050409317017,1.8162152767181396,2.0543980598449707,2.3221330642700195,2.659515142440796,2.7201602458953857,2.9310224056243896,1.4324560165405273,1.3772447109222412,1.3926706314086914,1.2642446756362915,1.3237419128417969,1.4038019180297852,1.4608147144317627,1.666793704032898,1.8534071445465088,2.07993483543396,2.33687424659729,2.477851390838623,2.8548696041107178,2.8888614177703857,3.0951952934265137,1.8968899250030518,1.865960955619812,1.8863110542297363,1.7880408763885498,1.8126713037490845,1.8795675039291382,1.943290114402771,2.0963852405548096,2.2920644283294678,2.473281145095825,2.7394111156463623,2.7768492698669434,3.14935040473938,3.1037840843200684,3.3368096351623535,2.4483680725097656,2.3786888122558594,2.4398701190948486,2.368825674057007,2.3758716583251953,2.3968117237091064,2.491154670715332,2.590949058532715,2.8231821060180664,2.9309873580932617,3.2409567832946777,3.2134501934051514,3.587895631790161,3.556140422821045,3.9057490825653076
A5,1.2294899225234985,0.8654062747955322,0.6020575761795044,0.3951922059059143,0.0,0.3733366131782532,0.6647245287895203,0.9421903491020203,1.242130994796753,1.564612627029419,1.8458762168884277,2.1981122493743896,2.483365774154663,2.6371302604675293,2.8752005100250244,1.2870328426361084,1.198947548866272,1.0601037740707397,0.805705189704895,0.725334107875824,0.7730605006217957,0.9163714647293091,1.1173268556594849,1.3762651681900024,1.643493413925171,1.9344924688339233,2.201939821243286,2.5523135662078857,2.6651413440704346,2.9154491424560547,1.6549144983291626,1.579156517982483,1.4972697496414185,1.3063923120498657,1.2540658712387085,1.2726627588272095,1.352675199508667,1.4840259552001953,1.7071877717971802,1.894397497177124,2.1907124519348145,2.3371262550354004,2.72562575340271,2.8085432052612305,3.0542449951171875,2.0602493286132812,2.012058734893799,1.9541579484939575,1.8050459623336792,1.7508060932159424,1.7675590515136719,1.841162085533142,1.931458592414856,2.149552822113037,2.2944846153259277,2.5884976387023926,2.6249752044677734,3.0058302879333496,3.0023193359375,3.2702643871307373,2.564427614212036,2.4873111248016357,2.486382484436035,2.372234344482422,2.322420358657837,2.297142505645752,2.3879342079162598,2.4316515922546387,2.6727569103240967,2.7411558628082275,3.0660715103149414,3.030754804611206,3.404357671737671,3.4005727767944336,3.763885259628296
A6,1.5438534021377563,1.1961920261383057,0.8964895606040955,0.6273964643478394,0.3733366131782532,0.0,0.37985384464263916,0.6087509393692017,0.9286820888519287,1.2418432235717773,1.524766445159912,1.885523796081543,2.151777505874634,2.327997922897339,2.5688602924346924,1.3280216455459595,1.313722014427185,1.1467748880386353,0.8047643303871155,0.7141245603561401,0.566236138343811,0.6025903224945068,0.7551970481872559,1.0071251392364502,1.2716343402862549,1.5679025650024414,1.846198558807373,2.1909778118133545,2.3199238777160645,2.5780904293060303,1.6210873126983643,1.6066937446594238,1.5003950595855713,1.2338366508483887,1.1765655279159546,1.0848644971847534,1.083390474319458,1.1668980121612549,1.359167456626892,1.5300090312957764,1.8212064504623413,1.9647165536880493,2.3535923957824707,2.445096254348755,2.700026750564575,1.984329342842102,1.9865046739578247,1.910300374031067,1.7001169919967651,1.6486667394638062,1.5882967710494995,1.6000220775604248,1.6517319679260254,1.8359594345092773,1.9567334651947021,2.2384207248687744,2.2586474418640137,2.6370811462402344,2.634873151779175,2.9105491638183594,2.4583683013916016,2.4260847568511963,2.415062665939331,2.251863718032837,2.212007522583008,2.133014678955078,2.1721980571746826,2.1927638053894043,2.4004530906677246,2.4479942321777344,2.7560434341430664,2.69606876373291,3.0633106231689453,3.046903371810913,3.406223773956299
A7,1.6623821258544922,1.3602197170257568,1.1066484451293945,0.7600443363189697,0.6647245287895203,0.37985384464263916,0.0,0.39294981956481934,0.597871720790863,0.9545609354972839,1.1955543756484985,1.566516637802124,1.833069086074829,1.9789185523986816,2.2129807472229004,1.2989076375961304,1.3917218446731567,1.303674578666687,0.9559508562088013,0.9872074127197266,0.7823096513748169,0.611388087272644,0.7252197861671448,0.8282464742660522,1.0854054689407349,1.3211157321929932,1.5711567401885986,1.9200595617294312,2.00803279876709,2.257883310317993,1.625614881515503,1.6958569288253784,1.6507686376571655,1.3710541725158691,1.3921715021133423,1.2525653839111328,1.1346635818481445,1.2021393775939941,1.287781834602356,1.4360721111297607,1.665335774421692,1.754940390586853,2.1372063159942627,2.1836421489715576,2.4263503551483154,2.004495859146118,2.076184034347534,2.0492050647735596,1.8245482444763184,1.833897590637207,1.7375550270080566,1.6711738109588623,1.7163231372833252,1.8257677555084229,1.9235349893569946,2.1521847248077393,2.1212058067321777,2.4792916774749756,2.430107355117798,2.6924643516540527,2.4914801120758057,2.5136008262634277,2.5443763732910156,2.368591070175171,2.3795065879821777,2.281365156173706,2.26690936088562,2.2967357635498047,2.4526751041412354,2.492964029312134,2.762009382247925,2.661501884460449,3.012319326400757,2.948641777038574,3.285280704498291
A8,2.0319061279296875,1.7179954051971436,1.462414026260376,1.1272000074386597,0.9421903491020203,0.6087509393692017,0.39294981956481934,0.0,0.38237464427948,0.6362130641937256,0.9482617974281311,1.288485050201416,1.5669007301330566,1.7682363986968994,2.043107271194458,1.6649788618087769,1.764650583267212,1.6410415172576904,1.2737187147140503,1.230056643486023,0.9311920404434204,0.714706301689148,0.5983089804649353,0.6477199196815491,0.788203775882721,1.0592091083526611,1.2763210535049438,1.6433484554290771,1.7784702777862549,2.073376417160034,1.9292576313018799,2.0135042667388916,1.9266977310180664,1.608243703842163,1.574155569076538,1.3480314016342163,1.1805719137191772,1.1166154146194458,1.152654767036438,1.2028652429580688,1.4318835735321045,1.4789772033691406,1.8677492141723633,1.9504910707473755,2.235577344894409,2.253222703933716,2.341237783432007,2.2743401527404785,2.0047354698181152,1.9751427173614502,1.8047140836715698,1.6945710182189941,1.6504696607589722,1.7219302654266357,1.7440282106399536,1.9611470699310303,1.8851944208145142,2.2331173419952393,2.206571578979492,2.5028584003448486,2.6888208389282227,2.7335052490234375,2.7299439907073975,2.5093834400177,2.4956772327423096,2.337960720062256,2.280083656311035,2.2490177154541016,2.3699710369110107,2.353010654449463,2.604344367980957,2.4613990783691406,2.7936646938323975,2.729217052459717,3.062838315963745
A9,2.1996102333068848,1.9254133701324463,1.698073387145996,1.3384188413619995,1.242130994796753,0.9286820888519287,0.597871720790863,0.38237464427948,0.0,0.3839459717273712,0.6038184762001038,0.9693838953971863,1.2438161373138428,1.4070852994918823,1.6750959157943726,1.72055184841156,1.8949326276779175,1.829201579093933,1.4749908447265625,1.509468674659729,1.2118695974349976,0.91161048412323,0.7999025583267212,0.6430656909942627,0.7222146391868591,0.8595738410949707,1.0193281173706055,1.386214256286621,1.4632011651992798,1.7477076053619385,1.9895519018173218,2.138646125793457,2.1019299030303955,1.7870497703552246,1.8156930208206177,1.576464056968689,1.3357658386230469,1.2748891115188599,1.196256160736084,1.216079831123352,1.344631314277649,1.3144532442092896,1.6814630031585693,1.701762318611145,1.9678541421890259,2.3116455078125,2.4564878940582275,2.433271646499634,2.1616368293762207,2.185883045196533,1.9992470741271973,1.829736590385437,1.789997935295105,1.7844597101211548,1.7856248617172241,1.9320043325424194,1.7994391918182373,2.111849546432495,2.026524305343628,2.3005127906799316,2.746086597442627,2.83840012550354,2.872983932495117,2.6481502056121826,2.6814918518066406,2.5158355236053467,2.41410493850708,2.3988149166107178,2.468179225921631,2.450049877166748,2.6545794010162354,2.47507381439209,2.7825615406036377,2.6657111644744873,2.9676547050476074
A10,2.5654866695404053,2.2854719161987305,2.059386730194092,1.7018450498580933,1.564612627029419,1.2418432235717773,0.9545609354972839,0.6362130641937256,0.3839459717273712,0.0,0.38072773814201355,0.6582397222518921,0.9566709995269775,1.1838948726654053,1.501512050628662,2.0951178073883057,2.272254705429077,2.18926739692688,1.8266265392303467,1.823723554611206,1.4913623332977295,1.1923580169677734,0.9703494906425476,0.7540978789329529,0.6232236623764038,0.7014299631118774,0.736547589302063,1.1249991655349731,1.2409485578536987,1.5759788751602173,2.328864574432373,2.4870307445526123,2.4283287525177,2.095494508743286,2.0934367179870605,1.8092460632324219,1.5447968244552612,1.3940958976745605,1.2553396224975586,1.158886194229126,1.2346515655517578,1.110735297203064,1.4601551294326782,1.501592993736267,1.8074432611465454,2.612027168273926,2.769923210144043,2.7240774631500244,2.4269649982452393,2.428652048110962,2.194232940673828,1.9919825792312622,1.8832889795303345,1.8289902210235596,1.7505863904953003,1.8566726446151733,1.6592081785202026,1.9349268674850464,1.858075499534607,2.1576340198516846,3.0041463375091553,3.116468906402588,3.1300368309020996,2.875471353530884,2.89512300491333,2.6869237422943115,2.547419309616089,2.484287738800049,2.511244773864746,2.4399383068084717,2.6104495525360107,2.3828346729278564,2.656019926071167,2.525580883026123,2.809032678604126
A11,2.7525482177734375,2.5027616024017334,2.284842014312744,1.92377769947052,1.8458762168884277,1.524766445159912,1.1955543756484985,0.9482617974281311,0.6038184762001038,0.38072773814201355,0.0,0.4079805016517639,0.6435118913650513,0.8230396509170532,1.1238654851913452,2.1669018268585205,2.395310401916504,2.3499279022216797,2.0040197372436523,2.0562586784362793,1.7291990518569946,1.38777756690979,1.201682209968567,0.8911612629890442,0.7512187361717224,0.6165439486503601,0.5419577956199646,0.8890259861946106,0.9124466180801392,1.2276151180267334,2.3744394779205322,2.5828964710235596,2.561157703399658,2.2365357875823975,2.2848381996154785,1.998055338859558,1.6880223751068115,1.5598798990249634,1.3409042358398438,1.2424660921096802,1.201149821281433,1.0036122798919678,1.2965662479400635,1.2497351169586182,1.5193761587142944,2.6367924213409424,2.8414454460144043,2.8309874534606934,2.536545515060425,2.5855255126953125,2.3443500995635986,2.098252058029175,2.006119966506958,1.887073278427124,1.8045570850372314,1.83431077003479,1.5948479175567627,1.8204538822174072,1.6740362644195557,1.9345098733901978,3.011803150177002,3.16656231880188,3.2125134468078613,2.9574601650238037,3.020763635635376,2.8113152980804443,2.6364381313323975,2.596252679824829,2.5770106315612793,2.5161945819854736,2.6383755207061768,2.3882029056549072,2.633113145828247,2.4500513076782227,2.694716215133667
A12,3.103334665298462,2.858736753463745,2.659189224243164,2.2908573150634766,2.1981122493743896,1.885523796081543,1.566516637802124,1.288485050201416,0.9693838953971863,0.6582397222518921,0.4079805016517639,0.0,0.3935202658176422,0.6037706136703491,0.9763407111167908,2.5610713958740234,2.7953896522521973,2.7548232078552246,2.406928062438965,2.4451470375061035,2.1101012229919434,1.7784841060638428,1.5567758083343506,1.252618432044983,1.0278569459915161,0.8425201773643494,0.5507862567901611,0.8198812007904053,0.8159893751144409,1.1605206727981567,2.775245428085327,2.9898431301116943,2.9668326377868652,2.63855242729187,2.6737890243530273,2.372417449951172,2.0600922107696533,1.8919435739517212,1.6514134407043457,1.4822384119033813,1.3843998908996582,1.0875080823898315,1.2956541776657104,1.2309978008270264,1.5085852146148682,3.0277469158172607,3.2412846088409424,3.2268059253692627,2.9244914054870605,2.963341474533081,2.701957941055298,2.4427835941314697,2.312878370285034,2.163015365600586,2.0236809253692627,2.0063979625701904,1.7072279453277588,1.8623015880584717,1.7059224843978882,1.9643598794937134,3.383777141571045,3.5520150661468506,3.592648983001709,3.3252742290496826,3.3830411434173584,3.152078866958618,2.9556634426116943,2.8858377933502197,2.8341310024261475,2.733794927597046,2.8188579082489014,2.5276308059692383,2.7256815433502197,2.5208680629730225,2.7265713214874268
A13,3.3810529708862305,3.1410000324249268,2.919964551925659,2.5626184940338135,2.483365774154663,2.151777505874634,1.833069086074829,1.5669007301330566,1.2438161373138428,0.9566709995269775,0.6435118913650513,0.3935202658176422,0.0,0.3865259289741516,0.7074773907661438,2.7228140830993652,2.9763762950897217,2.932710886001587,2.5927248001098633,2.644059896469116,2.297776460647583,1.946764349937439,1.721381425857544,1.3751717805862427,1.1319183111190796,0.8341472148895264,0.47223079204559326,0.5360882878303528,0.45377278327941895,0.8046506643295288,2.865960121154785,3.1086387634277344,3.0867111682891846,2.75681734085083,2.8080010414123535,2.4887940883636475,2.145986557006836,1.9690401554107666,1.6708356142044067,1.4817649126052856,1.2850719690322876,0.9353938698768616,1.0372419357299805,0.9048953652381897,1.1582907438278198,3.063152551651001,3.306718111038208,3.2959351539611816,2.985036849975586,3.043597936630249,2.760028123855591,2.4632937908172607,2.324017286300659,2.1151647567749023,1.954378366470337,1.862581491470337,1.5294499397277832,1.61630117893219,1.4140119552612305,1.6402488946914673,3.3666131496429443,3.569702386856079,3.614715337753296,3.3339459896087646,3.4142518043518066,3.1664998531341553,2.931635618209839,2.862748861312866,2.760387659072876,2.6550025939941406,2.686694383621216,2.3741202354431152,2.5328707695007324,2.287388324737549,2.4513931274414062
A14,3.421598434448242,3.2169151306152344,3.0261049270629883,2.663792371749878,2.6371302604675293,2.327997922897339,1.9789185523986816,1.7682363986968994,1.4070852994918823,1.1838948726654053,0.8230396509170532,0.6037706136703491,0.3865259289741516,0.0,0.38517433404922485,2.744920492172241,3.032653331756592,3.037952184677124,2.720097303390503,2.8205974102020264,2.5005083084106445,2.1374709606170654,1.9669325351715088,1.60988187789917,1.429640769958496,1.1180124282836914,0.8185728788375854,0.8291388750076294,0.5534940361976624,0.7369440197944641,2.9146673679351807,3.1853601932525635,3.2101593017578125,2.902770757675171,2.998741388320923,2.7062017917633057,2.3574047088623047,2.2310631275177,1.928816795349121,1.7888762950897217,1.5761641263961792,1.2490670680999756,1.3100327253341675,1.0775922536849976,1.2176324129104614,3.130204200744629,3.3982532024383545,3.4318606853485107,3.1434836387634277,3.242480754852295,2.9845433235168457,2.6846375465393066,2.588405132293701,2.373167037963867,2.248283863067627,2.1360387802124023,1.813730239868164,1.8751190900802612,1.6132702827453613,1.7655073404312134,3.452120065689087,3.6731224060058594,3.758491039276123,3.4997122287750244,3.6153295040130615,3.392756938934326,3.1599678993225098,3.1283938884735107,3.022900342941284,2.948106050491333,2.9679946899414062,2.664825439453125,2.8163132667541504,2.541825771331787,2.674487590789795
A15,3.5878379344940186,3.4058351516723633,3.214803457260132,2.864737033843994,2.8752005100250244,2.5688602924346924,2.2129807472229004,2.043107271194458,1.6750959157943726,1.501512050628662,1.1238654851913452,0.9763407111167908,0.7074773907661438,0.38517433404922485,0.0,2.821723222732544,3.1347923278808594,3.1633846759796143,2.8693766593933105,3.0048067569732666,2.698486566543579,2.3249528408050537,2.1896228790283203,1.816280484199524,1.674088954925537,1.326346755027771,1.0802233219146729,0.9845325350761414,0.6101570725440979,0.5555641651153564,2.9492719173431396,3.249983310699463,3.3017659187316895,3.0122439861297607,3.144355058670044,2.8626763820648193,2.4995477199554443,2.405092239379883,2.078531265258789,1.970003366470337,1.7099394798278809,1.4052202701568604,1.3926258087158203,1.0743725299835205,1.0846030712127686,3.1322834491729736,3.4304816722869873,3.4929592609405518,3.2179150581359863,3.3540782928466797,3.1039390563964844,2.7855875492095947,2.717183828353882,2.471045970916748,2.368067502975464,2.208761692047119,1.8968690633773804,1.9119291305541992,1.5937399864196777,1.660204529762268,3.424816846847534,3.6764075756073,3.789135217666626,3.5400547981262207,3.692011833190918,3.4801676273345947,3.230320453643799,3.228243350982666,3.095471143722534,3.045698642730713,3.03092885017395,2.7349703311920166,2.8642752170562744,2.555222749710083,2.6460483074188232
B1,1.2083547115325928,1.1372942924499512,0.9737591743469238,0.9649385809898376,1.2870328426361084,1.3280216455459595,1.2989076375961304,1.6649788618087769,1.72055184841156,2.0951178073883057,2.1669018268585205,2.5610713958740234,2.7228140830993652,2.744920492172241,2.821723222732544,0.0,0.3803667426109314,0.672071099281311,0.7554644346237183,1.1424027681350708,1.302072286605835,1.278773546218872,1.654557466506958,1.7263696193695068,2.0907671451568604,2.2074005603790283,2.513108015060425,2.7597591876983643,2.738510847091675,2.827733039855957,0.6368862986564636,0.7405427098274231,1.0102015733718872,1.0277231931686401,1.341644525527954,1.4943759441375732,1.4854624271392822,1.8285261392593384,1.9306769371032715,2.248849391937256,2.4092819690704346,2.5898184776306152,2.904951572418213,2.8554444313049316,2.947673797607422,1.1682183742523193,1.2328827381134033,1.4442377090454102,1.447977066040039,1.6743382215499878,1.8155087232589722,1.8334999084472656,2.1209094524383545,2.25130033493042,2.523592710494995,2.715731143951416,2.7997260093688965,3.139235734939575,3.026060104370117,3.1567115783691406,1.770348072052002,1.7574373483657837,1.9628852605819702,1.9710026979446411,2.1305694580078125,2.2350080013275146,2.3101465702056885,2.539128303527832,2.7285947799682617,2.93546462059021,3.1929755210876465,3.2097740173339844,3.5740809440612793,3.495544672012329,3.8060524463653564
B2,1.0404324531555176,0.9495468139648438,0.764840304851532,0.900979220867157,1.198947548866272,1.313722014427185,1.3917218446731567,1.764650583267212,1.8949326276779175,2.272254705429077,2.395310401916504,2.7953896522521973,2.9763762950897217,3.032653331756592,3.1347923278808594,0.3803667426109314,0.0,0.3964681029319763,0.6387237310409546,0.9789880514144897,1.241188406944275,1.3287700414657593,1.7152466773986816,1.8637614250183105,2.233988046646118,2.4024524688720703,2.728208541870117,2.9899301528930664,3.0072991847991943,3.1214096546173096,0.7038530111312866,0.5947531461715698,0.817242443561554,0.913117527961731,1.1807384490966797,1.4168977737426758,1.505163311958313,1.8577754497528076,2.028881549835205,2.355797052383423,2.5636885166168213,2.776348114013672,3.106978178024292,3.0972604751586914,3.2132673263549805,1.1916437149047852,1.1341583728790283,1.2987703084945679,1.3504709005355835,1.5279463529586792,1.7306874990463257,1.8258402347564697,2.1221747398376465,2.311088800430298,2.597550630569458,2.8315725326538086,2.9494128227233887,3.3078746795654297,3.2337794303894043,3.3848793506622314,1.7726478576660156,1.678902506828308,1.8422468900680542,1.8826327323913574,1.9942376613616943,2.1366262435913086,2.270616292953491,2.4971706867218018,2.7324695587158203,2.9465584754943848,3.2359986305236816,3.285390853881836,3.662839889526367,3.623542547225952,3.9543983936309814
B3,1.2284938097000122,1.0316938161849976,0.7209636569023132,0.8829638957977295,1.0601037740707397,1.1467748880386353,1.303674578666687,1.6410415172576904,1.829201579093933,2.18926739692688,2.3499279022216797,2.7548232078552246,2.932710886001587,3.037952184677124,3.1633846759796143,0.672071099281311,0.3964681029319763,0.0,0.376971036195755,0.6404827833175659,0.9477006793022156,1.1154111623764038,1.4941197633743286,1.7012896537780762,2.070115327835083,2.280317544937134,2.631779193878174,2.8936455249786377,2.960568428039551,3.100694417953491,0.7514005303382874,0.543090283870697,0.5456160306930542,0.5950642228126526,0.8013997077941895,1.0726619958877563,1.2284162044525146,1.57846200466156,1.8017994165420532,2.1327807903289795,2.3784995079040527,2.626715898513794,2.964702606201172,3.00174617767334,3.144883632659912,1.1341933012008667,1.0146009922027588,1.056700587272644,1.0652484893798828,1.1765615940093994,1.3866443634033203,1.5264981985092163,1.8139723539352417,2.044541835784912,2.334944486618042,2.602414846420288,2.7501273155212402,3.1228275299072266,3.0921781063079834,3.2676236629486084,1.6619707345962524,1.5350664854049683,1.616868257522583,1.6208361387252808,1.6759755611419678,1.8041250705718994,1.9619636535644531,2.1673636436462402,2.4298911094665527,2.6375069618225098,2.9492239952087402,3.0180439949035645,3.4033443927764893,3.3985915184020996,3.7473130226135254
B4,1.344152808189392,1.0740437507629395,0.7013868093490601,0.7087982892990112,0.805705189704895,0.8047643303871155,0.9559508562088013,1.2737187147140503,1.4749908447265625,1.8266265392303467,2.0040197372436523,2.406928062438965,2.5927248001098633,2.720097303390503,2.8693766593933105,0.7554644346237183,0.6387237310409546,0.376971036195755,0.0,0.3898395001888275,0.6036605834960938,0.7476851940155029,1.1249514818191528,1.3407536745071411,1.7044719457626343,1.930788516998291,2.279463529586792,2.554237127304077,2.6397368907928467,2.806745767593384,0.8890483975410461,0.8067427277565002,0.7290701866149902,0.5564721822738647,0.6932482719421387,0.8400985598564148,0.9445703029632568,1.263135313987732,1.4822725057601929,1.7943073511123657,2.051060676574707,2.2859654426574707,2.636516571044922,2.6882834434509277,2.8587653636932373,1.2592334747314453,1.2133512496948242,1.1951225996017456,1.080905795097351,1.145143985748291,1.249644160270691,1.3373795747756958,1.5731359720230103,1.791110634803772,2.0485658645629883,2.3208560943603516,2.4415228366851807,2.8198633193969727,2.795881986618042,2.9973878860473633,1.7702629566192627,1.6965128183364868,1.7408806085586548,1.6620395183563232,1.693296194076538,1.738059639930725,1.8461756706237793,2.0025382041931152,2.246469259262085,2.4145967960357666,2.7253899574279785,2.7581684589385986,3.142700433731079,3.131093978881836,3.4847075939178467
B5,1.5128284692764282,1.1868401765823364,0.7897705435752869,0.8189647793769836,0.725334107875824,0.7141245603561401,0.9872074127197266,1.230056643486023,1.509468674659729,1.823723554611206,2.0562586784362793,2.4451470375061035,2.644059896469116,2.8205974102020264,3.0048067569732666,1.1424027681350708,0.9789880514144897,0.6404827833175659,0.3898395001888275,0.0,0.3911280333995819,0.7118523120880127,1.0148463249206543,1.319389820098877,1.6502059698104858,1.9348058700561523,2.288374185562134,2.5737850666046143,2.7131404876708984,2.917661190032959,1.2164644002914429,1.0796496868133545,0.865958034992218,0.6436506509780884,0.5329176187515259,0.6576236486434937,0.8705503940582275,1.1204261779785156,1.41498863697052,1.697844386100769,2.007622718811035,2.2619986534118652,2.623739719390869,2.730377674102783,2.9395663738250732,1.4949151277542114,1.3976601362228394,1.2652548551559448,1.1051499843597412,1.0313640832901,1.104197382926941,1.249402642250061,1.4250471591949463,1.6986253261566162,1.9314757585525513,2.2482967376708984,2.3855459690093994,2.7769625186920166,2.804933547973633,3.0418574810028076,1.9284533262252808,1.8222466707229614,1.778064489364624,1.661346197128296,1.6020994186401367,1.6090694665908813,1.7424067258834839,1.8393828868865967,2.1170225143432617,2.2527623176574707,2.59381365776062,2.636328935623169,3.026191234588623,3.0568175315856934,3.430108070373535
B6,1.7827048301696777,1.4445436000823975,1.0588312149047852,0.9474713802337646,0.7730605006217957,0.566236138343811,0.7823096513748169,0.9311920404434204,1.2118695974349976,1.4913623332977295,1.7291990518569946,2.1101012229919434,2.297776460647583,2.5005083084106445,2.698486566543579,1.302072286605835,1.241188406944275,0.9477006793022156,0.6036605834960938,0.3911280333995819,0.0,0.3769427239894867,0.6274229884147644,0.9513327479362488,1.268105149269104,1.5666742324829102,1.9219660758972168,2.2062840461730957,2.3686776161193848,2.5924808979034424,1.3594473600387573,1.3159605264663696,1.1056325435638428,0.7841082215309143,0.6549428701400757,0.5202706456184387,0.604724645614624,0.7766187191009521,1.0610777139663696,1.319793939590454,1.637925624847412,1.8847583532333374,2.251532554626465,2.3752968311309814,2.6062374114990234,1.6023541688919067,1.5797663927078247,1.4315800666809082,1.1817126274108887,1.0963128805160522,1.0241408348083496,1.0722308158874512,1.1702616214752197,1.410821557044983,1.6020199060440063,1.9158761501312256,2.026134729385376,2.4189107418060303,2.4543087482452393,2.711962938308716,2.0010175704956055,1.9569854736328125,1.8983639478683472,1.7099723815917969,1.6523936986923218,1.5676504373550415,1.6239079236984253,1.6676392555236816,1.9047359228134155,1.9969680309295654,2.324885845184326,2.326308012008667,2.710988759994507,2.729379177093506,3.10270094871521
B7,1.9159469604492188,1.6012890338897705,1.2426882982254028,1.033815860748291,0.9163714647293091,0.6025903224945068,0.611388087272644,0.714706301689148,0.91161048412323,1.1923580169677734,1.38777756690979,1.7784841060638428,1.946764349937439,2.1374709606170654,2.3249528408050537,1.278773546218872,1.3287700414657593,1.1154111623764038,0.7476851940155029,0.7118523120880127,0.3769427239894867,0.0,0.38932615518569946,0.6135629415512085,0.9654858708381653,1.2256577014923096,1.5836045742034912,1.86351478099823,2.0044353008270264,2.2215683460235596,1.3499826192855835,1.4101186990737915,1.2682592868804932,0.9225578904151917,0.9082252383232117,0.6823319792747498,0.5241886973381042,0.6608644127845764,0.8224884867668152,1.08067786693573,1.3534126281738281,1.571021318435669,1.9382600784301758,2.0315048694610596,2.25624680519104,1.5994776487350464,1.6655690670013428,1.569878339767456,1.2903474569320679,1.2822734117507935,1.1406315565109253,1.0605679750442505,1.1333932876586914,1.2777585983276367,1.4426769018173218,1.7077728509902954,1.7703022956848145,2.1535208225250244,2.149693489074707,2.4014015197753906,2.0049688816070557,2.031317949295044,2.015308141708374,1.8003031015396118,1.8026243448257446,1.6796315908432007,1.6556413173675537,1.6996452808380127,1.868453025817871,1.945406198501587,2.230898380279541,2.1834685802459717,2.5556235313415527,2.52569317817688,2.8818535804748535
B8,2.231674909591675,1.900514841079712,1.5551940202713013,1.3163127899169922,1.1173268556594849,0.7551970481872559,0.7252197861671448,0.5983089804649353,0.7999025583267212,0.9703494906425476,1.201682209968567,1.5567758083343506,1.721381425857544,1.9669325351715088,2.1896228790283203,1.654557466506958,1.7152466773986816,1.4941197633743286,1.1249514818191528,1.0148463249206543,0.6274229884147644,0.38932615518569946,0.0,0.3823395073413849,0.6445604562759399,0.9698764085769653,1.317407250404358,1.6052778959274292,1.803112506866455,2.0643789768218994,1.7152661085128784,1.7853963375091553,1.6153234243392944,1.2549855709075928,1.1695008277893066,0.8527289032936096,0.6420833468437195,0.5188950896263123,0.6305607557296753,0.7776084542274475,1.0878791809082031,1.2865697145462036,1.6670901775360107,1.810644507408142,2.083065986633301,1.9176602363586426,1.9964643716812134,1.8627221584320068,1.546162724494934,1.4838513135910034,1.2521932125091553,1.1183823347091675,1.052809476852417,1.1536654233932495,1.2211834192276,1.4906890392303467,1.510913372039795,1.895420789718628,1.9263250827789307,2.2206103801727295,2.2636237144470215,2.311126708984375,2.2564353942871094,1.9957979917526245,1.9629096984863281,1.7678489685058594,1.691657543182373,1.6510109901428223,1.7797610759735107,1.7827030420303345,2.0555388927459717,1.9595372676849365,2.3186402320861816,2.293834924697876,2.6542019844055176
B9,2.415743112564087,2.113027334213257,1.7917264699935913,1.5117050409317017,1.3762651681900024,1.0071251392364502,0.8282464742660522,0.6477199196815491,0.6430656909942627,0.7540978789329529,0.8911612629890442,1.252618432044983,1.3751717805862427,1.60988187789917,1.816280484199524,1.7263696193695068,1.8637614250183105,1.7012896537780762,1.3407536745071411,1.319389820098877,0.9513327479362488,0.6135629415512085,0.3823395073413849,0.0,0.37713736295700073,0.61625736951828,0.9799157381057739,1.2568092346191406,1.4294158220291138,1.6836354732513428,1.7838327884674072,1.9275212287902832,1.8110673427581787,1.4547978639602661,1.4455742835998535,1.1235134601593018,0.8130515217781067,0.6823718547821045,0.5534626245498657,0.6413789987564087,0.8383323550224304,0.9793959856033325,1.3589951992034912,1.4591611623764038,1.7252137660980225,1.9756852388381958,2.1221611499786377,2.034780502319336,1.7131177186965942,1.7151391506195068,1.4604573249816895,1.2402150630950928,1.1659824848175049,1.1415574550628662,1.1655910015106201,1.3453502655029297,1.2932369709014893,1.654263973236084,1.6291829347610474,1.9137033224105835,2.311258554458618,2.417750358581543,2.402409553527832,2.1313159465789795,2.153083086013794,1.9421504735946655,1.8027369976043701,1.7730355262756348,1.826048493385315,1.8178589344024658,2.02886962890625,1.880134105682373,2.212789535522461,2.1268727779388428,2.4587669372558594
B10,2.7301857471466064,2.420926332473755,2.1135857105255127,1.8162152767181396,1.643493413925171,1.2716343402862549,1.0854054689407349,0.788203775882721,0.7222146391868591,0.6232236623764038,0.7512187361717224,1.0278569459915161,1.1319183111190796,1.429640769958496,1.674088954925537,2.0907671451568604,2.233988046646118,2.070115327835083,1.7044719457626343,1.6502059698104858,1.268105149269104,0.9654858708381653,0.6445604562759399,0.37713736295700073,0.0,0.3822442591190338,0.6923560500144958,0.9829469919204712,1.2225850820541382,1.5301202535629272,2.15458345413208,2.302748441696167,2.174928665161133,1.8134984970092773,1.771206021308899,1.4223668575286865,1.1195135116577148,0.8798400163650513,0.6796374917030334,0.535853922367096,0.6742327213287354,0.7083025574684143,1.101537823677063,1.2495620250701904,1.571325659751892,2.324976682662964,2.479128837585449,2.3744828701019287,2.0381100177764893,2.012026309967041,1.7167326211929321,1.4741085767745972,1.3099004030227661,1.2247653007507324,1.1278129816055298,1.259729266166687,1.117480993270874,1.4509344100952148,1.446563482284546,1.7732038497924805,2.6230616569519043,2.74495267868042,2.7094483375549316,2.414287805557251,2.4166226387023926,2.1635422706604004,1.9872249364852905,1.8953627347946167,1.8984601497650146,1.8182690143585205,1.9902998208999634,1.7785600423812866,2.074955940246582,1.9760379791259766,2.2943854331970215
B11,2.940612554550171,2.6583032608032227,2.365694999694824,2.0543980598449707,1.9344924688339233,1.5679025650024414,1.3211157321929932,1.0592091083526611,0.8595738410949707,0.7014299631118774,0.6165439486503601,0.8425201773643494,0.8341472148895264,1.1180124282836914,1.326346755027771,2.2074005603790283,2.4024524688720703,2.280317544937134,1.930788516998291,1.9348058700561523,1.5666742324829102,1.2256577014923096,0.9698764085769653,0.61625736951828,0.3822442591190338,0.0,0.4012289047241211,0.6411195993423462,0.8502817749977112,1.14834463596344,2.2521772384643555,2.4526143074035645,2.365448474884033,2.0152010917663574,2.027553081512451,1.684741497039795,1.339707374572754,1.139573335647583,0.8392122387886047,0.6824872493743896,0.584698498249054,0.46289852261543274,0.8270931243896484,0.8980000019073486,1.2115415334701538,2.4012668132781982,2.6059529781341553,2.539552927017212,2.2077207565307617,2.2330880165100098,1.933825969696045,1.6429866552352905,1.4972833395004272,1.3225096464157104,1.2059305906295776,1.218224287033081,0.9948632717132568,1.2660636901855469,1.1771808862686157,1.4803402423858643,2.6780357360839844,2.8476059436798096,2.8461763858795166,2.549879550933838,2.599536657333374,2.344407081604004,2.1254820823669434,2.0559725761413574,1.9966115951538086,1.9206794500350952,2.0245473384857178,1.7742787599563599,2.0290935039520264,1.861157774925232,2.134326219558716
B12,3.1933674812316895,2.9210927486419678,2.6581146717071533,2.3221330642700195,2.201939821243286,1.846198558807373,1.5711567401885986,1.2763210535049438,1.0193281173706055,0.736547589302063,0.5419577956199646,0.5507862567901611,0.47223079204559326,0.8185728788375854,1.0802233219146729,2.513108015060425,2.728208541870117,2.631779193878174,2.279463529586792,2.288374185562134,1.9219660758972168,1.5836045742034912,1.317407250404358,0.9799157381057739,0.6923560500144958,0.4012289047241211,0.0,0.3902747929096222,0.6029356122016907,0.9746434688568115,2.603928804397583,2.8172435760498047,2.748481512069702,2.401822805404663,2.415890693664551,2.0753748416900635,1.7372533082962036,1.5237728357315063,1.2287633419036865,1.014926791191101,0.8532885909080505,0.5367991924285889,0.7820677757263184,0.7999715805053711,1.1400043964385986,2.7713632583618164,2.988537549972534,2.9354941844940186,2.606987237930298,2.632873773574829,2.3306798934936523,2.0383048057556152,1.8724621534347534,1.6775462627410889,1.5087029933929443,1.4620637893676758,1.1564655303955078,1.328373908996582,1.2026442289352417,1.5008972883224487,3.052368402481079,3.2346978187561035,3.242490768432617,2.9456467628479004,2.997060537338257,2.7337520122528076,2.5029757022857666,2.413628578186035,2.32665753364563,2.214583158493042,2.2774627208709717,1.9812102317810059,2.180190086364746,1.9783731698989868,2.202267646789551
B13,3.5239462852478027,3.258864164352417,2.9847593307495117,2.659515142440796,2.5523135662078857,2.1909778118133545,1.9200595617294312,1.6433484554290771,1.386214256286621,1.1249991655349731,0.8890259861946106,0.8198812007904053,0.5360882878303528,0.8291388750076294,0.9845325350761414,2.7597591876983643,2.9899301528930664,2.8936455249786377,2.554237127304077,2.5737850666046143,2.2062840461730957,1.86351478099823,1.6052778959274292,1.2568092346191406,0.9829469919204712,0.6411195993423462,0.3902747929096222,0.0,0.3882486820220947,0.7217693328857422,2.7873051166534424,3.023739814758301,2.9565258026123047,2.614037275314331,2.6408207416534424,2.2899041175842285,1.9335819482803345,1.715106725692749,1.3744539022445679,1.143196940422058,0.8602051734924316,0.4797099232673645,0.5014181733131409,0.44942331314086914,0.8048890829086304,2.8977856636047363,3.1412675380706787,3.090773344039917,2.7576050758361816,2.799962282180786,2.478469133377075,2.153294086456299,1.9752424955368042,1.7165080308914185,1.516808271408081,1.370910406112671,1.0161926746368408,1.0802513360977173,0.8987768888473511,1.1744062900543213,3.1189146041870117,3.3350002765655518,3.3445186614990234,3.0352580547332764,3.1065642833709717,2.8258466720581055,2.5551140308380127,2.46189022064209,2.3152594566345215,2.191154956817627,2.185601234436035,1.8603365421295166,2.002960681915283,1.751327395439148,1.9225938320159912
