,A1,A2,A3,A4,A5,A6,A7,A8,A9,A10,A11,A12,A13,A14,A15,B1,B2,B3,B4,B5,B6,B7,B8,B9,B10,B11,B12,B13,B14,B15,C1,C2,C3,C4,C5,C6,C7,C8,C9,C10,C11,C12,C13,C14,C15,D1,D2,D3,D4,D5,D6,D7,D8,D9,D10,D11,D12,D13,D14,D15,E1,E2,E3,E4,E5,E6,E7,E8,E9,E10,E11,E12,E13,E14,E15
A1,0.0,0.38262084126472473,0.6618986129760742,0.945061981678009,1.306981086730957,1.612463116645813,1.8197234869003296,2.1594979763031006,2.3600761890411377,2.722224712371826,2.9320991039276123,3.2042577266693115,3.4563889503479004,3.678555727005005,3.6657636165618896,1.0448228120803833,0.7502143383026123,0.8542357087135315,1.1924813985824585,1.4229819774627686,1.7033095359802246,1.966891884803772,2.281744956970215,2.5031557083129883,2.859889030456543,3.105604410171509,3.291578531265259,3.6433653831481934,3.7592761516571045,3.7662830352783203,1.5358775854110718,1.2417312860488892,1.242819905281067,1.5504639148712158,1.7399938106536865,1.9475735425949097,2.224076509475708,2.510873794555664,2.7492921352386475,3.079068660736084,3.3408710956573486,3.519211530685425,3.874009609222412,4.097975254058838,4.099678993225098,1.6120426654815674,1.4367444515228271,1.5200790166854858,1.8521449565887451,2.139539957046509,2.3587379455566406,2.6114938259124756,2.912750005722046,3.1247808933258057,3.4335434436798096,3.6616404056549072,3.7862582206726074,4.155311107635498,4.398177623748779,4.3947367668151855,1.9258053302764893,2.0794200897216797,2.2542965412139893,2.6515135765075684,2.7850048542022705,3.0148067474365234,3.2124876976013184,3.5586330890655518,3.738888740539551,4.0455193519592285,4.223535537719727,4.3834357261657715,4.664458751678467,4.7590837478637695,4.855823516845703
A2,0.38262084126472473,0.0,0.4030955731868744,0.6270085573196411,0.9645346403121948,1.305086374282837,1.5179332494735718,1.8540517091751099,2.0761091709136963,2.4312891960144043,2.6734402179718018,2.9419543743133545,3.2148044109344482,3.428992748260498,3.4163029193878174,1.1555767059326172,0.8235855102539062,0.8656824827194214,1.1255663633346558,1.2570284605026245,1.5305383205413818,1.784429669380188,2.0779480934143066,2.315509796142578,2.657550811767578,2.927058219909668,3.094210147857666,3.4610371589660645,3.5786945819854736,3.587315797805786,1.691196322441101,1.3805794715881348,1.3186278343200684,1.5879327058792114,1.6936808824539185,1.8683574199676514,2.13183856010437,2.3871891498565674,2.636474847793579,2.940563678741455,3.225341558456421,3.3814961910247803,3.7427401542663574,3.9433646202087402,3.949495792388916,1.7880890369415283,1.5874565839767456,1.6011813879013062,1.9034544229507446,2.157294511795044,2.332493305206299,2.5770657062530518,2.848414897918701,3.0655932426452637,3.3462636470794678,3.5867631435394287,3.6866652965545654,4.056001663208008,4.272931098937988,4.238949298858643,2.0059592723846436,2.2098119258880615,2.3517568111419678,2.7612693309783936,2.8603532314300537,3.054119348526001,3.2464599609375,3.5774970054626465,3.7512333393096924,4.0365166664123535,4.213659286499023,4.3488383293151855,4.609142780303955,4.6773200035095215,4.762287616729736
A3,0.6618986129760742,0.4030955731868744,0.0,0.396187424659729,0.6848764419555664,0.9594125747680664,1.2065646648406982,1.5213394165039062,1.7564876079559326,2.102293014526367,2.3324062824249268,2.6227376461029053,2.880060911178589,3.1186680793762207,3.1405141353607178,1.13475501537323,0.7573068141937256,0.638781726360321,0.7865262031555176,0.8812008500099182,1.1308529376983643,1.397592306137085,1.6810698509216309,1.9323434829711914,2.2701468467712402,2.5503060817718506,2.7341628074645996,3.097543478012085,3.2364513874053955,3.2690186500549316,1.5740890502929688,1.2325941324234009,1.0826284885406494,1.2921407222747803,1.3418086767196655,1.4916852712631226,1.750082015991211,1.9919638633728027,2.2476541996002197,2.5444207191467285,2.8378000259399414,2.99796199798584,3.354975700378418,3.5589370727539062,3.5799739360809326,1.6265287399291992,1.3940153121948242,1.340295433998108,1.6136291027069092,1.8310893774032593,1.9820096492767334,2.214761734008789,2.472564458847046,2.6887130737304688,2.958235740661621,3.203855037689209,3.299976348876953,3.6681318283081055,3.8783762454986572,3.8396902084350586,1.7590972185134888,2.010368585586548,2.1011924743652344,2.515082597732544,2.5747225284576416,2.7467784881591797,2.9242942333221436,3.2474308013916016,3.409668445587158,3.6831600666046143,3.855717182159424,3.97823429107666,4.229747295379639,4.2886552810668945,4.371387004852295
A4,0.945061981678009,0.6270085573196411,0.396187424659729,0.0,0.4016205966472626,0.7288140058517456,0.8938692808151245,1.2422783374786377,1.451537847518921,1.8086214065551758,2.0579721927642822,2.3206653594970703,2.602857828140259,2.812228202819824,2.8074660301208496,1.1747550964355469,0.8704356551170349,0.8188163042068481,0.8937223553657532,0.8171775341033936,1.1056883335113525,1.2832685708999634,1.5662106275558472,1.7822426557540894,2.110809803009033,2.383526563644409,2.519700050354004,2.8978512287139893,3.0082952976226807,3.0164592266082764,1.6716340780258179,1.3804353475570679,1.257825255393982,1.4638609886169434,1.414076805114746,1.5757529735565186,1.7659214735031128,1.9917974472045898,2.214301347732544,2.48512601852417,2.774855136871338,2.88606858253479,3.258371353149414,3.421922206878662,3.4172356128692627,1.816074252128601,1.6320652961730957,1.576071858406067,1.8444757461547852,1.992899775505066,2.129596710205078,2.3130884170532227,2.5532736778259277,2.7354960441589355,2.9777369499206543,3.2045094966888428,3.2541768550872803,3.6213691234588623,3.810124635696411,3.7489941120147705,2.0457420349121094,2.3261311054229736,2.370462417602539,2.7823407649993896,2.796211004257202,2.953038454055786,3.096391201019287,3.4135022163391113,3.5426077842712402,3.799802303314209,3.945474147796631,4.0329813957214355,4.270118713378906,4.297431468963623,4.346386909484863
A5,1.306981086730957,0.9645346403121948,0.6848764419555664,0.4016205966472626,0.0,0.400131493806839,0.6212660074234009,0.9170265197753906,1.1876273155212402,1.5120877027511597,1.8029125928878784,2.075874090194702,2.370162010192871,2.586583375930786,2.609661817550659,1.5228734016418457,1.2261606454849243,1.0958887338638306,1.0316280126571655,0.820986270904541,0.9976612329483032,1.1485987901687622,1.3560435771942139,1.6023344993591309,1.8899235725402832,2.198488235473633,2.3247628211975098,2.709744691848755,2.8400959968566895,2.8702499866485596,1.9524935483932495,1.6574513912200928,1.472459077835083,1.5884586572647095,1.4519339799880981,1.531546711921692,1.6953524351119995,1.8538389205932617,2.0899648666381836,2.314462661743164,2.6308770179748535,2.724748134613037,3.0894789695739746,3.2322146892547607,3.2490410804748535,2.058291435241699,1.8474594354629517,1.7204653024673462,1.9192670583724976,2.0240375995635986,2.0917391777038574,2.261295795440674,2.448986291885376,2.6390151977539062,2.8389580249786377,3.082745313644409,3.1120526790618896,3.4706695079803467,3.625981330871582,3.530315637588501,2.126168727874756,2.436546564102173,2.4479293823242188,2.8511295318603516,2.8320538997650146,2.9402427673339844,3.077780246734619,3.365565538406372,3.4900963306427,3.7164034843444824,3.8649251461029053,3.927902936935425,4.136660099029541,4.137725830078125,4.181582450866699
A6,1.612463116645813,1.305086374282837,0.9594125747680664,0.7288140058517456,0.400131493806839,0.0,0.3784036934375763,0.5783988833427429,0.8839894533157349,1.1825469732284546,1.4597641229629517,1.7628380060195923,2.035963296890259,2.283287525177002,2.353878974914551,1.6771458387374878,1.4021965265274048,1.202000379562378,1.0048892498016357,0.6829549670219421,0.7378448843955994,0.8285267949104309,0.9797704815864563,1.2376796007156372,1.5040005445480347,1.8295984268188477,1.9678106307983398,2.348879337310791,2.5041909217834473,2.564335346221924,1.9896126985549927,1.7072407007217407,1.4756696224212646,1.5034253597259521,1.2768268585205078,1.3009546995162964,1.4111688137054443,1.5235782861709595,1.7507522106170654,1.9463388919830322,2.271029233932495,2.356245279312134,2.714975118637085,2.8521740436553955,2.88480544090271,2.0583338737487793,1.8476845026016235,1.6702526807785034,1.8105289936065674,1.8438804149627686,1.867783546447754,1.9970577955245972,2.150547981262207,2.3243563175201416,2.4958994388580322,2.7382521629333496,2.750995397567749,3.103956460952759,3.2445743083953857,3.1381466388702393,2.055161237716675,2.3935599327087402,2.3456459045410156,2.730945110321045,2.662419319152832,2.7389075756073,2.8474104404449463,3.1164634227752686,3.217879056930542,3.422720193862915,3.5580618381500244,3.598392963409424,3.7916948795318604,3.7756295204162598,3.810058832168579
A7,1.8197234869003296,1.5179332494735718,1.2065646648406982,0.8938692808151245,0.6212660074234009,0.3784036934375763,0.0,0.3816036581993103,0.5692895650863647,0.9155173897743225,1.1917644739151,1.4558407068252563,1.7527096271514893,1.965970754623413,2.0033061504364014,1.7063236236572266,1.5058075189590454,1.3689044713974,1.1824034452438354,0.8073900938034058,0.9122401475906372,0.8382008671760559,0.992842435836792,1.1399946212768555,1.3941643238067627,1.675413966178894,1.7479629516601562,2.1398067474365234,2.2500972747802734,2.2747552394866943,2.026292562484741,1.8032457828521729,1.6230202913284302,1.6738839149475098,1.4027762413024902,1.4742223024368286,1.4953211545944214,1.6097286939620972,1.7632501125335693,1.935393214225769,2.226029396057129,2.2507541179656982,2.6247098445892334,2.7172279357910156,2.706317901611328,2.173983573913574,2.022578477859497,1.8796476125717163,2.040515184402466,2.019684314727783,2.0629141330718994,2.130626678466797,2.2830371856689453,2.398890733718872,2.551260232925415,2.7506377696990967,2.7128334045410156,3.0607473850250244,3.1891849040985107,3.0756711959838867,2.3290698528289795,2.6719603538513184,2.592651128768921,2.9696707725524902,2.867771863937378,2.951216220855713,3.0177440643310547,3.288640022277832,3.348308801651001,3.545316457748413,3.641904830932617,3.6505401134490967,3.837979316711426,3.7968013286590576,3.7901551723480225
A8,2.1594979763031006,1.8540517091751099,1.5213394165039062,1.2422783374786377,0.9170265197753906,0.5783988833427429,0.3816036581993103,0.0,0.38022443652153015,0.61093670129776,0.9298802018165588,1.2193788290023804,1.5091866254806519,1.7452337741851807,1.83968985080719,2.0506060123443604,1.8480879068374634,1.669268250465393,1.4210920333862305,1.0279985666275024,0.9905825257301331,0.8521602749824524,0.8509724736213684,0.9942858219146729,1.1611472368240356,1.473448634147644,1.5344455242156982,1.9209792613983154,2.0607657432556152,2.121968984603882,2.301617383956909,2.0812110900878906,1.86541748046875,1.8432470560073853,1.5207719802856445,1.5104615688323975,1.480591893196106,1.5057711601257324,1.6476322412490845,1.7506752014160156,2.0555262565612793,2.0556893348693848,2.4115288257598877,2.4791815280914307,2.4945080280303955,2.4055380821228027,2.2411670684814453,2.0535504817962646,2.1488265991210938,2.078918218612671,2.0576682090759277,2.0927743911743164,2.183198928833008,2.28974986076355,2.388676881790161,2.5934152603149414,2.5297677516937256,2.860642433166504,2.9518306255340576,2.804799795150757,2.437441825866699,2.793140411376953,2.679234027862549,3.0330355167388916,2.8963799476623535,2.9337220191955566,2.982611894607544,3.2187509536743164,3.2637317180633545,3.425384044647217,3.5160300731658936,3.4959561824798584,3.65226411819458,3.5831046104431152,3.5671653747558594
A9,2.3600761890411377,2.0761091709136963,1.7564876079559326,1.451537847518921,1.1876273155212402,0.8839894533157349,0.5692895650863647,0.38022443652153015,0.0,0.3824981153011322,0.6387664079666138,0.8888163566589355,1.1935240030288696,1.405336856842041,1.4782097339630127,2.0871686935424805,1.9518003463745117,1.8130759000778198,1.5703758001327515,1.1690598726272583,1.171582579612732,0.9185158014297485,0.9287428259849548,0.9125321507453918,1.0549033880233765,1.2853198051452637,1.2701984643936157,1.6623393297195435,1.7515901327133179,1.7779666185379028,2.3047285079956055,2.1430258750915527,1.9704281091690063,1.9603615999221802,1.6122448444366455,1.6490299701690674,1.5393128395080566,1.5763474702835083,1.6300159692764282,1.7130661010742188,1.9635584354400635,1.901021957397461,2.268744945526123,2.293705940246582,2.257758617401123,2.4638538360595703,2.3554208278656006,2.1998307704925537,2.3116252422332764,2.19264817237854,2.198209762573242,2.1724400520324707,2.269096612930298,2.31042742729187,2.39608097076416,2.5465755462646484,2.434455156326294,2.7571001052856445,2.8436903953552246,2.702826738357544,2.639508008956909,2.9951465129852295,2.850139617919922,3.1914420127868652,3.0237340927124023,3.073650360107422,3.078291893005371,3.318242073059082,3.318924903869629,3.4763295650482178,3.5240581035614014,3.475581645965576,3.630897283554077,3.5427205562591553,3.4848482608795166
A10,2.722224712371826,2.4312891960144043,2.102293014526367,1.8086214065551758,1.5120877027511597,1.1825469732284546,0.9155173897743225,0.61093670129776,0.3824981153011322,0.0,0.39766427874565125,0.6376897096633911,0.9393613338470459,1.160156011581421,1.3008735179901123,2.4578051567077637,2.321918249130249,2.1623528003692627,1.8905186653137207,1.4900473356246948,1.4172286987304688,1.143460988998413,1.0285111665725708,0.9671614170074463,0.9639819264411926,1.1811902523040771,1.1100138425827026,1.4800301790237427,1.5833691358566284,1.6410964727401733,2.633965253829956,2.4783921241760254,2.2874157428741455,2.2316884994506836,1.8582165241241455,1.8376985788345337,1.6854002475738525,1.6415929794311523,1.6621640920639038,1.6586309671401978,1.8988779783248901,1.7881906032562256,2.1261699199676514,2.1021125316619873,2.0815341472625732,2.7662296295166016,2.6528737545013428,2.4706053733825684,2.534829616546631,2.3779211044311523,2.3331401348114014,2.272442102432251,2.3086562156677246,2.3276572227478027,2.3515961170196533,2.4912779331207275,2.339569091796875,2.6329522132873535,2.671273708343506,2.491191864013672,2.858865261077881,3.2196240425109863,3.048192024230957,3.3652472496032715,3.167897939682007,3.178013801574707,3.161127805709839,3.365008592605591,3.344599723815918,3.4635326862335205,3.496515989303589,3.4125096797943115,3.531634569168091,3.4083774089813232,3.3294870853424072
A11,2.9320991039276123,2.6734402179718018,2.3324062824249268,2.0579721927642822,1.8029125928878784,1.4597641229629517,1.1917644739151,0.9298802018165588,0.6387664079666138,0.39766427874565125,0.0,0.3756445646286011,0.582481861114502,0.8731641173362732,1.0858848094940186,2.544914960861206,2.4509360790252686,2.2906198501586914,1.9990322589874268,1.6151617765426636,1.5266271829605103,1.1892790794372559,1.0532273054122925,0.8490816354751587,0.7667443752288818,0.8670526742935181,0.726215660572052,1.0929152965545654,1.1863363981246948,1.2614463567733765,2.6305503845214844,2.5195093154907227,2.3438825607299805,2.261439323425293,1.868303894996643,1.8574457168579102,1.6305432319641113,1.574074625968933,1.5038642883300781,1.4629015922546387,1.638647198677063,1.471481204032898,1.8085399866104126,1.7541611194610596,1.7012909650802612,2.7624573707580566,2.688079357147217,2.5161185264587402,2.56443190574646,2.351022720336914,2.3127684593200684,2.1878509521484375,2.2140655517578125,2.166810989379883,2.168437957763672,2.253063440322876,2.0591237545013428,2.3385298252105713,2.3748691082000732,2.2101118564605713,2.9161477088928223,3.2730469703674316,3.0613794326782227,3.350555419921875,3.1163487434387207,3.126096487045288,3.0617778301239014,3.257741689682007,3.1920862197875977,3.2997238636016846,3.291128396987915,3.179924488067627,3.2957191467285156,3.1583502292633057,3.0453381538391113
A12,3.2042577266693115,2.9419543743133545,2.6227376461029053,2.3206653594970703,2.075874090194702,1.7628380060195923,1.4558407068252563,1.2193788290023804,0.8888163566589355,0.6376897096633911,0.3756445646286011,0.0,0.37394678592681885,0.5270848274230957,0.7229647636413574,2.7655789852142334,2.7075557708740234,2.583765983581543,2.3163280487060547,1.9329206943511963,1.8808382749557495,1.5361378192901611,1.4246422052383423,1.1903376579284668,1.0830997228622437,1.0767552852630615,0.8039242625236511,1.1023591756820679,1.0853267908096313,1.0874807834625244,2.867083787918091,2.7898383140563965,2.6466734409332275,2.5884788036346436,2.2002017498016357,2.214750289916992,1.9731110334396362,1.9236254692077637,1.814906120300293,1.748528003692627,1.8682719469070435,1.6362721920013428,1.947825312614441,1.8190892934799194,1.7057102918624878,3.0447607040405273,2.999659299850464,2.850308418273926,2.915052890777588,2.6934235095977783,2.6680355072021484,2.5229666233062744,2.546046495437622,2.465404510498047,2.4460067749023438,2.488245725631714,2.2508060932159424,2.4989752769470215,2.5066919326782227,2.3315911293029785,3.2756128311157227,3.630328893661499,3.414632558822632,3.6995973587036133,3.45643949508667,3.4699931144714355,3.3861021995544434,3.5766494274139404,3.485991954803467,3.5813863277435303,3.543278932571411,3.4049079418182373,3.5051770210266113,3.342588186264038,3.188859462738037
A13,3.4563889503479004,3.2148044109344482,2.880060911178589,2.602857828140259,2.370162010192871,2.035963296890259,1.7527096271514893,1.5091866254806519,1.1935240030288696,0.9393613338470459,0.582481861114502,0.37394678592681885,0.0,0.3940107226371765,0.7498413324356079,2.9621710777282715,2.9201672077178955,2.780404806137085,2.491015911102295,2.126850128173828,2.040323495864868,1.6774922609329224,1.5307550430297852,1.2388536930084229,1.052577018737793,0.9278627038002014,0.5781139135360718,0.7817912101745605,0.7508656978607178,0.8089722990989685,2.9829583168029785,2.929807424545288,2.784942150115967,2.6907482147216797,2.293916940689087,2.2917633056640625,2.0043702125549316,1.9235899448394775,1.7515933513641357,1.6319390535354614,1.6851667165756226,1.3983967304229736,1.6745320558547974,1.4986058473587036,1.3626548051834106,3.1351096630096436,3.108264446258545,2.9547033309936523,2.9886693954467773,2.7240750789642334,2.685439109802246,2.492124080657959,2.48702335357666,2.355660915374756,2.2989723682403564,2.293233633041382,2.0162813663482666,2.231830358505249,2.2194669246673584,2.049264907836914,3.3577616214752197,3.706411838531494,3.4580371379852295,3.710798501968384,3.4367799758911133,3.435504198074341,3.3136487007141113,3.4821619987487793,3.354285955429077,3.4264252185821533,3.3538742065429688,3.1857821941375732,3.2694220542907715,3.0875072479248047,2.9028444290161133
A14,3.678555727005005,3.428992748260498,3.1186680793762207,2.812228202819824,2.586583375930786,2.283287525177002,1.965970754623413,1.7452337741851807,1.405336856842041,1.160156011581421,0.8731641173362732,0.5270848274230957,0.3940107226371765,0.0,0.41151222586631775,3.156771659851074,3.142120838165283,3.0396389961242676,2.7786967754364014,2.409309148788452,2.3634932041168213,2.0013906955718994,1.8868743181228638,1.6006685495376587,1.4418576955795288,1.3044744729995728,0.9331539273262024,1.0614558458328247,0.8986790776252747,0.8213862180709839,3.216611623764038,3.186465263366699,3.0714735984802246,3.0111899375915527,2.6229240894317627,2.6486988067626953,2.3681814670562744,2.3078720569610596,2.133058786392212,2.020040273666382,2.050354242324829,1.7401039600372314,1.9924900531768799,1.7680110931396484,1.578629493713379,3.4177727699279785,3.4114487171173096,3.2801055908203125,3.3400328159332275,3.084689140319824,3.0636708736419678,2.8722920417785645,2.8773887157440186,2.7373390197753906,2.6793065071105957,2.652348279953003,2.3567087650299072,2.5486514568328857,2.517413377761841,2.342956066131592,3.7141830921173096,4.062726020812988,3.822465658187866,4.082752704620361,3.8124866485595703,3.8214900493621826,3.695814371109009,3.8677990436553955,3.7305490970611572,3.8003714084625244,3.7119548320770264,3.5306355953216553,3.6054811477661133,3.4088668823242188,3.196385383605957
A15,3.6657636165618896,3.4163029193878174,3.1405141353607178,2.8074660301208496,2.609661817550659,2.353878974914551,2.0033061504364014,1.83968985080719,1.4782097339630127,1.3008735179901123,1.0858848094940186,0.7229647636413574,0.7498413324356079,0.41151222586631775,0.0,3.111485481262207,3.1295547485351562,3.0763964653015137,2.858496904373169,2.4920942783355713,2.5088868141174316,2.1527979373931885,2.1007158756256104,1.8235338926315308,1.7338767051696777,1.6087161302566528,1.2469472885131836,1.4001600742340088,1.1739532947540283,0.9795429706573486,3.226292848587036,3.2193284034729004,3.1444785594940186,3.13590407371521,2.7667953968048096,2.8408238887786865,2.5799880027770996,2.5690579414367676,2.406052350997925,2.3401355743408203,2.3727762699127197,2.0736172199249268,2.3471338748931885,2.132927656173706,1.9054869413375854,3.4888057708740234,3.5060884952545166,3.4090757369995117,3.5141587257385254,3.2836272716522217,3.30094051361084,3.127190589904785,3.171238422393799,3.037936210632324,3.014251232147217,2.9848620891571045,2.6987760066986084,2.903671979904175,2.894357681274414,2.738044261932373,3.89491605758667,4.2410664558410645,4.021454334259033,4.302492618560791,4.050710678100586,4.08967924118042,3.9737775325775146,4.171478748321533,4.040643215179443,4.13369083404541,4.044942855834961,3.8764708042144775,3.970183849334717,3.7852396965026855,3.569542407989502
B1,1.0448228120803833,1.1555767059326172,1.13475501537323,1.1747550964355469,1.5228734016418457,1.6771458387374878,1.7063236236572266,2.0506060123443604,2.0871686935424805,2.4578051567077637,2.544914960861206,2.7655789852142334,2.9621710777282715,3.156771659851074,3.111485481262207,0.0,0.3966997563838959,0.728615939617157,1.0270696878433228,1.2161810398101807,1.5813618898391724,1.6712208986282349,2.0504863262176514,2.1115970611572266,2.4878594875335693,2.6108150482177734,2.7555344104766846,3.069868564605713,3.1162188053131104,3.0725631713867188,0.699457049369812,0.639348566532135,0.8980698585510254,1.2904945611953735,1.4162545204162598,1.7763843536376953,1.900972604751587,2.2585742473602295,2.3590962886810303,2.709151029586792,2.87160325050354,2.9958689212799072,3.3636109828948975,3.5627403259277344,3.4841785430908203,1.1008734703063965,1.1799966096878052,1.3945701122283936,1.7953953742980957,1.9236656427383423,2.2394917011260986,2.3532238006591797,2.7050981521606445,2.7878174781799316,3.110948085784912,3.2353835105895996,3.306415557861328,3.670764446258545,3.9427473545074463,3.9878692626953125,2.0486340522766113,2.237560510635376,2.2658114433288574,2.634915590286255,2.661421298980713,2.9423608779907227,3.021225929260254,3.4000868797302246,3.47523832321167,3.7959177494049072,3.8799614906311035,4.000964641571045,4.305826663970947,4.387653350830078,4.417197227478027
B2,0.7502143383026123,0.8235855102539062,0.7573068141937256,0.8704356551170349,1.2261606454849243,1.4021965265274048,1.5058075189590454,1.8480879068374634,1.9518003463745117,2.321918249130249,2.4509360790252686,2.7075557708740234,2.9201672077178955,3.142120838165283,3.1295547485351562,0.3966997563838959,0.0,0.3870048522949219,0.7456923723220825,0.973632276058197,1.3251503705978394,1.4888817071914673,1.8542718887329102,1.9841817617416382,2.35973858833313,2.5387277603149414,2.712592363357544,3.0442843437194824,3.132378578186035,3.123764991760254,0.8830016255378723,0.6278025507926941,0.7219905257225037,1.1011543273925781,1.2362396717071533,1.5501680374145508,1.735187292098999,2.07195782661438,2.231015920639038,2.5772297382354736,2.785968065261841,2.9365978240966797,3.301266670227051,3.5146069526672363,3.4766182899475098,1.10284423828125,1.0431313514709473,1.1823121309280396,1.5699998140335083,1.7444528341293335,2.0234882831573486,2.186297655105591,2.5203189849853516,2.653493642807007,2.970489025115967,3.14009428024292,3.2314541339874268,3.6010711193084717,3.8601560592651367,3.8838536739349365,1.7936692237854004,2.0029563903808594,2.056469202041626,2.4487104415893555,2.493443012237549,2.7482237815856934,2.865222454071045,3.232672929763794,3.3427910804748535,3.6548242568969727,3.7738475799560547,3.9038994312286377,4.196735382080078,4.27874755859375,4.333705425262451
B3,0.8542357087135315,0.8656824827194214,0.638781726360321,0.8188163042068481,1.0958887338638306,1.202000379562378,1.3689044713974,1.669268250465393,1.8130759000778198,2.1623528003692627,2.2906198501586914,2.583765983581543,2.780404806137085,3.0396389961242676,3.0763964653015137,0.728615939617157,0.3870048522949219,0.0,0.39230039715766907,0.7053154706954956,1.0007760524749756,1.2235783338546753,1.5676889419555664,1.741878867149353,2.1108787059783936,2.320390224456787,2.534282922744751,2.861974000930786,2.9936389923095703,3.02748703956604,0.9628715515136719,0.6045398116111755,0.47259521484375,0.7832784056663513,0.9156150817871094,1.1916563510894775,1.4163882732391357,1.7393252849578857,1.9346606731414795,2.280425548553467,2.5136935710906982,2.6946401596069336,3.047079086303711,3.2815871238708496,3.2815675735473633,1.0056040287017822,0.8313856720924377,0.8679662942886353,1.2278739213943481,1.409907579421997,1.6617158651351929,1.848139762878418,2.1699116230010986,2.3321053981781006,2.646038770675659,2.8433997631073,2.9557297229766846,3.3254055976867676,3.580016613006592,3.5984115600585938,1.4605720043182373,1.7051618099212646,1.738572597503662,2.1411025524139404,2.1746461391448975,2.4054393768310547,2.5359323024749756,2.8932077884674072,3.0187721252441406,3.3223371505737305,3.4607484340667725,3.5957248210906982,3.8805367946624756,3.965433359146118,4.040294647216797
B4,1.1924813985824585,1.1255663633346558,0.7865262031555176,0.8937223553657532,1.0316280126571655,1.0048892498016357,1.1824034452438354,1.4210920333862305,1.5703758001327515,1.8905186653137207,1.9990322589874268,2.3163280487060547,2.491015911102295,2.7786967754364014,2.858496904373169,1.0270696878433228,0.7456923723220825,0.39230039715766907,0.0,0.4024559259414673,0.6264055967330933,0.8673815131187439,1.1952847242355347,1.3874239921569824,1.7487196922302246,1.9746211767196655,2.2139697074890137,2.536202907562256,2.6988134384155273,2.766129970550537,1.1062114238739014,0.767964243888855,0.4746571183204651,0.5771752595901489,0.5721307992935181,0.8215451836585999,1.041297435760498,1.3517520427703857,1.5604623556137085,1.899125576019287,2.148987293243408,2.3387246131896973,2.685866117477417,2.9258038997650146,2.949232578277588,1.0640586614608765,0.848945677280426,0.7422149777412415,1.0231517553329468,1.1331547498703003,1.3435660600662231,1.5115875005722046,1.8138889074325562,1.9782044887542725,2.277047634124756,2.4864914417266846,2.5952651500701904,2.9650983810424805,3.2092175483703613,3.2182140350341797,1.3164334297180176,1.6176177263259888,1.5793870687484741,1.9784444570541382,1.956831693649292,2.1501479148864746,2.2624287605285645,2.605464220046997,2.718728542327881,3.0044472217559814,3.140697956085205,3.2590343952178955,3.530526876449585,3.6023426055908203,3.67657732963562
B5,1.4229819774627686,1.2570284605026245,0.8812008500099182,0.8171775341033936,0.820986270904541,0.6829549670219421,0.8073900938034058,1.0279985666275024,1.1690598726272583,1.4900473356246948,1.6151617765426636,1.9329206943511963,2.126850128173828,2.409309148788452,2.4920942783355713,1.2161810398101807,0.973632276058197,0.7053154706954956,0.4024559259414673,0.0,0.39479130506515503,0.5460020899772644,0.8898304104804993,1.0804228782653809,1.4399293661117554,1.6883424520492554,1.8966461420059204,2.2430241107940674,2.4001545906066895,2.464752674102783,1.3597568273544312,1.0838756561279297,0.8385362029075623,0.8707863092422485,0.6586496829986572,0.838737964630127,0.9622458219528198,1.221896767616272,1.4145385026931763,1.7130959033966064,1.9831757545471191,2.124664783477783,2.4890968799591064,2.6893022060394287,2.70428466796875,1.397169589996338,1.2219805717468262,1.0811125040054321,1.284291386604309,1.3007707595825195,1.4379054307937622,1.5502424240112305,1.8014851808547974,1.9416171312332153,2.1929900646209717,2.398930311203003,2.4559648036956787,2.8258237838745117,3.036691427230835,3.0093576908111572,1.6002757549285889,1.930978536605835,1.8502402305603027,2.236015796661377,2.1616628170013428,2.3074042797088623,2.3893566131591797,2.707064151763916,2.790858745574951,3.04414701461792,3.1604456901550293,3.235335111618042,3.4797914028167725,3.511148452758789,3.5553205013275146
B6,1.7033095359802246,1.5305383205413818,1.1308529376983643,1.1056883335113525,0.9976612329483032,0.7378448843955994,0.9122401475906372,0.9905825257301331,1.171582579612732,1.4172286987304688,1.5266271829605103,1.8808382749557495,2.040323495864868,2.3634932041168213,2.5088868141174316,1.5813618898391724,1.3251503705978394,1.0007760524749756,0.6264055967330933,0.39479130506515503,0.0,0.3835364580154419,0.603510856628418,0.8896470665931702,1.2100472450256348,1.5063374042510986,1.765570878982544,2.094158411026001,2.307558298110962,2.427114963531494,1.622657299041748,1.3396803140640259,1.0251835584640503,0.8916962742805481,0.5918921828269958,0.57026606798172,0.7043645977973938,0.8868408203125,1.141158103942871,1.4161118268966675,1.7269330024719238,1.9016008377075195,2.2427170276641846,2.4631810188293457,2.530118227005005,1.5493711233139038,1.3268190622329712,1.0866531133651733,1.159690499305725,1.1216716766357422,1.1613131761550903,1.274781584739685,1.4745653867721558,1.6474357843399048,1.8737150430679321,2.1167216300964355,2.190667152404785,2.555077075958252,2.751080274581909,2.7103524208068848,1.4692186117172241,1.8244729042053223,1.7004672288894653,2.0650925636291504,1.9569346904754639,2.047769546508789,2.130732536315918,2.4188148975372314,2.5101778507232666,2.7392220497131348,2.8727614879608154,2.942167282104492,3.168067455291748,3.194213628768921,3.2576937675476074
B7,1.966891884803772,1.784429669380188,1.397592306137085,1.2832685708999634,1.1485987901687622,0.8285267949104309,0.8382008671760559,0.8521602749824524,0.9185158014297485,1.143460988998413,1.1892790794372559,1.5361378192901611,1.6774922609329224,2.0013906955718994,2.1527979373931885,1.6712208986282349,1.4888817071914673,1.2235783338546753,0.8673815131187439,0.5460020899772644,0.3835364580154419,0.0,0.38083311915397644,0.542460024356842,0.8959611058235168,1.1624008417129517,1.3972941637039185,1.7353836297988892,1.9316208362579346,2.044142246246338,1.6824673414230347,1.4727776050567627,1.215809941291809,1.0955315828323364,0.7167364954948425,0.7446750402450562,0.6658371686935425,0.8246049284934998,0.966227650642395,1.2148354053497314,1.497124433517456,1.612450122833252,1.977432370185852,2.1623871326446533,2.1965861320495605,1.683950662612915,1.537227749824524,1.3368819952011108,1.4111205339431763,1.275335669517517,1.3161311149597168,1.3187812566757202,1.4960241317749023,1.5832732915878296,1.7757960557937622,1.9687238931655884,1.9810633659362793,2.3453965187072754,2.5296452045440674,2.4823508262634277,1.7636066675186157,2.117206573486328,1.9452567100524902,2.281897783279419,2.1191766262054443,2.201911211013794,2.2216949462890625,2.499828577041626,2.5323610305786133,2.742704153060913,2.8268678188323975,2.852494478225708,3.067944049835205,3.0620994567871094,3.079906702041626
B8,2.281744956970215,2.0779480934143066,1.6810698509216309,1.5662106275558472,1.3560435771942139,0.9797704815864563,0.992842435836792,0.8509724736213684,0.9287428259849548,1.0285111665725708,1.0532273054122925,1.4246422052383423,1.5307550430297852,1.8868743181228638,2.1007158756256104,2.0504863262176514,1.8542718887329102,1.5676889419555664,1.1952847242355347,0.8898304104804993,0.603510856628418,0.38083311915397644,0.0,0.391951322555542,0.6262710094451904,0.9740170836448669,1.2392001152038574,1.5603337287902832,1.810971736907959,1.9770468473434448,2.0356476306915283,1.8241329193115234,1.5411640405654907,1.3533854484558105,0.9643086194992065,0.8384461402893066,0.6982711553573608,0.6602433919906616,0.8168841004371643,0.9680173993110657,1.3003696203231812,1.4114441871643066,1.7523767948150635,1.9291752576828003,2.0139057636260986,1.9884556531906128,1.8194979429244995,1.5714201927185059,1.5543254613876343,1.3719724416732788,1.3047341108322144,1.2713136672973633,1.348813533782959,1.4396106004714966,1.561758041381836,1.7807857990264893,1.775193691253662,2.1251111030578613,2.270277500152588,2.1863021850585938,1.8805791139602661,2.240278482437134,2.0380091667175293,2.3407816886901855,2.142770290374756,2.159540891647339,2.1651864051818848,2.395258665084839,2.418250799179077,2.5845353603363037,2.6714046001434326,2.668266773223877,2.8479583263397217,2.8145196437835693,2.833296537399292
B9,2.5031557083129883,2.315509796142578,1.9323434829711914,1.7822426557540894,1.6023344993591309,1.2376796007156372,1.1399946212768555,0.9942858219146729,0.9125321507453918,0.9671614170074463,0.8490816354751587,1.1903376579284668,1.2388536930084229,1.6006685495376587,1.8235338926315308,2.1115970611572266,1.9841817617416382,1.741878867149353,1.3874239921569824,1.0804228782653809,0.8896470665931702,0.542460024356842,0.391951322555542,0.0,0.37777838110923767,0.6261937618255615,0.8835895657539368,1.2068240642547607,1.43808114528656,1.6005357503890991,2.043503522872925,1.9019770622253418,1.6721946001052856,1.5025259256362915,1.096237301826477,1.0529718399047852,0.7854126691818237,0.768378734588623,0.7252124547958374,0.8424649238586426,1.0914697647094727,1.1249064207077026,1.4985169172286987,1.6416925191879272,1.675557255744934,2.051448106765747,1.9531952142715454,1.7503503561019897,1.7545126676559448,1.5097531080245972,1.483406662940979,1.3538806438446045,1.4351327419281006,1.4157332181930542,1.5155024528503418,1.6516079902648926,1.5783137083053589,1.92642080783844,2.0747618675231934,2.0065834522247314,2.1189539432525635,2.4686880111694336,2.2315597534179688,2.5092837810516357,2.272216796875,2.3035576343536377,2.2461941242218018,2.4761011600494385,2.4363110065460205,2.594521999359131,2.6220898628234863,2.580939292907715,2.7609896659851074,2.705040693283081,2.672182559967041
B10,2.859889030456543,2.657550811767578,2.2701468467712402,2.110809803009033,1.8899235725402832,1.5040005445480347,1.3941643238067627,1.1611472368240356,1.0549033880233765,0.9639819264411926,0.7667443752288818,1.0830997228622437,1.052577018737793,1.4418576955795288,1.7338767051696777,2.4878594875335693,2.35973858833313,2.1108787059783936,1.7487196922302246,1.4399293661117554,1.2100472450256348,0.8959611058235168,0.6262710094451904,0.37777838110923767,0.0,0.4034283459186554,0.6751077771186829,0.9586734771728516,1.2492707967758179,1.4724472761154175,2.404054880142212,2.270564317703247,2.032972812652588,1.8329249620437622,1.42814040184021,1.3205350637435913,1.0312554836273193,0.8804965615272522,0.7728027701377869,0.7035823464393616,0.9423505663871765,0.905249297618866,1.2506155967712402,1.35066556930542,1.4242610931396484,2.392971992492676,2.291353702545166,2.0682740211486816,2.021501064300537,1.7450741529464722,1.6527589559555054,1.4793444871902466,1.4654839038848877,1.4075496196746826,1.4088784456253052,1.527657389640808,1.3953176736831665,1.7121607065200806,1.8049719333648682,1.6923713684082031,2.3676271438598633,2.714816093444824,2.453767776489258,2.6957666873931885,2.4268300533294678,2.406296968460083,2.319927215576172,2.498704671859741,2.4290647506713867,2.535431146621704,2.5418365001678467,2.4537038803100586,2.5895910263061523,2.490572929382324,2.4329545497894287
B11,3.105604410171509,2.927058219909668,2.5503060817718506,2.383526563644409,2.198488235473633,1.8295984268188477,1.675413966178894,1.473448634147644,1.2853198051452637,1.1811902523040771,0.8670526742935181,1.0767552852630615,0.9278627038002014,1.3044744729995728,1.6087161302566528,2.6108150482177734,2.5387277603149414,2.320390224456787,1.9746211767196655,1.6883424520492554,1.5063374042510986,1.1624008417129517,0.9740170836448669,0.6261937618255615,0.4034283459186554,0.0,0.3898487091064453,0.6014786958694458,0.8974171280860901,1.146407961845398,2.462742805480957,2.390900135040283,2.196805000305176,2.005463123321533,1.6098045110702515,1.5555657148361206,1.2115087509155273,1.0996644496917725,0.8511984348297119,0.7417266368865967,0.7973517179489136,0.6241808533668518,0.9981715679168701,1.0535904169082642,1.0580346584320068,2.481637716293335,2.438809633255005,2.253002643585205,2.216909885406494,1.8983837366104126,1.8429336547851562,1.6011167764663696,1.5952332019805908,1.4346462488174438,1.4141128063201904,1.4234181642532349,1.2136495113372803,1.5115944147109985,1.6124744415283203,1.53734290599823,2.5861268043518066,2.918395757675171,2.6292507648468018,2.8417394161224365,2.5428383350372314,2.5373475551605225,2.3938260078430176,2.5683984756469727,2.4378926753997803,2.5352418422698975,2.4782068729400635,2.353456735610962,2.4902637004852295,2.373736619949341,2.2598226070404053
B12,3.291578531265259,3.094210147857666,2.7341628074645996,2.519700050354004,2.3247628211975098,1.9678106307983398,1.7479629516601562,1.5344455242156982,1.2701984643936157,1.1100138425827026,0.726215660572052,0.8039242625236511,0.5781139135360718,0.9331539273262024,1.2469472885131836,2.7555344104766846,2.712592363357544,2.534282922744751,2.2139697074890137,1.8966461420059204,1.765570878982544,1.3972941637039185,1.2392001152038574,0.8835895657539368,0.6751077771186829,0.3898487091064453,0.0,0.3941625952720642,0.5854936838150024,0.8091225624084473,2.657470703125,2.6121442317962646,2.451263189315796,2.304715633392334,1.9087637662887573,1.8927977085113525,1.5607154369354248,1.474374771118164,1.2374603748321533,1.1197056770324707,1.127553939819336,0.8518844246864319,1.176888346672058,1.0947985649108887,0.9930643439292908,2.7437098026275635,2.7253408432006836,2.5641844272613525,2.5630524158477783,2.2577195167541504,2.2211456298828125,1.985677719116211,1.9844375848770142,1.8133264780044556,1.7718759775161743,1.7429392337799072,1.4793305397033691,1.7287038564682007,1.7797269821166992,1.6738699674606323,2.9399380683898926,3.275771379470825,2.9966635704040527,3.219264268875122,2.9239697456359863,2.9260060787200928,2.7770605087280273,2.9485082626342773,2.802591323852539,2.8869237899780273,2.8043158054351807,2.650256633758545,2.7642507553100586,2.614224910736084,2.450629949569702
B13,3.6433653831481934,3.4610371589660645,3.097543478012085,2.8978512287139893,2.709744691848755,2.348879337310791,2.1398067474365234,1.9209792613983154,1.6623393297195435,1.4800301790237427,1.0929152965545654,1.1023591756820679,0.7817912101745605,1.0614558458328247,1.4001600742340088,3.069868564605713,3.0442843437194824,2.861974000930786,2.536202907562256,2.2430241107940674,2.094158411026001,1.7353836297988892,1.5603337287902832,1.2068240642547607,0.9586734771728516,0.6014786958694458,0.3941625952720642,0.0,0.3881014585494995,0.730466902256012,2.909365653991699,2.8905229568481445,2.7360198497772217,2.564162254333496,2.1779491901397705,2.146515369415283,1.7901084423065186,1.6733750104904175,1.3813095092773438,1.1965594291687012,1.0867055654525757,0.7217028141021729,0.9505633115768433,0.7728365659713745,0.6139072775840759,2.974477529525757,2.976226329803467,2.8169608116149902,2.786119222640991,2.447218179702759,2.3960840702056885,2.115323543548584,2.0763421058654785,1.845240831375122,1.7488921880722046,1.64429771900177,1.3200936317443848,1.504565715789795,1.5217583179473877,1.4308357238769531,3.1602742671966553,3.4825661182403564,3.1759557723999023,3.3580732345581055,3.034069538116455,3.0171382427215576,2.825244188308716,2.9632344245910645,2.770942449569702,2.8204712867736816,2.6902806758880615,2.493570566177368,2.5804741382598877,2.4017415046691895,2.190217971801758
