,A1,A2,A3,A4,A5,A6,A7,A8,A9,A10,A11,A12,A13,A14,A15,B1,B2,B3,B4,B5,B6,B7,B8,B9,B10,B11,B12,B13,B14,B15,C1,C2,C3,C4,C5,C6,C7,C8,C9,C10,C11,C12,C13,C14,C15,D1,D2,D3,D4,D5,D6,D7,D8,D9,D10,D11,D12,D13,D14,D15,E1,E2,E3,E4,E5,E6,E7,E8,E9,E10,E11,E12,E13,E14,E15
A1,0.0,0.38764846324920654,0.6438594460487366,0.744595468044281,1.1191344261169434,1.3177217245101929,1.341813325881958,1.7309199571609497,1.8493292331695557,2.229888439178467,2.386603355407715,2.74934720993042,3.037652015686035,3.156924247741699,3.3359577655792236,0.8004605174064636,0.7298501133918762,1.0087580680847168,1.086146354675293,1.3401868343353271,1.5440576076507568,1.6142423152923584,1.9468976259231567,2.0950870513916016,2.4246761798858643,2.6072378158569336,2.8754758834838867,3.215648651123047,3.295994281768799,3.488447666168213,1.34498929977417,1.3506911993026733,1.513916254043579,1.570420503616333,1.7408729791641235,1.910889744758606,1.9889397621154785,2.2584118843078613,2.431084394454956,2.702472448348999,2.9121437072753906,3.084432601928711,3.455686569213867,3.5033609867095947,3.7151427268981934,1.8717126846313477,1.8866877555847168,1.991403579711914,2.0504369735717773,2.1665375232696533,2.3048083782196045,2.406521797180176,2.6078333854675293,2.8205935955047607,3.026907444000244,3.2807908058166504,3.3590455055236816,3.738615036010742,3.7497611045837402,3.975827217102051,2.4298174381256104,2.406646966934204,2.586141347885132,2.6193785667419434,2.679518222808838,2.7721359729766846,2.906977653503418,3.0301291942596436,3.2765183448791504,3.3619680404663086,3.6842613220214844,3.670499801635742,4.0461201667785645,4.109372138977051,4.317221641540527
A2,0.38764846324920654,0.0,0.39750030636787415,0.6162195205688477,0.9144278168678284,1.204289436340332,1.3363083600997925,1.7182892560958862,1.9108556509017944,2.282655715942383,2.493419647216797,2.849034547805786,3.1495254039764404,3.3082616329193115,3.5128724575042725,0.9998317360877991,0.8074027895927429,0.947813868522644,1.0227758884429932,1.1753431558609009,1.4308302402496338,1.586428165435791,1.9088157415390015,2.1209709644317627,2.4432597160339355,2.675183057785034,2.947169303894043,3.2944676876068115,3.4161884784698486,3.634121894836426,1.4574028253555298,1.3867933750152588,1.467294454574585,1.5163921117782593,1.6040709018707275,1.8017648458480835,1.9440793991088867,2.2004354000091553,2.425480842590332,2.6897993087768555,2.9423880577087402,3.127957820892334,3.5048911571502686,3.5936806201934814,3.8293607234954834,1.9440189599990845,1.9047026634216309,1.95006263256073,1.9983454942703247,2.0460879802703857,2.197237253189087,2.347843885421753,2.5316390991210938,2.7851929664611816,2.983083963394165,3.2710111141204834,3.3702874183654785,3.7584075927734375,3.809290647506714,4.05702543258667,2.4752449989318848,2.404893636703491,2.532724142074585,2.5573477745056152,2.561006784439087,2.652876138687134,2.8227291107177734,2.9227614402770996,3.1969029903411865,3.2701449394226074,3.612791061401367,3.6166322231292725,3.991896867752075,4.083441257476807,4.321589469909668
A3,0.6438594460487366,0.39750030636787415,0.0,0.38519486784935,0.6055753827095032,0.9092724323272705,1.0927952527999878,1.467160940170288,1.694144368171692,2.0603342056274414,2.295323371887207,2.658869743347168,2.9410462379455566,3.1314380168914795,3.3358209133148193,0.896590530872345,0.6892226338386536,0.668026864528656,0.6722272038459778,0.7789027094841003,1.0503946542739868,1.2455614805221558,1.573336124420166,1.8164193630218506,2.1451008319854736,2.4001379013061523,2.6923277378082275,3.028162956237793,3.178959608078003,3.4008982181549072,1.2579255104064941,1.1890062093734741,1.177894949913025,1.1719415187835693,1.2217944860458374,1.4119179248809814,1.5745432376861572,1.8301955461502075,2.077528476715088,2.347536087036133,2.6184427738189697,2.826096296310425,3.198444128036499,3.312513828277588,3.5540149211883545,1.7068030834197998,1.6758393049240112,1.6567128896713257,1.660306692123413,1.678824782371521,1.8125367164611816,1.970906376838684,2.146740674972534,2.4136364459991455,2.6133360862731934,2.913424253463745,3.0316202640533447,3.421579360961914,3.4937169551849365,3.7473862171173096,2.213613748550415,2.1468088626861572,2.2348642349243164,2.2238693237304688,2.2076773643493652,2.276737928390503,2.443896770477295,2.5314362049102783,2.809295892715454,2.880023956298828,3.2274084091186523,3.2415947914123535,3.618140459060669,3.7236669063568115,3.9714975357055664
A4,0.744595468044281,0.6162195205688477,0.38519486784935,0.0,0.3890630602836609,0.593743622303009,0.73963862657547,1.1136736869812012,1.3406792879104614,1.7026946544647217,1.9461230039596558,2.2978878021240234,2.596259593963623,2.7893128395080566,3.014525890350342,0.9243391156196594,0.8787405490875244,0.8615648150444031,0.6862722635269165,0.7770135998725891,0.9076413512229919,1.0313875675201416,1.3160390853881836,1.541943907737732,1.8461146354675293,2.100986957550049,2.366244077682495,2.717771530151367,2.8665895462036133,3.109856128692627,1.3443933725357056,1.379739761352539,1.342377781867981,1.232927680015564,1.2751942873001099,1.3609964847564697,1.4542292356491089,1.65434730052948,1.8750760555267334,2.1087489128112793,2.3731534481048584,2.5430126190185547,2.925048351287842,3.034169912338257,3.295123815536499,1.8097403049468994,1.8547861576080322,1.8078010082244873,1.7388619184494019,1.7572520971298218,1.8108079433441162,1.9101413488388062,2.034414291381836,2.272183656692505,2.4311013221740723,2.7204766273498535,2.7967681884765625,3.186492681503296,3.2514894008636475,3.523271083831787,2.3188908100128174,2.308957576751709,2.3870298862457275,2.3220760822296143,2.3116626739501953,2.320673942565918,2.4372127056121826,2.4852395057678223,2.7296271324157715,2.7604012489318848,3.091024875640869,3.0619702339172363,3.428640127182007,3.507445812225342,3.75357985496521
A5,1.1191344261169434,0.9144278168678284,0.6055753827095032,0.3890630602836609,0.0,0.38413625955581665,0.7076049447059631,0.998615026473999,1.3091872930526733,1.6288574934005737,1.9272876977920532,2.2566351890563965,2.5529661178588867,2.790660858154297,3.038262128829956,1.2167160511016846,1.1439934968948364,0.9918599128723145,0.742381751537323,0.6254953742027283,0.7118434309959412,0.9238643050193787,1.1441282033920288,1.439820647239685,1.711543321609497,2.01804780960083,2.2770609855651855,2.625594139099121,2.82123064994812,3.0901856422424316,1.5194954872131348,1.531247854232788,1.3901902437210083,1.2143163681030273,1.1378774642944336,1.1818610429763794,1.3175463676452637,1.4609599113464355,1.7297261953353882,1.9337706565856934,2.240771532058716,2.4148058891296387,2.7952446937561035,2.950080394744873,3.236771583557129,1.9112083911895752,1.9420294761657715,1.8140299320220947,1.688474178314209,1.6248735189437866,1.6383533477783203,1.7592097520828247,1.8307828903198242,2.097602367401123,2.226478099822998,2.545600414276123,2.632835865020752,3.024933099746704,3.1328470706939697,3.4291491508483887,2.3659920692443848,2.341482400894165,2.3540289402008057,2.2454991340637207,2.177328109741211,2.1456637382507324,2.267918348312378,2.2671234607696533,2.5208938121795654,2.5196049213409424,2.8610386848449707,2.8358664512634277,3.1948955059051514,3.295557975769043,3.5712246894836426
A6,1.3177217245101929,1.204289436340332,0.9092724323272705,0.593743622303009,0.38413625955581665,0.0,0.37663841247558594,0.6178176999092102,0.9418217539787292,1.2493420839309692,1.5563265085220337,1.8817840814590454,2.173549175262451,2.420869827270508,2.675384759902954,1.2624439001083374,1.3004306554794312,1.1553609371185303,0.8149063587188721,0.7239390015602112,0.5903956890106201,0.6678209900856018,0.8160915374755859,1.0914883613586426,1.3422904014587402,1.6486896276474,1.8956599235534668,2.248593330383301,2.446671962738037,2.7267351150512695,1.5438545942306519,1.6420199871063232,1.4882351160049438,1.2333863973617554,1.1763813495635986,1.0979695320129395,1.131975531578064,1.2102965116500854,1.4378371238708496,1.6091042757034302,1.904090404510498,2.0519182682037354,2.4369518756866455,2.5875256061553955,2.885298013687134,1.9165643453598022,2.018721103668213,1.873490333557129,1.6857585906982422,1.6422902345657349,1.5721707344055176,1.6145256757736206,1.6371873617172241,1.859845757484436,1.9532514810562134,2.253103733062744,2.3044538497924805,2.6942245960235596,2.7923574447631836,3.0987772941589355,2.353484630584717,2.388338565826416,2.3971478939056396,2.240633010864258,2.1953649520874023,2.1076207160949707,2.166455030441284,2.1363344192504883,2.344916820526123,2.3130626678466797,2.629838705062866,2.5645124912261963,2.9154415130615234,2.9881973266601562,3.254554271697998
A7,1.341813325881958,1.3363083600997925,1.0927952527999878,0.73963862657547,0.7076049447059631,0.37663841247558594,0.0,0.3956484794616699,0.614467442035675,0.9684118628501892,1.2310857772827148,1.5791360139846802,1.870531678199768,2.089939832687378,2.3350210189819336,1.182807445526123,1.3350173234939575,1.2644203901290894,0.9143469333648682,0.9535255432128906,0.7482559084892273,0.6135748624801636,0.7359458804130554,0.8874534964561462,1.143847107887268,1.393955945968628,1.6331413984298706,1.994360327720642,2.153174877166748,2.424229621887207,1.4976757764816284,1.6819225549697876,1.5805554389953613,1.313350796699524,1.3471444845199585,1.2184605598449707,1.1350208520889282,1.200495719909668,1.3332915306091309,1.4942859411239624,1.731886863708496,1.8467899560928345,2.235896348953247,2.3416907787323,2.629051446914673,1.8903465270996094,2.060177803039551,1.9533511400222778,1.7568718194961548,1.7837302684783936,1.6819570064544678,1.644831657409668,1.6678028106689453,1.821704626083374,1.9060726165771484,2.157395362854004,2.164226531982422,2.546163558959961,2.598158121109009,2.8933205604553223,2.341075897216797,2.4347217082977295,2.4825563430786133,2.318732261657715,2.330174207687378,2.2293219566345215,2.2338571548461914,2.217036485671997,2.3781228065490723,2.3462226390838623,2.628584861755371,2.5260069370269775,2.8714962005615234,2.9008781909942627,3.1328797340393066
A8,1.7309199571609497,1.7182892560958862,1.467160940170288,1.1136736869812012,0.998615026473999,0.6178176999092102,0.3956484794616699,0.0,0.3789324462413788,0.6326878666877747,0.9605250358581543,1.2678276300430298,1.5641891956329346,1.8227884769439697,2.0994937419891357,1.5403953790664673,1.711124300956726,1.609061598777771,1.237983226776123,1.2095229625701904,0.9089996218681335,0.7099274396896362,0.6007539629936218,0.7005866765975952,0.8431553244590759,1.1199965476989746,1.3101876974105835,1.6829439401626587,1.8719507455825806,2.179762840270996,1.793685793876648,2.000037670135498,1.8598734140396118,1.545941948890686,1.5339856147766113,1.3157933950424194,1.1702029705047607,1.1046291589736938,1.1878162622451782,1.2539587020874023,1.4891713857650757,1.5485243797302246,1.9406949281692505,2.067018508911133,2.387336254119873,2.1274325847625732,2.3249495029449463,2.178694486618042,1.9288443326950073,1.9262230396270752,1.7489337921142578,1.656739354133606,1.5915932655334473,1.699981689453125,1.708953619003296,1.9441097974777222,1.9010810852050781,2.2737655639648438,2.3389618396759033,2.6622612476348877,2.525057792663574,2.6474123001098633,2.6609179973602295,2.4490966796875,2.4453189373016357,2.2848551273345947,2.2396810054779053,2.1652588844299316,2.279585361480713,2.191502809524536,2.4434335231781006,2.293999671936035,2.6150169372558594,2.621162176132202,2.859560251235962
A9,1.8493292331695557,1.9108556509017944,1.694144368171692,1.3406792879104614,1.3091872930526733,0.9418217539787292,0.614467442035675,0.3789324462413788,0.0,0.3864833116531372,0.6185474395751953,0.9698668718338013,1.2589643001556396,1.481756567955017,1.746116042137146,1.5794093608856201,1.8255008459091187,1.7773191928863525,1.4218831062316895,1.4730299711227417,1.1673318147659302,0.8711366653442383,0.7538484334945679,0.6438142657279968,0.7442829012870789,0.8993784189224243,1.066215991973877,1.4438753128051758,1.5764095783233643,1.87189519405365,1.8313919305801392,2.098808765411377,2.003647565841675,1.69577956199646,1.752923607826233,1.5177571773529053,1.2919127941131592,1.2241414785385132,1.1905999183654785,1.2341456413269043,1.374646782875061,1.3835901021957397,1.7691051959991455,1.8334711790084839,2.1369361877441406,2.1606550216674805,2.410824775695801,2.3007588386535645,2.0530972480773926,2.1100852489471436,1.9182811975479126,1.7623295783996582,1.7053149938583374,1.7366304397583008,1.7372405529022217,1.9042857885360718,1.8092902898788452,2.1609930992126465,2.167149543762207,2.4712471961975098,2.554348945617676,2.7274014949798584,2.7751617431640625,2.562729835510254,2.610088348388672,2.4454774856567383,2.354069232940674,2.298428535461426,2.3642282485961914,2.2829766273498535,2.4917192459106445,2.3086719512939453,2.616140127182007,2.5736207962036133,2.766472816467285
A10,2.229888439178467,2.282655715942383,2.0603342056274414,1.7026946544647217,1.6288574934005737,1.2493420839309692,0.9684118628501892,0.6326878666877747,0.3864833116531372,0.0,0.3839675784111023,0.6400917768478394,0.9400194883346558,1.2105802297592163,1.5164631605148315,1.9555728435516357,2.204465627670288,2.1370370388031006,1.7722933292388916,1.7838642597198486,1.4438467025756836,1.1472392082214355,0.9108183979988098,0.7306276559829712,0.6158005595207214,0.718214213848114,0.7581407427787781,1.1525547504425049,1.3061987161636353,1.6467987298965454,2.1693613529205322,2.4447875022888184,2.3261046409606934,1.9957756996154785,2.0221898555755615,1.74016273021698,1.4849575757980347,1.321648120880127,1.2240830659866333,1.148342251777649,1.241495132446289,1.149991512298584,1.5233262777328491,1.5933037996292114,1.9297724962234497,2.4533467292785645,2.718904495239258,2.5839152336120605,2.3046092987060547,2.3406741619110107,2.099989414215088,1.9043394327163696,1.7769832611083984,1.7521049976348877,1.6727427244186401,1.7969480752944946,1.6316955089569092,1.9539177417755127,1.9600200653076172,2.2876241207122803,2.800137519836426,2.993938446044922,3.0166611671447754,2.7713546752929688,2.808539867401123,2.6007578372955322,2.4674222469329834,2.365612030029297,2.3801543712615967,2.248223066329956,2.4112749099731445,2.1766414642333984,2.444915294647217,2.3650100231170654,2.5510802268981934
A11,2.386603355407715,2.493419647216797,2.295323371887207,1.9461230039596558,1.9272876977920532,1.5563265085220337,1.2310857772827148,0.9605250358581543,0.6185474395751953,0.3839675784111023,0.0,0.4052254259586334,0.658025324344635,0.8650663495063782,1.1525672674179077,2.0519909858703613,2.3493826389312744,2.322700262069702,1.9785792827606201,2.046560764312744,1.7139012813568115,1.3751851320266724,1.1750173568725586,0.8944122791290283,0.7675530910491943,0.657310426235199,0.6217187643051147,0.9826589822769165,1.0333223342895508,1.3499127626419067,2.2512786388397217,2.5680031776428223,2.4883930683135986,2.17254376411438,2.253023386001587,1.9713773727416992,1.6721776723861694,1.5303120613098145,1.349454641342163,1.269434928894043,1.2449780702590942,1.0974164009094238,1.4305360317230225,1.4084573984146118,1.7100034952163696,2.520536422729492,2.8245022296905518,2.723917007446289,2.4549295902252197,2.541193962097168,2.299757957458496,2.061872720718384,1.955427646636963,1.8672218322753906,1.7929223775863647,1.8412113189697266,1.6315217018127441,1.9128003120422363,1.8440626859664917,2.135770320892334,2.85467267036438,3.089571475982666,3.143598794937134,2.9043946266174316,2.987104654312134,2.7839179039001465,2.616593599319458,2.540123701095581,2.5146255493164062,2.4001941680908203,2.52005934715271,2.264942169189453,2.5139169692993164,2.386276960372925,2.5140511989593506
A12,2.74934720993042,2.849034547805786,2.658869743347168,2.2978878021240234,2.2566351890563965,1.8817840814590454,1.5791360139846802,1.2678276300430298,0.9698668718338013,0.6400917768478394,0.4052254259586334,0.0,0.4013986885547638,0.6322228908538818,1.0018737316131592,2.451805830001831,2.747136116027832,2.7164440155029297,2.365471124649048,2.4075560569763184,2.063521385192871,1.7402516603469849,1.4932878017425537,1.22458016872406,0.9951801300048828,0.844483494758606,0.5905396938323975,0.8934154510498047,0.9150298237800598,1.2744734287261963,2.6551434993743896,2.9709572792053223,2.881070852279663,2.5558669567108154,2.6122186183929443,2.3118138313293457,2.012786626815796,1.8201080560684204,1.621142029762268,1.4576078653335571,1.3896698951721191,1.1317576169967651,1.4025980234146118,1.3623420000076294,1.6813304424285889,2.911295175552368,3.21832013130188,3.105067491531372,2.8215856552124023,2.888531446456909,2.6227951049804688,2.3722193241119385,2.2194979190826416,2.1005265712738037,1.9622387886047363,1.9691816568374634,1.6934723854064941,1.917339563369751,1.8392674922943115,2.140824317932129,3.222817897796631,3.4654664993286133,3.50415301322937,3.24729585647583,3.31750750541687,3.0882866382598877,2.899502754211426,2.7873573303222656,2.726504325866699,2.5693883895874023,2.646307945251465,2.347543478012085,2.5440409183502197,2.3743650913238525,2.4852347373962402
A13,3.037652015686035,3.1495254039764404,2.9410462379455566,2.596259593963623,2.5529661178588867,2.173549175262451,1.870531678199768,1.5641891956329346,1.2589643001556396,0.9400194883346558,0.658025324344635,0.4013986885547638,0.0,0.37825021147727966,0.6960650682449341,2.656796455383301,2.9651074409484863,2.9232418537139893,2.578901529312134,2.6273369789123535,2.269698143005371,1.926753282546997,1.6662671566009521,1.3485201597213745,1.083865761756897,0.8130761981010437,0.4776152968406677,0.6029391884803772,0.5371336936950684,0.901142954826355,2.788848876953125,3.1217238903045654,3.027169704437256,2.6975345611572266,2.76636004447937,2.4449098110198975,2.11320424079895,1.9025754928588867,1.638566255569458,1.4409297704696655,1.2714442014694214,0.9559620022773743,1.1386525630950928,1.029367446899414,1.3267861604690552,2.9839792251586914,3.314168930053711,3.197869300842285,2.9025676250457764,2.9863736629486084,2.69814133644104,2.4065306186676025,2.24184513092041,2.0584347248077393,1.8996386528015137,1.8284639120101929,1.5103938579559326,1.671514630317688,1.5404804944992065,1.8157365322113037,3.2391955852508545,3.512728452682495,3.5471930503845215,3.2758474349975586,3.368274450302124,3.1221325397491455,2.8911819458007812,2.7791571617126465,2.666231632232666,2.5095348358154297,2.5307838916778564,2.2111623287200928,2.372521162033081,2.1592941284179688,2.216160297393799
A14,3.156924247741699,3.3082616329193115,3.1314380168914795,2.7893128395080566,2.790660858154297,2.420869827270508,2.089939832687378,1.8227884769439697,1.481756567955017,1.2105802297592163,0.8650663495063782,0.6322228908538818,0.37825021147727966,0.0,0.3977932631969452,2.7730963230133057,3.1097357273101807,3.110041618347168,2.785322427749634,2.8761422634124756,2.535656690597534,2.178316831588745,1.9598597288131714,1.6244935989379883,1.4089410305023193,1.105272889137268,0.827264130115509,0.8704559803009033,0.6284586787223816,0.8599242568016052,2.9232959747314453,3.2775135040283203,3.2232823371887207,2.915330171585083,3.023627996444702,2.7199296951293945,2.3787052631378174,2.2054545879364014,1.9265525341033936,1.7637923955917358,1.5582661628723145,1.259175419807434,1.386850357055664,1.182595133781433,1.3897367715835571,3.1293540000915527,3.477444648742676,3.3983211517333984,3.1251049041748047,3.2451062202453613,2.9744882583618164,2.675116539001465,2.543074131011963,2.3456015586853027,2.2133710384368896,2.1116955280303955,1.7928813695907593,1.9168108701705933,1.721941351890564,1.9345314502716064,3.393460273742676,3.687297821044922,3.755086898803711,3.5024733543395996,3.6265792846679688,3.3987112045288086,3.1627469062805176,3.079235792160034,2.959028720855713,2.826115608215332,2.833000659942627,2.516920566558838,2.667983055114746,2.431485652923584,2.438340663909912
A15,3.3359577655792236,3.5128724575042725,3.3358209133148193,3.014525890350342,3.038262128829956,2.675384759902954,2.3350210189819336,2.0994937419891357,1.746116042137146,1.5164631605148315,1.1525672674179077,1.0018737316131592,0.6960650682449341,0.3977932631969452,0.0,2.8839879035949707,3.2369372844696045,3.2489540576934814,2.946019411087036,3.0653772354125977,2.732245922088623,2.3605661392211914,2.168506145477295,1.8061633110046387,1.6214284896850586,1.266464114189148,1.0512086153030396,0.9740915894508362,0.616922914981842,0.6372327208518982,2.982313394546509,3.353339195251465,3.318866491317749,3.026577949523926,3.1675221920013428,2.8681187629699707,2.507556438446045,2.358039379119873,2.0422332286834717,1.9030836820602417,1.6343938112258911,1.362470269203186,1.4118963479995728,1.1166681051254272,1.208954095840454,3.1447594165802,3.513099193572998,3.4554648399353027,3.1935172080993652,3.3479888439178467,3.081576347351074,2.758373975753784,2.6512386798858643,2.4149773120880127,2.3063766956329346,2.149738073348999,1.8365833759307861,1.9104427099227905,1.6465280055999756,1.7808644771575928,3.3704373836517334,3.692600965499878,3.7784008979797363,3.5336387157440186,3.693448066711426,3.4738874435424805,3.2144596576690674,3.159175395965576,3.0107972621917725,2.908099889755249,2.8821678161621094,2.5758025646209717,2.71319317817688,2.4546871185302734,2.3989601135253906
B1,0.8004605174064636,0.9998317360877991,0.896590530872345,0.9243391156196594,1.2167160511016846,1.2624439001083374,1.182807445526123,1.5403953790664673,1.5794093608856201,1.9555728435516357,2.0519909858703613,2.451805830001831,2.656796455383301,2.7730963230133057,2.8839879035949707,0.0,0.3977630138397217,0.6632152199745178,0.7131205201148987,1.1008380651474,1.2227426767349243,1.18540358543396,1.556093692779541,1.6291236877441406,1.998826026916504,2.1251447200775146,2.4515488147735596,2.735224962234497,2.80202579498291,2.9351749420166016,0.6076821088790894,0.7926490306854248,0.992194414138794,1.0203826427459717,1.3265619277954102,1.452241063117981,1.4447208642959595,1.7668571472167969,1.8755064010620117,2.1953136920928955,2.352560043334961,2.5742404460906982,2.912820339202881,2.93796443939209,3.098832368850708,1.1529371738433838,1.2817472219467163,1.409745454788208,1.4471431970596313,1.6692538261413574,1.7827039957046509,1.8143140077590942,2.0672080516815186,2.2268097400665283,2.48004412651062,2.68891978263855,2.794293165206909,3.156930923461914,3.139200448989868,3.319831132888794,1.718961238861084,1.7798521518707275,1.995473861694336,2.0080995559692383,2.1525354385375977,2.235757350921631,2.31286883354187,2.4847497940063477,2.692185640335083,2.8241944313049316,3.1173384189605713,3.1192264556884766,3.4998350143432617,3.5539710521698,3.7211413383483887
B2,0.7298501133918762,0.8074027895927429,0.6892226338386536,0.8787405490875244,1.1439934968948364,1.3004306554794312,1.3350173234939575,1.711124300956726,1.8255008459091187,2.204465627670288,2.3493826389312744,2.747136116027832,2.9651074409484863,3.1097357273101807,3.2369372844696045,0.3977630138397217,0.0,0.4000948369503021,0.638525664806366,0.9791188836097717,1.2198350429534912,1.302754521369934,1.6908297538757324,1.8383753299713135,2.213066577911377,2.3873815536499023,2.7245235443115234,3.0129854679107666,3.1136772632598877,3.2607624530792236,0.666187047958374,0.6240652799606323,0.8164160251617432,0.9435628056526184,1.2002605199813843,1.4204919338226318,1.5149285793304443,1.8580386638641357,2.032555341720581,2.363929033279419,2.5651872158050537,2.8132693767547607,3.154935121536255,3.2162883281707764,3.388915538787842,1.1588125228881836,1.159258246421814,1.2771507501602173,1.373671054840088,1.5472508668899536,1.7304468154907227,1.8440830707550049,2.114795684814453,2.329524040222168,2.5980448722839355,2.8441262245178223,2.9877371788024902,3.3591487407684326,3.377969741821289,3.567951202392578,1.7077828645706177,1.6777207851409912,1.8696168661117554,1.9221937656402588,2.022224187850952,2.15041446685791,2.2914581298828125,2.471724510192871,2.724703550338745,2.870521306991577,3.19222092628479,3.231800079345703,3.6190884113311768,3.7101972103118896,3.903855562210083
B3,1.0087580680847168,0.947813868522644,0.668026864528656,0.8615648150444031,0.9918599128723145,1.1553609371185303,1.2644203901290894,1.609061598777771,1.7773191928863525,2.1370370388031006,2.322700262069702,2.7164440155029297,2.9232418537139893,3.110041618347168,3.2489540576934814,0.6632152199745178,0.4000948369503021,0.0,0.38241368532180786,0.6478749513626099,0.9375934600830078,1.1008450984954834,1.485317587852478,1.6875420808792114,2.0599663257598877,2.274815082550049,2.628066301345825,2.906120777130127,3.0506515502929688,3.2120158672332764,0.6776885986328125,0.5522770881652832,0.5261349081993103,0.6156554222106934,0.8152342438697815,1.0749950408935547,1.2362375259399414,1.5850275754928589,1.8079756498336792,2.144526720046997,2.3819737434387207,2.6583428382873535,2.994999885559082,3.0988237857818604,3.286343574523926,1.053668737411499,1.012866735458374,1.0119730234146118,1.0651721954345703,1.1787372827529907,1.3734720945358276,1.532716989517212,1.801141619682312,2.053344488143921,2.326637029647827,2.601033926010132,2.7773642539978027,3.1528730392456055,3.211169958114624,3.4152231216430664,1.550307273864746,1.4858133792877197,1.604602575302124,1.6223230361938477,1.6734060049057007,1.7912369966506958,1.9572687149047852,2.124037742614746,2.400634527206421,2.546114921569824,2.8844480514526367,2.9484574794769287,3.3374006748199463,3.4577503204345703,3.6746861934661865
B4,1.086146354675293,1.0227758884429932,0.6722272038459778,0.6862722635269165,0.742381751537323,0.8149063587188721,0.9143469333648682,1.237983226776123,1.4218831062316895,1.7722933292388916,1.9785792827606201,2.365471124649048,2.578901529312134,2.785322427749634,2.946019411087036,0.7131205201148987,0.638525664806366,0.38241368532180786,0.0,0.39140212535858154,0.584172248840332,0.7309964895248413,1.1122560501098633,1.330011010169983,1.694890022277832,1.929347038269043,2.2736353874206543,2.5632147789001465,2.7244863510131836,2.9117238521575928,0.7997567653656006,0.8307511806488037,0.7007197737693787,0.5509526133537292,0.6915320754051208,0.8323090672492981,0.9500008821487427,1.2638088464736938,1.4908372163772583,1.8066314458847046,2.0585105419158936,2.3169283866882324,2.665684461593628,2.7826175689697266,2.9966959953308105,1.1704120635986328,1.224460482597351,1.1395515203475952,1.0595966577529907,1.1329680681228638,1.222665548324585,1.3331533670425415,1.5464425086975098,1.7914382219314575,2.030008316040039,2.3116142749786377,2.4618334770202637,2.844890594482422,2.9123024940490723,3.1427018642425537,1.6470003128051758,1.6435266733169556,1.7164686918258667,1.6484416723251343,1.6783335208892822,1.7130705118179321,1.831196665763855,1.9441895484924316,2.1986961364746094,2.3004977703094482,2.6341967582702637,2.6630589962005615,3.048107862472534,3.154484987258911,3.3815746307373047
B5,1.3401868343353271,1.1753431558609009,0.7789027094841003,0.7770135998725891,0.6254953742027283,0.7239390015602112,0.9535255432128906,1.2095229625701904,1.4730299711227417,1.7838642597198486,2.046560764312744,2.4075560569763184,2.6273369789123535,2.8761422634124756,3.0653772354125977,1.1008380651474,0.9791188836097717,0.6478749513626099,0.39140212535858154,0.0,0.387746125459671,0.7170702219009399,1.0248754024505615,1.3294854164123535,1.656355857849121,1.9489245414733887,2.2815182209014893,2.5714311599731445,2.781219244003296,2.9989142417907715,1.1348649263381958,1.1028048992156982,0.8498131036758423,0.6332065463066101,0.5170329213142395,0.648090660572052,0.8793279528617859,1.1324687004089355,1.4349604845046997,1.7192326784133911,2.0251688957214355,2.288132905960083,2.63616943359375,2.8042187690734863,3.0481908321380615,1.4002819061279297,1.407191276550293,1.2184057235717773,1.0750423669815063,1.0058515071868896,1.0642690658569336,1.2358938455581665,1.3910318613052368,1.6898812055587769,1.898925542831421,2.223203420639038,2.3913419246673584,2.7785632610321045,2.896956443786621,3.15592885017395,1.7944012880325317,1.7521027326583862,1.735682487487793,1.6222440004348755,1.5609769821166992,1.555891513824463,1.7032774686813354,1.7594940662384033,2.0423028469085693,2.1117095947265625,2.467979907989502,2.5098838806152344,2.8893299102783203,3.026606559753418,3.2908473014831543
B6,1.5440576076507568,1.4308302402496338,1.0503946542739868,0.9076413512229919,0.7118434309959412,0.5903956890106201,0.7482559084892273,0.9089996218681335,1.1673318147659302,1.4438467025756836,1.7139012813568115,2.063521385192871,2.269698143005371,2.535656690597534,2.732245922088623,1.2227426767349243,1.2198350429534912,0.9375934600830078,0.584172248840332,0.387746125459671,0.0,0.38062363862991333,0.6395815014839172,0.9615764021873474,1.2739830017089844,1.5793997049331665,1.907431721687317,2.1951184272766113,2.4192137718200684,2.651047945022583,1.2524338960647583,1.3259035348892212,1.069855809211731,0.7442943453788757,0.6343525648117065,0.5094863176345825,0.6123294234275818,0.7920429706573486,1.0871003866195679,1.3476399183273315,1.660288691520691,1.9093536138534546,2.2621707916259766,2.4389896392822266,2.6998462677001953,1.4892957210540771,1.5832635164260864,1.3682949542999268,1.1310116052627563,1.0678545236587524,0.9847660660743713,1.0537495613098145,1.1342145204544067,1.4015333652496338,1.5719352960586548,1.8916857242584229,2.0315589904785156,2.4220287799835205,2.5425219535827637,2.819227457046509,1.8504596948623657,1.8792471885681152,1.846134901046753,1.6626805067062378,1.6151657104492188,1.5229485034942627,1.5894346237182617,1.593479037284851,1.8292241096496582,1.8553522825241089,2.193631649017334,2.1938560009002686,2.568709373474121,2.6841800212860107,2.948221206665039
B7,1.6142423152923584,1.586428165435791,1.2455614805221558,1.0313875675201416,0.9238643050193787,0.6678209900856018,0.6135748624801636,0.7099274396896362,0.8711366653442383,1.1472392082214355,1.3751851320266724,1.7402516603469849,1.926753282546997,2.178316831588745,2.3605661392211914,1.18540358543396,1.302754521369934,1.1008450984954834,0.7309964895248413,0.7170702219009399,0.38062363862991333,0.0,0.39189669489860535,0.6191472411155701,0.9702723622322083,1.2363697290420532,1.5772247314453125,1.86470627784729,2.0644748210906982,2.287792444229126,1.2272343635559082,1.4095731973648071,1.2122422456741333,0.8656559586524963,0.8866665959358215,0.6667500734329224,0.5222932696342468,0.6629387736320496,0.8447169661521912,1.109664797782898,1.3751728534698486,1.6067661046981812,1.9673231840133667,2.1100637912750244,2.365107774734497,1.4725098609924316,1.6574139595031738,1.4810495376586914,1.2196155786514282,1.246435284614563,1.0984171628952026,1.0329108238220215,1.0918656587600708,1.2665449380874634,1.4215950965881348,1.692866325378418,1.7872912883758545,2.176788806915283,2.2561769485473633,2.527695894241333,1.8386136293411255,1.9461528062820435,1.9514459371566772,1.7470130920410156,1.7670843601226807,1.6431870460510254,1.626046061515808,1.6320122480392456,1.7993628978729248,1.8144396543502808,2.111258029937744,2.0631017684936523,2.434255599975586,2.503326177597046,2.7354071140289307
B8,1.9468976259231567,1.9088157415390015,1.573336124420166,1.3160390853881836,1.1441282033920288,0.8160915374755859,0.7359458804130554,0.6007539629936218,0.7538484334945679,0.9108183979988098,1.1750173568725586,1.4932878017425537,1.6662671566009521,1.9598597288131714,2.168506145477295,1.556093692779541,1.6908297538757324,1.485317587852478,1.1122560501098633,1.0248754024505615,0.6395815014839172,0.39189669489860535,0.0,0.37966087460517883,0.6363781094551086,0.9659954309463501,1.2785483598709106,1.5667290687561035,1.8109853267669678,2.071559190750122,1.5945402383804321,1.7878376245498657,1.566563367843628,1.1999564170837402,1.1504406929016113,0.8382747769355774,0.6266195774078369,0.5047494173049927,0.6426721811294556,0.7982526421546936,1.0990995168685913,1.293687105178833,1.6626795530319214,1.8429996967315674,2.137624740600586,1.789212942123413,1.991170048713684,1.7792853116989136,1.4708044528961182,1.447708249092102,1.2078309059143066,1.0749123096466064,0.9928541779518127,1.116323709487915,1.1726386547088623,1.4451335668563843,1.4938099384307861,1.885164499282837,1.9919060468673706,2.3010573387145996,2.091569423675537,2.2225732803344727,2.1861729621887207,1.9307805299758911,1.9224427938461304,1.7253226041793823,1.6495749950408936,1.5727092027664185,1.6850587129592896,1.6246452331542969,1.8947674036026,1.793576955795288,2.14603328704834,2.1978025436401367,2.4469799995422363
B9,2.0950870513916016,2.1209709644317627,1.8164193630218506,1.541943907737732,1.439820647239685,1.0914883613586426,0.8874534964561462,0.7005866765975952,0.6438142657279968,0.7306276559829712,0.8944122791290283,1.22458016872406,1.3485201597213745,1.6244935989379883,1.8061633110046387,1.6291236877441406,1.8383753299713135,1.6875420808792114,1.330011010169983,1.3294854164123535,0.9615764021873474,0.6191472411155701,0.37966087460517883,0.0,0.3837590515613556,0.6195037961006165,0.9679962396621704,1.2457298040390015,1.457807183265686,1.703643560409546,1.6568634510040283,1.9171403646469116,1.743530511856079,1.387128233909607,1.4188328981399536,1.1012998819351196,0.7882311940193176,0.6520973443984985,0.5478916764259338,0.6610175371170044,0.8474732041358948,1.010736107826233,1.3854702711105347,1.5155032873153687,1.7997227907180786,1.8348708152770996,2.098834753036499,1.924578309059143,1.617069959640503,1.6643223762512207,1.4067275524139404,1.1834075450897217,1.1001790761947632,1.095985770225525,1.1281226873397827,1.309164047241211,1.2923060655593872,1.6712056398391724,1.718366026878357,2.015432596206665,2.1206955909729004,2.3138375282287598,2.3115501403808594,2.0509586334228516,2.102208375930786,1.895790457725525,1.7550194263458252,1.6947075128555298,1.7335256338119507,1.6739239692687988,1.8825249671936035,1.7330282926559448,2.0698251724243164,2.063711643218994,2.2644104957580566
B10,2.4246761798858643,2.4432597160339355,2.1451008319854736,1.8461146354675293,1.711543321609497,1.3422904014587402,1.143847107887268,0.8431553244590759,0.7442829012870789,0.6158005595207214,0.7675530910491943,0.9951801300048828,1.083865761756897,1.4089410305023193,1.6214284896850586,1.998826026916504,2.213066577911377,2.0599663257598877,1.694890022277832,1.656355857849121,1.2739830017089844,0.9702723622322083,0.6363781094551086,0.3837590515613556,0.0,0.3867291212081909,0.6543816924095154,0.9386284947395325,1.2056186199188232,1.5026057958602905,2.037447690963745,2.2985892295837402,2.1124472618103027,1.7479974031448364,1.7403922080993652,1.395169734954834,1.09093177318573,0.8371495604515076,0.6615093350410461,0.5335198044776917,0.6746193766593933,0.7139667272567749,1.1042060852050781,1.2674915790557861,1.6030529737472534,2.193051815032959,2.4616801738739014,2.2691004276275635,1.9416576623916626,1.956642746925354,1.657392978668213,1.4082907438278198,1.2293001413345337,1.1558970212936401,1.0602738857269287,1.1922355890274048,1.077738881111145,1.438706874847412,1.5006024837493896,1.8392505645751953,2.4381892681121826,2.643275260925293,2.6151084899902344,2.3265879154205322,2.357492685317993,2.1070187091827393,1.926866054534912,1.8035911321640015,1.7816096544265747,1.648830533027649,1.8029111623764038,1.5833122730255127,1.87745201587677,1.830151915550232,2.0349721908569336
B11,2.6072378158569336,2.675183057785034,2.4001379013061523,2.100986957550049,2.01804780960083,1.6486896276474,1.393955945968628,1.1199965476989746,0.8993784189224243,0.718214213848114,0.657310426235199,0.844483494758606,0.8130761981010437,1.105272889137268,1.266464114189148,2.1251447200775146,2.3873815536499023,2.274815082550049,1.929347038269043,1.9489245414733887,1.5793997049331665,1.2363697290420532,0.9659954309463501,0.6195037961006165,0.3867291212081909,0.0,0.4000551402568817,0.6348135471343994,0.8458371758460999,1.1228835582733154,2.1465182304382324,2.450594663619995,2.3042449951171875,1.9566515684127808,2.0070302486419678,1.6692800521850586,1.323805809020996,1.1106016635894775,0.8275046944618225,0.6875509023666382,0.5888309478759766,0.516668975353241,0.884844958782196,0.9511011838912964,1.2700836658477783,2.2801923751831055,2.5909461975097656,2.433628797531128,2.1176047325134277,2.1876327991485596,1.8902724981307983,1.5935301780700684,1.4412996768951416,1.2774608135223389,1.180326223373413,1.1888474225997925,0.9951545000076294,1.3048396110534668,1.2720670700073242,1.583141803741455,2.502910614013672,2.7553482055664062,2.7583301067352295,2.474759578704834,2.55627703666687,2.310177803039551,2.087690591812134,1.9925298690795898,1.9138985872268677,1.7994807958602905,1.8879104852676392,1.636382818222046,1.8982319831848145,1.7851718664169312,1.9174423217773438
B12,2.8754758834838867,2.947169303894043,2.6923277378082275,2.366244077682495,2.2770609855651855,1.8956599235534668,1.6331413984298706,1.3101876974105835,1.066215991973877,0.7581407427787781,0.6217187643051147,0.5905396938323975,0.4776152968406677,0.827264130115509,1.0512086153030396,2.4515488147735596,2.7245235443115234,2.628066301345825,2.2736353874206543,2.2815182209014893,1.907431721687317,1.5772247314453125,1.2785483598709106,0.9679962396621704,0.6543816924095154,0.4000551402568817,0.0,0.3955645263195038,0.6172389388084412,0.9869044423103333,2.5205609798431396,2.828911781311035,2.6886837482452393,2.3397176265716553,2.3742358684539795,2.0323753356933594,1.7019050121307373,1.456693410873413,1.1910771131515503,0.966669499874115,0.8289464712142944,0.5415156483650208,0.8354445695877075,0.864742636680603,1.226674199104309,2.674274206161499,2.986865997314453,2.8309333324432373,2.5129384994506836,2.567426919937134,2.2601277828216553,1.9672963619232178,1.777639389038086,1.5992077589035034,1.430731177330017,1.3934144973754883,1.104796051979065,1.3365980386734009,1.2821487188339233,1.610427737236023,2.8989429473876953,3.1551008224487305,3.1542325019836426,2.864081382751465,2.933197021484375,2.6709976196289062,2.439101219177246,2.3102827072143555,2.2032878398895264,2.0410945415496826,2.084038019180298,1.779188632965088,1.976835012435913,1.8081473112106323,1.9201477766036987
B13,3.215648651123047,3.2944676876068115,3.028162956237793,2.717771530151367,2.625594139099121,2.248593330383301,1.994360327720642,1.6829439401626587,1.4438753128051758,1.1525547504425049,0.9826589822769165,0.8934154510498047,0.6029391884803772,0.8704559803009033,0.9740915894508362,2.735224962234497,3.0129854679107666,2.906120777130127,2.5632147789001465,2.5714311599731445,2.1951184272766113,1.86470627784729,1.5667290687561035,1.2457298040390015,0.9386284947395325,0.6348135471343994,0.3955645263195038,0.0,0.3819086253643036,0.7133260369300842,2.7407610416412354,3.0566251277923584,2.9103565216064453,2.5628108978271484,2.6019198894500732,2.2473161220550537,1.900526523590088,1.6416668891906738,1.3263975381851196,1.0676466226577759,0.8053030371665955,0.4363694190979004,0.535862147808075,0.49856165051460266,0.8759037256240845,2.8310718536376953,3.158325672149658,2.9968602657318115,2.6701810359954834,2.7336907386779785,2.4070746898651123,2.080691337585449,1.8752318620681763,1.6280077695846558,1.4284077882766724,1.287085771560669,0.9380763173103333,1.0693284273147583,0.9550007581710815,1.2708643674850464,2.990703821182251,3.2720372676849365,3.26062273979187,2.955946445465088,3.041078567504883,2.760662317276001,2.4861793518066406,2.3516461849212646,2.183335304260254,2.0161426067352295,1.9857474565505981,1.6546721458435059,1.7980239391326904,1.5736424922943115,1.6218167543411255
