,A1,A2,A3,A4,A5,A6,A7,A8,A9,A10,A11,A12,A13,A14,A15,B1,B2,B3,B4,B5,B6,B7,B8,B9,B10,B11,B12,B13,B14,B15,C1,C2,C3,C4,C5,C6,C7,C8,C9,C10,C11,C12,C13,C14,C15,D1,D2,D3,D4,D5,D6,D7,D8,D9,D10,D11,D12,D13,D14,D15,E1,E2,E3,E4,E5,E6,E7,E8,E9,E10,E11,E12,E13,E14,E15
A1,0.0,0.40070444345474243,0.6847105622291565,0.8194503784179688,1.2008804082870483,1.3956122398376465,1.3982905149459839,1.7923684120178223,1.9065072536468506,2.289931297302246,2.401754856109619,2.7774763107299805,3.0069985389709473,3.062831401824951,3.1794188022613525,0.6592411994934082,0.5688480138778687,0.9126105308532715,1.0331947803497314,1.3424509763717651,1.5397024154663086,1.566564917564392,1.9373818635940552,2.0628340244293213,2.413830518722534,2.5407941341400146,2.8640999794006348,3.1300621032714844,3.156651496887207,3.281040668487549,1.1441103219985962,1.0953328609466553,1.3564552068710327,1.4294918775558472,1.6704301834106445,1.8328425884246826,1.8605153560638428,2.1865413188934326,2.3255650997161865,2.633593797683716,2.776714324951172,3.0002763271331787,3.3074958324432373,3.3105030059814453,3.4488747119903564,1.6302412748336792,1.5952916145324707,1.8113666772842407,1.8637759685516357,2.05368709564209,2.188554525375366,2.212934732437134,2.4867544174194336,2.6589179039001465,2.9163498878479004,3.113874912261963,3.2233617305755615,3.5485641956329346,3.5135459899902344,3.6593360900878906,2.1576883792877197,2.106368064880371,2.318077325820923,2.3642776012420654,2.510765314102173,2.622366428375244,2.6706433296203613,2.865306854248047,3.0872139930725098,3.2291622161865234,3.507951498031616,3.551515579223633,3.935819625854492,4.016870975494385,4.1515278816223145
A2,0.40070444345474243,0.0,0.40793564915657043,0.639180600643158,0.9537090063095093,1.2324934005737305,1.3407946825027466,1.7352622747421265,1.9252816438674927,2.309018135070801,2.4807374477386475,2.857943058013916,3.1135027408599854,3.214423418045044,3.367760419845581,0.8813212513923645,0.6315216422080994,0.8082293272018433,0.9221645593643188,1.1347495317459106,1.3861699104309082,1.5024702548980713,1.8659451007843018,2.0609447956085205,2.4094491004943848,2.593219757080078,2.925433874130249,3.2161667346954346,3.288311243057251,3.447760581970215,1.281497836112976,1.1326123476028442,1.2863729000091553,1.3482722043991089,1.5038501024246216,1.697488784790039,1.7939443588256836,2.1049201488494873,2.302647829055786,2.6055421829223633,2.799818992614746,3.0403244495391846,3.3708996772766113,3.419306993484497,3.5904734134674072,1.7264676094055176,1.6236923933029175,1.7602195739746094,1.8023887872695923,1.919258713722229,2.070256471633911,2.1479034423828125,2.4003889560699463,2.620581865310669,2.870234727859497,3.1099987030029297,3.2399375438690186,3.5903265476226807,3.5986104011535645,3.7755095958709717,2.225475549697876,2.1282906532287598,2.277911901473999,2.314512252807617,2.398667097091675,2.511777877807617,2.596754789352417,2.7607064247131348,3.015125274658203,3.1385109424591064,3.4455604553222656,3.4977028369903564,3.8865697383880615,3.994960069656372,4.165682315826416
A3,0.6847105622291565,0.40793564915657043,0.0,0.38375532627105713,0.6300323009490967,0.9335910081863403,1.0987939834594727,1.4800301790237427,1.7136789560317993,2.089845657348633,2.2947685718536377,2.6786181926727295,2.9249775409698486,3.0671184062957764,3.2339935302734375,0.8515685796737671,0.5749642848968506,0.5268435478210449,0.5623831152915955,0.7280678153038025,1.0031968355178833,1.1696175336837769,1.5350311994552612,1.7701181173324585,2.1239254474639893,2.340355157852173,2.6908764839172363,2.979053258895874,3.089609146118164,3.263491630554199,1.1374266147613525,0.9665239453315735,1.0061429738998413,1.0031951665878296,1.1123826503753662,1.3017226457595825,1.4279053211212158,1.7358968257904053,1.9651906490325928,2.273432731628418,2.495164155960083,2.7603681087493896,3.094594717025757,3.177738904953003,3.3638062477111816,1.5320641994476318,1.4217002391815186,1.481750726699829,1.4728697538375854,1.5502132177352905,1.684006929397583,1.776044249534607,2.0166521072387695,2.2580273151397705,2.5083465576171875,2.7679483890533447,2.919869899749756,3.2816944122314453,3.321505069732666,3.513920545578003,1.9994163513183594,1.9052050113677979,2.0026450157165527,1.9971810579299927,2.051088809967041,2.1394383907318115,2.2250494956970215,2.3702101707458496,2.633280038833618,2.750037670135498,3.06711745262146,3.1289865970611572,3.519503355026245,3.6462323665618896,3.8337936401367188
A4,0.8194503784179688,0.639180600643158,0.38375532627105713,0.0,0.39512380957603455,0.598946213722229,0.7326086163520813,1.1175734996795654,1.352720022201538,1.728013038635254,1.944760799407959,2.3214612007141113,2.5872485637664795,2.738830327987671,2.9313817024230957,0.9125047922134399,0.7893906831741333,0.7397644519805908,0.5515261292457581,0.6821075081825256,0.8117412328720093,0.9115110039710999,1.246445894241333,1.4677830934524536,1.803731083869934,2.02412748336792,2.357495069503784,2.666133403778076,2.781928539276123,2.98238468170166,1.2374954223632812,1.1691408157348633,1.1859354972839355,1.0614062547683716,1.1455254554748535,1.2194056510925293,1.2711308002471924,1.528154969215393,1.7297354936599731,2.006161689758301,2.2250912189483643,2.460294008255005,2.8100152015686035,2.8955118656158447,3.1067910194396973,1.6426620483398438,1.6061378717422485,1.644452691078186,1.5512783527374268,1.6165059804916382,1.662431001663208,1.6909366846084595,1.8794571161270142,2.0906035900115967,2.3006014823913574,2.5548555850982666,2.6668994426727295,3.0319790840148926,3.068631410598755,3.2840120792388916,2.1103107929229736,2.074120283126831,2.1588237285614014,2.0902135372161865,2.143637180328369,2.16534686088562,2.194131851196289,2.297412633895874,2.5251545906066895,2.6011619567871094,2.903031826019287,2.921772003173828,3.30607533454895,3.406299352645874,3.5947041511535645
A5,1.2008804082870483,0.9537090063095093,0.6300323009490967,0.39512380957603455,0.0,0.38341712951660156,0.7021000981330872,1.0046950578689575,1.324846863746643,1.6644736528396606,1.943397879600525,2.303208589553833,2.5836572647094727,2.78597092628479,3.0135977268218994,1.254115343093872,1.1051080226898193,0.9186640381813049,0.6579075455665588,0.5330213904380798,0.6190213561058044,0.8299332857131958,1.0922898054122925,1.3908095359802246,1.695741057395935,1.9767171144485474,2.305310010910034,2.630831241607666,2.7981998920440674,3.0342562198638916,1.4814481735229492,1.3817061185836792,1.2798495292663574,1.0892587900161743,1.031657338142395,1.0641130208969116,1.1695177555084229,1.359534740447998,1.6168968677520752,1.8630547523498535,2.13498854637146,2.3771486282348633,2.7441508769989014,2.880861282348633,3.1269402503967285,1.8119806051254272,1.7513476610183716,1.695849061012268,1.5501713752746582,1.5189725160598755,1.5277308225631714,1.5867081880569458,1.7130992412567139,1.961021065711975,2.1392979621887207,2.433300495147705,2.5557122230529785,2.9403321743011475,3.0250914096832275,3.274704933166504,2.2209866046905518,2.1724791526794434,2.184368371963501,2.0727386474609375,2.0573554039001465,2.0406432151794434,2.078886032104492,2.1227197647094727,2.3642690181732178,2.400608539581299,2.721738815307617,2.7354743480682373,3.116272211074829,3.237879753112793,3.4628067016601562
A6,1.3956122398376465,1.2324934005737305,0.9335910081863403,0.598946213722229,0.38341712951660156,0.0,0.37645190954208374,0.6232290863990784,0.9597718715667725,1.2858946323394775,1.5792299509048462,1.931276559829712,2.2169079780578613,2.4345290660858154,2.6802456378936768,1.3449116945266724,1.3018313646316528,1.1357167959213257,0.7897048592567444,0.6861888766288757,0.5241609215736389,0.589972972869873,0.7724090814590454,1.0517948865890503,1.3332877159118652,1.618953824043274,1.9340651035308838,2.270805597305298,2.4473280906677246,2.703681230545044,1.5580986738204956,1.5448591709136963,1.4442962408065796,1.175872802734375,1.126083493232727,1.0221539735794067,1.0143338441848755,1.1284373998641968,1.3384544849395752,1.5468145608901978,1.8101083040237427,2.0249698162078857,2.40128231048584,2.541350841522217,2.807021141052246,1.8722621202468872,1.8821375370025635,1.821416974067688,1.6102356910705566,1.588959813117981,1.5052978992462158,1.480664610862732,1.548565149307251,1.746781826019287,1.8812050819396973,2.159698963165283,2.2420101165771484,2.624885082244873,2.7054033279418945,2.972485065460205,2.2650318145751953,2.27591609954834,2.285487651824951,2.1202139854431152,2.1207101345062256,2.039719820022583,2.009852647781372,2.017915725708008,2.208841323852539,2.2086007595062256,2.5032174587249756,2.4738097190856934,2.8459057807922363,2.9379425048828125,3.1567604541778564
A7,1.3982905149459839,1.3407946825027466,1.0987939834594727,0.7326086163520813,0.7021000981330872,0.37645190954208374,0.0,0.39812785387039185,0.6344759464263916,0.9991630911827087,1.2478049993515015,1.6149697303771973,1.8946486711502075,2.085885763168335,2.3227169513702393,1.2670055627822876,1.3359602689743042,1.249287486076355,0.8950724005699158,0.926029622554779,0.6951138973236084,0.5230154991149902,0.6791406869888306,0.8264761567115784,1.1140456199645996,1.3412383794784546,1.6494617462158203,1.983863115310669,2.125230312347412,2.3737480640411377,1.5050570964813232,1.5839773416519165,1.5475053787231445,1.266100287437439,1.3061209917068481,1.1471974849700928,1.010096788406372,1.1110516786575317,1.2134199142456055,1.408852458000183,1.6090850830078125,1.7892184257507324,2.158963918685913,2.2578680515289307,2.514538049697876,1.8382136821746826,1.9214067459106445,1.9115337133407593,1.6861040592193604,1.7335946559906006,1.6113693714141846,1.5003056526184082,1.5679841041564941,1.6875715255737305,1.8076459169387817,2.0333092212677,2.068372964859009,2.430783748626709,2.466261386871338,2.721781015396118,2.2465803623199463,2.314265489578247,2.3666462898254395,2.188896656036377,2.246440887451172,2.1447737216949463,2.056164026260376,2.0805180072784424,2.217034339904785,2.2185897827148438,2.471217155456543,2.4095780849456787,2.773198366165161,2.8210864067077637,3.002903699874878
A8,1.7923684120178223,1.7352622747421265,1.4800301790237427,1.1175734996795654,1.0046950578689575,0.6232290863990784,0.39812785387039185,0.0,0.3835656940937042,0.6643537282943726,0.9819860458374023,1.3172327280044556,1.6115692853927612,1.852159857749939,2.129244565963745,1.6215910911560059,1.7137770652770996,1.5958735942840576,1.222639799118042,1.1828168630599976,0.8574103116989136,0.6305699944496155,0.5185315608978271,0.6057999730110168,0.7910736799240112,1.0576727390289307,1.3326635360717773,1.6919089555740356,1.874500036239624,2.166451930999756,1.803971290588379,1.9083832502365112,1.8317185640335083,1.507380723953247,1.494465947151184,1.2455307245254517,1.0482252836227417,1.0014146566390991,1.0434058904647827,1.1423293352127075,1.3487473726272583,1.4843264818191528,1.8723866939544678,2.0035135746002197,2.3009753227233887,2.0797789096832275,2.191030979156494,2.1410720348358154,1.8655670881271362,1.8762370347976685,1.6779885292053223,1.5164176225662231,1.4863277673721313,1.5559873580932617,1.5959808826446533,1.8129856586456299,1.7988678216934204,2.162649631500244,2.218695878982544,2.5104026794433594,2.434504270553589,2.534297466278076,2.5524039268493652,2.3253557682037354,2.361664295196533,2.1979382038116455,2.060035467147827,2.0209028720855713,2.1061513423919678,2.0477638244628906,2.2714149951934814,2.1580123901367188,2.5015785694122314,2.5246853828430176,2.716813564300537
A9,1.9065072536468506,1.9252816438674927,1.7136789560317993,1.352720022201538,1.324846863746643,0.9597718715667725,0.6344759464263916,0.3835656940937042,0.0,0.3856979012489319,0.6210142970085144,0.9815555810928345,1.2709343433380127,1.4822460412979126,1.7564948797225952,1.6820820569992065,1.853880763053894,1.7956490516662598,1.4392637014389038,1.4776530265808105,1.1542794704437256,0.8400428295135498,0.7125493288040161,0.5582228302955627,0.6699168682098389,0.8068534731864929,1.0501062870025635,1.4075586795806885,1.5426359176635742,1.8316315412521362,1.8685669898986816,2.042252779006958,2.01680326461792,1.6995432376861572,1.75107741355896,1.4861699342727661,1.2122410535812378,1.1556220054626465,1.064936876296997,1.1197293996810913,1.2176052331924438,1.2837456464767456,1.6544076204299927,1.728858232498169,2.017681837081909,2.143641948699951,2.3136847019195557,2.3066864013671875,2.0305063724517822,2.095952272415161,1.87875235080719,1.6536372900009155,1.624534249305725,1.6060346364974976,1.6217291355133057,1.7618831396102905,1.6819418668746948,2.0071747303009033,2.004523992538452,2.281322717666626,2.497056484222412,2.645383358001709,2.6998980045318604,2.4683024883270264,2.552776575088501,2.3774702548980713,2.192246437072754,2.1701242923736572,2.198197603225708,2.143033027648926,2.312246561050415,2.1644020080566406,2.4862914085388184,2.455101728439331,2.598961114883423
A10,2.289931297302246,2.309018135070801,2.089845657348633,1.728013038635254,1.6644736528396606,1.2858946323394775,0.9991630911827087,0.6643537282943726,0.3856979012489319,0.0,0.3841910660266876,0.6610080599784851,0.9699413776397705,1.2393077611923218,1.5600999593734741,2.0463504791259766,2.229179620742798,2.155252456665039,1.7920840978622437,1.7972207069396973,1.4434646368026733,1.1335253715515137,0.8896514177322388,0.652797281742096,0.522039532661438,0.5988245010375977,0.7302729487419128,1.1208581924438477,1.29087495803833,1.629647970199585,2.197087526321411,2.386017084121704,2.33955979347229,2.003967046737671,2.027613878250122,1.7199808359146118,1.4219344854354858,1.2665886878967285,1.0999325513839722,1.022945761680603,1.0666738748550415,1.0275763273239136,1.4009745121002197,1.4921239614486694,1.8216872215270996,2.4291129112243652,2.619135856628418,2.5895919799804688,2.2866010665893555,2.3315110206604004,2.0682108402252197,1.8095173835754395,1.7066726684570312,1.6250128746032715,1.5539405345916748,1.650115966796875,1.4928464889526367,1.7921477556228638,1.7925801277160645,2.0998294353485107,2.736842632293701,2.9108810424804688,2.9442901611328125,2.68121337890625,2.754720449447632,2.5364179611206055,2.311612129211426,2.242292881011963,2.212622880935669,2.105828285217285,2.2251944541931152,2.0193302631378174,2.302565813064575,2.2266480922698975,2.3628129959106445
A11,2.401754856109619,2.4807374477386475,2.2947685718536377,1.944760799407959,1.943397879600525,1.5792299509048462,1.2478049993515015,0.9819860458374023,0.6210142970085144,0.3841910660266876,0.0,0.3961300253868103,0.66091388463974,0.8736554384231567,1.184259057044983,2.114866018295288,2.3541653156280518,2.3278727531433105,1.9877212047576904,2.0536370277404785,1.713897943496704,1.3657400608062744,1.1688398122787476,0.846653401851654,0.7093477845191956,0.5421507954597473,0.5685338377952576,0.9093628525733948,0.982494056224823,1.3054180145263672,2.2592933177948,2.4991745948791504,2.497868537902832,2.1794652938842773,2.258676290512085,1.956623911857605,1.6213613748550415,1.4959837198257446,1.2535008192062378,1.172707200050354,1.085601806640625,0.9668755531311035,1.2747776508331299,1.2690833806991577,1.5680627822875977,2.4839227199554443,2.718712329864502,2.7303812503814697,2.438702344894409,2.5340216159820557,2.2718968391418457,1.9762554168701172,1.8984622955322266,1.7539678812026978,1.685652256011963,1.6979998350143433,1.4894332885742188,1.723043441772461,1.6415005922317505,1.9109346866607666,2.7857372760772705,2.997609853744507,3.0672519207000732,2.8110530376434326,2.9301130771636963,2.7155306339263916,2.4617788791656494,2.4234561920166016,2.3535144329071045,2.2695701122283936,2.3396520614624023,2.1218419075012207,2.3790478706359863,2.253777265548706,2.3255367279052734
A12,2.7774763107299805,2.857943058013916,2.6786181926727295,2.3214612007141113,2.303208589553833,1.931276559829712,1.6149697303771973,1.3172327280044556,0.9815555810928345,0.6610080599784851,0.3961300253868103,0.0,0.4076666831970215,0.6552905440330505,1.0367306470870972,2.5036892890930176,2.7481772899627686,2.722547769546509,2.378889799118042,2.427457571029663,2.0767900943756104,1.7391048669815063,1.501301646232605,1.1825731992721558,0.9473557472229004,0.7310724258422852,0.499868243932724,0.7954800724983215,0.8430566191673279,1.2108066082000732,2.6459944248199463,2.8924806118011475,2.8862509727478027,2.5618462562561035,2.624995470046997,2.3064138889312744,1.9695062637329102,1.7974947690963745,1.5304734706878662,1.3665164709091187,1.227552890777588,0.9808207750320435,1.2256033420562744,1.1965545415878296,1.5154521465301514,2.8553082942962646,3.0998778343200684,3.103825330734253,2.801757335662842,2.884343147277832,2.600804567337036,2.293574333190918,2.1728837490081787,1.9921542406082153,1.8603379726409912,1.825522541999817,1.543111801147461,1.712605595588684,1.6120071411132812,1.8906172513961792,3.133580207824707,3.359805107116699,3.4204978942871094,3.149437189102173,3.261237144470215,3.0230607986450195,2.748342990875244,2.6784892082214355,2.567755699157715,2.444939613342285,2.467111825942993,2.2003536224365234,2.403367042541504,2.2232866287231445,2.2697560787200928
A13,3.0069985389709473,3.1135027408599854,2.9249775409698486,2.5872485637664795,2.5836572647094727,2.2169079780578613,1.8946486711502075,1.6115692853927612,1.2709343433380127,0.9699413776397705,0.66091388463974,0.4076666831970215,0.0,0.39421021938323975,0.7318089604377747,2.6614885330200195,2.932433843612671,2.9057164192199707,2.5755198001861572,2.6420722007751465,2.2884035110473633,1.934192180633545,1.6962816715240479,1.3366813659667969,1.0873911380767822,0.7614189982414246,0.4420130252838135,0.49908310174942017,0.4529270529747009,0.8312869071960449,2.7426130771636963,3.019064426422119,3.015450954437256,2.6945290565490723,2.7778823375701904,2.447739601135254,2.085811138153076,1.9077284336090088,1.5834161043167114,1.3989967107772827,1.1561293601989746,0.8466215133666992,0.9661595821380615,0.8512428402900696,1.1474950313568115,2.8973841667175293,3.1740164756774902,3.1823108196258545,2.876241445541382,2.9807145595550537,2.681525230407715,2.342522144317627,2.2175631523132324,1.974729061126709,1.8284873962402344,1.7098522186279297,1.3865537643432617,1.470571756362915,1.304848313331604,1.5509167909622192,3.1251375675201416,3.385668992996216,3.45101261138916,3.170388698577881,3.3066811561584473,3.0550506114959717,2.7474963665008545,2.6868913173675537,2.5254933834075928,2.414391279220581,2.377870559692383,2.103092908859253,2.267805814743042,2.0452253818511963,2.0265231132507324
A14,3.062831401824951,3.214423418045044,3.0671184062957764,2.738830327987671,2.78597092628479,2.4345290660858154,2.085885763168335,1.852159857749939,1.4822460412979126,1.2393077611923218,0.8736554384231567,0.6552905440330505,0.39421021938323975,0.0,0.40045908093452454,2.720848321914673,3.0259156227111816,3.049720525741577,2.744051694869995,2.8589396476745605,2.5280721187591553,2.1597795486450195,1.974669098854065,1.6052709817886353,1.4149105548858643,1.0694425106048584,0.8182021975517273,0.7884037494659424,0.5196194648742676,0.7405050992965698,2.8248305320739746,3.129387140274048,3.17399263381958,2.878904342651367,3.007042169570923,2.700233221054077,2.3313798904418945,2.202061176300049,1.8734428882598877,1.735107660293579,1.4691818952560425,1.1868088245391846,1.2368861436843872,1.0063445568084717,1.18693208694458,2.9974334239959717,3.2963669300079346,3.349914789199829,3.068967819213867,3.214297294616699,2.937659978866577,2.5936989784240723,2.5115299224853516,2.2626500129699707,2.152080774307251,2.007619857788086,1.6939624547958374,1.7302868366241455,1.4907262325286865,1.6540948152542114,3.2422263622283936,3.518186092376709,3.6237165927886963,3.3665778636932373,3.5386128425598145,3.3099238872528076,3.002913236618042,2.9801228046417236,2.819251537322998,2.7404603958129883,2.6948189735412598,2.4363279342651367,2.593701124191284,2.3559370040893555,2.288377523422241
A15,3.1794188022613525,3.367760419845581,3.2339935302734375,2.9313817024230957,3.0135977268218994,2.6802456378936768,2.3227169513702393,2.129244565963745,1.7564948797225952,1.5600999593734741,1.184259057044983,1.0367306470870972,0.7318089604377747,0.40045908093452454,0.0,2.790771961212158,3.1235992908477783,3.1707475185394287,2.893862247467041,3.045287609100342,2.732394218444824,2.3552420139312744,2.20711088180542,1.824942946434021,1.6755517721176147,1.3014558553695679,1.105665922164917,0.9580754637718201,0.5798919200897217,0.5412585139274597,2.8585219383239746,3.1912832260131836,3.262937545776367,2.9911601543426514,3.1568074226379395,2.864042282104492,2.4855430126190186,2.3900177478790283,2.0414021015167236,1.9363925457000732,1.6257485151290894,1.3743559122085571,1.331560730934143,1.0054618120193481,1.043460726737976,2.9995176792144775,3.3257274627685547,3.4076974391937256,3.1453115940093994,3.3278491497039795,3.0628936290740967,2.7058053016662598,2.655695915222168,2.3796753883361816,2.298518419265747,2.1054017543792725,1.8070132732391357,1.7805376052856445,1.4709285497665405,1.53678560256958,3.2170639038085938,3.5184829235076904,3.6503984928131104,3.407518148422241,3.6156160831451416,3.3999762535095215,3.081936836242676,3.0948939323425293,2.9150331020355225,2.874052047729492,2.8004634380340576,2.5665459632873535,2.7095439434051514,2.4608871936798096,2.3340554237365723
B1,0.6592411994934082,0.8813212513923645,0.8515685796737671,0.9125047922134399,1.254115343093872,1.3449116945266724,1.2670055627822876,1.6215910911560059,1.6820820569992065,2.0463504791259766,2.114866018295288,2.5036892890930176,2.6614885330200195,2.720848321914673,2.790771961212158,0.0,0.393510639667511,0.6918793320655823,0.77873295545578,1.175747036933899,1.3037587404251099,1.247497320175171,1.6290342807769775,1.6970957517623901,2.06620454788208,2.1507270336151123,2.5022029876708984,2.7101869583129883,2.732534646987915,2.81266713142395,0.5371496677398682,0.668490469455719,0.9760622978210449,1.0152181386947632,1.3576345443725586,1.4736658334732056,1.4323153495788574,1.7906051874160767,1.8791645765304565,2.216697931289673,2.316861152648926,2.571167469024658,2.8366503715515137,2.8270950317382812,2.9256696701049805,1.040488839149475,1.113095760345459,1.3657286167144775,1.3858157396316528,1.658692479133606,1.7606145143508911,1.7256895303726196,2.035189628601074,2.160722494125366,2.448594808578491,2.60498046875,2.736811876296997,3.036942481994629,2.9876554012298584,3.09822678565979,1.5765901803970337,1.600010871887207,1.8427644968032837,1.8595185279846191,2.0727264881134033,2.1639561653137207,2.164841413497925,2.3991587162017822,2.5856666564941406,2.7655856609344482,3.013892412185669,3.0783767700195312,3.457484722137451,3.5361883640289307,3.6390633583068848
B2,0.5688480138778687,0.6315216422080994,0.5749642848968506,0.7893906831741333,1.1051080226898193,1.3018313646316528,1.3359602689743042,1.7137770652770996,1.853880763053894,2.229179620742798,2.3541653156280518,2.7481772899627686,2.932433843612671,3.0259156227111816,3.1235992908477783,0.393510639667511,0.0,0.4157882630825043,0.652474045753479,1.006037712097168,1.242177963256836,1.302786111831665,1.70140540599823,1.8507593870162964,2.22774338722229,2.369614362716675,2.7339510917663574,2.964583396911621,3.0249135494232178,3.1305105686187744,0.6572936773300171,0.536092221736908,0.7970778346061707,0.9134165048599243,1.202912449836731,1.406247854232788,1.4679474830627441,1.8378669023513794,2.000864267349243,2.3470325469970703,2.501450300216675,2.780573606491089,3.066720962524414,3.097559928894043,3.219080686569214,1.1040602922439575,1.0388864278793335,1.243614912033081,1.3120468854904175,1.5287212133407593,1.6943918466567993,1.7437909841537476,2.058762788772583,2.2483608722686768,2.5461113452911377,2.7485272884368896,2.91383695602417,3.238673448562622,3.2303545475006104,3.36214017868042,1.6162337064743042,1.550157904624939,1.7500650882720947,1.8002817630767822,1.9587527513504028,2.0900228023529053,2.1561434268951416,2.3830490112304688,2.6198105812072754,2.8001925945281982,3.0846519470214844,3.1741182804107666,3.562443494796753,3.676680088043213,3.813645362854004
B3,0.9126105308532715,0.8082293272018433,0.5268435478210449,0.7397644519805908,0.9186640381813049,1.1357167959213257,1.249287486076355,1.5958735942840576,1.7956490516662598,2.155252456665039,2.3278727531433105,2.722547769546509,2.9057164192199707,3.049720525741577,3.1707475185394287,0.6918793320655823,0.4157882630825043,0.0,0.38190585374832153,0.6598615646362305,0.9515761137008667,1.1007970571517944,1.4914560317993164,1.7027873992919922,2.0793347358703613,2.2701120376586914,2.6515274047851562,2.8848187923431396,2.9959867000579834,3.1248035430908203,0.7140108346939087,0.4828595519065857,0.4915446639060974,0.5686544179916382,0.8025541305541992,1.050405502319336,1.1890524625778198,1.5604667663574219,1.7810505628585815,2.133359670639038,2.3327207565307617,2.6438076496124268,2.937836170196533,3.0180866718292236,3.1624090671539307,1.0300853252410889,0.9002329111099243,0.9703705310821533,0.9961888194084167,1.1490347385406494,1.3298746347427368,1.4328986406326294,1.7422139644622803,1.9782849550247192,2.2817368507385254,2.5200939178466797,2.721310615539551,3.064603328704834,3.103816032409668,3.2586863040924072,1.4780601263046265,1.3797900676727295,1.4933116436004639,1.5069936513900757,1.609009861946106,1.7323869466781616,1.8280357122421265,2.0356991291046143,2.3023080825805664,2.4786648750305176,2.786637544631958,2.897575616836548,3.2894725799560547,3.436187267303467,3.60269832611084
B4,1.0331947803497314,0.9221645593643188,0.5623831152915955,0.5515261292457581,0.6579075455665588,0.7897048592567444,0.8950724005699158,1.222639799118042,1.4392637014389038,1.7920840978622437,1.9877212047576904,2.378889799118042,2.5755198001861572,2.744051694869995,2.893862247467041,0.77873295545578,0.652474045753479,0.38190585374832153,0.0,0.3984588384628296,0.5950474143028259,0.7277758717536926,1.117515206336975,1.3437905311584473,1.7153120040893555,1.9270621538162231,2.304901123046875,2.556997776031494,2.6895716190338135,2.8497118949890137,0.8469897508621216,0.7617952227592468,0.6831060647964478,0.51194167137146,0.6777788996696472,0.8006041646003723,0.8893709182739258,1.2340350151062012,1.4557207822799683,1.7917609214782715,2.00661039352417,2.3064041137695312,2.6197779178619385,2.7182531356811523,2.894193410873413,1.1551096439361572,1.1137343645095825,1.113011121749878,1.0020828247070312,1.1073404550552368,1.1800627708435059,1.226853847503662,1.4857027530670166,1.7123513221740723,1.9839411973953247,2.2331485748291016,2.4100444316864014,2.766615390777588,2.8177337646484375,3.0034055709838867,1.5835237503051758,1.5497459173202515,1.6191163063049316,1.5414539575576782,1.6194555759429932,1.657633900642395,1.6966066360473633,1.8514151573181152,2.0940253734588623,2.2278153896331787,2.5325889587402344,2.6077306270599365,2.999420642852783,3.1315059661865234,3.3093020915985107
B5,1.3424509763717651,1.1347495317459106,0.7280678153038025,0.6821075081825256,0.5330213904380798,0.6861888766288757,0.926029622554779,1.1828168630599976,1.4776530265808105,1.7972207069396973,2.0536370277404785,2.427457571029663,2.6420722007751465,2.8589396476745605,3.045287609100342,1.175747036933899,1.006037712097168,0.6598615646362305,0.3984588384628296,0.0,0.38845887780189514,0.7108200192451477,1.0226836204528809,1.3380380868911743,1.6767455339431763,1.9526222944259644,2.3243606090545654,2.594815969467163,2.779407262802124,2.9765970706939697,1.1991236209869385,1.0637648105621338,0.8425923585891724,0.6092100739479065,0.5003369450569153,0.6116763353347778,0.8233304023742676,1.0981813669204712,1.4004740715026855,1.7073699235916138,1.984234094619751,2.293731689453125,2.6253225803375244,2.7783396244049072,2.9906370639801025,1.4134067296981812,1.3257036209106445,1.200940728187561,1.0345555543899536,0.9879629015922546,1.0322778224945068,1.1463481187820435,1.3378633260726929,1.6247782707214355,1.8675432205200195,2.1674599647521973,2.3623769283294678,2.7413389682769775,2.846306085586548,3.0681350231170654,1.7577385902404785,1.694596290588379,1.6682827472686768,1.5467475652694702,1.5260199308395386,1.5278003215789795,1.596082091331482,1.6831917762756348,1.9571747779846191,2.0518569946289062,2.3870673179626465,2.4653565883636475,2.856030225753784,3.0177981853485107,3.237813949584961
B6,1.5397024154663086,1.3861699104309082,1.0031968355178833,0.8117412328720093,0.6190213561058044,0.5241609215736389,0.6951138973236084,0.8574103116989136,1.1542794704437256,1.4434646368026733,1.713897943496704,2.0767900943756104,2.2884035110473633,2.5280721187591553,2.732394218444824,1.3037587404251099,1.242177963256836,0.9515761137008667,0.5950474143028259,0.38845887780189514,0.0,0.3795051574707031,0.6367412805557251,0.9707916378974915,1.2951383590698242,1.587589144706726,1.9538967609405518,2.231001138687134,2.43508243560791,2.6543946266174316,1.3261165618896484,1.2943676710128784,1.0901641845703125,0.7604362368583679,0.6513850092887878,0.49840572476387024,0.5648549795150757,0.7643170952796936,1.0547070503234863,1.3383277654647827,1.6241687536239624,1.9214736223220825,2.2641875743865967,2.4318573474884033,2.667876958847046,1.5207597017288208,1.5189536809921265,1.386101245880127,1.1303973197937012,1.0820101499557495,0.9816768765449524,0.9854280352592468,1.0978730916976929,1.3473478555679321,1.5483465194702148,1.8472402095794678,2.012094497680664,2.3974862098693848,2.508920192718506,2.7543394565582275,1.8392702341079712,1.8474265336990356,1.8111459016799927,1.617485523223877,1.6057627201080322,1.516132116317749,1.4976595640182495,1.5300289392471313,1.7518576383590698,1.8011852502822876,2.117589235305786,2.1528961658477783,2.5404257774353027,2.6790990829467773,2.90054988861084
B7,1.566564917564392,1.5024702548980713,1.1696175336837769,0.9115110039710999,0.8299332857131958,0.589972972869873,0.5230154991149902,0.6305699944496155,0.8400428295135498,1.1335253715515137,1.3657400608062744,1.7391048669815063,1.934192180633545,2.1597795486450195,2.3552420139312744,1.247497320175171,1.302786111831665,1.1007970571517944,0.7277758717536926,0.7108200192451477,0.3795051574707031,0.0,0.3994331955909729,0.6363538503646851,0.9948928356170654,1.2457529306411743,1.6192978620529175,1.890921711921692,2.072716236114502,2.2870171070098877,1.286775827407837,1.3654041290283203,1.2382538318634033,0.893015444278717,0.9119335412979126,0.6753220558166504,0.48729419708251953,0.6561630964279175,0.8190119862556458,1.105958342552185,1.338512659072876,1.6154648065567017,1.9568101167678833,2.0932986736297607,2.325739860534668,1.4981838464736938,1.5889089107513428,1.5146117210388184,1.235686182975769,1.2739434242248535,1.1097413301467896,0.9773672819137573,1.0723109245300293,1.218398928642273,1.4000210762023926,1.6469275951385498,1.7636163234710693,2.136272668838501,2.2080812454223633,2.4485981464385986,1.83113431930542,1.9121196269989014,1.9225857257843018,1.7066653966903687,1.762030005455017,1.6366080045700073,1.5339361429214478,1.5745558738708496,1.7221601009368896,1.7641266584396362,2.0321872234344482,2.025360345840454,2.4068984985351562,2.49837327003479,2.6851000785827637
B8,1.9373818635940552,1.8659451007843018,1.5350311994552612,1.246445894241333,1.0922898054122925,0.7724090814590454,0.6791406869888306,0.5185315608978271,0.7125493288040161,0.8896514177322388,1.1688398122787476,1.501301646232605,1.6962816715240479,1.974669098854065,2.20711088180542,1.6290342807769775,1.70140540599823,1.4914560317993164,1.117515206336975,1.0226836204528809,0.6367412805557251,0.3994331955909729,0.0,0.3867233693599701,0.6614485383033752,0.9821957349777222,1.3342112302780151,1.621995449066162,1.857066035270691,2.1153295040130615,1.651590347290039,1.7474430799484253,1.590354323387146,1.2252213954925537,1.1688748598098755,0.8410919904708862,0.5970280170440674,0.4830641746520996,0.5900435447692871,0.7768741250038147,1.0543146133422852,1.308632254600525,1.6731497049331665,1.8578617572784424,2.136282444000244,1.8118444681167603,1.9235990047454834,1.808143138885498,1.4860774278640747,1.467557430267334,1.2138261795043945,1.0246299505233765,0.9679251313209534,1.0581506490707397,1.1393860578536987,1.3970521688461304,1.4718341827392578,1.858822226524353,1.9663265943527222,2.2515084743499756,2.081543445587158,2.1909031867980957,2.1598494052886963,1.8927181959152222,1.9130375385284424,1.7133030891418457,1.5540485382080078,1.5046521425247192,1.59239661693573,1.5555510520935059,1.799736499786377,1.735884428024292,2.104156970977783,2.178168535232544,2.3858587741851807
B9,2.0628340244293213,2.0609447956085205,1.7701181173324585,1.4677830934524536,1.3908095359802246,1.0517948865890503,0.8264761567115784,0.6057999730110168,0.5582228302955627,0.652797281742096,0.846653401851654,1.1825731992721558,1.3366813659667969,1.6052709817886353,1.824942946434021,1.6970957517623901,1.8507593870162964,1.7027873992919922,1.3437905311584473,1.3380380868911743,0.9707916378974915,0.6363538503646851,0.3867233693599701,0.0,0.38133180141448975,0.6168357133865356,0.9906483292579651,1.2643405199050903,1.4770996570587158,1.73152756690979,1.717689871788025,1.890410304069519,1.789409875869751,1.4350132942199707,1.4567993879318237,1.1257877349853516,0.7910569310188293,0.6622189283370972,0.5073535442352295,0.6294236779212952,0.7826349139213562,0.9964278340339661,1.3564231395721436,1.5008063316345215,1.7775477170944214,1.8704928159713745,2.05098032951355,1.9824539422988892,1.6599962711334229,1.7070099115371704,1.4331849813461304,1.1600351333618164,1.096692442893982,1.048372507095337,1.087722659111023,1.2475450038909912,1.245261549949646,1.60434889793396,1.657456874847412,1.9363967180252075,2.131657123565674,2.2999250888824463,2.307650566101074,2.032733678817749,2.109294891357422,1.893558144569397,1.6717880964279175,1.6391735076904297,1.6451351642608643,1.6070890426635742,1.7786365747451782,1.6680219173431396,2.014418840408325,2.026754140853882,2.183736562728882
B10,2.413830518722534,2.4094491004943848,2.1239254474639893,1.803731083869934,1.695741057395935,1.3332877159118652,1.1140456199645996,0.7910736799240112,0.6699168682098389,0.522039532661438,0.7093477845191956,0.9473557472229004,1.0873911380767822,1.4149105548858643,1.6755517721176147,2.06620454788208,2.22774338722229,2.0793347358703613,1.7153120040893555,1.6767455339431763,1.2951383590698242,0.9948928356170654,0.6614485383033752,0.38133180141448975,0.0,0.3863299489021301,0.6873654723167419,0.9889011979103088,1.2613455057144165,1.5699691772460938,2.089184045791626,2.2693631649017334,2.1575920581817627,1.7967884540557861,1.7847578525543213,1.4292511940002441,1.1060374975204468,0.8643268942832947,0.632244348526001,0.5013303160667419,0.6023930311203003,0.7018836736679077,1.0948480367660522,1.2821978330612183,1.6139655113220215,2.2197518348693848,2.411097288131714,2.3250670433044434,1.9867656230926514,2.004551887512207,1.6936495304107666,1.403914213180542,1.2459115982055664,1.1250975131988525,1.0322024822235107,1.1441104412078857,1.0384451150894165,1.386444330215454,1.4582538604736328,1.7838923931121826,2.443026304244995,2.6289494037628174,2.615738868713379,2.3156535625457764,2.3724567890167236,2.1152658462524414,1.8593615293502808,1.7636659145355225,1.7035430669784546,1.5917068719863892,1.7056468725204468,1.5167839527130127,1.8228552341461182,1.7862930297851562,1.9463649988174438
B11,2.5407941341400146,2.593219757080078,2.340355157852173,2.02412748336792,1.9767171144485474,1.618953824043274,1.3412383794784546,1.0576727390289307,0.8068534731864929,0.5988245010375977,0.5421507954597473,0.7310724258422852,0.7614189982414246,1.0694425106048584,1.3014558553695679,2.1507270336151123,2.369614362716675,2.2701120376586914,1.9270621538162231,1.9526222944259644,1.587589144706726,1.2457529306411743,0.9821957349777222,0.6168357133865356,0.3863299489021301,0.0,0.39879387617111206,0.6547839641571045,0.8845526576042175,1.1868748664855957,2.166947603225708,2.4013006687164307,2.3369717597961426,1.9946163892745972,2.043241024017334,1.6990934610366821,1.3395791053771973,1.1472830772399902,0.8278395533561707,0.6920284032821655,0.5438820123672485,0.4999043941497803,0.849021315574646,0.9485960602760315,1.2723392248153687,2.2875778675079346,2.528414487838745,2.4859447479248047,2.1600735187530518,2.23347806930542,1.9266493320465088,1.5969685316085815,1.4710776805877686,1.2675663232803345,1.171451210975647,1.1564470529556274,0.9626542925834656,1.2321444749832153,1.2078882455825806,1.5091707706451416,2.500872850418091,2.7302777767181396,2.7551429271698,2.461488962173462,2.568544387817383,2.315331220626831,2.0257089138031006,1.9650160074234009,1.851721167564392,1.764623761177063,1.8092180490493774,1.5988816022872925,1.8660422563552856,1.7625735998153687,1.844827651977539
B12,2.8640999794006348,2.925433874130249,2.6908764839172363,2.357495069503784,2.305310010910034,1.9340651035308838,1.6494617462158203,1.3326635360717773,1.0501062870025635,0.7302729487419128,0.5685338377952576,0.499868243932724,0.4420130252838135,0.8182021975517273,1.105665922164917,2.5022029876708984,2.7339510917663574,2.6515274047851562,2.304901123046875,2.3243606090545654,1.9538967609405518,1.6192978620529175,1.3342112302780151,0.9906483292579651,0.6873654723167419,0.39879387617111206,0.0,0.4040074944496155,0.6568174362182617,1.0356943607330322,2.5440220832824707,2.7882332801818848,2.7336084842681885,2.391676425933838,2.4321539402008057,2.0825812816619873,1.7303283214569092,1.5086640119552612,1.190830945968628,0.9708559513092041,0.7678271532058716,0.4815217852592468,0.7530085444450378,0.8162901997566223,1.184074878692627,2.670819044113159,2.9213600158691406,2.8833606243133545,2.555995464324951,2.6217403411865234,2.30431866645813,1.97293221950531,1.8128223419189453,1.5826387405395508,1.4167433977127075,1.34317946434021,1.0445259809494019,1.22256338596344,1.1619431972503662,1.479312777519226,2.876188278198242,3.117447853088379,3.1425395011901855,2.842534065246582,2.944952964782715,2.6760241985321045,2.3725643157958984,2.2828335762023926,2.130985975265503,2.0010182857513428,1.9906185865402222,1.7201030254364014,1.9196957349777222,1.7438875436782837,1.7926318645477295
B13,3.1300621032714844,3.2161667346954346,2.979053258895874,2.666133403778076,2.630831241607666,2.270805597305298,1.983863115310669,1.6919089555740356,1.4075586795806885,1.1208581924438477,0.9093628525733948,0.7954800724983215,0.49908310174942017,0.7884037494659424,0.9580754637718201,2.7101869583129883,2.964583396911621,2.8848187923431396,2.556997776031494,2.594815969467163,2.231001138687134,1.890921711921692,1.621995449066162,1.2643405199050903,0.9889011979103088,0.6547839641571045,0.4040074944496155,0.0,0.3908051550388336,0.7302274107933044,2.6955223083496094,2.9656295776367188,2.915435314178467,2.583252191543579,2.6434900760650635,2.2910263538360596,1.9248809814453125,1.7070159912109375,1.3464943170547485,1.119598150253296,0.8023370504379272,0.4531174302101135,0.46764901280403137,0.4316626191139221,0.8110319972038269,2.7662320137023926,3.04569935798645,3.012586832046509,2.686187505722046,2.773027181625366,2.4453673362731934,2.0885565280914307,1.9273605346679688,1.6333863735198975,1.4534322023391724,1.2729586362838745,0.9233860969543457,0.972038745880127,0.8254653215408325,1.1202102899551392,2.9153523445129395,3.1896121501922607,3.2184433937072754,2.9114434719085693,3.037675619125366,2.7574148178100586,2.4227182865142822,2.3431954383850098,2.134859085083008,2.0191190242767334,1.9364832639694214,1.6592674255371094,1.8053148984909058,1.5769071578979492,1.5424877405166626
