0.000000000000000000e+00,3.986267745494842529e-01,6.873680949211120605e-01,8.415077924728393555e-01,1.219646811485290527e+00,1.430447101593017578e+00,1.451366662979125977e+00,1.847096443176269531e+00,1.964412808418273926e+00,2.352645158767700195e+00,2.472516298294067383e+00,2.852323532104492188e+00,3.077928781509399414e+00,3.136940956115722656e+00,3.254501104354858398e+00,6.877198219299316406e-01,5.816177129745483398e-01,9.292696714401245117e-01,1.059950590133666992e+00,1.367851495742797852e+00,1.565342426300048828e+00,1.599880099296569824e+00,1.976080894470214844e+00,2.107000112533569336e+00,2.469403743743896484e+00,2.590924024581909180e+00,2.936322927474975586e+00,3.189937591552734375e+00,3.219551563262939453e+00,3.336860656738281250e+00,1.163205504417419434e+00,1.097628355026245117e+00,1.384675383567810059e+00,1.456455826759338379e+00,1.698363661766052246e+00,1.850731492042541504e+00,1.872038960456848145e+00,2.207496881484985352e+00,2.337910175323486328e+00,2.668986797332763672e+00,2.794516801834106445e+00,3.071511268615722656e+00,3.358751058578491211e+00,3.361420869827270508e+00,3.498100280761718750e+00,1.673862457275390625e+00,1.616848468780517578e+00,1.855826616287231445e+00,1.888210654258728027e+00,2.083362340927124023e+00,2.195645093917846680e+00,2.198326587677001953e+00,2.499356508255004883e+00,2.621626615524291992e+00,2.913330078125000000e+00,3.055316448211669922e+00,3.246274709701538086e+00,3.566655635833740234e+00,3.560692548751831055e+00,3.719376564025878906e+00,2.238007068634033203e+00,2.164146661758422852e+00,2.383059263229370117e+00,2.404496192932128906e+00,2.565178394317626953e+00,2.657853841781616211e+00,2.670541048049926758e+00,2.896752357482910156e+00,3.071070194244384766e+00,3.277041435241699219e+00,3.488307714462280273e+00,3.544616460800170898e+00,3.860600709915161133e+00,3.817687749862670898e+00,3.990490198135375977e+00
3.986267745494842529e-01,0.000000000000000000e+00,4.067135751247406006e-01,6.429260373115539551e-01,9.536240696907043457e-01,1.239078044891357422e+00,1.357856392860412598e+00,1.751733899116516113e+00,1.941305518150329590e+00,2.328672170639038086e+00,2.507622241973876953e+00,2.886444807052612305e+00,3.138211488723754883e+00,3.241226196289062500e+00,3.397228002548217773e+00,8.956382870674133301e-01,6.445926427841186523e-01,8.276454210281372070e-01,9.365414381027221680e-01,1.147185921669006348e+00,1.388029336929321289e+00,1.503676891326904297e+00,1.869606852531433105e+00,2.065441370010375977e+00,2.423250913619995117e+00,2.601033926010131836e+00,2.952709197998046875e+00,3.233266592025756836e+00,3.308056116104125977e+00,3.464174270629882812e+00,1.301186323165893555e+00,1.141577601432800293e+00,1.322867989540100098e+00,1.370449423789978027e+00,1.526156187057495117e+00,1.701179385185241699e+00,1.783245444297790527e+00,2.100563287734985352e+00,2.286145448684692383e+00,2.609230041503906250e+00,2.786203384399414062e+00,3.072915792465209961e+00,3.386510610580444336e+00,3.433742523193359375e+00,3.607020616531372070e+00,1.777658581733703613e+00,1.656309008598327637e+00,1.815958857536315918e+00,1.826995015144348145e+00,1.948022842407226562e+00,2.069810390472412109e+00,2.119135618209838867e+00,2.396239995956420898e+00,2.566290140151977539e+00,2.847941160202026367e+00,3.035734176635742188e+00,3.235802412033081055e+00,3.579824209213256836e+00,3.616256475448608398e+00,3.808528900146484375e+00,2.317765712738037109e+00,2.197194814682006836e+00,2.354268074035644531e+00,2.359707117080688477e+00,2.459133386611938477e+00,2.550773859024047852e+00,2.597499370574951172e+00,2.793840408325195312e+00,3.004230260848999023e+00,3.195421695709228516e+00,3.442796468734741211e+00,3.512711286544799805e+00,3.853407859802246094e+00,3.850993156433105469e+00,4.053555011749267578e+00
6.873680949211120605e-01,4.067135751247406006e-01,0.000000000000000000e+00,3.880917131900787354e-01,6.313043236732482910e-01,9.388756752014160156e-01,1.112003445625305176e+00,1.491647005081176758e+00,1.723327040672302246e+00,2.102963924407958984e+00,2.312286138534545898e+00,2.695215940475463867e+00,2.935693979263305664e+00,3.079336881637573242e+00,3.247237682342529297e+00,8.538559675216674805e-01,5.804486870765686035e-01,5.491496324539184570e-01,5.736469626426696777e-01,7.407771944999694824e-01,1.001309752464294434e+00,1.164106488227844238e+00,1.531543731689453125e+00,1.766131997108459473e+00,2.128381490707397461e+00,2.338170528411865234e+00,2.705123901367187500e+00,2.982545614242553711e+00,3.095978736877441406e+00,3.267584562301635742e+00,1.156171560287475586e+00,9.754199981689453125e-01,1.048319816589355469e+00,1.027016401290893555e+00,1.137663722038269043e+00,1.304778099060058594e+00,1.412913084030151367e+00,1.726586103439331055e+00,1.943165898323059082e+00,2.269629240036010742e+00,2.475355625152587891e+00,2.781175136566162109e+00,3.098774433135986328e+00,3.180991649627685547e+00,3.370800971984863281e+00,1.588541865348815918e+00,1.458261013031005859e+00,1.546286702156066895e+00,1.502875089645385742e+00,1.584636926651000977e+00,1.685927152633666992e+00,1.746159553527832031e+00,2.010722398757934570e+00,2.202711582183837891e+00,2.483711481094360352e+00,2.695255994796752930e+00,2.911408424377441406e+00,3.263293266296386719e+00,3.330818891525268555e+00,3.539379358291625977e+00,2.102751970291137695e+00,1.980275630950927734e+00,2.086115837097167969e+00,2.048273801803588867e+00,2.116569280624389648e+00,2.183035373687744141e+00,2.230460405349731445e+00,2.407739162445068359e+00,2.629503965377807617e+00,2.814702749252319336e+00,3.077258825302124023e+00,3.159953117370605469e+00,3.512585878372192383e+00,3.536482095718383789e+00,3.753554582595825195e+00
8.415077924728393555e-01,6.429260373115539551e-01,3.880917131900787354e-01,0.000000000000000000e+00,3.973766565322875977e-01,6.038693785667419434e-01,7.404138445854187012e-01,1.125580430030822754e+00,1.355612635612487793e+00,1.734966039657592773e+00,1.954762339591979980e+00,2.331290960311889648e+00,2.591062068939208984e+00,2.741049528121948242e+00,2.933579683303833008e+00,9.247051477432250977e-01,8.066801428794860840e-01,7.719666361808776855e-01,5.792602896690368652e-01,7.100095152854919434e-01,8.194306492805480957e-01,9.053165912628173828e-01,1.244339704513549805e+00,1.459010004997253418e+00,1.805078625679016113e+00,2.015753269195556641e+00,2.367225170135498047e+00,2.665863513946533203e+00,2.780876874923706055e+00,2.978241205215454102e+00,1.265892505645751953e+00,1.186661481857299805e+00,1.237663507461547852e+00,1.098500490188598633e+00,1.182943701744079590e+00,1.232831954956054688e+00,1.262321591377258301e+00,1.526221871376037598e+00,1.708173751831054688e+00,2.005743503570556641e+00,2.203915119171142578e+00,2.481254339218139648e+00,2.815951585769653320e+00,2.896115303039550781e+00,3.110134124755859375e+00,1.710923194885253906e+00,1.651321887969970703e+00,1.721355438232421875e+00,1.597686409950256348e+00,1.666261911392211914e+00,1.678961634635925293e+00,1.671030998229980469e+00,1.884393692016601562e+00,2.038868904113769531e+00,2.282124757766723633e+00,2.481448650360107422e+00,2.658010959625244141e+00,3.019118547439575195e+00,3.080019235610961914e+00,3.310412406921386719e+00,2.229750633239746094e+00,2.160467147827148438e+00,2.252687454223632812e+00,2.153496026992797852e+00,2.216924905776977539e+00,2.216333150863647461e+00,2.207830190658569336e+00,2.339821100234985352e+00,2.525893211364746094e+00,2.668025016784667969e+00,2.917803287506103516e+00,2.956964731216430664e+00,3.305296421051025391e+00,3.321063041687011719e+00,3.558169364929199219e+00
1.219646811485290527e+00,9.536240696907043457e-01,6.313043236732482910e-01,3.973766565322875977e-01,0.000000000000000000e+00,3.819741010665893555e-01,7.010548114776611328e-01,1.004464864730834961e+00,1.320605635643005371e+00,1.663837790489196777e+00,1.945916414260864258e+00,2.303469657897949219e+00,2.577038764953613281e+00,2.777451753616333008e+00,3.005145549774169922e+00,1.263664126396179199e+00,1.116215109825134277e+00,9.434623122215270996e-01,6.780034899711608887e-01,5.591185688972473145e-01,6.210082769393920898e-01,8.134317994117736816e-01,1.079789042472839355e+00,1.370808362960815430e+00,1.685335874557495117e+00,1.958764314651489258e+00,2.303632259368896484e+00,2.621132135391235352e+00,2.788300991058349609e+00,3.023941993713378906e+00,1.509977340698242188e+00,1.396794080734252930e+00,1.329443335533142090e+00,1.124788999557495117e+00,1.069222688674926758e+00,1.078853011131286621e+00,1.159668207168579102e+00,1.356149196624755859e+00,1.593395113945007324e+00,1.859242677688598633e+00,2.113170623779296875e+00,2.390326738357543945e+00,2.745986938476562500e+00,2.877234220504760742e+00,3.128596067428588867e+00,1.883272290229797363e+00,1.796512603759765625e+00,1.775294423103332520e+00,1.600224256515502930e+00,1.572255492210388184e+00,1.550083398818969727e+00,1.571403264999389648e+00,1.722234368324279785e+00,1.917258620262145996e+00,2.128395080566406250e+00,2.373533010482788086e+00,2.549238681793212891e+00,2.929056882858276367e+00,3.037111043930053711e+00,3.302430629730224609e+00,2.348031044006347656e+00,2.259673595428466797e+00,2.280445098876953125e+00,2.140536069869995117e+00,2.133938312530517578e+00,2.099808692932128906e+00,2.105825901031494141e+00,2.180723190307617188e+00,2.389655590057373047e+00,2.497627258300781250e+00,2.778980493545532227e+00,2.822903156280517578e+00,3.190856695175170898e+00,3.250743389129638672e+00,3.519444704055786133e+00
1.430447101593017578e+00,1.239078044891357422e+00,9.388756752014160156e-01,6.038693785667419434e-01,3.819741010665893555e-01,0.000000000000000000e+00,3.753617405891418457e-01,6.242732405662536621e-01,9.569434523582458496e-01,1.286592960357666016e+00,1.582915306091308594e+00,1.932274103164672852e+00,2.211200714111328125e+00,2.425835847854614258e+00,2.671331644058227539e+00,1.368346691131591797e+00,1.324739098548889160e+00,1.167945861816406250e+00,8.196615576744079590e-01,7.166686058044433594e-01,5.424968004226684570e-01,5.810432434082031250e-01,7.664369344711303711e-01,1.033178687095642090e+00,1.325096011161804199e+00,1.602250456809997559e+00,1.934191465377807617e+00,2.264190435409545898e+00,2.438956737518310547e+00,2.695477008819580078e+00,1.600334167480468750e+00,1.570995926856994629e+00,1.500452876091003418e+00,1.221794366836547852e+00,1.169207572937011719e+00,1.047382354736328125e+00,1.017577767372131348e+00,1.137033224105834961e+00,1.321516990661621094e+00,1.550624012947082520e+00,1.793189764022827148e+00,2.043550014495849609e+00,2.410420656204223633e+00,2.542764425277709961e+00,2.813999891281127930e+00,1.957148432731628418e+00,1.937155365943908691e+00,1.909713506698608398e+00,1.674425959587097168e+00,1.652310729026794434e+00,1.540805459022521973e+00,1.479612350463867188e+00,1.570234656333923340e+00,1.711015939712524414e+00,1.878690004348754883e+00,2.103637695312500000e+00,2.239938497543334961e+00,2.623732328414916992e+00,2.725780248641967773e+00,3.008370399475097656e+00,2.408077478408813477e+00,2.374428033828735352e+00,2.389540910720825195e+00,2.198237419128417969e+00,2.199990034103393555e+00,2.101247549057006836e+00,2.043249368667602539e+00,2.075250864028930664e+00,2.235146999359130859e+00,2.300056219100952148e+00,2.558817863464355469e+00,2.558843851089477539e+00,2.917296648025512695e+00,2.967260360717773438e+00,3.250847816467285156e+00
1.451366662979125977e+00,1.357856392860412598e+00,1.112003445625305176e+00,7.404138445854187012e-01,7.010548114776611328e-01,3.753617405891418457e-01,0.000000000000000000e+00,3.980650007724761963e-01,6.304575800895690918e-01,9.986042976379394531e-01,1.251380443572998047e+00,1.616367578506469727e+00,1.891663789749145508e+00,2.079350233078002930e+00,2.316913366317749023e+00,1.310833692550659180e+00,1.377155184745788574e+00,1.295803070068359375e+00,9.388341903686523438e-01,9.628045558929443359e-01,7.247100472450256348e-01,5.349630713462829590e-01,6.879822611808776855e-01,8.168385624885559082e-01,1.113399028778076172e+00,1.328786134719848633e+00,1.654715538024902344e+00,1.982902646064758301e+00,2.120620727539062500e+00,2.368964433670043945e+00,1.566451430320739746e+00,1.628039002418518066e+00,1.616523265838623047e+00,1.326104760169982910e+00,1.357240915298461914e+00,1.180974721908569336e+00,1.027886867523193359e+00,1.130291700363159180e+00,1.203557372093200684e+00,1.419252872467041016e+00,1.594030737876892090e+00,1.814986944198608398e+00,2.174592494964599609e+00,2.264028072357177734e+00,2.525673866271972656e+00,1.939946532249450684e+00,1.992291808128356934e+00,2.012207746505737305e+00,1.765005707740783691e+00,1.807092666625976562e+00,1.656353712081909180e+00,1.511349916458129883e+00,1.597425341606140137e+00,1.653716325759887695e+00,1.804792881011962891e+00,1.968193411827087402e+00,2.065199851989746094e+00,2.435163259506225586e+00,2.491655111312866211e+00,2.763086557388305664e+00,2.405145406723022461e+00,2.429166078567504883e+00,2.482929468154907227e+00,2.278547763824462891e+00,2.331531524658203125e+00,2.207090139389038086e+00,2.089184522628784180e+00,2.127388715744018555e+00,2.226554870605468750e+00,2.279883623123168945e+00,2.490572690963745117e+00,2.446568489074707031e+00,2.777858257293701172e+00,2.782689332962036133e+00,3.054846048355102539e+00
1.847096443176269531e+00,1.751733899116516113e+00,1.491647005081176758e+00,1.125580430030822754e+00,1.004464864730834961e+00,6.242732405662536621e-01,3.980650007724761963e-01,0.000000000000000000e+00,3.823283016681671143e-01,6.642626523971557617e-01,9.856000542640686035e-01,1.316738963127136230e+00,1.605979800224304199e+00,1.841629862785339355e+00,2.118871927261352539e+00,1.665196061134338379e+00,1.752876520156860352e+00,1.637704610824584961e+00,1.260190725326538086e+00,1.213793754577636719e+00,8.867859840393066406e-01,6.462590694427490234e-01,5.370116829872131348e-01,5.954567790031433105e-01,7.889534235000610352e-01,1.043192505836486816e+00,1.335637569427490234e+00,1.691262483596801758e+00,1.868439674377441406e+00,2.162036180496215820e+00,1.865968585014343262e+00,1.951343059539794922e+00,1.896301627159118652e+00,1.564024925231933594e+00,1.541394591331481934e+00,1.281434059143066406e+00,1.075345158576965332e+00,1.033043980598449707e+00,1.043736815452575684e+00,1.162817001342773438e+00,1.341698646545410156e+00,1.514228701591491699e+00,1.896047234535217285e+00,2.014567613601684570e+00,2.317849636077880859e+00,2.183012962341308594e+00,2.261102914810180664e+00,2.240169763565063477e+00,1.947071790695190430e+00,1.950420737266540527e+00,1.730075240135192871e+00,1.540177941322326660e+00,1.527553319931030273e+00,1.537101268768310547e+00,1.607419133186340332e+00,1.761687397956848145e+00,1.802927732467651367e+00,2.180448532104492188e+00,2.254450798034667969e+00,2.560979604721069336e+00,2.598219156265258789e+00,2.649461507797241211e+00,2.667500972747802734e+00,2.417193889617919922e+00,2.443409681320190430e+00,2.259984016418457031e+00,2.100733280181884766e+00,2.070051908493041992e+00,2.126614570617675781e+00,2.114360570907592773e+00,2.309062719345092773e+00,2.218210458755493164e+00,2.541879177093505859e+00,2.558806657791137695e+00,2.860134363174438477e+00
1.964412808418273926e+00,1.941305518150329590e+00,1.723327040672302246e+00,1.355612635612487793e+00,1.320605635643005371e+00,9.569434523582458496e-01,6.304575800895690918e-01,3.823283016681671143e-01,0.000000000000000000e+00,3.898049592971801758e-01,6.283764243125915527e-01,9.862515926361083984e-01,1.273441314697265625e+00,1.476694107055664062e+00,1.751010537147521973e+00,1.730921030044555664e+00,1.896688938140869141e+00,1.838856577873229980e+00,1.476542115211486816e+00,1.507501244544982910e+00,1.182952046394348145e+00,8.620254397392272949e-01,7.410999536514282227e-01,5.689001679420471191e-01,6.877530813217163086e-01,8.048074245452880859e-01,1.067026615142822266e+00,1.420184850692749023e+00,1.545000076293945312e+00,1.833752036094665527e+00,1.935963749885559082e+00,2.090335607528686523e+00,2.082880258560180664e+00,1.758093118667602539e+00,1.798180937767028809e+00,1.522700428962707520e+00,1.245507359504699707e+00,1.193461179733276367e+00,1.076244235038757324e+00,1.151786565780639648e+00,1.218298554420471191e+00,1.329095482826232910e+00,1.691989541053771973e+00,1.750374197959899902e+00,2.042640924453735352e+00,2.251204490661621094e+00,2.388406276702880859e+00,2.407752513885498047e+00,2.116126298904418945e+00,2.172278881072998047e+00,1.933506011962890625e+00,1.684641838073730469e+00,1.670208096504211426e+00,1.591887831687927246e+00,1.635223746299743652e+00,1.705362081527709961e+00,1.688740968704223633e+00,2.036573171615600586e+00,2.050384044647216797e+00,2.341013669967651367e+00,2.664932966232299805e+00,2.766548156738281250e+00,2.818455457687377930e+00,2.563911914825439453e+00,2.634709596633911133e+00,2.436403751373291016e+00,2.229461669921875000e+00,2.207281112670898438e+00,2.201366424560546875e+00,2.176984310150146484e+00,2.311250448226928711e+00,2.170433521270751953e+00,2.452121019363403320e+00,2.414098739624023438e+00,2.698247194290161133e+00
2.352645158767700195e+00,2.328672170639038086e+00,2.102963924407958984e+00,1.734966039657592773e+00,1.663837790489196777e+00,1.286592960357666016e+00,9.986042976379394531e-01,6.642626523971557617e-01,3.898049592971801758e-01,0.000000000000000000e+00,3.879795372486114502e-01,6.583551764488220215e-01,9.682121276855468750e-01,1.226573705673217773e+00,1.548488616943359375e+00,2.099293708801269531e+00,2.275677442550659180e+00,2.200908660888671875e+00,1.831014394760131836e+00,1.828173995018005371e+00,1.474372863769531250e+00,1.158404350280761719e+00,9.216694831848144531e-01,6.706071496009826660e-01,5.475971102714538574e-01,6.015384197235107422e-01,7.484962940216064453e-01,1.138418436050415039e+00,1.292873978614807129e+00,1.633836746215820312e+00,2.269284725189208984e+00,2.438702583312988281e+00,2.407753944396972656e+00,2.064620256423950195e+00,2.075905799865722656e+00,1.760424494743347168e+00,1.463250637054443359e+00,1.313996791839599609e+00,1.126115560531616211e+00,1.069394946098327637e+00,1.082679271697998047e+00,1.084046006202697754e+00,1.453740835189819336e+00,1.523295283317565918e+00,1.856059551239013672e+00,2.541570186614990234e+00,2.698477506637573242e+00,2.693897485733032227e+00,2.377669095993041992e+00,2.411690235137939453e+00,2.130828619003295898e+00,1.853891611099243164e+00,1.763557553291320801e+00,1.630558371543884277e+00,1.584227323532104492e+00,1.612452745437622070e+00,1.509949803352355957e+00,1.841497063636779785e+00,1.853850126266479492e+00,2.172643423080444336e+00,2.911576986312866211e+00,3.037049770355224609e+00,3.066375732421875000e+00,2.782401561737060547e+00,2.837792158126831055e+00,2.597903013229370117e+00,2.357672452926635742e+00,2.281410217285156250e+00,2.225101709365844727e+00,2.137349128723144531e+00,2.233969688415527344e+00,2.034035444259643555e+00,2.285127639770507812e+00,2.243844747543334961e+00,2.548339128494262695e+00
2.472516298294067383e+00,2.507622241973876953e+00,2.312286138534545898e+00,1.954762339591979980e+00,1.945916414260864258e+00,1.582915306091308594e+00,1.251380443572998047e+00,9.856000542640686035e-01,6.283764243125915527e-01,3.879795372486114502e-01,0.000000000000000000e+00,3.942779600620269775e-01,6.596944928169250488e-01,8.589329123497009277e-01,1.169251441955566406e+00,2.172643184661865234e+00,2.406065225601196289e+00,2.375801801681518555e+00,2.027252435684204102e+00,2.084987878799438477e+00,1.743716001510620117e+00,1.391184926033020020e+00,1.197883129119873047e+00,8.669623732566833496e-01,7.347580194473266602e-01,5.490263700485229492e-01,5.935205817222595215e-01,9.284370541572570801e-01,9.815594553947448730e-01,1.303466916084289551e+00,2.332658767700195312e+00,2.555108070373535156e+00,2.564775228500366211e+00,2.237963438034057617e+00,2.304136991500854492e+00,1.991808414459228516e+00,1.657649755477905273e+00,1.533865928649902344e+00,1.271833777427673340e+00,1.206358432769775391e+00,1.088940262794494629e+00,1.018008351325988770e+00,1.321382045745849609e+00,1.294066190719604492e+00,1.593613386154174805e+00,2.592754840850830078e+00,2.797545909881591797e+00,2.830376386642456055e+00,2.525501489639282227e+00,2.609051227569580078e+00,2.326834917068481445e+00,2.013858318328857422e+00,1.943322420120239258e+00,1.746431469917297363e+00,1.696326494216918945e+00,1.635343074798583984e+00,1.487169146537780762e+00,1.760749697685241699e+00,1.691346287727355957e+00,1.972480654716491699e+00,2.953033208847045898e+00,3.121381521224975586e+00,3.184122800827026367e+00,2.905563592910766602e+00,3.004756450653076172e+00,2.763654708862304688e+00,2.490837574005126953e+00,2.437735795974731445e+00,2.331629991531372070e+00,2.250815629959106445e+00,2.285136699676513672e+00,2.050860881805419922e+00,2.247111797332763672e+00,2.138852357864379883e+00,2.408020734786987305e+00
2.852323532104492188e+00,2.886444807052612305e+00,2.695215940475463867e+00,2.331290960311889648e+00,2.303469657897949219e+00,1.932274103164672852e+00,1.616367578506469727e+00,1.316738963127136230e+00,9.862515926361083984e-01,6.583551764488220215e-01,3.942779600620269775e-01,0.000000000000000000e+00,4.093826115131378174e-01,6.404533386230468750e-01,1.022486448287963867e+00,2.562637805938720703e+00,2.799826145172119141e+00,2.767119169235229492e+00,2.414427518844604492e+00,2.452795743942260742e+00,2.099958181381225586e+00,1.757824182510375977e+00,1.521412968635559082e+00,1.193385362625122070e+00,9.593015313148498535e-01,7.314444184303283691e-01,5.194794535636901855e-01,8.175975680351257324e-01,8.422209620475769043e-01,1.210505008697509766e+00,2.716822862625122070e+00,2.945339679718017578e+00,2.946970701217651367e+00,2.613160848617553711e+00,2.661577939987182617e+00,2.332830905914306641e+00,1.998233199119567871e+00,1.826815843582153320e+00,1.542924404144287109e+00,1.391923546791076660e+00,1.228575706481933594e+00,1.024241447448730469e+00,1.276321411132812500e+00,1.224788427352905273e+00,1.543321132659912109e+00,2.958614110946655273e+00,3.173357725143432617e+00,3.195796728134155273e+00,2.880445003509521484e+00,2.949548959732055664e+00,2.647046089172363281e+00,2.325124979019165039e+00,2.209212541580200195e+00,1.983452439308166504e+00,1.867066025733947754e+00,1.765506267547607422e+00,1.533463835716247559e+00,1.755810379981994629e+00,1.664165377616882324e+00,1.952507734298706055e+00,3.293503522872924805e+00,3.476291656494140625e+00,3.527642965316772461e+00,3.234272480010986328e+00,3.323050022125244141e+00,3.058317899703979492e+00,2.768079280853271484e+00,2.678322553634643555e+00,2.536316871643066406e+00,2.406300306320190430e+00,2.401440858840942383e+00,2.114887475967407227e+00,2.261321783065795898e+00,2.138768672943115234e+00,2.412133455276489258e+00
3.077928781509399414e+00,3.138211488723754883e+00,2.935693979263305664e+00,2.591062068939208984e+00,2.577038764953613281e+00,2.211200714111328125e+00,1.891663789749145508e+00,1.605979800224304199e+00,1.273441314697265625e+00,9.682121276855468750e-01,6.596944928169250488e-01,4.093826115131378174e-01,0.000000000000000000e+00,3.938462138175964355e-01,7.223678827285766602e-01,2.713335752487182617e+00,2.977691411972045898e+00,2.940964221954345703e+00,2.600176095962524414e+00,2.655965328216552734e+00,2.300615549087524414e+00,1.944789052009582520e+00,1.705704689025878906e+00,1.341947317123413086e+00,1.090553522109985352e+00,7.590347528457641602e-01,4.460251629352569580e-01,5.140934586524963379e-01,4.493291676044464111e-01,8.316882848739624023e-01,2.805601596832275391e+00,3.065416336059570312e+00,3.063874721527099609e+00,2.733165740966796875e+00,2.800511837005615234e+00,2.460403919219970703e+00,2.103411674499511719e+00,1.921440720558166504e+00,1.584886074066162109e+00,1.404752373695373535e+00,1.142737030982971191e+00,8.669402599334716797e-01,1.001574993133544922e+00,8.715381622314453125e-01,1.170591354370117188e+00,2.989051818847656250e+00,3.237926006317138672e+00,3.260024785995483398e+00,2.942002773284912109e+00,3.030952215194702148e+00,2.713063001632690430e+00,2.363429546356201172e+00,2.236065149307250977e+00,1.953953981399536133e+00,1.812780022621154785e+00,1.630950570106506348e+00,1.353836178779602051e+00,1.497487068176269531e+00,1.343379497528076172e+00,1.602841973304748535e+00,3.270846605300903320e+00,3.490397453308105469e+00,3.543027877807617188e+00,3.240344047546386719e+00,3.349466800689697266e+00,3.068580627441406250e+00,2.746632814407348633e+00,2.655750513076782227e+00,2.459760904312133789e+00,2.321314334869384766e+00,2.251638889312744141e+00,1.934754490852355957e+00,2.018614053726196289e+00,1.845971345901489258e+00,2.090379714965820312e+00
3.136940956115722656e+00,3.241226196289062500e+00,3.079336881637573242e+00,2.741049528121948242e+00,2.777451753616333008e+00,2.425835847854614258e+00,2.079350233078002930e+00,1.841629862785339355e+00,1.476694107055664062e+00,1.226573705673217773e+00,8.589329123497009277e-01,6.404533386230468750e-01,3.938462138175964355e-01,0.000000000000000000e+00,4.021694660186767578e-01,2.779497385025024414e+00,3.077591657638549805e+00,3.090669155120849609e+00,2.772701263427734375e+00,2.876332283020019531e+00,2.542074441909790039e+00,2.172354221343994141e+00,1.985138058662414551e+00,1.612875103950500488e+00,1.420216679573059082e+00,1.070363640785217285e+00,8.250448703765869141e-01,8.091298341751098633e-01,5.278192758560180664e-01,7.495898604393005371e-01,2.895297527313232422e+00,3.184211492538452148e+00,3.229761600494384766e+00,2.923896074295043945e+00,3.035593986511230469e+00,2.716715812683105469e+00,2.351854324340820312e+00,2.217385530471801758e+00,1.876502633094787598e+00,1.742019057273864746e+00,1.456526398658752441e+00,1.208396196365356445e+00,1.271528363227844238e+00,1.029537916183471680e+00,1.213169097900390625e+00,3.096238374710083008e+00,3.369606733322143555e+00,3.435315132141113281e+00,3.141445636749267578e+00,3.271113157272338867e+00,2.973266363143920898e+00,2.617789506912231445e+00,2.532247304916381836e+00,2.241557121276855469e+00,2.134603023529052734e+00,1.924528598785400391e+00,1.661862611770629883e+00,1.756401777267456055e+00,1.527453064918518066e+00,1.706580281257629395e+00,3.393661499023437500e+00,3.633485078811645508e+00,3.725440979003906250e+00,3.444624662399291992e+00,3.590048313140869141e+00,3.328996181488037109e+00,3.003546476364135742e+00,2.949342966079711914e+00,2.746245861053466797e+00,2.636935472488403320e+00,2.544102191925048828e+00,2.231656074523925781e+00,2.280036687850952148e+00,2.052897214889526367e+00,2.240169763565063477e+00
3.254501104354858398e+00,3.397228002548217773e+00,3.247237682342529297e+00,2.933579683303833008e+00,3.005145549774169922e+00,2.671331644058227539e+00,2.316913366317749023e+00,2.118871927261352539e+00,1.751010537147521973e+00,1.548488616943359375e+00,1.169251441955566406e+00,1.022486448287963867e+00,7.223678827285766602e-01,4.021694660186767578e-01,0.000000000000000000e+00,2.847898244857788086e+00,3.175600051879882812e+00,3.210112094879150391e+00,2.919465303421020508e+00,3.060200929641723633e+00,2.743329763412475586e+00,2.365987300872802734e+00,2.213969945907592773e+00,1.831146836280822754e+00,1.677902221679687500e+00,1.299330949783325195e+00,1.103219747543334961e+00,9.600159525871276855e-01,5.712636709213256836e-01,5.304555296897888184e-01,2.925831794738769531e+00,3.246115922927856445e+00,3.314371347427368164e+00,3.031256437301635742e+00,3.180749893188476562e+00,2.874675273895263672e+00,2.500095129013061523e+00,2.396081209182739258e+00,2.036142587661743164e+00,1.929712295532226562e+00,1.599003076553344727e+00,1.375500202178955078e+00,1.337456345558166504e+00,1.001261353492736816e+00,1.042893409729003906e+00,3.090448856353759766e+00,3.395667552947998047e+00,3.485827684402465820e+00,3.210762262344360352e+00,3.377625942230224609e+00,3.089754581451416016e+00,2.721899271011352539e+00,2.663610219955444336e+00,2.345650911331176758e+00,2.260959625244140625e+00,2.000956058502197266e+00,1.754102587699890137e+00,1.777961254119873047e+00,1.475934267044067383e+00,1.560023665428161621e+00,3.355918645858764648e+00,3.627865791320800781e+00,3.744119644165039062e+00,3.476600170135498047e+00,3.657513856887817383e+00,3.405883312225341797e+00,3.066226243972778320e+00,3.042426109313964844e+00,2.811666250228881836e+00,2.729521512985229492e+00,2.592625617980957031e+00,2.287381410598754883e+00,2.286113023757934570e+00,2.000743865966796875e+00,2.119179248809814453e+00
6.877198219299316406e-01,8.956382870674133301e-01,8.538559675216674805e-01,9.247051477432250977e-01,1.263664126396179199e+00,1.368346691131591797e+00,1.310833692550659180e+00,1.665196061134338379e+00,1.730921030044555664e+00,2.099293708801269531e+00,2.172643184661865234e+00,2.562637805938720703e+00,2.713335752487182617e+00,2.779497385025024414e+00,2.847898244857788086e+00,0.000000000000000000e+00,3.979366719722747803e-01,6.904126405715942383e-01,7.808979749679565430e-01,1.182701706886291504e+00,1.312852621078491211e+00,1.267903804779052734e+00,1.651930570602416992e+00,1.729209661483764648e+00,2.106950044631958008e+00,2.186107635498046875e+00,2.554600238800048828e+00,2.746297836303710938e+00,2.775407314300537109e+00,2.847978115081787109e+00,5.315930843353271484e-01,6.562720537185668945e-01,9.811457395553588867e-01,1.016978621482849121e+00,1.362862825393676758e+00,1.467802524566650391e+00,1.421439766883850098e+00,1.786099553108215332e+00,1.868818402290344238e+00,2.224931716918945312e+00,2.309687376022338867e+00,2.614998817443847656e+00,2.856107711791992188e+00,2.850666046142578125e+00,2.947978734970092773e+00,1.062781810760498047e+00,1.116873741149902344e+00,1.389228940010070801e+00,1.387494564056396484e+00,1.666316866874694824e+00,1.741543531417846680e+00,1.684497475624084473e+00,2.017099380493164062e+00,2.092534542083740234e+00,2.410037040710449219e+00,2.512730836868286133e+00,2.730570316314697266e+00,3.019477844238281250e+00,3.001461505889892578e+00,3.125881433486938477e+00,1.639140605926513672e+00,1.643123626708984375e+00,1.887792825698852539e+00,1.875414490699768066e+00,2.099016904830932617e+00,2.164511442184448242e+00,2.126375436782836914e+00,2.384979963302612305e+00,2.518090724945068359e+00,2.751413822174072266e+00,2.925771236419677734e+00,2.995166778564453125e+00,3.289770126342773438e+00,3.228414297103881836e+00,3.370460510253906250e+00
5.816177129745483398e-01,6.445926427841186523e-01,5.804486870765686035e-01,8.066801428794860840e-01,1.116215109825134277e+00,1.324739098548889160e+00,1.377155184745788574e+00,1.752876520156860352e+00,1.896688938140869141e+00,2.275677442550659180e+00,2.406065225601196289e+00,2.799826145172119141e+00,2.977691411972045898e+00,3.077591657638549805e+00,3.175600051879882812e+00,3.979366719722747803e-01,0.000000000000000000e+00,4.152199029922485352e-01,6.567214727401733398e-01,1.012425541877746582e+00,1.249044775962829590e+00,1.320193171501159668e+00,1.719450831413269043e+00,1.877207040786743164e+00,2.261797428131103516e+00,2.399592161178588867e+00,2.779636383056640625e+00,2.996027231216430664e+00,3.063848018646240234e+00,3.165033102035522461e+00,6.650283336639404297e-01,5.280663371086120605e-01,8.106490373611450195e-01,9.195975065231323242e-01,1.210990667343139648e+00,1.402887225151062012e+00,1.458494186401367188e+00,1.833376765251159668e+00,1.992103099822998047e+00,2.354806184768676758e+00,2.496781349182128906e+00,2.821481466293334961e+00,3.085609197616577148e+00,3.121435403823852539e+00,3.244804859161376953e+00,1.138937234878540039e+00,1.052751660346984863e+00,1.276219487190246582e+00,1.317125082015991211e+00,1.538734078407287598e+00,1.678134560585021973e+00,1.706416964530944824e+00,2.044283151626586914e+00,2.189202785491943359e+00,2.515387535095214844e+00,2.671341657638549805e+00,2.913727760314941406e+00,3.224153518676757812e+00,3.248226165771484375e+00,3.395724296569824219e+00,1.689436793327331543e+00,1.601233005523681641e+00,1.804900884628295898e+00,1.824548482894897461e+00,1.996192216873168945e+00,2.104674816131591797e+00,2.133553504943847656e+00,2.389537334442138672e+00,2.579212188720703125e+00,2.820186614990234375e+00,3.038048744201660156e+00,3.140122652053833008e+00,3.461869955062866211e+00,3.442149877548217773e+00,3.603615760803222656e+00
9.292696714401245117e-01,8.276454210281372070e-01,5.491496324539184570e-01,7.719666361808776855e-01,9.434623122215270996e-01,1.167945861816406250e+00,1.295803070068359375e+00,1.637704610824584961e+00,1.838856577873229980e+00,2.200908660888671875e+00,2.375801801681518555e+00,2.767119169235229492e+00,2.940964221954345703e+00,3.090669155120849609e+00,3.210112094879150391e+00,6.904126405715942383e-01,4.152199029922485352e-01,0.000000000000000000e+00,3.873278796672821045e-01,6.689878106117248535e-01,9.607276916503906250e-01,1.119166016578674316e+00,1.507511377334594727e+00,1.725663542747497559e+00,2.107769727706909180e+00,2.294068813323974609e+00,2.687568426132202148e+00,2.905617713928222656e+00,3.024942874908447266e+00,3.150535106658935547e+00,7.226405739784240723e-01,4.740255475044250488e-01,5.088300704956054688e-01,5.726269483566284180e-01,8.101068139076232910e-01,1.046552181243896484e+00,1.178063988685607910e+00,1.553157925605773926e+00,1.770848870277404785e+00,2.136540174484252930e+00,2.326268196105957031e+00,2.675469398498535156e+00,2.947821140289306641e+00,3.034019470214843750e+00,3.182029724121093750e+00,1.069858312606811523e+00,9.153715968132019043e-01,1.008959770202636719e+00,1.000818729400634766e+00,1.158374547958374023e+00,1.311548352241516113e+00,1.392946958541870117e+00,1.725239276885986328e+00,1.921484589576721191e+00,2.251866102218627930e+00,2.451446056365966797e+00,2.720984458923339844e+00,3.044209718704223633e+00,3.116165399551391602e+00,3.287383794784545898e+00,1.560733556747436523e+00,1.432227253913879395e+00,1.551059722900390625e+00,1.532796025276184082e+00,1.648031949996948242e+00,1.750455379486083984e+00,1.810893654823303223e+00,2.050260305404663086e+00,2.276042699813842773e+00,2.517186641693115234e+00,2.767170906066894531e+00,2.897965192794799805e+00,3.240971803665161133e+00,3.264865636825561523e+00,3.447371244430541992e+00
1.059950590133666992e+00,9.365414381027221680e-01,5.736469626426696777e-01,5.792602896690368652e-01,6.780034899711608887e-01,8.196615576744079590e-01,9.388341903686523438e-01,1.260190725326538086e+00,1.476542115211486816e+00,1.831014394760131836e+00,2.027252435684204102e+00,2.414427518844604492e+00,2.600176095962524414e+00,2.772701263427734375e+00,2.919465303421020508e+00,7.808979749679565430e-01,6.567214727401733398e-01,3.873278796672821045e-01,0.000000000000000000e+00,4.035087227821350098e-01,5.987473130226135254e-01,7.376514673233032227e-01,1.126348853111267090e+00,1.356467962265014648e+00,1.734681963920593262e+00,1.940318465232849121e+00,2.331092119216918945e+00,2.567984342575073242e+00,2.707019805908203125e+00,2.863806009292602539e+00,8.621901869773864746e-01,7.601705789566040039e-01,7.058185338973999023e-01,5.205374956130981445e-01,6.848481893539428711e-01,7.911451458930969238e-01,8.690135478973388672e-01,1.220970988273620605e+00,1.436150908470153809e+00,1.788846373558044434e+00,1.992068290710449219e+00,2.330683708190917969e+00,2.624095678329467773e+00,2.726071357727050781e+00,2.905879974365234375e+00,1.205822348594665527e+00,1.135302782058715820e+00,1.162206172943115234e+00,1.019674181938171387e+00,1.125290870666503906e+00,1.165552735328674316e+00,1.183298110961914062e+00,1.467517733573913574e+00,1.648506879806518555e+00,1.950957298278808594e+00,2.157812833786010742e+00,2.403031826019287109e+00,2.743982076644897461e+00,2.826129913330078125e+00,3.028089761734008789e+00,1.683419585227966309e+00,1.611115932464599609e+00,1.684124231338500977e+00,1.575548410415649414e+00,1.660133004188537598e+00,1.676320552825927734e+00,1.681005597114562988e+00,1.864337444305419922e+00,2.067826747894287109e+00,2.266371726989746094e+00,2.518489837646484375e+00,2.615881204605102539e+00,2.966284990310668945e+00,2.996550559997558594e+00,3.208026885986328125e+00
1.367851495742797852e+00,1.147185921669006348e+00,7.407771944999694824e-01,7.100095152854919434e-01,5.591185688972473145e-01,7.166686058044433594e-01,9.628045558929443359e-01,1.213793754577636719e+00,1.507501244544982910e+00,1.828173995018005371e+00,2.084987878799438477e+00,2.452795743942260742e+00,2.655965328216552734e+00,2.876332283020019531e+00,3.060200929641723633e+00,1.182701706886291504e+00,1.012425541877746582e+00,6.689878106117248535e-01,4.035087227821350098e-01,0.000000000000000000e+00,3.857677280902862549e-01,7.122586965560913086e-01,1.021966099739074707e+00,1.340128183364868164e+00,1.684421658515930176e+00,1.956338405609130859e+00,2.338888168334960938e+00,2.596387624740600586e+00,2.788044929504394531e+00,2.984947919845581055e+00,1.221621751785278320e+00,1.069276928901672363e+00,8.715440630912780762e-01,6.243765950202941895e-01,5.114391446113586426e-01,6.043308973312377930e-01,8.043115735054016113e-01,1.083519101142883301e+00,1.380664110183715820e+00,1.701247572898864746e+00,1.970340013504028320e+00,2.310176610946655273e+00,2.625941514968872070e+00,2.782622814178466797e+00,3.001836299896240234e+00,1.473053932189941406e+00,1.355161190032958984e+00,1.259914040565490723e+00,1.062842488288879395e+00,1.014223933219909668e+00,1.026641368865966797e+00,1.111024022102355957e+00,1.324970483779907227e+00,1.572768092155456543e+00,1.844237446784973145e+00,2.110200166702270508e+00,2.359367132186889648e+00,2.721227407455444336e+00,2.856622457504272461e+00,3.095895767211914062e+00,1.870407342910766602e+00,1.762431979179382324e+00,1.741677284240722656e+00,1.591754198074340820e+00,1.576016187667846680e+00,1.561447739601135254e+00,1.601380467414855957e+00,1.719311594963073730e+00,1.964687466621398926e+00,2.130285501480102539e+00,2.426225423812866211e+00,2.536750078201293945e+00,2.911824226379394531e+00,2.994063377380371094e+00,3.239795923233032227e+00
1.565342426300048828e+00,1.388029336929321289e+00,1.001309752464294434e+00,8.194306492805480957e-01,6.210082769393920898e-01,5.424968004226684570e-01,7.247100472450256348e-01,8.867859840393066406e-01,1.182952046394348145e+00,1.474372863769531250e+00,1.743716001510620117e+00,2.099958181381225586e+00,2.300615549087524414e+00,2.542074441909790039e+00,2.743329763412475586e+00,1.312852621078491211e+00,1.249044775962829590e+00,9.607276916503906250e-01,5.987473130226135254e-01,3.857677280902862549e-01,0.000000000000000000e+00,3.798014819622039795e-01,6.380615234375000000e-01,9.728410840034484863e-01,1.303941845893859863e+00,1.591640591621398926e+00,1.968219637870788574e+00,2.234123468399047852e+00,2.443436145782470703e+00,2.663277626037597656e+00,1.356392145156860352e+00,1.305669426918029785e+00,1.123223662376403809e+00,7.856115102767944336e-01,6.699928045272827148e-01,5.055055022239685059e-01,5.571221113204956055e-01,7.604377865791320801e-01,1.040827870368957520e+00,1.339642047882080078e+00,1.616222977638244629e+00,1.942509412765502930e+00,2.272137641906738281e+00,2.440902471542358398e+00,2.684638500213623047e+00,1.593083143234252930e+00,1.557349562644958496e+00,1.455466270446777344e+00,1.178707718849182129e+00,1.125715374946594238e+00,9.987452030181884766e-01,9.696217179298400879e-01,1.102793335914611816e+00,1.305981993675231934e+00,1.537069797515869141e+00,1.798037171363830566e+00,2.016574144363403320e+00,2.389804601669311523e+00,2.529376268386840820e+00,2.792401790618896484e+00,1.971291899681091309e+00,1.928695917129516602e+00,1.896355628967285156e+00,1.679002404212951660e+00,1.664154529571533203e+00,1.559273600578308105e+00,1.517592310905456543e+00,1.573453426361083984e+00,1.769178032875061035e+00,1.884429335594177246e+00,2.166848182678222656e+00,2.234828233718872070e+00,2.608940601348876953e+00,2.689201593399047852e+00,2.956943035125732422e+00
