,A1,A2,A3,A4,A5,A6,A7,A8,A9,A10,A11,A12,A13,A14,A15,B1,B2,B3,B4,B5,B6,B7,B8,B9,B10,B11,B12,B13,B14,B15,C1,C2,C3,C4,C5,C6,C7,C8,C9,C10,C11,C12,C13,C14,C15,D1,D2,D3,D4,D5,D6,D7,D8,D9,D10,D11,D12,D13,D14,D15,E1,E2,E3,E4,E5,E6,E7,E8,E9,E10,E11,E12,E13,E14,E15
A1,0.0,0.3911585807800293,0.6146325469017029,0.8907855749130249,1.2144287824630737,1.4921929836273193,1.8394213914871216,2.0717692375183105,2.3497095108032227,2.6217429637908936,2.7516400814056396,3.0224080085754395,2.8907241821289062,3.1634879112243652,2.982924699783325,0.9316879510879517,0.7703327536582947,0.9223120212554932,1.119218349456787,1.3503857851028442,1.6452932357788086,1.929001808166504,2.21682071685791,2.428982973098755,2.7749907970428467,2.889357805252075,3.220090389251709,3.182283639907837,3.504871368408203,3.445983648300171,1.8561238050460815,1.5304186344146729,1.621552586555481,1.6459238529205322,1.7754712104797363,2.005162477493286,2.183924913406372,2.489743947982788,2.6035051345825195,2.9822702407836914,3.104548454284668,3.4591481685638428,3.481362819671631,3.8189537525177,3.8472957611083984,2.6910903453826904,2.328507423400879,2.348706007003784,2.2889673709869385,2.3414273262023926,2.519395589828491,2.604429006576538,2.903899908065796,2.915225028991699,3.293212413787842,3.4000473022460938,3.7652230262756348,3.8557841777801514,4.191988468170166,4.28814172744751,3.6834936141967773,3.288870334625244,3.21328067779541,3.0864081382751465,3.0716168880462646,3.2071547508239746,3.2166314125061035,3.4976859092712402,3.3737077713012695,3.7037525177001953,3.736436367034912,4.056488990783691,4.268491268157959,4.490767478942871,4.812992572784424
A2,0.3911585807800293,0.0,0.382874459028244,0.5674365758895874,0.9033680558204651,1.1715788841247559,1.510000467300415,1.773010015487671,2.027313232421875,2.325009822845459,2.4583404064178467,2.7527246475219727,2.636699914932251,2.9308087825775146,2.7822773456573486,1.08649480342865,0.8172685503959656,0.9719669818878174,1.0289268493652344,1.233717918395996,1.4701048135757446,1.7226572036743164,2.007960557937622,2.173009157180786,2.536837100982666,2.648516893386841,2.9922099113464355,2.97833514213562,3.3072307109832764,3.281782388687134,1.9515763521194458,1.6499992609024048,1.728930950164795,1.6639668941497803,1.7652314901351929,1.9276585578918457,2.0658836364746094,2.3474748134613037,2.4074389934539795,2.7897605895996094,2.903052568435669,3.2610690593719482,3.304569721221924,3.6389553546905518,3.6972060203552246,2.7906768321990967,2.429563045501709,2.455536127090454,2.3361475467681885,2.3734500408172607,2.4940550327301025,2.544954299926758,2.8133556842803955,2.773240566253662,3.1407294273376465,3.2338972091674805,3.592602014541626,3.7019741535186768,4.028177738189697,4.1495184898376465,3.7689502239227295,3.3783392906188965,3.3130130767822266,3.144559144973755,3.127453327178955,3.21752667427063,3.2064614295959473,3.454920768737793,3.2892532348632812,3.5975120067596436,3.603105306625366,3.902806282043457,4.114776611328125,4.3106255531311035,4.640328407287598
A3,0.6146325469017029,0.382874459028244,0.0,0.3825308084487915,0.6150408387184143,0.9413092732429504,1.2552237510681152,1.5123430490493774,1.8094075918197632,2.0795187950134277,2.2527966499328613,2.5511481761932373,2.4770421981811523,2.79193377494812,2.670908212661743,1.1138887405395508,0.7593973875045776,0.7696079015731812,0.7639285922050476,0.8885200023651123,1.145966649055481,1.3739737272262573,1.6847950220108032,1.8737486600875854,2.233483076095581,2.3802523612976074,2.7330360412597656,2.7489099502563477,3.097227096557617,3.0937247276306152,1.8394347429275513,1.5210169553756714,1.5248891115188599,1.4099472761154175,1.452022671699524,1.6030110120773315,1.709470272064209,2.004150390625,2.0721983909606934,2.4555721282958984,2.596468210220337,2.9640440940856934,3.031421422958374,3.3807055950164795,3.455765724182129,2.6159441471099854,2.2438769340515137,2.2292752265930176,2.0722134113311768,2.0700528621673584,2.17142391204834,2.193074941635132,2.4627795219421387,2.4210503101348877,2.788459539413452,2.902141809463501,3.2676312923431396,3.3954718112945557,3.732252836227417,3.8674609661102295,3.5306625366210938,3.144010066986084,3.0580551624298096,2.8646528720855713,2.824528694152832,2.894493579864502,2.861071825027466,3.1019270420074463,2.9288485050201416,3.232717990875244,3.2485499382019043,3.5468146800994873,3.7717483043670654,3.9688796997070312,4.30522346496582
A4,0.8907855749130249,0.5674365758895874,0.3825308084487915,0.0,0.385673850774765,0.606963574886322,0.9576349854469299,1.2055835723876953,1.4693349599838257,1.760169267654419,1.9095501899719238,2.2149176597595215,2.1334195137023926,2.454045534133911,2.348832368850708,1.1910767555236816,0.8214636445045471,0.8928694128990173,0.7253977060317993,0.8673786520957947,0.9936215281486511,1.218766689300537,1.4819351434707642,1.6151994466781616,1.9849510192871094,2.0981853008270264,2.450598955154419,2.464324951171875,2.8057923316955566,2.8178536891937256,1.8289759159088135,1.5696243047714233,1.6067615747451782,1.4194912910461426,1.4800467491149902,1.5407828092575073,1.6384116411209106,1.8773378133773804,1.8880136013031006,2.2680466175079346,2.3702521324157715,2.7289392948150635,2.792185068130493,3.1270320415496826,3.214597702026367,2.611257314682007,2.260607957839966,2.285857677459717,2.0875420570373535,2.1089248657226562,2.149416208267212,2.1695916652679443,2.3909952640533447,2.2996952533721924,2.6533191204071045,2.7264580726623535,3.0765292644500732,3.1991539001464844,3.5168912410736084,3.6602697372436523,3.5337462425231934,3.156205654144287,3.1060335636138916,2.8848049640655518,2.8718016147613525,2.9013447761535645,2.8770828247070312,3.0808639526367188,2.872812509536743,3.157445192337036,3.1286203861236572,3.410552978515625,3.614177942276001,3.790499448776245,4.121479034423828
A5,1.2144287824630737,0.9033680558204651,0.6150408387184143,0.385673850774765,0.0,0.390967458486557,0.64328533411026,0.9340909123420715,1.2291861772537231,1.5068459510803223,1.7136017084121704,2.0413193702697754,2.0257134437561035,2.3775506019592285,2.3271090984344482,1.4783644676208496,1.0899057388305664,1.0442330837249756,0.7878931164741516,0.7555748224258423,0.8090158700942993,0.9274292588233948,1.2189123630523682,1.3307632207870483,1.7090461254119873,1.867734670639038,2.238243579864502,2.307746171951294,2.6698756217956543,2.7285077571868896,1.9681463241577148,1.7157405614852905,1.6785831451416016,1.4265880584716797,1.3972495794296265,1.3948113918304443,1.407860517501831,1.6355271339416504,1.6084879636764526,1.9869346618652344,2.1191465854644775,2.4888901710510254,2.5976133346557617,2.9435553550720215,3.0690975189208984,2.6627423763275146,2.3136775493621826,2.297849655151367,2.0484347343444824,2.0156095027923584,2.004112958908081,1.9638675451278687,2.1617069244384766,2.0336499214172363,2.3732705116271973,2.464684247970581,2.8155322074890137,2.97428822517395,3.29542875289917,3.470254421234131,3.4956939220428467,3.1304361820220947,3.0610058307647705,2.8038783073425293,2.7616515159606934,2.748863697052002,2.685269594192505,2.860114097595215,2.6226646900177,2.8835973739624023,2.8534209728240967,3.1167497634887695,3.3377702236175537,3.496283531188965,3.840271472930908
A6,1.4921929836273193,1.1715788841247559,0.9413092732429504,0.606963574886322,0.390967458486557,0.0,0.3896940052509308,0.6099703907966614,0.8691583871841431,1.1634092330932617,1.3386704921722412,1.669325828552246,1.6482263803482056,2.0055747032165527,1.9758650064468384,1.5871280431747437,1.2245107889175415,1.2231886386871338,0.8868902921676636,0.8793622851371765,0.74989914894104,0.8510675430297852,1.0336922407150269,1.0663187503814697,1.4468413591384888,1.5552036762237549,1.9200078248977661,1.9822964668273926,2.3345143795013428,2.4080827236175537,1.9538370370864868,1.7709078788757324,1.7671178579330444,1.4666023254394531,1.4666534662246704,1.3682384490966797,1.3824025392532349,1.5245375633239746,1.4321316480636597,1.7948012351989746,1.8708866834640503,2.2237181663513184,2.3200056552886963,2.646775245666504,2.781022310256958,2.624624729156494,2.3081626892089844,2.3350114822387695,2.056554079055786,2.0569210052490234,1.9852577447891235,1.9566848278045654,2.0934338569641113,1.9181320667266846,2.2352864742279053,2.271900177001953,2.6000494956970215,2.7436907291412354,3.0410985946655273,3.218320608139038,3.451923370361328,3.1017370223999023,3.0733675956726074,2.796210289001465,2.789052724838257,2.7387871742248535,2.695770502090454,2.830249071121216,2.5649964809417725,2.8044497966766357,2.7226133346557617,2.9691390991210938,3.158133029937744,3.2980942726135254,3.6298093795776367
A7,1.8394213914871216,1.510000467300415,1.2552237510681152,0.9576349854469299,0.64328533411026,0.3896940052509308,0.0,0.401699960231781,0.6355957984924316,0.9273573756217957,1.1718536615371704,1.5331496000289917,1.5982112884521484,1.9816198348999023,2.025437593460083,1.9575018882751465,1.5911835432052612,1.5402158498764038,1.1897976398468018,1.0753662586212158,0.8685474395751953,0.7887678742408752,0.9328187704086304,0.8591066598892212,1.2412017583847046,1.388936161994934,1.7665947675704956,1.9010552167892456,2.262288808822632,2.3967537879943848,2.2374179363250732,2.0688841342926025,2.0186967849731445,1.6839231252670288,1.6137579679489136,1.4472285509109497,1.3616703748703003,1.4499443769454956,1.2754325866699219,1.6120364665985107,1.7039024829864502,2.055450439453125,2.207166910171509,2.5313711166381836,2.714672565460205,2.82456374168396,2.5214104652404785,2.519397258758545,2.2033562660217285,2.1583967208862305,2.027801036834717,1.9349002838134766,2.0218260288238525,1.7878068685531616,2.0663564205169678,2.106642007827759,2.419682741165161,2.6048285961151123,2.891655206680298,3.1081039905548096,3.5583996772766113,3.2276785373687744,3.1882832050323486,2.8800151348114014,2.8494701385498047,2.7505390644073486,2.6685943603515625,2.758065700531006,2.4552555084228516,2.6521778106689453,2.55373477935791,2.7638068199157715,2.9638733863830566,3.0686113834381104,3.4119887351989746
A8,2.0717692375183105,1.773010015487671,1.5123430490493774,1.2055835723876953,0.9340909123420715,0.6099703907966614,0.401699960231781,0.0,0.3840644359588623,0.5744128227233887,0.8255547881126404,1.1636285781860352,1.252984881401062,1.6374225616455078,1.7037055492401123,2.0134694576263428,1.6800843477249146,1.61953604221344,1.2381306886672974,1.122815489768982,0.7963245511054993,0.6940584778785706,0.6615288257598877,0.5091519355773926,0.8819217681884766,0.9928650259971619,1.3684808015823364,1.5012964010238647,1.8653514385223389,2.010986804962158,2.1183736324310303,2.011538505554199,1.9633458852767944,1.5976333618164062,1.5392825603485107,1.2909773588180542,1.2117995023727417,1.2042886018753052,0.9842643737792969,1.2972513437271118,1.337079405784607,1.676796317100525,1.8139234781265259,2.132202625274658,2.317256212234497,2.6247243881225586,2.3579533100128174,2.3782525062561035,2.0402488708496094,2.018947124481201,1.8349465131759644,1.7605395317077637,1.7881903648376465,1.5278263092041016,1.7863097190856934,1.7755463123321533,2.072723865509033,2.2361631393432617,2.511483669281006,2.722292184829712,3.313044309616089,3.002664566040039,2.9949424266815186,2.6721699237823486,2.6722469329833984,2.541651487350464,2.4856607913970947,2.540861129760742,2.2266292572021484,2.4109885692596436,2.270629405975342,2.477628707885742,2.6443593502044678,2.7507858276367188,3.0784668922424316
A9,2.3497095108032227,2.027313232421875,1.8094075918197632,1.4693349599838257,1.2291861772537231,0.8691583871841431,0.6355957984924316,0.3840644359588623,0.0,0.38312408328056335,0.5612912178039551,0.9420635104179382,1.0568205118179321,1.4474704265594482,1.5746103525161743,2.2879388332366943,1.972457766532898,1.9574244022369385,1.5757912397384644,1.4974541664123535,1.1646320819854736,1.0608327388763428,0.9489644765853882,0.6608548760414124,0.9392328262329102,0.9481493234634399,1.2864820957183838,1.430989146232605,1.7580344676971436,1.9434715509414673,2.3805882930755615,2.313237428665161,2.2982122898101807,1.9328666925430298,1.8985052108764648,1.6263245344161987,1.5449607372283936,1.4708791971206665,1.1870983839035034,1.424851894378662,1.3871163129806519,1.672979712486267,1.8075894117355347,2.077946424484253,2.2878174781799316,2.877382278442383,2.6399314403533936,2.691105842590332,2.351226568222046,2.350088596343994,2.1379666328430176,2.065009355545044,2.039747476577759,1.7400074005126953,1.941856026649475,1.872341275215149,2.1172235012054443,2.2726199626922607,2.500621795654297,2.724266767501831,3.5534660816192627,3.2610645294189453,3.2826268672943115,2.9538633823394775,2.974522590637207,2.818678379058838,2.7699146270751953,2.786377429962158,2.4520556926727295,2.5961456298828125,2.408423900604248,2.5726089477539062,2.7053070068359375,2.767364740371704,3.079580783843994
A10,2.6217429637908936,2.325009822845459,2.0795187950134277,1.760169267654419,1.5068459510803223,1.1634092330932617,0.9273573756217957,0.5744128227233887,0.38312408328056335,0.0,0.3660796582698822,0.6858397126197815,0.9144845604896545,1.2921462059020996,1.4735337495803833,2.4657115936279297,2.1691782474517822,2.1169230937957764,1.7316949367523193,1.6175802946090698,1.2424317598342896,1.0884475708007812,0.8535869121551514,0.4893604516983032,0.6254744529724121,0.595657467842102,0.92667555809021,1.1263421773910522,1.4599058628082275,1.6878747940063477,2.409306287765503,2.3806827068328857,2.338970422744751,1.9587618112564087,1.9017114639282227,1.5740721225738525,1.464982271194458,1.3002495765686035,0.9698311686515808,1.1301249265670776,1.0444388389587402,1.3054494857788086,1.4593769311904907,1.7243854999542236,1.9606447219848633,2.790724754333496,2.587876558303833,2.6324002742767334,2.2741341590881348,2.2662854194641113,2.003366470336914,1.9203619956970215,1.8295073509216309,1.5012338161468506,1.6536478996276855,1.5422697067260742,1.7590510845184326,1.914446473121643,2.12931752204895,2.3657588958740234,3.3686130046844482,3.1049065589904785,3.1387948989868164,2.7941765785217285,2.8233304023742676,2.628984212875366,2.584017515182495,2.556492805480957,2.2097244262695312,2.3224940299987793,2.0998036861419678,2.2443017959594727,2.352836847305298,2.405470132827759,2.7081515789031982
A11,2.7516400814056396,2.4583404064178467,2.2527966499328613,1.9095501899719238,1.7136017084121704,1.3386704921722412,1.1718536615371704,0.8255547881126404,0.5612912178039551,0.3660796582698822,0.0,0.3847893178462982,0.5798519849777222,0.9544670581817627,1.165471076965332,2.522610664367676,2.2626802921295166,2.2601943016052246,1.8797931671142578,1.8293992280960083,1.4512512683868408,1.371842384338379,1.109441876411438,0.7921380400657654,0.8473425507545471,0.6386454701423645,0.8598304390907288,0.9689996242523193,1.2465720176696777,1.4673717021942139,2.4272379875183105,2.4493772983551025,2.4587738513946533,2.091289520263672,2.0924925804138184,1.76481032371521,1.7166211605072021,1.5278513431549072,1.223665714263916,1.3407528400421143,1.1576690673828125,1.3423340320587158,1.416500210762024,1.6224589347839355,1.8337715864181519,2.811018943786621,2.6421163082122803,2.7380521297454834,2.396986961364746,2.4412167072296143,2.1802749633789062,2.148165464401245,2.039491891860962,1.7277125120162964,1.8601689338684082,1.6832797527313232,1.8530104160308838,1.9453076124191284,2.113945484161377,2.318866729736328,3.419448137283325,3.167278289794922,3.245593786239624,2.914275646209717,2.9869000911712646,2.7970075607299805,2.7941887378692627,2.75917649269104,2.4257099628448486,2.5355076789855957,2.279304265975952,2.4157767295837402,2.47045636177063,2.5155205726623535,2.7812814712524414
A12,3.0224080085754395,2.7527246475219727,2.5511481761932373,2.2149176597595215,2.0413193702697754,1.669325828552246,1.5331496000289917,1.1636285781860352,0.9420635104179382,0.6858397126197815,0.3847893178462982,0.0,0.3891378939151764,0.672046959400177,0.9531821608543396,2.6918790340423584,2.4706737995147705,2.4699950218200684,2.1009206771850586,2.0647835731506348,1.6776074171066284,1.617142915725708,1.2978477478027344,1.0193244218826294,0.9387257695198059,0.6050729155540466,0.6390708088874817,0.6770839691162109,0.8899465203285217,1.1389750242233276,2.4696431159973145,2.549204111099243,2.5704610347747803,2.2124783992767334,2.234748125076294,1.8865265846252441,1.8639934062957764,1.617447853088379,1.3330618143081665,1.3635481595993042,1.0877774953842163,1.1699329614639282,1.1729294061660767,1.3146759271621704,1.5157499313354492,2.759739875793457,2.6424849033355713,2.7649905681610107,2.432100296020508,2.505650758743286,2.221820592880249,2.221261978149414,2.0642130374908447,1.7647199630737305,1.8481662273406982,1.601928472518921,1.7093144655227661,1.7398701906204224,1.8594144582748413,2.038473129272461,3.307461977005005,3.0874886512756348,3.204106330871582,2.8778152465820312,2.985821008682251,2.7785704135894775,2.8101963996887207,2.7442679405212402,2.4235777854919434,2.512342691421509,2.217766284942627,2.337691068649292,2.3324832916259766,2.3731157779693604,2.597210645675659
A13,2.8907241821289062,2.636699914932251,2.4770421981811523,2.1334195137023926,2.0257134437561035,1.6482263803482056,1.5982112884521484,1.252984881401062,1.0568205118179321,0.9144845604896545,0.5798519849777222,0.3891378939151764,0.0,0.39166221022605896,0.5984178781509399,2.500054121017456,2.3178601264953613,2.3692657947540283,2.0191352367401123,2.054161548614502,1.6896967887878418,1.7175548076629639,1.425794005393982,1.214312195777893,1.2033482789993286,0.8740220069885254,0.9060648679733276,0.7686527967453003,0.9204683899879456,1.0469738245010376,2.2857611179351807,2.3962903022766113,2.475428581237793,2.1444172859191895,2.232872486114502,1.9188705682754517,1.971166968345642,1.7627646923065186,1.5376975536346436,1.6184639930725098,1.3441400527954102,1.4323097467422485,1.3463531732559204,1.4684903621673584,1.5823079347610474,2.634718418121338,2.528317928314209,2.701096296310425,2.400813102722168,2.5284087657928467,2.284663200378418,2.3430335521698,2.2248528003692627,1.9712775945663452,2.098217487335205,1.8531140089035034,1.9767181873321533,1.9525158405303955,2.07177472114563,2.1915199756622314,3.2809650897979736,3.0482938289642334,3.1952898502349854,2.8973875045776367,3.040508270263672,2.8725225925445557,2.9452524185180664,2.916182041168213,2.6253960132598877,2.7535016536712646,2.4729678630828857,2.6271562576293945,2.609462022781372,2.681887626647949,2.887843370437622
A14,3.1634879112243652,2.9308087825775146,2.79193377494812,2.454045534133911,2.3775506019592285,2.0055747032165527,1.9816198348999023,1.6374225616455078,1.4474704265594482,1.2921462059020996,0.9544670581817627,0.672046959400177,0.39166221022605896,0.0,0.37988942861557007,2.693143844604492,2.557462692260742,2.6289749145507812,2.300741195678711,2.3637824058532715,2.00919771194458,2.0622923374176025,1.7547417879104614,1.5703508853912354,1.508416771888733,1.1493369340896606,1.0599561929702759,0.8144727945327759,0.7907829284667969,0.8485879302024841,2.3929877281188965,2.5595967769622803,2.668489933013916,2.363112449645996,2.4842638969421387,2.1751322746276855,2.259303569793701,2.0294010639190674,1.8328602313995361,1.8674103021621704,1.5498905181884766,1.554696798324585,1.3851256370544434,1.4131838083267212,1.464083194732666,2.676151990890503,2.623581647872925,2.8345820903778076,2.5604493618011475,2.725193500518799,2.4825010299682617,2.5775930881500244,2.4373414516448975,2.209052324295044,2.3061330318450928,2.0194077491760254,2.089704990386963,1.997253656387329,2.0590407848358154,2.1254723072052,3.2942428588867188,3.090937614440918,3.2815632820129395,3.003960371017456,3.185760259628296,3.0189645290374756,3.1293413639068604,3.086125612258911,2.8178696632385254,2.9355146884918213,2.6340019702911377,2.776780366897583,2.7063374519348145,2.7768449783325195,2.9352824687957764
A15,2.982924699783325,2.7822773456573486,2.670908212661743,2.348832368850708,2.3271090984344482,1.9758650064468384,2.025437593460083,1.7037055492401123,1.5746103525161743,1.4735337495803833,1.165471076965332,0.9531821608543396,0.5984178781509399,0.37988942861557007,0.0,2.441725254058838,2.3508644104003906,2.4534385204315186,2.1573476791381836,2.2734920978546143,1.9529345035552979,2.075901985168457,1.7969807386398315,1.6839194297790527,1.6665737628936768,1.333844542503357,1.2842687368392944,0.9751393795013428,0.9667495489120483,0.8684525489807129,2.1216728687286377,2.3171041011810303,2.469536304473877,2.1992127895355225,2.3732826709747314,2.103788375854492,2.2508366107940674,2.0596299171447754,1.9248639345169067,2.002699613571167,1.7081117630004883,1.7453731298446655,1.531767725944519,1.5855424404144287,1.5572909116744995,2.441803216934204,2.3989200592041016,2.648258686065674,2.4106991291046143,2.6191141605377197,2.4194958209991455,2.565422534942627,2.466155529022217,2.2873916625976562,2.4280343055725098,2.1608943939208984,2.2649264335632324,2.142678737640381,2.2328851222991943,2.2513458728790283,3.1454060077667236,2.927745819091797,3.137796401977539,2.8908777236938477,3.098595380783081,2.973461389541626,3.1180784702301025,3.114767074584961,2.879713773727417,3.038738965988159,2.7637939453125,2.9474029541015625,2.883368968963623,2.996283531188965,3.152855634689331
B1,0.9316879510879517,1.08649480342865,1.1138887405395508,1.1910767555236816,1.4783644676208496,1.5871280431747437,1.9575018882751465,2.0134694576263428,2.2879388332366943,2.4657115936279297,2.522610664367676,2.6918790340423584,2.500054121017456,2.693143844604492,2.441725254058838,0.0,0.3923017084598541,0.6580561995506287,0.8865677714347839,1.240971326828003,1.4530764818191528,1.8311412334442139,1.9947103261947632,2.2543399333953857,2.52341890335083,2.5629286766052246,2.822401762008667,2.6902685165405273,2.9646174907684326,2.8226940631866455,0.9776315093040466,0.7327147126197815,1.0031309127807617,1.1035232543945312,1.4041244983673096,1.6237092018127441,1.9345062971115112,2.174774408340454,2.349569082260132,2.687973737716675,2.741274118423462,3.046332597732544,2.9760568141937256,3.282874345779419,3.2324411869049072,1.86332368850708,1.5437755584716797,1.6783838272094727,1.6776021718978882,1.864414930343628,2.0567643642425537,2.266070604324341,2.5357613563537598,2.602694511413574,2.97475266456604,3.019320487976074,3.3590476512908936,3.3621022701263428,3.6801843643188477,3.7044782638549805,2.943537950515747,2.556820869445801,2.562530040740967,2.4734418392181396,2.5567479133605957,2.715465784072876,2.828507423400879,3.108227014541626,3.02832293510437,3.379988431930542,3.380772829055786,3.7271902561187744,3.8743343353271484,4.135620594024658,4.409437656402588
B2,0.7703327536582947,0.8172685503959656,0.7593973875045776,0.8214636445045471,1.0899057388305664,1.2245107889175415,1.5911835432052612,1.6800843477249146,1.972457766532898,2.1691782474517822,2.2626802921295166,2.4706737995147705,2.3178601264953613,2.557462692260742,2.3508644104003906,0.3923017084598541,0.0,0.3850139379501343,0.5489089488983154,0.9059496521949768,1.1331332921981812,1.4972381591796875,1.6980115175247192,1.9482544660568237,2.2454421520233154,2.317232370376587,2.609548330307007,2.5243759155273438,2.8305695056915283,2.737429618835449,1.1345841884613037,0.845765233039856,0.998276948928833,0.9797741770744324,1.212170124053955,1.4051823616027832,1.6693525314331055,1.9263492822647095,2.0720527172088623,2.4297468662261963,2.5079233646392822,2.836944580078125,2.810295820236206,3.1364402770996094,3.130047559738159,1.9865421056747437,1.6377235651016235,1.7171103954315186,1.6345762014389038,1.7603795528411865,1.9120519161224365,2.065833568572998,2.333927631378174,2.362856864929199,2.7389509677886963,2.800973892211914,3.1523237228393555,3.19494891166687,3.5221869945526123,3.585083246231079,3.009188413619995,2.6194605827331543,2.596059799194336,2.4546010494232178,2.4992239475250244,2.617915391921997,2.684871196746826,2.948277235031128,2.8308053016662598,3.1698129177093506,3.168588638305664,3.502650260925293,3.6723899841308594,3.914795160293579,4.209238529205322
B3,0.9223120212554932,0.9719669818878174,0.7696079015731812,0.8928694128990173,1.0442330837249756,1.2231886386871338,1.5402158498764038,1.61953604221344,1.9574244022369385,2.1169230937957764,2.2601943016052246,2.4699950218200684,2.3692657947540283,2.6289749145507812,2.4534385204315186,0.6580561995506287,0.3850139379501343,0.0,0.3856566846370697,0.6360310316085815,0.9453163146972656,1.2850146293640137,1.520275592803955,1.8196994066238403,2.101604461669922,2.2247393131256104,2.5246341228485107,2.475813627243042,2.8048741817474365,2.733031988143921,1.1253725290298462,0.7739895582199097,0.7634267807006836,0.7247487306594849,0.883080780506134,1.1309499740600586,1.3790810108184814,1.676727533340454,1.8647642135620117,2.220759391784668,2.3458759784698486,2.6873836517333984,2.6896774768829346,3.037905216217041,3.0459814071655273,1.8654612302780151,1.4879376888275146,1.484748363494873,1.3774248361587524,1.444535493850708,1.6146763563156128,1.745129942893982,2.0421478748321533,2.0995373725891113,2.4818248748779297,2.5848517417907715,2.9500069618225098,3.014975070953369,3.3624486923217773,3.437314033508301,2.80342698097229,2.411663770675659,2.3421802520751953,2.1854701042175293,2.189359426498413,2.3095932006835938,2.350588798522949,2.627474546432495,2.5221426486968994,2.867931842803955,2.8996400833129883,3.2406909465789795,3.4335944652557373,3.6873226165771484,3.9908173084259033
B4,1.119218349456787,1.0289268493652344,0.7639285922050476,0.7253977060317993,0.7878931164741516,0.8868902921676636,1.1897976398468018,1.2381306886672974,1.5757912397384644,1.7316949367523193,1.8797931671142578,2.1009206771850586,2.0191352367401123,2.300741195678711,2.1573476791381836,0.8865677714347839,0.5489089488983154,0.3856566846370697,0.0,0.3817251920700073,0.5933911800384521,0.9537150859832764,1.1711629629135132,1.4474856853485107,1.7427103519439697,1.8612467050552368,2.174438714981079,2.1454548835754395,2.4868886470794678,2.4477593898773193,1.2024201154708862,0.9329653382301331,0.9103969931602478,0.6944376230239868,0.8091733455657959,0.9258327484130859,1.143492341041565,1.404740571975708,1.5411568880081177,1.906632423400879,2.0167715549468994,2.364765167236328,2.383573532104492,2.7331631183624268,2.7700116634368896,1.909713625907898,1.5506253242492676,1.563414216041565,1.3673690557479858,1.421565294265747,1.497840166091919,1.5944793224334717,1.845357894897461,1.842037558555603,2.218327283859253,2.29823899269104,2.659322738647461,2.7380783557891846,3.0776174068450928,3.176076650619507,2.813148021697998,2.4330668449401855,2.385220766067505,2.1751835346221924,2.1854002475738525,2.2420296669006348,2.2668728828430176,2.4990806579589844,2.34334659576416,2.667288303375244,2.660900831222534,2.985182762145996,3.17175030708313,3.4031825065612793,3.711966037750244
B5,1.3503857851028442,1.233717918395996,0.8885200023651123,0.8673786520957947,0.7555748224258423,0.8793622851371765,1.0753662586212158,1.122815489768982,1.4974541664123535,1.6175802946090698,1.8293992280960083,2.0647835731506348,2.054161548614502,2.3637824058532715,2.2734920978546143,1.240971326828003,0.9059496521949768,0.6360310316085815,0.3817251920700073,0.0,0.3948361277580261,0.6627026200294495,0.9501733183860779,1.2598631381988525,1.5486935377120972,1.7357348203659058,2.0659594535827637,2.099477529525757,2.465860366821289,2.472475528717041,1.4290804862976074,1.160131573677063,1.0075099468231201,0.7266432046890259,0.6433809399604797,0.7220051884651184,0.8388751745223999,1.1453227996826172,1.2905503511428833,1.661152958869934,1.8301712274551392,2.1967670917510986,2.268744945526123,2.638979434967041,2.712935209274292,1.995741367340088,1.634271502494812,1.5658538341522217,1.312089204788208,1.2673534154891968,1.302667260169983,1.3199797868728638,1.5800496339797974,1.5654629468917847,1.9433759450912476,2.0689640045166016,2.4432640075683594,2.5654382705688477,2.9206645488739014,3.0507571697235107,2.772641897201538,2.4038047790527344,2.312572956085205,2.0650923252105713,2.0216729640960693,2.0426597595214844,2.0129024982452393,2.2334043979644775,2.058208465576172,2.372457504272461,2.3885650634765625,2.706124782562256,2.923806667327881,3.149566888809204,3.4758992195129395
B6,1.6452932357788086,1.4701048135757446,1.145966649055481,0.9936215281486511,0.8090158700942993,0.74989914894104,0.8685474395751953,0.7963245511054993,1.1646320819854736,1.2424317598342896,1.4512512683868408,1.6776074171066284,1.6896967887878418,2.00919771194458,1.9529345035552979,1.4530764818191528,1.1331332921981812,0.9453163146972656,0.5933911800384521,0.3948361277580261,0.0,0.38781604170799255,0.5852543711662292,0.8836663961410522,1.172419548034668,1.343373417854309,1.6786587238311768,1.7251880168914795,2.098395586013794,2.1335506439208984,1.4941576719284058,1.3168967962265015,1.1976085901260376,0.8374934792518616,0.762520968914032,0.6191132664680481,0.6909042596817017,0.8907398581504822,0.9629581570625305,1.3388158082962036,1.4722743034362793,1.8389825820922852,1.9162490367889404,2.282656192779541,2.3785486221313477,2.0016207695007324,1.6815705299377441,1.6525144577026367,1.340638518333435,1.3159013986587524,1.2380588054656982,1.2393568754196167,1.4136453866958618,1.3244693279266357,1.687225341796875,1.7655456066131592,2.128340244293213,2.250335454940796,2.591647148132324,2.736750364303589,2.738483428955078,2.391071319580078,2.3403828144073486,2.0535168647766113,2.039856433868408,1.9952967166900635,1.9718588590621948,2.13254714012146,1.9085699319839478,2.1942384243011475,2.153388738632202,2.4532082080841064,2.647714614868164,2.853504180908203,3.1759016513824463
B7,1.929001808166504,1.7226572036743164,1.3739737272262573,1.218766689300537,0.9274292588233948,0.8510675430297852,0.7887678742408752,0.6940584778785706,1.0608327388763428,1.0884475708007812,1.371842384338379,1.617142915725708,1.7175548076629639,2.0622923374176025,2.075901985168457,1.8311412334442139,1.4972381591796875,1.2850146293640137,0.9537150859832764,0.6627026200294495,0.38781604170799255,0.0,0.38595741987228394,0.661831796169281,0.9489003419876099,1.2065784931182861,1.5611506700515747,1.6949384212493896,2.083972215652466,2.1840291023254395,1.8409912586212158,1.6716452836990356,1.502151370048523,1.1369247436523438,0.9515016674995422,0.7269059419631958,0.5738533735275269,0.7288711071014404,0.7128937244415283,1.093776822090149,1.289133071899414,1.6723448038101196,1.8244009017944336,2.1997787952423096,2.3510732650756836,2.2461867332458496,1.9435675144195557,1.8670055866241455,1.5197147130966187,1.4150750637054443,1.261325478553772,1.1481106281280518,1.2709506750106812,1.1074961423873901,1.447286605834961,1.5604087114334106,1.9252680540084839,2.106755256652832,2.450146436691284,2.6421046257019043,2.8538992404937744,2.5310285091400146,2.454477310180664,2.132319688796997,2.074537754058838,1.970563292503357,1.8836275339126587,1.9960447549819946,1.7238109111785889,1.969375729560852,1.9262490272521973,2.1971166133880615,2.4210798740386963,2.5992159843444824,2.9430344104766846
B8,2.21682071685791,2.007960557937622,1.6847950220108032,1.4819351434707642,1.2189123630523682,1.0336922407150269,0.9328187704086304,0.6615288257598877,0.9489644765853882,0.8535869121551514,1.109441876411438,1.2978477478027344,1.425794005393982,1.7547417879104614,1.7969807386398315,1.9947103261947632,1.6980115175247192,1.520275592803955,1.1711629629135132,0.9501733183860779,0.5852543711662292,0.38595741987228394,0.0,0.3886253237724304,0.600429892539978,0.8384866714477539,1.1806896924972534,1.3203142881393433,1.7104125022888184,1.8290446996688843,1.8498533964157104,1.7605804204940796,1.61764395236969,1.2316069602966309,1.0896817445755005,0.7518508434295654,0.6161043643951416,0.5438032746315002,0.41413256525993347,0.787838339805603,0.922529399394989,1.3018649816513062,1.4448786973953247,1.8168503046035767,1.9776405096054077,2.1671528816223145,1.9154692888259888,1.877699851989746,1.5070936679840088,1.442768931388855,1.2059881687164307,1.1176425218582153,1.130614995956421,0.9037225842475891,1.2130626440048218,1.251267433166504,1.5999621152877808,1.761316180229187,2.0913801193237305,2.284194231033325,2.7224836349487305,2.4267349243164062,2.3957679271698,2.053612232208252,2.0392725467681885,1.8863576650619507,1.8323134183883667,1.8872071504592896,1.5886186361312866,1.8070424795150757,1.6974241733551025,1.9577736854553223,2.1398046016693115,2.3117728233337402,2.639616012573242
B9,2.428982973098755,2.173009157180786,1.8737486600875854,1.6151994466781616,1.3307632207870483,1.0663187503814697,0.8591066598892212,0.5091519355773926,0.6608548760414124,0.4893604516983032,0.7921380400657654,1.0193244218826294,1.214312195777893,1.5703508853912354,1.6839194297790527,2.2543399333953857,1.9482544660568237,1.8196994066238403,1.4474856853485107,1.2598631381988525,0.8836663961410522,0.661831796169281,0.3886253237724304,0.0,0.3864734470844269,0.6088306307792664,0.987760066986084,1.1935769319534302,1.577109932899475,1.7618484497070312,2.1482276916503906,2.08394718170166,1.9779096841812134,1.5909754037857056,1.474409580230713,1.1365015506744385,0.9833126068115234,0.836345911026001,0.5263981223106384,0.7946285605430603,0.8459326028823853,1.2011739015579224,1.3835136890411377,1.7228031158447266,1.9364169836044312,2.4789249897003174,2.2512917518615723,2.241835832595825,1.8708134889602661,1.8187590837478638,1.5556904077529907,1.4460535049438477,1.3869342803955078,1.0792893171310425,1.2988512516021729,1.2711106538772583,1.567509651184082,1.750441312789917,2.0363099575042725,2.2659661769866943,3.016010046005249,2.740602731704712,2.7333197593688965,2.3825552463531494,2.3787405490875244,2.1919803619384766,2.127180576324463,2.1275856494903564,1.7912989854812622,1.9452022314071655,1.7766783237457275,1.9757955074310303,2.135270357131958,2.2471847534179688,2.5750553607940674
B10,2.7749907970428467,2.536837100982666,2.233483076095581,1.9849510192871094,1.7090461254119873,1.4468413591384888,1.2412017583847046,0.8819217681884766,0.9392328262329102,0.6254744529724121,0.8473425507545471,0.9387257695198059,1.2033482789993286,1.508416771888733,1.6665737628936768,2.52341890335083,2.2454421520233154,2.101604461669922,1.7427103519439697,1.5486935377120972,1.172419548034668,0.9489003419876099,0.600429892539978,0.3864734470844269,0.0,0.3746510446071625,0.6914844512939453,0.9695499539375305,1.341037392616272,1.5673866271972656,2.2802202701568604,2.263589382171631,2.1418750286102295,1.7582340240478516,1.6304757595062256,1.251996397972107,1.080663800239563,0.8030382990837097,0.43994444608688354,0.5066366791725159,0.48080870509147644,0.8249316811561584,1.0501508712768555,1.3872957229614258,1.633500576019287,2.4770169258117676,2.298002004623413,2.285998582839966,1.9057254791259766,1.8507965803146362,1.5298209190368652,1.4116719961166382,1.2515809535980225,0.9022560119628906,1.0320740938186646,0.9338163733482361,1.1977227926254272,1.387050986289978,1.6616673469543457,1.9101506471633911,2.889068365097046,2.6532294750213623,2.6641483306884766,2.2986748218536377,2.30800724029541,2.071937084197998,2.014221429824829,1.9512182474136353,1.5986640453338623,1.7042378187179565,1.4813288450241089,1.6541357040405273,1.7805553674697876,1.8830591440200806,2.2001521587371826
B11,2.889357805252075,2.648516893386841,2.3802523612976074,2.0981853008270264,1.867734670639038,1.5552036762237549,1.388936161994934,0.9928650259971619,0.9481493234634399,0.595657467842102,0.6386454701423645,0.6050729155540466,0.8740220069885254,1.1493369340896606,1.333844542503357,2.5629286766052246,2.317232370376587,2.2247393131256104,1.8612467050552368,1.7357348203659058,1.343373417854309,1.2065784931182861,0.8384866714477539,0.6088306307792664,0.3746510446071625,0.0,0.38348352909088135,0.6323628425598145,0.9978830814361572,1.2409374713897705,2.2713544368743896,2.3113114833831787,2.2457456588745117,1.8705596923828125,1.812969446182251,1.4334139823913574,1.346524715423584,1.055859088897705,0.7561246752738953,0.7609246373176575,0.5228204727172852,0.7428534626960754,0.8661499619483948,1.1564280986785889,1.3927068710327148,2.467179298400879,2.3272831439971924,2.376101493835449,2.0128166675567627,2.0234742164611816,1.7060918807983398,1.6577285528182983,1.4794219732284546,1.1629810333251953,1.2567939758300781,1.0514256954193115,1.2381856441497803,1.3396884202957153,1.5587762594223022,1.7769224643707275,2.912951946258545,2.6910126209259033,2.7564966678619385,2.405083656311035,2.469247817993164,2.2384283542633057,2.2351737022399902,2.1622154712677,1.8299707174301147,1.927498698234558,1.657758355140686,1.8133050203323364,1.8641293048858643,1.9531446695327759,2.224961757659912
B12,3.220090389251709,2.9922099113464355,2.7330360412597656,2.450598955154419,2.238243579864502,1.9200078248977661,1.7665947675704956,1.3684808015823364,1.2864820957183838,0.92667555809021,0.8598304390907288,0.6390708088874817,0.9060648679733276,1.0599561929702759,1.2842687368392944,2.822401762008667,2.609548330307007,2.5246341228485107,2.174438714981079,2.0659594535827637,1.6786587238311768,1.5611506700515747,1.1806896924972534,0.987760066986084,0.6914844512939453,0.38348352909088135,0.0,0.3943388760089874,0.6881946325302124,0.9910914301872253,2.4268836975097656,2.5193614959716797,2.4653282165527344,2.1067988872528076,2.0678963661193848,1.6823608875274658,1.6173641681671143,1.2830380201339722,1.0272703170776367,0.9030687212944031,0.546540379524231,0.5351136326789856,0.5775124430656433,0.7982321977615356,1.0633764266967773,2.517179250717163,2.4351303577423096,2.5061535835266113,2.1565258502960205,2.191606044769287,1.8534222841262817,1.8317675590515137,1.59476900100708,1.300203800201416,1.3053398132324219,1.005050778388977,1.0797277688980103,1.1054649353027344,1.2573819160461426,1.464309573173523,2.8697073459625244,2.6911284923553467,2.795034885406494,2.449634313583374,2.547288179397583,2.2918896675109863,2.3204145431518555,2.201545476913452,1.885109305381775,1.9399874210357666,1.6197173595428467,1.7366843223571777,1.7080293893814087,1.779948353767395,2.001859188079834
B13,3.182283639907837,2.97833514213562,2.7489099502563477,2.464324951171875,2.307746171951294,1.9822964668273926,1.9010552167892456,1.5012964010238647,1.430989146232605,1.1263421773910522,0.9689996242523193,0.6770839691162109,0.7686527967453003,0.8144727945327759,0.9751393795013428,2.6902685165405273,2.5243759155273438,2.475813627243042,2.1454548835754395,2.099477529525757,1.7251880168914795,1.6949384212493896,1.3203142881393433,1.1935769319534302,0.9695499539375305,0.6323628425598145,0.3943388760089874,0.0,0.3908837139606476,0.6157951951026917,2.227782964706421,2.3737008571624756,2.369326591491699,2.0375354290008545,2.0669972896575928,1.7036134004592896,1.7271599769592285,1.4154044389724731,1.239426851272583,1.1669402122497559,0.8128345012664795,0.7733803987503052,0.5879150032997131,0.741694986820221,0.8748922348022461,2.3083341121673584,2.262981414794922,2.391472816467285,2.074396848678589,2.1771390438079834,1.8690991401672363,1.927824854850769,1.7182027101516724,1.4914517402648926,1.5371299982070923,1.2250051498413086,1.2936266660690308,1.2040258646011353,1.3306134939193726,1.437812089920044,2.721998453140259,2.545290470123291,2.6987175941467285,2.3826351165771484,2.5348381996154785,2.313847064971924,2.4048783779144287,2.3164937496185303,2.045330047607422,2.1404528617858887,1.8302215337753296,1.9830114841461182,1.9149267673492432,2.0259110927581787,2.202970504760742
