,A1,A2,A3,A4,A5,A6,A7,A8,A9,A10,A11,A12,A13,A14,A15,B1,B2,B3,B4,B5,B6,B7,B8,B9,B10,B11,B12,B13,B14,B15,C1,C2,C3,C4,C5,C6,C7,C8,C9,C10,C11,C12,C13,C14,C15,D1,D2,D3,D4,D5,D6,D7,D8,D9,D10,D11,D12,D13,D14,D15,E1,E2,E3,E4,E5,E6,E7,E8,E9,E10,E11,E12,E13,E14,E15
A1,0.0,0.38523098826408386,0.6077777147293091,0.9213356971740723,1.1787724494934082,1.4760265350341797,1.767255425453186,2.0269548892974854,2.27276349067688,2.5577292442321777,2.744112253189087,3.0581772327423096,2.9906649589538574,3.3054115772247314,3.1334967613220215,1.4728420972824097,1.1466224193572998,1.3079053163528442,1.4145779609680176,1.5439636707305908,1.8054051399230957,2.000112771987915,2.3095173835754395,2.3694562911987305,2.744452714920044,2.8277652263641357,3.2062408924102783,3.1665380001068115,3.534923791885376,3.4330241680145264,2.1369423866271973,2.1975936889648438,2.2194743156433105,2.1806600093841553,2.306922197341919,2.4604368209838867,2.5340535640716553,2.7922565937042236,2.668647527694702,3.0323002338409424,3.055513858795166,3.4319162368774414,3.4915847778320312,3.854325771331787,3.876542091369629,3.3282692432403564,3.3795056343078613,3.3122527599334717,3.094874858856201,3.2128562927246094,3.2420783042907715,3.2052066326141357,3.403327703475952,3.1696932315826416,3.483738660812378,3.4753575325012207,3.814967632293701,3.9400296211242676,4.26026725769043,4.356626510620117,4.6361775398254395,4.683271408081055,4.517152309417725,4.311882495880127,4.562743186950684,4.478784561157227,4.420828342437744,4.41222620010376,4.192994117736816,4.353488922119141,4.637221813201904,4.563601016998291,4.9249958992004395,4.991966724395752,5.282337188720703
A2,0.38523098826408386,0.0,0.400953471660614,0.5929244756698608,0.8991570472717285,1.1618218421936035,1.4624736309051514,1.7374368906021118,1.9489718675613403,2.257800579071045,2.4200916290283203,2.7483437061309814,2.675305128097534,3.0016300678253174,2.8462963104248047,1.5145117044448853,1.1715761423110962,1.3492234945297241,1.3464298248291016,1.4881867170333862,1.6751341819763184,1.8568644523620605,2.1367805004119873,2.14270281791687,2.5256519317626953,2.5747926235198975,2.957568883895874,2.9201533794403076,3.2864887714385986,3.204906463623047,2.1788601875305176,2.300490379333496,2.308847188949585,2.205787420272827,2.336275339126587,2.42716646194458,2.4776182174682617,2.6958019733428955,2.524770498275757,2.8748433589935303,2.864405870437622,3.2292635440826416,3.2952935695648193,3.6467342376708984,3.694187641143799,3.397376775741577,3.4762954711914062,3.3972835540771484,3.144449234008789,3.251633882522583,3.232889175415039,3.1748170852661133,3.334205389022827,3.0678930282592773,3.3579938411712646,3.3221943378448486,3.643012523651123,3.7761425971984863,4.077197074890137,4.194556713104248,4.671596527099609,4.74766731262207,4.576662063598633,4.345892906188965,4.578076362609863,4.461781024932861,4.389413356781006,4.3476972579956055,4.116761684417725,4.247329235076904,4.510767936706543,4.40757417678833,4.7648210525512695,4.80635929107666,5.089736461639404
A3,0.6077777147293091,0.400953471660614,0.0,0.3872159719467163,0.5755403637886047,0.8897140026092529,1.166124701499939,1.4267293214797974,1.6857664585113525,1.957963228225708,2.1625924110412598,2.4790759086608887,2.442970037460327,2.7735753059387207,2.6369175910949707,1.4055460691452026,1.0160435438156128,1.0971696376800537,1.0376996994018555,1.1232116222381592,1.309678316116333,1.4671175479888916,1.7635469436645508,1.7843444347381592,2.162395715713501,2.2433347702026367,2.6286303997039795,2.6159703731536865,2.9934802055358887,2.9272983074188232,1.9613131284713745,2.0823235511779785,2.039397716522217,1.8954230546951294,1.9942535161972046,2.068007230758667,2.094320058822632,2.3140110969543457,2.1413474082946777,2.489656925201416,2.4988605976104736,2.867051362991333,2.948911428451538,3.3081612586975098,3.3615360260009766,3.1072964668273926,3.1791744232177734,3.075847864151001,2.803847551345825,2.891127824783325,2.858280897140503,2.7861082553863525,2.9418585300445557,2.6719369888305664,2.961228370666504,2.9354186058044434,3.259324550628662,3.400301933288574,3.7082972526550293,3.8293566703796387,4.316883563995361,4.39898157119751,4.2186102867126465,3.9759740829467773,4.197868824005127,4.073383808135986,3.994950771331787,3.9496145248413086,3.716284990310669,3.8467249870300293,4.11201810836792,4.013940811157227,4.372308731079102,4.421446323394775,4.707709312438965
A4,0.9213356971740723,0.5929244756698608,0.3872159719467163,0.0,0.3802005350589752,0.5693846940994263,0.8898771405220032,1.1487010717391968,1.3586331605911255,1.6657230854034424,1.831480622291565,2.160263776779175,2.106440305709839,2.445167303085327,2.319925546646118,1.4878824949264526,1.132282018661499,1.2435616254806519,1.0681309700012207,1.1856884956359863,1.2502669095993042,1.4010909795761108,1.6355149745941162,1.5886015892028809,1.9734408855438232,1.9996669292449951,2.384860038757324,2.3621227741241455,2.7320404052734375,2.6812949180603027,2.0300748348236084,2.2162892818450928,2.1776535511016846,1.9781718254089355,2.09487247467041,2.0937066078186035,2.107196807861328,2.268077850341797,2.0453104972839355,2.3748550415039062,2.332590103149414,2.6842546463012695,2.7610294818878174,3.1030166149139404,3.178133249282837,3.1972155570983887,3.305269479751587,3.202792167663574,2.9026691913604736,2.989459991455078,2.9042158126831055,2.8213675022125244,2.9272124767303467,2.6277644634246826,2.888563632965088,2.821131944656372,3.1218061447143555,3.260510206222534,3.5431454181671143,3.680541753768921,4.382211208343506,4.497414588928223,4.3214192390441895,4.058103084564209,4.26384162902832,4.1061577796936035,4.020759105682373,3.937575340270996,3.701198101043701,3.7984635829925537,4.036888122558594,3.90537166595459,4.260881423950195,4.2778706550598145,4.558868408203125
A5,1.1787724494934082,0.8991570472717285,0.5755403637886047,0.3802005350589752,0.0,0.39041486382484436,0.59354567527771,0.8886159658432007,1.1472899913787842,1.409543752670288,1.6327706575393677,1.9620436429977417,1.9720197916030884,2.326629638671875,2.2474894523620605,1.646483063697815,1.2760149240493774,1.2745460271835327,1.0357013940811157,1.0380096435546875,1.0620540380477905,1.1249595880508423,1.3747286796569824,1.3049641847610474,1.6819275617599487,1.7484893798828125,2.1424245834350586,2.1729869842529297,2.556691884994507,2.5463931560516357,2.055358409881592,2.228515386581421,2.1269724369049072,1.8819445371627808,1.938528060913086,1.9072247743606567,1.8628931045532227,2.015908718109131,1.7699006795883179,2.0794293880462646,2.063530683517456,2.4100000858306885,2.5270915031433105,2.8737967014312744,2.9751784801483154,3.099104642868042,3.1892480850219727,3.0496408939361572,2.7275607585906982,2.7723212242126465,2.6668758392333984,2.5473406314849854,2.6430435180664062,2.326683521270752,2.569444417953491,2.5202534198760986,2.8129758834838867,2.9801440238952637,3.264914035797119,3.4235644340515137,4.169406890869141,4.287315368652344,4.091477394104004,3.8102216720581055,3.992258071899414,3.8217546939849854,3.715092658996582,3.624939203262329,3.3715403079986572,3.457911252975464,3.695702075958252,3.562556266784668,3.9112415313720703,3.9343605041503906,4.210072994232178
A6,1.4760265350341797,1.1618218421936035,0.8897140026092529,0.5693846940994263,0.39041486382484436,0.0,0.3775050640106201,0.5878200531005859,0.7975682616233826,1.096684455871582,1.275674819946289,1.6065343618392944,1.5918569564819336,1.9483245611190796,1.874495029449463,1.6905134916305542,1.3755849599838257,1.4010289907455444,1.083691120147705,1.1337268352508545,1.0171468257904053,1.0872857570648193,1.2316179275512695,1.0921878814697266,1.4697004556655884,1.463618278503418,1.851322889328003,1.8579375743865967,2.2310030460357666,2.2282631397247314,2.0588631629943848,2.2918155193328857,2.2046639919281006,1.9177042245864868,2.004098892211914,1.896883487701416,1.8577443361282349,1.9382156133651733,1.6518409252166748,1.9393978118896484,1.8570462465286255,2.184453010559082,2.280789375305176,2.6074671745300293,2.721163749694824,3.106884479522705,3.238344192504883,3.1110730171203613,2.769970178604126,2.827124834060669,2.670567512512207,2.5574421882629395,2.5971758365631104,2.2629992961883545,2.4784345626831055,2.3747363090515137,2.6442925930023193,2.7930290699005127,3.0505106449127197,3.2147176265716553,4.1629204750061035,4.316388130187988,4.135213851928711,3.840489625930786,4.012427806854248,3.811593532562256,3.7101869583129883,3.581721782684326,3.33967661857605,3.3959765434265137,3.6030945777893066,3.439039945602417,3.7888832092285156,3.7777411937713623,4.053667068481445
A7,1.767255425453186,1.4624736309051514,1.166124701499939,0.8898771405220032,0.59354567527771,0.3775050640106201,0.0,0.3989637494087219,0.6062400341033936,0.8515834212303162,1.0876498222351074,1.4311329126358032,1.501012921333313,1.8772505521774292,1.8760701417922974,2.002622127532959,1.6845778226852417,1.6440585851669312,1.3057588338851929,1.2581287622451782,1.0899614095687866,1.031473159790039,1.1440387964248657,0.9213911294937134,1.2672607898712158,1.2833583354949951,1.674424648284912,1.754773736000061,2.1311492919921875,2.1912918090820312,2.2746212482452393,2.494091510772705,2.357750654220581,2.0368826389312744,2.0623600482940674,1.916637897491455,1.8075672388076782,1.8559925556182861,1.5294513702392578,1.7641160488128662,1.695135235786438,1.9952349662780762,2.1462483406066895,2.463017225265503,2.6218981742858887,3.192765951156616,3.307870626449585,3.1448817253112793,2.7845165729522705,2.792816162109375,2.6077992916107178,2.448378324508667,2.460822820663452,2.101243019104004,2.2726399898529053,2.179988145828247,2.4204723834991455,2.6091389656066895,2.8534343242645264,3.0540170669555664,4.109634876251221,4.269161701202393,4.066834926605225,3.7509820461273193,3.8887367248535156,3.667468547821045,3.536353826522827,3.390451192855835,3.124530076980591,3.1526103019714355,3.3471567630767822,3.1669423580169678,3.5014760494232178,3.484318971633911,3.746441125869751
A8,2.0269548892974854,1.7374368906021118,1.4267293214797974,1.1487010717391968,0.8886159658432007,0.5878200531005859,0.3989637494087219,0.0,0.37587547302246094,0.5339615941047668,0.7972806096076965,1.0931708812713623,1.1716598272323608,1.5306373834609985,1.533521294593811,1.9757169485092163,1.7135632038116455,1.6524869203567505,1.2713041305541992,1.233610987663269,0.9503095746040344,0.8858159184455872,0.8669937252998352,0.5910915732383728,0.9323541522026062,0.9005842208862305,1.2912276983261108,1.3562573194503784,1.734552264213562,1.7972379922866821,2.138503074645996,2.3911404609680176,2.25297212600708,1.898206353187561,1.9379109144210815,1.7236671447753906,1.6226356029510498,1.6004308462142944,1.2529984712600708,1.469688892364502,1.3455513715744019,1.6394267082214355,1.7660335302352905,2.0769402980804443,2.233794689178467,2.990483045578003,3.1366937160491943,2.984170436859131,2.612102746963501,2.63314151763916,2.4049792289733887,2.262937307357788,2.2263145446777344,1.8651704788208008,2.0225117206573486,1.879533052444458,2.1124072074890137,2.2711009979248047,2.5038254261016846,2.6948957443237305,3.8758888244628906,4.065629959106445,3.881528854370117,3.5594124794006348,3.693580389022827,3.4511377811431885,3.3365657329559326,3.162606716156006,2.9216670989990234,2.9362330436706543,3.109307289123535,2.916365623474121,3.26177978515625,3.2259697914123535,3.5007781982421875
A9,2.27276349067688,1.9489718675613403,1.6857664585113525,1.3586331605911255,1.1472899913787842,0.7975682616233826,0.6062400341033936,0.37587547302246094,0.0,0.3849196434020996,0.4895523488521576,0.8493183851242065,0.9147558808326721,1.301463007926941,1.3565317392349243,2.2368335723876953,1.9999873638153076,1.981829047203064,1.5978667736053467,1.5971359014511108,1.296341061592102,1.2385553121566772,1.1478619575500488,0.8119825720787048,1.0614427328109741,0.9043537974357605,1.2499161958694458,1.3060507774353027,1.6457353830337524,1.7478289604187012,2.4224355220794678,2.7041373252868652,2.585935592651367,2.226482629776001,2.282010316848755,2.0390877723693848,1.9379981756210327,1.86383855342865,1.4978575706481934,1.652087688446045,1.4629257917404175,1.6924470663070679,1.8105852603912354,2.071741819381714,2.26335072517395,3.281538724899292,3.449709177017212,3.3049728870391846,2.928556203842163,2.949294090270996,2.6938130855560303,2.5475404262542725,2.4674391746520996,2.098060131072998,2.20432710647583,2.020827293395996,2.199418306350708,2.3538761138916016,2.5365848541259766,2.7500410079956055,4.132923603057861,4.344311714172363,4.1660051345825195,3.8347177505493164,3.9504234790802,3.6849451065063477,3.563025951385498,3.3575193881988525,3.116699695587158,3.091104030609131,3.2261853218078613,2.9953746795654297,3.3224096298217773,3.2444469928741455,3.5014443397521973
A10,2.5577292442321777,2.257800579071045,1.957963228225708,1.6657230854034424,1.409543752670288,1.096684455871582,0.8515834212303162,0.5339615941047668,0.3849196434020996,0.0,0.38275519013404846,0.6272270679473877,0.8383074998855591,1.1892913579940796,1.3126626014709473,2.4098877906799316,2.1903576850891113,2.115387439727783,1.7231075763702393,1.666043996810913,1.3227533102035522,1.1897363662719727,1.0110807418823242,0.6318567991256714,0.7590768933296204,0.5860558748245239,0.9164748191833496,1.0555047988891602,1.3940889835357666,1.5553609132766724,2.4726014137268066,2.744142532348633,2.5905368328094482,2.2069389820098877,2.222545623779297,1.9336680173873901,1.7925032377243042,1.6598503589630127,1.2781792879104614,1.359194278717041,1.1548998355865479,1.3441442251205444,1.4987409114837646,1.748026728630066,1.9726265668869019,3.1769304275512695,3.3415167331695557,3.178147077560425,2.7918617725372314,2.7838680744171143,2.4940383434295654,2.3295624256134033,2.2052547931671143,1.8306362628936768,1.8910373449325562,1.6904656887054443,1.8387010097503662,2.0051774978637695,2.1740543842315674,2.40714168548584,3.8966479301452637,4.123433589935303,3.9415738582611084,3.597539186477661,3.687511444091797,3.401550531387329,3.2712478637695312,3.042776584625244,2.804675340652466,2.7552545070648193,2.870467185974121,2.6273012161254883,2.9513378143310547,2.864758253097534,3.1235873699188232
A11,2.744112253189087,2.4200916290283203,2.1625924110412598,1.831480622291565,1.6327706575393677,1.275674819946289,1.0876498222351074,0.7972806096076965,0.4895523488521576,0.38275519013404846,0.0,0.3882233500480652,0.5326412916183472,0.9069352149963379,1.0727089643478394,2.5583696365356445,2.3721389770507812,2.348015785217285,1.953664779663086,1.9548537731170654,1.6015287637710571,1.5236068964004517,1.3161202669143677,0.9607598185539246,1.046143889427185,0.7533054351806641,0.9757247567176819,1.03422212600708,1.3058749437332153,1.4767576456069946,2.6549177169799805,2.961148738861084,2.843549966812134,2.4648349285125732,2.520487070083618,2.2179384231567383,2.110527992248535,1.9481775760650635,1.578031063079834,1.6365501880645752,1.3684154748916626,1.4977599382400513,1.5952355861663818,1.7841986417770386,2.015258550643921,3.4069180488586426,3.6028339862823486,3.4639270305633545,3.0814905166625977,3.0972495079040527,2.7934701442718506,2.6506989002227783,2.4991581439971924,2.1360554695129395,2.1737701892852783,1.9296321868896484,2.0358879566192627,2.1643800735473633,2.2814531326293945,2.5108792781829834,4.15226936340332,4.400149345397949,4.236652374267578,3.8944880962371826,3.983022451400757,3.684455156326294,3.5650618076324463,3.3144443035125732,3.094282865524292,3.021075487136841,3.101919412612915,2.8323490619659424,3.1421425342559814,3.0140857696533203,3.2597904205322266
A12,3.0581772327423096,2.7483437061309814,2.4790759086608887,2.160263776779175,1.9620436429977417,1.6065343618392944,1.4311329126358032,1.0931708812713623,0.8493183851242065,0.6272270679473877,0.3882233500480652,0.0,0.38574865460395813,0.6376754641532898,0.890876293182373,2.7163562774658203,2.572671413421631,2.5308594703674316,2.136338949203491,2.1346054077148438,1.750816822052002,1.6680015325546265,1.3845703601837158,1.0669106245040894,1.0259804725646973,0.6642504334449768,0.7229008674621582,0.7645683884620667,0.9665980935096741,1.1912692785263062,2.7174267768859863,3.033585786819458,2.914485216140747,2.527170419692993,2.582768440246582,2.2399797439575195,2.1385457515716553,1.9128789901733398,1.5642755031585693,1.5557643175125122,1.2336595058441162,1.28087317943573,1.3387424945831299,1.4693230390548706,1.7168000936508179,3.357281446456909,3.573495864868164,3.4436287879943848,3.0632879734039307,3.0815694332122803,2.7461981773376465,2.6196320056915283,2.4178524017333984,2.076500654220581,2.0735507011413574,1.7820179462432861,1.8411751985549927,1.9275554418563843,1.9994412660598755,2.2235302925109863,4.020923614501953,4.29585599899292,4.150401592254639,3.8066771030426025,3.88130259513855,3.5638296604156494,3.4584977626800537,3.179809331893921,2.989999294281006,2.893550157546997,2.9379968643188477,2.653001308441162,2.9579014778137207,2.8014862537384033,3.0498721599578857
A13,2.9906649589538574,2.675305128097534,2.442970037460327,2.106440305709839,1.9720197916030884,1.5918569564819336,1.501012921333313,1.1716598272323608,0.9147558808326721,0.8383074998855591,0.5326412916183472,0.38574865460395813,0.0,0.3934004306793213,0.566626250743866,2.5763227939605713,2.470168113708496,2.4820199012756348,2.096379041671753,2.16337251663208,1.785252571105957,1.7818249464035034,1.509322166442871,1.2336136102676392,1.2650114297866821,0.889247477054596,0.9558364152908325,0.8282610774040222,0.9911510944366455,1.1134155988693237,2.6278858184814453,2.974912405014038,2.904172420501709,2.5355358123779297,2.648144006729126,2.317657947540283,2.2749361991882324,2.0638997554779053,1.739074945449829,1.7874735593795776,1.4445016384124756,1.5252429246902466,1.4969778060913086,1.6210966110229492,1.8069897890090942,3.3743417263031006,3.620760679244995,3.5279324054718018,3.1597650051116943,3.2243263721466064,2.902268886566162,2.816918134689331,2.631190538406372,2.3071558475494385,2.345463752746582,2.038745403289795,2.1259021759033203,2.161146640777588,2.2349579334259033,2.4126904010772705,4.165072441101074,4.445209980010986,4.3237528800964355,3.9959068298339844,4.099595069885254,3.794039249420166,3.7166500091552734,3.4469289779663086,3.279813051223755,3.2046263217926025,3.255699634552002,2.981893539428711,3.296692132949829,3.1387832164764404,3.394155263900757
A14,3.3054115772247314,3.0016300678253174,2.7735753059387207,2.445167303085327,2.326629638671875,1.9483245611190796,1.8772505521774292,1.5306373834609985,1.301463007926941,1.1892913579940796,0.9069352149963379,0.6376754641532898,0.3934004306793213,0.0,0.3802940547466278,2.7507483959198,2.6950533390045166,2.709404230117798,2.33526873588562,2.4177067279815674,2.0290606021881104,2.0420947074890137,1.7296950817108154,1.502655029296875,1.4681521654129028,1.0845701694488525,1.0121244192123413,0.7948543429374695,0.7937180995941162,0.9032460451126099,2.73506760597229,3.09562087059021,3.0423836708068848,2.6803243160247803,2.8097736835479736,2.4570720195770264,2.4396779537200928,2.1873161792755127,1.90096116065979,1.9112389087677002,1.5371885299682617,1.550536036491394,1.4443620443344116,1.4885128736495972,1.6492164134979248,3.404388666152954,3.6784584522247314,3.6091532707214355,3.2526962757110596,3.3349733352661133,2.9950408935546875,2.9396474361419678,2.7196452617645264,2.428680419921875,2.444814443588257,2.102506637573242,2.153226852416992,2.1260640621185303,2.1505792140960693,2.2954347133636475,4.157205104827881,4.462646961212158,4.368283271789551,4.048060894012451,4.1482648849487305,3.8328709602355957,3.7792067527770996,3.490539789199829,3.361140012741089,3.2732346057891846,3.292264461517334,3.0128562450408936,3.3197293281555176,3.1366379261016846,3.3911867141723633
A15,3.1334967613220215,2.8462963104248047,2.6369175910949707,2.319925546646118,2.2474894523620605,1.874495029449463,1.8760701417922974,1.533521294593811,1.3565317392349243,1.3126626014709473,1.0727089643478394,0.890876293182373,0.566626250743866,0.3802940547466278,0.0,2.4709253311157227,2.455807685852051,2.5010321140289307,2.1471543312072754,2.2799344062805176,1.9066027402877808,1.9866933822631836,1.6909003257751465,1.5241129398345947,1.5475443601608276,1.1876108646392822,1.1677709817886353,0.8556570410728455,0.8885939121246338,0.8290756940841675,2.4704782962799072,2.848386526107788,2.834468126296997,2.4955716133117676,2.67153263092041,2.3381404876708984,2.3762669563293457,2.148383855819702,1.895270824432373,1.967740774154663,1.5995454788208008,1.6749686002731323,1.5115078687667847,1.5966130495071411,1.6762524843215942,3.2176666259765625,3.512136220932007,3.475982666015625,3.1354496479034424,3.2606353759765625,2.942852020263672,2.9284234046936035,2.7370896339416504,2.466495990753174,2.5363218784332275,2.197035074234009,2.3000481128692627,2.237750291824341,2.300697088241577,2.394287586212158,4.099883079528809,4.400146007537842,4.326205253601074,4.025442123413086,4.160255432128906,3.866403102874756,3.8416314125061035,3.5755252838134766,3.4656662940979004,3.4152252674102783,3.4609100818634033,3.2099149227142334,3.5391478538513184,3.3809568881988525,3.6551504135131836
B1,1.4728420972824097,1.5145117044448853,1.4055460691452026,1.4878824949264526,1.646483063697815,1.6905134916305542,2.002622127532959,1.9757169485092163,2.2368335723876953,2.4098877906799316,2.5583696365356445,2.7163562774658203,2.5763227939605713,2.7507483959198,2.4709253311157227,0.0,0.4078199565410614,0.6540097594261169,0.8364457488059998,1.1727423667907715,1.3245052099227905,1.6836495399475098,1.8332901000976562,2.046858072280884,2.3431501388549805,2.3873584270477295,2.6613199710845947,2.487743854522705,2.784074068069458,2.5511581897735596,0.8076490163803101,1.0140275955200195,1.2177884578704834,1.2299118041992188,1.563547134399414,1.6674731969833374,1.93208909034729,2.1143245697021484,2.1161985397338867,2.495685338973999,2.4590871334075928,2.824162244796753,2.731632709503174,3.068582057952881,2.960268020629883,2.187743902206421,2.3675763607025146,2.42808198928833,2.2450053691864014,2.513036012649536,2.510957717895508,2.628934621810913,2.7761380672454834,2.635772705078125,2.9884612560272217,2.895970344543457,3.2557191848754883,3.234876871109009,3.549668312072754,3.527946949005127,3.7165751457214355,3.826669216156006,3.762880802154541,3.595844268798828,3.903729200363159,3.818060874938965,3.867882490158081,3.837642192840576,3.737112522125244,3.9238343238830566,4.180270195007324,4.129982948303223,4.527698516845703,4.580876350402832,4.916006565093994
B2,1.1466224193572998,1.1715761423110962,1.0160435438156128,1.132282018661499,1.2760149240493774,1.3755849599838257,1.6845778226852417,1.7135632038116455,1.9999873638153076,2.1903576850891113,2.3721389770507812,2.572671413421631,2.470168113708496,2.6950533390045166,2.455807685852051,0.4078199565410614,0.0,0.3953297436237335,0.5717816948890686,0.8919480443000793,1.1003812551498413,1.435508370399475,1.647674798965454,1.8353041410446167,2.162299633026123,2.234285593032837,2.548290491104126,2.425913095474243,2.758718252182007,2.5751302242279053,1.0175981521606445,1.176741123199463,1.2660521268844604,1.214530110359192,1.4777530431747437,1.5892040729522705,1.7907651662826538,2.0040524005889893,1.9633287191390991,2.3504531383514404,2.33941650390625,2.718634843826294,2.6808888912200928,3.03661847114563,2.974543571472168,2.3208394050598145,2.4571125507354736,2.4559950828552246,2.2376768589019775,2.45112681388855,2.445119619369507,2.507924795150757,2.6691324710845947,2.49198842048645,2.839911699295044,2.7735424041748047,3.1347014904022217,3.162820816040039,3.486542224884033,3.50559663772583,3.7545859813690186,3.85296630859375,3.7491345405578613,3.5573201179504395,3.843702793121338,3.7489821910858154,3.761777639389038,3.732133626937866,3.5926318168640137,3.7713167667388916,4.037738800048828,3.9801390171051025,4.371405124664307,4.43070125579834,4.756330966949463
B3,1.3079053163528442,1.3492234945297241,1.0971696376800537,1.2435616254806519,1.2745460271835327,1.4010289907455444,1.6440585851669312,1.6524869203567505,1.981829047203064,2.115387439727783,2.348015785217285,2.5308594703674316,2.4820199012756348,2.709404230117798,2.5010321140289307,0.6540097594261169,0.3953297436237335,0.0,0.396049827337265,0.5889542102813721,0.8790513277053833,1.1827994585037231,1.4298174381256104,1.671557068824768,1.9720574617385864,2.105522871017456,2.414046287536621,2.333042621612549,2.6770713329315186,2.514993667602539,0.900972843170166,0.9885686039924622,0.9705491662025452,0.8923432230949402,1.1071182489395142,1.2562532424926758,1.4465389251708984,1.6992446184158325,1.696087121963501,2.0844204425811768,2.126696825027466,2.5111160278320312,2.498422145843506,2.8680500984191895,2.8068065643310547,2.051102638244629,2.1517837047576904,2.1140732765197754,1.884482979774475,2.076197385787964,2.085386276245117,2.1412999629974365,2.3278322219848633,2.1679153442382812,2.528696060180664,2.4979422092437744,2.8710169792175293,2.911058187484741,3.2537269592285156,3.2715954780578613,3.416656732559204,3.503034830093384,3.3827638626098633,3.1867868900299072,3.4699647426605225,3.3837296962738037,3.3925111293792725,3.3795113563537598,3.239192485809326,3.4343128204345703,3.715217113494873,3.680445432662964,4.070706844329834,4.153796195983887,4.481423854827881
B4,1.4145779609680176,1.3464298248291016,1.0376996994018555,1.0681309700012207,1.0357013940811157,1.083691120147705,1.3057588338851929,1.2713041305541992,1.5978667736053467,1.7231075763702393,1.953664779663086,2.136338949203491,2.096379041671753,2.33526873588562,2.1471543312072754,0.8364457488059998,0.5717816948890686,0.396049827337265,0.0,0.3818788528442383,0.5306692719459534,0.8673341274261475,1.0851614475250244,1.2953271865844727,1.6110323667526245,1.7231618165969849,2.0430896282196045,1.969547152519226,2.325178623199463,2.1881649494171143,1.0246111154556274,1.2115691900253296,1.1458348035812378,0.9243446588516235,1.1163653135299683,1.1369132995605469,1.2804962396621704,1.4763448238372803,1.4032995700836182,1.7901415824890137,1.7961647510528564,2.1806998252868652,2.1792330741882324,2.548095226287842,2.518333673477173,2.1330339908599854,2.2640655040740967,2.1971640586853027,1.9120967388153076,2.0727882385253906,2.0069210529327393,2.024921178817749,2.1574175357818604,1.948236107826233,2.284815549850464,2.2202250957489014,2.579529047012329,2.6316099166870117,2.959733009338379,3.0046064853668213,3.4076333045959473,3.5302584171295166,3.3982748985290527,3.1660313606262207,3.4198412895202637,3.2904412746429443,3.277312994003296,3.2222280502319336,3.064974069595337,3.2250609397888184,3.4846913814544678,3.4169514179229736,3.806293487548828,3.8639774322509766,4.187496185302734
B5,1.5439636707305908,1.4881867170333862,1.1232116222381592,1.1856884956359863,1.0380096435546875,1.1337268352508545,1.2581287622451782,1.233610987663269,1.5971359014511108,1.666043996810913,1.9548537731170654,2.1346054077148438,2.16337251663208,2.4177067279815674,2.2799344062805176,1.1727423667907715,0.8919480443000793,0.5889542102813721,0.3818788528442383,0.0,0.40372318029403687,0.613861083984375,0.9212976694107056,1.1657652854919434,1.456164002418518,1.646920919418335,1.970962643623352,1.967018723487854,2.337033748626709,2.2463953495025635,1.2001358270645142,1.3052302598953247,1.1251953840255737,0.8593450784683228,0.9120242595672607,0.9454717636108398,1.0058655738830566,1.2542062997817993,1.1897730827331543,1.5716713666915894,1.649166464805603,2.036237955093384,2.089444160461426,2.471066951751709,2.4657108783721924,2.072263479232788,2.1515092849731445,2.0248799324035645,1.7172678709030151,1.8169182538986206,1.7555859088897705,1.7280913591384888,1.8867186307907104,1.6710312366485596,2.0123865604400635,1.9984136819839478,2.36490797996521,2.4547600746154785,2.800243854522705,2.8643879890441895,3.208296537399292,3.3155508041381836,3.151547431945801,2.9038071632385254,3.1393322944641113,3.0111982822418213,2.9740169048309326,2.932217597961426,2.7532646656036377,2.9219534397125244,3.1985082626342773,3.1473164558410645,3.5311119556427,3.6128923892974854,3.932429790496826
B6,1.8054051399230957,1.6751341819763184,1.309678316116333,1.2502669095993042,1.0620540380477905,1.0171468257904053,1.0899614095687866,0.9503095746040344,1.296341061592102,1.3227533102035522,1.6015287637710571,1.750816822052002,1.785252571105957,2.0290606021881104,1.9066027402877808,1.3245052099227905,1.1003812551498413,0.8790513277053833,0.5306692719459534,0.40372318029403687,0.0,0.3696482479572296,0.5605108737945557,0.8030326962471008,1.0946332216262817,1.2551769018173218,1.5758023262023926,1.564975380897522,1.9382991790771484,1.8626933097839355,1.2839667797088623,1.4767403602600098,1.3057798147201538,0.9559004306793213,1.0240799188613892,0.88404780626297,0.9124507308006287,1.0426723957061768,0.8971036076545715,1.2777055501937866,1.2931818962097168,1.6800904273986816,1.7238363027572632,2.101309299468994,2.115004062652588,2.1084837913513184,2.2370357513427734,2.1100540161132812,1.7650665044784546,1.8569961786270142,1.7072590589523315,1.6653974056243896,1.7407584190368652,1.4826620817184448,1.7928746938705444,1.7175081968307495,2.0683295726776123,2.1481900215148926,2.474382162094116,2.5524301528930664,3.172739028930664,3.326124668121338,3.169707775115967,2.894925832748413,3.105684995651245,2.9319682121276855,2.88905930519104,2.795694351196289,2.6192102432250977,2.7483558654785156,2.992504835128784,2.9052228927612305,3.292229652404785,3.34065842628479,3.661527633666992
B7,2.000112771987915,1.8568644523620605,1.4671175479888916,1.4010909795761108,1.1249595880508423,1.0872857570648193,1.031473159790039,0.8858159184455872,1.2385553121566772,1.1897363662719727,1.5236068964004517,1.6680015325546265,1.7818249464035034,2.0420947074890137,1.9866933822631836,1.6836495399475098,1.435508370399475,1.1827994585037231,0.8673341274261475,0.613861083984375,0.3696482479572296,0.0,0.38849592208862305,0.6156469583511353,0.8693997263908386,1.1169874668121338,1.4421896934509277,1.5230377912521362,1.9045829772949219,1.8977723121643066,1.592018961906433,1.7429699897766113,1.510571837425232,1.1444183588027954,1.0876743793487549,0.9059547781944275,0.7807480692863464,0.8941517472267151,0.6814701557159424,1.0329476594924927,1.111917495727539,1.4901736974716187,1.6110910177230835,1.9907134771347046,2.0535495281219482,2.2181015014648438,2.3093273639678955,2.1272575855255127,1.75862717628479,1.7710577249526978,1.5903743505477905,1.4727221727371216,1.5318641662597656,1.2301366329193115,1.5148946046829224,1.4756183624267578,1.8180440664291382,1.953188419342041,2.2832589149475098,2.401195526123047,3.0943074226379395,3.2463319301605225,3.057074785232544,2.755361795425415,2.928250551223755,2.7349960803985596,2.6537251472473145,2.5495059490203857,2.338574171066284,2.4509806632995605,2.6980183124542236,2.605801582336426,2.9846251010894775,3.0420191287994385,3.354806900024414
B8,2.3095173835754395,2.1367805004119873,1.7635469436645508,1.6355149745941162,1.3747286796569824,1.2316179275512695,1.1440387964248657,0.8669937252998352,1.1478619575500488,1.0110807418823242,1.3161202669143677,1.3845703601837158,1.509322166442871,1.7296950817108154,1.6909003257751465,1.8332901000976562,1.647674798965454,1.4298174381256104,1.0851614475250244,0.9212976694107056,0.5605108737945557,0.38849592208862305,0.0,0.3857429623603821,0.5527042150497437,0.7828924059867859,1.074859619140625,1.1487921476364136,1.5241843461990356,1.5303280353546143,1.6593246459960938,1.8623124361038208,1.6481467485427856,1.2513154745101929,1.2263284921646118,0.9244899153709412,0.8060711026191711,0.73853999376297,0.4314170777797699,0.7640777230262756,0.7521867752075195,1.1357316970825195,1.2332546710968018,1.610600233078003,1.682119607925415,2.2020418643951416,2.33992862701416,2.1730611324310303,1.7901941537857056,1.8123376369476318,1.5561538934707642,1.452728509902954,1.4138028621673584,1.0937731266021729,1.3358103036880493,1.2099976539611816,1.5364359617233276,1.639616847038269,1.9509212970733643,2.0693252086639404,3.0112290382385254,3.2081446647644043,3.039140224456787,2.723419189453125,2.87856388092041,2.6470301151275635,2.5763370990753174,2.422318458557129,2.235203266143799,2.3112025260925293,2.5193259716033936,2.396496057510376,2.7813634872436523,2.8049914836883545,3.124659299850464
B9,2.3694562911987305,2.14270281791687,1.7843444347381592,1.5886015892028809,1.3049641847610474,1.0921878814697266,0.9213911294937134,0.5910915732383728,0.8119825720787048,0.6318567991256714,0.9607598185539246,1.0669106245040894,1.2336136102676392,1.502655029296875,1.5241129398345947,2.046858072280884,1.8353041410446167,1.671557068824768,1.2953271865844727,1.1657652854919434,0.8030326962471008,0.6156469583511353,0.3857429623603821,0.0,0.385500431060791,0.530623733997345,0.8998095989227295,1.0290380716323853,1.4185889959335327,1.4957172870635986,1.9765673875808716,2.206232786178589,2.01216983795166,1.6199568510055542,1.6028342247009277,1.30961012840271,1.1627347469329834,1.0587917566299438,0.6873877048492432,0.8822880983352661,0.7777025699615479,1.1061902046203613,1.2539470195770264,1.5970193147659302,1.7431268692016602,2.579491376876831,2.7228379249572754,2.5504038333892822,2.164396286010742,2.161881685256958,1.8880934715270996,1.7435834407806396,1.6622341871261597,1.302220106124878,1.4572880268096924,1.2989660501480103,1.5578248500823975,1.704298973083496,1.9664324522018433,2.1423587799072266,3.3277111053466797,3.5357160568237305,3.3556413650512695,3.0239150524139404,3.146047830581665,2.888437032699585,2.7851674556732178,2.5975077152252197,2.379836320877075,2.401135206222534,2.5752546787261963,2.401167869567871,2.766618251800537,2.7503490447998047,3.0496599674224854
B10,2.744452714920044,2.5256519317626953,2.162395715713501,1.9734408855438232,1.6819275617599487,1.4697004556655884,1.2672607898712158,0.9323541522026062,1.0614427328109741,0.7590768933296204,1.046143889427185,1.0259804725646973,1.2650114297866821,1.4681521654129028,1.5475443601608276,2.3431501388549805,2.162299633026123,1.9720574617385864,1.6110323667526245,1.456164002418518,1.0946332216262817,0.8693997263908386,0.5527042150497437,0.385500431060791,0.0,0.38587358593940735,0.6342586874961853,0.8699033260345459,1.222633957862854,1.362637996673584,2.16452693939209,2.3838891983032227,2.165895700454712,1.7645748853683472,1.707139492034912,1.3623367547988892,1.1722052097320557,0.9599593281745911,0.5836900472640991,0.6015672087669373,0.45241737365722656,0.7381364703178406,0.94668048620224,1.2768324613571167,1.462323546409607,2.5735063552856445,2.717428207397461,2.529413938522339,2.1384096145629883,2.101733446121216,1.7781871557235718,1.614711880683899,1.4556094408035278,1.0904827117919922,1.1678556203842163,0.9631432890892029,1.1867207288742065,1.3439503908157349,1.5928242206573486,1.791897177696228,3.1477625370025635,3.3803954124450684,3.2005319595336914,2.853177309036255,2.940948724746704,2.652620315551758,2.541627883911133,2.3169217109680176,2.108412742614746,2.0950326919555664,2.239018678665161,2.046954870223999,2.412625551223755,2.3829734325408936,2.6872713565826416
B11,2.8277652263641357,2.5747926235198975,2.2433347702026367,1.9996669292449951,1.7484893798828125,1.463618278503418,1.2833583354949951,0.9005842208862305,0.9043537974357605,0.5860558748245239,0.7533054351806641,0.6642504334449768,0.889247477054596,1.0845701694488525,1.1876108646392822,2.3873584270477295,2.234285593032837,2.105522871017456,1.7231618165969849,1.646920919418335,1.2551769018173218,1.1169874668121338,0.7828924059867859,0.530623733997345,0.38587358593940735,0.0,0.39589518308639526,0.5777976512908936,0.9421808123588562,1.1071850061416626,2.2619740962982178,2.5323853492736816,2.3625011444091797,1.963440179824829,1.9707598686218262,1.6154636144638062,1.4869261980056763,1.2538453340530396,0.9017499089241028,0.9132862687110901,0.6164293885231018,0.8000196218490601,0.9157894253730774,1.1906330585479736,1.3969991207122803,2.7705159187316895,2.956871509552002,2.8035881519317627,2.418484926223755,2.420485019683838,2.087609052658081,1.958770513534546,1.774090051651001,1.4304840564727783,1.4780503511428833,1.2079284191131592,1.364597201347351,1.4665086269378662,1.647520661354065,1.8461533784866333,3.4056293964385986,3.662302017211914,3.5063281059265137,3.1643264293670654,3.254350423812866,2.953975200653076,2.8578712940216064,2.608168840408325,2.4213550090789795,2.377634048461914,2.4785757064819336,2.249267101287842,2.600121259689331,2.517651319503784,2.8101794719696045
B12,3.2062408924102783,2.957568883895874,2.6286303997039795,2.384860038757324,2.1424245834350586,1.851322889328003,1.674424648284912,1.2912276983261108,1.2499161958694458,0.9164748191833496,0.9757247567176819,0.7229008674621582,0.9558364152908325,1.0121244192123413,1.1677709817886353,2.6613199710845947,2.548290491104126,2.414046287536621,2.0430896282196045,1.970962643623352,1.5758023262023926,1.4421896934509277,1.074859619140625,0.8998095989227295,0.6342586874961853,0.39589518308639526,0.0,0.3931187689304352,0.6436878442764282,0.899444580078125,2.453934669494629,2.728529691696167,2.5603816509246826,2.1639461517333984,2.16723895072937,1.7800713777542114,1.6581436395645142,1.3537346124649048,1.0619193315505981,0.9498727321624756,0.5888283252716064,0.5710914731025696,0.6381404995918274,0.8332420587539673,1.0888360738754272,2.8194525241851807,3.0243611335754395,2.8799333572387695,2.503323554992676,2.501192092895508,2.1337785720825195,2.0213887691497803,1.7697705030441284,1.4657998085021973,1.4393121004104614,1.1051002740859985,1.1746376752853394,1.2188047170639038,1.3345791101455688,1.537652611732483,3.327456474304199,3.6160500049591064,3.4792351722717285,3.1349098682403564,3.20047664642334,2.87505841255188,2.7914018630981445,2.5040013790130615,2.353684186935425,2.2730274200439453,2.3219640254974365,2.06976056098938,2.409956455230713,2.290762424468994,2.5840306282043457
B13,3.1665380001068115,2.9201533794403076,2.6159703731536865,2.3621227741241455,2.1729869842529297,1.8579375743865967,1.754773736000061,1.3562573194503784,1.3060507774353027,1.0555047988891602,1.03422212600708,0.7645683884620667,0.8282610774040222,0.7948543429374695,0.8556570410728455,2.487743854522705,2.425913095474243,2.333042621612549,1.969547152519226,1.967018723487854,1.564975380897522,1.5230377912521362,1.1487921476364136,1.0290380716323853,0.8699033260345459,0.5777976512908936,0.3931187689304352,0.0,0.39452674984931946,0.5408456921577454,2.2833175659179688,2.594913959503174,2.4769296646118164,2.09584379196167,2.1674139499664307,1.7811508178710938,1.7402139902114868,1.4418671131134033,1.1944055557250977,1.1677114963531494,0.7834216952323914,0.8222657442092896,0.6873830556869507,0.8593810796737671,1.0078800916671753,2.7291080951690674,2.977522850036621,2.880636215209961,2.5192270278930664,2.578211545944214,2.2219629287719727,2.171908378601074,1.935998558998108,1.6682138442993164,1.6980538368225098,1.347033977508545,1.4499239921569824,1.401409387588501,1.509473443031311,1.6325210332870483,3.3773324489593506,3.6782476902008057,3.5766191482543945,3.2540102005004883,3.3551347255706787,3.044520616531372,3.0028507709503174,2.7265141010284424,2.615591049194336,2.562426805496216,2.6143665313720703,2.3806328773498535,2.7273967266082764,2.604654550552368,2.9040660858154297
