,A1,A2,A3,A4,A5,A6,A7,A8,A9,A10,A11,A12,A13,A14,A15,B1,B2,B3,B4,B5,B6,B7,B8,B9,B10,B11,B12,B13,B14,B15,C1,C2,C3,C4,C5,C6,C7,C8,C9,C10,C11,C12,C13,C14,C15,D1,D2,D3,D4,D5,D6,D7,D8,D9,D10,D11,D12,D13,D14,D15,E1,E2,E3,E4,E5,E6,E7,E8,E9,E10,E11,E12,E13,E14,E15
A1,0.0,0.3954276144504547,0.6224184036254883,0.908103346824646,1.2183328866958618,1.4842863082885742,1.8200325965881348,2.0710158348083496,2.4002392292022705,2.6692681312561035,2.8378984928131104,3.139040231704712,3.0780320167541504,3.327436685562134,3.147465944290161,1.2312602996826172,1.0067391395568848,1.120802402496338,1.2621744871139526,1.429364562034607,1.7087961435317993,1.9565690755844116,2.231826066970825,2.4920599460601807,2.8338284492492676,2.9582982063293457,3.2979745864868164,3.262274742126465,3.5408620834350586,3.4191625118255615,2.065662145614624,1.8680477142333984,1.7648063898086548,1.836645245552063,1.913204550743103,2.1456594467163086,2.296461582183838,2.5723628997802734,2.687310218811035,3.0694336891174316,3.150282621383667,3.4987263679504395,3.466197967529297,3.7600045204162598,3.6848459243774414,2.8763232231140137,2.737576723098755,2.6198885440826416,2.553035259246826,2.456232786178589,2.656447649002075,2.742621898651123,3.075498104095459,3.1156857013702393,3.4621565341949463,3.4693188667297363,3.8180675506591797,3.774526596069336,4.065607070922852,4.0015549659729,3.8481626510620117,3.8094565868377686,3.5016698837280273,3.627446174621582,3.5574238300323486,3.6227736473083496,3.7412843704223633,3.8487119674682617,4.016623020172119,3.9674558639526367,4.054075241088867,4.350390434265137,4.622452259063721,4.766817569732666,5.131134986877441
A2,0.3954276144504547,0.0,0.39149683713912964,0.5556713938713074,0.8974317908287048,1.133367896080017,1.4736173152923584,1.7210780382156372,2.0408542156219482,2.3282477855682373,2.4820897579193115,2.795988082885742,2.7401015758514404,3.0066728591918945,2.8501341342926025,1.2684272527694702,1.0093300342559814,1.099027395248413,1.1149089336395264,1.2670493125915527,1.4833604097366333,1.7071713209152222,1.9578560590744019,2.1868233680725098,2.5430643558502197,2.6477746963500977,2.9946930408477783,2.9650025367736816,3.2531745433807373,3.1545562744140625,2.130418300628662,1.9229192733764648,1.7865937948226929,1.7762118577957153,1.8438907861709595,2.01271390914917,2.135493516921997,2.3754212856292725,2.4427998065948486,2.8259336948394775,2.8848156929016113,3.235241651535034,3.208402633666992,3.5040297508239746,3.449500799179077,2.9597058296203613,2.8095505237579346,2.67366361618042,2.5754902362823486,2.4231791496276855,2.5964889526367188,2.6295087337493896,2.9382989406585693,2.9355547428131104,3.265082836151123,3.247685670852661,3.59426212310791,3.5566132068634033,3.8430473804473877,3.795987606048584,3.912051200866699,3.8580410480499268,3.5352540016174316,3.657865524291992,3.547729730606079,3.608156442642212,3.6860010623931885,3.7763569355010986,3.909903049468994,3.832014560699463,3.889950752258301,4.172281265258789,4.440115928649902,4.559762001037598,4.921713352203369
A3,0.6224184036254883,0.39149683713912964,0.0,0.3819330036640167,0.6073151230812073,0.915156900882721,1.2208269834518433,1.4984259605407715,1.81487238407135,2.0795347690582275,2.2785491943359375,2.5873682498931885,2.5686049461364746,2.8442811965942383,2.703461170196533,1.2545273303985596,0.9120725989341736,0.8654305934906006,0.8315622210502625,0.9087433815002441,1.1525450944900513,1.3586084842681885,1.6431084871292114,1.8845469951629639,2.232907772064209,2.374746322631836,2.726039409637451,2.725677728652954,3.0306923389434814,2.9508090019226074,1.9696248769760132,1.7191106081008911,1.5239044427871704,1.4746506214141846,1.4957942962646484,1.6608611345291138,1.7614892721176147,2.0175840854644775,2.096087694168091,2.4814014434814453,2.5689353942871094,2.9271912574768066,2.92513370513916,3.238997220993042,3.2039785385131836,2.764413595199585,2.5750622749328613,2.4046425819396973,2.268425464630127,2.091233968734741,2.2359812259674072,2.2619452476501465,2.5633513927459717,2.572523355484009,2.9018406867980957,2.9049692153930664,3.259351968765259,3.2421066761016846,3.5460565090179443,3.518418312072754,3.6765947341918945,3.591625213623047,3.251199960708618,3.3489930629730225,3.2191710472106934,3.2594187259674072,3.3262579441070557,3.402435302734375,3.5356454849243164,3.4513583183288574,3.517974615097046,3.7979092597961426,4.073336124420166,4.1954779624938965,4.561627388000488
A4,0.908103346824646,0.5556713938713074,0.3819330036640167,0.0,0.3806294798851013,0.5804082155227661,0.9241809844970703,1.170796513557434,1.4932942390441895,1.7739204168319702,1.9410933256149292,2.258096218109131,2.228574752807617,2.5140323638916016,2.3888964653015137,1.3194568157196045,1.0108658075332642,0.9904765486717224,0.8142902255058289,0.9019808173179626,1.016829490661621,1.2054903507232666,1.4293007850646973,1.6378785371780396,1.9992766380310059,2.0995607376098633,2.4524142742156982,2.4416239261627197,2.7469449043273926,2.681079626083374,2.05914044380188,1.8292522430419922,1.638193964958191,1.5127077102661133,1.553756594657898,1.631176471710205,1.716179370880127,1.909010410308838,1.9316340684890747,2.3116917610168457,2.355780601501465,2.708186149597168,2.6957104206085205,3.0005862712860107,2.9760401248931885,2.863565444946289,2.685670852661133,2.5186848640441895,2.3741202354431152,2.1524922847747803,2.28350567817688,2.2504115104675293,2.5260164737701416,2.4769906997680664,2.786949634552002,2.748138427734375,3.0918526649475098,3.0656192302703857,3.3531880378723145,3.3316478729248047,3.756582260131836,3.6721103191375732,3.3301398754119873,3.4392917156219482,3.277646541595459,3.3286890983581543,3.3550519943237305,3.425468683242798,3.5175681114196777,3.411754846572876,3.4381096363067627,3.7067315578460693,3.967352867126465,4.066158294677734,4.424160480499268
A5,1.2183328866958618,0.8974317908287048,0.6073151230812073,0.3806294798851013,0.0,0.3828011453151703,0.6176020503044128,0.9291700720787048,1.2181607484817505,1.493051290512085,1.7100913524627686,2.0341529846191406,2.0604567527770996,2.369006395339966,2.284736394882202,1.5404431819915771,1.2017195224761963,1.0664072036743164,0.8010237812995911,0.7337802052497864,0.7870716452598572,0.8839850425720215,1.1343337297439575,1.3155218362808228,1.6830785274505615,1.8209402561187744,2.186713218688965,2.223304271697998,2.5550434589385986,2.5309362411499023,2.1231205463409424,1.8623466491699219,1.614650011062622,1.4208399057388306,1.3901140689849854,1.4135541915893555,1.4323234558105469,1.6151834726333618,1.606530785560608,1.9884741306304932,2.058107376098633,2.422351598739624,2.4505362510681152,2.7779486179351807,2.792891025543213,2.8715322017669678,2.655726909637451,2.4516398906707764,2.2581803798675537,1.9937020540237427,2.066370725631714,1.995160460472107,2.236499071121216,2.1781020164489746,2.4704067707061768,2.4458060264587402,2.797485113143921,2.805403709411621,3.1107587814331055,3.1251697540283203,3.702204704284668,3.581481695175171,3.221012830734253,3.2972495555877686,3.101712942123413,3.122098922729492,3.1181418895721436,3.157942533493042,3.233468532562256,3.1015686988830566,3.125648021697998,3.3784196376800537,3.648601531982422,3.732954502105713,4.095580577850342
A6,1.4842863082885742,1.133367896080017,0.915156900882721,0.5804082155227661,0.3828011453151703,0.0,0.3863544166088104,0.5915040373802185,0.9212286472320557,1.1952756643295288,1.3675230741500854,1.69081449508667,1.6945109367370605,2.0057859420776367,1.9306498765945435,1.598105549812317,1.3150420188903809,1.2237541675567627,0.8883020281791687,0.8703892230987549,0.7487454414367676,0.830821692943573,0.9526929259300232,1.1004925966262817,1.4694123268127441,1.5425124168395996,1.9016649723052979,1.9122483730316162,2.2367115020751953,2.2188048362731934,2.1732735633850098,1.947711706161499,1.7277929782867432,1.4827477931976318,1.4963855743408203,1.4298169612884521,1.4537235498428345,1.5462476015090942,1.4825198650360107,1.8449758291244507,1.8499419689178467,2.197805881500244,2.1995620727539062,2.5086934566497803,2.5248382091522217,2.9163663387298584,2.723979949951172,2.537123203277588,2.353773355484009,2.062770366668701,2.1372146606445312,2.0130021572113037,2.229360580444336,2.1057119369506836,2.3767898082733154,2.296470880508423,2.627413272857666,2.61161208152771,2.8907530307769775,2.901221513748169,3.7230923175811768,3.612241268157959,3.2603628635406494,3.357233762741089,3.139721393585205,3.1836130619049072,3.1441314220428467,3.1905832290649414,3.223404884338379,3.0823452472686768,3.059253215789795,3.305116891860962,3.5495481491088867,3.616468667984009,3.9646823406219482
A7,1.8200325965881348,1.4736173152923584,1.2208269834518433,0.9241809844970703,0.6176020503044128,0.3863544166088104,0.0,0.3851621150970459,0.6033546328544617,0.8978632092475891,1.1244984865188599,1.4663549661636353,1.5478540658950806,1.8912564516067505,1.88344407081604,1.9358923435211182,1.643100619316101,1.493414282798767,1.1349334716796875,1.0051403045654297,0.796391487121582,0.6961748600006104,0.7682793736457825,0.7999047636985779,1.1847455501556396,1.2835643291473389,1.6593393087387085,1.7344263792037964,2.088318109512329,2.1337995529174805,2.3966712951660156,2.1560347080230713,1.9012730121612549,1.6071664094924927,1.55470871925354,1.415451169013977,1.3481802940368652,1.38778817653656,1.242353081703186,1.5888464450836182,1.6047711372375488,1.9595282077789307,2.013823986053467,2.3419525623321533,2.4139504432678223,3.077630043029785,2.8575472831726074,2.642404794692993,2.4177799224853516,2.089737892150879,2.0949342250823975,1.917080283164978,2.071864128112793,1.9175705909729004,2.146665573120117,2.0682666301727295,2.3988754749298096,2.4257307052612305,2.715581178665161,2.773723840713501,3.8128714561462402,3.669095754623413,3.3047313690185547,3.3682174682617188,3.1144168376922607,3.1255006790161133,3.044673442840576,3.0520331859588623,3.0538249015808105,2.874784231185913,2.83602237701416,3.0523946285247803,3.3023416996002197,3.339216709136963,3.6884732246398926
A8,2.0710158348083496,1.7210780382156372,1.4984259605407715,1.170796513557434,0.9291700720787048,0.5915040373802185,0.3851621150970459,0.0,0.3910888135433197,0.6167906522750854,0.7826216816902161,1.1109057664871216,1.1652541160583496,1.5073438882827759,1.5091029405593872,1.9936432838439941,1.7554327249526978,1.6392678022384644,1.2597092390060425,1.1852935552597046,0.8790955543518066,0.7978981733322144,0.6742286086082458,0.6579235792160034,1.00273859500885,1.0009284019470215,1.3592889308929443,1.394429087638855,1.7370011806488037,1.7864515781402588,2.409958600997925,2.2082364559173584,1.9884346723556519,1.6664494276046753,1.6638805866241455,1.4561454057693481,1.4150460958480835,1.3556424379348755,1.1699994802474976,1.4707008600234985,1.3997915983200073,1.7236207723617554,1.7366365194320679,2.0386812686920166,2.1064465045928955,3.0659499168395996,2.873075008392334,2.6810150146484375,2.475991725921631,2.137284517288208,2.1544711589813232,1.9377024173736572,2.0705859661102295,1.8540287017822266,2.05983304977417,1.916636347770691,2.215193033218384,2.2056143283843994,2.4611449241638184,2.508270025253296,3.7669198513031006,3.6367199420928955,3.2876532077789307,3.374722957611084,3.107320785522461,3.148564338684082,3.038878917694092,3.0623273849487305,3.024024486541748,2.848958969116211,2.7613110542297363,2.9752938747406006,3.1902151107788086,3.217540979385376,3.5467021465301514
A9,2.4002392292022705,2.0408542156219482,1.81487238407135,1.4932942390441895,1.2181607484817505,0.9212286472320557,0.6033546328544617,0.3910888135433197,0.0,0.39225324988365173,0.5755911469459534,0.9415655732154846,1.099628210067749,1.4750219583511353,1.5726360082626343,2.383528709411621,2.1378891468048096,2.0004594326019287,1.6205058097839355,1.49488365650177,1.1825222969055176,0.9936781525611877,0.8229440450668335,0.5983895063400269,0.899063766002655,0.8764417171478271,1.2310653924942017,1.3434809446334839,1.7019308805465698,1.8326376676559448,2.759251356124878,2.5505928993225098,2.3125252723693848,1.9723598957061768,1.9245405197143555,1.6788146495819092,1.5632176399230957,1.4491146802902222,1.1700505018234253,1.4097062349319458,1.3271247148513794,1.631831407546997,1.7026381492614746,2.005045175552368,2.138451099395752,3.373046398162842,3.1644492149353027,2.9552195072174072,2.7232749462127686,2.3646345138549805,2.32412052154541,2.0657215118408203,2.128338098526001,1.8782577514648438,2.017679214477539,1.8661861419677734,2.144862651824951,2.1810860633850098,2.4304490089416504,2.530384063720703,4.015684604644775,3.8618662357330322,3.5074052810668945,3.5663604736328125,3.270545721054077,3.2816855907440186,3.132554292678833,3.1154446601867676,3.0407915115356445,2.8241589069366455,2.71221923828125,2.8824191093444824,3.0952346324920654,3.0769898891448975,3.399327278137207
A10,2.6692681312561035,2.3282477855682373,2.0795347690582275,1.7739204168319702,1.493051290512085,1.1952756643295288,0.8978632092475891,0.6167906522750854,0.39225324988365173,0.0,0.3754218816757202,0.639828622341156,0.870719850063324,1.2214103937149048,1.3537267446517944,2.4976909160614014,2.2758429050445557,2.1205074787139893,1.7383363246917725,1.6053062677383423,1.2458434104919434,1.0375269651412964,0.7447450757026672,0.4467897117137909,0.5939033031463623,0.4916776418685913,0.8400705456733704,0.9837418794631958,1.3529831171035767,1.5217704772949219,2.7426161766052246,2.552421808242798,2.3246233463287354,1.9604781866073608,1.9166486263275146,1.6106597185134888,1.4874496459960938,1.281744122505188,0.9654518365859985,1.126613736152649,0.9797634482383728,1.2563707828521729,1.3294878005981445,1.6293060779571533,1.790216088294983,3.2813987731933594,3.076606273651123,2.8719558715820312,2.6397554874420166,2.271084785461426,2.210970401763916,1.9145705699920654,1.9336018562316895,1.634961724281311,1.7366793155670166,1.5410118103027344,1.791364073753357,1.8199634552001953,2.0552308559417725,2.170905351638794,3.8465442657470703,3.684844970703125,3.340402841567993,3.39744234085083,3.082383632659912,3.102109670639038,2.919743776321411,2.9038784503936768,2.791339159011841,2.5749993324279785,2.424306869506836,2.5880229473114014,2.7734534740448,2.750680923461914,3.058882236480713
A11,2.8378984928131104,2.4820897579193115,2.2785491943359375,1.9410933256149292,1.7100913524627686,1.3675230741500854,1.1244984865188599,0.7826216816902161,0.5755911469459534,0.3754218816757202,0.0,0.38430505990982056,0.5740466713905334,0.9514731168746948,1.1345510482788086,2.61965012550354,2.438601016998291,2.333453893661499,1.9521645307540894,1.876112937927246,1.5121701955795288,1.3621501922607422,1.0536630153656006,0.8108993172645569,0.8898733854293823,0.6335099935531616,0.862400472164154,0.9136911630630493,1.230705976486206,1.4093376398086548,2.9135918617248535,2.7567834854125977,2.564201831817627,2.2081754207611084,2.210646152496338,1.9051653146743774,1.8218101263046265,1.5977094173431396,1.2960621118545532,1.408738374710083,1.1825823783874512,1.3796968460083008,1.3860538005828857,1.6167118549346924,1.7638882398605347,3.4657177925109863,3.294200897216797,3.117096424102783,2.912895917892456,2.5535688400268555,2.522289514541626,2.2255258560180664,2.245944023132324,1.9231904745101929,2.0035765171051025,1.7583143711090088,1.955864429473877,1.939548373222351,2.113809108734131,2.207972526550293,4.034148216247559,3.8971002101898193,3.5708696842193604,3.654944896697998,3.344149351119995,3.3912274837493896,3.201476812362671,3.2018184661865234,3.0676064491271973,2.8592536449432373,2.6749560832977295,2.8277344703674316,2.9773333072662354,2.9368019104003906,3.2163240909576416
A12,3.139040231704712,2.795988082885742,2.5873682498931885,2.258096218109131,2.0341529846191406,1.69081449508667,1.4663549661636353,1.1109057664871216,0.9415655732154846,0.639828622341156,0.38430505990982056,0.0,0.3742016851902008,0.6711536049842834,0.9314613938331604,2.7960970401763916,2.6473100185394287,2.543912410736084,2.1708362102508545,2.1058833599090576,1.724921464920044,1.586178183555603,1.230493426322937,1.0074814558029175,0.9384713768959045,0.5813525319099426,0.6242641806602478,0.6240801215171814,0.8952382206916809,1.1281628608703613,2.99336838722229,2.8654983043670654,2.696388006210327,2.3345115184783936,2.354685068130493,2.016897678375244,1.9465264081954956,1.6627483367919922,1.368705153465271,1.3866716623306274,1.083204746246338,1.1795350313186646,1.140017032623291,1.3107770681381226,1.476600170135498,3.4771828651428223,3.3235771656036377,3.1633753776550293,2.9732861518859863,2.6182148456573486,2.583672046661377,2.2673027515411377,2.254281759262085,1.8966015577316284,1.9333043098449707,1.636277437210083,1.7686645984649658,1.7177307605743408,1.8376548290252686,1.9328268766403198,3.9722049236297607,3.839622974395752,3.533729314804077,3.6258254051208496,3.3057496547698975,3.370957851409912,3.1545188426971436,3.164109468460083,2.9923689365386963,2.7945268154144287,2.567056655883789,2.7080843448638916,2.8128983974456787,2.764235734939575,3.0127577781677246
A13,3.0780320167541504,2.7401015758514404,2.5686049461364746,2.228574752807617,2.0604567527770996,1.6945109367370605,1.5478540658950806,1.1652541160583496,1.099628210067749,0.870719850063324,0.5740466713905334,0.3742016851902008,0.0,0.3853859007358551,0.6058881878852844,2.648766040802002,2.546433448791504,2.493497610092163,2.1343436241149902,2.1344006061553955,1.7605043649673462,1.6994606256484985,1.348309874534607,1.2164548635482788,1.1930122375488281,0.8369970321655273,0.857406497001648,0.6752922534942627,0.8448420763015747,0.9741397500038147,2.8853232860565186,2.7935168743133545,2.6670262813568115,2.3256685733795166,2.4036927223205566,2.086289644241333,2.0804624557495117,1.8153506517410278,1.5780168771743774,1.627763032913208,1.3080461025238037,1.388089656829834,1.247706413269043,1.3573110103607178,1.4323017597198486,3.393820285797119,3.2790064811706543,3.1531784534454346,3.0028231143951416,2.669045925140381,2.689337968826294,2.398486375808716,2.4324464797973633,2.0839602947235107,2.160203695297241,1.847000002861023,1.968326210975647,1.8480947017669678,1.928515911102295,1.9522645473480225,3.9244937896728516,3.828565835952759,3.542109966278076,3.674156427383423,3.3776612281799316,3.483553171157837,3.2902491092681885,3.3396732807159424,3.1815996170043945,3.0191211700439453,2.792163133621216,2.961353302001953,3.048334836959839,3.0269546508789062,3.263519048690796
A14,3.327436685562134,3.0066728591918945,2.8442811965942383,2.5140323638916016,2.369006395339966,2.0057859420776367,1.8912564516067505,1.5073438882827759,1.4750219583511353,1.2214103937149048,0.9514731168746948,0.6711536049842834,0.3853859007358551,0.0,0.37543734908103943,2.77345609664917,2.716681718826294,2.683518409729004,2.345189332962036,2.3743927478790283,2.0026798248291016,1.9744958877563477,1.6111401319503784,1.5207757949829102,1.4366991519927979,1.071854829788208,0.9670430421829224,0.672252357006073,0.6461595296859741,0.7288171648979187,2.936368227005005,2.8857436180114746,2.798204183578491,2.469205379486084,2.58066987991333,2.256439685821533,2.28448748588562,1.9950228929519653,1.795358657836914,1.7946350574493408,1.4403480291366577,1.4325026273727417,1.209376573562622,1.2095286846160889,1.23124361038208,3.386892557144165,3.3064849376678467,3.2120609283447266,3.0932111740112305,2.779075860977173,2.819624900817871,2.532186269760132,2.560960054397583,2.202470302581787,2.262730360031128,1.9177117347717285,1.9777847528457642,1.7964023351669312,1.802004337310791,1.7800242900848389,3.863206148147583,3.789647340774536,3.5334551334381104,3.6890335083007812,3.40047287940979,3.538487195968628,3.338066339492798,3.4130523204803467,3.2353734970092773,3.101536989212036,2.847278118133545,3.0187456607818604,3.060781717300415,3.049337863922119,3.2517471313476562
A15,3.147465944290161,2.8501341342926025,2.703461170196533,2.3888964653015137,2.284736394882202,1.9306498765945435,1.88344407081604,1.5091029405593872,1.5726360082626343,1.3537267446517944,1.1345510482788086,0.9314613938331604,0.6058881878852844,0.37543734908103943,0.0,2.4926095008850098,2.474792957305908,2.4723386764526367,2.1604771614074707,2.238632917404175,1.8871290683746338,1.9273879528045654,1.5847289562225342,1.5856398344039917,1.5356746912002563,1.2097212076187134,1.1475133895874023,0.7975746989250183,0.7459386587142944,0.6236355900764465,2.645440101623535,2.6248691082000732,2.5750153064727783,2.2715208530426025,2.4299843311309814,2.1322078704833984,2.2198469638824463,1.9591032266616821,1.8262989521026611,1.8652070760726929,1.5291739702224731,1.5473835468292236,1.267782211303711,1.2644373178482056,1.1758604049682617,3.104875087738037,3.053975820541382,2.9882583618164062,2.905271530151367,2.617225170135498,2.707855701446533,2.4541988372802734,2.5334620475769043,2.2012102603912354,2.313687801361084,1.978753924369812,2.0577375888824463,1.8286032676696777,1.8377838134765625,1.7430797815322876,3.6161510944366455,3.5722317695617676,3.3306658267974854,3.5187463760375977,3.257899045944214,3.4299049377441406,3.2621047496795654,3.376039981842041,3.227372407913208,3.132662773132324,2.8993144035339355,3.109851360321045,3.154276132583618,3.187065839767456,3.3970742225646973
B1,1.2312602996826172,1.2684272527694702,1.2545273303985596,1.3194568157196045,1.5404431819915771,1.598105549812317,1.9358923435211182,1.9936432838439941,2.383528709411621,2.4976909160614014,2.61965012550354,2.7960970401763916,2.648766040802002,2.77345609664917,2.4926095008850098,0.0,0.38965487480163574,0.7326889634132385,0.9368129968643188,1.29428231716156,1.459177017211914,1.8297719955444336,1.9673433303833008,2.3206851482391357,2.5550408363342285,2.6111209392547607,2.8566625118255615,2.7119698524475098,2.8929860591888428,2.6649417877197266,1.0307064056396484,0.9939600825309753,1.1063257455825806,1.2268496751785278,1.5224103927612305,1.7054269313812256,2.013387441635132,2.199242115020752,2.400986909866333,2.721656560897827,2.7244491577148438,2.9974794387817383,2.8516650199890137,3.067535638809204,2.8881468772888184,1.8892971277236938,1.8639256954193115,1.8605928421020508,1.9238418340682983,1.8792200088500977,2.2074108123779297,2.3017749786376953,2.6739308834075928,2.679135322570801,3.046520233154297,2.986741542816162,3.2755701541900635,3.1217925548553467,3.346337080001831,3.185399293899536,2.886204719543457,2.925412893295288,2.6773881912231445,2.909909248352051,2.871961832046509,3.060012102127075,3.1823723316192627,3.3901679515838623,3.529374837875366,3.5642993450164795,3.598606824874878,3.9412381649017334,4.138670921325684,4.336216926574707,4.658941268920898
B2,1.0067391395568848,1.0093300342559814,0.9120725989341736,1.0108658075332642,1.2017195224761963,1.3150420188903809,1.643100619316101,1.7554327249526978,2.1378891468048096,2.2758429050445557,2.438601016998291,2.6473100185394287,2.546433448791504,2.716681718826294,2.474792957305908,0.38965487480163574,0.0,0.3830152451992035,0.6102127432823181,0.9482151865959167,1.1666585206985474,1.52445650100708,1.714529275894165,2.0641796588897705,2.323063373565674,2.419682025909424,2.6970252990722656,2.599966049194336,2.824753999710083,2.6405203342437744,1.1322143077850342,0.9706100821495056,0.9468618631362915,1.0226470232009888,1.2558377981185913,1.4588428735733032,1.7317293882369995,1.9535512924194336,2.1463098526000977,2.489617347717285,2.529148578643799,2.831925392150879,2.731938123703003,2.986793041229248,2.8516366481781006,1.9811451435089111,1.876905918121338,1.8016891479492188,1.7913869619369507,1.7023208141326904,1.9887298345565796,2.07481050491333,2.4413328170776367,2.459789514541626,2.8279008865356445,2.7957730293273926,3.1100618839263916,2.998573064804077,3.257394790649414,3.138399600982666,2.9527034759521484,2.9395833015441895,2.6509597301483154,2.836656332015991,2.7674622535705566,2.9098870754241943,3.0204057693481445,3.193497896194458,3.3380234241485596,3.344536304473877,3.3954083919525146,3.7271838188171387,3.9503912925720215,4.134988784790039,4.473538398742676
B3,1.120802402496338,1.099027395248413,0.8654305934906006,0.9904765486717224,1.0664072036743164,1.2237541675567627,1.493414282798767,1.6392678022384644,2.0004594326019287,2.1205074787139893,2.333453893661499,2.543912410736084,2.493497610092163,2.683518409729004,2.4723386764526367,0.7326889634132385,0.3830152451992035,0.0,0.38373303413391113,0.632044792175293,0.9164677858352661,1.2534375190734863,1.4895625114440918,1.8486735820770264,2.096923589706421,2.2439637184143066,2.5299649238586426,2.477696418762207,2.7287912368774414,2.5771055221557617,1.1178696155548096,0.8565545082092285,0.6949402093887329,0.7297607660293579,0.8997411727905273,1.1365941762924194,1.3924832344055176,1.652234673500061,1.8681484460830688,2.2152059078216553,2.2996411323547363,2.616123914718628,2.5560576915740967,2.8393895626068115,2.7364912033081055,1.901699185371399,1.7260329723358154,1.5873624086380005,1.5130637884140015,1.3925961256027222,1.647359013557434,1.74015212059021,2.1063995361328125,2.1531660556793213,2.524723529815674,2.5282082557678223,2.8576457500457764,2.780301809310913,3.068063735961914,2.98042368888855,2.822765588760376,2.761331558227539,2.441417694091797,2.585543155670166,2.4929041862487793,2.6005663871765137,2.7054991722106934,2.857253074645996,3.0113306045532227,3.0084726810455322,3.079808473587036,3.408071517944336,3.6481544971466064,3.8347911834716797,4.182699680328369
B4,1.2621744871139526,1.1149089336395264,0.8315622210502625,0.8142902255058289,0.8010237812995911,0.8883020281791687,1.1349334716796875,1.2597092390060425,1.6205058097839355,1.7383363246917725,1.9521645307540894,2.1708362102508545,2.1343436241149902,2.345189332962036,2.1604771614074707,0.9368129968643188,0.6102127432823181,0.38373303413391113,0.0,0.37336814403533936,0.5624753832817078,0.9151144623756409,1.1293468475341797,1.4803847074508667,1.7437018156051636,1.8794327974319458,2.178689956665039,2.1379456520080566,2.4087767601013184,2.286250114440918,1.3246808052062988,1.0728479623794556,0.8647022843360901,0.7116392254829407,0.8441848754882812,0.957240879535675,1.1760841608047485,1.3901443481445312,1.554813265800476,1.9122389554977417,1.975570797920227,2.302546262741089,2.2525150775909424,2.5477135181427,2.4730894565582275,2.080641746520996,1.8912239074707031,1.726788878440857,1.6010243892669678,1.3931360244750977,1.593511700630188,1.6037819385528564,1.9375499486923218,1.9270811080932617,2.283038377761841,2.257951259613037,2.591526508331299,2.5239901542663574,2.813913583755493,2.750779151916504,2.9466166496276855,2.8618783950805664,2.525240182876587,2.6562013626098633,2.509176015853882,2.603076457977295,2.6524486541748047,2.777759313583374,2.888312339782715,2.847492218017578,2.8847899436950684,3.197826385498047,3.4358203411102295,3.594719648361206,3.942941665649414
B5,1.429364562034607,1.2670493125915527,0.9087433815002441,0.9019808173179626,0.7337802052497864,0.8703892230987549,1.0051403045654297,1.1852935552597046,1.49488365650177,1.6053062677383423,1.876112937927246,2.1058833599090576,2.1344006061553955,2.3743927478790283,2.238632917404175,1.29428231716156,0.9482151865959167,0.632044792175293,0.37336814403533936,0.0,0.38648709654808044,0.6451355218887329,0.9467054009437561,1.281661868095398,1.5451841354370117,1.7445459365844727,2.0607173442840576,2.083970546722412,2.3881866931915283,2.316910743713379,1.531148076057434,1.2344305515289307,0.9357394576072693,0.7088298201560974,0.663663923740387,0.7539371252059937,0.8834346532821655,1.145161509513855,1.3054509162902832,1.6756037473678589,1.7961822748184204,2.1445343494415283,2.1543426513671875,2.482923984527588,2.4583394527435303,2.196476459503174,1.9498573541641235,1.7272694110870361,1.5253396034240723,1.2671436071395874,1.3823214769363403,1.368553638458252,1.677724003791809,1.6873835325241089,2.0354907512664795,2.05177640914917,2.4057111740112305,2.3905320167541504,2.7125072479248047,2.696621894836426,2.9883596897125244,2.8544957637786865,2.4908394813537598,2.5676963329315186,2.3868868350982666,2.428051233291626,2.456145763397217,2.539386749267578,2.650394916534424,2.580223321914673,2.636152982711792,2.9345290660858154,3.1966211795806885,3.3446412086486816,3.7055184841156006
B6,1.7087961435317993,1.4833604097366333,1.1525450944900513,1.016829490661621,0.7870716452598572,0.7487454414367676,0.796391487121582,0.8790955543518066,1.1825222969055176,1.2458434104919434,1.5121701955795288,1.724921464920044,1.7605043649673462,2.0026798248291016,1.8871290683746338,1.459177017211914,1.1666585206985474,0.9164677858352661,0.5624753832817078,0.38648709654808044,0.0,0.373595654964447,0.5802329778671265,0.9346303343772888,1.192777156829834,1.3656867742538452,1.6817513704299927,1.7027472257614136,2.01511812210083,1.9644047021865845,1.6633166074752808,1.4068081378936768,1.1378875970840454,0.8162834644317627,0.798488438129425,0.6836406588554382,0.7753670811653137,0.9140920639038086,1.0104132890701294,1.3795127868652344,1.452903151512146,1.8009705543518066,1.8029924631118774,2.1328070163726807,2.125866651535034,2.294604778289795,2.062592029571533,1.847710371017456,1.6381046772003174,1.3256299495697021,1.404708981513977,1.2935781478881836,1.5557758808135986,1.4797018766403198,1.806275725364685,1.7693105936050415,2.1148765087127686,2.0901362895965576,2.4014811515808105,2.397738456726074,3.029841661453247,2.8912975788116455,2.529823064804077,2.6139371395111084,2.391000509262085,2.442868709564209,2.413641929626465,2.4879045486450195,2.5425562858581543,2.4474947452545166,2.4509615898132324,2.73832631111145,2.980956554412842,3.1063461303710938,3.458259344100952
B7,1.9565690755844116,1.7071713209152222,1.3586084842681885,1.2054903507232666,0.8839850425720215,0.830821692943573,0.6961748600006104,0.7978981733322144,0.9936781525611877,1.0375269651412964,1.3621501922607422,1.586178183555603,1.6994606256484985,1.9744958877563477,1.9273879528045654,1.8297719955444336,1.52445650100708,1.2534375190734863,0.9151144623756409,0.6451355218887329,0.373595654964447,0.0,0.38366883993148804,0.6580792665481567,0.9301230311393738,1.1694637537002563,1.5074495077133179,1.6080458164215088,1.9553030729293823,1.9751728773117065,1.9865942001342773,1.7182143926620483,1.4193589687347412,1.0787550210952759,0.9503340721130371,0.7506589889526367,0.6538424491882324,0.7441151738166809,0.7385447025299072,1.1245063543319702,1.2428525686264038,1.6140459775924683,1.6890841722488403,2.048105478286743,2.107804775238037,2.549842596054077,2.2879228591918945,2.040463924407959,1.780157446861267,1.430415153503418,1.4036381244659424,1.2233681678771973,1.4054911136627197,1.3017737865447998,1.5881422758102417,1.5709704160690308,1.930780291557312,1.9673123359680176,2.300797939300537,2.356595516204834,3.2061338424682617,3.029371500015259,2.653567314147949,2.690826416015625,2.427872657775879,2.429478883743286,2.3547277450561523,2.3744022846221924,2.4003536701202393,2.2547812461853027,2.2512028217315674,2.5072624683380127,2.767775774002075,2.861523151397705,3.2223334312438965
B8,2.231826066970825,1.9578560590744019,1.6431084871292114,1.4293007850646973,1.1343337297439575,0.9526929259300232,0.7682793736457825,0.6742286086082458,0.8229440450668335,0.7447450757026672,1.0536630153656006,1.230493426322937,1.348309874534607,1.6111401319503784,1.5847289562225342,1.9673433303833008,1.714529275894165,1.4895625114440918,1.1293468475341797,0.9467054009437561,0.5802329778671265,0.38366883993148804,0.0,0.3885454833507538,0.6179116368293762,0.8036689758300781,1.1359158754348755,1.2252238988876343,1.5765899419784546,1.6165860891342163,2.086181163787842,1.8623225688934326,1.6059412956237793,1.2367804050445557,1.172409176826477,0.8743522763252258,0.7953625917434692,0.6830686330795288,0.562565267086029,0.9086147546768188,0.9297291040420532,1.2916903495788574,1.3423826694488525,1.6952351331710815,1.7684725522994995,2.6135222911834717,2.3794620037078857,2.1561336517333984,1.9150941371917725,1.550886869430542,1.5226306915283203,1.2755725383758545,1.4027577638626099,1.1974538564682007,1.4447122812271118,1.34396231174469,1.6785448789596558,1.6871353387832642,1.996577501296997,2.0560972690582275,3.2177817821502686,3.0494384765625,2.6889169216156006,2.7456274032592773,2.458369016647339,2.4867734909057617,2.3657095432281494,2.3923161029815674,2.3600914478302,2.205713987350464,2.1375911235809326,2.383902072906494,2.6085097789764404,2.68335223197937,3.0258967876434326
B9,2.4920599460601807,2.1868233680725098,1.8845469951629639,1.6378785371780396,1.3155218362808228,1.1004925966262817,0.7999047636985779,0.6579235792160034,0.5983895063400269,0.4467897117137909,0.8108993172645569,1.0074814558029175,1.2164548635482788,1.5207757949829102,1.5856398344039917,2.3206851482391357,2.0641796588897705,1.8486735820770264,1.4803847074508667,1.281661868095398,0.9346303343772888,0.6580792665481567,0.3885454833507538,0.0,0.3861984312534332,0.5816595554351807,0.9510303139686584,1.1299461126327515,1.5096244812011719,1.637499213218689,2.4724318981170654,2.2503466606140137,1.9885536432266235,1.6190265417099,1.5239536762237549,1.2151728868484497,1.0526416301727295,0.8741186857223511,0.572299599647522,0.8356371521949768,0.8234909772872925,1.1807564496994019,1.300083041191101,1.6557483673095703,1.8030840158462524,2.9796485900878906,2.741100788116455,2.509631395339966,2.2510547637939453,1.876327633857727,1.7908625602722168,1.5015008449554443,1.5366514921188354,1.2802387475967407,1.435095191001892,1.310730218887329,1.6241286993026733,1.684836983680725,1.9833863973617554,2.101529121398926,3.535770893096924,3.350980758666992,2.9901468753814697,3.022245168685913,2.708613157272339,2.7063441276550293,2.541417121887207,2.521209239959717,2.443871259689331,2.236858367919922,2.1341423988342285,2.328444480895996,2.550983190536499,2.570049285888672,2.9075536727905273
B10,2.8338284492492676,2.5430643558502197,2.232907772064209,1.9992766380310059,1.6830785274505615,1.4694123268127441,1.1847455501556396,1.00273859500885,0.899063766002655,0.5939033031463623,0.8898733854293823,0.9384713768959045,1.1930122375488281,1.4366991519927979,1.5356746912002563,2.5550408363342285,2.323063373565674,2.096923589706421,1.7437018156051636,1.5451841354370117,1.192777156829834,0.9301230311393738,0.6179116368293762,0.3861984312534332,0.0,0.3764892518520355,0.6605589389801025,0.9142320156097412,1.282744288444519,1.4581129550933838,2.576770305633545,2.3748779296875,2.126194715499878,1.7465828657150269,1.6481267213821411,1.2886840105056763,1.1089500188827515,0.8118240833282471,0.4534277021884918,0.5328754782676697,0.4551771879196167,0.8056431412696838,0.9765875339508057,1.3420982360839844,1.5380492210388184,2.9884324073791504,2.751075029373169,2.5225186347961426,2.2610557079315186,1.8821667432785034,1.7590800523757935,1.4243395328521729,1.380483627319336,1.0584828853607178,1.143066644668579,0.9684171676635742,1.2572619915008545,1.336185336112976,1.6338322162628174,1.7897992134094238,3.443094253540039,3.242994785308838,2.893411636352539,2.9125027656555176,2.5737338066101074,2.569831132888794,2.359497308731079,2.328455686569214,2.200836658477783,1.9841296672821045,1.8338873386383057,2.0132007598876953,2.209411382675171,2.2185330390930176,2.54439115524292
B11,2.9582982063293457,2.6477746963500977,2.374746322631836,2.0995607376098633,1.8209402561187744,1.5425124168395996,1.2835643291473389,1.0009284019470215,0.8764417171478271,0.4916776418685913,0.6335099935531616,0.5813525319099426,0.8369970321655273,1.071854829788208,1.2097212076187134,2.6111209392547607,2.419682025909424,2.2439637184143066,1.8794327974319458,1.7445459365844727,1.3656867742538452,1.1694637537002563,0.8036689758300781,0.5816595554351807,0.3764892518520355,0.0,0.3806537091732025,0.5948531031608582,0.9744713306427002,1.1806694269180298,2.6784000396728516,2.514051675796509,2.3052313327789307,1.9281705617904663,1.8923983573913574,1.5311381816864014,1.41636061668396,1.107306957244873,0.7988228797912598,0.8139393329620361,0.5496549606323242,0.7767902612686157,0.8452789187431335,1.1573452949523926,1.3515818119049072,3.107123851776123,2.908822774887085,2.713822364807129,2.4880824089050293,2.1198341846466064,2.0416502952575684,1.7112692594528198,1.6799572706222534,1.3283195495605469,1.3857609033584595,1.1256792545318604,1.335195779800415,1.3404849767684937,1.564970850944519,1.6962989568710327,3.5663108825683594,3.3958706855773926,3.068176031112671,3.12349009513855,2.79076886177063,2.8257784843444824,2.6081960201263428,2.6029582023620605,2.448381185531616,2.2474000453948975,2.0509450435638428,2.2188429832458496,2.3652873039245605,2.3550143241882324,2.6459076404571533
B12,3.2979745864868164,2.9946930408477783,2.726039409637451,2.4524142742156982,2.186713218688965,1.9016649723052979,1.6593393087387085,1.3592889308929443,1.2310653924942017,0.8400705456733704,0.862400472164154,0.6242641806602478,0.857406497001648,0.9670430421829224,1.1475133895874023,2.8566625118255615,2.6970252990722656,2.5299649238586426,2.178689956665039,2.0607173442840576,1.6817513704299927,1.5074495077133179,1.1359158754348755,0.9510303139686584,0.6605589389801025,0.3806537091732025,0.0,0.3789483606815338,0.6963658928871155,0.9807394742965698,2.8394663333892822,2.706134796142578,2.5239946842193604,2.1508190631866455,2.13284969329834,1.753600001335144,1.6546529531478882,1.3001799583435059,1.0271958112716675,0.9026098251342773,0.5435312390327454,0.5559029579162598,0.5808649063110352,0.8352240920066833,1.0872493982315063,3.1916260719299316,3.013056516647339,2.8372366428375244,2.6283273696899414,2.271860122680664,2.1876204013824463,1.843185305595398,1.7653069496154785,1.3813817501068115,1.3661388158798218,1.0389771461486816,1.1448333263397217,1.1128361225128174,1.2718541622161865,1.4246816635131836,3.5628268718719482,3.395261526107788,3.0920522212982178,3.1518332958221436,2.8092610836029053,2.860177993774414,2.609992504119873,2.6100080013275146,2.4080662727355957,2.2167136669158936,1.9656412601470947,2.1110243797302246,2.2009119987487793,2.175436019897461,2.42877197265625
B13,3.262274742126465,2.9650025367736816,2.725677728652954,2.4416239261627197,2.223304271697998,1.9122483730316162,1.7344263792037964,1.394429087638855,1.3434809446334839,0.9837418794631958,0.9136911630630493,0.6240801215171814,0.6752922534942627,0.672252357006073,0.7975746989250183,2.7119698524475098,2.599966049194336,2.477696418762207,2.1379456520080566,2.083970546722412,1.7027472257614136,1.6080458164215088,1.2252238988876343,1.1299461126327515,0.9142320156097412,0.5948531031608582,0.3789483606815338,0.0,0.3826655149459839,0.6206417679786682,2.702484130859375,2.610220193862915,2.474597215652466,2.117475748062134,2.164970636367798,1.7988603115081787,1.7768830060958862,1.4372106790542603,1.2354726791381836,1.1616421937942505,0.7923960089683533,0.769025444984436,0.5741236805915833,0.7184107899665833,0.8610837459564209,3.0645458698272705,2.9286739826202393,2.791775941848755,2.6277894973754883,2.293426275253296,2.272334098815918,1.9545990228652954,1.9323934316635132,1.5588648319244385,1.5940766334533691,1.2456603050231934,1.3217512369155884,1.1748884916305542,1.2633365392684937,1.317147970199585,3.459057092666626,3.330886125564575,3.0513579845428467,3.1581919193267822,2.8396151065826416,2.9419655799865723,2.7149460315704346,2.765087366104126,2.575296401977539,2.431039810180664,2.1773006916046143,2.354799747467041,2.4142355918884277,2.421367645263672,2.651756525039673
