0.000000000000000000e+00,3.908334672451019287e-01,6.150322556495666504e-01,8.881049156188964844e-01,1.213681578636169434e+00,1.493786454200744629e+00,1.840276241302490234e+00,2.065315723419189453e+00,2.343114852905273438e+00,2.609297990798950195e+00,2.741041898727416992e+00,3.026987552642822266e+00,2.899670839309692383e+00,3.192327260971069336e+00,3.033460855484008789e+00,9.197044372558593750e-01,7.554060816764831543e-01,9.748125672340393066e-01,1.111791968345642090e+00,1.336465120315551758e+00,1.618252515792846680e+00,1.898268938064575195e+00,2.190709114074707031e+00,2.399745941162109375e+00,2.750390768051147461e+00,2.871115446090698242e+00,3.205656766891479492e+00,3.175458192825317383e+00,3.511062622070312500e+00,3.485693693161010742e+00,1.934646368026733398e+00,1.687950491905212402e+00,1.784622788429260254e+00,1.743487000465393066e+00,1.840187072753906250e+00,2.036182165145874023e+00,2.207152605056762695e+00,2.504184007644653320e+00,2.589362382888793945e+00,2.970460653305053711e+00,3.086828708648681641e+00,3.448859930038452148e+00,3.480372190475463867e+00,3.827169656753540039e+00,3.878709077835083008e+00,2.868762493133544922e+00,2.639595031738281250e+00,2.665980577468872070e+00,2.507783412933349609e+00,2.532175302505493164e+00,2.637730360031127930e+00,2.694763898849487305e+00,2.970863342285156250e+00,2.912933588027954102e+00,3.278292417526245117e+00,3.379083395004272461e+00,3.743745326995849609e+00,3.815991401672363281e+00,4.151927471160888672e+00,4.251974582672119141e+00,3.943129777908325195e+00,3.688371896743774414e+00,3.651463508605957031e+00,3.402994632720947266e+00,3.393817901611328125e+00,3.425316333770751953e+00,3.388684272766113281e+00,3.615653753280639648e+00,3.426440000534057617e+00,3.733161687850952148e+00,3.776304721832275391e+00,4.132584571838378906e+00,4.231398582458496094e+00,4.538095951080322266e+00,4.691017627716064453e+00
3.908334672451019287e-01,0.000000000000000000e+00,3.861110508441925049e-01,5.770550370216369629e-01,9.118267893791198730e-01,1.189850568771362305e+00,1.525445222854614258e+00,1.787189245223999023e+00,2.040529489517211914e+00,2.335570335388183594e+00,2.475603580474853516e+00,2.786533594131469727e+00,2.680392265319824219e+00,2.993347406387329102e+00,2.870353221893310547e+00,1.028505444526672363e+00,8.962824940681457520e-01,1.073406219482421875e+00,1.069657921791076660e+00,1.258008360862731934e+00,1.476357221603393555e+00,1.719541668891906738e+00,2.009120464324951172e+00,2.167766809463500977e+00,2.535315275192260742e+00,2.656928300857543945e+00,3.005655288696289062e+00,3.003406763076782227e+00,3.344607353210449219e+00,3.355251312255859375e+00,2.042439222335815430e+00,1.840463995933532715e+00,1.919299840927124023e+00,1.799177289009094238e+00,1.866641283035278320e+00,1.992497324943542480e+00,2.120347261428833008e+00,2.391769886016845703e+00,2.420962333679199219e+00,2.801443576812744141e+00,2.912476301193237305e+00,3.277509689331054688e+00,3.333952665328979492e+00,3.676470041275024414e+00,3.759684562683105469e+00,2.970739126205444336e+00,2.775262594223022461e+00,2.793102025985717773e+00,2.587539196014404297e+00,2.596189975738525391e+00,2.643899679183959961e+00,2.664937257766723633e+00,2.907509565353393555e+00,2.799771070480346680e+00,3.147631883621215820e+00,3.236506223678588867e+00,3.594949960708618164e+00,3.687278270721435547e+00,4.012825012207031250e+00,4.139015197753906250e+00,4.025784969329833984e+00,3.798171997070312500e+00,3.756597042083740234e+00,3.478960514068603516e+00,3.460381269454956055e+00,3.446489095687866211e+00,3.385329008102416992e+00,3.576502323150634766e+00,3.350758314132690430e+00,3.629394054412841797e+00,3.658656120300292969e+00,4.003896236419677734e+00,4.117289066314697266e+00,4.407664775848388672e+00,4.577425956726074219e+00
6.150322556495666504e-01,3.861110508441925049e-01,0.000000000000000000e+00,3.804075121879577637e-01,6.149023175239562988e-01,9.445143342018127441e-01,1.257278680801391602e+00,1.510788321495056152e+00,1.805701136589050293e+00,2.075613498687744141e+00,2.252875804901123047e+00,2.567081212997436523e+00,2.499386310577392578e+00,2.830015182495117188e+00,2.730767250061035156e+00,1.077600598335266113e+00,8.449519276618957520e-01,8.766623735427856445e-01,8.038218617439270020e-01,9.116510152816772461e-01,1.140889048576354980e+00,1.359179377555847168e+00,1.672510981559753418e+00,1.851319193840026855e+00,2.216552495956420898e+00,2.370539426803588867e+00,2.728036165237426758e+00,2.752878427505493164e+00,3.111270904541015625e+00,3.140778779983520508e+00,1.909004807472229004e+00,1.697723269462585449e+00,1.709199070930480957e+00,1.540515303611755371e+00,1.553771376609802246e+00,1.659631967544555664e+00,1.756401300430297852e+00,2.037369728088378906e+00,2.070692062377929688e+00,2.453732728958129883e+00,2.589920997619628906e+00,2.963872194290161133e+00,3.042109489440917969e+00,3.398050546646118164e+00,3.496435880661010742e+00,2.765046119689941406e+00,2.569381475448608398e+00,2.548977851867675781e+00,2.312539100646972656e+00,2.288230419158935547e+00,2.312696456909179688e+00,2.307236671447753906e+00,2.547932386398315430e+00,2.436085939407348633e+00,2.784286975860595703e+00,2.890802860260009766e+00,3.256166696548461914e+00,3.366152524948120117e+00,3.701527118682861328e+00,3.840723752975463867e+00,3.756618738174438477e+00,3.536357879638671875e+00,3.473127126693725586e+00,3.178591966629028320e+00,3.140165567398071289e+00,3.106804132461547852e+00,3.027741670608520508e+00,3.211432218551635742e+00,2.979870557785034180e+00,3.255771160125732422e+00,3.296268463134765625e+00,3.645448923110961914e+00,3.772745370864868164e+00,4.069194793701171875e+00,4.251695632934570312e+00
8.881049156188964844e-01,5.770550370216369629e-01,3.804075121879577637e-01,0.000000000000000000e+00,3.853844702243804932e-01,6.146371960639953613e-01,9.621224403381347656e-01,1.210321187973022461e+00,1.470367312431335449e+00,1.760803461074829102e+00,1.916278481483459473e+00,2.238435268402099609e+00,2.166551351547241211e+00,2.502362728118896484e+00,2.421349287033081055e+00,1.087953209877014160e+00,9.542841911315917969e-01,1.003536581993103027e+00,7.909469604492187500e-01,9.127791523933410645e-01,1.009477972984313965e+00,1.221128702163696289e+00,1.482713580131530762e+00,1.604749917984008789e+00,1.977209687232971191e+00,2.098463296890258789e+00,2.455347776412963867e+00,2.480211973190307617e+00,2.830925941467285156e+00,2.877743005752563477e+00,1.884056329727172852e+00,1.747548699378967285e+00,1.784714221954345703e+00,1.558536767959594727e+00,1.593834400177001953e+00,1.614812254905700684e+00,1.703948140144348145e+00,1.926850795745849609e+00,1.903624296188354492e+00,2.277187108993530273e+00,2.375446081161499023e+00,2.739263772964477539e+00,2.815130472183227539e+00,3.155307054519653320e+00,3.267042398452758789e+00,2.743031501770019531e+00,2.599046707153320312e+00,2.604098081588745117e+00,2.339149236679077148e+00,2.338834524154663086e+00,2.307181596755981445e+00,2.300296545028686523e+00,2.490477085113525391e+00,2.333150148391723633e+00,2.659548997879028320e+00,2.725808382034301758e+00,3.074099302291870117e+00,3.177994489669799805e+00,3.493315219879150391e+00,3.640578985214233398e+00,3.744592428207397461e+00,3.559319019317626953e+00,3.518418788909912109e+00,3.207540988922119141e+00,3.190275192260742188e+00,3.118547677993774414e+00,3.044770240783691406e+00,3.186569929122924805e+00,2.925144195556640625e+00,3.173316478729248047e+00,3.175296068191528320e+00,3.505385637283325195e+00,3.622154712677001953e+00,3.895668745040893555e+00,4.075524806976318359e+00
1.213681578636169434e+00,9.118267893791198730e-01,6.149023175239562988e-01,3.853844702243804932e-01,0.000000000000000000e+00,3.921107053756713867e-01,6.456629633903503418e-01,9.355212450027465820e-01,1.225652933120727539e+00,1.507539033889770508e+00,1.720176815986633301e+00,2.062374353408813477e+00,2.055261611938476562e+00,2.416654109954833984e+00,2.386882066726684570e+00,1.393013358116149902e+00,1.215419769287109375e+00,1.146856188774108887e+00,8.586558103561401367e-01,8.188676238059997559e-01,8.351329565048217773e-01,9.381876587867736816e-01,1.221111416816711426e+00,1.315252780914306641e+00,1.696254134178161621e+00,1.861908793449401855e+00,2.236521720886230469e+00,2.315486669540405273e+00,2.683586120605468750e+00,2.773500919342041016e+00,2.001656293869018555e+00,1.874326705932617188e+00,1.841770291328430176e+00,1.558052182197570801e+00,1.514290094375610352e+00,1.468905448913574219e+00,1.477912187576293945e+00,1.685512542724609375e+00,1.621558308601379395e+00,1.991598963737487793e+00,2.119468688964843750e+00,2.492753744125366211e+00,2.612838983535766602e+00,2.961826086044311523e+00,3.109466314315795898e+00,2.757199048995971680e+00,2.625970840454101562e+00,2.587877511978149414e+00,2.284059524536132812e+00,2.237951040267944336e+00,2.155511379241943359e+00,2.094104528427124023e+00,2.258443832397460938e+00,2.066517353057861328e+00,2.375407218933105469e+00,2.457675457000732422e+00,2.807335376739501953e+00,2.946584463119506836e+00,3.264482736587524414e+00,3.441984176635742188e+00,3.665183067321777344e+00,3.498364448547363281e+00,3.431024312973022461e+00,3.097258567810058594e+00,3.050999879837036133e+00,2.940241336822509766e+00,2.831647396087646484e+00,2.945466518402099609e+00,2.660496473312377930e+00,2.884857654571533203e+00,2.895541667938232422e+00,3.221508026123046875e+00,3.365574359893798828e+00,3.635211706161499023e+00,3.840074539184570312e+00
1.493786454200744629e+00,1.189850568771362305e+00,9.445143342018127441e-01,6.146371960639953613e-01,3.921107053756713867e-01,0.000000000000000000e+00,3.846413493156433105e-01,6.079303026199340820e-01,8.625458478927612305e-01,1.157765388488769531e+00,1.342187762260437012e+00,1.688170075416564941e+00,1.679218888282775879e+00,2.045179128646850586e+00,2.037369251251220703e+00,1.464019060134887695e+00,1.365485668182373047e+00,1.310962677001953125e+00,9.550459980964660645e-01,9.377992749214172363e-01,7.850780487060546875e-01,8.682643771171569824e-01,1.037297606468200684e+00,1.053427338600158691e+00,1.431785583496093750e+00,1.547995328903198242e+00,1.916283965110778809e+00,1.990220308303833008e+00,2.347741365432739258e+00,2.453636884689331055e+00,1.961609363555908203e+00,1.912572503089904785e+00,1.905048251152038574e+00,1.583860039710998535e+00,1.572723865509033203e+00,1.441243648529052734e+00,1.453381299972534180e+00,1.575720548629760742e+00,1.451138496398925781e+00,1.797860026359558105e+00,1.870349287986755371e+00,2.225367069244384766e+00,2.334591388702392578e+00,2.663429260253906250e+00,2.820221662521362305e+00,2.686709642410278320e+00,2.612154006958007812e+00,2.603365898132324219e+00,2.282078504562377930e+00,2.269485235214233398e+00,2.134444952011108398e+00,2.085090637207031250e+00,2.188166618347167969e+00,1.956171751022338867e+00,2.234693050384521484e+00,2.262797355651855469e+00,2.587651729583740234e+00,2.710715532302856445e+00,3.004158020019531250e+00,3.183792829513549805e+00,3.591604471206665039e+00,3.463244438171386719e+00,3.424137592315673828e+00,3.081576585769653320e+00,3.064981698989868164e+00,2.920520782470703125e+00,2.829329967498779297e+00,2.898551940917968750e+00,2.591419935226440430e+00,2.785799503326416016e+00,2.747791290283203125e+00,3.048860788345336914e+00,3.171783208847045898e+00,3.415426492691040039e+00,3.610213518142700195e+00
1.840276241302490234e+00,1.525445222854614258e+00,1.257278680801391602e+00,9.621224403381347656e-01,6.456629633903503418e-01,3.846413493156433105e-01,0.000000000000000000e+00,3.989091813564300537e-01,6.273285150527954102e-01,9.258629679679870605e-01,1.180503368377685547e+00,1.551241636276245117e+00,1.627954483032226562e+00,2.011964082717895508e+00,2.073418855667114258e+00,1.837575435638427734e+00,1.721392750740051270e+00,1.617132782936096191e+00,1.249481081962585449e+00,1.134032964706420898e+00,9.078516960144042969e-01,8.214819431304931641e-01,9.416072964668273926e-01,8.455753326416015625e-01,1.221159577369689941e+00,1.375838279724121094e+00,1.755976319313049316e+00,1.900267601013183594e+00,2.262658119201660156e+00,2.425053596496582031e+00,2.222150087356567383e+00,2.187735557556152344e+00,2.134561300277709961e+00,1.782232880592346191e+00,1.709906935691833496e+00,1.510857701301574707e+00,1.431153059005737305e+00,1.498727202415466309e+00,1.294678330421447754e+00,1.609748959541320801e+00,1.698462128639221191e+00,2.049402236938476562e+00,2.212516307830810547e+00,2.535859346389770508e+00,2.738783836364746094e+00,2.843962430953979492e+00,2.790426492691040039e+00,2.749348878860473633e+00,2.400511503219604492e+00,2.350204229354858398e+00,2.160308122634887695e+00,2.054493665695190430e+00,2.107946157455444336e+00,1.825828552246093750e+00,2.060004234313964844e+00,2.089367389678955078e+00,2.399573802947998047e+00,2.562736749649047852e+00,2.844490766525268555e+00,3.061510801315307617e+00,3.646839380264282227e+00,3.544940948486328125e+00,3.485641002655029297e+00,3.125087022781372070e+00,3.083963871002197266e+00,2.895143747329711914e+00,2.769529581069946289e+00,2.794645547866821289e+00,2.458290576934814453e+00,2.608063697814941406e+00,2.567264318466186523e+00,2.849668502807617188e+00,3.001008510589599609e+00,3.226866722106933594e+00,3.448867321014404297e+00
2.065315723419189453e+00,1.787189245223999023e+00,1.510788321495056152e+00,1.210321187973022461e+00,9.355212450027465820e-01,6.079303026199340820e-01,3.989091813564300537e-01,0.000000000000000000e+00,3.839800655841827393e-01,5.751457810401916504e-01,8.358131647109985352e-01,1.185492157936096191e+00,1.282590508460998535e+00,1.666563749313354492e+00,1.744982361793518066e+00,1.891567826271057129e+00,1.802716612815856934e+00,1.672529697418212891e+00,1.284017443656921387e+00,1.167178988456726074e+00,8.345256447792053223e-01,7.270143628120422363e-01,6.747309565544128418e-01,5.048244595527648926e-01,8.662900328636169434e-01,9.832779169082641602e-01,1.361298084259033203e+00,1.502746462821960449e+00,1.867423892021179199e+00,2.038028001785278320e+00,2.076606512069702148e+00,2.100849390029907227e+00,2.045086622238159180e+00,1.671700954437255859e+00,1.616494894027709961e+00,1.347265481948852539e+00,1.276839494705200195e+00,1.253667235374450684e+00,1.012700080871582031e+00,1.299215078353881836e+00,1.335538625717163086e+00,1.674530863761901855e+00,1.822481274604797363e+00,2.140001773834228516e+00,2.343260049819946289e+00,2.607854843139648438e+00,2.601532697677612305e+00,2.574650287628173828e+00,2.216412067413330078e+00,2.192764043807983398e+00,1.960337400436401367e+00,1.875054121017456055e+00,1.872782945632934570e+00,1.572707176208496094e+00,1.783089995384216309e+00,1.762545466423034668e+00,2.055579185485839844e+00,2.195770978927612305e+00,2.466581821441650391e+00,2.677111864089965820e+00,3.372257947921752930e+00,3.303726434707641602e+00,3.266520738601684570e+00,2.903744935989379883e+00,2.890760183334350586e+00,2.678373813629150391e+00,2.578777551651000977e+00,2.569750785827636719e+00,2.227865695953369141e+00,2.361420631408691406e+00,2.276307821273803711e+00,2.542014598846435547e+00,2.665106773376464844e+00,2.878686904907226562e+00,3.085273027420043945e+00
2.343114852905273438e+00,2.040529489517211914e+00,1.805701136589050293e+00,1.470367312431335449e+00,1.225652933120727539e+00,8.625458478927612305e-01,6.273285150527954102e-01,3.839800655841827393e-01,0.000000000000000000e+00,3.827117383480072021e-01,5.842849612236022949e-01,9.704076647758483887e-01,1.100346922874450684e+00,1.484076499938964844e+00,1.624379277229309082e+00,2.137175798416137695e+00,2.100995302200317383e+00,2.010993719100952148e+00,1.621425986289978027e+00,1.540795087814331055e+00,1.202553749084472656e+00,1.096189379692077637e+00,9.691445827484130859e-01,6.768304109573364258e-01,9.318661093711853027e-01,9.477368593215942383e-01,1.285714387893676758e+00,1.441905856132507324e+00,1.766626834869384766e+00,1.977409362792968750e+00,2.329548597335815430e+00,2.398951292037963867e+00,2.373147726058959961e+00,2.002322673797607422e+00,1.971826076507568359e+00,1.681453824043273926e+00,1.609077215194702148e+00,1.522141575813293457e+00,1.226817488670349121e+00,1.432194709777832031e+00,1.394365787506103516e+00,1.676141262054443359e+00,1.823473095893859863e+00,2.090492486953735352e+00,2.318331241607666016e+00,2.844877004623413086e+00,2.879493236541748047e+00,2.876889944076538086e+00,2.520433187484741211e+00,2.516861677169799805e+00,2.259812593460083008e+00,2.176444530487060547e+00,2.122769832611083984e+00,1.793879151344299316e+00,1.942528605461120605e+00,1.864565610885620117e+00,2.103019714355468750e+00,2.234634399414062500e+00,2.456052780151367188e+00,2.678937196731567383e+00,3.592223882675170898e+00,3.556724071502685547e+00,3.539764165878295898e+00,3.177388429641723633e+00,3.180835008621215820e+00,2.945004701614379883e+00,2.850796937942504883e+00,2.799806356430053711e+00,2.443563699722290039e+00,2.528590202331542969e+00,2.401184320449829102e+00,2.621852636337280273e+00,2.731604099273681641e+00,2.899657011032104492e+00,3.101556539535522461e+00
2.609297990798950195e+00,2.335570335388183594e+00,2.075613498687744141e+00,1.760803461074829102e+00,1.507539033889770508e+00,1.157765388488769531e+00,9.258629679679870605e-01,5.751457810401916504e-01,3.827117383480072021e-01,0.000000000000000000e+00,3.670043647289276123e-01,6.953145861625671387e-01,9.240829348564147949e-01,1.292812347412109375e+00,1.477895259857177734e+00,2.322603464126586914e+00,2.280693292617797852e+00,2.150794267654418945e+00,1.764183282852172852e+00,1.653765082359313965e+00,1.276783704757690430e+00,1.128941059112548828e+00,8.807163238525390625e-01,5.265250205993652344e-01,6.304596662521362305e-01,5.902712345123291016e-01,9.169712662696838379e-01,1.118502378463745117e+00,1.445429801940917969e+00,1.690753102302551270e+00,2.327033996582031250e+00,2.430673122406005859e+00,2.379698276519775391e+00,2.000908374786376953e+00,1.958075404167175293e+00,1.618440151214599609e+00,1.526490807533264160e+00,1.352380156517028809e+00,1.023164987564086914e+00,1.148198008537292480e+00,1.056019425392150879e+00,1.308359861373901367e+00,1.467134237289428711e+00,1.725435614585876465e+00,1.974076986312866211e+00,2.709257841110229492e+00,2.781882286071777344e+00,2.772085189819335938e+00,2.409680128097534180e+00,2.408975839614868164e+00,2.111156463623046875e+00,2.026712894439697266e+00,1.911661505699157715e+00,1.567556381225585938e+00,1.665449142456054688e+00,1.541785359382629395e+00,1.749510526657104492e+00,1.875125408172607422e+00,2.081684827804565430e+00,2.313350200653076172e+00,3.361967086791992188e+00,3.361262083053588867e+00,3.350747346878051758e+00,2.987215042114257812e+00,3.001433134078979492e+00,2.737376451492309570e+00,2.653962612152099609e+00,2.561867237091064453e+00,2.202455520629882812e+00,2.255539655685424805e+00,2.091455459594726562e+00,2.286453247070312500e+00,2.380429029464721680e+00,2.532076120376586914e+00,2.730393171310424805e+00
2.741041898727416992e+00,2.475603580474853516e+00,2.252875804901123047e+00,1.916278481483459473e+00,1.720176815986633301e+00,1.342187762260437012e+00,1.180503368377685547e+00,8.358131647109985352e-01,5.842849612236022949e-01,3.670043647289276123e-01,0.000000000000000000e+00,3.881802856922149658e-01,5.858364701271057129e-01,9.499692916870117188e-01,1.162431001663208008e+00,2.355171918869018555e+00,2.372815608978271484e+00,2.284736394882202148e+00,1.905504941940307617e+00,1.857436895370483398e+00,1.479244947433471680e+00,1.404213428497314453e+00,1.128187894821166992e+00,8.287516236305236816e-01,8.549044728279113770e-01,6.390455365180969238e-01,8.483785390853881836e-01,9.576921463012695312e-01,1.228732824325561523e+00,1.466276526451110840e+00,2.322819232940673828e+00,2.481291294097900391e+00,2.478627443313598633e+00,2.117144346237182617e+00,2.133409738540649414e+00,1.798313498497009277e+00,1.766656279563903809e+00,1.567937135696411133e+00,1.271090030670166016e+00,1.354028701782226562e+00,1.165575981140136719e+00,1.341024518013000488e+00,1.418895721435546875e+00,1.618849873542785645e+00,1.841001868247985840e+00,2.705927133560180664e+00,2.821231126785278320e+00,2.859454631805419922e+00,2.516853570938110352e+00,2.567781925201416016e+00,2.275748014450073242e+00,2.241123914718627930e+00,2.108526945114135742e+00,1.785587310791015625e+00,1.865273594856262207e+00,1.678916573524475098e+00,1.836730122566223145e+00,1.896565914154052734e+00,2.056378364562988281e+00,2.254274845123291016e+00,3.395135879516601562e+00,3.418210029602050781e+00,3.449409008026123047e+00,3.101127624511718750e+00,3.158030033111572266e+00,2.901177167892456055e+00,2.858495950698852539e+00,2.756829738616943359e+00,2.412973880767822266e+00,2.459589481353759766e+00,2.251063823699951172e+00,2.413977384567260742e+00,2.454417943954467773e+00,2.573459148406982422e+00,2.730156898498535156e+00
3.026987552642822266e+00,2.786533594131469727e+00,2.567081212997436523e+00,2.238435268402099609e+00,2.062374353408813477e+00,1.688170075416564941e+00,1.551241636276245117e+00,1.185492157936096191e+00,9.704076647758483887e-01,6.953145861625671387e-01,3.881802856922149658e-01,0.000000000000000000e+00,3.888449072837829590e-01,6.569594144821166992e-01,9.374175071716308594e-01,2.550469160079956055e+00,2.591653585433959961e+00,2.500173091888427734e+00,2.137446641921997070e+00,2.102138519287109375e+00,1.718559622764587402e+00,1.658771872520446777e+00,1.330286979675292969e+00,1.069842576980590820e+00,9.664985537528991699e-01,6.313372850418090820e-01,6.434074640274047852e-01,6.796608567237854004e-01,8.756937384605407715e-01,1.138928055763244629e+00,2.368443965911865234e+00,2.576837301254272461e+00,2.583191871643066406e+00,2.237790584564208984e+00,2.277440309524536133e+00,1.928031921386718750e+00,1.919522881507873535e+00,1.664880514144897461e+00,1.392962932586669922e+00,1.390167474746704102e+00,1.111145138740539551e+00,1.179751276969909668e+00,1.186419844627380371e+00,1.317436337471008301e+00,1.528204679489135742e+00,2.639886617660522461e+00,2.807604789733886719e+00,2.868888378143310547e+00,2.543103456497192383e+00,2.625873327255249023e+00,2.318858146667480469e+00,2.315877676010131836e+00,2.136903524398803711e+00,1.834230184555053711e+00,1.864891409873962402e+00,1.612080574035644531e+00,1.701541423797607422e+00,1.699376940727233887e+00,1.805808424949645996e+00,1.977058887481689453e+00,3.267223596572875977e+00,3.331407070159912109e+00,3.393794775009155273e+00,3.060675144195556641e+00,3.151696205139160156e+00,2.885457277297973633e+00,2.878125905990600586e+00,2.745539188385009766e+00,2.420300960540771484e+00,2.441515207290649414e+00,2.183735609054565430e+00,2.301806926727294922e+00,2.288331270217895508e+00,2.370113611221313477e+00,2.488123416900634766e+00
2.899670839309692383e+00,2.680392265319824219e+00,2.499386310577392578e+00,2.166551351547241211e+00,2.055261611938476562e+00,1.679218888282775879e+00,1.627954483032226562e+00,1.282590508460998535e+00,1.100346922874450684e+00,9.240829348564147949e-01,5.858364701271057129e-01,3.888449072837829590e-01,0.000000000000000000e+00,3.868407309055328369e-01,5.859789848327636719e-01,2.340756177902221680e+00,2.434560060501098633e+00,2.390183210372924805e+00,2.047877788543701172e+00,2.081633806228637695e+00,1.721277117729187012e+00,1.748124361038208008e+00,1.444751501083374023e+00,1.256833195686340332e+00,1.219308614730834961e+00,8.878817558288574219e-01,8.996343612670898438e-01,7.594983577728271484e-01,9.047542810440063477e-01,1.047487735748291016e+00,2.166450500488281250e+00,2.409293651580810547e+00,2.472153186798095703e+00,2.155701875686645508e+00,2.260226249694824219e+00,1.947507262229919434e+00,2.013320922851562500e+00,1.794142842292785645e+00,1.582223057746887207e+00,1.630444169044494629e+00,1.349573373794555664e+00,1.427191019058227539e+00,1.342972517013549805e+00,1.460712671279907227e+00,1.584290027618408203e+00,2.508681058883666992e+00,2.688535213470458984e+00,2.801056146621704102e+00,2.503672838211059570e+00,2.637511491775512695e+00,2.370162963867187500e+00,2.423605442047119141e+00,2.281856298446655273e+00,2.020173072814941406e+00,2.098099708557128906e+00,1.847282409667968750e+00,1.952864527702331543e+00,1.894314169883728027e+00,2.003257751464843750e+00,2.113233327865600586e+00,3.248585700988769531e+00,3.301033735275268555e+00,3.399669408798217773e+00,3.086094856262207031e+00,3.213630914688110352e+00,2.984882593154907227e+00,3.016037464141845703e+00,2.919417619705200195e+00,2.618944406509399414e+00,2.682198524475097656e+00,2.425832986831665039e+00,2.561139106750488281e+00,2.511266469955444336e+00,2.605695486068725586e+00,2.681955099105834961e+00
3.192327260971069336e+00,2.993347406387329102e+00,2.830015182495117188e+00,2.502362728118896484e+00,2.416654109954833984e+00,2.045179128646850586e+00,2.011964082717895508e+00,1.666563749313354492e+00,1.484076499938964844e+00,1.292812347412109375e+00,9.499692916870117188e-01,6.569594144821166992e-01,3.868407309055328369e-01,0.000000000000000000e+00,3.775952160358428955e-01,2.561950683593750000e+00,2.689708232879638672e+00,2.661043643951416016e+00,2.341882705688476562e+00,2.399047136306762695e+00,2.048583507537841797e+00,2.094290018081665039e+00,1.775888919830322266e+00,1.610211849212646484e+00,1.522496819496154785e+00,1.162591814994812012e+00,1.052959322929382324e+00,8.152948617935180664e-01,7.829587459564208984e-01,8.628219366073608398e-01,2.291071176528930664e+00,2.579484701156616211e+00,2.667571067810058594e+00,2.380177974700927734e+00,2.515059232711791992e+00,2.209673643112182617e+00,2.301448345184326172e+00,2.059528589248657227e+00,1.875083684921264648e+00,1.876385092735290527e+00,1.553192973136901855e+00,1.545189023017883301e+00,1.381615400314331055e+00,1.403185367584228516e+00,1.467647194862365723e+00,2.553101539611816406e+00,2.780771732330322266e+00,2.928410291671752930e+00,2.660596609115600586e+00,2.830337524414062500e+00,2.567591667175292969e+00,2.654478549957275391e+00,2.489693880081176758e+00,2.255410671234130859e+00,2.303028106689453125e+00,2.012880086898803711e+00,2.060110330581665039e+00,1.937433600425720215e+00,1.984791278839111328e+00,2.043163537979125977e+00,3.259394884109497070e+00,3.346313238143920898e+00,3.483347415924072266e+00,3.193964719772338867e+00,3.357952117919921875e+00,3.134351968765258789e+00,3.201229572296142578e+00,3.088730335235595703e+00,2.812271356582641602e+00,2.860557079315185547e+00,2.571576356887817383e+00,2.667472839355468750e+00,2.564730167388916016e+00,2.620962858200073242e+00,2.646408796310424805e+00
3.033460855484008789e+00,2.870353221893310547e+00,2.730767250061035156e+00,2.421349287033081055e+00,2.386882066726684570e+00,2.037369251251220703e+00,2.073418855667114258e+00,1.744982361793518066e+00,1.624379277229309082e+00,1.477895259857177734e+00,1.162431001663208008e+00,9.374175071716308594e-01,5.859789848327636719e-01,3.775952160358428955e-01,0.000000000000000000e+00,2.330054998397827148e+00,2.490437030792236328e+00,2.489203453063964844e+00,2.204035282135009766e+00,2.310647249221801758e+00,1.993600249290466309e+00,2.105715990066528320e+00,1.813104033470153809e+00,1.720887303352355957e+00,1.673633337020874023e+00,1.337268114089965820e+00,1.262412667274475098e+00,9.531804919242858887e-01,9.390310049057006836e-01,8.627031445503234863e-01,2.017681598663330078e+00,2.332805156707763672e+00,2.462488889694213867e+00,2.211712598800659180e+00,2.397638797760009766e+00,2.133080959320068359e+00,2.286121129989624023e+00,2.079168796539306641e+00,1.956420898437500000e+00,2.000144720077514648e+00,1.694639563560485840e+00,1.717496633529663086e+00,1.503988265991210938e+00,1.553009510040283203e+00,1.536348819732666016e+00,2.320652961730957031e+00,2.553084611892700195e+00,2.741577625274658203e+00,2.505791902542114258e+00,2.716953992843627930e+00,2.496326684951782227e+00,2.632347583770751953e+00,2.506063222885131836e+00,2.316441774368286133e+00,2.409955263137817383e+00,2.137516021728515625e+00,2.216169118881225586e+00,2.060505867004394531e+00,2.137077093124389648e+00,2.145044088363647461e+00,3.122881412506103516e+00,3.190628528594970703e+00,3.354907035827636719e+00,3.086611032485961914e+00,3.279154777526855469e+00,3.095351219177246094e+00,3.195566892623901367e+00,3.122430324554443359e+00,2.873738527297973633e+00,2.966756582260131836e+00,2.691780090332031250e+00,2.816262960433959961e+00,2.692897558212280273e+00,2.780092477798461914e+00,2.778481960296630859e+00
9.197044372558593750e-01,1.028505444526672363e+00,1.077600598335266113e+00,1.087953209877014160e+00,1.393013358116149902e+00,1.464019060134887695e+00,1.837575435638427734e+00,1.891567826271057129e+00,2.137175798416137695e+00,2.322603464126586914e+00,2.355171918869018555e+00,2.550469160079956055e+00,2.340756177902221680e+00,2.561950683593750000e+00,2.330054998397827148e+00,0.000000000000000000e+00,4.001900255680084229e-01,7.589563131332397461e-01,8.594495654106140137e-01,1.238476514816284180e+00,1.400288820266723633e+00,1.774888634681701660e+00,1.929400086402893066e+00,2.156042337417602539e+00,2.441951513290405273e+00,2.462666988372802734e+00,2.728524446487426758e+00,2.599449396133422852e+00,2.884625911712646484e+00,2.785587549209594727e+00,1.159625053405761719e+00,1.050727248191833496e+00,1.308957338333129883e+00,1.290398955345153809e+00,1.557855844497680664e+00,1.711554646492004395e+00,2.000971078872680664e+00,2.211142063140869141e+00,2.323729991912841797e+00,2.667558193206787109e+00,2.689794540405273438e+00,3.001302003860473633e+00,2.939380645751953125e+00,3.248079538345336914e+00,3.232515811920166016e+00,2.179224014282226562e+00,2.029647111892700195e+00,2.171851634979248047e+00,2.041781902313232422e+00,2.196438550949096680e+00,2.287790298461914062e+00,2.451582908630371094e+00,2.675158977508544922e+00,2.639322280883789062e+00,2.992503404617309570e+00,3.010998725891113281e+00,3.339176893234252930e+00,3.325387477874755859e+00,3.631139516830444336e+00,3.669242858886718750e+00,3.365582704544067383e+00,3.151320934295654297e+00,3.203633546829223633e+00,2.975681543350219727e+00,3.066024065017700195e+00,3.098465681076049805e+00,3.151687383651733398e+00,3.350884675979614258e+00,3.178596258163452148e+00,3.486511230468750000e+00,3.454526185989379883e+00,3.784677267074584961e+00,3.803321599960327148e+00,4.089587211608886719e+00,4.179493427276611328e+00
7.554060816764831543e-01,8.962824940681457520e-01,8.449519276618957520e-01,9.542841911315917969e-01,1.215419769287109375e+00,1.365485668182373047e+00,1.721392750740051270e+00,1.802716612815856934e+00,2.100995302200317383e+00,2.280693292617797852e+00,2.372815608978271484e+00,2.591653585433959961e+00,2.434560060501098633e+00,2.689708232879638672e+00,2.490437030792236328e+00,4.001900255680084229e-01,0.000000000000000000e+00,3.972123265266418457e-01,6.038281321525573730e-01,9.466930627822875977e-01,1.195953369140625000e+00,1.556405186653137207e+00,1.769043564796447754e+00,2.035271644592285156e+00,2.331409931182861328e+00,2.410587787628173828e+00,2.701108694076538086e+00,2.615475893020629883e+00,2.932940006256103516e+00,2.860041856765747070e+00,1.181042313575744629e+00,9.581155776977539062e-01,1.107044339179992676e+00,1.078066587448120117e+00,1.280884146690368652e+00,1.482507467269897461e+00,1.748091697692871094e+00,2.008686542510986328e+00,2.149322271347045898e+00,2.508833885192871094e+00,2.584313869476318359e+00,2.920063018798828125e+00,2.895517826080322266e+00,3.233162164688110352e+00,3.239191055297851562e+00,2.128691673278808594e+00,1.926617980003356934e+00,1.998398065567016602e+00,1.848932147026062012e+00,1.946159958839416504e+00,2.055768013000488281e+00,2.189386367797851562e+00,2.448146343231201172e+00,2.428818702697753906e+00,2.797781467437744141e+00,2.862442731857299805e+00,3.213021993637084961e+00,3.232408761978149414e+00,3.563542366027832031e+00,3.621704339981079102e+00,3.245785951614379883e+00,3.008581161499023438e+00,3.014262914657592773e+00,2.774135828018188477e+00,2.821933746337890625e+00,2.859901666641235352e+00,2.884158134460449219e+00,3.105006933212280273e+00,2.939685344696044922e+00,3.260975122451782227e+00,3.267693281173706055e+00,3.616249084472656250e+00,3.665231704711914062e+00,3.972407579421997070e+00,4.086534500122070312e+00
9.748125672340393066e-01,1.073406219482421875e+00,8.766623735427856445e-01,1.003536581993103027e+00,1.146856188774108887e+00,1.310962677001953125e+00,1.617132782936096191e+00,1.672529697418212891e+00,2.010993719100952148e+00,2.150794267654418945e+00,2.284736394882202148e+00,2.500173091888427734e+00,2.390183210372924805e+00,2.661043643951416016e+00,2.489203453063964844e+00,7.589563131332397461e-01,3.972123265266418457e-01,0.000000000000000000e+00,3.902067840099334717e-01,6.368906497955322266e-01,9.438660144805908203e-01,1.284884333610534668e+00,1.518570542335510254e+00,1.828574061393737793e+00,2.107476472854614258e+00,2.228868722915649414e+00,2.523718118667602539e+00,2.468564748764038086e+00,2.805843830108642578e+00,2.750642776489257812e+00,1.119611501693725586e+00,8.430059552192687988e-01,8.479603528976440430e-01,7.701815962791442871e-01,9.076648950576782227e-01,1.141615033149719238e+00,1.396966576576232910e+00,1.687262654304504395e+00,1.864216089248657227e+00,2.223419189453125000e+00,2.336678266525268555e+00,2.682183027267456055e+00,2.681128978729248047e+00,3.038368701934814453e+00,3.057060480117797852e+00,1.941365838050842285e+00,1.715137481689453125e+00,1.721277952194213867e+00,1.538467764854431152e+00,1.589088678359985352e+00,1.698854923248291016e+00,1.814419269561767578e+00,2.092654228210449219e+00,2.093568801879882812e+00,2.471045732498168945e+00,2.567315578460693359e+00,2.929989099502563477e+00,2.968816518783569336e+00,3.317763090133666992e+00,3.387070894241333008e+00,2.975208520889282227e+00,2.732672929763793945e+00,2.703083276748657227e+00,2.445908069610595703e+00,2.464802980422973633e+00,2.496037960052490234e+00,2.503455638885498047e+00,2.733293056488037109e+00,2.575639009475708008e+00,2.906333684921264648e+00,2.936954975128173828e+00,3.296084403991699219e+00,3.361662864685058594e+00,3.683815240859985352e+00,3.812095880508422852e+00
1.111791968345642090e+00,1.069657921791076660e+00,8.038218617439270020e-01,7.909469604492187500e-01,8.586558103561401367e-01,9.550459980964660645e-01,1.249481081962585449e+00,1.284017443656921387e+00,1.621425986289978027e+00,1.764183282852172852e+00,1.905504941940307617e+00,2.137446641921997070e+00,2.047877788543701172e+00,2.341882705688476562e+00,2.204035282135009766e+00,8.594495654106140137e-01,6.038281321525573730e-01,3.902067840099334717e-01,0.000000000000000000e+00,3.822669982910156250e-01,5.944843888282775879e-01,9.553326964378356934e-01,1.175677537918090820e+00,1.459200263023376465e+00,1.755174636840820312e+00,1.874011754989624023e+00,2.185832500457763672e+00,2.153936386108398438e+00,2.503979921340942383e+00,2.484786272048950195e+00,1.186518311500549316e+00,1.018145322799682617e+00,1.004698753356933594e+00,7.712238430976867676e-01,8.669405579566955566e-01,9.638913869857788086e-01,1.184004545211791992e+00,1.436493158340454102e+00,1.555174708366394043e+00,1.922491312026977539e+00,2.022880792617797852e+00,2.376425027847290039e+00,2.396063327789306641e+00,2.753993511199951172e+00,2.804788589477539062e+00,1.977762341499328613e+00,1.813285350799560547e+00,1.815408229827880859e+00,1.564374327659606934e+00,1.602630257606506348e+00,1.618487715721130371e+00,1.695549130439758301e+00,1.923341751098632812e+00,1.860494971275329590e+00,2.224424600601196289e+00,2.298265933990478516e+00,2.657572507858276367e+00,2.711936950683593750e+00,3.052505731582641602e+00,3.147771596908569336e+00,2.981956958770751953e+00,2.781258821487426758e+00,2.753271579742431641e+00,2.459753036499023438e+00,2.475628614425659180e+00,2.444167137145996094e+00,2.429265022277832031e+00,2.609598398208618164e+00,2.405210256576538086e+00,2.705825090408325195e+00,2.710239648818969727e+00,3.058574199676513672e+00,3.133064985275268555e+00,3.438537359237670898e+00,3.581511735916137695e+00
1.336465120315551758e+00,1.258008360862731934e+00,9.116510152816772461e-01,9.127791523933410645e-01,8.188676238059997559e-01,9.377992749214172363e-01,1.134032964706420898e+00,1.167178988456726074e+00,1.540795087814331055e+00,1.653765082359313965e+00,1.857436895370483398e+00,2.102138519287109375e+00,2.081633806228637695e+00,2.399047136306762695e+00,2.310647249221801758e+00,1.238476514816284180e+00,9.466930627822875977e-01,6.368906497955322266e-01,3.822669982910156250e-01,0.000000000000000000e+00,3.913911879062652588e-01,6.627111434936523438e-01,9.531223177909851074e-01,1.266427159309387207e+00,1.558347702026367188e+00,1.744363307952880859e+00,2.073649406433105469e+00,2.101858615875244141e+00,2.474480390548706055e+00,2.496822357177734375e+00,1.404255390167236328e+00,1.223260283470153809e+00,1.083764791488647461e+00,7.861596345901489258e-01,7.010381221771240234e-01,7.503867149353027344e-01,8.754563331604003906e-01,1.171780347824096680e+00,1.296264290809631348e+00,1.672474503517150879e+00,1.831781029701232910e+00,2.203868627548217773e+00,2.274930715560913086e+00,2.652530193328857422e+00,2.738108634948730469e+00,2.030397415161132812e+00,1.858431696891784668e+00,1.782511115074157715e+00,1.485034823417663574e+00,1.437357664108276367e+00,1.411148905754089355e+00,1.416181325912475586e+00,1.652022480964660645e+00,1.576618552207946777e+00,1.944621562957763672e+00,2.062799930572509766e+00,2.437851428985595703e+00,2.535838842391967773e+00,2.892546415328979492e+00,3.018552303314208984e+00,2.903471469879150391e+00,2.708261966705322266e+00,2.633080720901489258e+00,2.313415050506591797e+00,2.279067277908325195e+00,2.215800046920776367e+00,2.153830766677856445e+00,2.327061176300048828e+00,2.107855319976806641e+00,2.404267311096191406e+00,2.440097808837890625e+00,2.798892021179199219e+00,2.909888029098510742e+00,3.225827932357788086e+00,3.398969173431396484e+00
1.618252515792846680e+00,1.476357221603393555e+00,1.140889048576354980e+00,1.009477972984313965e+00,8.351329565048217773e-01,7.850780487060546875e-01,9.078516960144042969e-01,8.345256447792053223e-01,1.202553749084472656e+00,1.276783704757690430e+00,1.479244947433471680e+00,1.718559622764587402e+00,1.721277117729187012e+00,2.048583507537841797e+00,1.993600249290466309e+00,1.400288820266723633e+00,1.195953369140625000e+00,9.438660144805908203e-01,5.944843888282775879e-01,3.913911879062652588e-01,0.000000000000000000e+00,3.847125768661499023e-01,5.905658602714538574e-01,8.924021720886230469e-01,1.185110092163085938e+00,1.356639027595520020e+00,1.692583799362182617e+00,1.735956907272338867e+00,2.115001916885375977e+00,2.166784524917602539e+00,1.447680711746215820e+00,1.370673418045043945e+00,1.251843452453613281e+00,8.860453367233276367e-01,8.147050738334655762e-01,6.593636870384216309e-01,7.401807308197021484e-01,9.297901988029479980e-01,9.791408181190490723e-01,1.355553507804870605e+00,1.481268405914306641e+00,1.853781461715698242e+00,1.933041810989379883e+00,2.305970907211303711e+00,2.415002346038818359e+00,2.005703687667846680e+00,1.907228827476501465e+00,1.850411534309387207e+00,1.513006925582885742e+00,1.485928058624267578e+00,1.359373688697814941e+00,1.347680091857910156e+00,1.497321486473083496e+00,1.351638436317443848e+00,1.694118142127990723e+00,1.766530036926269531e+00,2.129394292831420898e+00,2.227721929550170898e+00,2.570253133773803711e+00,2.712295055389404297e+00,2.843132019042968750e+00,2.698050022125244141e+00,2.642954826354980469e+00,2.301306486129760742e+00,2.286935091018676758e+00,2.163943767547607422e+00,2.102794885635375977e+00,2.212517738342285156e+00,1.951538443565368652e+00,2.209950685501098633e+00,2.198677301406860352e+00,2.537901878356933594e+00,2.640938043594360352e+00,2.935053110122680664e+00,3.110949754714965820e+00
