,A1,A2,A3,A4,A5,A6,A7,A8,A9,A10,A11,A12,A13,A14,A15,B1,B2,B3,B4,B5,B6,B7,B8,B9,B10,B11,B12,B13,B14,B15,C1,C2,C3,C4,C5,C6,C7,C8,C9,C10,C11,C12,C13,C14,C15,D1,D2,D3,D4,D5,D6,D7,D8,D9,D10,D11,D12,D13,D14,D15,E1,E2,E3,E4,E5,E6,E7,E8,E9,E10,E11,E12,E13,E14,E15
A1,0.0,0.3824968934059143,0.7460725903511047,0.9850466251373291,1.354612946510315,1.6150386333465576,1.9862582683563232,2.248365640640259,2.6258556842803955,2.9741504192352295,3.272049903869629,3.534360408782959,3.662932872772217,3.804166555404663,3.7236084938049316,1.4501399993896484,1.0648688077926636,1.0374585390090942,1.0582939386367798,1.3828696012496948,1.568041443824768,1.9612798690795898,2.216156482696533,2.592471122741699,2.890774726867676,3.182675838470459,3.469592332839966,3.5346028804779053,3.7859256267547607,3.7695465087890625,1.4974281787872314,1.15455961227417,1.0663450956344604,1.1167277097702026,1.3053886890411377,1.5280569791793823,1.8884899616241455,2.1859006881713867,2.531916856765747,2.8350017070770264,3.158503532409668,3.4427554607391357,3.6268484592437744,3.842546224594116,3.8059661388397217,1.6236155033111572,1.2696993350982666,1.125523567199707,1.270505428314209,1.311163067817688,1.6608690023422241,1.8956531286239624,2.277968645095825,2.5418543815612793,2.8822903633117676,3.180356979370117,3.4773197174072266,3.615147113800049,3.8572194576263428,3.8716251850128174,2.151031255722046,1.842094898223877,1.6635499000549316,1.913758397102356,1.8014280796051025,2.1729047298431396,2.2534186840057373,2.6214168071746826,2.678800582885742,3.0599751472473145,3.201014995574951,3.529040575027466,3.7580349445343018,4.074676990509033,4.346185207366943
A2,0.3824968934059143,0.0,0.3953695297241211,0.6034478545188904,0.9750575423240662,1.2349203824996948,1.604458212852478,1.87027108669281,2.2482173442840576,2.593658447265625,2.8896126747131348,3.153317451477051,3.286729335784912,3.4369330406188965,3.369098424911499,1.249035120010376,0.9003323912620544,0.7547352910041809,0.701174259185791,1.0080019235610962,1.186997652053833,1.579464316368103,1.8416259288787842,2.2152299880981445,2.5160973072052,2.803880453109741,3.0943901538848877,3.165517568588257,3.425977945327759,3.4209513664245605,1.3918209075927734,1.0130361318588257,0.816857635974884,0.8112981915473938,0.937484085559845,1.1705482006072998,1.519530177116394,1.8340235948562622,2.169428825378418,2.482302665710449,2.7962825298309326,3.081024169921875,3.2740249633789062,3.4933247566223145,3.4700212478637695,1.5593708753585815,1.1921401023864746,0.9616780877113342,1.069348931312561,1.0208406448364258,1.3833400011062622,1.580633282661438,1.9723014831542969,2.212597370147705,2.5626063346862793,2.8428282737731934,3.1410369873046875,3.293349266052246,3.5327115058898926,3.565962791442871,2.131704330444336,1.835585117340088,1.6229032278060913,1.8279398679733276,1.675597906112671,2.021164894104004,2.0569612979888916,2.4084911346435547,2.4246513843536377,2.8029637336730957,2.916891098022461,3.2335095405578613,3.4847004413604736,3.7878763675689697,4.075069904327393
A3,0.7460725903511047,0.3953695297241211,0.0,0.3747422397136688,0.6372003555297852,0.9632090330123901,1.2883272171020508,1.5965393781661987,1.9587249755859375,2.292358636856079,2.5711116790771484,2.8317182064056396,2.950352907180786,3.096524715423584,3.021824836730957,1.0247373580932617,0.7429392337799072,0.4577418267726898,0.41543516516685486,0.6559677124023438,0.9119512438774109,1.2799793481826782,1.5902471542358398,1.940722942352295,2.2557427883148193,2.5163614749908447,2.807664632797241,2.867797374725342,3.140050172805786,3.128206729888916,1.3285831212997437,0.9499772787094116,0.6721591949462891,0.7001423835754395,0.6921250224113464,1.000266432762146,1.3002477884292603,1.659324049949646,1.9572829008102417,2.292445421218872,2.5741171836853027,2.847726345062256,3.048229932785034,3.2562191486358643,3.2385640144348145,1.626056432723999,1.2905335426330566,1.0316598415374756,1.1454054117202759,1.0042061805725098,1.3707027435302734,1.4989643096923828,1.8934382200241089,2.0827081203460693,2.444798707962036,2.6833791732788086,2.9757091999053955,3.147418975830078,3.3689141273498535,3.425004720687866,2.31487774848938,2.05210018157959,1.8380587100982666,2.0110981464385986,1.8400171995162964,2.148737907409668,2.1369354724884033,2.4587011337280273,2.4192264080047607,2.7860193252563477,2.8559131622314453,3.1502187252044678,3.4340837001800537,3.7132177352905273,4.022600173950195
A4,0.9850466251373291,0.6034478545188904,0.3747422397136688,0.0,0.40815263986587524,0.6324633359909058,1.0046988725662231,1.2696737051010132,1.6486451625823975,1.9906409978866577,2.2880702018737793,2.5589356422424316,2.7098212242126465,2.8843538761138916,2.849886178970337,1.1900408267974854,0.992928147315979,0.6553465723991394,0.3545651137828827,0.4755578935146332,0.5860228538513184,0.9763029217720032,1.2478244304656982,1.6153292655944824,1.9216842651367188,2.20702862739563,2.5087671279907227,2.600560426712036,2.8809759616851807,2.9062132835388184,1.471328616142273,1.1046470403671265,0.761195182800293,0.5877643823623657,0.4309588074684143,0.6488736867904663,0.9438388347625732,1.2924669981002808,1.5978925228118896,1.9296096563339233,2.225972890853882,2.5161306858062744,2.7306203842163086,2.961744785308838,2.9706387519836426,1.6640052795410156,1.3243602514266968,0.9989525079727173,0.9881889820098877,0.7339405417442322,1.0559329986572266,1.1372491121292114,1.5301034450531006,1.7093901634216309,2.073641538619995,2.3168184757232666,2.619029998779297,2.801570415496826,3.0385890007019043,3.110649347305298,2.2300469875335693,1.9685083627700806,1.7173148393630981,1.8250231742858887,1.6120502948760986,1.8807389736175537,1.8276917934417725,2.130009174346924,2.06497859954834,2.426806926727295,2.485572338104248,2.777613878250122,3.065006971359253,3.340629816055298,3.6532363891601562
A5,1.354612946510315,0.9750575423240662,0.6372003555297852,0.40815263986587524,0.0,0.38603001832962036,0.6536595225334167,0.9814907908439636,1.3353296518325806,1.658494472503662,1.9342992305755615,2.20243501663208,2.340545892715454,2.5161964893341064,2.4825916290283203,1.154795527458191,1.0808472633361816,0.701357364654541,0.44770023226737976,0.1403588354587555,0.33905017375946045,0.6514992117881775,0.9946404695510864,1.3206830024719238,1.641469955444336,1.890133023262024,2.193359613418579,2.276437520980835,2.5727367401123047,2.596906900405884,1.5538192987442017,1.231756329536438,0.87691330909729,0.744361162185669,0.3885617256164551,0.6212125420570374,0.7645601630210876,1.1572022438049316,1.3917615413665771,1.7445852756500244,1.9921879768371582,2.2659482955932617,2.490064859390259,2.7084970474243164,2.729067802429199,1.834912896156311,1.5454800128936768,1.2315115928649902,1.2235082387924194,0.920927107334137,1.179090142250061,1.1554464101791382,1.5149753093719482,1.614673376083374,1.9799925088882446,2.1625189781188965,2.451929807662964,2.6566457748413086,2.870060682296753,2.970717668533325,2.47277569770813,2.2489840984344482,2.0078859329223633,2.083629846572876,1.8665598630905151,2.0839643478393555,1.9845867156982422,2.238600969314575,2.1125028133392334,2.4467320442199707,2.451476573944092,2.7086784839630127,3.029480218887329,3.2721619606018066,3.6059489250183105
A6,1.6150386333465576,1.2349203824996948,0.9632090330123901,0.6324633359909058,0.38603001832962036,0.0,0.40895330905914307,0.6381252408027649,1.0224223136901855,1.360935091972351,1.667678952217102,1.953536033630371,2.139946460723877,2.355990409851074,2.379185676574707,1.4658828973770142,1.424387812614441,1.0600883960723877,0.7419136762619019,0.46173083782196045,0.09923957288265228,0.35628387331962585,0.6287229657173157,0.9840744137763977,1.2986429929733276,1.5880532264709473,1.9108564853668213,2.043842077255249,2.3521149158477783,2.429147958755493,1.807494878768921,1.5050166845321655,1.1455507278442383,0.8985811471939087,0.5010554790496826,0.4287446141242981,0.4018059968948364,0.790043830871582,1.0142124891281128,1.3714029788970947,1.6383854150772095,1.940284013748169,2.1890273094177246,2.4406471252441406,2.5010557174682617,1.9811862707138062,1.6997263431549072,1.359611988067627,1.2416385412216187,0.8664173483848572,0.9936594367027283,0.8583520650863647,1.1839003562927246,1.2412235736846924,1.6096209287643433,1.7904256582260132,2.0963761806488037,2.321485996246338,2.5558905601501465,2.6818771362304688,2.4727296829223633,2.2561025619506836,1.989249587059021,1.9924147129058838,1.7396409511566162,1.8932667970657349,1.7398728132247925,1.952771544456482,1.7852554321289062,2.1027612686157227,2.0833590030670166,2.333651542663574,2.6602718830108643,2.8947927951812744,3.2339794635772705
A7,1.9862582683563232,1.604458212852478,1.2883272171020508,1.0046988725662231,0.6536595225334167,0.40895330905914307,0.0,0.3848467469215393,0.6921806931495667,1.005147099494934,1.293933629989624,1.589612364768982,1.7772482633590698,2.0109524726867676,2.0544567108154297,1.6214210987091064,1.6595101356506348,1.3011080026626587,1.0500633716583252,0.6820285320281982,0.4572717547416687,0.10668247938156128,0.46552208065986633,0.6903485655784607,1.029258131980896,1.2702306509017944,1.6052550077438354,1.7454088926315308,2.0788986682891846,2.170344352722168,2.0266637802124023,1.7651370763778687,1.42171049118042,1.2257061004638672,0.8226985335350037,0.7598372101783752,0.5117166042327881,0.8235882520675659,0.8825914859771729,1.2485164403915405,1.436660885810852,1.719460129737854,1.98743736743927,2.2283742427825928,2.3156614303588867,2.2578492164611816,2.0160109996795654,1.6955128908157349,1.5919874906539917,1.2262639999389648,1.296083688735962,1.0808510780334473,1.3139843940734863,1.2549465894699097,1.5966198444366455,1.6895411014556885,1.9754774570465088,2.2301876544952393,2.4366064071655273,2.6016619205474854,2.788388729095459,2.601269245147705,2.345806360244751,2.3265535831451416,2.0768697261810303,2.183736562728882,1.9941741228103638,2.1492385864257812,1.924344778060913,2.1945080757141113,2.1101551055908203,2.3122191429138184,2.6669657230377197,2.8575427532196045,3.2156295776367188
A8,2.248365640640259,1.87027108669281,1.5965393781661987,1.2696737051010132,0.9814907908439636,0.6381252408027649,0.3848467469215393,0.0,0.41390272974967957,0.7417649626731873,1.0763128995895386,1.3905214071273804,1.643223762512207,1.9229472875595093,2.0362377166748047,1.9487078189849854,1.9909536838531494,1.640034556388855,1.3472334146499634,1.0213819742202759,0.6988329887390137,0.34115782380104065,0.14889267086982727,0.3461315333843231,0.6819486021995544,0.9920284152030945,1.3538647890090942,1.5649923086166382,1.9056520462036133,2.0630345344543457,2.2962992191314697,2.0467305183410645,1.7045239210128784,1.4475620985031128,1.0679162740707397,0.8587585091590881,0.4685898721218109,0.5819228291511536,0.5153190493583679,0.88487708568573,1.0843561887741089,1.4065885543823242,1.7083250284194946,1.989836573600769,2.12762188911438,2.4355170726776123,2.203505516052246,1.8748520612716675,1.6997679471969604,1.3192589282989502,1.2682934999465942,0.9605832695960999,1.0877387523651123,0.9382762908935547,1.2589000463485718,1.3269505500793457,1.6291574239730835,1.9113085269927979,2.1394476890563965,2.3362040519714355,2.829287052154541,2.6540815830230713,2.3860371112823486,2.3042805194854736,2.036472797393799,2.0738816261291504,1.8379360437393188,1.932715654373169,1.663133144378662,1.8945250511169434,1.7733311653137207,1.9539415836334229,2.31606388092041,2.4901375770568848,2.8536434173583984
A9,2.6258556842803955,2.2482173442840576,1.9587249755859375,1.6486451625823975,1.3353296518325806,1.0224223136901855,0.6921806931495667,0.41390272974967957,0.0,0.37983107566833496,0.7596379518508911,1.1257915496826172,1.428269863128662,1.7574522495269775,1.928427815437317,2.2785112857818604,2.3460285663604736,1.9926159381866455,1.7287760972976685,1.3733574151992798,1.089616060256958,0.6994291543960571,0.515499472618103,0.18268582224845886,0.5106408596038818,0.7719718217849731,1.1693181991577148,1.4402539730072021,1.8061716556549072,2.0105719566345215,2.662490129470825,2.4260714054107666,2.0883984565734863,1.8528661727905273,1.4666434526443481,1.2721906900405884,0.8767197728157043,0.885011613368988,0.6152375936508179,0.900657057762146,0.9850195050239563,1.299416184425354,1.6407099962234497,1.9258042573928833,2.1202900409698486,2.8287582397460938,2.6092052459716797,2.285297393798828,2.110304117202759,1.7300223112106323,1.651010274887085,1.3099806308746338,1.3516392707824707,1.09200918674469,1.3418537378311157,1.3087892532348633,1.5936973094940186,1.9191385507583618,2.129829168319702,2.3799424171447754,3.215384006500244,3.0494797229766846,2.779660224914551,2.6745975017547607,2.3968570232391357,2.3951680660247803,2.124394178390503,2.164001941680908,1.8456189632415771,2.0150880813598633,1.8190033435821533,1.9478847980499268,2.3187246322631836,2.439241409301758,2.817723035812378
A10,2.9741504192352295,2.593658447265625,2.292358636856079,1.9906409978866577,1.658494472503662,1.360935091972351,1.005147099494934,0.7417649626731873,0.37983107566833496,0.0,0.3948475122451782,0.7729503512382507,1.1095138788223267,1.467901587486267,1.691740870475769,2.5019335746765137,2.6150407791137695,2.2797224521636963,2.033750295639038,1.6769763231277466,1.4163824319839478,1.0180847644805908,0.8210843801498413,0.42825838923454285,0.4248161017894745,0.48266980051994324,0.8680974245071411,1.1672470569610596,1.5380767583847046,1.7761422395706177,2.8818962574005127,2.68072509765625,2.360424041748047,2.139185667037964,1.7666982412338257,1.580146074295044,1.1832151412963867,1.1308178901672363,0.7910881042480469,0.9387356042861938,0.8585376143455505,1.0912468433380127,1.430686354637146,1.6926459074020386,1.9193090200424194,3.0505545139312744,2.8652596473693848,2.5589561462402344,2.3893938064575195,2.028218984603882,1.9268823862075806,1.585843563079834,1.5617527961730957,1.2609268426895142,1.4221069812774658,1.2784265279769897,1.4888185262680054,1.8156665563583374,1.978084921836853,2.256865978240967,3.4373087882995605,3.302515745162964,3.049427032470703,2.9305460453033447,2.672555446624756,2.6389272212982178,2.3653600215911865,2.3588614463806152,2.025981903076172,2.138251304626465,1.9063971042633057,1.9614336490631104,2.3419790267944336,2.4090030193328857,2.787083864212036
A11,3.272049903869629,2.8896126747131348,2.5711116790771484,2.2880702018737793,1.9342992305755615,1.667678952217102,1.293933629989624,1.0763128995895386,0.7596379518508911,0.3948475122451782,0.0,0.3929795026779175,0.7398233413696289,1.1167829036712646,1.3829095363616943,2.647665023803711,2.810544967651367,2.5008442401885986,2.2846364974975586,1.930222749710083,1.7094258069992065,1.3147763013839722,1.1501491069793701,0.7889227867126465,0.6526786088943481,0.39112240076065063,0.6294401288032532,0.8916404843330383,1.2578917741775513,1.502241849899292,3.0261337757110596,2.8662548065185547,2.570528030395508,2.3790347576141357,2.024331569671631,1.8695865869522095,1.489939570426941,1.4326685667037964,1.0993256568908691,1.1592247486114502,0.9421080350875854,1.018627405166626,1.3036062717437744,1.4983298778533936,1.729086995124817,3.215899705886841,3.0695719718933105,2.7880682945251465,2.6423826217651367,2.3070921897888184,2.211351156234741,1.8922382593154907,1.844098687171936,1.5482995510101318,1.6484394073486328,1.4264098405838013,1.5362815856933594,1.8297330141067505,1.917104959487915,2.2022287845611572,3.6402108669281006,3.5384035110473633,3.3092939853668213,3.195375680923462,2.9660072326660156,2.922459125518799,2.663914680480957,2.635744094848633,2.3093440532684326,2.3870344161987305,2.1476612091064453,2.1411938667297363,2.524348020553589,2.547616481781006,2.9151041507720947
A12,3.534360408782959,3.153317451477051,2.8317182064056396,2.5589356422424316,2.20243501663208,1.953536033630371,1.589612364768982,1.3905214071273804,1.1257915496826172,0.7729503512382507,0.3929795026779175,0.0,0.39789652824401855,0.7837529182434082,1.1082820892333984,2.7868244647979736,2.991745948791504,2.712880849838257,2.513805627822876,2.1792256832122803,1.9813220500946045,1.6063042879104614,1.447514533996582,1.1245197057724,0.9123758673667908,0.5167797803878784,0.44461798667907715,0.5999115705490112,0.9334384799003601,1.1890475749969482,3.1349284648895264,3.0190861225128174,2.751659393310547,2.5778772830963135,2.2534990310668945,2.1141297817230225,1.7571988105773926,1.6814019680023193,1.3678869009017944,1.3529893159866333,1.047540545463562,0.9569708704948425,1.144916296005249,1.2516536712646484,1.4748506546020508,3.316471815109253,3.2128121852874756,2.9593727588653564,2.828819990158081,2.5263233184814453,2.425719738006592,2.132843017578125,2.057072639465332,1.7789489030838013,1.8223683834075928,1.5459821224212646,1.552098035812378,1.7892831563949585,1.7953521013259888,2.070815086364746,3.748624324798584,3.68438720703125,3.482616424560547,3.369596242904663,3.1741673946380615,3.1170084476470947,2.8790745735168457,2.829768180847168,2.519557476043701,2.5668528079986572,2.3360228538513184,2.275637149810791,2.6555707454681396,2.6461434364318848,2.9941763877868652
A13,3.662932872772217,3.286729335784912,2.950352907180786,2.7098212242126465,2.340545892715454,2.139946460723877,1.7772482633590698,1.643223762512207,1.428269863128662,1.1095138788223267,0.7398233413696289,0.39789652824401855,0.0,0.3906573951244354,0.7309137582778931,2.7666053771972656,3.015601873397827,2.7723138332366943,2.6158549785614014,2.295271158218384,2.153244733810425,1.802201747894287,1.703576922416687,1.4278311729431152,1.24751615524292,0.8538059592247009,0.6710166335105896,0.5423468947410583,0.789084792137146,0.9395049214363098,3.111830711364746,3.039419651031494,2.805548906326294,2.6779608726501465,2.379518985748291,2.2940304279327393,1.9748727083206177,1.9407888650894165,1.6743065118789673,1.67025625705719,1.3644169569015503,1.1974880695343018,1.2770462036132812,1.2643437385559082,1.4059499502182007,3.3345837593078613,3.2688851356506348,3.047410488128662,2.960318088531494,2.689932346343994,2.625804901123047,2.373396396636963,2.3232510089874268,2.0858712196350098,2.1330013275146484,1.8600817918777466,1.818354845046997,1.9973145723342896,1.9370108842849731,2.169264078140259,3.845551013946533,3.807797431945801,3.6343038082122803,3.5501980781555176,3.386723041534424,3.350430727005005,3.1435019969940186,3.11021089553833,2.8248400688171387,2.8820395469665527,2.675914764404297,2.6072189807891846,2.986590623855591,2.9749205112457275,3.309418201446533
A14,3.804166555404663,3.4369330406188965,3.096524715423584,2.8843538761138916,2.5161964893341064,2.355990409851074,2.0109524726867676,1.9229472875595093,1.7574522495269775,1.467901587486267,1.1167829036712646,0.7837529182434082,0.3906573951244354,0.0,0.3952188491821289,2.781688928604126,3.069343090057373,2.866640567779541,2.7464146614074707,2.451894998550415,2.3553011417388916,2.0374815464019775,1.9784597158432007,1.7486639022827148,1.5800493955612183,1.1957159042358398,0.9609720706939697,0.6669264435768127,0.7474759221076965,0.7340056896209717,3.1036999225616455,3.078272819519043,2.88236141204834,2.7943222522735596,2.531348943710327,2.4879016876220703,2.209120035171509,2.1994338035583496,1.9762464761734009,1.9699811935424805,1.6666971445083618,1.4461380243301392,1.4327651262283325,1.3150882720947266,1.3609944581985474,3.348332166671753,3.3242855072021484,3.1383883953094482,3.088606595993042,2.855799913406372,2.818157434463501,2.6065890789031982,2.571505546569824,2.373086452484131,2.4158871173858643,2.1477859020233154,2.0637307167053223,2.1854093074798584,2.067523241043091,2.2503249645233154,3.914965867996216,3.9071154594421387,3.7642929553985596,3.7044074535369873,3.575575590133667,3.554006338119507,3.3787245750427246,3.356222629547119,3.0976226329803467,3.1600840091705322,2.979973077774048,2.90224289894104,3.278372287750244,3.266624927520752,3.5853962898254395
A15,3.7236084938049316,3.369098424911499,3.021824836730957,2.849886178970337,2.4825916290283203,2.379185676574707,2.0544567108154297,2.0362377166748047,1.928427815437317,1.691740870475769,1.3829095363616943,1.1082820892333984,0.7309137582778931,0.3952188491821289,0.0,2.5891687870025635,2.9072296619415283,2.743180274963379,2.6706650257110596,2.4002130031585693,2.365095376968384,2.0877039432525635,2.094991683959961,1.921732783317566,1.8078755140304565,1.4628574848175049,1.2701680660247803,0.934013843536377,0.9722018241882324,0.7838872075080872,2.910734176635742,2.920614242553711,2.7599599361419678,2.7241268157958984,2.4913928508758545,2.508671760559082,2.2787835597991943,2.3246374130249023,2.1568121910095215,2.1924490928649902,1.931612253189087,1.7304168939590454,1.6941150426864624,1.5480616092681885,1.50105619430542,3.208744764328003,3.211030960083008,3.0560035705566406,3.0559723377227783,2.854541540145874,2.8666279315948486,2.699608087539673,2.711064338684082,2.559281587600708,2.636183023452759,2.405891180038452,2.334794521331787,2.4321067333221436,2.3077733516693115,2.4427995681762695,3.8700850009918213,3.873542070388794,3.75396990776062,3.7337191104888916,3.6296799182891846,3.6450188159942627,3.501988410949707,3.5149474143981934,3.283273220062256,3.378896474838257,3.2296409606933594,3.17840576171875,3.5582566261291504,3.5725550651550293,3.889857769012451
B1,1.4501399993896484,1.249035120010376,1.0247373580932617,1.1900408267974854,1.154795527458191,1.4658828973770142,1.6214210987091064,1.9487078189849854,2.2785112857818604,2.5019335746765137,2.647665023803711,2.7868244647979736,2.7666053771972656,2.781688928604126,2.5891687870025635,0.0,0.3950543701648712,0.5757690668106079,0.8519500494003296,1.03486967086792,1.3779040575027466,1.6302597522735596,1.9546376466751099,2.246988296508789,2.479882001876831,2.5974271297454834,2.772893190383911,2.681014060974121,2.8732831478118896,2.7309274673461914,0.626453697681427,0.5294153690338135,0.5781731009483337,0.9415966272354126,1.0658295154571533,1.4566292762756348,1.709793210029602,2.0525307655334473,2.3120200634002686,2.5941240787506104,2.7602715492248535,2.9001808166503906,2.995936393737793,3.0849483013153076,2.9576377868652344,1.2888256311416626,1.180997610092163,1.1375750303268433,1.445387840270996,1.462851881980896,1.8251314163208008,1.9932781457901,2.3317980766296387,2.5170047283172607,2.824727773666382,2.9710891246795654,3.1535143852233887,3.2508304119110107,3.3627140522003174,3.3577332496643066,2.359086275100708,2.2390618324279785,2.163043975830078,2.39585280418396,2.3620901107788086,2.652013063430786,2.7013399600982666,2.9843902587890625,2.9589223861694336,3.28892183303833,3.3603124618530273,3.5766587257385254,3.8981378078460693,4.140980243682861,4.444950580596924
B2,1.0648688077926636,0.9003323912620544,0.7429392337799072,0.992928147315979,1.0808472633361816,1.424387812614441,1.6595101356506348,1.9909536838531494,2.3460285663604736,2.6150407791137695,2.810544967651367,2.991745948791504,3.015601873397827,3.069343090057373,2.9072296619415283,0.3950543701648712,0.0,0.3861806094646454,0.7099673748016357,0.9951910972595215,1.3415056467056274,1.6607383489608765,1.9882371425628662,2.3162715435028076,2.580406427383423,2.7529990673065186,2.9676923751831055,2.922219753265381,3.136530876159668,3.0297253131866455,0.7010576128959656,0.4212571978569031,0.4428067207336426,0.8276644945144653,1.0046002864837646,1.3992222547531128,1.7058954238891602,2.058530569076538,2.3524272441864014,2.652678966522217,2.8688254356384277,3.055314302444458,3.1802237033843994,3.3077988624572754,3.205683469772339,1.263819932937622,1.0628039836883545,0.9933736324310303,1.3096510171890259,1.3404847383499146,1.7341169118881226,1.93118155002594,2.299481153488159,2.5120298862457275,2.8395745754241943,3.0320451259613037,3.2520792484283447,3.3637967109680176,3.5147461891174316,3.5151216983795166,2.2609386444091797,2.0884222984313965,1.9898219108581543,2.2430739402770996,2.1924893856048584,2.515040159225464,2.5756235122680664,2.8892931938171387,2.885108709335327,3.236635208129883,3.3272645473480225,3.578481912612915,3.880047082901001,4.145988464355469,4.445270538330078
B3,1.0374585390090942,0.7547352910041809,0.4577418267726898,0.6553465723991394,0.701357364654541,1.0600883960723877,1.3011080026626587,1.640034556388855,1.9926159381866455,2.2797224521636963,2.5008442401885986,2.712880849838257,2.7723138332366943,2.866640567779541,2.743180274963379,0.5757690668106079,0.3861806094646454,0.0,0.38377779722213745,0.625110387802124,0.9839716553688049,1.304928183555603,1.6442155838012695,1.9710075855255127,2.257561445236206,2.4537367820739746,2.700214385986328,2.695798397064209,2.9418466091156006,2.8768186569213867,0.9885640740394592,0.6570009589195251,0.4132044017314911,0.6546015739440918,0.6933557391166687,1.094515323638916,1.3736724853515625,1.7446331977844238,2.02336049079895,2.34424090385437,2.571929931640625,2.789010524749756,2.949357032775879,3.1082916259765625,3.0474913120269775,1.4448082447052002,1.1862883567810059,0.9958800077438354,1.2120598554611206,1.1282951831817627,1.5081019401550293,1.647452712059021,2.023231267929077,2.20412278175354,2.5481019020080566,2.7399826049804688,2.986074209213257,3.1313581466674805,3.305171012878418,3.3409876823425293,2.3242270946502686,2.1223344802856445,1.9641411304473877,2.162849187850952,2.0494277477264404,2.3481173515319824,2.356964588165283,2.6589605808258057,2.6160502433776855,2.9668586254119873,3.0300681591033936,3.2871463298797607,3.595437526702881,3.85551381111145,4.167980194091797
B4,1.0582939386367798,0.701174259185791,0.41543516516685486,0.3545651137828827,0.44770023226737976,0.7419136762619019,1.0500633716583252,1.3472334146499634,1.7287760972976685,2.033750295639038,2.2846364974975586,2.513805627822876,2.6158549785614014,2.7464146614074707,2.6706650257110596,0.8519500494003296,0.7099673748016357,0.38377779722213745,0.0,0.40065184235572815,0.6602838635444641,1.0293879508972168,1.329715371131897,1.6874985694885254,1.9665533304214478,2.200650930404663,2.463045835494995,2.4982686042785645,2.754176139831543,2.7334136962890625,1.1517130136489868,0.804665744304657,0.4473463296890259,0.38950812816619873,0.33232855796813965,0.7179914116859436,1.026529312133789,1.385744333267212,1.6888697147369385,2.004209041595459,2.2598068714141846,2.5011911392211914,2.676957607269287,2.8675320148468018,2.834278106689453,1.4282677173614502,1.1302169561386108,0.8448341488838196,0.9442216157913208,0.7762417197227478,1.1403857469558716,1.2655510902404785,1.6450825929641724,1.834930419921875,2.180739164352417,2.3917124271392822,2.652559518814087,2.804856777191162,3.0032308101654053,3.0494606494903564,2.150441884994507,1.9327435493469238,1.7317569255828857,1.8794543743133545,1.729720115661621,2.005248785018921,1.9896527528762817,2.2840864658355713,2.2330210208892822,2.5844202041625977,2.6501643657684326,2.913311719894409,3.2163100242614746,3.4813833236694336,3.791545867919922
B5,1.3828696012496948,1.0080019235610962,0.6559677124023438,0.4755578935146332,0.1403588354587555,0.46173083782196045,0.6820285320281982,1.0213819742202759,1.3733574151992798,1.6769763231277466,1.930222749710083,2.1792256832122803,2.295271158218384,2.451894998550415,2.4002130031585693,1.03486967086792,0.9951910972595215,0.625110387802124,0.40065184235572815,0.0,0.3959099352359772,0.6841903328895569,1.0359903573989868,1.3547418117523193,1.6609610319137573,1.8852416276931763,2.1707375049591064,2.228710174560547,2.5153772830963135,2.5199508666992188,1.448301911354065,1.142359972000122,0.7944546937942505,0.6992446184158325,0.35968825221061707,0.6561775803565979,0.8079423904418945,1.2003566026687622,1.433392882347107,1.7770984172821045,2.0060408115386963,2.2580063343048096,2.4656522274017334,2.6667299270629883,2.6700470447540283,1.7597509622573853,1.4891657829284668,1.1914936304092407,1.2156689167022705,0.9406344890594482,1.214063286781311,1.2099807262420654,1.5637001991271973,1.6689144372940063,2.025266170501709,2.1940362453460693,2.465449333190918,2.657592535018921,2.854642629623413,2.9452693462371826,2.449321746826172,2.2416419982910156,2.0178205966949463,2.107116937637329,1.9120807647705078,2.132901668548584,2.0482017993927,2.3001022338867188,2.180621385574341,2.5107827186584473,2.519106388092041,2.7643978595733643,3.0909836292266846,3.329332113265991,3.6617703437805176
B6,1.568041443824768,1.186997652053833,0.9119512438774109,0.5860228538513184,0.33905017375946045,0.09923957288265228,0.4572717547416687,0.6988329887390137,1.089616060256958,1.4163824319839478,1.7094258069992065,1.9813220500946045,2.153244733810425,2.3553011417388916,2.365095376968384,1.3779040575027466,1.3415056467056274,0.9839716553688049,0.6602838635444641,0.3959099352359772,0.0,0.4054279625415802,0.6829673051834106,1.0441895723342896,1.344659686088562,1.6215858459472656,1.9308817386627197,2.045766830444336,2.3450050354003906,2.4077870845794678,1.710267424583435,1.4112820625305176,1.0531482696533203,0.807909369468689,0.40687498450279236,0.3807896673679352,0.4255237281322479,0.8187552094459534,1.0630013942718506,1.4099787473678589,1.6719722747802734,1.9599086046218872,2.1942975521087646,2.435629367828369,2.4806432723999023,1.8869225978851318,1.6097469329833984,1.2736443281173706,1.1705797910690308,0.8077812194824219,0.9628157019615173,0.8631996512413025,1.1988246440887451,1.2798194885253906,1.6428409814834595,1.824647068977356,2.118961811065674,2.3302605152130127,2.5567095279693604,2.66994047164917,2.4029479026794434,2.1918270587921143,1.9338899850845337,1.950564980506897,1.7130593061447144,1.8783985376358032,1.7434368133544922,1.964642882347107,1.8128116130828857,2.133812189102173,2.1275951862335205,2.3750264644622803,2.7013931274414062,2.938812732696533,3.2737574577331543
B7,1.9612798690795898,1.579464316368103,1.2799793481826782,0.9763029217720032,0.6514992117881775,0.35628387331962585,0.10668247938156128,0.34115782380104065,0.6994291543960571,1.0180847644805908,1.3147763013839722,1.6063042879104614,1.802201747894287,2.0374815464019775,2.0877039432525635,1.6302597522735596,1.6607383489608765,1.304928183555603,1.0293879508972168,0.6841903328895569,0.4054279625415802,0.0,0.3918609321117401,0.6717175841331482,0.9982224106788635,1.259645938873291,1.5927175283432007,1.7389914989471436,2.066683530807495,2.164825677871704,2.0069963932037354,1.7438936233520508,1.398088812828064,1.1763602495193481,0.7777243852615356,0.6728622317314148,0.40528324246406555,0.7233296632766724,0.8117072582244873,1.1772375106811523,1.3849689960479736,1.675125002861023,1.9410277605056763,2.189971685409546,2.2769815921783447,2.2046477794647217,1.9609354734420776,1.6357356309890747,1.5137079954147339,1.143048644065857,1.1958588361740112,0.9754869937896729,1.209802269935608,1.1633683443069458,1.5085724592208862,1.615875244140625,1.9056789875030518,2.1553170680999756,2.369601249694824,2.529301404953003,2.7020068168640137,2.5152230262756348,2.2571208477020264,2.2293472290039062,1.978775143623352,2.080085515975952,1.8905774354934692,2.045421838760376,1.8249719142913818,2.0986437797546387,2.0239005088806152,2.230415105819702,2.58266282081604,2.7800209522247314,3.1346006393432617
B8,2.216156482696533,1.8416259288787842,1.5902471542358398,1.2478244304656982,0.9946404695510864,0.6287229657173157,0.46552208065986633,0.14889267086982727,0.515499472618103,0.8210843801498413,1.1501491069793701,1.447514533996582,1.703576922416687,1.9784597158432007,2.094991683959961,1.9546376466751099,1.9882371425628662,1.6442155838012695,1.329715371131897,1.0359903573989868,0.6829673051834106,0.3918609321117401,0.0,0.40379098057746887,0.6804133653640747,1.0163358449935913,1.3649258613586426,1.5783336162567139,1.905625820159912,2.0682101249694824,2.265263557434082,2.0163826942443848,1.6758073568344116,1.3929493427276611,1.0316588878631592,0.7762031555175781,0.37012365460395813,0.43317803740501404,0.42063218355178833,0.7930665016174316,1.0317710638046265,1.363629698753357,1.6581541299819946,1.949849009513855,2.0839242935180664,2.360917806625366,2.129157304763794,1.798619031906128,1.60094153881073,1.2216739654541016,1.140569806098938,0.8224161267280579,0.9404649138450623,0.8082481026649475,1.137703776359558,1.2325518131256104,1.5412311553955078,1.8134289979934692,2.0539069175720215,2.240358829498291,2.708089590072632,2.5350260734558105,2.265444278717041,2.1715939044952393,1.9048305749893188,1.9323596954345703,1.6970492601394653,1.7900376319885254,1.5272507667541504,1.7646726369857788,1.6604629755020142,1.8486504554748535,2.207594871520996,2.3936867713928223,2.751392126083374
B9,2.592471122741699,2.2152299880981445,1.940722942352295,1.6153292655944824,1.3206830024719238,0.9840744137763977,0.6903485655784607,0.3461315333843231,0.18268582224845886,0.42825838923454285,0.7889227867126465,1.1245197057724,1.4278311729431152,1.7486639022827148,1.921732783317566,2.246988296508789,2.3162715435028076,1.9710075855255127,1.6874985694885254,1.3547418117523193,1.0441895723342896,0.6717175841331482,0.40379098057746887,0.0,0.38733524084091187,0.7084618210792542,1.0988181829452515,1.371280312538147,1.7258796691894531,1.935834288597107,2.5946390628814697,2.3653464317321777,2.031176805496216,1.7748405933380127,1.4042613506317139,1.1778837442398071,0.7731031775474548,0.7308400869369507,0.4458531141281128,0.7355890870094299,0.8454159498214722,1.1729017496109009,1.5095418691635132,1.8056730031967163,1.9953488111495972,2.7207748889923096,2.508882999420166,2.187303066253662,1.9960238933563232,1.6227357387542725,1.517810344696045,1.173098087310791,1.1921433210372925,0.9347416162490845,1.1817163228988647,1.1561042070388794,1.4418617486953735,1.7581231594085693,1.9758923053741455,2.2167041301727295,3.0696825981140137,2.9131405353546143,2.6473724842071533,2.5317864418029785,2.2624692916870117,2.248516082763672,1.981819748878479,2.0137083530426025,1.700988531112671,1.8698724508285522,1.6879265308380127,1.814704418182373,2.189635753631592,2.3192906379699707,2.6931753158569336
B10,2.890774726867676,2.5160973072052,2.2557427883148193,1.9216842651367188,1.641469955444336,1.2986429929733276,1.029258131980896,0.6819486021995544,0.5106408596038818,0.4248161017894745,0.6526786088943481,0.9123758673667908,1.24751615524292,1.5800493955612183,1.8078755140304565,2.479882001876831,2.580406427383423,2.257561445236206,1.9665533304214478,1.6609610319137573,1.344659686088562,0.9982224106788635,0.6804133653640747,0.38733524084091187,0.0,0.4137301445007324,0.7816948890686035,1.1084649562835693,1.4448657035827637,1.7090964317321777,2.777893543243408,2.5832555294036865,2.2678792476654053,1.9973958730697632,1.6620796918869019,1.4054573774337769,1.0109984874725342,0.8380959630012512,0.46965697407722473,0.5268473625183105,0.48146846890449524,0.7962492108345032,1.1503957509994507,1.46502685546875,1.695029854774475,2.8468377590179443,2.6709518432617188,2.367218255996704,2.1544530391693115,1.8099095821380615,1.6444355249404907,1.2970842123031616,1.2041012048721313,0.8957379460334778,1.0215562582015991,0.8799591660499573,1.1065927743911743,1.4291261434555054,1.627073884010315,1.8942738771438599,3.1214821338653564,3.001744031906128,2.752927541732788,2.6030972003936768,2.3577358722686768,2.288872003555298,2.0177128314971924,1.9846750497817993,1.6598572731018066,1.7600011825561523,1.5515782833099365,1.6013622283935547,1.9890507459640503,2.0782840251922607,2.4479458332061768
B11,3.182675838470459,2.803880453109741,2.5163614749908447,2.20702862739563,1.890133023262024,1.5880532264709473,1.2702306509017944,0.9920284152030945,0.7719718217849731,0.48266980051994324,0.39112240076065063,0.5167797803878784,0.8538059592247009,1.1957159042358398,1.4628574848175049,2.5974271297454834,2.7529990673065186,2.4537367820739746,2.200650930404663,1.8852416276931763,1.6215858459472656,1.259645938873291,1.0163358449935913,0.7084618210792542,0.4137301445007324,0.0,0.40239912271499634,0.7435978651046753,1.095375418663025,1.378098487854004,2.9057860374450684,2.7541162967681885,2.463397741317749,2.2333734035491943,1.9092328548431396,1.704494833946228,1.3305045366287231,1.1953045129776,0.8655089139938354,0.8399665355682373,0.5801714658737183,0.6562888622283936,0.9641612768173218,1.211469292640686,1.4536356925964355,3.0119011402130127,2.877553939819336,2.6008787155151367,2.423632860183716,2.1062710285186768,1.9639393091201782,1.6492217779159546,1.550268530845642,1.2623095512390137,1.3199379444122314,1.0806337594985962,1.1689008474349976,1.451025128364563,1.5533968210220337,1.8322380781173706,3.347094774246216,3.2623579502105713,3.0409176349639893,2.904125690460205,2.691128969192505,2.6200814247131348,2.3697457313537598,2.319659471511841,2.006348133087158,2.0696041584014893,1.8524119853973389,1.8311620950698853,2.2193055152893066,2.2559847831726074,2.614306688308716
B12,3.469592332839966,3.0943901538848877,2.807664632797241,2.5087671279907227,2.193359613418579,1.9108564853668213,1.6052550077438354,1.3538647890090942,1.1693181991577148,0.8680974245071411,0.6294401288032532,0.44461798667907715,0.6710166335105896,0.9609720706939697,1.2701680660247803,2.772893190383911,2.9676923751831055,2.700214385986328,2.463045835494995,2.1707375049591064,1.9308817386627197,1.5927175283432007,1.3649258613586426,1.0988181829452515,0.7816948890686035,0.40239912271499634,0.0,0.41575753688812256,0.7263942956924438,1.0594940185546875,3.0422706604003906,2.9360992908477783,2.675590991973877,2.4615273475646973,2.172970771789551,1.9834064245224,1.6404025554656982,1.4876811504364014,1.1938403844833374,1.0805745124816895,0.7260276079177856,0.5326685309410095,0.7076133489608765,0.8704039454460144,1.129422664642334,3.1277127265930176,3.0393481254577637,2.79362416267395,2.6290462017059326,2.3505067825317383,2.1995811462402344,1.9177570343017578,1.7847949266433716,1.523070216178894,1.505444049835205,1.2037242650985718,1.149415373802185,1.355581521987915,1.356976866722107,1.6307564973831177,3.452399253845215,3.410004138946533,3.2189924716949463,3.0792272090911865,2.9048190116882324,2.814215898513794,2.587653636932373,2.509401559829712,2.217928886413574,2.2401204109191895,2.0341482162475586,1.9466395378112793,2.3244285583496094,2.321227788925171,2.6535818576812744
B13,3.5346028804779053,3.165517568588257,2.867797374725342,2.600560426712036,2.276437520980835,2.043842077255249,1.7454088926315308,1.5649923086166382,1.4402539730072021,1.1672470569610596,0.8916404843330383,0.5999115705490112,0.5423468947410583,0.6669264435768127,0.934013843536377,2.681014060974121,2.922219753265381,2.695798397064209,2.4982686042785645,2.228710174560547,2.045766830444336,1.7389914989471436,1.5783336162567139,1.371280312538147,1.1084649562835693,0.7435978651046753,0.41575753688812256,0.0,0.3762779235839844,0.6504238247871399,2.929631233215332,2.8736016750335693,2.6515746116638184,2.482616662979126,2.2298970222473145,2.097553253173828,1.8031320571899414,1.7011232376098633,1.475305438041687,1.3897466659545898,1.067362666130066,0.8029670119285583,0.7874008417129517,0.7619617581367493,0.8995663523674011,3.0422544479370117,3.000251054763794,2.792759418487549,2.6748108863830566,2.4387784004211426,2.3284459114074707,2.1013481616973877,2.0024428367614746,1.8022247552871704,1.7961630821228027,1.517443060874939,1.4092183113098145,1.5251266956329346,1.4384028911590576,1.6418849229812622,3.4444386959075928,3.436363458633423,3.2811028957366943,3.174891471862793,3.0431249141693115,2.9778685569763184,2.794325590133667,2.738792896270752,2.4853930473327637,2.5247538089752197,2.359067440032959,2.269458293914795,2.642279624938965,2.644808530807495,2.956878423690796
