,A1,A2,A3,A4,A5,A6,A7,A8,A9,A10,A11,A12,A13,A14,A15,B1,B2,B3,B4,B5,B6,B7,B8,B9,B10,B11,B12,B13,B14,B15,C1,C2,C3,C4,C5,C6,C7,C8,C9,C10,C11,C12,C13,C14,C15,D1,D2,D3,D4,D5,D6,D7,D8,D9,D10,D11,D12,D13,D14,D15,E1,E2,E3,E4,E5,E6,E7,E8,E9,E10,E11,E12,E13,E14,E15
A1,0.0,0.3910936713218689,0.6437658071517944,0.9660854339599609,1.2562212944030762,1.5590393543243408,1.914713978767395,2.1010074615478516,2.1637866497039795,1.858303427696228,1.8623967170715332,1.5334088802337646,1.6419960260391235,1.4150047302246094,1.6275529861450195,0.4745575785636902,0.5755912661552429,0.690083920955658,1.0049039125442505,1.2375941276550293,1.5879889726638794,1.9661129713058472,2.0965218544006348,2.206552743911743,1.9059066772460938,1.9808204174041748,1.7177951335906982,1.8665263652801514,1.713242769241333,1.9276978969573975,1.0077762603759766,1.0245169401168823,1.0548726320266724,1.2598283290863037,1.4285250902175903,1.7315047979354858,2.121764898300171,2.2146682739257812,2.3585588932037354,2.0941054821014404,2.197233200073242,1.9923491477966309,2.160879373550415,2.0665440559387207,2.2799227237701416,1.5387470722198486,1.5140070915222168,1.5143848657608032,1.6367673873901367,1.7601302862167358,2.0003371238708496,2.3847641944885254,2.4474077224731445,2.6049540042877197,2.3841803073883057,2.4839863777160645,2.327148199081421,2.503206491470337,2.4552721977233887,2.6634812355041504,2.052515983581543,2.0064454078674316,2.016892194747925,2.0841104984283447,2.174389600753784,2.359163522720337,2.732403039932251,2.7740626335144043,2.9330894947052,2.746577501296997,2.838484048843384,2.7101967334747314,2.890369415283203,2.8659656047821045,3.0602569580078125
A2,0.3910936713218689,0.0,0.39147910475730896,0.6358340382575989,0.9786150455474854,1.2616606950759888,1.6392048597335815,1.8023368120193481,1.860440969467163,1.5403350591659546,1.5542455911636353,1.2428805828094482,1.3711477518081665,1.1998822689056396,1.442809820175171,0.7012038230895996,0.5551196336746216,0.6525341868400574,0.8292880654335022,1.0920276641845703,1.3894792795181274,1.781618356704712,1.8623058795928955,1.9683605432510376,1.6672565937042236,1.7435038089752197,1.5133306980133057,1.664994716644287,1.5650089979171753,1.7855005264282227,1.1838887929916382,1.0768723487854004,1.1107327938079834,1.203294277191162,1.3872499465942383,1.6213960647583008,2.008481502532959,2.0458385944366455,2.183537721633911,1.9327614307403564,2.0269412994384766,1.8566583395004272,2.0166265964508057,1.965883731842041,2.170907974243164,1.6927391290664673,1.590035319328308,1.6036670207977295,1.64608633518219,1.7831708192825317,1.9581621885299683,2.3264966011047363,2.3360607624053955,2.482893705368042,2.281989812850952,2.3676085472106934,2.241126298904419,2.4030842781066895,2.3869845867156982,2.5776398181915283,2.1967287063598633,2.0947704315185547,2.123004913330078,2.1321635246276855,2.23775577545166,2.3659250736236572,2.7158751487731934,2.710021734237671,2.8544228076934814,2.688903331756592,2.763423442840576,2.6614511013031006,2.8237040042877197,2.820974349975586,2.9889986515045166
A3,0.6437658071517944,0.39147910475730896,0.0,0.37514564394950867,0.6253038644790649,0.9527154564857483,1.317569375038147,1.5353786945343018,1.6662075519561768,1.3952196836471558,1.5039544105529785,1.2620595693588257,1.4861222505569458,1.4034947156906128,1.70086669921875,0.9257910251617432,0.727289080619812,0.5997928977012634,0.6680504679679871,0.8151813745498657,1.0995557308197021,1.4907771348953247,1.6099165678024292,1.784443736076355,1.5387227535247803,1.6950267553329468,1.5404480695724487,1.76334810256958,1.7392131090164185,2.0073561668395996,1.3712170124053955,1.203584909439087,1.117330551147461,1.1205564737319946,1.208137035369873,1.3926392793655396,1.7656344175338745,1.8248355388641357,2.0216891765594482,1.8275437355041504,1.9846198558807373,1.8841556310653687,2.098541736602783,2.1133902072906494,2.357707977294922,1.8480967283248901,1.6900053024291992,1.6254245042800903,1.5962445735931396,1.660862684249878,1.7803467512130737,2.1254770755767822,2.1478323936462402,2.343384027481079,2.196012258529663,2.3317668437957764,2.26680064201355,2.4715142250061035,2.513031005859375,2.7339625358581543,2.3269104957580566,2.1756198406219482,2.1478705406188965,2.097435712814331,2.14837646484375,2.22489595413208,2.5477492809295654,2.550516366958618,2.733436346054077,2.616786003112793,2.7305896282196045,2.6825485229492188,2.8780789375305176,2.9268271923065186,3.1163289546966553
A4,0.9660854339599609,0.6358340382575989,0.37514564394950867,0.0,0.3879835605621338,0.6332419514656067,1.0193427801132202,1.1953942775726318,1.3164143562316895,1.0446724891662598,1.1868317127227783,1.0022820234298706,1.274064540863037,1.28307044506073,1.6105506420135498,1.1595499515533447,0.8569790124893188,0.7233696579933167,0.574806272983551,0.7197011113166809,0.8888055682182312,1.2746977806091309,1.3263112306594849,1.490215539932251,1.257574439048767,1.4264391660690308,1.3317184448242188,1.5700969696044922,1.6177762746810913,1.8983724117279053,1.5245461463928223,1.273766040802002,1.1920959949493408,1.0786223411560059,1.1733226776123047,1.2611111402511597,1.6097642183303833,1.6012778282165527,1.783495545387268,1.6132328510284424,1.7648067474365234,1.7142175436019897,1.9266598224639893,1.9956459999084473,2.2391772270202637,1.9503428936004639,1.729705810546875,1.6765220165252686,1.5713413953781128,1.6487269401550293,1.6946759223937988,2.0089805126190186,1.971735954284668,2.148587942123413,2.0266945362091064,2.1496357917785645,2.12337064743042,2.318235158920288,2.3987932205200195,2.609295606613159,2.3985061645507812,2.1983399391174316,2.1853554248809814,2.0808677673339844,2.1480116844177246,2.1668732166290283,2.457437038421631,2.4093825817108154,2.5713672637939453,2.478186845779419,2.575453996658325,2.558363914489746,2.7389824390411377,2.815195083618164,2.985231399536133
A5,1.2562212944030762,0.9786150455474854,0.6253038644790649,0.3879835605621338,0.0,0.3718547821044922,0.7143316864967346,0.9823520183563232,1.2137523889541626,1.0438275337219238,1.2948681116104126,1.2107162475585938,1.5387580394744873,1.6069871187210083,1.9532630443572998,1.4407492876052856,1.1551066637039185,0.9137480854988098,0.6911242008209229,0.6139379739761353,0.6812760829925537,1.0322626829147339,1.1341922283172607,1.390143871307373,1.2527145147323608,1.5061845779418945,1.4997131824493408,1.7886584997177124,1.8924624919891357,2.1998038291931152,1.7746483087539673,1.5067224502563477,1.338562250137329,1.1565762758255005,1.1290855407714844,1.1284195184707642,1.429616093635559,1.4458400011062622,1.6972298622131348,1.6074661016464233,1.8233329057693481,1.847910761833191,2.104095935821533,2.226123332977295,2.497499942779541,2.1635406017303467,1.9127254486083984,1.7932586669921875,1.6286824941635132,1.6240582466125488,1.5991060733795166,1.867672324180603,1.8450411558151245,2.074361562728882,2.0195162296295166,2.193690538406372,2.2313590049743652,2.4631764888763428,2.593517780303955,2.8285892009735107,2.57857608795166,2.3444972038269043,2.2792201042175293,2.1227622032165527,2.1306021213531494,2.0916781425476074,2.340756416320801,2.3031399250030518,2.504971742630005,2.468535900115967,2.606222152709961,2.6444406509399414,2.855257272720337,2.9784481525421143,3.168063163757324
A6,1.5590393543243408,1.2616606950759888,0.9527154564857483,0.6332419514656067,0.3718547821044922,0.0,0.3908836245536804,0.6117709279060364,0.8666061758995056,0.7633775472640991,1.0815439224243164,1.104287028312683,1.4659132957458496,1.616736650466919,1.9760839939117432,1.6752983331680298,1.3457626104354858,1.1169452667236328,0.7913222312927246,0.6870564222335815,0.5398164987564087,0.8165866136550903,0.8265984058380127,1.0863560438156128,1.007704257965088,1.2915576696395874,1.3735132217407227,1.6781506538391113,1.8520387411117554,2.1688344478607178,1.932881474494934,1.6153897047042847,1.4510605335235596,1.183454155921936,1.1491968631744385,1.0296707153320312,1.2672659158706665,1.204506278038025,1.4427982568740845,1.402964472770691,1.6226820945739746,1.7144032716751099,1.973272442817688,2.151867389678955,2.425884246826172,2.2598934173583984,1.9629679918289185,1.848859429359436,1.619085669517517,1.617774486541748,1.5123757123947144,1.7287861108779907,1.6433607339859009,1.8531684875488281,1.838427186012268,2.006737232208252,2.0943822860717773,2.32167911529541,2.4956798553466797,2.7261314392089844,2.6304521560668945,2.355440139770508,2.297557830810547,2.091090202331543,2.108426332473755,2.0092384815216064,2.213592767715454,2.125196695327759,2.3056461811065674,2.301447868347168,2.428215980529785,2.505340099334717,2.7062463760375977,2.862722158432007,3.039797067642212
A7,1.914713978767395,1.6392048597335815,1.317569375038147,1.0193427801132202,0.7143316864967346,0.3908836245536804,0.0,0.38497230410575867,0.7663407921791077,0.8463351130485535,1.2181096076965332,1.338045597076416,1.7143940925598145,1.910658359527588,2.2766473293304443,1.996417760848999,1.670998215675354,1.4104262590408325,1.0654364824295044,0.8640264868736267,0.5577723979949951,0.6231961250305176,0.6165658235549927,0.9571506381034851,1.024100422859192,1.3591923713684082,1.5317646265029907,1.8586103916168213,2.082207202911377,2.412576675415039,2.2013938426971436,1.8683820962905884,1.6652426719665527,1.348857045173645,1.2365773916244507,0.9996927976608276,1.1178276538848877,1.032880425453186,1.3130114078521729,1.3784408569335938,1.6394615173339844,1.811750054359436,2.0935399532318115,2.3231470584869385,2.6128041744232178,2.4717328548431396,2.1474428176879883,1.9972524642944336,1.7132397890090942,1.655742883682251,1.4610871076583862,1.592993140220642,1.488417625427246,1.7239885330200195,1.7888303995132446,1.9903028011322021,2.146667957305908,2.394171953201294,2.6174368858337402,2.861431837081909,2.791651487350464,2.483762741088867,2.3942649364471436,2.1361827850341797,2.1142075061798096,1.9442609548568726,2.0821876525878906,1.9777865409851074,2.174816846847534,2.234013080596924,2.385676145553589,2.5219268798828125,2.7383811473846436,2.941514492034912,3.127603769302368
A8,2.1010074615478516,1.8023368120193481,1.5353786945343018,1.1953942775726318,0.9823520183563232,0.6117709279060364,0.38497230410575867,0.0,0.41103819012641907,0.6100354194641113,0.9858481884002686,1.2020496129989624,1.5639811754226685,1.8204822540283203,2.1750569343566895,2.1337664127349854,1.7776623964309692,1.570805311203003,1.1934454441070557,1.0760612487792969,0.736749529838562,0.7213678359985352,0.4812629818916321,0.7002600431442261,0.8172543048858643,1.1233497858047485,1.3681522607803345,1.6718355417251587,1.9462836980819702,2.262655258178711,2.2812047004699707,1.919772744178772,1.76458740234375,1.4162006378173828,1.3675261735916138,1.0905312299728394,1.15727698802948,0.9414168000221252,1.1233986616134644,1.2096632719039917,1.4229748249053955,1.6403696537017822,1.8914495706558228,2.158750534057617,2.429306745529175,2.5032544136047363,2.1548454761505127,2.0478906631469727,1.7378417253494263,1.7333587408065796,1.5062227249145508,1.6023386716842651,1.406526803970337,1.5649230480194092,1.6389234066009521,1.7928236722946167,1.9745811223983765,2.1886253356933594,2.435528039932251,2.6553637981414795,2.7882883548736572,2.460268497467041,2.4096686840057373,2.1327226161956787,2.1578402519226074,1.962285041809082,2.072021484375,1.897469162940979,2.032229423522949,2.0948243141174316,2.2022552490234375,2.3529274463653564,2.534592866897583,2.749762773513794,2.90590500831604
A9,2.1637866497039795,1.860440969467163,1.6662075519561768,1.3164143562316895,1.2137523889541626,0.8666061758995056,0.7663407921791077,0.41103819012641907,0.0,0.38028475642204285,0.6809360980987549,0.9791608452796936,1.3078807592391968,1.6086928844451904,1.9460679292678833,2.134039878845215,1.7605819702148438,1.622218370437622,1.241890549659729,1.2286128997802734,0.9259927272796631,0.918117344379425,0.5591030120849609,0.4867974817752838,0.5637163519859314,0.7884166836738586,1.089259386062622,1.3580050468444824,1.6720893383026123,1.97190260887146,2.214230537414551,1.8363226652145386,1.7450820207595825,1.390807032585144,1.431204080581665,1.1712316274642944,1.2359752655029297,0.9242038130760193,0.9475913643836975,0.9889195561408997,1.1164783239364624,1.35148024559021,1.5602272748947144,1.8522471189498901,2.1014795303344727,2.3851802349090576,2.024937152862549,1.9768229722976685,1.6649727821350098,1.7368594408035278,1.5210082530975342,1.6180291175842285,1.3482542037963867,1.3990473747253418,1.433740258216858,1.5141690969467163,1.691403865814209,1.86134672164917,2.1160354614257812,2.3096446990966797,2.637816905975342,2.3029117584228516,2.3051626682281494,2.0323164463043213,2.1233603954315186,1.937320351600647,2.049417495727539,1.8156957626342773,1.8709765672683716,1.899071455001831,1.944871425628662,2.0814101696014404,2.219916582107544,2.429363489151001,2.554713249206543
A10,1.858303427696228,1.5403350591659546,1.3952196836471558,1.0446724891662598,1.0438275337219238,0.7633775472640991,0.8463351130485535,0.6100354194641113,0.38028475642204285,0.0,0.3806503117084503,0.6229952573776245,0.9636657238006592,1.2506245374679565,1.5907695293426514,1.83826744556427,1.45612370967865,1.3724122047424316,1.0115288496017456,1.1030442714691162,0.9025775194168091,1.0439362525939941,0.7663212418556213,0.6897065043449402,0.516984760761261,0.6566453576087952,0.8496353030204773,1.099284291267395,1.377914309501648,1.6698002815246582,1.9477660655975342,1.5773693323135376,1.5386182069778442,1.2249025106430054,1.3478931188583374,1.1849726438522339,1.3591166734695435,1.0974805355072021,1.1066865921020508,1.0115375518798828,1.083816409111023,1.2137315273284912,1.3934873342514038,1.6332836151123047,1.8668829202651978,2.1641387939453125,1.8260138034820557,1.8225880861282349,1.5613961219787598,1.6924203634262085,1.5595128536224365,1.7397772073745728,1.504591703414917,1.5437285900115967,1.4855579137802124,1.5282539129257202,1.6197832822799683,1.7645010948181152,1.962947964668274,2.1408777236938477,2.464881181716919,2.160775899887085,2.1998353004455566,1.9782077074050903,2.109635591506958,1.9925898313522339,2.1717379093170166,1.9637421369552612,2.0110695362091064,1.9691886901855469,1.9895480871200562,2.056105136871338,2.1765189170837402,2.3316702842712402,2.446046829223633
A11,1.8623967170715332,1.5542455911636353,1.5039544105529785,1.1868317127227783,1.2948681116104126,1.0815439224243164,1.2181096076965332,0.9858481884002686,0.6809360980987549,0.3806503117084503,0.0,0.3789011538028717,0.6348960995674133,0.96601802110672,1.2780520915985107,1.792205572128296,1.4140174388885498,1.4264005422592163,1.1164240837097168,1.3100645542144775,1.1840254068374634,1.3460288047790527,1.0697705745697021,0.874660849571228,0.5944751501083374,0.4866870045661926,0.6065128445625305,0.7613900899887085,1.0576093196868896,1.3188838958740234,1.8498873710632324,1.487481951713562,1.538585901260376,1.269469976425171,1.4848897457122803,1.384690284729004,1.5787365436553955,1.3048497438430786,1.2093656063079834,1.0209877490997314,0.9603514671325684,1.0136638879776,1.107247233390808,1.3278381824493408,1.5217262506484985,2.0356085300445557,1.712321400642395,1.786576271057129,1.5663248300552368,1.7762075662612915,1.6947872638702393,1.897517442703247,1.6433625221252441,1.600627064704895,1.4686514139175415,1.4211992025375366,1.4466458559036255,1.5223114490509033,1.6840426921844482,1.8207685947418213,2.3246989250183105,2.040414810180664,2.1438472270965576,1.96095871925354,2.1575703620910645,2.083221673965454,2.2852704524993896,2.0563387870788574,2.0408847332000732,1.9391242265701294,1.8934950828552246,1.9037874937057495,1.9692717790603638,2.0810248851776123,2.156792163848877
A12,1.5334088802337646,1.2428805828094482,1.2620595693588257,1.0022820234298706,1.2107162475585938,1.104287028312683,1.338045597076416,1.2020496129989624,0.9791608452796936,0.6229952573776245,0.3789011538028717,0.0,0.3880997598171234,0.630708634853363,0.9846270084381104,1.4495865106582642,1.0789204835891724,1.1582897901535034,0.9167156219482422,1.201449990272522,1.1913344860076904,1.4377110004425049,1.2477061748504639,1.1044994592666626,0.7479639649391174,0.6287580728530884,0.492430180311203,0.6273542046546936,0.8094736933708191,1.0897492170333862,1.5252639055252075,1.1832265853881836,1.2883591651916504,1.091356635093689,1.3714650869369507,1.3744291067123413,1.6430803537368774,1.4403212070465088,1.3744139671325684,1.1071327924728394,1.0449929237365723,0.9619937539100647,1.0486690998077393,1.1714516878128052,1.3707826137542725,1.7575324773788452,1.4690874814987183,1.5778793096542358,1.4258668422698975,1.6741920709609985,1.6779989004135132,1.9457273483276367,1.7484463453292847,1.7266242504119873,1.5296900272369385,1.4844428300857544,1.4216684103012085,1.4992058277130127,1.5880111455917358,1.7326973676681519,2.0971028804779053,1.8533037900924683,1.9771612882614136,1.8533730506896973,2.069871187210083,2.0651943683624268,2.324354410171509,2.141305685043335,2.1435389518737793,1.989294409751892,1.949479103088379,1.8953005075454712,1.9688878059387207,2.026031255722046,2.1179471015930176
A13,1.6419960260391235,1.3711477518081665,1.4861222505569458,1.274064540863037,1.5387580394744873,1.4659132957458496,1.7143940925598145,1.5639811754226685,1.3078807592391968,0.9636657238006592,0.6348960995674133,0.3880997598171234,0.0,0.3747705817222595,0.6434940695762634,1.5384975671768188,1.2092978954315186,1.3900432586669922,1.2256437540054321,1.5497530698776245,1.5732429027557373,1.821174144744873,1.6207283735275269,1.4339371919631958,1.0785958766937256,0.8499838709831238,0.6323700547218323,0.5092227458953857,0.6029737591743469,0.7731666564941406,1.5822547674179077,1.2897028923034668,1.4894450902938843,1.3637118339538574,1.6875959634780884,1.7283165454864502,1.9972478151321411,1.7871787548065186,1.6682684421539307,1.3712737560272217,1.214432716369629,1.0501774549484253,0.9969221353530884,1.0338996648788452,1.1332526206970215,1.7939180135726929,1.5539207458496094,1.742785930633545,1.650169849395752,1.946655035018921,1.9888818264007568,2.2620553970336914,2.055870771408081,1.9811195135116577,1.7433292865753174,1.6228582859039307,1.4908908605575562,1.4748375415802002,1.4886219501495361,1.5560516119003296,2.1250100135803223,1.9255108833312988,2.113642930984497,2.0404670238494873,2.303327798843384,2.335129499435425,2.6044881343841553,2.4100637435913086,2.365206241607666,2.1692068576812744,2.0705151557922363,1.9583353996276855,1.9641404151916504,1.9552249908447266,1.9879190921783447
A14,1.4150047302246094,1.1998822689056396,1.4034947156906128,1.28307044506073,1.6069871187210083,1.616736650466919,1.910658359527588,1.8204822540283203,1.6086928844451904,1.2506245374679565,0.96601802110672,0.630708634853363,0.3747705817222595,0.0,0.38829275965690613,1.2843685150146484,1.0106724500656128,1.277082085609436,1.218966007232666,1.5862412452697754,1.6956063508987427,1.98453688621521,1.8452917337417603,1.6921768188476562,1.3149783611297607,1.111721158027649,0.7955747246742249,0.6576139330863953,0.5118743777275085,0.641995906829834,1.3294845819473267,1.1005597114562988,1.3672633171081543,1.3402469158172607,1.696646809577942,1.8194395303726196,2.128781795501709,1.9756158590316772,1.8795980215072632,1.5465830564498901,1.403128981590271,1.1525235176086426,1.092972993850708,1.0037797689437866,1.0864704847335815,1.577492117881775,1.4026850461959839,1.631046175956726,1.6210237741470337,1.9391510486602783,2.054203987121582,2.3679354190826416,2.211397886276245,2.153646945953369,1.8760565519332886,1.763954758644104,1.564711570739746,1.5494320392608643,1.4831615686416626,1.5520086288452148,1.9494478702545166,1.8089367151260376,2.0177650451660156,2.011162281036377,2.2857770919799805,2.3805136680603027,2.690121650695801,2.5377895832061768,2.507401466369629,2.2733774185180664,2.1829545497894287,2.017117500305176,2.02962327003479,1.9654865264892578,2.013608694076538
A15,1.6275529861450195,1.442809820175171,1.70086669921875,1.6105506420135498,1.9532630443572998,1.9760839939117432,2.2766473293304443,2.1750569343566895,1.9460679292678833,1.5907695293426514,1.2780520915985107,0.9846270084381104,0.6434940695762634,0.38829275965690613,0.0,1.505475401878357,1.2981430292129517,1.6084351539611816,1.590967059135437,1.9639029502868652,2.0818960666656494,2.371135711669922,2.2198996543884277,2.046020746231079,1.6742337942123413,1.431618332862854,1.1230570077896118,0.881407618522644,0.65944504737854,0.5363343954086304,1.5335338115692139,1.3763676881790161,1.6865973472595215,1.7019625902175903,2.067361354827881,2.2031965255737305,2.50949764251709,2.3482658863067627,2.225579023361206,1.8869775533676147,1.6979379653930664,1.422701120376587,1.2723369598388672,1.1057599782943726,1.053173542022705,1.7555164098739624,1.64249587059021,1.917197346687317,1.948638677597046,2.284886121749878,2.4183807373046875,2.730876922607422,2.5678348541259766,2.4798383712768555,2.1857903003692627,2.029141426086426,1.7930573225021362,1.7053964138031006,1.5700721740722656,1.5516328811645508,2.106534242630005,2.017864227294922,2.269360065460205,2.3026485443115234,2.601219415664673,2.7182013988494873,3.030273675918579,2.871168375015259,2.8105523586273193,2.5538201332092285,2.4236514568328857,2.219203233718872,2.1752688884735107,2.0506680011749268,2.0385029315948486
B1,0.4745575785636902,0.7012038230895996,0.9257910251617432,1.1595499515533447,1.4407492876052856,1.6752983331680298,1.996417760848999,2.1337664127349854,2.134039878845215,1.83826744556427,1.792205572128296,1.4495865106582642,1.5384975671768188,1.2843685150146484,1.505475401878357,0.0,0.3843691647052765,0.6022828221321106,0.9529776573181152,1.2265206575393677,1.5744166374206543,1.9168442487716675,2.035451889038086,2.084677219390869,1.766280174255371,1.8014265298843384,1.4990191459655762,1.6396092176437378,1.4508001804351807,1.6858329772949219,0.5332714319229126,0.6123430132865906,0.7181063294410706,1.012520670890808,1.246071696281433,1.590137243270874,1.9703298807144165,2.063934087753296,2.1557164192199707,1.8554691076278687,1.9323045015335083,1.684326410293579,1.852182388305664,1.7274378538131714,1.9633126258850098,1.0648056268692017,1.0674164295196533,1.106154203414917,1.292415976524353,1.4717243909835815,1.7630364894866943,2.156348705291748,2.2222657203674316,2.3396897315979004,2.0787837505340576,2.160515785217285,1.9658316373825073,2.143519401550293,2.073593854904175,2.3031117916107178,1.5798527002334595,1.551724910736084,1.5864276885986328,1.696420669555664,1.8290207386016846,2.058332920074463,2.448942184448242,2.492180824279785,2.6220908164978027,2.3980019092559814,2.477417469024658,2.3169145584106445,2.4994726181030273,2.459083318710327,2.6745948791503906
B2,0.5755912661552429,0.5551196336746216,0.727289080619812,0.8569790124893188,1.1551066637039185,1.3457626104354858,1.670998215675354,1.7776623964309692,1.7605819702148438,1.45612370967865,1.4140174388885498,1.0789204835891724,1.2092978954315186,1.0106724500656128,1.2981430292129517,0.3843691647052765,0.0,0.3801209032535553,0.6319848299026489,0.9673036336898804,1.2764419317245483,1.6292451620101929,1.7039804458618164,1.7402011156082153,1.4123504161834717,1.4520679712295532,1.1693886518478394,1.3395185470581055,1.210870385169983,1.4863243103027344,0.6859787702560425,0.5218644738197327,0.6186442971229553,0.7814604640007019,1.0577880144119263,1.3465749025344849,1.7315986156463623,1.7735862731933594,1.8559401035308838,1.558951497077942,1.6346452236175537,1.4176329374313354,1.5982139110565186,1.5292021036148071,1.781165599822998,1.1589534282684326,1.035196304321289,1.0768855810165405,1.1561198234558105,1.3574391603469849,1.5835882425308228,1.9679734706878662,1.9811222553253174,2.088364601135254,1.8421629667282104,1.9167746305465698,1.7554047107696533,1.9338129758834839,1.9087589979171753,2.1369099617004395,1.6519659757614136,1.5405731201171875,1.5873196125030518,1.6191774606704712,1.7687088251113892,1.9349068403244019,2.3051631450653076,2.2992358207702637,2.416304111480713,2.212397813796997,2.279764175415039,2.15089750289917,2.3254902362823486,2.3184163570404053,2.518172264099121
B3,0.690083920955658,0.6525341868400574,0.5997928977012634,0.7233696579933167,0.9137480854988098,1.1169452667236328,1.4104262590408325,1.570805311203003,1.622218370437622,1.3724122047424316,1.4264005422592163,1.1582897901535034,1.3900432586669922,1.277082085609436,1.6084351539611816,0.6022828221321106,0.3801209032535553,0.0,0.38362032175064087,0.6260966658592224,0.9763005971908569,1.3284382820129395,1.4680930376052856,1.5771194696426392,1.3052788972854614,1.4415143728256226,1.2387677431106567,1.4958932399749756,1.447367548942566,1.767573356628418,0.8734233975410461,0.6662560701370239,0.5177322030067444,0.5939051508903503,0.7570438385009766,1.0505512952804565,1.4415181875228882,1.5351078510284424,1.6891634464263916,1.44729483127594,1.6085103750228882,1.4674607515335083,1.7208185195922852,1.7220780849456787,2.0183258056640625,1.2929128408432007,1.1144907474517822,1.0259958505630493,1.0283544063568115,1.1320596933364868,1.3275409936904907,1.7076148986816406,1.7580476999282837,1.9298436641693115,1.7365362644195557,1.8821274042129517,1.7880345582962036,2.026346206665039,2.063934803009033,2.3312973976135254,1.7490185499191284,1.5875966548919678,1.5488078594207764,1.517961859703064,1.592759370803833,1.7192312479019165,2.076164960861206,2.0979926586151123,2.268775701522827,2.113818883895874,2.23781156539917,2.167206048965454,2.3902668952941895,2.440291166305542,2.6727118492126465
B4,1.0049039125442505,0.8292880654335022,0.6680504679679871,0.574806272983551,0.6911242008209229,0.7913222312927246,1.0654364824295044,1.1934454441070557,1.241890549659729,1.0115288496017456,1.1164240837097168,0.9167156219482422,1.2256437540054321,1.218966007232666,1.590967059135437,0.9529776573181152,0.6319848299026489,0.38362032175064087,0.0,0.38367709517478943,0.6457334756851196,1.0090941190719604,1.1026935577392578,1.2177281379699707,0.9615838527679443,1.1467581987380981,1.0233197212219238,1.3314861059188843,1.378834843635559,1.7257721424102783,1.1460126638412476,0.8387433886528015,0.6778243184089661,0.5046672821044922,0.6456870436668396,0.8082925081253052,1.1914042234420776,1.2232438325881958,1.3843990564346313,1.1741551160812378,1.3605642318725586,1.2942205667495728,1.5712456703186035,1.6508007049560547,1.9589099884033203,1.4853357076644897,1.2219529151916504,1.1270124912261963,0.9972182512283325,1.0908138751983643,1.1743799448013306,1.522300124168396,1.5113242864608765,1.6827292442321777,1.528754711151123,1.6816990375518799,1.6492191553115845,1.8946716785430908,1.9921752214431763,2.258533477783203,1.8906264305114746,1.6610386371612549,1.6235642433166504,1.5064512491226196,1.5820261240005493,1.6219558715820312,1.9380947351455688,1.906390905380249,2.0694007873535156,1.9527993202209473,2.0734200477600098,2.052989959716797,2.2724900245666504,2.3674750328063965,2.5866596698760986
B5,1.2375941276550293,1.0920276641845703,0.8151813745498657,0.7197011113166809,0.6139379739761353,0.6870564222335815,0.8640264868736267,1.0760612487792969,1.2286128997802734,1.1030442714691162,1.3100645542144775,1.201449990272522,1.5497530698776245,1.5862412452697754,1.9639029502868652,1.2265206575393677,0.9673036336898804,0.6260966658592224,0.38367709517478943,0.0,0.3833144009113312,0.7347836494445801,0.9439122080802917,1.172436237335205,1.0306975841522217,1.31134033203125,1.2814780473709106,1.6279301643371582,1.7194684743881226,2.0796542167663574,1.4113689661026,1.1272631883621216,0.8580800294876099,0.6302369236946106,0.5167089104652405,0.5902504920959473,0.9533430337905884,1.0625483989715576,1.3254364728927612,1.2128311395645142,1.4839236736297607,1.4996050596237183,1.8202067613601685,1.9452933073043823,2.275264263153076,1.7105730772018433,1.4363270998001099,1.2478278875350952,1.0568774938583374,1.0122709274291992,1.018696904182434,1.3303570747375488,1.3679434061050415,1.6204746961593628,1.545143723487854,1.770036220550537,1.8077239990234375,2.0968570709228516,2.241032838821411,2.532700300216675,2.0736966133117676,1.8190263509750366,1.706272840499878,1.5344903469085693,1.5189732313156128,1.4987345933914185,1.7783174514770508,1.7807056903839111,2.005762815475464,1.9535256624221802,2.1324822902679443,2.1724884510040283,2.4317429065704346,2.5742409229278564,2.8186206817626953
B6,1.5879889726638794,1.3894792795181274,1.0995557308197021,0.8888055682182312,0.6812760829925537,0.5398164987564087,0.5577723979949951,0.736749529838562,0.9259927272796631,0.9025775194168091,1.1840254068374634,1.1913344860076904,1.5732429027557373,1.6956063508987427,2.0818960666656494,1.5744166374206543,1.2764419317245483,0.9763005971908569,0.6457334756851196,0.3833144009113312,0.0,0.3942874073982239,0.5800457000732422,0.8733763098716736,0.8342215418815613,1.1780521869659424,1.2625666856765747,1.628017783164978,1.798362135887146,2.1632819175720215,1.7148969173431396,1.3904718160629272,1.142344355583191,0.8225041627883911,0.6791749596595764,0.4950232207775116,0.7550943493843079,0.783240556716919,1.0825655460357666,1.0606118440628052,1.362374186515808,1.4739254713058472,1.802174687385559,1.9953051805496216,2.32536244392395,1.9556992053985596,1.6370114088058472,1.4540014266967773,1.1796561479568481,1.1149934530258179,0.9798848032951355,1.204382061958313,1.169991374015808,1.4303481578826904,1.4277900457382202,1.6642646789550781,1.7765756845474243,2.0663259029388428,2.2660794258117676,2.5521068572998047,2.2677817344665527,1.968299388885498,1.8567124605178833,1.6171660423278809,1.5940803289413452,1.477869987487793,1.6868033409118652,1.6326006650924683,1.8519841432571411,1.8573774099349976,2.037012815475464,2.1364083290100098,2.390230417251587,2.577709197998047,2.8088033199310303
B7,1.9661129713058472,1.781618356704712,1.4907771348953247,1.2746977806091309,1.0322626829147339,0.8165866136550903,0.6231961250305176,0.7213678359985352,0.918117344379425,1.0439362525939941,1.3460288047790527,1.4377110004425049,1.821174144744873,1.98453688621521,2.371135711669922,1.9168442487716675,1.6292451620101929,1.3284382820129395,1.0090941190719604,0.7347836494445801,0.3942874073982239,0.0,0.3917822539806366,0.7517609596252441,0.8827464580535889,1.2562990188598633,1.4280767440795898,1.802645206451416,2.0182785987854004,2.390281915664673,1.9911513328552246,1.661304235458374,1.3937125205993652,1.045404076576233,0.8311548829078674,0.4796733856201172,0.49630609154701233,0.5168104767799377,0.8938647508621216,1.008858561515808,1.355864405632019,1.5542051792144775,1.9004360437393188,2.1432135105133057,2.485602855682373,2.1542463302612305,1.8133684396743774,1.5996123552322388,1.269600510597229,1.1385068893432617,0.8749271035194397,0.9724323749542236,0.9152144193649292,1.2196605205535889,1.3169258832931519,1.5967556238174438,1.7873603105545044,2.0981268882751465,2.349125623703003,2.6487419605255127,2.3948447704315186,2.0624606609344482,1.917799711227417,1.6186717748641968,1.549592137336731,1.3398501873016357,1.4625129699707031,1.388006329536438,1.6320687532424927,1.7126346826553345,1.9255187511444092,2.0929391384124756,2.3653576374053955,2.6037416458129883,2.846365213394165
B8,2.0965218544006348,1.8623058795928955,1.6099165678024292,1.3263112306594849,1.1341922283172607,0.8265984058380127,0.6165658235549927,0.4812629818916321,0.5591030120849609,0.7663212418556213,1.0697705745697021,1.2477061748504639,1.6207283735275269,1.8452917337417603,2.2198996543884277,2.035451889038086,1.7039804458618164,1.4680930376052856,1.1026935577392578,0.9439122080802917,0.5800457000732422,0.3917822539806366,0.0,0.4078148305416107,0.6225862503051758,0.988979160785675,1.2401223182678223,1.5919766426086426,1.8608810901641846,2.215029716491699,2.0876286029815674,1.7251532077789307,1.5284501314163208,1.1528409719467163,1.0561330318450928,0.7137195467948914,0.7055583000183105,0.4610961377620697,0.7043596506118774,0.8437195420265198,1.1389645338058472,1.3890777826309204,1.6992435455322266,1.9812779426574707,2.2982380390167236,2.2301502227783203,1.8662806749343872,1.7196327447891235,1.3734248876571655,1.3351738452911377,1.0616425275802612,1.1284035444259644,0.9277312159538269,1.1197577714920044,1.2197225093841553,1.434192419052124,1.6495798826217651,1.9173059463500977,2.1902997493743896,2.4575161933898926,2.4563815593719482,2.1076557636260986,2.0230093002319336,1.7147941589355469,1.7191450595855713,1.4952962398529053,1.5923346281051636,1.4203877449035645,1.5779759883880615,1.6545006036758423,1.8046061992645264,1.981799840927124,2.2080559730529785,2.4534146785736084,2.6559817790985107
B9,2.206552743911743,1.9683605432510376,1.784443736076355,1.490215539932251,1.390143871307373,1.0863560438156128,0.9571506381034851,0.7002600431442261,0.4867974817752838,0.6897065043449402,0.874660849571228,1.1044994592666626,1.4339371919631958,1.6921768188476562,2.046020746231079,2.084677219390869,1.7402011156082153,1.5771194696426392,1.2177281379699707,1.172436237335205,0.8733763098716736,0.7517609596252441,0.4078148305416107,0.0,0.3835904598236084,0.676293671131134,0.9970385432243347,1.3180882930755615,1.626512885093689,1.9658994674682617,2.0624537467956543,1.6854546070098877,1.5590277910232544,1.183522343635559,1.192373514175415,0.8936833143234253,0.8777890205383301,0.5107254385948181,0.4616636335849762,0.5741143822669983,0.7937197089195251,1.094799518585205,1.3737516403198242,1.6913211345672607,1.9932339191436768,2.141278028488159,1.7632976770401,1.6814541816711426,1.3319758176803589,1.3847566843032837,1.1281497478485107,1.1840758323669434,0.8796876072883606,0.9145241975784302,0.9761108160018921,1.1127426624298096,1.3445320129394531,1.5757598876953125,1.8700368404388428,2.117845058441162,2.3230836391448975,1.9626660346984863,1.9359439611434937,1.627790093421936,1.7099723815917969,1.494187593460083,1.5852398872375488,1.3339753150939941,1.3879023790359497,1.4291329383850098,1.5107159614562988,1.6847864389419556,1.8707654476165771,2.1216652393341064,2.29841947555542
B10,1.9059066772460938,1.6672565937042236,1.5387227535247803,1.257574439048767,1.2527145147323608,1.007704257965088,1.024100422859192,0.8172543048858643,0.5637163519859314,0.516984760761261,0.5944751501083374,0.7479639649391174,1.0785958766937256,1.3149783611297607,1.6742337942123413,1.766280174255371,1.4123504161834717,1.3052788972854614,0.9615838527679443,1.0306975841522217,0.8342215418815613,0.8827464580535889,0.6225862503051758,0.3835904598236084,0.0,0.37596356868743896,0.6328536868095398,0.9744470715522766,1.2619742155075073,1.609473705291748,1.7448041439056396,1.3629449605941772,1.293890357017517,0.9428420662879944,1.0645427703857422,0.8798996210098267,1.0120772123336792,0.7267829179763794,0.6472258567810059,0.4949347972869873,0.6322454214096069,0.8245483040809631,1.097442626953125,1.3782354593276978,1.680375337600708,1.8525364398956299,1.48369562625885,1.4565114974975586,1.151100516319275,1.2930713891983032,1.1408145427703857,1.30855393409729,1.0513845682144165,1.0536432266235352,0.9698804616928101,1.043988823890686,1.1703763008117676,1.3800790309906006,1.6230515241622925,1.8639936447143555,2.079193353652954,1.7422385215759277,1.7641791105270386,1.5101113319396973,1.6542878150939941,1.5250688791275024,1.701996088027954,1.48003351688385,1.5117456912994385,1.4545516967773438,1.4944615364074707,1.5803738832473755,1.745092511177063,1.938836693763733,2.107513904571533
B11,1.9808204174041748,1.7435038089752197,1.6950267553329468,1.4264391660690308,1.5061845779418945,1.2915576696395874,1.3591923713684082,1.1233497858047485,0.7884166836738586,0.6566453576087952,0.4866870045661926,0.6287580728530884,0.8499838709831238,1.111721158027649,1.431618332862854,1.8014265298843384,1.4520679712295532,1.4415143728256226,1.1467581987380981,1.31134033203125,1.1780521869659424,1.2562990188598633,0.988979160785675,0.676293671131134,0.37596356868743896,0.0,0.38455379009246826,0.6462817192077637,0.9786621928215027,1.2981528043746948,1.7269548177719116,1.3548166751861572,1.3869550228118896,1.0934081077575684,1.3096636533737183,1.1948975324630737,1.3351683616638184,1.045494794845581,0.842066764831543,0.5925285816192627,0.4737579822540283,0.5959923267364502,0.7737234234809875,1.0717171430587769,1.3408869504928589,1.7934410572052002,1.4385204315185547,1.5047932863235474,1.2495474815368652,1.4791010618209839,1.3834394216537476,1.5586646795272827,1.2797627449035645,1.16959547996521,1.0018153190612793,0.93475341796875,0.9887579679489136,1.110145092010498,1.333376407623291,1.5326496362686157,1.9976742267608643,1.6782673597335815,1.7791696786880493,1.5680335760116577,1.7880208492279053,1.702438473701477,1.8905466794967651,1.6387591361999512,1.5841166973114014,1.4611406326293945,1.4071416854858398,1.4320685863494873,1.5241252183914185,1.6794068813323975,1.8022266626358032
B12,1.7177951335906982,1.5133306980133057,1.5404480695724487,1.3317184448242188,1.4997131824493408,1.3735132217407227,1.5317646265029907,1.3681522607803345,1.089259386062622,0.8496353030204773,0.6065128445625305,0.492430180311203,0.6323700547218323,0.7955747246742249,1.1230570077896118,1.4990191459655762,1.1693886518478394,1.2387677431106567,1.0233197212219238,1.2814780473709106,1.2625666856765747,1.4280767440795898,1.2401223182678223,0.9970385432243347,0.6328536868095398,0.38455379009246826,0.0,0.3812103569507599,0.6310752034187317,0.9879235625267029,1.4010734558105469,1.0454365015029907,1.1601834297180176,0.9502631425857544,1.2571529150009155,1.2610788345336914,1.482362151145935,1.2714165449142456,1.1055203676223755,0.7675212025642395,0.6191757321357727,0.4697314202785492,0.6116400957107544,0.7991452217102051,1.0854315757751465,1.4861096143722534,1.1603552103042603,1.2943826913833618,1.1229954957962036,1.4210680723190308,1.431226372718811,1.679857611656189,1.4653111696243286,1.3691465854644775,1.1133501529693604,1.0220115184783936,0.9295682311058044,1.0266908407211304,1.150585412979126,1.3531885147094727,1.7349318265914917,1.4577162265777588,1.6058895587921143,1.4707748889923096,1.7340108156204224,1.7363518476486206,1.9902483224868774,1.787458896636963,1.7396137714385986,1.543519377708435,1.4765236377716064,1.403601884841919,1.4853018522262573,1.561728835105896,1.6915563344955444
B13,1.8665263652801514,1.664994716644287,1.76334810256958,1.5700969696044922,1.7886584997177124,1.6781506538391113,1.8586103916168213,1.6718355417251587,1.3580050468444824,1.099284291267395,0.7613900899887085,0.6273542046546936,0.5092227458953857,0.6576139330863953,0.881407618522644,1.6396092176437378,1.3395185470581055,1.4958932399749756,1.3314861059188843,1.6279301643371582,1.628017783164978,1.802645206451416,1.5919766426086426,1.3180882930755615,0.9744470715522766,0.6462817192077637,0.3812103569507599,0.0,0.3738022446632385,0.6528177261352539,1.5165916681289673,1.2122234106063843,1.4172981977462769,1.276163935661316,1.611484169960022,1.6398756504058838,1.8568079471588135,1.6317970752716064,1.4218530654907227,1.0886924266815186,0.8364643454551697,0.6110920310020447,0.48791369795799255,0.5879725217819214,0.7700058221817017,1.5743647813796997,1.303473949432373,1.5218528509140015,1.4139324426651,1.7468702793121338,1.785078763961792,2.02738618850708,1.7997304201126099,1.6485956907272339,1.368485927581787,1.182493805885315,1.0136762857437134,0.9660497903823853,1.0027852058410645,1.1085132360458374,1.8026905059814453,1.5737321376800537,1.7937994003295898,1.7115839719772339,2.016960620880127,2.0484678745269775,2.30051326751709,2.08156418800354,1.9789780378341675,1.7476792335510254,1.605486512184143,1.4697073698043823,1.4557782411575317,1.4561625719070435,1.5074760913848877
