,A1,A2,A3,A4,A5,A6,A7,A8,A9,A10,A11,A12,A13,A14,A15,B1,B2,B3,B4,B5,B6,B7,B8,B9,B10,B11,B12,B13,B14,B15,C1,C2,C3,C4,C5,C6,C7,C8,C9,C10,C11,C12,C13,C14,C15,D1,D2,D3,D4,D5,D6,D7,D8,D9,D10,D11,D12,D13,D14,D15,E1,E2,E3,E4,E5,E6,E7,E8,E9,E10,E11,E12,E13,E14,E15
A1,0.0,0.3885372579097748,0.6383621096611023,0.9402123093605042,1.234738826751709,1.4476159811019897,1.7356681823730469,1.9906288385391235,2.3617215156555176,2.4341323375701904,2.8114013671875,2.837461233139038,3.2006337642669678,3.231342077255249,3.5803816318511963,1.7288322448730469,1.511407732963562,1.311125636100769,1.3714863061904907,1.2900490760803223,1.6465697288513184,1.7529367208480835,2.022515296936035,2.4141993522644043,2.5585074424743652,2.9355716705322266,3.0751795768737793,3.437260150909424,3.552999496459961,3.910562038421631,2.375967264175415,2.1358370780944824,1.946677327156067,1.9170979261398315,1.7451872825622559,2.072313070297241,2.0322892665863037,2.2213447093963623,2.590500593185425,2.7704319953918457,3.106576919555664,3.311034679412842,3.6531269550323486,3.83957839012146,4.179713249206543,3.0698401927948,2.7798585891723633,2.5924899578094482,2.5178911685943604,2.2831947803497314,2.5571248531341553,2.390768051147461,2.506598472595215,2.8387434482574463,3.045107841491699,3.317187547683716,3.5618319511413574,3.862362861633301,4.105026721954346,4.399174213409424,3.7391357421875,3.4124934673309326,3.2664878368377686,3.1754276752471924,2.83660888671875,3.0430870056152344,2.801750421524048,2.8082423210144043,3.1007614135742188,3.410872220993042,3.505288600921631,3.7957544326782227,3.9529011249542236,4.300567626953125,4.487890243530273
A2,0.3885372579097748,0.0,0.39909258484840393,0.5921892523765564,0.9298771619796753,1.1381416320800781,1.413769006729126,1.656323790550232,2.0390894412994385,2.131298542022705,2.5138330459594727,2.5763487815856934,2.9381871223449707,3.0048987865448,3.3623147010803223,1.81425940990448,1.532637119293213,1.2994869947433472,1.2503950595855713,1.1146345138549805,1.472846508026123,1.5128955841064453,1.7403703927993774,2.1313748359680176,2.285949468612671,2.653839111328125,2.820760488510132,3.172377347946167,3.317701578140259,3.674560785293579,2.407421112060547,2.1218810081481934,1.930456519126892,1.8281365633010864,1.6442722082138062,1.958330750465393,1.8618276119232178,1.9960399866104126,2.350649118423462,2.5325798988342285,2.849139451980591,3.070671319961548,3.3952834606170654,3.6040618419647217,3.9354629516601562,3.069891929626465,2.74822735786438,2.5739283561706543,2.44730806350708,2.2199182510375977,2.474839687347412,2.269728422164917,2.3304708003997803,2.6414482593536377,2.8429882526397705,3.0889334678649902,3.3409054279327393,3.619091033935547,3.876821279525757,4.156247615814209,3.7290561199188232,3.383622646331787,3.2602181434631348,3.13315486907959,2.8050243854522705,2.9956271648406982,2.732813835144043,2.6887378692626953,2.962604522705078,3.2543227672576904,3.3169965744018555,3.5980234146118164,3.729369878768921,4.075107097625732,4.2384796142578125
A3,0.6383621096611023,0.39909258484840393,0.0,0.37754860520362854,0.6013743877410889,0.8352428674697876,1.1035218238830566,1.3794370889663696,1.7374744415283203,1.8352839946746826,2.209033966064453,2.257030487060547,2.6302528381347656,2.684121608734131,3.04958176612854,1.5995094776153564,1.3145415782928467,1.0141950845718384,0.9301387667655945,0.7309150099754333,1.0774627923965454,1.1304668188095093,1.387217402458191,1.7776621580123901,1.9334088563919067,2.3073484897613525,2.4657552242279053,2.8277337551116943,2.964271068572998,3.3296031951904297,2.1092276573181152,1.8127708435058594,1.591158390045166,1.4612711668014526,1.2553389072418213,1.562548041343689,1.465688705444336,1.6098002195358276,1.9736864566802979,2.1521172523498535,2.478858709335327,2.6940970420837402,3.028696060180664,3.230027437210083,3.5693376064300537,2.7248430252075195,2.3920435905456543,2.2098138332366943,2.063380479812622,1.834867000579834,2.086012125015259,1.8804068565368652,1.9385318756103516,2.259720802307129,2.4533214569091797,2.709819793701172,2.955315113067627,3.24299693107605,3.4936628341674805,3.779925584793091,3.360842704772949,3.0082738399505615,2.8907034397125244,2.7510464191436768,2.4297916889190674,2.6213581562042236,2.361586332321167,2.3120157718658447,2.596823215484619,2.8791630268096924,2.952821969985962,3.22487735748291,3.3703227043151855,3.710285186767578,3.8846967220306396
A4,0.9402123093605042,0.5921892523765564,0.37754860520362854,0.0,0.3938189148902893,0.565962553024292,0.828865647315979,1.0672688484191895,1.448703646659851,1.5618126392364502,1.9430291652679443,2.0358262062072754,2.4005990028381348,2.4986979961395264,2.8674423694610596,1.7863165140151978,1.4530638456344604,1.173504114151001,0.9661150574684143,0.7433424592018127,1.056578278541565,1.00826895236969,1.1762731075286865,1.5655134916305542,1.720893383026123,2.0797371864318848,2.2675797939300537,2.6107168197631836,2.781055212020874,3.1390836238861084,2.239589214324951,1.9060395956039429,1.7110320329666138,1.507781982421875,1.3216910362243652,1.600195288658142,1.441135287284851,1.4949990510940552,1.833777904510498,2.0005149841308594,2.2982380390167236,2.5272746086120605,2.8352468013763428,3.0599265098571777,3.382838487625122,2.8210744857788086,2.464005947113037,2.3131470680236816,2.118359088897705,1.919119119644165,2.1462042331695557,1.9080495834350586,1.8911008834838867,2.1811749935150146,2.3563060760498047,2.577495574951172,2.823580265045166,3.0805463790893555,3.344468116760254,3.6077277660369873,3.4496848583221436,3.0855565071105957,3.0012874603271484,2.8320858478546143,2.5348103046417236,2.7113866806030273,2.4395670890808105,2.3348538875579834,2.5950191020965576,2.846874713897705,2.882998466491699,3.1359963417053223,3.250185966491699,3.582707166671753,3.726024627685547
A5,1.234738826751709,0.9298771619796753,0.6013743877410889,0.3938189148902893,0.0,0.38330695033073425,0.5151556134223938,0.841145396232605,1.1745436191558838,1.337356448173523,1.6999328136444092,1.801712989807129,2.179840564727783,2.2798562049865723,2.661207914352417,1.7999242544174194,1.4900436401367188,1.1574331521987915,0.9085959792137146,0.5706883072853088,0.7660137414932251,0.6401258707046509,0.8303422927856445,1.2075499296188354,1.4003422260284424,1.7588576078414917,1.961976170539856,2.315394639968872,2.492981433868408,2.8646466732025146,2.1243526935577393,1.789729356765747,1.553538203239441,1.3024418354034424,1.0675708055496216,1.2871723175048828,1.081011176109314,1.1155500411987305,1.4460722208023071,1.6330350637435913,1.9304828643798828,2.1737680435180664,2.488677740097046,2.720853567123413,3.0553267002105713,2.6123900413513184,2.244030475616455,2.075269937515259,1.8405083417892456,1.6297643184661865,1.8193295001983643,1.5563545227050781,1.5118052959442139,1.7900482416152954,1.9710214138031006,2.1884779930114746,2.4432260990142822,2.7026455402374268,2.9725513458251953,3.2446060180664062,3.1802806854248047,2.8058738708496094,2.7219078540802,2.5219571590423584,2.2325921058654785,2.385347366333008,2.103954553604126,1.9710050821304321,2.2212841510772705,2.461987257003784,2.493165969848633,2.7425384521484375,2.858583688735962,3.1904852390289307,3.3393867015838623
A6,1.4476159811019897,1.1381416320800781,0.8352428674697876,0.565962553024292,0.38330695033073425,0.0,0.38652437925338745,0.5599400401115417,0.9182555079460144,1.0073500871658325,1.3845652341842651,1.4761807918548584,1.8449331521987915,1.9539158344268799,2.328918695449829,1.7363510131835938,1.3914600610733032,1.1261190176010132,0.7903602123260498,0.5760147571563721,0.7394949793815613,0.6174960136413574,0.6675136685371399,1.064445972442627,1.1703985929489136,1.529132604598999,1.7082631587982178,2.046569347381592,2.221405267715454,2.577401876449585,2.0222339630126953,1.6594229936599731,1.4947870969772339,1.2027387619018555,1.0760191679000854,1.3040634393692017,1.1205849647521973,1.0694648027420044,1.3987112045288086,1.5041773319244385,1.7936326265335083,2.000575065612793,2.297112464904785,2.5171239376068115,2.829521656036377,2.512873411178589,2.134124755859375,2.0317554473876953,1.7851159572601318,1.6544824838638306,1.862729549407959,1.6297599077224731,1.5319569110870361,1.8127409219741821,1.9242918491363525,2.1340649127960205,2.34664249420166,2.5910260677337646,2.840472936630249,3.086050510406494,3.119717836380005,2.7500598430633545,2.720806121826172,2.5305988788604736,2.286285638809204,2.4666554927825928,2.2170989513397217,2.0716617107391357,2.332672357559204,2.5265727043151855,2.5565288066864014,2.7607614994049072,2.8769447803497314,3.181516170501709,3.314875364303589
A7,1.7356681823730469,1.413769006729126,1.1035218238830566,0.828865647315979,0.5151556134223938,0.38652437925338745,0.0,0.38286876678466797,0.6686750650405884,0.8912181258201599,1.2336421012878418,1.3933073282241821,1.7605397701263428,1.9102718830108643,2.294421911239624,2.023254632949829,1.705529808998108,1.4122155904769897,1.0830516815185547,0.8028489947319031,0.7956854104995728,0.5008459091186523,0.4187270402908325,0.7632673382759094,0.9574080109596252,1.2881461381912231,1.530264139175415,1.8608466386795044,2.0781638622283936,2.443356990814209,2.2036800384521484,1.8508154153823853,1.6523048877716064,1.3238089084625244,1.1464684009552002,1.2656646966934204,0.9955232739448547,0.8502492904663086,1.1111958026885986,1.257224202156067,1.5084692239761353,1.7615954875946045,2.0424416065216064,2.298802137374878,2.614914894104004,2.5835723876953125,2.1981468200683594,2.0767834186553955,1.7814422845840454,1.6359264850616455,1.7705917358398438,1.4911447763442993,1.324871301651001,1.5433249473571777,1.6689822673797607,1.8358136415481567,2.0749566555023193,2.2951009273529053,2.5721771717071533,2.8156933784484863,3.1024701595306396,2.7225301265716553,2.6913483142852783,2.4555323123931885,2.2225563526153564,2.3514726161956787,2.079355239868164,1.8770630359649658,2.0910134315490723,2.2640981674194336,2.2543790340423584,2.455641984939575,2.5418848991394043,2.8495731353759766,2.9654994010925293
A8,1.9906288385391235,1.656323790550232,1.3794370889663696,1.0672688484191895,0.841145396232605,0.5599400401115417,0.38286876678466797,0.0,0.402567058801651,0.5743079781532288,0.9304244518280029,1.1326677799224854,1.4720538854599,1.6664642095565796,2.0383784770965576,2.1440744400024414,1.8060345649719238,1.5806059837341309,1.2149044275283813,1.0420303344726562,1.0219874382019043,0.7670750617980957,0.5025609135627747,0.7489332556724548,0.8236533403396606,1.1111408472061157,1.3499714136123657,1.6392306089401245,1.8775089979171753,2.21648907661438,2.289893865585327,1.922703504562378,1.7950615882873535,1.447077989578247,1.3650169372558594,1.4750937223434448,1.2320427894592285,1.0031613111495972,1.2033417224884033,1.2521878480911255,1.4534595012664795,1.6718370914459229,1.9063612222671509,2.162750720977783,2.44234299659729,2.6545944213867188,2.2669804096221924,2.2102694511413574,1.9072344303131104,1.8357182741165161,1.9710146188735962,1.7195924520492554,1.501571774482727,1.6887699365615845,1.7406704425811768,1.8704320192337036,2.064094066619873,2.2447474002838135,2.5059797763824463,2.7079918384552,3.1906683444976807,2.819523572921753,2.8403122425079346,2.6101479530334473,2.423279047012329,2.5640175342559814,2.319307327270508,2.100921869277954,2.3041181564331055,2.425225257873535,2.397813558578491,2.5488295555114746,2.616084575653076,2.8907644748687744,2.974574565887451
A9,2.3617215156555176,2.0390894412994385,1.7374744415283203,1.448703646659851,1.1745436191558838,0.9182555079460144,0.6686750650405884,0.402567058801651,0.0,0.37989747524261475,0.6164544820785522,0.8806961178779602,1.197441577911377,1.424974799156189,1.792331576347351,2.3323583602905273,2.025071859359741,1.8104497194290161,1.4520878791809082,1.2955561876296997,1.1604148149490356,0.8919193148612976,0.5179837346076965,0.5122618675231934,0.5207915306091309,0.7320091724395752,1.0089901685714722,1.2735662460327148,1.5441457033157349,1.880365014076233,2.350377321243286,2.0002143383026123,1.884950041770935,1.5192421674728394,1.46574866771698,1.483991265296936,1.2361057996749878,0.9154980778694153,0.998074471950531,0.976219654083252,1.1111427545547485,1.3222962617874146,1.5237730741500854,1.7948505878448486,2.062903881072998,2.5960021018981934,2.213870048522949,2.1821491718292236,1.8501425981521606,1.824703574180603,1.9043827056884766,1.6646664142608643,1.3800286054611206,1.5014716386795044,1.4913458824157715,1.5738171339035034,1.7379183769226074,1.8858009576797485,2.143183946609497,2.325249433517456,3.0586421489715576,2.6928629875183105,2.7464983463287354,2.494666814804077,2.356750011444092,2.4716415405273438,2.2475697994232178,1.9956443309783936,2.165900707244873,2.2273576259613037,2.1794683933258057,2.282067060470581,2.3354508876800537,2.5805695056915283,2.6473424434661865
A10,2.4341323375701904,2.131298542022705,1.8352839946746826,1.5618126392364502,1.337356448173523,1.0073500871658325,0.8912181258201599,0.5743079781532288,0.37989747524261475,0.0,0.3856654167175293,0.5771898627281189,0.8983640670776367,1.115691065788269,1.478118896484375,2.1972718238830566,1.8895715475082397,1.7455391883850098,1.3842521905899048,1.3358486890792847,1.2190133333206177,1.0495262145996094,0.7155073881149292,0.7518513202667236,0.5488188862800598,0.7416322827339172,0.890165388584137,1.1360220909118652,1.360727071762085,1.6738609075546265,2.191878080368042,1.8388057947158813,1.7994118928909302,1.4441871643066406,1.4931427240371704,1.547347903251648,1.3770023584365845,1.0862085819244385,1.2065606117248535,1.0786361694335938,1.2268455028533936,1.336479663848877,1.5256893634796143,1.7389476299285889,1.9788308143615723,2.456942558288574,2.082592725753784,2.1175284385681152,1.8115471601486206,1.859473705291748,1.982675552368164,1.8025264739990234,1.5406286716461182,1.7022507190704346,1.6268175840377808,1.7367801666259766,1.8307338953018188,1.9838123321533203,2.186851739883423,2.3450443744659424,2.9769771099090576,2.6285505294799805,2.727543354034424,2.5135326385498047,2.4098217487335205,2.5700159072875977,2.389021635055542,2.172830820083618,2.379340887069702,2.421218156814575,2.4085946083068848,2.4765305519104004,2.558799982070923,2.7726457118988037,2.8463621139526367
A11,2.8114013671875,2.5138330459594727,2.209033966064453,1.9430291652679443,1.6999328136444092,1.3845652341842651,1.2336421012878418,0.9304244518280029,0.6164544820785522,0.3856654167175293,0.0,0.37562230229377747,0.5942005515098572,0.878705620765686,1.2146368026733398,2.4421398639678955,2.16446852684021,2.0431840419769287,1.699363350868225,1.6683852672576904,1.496629238128662,1.3347660303115845,0.9878426194190979,0.8685402274131775,0.5716763138771057,0.5428196787834167,0.6346595287322998,0.7888243198394775,1.0454552173614502,1.3313158750534058,2.331303119659424,2.005388021469116,1.9943803548812866,1.646311640739441,1.7285730838775635,1.7186049222946167,1.5664198398590088,1.240784764289856,1.2563971281051636,1.038356065750122,1.0856218338012695,1.1242222785949707,1.239463210105896,1.4405688047409058,1.639648199081421,2.4846322536468506,2.129931688308716,2.205045461654663,1.8919788599014282,1.9939682483673096,2.073124885559082,1.921946406364441,1.623547911643982,1.722724437713623,1.5729390382766724,1.6294989585876465,1.6584959030151367,1.7614516019821167,1.9329167604446411,2.0475869178771973,2.9367289543151855,2.606144666671753,2.747629404067993,2.5275843143463135,2.4803245067596436,2.6221883296966553,2.4727182388305664,2.24057936668396,2.4165472984313965,2.3969128131866455,2.370508909225464,2.378352165222168,2.4475257396698,2.6149260997772217,2.6657567024230957
A12,2.837461233139038,2.5763487815856934,2.257030487060547,2.0358262062072754,1.801712989807129,1.4761807918548584,1.3933073282241821,1.1326677799224854,0.8806961178779602,0.5771898627281189,0.37562230229377747,0.0,0.38837793469429016,0.5458212494850159,0.9168035387992859,2.2346031665802,1.9915300607681274,1.9174673557281494,1.6059356927871704,1.6474621295928955,1.4595586061477661,1.387305498123169,1.1031391620635986,1.0232566595077515,0.6572588086128235,0.6690607070922852,0.5419178009033203,0.723635733127594,0.8482484221458435,1.1407055854797363,2.053717851638794,1.7486529350280762,1.7906609773635864,1.470331072807312,1.631363034248352,1.6268960237503052,1.5545333623886108,1.2790791988372803,1.3368359804153442,1.0574504137039185,1.1581791639328003,1.0948234796524048,1.2448222637176514,1.3545836210250854,1.5565701723098755,2.182860851287842,1.8437440395355225,1.9710283279418945,1.6884499788284302,1.8555136919021606,1.9635131359100342,1.8768150806427002,1.6177729368209839,1.763241171836853,1.5703575611114502,1.682092308998108,1.6543009281158447,1.798991084098816,1.9096927642822266,2.0337865352630615,2.6664633750915527,2.353909969329834,2.529456377029419,2.347485065460205,2.3326027393341064,2.5130834579467773,2.409562110900879,2.22273325920105,2.438225746154785,2.412297487258911,2.4381980895996094,2.429218292236328,2.548807144165039,2.6985368728637695,2.7853636741638184
A13,3.2006337642669678,2.9381871223449707,2.6302528381347656,2.4005990028381348,2.179840564727783,1.8449331521987915,1.7605397701263428,1.4720538854599,1.197441577911377,0.8983640670776367,0.5942005515098572,0.38837793469429016,0.0,0.3724294900894165,0.6326360106468201,2.5226335525512695,2.294797420501709,2.2608094215393066,1.9601126909255981,2.027942180633545,1.842448353767395,1.7733677625656128,1.4790369272232056,1.3561557531356812,0.992568850517273,0.8733410239219666,0.6712632179260254,0.6270155906677246,0.7055600881576538,0.8806441426277161,2.291943073272705,2.014700174331665,2.102747678756714,1.805783987045288,1.9962506294250488,1.9750415086746216,1.917847990989685,1.6346704959869385,1.6397343873977661,1.3258064985275269,1.339583396911621,1.199385166168213,1.2383657693862915,1.291401743888855,1.3990036249160767,2.3543553352355957,2.0500407218933105,2.227360248565674,1.9639931917190552,2.1732797622680664,2.262160539627075,2.201683759689331,1.931931972503662,2.0353567600250244,1.7958853244781494,1.8590478897094727,1.7658411264419556,1.8487095832824707,1.9058301448822021,1.9605962038040161,2.7971031665802,2.516918659210205,2.73711895942688,2.569026231765747,2.6023316383361816,2.7762513160705566,2.702133893966675,2.512917995452881,2.705855369567871,2.635038375854492,2.649423837661743,2.5891647338867188,2.6920244693756104,2.7927584648132324,2.8501136302948
A14,3.231342077255249,3.0048987865448,2.684121608734131,2.4986979961395264,2.2798562049865723,1.9539158344268799,1.9102718830108643,1.6664642095565796,1.424974799156189,1.115691065788269,0.878705620765686,0.5458212494850159,0.3724294900894165,0.0,0.38851049542427063,2.352881669998169,2.1720988750457764,2.1751813888549805,1.9188627004623413,2.0355803966522217,1.8356620073318481,1.8365002870559692,1.599754810333252,1.502795696258545,1.1270638704299927,1.0563844442367554,0.7532436847686768,0.7501659989356995,0.6339296698570251,0.7952707409858704,2.0420327186584473,1.8029234409332275,1.9349514245986938,1.6808027029037476,1.9275507926940918,1.903031826019287,1.9152441024780273,1.6842955350875854,1.7188189029693604,1.3802438974380493,1.4405287504196167,1.2340326309204102,1.3147536516189575,1.274668574333191,1.3913447856903076,2.05660080909729,1.780997633934021,2.0065717697143555,1.783409595489502,2.0471439361572266,2.1537744998931885,2.15386700630188,1.9276756048202515,2.0653865337371826,1.8012571334838867,1.913413405418396,1.7799248695373535,1.9065643548965454,1.9092990159988403,1.9834011793136597,2.513514757156372,2.2575950622558594,2.5082929134368896,2.380441427230835,2.4462971687316895,2.6501173973083496,2.620659589767456,2.4765806198120117,2.699979066848755,2.6270947456359863,2.6897099018096924,2.6205689907073975,2.7701966762542725,2.8597075939178467,2.9554965496063232
A15,3.5803816318511963,3.3623147010803223,3.04958176612854,2.8674423694610596,2.661207914352417,2.328918695449829,2.294421911239624,2.0383784770965576,1.792331576347351,1.478118896484375,1.2146368026733398,0.9168035387992859,0.6326360106468201,0.38851049542427063,0.0,2.6057310104370117,2.4507288932800293,2.4948089122772217,2.258493185043335,2.402919292449951,2.208282232284546,2.2226715087890625,1.9877171516418457,1.8770575523376465,1.5024220943450928,1.386176347732544,1.0665044784545898,0.9448505640029907,0.7412150502204895,0.6951955556869507,2.248072624206543,2.0494792461395264,2.2258715629577637,2.005544900894165,2.278674840927124,2.2479653358459473,2.282538890838623,2.058460235595703,2.0709052085876465,1.7175908088684082,1.735442876815796,1.4800896644592285,1.486655354499817,1.3716888427734375,1.3888516426086426,2.1986610889434814,1.9747593402862549,2.2474889755249023,2.059572458267212,2.358323097229004,2.456700325012207,2.4883852005004883,2.268928050994873,2.3865156173706055,2.0935122966766357,2.1816322803497314,1.996626377105713,2.0836758613586426,2.0252232551574707,2.041172504425049,2.615835189819336,2.4058761596679688,2.6979286670684814,2.599274158477783,2.7095067501068115,2.9148027896881104,2.9194726943969727,2.787982702255249,3.0013625621795654,2.8975987434387207,2.963757276535034,2.8559257984161377,3.0033555030822754,3.0505292415618896,3.1325032711029053
B1,1.7288322448730469,1.81425940990448,1.5995094776153564,1.7863165140151978,1.7999242544174194,1.7363510131835938,2.023254632949829,2.1440744400024414,2.3323583602905273,2.1972718238830566,2.4421398639678955,2.2346031665802,2.5226335525512695,2.352881669998169,2.6057310104370117,0.0,0.3958975076675415,0.6439187526702881,0.9489111304283142,1.2676838636398315,1.3928875923156738,1.7442774772644043,1.9792580604553223,2.281449794769287,2.207235336303711,2.5430877208709717,2.46006178855896,2.793963670730591,2.7230656147003174,3.0180001258850098,0.771756112575531,0.6716005206108093,0.773952841758728,1.0116697549819946,1.2246229648590088,1.5350762605667114,1.7780296802520752,1.9982765913009644,2.3716063499450684,2.3459227085113525,2.7137184143066406,2.7208359241485596,3.073823928833008,3.0931050777435303,3.4004244804382324,1.592961072921753,1.40218985080719,1.394827961921692,1.5086214542388916,1.5367108583450317,1.9132319688796997,1.9989440441131592,2.166839361190796,2.569270372390747,2.592048168182373,2.944650173187256,3.0203776359558105,3.3691790103912354,3.4623701572418213,3.7428526878356934,2.4161601066589355,2.1752521991729736,2.153512477874756,2.224020481109619,2.035783529281616,2.393178939819336,2.3538777828216553,2.480856418609619,2.8754796981811523,3.0809895992279053,3.3020217418670654,3.4716389179229736,3.7453458309173584,3.9997200965881348,4.249510765075684
B2,1.511407732963562,1.532637119293213,1.3145415782928467,1.4530638456344604,1.4900436401367188,1.3914600610733032,1.705529808998108,1.8060345649719238,2.025071859359741,1.8895715475082397,2.16446852684021,1.9915300607681274,2.294797420501709,2.1720988750457764,2.4507288932800293,0.3958975076675415,0.0,0.40804439783096313,0.6250779628753662,0.9889010787010193,1.176257848739624,1.4953423738479614,1.703544020652771,2.0355663299560547,1.9658342599868774,2.315051555633545,2.266674518585205,2.6030893325805664,2.575054883956909,2.880052328109741,1.0031051635742188,0.7501078844070435,0.8186398148536682,0.9102227091789246,1.1053743362426758,1.4579824209213257,1.6330705881118774,1.807241678237915,2.193124532699585,2.1750071048736572,2.5380208492279053,2.573910713195801,2.9175164699554443,2.9731409549713135,3.27773118019104,1.7943228483200073,1.5349324941635132,1.5277656316757202,1.5480146408081055,1.5543562173843384,1.9263765811920166,1.945054531097412,2.0582382678985596,2.455662727355957,2.4862940311431885,2.818376064300537,2.9149363040924072,3.244908332824707,3.36690354347229,3.635341167449951,2.612175226211548,2.334557294845581,2.3258559703826904,2.337641716003418,2.1341705322265625,2.470029830932617,2.381690502166748,2.4502220153808594,2.8315653800964355,3.0358927249908447,3.219726085662842,3.394040107727051,3.6376101970672607,3.902076482772827,4.125431060791016
B3,1.311125636100769,1.2994869947433472,1.0141950845718384,1.173504114151001,1.1574331521987915,1.1261190176010132,1.4122155904769897,1.5806059837341309,1.8104497194290161,1.7455391883850098,2.0431840419769287,1.9174673557281494,2.2608094215393066,2.1751813888549805,2.4948089122772217,0.6439187526702881,0.40804439783096313,0.0,0.3764178156852722,0.6339567303657532,0.8352668285369873,1.1602065563201904,1.4230345487594604,1.7667748928070068,1.7614941596984863,2.1300442218780518,2.131615161895752,2.494804620742798,2.5050368309020996,2.8441598415374756,1.1114492416381836,0.8293104767799377,0.6930833458900452,0.7117837071418762,0.7727277874946594,1.1476526260375977,1.2901391983032227,1.4972745180130005,1.8936543464660645,1.9307582378387451,2.3031954765319824,2.3857803344726562,2.7460813522338867,2.8370397090911865,3.167886972427368,1.8113808631896973,1.5116921663284302,1.4110647439956665,1.3717843294143677,1.2890398502349854,1.6473503112792969,1.6179986000061035,1.7418689727783203,2.1396822929382324,2.2155888080596924,2.5471434593200684,2.6843717098236084,3.0202248096466064,3.174636125564575,3.4634478092193604,2.556013345718384,2.24280047416687,2.18725848197937,2.1469101905822754,1.8977066278457642,2.202816963195801,2.0706207752227783,2.121380090713501,2.4940133094787598,2.722594976425171,2.894805669784546,3.0968189239501953,3.3310585021972656,3.6164393424987793,3.842127799987793
B4,1.3714863061904907,1.2503950595855713,0.9301387667655945,0.9661150574684143,0.9085959792137146,0.7903602123260498,1.0830516815185547,1.2149044275283813,1.4520878791809082,1.3842521905899048,1.699363350868225,1.6059356927871704,1.9601126909255981,1.9188627004623413,2.258493185043335,0.9489111304283142,0.6250779628753662,0.3764178156852722,0.0,0.4031808078289032,0.6283482909202576,0.8952725529670715,1.1023027896881104,1.4625037908554077,1.4488821029663086,1.8219239711761475,1.8512537479400635,2.2107183933258057,2.2582345008850098,2.602095365524292,1.297027349472046,0.9479491710662842,0.8307315707206726,0.6679611802101135,0.7203818559646606,1.0831682682037354,1.1412005424499512,1.265952229499817,1.6602208614349365,1.6866532564163208,2.045360803604126,2.1454882621765137,2.489779233932495,2.6089205741882324,2.931617021560669,1.923930048942566,1.5805890560150146,1.5077635049819946,1.3807669878005981,1.3137232065200806,1.6405690908432007,1.55455482006073,1.5973037481307983,1.9759674072265625,2.0388317108154297,2.342646360397339,2.4863245487213135,2.7979578971862793,2.970916986465454,3.2422001361846924,2.6455447673797607,2.3098933696746826,2.286496639251709,2.196239948272705,1.963197946548462,2.2420802116394043,2.08048152923584,2.0644371509552,2.4149348735809326,2.6201865673065186,2.7545714378356934,2.9437599182128906,3.1490283012390137,3.4321815967559814,3.630218744277954
B5,1.2900490760803223,1.1146345138549805,0.7309150099754333,0.7433424592018127,0.5706883072853088,0.5760147571563721,0.8028489947319031,1.0420303344726562,1.2955561876296997,1.3358486890792847,1.6683852672576904,1.6474621295928955,2.027942180633545,2.0355803966522217,2.402919292449951,1.2676838636398315,0.9889010787010193,0.6339567303657532,0.4031808078289032,0.0,0.3869805634021759,0.582983672618866,0.8692543506622314,1.2459899187088013,1.3324581384658813,1.7155729532241821,1.815616250038147,2.1908884048461914,2.2870430946350098,2.6564934253692627,1.5549561977386475,1.2258105278015137,0.9924094676971436,0.7703076004981995,0.6014804244041443,0.9262332916259766,0.8800495862960815,1.019966959953308,1.417236566543579,1.524303913116455,1.8795106410980225,2.0426998138427734,2.3939247131347656,2.5575475692749023,2.9006381034851074,2.0821855068206787,1.7237905263900757,1.5740246772766113,1.386868953704834,1.222757339477539,1.4961081743240356,1.3307615518569946,1.3618026971817017,1.7231361865997314,1.8464620113372803,2.1348278522491455,2.3306989669799805,2.638225793838501,2.851499080657959,3.1387739181518555,2.711629629135132,2.351729154586792,2.2848567962646484,2.1383419036865234,1.8661881685256958,2.0917038917541504,1.8743737936019897,1.8193506002426147,2.1439685821533203,2.374483346939087,2.4824514389038086,2.7041823863983154,2.888401746749878,3.1960878372192383,3.389530897140503
B6,1.6465697288513184,1.472846508026123,1.0774627923965454,1.056578278541565,0.7660137414932251,0.7394949793815613,0.7956854104995728,1.0219874382019043,1.1604148149490356,1.2190133333206177,1.496629238128662,1.4595586061477661,1.842448353767395,1.8356620073318481,2.208282232284546,1.3928875923156738,1.176257848739624,0.8352668285369873,0.6283482909202576,0.3869805634021759,0.0,0.3672374486923218,0.6765300035476685,0.9815317392349243,1.070297122001648,1.4425615072250366,1.5307252407073975,1.916455626487732,2.0031652450561523,2.384742021560669,1.4778227806091309,1.164620041847229,0.8893110752105713,0.5914778113365173,0.35353291034698486,0.5806251764297485,0.5220504999160767,0.6745222806930542,1.075571894645691,1.1739250421524048,1.5413199663162231,1.6970489025115967,2.0621607303619385,2.21846079826355,2.574795722961426,1.8627784252166748,1.4910632371902466,1.3248341083526611,1.078692078590393,0.9171022176742554,1.155780553817749,0.9845176935195923,0.9907872080802917,1.3621379137039185,1.4679960012435913,1.769699215888977,1.9574315547943115,2.277010917663574,2.4834330081939697,2.781935453414917,2.4201457500457764,2.0478224754333496,1.9900330305099487,1.810107946395874,1.5576289892196655,1.7683285474777222,1.5566474199295044,1.4800121784210205,1.808868169784546,2.0154881477355957,2.1340701580047607,2.3392372131347656,2.5387609004974365,2.8363683223724365,3.0420169830322266
B7,1.7529367208480835,1.5128955841064453,1.1304668188095093,1.00826895236969,0.6401258707046509,0.6174960136413574,0.5008459091186523,0.7670750617980957,0.8919193148612976,1.0495262145996094,1.3347660303115845,1.387305498123169,1.7733677625656128,1.8365002870559692,2.2226715087890625,1.7442774772644043,1.4953423738479614,1.1602065563201904,0.8952725529670715,0.582983672618866,0.3672374486923218,0.0,0.3800564110279083,0.7038156986236572,0.8899243474006653,1.2542024850845337,1.4258676767349243,1.8011481761932373,1.952326774597168,2.339538812637329,1.8242799043655396,1.503746747970581,1.2457828521728516,0.9237865209579468,0.6855113506317139,0.7665533423423767,0.5144417881965637,0.4919208288192749,0.8637499809265137,1.0230714082717896,1.3541827201843262,1.5746952295303345,1.9163962602615356,2.126734972000122,2.4791853427886963,2.146693468093872,1.7680703401565552,1.605038046836853,1.3098942041397095,1.1370114088058472,1.2822383642196655,1.0240212678909302,0.9184863567352295,1.2212111949920654,1.3560421466827393,1.6027617454528809,1.831639289855957,2.1159799098968506,2.3643887042999268,2.651221752166748,2.637326955795288,2.255368947982788,2.2017059326171875,1.971752405166626,1.7274203300476074,1.8745737075805664,1.6191990375518799,1.4588665962219238,1.7286077737808228,1.9219260215759277,1.980006217956543,2.1911818981170654,2.3438711166381836,2.653202533721924,2.827183246612549
B8,2.022515296936035,1.7403703927993774,1.387217402458191,1.1762731075286865,0.8303422927856445,0.6675136685371399,0.4187270402908325,0.5025609135627747,0.5179837346076965,0.7155073881149292,0.9878426194190979,1.1031391620635986,1.4790369272232056,1.599754810333252,1.9877171516418457,1.9792580604553223,1.703544020652771,1.4230345487594604,1.1023027896881104,0.8692543506622314,0.6765300035476685,0.3800564110279083,0.0,0.40577855706214905,0.5805008411407471,0.9349095225334167,1.1534627676010132,1.5060120820999146,1.7038284540176392,2.0818300247192383,2.010697364807129,1.673465371131897,1.4807602167129517,1.1237550973892212,0.9862738847732544,1.012744665145874,0.7490522265434265,0.5027180910110474,0.7605461478233337,0.8512256145477295,1.1292388439178467,1.3593851327896118,1.6615670919418335,1.9005101919174194,2.229438543319702,2.282620906829834,1.8968514204025269,1.7946640253067017,1.469318151473999,1.3733729124069214,1.4770359992980957,1.2219629287719727,1.0032247304916382,1.2244232892990112,1.2930219173431396,1.47734797000885,1.6866369247436523,1.9241387844085693,2.1813161373138428,2.4329683780670166,2.753650188446045,2.374661684036255,2.3725340366363525,2.1252200603485107,1.934449315071106,2.0631375312805176,1.8215787410736084,1.607528805732727,1.8314417600631714,1.9612302780151367,1.9720358848571777,2.13635516166687,2.250690221786499,2.536547899246216,2.670262098312378
B9,2.4141993522644043,2.1313748359680176,1.7776621580123901,1.5655134916305542,1.2075499296188354,1.064445972442627,0.7632673382759094,0.7489332556724548,0.5122618675231934,0.7518513202667236,0.8685402274131775,1.0232566595077515,1.3561557531356812,1.502795696258545,1.8770575523376465,2.281449794769287,2.0355663299560547,1.7667748928070068,1.4625037908554077,1.2459899187088013,0.9815317392349243,0.7038156986236572,0.40577855706214905,0.0,0.3759179711341858,0.6227700114250183,0.9037433862686157,1.2317761182785034,1.4654582738876343,1.8430157899856567,2.195587635040283,1.8854190111160278,1.6998411417007446,1.3423782587051392,1.2229809761047363,1.1253330707550049,0.8492844700813293,0.4780571460723877,0.48651644587516785,0.5394187569618225,0.7455490827560425,1.0166714191436768,1.2968997955322266,1.5681791305541992,1.897132158279419,2.328115463256836,1.9545713663101196,1.8654152154922485,1.5079134702682495,1.448081135749817,1.4593960046768188,1.2038109302520752,0.8866505026817322,0.990303635597229,1.0043612718582153,1.1235419511795044,1.3307673931121826,1.5372428894042969,1.8108854293823242,2.054283618927002,2.69169282913208,2.317140579223633,2.3390069007873535,2.055319309234619,1.9153847694396973,1.9926100969314575,1.7633405923843384,1.4940530061721802,1.6581754684448242,1.7202869653701782,1.6931414604187012,1.8137935400009155,1.9051700830459595,2.1709675788879395,2.2876811027526855
B10,2.5585074424743652,2.285949468612671,1.9334088563919067,1.720893383026123,1.4003422260284424,1.1703985929489136,0.9574080109596252,0.8236533403396606,0.5207915306091309,0.5488188862800598,0.5716763138771057,0.6572588086128235,0.992568850517273,1.1270638704299927,1.5024220943450928,2.207235336303711,1.9658342599868774,1.7614941596984863,1.4488821029663086,1.3324581384658813,1.070297122001648,0.8899243474006653,0.5805008411407471,0.3759179711341858,0.0,0.3833942413330078,0.5787668824195862,0.9264038801193237,1.1381993293762207,1.5132324695587158,2.0623912811279297,1.7514983415603638,1.6413308382034302,1.2823435068130493,1.2796789407730103,1.203049659729004,1.022613286972046,0.6814832091331482,0.7086511850357056,0.5299716591835022,0.7224693894386292,0.8632811903953552,1.1321386098861694,1.3576923608779907,1.6658915281295776,2.1751902103424072,1.8057490587234497,1.7945808172225952,1.4493080377578735,1.4898377656936646,1.5363761186599731,1.3581629991531372,1.054656982421875,1.1821763515472412,1.078954815864563,1.2072676420211792,1.310910940170288,1.5092315673828125,1.723953366279602,1.9359683990478516,2.5763745307922363,2.217883586883545,2.3012750148773193,2.0496935844421387,1.9646683931350708,2.0854809284210205,1.9127906560897827,1.6770248413085938,1.868582010269165,1.8852063417434692,1.8878061771392822,1.9471575021743774,2.0601959228515625,2.2773544788360596,2.389904499053955
B11,2.9355716705322266,2.653839111328125,2.3073484897613525,2.0797371864318848,1.7588576078414917,1.529132604598999,1.2881461381912231,1.1111408472061157,0.7320091724395752,0.7416322827339172,0.5428196787834167,0.6690607070922852,0.8733410239219666,1.0563844442367554,1.386176347732544,2.5430877208709717,2.315051555633545,2.1300442218780518,1.8219239711761475,1.7155729532241821,1.4425615072250366,1.2542024850845337,0.9349095225334167,0.6227700114250183,0.3833942413330078,0.0,0.37381741404533386,0.6201377511024475,0.9057872295379639,1.256758213043213,2.3288965225219727,2.0415475368499756,1.9564152956008911,1.6103829145431519,1.626461148262024,1.499511957168579,1.3261958360671997,0.9696089029312134,0.839798629283905,0.5777313709259033,0.5438786745071411,0.6317133903503418,0.8026381731033325,1.0636441707611084,1.34036123752594,2.3385093212127686,1.9935142993927002,2.0141870975494385,1.6666795015335083,1.7466176748275757,1.734763264656067,1.5761961936950684,1.2344558238983154,1.2510484457015991,1.0680506229400635,1.0899109840393066,1.127914547920227,1.2467988729476929,1.4521392583847046,1.617817759513855,2.65140700340271,2.3124756813049316,2.432088613510132,2.1664583683013916,2.1378352642059326,2.221459150314331,2.0734517574310303,1.8093053102493286,1.9419792890548706,1.884293556213379,1.8481113910675049,1.8377516269683838,1.914833426475525,2.0826797485351562,2.157007932662964
B12,3.0751795768737793,2.820760488510132,2.4657552242279053,2.2675797939300537,1.961976170539856,1.7082631587982178,1.530264139175415,1.3499714136123657,1.0089901685714722,0.890165388584137,0.6346595287322998,0.5419178009033203,0.6712632179260254,0.7532436847686768,1.0665044784545898,2.46006178855896,2.266674518585205,2.131615161895752,1.8512537479400635,1.815616250038147,1.5307252407073975,1.4258676767349243,1.1534627676010132,0.9037433862686157,0.5787668824195862,0.37381741404533386,0.0,0.38830897212028503,0.56453937292099,0.9417562484741211,2.159564256668091,1.901492953300476,1.873154640197754,1.5566326379776,1.65503990650177,1.5245920419692993,1.4378410577774048,1.1330225467681885,1.0433189868927002,0.6945055723190308,0.6913757920265198,0.5572885870933533,0.7277332544326782,0.8629779815673828,1.132340669631958,2.1057918071746826,1.784321665763855,1.8694568872451782,1.5499613285064697,1.71389901638031,1.7195966243743896,1.6394174098968506,1.3357325792312622,1.38726806640625,1.1294825077056885,1.194478154182434,1.1234488487243652,1.2633613348007202,1.3738847970962524,1.5249477624893188,2.4204514026641846,2.10555362701416,2.277916431427002,2.048652172088623,2.0751707553863525,2.1935384273529053,2.105053663253784,1.8863978385925293,2.050853967666626,1.9657597541809082,1.981226921081543,1.9282093048095703,2.0518295764923096,2.1770448684692383,2.275484323501587
B13,3.437260150909424,3.172377347946167,2.8277337551116943,2.6107168197631836,2.315394639968872,2.046569347381592,1.8608466386795044,1.6392306089401245,1.2735662460327148,1.1360220909118652,0.7888243198394775,0.723635733127594,0.6270155906677246,0.7501659989356995,0.9448505640029907,2.793963670730591,2.6030893325805664,2.494804620742798,2.2107183933258057,2.1908884048461914,1.916455626487732,1.8011481761932373,1.5060120820999146,1.2317761182785034,0.9264038801193237,0.6201377511024475,0.38830897212028503,0.0,0.37226152420043945,0.6505787968635559,2.4616904258728027,2.220749855041504,2.226985454559326,1.9231417179107666,2.0402605533599854,1.9027053117752075,1.8173211812973022,1.5033899545669556,1.3628090620040894,1.018189787864685,0.8863645792007446,0.6749610900878906,0.6175522208213806,0.7045003175735474,0.8564016819000244,2.348543167114258,2.0592427253723145,2.1826868057250977,1.8799569606781006,2.0711669921875,2.0536203384399414,1.98863685131073,1.6745489835739136,1.6666665077209473,1.3742177486419678,1.3544883728027344,1.2080878019332886,1.2390294075012207,1.2913224697113037,1.346103549003601,2.6036410331726074,2.3216676712036133,2.5316402912139893,2.3094213008880615,2.381016254425049,2.48006010055542,2.4147374629974365,2.186450958251953,2.3106398582458496,2.1731855869293213,2.159886121749878,2.045135974884033,2.1321146488189697,2.195967435836792,2.2478063106536865
