,A1,A2,A3,A4,A5,A6,A7,A8,A9,A10,A11,A12,A13,A14,A15,B1,B2,B3,B4,B5,B6,B7,B8,B9,B10,B11,B12,B13,B14,B15,C1,C2,C3,C4,C5,C6,C7,C8,C9,C10,C11,C12,C13,C14,C15,D1,D2,D3,D4,D5,D6,D7,D8,D9,D10,D11,D12,D13,D14,D15,E1,E2,E3,E4,E5,E6,E7,E8,E9,E10,E11,E12,E13,E14,E15
A1,0.0,0.39988404512405396,0.6895211338996887,1.0006725788116455,1.3273273706436157,1.5437259674072266,1.8814841508865356,2.1576380729675293,2.4896368980407715,2.474898338317871,2.78924560546875,2.6968307495117188,3.0203630924224854,2.954753875732422,3.235100030899048,1.201151728630066,1.1018179655075073,1.02881920337677,1.2688920497894287,1.3661969900131226,1.7450037002563477,1.9467271566390991,2.242345094680786,2.6200644969940186,2.622210741043091,2.976468086242676,2.9652037620544434,3.3094496726989746,3.322814464569092,3.6279854774475098,1.9649494886398315,1.8063950538635254,1.6821675300598145,1.777356505393982,1.7728394269943237,2.11053466796875,2.1697757244110107,2.4415299892425537,2.823739767074585,2.833036184310913,3.188065767288208,3.2238857746124268,3.571709394454956,3.6387863159179688,3.9578824043273926,2.637225389480591,2.470261573791504,2.301377773284912,2.30757212638855,2.2258718013763428,2.5293257236480713,2.4928550720214844,2.7121245861053467,3.0943996906280518,3.1221840381622314,3.4645705223083496,3.537795066833496,3.8841042518615723,3.9979605674743652,4.323925018310547,3.334719657897949,3.1740448474884033,3.0633022785186768,3.0346391201019287,2.9096145629882812,3.103748321533203,2.9745004177093506,3.1067848205566406,3.4801645278930664,3.5421435832977295,3.856786012649536,3.95513916015625,4.285528659820557,4.437085151672363,4.736935615539551
A2,0.39988404512405396,0.0,0.4020054340362549,0.6659541726112366,1.0216466188430786,1.292330026626587,1.6090017557144165,1.888505220413208,2.245497703552246,2.242741823196411,2.577786922454834,2.5207102298736572,2.8522770404815674,2.824974536895752,3.114074468612671,1.3733446598052979,1.1670198440551758,1.078150987625122,1.2004773616790771,1.270516276359558,1.6484240293502808,1.7806719541549683,2.0565993785858154,2.445283889770508,2.4623730182647705,2.8207693099975586,2.8403871059417725,3.182767868041992,3.229820966720581,3.535973310470581,2.1392858028411865,1.9223915338516235,1.8020511865615845,1.8153823614120483,1.796987771987915,2.0895144939422607,2.094348430633545,2.328491687774658,2.7065346240997314,2.7284562587738037,3.0760297775268555,3.137376070022583,3.4755055904388428,3.5700438022613525,3.8833224773406982,2.8007547855377197,2.594524621963501,2.4381368160247803,2.3857288360595703,2.3026201725006104,2.5696473121643066,2.4780290126800537,2.6552369594573975,3.0250048637390137,3.064426898956299,3.3908700942993164,3.484182119369507,3.8159432411193848,3.9523136615753174,4.268161773681641,3.4931483268737793,3.304774045944214,3.2084619998931885,3.1375465393066406,3.0190281867980957,3.175227403640747,3.004899024963379,3.0954151153564453,3.452867031097412,3.524538040161133,3.818573474884033,3.929840087890625,4.241092681884766,4.407718181610107,4.6904120445251465
A3,0.6895211338996887,0.4020054340362549,0.0,0.3712926506996155,0.6535501480102539,0.9345937967300415,1.2692298889160156,1.5820904970169067,1.9507379531860352,2.0006563663482666,2.3548083305358887,2.345287322998047,2.702924966812134,2.7209584712982178,3.0417284965515137,1.4772478342056274,1.199709177017212,1.0041892528533936,1.017946481704712,0.9834696054458618,1.3440560102462769,1.4417037963867188,1.7331278324127197,2.1308627128601074,2.1930618286132812,2.56421160697937,2.6282174587249756,2.986375570297241,3.0723817348480225,3.400653123855591,2.139563798904419,1.8688404560089111,1.6984522342681885,1.6361218690872192,1.5591096878051758,1.8183536529541016,1.7712401151657104,2.000696897506714,2.385303020477295,2.4449074268341064,2.7992098331451416,2.89945650100708,3.2463526725769043,3.375558853149414,3.703014850616455,2.7424352169036865,2.4908456802368164,2.310514450073242,2.1988027095794678,2.082104206085205,2.3082056045532227,2.1756300926208496,2.338482618331909,2.7053747177124023,2.775324821472168,3.1016783714294434,3.2273473739624023,3.5614371299743652,3.7267465591430664,4.048826694488525,3.380625009536743,3.1553308963775635,3.0471560955047607,2.9316020011901855,2.799131393432617,2.9163553714752197,2.7139415740966797,2.7859838008880615,3.13562273979187,3.2303695678710938,3.5182688236236572,3.654442071914673,3.9607598781585693,4.151005268096924,4.433386325836182
A4,1.0006725788116455,0.6659541726112366,0.3712926506996155,0.0,0.3876921236515045,0.6778939962387085,0.9630042910575867,1.2554289102554321,1.634369134902954,1.6807414293289185,2.0436043739318848,2.0591681003570557,2.417264461517334,2.466442346572876,2.791510820388794,1.5616681575775146,1.222083330154419,1.0516589879989624,0.936604380607605,0.9079409837722778,1.2272731065750122,1.2456146478652954,1.4891124963760376,1.8826780319213867,1.938817024230957,2.30285382270813,2.3838613033294678,2.7320327758789062,2.8416683673858643,3.1648190021514893,2.1866400241851807,1.877689003944397,1.738703966140747,1.6079299449920654,1.553343415260315,1.747593641281128,1.6690435409545898,1.8374277353286743,2.1989758014678955,2.248079776763916,2.5836727619171143,2.6932740211486816,3.0225489139556885,3.167546510696411,3.4829013347625732,2.7656424045562744,2.4898273944854736,2.3431708812713623,2.189150810241699,2.101804494857788,2.2946314811706543,2.1234023571014404,2.2290499210357666,2.569629430770874,2.6282122135162354,2.9288909435272217,3.0574989318847656,3.370011806488037,3.5452933311462402,3.8515970706939697,3.3994221687316895,3.1604907512664795,3.0833592414855957,2.9405629634857178,2.83747935295105,2.928274393081665,2.702009677886963,2.7227139472961426,3.046823263168335,3.129079580307007,3.3892929553985596,3.520866870880127,3.8035638332366943,3.9952521324157715,4.256346702575684
A5,1.3273273706436157,1.0216466188430786,0.6535501480102539,0.3876921236515045,0.0,0.3898567259311676,0.6675406694412231,1.0100538730621338,1.4008982181549072,1.5252439975738525,1.9032580852508545,1.983632206916809,2.3604531288146973,2.46291184425354,2.8126511573791504,1.7998424768447876,1.4391810894012451,1.2062057256698608,0.9902523159980774,0.8287213444709778,1.0603784322738647,0.9925323724746704,1.2360901832580566,1.631752610206604,1.751112937927246,2.1212658882141113,2.2595715522766113,2.6169776916503906,2.7720205783843994,3.1124815940856934,2.3105826377868652,1.9678730964660645,1.7907330989837646,1.5859121084213257,1.4694416522979736,1.5982416868209839,1.445182204246521,1.5869207382202148,1.9444854259490967,2.0430073738098145,2.3774893283843994,2.5353872776031494,2.867112636566162,3.052048444747925,3.3773655891418457,2.8152599334716797,2.5029819011688232,2.3385181427001953,2.125587224960327,2.00622296333313,2.1394503116607666,1.9178979396820068,1.9929028749465942,2.3185172080993652,2.4148178100585938,2.707174062728882,2.8743841648101807,3.183093547821045,3.3912241458892822,3.699704885482788,3.3805651664733887,3.1081089973449707,3.0210530757904053,2.8323161602020264,2.7174408435821533,2.7597525119781494,2.4982731342315674,2.490626573562622,2.7967610359191895,2.905902147293091,3.1526150703430176,3.3127405643463135,3.584548234939575,3.8025357723236084,4.059321403503418
A6,1.5437259674072266,1.292330026626587,0.9345937967300415,0.6778939962387085,0.3898567259311676,0.0,0.3677811324596405,0.7122194766998291,1.0721732378005981,1.2212910652160645,1.5911206007003784,1.6866618394851685,2.0748813152313232,2.196017026901245,2.563983678817749,1.756392478942871,1.381657361984253,1.1308077573776245,0.8192890882492065,0.6105400323867798,0.7341905832290649,0.6115801334381104,0.8489715456962585,1.247328519821167,1.3755172491073608,1.7502163648605347,1.902984857559204,2.2684829235076904,2.438131093978882,2.7909536361694336,2.1369338035583496,1.768815040588379,1.5929720401763916,1.3260880708694458,1.2123656272888184,1.2737610340118408,1.1071830987930298,1.2116611003875732,1.5603089332580566,1.6545178890228271,1.9889042377471924,2.1552975177764893,2.4901695251464844,2.6862146854400635,3.018244504928589,2.57307505607605,2.238248825073242,2.0885398387908936,1.8376907110214233,1.7381075620651245,1.8396731615066528,1.6008986234664917,1.6385955810546875,1.9501756429672241,2.0347087383270264,2.32010817527771,2.488832712173462,2.7953078746795654,3.009308099746704,3.3187241554260254,3.097984790802002,2.811656951904297,2.743199586868286,2.533499240875244,2.444308280944824,2.4699413776397705,2.202622890472412,2.160820960998535,2.4518344402313232,2.544024705886841,2.7794926166534424,2.9334049224853516,3.1991565227508545,3.41672682762146,3.670560598373413
A7,1.8814841508865356,1.6090017557144165,1.2692298889160156,0.9630042910575867,0.6675406694412231,0.3677811324596405,0.0,0.37054458260536194,0.7485567331314087,0.945566713809967,1.3212616443634033,1.4802850484848022,1.8628119230270386,2.037485122680664,2.4074809551239014,1.9934451580047607,1.6082682609558105,1.3999799489974976,1.0411832332611084,0.8740189075469971,0.8617604970932007,0.5913400650024414,0.6638692617416382,1.023955225944519,1.1668835878372192,1.5195600986480713,1.7146345376968384,2.0607030391693115,2.27058744430542,2.6154165267944336,2.3115899562835693,1.9302515983581543,1.7907226085662842,1.4777469635009766,1.3913325071334839,1.3543615341186523,1.1508480310440063,1.1366794109344482,1.4195462465286255,1.5094155073165894,1.8041746616363525,1.9939767122268677,2.2993876934051514,2.5227479934692383,2.837944507598877,2.6951966285705566,2.3467721939086914,2.2342493534088135,1.9485996961593628,1.8814184665679932,1.9294894933700562,1.6557389497756958,1.6089154481887817,1.8624929189682007,1.9372837543487549,2.1773335933685303,2.3554468154907227,2.6281075477600098,2.8587889671325684,3.1461410522460938,3.1867868900299072,2.890331506729126,2.853057622909546,2.6169044971466064,2.559511661529541,2.549508571624756,2.2635951042175293,2.1592981815338135,2.403792381286621,2.482799768447876,2.6757125854492188,2.8267526626586914,3.057624578475952,3.2794713973999023,3.505167007446289
A8,2.1576380729675293,1.888505220413208,1.5820904970169067,1.2554289102554321,1.0100538730621338,0.7122194766998291,0.37054458260536194,0.0,0.4022287428379059,0.6035208106040955,0.9752715826034546,1.1784018278121948,1.5481489896774292,1.7627243995666504,2.129420280456543,2.112602710723877,1.7296112775802612,1.576680302619934,1.1947031021118164,1.1021430492401123,1.0123018026351929,0.7092325687408447,0.5734769701957703,0.8302399516105652,0.9207053184509277,1.234478235244751,1.4423338174819946,1.7611337900161743,1.9944746494293213,2.3249056339263916,2.362104654312134,1.9792544841766357,1.89436936378479,1.559292197227478,1.533501386642456,1.4254895448684692,1.245904803276062,1.1228445768356323,1.313420295715332,1.347472906112671,1.5882232189178467,1.7685203552246094,2.0367469787597656,2.267634391784668,2.5595598220825195,2.6990461349487305,2.3507285118103027,2.291412353515625,1.9942156076431274,1.9847911596298218,2.006417989730835,1.7331496477127075,1.6130880117416382,1.8032736778259277,1.8304235935211182,2.0185117721557617,2.175926446914673,2.4098730087280273,2.6371171474456787,2.897861957550049,3.1744906902313232,2.8834121227264404,2.890565872192383,2.649280071258545,2.640315055847168,2.619481325149536,2.3400344848632812,2.182960271835327,2.3825623989105225,2.420133113861084,2.5703125,2.6931984424591064,2.8895022869110107,3.095777750015259,3.2915875911712646
A9,2.4896368980407715,2.245497703552246,1.9507379531860352,1.634369134902954,1.4008982181549072,1.0721732378005981,0.7485567331314087,0.4022287428379059,0.0,0.37386786937713623,0.6600789427757263,0.9396610260009766,1.2862188816070557,1.5512559413909912,1.9185981750488281,2.283435821533203,1.9203940629959106,1.7932353019714355,1.4050474166870117,1.3395673036575317,1.1561851501464844,0.8546556830406189,0.5486988425254822,0.5851348638534546,0.6295380592346191,0.8784318566322327,1.1290109157562256,1.421768307685852,1.6941711902618408,2.0199222564697266,2.407533645629883,2.0302557945251465,1.9798177480697632,1.6220526695251465,1.631521463394165,1.4391779899597168,1.280808448791504,1.0489007234573364,1.1145457029342651,1.0976051092147827,1.2691514492034912,1.4550708532333374,1.68709135055542,1.9391080141067505,2.216374158859253,2.653017044067383,2.3022804260253906,2.286210060119629,1.9702261686325073,2.006896734237671,1.9824999570846558,1.7128487825393677,1.5160326957702637,1.6259725093841553,1.6087923049926758,1.7367595434188843,1.8810588121414185,2.076019763946533,2.308270215988159,2.547292947769165,3.068965435028076,2.777059555053711,2.8225653171539307,2.5682833194732666,2.605123996734619,2.5623831748962402,2.29199481010437,2.080277442932129,2.2251780033111572,2.222245693206787,2.3254144191741943,2.423832893371582,2.5847108364105225,2.780546188354492,2.9501986503601074
A10,2.474898338317871,2.242741823196411,2.0006563663482666,1.6807414293289185,1.5252439975738525,1.2212910652160645,0.945566713809967,0.6035208106040955,0.37386786937713623,0.0,0.3833150565624237,0.6001965999603271,0.9521124958992004,1.2024785280227661,1.5639137029647827,2.146926164627075,1.7983461618423462,1.745714783668518,1.3782588243484497,1.4175450801849365,1.278916358947754,1.055694818496704,0.7782874703407288,0.7935280203819275,0.6345846056938171,0.8216491341590881,0.9573259353637695,1.2207367420196533,1.4514880180358887,1.7538303136825562,2.2753498554229736,1.9163216352462769,1.9366012811660767,1.6123251914978027,1.7071349620819092,1.5432379245758057,1.4698631763458252,1.2571275234222412,1.3046780824661255,1.1761051416397095,1.310341238975525,1.3991010189056396,1.5985586643218994,1.7957872152328491,2.044393301010132,2.5444672107696533,2.221660852432251,2.2613091468811035,1.9866600036621094,2.0876598358154297,2.109013557434082,1.8885908126831055,1.7044974565505981,1.8113371133804321,1.7185406684875488,1.8281184434890747,1.8986732959747314,2.0715553760528564,2.2526676654815674,2.4696879386901855,3.01633620262146,2.7586770057678223,2.8450305461883545,2.630582094192505,2.7077298164367676,2.707268714904785,2.4737296104431152,2.270714044570923,2.418091058731079,2.361783027648926,2.4589943885803223,2.502293825149536,2.6552436351776123,2.8044066429138184,2.9591124057769775
A11,2.78924560546875,2.577786922454834,2.3548083305358887,2.0436043739318848,1.9032580852508545,1.5911206007003784,1.3212616443634033,0.9752715826034546,0.6600789427757263,0.3833150565624237,0.0,0.3781042695045471,0.6427052021026611,0.9572687149047852,1.3011996746063232,2.3295462131500244,2.013514280319214,1.9987332820892334,1.6503874063491821,1.7207775115966797,1.5472012758255005,1.3518848419189453,1.037596344947815,0.9104070067405701,0.6465176939964294,0.6353252530097961,0.715548038482666,0.892231822013855,1.1454395055770874,1.4197875261306763,2.3562986850738525,2.022801637649536,2.0911290645599365,1.7767375707626343,1.913600206375122,1.7094272375106812,1.676667332649231,1.416838526725769,1.3614431619644165,1.1536229848861694,1.178235411643982,1.2067351341247559,1.3283390998840332,1.5116455554962158,1.7193481922149658,2.5471980571746826,2.2433395385742188,2.3379111289978027,2.0731327533721924,2.225780487060547,2.2259633541107178,2.032362461090088,1.8062279224395752,1.8424873352050781,1.6867691278457642,1.7241120338439941,1.7413583993911743,1.853871464729309,2.008422613143921,2.1851789951324463,2.976529359817505,2.7370564937591553,2.869431972503662,2.6637299060821533,2.7896647453308105,2.7858331203460693,2.5774123668670654,2.341834783554077,2.441075086593628,2.332538604736328,2.3820741176605225,2.377713918685913,2.4886112213134766,2.6027677059173584,2.7210617065429688
A12,2.6968307495117188,2.5207102298736572,2.345287322998047,2.0591681003570557,1.983632206916809,1.6866618394851685,1.4802850484848022,1.1784018278121948,0.9396610260009766,0.6001965999603271,0.3781042695045471,0.0,0.39360126852989197,0.6123825907707214,0.9841095805168152,2.1050426959991455,1.8241750001907349,1.870810627937317,1.5659035444259644,1.7159186601638794,1.5798110961914062,1.466214656829834,1.2043393850326538,1.1206668615341187,0.7788671255111694,0.763411819934845,0.6393105387687683,0.7962045073509216,0.9323224425315857,1.1980867385864258,2.1068766117095947,1.803288221359253,1.9337495565414429,1.6673836708068848,1.8745323419570923,1.7104103565216064,1.757215976715088,1.5440994501113892,1.514340877532959,1.2395257949829102,1.2738689184188843,1.19240403175354,1.3110506534576416,1.4032647609710693,1.5992687940597534,2.3140900135040283,2.044685125350952,2.185560703277588,1.972723126411438,2.1776230335235596,2.2286322116851807,2.0908002853393555,1.9026902914047241,1.9638841152191162,1.7554080486297607,1.8099920749664307,1.7568299770355225,1.8775336742401123,1.9678637981414795,2.1430206298828125,2.798760414123535,2.597071886062622,2.758450984954834,2.6003220081329346,2.754851818084717,2.800082206726074,2.633028268814087,2.4273111820220947,2.548859119415283,2.401735305786133,2.471390962600708,2.421436309814453,2.5500895977020264,2.61908221244812,2.7461371421813965
A13,3.0203630924224854,2.8522770404815674,2.702924966812134,2.417264461517334,2.3604531288146973,2.0748813152313232,1.8628119230270386,1.5481489896774292,1.2862188816070557,0.9521124958992004,0.6427052021026611,0.39360126852989197,0.0,0.3779468238353729,0.6687526106834412,2.3516807556152344,2.106558084487915,2.19722580909729,1.9195599555969238,2.094763994216919,1.959280252456665,1.8547147512435913,1.5815798044204712,1.4495398998260498,1.098219871520996,0.960522472858429,0.7548218369483948,0.7042886018753052,0.7724061608314514,0.9253488779067993,2.303248167037964,2.0415875911712646,2.2196481227874756,1.982617735862732,2.2183597087860107,2.0463063716888428,2.1152992248535156,1.8855195045471191,1.802596092224121,1.4940298795700073,1.4402101039886475,1.2886067628860474,1.293459415435791,1.3206065893173218,1.4237539768218994,2.460385322570801,2.230473041534424,2.422687530517578,2.2382307052612305,2.479919672012329,2.5257391929626465,2.4115493297576904,2.2053496837615967,2.2202906608581543,1.971540927886963,1.9640461206436157,1.8529443740844727,1.9003379344940186,1.9377832412719727,2.0481131076812744,2.9214799404144287,2.7535400390625,2.957254648208618,2.821040630340576,3.013362169265747,3.063405990600586,2.920243740081787,2.698620080947876,2.7844889163970947,2.5976200103759766,2.625831365585327,2.527906656265259,2.6111161708831787,2.632476806640625,2.712775468826294
A14,2.954753875732422,2.824974536895752,2.7209584712982178,2.466442346572876,2.46291184425354,2.196017026901245,2.037485122680664,1.7627243995666504,1.5512559413909912,1.2024785280227661,0.9572687149047852,0.6123825907707214,0.3779468238353729,0.0,0.39188024401664734,2.1741130352020264,1.9785667657852173,2.125020742416382,1.9025154113769531,2.135270595550537,2.0362391471862793,1.9965603351593018,1.770569920539856,1.6784876585006714,1.3066987991333008,1.2038341760635376,0.9086442589759827,0.8553868532180786,0.7463299632072449,0.8459548354148865,2.098705768585205,1.883528470993042,2.117539405822754,1.939583659172058,2.226036548614502,2.0973689556121826,2.2260732650756836,2.0422987937927246,1.9898061752319336,1.653390884399414,1.6245317459106445,1.4048056602478027,1.4189461469650269,1.3513286113739014,1.437096357345581,2.2694156169891357,2.0865509510040283,2.318741798400879,2.1931183338165283,2.4724011421203613,2.5640323162078857,2.499467611312866,2.333591938018799,2.375502347946167,2.0979232788085938,2.1148135662078857,1.954399585723877,2.0171685218811035,1.994791030883789,2.106032133102417,2.7814643383026123,2.6567697525024414,2.8822929859161377,2.795886993408203,3.007599353790283,3.1027257442474365,2.997507333755493,2.8092777729034424,2.918217658996582,2.7071282863616943,2.759089231491089,2.6286158561706543,2.7332310676574707,2.716766357421875,2.8105552196502686
A15,3.235100030899048,3.114074468612671,3.0417284965515137,2.791510820388794,2.8126511573791504,2.563983678817749,2.4074809551239014,2.129420280456543,1.9185981750488281,1.5639137029647827,1.3011996746063232,0.9841095805168152,0.6687526106834412,0.39188024401664734,0.0,2.409792900085449,2.2520647048950195,2.43916654586792,2.2466607093811035,2.5020339488983154,2.4183826446533203,2.3864285945892334,2.161060333251953,2.05942702293396,1.6874048709869385,1.5487608909606934,1.2418757677078247,1.093093752861023,0.9104560613632202,0.8315897583961487,2.3221418857574463,2.154712677001953,2.4246671199798584,2.2814443111419678,2.5866777896881104,2.4680559635162354,2.611238718032837,2.4276123046875,2.358505964279175,2.011319398880005,1.9453516006469727,1.6928112506866455,1.6379355192184448,1.5079001188278198,1.4972320795059204,2.4720566272735596,2.3374183177948,2.6044275760650635,2.513579845428467,2.814208507537842,2.91386079788208,2.8685343265533447,2.7019267082214355,2.725794553756714,2.428925037384033,2.414973020553589,2.21785569190979,2.2324392795562744,2.159975051879883,2.213341474533081,2.978193998336792,2.893536329269409,3.147710084915161,3.0898663997650146,3.3243303298950195,3.4320361614227295,3.347175121307373,3.1580982208251953,3.2511215209960938,3.0164742469787598,3.046633005142212,2.8823883533477783,2.95763897895813,2.899399995803833,2.9571425914764404
B1,1.201151728630066,1.3733446598052979,1.4772478342056274,1.5616681575775146,1.7998424768447876,1.756392478942871,1.9934451580047607,2.112602710723877,2.283435821533203,2.146926164627075,2.3295462131500244,2.1050426959991455,2.3516807556152344,2.1741130352020264,2.409792900085449,0.0,0.3921847939491272,0.6660156846046448,0.9846954941749573,1.3120512962341309,1.5542758703231812,1.8418469429016113,2.0312321186065674,2.29227352142334,2.1481473445892334,2.4178996086120605,2.2692198753356934,2.560654401779175,2.4636526107788086,2.7293508052825928,0.86427903175354,0.801372766494751,0.9192132353782654,1.1552393436431885,1.400538444519043,1.694502592086792,1.9375759363174438,2.1463980674743652,2.43457293510437,2.297048807144165,2.5946884155273438,2.4992966651916504,2.8100483417510986,2.7744007110595703,3.061943531036377,1.593727469444275,1.5058485269546509,1.487545132637024,1.6109750270843506,1.7296209335327148,2.0858848094940186,2.1660022735595703,2.345608949661255,2.6722500324249268,2.5602121353149414,2.8651883602142334,2.8183329105377197,3.138479471206665,3.1588594913482666,3.4613442420959473,2.390054702758789,2.3079543113708496,2.310556411743164,2.371222734451294,2.3863635063171387,2.6574485301971436,2.6250550746917725,2.724468231201172,3.0631394386291504,2.996943950653076,3.2886271476745605,3.2788753509521484,3.5985331535339355,3.6626462936401367,3.949812173843384
B2,1.1018179655075073,1.1670198440551758,1.199709177017212,1.222083330154419,1.4391810894012451,1.381657361984253,1.6082682609558105,1.7296112775802612,1.9203940629959106,1.7983461618423462,2.013514280319214,1.8241750001907349,2.106558084487915,1.9785667657852173,2.2520647048950195,0.3921847939491272,0.0,0.3856072425842285,0.6314494609832764,0.9874358177185059,1.24773108959198,1.5006017684936523,1.687353491783142,1.9718046188354492,1.8456897735595703,2.1403274536132812,2.0315728187561035,2.3449690341949463,2.296708106994629,2.5861079692840576,1.0481038093566895,0.8321629762649536,0.8870516419410706,0.9902503490447998,1.2111600637435913,1.480080246925354,1.674208402633667,1.8631898164749146,2.1647379398345947,2.04632830619812,2.3557076454162598,2.2984671592712402,2.618215322494507,2.625765562057495,2.924797773361206,1.7279293537139893,1.5564297437667847,1.5176661014556885,1.5422700643539429,1.634667158126831,1.9571516513824463,1.9737297296524048,2.1226489543914795,2.4521279335021973,2.3609604835510254,2.664496898651123,2.6511294841766357,2.9702818393707275,3.0274851322174072,3.3320114612579346,2.4901814460754395,2.353895902633667,2.3526666164398193,2.3479163646698,2.351517677307129,2.576918125152588,2.4924116134643555,2.5557520389556885,2.889302968978882,2.8431882858276367,3.123598098754883,3.1390371322631836,3.447946071624756,3.5397017002105713,3.8179640769958496
B3,1.02881920337677,1.078150987625122,1.0041892528533936,1.0516589879989624,1.2062057256698608,1.1308077573776245,1.3999799489974976,1.576680302619934,1.7932353019714355,1.745714783668518,1.9987332820892334,1.870810627937317,2.19722580909729,2.125020742416382,2.43916654586792,0.6660156846046448,0.3856072425842285,0.0,0.39042288064956665,0.6563147306442261,0.9470398426055908,1.2316712141036987,1.477279543876648,1.7917914390563965,1.734939455986023,2.065373659133911,2.0171828269958496,2.3666203022003174,2.366913318634033,2.692711591720581,1.145839810371399,0.8661520481109619,0.7494219541549683,0.7858758568763733,0.9047086238861084,1.2095385789871216,1.370570421218872,1.6059058904647827,1.9456467628479004,1.888413906097412,2.2314369678497314,2.229656457901001,2.5806143283843994,2.6332502365112305,2.963371992111206,1.7517914772033691,1.522679090499878,1.3976765871047974,1.3620364665985107,1.3743611574172974,1.6845452785491943,1.6757839918136597,1.8543295860290527,2.2106733322143555,2.171182632446289,2.5017735958099365,2.536954402923584,2.8805878162384033,2.9768526554107666,3.3044469356536865,2.4402682781219482,2.2559986114501953,2.2043559551239014,2.1558420658111572,2.1109185218811035,2.3104004859924316,2.1984739303588867,2.27811336517334,2.6286394596099854,2.6247994899749756,2.923067331314087,2.980018377304077,3.3036584854125977,3.4314069747924805,3.7269632816314697
B4,1.2688920497894287,1.2004773616790771,1.017946481704712,0.936604380607605,0.9902523159980774,0.8192890882492065,1.0411832332611084,1.1947031021118164,1.4050474166870117,1.3782588243484497,1.6503874063491821,1.5659035444259644,1.9195599555969238,1.9025154113769531,2.2466607093811035,0.9846954941749573,0.6314494609832764,0.39042288064956665,0.0,0.38970082998275757,0.6429449915885925,0.8747426867485046,1.0984057188034058,1.423707365989685,1.3815841674804688,1.7286206483840942,1.722225546836853,2.08540940284729,2.1338372230529785,2.476501226425171,1.3335745334625244,0.9814363121986389,0.8621646165847778,0.7074443697929382,0.7978656888008118,1.0066078901290894,1.1083306074142456,1.292255163192749,1.628698468208313,1.5812114477157593,1.9253780841827393,1.9583019018173218,2.309331178665161,2.4015679359436035,2.736351728439331,1.8490281105041504,1.5618520975112915,1.452816128730774,1.3153797388076782,1.3269877433776855,1.5712627172470093,1.4910224676132202,1.608667016029358,1.9491565227508545,1.9179408550262451,2.2339367866516113,2.2949657440185547,2.627913475036621,2.7549350261688232,3.0774762630462646,2.4843575954437256,2.2597591876983643,2.226170301437378,2.1163406372070312,2.084702968597412,2.229814291000366,2.0703134536743164,2.0916121006011963,2.4197912216186523,2.421257495880127,2.695526361465454,2.766810894012451,3.070866823196411,3.2178614139556885,3.4980087280273438
B5,1.3661969900131226,1.270516276359558,0.9834696054458618,0.9079409837722778,0.8287213444709778,0.6105400323867798,0.8740189075469971,1.1021430492401123,1.3395673036575317,1.4175450801849365,1.7207775115966797,1.7159186601638794,2.094763994216919,2.135270595550537,2.5020339488983154,1.3120512962341309,0.9874358177185059,0.6563147306442261,0.38970082998275757,0.0,0.3817382752895355,0.6230697631835938,0.9388934373855591,1.2988334894180298,1.3625051975250244,1.735493540763855,1.807337999343872,2.191131591796875,2.292372226715088,2.6579554080963135,1.583405613899231,1.225382924079895,0.999541699886322,0.7667686343193054,0.6593930721282959,0.8475879430770874,0.8418131470680237,1.0769133567810059,1.4591894149780273,1.5041849613189697,1.8740856647491455,1.9788627624511719,2.3492462635040283,2.4919326305389404,2.8476526737213135,2.013631582260132,1.69034743309021,1.5114961862564087,1.3034682273864746,1.2114497423171997,1.398863434791565,1.2573593854904175,1.3933556079864502,1.7572805881500244,1.8002086877822876,2.1355299949645996,2.258514881134033,2.606712579727173,2.7784557342529297,3.1164307594299316,2.55387806892395,2.285454511642456,2.203432559967041,2.0390124320983887,1.9533369541168213,2.047973871231079,1.8429361581802368,1.869174838066101,2.2073590755462646,2.2655227184295654,2.5501949787139893,2.672971487045288,2.9838039875030518,3.1722252368927,3.463460683822632
B6,1.7450037002563477,1.6484240293502808,1.3440560102462769,1.2272731065750122,1.0603784322738647,0.7341905832290649,0.8617604970932007,1.0123018026351929,1.1561851501464844,1.278916358947754,1.5472012758255005,1.5798110961914062,1.959280252456665,2.0362391471862793,2.4183826446533203,1.5542758703231812,1.24773108959198,0.9470398426055908,0.6429449915885925,0.3817382752895355,0.0,0.3688001036643982,0.6645486950874329,0.9803109765052795,1.0839611291885376,1.4514203071594238,1.5611588954925537,1.9519376754760742,2.0848824977874756,2.465991258621216,1.6398518085479736,1.2651299238204956,1.034939169883728,0.6936854720115662,0.5351444482803345,0.5432372689247131,0.4856013059616089,0.6977638602256775,1.0817466974258423,1.151715636253357,1.5290895700454712,1.667053461074829,2.0455119609832764,2.2173373699188232,2.5851504802703857,1.9393948316574097,1.5795037746429443,1.4067647457122803,1.1180429458618164,1.026206612586975,1.1313889026641846,0.9406335353851318,1.026154637336731,1.3800407648086548,1.431962013244629,1.7667690515518188,1.9130384922027588,2.2635655403137207,2.457808017730713,2.800950527191162,2.387613296508789,2.0868685245513916,2.0159006118774414,1.802213430404663,1.7358547449111938,1.7846016883850098,1.5552008152008057,1.532483696937561,1.851629376411438,1.9070496559143066,2.180469036102295,2.313767671585083,2.6188716888427734,2.821680784225464,3.1121420860290527
B7,1.9467271566390991,1.7806719541549683,1.4417037963867188,1.2456146478652954,0.9925323724746704,0.6115801334381104,0.5913400650024414,0.7092325687408447,0.8546556830406189,1.055694818496704,1.3518848419189453,1.466214656829834,1.8547147512435913,1.9965603351593018,2.3864285945892334,1.8418469429016113,1.5006017684936523,1.2316712141036987,0.8747426867485046,0.6230697631835938,0.3688001036643982,0.0,0.36634641885757446,0.7389681935310364,0.9224777221679688,1.2987016439437866,1.4838166236877441,1.866730809211731,2.057839870452881,2.4364867210388184,1.9603135585784912,1.5764963626861572,1.3846279382705688,1.0253369808197021,0.885957658290863,0.7780108451843262,0.5663999915122986,0.6023749113082886,0.9589691162109375,1.0766047239303589,1.429811954498291,1.6256103515625,1.980972409248352,2.1999125480651855,2.5552077293395996,2.237276792526245,1.867965579032898,1.7251421213150024,1.4042139053344727,1.3193833827972412,1.3411345481872559,1.0721513032913208,1.0470291376113892,1.3443095684051514,1.4257547855377197,1.7173722982406616,1.902633786201477,2.221522331237793,2.4516968727111816,2.775501012802124,2.6514229774475098,2.336143970489502,2.2829740047454834,2.0316312313079834,1.9746354818344116,1.9635282754898071,1.6890971660614014,1.5960561037063599,1.8665217161178589,1.9398629665374756,2.1689748764038086,2.3238682746887207,2.5925467014312744,2.8178906440734863,3.0807228088378906
B8,2.242345094680786,2.0565993785858154,1.7331278324127197,1.4891124963760376,1.2360901832580566,0.8489715456962585,0.6638692617416382,0.5734769701957703,0.5486988425254822,0.7782874703407288,1.037596344947815,1.2043393850326538,1.5815798044204712,1.770569920539856,2.161060333251953,2.0312321186065674,1.687353491783142,1.477279543876648,1.0984057188034058,0.9388934373855591,0.6645486950874329,0.36634641885757446,0.0,0.40146058797836304,0.6041595935821533,0.9692713618278503,1.200365424156189,1.5681010484695435,1.7987843751907349,2.171523332595825,2.087454319000244,1.7027846574783325,1.5728257894515991,1.1932759284973145,1.128589153289795,0.9225950241088867,0.7340339422225952,0.5551713109016418,0.7752982974052429,0.8492834568023682,1.156986117362976,1.3712738752365112,1.697691798210144,1.9424145221710205,2.2818853855133057,2.3059241771698,1.9339600801467896,1.8511308431625366,1.5122050046920776,1.4930074214935303,1.4652447700500488,1.1875118017196655,1.0443692207336426,1.2476420402526855,1.284054160118103,1.515074610710144,1.6956231594085693,1.9762381315231323,2.217625617980957,2.518066644668579,2.6881940364837646,2.3733015060424805,2.3685314655303955,2.102649688720703,2.099062919616699,2.0613534450531006,1.7868168354034424,1.6186978816986084,1.8253226280212402,1.8587472438812256,2.033698558807373,2.1678154468536377,2.39680552482605,2.616194725036621,2.8480653762817383
B9,2.6200644969940186,2.445283889770508,2.1308627128601074,1.8826780319213867,1.631752610206604,1.247328519821167,1.023955225944519,0.8302399516105652,0.5851348638534546,0.7935280203819275,0.9104070067405701,1.1206668615341187,1.4495398998260498,1.6784876585006714,2.05942702293396,2.29227352142334,1.9718046188354492,1.7917914390563965,1.423707365989685,1.2988334894180298,0.9803109765052795,0.7389681935310364,0.40146058797836304,0.0,0.3805316090583801,0.6548048853874207,0.9606361985206604,1.2991994619369507,1.5747166872024536,1.943323016166687,2.226271390914917,1.857654333114624,1.763045072555542,1.3768140077590942,1.3456637859344482,1.0488394498825073,0.8928508162498474,0.5612930059432983,0.5312084555625916,0.5651372671127319,0.8003844022750854,1.0625983476638794,1.3612885475158691,1.6453280448913574,1.9773647785186768,2.333355665206909,1.9619966745376587,1.9236642122268677,1.5659029483795166,1.5928276777267456,1.4952008724212646,1.223990559577942,0.9693936109542847,1.0439203977584839,1.0349169969558716,1.19189453125,1.3803447484970093,1.6248798370361328,1.8879841566085815,2.1724793910980225,2.627512216567993,2.3078112602233887,2.3419694900512695,2.054839849472046,2.100780963897705,2.0257136821746826,1.7598642110824585,1.5184063911437988,1.646985411643982,1.6378463506698608,1.753669261932373,1.8708882331848145,2.0614614486694336,2.2813172340393066,2.489464044570923
B10,2.622210741043091,2.4623730182647705,2.1930618286132812,1.938817024230957,1.751112937927246,1.3755172491073608,1.1668835878372192,0.9207053184509277,0.6295380592346191,0.6345846056938171,0.6465176939964294,0.7788671255111694,1.098219871520996,1.3066987991333008,1.6874048709869385,2.1481473445892334,1.8456897735595703,1.734939455986023,1.3815841674804688,1.3625051975250244,1.0839611291885376,0.9224777221679688,0.6041595935821533,0.3805316090583801,0.0,0.3826543390750885,0.6073574423789978,0.966588020324707,1.2181386947631836,1.5879058837890625,2.0491340160369873,1.6956522464752197,1.679487705230713,1.31947660446167,1.395662546157837,1.1243308782577515,1.0894646644592285,0.803375780582428,0.7429961562156677,0.5439876914024353,0.7150189280509949,0.8479918241500854,1.1327048540115356,1.3701900243759155,1.6909512281417847,2.1573994159698486,1.8091328144073486,1.8421202898025513,1.5250929594039917,1.641348123550415,1.597967505455017,1.3970357179641724,1.1621311902999878,1.2213608026504517,1.0884146690368652,1.209319829940796,1.2918124198913574,1.5124855041503906,1.7190786600112915,1.986570119857788,2.5034801959991455,2.219238042831421,2.308729648590088,2.0667405128479004,2.170008659362793,2.146108627319336,1.931168794631958,1.6995844841003418,1.8233246803283691,1.7364920377731323,1.8378331661224365,1.8779425621032715,2.0564942359924316,2.218320846557617,2.4100077152252197
B11,2.976468086242676,2.8207693099975586,2.56421160697937,2.30285382270813,2.1212658882141113,1.7502163648605347,1.5195600986480713,1.234478235244751,0.8784318566322327,0.8216491341590881,0.6353252530097961,0.763411819934845,0.960522472858429,1.2038341760635376,1.5487608909606934,2.4178996086120605,2.1403274536132812,2.065373659133911,1.7286206483840942,1.735493540763855,1.4514203071594238,1.2987016439437866,0.9692713618278503,0.6548048853874207,0.3826543390750885,0.0,0.3841720223426819,0.6537489295005798,0.9670987129211426,1.315002202987671,2.2373077869415283,1.9148443937301636,1.9433457851409912,1.604013442993164,1.7106220722198486,1.4130107164382935,1.4043153524398804,1.0852527618408203,0.887405514717102,0.6103464365005493,0.5451713800430298,0.6217119097709656,0.8090364336967468,1.0748605728149414,1.3648725748062134,2.2578070163726807,1.933650016784668,2.0217244625091553,1.7192515134811401,1.8798209428787231,1.8037818670272827,1.630479335784912,1.3484560251235962,1.2988348007202148,1.0957164764404297,1.0931037664413452,1.116651177406311,1.252204418182373,1.448844075202942,1.6741762161254883,2.5362253189086914,2.269606590270996,2.4075143337249756,2.170228958129883,2.323733329772949,2.284229040145874,2.0948312282562256,1.8218687772750854,1.8721144199371338,1.7278631925582886,1.7557510137557983,1.7431007623672485,1.8607808351516724,1.9909735918045044,2.1377131938934326
B12,2.9652037620544434,2.8403871059417725,2.6282174587249756,2.3838613033294678,2.2595715522766113,1.902984857559204,1.7146345376968384,1.4423338174819946,1.1290109157562256,0.9573259353637695,0.715548038482666,0.6393105387687683,0.7548218369483948,0.9086442589759827,1.2418757677078247,2.2692198753356934,2.0315728187561035,2.0171828269958496,1.722225546836853,1.807337999343872,1.5611588954925537,1.4838166236877441,1.200365424156189,0.9606361985206604,0.6073574423789978,0.3841720223426819,0.0,0.3910067677497864,0.6144657731056213,0.9868806004524231,2.033118724822998,1.7469202280044556,1.8467978239059448,1.55762779712677,1.7449589967727661,1.4869862794876099,1.569002628326416,1.3049376010894775,1.1453797817230225,0.7907171845436096,0.7162665724754333,0.5572466850280762,0.7050415277481079,0.8441601991653442,1.1274100542068481,2.0384695529937744,1.7526944875717163,1.9074244499206543,1.662832260131836,1.8938937187194824,1.871730923652649,1.7671035528182983,1.5286186933517456,1.5007195472717285,1.224410057067871,1.2229691743850708,1.1257970333099365,1.246116042137146,1.3455300331115723,1.5572264194488525,2.360595226287842,2.1388821601867676,2.324159860610962,2.142362594604492,2.3405516147613525,2.3557653427124023,2.218899726867676,1.9772210121154785,2.0429461002349854,1.8434308767318726,1.8814600706100464,1.7976632118225098,1.920991063117981,1.9824237823486328,2.125730514526367
B13,3.3094496726989746,3.182767868041992,2.986375570297241,2.7320327758789062,2.6169776916503906,2.2684829235076904,2.0607030391693115,1.7611337900161743,1.421768307685852,1.2207367420196533,0.892231822013855,0.7962045073509216,0.7042886018753052,0.8553868532180786,1.093093752861023,2.560654401779175,2.3449690341949463,2.3666203022003174,2.08540940284729,2.191131591796875,1.9519376754760742,1.866730809211731,1.5681010484695435,1.2991994619369507,0.966588020324707,0.6537489295005798,0.3910067677497864,0.0,0.3743089735507965,0.6690064072608948,2.2876856327056885,2.039093494415283,2.1786577701568604,1.915648102760315,2.121230125427246,1.8608242273330688,1.948285698890686,1.6694865226745605,1.4607645273208618,1.1087064743041992,0.9163141846656799,0.6852789521217346,0.5937620997428894,0.6578910946846008,0.8289714455604553,2.2377371788024902,1.993714690208435,2.194702386856079,1.978318214416504,2.235147714614868,2.201219081878662,2.1142055988311768,1.8569234609603882,1.771227478981018,1.4674201011657715,1.373192548751831,1.2083889245986938,1.205731749534607,1.2417457103729248,1.3636863231658936,2.512946367263794,2.3258309364318848,2.553440809249878,2.390655517578125,2.6243789196014404,2.6350135803222656,2.520362138748169,2.2591776847839355,2.274376153945923,2.0363736152648926,2.0124425888061523,1.8735404014587402,1.926692008972168,1.9319297075271606,2.009876251220703
