,A1,A2,A3,A4,A5,A6,A7,A8,A9,A10,A11,A12,A13,A14,A15,B1,B2,B3,B4,B5,B6,B7,B8,B9,B10,B11,B12,B13,B14,B15,C1,C2,C3,C4,C5,C6,C7,C8,C9,C10,C11,C12,C13,C14,C15,D1,D2,D3,D4,D5,D6,D7,D8,D9,D10,D11,D12,D13,D14,D15,E1,E2,E3,E4,E5,E6,E7,E8,E9,E10,E11,E12,E13,E14,E15
A1,0.0,0.38724851608276367,0.6743350028991699,0.9818933606147766,1.307550311088562,1.5676709413528442,1.9110490083694458,2.1747043132781982,2.405636787414551,2.2504889965057373,2.5057966709136963,2.358323574066162,2.6451759338378906,2.568430185317993,2.8530147075653076,0.6968037486076355,0.6293889284133911,0.7252601981163025,0.9995478987693787,1.2621004581451416,1.5878982543945312,1.9548989534378052,2.2118260860443115,2.4893624782562256,2.343294382095337,2.6417577266693115,2.5555014610290527,2.858919620513916,2.8267428874969482,3.1136600971221924,1.1569583415985107,1.0816131830215454,1.1286289691925049,1.308656096458435,1.492720127105713,1.7681833505630493,2.148003339767456,2.3838553428649902,2.6860430240631104,2.563119411468506,2.8676095008850098,2.824031352996826,3.1204192638397217,3.1295669078826904,3.399258852005005,1.6238657236099243,1.5568222999572754,1.5971852540969849,1.7152501344680786,1.8540740013122559,2.0642459392547607,2.436131715774536,2.6214985847473145,2.9389472007751465,2.8447914123535156,3.1347947120666504,3.1236441135406494,3.4089696407318115,3.4428634643554688,3.6857237815856934,2.1097066402435303,2.0433850288391113,2.1250486373901367,2.178079128265381,2.2854137420654297,2.399945020675659,2.740917205810547,2.92500901222229,3.2644615173339844,3.230928897857666,3.505864381790161,3.537975311279297,3.8192832469940186,3.894050121307373,4.1297407150268555
A2,0.38724851608276367,0.0,0.39353567361831665,0.6333656907081604,0.9945980310440063,1.2520653009414673,1.6210888624191284,1.8744252920150757,2.1247992515563965,1.9714221954345703,2.2445409297943115,2.126358985900879,2.4276227951049805,2.3909895420074463,2.69584059715271,0.9069869518280029,0.65753173828125,0.6938216686248779,0.8157039880752563,1.091056227684021,1.3647222518920898,1.7528578042984009,1.9800561666488647,2.2702901363372803,2.1322295665740967,2.433429718017578,2.376753330230713,2.6812872886657715,2.6838629245758057,2.9756503105163574,1.3141491413116455,1.1277598142623901,1.168975830078125,1.2372208833694458,1.4304916858673096,1.6386682987213135,2.026320219039917,2.222325086593628,2.5281896591186523,2.4161834716796875,2.711787223815918,2.693697452545166,2.9813125133514404,3.018531560897827,3.282902956008911,1.7538267374038696,1.609882116317749,1.6661524772644043,1.7058435678482056,1.8609259128570557,2.007131338119507,2.378236770629883,2.518857479095459,2.8326613903045654,2.7486753463745117,3.0217714309692383,3.0297136306762695,3.2996368408203125,3.353684663772583,3.5832083225250244,2.2253220081329346,2.104623317718506,2.2118427753448486,2.2110960483551025,2.3413496017456055,2.4004297256469727,2.735028028488159,2.8745975494384766,3.206707000732422,3.1833276748657227,3.4360013008117676,3.479200839996338,3.739008903503418,3.8256866931915283,4.038783550262451
A3,0.6743350028991699,0.39353567361831665,0.0,0.3706877529621124,0.6467525959014893,0.9535874128341675,1.307258129119873,1.6035964488983154,1.8951971530914307,1.806585669517517,2.123857259750366,2.0689690113067627,2.409757375717163,2.4306530952453613,2.77123761177063,1.13185453414917,0.8374289274215698,0.6657571196556091,0.6565993428230286,0.8089408874511719,1.0753852128982544,1.4505648612976074,1.7047338485717773,2.035144090652466,1.9571492671966553,2.2924137115478516,2.296912670135498,2.631101608276367,2.687502384185791,3.0097157955169678,1.4713529348373413,1.2214187383651733,1.1446166038513184,1.1169722080230713,1.2238671779632568,1.3890379667282104,1.7592693567276,1.9638197422027588,2.301328420639038,2.243328809738159,2.562727212905884,2.6004903316497803,2.9110405445098877,2.9978187084198,3.287900686264038,1.8609652519226074,1.6537336111068726,1.638768196105957,1.603231430053711,1.7023186683654785,1.79660165309906,2.14401912689209,2.2823920249938965,2.6190714836120605,2.5833215713500977,2.8717715740203857,2.9295754432678223,3.2162580490112305,3.3164150714874268,3.5664196014404297,2.301877021789551,2.1234054565429688,2.18935489654541,2.126234531402588,2.2223408222198486,2.227971076965332,2.533594846725464,2.6603052616119385,3.0049753189086914,3.02378249168396,3.280831813812256,3.365184783935547,3.6292307376861572,3.7541472911834717,3.9739253520965576
A4,0.9818933606147766,0.6333656907081604,0.3706877529621124,0.0,0.3923070728778839,0.6392220258712769,1.0233277082443237,1.2870029211044312,1.5843943357467651,1.4922629594802856,1.8196030855178833,1.7955867052078247,2.144063949584961,2.2051477432250977,2.5591862201690674,1.327219009399414,0.965435802936554,0.7989621758460999,0.5976489186286926,0.7412307262420654,0.8842689394950867,1.2691556215286255,1.463692545890808,1.7881581783294678,1.7096539735794067,2.0356431007385254,2.0661022663116455,2.3932032585144043,2.481391429901123,2.8030145168304443,1.5998742580413818,1.2859642505645752,1.2277477979660034,1.0938093662261963,1.2196509838104248,1.2901302576065063,1.6529645919799805,1.7938320636749268,2.114682197570801,2.0571577548980713,2.354550361633301,2.4105770587921143,2.704054117202759,2.8137261867523193,3.0936977863311768,1.9431138038635254,1.6828705072402954,1.696797251701355,1.5940005779266357,1.7217702865600586,1.748458743095398,2.087031126022339,2.1650538444519043,2.4794769287109375,2.4422967433929443,2.702270269393921,2.770163059234619,3.033918619155884,3.1479439735412598,3.380685567855835,2.352815628051758,2.1349964141845703,2.232203245162964,2.1277945041656494,2.2564985752105713,2.214548110961914,2.5126211643218994,2.586007833480835,2.908669948577881,2.924926280975342,3.1512608528137207,3.236610174179077,3.473599433898926,3.6029293537139893,3.797196626663208
A5,1.307550311088562,0.9945980310440063,0.6467525959014893,0.3923070728778839,0.0,0.37460386753082275,0.7099862694740295,1.0311387777328491,1.3799939155578613,1.3831825256347656,1.7501778602600098,1.805252194404602,2.18147873878479,2.3020246028900146,2.6801159381866455,1.617235541343689,1.2619946002960205,0.9997187256813049,0.7148255705833435,0.6386291980743408,0.6726185083389282,1.0033791065216064,1.2112168073654175,1.578547477722168,1.5820493698120117,1.9347167015075684,2.0377604961395264,2.385223388671875,2.5295989513397217,2.873645067214966,1.8331785202026367,1.4948053359985352,1.3503013849258423,1.130003809928894,1.1462198495864868,1.1269036531448364,1.43918776512146,1.5689799785614014,1.9157660007476807,1.925499439239502,2.2380003929138184,2.357172966003418,2.6660897731781006,2.827120065689087,3.1271116733551025,2.120079755783081,1.8182646036148071,1.770173192024231,1.593921422958374,1.6590410470962524,1.6125260591506958,1.9057868719100952,1.9659833908081055,2.294447660446167,2.3128435611724854,2.579728126525879,2.7016549110412598,2.9756617546081543,3.1370491981506348,3.3859527111053467,2.4864015579223633,2.222398519515991,2.2797508239746094,2.1148617267608643,2.208451747894287,2.105130434036255,2.3607382774353027,2.4086127281188965,2.7344655990600586,2.7956831455230713,3.018580675125122,3.1463983058929443,3.3814520835876465,3.5493381023406982,3.7461459636688232
A6,1.5676709413528442,1.2520653009414673,0.9535874128341675,0.6392220258712769,0.37460386753082275,0.0,0.3944464921951294,0.6654319167137146,1.0082604885101318,1.0261036157608032,1.4028267860412598,1.4993455410003662,1.8831443786621094,2.0450079441070557,2.4338490962982178,1.7538424730300903,1.380155086517334,1.132675051689148,0.7665900588035583,0.6708515286445618,0.49702298641204834,0.7876116037368774,0.9004103541374207,1.2469806671142578,1.2533398866653442,1.5967038869857788,1.7312742471694946,2.074432849884033,2.252655506134033,2.600038766860962,1.8882057666778564,1.5166146755218506,1.3845677375793457,1.0864742994308472,1.1165052652359009,0.9911330342292786,1.2712421417236328,1.318428635597229,1.632016897201538,1.6388598680496216,1.9269506931304932,2.065553665161133,2.360569715499878,2.5461249351501465,2.842165231704712,2.1085045337677,1.7685776948928833,1.7403318881988525,1.5066981315612793,1.598702311515808,1.487290859222412,1.7619397640228271,1.7538561820983887,2.0467028617858887,2.0580267906188965,2.294285774230957,2.4252679347991943,2.679328441619873,2.856260299682617,3.094999313354492,2.4248247146606445,2.127765655517578,2.2073216438293457,2.006639003753662,2.131561040878296,1.9879130125045776,2.233335494995117,2.2255403995513916,2.519827365875244,2.571089506149292,2.7619948387145996,2.8878540992736816,3.0980465412139893,3.270188093185425,3.4474263191223145
A7,1.9110490083694458,1.6210888624191284,1.307258129119873,1.0233277082443237,0.7099862694740295,0.3944464921951294,0.0,0.3817511796951294,0.7530521750450134,0.9132950901985168,1.2978291511535645,1.4784204959869385,1.8683233261108398,2.083306312561035,2.4817841053009033,2.031444549560547,1.6745885610580444,1.3930058479309082,1.0212981700897217,0.8120783567428589,0.485065221786499,0.5471107959747314,0.5846362113952637,0.9569790363311768,1.0686262845993042,1.4202942848205566,1.6336100101470947,1.98389732837677,2.2166473865509033,2.5781452655792236,2.0978622436523438,1.7212327718734741,1.541754961013794,1.1915446519851685,1.135753870010376,0.8911973237991333,1.0609549283981323,1.0418552160263062,1.3522881269454956,1.4299145936965942,1.715878963470459,1.920117735862732,2.220526695251465,2.456871509552002,2.7675604820251465,2.2457942962646484,1.879461407661438,1.8093816041946411,1.512431263923645,1.5557557344436646,1.3570970296859741,1.5625848770141602,1.5020604133605957,1.7817413806915283,1.8433178663253784,2.0701565742492676,2.253420114517212,2.5083863735198975,2.7315545082092285,2.982313394546509,2.498749256134033,2.1644582748413086,2.2138986587524414,1.9579874277114868,2.0606017112731934,1.8534088134765625,2.0480546951293945,1.9914501905441284,2.267207384109497,2.3530025482177734,2.5260889530181885,2.6881003379821777,2.8872151374816895,3.094221353530884,3.2692127227783203
A8,2.1747043132781982,1.8744252920150757,1.6035964488983154,1.2870029211044312,1.0311387777328491,0.6654319167137146,0.3817511796951294,0.0,0.4008408486843109,0.6195400357246399,0.9878352284431458,1.232854962348938,1.6053377389907837,1.8678350448608398,2.2611806392669678,2.225879669189453,1.863214135169983,1.629945993423462,1.245948314666748,1.1020208597183228,0.7405472993850708,0.7132427096366882,0.5097902417182922,0.7500078082084656,0.8526661396026611,1.1490074396133423,1.4014382362365723,1.7208261489868164,1.9900689125061035,2.337679147720337,2.2412257194519043,1.8562886714935303,1.723647952079773,1.3548965454101562,1.3479503393173218,1.0558284521102905,1.1657658815383911,1.0163570642471313,1.2268166542053223,1.2813280820846558,1.5002493858337402,1.717325210571289,1.977454423904419,2.2350258827209473,2.523869037628174,2.339043617248535,1.960303544998169,1.9342796802520752,1.615899920463562,1.7027039527893066,1.4659603834152222,1.6413733959197998,1.492163896560669,1.6952903270721436,1.730614423751831,1.8946517705917358,2.0741286277770996,2.2853100299835205,2.5157575607299805,2.738420009613037,2.5450479984283447,2.19852614402771,2.2848598957061768,2.0156495571136475,2.1598708629608154,1.9312729835510254,2.11409592628479,1.992366075515747,2.2119321823120117,2.270700693130493,2.390965461730957,2.5358688831329346,2.6919353008270264,2.8918445110321045,3.0310189723968506
A9,2.405636787414551,2.1247992515563965,1.8951971530914307,1.5843943357467651,1.3799939155578613,1.0082604885101318,0.7530521750450134,0.4008408486843109,0.0,0.39178466796875,0.6721416711807251,0.9779419302940369,1.322766661643982,1.6211665868759155,2.004967451095581,2.3521716594696045,2.0072946548461914,1.8106215000152588,1.440563440322876,1.3369951248168945,0.9752939343452454,0.8805040121078491,0.5352697372436523,0.5107178092002869,0.5708895325660706,0.7888864874839783,1.0850696563720703,1.378592610359192,1.6831278800964355,2.0245954990386963,2.292905330657959,1.916082739830017,1.8154414892196655,1.443423867225647,1.4694384336471558,1.1535991430282593,1.2018332481384277,0.9443110823631287,1.0192128419876099,1.0270891189575195,1.169946551322937,1.3955535888671875,1.6225606203079224,1.9020289182662964,2.1805484294891357,2.317537784576416,1.935328722000122,1.9401074647903442,1.6078875064849854,1.7296804189682007,1.4688515663146973,1.6124542951583862,1.3859758377075195,1.4985146522521973,1.491478443145752,1.591471791267395,1.7607241868972778,1.9352246522903442,2.173647165298462,2.3805899620056152,2.4568021297454834,2.101280927658081,2.213477611541748,1.9348621368408203,2.1162662506103516,1.8764232397079468,2.0487217903137207,1.8705837726593018,2.028451681137085,2.0477535724639893,2.118212938308716,2.2394778728485107,2.359524726867676,2.550797939300537,2.665440320968628
A10,2.2504889965057373,1.9714221954345703,1.806585669517517,1.4922629594802856,1.3831825256347656,1.0261036157608032,0.9132950901985168,0.6195400357246399,0.39178466796875,0.0,0.3873109519481659,0.6213765740394592,0.986283004283905,1.2637498378753662,1.6520354747772217,2.1507585048675537,1.806198239326477,1.6815214157104492,1.3282016515731812,1.336979627609253,1.0300087928771973,1.0620067119598389,0.7850677371025085,0.7315112352371216,0.5425472855567932,0.6936609745025635,0.865878701210022,1.1436283588409424,1.4028607606887817,1.73228919506073,2.0833206176757812,1.7112220525741577,1.6894670724868774,1.34883451461792,1.4786021709442139,1.2295253276824951,1.3659147024154663,1.1470485925674438,1.1927177906036377,1.0656416416168213,1.1692980527877808,1.2851284742355347,1.4815243482589722,1.701271414756775,1.9541319608688354,2.1156997680664062,1.7483925819396973,1.8294774293899536,1.5414214134216309,1.745152473449707,1.5493215322494507,1.7589738368988037,1.5563408136367798,1.6498584747314453,1.549246907234192,1.6266940832138062,1.7075021266937256,1.855041742324829,2.029552459716797,2.2072713375091553,2.2703380584716797,1.9419957399368286,2.116243362426758,1.8874670267105103,2.125946044921875,1.9440686702728271,2.1722586154937744,2.019550085067749,2.170708179473877,2.12233567237854,2.18770170211792,2.2427172660827637,2.354356288909912,2.488929510116577,2.588557481765747
A11,2.5057966709136963,2.2445409297943115,2.123857259750366,1.8196030855178833,1.7501778602600098,1.4028267860412598,1.2978291511535645,0.9878352284431458,0.6721416711807251,0.3873109519481659,0.0,0.3789103031158447,0.6586148738861084,0.9896954894065857,1.3542486429214478,2.3278589248657227,2.0093982219696045,1.9369840621948242,1.615313172340393,1.6646016836166382,1.379184365272522,1.3889074325561523,1.0854930877685547,0.8945538401603699,0.623052716255188,0.5270098447799683,0.6351869106292725,0.8154441118240356,1.099345326423645,1.3992750644683838,2.204630136489868,1.858618974685669,1.8881279230117798,1.5760616064071655,1.740537166595459,1.5044665336608887,1.607783555984497,1.3465161323547363,1.2766450643539429,1.0743823051452637,1.0466461181640625,1.0976592302322388,1.2056593894958496,1.4141401052474976,1.6252806186676025,2.1776726245880127,1.8309032917022705,1.9606338739395142,1.6922537088394165,1.9315825700759888,1.7438420057296753,1.9318403005599976,1.6882115602493286,1.692868947982788,1.5284740924835205,1.5173250436782837,1.5393915176391602,1.6138560771942139,1.75938081741333,1.890689730644226,2.271500825881958,1.9589089155197144,2.1729421615600586,1.962822437286377,2.239223003387451,2.0710091590881348,2.294276237487793,2.1071419715881348,2.194854259490967,2.090772867202759,2.098301410675049,2.099741220474243,2.1593189239501953,2.254701614379883,2.3104498386383057
A12,2.358323574066162,2.126358985900879,2.0689690113067627,1.7955867052078247,1.805252194404602,1.4993455410003662,1.4784204959869385,1.232854962348938,0.9779419302940369,0.6213765740394592,0.3789103031158447,0.0,0.3959215581417084,0.6447930932044983,1.0333333015441895,2.1123485565185547,1.821249008178711,1.8165956735610962,1.5441867113113403,1.674923300743103,1.4574429988861084,1.5368847846984863,1.297721028327942,1.132722020149231,0.774768054485321,0.6690584421157837,0.5312840938568115,0.6765813231468201,0.843845009803772,1.142472743988037,1.9640941619873047,1.645202398300171,1.744980812072754,1.4875701665878296,1.724568247795105,1.5591503381729126,1.7179523706436157,1.5091533660888672,1.4443473815917969,1.1592594385147095,1.1287873983383179,1.0472182035446167,1.135095477104187,1.2441579103469849,1.437764286994934,1.9282660484313965,1.6124361753463745,1.807997465133667,1.5977979898452759,1.894930124282837,1.7749459743499756,2.0100085735321045,1.8072099685668945,1.8132832050323486,1.580954670906067,1.5743589401245117,1.5066920518875122,1.5734951496124268,1.6384766101837158,1.7546006441116333,2.02539324760437,1.7505804300308228,2.0149991512298584,1.8627099990844727,2.178828716278076,2.072330951690674,2.3394503593444824,2.190826892852783,2.2831904888153076,2.12599515914917,2.147496461868286,2.0904645919799805,2.1612939834594727,2.1999897956848145,2.2614686489105225
A13,2.6451759338378906,2.4276227951049805,2.409757375717163,2.144063949584961,2.18147873878479,1.8831443786621094,1.8683233261108398,1.6053377389907837,1.322766661643982,0.986283004283905,0.6586148738861084,0.3959215581417084,0.0,0.380643755197525,0.7008023262023926,2.3518216609954834,2.091320276260376,2.137547492980957,1.895903468132019,2.0541064739227295,1.8504585027694702,1.9233120679855347,1.6706124544143677,1.458137035369873,1.1043201684951782,0.8821260929107666,0.6555323600769043,0.5474705100059509,0.6322807669639587,0.8260073065757751,2.171583414077759,1.8933994770050049,2.0419628620147705,1.8219525814056396,2.0785415172576904,1.928131103515625,2.069751501083374,1.843924880027771,1.7187719345092773,1.405125379562378,1.2754307985305786,1.1109931468963623,1.061105489730835,1.0922638177871704,1.184422254562378,2.095525026321411,1.823375940322876,2.062401294708252,1.887191653251648,2.2029972076416016,2.0981743335723877,2.3169219493865967,2.095912456512451,2.0418941974639893,1.7681883573532104,1.685144066810608,1.5455929040908813,1.516954779624939,1.509788155555725,1.540202021598816,2.140928030014038,1.9069932699203491,2.2059764862060547,2.087799072265625,2.4270031452178955,2.341848611831665,2.602787971496582,2.4365029335021973,2.478210210800171,2.2745866775512695,2.2443201541900635,2.126577377319336,2.139181137084961,2.1159965991973877,2.1188406944274902
A14,2.568430185317993,2.3909895420074463,2.4306530952453613,2.2051477432250977,2.3020246028900146,2.0450079441070557,2.083306312561035,1.8678350448608398,1.6211665868759155,1.2637498378753662,0.9896954894065857,0.6447930932044983,0.380643755197525,0.0,0.4006313383579254,2.2088091373443604,1.9943195581436157,2.1035828590393066,1.922178864479065,2.135695695877075,1.9921356439590454,2.1075055599212646,1.9045964479446411,1.716479778289795,1.3349988460540771,1.1465638875961304,0.8238993287086487,0.6947344541549683,0.5423212647438049,0.6642745733261108,2.001840114593506,1.774009346961975,1.9842222929000854,1.8300060033798218,2.131432294845581,2.0434420108795166,2.2193713188171387,2.039768934249878,1.9268683195114136,1.5747147798538208,1.4620234966278076,1.2102724313735962,1.1489781141281128,1.0512014627456665,1.1026939153671265,1.9101485013961792,1.6927616596221924,1.986149787902832,1.8778501749038696,2.2277069091796875,2.1844000816345215,2.4327785968780518,2.2523298263549805,2.204847812652588,1.890512466430664,1.8213707208633423,1.6125813722610474,1.5828065872192383,1.4868935346603394,1.4982810020446777,1.9478563070297241,1.7716268301010132,2.1094982624053955,2.0556211471557617,2.417647123336792,2.391622543334961,2.6823019981384277,2.5546770095825195,2.6017587184906006,2.3595998287200928,2.346630096435547,2.1810765266418457,2.2085046768188477,2.1305112838745117,2.1441521644592285
A15,2.8530147075653076,2.69584059715271,2.77123761177063,2.5591862201690674,2.6801159381866455,2.4338490962982178,2.4817841053009033,2.2611806392669678,2.004967451095581,1.6520354747772217,1.3542486429214478,1.0333333015441895,0.7008023262023926,0.4006313383579254,0.0,2.45837140083313,2.281226634979248,2.43239164352417,2.281870126724243,2.515610933303833,2.3871893882751465,2.5043835639953613,2.2992804050445557,2.0924627780914307,1.71463942527771,1.4889088869094849,1.1557003259658813,0.9248935580253601,0.6681498885154724,0.5316073298454285,2.2325568199157715,2.0541791915893555,2.3000943660736084,2.182819366455078,2.4960145950317383,2.4254066944122314,2.5954883098602295,2.413581132888794,2.2722089290618896,1.9092986583709717,1.7511656284332275,1.4570072889328003,1.3068145513534546,1.1138975620269775,1.025702714920044,2.1136398315429688,1.952455997467041,2.2732977867126465,2.202777147293091,2.5608365535736084,2.5369656085968018,2.777141571044922,2.5944390296936035,2.513362169265747,2.1757020950317383,2.0634679794311523,1.8028227090835571,1.7025985717773438,1.523694634437561,1.4402135610580444,2.108457088470459,1.988767385482788,2.3454339504241943,2.331049919128418,2.7028660774230957,2.70270037651062,2.9900641441345215,2.8601489067077637,2.8743207454681396,2.5983405113220215,2.5529367923736572,2.336731433868408,2.3211116790771484,2.1782424449920654,2.1418566703796387
B1,0.6968037486076355,0.9069869518280029,1.13185453414917,1.327219009399414,1.617235541343689,1.7538424730300903,2.031444549560547,2.225879669189453,2.3521716594696045,2.1507585048675537,2.3278589248657227,2.1123485565185547,2.3518216609954834,2.2088091373443604,2.45837140083313,0.0,0.3943381905555725,0.6685023307800293,1.0110620260238647,1.3203611373901367,1.620160698890686,1.9404271841049194,2.1561925411224365,2.340036630630493,2.1287174224853516,2.3744747638702393,2.212038516998291,2.48740291595459,2.392302989959717,2.6638741493225098,0.4768756031990051,0.554038941860199,0.7508856654167175,1.060361623764038,1.3330018520355225,1.6436468362808228,2.004026412963867,2.2207858562469482,2.44903302192688,2.2549426555633545,2.5262837409973145,2.410524368286133,2.691638469696045,2.644929885864258,2.9095065593719482,0.9561787247657776,0.9753756523132324,1.0975080728530884,1.3215954303741455,1.538055658340454,1.81172776222229,2.1930735111236572,2.373049259185791,2.634269952774048,2.4710211753845215,2.741635799407959,2.666905641555786,2.9449009895324707,2.931199312210083,3.176429271697998,1.447311520576477,1.441737413406372,1.564365267753601,1.6981563568115234,1.8598748445510864,2.0466930866241455,2.418527841567993,2.6087961196899414,2.9099504947662354,2.809901475906372,3.0779051780700684,3.0561273097991943,3.3402156829833984,3.373741865158081,3.620466709136963
B2,0.6293889284133911,0.65753173828125,0.8374289274215698,0.965435802936554,1.2619946002960205,1.380155086517334,1.6745885610580444,1.863214135169983,2.0072946548461914,1.806198239326477,2.0093982219696045,1.821249008178711,2.091320276260376,1.9943195581436157,2.281226634979248,0.3943381905555725,0.0,0.40426304936408997,0.6672962307929993,1.025631308555603,1.2967174053192139,1.64633047580719,1.84373939037323,2.046877384185791,1.8415817022323608,2.10394549369812,1.974745750427246,2.266737222671509,2.215613603591919,2.506284713745117,0.6787775754928589,0.48745834827423096,0.6599446535110474,0.842482328414917,1.1463603973388672,1.4051457643508911,1.7889463901519775,1.9756698608398438,2.2187352180480957,2.037306785583496,2.3125827312469482,2.230102300643921,2.5144612789154053,2.5065436363220215,2.7763445377349854,1.10423743724823,0.9815704822540283,1.1067317724227905,1.221091628074646,1.4560768604278564,1.6630232334136963,2.0543904304504395,2.194361686706543,2.4633195400238037,2.3154819011688232,2.5785224437713623,2.532247543334961,2.803368330001831,2.820361375808716,3.0595555305480957,1.5762872695922852,1.4808191061019897,1.6253820657730103,1.6790385246276855,1.861200213432312,1.9787362813949585,2.3473398685455322,2.4940688610076904,2.7971882820129395,2.715322256088257,2.9661738872528076,2.9646975994110107,3.2315783500671387,3.2861881256103516,3.513606309890747
B3,0.7252601981163025,0.6938216686248779,0.6657571196556091,0.7989621758460999,0.9997187256813049,1.132675051689148,1.3930058479309082,1.629945993423462,1.8106215000152588,1.6815214157104492,1.9369840621948242,1.8165956735610962,2.137547492980957,2.1035828590393066,2.43239164352417,0.6685023307800293,0.40426304936408997,0.0,0.38728049397468567,0.6584742069244385,0.9785807132720947,1.3150320053100586,1.564584493637085,1.8132798671722412,1.674195647239685,1.9873545169830322,1.9261797666549683,2.262558937072754,2.271996259689331,2.6029741764068604,0.8627278804779053,0.5971381068229675,0.4892875552177429,0.5845436453819275,0.8007347583770752,1.0729379653930664,1.4563775062561035,1.6817227602005005,1.9702476263046265,1.84921395778656,2.1682398319244385,2.150151491165161,2.4738733768463135,2.5233194828033447,2.8310325145721436,1.208677053451538,1.0028865337371826,0.989961564540863,1.0208460092544556,1.1802594661712646,1.361112356185913,1.7435046434402466,1.9066754579544067,2.215061902999878,2.123126983642578,2.42073917388916,2.4341166019439697,2.7381203174591064,2.810420513153076,3.0831964015960693,1.6409441232681274,1.4722832441329956,1.5412243604660034,1.5214520692825317,1.6496840715408325,1.7203203439712524,2.0675272941589355,2.2211356163024902,2.551623582839966,2.5200090408325195,2.7909533977508545,2.8406927585601807,3.1252048015594482,3.227154493331909,3.473369836807251
B4,0.9995478987693787,0.8157039880752563,0.6565993428230286,0.5976489186286926,0.7148255705833435,0.7665900588035583,1.0212981700897217,1.245948314666748,1.440563440322876,1.3282016515731812,1.615313172340393,1.5441867113113403,1.895903468132019,1.922178864479065,2.281870126724243,1.0110620260238647,0.6672962307929993,0.38728049397468567,0.0,0.40034788846969604,0.6357693076133728,1.0057971477508545,1.223315954208374,1.4900997877120972,1.3681609630584717,1.6991037130355835,1.687422275543213,2.0375797748565674,2.1008260250091553,2.4471206665039062,1.1371272802352905,0.786287784576416,0.6639895439147949,0.5009403824806213,0.7068067193031311,0.8518323302268982,1.2461410760879517,1.4182116985321045,1.714386224746704,1.6132563352584839,1.9300599098205566,1.9546719789505005,2.276818037033081,2.3706915378570557,2.6812186241149902,1.4058542251586914,1.1144721508026123,1.1063168048858643,1.003592848777771,1.1696146726608276,1.2430297136306763,1.6156795024871826,1.7171345949172974,2.021066665649414,1.9476412534713745,2.2284817695617676,2.274385452270508,2.565962791442871,2.6720612049102783,2.9372901916503906,1.7848446369171143,1.5486119985580444,1.6358485221862793,1.536637783050537,1.6847708225250244,1.673754096031189,2.0024964809417725,2.095762014389038,2.4148008823394775,2.399902105331421,2.644359827041626,2.7137274742126465,2.975008726119995,3.098027467727661,3.322596311569214
B5,1.2621004581451416,1.091056227684021,0.8089408874511719,0.7412307262420654,0.6386291980743408,0.6708515286445618,0.8120783567428589,1.1020208597183228,1.3369951248168945,1.336979627609253,1.6646016836166382,1.674923300743103,2.0541064739227295,2.135695695877075,2.515610933303833,1.3203611373901367,1.025631308555603,0.6584742069244385,0.40034788846969604,0.0,0.37631821632385254,0.6971893310546875,0.9999203085899353,1.326653003692627,1.3106693029403687,1.6839486360549927,1.7529749870300293,2.1308341026306152,2.250168561935425,2.6214494705200195,1.4088077545166016,1.0762139558792114,0.8172100782394409,0.5606986284255981,0.5094633102416992,0.5835620164871216,0.9513508081436157,1.169672966003418,1.5221887826919556,1.510870099067688,1.865978479385376,1.9654756784439087,2.3168373107910156,2.465764284133911,2.8046228885650635,1.6138923168182373,1.2974176406860352,1.173879623413086,0.9827718734741211,1.0239009857177734,1.0230519771575928,1.355674147605896,1.476059079170227,1.8222310543060303,1.824481725692749,2.1354727745056152,2.2489659786224365,2.5670697689056396,2.7278528213500977,3.021206855773926,1.9385550022125244,1.6580108404159546,1.667711615562439,1.4960933923721313,1.5733476877212524,1.4950222969055176,1.7774066925048828,1.8687829971313477,2.2118184566497803,2.2585787773132324,2.5185954570770264,2.6445045471191406,2.918916940689087,3.0900719165802,3.330810785293579
B6,1.5878982543945312,1.3647222518920898,1.0753852128982544,0.8842689394950867,0.6726185083389282,0.49702298641204834,0.485065221786499,0.7405472993850708,0.9752939343452454,1.0300087928771973,1.379184365272522,1.4574429988861084,1.8504585027694702,1.9921356439590454,2.3871893882751465,1.620160698890686,1.2967174053192139,0.9785807132720947,0.6357693076133728,0.37631821632385254,0.0,0.3976505994796753,0.6427748203277588,0.9930258393287659,1.0209503173828125,1.4044795036315918,1.5367887020111084,1.9165345430374146,2.0902180671691895,2.4676761627197266,1.656766653060913,1.2935088872909546,1.0707803964614868,0.7235969305038452,0.6628278493881226,0.49440428614616394,0.8012509942054749,0.9147082567214966,1.2611969709396362,1.2804737091064453,1.621034860610962,1.769486427307129,2.110483169555664,2.303546905517578,2.6401376724243164,1.7997047901153564,1.442355751991272,1.3422532081604004,1.066579818725586,1.1173886060714722,0.9912305474281311,1.2771961688995361,1.3041425943374634,1.624815821647644,1.646292805671692,1.9276179075241089,2.074187755584717,2.3726279735565186,2.5662381649017334,2.849301338195801,2.0672738552093506,1.7451107501983643,1.7750718593597412,1.5456433296203613,1.6462727785110474,1.4926965236663818,1.7415295839309692,1.7551023960113525,2.068103551864624,2.125934362411499,2.34885835647583,2.4905478954315186,2.7355339527130127,2.925109386444092,3.1419754028320312
B7,1.9548989534378052,1.7528578042984009,1.4505648612976074,1.2691556215286255,1.0033791065216064,0.7876116037368774,0.5471107959747314,0.7132427096366882,0.8805040121078491,1.0620067119598389,1.3889074325561523,1.5368847846984863,1.9233120679855347,2.1075055599212646,2.5043835639953613,1.9404271841049194,1.64633047580719,1.3150320053100586,1.0057971477508545,0.6971893310546875,0.3976505994796753,0.0,0.38510221242904663,0.7540014982223511,0.9199487566947937,1.305038332939148,1.5138235092163086,1.896733283996582,2.119136333465576,2.5079402923583984,1.91355562210083,1.5655838251113892,1.302049160003662,0.9399462938308716,0.7589539885520935,0.4253045618534088,0.5150068998336792,0.5820696353912354,0.9634164571762085,1.087634563446045,1.440548300743103,1.663954496383667,2.016400098800659,2.2606303691864014,2.615144729614258,1.9764926433563232,1.6072301864624023,1.452439308166504,1.1151800155639648,1.0802960395812988,0.8330140113830566,1.0171825885772705,0.9951074123382568,1.3236720561981201,1.4190906286239624,1.7065285444259644,1.9183275699615479,2.2277183532714844,2.4727768898010254,2.7751967906951904,2.166754961013794,1.811499834060669,1.7933536767959595,1.5002213716506958,1.5576974153518677,1.3228850364685059,1.5031906366348267,1.467467188835144,1.7721185684204102,1.8796272277832031,2.0951197147369385,2.285308361053467,2.528362989425659,2.760537624359131,2.9842426776885986
B8,2.2118260860443115,1.9800561666488647,1.7047338485717773,1.463692545890808,1.2112168073654175,0.9004103541374207,0.5846362113952637,0.5097902417182922,0.5352697372436523,0.7850677371025085,1.0854930877685547,1.297721028327942,1.6706124544143677,1.9045964479446411,2.2992804050445557,2.1561925411224365,1.84373939037323,1.564584493637085,1.223315954208374,0.9999203085899353,0.6427748203277588,0.38510221242904663,0.0,0.4101801812648773,0.6390292048454285,0.9980584383010864,1.2682863473892212,1.6302642822265625,1.89848792552948,2.2784509658813477,2.091331958770752,1.7290959358215332,1.5267573595046997,1.146140694618225,1.051167607307434,0.6941676139831543,0.6915920972824097,0.5076214671134949,0.7706761360168457,0.8912563323974609,1.18556809425354,1.4443925619125366,1.7636845111846924,2.0410892963409424,2.378627300262451,2.111010789871216,1.7268083095550537,1.6302918195724487,1.2726454734802246,1.300358533859253,1.0104585886001587,1.1428017616271973,0.9840933084487915,1.2149816751480103,1.288602590560913,1.5073771476745605,1.7290490865707397,1.9963849782943726,2.2591702938079834,2.536487340927124,2.2550103664398193,1.8850409984588623,1.9133697748184204,1.6047935485839844,1.7145088911056519,1.452006220817566,1.6109368801116943,1.4844406843185425,1.7189240455627441,1.800426959991455,1.9533904790878296,2.1320626735687256,2.3284075260162354,2.5603251457214355,2.747119665145874
B9,2.4893624782562256,2.2702901363372803,2.035144090652466,1.7881581783294678,1.578547477722168,1.2469806671142578,0.9569790363311768,0.7500078082084656,0.5107178092002869,0.7315112352371216,0.8945538401603699,1.132722020149231,1.458137035369873,1.716479778289795,2.0924627780914307,2.340036630630493,2.046877384185791,1.8132798671722412,1.4900997877120972,1.326653003692627,0.9930258393287659,0.7540014982223511,0.4101801812648773,0.0,0.39255914092063904,0.6623613834381104,0.9887722134590149,1.3227431774139404,1.6264452934265137,1.9990670680999756,2.202209234237671,1.854888916015625,1.6942907571792603,1.3259598016738892,1.2783328294754028,0.9311505556106567,0.846942663192749,0.5068110227584839,0.5090143084526062,0.5928459763526917,0.8119921684265137,1.1110491752624512,1.4063159227371216,1.7169339656829834,2.049928903579712,2.1424500942230225,1.7610806226730347,1.7001758813858032,1.3364075422286987,1.4033502340316772,1.0941920280456543,1.1683322191238403,0.895838737487793,0.9887488484382629,1.0155491828918457,1.1606404781341553,1.3900134563446045,1.6265352964401245,1.9106669425964355,2.17969012260437,2.2068655490875244,1.828857183456421,1.8831332921981812,1.5637322664260864,1.714537501335144,1.4381674528121948,1.5741804838180542,1.368445634841919,1.518259048461914,1.554579496383667,1.646803855895996,1.8072115182876587,1.9664536714553833,2.198587656021118,2.364393711090088
B10,2.343294382095337,2.1322295665740967,1.9571492671966553,1.7096539735794067,1.5820493698120117,1.2533398866653442,1.0686262845993042,0.8526661396026611,0.5708895325660706,0.5425472855567932,0.623052716255188,0.774768054485321,1.1043201684951782,1.3349988460540771,1.71463942527771,2.1287174224853516,1.8415817022323608,1.674195647239685,1.3681609630584717,1.3106693029403687,1.0209503173828125,0.9199487566947937,0.6390292048454285,0.39255914092063904,0.0,0.3903171718120575,0.6317519545555115,0.993911623954773,1.267418384552002,1.6463192701339722,1.963457465171814,1.6202671527862549,1.534649133682251,1.1903598308563232,1.2577180862426758,0.9800029397010803,1.014573574066162,0.7467750906944275,0.6995006799697876,0.5235063433647156,0.6908407211303711,0.8661870956420898,1.1548357009887695,1.418318748474121,1.7437688112258911,1.8914538621902466,1.5163605213165283,1.5358585119247437,1.2082372903823853,1.3803035020828247,1.1476035118103027,1.3098876476287842,1.0718165636062622,1.1263247728347778,1.0076004266738892,1.1168261766433716,1.2352052927017212,1.449833869934082,1.6728253364562988,1.9232711791992188,1.9570063352584839,1.5955477952957153,1.7220579385757446,1.450934886932373,1.6797012090682983,1.4723306894302368,1.6803908348083496,1.5047683715820312,1.6382224559783936,1.5804450511932373,1.6615697145462036,1.7374097108840942,1.8874428272247314,2.056943655014038,2.2101354598999023
B11,2.6417577266693115,2.433429718017578,2.2924137115478516,2.0356431007385254,1.9347167015075684,1.5967038869857788,1.4202942848205566,1.1490074396133423,0.7888864874839783,0.6936609745025635,0.5270098447799683,0.6690584421157837,0.8821260929107666,1.1465638875961304,1.4889088869094849,2.3744747638702393,2.10394549369812,1.9873545169830322,1.6991037130355835,1.6839486360549927,1.4044795036315918,1.305038332939148,0.9980584383010864,0.6623613834381104,0.3903171718120575,0.0,0.3900231420993805,0.6655254364013672,0.9974564909934998,1.3516578674316406,2.1669697761535645,1.8486108779907227,1.818103313446045,1.505935788154602,1.608472466468811,1.3508507013320923,1.3533000946044922,1.0507457256317139,0.8584203720092773,0.6090061664581299,0.5199779272079468,0.6432234048843384,0.8339521288871765,1.125612735748291,1.4203675985336304,2.041609287261963,1.6923863887786865,1.763793706893921,1.46601402759552,1.6669193506240845,1.4468789100646973,1.5690304040908813,1.284039855003357,1.213911771774292,1.0236603021621704,0.9911051392555237,1.048661708831787,1.1716063022613525,1.3873085975646973,1.5960584878921509,2.041099786758423,1.6995378732681274,1.866539716720581,1.6181167364120483,1.8805408477783203,1.6864114999771118,1.873008370399475,1.6503130197525024,1.6950253248214722,1.5753482580184937,1.571518063545227,1.5884435176849365,1.6682050228118896,1.8042412996292114,1.9064792394638062
B12,2.5555014610290527,2.376753330230713,2.296912670135498,2.0661022663116455,2.0377604961395264,1.7312742471694946,1.6336100101470947,1.4014382362365723,1.0850696563720703,0.865878701210022,0.6351869106292725,0.5312840938568115,0.6555323600769043,0.8238993287086487,1.1557003259658813,2.212038516998291,1.974745750427246,1.9261797666549683,1.687422275543213,1.7529749870300293,1.5367887020111084,1.5138235092163086,1.2682863473892212,0.9887722134590149,0.6317519545555115,0.3900231420993805,0.0,0.39130520820617676,0.6386411786079407,1.0182074308395386,1.9657286405563354,1.6813433170318604,1.7235678434371948,1.469881534576416,1.6501920223236084,1.4682564735412598,1.5336403846740723,1.2945319414138794,1.1183066368103027,0.7703099846839905,0.6551727056503296,0.5160098671913147,0.6619945764541626,0.8413174748420715,1.1343793869018555,1.810305118560791,1.495201826095581,1.6411842107772827,1.407600998878479,1.67771315574646,1.5358375310897827,1.7095006704330444,1.4735667705535889,1.3975485563278198,1.1136001348495483,1.0656200647354126,0.9755300879478455,1.0686720609664917,1.178711175918579,1.3700711727142334,1.789760708808899,1.4855939149856567,1.7167928218841553,1.534751296043396,1.8512579202651978,1.7309186458587646,1.9665151834487915,1.786254644393921,1.825212836265564,1.630750298500061,1.6306548118591309,1.5593160390853882,1.6394845247268677,1.6959220170974731,1.7958343029022217
B13,2.858919620513916,2.6812872886657715,2.631101608276367,2.3932032585144043,2.385223388671875,2.074432849884033,1.98389732837677,1.7208261489868164,1.378592610359192,1.1436283588409424,0.8154441118240356,0.6765813231468201,0.5474705100059509,0.6947344541549683,0.9248935580253601,2.48740291595459,2.266737222671509,2.262558937072754,2.0375797748565674,2.1308341026306152,1.9165345430374146,1.896733283996582,1.6302642822265625,1.3227431774139404,0.993911623954773,0.6655254364013672,0.39130520820617676,0.0,0.3832634389400482,0.6915668845176697,2.222179412841797,1.9686360359191895,2.0574560165405273,1.8322477340698242,2.0318799018859863,1.8589965105056763,1.9125738143920898,1.6557763814926147,1.4304136037826538,1.0909303426742554,0.8564692139625549,0.6312434673309326,0.514193058013916,0.6209253668785095,0.8138230443000793,2.037992477416992,1.7652243375778198,1.9522583484649658,1.7533655166625977,2.034729242324829,1.9040818214416504,2.0559425354003906,1.8010156154632568,1.6618469953536987,1.353047490119934,1.2008060216903687,1.0271753072738647,0.9701775312423706,0.999793291091919,1.0895568132400513,1.9689812660217285,1.7096723318099976,1.97111976146698,1.824347734451294,2.1546685695648193,2.0516891479492188,2.2705159187316895,2.0679852962493896,2.0461626052856445,1.8089120388031006,1.737207055091858,1.5967518091201782,1.592324137687683,1.5779088735580444,1.5998225212097168
