,A1,A2,A3,A4,A5,A6,A7,A8,A9,A10,A11,A12,A13,A14,A15,B1,B2,B3,B4,B5,B6,B7,B8,B9,B10,B11,B12,B13,B14,B15,C1,C2,C3,C4,C5,C6,C7,C8,C9,C10,C11,C12,C13,C14,C15,D1,D2,D3,D4,D5,D6,D7,D8,D9,D10,D11,D12,D13,D14,D15,E1,E2,E3,E4,E5,E6,E7,E8,E9,E10,E11,E12,E13,E14,E15
A1,0.0,0.3899131417274475,0.6495912075042725,0.9199830889701843,1.2209973335266113,1.4668700695037842,1.8004754781723022,2.0642824172973633,2.4027609825134277,2.363293170928955,2.688149929046631,2.6634740829467773,3.0111632347106934,3.0290565490722656,3.366013526916504,2.0512092113494873,1.9483305215835571,1.6556715965270996,1.7109239101409912,1.4735175371170044,1.674652338027954,1.8725757598876953,2.175706624984741,2.5463271141052246,2.529036521911621,2.862987756729126,2.905616521835327,3.2432777881622314,3.3241171836853027,3.655364990234375,2.6217548847198486,2.4345040321350098,2.1765387058258057,2.1285641193389893,1.9214602708816528,1.9906654357910156,2.232989549636841,2.4452266693115234,2.795388698577881,2.7878949642181396,3.101248025894165,3.175837516784668,3.4979312419891357,3.6174278259277344,3.934231758117676,3.166757345199585,2.937866687774658,2.7104339599609375,2.6065943241119385,2.423511505126953,2.4020261764526367,2.6321585178375244,2.7689292430877686,3.102853298187256,3.127546787261963,3.405844211578369,3.5039942264556885,3.8063199520111084,3.95202374458313,4.248632431030273,3.730794906616211,3.4600064754486084,3.305009603500366,3.1554079055786133,3.0115280151367188,2.9187393188476562,3.14485502243042,3.195289134979248,3.5094995498657227,3.580188512802124,3.8193678855895996,3.9226746559143066,4.194115161895752,4.360889911651611,4.6088080406188965
A2,0.3899131417274475,0.0,0.4045794904232025,0.6253258585929871,0.9593642950057983,1.2199482917785645,1.551507830619812,1.8233436346054077,2.1878244876861572,2.190971851348877,2.5395190715789795,2.5651443004608154,2.9258201122283936,2.990387201309204,3.3418657779693604,2.205037832260132,2.0405285358428955,1.7346488237380981,1.7058416604995728,1.4315264225006104,1.5511828660964966,1.7134329080581665,1.9856467247009277,2.3636727333068848,2.387143611907959,2.730332136154175,2.818160057067871,3.159719705581665,3.2813994884490967,3.6203882694244385,2.7478036880493164,2.5140364170074463,2.2527267932891846,2.139178514480591,1.9186259508132935,1.9131430387496948,2.114652633666992,2.2912867069244385,2.638949155807495,2.669286012649536,2.982633590698242,3.0950944423675537,3.414046049118042,3.5679919719696045,3.886150360107422,3.2640886306762695,2.9982237815856934,2.7739315032958984,2.6191530227661133,2.4342081546783447,2.3516178131103516,2.5424671173095703,2.6439285278320312,2.9693596363067627,3.0283172130584717,3.2999322414398193,3.4286513328552246,3.721888303756714,3.895974636077881,4.186616897583008,3.798473596572876,3.500404119491577,3.3548977375030518,3.165743350982666,3.026642322540283,2.8853375911712646,3.075064182281494,3.093019485473633,3.395751476287842,3.4957380294799805,3.723813056945801,3.8504245281219482,4.1068925857543945,4.294437885284424,4.530080795288086
A3,0.6495912075042725,0.4045794904232025,0.0,0.3739640414714813,0.5931926369667053,0.8999937176704407,1.1948163509368896,1.495971918106079,1.8548811674118042,1.8859347105026245,2.2430248260498047,2.2888433933258057,2.6651721000671387,2.7519776821136475,3.118739366531372,2.035292863845825,1.8444545269012451,1.508184790611267,1.4346928596496582,1.113110065460205,1.1922194957733154,1.3193211555480957,1.604127049446106,1.9889986515045166,2.032634973526001,2.388645648956299,2.4965105056762695,2.8522143363952637,2.993150234222412,3.3472299575805664,2.4971048831939697,2.2376890182495117,1.9596353769302368,1.807955026626587,1.5673093795776367,1.528136134147644,1.71390962600708,1.8909987211227417,2.2444217205047607,2.2887914180755615,2.6129682064056396,2.7437212467193604,3.0741400718688965,3.2457659244537354,3.577070474624634,2.970702648162842,2.683422565460205,2.452049732208252,2.2686729431152344,2.077993154525757,1.9681576490402222,2.1475396156311035,2.2412829399108887,2.5678772926330566,2.6365997791290283,2.914769411087036,3.0583484172821045,3.359118700027466,3.5485095977783203,3.8483824729919434,3.471494436264038,3.1578731536865234,3.013613700866699,2.8038270473480225,2.6685991287231445,2.5072407722473145,2.687802314758301,2.6938283443450928,2.9935660362243652,3.0998616218566895,3.329470157623291,3.466853141784668,3.7260735034942627,3.925834894180298,4.167933464050293
A4,0.9199830889701843,0.6253258585929871,0.3739640414714813,0.0,0.3990897238254547,0.6019479632377625,0.9437179565429688,1.2018064260482788,1.573748230934143,1.6056169271469116,1.9696550369262695,2.0438547134399414,2.4167027473449707,2.533736228942871,2.90136981010437,2.0386085510253906,1.7884894609451294,1.4845647811889648,1.3316937685012817,1.0415561199188232,1.0442662239074707,1.1970751285552979,1.4121108055114746,1.7804380655288696,1.8232585191726685,2.1658873558044434,2.2935755252838135,2.6348650455474854,2.7988600730895996,3.1450231075286865,2.5155279636383057,2.218280076980591,1.9800169467926025,1.779447317123413,1.5875506401062012,1.4922634363174438,1.673960566520691,1.7772817611694336,2.0971667766571045,2.14035964012146,2.437894344329834,2.5781712532043457,2.885807514190674,3.0717408657073975,3.387667417526245,2.9854369163513184,2.6738085746765137,2.481959819793701,2.266437292098999,2.1223015785217285,1.9788243770599365,2.1504809856414795,2.178896188735962,2.467815637588501,2.5357916355133057,2.780261278152466,2.9252915382385254,3.198162317276001,3.394092082977295,3.6724772453308105,3.4860172271728516,3.1614530086517334,3.0564937591552734,2.827908515930176,2.734506845474243,2.5488414764404297,2.718205213546753,2.66981840133667,2.933283805847168,3.037609815597534,3.2321605682373047,3.3637046813964844,3.59281063079834,3.789651870727539,4.0047125816345215
A5,1.2209973335266113,0.9593642950057983,0.5931926369667053,0.3990897238254547,0.0,0.3794461786746979,0.6059253811836243,0.9289399981498718,1.2952221632003784,1.387295126914978,1.7617526054382324,1.872854232788086,2.26104736328125,2.409590244293213,2.790949583053589,2.0129880905151367,1.7467135190963745,1.423731803894043,1.2162452936172485,0.8800670504570007,0.7740718126296997,0.8336502313613892,1.0544811487197876,1.4374362230300903,1.5264354944229126,1.8880993127822876,2.052372694015503,2.410339832305908,2.6028919219970703,2.9657609462738037,2.372714042663574,2.0523293018341064,1.7979003190994263,1.547418236732483,1.3316572904586792,1.1690195798873901,1.3043071031570435,1.3968008756637573,1.7257355451583862,1.8020573854446411,2.1158573627471924,2.2893567085266113,2.6116559505462646,2.8247058391571045,3.156750202178955,2.7758920192718506,2.4417216777801514,2.2409489154815674,1.9876298904418945,1.8347779512405396,1.64530348777771,1.7850430011749268,1.796990990638733,2.08681321144104,2.178373098373413,2.432847738265991,2.604853868484497,2.8876848220825195,3.1077802181243896,3.3980519771575928,3.2225515842437744,2.879896640777588,2.7737228870391846,2.5175251960754395,2.425645589828491,2.2094433307647705,2.355443239212036,2.2901079654693604,2.5492780208587646,2.6697256565093994,2.8676295280456543,3.019451141357422,3.2521982192993164,3.4691824913024902,3.693126916885376
A6,1.4668700695037842,1.2199482917785645,0.8999937176704407,0.6019479632377625,0.3794461786746979,0.0,0.39138197898864746,0.6039907932281494,0.9724916219711304,1.0377815961837769,1.4148268699645996,1.54343581199646,1.9255731105804443,2.0971202850341797,2.476269245147705,1.9295800924301147,1.6144323348999023,1.346069097518921,1.0661182403564453,0.8150248527526855,0.6268427968025208,0.7603119015693665,0.8645591735839844,1.20566725730896,1.260195016860962,1.598088026046753,1.7672780752182007,2.1064529418945312,2.31284236907959,2.6646783351898193,2.297194719314575,1.9486957788467407,1.7534422874450684,1.470115065574646,1.3404470682144165,1.149965763092041,1.3061386346817017,1.3032838106155396,1.5712138414382935,1.614310622215271,1.8865004777908325,2.0510098934173584,2.3443682193756104,2.560471773147583,2.8734753131866455,2.698333978652954,2.350212812423706,2.2044172286987305,1.9355757236480713,1.853832721710205,1.6596741676330566,1.8137043714523315,1.752179741859436,1.984468698501587,2.047557830810547,2.254497528076172,2.4086859226226807,2.6576459407806396,2.8715662956237793,3.1372084617614746,3.1531331539154053,2.810990810394287,2.7551939487457275,2.4968762397766113,2.4627938270568848,2.2458131313323975,2.3988728523254395,2.2776496410369873,2.487558603286743,2.582576036453247,2.7353224754333496,2.8629438877105713,3.062023401260376,3.2627029418945312,3.4573657512664795
A7,1.8004754781723022,1.551507830619812,1.1948163509368896,0.9437179565429688,0.6059253811836243,0.39138197898864746,0.0,0.37474116683006287,0.7225212454795837,0.9108733534812927,1.2854485511779785,1.4790968894958496,1.862130880355835,2.0789949893951416,2.4623117446899414,2.0710091590881348,1.7514944076538086,1.4903935194015503,1.1738449335098267,0.9294697046279907,0.6086110472679138,0.5458841323852539,0.5408852100372314,0.8848606944084167,1.0303970575332642,1.380222201347351,1.612550973892212,1.9584859609603882,2.2074508666992188,2.569382905960083,2.308317184448242,1.9425514936447144,1.7470988035202026,1.413443922996521,1.2801462411880493,0.9987606406211853,1.0583178997039795,0.9858445525169373,1.2373536825180054,1.339083194732666,1.617350459098816,1.8354191780090332,2.13444447517395,2.3904104232788086,2.714001178741455,2.6221375465393066,2.252293825149536,2.1085147857666016,1.7958431243896484,1.717827558517456,1.4623091220855713,1.5553287267684937,1.4431716203689575,1.6530598402023315,1.7549275159835815,1.9595355987548828,2.1538310050964355,2.403022050857544,2.6513285636901855,2.9224750995635986,3.003241777420044,2.642483949661255,2.5935239791870117,2.301671028137207,2.277804136276245,2.020235538482666,2.1302132606506348,1.9716910123825073,2.1594536304473877,2.279474973678589,2.4237172603607178,2.5790345668792725,2.7710869312286377,2.9983577728271484,3.1944901943206787
A8,2.0642824172973633,1.8233436346054077,1.495971918106079,1.2018064260482788,0.9289399981498718,0.6039907932281494,0.37474116683006287,0.0,0.39311641454696655,0.5964922308921814,0.9655625820159912,1.2060835361480713,1.5694669485092163,1.8232979774475098,2.1966264247894287,2.0917413234710693,1.7404987812042236,1.5501532554626465,1.1935628652572632,1.0644807815551758,0.7325833439826965,0.7400394678115845,0.5415263175964355,0.7349945902824402,0.8364948034286499,1.1315494775772095,1.38163423538208,1.6932858228683472,1.9652634859085083,2.308669090270996,2.3240151405334473,1.9426017999649048,1.8166999816894531,1.470018982887268,1.4316729307174683,1.1539018154144287,1.223191261291504,1.0436879396438599,1.1813490390777588,1.239505648612976,1.4449580907821655,1.653931736946106,1.9072811603546143,2.170015335083008,2.4662158489227295,2.623628854751587,2.248384714126587,2.16715145111084,1.8502644300460815,1.8482295274734497,1.6030006408691406,1.7024444341659546,1.515971064567566,1.6413465738296509,1.7076832056045532,1.8432066440582275,2.0149898529052734,2.2152762413024902,2.4570364952087402,2.6945652961730957,3.002149820327759,2.648507833480835,2.6537485122680664,2.3667049407958984,2.4021706581115723,2.1522836685180664,2.263871431350708,2.051696538925171,2.1758711338043213,2.2653610706329346,2.3516018390655518,2.4776010513305664,2.6244168281555176,2.832047462463379,2.9901962280273438
A9,2.4027609825134277,2.1878244876861572,1.8548811674118042,1.573748230934143,1.2952221632003784,0.9724916219711304,0.7225212454795837,0.39311641454696655,0.0,0.37566328048706055,0.660423994064331,0.9617196917533875,1.294127345085144,1.5873469114303589,1.9475826025009155,2.1123077869415283,1.7575899362564087,1.629480004310608,1.26187264919281,1.2270268201828003,0.8970511555671692,0.8829047083854675,0.5552346706390381,0.5003834962844849,0.5623833537101746,0.7839694619178772,1.0748929977416992,1.3593425750732422,1.6638332605361938,1.998106837272644,2.2522318363189697,1.8657892942428589,1.8000398874282837,1.4425849914550781,1.4848754405975342,1.2056902647018433,1.2519367933273315,0.9791250228881836,0.9819391369819641,0.9964548945426941,1.1248934268951416,1.3387330770492554,1.557248592376709,1.8385162353515625,2.12165904045105,2.486304759979248,2.107612371444702,2.0819251537323,1.7574108839035034,1.8252449035644531,1.58584725856781,1.6760700941085815,1.4213237762451172,1.4545923471450806,1.4833102226257324,1.5522791147232056,1.7094026803970337,1.8710001707077026,2.1162564754486084,2.334321975708008,2.822715997695923,2.4750823974609375,2.529431104660034,2.2439372539520264,2.337017059326172,2.0943567752838135,2.200812816619873,1.939449429512024,1.9971179962158203,2.052877187728882,2.0855355262756348,2.187143087387085,2.297452926635742,2.4937565326690674,2.628237247467041
A10,2.363293170928955,2.190971851348877,1.8859347105026245,1.6056169271469116,1.387295126914978,1.0377815961837769,0.9108733534812927,0.5964922308921814,0.37566328048706055,0.0,0.3822615146636963,0.6199774146080017,0.9736182689666748,1.2430883646011353,1.609861969947815,1.8491839170455933,1.4822295904159546,1.4185010194778442,1.054860234260559,1.1298398971557617,0.8802584409713745,1.0110948085784912,0.76674485206604,0.7095879912376404,0.5392901301383972,0.687481701374054,0.8655754327774048,1.136789321899414,1.3995215892791748,1.7266054153442383,2.045184373855591,1.6633459329605103,1.6568080186843872,1.334718108177185,1.457161784172058,1.2578104734420776,1.4027891159057617,1.1717870235443115,1.1637911796569824,1.052242398262024,1.1317989826202393,1.2415297031402588,1.4336199760437012,1.659251093864441,1.9246033430099487,2.332223415374756,1.9717042446136475,1.9922550916671753,1.7099761962890625,1.8324735164642334,1.6642976999282837,1.8295220136642456,1.5995512008666992,1.6250923871994019,1.5684443712234497,1.6071654558181763,1.683658242225647,1.824385166168213,2.012624740600586,2.2138442993164062,2.734405040740967,2.4134345054626465,2.4995436668395996,2.2563600540161133,2.383376359939575,2.194415330886841,2.3576393127441406,2.1122419834136963,2.164684772491455,2.1591293811798096,2.1743502616882324,2.2146008014678955,2.316352128982544,2.4608781337738037,2.5819995403289795
A11,2.688149929046631,2.5395190715789795,2.2430248260498047,1.9696550369262695,1.7617526054382324,1.4148268699645996,1.2854485511779785,0.9655625820159912,0.660423994064331,0.3822615146636963,0.0,0.36718663573265076,0.6376385688781738,0.9577719569206238,1.2990620136260986,1.8987970352172852,1.5452141761779785,1.5675039291381836,1.234084963798523,1.396695852279663,1.190253734588623,1.3178309202194214,1.0550388097763062,0.8704632520675659,0.6089709997177124,0.5165088772773743,0.6222387552261353,0.8022472262382507,1.082019329071045,1.381828784942627,2.0283780097961426,1.662855625152588,1.7384237051010132,1.4454628229141235,1.6466801166534424,1.4823458194732666,1.6239969730377197,1.3621915578842163,1.2521363496780396,1.064718246459961,1.0138230323791504,1.0491619110107422,1.1547144651412964,1.361288070678711,1.5876952409744263,2.266209125518799,1.9238029718399048,2.017202615737915,1.7595362663269043,1.9535657167434692,1.8204200267791748,1.99043869972229,1.729278564453125,1.6754978895187378,1.5567420721054077,1.508135437965393,1.521056056022644,1.5926129817962646,1.7460352182388306,1.904919981956482,2.6458981037139893,2.3508005142211914,2.4944212436676025,2.276641607284546,2.461153507232666,2.301414966583252,2.471463441848755,2.1999051570892334,2.1917688846588135,2.134345531463623,2.0882656574249268,2.0743424892425537,2.1262295246124268,2.2280478477478027,2.3090453147888184
A12,2.6634740829467773,2.5651443004608154,2.2888433933258057,2.0438547134399414,1.872854232788086,1.54343581199646,1.4790968894958496,1.2060835361480713,0.9617196917533875,0.6199774146080017,0.36718663573265076,0.0,0.39360132813453674,0.6267388463020325,0.9972642064094543,1.6219606399536133,1.2829407453536987,1.3808079957962036,1.0969133377075195,1.3517335653305054,1.237668514251709,1.438421607017517,1.2515684366226196,1.107192039489746,0.7666001915931702,0.6521137356758118,0.5256204605102539,0.6753050684928894,0.8443925380706787,1.1480216979980469,1.773016095161438,1.4295235872268677,1.567664623260498,1.334719181060791,1.6001551151275635,1.5190116167068481,1.728027105331421,1.5210870504379272,1.4322291612625122,1.1672751903533936,1.106507420539856,1.0190562009811401,1.1092759370803833,1.2208484411239624,1.4373172521591187,2.05303692817688,1.7412701845169067,1.8758426904678345,1.6746807098388672,1.9096012115478516,1.8495221138000488,2.0788395404815674,1.8584744930267334,1.8189696073532104,1.635144829750061,1.5853825807571411,1.5195378065109253,1.5905379056930542,1.6720856428146362,1.8282785415649414,2.493607521057129,2.2317585945129395,2.3961551189422607,2.227233648300171,2.4333858489990234,2.3301055431365967,2.550366163253784,2.309451103210449,2.3120412826538086,2.203577756881714,2.1616270542144775,2.0944461822509766,2.1577696800231934,2.208739757537842,2.2956199645996094
A13,3.0111632347106934,2.9258201122283936,2.6651721000671387,2.4167027473449707,2.26104736328125,1.9255731105804443,1.862130880355835,1.5694669485092163,1.294127345085144,0.9736182689666748,0.6376385688781738,0.39360132813453674,0.0,0.37250858545303345,0.6654713749885559,1.8010858297348022,1.4981465339660645,1.6696122884750366,1.4306319952011108,1.720400333404541,1.6275631189346313,1.8218950033187866,1.6189312934875488,1.4241389036178589,1.0887947082519531,0.8574559092521667,0.6448813080787659,0.5425602197647095,0.6343380212783813,0.8381801843643188,1.9093087911605835,1.609743356704712,1.8181955814361572,1.6295138597488403,1.9327279329299927,1.8740917444229126,2.0729963779449463,1.849699854850769,1.7042723894119263,1.4156306982040405,1.257757306098938,1.092028021812439,1.0439183712005615,1.077385663986206,1.1964762210845947,2.143435001373291,1.8725489377975464,2.0735599994659424,1.909927487373352,2.1899640560150146,2.1571996212005615,2.3821115493774414,2.144892454147339,2.0505471229553223,1.8303390741348267,1.705810546875,1.5737857818603516,1.553904414176941,1.568142294883728,1.64790940284729,2.559756278991699,2.3386728763580322,2.5548245906829834,2.4188287258148193,2.6674609184265137,2.5911571979522705,2.8114004135131836,2.555206537246704,2.5094103813171387,2.3611843585968018,2.2630534172058105,2.1407182216644287,2.144610643386841,2.1354076862335205,2.163947105407715
A14,3.0290565490722656,2.990387201309204,2.7519776821136475,2.533736228942871,2.409590244293213,2.0971202850341797,2.0789949893951416,1.8232979774475098,1.5873469114303589,1.2430883646011353,0.9577719569206238,0.6267388463020325,0.37250858545303345,0.0,0.38750845193862915,1.603468656539917,1.347619891166687,1.5931233167648315,1.4285591840744019,1.7712323665618896,1.7540411949157715,1.990871548652649,1.8455041646957397,1.6872931718826294,1.3255523443222046,1.1256253719329834,0.8240334391593933,0.7068964838981628,0.5801717638969421,0.7208731174468994,1.7273472547531128,1.4786906242370605,1.7443623542785645,1.6304675340652466,1.9697813987731934,1.981723427772522,2.2255940437316895,2.0510151386260986,1.932552695274353,1.6075475215911865,1.466011881828308,1.2266303300857544,1.175241470336914,1.0931224822998047,1.1797868013381958,1.998200535774231,1.7779195308685303,2.0138227939605713,1.9155900478363037,2.2185416221618652,2.2499430179595947,2.517547369003296,2.3211731910705566,2.2471697330474854,1.9872686862945557,1.8755546808242798,1.6873903274536133,1.674478530883789,1.614823818206787,1.6884360313415527,2.469252109527588,2.291454792022705,2.520779848098755,2.4371719360351562,2.6967432498931885,2.673065662384033,2.9327988624572754,2.7099287509918213,2.679426670074463,2.494486093521118,2.4084372520446777,2.245551109313965,2.265249013900757,2.209247589111328,2.2468388080596924
A15,3.366013526916504,3.3418657779693604,3.118739366531372,2.90136981010437,2.790949583053589,2.476269245147705,2.4623117446899414,2.1966264247894287,1.9475826025009155,1.609861969947815,1.2990620136260986,0.9972642064094543,0.6654713749885559,0.38750845193862915,0.0,1.834182858467102,1.6281503438949585,1.9148598909378052,1.7869932651519775,2.1424572467803955,2.139441967010498,2.375004291534424,2.2233712673187256,2.0430376529693604,1.6859098672866821,1.4457539319992065,1.13473379611969,0.9101512432098389,0.6852465271949768,0.5956082940101624,1.9243214130401611,1.73299241065979,2.039501428604126,1.9645192623138428,2.319758176803589,2.34916615486145,2.588862657546997,2.409363269805908,2.2633464336395264,1.9297951459884644,1.7425451278686523,1.466673731803894,1.3275368213653564,1.1611829996109009,1.1214834451675415,2.1530039310455322,1.9859168529510498,2.2657856941223145,2.2053380012512207,2.53214693069458,2.5867538452148438,2.8529915809631348,2.6521849632263184,2.5479543209075928,2.2668721675872803,2.112445831298828,1.8797580003738403,1.8012580871582031,1.6720536947250366,1.666845440864563,2.5987515449523926,2.4687061309814453,2.733638048171997,2.6850595474243164,2.971086025238037,2.9735701084136963,3.2354652881622314,3.0090558528900146,2.9486238956451416,2.7345240116119385,2.6123509407043457,2.4063313007354736,2.3818745613098145,2.267434597015381,2.2538795471191406
B1,2.0512092113494873,2.205037832260132,2.035292863845825,2.0386085510253906,2.0129880905151367,1.9295800924301147,2.0710091590881348,2.0917413234710693,2.1123077869415283,1.8491839170455933,1.8987970352172852,1.6219606399536133,1.8010858297348022,1.603468656539917,1.834182858467102,0.0,0.38110625743865967,0.5957863330841064,0.904191255569458,1.1817916631698608,1.4852023124694824,1.7957097291946411,1.9715157747268677,2.0899126529693604,1.808253526687622,1.9334756135940552,1.7082105875015259,1.9251834154129028,1.7930583953857422,2.0470430850982666,0.8137548565864563,0.7619758248329163,0.8612693548202515,1.0758354663848877,1.2971279621124268,1.5861772298812866,1.9668734073638916,2.0851919651031494,2.2287683486938477,1.9541590213775635,2.1025261878967285,1.927931308746338,2.1585214138031006,2.0842556953430176,2.3404691219329834,1.4737964868545532,1.366764783859253,1.383038878440857,1.4807921648025513,1.6147130727767944,1.838449239730835,2.2317845821380615,2.2930655479431152,2.4574453830718994,2.2298123836517334,2.375164031982422,2.2506659030914307,2.4845526218414307,2.4551596641540527,2.7116246223449707,2.1795246601104736,2.035737991333008,2.0597610473632812,2.0799405574798584,2.170043706893921,2.2746965885162354,2.6490509510040283,2.6402642726898193,2.8162946701049805,2.66070556640625,2.793311834335327,2.700841188430786,2.9315261840820312,2.9411275386810303,3.1655216217041016
B2,1.9483305215835571,2.0405285358428955,1.8444545269012451,1.7884894609451294,1.7467135190963745,1.6144323348999023,1.7514944076538086,1.7404987812042236,1.7575899362564087,1.4822295904159546,1.5452141761779785,1.2829407453536987,1.4981465339660645,1.347619891166687,1.6281503438949585,0.38110625743865967,0.0,0.38366663455963135,0.5811446309089661,0.9202329516410828,1.1885300874710083,1.5270940065383911,1.6667089462280273,1.7819716930389404,1.4940742254257202,1.6290783882141113,1.4299935102462769,1.6681361198425293,1.586912751197815,1.8695238828659058,0.986450731754303,0.7768698930740356,0.8586021661758423,0.9339897632598877,1.1699697971343994,1.3893903493881226,1.77132248878479,1.8427364826202393,1.9781824350357056,1.7112343311309814,1.8581349849700928,1.712738275527954,1.9466851949691772,1.916548728942871,2.1822657585144043,1.5964034795761108,1.4038536548614502,1.4246183633804321,1.4261747598648071,1.5680714845657349,1.719069004058838,2.0967135429382324,2.1088192462921143,2.2614736557006836,2.053354263305664,2.186466932296753,2.0888264179229736,2.3126888275146484,2.3181397914886475,2.5684823989868164,2.268629312515259,2.0743653774261475,2.1159493923187256,2.072930335998535,2.174158811569214,2.215952157974243,2.5642926692962646,2.509347438812256,2.6715149879455566,2.5400023460388184,2.6543350219726562,2.5819180011749268,2.79286527633667,2.8246991634368896,3.0305910110473633
B3,1.6556715965270996,1.7346488237380981,1.508184790611267,1.4845647811889648,1.423731803894043,1.346069097518921,1.4903935194015503,1.5501532554626465,1.629480004310608,1.4185010194778442,1.5675039291381836,1.3808079957962036,1.6696122884750366,1.5931233167648315,1.9148598909378052,0.5957863330841064,0.38366663455963135,0.0,0.3699647784233093,0.5886926651000977,0.9103659391403198,1.240233302116394,1.4456112384796143,1.630821704864502,1.4055286645889282,1.6228041648864746,1.5019910335540771,1.8037559986114502,1.7895780801773071,2.113241672515869,1.089517593383789,0.8395991325378418,0.7393085956573486,0.7570092082023621,0.8818899393081665,1.1052135229110718,1.4951272010803223,1.6169482469558716,1.8178181648254395,1.6069387197494507,1.8253604173660278,1.7510300874710083,2.040487289428711,2.0705699920654297,2.3765246868133545,1.665825605392456,1.4309643507003784,1.35086190700531,1.3018109798431396,1.3554946184158325,1.4741672277450562,1.8458126783370972,1.893862247467041,2.102071762084961,1.945163607597351,2.136589765548706,2.1009607315063477,2.370086431503296,2.4294865131378174,2.713757038116455,2.2996134757995605,2.063208818435669,2.0429508686065674,1.9569432735443115,1.997988224029541,2.0045955181121826,2.3405609130859375,2.309476852416992,2.5158631801605225,2.430664539337158,2.5893709659576416,2.570167064666748,2.8132271766662598,2.89406418800354,3.1282947063446045
B4,1.7109239101409912,1.7058416604995728,1.4346928596496582,1.3316937685012817,1.2162452936172485,1.0661182403564453,1.1738449335098267,1.1935628652572632,1.26187264919281,1.054860234260559,1.234084963798523,1.0969133377075195,1.4306319952011108,1.4285591840744019,1.7869932651519775,0.904191255569458,0.5811446309089661,0.3699647784233093,0.0,0.39072492718696594,0.6102867126464844,0.9686687588691711,1.1200491189956665,1.2992794513702393,1.0781385898590088,1.3179980516433716,1.2499544620513916,1.5761489868164062,1.6278547048568726,1.973684549331665,1.2858275175094604,0.9546616077423096,0.862171471118927,0.7060858607292175,0.8327997326850891,0.931128740310669,1.3024758100509644,1.3580588102340698,1.5438958406448364,1.3498286008834839,1.5687170028686523,1.5389902591705322,1.8315176963806152,1.9137362241744995,2.227039337158203,1.7818200588226318,1.4864424467086792,1.4216960668563843,1.2783399820327759,1.3445762395858765,1.3715934753417969,1.7090202569961548,1.6943734884262085,1.8816428184509277,1.7498688697814941,1.9260258674621582,1.9242274761199951,2.1814253330230713,2.279500722885132,2.5569891929626465,2.3603336811065674,2.0849995613098145,2.0867910385131836,1.9428333044052124,2.0012385845184326,1.9432435035705566,2.241898775100708,2.1577036380767822,2.3414371013641357,2.2813072204589844,2.4178884029388428,2.4208779335021973,2.641958236694336,2.7465999126434326,2.963121175765991
B5,1.4735175371170044,1.4315264225006104,1.113110065460205,1.0415561199188232,0.8800670504570007,0.8150248527526855,0.9294697046279907,1.0644807815551758,1.2270268201828003,1.1298398971557617,1.396695852279663,1.3517335653305054,1.720400333404541,1.7712323665618896,2.1424572467803955,1.1817916631698608,0.9202329516410828,0.5886926651000977,0.39072492718696594,0.0,0.3690456748008728,0.7052517533302307,0.9598212242126465,1.2400269508361816,1.1289235353469849,1.4470466375350952,1.4686256647109985,1.8289152383804321,1.9314600229263306,2.2953436374664307,1.5063929557800293,1.1853214502334595,0.9688431024551392,0.7610602378845215,0.6898468136787415,0.7259425520896912,1.0803263187408447,1.1984729766845703,1.468868613243103,1.3651080131530762,1.6538043022155762,1.7036865949630737,2.033663034439087,2.165870428085327,2.5030407905578613,1.9567935466766357,1.6440140008926392,1.4922202825546265,1.3027516603469849,1.257927417755127,1.219808578491211,1.5241515636444092,1.5495282411575317,1.8013461828231812,1.7423934936523438,1.9765064716339111,2.04280686378479,2.334994077682495,2.4813835620880127,2.7825229167938232,2.4830873012542725,2.177408218383789,2.1182479858398438,1.9321696758270264,1.9210034608840942,1.8151469230651855,2.0836117267608643,2.0254580974578857,2.2569949626922607,2.2558155059814453,2.436892509460449,2.4979803562164307,2.7455339431762695,2.8969051837921143,3.136094331741333
B6,1.674652338027954,1.5511828660964966,1.1922194957733154,1.0442662239074707,0.7740718126296997,0.6268427968025208,0.6086110472679138,0.7325833439826965,0.8970511555671692,0.8802584409713745,1.190253734588623,1.237668514251709,1.6275631189346313,1.7540411949157715,2.139441967010498,1.4852023124694824,1.1885300874710083,0.9103659391403198,0.6102867126464844,0.3690456748008728,0.0,0.3963826894760132,0.6005802750587463,0.9092006683349609,0.8662052750587463,1.2218080759048462,1.329848289489746,1.7030442953109741,1.8727835416793823,2.2477121353149414,1.7121632099151611,1.3553675413131714,1.1560577154159546,0.8480424284934998,0.7633742094039917,0.6069347262382507,0.8796657919883728,0.9150523543357849,1.182569980621338,1.1347657442092896,1.434565544128418,1.5530266761779785,1.8849387168884277,2.073547601699829,2.4159340858459473,2.075749397277832,1.7245466709136963,1.5838991403579712,1.3189213275909424,1.2776541709899902,1.1336356401443481,1.3706550598144531,1.3266229629516602,1.5594842433929443,1.5472220182418823,1.7734135389328003,1.8893052339553833,2.1726009845733643,2.363614320755005,2.6604690551757812,2.529327154159546,2.193138360977173,2.148590564727783,1.909638524055481,1.9099327325820923,1.7373794317245483,1.9524165391921997,1.8410037755966187,2.0496532917022705,2.084360122680664,2.248629093170166,2.34279727935791,2.5719146728515625,2.754192590713501,2.98124361038208
B7,1.8725757598876953,1.7134329080581665,1.3193211555480957,1.1970751285552979,0.8336502313613892,0.7603119015693665,0.5458841323852539,0.7400394678115845,0.8829047083854675,1.0110948085784912,1.3178309202194214,1.438421607017517,1.8218950033187866,1.990871548652649,2.375004291534424,1.7957097291946411,1.5270940065383911,1.240233302116394,0.9686687588691711,0.7052517533302307,0.3963826894760132,0.0,0.381968230009079,0.7447205781936646,0.855663001537323,1.2345380783081055,1.4212805032730103,1.8024505376815796,2.0158915519714355,2.4002108573913574,1.884604811668396,1.5331223011016846,1.2961771488189697,0.9526920914649963,0.7773901224136353,0.4575628340244293,0.5572361946105957,0.5929919481277466,0.9275336265563965,0.9950916767120361,1.3413974046707153,1.5402189493179321,1.8929914236068726,2.1295745372772217,2.4895997047424316,2.141329050064087,1.773069143295288,1.593498945236206,1.2746379375457764,1.1734942197799683,0.9229975342750549,1.0672272443771362,1.0103447437286377,1.2771860361099243,1.3450965881347656,1.6111690998077393,1.797120451927185,2.1025750637054443,2.3422019481658936,2.657069206237793,2.4958393573760986,2.1324691772460938,2.0587596893310547,1.7699253559112549,1.737274408340454,1.4991743564605713,1.6542308330535889,1.5308611392974854,1.756056547164917,1.8472517728805542,2.0371291637420654,2.1881399154663086,2.4313504695892334,2.65972900390625,2.9045257568359375
B8,2.175706624984741,1.9856467247009277,1.604127049446106,1.4121108055114746,1.0544811487197876,0.8645591735839844,0.5408852100372314,0.5415263175964355,0.5552346706390381,0.76674485206604,1.0550388097763062,1.2515684366226196,1.6189312934875488,1.8455041646957397,2.2233712673187256,1.9715157747268677,1.6667089462280273,1.4456112384796143,1.1200491189956665,0.9598212242126465,0.6005802750587463,0.381968230009079,0.0,0.39498549699783325,0.595061182975769,0.9599893093109131,1.2194525003433228,1.57916259765625,1.8438236713409424,2.2182042598724365,2.027735471725464,1.6545933485031128,1.4898247718811035,1.1177376508712769,1.0483262538909912,0.7119725346565247,0.7112968564033508,0.5071972608566284,0.7084380388259888,0.8052298426628113,1.101936936378479,1.3475204706192017,1.6673099994659424,1.942993402481079,2.2860639095306396,2.2340164184570312,1.8496649265289307,1.7342755794525146,1.3886607885360718,1.3670790195465088,1.088138461112976,1.1702936887741089,0.9815977215766907,1.1413902044296265,1.2195966243743896,1.4198273420333862,1.6252046823501587,1.8876872062683105,2.151542901992798,2.4400794506073,2.545363187789917,2.1767354011535645,2.1581993103027344,1.8514931201934814,1.878739595413208,1.6163415908813477,1.727964162826538,1.5204826593399048,1.6669604778289795,1.7589784860610962,1.8875149488449097,2.038527727127075,2.234520435333252,2.4689724445343018,2.6794633865356445
B9,2.5463271141052246,2.3636727333068848,1.9889986515045166,1.7804380655288696,1.4374362230300903,1.20566725730896,0.8848606944084167,0.7349945902824402,0.5003834962844849,0.7095879912376404,0.8704632520675659,1.107192039489746,1.4241389036178589,1.6872931718826294,2.0430376529693604,2.0899126529693604,1.7819716930389404,1.630821704864502,1.2992794513702393,1.2400269508361816,0.9092006683349609,0.7447205781936646,0.39498549699783325,0.0,0.3740294277667999,0.6521023511886597,0.9741446375846863,1.2996808290481567,1.602825403213501,1.9635546207427979,2.054105281829834,1.6801939010620117,1.588395595550537,1.2155858278274536,1.2441322803497314,0.9323235154151917,0.8875279426574707,0.5479767918586731,0.4829927980899811,0.5525991320610046,0.7656404972076416,1.0529699325561523,1.340064525604248,1.6489979028701782,1.9795207977294922,2.178682565689087,1.7912291288375854,1.7434362173080444,1.389787197113037,1.4544498920440674,1.1848633289337158,1.2337568998336792,0.9428884983062744,0.9564694166183472,1.0004639625549316,1.116237759590149,1.326124668121338,1.5482323169708252,1.8305529356002808,2.100364923477173,2.4293830394744873,2.0653634071350098,2.1060893535614014,1.796949028968811,1.894181251525879,1.635676383972168,1.7253514528274536,1.4479737281799316,1.5002862215042114,1.5601552724838257,1.6195948123931885,1.7533141374588013,1.9060351848602295,2.138922691345215,2.324320077896118
B10,2.529036521911621,2.387143611907959,2.032634973526001,1.8232585191726685,1.5264354944229126,1.260195016860962,1.0303970575332642,0.8364948034286499,0.5623833537101746,0.5392901301383972,0.6089709997177124,0.7666001915931702,1.0887947082519531,1.3255523443222046,1.6859098672866821,1.808253526687622,1.4940742254257202,1.4055286645889282,1.0781385898590088,1.1289235353469849,0.8662052750587463,0.855663001537323,0.595061182975769,0.3740294277667999,0.0,0.3800162672996521,0.6313491463661194,0.9848521947860718,1.2610394954681396,1.6306343078613281,1.788252830505371,1.4097555875778198,1.3862805366516113,1.036007285118103,1.1735411882400513,0.9520723819732666,1.0389636754989624,0.7705021500587463,0.6872888803482056,0.5139368176460266,0.6503725647926331,0.8194498419761658,1.1043823957443237,1.3700860738754272,1.6998791694641113,1.9516161680221558,1.5729187726974487,1.5846978425979614,1.269131064414978,1.4151349067687988,1.2347177267074585,1.3822027444839478,1.1263096332550049,1.1184724569320679,1.0309813022613525,1.0955036878585815,1.2007745504379272,1.40547513961792,1.6316076517105103,1.893670678138733,2.2695846557617188,1.9302533864974976,2.0153775215148926,1.753111481666565,1.9007505178451538,1.7092618942260742,1.8693112134933472,1.6107515096664429,1.6479930877685547,1.623268723487854,1.6537284851074219,1.7078827619552612,1.850106954574585,2.0250582695007324,2.19940185546875
B11,2.862987756729126,2.730332136154175,2.388645648956299,2.1658873558044434,1.8880993127822876,1.598088026046753,1.380222201347351,1.1315494775772095,0.7839694619178772,0.687481701374054,0.5165088772773743,0.6521137356758118,0.8574559092521667,1.1256253719329834,1.4457539319992065,1.9334756135940552,1.6290783882141113,1.6228041648864746,1.3179980516433716,1.4470466375350952,1.2218080759048462,1.2345380783081055,0.9599893093109131,0.6521023511886597,0.3800162672996521,0.0,0.37442272901535034,0.6496421694755554,0.9734165668487549,1.318866491317749,1.8542335033416748,1.4974337816238403,1.563262701034546,1.2549614906311035,1.4653921127319336,1.2859280109405518,1.3602558374404907,1.068566918373108,0.8586131930351257,0.6137987971305847,0.49755534529685974,0.5887120962142944,0.7771884202957153,1.0599522590637207,1.3605999946594238,1.9553921222686768,1.5985058546066284,1.695560336112976,1.4126126766204834,1.633749008178711,1.4916430711746216,1.6273359060287476,1.33688485622406,1.2197070121765137,1.064064621925354,0.9920246601104736,1.023247241973877,1.1372655630111694,1.343775987625122,1.5643153190612793,2.234340190887451,1.9234987497329712,2.077415704727173,1.842690110206604,2.0546963214874268,1.8927420377731323,2.046311855316162,1.7547091245651245,1.709518551826477,1.6285532712936401,1.572752594947815,1.56522798538208,1.6395273208618164,1.7739087343215942,1.9016344547271729
B12,2.905616521835327,2.818160057067871,2.4965105056762695,2.2935755252838135,2.052372694015503,1.7672780752182007,1.612550973892212,1.38163423538208,1.0748929977416992,0.8655754327774048,0.6222387552261353,0.5256204605102539,0.6448813080787659,0.8240334391593933,1.13473379611969,1.7082105875015259,1.4299935102462769,1.5019910335540771,1.2499544620513916,1.4686256647109985,1.329848289489746,1.4212805032730103,1.2194525003433228,0.9741446375846863,0.6313491463661194,0.37442272901535034,0.0,0.38675621151924133,0.6309008598327637,1.0027337074279785,1.6073087453842163,1.2754217386245728,1.4257844686508179,1.1849339008331299,1.4769072532653809,1.3898632526397705,1.5373364686965942,1.3089368343353271,1.1297850608825684,0.8008753061294556,0.6503729224205017,0.49440890550613403,0.6354291439056396,0.8045853972434998,1.108404517173767,1.7254338264465332,1.400276780128479,1.565772294998169,1.3500183820724487,1.6340023279190063,1.5798965692520142,1.7805821895599365,1.5371637344360352,1.4294203519821167,1.1890718936920166,1.0940641164779663,0.9954407215118408,1.0847632884979248,1.191111445426941,1.403641700744629,2.061398983001709,1.7911875247955322,1.985914707183838,1.8117839097976685,2.0616214275360107,1.968946933746338,2.1775169372558594,1.9189586639404297,1.8751225471496582,1.7254722118377686,1.6591461896896362,1.5714596509933472,1.6437351703643799,1.7044597864151,1.8281288146972656
B13,3.2432777881622314,3.159719705581665,2.8522143363952637,2.6348650455474854,2.410339832305908,2.1064529418945312,1.9584859609603882,1.6932858228683472,1.3593425750732422,1.136789321899414,0.8022472262382507,0.6753050684928894,0.5425602197647095,0.7068964838981628,0.9101512432098389,1.9251834154129028,1.6681361198425293,1.8037559986114502,1.5761489868164062,1.8289152383804321,1.7030442953109741,1.8024505376815796,1.57916259765625,1.2996808290481567,0.9848521947860718,0.6496421694755554,0.38675621151924133,0.0,0.3716476261615753,0.6727375388145447,1.800052285194397,1.5143749713897705,1.7274887561798096,1.5301443338394165,1.8449903726577759,1.772925853729248,1.9082996845245361,1.6625890731811523,1.434330940246582,1.1161354780197144,0.8590841889381409,0.625504732131958,0.5022512674331665,0.5851112008094788,0.7900216579437256,1.867208480834961,1.5908541679382324,1.8217928409576416,1.6474580764770508,1.9641727209091187,1.93043053150177,2.116563558578491,1.8557398319244385,1.6900078058242798,1.4285153150558472,1.2391068935394287,1.0642657279968262,1.0129300355911255,1.0385386943817139,1.1558395624160767,2.1624133586883545,1.939031720161438,2.188805341720581,2.048950433731079,2.3378772735595703,2.2681915760040283,2.466102123260498,2.1904778480529785,2.0902254581451416,1.9048783779144287,1.7669405937194824,1.6169933080673218,1.6054179668426514,1.5954759120941162,1.643824815750122
