0.000000000000000000e+00,3.922950327396392822e-01,6.451846957206726074e-01,9.656245112419128418e-01,1.256553530693054199e+00,1.555703639984130859e+00,1.905082464218139648e+00,2.106583595275878906e+00,2.190293073654174805e+00,1.890785455703735352e+00,1.904915928840637207e+00,1.579643011093139648e+00,1.686593294143676758e+00,1.460737586021423340e+00,1.661367297172546387e+00,5.123044848442077637e-01,6.071220636367797852e-01,7.098740935325622559e-01,1.020877122879028320e+00,1.244813203811645508e+00,1.588762640953063965e+00,1.966069579124450684e+00,2.118700504302978516e+00,2.252902746200561523e+00,1.956289529800415039e+00,2.046838760375976562e+00,1.787518858909606934e+00,1.939945697784423828e+00,1.783668398857116699e+00,1.986941814422607422e+00,1.069953203201293945e+00,1.080698966979980469e+00,1.102864980697631836e+00,1.303662419319152832e+00,1.462373614311218262e+00,1.754987120628356934e+00,2.143035173416137695e+00,2.253337621688842773e+00,2.419535636901855469e+00,2.159685373306274414e+00,2.279410839080810547e+00,2.083377599716186523e+00,2.254281282424926758e+00,2.159922122955322266e+00,2.361774444580078125e+00,1.631649971008300781e+00,1.596729874610900879e+00,1.589697360992431641e+00,1.705751776695251465e+00,1.809653878211975098e+00,2.027120351791381836e+00,2.403646945953369141e+00,2.498172283172607422e+00,2.675370693206787109e+00,2.467122077941894531e+00,2.579327821731567383e+00,2.429628133773803711e+00,2.606304407119750977e+00,2.558548927307128906e+00,2.758160352706909180e+00,2.170754909515380859e+00,2.105500221252441406e+00,2.109843492507934570e+00,2.169787883758544922e+00,2.243616580963134766e+00,2.405806303024291992e+00,2.770337581634521484e+00,2.836539745330810547e+00,3.011162996292114258e+00,2.838669061660766602e+00,2.939947605133056641e+00,2.829400777816772461e+00,3.006915330886840820e+00,2.993105173110961914e+00,3.168136358261108398e+00
3.922950327396392822e-01,0.000000000000000000e+00,3.925723135471343994e-01,6.358540654182434082e-01,9.798640012741088867e-01,1.261021733283996582e+00,1.634909749031066895e+00,1.816359043121337891e+00,1.898352980613708496e+00,1.584024071693420410e+00,1.610831260681152344e+00,1.305444240570068359e+00,1.429980278015136719e+00,1.261128425598144531e+00,1.485723495483398438e+00,7.397379279136657715e-01,6.031432151794433594e-01,6.879045963287353516e-01,8.607490062713623047e-01,1.111093163490295410e+00,1.400214195251464844e+00,1.792906999588012695e+00,1.898655176162719727e+00,2.029560089111328125e+00,1.733263254165649414e+00,1.825144290924072266e+00,1.599870324134826660e+00,1.753306031227111816e+00,1.650043368339538574e+00,1.855956077575683594e+00,1.251053690910339355e+00,1.144529223442077637e+00,1.171430230140686035e+00,1.262991786003112793e+00,1.434878230094909668e+00,1.658539772033691406e+00,2.045488834381103516e+00,2.100674152374267578e+00,2.259825229644775391e+00,2.013200759887695312e+00,2.122228145599365234e+00,1.960451245307922363e+00,2.120530128479003906e+00,2.068867683410644531e+00,2.260998010635375977e+00,1.792526721954345703e+00,1.682981967926025391e+00,1.689891219139099121e+00,1.728928565979003906e+00,1.846542835235595703e+00,1.999099493026733398e+00,2.359486579895019531e+00,2.402408361434936523e+00,2.566767454147338867e+00,2.376945018768310547e+00,2.472608327865600586e+00,2.351875782012939453e+00,2.511863708496093750e+00,2.495250463485717773e+00,2.677567243576049805e+00,2.317612886428833008e+00,2.200151205062866211e+00,2.223886966705322266e+00,2.228283882141113281e+00,2.318560123443603516e+00,2.425823211669921875e+00,2.765513896942138672e+00,2.784616231918334961e+00,2.943032979965209961e+00,2.790167093276977539e+00,2.871556997299194336e+00,2.785001039505004883e+00,2.942235708236694336e+00,2.947879314422607422e+00,3.096813678741455078e+00
6.451846957206726074e-01,3.925723135471343994e-01,0.000000000000000000e+00,3.762494623661041260e-01,6.279650926589965820e-01,9.558370113372802734e-01,1.313414573669433594e+00,1.547411561012268066e+00,1.699586510658264160e+00,1.434333443641662598e+00,1.552586555480957031e+00,1.312275767326354980e+00,1.531777620315551758e+00,1.447803258895874023e+00,1.730257034301757812e+00,9.580267071723937988e-01,7.677112221717834473e-01,6.385692358016967773e-01,7.061408758163452148e-01,8.398103117942810059e-01,1.112984299659729004e+00,1.500382661819458008e+00,1.642774820327758789e+00,1.838434815406799316e+00,1.596663117408752441e+00,1.765346884727478027e+00,1.611651778221130371e+00,1.834737420082092285e+00,1.804418802261352539e+00,2.059904575347900391e+00,1.425505757331848145e+00,1.260673522949218750e+00,1.173327803611755371e+00,1.180024623870849609e+00,1.258886694908142090e+00,1.432074069976806641e+00,1.800420403480529785e+00,1.874152183532714844e+00,2.088088274002075195e+00,1.897200584411621094e+00,2.064961910247802734e+00,1.970180034637451172e+00,2.182599782943725586e+00,2.194288015365600586e+00,2.427068710327148438e+00,1.935348868370056152e+00,1.773754835128784180e+00,1.706585764884948730e+00,1.677376270294189453e+00,1.725555658340454102e+00,1.821097373962402344e+00,2.153331279754638672e+00,2.207774639129638672e+00,2.416265010833740234e+00,2.278842449188232422e+00,2.420877695083618164e+00,2.359808444976806641e+00,2.559991598129272461e+00,2.598737001419067383e+00,2.812761783599853516e+00,2.433468818664550781e+00,2.268410682678222656e+00,2.239784717559814453e+00,2.186771154403686523e+00,2.225885391235351562e+00,2.280617237091064453e+00,2.591626644134521484e+00,2.616433858871459961e+00,2.809521913528442383e+00,2.705341815948486328e+00,2.822145462036132812e+00,2.788414478302001953e+00,2.976783037185668945e+00,3.032492876052856445e+00,3.202398538589477539e+00
9.656245112419128418e-01,6.358540654182434082e-01,3.762494623661041260e-01,0.000000000000000000e+00,3.875822126865386963e-01,6.345719695091247559e-01,1.017614603042602539e+00,1.211249470710754395e+00,1.353496789932250977e+00,1.085533380508422852e+00,1.234665989875793457e+00,1.047755718231201172e+00,1.310910463333129883e+00,1.315081238746643066e+00,1.626306295394897461e+00,1.181549668312072754e+00,8.855789303779602051e-01,7.525464892387390137e-01,6.135454177856445312e-01,7.485053539276123047e-01,9.075954556465148926e-01,1.291931986808776855e+00,1.367722153663635254e+00,1.550017476081848145e+00,1.319238305091857910e+00,1.496402025222778320e+00,1.398703336715698242e+00,1.633731365203857422e+00,1.672326803207397461e+00,1.938732504844665527e+00,1.568337440490722656e+00,1.321562767028808594e+00,1.241630315780639648e+00,1.136102437973022461e+00,1.224492669105529785e+00,1.305178523063659668e+00,1.653723955154418945e+00,1.659186482429504395e+00,1.854778170585632324e+00,1.684379816055297852e+00,1.842210054397583008e+00,1.793473601341247559e+00,2.000763416290283203e+00,2.063948154449462891e+00,2.295220136642456055e+00,2.028037309646606445e+00,1.805480480194091797e+00,1.751743435859680176e+00,1.649739027023315430e+00,1.713836908340454102e+00,1.739640951156616211e+00,2.043514013290405273e+00,2.038088321685791016e+00,2.223843097686767578e+00,2.107946634292602539e+00,2.233170032501220703e+00,2.207297325134277344e+00,2.394488096237182617e+00,2.470174312591552734e+00,2.674076557159423828e+00,2.492194414138793945e+00,2.281419754028320312e+00,2.270454168319702148e+00,2.166100025177001953e+00,2.224573373794555664e+00,2.225477457046508789e+00,2.504174709320068359e+00,2.477632522583007812e+00,2.646894693374633789e+00,2.562850475311279297e+00,2.659514188766479492e+00,2.652789354324340820e+00,2.823623418807983398e+00,2.903636455535888672e+00,3.054252624511718750e+00
1.256553530693054199e+00,9.798640012741088867e-01,6.279650926589965820e-01,3.875822126865386963e-01,0.000000000000000000e+00,3.734026849269866943e-01,7.053704857826232910e-01,9.839708805084228516e-01,1.228966236114501953e+00,1.059793591499328613e+00,1.314297914505004883e+00,1.223652362823486328e+00,1.549550175666809082e+00,1.614854931831359863e+00,1.951218724250793457e+00,1.454945087432861328e+00,1.170949697494506836e+00,9.289249181747436523e-01,7.099558711051940918e-01,6.335859894752502441e-01,6.910607218742370605e-01,1.035298347473144531e+00,1.155593514442443848e+00,1.422052145004272461e+00,1.282408237457275391e+00,1.541948795318603516e+00,1.530060410499572754e+00,1.818762302398681641e+00,1.915511012077331543e+00,2.213526010513305664e+00,1.799945473670959473e+00,1.533079504966735840e+00,1.367725014686584473e+00,1.192042231559753418e+00,1.165162801742553711e+00,1.158859729766845703e+00,1.456639289855957031e+00,1.480008125305175781e+00,1.737725138664245605e+00,1.645420312881469727e+00,1.863963723182678223e+00,1.889235854148864746e+00,2.141187906265258789e+00,2.258797883987426758e+00,2.521422624588012695e+00,2.218351840972900391e+00,1.965062379837036133e+00,1.847372770309448242e+00,1.686090588569641113e+00,1.673641443252563477e+00,1.628281235694885254e+00,1.882142305374145508e+00,1.887122631072998047e+00,2.118968248367309570e+00,2.068120718002319336e+00,2.241122007369995117e+00,2.278800010681152344e+00,2.502261877059936523e+00,2.628032922744750977e+00,2.859122276306152344e+00,2.646031856536865234e+00,2.400630474090576172e+00,2.340170860290527344e+00,2.183956623077392578e+00,2.187962770462036133e+00,2.130421876907348633e+00,2.366712570190429688e+00,2.345454931259155273e+00,2.549539566040039062e+00,2.521684885025024414e+00,2.654907941818237305e+00,2.703263998031616211e+00,2.903318881988525391e+00,3.030654430389404297e+00,3.201371431350708008e+00
1.555703639984130859e+00,1.261021733283996582e+00,9.558370113372802734e-01,6.345719695091247559e-01,3.734026849269866943e-01,0.000000000000000000e+00,3.896887302398681641e-01,6.135429143905639648e-01,8.732852935791015625e-01,7.609508633613586426e-01,1.078297853469848633e+00,1.089226007461547852e+00,1.450502753257751465e+00,1.598138332366943359e+00,1.949667572975158691e+00,1.677541613578796387e+00,1.347458004951477051e+00,1.120014786720275879e+00,7.952398657798767090e-01,6.998720765113830566e-01,5.511930584907531738e-01,8.273844122886657715e-01,8.513854146003723145e-01,1.111416697502136230e+00,1.021508574485778809e+00,1.305822610855102539e+00,1.377785921096801758e+00,1.681047916412353516e+00,1.847638130187988281e+00,2.155864000320434570e+00,1.941483736038208008e+00,1.624115586280822754e+00,1.465481758117675781e+00,1.203479766845703125e+00,1.175066232681274414e+00,1.056289434432983398e+00,1.299071907997131348e+00,1.239873051643371582e+00,1.476151227951049805e+00,1.426397919654846191e+00,1.642388105392456055e+00,1.730274915695190430e+00,1.982565760612487793e+00,2.155481576919555664e+00,2.421246051788330078e+00,2.295607805252075195e+00,1.996376991271972656e+00,1.886835932731628418e+00,1.661575198173522949e+00,1.658298134803771973e+00,1.538370609283447266e+00,1.744945526123046875e+00,1.683929800987243652e+00,1.889344692230224609e+00,1.871982455253601074e+00,2.033541202545166016e+00,2.117144823074340820e+00,2.333106994628906250e+00,2.500786781311035156e+00,2.727967739105224609e+00,2.674773454666137695e+00,2.390815734863281250e+00,2.341570854187011719e+00,2.137424468994140625e+00,2.156096696853637695e+00,2.043387889862060547e+00,2.236452102661132812e+00,2.162048101425170898e+00,2.339949131011962891e+00,2.339196681976318359e+00,2.456567525863647461e+00,2.539141416549682617e+00,2.726656198501586914e+00,2.884198665618896484e+00,3.042718887329101562e+00
1.905082464218139648e+00,1.634909749031066895e+00,1.313414573669433594e+00,1.017614603042602539e+00,7.053704857826232910e-01,3.896887302398681641e-01,0.000000000000000000e+00,3.826420307159423828e-01,7.645448446273803711e-01,8.345286250114440918e-01,1.206380844116210938e+00,1.313751935958862305e+00,1.693395972251892090e+00,1.885360956192016602e+00,2.246622562408447266e+00,1.990539193153381348e+00,1.665946960449218750e+00,1.403111577033996582e+00,1.058883905410766602e+00,8.609518408775329590e-01,5.581181645393371582e-01,6.269743442535400391e-01,6.308553218841552734e-01,9.669153094291687012e-01,1.019927263259887695e+00,1.357814073562622070e+00,1.520275712013244629e+00,1.849118709564208984e+00,2.066002845764160156e+00,2.391103744506835938e+00,2.197647571563720703e+00,1.865890383720397949e+00,1.665658950805664062e+00,1.353910088539123535e+00,1.245742440223693848e+00,1.013281464576721191e+00,1.140400528907775879e+00,1.055477738380432129e+00,1.329709291458129883e+00,1.383495092391967773e+00,1.640422463417053223e+00,1.808488965034484863e+00,2.086284399032592773e+00,2.310716390609741211e+00,2.595610857009887695e+00,2.492365837097167969e+00,2.167159080505371094e+00,2.020009756088256836e+00,1.740818500518798828e+00,1.682655811309814453e+00,1.477298021316528320e+00,1.599577546119689941e+00,1.516954660415649414e+00,1.744537830352783203e+00,1.804365038871765137e+00,1.998264431953430176e+00,2.150445461273193359e+00,2.387926101684570312e+00,2.604786634445190430e+00,2.848964214324951172e+00,2.817751407623291016e+00,2.502403497695922852e+00,2.421350002288818359e+00,2.166246652603149414e+00,2.147284030914306641e+00,1.966319441795349121e+00,2.093941450119018555e+00,2.001076936721801758e+00,2.193274974822998047e+00,2.254811763763427734e+00,2.395445108413696289e+00,2.536246299743652344e+00,2.740437984466552734e+00,2.944459438323974609e+00,3.114540815353393555e+00
2.106583595275878906e+00,1.816359043121337891e+00,1.547411561012268066e+00,1.211249470710754395e+00,9.839708805084228516e-01,6.135429143905639648e-01,3.826420307159423828e-01,0.000000000000000000e+00,4.107834696769714355e-01,6.003493666648864746e-01,9.774864912033081055e-01,1.182534813880920410e+00,1.549565553665161133e+00,1.802593708038330078e+00,2.154142141342163086e+00,2.137459039688110352e+00,1.782412290573120117e+00,1.571598529815673828e+00,1.193693876266479492e+00,1.075506329536437988e+00,7.350872755050659180e-01,7.227860093116760254e-01,4.978580772876739502e-01,7.106769084930419922e-01,8.127269148826599121e-01,1.121337652206420898e+00,1.357793569564819336e+00,1.664376854896545410e+00,1.934240579605102539e+00,2.246839761734008789e+00,2.283864498138427734e+00,1.922977685928344727e+00,1.768811464309692383e+00,1.421642065048217773e+00,1.372279644012451172e+00,1.096172928810119629e+00,1.176333069801330566e+00,9.639153480529785156e-01,1.139449834823608398e+00,1.212821483612060547e+00,1.420693039894104004e+00,1.634539008140563965e+00,1.882097840309143066e+00,2.145943403244018555e+00,2.413615942001342773e+00,2.526006937026977539e+00,2.175091505050659180e+00,2.068974018096923828e+00,1.760620474815368652e+00,1.753499865531921387e+00,1.516255140304565430e+00,1.606404304504394531e+00,1.431815028190612793e+00,1.581841349601745605e+00,1.649124503135681152e+00,1.794635057449340820e+00,1.972632408142089844e+00,2.176739454269409180e+00,2.419073820114135742e+00,2.641282081604003906e+00,2.810604572296142578e+00,2.475644111633300781e+00,2.432562828063964844e+00,2.156761884689331055e+00,2.183788537979125977e+00,1.978593111038208008e+00,2.076271772384643555e+00,1.914043068885803223e+00,2.044276714324951172e+00,2.107802391052246094e+00,2.203753471374511719e+00,2.357793569564819336e+00,2.527356147766113281e+00,2.743488788604736328e+00,2.886197805404663086e+00
2.190293073654174805e+00,1.898352980613708496e+00,1.699586510658264160e+00,1.353496789932250977e+00,1.228966236114501953e+00,8.732852935791015625e-01,7.645448446273803711e-01,4.107834696769714355e-01,0.000000000000000000e+00,3.791977167129516602e-01,6.774109601974487305e-01,9.674412608146667480e-01,1.301515936851501465e+00,1.599674820899963379e+00,1.935597896575927734e+00,2.151481628417968750e+00,1.778755545616149902e+00,1.635083794593811035e+00,1.252111792564392090e+00,1.234452128410339355e+00,9.255128502845764160e-01,9.186940789222717285e-01,5.718027353286743164e-01,4.991374313831329346e-01,5.616675019264221191e-01,7.865197062492370605e-01,1.081861495971679688e+00,1.353355526924133301e+00,1.665320754051208496e+00,1.962293744087219238e+00,2.226982831954956055e+00,1.848379731178283691e+00,1.756807327270507812e+00,1.399556994438171387e+00,1.435517430305480957e+00,1.171586871147155762e+00,1.251544117927551270e+00,9.457451105117797852e-01,9.649319648742675781e-01,9.926568269729614258e-01,1.112933039665222168e+00,1.345275402069091797e+00,1.550181031227111816e+00,1.840615272521972656e+00,2.088109970092773438e+00,2.412982225418090820e+00,2.047880172729492188e+00,1.998885989189147949e+00,1.684561729431152344e+00,1.752258181571960449e+00,1.525467395782470703e+00,1.620366811752319336e+00,1.369947791099548340e+00,1.413764357566833496e+00,1.440717935562133789e+00,1.512019157409667969e+00,1.685909748077392578e+00,1.845669150352478027e+00,2.097803354263305664e+00,2.295075178146362305e+00,2.659457445144653320e+00,2.317633152008056641e+00,2.326772928237915039e+00,2.052550554275512695e+00,2.144428253173828125e+00,1.949219942092895508e+00,2.047198534011840820e+00,1.826784253120422363e+00,1.878568768501281738e+00,1.906063199043273926e+00,1.940563201904296875e+00,2.079346656799316406e+00,2.205679178237915039e+00,2.416340351104736328e+00,2.530293226242065430e+00
1.890785455703735352e+00,1.584024071693420410e+00,1.434333443641662598e+00,1.085533380508422852e+00,1.059793591499328613e+00,7.609508633613586426e-01,8.345286250114440918e-01,6.003493666648864746e-01,3.791977167129516602e-01,0.000000000000000000e+00,3.824915885925292969e-01,6.167627573013305664e-01,9.607053399085998535e-01,1.246795535087585449e+00,1.582953333854675293e+00,1.861296772956848145e+00,1.478811979293823242e+00,1.390394568443298340e+00,1.024846792221069336e+00,1.111384510993957520e+00,8.988561630249023438e-01,1.042088866233825684e+00,7.798371315002441406e-01,7.122107148170471191e-01,5.333895683288574219e-01,6.726651787757873535e-01,8.575086593627929688e-01,1.106411337852478027e+00,1.381838083267211914e+00,1.667534708976745605e+00,1.969450235366821289e+00,1.596857309341430664e+00,1.558313965797424316e+00,1.240674614906311035e+00,1.358776569366455078e+00,1.189076662063598633e+00,1.377324104309082031e+00,1.124888181686401367e+00,1.137031912803649902e+00,1.031813263893127441e+00,1.100088596343994141e+00,1.226608395576477051e+00,1.400051474571228027e+00,1.636949300765991211e+00,1.865202665328979492e+00,2.203387975692749023e+00,1.858515024185180664e+00,1.854283571243286133e+00,1.589671730995178223e+00,1.714538216590881348e+00,1.567510604858398438e+00,1.746168971061706543e+00,1.533722877502441406e+00,1.571414232254028320e+00,1.508722186088562012e+00,1.544968485832214355e+00,1.632720947265625000e+00,1.766430616378784180e+00,1.961929440498352051e+00,2.140061855316162109e+00,2.501160383224487305e+00,2.188574552536010742e+00,2.233886480331420898e+00,2.010110378265380859e+00,2.140124559402465820e+00,2.011728286743164062e+00,2.176813364028930664e+00,1.985272049903869629e+00,2.032580137252807617e+00,1.991442799568176270e+00,2.003446102142333984e+00,2.072991609573364258e+00,2.180622577667236328e+00,2.336838960647583008e+00,2.437339544296264648e+00
1.904915928840637207e+00,1.610831260681152344e+00,1.552586555480957031e+00,1.234665989875793457e+00,1.314297914505004883e+00,1.078297853469848633e+00,1.206380844116210938e+00,9.774864912033081055e-01,6.774109601974487305e-01,3.824915885925292969e-01,0.000000000000000000e+00,3.751483857631683350e-01,6.331470608711242676e-01,9.636973738670349121e-01,1.273144006729125977e+00,1.816759943962097168e+00,1.437123298645019531e+00,1.443436980247497559e+00,1.125392079353332520e+00,1.313394427299499512e+00,1.173533082008361816e+00,1.337699770927429199e+00,1.074604868888854980e+00,8.874619603157043457e-01,6.023867726325988770e-01,4.963481724262237549e-01,6.104149222373962402e-01,7.644234299659729004e-01,1.059163689613342285e+00,1.314805269241333008e+00,1.869449377059936523e+00,1.502255797386169434e+00,1.552350640296936035e+00,1.274516820907592773e+00,1.484751224517822266e+00,1.375829577445983887e+00,1.585586786270141602e+00,1.321808338165283203e+00,1.231624364852905273e+00,1.032772183418273926e+00,9.706043601036071777e-01,1.020335912704467773e+00,1.107874512672424316e+00,1.326391816139221191e+00,1.515450477600097656e+00,2.067757368087768555e+00,1.733880162239074707e+00,1.806171059608459473e+00,1.578236460685729980e+00,1.782591819763183594e+00,1.687679171562194824e+00,1.893553733825683594e+00,1.660677790641784668e+00,1.619252443313598633e+00,1.481587529182434082e+00,1.429437756538391113e+00,1.450252890586853027e+00,1.515836954116821289e+00,1.676065444946289062e+00,1.813430309295654297e+00,2.350405931472778320e+00,2.056666135787963867e+00,2.165652990341186523e+00,1.978387475013732910e+00,2.173260211944580078e+00,2.088745594024658203e+00,2.277554750442504883e+00,2.066587924957275391e+00,2.053118228912353516e+00,1.949652910232543945e+00,1.897891521453857422e+00,1.909305810928344727e+00,1.962839126586914062e+00,2.075350522994995117e+00,2.139131307601928711e+00
1.579643011093139648e+00,1.305444240570068359e+00,1.312275767326354980e+00,1.047755718231201172e+00,1.223652362823486328e+00,1.089226007461547852e+00,1.313751935958862305e+00,1.182534813880920410e+00,9.674412608146667480e-01,6.167627573013305664e-01,3.751483857631683350e-01,0.000000000000000000e+00,3.919321596622467041e-01,6.333091855049133301e-01,9.845033884048461914e-01,1.473437905311584473e+00,1.099769473075866699e+00,1.169768691062927246e+00,9.148006439208984375e-01,1.193291544914245605e+00,1.166384339332580566e+00,1.414887189865112305e+00,1.239515900611877441e+00,1.108013153076171875e+00,7.487401962280273438e-01,6.385890245437622070e-01,5.035645961761474609e-01,6.413257718086242676e-01,8.197083473205566406e-01,1.093013644218444824e+00,1.544381141662597656e+00,1.194552779197692871e+00,1.296176433563232422e+00,1.086547970771789551e+00,1.361250877380371094e+00,1.353300333023071289e+00,1.635941386222839355e+00,1.445018291473388672e+00,1.389253258705139160e+00,1.115141034126281738e+00,1.059725522994995117e+00,9.777156114578247070e-01,1.062526583671569824e+00,1.182772278785705566e+00,1.376079916954040527e+00,1.790380239486694336e+00,1.488158464431762695e+00,1.592656731605529785e+00,1.430276036262512207e+00,1.670750498771667480e+00,1.658333778381347656e+00,1.929313659667968750e+00,1.755647659301757812e+00,1.740650773048400879e+00,1.542390584945678711e+00,1.498917698860168457e+00,1.434448838233947754e+00,1.506413578987121582e+00,1.594285249710083008e+00,1.738404393196105957e+00,2.127293825149536133e+00,1.870971679687500000e+00,1.997534155845642090e+00,1.867362260818481445e+00,2.079049587249755859e+00,2.061524629592895508e+00,2.308397769927978516e+00,2.145871877670288086e+00,2.154285669326782227e+00,2.001273155212402344e+00,1.960940003395080566e+00,1.911674857139587402e+00,1.976908326148986816e+00,2.037354946136474609e+00,2.117092609405517578e+00
1.686593294143676758e+00,1.429980278015136719e+00,1.531777620315551758e+00,1.310910463333129883e+00,1.549550175666809082e+00,1.450502753257751465e+00,1.693395972251892090e+00,1.549565553665161133e+00,1.301515936851501465e+00,9.607053399085998535e-01,6.331470608711242676e-01,3.919321596622467041e-01,0.000000000000000000e+00,3.760131299495697021e-01,6.404679417610168457e-01,1.556397676467895508e+00,1.221228122711181641e+00,1.396108269691467285e+00,1.219367265701293945e+00,1.540802240371704102e+00,1.550429940223693848e+00,1.802242755889892578e+00,1.617485880851745605e+00,1.441836237907409668e+00,1.082954525947570801e+00,8.596166968345642090e-01,6.434214115142822266e-01,5.239377021789550781e-01,6.153709292411804199e-01,7.755146622657775879e-01,1.596661686897277832e+00,1.293357968330383301e+00,1.491908073425292969e+00,1.354060530662536621e+00,1.675184607505798340e+00,1.707406878471374512e+00,1.991861104965209961e+00,1.795218348503112793e+00,1.686897873878479004e+00,1.381608724594116211e+00,1.231700778007507324e+00,1.067230343818664551e+00,1.012905597686767578e+00,1.047542214393615723e+00,1.139204740524291992e+00,1.819998025894165039e+00,1.562840104103088379e+00,1.749223828315734863e+00,1.646130323410034180e+00,1.937616348266601562e+00,1.967336416244506836e+00,2.247642755508422852e+00,2.064723491668701172e+00,1.997992753982543945e+00,1.756861567497253418e+00,1.638888597488403320e+00,1.503410696983337402e+00,1.482676744461059570e+00,1.496455430984497070e+00,1.561743021011352539e+00,2.148791074752807617e+00,1.936747908592224121e+00,2.127944231033325195e+00,2.048533916473388672e+00,2.307437419891357422e+00,2.329537153244018555e+00,2.588643789291381836e+00,2.416023731231689453e+00,2.378556489944458008e+00,2.180917024612426758e+00,2.083241939544677734e+00,1.972954511642456055e+00,1.970871329307556152e+00,1.963568687438964844e+00,1.985407948493957520e+00
1.460737586021423340e+00,1.261128425598144531e+00,1.447803258895874023e+00,1.315081238746643066e+00,1.614854931831359863e+00,1.598138332366943359e+00,1.885360956192016602e+00,1.802593708038330078e+00,1.599674820899963379e+00,1.246795535087585449e+00,9.636973738670349121e-01,6.333091855049133301e-01,3.760131299495697021e-01,0.000000000000000000e+00,3.878774940967559814e-01,1.293836116790771484e+00,1.010921955108642578e+00,1.272430896759033203e+00,1.201470255851745605e+00,1.567868947982788086e+00,1.664531946182250977e+00,1.956306338310241699e+00,1.834098815917968750e+00,1.693327784538269043e+00,1.313270926475524902e+00,1.116482734680175781e+00,8.006203770637512207e-01,6.684077382087707520e-01,5.220144987106323242e-01,6.444683074951171875e-01,1.332434415817260742e+00,1.088256001472473145e+00,1.355221748352050781e+00,1.316169619560241699e+00,1.672109127044677734e+00,1.787606954574584961e+00,2.110541582107543945e+00,1.972791910171508789e+00,1.889236330986022949e+00,1.548830151557922363e+00,1.415971040725708008e+00,1.166273474693298340e+00,1.110163450241088867e+00,1.019869923591613770e+00,1.096006512641906738e+00,1.591110825538635254e+00,1.395403861999511719e+00,1.621732473373413086e+00,1.601326823234558105e+00,1.914958000183105469e+00,2.018469095230102539e+00,2.339928865432739258e+00,2.208365917205810547e+00,2.161698818206787109e+00,1.882456183433532715e+00,1.777109622955322266e+00,1.575712084770202637e+00,1.560747146606445312e+00,1.495477557182312012e+00,1.562008380889892578e+00,1.965381264686584473e+00,1.809620380401611328e+00,2.019716739654541016e+00,2.006490230560302734e+00,2.275912284851074219e+00,2.360942125320434570e+00,2.662264347076416016e+00,2.533789634704589844e+00,2.513444662094116211e+00,2.278840780258178711e+00,2.193850278854370117e+00,2.032258033752441406e+00,2.041009426116943359e+00,1.981113553047180176e+00,2.019614696502685547e+00
1.661367297172546387e+00,1.485723495483398438e+00,1.730257034301757812e+00,1.626306295394897461e+00,1.951218724250793457e+00,1.949667572975158691e+00,2.246622562408447266e+00,2.154142141342163086e+00,1.935597896575927734e+00,1.582953333854675293e+00,1.273144006729125977e+00,9.845033884048461914e-01,6.404679417610168457e-01,3.878774940967559814e-01,0.000000000000000000e+00,1.506224632263183594e+00,1.288043260574340820e+00,1.597332358360290527e+00,1.568946957588195801e+00,1.942064404487609863e+00,2.048545360565185547e+00,2.342497587203979492e+00,2.209220409393310547e+00,2.048974990844726562e+00,1.674057006835937500e+00,1.437882423400878906e+00,1.130984067916870117e+00,8.948654532432556152e-01,6.779247522354125977e-01,5.532262325286865234e-01,1.534890055656433105e+00,1.362114787101745605e+00,1.673355102539062500e+00,1.678124904632568359e+00,2.042785167694091797e+00,2.171974897384643555e+00,2.492944002151489258e+00,2.347954511642456055e+00,2.239322185516357422e+00,1.893537521362304688e+00,1.715945601463317871e+00,1.442398309707641602e+00,1.297472834587097168e+00,1.133889436721801758e+00,1.077271699905395508e+00,1.768911719322204590e+00,1.634032487869262695e+00,1.907355904579162598e+00,1.929132461547851562e+00,2.261099576950073242e+00,2.384581804275512695e+00,2.706614732742309570e+00,2.568487167358398438e+00,2.493330955505371094e+00,2.197566509246826172e+00,2.048930406570434570e+00,1.811265826225280762e+00,1.726131081581115723e+00,1.595343112945556641e+00,1.574534177780151367e+00,2.125407934188842773e+00,2.021725177764892578e+00,2.273560762405395508e+00,2.300201892852783203e+00,2.593015193939208984e+00,2.701768398284912109e+00,3.006632089614868164e+00,2.872133970260620117e+00,2.823302507400512695e+00,2.565340518951416016e+00,2.442439794540405273e+00,2.241407632827758789e+00,2.195263624191284180e+00,2.075109243392944336e+00,2.055581808090209961e+00
5.123044848442077637e-01,7.397379279136657715e-01,9.580267071723937988e-01,1.181549668312072754e+00,1.454945087432861328e+00,1.677541613578796387e+00,1.990539193153381348e+00,2.137459039688110352e+00,2.151481628417968750e+00,1.861296772956848145e+00,1.816759943962097168e+00,1.473437905311584473e+00,1.556397676467895508e+00,1.293836116790771484e+00,1.506224632263183594e+00,0.000000000000000000e+00,3.855764567852020264e-01,6.043557524681091309e-01,9.552943110466003418e-01,1.226745605468750000e+00,1.569742083549499512e+00,1.912065744400024414e+00,2.047525167465209961e+00,2.116307497024536133e+00,1.798764228820800781e+00,1.844643115997314453e+00,1.540642261505126953e+00,1.681658148765563965e+00,1.482927322387695312e+00,1.706590414047241211e+00,5.579932928085327148e-01,6.325657963752746582e-01,7.351393103599548340e-01,1.028144717216491699e+00,1.257481932640075684e+00,1.595939874649047852e+00,1.977554321289062500e+00,2.087953329086303711e+00,2.199365139007568359e+00,1.900180935859680176e+00,1.991882443428039551e+00,1.748052597045898438e+00,1.916850686073303223e+00,1.786443352699279785e+00,2.009358406066894531e+00,1.120691657066345215e+00,1.113906145095825195e+00,1.147146940231323242e+00,1.328274130821228027e+00,1.492138743400573730e+00,1.767611861228942871e+00,2.159755468368530273e+00,2.254672050476074219e+00,2.391144514083862305e+00,2.139498472213745117e+00,2.233397960662841797e+00,2.042341232299804688e+00,2.220732688903808594e+00,2.146191835403442383e+00,2.365439176559448242e+00,1.661973714828491211e+00,1.617033362388610840e+00,1.647150397300720215e+00,1.751724243164062500e+00,1.869878888130187988e+00,2.081754922866821289e+00,2.467236518859863281e+00,2.535770893096923828e+00,2.680864810943603516e+00,2.466946125030517578e+00,2.556505441665649414e+00,2.410807847976684570e+00,2.591421604156494141e+00,2.559006690979003906e+00,2.755254983901977539e+00
6.071220636367797852e-01,6.031432151794433594e-01,7.677112221717834473e-01,8.855789303779602051e-01,1.170949697494506836e+00,1.347458004951477051e+00,1.665946960449218750e+00,1.782412290573120117e+00,1.778755545616149902e+00,1.478811979293823242e+00,1.437123298645019531e+00,1.099769473075866699e+00,1.221228122711181641e+00,1.010921955108642578e+00,1.288043260574340820e+00,3.855764567852020264e-01,0.000000000000000000e+00,3.850136101245880127e-01,6.349264979362487793e-01,9.696739912033081055e-01,1.272755980491638184e+00,1.627635598182678223e+00,1.719834685325622559e+00,1.774749159812927246e+00,1.446849465370178223e+00,1.495717644691467285e+00,1.210513234138488770e+00,1.377764463424682617e+00,1.236615538597106934e+00,1.498043417930603027e+00,7.038711309432983398e-01,5.417346954345703125e-01,6.393651366233825684e-01,8.008696436882019043e-01,1.072518825531005859e+00,1.355216741561889648e+00,1.745044112205505371e+00,1.803155899047851562e+00,1.903251290321350098e+00,1.605774521827697754e+00,1.693464756011962891e+00,1.478996276855468750e+00,1.656736612319946289e+00,1.579347372055053711e+00,1.816683173179626465e+00,1.209922313690185547e+00,1.080646038055419922e+00,1.119415163993835449e+00,1.195618391036987305e+00,1.382347345352172852e+00,1.592008829116821289e+00,1.976021647453308105e+00,2.018617868423461914e+00,2.141857862472534180e+00,1.902688026428222656e+00,1.986001729965209961e+00,1.825702667236328125e+00,2.001027345657348633e+00,1.968982577323913574e+00,2.187072038650512695e+00,1.723033666610717773e+00,1.599192857742309570e+00,1.645041346549987793e+00,1.674262523651123047e+00,1.811944007873535156e+00,1.961974382400512695e+00,2.325452566146850586e+00,2.344569683074951172e+00,2.474212646484375000e+00,2.278302192687988281e+00,2.352236032485961914e+00,2.234985113143920898e+00,2.404417753219604492e+00,2.402121305465698242e+00,2.582430839538574219e+00
7.098740935325622559e-01,6.879045963287353516e-01,6.385692358016967773e-01,7.525464892387390137e-01,9.289249181747436523e-01,1.120014786720275879e+00,1.403111577033996582e+00,1.571598529815673828e+00,1.635083794593811035e+00,1.390394568443298340e+00,1.443436980247497559e+00,1.169768691062927246e+00,1.396108269691467285e+00,1.272430896759033203e+00,1.597332358360290527e+00,6.043557524681091309e-01,3.850136101245880127e-01,0.000000000000000000e+00,3.852155208587646484e-01,6.242888569831848145e-01,9.697289466857910156e-01,1.321018815040588379e+00,1.476873397827148438e+00,1.603466153144836426e+00,1.331310272216796875e+00,1.476028203964233398e+00,1.267354846000671387e+00,1.523339509963989258e+00,1.461824417114257812e+00,1.772414922714233398e+00,8.832071423530578613e-01,6.796552538871765137e-01,5.348157882690429688e-01,6.142696142196655273e-01,7.717802524566650391e-01,1.057454228401184082e+00,1.448712468147277832e+00,1.556511402130126953e+00,1.726531624794006348e+00,1.484425902366638184e+00,1.655468225479125977e+00,1.514713406562805176e+00,1.765395641326904297e+00,1.757295370101928711e+00,2.042522907257080078e+00,1.336393475532531738e+00,1.156718492507934570e+00,1.068381071090698242e+00,1.070848822593688965e+00,1.159323334693908691e+00,1.334167957305908203e+00,1.708530664443969727e+00,1.788423418998718262e+00,1.973972916603088379e+00,1.788082122802734375e+00,1.940189003944396973e+00,1.846208810806274414e+00,2.080413818359375000e+00,2.109398603439331055e+00,2.369518041610717773e+00,1.812435388565063477e+00,1.639724373817443848e+00,1.602494001388549805e+00,1.570724487304687500e+00,1.635258793830871582e+00,1.742607712745666504e+00,2.091351747512817383e+00,2.136253118515014648e+00,2.317351341247558594e+00,2.171701669692993164e+00,2.299635171890258789e+00,2.240892887115478516e+00,2.457876205444335938e+00,2.512300729751586914e+00,2.725352764129638672e+00
1.020877122879028320e+00,8.607490062713623047e-01,7.061408758163452148e-01,6.135454177856445312e-01,7.099558711051940918e-01,7.952398657798767090e-01,1.058883905410766602e+00,1.193693876266479492e+00,1.252111792564392090e+00,1.024846792221069336e+00,1.125392079353332520e+00,9.148006439208984375e-01,1.219367265701293945e+00,1.201470255851745605e+00,1.568946957588195801e+00,9.552943110466003418e-01,6.349264979362487793e-01,3.852155208587646484e-01,0.000000000000000000e+00,3.845526576042175293e-01,6.390405893325805664e-01,1.004062414169311523e+00,1.113134384155273438e+00,1.242902517318725586e+00,9.835172891616821289e-01,1.173431992530822754e+00,1.039412975311279297e+00,1.345337986946105957e+00,1.378907442092895508e+00,1.717461347579956055e+00,1.150466561317443848e+00,8.447327613830566406e-01,6.888325214385986328e-01,5.229830145835876465e-01,6.614223718643188477e-01,8.171710371971130371e-01,1.204174041748046875e+00,1.247943282127380371e+00,1.420573830604553223e+00,1.206522345542907715e+00,1.397532939910888672e+00,1.327340245246887207e+00,1.599282622337341309e+00,1.668007016181945801e+00,1.966420888900756836e+00,1.519697785377502441e+00,1.255386710166931152e+00,1.162718772888183594e+00,1.036562323570251465e+00,1.119170665740966797e+00,1.183472037315368652e+00,1.525934815406799316e+00,1.543757677078247070e+00,1.723617434501647949e+00,1.573078393936157227e+00,1.727611541748046875e+00,1.691653728485107422e+00,1.929931521415710449e+00,2.017332315444946289e+00,2.278376579284667969e+00,1.939029693603515625e+00,1.700542449951171875e+00,1.668157935142517090e+00,1.552631616592407227e+00,1.622358441352844238e+00,1.645907521247863770e+00,1.952390432357788086e+00,1.942264437675476074e+00,2.111646413803100586e+00,2.001318454742431641e+00,2.121271610260009766e+00,2.108967065811157227e+00,2.319737195968627930e+00,2.416500568389892578e+00,2.617108821868896484e+00
1.244813203811645508e+00,1.111093163490295410e+00,8.398103117942810059e-01,7.485053539276123047e-01,6.335859894752502441e-01,6.998720765113830566e-01,8.609518408775329590e-01,1.075506329536437988e+00,1.234452128410339355e+00,1.111384510993957520e+00,1.313394427299499512e+00,1.193291544914245605e+00,1.540802240371704102e+00,1.567868947982788086e+00,1.942064404487609863e+00,1.226745605468750000e+00,9.696739912033081055e-01,6.242888569831848145e-01,3.845526576042175293e-01,0.000000000000000000e+00,3.795214295387268066e-01,7.259868383407592773e-01,9.474858641624450684e-01,1.187474370002746582e+00,1.040625333786010742e+00,1.326491355895996094e+00,1.285216927528381348e+00,1.632972717285156250e+00,1.712530970573425293e+00,2.067074775695800781e+00,1.410087227821350098e+00,1.128947138786315918e+00,8.618528842926025391e-01,6.424227356910705566e-01,5.331688523292541504e-01,6.022887229919433594e-01,9.614880084991455078e-01,1.077964067459106445e+00,1.348681688308715820e+00,1.231420397758483887e+00,1.505954146385192871e+00,1.517183780670166016e+00,1.835287809371948242e+00,1.950832366943359375e+00,2.274266958236694336e+00,1.736796855926513672e+00,1.463728308677673340e+00,1.278076052665710449e+00,1.093630194664001465e+00,1.042363286018371582e+00,1.028652667999267578e+00,1.327712535858154297e+00,1.392671108245849609e+00,1.649900078773498535e+00,1.577343940734863281e+00,1.802284598350524902e+00,1.836550235748291016e+00,2.119320631027221680e+00,2.253459453582763672e+00,2.542484045028686523e+00,2.113360881805419922e+00,1.850279569625854492e+00,1.743632555007934570e+00,1.574922084808349609e+00,1.556797742843627930e+00,1.519119739532470703e+00,1.788418412208557129e+00,1.808961510658264160e+00,2.037331819534301758e+00,1.992163300514221191e+00,2.168098449707031250e+00,2.216625213623046875e+00,2.467499017715454102e+00,2.612188339233398438e+00,2.838808298110961914e+00
1.588762640953063965e+00,1.400214195251464844e+00,1.112984299659729004e+00,9.075954556465148926e-01,6.910607218742370605e-01,5.511930584907531738e-01,5.581181645393371582e-01,7.350872755050659180e-01,9.255128502845764160e-01,8.988561630249023438e-01,1.173533082008361816e+00,1.166384339332580566e+00,1.550429940223693848e+00,1.664531946182250977e+00,2.048545360565185547e+00,1.569742083549499512e+00,1.272755980491638184e+00,9.697289466857910156e-01,6.390405893325805664e-01,3.795214295387268066e-01,0.000000000000000000e+00,3.941234648227691650e-01,5.854496955871582031e-01,8.831382989883422852e-01,8.308812975883483887e-01,1.178184032440185547e+00,1.248989582061767578e+00,1.616887331008911133e+00,1.776789784431457520e+00,2.137324571609497070e+00,1.707501888275146484e+00,1.385161161422729492e+00,1.140116095542907715e+00,8.254616856575012207e-01,6.883345842361450195e-01,5.106119513511657715e-01,7.749971151351928711e-01,8.038965463638305664e-01,1.101974606513977051e+00,1.068647742271423340e+00,1.368885040283203125e+00,1.473235845565795898e+00,1.798586249351501465e+00,1.982728362083435059e+00,2.307882785797119141e+00,1.973041057586669922e+00,1.655208230018615723e+00,1.475977778434753418e+00,1.208402276039123535e+00,1.142815828323364258e+00,9.949375391006469727e-01,1.208979010581970215e+00,1.198905348777770996e+00,1.455977082252502441e+00,1.450091123580932617e+00,1.681571245193481445e+00,1.787756443023681641e+00,2.069303035736083984e+00,2.258763790130615234e+00,2.544106721878051758e+00,2.293885946273803711e+00,1.987766146659851074e+00,1.884883522987365723e+00,1.649803042411804199e+00,1.628991961479187012e+00,1.500503659248352051e+00,1.699541687965393066e+00,1.660446286201477051e+00,1.878091335296630859e+00,1.886549949645996094e+00,2.058209419250488281e+00,2.162464857101440430e+00,2.406064033508300781e+00,2.593738079071044922e+00,2.808213949203491211e+00
