,A1,A2,A3,A4,A5,A6,A7,A8,A9,A10,A11,A12,A13,A14,A15,B1,B2,B3,B4,B5,B6,B7,B8,B9,B10,B11,B12,B13,B14,B15,C1,C2,C3,C4,C5,C6,C7,C8,C9,C10,C11,C12,C13,C14,C15,D1,D2,D3,D4,D5,D6,D7,D8,D9,D10,D11,D12,D13,D14,D15,E1,E2,E3,E4,E5,E6,E7,E8,E9,E10,E11,E12,E13,E14,E15
A1,0.0,0.38768714666366577,0.5979306697845459,0.924450159072876,1.0233511924743652,1.1641311645507812,0.912380576133728,1.1416890621185303,1.0555983781814575,1.380257248878479,1.4607785940170288,1.8151168823242188,1.995698094367981,2.343627452850342,2.5601489543914795,0.8105257749557495,0.7425729036331177,0.6603501439094543,0.9727737307548523,1.0579619407653809,1.2977619171142578,1.1376628875732422,1.3777732849121094,1.3723127841949463,1.6513830423355103,1.7687140703201294,2.0769083499908447,2.282597064971924,2.598989248275757,2.843282699584961,1.2753938436508179,1.2819504737854004,1.1976746320724487,1.4582090377807617,1.4288103580474854,1.643027901649475,1.5321521759033203,1.7213340997695923,1.7467635869979858,1.9840092658996582,2.1060354709625244,2.3729634284973145,2.58772873878479,2.8642425537109375,3.1176469326019287,1.773038387298584,1.792410135269165,1.6953009366989136,1.9197883605957031,1.8638743162155151,2.0496413707733154,1.9796780347824097,2.124324083328247,2.1584372520446777,2.364741325378418,2.485004425048828,2.716954469680786,2.9387171268463135,3.1670284271240234,3.4323582649230957,2.2705512046813965,2.3011114597320557,2.1941888332366943,2.416433811187744,2.3364357948303223,2.506420850753784,2.460462808609009,2.5736892223358154,2.6110105514526367,2.795593738555908,2.905158281326294,3.09860897064209,3.3269081115722656,3.4499635696411133,3.7422637939453125
A2,0.38768714666366577,0.0,0.3884178400039673,0.6898581385612488,0.9239866733551025,1.1690980195999146,1.0351800918579102,1.3429970741271973,1.331929087638855,1.6902222633361816,1.8005131483078003,2.1689677238464355,2.3521950244903564,2.7083916664123535,2.9182024002075195,1.0223640203475952,0.811547577381134,0.6013606786727905,0.7811781764030457,0.926008939743042,1.257848858833313,1.2129849195480347,1.5223556756973267,1.5848548412322998,1.9045147895812988,2.0553700923919678,2.3873589038848877,2.6016194820404053,2.9328360557556152,3.17604398727417,1.3904856443405151,1.298394799232483,1.12273108959198,1.3048624992370605,1.3067958354949951,1.58781898021698,1.5644100904464722,1.8162604570388794,1.9047231674194336,2.182810068130493,2.3428566455841064,2.6383705139160156,2.868835926055908,3.1649458408355713,3.421893835067749,1.840986728668213,1.7917265892028809,1.6256154775619507,1.790228009223938,1.7541167736053467,1.9895961284637451,1.988585352897644,2.1856741905212402,2.276627540588379,2.519968032836914,2.6801061630249023,2.9406819343566895,3.183295726776123,3.433969259262085,3.706677198410034,2.3114936351776123,2.2925925254821777,2.1319210529327393,2.3058011531829834,2.2374918460845947,2.4435527324676514,2.455202341079712,2.6102652549743652,2.6978919506073,2.914088726043701,3.0643656253814697,3.2827260494232178,3.537006139755249,3.6809966564178467,3.9889769554138184
A3,0.5979306697845459,0.3884178400039673,0.0,0.38846588134765625,0.5912070274353027,0.905277669429779,0.8583351969718933,1.2134259939193726,1.30827796459198,1.6696454286575317,1.85768723487854,2.2231388092041016,2.458585262298584,2.8067479133605957,3.0533459186553955,1.2409034967422485,1.079738974571228,0.7720903754234314,0.8230658769607544,0.8082720637321472,1.1026651859283447,1.1252310276031494,1.4326401948928833,1.5772560834884644,1.8831573724746704,2.0974392890930176,2.4203741550445557,2.680901527404785,3.002483606338501,3.279088020324707,1.5698350667953491,1.511551856994629,1.2679426670074463,1.368700385093689,1.2676411867141724,1.4991716146469116,1.5259923934936523,1.7561341524124146,1.9035893678665161,2.1593878269195557,2.3694708347320557,2.6514322757720947,2.9220316410064697,3.206878900527954,3.4945638179779053,1.9876234531402588,1.9691386222839355,1.7537646293640137,1.85781729221344,1.7462563514709473,1.9354480504989624,1.9736746549606323,2.144866466522217,2.277827501296997,2.4961700439453125,2.6937785148620605,2.936324119567871,3.211454153060913,3.4490134716033936,3.7490813732147217,2.4349262714385986,2.4461584091186523,2.245576858520508,2.3747000694274902,2.246702194213867,2.4111557006835938,2.4519906044006348,2.580177068710327,2.6995887756347656,2.8894078731536865,3.0661301612854004,3.261138439178467,3.538224458694458,3.6610586643218994,3.9855263233184814
A4,0.924450159072876,0.6898581385612488,0.38846588134765625,0.0,0.3827257752418518,0.7414531111717224,0.858322024345398,1.2324789762496948,1.4047757387161255,1.777787446975708,2.005988121032715,2.3799970149993896,2.6312570571899414,2.98504900932312,3.235778331756592,1.392646074295044,1.21110200881958,0.833443820476532,0.6989781856536865,0.5793085098266602,0.8764016628265381,1.0289089679718018,1.3623976707458496,1.5829039812088013,1.9063434600830078,2.165052890777588,2.5025391578674316,2.7836782932281494,3.115401268005371,3.401315212249756,1.6041874885559082,1.524072527885437,1.2048819065093994,1.1947498321533203,1.0352630615234375,1.2572239637374878,1.3708618879318237,1.6241286993026733,1.8403757810592651,2.1122982501983643,2.369234323501587,2.667583703994751,2.9639573097229004,3.2621099948883057,3.562331438064575,1.943880319595337,1.9141424894332886,1.6380969285964966,1.6642656326293945,1.5098450183868408,1.687545895576477,1.7883659601211548,1.975464940071106,2.166301727294922,2.3968255519866943,2.639186382293701,2.8959286212921143,3.1987497806549072,3.451188564300537,3.7656333446502686,2.340876340866089,2.3493707180023193,2.0991663932800293,2.1707065105438232,2.0082356929779053,2.1596224308013916,2.2479424476623535,2.3847618103027344,2.551985502243042,2.748927593231201,2.9665145874023438,3.1702141761779785,3.4755003452301025,3.6098592281341553,3.951920986175537
A5,1.0233511924743652,0.9239866733551025,0.5912070274353027,0.3827257752418518,0.0,0.39881229400634766,0.5944200754165649,0.9534652233123779,1.2015435695648193,1.5476707220077515,1.827895164489746,2.1842970848083496,2.4714584350585938,2.8100030422210693,3.0874054431915283,1.4221532344818115,1.3353594541549683,0.9770997762680054,0.889290452003479,0.6078622341156006,0.7148496508598328,0.8489235639572144,1.1228989362716675,1.388597846031189,1.6724300384521484,1.9705018997192383,2.285130739212036,2.5977261066436768,2.9121603965759277,3.222137928009033,1.6237285137176514,1.6261634826660156,1.3283790349960327,1.3286317586898804,1.0687649250030518,1.165256381034851,1.2505289316177368,1.4312280416488647,1.6634323596954346,1.8882101774215698,2.169396162033081,2.439629316329956,2.7606546878814697,3.0390050411224365,3.360445976257324,1.9502140283584595,1.9909356832504272,1.7326463460922241,1.7628895044326782,1.5347193479537964,1.6204533576965332,1.6960526704788208,1.8166184425354004,2.005986213684082,2.18878173828125,2.440753936767578,2.6651244163513184,2.983621120452881,3.2136335372924805,3.545330762863159,2.336905002593994,2.405439615249634,2.1674861907958984,2.243175506591797,2.0248501300811768,2.1061370372772217,2.169731616973877,2.2488503456115723,2.4068827629089355,2.558161497116089,2.772775173187256,2.9411237239837646,3.2503836154937744,3.356496572494507,3.7031047344207764
A6,1.1641311645507812,1.1690980195999146,0.905277669429779,0.7414531111717224,0.39881229400634766,0.0,0.38423237204551697,0.6525331139564514,0.9625217318534851,1.2780650854110718,1.5909368991851807,1.932989239692688,2.235974073410034,2.5649476051330566,2.850421905517578,1.3628414869308472,1.364081859588623,1.0528813600540161,1.0019863843917847,0.646029531955719,0.50835782289505,0.5812113881111145,0.7754534482955933,1.0854305028915405,1.3401910066604614,1.6701786518096924,1.9734848737716675,2.304521322250366,2.6119399070739746,2.932884454727173,1.5005885362625122,1.5804150104522705,1.31972336769104,1.3365237712860107,1.0104618072509766,0.9708033800125122,0.9980844855308533,1.1010116338729858,1.34278404712677,1.532441258430481,1.8349359035491943,2.091343879699707,2.429518699645996,2.7011606693267822,3.0339231491088867,1.784794569015503,1.893661379814148,1.6660778522491455,1.7111053466796875,1.4293516874313354,1.4237616062164307,1.4521052837371826,1.5076792240142822,1.6866776943206787,1.8328526020050049,2.0919060707092285,2.298372268676758,2.628167152404785,2.850198984146118,3.19146728515625,2.1474735736846924,2.2737176418304443,2.059419631958008,2.1497652530670166,1.891253113746643,1.9075746536254883,1.929774522781372,1.956031322479248,2.09550404548645,2.211705207824707,2.4209139347076416,2.5683023929595947,2.8802051544189453,2.974918842315674,3.3250670433044434
A7,0.912380576133728,1.0351800918579102,0.8583351969718933,0.858322024345398,0.5944200754165649,0.38423237204551697,0.0,0.3756572902202606,0.6152620911598206,0.9546658992767334,1.245012879371643,1.5960719585418701,1.8917505741119385,2.2251758575439453,2.5092644691467285,1.077879786491394,1.1519887447357178,0.9187044501304626,1.0199456214904785,0.7599019408226013,0.6809373497962952,0.5066539645195007,0.6560953855514526,0.8560898303985596,1.1054391860961914,1.3954200744628906,1.6971876621246338,2.013857364654541,2.3208205699920654,2.635969400405884,1.3045003414154053,1.4385889768600464,1.259579062461853,1.3897247314453125,1.1252424716949463,1.1133025884628296,1.009520411491394,1.0794612169265747,1.2169876098632812,1.3915003538131714,1.63848078250885,1.8849234580993652,2.198437213897705,2.464036226272583,2.7859559059143066,1.664358139038086,1.8051193952560425,1.6473923921585083,1.7802835702896118,1.5453119277954102,1.55801522731781,1.4975332021713257,1.5329769849777222,1.6285394430160522,1.7622811794281006,1.9637653827667236,2.159170627593994,2.4578819274902344,2.66982364654541,2.996030807495117,2.080883264541626,2.22302508354187,2.067615032196045,2.226402759552002,2.0060200691223145,2.038451910018921,1.9949209690093994,2.0108883380889893,2.084044933319092,2.193781614303589,2.349745035171509,2.491460084915161,2.769535541534424,2.8571696281433105,3.188173294067383
A8,1.1416890621185303,1.3429970741271973,1.2134259939193726,1.2324789762496948,0.9534652233123779,0.6525331139564514,0.3756572902202606,0.0,0.374896764755249,0.6281172037124634,0.9643282890319824,1.2864023447036743,1.605102777481079,1.9209004640579224,2.2195799350738525,1.119080662727356,1.3000361919403076,1.1568583250045776,1.30202054977417,1.0507631301879883,0.8629891276359558,0.5735483765602112,0.47976064682006836,0.6164257526397705,0.7724575996398926,1.0837613344192505,1.3550128936767578,1.6928060054779053,1.9829517602920532,2.3129711151123047,1.3073599338531494,1.52928626537323,1.4249284267425537,1.5879414081573486,1.3165539503097534,1.2110615968704224,1.0127391815185547,0.9522982835769653,1.0167595148086548,1.1068817377090454,1.339897871017456,1.5477831363677979,1.8702466487884521,2.1158905029296875,2.4490444660186768,1.6361823081970215,1.8493930101394653,1.7527421712875366,1.9170366525650024,1.6670708656311035,1.6072790622711182,1.4725991487503052,1.4211814403533936,1.452672004699707,1.519497036933899,1.6894582509994507,1.844093918800354,2.1376399993896484,2.326064348220825,2.657522678375244,2.033677577972412,2.2334256172180176,2.126697301864624,2.3138692378997803,2.0795130729675293,2.057633399963379,1.9531705379486084,1.9067453145980835,1.9254791736602783,1.9829591512680054,2.0998940467834473,2.2044942378997803,2.4641776084899902,2.5265562534332275,2.8501224517822266
A9,1.0555983781814575,1.331929087638855,1.30827796459198,1.4047757387161255,1.2015435695648193,0.9625217318534851,0.6152620911598206,0.374896764755249,0.0,0.38839447498321533,0.6321580410003662,0.9938345551490784,1.2783228158950806,1.6162339448928833,1.8950046300888062,0.8702235817909241,1.135327935218811,1.1083475351333618,1.3511884212493896,1.1962487697601318,1.073106288909912,0.7048637866973877,0.6001008749008179,0.48320645093917847,0.6295214891433716,0.8315973281860352,1.1215181350708008,1.4184314012527466,1.7246710062026978,2.032433032989502,1.1090739965438843,1.3791862726211548,1.37119460105896,1.6170799732208252,1.4196962118148804,1.3560707569122314,1.0795520544052124,1.0198407173156738,0.9507747292518616,1.0404473543167114,1.175790786743164,1.3877336978912354,1.6607505083084106,1.914620041847229,2.220639705657959,1.4869019985198975,1.7202551364898682,1.699124813079834,1.9342448711395264,1.7431180477142334,1.7153645753860474,1.51572847366333,1.4703017473220825,1.4161641597747803,1.4901907444000244,1.585829734802246,1.7453954219818115,1.9905765056610107,2.1831328868865967,2.484839916229248,1.9198907613754272,2.122743844985962,2.076897144317627,2.321282148361206,2.135928153991699,2.1417782306671143,1.9863086938858032,1.9500707387924194,1.9072027206420898,1.9769936800003052,2.038917303085327,2.1560471057891846,2.3749477863311768,2.4492762088775635,2.7472658157348633
A10,1.380257248878479,1.6902222633361816,1.6696454286575317,1.777787446975708,1.5476707220077515,1.2780650854110718,0.9546658992767334,0.6281172037124634,0.38839447498321533,0.0,0.38403812050819397,0.659218966960907,0.9941762089729309,1.294832468032837,1.6053881645202637,1.139958381652832,1.457367181777954,1.4808534383773804,1.733140230178833,1.571765422821045,1.4036717414855957,1.0357784032821655,0.8146947622299194,0.6129376888275146,0.49551108479499817,0.6267958879470825,0.8123225569725037,1.1333725452423096,1.3974300622940063,1.7292289733886719,1.34527587890625,1.6637275218963623,1.7082091569900513,1.9625746011734009,1.761837124824524,1.6462161540985107,1.3377279043197632,1.1802570819854736,1.0275996923446655,0.9758216142654419,1.0337854623794556,1.1476385593414307,1.408280611038208,1.6122654676437378,1.9288883209228516,1.67540442943573,1.9579402208328247,1.9880175590515137,2.236912965774536,2.039525270462036,1.9612325429916382,1.717963457107544,1.5965218544006348,1.4718148708343506,1.4526543617248535,1.4795806407928467,1.5604426860809326,1.7745671272277832,1.9157795906066895,2.215331554412842,2.072409152984619,2.3192548751831055,2.319598436355591,2.5802841186523438,2.388485908508301,2.350393772125244,2.1496365070343018,2.054699420928955,1.9528348445892334,1.9559656381607056,1.9563021659851074,2.013941526412964,2.190492630004883,2.2192699909210205,2.4941742420196533
A11,1.4607785940170288,1.8005131483078003,1.85768723487854,2.005988121032715,1.827895164489746,1.5909368991851807,1.245012879371643,0.9643282890319824,0.6321580410003662,0.38403812050819397,0.0,0.3914199769496918,0.6472420692443848,0.9876989722251892,1.2655731439590454,1.0813108682632446,1.4443957805633545,1.5669100284576416,1.8699849843978882,1.779427170753479,1.6544908285140991,1.2664777040481567,1.0737913846969604,0.7637559175491333,0.6337074637413025,0.5083400011062622,0.658578097820282,0.8774623870849609,1.1569689512252808,1.4487411975860596,1.2870545387268066,1.6289243698120117,1.760414481163025,2.0656425952911377,1.9284895658493042,1.8459017276763916,1.5016610622406006,1.3604532480239868,1.1164586544036865,1.064240574836731,0.9861152768135071,1.08079993724823,1.2459830045700073,1.4501515626907349,1.7184664011001587,1.621320128440857,1.9120532274246216,2.0151314735412598,2.3141300678253174,2.171600341796875,2.1204757690429688,1.835672378540039,1.7266188859939575,1.5324854850769043,1.5204558372497559,1.4610464572906494,1.5397613048553467,1.6796833276748657,1.8202297687530518,2.071561813354492,2.023838758468628,2.2676291465759277,2.32966685295105,2.634140729904175,2.4904415607452393,2.476372241973877,2.2370083332061768,2.155001401901245,1.998879313468933,2.0142104625701904,1.9562640190124512,2.02577805519104,2.148812770843506,2.1923794746398926,2.4292192459106445
A12,1.8151168823242188,2.1689677238464355,2.2231388092041016,2.3799970149993896,2.1842970848083496,1.932989239692688,1.5960719585418701,1.2864023447036743,0.9938345551490784,0.659218966960907,0.3914199769496918,0.0,0.3810911178588867,0.6367447972297668,0.9644168615341187,1.4448844194412231,1.8153417110443115,1.9558355808258057,2.2610301971435547,2.1627612113952637,2.014965772628784,1.6306493282318115,1.3960850238800049,1.0900827646255493,0.8491742014884949,0.6328930258750916,0.5264140367507935,0.6769002079963684,0.8549057841300964,1.161937952041626,1.6252236366271973,1.9790509939193726,2.135838270187378,2.4416627883911133,2.301321029663086,2.1908464431762695,1.8380705118179321,1.6490296125411987,1.3740888833999634,1.2267818450927734,1.0653218030929565,1.0204614400863647,1.1118274927139282,1.2236055135726929,1.47764253616333,1.912827491760254,2.2252414226531982,2.360414981842041,2.6640121936798096,2.519214391708374,2.437805652618408,2.1322054862976074,1.9769790172576904,1.739781379699707,1.65403413772583,1.5233960151672363,1.510714054107666,1.5847467184066772,1.6510425806045532,1.875390648841858,2.2733230590820312,2.541916608810425,2.638881206512451,2.951367139816284,2.80662202835083,2.7632954120635986,2.495666027069092,2.3729894161224365,2.1724534034729004,2.131431818008423,2.0116264820098877,2.019444227218628,2.080571413040161,2.07281756401062,2.2651844024658203
A13,1.995698094367981,2.3521950244903564,2.458585262298584,2.6312570571899414,2.4714584350585938,2.235974073410034,1.8917505741119385,1.605102777481079,1.2783228158950806,0.9941762089729309,0.6472420692443848,0.3810911178588867,0.0,0.37895965576171875,0.6191704273223877,1.5306094884872437,1.9068593978881836,2.1117537021636963,2.4377849102020264,2.388603925704956,2.2659976482391357,1.8761686086654663,1.661800742149353,1.3153928518295288,1.1032735109329224,0.7829489707946777,0.6396459341049194,0.5467576384544373,0.6966319680213928,0.904852032661438,1.6739673614501953,2.026909351348877,2.2460780143737793,2.5776031017303467,2.486276388168335,2.3967459201812744,2.0269601345062256,1.8541158437728882,1.5331811904907227,1.4002041816711426,1.1497619152069092,1.0887130498886108,1.0472350120544434,1.1425920724868774,1.3082120418548584,1.9300544261932373,2.2389028072357178,2.4324727058410645,2.766160488128662,2.6665074825286865,2.6037683486938477,2.272606134414673,2.1304752826690674,1.8490227460861206,1.7743408679962158,1.5768115520477295,1.5640311241149902,1.5525723695755005,1.6158121824264526,1.7696900367736816,2.2683494091033936,2.5290238857269287,2.6798319816589355,3.021145820617676,2.918351650238037,2.892402172088623,2.5972037315368652,2.487201452255249,2.246180772781372,2.2174415588378906,2.049499988555908,2.0703914165496826,2.075812816619873,2.0880868434906006,2.2334423065185547
A14,2.343627452850342,2.7083916664123535,2.8067479133605957,2.98504900932312,2.8100030422210693,2.5649476051330566,2.2251758575439453,1.9209004640579224,1.6162339448928833,1.294832468032837,0.9876989722251892,0.6367447972297668,0.37895965576171875,0.0,0.37849190831184387,1.9067994356155396,2.2822980880737305,2.487880229949951,2.8136532306671143,2.7536730766296387,2.615060806274414,2.227435350418091,1.989274024963379,1.6549540758132935,1.3970848321914673,1.0837985277175903,0.8261210918426514,0.6501766443252563,0.5682605504989624,0.7223003506660461,2.0432868003845215,2.3976778984069824,2.622774600982666,2.951171636581421,2.8522510528564453,2.7437541484832764,2.3727662563323975,2.1718199253082275,1.8462482690811157,1.661604642868042,1.3849445581436157,1.2259184122085571,1.1098166704177856,1.077418327331543,1.1876024007797241,2.270960569381714,2.58833384513855,2.7948973178863525,3.1266846656799316,3.0214762687683105,2.9374585151672363,2.5983591079711914,2.4265992641448975,2.1275088787078857,2.0032618045806885,1.7663534879684448,1.6780787706375122,1.602311134338379,1.5809725522994995,1.6860007047653198,2.575495719909668,2.84961199760437,3.0191457271575928,3.360905885696411,3.2546586990356445,3.2068731784820557,2.8970160484313965,2.758225440979004,2.492325782775879,2.4201149940490723,2.209522008895874,2.175532579421997,2.1219515800476074,2.082848310470581,2.1720924377441406
A15,2.5601489543914795,2.9182024002075195,3.0533459186553955,3.235778331756592,3.0874054431915283,2.850421905517578,2.5092644691467285,2.2195799350738525,1.8950046300888062,1.6053881645202637,1.2655731439590454,0.9644168615341187,0.6191704273223877,0.37849190831184387,0.0,2.052905321121216,2.42079758644104,2.6684799194335938,3.0011792182922363,2.977255344390869,2.8545665740966797,2.4668495655059814,2.2433323860168457,1.887189507484436,1.6551008224487305,1.301040530204773,1.0660535097122192,0.768917441368103,0.6505665183067322,0.5803534388542175,2.1446869373321533,2.48844051361084,2.757014513015747,3.097351551055908,3.037074565887451,2.9425039291381836,2.5630199909210205,2.3760554790496826,2.0248382091522217,1.8582096099853516,1.5353037118911743,1.3830798864364624,1.1686038970947266,1.122506022453308,1.1088601350784302,2.3301315307617188,2.637586832046509,2.888359308242798,3.2373275756835938,3.1692848205566406,3.0985264778137207,2.743283271789551,2.5840067863464355,2.257267475128174,2.146512031555176,1.8666094541549683,1.7860991954803467,1.6384601593017578,1.6187670230865479,1.6408966779708862,2.6000022888183594,2.862961769104004,3.0765535831451416,3.4361395835876465,3.366000175476074,3.331084966659546,3.0017611980438232,2.8751211166381836,2.580524206161499,2.5209386348724365,2.2755634784698486,2.256683111190796,2.1549007892608643,2.140719175338745,2.1817872524261475
B1,0.8105257749557495,1.0223640203475952,1.2409034967422485,1.392646074295044,1.4221532344818115,1.3628414869308472,1.077879786491394,1.119080662727356,0.8702235817909241,1.139958381652832,1.0813108682632446,1.4448844194412231,1.5306094884872437,1.9067994356155396,2.052905321121216,0.0,0.377058207988739,0.6452805399894714,1.0111761093139648,1.135697841644287,1.2461189031600952,0.961005687713623,1.1062570810317993,0.929813027381897,1.2234866619110107,1.229600191116333,1.5767822265625,1.7085485458374023,2.0655391216278076,2.25779390335083,0.5342282652854919,0.688289999961853,0.8355935215950012,1.2149873971939087,1.249002456665039,1.3938130140304565,1.1428625583648682,1.2982008457183838,1.1922693252563477,1.4588364362716675,1.4983577728271484,1.806497573852539,1.9645485877990723,2.283346652984619,2.4928832054138184,1.057011604309082,1.150777816772461,1.2023181915283203,1.5377930402755737,1.5305310487747192,1.6823747158050537,1.4914745092391968,1.6216626167297363,1.5585697889328003,1.7908005714416504,1.8496041297912598,2.1196796894073486,2.2973954677581787,2.5659971237182617,2.793008804321289,1.5685616731643677,1.6405311822891235,1.6378353834152222,1.947655439376831,1.90921151638031,2.06526780128479,1.9227784872055054,2.0311238765716553,1.991529107093811,2.1984407901763916,2.2614779472351074,2.49267315864563,2.6901466846466064,2.8611161708831787,3.133849859237671
B2,0.7425729036331177,0.811547577381134,1.079738974571228,1.21110200881958,1.3353594541549683,1.364081859588623,1.1519887447357178,1.3000361919403076,1.135327935218811,1.457367181777954,1.4443957805633545,1.8153417110443115,1.9068593978881836,2.2822980880737305,2.42079758644104,0.377058207988739,0.0,0.3922830820083618,0.7483116984367371,0.9838914275169373,1.2051922082901,1.0264027118682861,1.2732458114624023,1.1887578964233398,1.5267888307571411,1.5762429237365723,1.9362374544143677,2.0745458602905273,2.4363605976104736,2.6228842735290527,0.6330306529998779,0.5570229887962341,0.6102635264396667,0.982272744178772,1.0942903757095337,1.3410710096359253,1.1820250749588013,1.42926824092865,1.403303623199463,1.7182047367095947,1.8007001876831055,2.132561445236206,2.3025078773498535,2.6341073513031006,2.841993808746338,1.107336163520813,1.0776000022888184,1.0492873191833496,1.3551068305969238,1.3985581398010254,1.6315076351165771,1.514831304550171,1.721154808998108,1.7254706621170044,2.005323648452759,2.1071817874908447,2.4064865112304688,2.6017816066741943,2.8896372318267822,3.119412660598755,1.601963996887207,1.5931862592697144,1.5311859846115112,1.8073232173919678,1.8016283512115479,2.0181238651275635,1.9378196001052856,2.106196403503418,2.1233887672424316,2.3729240894317627,2.479607105255127,2.73954176902771,2.961221933364868,3.153306722640991,3.438486099243164
B3,0.6603501439094543,0.6013606786727905,0.7720903754234314,0.833443820476532,0.9770997762680054,1.0528813600540161,0.9187044501304626,1.1568583250045776,1.1083475351333618,1.4808534383773804,1.5669100284576416,1.9558355808258057,2.1117537021636963,2.487880229949951,2.6684799194335938,0.6452805399894714,0.3922830820083618,0.0,0.4021328389644623,0.6205329298973083,0.9086208939552307,0.8250758051872253,1.1482775211334229,1.1844561100006104,1.5495120286941528,1.6896084547042847,2.0588150024414062,2.256371021270752,2.6172173023223877,2.8425087928771973,0.8389091491699219,0.7395355701446533,0.5484700202941895,0.8044752478599548,0.8353371024131775,1.1150585412979126,1.045631766319275,1.3322694301605225,1.4084336757659912,1.733555793762207,1.8935893774032593,2.2297568321228027,2.453646421432495,2.7839043140411377,3.028459072113037,1.2498074769973755,1.2118464708328247,1.0522377490997314,1.2600734233856201,1.2327624559402466,1.469174861907959,1.429456353187561,1.650730013847351,1.734263300895691,2.015058755874634,2.1799919605255127,2.4781155586242676,2.7202389240264893,3.0060179233551025,3.269766330718994,1.7119417190551758,1.7069016695022583,1.5558310747146606,1.75959312915802,1.6954269409179688,1.9016975164413452,1.882922649383545,2.052914619445801,2.13242244720459,2.376434564590454,2.5331504344940186,2.78429913520813,3.04414963722229,3.225046396255493,3.5363245010375977
B4,0.9727737307548523,0.7811781764030457,0.8230658769607544,0.6989781856536865,0.889290452003479,1.0019863843917847,1.0199456214904785,1.30202054977417,1.3511884212493896,1.733140230178833,1.8699849843978882,2.2610301971435547,2.4377849102020264,2.8136532306671143,3.0011792182922363,1.0111761093139648,0.7483116984367371,0.4021328389644623,0.0,0.3909526765346527,0.7603647708892822,0.8583729267120361,1.2236194610595703,1.3577044010162354,1.7361998558044434,1.9278655052185059,2.3054521083831787,2.5256187915802,2.891401529312134,3.1262683868408203,1.0485588312149048,0.8797628879547119,0.5228570699691772,0.5474478602409363,0.5579906702041626,0.9150092005729675,0.9879357218742371,1.329703688621521,1.4994640350341797,1.8459399938583374,2.0610086917877197,2.4123728275299072,2.6636569499969482,3.0045974254608154,3.261594295501709,1.3276398181915283,1.2372422218322754,0.9589428305625916,1.0390344858169556,0.9847440123558044,1.2605547904968262,1.3238024711608887,1.5925275087356567,1.7585266828536987,2.0628206729888916,2.2830355167388916,2.598757028579712,2.8714728355407715,3.1725070476531982,3.451002597808838,1.7144981622695923,1.6777037382125854,1.4407709836959839,1.5585806369781494,1.4691166877746582,1.6936789751052856,1.7528049945831299,1.9564764499664307,2.1056630611419678,2.3697221279144287,2.5798635482788086,2.845550060272217,3.1386196613311768,3.333414316177368,3.663994550704956
B5,1.0579619407653809,0.926008939743042,0.8082720637321472,0.5793085098266602,0.6078622341156006,0.646029531955719,0.7599019408226013,1.0507631301879883,1.1962487697601318,1.571765422821045,1.779427170753479,2.1627612113952637,2.388603925704956,2.7536730766296387,2.977255344390869,1.135697841644287,0.9838914275169373,0.6205329298973083,0.3909526765346527,0.0,0.40842923521995544,0.6081003546714783,0.9740769863128662,1.2000455856323242,1.5590102672576904,1.8150262832641602,2.17913556098938,2.445465087890625,2.798292875289917,3.0668959617614746,1.1716103553771973,1.110517978668213,0.7661545276641846,0.7264965176582336,0.48442065715789795,0.703414261341095,0.8170011043548584,1.1173834800720215,1.3524497747421265,1.6659166812896729,1.93300461769104,2.264857530593872,2.5570566654205322,2.8826887607574463,3.171107769012451,1.4240490198135376,1.4187519550323486,1.1321617364883423,1.1608169078826904,0.9666127562522888,1.1307711601257324,1.21284019947052,1.424008846282959,1.6272577047348022,1.8914228677749634,2.147423028945923,2.4371275901794434,2.7421488761901855,3.0251195430755615,3.331425189971924,1.786283016204834,1.8189692497253418,1.5670593976974487,1.6511352062225342,1.4675196409225464,1.6071075201034546,1.6729021072387695,1.820029377937317,1.9898828268051147,2.2109267711639404,2.440809488296509,2.673764944076538,2.9867918491363525,3.154676914215088,3.5001537799835205
B6,1.2977619171142578,1.257848858833313,1.1026651859283447,0.8764016628265381,0.7148496508598328,0.50835782289505,0.6809373497962952,0.8629891276359558,1.073106288909912,1.4036717414855957,1.6544908285140991,2.014965772628784,2.2659976482391357,2.615060806274414,2.8545665740966797,1.2461189031600952,1.2051922082901,0.9086208939552307,0.7603647708892822,0.40842923521995544,0.0,0.3907560408115387,0.6788638234138489,0.9850626587867737,1.3091635704040527,1.6125099658966064,1.9594733715057373,2.25386905670166,2.594363212585449,2.881164789199829,1.206834077835083,1.24782395362854,0.9579775929450989,0.9087750315666199,0.542712926864624,0.4714048504829407,0.5679745674133301,0.7906715273857117,1.0854389667510986,1.3634456396102905,1.6746277809143066,1.9903565645217896,2.311587333679199,2.6270318031311035,2.9345908164978027,1.3849033117294312,1.469740867614746,1.2116022109985352,1.2243479490280151,0.9248480200767517,0.9322047233581543,0.9866175651550293,1.1186261177062988,1.3455992937088013,1.5697757005691528,1.855736494064331,2.1255881786346436,2.4550204277038574,2.7278594970703125,3.0521116256713867,1.6987996101379395,1.8082292079925537,1.5698095560073853,1.644696831703186,1.3843246698379517,1.4214732646942139,1.4587650299072266,1.5374736785888672,1.7107422351837158,1.8893128633499146,2.132169723510742,2.3395066261291504,2.667384624481201,2.8198390007019043,3.1756722927093506
B7,1.1376628875732422,1.2129849195480347,1.1252310276031494,1.0289089679718018,0.8489235639572144,0.5812113881111145,0.5066539645195007,0.5735483765602112,0.7048637866973877,1.0357784032821655,1.2664777040481567,1.6306493282318115,1.8761686086654663,2.227435350418091,2.4668495655059814,0.961005687713623,1.0264027118682861,0.8250758051872253,0.8583729267120361,0.6081003546714783,0.3907560408115387,0.0,0.37186184525489807,0.6155670285224915,0.9578083157539368,1.2424432039260864,1.5948197841644287,1.8840341567993164,2.226238965988159,2.5126023292541504,0.9688993692398071,1.1118247509002686,0.9326559901237488,1.0370949506759644,0.754020094871521,0.6727211475372314,0.5045062899589539,0.6352534890174866,0.8203144669532776,1.0872002840042114,1.3612910509109497,1.6726720333099365,1.9815430641174316,2.293658971786499,2.5976877212524414,1.2231764793395996,1.38068687915802,1.2201744318008423,1.3489388227462769,1.0979845523834229,1.0857396125793457,0.9944433569908142,1.0607613325119019,1.181452989578247,1.37979257106781,1.612792730331421,1.8695430755615234,2.1772446632385254,2.4401910305023193,2.756624221801758,1.5994937419891357,1.7545987367630005,1.5957437753677368,1.756986141204834,1.5297576189041138,1.5553433895111084,1.493956208229065,1.5312786102294922,1.6174113750457764,1.7721524238586426,1.9564753770828247,2.1500492095947266,2.4475860595703125,2.588388681411743,2.9294302463531494
B8,1.3777732849121094,1.5223556756973267,1.4326401948928833,1.3623976707458496,1.1228989362716675,0.7754534482955933,0.6560953855514526,0.47976064682006836,0.6001008749008179,0.8146947622299194,1.0737913846969604,1.3960850238800049,1.661800742149353,1.989274024963379,2.2433323860168457,1.1062570810317993,1.2732458114624023,1.1482775211334229,1.2236194610595703,0.9740769863128662,0.6788638234138489,0.37186184525489807,0.0,0.377934992313385,0.6362149715423584,0.9703964591026306,1.2937732934951782,1.6105353832244873,1.9345003366470337,2.2389705181121826,1.08195161819458,1.3178268671035767,1.219383955001831,1.3414386510849,1.0561938285827637,0.8554726243019104,0.5927695035934448,0.4727373719215393,0.5944600701332092,0.7654052972793579,1.0637526512145996,1.3430843353271484,1.6764484643936157,1.9707902669906616,2.2928738594055176,1.2811578512191772,1.5235865116119385,1.430032730102539,1.5752756595611572,1.3031716346740723,1.1856038570404053,1.012053370475769,0.9419997334480286,0.9952298998832703,1.106736421585083,1.32783043384552,1.5441502332687378,1.8625553846359253,2.1042490005493164,2.434626817703247,1.6170419454574585,1.8435399532318115,1.7358651161193848,1.91412353515625,1.6623255014419556,1.6082884073257446,1.4807064533233643,1.4282845258712769,1.457572340965271,1.5425692796707153,1.6954056024551392,1.8460981845855713,2.136502265930176,2.250197172164917,2.59175181388855
B9,1.3723127841949463,1.5848548412322998,1.5772560834884644,1.5829039812088013,1.388597846031189,1.0854305028915405,0.8560898303985596,0.6164257526397705,0.48320645093917847,0.6129376888275146,0.7637559175491333,1.0900827646255493,1.3153928518295288,1.6549540758132935,1.887189507484436,0.929813027381897,1.1887578964233398,1.1844561100006104,1.3577044010162354,1.2000455856323242,0.9850626587867737,0.6155670285224915,0.377934992313385,0.0,0.3829755485057831,0.6283624768257141,0.9867367148399353,1.2705484628677368,1.6133689880371094,1.8996237516403198,0.907977283000946,1.2221426963806152,1.241708517074585,1.4545425176620483,1.2526302337646484,1.101662278175354,0.7540110945701599,0.6097900867462158,0.46815523505210876,0.6128895282745361,0.7974118590354919,1.0909616947174072,1.3835448026657104,1.6905497312545776,1.9914098978042603,1.1405768394470215,1.4313145875930786,1.4372217655181885,1.6643859148025513,1.4593864679336548,1.3691956996917725,1.1087839603424072,1.0211939811706543,0.9339643120765686,1.0293216705322266,1.1499158143997192,1.3658729791641235,1.63554048538208,1.8807220458984375,2.1853065490722656,1.5108263492584229,1.7598692178726196,1.732951045036316,1.9788609743118286,1.7807865142822266,1.7461410760879517,1.5475261211395264,1.4887464046478271,1.4254976511001587,1.5064746141433716,1.5818018913269043,1.7359750270843506,1.9782240390777588,2.098717451095581,2.413839101791382
B10,1.6513830423355103,1.9045147895812988,1.8831573724746704,1.9063434600830078,1.6724300384521484,1.3401910066604614,1.1054391860961914,0.7724575996398926,0.6295214891433716,0.49551108479499817,0.6337074637413025,0.8491742014884949,1.1032735109329224,1.3970848321914673,1.6551008224487305,1.2234866619110107,1.5267888307571411,1.5495120286941528,1.7361998558044434,1.5590102672576904,1.3091635704040527,0.9578083157539368,0.6362149715423584,0.3829755485057831,0.0,0.3840204179286957,0.6593483090400696,0.9956042170524597,1.3020730018615723,1.6200429201126099,1.2179834842681885,1.5622836351394653,1.6168608665466309,1.8290001153945923,1.6157374382019043,1.417750597000122,1.0740256309509277,0.8223075270652771,0.6039832234382629,0.480759859085083,0.5930123925209045,0.7820873260498047,1.1012061834335327,1.367043137550354,1.6948593854904175,1.4019696712493896,1.7320889234542847,1.7788509130477905,2.0057570934295654,1.7891982793807983,1.6430633068084717,1.3560960292816162,1.1716896295547485,1.007096767425537,0.9577013850212097,1.0019968748092651,1.1200891733169556,1.3786839246749878,1.574341893196106,1.892878770828247,1.7171436548233032,2.0105555057525635,2.024747371673584,2.274454116821289,2.0640528202056885,1.9751006364822388,1.7371909618377686,1.6019924879074097,1.4747971296310425,1.4612388610839844,1.4678698778152466,1.545019507408142,1.7517093420028687,1.8202807903289795,2.1231069564819336
B11,1.7687140703201294,2.0553700923919678,2.0974392890930176,2.165052890777588,1.9705018997192383,1.6701786518096924,1.3954200744628906,1.0837613344192505,0.8315973281860352,0.6267958879470825,0.5083400011062622,0.6328930258750916,0.7829489707946777,1.0837985277175903,1.301040530204773,1.229600191116333,1.5762429237365723,1.6896084547042847,1.9278655052185059,1.8150262832641602,1.6125099658966064,1.2424432039260864,0.9703964591026306,0.6283624768257141,0.3840204179286957,0.0,0.3859907388687134,0.6439566016197205,0.9870979189872742,1.2745286226272583,1.214782953262329,1.5875145196914673,1.7315105199813843,1.9944813251495361,1.8442729711532593,1.6835393905639648,1.3115639686584473,1.0888726711273193,0.7691471576690674,0.6302400231361389,0.47878482937812805,0.6225959062576294,0.8350920081138611,1.113986611366272,1.4023399353027344,1.3890202045440674,1.7363516092300415,1.8650630712509155,2.1433615684509277,1.9839743375778198,1.8652222156524658,1.536203384399414,1.3629493713378906,1.108005404472351,1.0482958555221558,0.9542405009269714,1.0492254495620728,1.210833191871643,1.4024568796157837,1.672993540763855,1.6993101835250854,1.9985486268997192,2.0854849815368652,2.381629467010498,2.22196626663208,2.154094696044922,1.8714977502822876,1.7435531616210938,1.5437675714492798,1.5301780700683594,1.450133204460144,1.5272085666656494,1.6603145599365234,1.7375744581222534,1.995089054107666
B12,2.0769083499908447,2.3873589038848877,2.4203741550445557,2.5025391578674316,2.285130739212036,1.9734848737716675,1.6971876621246338,1.3550128936767578,1.1215181350708008,0.8123225569725037,0.658578097820282,0.5264140367507935,0.6396459341049194,0.8261210918426514,1.0660535097122192,1.5767822265625,1.9362374544143677,2.0588150024414062,2.3054521083831787,2.17913556098938,1.9594733715057373,1.5948197841644287,1.2937732934951782,0.9867367148399353,0.6593483090400696,0.3859907388687134,0.0,0.38560613989830017,0.6442291736602783,0.9798040390014648,1.584399700164795,1.9597622156143188,2.116565227508545,2.3789923191070557,2.219614267349243,2.0364575386047363,1.6705061197280884,1.409799575805664,1.095490574836731,0.8508813977241516,0.6175922155380249,0.495112806558609,0.6330659985542297,0.8077116012573242,1.1169604063034058,1.7328633069992065,2.0897741317749023,2.238394260406494,2.5146546363830566,2.3485636711120605,2.2011778354644775,1.8659672737121582,1.6473809480667114,1.3654544353485107,1.210198163986206,1.0338563919067383,0.9861680269241333,1.071085810661316,1.1675068140029907,1.4276667833328247,1.9989309310913086,2.316927194595337,2.4301817417144775,2.7262086868286133,2.561371326446533,2.461890935897827,2.160496473312378,1.9871087074279785,1.7480847835540771,1.6597243547439575,1.5083812475204468,1.496460199356079,1.5568480491638184,1.5641839504241943,1.779180645942688
B13,2.282597064971924,2.6016194820404053,2.680901527404785,2.7836782932281494,2.5977261066436768,2.304521322250366,2.013857364654541,1.6928060054779053,1.4184314012527466,1.1333725452423096,0.8774623870849609,0.6769002079963684,0.5467576384544373,0.6501766443252563,0.768917441368103,1.7085485458374023,2.0745458602905273,2.256371021270752,2.5256187915802,2.445465087890625,2.25386905670166,1.8840341567993164,1.6105353832244873,1.2705484628677368,0.9956042170524597,0.6439566016197205,0.38560613989830017,0.0,0.38054147362709045,0.6309067606925964,1.6865328550338745,2.059907913208008,2.2769367694854736,2.564373254776001,2.4529693126678467,2.2931902408599854,1.9145532846450806,1.6769700050354004,1.324352502822876,1.109899878501892,0.7798634767532349,0.6252009868621826,0.5017188191413879,0.6440650224685669,0.8483922481536865,1.798629641532898,2.1523447036743164,2.361018657684326,2.666259288787842,2.545988082885742,2.4179248809814453,2.05951189994812,1.856610894203186,1.5296716690063477,1.3861443996429443,1.1229498386383057,1.0603084564208984,1.0084105730056763,1.0872976779937744,1.254085898399353,2.0326106548309326,2.3450751304626465,2.516972064971924,2.8413989543914795,2.7199971675872803,2.6367082595825195,2.306652307510376,2.1450743675231934,1.8593249320983887,1.779137372970581,1.562846064567566,1.5566010475158691,1.534295916557312,1.5582046508789062,1.7066841125488281
