,A1,A2,A3,A4,A5,A6,A7,A8,A9,A10,A11,A12,A13,A14,A15,B1,B2,B3,B4,B5,B6,B7,B8,B9,B10,B11,B12,B13,B14,B15,C1,C2,C3,C4,C5,C6,C7,C8,C9,C10,C11,C12,C13,C14,C15,D1,D2,D3,D4,D5,D6,D7,D8,D9,D10,D11,D12,D13,D14,D15,E1,E2,E3,E4,E5,E6,E7,E8,E9,E10,E11,E12,E13,E14,E15
A1,0.0,0.4026143252849579,0.5880446434020996,0.8934451341629028,1.0978960990905762,1.4138872623443604,1.3341079950332642,1.6848448514938354,1.7471905946731567,2.093592405319214,2.2390663623809814,2.590198278427124,2.7487897872924805,3.069723129272461,3.268953800201416,1.281548261642456,1.0791232585906982,0.9372578263282776,1.127756953239441,1.225447654724121,1.5802204608917236,1.6022483110427856,1.9158315658569336,2.0428969860076904,2.3443398475646973,2.522486925125122,2.8385634422302246,3.0363259315490723,3.331193685531616,3.5360968112945557,1.7540146112442017,1.7151455879211426,1.5320560932159424,1.7188189029693604,1.6793032884597778,1.9674150943756104,1.997388482093811,2.2431869506835938,2.391026020050049,2.6455366611480713,2.842661142349243,3.1123225688934326,3.342008113861084,3.5924596786499023,3.8255081176757812,2.2552871704101562,2.268425226211548,2.0796000957489014,2.254255771636963,2.1645641326904297,2.410144805908203,2.442089080810547,2.634512424468994,2.7809574604034424,2.9929587841033936,3.1972010135650635,3.4172754287719727,3.6800103187561035,3.878274917602539,4.160219192504883,2.7993671894073486,2.832139253616333,2.628650188446045,2.80021333694458,2.70127010345459,2.9232912063598633,2.96156644821167,3.1101717948913574,3.2339115142822266,3.391522169113159,3.576493263244629,3.72365665435791,4.007633686065674,4.057185649871826,4.400824069976807
A2,0.4026143252849579,0.0,0.38900527358055115,0.6470617055892944,0.9113397002220154,1.2777832746505737,1.3128293752670288,1.686288595199585,1.8276852369308472,2.1859183311462402,2.382187604904175,2.7439680099487305,2.9376161098480225,3.266383171081543,3.4854836463928223,1.5137794017791748,1.278774380683899,1.021903395652771,1.0623292922973633,1.0964471101760864,1.4433538913726807,1.5602368116378784,1.8756730556488037,2.0733518600463867,2.3827922344207764,2.6090967655181885,2.9369709491729736,3.1687419414520264,3.474992513656616,3.701852321624756,1.898815393447876,1.8146319389343262,1.5561326742172241,1.6465877294540405,1.5628952980041504,1.8314062356948853,1.9316128492355347,2.171525239944458,2.3799238204956055,2.639004945755005,2.8806517124176025,3.1615042686462402,3.4234371185302734,3.687615394592285,3.942138195037842,2.3397574424743652,2.320711135864258,2.0724337100982666,2.1745681762695312,2.048333168029785,2.2716221809387207,2.357550859451294,2.5404129028320312,2.7371811866760254,2.948618173599243,3.192593812942505,3.419767141342163,3.7115869522094727,3.9237632751464844,4.223251819610596,2.834261417388916,2.849541187286377,2.5989551544189453,2.713820695877075,2.582838773727417,2.7833714485168457,2.8633482456207275,2.9993324279785156,3.1627883911132812,3.3142573833465576,3.533125877380371,3.679414749145508,3.9885365962982178,4.042964458465576,4.401378154754639
A3,0.5880446434020996,0.38900527358055115,0.0,0.38947802782058716,0.5415465831756592,0.9100915789604187,0.9543930888175964,1.322658896446228,1.50069260597229,1.8495924472808838,2.078218460083008,2.4358813762664795,2.659048557281494,2.9824330806732178,3.2232704162597656,1.4212490320205688,1.2594226598739624,0.9651142954826355,0.9754855632781982,0.8817779421806335,1.1603785753250122,1.2559196949005127,1.5385322570800781,1.7557957172393799,2.0445635318756104,2.2938287258148193,2.6122002601623535,2.867649555206299,3.1668860912323,3.4147658348083496,1.7965680360794067,1.7676347494125366,1.4884024858474731,1.5683313608169556,1.4039084911346436,1.6041313409805298,1.6727375984191895,1.8688124418258667,2.079585075378418,2.3107709884643555,2.564666509628296,2.8304224014282227,3.1094276905059814,3.3637733459472656,3.636068820953369,2.2186572551727295,2.249868392944336,1.9928086996078491,2.08847975730896,1.905302882194519,2.071428060531616,2.125417470932007,2.2655088901519775,2.452441930770874,2.632859706878662,2.878727436065674,3.0859529972076416,3.3875343799591064,3.5871834754943848,3.8990626335144043,2.694291114807129,2.755553722381592,2.5027916431427,2.614532232284546,2.4409313201904297,2.596095085144043,2.6450037956237793,2.7436649799346924,2.8890955448150635,3.0103185176849365,3.2199511528015137,3.343787431716919,3.6510329246520996,3.6888740062713623,4.047552585601807
A4,0.8934451341629028,0.6470617055892944,0.38947802782058716,0.0,0.3838174641132355,0.6975477337837219,0.849902868270874,1.2191824913024902,1.4346697330474854,1.7978713512420654,2.0423569679260254,2.412301540374756,2.6420395374298096,2.9825384616851807,3.2192320823669434,1.4333957433700562,1.257719874382019,0.892569363117218,0.7495313882827759,0.5664672255516052,0.8327391147613525,1.0208638906478882,1.319541573524475,1.584014892578125,1.8956458568572998,2.1691765785217285,2.5079264640808105,2.774186611175537,3.095262050628662,3.343808174133301,1.6812183856964111,1.620134711265564,1.2884103059768677,1.2852872610092163,1.0741660594940186,1.2529698610305786,1.3750349283218384,1.5819637775421143,1.837496280670166,2.090670585632324,2.3726401329040527,2.6621389389038086,2.9547078609466553,3.2349672317504883,3.5094683170318604,2.024353504180908,2.035351276397705,1.7382851839065552,1.7800967693328857,1.5650540590286255,1.7119871377944946,1.7991759777069092,1.9435869455337524,2.167076349258423,2.3641319274902344,2.6378369331359863,2.8674702644348145,3.18330454826355,3.409860372543335,3.7227611541748047,2.444028377532959,2.497072219848633,2.215156316757202,2.289595127105713,2.0923330783843994,2.232456684112549,2.303537368774414,2.402445077896118,2.5758042335510254,2.7079594135284424,2.9445595741271973,3.0863759517669678,3.4124157428741455,3.4752399921417236,3.8440260887145996
A5,1.0978960990905762,0.9113397002220154,0.5415465831756592,0.3838174641132355,0.0,0.3986281156539917,0.6006984710693359,0.9342144727706909,1.2110754251480103,1.538644790649414,1.826475739479065,2.1762757301330566,2.443777561187744,2.763568878173828,3.0294177532196045,1.5133551359176636,1.4302459955215454,1.0977295637130737,0.99076247215271,0.6925856471061707,0.774808943271637,0.8987922668457031,1.1111630201339722,1.3987576961517334,1.659582495689392,1.9613858461380005,2.272704839706421,2.568951368331909,2.8675994873046875,3.1442105770111084,1.778428077697754,1.7910760641098022,1.4765100479125977,1.483503818511963,1.2017532587051392,1.2654345035552979,1.3243426084518433,1.4443727731704712,1.6915732622146606,1.8873177766799927,2.180180549621582,2.4352238178253174,2.7484822273254395,3.002720594406128,3.301393508911133,2.109682083129883,2.183133125305176,1.9001587629318237,1.9449121952056885,1.6780825853347778,1.7425532341003418,1.777631402015686,1.849977731704712,2.0489611625671387,2.1891608238220215,2.458327293395996,2.648223876953125,2.9746315479278564,3.1723265647888184,3.5030012130737305,2.5104222297668457,2.6176865100860596,2.3482789993286133,2.42417049407959,2.18579363822937,2.264585256576538,2.2904844284057617,2.3325400352478027,2.473560333251953,2.5546679496765137,2.770925283432007,2.871293067932129,3.1896109580993652,3.2181098461151123,3.584324598312378
A6,1.4138872623443604,1.2777832746505737,0.9100915789604187,0.6975477337837219,0.3986281156539917,0.0,0.388802170753479,0.6269260048866272,0.949408769607544,1.2540502548217773,1.5624792575836182,1.9041883945465088,2.186431884765625,2.5058913230895996,2.776130437850952,1.502091884613037,1.490331768989563,1.181471347808838,1.0509511232376099,0.6823692917823792,0.545127809047699,0.6069474816322327,0.7379740476608276,1.0602550506591797,1.3023384809494019,1.6279336214065552,1.9367564916610718,2.248788595199585,2.5503764152526855,2.8357505798339844,1.678554892539978,1.738499402999878,1.4369630813598633,1.4269006252288818,1.090775728225708,1.0386759042739868,1.034205675125122,1.0854778289794922,1.3327347040176392,1.5038903951644897,1.8112337589263916,2.062199831008911,2.388364315032959,2.646106719970703,2.9529786109924316,1.9408762454986572,2.0598201751708984,1.7880483865737915,1.8248291015625,1.5179290771484375,1.5080980062484741,1.4898059368133545,1.5104089975357056,1.690621256828308,1.8040119409561157,2.07493257522583,2.2566888332366943,2.5900659561157227,2.789419651031494,3.1245977878570557,2.290485382080078,2.4414992332458496,2.1842100620269775,2.2584846019744873,1.9898135662078857,2.018711566925049,1.999343752861023,2.0046286582946777,2.1194710731506348,2.177140474319458,2.3836710453033447,2.474538564682007,2.7925708293914795,2.8216161727905273,3.1895806789398193
A7,1.3341079950332642,1.3128293752670288,0.9543930888175964,0.849902868270874,0.6006984710693359,0.388802170753479,0.0,0.3803606331348419,0.6114447712898254,0.9530106782913208,1.2296733856201172,1.585267424583435,1.8488845825195312,2.174107551574707,2.436469793319702,1.2123372554779053,1.278899073600769,1.0494052171707153,1.0471892356872559,0.7637590765953064,0.6946983337402344,0.5158793330192566,0.6509405970573425,0.8488581776618958,1.0973732471466064,1.375133991241455,1.6854712963104248,1.9725494384765625,2.2717230319976807,2.5443801879882812,1.4529789686203003,1.5845980644226074,1.3505125045776367,1.4465049505233765,1.1647101640701294,1.1573443412780762,1.0297435522079468,1.0909435749053955,1.2301886081695557,1.3956505060195923,1.6444872617721558,1.8861929178237915,2.1811439990997314,2.427546977996826,2.7183194160461426,1.7761831283569336,1.948901653289795,1.738276481628418,1.8596739768981934,1.596606969833374,1.6229580640792847,1.5237220525741577,1.5587193965911865,1.6568492650985718,1.769387125968933,1.982843041419983,2.155251979827881,2.454908609390259,2.6379551887512207,2.957742691040039,2.1844160556793213,2.3678319454193115,2.1623945236206055,2.3040785789489746,2.073272705078125,2.13167405128479,2.054694175720215,2.077298402786255,2.1325578689575195,2.1974925994873047,2.353952407836914,2.4450507164001465,2.7297396659851074,2.7513322830200195,3.102984666824341
A8,1.6848448514938354,1.686288595199585,1.322658896446228,1.2191824913024902,0.9342144727706909,0.6269260048866272,0.3803606331348419,0.0,0.38210269808769226,0.6283951997756958,0.956217348575592,1.2814337015151978,1.5806727409362793,1.8861619234085083,2.1693148612976074,1.3788373470306396,1.5264391899108887,1.3514947891235352,1.3571064472198486,1.0697959661483765,0.8793348073959351,0.6015390157699585,0.493939608335495,0.6261565685272217,0.7706755995750427,1.0725399255752563,1.3499293327331543,1.6654043197631836,1.945610761642456,2.2414743900299072,1.5627479553222656,1.7569739818572998,1.5660628080368042,1.6617364883422852,1.365783929824829,1.260923147201538,1.0448448657989502,0.9816209673881531,1.0459686517715454,1.1203715801239014,1.3563679456710815,1.555701732635498,1.863905429840088,2.0868186950683594,2.395961284637451,1.8249647617340088,2.0558888912200928,1.8809665441513062,2.0049612522125244,1.7243667840957642,1.676910400390625,1.505537748336792,1.4608241319656372,1.4916571378707886,1.5333240032196045,1.7150886058807373,1.842495322227478,2.1400346755981445,2.2955241203308105,2.625412702560425,2.1820013523101807,2.4190003871917725,2.2450289726257324,2.392181873321533,2.1431236267089844,2.146172523498535,2.0081145763397217,1.9769021272659302,1.973690390586853,1.9872548580169678,2.1011247634887695,2.1534531116485596,2.4172797203063965,2.411609411239624,2.7555315494537354
A9,1.7471905946731567,1.8276852369308472,1.50069260597229,1.4346697330474854,1.2110754251480103,0.949408769607544,0.6114447712898254,0.38210269808769226,0.0,0.3897918462753296,0.620073139667511,0.9836822152137756,1.2410306930541992,1.5704011917114258,1.8301161527633667,1.1747839450836182,1.4053175449371338,1.3277199268341064,1.4179718494415283,1.217470645904541,1.0821459293365479,0.711492121219635,0.6254000067710876,0.5010215044021606,0.6376920342445374,0.8243133425712585,1.114940881729126,1.3807377815246582,1.6726912260055542,1.9403972625732422,1.358965277671814,1.6209605932235718,1.5125967264175415,1.684821605682373,1.4536328315734863,1.3897581100463867,1.0944167375564575,1.0586552619934082,0.9892978668212891,1.0649241209030151,1.202804684638977,1.3992979526519775,1.6525616645812988,1.8745710849761963,2.151461362838745,1.6422988176345825,1.9223170280456543,1.817345380783081,2.0093464851379395,1.7813947200775146,1.769622564315796,1.5368517637252808,1.5200214385986328,1.466623306274414,1.521728754043579,1.6296817064285278,1.7589895725250244,2.004899263381958,2.1543877124786377,2.4537975788116455,2.033046245574951,2.2972631454467773,2.1809799671173096,2.385932445526123,2.1815807819366455,2.215604305267334,2.0311038494110107,2.027981758117676,1.9704780578613281,2.0062594413757324,2.0692381858825684,2.1378331184387207,2.3619601726531982,2.366832733154297,2.687835454940796
A10,2.093592405319214,2.1859183311462402,1.8495924472808838,1.7978713512420654,1.538644790649414,1.2540502548217773,0.9530106782913208,0.6283951997756958,0.3897918462753296,0.0,0.3772607445716858,0.6546307802200317,0.9765948057174683,1.2615101337432861,1.5581387281417847,1.4797337055206299,1.752431035041809,1.7080687284469604,1.8029735088348389,1.5927810668945312,1.410590410232544,1.04512619972229,0.8412209749221802,0.6364060044288635,0.5136571526527405,0.6324476003646851,0.8144832253456116,1.1094826459884644,1.351935625076294,1.6540181636810303,1.6365212202072144,1.9351359605789185,1.8615291118621826,2.0303194522857666,1.794464111328125,1.6766510009765625,1.3506932258605957,1.221572995185852,1.0690349340438843,1.005461573600769,1.069846510887146,1.165717363357544,1.411171555519104,1.5745760202407837,1.871607780456543,1.8671537637710571,2.1860949993133545,2.1159112453460693,2.3065197467803955,2.0729899406433105,2.009474515914917,1.733356237411499,1.6471315622329712,1.5207046270370483,1.4846006631851196,1.5247583389282227,1.573588490486145,1.7927145957946777,1.8837953805923462,2.188704013824463,2.2036826610565186,2.5086259841918945,2.426501989364624,2.633427619934082,2.4210150241851807,2.409653902053833,2.177824020385742,2.1238789558410645,2.00351881980896,1.9782047271728516,1.976120114326477,1.9869918823242188,2.1649153232574463,2.122800827026367,2.4197256565093994
A11,2.2390663623809814,2.382187604904175,2.078218460083008,2.0423569679260254,1.826475739479065,1.5624792575836182,1.2296733856201172,0.956217348575592,0.620073139667511,0.3772607445716858,0.0,0.38761794567108154,0.6254217028617859,0.9538399577140808,1.2149242162704468,1.4309583902359009,1.7568225860595703,1.7928417921066284,1.9382054805755615,1.7922638654708862,1.6470764875411987,1.2552274465560913,1.0916692018508911,0.7784799933433533,0.6512290835380554,0.5283443331718445,0.6650571227073669,0.8491448760032654,1.1003165245056152,1.3571940660476685,1.5551469326019287,1.8990191221237183,1.9023202657699585,2.119904041290283,1.9411624670028687,1.8552653789520264,1.4940111637115479,1.3964792490005493,1.1548467874526978,1.0959177017211914,1.0322599411010742,1.104272484779358,1.2526929378509521,1.4049869775772095,1.649208664894104,1.774387240409851,2.127943277359009,2.126300096511841,2.3652422428131104,2.182093381881714,2.147475242614746,1.8344091176986694,1.7761330604553223,1.5842148065567017,1.5635871887207031,1.5227571725845337,1.5699107646942139,1.7146588563919067,1.7952477931976318,2.0521316528320312,2.1169021129608154,2.441012382507324,2.417656421661377,2.669022560119629,2.500729560852051,2.5150258541107178,2.249953508377075,2.2231831550598145,2.0582540035247803,2.056645631790161,2.004848003387451,2.0345795154571533,2.163788318634033,2.138329267501831,2.40086030960083
A12,2.590198278427124,2.7439680099487305,2.4358813762664795,2.412301540374756,2.1762757301330566,1.9041883945465088,1.585267424583435,1.2814337015151978,0.9836822152137756,0.6546307802200317,0.38761794567108154,0.0,0.38187500834465027,0.608947217464447,0.9211723208427429,1.7767447233200073,2.1191253662109375,2.1750969886779785,2.325286388397217,2.173832893371582,2.007591962814331,1.6210905313491821,1.4147727489471436,1.1011608839035034,0.866121768951416,0.653963565826416,0.5425047874450684,0.6585370302200317,0.7916509509086609,1.0757238864898682,1.886353611946106,2.244641065597534,2.2718772888183594,2.4881298542022705,2.309375524520874,2.1965277194976807,1.8262337446212769,1.6828768253326416,1.4051319360733032,1.2560456991195679,1.1082746982574463,1.0466406345367432,1.1256853342056274,1.1740386486053467,1.4126039743423462,2.0653457641601562,2.4371066093444824,2.463714361190796,2.7019612789154053,2.5206027030944824,2.456500291824341,2.121593952178955,2.021977424621582,1.7819888591766357,1.693358302116394,1.5794498920440674,1.540267825126648,1.622145652770996,1.6225966215133667,1.8592239618301392,2.3587350845336914,2.706223726272583,2.7143585681915283,2.967522621154785,2.8002049922943115,2.785400629043579,2.4894025325775146,2.4287760257720947,2.2150771617889404,2.1663222312927246,2.0494544506073,2.0258142948150635,2.0892488956451416,2.0170931816101074,2.232778549194336
A13,2.7487897872924805,2.9376161098480225,2.659048557281494,2.6420395374298096,2.443777561187744,2.186431884765625,1.8488845825195312,1.5806727409362793,1.2410306930541992,0.9765948057174683,0.6254217028617859,0.38187500834465027,0.0,0.38721850514411926,0.589762270450592,1.8010661602020264,2.1671900749206543,2.284179449081421,2.466926336288452,2.3682126998901367,2.2336390018463135,1.8376072645187378,1.6697804927825928,1.31474769115448,1.126467227935791,0.8201026916503906,0.6940890550613403,0.5755227208137512,0.6797455549240112,0.8410502076148987,1.8684741258621216,2.2469122409820557,2.338277816772461,2.5876195430755615,2.460012197494507,2.3780815601348877,1.9938143491744995,1.8869158029556274,1.5670053958892822,1.449781060218811,1.2236764430999756,1.1613502502441406,1.1148182153701782,1.1479631662368774,1.2854293584823608,2.0241386890411377,2.4105801582336426,2.4974048137664795,2.771195411682129,2.6379528045654297,2.603616714477539,2.2508907318115234,2.184645175933838,1.908260703086853,1.8495793342590332,1.6800200939178467,1.6556658744812012,1.6583136320114136,1.6576083898544312,1.8218518495559692,2.3105175495147705,2.6628477573394775,2.7249317169189453,3.012782573699951,2.8896167278289795,2.9021694660186768,2.5881009101867676,2.5591623783111572,2.3195176124572754,2.302886724472046,2.1541624069213867,2.160236358642578,2.181914806365967,2.1402997970581055,2.3173022270202637
A14,3.069723129272461,3.266383171081543,2.9824330806732178,2.9825384616851807,2.763568878173828,2.5058913230895996,2.174107551574707,1.8861619234085083,1.5704011917114258,1.2615101337432861,0.9538399577140808,0.608947217464447,0.38721850514411926,0.0,0.3720119893550873,2.1629765033721924,2.5335583686828613,2.6558775901794434,2.8439552783966064,2.73380708694458,2.5875353813171387,2.1945948600769043,2.001218795776367,1.6604037284851074,1.4229460954666138,1.1268945932388306,0.8879973888397217,0.7230866551399231,0.5935387015342712,0.7261691093444824,2.248121500015259,2.6289432048797607,2.72512149810791,2.973191022872925,2.8375625610351562,2.7394468784332275,2.3550968170166016,2.219064712524414,1.8958133459091187,1.7269207239151,1.477860689163208,1.3232476711273193,1.2227227687835693,1.125938057899475,1.2284034490585327,2.3936033248901367,2.783341407775879,2.879333257675171,3.1494178771972656,3.010956048965454,2.957113742828369,2.5980024337768555,2.5025649070739746,2.2088074684143066,2.101909875869751,1.8954248428344727,1.7999626398086548,1.7504926919937134,1.6632450819015503,1.7935593128204346,2.6518125534057617,3.0126888751983643,3.0890614986419678,3.3735015392303467,3.2463982105255127,3.237734794616699,2.9096407890319824,2.8536856174468994,2.588247537612915,2.53216290473938,2.340822696685791,2.2968461513519287,2.26116681098938,2.1702990531921387,2.292287588119507
A15,3.268953800201416,3.4854836463928223,3.2232704162597656,3.2192320823669434,3.0294177532196045,2.776130437850952,2.436469793319702,2.1693148612976074,1.8301161527633667,1.5581387281417847,1.2149242162704468,0.9211723208427429,0.589762270450592,0.3720119893550873,0.0,2.2651216983795166,2.642350435256958,2.8050289154052734,3.007972478866577,2.93597674369812,2.8074235916137695,2.411790370941162,2.241788864135742,1.8767904043197632,1.6700693368911743,1.3312623500823975,1.1122791767120361,0.8307681083679199,0.6859917044639587,0.6023997664451599,2.2988080978393555,2.683696985244751,2.827726125717163,3.0922203063964844,2.996464252471924,2.9169540405273438,2.5258564949035645,2.414229154586792,2.064873218536377,1.9206403493881226,1.6263728141784668,1.4828922748565674,1.2922966480255127,1.191870093345642,1.1736695766448975,2.4064528942108154,2.7988154888153076,2.9427812099456787,3.2333433628082275,3.1341493129730225,3.099357843399048,2.729238271713257,2.65781831741333,2.339341878890991,2.2563910484313965,2.0118682384490967,1.9333527088165283,1.8196570873260498,1.739205241203308,1.7922333478927612,2.6385746002197266,2.9980666637420654,3.1204984188079834,3.4270222187042236,3.337066650390625,3.3467652797698975,3.005807638168335,2.9741194248199463,2.6897671222686768,2.6601812839508057,2.4459068775177,2.4296905994415283,2.360517740249634,2.303720235824585,2.39028263092041
B1,1.281548261642456,1.5137794017791748,1.4212490320205688,1.4333957433700562,1.5133551359176636,1.502091884613037,1.2123372554779053,1.3788373470306396,1.1747839450836182,1.4797337055206299,1.4309583902359009,1.7767447233200073,1.8010661602020264,2.1629765033721924,2.2651216983795166,0.0,0.3823374807834625,0.6606709957122803,1.010624647140503,1.1866607666015625,1.4006496667861938,1.173941731452942,1.4378689527511597,1.3241113424301147,1.6313695907592773,1.6440743207931519,1.9706944227218628,2.0485944747924805,2.3761579990386963,2.491093873977661,0.6148468255996704,0.8160296082496643,0.89924156665802,1.2868748903274536,1.3439037799835205,1.5919631719589233,1.4092050790786743,1.6655384302139282,1.6196208000183105,1.8955873250961304,1.9555426836013794,2.242204427719116,2.3662259578704834,2.6434147357940674,2.791825532913208,1.18236243724823,1.3430118560791016,1.3420379161834717,1.6875718832015991,1.6814589500427246,1.928948998451233,1.7877984046936035,2.0073070526123047,2.001546859741211,2.245600461959839,2.3377394676208496,2.5849456787109375,2.7562828063964844,2.9767346382141113,3.1844377517700195,1.7825902700424194,1.9033972024917603,1.8438730239868164,2.153925657272339,2.1275739669799805,2.3685009479522705,2.2699246406555176,2.455339193344116,2.4654970169067383,2.6668894290924072,2.7686245441436768,2.9639360904693604,3.1855342388153076,3.2884249687194824,3.592819929122925
B2,1.0791232585906982,1.278774380683899,1.2594226598739624,1.257719874382019,1.4302459955215454,1.490331768989563,1.278899073600769,1.5264391899108887,1.4053175449371338,1.752431035041809,1.7568225860595703,2.1191253662109375,2.1671900749206543,2.5335583686828613,2.642350435256958,0.3823374807834625,0.0,0.39262035489082336,0.7677575945854187,1.0418256521224976,1.347007155418396,1.2267236709594727,1.5554120540618896,1.5248881578445435,1.8706116676330566,1.9329975843429565,2.281360387802124,2.382924795150757,2.7233519554138184,2.845874071121216,0.7093019485473633,0.7101855874061584,0.7159351110458374,1.0909661054611206,1.2018237113952637,1.5270695686340332,1.4384098052978516,1.7485008239746094,1.7776702642440796,2.091993808746338,2.198988914489746,2.5125668048858643,2.6609034538269043,2.9584908485412598,3.115800142288208,1.2440401315689087,1.2917661666870117,1.2273427248001099,1.5424641370773315,1.5637558698654175,1.8663077354431152,1.8025860786437988,2.0644023418426514,2.1248350143432617,2.402782678604126,2.5401060581207275,2.8142573833465576,3.010715961456299,3.2553696632385254,3.4721946716308594,1.832617998123169,1.880139946937561,1.7703239917755127,2.0487375259399414,2.0375921726226807,2.315964937210083,2.2817862033843994,2.4973044395446777,2.564406394958496,2.791555643081665,2.937831401824951,3.1535308361053467,3.4044694900512695,3.524914264678955,3.8460335731506348
B3,0.9372578263282776,1.021903395652771,0.9651142954826355,0.892569363117218,1.0977295637130737,1.181471347808838,1.0494052171707153,1.3514947891235352,1.3277199268341064,1.7080687284469604,1.7928417921066284,2.1750969886779785,2.284179449081421,2.6558775901794434,2.8050289154052734,0.6606709957122803,0.39262035489082336,0.0,0.40376946330070496,0.6739968061447144,1.0263270139694214,0.9948508739471436,1.3595972061157227,1.4248744249343872,1.791542410850525,1.9279279708862305,2.293239116668701,2.450972080230713,2.80066180229187,2.9633302688598633,0.8832051753997803,0.8139653205871582,0.6120835542678833,0.8797925710678101,0.913735568523407,1.24989652633667,1.2330238819122314,1.5519331693649292,1.6624410152435303,1.9862314462661743,2.157589912414551,2.4836249351501465,2.682098627090454,2.990548610687256,3.1850836277008057,1.3302651643753052,1.3444031476974487,1.1648530960083008,1.393779993057251,1.3455125093460083,1.6325068473815918,1.6237248182296753,1.8768538236618042,2.000258207321167,2.276273250579834,2.4664268493652344,2.7450835704803467,2.9840569496154785,3.2387285232543945,3.4858007431030273,1.8631964921951294,1.901867389678955,1.7154884338378906,1.9287679195404053,1.8614675998687744,2.1164803504943848,2.123335599899292,2.320840358734131,2.4323723316192627,2.647810459136963,2.8335180282592773,3.042191505432129,3.3250131607055664,3.441861867904663,3.7836735248565674
B4,1.127756953239441,1.0623292922973633,0.9754855632781982,0.7495313882827759,0.99076247215271,1.0509511232376099,1.0471892356872559,1.3571064472198486,1.4179718494415283,1.8029735088348389,1.9382054805755615,2.325286388397217,2.466926336288452,2.8439552783966064,3.007972478866577,1.010624647140503,0.7677575945854187,0.40376946330070496,0.0,0.3953382074832916,0.7741541266441345,0.8884828686714172,1.2662596702575684,1.417223572731018,1.7970285415649414,1.9849244356155396,2.3634986877441406,2.5535411834716797,2.9167678356170654,3.09712815284729,1.0500564575195312,0.9011024236679077,0.5496333241462708,0.6083568334579468,0.5785238742828369,0.9444669485092163,1.0388284921646118,1.3776601552963257,1.569392204284668,1.9119209051132202,2.1349759101867676,2.4804186820983887,2.7108471393585205,3.040043592453003,3.25205397605896,1.349652886390686,1.3071917295455933,1.0251065492630005,1.142227053642273,1.0405744314193726,1.3251632452011108,1.3924907445907593,1.6558837890625,1.848271369934082,2.1393203735351562,2.3783249855041504,2.675701379776001,2.944627523422241,3.2232775688171387,3.4837708473205566,1.7892934083938599,1.8005660772323608,1.5439026355743408,1.6831938028335571,1.5745878219604492,1.8175851106643677,1.878138542175293,2.0755362510681152,2.240647077560425,2.463343858718872,2.6934196949005127,2.91361927986145,3.226252317428589,3.3605151176452637,3.7180838584899902
B5,1.225447654724121,1.0964471101760864,0.8817779421806335,0.5664672255516052,0.6925856471061707,0.6823692917823792,0.7637590765953064,1.0697959661483765,1.217470645904541,1.5927810668945312,1.7922638654708862,2.173832893371582,2.3682126998901367,2.73380708694458,2.93597674369812,1.1866607666015625,1.0418256521224976,0.6739968061447144,0.3953382074832916,0.0,0.417776495218277,0.6179139018058777,0.9752545356750488,1.2095587253570557,1.5685245990753174,1.8154176473617554,2.184117555618286,2.422555446624756,2.775174379348755,2.994503974914551,1.2474884986877441,1.1822353601455688,0.8272623419761658,0.7924479246139526,0.5372790694236755,0.7459381818771362,0.852218747138977,1.1276930570602417,1.374725341796875,1.682874321937561,1.9523227214813232,2.2811036109924316,2.5529003143310547,2.86995005607605,3.117971181869507,1.5013904571533203,1.5200949907302856,1.2150288820266724,1.2642498016357422,1.0387250185012817,1.2038897275924683,1.263033390045166,1.4534556865692139,1.6705777645111084,1.9170479774475098,2.1856424808502197,2.4576191902160645,2.758111000061035,3.0222818851470947,3.3114078044891357,1.8849501609802246,1.9503439664840698,1.6723706722259521,1.765402913093567,1.571533203125,1.728640079498291,1.7741851806640625,1.9065182209014893,2.073706865310669,2.2484068870544434,2.487687826156616,2.6740310192108154,3.0000221729278564,3.1091017723083496,3.4764244556427
B6,1.5802204608917236,1.4433538913726807,1.1603785753250122,0.8327391147613525,0.774808943271637,0.545127809047699,0.6946983337402344,0.8793348073959351,1.0821459293365479,1.410590410232544,1.6470764875411987,2.007591962814331,2.2336390018463135,2.5875353813171387,2.8074235916137695,1.4006496667861938,1.347007155418396,1.0263270139694214,0.7741541266441345,0.417776495218277,0.0,0.3981870710849762,0.6562668085098267,0.96543949842453,1.292478322982788,1.5825695991516113,1.939249038696289,2.209625720977783,2.5571115016937256,2.7987303733825684,1.380197525024414,1.3775581121444702,1.0477681159973145,0.9499046802520752,0.5789403319358826,0.5051138401031494,0.5818021893501282,0.7659533023834229,1.0685962438583374,1.3471214771270752,1.6566568613052368,1.9766589403152466,2.2780745029449463,2.594061851501465,2.863593578338623,1.5276672840118408,1.6012955904006958,1.2980620861053467,1.292606234550476,0.9736078381538391,0.986904501914978,1.005027174949646,1.1123254299163818,1.3458378314971924,1.5556715726852417,1.8504263162612915,2.109370708465576,2.432814359664917,2.6962618827819824,3.001086711883545,1.8176325559616089,1.9385566711425781,1.6578903198242188,1.7142051458358765,1.4491870403289795,1.5105881690979004,1.5178701877593994,1.585313320159912,1.7443838119506836,1.8803719282150269,2.1271297931671143,2.2945284843444824,2.6317076683044434,2.7348241806030273,3.108694314956665
B7,1.6022483110427856,1.5602368116378784,1.2559196949005127,1.0208638906478882,0.8987922668457031,0.6069474816322327,0.5158793330192566,0.6015390157699585,0.711492121219635,1.04512619972229,1.2552274465560913,1.6210905313491821,1.8376072645187378,2.1945948600769043,2.411790370941162,1.173941731452942,1.2267236709594727,0.9948508739471436,0.8884828686714172,0.6179139018058777,0.3981870710849762,0.0,0.3791828155517578,0.6010488271713257,0.9523709416389465,1.216425895690918,1.579249620437622,1.8385746479034424,2.1856794357299805,2.4239468574523926,1.1790170669555664,1.2852107286453247,1.040776014328003,1.0762377977371216,0.7750506401062012,0.7039390802383423,0.5164276957511902,0.6503282785415649,0.825438380241394,1.0926616191864014,1.3594756126403809,1.6718323230743408,1.9560437202453613,2.2622592449188232,2.5260682106018066,1.3679872751235962,1.5341254472732544,1.3105827569961548,1.4071096181869507,1.1309189796447754,1.140127420425415,1.0142288208007812,1.0905559062957764,1.209341287612915,1.395613431930542,1.6335910558700562,1.8752673864364624,2.174321413040161,2.418935537338257,2.717050313949585,1.7078273296356201,1.8936878442764282,1.6802226305007935,1.8138139247894287,1.5786900520324707,1.6388683319091797,1.5503629446029663,1.6047048568725586,1.675865888595581,1.795595407485962,1.9814432859420776,2.1352975368499756,2.439793586730957,2.5271382331848145,2.887643575668335
B8,1.9158315658569336,1.8756730556488037,1.5385322570800781,1.319541573524475,1.1111630201339722,0.7379740476608276,0.6509405970573425,0.493939608335495,0.6254000067710876,0.8412209749221802,1.0916692018508911,1.4147727489471436,1.6697804927825928,2.001218795776367,2.241788864135742,1.4378689527511597,1.5554120540618896,1.3595972061157227,1.2662596702575684,0.9752545356750488,0.6562668085098267,0.3791828155517578,0.0,0.3881869614124298,0.6444423198699951,0.9693917632102966,1.3021583557128906,1.6027768850326538,1.9313865900039673,2.199389696121216,1.4180949926376343,1.5780407190322876,1.3731285333633423,1.390791416168213,1.0745974779129028,0.8684528470039368,0.6054214239120483,0.4879646897315979,0.6155251264572144,0.7789002060890198,1.0795931816101074,1.3589277267456055,1.6774773597717285,1.9661734104156494,2.2584052085876465,1.5343480110168457,1.7529281377792358,1.5609580278396606,1.6351954936981201,1.3306546211242676,1.2249491214752197,1.0260218381881714,0.968112587928772,1.0259509086608887,1.1196331977844238,1.3534995317459106,1.5525492429733276,1.8703643083572388,2.0940988063812256,2.4129018783569336,1.793447732925415,2.034597635269165,1.8466383218765259,1.9636893272399902,1.6942944526672363,1.6679922342300415,1.5166469812393188,1.4864426851272583,1.5008257627487183,1.5497053861618042,1.7057219743728638,1.8152674436569214,2.1144051551818848,2.1749937534332275,2.537310838699341
B9,2.0428969860076904,2.0733518600463867,1.7557957172393799,1.584014892578125,1.3987576961517334,1.0602550506591797,0.8488581776618958,0.6261565685272217,0.5010215044021606,0.6364060044288635,0.7784799933433533,1.1011608839035034,1.31474769115448,1.6604037284851074,1.8767904043197632,1.3241113424301147,1.5248881578445435,1.4248744249343872,1.417223572731018,1.2095587253570557,0.96543949842453,0.6010488271713257,0.3881869614124298,0.0,0.3866395950317383,0.61819988489151,0.9831922650337219,1.2462732791900635,1.5924277305603027,1.8380630016326904,1.2712750434875488,1.5117515325546265,1.4010887145996094,1.4996228218078613,1.2578043937683105,1.0974820852279663,0.737211287021637,0.6295943260192871,0.48866504430770874,0.6249130368232727,0.8109582662582397,1.0973392724990845,1.3708645105361938,1.6654011011123657,1.9327260255813599,1.3772820234298706,1.6663254499435425,1.559637427330017,1.7081294059753418,1.4640235900878906,1.3865323066711426,1.099247932434082,1.051540732383728,0.9666801691055298,1.050408959388733,1.1830999851226807,1.3768426179885864,1.642723560333252,1.8594765663146973,2.1525657176971436,1.6519949436187744,1.941581130027771,1.8260809183120728,2.0075275897979736,1.7862850427627563,1.7805722951889038,1.5590689182281494,1.544729232788086,1.4720865488052368,1.5288578271865845,1.6095986366271973,1.7259526252746582,1.9765506982803345,2.0419692993164062,2.380274534225464
B10,2.3443398475646973,2.3827922344207764,2.0445635318756104,1.8956458568572998,1.659582495689392,1.3023384809494019,1.0973732471466064,0.7706755995750427,0.6376920342445374,0.5136571526527405,0.6512290835380554,0.866121768951416,1.126467227935791,1.4229460954666138,1.6700693368911743,1.6313695907592773,1.8706116676330566,1.791542410850525,1.7970285415649414,1.5685245990753174,1.292478322982788,0.9523709416389465,0.6444423198699951,0.3866395950317383,0.0,0.3781966269016266,0.6610020399093628,0.9881634712219238,1.2951713800430298,1.5834425687789917,1.597460389137268,1.8682610988616943,1.7821155786514282,1.8769946098327637,1.6256476640701294,1.4175275564193726,1.0634348392486572,0.8420235514640808,0.621984601020813,0.4919966161251068,0.6110750436782837,0.7909545302391052,1.0981371402740479,1.346899390220642,1.6521433591842651,1.6695890426635742,1.9879150390625,1.909806251525879,2.047973155975342,1.7952834367752075,1.6589322090148926,1.3442509174346924,1.1999801397323608,1.0321134328842163,0.9716266989707947,1.029038429260254,1.123091697692871,1.3841124773025513,1.5466941595077515,1.8620840311050415,1.8818336725234985,2.207679033279419,2.1226563453674316,2.2947261333465576,2.060619354248047,1.9965354204177856,1.7308703660964966,1.6440726518630981,1.4992676973342896,1.4664078950881958,1.4724068641662598,1.5136070251464844,1.7247438430786133,1.7380627393722534,2.064002752304077
B11,2.522486925125122,2.6090967655181885,2.2938287258148193,2.1691765785217285,1.9613858461380005,1.6279336214065552,1.375133991241455,1.0725399255752563,0.8243133425712585,0.6324476003646851,0.5283443331718445,0.653963565826416,0.8201026916503906,1.1268945932388306,1.3312623500823975,1.6440743207931519,1.9329975843429565,1.9279279708862305,1.9849244356155396,1.8154176473617554,1.5825695991516113,1.216425895690918,0.9693917632102966,0.61819988489151,0.3781966269016266,0.0,0.3859311044216156,0.6336679458618164,0.9765807390213013,1.2300755977630615,1.5730048418045044,1.8901910781860352,1.8816862106323242,2.025698184967041,1.832364797592163,1.6605292558670044,1.276307225227356,1.099020004272461,0.7752028703689575,0.6367197036743164,0.5043575763702393,0.6320532560348511,0.8308506608009338,1.082770586013794,1.3454777002334595,1.6178125143051147,1.9776325225830078,1.9742580652236938,2.161461353302002,1.9625964164733887,1.854922890663147,1.5009551048278809,1.3850361108779907,1.1287935972213745,1.0705556869506836,0.9961257576942444,1.068179965019226,1.2313369512557983,1.377500295639038,1.6457242965698242,1.8197773694992065,2.1749041080474854,2.15763258934021,2.375875949859619,2.1891117095947266,2.1472275257110596,1.8403992652893066,1.7775592803955078,1.5696170330047607,1.5531206130981445,1.4817924499511719,1.5329326391220093,1.674038052558899,1.6983925104141235,1.9817309379577637
B12,2.8385634422302246,2.9369709491729736,2.6122002601623535,2.5079264640808105,2.272704839706421,1.9367564916610718,1.6854712963104248,1.3499293327331543,1.114940881729126,0.8144832253456116,0.6650571227073669,0.5425047874450684,0.6940890550613403,0.8879973888397217,1.1122791767120361,1.9706944227218628,2.281360387802124,2.293239116668701,2.3634986877441406,2.184117555618286,1.939249038696289,1.579249620437622,1.3021583557128906,0.9831922650337219,0.6610020399093628,0.3859311044216156,0.0,0.3854779005050659,0.6364533305168152,0.947931706905365,1.922296404838562,2.2543911933898926,2.263195753097534,2.410278081893921,2.213101387023926,2.0219552516937256,1.6431207656860352,1.426764726638794,1.1021302938461304,0.8600518107414246,0.635033905506134,0.5049557089805603,0.6320587396621704,0.7653390169143677,1.0619784593582153,1.953568696975708,2.325056552886963,2.3437132835388184,2.528592348098755,2.3291029930114746,2.1942014694213867,1.8323063850402832,1.6718690395355225,1.3802586793899536,1.2300617694854736,1.0656542778015137,1.0012489557266235,1.0895544290542603,1.131853699684143,1.3977724313735962,2.1140151023864746,2.4857335090637207,2.495392084121704,2.7102365493774414,2.522353172302246,2.448387622833252,2.118292808532715,2.0131990909576416,1.7569000720977783,1.6739059686660767,1.5225094556808472,1.4942917823791504,1.5545573234558105,1.5146795511245728,1.7515923976898193
B13,3.0363259315490723,3.1687419414520264,2.867649555206299,2.774186611175537,2.568951368331909,2.248788595199585,1.9725494384765625,1.6654043197631836,1.3807377815246582,1.1094826459884644,0.8491448760032654,0.6585370302200317,0.5755227208137512,0.7230866551399231,0.8307681083679199,2.0485944747924805,2.382924795150757,2.450972080230713,2.5535411834716797,2.422555446624756,2.209625720977783,1.8385746479034424,1.6027768850326538,1.2462732791900635,0.9881634712219238,0.6336679458618164,0.3854779005050659,0.0,0.38994643092155457,0.5973275303840637,1.9587275981903076,2.310882568359375,2.382068157196045,2.5607993602752686,2.4132819175720215,2.252784013748169,1.8615680932998657,1.6852688789367676,1.3217686414718628,1.1249202489852905,0.8079333901405334,0.6644829511642456,0.5405902862548828,0.632315456867218,0.8055968880653381,1.9564142227172852,2.3449556827545166,2.4262208938598633,2.6451475620269775,2.494478702545166,2.3876969814300537,2.0077435970306396,1.8816297054290771,1.5494287014007568,1.4308325052261353,1.1896018981933594,1.1297179460525513,1.0882790088653564,1.1105244159698486,1.2774267196655273,2.094578981399536,2.476609230041504,2.5461831092834473,2.7951955795288086,2.6531271934509277,2.60355806350708,2.251749038696289,2.1774322986602783,1.8872489929199219,1.8354437351226807,1.6363626718521118,1.6351474523544312,1.6275696754455566,1.6171808242797852,1.7931816577911377
