0.000000000000000000e+00,3.930480182170867920e-01,5.894530415534973145e-01,8.958457112312316895e-01,1.134469509124755859e+00,1.503973603248596191e+00,1.687026739120483398e+00,2.055885791778564453e+00,2.296496868133544922e+00,2.650742769241333008e+00,2.905378341674804688e+00,3.266465902328491211e+00,3.485788583755493164e+00,3.838110923767089844e+00,4.044449806213378906e+00,2.237014532089233398e+00,1.978899359703063965e+00,1.656418204307556152e+00,1.468446969985961914e+00,1.405370116233825684e+00,1.649464249610900879e+00,1.892338991165161133e+00,2.205872535705566406e+00,2.482195377349853516e+00,2.790353298187255859e+00,3.072635412216186523e+00,3.407331705093383789e+00,3.678786754608154297e+00,4.018338203430175781e+00,4.250518798828125000e+00,2.402721405029296875e+00,2.232849597930908203e+00,1.916936993598937988e+00,1.834949493408203125e+00,1.776910066604614258e+00,1.991302371025085449e+00,2.191771268844604492e+00,2.456943035125732422e+00,2.719462394714355469e+00,2.988271713256835938e+00,3.271986007690429688e+00,3.572111129760742188e+00,3.874798774719238281e+00,4.184639930725097656e+00,4.431643962860107422e+00,2.679973602294921875e+00,2.581758022308349609e+00,2.289838075637817383e+00,2.252232789993286133e+00,2.184851884841918945e+00,2.376810073852539062e+00,2.566511869430541992e+00,2.780701160430908203e+00,3.018460750579833984e+00,3.247932672500610352e+00,3.522750139236450195e+00,3.790391921997070312e+00,4.112172603607177734e+00,4.368146896362304688e+00,4.632155418395996094e+00,3.048138856887817383e+00,3.016347646713256836e+00,2.742841958999633789e+00,2.765151262283325195e+00,2.620841264724731445e+00,2.804872512817382812e+00,2.996965169906616211e+00,3.153095483779907227e+00,3.370341777801513672e+00,3.565445184707641602e+00,3.828901052474975586e+00,4.044392108917236328e+00,4.389745712280273438e+00,4.580842494964599609e+00,4.875759124755859375e+00
3.930480182170867920e-01,0.000000000000000000e+00,3.802410960197448730e-01,5.929605960845947266e-01,8.351454734802246094e-01,1.200375795364379883e+00,1.337527036666870117e+00,1.715317964553833008e+00,1.930947422981262207e+00,2.294297933578491211e+00,2.532789468765258789e+00,2.898604869842529297e+00,3.105671167373657227e+00,3.461056470870971680e+00,3.659235239028930664e+00,1.848707199096679688e+00,1.598260879516601562e+00,1.280096769332885742e+00,1.130914568901062012e+00,1.082994222640991211e+00,1.352622747421264648e+00,1.554153680801391602e+00,1.878016471862792969e+00,2.130519151687622070e+00,2.446573019027709961e+00,2.712842464447021484e+00,3.051197052001953125e+00,3.310421466827392578e+00,3.651516437530517578e+00,3.874639272689819336e+00,2.041710376739501953e+00,1.888962030410766602e+00,1.593722939491271973e+00,1.567998766899108887e+00,1.517927289009094238e+00,1.737074613571166992e+00,1.890618562698364258e+00,2.155080556869506836e+00,2.391037940979003906e+00,2.664905786514282227e+00,2.931094408035278320e+00,3.233414411544799805e+00,3.523189783096313477e+00,3.833078622817993164e+00,4.069793701171875000e+00,2.351179122924804688e+00,2.271884441375732422e+00,2.008875846862792969e+00,2.024487495422363281e+00,1.961556911468505859e+00,2.152420520782470703e+00,2.298258543014526367e+00,2.506230831146240234e+00,2.715880393981933594e+00,2.948414325714111328e+00,3.204460144042968750e+00,3.473407506942749023e+00,3.781779289245605469e+00,4.035614967346191406e+00,4.289025783538818359e+00,2.752411127090454102e+00,2.737481594085693359e+00,2.494035005569458008e+00,2.563175916671752930e+00,2.417928695678710938e+00,2.602545976638793945e+00,2.755624294281005859e+00,2.905070304870605469e+00,3.093847990036010742e+00,3.291142463684082031e+00,3.534477949142456055e+00,3.752328395843505859e+00,4.083728790283203125e+00,4.272312164306640625e+00,4.554889678955078125e+00
5.894530415534973145e-01,3.802410960197448730e-01,0.000000000000000000e+00,3.969287276268005371e-01,5.518912076950073242e-01,9.239750504493713379e-01,1.130311489105224609e+00,1.485763072967529297e+00,1.753873229026794434e+00,2.094334363937377930e+00,2.372398138046264648e+00,2.725758075714111328e+00,2.967951059341430664e+00,3.315629482269287109e+00,3.542949676513671875e+00,1.835242390632629395e+00,1.652474284172058105e+00,1.320270657539367676e+00,1.162572383880615234e+00,9.871996045112609863e-01,1.152372360229492188e+00,1.368996381759643555e+00,1.651508688926696777e+00,1.937573909759521484e+00,2.225657224655151367e+00,2.522272825241088867e+00,2.846640110015869141e+00,3.135330915451049805e+00,3.468587398529052734e+00,3.718097209930419922e+00,2.005330562591552734e+00,1.911018013954162598e+00,1.604265570640563965e+00,1.563336372375488281e+00,1.420039176940917969e+00,1.558131575584411621e+00,1.717593669891357422e+00,1.938214659690856934e+00,2.193251609802246094e+00,2.435363531112670898e+00,2.723391056060791016e+00,3.008368730545043945e+00,3.322493076324462891e+00,3.622774839401245117e+00,3.883975744247436523e+00,2.291758537292480469e+00,2.264183282852172852e+00,1.994632601737976074e+00,1.997329473495483398e+00,1.862456083297729492e+00,1.988387107849121094e+00,2.136268854141235352e+00,2.300662994384765625e+00,2.518259525299072266e+00,2.717508554458618164e+00,2.986336708068847656e+00,3.234730243682861328e+00,3.561986446380615234e+00,3.804572820663452148e+00,4.079092025756835938e+00,2.674465417861938477e+00,2.705398082733154297e+00,2.457709312438964844e+00,2.518225193023681641e+00,2.318809270858764648e+00,2.449409723281860352e+00,2.599646329879760742e+00,2.707702398300170898e+00,2.897470235824584961e+00,3.061532258987426758e+00,3.309474468231201172e+00,3.503493547439575195e+00,3.847024440765380859e+00,4.021255016326904297e+00,4.321083545684814453e+00
8.958457112312316895e-01,5.929605960845947266e-01,3.969287276268005371e-01,0.000000000000000000e+00,3.835907876491546631e-01,6.549553871154785156e-01,8.660150170326232910e-01,1.219965219497680664e+00,1.472229480743408203e+00,1.830096006393432617e+00,2.092976331710815430e+00,2.458512544631958008e+00,2.681975364685058594e+00,3.043149948120117188e+00,3.255975246429443359e+00,1.508777141571044922e+00,1.348134398460388184e+00,1.000779509544372559e+00,8.151270151138305664e-01,5.933613777160644531e-01,7.750353813171386719e-01,1.000553727149963379e+00,1.312224864959716797e+00,1.596961617469787598e+00,1.910674929618835449e+00,2.200310945510864258e+00,2.542748689651489258e+00,2.818092584609985352e+00,3.166589021682739258e+00,3.402995109558105469e+00,1.625743508338928223e+00,1.542969822883605957e+00,1.232469558715820312e+00,1.203518033027648926e+00,1.046973347663879395e+00,1.191110491752624512e+00,1.332509040832519531e+00,1.574172616004943848e+00,1.826733946800231934e+00,2.093421936035156250e+00,2.377778053283691406e+00,2.682605743408203125e+00,2.986831426620483398e+00,3.303769111633300781e+00,3.552855968475341797e+00,1.896922588348388672e+00,1.880486965179443359e+00,1.618464469909667969e+00,1.644169807434082031e+00,1.505528330802917480e+00,1.633831501007080078e+00,1.757909297943115234e+00,1.933852910995483398e+00,2.144969701766967773e+00,2.364440679550170898e+00,2.630245685577392578e+00,2.897448539733886719e+00,3.216408729553222656e+00,3.475469589233398438e+00,3.738267421722412109e+00,2.280753135681152344e+00,2.321206808090209961e+00,2.086284399032592773e+00,2.171178340911865234e+00,1.970117688179016113e+00,2.104200601577758789e+00,2.231537103652954102e+00,2.346991062164306641e+00,2.526997566223144531e+00,2.707688093185424805e+00,2.952260971069335938e+00,3.164288043975830078e+00,3.501619338989257812e+00,3.692017793655395508e+00,3.981781959533691406e+00
1.134469509124755859e+00,8.351454734802246094e-01,5.518912076950073242e-01,3.835907876491546631e-01,0.000000000000000000e+00,3.946343660354614258e-01,5.979701876640319824e-01,9.369194507598876953e-01,1.225388169288635254e+00,1.552817344665527344e+00,1.847047805786132812e+00,2.193365573883056641e+00,2.451268672943115234e+00,2.794492959976196289e+00,3.036617994308471680e+00,1.467023491859436035e+00,1.386898398399353027e+00,1.087661743164062500e+00,1.016952753067016602e+00,7.499716877937316895e-01,7.823553085327148438e-01,9.030200839042663574e-01,1.139031410217285156e+00,1.417142629623413086e+00,1.684419631958007812e+00,1.986426115036010742e+00,2.301321268081665039e+00,2.600163459777832031e+00,2.927437782287597656e+00,3.188123703002929688e+00,1.650937438011169434e+00,1.651046991348266602e+00,1.392379403114318848e+00,1.427951097488403320e+00,1.221403121948242188e+00,1.262250423431396484e+00,1.329742789268493652e+00,1.487163662910461426e+00,1.709850072860717773e+00,1.922334551811218262e+00,2.202216863632202148e+00,2.471782207489013672e+00,2.789227247238159180e+00,3.079683542251586914e+00,3.348277807235717773e+00,1.954139709472656250e+00,2.006841182708740234e+00,1.790145993232727051e+00,1.857737898826599121e+00,1.674737811088562012e+00,1.727922797203063965e+00,1.799311399459838867e+00,1.902211308479309082e+00,2.075934648513793945e+00,2.242841005325317383e+00,2.491562843322753906e+00,2.720187902450561523e+00,3.043865680694580078e+00,3.271774768829345703e+00,3.549736261367797852e+00,2.357192993164062500e+00,2.453003406524658203e+00,2.254051208496093750e+00,2.369020223617553711e+00,2.132238626480102539e+00,2.210066795349121094e+00,2.294255018234252930e+00,2.350136041641235352e+00,2.492669105529785156e+00,2.625752449035644531e+00,2.844260692596435547e+00,3.017904520034790039e+00,3.350101232528686523e+00,3.506575584411621094e+00,3.803292036056518555e+00
1.503973603248596191e+00,1.200375795364379883e+00,9.239750504493713379e-01,6.549553871154785156e-01,3.946343660354614258e-01,0.000000000000000000e+00,3.769991695880889893e-01,6.207794547080993652e-01,9.449049234390258789e-01,1.251925468444824219e+00,1.562577128410339355e+00,1.901961565017700195e+00,2.168931961059570312e+00,2.512711524963378906e+00,2.762598991394042969e+00,1.319652318954467773e+00,1.335006117820739746e+00,1.073063373565673828e+00,1.026204705238342285e+00,6.991449594497680664e-01,5.428516268730163574e-01,5.856558680534362793e-01,7.585726976394653320e-01,1.060526847839355469e+00,1.315796017646789551e+00,1.636073470115661621e+00,1.951292037963867188e+00,2.260880708694458008e+00,2.592008352279663086e+00,2.860625028610229492e+00,1.439687252044677734e+00,1.514359712600708008e+00,1.288566708564758301e+00,1.343585729598999023e+00,1.080930709838867188e+00,1.018109440803527832e+00,1.022335767745971680e+00,1.120882987976074219e+00,1.338146686553955078e+00,1.533166289329528809e+00,1.822797417640686035e+00,2.091138124465942383e+00,2.417724370956420898e+00,2.712075710296630859e+00,2.988101005554199219e+00,1.705776095390319824e+00,1.819434285163879395e+00,1.633518338203430176e+00,1.722657203674316406e+00,1.495981574058532715e+00,1.480344057083129883e+00,1.502693533897399902e+00,1.556113362312316895e+00,1.710370540618896484e+00,1.856679439544677734e+00,2.104211807250976562e+00,2.327540397644042969e+00,2.655942440032958984e+00,2.885559320449829102e+00,3.168439149856567383e+00,2.089419603347778320e+00,2.233448982238769531e+00,2.061660766601562500e+00,2.197083473205566406e+00,1.930225133895874023e+00,1.959722280502319336e+00,2.002591848373413086e+00,2.019485235214233398e+00,2.137733697891235352e+00,2.250737667083740234e+00,2.459560155868530273e+00,2.625489711761474609e+00,2.957203149795532227e+00,3.112512826919555664e+00,3.411385297775268555e+00
1.687026739120483398e+00,1.337527036666870117e+00,1.130311489105224609e+00,8.660150170326232910e-01,5.979701876640319824e-01,3.769991695880889893e-01,0.000000000000000000e+00,3.824486434459686279e-01,6.276894807815551758e-01,9.700307250022888184e-01,1.250587701797485352e+00,1.603155136108398438e+00,1.854434967041015625e+00,2.200755834579467773e+00,2.441641569137573242e+00,1.044300079345703125e+00,1.110594630241394043e+00,9.300063252449035645e-01,1.028251886367797852e+00,8.080721497535705566e-01,7.230556011199951172e-01,5.541201233863830566e-01,6.989849805831909180e-01,8.824630379676818848e-01,1.140054583549499512e+00,1.412490010261535645e+00,1.727053761482238770e+00,2.013375043869018555e+00,2.339748859405517578e+00,2.594626665115356445e+00,1.279679656028747559e+00,1.398728370666503906e+00,1.257888078689575195e+00,1.420793056488037109e+00,1.227627038955688477e+00,1.191375494003295898e+00,1.079900860786437988e+00,1.150196313858032227e+00,1.266454458236694336e+00,1.451677441596984863e+00,1.683437824249267578e+00,1.941491007804870605e+00,2.237279653549194336e+00,2.519902944564819336e+00,2.776821851730346680e+00,1.627805233001708984e+00,1.767662286758422852e+00,1.655093193054199219e+00,1.825374722480773926e+00,1.646351099014282227e+00,1.645757436752319336e+00,1.588064789772033691e+00,1.624577045440673828e+00,1.702326178550720215e+00,1.841672897338867188e+00,2.033878564834594727e+00,2.245818138122558594e+00,2.540546178817749023e+00,2.752917528152465820e+00,3.014998197555541992e+00,2.070569515228271484e+00,2.226573705673217773e+00,2.113966703414916992e+00,2.310211896896362305e+00,2.075244665145874023e+00,2.118860483169555664e+00,2.102185010910034180e+00,2.112237453460693359e+00,2.171288967132568359e+00,2.282115459442138672e+00,2.441464185714721680e+00,2.601768016815185547e+00,2.899029731750488281e+00,3.038314342498779297e+00,3.311453819274902344e+00
2.055885791778564453e+00,1.715317964553833008e+00,1.485763072967529297e+00,1.219965219497680664e+00,9.369194507598876953e-01,6.207794547080993652e-01,3.824486434459686279e-01,0.000000000000000000e+00,3.717755675315856934e-01,6.315166354179382324e-01,9.570817351341247559e-01,1.283353567123413086e+00,1.567027688026428223e+00,1.899039387702941895e+00,2.164841651916503906e+00,1.099094271659851074e+00,1.281916379928588867e+00,1.178259730339050293e+00,1.304206132888793945e+00,1.078701019287109375e+00,8.800826072692871094e-01,6.003895998001098633e-01,5.104709267616271973e-01,6.181837320327758789e-01,7.916122674942016602e-01,1.080598473548889160e+00,1.370837569236755371e+00,1.681746959686279297e+00,1.995914101600646973e+00,2.272566556930541992e+00,1.293792724609375000e+00,1.504680991172790527e+00,1.426465272903442383e+00,1.606136083602905273e+00,1.386169910430908203e+00,1.254015088081359863e+00,1.058107733726501465e+00,9.992668032646179199e-01,1.042480587959289551e+00,1.149171710014343262e+00,1.365327239036560059e+00,1.589645743370056152e+00,1.896342754364013672e+00,2.162264585494995117e+00,2.435750007629394531e+00,1.601516246795654297e+00,1.814977288246154785e+00,1.755275964736938477e+00,1.945361733436584473e+00,1.736173629760742188e+00,1.659810423851013184e+00,1.536508202552795410e+00,1.485518932342529297e+00,1.502020001411437988e+00,1.578555941581726074e+00,1.740414142608642578e+00,1.915260076522827148e+00,2.208352804183959961e+00,2.398647069931030273e+00,2.670651435852050781e+00,2.015293598175048828e+00,2.228469848632812500e+00,2.159671068191528320e+00,2.375097513198852539e+00,2.117885351181030273e+00,2.102408885955810547e+00,2.030618190765380859e+00,1.978099226951599121e+00,1.985194087028503418e+00,2.046533823013305664e+00,2.169373512268066406e+00,2.295601129531860352e+00,2.580186605453491211e+00,2.694864034652709961e+00,2.968945741653442383e+00
2.296496868133544922e+00,1.930947422981262207e+00,1.753873229026794434e+00,1.472229480743408203e+00,1.225388169288635254e+00,9.449049234390258789e-01,6.276894807815551758e-01,3.717755675315856934e-01,0.000000000000000000e+00,3.918059468269348145e-01,6.251599192619323730e-01,9.868872165679931641e-01,1.229753017425537109e+00,1.578486204147338867e+00,1.821364045143127441e+00,8.896906375885009766e-01,1.155278682708740234e+00,1.161615610122680664e+00,1.378670334815979004e+00,1.244414806365966797e+00,1.101817011833190918e+00,7.461257576942443848e-01,6.398519873619079590e-01,5.122051835060119629e-01,6.673249602317810059e-01,8.448374271392822266e-01,1.143843770027160645e+00,1.406210184097290039e+00,1.726212382316589355e+00,1.974377632141113281e+00,1.148774147033691406e+00,1.409381508827209473e+00,1.427636265754699707e+00,1.681299209594726562e+00,1.527342438697814941e+00,1.424759387969970703e+00,1.151936292648315430e+00,1.080619454383850098e+00,9.991756081581115723e-01,1.097190141677856445e+00,1.218783736228942871e+00,1.437294363975524902e+00,1.689639925956726074e+00,1.951549768447875977e+00,2.190497636795043945e+00,1.500810146331787109e+00,1.738443970680236816e+00,1.757777929306030273e+00,2.011076927185058594e+00,1.851706624031066895e+00,1.793910026550292969e+00,1.603686809539794922e+00,1.547926783561706543e+00,1.483517408370971680e+00,1.561734080314636230e+00,1.652570247650146484e+00,1.822972297668457031e+00,2.064578771591186523e+00,2.245339632034301758e+00,2.482094764709472656e+00,1.946787357330322266e+00,2.167399168014526367e+00,2.161709070205688477e+00,2.427776098251342773e+00,2.209048986434936523e+00,2.209816694259643555e+00,2.083448886871337891e+00,2.034100532531738281e+00,1.982417702674865723e+00,2.051392078399658203e+00,2.120027303695678711e+00,2.250547647476196289e+00,2.489661216735839844e+00,2.598258018493652344e+00,2.834972858428955078e+00
2.650742769241333008e+00,2.294297933578491211e+00,2.094334363937377930e+00,1.830096006393432617e+00,1.552817344665527344e+00,1.251925468444824219e+00,9.700307250022888184e-01,6.315166354179382324e-01,3.918059468269348145e-01,0.000000000000000000e+00,3.787750005722045898e-01,6.541953086853027344e-01,9.683592915534973145e-01,1.276445031166076660e+00,1.565585374832153320e+00,1.187149047851562500e+00,1.498071670532226562e+00,1.541831374168395996e+00,1.760967373847961426e+00,1.613385677337646484e+00,1.421234011650085449e+00,1.066569924354553223e+00,8.393231034278869629e-01,6.211178898811340332e-01,5.200773477554321289e-01,6.261213421821594238e-01,8.274459838867187500e-01,1.121978640556335449e+00,1.401035189628601074e+00,1.684974431991577148e+00,1.408678174018859863e+00,1.715479373931884766e+00,1.769932031631469727e+00,2.019569158554077148e+00,1.847477793693542480e+00,1.688145518302917480e+00,1.388335227966308594e+00,1.214898109436035156e+00,1.052183151245117188e+00,1.009545207023620605e+00,1.058637261390686035e+00,1.182838320732116699e+00,1.430244326591491699e+00,1.642170667648315430e+00,1.901927947998046875e+00,1.704908847808837891e+00,1.989904165267944336e+00,2.047213077545166016e+00,2.302430868148803711e+00,2.122639417648315430e+00,2.009128332138061523e+00,1.780965447425842285e+00,1.644460916519165039e+00,1.513059854507446289e+00,1.498357534408569336e+00,1.525609374046325684e+00,1.618991732597351074e+00,1.839295387268066406e+00,1.967130064964294434e+00,2.212133884429931641e+00,2.102359533309936523e+00,2.366050243377685547e+00,2.397610902786254883e+00,2.669609069824218750e+00,2.436360836029052734e+00,2.386160135269165039e+00,2.218035697937011719e+00,2.106509208679199219e+00,1.998304009437561035e+00,1.999913215637207031e+00,2.010599374771118164e+00,2.081906080245971680e+00,2.289253950119018555e+00,2.348967075347900391e+00,2.579250574111938477e+00
2.905378341674804688e+00,2.532789468765258789e+00,2.372398138046264648e+00,2.092976331710815430e+00,1.847047805786132812e+00,1.562577128410339355e+00,1.250587701797485352e+00,9.570817351341247559e-01,6.251599192619323730e-01,3.787750005722045898e-01,0.000000000000000000e+00,3.869741857051849365e-01,6.115847826004028320e-01,9.539684653282165527e-01,1.208699226379394531e+00,1.148704528808593750e+00,1.502174735069274902e+00,1.630896806716918945e+00,1.898689270019531250e+00,1.817773699760437012e+00,1.667411088943481445e+00,1.290316939353942871e+00,1.092180252075195312e+00,7.783827781677246094e-01,6.658411622047424316e-01,5.369676947593688965e-01,6.919171214103698730e-01,8.722677230834960938e-01,1.152415990829467773e+00,1.387831807136535645e+00,1.383531928062438965e+00,1.713409185409545898e+00,1.846828937530517578e+00,2.141223192214965820e+00,2.024833917617797852e+00,1.894898056983947754e+00,1.557500004768371582e+00,1.395821332931518555e+00,1.150818467140197754e+00,1.106170177459716797e+00,1.030494928359985352e+00,1.128874540328979492e+00,1.277090549468994141e+00,1.474707841873168945e+00,1.677113652229309082e+00,1.685988783836364746e+00,1.979740619659423828e+00,2.106042861938476562e+00,2.404712438583374023e+00,2.271598577499389648e+00,2.179051637649536133e+00,1.906804442405700684e+00,1.777966618537902832e+00,1.583122491836547852e+00,1.574943065643310547e+00,1.522857666015625000e+00,1.607292413711547852e+00,1.751332283020019531e+00,1.864741206169128418e+00,2.055838584899902344e+00,2.087931871414184570e+00,2.349710702896118164e+00,2.439974308013916016e+00,2.749619722366333008e+00,2.556530237197875977e+00,2.523840188980102539e+00,2.313668251037597656e+00,2.212405920028686523e+00,2.054404020309448242e+00,2.067517280578613281e+00,2.022585391998291016e+00,2.099680423736572266e+00,2.248379230499267578e+00,2.303082466125488281e+00,2.482218980789184570e+00
3.266465902328491211e+00,2.898604869842529297e+00,2.725758075714111328e+00,2.458512544631958008e+00,2.193365573883056641e+00,1.901961565017700195e+00,1.603155136108398438e+00,1.283353567123413086e+00,9.868872165679931641e-01,6.541953086853027344e-01,3.869741857051849365e-01,0.000000000000000000e+00,3.919546902179718018e-01,6.270323395729064941e-01,9.480893611907958984e-01,1.510748624801635742e+00,1.870867371559143066e+00,2.015331506729125977e+00,2.284049272537231445e+00,2.195182800292968750e+00,2.021284580230712891e+00,1.648486256599426270e+00,1.407300472259521484e+00,1.090157628059387207e+00,8.623026013374328613e-01,6.379270553588867188e-01,5.479840636253356934e-01,6.706505417823791504e-01,8.454695343971252441e-01,1.110047101974487305e+00,1.719612598419189453e+00,2.063459157943725586e+00,2.215464830398559570e+00,2.505869388580322266e+00,2.380708694458007812e+00,2.221487760543823242e+00,1.876870870590209961e+00,1.665573596954345703e+00,1.386213421821594238e+00,1.244498968124389648e+00,1.084890723228454590e+00,1.047951102256774902e+00,1.130961179733276367e+00,1.233407139778137207e+00,1.432977199554443359e+00,1.976597428321838379e+00,2.291312456130981445e+00,2.442169904708862305e+00,2.739946126937866211e+00,2.597565174102783203e+00,2.472674131393432617e+00,2.180921554565429688e+00,2.003238439559936523e+00,1.764444828033447266e+00,1.682523131370544434e+00,1.560550451278686523e+00,1.554972767829895020e+00,1.642272591590881348e+00,1.678787231445312500e+00,1.854882955551147461e+00,2.331076145172119141e+00,2.616311073303222656e+00,2.735702514648437500e+00,3.047597885131835938e+00,2.849918365478515625e+00,2.783998727798461914e+00,2.545448780059814453e+00,2.401666402816772461e+00,2.198935031890869141e+00,2.155817270278930664e+00,2.049523115158081055e+00,2.064980030059814453e+00,2.159567594528198242e+00,2.155424594879150391e+00,2.307291269302368164e+00
3.485788583755493164e+00,3.105671167373657227e+00,2.967951059341430664e+00,2.681975364685058594e+00,2.451268672943115234e+00,2.168931961059570312e+00,1.854434967041015625e+00,1.567027688026428223e+00,1.229753017425537109e+00,9.683592915534973145e-01,6.115847826004028320e-01,3.919546902179718018e-01,0.000000000000000000e+00,3.893529474735260010e-01,5.993206501007080078e-01,1.531668424606323242e+00,1.901589512825012207e+00,2.105117559432983398e+00,2.398609638214111328e+00,2.364876031875610352e+00,2.227045774459838867e+00,1.846120953559875488e+00,1.638848543167114258e+00,1.284690737724304199e+00,1.106366991996765137e+00,7.905528545379638672e-01,6.951220035552978516e-01,5.774266719818115234e-01,7.287595272064208984e-01,8.656814098358154297e-01,1.719936609268188477e+00,2.063678979873657227e+00,2.276370048522949219e+00,2.594395399093627930e+00,2.520148754119873047e+00,2.391919851303100586e+00,2.027442455291748047e+00,1.843109011650085449e+00,1.523840069770812988e+00,1.415425181388854980e+00,1.179655194282531738e+00,1.147646307945251465e+00,1.100559711456298828e+00,1.191549777984619141e+00,1.285876512527465820e+00,1.962661862373352051e+00,2.269637823104858398e+00,2.476610660552978516e+00,2.804774761199951172e+00,2.708552837371826172e+00,2.609530687332153320e+00,2.289774656295776367e+00,2.134821414947509766e+00,1.859188318252563477e+00,1.805266022682189941e+00,1.628383874893188477e+00,1.635971069335937500e+00,1.639234185218811035e+00,1.676023125648498535e+00,1.773118257522583008e+00,2.306463003158569336e+00,2.577460050582885742e+00,2.747319698333740234e+00,3.087128877639770508e+00,2.932267427444458008e+00,2.889366149902343750e+00,2.621533393859863281e+00,2.500411033630371094e+00,2.265484571456909180e+00,2.249047994613647461e+00,2.104089498519897461e+00,2.141979694366455078e+00,2.179359436035156250e+00,2.187298059463500977e+00,2.277216672897338867e+00
3.838110923767089844e+00,3.461056470870971680e+00,3.315629482269287109e+00,3.043149948120117188e+00,2.794492959976196289e+00,2.512711524963378906e+00,2.200755834579467773e+00,1.899039387702941895e+00,1.578486204147338867e+00,1.276445031166076660e+00,9.539684653282165527e-01,6.270323395729064941e-01,3.893529474735260010e-01,0.000000000000000000e+00,3.815801739692687988e-01,1.912890553474426270e+00,2.278228044509887695e+00,2.487752199172973633e+00,2.785487651824951172e+00,2.745244264602661133e+00,2.595293998718261719e+00,2.216141462326049805e+00,1.987095236778259277e+00,1.640217900276184082e+00,1.413161516189575195e+00,1.095633029937744141e+00,8.763118982315063477e-01,6.872411370277404785e-01,6.044543385505676270e-01,6.999053359031677246e-01,2.101928234100341797e+00,2.446337938308715820e+00,2.664857387542724609e+00,2.981011629104614258e+00,2.899923086166381836e+00,2.755536317825317383e+00,2.390964031219482422e+00,2.180310964584350586e+00,1.853445768356323242e+00,1.692015647888183594e+00,1.424112558364868164e+00,1.292913913726806641e+00,1.175152063369750977e+00,1.134694457054138184e+00,1.185084342956542969e+00,2.322811126708984375e+00,2.635907173156738281e+00,2.853596687316894531e+00,3.179637908935546875e+00,3.077035665512084961e+00,2.959091424942016602e+00,2.632536888122558594e+00,2.448806047439575195e+00,2.153691768646240234e+00,2.050646781921386719e+00,1.831378102302551270e+00,1.763525962829589844e+00,1.706653594970703125e+00,1.656551361083984375e+00,1.716649651527404785e+00,2.634325265884399414e+00,2.915444850921630859e+00,3.101940870285034180e+00,3.440970659255981445e+00,3.283396959304809570e+00,3.219425201416015625e+00,2.936873912811279297e+00,2.787855863571166992e+00,2.526624679565429688e+00,2.467943906784057617e+00,2.277992725372314453e+00,2.261042356491088867e+00,2.242591857910156250e+00,2.189807415008544922e+00,2.239253044128417969e+00
4.044449806213378906e+00,3.659235239028930664e+00,3.542949676513671875e+00,3.255975246429443359e+00,3.036617994308471680e+00,2.762598991394042969e+00,2.441641569137573242e+00,2.164841651916503906e+00,1.821364045143127441e+00,1.565585374832153320e+00,1.208699226379394531e+00,9.480893611907958984e-01,5.993206501007080078e-01,3.815801739692687988e-01,0.000000000000000000e+00,1.996112227439880371e+00,2.354825019836425781e+00,2.604076385498046875e+00,2.914869785308837891e+00,2.918137788772583008e+00,2.798084259033203125e+00,2.417707204818725586e+00,2.217618703842163086e+00,1.853725910186767578e+00,1.668567895889282227e+00,1.320274829864501953e+00,1.140317678451538086e+00,8.482207655906677246e-01,7.557687163352966309e-01,6.373978853225708008e-01,2.161074638366699219e+00,2.492768526077270508e+00,2.754209518432617188e+00,3.086789846420288086e+00,3.048020362854003906e+00,2.931289434432983398e+00,2.557560443878173828e+00,2.373678922653198242e+00,2.028580188751220703e+00,1.902172088623046875e+00,1.601097345352172852e+00,1.495055675506591797e+00,1.294263958930969238e+00,1.254440188407897949e+00,1.184778571128845215e+00,2.363499641418457031e+00,2.659599781036376953e+00,2.918445825576782227e+00,3.264082431793212891e+00,3.201570987701416016e+00,3.108102560043334961e+00,2.765574216842651367e+00,2.606435775756835938e+00,2.292776584625244141e+00,2.219913005828857422e+00,1.971490144729614258e+00,1.925500512123107910e+00,1.805825948715209961e+00,1.765669226646423340e+00,1.745250701904296875e+00,2.658259153366088867e+00,2.918784618377685547e+00,3.144377231597900391e+00,3.501983642578125000e+00,3.383392572402954102e+00,3.341688394546508789e+00,3.040743112564086914e+00,2.916041612625122070e+00,2.636607885360717773e+00,2.605812072753906250e+00,2.393446445465087891e+00,2.401788473129272461e+00,2.338729858398437500e+00,2.304438591003417969e+00,2.295711517333984375e+00
2.237014532089233398e+00,1.848707199096679688e+00,1.835242390632629395e+00,1.508777141571044922e+00,1.467023491859436035e+00,1.319652318954467773e+00,1.044300079345703125e+00,1.099094271659851074e+00,8.896906375885009766e-01,1.187149047851562500e+00,1.148704528808593750e+00,1.510748624801635742e+00,1.531668424606323242e+00,1.912890553474426270e+00,1.996112227439880371e+00,0.000000000000000000e+00,3.830770850181579590e-01,6.267253160476684570e-01,9.654770493507385254e-01,1.106399774551391602e+00,1.212540388107299805e+00,9.383905529975891113e-01,1.110526084899902344e+00,9.804021120071411133e-01,1.293622970581054688e+00,1.319931030273437500e+00,1.668056726455688477e+00,1.760941267013549805e+00,2.118782281875610352e+00,2.229075670242309570e+00,5.733152031898498535e-01,7.125918865203857422e-01,8.894588947296142578e-01,1.269786953926086426e+00,1.340663194656372070e+00,1.449361443519592285e+00,1.195764064788818359e+00,1.347944736480712891e+00,1.266736149787902832e+00,1.546496748924255371e+00,1.602210402488708496e+00,1.913093566894531250e+00,2.049177646636962891e+00,2.367097616195678711e+00,2.489988327026367188e+00,1.081836342811584473e+00,1.179807186126708984e+00,1.281041622161865234e+00,1.628640770912170410e+00,1.651272892951965332e+00,1.767744660377502441e+00,1.578129410743713379e+00,1.702822327613830566e+00,1.652606725692749023e+00,1.893271446228027344e+00,1.966603994369506836e+00,2.242900848388671875e+00,2.410108566284179688e+00,2.660872220993041992e+00,2.805065393447875977e+00,1.622902154922485352e+00,1.714526176452636719e+00,1.753173947334289551e+00,2.080680608749389648e+00,2.002279758453369141e+00,2.150585889816284180e+00,2.030396699905395508e+00,2.130612373352050781e+00,2.100235939025878906e+00,2.309839963912963867e+00,2.390960931777954102e+00,2.630249500274658203e+00,2.832796335220336914e+00,3.021631717681884766e+00,3.193384170532226562e+00
1.978899359703063965e+00,1.598260879516601562e+00,1.652474284172058105e+00,1.348134398460388184e+00,1.386898398399353027e+00,1.335006117820739746e+00,1.110594630241394043e+00,1.281916379928588867e+00,1.155278682708740234e+00,1.498071670532226562e+00,1.502174735069274902e+00,1.870867371559143066e+00,1.901589512825012207e+00,2.278228044509887695e+00,2.354825019836425781e+00,3.830770850181579590e-01,0.000000000000000000e+00,3.642288148403167725e-01,7.361293435096740723e-01,9.857475161552429199e-01,1.215185761451721191e+00,1.044243335723876953e+00,1.314151763916015625e+00,1.274120211601257324e+00,1.618033051490783691e+00,1.684856176376342773e+00,2.039943933486938477e+00,2.143609762191772461e+00,2.501243352890014648e+00,2.608464479446411133e+00,7.288143038749694824e-01,6.583860516548156738e-01,7.578489184379577637e-01,1.130471467971801758e+00,1.271549701690673828e+00,1.477576851844787598e+00,1.309898495674133301e+00,1.544445991516113281e+00,1.538371801376342773e+00,1.851953148841857910e+00,1.946023464202880859e+00,2.271501064300537109e+00,2.420736551284790039e+00,2.745500802993774414e+00,2.868760585784912109e+00,1.213402032852172852e+00,1.196732401847839355e+00,1.229502558708190918e+00,1.550519227981567383e+00,1.623412728309631348e+00,1.814743876457214355e+00,1.693600773811340332e+00,1.885377526283264160e+00,1.896662116050720215e+00,2.171523571014404297e+00,2.281737804412841797e+00,2.577796697616577148e+00,2.760346889495849609e+00,3.024706602096557617e+00,3.171931743621826172e+00,1.747555494308471680e+00,1.765340447425842285e+00,1.751200795173645020e+00,2.050518512725830078e+00,2.005530834197998047e+00,2.210847854614257812e+00,2.147680997848510742e+00,2.299903154373168945e+00,2.321236371994018555e+00,2.562394380569458008e+00,2.680250167846679688e+00,2.939171791076660156e+00,3.160459756851196289e+00,3.365740299224853516e+00,3.545518159866333008e+00
1.656418204307556152e+00,1.280096769332885742e+00,1.320270657539367676e+00,1.000779509544372559e+00,1.087661743164062500e+00,1.073063373565673828e+00,9.300063252449035645e-01,1.178259730339050293e+00,1.161615610122680664e+00,1.541831374168395996e+00,1.630896806716918945e+00,2.015331506729125977e+00,2.105117559432983398e+00,2.487752199172973633e+00,2.604076385498046875e+00,6.267253160476684570e-01,3.642288148403167725e-01,0.000000000000000000e+00,4.006870985031127930e-01,6.476570963859558105e-01,9.367001652717590332e-01,8.600732088088989258e-01,1.196820616722106934e+00,1.262675046920776367e+00,1.631981611251831055e+00,1.774865269660949707e+00,2.145153522491455078e+00,2.302643775939941406e+00,2.669965028762817383e+00,2.814766645431518555e+00,8.273381590843200684e-01,7.060344219207763672e-01,6.043831110000610352e-01,9.036901593208312988e-01,1.004313230514526367e+00,1.240503549575805664e+00,1.150935292243957520e+00,1.429673314094543457e+00,1.510632991790771484e+00,1.840603232383728027e+00,2.000752449035644531e+00,2.339289665222167969e+00,2.538023948669433594e+00,2.873934984207153320e+00,3.033789396286010742e+00,1.248491048812866211e+00,1.209664940834045410e+00,1.126298785209655762e+00,1.379352807998657227e+00,1.413611888885498047e+00,1.617962837219238281e+00,1.563951373100280762e+00,1.779788255691528320e+00,1.859029531478881836e+00,2.141715526580810547e+00,2.306882381439208984e+00,2.612064599990844727e+00,2.838500261306762695e+00,3.114653587341308594e+00,3.295138835906982422e+00,1.753059267997741699e+00,1.764995336532592773e+00,1.671851277351379395e+00,1.918442964553833008e+00,1.838394641876220703e+00,2.046062946319580078e+00,2.038897514343261719e+00,2.200561046600341797e+00,2.275760650634765625e+00,2.518332481384277344e+00,2.682049036026000977e+00,2.942622184753417969e+00,3.202572584152221680e+00,3.415948152542114258e+00,3.628438949584960938e+00
1.468446969985961914e+00,1.130914568901062012e+00,1.162572383880615234e+00,8.151270151138305664e-01,1.016952753067016602e+00,1.026204705238342285e+00,1.028251886367797852e+00,1.304206132888793945e+00,1.378670334815979004e+00,1.760967373847961426e+00,1.898689270019531250e+00,2.284049272537231445e+00,2.398609638214111328e+00,2.785487651824951172e+00,2.914869785308837891e+00,9.654770493507385254e-01,7.361293435096740723e-01,4.006870985031127930e-01,0.000000000000000000e+00,3.898919224739074707e-01,7.626692056655883789e-01,8.532841205596923828e-01,1.228779077529907227e+00,1.387073278427124023e+00,1.768822073936462402e+00,1.961446166038513184e+00,2.342759847640991211e+00,2.526277303695678711e+00,2.905346632003784180e+00,3.064573526382446289e+00,9.600914716720581055e-01,7.688029408454895020e-01,4.683272540569305420e-01,5.948246717453002930e-01,6.949493885040283203e-01,1.005914807319641113e+00,1.035857200622558594e+00,1.376210808753967285e+00,1.544749379158020020e+00,1.898287534713745117e+00,2.110691547393798828e+00,2.468269109725952148e+00,2.695708036422729492e+00,3.050166606903076172e+00,3.226974487304687500e+00,1.245791912078857422e+00,1.151922583580017090e+00,9.449772238731384277e-01,1.101042985916137695e+00,1.125486969947814941e+00,1.373184680938720703e+00,1.405061244964599609e+00,1.671919226646423340e+00,1.826680183410644531e+00,2.133878231048583984e+00,2.350393533706665039e+00,2.677000284194946289e+00,2.932790279388427734e+00,3.233271837234497070e+00,3.430348634719848633e+00,1.677530288696289062e+00,1.656775236129760742e+00,1.481052041053771973e+00,1.662041068077087402e+00,1.571352601051330566e+00,1.802722692489624023e+00,1.861929297447204590e+00,2.058343410491943359e+00,2.196468114852905273e+00,2.459726333618164062e+00,2.672899484634399414e+00,2.951173067092895508e+00,3.241959810256958008e+00,3.479638099670410156e+00,3.713148355484008789e+00
1.405370116233825684e+00,1.082994222640991211e+00,9.871996045112609863e-01,5.933613777160644531e-01,7.499716877937316895e-01,6.991449594497680664e-01,8.080721497535705566e-01,1.078701019287109375e+00,1.244414806365966797e+00,1.613385677337646484e+00,1.817773699760437012e+00,2.195182800292968750e+00,2.364876031875610352e+00,2.745244264602661133e+00,2.918137788772583008e+00,1.106399774551391602e+00,9.857475161552429199e-01,6.476570963859558105e-01,3.898919224739074707e-01,0.000000000000000000e+00,4.045796394348144531e-01,6.087833642959594727e-01,9.801195263862609863e-01,1.224454879760742188e+00,1.587581515312194824e+00,1.839992046356201172e+00,2.212772607803344727e+00,2.445925235748291016e+00,2.819936752319335938e+00,3.019957065582275391e+00,1.075971126556396484e+00,9.952840805053710938e-01,6.754363179206848145e-01,6.833900213241577148e-01,5.428068637847900391e-01,7.472772002220153809e-01,8.305128812789916992e-01,1.143189907073974609e+00,1.374887466430664062e+00,1.701601386070251465e+00,1.963715076446533203e+00,2.308601856231689453e+00,2.580197811126708984e+00,2.928287029266357422e+00,3.144021034240722656e+00,1.307137012481689453e+00,1.293722629547119141e+00,1.048558473587036133e+00,1.134526491165161133e+00,1.021904349327087402e+00,1.182294249534606934e+00,1.247896432876586914e+00,1.469686627388000488e+00,1.662379264831542969e+00,1.935641646385192871e+00,2.187842607498168945e+00,2.496499776840209961e+00,2.789384603500366211e+00,3.081680059432983398e+00,3.313484668731689453e+00,1.696749567985534668e+00,1.739196062088012695e+00,1.531968235969543457e+00,1.670804500579833984e+00,1.490662932395935059e+00,1.651399612426757812e+00,1.730928659439086914e+00,1.879100084304809570e+00,2.039145946502685547e+00,2.265225172042846680e+00,2.500815153121948242e+00,2.754430055618286133e+00,3.073291778564453125e+00,3.298076152801513672e+00,3.561936140060424805e+00
1.649464249610900879e+00,1.352622747421264648e+00,1.152372360229492188e+00,7.750353813171386719e-01,7.823553085327148438e-01,5.428516268730163574e-01,7.230556011199951172e-01,8.800826072692871094e-01,1.101817011833190918e+00,1.421234011650085449e+00,1.667411088943481445e+00,2.021284580230712891e+00,2.227045774459838867e+00,2.595293998718261719e+00,2.798084259033203125e+00,1.212540388107299805e+00,1.215185761451721191e+00,9.367001652717590332e-01,7.626692056655883789e-01,4.045796394348144531e-01,0.000000000000000000e+00,3.819000422954559326e-01,6.719207167625427246e-01,9.870828986167907715e-01,1.314884662628173828e+00,1.610854268074035645e+00,1.968734264373779297e+00,2.236167192459106445e+00,2.603231191635131836e+00,2.832168340682983398e+00,1.117593526840209961e+00,1.154651403427124023e+00,8.842623233795166016e-01,8.652137517929077148e-01,5.574462413787841797e-01,5.017255544662475586e-01,5.686757564544677734e-01,8.099952340126037598e-01,1.090994238853454590e+00,1.384045243263244629e+00,1.684882402420043945e+00,2.016193866729736328e+00,2.319741487503051758e+00,2.662488460540771484e+00,2.906675577163696289e+00,1.271399974822998047e+00,1.354834079742431641e+00,1.129358172416687012e+00,1.190602660179138184e+00,9.562498331069946289e-01,9.737176299095153809e-01,1.019286990165710449e+00,1.164025783538818359e+00,1.372153401374816895e+00,1.606078624725341797e+00,1.882683515548706055e+00,2.173883914947509766e+00,2.493165731430053711e+00,2.779472112655639648e+00,3.036270618438720703e+00,1.606440901756286621e+00,1.726459980010986328e+00,1.528503179550170898e+00,1.654340147972106934e+00,1.394805192947387695e+00,1.458542943000793457e+00,1.517073392868041992e+00,1.597768902778625488e+00,1.755426526069641113e+00,1.939914703369140625e+00,2.184770345687866211e+00,2.415210008621215820e+00,2.751972436904907227e+00,2.966493606567382812e+00,3.251378297805786133e+00
