,A1,A2,A3,A4,A5,A6,A7,A8,A9,A10,A11,A12,A13,A14,A15,B1,B2,B3,B4,B5,B6,B7,B8,B9,B10,B11,B12,B13,B14,B15,C1,C2,C3,C4,C5,C6,C7,C8,C9,C10,C11,C12,C13,C14,C15,D1,D2,D3,D4,D5,D6,D7,D8,D9,D10,D11,D12,D13,D14,D15,E1,E2,E3,E4,E5,E6,E7,E8,E9,E10,E11,E12,E13,E14,E15
A1,0.0,0.4011073708534241,0.5863559246063232,0.9097510576248169,1.134507179260254,1.516202688217163,1.6953225135803223,2.065694808959961,2.312058925628662,2.6652989387512207,2.920304536819458,3.289841413497925,3.5094151496887207,3.8691110610961914,4.068035125732422,2.114650011062622,1.8411297798156738,1.4997648000717163,1.3192294836044312,1.3737423419952393,1.6699652671813965,1.9015105962753296,2.2235300540924072,2.4945404529571533,2.80178165435791,3.080228328704834,3.4192914962768555,3.6850080490112305,4.029263973236084,4.262927055358887,2.2972941398620605,2.103435516357422,1.794656753540039,1.7085521221160889,1.7465804815292358,2.002187728881836,2.200246572494507,2.4757983684539795,2.729518413543701,3.0013587474823,3.2800803184509277,3.584994077682495,3.879927158355713,4.188354969024658,4.442519664764404,2.598710775375366,2.478379726409912,2.200601577758789,2.157411575317383,2.1576459407806396,2.3800315856933594,2.5652475357055664,2.7923049926757812,3.0241010189056396,3.264901638031006,3.5367889404296875,3.805358409881592,4.120429992675781,4.3773908615112305,4.656087398529053,2.9734528064727783,2.919509172439575,2.6774816513061523,2.7035295963287354,2.5980629920959473,2.8103153705596924,2.994075059890747,3.1677746772766113,3.377952814102173,3.5840561389923096,3.843590021133423,4.048388481140137,4.391196250915527,4.51582670211792,4.857055187225342
A2,0.4011073708534241,0.0,0.38562828302383423,0.6021915674209595,0.855370819568634,1.2251874208450317,1.3653851747512817,1.7429858446121216,1.9662621021270752,2.3328888416290283,2.570159673690796,2.947418689727783,3.150035858154297,3.517216920852661,3.703500509262085,1.7204581499099731,1.4455757141113281,1.0995674133300781,0.9302310347557068,1.0225200653076172,1.3470872640609741,1.5463329553604126,1.8828400373458862,2.1351370811462402,2.457721710205078,2.721338987350464,3.0703442096710205,3.3213295936584473,3.673027992248535,3.8943793773651123,1.9012655019760132,1.7089592218399048,1.4130465984344482,1.3689124584197998,1.4301408529281616,1.6948332786560059,1.855372667312622,2.137925863265991,2.3720641136169434,2.6573266983032227,2.9221343994140625,3.2370810508728027,3.518636703491211,3.83439040184021,4.076296806335449,2.2185111045837402,2.104802131652832,1.849556565284729,1.849893569946289,1.8621903657913208,2.0876216888427734,2.2366442680358887,2.465392827987671,2.6766598224639893,2.9278831481933594,3.186335802078247,3.4644339084625244,3.767214298248291,4.030710697174072,4.297351837158203,2.614017963409424,2.5691752433776855,2.353325128555298,2.41939115524292,2.3164420127868652,2.5312836170196533,2.6822307109832764,2.855837345123291,3.044637680053711,3.2595772743225098,3.5057177543640137,3.721367835998535,4.054299354553223,4.187655448913574,4.521228313446045
A3,0.5863559246063232,0.38562828302383423,0.0,0.3939763307571411,0.5502171516418457,0.931967556476593,1.130820631980896,1.493103265762329,1.7634835243225098,2.1076364517211914,2.38350510597229,2.7486801147460938,2.987654447555542,3.3455264568328857,3.5625100135803223,1.6713188886642456,1.4684937000274658,1.1095640659332275,0.9576137661933899,0.90776526927948,1.1421959400177002,1.3600919246673584,1.6587035655975342,1.939881443977356,2.2320215702056885,2.5244901180267334,2.856550455093384,3.1379048824310303,3.478315830230713,3.7271039485931396,1.855187177658081,1.7327121496200562,1.4350132942199707,1.3892347812652588,1.3451483249664307,1.531046986579895,1.700799822807312,1.9389568567276,2.188279390335083,2.4385664463043213,2.722614049911499,3.0158205032348633,3.3215219974517822,3.623344659805298,3.889979362487793,2.1719560623168945,2.119617462158203,1.8683589696884155,1.861798644065857,1.7936432361602783,1.953101634979248,2.105224370956421,2.2886803150177,2.5049798488616943,2.72001576423645,2.9880428314208984,3.2407281398773193,3.560838460922241,3.8075315952301025,4.095211029052734,2.565438985824585,2.5731923580169678,2.3579673767089844,2.4187052249908447,2.255277395248413,2.4148290157318115,2.5649685859680176,2.6946914196014404,2.882542371749878,3.061497926712036,3.308103561401367,3.4945998191833496,3.8346314430236816,3.9452738761901855,4.2866950035095215
A4,0.9097510576248169,0.6021915674209595,0.3939763307571411,0.0,0.38206395506858826,0.670011043548584,0.8909818530082703,1.2465651035308838,1.5182796716690063,1.8730460405349731,2.143867254257202,2.516742467880249,2.7439310550689697,3.113119602203369,3.320805549621582,1.4021841287612915,1.2352008819580078,0.8568499684333801,0.6494021415710449,0.5181019902229309,0.7649242281913757,1.0043878555297852,1.3263942003250122,1.6200567483901978,1.932464361190796,2.227407932281494,2.575559616088867,2.850306987762451,3.2045788764953613,3.4456753730773926,1.5088348388671875,1.4018425941467285,1.0896787643432617,1.0371344089508057,0.9630211591720581,1.1461488008499146,1.3121408224105835,1.5681484937667847,1.8272480964660645,2.097675085067749,2.387347936630249,2.698733329772949,3.001516819000244,3.319901943206787,3.58087420463562,1.7939891815185547,1.7554577589035034,1.5038120746612549,1.5057899951934814,1.4204257726669312,1.5731295347213745,1.7131088972091675,1.904969334602356,2.12491774559021,2.355970859527588,2.629328966140747,2.89915132522583,3.2180662155151367,3.4823126792907715,3.763829469680786,2.1768953800201416,2.1972434520721436,1.9874398708343506,2.061866283416748,1.8867111206054688,2.040609836578369,2.1765124797821045,2.30971360206604,2.495999574661255,2.687093734741211,2.9377968311309814,3.140141010284424,3.4815242290496826,3.610931634902954,3.9524784088134766
A5,1.134507179260254,0.855370819568634,0.5502171516418457,0.38206395506858826,0.0,0.3945690989494324,0.6050973534584045,0.9508638381958008,1.2473492622375488,1.5782238245010376,1.8740254640579224,2.232431173324585,2.4891505241394043,2.8433234691619873,3.0766756534576416,1.3045231103897095,1.2149919271469116,0.8924562931060791,0.8383711576461792,0.6561556458473206,0.735745370388031,0.8864527940750122,1.138308048248291,1.4209356307983398,1.6923226118087769,1.9960308074951172,2.319140911102295,2.614281177520752,2.9494943618774414,3.21169114112854,1.492760181427002,1.4724758863449097,1.2288737297058105,1.2586333751678467,1.1270548105239868,1.196112036705017,1.2947138547897339,1.4686524868011475,1.696181297302246,1.9167389869689941,2.199350357055664,2.477776050567627,2.791125774383545,3.084515333175659,3.3613336086273193,1.8273907899856567,1.861405611038208,1.6672111749649048,1.7182697057724,1.5836851596832275,1.6565011739730835,1.7452183961868286,1.8650925159454346,2.0472307205200195,2.228302240371704,2.4829046726226807,2.716021776199341,3.036587715148926,3.2703068256378174,3.564267158508301,2.2400059700012207,2.319270133972168,2.1519975662231445,2.259549856185913,2.0446219444274902,2.139116048812866,2.234088659286499,2.307584524154663,2.4565556049346924,2.6022861003875732,2.825178861618042,2.9908058643341064,3.3223087787628174,3.4167561531066895,3.7549476623535156
A6,1.516202688217163,1.2251874208450317,0.931967556476593,0.670011043548584,0.3945690989494324,0.0,0.3832184076309204,0.6370577216148376,0.976739764213562,1.280509114265442,1.5988116264343262,1.9460136890411377,2.2171645164489746,2.568294048309326,2.8137924671173096,1.1857229471206665,1.2108315229415894,0.9481589198112488,0.9307993054389954,0.6488116383552551,0.5031597018241882,0.5931045413017273,0.7737047672271729,1.0842807292938232,1.3344882726669312,1.6610443592071533,1.9790465831756592,2.2897298336029053,2.624183177947998,2.898336887359619,1.309944987297058,1.3799846172332764,1.1808589696884155,1.2333807945251465,1.0209299325942993,0.9645083546638489,1.0112402439117432,1.1180095672607422,1.3448351621627808,1.539588212966919,1.8356022834777832,2.106691598892212,2.433323621749878,2.7263944149017334,3.0148539543151855,1.6106104850769043,1.7157444953918457,1.5596818923950195,1.6300373077392578,1.435651183128357,1.4253895282745361,1.4717578887939453,1.5346636772155762,1.701172113418579,1.854050636291504,2.1100502014160156,2.3318095207214355,2.660304546356201,2.8916938304901123,3.1940536499023438,2.0058653354644775,2.140857219696045,2.001816511154175,2.1260249614715576,1.8703030347824097,1.9050557613372803,1.964534044265747,1.9916311502456665,2.119490385055542,2.238236427307129,2.4526426792144775,2.6044692993164062,2.936568021774292,3.025623321533203,3.3665263652801514
A7,1.6953225135803223,1.3653851747512817,1.130820631980896,0.8909818530082703,0.6050973534584045,0.3832184076309204,0.0,0.3792353570461273,0.6431615948677063,0.9858847856521606,1.2717453241348267,1.6343603134155273,1.8870315551757812,2.24334716796875,2.4774537086486816,0.881334662437439,0.9643663763999939,0.8070042133331299,0.9511671662330627,0.7906375527381897,0.6834847331047058,0.5346078872680664,0.6693241596221924,0.8655397295951843,1.1254938840866089,1.405606985092163,1.7278286218643188,2.0145480632781982,2.349013566970825,2.6083478927612305,1.1232247352600098,1.2397119998931885,1.1432050466537476,1.3141151666641235,1.1767799854278564,1.1249275207519531,1.039499044418335,1.1051204204559326,1.2290148735046387,1.4176150560379028,1.6569525003433228,1.9233076572418213,2.21939754486084,2.505206823348999,2.773615598678589,1.5101383924484253,1.6427040100097656,1.5689436197280884,1.727158784866333,1.5802700519561768,1.5722057819366455,1.5281628370285034,1.5651768445968628,1.651697039604187,1.7967971563339233,1.9979814291000366,2.212918519973755,2.508157730102539,2.7265965938568115,3.0082614421844482,1.962356448173523,2.1140031814575195,2.041806936264038,2.2312440872192383,2.0042991638183594,2.0432379245758057,2.035547971725464,2.048915147781372,2.113699197769165,2.229355812072754,2.394160747528076,2.5453219413757324,2.8450005054473877,2.9250693321228027,3.244089126586914
A8,2.065694808959961,1.7429858446121216,1.493103265762329,1.2465651035308838,0.9508638381958008,0.6370577216148376,0.3792353570461273,0.0,0.3749404847621918,0.6435922384262085,0.9707079529762268,1.3094295263290405,1.5923494100570679,1.9349087476730347,2.1928722858428955,0.9457986950874329,1.1558375358581543,1.0945943593978882,1.2632900476455688,1.077527403831482,0.8546196222305298,0.6000477075576782,0.4909331798553467,0.6059012413024902,0.7814582586288452,1.0776060819625854,1.374782681465149,1.685577392578125,2.0067830085754395,2.28694486618042,1.1485908031463623,1.367339849472046,1.3446191549301147,1.534477710723877,1.357799768447876,1.2030141353607178,1.036623477935791,0.9668685793876648,1.0159099102020264,1.1235260963439941,1.3466993570327759,1.5778164863586426,1.8846772909164429,2.1526987552642822,2.436795949935913,1.4988659620285034,1.710360050201416,1.6971715688705444,1.8764028549194336,1.6920517683029175,1.602540373802185,1.4952738285064697,1.440745234489441,1.4658652544021606,1.5446549654006958,1.7149221897125244,1.8910382986068726,2.183826208114624,2.3787851333618164,2.6697933673858643,1.9261071681976318,2.1386210918426514,2.1124367713928223,2.3202931880950928,2.066685199737549,2.041125535964966,1.9817622900009155,1.9287408590316772,1.9424402713775635,2.006178617477417,2.1333789825439453,2.24924373626709,2.5334208011627197,2.58767032623291,2.901202917098999
A9,2.312058925628662,1.9662621021270752,1.7634835243225098,1.5182796716690063,1.2473492622375488,0.976739764213562,0.6431615948677063,0.3749404847621918,0.0,0.3881502151489258,0.6296713948249817,0.9986658692359924,1.2461880445480347,1.6024261713027954,1.8409470319747925,0.7871482968330383,1.0823347568511963,1.1506787538528442,1.4039578437805176,1.3002046346664429,1.1192240715026855,0.7803037762641907,0.6322450041770935,0.49719783663749695,0.6398130655288696,0.824860692024231,1.1273655891418457,1.39424729347229,1.7203235626220703,1.9760277271270752,1.0558236837387085,1.3233535289764404,1.4065228700637817,1.669576644897461,1.5540235042572021,1.4143998622894287,1.1624200344085693,1.061014175415039,0.9754499197006226,1.0613991022109985,1.1858059167861938,1.406601071357727,1.6614290475845337,1.9232648611068726,2.175929546356201,1.4442063570022583,1.6802548170089722,1.7503741979599,1.9937748908996582,1.8545194864273071,1.771498203277588,1.590964674949646,1.5168788433074951,1.4532629251480103,1.521133303642273,1.6158084869384766,1.7829678058624268,2.0250329971313477,2.207913637161255,2.4665908813476562,1.8951807022094727,2.1202847957611084,2.1615211963653564,2.4205992221832275,2.2004001140594482,2.1795809268951416,2.0596203804016113,1.9978663921356201,1.9461392164230347,2.008159875869751,2.0768556594848633,2.1949572563171387,2.4352149963378906,2.486387252807617,2.7693655490875244
A10,2.6652989387512207,2.3328888416290283,2.1076364517211914,1.8730460405349731,1.5782238245010376,1.280509114265442,0.9858847856521606,0.6435922384262085,0.3881502151489258,0.0,0.3798788785934448,0.6693097352981567,0.9842737317085266,1.3023911714553833,1.5853018760681152,1.1124063730239868,1.4393881559371948,1.5362941026687622,1.7858407497406006,1.6584614515304565,1.4290090799331665,1.0963386297225952,0.8392062783241272,0.6165142059326172,0.4986879825592041,0.6113102436065674,0.8136411309242249,1.1149390935897827,1.4004926681518555,1.6911609172821045,1.3328372240066528,1.6436749696731567,1.7568656206130981,2.0129566192626953,1.8690900802612305,1.6726478338241577,1.399916648864746,1.1998661756515503,1.0367608070373535,0.9795331954956055,1.0310755968093872,1.1546547412872314,1.4063867330551147,1.618245005607605,1.8909529447555542,1.6587281227111816,1.94235360622406,2.0478322505950928,2.2908852100372314,2.124346971511841,1.984270453453064,1.771375060081482,1.6170198917388916,1.4900178909301758,1.4616650342941284,1.493241786956787,1.5814071893692017,1.8020085096359253,1.9312386512756348,2.1980485916137695,2.0605990886688232,2.3297760486602783,2.4042670726776123,2.666184186935425,2.4270987510681152,2.3525125980377197,2.196646213531494,2.0710134506225586,1.966418743133545,1.9590035676956177,1.969988465309143,2.0282227993011475,2.2332661151885986,2.236044406890869,2.501692056655884
A11,2.920304536819458,2.570159673690796,2.38350510597229,2.143867254257202,1.8740254640579224,1.5988116264343262,1.2717453241348267,0.9707079529762268,0.6296713948249817,0.3798788785934448,0.0,0.3900412917137146,0.6245441436767578,0.9729037284851074,1.2248538732528687,1.1348707675933838,1.490544080734253,1.673494815826416,1.9639590978622437,1.8935112953186035,1.6980876922607422,1.3337516784667969,1.099282145500183,0.7800568342208862,0.647082507610321,0.5116313695907593,0.6596367955207825,0.8515042066574097,1.1386048793792725,1.3854782581329346,1.360612154006958,1.685973048210144,1.8754180669784546,2.174527406692505,2.080538749694824,1.9057037830352783,1.5883289575576782,1.391998291015625,1.14292573928833,1.076996088027954,0.9963967204093933,1.0884331464767456,1.2407466173171997,1.4363936185836792,1.6542986631393433,1.68198823928833,1.9709900617599487,2.1427791118621826,2.4297049045562744,2.305443286895752,2.1795592308044434,1.9184218645095825,1.76345694065094,1.5683993101119995,1.5380253791809082,1.4850025177001953,1.5608056783676147,1.7043840885162354,1.8171839714050293,2.031834363937378,2.0800094604492188,2.349445104598999,2.4822285175323486,2.7820494174957275,2.5789337158203125,2.514784097671509,2.3126718997955322,2.18955135345459,2.0304672718048096,2.0279080867767334,1.979662537574768,2.0439178943634033,2.1921868324279785,2.1974196434020996,2.4194724559783936
A12,3.289841413497925,2.947418689727783,2.7486801147460938,2.516742467880249,2.232431173324585,1.9460136890411377,1.6343603134155273,1.3094295263290405,0.9986658692359924,0.6693097352981567,0.3900412917137146,0.0,0.38933417201042175,0.6376584768295288,0.9519420266151428,1.510874629020691,1.8685712814331055,2.062878370285034,2.3524532318115234,2.270689010620117,2.0524356365203857,1.6945040225982666,1.4225034713745117,1.099584937095642,0.8590700030326843,0.6246532201766968,0.5114256143569946,0.6411815881729126,0.8230269551277161,1.0980571508407593,1.7068232297897339,2.044956684112549,2.2494876384735107,2.5441553592681885,2.4365129470825195,2.2327709197998047,1.909620761871338,1.6670167446136475,1.3847863674163818,1.224073886871338,1.0559885501861572,1.0061675310134888,1.0888830423355103,1.1871105432510376,1.3988492488861084,1.9788329601287842,2.289001703262329,2.4837448596954346,2.769791841506958,2.632544994354248,2.473850727081299,2.194906234741211,1.9922655820846558,1.7543681859970093,1.6490079164505005,1.5234081745147705,1.5065104961395264,1.5889718532562256,1.6225366592407227,1.819267749786377,2.3289759159088135,2.6224493980407715,2.7817628383636475,3.082974910736084,2.8728878498077393,2.773780345916748,2.545670986175537,2.3790647983551025,2.1764488220214844,2.1162667274475098,2.004734992980957,2.0078701972961426,2.096301317214966,2.047525644302368,2.2280631065368652
A13,3.5094151496887207,3.150035858154297,2.987654447555542,2.7439310550689697,2.4891505241394043,2.2171645164489746,1.8870315551757812,1.5923494100570679,1.2461880445480347,0.9842737317085266,0.6245441436767578,0.38933417201042175,0.0,0.39226821064949036,0.602446973323822,1.5812275409698486,1.9396944046020508,2.190152406692505,2.498257875442505,2.461897134780884,2.2739028930664062,1.8988392353057861,1.6559545993804932,1.2960907220840454,1.1036142110824585,0.7774893045425415,0.6568164825439453,0.5318249464035034,0.6882451772689819,0.8406241536140442,1.7512105703353882,2.083089590072632,2.342538356781006,2.66369891166687,2.600832223892212,2.4218573570251465,2.071256399154663,1.8495745658874512,1.5250715017318726,1.3943387269973755,1.146632194519043,1.0985478162765503,1.0457444190979004,1.1296871900558472,1.2359439134597778,1.9993741512298584,2.2993533611297607,2.5454416275024414,2.862740993499756,2.7672553062438965,2.6289222240448,2.317340135574341,2.130824089050293,1.852199673652649,1.769118070602417,1.5843836069107056,1.5788938999176025,1.5754669904708862,1.608096957206726,1.7252846956253052,2.3316030502319336,2.6127583980560303,2.8204448223114014,3.1502785682678223,2.9791858196258545,2.897446870803833,2.6354238986968994,2.4851906299591064,2.245936155319214,2.2072718143463135,2.0542120933532715,2.0813615322113037,2.11616587638855,2.0909793376922607,2.221971035003662
A14,3.8691110610961914,3.517216920852661,3.3455264568328857,3.113119602203369,2.8433234691619873,2.568294048309326,2.24334716796875,1.9349087476730347,1.6024261713027954,1.3023911714553833,0.9729037284851074,0.6376584768295288,0.39226821064949036,0.0,0.3750866651535034,1.968626856803894,2.321770191192627,2.5753536224365234,2.8869025707244873,2.8439040184020996,2.6437458992004395,2.2733588218688965,2.0114011764526367,1.658797025680542,1.4218465089797974,1.0962944030761719,0.8554591536521912,0.6564680933952332,0.5612735152244568,0.6649832725524902,2.1385207176208496,2.4713997840881348,2.734248638153076,3.052994966506958,2.9810874462127686,2.7862486839294434,2.437377452850342,2.192004442214966,1.8613938093185425,1.6809903383255005,1.4026387929916382,1.2542167901992798,1.126924991607666,1.0730304718017578,1.1257051229476929,2.3641223907470703,2.6708285808563232,2.925895929336548,3.240849256515503,3.1367359161376953,2.9794251918792725,2.662583827972412,2.4489426612854004,2.1525135040283203,2.021270990371704,1.7939565181732178,1.7118175029754639,1.6439950466156006,1.5858317613601685,1.659524917602539,2.6648001670837402,2.9565012454986572,3.1782898902893066,3.506676435470581,3.331113576889038,3.2274246215820312,2.9526865482330322,2.7745888233184814,2.5106606483459473,2.429533004760742,2.23081636428833,2.203897714614868,2.177567481994629,2.098804473876953,2.172898292541504
A15,4.068035125732422,3.703500509262085,3.5625100135803223,3.320805549621582,3.0766756534576416,2.8137924671173096,2.4774537086486816,2.1928722858428955,1.8409470319747925,1.5853018760681152,1.2248538732528687,0.9519420266151428,0.602446973323822,0.3750866651535034,0.0,2.0791940689086914,2.421607494354248,2.7116692066192627,3.0320756435394287,3.025049924850464,2.8509278297424316,2.471991539001465,2.236133337020874,1.8665577173233032,1.6707677841186523,1.3150346279144287,1.116363286972046,0.8156489729881287,0.7116981744766235,0.592833399772644,2.223738670349121,2.5408215522766113,2.8406333923339844,3.175477981567383,3.140822410583496,2.9693682193756104,2.6048765182495117,2.3824732303619385,2.0320932865142822,1.885432481765747,1.57350492477417,1.4513661861419678,1.240465760231018,1.1878396272659302,1.1166419982910156,2.425299882888794,2.7139480113983154,3.004908561706543,3.340725898742676,3.2729923725128174,3.136380434036255,2.7995927333831787,2.6061644554138184,2.288583993911743,2.184774160385132,1.926740288734436,1.8671945333480835,1.7370717525482178,1.6899892091751099,1.68130362033844,2.7053627967834473,2.978252649307251,3.2360429763793945,3.5840890407562256,3.4441580772399902,3.3589272499084473,3.061976432800293,2.9039602279663086,2.6187758445739746,2.562607526779175,2.340548276901245,2.341405153274536,2.275754451751709,2.227461099624634,2.2580580711364746
B1,2.114650011062622,1.7204581499099731,1.6713188886642456,1.4021841287612915,1.3045231103897095,1.1857229471206665,0.881334662437439,0.9457986950874329,0.7871482968330383,1.1124063730239868,1.1348707675933838,1.510874629020691,1.5812275409698486,1.968626856803894,2.0791940689086914,0.0,0.3813340365886688,0.6458665132522583,0.9803159236907959,1.095915675163269,1.1343700885772705,0.8298624753952026,0.9734506607055664,0.8750872015953064,1.1996537446975708,1.2699477672576904,1.631226658821106,1.7604949474334717,2.1272215843200684,2.2718420028686523,0.5602508187294006,0.6823251843452454,0.8803489804267883,1.2505922317504883,1.3311775922775269,1.378321886062622,1.1248607635498047,1.240112543106079,1.1767752170562744,1.4500958919525146,1.536627173423767,1.8553426265716553,2.020249605178833,2.3402085304260254,2.5014069080352783,1.0784027576446533,1.1716209650039673,1.2841349840164185,1.6082370281219482,1.6292715072631836,1.7026842832565308,1.5197488069534302,1.6128613948822021,1.5744943618774414,1.8004297018051147,1.8966563940048218,2.1716318130493164,2.36350679397583,2.618391990661621,2.8052923679351807,1.6048715114593506,1.7095776796340942,1.7743555307388306,2.0858776569366455,1.9854928255081177,2.0976991653442383,1.9811995029449463,2.0560264587402344,2.030690908432007,2.224297523498535,2.319890260696411,2.5455803871154785,2.7771153450012207,2.9162280559539795,3.179201364517212
B2,1.8411297798156738,1.4455757141113281,1.4684937000274658,1.2352008819580078,1.2149919271469116,1.2108315229415894,0.9643663763999939,1.1558375358581543,1.0823347568511963,1.4393881559371948,1.490544080734253,1.8685712814331055,1.9396944046020508,2.321770191192627,2.421607494354248,0.3813340365886688,0.0,0.3875236511230469,0.7563892006874084,0.9934172034263611,1.1644988059997559,0.9638418555259705,1.2129665613174438,1.2030372619628906,1.5477019548416138,1.6464728116989136,2.0088484287261963,2.140251398086548,2.5043764114379883,2.6413795948028564,0.7380145192146301,0.6480804085731506,0.7605054974555969,1.1241350173950195,1.2872697114944458,1.438989281654358,1.267578363418579,1.4701082706451416,1.4777880907058716,1.7813589572906494,1.8975929021835327,2.226590156555176,2.3972527980804443,2.72094464302063,2.8780434131622314,1.228014588356018,1.2063971757888794,1.247236728668213,1.5482869148254395,1.6281119585037231,1.7816680669784546,1.662681221961975,1.8255696296691895,1.8440735340118408,2.104801654815674,2.2317192554473877,2.523859977722168,2.7255783081054688,2.9910690784454346,3.1772918701171875,1.7467200756072998,1.7751721143722534,1.7900352478027344,2.0781352519989014,2.01694655418396,2.1909360885620117,2.1255319118499756,2.2549617290496826,2.2767345905303955,2.502734422683716,2.6307313442230225,2.8743367195129395,3.1211509704589844,3.2732412815093994,3.543480634689331
B3,1.4997648000717163,1.0995674133300781,1.1095640659332275,0.8568499684333801,0.8924562931060791,0.9481589198112488,0.8070042133331299,1.0945943593978882,1.1506787538528442,1.5362941026687622,1.673494815826416,2.062878370285034,2.190152406692505,2.5753536224365234,2.7116692066192627,0.6458665132522583,0.3875236511230469,0.0,0.40068796277046204,0.6505746245384216,0.899138331413269,0.8166053891181946,1.1448270082473755,1.2554587125778198,1.6178627014160156,1.7950682640075684,2.167574405670166,2.3514087200164795,2.721139430999756,2.893549680709839,0.8599200248718262,0.7191119194030762,0.6135276556015015,0.8876389265060425,1.023089051246643,1.2198591232299805,1.145578145980835,1.401524305343628,1.5066020488739014,1.823643684387207,2.008915901184082,2.347085952758789,2.5666327476501465,2.8985085487365723,3.0912258625030518,1.2863954305648804,1.2378262281417847,1.155808448791504,1.3768954277038574,1.4256569147109985,1.6035674810409546,1.564563274383545,1.7600352764129639,1.8545640707015991,2.1248691082000732,2.3097519874572754,2.608274459838867,2.853663682937622,3.1288299560546875,3.347456455230713,1.775180697441101,1.7889766693115234,1.7189080715179443,1.947434425354004,1.8582956790924072,2.0445096492767334,2.0442540645599365,2.190917730331421,2.2733263969421387,2.5028932094573975,2.6795647144317627,2.921380043029785,3.2051327228546143,3.3588104248046875,3.6563339233398438
B4,1.3192294836044312,0.9302310347557068,0.9576137661933899,0.6494021415710449,0.8383711576461792,0.9307993054389954,0.9511671662330627,1.2632900476455688,1.4039578437805176,1.7858407497406006,1.9639590978622437,2.3524532318115234,2.498257875442505,2.8869025707244873,3.0320756435394287,0.9803159236907959,0.7563892006874084,0.40068796277046204,0.0,0.3929094970226288,0.7594140768051147,0.8460350632667542,1.2212985754013062,1.4200539588928223,1.7912232875823975,2.012784481048584,2.39432954788208,2.599339723587036,2.9782817363739014,3.1614012718200684,0.9990962743759155,0.7963216304779053,0.4917299449443817,0.5838217735290527,0.7337562441825867,1.0204389095306396,1.0651785135269165,1.3891546726226807,1.579624891281128,1.9189730882644653,2.1530301570892334,2.508040189743042,2.752533197402954,3.1010942459106445,3.308260440826416,1.2941792011260986,1.1897004842758179,0.9847200512886047,1.1058588027954102,1.1559141874313354,1.3880995512008667,1.436112880706787,1.68822181224823,1.8571256399154663,2.1540048122406006,2.3879587650299072,2.706401824951172,2.9786624908447266,3.2767114639282227,3.509077310562134,1.713187575340271,1.686776041984558,1.5331748723983765,1.696016788482666,1.606988787651062,1.826865792274475,1.89326810836792,2.0809507369995117,2.2260851860046387,2.478531837463379,2.703612804412842,2.961588144302368,3.274132490158081,3.44940447807312,3.7658469676971436
B5,1.3737423419952393,1.0225200653076172,0.90776526927948,0.5181019902229309,0.6561556458473206,0.6488116383552551,0.7906375527381897,1.077527403831482,1.3002046346664429,1.6584614515304565,1.8935112953186035,2.270689010620117,2.461897134780884,2.8439040184020996,3.025049924850464,1.095915675163269,0.9934172034263611,0.6505746245384216,0.3929094970226288,0.0,0.39904341101646423,0.6212745904922485,0.9868078231811523,1.2669548988342285,1.6148704290390015,1.8905551433563232,2.2620275020599365,2.5096960067749023,2.88322114944458,3.1005659103393555,1.0514106750488281,0.9628850817680359,0.6417527794837952,0.6098431348800659,0.5131286978721619,0.7141080498695374,0.8337867856025696,1.1396701335906982,1.395296335220337,1.7098363637924194,1.991618037223816,2.3346598148345947,2.618319272994995,2.9622621536254883,3.2030365467071533,1.2827519178390503,1.2588701248168945,1.0211091041564941,1.0682549476623535,0.9808186888694763,1.136629581451416,1.228633165359497,1.4477583169937134,1.65969717502594,1.9288922548294067,2.1990458965301514,2.5016729831695557,2.806997537612915,3.0998055934906006,3.3617146015167236,1.6596498489379883,1.6932356357574463,1.5068215131759644,1.624673843383789,1.4495381116867065,1.606909155845642,1.7013139724731445,1.8506121635437012,2.0232391357421875,2.244952440261841,2.494006395339966,2.7292656898498535,3.06453537940979,3.2271742820739746,3.5619282722473145
B6,1.6699652671813965,1.3470872640609741,1.1421959400177002,0.7649242281913757,0.735745370388031,0.5031597018241882,0.6834847331047058,0.8546196222305298,1.1192240715026855,1.4290090799331665,1.6980876922607422,2.0524356365203857,2.2739028930664062,2.6437458992004395,2.8509278297424316,1.1343700885772705,1.1644988059997559,0.899138331413269,0.7594140768051147,0.39904341101646423,0.0,0.3826639950275421,0.6706358790397644,1.0093815326690674,1.3199294805526733,1.632641315460205,1.9875690937042236,2.2649216651916504,2.629129409790039,2.8715076446533203,1.035988688468933,1.0833464860916138,0.8415424227714539,0.8236729502677917,0.5478774905204773,0.479148268699646,0.5804935097694397,0.8095766305923462,1.1034893989562988,1.3811959028244019,1.6950175762176514,2.021268844604492,2.3323495388031006,2.6683459281921387,2.9337611198425293,1.213679552078247,1.2989799976348877,1.1066781282424927,1.1491936445236206,0.9368952512741089,0.9451106190681458,1.0110141038894653,1.1500787734985352,1.3693034648895264,1.5971524715423584,1.8850795030593872,2.166743516921997,2.4933922290802,2.7767691612243652,3.059650421142578,1.5569002628326416,1.674072504043579,1.5101362466812134,1.6250356435775757,1.3708269596099854,1.4294193983078003,1.5000203847885132,1.5798500776290894,1.744299054145813,1.9232044219970703,2.1746222972869873,2.383437395095825,2.728943347930908,2.8761000633239746,3.22062087059021
B7,1.9015105962753296,1.5463329553604126,1.3600919246673584,1.0043878555297852,0.8864527940750122,0.5931045413017273,0.5346078872680664,0.6000477075576782,0.7803037762641907,1.0963386297225952,1.3337516784667969,1.6945040225982666,1.8988392353057861,2.2733588218688965,2.471991539001465,0.8298624753952026,0.9638418555259705,0.8166053891181946,0.8460350632667542,0.6212745904922485,0.3826639950275421,0.0,0.3777647912502289,0.652546763420105,0.9947770237922668,1.2794431447982788,1.6462701559066772,1.9071465730667114,2.2760987281799316,2.5088112354278564,0.7688628435134888,0.9227050542831421,0.820852518081665,0.9621037244796753,0.7796730995178223,0.6647968888282776,0.5084603428840637,0.6446833610534668,0.8318448662757874,1.1157900094985962,1.3897154331207275,1.7206441164016724,2.011606216430664,2.346993923187256,2.599404811859131,1.0340358018875122,1.192671775817871,1.1183656454086304,1.2765260934829712,1.106758952140808,1.0755884647369385,0.9986444115638733,1.0717718601226807,1.1909540891647339,1.405478596687317,1.6436043977737427,1.9213156700134277,2.22308349609375,2.497929573059082,2.7664380073547363,1.44691002368927,1.6115530729293823,1.5383219718933105,1.7339322566986084,1.5003039836883545,1.5336756706237793,1.50801420211792,1.547168493270874,1.6303179264068604,1.7951551675796509,1.9936106204986572,2.198741912841797,2.5158772468566895,2.6538166999816895,2.9809927940368652
B8,2.2235300540924072,1.8828400373458862,1.6587035655975342,1.3263942003250122,1.138308048248291,0.7737047672271729,0.6693241596221924,0.4909331798553467,0.6322450041770935,0.8392062783241272,1.099282145500183,1.4225034713745117,1.6559545993804932,2.0114011764526367,2.236133337020874,0.9734506607055664,1.2129665613174438,1.1448270082473755,1.2212985754013062,0.9868078231811523,0.6706358790397644,0.3777647912502289,0.0,0.37828484177589417,0.6494660973548889,0.9752678871154785,1.3190385103225708,1.611064076423645,1.9661940336227417,2.2246720790863037,0.9090859889984131,1.1701648235321045,1.1487891674041748,1.2957935333251953,1.0744822025299072,0.8355381488800049,0.5991295576095581,0.47692009806632996,0.5865001678466797,0.7825318574905396,1.072449803352356,1.3752963542938232,1.6913278102874756,2.011967420578003,2.288025140762329,1.1170694828033447,1.3701667785644531,1.3632245063781738,1.527347207069397,1.3098230361938477,1.167439341545105,1.0202386379241943,0.9516178965568542,0.9995533227920532,1.1287442445755005,1.3500189781188965,1.5893058776855469,1.9023689031600952,2.1561450958251953,2.4427645206451416,1.4830621480941772,1.7235673666000366,1.6995638608932495,1.9025936126708984,1.6331429481506348,1.5776631832122803,1.4957493543624878,1.4410890340805054,1.4668046236038208,1.5627778768539429,1.7271723747253418,1.8912192583084106,2.2019448280334473,2.3119983673095703,2.6407549381256104
B9,2.4945404529571533,2.1351370811462402,1.939881443977356,1.6200567483901978,1.4209356307983398,1.0842807292938232,0.8655397295951843,0.6059012413024902,0.49719783663749695,0.6165142059326172,0.7800568342208862,1.099584937095642,1.2960907220840454,1.658797025680542,1.8665577173233032,0.8750872015953064,1.2030372619628906,1.2554587125778198,1.4200539588928223,1.2669548988342285,1.0093815326690674,0.652546763420105,0.37828484177589417,0.0,0.3823910653591156,0.6271302103996277,0.9983596801757812,1.257542610168457,1.6244176626205444,1.8650280237197876,0.8430415391921997,1.178844690322876,1.277856707572937,1.502949595451355,1.3496781587600708,1.136365532875061,0.8151658177375793,0.6293527483940125,0.47861355543136597,0.6239547729492188,0.8036977648735046,1.110565423965454,1.3856918811798096,1.7084931135177612,1.9612482786178589,1.0800107717514038,1.380529761314392,1.4770046472549438,1.711026906967163,1.5429757833480835,1.4022599458694458,1.1650384664535522,1.0486780405044556,0.9567015171051025,1.049296259880066,1.1726828813552856,1.3995704650878906,1.6643978357315063,1.9075102806091309,2.167576313018799,1.4657249450683594,1.7351891994476318,1.7957454919815063,2.054842472076416,1.8212368488311768,1.75975501537323,1.6001996994018555,1.5178476572036743,1.4500218629837036,1.5272496938705444,1.6134871244430542,1.7720121145248413,2.0346415042877197,2.1371073722839355,2.4366095066070557
B10,2.80178165435791,2.457721710205078,2.2320215702056885,1.932464361190796,1.6923226118087769,1.3344882726669312,1.1254938840866089,0.7814582586288452,0.6398130655288696,0.4986879825592041,0.647082507610321,0.8590700030326843,1.1036142110824585,1.4218465089797974,1.6707677841186523,1.1996537446975708,1.5477019548416138,1.6178627014160156,1.7912232875823975,1.6148704290390015,1.3199294805526733,0.9947770237922668,0.6494660973548889,0.3823910653591156,0.0,0.37667495012283325,0.6730352640151978,0.9947485327720642,1.3284251689910889,1.6125432252883911,1.1936559677124023,1.5459758043289185,1.6581288576126099,1.8699113130569458,1.6860711574554443,1.4224971532821655,1.1162093877792358,0.8276550769805908,0.6038342118263245,0.48087576031684875,0.5917222499847412,0.7995864748954773,1.1096372604370117,1.3938063383102417,1.6835650205612183,1.3724676370620728,1.7056890726089478,1.8234288692474365,2.0437707901000977,1.8443903923034668,1.6441906690597534,1.3926846981048584,1.1783925294876099,1.016594648361206,0.9630042314529419,1.0161545276641846,1.147721767425537,1.4115718603134155,1.6046091318130493,1.888885259628296,1.6891133785247803,1.999842643737793,2.0852267742156982,2.3346588611602783,2.0782113075256348,1.9548017978668213,1.76677668094635,1.6043883562088013,1.4792183637619019,1.4604861736297607,1.4823851585388184,1.5655165910720825,1.8012052774429321,1.850452184677124,2.1438348293304443
B11,3.080228328704834,2.721338987350464,2.5244901180267334,2.227407932281494,1.9960308074951172,1.6610443592071533,1.405606985092163,1.0776060819625854,0.824860692024231,0.6113102436065674,0.5116313695907593,0.6246532201766968,0.7774893045425415,1.0962944030761719,1.3150346279144287,1.2699477672576904,1.6464728116989136,1.7950682640075684,2.012784481048584,1.8905551433563232,1.632641315460205,1.2794431447982788,0.9752678871154785,0.6271302103996277,0.37667495012283325,0.0,0.39104893803596497,0.6373315453529358,0.9975608587265015,1.2528088092803955,1.2739380598068237,1.643088698387146,1.8308509588241577,2.0856130123138428,1.9513297080993652,1.7136584520339966,1.370518684387207,1.0980310440063477,0.7797756791114807,0.6285737752914429,0.4850076138973236,0.6323474645614624,0.837630033493042,1.1199185848236084,1.368112564086914,1.4422228336334229,1.7852424383163452,1.9738422632217407,2.2376596927642822,2.0811164379119873,1.8955765962600708,1.596276044845581,1.3790849447250366,1.1301016807556152,1.0539865493774414,0.9737125039100647,1.0695526599884033,1.2383171319961548,1.409735918045044,1.6456354856491089,1.7449061870574951,2.0615806579589844,2.2123448848724365,2.4997470378875732,2.280518054962158,2.163858413696289,1.9243601560592651,1.757501244544983,1.5609990358352661,1.533084750175476,1.468551754951477,1.5446830987930298,1.7063853740692139,1.7495282888412476,1.9944655895233154
B12,3.4192914962768555,3.0703442096710205,2.856550455093384,2.575559616088867,2.319140911102295,1.9790465831756592,1.7278286218643188,1.374782681465149,1.1273655891418457,0.8136411309242249,0.6596367955207825,0.5114256143569946,0.6568164825439453,0.8554591536521912,1.116363286972046,1.631226658821106,2.0088484287261963,2.167574405670166,2.39432954788208,2.2620275020599365,1.9875690937042236,1.6462701559066772,1.3190385103225708,0.9983596801757812,0.6730352640151978,0.39104893803596497,0.0,0.39011186361312866,0.6607599258422852,0.978118360042572,1.6585088968276978,2.0282397270202637,2.221897840499878,2.472662925720215,2.323974609375,2.0637454986572266,1.7314900159835815,1.4259636402130127,1.1101415157318115,0.8553472757339478,0.620123028755188,0.49515074491500854,0.6337490081787109,0.8060161471366882,1.086635708808899,1.8012564182281494,2.152653932571411,2.352543830871582,2.6099042892456055,2.4386696815490723,2.223904609680176,1.9224274158477783,1.6611016988754272,1.3845738172531128,1.2120131254196167,1.0452316999435425,0.9957557320594788,1.0952316522598267,1.1638383865356445,1.40126633644104,2.0570554733276367,2.390573501586914,2.5586347579956055,2.8400392532348633,2.611488103866577,2.4594621658325195,2.204279899597168,1.9903781414031982,1.7549968957901,1.6505893468856812,1.5112097263336182,1.497989296913147,1.5898298025131226,1.5586565732955933,1.7649765014648438
B13,3.6850080490112305,3.3213295936584473,3.1379048824310303,2.850306987762451,2.614281177520752,2.2897298336029053,2.0145480632781982,1.685577392578125,1.39424729347229,1.1149390935897827,0.8515042066574097,0.6411815881729126,0.5318249464035034,0.6564680933952332,0.8156489729881287,1.7604949474334717,2.140251398086548,2.3514087200164795,2.599339723587036,2.5096960067749023,2.2649216651916504,1.9071465730667114,1.611064076423645,1.257542610168457,0.9947485327720642,0.6373315453529358,0.39011186361312866,0.0,0.3934246897697449,0.6179124116897583,1.7698458433151245,2.134345769882202,2.3807692527770996,2.65736722946167,2.5512192249298096,2.3155739307403564,1.9589506387710571,1.6775075197219849,1.3236236572265625,1.1094615459442139,0.7832470536231995,0.6408178210258484,0.5148448944091797,0.6453998684883118,0.8047098517417908,1.8853614330291748,2.228485107421875,2.480710983276367,2.768070936203003,2.6371541023254395,2.441424608230591,2.1081104278564453,1.8624809980392456,1.5418426990509033,1.3889386653900146,1.1406315565109253,1.0840129852294922,1.0455331802368164,1.090197205543518,1.225121021270752,2.1140239238739014,2.4383580684661865,2.658618211746216,2.967825174331665,2.7781858444213867,2.6402971744537354,2.348478317260742,2.1475255489349365,1.8675153255462646,1.778046727180481,1.5779473781585693,1.579040765762329,1.5880670547485352,1.5719029903411865,1.7067527770996094
