,A1,A2,A3,A4,A5,A6,A7,A8,A9,A10,A11,A12,A13,A14,A15,B1,B2,B3,B4,B5,B6,B7,B8,B9,B10,B11,B12,B13,B14,B15,C1,C2,C3,C4,C5,C6,C7,C8,C9,C10,C11,C12,C13,C14,C15,D1,D2,D3,D4,D5,D6,D7,D8,D9,D10,D11,D12,D13,D14,D15,E1,E2,E3,E4,E5,E6,E7,E8,E9,E10,E11,E12,E13,E14,E15
A1,0.0,0.3667527437210083,0.581963062286377,0.7828698754310608,1.0743049383163452,1.4472362995147705,1.606710433959961,1.9832353591918945,2.1637468338012695,2.5445024967193604,2.727405071258545,3.1085281372070312,3.291553497314453,3.656644821166992,3.8010191917419434,1.7823313474655151,1.4628562927246094,1.22388756275177,1.1294019222259521,1.2023686170578003,1.5255354642868042,1.7265589237213135,2.068857431411743,2.296704053878784,2.649303436279297,2.8742728233337402,3.241776943206787,3.4706690311431885,3.823958158493042,3.993027925491333,2.1731812953948975,1.9446464776992798,1.7022572755813599,1.6067914962768555,1.5755176544189453,1.8337103128433228,1.9982270002365112,2.2870121002197266,2.519329309463501,2.835249900817871,3.081932783126831,3.4259917736053467,3.6783764362335205,3.999220848083496,4.19685173034668,2.5890538692474365,2.4381375312805176,2.177238941192627,2.1169872283935547,2.0259172916412354,2.2471094131469727,2.3762588500976562,2.6092169284820557,2.8295228481292725,3.100219964981079,3.3584976196289062,3.662335157394409,3.934544563293457,4.206878662109375,4.449336051940918,3.103271484375,3.0349559783935547,2.7294812202453613,2.693571090698242,2.5332837104797363,2.7370572090148926,2.845277786254883,3.0282199382781982,3.238004207611084,3.457380533218384,3.716040849685669,3.9479801654815674,4.258153438568115,4.417489051818848,4.759181022644043
A2,0.3667527437210083,0.0,0.38331663608551025,0.5112452507019043,0.7393803000450134,1.1218540668487549,1.2490850687026978,1.628177523612976,1.8009659051895142,2.180959463119507,2.364631414413452,2.7445437908172607,2.933305025100708,3.2960476875305176,3.4481778144836426,1.5201292037963867,1.2449589967727661,1.009666085243225,0.9321078062057495,0.9408681392669678,1.2534666061401367,1.4078264236450195,1.7451735734939575,1.9589277505874634,2.3056232929229736,2.5271153450012207,2.889925479888916,3.1218984127044678,3.4708411693573,3.6465446949005127,1.9651157855987549,1.7882452011108398,1.5570095777511597,1.4805787801742554,1.3940883874893188,1.6235803365707397,1.7347567081451416,2.0079429149627686,2.2179503440856934,2.5214896202087402,2.759742259979248,3.09464168548584,3.347245216369629,3.6598258018493652,3.862301826477051,2.4093985557556152,2.30787992477417,2.0552101135253906,2.0187079906463623,1.886995553970337,2.0797438621520996,2.159313201904297,2.372036933898926,2.565463066101074,2.820141315460205,3.065620183944702,3.3565456867218018,3.6254115104675293,3.8858745098114014,4.131709098815918,2.948019504547119,2.923431873321533,2.627593517303467,2.6118593215942383,2.4186511039733887,2.597368001937866,2.662094831466675,2.826725482940674,3.006369113922119,3.2106425762176514,3.450601100921631,3.668872356414795,3.969027519226074,4.114346027374268,4.451650619506836
A3,0.581963062286377,0.38331663608551025,0.0,0.3730129301548004,0.6516056060791016,0.9663450121879578,1.153057336807251,1.512602686882019,1.7017046213150024,2.0830228328704834,2.2741241455078125,2.6584300994873047,2.8468353748321533,3.2182397842407227,3.3649284839630127,1.4237569570541382,1.1631239652633667,0.8466722369194031,0.6404765844345093,0.626449465751648,0.9478851556777954,1.1692185401916504,1.516721487045288,1.7578879594802856,2.117341995239258,2.3526451587677,2.726665496826172,2.961928129196167,3.320272922515869,3.4918088912963867,1.7462193965911865,1.5669256448745728,1.2864381074905396,1.148202657699585,1.0352901220321655,1.2650080919265747,1.4187644720077515,1.7062950134277344,1.9459961652755737,2.266638994216919,2.5219953060150146,2.872382640838623,3.1312520503997803,3.459230661392212,3.6610944271087646,2.1329150199890137,2.028686046600342,1.7451962232589722,1.6714565753936768,1.5190825462341309,1.706479787826538,1.8099631071090698,2.0319440364837646,2.2494022846221924,2.5188074111938477,2.7806577682495117,3.0876107215881348,3.363913059234619,3.6418590545654297,3.886300802230835,2.6311657428741455,2.6050219535827637,2.2922043800354004,2.253349542617798,2.0470309257507324,2.2196526527404785,2.2982442378997803,2.466477870941162,2.6642448902130127,2.878537178039551,3.1344149112701416,3.366945266723633,3.677619695663452,3.8418455123901367,4.184383869171143
A4,0.7828698754310608,0.5112452507019043,0.3730129301548004,0.0,0.3565249741077423,0.6820111870765686,0.9202604293823242,1.2702630758285522,1.513121247291565,1.8762210607528687,2.1123340129852295,2.487090826034546,2.7152504920959473,3.073335886001587,3.2551629543304443,1.5493992567062378,1.3599551916122437,1.0670595169067383,0.8590410351753235,0.6592577695846558,0.8465836048126221,1.0456268787384033,1.3420006036758423,1.6144922971725464,1.9410319328308105,2.209962844848633,2.566441297531128,2.8354711532592773,3.1776814460754395,3.3818650245666504,1.915656328201294,1.797776222229004,1.5208650827407837,1.363389015197754,1.149686574935913,1.2698887586593628,1.3838069438934326,1.6041300296783447,1.8513652086257935,2.128546953201294,2.4056553840637207,2.7314116954803467,3.0178017616271973,3.325164318084717,3.5563461780548096,2.3009462356567383,2.247539520263672,1.9583526849746704,1.867327332496643,1.6454108953475952,1.7516592741012573,1.8236390352249146,1.9823839664459229,2.1937179565429688,2.415792465209961,2.6878814697265625,2.963441848754883,3.259214401245117,3.5122764110565186,3.781552791595459,2.7872514724731445,2.801553964614868,2.484657049179077,2.427795886993408,2.171837329864502,2.2830867767333984,2.336108684539795,2.4505887031555176,2.6314122676849365,2.8004820346832275,3.051788806915283,3.2480478286743164,3.5634381771087646,3.696760654449463,4.045356750488281
A5,1.0743049383163452,0.7393803000450134,0.6516056060791016,0.3565249741077423,0.0,0.3905019760131836,0.5730245113372803,0.9290938377380371,1.173149824142456,1.5311466455459595,1.7755513191223145,2.1456921100616455,2.3859400749206543,2.7371490001678467,2.9322397708892822,1.4229249954223633,1.3159176111221313,1.0755897760391235,0.9288492798805237,0.6474370956420898,0.7388935089111328,0.8173299431800842,1.0817370414733887,1.3306000232696533,1.6391937732696533,1.9054999351501465,2.2509987354278564,2.5267934799194336,2.859757900238037,3.0752363204956055,1.8431504964828491,1.7947890758514404,1.5565434694290161,1.441404104232788,1.1823331117630005,1.240445613861084,1.2555571794509888,1.431455373764038,1.6354433298110962,1.883290410041809,2.1460795402526855,2.4531424045562744,2.740192174911499,3.032172441482544,3.2710442543029785,2.2515435218811035,2.2571825981140137,1.9948073625564575,1.9405605792999268,1.6883471012115479,1.751568078994751,1.7493973970413208,1.869323968887329,2.0340209007263184,2.2248010635375977,2.4746601581573486,2.726531505584717,3.016418695449829,3.2492079734802246,3.5234503746032715,2.7570478916168213,2.8198370933532715,2.5255675315856934,2.496917486190796,2.216576337814331,2.295288324356079,2.2906076908111572,2.376950740814209,2.5116889476776123,2.655221700668335,2.8766119480133057,3.0498642921447754,3.349071979522705,3.459768772125244,3.801224708557129
A6,1.4472362995147705,1.1218540668487549,0.9663450121879578,0.6820111870765686,0.3905019760131836,0.0,0.3746543228626251,0.6251019239425659,0.9302177429199219,1.2534165382385254,1.5358035564422607,1.891409158706665,2.1576945781707764,2.49924373626709,2.7134859561920166,1.4887079000473022,1.469343662261963,1.2417476177215576,1.0709881782531738,0.7037122845649719,0.571219801902771,0.5758032202720642,0.7411442995071411,1.0281248092651367,1.3040001392364502,1.6047861576080322,1.9381765127182007,2.2396440505981445,2.563023567199707,2.798149585723877,1.831940770149231,1.8490663766860962,1.6155518293380737,1.4808660745620728,1.1524311304092407,1.0869885683059692,1.0376739501953125,1.1283396482467651,1.3314129114151,1.53948974609375,1.8229172229766846,2.1145706176757812,2.423410654067993,2.706516981124878,2.9649765491485596,2.1864781379699707,2.2459828853607178,1.985044240951538,1.9175145626068115,1.6116969585418701,1.591001272201538,1.5405793190002441,1.5950863361358643,1.7424052953720093,1.8916528224945068,2.146993398666382,2.377746343612671,2.6814353466033936,2.9026200771331787,3.191823720932007,2.647705316543579,2.7537412643432617,2.4657609462738037,2.426990509033203,2.107866048812866,2.125349760055542,2.081953763961792,2.119199275970459,2.2277214527130127,2.334657907485962,2.547006368637085,2.696509838104248,2.997145891189575,3.0934088230133057,3.438318967819214
A7,1.606710433959961,1.2490850687026978,1.153057336807251,0.9202604293823242,0.5730245113372803,0.3746543228626251,0.0,0.3810102343559265,0.6045094132423401,0.9584834575653076,1.2111161947250366,1.5760352611541748,1.830448865890503,2.174578905105591,2.3845019340515137,1.2975586652755737,1.352238655090332,1.2129703760147095,1.1540274620056152,0.8459351658821106,0.7591615319252014,0.5548681020736694,0.6896462440490723,0.8479866981506348,1.1186953783035278,1.369557499885559,1.699144721031189,1.9801266193389893,2.301846504211426,2.5293571949005127,1.7265832424163818,1.798445224761963,1.632867455482483,1.5825462341308594,1.289158582687378,1.246964693069458,1.0879640579223633,1.1671111583709717,1.2639628648757935,1.4533923864364624,1.6765981912612915,1.952344298362732,2.232574701309204,2.503251075744629,2.7483408451080322,2.1322271823883057,2.234743356704712,2.0256032943725586,2.027684450149536,1.747930884361267,1.7433481216430664,1.6175930500030518,1.6702439785003662,1.7398483753204346,1.8762474060058594,2.075319528579712,2.2886838912963867,2.5598607063293457,2.763402223587036,3.0382587909698486,2.640275478363037,2.779642343521118,2.53114652633667,2.5477092266082764,2.2433905601501465,2.2713263034820557,2.1718196868896484,2.2151074409484863,2.2659695148468018,2.370647430419922,2.5340232849121094,2.6741316318511963,2.9394516944885254,3.0203158855438232,3.3452773094177246
A8,1.9832353591918945,1.628177523612976,1.512602686882019,1.2702630758285522,0.9290938377380371,0.6251019239425659,0.3810102343559265,0.0,0.36714187264442444,0.6316675543785095,0.9420540928840637,1.2781606912612915,1.5695910453796387,1.8936415910720825,2.131521224975586,1.4785256385803223,1.6110221147537231,1.5031023025512695,1.4455368518829346,1.1242339611053467,0.9246929287910461,0.6355698108673096,0.5382856130599976,0.6263304948806763,0.7965521216392517,1.071976900100708,1.3695820569992065,1.680649995803833,1.9819382429122925,2.23638653755188,1.8398289680480957,1.976934552192688,1.8367136716842651,1.788905143737793,1.4704276323318481,1.3387930393218994,1.1029335260391235,1.0608121156692505,1.0891833305358887,1.189189076423645,1.40255868434906,1.636488914489746,1.9328993558883667,2.1789121627807617,2.4462263584136963,2.193819284439087,2.352592945098877,2.1638574600219727,2.1690921783447266,1.8627183437347412,1.787609338760376,1.600989818572998,1.5751036405563354,1.587877631187439,1.6546223163604736,1.8291349411010742,1.9974029064178467,2.2702364921569824,2.4445531368255615,2.7337143421173096,2.6582772731781006,2.843912124633789,2.616488218307495,2.6357309818267822,2.3091611862182617,2.2810614109039307,2.1315433979034424,2.1209897994995117,2.1201577186584473,2.174272060394287,2.3030009269714355,2.40301251411438,2.652473211288452,2.70314621925354,3.0226993560791016
A9,2.1637468338012695,1.8009659051895142,1.7017046213150024,1.513121247291565,1.173149824142456,0.9302177429199219,0.6045094132423401,0.36714187264442444,0.0,0.39037442207336426,0.6087265014648438,0.9750047922134399,1.232566237449646,1.5736002922058105,1.7911815643310547,1.3290300369262695,1.5381219387054443,1.511464238166809,1.5355808734893799,1.2797257900238037,1.1294231414794922,0.767885148525238,0.6745931506156921,0.536698043346405,0.6793317794799805,0.838321328163147,1.1389044523239136,1.405218243598938,1.7155531644821167,1.9462658166885376,1.7105226516723633,1.901106834411621,1.829372763633728,1.8535025119781494,1.5810625553131104,1.4812943935394287,1.1794952154159546,1.1477762460708618,1.0567474365234375,1.143642544746399,1.260243535041809,1.4809114933013916,1.7259063720703125,1.9673504829406738,2.205622434616089,2.0860676765441895,2.284006118774414,2.150740623474121,2.218507766723633,1.9485304355621338,1.897425889968872,1.6547808647155762,1.642855167388916,1.5785998106002808,1.645945429801941,1.7486544847488403,1.9075487852096558,2.1312081813812256,2.2964460849761963,2.5567257404327393,2.578252077102661,2.7918202877044678,2.6081383228302,2.6800527572631836,2.3784584999084473,2.3678832054138184,2.1727476119995117,2.180300235748291,2.126962900161743,2.192553758621216,2.2697572708129883,2.373406410217285,2.580113172531128,2.628990888595581,2.921660900115967
A10,2.5445024967193604,2.180959463119507,2.0830228328704834,1.8762210607528687,1.5311466455459595,1.2534165382385254,0.9584834575653076,0.6316675543785095,0.39037442207336426,0.0,0.3728218078613281,0.6520275473594666,0.9737966060638428,1.2719976902008057,1.5342026948928833,1.6400936841964722,1.8887118101119995,1.883966326713562,1.9084193706512451,1.6451832056045532,1.4481971263885498,1.0882272720336914,0.8790795207023621,0.6615058183670044,0.5578845739364624,0.6501389741897583,0.8453994393348694,1.1397020816802979,1.4044734239578247,1.6726106405258179,1.967970371246338,2.201817512512207,2.153594493865967,2.1804885864257812,1.8999232053756714,1.7496598958969116,1.4185221195220947,1.2943633794784546,1.128172755241394,1.081703543663025,1.1337260007858276,1.2590203285217285,1.4996927976608276,1.6869196891784668,1.9476016759872437,2.293468713760376,2.5340523719787598,2.4245426654815674,2.4961419105529785,2.2155113220214844,2.1151416301727295,1.833939552307129,1.7535063028335571,1.6263526678085327,1.6065834760665894,1.6536999940872192,1.7363073825836182,1.9399207830429077,2.050844669342041,2.320162773132324,2.738577127456665,2.9904446601867676,2.8322551250457764,2.908465623855591,2.597161054611206,2.541712760925293,2.3065602779388428,2.264054775238037,2.1538612842559814,2.160773515701294,2.184008836746216,2.2313120365142822,2.401325225830078,2.4029922485351562,2.676145553588867
A11,2.727405071258545,2.364631414413452,2.2741241455078125,2.1123340129852295,1.7755513191223145,1.5358035564422607,1.2111161947250366,0.9420540928840637,0.6087265014648438,0.3728218078613281,0.0,0.3865562379360199,0.6289962530136108,0.965604305267334,1.1914360523223877,1.5771024227142334,1.879831314086914,1.94133460521698,2.0258004665374756,1.8198785781860352,1.665390968322754,1.284491777420044,1.1166895627975464,0.805374801158905,0.6978434324264526,0.5687662363052368,0.7172244191169739,0.9035196900367737,1.1774694919586182,1.4003499746322632,1.8896795511245728,2.164506196975708,2.179478168487549,2.2656795978546143,2.0325963497161865,1.91668701171875,1.556734323501587,1.4608429670333862,1.2169915437698364,1.173201322555542,1.1050994396209717,1.2033601999282837,1.3532826900482178,1.530638337135315,1.7404375076293945,2.2174384593963623,2.487985610961914,2.4338185787200928,2.559309959411621,2.3195013999938965,2.2472338676452637,1.9325920343399048,1.8762747049331665,1.6904568672180176,1.682249903678894,1.6522973775863647,1.7271738052368164,1.8617653846740723,1.9637928009033203,2.1869077682495117,2.6756556034088135,2.9480457305908203,2.8351809978485107,2.959230422973633,2.679013729095459,2.6452887058258057,2.378229856491089,2.3602166175842285,2.208625078201294,2.2347524166107178,2.208714485168457,2.2665531635284424,2.3868093490600586,2.394106149673462,2.6309640407562256
A12,3.1085281372070312,2.7445437908172607,2.6584300994873047,2.487090826034546,2.1456921100616455,1.891409158706665,1.5760352611541748,1.2781606912612915,0.9750047922134399,0.6520275473594666,0.3865562379360199,0.0,0.37799012660980225,0.6206668615341187,0.9068745970726013,1.9171394109725952,2.2384655475616455,2.3171732425689697,2.405874490737915,2.19858980178833,2.023902416229248,1.6466264724731445,1.4367890357971191,1.1184024810791016,0.9005339741706848,0.6825839281082153,0.5998629331588745,0.7173649072647095,0.8904523253440857,1.138845443725586,2.189202070236206,2.4895782470703125,2.526092529296875,2.6188018321990967,2.386787176132202,2.2466280460357666,1.8766454458236694,1.7348369359970093,1.4539742469787598,1.3207639455795288,1.1736669540405273,1.1452378034591675,1.2341315746307373,1.32114839553833,1.527770757675171,2.4744672775268555,2.7733354568481445,2.7441704273223877,2.877289295196533,2.6383023262023926,2.538954973220825,2.203092575073242,2.105775833129883,1.8747107982635498,1.8006796836853027,1.705444574356079,1.6979514360427856,1.7801109552383423,1.811601161956787,2.019817352294922,2.8892884254455566,3.1893770694732666,3.1046855449676514,3.2375168800354004,2.958662748336792,2.8970773220062256,2.602006196975708,2.5510778427124023,2.352386951446533,2.3328046798706055,2.248622417449951,2.253645896911621,2.318510055541992,2.277233362197876,2.474214792251587
A13,3.291553497314453,2.933305025100708,2.8468353748321533,2.7152504920959473,2.3859400749206543,2.1576945781707764,1.830448865890503,1.5695910453796387,1.232566237449646,0.9737966060638428,0.6289962530136108,0.37799012660980225,0.0,0.38409513235092163,0.563005268573761,1.9228057861328125,2.2755377292633057,2.4029529094696045,2.533595323562622,2.3752851486206055,2.233802080154419,1.8519706726074219,1.6778870820999146,1.3243834972381592,1.1450806856155396,0.8353684544563293,0.723713755607605,0.6256431937217712,0.7748779058456421,0.9139222502708435,2.1517796516418457,2.479121446609497,2.569467067718506,2.7086145877838135,2.5211751461029053,2.4113357067108154,2.0306949615478516,1.9192057847976685,1.5990599393844604,1.4892308712005615,1.261041522026062,1.2187086343765259,1.188811182975769,1.260356068611145,1.3785792589187622,2.42055344581604,2.7393996715545654,2.7618706226348877,2.938950300216675,2.740806818008423,2.668276786804199,2.3144423961639404,2.2442026138305664,1.97622811794281,1.9239708185195923,1.7680857181549072,1.763289213180542,1.7689415216445923,1.7975261211395264,1.9396154880523682,2.8319926261901855,3.145167350769043,3.1053266525268555,3.279501438140869,3.0344622135162354,2.994934558868408,2.6793692111968994,2.6551578044891357,2.4282948970794678,2.4334304332733154,2.310767412185669,2.334534168243408,2.351802349090576,2.3272433280944824,2.482593536376953
A14,3.656644821166992,3.2960476875305176,3.2182397842407227,3.073335886001587,2.7371490001678467,2.49924373626709,2.174578905105591,1.8936415910720825,1.5736002922058105,1.2719976902008057,0.965604305267334,0.6206668615341187,0.38409513235092163,0.0,0.3628380596637726,2.2957828044891357,2.651341438293457,2.785693645477295,2.9165096282958984,2.750600576400757,2.5950262546539307,2.2148637771606445,2.0151143074035645,1.6692954301834106,1.440009355545044,1.1331186294555664,0.9051689505577087,0.7421017289161682,0.6872704029083252,0.8071184754371643,2.511906862258911,2.847616672515869,2.946695327758789,3.08564829826355,2.8941516876220703,2.7676615715026855,2.385091781616211,2.2445173263549805,1.9162213802337646,1.7537651062011719,1.4977684020996094,1.3609542846679688,1.2732465267181396,1.2282588481903076,1.318354606628418,2.7535855770111084,3.0852649211883545,3.120889902114868,3.2986748218536377,3.0982015132904053,3.006457805633545,2.644754648208618,2.545602798461914,2.257479667663574,2.1576263904571533,1.9634124040603638,1.8881139755249023,1.8446084260940552,1.7960014343261719,1.9101650714874268,3.129512071609497,3.4582464694976807,3.43685245513916,3.613370418548584,3.368297815322876,3.3079638481140137,2.9780795574188232,2.927731990814209,2.6722848415374756,2.6390342712402344,2.474048137664795,2.448746681213379,2.4142825603485107,2.3404197692871094,2.44730544090271
A15,3.8010191917419434,3.4481778144836426,3.3649284839630127,3.2551629543304443,2.9322397708892822,2.7134859561920166,2.3845019340515137,2.131521224975586,1.7911815643310547,1.5342026948928833,1.1914360523223877,0.9068745970726013,0.563005268573761,0.3628380596637726,0.0,2.3128437995910645,2.684579610824585,2.852505683898926,3.012028455734253,2.8871538639068604,2.7579476833343506,2.379348039627075,2.2092132568359375,1.8444576263427734,1.6523038148880005,1.3065505027770996,1.1067304611206055,0.8325133919715881,0.7724937200546265,0.7158726453781128,2.4771316051483154,2.8278701305389404,2.9691507816314697,3.143101930618286,2.9908249378204346,2.8902428150177,2.5052433013916016,2.3927557468414307,2.0435092449188232,1.9107569456100464,1.6114380359649658,1.4884064197540283,1.3143583536148071,1.2731719017028809,1.2587685585021973,2.69415283203125,3.0363378524780273,3.115492582321167,3.327315330505371,3.1641969680786133,3.0967814922332764,2.726515293121338,2.6541075706481934,2.344731330871582,2.2719719409942627,2.0396711826324463,1.9811362028121948,1.8776854276657104,1.841310739517212,1.8862890005111694,3.057652473449707,3.392106294631958,3.410383462905884,3.6204605102539062,3.408060312271118,3.3689332008361816,3.0274698734283447,3.00380802154541,2.7322943210601807,2.7267823219299316,2.5381553173065186,2.5388433933258057,2.47037935256958,2.4241702556610107,2.4967434406280518
B1,1.7823313474655151,1.5201292037963867,1.4237569570541382,1.5493992567062378,1.4229249954223633,1.4887079000473022,1.2975586652755737,1.4785256385803223,1.3290300369262695,1.6400936841964722,1.5771024227142334,1.9171394109725952,1.9228057861328125,2.2957828044891357,2.3128437995910645,0.0,0.38265153765678406,0.6462044715881348,0.967113733291626,1.1204726696014404,1.3350087404251099,1.1662355661392212,1.4444557428359985,1.3519906997680664,1.6896498203277588,1.6854490041732788,2.0363595485687256,2.1000077724456787,2.4634692668914795,2.5141031742095947,0.741822361946106,0.8205588459968567,0.9351722002029419,1.211394190788269,1.2533478736877441,1.4821302890777588,1.316395878791809,1.604078769683838,1.554931879043579,1.8770709037780762,1.914661169052124,2.24896240234375,2.348931074142456,2.675142288208008,2.76025652885437,1.3269543647766113,1.395714282989502,1.375917911529541,1.6182646751403809,1.590855598449707,1.812848448753357,1.660239815711975,1.9125133752822876,1.8975483179092407,2.1872270107269287,2.2634284496307373,2.5674235820770264,2.702425003051758,2.9753241539001465,3.116551637649536,1.9915398359298706,2.0881154537200928,1.9627124071121216,2.1635494232177734,2.036958694458008,2.245434045791626,2.122990131378174,2.3448331356048584,2.364961624145508,2.6223607063293457,2.7313172817230225,2.9894936084747314,3.1818325519561768,3.3599014282226562,3.6242167949676514
B2,1.4628562927246094,1.2449589967727661,1.1631239652633667,1.3599551916122437,1.3159176111221313,1.469343662261963,1.352238655090332,1.6110221147537231,1.5381219387054443,1.8887118101119995,1.879831314086914,2.2384655475616455,2.2755377292633057,2.651341438293457,2.684579610824585,0.38265153765678406,0.0,0.36777639389038086,0.7491338849067688,0.9997109770774841,1.308681845664978,1.2426377534866333,1.5808297395706177,1.5729178190231323,1.9390255212783813,1.9887959957122803,2.3548166751861572,2.448686122894287,2.8163647651672363,2.8816866874694824,0.8783824443817139,0.779721736907959,0.8131253719329834,1.0681593418121338,1.1636695861816406,1.4675610065460205,1.398877739906311,1.7317705154418945,1.7607226371765137,2.108851432800293,2.197092294692993,2.548503875732422,2.676872968673706,3.012099504470825,3.111490488052368,1.4403347969055176,1.4073691368103027,1.3336553573608398,1.5380475521087646,1.540042757987976,1.8142708539962769,1.7415837049484253,2.028308153152466,2.0795185565948486,2.3925626277923584,2.514030933380127,2.8360867500305176,2.998075246810913,3.2843017578125,3.4387011528015137,2.0920357704162598,2.121894359588623,1.9555740356445312,2.123650550842285,2.0165133476257324,2.2628276348114014,2.2048609256744385,2.449585199356079,2.5259087085723877,2.799860715866089,2.9502155780792236,3.2219021320343018,3.4426932334899902,3.632457733154297,3.91379976272583
B3,1.22388756275177,1.009666085243225,0.8466722369194031,1.0670595169067383,1.0755897760391235,1.2417476177215576,1.2129703760147095,1.5031023025512695,1.511464238166809,1.883966326713562,1.94133460521698,2.3171732425689697,2.4029529094696045,2.785693645477295,2.852505683898926,0.6462044715881348,0.36777639389038086,0.0,0.3852413594722748,0.677272617816925,1.027374029159546,1.05439293384552,1.4236518144607544,1.499055027961731,1.884352445602417,1.998352289199829,2.380711317062378,2.521064043045044,2.895522356033325,2.9917352199554443,0.9637573957443237,0.8057897686958313,0.6652102470397949,0.80136638879776,0.8610180616378784,1.1885381937026978,1.1942440271377563,1.5476651191711426,1.6518480777740479,2.0155675411224365,2.1636440753936768,2.531137704849243,2.7034103870391846,3.0494818687438965,3.179940700531006,1.449838399887085,1.3808696269989014,1.2110954523086548,1.3286783695220947,1.2878059148788452,1.5616159439086914,1.545673131942749,1.8376967906951904,1.9495853185653687,2.2700133323669434,2.4426052570343018,2.776130199432373,2.977123498916626,3.27459716796875,3.455625057220459,2.051973581314087,2.059389591217041,1.8331071138381958,1.9377039670944214,1.798695683479309,2.036890745162964,2.022827386856079,2.2602736949920654,2.382493495941162,2.6538121700286865,2.844942331314087,3.1187984943389893,3.3730874061584473,3.5685746669769287,3.8724453449249268
B4,1.1294019222259521,0.9321078062057495,0.6404765844345093,0.8590410351753235,0.9288492798805237,1.0709881782531738,1.1540274620056152,1.4455368518829346,1.5355808734893799,1.9084193706512451,2.0258004665374756,2.405874490737915,2.533595323562622,2.9165096282958984,3.012028455734253,0.967113733291626,0.7491338849067688,0.3852413594722748,0.0,0.3930804431438446,0.7628024220466614,0.9193223118782043,1.2926608324050903,1.4548007249832153,1.8418219089508057,2.0158283710479736,2.4039769172668457,2.585369348526001,2.9605207443237305,3.083799123764038,1.1214416027069092,0.9511242508888245,0.6646729707717896,0.5921716690063477,0.5602995753288269,0.8981891870498657,1.004176139831543,1.3629306554794312,1.5484824180603027,1.9166054725646973,2.122803211212158,2.4990029335021973,2.7114923000335693,3.0642805099487305,3.222959041595459,1.4939547777175903,1.4053837060928345,1.1439437866210938,1.1452382802963257,1.0367364883422852,1.2909038066864014,1.3421015739440918,1.6288574934005737,1.805834412574768,2.1264634132385254,2.349764585494995,2.6900744438171387,2.9277782440185547,3.2341530323028564,3.4392621517181396,2.0164880752563477,2.008859157562256,1.7255184650421143,1.7534931898117065,1.5722291469573975,1.7878860235214233,1.8205537796020508,2.042088031768799,2.2115631103515625,2.474978446960449,2.7066996097564697,2.979921340942383,3.2661397457122803,3.4671151638031006,3.7911009788513184
B5,1.2023686170578003,0.9408681392669678,0.626449465751648,0.6592577695846558,0.6474370956420898,0.7037122845649719,0.8459351658821106,1.1242339611053467,1.2797257900238037,1.6451832056045532,1.8198785781860352,2.19858980178833,2.3752851486206055,2.750600576400757,2.8871538639068604,1.1204726696014404,0.9997109770774841,0.677272617816925,0.3930804431438446,0.0,0.39946290850639343,0.608279824256897,0.9717066884040833,1.1994720697402954,1.57207190990448,1.7995069026947021,2.1812050342559814,2.4086811542510986,2.7736968994140625,2.936645030975342,1.3151825666427612,1.236231803894043,0.9523419141769409,0.802399754524231,0.5482036471366882,0.7160065770149231,0.7989009618759155,1.103511929512024,1.3291200399398804,1.666936993598938,1.916379690170288,2.2783870697021484,2.532041311264038,2.8711202144622803,3.067535638809204,1.6564899682998657,1.634507656097412,1.353061556816101,1.2970075607299805,1.0677595138549805,1.2017282247543335,1.2266137599945068,1.4413974285125732,1.6316554546356201,1.9083179235458374,2.1594324111938477,2.4750216007232666,2.744746208190918,3.0321879386901855,3.2698447704315186,2.138990640640259,2.179494619369507,1.8808379173278809,1.864914894104004,1.6083091497421265,1.7396159172058105,1.7502515316009521,1.905943512916565,2.0683345794677734,2.2841238975524902,2.523127317428589,2.7624874114990234,3.063873052597046,3.2378833293914795,3.575252056121826
B6,1.5255354642868042,1.2534666061401367,0.9478851556777954,0.8465836048126221,0.7388935089111328,0.571219801902771,0.7591615319252014,0.9246929287910461,1.1294231414794922,1.4481971263885498,1.665390968322754,2.023902416229248,2.233802080154419,2.5950262546539307,2.7579476833343506,1.3350087404251099,1.308681845664978,1.027374029159546,0.7628024220466614,0.39946290850639343,0.0,0.38402822613716125,0.6551408171653748,0.9550194144248962,1.2935693264007568,1.5683987140655518,1.935692310333252,2.197653293609619,2.5501372814178467,2.7400829792022705,1.451430082321167,1.45164155960083,1.1773650646209717,0.984928548336029,0.6159476041793823,0.5222965478897095,0.554054856300354,0.7674227952957153,1.042600154876709,1.3472623825073242,1.640020728111267,1.9893118143081665,2.276933193206787,2.607207775115967,2.8318214416503906,1.710170865058899,1.751007318496704,1.4633057117462158,1.364003300666809,1.0427299737930298,1.0350241661071777,1.0171992778778076,1.1462582349777222,1.347792387008667,1.5824099779129028,1.8610185384750366,2.1580379009246826,2.455082893371582,2.7323827743530273,2.993665933609009,2.1202034950256348,2.2089154720306396,1.9074246883392334,1.856744647026062,1.5379225015640259,1.5771249532699585,1.554430603981018,1.6421540975570679,1.7926506996154785,1.9650059938430786,2.210782766342163,2.4248454570770264,2.7398364543914795,2.8993570804595947,3.2472455501556396
B7,1.7265589237213135,1.4078264236450195,1.1692185401916504,1.0456268787384033,0.8173299431800842,0.5758032202720642,0.5548681020736694,0.6355698108673096,0.767885148525238,1.0882272720336914,1.284491777420044,1.6466264724731445,1.8519706726074219,2.2148637771606445,2.379348039627075,1.1662355661392212,1.2426377534866333,1.05439293384552,0.9193223118782043,0.608279824256897,0.38402822613716125,0.0,0.3810991048812866,0.6043225526809692,0.9660693407058716,1.2175450325012207,1.5906131267547607,1.8465631008148193,2.2003846168518066,2.3918557167053223,1.3550424575805664,1.4441455602645874,1.252689242362976,1.1665794849395752,0.8414134383201599,0.7394878268241882,0.5340228080749512,0.6781118512153625,0.8263691067695618,1.1142475605010986,1.3650552034378052,1.7051384449005127,1.9797019958496094,2.3007609844207764,2.5231823921203613,1.6630187034606934,1.7764414548873901,1.5519055128097534,1.5358353853225708,1.2357908487319946,1.2109299898147583,1.0652974843978882,1.1517646312713623,1.2466706037521362,1.4499300718307495,1.6751019954681396,1.950326919555664,2.2254486083984375,2.4835331439971924,2.740572452545166,2.1178488731384277,2.2624473571777344,2.0094332695007324,2.0197877883911133,1.7070770263671875,1.7303340435028076,1.6218743324279785,1.6896402835845947,1.7584559917449951,1.90940523147583,2.0988645553588867,2.2925117015838623,2.5748887062072754,2.7120063304901123,3.044822931289673
B8,2.068857431411743,1.7451735734939575,1.516721487045288,1.3420006036758423,1.0817370414733887,0.7411442995071411,0.6896462440490723,0.5382856130599976,0.6745931506156921,0.8790795207023621,1.1166895627975464,1.4367890357971191,1.6778870820999146,2.0151143074035645,2.2092132568359375,1.4444557428359985,1.5808297395706177,1.4236518144607544,1.2926608324050903,0.9717066884040833,0.6551408171653748,0.3810991048812866,0.0,0.37539467215538025,0.6482192277908325,0.9622361063957214,1.3063262701034546,1.6033586263656616,1.9356995820999146,2.159694194793701,1.5798965692520142,1.7284713983535767,1.5610780715942383,1.4668316841125488,1.1229162216186523,0.8994750380516052,0.6214509606361389,0.5226380228996277,0.6160693168640137,0.8027697801589966,1.0885008573532104,1.3963539600372314,1.7074153423309326,2.008157730102539,2.262903928756714,1.817315936088562,1.98660147190094,1.780116319656372,1.751224160194397,1.418319821357727,1.288877010345459,1.0790780782699585,1.0374079942703247,1.076951265335083,1.1895092725753784,1.4139399528503418,1.6458494663238525,1.941946029663086,2.1748428344726562,2.457267999649048,2.2034268379211426,2.3959083557128906,2.1610538959503174,2.158776044845581,1.8159626722335815,1.758135199546814,1.5979427099227905,1.5843502283096313,1.600365161895752,1.6833704710006714,1.8484622240066528,1.9970444440841675,2.277412176132202,2.384620189666748,2.7218263149261475
B9,2.296704053878784,1.9589277505874634,1.7578879594802856,1.6144922971725464,1.3306000232696533,1.0281248092651367,0.8479866981506348,0.6263304948806763,0.536698043346405,0.6615058183670044,0.805374801158905,1.1184024810791016,1.3243834972381592,1.6692954301834106,1.8444576263427734,1.3519906997680664,1.5729178190231323,1.499055027961731,1.4548007249832153,1.1994720697402954,0.9550194144248962,0.6043225526809692,0.37539467215538025,0.0,0.3890133798122406,0.6164748072624207,0.9871094226837158,1.2535393238067627,1.6001509428024292,1.8070347309112549,1.4850436449050903,1.7057408094406128,1.6169229745864868,1.6041834354400635,1.3154553174972534,1.1330524682998657,0.7751904726028442,0.6679486036300659,0.5201212167739868,0.6618049144744873,0.8332306146621704,1.1385407447814941,1.4097048044204712,1.7121481895446777,1.9464867115020752,1.7321747541427612,1.9593794345855713,1.8192824125289917,1.8623898029327393,1.5719022750854492,1.4625054597854614,1.1744410991668701,1.1294689178466797,1.0419776439666748,1.1314576864242554,1.2593655586242676,1.474031686782837,1.7215323448181152,1.9435871839523315,2.203096389770508,2.1395528316497803,2.375185012817383,2.1941745281219482,2.2518506050109863,1.9361692667007446,1.887414813041687,1.6624245643615723,1.6557563543319702,1.590830683708191,1.671633005142212,1.7644776105880737,1.9065951108932495,2.1368298530578613,2.23543381690979,2.545675754547119
B10,2.649303436279297,2.3056232929229736,2.117341995239258,1.9410319328308105,1.6391937732696533,1.3040001392364502,1.1186953783035278,0.7965521216392517,0.6793317794799805,0.5578845739364624,0.6978434324264526,0.9005339741706848,1.1450806856155396,1.440009355545044,1.6523038148880005,1.6896498203277588,1.9390255212783813,1.884352445602417,1.8418219089508057,1.57207190990448,1.2935693264007568,0.9660693407058716,0.6482192277908325,0.3890133798122406,0.0,0.3750874996185303,0.6644788384437561,0.9933808445930481,1.3004605770111084,1.5532304048538208,1.8014731407165527,2.054582357406616,1.98458731174469,1.9690240621566772,1.673000454902649,1.443241000175476,1.0886461734771729,0.8658229112625122,0.6397330164909363,0.5239490270614624,0.6367914080619812,0.8404531478881836,1.1470547914505005,1.4046398401260376,1.679543375968933,1.9962857961654663,2.2602388858795166,2.141209602355957,2.1796185970306396,1.8787903785705566,1.7120981216430664,1.3979140520095825,1.257035493850708,1.0958225727081299,1.048789143562317,1.1163257360458374,1.236430287361145,1.4835604429244995,1.6522166728973389,1.9372109174728394,2.3407769203186035,2.613285779953003,2.4568333625793457,2.509986400604248,2.1839349269866943,2.078423500061035,1.815758228302002,1.7382813692092896,1.6068034172058105,1.6031767129898071,1.6353321075439453,1.7057359218597412,1.9059151411056519,1.9525047540664673,2.2538745403289795
B11,2.8742728233337402,2.5271153450012207,2.3526451587677,2.209962844848633,1.9054999351501465,1.6047861576080322,1.369557499885559,1.071976900100708,0.838321328163147,0.6501389741897583,0.5687662363052368,0.6825839281082153,0.8353684544563293,1.1331186294555664,1.3065505027770996,1.6854490041732788,1.9887959957122803,1.998352289199829,2.0158283710479736,1.7995069026947021,1.5683987140655518,1.2175450325012207,0.9622361063957214,0.6164748072624207,0.3750874996185303,0.0,0.38848429918289185,0.6434007883071899,0.9837209582328796,1.2039213180541992,1.7705943584442139,2.0721585750579834,2.0685861110687256,2.114501476287842,1.8680450916290283,1.6771509647369385,1.2972207069396973,1.1148779392242432,0.7945820689201355,0.6639845371246338,0.536824643611908,0.6818641424179077,0.8878611922264099,1.145607352256775,1.3804937601089478,1.9553831815719604,2.2595343589782715,2.202242136001587,2.298204183578491,2.0417282581329346,1.9035089015960693,1.5524414777755737,1.435023307800293,1.1921361684799194,1.1413654088974,1.084184169769287,1.1738137006759644,1.3311691284179688,1.4831820726394653,1.7234011888504028,2.3027844429016113,2.6056487560272217,2.5024068355560303,2.6074564456939697,2.3154711723327637,2.2285068035125732,1.9258891344070435,1.8691507577896118,1.677612543106079,1.684361219406128,1.6412001848220825,1.710618257522583,1.8416205644607544,1.8849718570709229,2.142772912979126
B12,3.241776943206787,2.889925479888916,2.726665496826172,2.566441297531128,2.2509987354278564,1.9381765127182007,1.699144721031189,1.3695820569992065,1.1389044523239136,0.8453994393348694,0.7172244191169739,0.5998629331588745,0.723713755607605,0.9051689505577087,1.1067304611206055,2.0363595485687256,2.3548166751861572,2.380711317062378,2.4039769172668457,2.1812050342559814,1.935692310333252,1.5906131267547607,1.3063262701034546,0.9871094226837158,0.6644788384437561,0.38848429918289185,0.0,0.3850727081298828,0.6380113363265991,0.9211128354072571,2.111783027648926,2.430741310119629,2.4441442489624023,2.4933810234069824,2.246063232421875,2.035062789916992,1.659687876701355,1.4368398189544678,1.1113401651382446,0.8716373443603516,0.6507622599601746,0.5460765361785889,0.6924639940261841,0.8425320386886597,1.111603021621704,2.2607028484344482,2.5864968299865723,2.550445318222046,2.648782968521118,2.392584800720215,2.226745367050171,1.8669897317886353,1.703009009361267,1.4232631921768188,1.2798995971679688,1.1401071548461914,1.0991884469985962,1.1957119703292847,1.253971815109253,1.4961390495300293,2.557410717010498,2.8848164081573486,2.80820369720459,2.916109085083008,2.6257107257843018,2.5063459873199463,2.181779384613037,2.0819716453552246,1.8406327962875366,1.7811957597732544,1.6655957698822021,1.6574264764785767,1.721601963043213,1.6993553638458252,1.9183008670806885
B13,3.4706690311431885,3.1218984127044678,2.961928129196167,2.8354711532592773,2.5267934799194336,2.2396440505981445,1.9801266193389893,1.680649995803833,1.405218243598938,1.1397020816802979,0.9035196900367737,0.7173649072647095,0.6256431937217712,0.7421017289161682,0.8325133919715881,2.1000077724456787,2.448686122894287,2.521064043045044,2.585369348526001,2.4086811542510986,2.197653293609619,1.8465631008148193,1.6033586263656616,1.2535393238067627,0.9933808445930481,0.6434007883071899,0.3850727081298828,0.0,0.3801880478858948,0.5629236698150635,2.1272382736206055,2.475494384765625,2.543105363845825,2.638490915298462,2.4361112117767334,2.256744146347046,1.873252272605896,1.686474084854126,1.3261116743087769,1.1246747970581055,0.80490642786026,0.6598770022392273,0.5645630955696106,0.676222026348114,0.8381727337837219,2.247965097427368,2.598883867263794,2.6182494163513184,2.761457681655884,2.5482232570648193,2.4091241359710693,2.0318357944488525,1.8966879844665527,1.5754624605178833,1.4543349742889404,1.2284847497940063,1.173725962638855,1.145652174949646,1.1833223104476929,1.3370134830474854,2.5280890464782715,2.8748488426208496,2.8497281074523926,3.0010902881622314,2.747443675994873,2.648236036300659,2.2999517917633057,2.2261486053466797,1.947863221168518,1.9107787609100342,1.7383406162261963,1.7428128719329834,1.7331568002700806,1.7221615314483643,1.879402756690979
