,A1,A2,A3,A4,A5,A6,A7,A8,A9,A10,A11,A12,A13,A14,A15,B1,B2,B3,B4,B5,B6,B7,B8,B9,B10,B11,B12,B13,B14,B15,C1,C2,C3,C4,C5,C6,C7,C8,C9,C10,C11,C12,C13,C14,C15,D1,D2,D3,D4,D5,D6,D7,D8,D9,D10,D11,D12,D13,D14,D15,E1,E2,E3,E4,E5,E6,E7,E8,E9,E10,E11,E12,E13,E14,E15
A1,0.0,0.3857544958591461,0.523544430732727,0.8595733642578125,1.0984396934509277,1.436576008796692,1.6593961715698242,1.9994255304336548,2.2164220809936523,2.5604665279388428,2.755248785018921,3.1336214542388916,3.340602397918701,3.6924779415130615,3.90913462638855,1.9739949703216553,1.6402159929275513,1.4934123754501343,1.3108034133911133,1.2951850891113281,1.5119397640228271,1.7882578372955322,2.0359292030334473,2.3396339416503906,2.6073107719421387,2.872234582901001,3.2321364879608154,3.45660138130188,3.8243942260742188,4.055168628692627,2.4456732273101807,2.187101364135742,1.9692254066467285,1.8675636053085327,1.7182537317276,1.8494423627853394,2.0806779861450195,2.2138397693634033,2.546856164932251,2.7323949337005615,3.0570006370544434,3.329172134399414,3.63879132270813,3.877622127532959,4.156134128570557,3.1384940147399902,2.8190457820892334,2.641880750656128,2.436431884765625,2.2256534099578857,2.286346673965454,2.451535224914551,2.486492395401001,2.7951736450195312,2.8933591842651367,3.2507548332214355,3.434690237045288,3.7946970462799072,3.9631845951080322,4.280080318450928,3.7745370864868164,3.371016502380371,3.2418136596679688,3.1258225440979004,2.824366807937622,2.841421365737915,2.9300482273101807,2.870943546295166,3.0888113975524902,3.084160089492798,3.3800346851348877,3.374143600463867,3.7313292026519775,3.697183847427368,4.041007041931152
A2,0.3857544958591461,0.0,0.3882082402706146,0.5955885648727417,0.8283553719520569,1.1108379364013672,1.3791261911392212,1.6921850442886353,1.9250377416610718,2.263721227645874,2.4642834663391113,2.839841365814209,3.050994634628296,3.394153356552124,3.608314037322998,1.8755606412887573,1.529087781906128,1.311852216720581,1.0755345821380615,0.9858905673027039,1.1488691568374634,1.4422029256820679,1.6701313257217407,1.9862993955612183,2.2483885288238525,2.5201430320739746,2.878648519515991,3.1060357093811035,3.4775941371917725,3.7103404998779297,2.2505545616149902,1.9891537427902222,1.7255630493164062,1.6047863960266113,1.404157280921936,1.4993700981140137,1.7185065746307373,1.8333734273910522,2.169384717941284,2.3490686416625977,2.6766855716705322,2.949155807495117,3.2599565982818604,3.503769874572754,3.7825825214385986,2.8753955364227295,2.5630862712860107,2.3848767280578613,2.1636581420898438,1.9184539318084717,1.9600005149841309,2.0979385375976562,2.1197264194488525,2.419485092163086,2.5117814540863037,2.8676705360412598,3.0500497817993164,3.409554958343506,3.577850103378296,3.8944201469421387,3.459956645965576,3.0537915229797363,2.95221209526062,2.8380072116851807,2.518758535385132,2.5363681316375732,2.5948843955993652,2.5347328186035156,2.7336270809173584,2.729269027709961,3.0156424045562744,3.011451005935669,3.364365816116333,3.3300223350524902,3.6772820949554443
A3,0.523544430732727,0.3882082402706146,0.0,0.3621365427970886,0.6311321258544922,0.9797723293304443,1.1549065113067627,1.51186203956604,1.7052485942840576,2.056802749633789,2.2405409812927246,2.6206352710723877,2.824436664581299,3.1794278621673584,3.4023489952087402,1.6013681888580322,1.2976278066635132,1.0765985250473022,0.9373030662536621,0.856087863445282,1.122528076171875,1.3363804817199707,1.6095638275146484,1.8840564489364624,2.1606321334838867,2.4087557792663574,2.76957106590271,2.989525556564331,3.3488101959228516,3.5816421508789062,2.0528202056884766,1.8414908647537231,1.594820261001587,1.5540481805801392,1.369726538658142,1.5467627048492432,1.7123490571975708,1.8742096424102783,2.1704483032226562,2.3670454025268555,2.670571804046631,2.9400084018707275,3.2387025356292725,3.458329439163208,3.7332026958465576,2.776519298553467,2.4778683185577393,2.346398115158081,2.174199104309082,1.9460619688034058,2.0556671619415283,2.1641154289245605,2.234328031539917,2.5032923221588135,2.619499444961548,2.9532413482666016,3.1367385387420654,3.4840240478515625,3.6268727779388428,3.9380598068237305,3.452471971511841,3.047938585281372,2.948435068130493,2.8818070888519287,2.5840065479278564,2.658662796020508,2.7138235569000244,2.701889991760254,2.887303352355957,2.917612314224243,3.188295364379883,3.200312376022339,3.5388946533203125,3.4955337047576904,3.846334457397461
A4,0.8595733642578125,0.5955885648727417,0.3621365427970886,0.0,0.38975197076797485,0.6598960757255554,0.8336182832717896,1.1825535297393799,1.3664458990097046,1.7247092723846436,1.9002951383590698,2.2827484607696533,2.482316255569458,2.8330440521240234,3.053156614303589,1.4533519744873047,1.1652531623840332,0.8639470338821411,0.7161911129951477,0.528546929359436,0.7981850504875183,0.9781720042228699,1.2629783153533936,1.5248546600341797,1.8099058866500854,2.04913330078125,2.413618326187134,2.6279120445251465,2.9884581565856934,3.2196319103240967,1.8114920854568481,1.62169349193573,1.3361281156539917,1.3159321546554565,1.0874848365783691,1.2695175409317017,1.3881745338439941,1.5605809688568115,1.8352606296539307,2.039869546890259,2.330573797225952,2.6031150817871094,2.892921209335327,3.1099777221679688,3.3798258304595947,2.4961283206939697,2.212859630584717,2.1024179458618164,1.9399113655090332,1.6902931928634644,1.8144488334655762,1.8798320293426514,1.9646930694580078,2.2068021297454834,2.333249807357788,2.6511378288269043,2.837568759918213,3.174558401107788,3.3085782527923584,3.613468647003174,3.156883478164673,2.752878189086914,2.6808366775512695,2.6375646591186523,2.3368594646453857,2.4383881092071533,2.4645259380340576,2.476961374282837,2.6379618644714355,2.688338041305542,2.9417028427124023,2.9676129817962646,3.2936947345733643,3.251485586166382,3.605652332305908
A5,1.0984396934509277,0.8283553719520569,0.6311321258544922,0.38975197076797485,0.0,0.40291398763656616,0.5880967974662781,0.9129130244255066,1.1628822088241577,1.4771755933761597,1.7101885080337524,2.070155143737793,2.3208696842193604,2.6711177825927734,2.9281089305877686,1.6789487600326538,1.4487553834915161,1.1097677946090698,1.0070362091064453,0.6977929472923279,0.8337739706039429,0.9161407947540283,1.1165307760238647,1.386932373046875,1.6108773946762085,1.8832188844680786,2.2152111530303955,2.4755678176879883,2.813418388366699,3.0802600383758545,1.9933409690856934,1.8546035289764404,1.5412241220474243,1.5476548671722412,1.2594850063323975,1.3818159103393555,1.4102582931518555,1.5155515670776367,1.7577239274978638,1.9005241394042969,2.197122097015381,2.422973871231079,2.737408399581909,2.918560266494751,3.214036226272583,2.640075922012329,2.386045217514038,2.303992986679077,2.1457712650299072,1.8604533672332764,1.9578481912612915,1.9499852657318115,1.994203805923462,2.1868209838867188,2.2638490200042725,2.5672714710235596,2.705489158630371,3.0504977703094482,3.145461320877075,3.466701030731201,3.25266695022583,2.8522515296936035,2.831920862197876,2.807530164718628,2.491947650909424,2.5951757431030273,2.563793420791626,2.56414532661438,2.672037363052368,2.696065902709961,2.909991979598999,2.9003102779388428,3.2009143829345703,3.117123603820801,3.459660291671753
A6,1.436576008796692,1.1108379364013672,0.9797723293304443,0.6598960757255554,0.40291398763656616,0.0,0.38395264744758606,0.5899659991264343,0.8758116960525513,1.1720623970031738,1.41379976272583,1.7654081583023071,2.021665334701538,2.356799364089966,2.6105215549468994,1.731698989868164,1.5248045921325684,1.1486455202102661,1.0309144258499146,0.6417483687400818,0.6027451157569885,0.5863358974456787,0.7225793600082397,1.0010018348693848,1.2120850086212158,1.4953498840332031,1.8259989023208618,2.092914581298828,2.4346096515655518,2.7059485912323,1.8904931545257568,1.7735165357589722,1.4258562326431274,1.4320271015167236,1.0950604677200317,1.1577831506729126,1.1003360748291016,1.1716281175613403,1.3809844255447388,1.5101042985916138,1.799684762954712,2.0219533443450928,2.335137128829956,2.516930341720581,2.8127150535583496,2.4201338291168213,2.1924898624420166,2.126802682876587,1.969918966293335,1.6573842763900757,1.738205075263977,1.6639243364334106,1.6987766027450562,1.8471322059631348,1.9172520637512207,2.2006094455718994,2.3325607776641846,2.6688244342803955,2.754318952560425,3.072154998779297,2.9591097831726074,2.564974069595337,2.5889058113098145,2.580399751663208,2.2587504386901855,2.3738880157470703,2.2962751388549805,2.3098485469818115,2.377573251724243,2.4115986824035645,2.5975348949432373,2.5954060554504395,2.877410650253296,2.7924559116363525,3.1353611946105957
A7,1.6593961715698242,1.3791261911392212,1.1549065113067627,0.8336182832717896,0.5880967974662781,0.38395264744758606,0.0,0.3870096206665039,0.5777139663696289,0.9032620191574097,1.1236194372177124,1.4845880270004272,1.736984372138977,2.0885860919952393,2.357550859451294,1.5832879543304443,1.461289644241333,1.0975927114486694,1.1053389310836792,0.772307813167572,0.828874409198761,0.6431537866592407,0.8090982437133789,0.9534218907356262,1.1655009984970093,1.3908429145812988,1.7117559909820557,1.9624766111373901,2.2799391746520996,2.5499348640441895,1.7577255964279175,1.7196696996688843,1.4044291973114014,1.5028778314590454,1.2126045227050781,1.3497651815414429,1.224850058555603,1.3467960357666016,1.471259593963623,1.6122697591781616,1.844283103942871,2.050752878189087,2.3333024978637695,2.4766316413879395,2.7597687244415283,2.3546831607818604,2.1581692695617676,2.1524105072021484,2.055821418762207,1.7776908874511719,1.9221364259719849,1.8197357654571533,1.9072024822235107,2.009384870529175,2.105437755584717,2.3452095985412598,2.4742252826690674,2.7807374000549316,2.832716464996338,3.1337521076202393,2.9720070362091064,2.5915520191192627,2.6239137649536133,2.669008731842041,2.381509780883789,2.5503458976745605,2.4723103046417236,2.5351998805999756,2.5883026123046875,2.658675193786621,2.823009729385376,2.8410418033599854,3.099027156829834,3.0102856159210205,3.3471672534942627
A8,1.9994255304336548,1.6921850442886353,1.51186203956604,1.1825535297393799,0.9129130244255066,0.5899659991264343,0.3870096206665039,0.0,0.3728559613227844,0.586166262626648,0.8688262701034546,1.1925698518753052,1.4861931800842285,1.817484736442566,2.1052777767181396,1.8417434692382812,1.7495362758636475,1.3850194215774536,1.380744218826294,1.0319859981536865,0.949353814125061,0.6637837886810303,0.6439932584762573,0.7135230898857117,0.831359326839447,1.0724530220031738,1.3579617738723755,1.6435883045196533,1.9435462951660156,2.2390406131744385,1.8833706378936768,1.8798214197158813,1.5545710325241089,1.65091872215271,1.3392410278320312,1.400704026222229,1.1800717115402222,1.2289448976516724,1.2721129655838013,1.3518264293670654,1.5566638708114624,1.720122218132019,2.006493330001831,2.120835781097412,2.4161393642425537,2.344985008239746,2.190217971801758,2.20863676071167,2.1189093589782715,1.824103593826294,1.9382933378219604,1.7605438232421875,1.820290207862854,1.8510798215866089,1.9136537313461304,2.1127569675445557,2.2054619789123535,2.497680902481079,2.51479434967041,2.8159704208374023,2.864729881286621,2.501673936843872,2.591825485229492,2.6563773155212402,2.3686177730560303,2.541318655014038,2.4077682495117188,2.474714517593384,2.471243143081665,2.536917209625244,2.654376745223999,2.66237211227417,2.8845913410186768,2.7761173248291016,3.1000773906707764
A9,2.2164220809936523,1.9250377416610718,1.7052485942840576,1.3664458990097046,1.1628822088241577,0.8758116960525513,0.5777139663696289,0.3728559613227844,0.0,0.39341259002685547,0.5476383566856384,0.9174982309341431,1.1625248193740845,1.5114811658859253,1.789640188217163,1.6862062215805054,1.667618751525879,1.3375393152236938,1.4125392436981201,1.1346956491470337,1.1060832738876343,0.752509593963623,0.7928829193115234,0.685706615447998,0.8402517437934875,0.9502723813056946,1.242518663406372,1.4627305269241333,1.7520432472229004,2.018667697906494,1.6651328802108765,1.7323936223983765,1.448722004890442,1.6139358282089233,1.3620067834854126,1.480972409248352,1.2234996557235718,1.341455101966858,1.3093650341033936,1.4373172521591187,1.5640957355499268,1.7400450706481934,1.9645540714263916,2.0627424716949463,2.3194587230682373,2.13417649269104,2.0150487422943115,2.0887227058410645,2.0581371784210205,1.8078433275222778,1.9807713031768799,1.7912006378173828,1.9152185916900635,1.9147874116897583,2.028235912322998,2.183623790740967,2.30175518989563,2.550527334213257,2.557636022567749,2.8243377208709717,2.7170510292053223,2.372832775115967,2.465073823928833,2.5795772075653076,2.333847761154175,2.557711601257324,2.4355294704437256,2.557565927505493,2.554175853729248,2.6696763038635254,2.7792317867279053,2.8287343978881836,3.036241292953491,2.9513967037200928,3.2736916542053223
A10,2.5604665279388428,2.263721227645874,2.056802749633789,1.7247092723846436,1.4771755933761597,1.1720623970031738,0.9032620191574097,0.586166262626648,0.39341259002685547,0.0,0.3722900450229645,0.6167004108428955,0.9556108117103577,1.2759685516357422,1.6010202169418335,2.0387840270996094,2.048189163208008,1.726633071899414,1.7987391948699951,1.5085241794586182,1.424560308456421,1.0648375749588013,0.9762973785400391,0.7967105507850647,0.7667986750602722,0.8331767916679382,1.0110026597976685,1.2739261388778687,1.500045657157898,1.8065499067306519,1.9606128931045532,2.0626883506774902,1.7895305156707764,1.9521139860153198,1.6948782205581665,1.7615793943405151,1.455838918685913,1.500304937362671,1.3885005712509155,1.428389072418213,1.4995266199111938,1.5908160209655762,1.8043144941329956,1.8331178426742554,2.1012961864471436,2.324946403503418,2.2525229454040527,2.351848840713501,2.3325939178466797,2.0791563987731934,2.2235071659088135,1.9805341958999634,2.0717098712921143,2.002370834350586,2.0705158710479736,2.1721925735473633,2.234379529953003,2.456681728363037,2.4063639640808105,2.6674695014953613,2.8165833950042725,2.5020103454589844,2.646848440170288,2.7821812629699707,2.54463791847229,2.7675421237945557,2.5996525287628174,2.719961404800415,2.6627330780029297,2.7655632495880127,2.8233604431152344,2.8532586097717285,3.0153846740722656,2.900606870651245,3.1981425285339355
A11,2.755248785018921,2.4642834663391113,2.2405409812927246,1.9002951383590698,1.7101885080337524,1.41379976272583,1.1236194372177124,0.8688262701034546,0.5476383566856384,0.3722900450229645,0.0,0.39599019289016724,0.6225482821464539,0.9707346558570862,1.2732445001602173,1.9404003620147705,2.0061535835266113,1.726694941520691,1.8443500995635986,1.6165273189544678,1.5611129999160767,1.181797742843628,1.1434941291809082,0.8679993152618408,0.8888285160064697,0.7943897247314453,0.9682393670082092,1.11422860622406,1.329443097114563,1.5843427181243896,1.772773027420044,1.9339642524719238,1.7088810205459595,1.9152462482452393,1.7172939777374268,1.819638967514038,1.4992843866348267,1.599853515625,1.4362214803695679,1.5299874544143677,1.5269848108291626,1.6429938077926636,1.7788325548171997,1.8051543235778809,2.016507625579834,2.0956454277038574,2.0649709701538086,2.2132041454315186,2.247466564178467,2.0413191318511963,2.229614734649658,1.9837757349014282,2.130786895751953,2.04040789604187,2.1604344844818115,2.2242372035980225,2.321183919906616,2.497556686401367,2.4514236450195312,2.6701650619506836,2.626497745513916,2.337395191192627,2.4835734367370605,2.663118839263916,2.470284938812256,2.734851360321045,2.5813465118408203,2.7508742809295654,2.6985890865325928,2.8488738536834717,2.9047882556915283,2.978976011276245,3.132280111312866,3.0506536960601807,3.3481149673461914
A12,3.1336214542388916,2.839841365814209,2.6206352710723877,2.2827484607696533,2.070155143737793,1.7654081583023071,1.4845880270004272,1.1925698518753052,0.9174982309341431,0.6167004108428955,0.39599019289016724,0.0,0.41053009033203125,0.6858084201812744,1.0472370386123657,2.2943835258483887,2.385114908218384,2.1171751022338867,2.236574649810791,2.005016565322876,1.9223533868789673,1.5431287288665771,1.445032000541687,1.1455905437469482,1.0497353076934814,0.8836451172828674,0.8837538361549377,1.0041766166687012,1.1013283729553223,1.3747813701629639,2.081695318222046,2.2724573612213135,2.0657224655151367,2.2714130878448486,2.078627347946167,2.1502132415771484,1.8053838014602661,1.860578179359436,1.6392652988433838,1.6685415506362915,1.596644639968872,1.628996729850769,1.7161508798599243,1.659307599067688,1.851325511932373,2.3023338317871094,2.3208932876586914,2.494781970977783,2.5463509559631348,2.349501609802246,2.5199570655822754,2.2393980026245117,2.367208957672119,2.2206056118011475,2.310464859008789,2.315938949584961,2.3676321506500244,2.499495267868042,2.3978874683380127,2.590486526489258,2.744952917098999,2.497614860534668,2.686609983444214,2.8898754119873047,2.7169251441955566,2.984199285507202,2.7989845275878906,2.9741897583007812,2.879155397415161,3.0265393257141113,3.0365397930145264,3.10292649269104,3.210813283920288,3.1120388507843018,3.381425142288208
A13,3.340602397918701,3.050994634628296,2.824436664581299,2.482316255569458,2.3208696842193604,2.021665334701538,1.736984372138977,1.4861931800842285,1.1625248193740845,0.9556108117103577,0.6225482821464539,0.41053009033203125,0.0,0.3688577115535736,0.6806926727294922,2.259716033935547,2.395634651184082,2.175029754638672,2.3234965801239014,2.1506924629211426,2.088981866836548,1.7111090421676636,1.6552472114562988,1.313357949256897,1.2750502824783325,1.010695219039917,1.0112518072128296,0.9558582305908203,1.0201376676559448,1.1859294176101685,1.9504199028015137,2.191021203994751,2.0407984256744385,2.2743496894836426,2.142951011657715,2.239858865737915,1.8973420858383179,1.9990252256393433,1.7468169927597046,1.828472375869751,1.6966700553894043,1.7614492177963257,1.7621967792510986,1.7159446477890015,1.8270186185836792,2.0892767906188965,2.159451961517334,2.3795199394226074,2.4841549396514893,2.3413400650024414,2.5466294288635254,2.27262544631958,2.449812173843384,2.290210008621216,2.430276870727539,2.4024925231933594,2.493560791015625,2.5774145126342773,2.4909427165985107,2.632631778717041,2.550830602645874,2.3420820236206055,2.5297300815582275,2.775811195373535,2.655383348464966,2.9580085277557373,2.791849374771118,3.0128579139709473,2.9265499114990234,3.119471311569214,3.130898952484131,3.2426466941833496,3.3446502685546875,3.2846972942352295,3.5538747310638428
A14,3.6924779415130615,3.394153356552124,3.1794278621673584,2.8330440521240234,2.6711177825927734,2.356799364089966,2.0885860919952393,1.817484736442566,1.5114811658859253,1.2759685516357422,0.9707346558570862,0.6858084201812744,0.3688577115535736,0.0,0.38847973942756653,2.573437213897705,2.71846079826355,2.509615659713745,2.64957332611084,2.4822072982788086,2.3943846225738525,2.02087664604187,1.9315965175628662,1.574654459953308,1.4874076843261719,1.1790716648101807,1.0707794427871704,0.9191383123397827,0.8448678851127625,0.9463657140731812,2.198827028274536,2.4517059326171875,2.3201754093170166,2.5441441535949707,2.4260690212249756,2.4956705570220947,2.140510082244873,2.2159645557403564,1.9219872951507568,1.972193956375122,1.7776597738265991,1.793499231338501,1.7205477952957153,1.620897650718689,1.6703118085861206,2.201718807220459,2.3210411071777344,2.5595195293426514,2.681267738342285,2.556945562362671,2.7467896938323975,2.4505059719085693,2.6202707290649414,2.4167518615722656,2.546694278717041,2.4640309810638428,2.5347917079925537,2.563711404800415,2.446216344833374,2.5420520305633545,2.5532824993133545,2.3968007564544678,2.6201329231262207,2.8873791694641113,2.7964954376220703,3.1017162799835205,2.914952039718628,3.148662805557251,3.0310676097869873,3.233186721801758,3.2089357376098633,3.330362558364868,3.3944036960601807,3.339808940887451,3.584786891937256
A15,3.90913462638855,3.608314037322998,3.4023489952087402,3.053156614303589,2.9281089305877686,2.6105215549468994,2.357550859451294,2.1052777767181396,1.789640188217163,1.6010202169418335,1.2732445001602173,1.0472370386123657,0.6806926727294922,0.38847973942756653,0.0,2.659655809402466,2.8202857971191406,2.645799398422241,2.787379026412964,2.660412311553955,2.5718109607696533,2.2127158641815186,2.139632225036621,1.7690025568008423,1.7127221822738647,1.3651186227798462,1.265156865119934,0.9905514121055603,0.8895223736763,0.8173001408576965,2.1935408115386963,2.4644784927368164,2.3761346340179443,2.600130796432495,2.528329372406006,2.597831964492798,2.251706600189209,2.3467302322387695,2.0332465171813965,2.1135294437408447,1.8749518394470215,1.9136308431625366,1.765520453453064,1.6870808601379395,1.6500403881072998,2.058522939682007,2.2303175926208496,2.4962167739868164,2.6542367935180664,2.5762779712677,2.776362180709839,2.4858124256134033,2.6832635402679443,2.465406894683838,2.6284983158111572,2.512674570083618,2.613172769546509,2.594266176223755,2.4955646991729736,2.5385172367095947,2.3568618297576904,2.253504514694214,2.4838383197784424,2.7812392711639404,2.7406415939331055,3.0636146068573,2.888244390487671,3.1545462608337402,3.0382494926452637,3.274441719055176,3.2453014850616455,3.4045493602752686,3.4580159187316895,3.440411329269409,3.6799073219299316
B1,1.9739949703216553,1.8755606412887573,1.6013681888580322,1.4533519744873047,1.6789487600326538,1.731698989868164,1.5832879543304443,1.8417434692382812,1.6862062215805054,2.0387840270996094,1.9404003620147705,2.2943835258483887,2.259716033935547,2.573437213897705,2.659655809402466,0.0,0.39945483207702637,0.648306667804718,0.9853558540344238,1.2583404779434204,1.6002360582351685,1.5571281909942627,1.9283615350723267,1.915934681892395,2.2792561054229736,2.2836050987243652,2.652963638305664,2.6630802154541016,2.9900243282318115,3.0765717029571533,0.772306501865387,0.8057240843772888,0.9127948880195618,1.1883544921875,1.3476847410202026,1.7441366910934448,1.7985810041427612,2.1637375354766846,2.2736928462982178,2.6123552322387695,2.7345991134643555,3.063814878463745,3.193582534790039,3.4030957221984863,3.5474019050598145,1.777454137802124,1.5570313930511475,1.6148039102554321,1.7088412046432495,1.722617506980896,2.0788047313690186,2.175896406173706,2.4763176441192627,2.656550645828247,2.945188522338867,3.1577987670898438,3.4394068717956543,3.6625068187713623,3.8019373416900635,4.005367279052734,2.7816765308380127,2.452587842941284,2.2776083946228027,2.3837802410125732,2.2785444259643555,2.553572654724121,2.6874189376831055,2.8883473873138428,3.0886528491973877,3.306687116622925,3.5584969520568848,3.724412441253662,4.024043560028076,4.06850004196167,4.430117607116699
B2,1.6402159929275513,1.529087781906128,1.2976278066635132,1.1652531623840332,1.4487553834915161,1.5248045921325684,1.461289644241333,1.7495362758636475,1.667618751525879,2.048189163208008,2.0061535835266113,2.385114908218384,2.395634651184082,2.71846079826355,2.8202857971191406,0.39945483207702637,0.0,0.3814936876296997,0.6419562101364136,0.9763617515563965,1.3337167501449585,1.3764691352844238,1.7606451511383057,1.8167039155960083,2.193129301071167,2.2484426498413086,2.638601541519165,2.681816816329956,3.038210153579712,3.145688772201538,0.8946002721786499,0.7420079708099365,0.7496311664581299,0.9325730800628662,1.0775387287139893,1.4699243307113647,1.5913851261138916,1.9478285312652588,2.1154396533966064,2.4550299644470215,2.619365930557251,2.9629786014556885,3.1233394145965576,3.3619492053985596,3.5269529819488525,1.8048696517944336,1.5291811227798462,1.5014443397521973,1.5169094800949097,1.493536114692688,1.8181369304656982,1.9561941623687744,2.2313671112060547,2.454693555831909,2.7324700355529785,2.9792287349700928,3.2657220363616943,3.5137197971343994,3.678065061569214,3.899251699447632,2.732461929321289,2.375535726547241,2.1901895999908447,2.2361040115356445,2.0865845680236816,2.317678213119507,2.463405132293701,2.62742018699646,2.8501172065734863,3.0444374084472656,3.3184449672698975,3.4721744060516357,3.7917604446411133,3.8404128551483154,4.20638370513916
B3,1.4934123754501343,1.311852216720581,1.0765985250473022,0.8639470338821411,1.1097677946090698,1.1486455202102661,1.0975927114486694,1.3850194215774536,1.3375393152236938,1.726633071899414,1.726694941520691,2.1171751022338867,2.175029754638672,2.509615659713745,2.645799398422241,0.648306667804718,0.3814936876296997,0.0,0.37009701132774353,0.6162092685699463,0.9807983636856079,1.0114659070968628,1.3976150751113892,1.4804455041885376,1.8510571718215942,1.9412696361541748,2.3339545726776123,2.4174814224243164,2.7808327674865723,2.9230000972747803,0.9806165099143982,0.8271190524101257,0.6510059833526611,0.8137227296829224,0.8236013054847717,1.2037440538406372,1.2934980392456055,1.629223346710205,1.8066699504852295,2.1253366470336914,2.3116023540496826,2.6424031257629395,2.8306691646575928,3.0632619857788086,3.2542037963867188,1.8093935251235962,1.535030484199524,1.496374249458313,1.4600698947906494,1.346282958984375,1.638352394104004,1.7295920848846436,1.9726531505584717,2.185260772705078,2.4346563816070557,2.6901419162750244,2.954122543334961,3.2193763256073,3.3704330921173096,3.6108028888702393,2.6590285301208496,2.280904769897461,2.1491503715515137,2.185544967651367,1.9830936193466187,2.199265241622925,2.29245924949646,2.4324164390563965,2.6245923042297363,2.794116735458374,3.0529985427856445,3.181628704071045,3.495579957962036,3.520918130874634,3.8852195739746094
B4,1.3108034133911133,1.0755345821380615,0.9373030662536621,0.7161911129951477,1.0070362091064453,1.0309144258499146,1.1053389310836792,1.380744218826294,1.4125392436981201,1.7987391948699951,1.8443500995635986,2.236574649810791,2.3234965801239014,2.64957332611084,2.787379026412964,0.9853558540344238,0.6419562101364136,0.37009701132774353,0.0,0.39976468682289124,0.7349786758422852,0.8940280079841614,1.2641987800598145,1.4195364713668823,1.7878004312515259,1.9221892356872559,2.3225104808807373,2.428508996963501,2.8125202655792236,2.9654042720794678,1.181362509727478,0.9278176426887512,0.6636831164360046,0.6507756114006042,0.5820761919021606,0.9257266521453857,1.096663475036621,1.4086297750473022,1.6461102962493896,1.9602488279342651,2.183675527572632,2.525848388671875,2.7367007732391357,2.9983434677124023,3.201864242553711,1.8473268747329712,1.5439140796661377,1.428993821144104,1.3071393966674805,1.1387410163879395,1.3739427328109741,1.4998637437820435,1.70760977268219,1.96147882938385,2.1974265575408936,2.483208417892456,2.7520833015441895,3.036465883255005,3.213695764541626,3.465801477432251,2.5847160816192627,2.1900248527526855,2.0603277683258057,2.0380465984344482,1.79099702835083,1.9555972814559937,2.049463987350464,2.1489644050598145,2.3575124740600586,2.502753257751465,2.78044056892395,2.8991825580596924,3.230133295059204,3.2633886337280273,3.630303382873535
B5,1.2951850891113281,0.9858905673027039,0.856087863445282,0.528546929359436,0.6977929472923279,0.6417483687400818,0.772307813167572,1.0319859981536865,1.1346956491470337,1.5085241794586182,1.6165273189544678,2.005016565322876,2.1506924629211426,2.4822072982788086,2.660412311553955,1.2583404779434204,0.9763617515563965,0.6162092685699463,0.39976468682289124,0.0,0.4077574908733368,0.5729172825813293,0.9253792762756348,1.1369577646255493,1.4772664308547974,1.6653512716293335,2.055152177810669,2.2166943550109863,2.5965962409973145,2.7921860218048096,1.4042174816131592,1.2069538831710815,0.8716981410980225,0.8502224683761597,0.5854845643043518,0.8179754614830017,0.911557674407959,1.159433364868164,1.407642126083374,1.6748719215393066,1.9291725158691406,2.242534637451172,2.4913601875305176,2.735257387161255,2.972085475921631,1.9885095357894897,1.712679386138916,1.6116682291030884,1.4600740671157837,1.2036174535751343,1.3700735569000244,1.4123409986495972,1.5574530363082886,1.7832638025283813,1.9672889709472656,2.2606470584869385,2.4896128177642822,2.7961466312408447,2.948094367980957,3.2250473499298096,2.632338762283325,2.229761838912964,2.1678860187530518,2.146240472793579,1.8552910089492798,1.9983750581741333,2.017665386199951,2.082688570022583,2.239656448364258,2.3459320068359375,2.5953643321990967,2.674412965774536,2.993164300918579,2.9889771938323975,3.35168194770813
B6,1.5119397640228271,1.1488691568374634,1.122528076171875,0.7981850504875183,0.8337739706039429,0.6027451157569885,0.828874409198761,0.949353814125061,1.1060832738876343,1.424560308456421,1.5611129999160767,1.9223533868789673,2.088981866836548,2.3943846225738525,2.5718109607696533,1.6002360582351685,1.3337167501449585,0.9807983636856079,0.7349786758422852,0.4077574908733368,0.0,0.38086366653442383,0.6173573136329651,0.8957959413528442,1.2054656744003296,1.4301478862762451,1.809598445892334,1.9926177263259888,2.3809213638305664,2.589047908782959,1.5866385698318481,1.3884756565093994,1.0160036087036133,0.9190071821212769,0.5450065732002258,0.5609962940216064,0.6032499670982361,0.7736032009124756,1.056823968887329,1.3011575937271118,1.5827237367630005,1.8949106931686401,2.16200590133667,2.4227709770202637,2.6709141731262207,1.971193552017212,1.7156928777694702,1.5953993797302246,1.3972402811050415,1.0701512098312378,1.1442630290985107,1.1186693906784058,1.2035382986068726,1.4168236255645752,1.571528434753418,1.8746860027313232,2.0937936305999756,2.4114205837249756,2.5704290866851807,2.8566200733184814,2.458292007446289,2.0541999340057373,2.047551393508911,2.003957986831665,1.674190878868103,1.782979130744934,1.738937258720398,1.7741343975067139,1.892415165901184,1.9766690731048584,2.209494113922119,2.2761008739471436,2.5897889137268066,2.5814220905303955,2.9441072940826416
B7,1.7882578372955322,1.4422029256820679,1.3363804817199707,0.9781720042228699,0.9161407947540283,0.5863358974456787,0.6431537866592407,0.6637837886810303,0.752509593963623,1.0648375749588013,1.181797742843628,1.5431287288665771,1.7111090421676636,2.02087664604187,2.2127158641815186,1.5571281909942627,1.3764691352844238,1.0114659070968628,0.8940280079841614,0.5729172825813293,0.38086366653442383,0.0,0.38630446791648865,0.5682913064956665,0.9064016342163086,1.103412389755249,1.4884400367736816,1.6725131273269653,2.0506179332733154,2.2692148685455322,1.4819453954696655,1.3765106201171875,1.011236548423767,1.0275932550430298,0.688984751701355,0.7514147758483887,0.5831432938575745,0.7678779363632202,0.9217391610145569,1.1634114980697632,1.3964805603027344,1.6913292407989502,1.9425979852676392,2.1691787242889404,2.4162557125091553,1.8643978834152222,1.6568623781204224,1.6120668649673462,1.4803669452667236,1.1732951402664185,1.2995895147323608,1.1789754629135132,1.2986701726913452,1.416685938835144,1.5756382942199707,1.8233815431594849,2.0231568813323975,2.315573215484619,2.4312586784362793,2.708836078643799,2.3801164627075195,1.9896320104599,2.028463840484619,2.050762176513672,1.7501251697540283,1.9178093671798706,1.8331146240234375,1.917925238609314,1.9825756549835205,2.094489336013794,2.2787704467773438,2.353083372116089,2.6281521320343018,2.601490020751953,2.9558699131011963
B8,2.0359292030334473,1.6701313257217407,1.6095638275146484,1.2629783153533936,1.1165307760238647,0.7225793600082397,0.8090982437133789,0.6439932584762573,0.7928829193115234,0.9762973785400391,1.1434941291809082,1.445032000541687,1.6552472114562988,1.9315965175628662,2.139632225036621,1.9283615350723267,1.7606451511383057,1.3976150751113892,1.2641987800598145,0.9253792762756348,0.6173573136329651,0.38630446791648865,0.0,0.3734528422355652,0.5964164137840271,0.8734140396118164,1.2230401039123535,1.462712049484253,1.8319591283798218,2.0840940475463867,1.784502625465393,1.6978545188903809,1.3349344730377197,1.3203963041305542,0.9685614705085754,0.8782362341880798,0.6072458624839783,0.5852206945419312,0.6784364581108093,0.824660062789917,1.0862884521484375,1.3456553220748901,1.6339914798736572,1.8517837524414062,2.127406120300293,2.0147457122802734,1.8461281061172485,1.805152416229248,1.6568137407302856,1.3213237524032593,1.3602904081344604,1.146798849105835,1.1779958009719849,1.2191108465194702,1.3070186376571655,1.5376925468444824,1.6908513307571411,1.9947644472122192,2.08662748336792,2.382744550704956,2.373098611831665,1.9987246990203857,2.106227397918701,2.123702049255371,1.8057632446289062,1.9424837827682495,1.7812949419021606,1.835469365119934,1.8284194469451904,1.905485987663269,2.0403194427490234,2.083005905151367,2.329813003540039,2.273752450942993,2.619478464126587
B9,2.3396339416503906,1.9862993955612183,1.8840564489364624,1.5248546600341797,1.386932373046875,1.0010018348693848,0.9534218907356262,0.7135230898857117,0.685706615447998,0.7967105507850647,0.8679993152618408,1.1455905437469482,1.313357949256897,1.574654459953308,1.7690025568008423,1.915934681892395,1.8167039155960083,1.4804455041885376,1.4195364713668823,1.1369577646255493,0.8957959413528442,0.5682913064956665,0.3734528422355652,0.0,0.3862433433532715,0.5384567379951477,0.9231016635894775,1.1206140518188477,1.4947798252105713,1.7339869737625122,1.669359564781189,1.656375527381897,1.3292557001113892,1.3823331594467163,1.0931503772735596,1.0497665405273438,0.697361946105957,0.7324617505073547,0.6259148120880127,0.7977196574211121,0.9343323111534119,1.1949776411056519,1.422671914100647,1.6192225217819214,1.8669681549072266,1.8265496492385864,1.7130273580551147,1.737635612487793,1.653755784034729,1.3618422746658325,1.4532105922698975,1.1880356073379517,1.2830064296722412,1.2368229627609253,1.3647997379302979,1.5129295587539673,1.6725192070007324,1.9197617769241333,1.9815243482589722,2.2439334392547607,2.1896960735321045,1.8397352695465088,1.984017014503479,2.063455581665039,1.7904475927352905,1.9847129583358765,1.8077666759490967,1.925652265548706,1.8873481750488281,2.0157904624938965,2.1131844520568848,2.1931753158569336,2.4010086059570312,2.3573074340820312,2.6908178329467773
B10,2.6073107719421387,2.2483885288238525,2.1606321334838867,1.8099058866500854,1.6108773946762085,1.2120850086212158,1.1655009984970093,0.831359326839447,0.8402517437934875,0.7667986750602722,0.8888285160064697,1.0497353076934814,1.2750502824783325,1.4874076843261719,1.7127221822738647,2.2792561054229736,2.193129301071167,1.8510571718215942,1.7878004312515259,1.4772664308547974,1.2054656744003296,0.9064016342163086,0.5964164137840271,0.3862433433532715,0.0,0.37280628085136414,0.6408129334449768,0.9468117952346802,1.278489589691162,1.574381947517395,2.024914264678955,2.0329535007476807,1.7123665809631348,1.7561061382293701,1.4576828479766846,1.3567423820495605,0.9975617527961731,0.8939966559410095,0.6971780061721802,0.6654066443443298,0.759462833404541,0.9077320694923401,1.1754776239395142,1.31802237033844,1.6092655658721924,2.100741386413574,2.0258257389068604,2.0612986087799072,1.974802851676941,1.6770092248916626,1.7125705480575562,1.3985517024993896,1.4155958890914917,1.283321499824524,1.3171401023864746,1.4072208404541016,1.481379508972168,1.7203980684280396,1.7200279235839844,1.9992527961730957,2.334420680999756,2.0176682472229004,2.2191545963287354,2.302112340927124,2.0296623706817627,2.1978821754455566,1.9636130332946777,2.053649425506592,1.9444671869277954,2.0340752601623535,2.065288543701172,2.104475498199463,2.261442184448242,2.173367977142334,2.48287034034729
B11,2.872234582901001,2.5201430320739746,2.4087557792663574,2.04913330078125,1.8832188844680786,1.4953498840332031,1.3908429145812988,1.0724530220031738,0.9502723813056946,0.8331767916679382,0.7943897247314453,0.8836451172828674,1.010695219039917,1.1790716648101807,1.3651186227798462,2.2836050987243652,2.2484426498413086,1.9412696361541748,1.9221892356872559,1.6653512716293335,1.4301478862762451,1.103412389755249,0.8734140396118164,0.5384567379951477,0.37280628085136414,0.0,0.40321728587150574,0.6016125679016113,0.9605851173400879,1.2265305519104004,1.931611180305481,1.995194673538208,1.719367265701294,1.8041889667510986,1.566180944442749,1.4993925094604492,1.1186132431030273,1.0816481113433838,0.790438711643219,0.8179010152816772,0.7380101084709167,0.8887271285057068,1.0313167572021484,1.156153917312622,1.3879650831222534,1.9087376594543457,1.8908090591430664,1.980467677116394,1.9513055086135864,1.7039539813995361,1.7814745903015137,1.4489822387695312,1.5288952589035034,1.3453079462051392,1.4358466863632202,1.4470921754837036,1.5475937128067017,1.709122896194458,1.6928044557571411,1.9153047800064087,2.127948522567749,1.846330165863037,2.0759942531585693,2.2131335735321045,1.9920374155044556,2.2075986862182617,1.9740856885910034,2.123892068862915,2.002960443496704,2.1478137969970703,2.1581509113311768,2.246412515640259,2.373929262161255,2.3181591033935547,2.6143429279327393
B12,3.2321364879608154,2.878648519515991,2.76957106590271,2.413618326187134,2.2152111530303955,1.8259989023208618,1.7117559909820557,1.3579617738723755,1.242518663406372,1.0110026597976685,0.9682393670082092,0.8837538361549377,1.0112518072128296,1.0707794427871704,1.265156865119934,2.652963638305664,2.638601541519165,2.3339545726776123,2.3225104808807373,2.055152177810669,1.809598445892334,1.4884400367736816,1.2230401039123535,0.9231016635894775,0.6408129334449768,0.40321728587150574,0.0,0.4162880480289459,0.6537152528762817,0.9916793704032898,2.2847108840942383,2.3742809295654297,2.1129038333892822,2.1998870372772217,1.9645553827285767,1.8739056587219238,1.492487907409668,1.399118185043335,1.0761327743530273,0.978568434715271,0.7973304390907288,0.7610707879066467,0.8433367013931274,0.841578483581543,1.0917341709136963,2.186330795288086,2.212354898452759,2.320842981338501,2.3032612800598145,2.0656940937042236,2.1151883602142334,1.7579262256622314,1.7962689399719238,1.549057960510254,1.5744737386703491,1.5024787187576294,1.5181514024734497,1.6205458641052246,1.518485188484192,1.719620943069458,2.287585735321045,2.0582058429718018,2.334162712097168,2.4860265254974365,2.2844343185424805,2.4878056049346924,2.2172305583953857,2.3573672771453857,2.180082321166992,2.3045928478240967,2.249457836151123,2.3146755695343018,2.3775863647460938,2.292104959487915,2.5484302043914795
B13,3.45660138130188,3.1060357093811035,2.989525556564331,2.6279120445251465,2.4755678176879883,2.092914581298828,1.9624766111373901,1.6435883045196533,1.4627305269241333,1.2739261388778687,1.11422860622406,1.0041766166687012,0.9558582305908203,0.9191383123397827,0.9905514121055603,2.6630802154541016,2.681816816329956,2.4174814224243164,2.428508996963501,2.2166943550109863,1.9926177263259888,1.6725131273269653,1.462712049484253,1.1206140518188477,0.9468117952346802,0.6016125679016113,0.4162880480289459,0.0,0.4069715440273285,0.6287155151367188,2.1939072608947754,2.3182334899902344,2.106748104095459,2.212297201156616,2.038968801498413,1.9688806533813477,1.591270089149475,1.5536772012710571,1.1952346563339233,1.1799256801605225,0.9064395427703857,0.9277514219284058,0.8251816630363464,0.8436999320983887,0.9440949559211731,1.9586929082870483,2.0437026023864746,2.193631410598755,2.2267372608184814,2.046311855316162,2.1258468627929688,1.770042061805725,1.8658493757247925,1.594997525215149,1.6876416206359863,1.560225248336792,1.6315895318984985,1.6522226333618164,1.5721584558486938,1.6893949508666992,2.009648084640503,1.8302541971206665,2.1277079582214355,2.325732946395874,2.1833035945892334,2.4238288402557373,2.165766954421997,2.3620986938476562,2.1878387928009033,2.3705077171325684,2.3112635612487793,2.4364266395568848,2.485775947570801,2.4539151191711426,2.702998161315918
