,A1,A2,A3,A4,A5,A6,A7,A8,A9,A10,A11,A12,A13,A14,A15,B1,B2,B3,B4,B5,B6,B7,B8,B9,B10,B11,B12,B13,B14,B15,C1,C2,C3,C4,C5,C6,C7,C8,C9,C10,C11,C12,C13,C14,C15,D1,D2,D3,D4,D5,D6,D7,D8,D9,D10,D11,D12,D13,D14,D15,E1,E2,E3,E4,E5,E6,E7,E8,E9,E10,E11,E12,E13,E14,E15
A1,0.0,0.40153074264526367,0.592427134513855,0.8425012826919556,1.1617556810379028,1.3657560348510742,1.6621712446212769,1.951362133026123,2.2171850204467773,2.494630813598633,2.726116180419922,3.0007200241088867,3.1124558448791504,3.166095018386841,3.523329019546509,0.8813839554786682,1.1150662899017334,1.0129327774047852,1.3711729049682617,1.5358126163482666,1.6295758485794067,2.003472089767456,2.1583759784698486,2.4526472091674805,2.7688961029052734,2.8830060958862305,3.2259955406188965,3.351449489593506,3.2744171619415283,3.6402740478515625,1.3428568840026855,1.5890440940856934,1.3939248323440552,1.6343867778778076,1.8223990201950073,1.7445859909057617,2.1261770725250244,2.256920337677002,2.437965154647827,2.804821729660034,2.8994925022125244,3.261371612548828,3.3048009872436523,3.2307422161102295,3.612217426300049,1.4384886026382446,1.6576249599456787,1.4490779638290405,1.584031581878662,1.822973608970642,1.6854300498962402,2.028212785720825,2.195128917694092,2.3152196407318115,2.6953983306884766,2.8082287311553955,3.160759687423706,3.128904104232788,3.065293312072754,3.4580118656158447,0.9388436079025269,1.0734996795654297,1.062551498413086,1.0552260875701904,1.422242283821106,1.4119632244110107,1.6607251167297363,1.9867597818374634,2.1082146167755127,2.420914649963379,2.672015428543091,2.9405791759490967,2.978635311126709,3.045008897781372,3.4091601371765137
A2,0.40153074264526367,0.0,0.37259483337402344,0.5531697273254395,0.8245490789413452,1.097968578338623,1.3538868427276611,1.643515706062317,1.93147611618042,2.176283597946167,2.4183177947998047,2.6735239028930664,2.8132569789886475,2.881507635116577,3.2235612869262695,1.0662953853607178,1.1670730113983154,0.985846996307373,1.3304803371429443,1.392019510269165,1.4785114526748657,1.842596411705017,1.9383474588394165,2.256336212158203,2.5537471771240234,2.6342356204986572,2.978883981704712,3.1263515949249268,3.0251388549804688,3.3786191940307617,1.5612984895706177,1.7294954061508179,1.4622491598129272,1.670538306236267,1.7815604209899902,1.6442880630493164,2.0148987770080566,2.0824971199035645,2.2465810775756836,2.615267038345337,2.6645681858062744,3.040438652038574,3.071183204650879,2.9612183570861816,3.342482328414917,1.6338975429534912,1.7709369659423828,1.5033406019210815,1.5706558227539062,1.7520781755447388,1.5381780862808228,1.8517487049102783,1.9770859479904175,2.0505523681640625,2.4352023601531982,2.521606922149658,2.875633716583252,2.814478874206543,2.737076759338379,3.1263511180877686,1.0767642259597778,1.0601884126663208,1.0057814121246338,0.8628561496734619,1.1981834173202515,1.1506361961364746,1.3380427360534668,1.6805206537246704,1.7693449258804321,2.0652244091033936,2.336683988571167,2.584604024887085,2.6166152954101562,2.708712577819824,3.063814163208008
A3,0.592427134513855,0.37259483337402344,0.0,0.374225378036499,0.6044208407402039,0.7987522482872009,1.11734938621521,1.3735365867614746,1.6606783866882324,1.9391816854476929,2.1493747234344482,2.4360601902008057,2.5592763423919678,2.595139741897583,2.950789451599121,1.012674331665039,1.0520881414413452,0.7738534808158875,1.069803237915039,1.119001865386963,1.1446759700775146,1.5204319953918457,1.6174463033676147,1.9143941402435303,2.228942632675171,2.3133888244628906,2.6653618812561035,2.7914013862609863,2.6963109970092773,3.059168577194214,1.3721942901611328,1.4716627597808838,1.1679052114486694,1.3371042013168335,1.429221272468567,1.273815631866455,1.642868995666504,1.720387578010559,1.888534426689148,2.2566633224487305,2.324965238571167,2.6945552825927734,2.7344706058502197,2.644834280014038,3.025662422180176,1.4160128831863403,1.4914672374725342,1.1882208585739136,1.249675989151001,1.3972036838531494,1.183121919631958,1.5143051147460938,1.635989785194397,1.7469985485076904,2.129002571105957,2.222294807434082,2.581047296524048,2.554014205932617,2.4796316623687744,2.872945785522461,1.0054072141647339,0.9395447969436646,0.7637127041816711,0.6416332125663757,0.9310916662216187,0.8398420810699463,1.0956037044525146,1.403210163116455,1.52572762966156,1.8501707315444946,2.085906982421875,2.367070436477661,2.4126479625701904,2.4641225337982178,2.8295352458953857
A4,0.8425012826919556,0.5531697273254395,0.374225378036499,0.0,0.38936346769332886,0.5861741304397583,0.8249374032020569,1.1422629356384277,1.3960189819335938,1.657161831855774,1.9090229272842407,2.166764974594116,2.28010630607605,2.3570311069488525,2.703573226928711,1.0462815761566162,0.9505013227462769,0.674842119216919,0.9397826790809631,0.8907826542854309,0.9925991892814636,1.3293765783309937,1.411612868309021,1.7521275281906128,2.026641845703125,2.1222639083862305,2.4519104957580566,2.6203629970550537,2.541308641433716,2.886127471923828,1.5057880878448486,1.5526775121688843,1.2235920429229736,1.4122744798660278,1.412187099456787,1.2707555294036865,1.6279261112213135,1.6363708972930908,1.8414862155914307,2.18935227394104,2.2129273414611816,2.590282440185547,2.6592800617218018,2.5313191413879395,2.899054765701294,1.6987594366073608,1.7408016920089722,1.4024581909179688,1.4672907590866089,1.5279134511947632,1.2705166339874268,1.5852978229522705,1.6185860633850098,1.7172402143478394,2.0943901538848877,2.1231367588043213,2.4994285106658936,2.4624993801116943,2.335892677307129,2.723761558532715,1.377919316291809,1.2839632034301758,1.0707619190216064,0.8870012164115906,1.0724952220916748,0.8564918637275696,1.0426990985870361,1.3159106969833374,1.3457303047180176,1.6812082529067993,1.907798409461975,2.187443733215332,2.181259870529175,2.2364273071289062,2.6058616638183594
A5,1.1617556810379028,0.8245490789413452,0.6044208407402039,0.38936346769332886,0.0,0.38013190031051636,0.5703044533729553,0.8241284489631653,1.1366463899612427,1.36777663230896,1.5964887142181396,1.8567700386047363,2.00929594039917,2.0696823596954346,2.4045486450195312,1.4047486782073975,1.2674442529678345,0.9481780529022217,1.1082441806793213,0.9402061700820923,0.9398234486579895,1.2393115758895874,1.2159450054168701,1.5511424541473389,1.8145942687988281,1.8515987396240234,2.194807767868042,2.363280773162842,2.2450578212738037,2.5825819969177246,1.7625054121017456,1.7423205375671387,1.382216453552246,1.483809471130371,1.4128727912902832,1.1880685091018677,1.4933664798736572,1.4331697225570679,1.5891815423965454,1.9357168674468994,1.9181307554244995,2.30436635017395,2.3468000888824463,2.194247245788574,2.564832925796509,1.843224048614502,1.805108904838562,1.4502073526382446,1.4261891841888428,1.418921947479248,1.0960668325424194,1.3448494672775269,1.3332037925720215,1.378428339958191,1.7531113624572754,1.7675001621246338,2.139395236968994,2.083477020263672,1.9579994678497314,2.3456993103027344,1.5052372217178345,1.3097857236862183,1.071260929107666,0.8076991438865662,0.8593332171440125,0.5852193832397461,0.6796422004699707,0.9488648772239685,0.9682500958442688,1.295674204826355,1.535042405128479,1.8062973022460938,1.8209788799285889,1.8884482383728027,2.250380277633667
A6,1.3657560348510742,1.097968578338623,0.7987522482872009,0.5861741304397583,0.38013190031051636,0.0,0.3905694782733917,0.6075800657272339,0.8651566505432129,1.1683865785598755,1.3683178424835205,1.6673619747161865,1.7674757242202759,1.800898551940918,2.159790515899658,1.3951913118362427,1.1904584169387817,0.8466920852661133,0.8776942491531372,0.6472058296203613,0.5778101086616516,0.863457202911377,0.8559596538543701,1.1900304555892944,1.4660176038742065,1.5407041311264038,1.8810018301010132,2.0386886596679688,1.9557394981384277,2.303133249282837,1.6403728723526,1.5401594638824463,1.1709973812103271,1.2339690923690796,1.0914932489395142,0.8792052268981934,1.1680315732955933,1.0933873653411865,1.302383303642273,1.6319575309753418,1.6349599361419678,2.0121753215789795,2.097832679748535,1.9677797555923462,2.328138589859009,1.7782795429229736,1.6894537210464478,1.3185560703277588,1.3177080154418945,1.2276798486709595,0.9271202087402344,1.1891151666641235,1.120143175125122,1.2455247640609741,1.599635124206543,1.5910266637802124,1.9778560400009155,1.9810847043991089,1.8336559534072876,2.219360828399658,1.6390726566314697,1.4615854024887085,1.1514737606048584,0.9727155566215515,0.9316849708557129,0.5731050372123718,0.7405143976211548,0.8635753989219666,0.8819271326065063,1.2569947242736816,1.4085633754730225,1.7341580390930176,1.7340012788772583,1.726280927658081,2.1072731018066406
A7,1.6621712446212769,1.3538868427276611,1.11734938621521,0.8249374032020569,0.5703044533729553,0.3905694782733917,0.0,0.38472482562065125,0.5931190252304077,0.8332409262657166,1.0984516143798828,1.3459380865097046,1.4595892429351807,1.5515449047088623,1.8855873346328735,1.6621949672698975,1.3974621295928955,1.1073286533355713,1.0939366817474365,0.7597230672836304,0.7600634098052979,0.8898075819015503,0.7769631743431091,1.1493785381317139,1.3363635540008545,1.3858107328414917,1.6919853687286377,1.909498929977417,1.8256545066833496,2.1357338428497314,1.9704231023788452,1.848623514175415,1.488234519958496,1.5499032735824585,1.3377418518066406,1.1437060832977295,1.3570934534072876,1.1762207746505737,1.3794790506362915,1.6585168838500977,1.57755708694458,1.9551396369934082,2.0560355186462402,1.865185022354126,2.2011847496032715,2.164501667022705,2.0622689723968506,1.6909308433532715,1.6721001863479614,1.5326080322265625,1.2145051956176758,1.3978580236434937,1.2306896448135376,1.2894470691680908,1.606823205947876,1.508929967880249,1.89686918258667,1.8698662519454956,1.6598278284072876,2.0277462005615234,2.006195306777954,1.8062529563903809,1.5136735439300537,1.2894914150238037,1.2021788358688354,0.8366256952285767,0.8294394612312317,0.8686530590057373,0.7119442224502563,1.0640493631362915,1.2017172574996948,1.5044807195663452,1.4373475313186646,1.4476714134216309,1.8256754875183105
A8,1.951362133026123,1.643515706062317,1.3735365867614746,1.1422629356384277,0.8241284489631653,0.6075800657272339,0.38472482562065125,0.0,0.38576146960258484,0.6106379628181458,0.7773982882499695,1.0757306814193726,1.2190122604370117,1.2483247518539429,1.5847846269607544,1.9718058109283447,1.7135347127914429,1.400100827217102,1.3282581567764282,0.9863221049308777,0.8509712815284729,0.8885022401809692,0.6237329244613647,0.9284552931785583,1.0996111631393433,1.0682278871536255,1.399445652961731,1.5971726179122925,1.4723299741744995,1.7839701175689697,2.171403646469116,1.999306559562683,1.6399881839752197,1.6158387660980225,1.3562932014465332,1.1087136268615723,1.2191699743270874,0.9586495161056519,1.095407247543335,1.348230242729187,1.2235982418060303,1.6047346591949463,1.6883617639541626,1.4832013845443726,1.8211997747421265,2.2682363986968994,2.100074529647827,1.7398492097854614,1.6583962440490723,1.448771357536316,1.1232513189315796,1.2059284448623657,0.9604867696762085,0.9851623177528381,1.263484001159668,1.1325849294662476,1.5201808214187622,1.509263277053833,1.294442057609558,1.6636356115341187,2.1500697135925293,1.904567003250122,1.5995827913284302,1.3832809925079346,1.1858556270599365,0.835762083530426,0.7484655380249023,0.6162532567977905,0.4213482737541199,0.7780375480651855,0.8469076156616211,1.1841703653335571,1.1532235145568848,1.119633674621582,1.50260591506958
A9,2.2171850204467773,1.93147611618042,1.6606783866882324,1.3960189819335938,1.1366463899612427,0.8651566505432129,0.5931190252304077,0.38576146960258484,0.0,0.3830687701702118,0.5732839107513428,0.8576849699020386,0.9039485454559326,0.9691891074180603,1.3183091878890991,2.1008107662200928,1.7896227836608887,1.520829200744629,1.3694915771484375,0.9942730665206909,0.8973084092140198,0.7673311233520508,0.45809370279312134,0.7534663081169128,0.813710629940033,0.8380067944526672,1.1091971397399902,1.3603930473327637,1.3051886558532715,1.585979700088501,2.281418561935425,2.065855026245117,1.7320433855056763,1.7066930532455444,1.3866245746612549,1.2166203260421753,1.263840913772583,0.9549580216407776,1.1495579481124878,1.3118215799331665,1.1570228338241577,1.5006754398345947,1.6586190462112427,1.4456440210342407,1.7309269905090332,2.4768481254577637,2.299193859100342,1.9432567358016968,1.8994120359420776,1.6475721597671509,1.3735040426254272,1.447518229484558,1.1481539011001587,1.2170073986053467,1.4188323020935059,1.212594747543335,1.5837771892547607,1.6172308921813965,1.3438382148742676,1.6678459644317627,2.4628593921661377,2.24430775642395,1.9200797080993652,1.7356913089752197,1.5434589385986328,1.1866540908813477,1.1305971145629883,0.9443551898002625,0.7118668556213379,0.982236921787262,0.9191023707389832,1.2540241479873657,1.135493516921997,1.0137001276016235,1.3990108966827393
A10,2.494630813598633,2.176283597946167,1.9391816854476929,1.657161831855774,1.36777663230896,1.1683865785598755,0.8332409262657166,0.6106379628181458,0.3830687701702118,0.0,0.38108205795288086,0.5211183428764343,0.6584238409996033,0.8127416968345642,1.0873286724090576,2.428739309310913,2.111809015274048,1.8568670749664307,1.7277958393096924,1.3443167209625244,1.2779321670532227,1.1345807313919067,0.8121812343597412,1.0239496231079102,0.9648233652114868,0.8835658431053162,1.0775913000106812,1.3810361623764038,1.2897173166275024,1.4963167905807495,2.6551308631896973,2.447255849838257,2.111860752105713,2.0870048999786377,1.7650482654571533,1.5821177959442139,1.5982693433761597,1.2563375234603882,1.3782641887664795,1.4865320920944214,1.242379903793335,1.5567638874053955,1.6897934675216675,1.4073657989501953,1.6497632265090942,2.8361828327178955,2.6533076763153076,2.2983670234680176,2.225473403930664,1.9693526029586792,1.6755138635635376,1.6917401552200317,1.3647361993789673,1.338398814201355,1.4834181070327759,1.2042433023452759,1.533927321434021,1.5134423971176147,1.1854076385498047,1.4645875692367554,2.758786916732788,2.5123605728149414,2.209949493408203,1.986556053161621,1.7750285863876343,1.4401003122329712,1.287757158279419,1.0774837732315063,0.7472549676895142,0.8749052882194519,0.7736592888832092,1.027025818824768,0.8212941288948059,0.7278127074241638,1.0929168462753296
A11,2.726116180419922,2.4183177947998047,2.1493747234344482,1.9090229272842407,1.5964887142181396,1.3683178424835205,1.0984516143798828,0.7773982882499695,0.5732839107513428,0.38108205795288086,0.0,0.3907712399959564,0.5353550314903259,0.5143707990646362,0.8115907311439514,2.6655848026275635,2.3610076904296875,2.0833184719085693,1.9223175048828125,1.5562059879302979,1.4079527854919434,1.2265222072601318,0.8548563122749329,0.9181378483772278,0.8088805675506592,0.595299482345581,0.7959182262420654,1.066436529159546,0.9284190535545349,1.1289525032043457,2.7977564334869385,2.554460287094116,2.229255199432373,2.1416194438934326,1.801493763923645,1.599589467048645,1.5260274410247803,1.1501611471176147,1.1935561895370483,1.2274090051651,0.9302075505256653,1.2142181396484375,1.3421716690063477,1.0481153726577759,1.2709152698516846,2.9034316539764404,2.6733925342559814,2.3394460678100586,2.22995924949646,1.9301648139953613,1.664832592010498,1.6033909320831299,1.2373565435409546,1.1974406242370605,1.2507717609405518,0.9269120693206787,1.2218849658966064,1.2511051893234253,0.9173976182937622,1.169793725013733,2.8782286643981934,2.6117165088653564,2.3020026683807373,2.1039061546325684,1.835235834121704,1.5330077409744263,1.3752961158752441,1.0748027563095093,0.8129992485046387,0.8596786856651306,0.6013180017471313,0.8737761974334717,0.7325600981712341,0.481209933757782,0.8534277677536011
A12,3.0007200241088867,2.6735239028930664,2.4360601902008057,2.166764974594116,1.8567700386047363,1.6673619747161865,1.3459380865097046,1.0757306814193726,0.8576849699020386,0.5211183428764343,0.3907712399959564,0.0,0.37554657459259033,0.5413196682929993,0.6496291756629944,2.944122552871704,2.622187614440918,2.3692264556884766,2.2182188034057617,1.8379673957824707,1.7419912815093994,1.545676827430725,1.1970609426498413,1.2689075469970703,1.0825040340423584,0.876987874507904,0.9242200255393982,1.2420694828033447,1.121328353881836,1.198573350906372,3.133134603500366,2.898069381713867,2.5736947059631348,2.508805274963379,2.1648030281066895,1.9783741235733032,1.9117505550384521,1.535240888595581,1.5724749565124512,1.5707271099090576,1.2420483827590942,1.4635742902755737,1.5815173387527466,1.2477076053619385,1.3849858045578003,3.2750744819641113,3.0560648441314697,2.716846466064453,2.6095943450927734,2.3174452781677246,2.0416219234466553,1.974179744720459,1.610206127166748,1.5242230892181396,1.5445679426193237,1.1882845163345337,1.412297248840332,1.385489821434021,1.0119829177856445,1.1645859479904175,3.2108845710754395,2.9381844997406006,2.6421234607696533,2.4172630310058594,2.1599037647247314,1.8600245714187622,1.659683108329773,1.3847543001174927,1.0692877769470215,1.0173770189285278,0.7746977806091309,0.8840137720108032,0.6037460565567017,0.3898641765117645,0.6546946167945862
A13,3.1124558448791504,2.8132569789886475,2.5592763423919678,2.28010630607605,2.00929594039917,1.7674757242202759,1.4595892429351807,1.2190122604370117,0.9039485454559326,0.6584238409996033,0.5353550314903259,0.37554657459259033,0.0,0.3811870813369751,0.5208300352096558,2.948258638381958,2.602022647857666,2.378281593322754,2.177922487258911,1.806300163269043,1.7256579399108887,1.45890474319458,1.1510324478149414,1.1724544763565063,0.8965829610824585,0.7790475487709045,0.7000265717506409,1.067468285560608,1.0649104118347168,1.1144095659255981,3.1011416912078857,2.8377275466918945,2.5406205654144287,2.4751334190368652,2.106956958770752,1.979717493057251,1.8867449760437012,1.517098307609558,1.609047770500183,1.5555068254470825,1.2592343091964722,1.4295690059661865,1.629451036453247,1.3465759754180908,1.4347240924835205,3.313261032104492,3.092496156692505,2.7592079639434814,2.6893372535705566,2.3780035972595215,2.142409563064575,2.1016287803649902,1.729841709136963,1.7198772430419922,1.7305935621261597,1.3817321062088013,1.6041377782821655,1.650294303894043,1.291143774986267,1.4183837175369263,3.3454766273498535,3.1026346683502197,2.7826108932495117,2.5916285514831543,2.346749782562256,2.024343729019165,1.8847280740737915,1.6046068668365479,1.318486213684082,1.338805079460144,1.0761059522628784,1.2347543239593506,0.9769413471221924,0.7076086401939392,0.9195369482040405
A14,3.166095018386841,2.881507635116577,2.595139741897583,2.3570311069488525,2.0696823596954346,1.800898551940918,1.5515449047088623,1.2483247518539429,0.9691891074180603,0.8127416968345642,0.5143707990646362,0.5413196682929993,0.3811870813369751,0.0,0.39296552538871765,3.013108491897583,2.68731427192688,2.434976577758789,2.215053081512451,1.8649308681488037,1.709886074066162,1.4367444515228271,1.105392336845398,1.0107308626174927,0.7258760929107666,0.49432435631752014,0.39473992586135864,0.7191223502159119,0.6864869594573975,0.7533496618270874,3.074843168258667,2.785804033279419,2.4976608753204346,2.3780019283294678,2.00606107711792,1.8623993396759033,1.7030644416809082,1.327103614807129,1.3600717782974243,1.2445194721221924,0.933196485042572,1.0591366291046143,1.2702757120132446,1.0130177736282349,1.0833247900009155,3.2107584476470947,2.9530012607574463,2.6419878005981445,2.545957565307617,2.206528902053833,2.003610610961914,1.9132171869277954,1.5309898853302002,1.5355815887451172,1.4841587543487549,1.1384881734848022,1.3266453742980957,1.4416577816009521,1.1188006401062012,1.2323254346847534,3.293911933898926,3.041175603866577,2.7147862911224365,2.5537109375,2.2713844776153564,1.9764518737792969,1.8540507555007935,1.5247293710708618,1.3121439218521118,1.323635220527649,0.9939873814582825,1.186402440071106,1.0339089632034302,0.6742802262306213,0.876004159450531
A15,3.523329019546509,3.2235612869262695,2.950789451599121,2.703573226928711,2.4045486450195312,2.159790515899658,1.8855873346328735,1.5847846269607544,1.3183091878890991,1.0873286724090576,0.8115907311439514,0.6496291756629944,0.5208300352096558,0.39296552538871765,0.0,3.386786699295044,3.054354667663574,2.8091423511505127,2.594898223876953,2.237954616546631,2.0979857444763184,1.8231021165847778,1.4951280355453491,1.3970551490783691,1.092873215675354,0.8577687740325928,0.6485802531242371,0.9079586267471313,0.8647321462631226,0.7395051717758179,3.466254949569702,3.176727771759033,2.88996958732605,2.769665241241455,2.397002935409546,2.2512269020080566,2.0802981853485107,1.7045732736587524,1.699636459350586,1.5464060306549072,1.210901141166687,1.2525774240493774,1.4249578714370728,1.1448975801467896,1.095895528793335,3.5966708660125732,3.33270525932312,3.025052785873413,2.9146342277526855,2.572632074356079,2.365623950958252,2.2455599308013916,1.8615550994873047,1.8177562952041626,1.7149913311004639,1.34731924533844,1.4456449747085571,1.5298067331314087,1.2018568515777588,1.192397952079773,3.6563520431518555,3.388899326324463,3.072805166244507,2.8954410552978516,2.6028895378112793,2.320690393447876,2.1601500511169434,1.8272751569747925,1.59318208694458,1.5257099866867065,1.1851872205734253,1.261343002319336,1.0779799222946167,0.7434049844741821,0.7583780288696289
B1,0.8813839554786682,1.0662953853607178,1.012674331665039,1.0462815761566162,1.4047486782073975,1.3951913118362427,1.6621949672698975,1.9718058109283447,2.1008107662200928,2.428739309310913,2.6655848026275635,2.944122552871704,2.948258638381958,3.013108491897583,3.386786699295044,0.0,0.402742862701416,0.5834773182868958,0.8433141708374023,1.1563645601272583,1.3550708293914795,1.6522859334945679,1.9373503923416138,2.2076449394226074,2.4920830726623535,2.713975429534912,2.998831272125244,3.129028081893921,3.153817653656006,3.510969400405884,0.7876238822937012,1.019854187965393,0.9305074214935303,1.288691520690918,1.4583526849746704,1.5666941404342651,1.937370777130127,2.099036931991577,2.3893632888793945,2.6997599601745605,2.8314733505249023,3.1576650142669678,3.297837972640991,3.2526798248291016,3.5991077423095703,1.4337059259414673,1.6497323513031006,1.4334616661071777,1.7161763906478882,1.8593380451202393,1.8044536113739014,2.193068742752075,2.2851779460906982,2.5123283863067627,2.8656208515167236,2.9223334789276123,3.3001039028167725,3.343992233276367,3.219011068344116,3.6035799980163574,1.5082759857177734,1.6816600561141968,1.5067074298858643,1.5763088464736938,1.8352696895599365,1.6831015348434448,1.991270899772644,2.206233263015747,2.274953603744507,2.6437065601348877,2.7997796535491943,3.1272025108337402,3.0979206562042236,3.0771708488464355,3.464228391647339
B2,1.1150662899017334,1.1670730113983154,1.0520881414413452,0.9505013227462769,1.2674442529678345,1.1904584169387817,1.3974621295928955,1.7135347127914429,1.7896227836608887,2.111809015274048,2.3610076904296875,2.622187614440918,2.602022647857666,2.68731427192688,3.054354667663574,0.402742862701416,0.0,0.3744371831417084,0.5522766709327698,0.8270304799079895,1.095919132232666,1.344157338142395,1.6379878520965576,1.925221562385559,2.176054000854492,2.4160397052764893,2.6766576766967773,2.8327362537384033,2.878401279449463,3.219750165939331,0.9552090764045715,1.0379931926727295,0.8812170028686523,1.2332370281219482,1.294953465461731,1.4192886352539062,1.772691249847412,1.881659984588623,2.2034616470336914,2.4904422760009766,2.593553304672241,2.917555570602417,3.085676431655884,3.019282579421997,3.34948992729187,1.6387337446212769,1.774087905883789,1.503053903579712,1.7637454271316528,1.8241119384765625,1.7339919805526733,2.1096513271331787,2.134950637817383,2.364185094833374,2.705202341079712,2.7151081562042236,3.1012299060821533,3.150527000427246,2.989485502243042,3.364003896713257,1.7454196214675903,1.843788981437683,1.6088385581970215,1.6243205070495605,1.818668246269226,1.5918399095535278,1.8712345361709595,2.0410869121551514,2.05763578414917,2.4305405616760254,2.557687520980835,2.889364719390869,2.8251953125,2.7877933979034424,3.1744985580444336
B3,1.0129327774047852,0.985846996307373,0.7738534808158875,0.674842119216919,0.9481780529022217,0.8466920852661133,1.1073286533355713,1.400100827217102,1.520829200744629,1.8568670749664307,2.0833184719085693,2.3692264556884766,2.378281593322754,2.434976577758789,2.8091423511505127,0.5834773182868958,0.3744371831417084,0.0,0.37168705463409424,0.5992199182510376,0.7954508662223816,1.1072206497192383,1.363765001296997,1.654849886894226,1.9365127086639404,2.1416244506835938,2.4334564208984375,2.574937343597412,2.58723783493042,2.9405181407928467,0.9651396870613098,0.9825676679611206,0.7084842324256897,1.0099810361862183,1.0483927726745605,1.0993101596832275,1.4687265157699585,1.569139003753662,1.868431806564331,2.1755237579345703,2.27603816986084,2.6120994091033936,2.7562036514282227,2.6900954246520996,3.032905101776123,1.4662164449691772,1.5423946380615234,1.2299848794937134,1.4475830793380737,1.490588903427124,1.3706018924713135,1.7431726455688477,1.773330569267273,1.9964555501937866,2.342268228530884,2.3674614429473877,2.751054286956787,2.7983362674713135,2.654946804046631,3.0352346897125244,1.525991678237915,1.563523769378662,1.2942752838134766,1.2930229902267456,1.4566529989242554,1.221682071685791,1.5133219957351685,1.6805564165115356,1.7257227897644043,2.101717948913574,2.233186960220337,2.5695693492889404,2.535445213317871,2.4988608360290527,2.886967897415161
B4,1.3711729049682617,1.3304803371429443,1.069803237915039,0.9397826790809631,1.1082441806793213,0.8776942491531372,1.0939366817474365,1.3282581567764282,1.3694915771484375,1.7277958393096924,1.9223175048828125,2.2182188034057617,2.177922487258911,2.215053081512451,2.594898223876953,0.8433141708374023,0.5522766709327698,0.37168705463409424,0.0,0.38824155926704407,0.5791747570037842,0.8162321448326111,1.1341583728790283,1.3881522417068481,1.6568527221679688,1.9031978845596313,2.1698522567749023,2.299952268600464,2.3530495166778564,2.7002689838409424,0.9934135675430298,0.8652728199958801,0.5914552211761475,0.8484753370285034,0.7895246744155884,0.9244083166122437,1.2494739294052124,1.3463433980941772,1.686123013496399,1.9529792070388794,2.068506956100464,2.3790385723114014,2.5620152950286865,2.514728546142578,2.834930419921875,1.5415197610855103,1.5495574474334717,1.235122799873352,1.4603818655014038,1.419735312461853,1.3358629941940308,1.689005970954895,1.6700270175933838,1.9359605312347412,2.248039484024048,2.248708486557007,2.629222869873047,2.7173802852630615,2.557318925857544,2.923438549041748,1.7664145231246948,1.7817121744155884,1.4673962593078613,1.4863532781600952,1.567793846130371,1.2931528091430664,1.5830514430999756,1.666557788848877,1.698808193206787,2.0801920890808105,2.148801565170288,2.5074424743652344,2.459165573120117,2.369753122329712,2.7585387229919434
B5,1.5358126163482666,1.392019510269165,1.119001865386963,0.8907826542854309,0.9402061700820923,0.6472058296203613,0.7597230672836304,0.9863221049308777,0.9942730665206909,1.3443167209625244,1.5562059879302979,1.8379673957824707,1.806300163269043,1.8649308681488037,2.237954616546631,1.1563645601272583,0.8270304799079895,0.5992199182510376,0.38824155926704407,0.0,0.37790289521217346,0.558778703212738,0.8160066604614258,1.1296247243881226,1.3664977550506592,1.5925805568695068,1.8573179244995117,2.0257787704467773,2.064248561859131,2.3977224826812744,1.3671785593032837,1.2065343856811523,0.8961199522018433,1.0489503145217896,0.8577008843421936,0.8921788930892944,1.173763632774353,1.1577789783477783,1.4990577697753906,1.7545819282531738,1.80941641330719,2.1359622478485107,2.321601152420044,2.231494903564453,2.545823097229004,1.805747389793396,1.753955364227295,1.4056466817855835,1.5487526655197144,1.4367181062698364,1.274538516998291,1.579376220703125,1.4833229780197144,1.7130409479141235,2.0157177448272705,1.9666368961334229,2.3538694381713867,2.4253642559051514,2.2338504791259766,2.5929858684539795,1.9317946434020996,1.8690354824066162,1.538757085800171,1.4777214527130127,1.4888337850570679,1.1550425291061401,1.3734177350997925,1.4126216173171997,1.3822500705718994,1.7569829225540161,1.8113404512405396,2.163738489151001,2.0908939838409424,2.003131151199341,2.3908655643463135
B6,1.6295758485794067,1.4785114526748657,1.1446759700775146,0.9925991892814636,0.9398234486579895,0.5778101086616516,0.7600634098052979,0.8509712815284729,0.8973084092140198,1.2779321670532227,1.4079527854919434,1.7419912815093994,1.7256579399108887,1.709886074066162,2.0979857444763184,1.3550708293914795,1.095919132232666,0.7954508662223816,0.5791747570037842,0.37790289521217346,0.0,0.3880496919155121,0.6059147119522095,0.8635703325271606,1.1714699268341064,1.3657435178756714,1.671470046043396,1.7866510152816772,1.7992371320724487,2.157127857208252,1.3923405408859253,1.172792911529541,0.8348843455314636,0.8510486483573914,0.5960421562194824,0.538978099822998,0.8067458271980286,0.8027979135513306,1.1371067762374878,1.4090571403503418,1.4982013702392578,1.8245320320129395,1.9937176704406738,1.9364666938781738,2.262281894683838,1.660430908203125,1.5326805114746094,1.17972731590271,1.271317481994629,1.1005889177322388,0.9473454356193542,1.2325143814086914,1.1350728273391724,1.4029786586761475,1.6924772262573242,1.676206111907959,2.0548501014709473,2.1575019359588623,2.000553607940674,2.3627498149871826,1.8344218730926514,1.73001229763031,1.3723294734954834,1.3374097347259521,1.2720571756362915,0.9473689198493958,1.1919260025024414,1.1735146045684814,1.2160221338272095,1.5910929441452026,1.6144626140594482,1.9884158372879028,1.9692716598510742,1.8500107526779175,2.236910104751587
B7,2.003472089767456,1.842596411705017,1.5204319953918457,1.3293765783309937,1.2393115758895874,0.863457202911377,0.8898075819015503,0.8885022401809692,0.7673311233520508,1.1345807313919067,1.2265222072601318,1.545676827430725,1.45890474319458,1.4367444515228271,1.8231021165847778,1.6522859334945679,1.344157338142395,1.1072206497192383,0.8162321448326111,0.558778703212738,0.3880496919155121,0.0,0.38465628027915955,0.5956612229347229,0.8411051034927368,1.1023188829421997,1.3570361137390137,1.4889026880264282,1.5609160661697388,1.8947455883026123,1.6565805673599243,1.379378080368042,1.096962571144104,1.0678330659866333,0.7147219777107239,0.7326920628547668,0.8278812766075134,0.7193121314048767,1.0938639640808105,1.2733343839645386,1.335599660873413,1.6260937452316284,1.8542894124984741,1.7930749654769897,2.0759360790252686,1.9717378616333008,1.8096137046813965,1.479370355606079,1.5579404830932617,1.3167680501937866,1.1906113624572754,1.3970857858657837,1.208480954170227,1.4793161153793335,1.7036560773849487,1.6210894584655762,1.986806869506836,2.122997283935547,1.9263161420822144,2.2557129859924316,2.21317195892334,2.0980005264282227,1.735296607017517,1.6920183897018433,1.5755268335342407,1.2381974458694458,1.4140064716339111,1.3007125854492188,1.2765023708343506,1.6203898191452026,1.560188889503479,1.9373273849487305,1.8773176670074463,1.6988632678985596,2.075507879257202
B8,2.1583759784698486,1.9383474588394165,1.6174463033676147,1.411612868309021,1.2159450054168701,0.8559596538543701,0.7769631743431091,0.6237329244613647,0.45809370279312134,0.8121812343597412,0.8548563122749329,1.1970609426498413,1.1510324478149414,1.105392336845398,1.4951280355453491,1.9373503923416138,1.6379878520965576,1.363765001296997,1.1341583728790283,0.8160066604614258,0.6059147119522095,0.38465628027915955,0.0,0.39024707674980164,0.6161505579948425,0.7802223563194275,1.0804460048675537,1.238497018814087,1.2504340410232544,1.5841970443725586,1.9763845205307007,1.7110981941223145,1.4030715227127075,1.3291996717453003,0.9755078554153442,0.8538627624511719,0.8627007007598877,0.5904058814048767,0.8947058320045471,1.060628056526184,1.0340031385421753,1.356122374534607,1.5624067783355713,1.4524998664855957,1.7421016693115234,2.1769652366638184,1.9758741855621338,1.6381657123565674,1.6309584379196167,1.3485589027404785,1.1557012796401978,1.2690074443817139,0.9977824091911316,1.208209753036499,1.4047845602035522,1.273325800895691,1.6414791345596313,1.763899564743042,1.5490365028381348,1.874611258506775,2.320434808731079,2.1413309574127197,1.7859718799591064,1.6873648166656494,1.4988722801208496,1.1548784971237183,1.234049677848816,1.0421358346939087,0.9739266037940979,1.284977912902832,1.1875009536743164,1.5641100406646729,1.510244369506836,1.3206816911697388,1.6975990533828735
B9,2.4526472091674805,2.256336212158203,1.9143941402435303,1.7521275281906128,1.5511424541473389,1.1900304555892944,1.1493785381317139,0.9284552931785583,0.7534663081169128,1.0239496231079102,0.9181378483772278,1.2689075469970703,1.1724544763565063,1.0107308626174927,1.3970551490783691,2.2076449394226074,1.925221562385559,1.654849886894226,1.3881522417068481,1.1296247243881226,0.8635703325271606,0.5956612229347229,0.39024707674980164,0.0,0.3833056390285492,0.5718619227409363,0.8636194467544556,0.9249075651168823,0.9788929224014282,1.3268178701400757,2.1222054958343506,1.8079369068145752,1.5415419340133667,1.3840817213058472,1.0070923566818237,0.9085854887962341,0.7439655661582947,0.4263917803764343,0.703223466873169,0.7512652277946472,0.7742691040039062,1.036514163017273,1.2914280891418457,1.2487636804580688,1.5030462741851807,2.259345054626465,2.004957914352417,1.7069834470748901,1.677171230316162,1.337756872177124,1.2220287322998047,1.2571467161178589,0.9589080810546875,1.210839867591858,1.314034342765808,1.1870805025100708,1.508047103881836,1.706588625907898,1.5202502012252808,1.8060450553894043,2.50409197807312,2.3214783668518066,1.9601579904556274,1.9056825637817383,1.6723774671554565,1.3740309476852417,1.4581573009490967,1.1980208158493042,1.1870019435882568,1.4409599304199219,1.2570897340774536,1.6314184665679932,1.613709568977356,1.3505765199661255,1.6916418075561523
B10,2.7688961029052734,2.5537471771240234,2.228942632675171,2.026641845703125,1.8145942687988281,1.4660176038742065,1.3363635540008545,1.0996111631393433,0.813710629940033,0.9648233652114868,0.8088805675506592,1.0825040340423584,0.8965829610824585,0.7258760929107666,1.092873215675354,2.4920830726623535,2.176054000854492,1.9365127086639404,1.6568527221679688,1.3664977550506592,1.1714699268341064,0.8411051034927368,0.6161505579948425,0.3833056390285492,0.0,0.38259193301200867,0.5273492932319641,0.6781032681465149,0.8216459155082703,1.0955243110656738,2.4456732273101807,2.1243247985839844,1.87305748462677,1.7367701530456543,1.35018789768219,1.2874997854232788,1.1118323802947998,0.7910919189453125,0.9844845533370972,0.9084424376487732,0.8172674179077148,0.9969235062599182,1.3047972917556763,1.2179967164993286,1.3909800052642822,2.635214328765869,2.383493423461914,2.08797025680542,2.058957099914551,1.7146940231323242,1.5900887250900269,1.5906751155853271,1.2557566165924072,1.4417067766189575,1.4805158376693726,1.2673649787902832,1.5462148189544678,1.7450798749923706,1.5059300661087036,1.731866717338562,2.8725860118865967,2.6822268962860107,2.3244469165802,2.244168758392334,2.003045082092285,1.6927404403686523,1.719170093536377,1.430855631828308,1.3355709314346313,1.52701735496521,1.279008150100708,1.6124485731124878,1.5336291790008545,1.2225476503372192,1.5263224840164185
B11,2.8830060958862305,2.6342356204986572,2.3133888244628906,2.1222639083862305,1.8515987396240234,1.5407041311264038,1.3858107328414917,1.0682278871536255,0.8380067944526672,0.8835658431053162,0.595299482345581,0.876987874507904,0.7790475487709045,0.49432435631752014,0.8577687740325928,2.713975429534912,2.4160397052764893,2.1416244506835938,1.9031978845596313,1.5925805568695068,1.3657435178756714,1.1023188829421997,0.7802223563194275,0.5718619227409363,0.38259193301200867,0.0,0.3925512135028839,0.5327542424201965,0.5067430138587952,0.8055562376976013,2.6837353706359863,2.3779563903808594,2.100865125656128,1.9407017230987549,1.5724693536758423,1.4252985715866089,1.2254825830459595,0.8562597036361694,0.9001624584197998,0.7870489954948425,0.549044132232666,0.7517044544219971,1.0113426446914673,0.8608394265174866,1.041777491569519,2.77168607711792,2.4955146312713623,2.201432466506958,2.108067750930786,1.7531089782714844,1.5921216011047363,1.5081714391708374,1.1363276243209839,1.2363349199295044,1.2092905044555664,0.944770336151123,1.1942821741104126,1.3906832933425903,1.1486769914627075,1.354833722114563,2.9283034801483154,2.6923229694366455,2.3518428802490234,2.240351915359497,1.952161431312561,1.6704717874526978,1.6239782571792603,1.2853734493255615,1.1835180521011353,1.292982578277588,0.9894418716430664,1.2969695329666138,1.2566187381744385,0.9190632700920105,1.1997742652893066
B12,3.2259955406188965,2.978883981704712,2.6653618812561035,2.4519104957580566,2.194807767868042,1.8810018301010132,1.6919853687286377,1.399445652961731,1.1091971397399902,1.0775913000106812,0.7959182262420654,0.9242200255393982,0.7000265717506409,0.39473992586135864,0.6485802531242371,2.998831272125244,2.6766576766967773,2.4334564208984375,2.1698522567749023,1.8573179244995117,1.671470046043396,1.3570361137390137,1.0804460048675537,0.8636194467544556,0.5273492932319641,0.3925512135028839,0.0,0.38086771965026855,0.5441057682037354,0.6506443619728088,2.969280958175659,2.646634817123413,2.393502950668335,2.2412126064300537,1.8594768047332764,1.7632277011871338,1.5468190908432007,1.2010730504989624,1.2545440196990967,1.0632375478744507,0.8315076231956482,0.8697901964187622,1.1732412576675415,1.0299962759017944,1.0681977272033691,3.112299680709839,2.836547613143921,2.5505521297454834,2.4757325649261475,2.1146528720855713,1.9748883247375488,1.8901864290237427,1.5203306674957275,1.6083301305770874,1.5364453792572021,1.2430305480957031,1.4172277450561523,1.618514060974121,1.3531460762023926,1.4663405418395996,3.3067235946655273,3.0795528888702393,2.735610008239746,2.6250948905944824,2.342916488647461,2.053976058959961,1.9985828399658203,1.6614283323287964,1.5204930305480957,1.5890733003616333,1.257554531097412,1.4983869791030884,1.3993456363677979,1.031103253364563,1.2239099740982056
B13,3.351449489593506,3.1263515949249268,2.7914013862609863,2.6203629970550537,2.363280773162842,2.0386886596679688,1.909498929977417,1.5971726179122925,1.3603930473327637,1.3810361623764038,1.066436529159546,1.2420694828033447,1.067468285560608,0.7191223502159119,0.9079586267471313,3.129028081893921,2.8327362537384033,2.574937343597412,2.299952268600464,2.0257787704467773,1.7866510152816772,1.4889026880264282,1.238497018814087,0.9249075651168823,0.6781032681465149,0.5327542424201965,0.38086771965026855,0.0,0.3809165358543396,0.51662677526474,3.0066869258880615,2.663581609725952,2.4339420795440674,2.2298331260681152,1.86203932762146,1.7658895254135132,1.480992317199707,1.1740846633911133,1.1571511030197144,0.8697953820228577,0.7023212313652039,0.5876207947731018,0.9371258616447449,0.911711573600769,0.9022024869918823,3.0758259296417236,2.7670867443084717,2.5167782306671143,2.4232349395751953,2.043581247329712,1.9585477113723755,1.8306491374969482,1.4814718961715698,1.5979264974594116,1.4646070003509521,1.2261282205581665,1.3372406959533691,1.6106224060058594,1.4199655055999756,1.508022665977478,3.332885980606079,3.1062936782836914,2.763091564178467,2.690742254257202,2.3865966796875,2.1359524726867676,2.1080615520477295,1.7523705959320068,1.6894313097000122,1.7533973455429077,1.4098377227783203,1.654100775718689,1.6320463418960571,1.2579154968261719,1.4167919158935547
