0.000000000000000000e+00,3.978371918201446533e-01,6.232047080993652344e-01,8.509470224380493164e-01,1.188037276268005371e+00,1.417018651962280273e+00,1.702138662338256836e+00,2.019192218780517578e+00,2.297640800476074219e+00,2.581006288528442383e+00,2.812640190124511719e+00,3.064964056015014648e+00,3.140548706054687500e+00,3.185580968856811523e+00,3.557799339294433594e+00,7.493860721588134766e-01,8.395294547080993652e-01,8.720782399177551270e-01,1.252801418304443359e+00,1.429862618446350098e+00,1.622417688369750977e+00,1.980350017547607422e+00,2.190586566925048828e+00,2.501755475997924805e+00,2.811740398406982422e+00,2.954150199890136719e+00,3.255642414093017578e+00,3.370729446411132812e+00,3.329578876495361328e+00,3.698070764541625977e+00,1.235759615898132324e+00,1.381139993667602539e+00,1.232164978981018066e+00,1.583737850189208984e+00,1.753259539604187012e+00,1.783390283584594727e+00,2.172258377075195312e+00,2.344122171401977539e+00,2.581399202346801758e+00,2.941359996795654297e+00,3.040005922317504883e+00,3.377465963363647461e+00,3.424378395080566406e+00,3.325967788696289062e+00,3.710296154022216797e+00,1.132513761520385742e+00,1.376846909523010254e+00,1.215297937393188477e+00,1.469801306724548340e+00,1.727563261985778809e+00,1.691025733947753906e+00,2.043770790100097656e+00,2.278808832168579102e+00,2.438662767410278320e+00,2.809588193893432617e+00,2.961979627609252930e+00,3.277136087417602539e+00,3.252408027648925781e+00,3.203512907028198242e+00,3.595847606658935547e+00,7.962542772293090820e-01,1.039907932281494141e+00,9.743784666061401367e-01,1.102573156356811523e+00,1.461880087852478027e+00,1.499756813049316406e+00,1.787509799003601074e+00,2.114682435989379883e+00,2.285957574844360352e+00,2.615560293197631836e+00,2.844944238662719727e+00,3.111815929412841797e+00,3.104592323303222656e+00,3.132854700088500977e+00,3.513539314270019531e+00
3.978371918201446533e-01,0.000000000000000000e+00,3.836539089679718018e-01,5.760060548782348633e-01,8.496648073196411133e-01,1.141016840934753418e+00,1.408432602882385254e+00,1.706051588058471680e+00,2.015486001968383789e+00,2.275902748107910156e+00,2.502126455307006836e+00,2.746032476425170898e+00,2.853389739990234375e+00,2.902164220809936523e+00,3.265585899353027344e+00,1.002768874168395996e+00,9.477402567863464355e-01,8.610534667968750000e-01,1.225730895996093750e+00,1.294540166854858398e+00,1.458136200904846191e+00,1.822976589202880859e+00,1.970570087432861328e+00,2.291832923889160156e+00,2.598788261413574219e+00,2.701204538345336914e+00,3.014920949935913086e+00,3.146200895309448242e+00,3.074631929397583008e+00,3.437216997146606445e+00,1.450116276741027832e+00,1.520541667938232422e+00,1.278473615646362305e+00,1.586848735809326172e+00,1.692533373832702637e+00,1.644425988197326660e+00,2.031032800674438477e+00,2.153284311294555664e+00,2.361675977706909180e+00,2.730349779129028320e+00,2.793773174285888672e+00,3.144662380218505859e+00,3.176137924194335938e+00,3.046647310256958008e+00,3.430702209472656250e+00,1.286093592643737793e+00,1.448916435241699219e+00,1.207759141921997070e+00,1.381832122802734375e+00,1.604883551597595215e+00,1.486039876937866211e+00,1.815132379531860352e+00,2.034151792526245117e+00,2.146371126174926758e+00,2.522789239883422852e+00,2.668743610382080078e+00,2.982236385345458984e+00,2.928044795989990234e+00,2.875826358795166016e+00,3.265744686126708984e+00,8.464412689208984375e-01,9.447847008705139160e-01,8.282994627952575684e-01,8.221006393432617188e-01,1.179366350173950195e+00,1.195576190948486328e+00,1.439148783683776855e+00,1.787180662155151367e+00,1.943381071090698242e+00,2.257505178451538086e+00,2.508321523666381836e+00,2.756806135177612305e+00,2.748151302337646484e+00,2.801930665969848633e+00,3.174618005752563477e+00
6.232047080993652344e-01,3.836539089679718018e-01,0.000000000000000000e+00,3.865518867969512939e-01,6.260797381401062012e-01,8.304159045219421387e-01,1.155942320823669434e+00,1.430426120758056641e+00,1.726741075515747070e+00,2.021394729614257812e+00,2.222624063491821289e+00,2.494542360305786133e+00,2.583094835281372070e+00,2.600768566131591797e+00,2.976240158081054688e+00,9.509234428405761719e-01,8.394525647163391113e-01,6.076200008392333984e-01,9.437670707702636719e-01,9.976403713226318359e-01,1.103554129600524902e+00,1.481747627258300781e+00,1.636510491371154785e+00,1.938420534133911133e+00,2.260933876037597656e+00,2.371211051940917969e+00,2.690131902694702148e+00,2.798977613449096680e+00,2.731567859649658203e+00,3.101901292800903320e+00,1.272937774658203125e+00,1.271696329116821289e+00,9.727641940116882324e-01,1.244281649589538574e+00,1.326976537704467773e+00,1.261151313781738281e+00,1.647397398948669434e+00,1.777474164962768555e+00,1.991253256797790527e+00,2.358103275299072266e+00,2.437796354293823242e+00,2.782506704330444336e+00,2.818989038467407227e+00,2.707973718643188477e+00,3.092961788177490234e+00,1.149164795875549316e+00,1.213999867439270020e+00,9.106510281562805176e-01,1.074955344200134277e+00,1.250056982040405273e+00,1.124892711639404297e+00,1.473096251487731934e+00,1.679132461547851562e+00,1.823432922363281250e+00,2.198874473571777344e+00,2.341022253036499023e+00,2.659439325332641602e+00,2.635674476623535156e+00,2.582065582275390625e+00,2.974700689315795898e+00,8.738714456558227539e-01,8.560009598731994629e-01,5.968020558357238770e-01,6.220920681953430176e-01,9.133849740028381348e-01,8.841818571090698242e-01,1.187222599983215332e+00,1.496483802795410156e+00,1.675956249237060547e+00,2.012418031692504883e+00,2.228789567947387695e+00,2.504604339599609375e+00,2.512317895889282227e+00,2.529670476913452148e+00,2.911224126815795898e+00
8.509470224380493164e-01,5.760060548782348633e-01,3.865518867969512939e-01,0.000000000000000000e+00,3.931344449520111084e-01,6.147941350936889648e-01,8.536426424980163574e-01,1.185398101806640625e+00,1.462719202041625977e+00,1.731548428535461426e+00,1.975019574165344238e+00,2.216217756271362305e+00,2.296930074691772461e+00,2.357689857482910156e+00,2.720871925354003906e+00,1.067802667617797852e+00,8.128066062927246094e-01,6.112091541290283203e-01,8.511428236961364746e-01,7.814010381698608398e-01,9.640972614288330078e-01,1.299533963203430176e+00,1.423720002174377441e+00,1.767669200897216797e+00,2.050658941268920898e+00,2.160661458969116211e+00,2.460557460784912109e+00,2.612381935119628906e+00,2.559829235076904297e+00,2.911758184432983398e+00,1.498479962348937988e+00,1.414218902587890625e+00,1.106996417045593262e+00,1.362334132194519043e+00,1.337223052978515625e+00,1.270480632781982422e+00,1.643908023834228516e+00,1.695831418037414551e+00,1.932865142822265625e+00,2.282231569290161133e+00,2.313449144363403320e+00,2.667331695556640625e+00,2.736967086791992188e+00,2.592358827590942383e+00,2.965477943420410156e+00,1.499200940132141113e+00,1.525477170944213867e+00,1.185734748840332031e+00,1.333950042724609375e+00,1.414657235145568848e+00,1.214002847671508789e+00,1.551345586776733398e+00,1.672770023345947266e+00,1.782756090164184570e+00,2.167176485061645508e+00,2.250780105590820312e+00,2.590911388397216797e+00,2.553197145462036133e+00,2.447433471679687500e+00,2.840158700942993164e+00,1.255721449851989746e+00,1.217240691184997559e+00,9.302694797515869141e-01,8.507828712463378906e-01,1.053561568260192871e+00,8.812231421470642090e-01,1.122987747192382812e+00,1.409401416778564453e+00,1.502506732940673828e+00,1.849773287773132324e+00,2.062491655349731445e+00,2.335895061492919922e+00,2.291692972183227539e+00,2.307985782623291016e+00,2.689561367034912109e+00
1.188037276268005371e+00,8.496648073196411133e-01,6.260797381401062012e-01,3.931344449520111084e-01,0.000000000000000000e+00,3.914920389652252197e-01,5.998215675354003906e-01,8.605093955993652344e-01,1.190626263618469238e+00,1.438594579696655273e+00,1.654630422592163086e+00,1.900765419006347656e+00,2.022088050842285156e+00,2.067702531814575195e+00,2.424162864685058594e+00,1.431196689605712891e+00,1.167976498603820801e+00,9.009426236152648926e-01,1.046281218528747559e+00,8.471277952194213867e-01,9.063585400581359863e-01,1.218762874603271484e+00,1.235241055488586426e+00,1.567423939704895020e+00,1.849469065666198730e+00,1.900780677795410156e+00,2.220173120498657227e+00,2.377259492874145508e+00,2.281997203826904297e+00,2.629125356674194336e+00,1.759703755378723145e+00,1.638755798339843750e+00,1.285744071006774902e+00,1.449598073959350586e+00,1.359954237937927246e+00,1.187859654426574707e+00,1.522209167480468750e+00,1.508912920951843262e+00,1.692932486534118652e+00,2.046300649642944336e+00,2.039262056350708008e+00,2.403654813766479492e+00,2.448878765106201172e+00,2.274235010147094727e+00,2.646850109100341797e+00,1.692625284194946289e+00,1.650121927261352539e+00,1.283301830291748047e+00,1.322532773017883301e+00,1.339153766632080078e+00,1.048140645027160645e+00,1.323540329933166504e+00,1.408682703971862793e+00,1.456841707229614258e+00,1.841310024261474609e+00,1.917250156402587891e+00,2.252362489700317383e+00,2.188089847564697266e+00,2.082098245620727539e+00,2.472651958465576172e+00,1.425584793090820312e+00,1.277899384498596191e+00,9.779359102249145508e-01,7.702144384384155273e-01,8.503378033638000488e-01,5.996754765510559082e-01,7.580692768096923828e-01,1.048412919044494629e+00,1.126097559928894043e+00,1.462572455406188965e+00,1.692617893218994141e+00,1.952923536300659180e+00,1.919649600982666016e+00,1.957030415534973145e+00,2.332419872283935547e+00
1.417018651962280273e+00,1.141016840934753418e+00,8.304159045219421387e-01,6.147941350936889648e-01,3.914920389652252197e-01,0.000000000000000000e+00,3.922940194606781006e-01,6.278278231620788574e-01,8.974657654762268066e-01,1.209943413734436035e+00,1.405841469764709473e+00,1.686253786087036133e+00,1.757602691650390625e+00,1.772903680801391602e+00,2.147871971130371094e+00,1.472962498664855957e+00,1.181106925010681152e+00,8.673037290573120117e-01,8.683236837387084961e-01,5.901878476142883301e-01,5.468750596046447754e-01,8.388789892196655273e-01,8.576964139938354492e-01,1.186720490455627441e+00,1.479623317718505859e+00,1.560699701309204102e+00,1.877760767936706543e+00,2.017090082168579102e+00,1.947437047958374023e+00,2.302546024322509766e+00,1.703131556510925293e+00,1.502948284149169922e+00,1.142890453338623047e+00,1.230278134346008301e+00,1.056833267211914062e+00,8.745389580726623535e-01,1.182323217391967773e+00,1.140877723693847656e+00,1.361073613166809082e+00,1.699161291122436523e+00,1.704116582870483398e+00,2.061575651168823242e+00,2.138394832611083984e+00,1.986825346946716309e+00,2.355791330337524414e+00,1.729394912719726562e+00,1.608618140220642090e+00,1.225703716278076172e+00,1.255670785903930664e+00,1.164161324501037598e+00,8.654588460922241211e-01,1.144188165664672852e+00,1.151504993438720703e+00,1.251448035240173340e+00,1.628594636917114258e+00,1.667584896087646484e+00,2.020544290542602539e+00,2.008287429809570312e+00,1.876720428466796875e+00,2.269273281097412109e+00,1.618103146553039551e+00,1.444240808486938477e+00,1.089610219001770020e+00,9.557033181190490723e-01,9.083539843559265137e-01,5.545502305030822754e-01,7.580447196960449219e-01,9.069048762321472168e-01,9.731466770172119141e-01,1.349675297737121582e+00,1.502363562583923340e+00,1.809382915496826172e+00,1.777211785316467285e+00,1.743155598640441895e+00,2.133421897888183594e+00
1.702138662338256836e+00,1.408432602882385254e+00,1.155942320823669434e+00,8.536426424980163574e-01,5.998215675354003906e-01,3.922940194606781006e-01,0.000000000000000000e+00,3.982690870761871338e-01,6.283091902732849121e-01,8.792397975921630859e-01,1.138881325721740723e+00,1.369769454002380371e+00,1.445828318595886230e+00,1.523090124130249023e+00,1.874309182167053223e+00,1.750561237335205078e+00,1.409982085227966309e+00,1.158778905868530273e+00,1.094449758529663086e+00,7.275125980377197266e-01,7.356327176094055176e-01,8.631802797317504883e-01,7.581852674484252930e-01,1.120943665504455566e+00,1.330780029296875000e+00,1.380807399749755859e+00,1.669960737228393555e+00,1.872157812118530273e+00,1.807986259460449219e+00,2.127727508544921875e+00,2.046504497528076172e+00,1.817798614501953125e+00,1.479039907455444336e+00,1.551865816116333008e+00,1.311422467231750488e+00,1.138673782348632812e+00,1.373288035392761230e+00,1.220477461814880371e+00,1.427185535430908203e+00,1.718254685401916504e+00,1.642861604690551758e+00,2.002031326293945312e+00,2.109200239181518555e+00,1.907911658287048340e+00,2.250081062316894531e+00,2.116430044174194336e+00,1.996403098106384277e+00,1.613627672195434570e+00,1.632921218872070312e+00,1.502815604209899902e+00,1.177486181259155273e+00,1.386391043663024902e+00,1.296833395957946777e+00,1.318363189697265625e+00,1.672393321990966797e+00,1.631332874298095703e+00,1.992604017257690430e+00,1.951988577842712402e+00,1.756421923637390137e+00,2.136192560195922852e+00,1.977976083755493164e+00,1.807305574417114258e+00,1.466433882713317871e+00,1.286011338233947754e+00,1.214389681816101074e+00,8.365575671195983887e-01,8.749583363533020020e-01,9.485397338867187500e-01,8.500416874885559082e-01,1.207907199859619141e+00,1.349597334861755371e+00,1.636103272438049316e+00,1.531336307525634766e+00,1.502493023872375488e+00,1.885384321212768555e+00
2.019192218780517578e+00,1.706051588058471680e+00,1.430426120758056641e+00,1.185398101806640625e+00,8.605093955993652344e-01,6.278278231620788574e-01,3.982690870761871338e-01,0.000000000000000000e+00,3.888790011405944824e-01,6.271069645881652832e-01,7.965326309204101562e-01,1.071199536323547363e+00,1.192052245140075684e+00,1.213215827941894531e+00,1.566471576690673828e+00,2.083002328872680664e+00,1.762887477874755859e+00,1.472854018211364746e+00,1.384638428688049316e+00,1.020369648933410645e+00,8.818821310997009277e-01,9.307684302330017090e-01,6.658435463905334473e-01,9.400972723960876465e-01,1.139607071876525879e+00,1.096542477607727051e+00,1.416406512260437012e+00,1.606462121009826660e+00,1.484880805015563965e+00,1.802958369255065918e+00,2.284386396408081055e+00,2.041155099868774414e+00,1.688594102859497070e+00,1.678863167762756348e+00,1.406775593757629395e+00,1.152760863304138184e+00,1.292580962181091309e+00,1.057971954345703125e+00,1.175638794898986816e+00,1.448196172714233398e+00,1.323122382164001465e+00,1.688136219978332520e+00,1.768810153007507324e+00,1.538163423538208008e+00,1.878451943397521973e+00,2.303786516189575195e+00,2.131107091903686523e+00,1.753871560096740723e+00,1.690800905227661133e+00,1.498900890350341797e+00,1.138824343681335449e+00,1.236824512481689453e+00,1.065774798393249512e+00,1.010514140129089355e+00,1.335548758506774902e+00,1.260264277458190918e+00,1.617546916007995605e+00,1.567022085189819336e+00,1.359009265899658203e+00,1.737929940223693848e+00,2.179479837417602539e+00,1.946421384811401367e+00,1.614684939384460449e+00,1.402450323104858398e+00,1.221475243568420410e+00,8.432360887527465820e-01,7.542268633842468262e-01,6.735546588897705078e-01,4.880499541759490967e-01,8.446686267852783203e-01,9.530256390571594238e-01,1.251360535621643066e+00,1.170504808425903320e+00,1.128661870956420898e+00,1.516205191612243652e+00
2.297640800476074219e+00,2.015486001968383789e+00,1.726741075515747070e+00,1.462719202041625977e+00,1.190626263618469238e+00,8.974657654762268066e-01,6.283091902732849121e-01,3.888790011405944824e-01,0.000000000000000000e+00,3.840734064579010010e-01,5.710412859916687012e-01,8.425174355506896973e-01,8.633821010589599609e-01,8.983892798423767090e-01,1.261460542678833008e+00,2.256332397460937500e+00,1.916309833526611328e+00,1.651079654693603516e+00,1.475477814674377441e+00,1.096060276031494141e+00,9.485481381416320801e-01,8.290049433708190918e-01,4.728689789772033691e-01,7.050926685333251953e-01,8.025919795036315918e-01,7.761204838752746582e-01,1.059264183044433594e+00,1.286345005035400391e+00,1.218606233596801758e+00,1.512537956237792969e+00,2.436502218246459961e+00,2.145375013351440430e+00,1.825082898139953613e+00,1.775470614433288574e+00,1.442210435867309570e+00,1.237461447715759277e+00,1.291979193687438965e+00,9.808634519577026367e-01,1.123095154762268066e+00,1.308349251747131348e+00,1.140026092529296875e+00,1.479407429695129395e+00,1.630581617355346680e+00,1.405624508857727051e+00,1.705766797065734863e+00,2.542476654052734375e+00,2.342839241027832031e+00,1.973137140274047852e+00,1.927887320518493652e+00,1.681452870368957520e+00,1.359739422798156738e+00,1.436448454856872559e+00,1.179033398628234863e+00,1.149974226951599121e+00,1.408390760421752930e+00,1.238739132881164551e+00,1.597486853599548340e+00,1.597029924392700195e+00,1.325128078460693359e+00,1.672987699508666992e+00,2.495080709457397461e+00,2.273677587509155273e+00,1.923549175262451172e+00,1.751965999603271484e+00,1.558735370635986328e+00,1.177761435508728027e+00,1.117041349411010742e+00,9.444928765296936035e-01,7.076416015625000000e-01,9.896112084388732910e-01,9.591240286827087402e-01,1.269392490386962891e+00,1.135100722312927246e+00,9.855963587760925293e-01,1.368983745574951172e+00
2.581006288528442383e+00,2.275902748107910156e+00,2.021394729614257812e+00,1.731548428535461426e+00,1.438594579696655273e+00,1.209943413734436035e+00,8.792397975921630859e-01,6.271069645881652832e-01,3.840734064579010010e-01,0.000000000000000000e+00,3.755431473255157471e-01,5.025828480720520020e-01,5.983621478080749512e-01,7.444980144500732422e-01,1.032309055328369141e+00,2.582555294036865234e+00,2.227707386016845703e+00,1.985256195068359375e+00,1.822039127349853516e+00,1.432094335556030273e+00,1.325441360473632812e+00,1.189338803291320801e+00,8.295327425003051758e-01,9.851939082145690918e-01,9.541629552841186523e-01,8.198724389076232910e-01,1.028409004211425781e+00,1.323557734489440918e+00,1.229698896408081055e+00,1.444294333457946777e+00,2.806758642196655273e+00,2.519926071166992188e+00,2.199687480926513672e+00,2.159299373626708984e+00,1.824898719787597656e+00,1.615812420845031738e+00,1.647513270378112793e+00,1.307281255722045898e+00,1.384823560714721680e+00,1.512926220893859863e+00,1.262003898620605469e+00,1.570426821708679199e+00,1.717058897018432617e+00,1.433452010154724121e+00,1.678448200225830078e+00,2.898808717727661133e+00,2.709206104278564453e+00,2.336373329162597656e+00,2.276552677154541016e+00,2.036355733871459961e+00,1.696854472160339355e+00,1.731122970581054688e+00,1.454847455024719238e+00,1.339432120323181152e+00,1.545165181159973145e+00,1.318603515625000000e+00,1.641842842102050781e+00,1.587006568908691406e+00,1.263882994651794434e+00,1.566213726997375488e+00,2.800862550735473633e+00,2.573521614074707031e+00,2.239257097244262695e+00,2.026997804641723633e+00,1.832514286041259766e+00,1.462803244590759277e+00,1.316816329956054688e+00,1.132801294326782227e+00,7.934281229972839355e-01,9.456754326820373535e-01,8.992327451705932617e-01,1.125576138496398926e+00,8.934189081192016602e-01,7.710055708885192871e-01,1.115912556648254395e+00
2.812640190124511719e+00,2.502126455307006836e+00,2.222624063491821289e+00,1.975019574165344238e+00,1.654630422592163086e+00,1.405841469764709473e+00,1.138881325721740723e+00,7.965326309204101562e-01,5.710412859916687012e-01,3.755431473255157471e-01,0.000000000000000000e+00,3.708858191967010498e-01,5.221998691558837891e-01,4.848503470420837402e-01,7.873864173889160156e-01,2.816654205322265625e+00,2.482895135879516602e+00,2.205821990966796875e+00,2.037323713302612305e+00,1.664139389991760254e+00,1.478293538093566895e+00,1.327280521392822266e+00,9.308707118034362793e-01,9.435858726501464844e-01,8.911203145980834961e-01,6.224330663681030273e-01,8.555511832237243652e-01,1.104208350181579590e+00,9.303832054138183594e-01,1.137727499008178711e+00,2.959031343460083008e+00,2.667446374893188477e+00,2.342201232910156250e+00,2.245296478271484375e+00,1.907740473747253418e+00,1.657982587814331055e+00,1.613043069839477539e+00,1.240513920783996582e+00,1.218922734260559082e+00,1.292244672775268555e+00,9.887792468070983887e-01,1.277761578559875488e+00,1.395630955696105957e+00,1.086433649063110352e+00,1.314530253410339355e+00,3.014027118682861328e+00,2.786420345306396484e+00,2.428083181381225586e+00,2.316440105438232422e+00,2.040332078933715820e+00,1.708340406417846680e+00,1.660064816474914551e+00,1.335284829139709473e+00,1.173138499259948730e+00,1.297472953796386719e+00,1.018613696098327637e+00,1.313034892082214355e+00,1.270561575889587402e+00,9.245815873146057129e-01,1.207385778427124023e+00,2.942900657653808594e+00,2.677372217178344727e+00,2.352398395538330078e+00,2.139760494232177734e+00,1.885743975639343262e+00,1.545193195343017578e+00,1.364639520645141602e+00,1.086239695549011230e+00,7.591608166694641113e-01,8.044255375862121582e-01,6.241585016250610352e-01,8.530197739601135254e-01,6.703933477401733398e-01,4.351979792118072510e-01,8.031294345855712891e-01
3.064964056015014648e+00,2.746032476425170898e+00,2.494542360305786133e+00,2.216217756271362305e+00,1.900765419006347656e+00,1.686253786087036133e+00,1.369769454002380371e+00,1.071199536323547363e+00,8.425174355506896973e-01,5.025828480720520020e-01,3.708858191967010498e-01,0.000000000000000000e+00,3.764138221740722656e-01,5.346264243125915527e-01,6.482287645339965820e-01,3.081658363342285156e+00,2.729322671890258789e+00,2.480418443679809570e+00,2.310190439224243164e+00,1.924355506896972656e+00,1.786670446395874023e+00,1.616459727287292480e+00,1.232370495796203613e+00,1.258136630058288574e+00,1.121283173561096191e+00,8.542487025260925293e-01,9.527910947799682617e-01,1.258315324783325195e+00,1.112735629081726074e+00,1.204619169235229492e+00,3.276237726211547852e+00,2.981999874114990234e+00,2.662407875061035156e+00,2.585596799850463867e+00,2.241135358810424805e+00,2.011051654815673828e+00,1.972168087959289551e+00,1.595055818557739258e+00,1.576322793960571289e+00,1.610189676284790039e+00,1.277965903282165527e+00,1.512574315071105957e+00,1.641609787940979004e+00,1.312976241111755371e+00,1.458615303039550781e+00,3.346478939056396484e+00,3.134275436401367188e+00,2.769728660583496094e+00,2.669502735137939453e+00,2.404063940048217773e+00,2.065430641174316406e+00,2.021107435226440430e+00,1.701473951339721680e+00,1.514072895050048828e+00,1.609973192214965820e+00,1.310082077980041504e+00,1.554293632507324219e+00,1.471307277679443359e+00,1.101647257804870605e+00,1.299224019050598145e+00,3.243562698364257812e+00,2.988418102264404297e+00,2.668436765670776367e+00,2.436232089996337891e+00,2.202302932739257812e+00,1.860005974769592285e+00,1.651705741882324219e+00,1.404192805290222168e+00,1.042209029197692871e+00,1.008388757705688477e+00,8.535179495811462402e-01,9.468510150909423828e-01,6.435216665267944336e-01,4.740763008594512939e-01,6.937206983566284180e-01
3.140548706054687500e+00,2.853389739990234375e+00,2.583094835281372070e+00,2.296930074691772461e+00,2.022088050842285156e+00,1.757602691650390625e+00,1.445828318595886230e+00,1.192052245140075684e+00,8.633821010589599609e-01,5.983621478080749512e-01,5.221998691558837891e-01,3.764138221740722656e-01,0.000000000000000000e+00,3.802814483642578125e-01,5.063940286636352539e-01,3.067069053649902344e+00,2.708956480026245117e+00,2.478964567184448242e+00,2.256926298141479492e+00,1.882290482521057129e+00,1.750618100166320801e+00,1.507389426231384277e+00,1.148433446884155273e+00,1.130290150642395020e+00,8.950135111808776855e-01,6.892347931861877441e-01,6.699742078781127930e-01,1.025117516517639160e+00,9.894447922706604004e-01,1.051497936248779297e+00,3.243274450302124023e+00,2.919836997985839844e+00,2.630868911743164062e+00,2.537685871124267578e+00,2.167506456375122070e+00,1.988881707191467285e+00,1.917981624603271484e+00,1.532559990882873535e+00,1.562411904335021973e+00,1.540498733520507812e+00,1.223182439804077148e+00,1.415740013122558594e+00,1.624899387359619141e+00,1.351850867271423340e+00,1.465254068374633789e+00,3.387725353240966797e+00,3.162857294082641602e+00,2.804921627044677734e+00,2.735171318054199219e+00,2.444583415985107422e+00,2.140039682388305664e+00,2.122165918350219727e+00,1.779269218444824219e+00,1.663186669349670410e+00,1.753118753433227539e+00,1.430795073509216309e+00,1.684525966644287109e+00,1.679767370223999023e+00,1.307134509086608887e+00,1.488469839096069336e+00,3.354344844818115234e+00,3.118341922760009766e+00,2.775661945343017578e+00,2.585738182067871094e+00,2.358789920806884766e+00,1.997537136077880859e+00,1.852698683738708496e+00,1.595085620880126953e+00,1.267729401588439941e+00,1.305223822593688965e+00,1.103684306144714355e+00,1.254478454589843750e+00,9.955490231513977051e-01,7.313594222068786621e-01,9.227175712585449219e-01
3.185580968856811523e+00,2.902164220809936523e+00,2.600768566131591797e+00,2.357689857482910156e+00,2.067702531814575195e+00,1.772903680801391602e+00,1.523090124130249023e+00,1.213215827941894531e+00,8.983892798423767090e-01,7.444980144500732422e-01,4.848503470420837402e-01,5.346264243125915527e-01,3.802814483642578125e-01,0.000000000000000000e+00,3.974561691284179688e-01,3.101466655731201172e+00,2.768372297286987305e+00,2.501804351806640625e+00,2.275384902954101562e+00,1.921475172042846680e+00,1.716503739356994629e+00,1.472097158432006836e+00,1.098922371864318848e+00,9.660935401916503906e-01,7.434752583503723145e-01,4.232932627201080322e-01,4.525423645973205566e-01,7.279657721519470215e-01,6.181944608688354492e-01,7.182955741882324219e-01,3.190306186676025391e+00,2.864238023757934570e+00,2.573537111282348633e+00,2.429397106170654297e+00,2.062299966812133789e+00,1.855770826339721680e+00,1.722631931304931641e+00,1.326106190681457520e+00,1.288393139839172363e+00,1.215928316116333008e+00,8.755735158920288086e-01,1.046037673950195312e+00,1.249444603919982910e+00,9.882116317749023438e-01,1.098499178886413574e+00,3.306803703308105469e+00,3.047398805618286133e+00,2.706940174102783203e+00,2.600436210632324219e+00,2.280359268188476562e+00,1.996736526489257812e+00,1.926017165184020996e+00,1.554486036300659180e+00,1.441905736923217773e+00,1.472196102142333984e+00,1.125993728637695312e+00,1.358391880989074707e+00,1.407222509384155273e+00,1.046458840370178223e+00,1.217282295227050781e+00,3.315768957138061523e+00,3.052294015884399414e+00,2.713906288146972656e+00,2.540472269058227539e+00,2.270081758499145508e+00,1.932953000068664551e+00,1.793685436248779297e+00,1.477338433265686035e+00,1.202544927597045898e+00,1.218157172203063965e+00,9.321420192718505859e-01,1.114654660224914551e+00,9.600304365158081055e-01,6.018726229667663574e-01,8.041253089904785156e-01
3.557799339294433594e+00,3.265585899353027344e+00,2.976240158081054688e+00,2.720871925354003906e+00,2.424162864685058594e+00,2.147871971130371094e+00,1.874309182167053223e+00,1.566471576690673828e+00,1.261460542678833008e+00,1.032309055328369141e+00,7.873864173889160156e-01,6.482287645339965820e-01,5.063940286636352539e-01,3.974561691284179688e-01,0.000000000000000000e+00,3.482118129730224609e+00,3.140521526336669922e+00,2.884953022003173828e+00,2.656025171279907227e+00,2.296959400177001953e+00,2.108427524566650391e+00,1.853778004646301270e+00,1.487816095352172852e+00,1.348341107368469238e+00,1.082374453544616699e+00,7.873842120170593262e-01,6.551993489265441895e-01,8.999784588813781738e-01,8.067976236343383789e-01,6.941058635711669922e-01,3.584845066070556641e+00,3.255142688751220703e+00,2.968675136566162109e+00,2.823218107223510742e+00,2.453233003616333008e+00,2.251031160354614258e+00,2.103498458862304688e+00,1.706871747970581055e+00,1.639461636543273926e+00,1.516842722892761230e+00,1.160171627998352051e+00,1.236377835273742676e+00,1.424247741699218750e+00,1.158600091934204102e+00,1.140500783920288086e+00,3.702696084976196289e+00,3.442436456680297852e+00,3.102663040161132812e+00,2.988484621047973633e+00,2.666807413101196289e+00,2.381214857101440430e+00,2.288314819335937500e+00,1.912698507308959961e+00,1.765644669532775879e+00,1.743832468986511230e+00,1.377239584922790527e+00,1.533417820930480957e+00,1.557144165039062500e+00,1.190781354904174805e+00,1.243171453475952148e+00,3.697346687316894531e+00,3.429008245468139648e+00,3.096660375595092773e+00,2.907702922821044922e+00,2.633790731430053711e+00,2.302932977676391602e+00,2.132309436798095703e+00,1.814084887504577637e+00,1.517038822174072266e+00,1.456951022148132324e+00,1.162354111671447754e+00,1.234341382980346680e+00,1.046407580375671387e+00,7.279892563819885254e-01,7.233358025550842285e-01
7.493860721588134766e-01,1.002768874168395996e+00,9.509234428405761719e-01,1.067802667617797852e+00,1.431196689605712891e+00,1.472962498664855957e+00,1.750561237335205078e+00,2.083002328872680664e+00,2.256332397460937500e+00,2.582555294036865234e+00,2.816654205322265625e+00,3.081658363342285156e+00,3.067069053649902344e+00,3.101466655731201172e+00,3.482118129730224609e+00,0.000000000000000000e+00,3.968582153320312500e-01,6.165464520454406738e-01,8.556473255157470703e-01,1.189482808113098145e+00,1.418109059333801270e+00,1.703885197639465332e+00,2.020456075668334961e+00,2.299787998199462891e+00,2.585610151290893555e+00,2.812604665756225586e+00,3.067785978317260742e+00,3.155435323715209961e+00,3.194522619247436523e+00,3.557235479354858398e+00,7.546511292457580566e-01,8.246518969535827637e-01,8.432336449623107910e-01,1.224578619003295898e+00,1.399756312370300293e+00,1.590673565864562988e+00,1.947948813438415527e+00,2.158335924148559570e+00,2.468557357788085938e+00,2.779495477676391602e+00,2.922568559646606445e+00,3.222929477691650391e+00,3.334073781967163086e+00,3.290760278701782227e+00,3.656605958938598633e+00,1.114705801010131836e+00,1.280596971511840820e+00,1.149123668670654297e+00,1.512426137924194336e+00,1.675810813903808594e+00,1.726549506187438965e+00,2.114852666854858398e+00,2.287608385086059570e+00,2.534386634826660156e+00,2.889278173446655273e+00,2.997123956680297852e+00,3.330093860626220703e+00,3.381628274917602539e+00,3.296246051788330078e+00,3.686850070953369141e+00,1.252414464950561523e+00,1.457945466041564941e+00,1.270974993705749512e+00,1.502977728843688965e+00,1.756293773651123047e+00,1.700559496879577637e+00,2.052681446075439453e+00,2.283602952957153320e+00,2.436852455139160156e+00,2.808614015579223633e+00,2.955378293991088867e+00,3.273899078369140625e+00,3.247771739959716797e+00,3.189329862594604492e+00,3.583353519439697266e+00
8.395294547080993652e-01,9.477402567863464355e-01,8.394525647163391113e-01,8.128066062927246094e-01,1.167976498603820801e+00,1.181106925010681152e+00,1.409982085227966309e+00,1.762887477874755859e+00,1.916309833526611328e+00,2.227707386016845703e+00,2.482895135879516602e+00,2.729322671890258789e+00,2.708956480026245117e+00,2.768372297286987305e+00,3.140521526336669922e+00,3.968582153320312500e-01,0.000000000000000000e+00,3.838282823562622070e-01,5.760121941566467285e-01,8.509383201599121094e-01,1.142574667930603027e+00,1.406961560249328613e+00,1.706810355186462402e+00,2.015656948089599609e+00,2.277511835098266602e+00,2.501423358917236328e+00,2.746396541595458984e+00,2.864830493927001953e+00,2.909140586853027344e+00,3.259857177734375000e+00,1.008656382560729980e+00,9.274958968162536621e-01,8.343591690063476562e-01,1.195448756217956543e+00,1.257898092269897461e+00,1.426966547966003418e+00,1.787004590034484863e+00,1.935141921043395996e+00,2.259946346282958984e+00,2.564032554626464844e+00,2.668799877166748047e+00,2.979335546493530273e+00,3.110762596130371094e+00,3.039637088775634766e+00,3.398268461227416992e+00,1.354350924491882324e+00,1.440923571586608887e+00,1.210789561271667480e+00,1.534338474273681641e+00,1.627383232116699219e+00,1.600777387619018555e+00,1.989046931266784668e+00,2.106977701187133789e+00,2.328827857971191406e+00,2.692007064819335938e+00,2.760795116424560547e+00,3.108906745910644531e+00,3.149071455001831055e+00,3.029454708099365234e+00,3.419293642044067383e+00,1.413642406463623047e+00,1.540197849273681641e+00,1.281306862831115723e+00,1.431846380233764648e+00,1.647935271263122559e+00,1.510802388191223145e+00,1.836292743682861328e+00,2.049842596054077148e+00,2.153986930847167969e+00,2.530031681060791016e+00,2.670546054840087891e+00,2.987174749374389648e+00,2.930613994598388672e+00,2.869185447692871094e+00,3.261274814605712891e+00
8.720782399177551270e-01,8.610534667968750000e-01,6.076200008392333984e-01,6.112091541290283203e-01,9.009426236152648926e-01,8.673037290573120117e-01,1.158778905868530273e+00,1.472854018211364746e+00,1.651079654693603516e+00,1.985256195068359375e+00,2.205821990966796875e+00,2.480418443679809570e+00,2.478964567184448242e+00,2.501804351806640625e+00,2.884953022003173828e+00,6.165464520454406738e-01,3.838282823562622070e-01,0.000000000000000000e+00,3.855510354042053223e-01,6.257502436637878418e-01,8.309777379035949707e-01,1.153375744819641113e+00,1.431478142738342285e+00,1.726353526115417480e+00,2.022838115692138672e+00,2.222037792205810547e+00,2.494913101196289062e+00,2.592954874038696289e+00,2.607340335845947266e+00,2.971237182617187500e+00,9.656488895416259766e-01,8.314529061317443848e-01,5.896799564361572266e-01,9.195970892906188965e-01,9.657930731773376465e-01,1.073805928230285645e+00,1.449240684509277344e+00,1.603291511535644531e+00,1.907981634140014648e+00,2.228762865066528320e+00,2.340408086776733398e+00,2.656922817230224609e+00,2.765066862106323242e+00,2.696775197982788086e+00,3.063592195510864258e+00,1.200321674346923828e+00,1.206907868385314941e+00,9.125071763992309570e-01,1.197254061698913574e+00,1.263851523399353027e+00,1.217461585998535156e+00,1.605336666107177734e+00,1.730089902877807617e+00,1.956497311592102051e+00,2.317939519882202148e+00,2.402670621871948242e+00,2.744554996490478516e+00,2.788603782653808594e+00,2.687201738357543945e+00,3.077843904495239258e+00,1.263398766517639160e+00,1.298233151435852051e+00,9.857914447784423828e-01,1.127369046211242676e+00,1.295895814895629883e+00,1.151300907135009766e+00,1.496102690696716309e+00,1.695291161537170410e+00,1.830903649330139160e+00,2.207352399826049805e+00,2.342427492141723633e+00,2.664632320404052734e+00,2.638169527053833008e+00,2.573886632919311523e+00,2.968084096908569336e+00
1.252801418304443359e+00,1.225730895996093750e+00,9.437670707702636719e-01,8.511428236961364746e-01,1.046281218528747559e+00,8.683236837387084961e-01,1.094449758529663086e+00,1.384638428688049316e+00,1.475477814674377441e+00,1.822039127349853516e+00,2.037323713302612305e+00,2.310190439224243164e+00,2.256926298141479492e+00,2.275384902954101562e+00,2.656025171279907227e+00,8.556473255157470703e-01,5.760121941566467285e-01,3.855510354042053223e-01,0.000000000000000000e+00,3.950009047985076904e-01,6.169660687446594238e-01,8.517225384712219238e-01,1.185618519783020020e+00,1.462810873985290527e+00,1.732426643371582031e+00,1.973874688148498535e+00,2.215960502624511719e+00,2.308364152908325195e+00,2.365942001342773438e+00,2.718519210815429688e+00,1.082542657852172852e+00,8.101270794868469238e-01,6.007952690124511719e-01,8.257229924201965332e-01,7.441129088401794434e-01,9.311021566390991211e-01,1.259124994277954102e+00,1.385978221893310547e+00,1.732516765594482422e+00,2.012932300567626953e+00,2.126599788665771484e+00,2.423151254653930664e+00,2.573733568191528320e+00,2.522529602050781250e+00,2.870396614074707031e+00,1.444597363471984863e+00,1.368323922157287598e+00,1.070740938186645508e+00,1.328183650970458984e+00,1.283387541770935059e+00,1.237495422363281250e+00,1.606735467910766602e+00,1.652044177055358887e+00,1.902997255325317383e+00,2.244265556335449219e+00,2.281417846679687500e+00,2.631636857986450195e+00,2.710960626602172852e+00,2.577283382415771484e+00,2.958140373229980469e+00,1.612250447273254395e+00,1.605108618736267090e+00,1.260234713554382324e+00,1.383528351783752441e+00,1.461522817611694336e+00,1.243540763854980469e+00,1.571571111679077148e+00,1.687712192535400391e+00,1.783942222595214844e+00,2.167929887771606445e+00,2.246214389801025391e+00,2.587832450866699219e+00,2.543207645416259766e+00,2.428815126419067383e+00,2.821479797363281250e+00
1.429862618446350098e+00,1.294540166854858398e+00,9.976403713226318359e-01,7.814010381698608398e-01,8.471277952194213867e-01,5.901878476142883301e-01,7.275125980377197266e-01,1.020369648933410645e+00,1.096060276031494141e+00,1.432094335556030273e+00,1.664139389991760254e+00,1.924355506896972656e+00,1.882290482521057129e+00,1.921475172042846680e+00,2.296959400177001953e+00,1.189482808113098145e+00,8.509383201599121094e-01,6.257502436637878418e-01,3.950009047985076904e-01,0.000000000000000000e+00,3.910820782184600830e-01,5.989465713500976562e-01,8.597096204757690430e-01,1.189749240875244141e+00,1.440324902534484863e+00,1.652551889419555664e+00,1.900680065155029297e+00,2.032541990280151367e+00,2.072386980056762695e+00,2.415171623229980469e+00,1.449281454086303711e+00,1.172356605529785156e+00,9.016547799110412598e-01,1.032766222953796387e+00,8.213119506835937500e-01,8.786447048187255859e-01,1.180729031562805176e+00,1.195673227310180664e+00,1.532704830169677734e+00,1.810834050178527832e+00,1.864813685417175293e+00,2.181253194808959961e+00,2.338772773742675781e+00,2.244421005249023438e+00,2.587474822998046875e+00,1.716172695159912109e+00,1.606506586074829102e+00,1.259338021278381348e+00,1.426831841468811035e+00,1.318828940391540527e+00,1.162266254425048828e+00,1.493404150009155273e+00,1.469832539558410645e+00,1.667639374732971191e+00,2.013653755187988281e+00,2.009490728378295898e+00,2.371842145919799805e+00,2.427566289901733398e+00,2.261383533477783203e+00,2.640985727310180664e+00,1.782055139541625977e+00,1.708824396133422852e+00,1.341184258460998535e+00,1.358106970787048340e+00,1.374352812767028809e+00,1.072713732719421387e+00,1.335268497467041016e+00,1.418723106384277344e+00,1.453243136405944824e+00,1.835371971130371094e+00,1.910231471061706543e+00,2.245063304901123047e+00,2.174080371856689453e+00,2.063688039779663086e+00,2.454835414886474609e+00
1.622417688369750977e+00,1.458136200904846191e+00,1.103554129600524902e+00,9.640972614288330078e-01,9.063585400581359863e-01,5.468750596046447754e-01,7.356327176094055176e-01,8.818821310997009277e-01,9.485481381416320801e-01,1.325441360473632812e+00,1.478293538093566895e+00,1.786670446395874023e+00,1.750618100166320801e+00,1.716503739356994629e+00,2.108427524566650391e+00,1.418109059333801270e+00,1.142574667930603027e+00,8.309777379035949707e-01,6.169660687446594238e-01,3.910820782184600830e-01,0.000000000000000000e+00,3.908936679363250732e-01,6.282221078872680664e-01,8.967450857162475586e-01,1.211512923240661621e+00,1.404230713844299316e+00,1.686185836791992188e+00,1.766824960708618164e+00,1.779036045074462891e+00,2.143494129180908203e+00,1.495809197425842285e+00,1.197374343872070312e+00,8.832643628120422363e-01,8.696943521499633789e-01,5.826283097267150879e-01,5.251551866531372070e-01,8.047965764999389648e-01,8.202109932899475098e-01,1.151833295822143555e+00,1.443206787109375000e+00,1.526378512382507324e+00,1.841519594192504883e+00,1.978840112686157227e+00,1.908766031265258789e+00,2.260433912277221680e+00,1.689300060272216797e+00,1.496767640113830566e+00,1.142911195755004883e+00,1.224847197532653809e+00,1.030287861824035645e+00,8.605108261108398438e-01,1.156963109970092773e+00,1.101818203926086426e+00,1.334238290786743164e+00,1.663074731826782227e+00,1.671280741691589355e+00,2.025834321975708008e+00,2.111988544464111328e+00,1.969641089439392090e+00,2.346594095230102539e+00,1.804893851280212402e+00,1.656622767448425293e+00,1.276581883430480957e+00,1.289251804351806641e+00,1.201186418533325195e+00,8.918474912643432617e-01,1.157401561737060547e+00,1.161768913269042969e+00,1.244270920753479004e+00,1.621882915496826172e+00,1.656816720962524414e+00,2.010311603546142578e+00,1.989048600196838379e+00,1.850153326988220215e+00,2.241946220397949219e+00
