,A1,A2,A3,A4,A5,A6,A7,A8,A9,A10,A11,A12,A13,A14,A15,B1,B2,B3,B4,B5,B6,B7,B8,B9,B10,B11,B12,B13,B14,B15,C1,C2,C3,C4,C5,C6,C7,C8,C9,C10,C11,C12,C13,C14,C15,D1,D2,D3,D4,D5,D6,D7,D8,D9,D10,D11,D12,D13,D14,D15,E1,E2,E3,E4,E5,E6,E7,E8,E9,E10,E11,E12,E13,E14,E15
A1,0.0,0.40124988555908203,0.6380141973495483,0.8460397124290466,1.199611783027649,1.415527105331421,1.6779935359954834,2.021717071533203,2.2458298206329346,2.5349009037017822,2.7800724506378174,3.033747911453247,3.1587162017822266,3.200685977935791,3.591489315032959,0.8207858204841614,0.6702504754066467,0.7856961488723755,1.0937868356704712,1.2227849960327148,1.53183114528656,1.8279368877410889,2.069007158279419,2.389327049255371,2.655622959136963,2.8361494541168213,3.0978848934173584,3.294870615005493,3.28761887550354,3.67093825340271,1.3851854801177979,1.3331397771835327,1.2120544910430908,1.5771538019180298,1.6322965621948242,1.789842963218689,2.1570537090301514,2.3087000846862793,2.6002259254455566,2.917280435562134,3.004284620285034,3.3246774673461914,3.4827375411987305,3.38092041015625,3.7623298168182373,1.389201045036316,1.529531478881836,1.3383148908615112,1.6685373783111572,1.804983377456665,1.8206286430358887,2.2069756984710693,2.382085084915161,2.5694196224212646,2.9351766109466553,3.0286669731140137,3.379798173904419,3.4414608478546143,3.327251434326172,3.721393346786499,0.9220253825187683,1.1955105066299438,1.0927653312683105,1.3056640625,1.6000494956970215,1.6146165132522583,1.9390610456466675,2.2285802364349365,2.35811710357666,2.715111017227173,2.8981151580810547,3.2156083583831787,3.2569580078125,3.2176673412323,3.61388897895813
A2,0.40124988555908203,0.0,0.38558775186538696,0.5628165602684021,0.8665603995323181,1.1500908136367798,1.3985825777053833,1.7260102033615112,1.9909698963165283,2.259138345718384,2.497682809829712,2.740478038787842,2.898327589035034,2.9410221576690674,3.325443983078003,1.091500997543335,0.8752334713935852,0.8144250512123108,1.1065051555633545,1.1136554479599,1.3901045322418213,1.6997772455215454,1.876025915145874,2.2129018306732178,2.479290723800659,2.616154670715332,2.891456365585327,3.0981152057647705,3.0568790435791016,3.434983968734741,1.49985933303833,1.439123511314392,1.2151706218719482,1.5471348762512207,1.5611250400543213,1.6346430778503418,2.0128016471862793,2.126662254333496,2.388096332550049,2.7211406230926514,2.7775192260742188,3.117266893386841,3.249274730682373,3.119317054748535,3.5001397132873535,1.3463456630706787,1.4704828262329102,1.2210612297058105,1.489803671836853,1.6264019012451172,1.5732656717300415,1.948634147644043,2.124342918395996,2.26948618888855,2.643439531326294,2.7415804862976074,3.09425687789917,3.12748646736145,3.0193748474121094,3.412457227706909,0.7620115280151367,0.9624538421630859,0.8385112285614014,0.9642018675804138,1.2794541120529175,1.2887749671936035,1.583193302154541,1.8986071348190308,2.023831605911255,2.3681259155273438,2.577880859375,2.878425121307373,2.9277737140655518,2.9177491664886475,3.314509868621826
A3,0.6380141973495483,0.38558775186538696,0.0,0.3840992748737335,0.623807966709137,0.8434295654296875,1.1561996936798096,1.4526653289794922,1.7150202989578247,2.014500141143799,2.2207717895507812,2.494413137435913,2.6386020183563232,2.6465694904327393,3.037972927093506,1.0214630365371704,0.7867752313613892,0.5623142123222351,0.839377224445343,0.8207098841667175,1.040899634361267,1.3796058893203735,1.5564850568771362,1.8733946084976196,2.1639184951782227,2.298088788986206,2.5916266441345215,2.773714065551758,2.7253034114837646,3.111161947250366,1.307915210723877,1.195312261581421,0.9065865874290466,1.201507329940796,1.195239543914795,1.2497339248657227,1.629357933998108,1.7539124488830566,2.0134947299957275,2.348419189453125,2.422163724899292,2.7591588497161865,2.8893189430236816,2.7776248455047607,3.1639692783355713,1.2083359956741333,1.233534812927246,0.9244952201843262,1.1708794832229614,1.261047124862671,1.20962655544281,1.5919246673583984,1.760685682296753,1.9333387613296509,2.3011810779571533,2.4028804302215576,2.7514822483062744,2.8089473247528076,2.7086434364318848,3.1059350967407227,0.8280911445617676,0.8740900158882141,0.6078113317489624,0.7535496950149536,0.990503191947937,0.9790248274803162,1.3179017305374146,1.5971882343292236,1.753547191619873,2.108271598815918,2.2876226902008057,2.603923797607422,2.6713860034942627,2.634176254272461,3.033378839492798
A4,0.8460397124290466,0.5628165602684021,0.3840992748737335,0.0,0.3900453746318817,0.6155970096588135,0.8421978950500488,1.1841803789138794,1.430727481842041,1.7043170928955078,1.947601318359375,2.1943116188049316,2.3390588760375977,2.3861911296844482,2.770711660385132,1.265570878982544,0.9379691481590271,0.733043909072876,0.8490524291992188,0.6756505966186523,0.9361355900764465,1.206217885017395,1.3375625610351562,1.6911866664886475,1.9374651908874512,2.0663559436798096,2.334275960922241,2.5523321628570557,2.5163018703460693,2.8884530067443848,1.6357128620147705,1.4584790468215942,1.146296739578247,1.37278413772583,1.2539716958999634,1.272093415260315,1.6218721866607666,1.6610782146453857,1.9323452711105347,2.247159957885742,2.268400192260742,2.6067121028900146,2.752326488494873,2.6064062118530273,2.97790789604187,1.5717943906784058,1.5596307516098022,1.2124181985855103,1.3905634880065918,1.3984689712524414,1.2550922632217407,1.6152608394622803,1.708134412765503,1.8411617279052734,2.21317982673645,2.262354850769043,2.626939058303833,2.659440279006958,2.5171470642089844,2.9048802852630615,1.1479923725128174,1.1639739274978638,0.8789471983909607,0.8692921996116638,1.0484353303909302,0.9011958241462708,1.1892622709274292,1.4524192810058594,1.5308345556259155,1.892747163772583,2.0729522705078125,2.389882802963257,2.4142444133758545,2.3819448947906494,2.7770538330078125
A5,1.199611783027649,0.8665603995323181,0.623807966709137,0.3900453746318817,0.0,0.38594290614128113,0.6024386882781982,0.8732535243034363,1.1810446977615356,1.4397997856140137,1.6489957571029663,1.9003005027770996,2.0778043270111084,2.10335373878479,2.4821481704711914,1.5626498460769653,1.26044499874115,0.9738404154777527,1.0371737480163574,0.7651349902153015,0.8736116886138916,1.1344598531723022,1.158848762512207,1.5041676759719849,1.7557259798049927,1.8235441446304321,2.1151163578033447,2.3261146545410156,2.2452492713928223,2.612779140472412,1.7778503894805908,1.604461908340454,1.241910696029663,1.3861923217773438,1.2294981479644775,1.1291918754577637,1.4591562747955322,1.4499483108520508,1.6705257892608643,1.9980343580245972,1.9909141063690186,2.3464369773864746,2.4583802223205566,2.2905569076538086,2.663041353225708,1.6270159482955933,1.5687463283538818,1.1972423791885376,1.2654852867126465,1.2362128496170044,1.0027964115142822,1.3238035440444946,1.40057373046875,1.487209677696228,1.863339900970459,1.9183536767959595,2.2812297344207764,2.2930893898010254,2.1626501083374023,2.5519442558288574,1.2603013515472412,1.1545910835266113,0.8473512530326843,0.6922814846038818,0.7714450359344482,0.5507190227508545,0.8027575016021729,1.0746517181396484,1.1621406078338623,1.5170260667800903,1.7141361236572266,2.020340919494629,2.066433906555176,2.0543932914733887,2.451573133468628
A6,1.415527105331421,1.1500908136367798,0.8434295654296875,0.6155970096588135,0.38594290614128113,0.0,0.38938990235328674,0.632428765296936,0.8775104880332947,1.1933947801589966,1.3831783533096313,1.6720168590545654,1.8022863864898682,1.803900957107544,2.195307731628418,1.598153829574585,1.2876914739608765,0.9737715125083923,0.9002960920333862,0.5550270676612854,0.5480371713638306,0.7656944990158081,0.7785956263542175,1.1224770545959473,1.3826286792755127,1.4747378826141357,1.7697737216949463,1.9673197269439697,1.9087930917739868,2.28517746925354,1.788792371749878,1.5475659370422363,1.1833622455596924,1.2322548627853394,0.9853941798210144,0.8688816428184509,1.1508631706237793,1.100067377090454,1.3544282913208008,1.6586185693740845,1.6563935279846191,1.9993888139724731,2.1408793926239014,1.9927189350128174,2.3647401332855225,1.770913004875183,1.6273916959762573,1.240986704826355,1.27139413356781,1.124924659729004,0.8820431232452393,1.1775193214416504,1.167985439300537,1.2987816333770752,1.6562005281448364,1.6687971353530884,2.0369863510131836,2.08676815032959,1.9311507940292358,2.319392204284668,1.5539803504943848,1.4151874780654907,1.0566383600234985,0.9454066753387451,0.8750128149986267,0.5519178509712219,0.8101325631141663,0.9411032199859619,1.0101475715637207,1.3880962133407593,1.5085597038269043,1.850341796875,1.88339364528656,1.8101657629013062,2.2072694301605225
A7,1.6779935359954834,1.3985825777053833,1.1561996936798096,0.8421978950500488,0.6024386882781982,0.38938990235328674,0.0,0.39137935638427734,0.6097809076309204,0.8634949326515198,1.1148265600204468,1.3563146591186523,1.5002117156982422,1.5618699789047241,1.9378304481506348,1.9231996536254883,1.5787203311920166,1.3099639415740967,1.1846072673797607,0.7994272708892822,0.7992600202560425,0.8421137928962708,0.7162940502166748,1.0821422338485718,1.2474859952926636,1.3036075830459595,1.5562623739242554,1.8063801527023315,1.7540570497512817,2.101114511489868,2.1730713844299316,1.9171513319015503,1.562091588973999,1.5878392457962036,1.2968510389328003,1.1574702262878418,1.3601202964782715,1.1973470449447632,1.4244065284729004,1.6812244653701782,1.5944602489471436,1.930659532546997,2.078955888748169,1.8789030313491821,2.22098708152771,2.144963264465332,2.0095841884613037,1.623368740081787,1.6234922409057617,1.4541130065917969,1.1612040996551514,1.3799786567687988,1.2821425199508667,1.3271597623825073,1.6634496450424194,1.6033861637115479,1.9779889583587646,1.982919692993164,1.7740440368652344,2.1405317783355713,1.8599936962127686,1.7299591302871704,1.3973366022109985,1.217698335647583,1.1366456747055054,0.7667866945266724,0.8532739281654358,0.9250420331954956,0.8376891613006592,1.2029352188110352,1.3244097232818604,1.653481364250183,1.6230850219726562,1.5659241676330566,1.954209804534912
A8,2.021717071533203,1.7260102033615112,1.4526653289794922,1.1841803789138794,0.8732535243034363,0.632428765296936,0.39137935638427734,0.0,0.38405585289001465,0.6131973266601562,0.7759749889373779,1.0509394407272339,1.2221437692642212,1.235784649848938,1.6095026731491089,2.217154026031494,1.8991390466690063,1.5938094854354858,1.4550806283950806,1.0798859596252441,0.9417932033538818,0.9274903535842896,0.6459042429924011,0.9261940717697144,1.0740323066711426,1.0298826694488525,1.312990665435791,1.5421409606933594,1.433432936668396,1.7742382287979126,2.355807065963745,2.104712963104248,1.7396076917648315,1.6907048225402832,1.3851040601730347,1.1543796062469482,1.2729218006134033,1.0320581197738647,1.1741926670074463,1.4144350290298462,1.2786794900894165,1.6263383626937866,1.739813208580017,1.5140173435211182,1.8546032905578613,2.2969934940338135,2.120694875717163,1.7437360286712646,1.6575989723205566,1.4407013654708862,1.1026362180709839,1.2127349376678467,1.0371819734573364,1.0141222476959229,1.3229765892028809,1.232698917388916,1.6054139137268066,1.5967774391174316,1.3831363916397095,1.7517104148864746,2.088411569595337,1.893048644065857,1.565569519996643,1.3433901071548462,1.1570392847061157,0.7788565754890442,0.727021336555481,0.6437076926231384,0.48658618330955505,0.8472242951393127,0.9350865483283997,1.2731242179870605,1.2616201639175415,1.197970986366272,1.593228816986084
A9,2.2458298206329346,1.9909698963165283,1.7150202989578247,1.430727481842041,1.1810446977615356,0.8775104880332947,0.6097809076309204,0.38405585289001465,0.0,0.37935036420822144,0.5679577589035034,0.8560393452644348,0.9286428093910217,0.9655036926269531,1.3487313985824585,2.363168239593506,2.035531997680664,1.7584896087646484,1.5416738986968994,1.1732631921768188,1.0122319459915161,0.8427404761314392,0.4865474998950958,0.7071382999420166,0.7434162497520447,0.7217930555343628,0.9592976570129395,1.2217936515808105,1.1748759746551514,1.5043220520019531,2.5404672622680664,2.246196746826172,1.9087289571762085,1.8160006999969482,1.4624916315078735,1.2707271575927734,1.2969833612442017,0.9839048981666565,1.146695613861084,1.29351806640625,1.1154972314834595,1.4171353578567505,1.588495135307312,1.3690558671951294,1.6755080223083496,2.580673933029175,2.3738555908203125,1.9990911483764648,1.9220253229141235,1.6536717414855957,1.3526220321655273,1.428946614265442,1.1707196235656738,1.1717145442962646,1.4076117277145386,1.2248969078063965,1.581255316734314,1.600877046585083,1.326276183128357,1.658055305480957,2.4117307662963867,2.231738567352295,1.8844938278198242,1.6988080739974976,1.5028815269470215,1.1263927221298218,1.094104528427124,0.9250607490539551,0.711747407913208,0.9891775846481323,0.9438464045524597,1.2890710830688477,1.203397512435913,1.0488426685333252,1.4203859567642212
A10,2.5349009037017822,2.259138345718384,2.014500141143799,1.7043170928955078,1.4397997856140137,1.1933947801589966,0.8634949326515198,0.6131973266601562,0.37935036420822144,0.0,0.3706388473510742,0.5180086493492126,0.6509039402008057,0.7929853796958923,1.122112512588501,2.713519811630249,2.3722305297851562,2.106963634490967,1.898965835571289,1.5221889019012451,1.3886197805404663,1.2073297500610352,0.8494772911071777,0.9940254092216492,0.9074430465698242,0.7755026817321777,0.9097928404808044,1.217214584350586,1.1485443115234375,1.4019118547439575,2.9071779251098633,2.6204094886779785,2.2774322032928467,2.1900787353515625,1.8400472402572632,1.6319780349731445,1.6375935077667236,1.296344518661499,1.3871973752975464,1.4823256731033325,1.2218667268753052,1.488803505897522,1.6292014122009277,1.347985029220581,1.5918762683868408,2.903837203979492,2.711416721343994,2.336472272872925,2.2397425174713135,1.9832127094268799,1.6562057733535767,1.6868650913238525,1.4085190296173096,1.3157527446746826,1.5018527507781982,1.2649677991867065,1.5899739265441895,1.5396674871444702,1.2203927040100098,1.4990978240966797,2.684278726577759,2.5019218921661377,2.176860809326172,1.9475975036621094,1.7564042806625366,1.3854150772094727,1.2593439817428589,1.072838544845581,0.7469771504402161,0.9009997844696045,0.8459452986717224,1.122192621231079,0.9446027278900146,0.8310151696205139,1.1714565753936768
A11,2.7800724506378174,2.497682809829712,2.2207717895507812,1.947601318359375,1.6489957571029663,1.3831783533096313,1.1148265600204468,0.7759749889373779,0.5679577589035034,0.3706388473510742,0.0,0.37496593594551086,0.5074171423912048,0.49229896068573,0.8380509614944458,2.905661106109619,2.5910120010375977,2.2955799102783203,2.0881741046905518,1.7281759977340698,1.520667314529419,1.3399800062179565,0.9486984014511108,0.9639330506324768,0.8670582175254822,0.5954113006591797,0.7630490660667419,1.0008522272109985,0.846254825592041,1.0915520191192627,3.00498104095459,2.7262122631073,2.384101390838623,2.245413064956665,1.90286386013031,1.6486687660217285,1.585523247718811,1.2151583433151245,1.2085505723953247,1.2549618482589722,0.9450832009315491,1.2003613710403442,1.2977838516235352,0.992734432220459,1.2297106981277466,2.991089344024658,2.76627779006958,2.4085519313812256,2.258418321609497,1.9749186038970947,1.6503636837005615,1.5959457159042358,1.270029902458191,1.1345826387405396,1.2406574487686157,0.9553053975105286,1.2507426738739014,1.202709674835205,0.8673020005226135,1.1408185958862305,2.849252223968506,2.6234381198883057,2.3008830547332764,2.0668280124664307,1.8161572217941284,1.472704529762268,1.306573748588562,1.0230607986450195,0.7235203385353088,0.7626951932907104,0.5686911940574646,0.8419029116630554,0.6897626519203186,0.48916226625442505,0.8544777631759644
A12,3.033747911453247,2.740478038787842,2.494413137435913,2.1943116188049316,1.9003005027770996,1.6720168590545654,1.3563146591186523,1.0509394407272339,0.8560393452644348,0.5180086493492126,0.37496593594551086,0.0,0.36519554257392883,0.5437204241752625,0.725355327129364,3.2142655849456787,2.8816652297973633,2.603139877319336,2.3975515365600586,2.026022434234619,1.8560879230499268,1.663171410560608,1.2815237045288086,1.3074073791503906,1.1429795026779175,0.871939480304718,0.8954572677612305,1.1580971479415894,1.0215473175048828,1.1432949304580688,3.3533098697662354,3.0754621028900146,2.729729175567627,2.6082491874694824,2.263566732406616,2.0162763595581055,1.9601871967315674,1.587716817855835,1.567205548286438,1.5814859867095947,1.2414369583129883,1.438033938407898,1.5104420185089111,1.1734131574630737,1.3097115755081177,3.31404185295105,3.108030080795288,2.746018648147583,2.5983798503875732,2.3312699794769287,1.9933656454086304,1.9340431690216064,1.617655634880066,1.4347212314605713,1.5078208446502686,1.2061772346496582,1.4441856145858765,1.32301926612854,0.9662925601005554,1.1337916851043701,3.115489959716797,2.900888442993164,2.5945394039154053,2.3341898918151855,2.106419086456299,1.7641688585281372,1.5554171800613403,1.3024966716766357,0.9540673494338989,0.8899636268615723,0.7358314990997314,0.8581236004829407,0.5617750287055969,0.4661702513694763,0.7088930010795593
A13,3.1587162017822266,2.898327589035034,2.6386020183563232,2.3390588760375977,2.0778043270111084,1.8022863864898682,1.5002117156982422,1.2221437692642212,0.9286428093910217,0.6509039402008057,0.5074171423912048,0.36519554257392883,0.0,0.37435612082481384,0.5388872623443604,3.2655527591705322,2.9358370304107666,2.6743552684783936,2.4246249198913574,2.0724997520446777,1.8894872665405273,1.6328951120376587,1.2683618068695068,1.222004771232605,0.9662954807281494,0.7183693051338196,0.6031137704849243,0.8859796524047852,0.843249499797821,0.9236186742782593,3.422173261642456,3.11576509475708,2.794079303741455,2.6445531845092773,2.279202461242676,2.0659914016723633,1.9598139524459839,1.5721951723098755,1.5723291635513306,1.511866569519043,1.1703181266784668,1.2902055978775024,1.426023244857788,1.135504961013794,1.2223718166351318,3.465055227279663,3.2337021827697754,2.873422145843506,2.7395617961883545,2.439119815826416,2.133779287338257,2.076645851135254,1.7283990383148193,1.604248046875,1.6437009572982788,1.305402159690857,1.5159099102020264,1.4617811441421509,1.0909606218338013,1.2092680931091309,3.310302972793579,3.1054866313934326,2.775132656097412,2.550422191619873,2.3147237300872803,1.9615095853805542,1.8048782348632812,1.5299146175384521,1.216827154159546,1.1965148448944092,0.9691370129585266,1.1139566898345947,0.8372005224227905,0.597348153591156,0.7375667095184326
A14,3.200685977935791,2.9410221576690674,2.6465694904327393,2.3861911296844482,2.10335373878479,1.803900957107544,1.5618699789047241,1.235784649848938,0.9655036926269531,0.7929853796958923,0.49229896068573,0.5437204241752625,0.37435612082481384,0.0,0.40080979466438293,3.2454655170440674,2.945422649383545,2.655864953994751,2.4102447032928467,2.078082323074341,1.8340106010437012,1.5928384065628052,1.2197356224060059,1.08365797996521,0.8674609065055847,0.5272958278656006,0.5032711029052734,0.6515731811523438,0.49538078904151917,0.6240710616111755,3.313145875930786,3.0154964923858643,2.699633836746216,2.5082006454467773,2.156193971633911,1.9146153926849365,1.7572468519210815,1.3661401271820068,1.2987045049667358,1.197023630142212,0.837058424949646,0.9409070014953613,1.0526912212371826,0.766480028629303,0.8749290704727173,3.3603696823120117,3.0994157791137695,2.7581441402435303,2.589073419570923,2.267681360244751,1.981244683265686,1.870561122894287,1.498570442199707,1.3805081844329834,1.3590853214263916,1.0005841255187988,1.1799155473709106,1.175801157951355,0.8166010975837708,0.9484732747077942,3.2886435985565186,3.0507633686065674,2.7178611755371094,2.5064120292663574,2.226733446121216,1.8993934392929077,1.746390461921692,1.416326642036438,1.1688109636306763,1.1247462034225464,0.8102258443832397,0.9703162908554077,0.793516993522644,0.4369824230670929,0.5992043614387512
A15,3.591489315032959,3.325443983078003,3.037972927093506,2.770711660385132,2.4821481704711914,2.195307731628418,1.9378304481506348,1.6095026731491089,1.3487313985824585,1.122112512588501,0.8380509614944458,0.725355327129364,0.5388872623443604,0.40080979466438293,0.0,3.645033121109009,3.342740297317505,3.0561330318450928,2.807605743408203,2.4750404357910156,2.2340805530548096,1.9845678806304932,1.6168826818466187,1.4626473188400269,1.2148534059524536,0.895103394985199,0.7531123161315918,0.8158894181251526,0.678339421749115,0.5354557037353516,3.706284999847412,3.4098145961761475,3.096318006515503,2.895994186401367,2.546891212463379,2.3010988235473633,2.123811960220337,1.7355003356933594,1.6275140047073364,1.4755680561065674,1.110581874847412,1.1094818115234375,1.1620806455612183,0.8841366171836853,0.8044632077217102,3.742741584777832,3.4794788360595703,3.1437480449676514,2.9589931964874268,2.638235569000244,2.3507497310638428,2.208756685256958,1.834614634513855,1.6796302795410156,1.5940715074539185,1.2253814935684204,1.3022105693817139,1.25343918800354,0.9116964936256409,0.8640519976615906,3.667938470840454,3.4226837158203125,3.09889817237854,2.872629165649414,2.5879337787628174,2.2700648307800293,2.084930181503296,1.7493455410003662,1.4897290468215942,1.3661247491836548,1.0491909980773926,1.0746036767959595,0.8563611507415771,0.570930540561676,0.41925132274627686
B1,0.8207858204841614,1.091500997543335,1.0214630365371704,1.265570878982544,1.5626498460769653,1.598153829574585,1.9231996536254883,2.217154026031494,2.363168239593506,2.713519811630249,2.905661106109619,3.2142655849456787,3.2655527591705322,3.2454655170440674,3.645033121109009,0.0,0.4001893401145935,0.6254575252532959,0.8512298464775085,1.1973210573196411,1.4173429012298584,1.6923154592514038,2.0310134887695312,2.2577311992645264,2.551091194152832,2.792243719100952,3.0521621704101562,3.178800106048584,3.2153568267822266,3.6081395149230957,0.8490587472915649,0.7115225195884705,0.8192142248153687,1.1456248760223389,1.2875696420669556,1.582918643951416,1.8846951723098755,2.12750244140625,2.444650411605835,2.7179181575775146,2.8913562297821045,3.15798020362854,3.348597526550293,3.333369016647339,3.713176727294922,1.3306690454483032,1.3275688886642456,1.2174904346466064,1.583802580833435,1.6492666006088257,1.8082871437072754,2.1762819290161133,2.3362693786621094,2.6226627826690674,2.942922830581665,3.038039445877075,3.3615188598632812,3.5069687366485596,3.406336545944214,3.7968485355377197,1.3654985427856445,1.5243350267410278,1.3395923376083374,1.6575647592544556,1.8181637525558472,1.833613395690918,2.216521739959717,2.4062039852142334,2.583035469055176,2.9526782035827637,3.0470192432403564,3.3994719982147217,3.4608144760131836,3.338921070098877,3.726065158843994
B2,0.6702504754066467,0.8752334713935852,0.7867752313613892,0.9379691481590271,1.26044499874115,1.2876914739608765,1.5787203311920166,1.8991390466690063,2.035531997680664,2.3722305297851562,2.5910120010375977,2.8816652297973633,2.9358370304107666,2.945422649383545,3.342740297317505,0.4001893401145935,0.0,0.3875748813152313,0.5699924230575562,0.8684872984886169,1.1564595699310303,1.410759449005127,1.736912727355957,2.0016353130340576,2.2707018852233887,2.51061749458313,2.7564826011657715,2.9155712127685547,2.9582314491271973,3.345135450363159,1.1173256635665894,0.8967615365982056,0.8408182859420776,1.1492515802383423,1.17256760597229,1.4403303861618042,1.7535442113876343,1.9338223934173584,2.268735408782959,2.5404975414276123,2.671283483505249,2.948998212814331,3.1505515575408936,3.1024317741394043,3.4761600494384766,1.4767650365829468,1.4536184072494507,1.2393561601638794,1.5727849006652832,1.5905784368515015,1.6686420440673828,2.047074556350708,2.1642422676086426,2.4238393306732178,2.7581961154937744,2.8192269802093506,3.161001205444336,3.2835254669189453,3.152395248413086,3.5397789478302,1.3508801460266113,1.4909189939498901,1.2483967542648315,1.498211145401001,1.6569180488586426,1.602838397026062,1.9715601205825806,2.161646604537964,2.2944068908691406,2.6705739498138428,2.770397186279297,3.1238479614257812,3.15639066696167,3.0412840843200684,3.4282538890838623
B3,0.7856961488723755,0.8144250512123108,0.5623142123222351,0.733043909072876,0.9738404154777527,0.9737715125083923,1.3099639415740967,1.5938094854354858,1.7584896087646484,2.106963634490967,2.2955799102783203,2.603139877319336,2.6743552684783936,2.655864953994751,3.0561330318450928,0.6254575252532959,0.3875748813152313,0.0,0.3852982819080353,0.6234143376350403,0.8466023802757263,1.1628220081329346,1.458216905593872,1.719589114189148,2.0195350646972656,2.2272469997406006,2.5033934116363525,2.6488003730773926,2.6575465202331543,3.051030158996582,1.0186759233474731,0.7735666632652283,0.5617027282714844,0.8578293919563293,0.8609355688095093,1.0804811716079712,1.4189214706420898,1.603243350982666,1.9190123081207275,2.2118146419525146,2.3439087867736816,2.637319803237915,2.8157639503479004,2.7648210525512695,3.146836757659912,1.2867002487182617,1.2027974128723145,0.924988329410553,1.2235294580459595,1.2186880111694336,1.281144618988037,1.6601835489273071,1.785887598991394,2.0456833839416504,2.3805091381073,2.4573636054992676,2.795637845993042,2.9181196689605713,2.804273843765259,3.196267604827881,1.2141823768615723,1.2553210258483887,0.9518227577209473,1.185075283050537,1.2954649925231934,1.2417277097702026,1.6200330257415771,1.7987792491912842,1.9596189260482788,2.3312623500823975,2.4299638271331787,2.7810842990875244,2.8380849361419678,2.726956844329834,3.1178667545318604
B4,1.0937868356704712,1.1065051555633545,0.839377224445343,0.8490524291992188,1.0371737480163574,0.9002960920333862,1.1846072673797607,1.4550806283950806,1.5416738986968994,1.898965835571289,2.0881741046905518,2.3975515365600586,2.4246249198913574,2.4102447032928467,2.807605743408203,0.8512298464775085,0.5699924230575562,0.3852982819080353,0.0,0.3894173204898834,0.6159613728523254,0.8490195274353027,1.191662073135376,1.435657262802124,1.7107524871826172,1.9563082456588745,2.2055351734161377,2.3502392768859863,2.3981597423553467,2.7847163677215576,1.2532399892807007,0.915046215057373,0.7185981869697571,0.8601480722427368,0.7127957344055176,0.9755958318710327,1.250152826309204,1.3902500867843628,1.7433381080627441,1.9937388896942139,2.118206739425659,2.3863861560821533,2.601060390472412,2.5598936080932617,2.926713466644287,1.6148320436477661,1.4628678560256958,1.1624372005462646,1.3937833309173584,1.2782763242721558,1.309625506401062,1.6583274602890015,1.700995922088623,1.9744489192962646,2.2885615825653076,2.314223051071167,2.6538760662078857,2.7938547134399414,2.6467764377593994,3.0256175994873047,1.576858401298523,1.5787982940673828,1.2352409362792969,1.4020801782608032,1.4326844215393066,1.2868664264678955,1.643593192100525,1.7509231567382812,1.8672051429748535,2.2423150539398193,2.2915446758270264,2.657411813735962,2.6838619709014893,2.5334017276763916,2.9123239517211914
B5,1.2227849960327148,1.1136554479599,0.8207098841667175,0.6756505966186523,0.7651349902153015,0.5550270676612854,0.7994272708892822,1.0798859596252441,1.1732631921768188,1.5221889019012451,1.7281759977340698,2.026022434234619,2.0724997520446777,2.078082323074341,2.4750404357910156,1.1973210573196411,0.8684872984886169,0.6234143376350403,0.3894173204898834,0.0,0.38659292459487915,0.6062740683555603,0.8796908855438232,1.1843318939208984,1.4427646398544312,1.6570378541946411,1.9098615646362305,2.08809757232666,2.1168668270111084,2.498889923095703,1.5413247346878052,1.2265938520431519,0.941683292388916,1.022861361503601,0.7676420211791992,0.8874620795249939,1.158616065979004,1.1986629962921143,1.5444378852844238,1.8016890287399292,1.8681559562683105,2.159437417984009,2.366130828857422,2.281520366668701,2.6449458599090576,1.759436011314392,1.6032174825668335,1.2481377124786377,1.3999782800674438,1.2443171739578247,1.1607263088226318,1.4918744564056396,1.4846922159194946,1.7109489440917969,2.036780834197998,2.032849073410034,2.388485908508301,2.4971117973327637,2.3272969722747803,2.704714775085449,1.6258658170700073,1.5790175199508667,1.2111663818359375,1.2685472965240479,1.2610061168670654,1.029878854751587,1.346793293952942,1.4411132335662842,1.512460708618164,1.8899043798446655,1.948035478591919,2.310934543609619,2.3190178871154785,2.1831772327423096,2.5657119750976562
B6,1.53183114528656,1.3901045322418213,1.040899634361267,0.9361355900764465,0.8736116886138916,0.5480371713638306,0.7992600202560425,0.9417932033538818,1.0122319459915161,1.3886197805404663,1.520667314529419,1.8560879230499268,1.8894872665405273,1.8340106010437012,2.2340805530548096,1.4173429012298584,1.1564595699310303,0.8466023802757263,0.6159613728523254,0.38659292459487915,0.0,0.38817670941352844,0.6343228816986084,0.877437174320221,1.1929008960723877,1.3862371444702148,1.6757465600967407,1.8077006340026855,1.8122832775115967,2.2052431106567383,1.5641690492630005,1.2424321174621582,0.9320535063743591,0.8685033917427063,0.5271860957145691,0.5530121326446533,0.782920777797699,0.8178137540817261,1.1652793884277344,1.4263465404510498,1.5194482803344727,1.8109254837036133,2.0077357292175293,1.9486902952194214,2.319875955581665,1.776755690574646,1.5462229251861572,1.1899120807647705,1.2482647895812988,1.0024666786193848,0.9094263911247253,1.1913280487060547,1.142870306968689,1.403873085975647,1.7043554782867432,1.7038379907608032,2.046741008758545,2.186222791671753,2.0348451137542725,2.4125330448150635,1.771977424621582,1.6403900384902954,1.253520131111145,1.2830183506011963,1.158728837966919,0.9133371114730835,1.2117478847503662,1.2174077033996582,1.3266655206680298,1.688893437385559,1.6987848281860352,2.06919527053833,2.1087419986724854,1.942758560180664,2.321213960647583
B7,1.8279368877410889,1.6997772455215454,1.3796058893203735,1.206217885017395,1.1344598531723022,0.7656944990158081,0.8421137928962708,0.9274903535842896,0.8427404761314392,1.2073297500610352,1.3399800062179565,1.663171410560608,1.6328951120376587,1.5928384065628052,1.9845678806304932,1.6923154592514038,1.410759449005127,1.1628220081329346,0.8490195274353027,0.6062740683555603,0.38817670941352844,0.0,0.3934032917022705,0.6089196801185608,0.8627620935440063,1.1177301406860352,1.3599826097488403,1.5052064657211304,1.5688745975494385,1.9465405941009521,1.894703984260559,1.5420771837234497,1.2758740186691284,1.1612420082092285,0.777432382106781,0.7981560826301575,0.8595596551895142,0.7561367154121399,1.1265802383422852,1.2997591495513916,1.3521175384521484,1.6036173105239868,1.85110604763031,1.792404055595398,2.132850170135498,2.1608569622039795,1.916450023651123,1.568821907043457,1.6009553670883179,1.3114248514175415,1.1917592287063599,1.396903395652771,1.2402403354644775,1.475645661354065,1.730266809463501,1.6483172178268433,1.984637975692749,2.1323323249816895,1.9313831329345703,2.28076171875,2.143890857696533,2.0180628299713135,1.6316940784454346,1.625771164894104,1.4763314723968506,1.1784194707870483,1.3993897438049316,1.3221378326416016,1.3419415950775146,1.6819616556167603,1.626451849937439,2.0008459091186523,1.9888564348220825,1.7757642269134521,2.1304943561553955
B8,2.069007158279419,1.876025915145874,1.5564850568771362,1.3375625610351562,1.158848762512207,0.7785956263542175,0.7162940502166748,0.6459042429924011,0.4865474998950958,0.8494772911071777,0.9486984014511108,1.2815237045288086,1.2683618068695068,1.2197356224060059,1.6168826818466187,2.0310134887695312,1.736912727355957,1.458216905593872,1.191662073135376,0.8796908855438232,0.6343228816986084,0.3934032917022705,0.0,0.3819591999053955,0.610378623008728,0.7775340676307678,1.0536154508590698,1.227284550666809,1.2437241077423096,1.6204432249069214,2.1800053119659424,1.855150580406189,1.5506888628005981,1.415768027305603,1.0380171537399292,0.9095700979232788,0.9103038311004639,0.647872805595398,0.9431465268135071,1.1033549308776855,1.0634033679962158,1.3454941511154175,1.5713976621627808,1.4596271514892578,1.7967437505722046,2.341369867324829,2.095031261444092,1.7346874475479126,1.6911832094192505,1.3839675188064575,1.1717522144317627,1.295682668685913,1.0593783855438232,1.21732759475708,1.4547719955444336,1.32418692111969,1.6701749563217163,1.7874101400375366,1.5612891912460327,1.9066877365112305,2.288071870803833,2.117671012878418,1.7402070760726929,1.6494758129119873,1.4467716217041016,1.1046974658966064,1.2196698188781738,1.0660299062728882,1.0203373432159424,1.3333431482315063,1.2512311935424805,1.6229532957077026,1.5983046293258667,1.3835967779159546,1.7425538301467896
B9,2.389327049255371,2.2129018306732178,1.8733946084976196,1.6911866664886475,1.5041676759719849,1.1224770545959473,1.0821422338485718,0.9261940717697144,0.7071382999420166,0.9940254092216492,0.9639330506324768,1.3074073791503906,1.222004771232605,1.08365797996521,1.4626473188400269,2.2577311992645264,2.0016353130340576,1.719589114189148,1.435657262802124,1.1843318939208984,0.877437174320221,0.6089196801185608,0.3819591999053955,0.0,0.3804856538772583,0.5689101815223694,0.8569387793540955,0.9334262609481812,0.9712579250335693,1.3548643589019775,2.320435047149658,1.9886804819107056,1.7157292366027832,1.5012404918670654,1.1270325183868408,0.9825406670570374,0.8235650658607483,0.48517343401908875,0.736595630645752,0.7876759171485901,0.7727422118186951,1.0046629905700684,1.2675163745880127,1.2175190448760986,1.5393625497817993,2.5284574031829834,2.237565755844116,1.9061012268066406,1.8194502592086792,1.4654384851455688,1.2937575578689575,1.327120304107666,1.02377188205719,1.204150676727295,1.3509048223495483,1.1821423768997192,1.4826433658599854,1.6581414937973022,1.4400925636291504,1.7544676065444946,2.5730667114257812,2.3736605644226074,1.9963818788528442,1.9200267791748047,1.6666569709777832,1.357364535331726,1.443956732749939,1.2050572633743286,1.1786854267120361,1.4231840372085571,1.2445322275161743,1.6025575399398804,1.5937490463256836,1.3126245737075806,1.6296306848526
B10,2.655622959136963,2.479290723800659,2.1639184951782227,1.9374651908874512,1.7557259798049927,1.3826286792755127,1.2474859952926636,1.0740323066711426,0.7434162497520447,0.9074430465698242,0.8670582175254822,1.1429795026779175,0.9662954807281494,0.8674609065055847,1.2148534059524536,2.551091194152832,2.2707018852233887,2.0195350646972656,1.7107524871826172,1.4427646398544312,1.1929008960723877,0.8627620935440063,0.610378623008728,0.3804856538772583,0.0,0.37254491448402405,0.5185692310333252,0.6587740182876587,0.800683856010437,1.1314280033111572,2.6761741638183594,2.3313324451446533,2.0677835941314697,1.864999532699585,1.4837124347686768,1.361297845840454,1.192582130432129,0.8431310057640076,1.0112249851226807,0.9465886354446411,0.8167451620101929,0.9568541646003723,1.2609972953796387,1.180698275566101,1.4284100532531738,2.894637107849121,2.6126670837402344,2.274873971939087,2.1922216415405273,1.842113971710205,1.6499278545379639,1.6617685556411743,1.3270528316497803,1.4357690811157227,1.5341166257858276,1.2844003438949585,1.5534076690673828,1.700850486755371,1.424326777458191,1.679023265838623,2.8932783603668213,2.706949234008789,2.3310420513153076,2.229865074157715,1.9870938062667847,1.6522372961044312,1.687086820602417,1.4282050132751465,1.3068619966506958,1.4976911544799805,1.272850513458252,1.5969663858413696,1.5120433568954468,1.1950238943099976,1.4587769508361816
B11,2.8361494541168213,2.616154670715332,2.298088788986206,2.0663559436798096,1.8235441446304321,1.4747378826141357,1.3036075830459595,1.0298826694488525,0.7217930555343628,0.7755026817321777,0.5954113006591797,0.871939480304718,0.7183693051338196,0.5272958278656006,0.895103394985199,2.792243719100952,2.51061749458313,2.2272469997406006,1.9563082456588745,1.6570378541946411,1.3862371444702148,1.1177301406860352,0.7775340676307678,0.5689101815223694,0.37254491448402405,0.0,0.37632426619529724,0.5126508474349976,0.49908334016799927,0.8483437299728394,2.859753131866455,2.542494535446167,2.2496256828308105,2.0412378311157227,1.6774704456329346,1.4760929346084595,1.2993425130844116,0.9102276563644409,0.9423294067382812,0.8586629629135132,0.5961459875106812,0.7697883248329163,1.011237382888794,0.8554147481918335,1.1019564867019653,2.9909636974334717,2.71052622795105,2.3730812072753906,2.237391471862793,1.8919886350631714,1.6533970832824707,1.5946447849273682,1.2256063222885132,1.243859887123108,1.2916697263717651,0.9924009442329407,1.247069001197815,1.36158287525177,1.06544029712677,1.3090331554412842,2.9782376289367676,2.756340980529785,2.397559404373169,2.2464118003845215,1.9705913066864014,1.6408076286315918,1.592666745185852,1.280558466911316,1.123747706413269,1.2344915866851807,0.9593462944030762,1.2552566528320312,1.1739529371261597,0.8384649157524109,1.0999999046325684
B12,3.0978848934173584,2.891456365585327,2.5916266441345215,2.334275960922241,2.1151163578033447,1.7697737216949463,1.5562623739242554,1.312990665435791,0.9592976570129395,0.9097928404808044,0.7630490660667419,0.8954572677612305,0.6031137704849243,0.5032711029052734,0.7531123161315918,3.0521621704101562,2.7564826011657715,2.5033934116363525,2.2055351734161377,1.9098615646362305,1.6757465600967407,1.3599826097488403,1.0536154508590698,0.8569387793540955,0.5185692310333252,0.37632426619529724,0.0,0.3664313554763794,0.5462689995765686,0.7347732186317444,3.174509048461914,2.8393266201019287,2.5622401237487793,2.3579678535461426,1.9830310344696045,1.818593978881836,1.6319854259490967,1.2526882886886597,1.2918237447738647,1.141140341758728,0.8697719573974609,0.9017792344093323,1.1668081283569336,1.019141435623169,1.1406182050704956,3.3408961296081543,3.063342332839966,2.7225797176361084,2.6033291816711426,2.2565479278564453,2.0236446857452393,1.9707415103912354,1.5994130373001099,1.5997065305709839,1.6157734394073486,1.284119725227356,1.4834059476852417,1.5744140148162842,1.2470502853393555,1.396691083908081,3.303401231765747,3.099863052368164,2.7378814220428467,2.5855019092559814,2.3265328407287598,1.9838042259216309,1.925899624824524,1.623768925666809,1.417784571647644,1.4895415306091309,1.2023688554763794,1.436887502670288,1.276450276374817,0.9285364747047424,1.0791643857955933
B13,3.294870615005493,3.0981152057647705,2.773714065551758,2.5523321628570557,2.3261146545410156,1.9673197269439697,1.8063801527023315,1.5421409606933594,1.2217936515808105,1.217214584350586,1.0008522272109985,1.1580971479415894,0.8859796524047852,0.6515731811523438,0.8158894181251526,3.178800106048584,2.9155712127685547,2.6488003730773926,2.3502392768859863,2.08809757232666,1.8077006340026855,1.5052064657211304,1.227284550666809,0.9334262609481812,0.6587740182876587,0.5126508474349976,0.3664313554763794,0.0,0.3724033534526825,0.5363450050354004,3.222320318222046,2.891958475112915,2.6349599361419678,2.385265827178955,2.0287134647369385,1.8563945293426514,1.6030584573745728,1.2412643432617188,1.2130756378173828,0.9666827917098999,0.7253643870353699,0.616485595703125,0.9121403098106384,0.8642266392707825,0.9426411390304565,3.4138083457946777,3.106126070022583,2.7905185222625732,2.644110918045044,2.27695631980896,2.0800812244415283,1.977884292602539,1.5935934782028198,1.617096185684204,1.561111569404602,1.2316585779190063,1.3583520650863647,1.5135515928268433,1.2342243194580078,1.3429774045944214,3.4587504863739014,3.2314839363098145,2.8693087100982666,2.736123561859131,2.4446370601654053,2.132028818130493,2.082394599914551,1.7460789680480957,1.5986862182617188,1.6421853303909302,1.3107044696807861,1.5217665433883667,1.4221751689910889,1.0489059686660767,1.1397321224212646
