,A1,A2,A3,A4,A5,A6,A7,A8,A9,A10,A11,A12,A13,A14,A15,B1,B2,B3,B4,B5,B6,B7,B8,B9,B10,B11,B12,B13,B14,B15,C1,C2,C3,C4,C5,C6,C7,C8,C9,C10,C11,C12,C13,C14,C15,D1,D2,D3,D4,D5,D6,D7,D8,D9,D10,D11,D12,D13,D14,D15,E1,E2,E3,E4,E5,E6,E7,E8,E9,E10,E11,E12,E13,E14,E15
A1,0.0,0.38561996817588806,0.5657439231872559,0.8458741307258606,1.156504511833191,1.4373866319656372,1.710379958152771,1.9718995094299316,2.2627322673797607,2.248087167739868,2.2666990756988525,2.5884807109832764,2.764472246170044,2.7398946285247803,2.8352880477905273,1.0550414323806763,0.9519991278648376,1.147674798965454,1.4714069366455078,1.5357255935668945,1.8880987167358398,2.17651629447937,2.280937910079956,2.6548399925231934,2.667545795440674,2.534586191177368,2.832371234893799,3.0905966758728027,3.009875774383545,2.987377643585205,1.104082465171814,1.115368366241455,1.0710173845291138,1.4602437019348145,1.5511796474456787,1.7706342935562134,2.1393251419067383,2.282001256942749,2.6275837421417236,2.522169828414917,2.402949571609497,2.7638893127441406,2.955278158187866,2.796402931213379,2.8286635875701904,0.7325582504272461,0.8842471241950989,0.7042877674102783,1.050445556640625,1.2868014574050903,1.425970196723938,1.7767308950424194,2.0354321002960205,2.3111045360565186,2.1756956577301025,2.1764440536499023,2.554048538208008,2.6724109649658203,2.5566201210021973,2.6850879192352295,0.5794022083282471,0.47960108518600464,0.848808765411377,1.0660285949707031,1.2508759498596191,1.617046594619751,1.8362911939620972,2.0298044681549072,2.3478522300720215,2.3944127559661865,2.3614182472229004,2.6452081203460693,2.865208148956299,2.864337921142578,2.9070382118225098
A2,0.38561996817588806,0.0,0.3814324140548706,0.6110650897026062,0.8443047404289246,1.1810959577560425,1.4405391216278076,1.6590510606765747,1.9759490489959717,1.9943394660949707,1.9788683652877808,2.2808454036712646,2.4883031845092773,2.474973440170288,2.5380148887634277,1.0854915380477905,0.9065573811531067,0.9814789891242981,1.2963887453079224,1.2922550439834595,1.6163147687911987,1.9248360395431519,2.000760316848755,2.3827555179595947,2.372833490371704,2.2130000591278076,2.5182740688323975,2.776153087615967,2.6717123985290527,2.6394290924072266,1.0287996530532837,0.9669181704521179,0.8097034692764282,1.1682555675506592,1.223894715309143,1.4070042371749878,1.783859133720398,1.9248439073562622,2.262523651123047,2.14306640625,2.0259382724761963,2.3932595252990723,2.574669599533081,2.4141552448272705,2.4576048851013184,0.6546940207481384,0.6541232466697693,0.35742753744125366,0.6798589825630188,0.9029936194419861,1.053931713104248,1.4013391733169556,1.6571706533432007,1.9393088817596436,1.8265655040740967,1.8257269859313965,2.1937522888183594,2.3264706134796143,2.233776330947876,2.355024576187134,0.7811123728752136,0.5034539103507996,0.7782412767410278,0.9827932715415955,1.0491509437561035,1.4330695867538452,1.6629832983016968,1.7961957454681396,2.1464531421661377,2.1993637084960938,2.114607572555542,2.3894364833831787,2.6387102603912354,2.6215133666992188,2.6268746852874756
A3,0.5657439231872559,0.3814324140548706,0.0,0.4003993570804596,0.6417021751403809,0.8992851376533508,1.2149288654327393,1.4559941291809082,1.763269066810608,1.7223365306854248,1.7155529260635376,2.0514719486236572,2.2289276123046875,2.1844944953918457,2.2754948139190674,1.0645782947540283,0.7746231555938721,0.8986721038818359,1.119120717048645,1.0708659887313843,1.4341801404953003,1.6915758848190308,1.751104712486267,2.1341915130615234,2.1753625869750977,2.0224945545196533,2.2958648204803467,2.572876453399658,2.5128848552703857,2.4713988304138184,1.1795367002487183,1.0022480487823486,0.9033039808273315,1.2120846509933472,1.1676311492919922,1.3971986770629883,1.7522574663162231,1.824506163597107,2.194249153137207,2.117460250854492,1.94717276096344,2.2840375900268555,2.511716842651367,2.3602800369262695,2.3474676609039307,0.9786357879638672,0.8872446417808533,0.5796887874603271,0.8600398302078247,0.9242377281188965,1.0355135202407837,1.4214515686035156,1.6075531244277954,1.9167022705078125,1.7734357118606567,1.7055341005325317,2.085550308227539,2.2330985069274902,2.088547945022583,2.1768083572387695,0.7285480499267578,0.34764522314071655,0.5493547916412354,0.6313245296478271,0.7088861465454102,1.0941530466079712,1.3016209602355957,1.4684362411499023,1.7989559173583984,1.85476553440094,1.8055022954940796,2.0809969902038574,2.3103744983673096,2.3163506984710693,2.3504881858825684
A4,0.8458741307258606,0.6110650897026062,0.4003993570804596,0.0,0.3916584551334381,0.6228156089782715,0.8645565509796143,1.1461859941482544,1.418481707572937,1.4130827188491821,1.4542771577835083,1.7631781101226807,1.9281173944473267,1.9349346160888672,2.0469024181365967,1.4525196552276611,1.1376768350601196,1.199662208557129,1.3571985960006714,1.1944469213485718,1.522513508796692,1.7510391473770142,1.7204865217208862,2.116666555404663,2.176820993423462,1.9638553857803345,2.198852777481079,2.50856876373291,2.4387168884277344,2.3390684127807617,1.5179363489151,1.3227882385253906,1.1413720846176147,1.381861925125122,1.2509928941726685,1.390945553779602,1.7464895248413086,1.7619261741638184,2.123037099838257,2.0100677013397217,1.7938804626464844,2.128000497817993,2.3495688438415527,2.152534246444702,2.1147923469543457,1.2466667890548706,1.131442904472351,0.760647714138031,0.864501416683197,0.8599796891212463,0.8101872205734253,1.1929335594177246,1.383047103881836,1.648597002029419,1.4516969919204712,1.405043363571167,1.7989102602005005,1.9039534330368042,1.7421091794967651,1.867559552192688,1.111881136894226,0.7389971613883972,0.8913005590438843,0.8252044320106506,0.7491413354873657,1.127533197402954,1.2357579469680786,1.3261234760284424,1.659276008605957,1.789327621459961,1.7166982889175415,1.9294236898422241,2.1962573528289795,2.2444472312927246,2.2373077869415283
A5,1.156504511833191,0.8443047404289246,0.6417021751403809,0.3916584551334381,0.0,0.3963175117969513,0.6455105543136597,0.8253121972084045,1.158717155456543,1.174273133277893,1.1393232345581055,1.4386130571365356,1.6483911275863647,1.6460007429122925,1.7106767892837524,1.5435913801193237,1.2022533416748047,1.1530933380126953,1.2346421480178833,0.979180097579956,1.2462399005889893,1.4663654565811157,1.3913359642028809,1.7895115613937378,1.8353904485702515,1.5959701538085938,1.8296328783035278,2.1403648853302,2.0586585998535156,1.9498151540756226,1.566204309463501,1.3096768856048584,1.0850359201431274,1.2149982452392578,0.9938638806343079,1.0888440608978271,1.4183738231658936,1.3927772045135498,1.7537717819213867,1.6516071557998657,1.4149397611618042,1.7395365238189697,1.9722282886505127,1.7878663539886475,1.7396591901779175,1.3867568969726562,1.1669830083847046,0.8282595276832581,0.8055080771446228,0.6268267035484314,0.5455297231674194,0.9222939014434814,1.0375605821609497,1.3392539024353027,1.1769964694976807,1.0699671506881714,1.4538636207580566,1.6049025058746338,1.4563390016555786,1.5385242700576782,1.3504680395126343,0.9659003019332886,0.9779183864593506,0.8816304802894592,0.6299630403518677,0.9595734477043152,1.0708314180374146,1.0656838417053223,1.4358296394348145,1.559105634689331,1.4214733839035034,1.6261382102966309,1.9210269451141357,1.944141149520874,1.8988118171691895
A6,1.4373866319656372,1.1810959577560425,0.8992851376533508,0.6228156089782715,0.3963175117969513,0.0,0.39149484038352966,0.6308372020721436,0.9001762866973877,0.8258500695228577,0.8435645699501038,1.182144284248352,1.3311965465545654,1.3130488395690918,1.4382655620574951,1.7762737274169922,1.403346061706543,1.388205885887146,1.370477318763733,1.0653892755508423,1.3154430389404297,1.434242606163025,1.2887753248214722,1.6722538471221924,1.7925702333450317,1.5447046756744385,1.7004201412200928,2.0435609817504883,2.016472339630127,1.8702781200408936,1.8903909921646118,1.598123550415039,1.4222742319107056,1.5140892267227173,1.230957269668579,1.326366662979126,1.5945065021514893,1.4722404479980469,1.8374135494232178,1.7744827270507812,1.4745084047317505,1.7346694469451904,2.0083067417144775,1.8227533102035522,1.6921441555023193,1.7577030658721924,1.5393940210342407,1.209050178527832,1.1975502967834473,0.9713407158851624,0.8200148940086365,1.1309019327163696,1.1435201168060303,1.416738748550415,1.2028850317001343,1.0184613466262817,1.3947105407714844,1.5318208932876587,1.302678108215332,1.351790428161621,1.5586763620376587,1.1903185844421387,1.154025673866272,0.916980504989624,0.6220523715019226,0.8353210091590881,0.8012905120849609,0.7635701298713684,1.0980483293533325,1.2828644514083862,1.1846389770507812,1.336817979812622,1.6253728866577148,1.7096014022827148,1.6802349090576172
A7,1.710379958152771,1.4405391216278076,1.2149288654327393,0.8645565509796143,0.6455105543136597,0.39149484038352966,0.0,0.3924251198768616,0.5582954287528992,0.5969788432121277,0.7091061472892761,0.9543108940124512,1.089640736579895,1.1755454540252686,1.3156683444976807,2.1457910537719727,1.7802623510360718,1.741687297821045,1.7275774478912354,1.3951127529144287,1.583931803703308,1.6818164587020874,1.4623903036117554,1.8235963582992554,1.9414112567901611,1.6406590938568115,1.7435892820358276,2.1022748947143555,2.0532522201538086,1.8421086072921753,2.2077090740203857,1.9315822124481201,1.7091161012649536,1.7705429792404175,1.470410704612732,1.4686460494995117,1.712953805923462,1.5505272150039673,1.8701754808425903,1.7621880769729614,1.4323434829711914,1.6715258359909058,1.916245460510254,1.67792809009552,1.5207579135894775,2.0136332511901855,1.8021790981292725,1.458417534828186,1.356462001800537,1.1228047609329224,0.8420014381408691,1.0500367879867554,1.0415763854980469,1.2180255651474,0.9374564290046692,0.7813298106193542,1.1533163785934448,1.2187144756317139,0.9595808386802673,1.0716373920440674,1.908441185951233,1.5333588123321533,1.5334402322769165,1.3052277565002441,1.0089654922485352,1.1763688325881958,1.0645759105682373,0.9113274216651917,1.1943049430847168,1.451265811920166,1.319758653640747,1.3635972738265991,1.6889803409576416,1.8120036125183105,1.7201789617538452
A8,1.9718995094299316,1.6590510606765747,1.4559941291809082,1.1461859941482544,0.8253121972084045,0.6308372020721436,0.3924251198768616,0.0,0.40225735306739807,0.5456128120422363,0.4710964560508728,0.6407396793365479,0.8822647333145142,0.9765190482139587,1.021299123764038,2.2846415042877197,1.9239853620529175,1.8114228248596191,1.7515597343444824,1.3791943788528442,1.4694417715072632,1.542147159576416,1.2666804790496826,1.5998302698135376,1.6910165548324585,1.355447769165039,1.4344485998153687,1.7888758182525635,1.7173570394515991,1.478519320487976,2.299525499343872,2.0023934841156006,1.7596668004989624,1.7317532300949097,1.3894401788711548,1.3161375522613525,1.4905235767364502,1.2720866203308105,1.5556365251541138,1.456129550933838,1.101309061050415,1.3026314973831177,1.551336407661438,1.3219581842422485,1.1367061138153076,2.1619930267333984,1.8979429006576538,1.5960733890533447,1.4281119108200073,1.118157982826233,0.8440864086151123,0.9326781034469604,0.7874149084091187,0.9605696797370911,0.7443011999130249,0.4627457857131958,0.7999839782714844,0.9350524544715881,0.7000436186790466,0.7295281291007996,2.146036386489868,1.767676830291748,1.7084941864013672,1.5038107633590698,1.1473095417022705,1.2392953634262085,1.1423596143722534,0.8693628311157227,1.1580874919891357,1.3903676271438599,1.171303629875183,1.172061562538147,1.5340924263000488,1.6195193529129028,1.4597516059875488
A9,2.2627322673797607,1.9759490489959717,1.763269066810608,1.418481707572937,1.158717155456543,0.9001762866973877,0.5582954287528992,0.40225735306739807,0.0,0.37608546018600464,0.5186827182769775,0.5179777145385742,0.6225919723510742,0.846903920173645,0.9745098352432251,2.642925977706909,2.2738115787506104,2.1906230449676514,2.118831157684326,1.7453303337097168,1.8329238891601562,1.8562861680984497,1.543300747871399,1.8326932191848755,1.9640583992004395,1.6248621940612793,1.616892695426941,1.9785085916519165,1.9344245195388794,1.6455367803573608,2.6828701496124268,2.3888518810272217,2.1508421897888184,2.1337547302246094,1.7905769348144531,1.7050538063049316,1.8554033041000366,1.6048465967178345,1.847279667854309,1.743643879890442,1.3774036169052124,1.5082728862762451,1.7365930080413818,1.4805638790130615,1.2364908456802368,2.513767719268799,2.2723612785339355,1.9515438079833984,1.7829972505569458,1.499239206314087,1.1861915588378906,1.2267414331436157,1.081665277481079,1.1287063360214233,0.8520972728729248,0.6393845081329346,0.8616137504577637,0.8642364740371704,0.5153303742408752,0.5990934371948242,2.453145980834961,2.0783064365386963,2.0410408973693848,1.7949953079223633,1.4621081352233887,1.5208492279052734,1.3335965871810913,1.0453122854232788,1.2203174829483032,1.5213210582733154,1.3464974164962769,1.2326183319091797,1.5786316394805908,1.7374119758605957,1.5661766529083252
A10,2.248087167739868,1.9943394660949707,1.7223365306854248,1.4130827188491821,1.174273133277893,0.8258500695228577,0.5969788432121277,0.5456128120422363,0.37608546018600464,0.0,0.3819362223148346,0.5706030130386353,0.5428107380867004,0.6302376985549927,0.8699439764022827,2.552140235900879,2.170196056365967,2.1223843097686768,2.004197120666504,1.6382297277450562,1.748693823814392,1.7154884338378906,1.4071557521820068,1.6837514638900757,1.8787132501602173,1.582612156867981,1.5435086488723755,1.9164139032363892,1.941419005393982,1.6818270683288574,2.6738147735595703,2.354982852935791,2.169893741607666,2.1658272743225098,1.8112281560897827,1.8005636930465698,1.943920612335205,1.6738091707229614,1.9550758600234985,1.9160175323486328,1.5413868427276611,1.6445224285125732,1.9265499114990234,1.7234965562820435,1.4507770538330078,2.560685634613037,2.318087339401245,1.999271273612976,1.8999440670013428,1.6075409650802612,1.3521029949188232,1.4722787141799927,1.3178670406341553,1.4426305294036865,1.1922047138214111,0.9278514981269836,1.153331995010376,1.215281367301941,0.8660836815834045,0.8315396904945374,2.359254837036133,2.0039823055267334,1.93086576461792,1.6314327716827393,1.316972255706787,1.3073779344558716,1.0506584644317627,0.7772042751312256,0.8827096223831177,1.2150869369506836,1.1093848943710327,0.9860178232192993,1.2961342334747314,1.5022541284561157,1.397099494934082
A11,2.2666990756988525,1.9788683652877808,1.7155529260635376,1.4542771577835083,1.1393232345581055,0.8435645699501038,0.7091061472892761,0.4710964560508728,0.5186827182769775,0.3819362223148346,0.0,0.39934998750686646,0.5707578063011169,0.5291233658790588,0.6122902035713196,2.436079502105713,2.0621280670166016,1.9564740657806396,1.8009982109069824,1.415171504020691,1.4557725191116333,1.4053610563278198,1.0696372985839844,1.337074875831604,1.5111562013626099,1.2055643796920776,1.1699453592300415,1.5424840450286865,1.5611432790756226,1.3131859302520752,2.5296919345855713,2.1919989585876465,2.0081706047058105,1.9421724081039429,1.5650323629379272,1.5392987728118896,1.6304924488067627,1.3300014734268188,1.6051398515701294,1.6056054830551147,1.2303194999694824,1.3046634197235107,1.614573359489441,1.4600646495819092,1.181425929069519,2.4851510524749756,2.1992135047912598,1.9214359521865845,1.8032655715942383,1.4620084762573242,1.262113094329834,1.352636456489563,1.1214572191238403,1.300704002380371,1.1417467594146729,0.7959015965461731,0.9788901209831238,1.153705358505249,0.8717791438102722,0.7088799476623535,2.339583158493042,1.9843969345092773,1.854185938835144,1.5872775316238403,1.2273739576339722,1.1674458980560303,0.9734188318252563,0.612558901309967,0.7881461381912231,1.042135238647461,0.8346332311630249,0.7331918478012085,1.0928771495819092,1.2240279912948608,1.074693202972412
A12,2.5884807109832764,2.2808454036712646,2.0514719486236572,1.7631781101226807,1.4386130571365356,1.182144284248352,0.9543108940124512,0.6407396793365479,0.5179777145385742,0.5706030130386353,0.39934998750686646,0.0,0.3745264708995819,0.521898090839386,0.4921065866947174,2.78936767578125,2.423001766204834,2.2879104614257812,2.1388766765594482,1.7458857297897339,1.7293919324874878,1.6724601984024048,1.304887294769287,1.5084682703018188,1.6484659910202026,1.3121356964111328,1.2080885171890259,1.5577492713928223,1.5444211959838867,1.2280657291412354,2.8331236839294434,2.5052990913391113,2.2890172004699707,2.187471389770508,1.8084911108016968,1.704187035560608,1.746281385421753,1.4178881645202637,1.6081531047821045,1.5822752714157104,1.2058992385864258,1.2038283348083496,1.4685531854629517,1.2907092571258545,0.9615633487701416,2.7648863792419434,2.472256660461426,2.2000107765197754,2.0230510234832764,1.6770124435424805,1.435943603515625,1.420896291732788,1.141024112701416,1.2076009511947632,1.0739742517471313,0.7485361695289612,0.7735496163368225,0.9063718914985657,0.6380659937858582,0.36921727657318115,2.7037360668182373,2.338827133178711,2.22209095954895,1.9746966361999512,1.6072505712509155,1.5539538860321045,1.3653666973114014,0.9926615953445435,1.1005162000656128,1.347744345664978,1.1109901666641235,0.9047597050666809,1.256522297859192,1.3841835260391235,1.147534728050232
A13,2.764472246170044,2.4883031845092773,2.2289276123046875,1.9281173944473267,1.6483911275863647,1.3311965465545654,1.089640736579895,0.8822647333145142,0.6225919723510742,0.5428107380867004,0.5707578063011169,0.3745264708995819,0.0,0.37468525767326355,0.5660683512687683,2.996725559234619,2.6187007427215576,2.526202917098999,2.36230731010437,1.9778003692626953,1.9925905466079712,1.8938415050506592,1.5263186693191528,1.6999915838241577,1.8983898162841797,1.595654010772705,1.4360475540161133,1.7829951047897339,1.8275370597839355,1.5138686895370483,3.0949084758758545,2.7614543437957764,2.5681188106536865,2.4960079193115234,2.116895914077759,2.047968864440918,2.1012368202209473,1.7682298421859741,1.9651679992675781,1.954851508140564,1.578917384147644,1.5544840097427368,1.8178932666778564,1.6434190273284912,1.3001490831375122,3.0177347660064697,2.744412899017334,2.450974702835083,2.3060226440429688,1.9770478010177612,1.7216893434524536,1.7403442859649658,1.4931766986846924,1.5381497144699097,1.3541007041931152,1.0703563690185547,1.1048500537872314,1.1516510248184204,0.829883337020874,0.6377164721488953,2.8633251190185547,2.5080668926239014,2.399854898452759,2.1068522930145264,1.7689974308013916,1.6869992017745972,1.4219276905059814,1.0790609121322632,1.0649185180664062,1.3666995763778687,1.219620943069458,0.9361574649810791,1.2247523069381714,1.4435147047042847,1.257559895515442
A14,2.7398946285247803,2.474973440170288,2.1844944953918457,1.9349346160888672,1.6460007429122925,1.3130488395690918,1.1755454540252686,0.9765190482139587,0.846903920173645,0.6302376985549927,0.5291233658790588,0.521898090839386,0.37468525767326355,0.0,0.3808211386203766,2.850335121154785,2.474039316177368,2.3832433223724365,2.1701409816741943,1.7959719896316528,1.7928745746612549,1.636535882949829,1.2719781398773193,1.408463478088379,1.6541508436203003,1.399365782737732,1.2079795598983765,1.5551462173461914,1.6642589569091797,1.3959978818893433,2.9952077865600586,2.6403708457946777,2.490497589111328,2.403287410736084,2.0165462493896484,1.9992321729660034,2.0261824131011963,1.6777540445327759,1.8986644744873047,1.9559812545776367,1.5861259698867798,1.536381483078003,1.8491435050964355,1.7402782440185547,1.395212173461914,2.990739107131958,2.7012791633605957,2.4314661026000977,2.3289880752563477,1.981887698173523,1.7895492315292358,1.85337233543396,1.5854488611221313,1.7104872465133667,1.5656147003173828,1.2294304370880127,1.2867714166641235,1.4211944341659546,1.1244593858718872,0.8733094334602356,2.7630317211151123,2.428534984588623,2.2706518173217773,1.9629149436950684,1.6323360204696655,1.4745532274246216,1.1966277360916138,0.8511058688163757,0.7605241537094116,1.0306341648101807,0.9057989716529846,0.5821000933647156,0.8505281209945679,1.08744478225708,0.9455419182777405
A15,2.8352880477905273,2.5380148887634277,2.2754948139190674,2.0469024181365967,1.7106767892837524,1.4382655620574951,1.3156683444976807,1.021299123764038,0.9745098352432251,0.8699439764022827,0.6122902035713196,0.4921065866947174,0.5660683512687683,0.3808211386203766,0.0,2.870269775390625,2.50952410697937,2.362208604812622,2.1357007026672363,1.7538971900939941,1.6706358194351196,1.5088011026382446,1.120939016342163,1.2076029777526855,1.4043515920639038,1.1321467161178589,0.9004624485969543,1.2327533960342407,1.3207600116729736,1.033361792564392,2.962799310684204,2.6056957244873047,2.441908597946167,2.2962307929992676,1.9035608768463135,1.842240810394287,1.8052250146865845,1.4314593076705933,1.5998311042785645,1.6845566034317017,1.3324322700500488,1.2149741649627686,1.528278112411499,1.4671456813812256,1.113470196723938,2.9944493770599365,2.6750078201293945,2.4407598972320557,2.302309513092041,1.9295185804367065,1.76712167263031,1.7741771936416626,1.4502829313278198,1.5739907026290894,1.5123530626296997,1.1545112133026123,1.1230605840682983,1.32559072971344,1.1112699508666992,0.7737608551979065,2.857966899871826,2.519551992416382,2.3348841667175293,2.0716190338134766,1.7116442918777466,1.545015811920166,1.3442089557647705,0.9638842940330505,0.9504196643829346,1.1153616905212402,0.8777552843093872,0.5659724473953247,0.8675132393836975,0.9819379448890686,0.7235612869262695
B1,1.0550414323806763,1.0854915380477905,1.0645782947540283,1.4525196552276611,1.5435913801193237,1.7762737274169922,2.1457910537719727,2.2846415042877197,2.642925977706909,2.552140235900879,2.436079502105713,2.78936767578125,2.996725559234619,2.850335121154785,2.870269775390625,0.0,0.38622981309890747,0.570699155330658,0.8385778069496155,1.1570680141448975,1.4349781274795532,1.6977101564407349,1.9663150310516357,2.246947765350342,2.222325086593628,2.2416858673095703,2.5715982913970947,2.7335996627807617,2.701718807220459,2.806825637817383,0.5995697975158691,0.5274349451065063,0.8642749190330505,1.1303112506866455,1.3079090118408203,1.6677833795547485,1.915220856666565,2.0931484699249268,2.4265925884246826,2.459010124206543,2.4053292274475098,2.699904203414917,2.927325487136841,2.9001870155334473,2.934182643890381,1.0019294023513794,0.9384893178939819,1.069488525390625,1.429672122001648,1.512035608291626,1.826197862625122,2.150710105895996,2.2737178802490234,2.6440327167510986,2.6170501708984375,2.494534969329834,2.815194845199585,3.052954912185669,2.94887375831604,2.9461188316345215,0.6406501531600952,0.7881332635879517,0.6484017372131348,1.0187292098999023,1.24761164188385,1.4286932945251465,1.7826515436172485,2.0225508213043213,2.3099818229675293,2.1881117820739746,2.1682989597320557,2.543031692504883,2.6743478775024414,2.5618834495544434,2.6743855476379395
B2,0.9519991278648376,0.9065573811531067,0.7746231555938721,1.1376768350601196,1.2022533416748047,1.403346061706543,1.7802623510360718,1.9239853620529175,2.2738115787506104,2.170196056365967,2.0621280670166016,2.423001766204834,2.6187007427215576,2.474039316177368,2.50952410697937,0.38622981309890747,0.0,0.3848124146461487,0.6110151410102844,0.8500263690948486,1.186073899269104,1.4357237815856934,1.661289930343628,1.9704747200012207,1.9817858934402466,1.966050386428833,2.2759244441986084,2.472259521484375,2.45302152633667,2.524172306060791,0.7831032872200012,0.5345717072486877,0.7664046883583069,1.024744987487793,1.0919456481933594,1.4600090980529785,1.7242968082427979,1.8472880125045776,2.2084925174713135,2.239193916320801,2.137336492538452,2.42728328704834,2.6775777339935303,2.6316676139831543,2.632718801498413,1.0475448369979858,0.902553141117096,0.9049391746520996,1.2483476400375366,1.264320969581604,1.5422285795211792,1.8870091438293457,1.9871342182159424,2.36129093170166,2.3090052604675293,2.1646628379821777,2.4948675632476807,2.7280843257904053,2.6007936000823975,2.5936760902404785,0.5840446949005127,0.5518677234649658,0.2813730239868164,0.6480498313903809,0.8622663021087646,1.061815857887268,1.4087144136428833,1.646410584449768,1.939468264579773,1.8417797088623047,1.8223161697387695,2.1865832805633545,2.3313992023468018,2.2446961402893066,2.3513336181640625
B3,1.147674798965454,0.9814789891242981,0.8986721038818359,1.199662208557129,1.1530933380126953,1.388205885887146,1.741687297821045,1.8114228248596191,2.1906230449676514,2.1223843097686768,1.9564740657806396,2.2879104614257812,2.526202917098999,2.3832433223724365,2.362208604812622,0.570699155330658,0.3848124146461487,0.0,0.40166977047920227,0.6404032707214355,0.9022620916366577,1.2124592065811157,1.4523066282272339,1.754068374633789,1.7059725522994995,1.6911412477493286,2.0337371826171875,2.202855348587036,2.1494996547698975,2.2433886528015137,0.6820423603057861,0.3057950735092163,0.5056535601615906,0.663124680519104,0.7512034177780151,1.1289031505584717,1.367832064628601,1.5244568586349487,1.8663654327392578,1.9066740274429321,1.8423722982406616,2.1297447681427,2.362997531890869,2.3453330993652344,2.3751296997070312,1.032119870185852,0.7647278904914856,0.8335092663764954,1.0913454294204712,1.05314040184021,1.384769320487976,1.6838226318359375,1.7535353899002075,2.1386466026306152,2.1417722702026367,1.989428997039795,2.2854437828063965,2.548419713973999,2.4614555835723877,2.431107521057129,0.9223127961158752,0.8007140159606934,0.5304527282714844,0.8342470526695251,0.880122184753418,1.0531401634216309,1.43173348903656,1.5913177728652954,1.9167475700378418,1.7997723817825317,1.7069613933563232,2.0761148929595947,2.245037794113159,2.110961675643921,2.1758017539978027
B4,1.4714069366455078,1.2963887453079224,1.119120717048645,1.3571985960006714,1.2346421480178833,1.370477318763733,1.7275774478912354,1.7515597343444824,2.118831157684326,2.004197120666504,1.8009982109069824,2.1388766765594482,2.36230731010437,2.1701409816741943,2.1357007026672363,0.8385778069496155,0.6110151410102844,0.40166977047920227,0.0,0.3944106101989746,0.6219233274459839,0.8595696091651917,1.1435497999191284,1.4095345735549927,1.3944766521453857,1.4310177564620972,1.7479808330535889,1.903563141822815,1.902544617652893,2.0189454555511475,1.051942229270935,0.6761283874511719,0.8367090821266174,0.8317537307739258,0.7699833512306213,1.1613281965255737,1.3153668642044067,1.393043875694275,1.7440316677093506,1.8554185628890991,1.7625740766525269,1.9905726909637451,2.263568878173828,2.2847297191619873,2.2694122791290283,1.4293286800384521,1.1390570402145386,1.1595255136489868,1.3568485975265503,1.2084200382232666,1.5026932954788208,1.78415846824646,1.7672171592712402,2.16705060005188,2.1773877143859863,1.9605412483215332,2.228219985961914,2.5205187797546387,2.4105803966522217,2.3224709033966064,1.188124656677246,1.0546907186508179,0.6955956816673279,0.8296418786048889,0.8089276552200317,0.823160707950592,1.213568925857544,1.3710606098175049,1.6594728231430054,1.4863299131393433,1.4049780368804932,1.792675495147705,1.9217605590820312,1.7628254890441895,1.8602956533432007
B5,1.5357255935668945,1.2922550439834595,1.0708659887313843,1.1944469213485718,0.979180097579956,1.0653892755508423,1.3951127529144287,1.3791943788528442,1.7453303337097168,1.6382297277450562,1.415171504020691,1.7458857297897339,1.9778003692626953,1.7959719896316528,1.7538971900939941,1.1570680141448975,0.8500263690948486,0.6404032707214355,0.3944106101989746,0.0,0.39655575156211853,0.6425036191940308,0.8229121565818787,1.1515566110610962,1.1632593870162964,1.121706247329712,1.4266207218170166,1.6305058002471924,1.6233597993850708,1.6898880004882812,1.2983225584030151,0.9141692519187927,0.9142605066299438,0.8517174124717712,0.6091302037239075,0.9515162110328674,1.1070170402526855,1.1013855934143066,1.4814469814300537,1.583727478981018,1.435585856437683,1.6577563285827637,1.9514482021331787,1.9520753622055054,1.9057849645614624,1.5465179681777954,1.2204958200454712,1.1435662508010864,1.2489982843399048,1.0043630599975586,1.2367990016937256,1.5028156042099,1.4385571479797363,1.8373950719833374,1.8381340503692627,1.5935016870498657,1.8556913137435913,2.1506187915802,2.031400680541992,1.9309074878692627,1.364101529121399,1.1269147396087646,0.8058211207389832,0.7980763912200928,0.5935534834861755,0.5820272564888,0.9480982422828674,1.0268772840499878,1.3492975234985352,1.2160046100616455,1.0768141746520996,1.4478766918182373,1.6230098009109497,1.4831286668777466,1.5372766256332397
B6,1.8880987167358398,1.6163147687911987,1.4341801404953003,1.522513508796692,1.2462399005889893,1.3154430389404297,1.583931803703308,1.4694417715072632,1.8329238891601562,1.748693823814392,1.4557725191116333,1.7293919324874878,1.9925905466079712,1.7928745746612549,1.6706358194351196,1.4349781274795532,1.186073899269104,0.9022620916366577,0.6219233274459839,0.39655575156211853,0.0,0.3888087272644043,0.6223931908607483,0.8842538595199585,0.8078003525733948,0.8163676857948303,1.158036470413208,1.3022050857543945,1.2814162969589233,1.4059128761291504,1.4914679527282715,1.1214052438735962,1.0981818437576294,0.88298499584198,0.6038183569908142,0.8640629649162292,0.874758780002594,0.8410341739654541,1.1856355667114258,1.3602086305618286,1.2541662454605103,1.4168049097061157,1.7088543176651,1.7776488065719604,1.7436102628707886,1.7930901050567627,1.4324861764907837,1.408263921737671,1.4338597059249878,1.1410930156707764,1.3765754699707031,1.555222511291504,1.4124705791473389,1.8060975074768066,1.876726508140564,1.6058223247528076,1.7923204898834229,2.1277945041656494,2.0496826171875,1.8942499160766602,1.730777621269226,1.5039644241333008,1.1863120794296265,1.190311074256897,0.952132523059845,0.8532348275184631,1.1613136529922485,1.1379071474075317,1.4337133169174194,1.2539081573486328,1.0349069833755493,1.3929640054702759,1.5606894493103027,1.3420149087905884,1.3542770147323608
B7,2.17651629447937,1.9248360395431519,1.6915758848190308,1.7510391473770142,1.4663654565811157,1.434242606163025,1.6818164587020874,1.542147159576416,1.8562861680984497,1.7154884338378906,1.4053610563278198,1.6724601984024048,1.8938415050506592,1.636535882949829,1.5088011026382446,1.6977101564407349,1.4357237815856934,1.2124592065811157,0.8595696091651917,0.6425036191940308,0.3888087272644043,0.0,0.3902331292629242,0.5520620942115784,0.5949690341949463,0.7017804980278015,0.9460146427154541,1.0797691345214844,1.1677645444869995,1.304646611213684,1.837280511856079,1.4601836204528809,1.4723842144012451,1.2708650827407837,0.9815807342529297,1.1930856704711914,1.135597825050354,0.9860966205596924,1.295395851135254,1.532631754875183,1.3851561546325684,1.4512510299682617,1.781688928604126,1.8808331489562988,1.7807161808013916,2.1534814834594727,1.8034355640411377,1.7532017230987549,1.783772587776184,1.4674755334854126,1.6434215307235718,1.810278296470642,1.6089597940444946,1.982775092124939,2.0381171703338623,1.7189421653747559,1.86955988407135,2.211003303527832,2.0986738204956055,1.887514352798462,1.9732666015625,1.7569351196289062,1.4169961214065552,1.3323122262954712,1.0915417671203613,0.849802553653717,1.076202154159546,1.032715916633606,1.2395814657211304,0.9921848177909851,0.7900254130363464,1.1522114276885986,1.25278902053833,0.9974274039268494,1.0645527839660645
B8,2.280937910079956,2.000760316848755,1.751104712486267,1.7204865217208862,1.3913359642028809,1.2887753248214722,1.4623903036117554,1.2666804790496826,1.543300747871399,1.4071557521820068,1.0696372985839844,1.304887294769287,1.5263186693191528,1.2719781398773193,1.120939016342163,1.9663150310516357,1.661289930343628,1.4523066282272339,1.1435497999191284,0.8229121565818787,0.6223931908607483,0.3902331292629242,0.0,0.39839044213294983,0.550289511680603,0.4743925929069519,0.63852459192276,0.8800495266914368,0.9792000651359558,1.0203436613082886,2.081339120864868,1.7033405303955078,1.6430761814117432,1.4457576274871826,1.0897808074951172,1.2028273344039917,1.1380729675292969,0.8704068064689636,1.1768869161605835,1.3961275815963745,1.174524188041687,1.1970540285110474,1.556196689605713,1.6293898820877075,1.4723201990127563,2.3064041137695312,1.952891230583191,1.8400036096572876,1.809330940246582,1.4496469497680664,1.5353691577911377,1.6631457805633545,1.4074499607086182,1.7493464946746826,1.789132833480835,1.4402772188186646,1.560596227645874,1.897383213043213,1.7700526714324951,1.5301494598388672,2.151092290878296,1.8831050395965576,1.5839813947677612,1.4323920011520386,1.1170856952667236,0.8742722272872925,0.9757824540138245,0.7982116937637329,0.9984517097473145,0.8190819621086121,0.503953218460083,0.8123103976249695,0.9826379418373108,0.7579717040061951,0.7357307076454163
B9,2.6548399925231934,2.3827555179595947,2.1341915130615234,2.116666555404663,1.7895115613937378,1.6722538471221924,1.8235963582992554,1.5998302698135376,1.8326932191848755,1.6837514638900757,1.337074875831604,1.5084682703018188,1.6999915838241577,1.408463478088379,1.2076029777526855,2.246947765350342,1.9704747200012207,1.754068374633789,1.4095345735549927,1.1515566110610962,0.8842538595199585,0.5520620942115784,0.39839044213294983,0.0,0.3764333128929138,0.518695056438446,0.5157986879348755,0.6229621171951294,0.8505763411521912,0.9719215631484985,2.3721742630004883,1.9976637363433838,1.9689052104949951,1.7333998680114746,1.4048582315444946,1.4976806640625,1.345573902130127,1.0634169578552246,1.2688086032867432,1.5593518018722534,1.3787809610366821,1.2927098274230957,1.6410709619522095,1.7851835489273071,1.6136444807052612,2.653201103210449,2.2931201457977295,2.211686372756958,2.1794700622558594,1.8192338943481445,1.9118150472640991,2.004067897796631,1.7139205932617188,2.0275237560272217,2.0989673137664795,1.7399835586547852,1.7910077571868896,2.1366028785705566,2.0235815048217773,1.7341891527175903,2.4855880737304688,2.2432475090026855,1.9216067790985107,1.7739096879959106,1.4877136945724487,1.2000774145126343,1.2678284645080566,1.094046711921692,1.1789216995239258,0.9344125390052795,0.6726769208908081,0.8857342600822449,0.9381632208824158,0.5988107919692993,0.5996205806732178
B10,2.667545795440674,2.372833490371704,2.1753625869750977,2.176820993423462,1.8353904485702515,1.7925702333450317,1.9414112567901611,1.6910165548324585,1.9640583992004395,1.8787132501602173,1.5111562013626099,1.6484659910202026,1.8983898162841797,1.6541508436203003,1.4043515920639038,2.222325086593628,1.9817858934402466,1.7059725522994995,1.3944766521453857,1.1632593870162964,0.8078003525733948,0.5949690341949463,0.550289511680603,0.3764333128929138,0.0,0.38099539279937744,0.5649698972702026,0.5330389142036438,0.6264293193817139,0.8604977130889893,2.260870933532715,1.907621145248413,1.8576525449752808,1.5633304119110107,1.2643309831619263,1.3103255033493042,1.0843510627746582,0.8410624265670776,0.9854868650436401,1.3142919540405273,1.215360403060913,1.127933144569397,1.4369192123413086,1.632269024848938,1.5322929620742798,2.5629446506500244,2.187171697616577,2.152846574783325,2.0877835750579834,1.7340223789215088,1.868706226348877,1.9174363613128662,1.6265687942504883,1.9411348104476929,2.075568914413452,1.745233416557312,1.7660338878631592,2.13383150100708,2.084238052368164,1.8075605630874634,2.524085283279419,2.283992290496826,1.967356562614441,1.8908802270889282,1.600063443183899,1.377565860748291,1.5173896551132202,1.3396049737930298,1.4960380792617798,1.27715265750885,0.9807130098342896,1.1932111978530884,1.2973438501358032,0.9625444412231445,0.8755272626876831
B11,2.534586191177368,2.2130000591278076,2.0224945545196533,1.9638553857803345,1.5959701538085938,1.5447046756744385,1.6406590938568115,1.355447769165039,1.6248621940612793,1.582612156867981,1.2055643796920776,1.3121356964111328,1.595654010772705,1.399365782737732,1.1321467161178589,2.2416858673095703,1.966050386428833,1.6911412477493286,1.4310177564620972,1.121706247329712,0.8163676857948303,0.7017804980278015,0.4743925929069519,0.518695056438446,0.38099539279937744,0.0,0.3995111584663391,0.5667668581008911,0.5283288955688477,0.6082321405410767,2.2418274879455566,1.8904725313186646,1.7707858085632324,1.4917731285095215,1.1433734893798828,1.112343192100525,0.9160467386245728,0.5787771344184875,0.7688446640968323,1.0442382097244263,0.8745148181915283,0.8015543818473816,1.1439520120620728,1.2905471324920654,1.1707671880722046,2.452533483505249,2.076526641845703,1.9944312572479248,1.8780931234359741,1.5010919570922852,1.5774223804473877,1.5940438508987427,1.2774800062179565,1.5763838291168213,1.706946849822998,1.3742231130599976,1.385233998298645,1.7529844045639038,1.7117403745651245,1.4423717260360718,2.468508243560791,2.184178590774536,1.9095498323440552,1.812846064567566,1.4731190204620361,1.3045055866241455,1.4063961505889893,1.1584117412567139,1.3625982999801636,1.2345447540283203,0.874828577041626,1.0362699031829834,1.2436752319335938,0.9827283620834351,0.7889260053634644
B12,2.832371234893799,2.5182740688323975,2.2958648204803467,2.198852777481079,1.8296328783035278,1.7004201412200928,1.7435892820358276,1.4344485998153687,1.616892695426941,1.5435086488723755,1.1699453592300415,1.2080885171890259,1.4360475540161133,1.2079795598983765,0.9004624485969543,2.5715982913970947,2.2759244441986084,2.0337371826171875,1.7479808330535889,1.4266207218170166,1.158036470413208,0.9460146427154541,0.63852459192276,0.5157986879348755,0.5649698972702026,0.3995111584663391,0.0,0.3737209737300873,0.5267877578735352,0.49341320991516113,2.615086317062378,2.2540085315704346,2.14105486869812,1.881550669670105,1.5214617252349854,1.4816232919692993,1.2901490926742554,0.9231326580047607,1.0317901372909546,1.2970787286758423,1.0846185684204102,0.890449583530426,1.2367897033691406,1.3854591846466064,1.174928903579712,2.8104567527770996,2.4412662982940674,2.327911376953125,2.2082724571228027,1.8213427066802979,1.8360496759414673,1.8358956575393677,1.4854950904846191,1.7262481451034546,1.8294342756271362,1.4712575674057007,1.4229122400283813,1.7675144672393799,1.6963666677474976,1.3696891069412231,2.760833501815796,2.4696977138519287,2.195816993713379,2.0411453247070312,1.6955879926681519,1.4754650592803955,1.4798544645309448,1.185084342956543,1.282732605934143,1.171694278717041,0.8273410797119141,0.8452108502388,1.0145639181137085,0.7622544765472412,0.47344571352005005
B13,3.0905966758728027,2.776153087615967,2.572876453399658,2.50856876373291,2.1403648853302,2.0435609817504883,2.1022748947143555,1.7888758182525635,1.9785085916519165,1.9164139032363892,1.5424840450286865,1.5577492713928223,1.7829951047897339,1.5551462173461914,1.2327533960342407,2.7335996627807617,2.472259521484375,2.202855348587036,1.903563141822815,1.6305058002471924,1.3022050857543945,1.0797691345214844,0.8800495266914368,0.6229621171951294,0.5330389142036438,0.5667668581008911,0.3737209737300873,0.0,0.37642937898635864,0.5603005290031433,2.754199743270874,2.4039273262023926,2.312222480773926,2.0106072425842285,1.6875065565109253,1.6398640871047974,1.3754756450653076,1.0526994466781616,1.0539193153381348,1.3813114166259766,1.2617363929748535,1.0117322206497192,1.2970699071884155,1.5306693315505981,1.3715718984603882,3.00533127784729,2.626399517059326,2.559080123901367,2.438838005065918,2.0611908435821533,2.1171627044677734,2.093130350112915,1.7409045696258545,1.9718183279037476,2.122962236404419,1.7832690477371216,1.6952874660491943,2.04744291305542,2.017704725265503,1.685716152191162,2.9917757511138916,2.7227578163146973,2.427985668182373,2.3085854053497314,1.9824042320251465,1.7515329122543335,1.794272780418396,1.5310689210891724,1.6120525598526,1.4501279592514038,1.1381840705871582,1.1732306480407715,1.266301155090332,0.9548082947731018,0.7246118187904358
