,A1,A2,A3,A4,A5,A6,A7,A8,A9,A10,A11,A12,A13,A14,A15,B1,B2,B3,B4,B5,B6,B7,B8,B9,B10,B11,B12,B13,B14,B15,C1,C2,C3,C4,C5,C6,C7,C8,C9,C10,C11,C12,C13,C14,C15,D1,D2,D3,D4,D5,D6,D7,D8,D9,D10,D11,D12,D13,D14,D15,E1,E2,E3,E4,E5,E6,E7,E8,E9,E10,E11,E12,E13,E14,E15
A1,0.0,0.39218997955322266,0.5992547869682312,0.8468816876411438,1.171982765197754,1.4553569555282593,1.7216161489486694,1.9802706241607666,2.2449839115142822,2.2039973735809326,2.2249820232391357,2.555128335952759,2.7006654739379883,2.658447027206421,2.796520948410034,1.061245322227478,1.0459482669830322,1.1639373302459717,1.5496139526367188,1.6345431804656982,1.9643892049789429,2.2815439701080322,2.372910737991333,2.7429964542388916,2.7326974868774414,2.5923783779144287,2.8940484523773193,3.1420252323150635,3.028193950653076,3.0216665267944336,0.6977797150611877,0.8301978707313538,0.8327476978302002,1.2189915180206299,1.4212872982025146,1.6757956743240356,2.025576591491699,2.210141658782959,2.5269739627838135,2.429802894592285,2.35744571685791,2.7154455184936523,2.87971830368042,2.753098726272583,2.8422799110412598,1.095442533493042,1.1775676012039185,1.0472142696380615,1.4166133403778076,1.5587178468704224,1.7679443359375,2.1482467651367188,2.3042068481445312,2.6260933876037598,2.484246015548706,2.373307466506958,2.7490651607513428,2.8961751461029053,2.701106071472168,2.777308464050293,0.5606498122215271,0.7601337432861328,0.7578338980674744,1.1250505447387695,1.3759435415267944,1.6225650310516357,1.962599277496338,2.175199270248413,2.479161500930786,2.390514612197876,2.343554973602295,2.7012667655944824,2.8611600399017334,2.744924783706665,2.8440818786621094
A2,0.39218997955322266,0.0,0.39580827951431274,0.6230435967445374,0.860328197479248,1.196118950843811,1.4454801082611084,1.6616586446762085,1.9536449909210205,1.949651837348938,1.938920021057129,2.2491278648376465,2.429893732070923,2.40048885345459,2.5058343410491943,1.1570640802383423,1.0076656341552734,1.0603185892105103,1.4166032075881958,1.4078818559646606,1.7303252220153809,2.0398919582366943,2.0818653106689453,2.464768409729004,2.4642560482025146,2.2901344299316406,2.5749025344848633,2.8412537574768066,2.724149227142334,2.688141107559204,0.8780835866928101,0.8475646376609802,0.7164151668548584,1.0952661037445068,1.1995717287063599,1.4289824962615967,1.7962429523468018,1.9361639022827148,2.267265796661377,2.1581921577453613,2.0460855960845947,2.4041266441345215,2.5789504051208496,2.4293811321258545,2.496361255645752,1.0799295902252197,1.061915636062622,0.8191762566566467,1.1451998949050903,1.2388817071914673,1.4098583459854126,1.7980356216430664,1.9448187351226807,2.260678768157959,2.1055805683135986,1.9892538785934448,2.3682146072387695,2.5087757110595703,2.309246778488159,2.3900258541107178,0.4479109048843384,0.47252026200294495,0.3658578395843506,0.7410906553268433,0.9862948060035706,1.2434618473052979,1.575244426727295,1.7897676229476929,2.0925140380859375,2.019273519515991,1.979108214378357,2.3289780616760254,2.4939377307891846,2.398674964904785,2.5002121925354004
A3,0.5992547869682312,0.39580827951431274,0.0,0.3950263261795044,0.6272312998771667,0.9003247618675232,1.2150475978851318,1.4412866830825806,1.7290178537368774,1.6651405096054077,1.6478075981140137,1.990208625793457,2.1447696685791016,2.079953670501709,2.2049341201782227,0.8532028198242188,0.6441485285758972,0.6712179183959961,1.022599220275879,1.0449665784835815,1.3803280591964722,1.6890406608581543,1.7741060256958008,2.143890142440796,2.1408607959747314,2.0049357414245605,2.3037242889404297,2.5509843826293945,2.454188108444214,2.4570391178131104,0.7291691303253174,0.5378412008285522,0.4608510732650757,0.8245242834091187,0.8999553918838501,1.1987262964248657,1.529931902885437,1.6644160747528076,2.0065062046051025,1.9519087076187134,1.847751259803772,2.181243896484375,2.3831722736358643,2.2808101177215576,2.3370187282562256,1.1195151805877686,0.9873828887939453,0.8049939274787903,1.1438301801681519,1.1397647857666016,1.3719886541366577,1.7381372451782227,1.8222545385360718,2.1755599975585938,2.071868658065796,1.9074273109436035,2.2594597339630127,2.4531402587890625,2.2688963413238525,2.2953147888183594,0.8294077515602112,0.726716935634613,0.5019318461418152,0.861086368560791,0.9520244002342224,1.1798807382583618,1.5472418069839478,1.6933988332748413,2.0252678394317627,1.9304108619689941,1.824759602546692,2.1796321868896484,2.363023281097412,2.2241740226745605,2.2874903678894043
A4,0.8468816876411438,0.6230435967445374,0.3950263261795044,0.0,0.4082441031932831,0.6276340484619141,0.8786293864250183,1.1618008613586426,1.4046313762664795,1.3610386848449707,1.4060492515563965,1.727927565574646,1.8601011037826538,1.8461843729019165,2.0012471675872803,0.9515340328216553,0.6313897371292114,0.7747997045516968,1.0175138711929321,0.975925862789154,1.3523920774459839,1.5878187417984009,1.6407428979873657,2.00848388671875,2.0726916790008545,1.9424015283584595,2.193673849105835,2.4682776927948,2.422147274017334,2.4057672023773193,1.0432246923446655,0.7974711656570435,0.8045401573181152,1.1052850484848022,1.0590440034866333,1.3751846551895142,1.6739438772201538,1.7239782810211182,2.096059560775757,2.081242084503174,1.917922019958496,2.2149498462677,2.4640376567840576,2.358607053756714,2.3523671627044678,1.5065635442733765,1.343939185142517,1.119338035583496,1.395032525062561,1.2980109453201294,1.4608184099197388,1.822155475616455,1.8413430452346802,2.1945838928222656,2.0694127082824707,1.8516066074371338,2.1894619464874268,2.3879778385162354,2.162689208984375,2.1482601165771484,1.0529632568359375,0.9688277840614319,0.6143336892127991,0.834436297416687,0.9057013392448425,0.9998737573623657,1.3880270719528198,1.554301381111145,1.8494954109191895,1.6919161081314087,1.6039683818817139,1.9842077493667603,2.1208572387695312,1.9538581371307373,2.055497646331787
A5,1.171982765197754,0.860328197479248,0.6272312998771667,0.4082441031932831,0.0,0.3848467469215393,0.6378462910652161,0.8184821605682373,1.1249607801437378,1.1144884824752808,1.082419753074646,1.3908350467681885,1.5757945775985718,1.5576591491699219,1.6618658304214478,1.206213116645813,0.8335498571395874,0.8198966383934021,0.9487422704696655,0.7473942041397095,1.0864264965057373,1.3009469509124756,1.2891860008239746,1.6714303493499756,1.7425854206085205,1.577268123626709,1.811641812324524,2.102205276489258,2.0549159049987793,2.014869451522827,1.3081544637680054,0.9974308609962463,0.891910970211029,1.0821378231048584,0.8897536993026733,1.1549296379089355,1.4324085712432861,1.411390781402588,1.7938201427459717,1.7845408916473389,1.5773587226867676,1.8559998273849487,2.123201847076416,2.0105061531066895,1.9728940725326538,1.5877615213394165,1.3434693813323975,1.0818290710449219,1.2549985647201538,1.0527091026306152,1.1707977056503296,1.5026823282241821,1.4729853868484497,1.8277864456176758,1.7161880731582642,1.4708002805709839,1.7937489748001099,2.008610248565674,1.7924554347991943,1.7579799890518188,1.241204857826233,1.0344915390014648,0.6666393280029297,0.732590913772583,0.6223084926605225,0.6704398989677429,1.0554640293121338,1.168872594833374,1.481463074684143,1.3430051803588867,1.2197366952896118,1.5906095504760742,1.753373622894287,1.5987889766693115,1.6777540445327759
A6,1.4553569555282593,1.196118950843811,0.9003247618675232,0.6276340484619141,0.3848467469215393,0.0,0.3919431269168854,0.6259459257125854,0.8639377951622009,0.7668049931526184,0.7822353839874268,1.1224735975265503,1.2477513551712036,1.221269130706787,1.38020920753479,1.2117000818252563,0.8158247470855713,0.8290479779243469,0.7989279627799988,0.5769875049591064,0.9249011874198914,1.0488765239715576,1.0685312747955322,1.4200758934020996,1.5411784648895264,1.4364820718765259,1.6436549425125122,1.9225043058395386,1.9355659484863281,1.9298256635665894,1.4782752990722656,1.1213274002075195,1.1092793941497803,1.2255138158798218,0.9847893118858337,1.2750499248504639,1.464306354522705,1.3876235485076904,1.772087812423706,1.8408955335617065,1.6267048120498657,1.8397918939590454,2.1473493576049805,2.0850417613983154,2.0072059631347656,1.874986171722412,1.5989059209823608,1.392421841621399,1.553634524345398,1.293768048286438,1.4174168109893799,1.6945236921310425,1.5809792280197144,1.944204330444336,1.8754910230636597,1.5786094665527344,1.8421320915222168,2.099196195602417,1.8875998258590698,1.77670419216156,1.6042745113372803,1.411010980606079,1.0467027425765991,1.0972514152526855,0.928874671459198,0.8568028807640076,1.2065569162368774,1.2429038286209106,1.5310031175613403,1.3374416828155518,1.1536736488342285,1.5237839221954346,1.6669597625732422,1.4421069622039795,1.4966120719909668
A7,1.7216161489486694,1.4454801082611084,1.2150475978851318,0.8786293864250183,0.6378462910652161,0.3919431269168854,0.0,0.3917582035064697,0.5273427963256836,0.5553121566772461,0.674665093421936,0.910999059677124,1.0318585634231567,1.1198153495788574,1.282869577407837,1.5494999885559082,1.1580990552902222,1.2177566289901733,1.151556134223938,0.8954409956932068,1.1759191751480103,1.1889305114746094,1.1133390665054321,1.434463381767273,1.635297179222107,1.5167146921157837,1.6341969966888428,1.9456866979599,2.007401943206787,1.9551894664764404,1.8345708847045898,1.4942381381988525,1.4782744646072388,1.6059731245040894,1.3380826711654663,1.584015965461731,1.754794716835022,1.6075398921966553,1.987096905708313,2.0632317066192627,1.7979512214660645,1.9682717323303223,2.298733949661255,2.215285062789917,2.075439691543579,2.2161731719970703,1.9471951723098755,1.700592279434204,1.819491982460022,1.5353585481643677,1.5710173845291138,1.8246567249298096,1.6687830686569214,1.9942927360534668,1.89259672164917,1.5654772520065308,1.7984665632247925,2.0342931747436523,1.781265139579773,1.6335194110870361,1.8212676048278809,1.644694209098816,1.2603002786636353,1.2026758193969727,1.039945125579834,0.8135517239570618,1.1028233766555786,1.1581143140792847,1.3616724014282227,1.0949833393096924,0.9580531716346741,1.3401055335998535,1.4064382314682007,1.1589727401733398,1.2850686311721802
A8,1.9802706241607666,1.6616586446762085,1.4412866830825806,1.1618008613586426,0.8184821605682373,0.6259459257125854,0.3917582035064697,0.0,0.38696733117103577,0.5372326970100403,0.4659135639667511,0.6160929203033447,0.8567072749137878,0.9510641098022461,1.011277675628662,1.834625244140625,1.4400136470794678,1.4057163000106812,1.2895079851150513,0.9411528706550598,1.10624361038208,1.063009262084961,0.8686739802360535,1.186158299446106,1.4036941528320312,1.2391917705535889,1.3042043447494507,1.639777421951294,1.7059556245803833,1.6145801544189453,2.0771262645721436,1.7213422060012817,1.6361641883850098,1.6974036693572998,1.3608994483947754,1.523216724395752,1.6511354446411133,1.4291738271713257,1.7898731231689453,1.8684837818145752,1.5643922090530396,1.6906094551086426,2.0318100452423096,1.9410889148712158,1.758088231086731,2.3215019702911377,2.0162181854248047,1.759999394416809,1.7939527034759521,1.4545787572860718,1.4284342527389526,1.6142218112945557,1.3994061946868896,1.697767972946167,1.6161234378814697,1.2644699811935425,1.4499247074127197,1.6995092630386353,1.4621754884719849,1.2748245000839233,2.001979351043701,1.764803171157837,1.4106954336166382,1.2777262926101685,1.0128700733184814,0.732641339302063,0.9100119471549988,0.8601477742195129,1.047486424446106,0.8014795184135437,0.5899549126625061,0.9579650163650513,1.055190920829773,0.8169159293174744,0.9130712151527405
A9,2.2449839115142822,1.9536449909210205,1.7290178537368774,1.4046313762664795,1.1249607801437378,0.8639377951622009,0.5273427963256836,0.38696733117103577,0.0,0.3734119236469269,0.5184064507484436,0.5050177574157715,0.6154378652572632,0.8412197232246399,0.971383810043335,2.0207033157348633,1.6357648372650146,1.6590856313705444,1.4994862079620361,1.1977689266204834,1.3495070934295654,1.2111510038375854,1.031219244003296,1.253753423690796,1.5436911582946777,1.4404911994934082,1.4281476736068726,1.7471507787704468,1.8851416110992432,1.8033868074417114,2.339993715286255,1.9830042123794556,1.9526063203811646,2.021345853805542,1.6958492994308472,1.8786460161209106,1.9732568264007568,1.7312912940979004,2.075113534927368,2.1935179233551025,1.8895254135131836,1.9636236429214478,2.320193290710449,2.252333164215088,2.0347774028778076,2.673799514770508,2.374189615249634,2.1273128986358643,2.1782948970794678,1.8402113914489746,1.809199333190918,1.9779123067855835,1.7358956336975098,2.0079379081726074,1.9296151399612427,1.5678995847702026,1.6967928409576416,1.9376639127731323,1.6881259679794312,1.4501078128814697,2.3070061206817627,2.103931188583374,1.7321242094039917,1.6008884906768799,1.3769570589065552,1.0626862049102783,1.196665644645691,1.1531156301498413,1.2403730154037476,0.9269917011260986,0.7685941457748413,1.0733423233032227,1.0579192638397217,0.7373806834220886,0.8853679299354553
A10,2.2039973735809326,1.949651837348938,1.6651405096054077,1.3610386848449707,1.1144884824752808,0.7668049931526184,0.5553121566772461,0.5372326970100403,0.3734119236469269,0.0,0.3758975863456726,0.5522911548614502,0.5148965716362,0.6175028681755066,0.8638427257537842,1.8082038164138794,1.444001317024231,1.4635978937149048,1.242897391319275,0.9932071566581726,1.1379297971725464,0.9674736857414246,0.8961499333381653,1.0924171209335327,1.3749375343322754,1.3513277769088745,1.3894832134246826,1.6610668897628784,1.8148880004882812,1.8083292245864868,2.1938345432281494,1.8215610980987549,1.841752529144287,1.8763258457183838,1.5654569864273071,1.7850728034973145,1.8403505086898804,1.622439980506897,1.961579442024231,2.126760244369507,1.8660553693771362,1.9299455881118774,2.291654586791992,2.2772157192230225,2.0905754566192627,2.6067824363708496,2.2952630519866943,2.1011300086975098,2.18871808052063,1.851237177848816,1.8945432901382446,2.065387010574341,1.8198946714401245,2.130033254623413,2.101451873779297,1.740666151046753,1.8664757013320923,2.14969539642334,1.9389307498931885,1.6964828968048096,2.3441410064697266,2.1425631046295166,1.7726043462753296,1.7215468883514404,1.4884952306747437,1.2473071813583374,1.4454931020736694,1.3685873746871948,1.5246329307556152,1.250800609588623,1.0220553874969482,1.310659408569336,1.3571254014968872,1.019675612449646,1.0533154010772705
A11,2.2249820232391357,1.938920021057129,1.6478075981140137,1.4060492515563965,1.082419753074646,0.7822353839874268,0.674665093421936,0.4659135639667511,0.5184064507484436,0.3758975863456726,0.0,0.39450889825820923,0.552168071269989,0.5082257986068726,0.6153199076652527,1.8588745594024658,1.490651249885559,1.4102665185928345,1.1692944765090942,0.8396885395050049,0.884692370891571,0.6982511878013611,0.5364662408828735,0.7823154926300049,1.044337272644043,0.9817702770233154,1.0351697206497192,1.3205807209014893,1.4491573572158813,1.4393092393875122,2.1804921627044678,1.7956875562667847,1.751184105873108,1.7249199151992798,1.367377519607544,1.5250459909439087,1.5452767610549927,1.2869595289230347,1.6145377159118652,1.7821968793869019,1.513270378112793,1.557307481765747,1.9211647510528564,1.9149724245071411,1.7258855104446411,2.469210624694824,2.127784490585327,1.9427268505096436,1.9762104749679565,1.6076537370681763,1.6426899433135986,1.7657248973846436,1.4919843673706055,1.8010647296905518,1.8126531839370728,1.4530209302902222,1.5535036325454712,1.8636345863342285,1.6961562633514404,1.4485530853271484,2.314546823501587,2.0594112873077393,1.7218252420425415,1.6545233726501465,1.350797176361084,1.1435691118240356,1.3017948865890503,1.139635682106018,1.3356515169143677,1.1359081268310547,0.8262251615524292,1.0759215354919434,1.2121765613555908,0.911726176738739,0.8412590622901917
A12,2.555128335952759,2.2491278648376465,1.990208625793457,1.727927565574646,1.3908350467681885,1.1224735975265503,0.910999059677124,0.6160929203033447,0.5050177574157715,0.5522911548614502,0.39450889825820923,0.0,0.373617023229599,0.5176434516906738,0.4970455765724182,2.243861198425293,1.8704767227172852,1.8001856803894043,1.5621973276138306,1.2248789072036743,1.2222501039505005,0.9794918894767761,0.715640127658844,0.8319126963615417,1.158634901046753,1.078095555305481,0.981077253818512,1.283799648284912,1.4682759046554565,1.3997167348861694,2.5587146282196045,2.177980661392212,2.1144158840179443,2.0897879600524902,1.716214895248413,1.82642662525177,1.8270924091339111,1.5167814493179321,1.8056203126907349,1.9718523025512695,1.6685457229614258,1.648535132408142,2.0158097743988037,1.9959102869033813,1.7431813478469849,2.804348945617676,2.4612154960632324,2.25130295753479,2.2407045364379883,1.857027530670166,1.8209742307662964,1.8944776058197021,1.580177903175354,1.8250409364700317,1.8298935890197754,1.4604305028915405,1.4833216667175293,1.7723333835601807,1.5995928049087524,1.2959576845169067,2.5995256900787354,2.339688301086426,2.002311944961548,1.8701632022857666,1.559920310974121,1.2863436937332153,1.3408966064453125,1.144737720489502,1.2288315296173096,1.0129852294921875,0.7263907790184021,0.8756866455078125,0.9370503425598145,0.6014782190322876,0.5178830623626709
A13,2.7006654739379883,2.429893732070923,2.1447696685791016,1.8601011037826538,1.5757945775985718,1.2477513551712036,1.0318585634231567,0.8567072749137878,0.6154378652572632,0.5148965716362,0.552168071269989,0.373617023229599,0.0,0.37084275484085083,0.5593253970146179,2.2708513736724854,1.9194536209106445,1.892423391342163,1.6148861646652222,1.3458460569381714,1.354095697402954,1.0564018487930298,0.9054433703422546,0.922076404094696,1.2787266969680786,1.2999720573425293,1.2003295421600342,1.4368102550506592,1.67500638961792,1.665004014968872,2.662485361099243,2.279430389404297,2.277226686477661,2.254681348800659,1.9059113264083862,2.059695243835449,2.0367112159729004,1.7466756105422974,2.025071144104004,2.2333791255950928,1.9605357646942139,1.9212093353271484,2.291607618331909,2.310420036315918,2.066938877105713,3.0151398181915283,2.6761462688446045,2.492093086242676,2.5224344730377197,2.148019313812256,2.1507177352905273,2.23956298828125,1.928057312965393,2.1841251850128174,2.200531005859375,1.8314241170883179,1.8480178117752075,2.1401662826538086,1.9682046175003052,1.6571228504180908,2.8103113174438477,2.5781662464141846,2.223069667816162,2.1302127838134766,1.848768949508667,1.5796104669570923,1.675384759902954,1.5090291500091553,1.5859166383743286,1.3378931283950806,1.0855990648269653,1.2303777933120728,1.2382932901382446,0.8784116506576538,0.8140189051628113
A14,2.658447027206421,2.40048885345459,2.079953670501709,1.8461843729019165,1.5576591491699219,1.221269130706787,1.1198153495788574,0.9510641098022461,0.8412197232246399,0.6175028681755066,0.5082257986068726,0.5176434516906738,0.37084275484085083,0.0,0.3739229738712311,2.1376752853393555,1.80989408493042,1.7284657955169678,1.4048876762390137,1.156978964805603,1.0887635946273804,0.742845892906189,0.6659666299819946,0.6201080679893494,0.9624589085578918,1.0558379888534546,1.0109150409698486,1.1940679550170898,1.4316929578781128,1.493624210357666,2.5317461490631104,2.1406185626983643,2.1405434608459473,2.0621752738952637,1.713434100151062,1.8554656505584717,1.779850959777832,1.4966106414794922,1.750655174255371,1.9969605207443237,1.7646868228912354,1.705338478088379,2.0719034671783447,2.1395933628082275,1.928373098373413,2.8689422607421875,2.512704610824585,2.3751707077026367,2.404932975769043,2.026906967163086,2.0789601802825928,2.146991014480591,1.831153154373169,2.1102805137634277,2.180197238922119,1.8227555751800537,1.8330365419387817,2.1621432304382324,2.038628578186035,1.7384699583053589,2.793074607849121,2.539550304412842,2.207381010055542,2.160310745239258,1.85024094581604,1.6465368270874023,1.770590901374817,1.5616782903671265,1.7073901891708374,1.5156049728393555,1.2016897201538086,1.334108591079712,1.4345436096191406,1.1053739786148071,0.9361411333084106
A15,2.796520948410034,2.5058343410491943,2.2049341201782227,2.0012471675872803,1.6618658304214478,1.38020920753479,1.282869577407837,1.011277675628662,0.971383810043335,0.8638427257537842,0.6153199076652527,0.4970455765724182,0.5593253970146179,0.3739229738712311,0.0,2.35624623298645,2.0183682441711426,1.8807700872421265,1.5722862482070923,1.267273187637329,1.1184606552124023,0.7755904793739319,0.5468241572380066,0.41160547733306885,0.7772762179374695,0.8161394596099854,0.6719617247581482,0.878015398979187,1.131631851196289,1.1584330797195435,2.685590982437134,2.2940306663513184,2.2329022884368896,2.121563673019409,1.7398746013641357,1.8050148487091064,1.6992237567901611,1.3617750406265259,1.5747381448745728,1.813886284828186,1.5605566501617432,1.4453375339508057,1.810011863708496,1.8767811059951782,1.6329487562179565,2.9001195430755615,2.5280003547668457,2.381648063659668,2.348897933959961,1.9505606889724731,1.9593415260314941,1.9637818336486816,1.6143907308578491,1.8513075113296509,1.9528241157531738,1.6057984828948975,1.5525150299072266,1.8872932195663452,1.8060352802276611,1.4890326261520386,2.8673951625823975,2.577460765838623,2.2719180583953857,2.183767080307007,1.8331046104431152,1.632814645767212,1.6848305463790894,1.4108281135559082,1.5339759588241577,1.4080544710159302,1.0711488723754883,1.1039856672286987,1.248695969581604,0.9756760001182556,0.7015219330787659
B1,1.061245322227478,1.1570640802383423,0.8532028198242188,0.9515340328216553,1.206213116645813,1.2117000818252563,1.5494999885559082,1.834625244140625,2.0207033157348633,1.8082038164138794,1.8588745594024658,2.243861198425293,2.2708513736724854,2.1376752853393555,2.35624623298645,0.0,0.39645224809646606,0.6050852537155151,0.8533297777175903,1.1687289476394653,1.4702677726745605,1.7302833795547485,1.9729505777359009,2.256577253341675,2.2429122924804688,2.247718572616577,2.5653927326202393,2.7366409301757812,2.6931917667388916,2.803246259689331,0.618312656879425,0.4610907733440399,0.8511342406272888,1.016132116317749,1.1967273950576782,1.5638700723648071,1.7528026103973389,1.9320039749145508,2.2326629161834717,2.2906548976898193,2.265571355819702,2.532850742340088,2.7488651275634766,2.753945827484131,2.8197693824768066,1.5127133131027222,1.3979698419570923,1.4410291910171509,1.7989585399627686,1.7676769495010376,2.075789213180542,2.3868021965026855,2.403684377670288,2.788006067276001,2.7611680030822754,2.554138422012329,2.850846529006958,3.1085782051086426,2.9476399421691895,2.8988308906555176,1.5467772483825684,1.5288482904434204,1.3544613122940063,1.6969385147094727,1.7184289693832397,1.873086929321289,2.255584955215454,2.3283350467681885,2.6664297580718994,2.51975679397583,2.3406765460968018,2.692626953125,2.871471881866455,2.6456196308135986,2.65645694732666
B2,1.0459482669830322,1.0076656341552734,0.6441485285758972,0.6313897371292114,0.8335498571395874,0.8158247470855713,1.1580990552902222,1.4400136470794678,1.6357648372650146,1.444001317024231,1.490651249885559,1.8704767227172852,1.9194536209106445,1.80989408493042,2.0183682441711426,0.39645224809646606,0.0,0.39278170466423035,0.6277303695678711,0.849143922328949,1.1993730068206787,1.444528579711914,1.6432209014892578,1.9510281085968018,1.9712470769882202,1.9462230205535889,2.242534637451172,2.4448726177215576,2.414630174636841,2.494213581085205,0.7978149652481079,0.4762290418148041,0.7480248808860779,0.9314253926277161,0.9833295345306396,1.3659162521362305,1.5717689990997314,1.687119722366333,2.0236799716949463,2.0840237140655518,2.0044569969177246,2.2658374309539795,2.5107765197753906,2.4948740005493164,2.523508310317993,1.5323032140731812,1.3489948511123657,1.301104187965393,1.6218366622924805,1.5238679647445679,1.7953522205352783,2.108708381652832,2.0949795246124268,2.4797139167785645,2.439436674118042,2.2090487480163574,2.5026259422302246,2.7602787017822266,2.584625720977783,2.5228850841522217,1.444158673286438,1.3667018413543701,1.1145384311676025,1.4063347578048706,1.3886260986328125,1.5038270950317383,1.886452078819275,1.9557017087936401,2.2845332622528076,2.12734317779541,1.9497270584106445,2.3072123527526855,2.4775118827819824,2.2530953884124756,2.275714159011841
B3,1.1639373302459717,1.0603185892105103,0.6712179183959961,0.7747997045516968,0.8198966383934021,0.8290479779243469,1.2177566289901733,1.4057163000106812,1.6590856313705444,1.4635978937149048,1.4102665185928345,1.8001856803894043,1.892423391342163,1.7284657955169678,1.8807700872421265,0.6050852537155151,0.39278170466423035,0.0,0.3995025157928467,0.6225019097328186,0.9126549959182739,1.2252180576324463,1.4362969398498535,1.7454413175582886,1.7046633958816528,1.6705029010772705,2.002608060836792,2.181086301803589,2.112370491027832,2.2094433307647705,0.8177293539047241,0.4278004467487335,0.5482385158538818,0.5879494547843933,0.6181411147117615,0.9996957778930664,1.1882569789886475,1.3370509147644043,1.6562473773956299,1.7124733924865723,1.6652604341506958,1.9315634965896606,2.1555094718933105,2.1579887866973877,2.216088056564331,1.337054967880249,1.080787181854248,1.0774638652801514,1.3599493503570557,1.2398306131362915,1.5514445304870605,1.8293800354003906,1.8173283338546753,2.205237865447998,2.207322120666504,1.9959121942520142,2.2747325897216797,2.547445058822632,2.4160192012786865,2.3616864681243896,1.4691135883331299,1.2996755838394165,1.0956814289093018,1.3759891986846924,1.2754380702972412,1.4434702396392822,1.79947829246521,1.8097699880599976,2.1697795391082764,2.0668892860412598,1.8490221500396729,2.1721949577331543,2.392970085144043,2.191666603088379,2.161524534225464
B4,1.5496139526367188,1.4166032075881958,1.022599220275879,1.0175138711929321,0.9487422704696655,0.7989279627799988,1.151556134223938,1.2895079851150513,1.4994862079620361,1.242897391319275,1.1692944765090942,1.5621973276138306,1.6148861646652222,1.4048876762390137,1.5722862482070923,0.8533297777175903,0.6277303695678711,0.3995025157928467,0.0,0.4071713387966156,0.633841335773468,0.8855385184288025,1.1578470468521118,1.4193518161773682,1.3902314901351929,1.4197187423706055,1.7381798028945923,1.8882229328155518,1.8631638288497925,1.9986854791641235,1.1951409578323364,0.8153575658798218,0.9137343168258667,0.8273193836212158,0.7017282843589783,1.0461008548736572,1.1140393018722534,1.1867302656173706,1.4986748695373535,1.6377471685409546,1.580263376235962,1.7763644456863403,2.034853458404541,2.087420701980591,2.108485221862793,1.6716609001159668,1.3674969673156738,1.36886727809906,1.5798540115356445,1.3715556859970093,1.6595113277435303,1.8799965381622314,1.7876737117767334,2.1777632236480713,2.223818063735962,1.973529577255249,2.1967198848724365,2.5058131217956543,2.390967607498169,2.2800464630126953,1.8330609798431396,1.63090980052948,1.3920561075210571,1.6031147241592407,1.4199243783950806,1.5135833024978638,1.8420981168746948,1.782484769821167,2.1302649974823,2.012723922729492,1.7445192337036133,2.040576219558716,2.2633116245269775,2.0278873443603516,1.9520106315612793
B5,1.6345431804656982,1.4078818559646606,1.0449665784835815,0.975925862789154,0.7473942041397095,0.5769875049591064,0.8954409956932068,0.9411528706550598,1.1977689266204834,0.9932071566581726,0.8396885395050049,1.2248789072036743,1.3458460569381714,1.156978964805603,1.267273187637329,1.1687289476394653,0.849143922328949,0.6225019097328186,0.4071713387966156,0.0,0.3910883665084839,0.6478210091590881,0.8162961006164551,1.139162302017212,1.1422079801559448,1.0983294248580933,1.399947166442871,1.5995699167251587,1.5736160278320312,1.6590675115585327,1.42454993724823,1.0342196226119995,0.9968698024749756,0.9170656800270081,0.6156538128852844,0.8983914852142334,0.9803634881973267,0.9394727945327759,1.299340844154358,1.4259250164031982,1.290673017501831,1.4814196825027466,1.7722359895706177,1.7912929058074951,1.7683711051940918,1.7339057922363281,1.392136812210083,1.3039755821228027,1.4335857629776,1.1449401378631592,1.3704116344451904,1.5713164806365967,1.4365522861480713,1.8236467838287354,1.86226487159729,1.5898075103759766,1.80402410030365,2.1151816844940186,1.9959567785263062,1.8741940259933472,1.8062411546707153,1.5492453575134277,1.2794142961502075,1.3963702917099,1.1390002965927124,1.1874382495880127,1.4831547737121582,1.3900461196899414,1.7346426248550415,1.6303755044937134,1.3486363887786865,1.6363945007324219,1.8703111410140991,1.6531859636306763,1.573444128036499
B6,1.9643892049789429,1.7303252220153809,1.3803280591964722,1.3523920774459839,1.0864264965057373,0.9249011874198914,1.1759191751480103,1.10624361038208,1.3495070934295654,1.1379297971725464,0.884692370891571,1.2222501039505005,1.354095697402954,1.0887635946273804,1.1184606552124023,1.4702677726745605,1.1993730068206787,0.9126549959182739,0.633841335773468,0.3910883665084839,0.0,0.39405357837677,0.6174814701080322,0.8792192339897156,0.7934367656707764,0.7903739809989929,1.1305732727050781,1.2725350856781006,1.2311354875564575,1.3716769218444824,1.6964765787124634,1.319607138633728,1.240936517715454,1.0436418056488037,0.6993992328643799,0.8381202220916748,0.7614201307296753,0.6480783224105835,0.9709891080856323,1.168599247932434,1.0624771118164062,1.1837271451950073,1.4779305458068848,1.5592007637023926,1.5393215417861938,1.8807430267333984,1.5044118165969849,1.46345853805542,1.5131868124008179,1.1866817474365234,1.4051026105880737,1.5105446577072144,1.3237468004226685,1.694807529449463,1.8090933561325073,1.546004056930542,1.6906051635742188,2.0317749977111816,1.974672555923462,1.8291447162628174,2.09826397895813,1.8016672134399414,1.575500249862671,1.660109519958496,1.3434092998504639,1.3926371335983276,1.6172385215759277,1.432729721069336,1.7736462354660034,1.7211309671401978,1.3916863203048706,1.598775863647461,1.874529242515564,1.6727795600891113,1.5080212354660034
B7,2.2815439701080322,2.0398919582366943,1.6890406608581543,1.5878187417984009,1.3009469509124756,1.0488765239715576,1.1889305114746094,1.063009262084961,1.2111510038375854,0.9674736857414246,0.6982511878013611,0.9794918894767761,1.0564018487930298,0.742845892906189,0.7755904793739319,1.7302833795547485,1.444528579711914,1.2252180576324463,0.8855385184288025,0.6478210091590881,0.39405357837677,0.0,0.3884912133216858,0.5373311042785645,0.5615455508232117,0.6711561679840088,0.9150509238243103,1.041896104812622,1.1108108758926392,1.2700749635696411,2.035761833190918,1.6491323709487915,1.606917381286621,1.4328526258468628,1.088384747505188,1.2024701833724976,1.0738499164581299,0.8517324924468994,1.1165112257003784,1.37770414352417,1.231627345085144,1.2383991479873657,1.5727843046188354,1.6834301948547363,1.588141679763794,2.2716472148895264,1.895973801612854,1.8341975212097168,1.8632993698120117,1.5065900087356567,1.661826729774475,1.725785255432129,1.4652358293533325,1.8031108379364014,1.9318722486495972,1.629731297492981,1.7022427320480347,2.0604615211486816,2.0017166137695312,1.7893246412277222,2.4213719367980957,2.1314406394958496,1.8688428401947021,1.9060165882110596,1.5717685222625732,1.5285977125167847,1.7115659713745117,1.4852750301361084,1.7699650526046753,1.6844358444213867,1.3296840190887451,1.494017243385315,1.739290714263916,1.4978008270263672,1.290835976600647
B8,2.372910737991333,2.0818653106689453,1.7741060256958008,1.6407428979873657,1.2891860008239746,1.0685312747955322,1.1133390665054321,0.8686739802360535,1.031219244003296,0.8961499333381653,0.5364662408828735,0.715640127658844,0.9054433703422546,0.6659666299819946,0.5468241572380066,1.9729505777359009,1.6432209014892578,1.4362969398498535,1.1578470468521118,0.8162961006164551,0.6174814701080322,0.3884912133216858,0.0,0.39408451318740845,0.5353352427482605,0.46237853169441223,0.6194806694984436,0.8599033355712891,0.9414724111557007,1.0003604888916016,2.2287659645080566,1.8431531190872192,1.741101861000061,1.5996758937835693,1.2094181776046753,1.2590450048446655,1.1665959358215332,0.8482066988945007,1.1222978830337524,1.337973952293396,1.1010169982910156,1.0781915187835693,1.4430181980133057,1.5011810064315796,1.3358747959136963,2.3720576763153076,1.9932984113693237,1.8673762083053589,1.8348287343978882,1.4425395727157593,1.507128357887268,1.5347157716751099,1.2246010303497314,1.5313096046447754,1.6472398042678833,1.3229435682296753,1.3599047660827637,1.7170357704162598,1.6539617776870728,1.417441725730896,2.433117628097534,2.121673822402954,1.85177481174469,1.8070231676101685,1.439399242401123,1.3377591371536255,1.447412371635437,1.1764211654663086,1.426230788230896,1.3610849380493164,0.9943000674247742,1.1153039932250977,1.3727781772613525,1.1594098806381226,0.9292477965354919
B9,2.7429964542388916,2.464768409729004,2.143890142440796,2.00848388671875,1.6714303493499756,1.4200758934020996,1.434463381767273,1.186158299446106,1.253753423690796,1.0924171209335327,0.7823154926300049,0.8319126963615417,0.922076404094696,0.6201080679893494,0.41160547733306885,2.256577253341675,1.9510281085968018,1.7454413175582886,1.4193518161773682,1.139162302017212,0.8792192339897156,0.5373311042785645,0.39408451318740845,0.0,0.36975106596946716,0.5162580013275146,0.5065478682518005,0.6147523522377014,0.8281378149986267,0.9639407396316528,2.5520946979522705,2.1649556159973145,2.08719539642334,1.91068696975708,1.534670114517212,1.5584975481033325,1.3846877813339233,1.05100417137146,1.2175219058990479,1.4981517791748047,1.3008579015731812,1.1592156887054443,1.51202392578125,1.6383202075958252,1.448065161705017,2.7084765434265137,2.3222339153289795,2.228064775466919,2.182340145111084,1.7900218963623047,1.8502610921859741,1.8231955766677856,1.4831637144088745,1.7391817569732666,1.9028061628341675,1.5896885395050049,1.538283348083496,1.9006669521331787,1.8789794445037842,1.6017658710479736,2.821908473968506,2.5093064308166504,2.243589401245117,2.1995251178741455,1.8284796476364136,1.7114434242248535,1.786393642425537,1.4845880270004272,1.6801649332046509,1.6207844018936157,1.255267858505249,1.2837311029434204,1.5140578746795654,1.292275309562683,0.9899610280990601
B10,2.7326974868774414,2.4642560482025146,2.1408607959747314,2.0726916790008545,1.7425854206085205,1.5411784648895264,1.635297179222107,1.4036941528320312,1.5436911582946777,1.3749375343322754,1.044337272644043,1.158634901046753,1.2787266969680786,0.9624589085578918,0.7772762179374695,2.2429122924804688,1.9712470769882202,1.7046633958816528,1.3902314901351929,1.1422079801559448,0.7934367656707764,0.5615455508232117,0.5353352427482605,0.36975106596946716,0.0,0.3704585134983063,0.548999011516571,0.519158124923706,0.6032895445823669,0.8499128818511963,2.4839353561401367,2.1116433143615723,2.0065603256225586,1.770491123199463,1.4095492362976074,1.3718140125274658,1.1271142959594727,0.804328441619873,0.8935921788215637,1.21177339553833,1.0830094814300537,0.9139280915260315,1.2370448112487793,1.4212510585784912,1.2947977781295776,2.5565805435180664,2.1625540256500244,2.116091251373291,2.047295570373535,1.6710063219070435,1.7694556713104248,1.7046259641647339,1.3872243165969849,1.644080400466919,1.8609830141067505,1.5947563648223877,1.5440466403961182,1.9133051633834839,1.9461969137191772,1.714079737663269,2.803016424179077,2.4709603786468506,2.251849889755249,2.238556385040283,1.8579405546188354,1.8153572082519531,1.895298957824707,1.5794321298599243,1.8203299045562744,1.8203816413879395,1.4516085386276245,1.467799425125122,1.7514911890029907,1.5767390727996826,1.267624855041504
B11,2.5923783779144287,2.2901344299316406,2.0049357414245605,1.9424015283584595,1.577268123626709,1.4364820718765259,1.5167146921157837,1.2391917705535889,1.4404911994934082,1.3513277769088745,0.9817702770233154,1.078095555305481,1.2999720573425293,1.0558379888534546,0.8161394596099854,2.247718572616577,1.9462230205535889,1.6705029010772705,1.4197187423706055,1.0983294248580933,0.7903739809989929,0.6711561679840088,0.46237853169441223,0.5162580013275146,0.3704585134983063,0.0,0.3943772614002228,0.554793655872345,0.5016473531723022,0.6036085486412048,2.4201786518096924,2.054813861846924,1.8907325267791748,1.6796404123306274,1.289200782775879,1.2003120183944702,1.0147680044174194,0.6312306523323059,0.7793756723403931,1.0125842094421387,0.7946670651435852,0.6546536684036255,1.017230749130249,1.1268630027770996,0.9702129364013672,2.3979148864746094,2.0054337978363037,1.9118528366088867,1.7969502210617065,1.4043947458267212,1.4492279291152954,1.3629568815231323,1.0276174545288086,1.2823691368103027,1.4912465810775757,1.2281591892242432,1.1841137409210205,1.553407907485962,1.59085214138031,1.3827359676361084,2.5951836109161377,2.2451655864715576,2.039792060852051,1.9822231531143188,1.5855616331100464,1.5462372303009033,1.5842883586883545,1.2498719692230225,1.4982225894927979,1.5444645881652832,1.1857850551605225,1.1849865913391113,1.506022334098816,1.387217402458191,1.0941323041915894
B12,2.8940484523773193,2.5749025344848633,2.3037242889404297,2.193673849105835,1.811641812324524,1.6436549425125122,1.6341969966888428,1.3042043447494507,1.4281476736068726,1.3894832134246826,1.0351697206497192,0.981077253818512,1.2003295421600342,1.0109150409698486,0.6719617247581482,2.5653927326202393,2.242534637451172,2.002608060836792,1.7381798028945923,1.399947166442871,1.1305732727050781,0.9150509238243103,0.6194806694984436,0.5065478682518005,0.548999011516571,0.3943772614002228,0.0,0.36860066652297974,0.5092208981513977,0.4916624426841736,2.7674660682678223,2.3944995403289795,2.2373440265655518,2.0536727905273438,1.6550192832946777,1.572063684463501,1.4025276899337769,1.0129140615463257,1.1116474866867065,1.3248059749603271,1.0749503374099731,0.851956307888031,1.19545578956604,1.2841885089874268,1.0280998945236206,2.7580268383026123,2.3697714805603027,2.244291067123413,2.110201597213745,1.7079507112503052,1.6821331977844238,1.5627340078353882,1.1861556768417358,1.3567012548446655,1.5571691989898682,1.277830958366394,1.1313122510910034,1.4880424737930298,1.5318306684494019,1.2597345113754272,2.8761532306671143,2.529668092727661,2.3025026321411133,2.193042278289795,1.7936536073684692,1.6798778772354126,1.6502853631973267,1.2877765893936157,1.4398168325424194,1.483076572418213,1.1374858617782593,1.0301560163497925,1.3148473501205444,1.2120141983032227,0.8647208213806152
B13,3.1420252323150635,2.8412537574768066,2.5509843826293945,2.4682776927948,2.102205276489258,1.9225043058395386,1.9456866979599,1.639777421951294,1.7471507787704468,1.6610668897628784,1.3205807209014893,1.283799648284912,1.4368102550506592,1.1940679550170898,0.878015398979187,2.7366409301757812,2.4448726177215576,2.181086301803589,1.8882229328155518,1.5995699167251587,1.2725350856781006,1.041896104812622,0.8599033355712891,0.6147523522377014,0.519158124923706,0.554793655872345,0.36860066652297974,0.0,0.364915668964386,0.5549956560134888,2.9479451179504395,2.5789542198181152,2.4342615604400635,2.2036337852478027,1.8259327411651611,1.7185847759246826,1.4732612371444702,1.1077624559402466,1.0921337604522705,1.3617669343948364,1.1978154182434082,0.8907573223114014,1.177464246749878,1.360390543937683,1.1478817462921143,2.9271469116210938,2.532498836517334,2.456035852432251,2.317734479904175,1.9298471212387085,1.9391865730285645,1.7847822904586792,1.4231704473495483,1.5662063360214233,1.8193788528442383,1.5799356698989868,1.402119517326355,1.7493196725845337,1.8432610034942627,1.5836836099624634,3.1470537185668945,2.794926166534424,2.5870018005371094,2.5074427127838135,2.106498956680298,2.024127244949341,2.005312204360962,1.6394236087799072,1.7943968772888184,1.8503339290618896,1.5060129165649414,1.3823775053024292,1.656067132949829,1.552642822265625,1.191303014755249
