0.000000000000000000e+00,3.890399932861328125e-01,5.811030268669128418e-01,8.898602128028869629e-01,1.202579021453857422e+00,1.476581573486328125e+00,1.784682273864746094e+00,2.015862226486206055e+00,2.314577102661132812e+00,2.309319734573364258e+00,2.312992334365844727e+00,2.644344091415405273e+00,2.819152116775512695e+00,2.788915634155273438e+00,2.891272306442260742e+00,2.819847166538238525e-01,5.211861729621887207e-01,7.561404705047607422e-01,1.097123622894287109e+00,1.354971528053283691e+00,1.657343268394470215e+00,1.960019826889038086e+00,2.155597686767578125e+00,2.476889371871948242e+00,2.472009181976318359e+00,2.439251184463500977e+00,2.765021562576293945e+00,2.962023496627807617e+00,2.917320728302001953e+00,2.993515253067016602e+00,4.869647920131683350e-01,6.279922723770141602e-01,8.269472122192382812e-01,1.195539474487304688e+00,1.400524973869323730e+00,1.710547327995300293e+00,2.024307966232299805e+00,2.191440343856811523e+00,2.533612966537475586e+00,2.529702425003051758e+00,2.469540357589721680e+00,2.791293859481811523e+00,3.005519866943359375e+00,2.947901964187622070e+00,3.000898599624633789e+00,6.485466957092285156e-01,8.421643972396850586e-01,9.162194728851318359e-01,1.313277840614318848e+00,1.508416295051574707e+00,1.769970059394836426e+00,2.117115736007690430e+00,2.272981166839599609e+00,2.620038509368896484e+00,2.580142259597778320e+00,2.490219354629516602e+00,2.825692415237426758e+00,3.046218633651733398e+00,2.955438852310180664e+00,2.994250535964965820e+00,6.190537214279174805e-01,8.504101037979125977e-01,8.478563427925109863e-01,1.244664669036865234e+00,1.474696993827819824e+00,1.687396049499511719e+00,2.050254583358764648e+00,2.244847774505615234e+00,2.582386732101440430e+00,2.529578208923339844e+00,2.472620487213134766e+00,2.824963808059692383e+00,3.025701999664306641e+00,2.935869216918945312e+00,2.995958566665649414e+00
3.890399932861328125e-01,0.000000000000000000e+00,3.843302428722381592e-01,6.250251531600952148e-01,8.875933289527893066e-01,1.215399265289306641e+00,1.496646285057067871e+00,1.697728753089904785e+00,2.009178161621093750e+00,2.045449495315551758e+00,2.033099651336669922e+00,2.338803529739379883e+00,2.537553071975708008e+00,2.533245086669921875e+00,2.613611698150634766e+00,5.217726230621337891e-01,4.688782095909118652e-01,6.433123350143432617e-01,9.956931471824645996e-01,1.148399233818054199e+00,1.467038512229919434e+00,1.775501489639282227e+00,1.915463328361511230e+00,2.265317916870117188e+00,2.272340536117553711e+00,2.191803216934204102e+00,2.504806280136108398e+00,2.732822656631469727e+00,2.680548667907714844e+00,2.718631267547607422e+00,6.358919739723205566e-01,6.319066286087036133e-01,6.543646454811096191e-01,1.041274547576904297e+00,1.173256278038024902e+00,1.448807597160339355e+00,1.791161060333251953e+00,1.932439208030700684e+00,2.289151191711425781e+00,2.258614063262939453e+00,2.166228532791137695e+00,2.498666286468505859e+00,2.716667652130126953e+00,2.630679130554199219e+00,2.670765876770019531e+00,5.854038596153259277e-01,6.708635687828063965e-01,5.951838493347167969e-01,9.917641282081604004e-01,1.170290589332580566e+00,1.399552941322326660e+00,1.757605791091918945e+00,1.923049926757812500e+00,2.262791156768798828e+00,2.203761100769042969e+00,2.121103048324584961e+00,2.467276334762573242e+00,2.673612594604492188e+00,2.578418970108032227e+00,2.632937669754028320e+00,4.605208337306976318e-01,5.363599061965942383e-01,4.643462598323822021e-01,8.660934567451477051e-01,1.087482213973999023e+00,1.317557334899902344e+00,1.672675013542175293e+00,1.867270588874816895e+00,2.204187870025634766e+00,2.169996500015258789e+00,2.119293451309204102e+00,2.463147401809692383e+00,2.668307065963745117e+00,2.600378990173339844e+00,2.663314819335937500e+00
5.811030268669128418e-01,3.843302428722381592e-01,0.000000000000000000e+00,3.954548835754394531e-01,6.476179361343383789e-01,9.069809913635253906e-01,1.236532092094421387e+00,1.451975107192993164e+00,1.762245893478393555e+00,1.746377944946289062e+00,1.733178019523620605e+00,2.068414688110351562e+00,2.247033834457397461e+00,2.212101459503173828e+00,2.310634613037109375e+00,5.076321959495544434e-01,2.116073817014694214e-01,3.156160712242126465e-01,6.169984936714172363e-01,7.906061410903930664e-01,1.119039297103881836e+00,1.412096381187438965e+00,1.581307053565979004e+00,1.914034962654113770e+00,1.927132725715637207e+00,1.879457712173461914e+00,2.192255020141601562e+00,2.402992963790893555e+00,2.373301744461059570e+00,2.437735319137573242e+00,7.267749905586242676e-01,5.037866234779357910e-01,5.864349007606506348e-01,8.849412202835083008e-01,9.433590769767761230e-01,1.274610042572021484e+00,1.576265335083007812e+00,1.680801630020141602e+00,2.045842885971069336e+00,2.068064928054809570e+00,1.966024279594421387e+00,2.265373229980468750e+00,2.510040521621704102e+00,2.461853027343750000e+00,2.480406761169433594e+00,8.663220405578613281e-01,7.983898520469665527e-01,7.202859520912170410e-01,1.073318481445312500e+00,1.123807668685913086e+00,1.366879701614379883e+00,1.719941377639770508e+00,1.810875058174133301e+00,2.179557800292968750e+00,2.139017105102539062e+00,1.996627926826477051e+00,2.320737123489379883e+00,2.564882993698120117e+00,2.459894180297851562e+00,2.462275505065917969e+00,8.409395217895507812e-01,8.243722915649414062e-01,6.080051064491271973e-01,9.550433754920959473e-01,1.063713550567626953e+00,1.217214107513427734e+00,1.598975896835327148e+00,1.755627989768981934e+00,2.103110313415527344e+00,2.023653745651245117e+00,1.932964324951171875e+00,2.291909456253051758e+00,2.494991779327392578e+00,2.382221698760986328e+00,2.430055141448974609e+00
8.898602128028869629e-01,6.250251531600952148e-01,3.954548835754394531e-01,0.000000000000000000e+00,3.927305340766906738e-01,6.354079842567443848e-01,8.988370299339294434e-01,1.158002257347106934e+00,1.429452300071716309e+00,1.444086670875549316e+00,1.482127308845520020e+00,1.796888351440429688e+00,1.955142140388488770e+00,1.967819094657897949e+00,2.091571807861328125e+00,8.551636338233947754e-01,4.834181368350982666e-01,6.036333441734313965e-01,7.040965557098388672e-01,7.116071581840515137e-01,1.089639902114868164e+00,1.310160636901855469e+00,1.411731243133544922e+00,1.756869316101074219e+00,1.838395237922668457e+00,1.765378594398498535e+00,2.027211666107177734e+00,2.276169538497924805e+00,2.285499095916748047e+00,2.310953378677368164e+00,1.115961790084838867e+00,8.848059177398681641e-01,8.866289854049682617e-01,1.127414464950561523e+00,1.048094511032104492e+00,1.340397000312805176e+00,1.635931491851806641e+00,1.654762983322143555e+00,2.043008804321289062e+00,2.069652080535888672e+00,1.898568153381347656e+00,2.175945281982421875e+00,2.455020904541015625e+00,2.384465456008911133e+00,2.347090244293212891e+00,1.165767788887023926e+00,1.085028290748596191e+00,8.747283220291137695e-01,1.161975264549255371e+00,1.136274933815002441e+00,1.276692271232604980e+00,1.645683288574218750e+00,1.713348388671875000e+00,2.073484659194946289e+00,1.978999137878417969e+00,1.809131979942321777e+00,2.149915933609008789e+00,2.376677513122558594e+00,2.224290609359741211e+00,2.224490880966186523e+00,9.968141317367553711e-01,9.262491464614868164e-01,5.768426060676574707e-01,7.816398739814758301e-01,8.693094253540039062e-01,9.173894524574279785e-01,1.301867604255676270e+00,1.496383786201477051e+00,1.811192035675048828e+00,1.694771170616149902e+00,1.643203496932983398e+00,2.020196914672851562e+00,2.184872388839721680e+00,2.070707082748413086e+00,2.163130998611450195e+00
1.202579021453857422e+00,8.875933289527893066e-01,6.476179361343383789e-01,3.927305340766906738e-01,0.000000000000000000e+00,3.904614150524139404e-01,6.469992995262145996e-01,8.151599168777465820e-01,1.140674829483032227e+00,1.181512355804443359e+00,1.155091166496276855e+00,1.453467369079589844e+00,1.653965353965759277e+00,1.666630268096923828e+00,1.748959660530090332e+00,1.152933239936828613e+00,7.943993210792541504e-01,7.230905890464782715e-01,7.336856722831726074e-01,5.307185649871826172e-01,8.601571917533874512e-01,1.077028393745422363e+00,1.105129837989807129e+00,1.477864980697631836e+00,1.551917791366577148e+00,1.427725791931152344e+00,1.683626413345336914e+00,1.953875899314880371e+00,1.947384238243103027e+00,1.943846583366394043e+00,1.316180944442749023e+00,1.029296159744262695e+00,9.105528593063354492e-01,1.037628531455993652e+00,8.331790566444396973e-01,1.062087535858154297e+00,1.342712879180908203e+00,1.314673185348510742e+00,1.707836866378784180e+00,1.726373553276062012e+00,1.526249289512634277e+00,1.798896670341491699e+00,2.083908319473266602e+00,2.006241321563720703e+00,1.956439614295959473e+00,1.322515606880187988e+00,1.133909106254577637e+00,8.749435544013977051e-01,1.035608887672424316e+00,8.869640231132507324e-01,9.842622280120849609e-01,1.330689311027526855e+00,1.351843118667602539e+00,1.716268777847290039e+00,1.631187677383422852e+00,1.435129404067993164e+00,1.764767527580261230e+00,2.004996538162231445e+00,1.861094713211059570e+00,1.845752120018005371e+00,1.226659417152404785e+00,1.032488822937011719e+00,6.896346807479858398e-01,7.473436594009399414e-01,6.438374519348144531e-01,6.470069289207458496e-01,1.027403473854064941e+00,1.155158519744873047e+00,1.493064284324645996e+00,1.389306187629699707e+00,1.288895606994628906e+00,1.656635999679565430e+00,1.849095702171325684e+00,1.737447023391723633e+00,1.798832416534423828e+00
1.476581573486328125e+00,1.215399265289306641e+00,9.069809913635253906e-01,6.354079842567443848e-01,3.904614150524139404e-01,0.000000000000000000e+00,3.891906142234802246e-01,6.195256710052490234e-01,8.907721042633056641e-01,8.408648371696472168e-01,8.563965559005737305e-01,1.197546958923339844e+00,1.343192338943481445e+00,1.333143591880798340e+00,1.467751860618591309e+00,1.372720360755920410e+00,9.940220713615417480e-01,9.040938615798950195e-01,7.232229709625244141e-01,4.167511463165283203e-01,7.026390433311462402e-01,7.882290482521057129e-01,8.070015907287597656e-01,1.152408957481384277e+00,1.287239670753479004e+00,1.208475708961486816e+00,1.422572135925292969e+00,1.683688521385192871e+00,1.736925125122070312e+00,1.754048824310302734e+00,1.587111949920654297e+00,1.253757596015930176e+00,1.194281339645385742e+00,1.235332012176513672e+00,9.615563750267028809e-01,1.190216064453125000e+00,1.377367854118347168e+00,1.260144233703613281e+00,1.645978808403015137e+00,1.736055731773376465e+00,1.508391618728637695e+00,1.706253051757812500e+00,2.031115293502807617e+00,1.997101306915283203e+00,1.896786451339721680e+00,1.674158215522766113e+00,1.471025586128234863e+00,1.248206138610839844e+00,1.383661627769470215e+00,1.165278434753417969e+00,1.229222536087036133e+00,1.526232481002807617e+00,1.453644156455993652e+00,1.816753149032592773e+00,1.737844586372375488e+00,1.472036480903625488e+00,1.756440520286560059e+00,2.024126529693603516e+00,1.852360844612121582e+00,1.765402436256408691e+00,1.588343381881713867e+00,1.420025587081909180e+00,1.069315314292907715e+00,1.094657063484191895e+00,9.410853385925292969e-01,7.938566207885742188e-01,1.123071551322937012e+00,1.201179027557373047e+00,1.500180125236511230e+00,1.315083622932434082e+00,1.182360172271728516e+00,1.564428091049194336e+00,1.721741914749145508e+00,1.541487336158752441e+00,1.606027007102966309e+00
1.784682273864746094e+00,1.496646285057067871e+00,1.236532092094421387e+00,8.988370299339294434e-01,6.469992995262145996e-01,3.891906142234802246e-01,0.000000000000000000e+00,3.814300894737243652e-01,5.386490225791931152e-01,5.842341780662536621e-01,6.954110264778137207e-01,9.578280448913574219e-01,1.076674938201904297e+00,1.161446928977966309e+00,1.316331028938293457e+00,1.712211489677429199e+00,1.324877142906188965e+00,1.278941631317138672e+00,1.108470320701599121e+00,7.884815931320190430e-01,9.931960701942443848e-01,9.677155613899230957e-01,8.423109054565429688e-01,1.160848379135131836e+00,1.375047922134399414e+00,1.251364946365356445e+00,1.363788485527038574e+00,1.670651197433471680e+00,1.763799190521240234e+00,1.716128945350646973e+00,1.937154650688171387e+00,1.622976541519165039e+00,1.533490180969238281e+00,1.577192306518554688e+00,1.270276308059692383e+00,1.420984983444213867e+00,1.588356733322143555e+00,1.398515343666076660e+00,1.768383145332336426e+00,1.844095826148986816e+00,1.553782343864440918e+00,1.711087465286254883e+00,2.054087877273559570e+00,1.987985968589782715e+00,1.823100805282592773e+00,1.966253876686096191e+00,1.774057269096374512e+00,1.498846292495727539e+00,1.582543253898620605e+00,1.338424563407897949e+00,1.288146257400512695e+00,1.556240320205688477e+00,1.460901975631713867e+00,1.779101133346557617e+00,1.640333652496337891e+00,1.354082822799682617e+00,1.637529850006103516e+00,1.868209600448608398e+00,1.640621542930603027e+00,1.550132989883422852e+00,1.813376426696777344e+00,1.624897837638854980e+00,1.261666297912597656e+00,1.165294170379638672e+00,9.782590866088867188e-01,6.859865188598632812e-01,9.210097193717956543e-01,1.012889504432678223e+00,1.235821843147277832e+00,9.905906319618225098e-01,9.127541184425354004e-01,1.307040691375732422e+00,1.403768897056579590e+00,1.221645236015319824e+00,1.353928089141845703e+00
2.015862226486206055e+00,1.697728753089904785e+00,1.451975107192993164e+00,1.158002257347106934e+00,8.151599168777465820e-01,6.195256710052490234e-01,3.814300894737243652e-01,0.000000000000000000e+00,3.987024724483489990e-01,5.464149713516235352e-01,4.739211797714233398e-01,6.607204079627990723e-01,8.866344690322875977e-01,9.819437265396118164e-01,1.043875813484191895e+00,1.947367072105407715e+00,1.575454473495483398e+00,1.456514358520507812e+00,1.296927213668823242e+00,9.175230264663696289e-01,1.001258969306945801e+00,9.639959335327148438e-01,7.130306363105773926e-01,1.041683077812194824e+00,1.228125929832458496e+00,1.019318938255310059e+00,1.100437760353088379e+00,1.442585229873657227e+00,1.504369378089904785e+00,1.400919437408447266e+00,2.102138757705688477e+00,1.779069304466247559e+00,1.621121287345886230e+00,1.596161603927612305e+00,1.238828659057617188e+00,1.286516785621643066e+00,1.410701513290405273e+00,1.167893886566162109e+00,1.512179613113403320e+00,1.566345810890197754e+00,1.242159605026245117e+00,1.378968596458435059e+00,1.721106529235839844e+00,1.639139175415039062e+00,1.452285408973693848e+00,2.092581510543823242e+00,1.848124742507934570e+00,1.565683126449584961e+00,1.553375363349914551e+00,1.242985248565673828e+00,1.132596850395202637e+00,1.324807286262512207e+00,1.167937517166137695e+00,1.460653424263000488e+00,1.334263086318969727e+00,1.016012907028198242e+00,1.269413232803344727e+00,1.511741638183593750e+00,1.296269059181213379e+00,1.180581212043762207e+00,1.991681575775146484e+00,1.740767717361450195e+00,1.414927363395690918e+00,1.263898134231567383e+00,9.713609218597412109e-01,6.778104901313781738e-01,7.969562411308288574e-01,7.469880580902099609e-01,9.782270789146423340e-01,7.648316621780395508e-01,5.768975615501403809e-01,9.588704705238342285e-01,1.108105421066284180e+00,9.364401698112487793e-01,1.011938095092773438e+00
2.314577102661132812e+00,2.009178161621093750e+00,1.762245893478393555e+00,1.429452300071716309e+00,1.140674829483032227e+00,8.907721042633056641e-01,5.386490225791931152e-01,3.987024724483489990e-01,0.000000000000000000e+00,3.704876303672790527e-01,5.112571120262145996e-01,5.432636141777038574e-01,6.276235580444335938e-01,8.451917171478271484e-01,9.840483665466308594e-01,2.245473861694335938e+00,1.860322475433349609e+00,1.784728527069091797e+00,1.588705897331237793e+00,1.228560328483581543e+00,1.305310964584350586e+00,1.167382836341857910e+00,8.856239318847656250e-01,1.103287696838378906e+00,1.376287817955017090e+00,1.203379392623901367e+00,1.156606674194335938e+00,1.497221469879150391e+00,1.634081602096557617e+00,1.505674958229064941e+00,2.445797920227050781e+00,2.123147487640380859e+00,1.994963526725769043e+00,1.981401801109313965e+00,1.624721050262451172e+00,1.675151467323303223e+00,1.766686320304870605e+00,1.483805656433105469e+00,1.791331291198730469e+00,1.869497179985046387e+00,1.524999022483825684e+00,1.584365248680114746e+00,1.937002182006835938e+00,1.860095620155334473e+00,1.609430074691772461e+00,2.445007324218750000e+00,2.223823547363281250e+00,1.931010007858276367e+00,1.930342316627502441e+00,1.630135655403137207e+00,1.482201457023620605e+00,1.649730682373046875e+00,1.476450681686401367e+00,1.714075565338134766e+00,1.548193216323852539e+00,1.223134517669677734e+00,1.427930593490600586e+00,1.625773787498474121e+00,1.350486636161804199e+00,1.199154734611511230e+00,2.294392585754394531e+00,2.067139625549316406e+00,1.723349332809448242e+00,1.541802048683166504e+00,1.285767316818237305e+00,9.309178590774536133e-01,9.496200680732727051e-01,9.244386553764343262e-01,1.001623988151550293e+00,6.752410531044006348e-01,5.925407409667968750e-01,9.344354271888732910e-01,9.455124735832214355e-01,7.100088596343994141e-01,9.012916088104248047e-01
2.309319734573364258e+00,2.045449495315551758e+00,1.746377944946289062e+00,1.444086670875549316e+00,1.181512355804443359e+00,8.408648371696472168e-01,5.842341780662536621e-01,5.464149713516235352e-01,3.704876303672790527e-01,0.000000000000000000e+00,3.747355937957763672e-01,5.774813890457153320e-01,5.409186482429504395e-01,6.245856881141662598e-01,8.686884641647338867e-01,2.197682619094848633e+00,1.816798806190490723e+00,1.720567226409912109e+00,1.454056024551391602e+00,1.113552093505859375e+00,1.141538500785827637e+00,9.167147278785705566e-01,6.717397570610046387e-01,8.173489570617675781e-01,1.135840415954589844e+00,1.054232358932495117e+00,1.006491899490356445e+00,1.296846985816955566e+00,1.485319137573242188e+00,1.433297038078308105e+00,2.420080423355102539e+00,2.070271015167236328e+00,1.991670489311218262e+00,1.944433212280273438e+00,1.588503003120422363e+00,1.685382485389709473e+00,1.728190183639526367e+00,1.435760140419006348e+00,1.732450366020202637e+00,1.880613446235656738e+00,1.570873141288757324e+00,1.588767051696777344e+00,1.957095742225646973e+00,1.948584318161010742e+00,1.711675167083740234e+00,2.497162342071533203e+00,2.266637563705444336e+00,2.018756151199340820e+00,2.055829763412475586e+00,1.747801780700683594e+00,1.673177003860473633e+00,1.848139166831970215e+00,1.642830610275268555e+00,1.915145039558410645e+00,1.806175112724304199e+00,1.458992004394531250e+00,1.623599529266357422e+00,1.871824145317077637e+00,1.632355213165283203e+00,1.425231456756591797e+00,2.386494398117065430e+00,2.187648296356201172e+00,1.833830356597900391e+00,1.727306246757507324e+00,1.485784173011779785e+00,1.168609499931335449e+00,1.269245982170104980e+00,1.229341149330139160e+00,1.351425170898437500e+00,1.039628744125366211e+00,8.915720582008361816e-01,1.205472946166992188e+00,1.233387708663940430e+00,9.312429428100585938e-01,1.040452241897583008e+00
2.312992334365844727e+00,2.033099651336669922e+00,1.733178019523620605e+00,1.482127308845520020e+00,1.155091166496276855e+00,8.563965559005737305e-01,6.954110264778137207e-01,4.739211797714233398e-01,5.112571120262145996e-01,3.747355937957763672e-01,0.000000000000000000e+00,3.969570994377136230e-01,5.663240551948547363e-01,5.309347510337829590e-01,6.263987421989440918e-01,2.195897102355957031e+00,1.832901597023010254e+00,1.664315104484558105e+00,1.411962985992431641e+00,1.034046888351440430e+00,9.638722538948059082e-01,7.632520198822021484e-01,4.162617027759552002e-01,6.207541227340698242e-01,8.685092329978942871e-01,7.086843848228454590e-01,6.915929317474365234e-01,1.016916871070861816e+00,1.151173472404479980e+00,1.085671067237854004e+00,2.351849317550659180e+00,1.991688013076782227e+00,1.867051482200622559e+00,1.758258104324340820e+00,1.375910520553588867e+00,1.411389231681823730e+00,1.409439086914062500e+00,1.089727640151977539e+00,1.368327736854553223e+00,1.517627477645874023e+00,1.210412263870239258e+00,1.216330885887145996e+00,1.585162162780761719e+00,1.591632604598999023e+00,1.370438575744628906e+00,2.417557239532470703e+00,2.141379117965698242e+00,1.911293148994445801e+00,1.893086910247802734e+00,1.546235084533691406e+00,1.480438470840454102e+00,1.603212833404541016e+00,1.352178573608398438e+00,1.625643253326416016e+00,1.571046710014343262e+00,1.209887981414794922e+00,1.333337545394897461e+00,1.622868895530700684e+00,1.437605261802673340e+00,1.202278971672058105e+00,2.375699281692504883e+00,2.135282993316650391e+00,1.814109921455383301e+00,1.712364554405212402e+00,1.411278605461120605e+00,1.148554086685180664e+00,1.237792849540710449e+00,1.098850131034851074e+00,1.274112939834594727e+00,1.037890315055847168e+00,7.672895789146423340e-01,1.043264985084533691e+00,1.170928120613098145e+00,8.870689868927001953e-01,8.598884344100952148e-01
2.644344091415405273e+00,2.338803529739379883e+00,2.068414688110351562e+00,1.796888351440429688e+00,1.453467369079589844e+00,1.197546958923339844e+00,9.578280448913574219e-01,6.607204079627990723e-01,5.432636141777038574e-01,5.774813890457153320e-01,3.969570994377136230e-01,0.000000000000000000e+00,3.724319040775299072e-01,5.080544948577880859e-01,4.782167077064514160e-01,2.548577547073364258e+00,2.182102441787719727e+00,2.020459413528442383e+00,1.794384121894836426e+00,1.407753109931945801e+00,1.330745458602905273e+00,1.137575030326843262e+00,7.680844664573669434e-01,8.683282136917114258e-01,1.100940823554992676e+00,8.818235993385314941e-01,7.060948014259338379e-01,1.057848215103149414e+00,1.194824576377868652e+00,1.018075108528137207e+00,2.688179731369018555e+00,2.339739084243774414e+00,2.179277658462524414e+00,2.066807270050048828e+00,1.675090551376342773e+00,1.637945294380187988e+00,1.616350173950195312e+00,1.265404820442199707e+00,1.480424880981445312e+00,1.590452313423156738e+00,1.246051549911499023e+00,1.185371756553649902e+00,1.537964940071105957e+00,1.508530735969543457e+00,1.216819047927856445e+00,2.704887628555297852e+00,2.423592567443847656e+00,2.166047811508178711e+00,2.094249010086059570e+00,1.733739733695983887e+00,1.589124679565429688e+00,1.644394040107727051e+00,1.366160750389099121e+00,1.555274724960327148e+00,1.471601486206054688e+00,1.109057188034057617e+00,1.162985801696777344e+00,1.406702995300292969e+00,1.193112969398498535e+00,9.140148758888244629e-01,2.643084287643432617e+00,2.375443220138549805e+00,2.066078424453735352e+00,1.898369789123535156e+00,1.571191668510437012e+00,1.279966711997985840e+00,1.246358752250671387e+00,1.045159935951232910e+00,1.108616113662719727e+00,8.773663640022277832e-01,6.035755872726440430e-01,7.611584663391113281e-01,8.398767113685607910e-01,5.304537415504455566e-01,4.815005660057067871e-01
2.819152116775512695e+00,2.537553071975708008e+00,2.247033834457397461e+00,1.955142140388488770e+00,1.653965353965759277e+00,1.343192338943481445e+00,1.076674938201904297e+00,8.866344690322875977e-01,6.276235580444335938e-01,5.409186482429504395e-01,5.663240551948547363e-01,3.724319040775299072e-01,0.000000000000000000e+00,3.669335842132568359e-01,5.521538853645324707e-01,2.708807706832885742e+00,2.333004236221313477e+00,2.202100038528442383e+00,1.933911085128784180e+00,1.573013901710510254e+00,1.507591247558593750e+00,1.240706682205200195e+00,9.134411811828613281e-01,8.968418240547180176e-01,1.208027601242065430e+00,1.090304732322692871e+00,8.485308289527893066e-01,1.129568219184875488e+00,1.358425736427307129e+00,1.229387879371643066e+00,2.896319150924682617e+00,2.539744853973388672e+00,2.423708438873291016e+00,2.324333190917968750e+00,1.940327644348144531e+00,1.949444055557250977e+00,1.916820168495178223e+00,1.563407897949218750e+00,1.766443490982055664e+00,1.918679118156433105e+00,1.591278672218322754e+00,1.491395473480224609e+00,1.843707203865051270e+00,1.847075462341308594e+00,1.543004870414733887e+00,2.950459480285644531e+00,2.688628911972045898e+00,2.435343503952026367e+00,2.403978586196899414e+00,2.056424617767333984e+00,1.926186442375183105e+00,2.006834983825683594e+00,1.736852884292602539e+00,1.924774646759033203e+00,1.827792167663574219e+00,1.470648050308227539e+00,1.514988660812377930e+00,1.734791159629821777e+00,1.496856689453125000e+00,1.211007833480834961e+00,2.860646247863769531e+00,2.625047922134399414e+00,2.290603876113891602e+00,2.136188030242919922e+00,1.844256162643432617e+00,1.520312309265136719e+00,1.499853253364562988e+00,1.356285452842712402e+00,1.369334340095520020e+00,1.076183438301086426e+00,8.991683125495910645e-01,1.044290781021118164e+00,1.002331256866455078e+00,6.398609876632690430e-01,6.948920488357543945e-01
2.788915634155273438e+00,2.533245086669921875e+00,2.212101459503173828e+00,1.967819094657897949e+00,1.666630268096923828e+00,1.333143591880798340e+00,1.161446928977966309e+00,9.819437265396118164e-01,8.451917171478271484e-01,6.245856881141662598e-01,5.309347510337829590e-01,5.080544948577880859e-01,3.669335842132568359e-01,0.000000000000000000e+00,3.714370131492614746e-01,2.647779464721679688e+00,2.289932250976562500e+00,2.117166757583618164e+00,1.814700961112976074e+00,1.470882296562194824e+00,1.329350590705871582e+00,1.016927242279052734e+00,7.168760299682617188e-01,5.764995217323303223e-01,8.888477683067321777e-01,8.426735401153564453e-01,5.837923288345336914e-01,8.059775829315185547e-01,1.075572490692138672e+00,1.028294563293457031e+00,2.818830966949462891e+00,2.444726943969726562e+00,2.347676277160644531e+00,2.200923681259155273e+00,1.819913387298583984e+00,1.838594555854797363e+00,1.749122977256774902e+00,1.391495704650878906e+00,1.562206387519836426e+00,1.773210525512695312e+00,1.491021394729614258e+00,1.352638721466064453e+00,1.707387566566467285e+00,1.779943585395812988e+00,1.511126995086669922e+00,2.924002408981323242e+00,2.640471935272216797e+00,2.430524587631225586e+00,2.406736135482788086e+00,2.047313451766967773e+00,1.977034926414489746e+00,2.049483776092529297e+00,1.751056790351867676e+00,1.968261957168579102e+00,1.937097191810607910e+00,1.569066166877746582e+00,1.580712556838989258e+00,1.855801105499267578e+00,1.675906062126159668e+00,1.361498832702636719e+00,2.892712116241455078e+00,2.662460088729858398e+00,2.337276220321655273e+00,2.237489223480224609e+00,1.937308907508850098e+00,1.657398104667663574e+00,1.696766138076782227e+00,1.527325034141540527e+00,1.612470865249633789e+00,1.353259205818176270e+00,1.105001211166381836e+00,1.253172636032104492e+00,1.291570425033569336e+00,9.418044090270996094e-01,8.646597266197204590e-01
2.891272306442260742e+00,2.613611698150634766e+00,2.310634613037109375e+00,2.091571807861328125e+00,1.748959660530090332e+00,1.467751860618591309e+00,1.316331028938293457e+00,1.043875813484191895e+00,9.840483665466308594e-01,8.686884641647338867e-01,6.263987421989440918e-01,4.782167077064514160e-01,5.521538853645324707e-01,3.714370131492614746e-01,0.000000000000000000e+00,2.760076522827148438e+00,2.415036678314208984e+00,2.201935529708862305e+00,1.933390974998474121e+00,1.568510055541992188e+00,1.378269553184509277e+00,1.123124599456787109e+00,7.829277515411376953e-01,6.794781684875488281e-01,8.568760752677917480e-01,7.004360556602478027e-01,3.490331172943115234e-01,6.313996315002441406e-01,8.298813700675964355e-01,6.941512823104858398e-01,2.875054836273193359e+00,2.505576133728027344e+00,2.360225915908813477e+00,2.175217390060424805e+00,1.783363699913024902e+00,1.724937081336975098e+00,1.595014810562133789e+00,1.216568946838378906e+00,1.325141549110412598e+00,1.514785170555114746e+00,1.232053875923156738e+00,1.037543058395385742e+00,1.376877903938293457e+00,1.453902244567871094e+00,1.173790097236633301e+00,2.945937871932983398e+00,2.632889747619628906e+00,2.426269531250000000e+00,2.343609333038330078e+00,1.962204456329345703e+00,1.872121930122375488e+00,1.877380967140197754e+00,1.543665289878845215e+00,1.717575192451477051e+00,1.726201653480529785e+00,1.366270303726196289e+00,1.303194642066955566e+00,1.588263392448425293e+00,1.459046721458435059e+00,1.115669012069702148e+00,2.953220605850219727e+00,2.685576915740966797e+00,2.391592741012573242e+00,2.272064208984375000e+00,1.931776404380798340e+00,1.686857461929321289e+00,1.683341145515441895e+00,1.439420819282531738e+00,1.524448037147521973e+00,1.337885141372680664e+00,1.031218409538269043e+00,1.085830092430114746e+00,1.189172863960266113e+00,8.874905705451965332e-01,6.640759706497192383e-01
2.819847166538238525e-01,5.217726230621337891e-01,5.076321959495544434e-01,8.551636338233947754e-01,1.152933239936828613e+00,1.372720360755920410e+00,1.712211489677429199e+00,1.947367072105407715e+00,2.245473861694335938e+00,2.197682619094848633e+00,2.195897102355957031e+00,2.548577547073364258e+00,2.708807706832885742e+00,2.647779464721679688e+00,2.760076522827148438e+00,0.000000000000000000e+00,3.905910551548004150e-01,5.833567380905151367e-01,8.862363696098327637e-01,1.196071386337280273e+00,1.476788163185119629e+00,1.770449995994567871e+00,2.001288890838623047e+00,2.298845767974853516e+00,2.284220695495605469e+00,2.285830259323120117e+00,2.617500782012939453e+00,2.789571046829223633e+00,2.754519701004028320e+00,2.859753131866455078e+00,4.601849615573883057e-01,4.688760042190551758e-01,7.718483209609985352e-01,1.084149599075317383e+00,1.283601880073547363e+00,1.627657532691955566e+00,1.906369924545288086e+00,2.067261695861816406e+00,2.402857542037963867e+00,2.435878515243530273e+00,2.386826515197753906e+00,2.686365365982055664e+00,2.909324884414672852e+00,2.884219169616699219e+00,2.934127092361450195e+00,8.080760240554809570e-01,8.973523378372192383e-01,1.000030636787414551e+00,1.385567069053649902e+00,1.520941257476806641e+00,1.806240200996398926e+00,2.145215272903442383e+00,2.257346630096435547e+00,2.622360706329345703e+00,2.604872703552246094e+00,2.481643915176391602e+00,2.797558546066284180e+00,3.045643329620361328e+00,2.957001686096191406e+00,2.960973024368286133e+00,8.707895874977111816e-01,1.032293319702148438e+00,9.663578271865844727e-01,1.360682249069213867e+00,1.532453060150146484e+00,1.713020205497741699e+00,2.091106176376342773e+00,2.256892442703247070e+00,2.604873895645141602e+00,2.527492523193359375e+00,2.439484596252441406e+00,2.797546863555908203e+00,3.001681327819824219e+00,2.881181955337524414e+00,2.923859119415283203e+00
5.211861729621887207e-01,4.688782095909118652e-01,2.116073817014694214e-01,4.834181368350982666e-01,7.943993210792541504e-01,9.940220713615417480e-01,1.324877142906188965e+00,1.575454473495483398e+00,1.860322475433349609e+00,1.816798806190490723e+00,1.832901597023010254e+00,2.182102441787719727e+00,2.333004236221313477e+00,2.289932250976562500e+00,2.415036678314208984e+00,3.905910551548004150e-01,0.000000000000000000e+00,3.827731907367706299e-01,6.236127018928527832e-01,8.725376725196838379e-01,1.202630043029785156e+00,1.469325542449951172e+00,1.670010328292846680e+00,1.980180382728576660e+00,2.004864215850830078e+00,1.991384983062744141e+00,2.298780202865600586e+00,2.494759559631347656e+00,2.484706878662109375e+00,2.568780899047851562e+00,7.345467805862426758e-01,5.405884385108947754e-01,7.368140816688537598e-01,1.022130131721496582e+00,1.099294781684875488e+00,1.450641155242919922e+00,1.730851769447326660e+00,1.830189347267150879e+00,2.191883087158203125e+00,2.237476348876953125e+00,2.139248132705688477e+00,2.423373460769653320e+00,2.676385164260864258e+00,2.643612623214721680e+00,2.654852390289306641e+00,9.600909948348999023e-01,9.465591311454772949e-01,9.124505519866943359e-01,1.277534842491149902e+00,1.333331942558288574e+00,1.575265884399414062e+00,1.928896546363830566e+00,2.009644031524658203e+00,2.381844520568847656e+00,2.339101076126098633e+00,2.184869527816772461e+00,2.505837202072143555e+00,2.755191564559936523e+00,2.639546394348144531e+00,2.629589319229125977e+00,9.150822162628173828e-01,9.757314920425415039e-01,7.709572315216064453e-01,1.120248675346374512e+00,1.252401232719421387e+00,1.375903010368347168e+00,1.760926842689514160e+00,1.930012583732604980e+00,2.267332553863525391e+00,2.164138078689575195e+00,2.081222295761108398e+00,2.450117588043212891e+00,2.637410640716552734e+00,2.507181644439697266e+00,2.565817117691040039e+00
7.561404705047607422e-01,6.433123350143432617e-01,3.156160712242126465e-01,6.036333441734313965e-01,7.230905890464782715e-01,9.040938615798950195e-01,1.278941631317138672e+00,1.456514358520507812e+00,1.784728527069091797e+00,1.720567226409912109e+00,1.664315104484558105e+00,2.020459413528442383e+00,2.202100038528442383e+00,2.117166757583618164e+00,2.201935529708862305e+00,5.833567380905151367e-01,3.827731907367706299e-01,0.000000000000000000e+00,3.976475000381469727e-01,6.467682123184204102e-01,9.063132405281066895e-01,1.226503133773803711e+00,1.443674206733703613e+00,1.751692891120910645e+00,1.720555424690246582e+00,1.705085992813110352e+00,2.043673992156982422e+00,2.217530250549316406e+00,2.174556493759155273e+00,2.276795864105224609e+00,7.163648605346679688e-01,3.588213920593261719e-01,4.921771287918090820e-01,6.719473600387573242e-01,7.457508444786071777e-01,1.115444302558898926e+00,1.371124029159545898e+00,1.496326565742492676e+00,1.841752052307128906e+00,1.897387504577636719e+00,1.832946062088012695e+00,2.114619493484497070e+00,2.351360797882080078e+00,2.343932390213012695e+00,2.381472349166870117e+00,9.738825559616088867e-01,8.129978775978088379e-01,8.234854936599731445e-01,1.123727798461914062e+00,1.115472912788391113e+00,1.406654000282287598e+00,1.723541736602783203e+00,1.767387628555297852e+00,2.149416446685791016e+00,2.157744407653808594e+00,1.992775559425354004e+00,2.280381441116333008e+00,2.557626247406005859e+00,2.479129314422607422e+00,2.445569515228271484e+00,1.091963052749633789e+00,1.039424777030944824e+00,8.594298362731933594e-01,1.179960966110229492e+00,1.201418638229370117e+00,1.344726204872131348e+00,1.722108721733093262e+00,1.817272543907165527e+00,2.183293104171752930e+00,2.100176811218261719e+00,1.955007672309875488e+00,2.302052259445190430e+00,2.527757883071899414e+00,2.388934850692749023e+00,2.392764806747436523e+00
1.097123622894287109e+00,9.956931471824645996e-01,6.169984936714172363e-01,7.040965557098388672e-01,7.336856722831726074e-01,7.232229709625244141e-01,1.108470320701599121e+00,1.296927213668823242e+00,1.588705897331237793e+00,1.454056024551391602e+00,1.411962985992431641e+00,1.794384121894836426e+00,1.933911085128784180e+00,1.814700961112976074e+00,1.933390974998474121e+00,8.862363696098327637e-01,6.236127018928527832e-01,3.976475000381469727e-01,0.000000000000000000e+00,3.966473340988159180e-01,6.335938572883605957e-01,8.882601857185363770e-01,1.154114842414855957e+00,1.421048641204833984e+00,1.414709329605102539e+00,1.456246733665466309e+00,1.775368094444274902e+00,1.925350189208984375e+00,1.927589654922485352e+00,2.060291290283203125e+00,1.083637714385986328e+00,7.104379534721374512e-01,8.314888477325439453e-01,8.550882935523986816e-01,7.816311717033386230e-01,1.157871007919311523e+00,1.327887058258056641e+00,1.373596310615539551e+00,1.717655420303344727e+00,1.843649387359619141e+00,1.756078958511352539e+00,1.977611660957336426e+00,2.249066114425659180e+00,2.283275842666625977e+00,2.281493186950683594e+00,1.370741248130798340e+00,1.181445837020874023e+00,1.153933286666870117e+00,1.395923733711242676e+00,1.283084750175476074e+00,1.533673644065856934e+00,1.827919840812683105e+00,1.791339159011840820e+00,2.182402849197387695e+00,2.195396661758422852e+00,1.970930457115173340e+00,2.226149082183837891e+00,2.530616760253906250e+00,2.432248353958129883e+00,2.342016220092773438e+00,1.452654123306274414e+00,1.382917761802673340e+00,1.135212779045104980e+00,1.382689476013183594e+00,1.331959486007690430e+00,1.371683955192565918e+00,1.739953994750976562e+00,1.801481008529663086e+00,2.150400161743164062e+00,2.013505458831787109e+00,1.840218663215637207e+00,2.194119930267333984e+00,2.399070501327514648e+00,2.210306882858276367e+00,2.206719398498535156e+00
1.354971528053283691e+00,1.148399233818054199e+00,7.906061410903930664e-01,7.116071581840515137e-01,5.307185649871826172e-01,4.167511463165283203e-01,7.884815931320190430e-01,9.175230264663696289e-01,1.228560328483581543e+00,1.113552093505859375e+00,1.034046888351440430e+00,1.407753109931945801e+00,1.573013901710510254e+00,1.470882296562194824e+00,1.568510055541992188e+00,1.196071386337280273e+00,8.725376725196838379e-01,6.467682123184204102e-01,3.966473340988159180e-01,0.000000000000000000e+00,3.844824731349945068e-01,6.285697221755981445e-01,8.056541085243225098e-01,1.125283837318420410e+00,1.149843931198120117e+00,1.128467321395874023e+00,1.430154800415039062e+00,1.624642133712768555e+00,1.631817221641540527e+00,1.721114993095397949e+00,1.354037404060363770e+00,9.801909923553466797e-01,9.514482617378234863e-01,9.140654802322387695e-01,6.662643551826477051e-01,9.726793766021728516e-01,1.130391597747802734e+00,1.089643239974975586e+00,1.460572481155395508e+00,1.582193851470947266e+00,1.437296867370605469e+00,1.646496057510375977e+00,1.942721128463745117e+00,1.960096836090087891e+00,1.923630356788635254e+00,1.529357552528381348e+00,1.284892678260803223e+00,1.161586046218872070e+00,1.312920451164245605e+00,1.103092670440673828e+00,1.285737037658691406e+00,1.559184074401855469e+00,1.477075219154357910e+00,1.864360094070434570e+00,1.864400148391723633e+00,1.611566901206970215e+00,1.859126091003417969e+00,2.165778636932373047e+00,2.055984497070312500e+00,1.951448917388916016e+00,1.571539759635925293e+00,1.415015101432800293e+00,1.125177502632141113e+00,1.262108445167541504e+00,1.113486289978027344e+00,1.089714646339416504e+00,1.429188251495361328e+00,1.449930787086486816e+00,1.792383551597595215e+00,1.650669813156127930e+00,1.454419136047363281e+00,1.803447127342224121e+00,2.011764287948608398e+00,1.822677612304687500e+00,1.811519980430603027e+00
1.657343268394470215e+00,1.467038512229919434e+00,1.119039297103881836e+00,1.089639902114868164e+00,8.601571917533874512e-01,7.026390433311462402e-01,9.931960701942443848e-01,1.001258969306945801e+00,1.305310964584350586e+00,1.141538500785827637e+00,9.638722538948059082e-01,1.330745458602905273e+00,1.507591247558593750e+00,1.329350590705871582e+00,1.378269553184509277e+00,1.476788163185119629e+00,1.202630043029785156e+00,9.063132405281066895e-01,6.335938572883605957e-01,3.844824731349945068e-01,0.000000000000000000e+00,3.864180743694305420e-01,6.170638203620910645e-01,8.843171596527099609e-01,8.155629038810729980e-01,8.296651840209960938e-01,1.172716498374938965e+00,1.313942909240722656e+00,1.295547127723693848e+00,1.433608412742614746e+00,1.564717411994934082e+00,1.178630352020263672e+00,1.121489405632019043e+00,9.386045336723327637e-01,6.331488490104675293e-01,8.665249347686767578e-01,8.912842869758605957e-01,8.153293132781982422e-01,1.148871421813964844e+00,1.332746505737304688e+00,1.227247953414916992e+00,1.385144472122192383e+00,1.674373507499694824e+00,1.751202225685119629e+00,1.730594038963317871e+00,1.762497782707214355e+00,1.464103579521179199e+00,1.385884046554565430e+00,1.461336135864257812e+00,1.190642118453979492e+00,1.380634546279907227e+00,1.574927210807800293e+00,1.417186141014099121e+00,1.795326948165893555e+00,1.858952403068542480e+00,1.583675026893615723e+00,1.758040189743041992e+00,2.099868059158325195e+00,2.031351804733276367e+00,1.877068877220153809e+00,1.883752107620239258e+00,1.696716189384460449e+00,1.444763064384460449e+00,1.560240983963012695e+00,1.345003843307495117e+00,1.317885756492614746e+00,1.605276465415954590e+00,1.534699559211730957e+00,1.875442862510681152e+00,1.746331572532653809e+00,1.480356812477111816e+00,1.780306458473205566e+00,2.016064643859863281e+00,1.804160356521606445e+00,1.717463493347167969e+00
