0.000000000000000000e+00,3.832130134105682373e-01,6.267232894897460938e-01,8.458586931228637695e-01,1.095197439193725586e+00,1.345055103302001953e+00,1.272948980331420898e+00,1.277496933937072754e+00,1.594376444816589355e+00,1.738582968711853027e+00,1.696231603622436523e+00,1.822410702705383301e+00,2.075906276702880859e+00,2.160636663436889648e+00,2.208121061325073242e+00,2.103853702545166016e+00,1.751629114151000977e+00,1.649192929267883301e+00,1.414582610130310059e+00,1.049662351608276367e+00,1.085797309875488281e+00,1.368762254714965820e+00,1.228740572929382324e+00,9.569377303123474121e-01,1.245019078254699707e+00,1.475946664810180664e+00,1.306948900222778320e+00,1.203442573547363281e+00,1.542893052101135254e+00,1.733704566955566406e+00,1.933320164680480957e+00,1.668873071670532227e+00,1.859922409057617188e+00,2.024673938751220703e+00,1.839546918869018555e+00,2.174418926239013672e+00,2.155371665954589844e+00,1.811493277549743652e+00,1.951827883720397949e+00,2.260870456695556641e+00,2.114272832870483398e+00,1.876976251602172852e+00,2.143136024475097656e+00,2.391467571258544922e+00,2.260313987731933594e+00,2.479357868432998657e-01,4.580457508563995361e-01,7.257550358772277832e-01,1.027575492858886719e+00,1.242061376571655273e+00,1.514029264450073242e+00,1.388218164443969727e+00,1.326907277107238770e+00,1.673270225524902344e+00,1.823757410049438477e+00,1.712118148803710938e+00,1.815628290176391602e+00,2.116986036300659180e+00,2.191224813461303711e+00,2.204680681228637695e+00,2.279494047164916992e+00,1.900970697402954102e+00,1.841011285781860352e+00,1.754791259765625000e+00,1.382323265075683594e+00,1.478055000305175781e+00,1.615005373954772949e+00,1.332799553871154785e+00,1.097204446792602539e+00,1.387859225273132324e+00,1.459225773811340332e+00,1.138496637344360352e+00,1.094158411026000977e+00,1.457077264785766602e+00,1.497843146324157715e+00
3.832130134105682373e-01,0.000000000000000000e+00,3.819718658924102783e-01,6.131525635719299316e-01,7.684400677680969238e-01,1.068665742874145508e+00,1.016337275505065918e+00,9.490709900856018066e-01,1.255292057991027832e+00,1.444304704666137695e+00,1.407403826713562012e+00,1.488328099250793457e+00,1.740136504173278809e+00,1.862054228782653809e+00,1.909712433815002441e+00,1.811676144599914551e+00,1.441130280494689941e+00,1.354846954345703125e+00,1.184938669204711914e+00,8.065245151519775391e-01,9.451516270637512207e-01,1.166395783424377441e+00,9.526689648628234863e-01,7.581617832183837891e-01,1.108122587203979492e+00,1.264264822006225586e+00,1.076820611953735352e+00,1.079511284828186035e+00,1.419166088104248047e+00,1.556231737136840820e+00,1.593089222908020020e+00,1.304668784141540527e+00,1.481899023056030273e+00,1.642017960548400879e+00,1.465289354324340820e+00,1.803895115852355957e+00,1.781339645385742188e+00,1.446152091026306152e+00,1.607497572898864746e+00,1.915682077407836914e+00,1.780319094657897949e+00,1.572080135345458984e+00,1.848404645919799805e+00,2.090257883071899414e+00,1.987540841102600098e+00,4.655230045318603516e-01,2.894840836524963379e-01,6.151990294456481934e-01,8.953641653060913086e-01,9.983989596366882324e-01,1.323546409606933594e+00,1.238856196403503418e+00,1.094836711883544922e+00,1.415235280990600586e+00,1.624435067176818848e+00,1.524206995964050293e+00,1.562593460083007812e+00,1.862744331359863281e+00,1.987975358963012695e+00,1.997553706169128418e+00,1.914436697959899902e+00,1.539651036262512207e+00,1.509125113487243652e+00,1.427385687828063965e+00,1.056673169136047363e+00,1.218360781669616699e+00,1.363208055496215820e+00,1.067804336547851562e+00,8.960716128349304199e-01,1.241109132766723633e+00,1.308360576629638672e+00,1.030859231948852539e+00,1.072855591773986816e+00,1.428061127662658691e+00,1.487417578697204590e+00
6.267232894897460938e-01,3.819718658924102783e-01,0.000000000000000000e+00,3.779638111591339111e-01,6.013041734695434570e-01,8.082287311553955078e-01,6.683996319770812988e-01,6.647623181343078613e-01,9.976055026054382324e-01,1.118313431739807129e+00,1.074933409690856934e+00,1.219945788383483887e+00,1.459765315055847168e+00,1.535862922668457031e+00,1.604277491569519043e+00,1.926168918609619141e+00,1.542516589164733887e+00,1.401441454887390137e+00,1.289482116699218750e+00,9.232953786849975586e-01,1.016258835792541504e+00,1.138842821121215820e+00,8.648489117622375488e-01,6.437181830406188965e-01,9.678565859794616699e-01,1.053431630134582520e+00,7.862315177917480469e-01,7.950459122657775879e-01,1.149790883064270020e+00,1.236986279487609863e+00,1.486643075942993164e+00,1.202344417572021484e+00,1.344155550003051758e+00,1.575326442718505859e+00,1.451928973197937012e+00,1.764044165611267090e+00,1.664048552513122559e+00,1.332072257995605469e+00,1.549880385398864746e+00,1.806802511215209961e+00,1.607213139533996582e+00,1.429497599601745605e+00,1.751186966896057129e+00,1.937082052230834961e+00,1.791470885276794434e+00,7.418143153190612793e-01,6.271204352378845215e-01,9.759874343872070312e-01,1.202552199363708496e+00,1.234058618545532227e+00,1.592385649681091309e+00,1.560017585754394531e+00,1.372923731803894043e+00,1.651397109031677246e+00,1.908879041671752930e+00,1.819127440452575684e+00,1.796740174293518066e+00,2.093437671661376953e+00,2.261554241180419922e+00,2.254902839660644531e+00,1.943295001983642578e+00,1.592617869377136230e+00,1.611729621887207031e+00,1.477477550506591797e+00,1.110267400741577148e+00,1.292266845703125000e+00,1.511219263076782227e+00,1.262827873229980469e+00,1.101244449615478516e+00,1.454527258872985840e+00,1.578726649284362793e+00,1.351569414138793945e+00,1.373933553695678711e+00,1.724754571914672852e+00,1.827284812927246094e+00
8.458586931228637695e-01,6.131525635719299316e-01,3.779638111591339111e-01,0.000000000000000000e+00,3.765194714069366455e-01,5.035980939865112305e-01,5.132058262825012207e-01,6.304399967193603516e-01,8.502114415168762207e-01,9.686575531959533691e-01,1.056225657463073730e+00,1.217889904975891113e+00,1.369976758956909180e+00,1.470704913139343262e+00,1.621288657188415527e+00,2.097762346267700195e+00,1.709789514541625977e+00,1.624492049217224121e+00,1.574692249298095703e+00,1.219214320182800293e+00,1.369419574737548828e+00,1.460370421409606934e+00,1.140874862670898438e+00,9.863493442535400391e-01,1.301212668418884277e+00,1.315563917160034180e+00,9.918234944343566895e-01,1.048998117446899414e+00,1.394390702247619629e+00,1.398469209671020508e+00,1.237117648124694824e+00,1.025767683982849121e+00,1.239014506340026855e+00,1.519715309143066406e+00,1.483782052993774414e+00,1.809379696846008301e+00,1.685788512229919434e+00,1.406092405319213867e+00,1.685855269432067871e+00,1.919547915458679199e+00,1.718310236930847168e+00,1.615252137184143066e+00,1.953734397888183594e+00,2.104388475418090820e+00,1.974293589591979980e+00,1.022830367088317871e+00,8.919398188591003418e-01,1.174073815345764160e+00,1.445910692214965820e+00,1.434624314308166504e+00,1.791896820068359375e+00,1.719747662544250488e+00,1.474179267883300781e+00,1.751945137977600098e+00,2.012601137161254883e+00,1.866654634475708008e+00,1.796536087989807129e+00,2.120339870452880859e+00,2.288088560104370117e+00,2.223323345184326172e+00,1.880621671676635742e+00,1.548154115676879883e+00,1.522550821304321289e+00,1.305741429328918457e+00,9.468537569046020508e-01,1.060871958732604980e+00,1.345196485519409180e+00,1.180520296096801758e+00,9.832180142402648926e-01,1.305269241333007812e+00,1.506550192832946777e+00,1.352599024772644043e+00,1.326325893402099609e+00,1.652730226516723633e+00,1.824522137641906738e+00
1.095197439193725586e+00,7.684400677680969238e-01,6.013041734695434570e-01,3.765194714069366455e-01,0.000000000000000000e+00,3.770306408405303955e-01,5.316404700279235840e-01,4.761716425418853760e-01,5.869899988174438477e-01,8.283645510673522949e-01,9.566937088966369629e-01,1.015233993530273438e+00,1.138366460800170898e+00,1.322401285171508789e+00,1.478285789489746094e+00,1.871413350105285645e+00,1.490964770317077637e+00,1.456912994384765625e+00,1.488970875740051270e+00,1.177445411682128906e+00,1.407436728477478027e+00,1.442617654800415039e+00,1.086403608322143555e+00,1.059099435806274414e+00,1.386261105537414551e+00,1.327363014221191406e+00,1.026818037033081055e+00,1.203029870986938477e+00,1.507932066917419434e+00,1.458548665046691895e+00,8.906598687171936035e-01,6.503981947898864746e-01,8.815731406211853027e-01,1.159963607788085938e+00,1.164262533187866211e+00,1.492037296295166016e+00,1.375374794006347656e+00,1.136398077011108398e+00,1.442356586456298828e+00,1.668717622756958008e+00,1.504955172538757324e+00,1.458643317222595215e+00,1.785096764564514160e+00,1.928068399429321289e+00,1.852650165557861328e+00,1.230523109436035156e+00,9.888471364974975586e-01,1.198975920677185059e+00,1.422943353652954102e+00,1.315702080726623535e+00,1.672664523124694824e+00,1.626447081565856934e+00,1.324887037277221680e+00,1.548328042030334473e+00,1.840479612350463867e+00,1.702396154403686523e+00,1.566582798957824707e+00,1.875656127929687500e+00,2.080790042877197266e+00,2.007096290588378906e+00,1.520621776580810547e+00,1.205631732940673828e+00,1.201653480529785156e+00,9.796317219734191895e-01,6.521397829055786133e-01,8.448566794395446777e-01,1.121750712394714355e+00,9.812006950378417969e-01,8.906933665275573730e-01,1.214037656784057617e+00,1.392202734947204590e+00,1.306105017662048340e+00,1.353692770004272461e+00,1.638286948204040527e+00,1.809531688690185547e+00
1.345055103302001953e+00,1.068665742874145508e+00,8.082287311553955078e-01,5.035980939865112305e-01,3.770306408405303955e-01,0.000000000000000000e+00,3.715743720531463623e-01,5.324486494064331055e-01,5.010256171226501465e-01,5.960585474967956543e-01,8.401263356208801270e-01,9.832484126091003418e-01,1.008964538574218750e+00,1.141239643096923828e+00,1.373701930046081543e+00,2.173165082931518555e+00,1.799523472785949707e+00,1.739812135696411133e+00,1.796765565872192383e+00,1.495063662528991699e+00,1.683251738548278809e+00,1.677170395851135254e+00,1.313627243041992188e+00,1.268483757972717285e+00,1.544159054756164551e+00,1.434497237205505371e+00,1.088350176811218262e+00,1.252927064895629883e+00,1.533618927001953125e+00,1.414239645004272461e+00,8.838344812393188477e-01,7.564261555671691895e-01,9.545861482620239258e-01,1.304540514945983887e+00,1.392717242240905762e+00,1.675978779792785645e+00,1.488427639007568359e+00,1.296876072883605957e+00,1.642577171325683594e+00,1.804478764533996582e+00,1.590730428695678711e+00,1.598958492279052734e+00,1.947316169738769531e+00,2.026404619216918945e+00,1.918233394622802734e+00,1.507587909698486328e+00,1.318476915359497070e+00,1.560322284698486328e+00,1.789620757102966309e+00,1.681564450263977051e+00,2.042329311370849609e+00,2.003248214721679688e+00,1.696610212326049805e+00,1.905211925506591797e+00,2.204139709472656250e+00,2.057006359100341797e+00,1.896868705749511719e+00,2.203216314315795898e+00,2.416749715805053711e+00,2.317262172698974609e+00,1.714478731155395508e+00,1.451056599617004395e+00,1.460191726684570312e+00,1.181994557380676270e+00,9.194766283035278320e-01,1.037799358367919922e+00,1.365508556365966797e+00,1.299964785575866699e+00,1.187205672264099121e+00,1.466389536857604980e+00,1.696483254432678223e+00,1.640484333038330078e+00,1.641142010688781738e+00,1.915157437324523926e+00,2.123764753341674805e+00
1.272948980331420898e+00,1.016337275505065918e+00,6.683996319770812988e-01,5.132058262825012207e-01,5.316404700279235840e-01,3.715743720531463623e-01,0.000000000000000000e+00,3.731573820114135742e-01,5.286608338356018066e-01,4.906040430068969727e-01,5.884156823158264160e-01,8.299190998077392578e-01,9.410628676414489746e-01,9.786736965179443359e-01,1.161297917366027832e+00,2.147788286209106445e+00,1.772250056266784668e+00,1.634510397911071777e+00,1.664705157279968262e+00,1.367775321006774902e+00,1.484688758850097656e+00,1.450119614601135254e+00,1.105351805686950684e+00,1.021186828613281250e+00,1.244697570800781250e+00,1.125495910644531250e+00,7.607080936431884766e-01,9.052153229713439941e-01,1.172766566276550293e+00,1.054423093795776367e+00,1.181063294410705566e+00,9.763065576553344727e-01,1.064704537391662598e+00,1.408642292022705078e+00,1.437809944152832031e+00,1.690545797348022461e+00,1.471961259841918945e+00,1.230494022369384766e+00,1.554898023605346680e+00,1.700041532516479492e+00,1.433948516845703125e+00,1.399931192398071289e+00,1.763672947883605957e+00,1.829993128776550293e+00,1.668924450874328613e+00,1.409601330757141113e+00,1.257628202438354492e+00,1.562192320823669434e+00,1.756275415420532227e+00,1.670657753944396973e+00,2.045173645019531250e+00,2.050521135330200195e+00,1.781536459922790527e+00,1.988591790199279785e+00,2.300199985504150391e+00,2.200041770935058594e+00,2.069642782211303711e+00,2.357429742813110352e+00,2.582736015319824219e+00,2.528206825256347656e+00,1.878944873809814453e+00,1.606520056724548340e+00,1.675578236579895020e+00,1.454665422439575195e+00,1.167726397514343262e+00,1.344304203987121582e+00,1.644711494445800781e+00,1.510444402694702148e+00,1.399660706520080566e+00,1.719390869140625000e+00,1.913369417190551758e+00,1.794832110404968262e+00,1.811340451240539551e+00,2.121378898620605469e+00,2.291819810867309570e+00
1.277496933937072754e+00,9.490709900856018066e-01,6.647623181343078613e-01,6.304399967193603516e-01,4.761716425418853760e-01,5.324486494064331055e-01,3.731573820114135742e-01,0.000000000000000000e+00,3.745172023773193359e-01,5.408508181571960449e-01,5.142113566398620605e-01,5.912975072860717773e-01,7.987203001976013184e-01,9.285236001014709473e-01,1.029322385787963867e+00,1.784384965896606445e+00,1.414760828018188477e+00,1.282001972198486328e+00,1.354656934738159180e+00,1.096279144287109375e+00,1.260553240776062012e+00,1.186197876930236816e+00,8.189665079116821289e-01,8.461039662361145020e-01,1.092176914215087891e+00,9.365963935852050781e-01,6.312587857246398926e-01,8.964672684669494629e-01,1.132768988609313965e+00,1.029345035552978516e+00,1.075399518013000488e+00,7.780208587646484375e-01,7.938302755355834961e-01,1.096878647804260254e+00,1.083515644073486328e+00,1.332386851310729980e+00,1.133173704147338867e+00,8.662125468254089355e-01,1.185886383056640625e+00,1.351732730865478516e+00,1.116436600685119629e+00,1.077390432357788086e+00,1.431567311286926270e+00,1.526371359825134277e+00,1.411950349807739258e+00,1.361476898193359375e+00,1.128589391708374023e+00,1.397228360176086426e+00,1.527931332588195801e+00,1.385366678237915039e+00,1.757489562034606934e+00,1.807159543037414551e+00,1.531946778297424316e+00,1.694230318069458008e+00,2.026689767837524414e+00,1.968358635902404785e+00,1.821987986564636230e+00,2.078294038772583008e+00,2.330254316329956055e+00,2.308210372924804688e+00,1.580457925796508789e+00,1.306857705116271973e+00,1.430527567863464355e+00,1.277212619781494141e+00,1.012441754341125488e+00,1.279148578643798828e+00,1.521805882453918457e+00,1.345895767211914062e+00,1.320890426635742188e+00,1.662068605422973633e+00,1.792351007461547852e+00,1.675375699996948242e+00,1.767101407051086426e+00,2.065833091735839844e+00,2.195433855056762695e+00
1.594376444816589355e+00,1.255292057991027832e+00,9.976055026054382324e-01,8.502114415168762207e-01,5.869899988174438477e-01,5.010256171226501465e-01,5.286608338356018066e-01,3.745172023773193359e-01,0.000000000000000000e+00,3.712024986743927002e-01,5.436815619468688965e-01,5.278314948081970215e-01,5.551516413688659668e-01,7.797259092330932617e-01,9.686817526817321777e-01,1.881778597831726074e+00,1.536075353622436523e+00,1.462058186531066895e+00,1.609516978263854980e+00,1.390943288803100586e+00,1.594666957855224609e+00,1.487708330154418945e+00,1.119345664978027344e+00,1.207581043243408203e+00,1.435019612312316895e+00,1.225373029708862305e+00,9.427146315574645996e-01,1.230803489685058594e+00,1.424754858016967773e+00,1.245880603790283203e+00,8.018972873687744141e-01,5.779994726181030273e-01,5.639753341674804688e-01,9.336646199226379395e-01,1.051607847213745117e+00,1.265477061271667480e+00,1.024476647377014160e+00,8.749568462371826172e-01,1.243109345436096191e+00,1.347883701324462891e+00,1.133497238159179688e+00,1.212652325630187988e+00,1.547939062118530273e+00,1.587168455123901367e+00,1.516932487487792969e+00,1.695357441902160645e+00,1.438334941864013672e+00,1.660389780998229980e+00,1.790888905525207520e+00,1.596144914627075195e+00,1.952451348304748535e+00,1.998137116432189941e+00,1.680709123611450195e+00,1.800043582916259766e+00,2.142644882202148438e+00,2.065855503082275391e+00,1.858382463455200195e+00,2.104895591735839844e+00,2.377377033233642578e+00,2.319375276565551758e+00,1.435431480407714844e+00,1.226709246635437012e+00,1.358223199844360352e+00,1.161173105239868164e+00,9.869651794433593750e-01,1.233223319053649902e+00,1.490085601806640625e+00,1.395381093025207520e+00,1.412045121192932129e+00,1.711153030395507812e+00,1.864941716194152832e+00,1.821013092994689941e+00,1.914654970169067383e+00,2.174193859100341797e+00,2.335719347000122070e+00
1.738582968711853027e+00,1.444304704666137695e+00,1.118313431739807129e+00,9.686575531959533691e-01,8.283645510673522949e-01,5.960585474967956543e-01,4.906040430068969727e-01,5.408508181571960449e-01,3.712024986743927002e-01,0.000000000000000000e+00,3.763214051723480225e-01,5.641799569129943848e-01,5.072783827781677246e-01,5.487329363822937012e-01,8.197324275970458984e-01,2.184098958969116211e+00,1.842811584472656250e+00,1.715284347534179688e+00,1.843381524085998535e+00,1.620159387588500977e+00,1.757359385490417480e+00,1.627740502357482910e+00,1.279988527297973633e+00,1.314109802246093750e+00,1.475767493247985840e+00,1.238733530044555664e+00,9.280874133110046387e-01,1.172561049461364746e+00,1.325783252716064453e+00,1.084432721138000488e+00,1.076561689376831055e+00,9.288790225982666016e-01,8.862274885177612305e-01,1.256422877311706543e+00,1.382838726043701172e+00,1.550447583198547363e+00,1.258214712142944336e+00,1.122509479522705078e+00,1.479046225547790527e+00,1.524558186531066895e+00,1.242577075958251953e+00,1.333038687705993652e+00,1.683058857917785645e+00,1.660932540893554688e+00,1.525497794151306152e+00,1.853718876838684082e+00,1.653347134590148926e+00,1.924727916717529297e+00,2.065843582153320312e+00,1.902209639549255371e+00,2.267750978469848633e+00,2.319785833358764648e+00,2.018996953964233398e+00,2.152529716491699219e+00,2.494813203811645508e+00,2.419430017471313477e+00,2.224421024322509766e+00,2.474153280258178711e+00,2.743940114974975586e+00,2.684016227722167969e+00,1.778617501258850098e+00,1.591705322265625000e+00,1.726123213768005371e+00,1.509183287620544434e+00,1.326164484024047852e+00,1.530473113059997559e+00,1.819305896759033203e+00,1.734208822250366211e+00,1.704457402229309082e+00,2.002319335937500000e+00,2.186238527297973633e+00,2.124104261398315430e+00,2.180481433868408203e+00,2.457994699478149414e+00,2.633853912353515625e+00
1.696231603622436523e+00,1.407403826713562012e+00,1.074933409690856934e+00,1.056225657463073730e+00,9.566937088966369629e-01,8.401263356208801270e-01,5.884156823158264160e-01,5.142113566398620605e-01,5.436815619468688965e-01,3.763214051723480225e-01,0.000000000000000000e+00,3.731564581394195557e-01,5.308561325073242188e-01,4.704549908638000488e-01,5.746963024139404297e-01,2.031634330749511719e+00,1.701874136924743652e+00,1.507659077644348145e+00,1.625647306442260742e+00,1.437898039817810059e+00,1.520749211311340332e+00,1.343588113784790039e+00,1.029991149902343750e+00,1.083655118942260742e+00,1.176719903945922852e+00,8.985733389854431152e-01,6.303359866142272949e-01,9.133355617523193359e-01,1.002198338508605957e+00,7.472466230392456055e-01,1.336206078529357910e+00,1.102365136146545410e+00,9.770488739013671875e-01,1.291602611541748047e+00,1.334519505500793457e+00,1.465223670005798340e+00,1.165066242218017578e+00,9.746512770652770996e-01,1.285865545272827148e+00,1.315940499305725098e+00,9.887263774871826172e-01,1.033986568450927734e+00,1.390105962753295898e+00,1.360972642898559570e+00,1.182997226715087891e+00,1.768782377243041992e+00,1.577064990997314453e+00,1.869490742683410645e+00,1.957042217254638672e+00,1.798453927040100098e+00,2.161744594573974609e+00,2.262382507324218750e+00,1.998200654983520508e+00,2.115277528762817383e+00,2.465276956558227539e+00,2.440998315811157227e+00,2.272233486175537109e+00,2.495477199554443359e+00,2.776181221008300781e+00,2.764453649520874023e+00,1.841144561767578125e+00,1.643166780471801758e+00,1.829734563827514648e+00,1.680192232131958008e+00,1.474631905555725098e+00,1.734377145767211914e+00,1.988340973854064941e+00,1.838566422462463379e+00,1.828184366226196289e+00,2.159936666488647461e+00,2.297920465469360352e+00,2.188527107238769531e+00,2.277575016021728516e+00,2.577012777328491211e+00,2.709373950958251953e+00
1.822410702705383301e+00,1.488328099250793457e+00,1.219945788383483887e+00,1.217889904975891113e+00,1.015233993530273438e+00,9.832484126091003418e-01,8.299190998077392578e-01,5.912975072860717773e-01,5.278314948081970215e-01,5.641799569129943848e-01,3.731564581394195557e-01,0.000000000000000000e+00,3.675114214420318604e-01,5.165549516677856445e-01,5.108243227005004883e-01,1.752673149108886719e+00,1.451807260513305664e+00,1.289229869842529297e+00,1.484527111053466797e+00,1.362651109695434570e+00,1.500238656997680664e+00,1.280424475669860840e+00,9.684303402900695801e-01,1.145550847053527832e+00,1.252256631851196289e+00,9.418320655822753906e-01,7.793778181076049805e-01,1.130707025527954102e+00,1.191679835319519043e+00,9.634839296340942383e-01,1.220438718795776367e+00,9.581429958343505859e-01,7.243583202362060547e-01,9.832999706268310547e-01,1.034646153450012207e+00,1.114865541458129883e+00,7.976370453834533691e-01,6.518923640251159668e-01,9.742874503135681152e-01,9.750453829765319824e-01,6.784752011299133301e-01,8.089205026626586914e-01,1.138834357261657715e+00,1.106008529663085938e+00,1.016640782356262207e+00,1.866180419921875000e+00,1.611999750137329102e+00,1.848934650421142578e+00,1.883481979370117188e+00,1.661241412162780762e+00,2.002939701080322266e+00,2.139152526855468750e+00,1.862923979759216309e+00,1.918245434761047363e+00,2.281801939010620117e+00,2.288924694061279297e+00,2.088779926300048828e+00,2.272469997406005859e+00,2.579564571380615234e+00,2.584221601486206055e+00,1.543302655220031738e+00,1.386069416999816895e+00,1.626201629638671875e+00,1.532056689262390137e+00,1.388213872909545898e+00,1.693475365638732910e+00,1.897521018981933594e+00,1.747003555297851562e+00,1.813389301300048828e+00,2.137887954711914062e+00,2.231700658798217773e+00,2.150510787963867188e+00,2.293715476989746094e+00,2.566641092300415039e+00,2.676491498947143555e+00
2.075906276702880859e+00,1.740136504173278809e+00,1.459765315055847168e+00,1.369976758956909180e+00,1.138366460800170898e+00,1.008964538574218750e+00,9.410628676414489746e-01,7.987203001976013184e-01,5.551516413688659668e-01,5.072783827781677246e-01,5.308561325073242188e-01,3.675114214420318604e-01,0.000000000000000000e+00,3.686273992061614990e-01,5.533977150917053223e-01,2.000480651855468750e+00,1.715843319892883301e+00,1.603473424911499023e+00,1.824548363685607910e+00,1.697110891342163086e+00,1.856967926025390625e+00,1.646659255027770996e+00,1.327327966690063477e+00,1.487678050994873047e+00,1.604799747467041016e+00,1.293140411376953125e+00,1.099655389785766602e+00,1.424432516098022461e+00,1.486513495445251465e+00,1.209984302520751953e+00,1.113823652267456055e+00,9.596741795539855957e-01,7.241037487983703613e-01,1.022220253944396973e+00,1.195455551147460938e+00,1.246332883834838867e+00,9.011127352714538574e-01,8.916550874710083008e-01,1.229602575302124023e+00,1.173121094703674316e+00,9.164609909057617188e-01,1.133477687835693359e+00,1.429109930992126465e+00,1.339230656623840332e+00,1.277406811714172363e+00,2.148962259292602539e+00,1.892812252044677734e+00,2.118195772171020508e+00,2.181135654449462891e+00,1.943762183189392090e+00,2.280574321746826172e+00,2.394574403762817383e+00,2.087463617324829102e+00,2.132699251174926758e+00,2.495910882949829102e+00,2.473507881164550781e+00,2.234833240509033203e+00,2.421930313110351562e+00,2.734323263168334961e+00,2.700634241104125977e+00,1.570905685424804688e+00,1.474171757698059082e+00,1.696904182434082031e+00,1.554097771644592285e+00,1.468143224716186523e+00,1.731272101402282715e+00,1.957501411437988281e+00,1.874381184577941895e+00,1.942265391349792480e+00,2.233775138854980469e+00,2.362103223800659180e+00,2.329763889312744141e+00,2.453205585479736328e+00,2.703680992126464844e+00,2.848878383636474609e+00
2.160636663436889648e+00,1.862054228782653809e+00,1.535862922668457031e+00,1.470704913139343262e+00,1.322401285171508789e+00,1.141239643096923828e+00,9.786736965179443359e-01,9.285236001014709473e-01,7.797259092330932617e-01,5.487329363822937012e-01,4.704549908638000488e-01,5.165549516677856445e-01,3.686273992061614990e-01,0.000000000000000000e+00,3.645104169845581055e-01,2.251133680343627930e+00,1.964133262634277344e+00,1.792066931724548340e+00,1.976260781288146973e+00,1.841118335723876953e+00,1.933843135833740234e+00,1.707939505577087402e+00,1.419032812118530273e+00,1.526640295982360840e+00,1.576164960861206055e+00,1.249240994453430176e+00,1.056960582733154297e+00,1.332483530044555664e+00,1.336596965789794922e+00,1.009335041046142578e+00,1.432317972183227539e+00,1.282752513885498047e+00,1.079368829727172852e+00,1.377162098884582520e+00,1.510219693183898926e+00,1.548510789871215820e+00,1.193561911582946777e+00,1.143453478813171387e+00,1.447537422180175781e+00,1.360962748527526855e+00,1.039751648902893066e+00,1.221063137054443359e+00,1.525064587593078613e+00,1.386823415756225586e+00,1.239624977111816406e+00,2.236210823059082031e+00,2.028674364089965820e+00,2.299393177032470703e+00,2.367746591567993164e+00,2.166491508483886719e+00,2.514611721038818359e+00,2.636031866073608398e+00,2.350847721099853516e+00,2.419780492782592773e+00,2.782028436660766602e+00,2.765737295150756836e+00,2.551730871200561523e+00,2.747464656829833984e+00,3.053642749786376953e+00,3.028940439224243164e+00,1.932141423225402832e+00,1.820263862609863281e+00,2.038616180419921875e+00,1.884184837341308594e+00,1.757006287574768066e+00,2.005689144134521484e+00,2.257876157760620117e+00,2.157982826232910156e+00,2.183576345443725586e+00,2.490078210830688477e+00,2.635572671890258789e+00,2.570466756820678711e+00,2.668535709381103516e+00,2.944493532180786133e+00,3.091984987258911133e+00
2.208121061325073242e+00,1.909712433815002441e+00,1.604277491569519043e+00,1.621288657188415527e+00,1.478285789489746094e+00,1.373701930046081543e+00,1.161297917366027832e+00,1.029322385787963867e+00,9.686817526817321777e-01,8.197324275970458984e-01,5.746963024139404297e-01,5.108243227005004883e-01,5.533977150917053223e-01,3.645104169845581055e-01,0.000000000000000000e+00,2.095481157302856445e+00,1.840126633644104004e+00,1.624950647354125977e+00,1.819539546966552734e+00,1.742803215980529785e+00,1.799326777458190918e+00,1.523504257202148438e+00,1.290612459182739258e+00,1.442998051643371582e+00,1.426488041877746582e+00,1.066235542297363281e+00,9.821366071701049805e-01,1.274620413780212402e+00,1.198807597160339355e+00,8.797007203102111816e-01,1.648293256759643555e+00,1.438200473785400391e+00,1.176820397377014160e+00,1.402562022209167480e+00,1.467932462692260742e+00,1.449834227561950684e+00,1.099066138267517090e+00,1.036973834037780762e+00,1.270011544227600098e+00,1.137026190757751465e+00,7.882114648818969727e-01,9.685139060020446777e-01,1.240029215812683105e+00,1.062428236007690430e+00,8.945257067680358887e-01,2.244685649871826172e+00,2.033576488494873047e+00,2.299298524856567383e+00,2.311549663543701172e+00,2.102371931076049805e+00,2.433318138122558594e+00,2.601140260696411133e+00,2.346582174301147461e+00,2.384944438934326172e+00,2.750218629837036133e+00,2.782230615615844727e+00,2.583469629287719727e+00,2.745563745498657227e+00,3.063295364379882812e+00,3.080553293228149414e+00,1.958886146545410156e+00,1.852853536605834961e+00,2.116269826889038086e+00,2.023684978485107422e+00,1.893403291702270508e+00,2.185092210769653320e+00,2.402008533477783203e+00,2.257496833801269531e+00,2.312000513076782227e+00,2.638447523117065430e+00,2.740597963333129883e+00,2.648461818695068359e+00,2.781378984451293945e+00,3.065417766571044922e+00,3.174745082855224609e+00
2.103853702545166016e+00,1.811676144599914551e+00,1.926168918609619141e+00,2.097762346267700195e+00,1.871413350105285645e+00,2.173165082931518555e+00,2.147788286209106445e+00,1.784384965896606445e+00,1.881778597831726074e+00,2.184098958969116211e+00,2.031634330749511719e+00,1.752673149108886719e+00,2.000480651855468750e+00,2.251133680343627930e+00,2.095481157302856445e+00,0.000000000000000000e+00,3.882539570331573486e-01,6.382439136505126953e-01,8.698869943618774414e-01,1.137361288070678711e+00,1.381637215614318848e+00,1.290625452995300293e+00,1.302647829055786133e+00,1.618744969367980957e+00,1.757072448730468750e+00,1.710593819618225098e+00,1.845759391784667969e+00,2.101632833480834961e+00,2.179384946823120117e+00,2.233240842819213867e+00,1.992856621742248535e+00,1.679458498954772949e+00,1.538043975830078125e+00,1.266668796539306641e+00,9.171783924102783203e-01,8.992519974708557129e-01,1.205342292785644531e+00,1.113154411315917969e+00,8.299050927162170410e-01,1.091180205345153809e+00,1.357148289680480957e+00,1.243026852607727051e+00,1.120840668678283691e+00,1.433417439460754395e+00,1.661396861076354980e+00,1.980152726173400879e+00,1.647341728210449219e+00,1.533001899719238281e+00,1.247519135475158691e+00,9.173349142074584961e-01,8.831366300582885742e-01,1.210683584213256836e+00,1.147547364234924316e+00,8.775817155838012695e-01,1.118166208267211914e+00,1.400250077247619629e+00,1.308410286903381348e+00,1.202782869338989258e+00,1.495306968688964844e+00,1.727815151214599609e+00,1.236141324043273926e+00,1.125582098960876465e+00,1.375657677650451660e+00,1.683638811111450195e+00,1.672524452209472656e+00,2.009752273559570312e+00,1.882837772369384766e+00,1.615313291549682617e+00,1.900870084762573242e+00,2.133840560913085938e+00,1.922469615936279297e+00,1.838189482688903809e+00,2.184215307235717773e+00,2.326092720031738281e+00,2.207913398742675781e+00
1.751629114151000977e+00,1.441130280494689941e+00,1.542516589164733887e+00,1.709789514541625977e+00,1.490964770317077637e+00,1.799523472785949707e+00,1.772250056266784668e+00,1.414760828018188477e+00,1.536075353622436523e+00,1.842811584472656250e+00,1.701874136924743652e+00,1.451807260513305664e+00,1.715843319892883301e+00,1.964133262634277344e+00,1.840126633644104004e+00,3.882539570331573486e-01,0.000000000000000000e+00,3.835602700710296631e-01,6.307206153869628906e-01,8.088051080703735352e-01,1.103542923927307129e+00,1.032085299491882324e+00,9.717019796371459961e-01,1.277807950973510742e+00,1.461928367614746094e+00,1.419588685035705566e+00,1.508301496505737305e+00,1.764569997787475586e+00,1.879783034324645996e+00,1.932129621505737305e+00,1.697319030761718750e+00,1.358692884445190430e+00,1.248906850814819336e+00,1.041862964630126953e+00,6.615438461303710938e-01,7.795286774635314941e-01,1.024306535720825195e+00,8.425340056419372559e-01,6.463283300399780273e-01,9.901816248893737793e-01,1.171028256416320801e+00,1.029962182044982910e+00,1.023029208183288574e+00,1.344724774360656738e+00,1.509827375411987305e+00,1.647532820701599121e+00,1.299855351448059082e+00,1.227584481239318848e+00,9.939954280853271484e-01,6.350933313369750977e-01,7.538277506828308105e-01,1.042103052139282227e+00,9.075274467468261719e-01,7.387880682945251465e-01,1.059308528900146484e+00,1.265727400779724121e+00,1.164160013198852539e+00,1.172640442848205566e+00,1.469356179237365723e+00,1.649947881698608398e+00,1.123205304145812988e+00,9.125791192054748535e-01,1.155193686485290527e+00,1.410669922828674316e+00,1.342430353164672852e+00,1.692168712615966797e+00,1.609825491905212402e+00,1.320196509361267090e+00,1.574745297431945801e+00,1.841491937637329102e+00,1.672283768653869629e+00,1.564408183097839355e+00,1.889415025711059570e+00,2.068816184997558594e+00,1.987627029418945312e+00
1.649192929267883301e+00,1.354846954345703125e+00,1.401441454887390137e+00,1.624492049217224121e+00,1.456912994384765625e+00,1.739812135696411133e+00,1.634510397911071777e+00,1.282001972198486328e+00,1.462058186531066895e+00,1.715284347534179688e+00,1.507659077644348145e+00,1.289229869842529297e+00,1.603473424911499023e+00,1.792066931724548340e+00,1.624950647354125977e+00,6.382439136505126953e-01,3.835602700710296631e-01,0.000000000000000000e+00,3.828086555004119873e-01,6.188762784004211426e-01,8.264052867889404297e-01,6.760495305061340332e-01,6.743319630622863770e-01,1.004265785217285156e+00,1.124663114547729492e+00,1.079402804374694824e+00,1.228131175041198730e+00,1.470193505287170410e+00,1.543945670127868652e+00,1.618285298347473145e+00,1.803326368331909180e+00,1.434855699539184570e+00,1.291050910949707031e+00,1.170205235481262207e+00,8.054564595222473145e-01,8.947464227676391602e-01,1.022915482521057129e+00,7.561705708503723145e-01,5.351261496543884277e-01,8.709188103675842285e-01,9.681659340858459473e-01,7.327233552932739258e-01,7.423350214958190918e-01,1.091537237167358398e+00,1.201093316078186035e+00,1.530821084976196289e+00,1.221351623535156250e+00,1.247360587120056152e+00,1.014399051666259766e+00,7.367846369743347168e-01,9.308645725250244141e-01,1.227416038513183594e+00,1.125267028808593750e+00,1.053891062736511230e+00,1.363489389419555664e+00,1.554489374160766602e+00,1.485928654670715332e+00,1.535884022712707520e+00,1.814579844474792480e+00,1.988747954368591309e+00,1.398701667785644531e+00,1.173132896423339844e+00,1.427962183952331543e+00,1.615701675415039062e+00,1.479171991348266602e+00,1.840934276580810547e+00,1.824080109596252441e+00,1.513170361518859863e+00,1.700749516487121582e+00,2.012221336364746094e+00,1.885092735290527344e+00,1.721917986869812012e+00,2.011035919189453125e+00,2.242210865020751953e+00,2.171635866165161133e+00
1.414582610130310059e+00,1.184938669204711914e+00,1.289482116699218750e+00,1.574692249298095703e+00,1.488970875740051270e+00,1.796765565872192383e+00,1.664705157279968262e+00,1.354656934738159180e+00,1.609516978263854980e+00,1.843381524085998535e+00,1.625647306442260742e+00,1.484527111053466797e+00,1.824548363685607910e+00,1.976260781288146973e+00,1.819539546966552734e+00,8.698869943618774414e-01,6.307206153869628906e-01,3.828086555004119873e-01,0.000000000000000000e+00,3.804221451282501221e-01,5.143805146217346191e-01,5.100845694541931152e-01,6.299707293510437012e-01,8.467361330986022949e-01,9.653851985931396484e-01,1.050607085227966309e+00,1.212358593940734863e+00,1.366328477859497070e+00,1.466100573539733887e+00,1.622123241424560547e+00,1.991241812705993652e+00,1.615441441535949707e+00,1.538756728172302246e+00,1.470294237136840820e+00,1.108868360519409180e+00,1.260692715644836426e+00,1.368418335914611816e+00,1.056063175201416016e+00,8.981516957283020020e-01,1.222457289695739746e+00,1.253943562507629395e+00,9.490302801132202148e-01,9.928803443908691406e-01,1.348130583763122559e+00,1.380827307701110840e+00,1.256237983703613281e+00,9.980859756469726562e-01,1.026159882545471191e+00,7.581660151481628418e-01,6.154082417488098145e-01,8.061281442642211914e-01,1.084131836891174316e+00,1.071155190467834473e+00,1.090030431747436523e+00,1.342691183090209961e+00,1.527496457099914551e+00,1.547205448150634766e+00,1.628842353820800781e+00,1.849094867706298828e+00,2.038069486618041992e+00,1.687249183654785156e+00,1.409692168235778809e+00,1.595316290855407715e+00,1.762154817581176758e+00,1.561655640602111816e+00,1.894157886505126953e+00,1.880638003349304199e+00,1.531586289405822754e+00,1.658604145050048828e+00,1.977305769920349121e+00,1.841317772865295410e+00,1.611948013305664062e+00,1.880651950836181641e+00,2.134749650955200195e+00,2.034678220748901367e+00
1.049662351608276367e+00,8.065245151519775391e-01,9.232953786849975586e-01,1.219214320182800293e+00,1.177445411682128906e+00,1.495063662528991699e+00,1.367775321006774902e+00,1.096279144287109375e+00,1.390943288803100586e+00,1.620159387588500977e+00,1.437898039817810059e+00,1.362651109695434570e+00,1.697110891342163086e+00,1.841118335723876953e+00,1.742803215980529785e+00,1.137361288070678711e+00,8.088051080703735352e-01,6.188762784004211426e-01,3.804221451282501221e-01,0.000000000000000000e+00,3.766559660434722900e-01,5.253065824508666992e-01,4.773322641849517822e-01,5.764956474304199219e-01,8.173551559448242188e-01,9.470875859260559082e-01,1.004640102386474609e+00,1.127642273902893066e+00,1.310513734817504883e+00,1.473154425621032715e+00,1.794629096984863281e+00,1.422894835472106934e+00,1.416408181190490723e+00,1.428881883621215820e+00,1.110887646675109863e+00,1.351654767990112305e+00,1.404757857322692871e+00,1.052777528762817383e+00,1.029796719551086426e+00,1.364378571510314941e+00,1.317780256271362305e+00,1.028264641761779785e+00,1.192057132720947266e+00,1.508082032203674316e+00,1.478050589561462402e+00,9.153683185577392578e-01,6.386055350303649902e-01,7.511635422706604004e-01,6.127232909202575684e-01,5.523216128349304199e-01,8.654167056083679199e-01,1.024252057075500488e+00,9.571816325187683105e-01,1.099320650100708008e+00,1.360207319259643555e+00,1.454200387001037598e+00,1.479321360588073730e+00,1.644605517387390137e+00,1.843410491943359375e+00,1.978352069854736328e+00,1.688938617706298828e+00,1.359379291534423828e+00,1.487689256668090820e+00,1.583397865295410156e+00,1.321124792098999023e+00,1.629729151725769043e+00,1.661687493324279785e+00,1.308167099952697754e+00,1.367755889892578125e+00,1.707422971725463867e+00,1.621529817581176758e+00,1.367021560668945312e+00,1.591516256332397461e+00,1.879896998405456543e+00,1.820171713829040527e+00
1.085797309875488281e+00,9.451516270637512207e-01,1.016258835792541504e+00,1.369419574737548828e+00,1.407436728477478027e+00,1.683251738548278809e+00,1.484688758850097656e+00,1.260553240776062012e+00,1.594666957855224609e+00,1.757359385490417480e+00,1.520749211311340332e+00,1.500238656997680664e+00,1.856967926025390625e+00,1.933843135833740234e+00,1.799326777458190918e+00,1.381637215614318848e+00,1.103542923927307129e+00,8.264052867889404297e-01,5.143805146217346191e-01,3.766559660434722900e-01,0.000000000000000000e+00,3.686682283878326416e-01,5.350064039230346680e-01,4.951477944850921631e-01,5.848944187164306641e-01,8.297714591026306152e-01,9.701028466224670410e-01,9.940851926803588867e-01,1.125123500823974609e+00,1.363248229026794434e+00,2.101345539093017578e+00,1.728502750396728516e+00,1.701067090034484863e+00,1.743397831916809082e+00,1.432971596717834473e+00,1.630795598030090332e+00,1.645723342895507812e+00,1.283828258514404297e+00,1.235692024230957031e+00,1.523395895957946777e+00,1.429837226867675781e+00,1.087688803672790527e+00,1.235021114349365234e+00,1.536772727966308594e+00,1.442966580390930176e+00,9.144170880317687988e-01,7.829204797744750977e-01,9.635766744613647461e-01,8.234677314758300781e-01,8.793625235557556152e-01,1.127158284187316895e+00,1.294070005416870117e+00,1.294821143150329590e+00,1.442051649093627930e+00,1.669881939888000488e+00,1.780648112297058105e+00,1.839762330055236816e+00,1.994886279106140137e+00,2.176034927368164062e+00,2.326981782913208008e+00,2.042673349380493164e+00,1.723847866058349609e+00,1.861717104911804199e+00,1.939341068267822266e+00,1.655730485916137695e+00,1.949217200279235840e+00,2.007104873657226562e+00,1.652824282646179199e+00,1.664202213287353516e+00,2.008074522018432617e+00,1.936615824699401855e+00,1.646879196166992188e+00,1.831856131553649902e+00,2.141524553298950195e+00,2.069315433502197266e+00
