,A1,A2,A3,A4,A5,A6,A7,A8,A9,A10,A11,A12,A13,A14,A15,B1,B2,B3,B4,B5,B6,B7,B8,B9,B10,B11,B12,B13,B14,B15,C1,C2,C3,C4,C5,C6,C7,C8,C9,C10,C11,C12,C13,C14,C15,D1,D2,D3,D4,D5,D6,D7,D8,D9,D10,D11,D12,D13,D14,D15,E1,E2,E3,E4,E5,E6,E7,E8,E9,E10,E11,E12,E13,E14,E15
A1,0.0,0.4023023843765259,0.6683964729309082,0.9081607460975647,1.1566789150238037,1.3861539363861084,1.5337826013565063,1.6021512746810913,1.7895804643630981,1.9952489137649536,2.1208336353302,2.2206122875213623,2.3963449001312256,2.5460944175720215,2.6946535110473633,0.8689496517181396,0.7574955821037292,1.0206525325775146,0.9850283265113831,1.0099685192108154,1.1576322317123413,1.4822036027908325,1.531079888343811,1.5229003429412842,1.782745122909546,2.010690689086914,2.0307514667510986,2.094189405441284,2.331050395965576,2.5293936729431152,1.345932960510254,1.1628211736679077,1.4739516973495483,1.6137428283691406,1.4632519483566284,1.7571080923080444,2.0208065509796143,1.8731626272201538,1.8803859949111938,2.2375266551971436,2.3655574321746826,2.237011432647705,2.366590976715088,2.667402505874634,2.754578113555908,1.2817062139511108,1.1718969345092773,1.4483468532562256,1.758837342262268,1.7077274322509766,2.075291633605957,2.226757764816284,2.052985906600952,2.2130088806152344,2.5491833686828613,2.5758073329925537,2.477648973464966,2.7099533081054688,2.9550676345825195,2.9707424640655518,0.7537962794303894,0.8119966983795166,1.0565109252929688,1.4181159734725952,1.5395214557647705,1.8720262050628662,1.9557150602340698,1.8969918489456177,2.1334450244903564,2.3950395584106445,2.420368194580078,2.446772336959839,2.693568468093872,2.8603367805480957,2.918975830078125
A2,0.4023023843765259,0.0,0.39620694518089294,0.6533355116844177,0.8048319816589355,1.093994379043579,1.2475671768188477,1.2548283338546753,1.437411904335022,1.679856300354004,1.7914929389953613,1.8544402122497559,2.0401108264923096,2.211930513381958,2.342623233795166,0.8638556599617004,0.5789231061935425,0.8045806288719177,0.8130975961685181,0.7312857508659363,0.9808802008628845,1.2680902481079102,1.2345138788223267,1.2600734233856201,1.5642284154891968,1.7411085367202759,1.7251310348510742,1.834136962890625,2.081460475921631,2.2368085384368896,1.2040255069732666,0.9317308068275452,1.1778740882873535,1.3411145210266113,1.1678091287612915,1.5015854835510254,1.7159883975982666,1.53720223903656,1.5922901630401611,1.9518709182739258,2.039595603942871,1.9162318706512451,2.086336851119995,2.3687658309936523,2.433650255203247,1.1043097972869873,0.8944467306137085,1.1079041957855225,1.4122989177703857,1.3434141874313354,1.7196340560913086,1.843989372253418,1.6606976985931396,1.8409628868103027,2.1693406105041504,2.1823689937591553,2.0964155197143555,2.3401970863342285,2.5709047317504883,2.5871763229370117,0.6779242157936096,0.5309584736824036,0.7380425930023193,1.0904051065444946,1.161643624305725,1.5106933116912842,1.587891936302185,1.5038906335830688,1.7389116287231445,2.008720874786377,2.029850959777832,2.046111822128296,2.2930305004119873,2.464728832244873,2.5227842330932617
A3,0.6683964729309082,0.39620694518089294,0.0,0.38831770420074463,0.6108891367912292,0.8748511075973511,0.9278954267501831,0.960198700428009,1.205323576927185,1.4000440835952759,1.4755308628082275,1.5867319107055664,1.7925554513931274,1.917722225189209,2.044084310531616,1.1197782754898071,0.7827719449996948,0.8179702758789062,0.6745856404304504,0.4467069208621979,0.6423848867416382,0.9529484510421753,0.913409411907196,0.8793116211891174,1.1847338676452637,1.3837096691131592,1.3679157495498657,1.448912262916565,1.6989868879318237,1.8728848695755005,1.4886558055877686,1.1516222953796387,1.2965972423553467,1.3871911764144897,1.111197829246521,1.423651099205017,1.616574764251709,1.3772343397140503,1.3867957592010498,1.7611992359161377,1.8263493776321411,1.6450564861297607,1.8078101873397827,2.1112005710601807,2.148772716522217,1.4278721809387207,1.1467782258987427,1.2619249820709229,1.525524377822876,1.3747180700302124,1.7527846097946167,1.8315454721450806,1.578523874282837,1.7592579126358032,2.094363212585449,2.0547120571136475,1.9196012020111084,2.1870951652526855,2.4198293685913086,2.384411334991455,1.003511667251587,0.7938794493675232,0.8232210278511047,1.1699204444885254,1.193310022354126,1.5476319789886475,1.5372941493988037,1.3997129201889038,1.685679316520691,1.9388549327850342,1.888002634048462,1.8963185548782349,2.187095880508423,2.3308932781219482,2.338587999343872
A4,0.9081607460975647,0.6533355116844177,0.38831770420074463,0.0,0.3973701000213623,0.521014928817749,0.6303738951683044,0.7688227295875549,0.9447025060653687,1.0957976579666138,1.2428088188171387,1.3912304639816284,1.5372493267059326,1.6555861234664917,1.8389455080032349,1.4752835035324097,1.1276822090148926,1.1708381175994873,1.0276128053665161,0.7061057686805725,0.8411332964897156,1.1366502046585083,1.0136492252349854,0.8689362406730652,1.2092978954315186,1.4053688049316406,1.296269178390503,1.3348383903503418,1.6415314674377441,1.7952146530151367,1.762403964996338,1.425066590309143,1.5334217548370361,1.6623399257659912,1.3787049055099487,1.7033474445343018,1.8349742889404297,1.5425829887390137,1.5851869583129883,1.954363226890564,1.9523228406906128,1.7289419174194336,1.9309065341949463,2.2259035110473633,2.1980066299438477,1.5705851316452026,1.3062114715576172,1.3332964181900024,1.6216951608657837,1.5065888166427612,1.8780314922332764,1.8803918361663818,1.620867133140564,1.862310528755188,2.162360429763794,2.063638925552368,1.9512487649917603,2.2590553760528564,2.4467360973358154,2.373765230178833,1.0453773736953735,0.8546590209007263,0.7087351679801941,1.0392214059829712,1.1307185888290405,1.4323397874832153,1.3458428382873535,1.2599639892578125,1.5920623540878296,1.7814490795135498,1.7089825868606567,1.7851251363754272,2.0814566612243652,2.1700847148895264,2.1880486011505127
A5,1.1566789150238037,0.8048319816589355,0.6108891367912292,0.3973701000213623,0.0,0.3812786042690277,0.5584331154823303,0.5248400568962097,0.6350477337837219,0.8928162455558777,1.038147211074829,1.0954197645187378,1.2425297498703003,1.4246454238891602,1.585992693901062,1.5518600940704346,1.1650607585906982,1.184370994567871,1.1317088603973389,0.7681879997253418,1.004970669746399,1.1976711750030518,0.956817626953125,0.8908485770225525,1.2661068439483643,1.3589133024215698,1.1826841831207275,1.3065471649169922,1.6170965433120728,1.6879032850265503,1.6858712434768677,1.3311173915863037,1.3568222522735596,1.5186405181884766,1.259756326675415,1.6039361953735352,1.659453272819519,1.3483980894088745,1.4742118120193481,1.819766879081726,1.7597907781600952,1.5647733211517334,1.8253825902938843,2.076846122741699,2.0206072330474854,1.453150749206543,1.1509554386138916,1.0687894821166992,1.3277345895767212,1.2245715856552124,1.5770304203033447,1.5303492546081543,1.2808023691177368,1.5618013143539429,1.8307996988296509,1.7164890766143799,1.6458731889724731,1.9659104347229004,2.1211013793945312,2.061594009399414,1.0939443111419678,0.7958252429962158,0.5394499897956848,0.7599336504936218,0.7805299758911133,1.0711451768875122,0.9693323969841003,0.8628847002983093,1.196966528892517,1.3875895738601685,1.3256655931472778,1.4044944047927856,1.689421534538269,1.7851347923278809,1.8234108686447144
A6,1.3861539363861084,1.093994379043579,0.8748511075973511,0.521014928817749,0.3812786042690277,0.0,0.3797360360622406,0.5512556433677673,0.5241968035697937,0.6502327919006348,0.9024327993392944,1.0380021333694458,1.092219591140747,1.2361747026443481,1.4747765064239502,1.900320291519165,1.5245661735534668,1.5451775789260864,1.4431904554367065,1.0638014078140259,1.2063153982162476,1.409456729888916,1.168700098991394,0.9929755330085754,1.34305739402771,1.4546637535095215,1.216979742050171,1.2603635787963867,1.6087031364440918,1.6773701906204224,2.048485517501831,1.7051082849502563,1.7301349639892578,1.890855073928833,1.6176294088363647,1.9456934928894043,1.980423927307129,1.6432160139083862,1.751800537109375,2.0882279872894287,1.991112232208252,1.7510055303573608,2.013643980026245,2.265260934829712,2.1556246280670166,1.7524653673171997,1.4876552820205688,1.3752237558364868,1.6380301713943481,1.5579811334609985,1.8885619640350342,1.7857465744018555,1.5338129997253418,1.838506817817688,2.0728397369384766,1.9028695821762085,1.8374888896942139,2.1814076900482178,2.297952175140381,2.19001841545105,1.2907296419143677,1.070069432258606,0.7406210899353027,0.9060844779014587,1.0092507600784302,1.2027159929275513,0.9981286525726318,0.9690636992454529,1.3341678380966187,1.429215431213379,1.3247408866882324,1.4823875427246094,1.7702900171279907,1.7893004417419434,1.8233424425125122
A7,1.5337826013565063,1.2475671768188477,0.9278954267501831,0.6303738951683044,0.5584331154823303,0.3797360360622406,0.0,0.376617431640625,0.5218568444252014,0.5122944712638855,0.6447572112083435,0.8794987797737122,0.9985791444778442,1.0483733415603638,1.2573802471160889,2.0009605884552,1.6171904802322388,1.5473185777664185,1.37883722782135,0.9856602549552917,1.0352641344070435,1.1859352588653564,0.9473952651023865,0.7014885544776917,1.0164647102355957,1.1288561820983887,0.8838935494422913,0.8850549459457397,1.2380125522613525,1.3266373872756958,2.2096519470214844,1.8354352712631226,1.8187342882156372,1.9053330421447754,1.5789263248443604,1.8588365316390991,1.884609341621399,1.5251179933547974,1.5766019821166992,1.9020459651947021,1.7965128421783447,1.5088616609573364,1.746590256690979,2.010502338409424,1.8830807209014893,2.0115716457366943,1.701066493988037,1.589288353919983,1.7972360849380493,1.6364418268203735,1.9535208940505981,1.847527265548706,1.5389639139175415,1.8023039102554321,2.0461716651916504,1.8465642929077148,1.715550422668457,2.060659170150757,2.1922366619110107,2.036822557449341,1.588544487953186,1.3394200801849365,1.0566222667694092,1.2248438596725464,1.2331759929656982,1.446672797203064,1.211261510848999,1.081534504890442,1.4516806602478027,1.554640769958496,1.3667489290237427,1.4688851833343506,1.8000293970108032,1.809288501739502,1.7641746997833252
A8,1.6021512746810913,1.2548283338546753,0.960198700428009,0.7688227295875549,0.5248400568962097,0.5512556433677673,0.376617431640625,0.0,0.37361952662467957,0.5543956160545349,0.5471476912498474,0.6355332732200623,0.8557106256484985,0.9763320088386536,1.0929850339889526,1.906486988067627,1.5062644481658936,1.3930500745773315,1.2863528728485107,0.8928134441375732,1.027911901473999,1.0834964513778687,0.7578579783439636,0.6530218124389648,0.9878942966461182,0.9867392182350159,0.7202293872833252,0.8750861883163452,1.1848291158676147,1.1969374418258667,2.0341053009033203,1.6477525234222412,1.5617109537124634,1.6349512338638306,1.321052074432373,1.5942631959915161,1.5684870481491089,1.2022932767868042,1.3067110776901245,1.6110135316848755,1.4745949506759644,1.2194768190383911,1.5006767511367798,1.7313387393951416,1.6065623760223389,1.881608009338379,1.533638596534729,1.3727506399154663,1.5181138515472412,1.3243070840835571,1.6160237789154053,1.4965646266937256,1.173897624015808,1.4344274997711182,1.6714345216751099,1.4730507135391235,1.345304250717163,1.691332459449768,1.8232728242874146,1.6873971223831177,1.6163297891616821,1.2940417528152466,1.0281912088394165,1.1272672414779663,1.0183444023132324,1.2424943447113037,1.0263344049453735,0.8009189367294312,1.1514039039611816,1.2980353832244873,1.1019930839538574,1.1390726566314697,1.480955719947815,1.533501386642456,1.4773015975952148
A9,1.7895804643630981,1.437411904335022,1.205323576927185,0.9447025060653687,0.6350477337837219,0.5241968035697937,0.5218568444252014,0.37361952662467957,0.0,0.3745232820510864,0.5423077344894409,0.5404370427131653,0.6096217036247253,0.823371171951294,1.0121454000473022,2.1291353702545166,1.729148507118225,1.671323537826538,1.6108633279800415,1.2192336320877075,1.384586215019226,1.4556323289871216,1.120835542678833,1.0193318128585815,1.3398501873016357,1.3142364025115967,0.9971065521240234,1.1319156885147095,1.4514296054840088,1.4030407667160034,2.1696817874908447,1.807239294052124,1.7148356437683105,1.847980260848999,1.5831220149993896,1.8763442039489746,1.8099559545516968,1.452074408531189,1.6156418323516846,1.8943216800689697,1.7132905721664429,1.4867972135543823,1.7985198497772217,1.9879873991012573,1.8222111463546753,1.9120765924453735,1.600866675376892,1.3752576112747192,1.5299404859542847,1.4153895378112793,1.676730990409851,1.4898953437805176,1.2226204872131348,1.5411982536315918,1.7149866819381714,1.484620451927185,1.4398529529571533,1.7982538938522339,1.8627572059631348,1.7289539575576782,1.6514290571212769,1.3476693630218506,1.008183479309082,1.0016725063323975,0.9368937611579895,1.053472876548767,0.7578036189079285,0.6266241073608398,0.991085946559906,1.0438767671585083,0.8522664308547974,1.003767967224121,1.3104294538497925,1.3038288354873657,1.3050832748413086
A10,1.9952489137649536,1.679856300354004,1.4000440835952759,1.0957976579666138,0.8928162455558777,0.6502327919006348,0.5122944712638855,0.5543956160545349,0.3745232820510864,0.0,0.3726326823234558,0.572960376739502,0.5363562107086182,0.5924903750419617,0.8767887353897095,2.4131009578704834,2.015845775604248,1.9378482103347778,1.8160908222198486,1.4177846908569336,1.4940087795257568,1.564538598060608,1.2608586549758911,1.0656991004943848,1.3250651359558105,1.3207066059112549,0.9740962386131287,0.9999046921730042,1.3347859382629395,1.29462730884552,2.513899564743042,2.1444356441497803,2.061713457107544,2.1655232906341553,1.867647409439087,2.133915424346924,2.071650981903076,1.6994167566299438,1.8093743324279785,2.078809976577759,1.8851412534713745,1.607115387916565,1.8897851705551147,2.0872840881347656,1.8792357444763184,2.2586350440979004,1.953769564628601,1.7454276084899902,1.9030007123947144,1.7716481685638428,2.0254361629486084,1.8259307146072388,1.5418120622634888,1.837409257888794,1.9984757900238037,1.730023741722107,1.6506297588348389,2.0115745067596436,2.059950351715088,1.8658044338226318,1.9151191711425781,1.6489886045455933,1.3016180992126465,1.3266767263412476,1.3058933019638062,1.3956693410873413,1.0644984245300293,0.9721406102180481,1.317278265953064,1.3041203022003174,1.0530650615692139,1.227211356163025,1.536949634552002,1.4574086666107178,1.4051789045333862
A11,2.1208336353302,1.7914929389953613,1.4755308628082275,1.2428088188171387,1.038147211074829,0.9024327993392944,0.6447572112083435,0.5471476912498474,0.5423077344894409,0.3726326823234558,0.0,0.3766382336616516,0.5210569500923157,0.46726784110069275,0.6148642897605896,2.4429993629455566,2.0437746047973633,1.8950647115707397,1.759214162826538,1.3781061172485352,1.4208693504333496,1.4033821821212769,1.0886516571044922,0.9261154532432556,1.1197565793991089,1.037415623664856,0.6671372056007385,0.7364331483840942,1.0295765399932861,0.9376344084739685,2.555285930633545,2.1679365634918213,2.0357789993286133,2.0774803161621094,1.7589653730392456,1.9730143547058105,1.880515456199646,1.5045721530914307,1.5864864587783813,1.8195104598999023,1.6025196313858032,1.3049461841583252,1.5791617631912231,1.7595187425613403,1.5290910005569458,2.3898932933807373,2.0458686351776123,1.833864688873291,1.9297735691070557,1.731705665588379,1.955509901046753,1.7575464248657227,1.4346258640289307,1.6783536672592163,1.836366057395935,1.5483201742172241,1.4110010862350464,1.7631109952926636,1.8216652870178223,1.5900648832321167,2.122154712677002,1.8152860403060913,1.5077464580535889,1.538009524345398,1.4270881414413452,1.5461913347244263,1.2366993427276611,1.037131428718567,1.348217248916626,1.371886968612671,1.062761664390564,1.131332516670227,1.4737341403961182,1.4150257110595703,1.272989273071289
A12,2.2206122875213623,1.8544402122497559,1.5867319107055664,1.3912304639816284,1.0954197645187378,1.0380021333694458,0.8794987797737122,0.6355332732200623,0.5404370427131653,0.572960376739502,0.3766382336616516,0.0,0.36199694871902466,0.5143669843673706,0.5208697319030762,2.439086675643921,2.0377559661865234,1.8896764516830444,1.8253889083862305,1.458528995513916,1.5786736011505127,1.5207369327545166,1.1601002216339111,1.1139360666275024,1.329010009765625,1.1677418947219849,0.8104779124259949,1.0070164203643799,1.2408952713012695,1.0630180835723877,2.4508018493652344,2.075328826904297,1.890605092048645,1.9472906589508057,1.6758134365081787,1.887825608253479,1.734315037727356,1.373617172241211,1.5326437950134277,1.726546049118042,1.464254379272461,1.2336268424987793,1.5577137470245361,1.6777750253677368,1.4396289587020874,2.2833750247955322,1.9364104270935059,1.6701009273529053,1.7083157300949097,1.5238906145095825,1.6960951089859009,1.4541025161743164,1.156648874282837,1.415354609489441,1.5232988595962524,1.2155228853225708,1.1331957578659058,1.4897576570510864,1.5063544511795044,1.2972702980041504,2.139587879180908,1.7983436584472656,1.4949524402618408,1.4429142475128174,1.261452078819275,1.3324365615844727,1.0323959589004517,0.7918170094490051,1.0431023836135864,1.0567278861999512,0.7252954840660095,0.7602192163467407,1.1014078855514526,1.056762933731079,0.9172547459602356
A13,2.3963449001312256,2.0401108264923096,1.7925554513931274,1.5372493267059326,1.2425297498703003,1.092219591140747,0.9985791444778442,0.8557106256484985,0.6096217036247253,0.5363562107086182,0.5210569500923157,0.36199694871902466,0.0,0.36188554763793945,0.5420028567314148,2.686537981033325,2.2841145992279053,2.1789934635162354,2.1181888580322266,1.7356300354003906,1.8567818403244019,1.8410120010375977,1.4884153604507446,1.3952258825302124,1.6186391115188599,1.4911127090454102,1.1204516887664795,1.2433922290802002,1.4991989135742188,1.3198374509811401,2.671654224395752,2.3116612434387207,2.146812677383423,2.2460522651672363,1.9930020570755005,2.227370023727417,2.0731141567230225,1.7177855968475342,1.8905330896377563,2.0856080055236816,1.815091848373413,1.5915030241012573,1.9119809865951538,2.0213074684143066,1.7606676816940308,2.422313690185547,2.1101438999176025,1.8210254907608032,1.8858153820037842,1.7645294666290283,1.9278775453567505,1.64946711063385,1.4052993059158325,1.6972506046295166,1.7618666887283325,1.4407074451446533,1.4243415594100952,1.7735947370529175,1.7351144552230835,1.5245171785354614,2.2360174655914307,1.9274131059646606,1.5805295705795288,1.4838359355926514,1.368390440940857,1.354727029800415,0.9997488856315613,0.8843148350715637,1.121035099029541,1.0137042999267578,0.6817947626113892,0.8691545724868774,1.140145182609558,0.9894915223121643,0.9066417217254639
A14,2.5460944175720215,2.211930513381958,1.917722225189209,1.6555861234664917,1.4246454238891602,1.2361747026443481,1.0483733415603638,0.9763320088386536,0.823371171951294,0.5924903750419617,0.46726784110069275,0.5143669843673706,0.36188554763793945,0.0,0.37625664472579956,2.873548746109009,2.4712471961975098,2.333299160003662,2.2188758850097656,1.8378667831420898,1.8871982097625732,1.8535103797912598,1.5335239171981812,1.3857730627059937,1.5395569801330566,1.415942668914795,1.0448424816131592,1.0834304094314575,1.315222144126892,1.131832480430603,2.926260471343994,2.5503549575805664,2.391169548034668,2.449558734893799,2.1587984561920166,2.3619096279144287,2.218825340270996,1.8539857864379883,1.9661610126495361,2.15022873878479,1.880089282989502,1.609112024307251,1.8890987634658813,2.0065858364105225,1.7152814865112305,2.711817979812622,2.386030673980713,2.124218463897705,2.192908525466919,2.0319151878356934,2.2027342319488525,1.940694808959961,1.6624618768692017,1.9152501821517944,1.9923102855682373,1.6565871238708496,1.5764917135238647,1.9159127473831177,1.8880417346954346,1.620237946510315,2.4679276943206787,2.170090913772583,1.828515887260437,1.784049153327942,1.6815751791000366,1.7021137475967407,1.348147988319397,1.2146214246749878,1.463367223739624,1.3696435689926147,1.023991346359253,1.1553871631622314,1.4372888803482056,1.2697027921676636,1.1064245700836182
A15,2.6946535110473633,2.342623233795166,2.044084310531616,1.8389455080032349,1.585992693901062,1.4747765064239502,1.2573802471160889,1.0929850339889526,1.0121454000473022,0.8767887353897095,0.6148642897605896,0.5208697319030762,0.5420028567314148,0.37625664472579956,0.0,2.919198751449585,2.520857334136963,2.3362948894500732,2.238165855407715,1.8846224546432495,1.9352961778640747,1.8279708623886108,1.502416968345642,1.4243919849395752,1.5288125276565552,1.320745825767517,0.9753990173339844,1.0861366987228394,1.2291605472564697,0.9558910131454468,2.94732666015625,2.568281650543213,2.3595190048217773,2.373880624771118,2.092602491378784,2.246419906616211,2.0589091777801514,1.7132002115249634,1.8244484663009644,1.9503154754638672,1.646339774131775,1.399119257926941,1.6754074096679688,1.739372968673706,1.4202046394348145,2.800994873046875,2.450956106185913,2.176790714263916,2.1815531253814697,1.9803475141525269,2.10229754447937,1.8340848684310913,1.549316167831421,1.7479774951934814,1.793031096458435,1.4404466152191162,1.3337936401367188,1.6469367742538452,1.6010870933532715,1.2993443012237549,2.6478271484375,2.314645290374756,2.003953695297241,1.9460111856460571,1.7695960998535156,1.7993444204330444,1.4790369272232056,1.2725504636764526,1.4603047370910645,1.3960669040679932,1.0257694721221924,1.0401214361190796,1.3208365440368652,1.1788760423660278,0.9197434186935425
B1,0.8689496517181396,0.8638556599617004,1.1197782754898071,1.4752835035324097,1.5518600940704346,1.900320291519165,2.0009605884552,1.906486988067627,2.1291353702545166,2.4131009578704834,2.4429993629455566,2.439086675643921,2.686537981033325,2.873548746109009,2.919198751449585,0.0,0.40309786796569824,0.6639744639396667,0.9034994840621948,1.148478388786316,1.3803365230560303,1.5311487913131714,1.6004992723464966,1.7814196348190308,1.9949570894241333,2.115781307220459,2.2115912437438965,2.3833441734313965,2.5367915630340576,2.683661699295044,0.703910768032074,0.6366801261901855,0.9737225770950317,1.0358833074569702,1.068615436553955,1.2703157663345337,1.574483036994934,1.5925904512405396,1.6170406341552734,1.8918304443359375,2.096888780593872,2.1053385734558105,2.197822332382202,2.435793876647949,2.617612361907959,1.0935487747192383,0.9684779047966003,1.3222883939743042,1.477606177330017,1.3942232131958008,1.6793874502182007,1.9579366445541382,1.854493260383606,1.8858132362365723,2.222996950149536,2.368307113647461,2.2794723510742188,2.40756893157959,2.6927900314331055,2.800128936767578,1.1960886716842651,1.0970438718795776,1.4399694204330444,1.681819200515747,1.6278820037841797,1.9745484590530396,2.162867784500122,2.0225167274475098,2.1388070583343506,2.479775905609131,2.545354127883911,2.4569125175476074,2.6561734676361084,2.913186550140381,2.964463949203491
B2,0.7574955821037292,0.5789231061935425,0.7827719449996948,1.1276822090148926,1.1650607585906982,1.5245661735534668,1.6171904802322388,1.5062644481658936,1.729148507118225,2.015845775604248,2.0437746047973633,2.0377559661865234,2.2841145992279053,2.4712471961975098,2.520857334136963,0.40309786796569824,0.0,0.3950975239276886,0.6493024826049805,0.7948777079582214,1.0859692096710205,1.241335153579712,1.249634861946106,1.4264429807662964,1.6752653121948242,1.781790852546692,1.8417348861694336,2.023588180541992,2.198162078857422,2.327425956726074,0.7744497656822205,0.4937306344509125,0.7723792791366577,0.8695285320281982,0.8006332516670227,1.0875929594039917,1.351227045059204,1.292184829711914,1.3470066785812378,1.658136248588562,1.8144850730895996,1.7888153791427612,1.9218493700027466,2.167860746383667,2.309692144393921,1.008983850479126,0.7581998705863953,1.0482056140899658,1.2282077074050903,1.1059924364089966,1.4378857612609863,1.6679946184158325,1.5230035781860352,1.5971622467041016,1.942189335823059,2.0443520545959473,1.9507689476013184,2.117825984954834,2.3896257877349854,2.4692699909210205,1.0327823162078857,0.8237176537513733,1.111189365386963,1.3585402965545654,1.2817338705062866,1.6467112302780151,1.7998329401016235,1.6422659158706665,1.786656379699707,2.1217939853668213,2.164201498031616,2.0850164890289307,2.3042185306549072,2.5449941158294678,2.587635040283203
B3,1.0206525325775146,0.8045806288719177,0.8179702758789062,1.1708381175994873,1.184370994567871,1.5451775789260864,1.5473185777664185,1.3930500745773315,1.671323537826538,1.9378482103347778,1.8950647115707397,1.8896764516830444,2.1789934635162354,2.333299160003662,2.3362948894500732,0.6639744639396667,0.3950975239276886,0.0,0.38326212763786316,0.6072449684143066,0.8701717853546143,0.9255430698394775,0.9642525911331177,1.2035523653030396,1.4009664058685303,1.4734818935394287,1.5845993757247925,1.7852369546890259,1.9114710092544556,2.0384554862976074,1.010345458984375,0.6761712431907654,0.7631399631500244,0.689978837966919,0.49389126896858215,0.7398222088813782,1.0347213745117188,0.978249192237854,0.9739993810653687,1.2853718996047974,1.4698584079742432,1.4463632106781006,1.5472196340560913,1.7971731424331665,1.9619975090026855,1.3246495723724365,1.0031242370605469,1.193112850189209,1.2868798971176147,1.0447237491607666,1.356174111366272,1.5837358236312866,1.3801270723342896,1.394984483718872,1.7615865468978882,1.8543051481246948,1.702299952507019,1.8520591259002686,2.152566909790039,2.21297287940979,1.3670883178710938,1.0961167812347412,1.2915241718292236,1.5200576782226562,1.362903118133545,1.737510323524475,1.8441599607467651,1.6134251356124878,1.7623971700668335,2.1087307929992676,2.096637725830078,1.9650521278381348,2.2116780281066895,2.457545757293701,2.446063280105591
B4,0.9850283265113831,0.8130975961685181,0.6745856404304504,1.0276128053665161,1.1317088603973389,1.4431904554367065,1.37883722782135,1.2863528728485107,1.6108633279800415,1.8160908222198486,1.759214162826538,1.8253889083862305,2.1181888580322266,2.2188758850097656,2.238165855407715,0.9034994840621948,0.6493024826049805,0.38326212763786316,0.0,0.399244099855423,0.5219354629516602,0.6325474381446838,0.7769343256950378,0.9473135471343994,1.1027683019638062,1.2464619874954224,1.3947396278381348,1.5349807739257812,1.6547741889953613,1.8383766412734985,1.3703798055648804,1.035938024520874,1.1180766820907593,1.0194201469421387,0.7158911824226379,0.8993565440177917,1.1938401460647583,1.063638687133789,0.9532505869865417,1.299830436706543,1.484889268875122,1.37465238571167,1.4355474710464478,1.7380547523498535,1.884318470954895,1.6132307052612305,1.2918857336044312,1.4527767896652222,1.5810909271240234,1.3157542943954468,1.6404083967208862,1.8157916069030762,1.551598310470581,1.5846854448318481,1.9560737609863281,1.9891037940979004,1.7853091955184937,1.9661617279052734,2.2695791721343994,2.2682623863220215,1.4722203016281128,1.2277594804763794,1.360109806060791,1.6392953395843506,1.5191774368286133,1.8982354402542114,1.9351246356964111,1.695897102355957,1.9076818227767944,2.2257285118103027,2.1577601432800293,2.0456228256225586,2.33495831489563,2.541968584060669,2.492743492126465
B5,1.0099685192108154,0.7312857508659363,0.4467069208621979,0.7061057686805725,0.7681879997253418,1.0638014078140259,0.9856602549552917,0.8928134441375732,1.2192336320877075,1.4177846908569336,1.3781061172485352,1.458528995513916,1.7356300354003906,1.8378667831420898,1.8846224546432495,1.148478388786316,0.7948777079582214,0.6072449684143066,0.399244099855423,0.0,0.3810713291168213,0.5558978319168091,0.5264018774032593,0.634361743927002,0.8957133293151855,1.0364476442337036,1.0944981575012207,1.2368452548980713,1.4199296236038208,1.581083059310913,1.500242829322815,1.1209172010421753,1.1545369625091553,1.1317331790924072,0.7820180654525757,1.0448662042617798,1.2343429327011108,0.9910972714424133,0.9494540691375732,1.325156569480896,1.4114007949829102,1.2368545532226562,1.3753553628921509,1.6807485818862915,1.7486467361450195,1.5902469158172607,1.2395659685134888,1.3111015558242798,1.4701192378997803,1.2131534814834595,1.5619932413101196,1.657354712486267,1.3599637746810913,1.4704288244247437,1.8246201276779175,1.7929108142852783,1.6013457775115967,1.8423490524291992,2.1077330112457275,2.0680124759674072,1.3663541078567505,1.0776463747024536,1.0993684530258179,1.3696517944335938,1.2586266994476318,1.625880241394043,1.607090950012207,1.3708282709121704,1.627718448638916,1.9146534204483032,1.8211559057235718,1.746078610420227,2.0550482273101807,2.226952314376831,2.1792774200439453
B6,1.1576322317123413,0.9808802008628845,0.6423848867416382,0.8411332964897156,1.004970669746399,1.2063153982162476,1.0352641344070435,1.027911901473999,1.384586215019226,1.4940087795257568,1.4208693504333496,1.5786736011505127,1.8567818403244019,1.8871982097625732,1.9352961778640747,1.3803365230560303,1.0859692096710205,0.8701717853546143,0.5219354629516602,0.3810713291168213,0.0,0.37819617986679077,0.5540471076965332,0.5239273309707642,0.6567960381507874,0.9057182669639587,1.0417019128799438,1.0890600681304932,1.2350821495056152,1.4740098714828491,1.829300045967102,1.4659416675567627,1.506619930267334,1.4273452758789062,1.0557007789611816,1.2258578538894653,1.4341354370117188,1.192185878753662,1.0380953550338745,1.39693021774292,1.5057586431503296,1.2719224691390991,1.3326913118362427,1.6760988235473633,1.7431939840316772,1.9456422328948975,1.6100696325302124,1.6896895170211792,1.845159649848938,1.5689336061477661,1.9007312059402466,1.9844329357147217,1.6594817638397217,1.743510365486145,2.0946381092071533,2.0343456268310547,1.7934736013412476,2.0299031734466553,2.304100751876831,2.217395067214966,1.6371288299560547,1.3980859518051147,1.3983060121536255,1.6905027627944946,1.604733943939209,1.9594990015029907,1.89438796043396,1.6541059017181396,1.9365099668502808,2.197690010070801,2.056623697280884,1.9839575290679932,2.317169189453125,2.459481716156006,2.368406057357788
B7,1.4822036027908325,1.2680902481079102,0.9529484510421753,1.1366502046585083,1.1976711750030518,1.409456729888916,1.1859352588653564,1.0834964513778687,1.4556323289871216,1.564538598060608,1.4033821821212769,1.5207369327545166,1.8410120010375977,1.8535103797912598,1.8279708623886108,1.5311487913131714,1.241335153579712,0.9255430698394775,0.6325474381446838,0.5558978319168091,0.37819617986679077,0.0,0.37974613904953003,0.5214122533798218,0.5150122046470642,0.6473915576934814,0.8815338611602783,0.9931330680847168,1.0448557138442993,1.2551053762435913,1.9180850982666016,1.5449033975601196,1.4971823692321777,1.3385087251663208,0.9470601677894592,1.0227811336517334,1.1926298141479492,0.9582830667495728,0.7288716435432434,1.0612401962280273,1.1811085939407349,0.9460798501968384,0.9630554914474487,1.3109405040740967,1.40384840965271,2.10689377784729,1.7388637065887451,1.7765228748321533,1.8550574779510498,1.5220026969909668,1.8047677278518677,1.8867167234420776,1.5421785116195679,1.561964511871338,1.9065083265304565,1.8469719886779785,1.5615434646606445,1.7655444145202637,2.057673931121826,1.962200403213501,1.9188824892044067,1.631361961364746,1.6203683614730835,1.8587367534637451,1.6959500312805176,2.039799690246582,1.9693783521652222,1.6738719940185547,1.9205409288406372,2.1922366619110107,2.0227608680725098,1.888081431388855,2.2231550216674805,2.3804891109466553,2.2454516887664795
B8,1.531079888343811,1.2345138788223267,0.913409411907196,1.0136492252349854,0.956817626953125,1.168700098991394,0.9473952651023865,0.7578579783439636,1.120835542678833,1.2608586549758911,1.0886516571044922,1.1601002216339111,1.4884153604507446,1.5335239171981812,1.502416968345642,1.6004992723464966,1.249634861946106,0.9642525911331177,0.7769343256950378,0.5264018774032593,0.5540471076965332,0.37974613904953003,0.0,0.37221142649650574,0.5516112446784973,0.5415613055229187,0.6295685768127441,0.8445712327957153,0.9666318893432617,1.083763837814331,1.8634905815124512,1.4671990871429443,1.362507939338684,1.258573293685913,0.8661643862724304,1.0178567171096802,1.0829054117202759,0.7612833976745605,0.6660685539245605,1.011055827140808,1.0184638500213623,0.7609845399856567,0.9186487197875977,1.2273520231246948,1.2480162382125854,1.9714159965515137,1.583646535873413,1.543918251991272,1.6084318161010742,1.2790666818618774,1.5582505464553833,1.5829291343688965,1.2225948572158813,1.2935798168182373,1.6197919845581055,1.5218491554260254,1.2578775882720947,1.5087412595748901,1.7684400081634521,1.6648238897323608,1.8199266195297241,1.4873273372650146,1.4110450744628906,1.5946298837661743,1.4000564813613892,1.7199457883834839,1.6261504888534546,1.314990758895874,1.5640194416046143,1.823138952255249,1.6443455219268799,1.512719988822937,1.8524110317230225,2.00195050239563,1.874197244644165
B9,1.5229003429412842,1.2600734233856201,0.8793116211891174,0.8689362406730652,0.8908485770225525,0.9929755330085754,0.7014885544776917,0.6530218124389648,1.0193318128585815,1.0656991004943848,0.9261154532432556,1.1139360666275024,1.3952258825302124,1.3857730627059937,1.4243919849395752,1.7814196348190308,1.4264429807662964,1.2035523653030396,0.9473135471343994,0.634361743927002,0.5239273309707642,0.5214122533798218,0.37221142649650574,0.0,0.3759917914867401,0.5451433062553406,0.5457896590232849,0.6053106188774109,0.8215187788009644,1.0120644569396973,2.097391366958618,1.7027509212493896,1.6497294902801514,1.5922318696975708,1.2033061981201172,1.3789551258087158,1.4539872407913208,1.1216812133789062,1.0260008573532104,1.3539185523986816,1.3327022790908813,1.0193352699279785,1.1587748527526855,1.4783810377120972,1.4367504119873047,2.122652530670166,1.7569537162780762,1.7165265083312988,1.841007947921753,1.554298996925354,1.8556119203567505,1.839979887008667,1.4782698154449463,1.605919599533081,1.9101519584655762,1.7637603282928467,1.5144789218902588,1.7992100715637207,2.0224978923797607,1.870908260345459,1.8271832466125488,1.5364744663238525,1.4043772220611572,1.6198134422302246,1.5010650157928467,1.801742672920227,1.649217963218689,1.3848503828048706,1.6921583414077759,1.898079752922058,1.690041184425354,1.6303781270980835,1.9868425130844116,2.078054428100586,1.9482779502868652
B10,1.782745122909546,1.5642284154891968,1.1847338676452637,1.2092978954315186,1.2661068439483643,1.34305739402771,1.0164647102355957,0.9878942966461182,1.3398501873016357,1.3250651359558105,1.1197565793991089,1.329010009765625,1.6186391115188599,1.5395569801330566,1.5288125276565552,1.9949570894241333,1.6752653121948242,1.4009664058685303,1.1027683019638062,0.8957133293151855,0.6567960381507874,0.5150122046470642,0.5516112446784973,0.3759917914867401,0.0,0.3720136880874634,0.5732115507125854,0.527814507484436,0.5848286151885986,0.8702176809310913,2.3598642349243164,1.9708656072616577,1.9027793407440186,1.7789376974105835,1.381506323814392,1.4657702445983887,1.546093463897705,1.247115135192871,1.0508249998092651,1.3235557079315186,1.3294076919555664,0.9873480200767517,1.0162509679794312,1.3552041053771973,1.3263163566589355,2.4526617527008057,2.081965446472168,2.0549986362457275,2.1475791931152344,1.8272255659103394,2.098656415939331,2.0940542221069336,1.7207998037338257,1.7879886627197266,2.0857129096984863,1.9360743761062622,1.6363178491592407,1.8838568925857544,2.122499465942383,1.9389913082122803,2.167973041534424,1.8879913091659546,1.7765419483184814,1.9941198825836182,1.858741283416748,2.155832052230835,1.9949195384979248,1.7113529443740845,2.0004663467407227,2.201188802719116,1.9621895551681519,1.8684792518615723,2.2288413047790527,2.312746524810791,2.132720947265625
B11,2.010690689086914,1.7411085367202759,1.3837096691131592,1.4053688049316406,1.3589133024215698,1.4546637535095215,1.1288561820983887,0.9867392182350159,1.3142364025115967,1.3207066059112549,1.037415623664856,1.1677418947219849,1.4911127090454102,1.415942668914795,1.320745825767517,2.115781307220459,1.781790852546692,1.4734818935394287,1.2464619874954224,1.0364476442337036,0.9057182669639587,0.6473915576934814,0.5415613055229187,0.5451433062553406,0.3720136880874634,0.0,0.3752659559249878,0.5168521404266357,0.4634521007537842,0.6099039912223816,2.3905158042907715,1.9962060451507568,1.8545711040496826,1.7062554359436035,1.3242660760879517,1.3675066232681274,1.3611088991165161,1.053694725036621,0.8791308403015137,1.0882071256637573,1.0245922803878784,0.6582367420196533,0.7201216816902161,1.0281039476394653,0.9609341025352478,2.5016157627105713,2.110107898712158,2.030369997024536,2.060115098953247,1.7150143384933472,1.9345104694366455,1.901719331741333,1.5226335525512695,1.5561327934265137,1.8225702047348022,1.6543866395950317,1.330823540687561,1.565291404724121,1.7942867279052734,1.5932492017745972,2.3207647800445557,1.9963451623916626,1.8675529956817627,2.0238096714019775,1.8250232934951782,2.0951404571533203,1.9297741651535034,1.607157826423645,1.854308843612671,2.051665782928467,1.7914445400238037,1.6456867456436157,1.9994889497756958,2.0907952785491943,1.8754874467849731
B12,2.0307514667510986,1.7251310348510742,1.3679157495498657,1.296269178390503,1.1826841831207275,1.216979742050171,0.8838935494422913,0.7202293872833252,0.9971065521240234,0.9740962386131287,0.6671372056007385,0.8104779124259949,1.1204516887664795,1.0448424816131592,0.9753990173339844,2.2115912437438965,1.8417348861694336,1.5845993757247925,1.3947396278381348,1.0944981575012207,1.0417019128799438,0.8815338611602783,0.6295685768127441,0.5457896590232849,0.5732115507125854,0.3752659559249878,0.0,0.3635270893573761,0.5141502618789673,0.5179517865180969,2.4192934036254883,2.018122434616089,1.866849660873413,1.7870417833328247,1.4201844930648804,1.5361088514328003,1.4787788391113281,1.123293399810791,1.0699472427368164,1.2890762090682983,1.1350536346435547,0.7743661999702454,0.9679712653160095,1.2101064920425415,1.0469956398010254,2.4336719512939453,2.047703981399536,1.912106990814209,1.9571565389633179,1.6502163410186768,1.8714148998260498,1.772253394126892,1.395248532295227,1.5058653354644775,1.7359362840652466,1.5114516019821167,1.235363483428955,1.5295610427856445,1.6984188556671143,1.4712423086166382,2.2305245399475098,1.898878812789917,1.7039285898208618,1.8173997402191162,1.6314293146133423,1.858375906944275,1.6462199687957764,1.3415058851242065,1.6100279092788696,1.7603620290756226,1.47588312625885,1.3755744695663452,1.738048791885376,1.787196159362793,1.5795164108276367
B13,2.094189405441284,1.834136962890625,1.448912262916565,1.3348383903503418,1.3065471649169922,1.2603635787963867,0.8850549459457397,0.8750861883163452,1.1319156885147095,0.9999046921730042,0.7364331483840942,1.0070164203643799,1.2433922290802002,1.0834304094314575,1.0861366987228394,2.3833441734313965,2.023588180541992,1.7852369546890259,1.5349807739257812,1.2368452548980713,1.0890600681304932,0.9931330680847168,0.8445712327957153,0.6053106188774109,0.527814507484436,0.5168521404266357,0.3635270893573761,0.0,0.361958771944046,0.5438162684440613,2.661524534225464,2.2612881660461426,2.154618740081787,2.0808584690093994,1.698181390762329,1.8159011602401733,1.8021817207336426,1.4552651643753052,1.3543356657028198,1.5816395282745361,1.4611865282058716,1.0877219438552856,1.20504629611969,1.468087077140808,1.299725890159607,2.65195369720459,2.281252384185791,2.1711366176605225,2.258800745010376,1.9682881832122803,2.213022232055664,2.1153244972229004,1.7411538362503052,1.8656669855117798,2.097670078277588,1.864221453666687,1.5934778451919556,1.8843423128128052,2.0436012744903564,1.792523741722107,2.3450839519500732,2.0540387630462646,1.8456121683120728,1.996938943862915,1.8706170320510864,2.0953750610351562,1.8543554544448853,1.5933598279953003,1.8956643342971802,2.0132570266723633,1.7173136472702026,1.6715354919433594,2.0346527099609375,2.0415561199188232,1.8324440717697144
