,A1,A2,A3,A4,A5,A6,A7,A8,A9,A10,A11,A12,A13,A14,A15,B1,B2,B3,B4,B5,B6,B7,B8,B9,B10,B11,B12,B13,B14,B15,C1,C2,C3,C4,C5,C6,C7,C8,C9,C10,C11,C12,C13,C14,C15,D1,D2,D3,D4,D5,D6,D7,D8,D9,D10,D11,D12,D13,D14,D15,E1,E2,E3,E4,E5,E6,E7,E8,E9,E10,E11,E12,E13,E14,E15
A1,0.0,0.3852273225784302,0.5788966417312622,0.8870062232017517,0.9452962875366211,1.0745996236801147,1.3362945318222046,1.4445469379425049,1.5275613069534302,1.7345772981643677,1.9318358898162842,2.013460636138916,2.100513458251953,2.282583713531494,2.542210102081299,0.786966860294342,0.8689139485359192,1.1665846109390259,1.3430075645446777,1.1657592058181763,1.346630573272705,1.6746402978897095,1.6420657634735107,1.6049782037734985,1.904061198234558,2.110459089279175,2.055781126022339,2.1125006675720215,2.3956708908081055,2.620701551437378,1.4414585828781128,1.3430802822113037,1.7269513607025146,1.7192655801773071,1.579671025276184,1.914032220840454,2.1211860179901123,1.9458153247833252,2.020958185195923,2.37387752532959,2.4325592517852783,2.3027729988098145,2.4809393882751465,2.7754173278808594,2.890026330947876,1.374596118927002,1.2062029838562012,1.504912257194519,1.4346197843551636,1.526648998260498,1.8800853490829468,1.94468092918396,1.8383057117462158,2.0868284702301025,2.364640474319458,2.3459177017211914,2.3440282344818115,2.6040549278259277,2.789518117904663,2.886903762817383,0.7766509056091309,0.6573337316513062,0.8025604486465454,0.867132306098938,1.1074107885360718,1.342375636100769,1.4194200038909912,1.4905542135238647,1.7326213121414185,1.9191336631774902,1.9907658100128174,2.111715078353882,2.3011374473571777,2.4277641773223877,2.6254353523254395
A2,0.3852273225784302,0.0,0.3954736292362213,0.5629995465278625,0.611006498336792,0.8324494957923889,1.051316738128662,1.1052874326705933,1.2348034381866455,1.4668389558792114,1.61696195602417,1.6878939867019653,1.8171204328536987,1.998693585395813,2.227893590927124,0.7217572927474976,0.6285808682441711,0.9112112522125244,1.0135225057601929,0.798313319683075,1.0171767473220825,1.3227860927581787,1.2630650997161865,1.2471752166748047,1.5581529140472412,1.740502119064331,1.6899635791778564,1.7728842496871948,2.047736883163452,2.261057138442993,1.2857187986373901,1.10915207862854,1.462796688079834,1.4133046865463257,1.235317587852478,1.572625994682312,1.7696418762207031,1.5748913288116455,1.642665147781372,1.9985697269439697,2.052255868911743,1.9179530143737793,2.0976474285125732,2.391000986099243,2.505844831466675,1.281136393547058,1.0337319374084473,1.3336657285690308,1.2093095779418945,1.234444260597229,1.6053459644317627,1.6717346906661987,1.5190403461456299,1.7510472536087036,2.0474894046783447,2.0215911865234375,1.9889371395111084,2.2498786449432373,2.45224928855896,2.5396201610565186,0.8497340083122253,0.5687229633331299,0.7618771195411682,0.6791103482246399,0.8577907681465149,1.1616870164871216,1.2164270877838135,1.205377221107483,1.4628733396530151,1.6847302913665771,1.7180606126785278,1.7999567985534668,2.017688512802124,2.1642391681671143,2.3298895359039307
A3,0.5788966417312622,0.3954736292362213,0.0,0.3803674876689911,0.556946873664856,0.6112861037254333,0.7896825075149536,0.9669998288154602,1.103783130645752,1.246541142463684,1.422421932220459,1.5705629587173462,1.6712944507598877,1.7941739559173584,2.0584583282470703,0.9639458060264587,0.8864896893501282,1.0379869937896729,1.1436222791671753,0.8517458438873291,0.946659505367279,1.291953206062317,1.2397353649139404,1.1075135469436646,1.4024790525436401,1.636502742767334,1.5614746809005737,1.5690850019454956,1.864580750465393,2.1022791862487793,1.6160272359848022,1.4315019845962524,1.752894639968872,1.6765598058700562,1.4358848333358765,1.7466320991516113,1.9426716566085815,1.699715256690979,1.7089513540267944,2.076648473739624,2.117335557937622,1.9174973964691162,2.079585552215576,2.4028773307800293,2.4821937084198,1.670504093170166,1.4027475118637085,1.6793105602264404,1.4979790449142456,1.4984017610549927,1.8737560510635376,1.8958936929702759,1.6870005130767822,1.9273793697357178,2.2263548374176025,2.1431217193603516,2.072568655014038,2.3647782802581787,2.565279483795166,2.595397710800171,1.2026349306106567,0.9126315116882324,0.9801437258720398,0.7955372929573059,1.0468909740447998,1.3202210664749146,1.2587794065475464,1.2492433786392212,1.5730392932891846,1.7447291612625122,1.7087929248809814,1.830222725868225,2.0861940383911133,2.1786110401153564,2.310070037841797
A4,0.8870062232017517,0.5629995465278625,0.3803674876689911,0.0,0.3714585304260254,0.5325791835784912,0.5577273964881897,0.6625924110412598,0.8989555239677429,1.053510308265686,1.1447309255599976,1.2946501970291138,1.4577544927597046,1.5652142763137817,1.785096526145935,1.037123441696167,0.830819308757782,0.8928307294845581,0.8941457867622375,0.5485580563545227,0.6373202800750732,0.9491353034973145,0.866890013217926,0.7334297895431519,1.0439070463180542,1.2589085102081299,1.1959809064865112,1.2280268669128418,1.5108507871627808,1.7431679964065552,1.55314302444458,1.3164746761322021,1.5752370357513428,1.4616641998291016,1.1745266914367676,1.4595210552215576,1.6427335739135742,1.3786964416503906,1.3561830520629883,1.7239642143249512,1.763573169708252,1.5485562086105347,1.701643705368042,2.029324531555176,2.1098856925964355,1.6755465269088745,1.3685661554336548,1.6267402172088623,1.4095176458358765,1.3277111053466797,1.697675108909607,1.7232941389083862,1.4617729187011719,1.6650128364562988,1.9809246063232422,1.8892631530761719,1.7710936069488525,2.0596344470977783,2.282569169998169,2.295475482940674,1.368908405303955,1.02238130569458,1.1186603307724,0.8397197723388672,0.9819298386573792,1.2950142621994019,1.2065452337265015,1.088276982307434,1.4182935953140259,1.621811032295227,1.530731201171875,1.596541166305542,1.8873707056045532,1.9998841285705566,2.082906723022461
A5,0.9452962875366211,0.611006498336792,0.556946873664856,0.3714585304260254,0.0,0.3783676028251648,0.5518764853477478,0.5126577019691467,0.6371453404426575,0.8929782509803772,1.0210579633712769,1.0784902572631836,1.2183735370635986,1.401179552078247,1.618363380432129,1.2180051803588867,0.9626316428184509,1.1142430305480957,1.0249305963516235,0.6762469410896301,0.8917723298072815,1.1151137351989746,0.9112521409988403,0.8300612568855286,1.191117286682129,1.3121007680892944,1.1674222946166992,1.2704235315322876,1.5837358236312866,1.7433967590332031,1.595517635345459,1.2999567985534668,1.5435748100280762,1.3578957319259644,1.1253786087036133,1.452885389328003,1.5583103895187378,1.2643293142318726,1.3330446481704712,1.6883366107940674,1.6585638523101807,1.4634647369384766,1.686970829963684,1.9780588150024414,2.023434638977051,1.576270580291748,1.22598397731781,1.4106813669204712,1.1382590532302856,1.1025052070617676,1.4589459896087646,1.4256987571716309,1.176324486732483,1.434094786643982,1.7152299880981445,1.5999398231506348,1.5325027704238892,1.8403180837631226,2.021848678588867,2.0435194969177246,1.238655924797058,0.8620359897613525,0.878202497959137,0.5370740294456482,0.6525320410728455,0.941315770149231,0.8409903645515442,0.7266555428504944,1.0605800151824951,1.2550593614578247,1.1914788484573364,1.2785236835479736,1.5466982126235962,1.6583685874938965,1.7760450839996338
A6,1.0745996236801147,0.8324494957923889,0.6112861037254333,0.5325791835784912,0.3783676028251648,0.0,0.3792921304702759,0.5392573475837708,0.5314204692840576,0.661226212978363,0.9003452658653259,1.0296968221664429,1.0740963220596313,1.2140215635299683,1.5000675916671753,1.4874968528747559,1.286515712738037,1.4103673696517944,1.353930950164795,0.9877797365188599,1.1027216911315918,1.3442476987838745,1.1430888175964355,0.944464921951294,1.2808936834335327,1.4317898750305176,1.2260096073150635,1.2445100545883179,1.59739351272583,1.7546592950820923,1.9573532342910767,1.6745089292526245,1.9209048748016357,1.7260339260101318,1.4860421419143677,1.7960865497589111,1.885815978050232,1.5645079612731934,1.6068496704101562,1.9552778005599976,1.8934016227722168,1.6475878953933716,1.8690860271453857,2.1701037883758545,2.1613287925720215,1.9175022840499878,1.5712810754776,1.7324399948120117,1.437245488166809,1.4403778314590454,1.7786128520965576,1.688902735710144,1.4343937635421753,1.716017723083496,1.9652458429336548,1.7912075519561768,1.7264657020568848,2.0618176460266113,2.2089242935180664,2.176809310913086,1.4633992910385132,1.1116031408309937,1.0137606859207153,0.6701516509056091,0.8930125832557678,1.074609637260437,0.8557788729667664,0.8309731483459473,1.2016348838806152,1.2938600778579712,1.1843944787979126,1.3591910600662231,1.6305055618286133,1.6577908992767334,1.7673319578170776
A7,1.3362945318222046,1.051316738128662,0.7896825075149536,0.5577273964881897,0.5518764853477478,0.3792921304702759,0.0,0.373049259185791,0.53913414478302,0.5333178639411926,0.6537905931472778,0.8891340494155884,0.9975832104682922,1.0396989583969116,1.298314094543457,1.5946998596191406,1.364798665046692,1.3830623626708984,1.292765498161316,0.9265456199645996,0.9335643649101257,1.131882667541504,0.9430127143859863,0.656864583492279,0.9540058970451355,1.125954508781433,0.9250456094741821,0.8846007585525513,1.2375465631484985,1.4199057817459106,2.0462288856506348,1.7602622509002686,1.9564679861068726,1.75969660282135,1.4664584398269653,1.718190312385559,1.8138947486877441,1.4792718887329102,1.4433646202087402,1.7822253704071045,1.7322286367416382,1.4389758110046387,1.6175490617752075,1.9400638341903687,1.9214495420455933,2.113030433654785,1.7627493143081665,1.936028242111206,1.6360419988632202,1.5572218894958496,1.8859742879867554,1.8125102519989014,1.502590537071228,1.7262215614318848,1.9949346780776978,1.8057081699371338,1.66584050655365,1.9963322877883911,2.1738533973693848,2.0985801219940186,1.7673275470733643,1.4001706838607788,1.360089659690857,1.0011520385742188,1.1417452096939087,1.3542251586914062,1.117508888244629,0.9857390522956848,1.3530970811843872,1.4598382711410522,1.2632217407226562,1.3802855014801025,1.700610876083374,1.726015329360962,1.7539916038513184
A8,1.4445469379425049,1.1052874326705933,0.9669998288154602,0.6625924110412598,0.5126577019691467,0.5392573475837708,0.373049259185791,0.0,0.3736990690231323,0.5468935966491699,0.5329051613807678,0.634475588798523,0.8420336842536926,0.9627133011817932,1.1400305032730103,1.6231307983398438,1.3238238096237183,1.3542087078094482,1.1681396961212158,0.822211503982544,0.9211683869361877,1.01763117313385,0.7289517521858215,0.5518338680267334,0.8918957114219666,0.9447067379951477,0.7076686024665833,0.8136163949966431,1.1485174894332886,1.2635598182678223,1.9160906076431274,1.5887432098388672,1.7319194078445435,1.4880183935165405,1.2138179540634155,1.460795521736145,1.5013917684555054,1.149735689163208,1.1575583219528198,1.4824289083480835,1.3949191570281982,1.1211678981781006,1.348201870918274,1.6425479650497437,1.6230829954147339,1.956611156463623,1.5870342254638672,1.7134734392166138,1.3926892280578613,1.275476336479187,1.5754731893539429,1.4909073114395142,1.1596896648406982,1.3686208724975586,1.6320226192474365,1.4420229196548462,1.29349684715271,1.6240299940109253,1.8039964437484741,1.7414509057998657,1.7230392694473267,1.3409556150436401,1.3213661909103394,0.9455803036689758,0.9612281322479248,1.1799384355545044,0.9679811000823975,0.7302947044372559,1.066649317741394,1.2169557809829712,1.007441520690918,1.053572177886963,1.3874047994613647,1.4593799114227295,1.4743351936340332
A9,1.5275613069534302,1.2348034381866455,1.103783130645752,0.8989555239677429,0.6371453404426575,0.5314204692840576,0.53913414478302,0.3736990690231323,0.0,0.3694779574871063,0.5324454307556152,0.5232036113739014,0.5830599069595337,0.800411581993103,1.0343648195266724,1.8495302200317383,1.5667182207107544,1.6628636121749878,1.4852313995361328,1.1393377780914307,1.2799285650253296,1.3855494260787964,1.0766093730926514,0.9196069836616516,1.241532802581787,1.2564564943313599,0.9536784887313843,1.053727149963379,1.4058759212493896,1.4525649547576904,2.136310338973999,1.7944397926330566,1.9504528045654297,1.6731380224227905,1.4574170112609863,1.7322158813476562,1.7188653945922852,1.359424114227295,1.4390363693237305,1.7374169826507568,1.5852067470550537,1.3302170038223267,1.6045547723770142,1.8567835092544556,1.7807480096817017,2.059591293334961,1.6788393259048462,1.7422889471054077,1.386337399482727,1.3513144254684448,1.6198011636734009,1.4533995389938354,1.1593984365463257,1.4347193241119385,1.6315600872039795,1.3893506526947021,1.317549467086792,1.672156572341919,1.777979850769043,1.6984158754348755,1.7328330278396606,1.3657563924789429,1.2401034832000732,0.866256594657898,0.9076666235923767,1.0086278915405273,0.7096509337425232,0.5484048128128052,0.8965617418289185,0.9456760287284851,0.726021409034729,0.8882675170898438,1.187760353088379,1.1905418634414673,1.2511450052261353
A10,1.7345772981643677,1.4668389558792114,1.246541142463684,1.053510308265686,0.8929782509803772,0.661226212978363,0.5333178639411926,0.5468935966491699,0.3694779574871063,0.0,0.3722513020038605,0.5575493574142456,0.5099204778671265,0.5560894012451172,0.8744053840637207,2.0733985900878906,1.815045714378357,1.8619647026062012,1.7080210447311401,1.3524670600891113,1.4004745483398438,1.5094773769378662,1.2356125116348267,0.9834678173065186,1.2387081384658813,1.2860374450683594,0.9584358930587769,0.9389817118644714,1.3056672811508179,1.3564051389694214,2.4348111152648926,2.106764316558838,2.260753631591797,1.9950753450393677,1.746485710144043,1.9888578653335571,1.987615704536438,1.6210672855377197,1.636793613433838,1.9233191013336182,1.771249532699585,1.4650774002075195,1.6975170373916626,1.9644640684127808,1.8460670709609985,2.4042437076568604,2.027881145477295,2.108736038208008,1.7554230690002441,1.7091535329818726,1.975272297859192,1.8045578002929688,1.4981642961502075,1.7464005947113037,1.9354723691940308,1.6643890142440796,1.555600643157959,1.9092615842819214,2.0081751346588135,1.8673031330108643,2.04077410697937,1.6772663593292236,1.5366387367248535,1.168979287147522,1.2649807929992676,1.3485101461410522,1.0151535272598267,0.905064582824707,1.2333422899246216,1.2191015481948853,0.9437258839607239,1.128193736076355,1.4303938150405884,1.3585679531097412,1.354821801185608
A11,1.9318358898162842,1.61696195602417,1.422421932220459,1.1447309255599976,1.0210579633712769,0.9003452658653259,0.6537905931472778,0.5329051613807678,0.5324454307556152,0.3722513020038605,0.0,0.37339723110198975,0.5227807760238647,0.47215983271598816,0.6500572562217712,2.1411752700805664,1.8453232049942017,1.8319499492645264,1.625715970993042,1.3051342964172363,1.3178983926773071,1.3373371362686157,1.0504662990570068,0.815004825592041,1.006869912147522,0.9833130836486816,0.6283364295959473,0.6336783766746521,0.9789912104606628,0.9910438656806946,2.4222099781036377,2.08528733253479,2.17968487739563,1.904259204864502,1.6372069120407104,1.8208554983139038,1.797628402709961,1.4308820962905884,1.4011633396148682,1.6533422470092773,1.4925888776779175,1.1597061157226562,1.3708242177963257,1.6321139335632324,1.4977154731750488,2.458688259124756,2.0810678005218506,2.1580443382263184,1.8085346221923828,1.689745545387268,1.929379940032959,1.779660940170288,1.4354829788208008,1.6144810914993286,1.8116753101348877,1.5401699542999268,1.3594378232955933,1.6954469680786133,1.8231709003448486,1.6513618230819702,2.216515302658081,1.838451623916626,1.757033348083496,1.3776620626449585,1.3924269676208496,1.516187310218811,1.2204055786132812,1.0032572746276855,1.2879244089126587,1.323379397392273,0.9989433288574219,1.0645402669906616,1.4035362005233765,1.3706278800964355,1.2773622274398804
A12,2.013460636138916,1.6878939867019653,1.5705629587173462,1.2946501970291138,1.0784902572631836,1.0296968221664429,0.8891340494155884,0.634475588798523,0.5232036113739014,0.5575493574142456,0.37339723110198975,0.0,0.35856372117996216,0.5281144380569458,0.5805949568748474,2.2246317863464355,1.8983229398727417,1.9286097288131714,1.675156593322754,1.3799841403961182,1.4776300191879272,1.454108476638794,1.1104907989501953,0.9921260476112366,1.2133334875106812,1.093235969543457,0.7281123399734497,0.8857152462005615,1.1770082712173462,1.0957612991333008,2.392090082168579,2.0287234783172607,2.0898900032043457,1.7725884914398193,1.5621956586837769,1.7516021728515625,1.6573636531829834,1.289448857307434,1.3436371088027954,1.5600565671920776,1.3328717947006226,1.0516369342803955,1.3347059488296509,1.5326225757598877,1.373852252960205,2.3557658195495605,1.9715415239334106,1.9836273193359375,1.6183984279632568,1.5094871520996094,1.696096658706665,1.501336693763733,1.1705327033996582,1.3567891120910645,1.5036259889602661,1.2029027938842773,1.0575666427612305,1.4041517972946167,1.4884291887283325,1.3189600706100464,2.1644773483276367,1.7953258752822876,1.6975109577178955,1.33345627784729,1.2672606706619263,1.3384151458740234,1.0599571466445923,0.8044503331184387,1.0103832483291626,1.0316729545593262,0.6849033832550049,0.7057273387908936,1.0417187213897705,1.0219801664352417,0.9237521886825562
A13,2.100513458251953,1.8171204328536987,1.6712944507598877,1.4577544927597046,1.2183735370635986,1.0740963220596313,0.9975832104682922,0.8420336842536926,0.5830599069595337,0.5099204778671265,0.5227807760238647,0.35856372117996216,0.0,0.37139883637428284,0.5640284419059753,2.4224517345428467,2.1222589015960693,2.1870057582855225,1.9651843309402466,1.644138216972351,1.7441366910934448,1.768251895904541,1.4353893995285034,1.2747920751571655,1.5041388273239136,1.423457384109497,1.0513389110565186,1.1322909593582153,1.4429576396942139,1.3549102544784546,2.645538568496704,2.2837719917297363,2.3774001598358154,2.0571811199188232,1.8656599521636963,2.083451747894287,1.9871644973754883,1.6206653118133545,1.6965160369873047,1.9148732423782349,1.674609661102295,1.4040905237197876,1.685256838798523,1.870626449584961,1.6798027753829956,2.5459845066070557,2.1597187519073486,2.1511712074279785,1.7733256816864014,1.7311840057373047,1.913195013999939,1.6715143918991089,1.3845202922821045,1.6189520359039307,1.720276117324829,1.3912298679351807,1.318280577659607,1.6660196781158447,1.6863906383514404,1.49797785282135,2.2542574405670166,1.900813102722168,1.7308450937271118,1.3829306364059448,1.3736035823822021,1.3635034561157227,1.0267428159713745,0.886761486530304,1.088098168373108,0.9877288341522217,0.6358832120895386,0.8133271932601929,1.0773706436157227,0.9371728301048279,0.8744175434112549
A14,2.282583713531494,1.998693585395813,1.7941739559173584,1.5652142763137817,1.401179552078247,1.2140215635299683,1.0396989583969116,0.9627133011817932,0.800411581993103,0.5560894012451172,0.47215983271598816,0.5281144380569458,0.37139883637428284,0.0,0.38178449869155884,2.5756514072418213,2.286283254623413,2.296910524368286,2.088250160217285,1.7658721208572388,1.7885583639144897,1.801672339439392,1.5066356658935547,1.2836886644363403,1.4391543865203857,1.3785375356674194,1.0106900930404663,0.9856501221656799,1.2760722637176514,1.1850306987762451,2.851850748062134,2.5023763179779053,2.5894839763641357,2.286637544631958,2.0536465644836426,2.2359068393707275,2.162945508956909,1.795685052871704,1.7987874746322632,2.0062026977539062,1.7858374118804932,1.4687975645065308,1.6908056735992432,1.8935048580169678,1.6756420135498047,2.822549343109131,2.4378013610839844,2.463742256164551,2.092751979827881,2.0170228481292725,2.213587522506714,1.998146414756775,1.6853301525115967,1.880112886428833,2.0020124912261963,1.6753448247909546,1.5410510301589966,1.872852087020874,1.9174846410751343,1.6823498010635376,2.5297446250915527,2.1656394004821777,2.014605760574341,1.6522445678710938,1.676275610923767,1.7044953107833862,1.3621045351028442,1.2157617807388306,1.442888855934143,1.3590726852416992,1.0036643743515015,1.1356059312820435,1.412442684173584,1.2614926099777222,1.1226409673690796
A15,2.542210102081299,2.227893590927124,2.0584583282470703,1.785096526145935,1.618363380432129,1.5000675916671753,1.298314094543457,1.1400305032730103,1.0343648195266724,0.8744053840637207,0.6500572562217712,0.5805949568748474,0.5640284419059753,0.38178449869155884,0.0,2.755923271179199,2.435922861099243,2.4195446968078613,2.1649622917175293,1.8826175928115845,1.9049546718597412,1.8413981199264526,1.536055088043213,1.3726963996887207,1.47301185131073,1.321504831314087,0.9664034247398376,1.000777244567871,1.2030781507492065,1.004242181777954,2.9383859634399414,2.578521251678467,2.6076667308807373,2.288266897201538,2.0702269077301025,2.2005560398101807,2.0803072452545166,1.7296452522277832,1.7246874570846558,1.867964267730713,1.6118757724761963,1.3096524477005005,1.5199532508850098,1.6659034490585327,1.397611379623413,2.930197238922119,2.5471606254577637,2.545119047164917,2.177985191345215,2.0598366260528564,2.2070298194885254,1.9912052154541016,1.6724927425384521,1.8035577535629272,1.893345594406128,1.5588767528533936,1.386863112449646,1.6825958490371704,1.714383840560913,1.4312055110931396,2.7355263233184814,2.3673815727233887,2.246387481689453,1.8835647106170654,1.839444875717163,1.8718751668930054,1.5636974573135376,1.356402039527893,1.5141416788101196,1.4504224061965942,1.0778253078460693,1.0978885889053345,1.3636937141418457,1.2339361906051636,0.9908125996589661
B1,0.786966860294342,0.7217572927474976,0.9639458060264587,1.037123441696167,1.2180051803588867,1.4874968528747559,1.5946998596191406,1.6231307983398438,1.8495302200317383,2.0733985900878906,2.1411752700805664,2.2246317863464355,2.4224517345428467,2.5756514072418213,2.755923271179199,0.0,0.3863978087902069,0.5888304710388184,0.888200581073761,0.9427415132522583,1.0777373313903809,1.3388478755950928,1.4485971927642822,1.5337902307510376,1.7394160032272339,1.9393666982650757,2.0245871543884277,2.113009452819824,2.294971227645874,2.552994966506958,0.8539478182792664,0.9003456234931946,1.253487229347229,1.395132064819336,1.242668628692627,1.475953221321106,1.7797054052352905,1.7173917293548584,1.7207860946655273,2.036351203918457,2.2074828147888184,2.1397392749786377,2.2298128604888916,2.513357162475586,2.721890926361084,1.1681149005889893,1.103017807006836,1.4942424297332764,1.530150294303894,1.4663491249084473,1.798174262046814,1.999460220336914,1.877017617225647,1.9939335584640503,2.3250908851623535,2.3953678607940674,2.322295904159546,2.5069057941436768,2.771240472793579,2.906341075897217,1.110663890838623,1.007705807685852,1.3507802486419678,1.3514304161071777,1.410224199295044,1.7467386722564697,1.873178482055664,1.7963476181030273,1.9967167377471924,2.282377243041992,2.3184151649475098,2.3166050910949707,2.535898208618164,2.7442831993103027,2.8814990520477295
B2,0.8689139485359192,0.6285808682441711,0.8864896893501282,0.830819308757782,0.9626316428184509,1.286515712738037,1.364798665046692,1.3238238096237183,1.5667182207107544,1.815045714378357,1.8453232049942017,1.8983229398727417,2.1222589015960693,2.286283254623413,2.435922861099243,0.3863978087902069,0.0,0.39410945773124695,0.5547792315483093,0.603800892829895,0.8258069753646851,1.041623830795288,1.1019034385681152,1.2341662645339966,1.461065411567688,1.6151784658432007,1.6925880908966064,1.8219395875930786,2.0016725063323975,2.2308731079101562,0.7560608386993408,0.6459243297576904,0.979751467704773,1.0577131509780884,0.8710709810256958,1.1320164203643799,1.4167381525039673,1.333754062652588,1.35222327709198,1.673827052116394,1.827441692352295,1.7655243873596191,1.8736820220947266,2.148250102996826,2.3507649898529053,1.0607980489730835,0.8955148458480835,1.2683078050613403,1.252482295036316,1.132928490638733,1.4744929075241089,1.6708784103393555,1.5191434621810913,1.6226506233215332,1.9626035690307617,2.0274531841278076,1.9402434825897217,2.1244094371795654,2.393864393234253,2.5249111652374268,1.0928523540496826,0.8856924772262573,1.2280646562576294,1.1549100875854492,1.1437044143676758,1.5055930614471436,1.6230589151382446,1.4911307096481323,1.680605173110962,1.986290454864502,2.003493547439575,1.9684749841690063,2.1965184211730957,2.419581174850464,2.5376148223876953
B3,1.1665846109390259,0.9112112522125244,1.0379869937896729,0.8928307294845581,1.1142430305480957,1.4103673696517944,1.3830623626708984,1.3542087078094482,1.6628636121749878,1.8619647026062012,1.8319499492645264,1.9286097288131714,2.1870057582855225,2.296910524368286,2.4195446968078613,0.5888304710388184,0.39410945773124695,0.0,0.38061410188674927,0.5496501326560974,0.600534200668335,0.7828275561332703,0.9665760397911072,1.1015918254852295,1.2395166158676147,1.4221432209014893,1.5759155750274658,1.6740140914916992,1.7956640720367432,2.058671236038208,0.9067562818527222,0.8356145620346069,1.0526371002197266,1.1563899517059326,0.8894937634468079,1.0401482582092285,1.378448247909546,1.3117015361785889,1.221738576889038,1.5311037302017212,1.7415310144424438,1.6598103046417236,1.6953370571136475,1.9896901845932007,2.218125343322754,1.380239725112915,1.224637508392334,1.5783952474594116,1.5421996116638184,1.347645878791809,1.6716818809509277,1.8798189163208008,1.6759965419769287,1.7202602624893188,2.082303047180176,2.14035701751709,1.9863307476043701,2.1542909145355225,2.4603073596954346,2.5619637966156006,1.4859610795974731,1.2588402032852173,1.5743160247802734,1.438588261604309,1.4223098754882812,1.7959692478179932,1.8630526065826416,1.6782958507537842,1.8889254331588745,2.1980137825012207,2.1558732986450195,2.0897057056427,2.3549540042877197,2.5752241611480713,2.639436721801758
B4,1.3430075645446777,1.0135225057601929,1.1436222791671753,0.8941457867622375,1.0249305963516235,1.353930950164795,1.292765498161316,1.1681396961212158,1.4852313995361328,1.7080210447311401,1.625715970993042,1.675156593322754,1.9651843309402466,2.088250160217285,2.1649622917175293,0.888200581073761,0.5547792315483093,0.38061410188674927,0.0,0.3714117705821991,0.5327985286712646,0.5566198229789734,0.6676987409591675,0.9049548506736755,1.0547659397125244,1.1510826349258423,1.306200623512268,1.4682469367980957,1.5751897096633911,1.792536735534668,0.938869059085846,0.7374936938285828,0.8535873293876648,0.8710867762565613,0.5494326949119568,0.6977218985557556,1.0161759853363037,0.93492192029953,0.849748432636261,1.1645089387893677,1.3635941743850708,1.3014109134674072,1.3547048568725586,1.632476806640625,1.8630955219268799,1.3542447090148926,1.1379941701889038,1.4325244426727295,1.3539386987686157,1.0949287414550781,1.397668719291687,1.6006555557250977,1.3695626258850098,1.3756619691848755,1.742872953414917,1.8022992610931396,1.6271440982818604,1.782535195350647,2.097836971282959,2.199244260787964,1.5441417694091797,1.2696301937103271,1.5597134828567505,1.3748526573181152,1.2776689529418945,1.648545265197754,1.7090202569961548,1.466153860092163,1.6448560953140259,1.9700480699539185,1.9096217155456543,1.795261025428772,2.0627760887145996,2.3022196292877197,2.341768980026245
B5,1.1657592058181763,0.798313319683075,0.8517458438873291,0.5485580563545227,0.6762469410896301,0.9877797365188599,0.9265456199645996,0.822211503982544,1.1393377780914307,1.3524670600891113,1.3051342964172363,1.3799841403961182,1.644138216972351,1.7658721208572388,1.8826175928115845,0.9427415132522583,0.603800892829895,0.5496501326560974,0.3714117705821991,0.0,0.37640613317489624,0.5466820001602173,0.5171016454696655,0.6423079967498779,0.8924143314361572,1.0264079570770264,1.0907710790634155,1.228795051574707,1.4106706380844116,1.6291124820709229,1.1882286071777344,0.9312924742698669,1.106945276260376,1.0197924375534058,0.685968816280365,0.926986813545227,1.1581825017929077,0.9565359354019165,0.9006756544113159,1.2622225284576416,1.375775933265686,1.2331042289733887,1.3453389406204224,1.6540335416793823,1.8154624700546265,1.4526735544204712,1.16566002368927,1.4367785453796387,1.2734287977218628,1.0637829303741455,1.4085146188735962,1.5283267498016357,1.259462833404541,1.350673794746399,1.7068836688995361,1.6939650774002075,1.5291959047317505,1.751354694366455,2.033562421798706,2.0931220054626465,1.4493948221206665,1.1189472675323486,1.3394649028778076,1.09613037109375,1.0515801906585693,1.4169560670852661,1.4177470207214355,1.1876438856124878,1.4264116287231445,1.7178783416748047,1.6334367990493774,1.5713872909545898,1.8605413436889648,2.0579590797424316,2.105151653289795
B6,1.346630573272705,1.0171767473220825,0.946659505367279,0.6373202800750732,0.8917723298072815,1.1027216911315918,0.9335643649101257,0.9211683869361877,1.2799285650253296,1.4004745483398438,1.3178983926773071,1.4776300191879272,1.7441366910934448,1.7885583639144897,1.9049546718597412,1.0777373313903809,0.8258069753646851,0.600534200668335,0.5327985286712646,0.37640613317489624,0.0,0.37746891379356384,0.5449762940406799,0.5390927195549011,0.6637670993804932,0.9074801802635193,1.0442105531692505,1.0871533155441284,1.2247052192687988,1.509637475013733,1.428485631942749,1.2327297925949097,1.3771214485168457,1.328491449356079,0.9692828059196472,1.1049479246139526,1.3652234077453613,1.1712836027145386,0.9956902861595154,1.3381386995315552,1.4905389547348022,1.2941962480545044,1.322357177734375,1.6683385372161865,1.8303184509277344,1.788269281387329,1.5266506671905518,1.8105288743972778,1.647438883781433,1.4275026321411133,1.7585506439208984,1.8727885484695435,1.5767680406570435,1.6398099660873413,1.997710943222046,1.9610873460769653,1.7461916208267212,1.965503454208374,2.2639710903167725,2.2788686752319336,1.7628804445266724,1.4404181241989136,1.6425836086273193,1.3804149627685547,1.3885210752487183,1.7422847747802734,1.6898577213287354,1.459087610244751,1.7305045127868652,1.994536280632019,1.85736882686615,1.8034144639968872,2.1220154762268066,2.2888383865356445,2.291544198989868
B7,1.6746402978897095,1.3227860927581787,1.291953206062317,0.9491353034973145,1.1151137351989746,1.3442476987838745,1.131882667541504,1.01763117313385,1.3855494260787964,1.5094773769378662,1.3373371362686157,1.454108476638794,1.768251895904541,1.801672339439392,1.8413981199264526,1.3388478755950928,1.041623830795288,0.7828275561332703,0.5566198229789734,0.5466820001602173,0.37746891379356384,0.0,0.3728944957256317,0.5397323369979858,0.5334662795066833,0.6591416001319885,0.8979330062866211,1.0050697326660156,1.0483918190002441,1.3020788431167603,1.4854602813720703,1.268832802772522,1.3005582094192505,1.229898452758789,0.8617604970932007,0.8823450207710266,1.1227980852127075,0.9548135995864868,0.692471981048584,1.0017673969268799,1.1917728185653687,1.0146342515945435,0.9843306541442871,1.3243361711502075,1.5212661027908325,1.8815966844558716,1.6205531358718872,1.862493872642517,1.699288249015808,1.4149677753448486,1.6932799816131592,1.823039174079895,1.5095148086547852,1.4918233156204224,1.8487683534622192,1.8290175199508667,1.5657087564468384,1.741763710975647,2.0673468112945557,2.07726788520813,1.9888880252838135,1.662441372871399,1.8707196712493896,1.5945707559585571,1.5240837335586548,1.8689899444580078,1.822348713874817,1.5327401161193848,1.7552645206451416,2.036689281463623,1.8747985363006592,1.750346064567566,2.07114839553833,2.263413190841675,2.2194337844848633
B8,1.6420657634735107,1.2630650997161865,1.2397353649139404,0.866890013217926,0.9112521409988403,1.1430888175964355,0.9430127143859863,0.7289517521858215,1.0766093730926514,1.2356125116348267,1.0504662990570068,1.1104907989501953,1.4353893995285034,1.5066356658935547,1.536055088043213,1.4485971927642822,1.1019034385681152,0.9665760397911072,0.6676987409591675,0.5171016454696655,0.5449762940406799,0.3728944957256317,0.0,0.3750908374786377,0.5453886985778809,0.5348172783851624,0.6406552195549011,0.8469787836074829,0.9693736433982849,1.1449785232543945,1.551356315612793,1.2578848600387573,1.2867356538772583,1.1111421585083008,0.7573754191398621,0.8594518899917603,0.9890428185462952,0.718761146068573,0.5408880114555359,0.8932054042816162,0.9716695547103882,0.7579880952835083,0.8510563373565674,1.1812161207199097,1.3190544843673706,1.8143171072006226,1.5018529891967773,1.6842551231384277,1.4635584354400635,1.1864112615585327,1.4573272466659546,1.5294139385223389,1.1907848119735718,1.2057565450668335,1.548793077468872,1.488486886024475,1.2321922779083252,1.4486631155014038,1.7498588562011719,1.7473710775375366,1.8793081045150757,1.5254179239273071,1.6807208061218262,1.373062252998352,1.266660213470459,1.5833754539489746,1.514996886253357,1.1997835636138916,1.4131295680999756,1.6847918033599854,1.511352300643921,1.37863028049469,1.7034956216812134,1.891707420349121,1.8491814136505127
B9,1.6049782037734985,1.2471752166748047,1.1075135469436646,0.7334297895431519,0.8300612568855286,0.944464921951294,0.656864583492279,0.5518338680267334,0.9196069836616516,0.9834678173065186,0.815004825592041,0.9921260476112366,1.2747920751571655,1.2836886644363403,1.3726963996887207,1.5337902307510376,1.2341662645339966,1.1015918254852295,0.9049548506736755,0.6423079967498779,0.5390927195549011,0.5397323369979858,0.3750908374786377,0.0,0.36737579107284546,0.5330528020858765,0.5306498408317566,0.5882862210273743,0.8055962324142456,1.0410948991775513,1.809353232383728,1.5293998718261719,1.6189525127410889,1.4465281963348389,1.0959649085998535,1.2307041883468628,1.35627281665802,1.0580083131790161,0.8907685279846191,1.218002438545227,1.2504328489303589,0.9569633603096008,1.0427677631378174,1.3963663578033447,1.4593122005462646,2.0452799797058105,1.717621088027954,1.9114738702774048,1.6564055681228638,1.4367966651916504,1.734237790107727,1.7516365051269531,1.4012681245803833,1.4837599992752075,1.803148627281189,1.6788384914398193,1.4325602054595947,1.6963618993759155,1.9606257677078247,1.9013689756393433,1.9642337560653687,1.5949009656906128,1.6919543743133545,1.350797176361084,1.335626482963562,1.6290438175201416,1.4842360019683838,1.2093883752822876,1.4942939281463623,1.7056447267532349,1.4890100955963135,1.4343101978302002,1.7823156118392944,1.90243399143219,1.850862979888916
B10,1.904061198234558,1.5581529140472412,1.4024790525436401,1.0439070463180542,1.191117286682129,1.2808936834335327,0.9540058970451355,0.8918957114219666,1.241532802581787,1.2387081384658813,1.006869912147522,1.2133334875106812,1.5041388273239136,1.4391543865203857,1.47301185131073,1.7394160032272339,1.461065411567688,1.2395166158676147,1.0547659397125244,0.8924143314361572,0.6637670993804932,0.5334662795066833,0.5453886985778809,0.36737579107284546,0.0,0.373738557100296,0.5657284259796143,0.5172956585884094,0.5635993480682373,0.878143846988678,1.9923509359359741,1.745145320892334,1.7854387760162354,1.6456395387649536,1.2845627069473267,1.319521188735962,1.4597136974334717,1.2066293954849243,0.9371474385261536,1.1998279094696045,1.2823476791381836,0.9759196043014526,0.9335901141166687,1.3026642799377441,1.3820091485977173,2.314985990524292,2.00962233543396,2.2126264572143555,1.9769587516784668,1.7224901914596558,1.9937888383865356,2.034025192260742,1.676742434501648,1.6964818239212036,2.014082431793213,1.8991875648498535,1.604562759399414,1.8273447751998901,2.114513397216797,2.0275442600250244,2.2950515747070312,1.9345568418502808,2.052403688430786,1.7163341045379639,1.6942588090896606,1.9891953468322754,1.8407188653945923,1.5536324977874756,1.8191441297531128,2.027218818664551,1.7830030918121338,1.6964105367660522,2.0490667819976807,2.1653831005096436,2.0618655681610107
B11,2.110459089279175,1.740502119064331,1.636502742767334,1.2589085102081299,1.3121007680892944,1.4317898750305176,1.125954508781433,0.9447067379951477,1.2564564943313599,1.2860374450683594,0.9833130836486816,1.093235969543457,1.423457384109497,1.3785375356674194,1.321504831314087,1.9393666982650757,1.6151784658432007,1.4221432209014893,1.1510826349258423,1.0264079570770264,0.9074801802635193,0.6591416001319885,0.5348172783851624,0.5330528020858765,0.373738557100296,0.0,0.37604352831840515,0.522962749004364,0.4763377010822296,0.6484335064888,2.0501868724823,1.7683649063110352,1.7385705709457397,1.5495630502700806,1.2207739353179932,1.2069051265716553,1.2595967054367065,1.000579833984375,0.7252818942070007,0.9237563610076904,0.9558997750282288,0.6308377385139465,0.5821961164474487,0.945085346698761,1.0093356370925903,2.336155414581299,2.0201985836029053,2.167388439178467,1.9190887212753296,1.6350573301315308,1.850308895111084,1.8745580911636353,1.5101579427719116,1.4770580530166626,1.7685478925704956,1.6491477489471436,1.3214010000228882,1.5171561241149902,1.8070710897445679,1.7052730321884155,2.3935155868530273,2.02850604057312,2.137134313583374,1.7950520515441895,1.702778697013855,1.9715627431869507,1.8312996625900269,1.501574993133545,1.7083336114883423,1.9198799133300781,1.661024570465088,1.5090551376342773,1.852548599243164,1.9878621101379395,1.8446662425994873
B12,2.055781126022339,1.6899635791778564,1.5614746809005737,1.1959809064865112,1.1674222946166992,1.2260096073150635,0.9250456094741821,0.7076686024665833,0.9536784887313843,0.9584358930587769,0.6283364295959473,0.7281123399734497,1.0513389110565186,1.0106900930404663,0.9664034247398376,2.0245871543884277,1.6925880908966064,1.5759155750274658,1.306200623512268,1.0907710790634155,1.0442105531692505,0.8979330062866211,0.6406552195549011,0.5306498408317566,0.5657284259796143,0.37604352831840515,0.0,0.36098000407218933,0.5348933339118958,0.587192177772522,2.1755335330963135,1.8560423851013184,1.8622055053710938,1.6169370412826538,1.3137000799179077,1.3831064701080322,1.3755093812942505,1.0486152172088623,0.8932168483734131,1.1096551418304443,1.0181130170822144,0.651687502861023,0.7718913555145264,1.0798143148422241,1.0282591581344604,2.3547146320343018,2.0051217079162598,2.1127007007598877,1.815445899963379,1.5787612199783325,1.7945739030838013,1.7446329593658447,1.3708902597427368,1.4079276323318481,1.6625961065292358,1.4739172458648682,1.1759504079818726,1.4365636110305786,1.669386625289917,1.5278725624084473,2.3182950019836426,1.939926028251648,1.9813588857650757,1.6171071529388428,1.538254976272583,1.7575613260269165,1.5670132637023926,1.2477376461029053,1.4686187505722046,1.6299852132797241,1.3389759063720703,1.2242603302001953,1.5780627727508545,1.6679868698120117,1.521585464477539
B13,2.1125006675720215,1.7728842496871948,1.5690850019454956,1.2280268669128418,1.2704235315322876,1.2445100545883179,0.8846007585525513,0.8136163949966431,1.053727149963379,0.9389817118644714,0.6336783766746521,0.8857152462005615,1.1322909593582153,0.9856501221656799,1.000777244567871,2.113009452819824,1.8219395875930786,1.6740140914916992,1.4682469367980957,1.228795051574707,1.0871533155441284,1.0050697326660156,0.8469787836074829,0.5882862210273743,0.5172956585884094,0.522962749004364,0.36098000407218933,0.0,0.3728349208831787,0.5683353543281555,2.379401206970215,2.085361957550049,2.127864360809326,1.9139970541000366,1.5854547023773193,1.6580721139907837,1.698798418045044,1.3831712007522583,1.1897941827774048,1.41069495677948,1.3571805953979492,0.9881651997566223,1.0282775163650513,1.348868489265442,1.2804555892944336,2.5915567874908447,2.245720386505127,2.3869833946228027,2.089174747467041,1.875004768371582,2.12017560005188,2.067845106124878,1.695992350578308,1.7593004703521729,2.016126871109009,1.813361644744873,1.527097225189209,1.7924987077713013,2.012903928756714,1.8441585302352905,2.4809677600860596,2.101240634918213,2.126628875732422,1.7550225257873535,1.7463269233703613,1.965667963027954,1.7364423274993896,1.4622946977615356,1.7309638261795044,1.8558647632598877,1.547464370727539,1.4989451169967651,1.8557580709457397,1.8947432041168213,1.7428295612335205
