,A1,A2,A3,A4,A5,A6,A7,A8,A9,A10,A11,A12,A13,A14,A15,B1,B2,B3,B4,B5,B6,B7,B8,B9,B10,B11,B12,B13,B14,B15,C1,C2,C3,C4,C5,C6,C7,C8,C9,C10,C11,C12,C13,C14,C15,D1,D2,D3,D4,D5,D6,D7,D8,D9,D10,D11,D12,D13,D14,D15,E1,E2,E3,E4,E5,E6,E7,E8,E9,E10,E11,E12,E13,E14,E15
A1,0.0,0.3904339671134949,0.6329045295715332,0.866123378276825,1.1173871755599976,1.3495571613311768,1.4641637802124023,1.5292458534240723,1.7439852952957153,1.9460679292678833,2.036759376525879,2.1416609287261963,2.339871883392334,2.460636615753174,2.6587295532226562,0.7026209831237793,0.7119267582893372,1.0693405866622925,1.3389899730682373,1.400300145149231,1.7156609296798706,1.8969383239746094,1.8239868879318237,1.9799375534057617,2.2854347229003906,2.365790843963623,2.3457303047180176,2.5642735958099365,2.777169704437256,2.9174389839172363,1.0799921751022339,1.0020644664764404,1.1858350038528442,1.546452522277832,1.591965675354004,1.9619262218475342,2.0027523040771484,1.8669248819351196,2.127504587173462,2.4114601612091064,2.361915349960327,2.3459575176239014,2.638801336288452,2.8192334175109863,2.87471604347229,0.767386794090271,0.8810475468635559,0.8831470012664795,1.2800382375717163,1.4965109825134277,1.7994358539581299,1.7736642360687256,1.7642018795013428,2.0715034008026123,2.290367364883423,2.2485663890838623,2.3299388885498047,2.6212644577026367,2.7198688983917236,2.824345350265503,0.749428391456604,0.7908291816711426,0.6588950157165527,1.0238412618637085,1.2820786237716675,1.5500682592391968,1.5013991594314575,1.5417110919952393,1.8739542961120605,2.0454986095428467,1.9916479587554932,2.120671510696411,2.4127395153045654,2.4785192012786865,2.5751497745513916
A2,0.3904339671134949,0.0,0.380275160074234,0.6295748353004456,0.7848197817802429,1.0781867504119873,1.194444179534912,1.1946289539337158,1.4099886417388916,1.6482288837432861,1.72088623046875,1.7891484498977661,2.0000083446502686,2.145115613937378,2.324037551879883,0.7437955737113953,0.5444958209991455,0.845012366771698,1.1027411222457886,1.0922516584396362,1.4398508071899414,1.5978838205337524,1.4798377752304077,1.6436429023742676,1.9621713161468506,2.017146587371826,1.9770680665969849,2.210444927215576,2.4269731044769287,2.547725200653076,1.0365790128707886,0.8278173208236694,0.943915843963623,1.2780102491378784,1.2668133974075317,1.6449565887451172,1.6686091423034668,1.500962257385254,1.7633267641067505,2.050781726837158,1.9875553846359253,1.9593225717544556,2.257474422454834,2.4397196769714355,2.4876484870910645,0.7086136937141418,0.6446698307991028,0.5531108379364014,0.9551663994789124,1.1308006048202515,1.447046160697937,1.4124579429626465,1.378696322441101,1.6869784593582153,1.9133412837982178,1.8697113990783691,1.9415547847747803,2.2321276664733887,2.3384740352630615,2.4444727897644043,0.7138112783432007,0.5597763061523438,0.33467260003089905,0.7132137417793274,0.9119404554367065,1.2107986211776733,1.1761170625686646,1.1757961511611938,1.4996076822280884,1.6977275609970093,1.6515941619873047,1.7547762393951416,2.043416738510132,2.133984327316284,2.234429121017456
A3,0.6329045295715332,0.380275160074234,0.0,0.3989247977733612,0.6235284209251404,0.8872714042663574,0.9001597762107849,0.9351600408554077,1.209992527961731,1.3950592279434204,1.4318791627883911,1.5521621704101562,1.7811039686203003,1.876847505569458,2.0502676963806152,0.7000862956047058,0.4160493314266205,0.7039002180099487,0.8335122466087341,0.7997451424598694,1.1114304065704346,1.324766993522644,1.2412914037704468,1.3575409650802612,1.668687105178833,1.77620530128479,1.7543723583221436,1.9476032257080078,2.1668601036071777,2.3305602073669434,1.1260097026824951,0.8603952527046204,1.0396289825439453,1.2886528968811035,1.188021183013916,1.5684906244277954,1.6574021577835083,1.4533970355987549,1.6460990905761719,1.9750415086746216,1.94744873046875,1.8634092807769775,2.1316676139831543,2.3621485233306885,2.420975685119629,1.016079306602478,0.8627030253410339,0.7700194716453552,1.1361346244812012,1.1936287879943848,1.5436973571777344,1.4828511476516724,1.3561711311340332,1.6658040285110474,1.9190800189971924,1.825217843055725,1.837525486946106,2.1559174060821533,2.280733823776245,2.3326339721679688,1.0473934412002563,0.828160285949707,0.6165867447853088,0.9200701713562012,0.989399790763855,1.3137145042419434,1.2153574228286743,1.1204591989517212,1.4664206504821777,1.675370693206787,1.5572264194488525,1.6159977912902832,1.942541480064392,2.0348594188690186,2.073077440261841
A4,0.866123378276825,0.6295748353004456,0.3989247977733612,0.0,0.38664186000823975,0.5203021764755249,0.6055110692977905,0.7373868823051453,0.9358335733413696,1.08692467212677,1.204709529876709,1.353212833404541,1.5193572044372559,1.609541893005371,1.8382899761199951,1.0798805952072144,0.807798445224762,1.043411374092102,1.070831060409546,0.9025474786758423,1.1721303462982178,1.435745358467102,1.2987697124481201,1.3140207529067993,1.6596471071243286,1.7932277917861938,1.7016714811325073,1.852221965789795,2.123401165008545,2.283815383911133,1.5195133686065674,1.2332717180252075,1.35536527633667,1.5759060382843018,1.403743028640747,1.7756140232086182,1.8352363109588623,1.5680662393569946,1.740799069404602,2.0790843963623047,2.0055577754974365,1.86002516746521,2.141775131225586,2.3887593746185303,2.3908774852752686,1.322330117225647,1.1544634103775024,0.9383360147476196,1.2393094301223755,1.2877039909362793,1.59617018699646,1.4356380701065063,1.3028409481048584,1.65067458152771,1.849664568901062,1.6880030632019043,1.726302146911621,2.068455219268799,2.1407384872436523,2.1545894145965576,1.332616925239563,1.0967466831207275,0.7810888290405273,0.9359625577926636,0.987855851650238,1.2286397218704224,1.0200767517089844,0.9455443620681763,1.3243745565414429,1.4593822956085205,1.2873121500015259,1.3981282711029053,1.7338687181472778,1.7662009000778198,1.7894246578216553
A5,1.1173871755599976,0.7848197817802429,0.6235284209251404,0.38664186000823975,0.0,0.3761826455593109,0.5323431491851807,0.48710429668426514,0.6285329461097717,0.8819730281829834,0.9978165626525879,1.0578477382659912,1.22584867477417,1.382243037223816,1.591350793838501,1.3108397722244263,0.9687151908874512,1.0923833847045898,1.1039420366287231,0.8282961249351501,1.1214326620101929,1.3249666690826416,1.1013761758804321,1.1146653890609741,1.4839799404144287,1.5628983974456787,1.4162036180496216,1.5944690704345703,1.8801813125610352,1.9941426515579224,1.6169768571853638,1.278579831123352,1.299108624458313,1.4676549434661865,1.2417230606079102,1.5910162925720215,1.6022166013717651,1.2963387966156006,1.472687005996704,1.7960941791534424,1.6830929517745972,1.5191397666931152,1.8183666467666626,2.0541648864746094,2.0279057025909424,1.3777918815612793,1.129623293876648,0.8406627178192139,1.0287809371948242,1.0171297788619995,1.2918169498443604,1.0929031372070312,0.9381688237190247,1.2935835123062134,1.4741774797439575,1.3015382289886475,1.350548505783081,1.6910988092422485,1.754755973815918,1.7796679735183716,1.3911405801773071,1.0835500955581665,0.7741181254386902,0.7733433842658997,0.7024415135383606,0.9152731895446777,0.7039166688919067,0.564455509185791,0.9406778812408447,1.0930827856063843,0.9377265572547913,1.032851219177246,1.3590971231460571,1.4176956415176392,1.4685148000717163
A6,1.3495571613311768,1.0781867504119873,0.8872714042663574,0.5203021764755249,0.3761826455593109,0.0,0.3737076222896576,0.5228335857391357,0.5118815302848816,0.6420411467552185,0.8722924590110779,1.0025335550308228,1.0754189491271973,1.1882697343826294,1.4670696258544922,1.5794848203659058,1.2678132057189941,1.41264808177948,1.3563355207443237,1.0560611486434937,1.2604408264160156,1.5164363384246826,1.3031448125839233,1.20559561252594,1.569724678993225,1.6980650424957275,1.5116571187973022,1.6139593124389648,1.9379948377609253,2.0688369274139404,1.960218071937561,1.6308318376541138,1.6729096174240112,1.828009843826294,1.574133276939392,1.9055043458938599,1.9242197275161743,1.5951199531555176,1.7256686687469482,2.0529978275299072,1.9266594648361206,1.707731008529663,1.9904310703277588,2.24697208404541,2.178802728652954,1.720391035079956,1.497345209121704,1.1970140933990479,1.362833023071289,1.3474574089050293,1.5800256729125977,1.3164002895355225,1.158552646636963,1.511202096939087,1.6358089447021484,1.3906220197677612,1.4455026388168335,1.7999680042266846,1.8108583688735962,1.7724026441574097,1.724378228187561,1.4416285753250122,1.1054657697677612,1.0670853853225708,1.0120596885681152,1.1231166124343872,0.8067638278007507,0.7077231407165527,1.0628737211227417,1.1030495166778564,0.8512930870056152,1.0033352375030518,1.3358614444732666,1.306148648262024,1.3062341213226318
A7,1.4641637802124023,1.194444179534912,0.9001597762107849,0.6055110692977905,0.5323431491851807,0.3737076222896576,0.0,0.36547356843948364,0.5317696928977966,0.5293684601783752,0.6319733262062073,0.8641881942749023,1.0053632259368896,1.0259815454483032,1.270355463027954,1.527871012687683,1.218326210975647,1.3089420795440674,1.1521254777908325,0.8439632654190063,0.9590440988540649,1.2562377452850342,1.0987026691436768,0.9434151649475098,1.283047080039978,1.4714657068252563,1.3324780464172363,1.3883140087127686,1.6975364685058594,1.8845709562301636,1.9344468116760254,1.5979188680648804,1.6837303638458252,1.7821325063705444,1.492494821548462,1.8038206100463867,1.8890156745910645,1.565759539604187,1.6238651275634766,1.977548360824585,1.9117001295089722,1.66665780544281,1.898687481880188,2.196401357650757,2.169814109802246,1.8343874216079712,1.5836024284362793,1.3463728427886963,1.531288981437683,1.4398131370544434,1.7111685276031494,1.4961577653884888,1.258863091468811,1.5695933103561401,1.7481815814971924,1.4983655214309692,1.4581458568572998,1.820927381515503,1.884812831878662,1.8004531860351562,1.8590188026428223,1.557645320892334,1.271544098854065,1.305049180984497,1.1875889301300049,1.36696195602417,1.1000736951828003,0.8935133814811707,1.2116681337356567,1.313219666481018,1.0273674726486206,1.0541201829910278,1.4167990684509277,1.4326057434082031,1.3455241918563843
A8,1.5292458534240723,1.1946289539337158,0.9351600408554077,0.7373868823051453,0.48710429668426514,0.5228335857391357,0.36547356843948364,0.0,0.37614041566848755,0.5584625601768494,0.5367493033409119,0.6257967948913574,0.8586471676826477,0.9658649563789368,1.1319657564163208,1.5456700325012207,1.1887637376785278,1.188623309135437,1.0394816398620605,0.6674244999885559,0.8282659649848938,1.037216067314148,0.8037342429161072,0.687384307384491,1.0572916269302368,1.1766165494918823,1.014865756034851,1.1353074312210083,1.4367424249649048,1.5846999883651733,1.8334665298461914,1.4667668342590332,1.4864070415496826,1.5328810214996338,1.2106693983078003,1.4968466758728027,1.560157060623169,1.2237696647644043,1.2742118835449219,1.620585560798645,1.548410177230835,1.3023104667663574,1.5411750078201294,1.8329658508300781,1.8152852058410645,1.741107702255249,1.4362252950668335,1.1987718343734741,1.311306118965149,1.150393009185791,1.4097917079925537,1.2186291217803955,0.9375662803649902,1.2220826148986816,1.4251559972763062,1.1967943906784058,1.1241214275360107,1.4834234714508057,1.582849383354187,1.5250098705291748,1.775563359260559,1.4310288429260254,1.1923404932022095,1.1760979890823364,0.962007462978363,1.1559898853302002,0.9595432281494141,0.6622319221496582,0.9293346405029297,1.1061586141586304,0.865848183631897,0.8012487888336182,1.1651028394699097,1.2628532648086548,1.206161618232727
A9,1.7439852952957153,1.4099886417388916,1.209992527961731,0.9358335733413696,0.6285329461097717,0.5118815302848816,0.5317696928977966,0.37614041566848755,0.0,0.3722691535949707,0.5312572717666626,0.5208635330200195,0.6012665629386902,0.7957509756088257,1.0262913703918457,1.867724061012268,1.5094712972640991,1.5302256345748901,1.4098386764526367,1.0323309898376465,1.1748448610305786,1.3519362211227417,1.0746567249298096,0.9139832258224487,1.2650147676467896,1.345763921737671,1.089348554611206,1.178829312324524,1.5216888189315796,1.6118355989456177,2.1412534713745117,1.7725130319595337,1.7436156272888184,1.7969838380813599,1.4733335971832275,1.733819842338562,1.7334636449813843,1.3735243082046509,1.4328277111053467,1.7387489080429077,1.5976327657699585,1.3182646036148071,1.575676441192627,1.8440982103347778,1.7481635808944702,1.95317542552948,1.655124545097351,1.3563545942306519,1.3959753513336182,1.2542818784713745,1.4287227392196655,1.150680661201477,0.9082964062690735,1.1983612775802612,1.303149700164795,1.007892370223999,0.9987534284591675,1.3579226732254028,1.3747997283935547,1.2907326221466064,1.9719820022583008,1.6309932470321655,1.3566895723342896,1.2325646877288818,1.014776349067688,1.0767526626586914,0.8155779242515564,0.5581688284873962,0.771285355091095,0.8323219418525696,0.5281563401222229,0.530881404876709,0.8878903985023499,0.9154066443443298,0.8705892562866211
A10,1.9460679292678833,1.6482288837432861,1.3950592279434204,1.08692467212677,0.8819730281829834,0.6420411467552185,0.5293684601783752,0.5584625601768494,0.3722691535949707,0.0,0.36962026357650757,0.5556411147117615,0.53023761510849,0.5503951907157898,0.8638718724250793,2.0349743366241455,1.7019165754318237,1.7340786457061768,1.546216368675232,1.1812180280685425,1.2209150791168213,1.4513636827468872,1.235530138015747,0.9740812182426453,1.2770880460739136,1.4372131824493408,1.1973429918289185,1.1719977855682373,1.5282894372940063,1.671413779258728,2.380016565322876,2.0193309783935547,2.0377373695373535,2.0785911083221436,1.7397489547729492,1.988045573234558,2.031907320022583,1.6761093139648438,1.6770881414413452,1.9941070079803467,1.8859246969223022,1.5736215114593506,1.7780556678771973,2.0770745277404785,1.9807254076004028,2.2454395294189453,1.9601682424545288,1.6799595355987549,1.7560391426086426,1.609988808631897,1.7944073677062988,1.518446922302246,1.2656569480895996,1.5261878967285156,1.6225707530975342,1.3001595735549927,1.2450441122055054,1.5943785905838013,1.5986480712890625,1.4336414337158203,2.2662768363952637,1.9370827674865723,1.6514297723770142,1.5686206817626953,1.376833200454712,1.441163420677185,1.1511359214782715,0.9278122186660767,1.119064450263977,1.1251918077468872,0.7732847332954407,0.757111668586731,1.0829061269760132,1.0417780876159668,0.8677108883857727
A11,2.036759376525879,1.72088623046875,1.4318791627883911,1.204709529876709,0.9978165626525879,0.8722924590110779,0.6319733262062073,0.5367493033409119,0.5312572717666626,0.36962026357650757,0.0,0.369487464427948,0.5341120362281799,0.47378507256507874,0.6419944763183594,2.0012855529785156,1.6635600328445435,1.6214134693145752,1.3728978633880615,1.0074682235717773,0.9623908400535583,1.1610019207000732,0.9739078879356384,0.6542857885360718,0.9202544093132019,1.107474446296692,0.9034510850906372,0.8414008021354675,1.1848468780517578,1.37032949924469,2.3042197227478027,1.937896966934204,1.9602338075637817,1.9365671873092651,1.5710557699203491,1.7765834331512451,1.8649814128875732,1.5242421627044678,1.4532479047775269,1.778151512145996,1.726388692855835,1.4004888534545898,1.5490928888320923,1.8793996572494507,1.8323984146118164,2.2712979316711426,1.955276608467102,1.725634217262268,1.7932912111282349,1.5783793926239014,1.782963514328003,1.569262981414795,1.256066083908081,1.4556258916854858,1.6095421314239502,1.3160933256149292,1.1579853296279907,1.4975080490112305,1.5765293836593628,1.394195556640625,2.3093721866607666,1.9596632719039917,1.7284226417541504,1.6826601028442383,1.434806227684021,1.558228611946106,1.338030457496643,1.0380245447158813,1.1810723543167114,1.2798912525177002,0.9689275622367859,0.802423894405365,1.1279163360595703,1.189368724822998,0.9772122502326965
A12,2.1416609287261963,1.7891484498977661,1.5521621704101562,1.353212833404541,1.0578477382659912,1.0025335550308228,0.8641881942749023,0.6257967948913574,0.5208635330200195,0.5556411147117615,0.369487464427948,0.0,0.3648073375225067,0.5280352830886841,0.5763787627220154,2.1272494792938232,1.7624138593673706,1.6768254041671753,1.470561146736145,1.085233449935913,1.0942790508270264,1.1841644048690796,0.9145399332046509,0.6523725986480713,0.911817729473114,0.9725667834281921,0.6727054715156555,0.6818581819534302,1.0397276878356934,1.1308151483535767,2.3351659774780273,1.9550474882125854,1.9064098596572876,1.8488065004348755,1.4729316234588623,1.635134220123291,1.6679627895355225,1.3173573017120361,1.2395119667053223,1.5245475769042969,1.4321576356887817,1.0865601301193237,1.2452009916305542,1.5568917989730835,1.47776460647583,2.2627804279327393,1.9204109907150269,1.6765389442443848,1.6597486734390259,1.405185580253601,1.549396276473999,1.335300087928772,1.013698697090149,1.1586377620697021,1.2844924926757812,0.9890273213386536,0.8010320663452148,1.1325794458389282,1.2156057357788086,1.0404994487762451,2.3005661964416504,1.9315205812454224,1.7276239395141602,1.6143180131912231,1.310003399848938,1.3863447904586792,1.2227622270584106,0.899960458278656,0.9277885556221008,1.0457398891448975,0.7912536859512329,0.5118439197540283,0.8045649528503418,0.9427582025527954,0.7688530087471008
A13,2.339871883392334,2.0000083446502686,1.7811039686203003,1.5193572044372559,1.22584867477417,1.0754189491271973,1.0053632259368896,0.8586471676826477,0.6012665629386902,0.53023761510849,0.5341120362281799,0.3648073375225067,0.0,0.3644465506076813,0.5457538962364197,2.4032061100006104,2.0415635108947754,1.9965295791625977,1.8043053150177002,1.4163877964019775,1.428930640220642,1.544580340385437,1.278550386428833,1.0072633028030396,1.2381025552749634,1.3013278245925903,0.9757834076881409,0.9173741340637207,1.2786372900009155,1.3291935920715332,2.6430647373199463,2.263814687728882,2.208137035369873,2.1771011352539062,1.8103609085083008,1.9759600162506104,1.9747734069824219,1.6172959804534912,1.5597220659255981,1.8125264644622803,1.6738777160644531,1.3203537464141846,1.479931116104126,1.7602654695510864,1.6095032691955566,2.506439685821533,2.180373430252075,1.8963677883148193,1.8621078729629517,1.6456921100616455,1.740965485572815,1.4649808406829834,1.198229193687439,1.350759744644165,1.3810250759124756,1.0329906940460205,0.9220482707023621,1.2211973667144775,1.1985952854156494,0.9599097371101379,2.5318875312805176,2.1734745502471924,1.9310063123703003,1.7707756757736206,1.4955695867538452,1.487653136253357,1.2714108228683472,1.0188360214233398,1.0171138048171997,0.9986883997917175,0.7024585604667664,0.5054368376731873,0.714715301990509,0.7209101319313049,0.4527377784252167
A14,2.460636615753174,2.145115613937378,1.876847505569458,1.609541893005371,1.382243037223816,1.1882697343826294,1.0259815454483032,0.9658649563789368,0.7957509756088257,0.5503951907157898,0.47378507256507874,0.5280352830886841,0.3644465506076813,0.0,0.3791200816631317,2.4697189331054688,2.1300339698791504,2.0879967212677,1.838626503944397,1.471802830696106,1.3992723226547241,1.5575127601623535,1.362235188484192,1.0227211713790894,1.1946526765823364,1.3459941148757935,1.0812431573867798,0.9092169404029846,1.258581519126892,1.391309380531311,2.7663021087646484,2.39499568939209,2.3886685371398926,2.3482367992401123,1.972175121307373,2.1360971927642822,2.1908681392669678,1.843859076499939,1.7419034242630005,2.0174684524536133,1.9319818019866943,1.5705753564834595,1.678406000137329,1.991451621055603,1.8769985437393188,2.6959385871887207,2.3765664100646973,2.116847038269043,2.1331613063812256,1.912536382675171,2.049233913421631,1.7932188510894775,1.5047379732131958,1.6579872369766235,1.7244914770126343,1.3870502710342407,1.2345176935195923,1.5245976448059082,1.530333399772644,1.256638765335083,2.727078914642334,2.374324083328247,2.1275136470794678,2.0213935375213623,1.7637736797332764,1.800729513168335,1.5617607831954956,1.3021425008773804,1.3544102907180786,1.3498831987380981,1.0284537076950073,0.8583515882492065,1.0724782943725586,1.05356764793396,0.7274924516677856
A15,2.6587295532226562,2.324037551879883,2.0502676963806152,1.8382899761199951,1.591350793838501,1.4670696258544922,1.270355463027954,1.1319657564163208,1.0262913703918457,0.8638718724250793,0.6419944763183594,0.5763787627220154,0.5457538962364197,0.3791200816631317,0.0,2.5901408195495605,2.245560884475708,2.1395792961120605,1.8636908531188965,1.5111730098724365,1.38589608669281,1.4648659229278564,1.2892436981201172,0.9460461735725403,1.010877251625061,1.1271523237228394,0.8773108124732971,0.6199468374252319,0.9374496340751648,1.066149115562439,2.8242592811584473,2.451127767562866,2.4252402782440186,2.322265625,1.9327298402786255,2.0314600467681885,2.1015143394470215,1.7789828777313232,1.606114149093628,1.8501348495483398,1.8033127784729004,1.43241286277771,1.4618879556655884,1.7849406003952026,1.6971125602722168,2.8166773319244385,2.472087860107422,2.2460577487945557,2.2294921875,1.9537956714630127,2.0752437114715576,1.8697110414505005,1.551689624786377,1.624082326889038,1.7106592655181885,1.4085584878921509,1.1695162057876587,1.4085876941680908,1.4707016944885254,1.1722229719161987,2.859297752380371,2.490739345550537,2.2903852462768555,2.188843011856079,1.8849836587905884,1.94132399559021,1.7643214464187622,1.4638488292694092,1.448633074760437,1.5017060041427612,1.2354168891906738,0.9634634256362915,1.1206262111663818,1.1965330839157104,0.8752154111862183
B1,0.7026209831237793,0.7437955737113953,0.7000862956047058,1.0798805952072144,1.3108397722244263,1.5794848203659058,1.527871012687683,1.5456700325012207,1.867724061012268,2.0349743366241455,2.0012855529785156,2.1272494792938232,2.4032061100006104,2.4697189331054688,2.5901408195495605,0.0,0.3829087018966675,0.6338670253753662,0.8843353986740112,1.1281344890594482,1.3654725551605225,1.5050556659698486,1.5593161582946777,1.7602907419204712,1.979667067527771,2.080165147781372,2.170048236846924,2.3766725063323975,2.514836311340332,2.703012466430664,0.6617961525917053,0.6375604867935181,0.9918875098228455,1.2468898296356201,1.3153479099273682,1.6423417329788208,1.8024916648864746,1.7305569648742676,1.9080144166946411,2.203028440475464,2.263367176055908,2.2595555782318115,2.479193925857544,2.688164472579956,2.828944683074951,0.925348699092865,0.9288224577903748,1.1117079257965088,1.4889907836914062,1.5572534799575806,1.9190953969955444,1.982775092124939,1.8701989650726318,2.1095306873321533,2.413461685180664,2.3896749019622803,2.3635523319244385,2.646371603012085,2.8287670612335205,2.9061944484710693,0.990365743637085,0.9493153095245361,0.9988601207733154,1.3989802598953247,1.4971500635147095,1.8591444492340088,1.8507823944091797,1.7525770664215088,2.0544440746307373,2.312652587890625,2.2265963554382324,2.240785598754883,2.5578596591949463,2.6939921379089355,2.726511001586914
B2,0.7119267582893372,0.5444958209991455,0.4160493314266205,0.807798445224762,0.9687151908874512,1.2678132057189941,1.218326210975647,1.1887637376785278,1.5094712972640991,1.7019165754318237,1.6635600328445435,1.7624138593673706,2.0415635108947754,2.1300339698791504,2.245560884475708,0.3829087018966675,0.0,0.38074183464050293,0.6410326957702637,0.7953056693077087,1.0899580717086792,1.2279690504074097,1.2232097387313843,1.4249427318572998,1.6754285097122192,1.7585523128509521,1.8159269094467163,2.034546136856079,2.191826105117798,2.3621912002563477,0.7478315830230713,0.5099018216133118,0.7968181371688843,1.0347774028778076,1.0203897953033447,1.3789197206497192,1.518862247467041,1.3975614309310913,1.5792316198349,1.8895716667175293,1.9258747100830078,1.898558259010315,2.1316866874694824,2.348062038421631,2.469362735748291,0.8756440877914429,0.7334641218185425,0.8353491425514221,1.1969326734542847,1.2224481105804443,1.5936988592147827,1.6345748901367188,1.4985874891281128,1.7456576824188232,2.048245906829834,2.0120656490325928,1.9826650619506836,2.270937204360962,2.449491024017334,2.5233230590820312,0.9439194202423096,0.7588929533958435,0.7511099576950073,1.1148161888122559,1.1538677215576172,1.525436282157898,1.5141350030899048,1.3852291107177734,1.6809195280075073,1.9481638669967651,1.8623782396316528,1.8625315427780151,2.1773416996002197,2.322870969772339,2.358457565307617
B3,1.0693405866622925,0.845012366771698,0.7039002180099487,1.043411374092102,1.0923833847045898,1.41264808177948,1.3089420795440674,1.188623309135437,1.5302256345748901,1.7340786457061768,1.6214134693145752,1.6768254041671753,1.9965295791625977,2.0879967212677,2.1395792961120605,0.6338670253753662,0.38074183464050293,0.0,0.40436694025993347,0.6364855766296387,0.9102397561073303,0.9444564580917358,0.9740877151489258,1.2423955202102661,1.4413528442382812,1.484596848487854,1.5941184759140015,1.8335191011428833,1.9405409097671509,2.1035373210906982,0.7030964493751526,0.38319551944732666,0.6348903775215149,0.7380415797233582,0.7049183249473572,1.033718228340149,1.2258769273757935,1.1441192626953125,1.2830504179000854,1.5845249891281128,1.6738837957382202,1.6682623624801636,1.8614726066589355,2.0760750770568848,2.241605520248413,1.0065919160842896,0.7672295570373535,0.9216258525848389,1.1914613246917725,1.1096792221069336,1.4839460849761963,1.5864579677581787,1.405969500541687,1.584975242614746,1.9259557723999023,1.9211328029632568,1.8367162942886353,2.097228527069092,2.3228423595428467,2.4000227451324463,1.0986078977584839,0.8535031080245972,0.9388090372085571,1.2365928888320923,1.1662046909332275,1.556826114654541,1.599299430847168,1.4043697118759155,1.636993646621704,1.9534820318222046,1.8842859268188477,1.811167597770691,2.1093122959136963,2.3077645301818848,2.330815076828003
B4,1.3389899730682373,1.1027411222457886,0.8335122466087341,1.070831060409546,1.1039420366287231,1.3563355207443237,1.1521254777908325,1.0394816398620605,1.4098386764526367,1.546216368675232,1.3728978633880615,1.470561146736145,1.8043053150177002,1.838626503944397,1.8636908531188965,0.8843353986740112,0.6410326957702637,0.40436694025993347,0.0,0.3914566934108734,0.5346261858940125,0.6236302852630615,0.7473443150520325,0.9529882073402405,1.111654281616211,1.2257119417190552,1.3714990615844727,1.5539807081222534,1.651540756225586,1.8684158325195312,1.072996973991394,0.7816165089607239,0.9856708645820618,0.9679808020591736,0.7892000675201416,1.06610107421875,1.324043869972229,1.193288803100586,1.2192943096160889,1.5599333047866821,1.6851444244384766,1.6075814962387085,1.7524830102920532,2.0212342739105225,2.190854549407959,1.397924780845642,1.1345990896224976,1.2067943811416626,1.4423421621322632,1.2804311513900757,1.6487352848052979,1.7062723636627197,1.4518100023269653,1.6183199882507324,1.9653788805007935,1.9076164960861206,1.7608946561813354,2.039431095123291,2.2771103382110596,2.293543577194214,1.4840185642242432,1.210729718208313,1.2166541814804077,1.4644564390182495,1.3252122402191162,1.6990635395050049,1.6852760314941406,1.4272311925888062,1.65431547164917,1.9634000062942505,1.8345730304718018,1.7117058038711548,2.030241012573242,2.227489709854126,2.186688184738159
B5,1.400300145149231,1.0922516584396362,0.7997451424598694,0.9025474786758423,0.8282961249351501,1.0560611486434937,0.8439632654190063,0.6674244999885559,1.0323309898376465,1.1812180280685425,1.0074682235717773,1.085233449935913,1.4163877964019775,1.471802830696106,1.5111730098724365,1.1281344890594482,0.7953056693077087,0.6364855766296387,0.3914566934108734,0.0,0.3813343048095703,0.5388990640640259,0.4875822365283966,0.6335424780845642,0.890318751335144,1.0058919191360474,1.0650081634521484,1.2486683130264282,1.4091205596923828,1.6087661981582642,1.3367398977279663,0.9851745963096619,1.084073781967163,1.0641335248947144,0.7695238590240479,1.0634243488311768,1.2580680847167969,1.029201626777649,1.0472460985183716,1.4159202575683594,1.482584834098816,1.3394548892974854,1.513382911682129,1.803956151008606,1.922157883644104,1.4895110130310059,1.1757887601852417,1.1247612237930298,1.3061206340789795,1.1041053533554077,1.452369213104248,1.4418740272521973,1.152527928352356,1.344279170036316,1.6679770946502686,1.5650604963302612,1.4169600009918213,1.7207584381103516,1.934432864189148,1.9291003942489624,1.5602251291275024,1.2294129133224487,1.1487559080123901,1.3019402027130127,1.100995421409607,1.4399739503860474,1.3895609378814697,1.0961545705795288,1.3178094625473022,1.6122958660125732,1.4623600244522095,1.3273289203643799,1.6537033319473267,1.8431228399276733,1.7952358722686768
B6,1.7156609296798706,1.4398508071899414,1.1114304065704346,1.1721303462982178,1.1214326620101929,1.2604408264160156,0.9590440988540649,0.8282659649848938,1.1748448610305786,1.2209150791168213,0.9623908400535583,1.0942790508270264,1.428930640220642,1.3992723226547241,1.38589608669281,1.3654725551605225,1.0899580717086792,0.9102397561073303,0.5346261858940125,0.3813343048095703,0.0,0.37841469049453735,0.5211468935012817,0.5177202224731445,0.6488599181175232,0.8775639533996582,1.011669397354126,1.1000210046768188,1.220367431640625,1.4923512935638428,1.6005401611328125,1.2820489406585693,1.4078508615493774,1.3213791847229004,1.0113377571105957,1.2123959064483643,1.4650973081588745,1.2536438703536987,1.1567200422286987,1.5210316181182861,1.6419116258621216,1.45731782913208,1.5515704154968262,1.879633903503418,2.0175375938415527,1.8455173969268799,1.5407215356826782,1.506068229675293,1.673002004623413,1.4363411664962769,1.762133002281189,1.7456860542297363,1.4216736555099487,1.568408489227295,1.8884049654006958,1.7569823265075684,1.545174241065979,1.8395986557006836,2.069524049758911,2.0048229694366455,1.9208801984786987,1.6014991998672485,1.5240566730499268,1.673046350479126,1.453485131263733,1.768141269683838,1.691273808479309,1.3719360828399658,1.5620789527893066,1.838774561882019,1.645415186882019,1.4592269659042358,1.7833971977233887,1.9711253643035889,1.8529398441314697
B7,1.8969383239746094,1.5978838205337524,1.324766993522644,1.435745358467102,1.3249666690826416,1.5164363384246826,1.2562377452850342,1.037216067314148,1.3519362211227417,1.4513636827468872,1.1610019207000732,1.1841644048690796,1.544580340385437,1.5575127601623535,1.4648659229278564,1.5050556659698486,1.2279690504074097,0.9444564580917358,0.6236302852630615,0.5388990640640259,0.37841469049453735,0.0,0.36420854926109314,0.5435936450958252,0.5419753789901733,0.6372547149658203,0.8729379177093506,1.0264571905136108,1.0527068376541138,1.2895774841308594,1.5825259685516357,1.2678251266479492,1.326999306678772,1.138725996017456,0.8149353265762329,0.9141310453414917,1.2023561000823975,1.044076681137085,0.8768936395645142,1.2163474559783936,1.3979897499084473,1.2545334100723267,1.295365333557129,1.60920250415802,1.8016903400421143,1.8757859468460083,1.5434598922729492,1.5514180660247803,1.6511058807373047,1.3572769165039062,1.655819296836853,1.7085156440734863,1.3783612251281738,1.4376847743988037,1.7846293449401855,1.711814045906067,1.4596236944198608,1.7004761695861816,1.9807205200195312,1.945868730545044,1.9616237878799438,1.6307032108306885,1.6254336833953857,1.7488449811935425,1.4821362495422363,1.7979499101638794,1.7952324151992798,1.4589413404464722,1.571220874786377,1.891211748123169,1.753503441810608,1.5141948461532593,1.7915550470352173,2.038055658340454,1.9426954984664917
B8,1.8239868879318237,1.4798377752304077,1.2412914037704468,1.2987697124481201,1.1013761758804321,1.3031448125839233,1.0987026691436768,0.8037342429161072,1.0746567249298096,1.235530138015747,0.9739078879356384,0.9145399332046509,1.278550386428833,1.362235188484192,1.2892436981201172,1.5593161582946777,1.2232097387313843,0.9740877151489258,0.7473443150520325,0.4875822365283966,0.5211468935012817,0.36420854926109314,0.0,0.3802782893180847,0.5611357688903809,0.5426075458526611,0.632208526134491,0.874315619468689,0.9829885959625244,1.144205093383789,1.6195735931396484,1.261507272720337,1.23988676071167,1.0771280527114868,0.6950792670249939,0.8372392654418945,1.0268194675445557,0.7817006707191467,0.6512472033500671,1.0210473537445068,1.123454213142395,0.9450224041938782,1.0549333095550537,1.3685539960861206,1.5125318765640259,1.7732206583023071,1.4119104146957397,1.3486926555633545,1.3909459114074707,1.0730488300323486,1.346650242805481,1.367287516593933,1.0255804061889648,1.0927393436431885,1.4296549558639526,1.3487366437911987,1.1096711158752441,1.3674043416976929,1.6338348388671875,1.6186140775680542,1.8478244543075562,1.4853895902633667,1.4466667175292969,1.495942234992981,1.1886576414108276,1.4726276397705078,1.4789284467697144,1.132246494293213,1.2128206491470337,1.5382194519042969,1.4234669208526611,1.1774970293045044,1.4451160430908203,1.7038065195083618,1.6427470445632935
B9,1.9799375534057617,1.6436429023742676,1.3575409650802612,1.3140207529067993,1.1146653890609741,1.20559561252594,0.9434151649475098,0.687384307384491,0.9139832258224487,0.9740812182426453,0.6542857885360718,0.6523725986480713,1.0072633028030396,1.0227211713790894,0.9460461735725403,1.7602907419204712,1.4249427318572998,1.2423955202102661,0.9529882073402405,0.6335424780845642,0.5177202224731445,0.5435936450958252,0.3802782893180847,0.0,0.37447232007980347,0.538810670375824,0.5278316736221313,0.6208963394165039,0.8219245076179504,1.049448847770691,1.9267250299453735,1.5662795305252075,1.5763083696365356,1.4495420455932617,1.0680949687957764,1.2066278457641602,1.3731316328048706,1.091563105583191,0.9332082271575928,1.2811336517333984,1.3447504043579102,1.0760775804519653,1.1597437858581543,1.5105587244033813,1.5939950942993164,2.0463852882385254,1.6957859992980957,1.5752679109573364,1.6292345523834229,1.3302116394042969,1.577441692352295,1.5112637281417847,1.151681900024414,1.2500871419906616,1.527826189994812,1.3590388298034668,1.0994216203689575,1.3900409936904907,1.6118603944778442,1.5114450454711914,2.1113431453704834,1.7478116750717163,1.6376348733901978,1.6598031520843506,1.3572423458099365,1.589587926864624,1.5127131938934326,1.1545461416244507,1.2458786964416504,1.5055768489837646,1.314650058746338,1.0501774549484253,1.3401257991790771,1.5543410778045654,1.4181599617004395
B10,2.2854347229003906,1.9621713161468506,1.668687105178833,1.6596471071243286,1.4839799404144287,1.569724678993225,1.283047080039978,1.0572916269302368,1.2650147676467896,1.2770880460739136,0.9202544093132019,0.911817729473114,1.2381025552749634,1.1946526765823364,1.010877251625061,1.979667067527771,1.6754285097122192,1.4413528442382812,1.111654281616211,0.890318751335144,0.6488599181175232,0.5419753789901733,0.5611357688903809,0.37447232007980347,0.0,0.37052202224731445,0.5581474304199219,0.5392521023750305,0.5769001841545105,0.888684093952179,2.1043152809143066,1.7679961919784546,1.7848687171936035,1.5898206233978271,1.2202543020248413,1.2585214376449585,1.475842833518982,1.255571722984314,0.996425449848175,1.2977486848831177,1.4403897523880005,1.1843667030334473,1.1501826047897339,1.5115433931350708,1.647011637687683,2.316218614578247,1.9639301300048828,1.8893252611160278,1.9298259019851685,1.601536750793457,1.8308895826339722,1.8085267543792725,1.44492506980896,1.4675428867340088,1.7508212327957153,1.6085082292556763,1.2952474355697632,1.5246853828430176,1.7833696603775024,1.6568992137908936,2.3910915851593018,2.033789873123169,1.9648666381835938,2.003558397293091,1.6895800828933716,1.924122929573059,1.872649073600769,1.510459065437317,1.5565810203552246,1.8204331398010254,1.6399205923080444,1.3372845649719238,1.580362319946289,1.8151293992996216,1.6436283588409424
B11,2.365790843963623,2.017146587371826,1.77620530128479,1.7932277917861938,1.5628983974456787,1.6980650424957275,1.4714657068252563,1.1766165494918823,1.345763921737671,1.4372131824493408,1.107474446296692,0.9725667834281921,1.3013278245925903,1.3459941148757935,1.1271523237228394,2.080165147781372,1.7585523128509521,1.484596848487854,1.2257119417190552,1.0058919191360474,0.8775639533996582,0.6372547149658203,0.5426075458526611,0.538810670375824,0.37052202224731445,0.0,0.3743104934692383,0.5364117622375488,0.4784585237503052,0.6531477570533752,2.096524953842163,1.7566746473312378,1.6990940570831299,1.4539443254470825,1.084946632385254,1.0391699075698853,1.2146373987197876,1.0182929039001465,0.7003946900367737,0.9553091526031494,1.11610746383667,0.8809314966201782,0.7979944348335266,1.1528092622756958,1.321925163269043,2.2810142040252686,1.9100086688995361,1.8426364660263062,1.8112013339996338,1.4459701776504517,1.6246939897537231,1.648334264755249,1.2943025827407837,1.2308520078659058,1.5200741291046143,1.4366148710250854,1.0979604721069336,1.2659080028533936,1.5681288242340088,1.4888120889663696,2.357247829437256,1.99045991897583,1.9623565673828125,1.9581403732299805,1.6089015007019043,1.821962833404541,1.8373923301696777,1.4759987592697144,1.4419960975646973,1.7365374565124512,1.6250571012496948,1.2910746335983276,1.4728885889053345,1.7634875774383545,1.6441900730133057
B12,2.3457303047180176,1.9770680665969849,1.7543723583221436,1.7016714811325073,1.4162036180496216,1.5116571187973022,1.3324780464172363,1.014865756034851,1.089348554611206,1.1973429918289185,0.9034510850906372,0.6727054715156555,0.9757834076881409,1.0812431573867798,0.8773108124732971,2.170048236846924,1.8159269094467163,1.5941184759140015,1.3714990615844727,1.0650081634521484,1.011669397354126,0.8729379177093506,0.632208526134491,0.5278316736221313,0.5581474304199219,0.3743104934692383,0.0,0.36806735396385193,0.530104398727417,0.5833265781402588,2.2193939685821533,1.8537712097167969,1.7618200778961182,1.5682553052902222,1.18275785446167,1.1939541101455688,1.2706592082977295,0.9959813952445984,0.7476997971534729,0.9932799935340881,1.0255147218704224,0.6991892457008362,0.6986674666404724,1.060828685760498,1.1223783493041992,2.2869315147399902,1.9100624322891235,1.7703757286071777,1.6997466087341309,1.3423988819122314,1.4745115041732788,1.4250574111938477,1.0691068172454834,1.0194134712219238,1.2516288757324219,1.1138852834701538,0.7675908207893372,0.970650315284729,1.2351042032241821,1.1304558515548706,2.3492443561553955,1.9689676761627197,1.88955557346344,1.8164366483688354,1.4511966705322266,1.5990378856658936,1.589774250984192,1.2324587106704712,1.1546553373336792,1.41291081905365,1.3002034425735474,0.9462582468986511,1.1071362495422363,1.3970223665237427,1.2834906578063965
B13,2.5642735958099365,2.210444927215576,1.9476032257080078,1.852221965789795,1.5944690704345703,1.6139593124389648,1.3883140087127686,1.1353074312210083,1.178829312324524,1.1719977855682373,0.8414008021354675,0.6818581819534302,0.9173741340637207,0.9092169404029846,0.6199468374252319,2.3766725063323975,2.034546136856079,1.8335191011428833,1.5539807081222534,1.2486683130264282,1.1000210046768188,1.0264571905136108,0.874315619468689,0.6208963394165039,0.5392521023750305,0.5364117622375488,0.36806735396385193,0.0,0.3659706115722656,0.5563029646873474,2.4931280612945557,2.130472183227539,2.0793561935424805,1.8941859006881714,1.5055943727493286,1.5211676359176636,1.6295442581176758,1.3608849048614502,1.100721001625061,1.329404354095459,1.373712182044983,1.0346601009368896,0.9760993123054504,1.3329265117645264,1.363463044166565,2.5849552154541016,2.216104030609131,2.0653858184814453,2.0249385833740234,1.6842063665390015,1.8210235834121704,1.731176495552063,1.3764463663101196,1.354021668434143,1.5406414270401,1.3473573923110962,1.0068881511688232,1.2009172439575195,1.4129948616027832,1.213157296180725,2.6461424827575684,2.2686357498168945,2.1574435234069824,2.0945565700531006,1.7455377578735352,1.8774791955947876,1.810160517692566,1.4570116996765137,1.4032491445541382,1.598587989807129,1.4234838485717773,1.0717512369155884,1.2295198440551758,1.461112380027771,1.2557512521743774
