,A1,A2,A3,A4,A5,A6,A7,A8,A9,A10,A11,A12,A13,A14,A15,B1,B2,B3,B4,B5,B6,B7,B8,B9,B10,B11,B12,B13,B14,B15,C1,C2,C3,C4,C5,C6,C7,C8,C9,C10,C11,C12,C13,C14,C15,D1,D2,D3,D4,D5,D6,D7,D8,D9,D10,D11,D12,D13,D14,D15,E1,E2,E3,E4,E5,E6,E7,E8,E9,E10,E11,E12,E13,E14,E15
A1,0.0,0.38321301341056824,0.6267232894897461,0.8458586931228638,1.0951974391937256,1.345055103302002,1.272948980331421,1.2774969339370728,1.5943764448165894,1.738582968711853,1.6962316036224365,1.8224107027053833,2.075906276702881,2.1606366634368896,2.2081210613250732,2.103853702545166,1.751629114151001,1.6491929292678833,1.41458261013031,1.0496623516082764,1.0857973098754883,1.3687622547149658,1.2287405729293823,0.9569377303123474,1.2450190782546997,1.4759466648101807,1.3069489002227783,1.2034425735473633,1.5428930521011353,1.7337045669555664,1.933320164680481,1.6688730716705322,1.8599224090576172,2.0246739387512207,1.8395469188690186,2.1744189262390137,2.15537166595459,1.8114932775497437,1.951827883720398,2.2608704566955566,2.1142728328704834,1.8769762516021729,2.1431360244750977,2.391467571258545,2.2603139877319336,0.24793578684329987,0.45804575085639954,0.7257550358772278,1.0275754928588867,1.2420613765716553,1.5140292644500732,1.3882181644439697,1.3269072771072388,1.6732702255249023,1.8237574100494385,1.712118148803711,1.8156282901763916,2.116986036300659,2.1912248134613037,2.2046806812286377,2.279494047164917,1.900970697402954,1.8410112857818604,1.754791259765625,1.3823232650756836,1.4780550003051758,1.615005373954773,1.3327995538711548,1.0972044467926025,1.3878592252731323,1.4592257738113403,1.1384966373443604,1.094158411026001,1.4570772647857666,1.4978431463241577
A2,0.38321301341056824,0.0,0.3819718658924103,0.6131525635719299,0.7684400677680969,1.0686657428741455,1.016337275505066,0.9490709900856018,1.2552920579910278,1.4443047046661377,1.407403826713562,1.4883280992507935,1.7401365041732788,1.8620542287826538,1.9097124338150024,1.8116761445999146,1.44113028049469,1.3548469543457031,1.184938669204712,0.8065245151519775,0.9451516270637512,1.1663957834243774,0.9526689648628235,0.7581617832183838,1.1081225872039795,1.2642648220062256,1.0768206119537354,1.079511284828186,1.419166088104248,1.5562317371368408,1.59308922290802,1.3046687841415405,1.4818990230560303,1.6420179605484009,1.4652893543243408,1.803895115852356,1.7813396453857422,1.4461520910263062,1.6074975728988647,1.915682077407837,1.780319094657898,1.572080135345459,1.8484046459197998,2.0902578830718994,1.9875408411026,0.46552300453186035,0.28948408365249634,0.6151990294456482,0.8953641653060913,0.9983989596366882,1.3235464096069336,1.2388561964035034,1.094836711883545,1.4152352809906006,1.6244350671768188,1.5242069959640503,1.5625934600830078,1.8627443313598633,1.9879753589630127,1.9975537061691284,1.9144366979599,1.5396510362625122,1.5091251134872437,1.427385687828064,1.0566731691360474,1.2183607816696167,1.3632080554962158,1.0678043365478516,0.8960716128349304,1.2411091327667236,1.3083605766296387,1.0308592319488525,1.0728555917739868,1.4280611276626587,1.4874175786972046
A3,0.6267232894897461,0.3819718658924103,0.0,0.3779638111591339,0.6013041734695435,0.8082287311553955,0.6683996319770813,0.6647623181343079,0.9976055026054382,1.1183134317398071,1.074933409690857,1.2199457883834839,1.4597653150558472,1.535862922668457,1.604277491569519,1.9261689186096191,1.5425165891647339,1.4014414548873901,1.2894821166992188,0.9232953786849976,1.0162588357925415,1.1388428211212158,0.8648489117622375,0.6437181830406189,0.9678565859794617,1.0534316301345825,0.786231517791748,0.7950459122657776,1.14979088306427,1.2369862794876099,1.4866430759429932,1.2023444175720215,1.3441555500030518,1.5753264427185059,1.451928973197937,1.764044165611267,1.6640485525131226,1.3320722579956055,1.5498803853988647,1.80680251121521,1.6072131395339966,1.4294975996017456,1.7511869668960571,1.937082052230835,1.7914708852767944,0.7418143153190613,0.6271204352378845,0.975987434387207,1.2025521993637085,1.2340586185455322,1.5923856496810913,1.5600175857543945,1.372923731803894,1.6513971090316772,1.908879041671753,1.8191274404525757,1.796740174293518,2.093437671661377,2.26155424118042,2.2549028396606445,1.9432950019836426,1.5926178693771362,1.611729621887207,1.4774775505065918,1.1102674007415771,1.292266845703125,1.5112192630767822,1.2628278732299805,1.1012444496154785,1.4545272588729858,1.5787266492843628,1.351569414138794,1.3739335536956787,1.7247545719146729,1.827284812927246
A4,0.8458586931228638,0.6131525635719299,0.3779638111591339,0.0,0.37651947140693665,0.5035980939865112,0.5132058262825012,0.6304399967193604,0.8502114415168762,0.9686575531959534,1.0562256574630737,1.2178899049758911,1.3699767589569092,1.4707049131393433,1.6212886571884155,2.0977623462677,1.709789514541626,1.6244920492172241,1.5746922492980957,1.2192143201828003,1.3694195747375488,1.460370421409607,1.1408748626708984,0.98634934425354,1.3012126684188843,1.3155639171600342,0.9918234944343567,1.0489981174468994,1.3943907022476196,1.3984692096710205,1.2371176481246948,1.0257676839828491,1.2390145063400269,1.5197153091430664,1.4837820529937744,1.8093796968460083,1.6857885122299194,1.4060924053192139,1.6858552694320679,1.9195479154586792,1.7183102369308472,1.615252137184143,1.9537343978881836,2.104388475418091,1.97429358959198,1.0228303670883179,0.8919398188591003,1.1740738153457642,1.4459106922149658,1.4346243143081665,1.7918968200683594,1.7197476625442505,1.4741792678833008,1.7519451379776,2.012601137161255,1.866654634475708,1.7965360879898071,2.120339870452881,2.28808856010437,2.223323345184326,1.8806216716766357,1.5481541156768799,1.5225508213043213,1.3057414293289185,0.946853756904602,1.060871958732605,1.3451964855194092,1.1805202960968018,0.9832180142402649,1.3052692413330078,1.5065501928329468,1.352599024772644,1.3263258934020996,1.6527302265167236,1.8245221376419067
A5,1.0951974391937256,0.7684400677680969,0.6013041734695435,0.37651947140693665,0.0,0.3770306408405304,0.5316404700279236,0.4761716425418854,0.5869899988174438,0.8283645510673523,0.956693708896637,1.0152339935302734,1.138366460800171,1.3224012851715088,1.478285789489746,1.8714133501052856,1.4909647703170776,1.4569129943847656,1.4889708757400513,1.177445411682129,1.407436728477478,1.442617654800415,1.0864036083221436,1.0590994358062744,1.3862611055374146,1.3273630142211914,1.026818037033081,1.2030298709869385,1.5079320669174194,1.458548665046692,0.8906598687171936,0.6503981947898865,0.8815731406211853,1.159963607788086,1.1642625331878662,1.492037296295166,1.3753747940063477,1.1363980770111084,1.4423565864562988,1.668717622756958,1.5049551725387573,1.4586433172225952,1.7850967645645142,1.9280683994293213,1.8526501655578613,1.2305231094360352,0.9888471364974976,1.198975920677185,1.422943353652954,1.3157020807266235,1.6726645231246948,1.626447081565857,1.3248870372772217,1.5483280420303345,1.8404796123504639,1.7023961544036865,1.5665827989578247,1.8756561279296875,2.0807900428771973,2.007096290588379,1.5206217765808105,1.2056317329406738,1.2016534805297852,0.9796317219734192,0.6521397829055786,0.8448566794395447,1.1217507123947144,0.9812006950378418,0.8906933665275574,1.2140376567840576,1.3922027349472046,1.3061050176620483,1.3536927700042725,1.6382869482040405,1.8095316886901855
A6,1.345055103302002,1.0686657428741455,0.8082287311553955,0.5035980939865112,0.3770306408405304,0.0,0.37157437205314636,0.5324486494064331,0.5010256171226501,0.5960585474967957,0.8401263356208801,0.9832484126091003,1.0089645385742188,1.1412396430969238,1.3737019300460815,2.1731650829315186,1.7995234727859497,1.7398121356964111,1.7967655658721924,1.4950636625289917,1.6832517385482788,1.6771703958511353,1.3136272430419922,1.2684837579727173,1.5441590547561646,1.4344972372055054,1.0883501768112183,1.2529270648956299,1.5336189270019531,1.4142396450042725,0.8838344812393188,0.7564261555671692,0.9545861482620239,1.3045405149459839,1.3927172422409058,1.6759787797927856,1.4884276390075684,1.296876072883606,1.6425771713256836,1.8044787645339966,1.5907304286956787,1.5989584922790527,1.9473161697387695,2.026404619216919,1.9182333946228027,1.5075879096984863,1.318476915359497,1.5603222846984863,1.7896207571029663,1.681564450263977,2.0423293113708496,2.0032482147216797,1.6966102123260498,1.9052119255065918,2.2041397094726562,2.057006359100342,1.8968687057495117,2.203216314315796,2.4167497158050537,2.3172621726989746,1.7144787311553955,1.4510565996170044,1.4601917266845703,1.1819945573806763,0.9194766283035278,1.03779935836792,1.3655085563659668,1.2999647855758667,1.1872056722640991,1.466389536857605,1.6964832544326782,1.64048433303833,1.6411420106887817,1.915157437324524,2.123764753341675
A7,1.272948980331421,1.016337275505066,0.6683996319770813,0.5132058262825012,0.5316404700279236,0.37157437205314636,0.0,0.3731573820114136,0.5286608338356018,0.490604043006897,0.5884156823158264,0.8299190998077393,0.941062867641449,0.9786736965179443,1.1612979173660278,2.1477882862091064,1.7722500562667847,1.6345103979110718,1.6647051572799683,1.367775321006775,1.4846887588500977,1.4501196146011353,1.1053518056869507,1.0211868286132812,1.2446975708007812,1.1254959106445312,0.7607080936431885,0.905215322971344,1.1727665662765503,1.0544230937957764,1.1810632944107056,0.9763065576553345,1.0647045373916626,1.408642292022705,1.437809944152832,1.6905457973480225,1.471961259841919,1.2304940223693848,1.5548980236053467,1.7000415325164795,1.4339485168457031,1.3999311923980713,1.763672947883606,1.8299931287765503,1.6689244508743286,1.4096013307571411,1.2576282024383545,1.5621923208236694,1.7562754154205322,1.670657753944397,2.0451736450195312,2.0505211353302,1.7815364599227905,1.9885917901992798,2.3001999855041504,2.2000417709350586,2.0696427822113037,2.3574297428131104,2.582736015319824,2.5282068252563477,1.8789448738098145,1.6065200567245483,1.675578236579895,1.4546654224395752,1.1677263975143433,1.3443042039871216,1.6447114944458008,1.5104444026947021,1.3996607065200806,1.719390869140625,1.9133694171905518,1.7948321104049683,1.8113404512405396,2.1213788986206055,2.2918198108673096
A8,1.2774969339370728,0.9490709900856018,0.6647623181343079,0.6304399967193604,0.4761716425418854,0.5324486494064331,0.3731573820114136,0.0,0.37451720237731934,0.540850818157196,0.5142113566398621,0.5912975072860718,0.7987203001976013,0.928523600101471,1.0293223857879639,1.7843849658966064,1.4147608280181885,1.2820019721984863,1.3546569347381592,1.0962791442871094,1.260553240776062,1.1861978769302368,0.8189665079116821,0.8461039662361145,1.092176914215088,0.9365963935852051,0.6312587857246399,0.8964672684669495,1.132768988609314,1.0293450355529785,1.0753995180130005,0.7780208587646484,0.7938302755355835,1.0968786478042603,1.0835156440734863,1.33238685131073,1.1331737041473389,0.8662125468254089,1.1858863830566406,1.3517327308654785,1.1164366006851196,1.077390432357788,1.4315673112869263,1.5263713598251343,1.4119503498077393,1.3614768981933594,1.128589391708374,1.3972283601760864,1.5279313325881958,1.385366678237915,1.757489562034607,1.8071595430374146,1.5319467782974243,1.694230318069458,2.0266897678375244,1.9683586359024048,1.8219879865646362,2.078294038772583,2.330254316329956,2.3082103729248047,1.5804579257965088,1.306857705116272,1.4305275678634644,1.2772126197814941,1.0124417543411255,1.2791485786437988,1.5218058824539185,1.345895767211914,1.3208904266357422,1.6620686054229736,1.7923510074615479,1.6753756999969482,1.7671014070510864,2.06583309173584,2.1954338550567627
A9,1.5943764448165894,1.2552920579910278,0.9976055026054382,0.8502114415168762,0.5869899988174438,0.5010256171226501,0.5286608338356018,0.37451720237731934,0.0,0.3712024986743927,0.5436815619468689,0.527831494808197,0.555151641368866,0.7797259092330933,0.9686817526817322,1.881778597831726,1.5360753536224365,1.462058186531067,1.609516978263855,1.3909432888031006,1.5946669578552246,1.487708330154419,1.1193456649780273,1.2075810432434082,1.435019612312317,1.2253730297088623,0.9427146315574646,1.2308034896850586,1.4247548580169678,1.2458806037902832,0.8018972873687744,0.577999472618103,0.5639753341674805,0.9336646199226379,1.0516078472137451,1.2654770612716675,1.0244766473770142,0.8749568462371826,1.2431093454360962,1.347883701324463,1.1334972381591797,1.212652325630188,1.5479390621185303,1.5871684551239014,1.516932487487793,1.6953574419021606,1.4383349418640137,1.66038978099823,1.7908889055252075,1.5961449146270752,1.9524513483047485,1.99813711643219,1.6807091236114502,1.8000435829162598,2.1426448822021484,2.0658555030822754,1.8583824634552002,2.10489559173584,2.3773770332336426,2.3193752765655518,1.4354314804077148,1.226709246635437,1.3582231998443604,1.1611731052398682,0.9869651794433594,1.23322331905365,1.4900856018066406,1.3953810930252075,1.4120451211929321,1.7111530303955078,1.8649417161941528,1.82101309299469,1.9146549701690674,2.174193859100342,2.335719347000122
A10,1.738582968711853,1.4443047046661377,1.1183134317398071,0.9686575531959534,0.8283645510673523,0.5960585474967957,0.490604043006897,0.540850818157196,0.3712024986743927,0.0,0.376321405172348,0.5641799569129944,0.5072783827781677,0.5487329363822937,0.8197324275970459,2.184098958969116,1.8428115844726562,1.7152843475341797,1.8433815240859985,1.620159387588501,1.7573593854904175,1.627740502357483,1.2799885272979736,1.3141098022460938,1.4757674932479858,1.2387335300445557,0.9280874133110046,1.1725610494613647,1.3257832527160645,1.0844327211380005,1.076561689376831,0.9288790225982666,0.8862274885177612,1.2564228773117065,1.3828387260437012,1.5504475831985474,1.2582147121429443,1.122509479522705,1.4790462255477905,1.524558186531067,1.242577075958252,1.3330386877059937,1.6830588579177856,1.6609325408935547,1.5254977941513062,1.853718876838684,1.653347134590149,1.9247279167175293,2.0658435821533203,1.9022096395492554,2.2677509784698486,2.3197858333587646,2.0189969539642334,2.152529716491699,2.4948132038116455,2.4194300174713135,2.2244210243225098,2.4741532802581787,2.7439401149749756,2.684016227722168,1.77861750125885,1.591705322265625,1.7261232137680054,1.5091832876205444,1.3261644840240479,1.5304731130599976,1.8193058967590332,1.7342088222503662,1.704457402229309,2.0023193359375,2.1862385272979736,2.1241042613983154,2.180481433868408,2.4579946994781494,2.6338539123535156
A11,1.6962316036224365,1.407403826713562,1.074933409690857,1.0562256574630737,0.956693708896637,0.8401263356208801,0.5884156823158264,0.5142113566398621,0.5436815619468689,0.376321405172348,0.0,0.37315645813941956,0.5308561325073242,0.47045499086380005,0.5746963024139404,2.0316343307495117,1.7018741369247437,1.5076590776443481,1.6256473064422607,1.43789803981781,1.5207492113113403,1.34358811378479,1.0299911499023438,1.0836551189422607,1.1767199039459229,0.8985733389854431,0.6303359866142273,0.9133355617523193,1.002198338508606,0.7472466230392456,1.336206078529358,1.1023651361465454,0.9770488739013672,1.291602611541748,1.3345195055007935,1.4652236700057983,1.1650662422180176,0.9746512770652771,1.2858655452728271,1.315940499305725,0.9887263774871826,1.0339865684509277,1.390105962753296,1.3609726428985596,1.182997226715088,1.768782377243042,1.5770649909973145,1.8694907426834106,1.9570422172546387,1.7984539270401,2.1617445945739746,2.2623825073242188,1.9982006549835205,2.1152775287628174,2.4652769565582275,2.4409983158111572,2.272233486175537,2.4954771995544434,2.776181221008301,2.764453649520874,1.8411445617675781,1.6431667804718018,1.8297345638275146,1.680192232131958,1.474631905555725,1.734377145767212,1.988340973854065,1.8385664224624634,1.8281843662261963,2.1599366664886475,2.2979204654693604,2.1885271072387695,2.2775750160217285,2.577012777328491,2.709373950958252
A12,1.8224107027053833,1.4883280992507935,1.2199457883834839,1.2178899049758911,1.0152339935302734,0.9832484126091003,0.8299190998077393,0.5912975072860718,0.527831494808197,0.5641799569129944,0.37315645813941956,0.0,0.36751142144203186,0.5165549516677856,0.5108243227005005,1.7526731491088867,1.4518072605133057,1.2892298698425293,1.4845271110534668,1.3626511096954346,1.5002386569976807,1.2804244756698608,0.9684303402900696,1.1455508470535278,1.2522566318511963,0.9418320655822754,0.779377818107605,1.130707025527954,1.191679835319519,0.9634839296340942,1.2204387187957764,0.9581429958343506,0.724358320236206,0.983299970626831,1.0346461534500122,1.1148655414581299,0.7976370453834534,0.651892364025116,0.9742874503135681,0.975045382976532,0.6784752011299133,0.8089205026626587,1.1388343572616577,1.106008529663086,1.0166407823562622,1.866180419921875,1.611999750137329,1.8489346504211426,1.8834819793701172,1.6612414121627808,2.0029397010803223,2.1391525268554688,1.8629239797592163,1.9182454347610474,2.28180193901062,2.2889246940612793,2.088779926300049,2.272469997406006,2.5795645713806152,2.584221601486206,1.5433026552200317,1.386069416999817,1.6262016296386719,1.5320566892623901,1.388213872909546,1.693475365638733,1.8975210189819336,1.7470035552978516,1.8133893013000488,2.137887954711914,2.2317006587982178,2.150510787963867,2.293715476989746,2.566641092300415,2.6764914989471436
A13,2.075906276702881,1.7401365041732788,1.4597653150558472,1.3699767589569092,1.138366460800171,1.0089645385742188,0.941062867641449,0.7987203001976013,0.555151641368866,0.5072783827781677,0.5308561325073242,0.36751142144203186,0.0,0.3686273992061615,0.5533977150917053,2.0004806518554688,1.7158433198928833,1.603473424911499,1.824548363685608,1.697110891342163,1.8569679260253906,1.646659255027771,1.3273279666900635,1.487678050994873,1.604799747467041,1.2931404113769531,1.0996553897857666,1.4244325160980225,1.4865134954452515,1.209984302520752,1.113823652267456,0.9596741795539856,0.7241037487983704,1.022220253944397,1.195455551147461,1.2463328838348389,0.9011127352714539,0.8916550874710083,1.229602575302124,1.1731210947036743,0.9164609909057617,1.1334776878356934,1.4291099309921265,1.3392306566238403,1.2774068117141724,2.1489622592926025,1.8928122520446777,2.1181957721710205,2.181135654449463,1.943762183189392,2.280574321746826,2.3945744037628174,2.087463617324829,2.1326992511749268,2.495910882949829,2.473507881164551,2.234833240509033,2.4219303131103516,2.734323263168335,2.700634241104126,1.5709056854248047,1.474171757698059,1.696904182434082,1.5540977716445923,1.4681432247161865,1.7312721014022827,1.9575014114379883,1.874381184577942,1.9422653913497925,2.2337751388549805,2.362103223800659,2.329763889312744,2.4532055854797363,2.703680992126465,2.8488783836364746
A14,2.1606366634368896,1.8620542287826538,1.535862922668457,1.4707049131393433,1.3224012851715088,1.1412396430969238,0.9786736965179443,0.928523600101471,0.7797259092330933,0.5487329363822937,0.47045499086380005,0.5165549516677856,0.3686273992061615,0.0,0.3645104169845581,2.251133680343628,1.9641332626342773,1.7920669317245483,1.976260781288147,1.841118335723877,1.9338431358337402,1.7079395055770874,1.4190328121185303,1.5266402959823608,1.576164960861206,1.2492409944534302,1.0569605827331543,1.3324835300445557,1.336596965789795,1.0093350410461426,1.4323179721832275,1.282752513885498,1.0793688297271729,1.3771620988845825,1.510219693183899,1.5485107898712158,1.1935619115829468,1.1434534788131714,1.4475374221801758,1.3609627485275269,1.039751648902893,1.2210631370544434,1.5250645875930786,1.3868234157562256,1.2396249771118164,2.236210823059082,2.028674364089966,2.2993931770324707,2.367746591567993,2.1664915084838867,2.5146117210388184,2.6360318660736084,2.3508477210998535,2.4197804927825928,2.7820284366607666,2.765737295150757,2.5517308712005615,2.747464656829834,3.053642749786377,3.028940439224243,1.9321414232254028,1.8202638626098633,2.038616180419922,1.8841848373413086,1.757006287574768,2.0056891441345215,2.25787615776062,2.15798282623291,2.1835763454437256,2.4900782108306885,2.635572671890259,2.5704667568206787,2.6685357093811035,2.944493532180786,3.091984987258911
A15,2.2081210613250732,1.9097124338150024,1.604277491569519,1.6212886571884155,1.478285789489746,1.3737019300460815,1.1612979173660278,1.0293223857879639,0.9686817526817322,0.8197324275970459,0.5746963024139404,0.5108243227005005,0.5533977150917053,0.3645104169845581,0.0,2.0954811573028564,1.840126633644104,1.624950647354126,1.8195395469665527,1.7428032159805298,1.799326777458191,1.5235042572021484,1.2906124591827393,1.4429980516433716,1.4264880418777466,1.0662355422973633,0.982136607170105,1.2746204137802124,1.1988075971603394,0.8797007203102112,1.6482932567596436,1.4382004737854004,1.1768203973770142,1.4025620222091675,1.4679324626922607,1.4498342275619507,1.099066138267517,1.0369738340377808,1.2700115442276,1.1370261907577515,0.788211464881897,0.9685139060020447,1.240029215812683,1.0624282360076904,0.8945257067680359,2.244685649871826,2.033576488494873,2.2992985248565674,2.311549663543701,2.10237193107605,2.4333181381225586,2.601140260696411,2.3465821743011475,2.384944438934326,2.750218629837036,2.7822306156158447,2.5834696292877197,2.7455637454986572,3.063295364379883,3.0805532932281494,1.9588861465454102,1.852853536605835,2.116269826889038,2.0236849784851074,1.8934032917022705,2.1850922107696533,2.402008533477783,2.2574968338012695,2.3120005130767822,2.6384475231170654,2.74059796333313,2.6484618186950684,2.781378984451294,3.065417766571045,3.1747450828552246
B1,2.103853702545166,1.8116761445999146,1.9261689186096191,2.0977623462677,1.8714133501052856,2.1731650829315186,2.1477882862091064,1.7843849658966064,1.881778597831726,2.184098958969116,2.0316343307495117,1.7526731491088867,2.0004806518554688,2.251133680343628,2.0954811573028564,0.0,0.38825395703315735,0.6382439136505127,0.8698869943618774,1.1373612880706787,1.3816372156143188,1.2906254529953003,1.3026478290557861,1.618744969367981,1.7570724487304688,1.710593819618225,1.845759391784668,2.101632833480835,2.17938494682312,2.233240842819214,1.9928566217422485,1.679458498954773,1.5380439758300781,1.2666687965393066,0.9171783924102783,0.8992519974708557,1.2053422927856445,1.113154411315918,0.829905092716217,1.0911802053451538,1.357148289680481,1.243026852607727,1.1208406686782837,1.4334174394607544,1.661396861076355,1.9801527261734009,1.6473417282104492,1.5330018997192383,1.2475191354751587,0.9173349142074585,0.8831366300582886,1.2106835842132568,1.1475473642349243,0.8775817155838013,1.118166208267212,1.4002500772476196,1.3084102869033813,1.2027828693389893,1.4953069686889648,1.7278151512145996,1.236141324043274,1.1255820989608765,1.3756576776504517,1.6836388111114502,1.6725244522094727,2.0097522735595703,1.8828377723693848,1.6153132915496826,1.9008700847625732,2.133840560913086,1.9224696159362793,1.8381894826889038,2.1842153072357178,2.3260927200317383,2.207913398742676
B2,1.751629114151001,1.44113028049469,1.5425165891647339,1.709789514541626,1.4909647703170776,1.7995234727859497,1.7722500562667847,1.4147608280181885,1.5360753536224365,1.8428115844726562,1.7018741369247437,1.4518072605133057,1.7158433198928833,1.9641332626342773,1.840126633644104,0.38825395703315735,0.0,0.38356027007102966,0.6307206153869629,0.8088051080703735,1.1035429239273071,1.0320852994918823,0.971701979637146,1.2778079509735107,1.461928367614746,1.4195886850357056,1.5083014965057373,1.7645699977874756,1.879783034324646,1.9321296215057373,1.6973190307617188,1.3586928844451904,1.2489068508148193,1.041862964630127,0.6615438461303711,0.7795286774635315,1.0243065357208252,0.8425340056419373,0.646328330039978,0.9901816248893738,1.1710282564163208,1.029962182044983,1.0230292081832886,1.3447247743606567,1.5098273754119873,1.6475328207015991,1.299855351448059,1.2275844812393188,0.9939954280853271,0.6350933313369751,0.7538277506828308,1.0421030521392822,0.9075274467468262,0.7387880682945251,1.0593085289001465,1.2657274007797241,1.1641600131988525,1.1726404428482056,1.4693561792373657,1.6499478816986084,1.123205304145813,0.9125791192054749,1.1551936864852905,1.4106699228286743,1.3424303531646729,1.6921687126159668,1.6098254919052124,1.320196509361267,1.5747452974319458,1.841491937637329,1.6722837686538696,1.5644081830978394,1.8894150257110596,2.0688161849975586,1.9876270294189453
B3,1.6491929292678833,1.3548469543457031,1.4014414548873901,1.6244920492172241,1.4569129943847656,1.7398121356964111,1.6345103979110718,1.2820019721984863,1.462058186531067,1.7152843475341797,1.5076590776443481,1.2892298698425293,1.603473424911499,1.7920669317245483,1.624950647354126,0.6382439136505127,0.38356027007102966,0.0,0.382808655500412,0.6188762784004211,0.8264052867889404,0.676049530506134,0.6743319630622864,1.0042657852172852,1.1246631145477295,1.0794028043746948,1.2281311750411987,1.4701935052871704,1.5439456701278687,1.6182852983474731,1.8033263683319092,1.4348556995391846,1.291050910949707,1.1702052354812622,0.8054564595222473,0.8947464227676392,1.0229154825210571,0.7561705708503723,0.5351261496543884,0.8709188103675842,0.968165934085846,0.7327233552932739,0.7423350214958191,1.0915372371673584,1.201093316078186,1.5308210849761963,1.2213516235351562,1.2473605871200562,1.0143990516662598,0.7367846369743347,0.9308645725250244,1.2274160385131836,1.1252670288085938,1.0538910627365112,1.3634893894195557,1.5544893741607666,1.4859286546707153,1.5358840227127075,1.8145798444747925,1.9887479543685913,1.3987016677856445,1.1731328964233398,1.4279621839523315,1.615701675415039,1.4791719913482666,1.8409342765808105,1.8240801095962524,1.5131703615188599,1.7007495164871216,2.012221336364746,1.8850927352905273,1.721917986869812,2.011035919189453,2.242210865020752,2.171635866165161
B4,1.41458261013031,1.184938669204712,1.2894821166992188,1.5746922492980957,1.4889708757400513,1.7967655658721924,1.6647051572799683,1.3546569347381592,1.609516978263855,1.8433815240859985,1.6256473064422607,1.4845271110534668,1.824548363685608,1.976260781288147,1.8195395469665527,0.8698869943618774,0.6307206153869629,0.382808655500412,0.0,0.3804221451282501,0.5143805146217346,0.5100845694541931,0.6299707293510437,0.8467361330986023,0.9653851985931396,1.0506070852279663,1.2123585939407349,1.366328477859497,1.4661005735397339,1.6221232414245605,1.9912418127059937,1.6154414415359497,1.5387567281723022,1.4702942371368408,1.1088683605194092,1.2606927156448364,1.3684183359146118,1.056063175201416,0.898151695728302,1.2224572896957397,1.2539435625076294,0.9490302801132202,0.9928803443908691,1.3481305837631226,1.3808273077011108,1.2562379837036133,0.9980859756469727,1.0261598825454712,0.7581660151481628,0.6154082417488098,0.8061281442642212,1.0841318368911743,1.0711551904678345,1.0900304317474365,1.34269118309021,1.5274964570999146,1.5472054481506348,1.6288423538208008,1.8490948677062988,2.038069486618042,1.6872491836547852,1.4096921682357788,1.5953162908554077,1.7621548175811768,1.5616556406021118,1.894157886505127,1.8806380033493042,1.5315862894058228,1.6586041450500488,1.9773057699203491,1.8413177728652954,1.611948013305664,1.8806519508361816,2.1347496509552,2.0346782207489014
B5,1.0496623516082764,0.8065245151519775,0.9232953786849976,1.2192143201828003,1.177445411682129,1.4950636625289917,1.367775321006775,1.0962791442871094,1.3909432888031006,1.620159387588501,1.43789803981781,1.3626511096954346,1.697110891342163,1.841118335723877,1.7428032159805298,1.1373612880706787,0.8088051080703735,0.6188762784004211,0.3804221451282501,0.0,0.3766559660434723,0.5253065824508667,0.4773322641849518,0.5764956474304199,0.8173551559448242,0.9470875859260559,1.0046401023864746,1.127642273902893,1.3105137348175049,1.4731544256210327,1.7946290969848633,1.422894835472107,1.4164081811904907,1.4288818836212158,1.1108876466751099,1.3516547679901123,1.4047578573226929,1.0527775287628174,1.0297967195510864,1.364378571510315,1.3177802562713623,1.0282646417617798,1.1920571327209473,1.5080820322036743,1.4780505895614624,0.9153683185577393,0.638605535030365,0.7511635422706604,0.6127232909202576,0.5523216128349304,0.8654167056083679,1.0242520570755005,0.9571816325187683,1.099320650100708,1.3602073192596436,1.4542003870010376,1.4793213605880737,1.6446055173873901,1.8434104919433594,1.9783520698547363,1.6889386177062988,1.3593792915344238,1.4876892566680908,1.5833978652954102,1.321124792098999,1.629729151725769,1.6616874933242798,1.3081670999526978,1.3677558898925781,1.7074229717254639,1.6215298175811768,1.3670215606689453,1.5915162563323975,1.8798969984054565,1.8201717138290405
B6,1.0857973098754883,0.9451516270637512,1.0162588357925415,1.3694195747375488,1.407436728477478,1.6832517385482788,1.4846887588500977,1.260553240776062,1.5946669578552246,1.7573593854904175,1.5207492113113403,1.5002386569976807,1.8569679260253906,1.9338431358337402,1.799326777458191,1.3816372156143188,1.1035429239273071,0.8264052867889404,0.5143805146217346,0.3766559660434723,0.0,0.36866822838783264,0.5350064039230347,0.49514779448509216,0.5848944187164307,0.8297714591026306,0.970102846622467,0.9940851926803589,1.1251235008239746,1.3632482290267944,2.1013455390930176,1.7285027503967285,1.7010670900344849,1.743397831916809,1.4329715967178345,1.6307955980300903,1.6457233428955078,1.2838282585144043,1.235692024230957,1.5233958959579468,1.4298372268676758,1.0876888036727905,1.2350211143493652,1.5367727279663086,1.4429665803909302,0.9144170880317688,0.7829204797744751,0.9635766744613647,0.8234677314758301,0.8793625235557556,1.127158284187317,1.2940700054168701,1.2948211431503296,1.442051649093628,1.6698819398880005,1.780648112297058,1.8397623300552368,1.9948862791061401,2.176034927368164,2.326981782913208,2.042673349380493,1.7238478660583496,1.8617171049118042,1.9393410682678223,1.6557304859161377,1.9492172002792358,2.0071048736572266,1.6528242826461792,1.6642022132873535,2.0080745220184326,1.9366158246994019,1.6468791961669922,1.83185613155365,2.14152455329895,2.0693154335021973
B7,1.3687622547149658,1.1663957834243774,1.1388428211212158,1.460370421409607,1.442617654800415,1.6771703958511353,1.4501196146011353,1.1861978769302368,1.487708330154419,1.627740502357483,1.34358811378479,1.2804244756698608,1.646659255027771,1.7079395055770874,1.5235042572021484,1.2906254529953003,1.0320852994918823,0.676049530506134,0.5100845694541931,0.5253065824508667,0.36866822838783264,0.0,0.37348800897598267,0.528085470199585,0.490039587020874,0.5873023867607117,0.8280640244483948,0.9404931664466858,0.9775396585464478,1.1647459268569946,2.054164409637451,1.6751569509506226,1.5699213743209839,1.6045387983322144,1.3055976629257202,1.4353896379470825,1.4124699831008911,1.064416766166687,0.9870901107788086,1.2237294912338257,1.111765742301941,0.7516852021217346,0.8914685845375061,1.1772817373275757,1.0793869495391846,1.2333709001541138,1.0596507787704468,1.2507269382476807,1.0943145751953125,1.0308138132095337,1.2874089479446411,1.5124313831329346,1.462388515472412,1.5422455072402954,1.8164523839950562,1.952797532081604,1.951353907585144,2.0788328647613525,2.3086674213409424,2.4606688022613525,1.956730842590332,1.6800678968429565,1.8839157819747925,1.9668638706207275,1.7181506156921387,2.047844886779785,2.1208152770996094,1.7873164415359497,1.8407158851623535,2.195019006729126,2.1352930068969727,1.885647177696228,2.089026689529419,2.3925585746765137,2.3404977321624756
B8,1.2287405729293823,0.9526689648628235,0.8648489117622375,1.1408748626708984,1.0864036083221436,1.3136272430419922,1.1053518056869507,0.8189665079116821,1.1193456649780273,1.2799885272979736,1.0299911499023438,0.9684303402900696,1.3273279666900635,1.4190328121185303,1.2906124591827393,1.3026478290557861,0.971701979637146,0.6743319630622864,0.6299707293510437,0.4773322641849518,0.5350064039230347,0.37348800897598267,0.0,0.3725645840167999,0.5367593765258789,0.5067605972290039,0.5866329073905945,0.7991722226142883,0.9249900579452515,1.0293283462524414,1.695731282234192,1.3204023838043213,1.2326335906982422,1.3180456161499023,1.0639548301696777,1.2471165657043457,1.1794946193695068,0.8090025186538696,0.8574002981185913,1.1106659173965454,0.9548209309577942,0.6593973636627197,0.9228718280792236,1.1671046018600464,1.0695875883102417,1.1536794900894165,0.9195170402526855,1.1497975587844849,1.0839086771011353,0.9662118554115295,1.2948780059814453,1.4697898626327515,1.3321503400802612,1.4400943517684937,1.7515885829925537,1.8309669494628906,1.780643105506897,1.95064115524292,2.197298526763916,2.300750970840454,1.7152150869369507,1.4249095916748047,1.619787335395813,1.6551438570022583,1.3984829187393188,1.7303587198257446,1.8381071090698242,1.53038489818573,1.5763987302780151,1.9388281106948853,1.9223780632019043,1.7053978443145752,1.8928656578063965,2.2000250816345215,2.197629451751709
B9,0.9569377303123474,0.7581617832183838,0.6437181830406189,0.98634934425354,1.0590994358062744,1.2684837579727173,1.0211868286132812,0.8461039662361145,1.2075810432434082,1.3141098022460938,1.0836551189422607,1.1455508470535278,1.487678050994873,1.5266402959823608,1.4429980516433716,1.618744969367981,1.2778079509735107,1.0042657852172852,0.8467361330986023,0.5764956474304199,0.49514779448509216,0.528085470199585,0.3725645840167999,0.0,0.3708188235759735,0.5387369394302368,0.5172895789146423,0.5530211329460144,0.7754262685775757,0.9647696614265442,1.8187732696533203,1.4630930423736572,1.448549747467041,1.5939668416976929,1.3688188791275024,1.5923010110855103,1.5068459510803223,1.1356679201126099,1.2266697883605957,1.4705185890197754,1.2744755744934082,0.9877802133560181,1.262062430381775,1.480272650718689,1.3173139095306396,0.8917401432991028,0.7616347670555115,1.0791473388671875,1.0969330072402954,1.1007792949676514,1.4349172115325928,1.5436457395553589,1.4348440170288086,1.6225104331970215,1.8996444940567017,1.9359545707702637,1.9308016300201416,2.1434223651885986,2.34952974319458,2.434206485748291,1.9906256198883057,1.6685823202133179,1.80281400680542,1.7866727113723755,1.4729347229003906,1.7546453475952148,1.8984745740890503,1.587449073791504,1.545392632484436,1.9120320081710815,1.9318833351135254,1.672598958015442,1.798076868057251,2.1358940601348877,2.1465559005737305
B10,1.2450190782546997,1.1081225872039795,0.9678565859794617,1.3012126684188843,1.3862611055374146,1.5441590547561646,1.2446975708007812,1.092176914215088,1.435019612312317,1.4757674932479858,1.1767199039459229,1.2522566318511963,1.604799747467041,1.576164960861206,1.4264880418777466,1.7570724487304688,1.461928367614746,1.1246631145477295,0.9653851985931396,0.8173551559448242,0.5848944187164307,0.490039587020874,0.5367593765258789,0.3708188235759735,0.0,0.3720824718475342,0.5550790429115295,0.5022586584091187,0.5429076552391052,0.8141462206840515,2.1137874126434326,1.7579119205474854,1.686875820159912,1.82444429397583,1.5950754880905151,1.753562569618225,1.6432573795318604,1.2875875234603882,1.3255078792572021,1.508540153503418,1.2837516069412231,0.9646418690681458,1.2000495195388794,1.384211778640747,1.1635065078735352,1.155914306640625,1.093449354171753,1.3970866203308105,1.358811616897583,1.3694137334823608,1.6682981252670288,1.8232011795043945,1.7501906156539917,1.903100848197937,2.1773681640625,2.2525975704193115,2.2527644634246826,2.4359076023101807,2.651543378829956,2.7612032890319824,2.2477056980133057,1.9532976150512695,2.1253252029418945,2.123671770095825,1.8250973224639893,2.115924596786499,2.261583089828491,1.9496705532073975,1.9161179065704346,2.2824466228485107,2.294466495513916,2.0270309448242188,2.153737783432007,2.4934186935424805,2.4878125190734863
B11,1.4759466648101807,1.2642648220062256,1.0534316301345825,1.3155639171600342,1.3273630142211914,1.4344972372055054,1.1254959106445312,0.9365963935852051,1.2253730297088623,1.2387335300445557,0.8985733389854431,0.9418320655822754,1.2931404113769531,1.2492409944534302,1.0662355422973633,1.710593819618225,1.4195886850357056,1.0794028043746948,1.0506070852279663,0.9470875859260559,0.8297714591026306,0.5873023867607117,0.5067605972290039,0.5387369394302368,0.3720824718475342,0.0,0.37286892533302307,0.5347957611083984,0.4749923348426819,0.5803387761116028,1.9483836889266968,1.6014058589935303,1.4680780172348022,1.6192512512207031,1.434409737586975,1.545584797859192,1.3783382177352905,1.052049160003662,1.1244052648544312,1.2407877445220947,0.9657274484634399,0.6912084817886353,0.9765489101409912,1.0917664766311646,0.8463089466094971,1.423671841621399,1.2912455797195435,1.5862733125686646,1.5464396476745605,1.4678335189819336,1.7850476503372192,1.9642812013626099,1.8341742753982544,1.9440802335739136,2.257345199584961,2.3341314792633057,2.2746684551239014,2.446800470352173,2.7015860080718994,2.7959976196289062,2.092139482498169,1.8376210927963257,2.053025960922241,2.0403003692626953,1.7787282466888428,2.0923430919647217,2.2549777030944824,1.974063515663147,1.9771783351898193,2.3458974361419678,2.3751332759857178,2.1532318592071533,2.2957866191864014,2.6244449615478516,2.6461148262023926
B12,1.3069489002227783,1.0768206119537354,0.786231517791748,0.9918234944343567,1.026818037033081,1.0883501768112183,0.7607080936431885,0.6312587857246399,0.9427146315574646,0.9280874133110046,0.6303359866142273,0.779377818107605,1.0996553897857666,1.0569605827331543,0.982136607170105,1.845759391784668,1.5083014965057373,1.2281311750411987,1.2123585939407349,1.0046401023864746,0.970102846622467,0.8280640244483948,0.5866329073905945,0.5172895789146423,0.5550790429115295,0.37286892533302307,0.0,0.36883920431137085,0.516869306564331,0.5164251327514648,1.6949681043624878,1.3733724355697632,1.2955639362335205,1.520957350730896,1.397630214691162,1.5675081014633179,1.3672178983688354,1.0429818630218506,1.2281665802001953,1.3612399101257324,1.0618219375610352,0.876762330532074,1.221339464187622,1.3128176927566528,1.0831964015960693,1.3165251016616821,1.183437466621399,1.5132468938827515,1.5615721940994263,1.4881502389907837,1.8423677682876587,1.961663842201233,1.7835218906402588,1.9380375146865845,2.2576699256896973,2.2750754356384277,2.1964974403381348,2.413891553878784,2.6609606742858887,2.7087810039520264,2.0156803131103516,1.7436615228652954,1.9184283018112183,1.8409197330474854,1.55767822265625,1.8401662111282349,2.047724962234497,1.7991588115692139,1.7602438926696777,2.125792980194092,2.2069666385650635,2.0041394233703613,2.1053526401519775,2.4398343563079834,2.507681369781494
B13,1.2034425735473633,1.079511284828186,0.7950459122657776,1.0489981174468994,1.2030298709869385,1.2529270648956299,0.905215322971344,0.8964672684669495,1.2308034896850586,1.1725610494613647,0.9133355617523193,1.130707025527954,1.4244325160980225,1.3324835300445557,1.2746204137802124,2.101632833480835,1.7645699977874756,1.4701935052871704,1.366328477859497,1.127642273902893,0.9940851926803589,0.9404931664466858,0.7991722226142883,0.5530211329460144,0.5022586584091187,0.5347957611083984,0.36883920431137085,0.0,0.3656955659389496,0.5521996021270752,1.9690930843353271,1.6608822345733643,1.631562352180481,1.8654534816741943,1.726115107536316,1.9152804613113403,1.73209810256958,1.3978805541992188,1.5559966564178467,1.703292727470398,1.4077495336532593,1.185760259628296,1.5002052783966064,1.6028598546981812,1.3366588354110718,1.2124450206756592,1.190649151802063,1.5550984144210815,1.631678819656372,1.6426129341125488,1.9855273962020874,2.077164649963379,1.9426075220108032,2.1409175395965576,2.4303534030914307,2.436448574066162,2.404606819152832,2.6391313076019287,2.8543031215667725,2.905116319656372,2.3408098220825195,2.0444419384002686,2.1832997798919678,2.0917396545410156,1.7717843055725098,2.015676736831665,2.234344244003296,1.9733613729476929,1.875325083732605,2.237360715866089,2.3307266235351562,2.08774995803833,2.145159959793091,2.4991695880889893,2.5617127418518066
