0.000000000000000000e+00,3.897719681262969971e-01,5.426476001739501953e-01,5.785495638847351074e-01,6.982893943786621094e-01,9.070733189582824707e-01,1.036966085433959961e+00,1.131416916847229004e+00,1.294288754463195801e+00,1.461698412895202637e+00,1.572269916534423828e+00,1.727034926414489746e+00,1.921073079109191895e+00,2.058767318725585938e+00,2.176707506179809570e+00,1.907945275306701660e+00,1.726813197135925293e+00,1.684177279472351074e+00,1.450042963027954102e+00,1.234742760658264160e+00,1.257449507713317871e+00,1.184558629989624023e+00,8.612343072891235352e-01,7.679839730262756348e-01,9.231004118919372559e-01,7.696890234947204590e-01,4.239974915981292725e-01,6.894245147705078125e-01,8.623350858688354492e-01,6.621195077896118164e-01,1.772407889366149902e+00,1.688105106353759766e+00,2.043784379959106445e+00,2.049841403961181641e+00,1.754958271980285645e+00,1.951696991920471191e+00,2.263347148895263672e+00,2.126556634902954102e+00,1.991431117057800293e+00,2.318550109863281250e+00,2.506392717361450195e+00,2.352699518203735352e+00,2.492456197738647461e+00,2.817898273468017578e+00,2.838958024978637695e+00,1.245608329772949219e+00,9.526159763336181641e-01,1.152148127555847168e+00,1.447215676307678223e+00,1.297970771789550781e+00,1.193173050880432129e+00,1.536691784858703613e+00,1.706164598464965820e+00,1.565797924995422363e+00,1.656048417091369629e+00,1.988493561744689941e+00,2.047340393066406250e+00,2.023848772048950195e+00,2.277494192123413086e+00,2.504513025283813477e+00,2.252802610397338867e+00,1.964960455894470215e+00,2.043122053146362305e+00,1.947476029396057129e+00,1.609722971916198730e+00,1.556252241134643555e+00,1.695807933807373047e+00,1.481367707252502441e+00,1.157478332519531250e+00,1.324787259101867676e+00,1.454487681388854980e+00,1.123979449272155762e+00,1.049299120903015137e+00,1.401967287063598633e+00,1.394503355026245117e+00
3.897719681262969971e-01,0.000000000000000000e+00,3.686697483062744141e-01,5.398401618003845215e-01,5.014761686325073242e-01,6.049782037734985352e-01,8.457998037338256836e-01,9.737713336944580078e-01,1.037627100944519043e+00,1.196266889572143555e+00,1.383880734443664551e+00,1.518202066421508789e+00,1.656575322151184082e+00,1.832853317260742188e+00,1.989602327346801758e+00,1.794978380203247070e+00,1.577643871307373047e+00,1.610080838203430176e+00,1.421296596527099609e+00,1.123436331748962402e+00,1.158617019653320312e+00,1.206817626953125000e+00,8.990493416786193848e-01,6.921432018280029297e-01,9.490842819213867188e-01,9.436822533607482910e-01,6.067171096801757812e-01,7.821549177169799805e-01,1.077831745147705078e+00,9.798423051834106445e-01,1.594169616699218750e+00,1.436685085296630859e+00,1.785725355148315430e+00,1.834675908088684082e+00,1.521670937538146973e+00,1.663983583450317383e+00,2.000271320343017578e+00,1.899371504783630371e+00,1.726043462753295898e+00,2.027740001678466797e+00,2.254217386245727539e+00,2.115190267562866211e+00,2.215982913970947266e+00,2.546019077301025391e+00,2.607123136520385742e+00,9.540387988090515137e-01,6.718970537185668945e-01,9.606641530990600586e-01,1.191449165344238281e+00,1.009258270263671875e+00,1.001168012619018555e+00,1.355081677436828613e+00,1.465265274047851562e+00,1.357877254486083984e+00,1.521376013755798340e+00,1.815293669700622559e+00,1.854619860649108887e+00,1.896532058715820312e+00,2.160537481307983398e+00,2.341870784759521484e+00,1.908072113990783691e+00,1.623465776443481445e+00,1.672910094261169434e+00,1.569463968276977539e+00,1.245026826858520508e+00,1.182445645332336426e+00,1.306746959686279297e+00,1.097048044204711914e+00,7.679610848426818848e-01,9.515478610992431641e-01,1.090963602066040039e+00,7.832522988319396973e-01,7.464590072631835938e-01,1.115962505340576172e+00,1.139390110969543457e+00
5.426476001739501953e-01,3.686697483062744141e-01,0.000000000000000000e+00,3.706924319267272949e-01,5.344955921173095703e-01,5.081355571746826172e-01,6.082233786582946777e-01,8.496104478836059570e-01,9.782694578170776367e-01,1.031747221946716309e+00,1.193954706192016602e+00,1.410146117210388184e+00,1.534630179405212402e+00,1.644200325012207031e+00,1.831281542778015137e+00,1.868970513343811035e+00,1.712094426155090332e+00,1.782555937767028809e+00,1.547729492187500000e+00,1.259363889694213867e+00,1.388207435607910156e+00,1.429800033569335938e+00,1.078277826309204102e+00,9.655320048332214355e-01,1.260578870773315430e+00,1.199178934097290039e+00,8.829221725463867188e-01,1.123049259185791016e+00,1.374791145324707031e+00,1.203859567642211914e+00,1.489074349403381348e+00,1.377207279205322266e+00,1.739887356758117676e+00,1.834696888923645020e+00,1.574743270874023438e+00,1.715785861015319824e+00,2.056086540222167969e+00,2.008320093154907227e+00,1.872794151306152344e+00,2.151727437973022461e+00,2.389266014099121094e+00,2.303016424179077148e+00,2.407274007797241211e+00,2.716251611709594727e+00,2.803419589996337891e+00,1.211860775947570801e+00,9.877790212631225586e-01,1.309943199157714844e+00,1.506607890129089355e+00,1.292206645011901855e+00,1.326035261154174805e+00,1.688298225402832031e+00,1.752657413482666016e+00,1.621510744094848633e+00,1.821799039840698242e+00,2.113902568817138672e+00,2.107583761215209961e+00,2.150801181793212891e+00,2.444049835205078125e+00,2.603935003280639648e+00,2.035316944122314453e+00,1.712316513061523438e+00,1.716285467147827148e+00,1.671036005020141602e+00,1.375447750091552734e+00,1.212785601615905762e+00,1.329048991203308105e+00,1.209417700767517090e+00,8.514520525932312012e-01,8.959296345710754395e-01,1.101284742355346680e+00,8.601067066192626953e-01,6.575132608413696289e-01,1.018019556999206543e+00,1.143333673477172852e+00
5.785495638847351074e-01,5.398401618003845215e-01,3.706924319267272949e-01,0.000000000000000000e+00,3.830288350582122803e-01,5.357486605644226074e-01,4.962183833122253418e-01,6.070973873138427734e-01,8.499392867088317871e-01,9.598630666732788086e-01,1.014441847801208496e+00,1.217506051063537598e+00,1.421801805496215820e+00,1.509876489639282227e+00,1.629772901535034180e+00,1.604182362556457520e+00,1.501414537429809570e+00,1.548029422760009766e+00,1.267598867416381836e+00,1.031184792518615723e+00,1.219523906707763672e+00,1.213321805000305176e+00,8.408805727958679199e-01,8.543805480003356934e-01,1.162033319473266602e+00,1.052466630935668945e+00,8.259010910987854004e-01,1.149280428886413574e+00,1.346394658088684082e+00,1.186770081520080566e+00,1.260999202728271484e+00,1.230203986167907715e+00,1.595688700675964355e+00,1.638833045959472656e+00,1.410214185714721680e+00,1.618971943855285645e+00,1.924308896064758301e+00,1.853360533714294434e+00,1.781706094741821289e+00,2.082304954528808594e+00,2.273754835128784180e+00,2.204305171966552734e+00,2.362052679061889648e+00,2.647871494293212891e+00,2.704473018646240234e+00,1.456901550292968750e+00,1.162426590919494629e+00,1.443702578544616699e+00,1.635524749755859375e+00,1.369952321052551270e+00,1.338306188583374023e+00,1.715398430824279785e+00,1.766845583915710449e+00,1.562177062034606934e+00,1.745377302169799805e+00,2.066734552383422852e+00,2.020722150802612305e+00,2.011531829833984375e+00,2.329151153564453125e+00,2.498610019683837891e+00,2.066060781478881836e+00,1.717904329299926758e+00,1.782737016677856445e+00,1.790014863014221191e+00,1.460979700088500977e+00,1.302596211433410645e+00,1.506393194198608398e+00,1.417289495468139648e+00,1.043152809143066406e+00,1.132129073143005371e+00,1.395986795425415039e+00,1.179581642150878906e+00,1.005305528640747070e+00,1.366135954856872559e+00,1.507923603057861328e+00
6.982893943786621094e-01,5.014761686325073242e-01,5.344955921173095703e-01,3.830288350582122803e-01,0.000000000000000000e+00,3.663508594036102295e-01,5.354733467102050781e-01,5.042898654937744141e-01,6.022375226020812988e-01,8.330336809158325195e-01,9.552870392799377441e-01,1.048281311988830566e+00,1.242780685424804688e+00,1.420588850975036621e+00,1.526395440101623535e+00,1.342659950256347656e+00,1.179873347282409668e+00,1.259770035743713379e+00,1.038376688957214355e+00,7.297912836074829102e-01,9.028686881065368652e-01,9.896370172500610352e-01,6.652849912643432617e-01,5.912801027297973633e-01,9.537138342857360840e-01,9.666097164154052734e-01,7.823725938796997070e-01,1.046384096145629883e+00,1.303940892219543457e+00,1.252680420875549316e+00,1.107796788215637207e+00,9.907858371734619141e-01,1.345538854598999023e+00,1.369256377220153809e+00,1.089609265327453613e+00,1.287207365036010742e+00,1.599218249320983887e+00,1.509618520736694336e+00,1.410251855850219727e+00,1.717955708503723145e+00,1.913226723670959473e+00,1.829630494117736816e+00,1.981102943420410156e+00,2.272546768188476562e+00,2.330600023269653320e+00,1.254634261131286621e+00,9.314487576484680176e-01,1.200248122215270996e+00,1.336983799934387207e+00,1.032557606697082520e+00,1.015258908271789551e+00,1.390014410018920898e+00,1.403586745262145996e+00,1.192982912063598633e+00,1.406687736511230469e+00,1.710027098655700684e+00,1.650787711143493652e+00,1.668562173843383789e+00,1.988756775856018066e+00,2.137650012969970703e+00,1.709812283515930176e+00,1.372148036956787109e+00,1.477491021156311035e+00,1.476921916007995605e+00,1.125457406044006348e+00,1.017277479171752930e+00,1.268860220909118652e+00,1.166166424751281738e+00,8.075196146965026855e-01,9.933421611785888672e-01,1.265229463577270508e+00,1.074278950691223145e+00,1.007337093353271484e+00,1.374641418457031250e+00,1.499439001083374023e+00
9.070733189582824707e-01,6.049782037734985352e-01,5.081355571746826172e-01,5.357486605644226074e-01,3.663508594036102295e-01,0.000000000000000000e+00,3.767971992492675781e-01,5.325061082839965820e-01,5.014445781707763672e-01,5.940791368484497070e-01,8.323627710342407227e-01,9.745460748672485352e-01,1.065519809722900391e+00,1.241131901741027832e+00,1.431056618690490723e+00,1.511182308197021484e+00,1.350288748741149902e+00,1.508832097053527832e+00,1.322352290153503418e+00,9.825416207313537598e-01,1.169176578521728516e+00,1.323029279708862305e+00,1.023652672767639160e+00,8.969709277153015137e-01,1.262764692306518555e+00,1.311809659004211426e+00,1.080963492393493652e+00,1.298192024230957031e+00,1.595785498619079590e+00,1.526465177536010742e+00,1.080357074737548828e+00,8.953063488006591797e-01,1.249230623245239258e+00,1.370708107948303223e+00,1.114121079444885254e+00,1.222035288810729980e+00,1.568147420883178711e+00,1.559942364692687988e+00,1.431327223777770996e+00,1.683755278587341309e+00,1.933558702468872070e+00,1.890422344207763672e+00,1.987823247909545898e+00,2.274216651916503906e+00,2.389789819717407227e+00,1.198616981506347656e+00,9.643458127975463867e-01,1.295683264732360840e+00,1.374904513359069824e+00,1.071772694587707520e+00,1.173847913742065430e+00,1.528130650520324707e+00,1.486369490623474121e+00,1.331625103950500488e+00,1.606584787368774414e+00,1.859338879585266113e+00,1.783476829528808594e+00,1.867184281349182129e+00,2.186689615249633789e+00,2.288269758224487305e+00,1.590666055679321289e+00,1.241012096405029297e+00,1.260338306427001953e+00,1.279240369796752930e+00,9.793978929519653320e-01,7.744088768959045410e-01,9.862815141677856445e-01,9.546329379081726074e-01,5.888928771018981934e-01,6.712156534194946289e-01,9.918566346168518066e-01,8.838376402854919434e-01,7.723479866981506348e-01,1.106468558311462402e+00,1.297973990440368652e+00
1.036966085433959961e+00,8.457998037338256836e-01,6.082233786582946777e-01,4.962183833122253418e-01,5.354733467102050781e-01,3.767971992492675781e-01,0.000000000000000000e+00,3.745096325874328613e-01,5.443155169486999512e-01,4.955502748489379883e-01,5.890724658966064453e-01,8.519114255905151367e-01,9.849815964698791504e-01,1.047999262809753418e+00,1.230960965156555176e+00,1.528968930244445801e+00,1.462603926658630371e+00,1.620457887649536133e+00,1.374020457267761230e+00,1.098044514656066895e+00,1.363846659660339355e+00,1.462383627891540527e+00,1.133444190025329590e+00,1.124413371086120605e+00,1.486827731132507324e+00,1.460940003395080566e+00,1.258835911750793457e+00,1.542649030685424805e+00,1.788926839828491211e+00,1.666658163070678711e+00,9.335860013961791992e-01,8.806654810905456543e-01,1.238387346267700195e+00,1.370305299758911133e+00,1.203202843666076660e+00,1.352423310279846191e+00,1.663424253463745117e+00,1.686099052429199219e+00,1.634265780448913574e+00,1.874594688415527344e+00,2.096449136734008789e+00,2.101867198944091797e+00,2.231990575790405273e+00,2.485040187835693359e+00,2.597227573394775391e+00,1.563127279281616211e+00,1.325368285179138184e+00,1.649806022644042969e+00,1.745080590248107910e+00,1.431284308433532715e+00,1.499911427497863770e+00,1.862797737121582031e+00,1.814458489418029785e+00,1.615145087242126465e+00,1.880270242691040039e+00,2.151228189468383789e+00,2.038093566894531250e+00,2.084152698516845703e+00,2.427071571350097656e+00,2.527720212936401367e+00,1.844971418380737305e+00,1.468652486801147461e+00,1.481704473495483398e+00,1.570472598075866699e+00,1.295061469078063965e+00,1.038618922233581543e+00,1.258229494094848633e+00,1.295855879783630371e+00,9.429540038108825684e-01,9.259423613548278809e-01,1.272708415985107422e+00,1.192044019699096680e+00,9.863734841346740723e-01,1.291197180747985840e+00,1.535622596740722656e+00
1.131416916847229004e+00,9.737713336944580078e-01,8.496104478836059570e-01,6.070973873138427734e-01,5.042898654937744141e-01,5.325061082839965820e-01,3.745096325874328613e-01,0.000000000000000000e+00,3.748102784156799316e-01,5.245792269706726074e-01,4.816239178180694580e-01,6.144119501113891602e-01,8.666949868202209473e-01,9.726497530937194824e-01,1.046201705932617188e+00,1.164149522781372070e+00,1.134918212890625000e+00,1.293004393577575684e+00,1.039898872375488281e+00,7.977685332298278809e-01,1.116532087326049805e+00,1.215905427932739258e+00,9.293195009231567383e-01,9.959242343902587891e-01,1.352375388145446777e+00,1.344377160072326660e+00,1.235330224037170410e+00,1.529722332954406738e+00,1.751439332962036133e+00,1.683466553688049316e+00,6.557399630546569824e-01,6.642633080482482910e-01,1.019545912742614746e+00,1.071468830108642578e+00,9.181594848632812500e-01,1.142113566398620605e+00,1.411320090293884277e+00,1.397742271423339844e+00,1.404140830039978027e+00,1.666337728500366211e+00,1.837875843048095703e+00,1.852319955825805664e+00,2.030684471130371094e+00,2.261672496795654297e+00,2.341205120086669922e+00,1.676458001136779785e+00,1.385465025901794434e+00,1.659938335418701172e+00,1.733837723731994629e+00,1.384613037109375000e+00,1.401430368423461914e+00,1.755217313766479492e+00,1.684076905250549316e+00,1.425752401351928711e+00,1.678584218025207520e+00,1.957115530967712402e+00,1.804434657096862793e+00,1.813099145889282227e+00,2.172135114669799805e+00,2.270030260086059570e+00,1.744012951850891113e+00,1.362050771713256836e+00,1.462014555931091309e+00,1.583345174789428711e+00,1.276142120361328125e+00,1.075273394584655762e+00,1.378413438796997070e+00,1.410286426544189453e+00,1.073255181312561035e+00,1.152089715003967285e+00,1.502783298492431641e+00,1.415702462196350098e+00,1.281843900680541992e+00,1.605664968490600586e+00,1.820745944976806641e+00
1.294288754463195801e+00,1.037627100944519043e+00,9.782694578170776367e-01,8.499392867088317871e-01,6.022375226020812988e-01,5.014445781707763672e-01,5.443155169486999512e-01,3.748102784156799316e-01,0.000000000000000000e+00,3.733678162097930908e-01,5.350004434585571289e-01,5.094389319419860840e-01,6.498001217842102051e-01,8.881903886795043945e-01,1.006943941116333008e+00,1.112614274024963379e+00,1.012799739837646484e+00,1.253718614578247070e+00,1.099423646926879883e+00,7.859416604042053223e-01,1.066794991493225098e+00,1.276025414466857910e+00,1.056675434112548828e+00,1.019658088684082031e+00,1.385791420936584473e+00,1.475737571716308594e+00,1.359280824661254883e+00,1.585055232048034668e+00,1.859653472900390625e+00,1.847176790237426758e+00,6.225571632385253906e-01,4.038363695144653320e-01,7.656067609786987305e-01,8.768630027770996094e-01,6.716844439506530762e-01,8.130693435668945312e-01,1.124421477317810059e+00,1.152193188667297363e+00,1.109176397323608398e+00,1.340194225311279297e+00,1.554767727851867676e+00,1.582722902297973633e+00,1.719444274902343750e+00,1.952611684799194336e+00,2.070745229721069336e+00,1.522847175598144531e+00,1.270644903182983398e+00,1.544344902038574219e+00,1.541165113449096680e+00,1.176190495491027832e+00,1.267819046974182129e+00,1.589071750640869141e+00,1.452818036079406738e+00,1.228842854499816895e+00,1.537874937057495117e+00,1.761820554733276367e+00,1.589061617851257324e+00,1.665680050849914551e+00,2.018187761306762695e+00,2.068024635314941406e+00,1.379415273666381836e+00,9.935714602470397949e-01,1.091594457626342773e+00,1.232676148414611816e+00,9.454129338264465332e-01,7.402377724647521973e-01,1.077378988265991211e+00,1.148922085762023926e+00,8.666921854019165039e-01,9.659650325775146484e-01,1.317771792411804199e+00,1.297372579574584961e+00,1.233156085014343262e+00,1.525379776954650879e+00,1.741546511650085449e+00
1.461698412895202637e+00,1.196266889572143555e+00,1.031747221946716309e+00,9.598630666732788086e-01,8.330336809158325195e-01,5.940791368484497070e-01,4.955502748489379883e-01,5.245792269706726074e-01,3.733678162097930908e-01,0.000000000000000000e+00,3.769903182983398438e-01,5.312419533729553223e-01,5.169504284858703613e-01,6.553059816360473633e-01,8.977884054183959961e-01,1.408665657043457031e+00,1.356702089309692383e+00,1.613717794418334961e+00,1.443871617317199707e+00,1.151808142662048340e+00,1.438020229339599609e+00,1.632329106330871582e+00,1.380181550979614258e+00,1.343170166015625000e+00,1.716829061508178711e+00,1.776744604110717773e+00,1.614556670188903809e+00,1.852702021598815918e+00,2.133962869644165039e+00,2.073233127593994141e+00,6.758105158805847168e-01,5.125964283943176270e-01,8.225916028022766113e-01,1.049784183502197266e+00,9.456399679183959961e-01,1.001621603965759277e+00,1.302756071090698242e+00,1.418352484703063965e+00,1.383125543594360352e+00,1.548440814018249512e+00,1.790852427482604980e+00,1.866538405418395996e+00,1.965750217437744141e+00,2.177751064300537109e+00,2.338330030441284180e+00,1.675221323966979980e+00,1.481479406356811523e+00,1.796313405036926270e+00,1.788831710815429688e+00,1.444354176521301270e+00,1.585171699523925781e+00,1.904783964157104492e+00,1.758466005325317383e+00,1.571337580680847168e+00,1.894886016845703125e+00,2.100594758987426758e+00,1.924661159515380859e+00,2.024908065795898438e+00,2.374901056289672852e+00,2.402781963348388672e+00,1.524834036827087402e+00,1.139150381088256836e+00,1.125607728958129883e+00,1.311057567596435547e+00,1.103925704956054688e+00,7.957556247711181641e-01,1.057387113571166992e+00,1.219746470451354980e+00,9.550507068634033203e-01,9.042801856994628906e-01,1.281695842742919922e+00,1.330585002899169922e+00,1.192185282707214355e+00,1.426654577255249023e+00,1.708061933517456055e+00
1.572269916534423828e+00,1.383880734443664551e+00,1.193954706192016602e+00,1.014441847801208496e+00,9.552870392799377441e-01,8.323627710342407227e-01,5.890724658966064453e-01,4.816239178180694580e-01,5.350004434585571289e-01,3.769903182983398438e-01,0.000000000000000000e+00,3.782179057598114014e-01,5.387096405029296875e-01,5.086602568626403809e-01,6.432136893272399902e-01,1.302165746688842773e+00,1.353871464729309082e+00,1.588132619857788086e+00,1.371768474578857422e+00,1.163554072380065918e+00,1.504420161247253418e+00,1.642623901367187500e+00,1.391814708709716797e+00,1.454740166664123535e+00,1.815112471580505371e+00,1.823592424392700195e+00,1.712128758430480957e+00,1.997730374336242676e+00,2.231424808502197266e+00,2.153512477874755859e+00,4.484319090843200684e-01,5.515934824943542480e-01,8.239582777023315430e-01,9.889660477638244629e-01,9.886336922645568848e-01,1.131370067596435547e+00,1.358435511589050293e+00,1.463194608688354492e+00,1.521097660064697266e+00,1.696579098701477051e+00,1.876194715499877930e+00,1.982131838798522949e+00,2.136214494705200195e+00,2.313567876815795898e+00,2.441823005676269531e+00,1.989871978759765625e+00,1.752750277519226074e+00,2.048617601394653320e+00,2.067356348037719727e+00,1.707823514938354492e+00,1.788069486618041992e+00,2.117723941802978516e+00,1.980712532997131348e+00,1.737722635269165039e+00,2.031542539596557617e+00,2.263218164443969727e+00,2.056918859481811523e+00,2.099907398223876953e+00,2.467814683914184570e+00,2.505837678909301758e+00,1.781593799591064453e+00,1.391856789588928223e+00,1.431367754936218262e+00,1.646713614463806152e+00,1.422733664512634277e+00,1.146049022674560547e+00,1.430339932441711426e+00,1.580563783645629883e+00,1.295379877090454102e+00,1.265313029289245605e+00,1.643313765525817871e+00,1.658094644546508789e+00,1.489675402641296387e+00,1.742938518524169922e+00,2.026190519332885742e+00
1.727034926414489746e+00,1.518202066421508789e+00,1.410146117210388184e+00,1.217506051063537598e+00,1.048281311988830566e+00,9.745460748672485352e-01,8.519114255905151367e-01,6.144119501113891602e-01,5.094389319419860840e-01,5.312419533729553223e-01,3.782179057598114014e-01,0.000000000000000000e+00,3.734222650527954102e-01,5.250262022018432617e-01,5.121160149574279785e-01,1.007407426834106445e+00,1.076461315155029297e+00,1.357634782791137695e+00,1.206834673881530762e+00,1.017828822135925293e+00,1.356230258941650391e+00,1.541683077812194824e+00,1.369264721870422363e+00,1.431178092956542969e+00,1.773373484611511230e+00,1.838455438613891602e+00,1.782374382019042969e+00,2.036849975585937500e+00,2.275048255920410156e+00,2.258492469787597656e+00,1.675398945808410645e-01,2.686558365821838379e-01,4.802896082401275635e-01,6.123404502868652344e-01,6.689708232879638672e-01,8.218647837638854980e-01,1.000002264976501465e+00,1.115522861480712891e+00,1.220993518829345703e+00,1.378096103668212891e+00,1.525832295417785645e+00,1.661256909370422363e+00,1.832541108131408691e+00,1.979845046997070312e+00,2.101704835891723633e+00,2.020026922225952148e+00,1.772122859954833984e+00,2.026445865631103516e+00,1.995831608772277832e+00,1.620581865310668945e+00,1.695374846458435059e+00,1.988065481185913086e+00,1.804779767990112305e+00,1.543990731239318848e+00,1.844039797782897949e+00,2.042653083801269531e+00,1.793915748596191406e+00,1.841269254684448242e+00,2.210369110107421875e+00,2.214323282241821289e+00,1.548396468162536621e+00,1.170903205871582031e+00,1.280840754508972168e+00,1.529487013816833496e+00,1.310726761817932129e+00,1.093685269355773926e+00,1.429053306579589844e+00,1.583689808845520020e+00,1.344341158866882324e+00,1.383407711982727051e+00,1.749804973602294922e+00,1.779422402381896973e+00,1.682906985282897949e+00,1.942467331886291504e+00,2.199801921844482422e+00
1.921073079109191895e+00,1.656575322151184082e+00,1.534630179405212402e+00,1.421801805496215820e+00,1.242780685424804688e+00,1.065519809722900391e+00,9.849815964698791504e-01,8.666949868202209473e-01,6.498001217842102051e-01,5.169504284858703613e-01,5.387096405029296875e-01,3.734222650527954102e-01,0.000000000000000000e+00,3.796426057815551758e-01,5.567724704742431641e-01,1.282754421234130859e+00,1.303641200065612793e+00,1.626128196716308594e+00,1.524722814559936523e+00,1.291138648986816406e+00,1.591116786003112793e+00,1.825771093368530273e+00,1.655217289924621582e+00,1.650089144706726074e+00,2.003781557083129883e+00,2.104768991470336914e+00,2.007619857788085938e+00,2.230710268020629883e+00,2.506339550018310547e+00,2.491540431976318359e+00,5.136941075325012207e-01,3.608568906784057617e-01,4.123698770999908447e-01,7.339985966682434082e-01,8.044323921203613281e-01,7.840487360954284668e-01,9.790600538253784180e-01,1.198843836784362793e+00,1.252826929092407227e+00,1.324222803115844727e+00,1.529928922653198242e+00,1.703293323516845703e+00,1.804886341094970703e+00,1.937615156173706055e+00,2.122029542922973633e+00,2.025181293487548828e+00,1.839418768882751465e+00,2.112708091735839844e+00,2.034777641296386719e+00,1.673705101013183594e+00,1.821964025497436523e+00,2.090408802032470703e+00,1.866717696189880371e+00,1.664305448532104492e+00,2.002240896224975586e+00,2.151282548904418945e+00,1.900139093399047852e+00,2.013278961181640625e+00,2.366087198257446289e+00,2.325316190719604492e+00,1.407292485237121582e+00,1.044438123703002930e+00,1.065968394279479980e+00,1.363844394683837891e+00,1.230883479118347168e+00,9.689354300498962402e-01,1.257349133491516113e+00,1.490066647529602051e+00,1.314383149147033691e+00,1.287008285522460938e+00,1.642113924026489258e+00,1.750539064407348633e+00,1.663165330886840820e+00,1.862385392189025879e+00,2.145667791366577148e+00
2.058767318725585938e+00,1.832853317260742188e+00,1.644200325012207031e+00,1.509876489639282227e+00,1.420588850975036621e+00,1.241131901741027832e+00,1.047999262809753418e+00,9.726497530937194824e-01,8.881903886795043945e-01,6.553059816360473633e-01,5.086602568626403809e-01,5.250262022018432617e-01,3.796426057815551758e-01,0.000000000000000000e+00,3.819133937358856201e-01,1.493186712265014648e+00,1.584167838096618652e+00,1.879158973693847656e+00,1.725958824157714844e+00,1.533889651298522949e+00,1.866316199302673340e+00,2.052604198455810547e+00,1.847312331199645996e+00,1.889587759971618652e+00,2.248920202255249023e+00,2.296905994415283203e+00,2.192578315734863281e+00,2.454289674758911133e+00,2.707755327224731445e+00,2.648561239242553711e+00,5.968406200408935547e-01,6.733258366584777832e-01,7.170550823211669922e-01,9.878990650177001953e-01,1.126292824745178223e+00,1.151377797126770020e+00,1.301635384559631348e+00,1.522368788719177246e+00,1.616460442543029785e+00,1.685714721679687500e+00,1.864605069160461426e+00,2.056468248367309570e+00,2.173334836959838867e+00,2.286595344543457031e+00,2.464034557342529297e+00,2.303540229797363281e+00,2.114273786544799805e+00,2.408659219741821289e+00,2.363651752471923828e+00,2.003600835800170898e+00,2.135343313217163086e+00,2.426936388015747070e+00,2.224893331527709961e+00,2.006847143173217773e+00,2.330854177474975586e+00,2.503957748413085938e+00,2.251792192459106445e+00,2.335391044616699219e+00,2.697655200958251953e+00,2.669189214706420898e+00,1.778312087059020996e+00,1.420230865478515625e+00,1.408449649810791016e+00,1.706302165985107422e+00,1.580318212509155273e+00,1.285786151885986328e+00,1.536117792129516602e+00,1.781112313270568848e+00,1.575786232948303223e+00,1.489827394485473633e+00,1.855818033218383789e+00,1.962132096290588379e+00,1.809780836105346680e+00,1.993529677391052246e+00,2.309884071350097656e+00
2.176707506179809570e+00,1.989602327346801758e+00,1.831281542778015137e+00,1.629772901535034180e+00,1.526395440101623535e+00,1.431056618690490723e+00,1.230960965156555176e+00,1.046201705932617188e+00,1.006943941116333008e+00,8.977884054183959961e-01,6.432136893272399902e-01,5.121160149574279785e-01,5.567724704742431641e-01,3.819133937358856201e-01,0.000000000000000000e+00,1.285090684890747070e+00,1.461137533187866211e+00,1.740475893020629883e+00,1.592272758483886719e+00,1.478858351707458496e+00,1.827005624771118164e+00,1.987608909606933594e+00,1.825696468353271484e+00,1.927943944931030273e+00,2.262050151824951172e+00,2.300922393798828125e+00,2.257474660873413086e+00,2.531960010528564453e+00,2.752574205398559570e+00,2.714262962341308594e+00,4.734518229961395264e-01,7.223002910614013672e-01,6.812261343002319336e-01,8.288903236389160156e-01,1.067686915397644043e+00,1.161736130714416504e+00,1.219971776008605957e+00,1.413573861122131348e+00,1.593405485153198242e+00,1.670446872711181641e+00,1.773833751678466797e+00,1.988568425178527832e+00,2.157825469970703125e+00,2.233613491058349609e+00,2.370084762573242188e+00,2.506061315536499023e+00,2.275083541870117188e+00,2.536559820175170898e+00,2.494580745697021484e+00,2.120348930358886719e+00,2.202292919158935547e+00,2.483562469482421875e+00,2.278056859970092773e+00,2.016200304031372070e+00,2.310775995254516602e+00,2.488885641098022461e+00,2.205495357513427734e+00,2.242444038391113281e+00,2.609870195388793945e+00,2.579281568527221680e+00,1.881860375404357910e+00,1.533963680267333984e+00,1.603149414062500000e+00,1.908206224441528320e+00,1.751727342605590820e+00,1.509285926818847656e+00,1.807335019111633301e+00,2.021240234375000000e+00,1.804206132888793945e+00,1.779571175575256348e+00,2.149779081344604492e+00,2.221010446548461914e+00,2.086761236190795898e+00,2.307588100433349609e+00,2.603464603424072266e+00
1.907945275306701660e+00,1.794978380203247070e+00,1.868970513343811035e+00,1.604182362556457520e+00,1.342659950256347656e+00,1.511182308197021484e+00,1.528968930244445801e+00,1.164149522781372070e+00,1.112614274024963379e+00,1.408665657043457031e+00,1.302165746688842773e+00,1.007407426834106445e+00,1.282754421234130859e+00,1.493186712265014648e+00,1.285090684890747070e+00,0.000000000000000000e+00,3.902867138385772705e-01,5.463590621948242188e-01,5.831421613693237305e-01,7.001263499259948730e-01,9.102190732955932617e-01,1.044084906578063965e+00,1.138280630111694336e+00,1.295970201492309570e+00,1.467664718627929688e+00,1.584747791290283203e+00,1.733060240745544434e+00,1.921991825103759766e+00,2.066232442855834961e+00,2.184024333953857422e+00,9.243190884590148926e-01,9.824335575103759766e-01,1.000257372856140137e+00,6.597202420234680176e-01,6.461925506591796875e-01,9.709204435348510742e-01,9.234577417373657227e-01,6.980962157249450684e-01,9.659172892570495605e-01,1.217865347862243652e+00,1.126844286918640137e+00,1.166332721710205078e+00,1.498323321342468262e+00,1.605383634567260742e+00,1.542304515838623047e+00,2.219391584396362305e+00,1.894212007522583008e+00,1.980999350547790527e+00,1.945849895477294922e+00,1.602347016334533691e+00,1.501405715942382812e+00,1.692354917526245117e+00,1.534566164016723633e+00,1.178928375244140625e+00,1.320116162300109863e+00,1.516416311264038086e+00,1.224264264106750488e+00,1.100476145744323730e+00,1.461151003837585449e+00,1.499182820320129395e+00,1.646792173385620117e+00,1.392224311828613281e+00,1.706174135208129883e+00,1.862496495246887207e+00,1.579080462455749512e+00,1.596903562545776367e+00,1.972654104232788086e+00,1.983548045158386230e+00,1.782406091690063477e+00,2.005910634994506836e+00,2.303538084030151367e+00,2.233032941818237305e+00,2.254538536071777344e+00,2.577806234359741211e+00,2.723335266113281250e+00
1.726813197135925293e+00,1.577643871307373047e+00,1.712094426155090332e+00,1.501414537429809570e+00,1.179873347282409668e+00,1.350288748741149902e+00,1.462603926658630371e+00,1.134918212890625000e+00,1.012799739837646484e+00,1.356702089309692383e+00,1.353871464729309082e+00,1.076461315155029297e+00,1.303641200065612793e+00,1.584167838096618652e+00,1.461137533187866211e+00,3.902867138385772705e-01,0.000000000000000000e+00,3.708370923995971680e-01,5.414186120033264160e-01,5.028141140937805176e-01,6.068259477615356445e-01,8.498489856719970703e-01,9.785986542701721191e-01,1.037492752075195312e+00,1.198767423629760742e+00,1.391526818275451660e+00,1.519847512245178223e+00,1.652605652809143066e+00,1.833152651786804199e+00,1.989390969276428223e+00,1.050194025039672852e+00,9.614986777305603027e-01,1.028235435485839844e+00,7.505168318748474121e-01,5.299510359764099121e-01,8.203116059303283691e-01,8.582607507705688477e-01,5.540425181388854980e-01,6.833013892173767090e-01,1.004632949829101562e+00,9.713947176933288574e-01,9.089210033416748047e-01,1.223391294479370117e+00,1.402356982231140137e+00,1.347202777862548828e+00,1.884564280509948730e+00,1.569596767425537109e+00,1.627668857574462891e+00,1.570542335510253906e+00,1.238634109497070312e+00,1.138299822807312012e+00,1.309238791465759277e+00,1.144850134849548340e+00,7.891517877578735352e-01,9.543945789337158203e-01,1.150022506713867188e+00,8.761758804321289062e-01,7.997498512268066406e-01,1.174814462661743164e+00,1.228211045265197754e+00,1.375457167625427246e+00,1.146037101745605469e+00,1.481693506240844727e+00,1.577634096145629883e+00,1.277952432632446289e+00,1.362496018409729004e+00,1.724404335021972656e+00,1.688629269599914551e+00,1.518848180770874023e+00,1.787469029426574707e+00,2.046133041381835938e+00,1.964978337287902832e+00,2.038895130157470703e+00,2.357902765274047852e+00,2.466111421585083008e+00
1.684177279472351074e+00,1.610080838203430176e+00,1.782555937767028809e+00,1.548029422760009766e+00,1.259770035743713379e+00,1.508832097053527832e+00,1.620457887649536133e+00,1.293004393577575684e+00,1.253718614578247070e+00,1.613717794418334961e+00,1.588132619857788086e+00,1.357634782791137695e+00,1.626128196716308594e+00,1.879158973693847656e+00,1.740475893020629883e+00,5.463590621948242188e-01,3.708370923995971680e-01,0.000000000000000000e+00,3.705586194992065430e-01,5.348597764968872070e-01,5.066936016082763672e-01,6.093771457672119141e-01,8.522361516952514648e-01,9.767032265663146973e-01,1.033193230628967285e+00,1.199039220809936523e+00,1.409412980079650879e+00,1.529571533203125000e+00,1.642678380012512207e+00,1.827873706817626953e+00,1.311659336090087891e+00,1.275485634803771973e+00,1.380238056182861328e+00,1.092099785804748535e+00,8.873347640037536621e-01,1.184207081794738770e+00,1.218642830848693848e+00,8.868387937545776367e-01,9.863823652267456055e-01,1.318585634231567383e+00,1.243625521659851074e+00,1.107036471366882324e+00,1.440338611602783203e+00,1.626857399940490723e+00,1.497528076171875000e+00,1.965007662773132324e+00,1.619526624679565430e+00,1.621821641921997070e+00,1.621990323066711426e+00,1.332796454429626465e+00,1.131042838096618652e+00,1.284932732582092285e+00,1.214349627494812012e+00,8.463334441184997559e-01,8.634146451950073242e-01,1.120739579200744629e+00,9.202306270599365234e-01,6.998381018638610840e-01,1.052108645439147949e+00,1.203939437866210938e+00,1.672874331474304199e+00,1.467672348022460938e+00,1.802145361900329590e+00,1.851429343223571777e+00,1.525584936141967773e+00,1.635117769241333008e+00,1.983443140983581543e+00,1.890970826148986816e+00,1.700612902641296387e+00,1.997368216514587402e+00,2.235624313354492188e+00,2.097286939620971680e+00,2.175943851470947266e+00,2.517751455307006836e+00,2.589257001876831055e+00
1.450042963027954102e+00,1.421296596527099609e+00,1.547729492187500000e+00,1.267598867416381836e+00,1.038376688957214355e+00,1.322352290153503418e+00,1.374020457267761230e+00,1.039898872375488281e+00,1.099423646926879883e+00,1.443871617317199707e+00,1.371768474578857422e+00,1.206834673881530762e+00,1.524722814559936523e+00,1.725958824157714844e+00,1.592272758483886719e+00,5.831421613693237305e-01,5.414186120033264160e-01,3.705586194992065430e-01,0.000000000000000000e+00,3.817882537841796875e-01,5.350290536880493164e-01,4.995845258235931396e-01,6.094725131988525391e-01,8.483319878578186035e-01,9.635049700736999512e-01,1.023132443428039551e+00,1.219695568084716797e+00,1.421202301979064941e+00,1.515515327453613281e+00,1.632878303527832031e+00,1.145779252052307129e+00,1.181070208549499512e+00,1.357287287712097168e+00,1.104488372802734375e+00,9.177151322364807129e-01,1.264137864112854004e+00,1.355652928352355957e+00,1.088639497756958008e+00,1.192187309265136719e+00,1.533477544784545898e+00,1.509915351867675781e+00,1.414724111557006836e+00,1.727626681327819824e+00,1.927731156349182129e+00,1.835909605026245117e+00,1.950385093688964844e+00,1.581013321876525879e+00,1.640810966491699219e+00,1.705166459083557129e+00,1.395236134529113770e+00,1.193583607673645020e+00,1.433842062950134277e+00,1.406767845153808594e+00,1.037778139114379883e+00,1.090378165245056152e+00,1.402341246604919434e+00,1.237029314041137695e+00,1.045986771583557129e+00,1.392230153083801270e+00,1.564896225929260254e+00,1.839430689811706543e+00,1.570579290390014648e+00,1.864029645919799805e+00,1.927820682525634766e+00,1.576751232147216797e+00,1.615058660507202148e+00,1.967055201530456543e+00,1.882017135620117188e+00,1.628989338874816895e+00,1.894638538360595703e+00,2.161388874053955078e+00,1.999626040458679199e+00,2.020762443542480469e+00,2.379161119461059570e+00,2.472072362899780273e+00
1.234742760658264160e+00,1.123436331748962402e+00,1.259363889694213867e+00,1.031184792518615723e+00,7.297912836074829102e-01,9.825416207313537598e-01,1.098044514656066895e+00,7.977685332298278809e-01,7.859416604042053223e-01,1.151808142662048340e+00,1.163554072380065918e+00,1.017828822135925293e+00,1.291138648986816406e+00,1.533889651298522949e+00,1.478858351707458496e+00,7.001263499259948730e-01,5.028141140937805176e-01,5.348597764968872070e-01,3.817882537841796875e-01,0.000000000000000000e+00,3.700469434261322021e-01,5.397353768348693848e-01,5.078254342079162598e-01,6.022361516952514648e-01,8.370561599731445312e-01,9.637782573699951172e-01,1.051017761230468750e+00,1.242322921752929688e+00,1.425149917602539062e+00,1.528776526451110840e+00,1.008170723915100098e+00,9.355394840240478516e-01,1.165384292602539062e+00,9.942209124565124512e-01,7.089663743972778320e-01,1.021443009376525879e+00,1.204876542091369629e+00,9.821726679801940918e-01,9.871033430099487305e-01,1.340726256370544434e+00,1.408163666725158691e+00,1.306421637535095215e+00,1.562340497970581055e+00,1.807730317115783691e+00,1.780041456222534180e+00,1.608249664306640625e+00,1.251064300537109375e+00,1.357266783714294434e+00,1.403706192970275879e+00,1.066475868225097656e+00,9.250757098197937012e-01,1.212745904922485352e+00,1.161323785781860352e+00,8.137449622154235840e-01,9.727262258529663086e-01,1.280547261238098145e+00,1.131397128105163574e+00,1.052904367446899414e+00,1.409652471542358398e+00,1.554793119430541992e+00,1.553625941276550293e+00,1.262634873390197754e+00,1.529929757118225098e+00,1.575144648551940918e+00,1.214695096015930176e+00,1.245710492134094238e+00,1.590497255325317383e+00,1.502654194831848145e+00,1.249500155448913574e+00,1.520812153816223145e+00,1.783392548561096191e+00,1.635981798171997070e+00,1.670921802520751953e+00,2.020646810531616211e+00,2.117848873138427734e+00
1.257449507713317871e+00,1.158617019653320312e+00,1.388207435607910156e+00,1.219523906707763672e+00,9.028686881065368652e-01,1.169176578521728516e+00,1.363846659660339355e+00,1.116532087326049805e+00,1.066794991493225098e+00,1.438020229339599609e+00,1.504420161247253418e+00,1.356230258941650391e+00,1.591116786003112793e+00,1.866316199302673340e+00,1.827005624771118164e+00,9.102190732955932617e-01,6.068259477615356445e-01,5.066936016082763672e-01,5.350290536880493164e-01,3.700469434261322021e-01,0.000000000000000000e+00,3.759374022483825684e-01,5.358827710151672363e-01,5.014999508857727051e-01,5.942127704620361328e-01,8.351866602897644043e-01,9.730081558227539062e-01,1.059699177742004395e+00,1.237000465393066406e+00,1.424780845642089844e+00,1.360572814941406250e+00,1.232821106910705566e+00,1.436587452888488770e+00,1.256459474563598633e+00,9.313408136367797852e-01,1.180679082870483398e+00,1.353539586067199707e+00,1.070221543312072754e+00,9.943917393684387207e-01,1.363098025321960449e+00,1.416767835617065430e+00,1.219666361808776855e+00,1.463343262672424316e+00,1.741478443145751953e+00,1.673137664794921875e+00,1.483929991722106934e+00,1.125733852386474609e+00,1.134147286415100098e+00,1.182047247886657715e+00,9.004824161529541016e-01,6.653939485549926758e-01,9.034735560417175293e-01,9.127275943756103516e-01,5.693256855010986328e-01,6.309449076652526855e-01,9.751812815666198730e-01,9.044887423515319824e-01,8.039264082908630371e-01,1.122639179229736328e+00,1.320374846458435059e+00,1.545288681983947754e+00,1.325503468513488770e+00,1.613251805305480957e+00,1.583787083625793457e+00,1.221944689750671387e+00,1.350206971168518066e+00,1.659080028533935547e+00,1.499583363533020020e+00,1.297176480293273926e+00,1.624155759811401367e+00,1.822393894195556641e+00,1.642558932304382324e+00,1.747143030166625977e+00,2.091492414474487305e+00,2.125328302383422852e+00
