,A1,A2,A3,A4,A5,A6,A7,A8,A9,A10,A11,A12,A13,A14,A15,B1,B2,B3,B4,B5,B6,B7,B8,B9,B10,B11,B12,B13,B14,B15,C1,C2,C3,C4,C5,C6,C7,C8,C9,C10,C11,C12,C13,C14,C15,D1,D2,D3,D4,D5,D6,D7,D8,D9,D10,D11,D12,D13,D14,D15,E1,E2,E3,E4,E5,E6,E7,E8,E9,E10,E11,E12,E13,E14,E15
A1,0.0,0.38627997040748596,0.5415511131286621,0.6035560369491577,0.7282480001449585,0.9384851455688477,1.084991693496704,1.186531662940979,1.3404078483581543,1.5132036209106445,1.6313061714172363,1.7874341011047363,1.98616623878479,2.1190552711486816,2.2158303260803223,2.006927490234375,1.7898857593536377,1.7295849323272705,1.4968010187149048,1.2975692749023438,1.2823550701141357,1.1868070363998413,0.8904799222946167,0.7799655795097351,0.8773141503334045,0.7170804142951965,0.3543807864189148,0.5810412168502808,0.7422847747802734,0.5425876379013062,2.125972270965576,1.7860195636749268,1.7791364192962646,1.7449628114700317,1.4569306373596191,1.2727019786834717,1.3870736360549927,1.2809292078018188,0.9348093271255493,0.961937427520752,1.1743768453598022,0.9667049050331116,0.7562353610992432,1.1039196252822876,1.2450096607208252,2.4150092601776123,2.130640983581543,2.3017492294311523,2.211702585220337,1.837659478187561,1.8558239936828613,2.0620012283325195,1.8368351459503174,1.5396498441696167,1.7894264459609985,1.9438556432724,1.646031379699707,1.6398699283599854,1.9949358701705933,1.952789306640625,1.2010281085968018,0.9642673134803772,1.22950279712677,1.4855432510375977,1.3154361248016357,1.3022470474243164,1.6546006202697754,1.778211236000061,1.656093716621399,1.8129063844680786,2.1227569580078125,2.1817123889923096,2.2012112140655518,2.465280771255493,2.6658854484558105
A2,0.38627997040748596,0.0,0.3661421537399292,0.5416550040245056,0.5135082602500916,0.629981279373169,0.8778895139694214,1.0068660974502563,1.0708818435668945,1.237019658088684,1.4245553016662598,1.5643260478973389,1.7122223377227783,1.8797850608825684,2.0143978595733643,1.8356359004974365,1.606245517730713,1.6243826150894165,1.4090275764465332,1.1356028318405151,1.16958749294281,1.1846586465835571,0.8709824681282043,0.6907696723937988,0.928888201713562,0.892182469367981,0.554705798625946,0.7659667134284973,1.0375784635543823,0.9159417152404785,1.7614665031433105,1.4333350658416748,1.4107568264007568,1.3597571849822998,1.0798152685165405,0.8988831043243408,1.0124245882034302,0.9074676036834717,0.5544942021369934,0.6259221434593201,0.8697317242622375,0.7128503918647766,0.594161331653595,0.9505054354667664,1.1053962707519531,2.1182737350463867,1.807082176208496,1.9590381383895874,1.8968660831451416,1.5243111848831177,1.5016899108886719,1.7226941585540771,1.5341689586639404,1.2130568027496338,1.4481114149093628,1.643965721130371,1.3848094940185547,1.3579862117767334,1.7243785858154297,1.736459493637085,1.1068873405456543,0.8628473877906799,1.1813900470733643,1.3487772941589355,1.1114578247070312,1.172499656677246,1.5330307483673096,1.5779341459274292,1.4495114088058472,1.6730464696884155,1.9551345109939575,1.9653618335723877,2.0261893272399902,2.313798427581787,2.468776226043701
A3,0.5415511131286621,0.3661421537399292,0.0,0.3767474591732025,0.5390200614929199,0.5265057682991028,0.6423319578170776,0.8775957822799683,1.0034863948822021,1.071532130241394,1.2322129011154175,1.449591875076294,1.5851843357086182,1.6891756057739258,1.8497514724731445,1.8527344465255737,1.6922205686569214,1.7241770029067993,1.4482543468475342,1.21039879322052,1.3397798538208008,1.321547269821167,0.961592435836792,0.9093379378318787,1.1747740507125854,1.0568444728851318,0.7609302997589111,1.0574944019317627,1.2546849250793457,1.0527454614639282,1.7868194580078125,1.4395902156829834,1.3604710102081299,1.3856844902038574,1.164630651473999,0.8801922798156738,0.9823464751243591,1.0112457275390625,0.6955990791320801,0.5855623483657837,0.9080081582069397,0.8852055072784424,0.6684094071388245,0.9430385828018188,1.2053099870681763,2.213803291320801,1.8862271308898926,2.069155216217041,2.0677976608276367,1.695523738861084,1.6461617946624756,1.9154890775680542,1.7799643278121948,1.4486970901489258,1.657065987586975,1.9040192365646362,1.6824333667755127,1.6155825853347778,1.9844179153442383,2.040714740753174,1.4672212600708008,1.2253623008728027,1.5356024503707886,1.6945955753326416,1.4262325763702393,1.468603253364563,1.837037205696106,1.8563897609710693,1.6790646314620972,1.9075781106948853,2.2034964561462402,2.1676881313323975,2.2002482414245605,2.5168468952178955,2.6666808128356934
A4,0.6035560369491577,0.5416550040245056,0.3767474591732025,0.0,0.37487730383872986,0.5398786067962646,0.5226312279701233,0.6269442439079285,0.8596285581588745,0.9857591390609741,1.0456525087356567,1.241098165512085,1.4540506601333618,1.5430036783218384,1.6349824666976929,1.5853182077407837,1.4580597877502441,1.4417979717254639,1.132718563079834,0.9599975943565369,1.1128530502319336,1.0322009325027466,0.6621525883674622,0.7416679263114929,0.9945687055587769,0.8323552012443542,0.6560004949569702,1.018113374710083,1.1564291715621948,1.0012104511260986,1.8080177307128906,1.4345277547836304,1.4308948516845703,1.5197393894195557,1.2588310241699219,0.9943864941596985,1.2071242332458496,1.2504947185516357,0.9177515506744385,0.904502809047699,1.2486447095870972,1.2049825191497803,1.0210598707199097,1.317138433456421,1.5620490312576294,2.109978199005127,1.8229830265045166,2.0606319904327393,2.0467612743377686,1.6705840826034546,1.696433424949646,1.9892761707305908,1.8357038497924805,1.5490801334381104,1.814910650253296,2.046881914138794,1.8343366384506226,1.8355882167816162,2.2019195556640625,2.2334377765655518,1.5895805358886719,1.2773083448410034,1.5252859592437744,1.7095016241073608,1.4292690753936768,1.377286434173584,1.7475277185440063,1.7941291332244873,1.5641471147537231,1.7418726682662964,2.070955991744995,2.034322738647461,2.0061731338500977,2.325932025909424,2.5090672969818115
A5,0.7282480001449585,0.5135082602500916,0.5390200614929199,0.37487730383872986,0.0,0.37297937273979187,0.5502489805221558,0.5256041288375854,0.6200963258743286,0.8568364977836609,0.984360933303833,1.0797251462936401,1.2797452211380005,1.4530752897262573,1.5384737253189087,1.3431113958358765,1.1587250232696533,1.1915117502212524,0.9396712779998779,0.673445999622345,0.8230689167976379,0.8574193120002747,0.5223835110664368,0.49393972754478455,0.8372963070869446,0.8247737288475037,0.6799187660217285,0.9773967862129211,1.2022390365600586,1.152883529663086,1.5051451921463013,1.1379586458206177,1.1967549324035645,1.2602365016937256,0.9553065299987793,0.7641329169273376,1.044461727142334,1.0444390773773193,0.7227029204368591,0.849077582359314,1.1792328357696533,1.125317931175232,1.060309648513794,1.3774032592773438,1.5689749717712402,1.7631254196166992,1.4793788194656372,1.70939040184021,1.6764752864837646,1.2995017766952515,1.348593831062317,1.6388795375823975,1.4813741445541382,1.2177271842956543,1.5098903179168701,1.7342529296875,1.5491242408752441,1.5932459831237793,1.9489754438400269,1.9849495887756348,1.3946200609207153,1.0582627058029175,1.29277765750885,1.4208298921585083,1.1064376831054688,1.0680415630340576,1.4332207441329956,1.4412693977355957,1.2054684162139893,1.4143339395523071,1.725612998008728,1.6747016906738281,1.6745885610580444,1.9982175827026367,2.1597280502319336
A6,0.9384851455688477,0.629981279373169,0.5265057682991028,0.5398786067962646,0.37297937273979187,0.0,0.37841060757637024,0.538303017616272,0.509440541267395,0.6099046468734741,0.8467850089073181,0.9982181787490845,1.0970582962036133,1.2638847827911377,1.434301733970642,1.4378362894058228,1.2921398878097534,1.4140819311141968,1.167334794998169,0.8777646422386169,1.0988670587539673,1.1959847211837769,0.877013087272644,0.8337191343307495,1.1935254335403442,1.191301941871643,0.9984880685806274,1.2821599245071411,1.5306971073150635,1.4335449934005737,1.2933499813079834,0.9302641153335571,0.8952716588973999,0.9891789555549622,0.7599500417709351,0.46433377265930176,0.7328733205795288,0.840632975101471,0.5918759107589722,0.6269867420196533,0.9816291332244873,1.0472731590270996,1.0031386613845825,1.2473338842391968,1.4788587093353271,1.7214289903640747,1.3874245882034302,1.596153736114502,1.6385314464569092,1.2773213386535645,1.233136534690857,1.554673433303833,1.4761313199996948,1.1795854568481445,1.40492844581604,1.6920034885406494,1.5581992864608765,1.5353450775146484,1.8889132738113403,1.9925395250320435,1.544187307357788,1.2605981826782227,1.5375418663024902,1.6024287939071655,1.2604387998580933,1.3088217973709106,1.657749891281128,1.5898511409759521,1.3610455989837646,1.6298961639404297,1.900052785873413,1.7892661094665527,1.8296096324920654,2.174304723739624,2.281275987625122
A7,1.084991693496704,0.8778895139694214,0.6423319578170776,0.5226312279701233,0.5502489805221558,0.37841060757637024,0.0,0.3734685778617859,0.5362922549247742,0.4976821839809418,0.5929793119430542,0.8560611605644226,0.9949508309364319,1.0563527345657349,1.2149629592895508,1.4094603061676025,1.3617193698883057,1.4548531770706177,1.143081545829773,0.9541217684745789,1.2414031028747559,1.262345790863037,0.9322270154953003,1.0302696228027344,1.3603112697601318,1.2769304513931274,1.14107346534729,1.4810030460357666,1.658661961555481,1.523094654083252,1.4739634990692139,1.103803277015686,1.056947112083435,1.2508317232131958,1.0762221813201904,0.7571962475776672,1.003778100013733,1.1875523328781128,0.9561848640441895,0.8988465666770935,1.2679824829101562,1.3640130758285522,1.2441203594207764,1.4590399265289307,1.7425843477249146,1.8713339567184448,1.5623834133148193,1.8198692798614502,1.8981478214263916,1.5502604246139526,1.5299850702285767,1.8758471012115479,1.8163273334503174,1.5406299829483032,1.7651641368865967,2.060286521911621,1.934719443321228,1.9111217260360718,2.264296531677246,2.3703036308288574,1.8844318389892578,1.5797677040100098,1.8348504304885864,1.9307072162628174,1.5897319316864014,1.578471064567566,1.9288840293884277,1.8780615329742432,1.6052563190460205,1.833052396774292,2.1281120777130127,1.9965587854385376,1.9768095016479492,2.3346078395843506,2.4599080085754395
A8,1.186531662940979,1.0068660974502563,0.8775957822799683,0.6269442439079285,0.5256041288375854,0.538303017616272,0.3734685778617859,0.0,0.3666593134403229,0.523328423500061,0.4891709089279175,0.6162468791007996,0.8714093565940857,0.979724645614624,1.0312728881835938,1.0551282167434692,1.0257290601730347,1.1001497507095337,0.7818872332572937,0.636081337928772,0.9631497859954834,0.986573338508606,0.7169996500015259,0.8880459666252136,1.2014155387878418,1.15672767162323,1.1267883777618408,1.4532264471054077,1.615606427192688,1.5561269521713257,1.4265830516815186,1.0501171350479126,1.1268073320388794,1.3377904891967773,1.110150933265686,0.8845372200012207,1.2128796577453613,1.3461037874221802,1.1037784814834595,1.1589686870574951,1.5191267728805542,1.5635288953781128,1.4854719638824463,1.7473605871200562,1.9924745559692383,1.6504907608032227,1.394619107246399,1.6975982189178467,1.746487021446228,1.406158208847046,1.4720567464828491,1.8197553157806396,1.7380348443984985,1.5210806131362915,1.7962828874588013,2.059661388397217,1.946634292602539,1.9928256273269653,2.3343677520751953,2.4123616218566895,1.8934106826782227,1.5464593172073364,1.7392292022705078,1.830198049545288,1.4860308170318604,1.4039267301559448,1.7333667278289795,1.6914470195770264,1.378183364868164,1.56256902217865,1.8709299564361572,1.7340493202209473,1.6662167310714722,2.024444103240967,2.170466661453247
A9,1.3404078483581543,1.0708818435668945,1.0034863948822021,0.8596285581588745,0.6200963258743286,0.509440541267395,0.5362922549247742,0.3666593134403229,0.0,0.3715532422065735,0.536988377571106,0.5255264043807983,0.6683093309402466,0.8997451066970825,1.0049794912338257,0.9753771424293518,0.9004125595092773,1.0915073156356812,0.8709956407546997,0.6183580756187439,0.9497463703155518,1.1059011220932007,0.8906406164169312,0.9434902667999268,1.2945717573165894,1.346699595451355,1.2864797115325928,1.562009572982788,1.7888898849487305,1.7632051706314087,1.0613267421722412,0.685344934463501,0.804751455783844,1.0220261812210083,0.8095481395721436,0.6488052606582642,1.010072112083435,1.14821457862854,0.9813995361328125,1.0941981077194214,1.4189165830612183,1.4955042600631714,1.5017590522766113,1.7438641786575317,1.9575676918029785,1.3391221761703491,1.0503898859024048,1.3422768115997314,1.4209004640579224,1.0954965353012085,1.1362066268920898,1.4973403215408325,1.4612698554992676,1.264126181602478,1.5180765390396118,1.7972561120986938,1.7388806343078613,1.7887166738510132,2.108344554901123,2.2187695503234863,1.8200892210006714,1.496711015701294,1.6920088529586792,1.7069443464279175,1.338099479675293,1.316320538520813,1.6174752712249756,1.500645399093628,1.1951496601104736,1.4396926164627075,1.6979563236236572,1.513299822807312,1.5027440786361694,1.871671438217163,1.9615819454193115
A10,1.5132036209106445,1.237019658088684,1.071532130241394,0.9857591390609741,0.8568364977836609,0.6099046468734741,0.4976821839809418,0.523328423500061,0.3715532422065735,0.0,0.3728379011154175,0.5385928750038147,0.528274416923523,0.662848949432373,0.8883653879165649,1.2120697498321533,1.2180980443954468,1.422960638999939,1.1787015199661255,0.9771842360496521,1.318147897720337,1.4444658756256104,1.1953938007354736,1.2675319910049438,1.6233938932418823,1.6280049085617065,1.529306173324585,1.8324451446533203,2.0499629974365234,1.9666334390640259,1.086601734161377,0.7451748847961426,0.7183167338371277,1.0207581520080566,0.932487964630127,0.6862497329711914,0.9697270393371582,1.2168636322021484,1.1054145097732544,1.1059457063674927,1.4302945137023926,1.58966863155365,1.5662171840667725,1.743874430656433,2.0025134086608887,1.5230188369750977,1.2130910158157349,1.4839141368865967,1.640101671218872,1.3469343185424805,1.3066655397415161,1.6804908514022827,1.7065140008926392,1.4844979047775269,1.6746727228164673,1.9956368207931519,1.961298942565918,1.9512050151824951,2.2690579891204834,2.4234321117401123,2.0831780433654785,1.7868149280548096,2.017178535461426,2.0273115634918213,1.6556434631347656,1.6709461212158203,1.974613070487976,1.8367869853973389,1.5440374612808228,1.8021053075790405,2.043111801147461,1.8294546604156494,1.8273719549179077,2.2010977268218994,2.2622454166412354
A11,1.6313061714172363,1.4245553016662598,1.2322129011154175,1.0456525087356567,0.984360933303833,0.8467850089073181,0.5929793119430542,0.4891709089279175,0.536988377571106,0.3728379011154175,0.0,0.37610316276550293,0.5306683778762817,0.5075742602348328,0.6233958005905151,1.0955039262771606,1.2026479244232178,1.3527815341949463,1.0672013759613037,0.9867546558380127,1.3533157110214233,1.4102767705917358,1.1884899139404297,1.361991286277771,1.679435133934021,1.6381946802139282,1.6084096431732178,1.9386470317840576,2.099557399749756,2.0179171562194824,1.3649520874023438,1.0371326208114624,1.068207859992981,1.3837263584136963,1.2719231843948364,1.038991093635559,1.3316593170166016,1.5647119283676147,1.4083868265151978,1.4037621021270752,1.751085877418518,1.8828582763671875,1.8140839338302612,2.0118494033813477,2.288559913635254,1.648522973060608,1.4032683372497559,1.7208231687545776,1.8644943237304688,1.5800679922103882,1.6041699647903442,1.9779272079467773,1.9815213680267334,1.7855194807052612,2.0088021755218506,2.3108434677124023,2.2618954181671143,2.2802999019622803,2.603956460952759,2.7338693141937256,2.3170790672302246,1.9873191118240356,2.1850850582122803,2.2308807373046875,1.8672436475753784,1.8119621276855469,2.1125266551971436,2.010202646255493,1.681234359741211,1.8786146640777588,2.1475069522857666,1.9360147714614868,1.8608818054199219,2.2333357334136963,2.3285725116729736
A12,1.7874341011047363,1.5643260478973389,1.449591875076294,1.241098165512085,1.0797251462936401,0.9982181787490845,0.8560611605644226,0.6162468791007996,0.5255264043807983,0.5385928750038147,0.37610316276550293,0.0,0.37556490302085876,0.5278305411338806,0.4972795844078064,0.7601341605186462,0.907902717590332,1.1091769933700562,0.8996602296829224,0.841285228729248,1.2070294618606567,1.3236750364303589,1.190906047821045,1.3506205081939697,1.6531813144683838,1.6806840896606445,1.7020193338394165,1.9948351383209229,2.171131134033203,2.154022455215454,1.2088533639907837,0.9131678938865662,1.064639687538147,1.373919129371643,1.2421376705169678,1.1127067804336548,1.447340965270996,1.6364717483520508,1.5015263557434082,1.5811785459518433,1.9093438386917114,2.0142626762390137,2.001258611679077,2.2258098125457764,2.4636178016662598,1.3277589082717896,1.1381726264953613,1.4867169857025146,1.6223620176315308,1.3749704360961914,1.4591753482818604,1.8235751390457153,1.834289312362671,1.7033684253692627,1.9447734355926514,2.2201149463653564,2.206209659576416,2.2758357524871826,2.5752296447753906,2.6955935955047607,2.3137731552124023,1.9739521741867065,2.123307704925537,2.1303601264953613,1.7678035497665405,1.6880779266357422,1.943669080734253,1.8144574165344238,1.4684282541275024,1.6448715925216675,1.8870373964309692,1.644174575805664,1.5498515367507935,1.9212849140167236,1.9999117851257324
A13,1.98616623878479,1.7122223377227783,1.5851843357086182,1.4540506601333618,1.2797452211380005,1.0970582962036133,0.9949508309364319,0.8714093565940857,0.6683093309402466,0.528274416923523,0.5306683778762817,0.37556490302085876,0.0,0.3707301616668701,0.5430524349212646,1.0107122659683228,1.136034607887268,1.4052783250808716,1.2422901391983032,1.12093985080719,1.4726165533065796,1.6418418884277344,1.4914470911026,1.5910155773162842,1.9232114553451538,1.9739258289337158,1.9448355436325073,2.227785587310791,2.440744161605835,2.4066171646118164,0.9884772300720215,0.7621721029281616,0.8570892810821533,1.2090227603912354,1.1792659759521484,1.0695629119873047,1.3525340557098389,1.5899975299835205,1.5352542400360107,1.5898640155792236,1.8828169107437134,2.0463390350341797,2.0672364234924316,2.243323802947998,2.4806623458862305,1.2659854888916016,1.0410977602005005,1.3509901762008667,1.567362904548645,1.3664764165878296,1.373860239982605,1.7417608499526978,1.8270899057388306,1.6985609531402588,1.8776847124099731,2.1822574138641357,2.220271110534668,2.2545759677886963,2.531893253326416,2.699270486831665,2.433501958847046,2.128127336502075,2.3033506870269775,2.2626559734344482,1.8894118070602417,1.8756955862045288,2.1167123317718506,1.9294934272766113,1.611769199371338,1.8383861780166626,2.029947519302368,1.7442694902420044,1.7104105949401855,2.080850839614868,2.0942564010620117
A14,2.1190552711486816,1.8797850608825684,1.6891756057739258,1.5430036783218384,1.4530752897262573,1.2638847827911377,1.0563527345657349,0.979724645614624,0.8997451066970825,0.662848949432373,0.5075742602348328,0.5278305411338806,0.3707301616668701,0.0,0.37619689106941223,1.2200407981872559,1.4114328622817993,1.629268765449524,1.4146461486816406,1.3565515279769897,1.7245372533798218,1.8310943841934204,1.656235933303833,1.810052752494812,2.1330623626708984,2.125622272491455,2.1009140014648438,2.4176993370056152,2.5951156616210938,2.5224757194519043,1.3229554891586304,1.1048202514648438,1.1221144199371338,1.4908674955368042,1.4836982488632202,1.3074277639389038,1.5571469068527222,1.8351789712905884,1.7616467475891113,1.7510476112365723,2.0617408752441406,2.2472708225250244,2.2163028717041016,2.370575428009033,2.6461079120635986,1.612943410873413,1.4082123041152954,1.7127679586410522,1.93788743019104,1.7322542667388916,1.7285610437393188,2.0996079444885254,2.1824843883514404,2.0299603939056396,2.2034077644348145,2.520899772644043,2.5411972999572754,2.5515875816345215,2.842820644378662,3.014479398727417,2.708966016769409,2.3955295085906982,2.5843520164489746,2.5770204067230225,2.2040350437164307,2.17250657081604,2.433255910873413,2.2718429565429688,1.943720817565918,2.1487040519714355,2.3635056018829346,2.087061643600464,2.0188677310943604,2.3874809741973877,2.420275926589966
A15,2.2158303260803223,2.0143978595733643,1.8497514724731445,1.6349824666976929,1.5384737253189087,1.434301733970642,1.2149629592895508,1.0312728881835938,1.0049794912338257,0.8883653879165649,0.6233958005905151,0.4972795844078064,0.5430524349212646,0.37619689106941223,0.0,1.0065182447433472,1.2810511589050293,1.4578604698181152,1.2623701095581055,1.299432635307312,1.6572128534317017,1.7344210147857666,1.6212852001190186,1.8244563341140747,2.107464551925659,2.1002562046051025,2.1424620151519775,2.454388380050659,2.5990560054779053,2.561357021331787,1.5085601806640625,1.287838339805603,1.3925213813781738,1.7444919347763062,1.6809107065200806,1.536813497543335,1.8323062658309937,2.0700247287750244,1.9581875801086426,1.989778757095337,2.3181300163269043,2.4599263668060303,2.4231860637664795,2.6174426078796387,2.883758544921875,1.5942809581756592,1.4676672220230103,1.809456706047058,1.9960230588912964,1.8018765449523926,1.872795820236206,2.234717607498169,2.285733699798584,2.1710827350616455,2.3861985206604004,2.673292636871338,2.6844098567962646,2.7409801483154297,3.0323166847229004,3.172217607498169,2.8099639415740967,2.469058036804199,2.613419771194458,2.620490074157715,2.259676456451416,2.1684181690216064,2.4068965911865234,2.270634174346924,1.919272541999817,2.06439471244812,2.288145065307617,2.0168232917785645,1.885061264038086,2.239833354949951,2.299612283706665
B1,2.006927490234375,1.8356359004974365,1.8527344465255737,1.5853182077407837,1.3431113958358765,1.4378362894058228,1.4094603061676025,1.0551282167434692,0.9753771424293518,1.2120697498321533,1.0955039262771606,0.7601341605186462,1.0107122659683228,1.2200407981872559,1.0065182447433472,0.0,0.3896142542362213,0.5488591194152832,0.6087062358856201,0.7249128222465515,0.931702196598053,1.0818464756011963,1.1809625625610352,1.3349609375,1.5153623819351196,1.6408547163009644,1.7938257455825806,1.9960466623306274,2.1452066898345947,2.255528688430786,1.455351710319519,1.2360154390335083,1.5410211086273193,1.7483444213867188,1.5269991159439087,1.5475373268127441,1.9166595935821533,1.9798251390457153,1.821512222290039,2.024909734725952,2.3254504203796387,2.3287267684936523,2.3661839962005615,2.6570756435394287,2.824162721633911,1.0783648490905762,1.0992823839187622,1.4587088823318481,1.457979440689087,1.2785367965698242,1.537285566329956,1.820068597793579,1.7581948041915894,1.7589746713638306,2.06246280670166,2.2325539588928223,2.2237496376037598,2.409360408782959,2.668612241744995,2.714609384536743,2.297863483428955,1.9390629529953003,1.9549307823181152,1.942950963973999,1.6417438983917236,1.4480717182159424,1.5917627811431885,1.4973371028900146,1.1366610527038574,1.1584886312484741,1.3799000978469849,1.1564419269561768,0.9296230673789978,1.2669012546539307,1.3999576568603516
B2,1.7898857593536377,1.606245517730713,1.6922205686569214,1.4580597877502441,1.1587250232696533,1.2921398878097534,1.3617193698883057,1.0257290601730347,0.9004125595092773,1.2180980443954468,1.2026479244232178,0.907902717590332,1.136034607887268,1.4114328622817993,1.2810511589050293,0.3896142542362213,0.0,0.3720000684261322,0.5431100130081177,0.506589412689209,0.6170463562011719,0.867925226688385,0.994304895401001,1.058416485786438,1.232222318649292,1.425692081451416,1.5610219240188599,1.7140944004058838,1.8992478847503662,2.042696237564087,1.3379186391830444,1.1111576557159424,1.4385898113250732,1.5697489976882935,1.2992236614227295,1.374787449836731,1.73911714553833,1.7362215518951416,1.5753474235534668,1.829581379890442,2.1008896827697754,2.0634357929229736,2.1358821392059326,2.441985845565796,2.5686628818511963,0.9615760445594788,0.946567177772522,1.2717642784118652,1.1924896240234375,0.9777346849441528,1.2750834226608276,1.5269901752471924,1.4161666631698608,1.4312782287597656,1.755826473236084,1.8930596113204956,1.8680177927017212,2.079366445541382,2.330594539642334,2.352872848510742,1.937764048576355,1.588440179824829,1.586706519126892,1.557235598564148,1.2649258375167847,1.071136713027954,1.2079938650131226,1.1131627559661865,0.7498918175697327,0.7955154776573181,1.0382423400878906,0.8487186431884766,0.6733625531196594,1.0370631217956543,1.1886869668960571
B3,1.7295849323272705,1.6243826150894165,1.7241770029067993,1.4417979717254639,1.1915117502212524,1.4140819311141968,1.4548531770706177,1.1001497507095337,1.0915073156356812,1.422960638999939,1.3527815341949463,1.1091769933700562,1.4052783250808716,1.629268765449524,1.4578604698181152,0.5488591194152832,0.3720000684261322,0.0,0.3764128088951111,0.5371485352516174,0.5181077718734741,0.630581259727478,0.8652177453041077,0.9953290224075317,1.068589687347412,1.2361708879470825,1.4516113996505737,1.5901328325271606,1.7122021913528442,1.8876144886016846,1.6904101371765137,1.4348658323287964,1.7376141548156738,1.8582040071487427,1.5529946088790894,1.5912394523620605,1.956534504890442,1.9289155006408691,1.7123878002166748,1.9615567922592163,2.246273994445801,2.16176176071167,2.195300579071045,2.528881311416626,2.653416395187378,1.3090101480484009,1.309714436531067,1.6193292140960693,1.4947174787521362,1.263752818107605,1.572250485420227,1.8022364377975464,1.6313056945800781,1.6340744495391846,1.985966444015503,2.0922396183013916,2.0113377571105957,2.240281105041504,2.503748655319214,2.478834390640259,1.9476838111877441,1.5781883001327515,1.5304710865020752,1.5745140314102173,1.3316829204559326,1.0486377477645874,1.1845612525939941,1.2061254978179932,0.8663995862007141,0.7764434814453125,1.0881457328796387,1.018079400062561,0.7621393203735352,1.0548702478408813,1.308029055595398
B4,1.4968010187149048,1.4090275764465332,1.4482543468475342,1.132718563079834,0.9396712779998779,1.167334794998169,1.143081545829773,0.7818872332572937,0.8709956407546997,1.1787015199661255,1.0672013759613037,0.8996602296829224,1.2422901391983032,1.4146461486816406,1.2623701095581055,0.6087062358856201,0.5431100130081177,0.3764128088951111,0.0,0.37347733974456787,0.5365378260612488,0.5176548957824707,0.618434727191925,0.8555084466934204,0.9867194294929504,1.0530028343200684,1.248684048652649,1.4638357162475586,1.5663150548934937,1.6763907670974731,1.6861624717712402,1.3726969957351685,1.6195188760757446,1.7768888473510742,1.4764187335968018,1.427492618560791,1.7937629222869873,1.8091274499893188,1.5582464933395386,1.7526371479034424,2.0712547302246094,2.0084025859832764,1.9878405332565308,2.3148326873779297,2.481160879135132,1.4850497245788574,1.399832844734192,1.730617642402649,1.659578800201416,1.372631549835205,1.6182307004928589,1.8974775075912476,1.7386493682861328,1.6605937480926514,2.008157730102539,2.1642799377441406,2.0531845092773438,2.230740785598755,2.531266689300537,2.5265750885009766,1.940731167793274,1.5548092126846313,1.5792584419250488,1.6751244068145752,1.3971360921859741,1.1436302661895752,1.3739842176437378,1.4058879613876343,1.057882308959961,1.05577552318573,1.394730567932129,1.3150006532669067,1.1098381280899048,1.4227490425109863,1.6567931175231934
B5,1.2975692749023438,1.1356028318405151,1.21039879322052,0.9599975943565369,0.673445999622345,0.8777646422386169,0.9541217684745789,0.636081337928772,0.6183580756187439,0.9771842360496521,0.9867546558380127,0.841285228729248,1.12093985080719,1.3565515279769897,1.299432635307312,0.7249128222465515,0.506589412689209,0.5371485352516174,0.37347733974456787,0.0,0.3710927963256836,0.5481005907058716,0.5206438302993774,0.6179777383804321,0.8602079153060913,0.9905446767807007,1.0854560136795044,1.291736125946045,1.4765886068344116,1.5713720321655273,1.3995894193649292,1.0737593173980713,1.3143320083618164,1.4314085245132446,1.1141289472579956,1.0883100032806396,1.4515339136123657,1.4450483322143555,1.208783745765686,1.432329535484314,1.732520580291748,1.675162434577942,1.6928820610046387,2.013352155685425,2.1629562377929688,1.3175708055496216,1.1576539278030396,1.4604501724243164,1.3887639045715332,1.0635132789611816,1.2782652378082275,1.5633137226104736,1.4061477184295654,1.2983514070510864,1.6420516967773438,1.8133412599563599,1.7054202556610107,1.8676141500473022,2.1713998317718506,2.1856324672698975,1.6490001678466797,1.2739310264587402,1.3481158018112183,1.4080358743667603,1.090921401977539,0.9064128994941711,1.1812657117843628,1.1637400388717651,0.8219043612480164,0.94045490026474,1.2663685083389282,1.1720401048660278,1.0737367868423462,1.4133840799331665,1.598463535308838
B6,1.2823550701141357,1.16958749294281,1.3397798538208008,1.1128530502319336,0.8230689167976379,1.0988670587539673,1.2414031028747559,0.9631497859954834,0.9497463703155518,1.318147897720337,1.3533157110214233,1.2070294618606567,1.4726165533065796,1.7245372533798218,1.6572128534317017,0.931702196598053,0.6170463562011719,0.5181077718734741,0.5365378260612488,0.3710927963256836,0.0,0.3772047460079193,0.5338826775550842,0.5091751217842102,0.6177483797073364,0.8576140403747559,1.0058834552764893,1.111926794052124,1.2961100339889526,1.4735538959503174,1.5947998762130737,1.3045555353164673,1.5600968599319458,1.60196852684021,1.2500659227371216,1.2882167100906372,1.62344229221344,1.5319503545761108,1.2849124670028687,1.5608402490615845,1.8187867403030396,1.6881053447723389,1.7326427698135376,2.078929901123047,2.1733644008636475,1.4145184755325317,1.299564242362976,1.5517098903656006,1.3880696296691895,1.076080322265625,1.3404635190963745,1.5532046556472778,1.3211588859558105,1.2575823068618774,1.6262990236282349,1.7242017984390259,1.580620527267456,1.7973953485488892,2.0812573432922363,2.0365633964538574,1.444607138633728,1.0673304796218872,1.0584696531295776,1.1405668258666992,0.8846664428710938,0.6073609590530396,0.8623592853546143,0.932112991809845,0.6328748464584351,0.6657966375350952,1.0273761749267578,1.0418199300765991,0.9501510858535767,1.2313969135284424,1.4646978378295898
B7,1.1868070363998413,1.1846586465835571,1.321547269821167,1.0322009325027466,0.8574193120002747,1.1959847211837769,1.262345790863037,0.986573338508606,1.1059011220932007,1.4444658756256104,1.4102767705917358,1.3236750364303589,1.6418418884277344,1.8310943841934204,1.7344210147857666,1.0818464756011963,0.867925226688385,0.630581259727478,0.5176548957824707,0.5481005907058716,0.3772047460079193,0.0,0.37016239762306213,0.5370379686355591,0.5036929249763489,0.6091718673706055,0.8706589341163635,1.0105133056640625,1.0899771451950073,1.2668646574020386,1.9144178628921509,1.5933934450149536,1.8120031356811523,1.8795937299728394,1.5283782482147217,1.4927327632904053,1.8199162483215332,1.745283842086792,1.4476889371871948,1.6712969541549683,1.9545332193374634,1.8027092218399048,1.7743358612060547,2.1336681842803955,2.2513294219970703,1.758545994758606,1.6456506252288818,1.9158011674880981,1.7647312879562378,1.446566104888916,1.6895021200180054,1.911539912223816,1.6676048040390015,1.5690078735351562,1.9362374544143677,2.036193609237671,1.8478033542633057,2.043666124343872,2.346877098083496,2.278304100036621,1.5749090909957886,1.1882147789001465,1.1738550662994385,1.3561656475067139,1.150531530380249,0.8442533612251282,1.103935718536377,1.2586928606033325,0.9939437508583069,0.9501712918281555,1.3257626295089722,1.3819591999053955,1.2321454286575317,1.4780519008636475,1.7590599060058594
B8,0.8904799222946167,0.8709824681282043,0.961592435836792,0.6621525883674622,0.5223835110664368,0.877013087272644,0.9322270154953003,0.7169996500015259,0.8906406164169312,1.1953938007354736,1.1884899139404297,1.190906047821045,1.4914470911026,1.656235933303833,1.6212852001190186,1.1809625625610352,0.994304895401001,0.8652177453041077,0.618434727191925,0.5206438302993774,0.5338826775550842,0.37016239762306213,0.0,0.3675253391265869,0.5236207246780396,0.49717485904693604,0.6321767568588257,0.8869161605834961,1.0033947229385376,1.0747150182724,1.80328369140625,1.4493993520736694,1.6044394969940186,1.6815513372421265,1.343198537826538,1.2347670793533325,1.5447877645492554,1.5016776323318481,1.1796523332595825,1.3532981872558594,1.6595457792282104,1.5339882373809814,1.4647505283355713,1.8146631717681885,1.968801736831665,1.8191245794296265,1.6308647394180298,1.8984402418136597,1.7971446514129639,1.4414591789245605,1.6110408306121826,1.8689912557601929,1.651448130607605,1.4756269454956055,1.8220785856246948,1.973812222480774,1.7709494829177856,1.9042627811431885,2.237657308578491,2.203949451446533,1.4991852045059204,1.1144269704818726,1.2125262022018433,1.4051390886306763,1.1518553495407104,0.9411446452140808,1.2740970849990845,1.3826618194580078,1.1194674968719482,1.18822181224823,1.5511237382888794,1.563946008682251,1.468662977218628,1.755256175994873,1.9940844774246216
B9,0.7799655795097351,0.6907696723937988,0.9093379378318787,0.7416679263114929,0.49393972754478455,0.8337191343307495,1.0302696228027344,0.8880459666252136,0.9434902667999268,1.2675319910049438,1.361991286277771,1.3506205081939697,1.5910155773162842,1.810052752494812,1.8244563341140747,1.3349609375,1.058416485786438,0.9953290224075317,0.8555084466934204,0.6179777383804321,0.5091751217842102,0.5370379686355591,0.3675253391265869,0.0,0.37298670411109924,0.5385756492614746,0.529480516910553,0.6821224093437195,0.9224290251731873,1.0319572687149048,1.6905484199523926,1.3623110055923462,1.5126373767852783,1.508739948272705,1.1476726531982422,1.1019103527069092,1.378082275390625,1.2571529150009155,0.9429101347923279,1.1849759817123413,1.438285231590271,1.2674533128738403,1.263243556022644,1.6236141920089722,1.7222886085510254,1.7486052513122559,1.5357693433761597,1.7454464435577393,1.6060529947280884,1.2428685426712036,1.392953872680664,1.607890009880066,1.3575471639633179,1.1699280738830566,1.518185019493103,1.6422672271728516,1.4167195558547974,1.5613590478897095,1.8886191844940186,1.8400424718856812,1.1407840251922607,0.754935622215271,0.8835533261299133,1.063550591468811,0.8116958737373352,0.6557614207267761,1.0196651220321655,1.125957727432251,0.9289401173591614,1.056994080543518,1.3896492719650269,1.4358769655227661,1.4242910146713257,1.6930099725723267,1.9035942554473877
B10,0.8773141503334045,0.928888201713562,1.1747740507125854,0.9945687055587769,0.8372963070869446,1.1935254335403442,1.3603112697601318,1.2014155387878418,1.2945717573165894,1.6233938932418823,1.679435133934021,1.6531813144683838,1.9232114553451538,2.1330623626708984,2.107464551925659,1.5153623819351196,1.232222318649292,1.068589687347412,0.9867194294929504,0.8602079153060913,0.6177483797073364,0.5036929249763489,0.5236207246780396,0.37298670411109924,0.0,0.372994989156723,0.5387728810310364,0.5351443290710449,0.6881564855575562,0.919882595539093,2.022507429122925,1.7103132009506226,1.8787623643875122,1.8566969633102417,1.4895544052124023,1.4677175283432007,1.7257611751556396,1.5676462650299072,1.2535476684570312,1.4935312271118164,1.7154673337936401,1.4857789278030396,1.4677728414535522,1.8393440246582031,1.898496150970459,1.9800716638565063,1.8164383172988892,2.015979766845703,1.8249963521957397,1.48842453956604,1.6789833307266235,1.8447959423065186,1.5480153560638428,1.4072630405426025,1.759927749633789,1.8181347846984863,1.5577151775360107,1.7422693967819214,2.045609474182129,1.9317336082458496,1.137570858001709,0.7676920890808105,0.768168568611145,1.0412455797195435,0.9106203317642212,0.6578916907310486,0.9607518911361694,1.184635043144226,1.0444105863571167,1.0555156469345093,1.395662546157837,1.5304714441299438,1.485641360282898,1.6905924081802368,1.9518760442733765
B11,0.7170804142951965,0.892182469367981,1.0568444728851318,0.8323552012443542,0.8247737288475037,1.191301941871643,1.2769304513931274,1.15672767162323,1.346699595451355,1.6280049085617065,1.6381946802139282,1.6806840896606445,1.9739258289337158,2.125622272491455,2.1002562046051025,1.6408547163009644,1.425692081451416,1.2361708879470825,1.0530028343200684,0.9905446767807007,0.8576140403747559,0.6091718673706055,0.49717485904693604,0.5385756492614746,0.372994989156723,0.0,0.3769361972808838,0.5302253365516663,0.5208368897438049,0.6601026058197021,2.2117667198181152,1.8673834800720215,1.9918193817138672,2.008136749267578,1.658793330192566,1.5542553663253784,1.799751877784729,1.6890195608139038,1.3417418003082275,1.4986896514892578,1.7527519464492798,1.5388849973678589,1.428493857383728,1.7936160564422607,1.9011573791503906,2.235717296600342,2.04990553855896,2.2768473625183105,2.1262476444244385,1.7719395160675049,1.9305237531661987,2.132979154586792,1.859373688697815,1.6725759506225586,2.0097129344940186,2.1058712005615234,1.831135630607605,1.962967872619629,2.290278196334839,2.1911563873291016,1.3610806465148926,1.0152149200439453,1.0791211128234863,1.3806520700454712,1.2401751279830933,1.0230202674865723,1.3336844444274902,1.546770691871643,1.3773740530014038,1.3929282426834106,1.7476232051849365,1.856525182723999,1.7781528234481812,2.0015041828155518,2.273993492126465
B12,0.3543807864189148,0.554705798625946,0.7609302997589111,0.6560004949569702,0.6799187660217285,0.9984880685806274,1.14107346534729,1.1267883777618408,1.2864797115325928,1.529306173324585,1.6084096431732178,1.7020193338394165,1.9448355436325073,2.1009140014648438,2.1424620151519775,1.7938257455825806,1.5610219240188599,1.4516113996505737,1.248684048652649,1.0854560136795044,1.0058834552764893,0.8706589341163635,0.6321767568588257,0.529480516910553,0.5387728810310364,0.3769361972808838,0.0,0.3750086724758148,0.5327752828598022,0.5148454904556274,2.103827714920044,1.7613821029663086,1.8266918659210205,1.8070471286773682,1.4763975143432617,1.3446052074432373,1.5332086086273193,1.408453345298767,1.0549556016921997,1.1792395114898682,1.4105406999588013,1.1868877410888672,1.0558255910873413,1.420501947402954,1.5287858247756958,2.264185905456543,2.023413896560669,2.2163784503936768,2.088843822479248,1.7197046279907227,1.8083912134170532,2.0083167552948,1.750185489654541,1.5049653053283691,1.8064770698547363,1.9266051054000854,1.6333576440811157,1.7060601711273193,2.0490055084228516,1.972855806350708,1.1612411737442017,0.8504787683486938,1.033331274986267,1.319602608680725,1.160825252532959,1.0582637786865234,1.403134822845459,1.5696969032287598,1.4326809644699097,1.5353758335113525,1.8639799356460571,1.9504872560501099,1.93645179271698,2.181857109069824,2.4119584560394287
B13,0.5810412168502808,0.7659667134284973,1.0574944019317627,1.018113374710083,0.9773967862129211,1.2821599245071411,1.4810030460357666,1.4532264471054077,1.562009572982788,1.8324451446533203,1.9386470317840576,1.9948351383209229,2.227785587310791,2.4176993370056152,2.454388380050659,1.9960466623306274,1.7140944004058838,1.5901328325271606,1.4638357162475586,1.291736125946045,1.111926794052124,1.0105133056640625,0.8869161605834961,0.6821224093437195,0.5351443290710449,0.5302253365516663,0.3750086724758148,0.0,0.37568676471710205,0.5462122559547424,2.26082181930542,1.9501979351043701,2.03505539894104,1.9561372995376587,1.614274501800537,1.5523096323013306,1.7112436294555664,1.5106043815612793,1.1885350942611694,1.3650540113449097,1.5192641019821167,1.223031997680664,1.1559605598449707,1.5171306133270264,1.5349950790405273,2.3715739250183105,2.1520471572875977,2.3032071590423584,2.1220667362213135,1.7750977277755737,1.8776386976242065,2.012484550476074,1.7101026773452759,1.4980648756027222,1.7925297021865845,1.8414825201034546,1.512416958808899,1.6199496984481812,1.9309848546981812,1.7929084300994873,0.9169812202453613,0.6572136878967285,0.7785835266113281,1.1165388822555542,1.0640718936920166,0.9715096354484558,1.2640511989593506,1.4865388870239258,1.432822346687317,1.5040664672851562,1.8000144958496094,1.9523680210113525,1.968919277191162,2.1633222103118896,2.3985257148742676
