,A1,A2,A3,A4,A5,A6,A7,A8,A9,A10,A11,A12,A13,A14,A15,B1,B2,B3,B4,B5,B6,B7,B8,B9,B10,B11,B12,B13,B14,B15,C1,C2,C3,C4,C5,C6,C7,C8,C9,C10,C11,C12,C13,C14,C15,D1,D2,D3,D4,D5,D6,D7,D8,D9,D10,D11,D12,D13,D14,D15,E1,E2,E3,E4,E5,E6,E7,E8,E9,E10,E11,E12,E13,E14,E15
A1,0.0,0.389771968126297,0.5426476001739502,0.5785495638847351,0.6982893943786621,0.9070733189582825,1.03696608543396,1.131416916847229,1.2942887544631958,1.4616984128952026,1.5722699165344238,1.7270349264144897,1.921073079109192,2.058767318725586,2.1767075061798096,1.9079452753067017,1.7268131971359253,1.684177279472351,1.450042963027954,1.2347427606582642,1.2574495077133179,1.184558629989624,0.8612343072891235,0.7679839730262756,0.9231004118919373,0.7696890234947205,0.4239974915981293,0.6894245147705078,0.8623350858688354,0.6621195077896118,1.77240788936615,1.6881051063537598,2.0437843799591064,2.0498414039611816,1.7549582719802856,1.9516969919204712,2.2633471488952637,2.126556634902954,1.9914311170578003,2.3185501098632812,2.50639271736145,2.3526995182037354,2.4924561977386475,2.8178982734680176,2.8389580249786377,1.2456083297729492,0.9526159763336182,1.1521481275558472,1.4472156763076782,1.2979707717895508,1.1931730508804321,1.5366917848587036,1.7061645984649658,1.5657979249954224,1.6560484170913696,1.98849356174469,2.0473403930664062,2.02384877204895,2.277494192123413,2.5045130252838135,2.252802610397339,1.9649604558944702,2.0431220531463623,1.9474760293960571,1.6097229719161987,1.5562522411346436,1.695807933807373,1.4813677072525024,1.1574783325195312,1.3247872591018677,1.454487681388855,1.1239794492721558,1.0492991209030151,1.4019672870635986,1.3945033550262451
A2,0.389771968126297,0.0,0.3686697483062744,0.5398401618003845,0.5014761686325073,0.6049782037734985,0.8457998037338257,0.973771333694458,1.037627100944519,1.1962668895721436,1.3838807344436646,1.5182020664215088,1.656575322151184,1.8328533172607422,1.9896023273468018,1.794978380203247,1.577643871307373,1.6100808382034302,1.4212965965270996,1.1234363317489624,1.1586170196533203,1.206817626953125,0.8990493416786194,0.6921432018280029,0.9490842819213867,0.9436822533607483,0.6067171096801758,0.78215491771698,1.077831745147705,0.9798423051834106,1.5941696166992188,1.4366850852966309,1.7857253551483154,1.834675908088684,1.521670937538147,1.6639835834503174,2.0002713203430176,1.8993715047836304,1.726043462753296,2.027740001678467,2.2542173862457275,2.115190267562866,2.2159829139709473,2.5460190773010254,2.6071231365203857,0.9540387988090515,0.6718970537185669,0.9606641530990601,1.1914491653442383,1.0092582702636719,1.0011680126190186,1.3550816774368286,1.4652652740478516,1.357877254486084,1.5213760137557983,1.8152936697006226,1.8546198606491089,1.8965320587158203,2.1605374813079834,2.3418707847595215,1.9080721139907837,1.6234657764434814,1.6729100942611694,1.5694639682769775,1.2450268268585205,1.1824456453323364,1.3067469596862793,1.097048044204712,0.7679610848426819,0.9515478610992432,1.09096360206604,0.7832522988319397,0.7464590072631836,1.1159625053405762,1.1393901109695435
A3,0.5426476001739502,0.3686697483062744,0.0,0.3706924319267273,0.5344955921173096,0.5081355571746826,0.6082233786582947,0.849610447883606,0.9782694578170776,1.0317472219467163,1.1939547061920166,1.4101461172103882,1.5346301794052124,1.644200325012207,1.8312815427780151,1.868970513343811,1.7120944261550903,1.7825559377670288,1.5477294921875,1.2593638896942139,1.3882074356079102,1.429800033569336,1.078277826309204,0.9655320048332214,1.2605788707733154,1.19917893409729,0.8829221725463867,1.123049259185791,1.374791145324707,1.203859567642212,1.4890743494033813,1.3772072792053223,1.7398873567581177,1.834696888923645,1.5747432708740234,1.7157858610153198,2.056086540222168,2.0083200931549072,1.8727941513061523,2.1517274379730225,2.389266014099121,2.303016424179077,2.407274007797241,2.7162516117095947,2.803419589996338,1.2118607759475708,0.9877790212631226,1.3099431991577148,1.5066078901290894,1.2922066450119019,1.3260352611541748,1.688298225402832,1.752657413482666,1.6215107440948486,1.8217990398406982,2.1139025688171387,2.10758376121521,2.150801181793213,2.444049835205078,2.6039350032806396,2.0353169441223145,1.7123165130615234,1.7162854671478271,1.6710360050201416,1.3754477500915527,1.2127856016159058,1.329048991203308,1.209417700767517,0.8514520525932312,0.8959296345710754,1.1012847423553467,0.8601067066192627,0.6575132608413696,1.0180195569992065,1.1433336734771729
A4,0.5785495638847351,0.5398401618003845,0.3706924319267273,0.0,0.3830288350582123,0.5357486605644226,0.49621838331222534,0.6070973873138428,0.8499392867088318,0.9598630666732788,1.0144418478012085,1.2175060510635376,1.4218018054962158,1.5098764896392822,1.6297729015350342,1.6041823625564575,1.5014145374298096,1.5480294227600098,1.2675988674163818,1.0311847925186157,1.2195239067077637,1.2133218050003052,0.8408805727958679,0.8543805480003357,1.1620333194732666,1.052466630935669,0.8259010910987854,1.1492804288864136,1.346394658088684,1.1867700815200806,1.2609992027282715,1.2302039861679077,1.5956887006759644,1.6388330459594727,1.4102141857147217,1.6189719438552856,1.9243088960647583,1.8533605337142944,1.7817060947418213,2.0823049545288086,2.273754835128784,2.2043051719665527,2.3620526790618896,2.647871494293213,2.7044730186462402,1.4569015502929688,1.1624265909194946,1.4437025785446167,1.6355247497558594,1.3699523210525513,1.338306188583374,1.7153984308242798,1.7668455839157104,1.562177062034607,1.7453773021697998,2.066734552383423,2.0207221508026123,2.0115318298339844,2.329151153564453,2.498610019683838,2.066060781478882,1.7179043292999268,1.7827370166778564,1.7900148630142212,1.460979700088501,1.3025962114334106,1.5063931941986084,1.4172894954681396,1.0431528091430664,1.1321290731430054,1.395986795425415,1.179581642150879,1.005305528640747,1.3661359548568726,1.5079236030578613
A5,0.6982893943786621,0.5014761686325073,0.5344955921173096,0.3830288350582123,0.0,0.36635085940361023,0.5354733467102051,0.5042898654937744,0.6022375226020813,0.8330336809158325,0.9552870392799377,1.0482813119888306,1.2427806854248047,1.4205888509750366,1.5263954401016235,1.3426599502563477,1.1798733472824097,1.2597700357437134,1.0383766889572144,0.7297912836074829,0.9028686881065369,0.989637017250061,0.6652849912643433,0.5912801027297974,0.9537138342857361,0.9666097164154053,0.7823725938796997,1.0463840961456299,1.3039408922195435,1.2526804208755493,1.1077967882156372,0.9907858371734619,1.345538854598999,1.3692563772201538,1.0896092653274536,1.2872073650360107,1.5992182493209839,1.5096185207366943,1.4102518558502197,1.7179557085037231,1.9132267236709595,1.8296304941177368,1.9811029434204102,2.2725467681884766,2.3306000232696533,1.2546342611312866,0.931448757648468,1.200248122215271,1.3369837999343872,1.0325576066970825,1.0152589082717896,1.390014410018921,1.403586745262146,1.1929829120635986,1.4066877365112305,1.7100270986557007,1.6507877111434937,1.6685621738433838,1.988756775856018,2.1376500129699707,1.7098122835159302,1.372148036956787,1.477491021156311,1.4769219160079956,1.1254574060440063,1.017277479171753,1.2688602209091187,1.1661664247512817,0.8075196146965027,0.9933421611785889,1.2652294635772705,1.0742789506912231,1.0073370933532715,1.3746414184570312,1.499439001083374
A6,0.9070733189582825,0.6049782037734985,0.5081355571746826,0.5357486605644226,0.36635085940361023,0.0,0.3767971992492676,0.5325061082839966,0.5014445781707764,0.5940791368484497,0.8323627710342407,0.9745460748672485,1.0655198097229004,1.2411319017410278,1.4310566186904907,1.5111823081970215,1.35028874874115,1.5088320970535278,1.3223522901535034,0.9825416207313538,1.1691765785217285,1.3230292797088623,1.0236526727676392,0.8969709277153015,1.2627646923065186,1.3118096590042114,1.0809634923934937,1.298192024230957,1.5957854986190796,1.5264651775360107,1.0803570747375488,0.8953063488006592,1.2492306232452393,1.3707081079483032,1.1141210794448853,1.22203528881073,1.5681474208831787,1.559942364692688,1.431327223777771,1.6837552785873413,1.933558702468872,1.8904223442077637,1.987823247909546,2.274216651916504,2.3897898197174072,1.1986169815063477,0.9643458127975464,1.2956832647323608,1.3749045133590698,1.0717726945877075,1.1738479137420654,1.5281306505203247,1.4863694906234741,1.3316251039505005,1.6065847873687744,1.8593388795852661,1.7834768295288086,1.8671842813491821,2.186689615249634,2.2882697582244873,1.5906660556793213,1.2410120964050293,1.260338306427002,1.279240369796753,0.9793978929519653,0.7744088768959045,0.9862815141677856,0.9546329379081726,0.5888928771018982,0.6712156534194946,0.9918566346168518,0.8838376402854919,0.7723479866981506,1.1064685583114624,1.2979739904403687
A7,1.03696608543396,0.8457998037338257,0.6082233786582947,0.49621838331222534,0.5354733467102051,0.3767971992492676,0.0,0.37450963258743286,0.5443155169487,0.495550274848938,0.5890724658966064,0.8519114255905151,0.9849815964698792,1.0479992628097534,1.2309609651565552,1.5289689302444458,1.4626039266586304,1.6204578876495361,1.3740204572677612,1.098044514656067,1.3638466596603394,1.4623836278915405,1.1334441900253296,1.1244133710861206,1.4868277311325073,1.4609400033950806,1.2588359117507935,1.5426490306854248,1.7889268398284912,1.6666581630706787,0.9335860013961792,0.8806654810905457,1.2383873462677002,1.3703052997589111,1.2032028436660767,1.3524233102798462,1.6634242534637451,1.6860990524291992,1.6342657804489136,1.8745946884155273,2.096449136734009,2.101867198944092,2.2319905757904053,2.4850401878356934,2.5972275733947754,1.5631272792816162,1.3253682851791382,1.649806022644043,1.745080590248108,1.4312843084335327,1.4999114274978638,1.862797737121582,1.8144584894180298,1.6151450872421265,1.88027024269104,2.151228189468384,2.0380935668945312,2.0841526985168457,2.4270715713500977,2.5277202129364014,1.8449714183807373,1.4686524868011475,1.4817044734954834,1.5704725980758667,1.295061469078064,1.0386189222335815,1.2582294940948486,1.2958558797836304,0.9429540038108826,0.9259423613548279,1.2727084159851074,1.1920440196990967,0.9863734841346741,1.2911971807479858,1.5356225967407227
A8,1.131416916847229,0.973771333694458,0.849610447883606,0.6070973873138428,0.5042898654937744,0.5325061082839966,0.37450963258743286,0.0,0.37481027841567993,0.5245792269706726,0.48162391781806946,0.6144119501113892,0.866694986820221,0.9726497530937195,1.0462017059326172,1.164149522781372,1.134918212890625,1.2930043935775757,1.0398988723754883,0.7977685332298279,1.1165320873260498,1.2159054279327393,0.9293195009231567,0.9959242343902588,1.3523753881454468,1.3443771600723267,1.2353302240371704,1.5297223329544067,1.7514393329620361,1.6834665536880493,0.655739963054657,0.6642633080482483,1.0195459127426147,1.0714688301086426,0.9181594848632812,1.1421135663986206,1.4113200902938843,1.3977422714233398,1.404140830039978,1.6663377285003662,1.8378758430480957,1.8523199558258057,2.030684471130371,2.2616724967956543,2.34120512008667,1.6764580011367798,1.3854650259017944,1.6599383354187012,1.7338377237319946,1.384613037109375,1.401430368423462,1.7552173137664795,1.6840769052505493,1.4257524013519287,1.6785842180252075,1.9571155309677124,1.8044346570968628,1.8130991458892822,2.1721351146698,2.2700302600860596,1.7440129518508911,1.3620507717132568,1.4620145559310913,1.5833451747894287,1.2761421203613281,1.0752733945846558,1.378413438796997,1.4102864265441895,1.073255181312561,1.1520897150039673,1.5027832984924316,1.41570246219635,1.281843900680542,1.6056649684906006,1.8207459449768066
A9,1.2942887544631958,1.037627100944519,0.9782694578170776,0.8499392867088318,0.6022375226020813,0.5014445781707764,0.5443155169487,0.37481027841567993,0.0,0.3733678162097931,0.5350004434585571,0.5094389319419861,0.6498001217842102,0.8881903886795044,1.006943941116333,1.1126142740249634,1.0127997398376465,1.253718614578247,1.0994236469268799,0.7859416604042053,1.066794991493225,1.276025414466858,1.0566754341125488,1.019658088684082,1.3857914209365845,1.4757375717163086,1.3592808246612549,1.5850552320480347,1.8596534729003906,1.8471767902374268,0.6225571632385254,0.40383636951446533,0.7656067609786987,0.8768630027770996,0.6716844439506531,0.8130693435668945,1.12442147731781,1.1521931886672974,1.1091763973236084,1.3401942253112793,1.5547677278518677,1.5827229022979736,1.7194442749023438,1.9526116847991943,2.0707452297210693,1.5228471755981445,1.2706449031829834,1.5443449020385742,1.5411651134490967,1.1761904954910278,1.2678190469741821,1.5890717506408691,1.4528180360794067,1.228842854499817,1.5378749370574951,1.7618205547332764,1.5890616178512573,1.6656800508499146,2.0181877613067627,2.0680246353149414,1.3794152736663818,0.9935714602470398,1.0915944576263428,1.2326761484146118,0.9454129338264465,0.7402377724647522,1.0773789882659912,1.148922085762024,0.8666921854019165,0.9659650325775146,1.3177717924118042,1.297372579574585,1.2331560850143433,1.5253797769546509,1.7415465116500854
A10,1.4616984128952026,1.1962668895721436,1.0317472219467163,0.9598630666732788,0.8330336809158325,0.5940791368484497,0.495550274848938,0.5245792269706726,0.3733678162097931,0.0,0.37699031829833984,0.5312419533729553,0.5169504284858704,0.6553059816360474,0.897788405418396,1.408665657043457,1.3567020893096924,1.613717794418335,1.4438716173171997,1.1518081426620483,1.4380202293395996,1.6323291063308716,1.3801815509796143,1.343170166015625,1.7168290615081787,1.7767446041107178,1.6145566701889038,1.852702021598816,2.133962869644165,2.073233127593994,0.6758105158805847,0.5125964283943176,0.8225916028022766,1.0497841835021973,0.945639967918396,1.0016216039657593,1.3027560710906982,1.418352484703064,1.3831255435943604,1.5484408140182495,1.790852427482605,1.866538405418396,1.9657502174377441,2.177751064300537,2.338330030441284,1.67522132396698,1.4814794063568115,1.7963134050369263,1.7888317108154297,1.4443541765213013,1.5851716995239258,1.9047839641571045,1.7584660053253174,1.5713375806808472,1.8948860168457031,2.1005947589874268,1.9246611595153809,2.0249080657958984,2.374901056289673,2.4027819633483887,1.5248340368270874,1.1391503810882568,1.1256077289581299,1.3110575675964355,1.1039257049560547,0.7957556247711182,1.057387113571167,1.219746470451355,0.9550507068634033,0.9042801856994629,1.28169584274292,1.33058500289917,1.1921852827072144,1.426654577255249,1.708061933517456
A11,1.5722699165344238,1.3838807344436646,1.1939547061920166,1.0144418478012085,0.9552870392799377,0.8323627710342407,0.5890724658966064,0.48162391781806946,0.5350004434585571,0.37699031829833984,0.0,0.3782179057598114,0.5387096405029297,0.5086602568626404,0.64321368932724,1.3021657466888428,1.353871464729309,1.588132619857788,1.3717684745788574,1.163554072380066,1.5044201612472534,1.6426239013671875,1.3918147087097168,1.4547401666641235,1.8151124715805054,1.8235924243927002,1.712128758430481,1.9977303743362427,2.2314248085021973,2.153512477874756,0.44843190908432007,0.5515934824943542,0.8239582777023315,0.9889660477638245,0.9886336922645569,1.1313700675964355,1.3584355115890503,1.4631946086883545,1.5210976600646973,1.696579098701477,1.876194715499878,1.982131838798523,2.1362144947052,2.313567876815796,2.4418230056762695,1.9898719787597656,1.752750277519226,2.0486176013946533,2.0673563480377197,1.7078235149383545,1.788069486618042,2.1177239418029785,1.9807125329971313,1.737722635269165,2.0315425395965576,2.2632181644439697,2.0569188594818115,2.099907398223877,2.4678146839141846,2.5058376789093018,1.7815937995910645,1.3918567895889282,1.4313677549362183,1.6467136144638062,1.4227336645126343,1.1460490226745605,1.4303399324417114,1.5805637836456299,1.295379877090454,1.2653130292892456,1.6433137655258179,1.6580946445465088,1.4896754026412964,1.74293851852417,2.0261905193328857
A12,1.7270349264144897,1.5182020664215088,1.4101461172103882,1.2175060510635376,1.0482813119888306,0.9745460748672485,0.8519114255905151,0.6144119501113892,0.5094389319419861,0.5312419533729553,0.3782179057598114,0.0,0.3734222650527954,0.5250262022018433,0.512116014957428,1.0074074268341064,1.0764613151550293,1.3576347827911377,1.2068346738815308,1.0178288221359253,1.3562302589416504,1.5416830778121948,1.3692647218704224,1.431178092956543,1.7733734846115112,1.8384554386138916,1.782374382019043,2.0368499755859375,2.27504825592041,2.2584924697875977,0.16753989458084106,0.26865583658218384,0.48028960824012756,0.6123404502868652,0.6689708232879639,0.8218647837638855,1.0000022649765015,1.115522861480713,1.2209935188293457,1.378096103668213,1.5258322954177856,1.6612569093704224,1.8325411081314087,1.9798450469970703,2.1017048358917236,2.020026922225952,1.772122859954834,2.0264458656311035,1.9958316087722778,1.620581865310669,1.695374846458435,1.988065481185913,1.8047797679901123,1.5439907312393188,1.844039797782898,2.0426530838012695,1.7939157485961914,1.8412692546844482,2.210369110107422,2.2143232822418213,1.5483964681625366,1.170903205871582,1.2808407545089722,1.5294870138168335,1.3107267618179321,1.093685269355774,1.4290533065795898,1.58368980884552,1.3443411588668823,1.383407711982727,1.749804973602295,1.779422402381897,1.682906985282898,1.9424673318862915,2.1998019218444824
A13,1.921073079109192,1.656575322151184,1.5346301794052124,1.4218018054962158,1.2427806854248047,1.0655198097229004,0.9849815964698792,0.866694986820221,0.6498001217842102,0.5169504284858704,0.5387096405029297,0.3734222650527954,0.0,0.3796426057815552,0.5567724704742432,1.2827544212341309,1.3036412000656128,1.6261281967163086,1.5247228145599365,1.2911386489868164,1.5911167860031128,1.8257710933685303,1.6552172899246216,1.650089144706726,2.00378155708313,2.104768991470337,2.007619857788086,2.23071026802063,2.5063395500183105,2.4915404319763184,0.5136941075325012,0.36085689067840576,0.41236987709999084,0.7339985966682434,0.8044323921203613,0.7840487360954285,0.9790600538253784,1.1988438367843628,1.2528269290924072,1.3242228031158447,1.5299289226531982,1.7032933235168457,1.8048863410949707,1.937615156173706,2.1220295429229736,2.025181293487549,1.8394187688827515,2.11270809173584,2.0347776412963867,1.6737051010131836,1.8219640254974365,2.0904088020324707,1.8667176961898804,1.6643054485321045,2.0022408962249756,2.151282548904419,1.9001390933990479,2.0132789611816406,2.3660871982574463,2.3253161907196045,1.4072924852371216,1.044438123703003,1.06596839427948,1.363844394683838,1.2308834791183472,0.9689354300498962,1.2573491334915161,1.490066647529602,1.3143831491470337,1.287008285522461,1.6421139240264893,1.7505390644073486,1.6631653308868408,1.8623853921890259,2.145667791366577
A14,2.058767318725586,1.8328533172607422,1.644200325012207,1.5098764896392822,1.4205888509750366,1.2411319017410278,1.0479992628097534,0.9726497530937195,0.8881903886795044,0.6553059816360474,0.5086602568626404,0.5250262022018433,0.3796426057815552,0.0,0.3819133937358856,1.4931867122650146,1.5841678380966187,1.8791589736938477,1.7259588241577148,1.533889651298523,1.8663161993026733,2.0526041984558105,1.847312331199646,1.8895877599716187,2.248920202255249,2.296905994415283,2.1925783157348633,2.454289674758911,2.7077553272247314,2.6485612392425537,0.5968406200408936,0.6733258366584778,0.717055082321167,0.9878990650177002,1.1262928247451782,1.15137779712677,1.3016353845596313,1.5223687887191772,1.6164604425430298,1.6857147216796875,1.8646050691604614,2.0564682483673096,2.173334836959839,2.286595344543457,2.4640345573425293,2.3035402297973633,2.1142737865448,2.4086592197418213,2.363651752471924,2.003600835800171,2.135343313217163,2.426936388015747,2.22489333152771,2.0068471431732178,2.3308541774749756,2.503957748413086,2.2517921924591064,2.335391044616699,2.697655200958252,2.669189214706421,1.778312087059021,1.4202308654785156,1.408449649810791,1.7063021659851074,1.5803182125091553,1.2857861518859863,1.5361177921295166,1.7811123132705688,1.5757862329483032,1.4898273944854736,1.8558180332183838,1.9621320962905884,1.8097808361053467,1.9935296773910522,2.3098840713500977
A15,2.1767075061798096,1.9896023273468018,1.8312815427780151,1.6297729015350342,1.5263954401016235,1.4310566186904907,1.2309609651565552,1.0462017059326172,1.006943941116333,0.897788405418396,0.64321368932724,0.512116014957428,0.5567724704742432,0.3819133937358856,0.0,1.285090684890747,1.4611375331878662,1.7404758930206299,1.5922727584838867,1.4788583517074585,1.8270056247711182,1.9876089096069336,1.8256964683532715,1.9279439449310303,2.262050151824951,2.300922393798828,2.257474660873413,2.5319600105285645,2.7525742053985596,2.7142629623413086,0.4734518229961395,0.7223002910614014,0.6812261343002319,0.828890323638916,1.067686915397644,1.1617361307144165,1.219971776008606,1.4135738611221313,1.5934054851531982,1.6704468727111816,1.7738337516784668,1.9885684251785278,2.157825469970703,2.2336134910583496,2.370084762573242,2.506061315536499,2.275083541870117,2.536559820175171,2.4945807456970215,2.1203489303588867,2.2022929191589355,2.483562469482422,2.2780568599700928,2.016200304031372,2.3107759952545166,2.4888856410980225,2.2054953575134277,2.2424440383911133,2.609870195388794,2.5792815685272217,1.881860375404358,1.533963680267334,1.6031494140625,1.9082062244415283,1.7517273426055908,1.5092859268188477,1.8073350191116333,2.021240234375,1.804206132888794,1.7795711755752563,2.1497790813446045,2.221010446548462,2.086761236190796,2.3075881004333496,2.6034646034240723
B1,1.9079452753067017,1.794978380203247,1.868970513343811,1.6041823625564575,1.3426599502563477,1.5111823081970215,1.5289689302444458,1.164149522781372,1.1126142740249634,1.408665657043457,1.3021657466888428,1.0074074268341064,1.2827544212341309,1.4931867122650146,1.285090684890747,0.0,0.39028671383857727,0.5463590621948242,0.5831421613693237,0.7001263499259949,0.9102190732955933,1.044084906578064,1.1382806301116943,1.2959702014923096,1.4676647186279297,1.5847477912902832,1.7330602407455444,1.9219918251037598,2.066232442855835,2.1840243339538574,0.9243190884590149,0.982433557510376,1.0002573728561401,0.659720242023468,0.6461925506591797,0.9709204435348511,0.9234577417373657,0.6980962157249451,0.9659172892570496,1.2178653478622437,1.1268442869186401,1.166332721710205,1.4983233213424683,1.6053836345672607,1.542304515838623,2.2193915843963623,1.894212007522583,1.9809993505477905,1.945849895477295,1.6023470163345337,1.5014057159423828,1.6923549175262451,1.5345661640167236,1.1789283752441406,1.3201161623001099,1.516416311264038,1.2242642641067505,1.1004761457443237,1.4611510038375854,1.4991828203201294,1.6467921733856201,1.3922243118286133,1.7061741352081299,1.8624964952468872,1.5790804624557495,1.5969035625457764,1.972654104232788,1.9835480451583862,1.7824060916900635,2.005910634994507,2.3035380840301514,2.2330329418182373,2.2545385360717773,2.577806234359741,2.7233352661132812
B2,1.7268131971359253,1.577643871307373,1.7120944261550903,1.5014145374298096,1.1798733472824097,1.35028874874115,1.4626039266586304,1.134918212890625,1.0127997398376465,1.3567020893096924,1.353871464729309,1.0764613151550293,1.3036412000656128,1.5841678380966187,1.4611375331878662,0.39028671383857727,0.0,0.37083709239959717,0.5414186120033264,0.5028141140937805,0.6068259477615356,0.8498489856719971,0.9785986542701721,1.0374927520751953,1.1987674236297607,1.3915268182754517,1.5198475122451782,1.652605652809143,1.8331526517868042,1.9893909692764282,1.0501940250396729,0.9614986777305603,1.0282354354858398,0.7505168318748474,0.5299510359764099,0.8203116059303284,0.8582607507705688,0.5540425181388855,0.6833013892173767,1.0046329498291016,0.9713947176933289,0.9089210033416748,1.2233912944793701,1.4023569822311401,1.3472027778625488,1.8845642805099487,1.569596767425537,1.627668857574463,1.570542335510254,1.2386341094970703,1.138299822807312,1.3092387914657593,1.1448501348495483,0.7891517877578735,0.9543945789337158,1.1500225067138672,0.8761758804321289,0.7997498512268066,1.1748144626617432,1.2282110452651978,1.3754571676254272,1.1460371017456055,1.4816935062408447,1.5776340961456299,1.2779524326324463,1.362496018409729,1.7244043350219727,1.6886292695999146,1.518848180770874,1.7874690294265747,2.046133041381836,1.9649783372879028,2.0388951301574707,2.357902765274048,2.466111421585083
B3,1.684177279472351,1.6100808382034302,1.7825559377670288,1.5480294227600098,1.2597700357437134,1.5088320970535278,1.6204578876495361,1.2930043935775757,1.253718614578247,1.613717794418335,1.588132619857788,1.3576347827911377,1.6261281967163086,1.8791589736938477,1.7404758930206299,0.5463590621948242,0.37083709239959717,0.0,0.37055861949920654,0.5348597764968872,0.5066936016082764,0.6093771457672119,0.8522361516952515,0.9767032265663147,1.0331932306289673,1.1990392208099365,1.4094129800796509,1.529571533203125,1.6426783800125122,1.827873706817627,1.311659336090088,1.275485634803772,1.3802380561828613,1.0920997858047485,0.8873347640037537,1.1842070817947388,1.2186428308486938,0.8868387937545776,0.9863823652267456,1.3185856342315674,1.243625521659851,1.1070364713668823,1.4403386116027832,1.6268573999404907,1.497528076171875,1.9650076627731323,1.6195266246795654,1.621821641921997,1.6219903230667114,1.3327964544296265,1.1310428380966187,1.2849327325820923,1.214349627494812,0.8463334441184998,0.8634146451950073,1.1207395792007446,0.9202306270599365,0.6998381018638611,1.052108645439148,1.203939437866211,1.6728743314743042,1.467672348022461,1.8021453619003296,1.8514293432235718,1.5255849361419678,1.635117769241333,1.9834431409835815,1.8909708261489868,1.7006129026412964,1.9973682165145874,2.235624313354492,2.0972869396209717,2.1759438514709473,2.517751455307007,2.589257001876831
B4,1.450042963027954,1.4212965965270996,1.5477294921875,1.2675988674163818,1.0383766889572144,1.3223522901535034,1.3740204572677612,1.0398988723754883,1.0994236469268799,1.4438716173171997,1.3717684745788574,1.2068346738815308,1.5247228145599365,1.7259588241577148,1.5922727584838867,0.5831421613693237,0.5414186120033264,0.37055861949920654,0.0,0.3817882537841797,0.5350290536880493,0.49958452582359314,0.6094725131988525,0.8483319878578186,0.9635049700737,1.0231324434280396,1.2196955680847168,1.421202301979065,1.5155153274536133,1.632878303527832,1.1457792520523071,1.1810702085494995,1.3572872877120972,1.1044883728027344,0.9177151322364807,1.264137864112854,1.355652928352356,1.088639497756958,1.1921873092651367,1.533477544784546,1.5099153518676758,1.4147241115570068,1.7276266813278198,1.9277311563491821,1.8359096050262451,1.9503850936889648,1.5810133218765259,1.6408109664916992,1.7051664590835571,1.3952361345291138,1.193583607673645,1.4338420629501343,1.4067678451538086,1.0377781391143799,1.0903781652450562,1.4023412466049194,1.2370293140411377,1.0459867715835571,1.3922301530838013,1.5648962259292603,1.8394306898117065,1.5705792903900146,1.8640296459197998,1.9278206825256348,1.5767512321472168,1.6150586605072021,1.9670552015304565,1.8820171356201172,1.628989338874817,1.8946385383605957,2.161388874053955,1.9996260404586792,2.0207624435424805,2.3791611194610596,2.4720723628997803
B5,1.2347427606582642,1.1234363317489624,1.2593638896942139,1.0311847925186157,0.7297912836074829,0.9825416207313538,1.098044514656067,0.7977685332298279,0.7859416604042053,1.1518081426620483,1.163554072380066,1.0178288221359253,1.2911386489868164,1.533889651298523,1.4788583517074585,0.7001263499259949,0.5028141140937805,0.5348597764968872,0.3817882537841797,0.0,0.3700469434261322,0.5397353768348694,0.5078254342079163,0.6022361516952515,0.8370561599731445,0.9637782573699951,1.0510177612304688,1.2423229217529297,1.425149917602539,1.5287765264511108,1.0081707239151,0.9355394840240479,1.165384292602539,0.9942209124565125,0.7089663743972778,1.0214430093765259,1.2048765420913696,0.9821726679801941,0.9871033430099487,1.3407262563705444,1.4081636667251587,1.3064216375350952,1.562340497970581,1.8077303171157837,1.7800414562225342,1.6082496643066406,1.2510643005371094,1.3572667837142944,1.4037061929702759,1.0664758682250977,0.9250757098197937,1.2127459049224854,1.1613237857818604,0.8137449622154236,0.9727262258529663,1.2805472612380981,1.1313971281051636,1.0529043674468994,1.4096524715423584,1.554793119430542,1.5536259412765503,1.2626348733901978,1.529929757118225,1.575144648551941,1.2146950960159302,1.2457104921340942,1.5904972553253174,1.5026541948318481,1.2495001554489136,1.5208121538162231,1.7833925485610962,1.635981798171997,1.670921802520752,2.020646810531616,2.1178488731384277
B6,1.2574495077133179,1.1586170196533203,1.3882074356079102,1.2195239067077637,0.9028686881065369,1.1691765785217285,1.3638466596603394,1.1165320873260498,1.066794991493225,1.4380202293395996,1.5044201612472534,1.3562302589416504,1.5911167860031128,1.8663161993026733,1.8270056247711182,0.9102190732955933,0.6068259477615356,0.5066936016082764,0.5350290536880493,0.3700469434261322,0.0,0.37593740224838257,0.5358827710151672,0.5014999508857727,0.5942127704620361,0.8351866602897644,0.9730081558227539,1.0596991777420044,1.2370004653930664,1.4247808456420898,1.3605728149414062,1.2328211069107056,1.4365874528884888,1.2564594745635986,0.9313408136367798,1.1806790828704834,1.3535395860671997,1.0702215433120728,0.9943917393684387,1.3630980253219604,1.4167678356170654,1.2196663618087769,1.4633432626724243,1.741478443145752,1.6731376647949219,1.483929991722107,1.1257338523864746,1.1341472864151,1.1820472478866577,0.9004824161529541,0.6653939485549927,0.9034735560417175,0.9127275943756104,0.5693256855010986,0.6309449076652527,0.9751812815666199,0.904488742351532,0.803926408290863,1.1226391792297363,1.320374846458435,1.5452886819839478,1.3255034685134888,1.613251805305481,1.5837870836257935,1.2219446897506714,1.350206971168518,1.6590800285339355,1.49958336353302,1.297176480293274,1.6241557598114014,1.8223938941955566,1.6425589323043823,1.747143030166626,2.0914924144744873,2.125328302383423
B7,1.184558629989624,1.206817626953125,1.429800033569336,1.2133218050003052,0.989637017250061,1.3230292797088623,1.4623836278915405,1.2159054279327393,1.276025414466858,1.6323291063308716,1.6426239013671875,1.5416830778121948,1.8257710933685303,2.0526041984558105,1.9876089096069336,1.044084906578064,0.8498489856719971,0.6093771457672119,0.49958452582359314,0.5397353768348694,0.37593740224838257,0.0,0.3784380853176117,0.5437636971473694,0.49738481640815735,0.5930283665657043,0.8505960702896118,0.981547474861145,1.0476263761520386,1.2262510061264038,1.5183589458465576,1.4728546142578125,1.7005341053009033,1.4992810487747192,1.2201344966888428,1.5121031999588013,1.6677567958831787,1.3773494958877563,1.35360586643219,1.7210116386413574,1.7407327890396118,1.546320915222168,1.8136136531829834,2.076439142227173,1.970084547996521,1.6785293817520142,1.2981165647506714,1.2872648239135742,1.421962857246399,1.186678409576416,0.8931564092636108,1.128774881362915,1.2279034852981567,0.9118443727493286,0.8555788397789001,1.2273950576782227,1.2017213106155396,1.0088651180267334,1.2862610816955566,1.5452393293380737,1.9205355644226074,1.6891238689422607,1.9639294147491455,1.9332466125488281,1.5619182586669922,1.6584961414337158,1.959453821182251,1.7822667360305786,1.539398431777954,1.8511747121810913,2.050513982772827,1.8218263387680054,1.8887615203857422,2.252878189086914,2.2723495960235596
B8,0.8612343072891235,0.8990493416786194,1.078277826309204,0.8408805727958679,0.6652849912643433,1.0236526727676392,1.1334441900253296,0.9293195009231567,1.0566754341125488,1.3801815509796143,1.3918147087097168,1.3692647218704224,1.6552172899246216,1.847312331199646,1.8256964683532715,1.1382806301116943,0.9785986542701721,0.8522361516952515,0.6094725131988525,0.5078254342079163,0.5358827710151672,0.3784380853176117,0.0,0.3746398389339447,0.5296295881271362,0.48930415511131287,0.6154354810714722,0.8685555458068848,0.9799396991729736,1.047409176826477,1.3591434955596924,1.3265209197998047,1.6143943071365356,1.4782154560089111,1.199600338935852,1.4917956590652466,1.7068455219268799,1.4811217784881592,1.442791223526001,1.8055940866470337,1.8860260248184204,1.7332124710083008,1.9705555438995361,2.248030662536621,2.19651198387146,1.547141194343567,1.1596975326538086,1.2449135780334473,1.4226000308990479,1.1606853008270264,0.9303838014602661,1.253147006034851,1.3486746549606323,1.0561374425888062,1.10107421875,1.4704073667526245,1.4387785196304321,1.3145263195037842,1.6130945682525635,1.8437328338623047,1.9408581256866455,1.6579769849777222,1.87935471534729,1.8587841987609863,1.4787254333496094,1.5028984546661377,1.7914440631866455,1.627777338027954,1.330678105354309,1.6034386157989502,1.8244760036468506,1.5834654569625854,1.5941599607467651,1.967776894569397,2.013274908065796
B9,0.7679839730262756,0.6921432018280029,0.9655320048332214,0.8543805480003357,0.5912801027297974,0.8969709277153015,1.1244133710861206,0.9959242343902588,1.019658088684082,1.343170166015625,1.4547401666641235,1.431178092956543,1.650089144706726,1.8895877599716187,1.9279439449310303,1.2959702014923096,1.0374927520751953,0.9767032265663147,0.8483319878578186,0.6022361516952515,0.5014999508857727,0.5437636971473694,0.3746398389339447,0.0,0.3750108778476715,0.5379714369773865,0.5087043642997742,0.6489781737327576,0.8896923661231995,1.0034829378128052,1.462894320487976,1.325941801071167,1.6182762384414673,1.5316749811172485,1.1923620700836182,1.4115254878997803,1.6722604036331177,1.4601058959960938,1.3265260457992554,1.6819767951965332,1.8166035413742065,1.6281160116195679,1.806432843208313,2.121591806411743,2.101297616958618,1.1822571754455566,0.7943241000175476,0.8780339360237122,1.057424783706665,0.8133283853530884,0.5952086448669434,0.9485512971878052,1.0672259330749512,0.8435614109039307,0.9257327914237976,1.2751245498657227,1.2985568046569824,1.2578240633010864,1.5290218591690063,1.746416449546814,1.721744179725647,1.4685832262039185,1.6665244102478027,1.5864338874816895,1.2087211608886719,1.2794599533081055,1.5278071165084839,1.3151354789733887,1.0504502058029175,1.3638983964920044,1.5349211692810059,1.2839652299880981,1.3605036735534668,1.7207541465759277,1.7286596298217773
B10,0.9231004118919373,0.9490842819213867,1.2605788707733154,1.1620333194732666,0.9537138342857361,1.2627646923065186,1.4868277311325073,1.3523753881454468,1.3857914209365845,1.7168290615081787,1.8151124715805054,1.7733734846115112,2.00378155708313,2.248920202255249,2.262050151824951,1.4676647186279297,1.1987674236297607,1.0331932306289673,0.9635049700737,0.8370561599731445,0.5942127704620361,0.49738481640815735,0.5296295881271362,0.3750108778476715,0.0,0.37710243463516235,0.5267465710639954,0.5097301006317139,0.6492093801498413,0.8864158987998962,1.7906380891799927,1.6674083471298218,1.9348033666610718,1.805550456047058,1.4675896167755127,1.689134120941162,1.9134447574615479,1.649945855140686,1.5141754150390625,1.8742355108261108,1.9660215377807617,1.7230501174926758,1.911239743232727,2.228499174118042,2.154757499694824,1.3034605979919434,0.9345250129699707,0.8708250522613525,1.093382477760315,0.9535250663757324,0.6254876852035522,0.8770533800125122,1.099526286125183,0.9089154005050659,0.8334947228431702,1.1988309621810913,1.3021471500396729,1.2017544507980347,1.4051355123519897,1.6832011938095093,1.933484673500061,1.732169270515442,1.9544000625610352,1.8372046947479248,1.471258521080017,1.6002970933914185,1.8266894817352295,1.5712987184524536,1.3523740768432617,1.6841261386871338,1.804808259010315,1.5237404108047485,1.638621211051941,1.9876335859298706,1.9366570711135864
B11,0.7696890234947205,0.9436822533607483,1.19917893409729,1.052466630935669,0.9666097164154053,1.3118096590042114,1.4609400033950806,1.3443771600723267,1.4757375717163086,1.7767446041107178,1.8235924243927002,1.8384554386138916,2.104768991470337,2.296905994415283,2.300922393798828,1.5847477912902832,1.3915268182754517,1.1990392208099365,1.0231324434280396,0.9637782573699951,0.8351866602897644,0.5930283665657043,0.48930415511131287,0.5379714369773865,0.37710243463516235,0.0,0.375582218170166,0.5361102819442749,0.509070098400116,0.6345371007919312,1.8380069732666016,1.7835620641708374,2.0801236629486084,1.9526907205581665,1.6502127647399902,1.9116114377975464,2.138293981552124,1.889143943786621,1.8000361919403076,2.16560959815979,2.249934673309326,2.037371873855591,2.248627185821533,2.553283929824829,2.4758150577545166,1.5187413692474365,1.1492656469345093,1.1437405347824097,1.416176199913025,1.271162986755371,0.9777104258537292,1.248711347579956,1.4688818454742432,1.2570452690124512,1.19106924533844,1.5639406442642212,1.6435213088989258,1.503811001777649,1.7195404767990112,2.010049343109131,2.242018222808838,2.001211404800415,2.204216718673706,2.112452507019043,1.7384254932403564,1.8051375150680542,2.033090591430664,1.794445276260376,1.5223684310913086,1.8094056844711304,1.9524602890014648,1.643822431564331,1.6860625743865967,2.0489556789398193,2.0112242698669434
B12,0.4239974915981293,0.6067171096801758,0.8829221725463867,0.8259010910987854,0.7823725938796997,1.0809634923934937,1.2588359117507935,1.2353302240371704,1.3592808246612549,1.6145566701889038,1.712128758430481,1.782374382019043,2.007619857788086,2.1925783157348633,2.257474660873413,1.7330602407455444,1.5198475122451782,1.4094129800796509,1.2196955680847168,1.0510177612304688,0.9730081558227539,0.8505960702896118,0.6154354810714722,0.5087043642997742,0.5267465710639954,0.375582218170166,0.0,0.37503582239151,0.5302088260650635,0.5106691718101501,1.8106410503387451,1.7180501222610474,2.0452728271484375,1.9841687679290771,1.6655328273773193,1.8865114450454712,2.163621664047241,1.9640122652053833,1.830751895904541,2.1810882091522217,2.3250880241394043,2.12791109085083,2.293214797973633,2.6188149452209473,2.592486619949341,1.2549059391021729,0.9040271043777466,0.9807575941085815,1.2863188982009888,1.152243971824646,0.9397783279418945,1.2556819915771484,1.4691567420959473,1.3096760511398315,1.3237717151641846,1.674527883529663,1.761784553527832,1.6962488889694214,1.9233371019363403,2.182530403137207,2.1710457801818848,1.916808843612671,2.0627188682556152,1.9503521919250488,1.5886273384094238,1.6201175451278687,1.8018370866775513,1.5524578094482422,1.2660168409347534,1.5241353511810303,1.6445374488830566,1.315649390220642,1.340657114982605,1.6976791620254517,1.652868628501892
B13,0.6894245147705078,0.78215491771698,1.123049259185791,1.1492804288864136,1.0463840961456299,1.298192024230957,1.5426490306854248,1.5297223329544067,1.5850552320480347,1.852702021598816,1.9977303743362427,2.0368499755859375,2.23071026802063,2.454289674758911,2.5319600105285645,1.9219918251037598,1.652605652809143,1.529571533203125,1.421202301979065,1.2423229217529297,1.0596991777420044,0.981547474861145,0.8685555458068848,0.6489781737327576,0.5097301006317139,0.5361102819442749,0.37503582239151,0.0,0.3781711757183075,0.5513792634010315,2.078211545944214,1.9326882362365723,2.2392499446868896,2.175868511199951,1.8260631561279297,2.0062897205352783,2.2824926376342773,2.062758445739746,1.8777222633361816,2.218482732772827,2.3676106929779053,2.123034715652466,2.2527973651885986,2.5970351696014404,2.560971736907959,1.0991778373718262,0.7890042662620544,0.7378648519515991,1.0826406478881836,1.0561339855194092,0.8193614482879639,1.0572621822357178,1.3410638570785522,1.2630341053009033,1.2208013534545898,1.5370924472808838,1.7002509832382202,1.6596695184707642,1.8242881298065186,2.096787929534912,2.1621668338775635,1.9652622938156128,2.1116106510162354,1.939414381980896,1.5987985134124756,1.7005895376205444,1.8392457962036133,1.5342737436294556,1.3205868005752563,1.6139583587646484,1.657740831375122,1.3149001598358154,1.4296255111694336,1.7521480321884155,1.6324820518493652
