,A1,A2,A3,A4,A5,A6,A7,A8,A9,A10,A11,A12,A13,A14,A15,B1,B2,B3,B4,B5,B6,B7,B8,B9,B10,B11,B12,B13,B14,B15,C1,C2,C3,C4,C5,C6,C7,C8,C9,C10,C11,C12,C13,C14,C15,D1,D2,D3,D4,D5,D6,D7,D8,D9,D10,D11,D12,D13,D14,D15,E1,E2,E3,E4,E5,E6,E7,E8,E9,E10,E11,E12,E13,E14,E15
A1,0.0,0.39716342091560364,0.5512480735778809,0.619495153427124,0.741306722164154,0.9470598697662354,1.0989587306976318,1.2152267694473267,1.3617125749588013,1.527001976966858,1.660125494003296,1.8534282445907593,2.0323283672332764,2.1711816787719727,2.284088373184204,0.9447121024131775,0.6255044341087341,0.7390058040618896,1.0761595964431763,0.9982442855834961,0.8632186651229858,1.1776686906814575,1.397172451019287,1.319951057434082,1.3750650882720947,1.6847208738327026,1.845630168914795,1.8516188859939575,2.0596542358398438,2.2782247066497803,1.5455864667892456,1.2955646514892578,1.6265482902526855,1.8032933473587036,1.5374571084976196,1.5662821531295776,1.9415411949157715,1.9581451416015625,1.7729541063308716,1.9823487997055054,2.2891745567321777,2.2728116512298584,2.322817802429199,2.643277645111084,2.756842613220215,1.6566144227981567,1.5725147724151611,1.9280531406402588,1.8964027166366577,1.614896297454834,1.8633133172988892,2.151414632797241,1.9981460571289062,1.9141298532485962,2.2582218647003174,2.422558307647705,2.329428195953369,2.5164027214050293,2.822685718536377,2.788801908493042,0.9405339956283569,1.1033594608306885,1.3585214614868164,1.1960608959197998,1.1128084659576416,1.4803577661514282,1.6207025051116943,1.492006778717041,1.6260716915130615,1.9370968341827393,1.9884637594223022,2.0318186283111572,2.314148187637329,2.4955387115478516,2.4681460857391357
A2,0.39716342091560364,0.0,0.3869779706001282,0.5721650719642639,0.531876266002655,0.6449077129364014,0.9040343761444092,1.037593960762024,1.0889304876327515,1.2467862367630005,1.4502320289611816,1.6179815530776978,1.7497308254241943,1.931862711906433,2.070812463760376,1.0754742622375488,0.7098304033279419,0.9269704222679138,1.1705269813537598,0.9593883156776428,0.8700695037841797,1.2392338514328003,1.3598952293395996,1.2059651613235474,1.337129831314087,1.661353349685669,1.7399144172668457,1.7527676820755005,2.0193583965301514,2.199690341949463,1.4693148136138916,1.2356789112091064,1.5818554162979126,1.6750539541244507,1.36851167678833,1.4649423360824585,1.823533535003662,1.7675867080688477,1.5894192457199097,1.8562499284744263,2.1231894493103027,2.066371202468872,2.164985179901123,2.4894752502441406,2.553297281265259,1.4275659322738647,1.349647045135498,1.6729421615600586,1.582932472229004,1.30067777633667,1.584837555885315,1.83596670627594,1.651720643043518,1.6030710935592651,1.9600558280944824,2.086819648742676,2.000430107116699,2.2218945026397705,2.504930257797241,2.4550576210021973,0.6962610483169556,0.7911444306373596,1.007928490638733,0.8191289305686951,0.7196741700172424,1.0924973487854004,1.2244216203689575,1.1073955297470093,1.2514029741287231,1.5477899312973022,1.6067861318588257,1.6752687692642212,1.9456952810287476,2.11946702003479,2.1177914142608643
A3,0.5512480735778809,0.3869779706001282,0.0,0.3833010792732239,0.5463992357254028,0.5214552283287048,0.651220977306366,0.898961067199707,1.0177313089370728,1.0741379261016846,1.24762761592865,1.493018388748169,1.605244755744934,1.7239043712615967,1.8989523649215698,1.4076322317123413,1.0294415950775146,1.1473935842514038,1.4131652116775513,1.2111306190490723,1.010257601737976,1.3554388284683228,1.5076764822006226,1.2923651933670044,1.3411264419555664,1.7055833339691162,1.777684211730957,1.7057099342346191,1.9785118103027344,2.2023048400878906,1.8479666709899902,1.5921449661254883,1.9177970886230469,2.00638747215271,1.6743022203445435,1.7360202074050903,2.0931293964385986,2.0149736404418945,1.7860153913497925,2.0440876483917236,2.320739507675171,2.2137460708618164,2.2797083854675293,2.6308529376983643,2.683724880218506,1.773653268814087,1.7011553049087524,1.9999912977218628,1.865285038948059,1.5743290185928345,1.86150062084198,2.08122181892395,1.8427760601043701,1.7872895002365112,2.158051013946533,2.2454254627227783,2.105113983154297,2.347795009613037,2.6293184757232666,2.526775598526001,0.9461206793785095,1.082815408706665,1.1976956129074097,0.9024412631988525,0.8757092356681824,1.2502285242080688,1.273850917816162,1.09427809715271,1.3148279190063477,1.6037046909332275,1.569754719734192,1.6352007389068604,1.9542156457901,2.0788941383361816,2.0238423347473145
A4,0.619495153427124,0.5721650719642639,0.3833010792732239,0.0,0.3842412829399109,0.5376645922660828,0.5199190974235535,0.6485348343849182,0.8800953030586243,0.9981704354286194,1.066012978553772,1.301370620727539,1.4941716194152832,1.583876132965088,1.696151852607727,1.3653017282485962,0.9779264330863953,0.9774797558784485,1.2147200107574463,1.0383480787277222,0.7468691468238831,1.0475717782974243,1.2305691242218018,1.0168602466583252,0.9950551986694336,1.3655304908752441,1.471232533454895,1.3783372640609741,1.6232184171676636,1.8711045980453491,1.8667306900024414,1.5498820543289185,1.8247472047805786,1.9397516250610352,1.6004704236984253,1.5810985565185547,1.9388076066970825,1.8881549835205078,1.6131235361099243,1.823213815689087,2.1303467750549316,2.0238640308380127,2.033862352371216,2.3940823078155518,2.479961633682251,1.9353744983673096,1.7851099967956543,2.0811898708343506,1.9795531034469604,1.6437392234802246,1.8688346147537231,2.1162757873535156,1.8794547319412231,1.7475074529647827,2.108351945877075,2.230391025543213,2.047374963760376,2.244218587875366,2.559244155883789,2.4629757404327393,1.2473505735397339,1.3099725246429443,1.4689655303955078,1.1838650703430176,1.047556757926941,1.413554072380066,1.4680275917053223,1.2111159563064575,1.3602933883666992,1.6955957412719727,1.6578871011734009,1.6326980590820312,1.9653987884521484,2.1270339488983154,2.0220861434936523
A5,0.741306722164154,0.531876266002655,0.5463992357254028,0.3842412829399109,0.0,0.3785253167152405,0.5525615215301514,0.5330833792686462,0.6288564205169678,0.8601649403572083,0.9925718903541565,1.1271051168441772,1.321897268295288,1.4956610202789307,1.5820077657699585,1.2580151557922363,0.8641924858093262,0.9375239610671997,1.0733468532562256,0.7965378165245056,0.5903831124305725,0.9344025254249573,1.0041559934616089,0.7547335624694824,0.8650169968605042,1.2115156650543213,1.2511324882507324,1.2305881977081299,1.5181756019592285,1.6987097263336182,1.6111819744110107,1.293595790863037,1.5557034015655518,1.6189290285110474,1.2607601881027222,1.2723009586334229,1.6150695085525513,1.528590202331543,1.2642325162887573,1.5114994049072266,1.7924131155014038,1.681738018989563,1.7342290878295898,2.08597993850708,2.1498279571533203,1.6653555631637573,1.4753471612930298,1.744326114654541,1.6401262283325195,1.288611650466919,1.4959046840667725,1.7413322925567627,1.5088746547698975,1.3651617765426636,1.7251311540603638,1.8563934564590454,1.687679648399353,1.8805181980133057,2.1948459148406982,2.1205873489379883,1.145797610282898,1.0928460359573364,1.2658145427703857,1.0200469493865967,0.7794770002365112,1.1179640293121338,1.228097677230835,0.9654101133346558,1.0370203256607056,1.392720341682434,1.4124146699905396,1.3644379377365112,1.6656416654586792,1.871171474456787,1.8005812168121338
A6,0.9470598697662354,0.6449077129364014,0.5214552283287048,0.5376645922660828,0.3785253167152405,0.0,0.3777645528316498,0.5430111885070801,0.5214630961418152,0.6026282906532288,0.8423849940299988,1.0244368314743042,1.1164742708206177,1.2945411205291748,1.4616376161575317,1.5731663703918457,1.180004358291626,1.3010103702545166,1.443035364151001,1.1402708292007446,0.9644230008125305,1.2948999404907227,1.3246655464172363,1.0186759233474731,1.1291645765304565,1.4817225933074951,1.4481991529464722,1.3754420280456543,1.7055269479751587,1.876439094543457,1.8402260541915894,1.5661447048187256,1.843807339668274,1.8499475717544556,1.4789468050003052,1.5501666069030762,1.8646663427352905,1.7123428583145142,1.4584016799926758,1.7454994916915894,1.980219841003418,1.8120074272155762,1.8999452590942383,2.2567672729492188,2.2623350620269775,1.7255160808563232,1.5901756286621094,1.8184075355529785,1.636413812637329,1.3159594535827637,1.5719594955444336,1.7473195791244507,1.4584457874298096,1.3809421062469482,1.7532873153686523,1.8065550327301025,1.625324010848999,1.8808001279830933,2.154627561569214,2.026182174682617,1.117210030555725,1.0759307146072388,1.131041169166565,0.8099772334098816,0.6498076915740967,0.9676453471183777,0.9673771262168884,0.6774101257324219,0.8593423366546631,1.1732099056243896,1.122254490852356,1.130105972290039,1.4588112831115723,1.604193091392517,1.5333315134048462
A7,1.0989587306976318,0.9040343761444092,0.651220977306366,0.5199190974235535,0.5525615215301514,0.3777645528316498,0.0,0.38091349601745605,0.556128978729248,0.5158350467681885,0.6014547944068909,0.8919389247894287,1.019214153289795,1.0891404151916504,1.256922721862793,1.7925852537155151,1.3954691886901855,1.4232550859451294,1.5777851343154907,1.3206452131271362,1.051933765411377,1.3184529542922974,1.3921524286270142,1.0673338174819946,1.0545299053192139,1.4249053001403809,1.4081990718841553,1.2395144701004028,1.550459861755371,1.7740803956985474,2.148465871810913,1.8398655652999878,2.0891060829162598,2.1217823028564453,1.7481262683868408,1.7531834840774536,2.065138578414917,1.9287431240081787,1.6268621683120728,1.865824818611145,2.122938871383667,1.9279979467391968,1.9511284828186035,2.326000690460205,2.3464808464050293,2.096895933151245,1.9425030946731567,2.169469118118286,1.9930133819580078,1.6605587005615234,1.8826831579208374,2.0560991764068604,1.751529335975647,1.632405400276184,1.992834210395813,2.0399627685546875,1.8019869327545166,2.0361390113830566,2.3221261501312256,2.159430980682373,1.4513740539550781,1.4477052688598633,1.4938358068466187,1.1494320631027222,1.02379310131073,1.3199961185455322,1.2692683935165405,0.9368354082107544,1.118544340133667,1.4214028120040894,1.2910189628601074,1.2380685806274414,1.603591799736023,1.718172311782837,1.5637840032577515
A8,1.2152267694473267,1.037593960762024,0.898961067199707,0.6485348343849182,0.5330833792686462,0.5430111885070801,0.38091349601745605,0.0,0.3718602955341339,0.5360353589057922,0.4962966740131378,0.6606818437576294,0.9114847183227539,1.0164244174957275,1.0723214149475098,1.7267351150512695,1.3481650352478027,1.3283096551895142,1.3984798192977905,1.1340092420578003,0.8661403059959412,1.068569540977478,1.0864126682281494,0.7384144067764282,0.7194311618804932,1.0713903903961182,1.0289322137832642,0.8700053095817566,1.1951059103012085,1.398561954498291,2.0455126762390137,1.7063438892364502,1.8978971242904663,1.9239094257354736,1.5520740747451782,1.50254225730896,1.790295124053955,1.660736083984375,1.3284735679626465,1.5337084531784058,1.7973233461380005,1.5985257625579834,1.5882126092910767,1.9664599895477295,2.0053510665893555,2.0963025093078613,1.8743418455123901,2.0812954902648926,1.9394433498382568,1.5785523653030396,1.7298212051391602,1.9210846424102783,1.6334712505340576,1.4411612749099731,1.7791520357131958,1.8646657466888428,1.5993614196777344,1.779406189918518,2.0956997871398926,1.9573767185211182,1.6176328659057617,1.5372132062911987,1.6307920217514038,1.3348687887191772,1.1055783033370972,1.3659465312957764,1.382568597793579,1.0225040912628174,1.0746304988861084,1.4146605730056763,1.3321956396102905,1.176875352859497,1.5196058750152588,1.7005993127822876,1.5290879011154175
A9,1.3617125749588013,1.0889304876327515,1.0177313089370728,0.8800953030586243,0.6288564205169678,0.5214630961418152,0.556128978729248,0.3718602955341339,0.0,0.37689408659935,0.5367864966392517,0.5481874346733093,0.7099353671073914,0.9454662203788757,1.028083324432373,1.7932844161987305,1.4240624904632568,1.484993577003479,1.5069950819015503,1.1756751537322998,1.0159484148025513,1.24665105342865,1.160124659538269,0.7898318767547607,0.9183435440063477,1.2127685546875,1.0669869184494019,0.9834234714508057,1.3515973091125488,1.4650294780731201,1.9583351612091064,1.6562726497650146,1.8449865579605103,1.7977290153503418,1.4172049760818481,1.4360942840576172,1.68582284450531,1.48642098903656,1.184999942779541,1.4511985778808594,1.6517469882965088,1.4170793294906616,1.4842991828918457,1.8487870693206787,1.8262922763824463,1.9107236862182617,1.6925973892211914,1.8478436470031738,1.6664061546325684,1.3208017349243164,1.4734325408935547,1.6159803867340088,1.3016998767852783,1.1361171007156372,1.477957010269165,1.5228341817855835,1.2607284784317017,1.4817910194396973,1.7730283737182617,1.6236505508422852,1.5407603979110718,1.3887896537780762,1.4347460269927979,1.1648484468460083,0.9060393571853638,1.0873373746871948,1.096911072731018,0.7276408672332764,0.7224499583244324,1.0563937425613403,0.9944190382957458,0.825394868850708,1.1562241315841675,1.357242465019226,1.2245835065841675
A10,1.527001976966858,1.2467862367630005,1.0741379261016846,0.9981704354286194,0.8601649403572083,0.6026282906532288,0.5158350467681885,0.5360353589057922,0.37689408659935,0.0,0.37939453125,0.5449990630149841,0.5345684289932251,0.7059033513069153,0.9162628650665283,2.0943734645843506,1.709036946296692,1.775924563407898,1.8446109294891357,1.5248101949691772,1.3323473930358887,1.5698623657226562,1.5197139978408813,1.146992564201355,1.2094080448150635,1.5176644325256348,1.3661353588104248,1.2025959491729736,1.5653389692306519,1.703859806060791,2.279539108276367,1.9948835372924805,2.2063279151916504,2.1517722606658936,1.7704088687896729,1.8101950883865356,2.0561752319335938,1.8382717370986938,1.5464420318603516,1.8119357824325562,1.9925645589828491,1.7257503271102905,1.7904677391052246,2.153109073638916,2.0968360900878906,2.138599395751953,1.9702115058898926,2.113201379776001,1.883439064025879,1.5722386837005615,1.762229561805725,1.8537907600402832,1.5048974752426147,1.4019525051116943,1.7357656955718994,1.708885908126831,1.4315794706344604,1.6959823369979858,1.940887451171875,1.7269840240478516,1.6542917490005493,1.5515531301498413,1.5170996189117432,1.1938107013702393,1.0415278673171997,1.20280122756958,1.0885601043701172,0.7101284861564636,0.8365246057510376,1.0826114416122437,0.8889315128326416,0.7669950723648071,1.1447632312774658,1.2406269311904907,1.0546412467956543
A11,1.660125494003296,1.4502320289611816,1.24762761592865,1.066012978553772,0.9925718903541565,0.8423849940299988,0.6014547944068909,0.4962966740131378,0.5367864966392517,0.37939453125,0.0,0.38317736983299255,0.5350103974342346,0.5289718508720398,0.6563776135444641,2.215907335281372,1.83543860912323,1.8238805532455444,1.8784343004226685,1.6018532514572144,1.3527950048446655,1.5140403509140015,1.4854718446731567,1.1196582317352295,1.0739364624023438,1.3624285459518433,1.2223691940307617,0.9698171019554138,1.303816556930542,1.481061577796936,2.472628593444824,2.1501433849334717,2.324711322784424,2.301182270050049,1.9252163171768188,1.891739010810852,2.1301462650299072,1.944284200668335,1.6109473705291748,1.8114244937896729,2.0167384147644043,1.74154531955719,1.7261182069778442,2.0983402729034424,2.0734312534332275,2.4342026710510254,2.2280077934265137,2.3808577060699463,2.1839399337768555,1.8494478464126587,1.9923454523086548,2.107524871826172,1.7731748819351196,1.6063669919967651,1.9157564640045166,1.9179136753082275,1.5976173877716064,1.801079273223877,2.071723699569702,1.8543437719345093,1.95281183719635,1.8631852865219116,1.8688035011291504,1.544540524482727,1.3694877624511719,1.5521479845046997,1.4645344018936157,1.0830501317977905,1.1565816402435303,1.4144556522369385,1.219655990600586,1.018231749534607,1.379299521446228,1.4833065271377563,1.2240467071533203
A12,1.8534282445907593,1.6179815530776978,1.493018388748169,1.301370620727539,1.1271051168441772,1.0244368314743042,0.8919389247894287,0.6606818437576294,0.5481874346733093,0.5449990630149841,0.38317736983299255,0.0,0.3816232681274414,0.5312390327453613,0.4906062185764313,2.264838457107544,1.909356713294983,1.9048423767089844,1.8827173709869385,1.5848132371902466,1.3982396125793457,1.5172048807144165,1.3953876495361328,1.0329115390777588,1.0500729084014893,1.2560456991195679,1.0194363594055176,0.8165619373321533,1.174078345298767,1.2584681510925293,2.41831636428833,2.102341413497925,2.2266428470611572,2.1590328216552734,1.7958288192749023,1.7546457052230835,1.9367400407791138,1.7202138900756836,1.3920280933380127,1.5794227123260498,1.737283706665039,1.4283137321472168,1.4200233221054077,1.7788914442062378,1.7226818799972534,2.401780128479004,2.1573963165283203,2.2615201473236084,2.073495626449585,1.7428089380264282,1.8218668699264526,1.9113472700119019,1.5862916707992554,1.381750464439392,1.6483521461486816,1.64762544631958,1.2982732057571411,1.4656051397323608,1.7377116680145264,1.5237516164779663,2.0819294452667236,1.9210326671600342,1.9334421157836914,1.658255696296692,1.423802375793457,1.536207675933838,1.4879213571548462,1.1143651008605957,1.0645527839660645,1.3081955909729004,1.160654067993164,0.859108567237854,1.1666890382766724,1.3297475576400757,1.069278359413147
A13,2.0323283672332764,1.7497308254241943,1.605244755744934,1.4941716194152832,1.321897268295288,1.1164742708206177,1.019214153289795,0.9114847183227539,0.7099353671073914,0.5345684289932251,0.5350103974342346,0.3816232681274414,0.0,0.38190510869026184,0.5423734784126282,2.498662233352661,2.133601427078247,2.179668664932251,2.1773030757904053,1.850907564163208,1.6897817850112915,1.853929877281189,1.724091649055481,1.3545269966125488,1.4127243757247925,1.6280314922332764,1.373294711112976,1.1931406259536743,1.5454375743865967,1.6030118465423584,2.590855598449707,2.3103346824645996,2.458878993988037,2.3510901927948,1.9856408834457397,2.0054543018341064,2.1740059852600098,1.9118211269378662,1.6234936714172363,1.8524754047393799,1.9606431722640991,1.6265497207641602,1.6793372631072998,2.0141379833221436,1.8943675756454468,2.452425003051758,2.2512378692626953,2.320192337036133,2.078158140182495,1.7896101474761963,1.9002809524536133,1.922579288482666,1.5651335716247559,1.4383530616760254,1.6956126689910889,1.608771562576294,1.2657434940338135,1.4999679327011108,1.7022467851638794,1.426511526107788,2.1188406944274902,1.9561623334884644,1.8934545516967773,1.6135005950927734,1.4378653764724731,1.4880987405776978,1.3582483530044556,1.0115652084350586,1.0027087926864624,1.1490530967712402,0.918695330619812,0.632941722869873,0.9483265280723572,1.0227264165878296,0.7225645184516907
A14,2.1711816787719727,1.931862711906433,1.7239043712615967,1.583876132965088,1.4956610202789307,1.2945411205291748,1.0891404151916504,1.0164244174957275,0.9454662203788757,0.7059033513069153,0.5289718508720398,0.5312390327453613,0.38190510869026184,0.0,0.3764357566833496,2.713531494140625,2.337583303451538,2.339475154876709,2.3650054931640625,2.072169303894043,1.853675365447998,1.9892001152038574,1.9089220762252808,1.5446964502334595,1.5120996236801147,1.7323596477508545,1.5135654211044312,1.24782395362854,1.5550073385238647,1.6652860641479492,2.890795946121216,2.587540626525879,2.738280773162842,2.6640570163726807,2.2952044010162354,2.2778851985931396,2.4616894721984863,2.227802038192749,1.913231611251831,2.1039483547210693,2.2398672103881836,1.9077421426773071,1.899269461631775,2.240034341812134,2.145282030105591,2.7835097312927246,2.585165023803711,2.6782724857330322,2.4422860145568848,2.143698215484619,2.2609777450561523,2.2998881340026855,1.9442174434661865,1.805475115776062,2.0613536834716797,1.982933521270752,1.6299289464950562,1.8357856273651123,2.039151191711426,1.751132845878601,2.3576059341430664,2.241373062133789,2.181215286254883,1.8663831949234009,1.72346031665802,1.8174339532852173,1.662102460861206,1.309802770614624,1.3589133024215698,1.5070236921310425,1.2373069524765015,0.9958918690681458,1.303077220916748,1.3167271614074707,0.9686799049377441
A15,2.284088373184204,2.070812463760376,1.8989523649215698,1.696151852607727,1.5820077657699585,1.4616376161575317,1.256922721862793,1.0723214149475098,1.028083324432373,0.9162628650665283,0.6563776135444641,0.4906062185764313,0.5423734784126282,0.3764357566833496,0.0,2.727904796600342,2.3733770847320557,2.3344662189483643,2.3101887702941895,2.039438247680664,1.828083872795105,1.8957644701004028,1.7845903635025024,1.4484611749649048,1.388116717338562,1.5369702577590942,1.290692687034607,1.0137572288513184,1.2837265729904175,1.3589317798614502,2.898015022277832,2.5762507915496826,2.6773130893707275,2.606727123260498,2.2549633979797363,2.1872782707214355,2.337186574935913,2.1211016178131104,1.79312264919281,1.9264743328094482,2.054994583129883,1.718991994857788,1.6548981666564941,1.9833829402923584,1.9052497148513794,2.8814549446105957,2.637228488922119,2.7205238342285156,2.5215957164764404,2.2060141563415527,2.263573408126831,2.318882942199707,1.9904428720474243,1.7906171083450317,2.008681058883667,1.9678789377212524,1.5910812616348267,1.7215399742126465,1.949336051940918,1.6871726512908936,2.542672872543335,2.3959193229675293,2.3803858757019043,2.0894594192504883,1.8885866403579712,1.9804904460906982,1.8839443922042847,1.5213518142700195,1.4900914430618286,1.667956829071045,1.4584696292877197,1.1451406478881836,1.4057697057724,1.4898598194122314,1.1460111141204834
B1,0.9447121024131775,1.0754742622375488,1.4076322317123413,1.3653017282485962,1.2580151557922363,1.5731663703918457,1.7925852537155151,1.7267351150512695,1.7932844161987305,2.0943734645843506,2.215907335281372,2.264838457107544,2.498662233352661,2.713531494140625,2.727904796600342,0.0,0.3984566330909729,0.5473233461380005,0.6148380041122437,0.7415352463722229,0.9443061351776123,1.0889668464660645,1.2117573022842407,1.369015097618103,1.528714656829834,1.6573693752288818,1.850116491317749,2.0316638946533203,2.1646456718444824,2.275230884552002,0.8304085731506348,0.6142985820770264,0.870133101940155,1.1670920848846436,1.0858396291732788,1.0763026475906372,1.3953583240509033,1.5594289302825928,1.5139353275299072,1.6330969333648682,1.9139564037322998,2.0552115440368652,2.12009334564209,2.3396718502044678,2.516317844390869,1.381261944770813,1.2009940147399902,1.5624949932098389,1.7228758335113525,1.4876459836959839,1.5855183601379395,1.945867657661438,1.9577085971832275,1.8287063837051392,2.0690884590148926,2.346099376678467,2.3467586040496826,2.420346736907959,2.733150005340576,2.826428174972534,1.311348795890808,1.2822911739349365,1.659914255142212,1.691684365272522,1.4796583652496338,1.7250488996505737,2.0221714973449707,1.950093150138855,1.9091334342956543,2.2152671813964844,2.405559539794922,2.394165277481079,2.5760836601257324,2.8538331985473633,2.885587453842163
B2,0.6255044341087341,0.7098304033279419,1.0294415950775146,0.9779264330863953,0.8641924858093262,1.180004358291626,1.3954691886901855,1.3481650352478027,1.4240624904632568,1.709036946296692,1.83543860912323,1.909356713294983,2.133601427078247,2.337583303451538,2.3733770847320557,0.3984566330909729,0.0,0.3815828859806061,0.5681303143501282,0.5307912230491638,0.6408576965332031,0.8947524428367615,1.0332024097442627,1.0939158201217651,1.250020980834961,1.450411081314087,1.6175789833068848,1.7509539127349854,1.9267903566360474,2.06545352935791,0.9977168440818787,0.7027170062065125,1.011739730834961,1.2327237129211426,1.0266039371490479,1.0304174423217773,1.3960987329483032,1.4819860458374023,1.3620537519454956,1.5337293148040771,1.8319200277328491,1.900916576385498,1.9653737545013428,2.234131097793579,2.3812670707702637,1.3621695041656494,1.1739330291748047,1.536547303199768,1.6123334169387817,1.325803518295288,1.4772087335586548,1.8209400177001953,1.7590757608413696,1.6264344453811646,1.9159774780273438,2.157371759414673,2.113251209259033,2.226350784301758,2.545635223388672,2.5918760299682617,1.0921212434768677,1.0685739517211914,1.4223783016204834,1.3832200765609741,1.1616193056106567,1.4521427154541016,1.714097261428833,1.6036819219589233,1.5949593782424927,1.9194278717041016,2.071343183517456,2.059216260910034,2.2741734981536865,2.53330397605896,2.542022228240967
B3,0.7390058040618896,0.9269704222679138,1.1473935842514038,0.9774797558784485,0.9375239610671997,1.3010103702545166,1.4232550859451294,1.3283096551895142,1.484993577003479,1.775924563407898,1.8238805532455444,1.9048423767089844,2.179668664932251,2.339475154876709,2.3344662189483643,0.5473233461380005,0.3815828859806061,0.0,0.38333258032798767,0.5468866229057312,0.5175612568855286,0.6428318023681641,0.894940972328186,1.0205539464950562,1.0755258798599243,1.2466545104980469,1.4905086755752563,1.6053855419158936,1.7181613445281982,1.8913344144821167,1.2576022148132324,0.9169711470603943,1.1205567121505737,1.3957819938659668,1.2014200687408447,1.079648733139038,1.4420210123062134,1.580062985420227,1.4080986976623535,1.500751256942749,1.8437515497207642,1.9216420650482178,1.91096830368042,2.185258626937866,2.3795714378356934,1.7259441614151,1.5002261400222778,1.8448926210403442,1.9320825338363647,1.6180661916732788,1.7212516069412231,2.075140953063965,2.001559019088745,1.8106465339660645,2.0900957584381104,2.3512444496154785,2.261716365814209,2.3371918201446533,2.6841025352478027,2.7252743244171143,1.4345943927764893,1.427127718925476,1.764154314994812,1.6754604578018188,1.4389158487319946,1.7461408376693726,1.984795093536377,1.8150739669799805,1.8004393577575684,2.1516354084014893,2.270462989807129,2.2071547508239746,2.446190595626831,2.712937116622925,2.6733291149139404
B4,1.0761595964431763,1.1705269813537598,1.4131652116775513,1.2147200107574463,1.0733468532562256,1.443035364151001,1.5777851343154907,1.3984798192977905,1.5069950819015503,1.8446109294891357,1.8784343004226685,1.8827173709869385,2.1773030757904053,2.3650054931640625,2.3101887702941895,0.6148380041122437,0.5681303143501282,0.38333258032798767,0.0,0.3852449059486389,0.5373243689537048,0.5148378610610962,0.6465381383895874,0.8866868019104004,0.9995520114898682,1.0644557476043701,1.2965480089187622,1.4926276206970215,1.5795040130615234,1.6873482465744019,1.1205843687057495,0.7457908391952515,0.8341169357299805,1.1218029260635376,0.9649084806442261,0.7609453797340393,1.0993297100067139,1.286672830581665,1.1376614570617676,1.1751713752746582,1.516926646232605,1.641799807548523,1.6225730180740356,1.8628249168395996,2.080838680267334,1.7043370008468628,1.4087953567504883,1.7134575843811035,1.8442208766937256,1.5269099473953247,1.545177698135376,1.9118834733963013,1.8791478872299194,1.644681692123413,1.8771487474441528,2.176661968231201,2.098156213760376,2.117467164993286,2.4713869094848633,2.5524659156799316,1.6285613775253296,1.5304309129714966,1.8735358715057373,1.8198801279067993,1.5245803594589233,1.7757970094680786,2.0510730743408203,1.8764454126358032,1.7841227054595947,2.133383274078369,2.289469003677368,2.1822328567504883,2.381307363510132,2.6853604316711426,2.6538453102111816
B5,0.9982442855834961,0.9593883156776428,1.2111306190490723,1.0383480787277222,0.7965378165245056,1.1402708292007446,1.3206452131271362,1.1340092420578003,1.1756751537322998,1.5248101949691772,1.6018532514572144,1.5848132371902466,1.850907564163208,2.072169303894043,2.039438247680664,0.7415352463722229,0.5307912230491638,0.5468866229057312,0.3852449059486389,0.0,0.3815060257911682,0.5526492595672607,0.5326175093650818,0.6379176378250122,0.8665252327919006,0.9971286654472351,1.127171516418457,1.3233011960983276,1.495219111442566,1.579248070716858,1.0474025011062622,0.6561615467071533,0.8186440467834473,0.9850579500198364,0.7167375683784485,0.5951175689697266,0.9717687368392944,1.0501943826675415,0.8706225752830505,1.0159764289855957,1.3349486589431763,1.3979666233062744,1.437541127204895,1.710076928138733,1.8695915937423706,1.4794865846633911,1.1689597368240356,1.4560127258300781,1.532474160194397,1.1895458698272705,1.233842372894287,1.585560917854309,1.516116976737976,1.2885185480117798,1.55254328250885,1.8270996809005737,1.7425358295440674,1.7981077432632446,2.144684314727783,2.205632209777832,1.4062176942825317,1.2520785331726074,1.5677597522735596,1.5047672986984253,1.1801949739456177,1.41422438621521,1.688093900680542,1.5098689794540405,1.4005571603775024,1.7491462230682373,1.9110991954803467,1.8082174062728882,2.0014021396636963,2.3047080039978027,2.2868711948394775
B6,0.8632186651229858,0.8700695037841797,1.010257601737976,0.7468691468238831,0.5903831124305725,0.9644230008125305,1.051933765411377,0.8661403059959412,1.0159484148025513,1.3323473930358887,1.3527950048446655,1.3982396125793457,1.6897817850112915,1.853675365447998,1.828083872795105,0.9443061351776123,0.6408576965332031,0.5175612568855286,0.5373243689537048,0.3815060257911682,0.0,0.3760623335838318,0.5423995852470398,0.5269699692726135,0.6099570393562317,0.849238932132721,1.0294901132583618,1.1215230226516724,1.2942209243774414,1.4620108604431152,1.4059122800827026,1.0219565629959106,1.192819595336914,1.3581891059875488,1.0632233619689941,0.9204902648925781,1.2802143096923828,1.3265794515609741,1.0635687112808228,1.190682291984558,1.5377553701400757,1.5327693223953247,1.5112953186035156,1.8308820724487305,1.9916250705718994,1.7566230297088623,1.481264352798462,1.7709935903549194,1.7895466089248657,1.426849603652954,1.5150660276412964,1.8372817039489746,1.6992307901382446,1.4651826620101929,1.763515830039978,1.9978972673416138,1.8479357957839966,1.929548740386963,2.2869057655334473,2.2912228107452393,1.467017650604248,1.3813241720199585,1.6583948135375977,1.5075318813323975,1.2129849195480347,1.505605936050415,1.710451364517212,1.470656156539917,1.42550528049469,1.7956115007400513,1.8828316926956177,1.7648240327835083,2.0174410343170166,2.2887513637542725,2.21478009223938
B7,1.1776686906814575,1.2392338514328003,1.3554388284683228,1.0475717782974243,0.9344025254249573,1.2948999404907227,1.3184529542922974,1.068569540977478,1.24665105342865,1.5698623657226562,1.5140403509140015,1.5172048807144165,1.853929877281189,1.9892001152038574,1.8957644701004028,1.0889668464660645,0.8947524428367615,0.6428318023681641,0.5148378610610962,0.5526492595672607,0.3760623335838318,0.0,0.383099228143692,0.563015878200531,0.5205351710319519,0.608122706413269,0.8959155082702637,1.0247102975845337,1.0912717580795288,1.2568364143371582,1.556187629699707,1.160765290260315,1.2207173109054565,1.4235860109329224,1.1844435930252075,0.9255222678184509,1.2362439632415771,1.3538684844970703,1.0797104835510254,1.0829378366470337,1.4600104093551636,1.4951353073120117,1.3907324075698853,1.687846302986145,1.9086288213729858,2.0302252769470215,1.717163324356079,1.9846025705337524,2.0446054935455322,1.6825628280639648,1.6973215341567993,2.0284581184387207,1.9190754890441895,1.6346635818481445,1.8848539590835571,2.1527795791625977,1.985803246498108,1.9997755289077759,2.3748416900634766,2.4025652408599854,1.8308532238006592,1.7319884300231934,2.017791509628296,1.8760614395141602,1.5665342807769775,1.8332788944244385,2.0453097820281982,1.7872025966644287,1.7022236585617065,2.072561502456665,2.1603012084960938,1.9910547733306885,2.228999376296997,2.520430564880371,2.4200327396392822
B8,1.397172451019287,1.3598952293395996,1.5076764822006226,1.2305691242218018,1.0041559934616089,1.3246655464172363,1.3921524286270142,1.0864126682281494,1.160124659538269,1.5197139978408813,1.4854718446731567,1.3953876495361328,1.724091649055481,1.9089220762252808,1.7845903635025024,1.2117573022842407,1.0332024097442627,0.894940972328186,0.6465381383895874,0.5326175093650818,0.5423995852470398,0.383099228143692,0.0,0.3770527243614197,0.533893346786499,0.49750348925590515,0.6561055779457092,0.9071857333183289,1.0140682458877563,1.067070722579956,1.4619101285934448,1.076902985572815,1.0707263946533203,1.1916961669921875,0.9440138339996338,0.6544638276100159,0.9196248650550842,1.005708932876587,0.7147632837295532,0.7063972353935242,1.0807039737701416,1.116996169090271,1.0322893857955933,1.3257185220718384,1.5356898307800293,1.919486165046692,1.5651336908340454,1.7755794525146484,1.8387649059295654,1.4780502319335938,1.427866816520691,1.745012640953064,1.6527774333953857,1.3346549272537231,1.5483217239379883,1.8329554796218872,1.6710411310195923,1.6469553709030151,2.0243568420410156,2.0785434246063232,1.8786667585372925,1.7005077600479126,1.9685643911361694,1.857992172241211,1.506398320198059,1.706151008605957,1.9397788047790527,1.6877647638320923,1.5277197360992432,1.8827975988388062,2.0058510303497314,1.8033040761947632,1.994097352027893,2.3158693313598633,2.23490834236145
B9,1.319951057434082,1.2059651613235474,1.2923651933670044,1.0168602466583252,0.7547335624694824,1.0186759233474731,1.0673338174819946,0.7384144067764282,0.7898318767547607,1.146992564201355,1.1196582317352295,1.0329115390777588,1.3545269966125488,1.5446964502334595,1.4484611749649048,1.369015097618103,1.0939158201217651,1.0205539464950562,0.8866868019104004,0.6379176378250122,0.5269699692726135,0.563015878200531,0.3770527243614197,0.0,0.3746567964553833,0.5424628853797913,0.5486558675765991,0.7017136812210083,0.9386517405509949,1.0248063802719116,1.598198652267456,1.2248018980026245,1.2980926036834717,1.3467451333999634,1.0214064121246338,0.8454294800758362,1.1128318309783936,1.0691003799438477,0.7204294800758362,0.8434032201766968,1.1671323776245117,1.0797629356384277,1.0353456735610962,1.3869274854660034,1.5183258056640625,1.892851710319519,1.565425992012024,1.7616894245147705,1.744828224182129,1.3668068647384644,1.3739063739776611,1.6471015214920044,1.478070616722107,1.1739387512207031,1.4411849975585938,1.664697289466858,1.454647183418274,1.4950038194656372,1.8664014339447021,1.8590660095214844,1.7455557584762573,1.566343903541565,1.7793868780136108,1.6188479661941528,1.2724720239639282,1.4758331775665283,1.659305214881897,1.3700426816940308,1.2301061153411865,1.5927246809005737,1.6727581024169922,1.4618443250656128,1.6863903999328613,1.986737847328186,1.8843584060668945
B10,1.3750650882720947,1.337129831314087,1.3411264419555664,0.9950551986694336,0.8650169968605042,1.1291645765304565,1.0545299053192139,0.7194311618804932,0.9183435440063477,1.2094080448150635,1.0739364624023438,1.0500729084014893,1.4127243757247925,1.5120996236801147,1.388116717338562,1.528714656829834,1.250020980834961,1.0755258798599243,0.9995520114898682,0.8665252327919006,0.6099570393562317,0.5205351710319519,0.533893346786499,0.3746567964553833,0.0,0.38109320402145386,0.5474671721458435,0.5344236493110657,0.6971946358680725,0.9107873439788818,1.8953814506530762,1.5062613487243652,1.5745124816894531,1.6757961511611938,1.3713996410369873,1.1520161628723145,1.4128410816192627,1.412011742591858,1.057370662689209,1.0934171676635742,1.4345598220825195,1.339697241783142,1.2011072635650635,1.5564122200012207,1.7216120958328247,2.222886323928833,1.9101097583770752,2.1267406940460205,2.106490135192871,1.7265640497207642,1.7483457326889038,2.0171961784362793,1.8308160305023193,1.528825283050537,1.7913728952407837,1.9982699155807495,1.751607894897461,1.783584713935852,2.156325340270996,2.117767810821533,1.958741307258606,1.8377418518066406,2.0455918312072754,1.838469386100769,1.5279086828231812,1.7715263366699219,1.9108710289001465,1.5880752801895142,1.5046275854110718,1.8687386512756348,1.8882019519805908,1.6626613140106201,1.9267477989196777,2.195465564727783,2.0363900661468506
B11,1.6847208738327026,1.661353349685669,1.7055833339691162,1.3655304908752441,1.2115156650543213,1.4817225933074951,1.4249053001403809,1.0713903903961182,1.2127685546875,1.5176644325256348,1.3624285459518433,1.2560456991195679,1.6280314922332764,1.7323596477508545,1.5369702577590942,1.6573693752288818,1.450411081314087,1.2466545104980469,1.0644557476043701,0.9971286654472351,0.849238932132721,0.608122706413269,0.49750348925590515,0.5424628853797913,0.38109320402145386,0.0,0.3841467499732971,0.5374909043312073,0.527256429195404,0.6497277617454529,1.958764672279358,1.574344277381897,1.5484297275543213,1.6492903232574463,1.401241660118103,1.1087853908538818,1.2906396389007568,1.3394708633422852,1.0010346174240112,0.9060970544815063,1.2485145330429077,1.1996442079544067,0.9770396947860718,1.2958984375,1.5205575227737427,2.3796987533569336,2.028817892074585,2.213794469833374,2.237542152404785,1.867843747138977,1.8114339113235474,2.0833756923675537,1.9428023099899292,1.6003508567810059,1.7965589761734009,2.040862560272217,1.8002389669418335,1.749358892440796,2.130114793777466,2.1351542472839355,2.2502596378326416,2.093125104904175,2.3190228939056396,2.147935152053833,1.810934066772461,2.014251232147217,2.1842007637023926,1.8728344440460205,1.729231595993042,2.079193353652954,2.1303727626800537,1.8667094707489014,2.082932710647583,2.3817391395568848,2.2253918647766113
B12,1.845630168914795,1.7399144172668457,1.777684211730957,1.471232533454895,1.2511324882507324,1.4481991529464722,1.4081990718841553,1.0289322137832642,1.0669869184494019,1.3661353588104248,1.2223691940307617,1.0194363594055176,1.373294711112976,1.5135654211044312,1.290692687034607,1.850116491317749,1.6175789833068848,1.4905086755752563,1.2965480089187622,1.127171516418457,1.0294901132583618,0.8959155082702637,0.6561055779457092,0.5486558675765991,0.5474671721458435,0.3841467499732971,0.0,0.3839414119720459,0.5340834259986877,0.48828279972076416,2.0169332027435303,1.6563024520874023,1.6259406805038452,1.6365126371383667,1.3658928871154785,1.1263794898986816,1.2485320568084717,1.1980030536651611,0.8413823246955872,0.7876815795898438,1.0568363666534424,0.9099208116531372,0.6957579255104065,1.0567442178726196,1.2153559923171997,2.344090700149536,1.9878231287002563,2.116642951965332,2.102264642715454,1.741469144821167,1.6604286432266235,1.8807138204574585,1.7170860767364502,1.3633886575698853,1.5357558727264404,1.748123288154602,1.476747989654541,1.4135026931762695,1.7882055044174194,1.7763067483901978,2.2758052349090576,2.071653127670288,2.2521588802337646,2.0839028358459473,1.7352643013000488,1.8796334266662598,2.029827356338501,1.7131478786468506,1.5245208740234375,1.8458991050720215,1.8946541547775269,1.5931156873703003,1.7775453329086304,2.0839498043060303,1.9253770112991333
B13,1.8516188859939575,1.7527676820755005,1.7057099342346191,1.3783372640609741,1.2305881977081299,1.3754420280456543,1.2395144701004028,0.8700053095817566,0.9834234714508057,1.2025959491729736,0.9698171019554138,0.8165619373321533,1.1931406259536743,1.24782395362854,1.0137572288513184,2.0316638946533203,1.7509539127349854,1.6053855419158936,1.4926276206970215,1.3233011960983276,1.1215230226516724,1.0247102975845337,0.9071857333183289,0.7017136812210083,0.5344236493110657,0.5374909043312073,0.3839414119720459,0.0,0.378932386636734,0.5411868095397949,2.286669969558716,1.915166974067688,1.9371708631515503,1.9621647596359253,1.658886432647705,1.4490489959716797,1.6119033098220825,1.5386321544647217,1.1701302528381348,1.166841745376587,1.4225112199783325,1.224489688873291,1.0201715230941772,1.3799717426300049,1.4959051609039307,2.5503933429718018,2.224238634109497,2.371525526046753,2.311460018157959,1.9425207376480103,1.9193978309631348,2.1182682514190674,1.8995612859725952,1.576299786567688,1.7873367071151733,1.942775845527649,1.6279360055923462,1.6216439008712769,1.9770569801330566,1.8940991163253784,2.337371349334717,2.1766817569732666,2.3230342864990234,2.0973246097564697,1.786246418952942,1.9615709781646729,2.0477311611175537,1.6934062242507935,1.5706555843353271,1.8900556564331055,1.8615444898605347,1.5554019212722778,1.7952907085418701,2.0505363941192627,1.8324774503707886
