0.000000000000000000e+00,4.073424935340881348e-01,5.521584153175354004e-01,6.243773102760314941e-01,7.599527835845947266e-01,9.757080078125000000e-01,1.093523263931274414e+00,1.218380689620971680e+00,1.422730565071105957e+00,1.577913403511047363e+00,1.684778451919555664e+00,1.872988581657409668e+00,2.090681314468383789e+00,2.170675277709960938e+00,2.264613389968872070e+00,1.048887968063354492e+00,8.285068869590759277e-01,7.009852528572082520e-01,1.073669314384460449e+00,1.176570415496826172e+00,9.876582622528076172e-01,1.127210021018981934e+00,1.465127348899841309e+00,1.506946086883544922e+00,1.456418037414550781e+00,1.706531882286071777e+00,1.951633572578430176e+00,1.972956895828247070e+00,2.032989501953125000e+00,2.303179740905761719e+00,1.644322037696838379e+00,1.352749705314636230e+00,1.579915761947631836e+00,1.873786926269531250e+00,1.720096707344055176e+00,1.607313871383666992e+00,1.954650998115539551e+00,2.145853519439697266e+00,2.030462026596069336e+00,2.152330636978149414e+00,2.486121654510498047e+00,2.558557748794555664e+00,2.597769021987915039e+00,2.819274425506591797e+00,3.048066139221191406e+00,1.396401405334472656e+00,1.235716462135314941e+00,1.608898997306823730e+00,1.755721569061279297e+00,1.543557167053222656e+00,1.648190975189208984e+00,1.993513822555541992e+00,2.042837619781494141e+00,2.003303527832031250e+00,2.255133867263793945e+00,2.497116804122924805e+00,2.520270586013793945e+00,2.701267242431640625e+00,2.929755926132202148e+00,3.033991813659667969e+00,6.467238664627075195e-01,7.575540542602539062e-01,1.079847455024719238e+00,1.057273149490356445e+00,9.825756549835205078e-01,1.282538771629333496e+00,1.478385210037231445e+00,1.475633263587951660e+00,1.632808685302734375e+00,1.881311297416687012e+00,1.976644635200500488e+00,2.087207078933715820e+00,2.339437484741210938e+00,2.450094938278198242e+00,2.524172544479370117e+00
4.073424935340881348e-01,0.000000000000000000e+00,3.840909302234649658e-01,5.749986767768859863e-01,5.512939691543579102e-01,6.626840829849243164e-01,8.928846716880798340e-01,1.049279212951660156e+00,1.157369971275329590e+00,1.317499279975891113e+00,1.503192186355590820e+00,1.659533739089965820e+00,1.835682272911071777e+00,1.963708400726318359e+00,2.095129966735839844e+00,9.799199700355529785e-01,6.356028318405151367e-01,6.513000130653381348e-01,9.881848692893981934e-01,9.537959098815917969e-01,7.594372630119323730e-01,1.020663142204284668e+00,1.298456311225891113e+00,1.276643395423889160e+00,1.308798074722290039e+00,1.597702026367187500e+00,1.774956941604614258e+00,1.821598768234252930e+00,1.949226617813110352e+00,2.196329116821289062e+00,1.416761159896850586e+00,1.089772105216979980e+00,1.348820328712463379e+00,1.590396761894226074e+00,1.383085608482360840e+00,1.297473669052124023e+00,1.664214253425598145e+00,1.808799386024475098e+00,1.684710860252380371e+00,1.851279020309448242e+00,2.172387123107910156e+00,2.217171430587768555e+00,2.287956714630126953e+00,2.524387598037719727e+00,2.723542451858520508e+00,1.140771389007568359e+00,9.194617271423339844e-01,1.285907149314880371e+00,1.401092171669006348e+00,1.154614448547363281e+00,1.260764598846435547e+00,1.607827186584472656e+00,1.641507029533386230e+00,1.597581863403320312e+00,1.857912540435791016e+00,2.094207048416137695e+00,2.113296270370483398e+00,2.299847364425659180e+00,2.526676893234252930e+00,2.626785993576049805e+00,5.518073439598083496e-01,4.466251432895660400e-01,7.790687084197998047e-01,7.741804122924804688e-01,6.207717061042785645e-01,8.883429169654846191e-01,1.123867034912109375e+00,1.142953276634216309e+00,1.259396433830261230e+00,1.502283930778503418e+00,1.637211084365844727e+00,1.744371891021728516e+00,1.969982624053955078e+00,2.099291801452636719e+00,2.202728748321533203e+00
5.521584153175354004e-01,3.840909302234649658e-01,0.000000000000000000e+00,3.815799951553344727e-01,5.544289350509643555e-01,5.540669560432434082e-01,6.408598423004150391e-01,8.972887992858886719e-01,1.059723258018493652e+00,1.117954969406127930e+00,1.277464866638183594e+00,1.507912158966064453e+00,1.656196117401123047e+00,1.726826548576354980e+00,1.887565374374389648e+00,1.363060116767883301e+00,1.012160420417785645e+00,9.873852133750915527e-01,1.306173682212829590e+00,1.247476935386657715e+00,9.690111279487609863e-01,1.215317487716674805e+00,1.505273580551147461e+00,1.405082583427429199e+00,1.381165146827697754e+00,1.716554164886474609e+00,1.873526215553283691e+00,1.846202611923217773e+00,1.993653178215026855e+00,2.281999349594116211e+00,1.769026756286621094e+00,1.431983828544616699e+00,1.685946702957153320e+00,1.897751092910766602e+00,1.643773913383483887e+00,1.542551159858703613e+00,1.916129946708679199e+00,2.023729801177978516e+00,1.841061472892761230e+00,2.022217273712158203e+00,2.357598543167114258e+00,2.347533464431762695e+00,2.398030042648315430e+00,2.671899557113647461e+00,2.865864753723144531e+00,1.388647437095642090e+00,1.198660492897033691e+00,1.556975483894348145e+00,1.595614552497863770e+00,1.301071047782897949e+00,1.450325131416320801e+00,1.784838438034057617e+00,1.739392399787902832e+00,1.675833702087402344e+00,1.986559391021728516e+00,2.197680234909057617e+00,2.155682563781738281e+00,2.369358301162719727e+00,2.618593692779541016e+00,2.673891544342041016e+00,6.341946721076965332e-01,6.538282036781311035e-01,8.382039666175842285e-01,6.488022208213806152e-01,5.310129523277282715e-01,8.998363614082336426e-01,1.024304270744323730e+00,9.512683749198913574e-01,1.151806354522705078e+00,1.406994819641113281e+00,1.453960418701171875e+00,1.561091542243957520e+00,1.836253643035888672e+00,1.931811571121215820e+00,1.981422543525695801e+00
6.243773102760314941e-01,5.749986767768859863e-01,3.815799951553344727e-01,0.000000000000000000e+00,3.818378448486328125e-01,5.596756935119628906e-01,5.106756687164306641e-01,6.352375149726867676e-01,9.038352966308593750e-01,1.010626316070556641e+00,1.068549752235412598e+00,1.290513396263122559e+00,1.509085536003112793e+00,1.557099342346191406e+00,1.650422453880310059e+00,1.442914485931396484e+00,1.108848452568054199e+00,9.579346179962158203e-01,1.227009654045104980e+00,1.208021998405456543e+00,8.656849861145019531e-01,1.015991210937500000e+00,1.335477471351623535e+00,1.233858585357666016e+00,1.119089603424072266e+00,1.450252652168273926e+00,1.636511921882629395e+00,1.564541935920715332e+00,1.678620576858520508e+00,1.993052601814270020e+00,1.917376995086669922e+00,1.548218846321105957e+00,1.728340029716491699e+00,1.965176343917846680e+00,1.730549931526184082e+00,1.546080112457275391e+00,1.900002956390380859e+00,2.046027898788452148e+00,1.827695965766906738e+00,1.946480751037597656e+00,2.309909820556640625e+00,2.307729244232177734e+00,2.297817230224609375e+00,2.570123434066772461e+00,2.803168058395385742e+00,1.690236449241638184e+00,1.443215847015380859e+00,1.783273220062255859e+00,1.859499335289001465e+00,1.543531060218811035e+00,1.615285396575927734e+00,1.976126074790954590e+00,1.947024822235107422e+00,1.814654707908630371e+00,2.109607934951782227e+00,2.364198446273803711e+00,2.295118570327758789e+00,2.465323209762573242e+00,2.748430252075195312e+00,2.828408956527709961e+00,9.773663878440856934e-01,9.667170643806457520e-01,1.195862293243408203e+00,1.003410816192626953e+00,7.945562005043029785e-01,1.147653818130493164e+00,1.301218390464782715e+00,1.142883539199829102e+00,1.283566713333129883e+00,1.600832939147949219e+00,1.639599323272705078e+00,1.663957715034484863e+00,1.968290567398071289e+00,2.104711532592773438e+00,2.107680320739746094e+00
7.599527835845947266e-01,5.512939691543579102e-01,5.544289350509643555e-01,3.818378448486328125e-01,0.000000000000000000e+00,3.814300894737243652e-01,5.353971719741821289e-01,5.306181311607360840e-01,6.746518611907958984e-01,9.044964313507080078e-01,1.030023217201232910e+00,1.144344925880432129e+00,1.375134468078613281e+00,1.508545637130737305e+00,1.587440133094787598e+00,1.261104702949523926e+00,8.995924592018127441e-01,7.754853367805480957e-01,9.657600522041320801e-01,8.719803690910339355e-01,5.100989341735839844e-01,7.217138409614562988e-01,9.941779375076293945e-01,8.728635311126708984e-01,8.279240727424621582e-01,1.168746232986450195e+00,1.321267127990722656e+00,1.306600332260131836e+00,1.457038402557373047e+00,1.731498003005981445e+00,1.657379150390625000e+00,1.265839219093322754e+00,1.407501816749572754e+00,1.625251054763793945e+00,1.388540983200073242e+00,1.176347017288208008e+00,1.524883031845092773e+00,1.674341797828674316e+00,1.456256151199340820e+00,1.567010045051574707e+00,1.929818391799926758e+00,1.940546631813049316e+00,1.936000108718872070e+00,2.198988676071166992e+00,2.432460546493530273e+00,1.563020348548889160e+00,1.248012423515319824e+00,1.545801401138305664e+00,1.648037552833557129e+00,1.324723005294799805e+00,1.322434306144714355e+00,1.695767164230346680e+00,1.700744271278381348e+00,1.532199025154113770e+00,1.795835256576538086e+00,2.082521915435791016e+00,2.027162790298461914e+00,2.161435365676879883e+00,2.448933601379394531e+00,2.563893079757690430e+00,1.070287823677062988e+00,9.087408185005187988e-01,1.165530562400817871e+00,1.045365571975708008e+00,7.271158695220947266e-01,9.942265748977661133e-01,1.234771251678466797e+00,1.098166704177856445e+00,1.125004410743713379e+00,1.464423656463623047e+00,1.581517100334167480e+00,1.564670324325561523e+00,1.829877376556396484e+00,2.022045373916625977e+00,2.062595367431640625e+00
9.757080078125000000e-01,6.626840829849243164e-01,5.540669560432434082e-01,5.596756935119628906e-01,3.814300894737243652e-01,0.000000000000000000e+00,3.787994980812072754e-01,5.540508031845092773e-01,5.465896129608154297e-01,6.646966934204101562e-01,9.112611413002014160e-01,1.050701379776000977e+00,1.181085109710693359e+00,1.332710385322570801e+00,1.496867299079895020e+00,1.457160830497741699e+00,1.056708931922912598e+00,1.057079195976257324e+00,1.241549253463745117e+00,1.048220634460449219e+00,7.306049466133117676e-01,1.024047255516052246e+00,1.212386488914489746e+00,9.976618885993957520e-01,1.034169077873229980e+00,1.403088927268981934e+00,1.464440941810607910e+00,1.438748359680175781e+00,1.662268757820129395e+00,1.922265529632568359e+00,1.709024786949157715e+00,1.326351642608642578e+00,1.513769507408142090e+00,1.656112432479858398e+00,1.351059675216674805e+00,1.201671361923217773e+00,1.560780286788940430e+00,1.623247742652893066e+00,1.377617359161376953e+00,1.565472960472106934e+00,1.903803706169128418e+00,1.848626852035522461e+00,1.885198116302490234e+00,2.182975769042968750e+00,2.367265224456787109e+00,1.487710595130920410e+00,1.188924431800842285e+00,1.462708592414855957e+00,1.478399872779846191e+00,1.116155028343200684e+00,1.164631962776184082e+00,1.508882880210876465e+00,1.440617084503173828e+00,1.274855971336364746e+00,1.586437463760375977e+00,1.832575798034667969e+00,1.740744590759277344e+00,1.914353251457214355e+00,2.202420234680175781e+00,2.275145053863525391e+00,1.059430837631225586e+00,8.573186993598937988e-01,9.940486550331115723e-01,8.144787549972534180e-01,4.543989002704620361e-01,7.043024301528930664e-01,8.980804681777954102e-01,7.252700328826904297e-01,7.554623484611511230e-01,1.096388936042785645e+00,1.200855851173400879e+00,1.192723274230957031e+00,1.459756493568420410e+00,1.641303777694702148e+00,1.688824534416198730e+00
1.093523263931274414e+00,8.928846716880798340e-01,6.408598423004150391e-01,5.106756687164306641e-01,5.353971719741821289e-01,3.787994980812072754e-01,0.000000000000000000e+00,3.786989450454711914e-01,5.470452308654785156e-01,5.166112780570983887e-01,6.393232345581054688e-01,8.929901719093322754e-01,1.036660552024841309e+00,1.091216325759887695e+00,1.251950025558471680e+00,1.760193467140197754e+00,1.375194549560546875e+00,1.301742076873779297e+00,1.495263695716857910e+00,1.351978778839111328e+00,9.913715124130249023e-01,1.195156693458557129e+00,1.415521860122680664e+00,1.178378939628601074e+00,1.103543519973754883e+00,1.483368277549743652e+00,1.554863095283508301e+00,1.435367941856384277e+00,1.643017411231994629e+00,1.950463891029357910e+00,2.077137470245361328e+00,1.690907835960388184e+00,1.859133839607238770e+00,2.013726234436035156e+00,1.712879657745361328e+00,1.531147718429565430e+00,1.873538255691528320e+00,1.939479351043701172e+00,1.656214475631713867e+00,1.810611844062805176e+00,2.163119554519653320e+00,2.079536199569702148e+00,2.066180467605590820e+00,2.382141113281250000e+00,2.581694841384887695e+00,1.825423717498779297e+00,1.552240848541259766e+00,1.837156653404235840e+00,1.834457993507385254e+00,1.466147184371948242e+00,1.528406620025634766e+00,1.860160112380981445e+00,1.753963828086853027e+00,1.568787455558776855e+00,1.894829511642456055e+00,2.128306388854980469e+00,1.986518859863281250e+00,2.160437345504760742e+00,2.469585657119750977e+00,2.514277219772338867e+00,1.249582886695861816e+00,1.148837566375732422e+00,1.258940815925598145e+00,9.891890883445739746e-01,7.148121595382690430e-01,1.008746862411499023e+00,1.096188664436340332e+00,8.190922141075134277e-01,9.204707741737365723e-01,1.265795469284057617e+00,1.261979460716247559e+00,1.213733792304992676e+00,1.543260335922241211e+00,1.697352051734924316e+00,1.659584879875183105e+00
1.218380689620971680e+00,1.049279212951660156e+00,8.972887992858886719e-01,6.352375149726867676e-01,5.306181311607360840e-01,5.540508031845092773e-01,3.786989450454711914e-01,0.000000000000000000e+00,3.812869191169738770e-01,5.378193855285644531e-01,5.214444994926452637e-01,6.613997817039489746e-01,9.278462529182434082e-01,1.012849330902099609e+00,1.062296628952026367e+00,1.768770337104797363e+00,1.409555912017822266e+00,1.268528103828430176e+00,1.380099415779113770e+00,1.250810503959655762e+00,8.754759430885314941e-01,9.830027818679809570e-01,1.177608013153076172e+00,9.271480441093444824e-01,7.779216766357421875e-01,1.151579499244689941e+00,1.223901271820068359e+00,1.071046710014343262e+00,1.269429206848144531e+00,1.585418462753295898e+00,2.106757640838623047e+00,1.704828262329101562e+00,1.795913577079772949e+00,1.961086273193359375e+00,1.691959619522094727e+00,1.437335252761840820e+00,1.742148756980895996e+00,1.845213651657104492e+00,1.540959000587463379e+00,1.621683597564697266e+00,1.992916464805603027e+00,1.928284406661987305e+00,1.854573607444763184e+00,2.158700227737426758e+00,2.396899461746215820e+00,2.015176534652709961e+00,1.692066669464111328e+00,1.949705839157104492e+00,1.995844721794128418e+00,1.630310773849487305e+00,1.604952216148376465e+00,1.952961444854736328e+00,1.889455795288085938e+00,1.646238088607788086e+00,1.927589654922485352e+00,2.209161758422851562e+00,2.064425468444824219e+00,2.176219463348388672e+00,2.508156776428222656e+00,2.595588922500610352e+00,1.506283640861511230e+00,1.365001916885375977e+00,1.536612510681152344e+00,1.319093227386474609e+00,9.945501685142517090e-01,1.238904476165771484e+00,1.392743587493896484e+00,1.121962189674377441e+00,1.115402460098266602e+00,1.490100622177124023e+00,1.529376983642578125e+00,1.404659032821655273e+00,1.715850353240966797e+00,1.925917387008666992e+00,1.877839326858520508e+00
1.422730565071105957e+00,1.157369971275329590e+00,1.059723258018493652e+00,9.038352966308593750e-01,6.746518611907958984e-01,5.465896129608154297e-01,5.470452308654785156e-01,3.812869191169738770e-01,0.000000000000000000e+00,3.840619623661041260e-01,5.664464235305786133e-01,5.396960377693176270e-01,7.267663478851318359e-01,9.403524994850158691e-01,1.038544297218322754e+00,1.791101694107055664e+00,1.415974378585815430e+00,1.355257511138916016e+00,1.410300850868225098e+00,1.183338403701782227e+00,8.598394989967346191e-01,1.035784602165222168e+00,1.117291331291198730e+00,7.846879363059997559e-01,7.788565158843994141e-01,1.149545788764953613e+00,1.109814763069152832e+00,1.010692954063415527e+00,1.296583652496337891e+00,1.548794031143188477e+00,1.990659832954406738e+00,1.594167590141296387e+00,1.669863104820251465e+00,1.767045974731445312e+00,1.466508388519287109e+00,1.227206230163574219e+00,1.512593865394592285e+00,1.556670904159545898e+00,1.225565552711486816e+00,1.341601490974426270e+00,1.693430423736572266e+00,1.587910413742065430e+00,1.537903308868408203e+00,1.862243294715881348e+00,2.068533420562744141e+00,1.937100052833557129e+00,1.590949773788452148e+00,1.788175463676452637e+00,1.805512070655822754e+00,1.431910276412963867e+00,1.363513350486755371e+00,1.685584545135498047e+00,1.606936216354370117e+00,1.324493527412414551e+00,1.595507979393005371e+00,1.878694534301757812e+00,1.715106487274169922e+00,1.808135151863098145e+00,2.148629665374755859e+00,2.241189956665039062e+00,1.603004574775695801e+00,1.377061843872070312e+00,1.503778457641601562e+00,1.320071101188659668e+00,9.570059776306152344e-01,1.087917566299438477e+00,1.259476304054260254e+00,9.977865815162658691e-01,8.700225949287414551e-01,1.247659444808959961e+00,1.340190649032592773e+00,1.165889501571655273e+00,1.434025287628173828e+00,1.691168069839477539e+00,1.675114274024963379e+00
1.577913403511047363e+00,1.317499279975891113e+00,1.117954969406127930e+00,1.010626316070556641e+00,9.044964313507080078e-01,6.646966934204101562e-01,5.166112780570983887e-01,5.378193855285644531e-01,3.840619623661041260e-01,0.000000000000000000e+00,3.882594406604766846e-01,5.298503637313842773e-01,5.431081652641296387e-01,6.812142729759216309e-01,9.038183093070983887e-01,2.077164411544799805e+00,1.683134198188781738e+00,1.648254513740539551e+00,1.753880023956298828e+00,1.527239441871643066e+00,1.200146079063415527e+00,1.398102521896362305e+00,1.500571966171264648e+00,1.165569782257080078e+00,1.143015980720520020e+00,1.511389851570129395e+00,1.455456852912902832e+00,1.305698156356811523e+00,1.595513701438903809e+00,1.863184809684753418e+00,2.258367776870727539e+00,1.872479200363159180e+00,1.993090033531188965e+00,2.067215204238891602e+00,1.734910249710083008e+00,1.546803236007690430e+00,1.837835073471069336e+00,1.829747796058654785e+00,1.489837050437927246e+00,1.649705290794372559e+00,1.974504470825195312e+00,1.811864137649536133e+00,1.778882861137390137e+00,2.126455307006835938e+00,2.293433904647827148e+00,2.070763111114501953e+00,1.768053412437438965e+00,1.973175525665283203e+00,1.922792315483093262e+00,1.535927414894104004e+00,1.539357781410217285e+00,1.823870539665222168e+00,1.667549014091491699e+00,1.407264947891235352e+00,1.723792552947998047e+00,1.946771144866943359e+00,1.729879975318908691e+00,1.869886755943298340e+00,2.209193468093872070e+00,2.237255096435546875e+00,1.672387957572937012e+00,1.493467688560485840e+00,1.538728356361389160e+00,1.280573606491088867e+00,9.792903661727905273e-01,1.120220661163330078e+00,1.173134446144104004e+00,8.342769145965576172e-01,7.708647251129150391e-01,1.122272968292236328e+00,1.109646916389465332e+00,9.105854630470275879e-01,1.234382867813110352e+00,1.448954463005065918e+00,1.370122790336608887e+00
1.684778451919555664e+00,1.503192186355590820e+00,1.277464866638183594e+00,1.068549752235412598e+00,1.030023217201232910e+00,9.112611413002014160e-01,6.393232345581054688e-01,5.214444994926452637e-01,5.664464235305786133e-01,3.882594406604766846e-01,0.000000000000000000e+00,3.854770064353942871e-01,5.366370677947998047e-01,5.020292401313781738e-01,6.138952970504760742e-01,2.267971992492675781e+00,1.893585205078125000e+00,1.783994436264038086e+00,1.879918813705444336e+00,1.710350275039672852e+00,1.354337573051452637e+00,1.460914373397827148e+00,1.589379906654357910e+00,1.273067355155944824e+00,1.136094212532043457e+00,1.479185223579406738e+00,1.451265096664428711e+00,1.212358832359313965e+00,1.457419276237487793e+00,1.764396071434020996e+00,2.533936262130737305e+00,2.136059284210205078e+00,2.224439382553100586e+00,2.333374977111816406e+00,2.029268264770507812e+00,1.791903972625732422e+00,2.064897775650024414e+00,2.098199129104614258e+00,1.747095465660095215e+00,1.839504837989807129e+00,2.182168006896972656e+00,2.032787322998046875e+00,1.932708263397216797e+00,2.271180152893066406e+00,2.475646018981933594e+00,2.386312007904052734e+00,2.077708005905151367e+00,2.304157972335815430e+00,2.283375740051269531e+00,1.898521661758422852e+00,1.886236906051635742e+00,2.187531709671020508e+00,2.049176692962646484e+00,1.776143193244934082e+00,2.073945283889770508e+00,2.314407825469970703e+00,2.089577198028564453e+00,2.200658321380615234e+00,2.552315473556518555e+00,2.588718891143798828e+00,1.887869000434875488e+00,1.757644057273864746e+00,1.843051910400390625e+00,1.564486861228942871e+00,1.278966188430786133e+00,1.475969314575195312e+00,1.527701735496520996e+00,1.177182316780090332e+00,1.157119274139404297e+00,1.501379251480102539e+00,1.447080492973327637e+00,1.233223915100097656e+00,1.569164395332336426e+00,1.767316222190856934e+00,1.627222418785095215e+00
1.872988581657409668e+00,1.659533739089965820e+00,1.507912158966064453e+00,1.290513396263122559e+00,1.144344925880432129e+00,1.050701379776000977e+00,8.929901719093322754e-01,6.613997817039489746e-01,5.396960377693176270e-01,5.298503637313842773e-01,3.854770064353942871e-01,0.000000000000000000e+00,3.829083144664764404e-01,5.396849513053894043e-01,5.194292664527893066e-01,2.293194055557250977e+00,1.934287548065185547e+00,1.828840494155883789e+00,1.846874833106994629e+00,1.645510315895080566e+00,1.329219937324523926e+00,1.401371717453002930e+00,1.441314816474914551e+00,1.094138383865356445e+00,9.872055649757385254e-01,1.287337303161621094e+00,1.177249789237976074e+00,9.333354830741882324e-01,1.228757619857788086e+00,1.488638877868652344e+00,2.497361183166503906e+00,2.102581501007080078e+00,2.131584405899047852e+00,2.207782745361328125e+00,1.919874072074890137e+00,1.653402924537658691e+00,1.872642993927001953e+00,1.896154999732971191e+00,1.527967810630798340e+00,1.574233293533325195e+00,1.904078960418701172e+00,1.743358612060546875e+00,1.601817131042480469e+00,1.937752842903137207e+00,2.149831056594848633e+00,2.470736980438232422e+00,2.125687360763549805e+00,2.303000926971435547e+00,2.300939321517944336e+00,1.924149274826049805e+00,1.837956905364990234e+00,2.126122236251831055e+00,2.013995885848999023e+00,1.692260861396789551e+00,1.939763188362121582e+00,2.207889318466186523e+00,1.976853013038635254e+00,2.024962186813354492e+00,2.390913009643554688e+00,2.462769746780395508e+00,2.095937490463256836e+00,1.902884364128112793e+00,2.007345914840698242e+00,1.778631687164306641e+00,1.446591734886169434e+00,1.574387669563293457e+00,1.678757429122924805e+00,1.355963349342346191e+00,1.225007057189941406e+00,1.571210741996765137e+00,1.583632230758666992e+00,1.310791134834289551e+00,1.589151501655578613e+00,1.849398612976074219e+00,1.735475063323974609e+00
2.090681314468383789e+00,1.835682272911071777e+00,1.656196117401123047e+00,1.509085536003112793e+00,1.375134468078613281e+00,1.181085109710693359e+00,1.036660552024841309e+00,9.278462529182434082e-01,7.267663478851318359e-01,5.431081652641296387e-01,5.366370677947998047e-01,3.829083144664764404e-01,0.000000000000000000e+00,3.652458190917968750e-01,5.578863024711608887e-01,2.509351015090942383e+00,2.130078792572021484e+00,2.081458568572998047e+00,2.115556240081787109e+00,1.869255065917968750e+00,1.573496460914611816e+00,1.706575155258178711e+00,1.722463607788085938e+00,1.351228713989257812e+00,1.319897413253784180e+00,1.622380137443542480e+00,1.463193297386169434e+00,1.254889130592346191e+00,1.576793432235717773e+00,1.799632310867309570e+00,2.631336450576782227e+00,2.250998735427856445e+00,2.307629108428955078e+00,2.333020448684692383e+00,2.010771751403808594e+00,1.797482967376708984e+00,2.011025428771972656e+00,1.962560534477233887e+00,1.586846709251403809e+00,1.691540837287902832e+00,1.977914690971374512e+00,1.750915288925170898e+00,1.649798274040222168e+00,2.007859230041503906e+00,2.158288478851318359e+00,2.533119440078735352e+00,2.210232496261596680e+00,2.359297752380371094e+00,2.297250032424926758e+00,1.918927431106567383e+00,1.858953595161437988e+00,2.097895383834838867e+00,1.926546931266784668e+00,1.607646226882934570e+00,1.869821906089782715e+00,2.085864543914794922e+00,1.805715680122375488e+00,1.872546315193176270e+00,2.236018896102905273e+00,2.258756875991821289e+00,2.211184501647949219e+00,2.008510589599609375e+00,2.042536020278930664e+00,1.796617627143859863e+00,1.496233940124511719e+00,1.568026423454284668e+00,1.605235099792480469e+00,1.268374085426330566e+00,1.113514780998229980e+00,1.405519247055053711e+00,1.375780105590820312e+00,1.051795244216918945e+00,1.313816189765930176e+00,1.568159818649291992e+00,1.422218680381774902e+00
2.170675277709960938e+00,1.963708400726318359e+00,1.726826548576354980e+00,1.557099342346191406e+00,1.508545637130737305e+00,1.332710385322570801e+00,1.091216325759887695e+00,1.012849330902099609e+00,9.403524994850158691e-01,6.812142729759216309e-01,5.020292401313781738e-01,5.396849513053894043e-01,3.652458190917968750e-01,0.000000000000000000e+00,3.860200047492980957e-01,2.718350410461425781e+00,2.336233854293823242e+00,2.256350517272949219e+00,2.326478958129882812e+00,2.118682622909545898e+00,1.789178967475891113e+00,1.900190472602844238e+00,1.967750191688537598e+00,1.616195917129516602e+00,1.516056537628173828e+00,1.821453452110290527e+00,1.708014607429504395e+00,1.444933414459228516e+00,1.720086812973022461e+00,1.983342766761779785e+00,2.905959606170654297e+00,2.517719268798828125e+00,2.593477010726928711e+00,2.648253917694091797e+00,2.325910568237304688e+00,2.107692003250122070e+00,2.340524435043334961e+00,2.311813831329345703e+00,1.938643217086791992e+00,2.035101413726806641e+00,2.333283424377441406e+00,2.113728046417236328e+00,1.997804641723632812e+00,2.350648880004882812e+00,2.511364698410034180e+00,2.746414422988891602e+00,2.444071054458618164e+00,2.628618001937866211e+00,2.559697151184082031e+00,2.174798488616943359e+00,2.155411958694458008e+00,2.404555559158325195e+00,2.216036081314086914e+00,1.922002434730529785e+00,2.206908464431762695e+00,2.405967473983764648e+00,2.118209838867187500e+00,2.210455894470214844e+00,2.567947149276733398e+00,2.562721729278564453e+00,2.311452627182006836e+00,2.166445970535278320e+00,2.193837642669677734e+00,1.902064919471740723e+00,1.642027974128723145e+00,1.771583318710327148e+00,1.761183142662048340e+00,1.393386125564575195e+00,1.328547239303588867e+00,1.608133673667907715e+00,1.498070716857910156e+00,1.200520753860473633e+00,1.504421353340148926e+00,1.696166753768920898e+00,1.480322122573852539e+00
2.264613389968872070e+00,2.095129966735839844e+00,1.887565374374389648e+00,1.650422453880310059e+00,1.587440133094787598e+00,1.496867299079895020e+00,1.251950025558471680e+00,1.062296628952026367e+00,1.038544297218322754e+00,9.038183093070983887e-01,6.138952970504760742e-01,5.194292664527893066e-01,5.578863024711608887e-01,3.860200047492980957e-01,0.000000000000000000e+00,2.783040285110473633e+00,2.425883054733276367e+00,2.294744729995727539e+00,2.324396371841430664e+00,2.150672435760498047e+00,1.823013186454772949e+00,1.857378721237182617e+00,1.910166263580322266e+00,1.580811023712158203e+00,1.418719768524169922e+00,1.669385433197021484e+00,1.558273434638977051e+00,1.242646694183349609e+00,1.476974368095397949e+00,1.740608334541320801e+00,3.015136718750000000e+00,2.619081735610961914e+00,2.646753549575805664e+00,2.722673654556274414e+00,2.434584140777587891e+00,2.167918920516967773e+00,2.369747161865234375e+00,2.381921529769897461e+00,2.006332159042358398e+00,2.030897378921508789e+00,2.338900566101074219e+00,2.147691011428833008e+00,1.967449903488159180e+00,2.296867847442626953e+00,2.498786449432373047e+00,2.950057029724121094e+00,2.620877504348754883e+00,2.806923389434814453e+00,2.782250642776489258e+00,2.400048255920410156e+00,2.335975646972656250e+00,2.606859445571899414e+00,2.460400104522705078e+00,2.140481233596801758e+00,2.391748666763305664e+00,2.630382776260375977e+00,2.357732534408569336e+00,2.402428627014160156e+00,2.771083593368530273e+00,2.806083440780639648e+00,2.499963283538818359e+00,2.352856636047363281e+00,2.433618545532226562e+00,2.159766197204589844e+00,1.869132041931152344e+00,2.018505811691284180e+00,2.060019254684448242e+00,1.701707959175109863e+00,1.616809129714965820e+00,1.926501393318176270e+00,1.854813933372497559e+00,1.554616093635559082e+00,1.843263387680053711e+00,2.061850547790527344e+00,1.858586788177490234e+00
1.048887968063354492e+00,9.799199700355529785e-01,1.363060116767883301e+00,1.442914485931396484e+00,1.261104702949523926e+00,1.457160830497741699e+00,1.760193467140197754e+00,1.768770337104797363e+00,1.791101694107055664e+00,2.077164411544799805e+00,2.267971992492675781e+00,2.293194055557250977e+00,2.509351015090942383e+00,2.718350410461425781e+00,2.783040285110473633e+00,0.000000000000000000e+00,4.073183536529541016e-01,5.502610802650451660e-01,6.202068328857421875e-01,7.593634128570556641e-01,9.750955700874328613e-01,1.082548022270202637e+00,1.209170818328857422e+00,1.425607800483703613e+00,1.563638091087341309e+00,1.655101776123046875e+00,1.859111309051513672e+00,2.070427656173706055e+00,2.120304584503173828e+00,2.233263731002807617e+00,7.590830326080322266e-01,6.204684376716613770e-01,7.601207494735717773e-01,1.100108981132507324e+00,1.153779506683349609e+00,1.132230162620544434e+00,1.357723712921142578e+00,1.611758828163146973e+00,1.684214234352111816e+00,1.758978605270385742e+00,1.992415666580200195e+00,2.194198846817016602e+00,2.297960519790649414e+00,2.402403354644775391e+00,2.607576370239257812e+00,1.093522906303405762e+00,8.889532089233398438e-01,1.086604237556457520e+00,1.419228315353393555e+00,1.383982062339782715e+00,1.324735760688781738e+00,1.608572006225585938e+00,1.845139265060424805e+00,1.846195220947265625e+00,1.927806377410888672e+00,2.200239181518554688e+00,2.361818313598632812e+00,2.453678131103515625e+00,2.605767011642456055e+00,2.813005447387695312e+00,1.202188849449157715e+00,1.012140512466430664e+00,1.350608706474304199e+00,1.579048514366149902e+00,1.433873414993286133e+00,1.481119394302368164e+00,1.815747261047363281e+00,1.943783760070800781e+00,1.923985242843627930e+00,2.116386651992797852e+00,2.374403476715087891e+00,2.464094877243041992e+00,2.591424465179443359e+00,2.774670362472534180e+00,2.958263635635375977e+00
8.285068869590759277e-01,6.356028318405151367e-01,1.012160420417785645e+00,1.108848452568054199e+00,8.995924592018127441e-01,1.056708931922912598e+00,1.375194549560546875e+00,1.409555912017822266e+00,1.415974378585815430e+00,1.683134198188781738e+00,1.893585205078125000e+00,1.934287548065185547e+00,2.130078792572021484e+00,2.336233854293823242e+00,2.425883054733276367e+00,4.073183536529541016e-01,0.000000000000000000e+00,3.841331899166107178e-01,5.736884474754333496e-01,5.561308264732360840e-01,6.656884551048278809e-01,8.876007795333862305e-01,1.047546029090881348e+00,1.167042970657348633e+00,1.313378810882568359e+00,1.486593008041381836e+00,1.658553600311279297e+00,1.831640362739562988e+00,1.933783054351806641e+00,2.085023641586303711e+00,8.471575975418090820e-01,5.361703634262084961e-01,7.696073651313781738e-01,1.065469026565551758e+00,9.810830354690551758e-01,9.307003617286682129e-01,1.240995883941650391e+00,1.449290037155151367e+00,1.446228861808776855e+00,1.569894790649414062e+00,1.841335415840148926e+00,1.981930136680603027e+00,2.084603071212768555e+00,2.243924379348754883e+00,2.442377090454101562e+00,9.675815105438232422e-01,6.713436245918273926e-01,9.478552937507629395e-01,1.217671751976013184e+00,1.088179230690002441e+00,1.054106831550598145e+00,1.385990381240844727e+00,1.563975453376770020e+00,1.535551309585571289e+00,1.675768375396728516e+00,1.951406359672546387e+00,2.065277338027954102e+00,2.183270454406738281e+00,2.368032932281494141e+00,2.546746253967285156e+00,9.525808691978454590e-01,6.910324096679687500e-01,1.042539477348327637e+00,1.225976228713989258e+00,1.039569020271301270e+00,1.103676676750183105e+00,1.443352460861206055e+00,1.545030355453491211e+00,1.527725100517272949e+00,1.739115595817565918e+00,1.984317183494567871e+00,2.065456867218017578e+00,2.209971666336059570e+00,2.393821954727172852e+00,2.562165498733520508e+00
7.009852528572082520e-01,6.513000130653381348e-01,9.873852133750915527e-01,9.579346179962158203e-01,7.754853367805480957e-01,1.057079195976257324e+00,1.301742076873779297e+00,1.268528103828430176e+00,1.355257511138916016e+00,1.648254513740539551e+00,1.783994436264038086e+00,1.828840494155883789e+00,2.081458568572998047e+00,2.256350517272949219e+00,2.294744729995727539e+00,5.502610802650451660e-01,3.841331899166107178e-01,0.000000000000000000e+00,3.810338973999023438e-01,5.643508434295654297e-01,5.607616901397705078e-01,6.381424069404602051e-01,8.980385661125183105e-01,1.067729473114013672e+00,1.110705137252807617e+00,1.258782148361206055e+00,1.502241015434265137e+00,1.641545057296752930e+00,1.685930132865905762e+00,1.865997552871704102e+00,1.166220664978027344e+00,8.512368798255920410e-01,9.568517208099365234e-01,1.296349287033081055e+00,1.233833074569702148e+00,1.069118022918701172e+00,1.361744880676269531e+00,1.624038815498352051e+00,1.571336269378662109e+00,1.623706221580505371e+00,1.937090635299682617e+00,2.087523937225341797e+00,2.122251749038696289e+00,2.281667709350585938e+00,2.529501199722290039e+00,1.332855463027954102e+00,1.044622659683227539e+00,1.323473453521728516e+00,1.582902431488037109e+00,1.408430576324462891e+00,1.351855039596557617e+00,1.708374738693237305e+00,1.865706801414489746e+00,1.779746532440185547e+00,1.933089971542358398e+00,2.238635063171386719e+00,2.312360286712646484e+00,2.408914804458618164e+00,2.630073547363281250e+00,2.815187454223632812e+00,1.082999944686889648e+00,9.148604869842529297e-01,1.292726397514343262e+00,1.389055490493774414e+00,1.169609546661376953e+00,1.325156092643737793e+00,1.649354815483093262e+00,1.672787189483642578e+00,1.671216845512390137e+00,1.939508438110351562e+00,2.146358966827392578e+00,2.188097953796386719e+00,2.379764318466186523e+00,2.575767517089843750e+00,2.696141719818115234e+00
1.073669314384460449e+00,9.881848692893981934e-01,1.306173682212829590e+00,1.227009654045104980e+00,9.657600522041320801e-01,1.241549253463745117e+00,1.495263695716857910e+00,1.380099415779113770e+00,1.410300850868225098e+00,1.753880023956298828e+00,1.879918813705444336e+00,1.846874833106994629e+00,2.115556240081787109e+00,2.326478958129882812e+00,2.324396371841430664e+00,6.202068328857421875e-01,5.736884474754333496e-01,3.810338973999023438e-01,0.000000000000000000e+00,3.865463137626647949e-01,5.575376152992248535e-01,5.002918839454650879e-01,6.303470134735107422e-01,9.050989151000976562e-01,9.928590059280395508e-01,1.040495872497558594e+00,1.275508522987365723e+00,1.482256889343261719e+00,1.505366683006286621e+00,1.619841694831848145e+00,1.111277580261230469e+00,8.088113069534301758e-01,7.504280805587768555e-01,1.104119539260864258e+00,1.116105556488037109e+00,8.910132646560668945e-01,1.107993125915527344e+00,1.424564719200134277e+00,1.402786135673522949e+00,1.382019519805908203e+00,1.681170940399169922e+00,1.880775928497314453e+00,1.892997264862060547e+00,2.007986307144165039e+00,2.276110172271728516e+00,1.519186854362487793e+00,1.189320683479309082e+00,1.378185153007507324e+00,1.673951625823974609e+00,1.517311692237854004e+00,1.363251686096191406e+00,1.706513881683349609e+00,1.909646034240722656e+00,1.783402800559997559e+00,1.873017430305480957e+00,2.212745666503906250e+00,2.299479007720947266e+00,2.336724042892456055e+00,2.558736801147460938e+00,2.787221670150756836e+00,1.438375353813171387e+00,1.211923956871032715e+00,1.569293260574340820e+00,1.680292010307312012e+00,1.413256645202636719e+00,1.507554292678833008e+00,1.861799716949462891e+00,1.875072121620178223e+00,1.799987316131591797e+00,2.076508283615112305e+00,2.319285869598388672e+00,2.314282178878784180e+00,2.478993177413940430e+00,2.716187238693237305e+00,2.843844890594482422e+00
1.176570415496826172e+00,9.537959098815917969e-01,1.247476935386657715e+00,1.208021998405456543e+00,8.719803690910339355e-01,1.048220634460449219e+00,1.351978778839111328e+00,1.250810503959655762e+00,1.183338403701782227e+00,1.527239441871643066e+00,1.710350275039672852e+00,1.645510315895080566e+00,1.869255065917968750e+00,2.118682622909545898e+00,2.150672435760498047e+00,7.593634128570556641e-01,5.561308264732360840e-01,5.643508434295654297e-01,3.865463137626647949e-01,0.000000000000000000e+00,3.826498091220855713e-01,5.330732464790344238e-01,5.272675156593322754e-01,6.805323362350463867e-01,8.981570601463317871e-01,1.014423727989196777e+00,1.139780163764953613e+00,1.367427349090576172e+00,1.482304215431213379e+00,1.581308364868164062e+00,9.887797236442565918e-01,6.179735064506530762e-01,5.764849185943603516e-01,8.513152599334716797e-01,7.754038572311401367e-01,5.255503654479980469e-01,8.066746592521667480e-01,1.079205274581909180e+00,1.035643219947814941e+00,1.070169925689697266e+00,1.373146653175354004e+00,1.538357138633728027e+00,1.587025165557861328e+00,1.731867551803588867e+00,1.969383001327514648e+00,1.376773595809936523e+00,9.951865673065185547e-01,1.139834761619567871e+00,1.401495575904846191e+00,1.215261459350585938e+00,1.016412615776062012e+00,1.364928960800170898e+00,1.558198094367980957e+00,1.407784461975097656e+00,1.494071364402770996e+00,1.840818285942077637e+00,1.917919158935546875e+00,1.950926423072814941e+00,2.179112911224365234e+00,2.406289339065551758e+00,1.412228345870971680e+00,1.100885987281799316e+00,1.406797885894775391e+00,1.517269492149353027e+00,1.212434172630310059e+00,1.235809683799743652e+00,1.604153156280517578e+00,1.622530698776245117e+00,1.492342829704284668e+00,1.757574319839477539e+00,2.028186082839965820e+00,2.006519794464111328e+00,2.141250371932983398e+00,2.396006822586059570e+00,2.540845870971679688e+00
9.876582622528076172e-01,7.594372630119323730e-01,9.690111279487609863e-01,8.656849861145019531e-01,5.100989341735839844e-01,7.306049466133117676e-01,9.913715124130249023e-01,8.754759430885314941e-01,8.598394989967346191e-01,1.200146079063415527e+00,1.354337573051452637e+00,1.329219937324523926e+00,1.573496460914611816e+00,1.789178967475891113e+00,1.823013186454772949e+00,9.750955700874328613e-01,6.656884551048278809e-01,5.607616901397705078e-01,5.575376152992248535e-01,3.826498091220855713e-01,0.000000000000000000e+00,3.774690926074981689e-01,5.518726110458374023e-01,5.494285225868225098e-01,6.616727113723754883e-01,9.015966653823852539e-01,1.049170613288879395e+00,1.177357912063598633e+00,1.313925027847290039e+00,1.496160149574279785e+00,1.303589463233947754e+00,9.068236947059631348e-01,9.487973451614379883e-01,1.185175180435180664e+00,1.014872193336486816e+00,7.440311312675476074e-01,1.065803170204162598e+00,1.282088279724121094e+00,1.125871539115905762e+00,1.181465744972229004e+00,1.534651160240173340e+00,1.624632239341735840e+00,1.630151152610778809e+00,1.837119817733764648e+00,2.086853742599487305e+00,1.482563853263854980e+00,1.106563329696655273e+00,1.326134204864501953e+00,1.516315937042236328e+00,1.248548865318298340e+00,1.116487383842468262e+00,1.493620634078979492e+00,1.601058244705200195e+00,1.415632367134094238e+00,1.584125518798828125e+00,1.920889735221862793e+00,1.928242087364196777e+00,1.994570255279541016e+00,2.263754367828369141e+00,2.448534727096557617e+00,1.287958145141601562e+00,1.017183184623718262e+00,1.318585395812988281e+00,1.333104848861694336e+00,9.959391355514526367e-01,1.110368609428405762e+00,1.445273876190185547e+00,1.388807892799377441e+00,1.295852422714233398e+00,1.610800743103027344e+00,1.826697468757629395e+00,1.786589622497558594e+00,1.977696299552917480e+00,2.222483396530151367e+00,2.319538354873657227e+00
