,A1,A2,A3,A4,A5,A6,A7,A8,A9,A10,A11,A12,A13,A14,A15,B1,B2,B3,B4,B5,B6,B7,B8,B9,B10,B11,B12,B13,B14,B15,C1,C2,C3,C4,C5,C6,C7,C8,C9,C10,C11,C12,C13,C14,C15,D1,D2,D3,D4,D5,D6,D7,D8,D9,D10,D11,D12,D13,D14,D15,E1,E2,E3,E4,E5,E6,E7,E8,E9,E10,E11,E12,E13,E14,E15
A1,0.0,0.3934348225593567,0.5460817813873291,0.6044335961341858,0.7547169923782349,0.9701744914054871,1.0899443626403809,1.201936960220337,1.4226555824279785,1.5812188386917114,1.6600557565689087,1.8557621240615845,2.0916624069213867,2.1642587184906006,2.248828172683716,0.9331307411193848,0.8420098423957825,0.5684749484062195,0.8707440495491028,1.1168943643569946,0.9961959719657898,1.002867579460144,1.3361395597457886,1.499345064163208,1.4440656900405884,1.5862586498260498,1.886075735092163,1.9934478998184204,2.012737274169922,2.2160754203796387,1.6873012781143188,1.3548778295516968,1.4432721138000488,1.7781431674957275,1.6762187480926514,1.476324439048767,1.7852983474731445,2.02799391746521,1.9121818542480469,1.9527554512023926,2.293272018432617,2.4250314235687256,2.412238836288452,2.5918519496917725,2.861403703689575,1.4980462789535522,1.2509862184524536,1.558763027191162,1.7870814800262451,1.6007622480392456,1.6003597974777222,1.9705615043640137,2.073911190032959,1.998303771018982,2.206716299057007,2.490417718887329,2.5325229167938232,2.649970293045044,2.895967483520508,3.037290096282959,0.6430834531784058,0.6879662871360779,1.0355229377746582,1.0486685037612915,0.9518687725067139,1.225661277770996,1.4562578201293945,1.450575828552246,1.5852253437042236,1.849799394607544,1.9501148462295532,2.0321946144104004,2.2966034412384033,2.4435672760009766,2.493762969970703
A2,0.3934348225593567,0.0,0.37572234869003296,0.5640759468078613,0.5646150708198547,0.6794086694717407,0.9101649522781372,1.059783935546875,1.1876158714294434,1.3489222526550293,1.5084847211837769,1.6808090209960938,1.8736085891723633,1.992871642112732,2.1183815002441406,0.834334671497345,0.5865724086761475,0.3989742398262024,0.7609221935272217,0.8755481839179993,0.7172730565071106,0.861430287361145,1.173020362854004,1.2635878324508667,1.2683606147766113,1.4790444374084473,1.7214678525924683,1.8273781538009644,1.9162192344665527,2.1183741092681885,1.3978734016418457,1.0362787246704102,1.15495765209198,1.4547444581985474,1.3100221157073975,1.1310547590255737,1.4688224792480469,1.6769721508026123,1.5614452362060547,1.6458855867385864,1.9769638776779175,2.088634729385376,2.1106209754943848,2.304978132247925,2.547269344329834,1.2197827100753784,0.9165966510772705,1.2065603733062744,1.4246642589569092,1.2248015403747559,1.207458257675171,1.5797077417373657,1.686771035194397,1.6133947372436523,1.8171006441116333,2.098238229751587,2.1507246494293213,2.2709810733795166,2.5079100131988525,2.651496410369873,0.5824308395385742,0.39543208479881287,0.7538707256317139,0.8246254920959473,0.6681753993034363,0.8719429969787598,1.1516389846801758,1.1912215948104858,1.278041958808899,1.5235437154769897,1.6753519773483276,1.7684202194213867,1.9942891597747803,2.1571929454803467,2.2495834827423096
A3,0.5460817813873291,0.37572234869003296,0.0,0.37866201996803284,0.5566204190254211,0.5538029670715332,0.6549324989318848,0.9010870456695557,1.074227213859558,1.1404469013214111,1.2794485092163086,1.5202158689498901,1.6860740184783936,1.7520594596862793,1.9059765338897705,1.2060143947601318,0.9338394403457642,0.7580752968788147,1.092309832572937,1.1684757471084595,0.9125723242759705,1.0496906042099,1.3917428255081177,1.410820484161377,1.3456459045410156,1.6061955690383911,1.8553014993667603,1.8875024318695068,1.979853630065918,2.235110282897949,1.6553657054901123,1.2923991680145264,1.4581915140151978,1.7139352560043335,1.5018121004104614,1.343885898590088,1.7054102420806885,1.857904314994812,1.6874579191207886,1.8131346702575684,2.1571836471557617,2.207510232925415,2.2221133708953857,2.462584972381592,2.6901981830596924,1.364923119544983,1.0747054815292358,1.3845791816711426,1.5191117525100708,1.2453590631484985,1.2751660346984863,1.6521344184875488,1.6784530878067017,1.5693646669387817,1.8288534879684448,2.0964293479919434,2.083111524581909,2.221365213394165,2.491565227508545,2.597581386566162,0.6105467677116394,0.5201173424720764,0.7442351579666138,0.6304738521575928,0.4321472644805908,0.7622697949409485,0.962729811668396,0.9103466272354126,1.0531716346740723,1.325927734375,1.4107121229171753,1.4873425960540771,1.7567754983901978,1.9012906551361084,1.9501832723617554
A4,0.6044335961341858,0.5640759468078613,0.37866201996803284,0.0,0.3792642056941986,0.5509614944458008,0.5165376663208008,0.6338805556297302,0.9073639512062073,1.0193612575531006,1.0606200695037842,1.2870805263519287,1.517905831336975,1.5642609596252441,1.6554412841796875,1.3467782735824585,1.106128454208374,0.8225184082984924,1.0672943592071533,1.1775668859481812,0.8782404065132141,0.8870900273323059,1.2542349100112915,1.284084677696228,1.1286156177520752,1.362321138381958,1.650705337524414,1.649448275566101,1.694403052330017,1.9735037088394165,1.912171721458435,1.5311700105667114,1.6211904287338257,1.8754408359527588,1.6675010919570923,1.4362249374389648,1.7673022747039795,1.938355803489685,1.7186957597732544,1.7867050170898438,2.1575748920440674,2.2015650272369385,2.1520161628723145,2.3972134590148926,2.657210350036621,1.7052865028381348,1.3825567960739136,1.650382161140442,1.8089152574539185,1.5221248865127563,1.4776153564453125,1.8603382110595703,1.9014791250228882,1.7284880876541138,1.958645224571228,2.265164613723755,2.2295167446136475,2.313495397567749,2.609037160873413,2.742110252380371,0.9462553858757019,0.8580618500709534,1.1122281551361084,0.9834760427474976,0.7131780385971069,1.0205118656158447,1.2417330741882324,1.1046209335327148,1.1758143901824951,1.5071545839309692,1.5873126983642578,1.5750086307525635,1.8612818717956543,2.049777030944824,2.0546698570251465
A5,0.7547169923782349,0.5646150708198547,0.5566204190254211,0.3792642056941986,0.0,0.37636005878448486,0.5370475649833679,0.5293634533882141,0.6791548728942871,0.9081379771232605,1.0179121494293213,1.1421229839324951,1.3792210817337036,1.5113236904144287,1.5931543111801147,1.2177276611328125,0.9384106397628784,0.6749283671379089,0.8381598591804504,0.863237738609314,0.5248402953147888,0.5675257444381714,0.9128713607788086,0.909582793712616,0.793474555015564,1.0594298839569092,1.3107261657714844,1.3368282318115234,1.4267442226409912,1.6818368434906006,1.72461998462677,1.334230899810791,1.365844488143921,1.5894627571105957,1.381066918373108,1.109588623046875,1.420758843421936,1.5946476459503174,1.365047812461853,1.4110536575317383,1.785152792930603,1.838063359260559,1.7821599245071411,2.0194263458251953,2.2839694023132324,1.6333125829696655,1.2648944854736328,1.4607821702957153,1.6487298011779785,1.378870964050293,1.2485013008117676,1.6246484518051147,1.7145664691925049,1.5198006629943848,1.6959452629089355,2.031459331512451,2.026799201965332,2.069596290588379,2.3535871505737305,2.5264437198638916,1.0938047170639038,0.869736909866333,1.135077714920044,1.0996501445770264,0.7650827169418335,0.9470388889312744,1.2530685663223267,1.1651173830032349,1.122299075126648,1.4504728317260742,1.6159074306488037,1.5834929943084717,1.8117884397506714,2.048813819885254,2.100649833679199
A6,0.9701744914054871,0.6794086694717407,0.5538029670715332,0.5509614944458008,0.37636005878448486,0.0,0.3811923861503601,0.5568896532058716,0.5630372166633606,0.682256817817688,0.9111908078193665,1.0698590278625488,1.2099595069885254,1.3559385538101196,1.5208772420883179,1.3732255697250366,1.022335171699524,0.8816684484481812,1.0909714698791504,1.0076789855957031,0.6510908007621765,0.850623607635498,1.1320579051971436,1.0147713422775269,0.9525496363639832,1.2924182415008545,1.4680265188217163,1.4518241882324219,1.614025354385376,1.8812531232833862,1.6558383703231812,1.2717130184173584,1.3748342990875244,1.5363984107971191,1.255872368812561,1.057124376296997,1.4039584398269653,1.4954193830490112,1.2479113340377808,1.3889743089675903,1.7416597604751587,1.7337925434112549,1.7301560640335083,2.0065951347351074,2.2207982540130615,1.4943063259124756,1.1258281469345093,1.3099374771118164,1.4216638803482056,1.1034507751464844,1.0008468627929688,1.3713366985321045,1.4022213220596313,1.1931849718093872,1.4147038459777832,1.728367805480957,1.691593050956726,1.76462721824646,2.058715343475342,2.200230598449707,1.0888503789901733,0.8189869523048401,0.9651796817779541,0.8933491706848145,0.514181911945343,0.6307695508003235,0.9239736199378967,0.8304397463798523,0.7496918439865112,1.0752882957458496,1.2555794715881348,1.2329403162002563,1.445733904838562,1.6809070110321045,1.755118727684021
A7,1.0899443626403809,0.9101649522781372,0.6549324989318848,0.5165376663208008,0.5370475649833679,0.3811923861503601,0.0,0.3735290467739105,0.5459305047988892,0.5217015743255615,0.6289643049240112,0.8940387964248657,1.0482481718063354,1.0996840000152588,1.2604671716690063,1.682979702949524,1.3600424528121948,1.1604108810424805,1.3683124780654907,1.338773488998413,0.9690045118331909,1.0609174966812134,1.367982268333435,1.2466803789138794,1.0757449865341187,1.4040729999542236,1.612742304801941,1.5196559429168701,1.6386409997940063,1.9564086198806763,2.025212049484253,1.6429179906845093,1.7519844770431519,1.9158982038497925,1.6272345781326294,1.4250606298446655,1.7577012777328491,1.8350129127502441,1.55096435546875,1.6778240203857422,2.0389115810394287,1.9927960634231567,1.9480732679367065,2.2486844062805176,2.467538833618164,1.8061538934707642,1.4615390300750732,1.6703492403030396,1.7466492652893066,1.400654911994934,1.3340694904327393,1.6885085105895996,1.6620286703109741,1.4186040163040161,1.6664587259292603,1.9672596454620361,1.863850474357605,1.9296410083770752,2.2563376426696777,2.3695759773254395,1.2508386373519897,1.0775576829910278,1.2012497186660767,1.0125283002853394,0.6580918431282043,0.870543897151947,1.0491633415222168,0.8187597990036011,0.7794251441955566,1.1462950706481934,1.2257449626922607,1.1286646127700806,1.4077372550964355,1.635398030281067,1.6267659664154053
A8,1.201936960220337,1.059783935546875,0.9010870456695557,0.6338805556297302,0.5293634533882141,0.5568896532058716,0.3735290467739105,0.0,0.3813380300998688,0.5359731316566467,0.5079113841056824,0.6567473411560059,0.92497718334198,1.0096670389175415,1.0682092905044556,1.7429472208023071,1.449868083000183,1.2017662525177002,1.3126657009124756,1.2860863208770752,0.9164302349090576,0.8967215418815613,1.1741708517074585,1.0483852624893188,0.7938305139541626,1.0993601083755493,1.3206994533538818,1.1951619386672974,1.2829347848892212,1.6162184476852417,2.1644515991210938,1.7755283117294312,1.8075416088104248,1.9656442403793335,1.702100396156311,1.4356757402420044,1.7174383401870728,1.8172959089279175,1.5033077001571655,1.555703043937683,1.9310317039489746,1.8912584781646729,1.7795848846435547,2.0715036392211914,2.323117256164551,2.0460519790649414,1.6743377447128296,1.839876413345337,1.959385633468628,1.635006308555603,1.4900953769683838,1.8359394073486328,1.856655240058899,1.5767292976379395,1.7594388723373413,2.09798526763916,2.005967855453491,2.00314998626709,2.333735942840576,2.49161696434021,1.507717251777649,1.3114157915115356,1.4939981698989868,1.3551851511001587,0.9876493811607361,1.15656316280365,1.3854515552520752,1.1716848611831665,1.056504726409912,1.424356460571289,1.538953185081482,1.3850202560424805,1.6297247409820557,1.902138352394104,1.8850769996643066
A9,1.4226555824279785,1.1876158714294434,1.074227213859558,0.9073639512062073,0.6791548728942871,0.5630372166633606,0.5459305047988892,0.3813380300998688,0.0,0.37566059827804565,0.5515527725219727,0.5434033274650574,0.7239692807197571,0.9374017119407654,1.0474555492401123,1.787436604499817,1.4559292793273926,1.2858250141143799,1.3616786003112793,1.2244837284088135,0.8592774271965027,0.9345662593841553,1.1197950839996338,0.8796563148498535,0.7032503485679626,1.074405550956726,1.1872453689575195,1.0454181432724,1.2375257015228271,1.5462132692337036,2.0483460426330566,1.6743569374084473,1.6930111646652222,1.7812987565994263,1.4876320362091064,1.239729881286621,1.4976916313171387,1.537454605102539,1.1945903301239014,1.2797727584838867,1.6366950273513794,1.551774263381958,1.4563534259796143,1.773518443107605,1.9945898056030273,1.9844616651535034,1.6008061170578003,1.694786787033081,1.788313388824463,1.4685907363891602,1.2693880796432495,1.5773099660873413,1.6006876230239868,1.2867015600204468,1.4301837682724,1.778741478919983,1.6866509914398193,1.6481295824050903,1.9780899286270142,2.154907703399658,1.6454780101776123,1.3745043277740479,1.5072842836380005,1.41545832157135,1.0326560735702515,1.072015643119812,1.321593165397644,1.1493539810180664,0.917888879776001,1.255123496055603,1.4406096935272217,1.2676804065704346,1.4358636140823364,1.7499490976333618,1.7836582660675049
A10,1.5812188386917114,1.3489222526550293,1.1404469013214111,1.0193612575531006,0.9081379771232605,0.682256817817688,0.5217015743255615,0.5359731316566467,0.37566059827804565,0.0,0.3827045261859894,0.5381184220314026,0.5562390685081482,0.6920692324638367,0.9177296161651611,2.034947633743286,1.6813931465148926,1.5331870317459106,1.670773983001709,1.5390093326568604,1.1674648523330688,1.280375361442566,1.4885342121124268,1.2422983646392822,1.075966238975525,1.4405295848846436,1.5446534156799316,1.3630961179733276,1.5526738166809082,1.8798885345458984,2.2186055183410645,1.853647232055664,1.9349815845489502,2.0063209533691406,1.6749166250228882,1.4903168678283691,1.7733087539672852,1.7614104747772217,1.4193108081817627,1.5696262121200562,1.9002621173858643,1.7624421119689941,1.701876163482666,2.044447183609009,2.2218501567840576,2.059037208557129,1.7030549049377441,1.8197550773620605,1.8416270017623901,1.4844008684158325,1.3541213274002075,1.6404646635055542,1.5761141777038574,1.2499226331710815,1.4568061828613281,1.7583953142166138,1.5930148363113403,1.5908364057540894,1.9451607465744019,2.062911033630371,1.706141471862793,1.4713785648345947,1.5284382104873657,1.3611587285995483,1.006173014640808,1.049580693244934,1.1966516971588135,0.9504824280738831,0.7122666239738464,1.0511448383331299,1.1682629585266113,0.939945638179779,1.1393543481826782,1.4449483156204224,1.4367618560791016
A11,1.6600557565689087,1.5084847211837769,1.2794485092163086,1.0606200695037842,1.0179121494293213,0.9111908078193665,0.6289643049240112,0.5079113841056824,0.5515527725219727,0.3827045261859894,0.0,0.38300609588623047,0.5407167673110962,0.5115376710891724,0.6328709125518799,2.2230660915374756,1.9028953313827515,1.689537763595581,1.8069274425506592,1.7353159189224243,1.3606833219528198,1.372243881225586,1.598653793334961,1.3927247524261475,1.1331002712249756,1.4422837495803833,1.5918879508972168,1.360211968421936,1.4720631837844849,1.8338865041732788,2.5305593013763428,2.152787685394287,2.2110705375671387,2.3138880729675293,2.0048069953918457,1.7804268598556519,2.0484180450439453,2.0706286430358887,1.717979907989502,1.810056447982788,2.155850887298584,2.027714729309082,1.9077383279800415,2.2416298389434814,2.4488625526428223,2.368525505065918,2.0104360580444336,2.154006242752075,2.2002131938934326,1.8434252738952637,1.7160248756408691,2.0147693157196045,1.9582971334457397,1.63166344165802,1.8264755010604858,2.1327102184295654,1.9550694227218628,1.9298802614212036,2.289964199066162,2.4089198112487793,1.8788992166519165,1.6950502395629883,1.7954106330871582,1.5925060510635376,1.2459512948989868,1.3707220554351807,1.5030161142349243,1.2118072509765625,1.0464708805084229,1.3900039196014404,1.4395378828048706,1.1760181188583374,1.4145480394363403,1.6996805667877197,1.6157124042510986
A12,1.8557621240615845,1.6808090209960938,1.5202158689498901,1.2870805263519287,1.1421229839324951,1.0698590278625488,0.8940387964248657,0.6567473411560059,0.5434033274650574,0.5381184220314026,0.38300609588623047,0.0,0.3780796527862549,0.5327522158622742,0.5249196290969849,2.3007168769836426,1.9871107339859009,1.7841086387634277,1.8277852535247803,1.7124507427215576,1.3631591796875,1.3465102910995483,1.4914182424545288,1.2396252155303955,0.975480854511261,1.263384222984314,1.3448935747146606,1.062182903289795,1.203360676765442,1.5569095611572266,2.583014726638794,2.2135744094848633,2.2158823013305664,2.280895471572876,1.984865427017212,1.7363125085830688,1.9454960823059082,1.9520771503448486,1.5790976285934448,1.6249229907989502,1.9537829160690308,1.8054718971252441,1.6372692584991455,1.96953547000885,2.1797080039978027,2.513101577758789,2.135256052017212,2.2208316326141357,2.2857511043548584,1.9530528783798218,1.757461667060852,2.025031089782715,2.006390333175659,1.6527353525161743,1.7728807926177979,2.101480007171631,1.939755916595459,1.8414019346237183,2.1936917304992676,2.3568150997161865,2.1196508407592773,1.8869972229003906,2.0063352584838867,1.8579490184783936,1.4883787631988525,1.5500812530517578,1.7307428121566772,1.4838553667068481,1.2432407140731812,1.5625218152999878,1.677146553993225,1.3968085050582886,1.5578972101211548,1.8861987590789795,1.8374792337417603
A13,2.0916624069213867,1.8736085891723633,1.6860740184783936,1.517905831336975,1.3792210817337036,1.2099595069885254,1.0482481718063354,0.92497718334198,0.7239692807197571,0.5562390685081482,0.5407167673110962,0.3780796527862549,0.0,0.3681167960166931,0.5554862022399902,2.5050621032714844,2.1599953174591064,2.007493734359741,2.0780348777770996,1.9154621362686157,1.5669989585876465,1.6239144802093506,1.7508493661880493,1.450851321220398,1.2554434537887573,1.5716954469680786,1.593287706375122,1.3074684143066406,1.5057321786880493,1.8349920511245728,2.654024362564087,2.303605794906616,2.3386058807373047,2.3555641174316406,2.0257210731506348,1.8338013887405396,2.042854070663452,1.9808058738708496,1.6047099828720093,1.7140249013900757,2.002912998199463,1.790812373161316,1.666654348373413,2.0247175693511963,2.1749284267425537,2.5555579662323,2.1952099800109863,2.2548444271087646,2.2597672939300537,1.9184578657150269,1.7410284280776978,1.9599545001983643,1.8860223293304443,1.5166586637496948,1.6409317255020142,1.9295250177383423,1.7151240110397339,1.6096223592758179,1.97209632396698,2.101147174835205,2.2603964805603027,2.014512300491333,2.0673322677612305,1.9059877395629883,1.5581369400024414,1.5588126182556152,1.6826976537704468,1.4327255487442017,1.1471599340438843,1.4086225032806396,1.5118311643600464,1.1892591714859009,1.2922934293746948,1.6318930387496948,1.5831354856491089
A14,2.1642587184906006,1.992871642112732,1.7520594596862793,1.5642609596252441,1.5113236904144287,1.3559385538101196,1.0996840000152588,1.0096670389175415,0.9374017119407654,0.6920692324638367,0.5115376710891724,0.5327522158622742,0.3681167960166931,0.0,0.37421318888664246,2.6946988105773926,2.3566975593566895,2.1734421253204346,2.276893377304077,2.1615102291107178,1.7952990531921387,1.8253031969070435,1.9999057054519653,1.7377983331680298,1.4979026317596436,1.7949886322021484,1.8691667318344116,1.5720998048782349,1.7094086408615112,2.064107894897461,2.900360107421875,2.5397822856903076,2.601733922958374,2.649533987045288,2.3159210681915283,2.124875545501709,2.36142897605896,2.317006826400757,1.945889949798584,2.0573229789733887,2.359605312347412,2.1565775871276855,2.0299298763275146,2.3845250606536865,2.5418620109558105,2.7367208003997803,2.389636754989624,2.4942898750305176,2.487185001373291,2.1258544921875,1.9967113733291626,2.2347195148468018,2.1273257732391357,1.7723543643951416,1.9426591396331787,2.20873761177063,1.9643558263778687,1.8967677354812622,2.2648582458496094,2.3530588150024414,2.3329813480377197,2.13980770111084,2.1865785121917725,1.9683380126953125,1.6452423334121704,1.707824945449829,1.7780954837799072,1.472592830657959,1.258000373840332,1.526185393333435,1.5387402772903442,1.190045714378357,1.3559876680374146,1.6492241621017456,1.5169140100479126
A15,2.248828172683716,2.1183815002441406,1.9059765338897705,1.6554412841796875,1.5931543111801147,1.5208772420883179,1.2604671716690063,1.0682092905044556,1.0474555492401123,0.9177296161651611,0.6328709125518799,0.5249196290969849,0.5554862022399902,0.37421318888664246,0.0,2.7889256477355957,2.480332851409912,2.257502794265747,2.315262794494629,2.227527141571045,1.8743976354599,1.8299634456634521,1.9838017225265503,1.7476788759231567,1.4586820602416992,1.6917014122009277,1.7751206159591675,1.44553804397583,1.5195679664611816,1.8798103332519531,3.086925745010376,2.7165210247039795,2.73563551902771,2.799572706222534,2.4929420948028564,2.2576496601104736,2.4647841453552246,2.452989339828491,2.0746731758117676,2.1220409870147705,2.4319067001342773,2.2490532398223877,2.0632309913635254,2.3965744972229004,2.5862200260162354,2.969916582107544,2.6053357124328613,2.7088396549224854,2.742870807647705,2.3922204971313477,2.229623317718506,2.4815523624420166,2.4150846004486084,2.053882598876953,2.1894445419311523,2.4835329055786133,2.26427960395813,2.159156560897827,2.520463466644287,2.6433568000793457,2.5092198848724365,2.3215627670288086,2.419180154800415,2.2144525051116943,1.8726807832717896,1.9645811319351196,2.0771536827087402,1.7758299112319946,1.5704607963562012,1.863897681236267,1.8929731845855713,1.5554211139678955,1.7248642444610596,2.0228371620178223,1.8860396146774292
B1,0.9331307411193848,0.834334671497345,1.2060143947601318,1.3467782735824585,1.2177276611328125,1.3732255697250366,1.682979702949524,1.7429472208023071,1.787436604499817,2.034947633743286,2.2230660915374756,2.3007168769836426,2.5050621032714844,2.6946988105773926,2.7889256477355957,0.0,0.3949437141418457,0.5482980012893677,0.6008750200271606,0.7553370594978333,0.9754118919372559,1.0864002704620361,1.1891417503356934,1.4138104915618896,1.5777479410171509,1.651838779449463,1.8261090517044067,2.0760459899902344,2.1582601070404053,2.223045825958252,1.0086547136306763,0.7958216071128845,0.7379397749900818,1.1193087100982666,1.2169058322906494,1.0808277130126953,1.2621272802352905,1.5705296993255615,1.6311012506484985,1.6264070272445679,1.8615511655807495,2.107757568359375,2.1677052974700928,2.234069585800171,2.4767308235168457,1.1693977117538452,0.9823406338691711,1.1241159439086914,1.4754050970077515,1.4858053922653198,1.4153306484222412,1.6873319149017334,1.9322773218154907,1.9593770503997803,2.0426394939422607,2.3012819290161133,2.4812283515930176,2.577910900115967,2.723440647125244,2.9195261001586914,1.0573829412460327,0.8957520127296448,1.1883516311645508,1.4620635509490967,1.3999176025390625,1.4364748001098633,1.7435250282287598,1.9039353132247925,1.9389598369598389,2.1086699962615967,2.336759567260742,2.469581127166748,2.621354579925537,2.789078712463379,2.9516425132751465
B2,0.8420098423957825,0.5865724086761475,0.9338394403457642,1.106128454208374,0.9384106397628784,1.022335171699524,1.3600424528121948,1.449868083000183,1.4559292793273926,1.6813931465148926,1.9028953313827515,1.9871107339859009,2.1599953174591064,2.3566975593566895,2.480332851409912,0.3949437141418457,0.0,0.37905022501945496,0.5654921531677246,0.5720608830451965,0.6878947019577026,0.9113569259643555,1.055684208869934,1.1865044832229614,1.3519227504730225,1.5101839303970337,1.6662031412124634,1.8704512119293213,1.9997161626815796,2.108895778656006,0.9037177562713623,0.5700743794441223,0.6045950651168823,0.9543230533599854,0.9346050024032593,0.793536365032196,1.065356731414795,1.3247438669204712,1.3358874320983887,1.3930082321166992,1.6563643217086792,1.8485548496246338,1.9239544868469238,2.04335355758667,2.2680795192718506,0.9803035855293274,0.6899955868721008,0.8549027442932129,1.1839174032211304,1.1330456733703613,1.0503709316253662,1.3565336465835571,1.5771006345748901,1.5797581672668457,1.6870182752609253,1.9545501470565796,2.1092376708984375,2.2122578620910645,2.377971887588501,2.5632359981536865,0.896233856678009,0.6126980185508728,0.8941497206687927,1.1614376306533813,1.0552926063537598,1.0565086603164673,1.3834208250045776,1.5424574613571167,1.5527149438858032,1.7216717004776,1.9627519845962524,2.0876026153564453,2.229647159576416,2.406120777130127,2.574023485183716
B3,0.5684749484062195,0.3989742398262024,0.7580752968788147,0.8225184082984924,0.6749283671379089,0.8816684484481812,1.1604108810424805,1.2017662525177002,1.2858250141143799,1.5331870317459106,1.689537763595581,1.7841086387634277,2.007493734359741,2.1734421253204346,2.257502794265747,0.5482980012893677,0.37905022501945496,0.0,0.3754768967628479,0.5644494891166687,0.5633242130279541,0.6547912359237671,0.8967938423156738,1.0763752460479736,1.1458535194396973,1.280612826347351,1.5089702606201172,1.6881694793701172,1.7644686698913574,1.9048806428909302,1.281378149986267,0.9337666630744934,0.9240931272506714,1.2581664323806763,1.1991934776306152,0.9640998840332031,1.2377398014068604,1.5128445625305176,1.4409093856811523,1.4503294229507446,1.7682934999465942,1.943036675453186,1.9488972425460815,2.0898218154907227,2.356245517730713,1.2980024814605713,0.9863322377204895,1.1879254579544067,1.4858790636062622,1.3568631410598755,1.2547023296356201,1.6021751165390015,1.789757490158081,1.7215750217437744,1.8503360748291016,2.154571294784546,2.2596309185028076,2.336454153060913,2.5461771488189697,2.7368710041046143,0.8853809237480164,0.6659428477287292,1.0247148275375366,1.1840875148773193,1.011553168296814,1.1231379508972168,1.4540692567825317,1.523945689201355,1.5413421392440796,1.7803142070770264,1.9859720468521118,2.060246706008911,2.2496657371520996,2.445565938949585,2.5627150535583496
B4,0.8707440495491028,0.7609221935272217,1.092309832572937,1.0672943592071533,0.8381598591804504,1.0909714698791504,1.3683124780654907,1.3126657009124756,1.3616786003112793,1.670773983001709,1.8069274425506592,1.8277852535247803,2.0780348777770996,2.276893377304077,2.315262794494629,0.6008750200271606,0.5654921531677246,0.3754768967628479,0.0,0.38620665669441223,0.5561017394065857,0.5140634775161743,0.6283401250839233,0.9058974981307983,1.0177545547485352,1.0568428039550781,1.266446828842163,1.5073466300964355,1.5625147819519043,1.6416809558868408,1.3677170276641846,1.0536599159240723,0.8994453549385071,1.2156633138656616,1.2249277830123901,0.9275237321853638,1.1000666618347168,1.4270623922348022,1.372078537940979,1.2878854274749756,1.59466552734375,1.817264437675476,1.7843401432037354,1.8755145072937012,2.1716907024383545,1.5439056158065796,1.2289109230041504,1.3375648260116577,1.6703672409057617,1.576807975769043,1.3977923393249512,1.7128798961639404,1.9514002799987793,1.8630270957946777,1.9240455627441406,2.2519545555114746,2.383532762527466,2.4075112342834473,2.6019790172576904,2.8351011276245117,1.2565406560897827,1.0256733894348145,1.365940809249878,1.5402770042419434,1.3318043947219849,1.4005126953125,1.75798761844635,1.8209701776504517,1.7786099910736084,2.024641990661621,2.2631821632385254,2.302196502685547,2.4667534828186035,2.6971404552459717,2.8212320804595947
B5,1.1168943643569946,0.8755481839179993,1.1684757471084595,1.1775668859481812,0.863237738609314,1.0076789855957031,1.338773488998413,1.2860863208770752,1.2244837284088135,1.5390093326568604,1.7353159189224243,1.7124507427215576,1.9154621362686157,2.1615102291107178,2.227527141571045,0.7553370594978333,0.5720608830451965,0.5644494891166687,0.38620665669441223,0.0,0.3794335424900055,0.5358062386512756,0.5193402767181396,0.6682366728782654,0.8996885418891907,1.0119622945785522,1.1156188249588013,1.3593682050704956,1.500793218612671,1.5693211555480957,1.1910194158554077,0.869275689125061,0.67253178358078,0.9109832644462585,0.8876440525054932,0.5576629042625427,0.7285756468772888,1.043678641319275,0.9935532212257385,0.9272090792655945,1.2289884090423584,1.4451037645339966,1.446099042892456,1.5461843013763428,1.8185547590255737,1.4399887323379517,1.0929737091064453,1.109345555305481,1.4324513673782349,1.3490384817123413,1.1062053442001343,1.392061710357666,1.6559970378875732,1.5603766441345215,1.5769490003585815,1.910156011581421,2.061213731765747,2.0641605854034424,2.2417869567871094,2.4917101860046387,1.3739407062530518,1.0532573461532593,1.3249534368515015,1.5249463319778442,1.2869234085083008,1.2554277181625366,1.6321539878845215,1.7224643230438232,1.6136884689331055,1.8284233808517456,2.1133430004119873,2.1453380584716797,2.2586565017700195,2.508310556411743,2.6666224002838135
B6,0.9961959719657898,0.7172730565071106,0.9125723242759705,0.8782404065132141,0.5248402953147888,0.6510908007621765,0.9690045118331909,0.9164302349090576,0.8592774271965027,1.1674648523330688,1.3606833219528198,1.3631591796875,1.5669989585876465,1.7952990531921387,1.8743976354599,0.9754118919372559,0.6878947019577026,0.5633242130279541,0.5561017394065857,0.3794335424900055,0.0,0.3809884190559387,0.5528224110603333,0.5584691166877747,0.6781826019287109,0.9112326502799988,1.059226155281067,1.2046422958374023,1.361089825630188,1.5174999237060547,1.377402663230896,1.0049961805343628,0.9293705821037292,1.1264487504959106,0.9696754813194275,0.6395116448402405,0.9117237329483032,1.1335970163345337,0.9618842601776123,0.9635483622550964,1.3215545415878296,1.4432231187820435,1.4185738563537598,1.6024078130722046,1.8690910339355469,1.4785441160202026,1.0926867723464966,1.1698989868164062,1.4258480072021484,1.2438969612121582,1.0108963251113892,1.3487040996551514,1.5423660278320312,1.3829799890518188,1.4581515789031982,1.809617042541504,1.8933041095733643,1.9006401300430298,2.1301047801971436,2.3566348552703857,1.2660928964614868,0.9374883770942688,1.1970539093017578,1.3134922981262207,1.0136940479278564,1.0186686515808105,1.3926390409469604,1.4210717678070068,1.2989553213119507,1.5569019317626953,1.8192797899246216,1.8163968324661255,1.9564436674118042,2.216813087463379,2.3445427417755127
B7,1.002867579460144,0.861430287361145,1.0496906042099,0.8870900273323059,0.5675257444381714,0.850623607635498,1.0609174966812134,0.8967215418815613,0.9345662593841553,1.280375361442566,1.372243881225586,1.3465102910995483,1.6239144802093506,1.8253031969070435,1.8299634456634521,1.0864002704620361,0.9113569259643555,0.6547912359237671,0.5140634775161743,0.5358062386512756,0.3809884190559387,0.0,0.37268245220184326,0.5509914755821228,0.5251149535179138,0.6317821741104126,0.8878415822982788,1.049222707748413,1.1105563640594482,1.266005277633667,1.6856415271759033,1.3272349834442139,1.1980699300765991,1.4205281734466553,1.3169889450073242,0.9607930779457092,1.1476061344146729,1.4069125652313232,1.220368504524231,1.119781494140625,1.486728549003601,1.6283782720565796,1.5205848217010498,1.6775153875350952,1.9927948713302612,1.8067177534103394,1.4341801404953003,1.5300042629241943,1.8018625974655151,1.6192795038223267,1.3894752264022827,1.7214570045471191,1.9140263795852661,1.7293448448181152,1.792267918586731,2.1572680473327637,2.2238235473632812,2.1980271339416504,2.4408345222473145,2.68169903755188,1.4422433376312256,1.1822363138198853,1.4912426471710205,1.5677413940429688,1.2594823837280273,1.3421146869659424,1.7006698846817017,1.6742048263549805,1.5651307106018066,1.8624879121780396,2.09316349029541,2.0496718883514404,2.2206132411956787,2.493346929550171,2.5800702571868896
B8,1.3361395597457886,1.173020362854004,1.3917428255081177,1.2542349100112915,0.9128713607788086,1.1320579051971436,1.367982268333435,1.1741708517074585,1.1197950839996338,1.4885342121124268,1.598653793334961,1.4914182424545288,1.7508493661880493,1.9999057054519653,1.9838017225265503,1.1891417503356934,1.055684208869934,0.8967938423156738,0.6283401250839233,0.5193402767181396,0.5528224110603333,0.37268245220184326,0.0,0.3834231197834015,0.5321051478385925,0.509494960308075,0.6404391527175903,0.9114711880683899,1.0029281377792358,1.056660532951355,1.6931706666946411,1.3772177696228027,1.1565721035003662,1.3200289011001587,1.2724127769470215,0.8981783390045166,0.9586808681488037,1.2395784854888916,1.0851490497589111,0.8842172622680664,1.223145604133606,1.41249680519104,1.278509259223938,1.3765846490859985,1.7126654386520386,1.9406559467315674,1.574199914932251,1.5842456817626953,1.874668002128601,1.741162896156311,1.454164743423462,1.731514811515808,1.9728007316589355,1.791368842124939,1.7759606838226318,2.1466057300567627,2.2517592906951904,2.1786398887634277,2.38816237449646,2.6680307388305664,1.740275502204895,1.4471893310546875,1.7347307205200195,1.8572334051132202,1.5512226819992065,1.563285231590271,1.9368560314178467,1.9410662651062012,1.781630516052246,2.049788475036621,2.3213534355163574,2.2686502933502197,2.391697406768799,2.6860318183898926,2.8006486892700195
B9,1.499345064163208,1.2635878324508667,1.410820484161377,1.284084677696228,0.909582793712616,1.0147713422775269,1.2466803789138794,1.0483852624893188,0.8796563148498535,1.2422983646392822,1.3927247524261475,1.2396252155303955,1.450851321220398,1.7377983331680298,1.7476788759231567,1.4138104915618896,1.1865044832229614,1.0763752460479736,0.9058974981307983,0.6682366728782654,0.5584691166877747,0.5509914755821228,0.3834231197834015,0.0,0.374300092458725,0.5612674355506897,0.5407968759536743,0.71590656042099,0.9377336502075195,1.0441962480545044,1.7211638689041138,1.3972668647766113,1.2181308269500732,1.2920920848846436,1.15618896484375,0.7950587272644043,0.8686363101005554,1.0476607084274292,0.8014647960662842,0.6340571045875549,1.0100759267807007,1.1140239238739014,0.9719023108482361,1.1490381956100464,1.4610248804092407,1.9410594701766968,1.555840253829956,1.5278691053390503,1.7617628574371338,1.5946688652038574,1.2729876041412354,1.5274308919906616,1.7416939735412598,1.51451575756073,1.4787713289260864,1.86030912399292,1.9383078813552856,1.8346755504608154,2.059058427810669,2.343034505844116,1.8214924335479736,1.4882543087005615,1.714263677597046,1.81055748462677,1.473156452178955,1.4284093379974365,1.790840983390808,1.779820203781128,1.5578583478927612,1.813643217086792,2.103318929672241,2.0185627937316895,2.1055524349212646,2.4217092990875244,2.544417142868042
B10,1.4440656900405884,1.2683606147766113,1.3456459045410156,1.1286156177520752,0.793474555015564,0.9525496363639832,1.0757449865341187,0.7938305139541626,0.7032503485679626,1.075966238975525,1.1331002712249756,0.975480854511261,1.2554434537887573,1.4979026317596436,1.4586820602416992,1.5777479410171509,1.3519227504730225,1.1458535194396973,1.0177545547485352,0.8996885418891907,0.6781826019287109,0.5251149535179138,0.5321051478385925,0.374300092458725,0.0,0.38687989115715027,0.5412044525146484,0.5593367218971252,0.7052551507949829,0.9309027791023254,2.003833770751953,1.6502174139022827,1.5149259567260742,1.6294654607772827,1.4629340171813965,1.1079210042953491,1.234923243522644,1.3962817192077637,1.1073685884475708,0.9770898818969727,1.349849820137024,1.3969874382019043,1.2034019231796265,1.4156851768493652,1.732286810874939,2.1364612579345703,1.742547631263733,1.779561996459961,1.9924818277359009,1.7706303596496582,1.4862767457962036,1.77704656124115,1.936957836151123,1.6706990003585815,1.690250039100647,2.074678897857666,2.091295003890991,1.9893391132354736,2.2575738430023193,2.5175371170043945,1.8399055004119873,1.5513145923614502,1.7955873012542725,1.8191702365875244,1.4561257362365723,1.4896472692489624,1.827186107635498,1.7417594194412231,1.5364453792572021,1.843178391456604,2.082557439804077,1.9520986080169678,2.0867834091186523,2.4074010848999023,2.475144147872925
B11,1.5862586498260498,1.4790444374084473,1.6061955690383911,1.362321138381958,1.0594298839569092,1.2924182415008545,1.4040729999542236,1.0993601083755493,1.074405550956726,1.4405295848846436,1.4422837495803833,1.263384222984314,1.5716954469680786,1.7949886322021484,1.6917014122009277,1.651838779449463,1.5101839303970337,1.280612826347351,1.0568428039550781,1.0119622945785522,0.9112326502799988,0.6317821741104126,0.509494960308075,0.5612674355506897,0.38687989115715027,0.0,0.3836878836154938,0.5363593101501465,0.5079672932624817,0.6397483944892883,2.1836605072021484,1.8520359992980957,1.6554619073867798,1.7892343997955322,1.6952803134918213,1.3229304552078247,1.3726609945297241,1.5863407850265503,1.347913146018982,1.1227684020996094,1.4579898118972778,1.5663422346115112,1.3236080408096313,1.452460527420044,1.8086626529693604,2.3823249340057373,1.9996055364608765,2.0278356075286865,2.2805044651031494,2.093554735183716,1.801108717918396,2.079681873321533,2.2749195098876953,2.0262644290924072,2.013969898223877,2.3990726470947266,2.441941738128662,2.3195102214813232,2.5665574073791504,2.848623752593994,2.0612285137176514,1.797707438468933,2.0812652111053467,2.1269381046295166,1.7796382904052734,1.8340526819229126,2.1819710731506348,2.1042640209198,1.9173527956008911,2.2250711917877197,2.4628477096557617,2.3336126804351807,2.472669839859009,2.793818235397339,2.8552756309509277
B12,1.886075735092163,1.7214678525924683,1.8553014993667603,1.650705337524414,1.3107261657714844,1.4680265188217163,1.612742304801941,1.3206994533538818,1.1872453689575195,1.5446534156799316,1.5918879508972168,1.3448935747146606,1.593287706375122,1.8691667318344116,1.7751206159591675,1.8261090517044067,1.6662031412124634,1.5089702606201172,1.266446828842163,1.1156188249588013,1.059226155281067,0.8878415822982788,0.6404391527175903,0.5407968759536743,0.5412044525146484,0.3836878836154938,0.0,0.3765958547592163,0.5251290798187256,0.5170552730560303,2.206578493118286,1.9060871601104736,1.678090214729309,1.7322193384170532,1.6447267532348633,1.2927958965301514,1.2559531927108765,1.4195812940597534,1.1836570501327515,0.9036238789558411,1.188881754875183,1.283218264579773,0.9983097314834595,1.1009141206741333,1.4617328643798828,2.4726240634918213,2.091360330581665,2.0506083965301514,2.2875914573669434,2.125903606414795,1.792441725730896,2.013732671737671,2.226839780807495,1.971142292022705,1.8915860652923584,2.2720088958740234,2.332341194152832,2.1611647605895996,2.380587339401245,2.6905782222747803,2.2986068725585938,1.9928275346755981,2.2400972843170166,2.3121466636657715,1.9598541259765625,1.9445728063583374,2.2952449321746826,2.24131441116333,2.0013480186462402,2.2736446857452393,2.5469777584075928,2.4064903259277344,2.4899022579193115,2.829866886138916,2.919996738433838
B13,1.9934478998184204,1.8273781538009644,1.8875024318695068,1.649448275566101,1.3368282318115234,1.4518241882324219,1.5196559429168701,1.1951619386672974,1.0454181432724,1.3630961179733276,1.360211968421936,1.062182903289795,1.3074684143066406,1.5720998048782349,1.44553804397583,2.0760459899902344,1.8704512119293213,1.6881694793701172,1.5073466300964355,1.3593682050704956,1.2046422958374023,1.049222707748413,0.9114711880683899,0.71590656042099,0.5593367218971252,0.5363593101501465,0.3765958547592163,0.0,0.3677651584148407,0.5587896108627319,2.431417942047119,2.10821270942688,1.928997278213501,1.9699925184249878,1.8188221454620361,1.482995629310608,1.496883511543274,1.5960707664489746,1.2933562994003296,1.0838574171066284,1.373456358909607,1.3641068935394287,1.0519182682037354,1.238317847251892,1.5605013370513916,2.6274192333221436,2.2344982624053955,2.2136855125427246,2.406055212020874,2.1961770057678223,1.8740662336349487,2.099332094192505,2.258047342300415,1.9563608169555664,1.9001446962356567,2.2791380882263184,2.278698682785034,2.088214874267578,2.343491554260254,2.6347525119781494,2.3966758251190186,2.09916353225708,2.321096181869507,2.3369460105895996,1.963287591934204,1.9608145952224731,2.2799835205078125,2.1733157634735107,1.9115418195724487,2.1975021362304688,2.442927598953247,2.2518584728240967,2.337766647338867,2.6898012161254883,2.7455122470855713
