,A1,A2,A3,A4,A5,A6,A7,A8,A9,A10,A11,A12,A13,A14,A15,B1,B2,B3,B4,B5,B6,B7,B8,B9,B10,B11,B12,B13,B14,B15,C1,C2,C3,C4,C5,C6,C7,C8,C9,C10,C11,C12,C13,C14,C15,D1,D2,D3,D4,D5,D6,D7,D8,D9,D10,D11,D12,D13,D14,D15,E1,E2,E3,E4,E5,E6,E7,E8,E9,E10,E11,E12,E13,E14,E15
A1,0.0,0.39963510632514954,0.5415211319923401,0.5745568871498108,0.7239673733711243,0.9395749568939209,1.0410075187683105,1.1243062019348145,1.344165325164795,1.5075526237487793,1.6016161441802979,1.7649673223495483,1.983507752418518,2.0996813774108887,2.2038025856018066,1.1043654680252075,0.8777638077735901,0.6852555274963379,1.0337985754013062,1.1521590948104858,0.9193421602249146,1.0116019248962402,1.3533698320388794,1.387445092201233,1.2985361814498901,1.5368520021438599,1.793578863143921,1.7946637868881226,1.8751556873321533,2.158201217651367,0.916904091835022,0.6907430291175842,0.8476783037185669,1.1858620643615723,1.1949986219406128,1.11463463306427,1.3559377193450928,1.5965397357940674,1.6106572151184082,1.677821397781372,1.9372947216033936,2.099776268005371,2.159423351287842,2.3086986541748047,2.536653518676758,2.602773666381836,2.2967031002044678,2.50270676612854,2.5060224533081055,2.12343430519104,2.1110780239105225,2.4052791595458984,2.270829916000366,1.9723180532455444,2.2271909713745117,2.4833877086639404,2.224933385848999,2.227308988571167,2.600470781326294,2.6534316539764404,2.731782913208008,2.410041570663452,2.35247802734375,2.3070573806762695,2.020953893661499,1.8223841190338135,1.8969770669937134,1.8016859292984009,1.4360311031341553,1.4257593154907227,1.6074106693267822,1.3332757949829102,1.0944775342941284,1.387765645980835,1.4824998378753662
A2,0.39963510632514954,0.0,0.3786636292934418,0.562933623790741,0.5520627498626709,0.6491948962211609,0.868754506111145,0.9970514178276062,1.1116735935211182,1.270193099975586,1.45261549949646,1.5934325456619263,1.756091594696045,1.9159178733825684,2.065016984939575,0.8322566151618958,0.5301498770713806,0.38416457176208496,0.7313629388809204,0.7739121913909912,0.5658131837844849,0.7475230097770691,1.040536880493164,1.069306492805481,1.068281888961792,1.3143411874771118,1.524428129196167,1.576208233833313,1.7053141593933105,1.9484180212020874,0.8222255110740662,0.4866533875465393,0.553718626499176,0.8970160484313965,0.8783248662948608,0.730078399181366,0.97884202003479,1.2336663007736206,1.2293205261230469,1.2788491249084473,1.5479775667190552,1.7114906311035156,1.7616589069366455,1.910381555557251,2.143150568008423,2.329680919647217,2.02471661567688,2.1990044116973877,2.174593448638916,1.7906808853149414,1.778220534324646,2.048657178878784,1.8960131406784058,1.593828558921814,1.8548994064331055,2.094466209411621,1.8282705545425415,1.8442755937576294,2.2152528762817383,2.2593014240264893,2.459777355194092,2.118361711502075,2.1034131050109863,2.0903401374816895,1.7763023376464844,1.5780079364776611,1.7221041917800903,1.6448974609375,1.2588783502578735,1.307656168937683,1.560034990310669,1.3082391023635864,1.1206436157226562,1.4684382677078247,1.5957704782485962
A3,0.5415211319923401,0.3786636292934418,0.0,0.37605270743370056,0.550927460193634,0.5341621041297913,0.608557939529419,0.8407521843910217,1.0110982656478882,1.071212649345398,1.2193554639816284,1.4366813898086548,1.5831360816955566,1.6815935373306274,1.8535993099212646,1.025282859802246,0.6714334487915039,0.7118281126022339,1.0484256744384766,0.994779109954834,0.7881166934967041,1.0625261068344116,1.3144593238830566,1.2588773965835571,1.2906417846679688,1.5934078693389893,1.749184250831604,1.766869068145752,1.948447346687317,2.202033281326294,0.5379897952079773,0.18690109252929688,0.5027944445610046,0.7373778820037842,0.680466890335083,0.7127276659011841,0.9707667231559753,1.1286985874176025,1.1769044399261475,1.3223642110824585,1.540852427482605,1.6655174493789673,1.790544867515564,1.955396056175232,2.1284141540527344,2.3675920963287354,2.022916555404663,2.169769048690796,2.1976966857910156,1.8254612684249878,1.7352436780929565,2.017272710800171,1.9235682487487793,1.5829333066940308,1.7835626602172852,2.0718917846679688,1.8325456380844116,1.7755597829818726,2.1501543521881104,2.249657392501831,2.356092691421509,2.0507864952087402,2.0514748096466064,1.9760549068450928,1.6454678773880005,1.520859956741333,1.6459828615188599,1.4906352758407593,1.1294063329696655,1.2566829919815063,1.4440910816192627,1.1330772638320923,1.0418988466262817,1.3994085788726807,1.4457284212112427
A4,0.5745568871498108,0.562933623790741,0.37605270743370056,0.0,0.38423246145248413,0.5626152157783508,0.5062892436981201,0.5916216373443604,0.8751281499862671,0.9919406771659851,1.0351111888885498,1.2326221466064453,1.4567697048187256,1.5383858680725098,1.6412900686264038,1.3518402576446533,0.9940929412841797,0.9398047924041748,1.2546446323394775,1.1900948286056519,0.885565996170044,1.1195546388626099,1.3997111320495605,1.2763519287109375,1.2225522994995117,1.565515160560608,1.7219868898391724,1.65969979763031,1.8371092081069946,2.1339359283447266,0.8367729783058167,0.5405107736587524,0.870465099811554,1.0765379667282104,0.9200940132141113,0.9452767372131348,1.2663456201553345,1.3819808959960938,1.3513301610946655,1.5385127067565918,1.7972278594970703,1.8634014129638672,1.9669209718704224,2.1814284324645996,2.3549106121063232,2.256497383117676,1.909237265586853,2.1017649173736572,2.1739585399627686,1.8091777563095093,1.728223204612732,2.053591012954712,1.9979579448699951,1.6849756240844727,1.896162509918213,2.211496591567993,2.0182507038116455,1.979999303817749,2.3509809970855713,2.4772541522979736,2.254546642303467,1.9717992544174194,1.9096943140029907,1.806886911392212,1.5219279527664185,1.3795310258865356,1.4253654479980469,1.2693296670913696,0.9254875779151917,0.9854713082313538,1.1236013174057007,0.808007538318634,0.6815667152404785,1.0283280611038208,1.077636957168579
A5,0.7239673733711243,0.5520627498626709,0.550927460193634,0.38423246145248413,0.0,0.3852763772010803,0.5309986472129822,0.48349490761756897,0.6316352486610413,0.8674396276473999,0.9899049997329712,1.0771546363830566,1.2961739301681519,1.4658972024917603,1.5621914863586426,1.2990211248397827,0.9341321587562561,0.8388113975524902,1.0654436349868774,0.9464770555496216,0.5945305824279785,0.8257285952568054,1.074250340461731,0.9085915088653564,0.851324737071991,1.2107363939285278,1.343137264251709,1.2820733785629272,1.4780038595199585,1.7633471488952637,1.0721265077590942,0.6902288198471069,0.9130098819732666,1.1242667436599731,0.9003303647041321,0.7953667044639587,1.1569143533706665,1.286059856414795,1.157538652420044,1.3193339109420776,1.6327245235443115,1.6743192672729492,1.7169506549835205,1.9583165645599365,2.163027763366699,1.916544795036316,1.5898032188415527,1.8012733459472656,1.8444452285766602,1.4730859994888306,1.4441927671432495,1.7726764678955078,1.6936111450195312,1.4172734022140503,1.6752761602401733,1.9676923751831055,1.7874479293823242,1.8111528158187866,2.174837827682495,2.282285213470459,2.0162925720214844,1.7001193761825562,1.6299854516983032,1.5892482995986938,1.3115804195404053,1.0991984605789185,1.1887571811676025,1.1192492246627808,0.7372149229049683,0.7582296133041382,1.0186116695404053,0.8083269596099854,0.6421024799346924,1.0100297927856445,1.172629952430725
A6,0.9395749568939209,0.6491948962211609,0.5341621041297913,0.5626152157783508,0.3852763772010803,0.0,0.3754783570766449,0.535292387008667,0.5205308198928833,0.6289663314819336,0.8766704797744751,1.0073877573013306,1.1170862913131714,1.2935324907302856,1.4769487380981445,1.2000091075897217,0.8064115643501282,0.8673700094223022,1.0616856813430786,0.8373573422431946,0.5878735780715942,0.9336358308792114,1.0819388628005981,0.891761302947998,0.9862721562385559,1.334080696105957,1.3886022567749023,1.3880103826522827,1.6437227725982666,1.8738600015640259,0.9343172311782837,0.5680966973304749,0.741840660572052,0.8421873450279236,0.5476132035255432,0.49290579557418823,0.8557909727096558,0.9207438826560974,0.8076642155647278,1.02351975440979,1.3005844354629517,1.3244976997375488,1.416642665863037,1.6558817625045776,1.8242928981781006,1.8478522300720215,1.496718168258667,1.6356760263442993,1.673880934715271,1.3074898719787598,1.2104401588439941,1.5121442079544067,1.445860743522644,1.1230981349945068,1.3426306247711182,1.6503589153289795,1.468259334564209,1.4503530263900757,1.8168480396270752,1.9459213018417358,1.8393248319625854,1.5208216905593872,1.5316112041473389,1.4855027198791504,1.1468315124511719,1.0074142217636108,1.1877650022506714,1.0735737085342407,0.7000816464424133,0.8897127509117126,1.1543490886688232,0.9329442381858826,0.9146162271499634,1.2859071493148804,1.396651029586792
A7,1.0410075187683105,0.868754506111145,0.608557939529419,0.5062892436981201,0.5309986472129822,0.3754783570766449,0.0,0.37283122539520264,0.5412840247154236,0.5100732445716858,0.6131154298782349,0.8593537211418152,1.0031977891921997,1.0774160623550415,1.249160885810852,1.4912413358688354,1.0948776006698608,1.168575406074524,1.4121516942977905,1.2092856168746948,0.949796199798584,1.2738573551177979,1.4455736875534058,1.2249025106430054,1.2731674909591675,1.6469030380249023,1.6925697326660156,1.6312459707260132,1.8955904245376587,2.154513120651245,0.9166382551193237,0.6459670066833496,0.9405502080917358,0.9773761630058289,0.673402726650238,0.8028549551963806,1.125797152519226,1.1057794094085693,1.0418572425842285,1.3248788118362427,1.5505012273788452,1.530833125114441,1.679032564163208,1.9299213886260986,2.0448615550994873,1.972014307975769,1.5924571752548218,1.727540135383606,1.8402353525161743,1.5039517879486084,1.3407429456710815,1.6631816625595093,1.6724313497543335,1.3449397087097168,1.4944391250610352,1.847499966621399,1.710094690322876,1.6300312280654907,1.9857097864151,2.167653799057007,1.8247617483139038,1.5680346488952637,1.5553019046783447,1.417901873588562,1.0951616764068604,1.0443530082702637,1.136078953742981,0.9166684150695801,0.6008760929107666,0.8446933031082153,0.9832237362861633,0.6879087686538696,0.788381040096283,1.1350809335708618,1.1546450853347778
A8,1.1243062019348145,0.9970514178276062,0.8407521843910217,0.5916216373443604,0.48349490761756897,0.535292387008667,0.37283122539520264,0.0,0.38960856199264526,0.5526236295700073,0.5311146378517151,0.6457804441452026,0.9106796979904175,1.0247119665145874,1.0909416675567627,1.7020846605300903,1.3115876913070679,1.2953990697860718,1.5051006078720093,1.3094698190689087,0.9863901138305664,1.244431972503662,1.4225349426269531,1.1512569189071655,1.1157517433166504,1.507352590560913,1.5458930730819702,1.4098588228225708,1.6683659553527832,1.9564064741134644,1.2480297088623047,0.9364004135131836,1.2210499048233032,1.3119983673095703,0.9950060248374939,1.021945595741272,1.3800760507583618,1.379197120666504,1.2236878871917725,1.4897429943084717,1.7689297199249268,1.7137328386306763,1.8005938529968262,2.089482307434082,2.2298154830932617,1.7673003673553467,1.400905728340149,1.601393222808838,1.7396740913391113,1.4128998517990112,1.3010989427566528,1.6604173183441162,1.6846437454223633,1.4162687063217163,1.6039172410964966,1.9504997730255127,1.8515625,1.828697681427002,2.171311616897583,2.3494298458099365,1.702026605606079,1.4509066343307495,1.3552370071411133,1.2232409715652466,0.9686610698699951,0.8447360396385193,0.849727988243103,0.6808223128318787,0.34393906593322754,0.4843290150165558,0.6371335983276367,0.40574148297309875,0.48824623227119446,0.8198086619377136,0.9119554758071899
A9,1.344165325164795,1.1116735935211182,1.0110982656478882,0.8751281499862671,0.6316352486610413,0.5205308198928833,0.5412840247154236,0.38960856199264526,0.0,0.37448790669441223,0.5656723380088806,0.5271264314651489,0.6819408535957336,0.9220685958862305,1.0433905124664307,1.677321434020996,1.2970030307769775,1.3179889917373657,1.4415981769561768,1.1690735816955566,0.8995375633239746,1.1724776029586792,1.250420331954956,0.9231889843940735,0.9773309230804443,1.355290412902832,1.3086578845977783,1.2035064697265625,1.5178614854812622,1.7533955574035645,1.3995569944381714,1.0648303031921387,1.2566423416137695,1.2986551523208618,0.9356041550636292,0.8994424939155579,1.2404636144638062,1.2005481719970703,0.9595345854759216,1.2312781810760498,1.5224509239196777,1.4176744222640991,1.4722726345062256,1.7876582145690918,1.9261579513549805,1.435187578201294,1.061076045036316,1.2362022399902344,1.3567754030227661,1.0300483703613281,0.9150892496109009,1.2761194705963135,1.3048715591430664,1.059744119644165,1.2594391107559204,1.5955743789672852,1.527952790260315,1.5396558046340942,1.864056944847107,2.0414884090423584,1.3920996189117432,1.099490761756897,1.0477938652038574,0.9809112548828125,0.6804322004318237,0.5182200074195862,0.6728058457374573,0.5931885838508606,0.24042224884033203,0.5064640641212463,0.7871755361557007,0.7151775360107422,0.805787980556488,1.1039303541183472,1.2467666864395142
A10,1.5075526237487793,1.270193099975586,1.071212649345398,0.9919406771659851,0.8674396276473999,0.6289663314819336,0.5100732445716858,0.5526236295700073,0.37448790669441223,0.0,0.3946087956428528,0.5284377336502075,0.5217084288597107,0.6755561232566833,0.9118790626525879,1.765598177909851,1.379569172859192,1.4888415336608887,1.6371428966522217,1.3401567935943604,1.1319233179092407,1.4556913375854492,1.515174150466919,1.2076570987701416,1.3235284090042114,1.6898298263549805,1.620024561882019,1.5463826656341553,1.875633716583252,2.087294101715088,1.3264249563217163,1.0721299648284912,1.2714565992355347,1.20989191532135,0.827030599117279,0.9334020018577576,1.2183408737182617,1.0765564441680908,0.9016707539558411,1.2455190420150757,1.4545096158981323,1.312420129776001,1.4559261798858643,1.7599700689315796,1.8273522853851318,1.5931590795516968,1.1977179050445557,1.2770256996154785,1.4384775161743164,1.1548864841461182,0.9179126620292664,1.2445414066314697,1.3381916284561157,1.0481419563293457,1.1396008729934692,1.518547534942627,1.4765255451202393,1.399845004081726,1.7138317823410034,1.9439016580581665,1.3277915716171265,1.093117356300354,1.1246044635772705,0.974955141544342,0.6172945499420166,0.6771994829177856,0.8341206908226013,0.6118919253349304,0.4268359839916229,0.7985266447067261,0.9502158761024475,0.8153299689292908,1.0275782346725464,1.314011812210083,1.3605639934539795
A11,1.6016161441802979,1.45261549949646,1.2193554639816284,1.0351111888885498,0.9899049997329712,0.8766704797744751,0.6131154298782349,0.5311146378517151,0.5656723380088806,0.3946087956428528,0.0,0.3811781406402588,0.5399911999702454,0.5132399797439575,0.6376608610153198,2.0601065158843994,1.6639608144760132,1.7333929538726807,1.923709750175476,1.6640828847885132,1.402317762374878,1.6976710557937622,1.8058876991271973,1.4881103038787842,1.5235073566436768,1.9087885618209839,1.8601570129394531,1.7159897089004517,2.026669979095459,2.278697967529297,1.4742408990859985,1.253164529800415,1.5267497301101685,1.4902621507644653,1.1318366527557373,1.2721086740493774,1.5746123790740967,1.4418693780899048,1.2947620153427124,1.6363110542297363,1.8437386751174927,1.6969587802886963,1.8435735702514648,2.152698516845703,2.207914352416992,1.7279421091079712,1.335644245147705,1.4543956518173218,1.6813349723815918,1.4315440654754639,1.2046890258789062,1.5438494682312012,1.6796125173568726,1.4217205047607422,1.493091344833374,1.8774256706237793,1.8629509210586548,1.7740789651870728,2.073643922805786,2.3229386806488037,1.3966392278671265,1.246545672416687,1.1909791231155396,0.9400432705879211,0.6942481398582458,0.7993163466453552,0.7694324851036072,0.4240049421787262,0.4200907051563263,0.7311859726905823,0.7044456601142883,0.5682689547538757,0.8932448625564575,1.0994420051574707,1.0748813152313232
A12,1.7649673223495483,1.5934325456619263,1.4366813898086548,1.2326221466064453,1.0771546363830566,1.0073877573013306,0.8593537211418152,0.6457804441452026,0.5271264314651489,0.5284377336502075,0.3811781406402588,0.0,0.3819974660873413,0.538163423538208,0.53311687707901,2.192228317260742,1.8053890466690063,1.8344866037368774,1.9674032926559448,1.6898949146270752,1.4226397275924683,1.6706761121749878,1.7351109981536865,1.3767006397247314,1.3919740915298462,1.7600438594818115,1.6622098684310913,1.476738452911377,1.8006070852279663,2.0382843017578125,1.7664673328399658,1.4891167879104614,1.7268754243850708,1.7180064916610718,1.3398900032043457,1.3885492086410522,1.703036904335022,1.5832393169403076,1.3488017320632935,1.6625348329544067,1.9089387655258179,1.7244374752044678,1.8028852939605713,2.143418073654175,2.2196850776672363,1.3834445476531982,1.0033811330795288,1.1665347814559937,1.4180341958999634,1.2005642652511597,1.0213607549667358,1.3771517276763916,1.5306764841079712,1.3486297130584717,1.4510360956192017,1.8090614080429077,1.8396245241165161,1.8163055181503296,2.091535806655884,2.3280842304229736,1.1272464990615845,0.9722493886947632,0.8436678647994995,0.608778715133667,0.44208863377571106,0.49852097034454346,0.39852529764175415,0.0880625769495964,0.34162524342536926,0.5630322098731995,0.5876270532608032,0.6705635190010071,0.9343270659446716,1.0867111682891846,1.1587262153625488
A13,1.983507752418518,1.756091594696045,1.5831360816955566,1.4567697048187256,1.2961739301681519,1.1170862913131714,1.0031977891921997,0.9106796979904175,0.6819408535957336,0.5217084288597107,0.5399911999702454,0.3819974660873413,0.0,0.3736773431301117,0.5659098029136658,2.2384181022644043,1.8637186288833618,1.9557349681854248,2.0562262535095215,1.7332195043563843,1.5348330736160278,1.8137032985687256,1.8153555393218994,1.4549578428268433,1.558030128479004,1.9017767906188965,1.7475329637527466,1.6179949045181274,1.9733736515045166,2.156148672103882,1.8400201797485352,1.5931289196014404,1.7808784246444702,1.6980477571487427,1.3121957778930664,1.3892916440963745,1.6455416679382324,1.4533747434616089,1.216366171836853,1.550919771194458,1.742388129234314,1.5015770196914673,1.6077674627304077,1.9491122961044312,1.972616195678711,1.3150029182434082,0.9280803203582764,0.9663788080215454,1.240088701248169,1.076407790184021,0.8026115298271179,1.1134514808654785,1.3294018507003784,1.1568013429641724,1.1756846904754639,1.5403560400009155,1.6227483749389648,1.569549798965454,1.8067888021469116,2.0747969150543213,0.8639103770256042,0.7374467253684998,0.7475379109382629,0.5046755075454712,0.2106626033782959,0.5371301770210266,0.6192150115966797,0.43998539447784424,0.6131190061569214,0.9023926258087158,0.9685217142105103,1.0136172771453857,1.2842791080474854,1.465088129043579,1.516405463218689
A14,2.0996813774108887,1.9159178733825684,1.6815935373306274,1.5383858680725098,1.4658972024917603,1.2935324907302856,1.0774160623550415,1.0247119665145874,0.9220685958862305,0.6755561232566833,0.5132399797439575,0.538163423538208,0.3736773431301117,0.0,0.37870556116104126,2.433030366897583,2.0480847358703613,2.159484386444092,2.307090997695923,2.0003020763397217,1.7895196676254272,2.0885791778564453,2.1280272006988525,1.7808506488800049,1.8653427362442017,2.227205276489258,2.100121021270752,1.9572526216506958,2.3010213375091553,2.5063624382019043,1.8691723346710205,1.6842063665390015,1.9140305519104004,1.8022692203521729,1.4343066215515137,1.5940706729888916,1.8400330543518066,1.6199862957000732,1.4552277326583862,1.8153181076049805,1.9652982950210571,1.7309657335281372,1.893851399421692,2.215514659881592,2.199244976043701,1.6475886106491089,1.2743185758590698,1.2919259071350098,1.5886670351028442,1.4453115463256836,1.1488215923309326,1.4257155656814575,1.6632921695709229,1.4638975858688354,1.4271924495697021,1.806665062904358,1.8899049758911133,1.7736974954605103,2.0026443004608154,2.3019611835479736,1.0651439428329468,1.050701379776001,1.0528199672698975,0.725281834602356,0.5722055435180664,0.8872357606887817,0.861821711063385,0.5630127191543579,0.8009447455406189,1.091294765472412,1.028515100479126,1.0252103805541992,1.3670027256011963,1.5104702711105347,1.4699047803878784
A15,2.2038025856018066,2.065016984939575,1.8535993099212646,1.6412900686264038,1.5621914863586426,1.4769487380981445,1.249160885810852,1.0909416675567627,1.0433905124664307,0.9118790626525879,0.6376608610153198,0.53311687707901,0.5659098029136658,0.37870556116104126,0.0,2.6627964973449707,2.2709877490997314,2.330097198486328,2.4820268154144287,2.19685959815979,1.9423277378082275,2.2018022537231445,2.262380838394165,1.8998900651931763,1.9187328815460205,2.280649185180664,2.1602203845977783,1.9560381174087524,2.2782785892486572,2.5070505142211914,2.0999982357025146,1.8901118040084839,2.15120792388916,2.088657855987549,1.71778404712677,1.8418031930923462,2.124988555908203,1.942169427871704,1.7474392652511597,2.0909359455108643,2.2811076641082764,2.0510201454162598,2.1731159687042236,2.5115184783935547,2.5219361782073975,1.6310611963272095,1.2885253429412842,1.3746459484100342,1.7021023035049438,1.5791869163513184,1.3432282209396362,1.641595721244812,1.8796027898788452,1.7222923040390015,1.727210283279419,2.0916974544525146,2.185286521911621,2.107980728149414,2.3366036415100098,2.6234891414642334,1.1128424406051636,1.1484023332595825,1.0308064222335815,0.6613451838493347,0.6946065425872803,0.9360358119010925,0.7559494376182556,0.4959864616394043,0.8547590374946594,1.0283163785934448,0.860310435295105,0.9665753245353699,1.3097717761993408,1.3595705032348633,1.3182406425476074
B1,1.1043654680252075,0.8322566151618958,1.025282859802246,1.3518402576446533,1.2990211248397827,1.2000091075897217,1.4912413358688354,1.7020846605300903,1.677321434020996,1.765598177909851,2.0601065158843994,2.192228317260742,2.2384181022644043,2.433030366897583,2.6627964973449707,0.0,0.3975236117839813,0.5351988673210144,0.5576724410057068,0.7057032585144043,0.9144224524497986,1.013273000717163,1.103277564048767,1.3168108463287354,1.4750537872314453,1.5569721460342407,1.7296512126922607,1.9433943033218384,2.052562952041626,2.1664721965789795,1.0906296968460083,0.9616064429283142,0.6224378347396851,0.8503392338752747,1.0689769983291626,0.8574532270431519,0.756678581237793,1.1230074167251587,1.2423745393753052,1.0822563171386719,1.2213178873062134,1.5357905626296997,1.5623987913131714,1.5456116199493408,1.803361415863037,2.6555004119873047,2.3971621990203857,2.4831976890563965,2.35422420501709,1.9997562170028687,2.0087859630584717,2.153028726577759,1.9087035655975342,1.627235770225525,1.859544277191162,1.9705660343170166,1.6156153678894043,1.6497124433517456,1.9729160070419312,1.899402141571045,2.8146770000457764,2.446354389190674,2.534020185470581,2.5877437591552734,2.236746311187744,2.0645229816436768,2.31416916847229,2.2616829872131348,1.8852133750915527,1.9992437362670898,2.3024816513061523,2.068404197692871,1.9254088401794434,2.28332781791687,2.414513349533081
B2,0.8777638077735901,0.5301498770713806,0.6714334487915039,0.9940929412841797,0.9341321587562561,0.8064115643501282,1.0948776006698608,1.3115876913070679,1.2970030307769775,1.379569172859192,1.6639608144760132,1.8053890466690063,1.8637186288833618,2.0480847358703613,2.2709877490997314,0.3975236117839813,0.0,0.36920180916786194,0.5524814128875732,0.5406369566917419,0.6296272873878479,0.8492774963378906,0.9843987822532654,1.090139627456665,1.244235873222351,1.4173622131347656,1.5657840967178345,1.7249860763549805,1.8818520307540894,2.038778066635132,0.8341403007507324,0.6094694137573242,0.30965080857276917,0.6003209948539734,0.7233380079269409,0.5120623707771301,0.5556892156600952,0.894189178943634,0.9769534468650818,0.9234136343002319,1.1240522861480713,1.3688238859176636,1.430212140083313,1.4997920989990234,1.7336138486862183,2.3824033737182617,2.0923428535461426,2.1908342838287354,2.1073861122131348,1.7395880222320557,1.7147674560546875,1.9042798280715942,1.7047255039215088,1.3902405500411987,1.6248687505722046,1.8032276630401611,1.483123779296875,1.4914311170578003,1.847638726234436,1.8438642024993896,2.487274646759033,2.1301372051239014,2.2019264698028564,2.2263994216918945,1.8733952045440674,1.712736964225769,1.9475953578948975,1.8743979930877686,1.4987651109695435,1.6313197612762451,1.9223252534866333,1.6820236444473267,1.56502366065979,1.9319932460784912,2.0522921085357666
B3,0.6852555274963379,0.38416457176208496,0.7118281126022339,0.9398047924041748,0.8388113975524902,0.8673700094223022,1.168575406074524,1.2953990697860718,1.3179889917373657,1.4888415336608887,1.7333929538726807,1.8344866037368774,1.9557349681854248,2.159484386444092,2.330097198486328,0.5351988673210144,0.36920180916786194,0.0,0.37341418862342834,0.5430412888526917,0.5165095329284668,0.5972912311553955,0.8356655836105347,0.992700457572937,1.0486618280410767,1.192793846130371,1.4159080982208252,1.553739309310913,1.651595950126648,1.8359897136688232,1.0319008827209473,0.746258020401001,0.5937982797622681,0.9409894347190857,0.9941359162330627,0.735016942024231,0.8788576126098633,1.2120376825332642,1.2079576253890991,1.1413856744766235,1.4097957611083984,1.6307045221328735,1.6288881301879883,1.725976824760437,2.000201463699341,2.362802743911743,2.096219062805176,2.250595808029175,2.1617376804351807,1.782671570777893,1.8186852931976318,2.039541721343994,1.8252685070037842,1.5519791841506958,1.8374910354614258,2.0112802982330322,1.7065784931182861,1.7716164588928223,2.126042127609253,2.1077351570129395,2.574855089187622,2.2057487964630127,2.222188711166382,2.2663073539733887,1.9467321634292603,1.724773645401001,1.9221242666244507,1.8924320936203003,1.5032570362091064,1.5493619441986084,1.8519033193588257,1.6390104293823242,1.443067193031311,1.7863423824310303,1.9505023956298828
B4,1.0337985754013062,0.7313629388809204,1.0484256744384766,1.2546446323394775,1.0654436349868774,1.0616856813430786,1.4121516942977905,1.5051006078720093,1.4415981769561768,1.6371428966522217,1.923709750175476,1.9674032926559448,2.0562262535095215,2.307090997695923,2.4820268154144287,0.5576724410057068,0.5524814128875732,0.37341418862342834,0.0,0.38075900077819824,0.5485173463821411,0.4908817410469055,0.5890495181083679,0.8631029725074768,0.9731245040893555,1.0072433948516846,1.2154805660247803,1.4301118850708008,1.5053000450134277,1.6225279569625854,1.3533068895339966,1.0659540891647339,0.8528947830200195,1.1334764957427979,1.1714280843734741,0.8314201235771179,0.9042725563049316,1.2561556100845337,1.1981672048568726,1.0281578302383423,1.3156734704971313,1.5510870218276978,1.4713859558105469,1.5410245656967163,1.8599437475204468,2.263115406036377,2.044487714767456,2.1853065490722656,2.037529468536377,1.6752939224243164,1.7710657119750977,1.9458526372909546,1.6794946193695068,1.462333083152771,1.776127815246582,1.8826475143432617,1.5670526027679443,1.703322410583496,2.0293705463409424,1.9564696550369263,2.5692532062530518,2.180131196975708,2.2152040004730225,2.3192861080169678,2.0123839378356934,1.7634830474853516,2.0006399154663086,2.0280489921569824,1.6496665477752686,1.682331919670105,2.0284929275512695,1.8688850402832031,1.6709222793579102,2.0049479007720947,2.211519241333008
B5,1.1521590948104858,0.7739121913909912,0.994779109954834,1.1900948286056519,0.9464770555496216,0.8373573422431946,1.2092856168746948,1.3094698190689087,1.1690735816955566,1.3401567935943604,1.6640828847885132,1.6898949146270752,1.7332195043563843,2.0003020763397217,2.19685959815979,0.7057032585144043,0.5406369566917419,0.5430412888526917,0.38075900077819824,0.0,0.3754720985889435,0.517497181892395,0.4807624816894531,0.622587263584137,0.8528416752815247,0.9630132913589478,1.0602854490280151,1.2758129835128784,1.4401459693908691,1.5445724725723267,1.3066831827163696,0.9878291487693787,0.7964778542518616,0.9839736223220825,0.9287523031234741,0.5490229725837708,0.6558085680007935,0.9586804509162903,0.8362998962402344,0.6843626499176025,1.017906904220581,1.203713059425354,1.1273537874221802,1.2488213777542114,1.5531845092773438,1.9612220525741577,1.7255113124847412,1.8357642889022827,1.6939550638198853,1.331402063369751,1.4026954174041748,1.571730136871338,1.3174138069152832,1.083379864692688,1.3991693258285522,1.5219979286193848,1.2237706184387207,1.3633086681365967,1.6955249309539795,1.6561319828033447,2.214284658432007,1.8262709379196167,1.8923169374465942,2.0004351139068604,1.6823701858520508,1.4560918807983398,1.7312761545181274,1.757633090019226,1.3965510129928589,1.4818778038024902,1.8414218425750732,1.7008274793624878,1.5655179023742676,1.9143943786621094,2.114856243133545
B6,0.9193421602249146,0.5658131837844849,0.7881166934967041,0.885565996170044,0.5945305824279785,0.5878735780715942,0.949796199798584,0.9863901138305664,0.8995375633239746,1.1319233179092407,1.402317762374878,1.4226397275924683,1.5348330736160278,1.7895196676254272,1.9423277378082275,0.9144224524497986,0.6296272873878479,0.5165095329284668,0.5485173463821411,0.3754720985889435,0.0,0.37070414423942566,0.5339400768280029,0.5149015188217163,0.6220530271530151,0.8600574731826782,0.9971100687980652,1.105075478553772,1.2812540531158447,1.4704514741897583,1.2228589057922363,0.8427726626396179,0.8010258674621582,1.0354859828948975,0.8927366137504578,0.5612660050392151,0.8410888910293579,1.0823471546173096,0.9204323291778564,0.9123765230178833,1.2670507431030273,1.3809844255447388,1.3350712060928345,1.5265727043151855,1.80056893825531,1.8480257987976074,1.5824854373931885,1.7512295246124268,1.6719701290130615,1.2891629934310913,1.349399209022522,1.596641182899475,1.4022506475448608,1.1580487489700317,1.4797123670578003,1.6743472814559937,1.4299358129501343,1.5406588315963745,1.8909863233566284,1.910881519317627,2.092667818069458,1.7161600589752197,1.7191100120544434,1.7929766178131104,1.4929044246673584,1.238257884979248,1.459199070930481,1.4813519716262817,1.104489803314209,1.1460261344909668,1.49833083152771,1.3601534366607666,1.1973390579223633,1.5415313243865967,1.7523113489151
B7,1.0116019248962402,0.7475230097770691,1.0625261068344116,1.1195546388626099,0.8257285952568054,0.9336358308792114,1.2738573551177979,1.244431972503662,1.1724776029586792,1.4556913375854492,1.6976710557937622,1.6706761121749878,1.8137032985687256,2.0885791778564453,2.2018022537231445,1.013273000717163,0.8492774963378906,0.5972912311553955,0.4908817410469055,0.517497181892395,0.37070414423942566,0.0,0.36770346760749817,0.5321193933486938,0.5028218030929565,0.5972136855125427,0.8486010432243347,0.9854822158813477,1.059165596961975,1.2421200275421143,1.5123658180236816,1.1436381340026855,1.0793542861938477,1.3571405410766602,1.256704568862915,0.9122942090034485,1.1353375911712646,1.411851406097412,1.2350150346755981,1.1511521339416504,1.5151803493499756,1.6479284763336182,1.5322257280349731,1.7007027864456177,2.0173280239105225,1.91558039188385,1.7100389003753662,1.9148640632629395,1.796027421951294,1.428452968597412,1.5719671249389648,1.8026410341262817,1.5696598291397095,1.3965232372283936,1.7476098537445068,1.8916795253753662,1.646191954612732,1.815476655960083,2.1444756984710693,2.1176745891571045,2.3029329776763916,1.916582465171814,1.8832234144210815,2.002354860305786,1.7457047700881958,1.4401262998580933,1.6341990232467651,1.7185049057006836,1.3548065423965454,1.3043862581253052,1.6673105955123901,1.5758224725723267,1.34270441532135,1.6425663232803345,1.902449369430542
B8,1.3533698320388794,1.040536880493164,1.3144593238830566,1.3997111320495605,1.074250340461731,1.0819388628005981,1.4455736875534058,1.4225349426269531,1.250420331954956,1.515174150466919,1.8058876991271973,1.7351109981536865,1.8153555393218994,2.1280272006988525,2.262380838394165,1.103277564048767,0.9843987822532654,0.8356655836105347,0.5890495181083679,0.4807624816894531,0.5339400768280029,0.36770346760749817,0.0,0.38581451773643494,0.5445690751075745,0.5067273378372192,0.6316309571266174,0.8901240229606628,0.9979978203773499,1.0749812126159668,1.7194511890411377,1.3595283031463623,1.238914966583252,1.4480373859405518,1.3314967155456543,0.9535179734230042,1.109946846961975,1.3617305755615234,1.134329915046692,0.9781432151794434,1.348623514175415,1.4635891914367676,1.2787137031555176,1.4411659240722656,1.780471682548523,1.7386761903762817,1.5770817995071411,1.7436325550079346,1.564665675163269,1.2210969924926758,1.4137651920318604,1.5863862037658691,1.3089160919189453,1.197130560874939,1.562604546546936,1.6440876722335815,1.4067009687423706,1.636414885520935,1.9311150312423706,1.8704521656036377,2.1826467514038086,1.7832896709442139,1.7914221286773682,1.9670380353927612,1.7172815799713135,1.4139682054519653,1.6650633811950684,1.7892664670944214,1.4554195404052734,1.4373751878738403,1.8264440298080444,1.775961995124817,1.5897903442382812,1.8872872591018677,2.1567935943603516
B9,1.387445092201233,1.069306492805481,1.2588773965835571,1.2763519287109375,0.9085915088653564,0.891761302947998,1.2249025106430054,1.1512569189071655,0.9231889843940735,1.2076570987701416,1.4881103038787842,1.3767006397247314,1.4549578428268433,1.7808506488800049,1.8998900651931763,1.3168108463287354,1.090139627456665,0.992700457572937,0.8631029725074768,0.622587263584137,0.5149015188217163,0.5321193933486938,0.38581451773643494,0.0,0.36885976791381836,0.5515247583389282,0.5207670331001282,0.6730538606643677,0.9122647643089294,1.0391392707824707,1.6947306394577026,1.3115308284759521,1.2736726999282837,1.4329326152801514,1.2181823253631592,0.881492018699646,1.1181894540786743,1.2788118124008179,0.9795211553573608,0.9385726451873779,1.329479455947876,1.3488904237747192,1.1872622966766357,1.436090111732483,1.7305375337600708,1.4086518287658691,1.210868239402771,1.3969966173171997,1.2646005153656006,0.9008978605270386,1.0842854976654053,1.30789315700531,1.0886825323104858,0.9748613238334656,1.3423962593078613,1.4817533493041992,1.3107984066009521,1.5215378999710083,1.8209428787231445,1.8276482820510864,1.8169968128204346,1.4219226837158203,1.4117439985275269,1.5826804637908936,1.3453731536865234,1.0310993194580078,1.2886381149291992,1.429491400718689,1.1213576793670654,1.1122089624404907,1.5081641674041748,1.4962424039840698,1.357292890548706,1.6467225551605225,1.9158308506011963
B10,1.2985361814498901,1.068281888961792,1.2906417846679688,1.2225522994995117,0.851324737071991,0.9862721562385559,1.2731674909591675,1.1157517433166504,0.9773309230804443,1.3235284090042114,1.5235073566436768,1.3919740915298462,1.558030128479004,1.8653427362442017,1.9187328815460205,1.4750537872314453,1.244235873222351,1.0486618280410767,0.9731245040893555,0.8528416752815247,0.6220530271530151,0.5028218030929565,0.5445690751075745,0.36885976791381836,0.0,0.3925894498825073,0.5279983878135681,0.5147071480751038,0.6746834516525269,0.9178850650787354,1.7888915538787842,1.3905236721038818,1.4165928363800049,1.6350034475326538,1.4216886758804321,1.1125555038452148,1.3959567546844482,1.5751148462295532,1.2964098453521729,1.2891156673431396,1.6797075271606445,1.7025281190872192,1.5539181232452393,1.8039848804473877,2.098068952560425,1.4829518795013428,1.3031705617904663,1.5636699199676514,1.4748586416244507,1.1291981935501099,1.3254461288452148,1.5905492305755615,1.4087371826171875,1.3097283840179443,1.6681225299835205,1.8306039571762085,1.6760809421539307,1.8730518817901611,2.1794254779815674,2.1960206031799316,1.955920696258545,1.5817828178405762,1.4848673343658447,1.6384592056274414,1.4522508382797241,1.0960416793823242,1.2559963464736938,1.426148533821106,1.1213245391845703,0.9931873083114624,1.3770595788955688,1.3975375890731812,1.1845226287841797,1.4278284311294556,1.736829400062561
B11,1.5368520021438599,1.3143411874771118,1.5934078693389893,1.565515160560608,1.2107363939285278,1.334080696105957,1.6469030380249023,1.507352590560913,1.355290412902832,1.6898298263549805,1.9087885618209839,1.7600438594818115,1.9017767906188965,2.227205276489258,2.280649185180664,1.5569721460342407,1.4173622131347656,1.192793846130371,1.0072433948516846,0.9630132913589478,0.8600574731826782,0.5972136855125427,0.5067273378372192,0.5515247583389282,0.3925894498825073,0.0,0.3789600729942322,0.5306396484375,0.5067303776741028,0.6463233232498169,2.070943832397461,1.6839909553527832,1.6452692747116089,1.8782157897949219,1.7112520933151245,1.3617552518844604,1.580451250076294,1.796921730041504,1.5203828811645508,1.4221409559249878,1.8051223754882812,1.858040452003479,1.643158197402954,1.8499139547348022,2.1821799278259277,1.5959149599075317,1.5035265684127808,1.749048113822937,1.588395118713379,1.2841333150863647,1.5499030351638794,1.7536450624465942,1.5150548219680786,1.4854838848114014,1.858032464981079,1.946066975593567,1.7792420387268066,2.0325958728790283,2.3094074726104736,2.2667551040649414,2.1960623264312744,1.8146796226501465,1.7307472229003906,1.939146876335144,1.7759567499160767,1.4151283502578735,1.5875871181488037,1.7931758165359497,1.5053380727767944,1.3665440082550049,1.7451457977294922,1.7843273878097534,1.5513195991516113,1.7687259912490845,2.0948574542999268
B12,1.793578863143921,1.524428129196167,1.749184250831604,1.7219868898391724,1.343137264251709,1.3886022567749023,1.6925697326660156,1.5458930730819702,1.3086578845977783,1.620024561882019,1.8601570129394531,1.6622098684310913,1.7475329637527466,2.100121021270752,2.1602203845977783,1.7296512126922607,1.5657840967178345,1.4159080982208252,1.2154805660247803,1.0602854490280151,0.9971100687980652,0.8486010432243347,0.6316309571266174,0.5207670331001282,0.5279983878135681,0.3789600729942322,0.0,0.37544572353363037,0.5315952301025391,0.5341871380805969,2.206141710281372,1.8182876110076904,1.777265191078186,1.94632089138031,1.734107255935669,1.3960965871810913,1.5982530117034912,1.7509427070617676,1.4230406284332275,1.3349977731704712,1.7086936235427856,1.6962671279907227,1.4451757669448853,1.684545636177063,1.998408555984497,1.2629420757293701,1.2134373188018799,1.4349193572998047,1.2424217462539673,0.9762941598892212,1.2899290323257446,1.4578851461410522,1.2248812913894653,1.2711142301559448,1.6344712972640991,1.6938637495040894,1.5840891599655151,1.867043375968933,2.107691526412964,2.0753252506256104,1.913304090499878,1.5335807800292969,1.4722362756729126,1.7303457260131836,1.5933165550231934,1.242934226989746,1.454463243484497,1.6978704929351807,1.4610767364501953,1.3585830926895142,1.7443363666534424,1.8281183242797852,1.6613270044326782,1.8747895956039429,2.1953368186950684
B13,1.7946637868881226,1.576208233833313,1.766869068145752,1.65969979763031,1.2820733785629272,1.3880103826522827,1.6312459707260132,1.4098588228225708,1.2035064697265625,1.5463826656341553,1.7159897089004517,1.476738452911377,1.6179949045181274,1.9572526216506958,1.9560381174087524,1.9433943033218384,1.7249860763549805,1.553739309310913,1.4301118850708008,1.2758129835128784,1.105075478553772,0.9854822158813477,0.8901240229606628,0.6730538606643677,0.5147071480751038,0.5306396484375,0.37544572353363037,0.0,0.37482330203056335,0.5664936304092407,2.260830879211426,1.8618305921554565,1.8952653408050537,2.0710580348968506,1.815749168395996,1.5212595462799072,1.7844065427780151,1.9058868885040283,1.5664421319961548,1.5607032775878906,1.9415868520736694,1.8890272378921509,1.6787620782852173,1.959262728691101,2.241816520690918,1.1300163269042969,1.072967529296875,1.3689113855361938,1.2617098093032837,1.0105525255203247,1.3021674156188965,1.5316444635391235,1.3790156841278076,1.413716197013855,1.7577487230300903,1.8753770589828491,1.808209776878357,2.0553317070007324,2.3073341846466064,2.3253233432769775,1.7964080572128296,1.4472544193267822,1.2991324663162231,1.5391035079956055,1.4613884687423706,1.0863780975341797,1.2139712572097778,1.49537193775177,1.3014110326766968,1.1241804361343384,1.4832347631454468,1.6253836154937744,1.4552228450775146,1.6123499870300293,1.9507055282592773
