,A1,A2,A3,A4,A5,A6,A7,A8,A9,A10,A11,A12,A13,A14,A15,B1,B2,B3,B4,B5,B6,B7,B8,B9,B10,B11,B12,B13,B14,B15,C1,C2,C3,C4,C5,C6,C7,C8,C9,C10,C11,C12,C13,C14,C15,D1,D2,D3,D4,D5,D6,D7,D8,D9,D10,D11,D12,D13,D14,D15,E1,E2,E3,E4,E5,E6,E7,E8,E9,E10,E11,E12,E13,E14,E15
A1,0.0,0.3805665671825409,0.6200281381607056,0.7663540244102478,1.1559383869171143,1.3371323347091675,1.464719533920288,1.1612379550933838,1.174090027809143,1.4885194301605225,1.386623740196228,1.1789753437042236,1.437608242034912,1.609358310699463,1.5167714357376099,2.112097978591919,2.2184438705444336,1.9382668733596802,1.8818098306655884,1.841336965560913,1.569543719291687,1.4645644426345825,1.3910574913024902,1.1723690032958984,0.9077284932136536,0.9089587330818176,0.9142383933067322,0.8259749412536621,0.6703914999961853,1.0348408222198486,2.8861777782440186,2.7321455478668213,2.4202804565429688,2.2087862491607666,1.8887754678726196,1.6129146814346313,1.4525965452194214,1.747374176979065,1.7058544158935547,1.4404573440551758,1.7095288038253784,1.9907429218292236,2.1621644496917725,2.2283236980438232,2.5727200508117676,2.3720970153808594,2.192952871322632,1.8968265056610107,2.1630117893218994,2.082548141479492,1.908070683479309,2.271282911300659,2.3948733806610107,2.1900179386138916,2.438253402709961,2.7295584678649902,2.6447513103485107,2.972400665283203,2.898831367492676,3.037116527557373,1.988603949546814,1.6489975452423096,1.5242338180541992,1.7430354356765747,1.689424753189087,1.7237281799316406,2.0388948917388916,2.1669437885284424,2.1339588165283203,2.4064154624938965,2.6635429859161377,2.666738510131836,3.045415163040161,3.1473071575164795,3.2547168731689453
A2,0.3805665671825409,0.0,0.38538965582847595,0.5503931045532227,0.9075974822044373,1.14134681224823,1.3095831871032715,1.0788666009902954,1.1294723749160767,1.4734914302825928,1.4512065649032593,1.3137580156326294,1.6335539817810059,1.811810851097107,1.7834993600845337,2.2030017375946045,2.245176315307617,1.9279052019119263,1.8491005897521973,1.7312134504318237,1.4224693775177002,1.3096479177474976,1.3369272947311401,1.131003737449646,0.8241124153137207,0.9583282470703125,1.06742525100708,1.0904171466827393,1.001377820968628,1.3712669610977173,2.600202798843384,2.4753799438476562,2.18254017829895,1.9489296674728394,1.6623589992523193,1.399717926979065,1.1913570165634155,1.44174325466156,1.4115337133407593,1.1108402013778687,1.349015474319458,1.6442292928695679,1.8005026578903198,1.8903297185897827,2.229994773864746,2.0804314613342285,1.9438154697418213,1.6537830829620361,1.9487568140029907,1.920858383178711,1.7432154417037964,2.113060235977173,2.1851553916931152,1.9535152912139893,2.2191455364227295,2.4838929176330566,2.3608713150024414,2.6767332553863525,2.5909857749938965,2.704634189605713,2.103999137878418,1.7790991067886353,1.5765810012817383,1.7880088090896606,1.6807441711425781,1.6328809261322021,1.956624984741211,2.12319016456604,2.0458388328552246,2.287065267562866,2.58160400390625,2.599116563796997,2.974079132080078,3.0456748008728027,3.188133716583252
A3,0.6200281381607056,0.38538965582847595,0.0,0.3895259201526642,0.6649839878082275,0.8077702522277832,1.0410559177398682,0.8641214966773987,0.8387945294380188,1.2045398950576782,1.2649335861206055,1.1464464664459229,1.5038971900939941,1.6439658403396606,1.6846426725387573,1.910383701324463,1.9116626977920532,1.5779598951339722,1.5014535188674927,1.3652384281158447,1.0419957637786865,0.9651105403900146,1.0207756757736206,0.7929595112800598,0.5159487724304199,0.7716948986053467,0.9003830552101135,1.058472752571106,1.0375901460647583,1.386459231376648,2.294059991836548,2.167882204055786,1.8532512187957764,1.6583315134048462,1.3815381526947021,1.0751304626464844,0.9333099126815796,1.1851017475128174,1.0956777334213257,0.8404101133346558,1.148521065711975,1.3983358144760132,1.6082087755203247,1.6801574230194092,2.0088086128234863,1.8100351095199585,1.6572544574737549,1.3342937231063843,1.5977565050125122,1.5468759536743164,1.358282208442688,1.7279753684997559,1.809215784072876,1.5881946086883545,1.8551064729690552,2.1267287731170654,2.029240608215332,2.3607583045959473,2.305738687515259,2.442397356033325,1.8308371305465698,1.5253450870513916,1.2707502841949463,1.4830048084259033,1.373164415359497,1.2838542461395264,1.6240345239639282,1.778756022453308,1.6749053001403809,1.918327808380127,2.215871572494507,2.226168155670166,2.5987956523895264,2.662729501724243,2.8117642402648926
A4,0.7663540244102478,0.5503931045532227,0.3895259201526642,0.0,0.39395871758461,0.6551601886749268,0.7655584216117859,0.574553906917572,0.7077022194862366,1.0237911939620972,1.0660861730575562,1.0518759489059448,1.4184266328811646,1.6333653926849365,1.7091984748840332,2.0319325923919678,2.0223350524902344,1.6646910905838013,1.6706260442733765,1.53928542137146,1.1749567985534668,1.2096481323242188,1.2882148027420044,0.9907196760177612,0.8243869543075562,1.1005842685699463,1.134334921836853,1.2939099073410034,1.170562744140625,1.4977308511734009,2.1562275886535645,1.9871820211410522,1.697497844696045,1.4548356533050537,1.1354691982269287,0.8987839818000793,0.6917120814323425,1.0121043920516968,1.037890076637268,0.8350731730461121,1.1183769702911377,1.4105926752090454,1.661805272102356,1.8121427297592163,2.107354164123535,1.9823397397994995,1.8779866695404053,1.53225576877594,1.758144736289978,1.6842410564422607,1.4177939891815186,1.7583880424499512,1.8508920669555664,1.576427936553955,1.786780595779419,2.079538106918335,1.9793578386306763,2.280012845993042,2.172201633453369,2.336545944213867,1.9499030113220215,1.618855357170105,1.3527531623840332,1.4662530422210693,1.2642046213150024,1.1860709190368652,1.4744387865066528,1.696158528327942,1.6450508832931519,1.8396958112716675,2.1487855911254883,2.2230961322784424,2.5941598415374756,2.6925888061523438,2.8693883419036865
A5,1.1559383869171143,0.9075974822044373,0.6649839878082275,0.39395871758461,0.0,0.3847670257091522,0.49854257702827454,0.5323446989059448,0.6926572918891907,0.9473372101783752,1.103104829788208,1.1902580261230469,1.5662226676940918,1.768843173980713,1.915473222732544,2.0571224689483643,1.9798269271850586,1.599280834197998,1.6314806938171387,1.450011134147644,1.0642720460891724,1.182578682899475,1.3416228294372559,1.055431842803955,0.9752817749977112,1.3178112506866455,1.3683894872665405,1.5983448028564453,1.506653070449829,1.808546781539917,1.7698696851730347,1.597081184387207,1.3205664157867432,1.0622448921203613,0.7563781142234802,0.5522546768188477,0.2979663908481598,0.6403833627700806,0.7163796424865723,0.6128072738647461,0.8852654695510864,1.1508952379226685,1.4523766040802002,1.6423606872558594,1.8933398723602295,1.8106406927108765,1.754057765007019,1.399713397026062,1.5830812454223633,1.520573616027832,1.213980793952942,1.5205157995224,1.5828295946121216,1.2701011896133423,1.4521706104278564,1.7376351356506348,1.6287603378295898,1.911827564239502,1.7898986339569092,1.9718847274780273,2.0040090084075928,1.705494999885559,1.3849213123321533,1.4370754957199097,1.167712926864624,0.9962345957756042,1.2502678632736206,1.5203578472137451,1.445120096206665,1.5780917406082153,1.9157990217208862,2.0264265537261963,2.381923198699951,2.4686596393585205,2.6834356784820557
A6,1.3371323347091675,1.14134681224823,0.8077702522277832,0.6551601886749268,0.3847670257091522,0.0,0.37627774477005005,0.5359015464782715,0.509242832660675,0.7305755019187927,0.9967732429504395,1.0910989046096802,1.461045742034912,1.6011251211166382,1.804252028465271,1.750335693359375,1.6363462209701538,1.2512075901031494,1.3134363889694214,1.144142508506775,0.7687480449676514,0.9866365790367126,1.1361058950424194,0.850425124168396,0.9020723104476929,1.2519440650939941,1.2793354988098145,1.5792750120162964,1.5421245098114014,1.8005616664886475,1.6120275259017944,1.4213736057281494,1.0904781818389893,0.9320054054260254,0.6330305337905884,0.28418198227882385,0.38981184363365173,0.6730533242225647,0.6105552315711975,0.6769568920135498,1.002726674079895,1.1566060781478882,1.5044069290161133,1.6410419940948486,1.8698238134384155,1.7024208307266235,1.6101624965667725,1.2338148355484009,1.3354068994522095,1.2081339359283447,0.8676409721374512,1.1591342687606812,1.269127368927002,0.9843265414237976,1.1486451625823975,1.4682973623275757,1.4282947778701782,1.7400063276290894,1.6789546012878418,1.903342604637146,1.7185425758361816,1.4570938348770142,1.105600118637085,1.132380485534668,0.8667001128196716,0.6322687864303589,0.9150216579437256,1.1601449251174927,1.061468482017517,1.2080894708633423,1.5424045324325562,1.6420952081680298,1.998655080795288,2.0898611545562744,2.3012192249298096
A7,1.464719533920288,1.3095831871032715,1.0410559177398682,0.7655584216117859,0.49854257702827454,0.37627774477005005,0.0,0.37787437438964844,0.5338988900184631,0.5832654237747192,0.8168783187866211,1.0287975072860718,1.3660701513290405,1.5691828727722168,1.79131019115448,1.8819082975387573,1.7903261184692383,1.4173215627670288,1.56402587890625,1.4490623474121094,1.0969966650009155,1.3476359844207764,1.4543339014053345,1.130287766456604,1.2056288719177246,1.522963047027588,1.4756299257278442,1.745317816734314,1.6335487365722656,1.8613308668136597,1.6507456302642822,1.3903675079345703,1.0990999937057495,0.9032751321792603,0.518575131893158,0.39148616790771484,0.4572022557258606,0.7875056862831116,0.8727659583091736,0.9693647027015686,1.2351570129394531,1.4156510829925537,1.7696142196655273,1.9538601636886597,2.1569430828094482,2.0402143001556396,1.9704222679138184,1.59676992893219,1.6667051315307617,1.508865237236023,1.1355092525482178,1.3584893941879272,1.501052975654602,1.2016170024871826,1.264197826385498,1.6034830808639526,1.5849511623382568,1.848419189453125,1.734314203262329,1.9953631162643433,1.838299036026001,1.5548362731933594,1.2419484853744507,1.1594260931015015,0.8091061115264893,0.6665084362030029,0.8186088800430298,1.136470079421997,1.1476783752441406,1.2344887256622314,1.5462725162506104,1.7171193361282349,2.0620245933532715,2.2069568634033203,2.4257819652557373
A8,1.1612379550933838,1.0788666009902954,0.8641214966773987,0.574553906917572,0.5323446989059448,0.5359015464782715,0.37787437438964844,0.0,0.36693429946899414,0.5092281699180603,0.578713595867157,0.7323258519172668,1.0828944444656372,1.328351616859436,1.498673677444458,1.8119728565216064,1.7967640161514282,1.4418678283691406,1.580580472946167,1.5230120420455933,1.1773393154144287,1.3694026470184326,1.3981109857559204,1.0369161367416382,1.0731762647628784,1.3352041244506836,1.2354375123977661,1.454047441482544,1.293533444404602,1.5206626653671265,2.021235466003418,1.7679628133773804,1.4690519571304321,1.2745766639709473,0.8904879689216614,0.7079949975013733,0.6813768744468689,1.061095952987671,1.1180965900421143,1.105928897857666,1.406131625175476,1.6342750787734985,1.9603254795074463,2.122706890106201,2.3693249225616455,2.216881513595581,2.104140281677246,1.7255222797393799,1.836304783821106,1.6608070135116577,1.3159340620040894,1.5827232599258423,1.758725643157959,1.4897058010101318,1.5910255908966064,1.937188744544983,1.920374870300293,2.2033207416534424,2.0960195064544678,2.339383125305176,1.7338511943817139,1.4015215635299683,1.1425988674163818,1.1031055450439453,0.8115878701210022,0.8146581053733826,1.0146275758743286,1.2685102224349976,1.3202515840530396,1.4817159175872803,1.7553629875183105,1.889312505722046,2.252488851547241,2.417508602142334,2.5955209732055664
A9,1.174090027809143,1.1294723749160767,0.8387945294380188,0.7077022194862366,0.6926572918891907,0.509242832660675,0.5338988900184631,0.36693429946899414,0.0,0.37116748094558716,0.5523067116737366,0.5860320925712585,0.9541290402412415,1.1031619310379028,1.3052148818969727,1.4538098573684692,1.4395315647125244,1.0887705087661743,1.22848641872406,1.2136310338974,0.9053575396537781,1.117871880531311,1.0918257236480713,0.7253654599189758,0.856917679309845,1.0966516733169556,0.9767271876335144,1.2578179836273193,1.1766008138656616,1.3744642734527588,2.0428552627563477,1.805890440940857,1.4619709253311157,1.35322904586792,1.0054758787155151,0.7177591323852539,0.8301506042480469,1.1697880029678345,1.108359456062317,1.1260626316070557,1.4752312898635864,1.6441084146499634,1.9769139289855957,2.075807571411133,2.3297781944274902,2.088937759399414,1.9251567125320435,1.5431829690933228,1.6172136068344116,1.3935258388519287,1.0703693628311157,1.3448885679244995,1.565969705581665,1.3574165105819702,1.4784951210021973,1.8349875211715698,1.8650749921798706,2.1829521656036377,2.140516519546509,2.390341281890869,1.3813557624816895,1.0627329349517822,0.7795654535293579,0.7816198468208313,0.5618010759353638,0.5862740278244019,0.8670629262924194,1.0321770906448364,1.0590851306915283,1.2900716066360474,1.5389692783355713,1.6181776523590088,1.9923690557479858,2.1528611183166504,2.301450490951538
A10,1.4885194301605225,1.4734914302825928,1.2045398950576782,1.0237911939620972,0.9473372101783752,0.7305755019187927,0.5832654237747192,0.5092281699180603,0.37116748094558716,0.0,0.3767062723636627,0.5913709402084351,0.8648107051849365,1.0254809856414795,1.296580195426941,1.4417413473129272,1.4248324632644653,1.103861689567566,1.3471753597259521,1.3857442140579224,1.1243926286697388,1.401607632637024,1.3585519790649414,1.0093125104904175,1.2055516242980957,1.4157353639602661,1.2395820617675781,1.5114772319793701,1.4011993408203125,1.526921033859253,2.0443410873413086,1.7575757503509521,1.4307581186294556,1.3630599975585938,1.0139955282211304,0.8249275088310242,1.0071135759353638,1.3307825326919556,1.3088812828063965,1.4033910036087036,1.7292817831039429,1.8746535778045654,2.230721950531006,2.346022844314575,2.5678939819335938,2.335299491882324,2.181924819946289,1.8001377582550049,1.8090018033981323,1.5399093627929688,1.1886112689971924,1.3762571811676025,1.6427861452102661,1.4475258588790894,1.4765037298202515,1.8518776893615723,1.9336572885513306,2.2226388454437256,2.1748504638671875,2.4651284217834473,1.376101016998291,1.080885410308838,0.8472087979316711,0.6667219400405884,0.33395886421203613,0.5178704857826233,0.6417526006698608,0.8250481486320496,0.9735465049743652,1.1556751728057861,1.356119155883789,1.4921860694885254,1.8487354516983032,2.0647175312042236,2.212456226348877
A11,1.386623740196228,1.4512065649032593,1.2649335861206055,1.0660861730575562,1.103104829788208,0.9967732429504395,0.8168783187866211,0.578713595867157,0.5523067116737366,0.3767062723636627,0.0,0.3684225082397461,0.5818917751312256,0.8588922023773193,1.0745368003845215,1.5655378103256226,1.6333234310150146,1.353961706161499,1.5914758443832397,1.6720173358917236,1.4156737327575684,1.6407248973846436,1.5457580089569092,1.181134581565857,1.326438069343567,1.47202467918396,1.2310574054718018,1.4198541641235352,1.2281159162521362,1.3146312236785889,2.3850347995758057,2.088519811630249,1.7794550657272339,1.6726254224777222,1.2982542514801025,1.1342952251434326,1.2277487516403198,1.58905029296875,1.6030585765838623,1.63508939743042,1.9593043327331543,2.151494264602661,2.49082612991333,2.615830659866333,2.8607656955718994,2.635392904281616,2.4699320793151855,2.0881521701812744,2.132000684738159,1.8664559125900269,1.5342973470687866,1.7396470308303833,2.0093841552734375,1.8112396001815796,1.8505202531814575,2.224884510040283,2.292461633682251,2.5769336223602295,2.5046348571777344,2.7879478931427,1.461567759513855,1.121423602104187,0.9954275488853455,0.8383756279945374,0.6264647245407104,0.8891268968582153,0.9850014448165894,1.1305204629898071,1.3208918571472168,1.5129492282867432,1.6764811277389526,1.8052341938018799,2.1557517051696777,2.3946127891540527,2.5140087604522705
A12,1.1789753437042236,1.3137580156326294,1.1464464664459229,1.0518759489059448,1.1902580261230469,1.0910989046096802,1.0287975072860718,0.7323258519172668,0.5860320925712585,0.5913709402084351,0.3684225082397461,0.0,0.3837384581565857,0.6190909147262573,0.7717975378036499,1.386049747467041,1.5167993307113647,1.2675637006759644,1.4557139873504639,1.5777430534362793,1.3558131456375122,1.51779305934906,1.3537240028381348,1.0048553943634033,1.137056589126587,1.201631784439087,0.9133641719818115,1.0733082294464111,0.8967248201370239,0.9617013931274414,2.5937294960021973,2.327672004699707,1.9914953708648682,1.8966635465621948,1.5304831266403198,1.2906323671340942,1.3726227283477783,1.735485315322876,1.6911827325820923,1.6712758541107178,2.0213632583618164,2.213258743286133,2.5299477577209473,2.6115634441375732,2.8858468532562256,2.608384132385254,2.4013404846191406,2.0304036140441895,2.096975326538086,1.8286107778549194,1.5483016967773438,1.7905696630477905,2.0672168731689453,1.904933214187622,1.9980782270431519,2.36608624458313,2.4312620162963867,2.7467281818389893,2.705310583114624,2.967813014984131,1.2553644180297852,0.8829163908958435,0.8217158317565918,0.7895357012748718,0.7417477369308472,1.0096924304962158,1.1908416748046875,1.25398588180542,1.3993595838546753,1.6601579189300537,1.8097805976867676,1.867831826210022,2.229496717453003,2.4491472244262695,2.5301218032836914
A13,1.437608242034912,1.6335539817810059,1.5038971900939941,1.4184266328811646,1.5662226676940918,1.461045742034912,1.3660701513290405,1.0828944444656372,0.9541290402412415,0.8648107051849365,0.5818917751312256,0.3837384581565857,0.0,0.3893556296825409,0.5225902199745178,1.4051967859268188,1.6047848463058472,1.4328947067260742,1.6583142280578613,1.8464964628219604,1.6745105981826782,1.8380038738250732,1.6262011528015137,1.309291958808899,1.4634758234024048,1.45937979221344,1.118219017982483,1.2064144611358643,1.0110981464385986,0.9320250749588013,2.9062254428863525,2.6209678649902344,2.2911901473999023,2.2198727130889893,1.855333924293518,1.6407207250595093,1.739768385887146,2.102919816970825,2.0619747638702393,2.054131507873535,2.4044082164764404,2.591571569442749,2.91115665435791,2.9847514629364014,3.2577102184295654,2.959495782852173,2.735092878341675,2.370009660720825,2.4109551906585693,2.1131529808044434,1.8485350608825684,2.0537569522857666,2.36150860786438,2.226834535598755,2.2896785736083984,2.6629045009613037,2.7588796615600586,3.0684397220611572,3.033538341522217,3.3117246627807617,1.2549506425857544,0.9118743538856506,0.9977074861526489,0.9096627235412598,0.9486600756645203,1.2856000661849976,1.398474097251892,1.4023842811584473,1.6096906661987305,1.865736722946167,1.9491842985153198,2.001424551010132,2.339383602142334,2.5962586402893066,2.6380207538604736
A14,1.609358310699463,1.811810851097107,1.6439658403396606,1.6333653926849365,1.768843173980713,1.6011251211166382,1.5691828727722168,1.328351616859436,1.1031619310379028,1.0254809856414795,0.8588922023773193,0.6190909147262573,0.3893556296825409,0.0,0.3677518665790558,1.0820865631103516,1.3364675045013428,1.2440221309661865,1.4695857763290405,1.726116418838501,1.6344202756881714,1.788610577583313,1.5217466354370117,1.2658401727676392,1.4776452779769897,1.4153673648834229,1.0576069355010986,1.171785593032837,1.0912026166915894,0.9410703778266907,2.997282028198242,2.7288153171539307,2.3801424503326416,2.364717960357666,2.0291049480438232,1.777345061302185,1.9306788444519043,2.2686779499053955,2.16812801361084,2.1799561977386475,2.5465476512908936,2.691267967224121,3.0087358951568604,3.035722494125366,3.306060552597046,2.946714401245117,2.6873457431793213,2.34067964553833,2.343461275100708,2.016653537750244,1.8036723136901855,1.9814467430114746,2.3138787746429443,2.2398736476898193,2.3061740398406982,2.669999122619629,2.801529884338379,3.1265223026275635,3.139361619949341,3.419052839279175,0.9210478663444519,0.6226567625999451,0.8378199934959412,0.7841190099716187,0.9820652604103088,1.3229073286056519,1.4429020881652832,1.3444246053695679,1.5370521545410156,1.8273334503173828,1.858014702796936,1.8476921319961548,2.1699812412261963,2.424058198928833,2.418208122253418
A15,1.5167714357376099,1.7834993600845337,1.6846426725387573,1.7091984748840332,1.915473222732544,1.804252028465271,1.79131019115448,1.498673677444458,1.3052148818969727,1.296580195426941,1.0745368003845215,0.7717975378036499,0.5225902199745178,0.3677518665790558,0.0,1.295425295829773,1.592280626296997,1.5161925554275513,1.678587555885315,1.9311331510543823,1.836855173110962,1.9279537200927734,1.6348114013671875,1.4000617265701294,1.5425128936767578,1.4080568552017212,1.0327086448669434,1.0208250284194946,0.9105865955352783,0.6629464626312256,3.2847065925598145,3.026587963104248,2.6750006675720215,2.6291732788085938,2.2796645164489746,2.0136091709136963,2.117263078689575,2.4681291580200195,2.3708534240722656,2.329589366912842,2.6944565773010254,2.8657724857330322,3.1591031551361084,3.1780176162719727,3.472132921218872,3.11037540435791,2.838425397872925,2.503197193145752,2.547999382019043,2.245943307876587,2.057483196258545,2.270195960998535,2.5852441787719727,2.504794120788574,2.6052956581115723,2.965106964111328,3.0717711448669434,3.4067182540893555,3.410764217376709,3.6727826595306396,1.1166996955871582,0.8284130692481995,1.0750700235366821,1.1141952276229858,1.3037173748016357,1.6213680505752563,1.7772724628448486,1.6963469982147217,1.8615436553955078,2.166572332382202,2.2124814987182617,2.183882713317871,2.5086987018585205,2.7462353706359863,2.72621488571167
B1,2.112097978591919,2.2030017375946045,1.910383701324463,2.0319325923919678,2.0571224689483643,1.750335693359375,1.8819082975387573,1.8119728565216064,1.4538098573684692,1.4417413473129272,1.5655378103256226,1.386049747467041,1.4051967859268188,1.0820865631103516,1.295425295829773,0.0,0.3822140097618103,0.6089783906936646,0.7557258605957031,1.1418565511703491,1.3096510171890259,1.4516184329986572,1.1622709035873413,1.1578007936477661,1.4903569221496582,1.420677900314331,1.239714503288269,1.5139079093933105,1.699812889099121,1.6328473091125488,2.7902121543884277,2.6089210510253906,2.2431581020355225,2.3760387897491455,2.1719114780426025,1.865719199180603,2.1390585899353027,2.349820137023926,2.1038966178894043,2.196429491043091,2.55346417427063,2.5506603717803955,2.8464510440826416,2.7557919025421143,2.97768497467041,2.4921913146972656,2.180903911590576,1.916855812072754,1.7832859754562378,1.416002869606018,1.3890935182571411,1.450512170791626,1.7900210618972778,1.895183801651001,1.9730453491210938,2.2599878311157227,2.466704845428467,2.808537721633911,2.954606056213379,3.2124571800231934,0.18290361762046814,0.533430814743042,0.6851703524589539,0.790290117263794,1.1741418838500977,1.313442587852478,1.4558218717575073,1.1571695804595947,1.1603940725326538,1.488958716392517,1.4277257919311523,1.2082102298736572,1.4725223779678345,1.6341564655303955,1.5329453945159912
B2,2.2184438705444336,2.245176315307617,1.9116626977920532,2.0223350524902344,1.9798269271850586,1.6363462209701538,1.7903261184692383,1.7967640161514282,1.4395315647125244,1.4248324632644653,1.6333234310150146,1.5167993307113647,1.6047848463058472,1.3364675045013428,1.592280626296997,0.3822140097618103,0.0,0.3862479329109192,0.5535311102867126,0.9087251424789429,1.1257574558258057,1.313629150390625,1.103297233581543,1.1323230266571045,1.48600435256958,1.4952532052993774,1.3877335786819458,1.7156918048858643,1.904910683631897,1.8989660739898682,2.4885385036468506,2.3302414417266846,1.973242163658142,2.1493403911590576,1.9974843263626099,1.7054343223571777,2.0136759281158447,2.172717809677124,1.905910611152649,2.0470163822174072,2.383044481277466,2.3337347507476807,2.633237600326538,2.535407543182373,2.724398374557495,2.239410638809204,1.9468854665756226,1.6950017213821411,1.5029200315475464,1.121300458908081,1.1198477745056152,1.117556095123291,1.4562712907791138,1.6017372608184814,1.6621955633163452,1.9244707822799683,2.152592420578003,2.4859726428985596,2.6596922874450684,2.9156196117401123,0.540372908115387,0.7780537605285645,0.7370620965957642,0.804486870765686,1.1245603561401367,1.164094090461731,1.290443778038025,0.9735363721847534,0.8913406133651733,1.2012004852294922,1.1394990682601929,0.8758169412612915,1.144290566444397,1.2702786922454834,1.1976088285446167
B3,1.9382668733596802,1.9279052019119263,1.5779598951339722,1.6646910905838013,1.599280834197998,1.2512075901031494,1.4173215627670288,1.4418678283691406,1.0887705087661743,1.103861689567566,1.353961706161499,1.2675637006759644,1.4328947067260742,1.2440221309661865,1.5161925554275513,0.6089783906936646,0.3862479329109192,0.0,0.39062127470970154,0.6627402901649475,0.7834866642951965,1.0280429124832153,0.8703441023826599,0.8259240388870239,1.1898000240325928,1.2754216194152832,1.1908949613571167,1.5542845726013184,1.7094048261642456,1.7663317918777466,2.1881086826324463,2.0209014415740967,1.6513363122940063,1.7935550212860107,1.6263916492462158,1.3227730989456177,1.6275500059127808,1.791736364364624,1.5348458290100098,1.6772369146347046,2.0169942378997803,1.987918734550476,2.3020646572113037,2.238294839859009,2.437410354614258,1.9927146434783936,1.7249685525894165,1.4267281293869019,1.2719215154647827,0.8872887492179871,0.7918901443481445,0.8656898140907288,1.2099595069885254,1.2886550426483154,1.3742314577102661,1.6690572500228882,1.862349510192871,2.206414222717285,2.3473732471466064,2.603761672973633,0.6818045973777771,0.7188498377799988,0.4925624430179596,0.5788923501968384,0.8228515386581421,0.8040519952774048,0.9912571907043457,0.7444615364074707,0.6106758713722229,0.9665336608886719,1.020076870918274,0.8415307402610779,1.189872145652771,1.3118425607681274,1.344762921333313
B4,1.8818098306655884,1.8491005897521973,1.5014535188674927,1.6706260442733765,1.6314806938171387,1.3134363889694214,1.56402587890625,1.580580472946167,1.22848641872406,1.3471753597259521,1.5914758443832397,1.4557139873504639,1.6583142280578613,1.4695857763290405,1.678587555885315,0.7557258605957031,0.5535311102867126,0.39062127470970154,0.0,0.39148426055908203,0.6518458127975464,0.7725762724876404,0.6002517938613892,0.7240241765975952,1.0421125888824463,1.0988914966583252,1.1171417236328125,1.479789137840271,1.705944538116455,1.7990802526474,2.2410545349121094,2.132688522338867,1.7623718976974487,1.8905426263809204,1.75240159034729,1.4123338460922241,1.6774283647537231,1.8035378456115723,1.495157241821289,1.5910418033599854,1.9200245141983032,1.865330457687378,2.1368205547332764,2.0173349380493164,2.2316880226135254,1.7365812063217163,1.4296551942825317,1.1685938835144043,1.0355991125106812,0.6916142106056213,0.7505945563316345,0.8918460011482239,1.1520586013793945,1.2696404457092285,1.4434970617294312,1.6883500814437866,1.8401037454605103,2.204535484313965,2.371835231781006,2.5827791690826416,0.829860508441925,0.8849492073059082,0.660878598690033,0.9052734971046448,1.120773434638977,1.0292361974716187,1.2853264808654785,1.0931721925735474,0.8676449656486511,1.205363392829895,1.3056201934814453,1.0821627378463745,1.3985072374343872,1.4193567037582397,1.4438509941101074
B5,1.841336965560913,1.7312134504318237,1.3652384281158447,1.53928542137146,1.450011134147644,1.144142508506775,1.4490623474121094,1.5230120420455933,1.2136310338974,1.3857442140579224,1.6720173358917236,1.5777430534362793,1.8464964628219604,1.726116418838501,1.9311331510543823,1.1418565511703491,0.9087251424789429,0.6627402901649475,0.39148426055908203,0.0,0.38644102215766907,0.4990420341491699,0.5443236231803894,0.7022563815116882,0.9449460506439209,1.1039903163909912,1.2250460386276245,1.5949591398239136,1.8082776069641113,1.971468210220337,1.9564119577407837,1.893054723739624,1.5324357748031616,1.6473826169967651,1.5572288036346436,1.2180455923080444,1.4632887840270996,1.5251752138137817,1.1855186223983765,1.2887691259384155,1.5886945724487305,1.4993791580200195,1.7595628499984741,1.6330339908599854,1.840547800064087,1.354156255722046,1.0657079219818115,0.7873430848121643,0.6606532335281372,0.3539222776889801,0.48280245065689087,0.7032408118247986,0.8621936440467834,0.9636253118515015,1.205620527267456,1.4163508415222168,1.5184094905853271,1.8921271562576294,2.062464714050293,2.243708372116089,1.205701231956482,1.1943355798721313,0.8896158337593079,1.1152390241622925,1.210983395576477,1.0008565187454224,1.2881630659103394,1.1877652406692505,0.880728542804718,1.1642200946807861,1.3557435274124146,1.1770859956741333,1.4897576570510864,1.4457111358642578,1.548650860786438
B6,1.569543719291687,1.4224693775177002,1.0419957637786865,1.1749567985534668,1.0642720460891724,0.7687480449676514,1.0969966650009155,1.1773393154144287,0.9053575396537781,1.1243926286697388,1.4156737327575684,1.3558131456375122,1.6745105981826782,1.6344202756881714,1.836855173110962,1.3096510171890259,1.1257574558258057,0.7834866642951965,0.6518458127975464,0.38644102215766907,0.0,0.3770018517971039,0.5458125472068787,0.5146925449371338,0.7151766419410706,0.9850858449935913,1.1072673797607422,1.4774951934814453,1.6262438297271729,1.8377107381820679,1.7832659482955933,1.691090703010559,1.3227297067642212,1.362046480178833,1.228631615638733,0.868198812007904,1.0845798254013062,1.1757533550262451,0.8573413491249084,0.942666232585907,1.2716515064239502,1.2448302507400513,1.5395011901855469,1.487023115158081,1.721489667892456,1.3259483575820923,1.0978977680206299,0.7350029945373535,0.7421689629554749,0.5331236124038696,0.3808717727661133,0.7456408143043518,0.880560576915741,0.8211483359336853,1.0915175676345825,1.3509421348571777,1.3926920890808105,1.7692089080810547,1.8721801042556763,2.060922861099243,1.331225037574768,1.2071324586868286,0.8444329500198364,1.042380452156067,1.0272804498672485,0.774858832359314,1.1116926670074463,1.1219252347946167,0.8496677279472351,1.1162818670272827,1.3861751556396484,1.306496024131775,1.6530150175094604,1.6544750928878784,1.8075597286224365
B7,1.4645644426345825,1.3096479177474976,0.9651105403900146,1.2096481323242188,1.182578682899475,0.9866365790367126,1.3476359844207764,1.3694026470184326,1.117871880531311,1.401607632637024,1.6407248973846436,1.51779305934906,1.8380038738250732,1.788610577583313,1.9279537200927734,1.4516184329986572,1.313629150390625,1.0280429124832153,0.7725762724876404,0.4990420341491699,0.3770018517971039,0.0,0.3798863887786865,0.5359630584716797,0.5719343423843384,0.7965483069419861,1.034401774406433,1.366023063659668,1.5715339183807373,1.8092542886734009,2.019178628921509,1.9735522270202637,1.6227761507034302,1.6250487565994263,1.4992609024047852,1.1336240768432617,1.2558543682098389,1.3288905620574951,0.9973397850990295,0.9581146240234375,1.2661216259002686,1.2465441226959229,1.4671332836151123,1.351907730102539,1.6321358680725098,1.19344961643219,0.9127496480941772,0.5876973271369934,0.7408342957496643,0.6775036454200745,0.7073625326156616,1.0508981943130493,1.1052128076553345,1.0705782175064087,1.3924981355667114,1.5980448722839355,1.5856353044509888,1.964043378829956,2.072028636932373,2.206359624862671,1.4608312845230103,1.3409005403518677,1.0274598598480225,1.3121626377105713,1.3403397798538208,1.1273781061172485,1.4784361124038696,1.481998324394226,1.2141807079315186,1.485395908355713,1.7435046434402466,1.6260836124420166,1.9575445652008057,1.9194120168685913,2.0440123081207275
B8,1.3910574913024902,1.3369272947311401,1.0207756757736206,1.2882148027420044,1.3416228294372559,1.1361058950424194,1.4543339014053345,1.3981109857559204,1.0918257236480713,1.3585519790649414,1.5457580089569092,1.3537240028381348,1.6262011528015137,1.5217466354370117,1.6348114013671875,1.1622709035873413,1.103297233581543,0.8703441023826599,0.6002517938613892,0.5443236231803894,0.5458125472068787,0.3798863887786865,0.0,0.3738415241241455,0.5151714086532593,0.5699464082717896,0.7502030730247498,1.0914342403411865,1.343766450881958,1.5301562547683716,2.3201615810394287,2.23525333404541,1.866323471069336,1.8808104991912842,1.7025271654129028,1.3223261833190918,1.4633488655090332,1.6101967096328735,1.3079627752304077,1.2612385749816895,1.5976386070251465,1.6137659549713135,1.837890386581421,1.720234990119934,2.0061872005462646,1.543697714805603,1.2284184694290161,0.9444611072540283,1.0317329168319702,0.8606013059616089,0.8882779479026794,1.2004926204681396,1.348379135131836,1.3503639698028564,1.6275323629379272,1.868336796760559,1.9046729803085327,2.284654378890991,2.39547061920166,2.555697202682495,1.1505805253982544,1.0375447273254395,0.7903444766998291,1.1417834758758545,1.2681705951690674,1.1581841707229614,1.5086406469345093,1.4472602605819702,1.2350605726242065,1.5634852647781372,1.7631547451019287,1.6112605333328247,1.9509719610214233,1.954686164855957,2.0195138454437256
B9,1.1723690032958984,1.131003737449646,0.7929595112800598,0.9907196760177612,1.055431842803955,0.850425124168396,1.130287766456604,1.0369161367416382,0.7253654599189758,1.0093125104904175,1.181134581565857,1.0048553943634033,1.309291958808899,1.2658401727676392,1.4000617265701294,1.1578007936477661,1.1323230266571045,0.8259240388870239,0.7240241765975952,0.7022563815116882,0.5146925449371338,0.5359630584716797,0.3738415241241455,0.0,0.3668021261692047,0.5442442297935486,0.5947110056877136,0.9677173495292664,1.124832034111023,1.3298320770263672,2.2242205142974854,2.0875096321105957,1.7143056392669678,1.6869524717330933,1.4494810104370117,1.070096492767334,1.2024452686309814,1.4186782836914062,1.1749902963638306,1.131235957145691,1.499058723449707,1.5795341730117798,1.8489621877670288,1.8096367120742798,2.0979390144348145,1.7106343507766724,1.4474035501480103,1.1049654483795166,1.2015554904937744,0.9933651685714722,0.8618396520614624,1.198090672492981,1.3887883424758911,1.3089765310287476,1.5500690937042236,1.8433581590652466,1.8766684532165527,2.247523069381714,2.3069381713867188,2.4987611770629883,1.1109821796417236,0.889764130115509,0.5900400876998901,0.9041944146156311,0.9683845639228821,0.8960824608802795,1.2584021091461182,1.2513728141784668,1.1063250303268433,1.4334840774536133,1.655049443244934,1.5730853080749512,1.9408297538757324,2.0061111450195312,2.0981554985046387
B10,0.9077284932136536,0.8241124153137207,0.5159487724304199,0.8243869543075562,0.9752817749977112,0.9020723104476929,1.2056288719177246,1.0731762647628784,0.856917679309845,1.2055516242980957,1.326438069343567,1.137056589126587,1.4634758234024048,1.4776452779769897,1.5425128936767578,1.4903569221496582,1.48600435256958,1.1898000240325928,1.0421125888824463,0.9449460506439209,0.7151766419410706,0.5719343423843384,0.5151714086532593,0.3668021261692047,0.0,0.377780556678772,0.5944783687591553,0.8783614635467529,1.029353141784668,1.3108384609222412,2.3225815296173096,2.2124905586242676,1.8582836389541626,1.7667065858840942,1.5266523361206055,1.1553809642791748,1.1743758916854858,1.3841582536697388,1.1642776727676392,1.005204439163208,1.3539204597473145,1.4858965873718262,1.7072484493255615,1.6746554374694824,1.998410701751709,1.6551796197891235,1.4117487668991089,1.090990662574768,1.2996026277542114,1.1951838731765747,1.0889866352081299,1.4559651613235474,1.576039433479309,1.4532827138900757,1.7375991344451904,2.0055768489837646,1.9727587699890137,2.3388004302978516,2.3675544261932373,2.518667221069336,1.4287142753601074,1.1840780973434448,0.9296445846557617,1.235136866569519,1.2481845617294312,1.1589574813842773,1.5288925170898438,1.5781863927841187,1.427703619003296,1.728232741355896,1.983082890510559,1.9164077043533325,2.282231330871582,2.324380397796631,2.43048095703125
B11,0.9089587330818176,0.9583282470703125,0.7716948986053467,1.1005842685699463,1.3178112506866455,1.2519440650939941,1.522963047027588,1.3352041244506836,1.0966516733169556,1.4157353639602661,1.47202467918396,1.201631784439087,1.45937979221344,1.4153673648834229,1.4080568552017212,1.420677900314331,1.4952532052993774,1.2754216194152832,1.0988914966583252,1.1039903163909912,0.9850858449935913,0.7965483069419861,0.5699464082717896,0.5442442297935486,0.377780556678772,0.0,0.3753677010536194,0.5932914018630981,0.8601321578025818,1.09865403175354,2.6819908618927,2.569437265396118,2.207350969314575,2.1334972381591797,1.8825360536575317,1.5100913047790527,1.5368008613586426,1.7608661651611328,1.538767695426941,1.372443437576294,1.708763599395752,1.8352482318878174,2.027416229248047,1.954750895500183,2.287816047668457,1.8998541831970215,1.6135224103927612,1.339784860610962,1.5319510698318481,1.4070353507995605,1.3606288433074951,1.7047442197799683,1.8527904748916626,1.77829909324646,2.056964635848999,2.324211597442627,2.3139195442199707,2.6860721111297607,2.733412981033325,2.8823599815368652,1.3370654582977295,1.1107069253921509,0.9698559641838074,1.3273024559020996,1.432705044746399,1.4183642864227295,1.777725338935852,1.76914644241333,1.6439731121063232,1.9769694805145264,2.186025857925415,2.077544689178467,2.435910940170288,2.4846646785736084,2.5399115085601807
B12,0.9142383933067322,1.06742525100708,0.9003830552101135,1.134334921836853,1.3683894872665405,1.2793354988098145,1.4756299257278442,1.2354375123977661,0.9767271876335144,1.2395820617675781,1.2310574054718018,0.9133641719818115,1.118219017982483,1.0576069355010986,1.0327086448669434,1.239714503288269,1.3877335786819458,1.1908949613571167,1.1171417236328125,1.2250460386276245,1.1072673797607422,1.034401774406433,0.7502030730247498,0.5947110056877136,0.5944783687591553,0.3753677010536194,0.0,0.3843534290790558,0.6142920851707458,0.7840632200241089,2.7885022163391113,2.6283233165740967,2.25900936126709,2.1919238567352295,1.8992844820022583,1.5406938791275024,1.5965136289596558,1.8762788772583008,1.689723253250122,1.564630150794983,1.923113226890564,2.068889856338501,2.3012917041778564,2.2612669467926025,2.583017587661743,2.2004878520965576,1.9160209894180298,1.6130000352859497,1.751060128211975,1.5525410175323486,1.4498027563095093,1.7666003704071045,1.9788181781768799,1.900038719177246,2.1288211345672607,2.4341745376586914,2.462327003479004,2.829848527908325,2.8645615577697754,3.0519583225250244,1.1194173097610474,0.8361254334449768,0.7816540002822876,1.112381935119629,1.2551757097244263,1.339336633682251,1.666873574256897,1.6367579698562622,1.588004469871521,1.932672381401062,2.1037826538085938,2.0126793384552,2.375495433807373,2.480130434036255,2.514606475830078
B13,0.8259749412536621,1.0904171466827393,1.058472752571106,1.2939099073410034,1.5983448028564453,1.5792750120162964,1.745317816734314,1.454047441482544,1.2578179836273193,1.5114772319793701,1.4198541641235352,1.0733082294464111,1.2064144611358643,1.171785593032837,1.0208250284194946,1.5139079093933105,1.7156918048858643,1.5542845726013184,1.479789137840271,1.5949591398239136,1.4774951934814453,1.366023063659668,1.0914342403411865,0.9677173495292664,0.8783614635467529,0.5932914018630981,0.3843534290790558,0.0,0.38812753558158875,0.5424872040748596,3.1314661502838135,2.968026876449585,2.60556697845459,2.5082414150238037,2.197070598602295,1.8535726070404053,1.8578404188156128,2.1537489891052246,1.9972867965698242,1.8255258798599243,2.1652939319610596,2.3460071086883545,2.5498554706573486,2.5139501094818115,2.8527824878692627,2.489187240600586,2.206749677658081,1.9255956411361694,2.0976250171661377,1.9227765798568726,1.8282901048660278,2.1502087116241455,2.3544983863830566,2.2643191814422607,2.4989326000213623,2.8043053150177,2.8147318363189697,3.1794605255126953,3.1955180168151855,3.371185779571533,1.372222900390625,1.0926584005355835,1.1262198686599731,1.427472472190857,1.5677878856658936,1.6873887777328491,2.002516984939575,1.9824492931365967,1.960904598236084,2.3030877113342285,2.4673678874969482,2.3798317909240723,2.739614963531494,2.8527562618255615,2.871527671813965
