,A1,A2,A3,A4,A5,A6,A7,A8,A9,A10,A11,A12,A13,A14,A15,B1,B2,B3,B4,B5,B6,B7,B8,B9,B10,B11,B12,B13,B14,B15,C1,C2,C3,C4,C5,C6,C7,C8,C9,C10,C11,C12,C13,C14,C15,D1,D2,D3,D4,D5,D6,D7,D8,D9,D10,D11,D12,D13,D14,D15,E1,E2,E3,E4,E5,E6,E7,E8,E9,E10,E11,E12,E13,E14,E15
A1,0.0,0.39756420254707336,0.6652758717536926,0.7449663281440735,1.0951838493347168,1.3877339363098145,1.4810106754302979,1.272689938545227,1.4418988227844238,1.7735662460327148,1.7330329418182373,1.701581597328186,2.016256093978882,2.238654136657715,2.341123104095459,2.220642328262329,2.142033100128174,1.8502144813537598,2.084193468093872,2.171114206314087,1.9578298330307007,2.313873529434204,2.3401403427124023,2.0546841621398926,2.2676849365234375,2.589045286178589,2.4782888889312744,2.7774667739868164,2.6469664573669434,2.869018316268921,2.3734912872314453,2.2162444591522217,1.915462613105774,2.1941606998443604,2.2080118656158447,2.0101158618927,2.3703513145446777,2.4437947273254395,2.165163278579712,2.387002468109131,2.7196614742279053,2.665679931640625,2.995990753173828,2.9265589714050293,3.1662697792053223,2.8059449195861816,2.6163530349731445,2.312997817993164,2.0809803009033203,1.786134123802185,1.468238115310669,1.3765356540679932,1.6403433084487915,1.523179531097412,1.228205680847168,1.492061972618103,1.7524943351745605,1.8962544202804565,1.916410207748413,2.2662301063537598,1.6454983949661255,1.5598951578140259,1.3436001539230347,1.6570603847503662,1.871654987335205,1.8537834882736206,2.199977159500122,2.0995025634765625,1.915162444114685,2.2654953002929688,2.456747531890869,2.2793095111846924,2.5943825244903564,2.543545961380005,2.675349235534668
A2,0.39756420254707336,0.0,0.3882173001766205,0.576041042804718,0.8476612567901611,1.158750295639038,1.3003511428833008,1.186790108680725,1.3406649827957153,1.6675763130187988,1.6990954875946045,1.7226959466934204,2.073058605194092,2.282109022140503,2.439403533935547,1.968794822692871,1.841108798980713,1.5512511730194092,1.8175853490829468,1.8878717422485352,1.7086718082427979,2.077040195465088,2.1383304595947266,1.892547607421875,2.1182219982147217,2.4498989582061768,2.382847309112549,2.7135844230651855,2.6335437297821045,2.869798183441162,2.256469249725342,2.0568342208862305,1.7238529920578003,1.9610106945037842,1.9192863702774048,1.6999375820159912,2.054126739501953,2.1712682247161865,1.9066104888916016,2.102571725845337,2.4501450061798096,2.4409382343292236,2.7786879539489746,2.7350316047668457,2.9960267543792725,2.422097682952881,2.249757766723633,1.9471338987350464,1.7104578018188477,1.441551685333252,1.1106144189834595,1.0272303819656372,1.2632914781570435,1.1267026662826538,0.8402190804481506,1.1340898275375366,1.3786485195159912,1.5578291416168213,1.5902187824249268,1.9367259740829468,1.4867583513259888,1.390639066696167,1.1072882413864136,1.3639438152313232,1.5671913623809814,1.5094306468963623,1.8517574071884155,1.7450798749923706,1.5350574254989624,1.8789745569229126,2.0769100189208984,1.8995451927185059,2.2168023586273193,2.1623802185058594,2.312864065170288
A3,0.6652758717536926,0.3882173001766205,0.0,0.3963785469532013,0.6485286355018616,0.8633628487586975,1.088789939880371,0.9965611696243286,1.0590810775756836,1.4054064750671387,1.5062490701675415,1.5137678384780884,1.8878461122512817,2.0508623123168945,2.250058650970459,1.807209849357605,1.6432244777679443,1.30685555934906,1.5271706581115723,1.5542484521865845,1.3421006202697754,1.704887866973877,1.7852014303207397,1.536598801612854,1.74396812915802,2.0852718353271484,2.0437233448028564,2.379301071166992,2.317481279373169,2.5720772743225098,1.9023758172988892,1.7124148607254028,1.3666884899139404,1.5895980596542358,1.5659888982772827,1.3474206924438477,1.7060095071792603,1.796795129776001,1.5301297903060913,1.7483360767364502,2.083855152130127,2.0644760131835938,2.408998727798462,2.3823556900024414,2.6344146728515625,2.2415831089019775,2.038567066192627,1.703782320022583,1.5284570455551147,1.2543308734893799,0.8928070664405823,0.9390747547149658,1.1973596811294556,1.0156292915344238,0.8541102409362793,1.2157427072525024,1.4109233617782593,1.662946105003357,1.683363914489746,2.0223684310913086,1.3469434976577759,1.1600579023361206,0.8362938761711121,1.1075329780578613,1.2519675493240356,1.201041340827942,1.55905282497406,1.5088229179382324,1.3271385431289673,1.6661450862884521,1.8898141384124756,1.7765775918960571,2.1283977031707764,2.1182031631469727,2.3034651279449463
A4,0.7449663281440735,0.576041042804718,0.3963785469532013,0.0,0.3902571499347687,0.6459543704986572,0.7636143565177917,0.6238113641738892,0.7743094563484192,1.0916725397109985,1.1421257257461548,1.188554048538208,1.5533621311187744,1.7565134763717651,1.9473572969436646,1.5515367984771729,1.462579607963562,1.1445162296295166,1.3461134433746338,1.457580327987671,1.2736475467681885,1.6338903903961182,1.6290801763534546,1.3768703937530518,1.6473588943481445,1.945489764213562,1.848642110824585,2.186927080154419,2.1309704780578613,2.3460235595703125,1.740883231163025,1.5222399234771729,1.219922661781311,1.5126829147338867,1.5293735265731812,1.4031896591186523,1.7749292850494385,1.840474009513855,1.6287827491760254,1.9015954732894897,2.202345371246338,2.173391819000244,2.53836727142334,2.5545530319213867,2.7736387252807617,2.2583887577056885,2.005263090133667,1.6996841430664062,1.5092273950576782,1.1688305139541626,0.8811274170875549,0.880774974822998,1.2258658409118652,1.1540426015853882,1.0124412775039673,1.329026699066162,1.5844378471374512,1.855688214302063,1.9455864429473877,2.2667810916900635,1.7232767343521118,1.497110366821289,1.1683828830718994,1.4248042106628418,1.4896668195724487,1.3732651472091675,1.7485934495925903,1.7649768590927124,1.5480751991271973,1.8405722379684448,2.1170973777770996,2.028630256652832,2.3765053749084473,2.330404043197632,2.550255298614502
A5,1.0951838493347168,0.8476612567901611,0.6485286355018616,0.3902571499347687,0.0,0.3895118832588196,0.48278161883354187,0.5602884292602539,0.7211974263191223,0.9442012906074524,1.062440037727356,1.2133439779281616,1.573454737663269,1.7744089365005493,2.0066940784454346,1.1761571168899536,1.0730458498001099,0.7691575288772583,1.009657382965088,1.1697983741760254,1.0753804445266724,1.4379249811172485,1.4189132452011108,1.240196704864502,1.5602834224700928,1.8277698755264282,1.7552564144134521,2.1215407848358154,2.132788896560669,2.329641580581665,1.647558569908142,1.3562376499176025,1.0565316677093506,1.3222335577011108,1.2841984033584595,1.2084872722625732,1.57050359249115,1.6750209331512451,1.531013011932373,1.7989475727081299,2.0852103233337402,2.105940103530884,2.4834275245666504,2.5548291206359863,2.7728004455566406,1.924601435661316,1.650666356086731,1.3704668283462524,1.1707708835601807,0.8072769641876221,0.589491605758667,0.6006025075912476,0.9695652723312378,0.974054217338562,0.9284406304359436,1.2062139511108398,1.4542652368545532,1.7673585414886475,1.9099087715148926,2.195558547973633,1.902677059173584,1.6595776081085205,1.290592074394226,1.4559764862060547,1.443246841430664,1.2328410148620605,1.6007990837097168,1.6650534868240356,1.4056403636932373,1.6380130052566528,1.9573028087615967,1.8982597589492798,2.2359960079193115,2.1662981510162354,2.4263341426849365
A6,1.3877339363098145,1.158750295639038,0.8633628487586975,0.6459543704986572,0.3895118832588196,0.0,0.37816619873046875,0.5381960272789001,0.49252939224243164,0.6812681555747986,0.9244077205657959,1.0625734329223633,1.4261926412582397,1.5612249374389648,1.8422962427139282,1.1011555194854736,0.9693838357925415,0.6075432300567627,0.7125595211982727,0.8403500318527222,0.7168388962745667,1.065122365951538,1.0310217142105103,0.8597843647003174,1.1912128925323486,1.4470635652542114,1.3967839479446411,1.7728866338729858,1.8196768760681152,2.024850606918335,1.279322862625122,0.9751033186912537,0.6710914373397827,0.9484604597091675,0.9602034687995911,0.9567397832870483,1.3080894947052002,1.3595387935638428,1.256651520729065,1.5628619194030762,1.804399013519287,1.8110214471817017,2.1933767795562744,2.300107479095459,2.490433931350708,1.8623380661010742,1.5439420938491821,1.2431780099868774,1.151839017868042,0.8089142441749573,0.648220956325531,0.8294268846511841,1.148073673248291,1.1253324747085571,1.1936979293823242,1.4840779304504395,1.673391580581665,2.019510269165039,2.14266300201416,2.4144675731658936,1.9503272771835327,1.648348093032837,1.2952293157577515,1.4361870288848877,1.3284577131271362,1.116615653038025,1.4706088304519653,1.6196550130844116,1.407663106918335,1.5967084169387817,1.9361311197280884,1.9521409273147583,2.304858446121216,2.2776315212249756,2.560490369796753
A7,1.4810106754302979,1.3003511428833008,1.088789939880371,0.7636143565177917,0.48278161883354187,0.37816619873046875,0.0,0.38029199838638306,0.5281733870506287,0.5494639873504639,0.6885400414466858,0.9377558827400208,1.2555294036865234,1.4563891887664795,1.710004210472107,0.8952824473381042,0.907056450843811,0.6580613851547241,0.757544994354248,1.0245051383972168,0.9902620315551758,1.2872081995010376,1.147670865058899,1.009802222251892,1.3873953819274902,1.569878339767456,1.4502307176589966,1.8131115436553955,1.8649954795837402,2.009354829788208,1.3877358436584473,1.0581587553024292,0.867250382900238,1.1794689893722534,1.2093487977981567,1.2813947200775146,1.6088286638259888,1.6572173833847046,1.6010370254516602,1.9129083156585693,2.1304659843444824,2.137279748916626,2.5197064876556396,2.6454319953918457,2.8151986598968506,1.9762204885482788,1.6376922130584717,1.4068999290466309,1.2682527303695679,0.8938391208648682,0.8571476340293884,0.9045830368995667,1.2542659044265747,1.3330222368240356,1.359984278678894,1.589983582496643,1.8319672346115112,2.1618728637695312,2.336700677871704,2.5965373516082764,2.293015956878662,2.0030128955841064,1.6492211818695068,1.7999019622802734,1.7000162601470947,1.462579607963562,1.806689977645874,1.9566471576690674,1.7108874320983887,1.8719067573547363,2.2274162769317627,2.227048635482788,2.5591092109680176,2.4858148097991943,2.778379440307617
A8,1.272689938545227,1.186790108680725,0.9965611696243286,0.6238113641738892,0.5602884292602539,0.5381960272789001,0.38029199838638306,0.0,0.3742603063583374,0.5372238755226135,0.5271808505058289,0.6731801629066467,1.0179030895233154,1.2494018077850342,1.4606624841690063,1.2528235912322998,1.286758303642273,1.016884684562683,1.0851595401763916,1.2963402271270752,1.1583415269851685,1.4528449773788452,1.304867148399353,1.0687646865844727,1.4102065563201904,1.6105170249938965,1.4346452951431274,1.7646703720092773,1.739081859588623,1.8872003555297852,1.3882460594177246,1.1432005167007446,0.9676758050918579,1.336833119392395,1.4420462846755981,1.4769973754882812,1.823348045349121,1.8220951557159424,1.7089993953704834,2.044532537460327,2.2669389247894287,2.216742992401123,2.5929651260375977,2.6766200065612793,2.8344545364379883,2.325545310974121,1.997130274772644,1.73870050907135,1.599044680595398,1.2210317850112915,1.0931273698806763,1.1230603456497192,1.4983080625534058,1.527296543121338,1.4813001155853271,1.746660828590393,2.0117151737213135,2.3176589012145996,2.4616756439208984,2.7529382705688477,2.235353946685791,1.9440807104110718,1.6241368055343628,1.85120689868927,1.7988613843917847,1.6314740180969238,1.9945844411849976,2.1176059246063232,1.9000738859176636,2.1139299869537354,2.4460670948028564,2.425327777862549,2.772721767425537,2.7151920795440674,2.9822998046875
A9,1.4418988227844238,1.3406649827957153,1.0590810775756836,0.7743094563484192,0.7211974263191223,0.49252939224243164,0.5281733870506287,0.3742603063583374,0.0,0.38162681460380554,0.5714554786682129,0.5920337438583374,0.9676791429519653,1.0878362655639648,1.3607853651046753,1.3661898374557495,1.3392397165298462,1.0206644535064697,0.9802192449569702,1.1052671670913696,0.8928887248039246,1.153280258178711,1.0116747617721558,0.7252579927444458,1.043906569480896,1.2608236074447632,1.1041138172149658,1.4428257942199707,1.424694538116455,1.6129082441329956,1.0352121591567993,0.8269364237785339,0.6503350734710693,1.0377789735794067,1.2148139476776123,1.2724770307540894,1.6000983715057373,1.537439227104187,1.4277688264846802,1.786832571029663,1.9753754138946533,1.893505573272705,2.264183759689331,2.3552682399749756,2.491528034210205,2.3183176517486572,1.9766943454742432,1.6860580444335938,1.6297965049743652,1.284373164176941,1.136332392692566,1.2799110412597656,1.6245566606521606,1.5943334102630615,1.6124536991119385,1.916856050491333,2.1310312747955322,2.4611194133758545,2.5675716400146484,2.8600454330444336,2.128354549407959,1.794651985168457,1.5031970739364624,1.7248311042785645,1.6222047805786133,1.4931877851486206,1.8386714458465576,2.0056819915771484,1.842446208000183,2.0459558963775635,2.372389554977417,2.4011826515197754,2.7651984691619873,2.755894899368286,3.02793025970459
A10,1.7735662460327148,1.6675763130187988,1.4054064750671387,1.0916725397109985,0.9442012906074524,0.6812681555747986,0.5494639873504639,0.5372238755226135,0.38162681460380554,0.0,0.3844332695007324,0.5555489659309387,0.8360578417778015,0.9529979228973389,1.2516840696334839,1.196007490158081,1.2473680973052979,1.0087425708770752,0.8749063014984131,1.0756562948226929,0.9634618759155273,1.1426914930343628,0.887961745262146,0.6949562430381775,1.0590264797210693,1.1628483533859253,0.9613054990768433,1.2975610494613647,1.3444106578826904,1.4639816284179688,0.9521600604057312,0.6896713972091675,0.6766306161880493,1.0464774370193481,1.2407077550888062,1.4029473066329956,1.687747836112976,1.6119309663772583,1.5889180898666382,1.9503158330917358,2.0894739627838135,2.023195505142212,2.3899807929992676,2.531343698501587,2.6362061500549316,2.318558931350708,1.9470614194869995,1.709768533706665,1.6769490242004395,1.341008186340332,1.3009090423583984,1.4297384023666382,1.7631419897079468,1.794845700263977,1.8490577936172485,2.113600254058838,2.331523895263672,2.672577381134033,2.8154726028442383,3.0849666595458984,2.481276512145996,2.139216184616089,1.841211199760437,2.0231997966766357,1.8717693090438843,1.6977832317352295,2.017969846725464,2.2286577224731445,2.0514638423919678,2.1996662616729736,2.5508570671081543,2.606623888015747,2.9570693969726562,2.9296326637268066,3.2259912490844727
A11,1.7330329418182373,1.6990954875946045,1.5062490701675415,1.1421257257461548,1.062440037727356,0.9244077205657959,0.6885400414466858,0.5271808505058289,0.5714554786682129,0.3844332695007324,0.0,0.37119847536087036,0.5820911526679993,0.8369081020355225,1.048556923866272,1.3377150297164917,1.4731199741363525,1.276435375213623,1.203607201576233,1.4449059963226318,1.336768627166748,1.5250321626663208,1.2583353519439697,1.0535235404968262,1.3876625299453735,1.4671999216079712,1.2010188102722168,1.475359559059143,1.4585161209106445,1.5195659399032593,1.2394304275512695,1.0401326417922974,1.0506166219711304,1.4283204078674316,1.6177124977111816,1.7578903436660767,2.05902361869812,1.9896329641342163,1.9432902336120605,2.306658983230591,2.458833694458008,2.3761439323425293,2.7396388053894043,2.8589463233947754,2.9584569931030273,2.6022870540618896,2.2363502979278564,2.019125461578369,1.9326448440551758,1.570369005203247,1.5267417430877686,1.575517177581787,1.9375977516174316,1.998918890953064,1.988308310508728,2.233826160430908,2.496565341949463,2.8120548725128174,2.971904754638672,3.2516520023345947,2.6762311458587646,2.3532140254974365,2.0608785152435303,2.2840185165405273,2.1778199672698975,2.0118682384490967,2.3505969047546387,2.529949903488159,2.3318562507629395,2.5036566257476807,2.853093385696411,2.8734943866729736,3.2199597358703613,3.1656153202056885,3.4518394470214844
A12,1.701581597328186,1.7226959466934204,1.5137678384780884,1.188554048538208,1.2133439779281616,1.0625734329223633,0.9377558827400208,0.6731801629066467,0.5920337438583374,0.5555489659309387,0.37119847536087036,0.0,0.38638684153556824,0.5894417762756348,0.7945244908332825,1.6785756349563599,1.7681519985198975,1.5193157196044922,1.4253554344177246,1.5922884941101074,1.3989439010620117,1.5675326585769653,1.3244192600250244,1.0446752309799194,1.3017334938049316,1.397740364074707,1.1026182174682617,1.3281317949295044,1.225080966949463,1.3124948740005493,1.1463671922683716,1.0645207166671753,1.0843250751495361,1.4701817035675049,1.7185864448547363,1.8296788930892944,2.1305949687957764,2.0099713802337646,1.9234870672225952,2.2992587089538574,2.4401731491088867,2.3041422367095947,2.651054620742798,2.7363641262054443,2.8153882026672363,2.8442001342773438,2.4831345081329346,2.2274398803710938,2.1663944721221924,1.8080670833587646,1.6995612382888794,1.783977746963501,2.1501412391662598,2.154711961746216,2.128903388977051,2.413633108139038,2.6654465198516846,2.9767489433288574,3.096578598022461,3.3974270820617676,2.584752321243286,2.2514395713806152,2.0063748359680176,2.270415782928467,2.1798667907714844,2.0778234004974365,2.4162447452545166,2.589693069458008,2.43330717086792,2.6358144283294678,2.964082717895508,2.989720106124878,3.3526384830474854,3.331303119659424,3.601030111312866
A13,2.016256093978882,2.073058605194092,1.8878461122512817,1.5533621311187744,1.573454737663269,1.4261926412582397,1.2555294036865234,1.0179030895233154,0.9676791429519653,0.8360578417778015,0.5820911526679993,0.38638684153556824,0.0,0.3787107765674591,0.47141337394714355,1.8880490064620972,2.0332908630371094,1.8281102180480957,1.7003778219223022,1.8852874040603638,1.717909336090088,1.835676670074463,1.5461264848709106,1.3055254220962524,1.5285913944244385,1.5403470993041992,1.194834589958191,1.3272359371185303,1.2015079259872437,1.1842292547225952,1.3037140369415283,1.276667833328247,1.3860465288162231,1.7518023252487183,2.0233545303344727,2.1721348762512207,2.452265501022339,2.3070106506347656,2.2493817806243896,2.6294641494750977,2.7381441593170166,2.585296154022217,2.9168784618377686,3.012723445892334,3.0569777488708496,3.1480376720428467,2.7748477458953857,2.5451385974884033,2.4912068843841553,2.1349124908447266,2.0599255561828613,2.127615451812744,2.495176315307617,2.52306866645813,2.4941699504852295,2.7634544372558594,3.027095079421997,3.335023880004883,3.46779203414917,3.7658627033233643,2.949274778366089,2.6133837699890137,2.383204460144043,2.6502630710601807,2.549567222595215,2.44691801071167,2.776801824569702,2.9648914337158203,2.8093278408050537,2.9982731342315674,3.3332297801971436,3.3665571212768555,3.726839065551758,3.698276996612549,3.973806381225586
A14,2.238654136657715,2.282109022140503,2.0508623123168945,1.7565134763717651,1.7744089365005493,1.5612249374389648,1.4563891887664795,1.2494018077850342,1.0878362655639648,0.9529979228973389,0.8369081020355225,0.5894417762756348,0.3787107765674591,0.0,0.3637472093105316,2.071086883544922,2.179593324661255,1.957163691520691,1.7674916982650757,1.8911840915679932,1.697011113166809,1.74628746509552,1.4554929733276367,1.2193326950073242,1.3573940992355347,1.3164862394332886,0.9543279409408569,1.0052722692489624,0.8460414409637451,0.8119699358940125,1.0953068733215332,1.1766743659973145,1.3532973527908325,1.6783868074417114,1.9987045526504517,2.168464183807373,2.412292003631592,2.213277816772461,2.172835350036621,2.554121494293213,2.61611270904541,2.429814577102661,2.735288143157959,2.836826801300049,2.8416991233825684,3.243173360824585,2.8642306327819824,2.622251272201538,2.6230807304382324,2.2903354167938232,2.208651542663574,2.3320212364196777,2.684497594833374,2.680201292037964,2.6878182888031006,2.9802982807159424,3.213906764984131,3.5378761291503906,3.6468019485473633,3.945236921310425,2.981114625930786,2.6229097843170166,2.427158832550049,2.684443950653076,2.55161190032959,2.481314182281494,2.7850027084350586,3.0017404556274414,2.8871846199035645,3.0632920265197754,3.3891780376434326,3.4581422805786133,3.826164960861206,3.8311920166015625,4.1095871925354
A15,2.341123104095459,2.439403533935547,2.250058650970459,1.9473572969436646,2.0066940784454346,1.8422962427139282,1.710004210472107,1.4606624841690063,1.3607853651046753,1.2516840696334839,1.048556923866272,0.7945244908332825,0.47141337394714355,0.3637472093105316,0.0,2.333371162414551,2.4727535247802734,2.259620428085327,2.09661602973938,2.2394680976867676,2.0419814586639404,2.1062510013580322,1.818328619003296,1.575553297996521,1.7049716711044312,1.664820909500122,1.3022106885910034,1.2974404096603394,1.0861097574234009,0.9900239706039429,1.4479271173477173,1.5394036769866943,1.700269341468811,2.035438060760498,2.3508591651916504,2.505261182785034,2.7615416049957275,2.565539598464966,2.506528615951538,2.8878509998321533,2.958360195159912,2.7586441040039062,3.0561320781707764,3.1357827186584473,3.1332600116729736,3.5656192302703857,3.1883444786071777,2.9497456550598145,2.9248247146606445,2.5772793292999268,2.486488103866577,2.5761094093322754,2.9420080184936523,2.9453821182250977,2.9167520999908447,3.202929973602295,3.4586288928985596,3.7659871578216553,3.877307891845703,4.1848859786987305,3.1983602046966553,2.8555562496185303,2.6742196083068848,2.9584426879882812,2.854722261428833,2.7951533794403076,3.1103756427764893,3.3081183433532715,3.1867451667785645,3.380762815475464,3.703751564025879,3.752772569656372,4.121480941772461,4.115968227386475,4.385605335235596
B1,2.220642328262329,1.968794822692871,1.807209849357605,1.5515367984771729,1.1761571168899536,1.1011555194854736,0.8952824473381042,1.2528235912322998,1.3661898374557495,1.196007490158081,1.3377150297164917,1.6785756349563599,1.8880490064620972,2.071086883544922,2.333371162414551,0.0,0.40054893493652344,0.6669289469718933,0.7647557258605957,1.1254937648773193,1.3778786659240723,1.5588525533676147,1.4083387851715088,1.5094990730285645,1.8781006336212158,1.949118733406067,1.898971676826477,2.250087261199951,2.4251110553741455,2.5042636394500732,1.8595627546310425,1.4606677293777466,1.3770643472671509,1.5031144618988037,1.3775733709335327,1.555527687072754,1.7565624713897705,1.9019204378128052,1.9955580234527588,2.22383451461792,2.391592502593994,2.5108482837677,2.8745338916778564,3.0860702991485596,3.2544894218444824,1.523276925086975,1.1793113946914673,1.1771111488342285,1.0359992980957031,0.8295639753341675,1.1341116428375244,1.1088134050369263,1.2678093910217285,1.5184299945831299,1.6585346460342407,1.716908574104309,1.905630111694336,2.2290477752685547,2.495586395263672,2.6527793407440186,2.9072797298431396,2.644953727722168,2.2665674686431885,2.2809226512908936,2.112677574157715,1.7630159854888916,2.004589557647705,2.192084789276123,1.8964415788650513,1.890505313873291,2.2698874473571777,2.3026514053344727,2.550549268722534,2.4049789905548096,2.7431468963623047
B2,2.142033100128174,1.841108798980713,1.6432244777679443,1.462579607963562,1.0730458498001099,0.9693838357925415,0.907056450843811,1.286758303642273,1.3392397165298462,1.2473680973052979,1.4731199741363525,1.7681519985198975,2.0332908630371094,2.179593324661255,2.4727535247802734,0.40054893493652344,0.0,0.39032697677612305,0.5726603269577026,0.854745626449585,1.138603925704956,1.3360072374343872,1.2808425426483154,1.3974488973617554,1.7341018915176392,1.8537317514419556,1.8711743354797363,2.242445707321167,2.424097776412964,2.554600715637207,1.7861210107803345,1.3861868381500244,1.2309101819992065,1.2844756841659546,1.0796706676483154,1.2191083431243896,1.4044522047042847,1.5967092514038086,1.688626766204834,1.8795416355133057,2.06327486038208,2.2153122425079346,2.5733885765075684,2.7820355892181396,2.9730241298675537,1.1886022090911865,0.8320204019546509,0.7797106504440308,0.6642994284629822,0.5080639719963074,0.8514273166656494,0.9126255512237549,1.0078293085098267,1.2170653343200684,1.4270840883255005,1.5064799785614014,1.636099100112915,1.9836468696594238,2.220590591430664,2.3721954822540283,2.6177027225494385,2.3634960651397705,1.9875818490982056,1.9535040855407715,1.7683608531951904,1.4028359651565552,1.620773434638977,1.8125602006912231,1.5241719484329224,1.4966851472854614,1.8775070905685425,1.9308663606643677,2.1842944622039795,2.0665500164031982,2.4107706546783447
B3,1.8502144813537598,1.5512511730194092,1.30685555934906,1.1445162296295166,0.7691575288772583,0.6075432300567627,0.6580613851547241,1.016884684562683,1.0206644535064697,1.0087425708770752,1.276435375213623,1.5193157196044922,1.8281102180480957,1.957163691520691,2.259620428085327,0.6669289469718933,0.39032697677612305,0.0,0.3882271647453308,0.6251229047775269,0.8117987513542175,1.0788174867630005,1.0618749856948853,1.1043919324874878,1.4375492334365845,1.6164997816085815,1.6369552612304688,2.0212433338165283,2.1674585342407227,2.337388515472412,1.5253612995147705,1.14143967628479,0.9119329452514648,1.0037813186645508,0.8285921216011047,0.9187450408935547,1.1751643419265747,1.3389371633529663,1.371037244796753,1.5967495441436768,1.8088370561599731,1.9244585037231445,2.29548978805542,2.4738240242004395,2.672083616256714,1.331742286682129,0.983585774898529,0.7633472681045532,0.6761674880981445,0.3886492848396301,0.5721241235733032,0.7468046545982361,0.9256888628005981,1.0309977531433105,1.2324342727661133,1.405980110168457,1.5410939455032349,1.907441258430481,2.093501091003418,2.292173385620117,2.2721805572509766,1.999749779701233,1.6274491548538208,1.6270978450775146,1.4485307931900024,1.1105859279632568,1.3820419311523438,1.5742512941360474,1.3088465929031372,1.35824453830719,1.7383205890655518,1.7911320924758911,2.0940418243408203,2.0241174697875977,2.3521032333374023
B4,2.084193468093872,1.8175853490829468,1.5271706581115723,1.3461134433746338,1.009657382965088,0.7125595211982727,0.757544994354248,1.0851595401763916,0.9802192449569702,0.8749063014984131,1.203607201576233,1.4253554344177246,1.7003778219223022,1.7674916982650757,2.09661602973938,0.7647557258605957,0.5726603269577026,0.3882271647453308,0.0,0.38556820154190063,0.6347013115882874,0.7979969382286072,0.7134729623794556,0.8399632573127747,1.166684627532959,1.2850464582443237,1.3241336345672607,1.6999552249908447,1.8892557621002197,2.0460574626922607,1.222756028175354,0.8279271721839905,0.6893520355224609,0.7409629225730896,0.6449593901634216,0.8869255781173706,1.0866502523422241,1.161383032798767,1.2675533294677734,1.5276811122894287,1.6661568880081177,1.7564890384674072,2.1215262413024902,2.3379738330841064,2.4931161403656006,1.4818580150604248,1.0978124141693115,0.8937011361122131,0.9595429301261902,0.7585601806640625,0.8994746804237366,1.123386263847351,1.3012558221817017,1.3656409978866577,1.5846284627914429,1.7835689783096313,1.897957682609558,2.2710492610931396,2.434511661529541,2.632546901702881,2.4172465801239014,2.1024765968322754,1.7609550952911377,1.7657105922698975,1.5232781171798706,1.2216782569885254,1.457821011543274,1.7219018936157227,1.5204650163650513,1.5374400615692139,1.913901448249817,2.028867244720459,2.339104413986206,2.3093783855438232,2.6426920890808105
B5,2.171114206314087,1.8878717422485352,1.5542484521865845,1.457580327987671,1.1697983741760254,0.8403500318527222,1.0245051383972168,1.2963402271270752,1.1052671670913696,1.0756562948226929,1.4449059963226318,1.5922884941101074,1.8852874040603638,1.8911840915679932,2.2394680976867676,1.1254937648773193,0.854745626449585,0.6251229047775269,0.38556820154190063,0.0,0.3919239044189453,0.49589067697525024,0.5968410968780518,0.7617887258529663,0.9831202030181885,1.142935872077942,1.282397985458374,1.6492469310760498,1.8495852947235107,2.0537495613098145,1.1304845809936523,0.795077383518219,0.6089251041412354,0.4616040885448456,0.2637117803096771,0.5743138194084167,0.7208591103553772,0.7805649638175964,0.9234029054641724,1.1653817892074585,1.2832931280136108,1.391526460647583,1.7503432035446167,1.97897207736969,2.139146327972412,1.4419658184051514,1.0884982347488403,0.8142781853675842,1.0066262483596802,0.900357186794281,0.9573812484741211,1.270730972290039,1.3946665525436401,1.3673070669174194,1.6348265409469604,1.8671187162399292,1.9176061153411865,2.297874689102173,2.4083757400512695,2.604034662246704,2.229041576385498,1.902866005897522,1.5944098234176636,1.552815318107605,1.2558702230453491,0.9851321578025818,1.1712900400161743,1.4820505380630493,1.3509364128112793,1.3494168519973755,1.7035071849822998,1.8719536066055298,2.1929054260253906,2.2242186069488525,2.548919439315796
B6,1.9578298330307007,1.7086718082427979,1.3421006202697754,1.2736475467681885,1.0753804445266724,0.7168388962745667,0.9902620315551758,1.1583415269851685,0.8928887248039246,0.9634618759155273,1.336768627166748,1.3989439010620117,1.717909336090088,1.697011113166809,2.0419814586639404,1.3778786659240723,1.138603925704956,0.8117987513542175,0.6347013115882874,0.3919239044189453,0.0,0.3751331567764282,0.5474444031715393,0.5210619568824768,0.7030014395713806,0.9701427221298218,1.1016759872436523,1.4691917896270752,1.6094772815704346,1.8599140644073486,0.9140788316726685,0.6537001729011536,0.3443889021873474,0.26600009202957153,0.34988754987716675,0.4897630214691162,0.7352219223976135,0.6754650473594666,0.6843454837799072,1.0139564275741577,1.160811424255371,1.1791874170303345,1.5580453872680664,1.7368221282958984,1.8978747129440308,1.7442588806152344,1.4196821451187134,1.0896207094192505,1.2360185384750366,1.0690724849700928,0.9800763726234436,1.3170784711837769,1.493796944618225,1.3905696868896484,1.6083309650421143,1.9029576778411865,1.9672703742980957,2.3404195308685303,2.4056546688079834,2.6415340900421143,1.9619038105010986,1.6075546741485596,1.3260890245437622,1.3497532606124878,1.0705159902572632,0.8991849422454834,1.1382631063461304,1.4262367486953735,1.3444952964782715,1.4349443912506104,1.7569853067398071,1.907352328300476,2.26188063621521,2.328077554702759,2.6246442794799805
B7,2.313873529434204,2.077040195465088,1.704887866973877,1.6338903903961182,1.4379249811172485,1.065122365951538,1.2872081995010376,1.4528449773788452,1.153280258178711,1.1426914930343628,1.5250321626663208,1.5675326585769653,1.835676670074463,1.74628746509552,2.1062510013580322,1.5588525533676147,1.3360072374343872,1.0788174867630005,0.7979969382286072,0.49589067697525024,0.3751331567764282,0.0,0.38490772247314453,0.5387250185012817,0.5641859173774719,0.7353591322898865,0.9693509936332703,1.2980695962905884,1.503260850906372,1.7450929880142212,0.7786933183670044,0.5952012538909912,0.5052406191825867,0.12255840003490448,0.3962453007698059,0.6742804050445557,0.7338550686836243,0.5319094061851501,0.7064990401268005,1.0080375671386719,1.0237689018249512,1.0293793678283691,1.3809911012649536,1.6223878860473633,1.7292540073394775,1.8548951148986816,1.5281802415847778,1.2426623106002808,1.4710255861282349,1.3598774671554565,1.3261781930923462,1.664779782295227,1.81441330909729,1.718231439590454,1.9639208316802979,2.2459537982940674,2.2844531536102295,2.660433530807495,2.718341588973999,2.9353723526000977,2.1994831562042236,1.83357572555542,1.6012684106826782,1.592055082321167,1.2637851238250732,1.1318174600601196,1.2768948078155518,1.6157746315002441,1.5887494087219238,1.617068886756897,1.9200541973114014,2.12581467628479,2.4643547534942627,2.557245969772339,2.8591439723968506
B8,2.3401403427124023,2.1383304595947266,1.7852014303207397,1.6290801763534546,1.4189132452011108,1.0310217142105103,1.147670865058899,1.304867148399353,1.0116747617721558,0.887961745262146,1.2583353519439697,1.3244192600250244,1.5461264848709106,1.4554929733276367,1.818328619003296,1.4083387851715088,1.2808425426483154,1.0618749856948853,0.7134729623794556,0.5968410968780518,0.5474444031715393,0.38490772247314453,0.0,0.3718133866786957,0.5518249869346619,0.5788201689720154,0.706751823425293,1.0599215030670166,1.2943284511566162,1.4811735153198242,0.5789446830749512,0.28336259722709656,0.432320237159729,0.377034991979599,0.6634928584098816,0.9803740382194519,1.0897495746612549,0.9151473045349121,1.066602349281311,1.3888273239135742,1.3978670835494995,1.3685799837112427,1.7072821855545044,1.9459056854248047,2.0152366161346436,2.0122780799865723,1.6462986469268799,1.4066120386123657,1.584494948387146,1.412575125694275,1.4242095947265625,1.7128146886825562,1.9146647453308105,1.878365159034729,2.0886809825897217,2.3589413166046143,2.4497907161712646,2.8267486095428467,2.9230122566223145,3.1476922035217285,2.4640278816223145,2.0909507274627686,1.8389114141464233,1.883314847946167,1.58749520778656,1.4275751113891602,1.6169708967208862,1.939967393875122,1.8640223741531372,1.9011261463165283,2.231570243835449,2.410949468612671,2.7486472129821777,2.801945924758911,3.1161186695098877
B9,2.0546841621398926,1.892547607421875,1.536598801612854,1.3768703937530518,1.240196704864502,0.8597843647003174,1.009802222251892,1.0687646865844727,0.7252579927444458,0.6949562430381775,1.0535235404968262,1.0446752309799194,1.3055254220962524,1.2193326950073242,1.575553297996521,1.5094990730285645,1.3974488973617554,1.1043919324874878,0.8399632573127747,0.7617887258529663,0.5210619568824768,0.5387250185012817,0.3718133866786957,0.0,0.39376193284988403,0.5877634286880493,0.6016890406608582,0.9806442856788635,1.1109381914138794,1.3439394235610962,0.4402465224266052,0.21669328212738037,0.2213585376739502,0.4600510597229004,0.8008987903594971,1.0005468130111694,1.1996039152145386,1.0109729766845703,1.0292984247207642,1.3985813856124878,1.463308334350586,1.3677743673324585,1.7216663360595703,1.894918441772461,1.97577965259552,2.1975369453430176,1.8408963680267334,1.5532397031784058,1.670254111289978,1.438415765762329,1.362093210220337,1.6395775079727173,1.889563798904419,1.8202623128890991,1.9749964475631714,2.2808313369750977,2.4000933170318604,2.766371011734009,2.8427464962005615,3.100145101547241,2.249847412109375,1.8687247037887573,1.6288526058197021,1.7444349527359009,1.4998018741607666,1.3922964334487915,1.6378790140151978,1.917294979095459,1.843959093093872,1.9548168182373047,2.274031162261963,2.414510488510132,2.774749994277954,2.831620931625366,3.125778913497925
B10,2.2676849365234375,2.1182219982147217,1.74396812915802,1.6473588943481445,1.5602834224700928,1.1912128925323486,1.3873953819274902,1.4102065563201904,1.043906569480896,1.0590264797210693,1.3876625299453735,1.3017334938049316,1.5285913944244385,1.3573940992355347,1.7049716711044312,1.8781006336212158,1.7341018915176392,1.4375492334365845,1.166684627532959,0.9831202030181885,0.7030014395713806,0.5641859173774719,0.5518249869346619,0.39376193284988403,0.0,0.38602006435394287,0.5673841834068298,0.8546494841575623,0.9834641218185425,1.273152470588684,0.3404158055782318,0.4881725609302521,0.5477651357650757,0.5428850650787354,0.9230470657348633,1.0878651142120361,1.2063889503479004,0.9129577279090881,0.9298842549324036,1.2845041751861572,1.2741764783859253,1.1033105850219727,1.423378825187683,1.5959198474884033,1.6324763298034668,2.3974623680114746,2.0634992122650146,1.762160062789917,1.9332548379898071,1.7449007034301758,1.638317584991455,1.9488976001739502,2.1713736057281494,2.052008867263794,2.222632884979248,2.5478293895721436,2.630488872528076,2.9944255352020264,3.0289623737335205,3.2870302200317383,2.2286324501037598,1.8343561887741089,1.666131854057312,1.7689694166183472,1.501239538192749,1.478788137435913,1.667415738105774,1.9623719453811646,1.9634913206100464,2.0686769485473633,2.3486437797546387,2.524263620376587,2.886387348175049,2.991384506225586,3.270773410797119
B11,2.589045286178589,2.4498989582061768,2.0852718353271484,1.945489764213562,1.8277698755264282,1.4470635652542114,1.569878339767456,1.6105170249938965,1.2608236074447632,1.1628483533859253,1.4671999216079712,1.397740364074707,1.5403470993041992,1.3164862394332886,1.664820909500122,1.949118733406067,1.8537317514419556,1.6164997816085815,1.2850464582443237,1.142935872077942,0.9701427221298218,0.7353591322898865,0.5788201689720154,0.5877634286880493,0.38602006435394287,0.0,0.3696057200431824,0.5833945870399475,0.8410175442695618,1.0625520944595337,0.25863781571388245,0.5222072005271912,0.7882877588272095,0.7573003768920898,1.1249430179595947,1.3730387687683105,1.4368172883987427,1.1318012475967407,1.2438442707061768,1.5674391984939575,1.4853529930114746,1.324581265449524,1.5966473817825317,1.8154680728912354,1.7897894382476807,2.550593614578247,2.1988885402679443,1.9460939168930054,2.1396920680999756,1.9603533744812012,1.9142653942108154,2.2098143100738525,2.4334800243377686,2.353111743927002,2.5365076065063477,2.842322587966919,2.9325695037841797,3.3035295009613037,3.360956907272339,3.606496572494507,2.612417697906494,2.217958450317383,2.049842596054077,2.1390390396118164,1.8516216278076172,1.8004952669143677,1.963677167892456,2.2849113941192627,2.2780842781066895,2.3425793647766113,2.6344337463378906,2.831016778945923,3.1812102794647217,3.276420831680298,3.571349859237671
B12,2.4782888889312744,2.382847309112549,2.0437233448028564,1.848642110824585,1.7552564144134521,1.3967839479446411,1.4502307176589966,1.4346452951431274,1.1041138172149658,0.9613054990768433,1.2010188102722168,1.1026182174682617,1.194834589958191,0.9543279409408569,1.3022106885910034,1.898971676826477,1.8711743354797363,1.6369552612304688,1.3241336345672607,1.282397985458374,1.1016759872436523,0.9693509936332703,0.706751823425293,0.6016890406608582,0.5673841834068298,0.3696057200431824,0.0,0.38726505637168884,0.5998842716217041,0.781111478805542,0.22739575803279877,0.5041611194610596,0.8210106492042542,0.9524660706520081,1.322110652923584,1.5620368719100952,1.692887306213379,1.4238195419311523,1.487146019935608,1.8409332036972046,1.8071699142456055,1.6369493007659912,1.9227328300476074,2.106128454208374,2.0855634212493896,2.7135863304138184,2.343196392059326,2.095538854598999,2.2324259281158447,1.9989324808120728,1.9498143196105957,2.20157527923584,2.4702951908111572,2.417832136154175,2.5556676387786865,2.860894203186035,2.996380567550659,3.3607301712036133,3.4385757446289062,3.700606107711792,2.7157504558563232,2.322463035583496,2.1380114555358887,2.2815682888031006,2.034766674041748,1.9693318605422974,2.1840415000915527,2.479860544204712,2.434347152709961,2.5312325954437256,2.841930866241455,3.0024685859680176,3.3610754013061523,3.4266724586486816,3.7226314544677734
B13,2.7774667739868164,2.7135844230651855,2.379301071166992,2.186927080154419,2.1215407848358154,1.7728866338729858,1.8131115436553955,1.7646703720092773,1.4428257942199707,1.2975610494613647,1.475359559059143,1.3281317949295044,1.3272359371185303,1.0052722692489624,1.2974404096603394,2.250087261199951,2.242445707321167,2.0212433338165283,1.6999552249908447,1.6492469310760498,1.4691917896270752,1.2980695962905884,1.0599215030670166,0.9806442856788635,0.8546494841575623,0.5833945870399475,0.38726505637168884,0.0,0.37945127487182617,0.49375370144844055,0.5585135817527771,0.8870304822921753,1.201590657234192,1.298805594444275,1.6726582050323486,1.9110021591186523,2.010802745819092,1.706787347793579,1.7764612436294556,2.113250494003296,2.0320448875427246,1.8216310739517212,2.0546648502349854,2.2303755283355713,2.1494224071502686,3.0712103843688965,2.7019670009613037,2.4631950855255127,2.614217519760132,2.3855361938476562,2.334294557571411,2.5846238136291504,2.8568413257598877,2.798185348510742,2.9305272102355957,3.2417712211608887,3.3773422241210938,3.740211009979248,3.808534622192383,4.074637413024902,2.9850430488586426,2.5893139839172363,2.443291664123535,2.5973424911499023,2.3512086868286133,2.317734956741333,2.513451099395752,2.8138272762298584,2.792625665664673,2.8871572017669678,3.185732364654541,3.358537197113037,3.7178421020507812,3.7972066402435303,4.089622497558594
