,A1,A2,A3,A4,A5,A6,A7,A8,A9,A10,A11,A12,A13,A14,A15,B1,B2,B3,B4,B5,B6,B7,B8,B9,B10,B11,B12,B13,B14,B15,C1,C2,C3,C4,C5,C6,C7,C8,C9,C10,C11,C12,C13,C14,C15,D1,D2,D3,D4,D5,D6,D7,D8,D9,D10,D11,D12,D13,D14,D15,E1,E2,E3,E4,E5,E6,E7,E8,E9,E10,E11,E12,E13,E14,E15
A1,0.0,0.3802953064441681,0.6033598184585571,0.7538062930107117,1.1246788501739502,1.3516368865966797,1.4409734010696411,1.1752575635910034,1.3058445453643799,1.6181212663650513,1.521009087562561,1.373120903968811,1.6267108917236328,1.8052972555160522,1.7065489292144775,1.8469016551971436,2.0360593795776367,1.894140362739563,1.7233415842056274,1.795490026473999,1.6021091938018799,1.4832559823989868,1.246973991394043,1.105973482131958,0.9665143489837646,0.7792499661445618,0.6150262355804443,0.33963221311569214,0.20863328874111176,0.4945755898952484,3.1262009143829346,2.945002555847168,2.559023380279541,2.531841278076172,2.2588677406311035,1.920715570449829,2.0573413372039795,2.295440912246704,2.020294189453125,1.95790433883667,2.30538010597229,2.3546571731567383,2.511558771133423,2.3112525939941406,2.624037504196167,2.6421778202056885,2.3485405445098877,2.097085952758789,1.9207079410552979,1.5468851327896118,1.500404953956604,1.5047202110290527,1.8816673755645752,1.9170091152191162,1.9049336910247803,2.207798719406128,2.422696590423584,2.7542150020599365,2.8692665100097656,3.150474786758423,2.9348225593566895,2.706237554550171,2.3393125534057617,2.398942470550537,2.1147372722625732,1.8532214164733887,2.0726659297943115,2.344890832901001,2.12528920173645,2.142219305038452,2.5201287269592285,2.5885636806488037,2.856705904006958,2.770758867263794,3.0728390216827393
A2,0.3802953064441681,0.0,0.39008331298828125,0.5411826372146606,0.8640385270118713,1.1613067388534546,1.2550990581512451,1.074110984802246,1.2512974739074707,1.5552587509155273,1.514696717262268,1.445797324180603,1.7501240968704224,1.9541409015655518,1.9194658994674683,2.030954599380493,2.1740360260009766,1.969914436340332,1.8056445121765137,1.8091033697128296,1.5444748401641846,1.457766056060791,1.3014637231826782,1.0801262855529785,0.9047335982322693,0.8696699142456055,0.7649750709533691,0.6526945233345032,0.4324122965335846,0.7761890292167664,2.9324638843536377,2.7149760723114014,2.335919141769409,2.331427812576294,2.0407612323760986,1.7379519939422607,1.8890552520751953,2.1623916625976562,1.9220061302185059,1.8865543603897095,2.255239486694336,2.334566354751587,2.540027141571045,2.386427164077759,2.715745687484741,2.3472115993499756,2.0666093826293945,1.8408867120742798,1.6186134815216064,1.2432118654251099,1.2504665851593018,1.2033824920654297,1.5739612579345703,1.662865400314331,1.6543127298355103,1.9231246709823608,2.1497702598571777,2.485175132751465,2.6372082233428955,2.902409791946411,2.8968873023986816,2.711263656616211,2.326803684234619,2.372847557067871,2.107093334197998,1.7940466403961182,2.0120975971221924,2.2450852394104004,1.9815818071365356,1.9849891662597656,2.3544867038726807,2.3911333084106445,2.6312131881713867,2.506134033203125,2.806227207183838
A3,0.6033598184585571,0.39008331298828125,0.0,0.38669833540916443,0.636360764503479,0.8562683463096619,1.044111967086792,0.9095746278762817,0.9976572394371033,1.3340091705322266,1.3778444528579712,1.302068829536438,1.6460704803466797,1.8029011487960815,1.8194576501846313,1.821455717086792,1.9079045057296753,1.6703076362609863,1.4925273656845093,1.4525386095046997,1.1655911207199097,1.096543312072754,0.9827388525009155,0.7274993062019348,0.5534068942070007,0.6456242203712463,0.5994794964790344,0.6974346041679382,0.6162514686584473,0.9639717936515808,2.5738751888275146,2.372267723083496,1.994097352027893,1.9629578590393066,1.673714280128479,1.357387900352478,1.5071945190429688,1.7730742692947388,1.5336418151855469,1.5049697160720825,1.8769526481628418,1.9598193168640137,2.1833748817443848,2.0540876388549805,2.390068531036377,2.1345386505126953,1.8847405910491943,1.61166512966156,1.4086719751358032,1.0225341320037842,0.9330750703811646,0.9091870784759521,1.2889808416366577,1.3235700130462646,1.3068901300430298,1.606967806816101,1.8203868865966797,2.1522669792175293,2.2781760692596436,2.5547938346862793,2.5253593921661377,2.3557636737823486,1.967511773109436,2.031402826309204,1.7957643270492554,1.4773006439208984,1.7335373163223267,1.936029076576233,1.6610314846038818,1.7151681184768677,2.079951524734497,2.0896241664886475,2.3537850379943848,2.241182327270508,2.52298903465271
A4,0.7538062930107117,0.5411826372146606,0.38669833540916443,0.0,0.38100379705429077,0.6509149670600891,0.7176663279533386,0.5693480372428894,0.7652371525764465,1.0454728603363037,1.0655516386032104,1.0682965517044067,1.418012022972107,1.6320561170578003,1.6909632682800293,1.7876957654953003,1.8938733339309692,1.6276559829711914,1.539994478225708,1.5356814861297607,1.2287299633026123,1.2744065523147583,1.138808012008667,0.8112615346908569,0.8078466057777405,0.9264703392982483,0.7475703358650208,0.8653916120529175,0.6565142273902893,0.9350058436393738,2.472135305404663,2.2647719383239746,1.875800609588623,1.9150431156158447,1.6756575107574463,1.3668657541275024,1.602765440940857,1.8344793319702148,1.573026418685913,1.634575605392456,2.0034332275390625,2.036653995513916,2.2929532527923584,2.152998447418213,2.465761661529541,1.895084023475647,1.6039917469024658,1.3434010744094849,1.1826835870742798,0.821567177772522,0.8068190217018127,0.895445704460144,1.2354352474212646,1.2708030939102173,1.3626419305801392,1.6451469659805298,1.7994205951690674,2.1608731746673584,2.283055543899536,2.523747444152832,2.4920437335968018,2.3247807025909424,1.9375958442687988,1.9266740083694458,1.6524838209152222,1.3102830648422241,1.5004833936691284,1.7252079248428345,1.4630706310272217,1.4453681707382202,1.8160343170166016,1.869943618774414,2.115917205810547,2.0220394134521484,2.332773447036743
A5,1.1246788501739502,0.8640385270118713,0.636360764503479,0.38100379705429077,0.0,0.391644686460495,0.4814511239528656,0.5676520466804504,0.7351399064064026,0.9516472816467285,1.0836728811264038,1.1751238107681274,1.5421520471572876,1.7446675300598145,1.8744838237762451,1.9156219959259033,1.9610364437103271,1.6408324241638184,1.5847773551940918,1.5151549577713013,1.1572436094284058,1.2819019556045532,1.239533543586731,0.87436842918396,0.9143449664115906,1.153224229812622,1.0337344408035278,1.2204140424728394,1.0374505519866943,1.3059651851654053,2.1524012088775635,1.920045256614685,1.5364267826080322,1.6128840446472168,1.3873931169509888,1.1245280504226685,1.404652714729309,1.636605143547058,1.4135401248931885,1.537678837776184,1.902561068534851,1.943137288093567,2.247314453125,2.157954454421997,2.4668359756469727,1.5251694917678833,1.2551937103271484,0.986436665058136,0.8102410435676575,0.44975942373275757,0.47213420271873474,0.6095793843269348,0.8971299529075623,0.945945680141449,1.099886417388916,1.348767876625061,1.4683970212936401,1.8402003049850464,1.975073218345642,2.190279483795166,2.3305611610412598,2.2149770259857178,1.8268609046936035,1.788565754890442,1.5516085624694824,1.1701457500457764,1.345126748085022,1.5039844512939453,1.1994503736495972,1.1737699508666992,1.5252397060394287,1.5419905185699463,1.767787218093872,1.6509244441986084,1.9592044353485107
A6,1.3516368865966797,1.1613067388534546,0.8562683463096619,0.6509149670600891,0.391644686460495,0.0,0.37774577736854553,0.5423856377601624,0.5058764219284058,0.7059165835380554,0.9544401168823242,1.0397815704345703,1.4093601703643799,1.551218032836914,1.7372078895568848,1.6908735036849976,1.682915449142456,1.3322045803070068,1.3172622919082642,1.2343788146972656,0.8810399770736694,1.1029666662216187,1.0890427827835083,0.7292754054069519,0.9041141271591187,1.1819806098937988,1.0747121572494507,1.3550915718078613,1.252200961112976,1.4858916997909546,1.8326054811477661,1.6444847583770752,1.2502926588058472,1.3147647380828857,1.1451441049575806,0.8518898487091064,1.1794118881225586,1.3444147109985352,1.0954036712646484,1.283403992652893,1.6237503290176392,1.6232020854949951,1.9450130462646484,1.8672515153884888,2.1572699546813965,1.4411959648132324,1.2078865766525269,0.8570950627326965,0.8127142190933228,0.554811954498291,0.3294774293899536,0.6642009615898132,0.8689125776290894,0.7611942291259766,0.9764190316200256,1.2616004943847656,1.307613492012024,1.6750437021255493,1.7426469326019287,1.9611026048660278,1.9499138593673706,1.8409583568572998,1.4578522443771362,1.4032613039016724,1.1851465702056885,0.7962926626205444,0.9988395571708679,1.1343978643417358,0.8308842778205872,0.870320737361908,1.2265856266021729,1.2425181865692139,1.5211926698684692,1.465108036994934,1.756203532218933
A7,1.4409734010696411,1.2550990581512451,1.044111967086792,0.7176663279533386,0.4814511239528656,0.37774577736854553,0.0,0.3817846477031708,0.5338449478149414,0.5587385892868042,0.7460910081863403,0.9516650438308716,1.2892625331878662,1.5043829679489136,1.7065932750701904,1.7936855554580688,1.834346890449524,1.4961496591567993,1.5577647686004639,1.5376346111297607,1.217374324798584,1.4549570083618164,1.387242078781128,1.0297167301177979,1.2202434539794922,1.4415122270584106,1.2554473876953125,1.4821513891220093,1.3012951612472534,1.477034091949463,1.9691303968429565,1.7740797996520996,1.3902231454849243,1.5413789749145508,1.4283246994018555,1.1797608137130737,1.5308388471603394,1.6689115762710571,1.417824149131775,1.6390889883041382,1.9636706113815308,1.9255595207214355,2.24554181098938,2.1430823802948,2.4059619903564453,1.3410296440124512,1.0340301990509033,0.730174720287323,0.7621262669563293,0.5990006327629089,0.6048473715782166,0.9189585447311401,1.0694987773895264,1.0207394361495972,1.2936022281646729,1.5267093181610107,1.533174753189087,1.9088222980499268,1.9866023063659668,2.157467842102051,2.149732828140259,2.034101724624634,1.6726200580596924,1.5378774404525757,1.2702414989471436,0.894960343837738,0.956166684627533,1.1362361907958984,0.8848905563354492,0.7600388526916504,1.1228084564208984,1.223340630531311,1.4541877508163452,1.419311761856079,1.7508180141448975
A8,1.1752575635910034,1.074110984802246,0.9095746278762817,0.5693480372428894,0.5676520466804504,0.5423856377601624,0.3817846477031708,0.0,0.37341293692588806,0.5100083947181702,0.5239768028259277,0.6462891697883606,0.994819164276123,1.2381608486175537,1.3880205154418945,1.5503007173538208,1.6592305898666382,1.3710870742797852,1.4250822067260742,1.4868686199188232,1.2190512418746948,1.4059042930603027,1.2421081066131592,0.9104989767074585,1.118499517440796,1.2448923587799072,0.9886136651039124,1.1871124505996704,1.0093311071395874,1.1343064308166504,2.2564685344696045,2.0957958698272705,1.7051935195922852,1.80721914768219,1.6769336462020874,1.367797613143921,1.685113549232483,1.8179486989974976,1.5158278942108154,1.685756802558899,2.014090061187744,1.9549697637557983,2.2284717559814453,2.0671472549438477,2.3277807235717773,1.7192254066467285,1.3983904123306274,1.1089178323745728,1.1234710216522217,0.8891152143478394,0.8458970785140991,1.1252822875976562,1.3598787784576416,1.2971898317337036,1.51141357421875,1.7930166721343994,1.8368988037109375,2.208235740661621,2.267592668533325,2.469336986541748,2.2388699054718018,2.060073137283325,1.6995394229888916,1.587402582168579,1.264279842376709,0.9383254647254944,1.0213358402252197,1.2977752685546875,1.1119602918624878,1.0201654434204102,1.3944724798202515,1.5375319719314575,1.7953171730041504,1.7909661531448364,2.118468761444092
A9,1.3058445453643799,1.2512974739074707,0.9976572394371033,0.7652371525764465,0.7351399064064026,0.5058764219284058,0.5338449478149414,0.37341293692588806,0.0,0.3719954788684845,0.5486375689506531,0.5479137897491455,0.9144431948661804,1.0476982593536377,1.2412042617797852,1.2624022960662842,1.3197709321975708,1.0085939168930054,1.0810965299606323,1.1515796184539795,0.9226173758506775,1.1554330587387085,0.9961428642272949,0.700046956539154,1.0062272548675537,1.1506564617156982,0.9335750937461853,1.2249810695648193,1.1608893871307373,1.2862920761108398,2.048327684402466,1.9397013187408447,1.5518447160720825,1.6026360988616943,1.5028951168060303,1.1634495258331299,1.4706188440322876,1.5480661392211914,1.2172449827194214,1.4009171724319458,1.7022972106933594,1.6099759340286255,1.8766214847564697,1.712207317352295,1.9628889560699463,1.7901803255081177,1.5202454328536987,1.1719852685928345,1.2395941019058228,1.0208796262741089,0.8304843306541443,1.153058648109436,1.3692601919174194,1.2075235843658447,1.4086928367614746,1.7248883247375488,1.7415517568588257,2.0923354625701904,2.0940048694610596,2.315288782119751,1.8882713317871094,1.693328857421875,1.3341739177703857,1.2382128238677979,0.9181508421897888,0.6064742803573608,0.7696541547775269,1.0546674728393555,0.9004689455032349,0.9158994555473328,1.2856426239013672,1.4162389039993286,1.7298171520233154,1.7722108364105225,2.06719708442688
A10,1.6181212663650513,1.5552587509155273,1.3340091705322266,1.0454728603363037,0.9516472816467285,0.7059165835380554,0.5587385892868042,0.5100083947181702,0.3719954788684845,0.0,0.37950313091278076,0.572089672088623,0.8509942293167114,1.0125588178634644,1.2788366079330444,1.37405264377594,1.426407814025879,1.1154735088348389,1.2964916229248047,1.3847190141677856,1.1837433576583862,1.470504879951477,1.3313790559768677,1.0560840368270874,1.3714196681976318,1.5205495357513428,1.2873440980911255,1.5543406009674072,1.4522061347961426,1.5289276838302612,1.9811769723892212,1.890972375869751,1.5222898721694946,1.6432952880859375,1.6214213371276855,1.3322830200195312,1.675995945930481,1.7040350437164307,1.3903253078460693,1.6398273706436157,1.9049736261367798,1.7687389850616455,2.0486087799072266,1.8918472528457642,2.0966203212738037,1.672836184501648,1.3926745653152466,1.0698292255401611,1.2446374893188477,1.131670594215393,1.0047335624694824,1.364181637763977,1.5050891637802124,1.335860013961792,1.605021357536316,1.8809480667114258,1.8329123258590698,2.1813735961914062,2.1642537117004395,2.3383677005767822,1.8848267793655396,1.7078677415847778,1.3894637823104858,1.1901642084121704,0.849973201751709,0.5775324702262878,0.5341836214065552,0.8571697473526001,0.7874482870101929,0.6893720626831055,1.0365360975265503,1.2459825277328491,1.5372939109802246,1.636221170425415,1.9399073123931885
A11,1.521009087562561,1.514696717262268,1.3778444528579712,1.0655516386032104,1.0836728811264038,0.9544401168823242,0.7460910081863403,0.5239768028259277,0.5486375689506531,0.37950313091278076,0.0,0.36610889434814453,0.5803303718566895,0.8620606660842896,1.0748201608657837,1.3583950996398926,1.5083786249160767,1.2704464197158813,1.4537032842636108,1.614088535308838,1.445449948310852,1.678673267364502,1.466112732887268,1.2111799716949463,1.5024609565734863,1.5691554546356201,1.2707186937332153,1.4654511213302612,1.329937219619751,1.3242253065109253,2.3567936420440674,2.2639923095703125,1.8949822187423706,2.0184381008148193,1.9757758378982544,1.6690478324890137,1.9980602264404297,2.044287919998169,1.7129615545272827,1.9226547479629517,2.195706367492676,2.052713394165039,2.295032024383545,2.090325117111206,2.2847049236297607,1.9359546899795532,1.6134926080703735,1.3394644260406494,1.48329758644104,1.3400309085845947,1.2726707458496094,1.6005922555923462,1.786674976348877,1.6611005067825317,1.911018967628479,2.1950716972351074,2.1764774322509766,2.5341145992279053,2.5334033966064453,2.7109436988830566,2.1934826374053955,1.976190447807312,1.674147605895996,1.4811640977859497,1.1083115339279175,0.9109327793121338,0.8380396962165833,1.1944183111190796,1.163854718208313,1.0227820873260498,1.347773790359497,1.5922931432724,1.8542444705963135,1.94945228099823,2.2697370052337646
A12,1.373120903968811,1.445797324180603,1.302068829536438,1.0682965517044067,1.1751238107681274,1.0397815704345703,0.9516650438308716,0.6462891697883606,0.5479137897491455,0.572089672088623,0.36610889434814453,0.0,0.37767261266708374,0.6010417938232422,0.7609100341796875,1.034738302230835,1.2316659688949585,1.0490537881851196,1.2052626609802246,1.4266436100006104,1.3223533630371094,1.506504774093628,1.23702073097229,1.0509839057922363,1.3537259101867676,1.3515827655792236,1.042913794517517,1.2460942268371582,1.1924840211868286,1.155918836593628,2.476478338241577,2.411284923553467,2.036766767501831,2.094799757003784,2.0287599563598633,1.6815364360809326,1.9662470817565918,2.0036964416503906,1.6458333730697632,1.8010133504867554,2.0628178119659424,1.9106197357177734,2.1048195362091064,1.8594962358474731,2.05342173576355,2.2166895866394043,1.911230444908142,1.6030843257904053,1.7099806070327759,1.5057895183563232,1.3687764406204224,1.6751618385314941,1.9080604314804077,1.7542585134506226,1.9490925073623657,2.271946907043457,2.283478021621704,2.629885196685791,2.607941150665283,2.8225786685943604,2.131206512451172,1.8659944534301758,1.5673950910568237,1.4359065294265747,1.0559837818145752,0.9221056699752808,0.949605405330658,1.321886420249939,1.3030610084533691,1.2573082447052002,1.589715838432312,1.806023120880127,2.10729718208313,2.203951120376587,2.507330894470215
A13,1.6267108917236328,1.7501240968704224,1.6460704803466797,1.418012022972107,1.5421520471572876,1.4093601703643799,1.2892625331878662,0.994819164276123,0.9144431948661804,0.8509942293167114,0.5803303718566895,0.37767261266708374,0.0,0.3850226104259491,0.531592071056366,1.0070744752883911,1.2663254737854004,1.1776857376098633,1.39236319065094,1.672927975654602,1.632392168045044,1.8115209341049194,1.5180257558822632,1.3874822854995728,1.6922862529754639,1.6426708698272705,1.3238691091537476,1.4800225496292114,1.4415462017059326,1.3184157609939575,2.7229886054992676,2.690803289413452,2.33125901222229,2.396796226501465,2.3637454509735107,2.021146535873413,2.3007678985595703,2.303852081298828,1.940370798110962,2.0963428020477295,2.323767900466919,2.1321160793304443,2.286811590194702,2.008802652359009,2.1501049995422363,2.4983162879943848,2.1876420974731445,1.9002670049667358,2.042665481567383,1.863542079925537,1.738255500793457,2.051255464553833,2.2746596336364746,2.1107497215270996,2.31365704536438,2.635815143585205,2.629384756088257,2.969574451446533,2.9251716136932373,3.129040479660034,2.279798746109009,1.9865041971206665,1.7430765628814697,1.5825871229171753,1.2019271850585938,1.1743054389953613,1.1239205598831177,1.5052536725997925,1.5650449991226196,1.4967756271362305,1.7867847681045532,2.0448899269104004,2.33579683303833,2.4725024700164795,2.7718374729156494
A14,1.8052972555160522,1.9541409015655518,1.8029011487960815,1.6320561170578003,1.7446675300598145,1.551218032836914,1.5043829679489136,1.2381608486175537,1.0476982593536377,1.0125588178634644,0.8620606660842896,0.6010417938232422,0.3850226104259491,0.0,0.3638685345649719,0.6831721067428589,0.9443623423576355,0.9355956315994263,1.1902496814727783,1.5165491104125977,1.5650566816329956,1.740095853805542,1.4479085206985474,1.4007420539855957,1.7314121723175049,1.6695386171340942,1.3970379829406738,1.596992015838623,1.6437418460845947,1.5361204147338867,2.679755449295044,2.6982486248016357,2.3564844131469727,2.375580072402954,2.3676297664642334,2.020496368408203,2.2649617195129395,2.2173666954040527,1.8501346111297607,1.9898629188537598,2.1659085750579834,1.9367644786834717,2.0443053245544434,1.7441531419754028,1.842506766319275,2.674966812133789,2.398811101913452,2.080117702484131,2.239234209060669,2.0591561794281006,1.868569016456604,2.1860809326171875,2.4008755683898926,2.1865322589874268,2.3650171756744385,2.702242136001587,2.682504653930664,2.9969301223754883,2.907289505004883,3.1236836910247803,2.0601487159729004,1.734351634979248,1.5383843183517456,1.4041935205459595,1.0547568798065186,1.1442745923995972,1.1265877485275269,1.4837926626205444,1.5944504737854004,1.6010578870773315,1.8629441261291504,2.103872060775757,2.4245407581329346,2.591475486755371,2.8603174686431885
A15,1.7065489292144775,1.9194658994674683,1.8194576501846313,1.6909632682800293,1.8744838237762451,1.7372078895568848,1.7065932750701904,1.3880205154418945,1.2412042617797852,1.2788366079330444,1.0748201608657837,0.7609100341796875,0.531592071056366,0.3638685345649719,0.0,0.6913787126541138,1.0477324724197388,1.1261438131332397,1.2955946922302246,1.6499460935592651,1.7195802927017212,1.8240185976028442,1.486794352531433,1.4846854209899902,1.7684749364852905,1.6279875040054321,1.3452948331832886,1.4760645627975464,1.5570480823516846,1.3909226655960083,2.9929373264312744,2.9995667934417725,2.6464521884918213,2.6436378955841064,2.5974228382110596,2.230382204055786,2.4466707706451416,2.426300287246704,2.053792953491211,2.1371512413024902,2.3211276531219482,2.1132681369781494,2.1775612831115723,1.846275806427002,1.9507421255111694,2.9511756896972656,2.658574342727661,2.342433452606201,2.4596335887908936,2.2380452156066895,2.055199146270752,2.3392837047576904,2.594576835632324,2.402536630630493,2.5458672046661377,2.8977036476135254,2.915794610977173,3.2340142726898193,3.159428596496582,3.397149085998535,2.3261566162109375,1.9802212715148926,1.7827692031860352,1.704123616218567,1.3677277565002441,1.435336947441101,1.4640415906906128,1.82393217086792,1.9018136262893677,1.9138867855072021,2.1985201835632324,2.428433418273926,2.751521587371826,2.8949012756347656,3.1728675365448
B1,1.8469016551971436,2.030954599380493,1.821455717086792,1.7876957654953003,1.9156219959259033,1.6908735036849976,1.7936855554580688,1.5503007173538208,1.2624022960662842,1.37405264377594,1.3583950996398926,1.034738302230835,1.0070744752883911,0.6831721067428589,0.6913787126541138,0.0,0.3845885396003723,0.609935998916626,0.7428906559944153,1.1290206909179688,1.331389307975769,1.4155833721160889,1.1303530931472778,1.2612887620925903,1.5624583959579468,1.4591084718704224,1.309085488319397,1.5548369884490967,1.7472342252731323,1.6993255615234375,2.660886287689209,2.7209279537200928,2.3980634212493896,2.3054580688476562,2.2731666564941406,1.913204550743103,2.05312180519104,1.9712870121002197,1.6153982877731323,1.651944637298584,1.759682297706604,1.5257467031478882,1.526724100112915,1.1787189245224,1.2650136947631836,2.9461843967437744,2.7207133769989014,2.3554189205169678,2.4679994583129883,2.242466449737549,1.9585233926773071,2.2258286476135254,2.457279920578003,2.1977038383483887,2.282478094100952,2.6453380584716797,2.6551849842071533,2.9226880073547363,2.792141914367676,3.0565176010131836,1.7943620681762695,1.4238581657409668,1.2632815837860107,1.300146222114563,1.071824073791504,1.2365113496780396,1.382594347000122,1.6580735445022583,1.739668607711792,1.8843684196472168,2.143296718597412,2.2981672286987305,2.6627793312072754,2.8126821517944336,3.0367588996887207
B2,2.0360593795776367,2.1740360260009766,1.9079045057296753,1.8938733339309692,1.9610364437103271,1.682915449142456,1.834346890449524,1.6592305898666382,1.3197709321975708,1.426407814025879,1.5083786249160767,1.2316659688949585,1.2663254737854004,0.9443623423576355,1.0477324724197388,0.3845885396003723,0.0,0.388482004404068,0.5484693050384521,0.8986749053001404,1.1711065769195557,1.2847706079483032,1.08704674243927,1.2500522136688232,1.5618419647216797,1.5270004272460938,1.4479560852050781,1.7483357191085815,1.9509984254837036,1.9626826047897339,2.3968007564544678,2.4931480884552,2.200157880783081,2.069593667984009,2.068403720855713,1.7345727682113647,1.8415710926055908,1.7054657936096191,1.3730388879776,1.4155443906784058,1.4621162414550781,1.1934503316879272,1.1795302629470825,0.8444041609764099,0.908116340637207,2.8682706356048584,2.687631368637085,2.3094563484191895,2.4353809356689453,2.235074758529663,1.9108966588974,2.1760191917419434,2.367706537246704,2.0694315433502197,2.1394104957580566,2.491323232650757,2.4758005142211914,2.7093348503112793,2.5408852100372314,2.805018663406372,1.436984658241272,1.0610146522521973,0.9356040358543396,1.030769944190979,0.9025111794471741,1.1301655769348145,1.312367558479309,1.512634515762329,1.6077746152877808,1.8155219554901123,2.0376389026641846,2.151193857192993,2.5258610248565674,2.6867997646331787,2.87408709526062
B3,1.894140362739563,1.969914436340332,1.6703076362609863,1.6276559829711914,1.6408324241638184,1.3322045803070068,1.4961496591567993,1.3710870742797852,1.0085939168930054,1.1154735088348389,1.2704464197158813,1.0490537881851196,1.1776857376098633,0.9355956315994263,1.1261438131332397,0.609935998916626,0.388482004404068,0.0,0.392808198928833,0.6685285568237305,0.8590714335441589,1.0596591234207153,0.9093961119651794,0.9868611097335815,1.3333420753479004,1.3830300569534302,1.3026636838912964,1.6454713344573975,1.8007783889770508,1.8638687133789062,2.060211420059204,2.129701614379883,1.8231267929077148,1.7109044790267944,1.7107983827590942,1.377190351486206,1.5255630016326904,1.4008816480636597,1.0507701635360718,1.1611285209655762,1.2616729736328125,1.00716233253479,1.120207667350769,0.8620496392250061,1.0158008337020874,2.484621524810791,2.313650608062744,1.9324047565460205,2.0616583824157715,1.8786543607711792,1.5494805574417114,1.8302781581878662,1.9999552965164185,1.6959365606307983,1.7920628786087036,2.1366584300994873,2.107410192489624,2.35436749458313,2.200049877166748,2.4571657180786133,1.2562071084976196,0.9226522445678711,0.6781423687934875,0.7420275807380676,0.5755568146705627,0.754256546497345,0.9816319942474365,1.167763590812683,1.228150725364685,1.4517165422439575,1.6836172342300415,1.7799023389816284,2.1568710803985596,2.3042140007019043,2.4957165718078613
B4,1.7233415842056274,1.8056445121765137,1.4925273656845093,1.539994478225708,1.5847773551940918,1.3172622919082642,1.5577647686004639,1.4250822067260742,1.0810965299606323,1.2964916229248047,1.4537032842636108,1.2052626609802246,1.39236319065094,1.1902496814727783,1.2955946922302246,0.7428906559944153,0.5484693050384521,0.392808198928833,0.0,0.3882107734680176,0.6583538055419922,0.7371804118156433,0.5904129147529602,0.7861790060997009,1.0704659223556519,1.101469874382019,1.109014868736267,1.457811951637268,1.6699559688568115,1.776102066040039,2.1434338092803955,2.1830556392669678,1.8707534074783325,1.699741005897522,1.624895453453064,1.2719346284866333,1.3439089059829712,1.2677795886993408,0.9260464906692505,0.9113550186157227,1.0387121438980103,0.8619635701179504,0.9425899386405945,0.6751012206077576,0.9426540732383728,2.569819927215576,2.4081742763519287,2.020096778869629,2.0790367126464844,1.8463054895401,1.492961049079895,1.7086749076843262,1.9141765832901,1.626234531402588,1.6423207521438599,2.004068374633789,2.0322959423065186,2.266187906265259,2.1332244873046875,2.4296414852142334,1.3674803972244263,1.0648573637008667,0.7836460471153259,0.9892237186431885,0.8863592147827148,0.9423341751098633,1.2530850172042847,1.4131627082824707,1.3818509578704834,1.6378096342086792,1.8985214233398438,1.9394328594207764,2.318706750869751,2.4121272563934326,2.597597599029541
B5,1.795490026473999,1.8091033697128296,1.4525386095046997,1.5356814861297607,1.5151549577713013,1.2343788146972656,1.5376346111297607,1.4868686199188232,1.1515796184539795,1.3847190141677856,1.614088535308838,1.4266436100006104,1.672927975654602,1.5165491104125977,1.6499460935592651,1.1290206909179688,0.8986749053001404,0.6685285568237305,0.3882107734680176,0.0,0.39479920268058777,0.4893111288547516,0.5722144842147827,0.7403227686882019,0.9659150838851929,1.106848955154419,1.2031621932983398,1.569657564163208,1.7656886577606201,1.9396535158157349,1.8906561136245728,1.9161587953567505,1.6215407848358154,1.3991174697875977,1.2983992099761963,0.9671449065208435,0.9784173965454102,0.901588499546051,0.5849990844726562,0.5248166918754578,0.6802658438682556,0.5800988078117371,0.7633049488067627,0.6504452228546143,0.9824461340904236,2.403038263320923,2.287452459335327,1.9003666639328003,1.9290112257003784,1.7093030214309692,1.3281853199005127,1.4999470710754395,1.669977068901062,1.3662852048873901,1.3339037895202637,1.6842718124389648,1.7180984020233154,1.923702597618103,1.7875720262527466,2.1009786128997803,1.2312906980514526,1.0187103748321533,0.6933567523956299,0.9762219786643982,0.9733373522758484,0.9523879885673523,1.3089220523834229,1.3808170557022095,1.2823834419250488,1.5892596244812012,1.8307980298995972,1.799213171005249,2.1723825931549072,2.2306010723114014,2.3856046199798584
B6,1.6021091938018799,1.5444748401641846,1.1655911207199097,1.2287299633026123,1.1572436094284058,0.8810399770736694,1.217374324798584,1.2190512418746948,0.9226173758506775,1.1837433576583862,1.445449948310852,1.3223533630371094,1.632392168045044,1.5650566816329956,1.7195802927017212,1.331389307975769,1.1711065769195557,0.8590714335441589,0.6583538055419922,0.39479920268058777,0.0,0.37958255410194397,0.5415856838226318,0.5025623440742493,0.7250961661338806,0.9801639914512634,1.0659352540969849,1.4386074542999268,1.568424105644226,1.7899489402770996,1.744616985321045,1.695375680923462,1.3636412620544434,1.179967999458313,1.0168229341506958,0.643283486366272,0.7395629286766052,0.78246009349823,0.44414836168289185,0.4850481450557709,0.8052136301994324,0.8098912835121155,1.0912461280822754,1.0396716594696045,1.3656648397445679,2.06318736076355,1.9417622089385986,1.5604158639907837,1.5526459217071533,1.3236470222473145,0.9400237202644348,1.1071953773498535,1.2846964597702026,0.998932421207428,0.9840680956840515,1.3481817245483398,1.4030060768127441,1.6533313989639282,1.5784626007080078,1.889348030090332,1.3887618780136108,1.2425580024719238,0.8622510433197021,1.0471429824829102,0.989993691444397,0.8108369708061218,1.1863579750061035,1.2512481212615967,1.0572108030319214,1.345049500465393,1.6160279512405396,1.5616486072540283,1.9197524785995483,1.9308398962020874,2.1095223426818848
B7,1.4832559823989868,1.457766056060791,1.096543312072754,1.2744065523147583,1.2819019556045532,1.1029666662216187,1.4549570083618164,1.4059042930603027,1.1554330587387085,1.470504879951477,1.678673267364502,1.506504774093628,1.8115209341049194,1.740095853805542,1.8240185976028442,1.4155833721160889,1.2847706079483032,1.0596591234207153,0.7371804118156433,0.4893111288547516,0.37958255410194397,0.0,0.37854939699172974,0.5193960070610046,0.5567420721054077,0.7586982846260071,0.9607794284820557,1.3003950119018555,1.4965317249298096,1.7357196807861328,2.050018072128296,1.9876998662948608,1.67006254196167,1.450277328491211,1.2219196557998657,0.8756821155548096,0.835381805896759,0.9520735144615173,0.7039430141448975,0.501776933670044,0.8241791725158691,0.9248285889625549,1.1093320846557617,1.046766757965088,1.4057561159133911,2.343367576599121,2.2171947956085205,1.848568320274353,1.7772711515426636,1.4967318773269653,1.13551926612854,1.2015831470489502,1.4343035221099854,1.208740472793579,1.086025357246399,1.4514751434326172,1.5843034982681274,1.8085037469863892,1.7626839876174927,2.100605010986328,1.6447913646697998,1.484633445739746,1.1384974718093872,1.3813793659210205,1.324453592300415,1.1663302183151245,1.5406943559646606,1.6290613412857056,1.4272587299346924,1.6984492540359497,1.9836543798446655,1.9190117120742798,2.2664077281951904,2.2437872886657715,2.418691635131836
B8,1.246973991394043,1.3014637231826782,0.9827388525009155,1.138808012008667,1.239533543586731,1.0890427827835083,1.387242078781128,1.2421081066131592,0.9961428642272949,1.3313790559768677,1.466112732887268,1.23702073097229,1.5180257558822632,1.4479085206985474,1.486794352531433,1.1303530931472778,1.08704674243927,0.9093961119651794,0.5904129147529602,0.5722144842147827,0.5415856838226318,0.37854939699172974,0.0,0.36990106105804443,0.5082141757011414,0.5412028431892395,0.6617406606674194,1.012387752532959,1.2409250736236572,1.4308363199234009,2.2849817276000977,2.227522134780884,1.8821667432785034,1.7145111560821533,1.5118941068649292,1.1339173316955566,1.1786953210830688,1.2736409902572632,0.963816225528717,0.8406628966331482,1.124049425125122,1.1320598125457764,1.2649058103561401,1.0873545408248901,1.4243929386138916,2.459845542907715,2.279134511947632,1.908053994178772,1.8561793565750122,1.5484033823013306,1.2195489406585693,1.3373303413391113,1.6197291612625122,1.4165853261947632,1.358740210533142,1.7349389791488647,1.861762523651123,2.1224286556243896,2.0836026668548584,2.4065635204315186,1.7895230054855347,1.5590900182724,1.215440034866333,1.4096773862838745,1.2634049654006958,1.124880313873291,1.475556492805481,1.6488338708877563,1.4859827756881714,1.7075700759887695,2.0262134075164795,2.0282325744628906,2.383708953857422,2.3863580226898193,2.5993595123291016
B9,1.105973482131958,1.0801262855529785,0.7274993062019348,0.8112615346908569,0.87436842918396,0.7292754054069519,1.0297167301177979,0.9104989767074585,0.700046956539154,1.0560840368270874,1.2111799716949463,1.0509839057922363,1.3874822854995728,1.4007420539855957,1.4846854209899902,1.2612887620925903,1.2500522136688232,0.9868611097335815,0.7861790060997009,0.7403227686882019,0.5025623440742493,0.5193960070610046,0.36990106105804443,0.0,0.37767884135246277,0.5725305676460266,0.5792948007583618,0.9494384527206421,1.0671076774597168,1.2940831184387207,2.1408917903900146,2.0367422103881836,1.6661375761032104,1.5609954595565796,1.3469136953353882,0.960443377494812,1.1054483652114868,1.2501661777496338,0.933862566947937,0.923583447933197,1.2645453214645386,1.2765312194824219,1.4944514036178589,1.3511191606521606,1.6783843040466309,2.13130521774292,1.930751085281372,1.568007230758667,1.505057454109192,1.1909359693527222,0.8804782032966614,1.0309721231460571,1.3267406225204468,1.1525903940200806,1.1557945013046265,1.5286328792572021,1.6500742435455322,1.9531749486923218,1.9558837413787842,2.2561984062194824,1.8417158126831055,1.6445554494857788,1.264363169670105,1.3755955696105957,1.1818702220916748,0.9397119283676147,1.2753026485443115,1.4580063819885254,1.246996283531189,1.4243366718292236,1.7651664018630981,1.774296760559082,2.1121199131011963,2.093473196029663,2.333463191986084
B10,0.9665143489837646,0.9047335982322693,0.5534068942070007,0.8078466057777405,0.9143449664115906,0.9041141271591187,1.2202434539794922,1.118499517440796,1.0062272548675537,1.3714196681976318,1.5024609565734863,1.3537259101867676,1.6922862529754639,1.7314121723175049,1.7684749364852905,1.5624583959579468,1.5618419647216797,1.3333420753479004,1.0704659223556519,0.9659150838851929,0.7250961661338806,0.5567420721054077,0.5082141757011414,0.37767884135246277,0.0,0.38251060247421265,0.5728564262390137,0.8581963777542114,0.9971503019332886,1.287858486175537,2.330263614654541,2.188246726989746,1.8290501832962036,1.7003750801086426,1.415321707725525,1.0642651319503784,1.1262308359146118,1.3566111326217651,1.1119364500045776,1.0034126043319702,1.3613097667694092,1.4614249467849731,1.6577671766281128,1.5484161376953125,1.898557186126709,2.2488367557525635,2.060046434402466,1.725659728050232,1.5781197547912598,1.2250388860702515,0.9581857919692993,0.9660438895225525,1.30512535572052,1.2089481353759766,1.11481511592865,1.471472144126892,1.6703836917877197,1.9575231075286865,2.011305332183838,2.3281917572021484,2.1119065284729004,1.9405152797698975,1.5648553371429443,1.7148300409317017,1.549843192100525,1.2922892570495605,1.6269196271896362,1.785861611366272,1.5330697298049927,1.7030192613601685,2.043386220932007,2.01365327835083,2.3277077674865723,2.253486394882202,2.486215114593506
B11,0.7792499661445618,0.8696699142456055,0.6456242203712463,0.9264703392982483,1.153224229812622,1.1819806098937988,1.4415122270584106,1.2448923587799072,1.1506564617156982,1.5205495357513428,1.5691554546356201,1.3515827655792236,1.6426708698272705,1.6695386171340942,1.6279875040054321,1.4591084718704224,1.5270004272460938,1.3830300569534302,1.101469874382019,1.106848955154419,0.9801639914512634,0.7586982846260071,0.5412028431892395,0.5725305676460266,0.38251060247421265,0.0,0.3612256348133087,0.5769315361976624,0.8389616012573242,1.078591227531433,2.6705689430236816,2.5488243103027344,2.185589551925659,2.0558974742889404,1.7863142490386963,1.4253705739974976,1.4720760583877563,1.6701081991195679,1.4013882875442505,1.2569057941436768,1.5760090351104736,1.64589524269104,1.7703875303268433,1.5962010622024536,1.931283950805664,2.580673933029175,2.3615164756774902,2.0307376384735107,1.894203782081604,1.527937650680542,1.2956420183181763,1.3170510530471802,1.671744704246521,1.5846575498580933,1.4960002899169922,1.8500326871871948,2.0526089668273926,2.3361949920654297,2.3786733150482178,2.7002267837524414,2.317781448364258,2.0960702896118164,1.7425293922424316,1.900856375694275,1.7029149532318115,1.4954465627670288,1.8132551908493042,2.0244085788726807,1.8134156465530396,1.9635077714920044,2.317572593688965,2.3272669315338135,2.6502737998962402,2.595770835876465,2.8415169715881348
B12,0.6150262355804443,0.7649750709533691,0.5994794964790344,0.7475703358650208,1.0337344408035278,1.0747121572494507,1.2554473876953125,0.9886136651039124,0.9335750937461853,1.2873440980911255,1.2707186937332153,1.042913794517517,1.3238691091537476,1.3970379829406738,1.3452948331832886,1.309085488319397,1.4479560852050781,1.3026636838912964,1.109014868736267,1.2031621932983398,1.0659352540969849,0.9607794284820557,0.6617406606674194,0.5792948007583618,0.5728564262390137,0.3612256348133087,0.0,0.37984949350357056,0.5911800861358643,0.7806752324104309,2.7046093940734863,2.582738161087036,2.2011234760284424,2.1263771057128906,1.8922427892684937,1.5162558555603027,1.6437627077102661,1.8166087865829468,1.5062190294265747,1.4429500102996826,1.7659233808517456,1.7755376100540161,1.9184722900390625,1.7039090394973755,2.012476921081543,2.5030250549316406,2.2428665161132812,1.9191526174545288,1.817752718925476,1.4587764739990234,1.2667338848114014,1.3610365390777588,1.7178221940994263,1.634063959121704,1.62610924243927,1.9809690713882446,2.1487464904785156,2.4653825759887695,2.5066707134246826,2.805265426635742,2.3571724891662598,2.1111338138580322,1.755260705947876,1.8464741706848145,1.5865135192871094,1.3743544816970825,1.6437413692474365,1.9062933921813965,1.7223562002182007,1.817122459411621,2.1856842041015625,2.248199224472046,2.5662825107574463,2.535642623901367,2.8107430934906006
B13,0.33963221311569214,0.6526945233345032,0.6974346041679382,0.8653916120529175,1.2204140424728394,1.3550915718078613,1.4821513891220093,1.1871124505996704,1.2249810695648193,1.5543406009674072,1.4654511213302612,1.2460942268371582,1.4800225496292114,1.596992015838623,1.4760645627975464,1.5548369884490967,1.7483357191085815,1.6454713344573975,1.457811951637268,1.569657564163208,1.4386074542999268,1.3003950119018555,1.012387752532959,0.9494384527206421,0.8581963777542114,0.5769315361976624,0.37984949350357056,0.0,0.38031721115112305,0.5321634411811829,3.0602457523345947,2.918191909790039,2.5332911014556885,2.473524332046509,2.2202141284942627,1.856403112411499,1.9747716188430786,2.1737711429595947,1.876131534576416,1.793371319770813,2.1163504123687744,2.1407575607299805,2.262268304824829,2.035552501678467,2.3368618488311768,2.738004684448242,2.4548652172088623,2.1640756130218506,2.029956817626953,1.658622145652771,1.5356336832046509,1.5841832160949707,1.9585005044937134,1.9296103715896606,1.909952998161316,2.245270013809204,2.441707134246826,2.7626757621765137,2.834221363067627,3.130795478820801,2.73441481590271,2.4802682399749756,2.130406141281128,2.2140655517578125,1.9367153644561768,1.7229208946228027,1.9631330966949463,2.245079278945923,2.0583674907684326,2.1147654056549072,2.4907069206237793,2.5664727687835693,2.866044521331787,2.815875768661499,3.1059484481811523
