,A1,A2,A3,A4,A5,A6,A7,A8,A9,A10,A11,A12,A13,A14,A15,B1,B2,B3,B4,B5,B6,B7,B8,B9,B10,B11,B12,B13,B14,B15,C1,C2,C3,C4,C5,C6,C7,C8,C9,C10,C11,C12,C13,C14,C15,D1,D2,D3,D4,D5,D6,D7,D8,D9,D10,D11,D12,D13,D14,D15,E1,E2,E3,E4,E5,E6,E7,E8,E9,E10,E11,E12,E13,E14,E15
A1,0.0,0.3995559811592102,0.6670230627059937,0.7805266380310059,1.1645033359527588,1.403678297996521,1.4741219282150269,1.1764403581619263,1.2730321884155273,1.598799467086792,1.4939955472946167,1.3106071949005127,1.5630966424942017,1.7053056955337524,1.6626070737838745,1.8576719760894775,2.034982204437256,1.7911921739578247,2.058215856552124,2.1484310626983643,1.9923211336135864,2.2709543704986572,2.154458999633789,1.8253730535507202,2.053142547607422,2.2103421688079834,1.9502956867218018,2.0528364181518555,1.775862216949463,1.8208098411560059,2.355449914932251,2.2371015548706055,2.0266008377075195,1.825167179107666,1.7380224466323853,1.5006325244903564,1.309512734413147,1.327353835105896,1.2362360954284668,0.8854883909225464,0.889963686466217,1.0773837566375732,1.0273531675338745,1.0963027477264404,1.4244232177734375,3.136768341064453,2.8497202396392822,2.57582950592041,2.3821282386779785,1.9946388006210327,1.8051546812057495,1.776780128479004,2.1503381729125977,2.1550087928771973,2.012498378753662,2.2781548500061035,2.5720345973968506,2.850492477416992,2.9336390495300293,3.274024486541748,2.641514539718628,2.3621225357055664,2.1088595390319824,2.2703046798706055,2.0974550247192383,2.0662379264831543,2.3830831050872803,2.5441572666168213,2.44071626663208,2.67205810546875,2.94655442237854,2.956113576889038,3.3034260272979736,3.264178991317749,3.448190927505493
A2,0.3995559811592102,0.0,0.38199031352996826,0.5330601334571838,0.8709737062454224,1.1587845087051392,1.263854742050171,1.0432149171829224,1.168777346611023,1.5027779340744019,1.4683839082717896,1.3642367124557495,1.6833242177963257,1.834944486618042,1.867629051208496,1.921883225440979,2.025918483734131,1.729357361793518,1.9717416763305664,1.993429183959961,1.8078148365020752,2.1167924404144287,2.060964345932007,1.7291691303253174,1.9513485431671143,2.1645731925964355,1.9588265419006348,2.1189374923706055,1.8723728656768799,1.9831310510635376,2.2954518795013428,2.113243579864502,1.889946699142456,1.6541075706481934,1.4937384128570557,1.2433111667633057,1.038901686668396,1.1570076942443848,1.0978500843048096,0.7247402667999268,0.8338406085968018,1.1144284009933472,1.197746992111206,1.3029789924621582,1.6488982439041138,2.857415199279785,2.6011085510253906,2.321427583694458,2.102010726928711,1.7232029438018799,1.509192943572998,1.4434775114059448,1.8130906820297241,1.8152222633361816,1.640708088874817,1.899200677871704,2.2017273902893066,2.467015266418457,2.5568954944610596,2.899285316467285,2.273043394088745,2.015165090560913,1.7583489418029785,1.9560720920562744,1.825921654701233,1.8037447929382324,2.1410086154937744,2.2594313621520996,2.1408004760742188,2.4020040035247803,2.6618781089782715,2.6370980739593506,2.97689151763916,2.9288687705993652,3.0929946899414062
A3,0.6670230627059937,0.38199031352996826,0.0,0.3844480514526367,0.6478942036628723,0.8565970659255981,1.0465298891067505,0.8777850866317749,0.9140069484710693,1.2729393243789673,1.3249914646148682,1.2308474779129028,1.5840306282043457,1.6889928579330444,1.7816712856292725,1.7448384761810303,1.8029370307922363,1.4797011613845825,1.6743550300598145,1.6636165380477905,1.447935938835144,1.7534945011138916,1.7227954864501953,1.3848754167556763,1.59304678440094,1.830727219581604,1.6613599061965942,1.8534443378448486,1.637990117073059,1.8008800745010376,1.9742342233657837,1.7712445259094238,1.528676152229309,1.3040717840194702,1.1330673694610596,0.8658419251441956,0.696510910987854,0.8313584327697754,0.7435574531555176,0.3855586051940918,0.6210310459136963,0.8989949226379395,1.0931580066680908,1.200927972793579,1.5453763008117676,2.5682923793792725,2.3144097328186035,2.010009288787842,1.8246897459030151,1.4547145366668701,1.200556755065918,1.2010632753372192,1.5643188953399658,1.5171650648117065,1.3811115026474,1.6809285879135132,1.9458105564117432,2.2274816036224365,2.2872965335845947,2.626326560974121,2.0216426849365234,1.7473723888397217,1.4641553163528442,1.6216580867767334,1.4622406959533691,1.4281853437423706,1.7617489099502563,1.8939048051834106,1.7835615873336792,2.03523588180542,2.296445846557617,2.2924914360046387,2.6408088207244873,2.6128649711608887,2.7950730323791504
A4,0.7805266380310059,0.5330601334571838,0.3844480514526367,0.0,0.3883048892021179,0.660423994064331,0.7317867875099182,0.5411852598190308,0.7035837769508362,1.006848931312561,1.0232006311416626,1.0103679895401,1.3772722482681274,1.5502877235412598,1.677333950996399,1.5491118431091309,1.5826231241226196,1.2605173587799072,1.508042573928833,1.5138204097747803,1.3731327056884766,1.7046400308609009,1.6556296348571777,1.3661692142486572,1.6420326232910156,1.8541055917739868,1.6778316497802734,1.9153802394866943,1.7548338174819946,1.8814358711242676,2.1794936656951904,1.9800174236297607,1.6868976354599,1.5230823755264282,1.3230862617492676,0.9850590229034424,0.9420230388641357,1.112925410270691,0.922100841999054,0.6392103433609009,0.9489865303039551,1.144516110420227,1.3135600090026855,1.3143213987350464,1.6776416301727295,2.3625073432922363,2.0866172313690186,1.8210210800170898,1.605252981185913,1.2183046340942383,1.048242449760437,1.0144120454788208,1.3869441747665405,1.4209566116333008,1.3282967805862427,1.5836375951766968,1.8603770732879639,2.1742358207702637,2.2866663932800293,2.6030242443084717,2.1412460803985596,1.9144991636276245,1.589387059211731,1.7549318075180054,1.5944337844848633,1.4731528759002686,1.8227546215057373,1.9606530666351318,1.7824970483779907,2.0075156688690186,2.3039636611938477,2.2874581813812256,2.612548351287842,2.5353829860687256,2.733631134033203
A5,1.1645033359527588,0.8709737062454224,0.6478942036628723,0.3883048892021179,0.0,0.3855537474155426,0.47770634293556213,0.5202084183692932,0.6823734641075134,0.9036223888397217,1.0250329971313477,1.1257089376449585,1.5064440965652466,1.6748477220535278,1.87058687210083,1.5924962759017944,1.530127763748169,1.1754146814346313,1.3769493103027344,1.3014392852783203,1.1659693717956543,1.5227247476577759,1.538361668586731,1.292992115020752,1.567643404006958,1.8117142915725708,1.7034859657287598,1.996796727180481,1.8970431089401245,2.061065435409546,2.1928577423095703,1.9497214555740356,1.6326597929000854,1.4899204969406128,1.2260633707046509,0.8643767833709717,0.9253434538841248,1.17372727394104,0.9804291129112244,0.8102881908416748,1.1720373630523682,1.3583091497421265,1.5942548513412476,1.5886329412460327,1.9388014078140259,1.992842435836792,1.7375967502593994,1.475842833518982,1.2346558570861816,0.8542513847351074,0.6892608404159546,0.6295427680015564,1.0003353357315063,1.0562467575073242,0.9941705465316772,1.23410165309906,1.4975019693374634,1.827681064605713,1.9585015773773193,2.258291482925415,1.9057459831237793,1.7241158485412598,1.3708796501159668,1.541883111000061,1.412204384803772,1.2439650297164917,1.6047099828720093,1.708364725112915,1.482571005821228,1.7101753950119019,2.009035110473633,1.9651633501052856,2.2717456817626953,2.1700894832611084,2.369314670562744
A6,1.403678297996521,1.1587845087051392,0.8565970659255981,0.660423994064331,0.3855537474155426,0.0,0.36654630303382874,0.5322091579437256,0.49442732334136963,0.6685191988945007,0.9166002869606018,1.0315290689468384,1.403190016746521,1.5132064819335938,1.7652175426483154,1.387286901473999,1.2637313604354858,0.8921124339103699,1.028017282485962,0.9203907251358032,0.7880769968032837,1.1457643508911133,1.1735419034957886,0.9616315960884094,1.2449538707733154,1.484900951385498,1.4187347888946533,1.747455358505249,1.7096693515777588,1.8963358402252197,1.9624546766281128,1.7285327911376953,1.3818025588989258,1.3161565065383911,1.0812948942184448,0.7125118970870972,0.919976532459259,1.1156623363494873,0.8596986532211304,0.8442606329917908,1.2173320055007935,1.3181785345077515,1.5922834873199463,1.552353024482727,1.8719465732574463,1.746394157409668,1.4656141996383667,1.173555612564087,1.0080217123031616,0.6372878551483154,0.45607271790504456,0.6128376722335815,0.9193106293678284,0.9129120707511902,0.9844548106193542,1.2530853748321533,1.4313275814056396,1.7896097898483276,1.8827166557312012,2.1590030193328857,1.8907256126403809,1.7017220258712769,1.3279856443405151,1.40767502784729,1.217813491821289,0.9742432236671448,1.3129817247390747,1.4640148878097534,1.2297571897506714,1.4016555547714233,1.7280505895614624,1.7340900897979736,2.0447614192962646,1.9626575708389282,2.2056281566619873
A7,1.4741219282150269,1.263854742050171,1.0465298891067505,0.7317867875099182,0.47770634293556213,0.36654630303382874,0.0,0.37192511558532715,0.5266075730323792,0.5280700922012329,0.6996290683746338,0.9295094609260559,1.276943564414978,1.463716983795166,1.720679759979248,1.2907888889312744,1.1566895246505737,0.8189700245857239,1.0440189838409424,0.9973404407501221,1.0002223253250122,1.339193344116211,1.3187949657440186,1.173736333847046,1.500879168510437,1.6848491430282593,1.5874632596969604,1.919897437095642,1.9041000604629517,2.0354247093200684,2.276947498321533,2.067842721939087,1.7108733654022217,1.6726585626602173,1.4477146863937378,1.07878577709198,1.2642594575881958,1.4550572633743286,1.1747417449951172,1.1112691164016724,1.4809722900390625,1.566184401512146,1.785499095916748,1.6841840744018555,2.013942241668701,1.713706612586975,1.4018019437789917,1.1883174180984497,0.9760878086090088,0.5962612628936768,0.6373692154884338,0.6822639107704163,0.9608602523803711,1.081709384918213,1.171023964881897,1.357028841972351,1.5535030364990234,1.922469973564148,2.073183059692383,2.3224599361419678,2.163275718688965,2.012261390686035,1.636515498161316,1.7389103174209595,1.5669543743133545,1.2954915761947632,1.6173702478408813,1.7636631727218628,1.4884434938430786,1.6234124898910522,1.9658634662628174,1.9552377462387085,2.229116201400757,2.093244791030884,2.339895486831665
A8,1.1764403581619263,1.0432149171829224,0.8777850866317749,0.5411852598190308,0.5202084183692932,0.5322091579437256,0.37192511558532715,0.0,0.3739371597766876,0.5131314992904663,0.5151740312576294,0.6448196768760681,1.0107102394104004,1.2254626750946045,1.4312111139297485,1.1253036260604858,1.1065725088119507,0.8014264106750488,1.106044054031372,1.1689441204071045,1.160442590713501,1.4764446020126343,1.3766554594039917,1.1817072629928589,1.5264333486557007,1.6729249954223633,1.4971787929534912,1.7843198776245117,1.7216824293136597,1.8085514307022095,2.245569944381714,2.0802412033081055,1.7349063158035278,1.685905933380127,1.5136663913726807,1.144118309020996,1.2621852159500122,1.3926706314086914,1.0890313386917114,0.9604702591896057,1.298473596572876,1.3616671562194824,1.5193506479263306,1.389435052871704,1.7315367460250854,2.07112979888916,1.7421512603759766,1.524035930633545,1.3424091339111328,0.9638227224349976,0.9432478547096252,0.987935483455658,1.307180643081665,1.3983179330825806,1.4393888711929321,1.656717300415039,1.88002610206604,2.239166021347046,2.3745625019073486,2.6454851627349854,2.377953052520752,2.1826236248016357,1.8185462951660156,1.9207791090011597,1.7142020463943481,1.4802827835083008,1.8011952638626099,1.9851911067962646,1.7535934448242188,1.8925039768218994,2.2354471683502197,2.2523787021636963,2.548919439315796,2.438199281692505,2.6845405101776123
A9,1.2730321884155273,1.168777346611023,0.9140069484710693,0.7035837769508362,0.6823734641075134,0.49442732334136963,0.5266075730323792,0.3739371597766876,0.0,0.38152623176574707,0.5487228035926819,0.5542583465576172,0.9229270219802856,1.0248255729675293,1.2723459005355835,0.9341052174568176,0.904155433177948,0.5686773061752319,0.8195206522941589,0.9102951288223267,0.8775234818458557,1.1611428260803223,1.0304067134857178,0.8172680139541626,1.1676828861236572,1.3004648685455322,1.1281952857971191,1.4289268255233765,1.3939335346221924,1.50972318649292,1.908575415611267,1.7692925930023193,1.4168297052383423,1.4214261770248413,1.3091812133789062,0.9642276167869568,1.1408751010894775,1.1959956884384155,0.8468373417854309,0.8371334671974182,1.160237193107605,1.1434657573699951,1.3354802131652832,1.1936542987823486,1.504960298538208,2.0361266136169434,1.6955456733703613,1.4339385032653809,1.3425757884979248,0.9909363389015198,0.9122851490974426,1.0872668027877808,1.3790942430496216,1.3834960460662842,1.4773489236831665,1.7442443370819092,1.9133464097976685,2.2770280838012695,2.3579888343811035,2.6264216899871826,2.3381400108337402,2.109518051147461,1.7478926181793213,1.7769502401351929,1.512923240661621,1.2667932510375977,1.5517619848251343,1.7872394323349,1.5952471494674683,1.6952570676803589,2.0425736904144287,2.115833044052124,2.4299569129943848,2.365334987640381,2.6379518508911133
A10,1.598799467086792,1.5027779340744019,1.2729393243789673,1.006848931312561,0.9036223888397217,0.6685191988945007,0.5280700922012329,0.5131314992904663,0.38152623176574707,0.0,0.3737373948097229,0.5820239782333374,0.8649849891662598,0.9996973872184753,1.3059862852096558,0.7800241112709045,0.6357566714286804,0.30925047397613525,0.6298471093177795,0.7672329545021057,0.8948166370391846,1.1423330307006836,0.9914452433586121,0.917291522026062,1.2841280698776245,1.3600785732269287,1.2201781272888184,1.548852562904358,1.5965015888214111,1.6781762838363647,2.1229007244110107,1.9968801736831665,1.628767967224121,1.6942005157470703,1.5784190893173218,1.2398968935012817,1.4703747034072876,1.5395057201385498,1.1865439414978027,1.2150465250015259,1.5382936000823975,1.4939305782318115,1.6679950952529907,1.473610758781433,1.7548614740371704,1.8398815393447876,1.467626929283142,1.2673907279968262,1.2037055492401123,0.9027427434921265,0.9684021472930908,1.1516478061676025,1.3743762969970703,1.4335170984268188,1.5974739789962769,1.8120524883270264,1.9470186233520508,2.3256914615631104,2.432797431945801,2.662112236022949,2.521672248840332,2.3322718143463135,1.958477258682251,1.969987392425537,1.7122982740402222,1.4064931869506836,1.658416509628296,1.8957886695861816,1.6605370044708252,1.6970720291137695,2.0641942024230957,2.142885208129883,2.41939640045166,2.319199800491333,2.6137802600860596
A11,1.4939955472946167,1.4683839082717896,1.3249914646148682,1.0232006311416626,1.0250329971313477,0.9166002869606018,0.6996290683746338,0.5151740312576294,0.5487228035926819,0.3737373948097229,0.0,0.37790733575820923,0.6157768368721008,0.8758153915405273,1.1246633529663086,0.6958504915237427,0.7020495533943176,0.5416399836540222,0.9195435643196106,1.1253377199172974,1.2586784362792969,1.4923312664031982,1.2950334548950195,1.2067359685897827,1.5767056941986084,1.612000823020935,1.402706265449524,1.6779969930648804,1.6899901628494263,1.6983420848846436,2.365762233734131,2.2694804668426514,1.9129481315612793,1.9573304653167725,1.8540713787078857,1.5054380893707275,1.6758036613464355,1.7320075035095215,1.3787083625793457,1.3290863037109375,1.6232738494873047,1.575642704963684,1.6705304384231567,1.4294934272766113,1.718907117843628,2.136014938354492,1.7586044073104858,1.6003423929214478,1.4995180368423462,1.1859265565872192,1.2699528932571411,1.3808194398880005,1.6334489583969116,1.7368921041488647,1.8572745323181152,2.054669141769409,2.2304317951202393,2.605992317199707,2.739422082901001,2.9768059253692627,2.806586980819702,2.6114401817321777,2.240431785583496,2.284618854522705,2.031928300857544,1.7495847940444946,2.014063596725464,2.250652551651001,2.0171308517456055,2.068687677383423,2.434697151184082,2.502305746078491,2.7770514488220215,2.660557270050049,2.9448750019073486
A12,1.3106071949005127,1.3642367124557495,1.2308474779129028,1.0103679895401,1.1257089376449585,1.0315290689468384,0.9295094609260559,0.6448196768760681,0.5542583465576172,0.5820239782333374,0.37790733575820923,0.0,0.38475680351257324,0.5987558364868164,0.8002245426177979,0.5805030465126038,0.7613418102264404,0.6435672640800476,0.987453818321228,1.2438398599624634,1.3169589042663574,1.5180611610412598,1.2706832885742188,1.1254472732543945,1.4761416912078857,1.479782223701477,1.2041574716567993,1.420104742050171,1.3872908353805542,1.3612478971481323,2.174980640411377,2.124429225921631,1.7922536134719849,1.837311863899231,1.7962580919265747,1.4761278629302979,1.6051439046859741,1.5875322818756104,1.2318490743637085,1.1818345785140991,1.4119454622268677,1.3089330196380615,1.3495867252349854,1.0744974613189697,1.3530001640319824,2.421489953994751,2.045961856842041,1.8445862531661987,1.7739269733428955,1.4435248374938965,1.4426929950714111,1.5838921070098877,1.8707201480865479,1.918127179145813,2.01263427734375,2.2566874027252197,2.438032865524292,2.8068950176239014,2.904703140258789,3.1648945808410645,2.8860039710998535,2.6466476917266846,2.29168701171875,2.314890146255493,2.029407501220703,1.7876720428466797,2.038494825363159,2.3067355155944824,2.1249217987060547,2.183605432510376,2.5401668548583984,2.6393909454345703,2.942747116088867,2.868091106414795,3.1542317867279053
A13,1.5630966424942017,1.6833242177963257,1.5840306282043457,1.3772722482681274,1.5064440965652466,1.403190016746521,1.276943564414978,1.0107102394104004,0.9229270219802856,0.8649849891662598,0.6157768368721008,0.38475680351257324,0.0,0.37998929619789124,0.5389681458473206,0.4290839433670044,0.7543870806694031,0.8237892389297485,1.134589672088623,1.4586366415023804,1.5877469778060913,1.7290443181991577,1.4290724992752075,1.347895860671997,1.6784396171569824,1.5994874238967896,1.2952191829681396,1.4496358633041382,1.4532032012939453,1.3347011804580688,2.354978561401367,2.3602137565612793,2.041456937789917,2.128265619277954,2.1294007301330566,1.828547477722168,1.961164951324463,1.904955267906189,1.5488356351852417,1.5200971364974976,1.7034562826156616,1.5445770025253296,1.514075517654419,1.1746314764022827,1.3790584802627563,2.655466079711914,2.2645840644836426,2.0978000164031982,2.0614326000213623,1.7605042457580566,1.7946860790252686,1.9458454847335815,2.213887929916382,2.269352674484253,2.3849027156829834,2.6205942630767822,2.7896578311920166,3.1632885932922363,3.2610528469085693,3.5090720653533936,3.258052349090576,3.014437198638916,2.661036491394043,2.6628494262695312,2.3592355251312256,2.1093575954437256,2.328310251235962,2.619469165802002,2.4453985691070557,2.465883255004883,2.8260905742645264,2.9506232738494873,3.243936061859131,3.169660806655884,3.4704928398132324
A14,1.7053056955337524,1.834944486618042,1.6889928579330444,1.5502877235412598,1.6748477220535278,1.5132064819335938,1.463716983795166,1.2254626750946045,1.0248255729675293,0.9996973872184753,0.8758153915405273,0.5987558364868164,0.37998929619789124,0.0,0.3674187958240509,0.36500003933906555,0.7349495887756348,0.8559859395027161,1.0608282089233398,1.4135276079177856,1.5270018577575684,1.5979106426239014,1.2595512866973877,1.1987377405166626,1.4819531440734863,1.339606523513794,1.013954758644104,1.1176365613937378,1.1617431640625,1.0174510478973389,2.1051747798919678,2.1626808643341064,1.8671716451644897,2.0030083656311035,2.068856716156006,1.815238118171692,1.9634618759155273,1.8437111377716064,1.4917412996292114,1.5390503406524658,1.675568699836731,1.4432038068771362,1.4077264070510864,1.0503476858139038,1.1744121313095093,2.727304458618164,2.3390467166900635,2.1458194255828857,2.1700029373168945,1.8906601667404175,1.8865015506744385,2.094808578491211,2.350529432296753,2.351196765899658,2.4890148639678955,2.7547800540924072,2.8910980224609375,3.2616097927093506,3.3179686069488525,3.5637917518615723,3.2880568504333496,3.021181106567383,2.6815268993377686,2.631890296936035,2.2964441776275635,2.059453010559082,2.2304131984710693,2.5532000064849854,2.4227135181427,2.4112281799316406,2.759190797805786,2.927485942840576,3.229076623916626,3.1949620246887207,3.509448766708374
A15,1.6626070737838745,1.867629051208496,1.7816712856292725,1.677333950996399,1.87058687210083,1.7652175426483154,1.720679759979248,1.4312111139297485,1.2723459005355835,1.3059862852096558,1.1246633529663086,0.8002245426177979,0.5389681458473206,0.3674187958240509,0.0,0.7133296728134155,1.0954114198684692,1.2042198181152344,1.420838713645935,1.7642937898635864,1.8447102308273315,1.920871615409851,1.5837169885635376,1.4830397367477417,1.739046335220337,1.5918043851852417,1.2352497577667236,1.2401463985443115,1.2072408199310303,0.9732167720794678,2.2450499534606934,2.3350071907043457,2.071866273880005,2.1795105934143066,2.268655776977539,2.0278561115264893,2.121757745742798,1.9734047651290894,1.6499227285385132,1.6511645317077637,1.7235054969787598,1.4779199361801147,1.3452764749526978,0.962156355381012,1.0350825786590576,3.0807223320007324,2.6934432983398438,2.494708299636841,2.498008966445923,2.196624755859375,2.1704587936401367,2.353907823562622,2.6365904808044434,2.6383719444274902,2.7416369915008545,3.0161170959472656,3.1774065494537354,3.5426149368286133,3.598827362060547,3.861212968826294,3.517548084259033,3.231977939605713,2.905165910720825,2.870311975479126,2.5356342792510986,2.332915782928467,2.511611223220825,2.8339180946350098,2.721595525741577,2.732224225997925,3.072983980178833,3.23889422416687,3.552915096282959,3.5257599353790283,3.8318235874176025
B1,1.8576719760894775,1.921883225440979,1.7448384761810303,1.5491118431091309,1.5924962759017944,1.387286901473999,1.2907888889312744,1.1253036260604858,0.9341052174568176,0.7800241112709045,0.6958504915237427,0.5805030465126038,0.4290839433670044,0.36500003933906555,0.7133296728134155,0.0,0.3869570791721344,0.5914536118507385,0.8078135251998901,1.17302668094635,1.3606663942337036,1.4345389604568481,1.110234260559082,1.125931739807129,1.4412660598754883,1.3133177757263184,1.0588748455047607,1.2592743635177612,1.3716886043548584,1.2943190336227417,2.188326835632324,2.205549716949463,1.8778706789016724,2.0335960388183594,2.0559818744659424,1.7798113822937012,1.9810781478881836,1.9126678705215454,1.542806625366211,1.6118018627166748,1.8155126571655273,1.6210973262786865,1.657166838645935,1.3314669132232666,1.4903510808944702,2.4195921421051025,2.0247642993927,1.8648747205734253,1.9024007320404053,1.6565821170806885,1.7109586000442505,1.925926685333252,2.1431422233581543,2.1688921451568604,2.345531463623047,2.5824637413024902,2.69669246673584,3.074262857437134,3.1477739810943604,3.369072675704956,3.19534969329834,2.961027145385742,2.605271339416504,2.5539512634277344,2.2313878536224365,1.9489461183547974,2.1173834800720215,2.428870916366577,2.260805606842041,2.2221922874450684,2.582026243209839,2.74145770072937,3.0183615684509277,2.958651304244995,3.2815427780151367
B2,2.034982204437256,2.025918483734131,1.8029370307922363,1.5826231241226196,1.530127763748169,1.2637313604354858,1.1566895246505737,1.1065725088119507,0.904155433177948,0.6357566714286804,0.7020495533943176,0.7613418102264404,0.7543870806694031,0.7349495887756348,1.0954114198684692,0.3869570791721344,0.0,0.37337175011634827,0.5147271156311035,0.8698273301124573,1.1326195001602173,1.1952170133590698,0.9098345041275024,1.0148440599441528,1.334291696548462,1.2344406843185425,1.0814327001571655,1.3641291856765747,1.531625509262085,1.5306187868118286,2.1783270835876465,2.153897762298584,1.8052194118499756,1.9839706420898438,1.970737338066101,1.6932709217071533,1.9502363204956055,1.9246915578842163,1.5554392337799072,1.6660906076431274,1.9198055267333984,1.7571531534194946,1.8688437938690186,1.587659478187561,1.7647361755371094,2.057006359100342,1.6612279415130615,1.5223861932754517,1.594834327697754,1.4012706279754639,1.5025568008422852,1.7408181428909302,1.9040484428405762,1.9339252710342407,2.1569712162017822,2.3698577880859375,2.446049451828003,2.82472562789917,2.9008259773254395,3.0946435928344727,3.021108388900757,2.8187825679779053,2.4560465812683105,2.3896868228912354,2.081669807434082,1.760406255722046,1.9113709926605225,2.209048271179199,2.0137434005737305,1.9406522512435913,2.304868698120117,2.4615695476531982,2.7133872509002686,2.6394593715667725,2.9713985919952393
B3,1.7911921739578247,1.729357361793518,1.4797011613845825,1.2605173587799072,1.1754146814346313,0.8921124339103699,0.8189700245857239,0.8014264106750488,0.5686773061752319,0.30925047397613525,0.5416399836540222,0.6435672640800476,0.8237892389297485,0.8559859395027161,1.2042198181152344,0.5914536118507385,0.37337175011634827,0.0,0.3793168365955353,0.6479080319404602,0.8460741639137268,1.0023324489593506,0.7807568311691284,0.7907307744026184,1.1475491523742676,1.1518162488937378,1.0186938047409058,1.3508930206298828,1.4618607759475708,1.5313869714736938,2.0123400688171387,1.9306806325912476,1.5664910078048706,1.6995964050292969,1.6428934335708618,1.3443512916564941,1.6041133403778076,1.6155540943145752,1.2507281303405762,1.3520197868347168,1.6399275064468384,1.527793526649475,1.692751407623291,1.4668110609054565,1.69728422164917,1.8768770694732666,1.4925522804260254,1.2964162826538086,1.3237996101379395,1.083228588104248,1.145127296447754,1.3865114450454712,1.5725138187408447,1.590535044670105,1.794917345046997,2.0216782093048096,2.1140503883361816,2.492039442062378,2.568357467651367,2.7816507816314697,2.6647446155548096,2.4629435539245605,2.096606492996216,2.05265212059021,1.7594823837280273,1.4414825439453125,1.6357767581939697,1.9135302305221558,1.7066950798034668,1.6826977729797363,2.0507450103759766,2.1793408393859863,2.451188802719116,2.377427816390991,2.6949493885040283
B4,2.058215856552124,1.9717416763305664,1.6743550300598145,1.508042573928833,1.3769493103027344,1.028017282485962,1.0440189838409424,1.106044054031372,0.8195206522941589,0.6298471093177795,0.9195435643196106,0.987453818321228,1.134589672088623,1.0608282089233398,1.420838713645935,0.8078135251998901,0.5147271156311035,0.3793168365955353,0.0,0.3812839090824127,0.6466167569160461,0.6880303025245667,0.4628216326236725,0.6263101696968079,0.9215517640113831,0.9026381969451904,0.8836193084716797,1.2464425563812256,1.4333281517028809,1.5535372495651245,1.8273108005523682,1.7523937225341797,1.3945711851119995,1.5960133075714111,1.5725152492523193,1.333685278892517,1.643356204032898,1.6301504373550415,1.2886369228363037,1.482314944267273,1.7522679567337036,1.6125596761703491,1.8205047845840454,1.624125361442566,1.8074088096618652,1.7336980104446411,1.3651859760284424,1.1475061178207397,1.2821321487426758,1.125827431678772,1.166534423828125,1.474265456199646,1.5980802774429321,1.5534229278564453,1.809927225112915,2.044304132461548,2.071878671646118,2.4396443367004395,2.4728214740753174,2.6617696285247803,2.594762086868286,2.3969757556915283,2.0450079441070557,1.9357980489730835,1.6254584789276123,1.2904001474380493,1.4100369215011597,1.7109127044677734,1.5313313007354736,1.4388068914413452,1.7984598875045776,1.9742432832717896,2.2358834743499756,2.1970200538635254,2.5337984561920166
B5,2.1484310626983643,1.993429183959961,1.6636165380477905,1.5138204097747803,1.3014392852783203,0.9203907251358032,0.9973404407501221,1.1689441204071045,0.9102951288223267,0.7672329545021057,1.1253377199172974,1.2438398599624634,1.4586366415023804,1.4135276079177856,1.7642937898635864,1.17302668094635,0.8698273301124573,0.6479080319404602,0.3812839090824127,0.0,0.37848615646362305,0.4723798930644989,0.4948996305465698,0.6447933912277222,0.8738374710083008,0.9754435420036316,1.0666254758834839,1.4475167989730835,1.6168631315231323,1.8024340867996216,1.788074016571045,1.6416666507720947,1.280994176864624,1.4648897647857666,1.3857944011688232,1.1681616306304932,1.515139102935791,1.5559395551681519,1.2600305080413818,1.477163314819336,1.7719677686691284,1.6885193586349487,1.9581656455993652,1.8266643285751343,2.029472589492798,1.4240752458572388,1.0873202085494995,0.8143303990364075,0.9872637391090393,0.8898835778236389,0.9133946895599365,1.2517410516738892,1.316480040550232,1.2345167398452759,1.5264050960540771,1.7501728534698486,1.7363797426223755,2.0956461429595947,2.115166187286377,2.29136061668396,2.279212236404419,2.110643148422241,1.7626343965530396,1.6411176919937134,1.3614085912704468,0.9990406036376953,1.1112397909164429,1.3794715404510498,1.1740062236785889,1.0712674856185913,1.43672776222229,1.5987725257873535,1.8558341264724731,1.818451166152954,2.1555888652801514
B6,1.9923211336135864,1.8078148365020752,1.447935938835144,1.3731327056884766,1.1659693717956543,0.7880769968032837,1.0002223253250122,1.160442590713501,0.8775234818458557,0.8948166370391846,1.2586784362792969,1.3169589042663574,1.5877469778060913,1.5270018577575684,1.8447102308273315,1.3606663942337036,1.1326195001602173,0.8460741639137268,0.6466167569160461,0.37848615646362305,0.0,0.36278969049453735,0.5301244854927063,0.4857412874698639,0.6534479856491089,0.8894191980361938,1.007093071937561,1.3769428730010986,1.487368106842041,1.7333804368972778,1.5145134925842285,1.3171223402023315,0.9533184766769409,1.1025433540344238,1.0115197896957397,0.8256431221961975,1.1834242343902588,1.2227191925048828,0.9700231552124023,1.225399136543274,1.504198670387268,1.4501327276229858,1.764945387840271,1.7037039995193481,1.9125288724899292,1.5422046184539795,1.2641279697418213,0.916656494140625,1.041417121887207,0.8990163803100586,0.7637138962745667,1.1300311088562012,1.2276506423950195,1.0576562881469727,1.3101948499679565,1.5876166820526123,1.5812005996704102,1.923750638961792,1.9013769626617432,2.1148931980133057,1.972697377204895,1.7719111442565918,1.433646321296692,1.2943451404571533,0.9936360716819763,0.6456907391548157,0.7936756014823914,1.0779680013656616,0.9170118570327759,0.890027642250061,1.2412183284759521,1.4035894870758057,1.712275505065918,1.7241913080215454,2.0385546684265137
B7,2.2709543704986572,2.1167924404144287,1.7534945011138916,1.7046400308609009,1.5227247476577759,1.1457643508911133,1.339193344116211,1.4764446020126343,1.1611428260803223,1.1423330307006836,1.4923312664031982,1.5180611610412598,1.7290443181991577,1.5979106426239014,1.920871615409851,1.4345389604568481,1.1952170133590698,1.0023324489593506,0.6880303025245667,0.4723798930644989,0.36278969049453735,0.0,0.36877676844596863,0.5209036469459534,0.5250821113586426,0.6827839612960815,0.915410041809082,1.2661010026931763,1.4537675380706787,1.7061463594436646,1.387166976928711,1.2463878393173218,0.9170626401901245,1.1763184070587158,1.1820359230041504,1.0890450477600098,1.4385082721710205,1.4090642929077148,1.1781635284423828,1.4859338998794556,1.7139703035354614,1.5977494716644287,1.899815559387207,1.8255997896194458,1.9739651679992676,1.6306591033935547,1.3696526288986206,1.0519680976867676,1.2777191400527954,1.2108097076416016,1.1073296070098877,1.476366400718689,1.5319026708602905,1.337357759475708,1.6134763956069946,1.8817428350448608,1.8231815099716187,2.14410662651062,2.078819513320923,2.259052038192749,2.1607158184051514,1.9570865631103516,1.6540015935897827,1.4403735399246216,1.1180311441421509,0.8068488836288452,0.7871919274330139,1.1200995445251465,1.0371068716049194,0.8906953930854797,1.2077810764312744,1.453028678894043,1.7386940717697144,1.7993191480636597,2.131964921951294
B8,2.154458999633789,2.060964345932007,1.7227954864501953,1.6556296348571777,1.538361668586731,1.1735419034957886,1.3187949657440186,1.3766554594039917,1.0304067134857178,0.9914452433586121,1.2950334548950195,1.2706832885742188,1.4290724992752075,1.2595512866973877,1.5837169885635376,1.110234260559082,0.9098345041275024,0.7807568311691284,0.4628216326236725,0.4948996305465698,0.5301244854927063,0.36877676844596863,0.0,0.37230801582336426,0.5087458491325378,0.4894448518753052,0.6265667676925659,0.9931286573410034,1.2144073247909546,1.4157036542892456,1.4075491428375244,1.3522100448608398,1.0186998844146729,1.2914459705352783,1.3480225801467896,1.2097450494766235,1.5280402898788452,1.4481587409973145,1.1572250127792358,1.44679856300354,1.6572504043579102,1.4813555479049683,1.7289838790893555,1.5932496786117554,1.7215044498443604,1.8624920845031738,1.549122929573059,1.2683159112930298,1.4624446630477905,1.3353408575057983,1.264047384262085,1.618013858795166,1.7298758029937744,1.5844745635986328,1.8370124101638794,2.113973617553711,2.1012332439422607,2.4413516521453857,2.40278959274292,2.596783399581909,2.454961061477661,2.2258517742156982,1.9100390672683716,1.725756049156189,1.3788992166519165,1.086893081665039,1.1152786016464233,1.4620143175125122,1.3759490251541138,1.2550355195999146,1.576513648033142,1.8150293827056885,2.1005163192749023,2.140648603439331,2.476170301437378
B9,1.8253730535507202,1.7291691303253174,1.3848754167556763,1.3661692142486572,1.292992115020752,0.9616315960884094,1.173736333847046,1.1817072629928589,0.8172680139541626,0.917291522026062,1.2067359685897827,1.1254472732543945,1.347895860671997,1.1987377405166626,1.4830397367477417,1.125931739807129,1.0148440599441528,0.7907307744026184,0.6263101696968079,0.6447933912277222,0.4857412874698639,0.5209036469459534,0.37230801582336426,0.0,0.3704754114151001,0.5234895944595337,0.5369841456413269,0.9010506272315979,1.0082440376281738,1.251431941986084,1.2382320165634155,1.1488592624664307,0.7917183041572571,0.9993792176246643,1.0581175088882446,0.9037492871284485,1.1901742219924927,1.0894514322280884,0.7878358960151672,1.0859296321868896,1.2858623266220093,1.123945951461792,1.3970435857772827,1.305098056793213,1.4673383235931396,2.0064198970794678,1.7018327713012695,1.3793423175811768,1.4918196201324463,1.2864751815795898,1.12964928150177,1.4663549661636353,1.642237901687622,1.4791285991668701,1.667457103729248,1.9812430143356323,2.0169126987457275,2.353078603744507,2.3127684593200684,2.550374746322632,2.270106315612793,2.005638837814331,1.6900794506072998,1.5372252464294434,1.1766672134399414,0.932362973690033,1.0404397249221802,1.382755994796753,1.3170732259750366,1.296440839767456,1.6109312772750854,1.8151136636734009,2.1413521766662598,2.189260482788086,2.498246192932129
B10,2.053142547607422,1.9513485431671143,1.59304678440094,1.6420326232910156,1.567643404006958,1.2449538707733154,1.500879168510437,1.5264333486557007,1.1676828861236572,1.2841280698776245,1.5767056941986084,1.4761416912078857,1.6784396171569824,1.4819531440734863,1.739046335220337,1.4412660598754883,1.334291696548462,1.1475491523742676,0.9215517640113831,0.8738374710083008,0.6534479856491089,0.5250821113586426,0.5087458491325378,0.3704754114151001,0.0,0.37043270468711853,0.5812557339668274,0.8639883399009705,0.9961787462234497,1.3005282878875732,0.9208373427391052,0.8479592800140381,0.52597975730896,0.8417001962661743,0.9994292855262756,0.9816064238548279,1.2537528276443481,1.0956566333770752,0.8940760493278503,1.251579761505127,1.3804669380187988,1.1982762813568115,1.4918341636657715,1.459807276725769,1.5581245422363281,2.128817081451416,1.8684285879135132,1.5308420658111572,1.691314458847046,1.5354442596435547,1.338157057762146,1.6873418092727661,1.8286495208740234,1.602349042892456,1.7901338338851929,2.1161556243896484,2.1080782413482666,2.4118170738220215,2.3128578662872314,2.541341543197632,2.2257728576660156,1.9453380107879639,1.6764392852783203,1.4503380060195923,1.071812391281128,0.8986830711364746,0.8856083750724792,1.2530981302261353,1.2845408916473389,1.2325395345687866,1.488712191581726,1.7426813840866089,2.072460889816284,2.183295488357544,2.485992431640625
B11,2.2103421688079834,2.1645731925964355,1.830727219581604,1.8541055917739868,1.8117142915725708,1.484900951385498,1.6848491430282593,1.6729249954223633,1.3004648685455322,1.3600785732269287,1.612000823020935,1.479782223701477,1.5994874238967896,1.339606523513794,1.5918043851852417,1.3133177757263184,1.2344406843185425,1.1518162488937378,0.9026381969451904,0.9754435420036316,0.8894191980361938,0.6827839612960815,0.4894448518753052,0.5234895944595337,0.37043270468711853,0.0,0.3737254738807678,0.6232837438583374,0.8828200101852417,1.1292074918746948,1.0165146589279175,1.079626202583313,0.8294172883033752,1.165165662765503,1.3590127229690552,1.3222512006759644,1.5789223909378052,1.3880513906478882,1.1554286479949951,1.4895787239074707,1.5924052000045776,1.341342806816101,1.5626345872879028,1.4609657526016235,1.4958372116088867,2.3002614974975586,2.0129663944244385,1.7140192985534668,1.9070624113082886,1.760328769683838,1.6181373596191406,1.9691029787063599,2.1106786727905273,1.915411353111267,2.123807907104492,2.438368082046509,2.427870988845825,2.7427165508270264,2.6530587673187256,2.86443829536438,2.593402624130249,2.3150393962860107,2.0457921028137207,1.8169398307800293,1.4394972324371338,1.2541329860687256,1.213369607925415,1.585401177406311,1.6088793277740479,1.5025283098220825,1.7607239484786987,2.040691614151001,2.3468759059906006,2.4519548416137695,2.772587776184082
B12,1.9502956867218018,1.9588265419006348,1.6613599061965942,1.6778316497802734,1.7034859657287598,1.4187347888946533,1.5874632596969604,1.4971787929534912,1.1281952857971191,1.2201781272888184,1.402706265449524,1.2041574716567993,1.2952191829681396,1.013954758644104,1.2352497577667236,1.0588748455047607,1.0814327001571655,1.0186938047409058,0.8836193084716797,1.0666254758834839,1.007093071937561,0.915410041809082,0.6265667676925659,0.5369841456413269,0.5812557339668274,0.3737254738807678,0.0,0.3824452757835388,0.608094334602356,0.803057849407196,1.1526730060577393,1.2417126893997192,0.9833006858825684,1.2433048486709595,1.4304859638214111,1.3340078592300415,1.5432151556015015,1.3311793804168701,1.0521925687789917,1.3323832750320435,1.4163458347320557,1.1264960765838623,1.285264015197754,1.1276582479476929,1.1635087728500366,2.473515510559082,2.1518683433532715,1.8605085611343384,1.9975330829620361,1.7886971235275269,1.6525667905807495,1.9733989238739014,2.1700499057769775,2.01479172706604,2.1874423027038574,2.5096540451049805,2.552422523498535,2.884234666824341,2.82786226272583,3.064779758453369,2.734910726547241,2.4387338161468506,2.1520814895629883,1.9766772985458374,1.5977526903152466,1.4173760414123535,1.459801197052002,1.823671579360962,1.815108060836792,1.7599186897277832,2.0451064109802246,2.291316270828247,2.6122231483459473,2.6867072582244873,3.0024757385253906
B13,2.0528364181518555,2.1189374923706055,1.8534443378448486,1.9153802394866943,1.996796727180481,1.747455358505249,1.919897437095642,1.7843198776245117,1.4289268255233765,1.548852562904358,1.6779969930648804,1.420104742050171,1.4496358633041382,1.1176365613937378,1.2401463985443115,1.2592743635177612,1.3641291856765747,1.3508930206298828,1.2464425563812256,1.4475167989730835,1.3769428730010986,1.2661010026931763,0.9931286573410034,0.9010506272315979,0.8639883399009705,0.6232837438583374,0.3824452757835388,0.0,0.3831903040409088,0.5374571681022644,1.1116878986358643,1.311672568321228,1.1462962627410889,1.3963372707366943,1.6501328945159912,1.6000230312347412,1.7524819374084473,1.4793087244033813,1.2513340711593628,1.5117452144622803,1.5055488348007202,1.1598999500274658,1.2328710556030273,1.0779592990875244,0.9907810688018799,2.8500778675079346,2.531057834625244,2.2402188777923584,2.3775200843811035,2.159304618835449,2.0063400268554688,2.316441774368286,2.5298173427581787,2.3638715744018555,2.5129003524780273,2.8480756282806396,2.898559331893921,3.2203333377838135,3.145883321762085,3.391136646270752,2.99519419670105,2.6744866371154785,2.415605306625366,2.230313539505005,1.849159598350525,1.7231837511062622,1.7405894994735718,2.1036341190338135,2.138082265853882,2.08709454536438,2.3452939987182617,2.6065173149108887,2.9326648712158203,3.03151798248291,3.3415284156799316
