,A1,A2,A3,A4,A5,A6,A7,A8,A9,A10,A11,A12,A13,A14,A15,B1,B2,B3,B4,B5,B6,B7,B8,B9,B10,B11,B12,B13,B14,B15,C1,C2,C3,C4,C5,C6,C7,C8,C9,C10,C11,C12,C13,C14,C15,D1,D2,D3,D4,D5,D6,D7,D8,D9,D10,D11,D12,D13,D14,D15,E1,E2,E3,E4,E5,E6,E7,E8,E9,E10,E11,E12,E13,E14,E15
A1,0.0,0.3845858573913574,0.6108373999595642,0.7515829205513,1.1201828718185425,1.2402704954147339,1.4604542255401611,1.245692491531372,1.266710638999939,1.6234874725341797,1.6056251525878906,1.4197580814361572,1.7159780263900757,1.837686538696289,1.8114022016525269,1.9168331623077393,1.7471599578857422,1.5054503679275513,1.8064191341400146,1.7573822736740112,1.7151885032653809,2.0667896270751953,2.211820363998413,2.1393542289733887,2.474885940551758,2.71292781829834,2.6636037826538086,3.0331063270568848,3.081481456756592,3.2023940086364746,3.198336124420166,3.069026470184326,2.699599027633667,2.5929718017578125,2.284651279449463,1.9622786045074463,1.9504441022872925,2.2251317501068115,2.0438075065612793,1.9155621528625488,2.2689120769500732,2.460848093032837,2.650418519973755,2.6212968826293945,2.974871873855591,3.141277313232422,3.0337178707122803,2.6755080223083496,2.5447022914886475,2.236119270324707,1.9447294473648071,1.8552249670028687,2.0921406745910645,1.9197070598602295,1.6667786836624146,1.9416612386703491,2.1499288082122803,2.2369384765625,2.1827893257141113,2.5407917499542236,1.3298115730285645,1.586708426475525,1.4907389879226685,1.5477328300476074,1.7533466815948486,1.5817673206329346,1.8442429304122925,1.6687982082366943,1.3704721927642822,1.622848391532898,1.7424862384796143,1.471457600593567,1.6498786211013794,1.497366189956665,1.4927629232406616
A2,0.3845858573913574,0.0,0.38853034377098083,0.5381494164466858,0.8822495341300964,1.0886133909225464,1.3006502389907837,1.157863736152649,1.2508639097213745,1.5966718196868896,1.6058679819107056,1.5033658742904663,1.8371779918670654,2.0021815299987793,2.022674083709717,1.5814287662506104,1.4530104398727417,1.2422025203704834,1.5829817056655884,1.608216404914856,1.5852279663085938,1.951985239982605,2.0348141193389893,1.959579348564148,2.319255828857422,2.5195834636688232,2.4307351112365723,2.7915968894958496,2.840773820877075,2.9285922050476074,3.030493974685669,2.9264237880706787,2.5724427700042725,2.4333648681640625,2.1454460620880127,1.8176069259643555,1.7605434656143188,2.0007762908935547,1.8151390552520752,1.6365303993225098,1.969887614250183,2.169539451599121,2.327242851257324,2.2966625690460205,2.655817747116089,3.0834312438964844,2.9853079319000244,2.6109282970428467,2.5344293117523193,2.238750696182251,1.922179937362671,1.9075266122817993,2.148892879486084,1.9391162395477295,1.74800705909729,2.0685455799102783,2.241227865219116,2.370387315750122,2.288693904876709,2.645353078842163,1.6318557262420654,1.8362914323806763,1.6720284223556519,1.701332449913025,1.831687092781067,1.5907906293869019,1.849251389503479,1.727552890777588,1.3859243392944336,1.5920969247817993,1.7800242900848389,1.5597532987594604,1.7349700927734375,1.5349525213241577,1.5980767011642456
A3,0.6108373999595642,0.38853034377098083,0.0,0.38340824842453003,0.6238952279090881,0.7536055445671082,1.0319379568099976,0.9636328220367432,1.001004934310913,1.3542755842208862,1.4456984996795654,1.3792132139205933,1.7468674182891846,1.8826515674591064,1.9693390130996704,1.3604193925857544,1.220030665397644,0.9394634962081909,1.2517179250717163,1.252192735671997,1.2010506391525269,1.5721403360366821,1.658353328704834,1.576558232307434,1.9327226877212524,2.1416842937469482,2.0683047771453857,2.4350650310516357,2.492649793624878,2.601937770843506,2.6624011993408203,2.5693421363830566,2.21132493019104,2.0940568447113037,1.82583487033844,1.477996587753296,1.464089274406433,1.687371850013733,1.4716757535934448,1.3374770879745483,1.6941531896591187,1.862043023109436,2.0523784160614014,2.0186421871185303,2.368943691253662,2.730691909790039,2.618986129760742,2.2410056591033936,2.18070387840271,1.8838063478469849,1.569060206413269,1.5871341228485107,1.8453322649002075,1.6435133218765259,1.496916651725769,1.8429372310638428,2.016500234603882,2.197798013687134,2.14707612991333,2.4970929622650146,1.5492578744888306,1.6759471893310547,1.4493975639343262,1.4487310647964478,1.5173795223236084,1.2418969869613647,1.5030184984207153,1.4283124208450317,1.077451467514038,1.2864736318588257,1.5247706174850464,1.3628605604171753,1.5935057401657104,1.4387234449386597,1.5796904563903809
A4,0.7515829205513,0.5381494164466858,0.38340824842453003,0.0,0.38231033086776733,0.6180532574653625,0.7672358751296997,0.65023273229599,0.803570032119751,1.1124299764633179,1.1477569341659546,1.133271336555481,1.4978551864624023,1.6941895484924316,1.7887853384017944,1.4780998229980469,1.4287256002426147,1.1418499946594238,1.4487040042877197,1.4653183221817017,1.3313326835632324,1.7128171920776367,1.7726187705993652,1.612824559211731,1.9651881456375122,2.1872148513793945,2.074676752090454,2.420386552810669,2.418285846710205,2.5259604454040527,2.5753467082977295,2.4436137676239014,2.0999679565429688,1.9319981336593628,1.6283355951309204,1.3227570056915283,1.2382060289382935,1.506799578666687,1.3673326969146729,1.2053587436676025,1.5501574277877808,1.7773345708847046,1.9858225584030151,2.0238945484161377,2.3687307834625244,2.621025800704956,2.562110662460327,2.1898515224456787,2.137481689453125,1.887612223625183,1.5345879793167114,1.5806390047073364,1.773540735244751,1.5113897323608398,1.378368854522705,1.728253722190857,1.8429986238479614,2.0081539154052734,1.9026485681533813,2.2487287521362305,1.6336886882781982,1.7536966800689697,1.5071343183517456,1.5916341543197632,1.6407400369644165,1.363040804862976,1.677024483680725,1.6588376760482788,1.33171546459198,1.5715970993041992,1.8331087827682495,1.6901847124099731,1.950806736946106,1.816967248916626,1.950321078300476
A5,1.1201828718185425,0.8822495341300964,0.6238952279090881,0.38231033086776733,0.0,0.380095899105072,0.47682884335517883,0.5577097535133362,0.7375679016113281,0.970713198184967,1.084580659866333,1.1781561374664307,1.551061987876892,1.7489937543869019,1.9097903966903687,1.2998112440109253,1.314820647239685,1.0141459703445435,1.2802069187164307,1.3263370990753174,1.1465067863464355,1.5182456970214844,1.525251030921936,1.3207746744155884,1.6727160215377808,1.8799279928207397,1.7387526035308838,2.0701422691345215,2.0478522777557373,2.1541712284088135,2.2262673377990723,2.10478138923645,1.7775298357009888,1.585279941558838,1.3032217025756836,1.0003715753555298,0.8844882845878601,1.1294716596603394,0.9991245865821838,0.8320335745811462,1.181564450263977,1.4120339155197144,1.6421318054199219,1.7130450010299683,2.0446200370788574,2.345561981201172,2.302917003631592,1.9270879030227661,1.9285509586334229,1.7151018381118774,1.3492696285247803,1.4820047616958618,1.6534030437469482,1.3656680583953857,1.329148292541504,1.700639009475708,1.7694863080978394,1.9875094890594482,1.8805993795394897,2.204284906387329,1.8358790874481201,1.882601022720337,1.5790654420852661,1.6491562128067017,1.6076544523239136,1.289253830909729,1.5976166725158691,1.6642967462539673,1.351119875907898,1.5575809478759766,1.8722964525222778,1.8013288974761963,2.085242748260498,1.9716225862503052,2.1606085300445557
A6,1.2402704954147339,1.0886133909225464,0.7536055445671082,0.6180532574653625,0.380095899105072,0.0,0.3816758096218109,0.5292719602584839,0.5091192722320557,0.7489889860153198,0.9773874878883362,1.0597237348556519,1.4365729093551636,1.5665132999420166,1.7770766019821167,1.4171206951141357,1.3831956386566162,1.0233136415481567,1.1915291547775269,1.14149010181427,0.8819693326950073,1.2401138544082642,1.3039911985397339,1.0754486322402954,1.3972352743148804,1.6571152210235596,1.5730398893356323,1.9157359600067139,1.9005725383758545,2.065606117248535,1.9800829887390137,1.8449926376342773,1.4906196594238281,1.3574354648590088,1.0744905471801758,0.7319577932357788,0.7587491273880005,1.0197982788085938,0.8545573949813843,0.844700813293457,1.2206392288208008,1.3863954544067383,1.6794309616088867,1.7432209253311157,2.047687530517578,2.0194647312164307,1.9541553258895874,1.578616738319397,1.557977557182312,1.335782527923584,0.9707893133163452,1.1118065118789673,1.293830394744873,1.0289654731750488,1.0246527194976807,1.403725504875183,1.4913861751556396,1.751441240310669,1.702929139137268,2.0165538787841797,1.6526241302490234,1.6300801038742065,1.2923622131347656,1.3556524515151978,1.2688063383102417,0.9541002511978149,1.2795689105987549,1.3885606527328491,1.1210336685180664,1.3517271280288696,1.667585015296936,1.637082576751709,1.9624905586242676,1.915990948677063,2.1261837482452393
A7,1.4604542255401611,1.3006502389907837,1.0319379568099976,0.7672358751296997,0.47682884335517883,0.3816758096218109,0.0,0.3729977011680603,0.5274648070335388,0.5810289978981018,0.7605765461921692,0.9634371995925903,1.3068370819091797,1.498905897140503,1.7247560024261475,1.6001142263412476,1.644623875617981,1.3174731731414795,1.4842742681503296,1.4694732427597046,1.183250904083252,1.508683681488037,1.5282330513000488,1.235785961151123,1.5243388414382935,1.7751468420028687,1.6425758600234985,1.9407504796981812,1.8499594926834106,2.0063209533691406,1.9183804988861084,1.7381126880645752,1.4187320470809937,1.2071266174316406,0.8774470090866089,0.6348987221717834,0.5095956921577454,0.8497958779335022,0.832020103931427,0.7947443723678589,1.115943431854248,1.3471364974975586,1.649917483329773,1.7951595783233643,2.079602003097534,1.9473562240600586,1.9553202390670776,1.6013463735580444,1.6049211025238037,1.4631478786468506,1.08487069606781,1.2612223625183105,1.3414502143859863,1.008797526359558,1.055093765258789,1.411461353302002,1.4070004224777222,1.652004599571228,1.5375181436538696,1.830794095993042,1.8634833097457886,1.8392492532730103,1.505454182624817,1.6362909078598022,1.5404468774795532,1.2547444105148315,1.5890271663665771,1.7310487031936646,1.4888088703155518,1.721233606338501,2.0390093326568604,2.0114006996154785,2.3411295413970947,2.29172945022583,2.491485834121704
A8,1.245692491531372,1.157863736152649,0.9636328220367432,0.65023273229599,0.5577097535133362,0.5292719602584839,0.3729977011680603,0.0,0.367127925157547,0.5078592896461487,0.5300701856613159,0.6532655358314514,1.0108073949813843,1.2359082698822021,1.4134855270385742,1.8381091356277466,1.8428270816802979,1.5071784257888794,1.7131850719451904,1.6643792390823364,1.3918750286102295,1.7341495752334595,1.8103501796722412,1.5434192419052124,1.8283114433288574,2.1045339107513428,1.9971977472305298,2.3048200607299805,2.217211961746216,2.3788955211639404,2.241645336151123,2.0318379402160645,1.7027548551559448,1.5147944688796997,1.1538233757019043,0.9421786665916443,0.8528064489364624,1.2123911380767822,1.1996514797210693,1.1468724012374878,1.4679193496704102,1.713503360748291,2.002289295196533,2.1352837085723877,2.4337351322174072,2.149304151535034,2.1600446701049805,1.821009635925293,1.7523678541183472,1.5887209177017212,1.215824007987976,1.2868036031723022,1.3546221256256104,1.0250372886657715,0.944916844367981,1.2792837619781494,1.297428011894226,1.473091959953308,1.3321866989135742,1.6579439640045166,1.6316075325012207,1.6616319417953491,1.3735456466674805,1.567596197128296,1.5589244365692139,1.3240851163864136,1.6890665292739868,1.7657407522201538,1.5247057676315308,1.809324026107788,2.0827291011810303,1.9955023527145386,2.3243494033813477,2.277158737182617,2.427030324935913
A9,1.266710638999939,1.2508639097213745,1.001004934310913,0.803570032119751,0.7375679016113281,0.5091192722320557,0.5274648070335388,0.367127925157547,0.0,0.37801751494407654,0.5657755732536316,0.5742504596710205,0.9438557624816895,1.0578731298446655,1.278720736503601,1.9236478805541992,1.8703536987304688,1.4999293088912964,1.6471278667449951,1.518534779548645,1.2170037031173706,1.5325545072555542,1.6755015850067139,1.4237885475158691,1.6734915971755981,1.9908678531646729,1.9468106031417847,2.268491744995117,2.207963228225708,2.414843797683716,2.145582675933838,1.9311034679412842,1.5728576183319092,1.4653040170669556,1.1153379678726196,0.8720324039459229,0.9372622966766357,1.2816238403320312,1.2173367738723755,1.2661865949630737,1.6121007204055786,1.7962698936462402,2.117685556411743,2.218722105026245,2.5043110847473145,1.9522427320480347,1.9241162538528442,1.5907574892044067,1.4689583778381348,1.2759058475494385,0.919104278087616,0.9340404868125916,1.0241830348968506,0.7315715551376343,0.610203742980957,0.9696336388587952,1.0520920753479004,1.2673113346099854,1.2174290418624878,1.5463181734085083,1.3642796277999878,1.3384020328521729,1.027686357498169,1.2305362224578857,1.2178045511245728,1.022829294204712,1.397304654121399,1.4758954048156738,1.2840375900268555,1.5939167737960815,1.8414274454116821,1.7698379755020142,2.123549461364746,2.131678581237793,2.2862114906311035
A10,1.6234874725341797,1.5966718196868896,1.3542755842208862,1.1124299764633179,0.970713198184967,0.7489889860153198,0.5810289978981018,0.5078592896461487,0.37801751494407654,0.0,0.3762935698032379,0.5693022012710571,0.8459131121635437,0.9755054116249084,1.257293939590454,2.1315367221832275,2.1242194175720215,1.7605478763580322,1.8723143339157104,1.7489877939224243,1.407386064529419,1.6778578758239746,1.795747995376587,1.491831660270691,1.6872127056121826,2.0101077556610107,1.9540923833847046,2.233819007873535,2.1149816513061523,2.339200735092163,1.9840556383132935,1.7207880020141602,1.3933874368667603,1.2620919942855835,0.8882068395614624,0.769793689250946,0.8208070397377014,1.178025245666504,1.2140783071517944,1.3081334829330444,1.60136878490448,1.7917827367782593,2.135089874267578,2.2904701232910156,2.543128490447998,1.7210665941238403,1.758735179901123,1.4601985216140747,1.3510534763336182,1.2547354698181152,0.9113603234291077,0.9781894683837891,0.9325618147850037,0.5749410390853882,0.585237979888916,0.8838503360748291,0.835303783416748,1.0734561681747437,0.986520528793335,1.2786619663238525,1.606289267539978,1.5312572717666626,1.2214275598526,1.4594063758850098,1.394857406616211,1.23142409324646,1.5909287929534912,1.729028582572937,1.5813417434692383,1.8756790161132812,2.1321499347686768,2.0949761867523193,2.459951877593994,2.4867918491363525,2.6517624855041504
A11,1.6056251525878906,1.6058679819107056,1.4456984996795654,1.1477569341659546,1.084580659866333,0.9773874878883362,0.7605765461921692,0.5300701856613159,0.5657755732536316,0.3762935698032379,0.0,0.3644745349884033,0.5820212364196777,0.8399203419685364,1.0582687854766846,2.3405442237854004,2.3472869396209717,1.997210144996643,2.15867018699646,2.0580856800079346,1.7378394603729248,2.031144380569458,2.1436166763305664,1.8428503274917603,2.0545763969421387,2.3667664527893066,2.286104440689087,2.5585734844207764,2.417922258377075,2.6183998584747314,2.3074355125427246,2.0261824131011963,1.7254211902618408,1.5566741228103638,1.1733134984970093,1.1029953956604004,1.0562266111373901,1.4293887615203857,1.5067601203918457,1.5319759845733643,1.8070653676986694,2.045630693435669,2.365305185317993,2.5411195755004883,2.80627703666687,2.0188608169555664,2.0914106369018555,1.814674735069275,1.6902412176132202,1.6055792570114136,1.2753335237503052,1.2895396947860718,1.2161411046981812,0.8819441795349121,0.790111243724823,1.0054973363876343,0.9172616004943848,1.025622010231018,0.8236842155456543,1.1388260126113892,1.6500929594039917,1.6426647901535034,1.3932734727859497,1.681984782218933,1.6858102083206177,1.5436947345733643,1.9142674207687378,2.008141279220581,1.8424769639968872,2.1570026874542236,2.3955492973327637,2.3121564388275146,2.664470672607422,2.6696460247039795,2.796212673187256
A12,1.4197580814361572,1.5033658742904663,1.3792132139205933,1.133271336555481,1.1781561374664307,1.0597237348556519,0.9634371995925903,0.6532655358314514,0.5742504596710205,0.5693022012710571,0.3644745349884033,0.0,0.3846733272075653,0.601656436920166,0.7662687301635742,2.4492342472076416,2.403118133544922,2.042163372039795,2.2127697467803955,2.0739376544952393,1.7756389379501343,2.0737626552581787,2.2384438514709473,1.9761908054351807,2.1937618255615234,2.5253098011016846,2.480830430984497,2.7801566123962402,2.6760380268096924,2.8877508640289307,2.5464322566986084,2.2739217281341553,1.9467494487762451,1.8285127878189087,1.4521864652633667,1.3258256912231445,1.3383246660232544,1.710503339767456,1.7278294563293457,1.75664222240448,2.068770170211792,2.291849136352539,2.610183000564575,2.7471752166748047,3.029374599456787,2.1934680938720703,2.223313808441162,1.9484643936157227,1.7640862464904785,1.6278724670410156,1.3235563039779663,1.236183524131775,1.1994203329086304,0.9339050650596619,0.6941602230072021,0.8707988858222961,0.8886438012123108,0.9277190566062927,0.7860679626464844,1.1421990394592285,1.3253692388534546,1.3578565120697021,1.1635040044784546,1.4871381521224976,1.5692821741104126,1.4791160821914673,1.8509762287139893,1.8830840587615967,1.7333146333694458,2.0756993293762207,2.266411066055298,2.142972230911255,2.4885494709014893,2.5103633403778076,2.5990405082702637
A13,1.7159780263900757,1.8371779918670654,1.7468674182891846,1.4978551864624023,1.551061987876892,1.4365729093551636,1.3068370819091797,1.0108073949813843,0.9438557624816895,0.8459131121635437,0.5820212364196777,0.3846733272075653,0.0,0.38078513741493225,0.5006242394447327,2.8290493488311768,2.787648916244507,2.4256951808929443,2.587599039077759,2.4343056678771973,2.1250569820404053,2.4012725353240967,2.5781776905059814,2.305280923843384,2.491426944732666,2.8332746028900146,2.796872615814209,3.077540397644043,2.9471383094787598,3.170421600341797,2.758289098739624,2.453183650970459,2.1526036262512207,2.0435075759887695,1.6726036071777344,1.6133549213409424,1.6248232126235962,1.9936834573745728,2.0511913299560547,2.0948116779327393,2.384549617767334,2.6126232147216797,2.937490224838257,3.0957491397857666,3.366068124771118,2.299710988998413,2.3658695220947266,2.138169288635254,1.9239087104797363,1.835575819015503,1.5742005109786987,1.4519530534744263,1.3356531858444214,1.1141873598098755,0.8805582523345947,0.8974264860153198,0.8418607115745544,0.7245630025863647,0.5092377662658691,0.8527632355690002,1.4488376379013062,1.4782441854476929,1.352591633796692,1.7162278890609741,1.8188210725784302,1.7840007543563843,2.144684314727783,2.1733322143554688,2.0610203742980957,2.4109933376312256,2.5758936405181885,2.4458930492401123,2.790985345840454,2.8336000442504883,2.898002862930298
A14,1.837686538696289,2.0021815299987793,1.8826515674591064,1.6941895484924316,1.7489937543869019,1.5665132999420166,1.498905897140503,1.2359082698822021,1.0578731298446655,0.9755054116249084,0.8399203419685364,0.601656436920166,0.38078513741493225,0.0,0.3604542016983032,2.9778456687927246,2.8991730213165283,2.521899938583374,2.6427805423736572,2.4386560916900635,2.1257052421569824,2.3623533248901367,2.584172487258911,2.3320093154907227,2.4792492389678955,2.8423829078674316,2.854435443878174,3.1380887031555176,3.0278193950653076,3.282315254211426,2.7678024768829346,2.461333990097046,2.153351306915283,2.111595392227173,1.7654179334640503,1.7005630731582642,1.7921966314315796,2.144476890563965,2.1713075637817383,2.269199848175049,2.5739591121673584,2.7627816200256348,3.1069514751434326,3.242799997329712,3.5027737617492676,2.20615553855896,2.243699073791504,2.04853892326355,1.7800612449645996,1.6912468671798706,1.4944252967834473,1.298957109451294,1.1568059921264648,1.0358355045318604,0.764105498790741,0.6379270553588867,0.6508311629295349,0.46714869141578674,0.4746365249156952,0.7789835333824158,1.2651348114013672,1.2341450452804565,1.1540168523788452,1.5372483730316162,1.656472086906433,1.697508692741394,2.0308165550231934,2.0492284297943115,1.9993245601654053,2.352977991104126,2.476886749267578,2.358085870742798,2.7094926834106445,2.801671028137207,2.8595831394195557
A15,1.8114022016525269,2.022674083709717,1.9693390130996704,1.7887853384017944,1.9097903966903687,1.7770766019821167,1.7247560024261475,1.4134855270385742,1.278720736503601,1.257293939590454,1.0582687854766846,0.7662687301635742,0.5006242394447327,0.3604542016983032,0.0,3.1606595516204834,3.0696496963500977,2.701944589614868,2.854703903198242,2.6574554443359375,2.370943069458008,2.6270463466644287,2.8560540676116943,2.620067596435547,2.7905685901641846,3.150500535964966,3.156414031982422,3.4525303840637207,3.3499042987823486,3.591610908508301,3.1170578002929688,2.814544200897217,2.502220869064331,2.4472885131835938,2.090709924697876,2.0063343048095703,2.0695407390594482,2.4336678981781006,2.45172381401062,2.5132803916931152,2.826763153076172,3.0350136756896973,3.3647067546844482,3.4923956394195557,3.769714117050171,2.5656983852386475,2.596707820892334,2.3968803882598877,2.1219077110290527,2.0082266330718994,1.8092166185379028,1.5900495052337646,1.48655104637146,1.376246452331543,1.0703753232955933,0.9551105499267578,1.005285620689392,0.7622596025466919,0.7207169532775879,0.9769881367683411,1.2406338453292847,1.3025094270706177,1.3098104000091553,1.69454824924469,1.878770351409912,1.9300291538238525,2.261467456817627,2.2283780574798584,2.1658780574798584,2.528487205505371,2.6232056617736816,2.459927797317505,2.7869269847869873,2.866062641143799,2.879413604736328
B1,1.9168331623077393,1.5814287662506104,1.3604193925857544,1.4780998229980469,1.2998112440109253,1.4171206951141357,1.6001142263412476,1.8381091356277466,1.9236478805541992,2.1315367221832275,2.3405442237854004,2.4492342472076416,2.8290493488311768,2.9778456687927246,3.1606595516204834,0.0,0.38293129205703735,0.6075723171234131,0.7621554136276245,1.1324795484542847,1.2834593057632446,1.4804856777191162,1.255334496498108,1.3110464811325073,1.6390902996063232,1.5812671184539795,1.3932338953018188,1.675245761871338,1.8402034044265747,1.7883353233337402,2.323089838027954,2.4170379638671875,2.1772429943084717,2.0432682037353516,1.9944689273834229,1.6977734565734863,1.6364004611968994,1.5464709997177124,1.2684661149978638,1.0618196725845337,1.1725906133651733,1.1533054113388062,1.1048173904418945,0.88275545835495,1.2240859270095825,2.857754707336426,2.7275757789611816,2.360931634902954,2.509296178817749,2.285860061645508,2.0384440422058105,2.262256383895874,2.520796298980713,2.33039927482605,2.394632339477539,2.7679781913757324,2.8693106174468994,3.158900022506714,3.1089119911193848,3.409799575805664,2.7588179111480713,2.7647438049316406,2.4568426609039307,2.322953701019287,2.1765973567962646,1.8183631896972656,1.8878040313720703,1.9794275760650635,1.6746221780776978,1.5816823244094849,1.9190678596496582,1.9790478944778442,2.105165719985962,1.8963826894760132,2.1908986568450928
B2,1.7471599578857422,1.4530104398727417,1.220030665397644,1.4287256002426147,1.314820647239685,1.3831956386566162,1.644623875617981,1.8428270816802979,1.8703536987304688,2.1242194175720215,2.3472869396209717,2.403118133544922,2.787648916244507,2.8991730213165283,3.0696496963500977,0.38293129205703735,0.0,0.388963520526886,0.5485484004020691,0.8902953863143921,1.1215251684188843,1.3139863014221191,1.1621840000152588,1.2870219945907593,1.6143234968185425,1.5974692106246948,1.4921183586120605,1.8137255907058716,2.016055107116699,2.0171284675598145,2.4195990562438965,2.506880760192871,2.230982780456543,2.149637222290039,2.081080436706543,1.7446154356002808,1.751101016998291,1.7072468996047974,1.3839092254638672,1.2441208362579346,1.4350378513336182,1.3993728160858154,1.4161540269851685,1.173393726348877,1.4941827058792114,2.869845390319824,2.698317527770996,2.3288536071777344,2.4351587295532227,2.168626546859741,1.946886658668518,2.123880624771118,2.420607089996338,2.2707607746124268,2.299668312072754,2.6635992527008057,2.8100621700286865,3.0958428382873535,3.0817017555236816,3.394017219543457,2.5293266773223877,2.5378611087799072,2.2533762454986572,2.0784027576446533,1.9553641080856323,1.617326259613037,1.6500197649002075,1.6934213638305664,1.390899419784546,1.2637275457382202,1.5763709545135498,1.632249355316162,1.7339928150177002,1.5245064496994019,1.8299425840377808
B3,1.5054503679275513,1.2422025203704834,0.9394634962081909,1.1418499946594238,1.0141459703445435,1.0233136415481567,1.3174731731414795,1.5071784257888794,1.4999293088912964,1.7605478763580322,1.997210144996643,2.042163372039795,2.4256951808929443,2.521899938583374,2.701944589614868,0.6075723171234131,0.388963520526886,0.0,0.3834000527858734,0.6306654214859009,0.7859814167022705,1.0487147569656372,0.9667000770568848,1.032485008239746,1.3866970539093018,1.4558932781219482,1.3786524534225464,1.738764762878418,1.9062316417694092,1.9698736667633057,2.2177653312683105,2.260298252105713,1.9519020318984985,1.8818424940109253,1.7769124507904053,1.4198511838912964,1.4623297452926636,1.4706246852874756,1.1347695589065552,1.04291570186615,1.316152572631836,1.3122261762619019,1.4327139854431152,1.263485074043274,1.5925941467285156,2.5666229724884033,2.3980236053466797,2.0198464393615723,2.094264030456543,1.8169946670532227,1.5787118673324585,1.7439825534820557,2.040437936782837,1.8909361362457275,1.9120333194732666,2.274899959564209,2.426396369934082,2.7121710777282715,2.7094359397888184,3.0215377807617188,2.1845481395721436,2.177077531814575,1.8794022798538208,1.72407066822052,1.5992612838745117,1.2512234449386597,1.3292328119277954,1.3862159252166748,1.069323182106018,1.0107767581939697,1.3577998876571655,1.404583215713501,1.5821298360824585,1.4254825115203857,1.7293107509613037
B4,1.8064191341400146,1.5829817056655884,1.2517179250717163,1.4487040042877197,1.2802069187164307,1.1915291547775269,1.4842742681503296,1.7131850719451904,1.6471278667449951,1.8723143339157104,2.15867018699646,2.2127697467803955,2.587599039077759,2.6427805423736572,2.854703903198242,0.7621554136276245,0.5485484004020691,0.3834000527858734,0.0,0.38292261958122253,0.631651759147644,0.7676234841346741,0.6452218890190125,0.8211287260055542,1.1224571466445923,1.1568609476089478,1.143986701965332,1.5037002563476562,1.725923776626587,1.8151135444641113,2.012815237045288,2.100886583328247,1.8085882663726807,1.8016306161880493,1.7632442712783813,1.4207861423492432,1.5365911722183228,1.4840670824050903,1.1195210218429565,1.1380047798156738,1.3739815950393677,1.2709883451461792,1.4073868989944458,1.1953848600387573,1.4709466695785522,2.4015610218048096,2.196645736694336,1.836728811264038,1.940990924835205,1.6735293865203857,1.500704050064087,1.6913541555404663,1.9938310384750366,1.8954417705535889,1.9652200937271118,2.3084278106689453,2.463059425354004,2.7789669036865234,2.815985918045044,3.1071300506591797,2.290853500366211,2.222583055496216,1.9127901792526245,1.7088371515274048,1.5148488283157349,1.1839852333068848,1.1674950122833252,1.2861697673797607,1.043907642364502,0.892217218875885,1.2503972053527832,1.3949514627456665,1.5751789808273315,1.484276294708252,1.826086401939392
B5,1.7573822736740112,1.608216404914856,1.252192735671997,1.4653183221817017,1.3263370990753174,1.14149010181427,1.4694732427597046,1.6643792390823364,1.518534779548645,1.7489877939224243,2.0580856800079346,2.0739376544952393,2.4343056678771973,2.4386560916900635,2.6574554443359375,1.1324795484542847,0.8902953863143921,0.6306654214859009,0.38292261958122253,0.0,0.3801838755607605,0.4849099814891815,0.5682457685470581,0.758293092250824,1.0114820003509521,1.1439400911331177,1.2304046154022217,1.6013084650039673,1.8149734735488892,1.9715417623519897,1.9655152559280396,2.0242228507995605,1.7015825510025024,1.7587594985961914,1.7047783136367798,1.3531399965286255,1.5517678260803223,1.5463944673538208,1.1832029819488525,1.2925279140472412,1.5725464820861816,1.473172903060913,1.6775403022766113,1.504047155380249,1.7528396844863892,2.2168407440185547,1.9780014753341675,1.6261438131332397,1.6780611276626587,1.3770698308944702,1.248824954032898,1.3948298692703247,1.7207939624786377,1.6782472133636475,1.735208511352539,2.0518758296966553,2.2380659580230713,2.5559821128845215,2.6374316215515137,2.9218673706054688,2.020700454711914,1.9136985540390015,1.6096233129501343,1.372581124305725,1.1592494249343872,0.855905294418335,0.7900851964950562,0.9221645593643188,0.7299925088882446,0.5710146427154541,0.9428830146789551,1.1276825666427612,1.3597519397735596,1.3554075956344604,1.6959596872329712
B6,1.7151885032653809,1.5852279663085938,1.2010506391525269,1.3313326835632324,1.1465067863464355,0.8819693326950073,1.183250904083252,1.3918750286102295,1.2170037031173706,1.407386064529419,1.7378394603729248,1.7756389379501343,2.1250569820404053,2.1257052421569824,2.370943069458008,1.2834593057632446,1.1215251684188843,0.7859814167022705,0.631651759147644,0.3801838755607605,0.0,0.3818514943122864,0.5432450771331787,0.5382556915283203,0.8123354911804199,1.0518994331359863,1.1309781074523926,1.5072730779647827,1.6538026332855225,1.8565783500671387,1.7182588577270508,1.723231315612793,1.3759227991104126,1.4334807395935059,1.3539156913757324,1.0027223825454712,1.2438507080078125,1.2725193500518799,0.9324847459793091,1.110666036605835,1.4178686141967773,1.3509145975112915,1.6269944906234741,1.5378440618515015,1.7821656465530396,1.8848861455917358,1.671140193939209,1.3025838136672974,1.3427488803863525,1.0524027347564697,0.8826926946640015,1.0686118602752686,1.370901346206665,1.3106685876846313,1.4006648063659668,1.720214605331421,1.8818851709365845,2.2117843627929688,2.2923243045806885,2.565139055252075,1.8658349514007568,1.72683584690094,1.3846627473831177,1.2102725505828857,0.9530266523361206,0.6108046174049377,0.6630045175552368,0.8915995955467224,0.7217782735824585,0.7332295179367065,1.098147988319397,1.2542463541030884,1.5577746629714966,1.5898752212524414,1.8993340730667114
B7,2.0667896270751953,1.951985239982605,1.5721403360366821,1.7128171920776367,1.5182456970214844,1.2401138544082642,1.508683681488037,1.7341495752334595,1.5325545072555542,1.6778578758239746,2.031144380569458,2.0737626552581787,2.4012725353240967,2.3623533248901367,2.6270463466644287,1.4804856777191162,1.3139863014221191,1.0487147569656372,0.7676234841346741,0.4849099814891815,0.3818514943122864,0.0,0.37909767031669617,0.5338621139526367,0.6283378005027771,0.8470296859741211,1.0411288738250732,1.385451078414917,1.5849723815917969,1.8133172988891602,1.59418785572052,1.6559175252914429,1.3431953191757202,1.4873994588851929,1.4941558837890625,1.1965998411178589,1.4824072122573853,1.4448784589767456,1.114520788192749,1.3561443090438843,1.604367971420288,1.456734538078308,1.7231734991073608,1.6028743982315063,1.7840981483459473,1.7916960716247559,1.5243301391601562,1.1957429647445679,1.273156762123108,1.0101593732833862,0.9750010967254639,1.1691304445266724,1.456127643585205,1.4719384908676147,1.6086236238479614,1.882794737815857,2.043053150177002,2.3914778232574463,2.5118768215179443,2.7553651332855225,2.078068971633911,1.8855232000350952,1.557068943977356,1.3323942422866821,1.00901460647583,0.7618198990821838,0.6286661028862,0.932360827922821,0.8978226780891418,0.7983540296554565,1.1121810674667358,1.360755205154419,1.6387640237808228,1.723779559135437,2.0525262355804443
B8,2.211820363998413,2.0348141193389893,1.658353328704834,1.7726187705993652,1.525251030921936,1.3039911985397339,1.5282330513000488,1.8103501796722412,1.6755015850067139,1.795747995376587,2.1436166763305664,2.2384438514709473,2.5781776905059814,2.584172487258911,2.8560540676116943,1.255334496498108,1.1621840000152588,0.9667000770568848,0.6452218890190125,0.5682457685470581,0.5432450771331787,0.37909767031669617,0.0,0.37071487307548523,0.5089799165725708,0.5757826566696167,0.7115445137023926,1.0651944875717163,1.3004792928695679,1.4872866868972778,1.4518448114395142,1.5739723443984985,1.3092602491378784,1.4030569791793823,1.4668577909469604,1.1932411193847656,1.4183770418167114,1.2951089143753052,0.9544851779937744,1.175323247909546,1.3579204082489014,1.1562389135360718,1.3881843090057373,1.2471519708633423,1.409683346748352,1.8556681871414185,1.625380516052246,1.2978500127792358,1.4679465293884277,1.2707550525665283,1.19329833984375,1.4553394317626953,1.7051547765731812,1.6643542051315308,1.8380818367004395,2.1366822719573975,2.2534561157226562,2.610639810562134,2.6914191246032715,2.9313337802886963,2.390781879425049,2.221235752105713,1.878592848777771,1.681894302368164,1.3679708242416382,1.0841760635375977,1.0030601024627686,1.2857472896575928,1.1899831295013428,1.0618886947631836,1.4020878076553345,1.6411908864974976,1.885636329650879,1.9116519689559937,2.2568631172180176
B9,2.1393542289733887,1.959579348564148,1.576558232307434,1.612824559211731,1.3207746744155884,1.0754486322402954,1.235785961151123,1.5434192419052124,1.4237885475158691,1.491831660270691,1.8428503274917603,1.9761908054351807,2.305280923843384,2.3320093154907227,2.620067596435547,1.3110464811325073,1.2870219945907593,1.032485008239746,0.8211287260055542,0.758293092250824,0.5382556915283203,0.5338621139526367,0.37071487307548523,0.0,0.3814283311367035,0.5906268954277039,0.623931348323822,0.9893099069595337,1.118794560432434,1.3421247005462646,1.2275099754333496,1.288248062133789,0.9971242547035217,1.049351453781128,1.097611427307129,0.8354324698448181,1.0686042308807373,0.9490007162094116,0.6272684931755066,0.9160399436950684,1.1125280857086182,0.9552482962608337,1.2633254528045654,1.2268431186676025,1.4027669429779053,1.6014776229858398,1.4262239933013916,1.0695607662200928,1.2594414949417114,1.1049683094024658,0.961169958114624,1.2793430089950562,1.4786624908447266,1.3875246047973633,1.5983774662017822,1.9045130014419556,1.9777954816818237,2.339050769805908,2.3949413299560547,2.6249661445617676,2.309459924697876,2.137746572494507,1.7711867094039917,1.6476243734359741,1.3305680751800537,1.0266764163970947,1.0612058639526367,1.3713219165802002,1.2542880773544312,1.232007384300232,1.5875749588012695,1.7813431024551392,2.0707478523254395,2.0935637950897217,2.4171714782714844
B10,2.474885940551758,2.319255828857422,1.9327226877212524,1.9651881456375122,1.6727160215377808,1.3972352743148804,1.5243388414382935,1.8283114433288574,1.6734915971755981,1.6872127056121826,2.0545763969421387,2.1937618255615234,2.491426944732666,2.4792492389678955,2.7905685901641846,1.6390902996063232,1.6143234968185425,1.3866970539093018,1.1224571466445923,1.0114820003509521,0.8123354911804199,0.6283378005027771,0.5089799165725708,0.3814283311367035,0.0,0.38333383202552795,0.5955432653427124,0.8689582943916321,1.0146269798278809,1.298939824104309,0.9756317138671875,1.0909606218338013,0.8520253896713257,1.025450348854065,1.1757988929748535,1.0100486278533936,1.288519024848938,1.1282907724380493,0.8874408602714539,1.224730134010315,1.354586124420166,1.1405335664749146,1.442811131477356,1.4148677587509155,1.5047485828399658,1.3760101795196533,1.1638758182525635,0.8603546619415283,1.1163594722747803,1.0395604372024536,1.0179260969161987,1.3422293663024902,1.4963423013687134,1.4718748331069946,1.7320442199707031,1.98700749874115,2.042875051498413,2.4187557697296143,2.5107064247131348,2.701857328414917,2.493525981903076,2.2711832523345947,1.9112788438796997,1.7759783267974854,1.413387417793274,1.1840848922729492,1.1443105936050415,1.4990218877792358,1.4696142673492432,1.4219388961791992,1.7365156412124634,1.9768993854522705,2.2656805515289307,2.335507869720459,2.664478302001953
B11,2.71292781829834,2.5195834636688232,2.1416842937469482,2.1872148513793945,1.8799279928207397,1.6571152210235596,1.7751468420028687,2.1045339107513428,1.9908678531646729,2.0101077556610107,2.3667664527893066,2.5253098011016846,2.8332746028900146,2.8423829078674316,3.150500535964966,1.5812671184539795,1.5974692106246948,1.4558932781219482,1.1568609476089478,1.1439400911331177,1.0518994331359863,0.8470296859741211,0.5757826566696167,0.5906268954277039,0.38333383202552795,0.0,0.3653769791126251,0.576949954032898,0.842327356338501,1.0717262029647827,0.9935778379440308,1.2221345901489258,1.0844792127609253,1.2153605222702026,1.4258992671966553,1.2878519296646118,1.4989643096923828,1.2605810165405273,1.027376413345337,1.3109259605407715,1.3529996871948242,1.0592389106750488,1.2845268249511719,1.2103173732757568,1.2302440404891968,1.6209743022918701,1.4263272285461426,1.1767032146453857,1.4708154201507568,1.4166337251663208,1.397739052772522,1.7222084999084473,1.8780691623687744,1.8402180671691895,2.1011343002319336,2.3656809329986572,2.4114060401916504,2.7871944904327393,2.8621137142181396,3.0509562492370605,2.836291790008545,2.627427101135254,2.2704782485961914,2.113086462020874,1.7563518285751343,1.5144330263137817,1.438568115234375,1.7732564210891724,1.7258341312408447,1.6152249574661255,1.93245530128479,2.192744731903076,2.441328287124634,2.482117176055908,2.8295135498046875
B12,2.6636037826538086,2.4307351112365723,2.0683047771453857,2.074676752090454,1.7387526035308838,1.5730398893356323,1.6425758600234985,1.9971977472305298,1.9468106031417847,1.9540923833847046,2.286104440689087,2.480830430984497,2.796872615814209,2.854435443878174,3.156414031982422,1.3932338953018188,1.4921183586120605,1.3786524534225464,1.143986701965332,1.2304046154022217,1.1309781074523926,1.0411288738250732,0.7115445137023926,0.623931348323822,0.5955432653427124,0.3653769791126251,0.0,0.38320279121398926,0.6134019494056702,0.780401885509491,1.0011392831802368,1.2159759998321533,1.1010369062423706,1.1128464937210083,1.3219518661499023,1.2006499767303467,1.3239504098892212,1.0327998399734497,0.8279415965080261,1.0582225322723389,1.0307546854019165,0.7105328440666199,0.9268025755882263,0.8992160558700562,0.9256786704063416,1.734470009803772,1.6098895072937012,1.3375290632247925,1.6435943841934204,1.5991418361663818,1.5002440214157104,1.8498917818069458,1.989875078201294,1.884306788444519,2.1455609798431396,2.4384331703186035,2.453775405883789,2.8213322162628174,2.848045825958252,3.0442161560058594,2.9305872917175293,2.755882501602173,2.3866584300994873,2.2657501697540283,1.9338314533233643,1.6469205617904663,1.639519453048706,1.9561042785644531,1.8454493284225464,1.7615973949432373,2.11128306388855,2.334071159362793,2.5828723907470703,2.575761556625366,2.9189443588256836
B13,3.0331063270568848,2.7915968894958496,2.4350650310516357,2.420386552810669,2.0701422691345215,1.9157359600067139,1.9407504796981812,2.3048200607299805,2.268491744995117,2.233819007873535,2.5585734844207764,2.7801566123962402,3.077540397644043,3.1380887031555176,3.4525303840637207,1.675245761871338,1.8137255907058716,1.738764762878418,1.5037002563476562,1.6013084650039673,1.5072730779647827,1.385451078414917,1.0651944875717163,0.9893099069595337,0.8689582943916321,0.576949954032898,0.38320279121398926,0.0,0.3862377107143402,0.52164626121521,0.895599901676178,1.1927241086959839,1.2022286653518677,1.216787576675415,1.5014511346817017,1.464776635169983,1.5598080158233643,1.2228554487228394,1.1126718521118164,1.326146125793457,1.2005751132965088,0.8556278347969055,0.9898570775985718,1.0060293674468994,0.8894325494766235,1.781057596206665,1.6926771402359009,1.4898216724395752,1.838369369506836,1.8582180738449097,1.7920451164245605,2.1518445014953613,2.2518646717071533,2.1522467136383057,2.443542242050171,2.7159974575042725,2.6980955600738525,3.06756591796875,3.0887374877929688,3.2555344104766846,3.2861382961273193,3.096606969833374,2.7257637977600098,2.6132497787475586,2.267266035079956,2.0001018047332764,1.979782223701477,2.30977463722229,2.219040632247925,2.125911235809326,2.465207576751709,2.702686309814453,2.9451794624328613,2.941831588745117,3.2894346714019775
