0.000000000000000000e+00,3.779385089874267578e-01,7.029092907905578613e-01,1.016556143760681152e+00,1.236752510070800781e+00,1.490153074264526367e+00,1.846635580062866211e+00,2.127836465835571289e+00,2.376542329788208008e+00,2.687657356262207031e+00,2.837892293930053711e+00,2.690417766571044922e+00,2.568064451217651367e+00,2.195634126663208008e+00,2.220715284347534180e+00,8.485909700393676758e-01,1.090933203697204590e+00,1.306529641151428223e+00,1.177425622940063477e+00,1.537763953208923340e+00,1.864441990852355957e+00,2.179736375808715820e+00,2.325932025909423828e+00,2.599098682403564453e+00,2.861040830612182617e+00,2.929000616073608398e+00,2.615464210510253906e+00,2.351199626922607422e+00,1.989388108253479004e+00,1.912672638893127441e+00,1.838587075471878052e-01,2.658126652240753174e-01,5.580810308456420898e-01,8.497233986854553223e-01,1.203531980514526367e+00,1.408583641052246094e+00,1.709864974021911621e+00,2.047067880630493164e+00,2.307687997817993164e+00,2.588693380355834961e+00,2.833181381225585938e+00,2.743376970291137695e+00,2.656754493713378906e+00,2.312783956527709961e+00,2.390995979309082031e+00,5.418200492858886719e+00,5.149329662322998047e+00,4.878407001495361328e+00,4.510675907135009766e+00,4.137330055236816406e+00,3.782913923263549805e+00,3.755430698394775391e+00,3.395740032196044922e+00,3.270973682403564453e+00,3.272459506988525391e+00,2.882657289505004883e+00,3.006855487823486328e+00,2.768125534057617188e+00,2.968508720397949219e+00,2.765899896621704102e+00,5.296810626983642578e+00,5.020818233489990234e+00,4.816947460174560547e+00,4.441913127899169922e+00,4.059439659118652344e+00,3.715619564056396484e+00,3.766366004943847656e+00,3.443353891372680664e+00,3.369426250457763672e+00,3.408742904663085938e+00,3.021193742752075195e+00,3.142243623733520508e+00,2.908695936203002930e+00,3.091250419616699219e+00,2.876992464065551758e+00
3.779385089874267578e-01,0.000000000000000000e+00,3.672131001949310303e-01,7.299773097038269043e-01,9.606190919876098633e-01,1.233779549598693848e+00,1.583784580230712891e+00,1.887607812881469727e+00,2.154373168945312500e+00,2.449820518493652344e+00,2.637788772583007812e+00,2.501914262771606445e+00,2.427155971527099609e+00,2.070344448089599609e+00,2.146612405776977539e+00,8.660317063331604004e-01,9.803578257560729980e-01,1.151450157165527344e+00,9.757294058799743652e-01,1.309184193611145020e+00,1.635614395141601562e+00,1.972522616386413574e+00,2.100405454635620117e+00,2.401925325393676758e+00,2.646290779113769531e+00,2.744081020355224609e+00,2.457681417465209961e+00,2.173681974411010742e+00,1.827947020530700684e+00,1.802571535110473633e+00,5.437829494476318359e-01,2.456958591938018799e-01,2.819809317588806152e-01,5.665476918220520020e-01,9.485574960708618164e-01,1.215934395790100098e+00,1.490339636802673340e+00,1.828959465026855469e+00,2.113257646560668945e+00,2.367340564727783203e+00,2.645246028900146484e+00,2.587530612945556641e+00,2.539913177490234375e+00,2.213483572006225586e+00,2.347739696502685547e+00,5.243199825286865234e+00,4.981878757476806641e+00,4.728029727935791016e+00,4.370741367340087891e+00,3.990276813507080078e+00,3.628779411315917969e+00,3.628520488739013672e+00,3.286278486251831055e+00,3.160926342010498047e+00,3.204164028167724609e+00,2.820283174514770508e+00,2.938254117965698242e+00,2.689995050430297852e+00,2.860519170761108398e+00,2.620178937911987305e+00,5.104770660400390625e+00,4.833580017089843750e+00,4.647828102111816406e+00,4.284053802490234375e+00,3.894976854324340820e+00,3.545975208282470703e+00,3.615509271621704102e+00,3.312363624572753906e+00,3.230888605117797852e+00,3.305935382843017578e+00,2.927511453628540039e+00,3.047508716583251953e+00,2.815509796142578125e+00,2.974950313568115234e+00,2.725776433944702148e+00
7.029092907905578613e-01,3.672131001949310303e-01,0.000000000000000000e+00,3.780328631401062012e-01,6.542472839355468750e-01,8.970003128051757812e-01,1.255097150802612305e+00,1.580671310424804688e+00,1.838497281074523926e+00,2.135569334030151367e+00,2.344210386276245117e+00,2.239283323287963867e+00,2.199668407440185547e+00,1.862223625183105469e+00,1.960045337677001953e+00,9.304541945457458496e-01,9.032301902770996094e-01,9.576329588890075684e-01,7.032052278518676758e-01,9.918183088302612305e-01,1.301384210586547852e+00,1.641377687454223633e+00,1.756748080253601074e+00,2.071149110794067383e+00,2.308815240859985352e+00,2.428499221801757812e+00,2.158387422561645508e+00,1.873122811317443848e+00,1.538972616195678711e+00,1.567969441413879395e+00,8.737010359764099121e-01,5.369768142700195312e-01,1.814319342374801636e-01,2.882317900657653809e-01,6.295057535171508789e-01,9.558236002922058105e-01,1.177533268928527832e+00,1.526202678680419922e+00,1.810478568077087402e+00,2.059005022048950195e+00,2.353742361068725586e+00,2.332415342330932617e+00,2.301982641220092773e+00,2.003015756607055664e+00,2.172609329223632812e+00,4.963477611541748047e+00,4.715230941772460938e+00,4.468935966491699219e+00,4.116065502166748047e+00,3.736072778701782227e+00,3.365177631378173828e+00,3.372799396514892578e+00,3.044202566146850586e+00,2.905774354934692383e+00,2.976335763931274414e+00,2.602557420730590820e+00,2.730615377426147461e+00,2.492978334426879883e+00,2.653838634490966797e+00,2.389261484146118164e+00,4.815748691558837891e+00,4.556237697601318359e+00,4.375441074371337891e+00,4.017727375030517578e+00,3.626115798950195312e+00,3.267560243606567383e+00,3.336500883102416992e+00,3.044264078140258789e+00,2.946566581726074219e+00,3.040668725967407227e+00,2.672067403793334961e+00,2.802414655685424805e+00,2.586470842361450195e+00,2.741534709930419922e+00,2.473339080810546875e+00
1.016556143760681152e+00,7.299773097038269043e-01,3.780328631401062012e-01,0.000000000000000000e+00,3.891831934452056885e-01,5.308395028114318848e-01,9.109712243080139160e-01,1.250815033912658691e+00,1.483218550682067871e+00,1.793550014495849609e+00,2.005710601806640625e+00,1.936542630195617676e+00,1.918457031250000000e+00,1.602600932121276855e+00,1.704434633255004883e+00,1.113592267036437988e+00,9.911973476409912109e-01,8.892185091972351074e-01,5.281442403793334961e-01,7.157503962516784668e-01,9.719900488853454590e-01,1.290141105651855469e+00,1.382000446319580078e+00,1.698237657546997070e+00,1.930998682975769043e+00,2.057949542999267578e+00,1.795744657516479492e+00,1.514057278633117676e+00,1.188295841217041016e+00,1.267182469367980957e+00,1.186673641204833984e+00,8.741906881332397461e-01,4.856686294078826904e-01,2.726783752441406250e-01,3.001964688301086426e-01,6.744339466094970703e-01,8.224646449089050293e-01,1.185896277427673340e+00,1.456139206886291504e+00,1.713715553283691406e+00,2.011021137237548828e+00,2.020547151565551758e+00,1.993874073028564453e+00,1.725438475608825684e+00,1.917781114578247070e+00,4.629516124725341797e+00,4.393307685852050781e+00,4.147688865661621094e+00,3.795254230499267578e+00,3.419454097747802734e+00,3.040400028228759766e+00,3.045130729675292969e+00,2.726080656051635742e+00,2.572987556457519531e+00,2.661579608917236328e+00,2.298969030380249023e+00,2.439876079559326172e+00,2.220661640167236328e+00,2.381846427917480469e+00,2.105109930038452148e+00,4.479455947875976562e+00,4.231633663177490234e+00,4.047298908233642578e+00,3.691332101821899414e+00,3.299945354461669922e+00,2.932120084762573242e+00,2.991674423217773438e+00,2.704038143157958984e+00,2.591936588287353516e+00,2.696416139602661133e+00,2.336418628692626953e+00,2.476355791091918945e+00,2.279030323028564453e+00,2.437744379043579102e+00,2.162332057952880859e+00
1.236752510070800781e+00,9.606190919876098633e-01,6.542472839355468750e-01,3.891831934452056885e-01,0.000000000000000000e+00,3.706007599830627441e-01,6.315182447433471680e-01,9.331750869750976562e-01,1.217692732810974121e+00,1.493329882621765137e+00,1.705531120300292969e+00,1.595344305038452148e+00,1.590703964233398438e+00,1.285039782524108887e+00,1.446088552474975586e+00,1.487296819686889648e+00,1.380024075508117676e+00,1.251506924629211426e+00,8.681285977363586426e-01,9.489052891731262207e-01,1.089995026588439941e+00,1.331738829612731934e+00,1.311408400535583496e+00,1.619729042053222656e+00,1.782717704772949219e+00,1.870031952857971191e+00,1.640832424163818359e+00,1.309180855751037598e+00,1.031072020530700684e+00,1.073460578918457031e+00,1.417425274848937988e+00,1.151005387306213379e+00,7.830908298492431641e-01,3.971119821071624756e-01,1.816333085298538208e-01,4.014455974102020264e-01,6.017279028892517090e-01,8.965026140213012695e-01,1.211403846740722656e+00,1.421485424041748047e+00,1.726189374923706055e+00,1.711249589920043945e+00,1.725598692893981934e+00,1.453336119651794434e+00,1.692958593368530273e+00,4.319119453430175781e+00,4.070025920867919922e+00,3.832557439804077148e+00,3.488080739974975586e+00,3.104350328445434570e+00,2.735082864761352539e+00,2.768923521041870117e+00,2.459522724151611328e+00,2.344955921173095703e+00,2.462642192840576172e+00,2.104561328887939453e+00,2.194272756576538086e+00,1.942915201187133789e+00,2.063474178314208984e+00,1.771339654922485352e+00,4.167755126953125000e+00,3.905675411224365234e+00,3.732488393783569336e+00,3.381286382675170898e+00,2.988085985183715820e+00,2.634386062622070312e+00,2.727441310882568359e+00,2.458300828933715820e+00,2.386309146881103516e+00,2.526752948760986328e+00,2.176683902740478516e+00,2.263020277023315430e+00,2.032230138778686523e+00,2.146678924560546875e+00,1.852694034576416016e+00
1.490153074264526367e+00,1.233779549598693848e+00,8.970003128051757812e-01,5.308395028114318848e-01,3.706007599830627441e-01,0.000000000000000000e+00,4.066721796989440918e-01,7.488742470741271973e-01,9.545263051986694336e-01,1.272874236106872559e+00,1.487602114677429199e+00,1.456814646720886230e+00,1.478498458862304688e+00,1.213081717491149902e+00,1.344799757003784180e+00,1.576606750488281250e+00,1.408131599426269531e+00,1.182056188583374023e+00,7.986664772033691406e-01,7.428764104843139648e-01,7.801627516746520996e-01,9.746444821357727051e-01,9.425342679023742676e-01,1.253049850463867188e+00,1.435118436813354492e+00,1.548655271530151367e+00,1.317086696624755859e+00,1.011456608772277832e+00,7.343722581863403320e-01,8.871641755104064941e-01,1.661383628845214844e+00,1.385543584823608398e+00,1.002444386482238770e+00,6.837981939315795898e-01,2.955281734466552734e-01,4.015193879604339600e-01,3.169131577014923096e-01,6.744869351387023926e-01,9.392256140708923340e-01,1.189831256866455078e+00,1.493233323097229004e+00,1.539094209671020508e+00,1.538651585578918457e+00,1.323247790336608887e+00,1.568003058433532715e+00,4.109831809997558594e+00,3.882779359817504883e+00,3.641511440277099609e+00,3.293602943420410156e+00,2.920581340789794922e+00,2.536116123199462891e+00,2.550401926040649414e+00,2.250418901443481445e+00,2.096711635589599609e+00,2.225541591644287109e+00,1.884765863418579102e+00,2.016075134277343750e+00,1.811174273490905762e+00,1.950914502143859863e+00,1.654029250144958496e+00,3.957027435302734375e+00,3.717439651489257812e+00,3.533083438873291016e+00,3.181615114212036133e+00,2.790447473526000977e+00,2.417263031005859375e+00,2.479680061340332031e+00,2.207787275314331055e+00,2.096417903900146484e+00,2.234632015228271484e+00,1.893914937973022461e+00,2.017903327941894531e+00,1.832134127616882324e+00,1.972693681716918945e+00,1.680488586425781250e+00
1.846635580062866211e+00,1.583784580230712891e+00,1.255097150802612305e+00,9.109712243080139160e-01,6.315182447433471680e-01,4.066721796989440918e-01,0.000000000000000000e+00,3.660208582878112793e-01,6.176703572273254395e-01,8.865051865577697754e-01,1.134862184524536133e+00,1.109077811241149902e+00,1.202884674072265625e+00,1.012881875038146973e+00,1.219907402992248535e+00,1.982249855995178223e+00,1.803110957145690918e+00,1.558393239974975586e+00,1.188827991485595703e+00,1.060411095619201660e+00,9.750013947486877441e-01,1.046405792236328125e+00,8.579564690589904785e-01,1.141538023948669434e+00,1.212076425552368164e+00,1.302705287933349609e+00,1.149890661239624023e+00,8.013266324996948242e-01,6.744269728660583496e-01,8.495438694953918457e-01,2.022681474685668945e+00,1.757831096649169922e+00,1.377358078956604004e+00,1.018491625785827637e+00,6.513727307319641113e-01,5.457296371459960938e-01,2.968776226043701172e-01,3.630213737487792969e-01,6.701363921165466309e-01,8.253618478775024414e-01,1.163053035736083984e+00,1.236592769622802734e+00,1.309959530830383301e+00,1.152106285095214844e+00,1.464214920997619629e+00,3.746704339981079102e+00,3.519156694412231445e+00,3.294031381607055664e+00,2.960400581359863281e+00,2.582705497741699219e+00,2.202470541000366211e+00,2.256127595901489258e+00,1.987489342689514160e+00,1.864841222763061523e+00,2.049661874771118164e+00,1.740060329437255859e+00,1.822041630744934082e+00,1.607082128524780273e+00,1.684701204299926758e+00,1.354629993438720703e+00,3.584289789199829102e+00,3.341598272323608398e+00,3.173899888992309570e+00,2.834851264953613281e+00,2.441781044006347656e+00,2.076212882995605469e+00,2.173671245574951172e+00,1.938729524612426758e+00,1.855153441429138184e+00,2.049813270568847656e+00,1.743560552597045898e+00,1.816199302673339844e+00,1.621434211730957031e+00,1.702153086662292480e+00,1.375223040580749512e+00
2.127836465835571289e+00,1.887607812881469727e+00,1.580671310424804688e+00,1.250815033912658691e+00,9.331750869750976562e-01,7.488742470741271973e-01,3.660208582878112793e-01,0.000000000000000000e+00,3.652061820030212402e-01,5.644797086715698242e-01,7.937129139900207520e-01,7.482355237007141113e-01,8.874873518943786621e-01,7.824079394340515137e-01,1.038213968276977539e+00,2.318310499191284180e+00,2.154136419296264648e+00,1.902410745620727539e+00,1.532065153121948242e+00,1.393098235130310059e+00,1.255344152450561523e+00,1.228873491287231445e+00,9.459311366081237793e-01,1.141622304916381836e+00,1.102157235145568848e+00,1.110473990440368652e+00,1.023255109786987305e+00,6.539325118064880371e-01,6.918339729309082031e-01,8.070096969604492188e-01,2.302672863006591797e+00,2.067150115966796875e+00,1.697598695755004883e+00,1.322844982147216797e+00,9.694094657897949219e-01,7.424114346504211426e-01,5.207594633102416992e-01,1.979880034923553467e-01,4.677702784538269043e-01,5.011146068572998047e-01,8.390495181083679199e-01,9.029177427291870117e-01,1.036512494087219238e+00,9.328816533088684082e-01,1.286554336547851562e+00,3.398959875106811523e+00,3.162707567214965820e+00,2.939451932907104492e+00,2.609961748123168945e+00,2.228156566619873047e+00,1.854037284851074219e+00,1.931371808052062988e+00,1.679854393005371094e+00,1.596817016601562500e+00,1.816070079803466797e+00,1.533677935600280762e+00,1.560199379920959473e+00,1.335902214050292969e+00,1.363798022270202637e+00,1.017554879188537598e+00,3.239979267120361328e+00,2.987707138061523438e+00,2.821412086486816406e+00,2.483244419097900391e+00,2.089210510253906250e+00,1.733488798141479492e+00,1.858385562896728516e+00,1.646004438400268555e+00,1.608201980590820312e+00,1.839645981788635254e+00,1.562527060508728027e+00,1.570469379425048828e+00,1.356357932090759277e+00,1.383412361145019531e+00,1.037442088127136230e+00
2.376542329788208008e+00,2.154373168945312500e+00,1.838497281074523926e+00,1.483218550682067871e+00,1.217692732810974121e+00,9.545263051986694336e-01,6.176703572273254395e-01,3.652061820030212402e-01,0.000000000000000000e+00,3.864085078239440918e-01,5.600342750549316406e-01,6.933442950248718262e-01,8.542270064353942871e-01,8.526681065559387207e-01,1.024950146675109863e+00,2.485960960388183594e+00,2.302042722702026367e+00,2.007805585861206055e+00,1.664562940597534180e+00,1.469938993453979492e+00,1.251371264457702637e+00,1.111252665519714355e+00,7.677978277206420898e-01,8.658110499382019043e-01,7.669449448585510254e-01,7.460523247718811035e-01,7.020846605300903320e-01,3.791579306125640869e-01,6.040753722190856934e-01,7.932364344596862793e-01,2.544524431228637695e+00,2.311961412429809570e+00,1.940078973770141602e+00,1.591809868812561035e+00,1.211688876152038574e+00,9.829736351966857910e-01,6.783287525177001953e-01,3.445627689361572266e-01,2.130692601203918457e-01,2.610293924808502197e-01,5.688465833663940430e-01,7.515442967414855957e-01,8.620690107345581055e-01,8.852874636650085449e-01,1.211304187774658203e+00,3.162427186965942383e+00,2.949892759323120117e+00,2.716753005981445312e+00,2.380584478378295898e+00,2.015822172164916992e+00,1.624762892723083496e+00,1.670665144920349121e+00,1.434529304504394531e+00,1.306503295898437500e+00,1.548136591911315918e+00,1.305679559707641602e+00,1.370469331741333008e+00,1.223448276519775391e+00,1.272602796554565430e+00,9.543858170509338379e-01,3.008272171020507812e+00,2.781496286392211914e+00,2.594611644744873047e+00,2.252569198608398438e+00,1.864076614379882812e+00,1.483521819114685059e+00,1.563699245452880859e+00,1.347158551216125488e+00,1.268967151641845703e+00,1.510378837585449219e+00,1.259424567222595215e+00,1.291859149932861328e+00,1.143025279045104980e+00,1.196749925613403320e+00,8.729074001312255859e-01
2.687657356262207031e+00,2.449820518493652344e+00,2.135569334030151367e+00,1.793550014495849609e+00,1.493329882621765137e+00,1.272874236106872559e+00,8.865051865577697754e-01,5.644797086715698242e-01,3.864085078239440918e-01,0.000000000000000000e+00,3.672390282154083252e-01,5.404677987098693848e-01,8.451419472694396973e-01,9.802806377410888672e-01,1.209104657173156738e+00,2.836317300796508789e+00,2.646297693252563477e+00,2.357244491577148438e+00,2.013364791870117188e+00,1.810242891311645508e+00,1.583059549331665039e+00,1.432058453559875488e+00,1.059782743453979492e+00,1.113465547561645508e+00,8.798899650573730469e-01,8.203215599060058594e-01,9.368579983711242676e-01,7.018979191780090332e-01,9.844229221343994141e-01,1.121845960617065430e+00,2.860629320144653320e+00,2.625422000885009766e+00,2.252289056777954102e+00,1.883970618247985840e+00,1.520531654357910156e+00,1.288924455642700195e+00,1.022589445114135742e+00,6.540913581848144531e-01,5.592509508132934570e-01,1.744884699583053589e-01,4.614982306957244873e-01,6.968896389007568359e-01,9.411577582359313965e-01,1.047615528106689453e+00,1.392393708229064941e+00,2.873383522033691406e+00,2.658620595932006836e+00,2.455345153808593750e+00,2.147683382034301758e+00,1.778069734573364258e+00,1.404785871505737305e+00,1.529262304306030273e+00,1.365845918655395508e+00,1.309290409088134766e+00,1.614600896835327148e+00,1.439934849739074707e+00,1.420536756515502930e+00,1.270042777061462402e+00,1.204308509826660156e+00,8.677008152008056641e-01,2.701792478561401367e+00,2.467879533767700195e+00,2.313256263732910156e+00,1.996401071548461914e+00,1.608071923255920410e+00,1.251884222030639648e+00,1.405462741851806641e+00,1.276835083961486816e+00,1.260209679603576660e+00,1.570897340774536133e+00,1.398234605789184570e+00,1.347027301788330078e+00,1.199335336685180664e+00,1.133808851242065430e+00,7.817252278327941895e-01
2.837892293930053711e+00,2.637788772583007812e+00,2.344210386276245117e+00,2.005710601806640625e+00,1.705531120300292969e+00,1.487602114677429199e+00,1.134862184524536133e+00,7.937129139900207520e-01,5.600342750549316406e-01,3.672390282154083252e-01,0.000000000000000000e+00,3.932633996009826660e-01,6.427569985389709473e-01,8.862984776496887207e-01,1.049997329711914062e+00,3.012290477752685547e+00,2.847725868225097656e+00,2.556228160858154297e+00,2.210409164428710938e+00,2.023649215698242188e+00,1.790336608886718750e+00,1.595664024353027344e+00,1.230430483818054199e+00,1.192873477935791016e+00,9.367782473564147949e-01,7.223861217498779297e-01,8.617262244224548340e-01,7.046900391578674316e-01,1.039786338806152344e+00,1.095470190048217773e+00,3.003479242324829102e+00,2.802288532257080078e+00,2.443131923675537109e+00,2.079997777938842773e+00,1.719081521034240723e+00,1.431548953056335449e+00,1.197075605392456055e+00,8.201172947883605957e-01,6.167116165161132812e-01,3.255370855331420898e-01,1.396592408418655396e-01,4.014983177185058594e-01,6.630444526672363281e-01,8.751340508460998535e-01,1.179079532623291016e+00,2.623847007751464844e+00,2.397370815277099609e+00,2.163598775863647461e+00,1.832652211189270020e+00,1.462078571319580078e+00,1.077305078506469727e+00,1.175381541252136230e+00,1.000689387321472168e+00,9.751892089843750000e-01,1.291686415672302246e+00,1.153096318244934082e+00,1.090530157089233398e+00,9.758112430572509766e-01,8.994099497795104980e-01,6.170945763587951660e-01,2.479250669479370117e+00,2.237516164779663086e+00,2.045848846435546875e+00,1.701859951019287109e+00,1.310327172279357910e+00,9.420945644378662109e-01,1.082827806472778320e+00,9.366359710693359375e-01,9.823768734931945801e-01,1.296898961067199707e+00,1.151327133178710938e+00,1.027861475944519043e+00,8.765524625778198242e-01,7.785640954971313477e-01,4.502814412117004395e-01
2.690417766571044922e+00,2.501914262771606445e+00,2.239283323287963867e+00,1.936542630195617676e+00,1.595344305038452148e+00,1.456814646720886230e+00,1.109077811241149902e+00,7.482355237007141113e-01,6.933442950248718262e-01,5.404677987098693848e-01,3.932633996009826660e-01,0.000000000000000000e+00,3.703080415725708008e-01,6.357308030128479004e-01,8.928112983703613281e-01,2.973061800003051758e+00,2.845828533172607422e+00,2.594390153884887695e+00,2.221916437149047852e+00,2.092668294906616211e+00,1.918864369392395020e+00,1.791044473648071289e+00,1.451732754707336426e+00,1.478731393814086914e+00,1.281862616539001465e+00,1.079594373703002930e+00,1.127546906471252441e+00,8.772047162055969238e-01,1.113799333572387695e+00,1.060467839241027832e+00,2.856496334075927734e+00,2.680934906005859375e+00,2.339997053146362305e+00,1.959950685501098633e+00,1.638900160789489746e+00,1.315288543701171875e+00,1.179866075515747070e+00,8.000952005386352539e-01,7.385393381118774414e-01,5.026012063026428223e-01,4.732747673988342285e-01,3.314404487609863281e-01,6.586285829544067383e-01,7.380414009094238281e-01,1.080262541770935059e+00,2.753489494323730469e+00,2.483767986297607422e+00,2.250457048416137695e+00,1.922155976295471191e+00,1.529233813285827637e+00,1.184766054153442383e+00,1.315969824790954590e+00,1.105328917503356934e+00,1.169476151466369629e+00,1.436026215553283691e+00,1.245229244232177734e+00,1.097956657409667969e+00,8.583977222442626953e-01,7.154805660247802734e-01,3.523256480693817139e-01,2.619504928588867188e+00,2.334320068359375000e+00,2.156959533691406250e+00,1.810017108917236328e+00,1.418995857238769531e+00,1.111874580383300781e+00,1.310861587524414062e+00,1.159698724746704102e+00,1.283891558647155762e+00,1.562120437622070312e+00,1.376648545265197754e+00,1.197807192802429199e+00,9.301943182945251465e-01,7.724716067314147949e-01,4.081444144248962402e-01
2.568064451217651367e+00,2.427155971527099609e+00,2.199668407440185547e+00,1.918457031250000000e+00,1.590703964233398438e+00,1.478498458862304688e+00,1.202884674072265625e+00,8.874873518943786621e-01,8.542270064353942871e-01,8.451419472694396973e-01,6.427569985389709473e-01,3.703080415725708008e-01,0.000000000000000000e+00,3.799444735050201416e-01,5.717841386795043945e-01,2.894116640090942383e+00,2.808121919631958008e+00,2.575413703918457031e+00,2.200298070907592773e+00,2.116397619247436523e+00,1.973927974700927734e+00,1.855256557464599609e+00,1.558726549148559570e+00,1.570541024208068848e+00,1.439025044441223145e+00,1.190658092498779297e+00,1.144667983055114746e+00,9.064273834228515625e-01,1.072804808616638184e+00,8.986057639122009277e-01,2.722995758056640625e+00,2.590592622756958008e+00,2.276832103729248047e+00,1.914803266525268555e+00,1.619251370429992676e+00,1.253565788269042969e+00,1.191158652305603027e+00,8.698328137397766113e-01,8.064666390419006348e-01,7.461386322975158691e-01,6.467084288597106934e-01,3.010484874248504639e-01,4.523382484912872314e-01,4.382693469524383545e-01,7.503165006637573242e-01,2.873995542526245117e+00,2.587671995162963867e+00,2.317764520645141602e+00,1.962089538574218750e+00,1.578961610794067383e+00,1.249962925910949707e+00,1.302155852317810059e+00,1.011780142784118652e+00,1.089045286178588867e+00,1.272378921508789062e+00,1.031417965888977051e+00,8.538309931755065918e-01,5.429498553276062012e-01,4.878180623054504395e-01,2.025709450244903564e-01,2.774620771408081055e+00,2.480483293533325195e+00,2.266238212585449219e+00,1.892766714096069336e+00,1.517579436302185059e+00,1.227316498756408691e+00,1.370235562324523926e+00,1.147828698158264160e+00,1.299801349639892578e+00,1.504782557487487793e+00,1.275723695755004883e+00,1.072240710258483887e+00,7.306864261627197266e-01,6.321163177490234375e-01,3.798011541366577148e-01
2.195634126663208008e+00,2.070344448089599609e+00,1.862223625183105469e+00,1.602600932121276855e+00,1.285039782524108887e+00,1.213081717491149902e+00,1.012881875038146973e+00,7.824079394340515137e-01,8.526681065559387207e-01,9.802806377410888672e-01,8.862984776496887207e-01,6.357308030128479004e-01,3.799444735050201416e-01,0.000000000000000000e+00,3.702693283557891846e-01,2.550755262374877930e+00,2.489931821823120117e+00,2.284075260162353516e+00,1.903541564941406250e+00,1.867539525032043457e+00,1.778781056404113770e+00,1.719387888908386230e+00,1.478896737098693848e+00,1.549618244171142578e+00,1.510921597480773926e+00,1.318358421325683594e+00,1.168244957923889160e+00,8.704094290733337402e-01,8.927909135818481445e-01,6.414941549301147461e-01,2.347968816757202148e+00,2.228338003158569336e+00,1.928613781929016113e+00,1.577353835105895996e+00,1.308915376663208008e+00,9.283767938613891602e-01,9.492978453636169434e-01,7.212343215942382812e-01,7.670090198516845703e-01,8.554170727729797363e-01,8.810159564018249512e-01,6.152244806289672852e-01,6.133030652999877930e-01,3.191046714782714844e-01,6.533852219581604004e-01,3.251434564590454102e+00,2.965968370437622070e+00,2.690912008285522461e+00,2.329127311706542969e+00,1.951137542724609375e+00,1.618850827217102051e+00,1.635626554489135742e+00,1.307411909103393555e+00,1.320653319358825684e+00,1.439124941825866699e+00,1.117881059646606445e+00,1.028030514717102051e+00,7.014973759651184082e-01,7.929092049598693848e-01,5.787574052810668945e-01,3.152482271194458008e+00,2.860313892364501953e+00,2.643805265426635742e+00,2.266803979873657227e+00,1.892767548561096191e+00,1.589434981346130371e+00,1.698449015617370605e+00,1.430326342582702637e+00,1.522017836570739746e+00,1.676976442337036133e+00,1.377812266349792480e+00,1.256835818290710449e+00,9.151116609573364258e-01,9.449151158332824707e-01,7.264681458473205566e-01
2.220715284347534180e+00,2.146612405776977539e+00,1.960045337677001953e+00,1.704434633255004883e+00,1.446088552474975586e+00,1.344799757003784180e+00,1.219907402992248535e+00,1.038213968276977539e+00,1.024950146675109863e+00,1.209104657173156738e+00,1.049997329711914062e+00,8.928112983703613281e-01,5.717841386795043945e-01,3.702693283557891846e-01,0.000000000000000000e+00,2.538196325302124023e+00,2.499871015548706055e+00,2.288882732391357422e+00,1.931163072586059570e+00,1.907703280448913574e+00,1.815953254699707031e+00,1.724851369857788086e+00,1.526206016540527344e+00,1.541359424591064453e+00,1.548460483551025391e+00,1.317054033279418945e+00,1.105622529983520508e+00,8.962520360946655273e-01,8.842598795890808105e-01,5.521913170814514160e-01,2.356283187866210938e+00,2.271197080612182617e+00,1.995555877685546875e+00,1.689028143882751465e+00,1.428458452224731445e+00,1.051641702651977539e+00,1.073706269264221191e+00,9.191830158233642578e-01,8.723199367523193359e-01,1.056617856025695801e+00,9.960981011390686035e-01,7.305465936660766602e-01,5.310814976692199707e-01,1.757884472608566284e-01,2.966779172420501709e-01,3.295952320098876953e+00,3.019457101821899414e+00,2.713590145111083984e+00,2.330765962600708008e+00,1.979627847671508789e+00,1.651295185089111328e+00,1.583011984825134277e+00,1.211713433265686035e+00,1.184071540832519531e+00,1.211390376091003418e+00,8.535159826278686523e-01,8.186025619506835938e-01,5.490472316741943359e-01,8.126022219657897949e-01,7.440657019615173340e-01,3.224061250686645508e+00,2.946931362152099609e+00,2.692523241043090820e+00,2.298450469970703125e+00,1.944479942321777344e+00,1.639227986335754395e+00,1.672858357429504395e+00,1.351513028144836426e+00,1.427729010581970215e+00,1.501898407936096191e+00,1.175992250442504883e+00,1.076532840728759766e+00,7.465019226074218750e-01,9.024957418441772461e-01,8.144965767860412598e-01
8.485909700393676758e-01,8.660317063331604004e-01,9.304541945457458496e-01,1.113592267036437988e+00,1.487296819686889648e+00,1.576606750488281250e+00,1.982249855995178223e+00,2.318310499191284180e+00,2.485960960388183594e+00,2.836317300796508789e+00,3.012290477752685547e+00,2.973061800003051758e+00,2.894116640090942383e+00,2.550755262374877930e+00,2.538196325302124023e+00,0.000000000000000000e+00,3.801519572734832764e-01,7.145168185234069824e-01,8.686994910240173340e-01,1.205312132835388184e+00,1.559643030166625977e+00,1.897233843803405762e+00,2.165220737457275391e+00,2.426288843154907227e+00,2.760590791702270508e+00,2.908256292343139648e+00,2.587373495101928711e+00,2.407695293426513672e+00,2.037681341171264648e+00,2.090897798538208008e+00,8.494605422019958496e-01,6.755219101905822754e-01,7.884688973426818848e-01,1.157469987869262695e+00,1.377474069595336914e+00,1.676752209663391113e+00,1.824959516525268555e+00,2.214713573455810547e+00,2.412898540496826172e+00,2.735869407653808594e+00,2.989053249359130859e+00,2.993526697158813477e+00,2.880694150924682617e+00,2.601839780807495117e+00,2.672862529754638672e+00,5.610453128814697266e+00,5.386843681335449219e+00,5.113777160644531250e+00,4.740793228149414062e+00,4.384319305419921875e+00,4.000706672668457031e+00,3.938339233398437500e+00,3.591595172882080078e+00,3.387259006500244141e+00,3.385865449905395508e+00,3.021135330200195312e+00,3.237768411636352539e+00,3.073466777801513672e+00,3.312919616699218750e+00,3.092013597488403320e+00,5.478183269500732422e+00,5.247340202331542969e+00,5.030986309051513672e+00,4.658753871917724609e+00,4.277719497680664062e+00,3.898054122924804688e+00,3.892269611358642578e+00,3.562688112258911133e+00,3.401812314987182617e+00,3.409743547439575195e+00,3.038100719451904297e+00,3.255552291870117188e+00,3.108168125152587891e+00,3.345684289932250977e+00,3.130094051361083984e+00
1.090933203697204590e+00,9.803578257560729980e-01,9.032301902770996094e-01,9.911973476409912109e-01,1.380024075508117676e+00,1.408131599426269531e+00,1.803110957145690918e+00,2.154136419296264648e+00,2.302042722702026367e+00,2.646297693252563477e+00,2.847725868225097656e+00,2.845828533172607422e+00,2.808121919631958008e+00,2.489931821823120117e+00,2.499871015548706055e+00,3.801519572734832764e-01,0.000000000000000000e+00,3.878698348999023438e-01,6.383396983146667480e-01,9.155490398406982422e-01,1.269270539283752441e+00,1.623950004577636719e+00,1.908808469772338867e+00,2.182208538055419922e+00,2.517968893051147461e+00,2.704391717910766602e+00,2.406333923339843750e+00,2.238946199417114258e+00,1.888768076896667480e+00,2.008723974227905273e+00,1.141350865364074707e+00,8.682581782341003418e-01,8.191595673561096191e-01,1.117354035377502441e+00,1.260944366455078125e+00,1.593831896781921387e+00,1.669686317443847656e+00,2.059101581573486328e+00,2.246552228927612305e+00,2.557011842727661133e+00,2.827407121658325195e+00,2.876533985137939453e+00,2.784363269805908203e+00,2.538917779922485352e+00,2.644159555435180664e+00,5.440736293792724609e+00,5.234047412872314453e+00,4.973322391510009766e+00,4.608575820922851562e+00,4.254178047180175781e+00,3.862415075302124023e+00,3.810724258422851562e+00,3.482864618301391602e+00,3.262447834014892578e+00,3.291362285614013672e+00,2.941369533538818359e+00,3.170406579971313477e+00,3.018927574157714844e+00,3.244410991668701172e+00,2.999186992645263672e+00,5.295546054840087891e+00,5.080047130584716797e+00,4.873610973358154297e+00,4.512021064758300781e+00,4.130150794982910156e+00,3.742037534713745117e+00,3.735289096832275391e+00,3.421517848968505859e+00,3.237118959426879883e+00,3.264734506607055664e+00,2.908100366592407227e+00,3.142935514450073242e+00,3.018252611160278320e+00,3.249310731887817383e+00,3.014227867126464844e+00
1.306529641151428223e+00,1.151450157165527344e+00,9.576329588890075684e-01,8.892185091972351074e-01,1.251506924629211426e+00,1.182056188583374023e+00,1.558393239974975586e+00,1.902410745620727539e+00,2.007805585861206055e+00,2.357244491577148438e+00,2.556228160858154297e+00,2.594390153884887695e+00,2.575413703918457031e+00,2.284075260162353516e+00,2.288882732391357422e+00,7.145168185234069824e-01,3.878698348999023438e-01,0.000000000000000000e+00,3.954538702964782715e-01,5.688014626502990723e-01,9.005963802337646484e-01,1.245568394660949707e+00,1.548466205596923828e+00,1.812673211097717285e+00,2.157121419906616211e+00,2.358735084533691406e+00,2.069236278533935547e+00,1.928528666496276855e+00,1.595456719398498535e+00,1.765849828720092773e+00,1.389785528182983398e+00,1.098011970520019531e+00,9.158118963241577148e-01,1.091174721717834473e+00,1.107785820960998535e+00,1.420790076255798340e+00,1.417686223983764648e+00,1.798936128616333008e+00,1.951327323913574219e+00,2.266903638839721680e+00,2.529659271240234375e+00,2.611409902572631836e+00,2.518539190292358398e+00,2.309266567230224609e+00,2.424739599227905273e+00,5.120984077453613281e+00,4.928934574127197266e+00,4.670233249664306641e+00,4.308155536651611328e+00,3.962077617645263672e+00,3.565691471099853516e+00,3.508010625839233398e+00,3.192852497100830078e+00,2.954576969146728516e+00,2.996382713317871094e+00,2.662728071212768555e+00,2.909229755401611328e+00,2.782727241516113281e+00,3.009263515472412109e+00,2.759831190109252930e+00,4.974164962768554688e+00,4.773272514343261719e+00,4.564142227172851562e+00,4.207034587860107422e+00,3.829465389251708984e+00,3.435217142105102539e+00,3.414165258407592773e+00,3.106596469879150391e+00,2.902135610580444336e+00,2.932918787002563477e+00,2.588917016983032227e+00,2.841258287429809570e+00,2.743807315826416016e+00,2.980835437774658203e+00,2.746501445770263672e+00
1.177425622940063477e+00,9.757294058799743652e-01,7.032052278518676758e-01,5.281442403793334961e-01,8.681285977363586426e-01,7.986664772033691406e-01,1.188827991485595703e+00,1.532065153121948242e+00,1.664562940597534180e+00,2.013364791870117188e+00,2.210409164428710938e+00,2.221916437149047852e+00,2.200298070907592773e+00,1.903541564941406250e+00,1.931163072586059570e+00,8.686994910240173340e-01,6.383396983146667480e-01,3.954538702964782715e-01,0.000000000000000000e+00,3.722890019416809082e-01,7.245986461639404297e-01,1.077734708786010742e+00,1.310676574707031250e+00,1.598288655281066895e+00,1.912514209747314453e+00,2.084838628768920898e+00,1.795283913612365723e+00,1.607222557067871094e+00,1.265009164810180664e+00,1.417989850044250488e+00,1.301532030105590820e+00,9.945441484451293945e-01,6.998398303985595703e-01,7.554402947425842285e-01,7.162203788757324219e-01,1.027012348175048828e+00,1.042348980903625488e+00,1.429679632186889648e+00,1.609761714935302734e+00,1.920504689216613770e+00,2.190346479415893555e+00,2.251439809799194336e+00,2.173599243164062500e+00,1.949233770370483398e+00,2.089438915252685547e+00,4.803941249847412109e+00,4.596997737884521484e+00,4.339578628540039062e+00,3.978231191635131836e+00,3.622615575790405273e+00,3.229700326919555664e+00,3.188433885574340820e+00,2.869606018066406250e+00,2.655695199966430664e+00,2.713801860809326172e+00,2.367994308471679688e+00,2.584483861923217773e+00,2.432121515274047852e+00,2.642946004867553711e+00,2.386294603347778320e+00,4.658178329467773438e+00,4.441742420196533203e+00,4.236735343933105469e+00,3.877335071563720703e+00,3.494636535644531250e+00,3.106329679489135742e+00,3.108039379119873047e+00,2.803025484085083008e+00,2.627729415893554688e+00,2.683492183685302734e+00,2.329401969909667969e+00,2.546642065048217773e+00,2.417859077453613281e+00,2.634759902954101562e+00,2.389050722122192383e+00
1.537763953208923340e+00,1.309184193611145020e+00,9.918183088302612305e-01,7.157503962516784668e-01,9.489052891731262207e-01,7.428764104843139648e-01,1.060411095619201660e+00,1.393098235130310059e+00,1.469938993453979492e+00,1.810242891311645508e+00,2.023649215698242188e+00,2.092668294906616211e+00,2.116397619247436523e+00,1.867539525032043457e+00,1.907703280448913574e+00,1.205312132835388184e+00,9.155490398406982422e-01,5.688014626502990723e-01,3.722890019416809082e-01,0.000000000000000000e+00,3.679406344890594482e-01,7.465510368347167969e-01,1.000970005989074707e+00,1.297195434570312500e+00,1.614673614501953125e+00,1.830448508262634277e+00,1.572387099266052246e+00,1.417247295379638672e+00,1.123345851898193359e+00,1.367140650749206543e+00,1.668998479843139648e+00,1.354610562324523926e+00,1.031312346458435059e+00,9.835087656974792480e-01,8.020755052566528320e-01,1.066776633262634277e+00,9.438260793685913086e-01,1.296518921852111816e+00,1.432525396347045898e+00,1.727795839309692383e+00,2.002105951309204102e+00,2.120431423187255859e+00,2.060731410980224609e+00,1.894015789031982422e+00,2.061102628707885742e+00,4.578120231628417969e+00,4.392150402069091797e+00,4.145433902740478516e+00,3.793253421783447266e+00,3.446496486663818359e+00,3.047955036163330078e+00,3.011299133300781250e+00,2.718129158020019531e+00,2.484119415283203125e+00,2.572890996932983398e+00,2.255551099777221680e+00,2.486860275268554688e+00,2.363161563873291016e+00,2.559468746185302734e+00,2.287879943847656250e+00,4.422896385192871094e+00,4.226486206054687500e+00,4.027466773986816406e+00,3.679941177368164062e+00,3.301605224609375000e+00,2.906094551086425781e+00,2.898263692855834961e+00,2.612227201461791992e+00,2.408204078674316406e+00,2.481974840164184570e+00,2.153305053710937500e+00,2.390378475189208984e+00,2.298574447631835938e+00,2.509760141372680664e+00,2.254234790802001953e+00
1.864441990852355957e+00,1.635614395141601562e+00,1.301384210586547852e+00,9.719900488853454590e-01,1.089995026588439941e+00,7.801627516746520996e-01,9.750013947486877441e-01,1.255344152450561523e+00,1.251371264457702637e+00,1.583059549331665039e+00,1.790336608886718750e+00,1.918864369392395020e+00,1.973927974700927734e+00,1.778781056404113770e+00,1.815953254699707031e+00,1.559643030166625977e+00,1.269270539283752441e+00,9.005963802337646484e-01,7.245986461639404297e-01,3.679406344890594482e-01,0.000000000000000000e+00,3.914097845554351807e-01,6.631237268447875977e-01,9.519137740135192871e-01,1.274506211280822754e+00,1.519381642341613770e+00,1.290102243423461914e+00,1.182505965232849121e+00,9.553194642066955566e-01,1.272759437561035156e+00,2.001445055007934570e+00,1.698176980018615723e+00,1.356527805328369141e+00,1.234735131263732910e+00,9.548777341842651367e-01,1.120433807373046875e+00,8.750718832015991211e-01,1.156380176544189453e+00,1.220267891883850098e+00,1.504112601280212402e+00,1.761533498764038086e+00,1.929575681686401367e+00,1.877395749092102051e+00,1.773731708526611328e+00,1.953281879425048828e+00,4.283327102661132812e+00,4.115737915039062500e+00,3.874108314514160156e+00,3.528424501419067383e+00,3.194116592407226562e+00,2.793390750885009766e+00,2.752998352050781250e+00,2.483505487442016602e+00,2.230955362319946289e+00,2.343024492263793945e+00,2.057777404785156250e+00,2.302062273025512695e+00,2.213553667068481445e+00,2.400565862655639648e+00,2.128434419631958008e+00,4.125428199768066406e+00,3.947392463684082031e+00,3.747555732727050781e+00,3.408624172210693359e+00,3.038104534149169922e+00,2.638247013092041016e+00,2.614269971847534180e+00,2.343339920043945312e+00,2.114480257034301758e+00,2.200105905532836914e+00,1.898202538490295410e+00,2.150873422622680664e+00,2.098332405090332031e+00,2.307326316833496094e+00,2.055596351623535156e+00
