,A1,A2,A3,A4,A5,A6,A7,A8,A9,A10,A11,A12,A13,A14,A15,B1,B2,B3,B4,B5,B6,B7,B8,B9,B10,B11,B12,B13,B14,B15,C1,C2,C3,C4,C5,C6,C7,C8,C9,C10,C11,C12,C13,C14,C15,D1,D2,D3,D4,D5,D6,D7,D8,D9,D10,D11,D12,D13,D14,D15,E1,E2,E3,E4,E5,E6,E7,E8,E9,E10,E11,E12,E13,E14,E15
A1,0.0,0.3987162411212921,0.6039456725120544,0.8568098545074463,1.0311311483383179,1.2230714559555054,1.5270735025405884,1.9325438737869263,2.003594160079956,2.370600700378418,2.5048563480377197,2.2031702995300293,2.375286340713501,2.2152178287506104,2.145923137664795,1.4194778203964233,1.0587133169174194,1.1824241876602173,0.8500128388404846,0.9056006669998169,1.0407589673995972,1.3390614986419678,1.6240051984786987,1.8841770887374878,2.1576499938964844,2.1818017959594727,1.8352543115615845,1.9903751611709595,1.7059403657913208,1.875261902809143,3.400388717651367,3.3511593341827393,3.00030779838562,3.110236167907715,3.1539182662963867,2.7818355560302734,2.815607786178589,2.9015114307403564,2.6931939125061035,2.6580088138580322,2.351027011871338,2.2168686389923096,1.895093321800232,1.686902642250061,1.6538527011871338,4.915200233459473,4.632638454437256,4.3065409660339355,4.154709815979004,3.9860756397247314,3.70682692527771,3.570431709289551,3.284850835800171,2.9550883769989014,2.668175458908081,2.4675912857055664,2.809816360473633,2.782860517501831,3.084040641784668,3.2714576721191406,4.6971235275268555,4.6246747970581055,4.41940450668335,4.124631881713867,3.9421987533569336,3.7898995876312256,3.434605121612549,3.2339203357696533,2.9367878437042236,2.6551029682159424,2.509495258331299,2.8634450435638428,2.8874001502990723,3.255845546722412,3.3691978454589844
A2,0.3987162411212921,0.0,0.3704884350299835,0.4811461567878723,0.7173134088516235,0.9478805065155029,1.2018921375274658,1.6160496473312378,1.7413071393966675,2.1062729358673096,2.265289068222046,1.992887020111084,2.1896865367889404,2.037155866622925,2.0307228565216064,1.691554307937622,1.3050386905670166,1.3427343368530273,0.9799880385398865,0.9076403379440308,0.8762766718864441,1.1781182289123535,1.3843886852264404,1.6731261014938354,1.9133228063583374,1.9229074716567993,1.5998642444610596,1.7659915685653687,1.5021758079528809,1.7333154678344727,3.386444568634033,3.3153319358825684,2.956439256668091,3.0458924770355225,3.046823740005493,2.6709208488464355,2.696587324142456,2.732125997543335,2.495149612426758,2.4222607612609863,2.08413028717041,1.9797935485839844,1.6395792961120605,1.4946234226226807,1.4603872299194336,4.618191242218018,4.33685302734375,4.00144624710083,3.8585658073425293,3.7126047611236572,3.416632890701294,3.279867172241211,3.0176613330841064,2.667898178100586,2.405665159225464,2.1985294818878174,2.5381290912628174,2.5044355392456055,2.7831621170043945,2.9947407245635986,4.377905368804932,4.305653095245361,4.101644515991211,3.7933108806610107,3.6185431480407715,3.4892654418945312,3.1345391273498535,2.960125684738159,2.641525983810425,2.3820388317108154,2.213749647140503,2.5727758407592773,2.5774471759796143,2.935715913772583,3.0704028606414795
A3,0.6039456725120544,0.3704884350299835,0.0,0.384056031703949,0.5833460688591003,0.6667282581329346,0.9882803559303284,1.3847486972808838,1.4662842750549316,1.8171759843826294,1.9388580322265625,1.6471668481826782,1.8272398710250854,1.6730422973632812,1.6614471673965454,1.5500695705413818,1.1576942205429077,1.1223499774932861,0.7837833762168884,0.7039464116096497,0.631436288356781,0.9761825203895569,1.1761420965194702,1.4124404191970825,1.6259238719940186,1.6056184768676758,1.2610307931900024,1.4127663373947144,1.1465487480163574,1.37386155128479,3.029686212539673,2.9558026790618896,2.5953004360198975,2.687774181365967,2.682201862335205,2.3060975074768066,2.345061779022217,2.3879997730255127,2.1469826698303223,2.099141836166382,1.7732067108154297,1.6376988887786865,1.3017643690109253,1.130300760269165,1.109306812286377,4.363750457763672,4.068175792694092,3.7414069175720215,3.5768883228302,3.4192633628845215,3.1401164531707764,2.9869399070739746,2.708221197128296,2.375196695327759,2.1002233028411865,1.926244854927063,2.283003330230713,2.293820381164551,2.5918943881988525,2.809417247772217,4.16222620010376,4.067684173583984,3.8465278148651123,3.546865224838257,3.3511157035827637,3.1985037326812744,2.8387303352355957,2.650028944015503,2.351179838180542,2.0815136432647705,1.9550340175628662,2.324082612991333,2.3735525608062744,2.7414820194244385,2.8870043754577637
A4,0.8568098545074463,0.4811461567878723,0.384056031703949,0.0,0.3772287368774414,0.574562132358551,0.7578872442245483,1.1690866947174072,1.3407514095306396,1.691567063331604,1.867304801940918,1.6318598985671997,1.8549580574035645,1.7282915115356445,1.7924491167068481,1.9275281429290771,1.5354890823364258,1.4685767889022827,1.1225506067276,0.9367584586143494,0.701871931552887,0.9730530977249146,1.054708480834961,1.3430956602096558,1.5255849361419678,1.5124812126159668,1.2252683639526367,1.4074406623840332,1.1961973905563354,1.4945610761642456,3.222350835800171,3.121753692626953,2.7614636421203613,2.8216371536254883,2.775716781616211,2.403398275375366,2.4172327518463135,2.397632122039795,2.1351699829101562,2.025815725326538,1.6630483865737915,1.5924540758132935,1.2478199005126953,1.185705304145813,1.1798436641693115,4.169427394866943,3.885113477706909,3.545070171356201,3.404357433319092,3.275371789932251,2.969811201095581,2.830047130584717,2.5868146419525146,2.223923921585083,1.985082983970642,1.7823535203933716,2.121394157409668,2.0996007919311523,2.362074375152588,2.600078582763672,3.925130605697632,3.844600200653076,3.6364762783050537,3.3209142684936523,3.147841691970825,3.031738042831421,2.678881883621216,2.5241167545318604,2.191237211227417,1.9522366523742676,1.7734925746917725,2.1385116577148438,2.1421959400177,2.4936585426330566,2.6539459228515625
A5,1.0311311483383179,0.7173134088516235,0.5833460688591003,0.3772287368774414,0.0,0.3851360082626343,0.5262452960014343,0.930902361869812,1.071998119354248,1.4466253519058228,1.6716134548187256,1.4655429124832153,1.7468531131744385,1.699362874031067,1.760907769203186,1.9678432941436768,1.5879004001617432,1.4464200735092163,1.1006578207015991,0.799846887588501,0.4665006995201111,0.6386266350746155,0.701754629611969,1.0235828161239624,1.256209135055542,1.3271490335464478,1.0813571214675903,1.3502542972564697,1.2254897356033325,1.537724256515503,3.147521734237671,3.0048863887786865,2.654777765274048,2.6667017936706543,2.627220869064331,2.2617266178131104,2.2208423614501953,2.185666084289551,1.957362174987793,1.8141716718673706,1.4725204706192017,1.4613476991653442,1.1772297620773315,1.13302743434906,1.2463635206222534,3.9207112789154053,3.6528677940368652,3.316917896270752,3.1957345008850098,3.048307180404663,2.7408738136291504,2.6360673904418945,2.386495590209961,2.024003744125366,1.7690523862838745,1.5166962146759033,1.8383867740631104,1.78817880153656,2.067603349685669,2.2793521881103516,3.6744778156280518,3.614194631576538,3.4267914295196533,3.1322925090789795,2.983224868774414,2.858750343322754,2.5244340896606445,2.340320587158203,2.005565643310547,1.7434600591659546,1.5285310745239258,1.8726741075515747,1.8658901453018188,2.228571891784668,2.3553318977355957
A6,1.2230714559555054,0.9478805065155029,0.6667282581329346,0.574562132358551,0.3851360082626343,0.0,0.39027702808380127,0.7395640015602112,0.8031668066978455,1.1605076789855957,1.330155372619629,1.0946308374404907,1.3630191087722778,1.3214871883392334,1.3903818130493164,1.890094518661499,1.5296047925949097,1.3295531272888184,1.053337812423706,0.7797753214836121,0.40721553564071655,0.5844252109527588,0.5930601954460144,0.7988287806510925,0.9729269742965698,0.9880803227424622,0.7046092748641968,0.9739906191825867,0.8773713111877441,1.1919246912002563,2.7883265018463135,2.6440179347991943,2.292837142944336,2.3085575103759766,2.255270481109619,1.8888740539550781,1.8668911457061768,1.8357458114624023,1.5934884548187256,1.4819042682647705,1.1473997831344604,1.0917813777923584,0.8119274377822876,0.7565789818763733,0.918772280216217,3.7014565467834473,3.4117252826690674,3.086045265197754,2.9323837757110596,2.770951509475708,2.485358715057373,2.3526153564453125,2.0789382457733154,1.7363042831420898,1.4609313011169434,1.2618274688720703,1.616744875907898,1.6407051086425781,1.9454654455184937,2.1687886714935303,3.507093906402588,3.4139156341552734,3.20021653175354,2.9141879081726074,2.7329862117767334,2.577075719833374,2.231968879699707,2.029569387435913,1.7196705341339111,1.4412446022033691,1.2928049564361572,1.658460021018982,1.7229042053222656,2.0965750217437744,2.2435784339904785
A7,1.5270735025405884,1.2018921375274658,0.9882803559303284,0.7578872442245483,0.5262452960014343,0.39027702808380127,0.0,0.4152556359767914,0.6359787583351135,0.9759548306465149,1.2286479473114014,1.099015474319458,1.4150292873382568,1.4299614429473877,1.5767372846603394,2.276036024093628,1.9176193475723267,1.7071813344955444,1.4314955472946167,1.1223315000534058,0.7220554351806641,0.7355279922485352,0.5096806883811951,0.7422118782997131,0.8360785841941833,0.8798937201499939,0.7437191605567932,1.0392190217971802,1.0501164197921753,1.3989918231964111,2.971679210662842,2.7963473796844482,2.457578420639038,2.430262327194214,2.3329126834869385,1.9868930578231812,1.928041934967041,1.817123293876648,1.5639017820358276,1.3673317432403564,1.0005604028701782,1.063732624053955,0.831802248954773,0.9384987950325012,1.1155279874801636,3.418546199798584,3.1423239707946777,2.803565263748169,2.6785616874694824,2.545637607574463,2.230921506881714,2.121093273162842,1.890309453010559,1.514630675315857,1.2881269454956055,1.0441162586212158,1.3693689107894897,1.3561466932296753,1.6227195262908936,1.8718417882919312,3.182997941970825,3.104950189590454,2.9071593284606934,2.6092984676361084,2.4570932388305664,2.3386173248291016,2.0083234310150146,1.8400301933288574,1.4911545515060425,1.2511553764343262,1.0242174863815308,1.381885051727295,1.395133376121521,1.7561249732971191,1.9201898574829102
A8,1.9325438737869263,1.6160496473312378,1.3847486972808838,1.1690866947174072,0.930902361869812,0.7395640015602112,0.4152556359767914,0.0,0.3784795105457306,0.6238400340080261,0.9358595609664917,0.928004264831543,1.2752830982208252,1.3808141946792603,1.5780115127563477,2.5563011169433594,2.22213077545166,1.9687200784683228,1.740647315979004,1.425902009010315,1.03799307346344,0.9445620179176331,0.5872383117675781,0.6421706080436707,0.5594017505645752,0.6292025446891785,0.6967391967773438,0.9947816133499146,1.1482797861099243,1.4783844947814941,2.8967092037200928,2.6849732398986816,2.369138479232788,2.292323589324951,2.1548800468444824,1.8418008089065552,1.7445563077926636,1.5617585182189941,1.3153313398361206,1.050402283668518,0.6928892135620117,0.8859202861785889,0.7942582964897156,1.0125142335891724,1.2454217672348022,3.0035133361816406,2.7279105186462402,2.3892130851745605,2.27056884765625,2.1414263248443604,1.8197193145751953,1.7250691652297974,1.5116318464279175,1.1266850233078003,0.9294635653495789,0.6661508679389954,0.9749292135238647,0.9902405738830566,1.24846613407135,1.5177713632583618,2.777679204940796,2.693519353866577,2.4967100620269775,2.207721710205078,2.0654799938201904,1.9481816291809082,1.6351702213287354,1.4677045345306396,1.1075389385223389,0.8843791484832764,0.6146168112754822,0.9719658493995667,1.0053976774215698,1.3681066036224365,1.55001699924469
A9,2.003594160079956,1.7413071393966675,1.4662842750549316,1.3407514095306396,1.071998119354248,0.8031668066978455,0.6359787583351135,0.3784795105457306,0.0,0.38585972785949707,0.6845086812973022,0.6601526737213135,1.0423707962036133,1.2243624925613403,1.373848557472229,2.412118434906006,2.1133029460906982,1.8165192604064941,1.6465128660202026,1.3435235023498535,1.007080316543579,0.8573861718177795,0.5403262376785278,0.3607746362686157,0.20160628855228424,0.428828626871109,0.5406139492988586,0.8822812438011169,1.09748113155365,1.3701328039169312,2.593310832977295,2.3594396114349365,2.054204225540161,1.9510153532028198,1.8342652320861816,1.5254077911376953,1.3939270973205566,1.2317805290222168,1.0287272930145264,0.7877070307731628,0.5116559267044067,0.7029344439506531,0.7392463088035583,0.8922715187072754,1.2116572856903076,2.9220919609069824,2.639315128326416,2.324827194213867,2.182499647140503,1.9990352392196655,1.717058539390564,1.6263240575790405,1.3507853746414185,1.0171369314193726,0.7283375263214111,0.46442022919654846,0.8231802582740784,0.9174220561981201,1.249792456626892,1.4656612873077393,2.7634918689727783,2.6667139530181885,2.4631147384643555,2.2168710231781006,2.0578625202178955,1.8795381784439087,1.5754687786102295,1.3287005424499512,1.029509425163269,0.7197275757789612,0.5489541888237,0.8863770961761475,1.029232382774353,1.4087679386138916,1.5450602769851685
A10,2.370600700378418,2.1062729358673096,1.8171759843826294,1.691567063331604,1.4466253519058228,1.1605076789855957,0.9759548306465149,0.6238400340080261,0.38585972785949707,0.0,0.40290477871894836,0.5945924520492554,0.9386190176010132,1.202324390411377,1.3955384492874146,2.683910369873047,2.4096624851226807,2.0969111919403076,1.9714797735214233,1.6938188076019287,1.3779743909835815,1.2250280380249023,0.9115170836448669,0.6573987007141113,0.26309987902641296,0.35526546835899353,0.6967362761497498,0.9252406358718872,1.2373071908950806,1.4625107049942017,2.491513967514038,2.232858896255493,1.9584159851074219,1.8153194189071655,1.64625084400177,1.3873546123504639,1.2349421977996826,0.9830461144447327,0.782489538192749,0.4566941559314728,0.2837495803833008,0.6238921880722046,0.8337571620941162,1.0536659955978394,1.3630309104919434,2.574476480484009,2.276876926422119,1.9709374904632568,1.8092436790466309,1.6194422245025635,1.3493096828460693,1.2491319179534912,0.9665929675102234,0.6472190618515015,0.3513648509979248,0.1776374727487564,0.544372022151947,0.7819857597351074,1.0845376253128052,1.3086354732513428,2.4596617221832275,2.334393262863159,2.1134214401245117,1.8837573528289795,1.7110878229141235,1.5096949338912964,1.2190837860107422,0.9514417052268982,0.676371693611145,0.3498363792896271,0.3080461919307709,0.6017431616783142,0.8606999516487122,1.20375394821167,1.3638088703155518
A11,2.5048563480377197,2.265289068222046,1.9388580322265625,1.867304801940918,1.6716134548187256,1.330155372619629,1.2286479473114014,0.9358595609664917,0.6845086812973022,0.40290477871894836,0.0,0.3773215413093567,0.6032248139381409,0.923628032207489,1.1265664100646973,2.6476080417633057,2.4068820476531982,2.0887956619262695,2.0283501148223877,1.8147523403167725,1.5459980964660645,1.447846531867981,1.2054352760314941,0.9141386151313782,0.5462693572044373,0.3607036769390106,0.6880884766578674,0.7613891959190369,1.1278749704360962,1.2677580118179321,2.141052484512329,1.8923383951187134,1.624538540840149,1.4969959259033203,1.2902206182479858,1.0435117483139038,0.9475329518318176,0.6866405606269836,0.40224045515060425,0.1776183843612671,0.2650747001171112,0.4093134105205536,0.7679944634437561,0.9669250845909119,1.2557369470596313,2.5852599143981934,2.2511730194091797,1.975730299949646,1.7450443506240845,1.5343782901763916,1.3349571228027344,1.1537213325500488,0.8075339198112488,0.6047157645225525,0.2821718752384186,0.5381247401237488,0.7948613166809082,1.1191248893737793,1.3913434743881226,1.6000984907150269,2.561844825744629,2.381317615509033,2.1142489910125732,1.9031819105148315,1.6638209819793701,1.399962306022644,1.0864568948745728,0.7769055962562561,0.6347431540489197,0.32802051305770874,0.6361968517303467,0.8463828563690186,1.1776373386383057,1.4683748483657837,1.6441415548324585
A12,2.2031702995300293,1.992887020111084,1.6471668481826782,1.6318598985671997,1.4655429124832153,1.0946308374404907,1.099015474319458,0.928004264831543,0.6601526737213135,0.5945924520492554,0.3773215413093567,0.0,0.3870600163936615,0.6523653268814087,0.8039486408233643,2.2840962409973145,2.045443058013916,1.7341032028198242,1.6907068490982056,1.5162498950958252,1.2847967147827148,1.2468340396881104,1.0904933214187622,0.8241612315177917,0.5773017406463623,0.33925604820251465,0.40928786993026733,0.4757978618144989,0.8103584051132202,0.9338583946228027,1.980281949043274,1.7710869312286377,1.4582551717758179,1.4006863832473755,1.2496552467346191,0.9242421388626099,0.9043179750442505,0.799098014831543,0.5045270919799805,0.527765691280365,0.42911672592163086,0.2257261425256729,0.5269343852996826,0.6186365485191345,0.936719536781311,2.96087384223938,2.625316858291626,2.3524718284606934,2.1148157119750977,1.900902271270752,1.7119615077972412,1.5186474323272705,1.1691902875900269,0.9681687951087952,0.6465455293655396,0.7646525502204895,1.0941492319107056,1.3634525537490845,1.674453616142273,1.8799347877502441,2.9342617988586426,2.757503032684326,2.487543821334839,2.266061544418335,2.0139341354370117,1.7516858577728271,1.4187651872634888,1.1294652223587036,0.9810894131660461,0.6755549907684326,0.8762304782867432,1.1610147953033447,1.4512873888015747,1.7785582542419434,1.9453778266906738
A13,2.375286340713501,2.1896865367889404,1.8272398710250854,1.8549580574035645,1.7468531131744385,1.3630191087722778,1.4150292873382568,1.2752830982208252,1.0423707962036133,0.9386190176010132,0.6032248139381409,0.3870600163936615,0.0,0.3886170983314514,0.5538840293884277,2.3027563095092773,2.1025662422180176,1.8074318170547485,1.8286482095718384,1.7298575639724731,1.549530267715454,1.5653133392333984,1.4541913270950317,1.1981267929077148,0.9608573317527771,0.67392498254776,0.6788100004196167,0.49490877985954285,0.8062730431556702,0.7828353643417358,1.679867148399353,1.5094246864318848,1.194117784500122,1.2002497911453247,1.0144882202148438,0.6948148012161255,0.8268550634384155,0.790991485118866,0.47802042961120605,0.7140564322471619,0.7218822240829468,0.40455254912376404,0.6712126731872559,0.7018541097640991,0.9132117629051208,3.065880537033081,2.7060258388519287,2.4600045680999756,2.1758856773376465,1.9649044275283813,1.832823634147644,1.585830807685852,1.235016107559204,1.1283406019210815,0.8740794062614441,1.1036086082458496,1.394206166267395,1.7023520469665527,1.9896572828292847,2.1962125301361084,3.1030805110931396,2.8851325511932373,2.582263708114624,2.3719983100891113,2.0738611221313477,1.7834724187850952,1.4492114782333374,1.1810513734817505,1.1320315599441528,0.9048711657524109,1.195299506187439,1.44771409034729,1.7665783166885376,2.062211751937866,2.2469429969787598
A14,2.2152178287506104,2.037155866622925,1.6730422973632812,1.7282915115356445,1.699362874031067,1.3214871883392334,1.4299614429473877,1.3808141946792603,1.2243624925613403,1.202324390411377,0.923628032207489,0.6523653268814087,0.3886170983314514,0.0,0.36284080147743225,2.158956289291382,1.950891375541687,1.7047661542892456,1.7278701066970825,1.6889150142669678,1.5303258895874023,1.6328448057174683,1.5670582056045532,1.3862792253494263,1.200223445892334,0.8729490637779236,0.7337812185287476,0.39769530296325684,0.5542004108428955,0.4421567916870117,1.7254911661148071,1.6399568319320679,1.3028391599655151,1.4146679639816284,1.2566769123077393,0.9372491240501404,1.154494047164917,1.172534465789795,0.8617715835571289,1.0618739128112793,0.9579179883003235,0.5834537148475647,0.6182539463043213,0.5793086886405945,0.6273717284202576,3.3830044269561768,3.0139641761779785,2.758273124694824,2.4666075706481934,2.287529230117798,2.1429624557495117,1.8690506219863892,1.5483894348144531,1.4084091186523438,1.1815919876098633,1.3779385089874268,1.7016431093215942,1.9840660095214844,2.2649402618408203,2.4999072551727295,3.4009511470794678,3.17392897605896,2.8573498725891113,2.6162869930267334,2.3002216815948486,2.0365443229675293,1.6793636083602905,1.4719960689544678,1.3879215717315674,1.1903499364852905,1.4354846477508545,1.7351365089416504,2.0215988159179688,2.324384927749634,2.5362348556518555
A15,2.145923137664795,2.0307228565216064,1.6614471673965454,1.7924491167068481,1.760907769203186,1.3903818130493164,1.5767372846603394,1.5780115127563477,1.373848557472229,1.3955384492874146,1.1265664100646973,0.8039486408233643,0.5538840293884277,0.36284080147743225,0.0,1.880005121231079,1.7177600860595703,1.4650577306747437,1.5592896938323975,1.5808628797531128,1.5077531337738037,1.62296462059021,1.6389409303665161,1.4487184286117554,1.3401437997817993,1.0880054235458374,0.8840284943580627,0.64629727602005,0.6785264611244202,0.42601895332336426,1.4890917539596558,1.4296637773513794,1.072152853012085,1.2390117645263672,1.1668610572814941,0.8293367624282837,1.0818562507629395,1.219439148902893,0.9939740896224976,1.2487213611602783,1.1937545537948608,0.8280107378959656,0.8530040979385376,0.6501485705375671,0.7206617593765259,3.614565134048462,3.251960515975952,3.0115625858306885,2.7198400497436523,2.50771427154541,2.3863728046417236,2.1327004432678223,1.785596251487732,1.6728291511535645,1.4050787687301636,1.5677603483200073,1.8933227062225342,2.164534568786621,2.4774866104125977,2.680516481399536,3.6561472415924072,3.4374840259552,3.129664897918701,2.912166118621826,2.60260272026062,2.316683053970337,1.976064682006836,1.7288376092910767,1.6691563129425049,1.4314175844192505,1.6646891832351685,1.956652283668518,2.248593330383301,2.569523811340332,2.7478508949279785
B1,1.4194778203964233,1.691554307937622,1.5500695705413818,1.9275281429290771,1.9678432941436768,1.890094518661499,2.276036024093628,2.5563011169433594,2.412118434906006,2.683910369873047,2.6476080417633057,2.2840962409973145,2.3027563095092773,2.158956289291382,1.880005121231079,0.0,0.39325425028800964,0.5983862280845642,0.8776565790176392,1.2543556690216064,1.6166143417358398,1.8310824632644653,2.1871066093444824,2.220089912414551,2.4632365703582764,2.46293306350708,2.105571985244751,2.1592116355895996,1.9112335443496704,1.821825623512268,2.5478904247283936,2.580028533935547,2.2973978519439697,2.4820902347564697,2.6626124382019043,2.360426187515259,2.4537882804870605,2.717883348464966,2.6270899772644043,2.7698304653167725,2.6313278675079346,2.3815507888793945,2.2052574157714844,1.8462902307510376,1.860924482345581,5.172548294067383,4.863687992095947,4.602027893066406,4.3816118240356445,4.131241321563721,3.960636615753174,3.7980973720550537,3.4351212978363037,3.236572742462158,2.8932085037231445,2.81131649017334,3.14953351020813,3.2398788928985596,3.610456943511963,3.737478494644165,5.121496677398682,4.996559143066406,4.755796909332275,4.534277439117432,4.293391704559326,4.033498287200928,3.695053815841675,3.407334327697754,3.247617244720459,2.9216792583465576,2.942417860031128,3.2599828243255615,3.425145387649536,3.809661865234375,3.8873355388641357
B2,1.0587133169174194,1.3050386905670166,1.1576942205429077,1.5354890823364258,1.5879004001617432,1.5296047925949097,1.9176193475723267,2.22213077545166,2.1133029460906982,2.4096624851226807,2.4068820476531982,2.045443058013916,2.1025662422180176,1.950891375541687,1.7177600860595703,0.39325425028800964,0.0,0.3716453015804291,0.5236882567405701,0.9171212315559387,1.2647905349731445,1.5131831169128418,1.8642535209655762,1.936776041984558,2.186830997467041,2.1858882904052734,1.8170510530471802,1.8946864604949951,1.6299383640289307,1.6006762981414795,2.611755132675171,2.6125926971435547,2.2976913452148438,2.4615578651428223,2.598663806915283,2.265346050262451,2.3461201190948486,2.5647871494293213,2.436976671218872,2.5404586791992188,2.3593661785125732,2.125910520553589,1.9122469425201416,1.5683016777038574,1.578997254371643,4.944693088531494,4.637594223022461,4.3589887619018555,4.150279521942139,3.917617082595825,3.7202279567718506,3.559217929840088,3.20915150642395,2.9777159690856934,2.640862226486206,2.5357532501220703,2.8841047286987305,2.9574639797210693,3.318751573562622,3.4645655155181885,4.8580780029296875,4.740605354309082,4.503714084625244,4.263720512390137,4.031855583190918,3.7930023670196533,3.4461638927459717,3.1747512817382812,2.982041358947754,2.6604158878326416,2.6501574516296387,2.9828832149505615,3.1256213188171387,3.511317014694214,3.6020150184631348
B3,1.1824241876602173,1.3427343368530273,1.1223499774932861,1.4685767889022827,1.4464200735092163,1.3295531272888184,1.7071813344955444,1.9687200784683228,1.8165192604064941,2.0969111919403076,2.0887956619262695,1.7341032028198242,1.8074318170547485,1.7047661542892456,1.4650577306747437,0.5983862280845642,0.3716453015804291,0.0,0.38796618580818176,0.716646671295166,1.0533796548843384,1.2552999258041382,1.597672939300537,1.6233587265014648,1.8708548545837402,1.8902326822280884,1.5397416353225708,1.643326759338379,1.4312916994094849,1.408945083618164,2.369061231613159,2.3286397457122803,2.0105676651000977,2.1404812335968018,2.2777538299560547,1.9430062770843506,1.9966014623641968,2.215691566467285,2.108478307723999,2.2126495838165283,2.059455394744873,1.8379544019699097,1.667636513710022,1.319769024848938,1.4056705236434937,4.60540246963501,4.302358627319336,4.0314507484436035,3.8248488903045654,3.5806357860565186,3.392258405685425,3.2422525882720947,2.8853819370269775,2.6678173542022705,2.322610855102539,2.2200942039489746,2.559051513671875,2.644028425216675,3.0131123065948486,3.146442413330078,4.5342116355896,4.417437553405762,4.185158729553223,3.9606902599334717,3.7340962886810303,3.484403371810913,3.148480176925659,2.8594672679901123,2.6802406311035156,2.3490848541259766,2.350510358810425,2.667750597000122,2.8270487785339355,3.2118356227874756,3.2915589809417725
B4,0.8500128388404846,0.9799880385398865,0.7837833762168884,1.1225506067276,1.1006578207015991,1.053337812423706,1.4314955472946167,1.740647315979004,1.6465128660202026,1.9714797735214233,2.0283501148223877,1.6907068490982056,1.8286482095718384,1.7278701066970825,1.5592896938323975,0.8776565790176392,0.5236882567405701,0.38796618580818176,0.0,0.39568281173706055,0.7484045624732971,0.9954823851585388,1.351210594177246,1.4574240446090698,1.7367464303970337,1.7790632247924805,1.4236633777618408,1.5805128812789917,1.3563270568847656,1.4310327768325806,2.6442978382110596,2.576392412185669,2.2417044639587402,2.3409130573272705,2.4363720417022705,2.0801377296447754,2.104631185531616,2.263563871383667,2.1219089031219482,2.1623713970184326,1.9527939558029175,1.7733020782470703,1.5534032583236694,1.2456316947937012,1.333184838294983,4.522459983825684,4.229336738586426,3.9379591941833496,3.7548139095306396,3.5313162803649902,3.3073511123657227,3.1702051162719727,2.833523988723755,2.57123064994812,2.2361364364624023,2.084071636199951,2.4274632930755615,2.4706733226776123,2.826474189758301,2.973895788192749,4.399292945861816,4.301990509033203,4.083134651184082,3.838182210922241,3.631903886795044,3.4126219749450684,3.0712549686431885,2.802560567855835,2.5766000747680664,2.2506556510925293,2.1922593116760254,2.523106098175049,2.6382648944854736,3.0247206687927246,3.1093671321868896
B5,0.9056006669998169,0.9076403379440308,0.7039464116096497,0.9367584586143494,0.799846887588501,0.7797753214836121,1.1223315000534058,1.425902009010315,1.3435235023498535,1.6938188076019287,1.8147523403167725,1.5162498950958252,1.7298575639724731,1.6889150142669678,1.5808628797531128,1.2543556690216064,0.9171212315559387,0.716646671295166,0.39568281173706055,0.0,0.40191876888275146,0.6113397479057312,0.9827956557273865,1.1299808025360107,1.4475634098052979,1.5486347675323486,1.2293148040771484,1.4669060707092285,1.3060989379882812,1.4642369747161865,2.7448322772979736,2.624875783920288,2.2885944843292236,2.3293991088867188,2.3947224617004395,2.0340611934661865,2.0017945766448975,2.1057183742523193,1.9643949270248413,1.9424439668655396,1.7163344621658325,1.603722333908081,1.3968449831008911,1.149459719657898,1.3135608434677124,4.231076240539551,3.9544379711151123,3.6547327041625977,3.4982337951660156,3.2809698581695557,3.036022186279297,2.9272234439849854,2.6053266525268555,2.3199446201324463,1.9897452592849731,1.7866230010986328,2.115748405456543,2.122795820236206,2.4733734130859375,2.614788055419922,4.0764617919921875,4.001009941101074,3.802565097808838,3.5581679344177246,3.379486322402954,3.177903652191162,2.8480098247528076,2.5807371139526367,2.3285391330718994,2.000718116760254,1.8910207748413086,2.21087384223938,2.2956740856170654,2.681372880935669,2.752638101577759
B6,1.0407589673995972,0.8762766718864441,0.631436288356781,0.701871931552887,0.4665006995201111,0.40721553564071655,0.7220554351806641,1.03799307346344,1.007080316543579,1.3779743909835815,1.5459980964660645,1.2847967147827148,1.549530267715454,1.5303258895874023,1.5077531337738037,1.6166143417358398,1.2647905349731445,1.0533796548843384,0.7484045624732971,0.40191876888275146,0.0,0.3569716811180115,0.6372242569923401,0.8458607792854309,1.1429896354675293,1.2449982166290283,0.9526206851005554,1.2365418672561646,1.121453881263733,1.3636678457260132,2.793651819229126,2.647451639175415,2.303637981414795,2.3156797885894775,2.3237078189849854,1.9580059051513672,1.9096206426620483,1.940718412399292,1.760694980621338,1.6802263259887695,1.407806396484375,1.3437473773956299,1.1192513704299927,0.9580779075622559,1.1512548923492432,3.9197726249694824,3.644188642501831,3.3308634757995605,3.185833215713501,2.991877317428589,2.7227184772491455,2.616340160369873,2.3177661895751953,2.0013976097106934,1.691823959350586,1.4651789665222168,1.8000411987304688,1.796401023864746,2.1305830478668213,2.3014280796051025,3.7370412349700928,3.663475751876831,3.46712589263916,3.2069880962371826,3.0383708477020264,2.8607797622680664,2.529787540435791,2.286632537841797,2.0023880004882812,1.690440058708191,1.5429391860961914,1.8761091232299805,1.9398506879806519,2.323125123977661,2.417222499847412
B7,1.3390614986419678,1.1781182289123535,0.9761825203895569,0.9730530977249146,0.6386266350746155,0.5844252109527588,0.7355279922485352,0.9445620179176331,0.8573861718177795,1.2250280380249023,1.447846531867981,1.2468340396881104,1.5653133392333984,1.6328448057174683,1.62296462059021,1.8310824632644653,1.5131831169128418,1.2552999258041382,0.9954823851585388,0.6113397479057312,0.3569716811180115,0.0,0.39980602264404297,0.6054878234863281,0.9724781513214111,1.1821478605270386,0.9815562963485718,1.326235055923462,1.3090686798095703,1.5540274381637573,2.8270270824432373,2.6352345943450928,2.3108625411987305,2.2634692192077637,2.272357225418091,1.9261473417282104,1.8098959922790527,1.8129416704177856,1.6792303323745728,1.5547795295715332,1.3232462406158447,1.3398993015289307,1.2022877931594849,1.0964330434799194,1.3675932884216309,3.6944994926452637,3.4404542446136475,3.133300304412842,3.014180898666382,2.8066725730895996,2.536778211593628,2.472616195678711,2.1784889698028564,1.8697799444198608,1.5575032234191895,1.2784290313720703,1.5740127563476562,1.5338919162750244,1.8786879777908325,2.0133743286132812,3.505791187286377,3.4561617374420166,3.2855653762817383,3.0488901138305664,2.9108693599700928,2.733034372329712,2.429832696914673,2.1661980152130127,1.8860236406326294,1.5642039775848389,1.3792752027511597,1.668798804283142,1.7167903184890747,2.0993752479553223,2.1526939868927
B8,1.6240051984786987,1.3843886852264404,1.1761420965194702,1.054708480834961,0.701754629611969,0.5930601954460144,0.5096806883811951,0.5872383117675781,0.5403262376785278,0.9115170836448669,1.2054352760314941,1.0904933214187622,1.4541913270950317,1.5670582056045532,1.6389409303665161,2.1871066093444824,1.8642535209655762,1.597672939300537,1.351210594177246,0.9827956557273865,0.6372242569923401,0.39980602264404297,0.0,0.3757927417755127,0.68477463722229,0.9324856400489807,0.8438044190406799,1.2163105010986328,1.2862497568130493,1.575739860534668,2.8809361457824707,2.663109064102173,2.3455114364624023,2.2634634971618652,2.2154552936553955,1.8839107751846313,1.7446147203445435,1.6622611284255981,1.5043532848358154,1.304485559463501,1.0453792810440063,1.1555755138397217,1.057193636894226,1.0780826807022095,1.3685235977172852,3.342578887939453,3.0920209884643555,2.773920774459839,2.6702044010162354,2.484611749649048,2.1919140815734863,2.1401164531707764,1.8757041692733765,1.5410634279251099,1.2603886127471924,0.9408722519874573,1.2266898155212402,1.1709014177322388,1.5017054080963135,1.6669600009918213,3.13044810295105,3.0832691192626953,2.917778730392456,2.672187089920044,2.5502750873565674,2.3959927558898926,2.1025991439819336,1.8618745803833008,1.5538264513015747,1.2548662424087524,1.0139933824539185,1.3025506734848022,1.3279109001159668,1.7099661827087402,1.7838878631591797
B9,1.8841770887374878,1.6731261014938354,1.4124404191970825,1.3430956602096558,1.0235828161239624,0.7988287806510925,0.7422118782997131,0.6421706080436707,0.3607746362686157,0.6573987007141113,0.9141386151313782,0.8241612315177917,1.1981267929077148,1.3862792253494263,1.4487184286117554,2.220089912414551,1.936776041984558,1.6233587265014648,1.4574240446090698,1.1299808025360107,0.8458607792854309,0.6054878234863281,0.3757927417755127,0.0,0.3994857668876648,0.7182223200798035,0.7104887962341309,1.0791257619857788,1.2374677658081055,1.4779033660888672,2.5882976055145264,2.3446829319000244,2.0436460971832275,1.9279778003692627,1.874900221824646,1.5612238645553589,1.3897496461868286,1.3002886772155762,1.1784987449645996,0.9916524887084961,0.8159139156341553,0.9402263164520264,0.9655755162239075,0.9906009435653687,1.3410922288894653,3.1077282428741455,2.8457484245300293,2.546905517578125,2.4205498695373535,2.203449249267578,1.9425957202911377,1.8882852792739868,1.591997504234314,1.301396369934082,0.9852087497711182,0.6971960663795471,0.9913493394851685,1.021791696548462,1.3907639980316162,1.5350383520126343,2.95635724067688,2.8866353034973145,2.707942485809326,2.491976737976074,2.35306715965271,2.1582727432250977,1.8762640953063965,1.5923047065734863,1.3330087661743164,1.002042293548584,0.8396581411361694,1.10226309299469,1.2203028202056885,1.603925347328186,1.668563723564148
B10,2.1576499938964844,1.9133228063583374,1.6259238719940186,1.5255849361419678,1.256209135055542,0.9729269742965698,0.8360785841941833,0.5594017505645752,0.20160628855228424,0.26309987902641296,0.5462693572044373,0.5773017406463623,0.9608573317527771,1.200223445892334,1.3401437997817993,2.4632365703582764,2.186830997467041,1.8708548545837402,1.7367464303970337,1.4475634098052979,1.1429896354675293,0.9724781513214111,0.68477463722229,0.3994857668876648,0.0,0.39458468556404114,0.5933300852775574,0.9022397994995117,1.1641093492507935,1.3973160982131958,2.4718210697174072,2.219101905822754,1.9288452863693237,1.7986787557601929,1.677060604095459,1.386321783065796,1.2264503240585327,1.0466468334197998,0.8734521865844727,0.6234936118125916,0.43932780623435974,0.6611684560775757,0.800615668296814,0.9446781277656555,1.2854945659637451,2.7954752445220947,2.509627342224121,2.2082653045654297,2.0563225746154785,1.8506758213043213,1.5892220735549927,1.5041043758392334,1.2072960138320923,0.9081884026527405,0.5900521874427795,0.3500445783138275,0.7063895463943481,0.8603436350822449,1.2071970701217651,1.3999851942062378,2.6716701984405518,2.566093683242798,2.3594648838043213,2.1362926959991455,1.9728447198867798,1.769018530845642,1.478837251663208,1.1987608671188354,0.9384600520133972,0.6032524108886719,0.5057892203330994,0.797585129737854,1.0008786916732788,1.3706177473068237,1.4914273023605347
B11,2.1818017959594727,1.9229074716567993,1.6056184768676758,1.5124812126159668,1.3271490335464478,0.9880803227424622,0.8798937201499939,0.6292025446891785,0.428828626871109,0.35526546835899353,0.3607036769390106,0.33925604820251465,0.67392498254776,0.8729490637779236,1.0880054235458374,2.46293306350708,2.1858882904052734,1.8902326822280884,1.7790632247924805,1.5486347675323486,1.2449982166290283,1.1821478605270386,0.9324856400489807,0.7182223200798035,0.39458468556404114,0.0,0.3891404867172241,0.5711537003517151,0.8904305696487427,1.1159383058547974,2.3132874965667725,2.0981667041778564,1.7930554151535034,1.717049241065979,1.54708731174469,1.244887113571167,1.1857452392578125,1.0001187324523926,0.7045817375183105,0.5231578350067139,0.1769004613161087,0.2996434271335602,0.4881872236728668,0.7269203662872314,1.0172003507614136,2.8336544036865234,2.510340690612793,2.2082815170288086,2.0043606758117676,1.8263181447982788,1.579675316810608,1.4072507619857788,1.1043410301208496,0.8030474185943604,0.5070433616638184,0.530613362789154,0.8917000889778137,1.1262625455856323,1.4161217212677002,1.65877103805542,2.7420153617858887,2.585749626159668,2.330799102783203,2.0785205364227295,1.854193925857544,1.6400567293167114,1.300229549407959,1.0547288656234741,0.7994251847267151,0.49551811814308167,0.5859323740005493,0.9253448247909546,1.1728121042251587,1.5085254907608032,1.700485110282898
B12,1.8352543115615845,1.5998642444610596,1.2610307931900024,1.2252683639526367,1.0813571214675903,0.7046092748641968,0.7437191605567932,0.6967391967773438,0.5406139492988586,0.6967362761497498,0.6880884766578674,0.40928786993026733,0.6788100004196167,0.7337812185287476,0.8840284943580627,2.105571985244751,1.8170510530471802,1.5397416353225708,1.4236633777618408,1.2293148040771484,0.9526206851005554,0.9815562963485718,0.8438044190406799,0.7104887962341309,0.5933300852775574,0.3891404867172241,0.0,0.37732136249542236,0.5714117884635925,0.8302443623542786,2.2507307529449463,2.080554723739624,1.7418851852416992,1.734102487564087,1.6179856061935425,1.2667454481124878,1.2700453996658325,1.1994330883026123,0.9113857746124268,0.8566644191741943,0.5638225078582764,0.39539268612861633,0.27396461367607117,0.36631593108177185,0.6923585534095764,3.222115993499756,2.897387742996216,2.5968785285949707,2.3867194652557373,2.2048983573913574,1.9676543474197388,1.7844517230987549,1.4727731943130493,1.1876909732818604,0.8887643218040466,0.8613831996917725,1.2393574714660645,1.4218400716781616,1.7346811294555664,1.9686837196350098,3.1253387928009033,2.973238468170166,2.716214895248413,2.4553017616271973,2.2209832668304443,2.007591485977173,1.6544097661972046,1.4183104038238525,1.1771602630615234,0.883549690246582,0.925412654876709,1.2859338521957397,1.4923300743103027,1.8482458591461182,2.028261184692383
B13,1.9903751611709595,1.7659915685653687,1.4127663373947144,1.4074406623840332,1.3502542972564697,0.9739906191825867,1.0392190217971802,0.9947816133499146,0.8822812438011169,0.9252406358718872,0.7613891959190369,0.4757978618144989,0.49490877985954285,0.39769530296325684,0.64629727602005,2.1592116355895996,1.8946864604949951,1.643326759338379,1.5805128812789917,1.4669060707092285,1.2365418672561646,1.326235055923462,1.2163105010986328,1.0791257619857788,0.9022397994995117,0.5711537003517151,0.37732136249542236,0.0,0.3785697817802429,0.5608720183372498,2.067044258117676,1.9412468671798706,1.5996893644332886,1.650912880897522,1.4996395111083984,1.15851628780365,1.2671254873275757,1.2152737379074097,0.8777860999107361,0.9324642419815063,0.6944372057914734,0.35303929448127747,0.22206787765026093,0.33541402220726013,0.5021176338195801,3.286318778991699,2.9348936080932617,2.647606372833252,2.395113945007324,2.2295567989349365,2.025491952896118,1.7836813926696777,1.4765268564224243,1.241996169090271,0.9936305284500122,1.1015480756759644,1.4572199583053589,1.6945289373397827,1.9776008129119873,2.2294516563415527,3.233842611312866,3.0400054454803467,2.747237205505371,2.480278968811035,2.199007749557495,1.9720336198806763,1.6016793251037598,1.3993897438049316,1.2148855924606323,0.9848014116287231,1.1389917135238647,1.481894850730896,1.7244664430618286,2.0485587120056152,2.263291358947754
