,A1,A2,A3,A4,A5,A6,A7,A8,A9,A10,A11,A12,A13,A14,A15,B1,B2,B3,B4,B5,B6,B7,B8,B9,B10,B11,B12,B13,B14,B15,C1,C2,C3,C4,C5,C6,C7,C8,C9,C10,C11,C12,C13,C14,C15,D1,D2,D3,D4,D5,D6,D7,D8,D9,D10,D11,D12,D13,D14,D15,E1,E2,E3,E4,E5,E6,E7,E8,E9,E10,E11,E12,E13,E14,E15
A1,0.0,0.37793850898742676,0.7029092907905579,1.0165561437606812,1.2367525100708008,1.4901530742645264,1.8466355800628662,2.1278364658355713,2.376542329788208,2.687657356262207,2.8378922939300537,2.690417766571045,2.5680644512176514,2.195634126663208,2.220715284347534,0.8485909700393677,1.0909332036972046,1.3065296411514282,1.1774256229400635,1.5377639532089233,1.864441990852356,2.179736375808716,2.325932025909424,2.5990986824035645,2.8610408306121826,2.9290006160736084,2.615464210510254,2.3511996269226074,1.989388108253479,1.9126726388931274,0.1838587075471878,0.2658126652240753,0.5580810308456421,0.8497233986854553,1.2035319805145264,1.408583641052246,1.7098649740219116,2.047067880630493,2.307687997817993,2.588693380355835,2.833181381225586,2.7433769702911377,2.656754493713379,2.31278395652771,2.390995979309082,5.418200492858887,5.149329662322998,4.878407001495361,4.51067590713501,4.137330055236816,3.78291392326355,3.7554306983947754,3.395740032196045,3.2709736824035645,3.2724595069885254,2.882657289505005,3.0068554878234863,2.768125534057617,2.968508720397949,2.765899896621704,5.296810626983643,5.02081823348999,4.8169474601745605,4.44191312789917,4.059439659118652,3.7156195640563965,3.7663660049438477,3.4433538913726807,3.3694262504577637,3.408742904663086,3.021193742752075,3.1422436237335205,2.908695936203003,3.091250419616699,2.8769924640655518
A2,0.37793850898742676,0.0,0.36721310019493103,0.7299773097038269,0.9606190919876099,1.2337795495986938,1.583784580230713,1.8876078128814697,2.1543731689453125,2.4498205184936523,2.637788772583008,2.5019142627716064,2.4271559715270996,2.0703444480895996,2.1466124057769775,0.8660317063331604,0.980357825756073,1.1514501571655273,0.9757294058799744,1.309184193611145,1.6356143951416016,1.9725226163864136,2.10040545463562,2.4019253253936768,2.6462907791137695,2.7440810203552246,2.45768141746521,2.1736819744110107,1.8279470205307007,1.8025715351104736,0.5437829494476318,0.24569585919380188,0.2819809317588806,0.566547691822052,0.9485574960708618,1.2159343957901,1.4903396368026733,1.8289594650268555,2.113257646560669,2.367340564727783,2.6452460289001465,2.5875306129455566,2.5399131774902344,2.2134835720062256,2.3477396965026855,5.243199825286865,4.981878757476807,4.728029727935791,4.370741367340088,3.99027681350708,3.628779411315918,3.6285204887390137,3.286278486251831,3.160926342010498,3.2041640281677246,2.8202831745147705,2.9382541179656982,2.689995050430298,2.8605191707611084,2.6201789379119873,5.104770660400391,4.833580017089844,4.647828102111816,4.284053802490234,3.894976854324341,3.5459752082824707,3.615509271621704,3.312363624572754,3.230888605117798,3.3059353828430176,2.92751145362854,3.047508716583252,2.815509796142578,2.9749503135681152,2.725776433944702
A3,0.7029092907905579,0.36721310019493103,0.0,0.3780328631401062,0.6542472839355469,0.8970003128051758,1.2550971508026123,1.5806713104248047,1.838497281074524,2.1355693340301514,2.344210386276245,2.239283323287964,2.1996684074401855,1.8622236251831055,1.960045337677002,0.9304541945457458,0.9032301902770996,0.9576329588890076,0.7032052278518677,0.9918183088302612,1.3013842105865479,1.6413776874542236,1.756748080253601,2.0711491107940674,2.3088152408599854,2.428499221801758,2.1583874225616455,1.8731228113174438,1.5389726161956787,1.5679694414138794,0.8737010359764099,0.5369768142700195,0.18143193423748016,0.2882317900657654,0.6295057535171509,0.9558236002922058,1.1775332689285278,1.52620267868042,1.8104785680770874,2.05900502204895,2.3537423610687256,2.3324153423309326,2.3019826412200928,2.0030157566070557,2.172609329223633,4.963477611541748,4.715230941772461,4.468935966491699,4.116065502166748,3.7360727787017822,3.365177631378174,3.3727993965148926,3.0442025661468506,2.9057743549346924,2.9763357639312744,2.602557420730591,2.7306153774261475,2.49297833442688,2.653838634490967,2.389261484146118,4.815748691558838,4.556237697601318,4.375441074371338,4.017727375030518,3.6261157989501953,3.2675602436065674,3.336500883102417,3.044264078140259,2.946566581726074,3.0406687259674072,2.672067403793335,2.802414655685425,2.58647084236145,2.74153470993042,2.473339080810547
A4,1.0165561437606812,0.7299773097038269,0.3780328631401062,0.0,0.3891831934452057,0.5308395028114319,0.9109712243080139,1.2508150339126587,1.4832185506820679,1.7935500144958496,2.0057106018066406,1.9365426301956177,1.91845703125,1.6026009321212769,1.7044346332550049,1.113592267036438,0.9911973476409912,0.8892185091972351,0.5281442403793335,0.7157503962516785,0.9719900488853455,1.2901411056518555,1.38200044631958,1.698237657546997,1.930998682975769,2.0579495429992676,1.7957446575164795,1.5140572786331177,1.188295841217041,1.267182469367981,1.186673641204834,0.8741906881332397,0.4856686294078827,0.2726783752441406,0.30019646883010864,0.6744339466094971,0.822464644908905,1.1858962774276733,1.4561392068862915,1.7137155532836914,2.011021137237549,2.0205471515655518,1.9938740730285645,1.7254384756088257,1.917781114578247,4.629516124725342,4.393307685852051,4.147688865661621,3.7952542304992676,3.4194540977478027,3.0404000282287598,3.045130729675293,2.7260806560516357,2.5729875564575195,2.6615796089172363,2.298969030380249,2.439876079559326,2.2206616401672363,2.3818464279174805,2.105109930038452,4.479455947875977,4.23163366317749,4.047298908233643,3.6913321018218994,3.29994535446167,2.9321200847625732,2.9916744232177734,2.704038143157959,2.5919365882873535,2.696416139602661,2.336418628692627,2.476355791091919,2.2790303230285645,2.437744379043579,2.162332057952881
A5,1.2367525100708008,0.9606190919876099,0.6542472839355469,0.3891831934452057,0.0,0.37060075998306274,0.6315182447433472,0.9331750869750977,1.2176927328109741,1.4933298826217651,1.705531120300293,1.5953443050384521,1.5907039642333984,1.2850397825241089,1.4460885524749756,1.4872968196868896,1.3800240755081177,1.2515069246292114,0.8681285977363586,0.9489052891731262,1.08999502658844,1.331738829612732,1.3114084005355835,1.6197290420532227,1.7827177047729492,1.8700319528579712,1.6408324241638184,1.3091808557510376,1.0310720205307007,1.073460578918457,1.417425274848938,1.1510053873062134,0.7830908298492432,0.3971119821071625,0.18163330852985382,0.401445597410202,0.6017279028892517,0.8965026140213013,1.2114038467407227,1.421485424041748,1.726189374923706,1.711249589920044,1.725598692893982,1.4533361196517944,1.6929585933685303,4.319119453430176,4.07002592086792,3.832557439804077,3.4880807399749756,3.1043503284454346,2.7350828647613525,2.76892352104187,2.4595227241516113,2.3449559211730957,2.462642192840576,2.1045613288879395,2.194272756576538,1.9429152011871338,2.063474178314209,1.7713396549224854,4.167755126953125,3.9056754112243652,3.7324883937835693,3.381286382675171,2.988085985183716,2.6343860626220703,2.7274413108825684,2.458300828933716,2.3863091468811035,2.5267529487609863,2.1766839027404785,2.2630202770233154,2.0322301387786865,2.146678924560547,1.852694034576416
A6,1.4901530742645264,1.2337795495986938,0.8970003128051758,0.5308395028114319,0.37060075998306274,0.0,0.4066721796989441,0.7488742470741272,0.9545263051986694,1.2728742361068726,1.4876021146774292,1.4568146467208862,1.4784984588623047,1.21308171749115,1.3447997570037842,1.5766067504882812,1.4081315994262695,1.182056188583374,0.7986664772033691,0.742876410484314,0.7801627516746521,0.9746444821357727,0.9425342679023743,1.2530498504638672,1.4351184368133545,1.5486552715301514,1.3170866966247559,1.0114566087722778,0.7343722581863403,0.8871641755104065,1.6613836288452148,1.3855435848236084,1.0024443864822388,0.6837981939315796,0.2955281734466553,0.40151938796043396,0.3169131577014923,0.6744869351387024,0.9392256140708923,1.189831256866455,1.493233323097229,1.5390942096710205,1.5386515855789185,1.3232477903366089,1.5680030584335327,4.109831809997559,3.882779359817505,3.6415114402770996,3.29360294342041,2.920581340789795,2.536116123199463,2.5504019260406494,2.2504189014434814,2.0967116355895996,2.225541591644287,1.884765863418579,2.0160751342773438,1.8111742734909058,1.9509145021438599,1.6540292501449585,3.9570274353027344,3.717439651489258,3.533083438873291,3.181615114212036,2.790447473526001,2.4172630310058594,2.479680061340332,2.207787275314331,2.0964179039001465,2.2346320152282715,1.8939149379730225,2.0179033279418945,1.8321341276168823,1.972693681716919,1.6804885864257812
A7,1.8466355800628662,1.583784580230713,1.2550971508026123,0.9109712243080139,0.6315182447433472,0.4066721796989441,0.0,0.3660208582878113,0.6176703572273254,0.8865051865577698,1.1348621845245361,1.10907781124115,1.2028846740722656,1.012881875038147,1.2199074029922485,1.9822498559951782,1.803110957145691,1.5583932399749756,1.1888279914855957,1.0604110956192017,0.9750013947486877,1.0464057922363281,0.8579564690589905,1.1415380239486694,1.2120764255523682,1.3027052879333496,1.149890661239624,0.8013266324996948,0.6744269728660583,0.8495438694953918,2.022681474685669,1.75783109664917,1.377358078956604,1.0184916257858276,0.6513727307319641,0.5457296371459961,0.2968776226043701,0.3630213737487793,0.6701363921165466,0.8253618478775024,1.163053035736084,1.2365927696228027,1.3099595308303833,1.1521062850952148,1.4642149209976196,3.746704339981079,3.5191566944122314,3.2940313816070557,2.9604005813598633,2.582705497741699,2.202470541000366,2.2561275959014893,1.9874893426895142,1.8648412227630615,2.049661874771118,1.7400603294372559,1.822041630744934,1.6070821285247803,1.6847012042999268,1.3546299934387207,3.584289789199829,3.3415982723236084,3.1738998889923096,2.8348512649536133,2.4417810440063477,2.0762128829956055,2.173671245574951,1.9387295246124268,1.8551534414291382,2.0498132705688477,1.743560552597046,1.8161993026733398,1.621434211730957,1.7021530866622925,1.3752230405807495
A8,2.1278364658355713,1.8876078128814697,1.5806713104248047,1.2508150339126587,0.9331750869750977,0.7488742470741272,0.3660208582878113,0.0,0.36520618200302124,0.5644797086715698,0.7937129139900208,0.7482355237007141,0.8874873518943787,0.7824079394340515,1.0382139682769775,2.318310499191284,2.1541364192962646,1.9024107456207275,1.5320651531219482,1.39309823513031,1.2553441524505615,1.2288734912872314,0.9459311366081238,1.1416223049163818,1.1021572351455688,1.1104739904403687,1.0232551097869873,0.653932511806488,0.6918339729309082,0.8070096969604492,2.302672863006592,2.067150115966797,1.6975986957550049,1.3228449821472168,0.9694094657897949,0.7424114346504211,0.5207594633102417,0.19798800349235535,0.4677702784538269,0.5011146068572998,0.8390495181083679,0.902917742729187,1.0365124940872192,0.9328816533088684,1.2865543365478516,3.3989598751068115,3.162707567214966,2.9394519329071045,2.609961748123169,2.228156566619873,1.8540372848510742,1.931371808052063,1.679854393005371,1.5968170166015625,1.8160700798034668,1.5336779356002808,1.5601993799209595,1.335902214050293,1.3637980222702026,1.0175548791885376,3.2399792671203613,2.9877071380615234,2.8214120864868164,2.4832444190979004,2.0892105102539062,1.7334887981414795,1.8583855628967285,1.6460044384002686,1.6082019805908203,1.8396459817886353,1.562527060508728,1.5704693794250488,1.3563579320907593,1.3834123611450195,1.0374420881271362
A9,2.376542329788208,2.1543731689453125,1.838497281074524,1.4832185506820679,1.2176927328109741,0.9545263051986694,0.6176703572273254,0.36520618200302124,0.0,0.3864085078239441,0.5600342750549316,0.6933442950248718,0.8542270064353943,0.8526681065559387,1.0249501466751099,2.4859609603881836,2.3020427227020264,2.007805585861206,1.6645629405975342,1.4699389934539795,1.2513712644577026,1.1112526655197144,0.7677978277206421,0.8658110499382019,0.766944944858551,0.7460523247718811,0.7020846605300903,0.3791579306125641,0.6040753722190857,0.7932364344596863,2.5445244312286377,2.3119614124298096,1.9400789737701416,1.591809868812561,1.2116888761520386,0.9829736351966858,0.6783287525177002,0.3445627689361572,0.21306926012039185,0.2610293924808502,0.568846583366394,0.7515442967414856,0.8620690107345581,0.8852874636650085,1.2113041877746582,3.1624271869659424,2.94989275932312,2.7167530059814453,2.380584478378296,2.015822172164917,1.6247628927230835,1.6706651449203491,1.4345293045043945,1.3065032958984375,1.548136591911316,1.3056795597076416,1.370469331741333,1.2234482765197754,1.2726027965545654,0.9543858170509338,3.008272171020508,2.781496286392212,2.594611644744873,2.2525691986083984,1.8640766143798828,1.483521819114685,1.5636992454528809,1.3471585512161255,1.2689671516418457,1.5103788375854492,1.2594245672225952,1.2918591499328613,1.143025279045105,1.1967499256134033,0.8729074001312256
A10,2.687657356262207,2.4498205184936523,2.1355693340301514,1.7935500144958496,1.4933298826217651,1.2728742361068726,0.8865051865577698,0.5644797086715698,0.3864085078239441,0.0,0.3672390282154083,0.5404677987098694,0.8451419472694397,0.9802806377410889,1.2091046571731567,2.836317300796509,2.6462976932525635,2.3572444915771484,2.013364791870117,1.8102428913116455,1.583059549331665,1.4320584535598755,1.0597827434539795,1.1134655475616455,0.879889965057373,0.8203215599060059,0.9368579983711243,0.701897919178009,0.9844229221343994,1.1218459606170654,2.8606293201446533,2.6254220008850098,2.252289056777954,1.8839706182479858,1.5205316543579102,1.2889244556427002,1.0225894451141357,0.6540913581848145,0.5592509508132935,0.17448846995830536,0.4614982306957245,0.6968896389007568,0.9411577582359314,1.0476155281066895,1.392393708229065,2.8733835220336914,2.658620595932007,2.4553451538085938,2.1476833820343018,1.7780697345733643,1.4047858715057373,1.5292623043060303,1.3658459186553955,1.3092904090881348,1.6146008968353271,1.4399348497390747,1.420536756515503,1.2700427770614624,1.2043085098266602,0.8677008152008057,2.7017924785614014,2.4678795337677,2.31325626373291,1.996401071548462,1.6080719232559204,1.2518842220306396,1.4054627418518066,1.2768350839614868,1.2602096796035767,1.5708973407745361,1.3982346057891846,1.34702730178833,1.1993353366851807,1.1338088512420654,0.7817252278327942
A11,2.8378922939300537,2.637788772583008,2.344210386276245,2.0057106018066406,1.705531120300293,1.4876021146774292,1.1348621845245361,0.7937129139900208,0.5600342750549316,0.3672390282154083,0.0,0.39326339960098267,0.642756998538971,0.8862984776496887,1.049997329711914,3.0122904777526855,2.8477258682250977,2.5562281608581543,2.210409164428711,2.023649215698242,1.7903366088867188,1.5956640243530273,1.2304304838180542,1.192873477935791,0.9367782473564148,0.7223861217498779,0.8617262244224548,0.7046900391578674,1.0397863388061523,1.0954701900482178,3.003479242324829,2.80228853225708,2.443131923675537,2.0799977779388428,1.7190815210342407,1.4315489530563354,1.197075605392456,0.8201172947883606,0.6167116165161133,0.3255370855331421,0.13965924084186554,0.40149831771850586,0.6630444526672363,0.8751340508460999,1.179079532623291,2.623847007751465,2.3973708152770996,2.1635987758636475,1.83265221118927,1.46207857131958,1.0773050785064697,1.1753815412521362,1.0006893873214722,0.975189208984375,1.2916864156723022,1.153096318244934,1.0905301570892334,0.975811243057251,0.8994099497795105,0.6170945763587952,2.47925066947937,2.237516164779663,2.045848846435547,1.701859951019287,1.310327172279358,0.9420945644378662,1.0828278064727783,0.9366359710693359,0.9823768734931946,1.2968989610671997,1.151327133178711,1.027861475944519,0.8765524625778198,0.7785640954971313,0.45028144121170044
A12,2.690417766571045,2.5019142627716064,2.239283323287964,1.9365426301956177,1.5953443050384521,1.4568146467208862,1.10907781124115,0.7482355237007141,0.6933442950248718,0.5404677987098694,0.39326339960098267,0.0,0.3703080415725708,0.6357308030128479,0.8928112983703613,2.9730618000030518,2.8458285331726074,2.5943901538848877,2.221916437149048,2.092668294906616,1.918864369392395,1.7910444736480713,1.4517327547073364,1.478731393814087,1.2818626165390015,1.079594373703003,1.1275469064712524,0.8772047162055969,1.1137993335723877,1.0604678392410278,2.8564963340759277,2.6809349060058594,2.3399970531463623,1.9599506855010986,1.6389001607894897,1.3152885437011719,1.179866075515747,0.8000952005386353,0.7385393381118774,0.5026012063026428,0.47327476739883423,0.33144044876098633,0.6586285829544067,0.7380414009094238,1.080262541770935,2.7534894943237305,2.4837679862976074,2.2504570484161377,1.9221559762954712,1.5292338132858276,1.1847660541534424,1.3159698247909546,1.105328917503357,1.1694761514663696,1.4360262155532837,1.2452292442321777,1.097956657409668,0.8583977222442627,0.7154805660247803,0.3523256480693817,2.619504928588867,2.334320068359375,2.1569595336914062,1.8100171089172363,1.4189958572387695,1.1118745803833008,1.310861587524414,1.159698724746704,1.2838915586471558,1.5621204376220703,1.3766485452651978,1.1978071928024292,0.9301943182945251,0.7724716067314148,0.40814441442489624
A13,2.5680644512176514,2.4271559715270996,2.1996684074401855,1.91845703125,1.5907039642333984,1.4784984588623047,1.2028846740722656,0.8874873518943787,0.8542270064353943,0.8451419472694397,0.642756998538971,0.3703080415725708,0.0,0.37994447350502014,0.5717841386795044,2.8941166400909424,2.808121919631958,2.575413703918457,2.2002980709075928,2.1163976192474365,1.9739279747009277,1.8552565574645996,1.5587265491485596,1.5705410242080688,1.4390250444412231,1.1906580924987793,1.1446679830551147,0.9064273834228516,1.0728048086166382,0.8986057639122009,2.7229957580566406,2.590592622756958,2.276832103729248,1.9148032665252686,1.6192513704299927,1.253565788269043,1.191158652305603,0.8698328137397766,0.8064666390419006,0.7461386322975159,0.6467084288597107,0.30104848742485046,0.45233824849128723,0.43826934695243835,0.7503165006637573,2.873995542526245,2.587671995162964,2.3177645206451416,1.9620895385742188,1.5789616107940674,1.2499629259109497,1.30215585231781,1.0117801427841187,1.0890452861785889,1.272378921508789,1.031417965888977,0.8538309931755066,0.5429498553276062,0.48781806230545044,0.20257094502449036,2.774620771408081,2.480483293533325,2.266238212585449,1.8927667140960693,1.517579436302185,1.2273164987564087,1.370235562324524,1.1478286981582642,1.2998013496398926,1.5047825574874878,1.2757236957550049,1.0722407102584839,0.7306864261627197,0.6321163177490234,0.3798011541366577
A14,2.195634126663208,2.0703444480895996,1.8622236251831055,1.6026009321212769,1.2850397825241089,1.21308171749115,1.012881875038147,0.7824079394340515,0.8526681065559387,0.9802806377410889,0.8862984776496887,0.6357308030128479,0.37994447350502014,0.0,0.3702693283557892,2.550755262374878,2.48993182182312,2.2840752601623535,1.9035415649414062,1.8675395250320435,1.7787810564041138,1.7193878889083862,1.4788967370986938,1.5496182441711426,1.510921597480774,1.3183584213256836,1.1682449579238892,0.8704094290733337,0.8927909135818481,0.6414941549301147,2.347968816757202,2.2283380031585693,1.9286137819290161,1.577353835105896,1.308915376663208,0.9283767938613892,0.9492978453636169,0.7212343215942383,0.7670090198516846,0.8554170727729797,0.881015956401825,0.6152244806289673,0.6133030652999878,0.3191046714782715,0.6533852219581604,3.251434564590454,2.965968370437622,2.6909120082855225,2.329127311706543,1.9511375427246094,1.618850827217102,1.6356265544891357,1.3074119091033936,1.3206533193588257,1.4391249418258667,1.1178810596466064,1.028030514717102,0.7014973759651184,0.7929092049598694,0.5787574052810669,3.152482271194458,2.860313892364502,2.6438052654266357,2.2668039798736572,1.8927675485610962,1.5894349813461304,1.6984490156173706,1.4303263425827026,1.5220178365707397,1.6769764423370361,1.3778122663497925,1.2568358182907104,0.9151116609573364,0.9449151158332825,0.7264681458473206
A15,2.220715284347534,2.1466124057769775,1.960045337677002,1.7044346332550049,1.4460885524749756,1.3447997570037842,1.2199074029922485,1.0382139682769775,1.0249501466751099,1.2091046571731567,1.049997329711914,0.8928112983703613,0.5717841386795044,0.3702693283557892,0.0,2.538196325302124,2.499871015548706,2.2888827323913574,1.9311630725860596,1.9077032804489136,1.815953254699707,1.724851369857788,1.5262060165405273,1.5413594245910645,1.5484604835510254,1.317054033279419,1.1056225299835205,0.8962520360946655,0.8842598795890808,0.5521913170814514,2.356283187866211,2.2711970806121826,1.9955558776855469,1.6890281438827515,1.4284584522247314,1.0516417026519775,1.0737062692642212,0.9191830158233643,0.8723199367523193,1.0566178560256958,0.9960981011390686,0.7305465936660767,0.53108149766922,0.17578844726085663,0.29667791724205017,3.295952320098877,3.0194571018218994,2.713590145111084,2.330765962600708,1.9796278476715088,1.6512951850891113,1.5830119848251343,1.211713433265686,1.1840715408325195,1.2113903760910034,0.8535159826278687,0.8186025619506836,0.5490472316741943,0.8126022219657898,0.7440657019615173,3.2240612506866455,2.9469313621520996,2.692523241043091,2.298450469970703,1.9444799423217773,1.6392279863357544,1.6728583574295044,1.3515130281448364,1.4277290105819702,1.5018984079360962,1.1759922504425049,1.0765328407287598,0.7465019226074219,0.9024957418441772,0.8144965767860413
B1,0.8485909700393677,0.8660317063331604,0.9304541945457458,1.113592267036438,1.4872968196868896,1.5766067504882812,1.9822498559951782,2.318310499191284,2.4859609603881836,2.836317300796509,3.0122904777526855,2.9730618000030518,2.8941166400909424,2.550755262374878,2.538196325302124,0.0,0.3801519572734833,0.714516818523407,0.8686994910240173,1.2053121328353882,1.559643030166626,1.8972338438034058,2.1652207374572754,2.4262888431549072,2.7605907917022705,2.9082562923431396,2.5873734951019287,2.4076952934265137,2.0376813411712646,2.090897798538208,0.8494605422019958,0.6755219101905823,0.7884688973426819,1.1574699878692627,1.377474069595337,1.6767522096633911,1.8249595165252686,2.2147135734558105,2.412898540496826,2.7358694076538086,2.989053249359131,2.9935266971588135,2.8806941509246826,2.601839780807495,2.6728625297546387,5.610453128814697,5.386843681335449,5.113777160644531,4.740793228149414,4.384319305419922,4.000706672668457,3.9383392333984375,3.59159517288208,3.387259006500244,3.3858654499053955,3.0211353302001953,3.2377684116363525,3.0734667778015137,3.3129196166992188,3.0920135974884033,5.478183269500732,5.247340202331543,5.030986309051514,4.658753871917725,4.277719497680664,3.8980541229248047,3.8922696113586426,3.562688112258911,3.4018123149871826,3.409743547439575,3.0381007194519043,3.255552291870117,3.108168125152588,3.345684289932251,3.130094051361084
B2,1.0909332036972046,0.980357825756073,0.9032301902770996,0.9911973476409912,1.3800240755081177,1.4081315994262695,1.803110957145691,2.1541364192962646,2.3020427227020264,2.6462976932525635,2.8477258682250977,2.8458285331726074,2.808121919631958,2.48993182182312,2.499871015548706,0.3801519572734833,0.0,0.38786983489990234,0.6383396983146667,0.9155490398406982,1.2692705392837524,1.6239500045776367,1.9088084697723389,2.18220853805542,2.5179688930511475,2.7043917179107666,2.4063339233398438,2.2389461994171143,1.8887680768966675,2.0087239742279053,1.1413508653640747,0.8682581782341003,0.8191595673561096,1.1173540353775024,1.2609443664550781,1.5938318967819214,1.6696863174438477,2.0591015815734863,2.2465522289276123,2.557011842727661,2.827407121658325,2.8765339851379395,2.784363269805908,2.5389177799224854,2.6441595554351807,5.440736293792725,5.2340474128723145,4.97332239151001,4.608575820922852,4.254178047180176,3.862415075302124,3.8107242584228516,3.4828646183013916,3.2624478340148926,3.2913622856140137,2.9413695335388184,3.1704065799713135,3.018927574157715,3.244410991668701,2.9991869926452637,5.295546054840088,5.080047130584717,4.873610973358154,4.512021064758301,4.13015079498291,3.742037534713745,3.7352890968322754,3.421517848968506,3.23711895942688,3.2647345066070557,2.9081003665924072,3.1429355144500732,3.0182526111602783,3.2493107318878174,3.014227867126465
B3,1.3065296411514282,1.1514501571655273,0.9576329588890076,0.8892185091972351,1.2515069246292114,1.182056188583374,1.5583932399749756,1.9024107456207275,2.007805585861206,2.3572444915771484,2.5562281608581543,2.5943901538848877,2.575413703918457,2.2840752601623535,2.2888827323913574,0.714516818523407,0.38786983489990234,0.0,0.39545387029647827,0.5688014626502991,0.9005963802337646,1.2455683946609497,1.5484662055969238,1.8126732110977173,2.157121419906616,2.3587350845336914,2.0692362785339355,1.9285286664962769,1.5954567193984985,1.7658498287200928,1.3897855281829834,1.0980119705200195,0.9158118963241577,1.0911747217178345,1.1077858209609985,1.4207900762557983,1.4176862239837646,1.798936128616333,1.9513273239135742,2.2669036388397217,2.5296592712402344,2.611409902572632,2.5185391902923584,2.3092665672302246,2.4247395992279053,5.120984077453613,4.928934574127197,4.670233249664307,4.308155536651611,3.9620776176452637,3.5656914710998535,3.5080106258392334,3.19285249710083,2.9545769691467285,2.996382713317871,2.6627280712127686,2.9092297554016113,2.7827272415161133,3.009263515472412,2.759831190109253,4.974164962768555,4.773272514343262,4.564142227172852,4.207034587860107,3.829465389251709,3.4352171421051025,3.4141652584075928,3.1065964698791504,2.9021356105804443,2.9329187870025635,2.5889170169830322,2.8412582874298096,2.743807315826416,2.980835437774658,2.7465014457702637
B4,1.1774256229400635,0.9757294058799744,0.7032052278518677,0.5281442403793335,0.8681285977363586,0.7986664772033691,1.1888279914855957,1.5320651531219482,1.6645629405975342,2.013364791870117,2.210409164428711,2.221916437149048,2.2002980709075928,1.9035415649414062,1.9311630725860596,0.8686994910240173,0.6383396983146667,0.39545387029647827,0.0,0.3722890019416809,0.7245986461639404,1.0777347087860107,1.3106765747070312,1.598288655281067,1.9125142097473145,2.084838628768921,1.7952839136123657,1.607222557067871,1.2650091648101807,1.4179898500442505,1.3015320301055908,0.9945441484451294,0.6998398303985596,0.7554402947425842,0.7162203788757324,1.0270123481750488,1.0423489809036255,1.4296796321868896,1.6097617149353027,1.9205046892166138,2.1903464794158936,2.2514398097991943,2.1735992431640625,1.9492337703704834,2.0894389152526855,4.803941249847412,4.5969977378845215,4.339578628540039,3.978231191635132,3.6226155757904053,3.2297003269195557,3.188433885574341,2.8696060180664062,2.6556951999664307,2.713801860809326,2.3679943084716797,2.5844838619232178,2.432121515274048,2.6429460048675537,2.3862946033477783,4.658178329467773,4.441742420196533,4.2367353439331055,3.8773350715637207,3.4946365356445312,3.1063296794891357,3.108039379119873,2.803025484085083,2.6277294158935547,2.6834921836853027,2.329401969909668,2.5466420650482178,2.4178590774536133,2.6347599029541016,2.3890507221221924
B5,1.5377639532089233,1.309184193611145,0.9918183088302612,0.7157503962516785,0.9489052891731262,0.742876410484314,1.0604110956192017,1.39309823513031,1.4699389934539795,1.8102428913116455,2.023649215698242,2.092668294906616,2.1163976192474365,1.8675395250320435,1.9077032804489136,1.2053121328353882,0.9155490398406982,0.5688014626502991,0.3722890019416809,0.0,0.36794063448905945,0.7465510368347168,1.0009700059890747,1.2971954345703125,1.6146736145019531,1.8304485082626343,1.5723870992660522,1.4172472953796387,1.1233458518981934,1.3671406507492065,1.6689984798431396,1.354610562324524,1.031312346458435,0.9835087656974792,0.8020755052566528,1.0667766332626343,0.9438260793685913,1.2965189218521118,1.432525396347046,1.7277958393096924,2.002105951309204,2.120431423187256,2.0607314109802246,1.8940157890319824,2.0611026287078857,4.578120231628418,4.392150402069092,4.1454339027404785,3.7932534217834473,3.4464964866638184,3.04795503616333,3.0112991333007812,2.7181291580200195,2.484119415283203,2.5728909969329834,2.2555510997772217,2.4868602752685547,2.363161563873291,2.5594687461853027,2.2878799438476562,4.422896385192871,4.2264862060546875,4.027466773986816,3.679941177368164,3.301605224609375,2.906094551086426,2.898263692855835,2.612227201461792,2.4082040786743164,2.4819748401641846,2.1533050537109375,2.390378475189209,2.298574447631836,2.5097601413726807,2.254234790802002
B6,1.864441990852356,1.6356143951416016,1.3013842105865479,0.9719900488853455,1.08999502658844,0.7801627516746521,0.9750013947486877,1.2553441524505615,1.2513712644577026,1.583059549331665,1.7903366088867188,1.918864369392395,1.9739279747009277,1.7787810564041138,1.815953254699707,1.559643030166626,1.2692705392837524,0.9005963802337646,0.7245986461639404,0.36794063448905945,0.0,0.3914097845554352,0.6631237268447876,0.9519137740135193,1.2745062112808228,1.5193816423416138,1.290102243423462,1.1825059652328491,0.9553194642066956,1.2727594375610352,2.0014450550079346,1.6981769800186157,1.3565278053283691,1.234735131263733,0.9548777341842651,1.1204338073730469,0.8750718832015991,1.1563801765441895,1.22026789188385,1.5041126012802124,1.761533498764038,1.9295756816864014,1.877395749092102,1.7737317085266113,1.9532818794250488,4.283327102661133,4.1157379150390625,3.87410831451416,3.5284245014190674,3.1941165924072266,2.7933907508850098,2.7529983520507812,2.4835054874420166,2.2309553623199463,2.343024492263794,2.0577774047851562,2.3020622730255127,2.2135536670684814,2.4005658626556396,2.128434419631958,4.125428199768066,3.947392463684082,3.747555732727051,3.4086241722106934,3.03810453414917,2.638247013092041,2.614269971847534,2.3433399200439453,2.1144802570343018,2.200105905532837,1.8982025384902954,2.1508734226226807,2.098332405090332,2.307326316833496,2.055596351623535
B7,2.179736375808716,1.9725226163864136,1.6413776874542236,1.2901411056518555,1.331738829612732,0.9746444821357727,1.0464057922363281,1.2288734912872314,1.1112526655197144,1.4320584535598755,1.5956640243530273,1.7910444736480713,1.8552565574645996,1.7193878889083862,1.724851369857788,1.8972338438034058,1.6239500045776367,1.2455683946609497,1.0777347087860107,0.7465510368347168,0.3914097845554352,0.0,0.3872314691543579,0.5880773067474365,0.9456314444541931,1.2018053531646729,0.99017333984375,0.9793959856033325,0.8453881144523621,1.2052422761917114,2.315871000289917,2.037203788757324,1.6933120489120483,1.5341191291809082,1.203598976135254,1.258782148361206,0.9396767020225525,1.1159794330596924,1.0641820430755615,1.3459274768829346,1.5478183031082153,1.7579628229141235,1.6902350187301636,1.6601544618606567,1.8241764307022095,3.98612117767334,3.837759017944336,3.5923454761505127,3.248279094696045,2.9341020584106445,2.534160614013672,2.4710161685943604,2.2218849658966064,1.9419093132019043,2.060422897338867,1.8151484727859497,2.0835046768188477,2.0485332012176514,2.2404167652130127,1.9901381731033325,3.8348793983459473,3.67757511138916,3.4655063152313232,3.1304662227630615,2.7738699913024902,2.371150493621826,2.3121371269226074,2.047213077545166,1.7863856554031372,1.863647699356079,1.5910542011260986,1.870310664176941,1.8725571632385254,2.093867540359497,1.8699109554290771
B8,2.325932025909424,2.10040545463562,1.756748080253601,1.38200044631958,1.3114084005355835,0.9425342679023743,0.8579564690589905,0.9459311366081238,0.7677978277206421,1.0597827434539795,1.2304304838180542,1.4517327547073364,1.5587265491485596,1.4788967370986938,1.5262060165405273,2.1652207374572754,1.9088084697723389,1.5484662055969238,1.3106765747070312,1.0009700059890747,0.6631237268447876,0.3872314691543579,0.0,0.3591627776622772,0.6147006750106812,0.8767317533493042,0.7294776439666748,0.6853509545326233,0.6835207939147949,1.065290093421936,2.477219581604004,2.2020440101623535,1.8338048458099365,1.5966553688049316,1.2208714485168457,1.1867681741714478,0.8120992183685303,0.8549429178237915,0.7527066469192505,0.983130931854248,1.1909153461456299,1.4338053464889526,1.4135127067565918,1.4301166534423828,1.6425367593765259,3.6303157806396484,3.475928783416748,3.2404041290283203,2.9043619632720947,2.5830795764923096,2.183633327484131,2.150817632675171,1.922468900680542,1.666707158088684,1.8391755819320679,1.6122561693191528,1.8368918895721436,1.7923508882522583,1.9405491352081299,1.6738696098327637,3.4723801612854004,3.3073322772979736,3.105898857116699,2.7764036655426025,2.414968490600586,2.0140981674194336,1.9827710390090942,1.7423598766326904,1.5039104223251343,1.6435801982879639,1.3910026550292969,1.6202372312545776,1.6103250980377197,1.7873069047927856,1.5412565469741821
B9,2.5990986824035645,2.4019253253936768,2.0711491107940674,1.698237657546997,1.6197290420532227,1.2530498504638672,1.1415380239486694,1.1416223049163818,0.8658110499382019,1.1134655475616455,1.192873477935791,1.478731393814087,1.5705410242080688,1.5496182441711426,1.5413594245910645,2.4262888431549072,2.18220853805542,1.8126732110977173,1.598288655281067,1.2971954345703125,0.9519137740135193,0.5880773067474365,0.3591627776622772,0.0,0.39975273609161377,0.6463969945907593,0.5305722951889038,0.6822601556777954,0.7948683500289917,1.1412441730499268,2.743220567703247,2.491483688354492,2.134258270263672,1.9025744199752808,1.5240488052368164,1.435296893119812,1.070151686668396,1.0384289026260376,0.8149505853652954,1.0264407396316528,1.1227424144744873,1.3941435813903809,1.3367245197296143,1.4343180656433105,1.599692940711975,3.42043137550354,3.2871012687683105,3.041227340698242,2.703443765640259,2.4105679988861084,2.0163300037384033,1.942126750946045,1.734513282775879,1.4407246112823486,1.6052885055541992,1.4329833984375,1.690414547920227,1.7180875539779663,1.8815737962722778,1.6616438627243042,3.2763607501983643,3.135286331176758,2.912977457046509,2.584627866744995,2.244295358657837,1.8438290357589722,1.756261944770813,1.5152498483657837,1.2309097051620483,1.3441320657730103,1.132036566734314,1.4002479314804077,1.4670071601867676,1.6676836013793945,1.4779225587844849
B10,2.8610408306121826,2.6462907791137695,2.3088152408599854,1.930998682975769,1.7827177047729492,1.4351184368133545,1.2120764255523682,1.1021572351455688,0.766944944858551,0.879889965057373,0.9367782473564148,1.2818626165390015,1.4390250444412231,1.510921597480774,1.5484604835510254,2.7605907917022705,2.5179688930511475,2.157121419906616,1.9125142097473145,1.6146736145019531,1.2745062112808228,0.9456314444541931,0.6147006750106812,0.39975273609161377,0.0,0.38151925802230835,0.5344259738922119,0.6854010820388794,0.9573246240615845,1.2608375549316406,3.0152904987335205,2.7619075775146484,2.391195297241211,2.1133227348327637,1.7215116024017334,1.5831313133239746,1.212679147720337,1.0487525463104248,0.776496946811676,0.8301215767860413,0.8777811527252197,1.2127436399459839,1.2294337749481201,1.4082874059677124,1.6132439374923706,3.055034637451172,2.9275448322296143,2.700568437576294,2.381135940551758,2.0912282466888428,1.703424334526062,1.6706243753433228,1.5201002359390259,1.2604948282241821,1.503828525543213,1.3927851915359497,1.5833371877670288,1.618096113204956,1.7110896110534668,1.4861059188842773,2.8988215923309326,2.7615630626678467,2.5556297302246094,2.244250774383545,1.9072351455688477,1.513049602508545,1.4516487121582031,1.2715868949890137,1.0071908235549927,1.2171880006790161,1.0843149423599243,1.2707699537277222,1.3491284847259521,1.4740047454833984,1.2740793228149414
B11,2.9290006160736084,2.7440810203552246,2.428499221801758,2.0579495429992676,1.8700319528579712,1.5486552715301514,1.3027052879333496,1.1104739904403687,0.7460523247718811,0.8203215599060059,0.7223861217498779,1.079594373703003,1.1906580924987793,1.3183584213256836,1.317054033279419,2.9082562923431396,2.7043917179107666,2.3587350845336914,2.084838628768921,1.8304485082626343,1.5193816423416138,1.2018053531646729,0.8767317533493042,0.6463969945907593,0.38151925802230835,0.0,0.3816039562225342,0.596655011177063,0.9446708559989929,1.1494570970535278,3.080920696258545,2.8627781867980957,2.5021910667419434,2.205521821975708,1.8161019086837769,1.601975440979004,1.2736772298812866,1.0426368713378906,0.7044904828071594,0.7370842695236206,0.6232300400733948,0.9347140192985535,0.9208244681358337,1.1685360670089722,1.3429923057556152,2.799574851989746,2.6516120433807373,2.3980581760406494,2.057778835296631,1.7660318613052368,1.374482274055481,1.309067726135254,1.1416701078414917,0.8808138966560364,1.1418322324752808,1.0567710399627686,1.2236922979354858,1.2932332754135132,1.389905571937561,1.2160004377365112,2.667618989944458,2.5124423503875732,2.2771546840667725,1.9406291246414185,1.6015150547027588,1.2019764184951782,1.1159353256225586,0.8989109396934509,0.6552097201347351,0.8952551484107971,0.7692607045173645,0.8999494910240173,0.9935956597328186,1.1200242042541504,0.9721674919128418
B12,2.615464210510254,2.45768141746521,2.1583874225616455,1.7957446575164795,1.6408324241638184,1.3170866966247559,1.149890661239624,1.0232551097869873,0.7020846605300903,0.9368579983711243,0.8617262244224548,1.1275469064712524,1.1446679830551147,1.1682449579238892,1.1056225299835205,2.5873734951019287,2.4063339233398438,2.0692362785339355,1.7952839136123657,1.5723870992660522,1.290102243423462,0.99017333984375,0.7294776439666748,0.5305722951889038,0.5344259738922119,0.3816039562225342,0.0,0.3820420205593109,0.638079047203064,0.8441850543022156,2.7592921257019043,2.5587961673736572,2.2131636142730713,1.941414713859558,1.56256103515625,1.3477391004562378,1.041185975074768,0.8945309519767761,0.5658150911331177,0.7996258735656738,0.7513269186019897,0.955883264541626,0.8357899188995361,0.9886439442634583,1.1234917640686035,3.10864520072937,2.940591335296631,2.6631784439086914,2.299666166305542,1.9968746900558472,1.6021270751953125,1.49428391456604,1.2392956018447876,0.9527711272239685,1.1109471321105957,0.9166147708892822,1.159894585609436,1.2064257860183716,1.3943434953689575,1.2275487184524536,2.993744134902954,2.820840835571289,2.567852258682251,2.207857608795166,1.861592173576355,1.4627132415771484,1.365443468093872,1.0660279989242554,0.8367341756820679,0.951433539390564,0.6772733330726624,0.8944323658943176,0.9383549094200134,1.166164517402649,1.026533603668213
B13,2.3511996269226074,2.1736819744110107,1.8731228113174438,1.5140572786331177,1.3091808557510376,1.0114566087722778,0.8013266324996948,0.653932511806488,0.3791579306125641,0.701897919178009,0.7046900391578674,0.8772047162055969,0.9064273834228516,0.8704094290733337,0.8962520360946655,2.4076952934265137,2.2389461994171143,1.9285286664962769,1.607222557067871,1.4172472953796387,1.1825059652328491,0.9793959856033325,0.6853509545326233,0.6822601556777954,0.6854010820388794,0.596655011177063,0.3820420205593109,0.0,0.38244548439979553,0.5942899584770203,2.5056872367858887,2.2988646030426025,1.9435454607009888,1.6360313892364502,1.2548534870147705,1.0119105577468872,0.7115620970726013,0.5156989693641663,0.19694243371486664,0.5421264171600342,0.6334819197654724,0.7836819887161255,0.7312196493148804,0.7737501859664917,1.0108450651168823,3.2101168632507324,3.0081918239593506,2.7419872283935547,2.380805253982544,2.038050413131714,1.6396478414535522,1.5975772142410278,1.3174402713775635,1.115649700164795,1.294714331626892,1.0283420085906982,1.1856164932250977,1.1091538667678833,1.2646193504333496,1.0255141258239746,3.0821688175201416,2.871737003326416,2.6432244777679443,2.279660224914551,1.9050405025482178,1.510464072227478,1.5032655000686646,1.21733558177948,1.0851954221725464,1.2502009868621826,0.9501474499702454,1.059472680091858,0.9596139788627625,1.1298774480819702,0.8952898383140564
