,A1,A2,A3,A4,A5,A6,A7,A8,A9,A10,A11,A12,A13,A14,A15,B1,B2,B3,B4,B5,B6,B7,B8,B9,B10,B11,B12,B13,B14,B15,C1,C2,C3,C4,C5,C6,C7,C8,C9,C10,C11,C12,C13,C14,C15,D1,D2,D3,D4,D5,D6,D7,D8,D9,D10,D11,D12,D13,D14,D15,E1,E2,E3,E4,E5,E6,E7,E8,E9,E10,E11,E12,E13,E14,E15
A1,0.0,0.38624295592308044,0.6626615524291992,0.8159878253936768,0.8626521229743958,1.0672242641448975,1.3351866006851196,1.4751530885696411,1.525399088859558,1.888421893119812,2.071920871734619,2.142042636871338,2.4811975955963135,2.7210781574249268,2.764744758605957,1.2346571683883667,1.5188874006271362,1.6088509559631348,1.5917809009552002,1.2856522798538208,1.4963576793670654,1.7500466108322144,1.6104182004928589,1.525694727897644,1.699084758758545,2.01471209526062,1.8958035707473755,2.1730363368988037,2.4706778526306152,2.3921430110931396,3.275193691253662,3.1001038551330566,2.7178966999053955,2.875150203704834,2.8590478897094727,2.48264479637146,2.4884281158447266,2.67704176902771,2.4718081951141357,2.4578166007995605,2.094392776489258,2.034052610397339,1.9117616415023804,1.5461069345474243,1.5764433145523071,3.6217434406280518,3.466881513595581,3.0924975872039795,3.1517982482910156,3.040287494659424,2.696317195892334,2.6840131282806396,2.710387945175171,2.44925856590271,2.3078038692474365,1.9543402194976807,1.8223625421524048,1.5698797702789307,1.2128279209136963,1.2126328945159912,1.7079569101333618,1.8771966695785522,1.7451066970825195,2.101867437362671,1.9979493618011475,1.856569528579712,2.2256100177764893,2.3840107917785645,2.1723828315734863,2.460753917694092,2.5001161098480225,2.284606456756592,2.4560766220092773,2.3826746940612793,2.1528942584991455
A2,0.38624295592308044,0.0,0.3853989541530609,0.5000622868537903,0.6952855587005615,0.8693488836288452,1.0730316638946533,1.2802889347076416,1.3847999572753906,1.7488534450531006,1.9020990133285522,2.0229954719543457,2.369884967803955,2.584883213043213,2.6664204597473145,1.3753970861434937,1.668751835823059,1.7055144309997559,1.7626935243606567,1.4478943347930908,1.578546404838562,1.8797149658203125,1.7737480401992798,1.6170538663864136,1.7927590608596802,2.0607078075408936,1.8796544075012207,2.130544900894165,2.398294687271118,2.2655534744262695,3.319784164428711,3.176225423812866,2.7958545684814453,2.9311447143554688,2.8677685260772705,2.4970552921295166,2.505554437637329,2.643531322479248,2.407334089279175,2.3469600677490234,1.9845659732818604,1.8815292119979858,1.702812910079956,1.3275253772735596,1.3309625387191772,3.4668214321136475,3.290982484817505,2.9099340438842773,2.996440887451172,2.9222464561462402,2.5629754066467285,2.5579004287719727,2.636890411376953,2.3908698558807373,2.299501657485962,1.9350885152816772,1.8278920650482178,1.6399046182632446,1.2674956321716309,1.276566743850708,1.340728521347046,1.542642593383789,1.4543038606643677,1.7995764017105103,1.6896551847457886,1.5997538566589355,1.9775912761688232,2.121366500854492,1.9432138204574585,2.2584922313690186,2.3437721729278564,2.1595239639282227,2.3809120655059814,2.347959041595459,2.157778739929199
A3,0.6626615524291992,0.3853989541530609,0.0,0.3949102461338043,0.5675386190414429,0.5693047046661377,0.8133236765861511,1.0830508470535278,1.1378520727157593,1.5066126585006714,1.6025433540344238,1.7126531600952148,2.067882776260376,2.2533366680145264,2.3328335285186768,1.4740333557128906,1.7053779363632202,1.6528189182281494,1.7247426509857178,1.3861311674118042,1.4318232536315918,1.7372667789459229,1.6351838111877441,1.4114524126052856,1.5661579370498657,1.7891724109649658,1.5666708946228027,1.7965998649597168,2.046584129333496,1.8936980962753296,3.046665668487549,2.9355549812316895,2.56384539604187,2.7014081478118896,2.6004927158355713,2.2368974685668945,2.278618097305298,2.3916351795196533,2.1249561309814453,2.0673344135284424,1.723944067955017,1.572404384613037,1.4007192850112915,1.0323790311813354,0.9759325981140137,3.1029114723205566,2.915792942047119,2.534217119216919,2.617565870285034,2.556061267852783,2.19460391998291,2.1849470138549805,2.2827582359313965,2.0485029220581055,1.9833903312683105,1.6178245544433594,1.5354743003845215,1.401111125946045,1.0373167991638184,1.0860812664031982,1.1061556339263916,1.24613618850708,1.1038647890090942,1.4464184045791626,1.3388699293136597,1.2216897010803223,1.5969722270965576,1.7557083368301392,1.5851540565490723,1.9099348783493042,1.9881494045257568,1.8301500082015991,2.067675828933716,2.0381739139556885,1.8859294652938843
A4,0.8159878253936768,0.5000622868537903,0.3949102461338043,0.0,0.3793061375617981,0.5339427590370178,0.6016852855682373,0.83232182264328,1.0030289888381958,1.3428879976272583,1.490389108657837,1.6739102602005005,2.0087904930114746,2.2194998264312744,2.3524231910705566,1.3370614051818848,1.597925066947937,1.5575249195098877,1.7136800289154053,1.4254815578460693,1.4501115083694458,1.8026599884033203,1.7797027826309204,1.5695147514343262,1.7892844676971436,1.98452627658844,1.7691949605941772,2.0187644958496094,2.2224934101104736,2.04716420173645,3.1510426998138428,3.0270938873291016,2.652921199798584,2.735525608062744,2.6315395832061768,2.2777960300445557,2.258566379547119,2.3353993892669678,2.088702440261841,1.969534993171692,1.6097471714019775,1.4969178438186646,1.265145182609558,0.8946000933647156,0.9479421377182007,3.117853879928589,2.9523820877075195,2.5720009803771973,2.7116074562072754,2.6498351097106934,2.280426025390625,2.3311355113983154,2.458750009536743,2.20192551612854,2.1866838932037354,1.8433349132537842,1.7115362882614136,1.6122373342514038,1.2602713108062744,1.2044178247451782,1.1027544736862183,1.322176456451416,1.2369927167892456,1.515467643737793,1.3246607780456543,1.2751473188400269,1.6568950414657593,1.7330824136734009,1.5478450059890747,1.8578733205795288,1.9986602067947388,1.8192954063415527,2.082293748855591,2.1186740398406982,1.9561996459960938
A5,0.8626521229743958,0.6952855587005615,0.5675386190414429,0.3793061375617981,0.0,0.37567639350891113,0.5340389013290405,0.6130735278129578,0.7165252566337585,1.0668590068817139,1.2683852910995483,1.4184421300888062,1.7432323694229126,1.9942189455032349,2.1121745109558105,1.0478702783584595,1.2591192722320557,1.184902548789978,1.3540854454040527,1.0825474262237549,1.0880502462387085,1.4522937536239624,1.4710545539855957,1.281638503074646,1.5507982969284058,1.7418638467788696,1.5721646547317505,1.8651742935180664,2.0593602657318115,1.9255645275115967,2.8506250381469727,2.703124761581421,2.3254783153533936,2.39265775680542,2.3117473125457764,1.9556204080581665,1.9108037948608398,2.008592367172241,1.7883182764053345,1.6909596920013428,1.3180452585220337,1.2639024257659912,1.0927526950836182,0.7350180149078369,0.8903924822807312,2.9449105262756348,2.818286657333374,2.4461934566497803,2.5872085094451904,2.4783434867858887,2.1187262535095215,2.2061429023742676,2.2993578910827637,2.006232500076294,1.988193154335022,1.67051100730896,1.4760042428970337,1.3729914426803589,1.0440022945404053,0.9027612805366516,1.386707067489624,1.546832799911499,1.3836477994918823,1.6362398862838745,1.4056147336959839,1.2835296392440796,1.6510123014450073,1.7032111883163452,1.449661135673523,1.709610939025879,1.817508339881897,1.5861132144927979,1.813198208808899,1.8505539894104004,1.6513023376464844
A6,1.0672242641448975,0.8693488836288452,0.5693047046661377,0.5339427590370178,0.37567639350891113,0.0,0.387983113527298,0.5981839895248413,0.5782263875007629,0.9440703392028809,1.0407871007919312,1.1669623851776123,1.5148266553878784,1.720772624015808,1.8287785053253174,1.3411033153533936,1.4792420864105225,1.3161524534225464,1.46412992477417,1.164731502532959,1.074715256690979,1.4165501594543457,1.414942979812622,1.1474499702453613,1.3686014413833618,1.5063929557800293,1.2834587097167969,1.5444382429122925,1.7222126722335815,1.564415454864502,2.632554769515991,2.528007745742798,2.162533760070801,2.247011423110962,2.118968963623047,1.7693690061569214,1.7835901975631714,1.8552831411361694,1.5861817598342896,1.502502202987671,1.1583919525146484,1.0148327350616455,0.857265055179596,0.49441251158714294,0.5467988848686218,2.6264514923095703,2.477703809738159,2.101139783859253,2.229658365249634,2.1387579441070557,1.7739061117172241,1.845745325088501,1.959337830543518,1.6852489709854126,1.6926101446151733,1.3725115060806274,1.2190563678741455,1.183276653289795,0.8802453875541687,0.8153988122940063,1.2181059122085571,1.2966248989105225,1.0758312940597534,1.3133671283721924,1.0936745405197144,0.9243879914283752,1.2878330945968628,1.3686506748199463,1.122387170791626,1.4057561159133911,1.4976097345352173,1.304404854774475,1.5563600063323975,1.5868245363235474,1.4418601989746094
A7,1.3351866006851196,1.0730316638946533,0.8133236765861511,0.6016852855682373,0.5340389013290405,0.387983113527298,0.0,0.3833235502243042,0.5521460771560669,0.8297103047370911,0.9223252534866333,1.1645073890686035,1.4788767099380493,1.6722346544265747,1.8523787260055542,1.4759024381637573,1.6244401931762695,1.453418493270874,1.6827006340026855,1.4368064403533936,1.3072813749313354,1.6695479154586792,1.7301989793777466,1.4634675979614258,1.6989333629608154,1.7845708131790161,1.545028567314148,1.7760499715805054,1.8892686367034912,1.6825270652770996,2.7949957847595215,2.7061233520507812,2.354490041732788,2.3836770057678223,2.224839925765991,1.904754638671875,1.8765021562576294,1.8760817050933838,1.609162449836731,1.436344861984253,1.1027740240097046,0.9543399810791016,0.674677848815918,0.3260829746723175,0.4901862144470215,2.5770857334136963,2.431480646133423,2.058971881866455,2.2497010231018066,2.1906912326812744,1.8223177194595337,1.9428342580795288,2.112642288208008,1.8498256206512451,1.9263215065002441,1.6368188858032227,1.4866321086883545,1.5129871368408203,1.2440801858901978,1.1418956518173218,1.1159619092941284,1.2422964572906494,1.0977903604507446,1.2478810548782349,0.950965166091919,0.8974615335464478,1.2443822622299194,1.229729413986206,1.006895899772644,1.2902674674987793,1.4776073694229126,1.3085746765136719,1.6113985776901245,1.7245503664016724,1.6151998043060303
A8,1.4751530885696411,1.2802889347076416,1.0830508470535278,0.83232182264328,0.6130735278129578,0.5981839895248413,0.3833235502243042,0.0,0.3637925982475281,0.5605764389038086,0.791340708732605,1.0525020360946655,1.3208844661712646,1.5763354301452637,1.7738362550735474,1.2768970727920532,1.3786541223526,1.1862627267837524,1.476776123046875,1.303044319152832,1.1458219289779663,1.518595814704895,1.6575565338134766,1.4369902610778809,1.72925865650177,1.8011054992675781,1.621279001235962,1.8903956413269043,1.9751628637313843,1.8080720901489258,2.6829986572265625,2.562645435333252,2.212876558303833,2.190990924835205,2.0582077503204346,1.750913143157959,1.6510121822357178,1.6423282623291016,1.4276317358016968,1.2275763750076294,0.8703533411026001,0.8484594225883484,0.6132911443710327,0.3917135000228882,0.7363274097442627,2.5510215759277344,2.4611098766326904,2.107635736465454,2.32502818107605,2.220552444458008,1.8700274229049683,2.0516984462738037,2.1949894428253174,1.89548659324646,1.9856925010681152,1.7388004064559937,1.5185894966125488,1.5494964122772217,1.3209052085876465,1.1196269989013672,1.485686182975769,1.6116818189620972,1.4527497291564941,1.565950870513916,1.2377417087554932,1.1619606018066406,1.4635249376296997,1.3829169273376465,1.0986253023147583,1.2871074676513672,1.473436951637268,1.2382431030273438,1.5058499574661255,1.661070466041565,1.5118472576141357
A9,1.525399088859558,1.3847999572753906,1.1378520727157593,1.0030289888381958,0.7165252566337585,0.5782263875007629,0.5521460771560669,0.3637925982475281,0.0,0.37549781799316406,0.5810680389404297,0.7431002259254456,1.0404330492019653,1.3120522499084473,1.4644266366958618,1.3021862506866455,1.3184964656829834,1.0480029582977295,1.2937647104263306,1.110122561454773,0.8787979483604431,1.2268301248550415,1.3713550567626953,1.1301121711730957,1.4174693822860718,1.457988977432251,1.297620177268982,1.5796042680740356,1.6582986116409302,1.5293023586273193,2.325326442718506,2.209374189376831,1.859696865081787,1.8551291227340698,1.7172435522079468,1.3993958234786987,1.3327195644378662,1.3490735292434692,1.1135152578353882,0.9768731594085693,0.6083306670188904,0.5814204812049866,0.5000086426734924,0.351974219083786,0.6638969779014587,2.3053925037384033,2.2294304370880127,1.8796464204788208,2.066399335861206,1.925315499305725,1.583467721939087,1.7699977159500122,1.878812313079834,1.5620149374008179,1.6477549076080322,1.4252972602844238,1.1818193197250366,1.243683934211731,1.0718772411346436,0.8635163903236389,1.6210838556289673,1.6693140268325806,1.4336222410202026,1.5457016229629517,1.2431633472442627,1.0678259134292603,1.336920142173767,1.287962794303894,0.9521721005439758,1.1009042263031006,1.2086975574493408,0.9358893632888794,1.1732373237609863,1.304633617401123,1.1489564180374146
A10,1.888421893119812,1.7488534450531006,1.5066126585006714,1.3428879976272583,1.0668590068817139,0.9440703392028809,0.8297103047370911,0.5605764389038086,0.37549781799316406,0.0,0.3786385953426361,0.5993987917900085,0.7927780747413635,1.0913375616073608,1.2969954013824463,1.489632248878479,1.4402426481246948,1.126296877861023,1.417191505432129,1.3184260129928589,1.030287265777588,1.3321809768676758,1.549251675605774,1.330607533454895,1.6156439781188965,1.5841550827026367,1.4527556896209717,1.7095353603363037,1.7107115983963013,1.5875529050827026,2.226577043533325,2.121462821960449,1.8032112121582031,1.7242006063461304,1.5625296831130981,1.2994922399520874,1.1741867065429688,1.102992057800293,0.8988999128341675,0.6733061075210571,0.32021743059158325,0.4411371648311615,0.4438003599643707,0.5772750973701477,0.8824161291122437,2.107757806777954,2.0799458026885986,1.7602910995483398,1.9936336278915405,1.8390834331512451,1.5273879766464233,1.784938097000122,1.9055980443954468,1.589493751525879,1.7383240461349487,1.5869598388671875,1.33180832862854,1.459455132484436,1.3622493743896484,1.1346867084503174,1.8639955520629883,1.8948681354522705,1.669049620628357,1.7041113376617432,1.3738186359405518,1.2276333570480347,1.4162784814834595,1.2781800031661987,0.9314366579055786,0.9563745260238647,1.0946927070617676,0.8062834143638611,1.0313708782196045,1.2565181255340576,1.1364414691925049
A11,2.071920871734619,1.9020990133285522,1.6025433540344238,1.490389108657837,1.2683852910995483,1.0407871007919312,0.9223252534866333,0.791340708732605,0.5810680389404297,0.3786385953426361,0.0,0.37506675720214844,0.585055410861969,0.7896772027015686,1.027648687362671,1.8308722972869873,1.7782723903656006,1.444969654083252,1.687854528427124,1.5544756650924683,1.2350168228149414,1.4902355670928955,1.6681146621704102,1.395311713218689,1.6108028888702393,1.5076489448547363,1.326676607131958,1.5159666538238525,1.4579777717590332,1.2962347269058228,2.1070187091827393,2.0669021606445312,1.778555154800415,1.71493399143219,1.4797470569610596,1.2502007484436035,1.2146644592285156,1.0795294046401978,0.7911176085472107,0.5518240332603455,0.36942076683044434,0.15557745099067688,0.2855093777179718,0.6059777140617371,0.7733607888221741,1.77021324634552,1.716239094734192,1.3895845413208008,1.6376903057098389,1.513195276260376,1.1965934038162231,1.4699209928512573,1.6342658996582031,1.3540409803390503,1.5644243955612183,1.4431829452514648,1.2520509958267212,1.4618324041366577,1.4091120958328247,1.2617307901382446,1.78876531124115,1.7507154941558838,1.5077269077301025,1.4768218994140625,1.1623538732528687,1.005262851715088,1.113351821899414,0.9483442902565002,0.5984546542167664,0.5783923268318176,0.7437833547592163,0.5207889676094055,0.8304045796394348,1.0909262895584106,1.0819779634475708
A12,2.142042636871338,2.0229954719543457,1.7126531600952148,1.6739102602005005,1.4184421300888062,1.1669623851776123,1.1645073890686035,1.0525020360946655,0.7431002259254456,0.5993987917900085,0.37506675720214844,0.0,0.3608867824077606,0.5951196551322937,0.7244804501533508,1.8941795825958252,1.7834995985031128,1.4175100326538086,1.5898514986038208,1.4637236595153809,1.1095869541168213,1.2831891775131226,1.4533576965332031,1.1825515031814575,1.3598577976226807,1.2001655101776123,1.062743067741394,1.2501487731933594,1.1710824966430664,1.0833163261413574,1.7391164302825928,1.7085182666778564,1.427083134651184,1.3885219097137451,1.1376326084136963,0.9018723964691162,0.9390165209770203,0.8376463651657104,0.49574756622314453,0.4447768032550812,0.3890955150127411,0.24481508135795593,0.613993763923645,0.8427535891532898,0.936981201171875,1.597888469696045,1.5689971446990967,1.2573792934417725,1.4435979127883911,1.2522541284561157,0.9578931927680969,1.240753412246704,1.3421270847320557,1.035817265510559,1.2477550506591797,1.1854581832885742,0.9799120426177979,1.2367632389068604,1.2751139402389526,1.1507210731506348,1.9994547367095947,1.9114166498184204,1.6130092144012451,1.6007531881332397,1.3457132577896118,1.1027603149414062,1.1609952449798584,1.0706658363342285,0.7219496369361877,0.620527982711792,0.5639452338218689,0.21904823184013367,0.470166951417923,0.7185401320457458,0.7370789647102356
A13,2.4811975955963135,2.369884967803955,2.067882776260376,2.0087904930114746,1.7432323694229126,1.5148266553878784,1.4788767099380493,1.3208844661712646,1.0404330492019653,0.7927780747413635,0.585055410861969,0.3608867824077606,0.0,0.3733868896961212,0.5529032945632935,2.1152076721191406,1.958820104598999,1.5772706270217896,1.759422779083252,1.6977640390396118,1.3288384675979614,1.4458259344100952,1.6623531579971313,1.4345288276672363,1.5995067358016968,1.3879555463790894,1.306963324546814,1.4547784328460693,1.2992805242538452,1.2487236261367798,1.6085697412490845,1.600164771080017,1.3774715662002563,1.2550684213638306,0.9679613709449768,0.8449960350990295,0.8385794758796692,0.6052857637405396,0.30324527621269226,0.22520649433135986,0.5015718936920166,0.5306758284568787,0.8658407330513,1.1567490100860596,1.2687281370162964,1.3943467140197754,1.445583701133728,1.1988730430603027,1.4161553382873535,1.1956524848937988,0.9855104088783264,1.3331042528152466,1.4209362268447876,1.141922116279602,1.399248480796814,1.4241639375686646,1.2240175008773804,1.5026538372039795,1.591421127319336,1.4494158029556274,2.3100836277008057,2.2134592533111572,1.926660418510437,1.867408275604248,1.6108365058898926,1.3988838195800781,1.3882043361663818,1.2390663623809814,0.9350913763046265,0.6853450536727905,0.6009224057197571,0.3564397394657135,0.39468106627464294,0.7574325203895569,0.8362328410148621
A14,2.7210781574249268,2.584883213043213,2.2533366680145264,2.2194998264312744,1.9942189455032349,1.720772624015808,1.6722346544265747,1.5763354301452637,1.3120522499084473,1.0913375616073608,0.7896772027015686,0.5951196551322937,0.3733868896961212,0.0,0.3601425290107727,2.462181806564331,2.3189332485198975,1.938165307044983,2.100708484649658,2.0131399631500244,1.645797610282898,1.740809679031372,1.91520357131958,1.6586897373199463,1.7562036514282227,1.4906892776489258,1.3726959228515625,1.4248415231704712,1.1868337392807007,1.107884168624878,1.6029599905014038,1.6818538904190063,1.5181461572647095,1.417339563369751,1.0700066089630127,1.0283938646316528,1.115686297416687,0.85895836353302,0.5873192548751831,0.560942530632019,0.8411940336227417,0.7394883036613464,1.0302983522415161,1.3476154804229736,1.3755342960357666,1.032822847366333,1.0751368999481201,0.8500093817710876,1.0929723978042603,0.9051983952522278,0.7412768602371216,1.1222014427185059,1.2582769393920898,1.0595721006393433,1.385393738746643,1.4590147733688354,1.345443844795227,1.6722471714019775,1.7854474782943726,1.705182671546936,2.353773355484009,2.2058799266815186,1.9235402345657349,1.8020459413528442,1.5869930982589722,1.3915579319000244,1.2787485122680664,1.1161341667175293,0.8994296789169312,0.5651189088821411,0.40806689858436584,0.4425658881664276,0.48571354150772095,0.8171141743659973,1.0301567316055298
A15,2.764744758605957,2.6664204597473145,2.3328335285186768,2.3524231910705566,2.1121745109558105,1.8287785053253174,1.8523787260055542,1.7738362550735474,1.4644266366958618,1.2969954013824463,1.027648687362671,0.7244804501533508,0.5529032945632935,0.3601425290107727,0.0,2.5336313247680664,2.3616251945495605,1.9758697748184204,2.0727832317352295,1.9845396280288696,1.6204949617385864,1.6408644914627075,1.7835230827331543,1.5434972047805786,1.5830001831054688,1.2702223062515259,1.2050458192825317,1.2244402170181274,0.958532989025116,0.9828240275382996,1.2717500925064087,1.3853551149368286,1.2508931159973145,1.1987218856811523,0.8307124972343445,0.8259037137031555,1.022571086883545,0.841116189956665,0.592139720916748,0.7685291171073914,1.020706057548523,0.9325753450393677,1.2665411233901978,1.5300768613815308,1.5253678560256958,0.9925553202629089,1.0532640218734741,0.8667848706245422,0.9794898629188538,0.6910983324050903,0.6044787764549255,0.9597693085670471,1.0017820596694946,0.805690586566925,1.1284419298171997,1.2799603939056396,1.1883829832077026,1.5331484079360962,1.7155221700668335,1.6698297262191772,2.5167629718780518,2.3396646976470947,2.0210211277008057,1.9316071271896362,1.7655853033065796,1.5144270658493042,1.391377568244934,1.3165385723114014,1.1059930324554443,0.8308454751968384,0.5135852694511414,0.5448930859565735,0.3607478141784668,0.5711448788642883,0.861267626285553
B1,1.2346571683883667,1.3753970861434937,1.4740333557128906,1.3370614051818848,1.0478702783584595,1.3411033153533936,1.4759024381637573,1.2768970727920532,1.3021862506866455,1.489632248878479,1.8308722972869873,1.8941795825958252,2.1152076721191406,2.462181806564331,2.5336313247680664,0.0,0.38921085000038147,0.6707622408866882,0.799283504486084,0.809783935546875,1.0259041786193848,1.2767294645309448,1.4001002311706543,1.4712579250335693,1.816838026046753,2.0595996379852295,2.077266216278076,2.440727472305298,2.6396002769470215,2.6241393089294434,2.930901050567627,2.6638991832733154,2.294316530227661,2.310659646987915,2.3888275623321533,2.0594911575317383,1.8800082206726074,2.080249786376953,2.032320499420166,2.0014808177948,1.6557061672210693,1.822296380996704,1.7876434326171875,1.555487871170044,1.8194106817245483,3.482724666595459,3.455378770828247,3.122136116027832,3.2557713985443115,3.0475518703460693,2.7402098178863525,2.8808109760284424,2.8708508014678955,2.5212013721466064,2.443349599838257,2.2059762477874756,1.8972612619400024,1.6995328664779663,1.480670690536499,1.182626724243164,2.422696590423584,2.5936105251312256,2.4067962169647217,2.6512839794158936,2.397773027420044,2.232840061187744,2.561807155609131,2.572152614593506,2.2477922439575195,2.3850643634796143,2.428375720977783,2.098620891571045,2.1797964572906494,2.1958930492401123,1.874382734298706
B2,1.5188874006271362,1.668751835823059,1.7053779363632202,1.597925066947937,1.2591192722320557,1.4792420864105225,1.6244401931762695,1.3786541223526,1.3184964656829834,1.4402426481246948,1.7782723903656006,1.7834995985031128,1.958820104598999,2.3189332485198975,2.3616251945495605,0.38921085000038147,0.0,0.3905198872089386,0.5027732849121094,0.6784865856170654,0.853538453578949,1.0315765142440796,1.2260587215423584,1.352408528327942,1.7073293924331665,1.9164998531341553,1.9911844730377197,2.3607382774353027,2.534682512283325,2.561018705368042,2.646955728530884,2.357346534729004,2.001862049102783,1.9953641891479492,2.111989974975586,1.8054211139678955,1.5965508222579956,1.82547128200531,1.8303319215774536,1.8429982662200928,1.5369619131088257,1.7564641237258911,1.7966452836990356,1.6271355152130127,1.9019684791564941,3.329843521118164,3.339509963989258,3.0295565128326416,3.153923988342285,2.9110164642333984,2.633610248565674,2.796761989593506,2.75337290763855,2.392594337463379,2.315826416015625,2.12981915473938,1.7905635833740234,1.6123713254928589,1.4737833738327026,1.1422420740127563,2.642216920852661,2.771843910217285,2.5455706119537354,2.76556396484375,2.5051631927490234,2.3047592639923096,2.5991766452789307,2.597238302230835,2.249504327774048,2.331242799758911,2.333228588104248,1.9840056896209717,2.004678249359131,2.013913631439209,1.6736994981765747
B3,1.6088509559631348,1.7055144309997559,1.6528189182281494,1.5575249195098877,1.184902548789978,1.3161524534225464,1.453418493270874,1.1862627267837524,1.0480029582977295,1.126296877861023,1.444969654083252,1.4175100326538086,1.5772706270217896,1.938165307044983,1.9758697748184204,0.6707622408866882,0.3905198872089386,0.0,0.3971267640590668,0.5584585666656494,0.5544273257255554,0.7643517851829529,1.0328454971313477,1.1078131198883057,1.47536301612854,1.6272157430648804,1.7000839710235596,2.064004898071289,2.2035317420959473,2.2340991497039795,2.305387020111084,2.035052537918091,1.6766750812530518,1.6531808376312256,1.7404775619506836,1.4330304861068726,1.2208994626998901,1.442138433456421,1.4403647184371948,1.4675228595733643,1.1773200035095215,1.4132239818572998,1.5024751424789429,1.385482668876648,1.6614744663238525,2.944361448287964,2.964066743850708,2.663574695587158,2.7909464836120605,2.5401558876037598,2.2722573280334473,2.4559473991394043,2.4152450561523438,2.0504631996154785,2.004798412322998,1.8470438718795776,1.4939332008361816,1.3747520446777344,1.2839103937149048,0.9301193952560425,2.516535520553589,2.6044716835021973,2.350714921951294,2.536640167236328,2.269554615020752,2.048901319503784,2.3115549087524414,2.2960381507873535,1.9377211332321167,1.9861900806427002,1.9695888757705688,1.614967942237854,1.6203532218933105,1.645129919052124,1.311161994934082
B4,1.5917809009552002,1.7626935243606567,1.7247426509857178,1.7136800289154053,1.3540854454040527,1.46412992477417,1.6827006340026855,1.476776123046875,1.2937647104263306,1.417191505432129,1.687854528427124,1.5898514986038208,1.759422779083252,2.100708484649658,2.0727832317352295,0.799283504486084,0.5027732849121094,0.3971267640590668,0.0,0.3743332624435425,0.5287615656852722,0.5602506399154663,0.7664157152175903,0.9580360651016235,1.2921887636184692,1.4916969537734985,1.6291447877883911,1.9965577125549316,2.1764578819274902,2.2595126628875732,2.2060623168945312,1.910806655883789,1.5508121252059937,1.5999321937561035,1.741201400756836,1.426485538482666,1.2790940999984741,1.5769797563552856,1.579296350479126,1.6893454790115356,1.4258900880813599,1.6249067783355713,1.754517912864685,1.6158303022384644,1.8359344005584717,3.063189744949341,3.079103469848633,2.784611940383911,2.8588850498199463,2.5876271724700928,2.3398637771606445,2.4798357486724854,2.3840653896331787,2.0261895656585693,1.9123857021331787,1.7658617496490479,1.4187368154525757,1.2306087017059326,1.1862674951553345,0.8715338110923767,2.676722764968872,2.73852801322937,2.4577412605285645,2.675577163696289,2.449505090713501,2.1890738010406494,2.4465832710266113,2.4830663204193115,2.128619909286499,2.184513807296753,2.107053518295288,1.7614449262619019,1.7149285078048706,1.6537129878997803,1.2968406677246094
B5,1.2856522798538208,1.4478943347930908,1.3861311674118042,1.4254815578460693,1.0825474262237549,1.164731502532959,1.4368064403533936,1.303044319152832,1.110122561454773,1.3184260129928589,1.5544756650924683,1.4637236595153809,1.6977640390396118,2.0131399631500244,1.9845396280288696,0.809783935546875,0.6784865856170654,0.5584585666656494,0.3743332624435425,0.0,0.3727039694786072,0.5316173434257507,0.5927978754043579,0.698362410068512,1.0385658740997314,1.286324143409729,1.3712444305419922,1.7409271001815796,1.958878993988037,2.0183932781219482,2.220247745513916,1.967717170715332,1.5870922803878784,1.6954774856567383,1.7755284309387207,1.4212154150009155,1.3556931018829346,1.6356970071792603,1.5535885095596313,1.6573395729064941,1.3597326278686523,1.4791887998580933,1.5813727378845215,1.3913277387619019,1.564755916595459,2.967127561569214,2.9380669593811035,2.620314836502075,2.678532361984253,2.435014009475708,2.1606497764587402,2.2606492042541504,2.1810226440429688,1.8340978622436523,1.7013362646102905,1.4992351531982422,1.1767221689224243,0.9494690299034119,0.8387448191642761,0.5358896851539612,2.3616650104522705,2.4131133556365967,2.1287431716918945,2.3713314533233643,2.1718578338623047,1.9028698205947876,2.1787781715393066,2.254899740219116,1.9171022176742554,2.024768352508545,1.9491244554519653,1.6263266801834106,1.6274412870407104,1.538128137588501,1.1998167037963867
B6,1.4963576793670654,1.578546404838562,1.4318232536315918,1.4501115083694458,1.0880502462387085,1.074715256690979,1.3072813749313354,1.1458219289779663,0.8787979483604431,1.030287265777588,1.2350168228149414,1.1095869541168213,1.3288384675979614,1.645797610282898,1.6204949617385864,1.0259041786193848,0.853538453578949,0.5544273257255554,0.5287615656852722,0.3727039694786072,0.0,0.3841354250907898,0.5876844525337219,0.5637273788452148,0.9339271783828735,1.0827960968017578,1.15369713306427,1.52093505859375,1.6865644454956055,1.7418180704116821,1.9453922510147095,1.7188719511032104,1.3351110219955444,1.4125224351882935,1.4465135335922241,1.0866914987564087,1.022972822189331,1.281248688697815,1.1816049814224243,1.2958648204803467,1.019378423690796,1.1499743461608887,1.305130124092102,1.183410406112671,1.3645210266113281,2.604919672012329,2.589266300201416,2.2801759243011475,2.353806495666504,2.1022911071777344,1.8330106735229492,1.9692858457565308,1.903364658355713,1.5441397428512573,1.4654244184494019,1.2985297441482544,0.9463025331497192,0.8273700475692749,0.7885147929191589,0.4518619179725647,2.2814669609069824,2.2978763580322266,1.9939645528793335,2.187605142593384,1.970345139503479,1.6893044710159302,1.9281047582626343,1.9761428833007812,1.6255558729171753,1.6927673816680908,1.6041545867919922,1.2711697816848755,1.2613955736160278,1.200636863708496,0.8641912341117859
B7,1.7500466108322144,1.8797149658203125,1.7372667789459229,1.8026599884033203,1.4522937536239624,1.4165501594543457,1.6695479154586792,1.518595814704895,1.2268301248550415,1.3321809768676758,1.4902355670928955,1.2831891775131226,1.4458259344100952,1.740809679031372,1.6408644914627075,1.2767294645309448,1.0315765142440796,0.7643517851829529,0.5602506399154663,0.5316173434257507,0.3841354250907898,0.0,0.3755483329296112,0.5373390913009644,0.8324981927871704,0.9631385803222656,1.154399037361145,1.5064598321914673,1.671125888824463,1.8040424585342407,1.6999311447143555,1.4368377923965454,1.0582119226455688,1.1866827011108398,1.2953412532806396,0.9588224291801453,0.9390782713890076,1.274904489517212,1.2330600023269653,1.4412320852279663,1.2450900077819824,1.385373830795288,1.6041356325149536,1.522007703781128,1.6666141748428345,2.629415512084961,2.6418633460998535,2.364408016204834,2.390618085861206,2.1004798412323,1.8826608657836914,2.0015335083007812,1.8649085760116577,1.5130770206451416,1.3829928636550903,1.2906337976455688,0.9387961030006409,0.8026571869850159,0.9107696413993835,0.6692466735839844,2.5987777709960938,2.580951452255249,2.25154972076416,2.4412424564361572,2.252603530883789,1.941532850265503,2.139397382736206,2.2078802585601807,1.8621736764907837,1.8860955238342285,1.7268506288528442,1.406436562538147,1.2968205213546753,1.157874345779419,0.8015982508659363
B8,1.6104182004928589,1.7737480401992798,1.6351838111877441,1.7797027826309204,1.4710545539855957,1.414942979812622,1.7301989793777466,1.6575565338134766,1.3713550567626953,1.549251675605774,1.6681146621704102,1.4533576965332031,1.6623531579971313,1.91520357131958,1.7835230827331543,1.4001002311706543,1.2260587215423584,1.0328454971313477,0.7664157152175903,0.5927978754043579,0.5876844525337219,0.3755483329296112,0.0,0.36623889207839966,0.5687572956085205,0.8178440928459167,1.0224363803863525,1.3653957843780518,1.6005724668502808,1.751386046409607,1.7840622663497925,1.550565481185913,1.1821986436843872,1.407540202140808,1.4978374242782593,1.156577467918396,1.2386045455932617,1.5671355724334717,1.4715511798858643,1.6930915117263794,1.4864012002944946,1.5484957695007324,1.7460945844650269,1.613957166671753,1.6902471780776978,2.747954845428467,2.720435380935669,2.4324944019317627,2.4097115993499756,2.1371352672576904,1.9163912534713745,1.9622918367385864,1.799054741859436,1.4758878946304321,1.264967441558838,1.1319466829299927,0.8336795568466187,0.5773757696151733,0.7098241448402405,0.5996571183204651,2.539257526397705,2.502081871032715,2.1628923416137695,2.3907628059387207,2.2529714107513428,1.9229551553726196,2.12882924079895,2.25955867767334,1.9405993223190308,2.012218475341797,1.829813838005066,1.5495293140411377,1.4587376117706299,1.2455379962921143,0.9296712279319763
B9,1.525694727897644,1.6170538663864136,1.4114524126052856,1.5695147514343262,1.281638503074646,1.1474499702453613,1.4634675979614258,1.4369902610778809,1.1301121711730957,1.330607533454895,1.395311713218689,1.1825515031814575,1.4345288276672363,1.6586897373199463,1.5434972047805786,1.4712579250335693,1.352408528327942,1.1078131198883057,0.9580360651016235,0.698362410068512,0.5637273788452148,0.5373390913009644,0.36623889207839966,0.0,0.37265798449516296,0.5998442769050598,0.7015247941017151,1.0640275478363037,1.304742455482483,1.4155998229980469,1.7551209926605225,1.5868842601776123,1.2131258249282837,1.432237982749939,1.4271163940429688,1.0618048906326294,1.196465015411377,1.4654179811477661,1.291046142578125,1.4895484447479248,1.2753649950027466,1.266641616821289,1.4567317962646484,1.3268048763275146,1.3598105907440186,2.4894402027130127,2.4284000396728516,2.1212375164031982,2.1052536964416504,1.8604449033737183,1.6087549924850464,1.645139455795288,1.5217947959899902,1.195273995399475,1.0142585039138794,0.8228566646575928,0.5116022229194641,0.27792438864707947,0.42639029026031494,0.38482213020324707,2.227322578430176,2.1657559871673584,1.8172056674957275,2.0322322845458984,1.903001308441162,1.565185785293579,1.765247106552124,1.9092118740081787,1.6026535034179688,1.6984456777572632,1.5216120481491089,1.2648128271102905,1.2264848947525024,1.0187584161758423,0.7454960942268372
B10,1.699084758758545,1.7927590608596802,1.5661579370498657,1.7892844676971436,1.5507982969284058,1.3686014413833618,1.6989333629608154,1.72925865650177,1.4174693822860718,1.6156439781188965,1.6108028888702393,1.3598577976226807,1.5995067358016968,1.7562036514282227,1.5830001831054688,1.816838026046753,1.7073293924331665,1.47536301612854,1.2921887636184692,1.0385658740997314,0.9339271783828735,0.8324981927871704,0.5687572956085205,0.37265798449516296,0.0,0.3809255361557007,0.5408648252487183,0.8402897119522095,1.131807565689087,1.298926591873169,1.6718852519989014,1.5530526638031006,1.2192625999450684,1.5138936042785645,1.4906487464904785,1.1621646881103516,1.392680048942566,1.6537303924560547,1.4600831270217896,1.6982758045196533,1.5343776941299438,1.4677598476409912,1.6731101274490356,1.5573968887329102,1.5110079050064087,2.4644036293029785,2.3804402351379395,2.0900866985321045,2.0055527687072754,1.767712116241455,1.5512335300445557,1.5091173648834229,1.3308851718902588,1.0563210248947144,0.7818459868431091,0.6079352498054504,0.4347779154777527,0.18616148829460144,0.5347443222999573,0.7012261152267456,2.3149349689483643,2.2004971504211426,1.833147406578064,2.0475316047668457,1.9818358421325684,1.6227446794509888,1.775882601737976,1.9741692543029785,1.7097221612930298,1.806638479232788,1.576380729675293,1.386807918548584,1.3204489946365356,1.0319048166275024,0.8527195453643799
B11,2.01471209526062,2.0607078075408936,1.7891724109649658,1.98452627658844,1.7418638467788696,1.5063929557800293,1.7845708131790161,1.8011054992675781,1.457988977432251,1.5841550827026367,1.5076489448547363,1.2001655101776123,1.3879555463790894,1.4906892776489258,1.2702223062515259,2.0595996379852295,1.9164998531341553,1.6272157430648804,1.4916969537734985,1.286324143409729,1.0827960968017578,0.9631385803222656,0.8178440928459167,0.5998442769050598,0.3809255361557007,0.0,0.3693980276584625,0.6065296530723572,0.8172394633293152,1.044306755065918,1.3581198453903198,1.3008078336715698,1.000069260597229,1.298122763633728,1.2138543128967285,0.9256264567375183,1.2331793308258057,1.4526629447937012,1.2460097074508667,1.5234296321868896,1.4400463104248047,1.3541715145111084,1.6157032251358032,1.5833520889282227,1.5194810628890991,2.118624210357666,2.0499227046966553,1.7865039110183716,1.6802699565887451,1.4177769422531128,1.2400882244110107,1.2109915018081665,0.9971253871917725,0.7130160331726074,0.4484199583530426,0.4405805468559265,0.30297282338142395,0.45002198219299316,0.8043030500411987,0.9298287630081177,2.3955471515655518,2.238246440887451,1.8570818901062012,2.0047192573547363,1.9406851530075073,1.5729988813400269,1.6487994194030762,1.82825767993927,1.5759596824645996,1.6109137535095215,1.3252983093261719,1.1759376525878906,1.0546174049377441,0.7198275327682495,0.6424269080162048
B12,1.8958035707473755,1.8796544075012207,1.5666708946228027,1.7691949605941772,1.5721646547317505,1.2834587097167969,1.545028567314148,1.621279001235962,1.297620177268982,1.4527556896209717,1.326676607131958,1.062743067741394,1.306963324546814,1.3726959228515625,1.2050458192825317,2.077266216278076,1.9911844730377197,1.7000839710235596,1.6291447877883911,1.3712444305419922,1.15369713306427,1.154399037361145,1.0224363803863525,0.7015247941017151,0.5408648252487183,0.3693980276584625,0.0,0.3707346022129059,0.6364467740058899,0.7587852478027344,1.597435474395752,1.5883409976959229,1.2934767007827759,1.5391901731491089,1.3824537992477417,1.0869736671447754,1.376236915588379,1.5243031978607178,1.2454756498336792,1.4543983936309814,1.3480255603790283,1.1757923364639282,1.3916025161743164,1.348225712776184,1.2216166257858276,2.0049073696136475,1.8792084455490112,1.5768373012542725,1.4888139963150024,1.28871750831604,1.0439633131027222,0.9821215867996216,0.8644763231277466,0.5924834609031677,0.42396339774131775,0.1552322804927826,0.21856454014778137,0.49583902955055237,0.7181290984153748,0.9042215943336487,2.060054063796997,1.8825786113739014,1.4992743730545044,1.6392937898635864,1.5942292213439941,1.2245501279830933,1.299433708190918,1.5096325874328613,1.2862688302993774,1.3758059740066528,1.1214118003845215,1.0225788354873657,1.0122592449188232,0.7427934408187866,0.7492786049842834
B13,2.1730363368988037,2.130544900894165,1.7965998649597168,2.0187644958496094,1.8651742935180664,1.5444382429122925,1.7760499715805054,1.8903956413269043,1.5796042680740356,1.7095353603363037,1.5159666538238525,1.2501487731933594,1.4547784328460693,1.4248415231704712,1.2244402170181274,2.440727472305298,2.3607382774353027,2.064004898071289,1.9965577125549316,1.7409271001815796,1.52093505859375,1.5064598321914673,1.3653957843780518,1.0640275478363037,0.8402897119522095,0.6065296530723572,0.3707346022129059,0.0,0.3769165873527527,0.5500248670578003,1.6121419668197632,1.6859257221221924,1.4564313888549805,1.7123967409133911,1.5112601518630981,1.2839126586914062,1.617260456085205,1.7192168235778809,1.426873803138733,1.6358320713043213,1.5888230800628662,1.3686928749084473,1.5790170431137085,1.5732688903808594,1.3831977844238281,1.8657722473144531,1.701001763343811,1.4246630668640137,1.2594330310821533,1.1016032695770264,0.9068878293037415,0.723904550075531,0.5759750008583069,0.45517614483833313,0.3075699210166931,0.2517419457435608,0.5791745185852051,0.8367380499839783,1.0457763671875,1.2663929462432861,2.130850076675415,1.8931690454483032,1.5112918615341187,1.6022037267684937,1.6251351833343506,1.266294240951538,1.24489164352417,1.4937520027160645,1.3474231958389282,1.4214414358139038,1.133035659790039,1.149754524230957,1.137235164642334,0.8649846911430359,1.0014289617538452
