,A1,A2,A3,A4,A5,A6,A7,A8,A9,A10,A11,A12,A13,A14,A15,B1,B2,B3,B4,B5,B6,B7,B8,B9,B10,B11,B12,B13,B14,B15,C1,C2,C3,C4,C5,C6,C7,C8,C9,C10,C11,C12,C13,C14,C15,D1,D2,D3,D4,D5,D6,D7,D8,D9,D10,D11,D12,D13,D14,D15,E1,E2,E3,E4,E5,E6,E7,E8,E9,E10,E11,E12,E13,E14,E15
A1,0.0,0.40006640553474426,0.62783282995224,0.8562363386154175,1.0820828676223755,1.3079476356506348,1.5746123790740967,1.8902385234832764,2.166827917098999,2.470097780227661,2.690356731414795,2.7779722213745117,3.0195775032043457,3.2608916759490967,3.5887463092803955,2.1187851428985596,2.31754732131958,2.029143810272217,2.3066482543945312,2.4405736923217773,2.2114100456237793,2.494065046310425,2.780385732650757,2.7055435180664062,3.009603977203369,3.0852692127227783,2.797495126724243,2.9272704124450684,2.6770436763763428,2.9706053733825684,5.159967422485352,5.0288166999816895,4.649340629577637,4.683708190917969,4.624917507171631,4.245330333709717,4.335038661956787,4.316730499267578,4.036798477172852,4.023967266082764,3.7231905460357666,3.4604392051696777,3.244724750518799,2.9516077041625977,2.7059669494628906,6.404386043548584,6.100122928619385,5.80474853515625,5.610780715942383,5.461557388305664,5.151496887207031,5.010226249694824,4.665448188781738,4.5101799964904785,4.1800336837768555,3.8737847805023193,3.8932790756225586,3.5459136962890625,3.6560561656951904,3.3199377059936523,5.282080173492432,4.923239707946777,4.855857849121094,4.549149036407471,4.33207893371582,4.296774387359619,4.047712802886963,3.6541056632995605,3.6420538425445557,3.2653071880340576,3.169445037841797,3.500447988510132,3.4090464115142822,3.7666518688201904,3.7543702125549316
A2,0.40006640553474426,0.0,0.3762531280517578,0.4748707711696625,0.7642610669136047,0.9632279276847839,1.2234134674072266,1.511712908744812,1.806302547454834,2.093904972076416,2.3188672065734863,2.3897557258605957,2.6347391605377197,2.8669381141662598,3.1979105472564697,2.149667501449585,2.2934036254882812,1.9608635902404785,2.20697021484375,2.2980411052703857,2.024613857269287,2.305102825164795,2.5512897968292236,2.4375927448272705,2.7215821743011475,2.76387619972229,2.459152936935425,2.5886318683624268,2.322688579559326,2.608038902282715,4.952317237854004,4.80656623840332,4.425734519958496,4.446135520935059,4.3648271560668945,3.986517906188965,4.069160461425781,4.024130344390869,3.7336695194244385,3.699697256088257,3.3855059146881104,3.128690242767334,2.904839038848877,2.6202969551086426,2.354715347290039,6.040058135986328,5.736430644989014,5.436853885650635,5.2472920417785645,5.1072773933410645,4.790211200714111,4.656319618225098,4.320732116699219,4.167210102081299,3.846803903579712,3.5445404052734375,3.552504777908325,3.1978089809417725,3.2947499752044678,2.950655221939087,4.913760662078857,4.5604729652404785,4.486579418182373,4.18876838684082,3.96097993850708,3.9247682094573975,3.6878066062927246,3.290781259536743,3.266172409057617,2.8909244537353516,2.795746326446533,3.1280317306518555,3.0544090270996094,3.4135332107543945,3.41645884513855
A3,0.62783282995224,0.3762531280517578,0.0,0.397195428609848,0.5551894307136536,0.7013323903083801,1.0197926759719849,1.3504761457443237,1.5871294736862183,1.9155503511428833,2.101452112197876,2.2122833728790283,2.464345932006836,2.730252265930176,3.0393452644348145,1.8970210552215576,1.9969432353973389,1.6532005071640015,1.8691105842590332,1.9727975130081177,1.6896007061004639,1.9498013257980347,2.2008163928985596,2.1100406646728516,2.396207809448242,2.4623289108276367,2.176347494125366,2.3026111125946045,2.0641636848449707,2.3725509643554688,4.612148284912109,4.460719108581543,4.082754611968994,4.0983076095581055,4.0295915603637695,3.649031162261963,3.7268331050872803,3.696432113647461,3.4169344902038574,3.397789716720581,3.0975160598754883,2.8368730545043945,2.6196885108947754,2.3265132904052734,2.0866119861602783,5.789604187011719,5.485775470733643,5.1933746337890625,4.997366428375244,4.84107780456543,4.535193920135498,4.39156436920166,4.043926239013672,3.8853092193603516,3.5537736415863037,3.246415138244629,3.2713115215301514,2.9268417358398438,3.05171537399292,2.72603440284729,4.803143501281738,4.442464828491211,4.344155311584473,4.046493053436279,3.8293042182922363,3.760406017303467,3.519876480102539,3.126359462738037,3.092081308364868,2.704854965209961,2.580252170562744,2.902566909790039,2.7943527698516846,3.148688793182373,3.128443956375122
A4,0.8562363386154175,0.4748707711696625,0.397195428609848,0.0,0.3697032630443573,0.5299208760261536,0.7582678198814392,1.0383973121643066,1.3338987827301025,1.6198371648788452,1.847122311592102,1.9254401922225952,2.16398549079895,2.407581090927124,2.7328062057495117,2.2170908451080322,2.2797493934631348,1.9116863012313843,2.0908613204956055,2.147291421890259,1.821415662765503,2.066023349761963,2.255194664001465,2.110973834991455,2.3549656867980957,2.3576624393463135,2.0389931201934814,2.1463100910186768,1.8627358675003052,2.13742733001709,4.673976421356201,4.502608299255371,4.125960350036621,4.118979454040527,4.021136283874512,3.643993616104126,3.7043802738189697,3.6313161849975586,3.3400919437408447,3.278282403945923,2.949531316757202,2.7088255882263184,2.4657578468322754,2.1986756324768066,1.909797191619873,5.583293914794922,5.286101341247559,4.9800591468811035,4.799944877624512,4.659141540527344,4.336206912994385,4.215277194976807,3.8874921798706055,3.7239558696746826,3.415140390396118,3.1080801486968994,3.098698139190674,2.740570545196533,2.8255529403686523,2.4788079261779785,4.464257717132568,4.110099792480469,4.024731159210205,3.7304861545562744,3.5018668174743652,3.4554812908172607,3.221865177154541,2.8240761756896973,2.7937629222869873,2.416792631149292,2.32401704788208,2.659663438796997,2.5930378437042236,2.955143451690674,2.976508617401123
A5,1.0820828676223755,0.7642610669136047,0.5551894307136536,0.3697032630443573,0.0,0.3750985860824585,0.5081676244735718,0.876666247844696,1.1062973737716675,1.430511713027954,1.6526402235031128,1.791609525680542,1.9988189935684204,2.284618377685547,2.5879647731781006,2.24363112449646,2.256303548812866,1.8900768756866455,2.0096323490142822,2.0898499488830566,1.7453458309173584,1.9283348321914673,2.095731496810913,1.9779359102249146,2.1872692108154297,2.185467481613159,1.8787305355072021,1.9344924688339233,1.6509230136871338,1.9188650846481323,4.530218601226807,4.335690975189209,3.968339204788208,3.9339792728424072,3.8497390747070312,3.4701335430145264,3.49883770942688,3.4251017570495605,3.1552793979644775,3.081184148788452,2.751162052154541,2.532287359237671,2.265439987182617,2.016554355621338,1.7268840074539185,5.39547872543335,5.111363887786865,4.80024528503418,4.631917476654053,4.470328330993652,4.149792194366455,4.041613578796387,3.711111545562744,3.521617889404297,3.2162740230560303,2.8882269859313965,2.865938901901245,2.5176334381103516,2.6055376529693604,2.2729897499084473,4.2783966064453125,3.9106197357177734,3.8203976154327393,3.5121943950653076,3.307774543762207,3.2469115257263184,2.9902806282043457,2.6001133918762207,2.593318223953247,2.213050603866577,2.130704879760742,2.469933032989502,2.3767151832580566,2.741915702819824,2.769549608230591
A6,1.3079476356506348,0.9632279276847839,0.7013323903083801,0.5299208760261536,0.3750985860824585,0.0,0.4046095311641693,0.7061691880226135,0.8969680070877075,1.2366318702697754,1.4012795686721802,1.5310008525848389,1.780398964881897,2.067148208618164,2.359093189239502,2.1129202842712402,2.0821316242218018,1.698951244354248,1.7916685342788696,1.820841908454895,1.4570451974868774,1.64647376537323,1.7852463722229004,1.6345504522323608,1.8487534523010254,1.8462028503417969,1.5361653566360474,1.6315044164657593,1.3691033124923706,1.671924114227295,4.206060886383057,4.015796661376953,3.644627094268799,3.618046522140503,3.5186927318573,3.1413795948028564,3.1863319873809814,3.108491897583008,2.824280261993408,2.7613370418548584,2.437925338745117,2.1996335983276367,1.9539504051208496,1.685263991355896,1.409001111984253,5.103241443634033,4.8066725730896,4.506146430969238,4.321619510650635,4.165778160095215,3.851532459259033,3.724534749984741,3.3881001472473145,3.2171857357025146,2.901883602142334,2.589219808578491,2.5911240577697754,2.2396492958068848,2.3522799015045166,2.0247292518615723,4.164060592651367,3.805924892425537,3.68318510055542,3.397287368774414,3.1765947341918945,3.084019422531128,2.8560736179351807,2.463027238845825,2.4080970287323,2.0161375999450684,1.8797892332077026,2.202726364135742,2.1011221408843994,2.4595768451690674,2.4639294147491455
A7,1.5746123790740967,1.2234134674072266,1.0197926759719849,0.7582678198814392,0.5081676244735718,0.4046095311641693,0.0,0.40124568343162537,0.6039956212043762,0.9247116446495056,1.1540358066558838,1.3050203323364258,1.49539053440094,1.7953977584838867,2.088081121444702,2.4802656173706055,2.419011116027832,2.0403800010681152,2.0831551551818848,2.105654716491699,1.7259798049926758,1.8505680561065674,1.9201602935791016,1.754696249961853,1.8883335590362549,1.8146977424621582,1.4903812408447266,1.50300133228302,1.1838068962097168,1.4235633611679077,4.306143760681152,4.083923816680908,3.725634813308716,3.6584455966949463,3.547166347503662,3.176051139831543,3.177008867263794,3.0594778060913086,2.7873780727386475,2.669691801071167,2.3177249431610107,2.127819299697876,1.8330427408218384,1.6226592063903809,1.2925432920455933,4.912786483764648,4.6359076499938965,4.316385269165039,4.160754203796387,4.003721237182617,3.6738369464874268,3.5844976902008057,3.2694664001464844,3.070082426071167,2.786055564880371,2.456573247909546,2.404794931411743,2.049809217453003,2.112661361694336,1.7726548910140991,3.801359176635742,3.4363925457000732,3.330005645751953,3.030881404876709,2.820624351501465,2.7467329502105713,2.5001778602600098,2.1075713634490967,2.0875158309936523,1.7053691148757935,1.6293233633041382,1.9741402864456177,1.9002041816711426,2.2690906524658203,2.3301875591278076
A8,1.8902385234832764,1.511712908744812,1.3504761457443237,1.0383973121643066,0.876666247844696,0.7061691880226135,0.40124568343162537,0.0,0.38844284415245056,0.5829073786735535,0.8550243973731995,0.942115068435669,1.1343719959259033,1.4080811738967896,1.7166283130645752,2.741539239883423,2.6550064086914062,2.2705771923065186,2.289567232131958,2.2548537254333496,1.8667545318603516,1.9777182340621948,1.9743900299072266,1.750298023223877,1.8267343044281006,1.6761059761047363,1.3284616470336914,1.3300321102142334,0.969385027885437,1.1549921035766602,4.271946430206299,4.038944244384766,3.6862199306488037,3.6048007011413574,3.458047866821289,3.100903272628784,3.0943031311035156,2.9314064979553223,2.644601583480835,2.486128091812134,2.1117513179779053,1.9440276622772217,1.6385949850082397,1.4692273139953613,1.0950145721435547,4.621317386627197,4.34512186050415,4.017961025238037,3.8712329864501953,3.736353635787964,3.3926868438720703,3.319319009780884,3.0276880264282227,2.836475133895874,2.57938814163208,2.267832040786743,2.18721604347229,1.8201589584350586,1.8394365310668945,1.4756120443344116,3.4711086750030518,3.119631290435791,3.006699562072754,2.72658371925354,2.490647315979004,2.423171281814575,2.2056221961975098,1.8054171800613403,1.7558518648147583,1.3796601295471191,1.3179359436035156,1.6692826747894287,1.6540250778198242,2.0210933685302734,2.123162269592285
A9,2.166827917098999,1.806302547454834,1.5871294736862183,1.3338987827301025,1.1062973737716675,0.8969680070877075,0.6039956212043762,0.38844284415245056,0.0,0.3932974636554718,0.5598678588867188,0.777496874332428,0.9381533861160278,1.282106637954712,1.5322943925857544,2.7627031803131104,2.622399091720581,2.2535862922668457,2.2064900398254395,2.1659047603607178,1.7798091173171997,1.816086769104004,1.7543461322784424,1.5454320907592773,1.5567747354507446,1.3838976621627808,1.0607329607009888,0.9896902441978455,0.627232015132904,0.8212318420410156,3.993410587310791,3.7396962642669678,3.399062156677246,3.291369676589966,3.1502537727355957,2.79666805267334,2.761017322540283,2.5912046432495117,2.323193311691284,2.1519269943237305,1.7783533334732056,1.6344579458236694,1.306063175201416,1.1674364805221558,0.7967724204063416,4.3161187171936035,4.046354293823242,3.7208638191223145,3.576549530029297,3.41975474357605,3.0834648609161377,3.012700319290161,2.714040994644165,2.5020036697387695,2.244126796722412,1.9154847860336304,1.8299952745437622,1.4703257083892822,1.5106905698776245,1.1692194938659668,3.3081130981445312,2.9490504264831543,2.8039097785949707,2.5249648094177246,2.3108069896698,2.194911003112793,1.9704807996749878,1.5814495086669922,1.5216645002365112,1.1286238431930542,1.0297644138336182,1.3750659227371216,1.3126728534698486,1.6830428838729858,1.782271385192871
A10,2.470097780227661,2.093904972076416,1.9155503511428833,1.6198371648788452,1.430511713027954,1.2366318702697754,0.9247116446495056,0.5829073786735535,0.3932974636554718,0.0,0.3748565912246704,0.4942111372947693,0.575733482837677,0.9059346914291382,1.1721678972244263,3.116154670715332,2.9676513671875,2.5987303256988525,2.542478322982788,2.4681336879730225,2.0866525173187256,2.1122403144836426,1.9957771301269531,1.7511345148086548,1.6970171928405762,1.442306399345398,1.1258094310760498,1.0120453834533691,0.6334161758422852,0.6455371975898743,4.0982666015625,3.8310134410858154,3.503721237182617,3.375201940536499,3.2018704414367676,2.870415687561035,2.815918207168579,2.594953775405884,2.324678897857666,2.0970706939697266,1.7012479305267334,1.6106932163238525,1.2710047960281372,1.2203363180160522,0.8325304388999939,4.081203937530518,3.821218967437744,3.4811575412750244,3.3591349124908447,3.226138114929199,2.871074914932251,2.8342933654785156,2.5733895301818848,2.361485004425049,2.1519556045532227,1.8458729982376099,1.7050341367721558,1.3439264297485352,1.2972238063812256,0.9245741367340088,2.9477550983428955,2.5995264053344727,2.4564425945281982,2.1913158893585205,1.953391432762146,1.8549144268035889,1.6545432806015015,1.2569761276245117,1.178560495376587,0.7972135543823242,0.7701655626296997,1.131002426147461,1.1671353578567505,1.5251017808914185,1.6974186897277832
A11,2.690356731414795,2.3188672065734863,2.101452112197876,1.847122311592102,1.6526402235031128,1.4012795686721802,1.1540358066558838,0.8550243973731995,0.5598678588867188,0.3748565912246704,0.0,0.36119726300239563,0.4861745238304138,0.8522170782089233,1.0314902067184448,3.0734050273895264,2.8833348751068115,2.5316336154937744,2.4299631118774414,2.324190139770508,1.9595338106155396,1.9397878646850586,1.7625812292099,1.5088707208633423,1.3942902088165283,1.1028364896774292,0.814975380897522,0.6666085124015808,0.32183706760406494,0.32104969024658203,3.754033088684082,3.4808218479156494,3.1603307723999023,3.0238192081451416,2.8407883644104004,2.517303466796875,2.458988904953003,2.2273590564727783,1.9548643827438354,1.7234035730361938,1.3278037309646606,1.2409132719039917,0.9006858468055725,0.883556604385376,0.5184658765792847,3.771275281906128,3.500307083129883,3.1715753078460693,3.0315067768096924,2.8886280059814453,2.5431270599365234,2.485649347305298,2.210578203201294,2.003187656402588,1.781079888343811,1.4796779155731201,1.3594661951065063,0.9904570579528809,0.9912543892860413,0.6322339773178101,2.9274189472198486,2.5912203788757324,2.3960020542144775,2.162789821624756,1.9293832778930664,1.7605037689208984,1.5993938446044922,1.2302868366241455,1.0715537071228027,0.6776123642921448,0.47996270656585693,0.8217076659202576,0.814263641834259,1.1759637594223022,1.3268256187438965
A12,2.7779722213745117,2.3897557258605957,2.2122833728790283,1.9254401922225952,1.791609525680542,1.5310008525848389,1.3050203323364258,0.942115068435669,0.777496874332428,0.4942111372947693,0.36119726300239563,0.0,0.3658025860786438,0.5988689661026001,0.8466445207595825,3.225532054901123,3.0522897243499756,2.6923539638519287,2.618433713912964,2.4772729873657227,2.117277145385742,2.1402182579040527,1.960052490234375,1.6612251996994019,1.5589244365692139,1.2406119108200073,0.9437025189399719,0.8915178775787354,0.6149696707725525,0.5594009757041931,3.8742752075195312,3.6153059005737305,3.2935292720794678,3.1731646060943604,2.957213878631592,2.6504111289978027,2.6180739402770996,2.3618340492248535,2.0640361309051514,1.8211472034454346,1.4265425205230713,1.3370906114578247,1.051275372505188,1.043992519378662,0.704266369342804,3.730219602584839,3.4492177963256836,3.119426727294922,2.977252721786499,2.8766536712646484,2.518953800201416,2.464470386505127,2.2185347080230713,2.052022933959961,1.8581403493881226,1.6120749711990356,1.4893618822097778,1.1285256147384644,1.073477864265442,0.7026788592338562,2.842681407928467,2.5343425273895264,2.3425090312957764,2.1442906856536865,1.8648738861083984,1.7242931127548218,1.6244181394577026,1.2581956386566162,1.04071843624115,0.6966273188591003,0.5257624983787537,0.8237709999084473,0.9461495876312256,1.2619755268096924,1.4359076023101807
A13,3.0195775032043457,2.6347391605377197,2.464345932006836,2.16398549079895,1.9988189935684204,1.780398964881897,1.49539053440094,1.1343719959259033,0.9381533861160278,0.575733482837677,0.4861745238304138,0.3658025860786438,0.0,0.3937102258205414,0.597690999507904,3.534442663192749,3.35125470161438,2.996082067489624,2.902315378189087,2.777635335922241,2.417867660522461,2.404409408569336,2.202195882797241,1.929256558418274,1.7745651006698608,1.4301904439926147,1.1847550868988037,1.0264415740966797,0.7743644118309021,0.5237682461738586,4.025848865509033,3.7415883541107178,3.441732406616211,3.284259080886841,3.068479299545288,2.7795019149780273,2.6997265815734863,2.413320302963257,2.1510183811187744,1.8550641536712646,1.4559246301651,1.454725742340088,1.1439868211746216,1.2344732284545898,0.927293062210083,3.5765931606292725,3.3245787620544434,2.9738447666168213,2.873157262802124,2.7695698738098145,2.3983523845672607,2.399512529373169,2.1922073364257812,1.9901468753814697,1.8543243408203125,1.6037030220031738,1.4031480550765991,1.0739779472351074,0.9079257249832153,0.5402166247367859,2.4953529834747314,2.17707896232605,1.9912739992141724,1.7811599969863892,1.5084995031356812,1.375964641571045,1.2630630731582642,0.8958562016487122,0.6902791261672974,0.35772645473480225,0.3963032066822052,0.6945270299911499,0.8942546248435974,1.182547926902771,1.4423145055770874
A14,3.2608916759490967,2.8669381141662598,2.730252265930176,2.407581090927124,2.284618377685547,2.067148208618164,1.7953977584838867,1.4080811738967896,1.282106637954712,0.9059346914291382,0.8522170782089233,0.5988689661026001,0.3937102258205414,0.0,0.3712049722671509,3.821979284286499,3.646791934967041,3.2890031337738037,3.208752155303955,3.056864023208618,2.7049601078033447,2.711777925491333,2.4976391792297363,2.198723793029785,2.038099765777588,1.6743661165237427,1.4469321966171265,1.3349941968917847,1.126120924949646,0.8789086937904358,4.199429512023926,3.92203426361084,3.6314520835876465,3.4780235290527344,3.2324025630950928,2.9696269035339355,2.9000885486602783,2.5853934288024902,2.3164608478546143,2.002197504043579,1.6215126514434814,1.6439563035964966,1.3884800672531128,1.5030763149261475,1.2313203811645508,3.4725804328918457,3.2227048873901367,2.8680081367492676,2.782207727432251,2.726973295211792,2.345482349395752,2.370934009552002,2.215911865234375,2.051741123199463,1.9694286584854126,1.7818598747253418,1.5700289011001587,1.282634973526001,1.0588098764419556,0.7656521797180176,2.304316997528076,2.0269486904144287,1.8452359437942505,1.6899935007095337,1.3680373430252075,1.277382254600525,1.2605890035629272,0.9479557275772095,0.6878530383110046,0.5703251957893372,0.6656711101531982,0.8145087957382202,1.1188961267471313,1.3261204957962036,1.6116302013397217
A15,3.5887463092803955,3.1979105472564697,3.0393452644348145,2.7328062057495117,2.5879647731781006,2.359093189239502,2.088081121444702,1.7166283130645752,1.5322943925857544,1.1721678972244263,1.0314902067184448,0.8466445207595825,0.597690999507904,0.3712049722671509,0.0,4.023561954498291,3.8189666271209717,3.47731876373291,3.361372947692871,3.1987051963806152,2.863797426223755,2.8275985717773438,2.569751024246216,2.285247325897217,2.0651984214782715,1.6803615093231201,1.5244543552398682,1.3697715997695923,1.2502074241638184,0.9386513829231262,4.079749584197998,3.7864108085632324,3.521663188934326,3.3417046070098877,3.086120128631592,2.853670358657837,2.7545578479766846,2.41146183013916,2.1718788146972656,1.8229172229766846,1.4677512645721436,1.5640603303909302,1.3411290645599365,1.535752296447754,1.3402241468429565,3.1136090755462646,2.8752353191375732,2.513542890548706,2.4465017318725586,2.3932297229766846,2.0078587532043457,2.0658018589019775,1.947721242904663,1.7772972583770752,1.7528995275497437,1.6022510528564453,1.3564597368240356,1.1354039907455444,0.8505288362503052,0.6817767024040222,2.0855603218078613,1.8264546394348145,1.5921660661697388,1.4832139015197754,1.1717272996902466,1.0091516971588135,1.0710301399230957,0.8475997447967529,0.5029862523078918,0.5709204077720642,0.6686059236526489,0.6460021138191223,1.005131483078003,1.1189851760864258,1.445735216140747
B1,2.1187851428985596,2.149667501449585,1.8970210552215576,2.2170908451080322,2.24363112449646,2.1129202842712402,2.4802656173706055,2.741539239883423,2.7627031803131104,3.116154670715332,3.0734050273895264,3.225532054901123,3.534442663192749,3.821979284286499,4.023561954498291,0.0,0.4001672863960266,0.563091516494751,0.849078357219696,1.0346598625183105,1.2213213443756104,1.4386827945709229,1.8298583030700684,1.9646052122116089,2.344597578048706,2.65897536277771,2.5951921939849854,2.828434467315674,2.851104736328125,3.2316575050354004,3.5996930599212646,3.5881097316741943,3.234147071838379,3.3966832160949707,3.4379026889801025,3.1085970401763916,3.3128204345703125,3.477478265762329,3.2617688179016113,3.463038921356201,3.356198787689209,3.030853271484375,3.0225300788879395,2.6806583404541016,2.7250468730926514,6.015021800994873,5.672217845916748,5.483806610107422,5.19849157333374,5.008626937866211,4.816685199737549,4.549556732177734,4.148582935333252,4.080312252044678,3.683647871017456,3.4714059829711914,3.6802048683166504,3.4446983337402344,3.7339675426483154,3.544161081314087,5.994431972503662,5.647749423980713,5.4423828125,5.197197914123535,4.995608806610107,4.796441555023193,4.611039638519287,4.259416103363037,4.12771463394165,3.74004864692688,3.4488062858581543,3.637239456176758,3.3971543312072754,3.638899087905884,3.414403200149536
B2,2.31754732131958,2.2934036254882812,1.9969432353973389,2.2797493934631348,2.256303548812866,2.0821316242218018,2.419011116027832,2.6550064086914062,2.622399091720581,2.9676513671875,2.8833348751068115,3.0522897243499756,3.35125470161438,3.646791934967041,3.8189666271209717,0.4001672863960266,0.0,0.3924912214279175,0.5081322193145752,0.7106736302375793,0.9619206786155701,1.1083120107650757,1.4893081188201904,1.6653542518615723,2.0279581546783447,2.366000175476074,2.343630790710449,2.5683960914611816,2.6348257064819336,3.0099003314971924,3.223207950592041,3.1996734142303467,2.8472626209259033,3.0032455921173096,3.0540146827697754,2.72637677192688,2.927729606628418,3.1068077087402344,2.9066927433013916,3.1248903274536133,3.0436086654663086,2.724785089492798,2.7387099266052246,2.4075536727905273,2.496335506439209,5.675198078155518,5.335856914520264,5.15639591217041,4.869111061096191,4.668763160705566,4.490880012512207,4.21830940246582,3.8143808841705322,3.7469234466552734,3.349161148071289,3.1457202434539795,3.3716542720794678,3.1596548557281494,3.4671308994293213,3.307614803314209,5.782249927520752,5.4390869140625,5.215818405151367,4.980852127075195,4.789591312408447,4.567525386810303,4.391106605529785,4.055420398712158,3.9135637283325195,3.535158157348633,3.226729154586792,3.389007091522217,3.1279983520507812,3.3474972248077393,3.1015214920043945
B3,2.029143810272217,1.9608635902404785,1.6532005071640015,1.9116863012313843,1.8900768756866455,1.698951244354248,2.0403800010681152,2.2705771923065186,2.2535862922668457,2.5987303256988525,2.5316336154937744,2.6923539638519287,2.996082067489624,3.2890031337738037,3.47731876373291,0.563091516494751,0.3924912214279175,0.0,0.387194961309433,0.5624427795410156,0.6660631895065308,0.905316174030304,1.2987701892852783,1.4161649942398071,1.7967811822891235,2.1021251678466797,2.036067485809326,2.2659201622009277,2.2987396717071533,2.6783387660980225,3.2989022731781006,3.2401485443115234,2.8708832263946533,2.995725154876709,3.008934497833252,2.6596648693084717,2.8436999320983887,2.975939989089966,2.7466933727264404,2.92506742477417,2.8021020889282227,2.4787888526916504,2.4605000019073486,2.118932008743286,2.1680078506469727,5.4833784103393555,5.144874095916748,4.944864273071289,4.668215751647949,4.476835250854492,4.273793697357178,4.017524719238281,3.617466449737549,3.5373690128326416,3.1424355506896973,2.920381784439087,3.1216371059417725,2.882033586502075,3.171255588531494,2.9860451221466064,5.446657657623291,5.102934837341309,4.889753341674805,4.65073823928833,4.450066089630127,4.242367267608643,4.0636467933654785,3.7171168327331543,3.5775246620178223,3.1933212280273438,2.8945491313934326,3.077019691467285,2.834176540374756,3.077073335647583,2.8590028285980225
B4,2.3066482543945312,2.20697021484375,1.8691105842590332,2.0908613204956055,2.0096323490142822,1.7916685342788696,2.0831551551818848,2.289567232131958,2.2064900398254395,2.542478322982788,2.4299631118774414,2.618433713912964,2.902315378189087,3.208752155303955,3.361372947692871,0.849078357219696,0.5081322193145752,0.387194961309433,0.0,0.3642207384109497,0.5370500087738037,0.607938826084137,1.000483512878418,1.1958200931549072,1.5446109771728516,1.8829950094223022,1.8727670907974243,2.078578233718872,2.165332555770874,2.5340170860290527,2.9729089736938477,2.896042585372925,2.5323538780212402,2.6424098014831543,2.674870014190674,2.3256444931030273,2.4972732067108154,2.651028633117676,2.447476863861084,2.6453213691711426,2.5535995960235596,2.2433054447174072,2.2464261054992676,1.9226570129394531,2.0268709659576416,5.208552360534668,4.876895427703857,4.685946464538574,4.409661769866943,4.201024532318115,4.01486349105835,3.75508713722229,3.3503072261810303,3.2643511295318604,2.8677868843078613,2.6498377323150635,2.8694398403167725,2.660888195037842,2.9720911979675293,2.825665235519409,5.303594589233398,4.961115837097168,4.730435371398926,4.498901844024658,4.315560817718506,4.082639217376709,3.90824031829834,3.5824239253997803,3.438887119293213,3.0667319297790527,2.753816843032837,2.9066975116729736,2.633913516998291,2.850905656814575,2.607957124710083
B5,2.4405736923217773,2.2980411052703857,1.9727975130081177,2.147291421890259,2.0898499488830566,1.820841908454895,2.105654716491699,2.2548537254333496,2.1659047603607178,2.4681336879730225,2.324190139770508,2.4772729873657227,2.777635335922241,3.056864023208618,3.1987051963806152,1.0346598625183105,0.7106736302375793,0.5624427795410156,0.3642207384109497,0.0,0.38897818326950073,0.5214309096336365,0.8444735407829285,0.9798927903175354,1.3475135564804077,1.6881636381149292,1.6942163705825806,1.9454344511032104,2.058695077896118,2.424940586090088,2.7779157161712646,2.7117695808410645,2.3349416255950928,2.465191125869751,2.4613113403320312,2.116863250732422,2.3244380950927734,2.4633097648620605,2.233081102371216,2.444520950317383,2.364948034286499,2.0365817546844482,2.080984354019165,1.7516762018203735,1.8862285614013672,4.984884738922119,4.640463352203369,4.459726333618164,4.169441223144531,3.97932505607605,3.797208786010742,3.5209646224975586,3.1194229125976562,3.0645322799682617,2.667052745819092,2.481665849685669,2.7209386825561523,2.514404773712158,2.831202507019043,2.691908359527588,5.1869401931762695,4.860419273376465,4.614959239959717,4.406733512878418,4.206273555755615,3.964369058609009,3.82114577293396,3.4981555938720703,3.3207857608795166,2.9574689865112305,2.619394302368164,2.747278928756714,2.48946475982666,2.687591314315796,2.4289257526397705
B6,2.2114100456237793,2.024613857269287,1.6896007061004639,1.821415662765503,1.7453458309173584,1.4570451974868774,1.7259798049926758,1.8667545318603516,1.7798091173171997,2.0866525173187256,1.9595338106155396,2.117277145385742,2.417867660522461,2.7049601078033447,2.863797426223755,1.2213213443756104,0.9619206786155701,0.6660631895065308,0.5370500087738037,0.38897818326950073,0.0,0.3937331736087799,0.7098858952522278,0.7557823061943054,1.144385576248169,1.4391740560531616,1.3859277963638306,1.6325206756591797,1.7054699659347534,2.079580783843994,2.9506540298461914,2.8398633003234863,2.4570517539978027,2.537670850753784,2.5002143383026123,2.1340959072113037,2.3014259338378906,2.3827545642852783,2.1269023418426514,2.2801969051361084,2.1441493034362793,1.816169023513794,1.806795597076416,1.4639230966567993,1.5468114614486694,4.832483291625977,4.4943461418151855,4.2866435050964355,4.014195919036865,3.8276267051696777,3.615159511566162,3.364570379257202,2.9673712253570557,2.8859055042266846,2.4931983947753906,2.2742109298706055,2.4773974418640137,2.237361192703247,2.5333142280578613,2.3643300533294678,4.848934173583984,4.517109394073486,4.284463405609131,4.066016674041748,3.8608429431915283,3.6340489387512207,3.480461597442627,3.1459367275238037,2.97812557220459,2.605756998062134,2.2811765670776367,2.437324285507202,2.1932594776153564,2.424494504928589,2.2037134170532227
B7,2.494065046310425,2.305102825164795,1.9498013257980347,2.066023349761963,1.9283348321914673,1.64647376537323,1.8505680561065674,1.9777182340621948,1.816086769104004,2.1122403144836426,1.9397878646850586,2.1402182579040527,2.404409408569336,2.711777925491333,2.8275985717773438,1.4386827945709229,1.1083120107650757,0.905316174030304,0.607938826084137,0.5214309096336365,0.3937331736087799,0.0,0.4050450026988983,0.6293714642524719,0.9452322125434875,1.2894961833953857,1.3177694082260132,1.509100317955017,1.6496872901916504,2.001769781112671,2.6840052604675293,2.544438123703003,2.171215772628784,2.2225232124328613,2.2138211727142334,1.8427338600158691,1.9816365242004395,2.090296506881714,1.8725048303604126,2.0463030338287354,1.947521448135376,1.643667221069336,1.6521819829940796,1.3412978649139404,1.494766354560852,4.615410327911377,4.288797378540039,4.088618278503418,3.8207178115844727,3.6080615520477295,3.4144132137298584,3.16446852684021,2.760277509689331,2.6618258953094482,2.2664737701416016,2.042301654815674,2.264376163482666,2.065255641937256,2.38747239112854,2.268571615219116,4.755466938018799,4.421665668487549,4.173452854156494,3.95808482170105,3.779181957244873,3.525820255279541,3.3694498538970947,3.0614013671875,2.899718999862671,2.54361629486084,2.2124063968658447,2.3352248668670654,2.048985004425049,2.249945640563965,2.000791549682617
B8,2.780385732650757,2.5512897968292236,2.2008163928985596,2.255194664001465,2.095731496810913,1.7852463722229004,1.9201602935791016,1.9743900299072266,1.7543461322784424,1.9957771301269531,1.7625812292099,1.960052490234375,2.202195882797241,2.4976391792297363,2.569751024246216,1.8298583030700684,1.4893081188201904,1.2987701892852783,1.000483512878418,0.8444735407829285,0.7098858952522278,0.4050450026988983,0.0,0.37039896845817566,0.5736575722694397,0.9476820230484009,1.0592620372772217,1.2371870279312134,1.4540902376174927,1.7730140686035156,2.4382781982421875,2.262104034423828,1.8888740539550781,1.9035171270370483,1.8640999794006348,1.4850529432296753,1.609151840209961,1.6930243968963623,1.4683641195297241,1.6455092430114746,1.5689717531204224,1.2709678411483765,1.3214240074157715,1.0403273105621338,1.2762181758880615,4.212721824645996,3.886698007583618,3.6904749870300293,3.421268939971924,3.2053232192993164,3.0181493759155273,2.764580011367798,2.359394073486328,2.2642383575439453,1.8678196668624878,1.6584912538528442,1.9030791521072388,1.7320111989974976,2.072781562805176,1.997393012046814,4.4795732498168945,4.158628940582275,3.8894870281219482,3.6964151859283447,3.522242546081543,3.245150566101074,3.114569902420044,2.8307130336761475,2.6456961631774902,2.314528703689575,1.962225079536438,2.036817789077759,1.7367891073226929,1.8999801874160767,1.62459397315979
B9,2.7055435180664062,2.4375927448272705,2.1100406646728516,2.110973834991455,1.9779359102249146,1.6345504522323608,1.754696249961853,1.750298023223877,1.5454320907592773,1.7511345148086548,1.5088707208633423,1.6612251996994019,1.929256558418274,2.198723793029785,2.285247325897217,1.9646052122116089,1.6653542518615723,1.4161649942398071,1.1958200931549072,0.9798927903175354,0.7557823061943054,0.6293714642524719,0.37039896845817566,0.0,0.4015916883945465,0.7087080478668213,0.763042688369751,1.020500898361206,1.2188854217529297,1.5453203916549683,2.582886219024658,2.4045474529266357,2.0258781909942627,2.035569429397583,1.9302563667297363,1.5560389757156372,1.6879719495773315,1.6941965818405151,1.4070508480072021,1.5324537754058838,1.400247573852539,1.067036747932434,1.1100777387619019,0.7897334694862366,1.0078305006027222,4.077875137329102,3.741340160369873,3.5310704708099365,3.261040687561035,3.073880910873413,2.8596677780151367,2.610663652420044,2.2144100666046143,2.133889675140381,1.7422940731048584,1.540063500404358,1.7651647329330444,1.5509295463562012,1.8719035387039185,1.7627460956573486,4.257271766662598,3.9462661743164062,3.679015636444092,3.497295618057251,3.296125650405884,3.030754566192627,2.9212422370910645,2.623053789138794,2.4115562438964844,2.0768327713012695,1.7100449800491333,1.7913978099822998,1.5311756134033203,1.7143828868865967,1.4655412435531616
B10,3.009603977203369,2.7215821743011475,2.396207809448242,2.3549656867980957,2.1872692108154297,1.8487534523010254,1.8883335590362549,1.8267343044281006,1.5567747354507446,1.6970171928405762,1.3942902088165283,1.5589244365692139,1.7745651006698608,2.038099765777588,2.0651984214782715,2.344597578048706,2.0279581546783447,1.7967811822891235,1.5446109771728516,1.3475135564804077,1.144385576248169,0.9452322125434875,0.5736575722694397,0.4015916883945465,0.0,0.3917153477668762,0.6174666881561279,0.7920273542404175,1.092151165008545,1.3505715131759644,2.4456608295440674,2.2187862396240234,1.8602945804595947,1.806169033050537,1.6735752820968628,1.3018898963928223,1.376541256904602,1.330601453781128,1.040856957435608,1.138688325881958,1.017949104309082,0.7015535235404968,0.7885522842407227,0.5438993573188782,0.8818264603614807,3.6970953941345215,3.3689000606536865,3.1554055213928223,2.893343210220337,2.692051649093628,2.480254888534546,2.238955020904541,1.8403692245483398,1.7420774698257446,1.3493554592132568,1.1438658237457275,1.3878902196884155,1.2120264768600464,1.5564498901367188,1.5109387636184692,3.9766011238098145,3.6746585369110107,3.3877968788146973,3.2240302562713623,3.0392684936523438,2.7470145225524902,2.6566927433013916,2.392723321914673,2.1687984466552734,1.8694876432418823,1.4925603866577148,1.512407660484314,1.2239817380905151,1.359377384185791,1.0816415548324585
B11,3.0852692127227783,2.76387619972229,2.4623289108276367,2.3576624393463135,2.185467481613159,1.8462028503417969,1.8146977424621582,1.6761059761047363,1.3838976621627808,1.442306399345398,1.1028364896774292,1.2406119108200073,1.4301904439926147,1.6743661165237427,1.6803615093231201,2.65897536277771,2.366000175476074,2.1021251678466797,1.8829950094223022,1.6881636381149292,1.4391740560531616,1.2894961833953857,0.9476820230484009,0.7087080478668213,0.3917153477668762,0.0,0.3624514937400818,0.49339258670806885,0.8284695744514465,1.025136113166809,2.661109685897827,2.4083707332611084,2.0723917484283447,1.9739481210708618,1.7915467023849487,1.4498846530914307,1.4679794311523438,1.3115779161453247,0.9930590391159058,0.9520131945610046,0.721222460269928,0.39788296818733215,0.42454347014427185,0.22421181201934814,0.6137540936470032,3.44661021232605,3.123251438140869,2.8820013999938965,2.6392064094543457,2.4539594650268555,2.2047486305236816,1.9956847429275513,1.6159559488296509,1.4954060316085815,1.126449704170227,0.8970586657524109,1.087672233581543,0.866830587387085,1.1931371688842773,1.1430847644805908,3.6005914211273193,3.3060004711151123,3.016889810562134,2.8639166355133057,2.667600393295288,2.3761579990386963,2.3051650524139404,2.0454297065734863,1.7999297380447388,1.5168471336364746,1.1297653913497925,1.1276994943618774,0.8617218136787415,1.0118790864944458,0.7850872874259949
B12,2.797495126724243,2.459152936935425,2.176347494125366,2.0389931201934814,1.8787305355072021,1.5361653566360474,1.4903812408447266,1.3284616470336914,1.0607329607009888,1.1258094310760498,0.814975380897522,0.9437025189399719,1.1847550868988037,1.4469321966171265,1.5244543552398682,2.5951921939849854,2.343630790710449,2.036067485809326,1.8727670907974243,1.6942163705825806,1.3859277963638306,1.3177694082260132,1.0592620372772217,0.763042688369751,0.6174666881561279,0.3624514937400818,0.0,0.37381359934806824,0.5555940866470337,0.8281782269477844,2.9997100830078125,2.759366512298584,2.4150137901306152,2.3307838439941406,2.149524211883545,1.805945634841919,1.828896403312683,1.6643835306167603,1.3447728157043457,1.2560652494430542,0.9514389634132385,0.6728327870368958,0.5175484418869019,0.20363497734069824,0.30393239855766296,3.6551599502563477,3.3361716270446777,3.0705697536468506,2.84651780128479,2.6835174560546875,2.4008336067199707,2.223881244659424,1.8687312602996826,1.7359437942504883,1.399617075920105,1.1454905271530151,1.2447283267974854,0.9365274906158447,1.1896973848342896,1.0238691568374634,3.5133512020111084,3.2067017555236816,2.9465537071228027,2.769578218460083,2.549208164215088,2.2973921298980713,2.2028958797454834,1.897743582725525,1.6638902425765991,1.3345195055007935,0.9573060870170593,1.059893012046814,0.8580881357192993,1.1128629446029663,1.0019680261611938
B13,2.9272704124450684,2.5886318683624268,2.3026111125946045,2.1463100910186768,1.9344924688339233,1.6315044164657593,1.50300133228302,1.3300321102142334,0.9896902441978455,1.0120453834533691,0.6666085124015808,0.8915178775787354,1.0264415740966797,1.3349941968917847,1.3697715997695923,2.828434467315674,2.5683960914611816,2.2659201622009277,2.078578233718872,1.9454344511032104,1.6325206756591797,1.509100317955017,1.2371870279312134,1.020500898361206,0.7920273542404175,0.49339258670806885,0.37381359934806824,0.0,0.38402116298675537,0.5611986517906189,3.101203441619873,2.8226583003997803,2.503678560256958,2.363595962524414,2.1964356899261475,1.8631558418273926,1.8071714639663696,1.6084986925125122,1.3387330770492554,1.1698551177978516,0.8190528750419617,0.6661611795425415,0.3364081084728241,0.28980082273483276,0.2932291030883789,3.511821746826172,3.2199203968048096,2.9325435161590576,2.743579149246216,2.5552258491516113,2.2595877647399902,2.1298766136169434,1.7896746397018433,1.5906083583831787,1.2850080728530884,0.9638318419456482,0.9850338101387024,0.6564755439758301,0.9059316515922546,0.7631471157073975,3.253498077392578,2.932375192642212,2.6728708744049072,2.478572368621826,2.2880403995513916,2.0235204696655273,1.9008492231369019,1.6117244958877563,1.4087035655975342,1.0880030393600464,0.7336583137512207,0.8404483795166016,0.5729100704193115,0.8741790056228638,0.8352253437042236
