,A1,A2,A3,A4,A5,A6,A7,A8,A9,A10,A11,A12,A13,A14,A15,B1,B2,B3,B4,B5,B6,B7,B8,B9,B10,B11,B12,B13,B14,B15,C1,C2,C3,C4,C5,C6,C7,C8,C9,C10,C11,C12,C13,C14,C15,D1,D2,D3,D4,D5,D6,D7,D8,D9,D10,D11,D12,D13,D14,D15,E1,E2,E3,E4,E5,E6,E7,E8,E9,E10,E11,E12,E13,E14,E15
A1,0.0,0.38828858733177185,0.6668668389320374,0.8475356101989746,1.1148371696472168,1.3455296754837036,1.657979130744934,1.6521340608596802,2.0018155574798584,2.0626862049102783,2.191012382507324,2.5065128803253174,2.5002293586730957,2.8630831241607666,2.856985330581665,0.29367315769195557,0.5764627456665039,0.7638808488845825,0.938090443611145,1.1682202816009521,1.3497008085250854,1.6552449464797974,1.6016287803649902,1.9540098905563354,2.0003724098205566,2.145035743713379,2.4640324115753174,2.4752585887908936,2.8458218574523926,2.845613718032837,5.045823097229004,4.888282299041748,4.663675785064697,4.305996417999268,4.029149532318115,3.811859369277954,3.7575619220733643,3.4811618328094482,3.284291982650757,3.3351263999938965,3.3729872703552246,3.1721103191375732,3.472900152206421,3.3285951614379883,3.6668732166290283,4.992848873138428,4.645989418029785,4.279364585876465,4.176856517791748,3.8289730548858643,3.7469820976257324,3.3827097415924072,3.457771062850952,3.2013766765594482,3.2478299140930176,3.3524794578552246,3.15291690826416,3.4302568435668945,3.2717537879943848,3.618410348892212,4.884922504425049,4.531910419464111,4.332997798919678,4.031864166259766,3.7664761543273926,3.618752956390381,3.2702343463897705,3.379459857940674,3.094506025314331,3.2028064727783203,3.193939208984375,3.0311920642852783,3.3138797283172607,3.2115986347198486,3.5729734897613525
A2,0.38828858733177185,0.0,0.3547675907611847,0.5953503251075745,0.7779058814048767,1.0334217548370361,1.3111332654953003,1.3026044368743896,1.662671446800232,1.7163474559783936,1.8788092136383057,2.1818435192108154,2.207756519317627,2.5657145977020264,2.5882725715637207,0.5438942909240723,0.5428059697151184,0.5104305148124695,0.7072578072547913,0.8447515964508057,1.0395987033843994,1.3078737258911133,1.2507942914962769,1.6131101846694946,1.6535460948944092,1.8330588340759277,2.140110731124878,2.1858181953430176,2.552302837371826,2.581902503967285,4.716413974761963,4.549569606781006,4.332821369171143,3.9784412384033203,3.6989729404449463,3.4749512672424316,3.4053146839141846,3.1333601474761963,2.922860860824585,2.983041286468506,3.0123913288116455,2.8251731395721436,3.1333632469177246,3.008770227432251,3.3586161136627197,4.657511234283447,4.317610740661621,3.9501352310180664,3.8334450721740723,3.4898321628570557,3.391278028488159,3.0261852741241455,3.1002087593078613,2.834890365600586,2.8945884704589844,2.9952073097229004,2.811668872833252,3.0949013233184814,2.9571332931518555,3.312514066696167,4.529960632324219,4.182596683502197,3.9753077030181885,3.673255205154419,3.4073877334594727,3.2466444969177246,2.8993520736694336,3.002545118331909,2.712174892425537,2.8269641399383545,2.8173608779907227,2.668046474456787,2.9573628902435303,2.875943183898926,3.2434816360473633
A3,0.6668668389320374,0.3547675907611847,0.0,0.3794827461242676,0.48693522810935974,0.811350405216217,1.0683108568191528,1.1516435146331787,1.5046937465667725,1.6145535707473755,1.8215298652648926,2.123267412185669,2.2096238136291504,2.566713809967041,2.6396727561950684,0.6828673481941223,0.4457782208919525,0.18608270585536957,0.41675132513046265,0.5164545178413391,0.7794563174247742,1.0456565618515015,1.0807268619537354,1.441953182220459,1.5454587936401367,1.7668927907943726,2.075083017349243,2.1806018352508545,2.5475478172302246,2.6282858848571777,4.41221284866333,4.260129451751709,4.05148458480835,3.693005323410034,3.430283308029175,3.225857734680176,3.173389196395874,2.919050931930542,2.7172112464904785,2.8160064220428467,2.8671040534973145,2.7188639640808105,3.0520877838134766,2.970496654510498,3.331852674484253,4.374629020690918,4.029263973236084,3.6662464141845703,3.56704044342041,3.2208993434906006,3.1382012367248535,2.773237943649292,2.880962371826172,2.6314923763275146,2.7257275581359863,2.8557353019714355,2.70703125,3.0161166191101074,2.9206254482269287,3.2878758907318115,4.2251811027526855,3.871171712875366,3.6788673400878906,3.371464252471924,3.11566424369812,2.9714791774749756,2.6304705142974854,2.7660887241363525,2.4957685470581055,2.6413843631744385,2.6671605110168457,2.5509443283081055,2.866556406021118,2.828004837036133,3.201409101486206
A4,0.8475356101989746,0.5953503251075745,0.3794827461242676,0.0,0.3740684688091278,0.5415323376655579,0.8766303658485413,0.9810472726821899,1.2980867624282837,1.471169114112854,1.6437327861785889,1.9746785163879395,2.073486089706421,2.4449422359466553,2.5438246726989746,0.8550225496292114,0.6558314561843872,0.43446487188339233,0.2069440335035324,0.44222012162208557,0.5203661322593689,0.8672187328338623,0.9056170582771301,1.2334297895431519,1.3970903158187866,1.5782335996627808,1.9159506559371948,2.026381015777588,2.406374931335449,2.5100338459014893,4.2110419273376465,4.057804584503174,3.8275537490844727,3.4676475524902344,3.1970183849334717,2.995492935180664,2.9704349040985107,2.706939935684204,2.540539503097534,2.630307674407959,2.7216427326202393,2.5726699829101562,2.9173827171325684,2.8447635173797607,3.196117877960205,4.159358978271484,3.8075907230377197,3.442263603210449,3.3561065196990967,3.003926992416382,2.9491629600524902,2.5879292488098145,2.691444158554077,2.4708688259124756,2.542104482650757,2.705228328704834,2.5467476844787598,2.872587203979492,2.783203125,3.1493642330169678,4.096716403961182,3.7410380840301514,3.541193723678589,3.2567026615142822,2.976548671722412,2.8651845455169678,2.5093610286712646,2.64434814453125,2.4021410942077637,2.5224225521087646,2.5836360454559326,2.447188377380371,2.7773895263671875,2.73514986038208,3.10089111328125
A5,1.1148371696472168,0.7779058814048767,0.48693522810935974,0.3740684688091278,0.0,0.3849083185195923,0.5907524228096008,0.7554972767829895,1.0789666175842285,1.250928282737732,1.4886906147003174,1.7849102020263672,1.9352850914001465,2.2860753536224365,2.4195520877838135,1.1357296705245972,0.8616182208061218,0.5085347890853882,0.38157323002815247,0.14910544455051422,0.32710158824920654,0.5619454979896545,0.6682772636413574,1.006376028060913,1.1770190000534058,1.4254118204116821,1.7290788888931274,1.8958262205123901,2.2563514709472656,2.3969101905822754,3.9405629634857178,3.781038284301758,3.5680813789367676,3.2108407020568848,2.94407057762146,2.7394297122955322,2.693406581878662,2.443453550338745,2.2533533573150635,2.370161533355713,2.4471335411071777,2.328495502471924,2.682852268218994,2.6431655883789062,3.0082743167877197,3.892169713973999,3.5482966899871826,3.18351411819458,3.081909656524658,2.7351436614990234,2.6572272777557373,2.2928826808929443,2.40799617767334,2.1738359928131104,2.279693365097046,2.4380393028259277,2.313913106918335,2.6464438438415527,2.592057466506958,2.966008186340332,3.7756760120391846,3.42429518699646,3.2207419872283936,2.9262773990631104,2.6543610095977783,2.523111343383789,2.1731109619140625,2.312671184539795,2.0631191730499268,2.2092173099517822,2.2727620601654053,2.1702158451080322,2.5096750259399414,2.5057754516601562,2.8771426677703857
A6,1.3455296754837036,1.0334217548370361,0.811350405216217,0.5415323376655579,0.3849083185195923,0.0,0.37404099106788635,0.5190362930297852,0.7825487852096558,1.0202425718307495,1.2146838903427124,1.534363865852356,1.6975828409194946,2.0557498931884766,2.2160871028900146,1.3912529945373535,1.1694867610931396,0.8580144047737122,0.6004722714424133,0.4775911569595337,0.13567766547203064,0.396659255027771,0.43438899517059326,0.7109971642494202,0.9433642625808716,1.1412891149520874,1.4686285257339478,1.6410244703292847,2.0075507164001465,2.1723949909210205,3.7413933277130127,3.566154718399048,3.328942060470581,2.9752068519592285,2.687215805053711,2.469212055206299,2.4355838298797607,2.1668708324432373,2.0067498683929443,2.097961664199829,2.208801746368408,2.080268144607544,2.440338373184204,2.405350685119629,2.7578284740448,3.6606452465057373,3.3176376819610596,2.947427749633789,2.84097957611084,2.4917192459106445,2.4265379905700684,2.066610336303711,2.155580520629883,1.9430980682373047,2.0102062225341797,2.192760944366455,2.0510520935058594,2.394899845123291,2.343080997467041,2.7130959033966064,3.6440610885620117,3.2999167442321777,3.0744030475616455,2.81130313873291,2.5058085918426514,2.3966257572174072,2.0284202098846436,2.1425302028656006,1.9158833026885986,2.0158557891845703,2.1054842472076416,1.9712239503860474,2.317847967147827,2.303556442260742,2.6632561683654785
A7,1.657979130744934,1.3111332654953003,1.0683108568191528,0.8766303658485413,0.5907524228096008,0.37404099106788635,0.0,0.3839019238948822,0.5620985627174377,0.8251739144325256,1.0906329154968262,1.353723168373108,1.5864455699920654,1.9098049402236938,2.117047071456909,1.7076743841171265,1.4486372470855713,1.096971035003662,0.8983302116394043,0.6359893083572388,0.3858368694782257,0.09548268467187881,0.30152663588523865,0.4775969684123993,0.7526225447654724,1.021298885345459,1.2903105020523071,1.5361945629119873,1.8678613901138306,2.081545114517212,3.4385955333709717,3.2522594928741455,3.029102087020874,2.6799216270446777,2.3913609981536865,2.166210412979126,2.110180139541626,1.8537161350250244,1.6720746755599976,1.794413685798645,1.8996601104736328,1.8118586540222168,2.185286521911621,2.195950508117676,2.5579335689544678,3.3535234928131104,3.0201902389526367,2.649728298187256,2.523425340652466,2.1800901889801025,2.0896575450897217,1.7259016036987305,1.8234926462173462,1.6006314754486084,1.7044529914855957,1.8914151191711426,1.7930281162261963,2.148088216781616,2.1441192626953125,2.518440008163452,3.3019707202911377,2.965040683746338,2.7287304401397705,2.463602304458618,2.157013177871704,2.0307328701019287,1.6621170043945312,1.7746732234954834,1.5475929975509644,1.6675153970718384,1.7738713026046753,1.6766921281814575,2.037705421447754,2.071584939956665,2.4310202598571777
A8,1.6521340608596802,1.3026044368743896,1.1516435146331787,0.9810472726821899,0.7554972767829895,0.5190362930297852,0.3839019238948822,0.0,0.3682149648666382,0.5071378350257874,0.7534141540527344,1.0382477045059204,1.2285624742507935,1.5671541690826416,1.7496086359024048,1.7649222612380981,1.5744293928146362,1.2370328903198242,1.07587730884552,0.8574235439300537,0.6144213676452637,0.47042638063430786,0.09633228927850723,0.3253472149372101,0.4307284653186798,0.6907031536102295,0.9787619113922119,1.1833323240280151,1.5291557312011719,1.7161831855773926,3.615015983581543,3.3951337337493896,3.1622116565704346,2.829551935195923,2.508913278579712,2.240933418273926,2.1391682624816895,1.8488408327102661,1.6421985626220703,1.6855894327163696,1.7494962215423584,1.5930644273757935,1.9429771900177002,1.901759147644043,2.262601137161255,3.483088970184326,3.1696083545684814,2.7955851554870605,2.625692129135132,2.297045946121216,2.164161205291748,1.8076770305633545,1.8248904943466187,1.5645277500152588,1.5975456237792969,1.7306690216064453,1.5713822841644287,1.9011942148208618,1.8462289571762085,2.220073699951172,3.4748661518096924,3.1596453189849854,2.8899619579315186,2.64450740814209,2.3192381858825684,2.157318592071533,1.782309889793396,1.813710331916809,1.5468909740447998,1.5943424701690674,1.638610601425171,1.474409580230713,1.8097155094146729,1.7872319221496582,2.1502280235290527
A9,2.0018155574798584,1.662671446800232,1.5046937465667725,1.2980867624282837,1.0789666175842285,0.7825487852096558,0.5620985627174377,0.3682149648666382,0.0,0.376046746969223,0.5791743397712708,0.8267966508865356,1.0894132852554321,1.3966503143310547,1.6406614780426025,2.1093709468841553,1.9148435592651367,1.5780216455459595,1.3780264854431152,1.1624970436096191,0.8674778938293457,0.6473506093025208,0.42755424976348877,0.0866769328713417,0.32219356298446655,0.5096102952957153,0.7554891705513,1.0281797647476196,1.3406563997268677,1.5894242525100708,3.3427515029907227,3.104982852935791,2.859304904937744,2.5374252796173096,2.199277639389038,1.9143542051315308,1.8096733093261719,1.505797028541565,1.3205643892288208,1.3453912734985352,1.446462869644165,1.30495285987854,1.6706273555755615,1.6684595346450806,2.0184528827667236,3.1800732612609863,2.876239061355591,2.502067804336548,2.316807270050049,1.9954954385757446,1.8602689504623413,1.5153913497924805,1.4987285137176514,1.2583692073822021,1.2593492269515991,1.4238417148590088,1.2712818384170532,1.6236214637756348,1.6072235107421875,1.9769349098205566,3.245587110519409,2.9452476501464844,2.6547868251800537,2.4433252811431885,2.0940117835998535,1.9487268924713135,1.5694708824157715,1.5645484924316406,1.332497239112854,1.328453779220581,1.4131311178207397,1.2356555461883545,1.5838910341262817,1.58311927318573,1.9271225929260254
A10,2.0626862049102783,1.7163474559783936,1.6145535707473755,1.471169114112854,1.250928282737732,1.0202425718307495,0.8251739144325256,0.5071378350257874,0.376046746969223,0.0,0.36143746972084045,0.5443782210350037,0.7899200916290283,1.088586449623108,1.314507007598877,2.212277412414551,2.050360679626465,1.7150158882141113,1.5791376829147339,1.350315809249878,1.1169631481170654,0.9060735106468201,0.5989453196525574,0.4393504858016968,0.0769091323018074,0.3403341472148895,0.49369296431541443,0.7571738958358765,1.0569753646850586,1.2857074737548828,3.5319695472717285,3.2685751914978027,3.036404609680176,2.7355756759643555,2.3861565589904785,2.0722603797912598,1.9043545722961426,1.594346046447754,1.3559889793395996,1.3134299516677856,1.3230167627334595,1.1160911321640015,1.4478721618652344,1.3960412740707397,1.7607008218765259,3.341972589492798,3.065007448196411,2.696556329727173,2.4668965339660645,2.172549247741699,1.9790643453598022,1.650657057762146,1.568119764328003,1.2731473445892334,1.231088399887085,1.2959578037261963,1.0977451801300049,1.4063596725463867,1.3442647457122803,1.7198399305343628,3.378065586090088,3.100707530975342,2.7891011238098145,2.5806849002838135,2.238590717315674,2.039503574371338,1.675824761390686,1.5988065004348755,1.3126450777053833,1.2589606046676636,1.2454134225845337,1.016719937324524,1.3292990922927856,1.2838311195373535,1.6440860033035278
A11,2.191012382507324,1.8788092136383057,1.8215298652648926,1.6437327861785889,1.4886906147003174,1.2146838903427124,1.0906329154968262,0.7534141540527344,0.5791743397712708,0.36143746972084045,0.0,0.3696846067905426,0.5215544104576111,0.861659824848175,1.0797816514968872,2.3605196475982666,2.245724678039551,1.9387335777282715,1.7754772901535034,1.6033347845077515,1.3301711082458496,1.1811997890472412,0.8473369479179382,0.6597185134887695,0.400642991065979,0.0850808396935463,0.3044855296611786,0.45241430401802063,0.7982161045074463,1.0166015625,3.654147148132324,3.3744215965270996,3.1194047927856445,2.8342559337615967,2.4653749465942383,2.1352486610412598,1.971632719039917,1.639616847038269,1.4458192586898804,1.3128613233566284,1.3343803882598877,1.0552312135696411,1.3432637453079224,1.2298108339309692,1.5626558065414429,3.425600528717041,3.1599743366241455,2.7952380180358887,2.55702543258667,2.276144027709961,2.092682361602783,1.7924267053604126,1.6500009298324585,1.3881648778915405,1.2443277835845947,1.289176344871521,1.0082659721374512,1.283116340637207,1.1540571451187134,1.5140256881713867,3.5648369789123535,3.3027055263519287,2.975714683532715,2.8025214672088623,2.4427762031555176,2.2637217044830322,1.9050776958465576,1.7861042022705078,1.5321266651153564,1.3974549770355225,1.371017575263977,1.0687695741653442,1.325805425643921,1.1969022750854492,1.52505362033844
A12,2.5065128803253174,2.1818435192108154,2.123267412185669,1.9746785163879395,1.7849102020263672,1.534363865852356,1.353723168373108,1.0382477045059204,0.8267966508865356,0.5443782210350037,0.3696846067905426,0.0,0.38033923506736755,0.5799996852874756,0.8785409331321716,2.68345308303833,2.5584800243377686,2.2374298572540283,2.098294973373413,1.890199899673462,1.6397548913955688,1.4361640214920044,1.132271647453308,0.9102370738983154,0.6160273551940918,0.4423386752605438,0.08309716731309891,0.3625679314136505,0.5359774231910706,0.8349233269691467,3.5792698860168457,3.274892807006836,3.035325050354004,2.7780849933624268,2.4046413898468018,2.0546512603759766,1.8369914293289185,1.5151034593582153,1.2932770252227783,1.1006572246551514,1.048457384109497,0.7274980545043945,0.9871764779090881,0.875447154045105,1.2266230583190918,3.3216991424560547,3.0880846977233887,2.735945463180542,2.45743465423584,2.2120399475097656,1.980847716331482,1.714269995689392,1.5107051134109497,1.2301677465438843,1.0429341793060303,0.9993435740470886,0.693163275718689,0.932425320148468,0.8111337423324585,1.182730793952942,3.4541306495666504,3.222101926803589,2.875046968460083,2.723430633544922,2.369675636291504,2.1615452766418457,1.8312753438949585,1.6431492567062378,1.387050986289978,1.1870524883270264,1.102333426475525,0.7600080966949463,0.971859335899353,0.8299821019172668,1.1591707468032837
A13,2.5002293586730957,2.207756519317627,2.2096238136291504,2.073486089706421,1.9352850914001465,1.6975828409194946,1.5864455699920654,1.2285624742507935,1.0894132852554321,0.7899200916290283,0.5215544104576111,0.38033923506736755,0.0,0.3865472376346588,0.560453474521637,2.7071533203125,2.6365535259246826,2.346257209777832,2.2239532470703125,2.0574848651885986,1.8170092105865479,1.6741961240768433,1.3246318101882935,1.1700687408447266,0.8507062196731567,0.6037271022796631,0.42094722390174866,0.11591318994760513,0.34571924805641174,0.5007599592208862,3.9368319511413574,3.6262147426605225,3.379315137863159,3.130065679550171,2.75113844871521,2.3977363109588623,2.181818962097168,1.8575986623764038,1.6533241271972656,1.4214332103729248,1.3429077863693237,0.9771048426628113,1.12209153175354,0.876645028591156,1.1766581535339355,3.6633589267730713,3.43713641166687,3.0882294178009033,2.8074898719787598,2.569611072540283,2.3422255516052246,2.086622953414917,1.8657755851745605,1.5960052013397217,1.3757147789001465,1.2867943048477173,0.9391866326332092,1.0615670680999756,0.8004909157752991,1.1246318817138672,3.8245601654052734,3.598635673522949,3.248333215713501,3.1014764308929443,2.748331308364868,2.5364859104156494,2.2098944187164307,2.0126564502716064,1.7503093481063843,1.537901759147644,1.4071460962295532,1.0460050106048584,1.1558829545974731,0.891934871673584,1.1769424676895142
A14,2.8630831241607666,2.5657145977020264,2.566713809967041,2.4449422359466553,2.2860753536224365,2.0557498931884766,1.9098049402236938,1.5671541690826416,1.3966503143310547,1.088586449623108,0.861659824848175,0.5799996852874756,0.3865472376346588,0.0,0.3750957250595093,3.0749380588531494,2.99942684173584,2.7008514404296875,2.5900208950042725,2.4021689891815186,2.169767379760742,1.993370771408081,1.6633350849151611,1.4796717166900635,1.1591296195983887,0.9447657465934753,0.6500989198684692,0.4633423089981079,0.13931672275066376,0.35177963972091675,3.950460433959961,3.617994785308838,3.384653329849243,3.1682827472686768,2.7897422313690186,2.426051139831543,2.1714086532592773,1.8687074184417725,1.6635390520095825,1.3775382041931152,1.230244517326355,0.8466216325759888,0.8585067987442017,0.5372496247291565,0.8142547607421875,3.6457884311676025,3.455099105834961,3.124485969543457,2.812260150909424,2.6148085594177246,2.3551366329193115,2.1435859203338623,1.8710603713989258,1.6109673976898193,1.35205078125,1.1714062690734863,0.8244320750236511,0.8052849173545837,0.4735596477985382,0.7648625373840332,3.8190855979919434,3.6267292499542236,3.261152982711792,3.142461061477661,2.799013376235962,2.5707828998565674,2.279433250427246,2.02553391456604,1.7808146476745605,1.5140732526779175,1.3305926322937012,0.9637494683265686,0.9449412226676941,0.6062862873077393,0.8265471458435059
A15,2.856985330581665,2.5882725715637207,2.6396727561950684,2.5438246726989746,2.4195520877838135,2.2160871028900146,2.117047071456909,1.7496086359024048,1.6406614780426025,1.314507007598877,1.0797816514968872,0.8785409331321716,0.560453474521637,0.3750957250595093,0.0,3.0926482677459717,3.061201810836792,2.7898316383361816,2.706681489944458,2.5458340644836426,2.336754083633423,2.2019550800323486,1.8447425365447998,1.719538927078247,1.377887487411499,1.1619004011154175,0.9425731301307678,0.6503630876541138,0.4519484341144562,0.16387367248535156,4.325444221496582,3.99261474609375,3.759215831756592,3.5421977043151855,3.162954568862915,2.7996509075164795,2.546393394470215,2.2433464527130127,2.034736394882202,1.752058506011963,1.5911916494369507,1.2116048336029053,1.172676920890808,0.8036815524101257,0.9808076024055481,4.019639015197754,3.8298909664154053,3.498553514480591,3.1873555183410645,2.987968683242798,2.728468418121338,2.5112555027008057,2.2447988986968994,1.977168321609497,1.7266980409622192,1.5346317291259766,1.1956887245178223,1.1286340951919556,0.7609380483627319,0.9338749051094055,4.182492256164551,3.9893600940704346,3.6253409385681152,3.4972615242004395,3.158487319946289,2.9191434383392334,2.625884532928467,2.378133535385132,2.113858222961426,1.8639286756515503,1.6511906385421753,1.297056794166565,1.2383654117584229,0.8674551844596863,1.024993896484375
B1,0.29367315769195557,0.5438942909240723,0.6828673481941223,0.8550225496292114,1.1357296705245972,1.3912529945373535,1.7076743841171265,1.7649222612380981,2.1093709468841553,2.212277412414551,2.3605196475982666,2.68345308303833,2.7071533203125,3.0749380588531494,3.0926482677459717,0.0,0.398615300655365,0.7083127498626709,0.8837265968322754,1.15545654296875,1.3691329956054688,1.6912802457809448,1.7019329071044922,2.0525898933410645,2.1451385021209717,2.307647705078125,2.6358442306518555,2.6760611534118652,3.0524520874023438,3.0764858722686768,5.018998146057129,4.882700443267822,4.662853717803955,4.299836158752441,4.041693687438965,3.846937894821167,3.8157713413238525,3.5527987480163574,3.3688485622406006,3.447458267211914,3.505185127258301,3.327960252761841,3.645890474319458,3.524653434753418,3.8692822456359863,4.992283344268799,4.636586666107178,4.2757649421691895,4.1982879638671875,3.8464105129241943,3.7874367237091064,3.424168109893799,3.5294203758239746,3.2894880771636963,3.358933448791504,3.487982749938965,3.3080341815948486,3.6035470962524414,3.4670770168304443,3.8212568759918213,4.867831230163574,4.505771636962891,4.328427314758301,4.021372318267822,3.769378900527954,3.6422791481018066,3.301396131515503,3.442197561264038,3.1749815940856934,3.3075411319732666,3.3246912956237793,3.182678699493408,3.4831812381744385,3.404345989227295,3.77034330368042
B2,0.5764627456665039,0.5428059697151184,0.4457782208919525,0.6558314561843872,0.8616182208061218,1.1694867610931396,1.4486372470855713,1.5744293928146362,1.9148435592651367,2.050360679626465,2.245724678039551,2.5584800243377686,2.6365535259246826,2.99942684173584,3.061201810836792,0.398615300655365,0.0,0.37637224793434143,0.607047975063324,0.8411303758621216,1.1158041954040527,1.414814829826355,1.4984838962554932,1.8481082916259766,1.9796478748321533,2.1878297328948975,2.5078351497650146,2.603747844696045,2.976764440536499,3.046428918838501,4.681466579437256,4.5568413734436035,4.350918292999268,3.9862465858459473,3.74491810798645,3.566342830657959,3.5420260429382324,3.2984325885772705,3.1137735843658447,3.2287330627441406,3.2955076694488525,3.155243158340454,3.4926226139068604,3.410949230194092,3.769472599029541,4.675396919250488,4.318544864654541,3.9629993438720703,3.8957974910736084,3.545135259628296,3.4918322563171387,3.1299500465393066,3.2646825313568115,3.032987356185913,3.1384971141815186,3.284984588623047,3.140655755996704,3.4551451206207275,3.358428478240967,3.724437713623047,4.509969234466553,4.144668102264404,3.981271266937256,3.6661837100982666,3.4292526245117188,3.30914044380188,2.9795234203338623,3.1467461585998535,2.893106698989868,3.0568065643310547,3.097306966781616,2.9904944896698,3.31019926071167,3.272982597351074,3.645824909210205
B3,0.7638808488845825,0.5104305148124695,0.18608270585536957,0.43446487188339233,0.5085347890853882,0.8580144047737122,1.096971035003662,1.2370328903198242,1.5780216455459595,1.7150158882141113,1.9387335777282715,2.2374298572540283,2.346257209777832,2.7008514404296875,2.7898316383361816,0.7083127498626709,0.37637224793434143,0.0,0.3763386607170105,0.48354607820510864,0.7975150942802429,1.0594500303268433,1.1576443910598755,1.5088870525360107,1.6440891027450562,1.8807499408721924,2.187004804611206,2.314887285232544,2.6800177097320557,2.77740740776062,4.360678672790527,4.223353385925293,4.021631240844727,3.660046100616455,3.4124975204467773,3.2249252796173096,3.18623423576355,2.945131778717041,2.7499911785125732,2.872156858444214,2.9340479373931885,2.807051658630371,3.150132417678833,3.087538242340088,3.452604055404663,4.343229293823242,3.993077516555786,3.6349036693573,3.5519070625305176,3.204535484313965,3.1353938579559326,2.7721729278564453,2.903972864151001,2.665750503540039,2.781297445297241,2.9261515140533447,2.7965359687805176,3.1158406734466553,3.0390141010284424,3.40970778465271,4.170810699462891,3.8109495639801025,3.6347999572753906,3.3209240436553955,3.078063726425171,2.9461445808410645,2.613957643508911,2.7741494178771973,2.5172035694122314,2.6843855381011963,2.7278215885162354,2.632312774658203,2.9579641819000244,2.9397668838500977,3.3145182132720947
B4,0.938090443611145,0.7072578072547913,0.41675132513046265,0.2069440335035324,0.38157323002815247,0.6004722714424133,0.8983302116394043,1.07587730884552,1.3780264854431152,1.5791376829147339,1.7754772901535034,2.098294973373413,2.2239532470703125,2.5900208950042725,2.706681489944458,0.8837265968322754,0.607047975063324,0.3763386607170105,0.0,0.37449872493743896,0.5321526527404785,0.8681678175926208,0.990522027015686,1.3055782318115234,1.5035873651504517,1.707214593887329,2.0378735065460205,2.1757822036743164,2.5510573387145996,2.673558235168457,4.139374732971191,4.002773761749268,3.78084659576416,3.417043924331665,3.1640737056732178,2.9822118282318115,2.972517251968384,2.7252049446105957,2.565424680709839,2.683704376220703,2.785963773727417,2.6628005504608154,3.018341064453125,2.9683477878570557,3.324427843093872,4.11088752746582,3.7535154819488525,3.3934648036956787,3.3257040977478027,2.9719557762145996,2.932293653488159,2.572765588760376,2.705113649368286,2.4969115257263184,2.5947787761688232,2.7739789485931396,2.6393778324127197,2.976154088973999,2.909315824508667,3.279242515563965,4.0207109451293945,3.658196449279785,3.4763541221618652,3.184136152267456,2.9184563159942627,2.820704460144043,2.4747791290283203,2.6383793354034424,2.410989284515381,2.5572829246520996,2.6379177570343018,2.5269131660461426,2.868084192276001,2.8504090309143066,3.2178988456726074
B5,1.1682202816009521,0.8447515964508057,0.5164545178413391,0.44222012162208557,0.14910544455051422,0.4775911569595337,0.6359893083572388,0.8574235439300537,1.1624970436096191,1.350315809249878,1.6033347845077515,1.890199899673462,2.0574848651885986,2.4021689891815186,2.5458340644836426,1.15545654296875,0.8411303758621216,0.48354607820510864,0.37449872493743896,0.0,0.38318613171577454,0.5861535668373108,0.7659772038459778,1.0852057933807373,1.2766956090927124,1.5391581058502197,1.8340630531311035,2.0182619094848633,2.3732011318206787,2.5247373580932617,3.8967506885528564,3.7494490146636963,3.5445244312286377,3.184652805328369,2.9318485260009766,2.741978883743286,2.705570697784424,2.469275712966919,2.282270908355713,2.421522617340088,2.5040950775146484,2.405719041824341,2.7661445140838623,2.7427496910095215,3.1106128692626953,3.8664867877960205,3.5191378593444824,3.158543825149536,3.0695784091949463,2.722386598587036,2.6537413597106934,2.290872573852539,2.4286603927612305,2.2027690410614014,2.330690383911133,2.498760461807251,2.393882989883423,2.7323014736175537,2.6942689418792725,3.06973934173584,3.722461223602295,3.3659701347351074,3.176323413848877,2.87394118309021,2.6149322986602783,2.4914803504943848,2.150510549545288,2.3128981590270996,2.073702335357666,2.242147445678711,2.3185672760009766,2.237717628479004,2.5832300186157227,2.5980193614959717,2.969738721847534
B6,1.3497008085250854,1.0395987033843994,0.7794563174247742,0.5203661322593689,0.32710158824920654,0.13567766547203064,0.3858368694782257,0.6144213676452637,0.8674778938293457,1.1169631481170654,1.3301711082458496,1.6397548913955688,1.8170092105865479,2.169767379760742,2.336754083633423,1.3691329956054688,1.1158041954040527,0.7975150942802429,0.5321526527404785,0.38318613171577454,0.0,0.37521716952323914,0.5226446986198425,0.7898961901664734,1.040219783782959,1.2568004131317139,1.5743402242660522,1.7618584632873535,2.123324155807495,2.295682668685913,3.7085225582122803,3.5450332164764404,3.3146092891693115,2.956973075866699,2.6818342208862305,2.4780807495117188,2.454450845718384,2.1983907222747803,2.0405001640319824,2.154656171798706,2.2702999114990234,2.160747528076172,2.526728868484497,2.50592303276062,2.8616185188293457,3.6453258991241455,3.2976856231689453,2.930372714996338,2.8366613388061523,2.485342264175415,2.4297282695770264,2.0693373680114746,2.1818249225616455,1.9762927293777466,2.0662055015563965,2.257981777191162,2.1346309185028076,2.4839134216308594,2.4464423656463623,2.8181679248809814,3.6032283306121826,3.253048896789551,3.040309190750122,2.7687430381774902,2.474118232727051,2.3722829818725586,2.0104804039001465,2.1478772163391113,1.9293564558029175,2.0524327754974365,2.153639078140259,2.0401787757873535,2.39298415184021,2.3957149982452393,2.7568624019622803
B7,1.6552449464797974,1.3078737258911133,1.0456565618515015,0.8672187328338623,0.5619454979896545,0.396659255027771,0.09548268467187881,0.47042638063430786,0.6473506093025208,0.9060735106468201,1.1811997890472412,1.4361640214920044,1.6741961240768433,1.993370771408081,2.2019550800323486,1.6912802457809448,1.414814829826355,1.0594500303268433,0.8681678175926208,0.5861535668373108,0.37521716952323914,0.0,0.3857629597187042,0.5622901320457458,0.8348547220230103,1.1129382848739624,1.3740155696868896,1.6259320974349976,1.9537427425384521,2.1693081855773926,3.4219963550567627,3.2439775466918945,3.0271222591400146,2.6752161979675293,2.3966290950775146,2.1820194721221924,2.131730794906616,1.885986089706421,1.7041611671447754,1.8441739082336426,1.9500166177749634,1.8761953115463257,2.2517855167388916,2.2712128162384033,2.635136842727661,3.350263833999634,3.014033317565918,2.645773410797119,2.5278713703155518,2.183516502380371,2.0983335971832275,1.7341362237930298,1.8502618074417114,1.6313529014587402,1.7539148330688477,1.944855809211731,1.8604772090911865,2.2170045375823975,2.2219786643981934,2.5966806411743164,3.274721622467041,2.933227062225342,2.706291437149048,2.4329662322998047,2.1355841159820557,2.0122294425964355,1.648911714553833,1.7802183628082275,1.5576008558273315,1.6977300643920898,1.8103221654891968,1.7304166555404663,2.0938141345977783,2.1395325660705566,2.4997048377990723
B8,1.6016287803649902,1.2507942914962769,1.0807268619537354,0.9056170582771301,0.6682772636413574,0.43438899517059326,0.30152663588523865,0.09633228927850723,0.42755424976348877,0.5989453196525574,0.8473369479179382,1.132271647453308,1.3246318101882935,1.6633350849151611,1.8447425365447998,1.7019329071044922,1.4984838962554932,1.1576443910598755,0.990522027015686,0.7659772038459778,0.5226446986198425,0.3857629597187042,0.0,0.3694325387477875,0.5226826667785645,0.782799482345581,1.0722185373306274,1.278780460357666,1.6251860857009888,1.811617374420166,3.6115410327911377,3.4004969596862793,3.16963791847229,2.8320817947387695,2.519038200378418,2.261220932006836,2.1705386638641357,1.8870210647583008,1.6850783824920654,1.7459863424301147,1.8176895380020142,1.6738460063934326,2.0281355381011963,1.9940651655197144,2.355531930923462,3.4919583797454834,3.1727631092071533,2.7990942001342773,2.640357732772827,2.307173013687134,2.1846017837524414,1.825029730796814,1.8615823984146118,1.6079864501953125,1.6571853160858154,1.8010839223861694,1.6529254913330078,1.9872628450393677,1.9391732215881348,2.313339948654175,3.470813751220703,3.1492998600006104,2.888542652130127,2.6362593173980713,2.3163578510284424,2.161400079727173,1.7873070240020752,1.83893883228302,1.5777696371078491,1.6441190242767334,1.6992636919021606,1.5493873357772827,1.8896476030349731,1.8764450550079346,2.2400426864624023
B9,1.9540098905563354,1.6131101846694946,1.441953182220459,1.2334297895431519,1.006376028060913,0.7109971642494202,0.4775969684123993,0.3253472149372101,0.0866769328713417,0.4393504858016968,0.6597185134887695,0.9102370738983154,1.1700687408447266,1.4796717166900635,1.719538927078247,2.0525898933410645,1.8481082916259766,1.5088870525360107,1.3055782318115234,1.0852057933807373,0.7898961901664734,0.5622901320457458,0.3694325387477875,0.0,0.37860986590385437,0.5891938209533691,0.840031623840332,1.1100534200668335,1.425413727760315,1.6702648401260376,3.3359148502349854,3.1062474250793457,2.863049030303955,2.535651445388794,2.2045633792877197,1.9292351007461548,1.834564447402954,1.5380078554153442,1.3548808097839355,1.400551676750183,1.506602168083191,1.3783758878707886,1.7473461627960205,1.750766396522522,2.1023852825164795,3.1854183673858643,2.8757269382476807,2.5011086463928223,2.3259754180908203,1.999277949333191,1.872848629951477,1.5227510929107666,1.5276556015014648,1.291714072227478,1.3134452104568481,1.4868388175964355,1.3470311164855957,1.7020094394683838,1.6910581588745117,2.061328649520874,3.2352991104125977,2.928419351577759,2.645845890045166,2.4263181686401367,2.0815606117248535,1.9409836530685425,1.5607311725616455,1.5767912864685059,1.347020149230957,1.365556240081787,1.4591200351715088,1.2978370189666748,1.6509205102920532,1.6591936349868774,2.0053579807281494
B10,2.0003724098205566,1.6535460948944092,1.5454587936401367,1.3970903158187866,1.1770190000534058,0.9433642625808716,0.7526225447654724,0.4307284653186798,0.32219356298446655,0.0769091323018074,0.400642991065979,0.6160273551940918,0.8507062196731567,1.1591296195983887,1.377887487411499,2.1451385021209717,1.9796478748321533,1.6440891027450562,1.5035873651504517,1.2766956090927124,1.040219783782959,0.8348547220230103,0.5226826667785645,0.37860986590385437,0.0,0.3656531870365143,0.5620689392089844,0.8140063285827637,1.1252304315567017,1.3472087383270264,3.536137104034424,3.27912974357605,3.045870542526245,2.739461660385132,2.393434524536133,2.08591365814209,1.9291452169418335,1.6207655668258667,1.3880188465118408,1.3605098724365234,1.382213830947876,1.1848565340042114,1.5210182666778564,1.4717339277267456,1.8352017402648926,3.3545501232147217,3.0712785720825195,2.701181411743164,2.4807732105255127,2.1799428462982178,1.9964121580123901,1.6620954275131226,1.5956617593765259,1.3062735795974731,1.2767795324325562,1.3564497232437134,1.1651058197021484,1.4790632724761963,1.4187206029891968,1.7939249277114868,3.386146306991577,3.1024820804595947,2.796687364578247,2.5827314853668213,2.2417075634002686,2.0489115715026855,1.681482195854187,1.6219370365142822,1.3386964797973633,1.3018990755081177,1.3008196353912354,1.0835306644439697,1.4015685319900513,1.360576868057251,1.7207988500595093
B11,2.145035743713379,1.8330588340759277,1.7668927907943726,1.5782335996627808,1.4254118204116821,1.1412891149520874,1.021298885345459,0.6907031536102295,0.5096102952957153,0.3403341472148895,0.0850808396935463,0.4423386752605438,0.6037271022796631,0.9447657465934753,1.1619004011154175,2.307647705078125,2.1878297328948975,1.8807499408721924,1.707214593887329,1.5391581058502197,1.2568004131317139,1.1129382848739624,0.782799482345581,0.5891938209533691,0.3656531870365143,0.0,0.3713799715042114,0.5302515625953674,0.8780236840248108,1.095927357673645,3.6258716583251953,3.3521766662597656,3.094536542892456,2.803593158721924,2.436943769454956,2.1125359535217285,1.9616763591766357,1.6295429468154907,1.443300485610962,1.3271563053131104,1.3676819801330566,1.1042248010635376,1.4046398401260376,1.304275393486023,1.635918378829956,3.4046337604522705,3.132143974304199,2.765322685241699,2.536652088165283,2.2485849857330322,2.076469898223877,1.7701581716537476,1.6427206993103027,1.3878495693206787,1.256295919418335,1.3240795135498047,1.0552092790603638,1.3440901041030884,1.2276108264923096,1.587332010269165,3.5455336570739746,3.2772457599639893,2.9551424980163574,2.778729200363159,2.4178736209869385,2.247652053833008,1.884211778640747,1.7810978889465332,1.532669186592102,1.4120125770568848,1.4046069383621216,1.1148173809051514,1.3861925601959229,1.2713247537612915,1.5996289253234863
B12,2.4640324115753174,2.140110731124878,2.075083017349243,1.9159506559371948,1.7290788888931274,1.4686285257339478,1.2903105020523071,0.9787619113922119,0.7554891705513,0.49369296431541443,0.3044855296611786,0.08309716731309891,0.42094722390174866,0.6500989198684692,0.9425731301307678,2.6358442306518555,2.5078351497650146,2.187004804611206,2.0378735065460205,1.8340630531311035,1.5743402242660522,1.3740155696868896,1.0722185373306274,0.840031623840332,0.5620689392089844,0.3713799715042114,0.0,0.3826019763946533,0.5952523946762085,0.8906345367431641,3.547213315963745,3.2474682331085205,3.0033397674560547,2.740389108657837,2.366776943206787,2.019972324371338,1.814663052558899,1.4886157512664795,1.2754111289978027,1.0948954820632935,1.0691077709197998,0.7631096839904785,1.0409005880355835,0.9434837698936462,1.2894498109817505,3.2944486141204834,3.0538899898529053,2.6988654136657715,2.428610324859619,2.1755406856536865,1.9554026126861572,1.6822118759155273,1.4894542694091797,1.215559720993042,1.0340443849563599,1.0204315185546875,0.7219961881637573,0.9836854338645935,0.875079333782196,1.2447949647903442,3.4348247051239014,3.196772336959839,2.8529953956604004,2.6996264457702637,2.3423616886138916,2.143738269805908,1.806663155555725,1.6319841146469116,1.3816866874694824,1.1918941736221313,1.131266713142395,0.7994054555892944,1.031786322593689,0.905458390712738,1.231170892715454
B13,2.4752585887908936,2.1858181953430176,2.1806018352508545,2.026381015777588,1.8958262205123901,1.6410244703292847,1.5361945629119873,1.1833323240280151,1.0281797647476196,0.7571738958358765,0.45241430401802063,0.3625679314136505,0.11591318994760513,0.4633423089981079,0.6503630876541138,2.6760611534118652,2.603747844696045,2.314887285232544,2.1757822036743164,2.0182619094848633,1.7618584632873535,1.6259320974349976,1.278780460357666,1.1100534200668335,0.8140063285827637,0.5302515625953674,0.3826019763946533,0.0,0.3912185728549957,0.5687845349311829,3.888446569442749,3.581373929977417,3.3268682956695557,3.0738823413848877,2.6933681964874268,2.342568874359131,2.1411333084106445,1.8114093542099,1.622808814048767,1.393191933631897,1.3446545600891113,0.9854118227958679,1.1523170471191406,0.926825225353241,1.2200413942337036,3.6158447265625,3.383653163909912,3.032809257507324,2.7606558799743652,2.516958713531494,2.3034353256225586,2.045484781265259,1.8295146226882935,1.5723310708999634,1.3464435338974,1.2866785526275635,0.9359826445579529,1.085640549659729,0.8410433530807495,1.1662417650222778,3.7997066974639893,3.569143533706665,3.2208962440490723,3.07718825340271,2.718221426010132,2.5202760696411133,2.1874876022338867,2.000108480453491,1.7493335008621216,1.5381945371627808,1.4344391822814941,1.0744937658309937,1.2075426578521729,0.9611033201217651,1.240863561630249
