,A1,A2,A3,A4,A5,A6,A7,A8,A9,A10,A11,A12,A13,A14,A15,B1,B2,B3,B4,B5,B6,B7,B8,B9,B10,B11,B12,B13,B14,B15,C1,C2,C3,C4,C5,C6,C7,C8,C9,C10,C11,C12,C13,C14,C15,D1,D2,D3,D4,D5,D6,D7,D8,D9,D10,D11,D12,D13,D14,D15,E1,E2,E3,E4,E5,E6,E7,E8,E9,E10,E11,E12,E13,E14,E15
A1,0.0,0.40083423256874084,0.704720139503479,0.9886099696159363,1.329888105392456,1.6910769939422607,1.9934691190719604,2.2665421962738037,2.1212949752807617,1.8892163038253784,1.5891717672348022,1.2633343935012817,1.019105315208435,0.6881080865859985,0.5663766860961914,1.3267133235931396,1.3390800952911377,1.1507641077041626,1.2835228443145752,1.3936364650726318,1.6597806215286255,1.986200213432312,2.0310966968536377,1.7142128944396973,1.4572384357452393,1.0704026222229004,0.9551140069961548,0.7924776673316956,0.7653650641441345,1.0074183940887451,2.0854690074920654,2.046945571899414,1.7791657447814941,1.9752548933029175,1.8828835487365723,2.132040023803711,2.2572872638702393,2.196009874343872,1.8442564010620117,1.8649793863296509,1.6843781471252441,1.5619616508483887,1.7180839776992798,1.6792254447937012,2.0420749187469482,2.0191307067871094,1.9929184913635254,1.84212327003479,2.128795862197876,2.0667293071746826,2.356090545654297,2.3170502185821533,2.5304503440856934,2.327599048614502,2.3775105476379395,2.2549591064453125,1.9774941205978394,2.1337761878967285,1.957725167274475,2.2603020668029785,1.309193730354309,1.3238428831100464,1.3766486644744873,1.7212449312210083,1.821833848953247,2.168342113494873,2.201195240020752,2.5432240962982178,2.4370601177215576,2.398435354232788,2.2174055576324463,1.8469834327697754,1.8659052848815918,1.5789433717727661,1.7433053255081177
A2,0.40083423256874084,0.0,0.37600868940353394,0.6246207356452942,0.9600540399551392,1.3169639110565186,1.6041113138198853,1.8937556743621826,1.78091561794281,1.5644639730453491,1.3123441934585571,0.9842690229415894,0.8090441823005676,0.5764054656028748,0.5124053955078125,1.3040951490402222,1.1968636512756348,0.926088809967041,0.9775424003601074,1.025024652481079,1.26885187625885,1.5899925231933594,1.631717324256897,1.3237035274505615,1.0614516735076904,0.6750500798225403,0.5752716660499573,0.4992118775844574,0.6313438415527344,0.9150424003601074,2.0186092853546143,1.9055674076080322,1.5929598808288574,1.7343206405639648,1.5832659006118774,1.7974929809570312,1.8902307748794556,1.8125026226043701,1.4676963090896606,1.5281494855880737,1.4031637907028198,1.3056564331054688,1.5324772596359253,1.5572246313095093,1.9255315065383911,1.9713833332061768,1.866681694984436,1.669447898864746,1.9050257205963135,1.7894583940505981,2.0446503162384033,1.965262532234192,2.1746981143951416,1.9955579042434692,2.083004951477051,2.0110390186309814,1.7528725862503052,1.9626333713531494,1.8423844575881958,2.1515939235687256,1.3172415494918823,1.21018648147583,1.1975144147872925,1.4930282831192017,1.53895902633667,1.8545302152633667,1.8481369018554688,2.1972498893737793,2.1242024898529053,2.1152780055999756,1.9856138229370117,1.6303799152374268,1.7102980613708496,1.485612154006958,1.665360450744629
A3,0.704720139503479,0.37600868940353394,0.0,0.39002084732055664,0.647193968296051,1.0364267826080322,1.3209739923477173,1.5746803283691406,1.4300326108932495,1.2342356443405151,0.9881344437599182,0.6351205110549927,0.562201976776123,0.43453076481819153,0.5859773755073547,1.36862313747406,1.1920231580734253,0.8517830967903137,0.9086944460868835,0.8457821011543274,1.1071410179138184,1.3680638074874878,1.399717926979065,1.0800132751464844,0.9026314616203308,0.5884877443313599,0.42381152510643005,0.594301164150238,0.7288799285888672,1.0694119930267334,1.8324990272521973,1.6746158599853516,1.357498288154602,1.4992254972457886,1.3315186500549316,1.563998818397522,1.6282895803451538,1.6004581451416016,1.2996392250061035,1.3849915266036987,1.2923340797424316,1.1382815837860107,1.402373194694519,1.4180446863174438,1.7772886753082275,1.699778437614441,1.546403169631958,1.337546706199646,1.554414987564087,1.4391868114471436,1.7026065587997437,1.6349903345108032,1.876849889755249,1.7232036590576172,1.7905281782150269,1.723042607307434,1.4481545686721802,1.6645351648330688,1.5604586601257324,1.8544199466705322,1.1620564460754395,0.9689756631851196,0.8750401139259338,1.1452765464782715,1.1656684875488281,1.4849990606307983,1.496916651725769,1.842872142791748,1.7623134851455688,1.740859031677246,1.6167058944702148,1.2675458192825317,1.375367522239685,1.1976337432861328,1.3998286724090576
A4,0.9886099696159363,0.6246207356452942,0.39002084732055664,0.0,0.3817679286003113,0.7036570906639099,1.0307954549789429,1.3009309768676758,1.2019602060317993,0.9655148983001709,0.7792722582817078,0.5316733717918396,0.5119553804397583,0.63463294506073,0.6888514757156372,1.688737392425537,1.4556173086166382,1.091796636581421,1.01715886592865,0.8234813809394836,0.9452875852584839,1.1636894941329956,1.105794906616211,0.7486293315887451,0.5991165637969971,0.399569571018219,0.49811050295829773,0.7821985483169556,1.0364984273910522,1.3286025524139404,2.1144156455993652,1.9043855667114258,1.5700657367706299,1.6459195613861084,1.402463436126709,1.5566614866256714,1.5296062231063843,1.4538906812667847,1.190879225730896,1.3799058198928833,1.3988906145095825,1.3040488958358765,1.6258842945098877,1.695757508277893,2.0394864082336426,1.885523796081543,1.674033284187317,1.4706416130065918,1.6245033740997314,1.465067982673645,1.6721595525741577,1.5270055532455444,1.7837215662002563,1.7036761045455933,1.8270385265350342,1.8332138061523438,1.582607388496399,1.8328107595443726,1.7693649530410767,2.0316414833068848,1.2494884729385376,0.9706730246543884,0.8983388543128967,1.0595180988311768,1.0656025409698486,1.3268572092056274,1.3138492107391357,1.687061071395874,1.6889984607696533,1.6731743812561035,1.61142098903656,1.2949867248535156,1.4199120998382568,1.3039219379425049,1.4404840469360352
A5,1.329888105392456,0.9600540399551392,0.647193968296051,0.3817679286003113,0.0,0.40317320823669434,0.691225528717041,0.9370158910751343,0.8448792695999146,0.6744865775108337,0.6175886988639832,0.45224228501319885,0.6774865984916687,0.8917742371559143,1.037680983543396,1.8024944067001343,1.5135512351989746,1.1371362209320068,1.0303715467453003,0.725480854511261,0.7941724061965942,0.8981228470802307,0.8267533183097839,0.48689791560173035,0.5249555706977844,0.5651532411575317,0.6169611811637878,0.9851655960083008,1.222186803817749,1.5055381059646606,2.042734146118164,1.777666687965393,1.4448490142822266,1.4703385829925537,1.190500259399414,1.3122978210449219,1.2273849248886108,1.1936373710632324,1.0104206800460815,1.2359371185302734,1.3205134868621826,1.2162621021270752,1.5636684894561768,1.6564135551452637,1.9655510187149048,1.8136377334594727,1.5351994037628174,1.30453360080719,1.3781300783157349,1.176810622215271,1.340569257736206,1.1685503721237183,1.446104884147644,1.414999008178711,1.5465377569198608,1.5982743501663208,1.3743289709091187,1.649591326713562,1.6458133459091187,1.8834741115570068,1.3882461786270142,1.0392860174179077,0.8567428588867188,0.8896663188934326,0.7837976217269897,0.9828227162361145,0.9342300891876221,1.3089796304702759,1.337715744972229,1.3452363014221191,1.3470369577407837,1.0850794315338135,1.2823095321655273,1.2722891569137573,1.4245481491088867
A6,1.6910769939422607,1.3169639110565186,1.0364267826080322,0.7036570906639099,0.40317320823669434,0.0,0.39259466528892517,0.6319677829742432,0.6531054377555847,0.49411314725875854,0.6618102788925171,0.7234880328178406,0.9548857808113098,1.2413923740386963,1.343145489692688,2.1633172035217285,1.8463283777236938,1.4781075716018677,1.304362416267395,0.9473088979721069,0.8404940962791443,0.7998462319374084,0.5680271983146667,0.2282385379076004,0.5378492474555969,0.8001744151115417,0.9610849022865295,1.3208107948303223,1.5936880111694336,1.8450510501861572,2.3538339138031006,2.0545899868011475,1.7298592329025269,1.6957963705062866,1.3747283220291138,1.399413824081421,1.2033385038375854,1.1322647333145142,1.0560911893844604,1.3630481958389282,1.5454925298690796,1.4930176734924316,1.8561546802520752,1.9828253984451294,2.2648024559020996,2.065784215927124,1.7484594583511353,1.537307620048523,1.5329707860946655,1.3023350238800049,1.3726390600204468,1.1163147687911987,1.3921476602554321,1.4649244546890259,1.6440390348434448,1.7712178230285645,1.5929168462753296,1.8781293630599976,1.9156845808029175,2.1120920181274414,1.6326100826263428,1.2529898881912231,1.095906376838684,0.9912011623382568,0.8501763939857483,0.8955081701278687,0.7931226491928101,1.1674818992614746,1.3133695125579834,1.3362632989883423,1.427999496459961,1.2474348545074463,1.4515433311462402,1.5120341777801514,1.6037729978561401
A7,1.9934691190719604,1.6041113138198853,1.3209739923477173,1.0307954549789429,0.691225528717041,0.39259466528892517,0.0,0.38762351870536804,0.6151810884475708,0.6815168857574463,0.9694949388504028,1.034225344657898,1.3166688680648804,1.5783542394638062,1.7029263973236084,2.261037588119507,1.9056975841522217,1.5637706518173218,1.3469069004058838,0.965872049331665,0.7678970098495483,0.5498111248016357,0.3011336922645569,0.34544748067855835,0.6912354230880737,1.0257947444915771,1.147012710571289,1.50028657913208,1.7653257846832275,1.9753504991531372,2.3909389972686768,2.0509021282196045,1.7315592765808105,1.6160682439804077,1.2662397623062134,1.1941559314727783,0.9193193316459656,0.8492923378944397,0.9010798335075378,1.228361964225769,1.485365629196167,1.4770159721374512,1.8402197360992432,2.013392686843872,2.2519969940185547,2.228243350982666,1.874876856803894,1.6278046369552612,1.5302294492721558,1.237020492553711,1.193215012550354,0.8614641427993774,1.0872467756271362,1.2277296781539917,1.4566693305969238,1.6624338626861572,1.5624116659164429,1.8768585920333862,1.9900310039520264,2.1768276691436768,1.9779080152511597,1.5908774137496948,1.3773566484451294,1.2194610834121704,0.9698384404182434,0.8698985576629639,0.6088754534721375,0.9279261231422424,1.1475950479507446,1.2629475593566895,1.4582581520080566,1.3637280464172363,1.632663607597351,1.7603198289871216,1.8809000253677368
A8,2.2665421962738037,1.8937556743621826,1.5746803283691406,1.3009309768676758,0.9370158910751343,0.6319677829742432,0.38762351870536804,0.0,0.38819143176078796,0.614109456539154,0.9902852773666382,1.1526634693145752,1.471227765083313,1.7689213752746582,1.933609127998352,2.5254337787628174,2.1750895977020264,1.8353185653686523,1.6637572050094604,1.285099983215332,1.1303011178970337,0.8569578528404236,0.6397375464439392,0.6927956342697144,1.0622774362564087,1.372797966003418,1.4597270488739014,1.8277748823165894,2.0595743656158447,2.294710397720337,2.459836721420288,2.11017107963562,1.8363311290740967,1.7293528318405151,1.4126101732254028,1.3512946367263794,1.0408291816711426,1.077931523323059,1.2159618139266968,1.5074998140335083,1.7541049718856812,1.6989907026290894,2.037980318069458,2.1762702465057373,2.3821210861206055,2.177673101425171,1.8005437850952148,1.595442533493042,1.441606879234314,1.185233235359192,1.1005537509918213,0.7939083576202393,1.0678013563156128,1.294464349746704,1.465829610824585,1.6756960153579712,1.5823585987091064,1.8564844131469727,1.982554316520691,2.107943058013916,2.0400891304016113,1.6429330110549927,1.4134714603424072,1.159380316734314,0.8888252377510071,0.6463303565979004,0.4129945933818817,0.6675471067428589,0.9621649384498596,1.0413261651992798,1.2924796342849731,1.2875539064407349,1.54862380027771,1.7486234903335571,1.8382738828659058
A9,2.1212949752807617,1.78091561794281,1.4300326108932495,1.2019602060317993,0.8448792695999146,0.6531054377555847,0.6151810884475708,0.38819143176078796,0.0,0.37626248598098755,0.7138437032699585,0.9064955115318298,1.2463502883911133,1.551580786705017,1.7639142274856567,2.4376518726348877,2.120103597640991,1.769877314567566,1.6767216920852661,1.3187083005905151,1.2761952877044678,1.082112193107605,0.9149243831634521,0.8120946288108826,1.1543973684310913,1.3777356147766113,1.4090731143951416,1.7858073711395264,1.9723315238952637,2.253594398498535,2.2498953342437744,1.9264564514160156,1.6820544004440308,1.651801586151123,1.3873695135116577,1.434287428855896,1.1963697671890259,1.3061902523040771,1.3777804374694824,1.6208184957504272,1.790731430053711,1.655694842338562,1.9715601205825806,2.0435378551483154,2.25657320022583,1.8203189373016357,1.4474537372589111,1.2842321395874023,1.1663786172866821,0.988214910030365,1.013548731803894,0.8327682614326477,1.1895748376846313,1.3585186004638672,1.4350357055664062,1.5595576763153076,1.3964545726776123,1.6200746297836304,1.697231650352478,1.7957875728607178,1.727382779121399,1.3349663019180298,1.087865948677063,0.79549241065979,0.5309529304504395,0.30246034264564514,0.349204957485199,0.6565845608711243,0.824621319770813,0.7755467891693115,0.95360267162323,0.9350084662437439,1.1703641414642334,1.389051079750061,1.4715101718902588
A10,1.8892163038253784,1.5644639730453491,1.2342356443405151,0.9655148983001709,0.6744865775108337,0.49411314725875854,0.6815168857574463,0.614109456539154,0.37626248598098755,0.0,0.39860954880714417,0.6766342520713806,0.9550264477729797,1.2992550134658813,1.471387505531311,2.40549635887146,2.114851474761963,1.7443194389343262,1.657066822052002,1.3125519752502441,1.2829258441925049,1.1819064617156982,0.9587974548339844,0.7131867408752441,1.019049882888794,1.2035733461380005,1.2875505685806274,1.6566762924194336,1.8656326532363892,2.1668272018432617,2.3417725563049316,2.0546135902404785,1.7897422313690186,1.8117032051086426,1.5464956760406494,1.6308940649032593,1.4273983240127563,1.4689322710037231,1.4540680646896362,1.7183072566986084,1.861147165298462,1.7247611284255981,2.0533013343811035,2.1073250770568848,2.3657758235931396,1.807953119277954,1.4778790473937988,1.3510560989379883,1.339687466621399,1.2051780223846436,1.3145145177841187,1.1444189548492432,1.4955763816833496,1.6126058101654053,1.6981360912322998,1.7787394523620605,1.5594040155410767,1.7712781429290771,1.7758430242538452,1.8949068784713745,1.4554792642593384,1.0584979057312012,0.8926160931587219,0.6381455659866333,0.551759660243988,0.5706378817558289,0.691061794757843,1.030082106590271,1.1541022062301636,1.050459861755371,1.1071362495422363,0.9740142822265625,1.1205765008926392,1.2526699304580688,1.282948613166809
A11,1.5891717672348022,1.3123441934585571,0.9881344437599182,0.7792722582817078,0.6175886988639832,0.6618102788925171,0.9694949388504028,0.9902852773666382,0.7138437032699585,0.39860954880714417,0.0,0.3796992599964142,0.5968612432479858,0.9516936540603638,1.1430591344833374,2.240247964859009,1.9992916584014893,1.6283276081085205,1.607639193534851,1.319208025932312,1.3840845823287964,1.3875130414962769,1.2139391899108887,0.8814677596092224,1.0668542385101318,1.1183319091796875,1.1646788120269775,1.5038660764694214,1.676780104637146,2.0105032920837402,2.2070200443267822,1.9721282720565796,1.7161051034927368,1.816894292831421,1.5973453521728516,1.7619884014129639,1.6352183818817139,1.6794500350952148,1.579840064048767,1.801695704460144,1.8680095672607422,1.6878889799118042,1.9925792217254639,1.9935661554336548,2.281226396560669,1.5774178504943848,1.3050689697265625,1.218919277191162,1.3231068849563599,1.2614578008651733,1.4739705324172974,1.3767693042755127,1.7346752882003784,1.7753021717071533,1.8173569440841675,1.8182984590530396,1.5357571840286255,1.7073819637298584,1.6306873559951782,1.7652581930160522,1.0610820055007935,0.6639515161514282,0.5473862290382385,0.4091847240924835,0.5436916351318359,0.7886645197868347,0.9809896349906921,1.323128581047058,1.346167802810669,1.1890556812286377,1.1076242923736572,0.860341489315033,0.9125475883483887,0.9402770400047302,0.9588388800621033
A12,1.2633343935012817,0.9842690229415894,0.6351205110549927,0.5316733717918396,0.45224228501319885,0.7234880328178406,1.034225344657898,1.1526634693145752,0.9064955115318298,0.6766342520713806,0.3796992599964142,0.0,0.3767932057380676,0.6466739773750305,0.8968997001647949,1.8687658309936523,1.6457160711288452,1.2795939445495605,1.3027944564819336,1.0679291486740112,1.2258989810943604,1.314955472946167,1.2354313135147095,0.8907175064086914,0.9575197696685791,0.891650378704071,0.8501726984977722,1.1697726249694824,1.309212565422058,1.6532734632492065,1.9244498014450073,1.7108687162399292,1.435220718383789,1.566942811012268,1.3723527193069458,1.5876811742782593,1.5389518737792969,1.5841947793960571,1.4145400524139404,1.5813801288604736,1.5855562686920166,1.3851109743118286,1.6756153106689453,1.665441632270813,1.9754421710968018,1.4469890594482422,1.206107258796692,1.0595591068267822,1.2269484996795654,1.1539355516433716,1.4176216125488281,1.3545111417770386,1.6854451894760132,1.643450140953064,1.6748086214065552,1.6336705684661865,1.3320343494415283,1.5179847478866577,1.423085331916809,1.622645616531372,0.9688614010810852,0.608914852142334,0.4111749231815338,0.5356904864311218,0.6054802536964417,0.9414348602294922,1.0682264566421509,1.4178117513656616,1.3679208755493164,1.2581558227539062,1.1345199346542358,0.8083639740943909,0.9015218019485474,0.8391762971878052,0.9768768548965454
A13,1.019105315208435,0.8090441823005676,0.562201976776123,0.5119553804397583,0.6774865984916687,0.9548857808113098,1.3166688680648804,1.471227765083313,1.2463502883911133,0.9550264477729797,0.5968612432479858,0.3767932057380676,0.0,0.37829992175102234,0.5611513257026672,1.8895906209945679,1.7235571146011353,1.374065637588501,1.4179956912994385,1.2484989166259766,1.415379285812378,1.5732730627059937,1.4773670434951782,1.0985453128814697,1.0719228982925415,0.9074309468269348,0.9080777764320374,1.143817663192749,1.2795424461364746,1.6277313232421875,2.091008424758911,1.932126522064209,1.6617382764816284,1.830674648284912,1.655593752861023,1.8816372156143188,1.8578224182128906,1.85873544216156,1.636784553527832,1.7976806163787842,1.7672345638275146,1.5807729959487915,1.8514540195465088,1.8191677331924438,2.1555676460266113,1.5627371072769165,1.40507173538208,1.3102796077728271,1.5422130823135376,1.5023800134658813,1.7837203741073608,1.7202130556106567,2.037651538848877,1.9719135761260986,2.008894681930542,1.9413230419158936,1.6236034631729126,1.7821654081344604,1.6282970905303955,1.835117220878601,0.7465280294418335,0.4696173071861267,0.5246450304985046,0.7750456929206848,0.9585515856742859,1.299073576927185,1.4341932535171509,1.7903251647949219,1.742448329925537,1.6165074110031128,1.450547695159912,1.0999722480773926,1.0903525352478027,0.899509072303772,0.9716272354125977
A14,0.6881080865859985,0.5764054656028748,0.43453076481819153,0.63463294506073,0.8917742371559143,1.2413923740386963,1.5783542394638062,1.7689213752746582,1.551580786705017,1.2992550134658813,0.9516936540603638,0.6466739773750305,0.37829992175102234,0.0,0.3737433850765228,1.6229695081710815,1.5218185186386108,1.2136424779891968,1.332063913345337,1.2659885883331299,1.5097277164459229,1.7328282594680786,1.7062079906463623,1.3455016613006592,1.2313462495803833,0.953953206539154,0.8577606081962585,0.9803609848022461,1.0330350399017334,1.3876160383224487,1.9353389739990234,1.8332688808441162,1.5742396116256714,1.7871226072311401,1.6647182703018188,1.9324754476547241,1.9811350107192993,1.9845610857009888,1.7112040519714355,1.8046871423721313,1.6968142986297607,1.4947060346603394,1.7151397466659546,1.6479694843292236,1.9991681575775146,1.5329179763793945,1.4482213258743286,1.3426774740219116,1.6289550065994263,1.6084059476852417,1.9208049774169922,1.8968316316604614,2.184490442276001,2.053520679473877,2.068432331085205,1.95140540599823,1.6260138750076294,1.7630839347839355,1.572860836982727,1.8188660144805908,0.753501832485199,0.6538941860198975,0.7037792205810547,1.0480188131332397,1.207078218460083,1.5737383365631104,1.687265396118164,2.0304629802703857,1.930159568786621,1.8241952657699585,1.621475338935852,1.2469428777694702,1.2293143272399902,0.9604888558387756,1.0994211435317993
A15,0.5663766860961914,0.5124053955078125,0.5859773755073547,0.6888514757156372,1.037680983543396,1.343145489692688,1.7029263973236084,1.933609127998352,1.7639142274856567,1.471387505531311,1.1430591344833374,0.8968997001647949,0.5611513257026672,0.3737433850765228,0.0,1.7522692680358887,1.6681339740753174,1.3767658472061157,1.4366792440414429,1.391832947731018,1.582383155822754,1.8432607650756836,1.7862695455551147,1.416909098625183,1.2408244609832764,0.936320960521698,0.9498286247253418,0.998174250125885,1.1134631633758545,1.4170936346054077,2.2595505714416504,2.1624093055725098,1.8834984302520752,2.0674965381622314,1.9149006605148315,2.1422300338745117,2.176133871078491,2.116715908050537,1.816480278968811,1.93757164478302,1.85078763961792,1.7103132009506226,1.9441704750061035,1.9140509366989136,2.276887893676758,1.8916782140731812,1.8166178464889526,1.7122353315353394,1.984362006187439,1.9332979917526245,2.2184834480285645,2.146657705307007,2.4182441234588623,2.295149087905884,2.3554437160491943,2.2687125205993652,1.961949348449707,2.12184739112854,1.9410614967346191,2.192169427871704,0.9281067848205566,0.8796252012252808,1.0218027830123901,1.3277851343154907,1.4962857961654663,1.8363420963287354,1.920515537261963,2.284402847290039,2.228181838989258,2.1379616260528564,1.9617587327957153,1.59353768825531,1.5694351196289062,1.2963801622390747,1.3710193634033203
B1,1.3267133235931396,1.3040951490402222,1.36862313747406,1.688737392425537,1.8024944067001343,2.1633172035217285,2.261037588119507,2.5254337787628174,2.4376518726348877,2.40549635887146,2.240247964859009,1.8687658309936523,1.8895906209945679,1.6229695081710815,1.7522692680358887,0.0,0.39675816893577576,0.6974238157272339,0.991156280040741,1.3303488492965698,1.6927090883255005,1.9848638772964478,2.2527050971984863,2.1202354431152344,1.8843517303466797,1.5861765146255493,1.25294828414917,1.0188456773757935,0.6884364485740662,0.5816590189933777,1.3598233461380005,1.3645191192626953,1.1665080785751343,1.280705451965332,1.3758984804153442,1.6299560070037842,1.9484879970550537,1.9788404703140259,1.6624127626419067,1.4102073907852173,1.030228853225708,0.9326489567756653,0.7857879400253296,0.7896656394004822,1.0401099920272827,2.1585640907287598,2.112459659576416,1.8303749561309814,2.000448226928711,1.8844283819198608,2.093137502670288,2.1507468223571777,2.1946117877960205,1.845747470855713,1.8386783599853516,1.6746251583099365,1.5725431442260742,1.734387993812561,1.7147259712219238,2.077423095703125,2.239410638809204,2.1692323684692383,1.9823871850967407,2.2552490234375,2.1474502086639404,2.409224510192871,2.3191192150115967,2.5313422679901123,2.3252034187316895,2.432603597640991,2.3238444328308105,2.06125545501709,2.242711305618286,2.0952227115631104,2.422731876373291
B2,1.3390800952911377,1.1968636512756348,1.1920231580734253,1.4556173086166382,1.5135512351989746,1.8463283777236938,1.9056975841522217,2.1750895977020264,2.120103597640991,2.114851474761963,1.9992916584014893,1.6457160711288452,1.7235571146011353,1.5218185186386108,1.6681339740753174,0.39675816893577576,0.0,0.3773764669895172,0.6316908597946167,0.9669415354728699,1.3232579231262207,1.6001592874526978,1.8854341506958008,1.7866644859313965,1.566887617111206,1.3170453310012817,0.9822912216186523,0.8152306079864502,0.5847293138504028,0.5255880355834961,1.3572423458099365,1.2465977668762207,0.9678787589073181,0.9984068870544434,1.0234873294830322,1.2491527795791626,1.559847116470337,1.5825847387313843,1.27268385887146,1.0163310766220093,0.6390270590782166,0.5701484084129333,0.527947187423706,0.6900863647460938,0.9755858182907104,2.1033096313476562,1.9850255250930786,1.663034200668335,1.7794567346572876,1.6038378477096558,1.7733718156814575,1.7932413816452026,1.8230637311935425,1.482113242149353,1.5209256410598755,1.4173942804336548,1.3407111167907715,1.5733553171157837,1.6144154071807861,1.9810823202133179,2.1767380237579346,2.0380818843841553,1.8147932291030884,2.0408260822296143,1.8855048418045044,2.1100821495056152,1.9796414375305176,2.188998222351074,2.0120151042938232,2.1532649993896484,2.0955278873443604,1.852292776107788,2.082498788833618,1.9842188358306885,2.311671018600464
B3,1.1507641077041626,0.926088809967041,0.8517830967903137,1.091796636581421,1.1371362209320068,1.4781075716018677,1.5637706518173218,1.8353185653686523,1.769877314567566,1.7443194389343262,1.6283276081085205,1.2795939445495605,1.374065637588501,1.2136424779891968,1.3767658472061157,0.6974238157272339,0.3773764669895172,0.0,0.388224333524704,0.6504195928573608,1.0376787185668945,1.317632794380188,1.5651729106903076,1.4315526485443115,1.2266714572906494,0.9807551503181458,0.626180112361908,0.5580762028694153,0.43465283513069153,0.5843117833137512,1.3998521566390991,1.2271294593811035,0.8855535387992859,0.9304176568984985,0.8529985547065735,1.0986789464950562,1.3473235368728638,1.3627678155899048,1.0401487350463867,0.8748336434364319,0.5803884863853455,0.43941041827201843,0.6272732615470886,0.7740657329559326,1.1123344898223877,1.9099563360214233,1.7521119117736816,1.4281328916549683,1.5502029657363892,1.358399748802185,1.547393560409546,1.5337858200073242,1.6213160753250122,1.3241978883743286,1.387385368347168,1.3114540576934814,1.1756051778793335,1.4436837434768677,1.4709043502807617,1.8315565586090088,1.8833224773406982,1.7071149349212646,1.4803624153137207,1.693581223487854,1.542961835861206,1.7762644290924072,1.657763123512268,1.9022812843322754,1.7512542009353638,1.8704771995544434,1.8159887790679932,1.5535019636154175,1.787132978439331,1.696574091911316,2.0075149536132812
B4,1.2835228443145752,0.9775424003601074,0.9086944460868835,1.01715886592865,1.0303715467453003,1.304362416267395,1.3469069004058838,1.6637572050094604,1.6767216920852661,1.657066822052002,1.607639193534851,1.3027944564819336,1.4179956912994385,1.332063913345337,1.4366792440414429,0.991156280040741,0.6316908597946167,0.388224333524704,0.0,0.38150420784950256,0.7033143639564514,1.0225626230239868,1.2861719131469727,1.2046780586242676,0.9651972055435181,0.7835415601730347,0.5289939045906067,0.5161739587783813,0.6393610835075378,0.693498432636261,1.7273168563842773,1.4988219738006592,1.1321766376495361,1.0596624612808228,0.8519472479820251,0.9593722224235535,1.1516410112380981,1.0728585720062256,0.7102982997894287,0.5968807339668274,0.4498980641365051,0.546972393989563,0.8436746597290039,1.0929993391036987,1.3923617601394653,2.1753740310668945,1.9665591716766357,1.6298060417175293,1.693182110786438,1.4312189817428589,1.543394684791565,1.4332023859024048,1.486390471458435,1.2300970554351807,1.4001784324645996,1.4329719543457031,1.3465269804000854,1.6687626838684082,1.742571234703064,2.0873591899871826,2.037092685699463,1.8095461130142212,1.5916376113891602,1.7503584623336792,1.5661609172821045,1.742415189743042,1.555780291557312,1.8139533996582031,1.7403907775878906,1.9017813205718994,1.917278528213501,1.6762731075286865,1.9390537738800049,1.8813378810882568,2.160327672958374
B5,1.3936364650726318,1.025024652481079,0.8457821011543274,0.8234813809394836,0.725480854511261,0.9473088979721069,0.965872049331665,1.285099983215332,1.3187083005905151,1.3125519752502441,1.319208025932312,1.0679291486740112,1.2484989166259766,1.2659885883331299,1.391832947731018,1.3303488492965698,0.9669415354728699,0.6504195928573608,0.38150420784950256,0.0,0.40173768997192383,0.6862056255340576,0.9227520823478699,0.844302237033844,0.6691934466362,0.6174544095993042,0.4545411765575409,0.682486891746521,0.8970058560371399,1.0412458181381226,1.8263250589370728,1.5444180965423584,1.1676815748214722,1.0697021484375,0.7641074657440186,0.8243362903594971,0.8999273777008057,0.8133608102798462,0.47679582238197327,0.5591065883636475,0.6277799606323242,0.6686884164810181,1.0376334190368652,1.26618230342865,1.5543416738510132,2.091623544692993,1.8303041458129883,1.4977264404296875,1.5181009769439697,1.2236781120300293,1.3068026304244995,1.1363884210586548,1.2362233400344849,1.0582802295684814,1.266051173210144,1.3579354286193848,1.2578696012496948,1.6044102907180786,1.6965450048446655,2.0089316368103027,1.9224178791046143,1.6369889974594116,1.4012761116027832,1.491916537284851,1.2776219844818115,1.413374662399292,1.205509901046753,1.4858242273330688,1.4629932641983032,1.6237876415252686,1.6810007095336914,1.4617996215820312,1.7445207834243774,1.7357203960418701,1.986786961555481
B6,1.6597806215286255,1.26885187625885,1.1071410179138184,0.9452875852584839,0.7941724061965942,0.8404940962791443,0.7678970098495483,1.1303011178970337,1.2761952877044678,1.2829258441925049,1.3840845823287964,1.2258989810943604,1.415379285812378,1.5097277164459229,1.582383155822754,1.6927090883255005,1.3232579231262207,1.0376787185668945,0.7033143639564514,0.40173768997192383,0.0,0.38911327719688416,0.6157886385917664,0.659295916557312,0.505691647529602,0.6749293804168701,0.7312228679656982,0.9606338143348694,1.245344877243042,1.3453317880630493,2.191215991973877,1.8818655014038086,1.5115888118743896,1.3540775775909424,0.9986773133277893,0.9004101753234863,0.8299115300178528,0.591741144657135,0.2915209233760834,0.6177683472633362,0.8778529167175293,1.0150551795959473,1.3808645009994507,1.6416327953338623,1.9030674695968628,2.390756607055664,2.095576286315918,1.774111270904541,1.741796612739563,1.4119768142700195,1.4066740274429321,1.131788969039917,1.19564950466156,1.1204314231872559,1.4132663011550903,1.5952863693237305,1.537949562072754,1.899025321006775,2.0196218490600586,2.3049933910369873,2.1386048793792725,1.817525029182434,1.6055549383163452,1.6250510215759277,1.3931220769882202,1.441870093345642,1.1679288148880005,1.445650577545166,1.5278140306472778,1.7170617580413818,1.845205307006836,1.6661931276321411,1.9556615352630615,1.9816218614578247,2.1887288093566895
B7,1.986200213432312,1.5899925231933594,1.3680638074874878,1.1636894941329956,0.8981228470802307,0.7998462319374084,0.5498111248016357,0.8569578528404236,1.082112193107605,1.1819064617156982,1.3875130414962769,1.314955472946167,1.5732730627059937,1.7328282594680786,1.8432607650756836,1.9848638772964478,1.6001592874526978,1.317632794380188,1.0225626230239868,0.6862056255340576,0.38911327719688416,0.0,0.38721004128456116,0.6288706660270691,0.698856770992279,0.9829189777374268,1.0429236888885498,1.3209002017974854,1.579630732536316,1.6994106769561768,2.282815456390381,1.9342725276947021,1.5891305208206177,1.3852852582931519,1.0080630779266357,0.8205927610397339,0.5904566049575806,0.35009002685546875,0.3944678008556366,0.7452457547187805,1.0761466026306152,1.1840946674346924,1.5422241687774658,1.799757480621338,2.0173447132110596,2.42852783203125,2.0914688110351562,1.7752258777618408,1.664724349975586,1.3085473775863647,1.2122544050216675,0.870448887348175,0.9160529375076294,0.9566076397895813,1.2814397811889648,1.5347001552581787,1.5209767818450928,1.8845889568328857,2.0517215728759766,2.295626640319824,2.2767884731292725,1.9198700189590454,1.676412582397461,1.6062486171722412,1.319237470626831,1.261193037033081,0.9228975772857666,1.1517281532287598,1.3036866188049316,1.5297086238861084,1.7336009740829468,1.6287387609481812,1.9457224607467651,2.043607234954834,2.235487699508667
B8,2.0310966968536377,1.631717324256897,1.399717926979065,1.105794906616211,0.8267533183097839,0.5680271983146667,0.3011336922645569,0.6397375464439392,0.9149243831634521,0.9587974548339844,1.2139391899108887,1.2354313135147095,1.4773670434951782,1.7062079906463623,1.7862695455551147,2.2527050971984863,1.8854341506958008,1.5651729106903076,1.2861719131469727,0.9227520823478699,0.6157886385917664,0.38721004128456116,0.0,0.3919872045516968,0.6138998866081238,0.9899067878723145,1.1534050703048706,1.4671255350112915,1.7628633975982666,1.9230836629867554,2.522218942642212,2.1802914142608643,1.8409837484359741,1.6857666969299316,1.3149744272232056,1.1749310493469238,0.8992839455604553,0.7050750255584717,0.7516783475875854,1.117472529411316,1.422031283378601,1.4897102117538452,1.8592957258224487,2.078956127166748,2.3185932636260986,2.4726932048797607,2.128288507461548,1.8577076196670532,1.762412667274475,1.4410400390625,1.3666229248046875,1.0064468383789062,1.1397862434387207,1.2610783576965332,1.5502455234527588,1.7874228954315186,1.7236500978469849,2.0630314350128174,2.192322254180908,2.4059085845947266,2.1806602478027344,1.8058505058288574,1.6092402935028076,1.4916894435882568,1.24971604347229,1.1637943983078003,0.8675346970558167,1.1434714794158936,1.3694813251495361,1.529833436012268,1.7335302829742432,1.627515196800232,1.9035383462905884,2.0052263736724854,2.136662483215332
B9,1.7142128944396973,1.3237035274505615,1.0800132751464844,0.7486293315887451,0.48689791560173035,0.2282385379076004,0.34544748067855835,0.6927956342697144,0.8120946288108826,0.7131867408752441,0.8814677596092224,0.8907175064086914,1.0985453128814697,1.3455016613006592,1.416909098625183,2.1202354431152344,1.7866644859313965,1.4315526485443115,1.2046780586242676,0.844302237033844,0.659295916557312,0.6288706660270691,0.3919872045516968,0.0,0.3807413876056671,0.7234726548194885,0.9192802309989929,1.2590616941452026,1.558866024017334,1.7718956470489502,2.407313585281372,2.098956346511841,1.7563732862472534,1.6829144954681396,1.3383973836898804,1.313032865524292,1.1110807657241821,0.9757601618766785,0.8879365921020508,1.2226133346557617,1.4410016536712646,1.4429397583007812,1.816027283668518,1.9830752611160278,2.2630369663238525,2.2323827743530273,1.9150254726409912,1.674289584159851,1.654603362083435,1.385930061340332,1.4185858964920044,1.1249747276306152,1.3474665880203247,1.4115501642227173,1.6374226808547974,1.7965238094329834,1.6529964208602905,1.9656578302383423,2.028731107711792,2.247235059738159,1.809253454208374,1.4413951635360718,1.2823264598846436,1.2049373388290405,1.036742925643921,1.0588093996047974,0.8793472647666931,1.2345463037490845,1.3976536989212036,1.4741047620773315,1.5936551094055176,1.4192571640014648,1.64728844165802,1.6997474431991577,1.81157648563385
B10,1.4572384357452393,1.0614516735076904,0.9026314616203308,0.5991165637969971,0.5249555706977844,0.5378492474555969,0.6912354230880737,1.0622774362564087,1.1543973684310913,1.019049882888794,1.0668542385101318,0.9575197696685791,1.0719228982925415,1.2313462495803833,1.2408244609832764,1.8843517303466797,1.566887617111206,1.2266714572906494,0.9651972055435181,0.6691934466362,0.505691647529602,0.698856770992279,0.6138998866081238,0.3807413876056671,0.0,0.39770740270614624,0.6736949682235718,0.954683244228363,1.2933874130249023,1.4707800149917603,2.381279706954956,2.1021997928619385,1.7371351718902588,1.6746852397918701,1.3408942222595215,1.3325437307357788,1.2174501419067383,1.0199055671691895,0.7938347458839417,1.10029935836792,1.279367208480835,1.326972246170044,1.6962487697601318,1.8825339078903198,2.1890690326690674,2.3223977088928223,2.044469118118286,1.7841739654541016,1.8173822164535522,1.548670768737793,1.6173324584960938,1.349884271621704,1.5252585411071777,1.5045514106750488,1.7438526153564453,1.8749051094055176,1.7272353172302246,2.0498287677764893,2.0918424129486084,2.355304002761841,1.8178880214691162,1.4947067499160767,1.3680270910263062,1.3949099779129028,1.2647830247879028,1.3662890195846558,1.1921360492706299,1.5441787242889404,1.6543492078781128,1.7449052333831787,1.8191946744918823,1.5906907320022583,1.8061331510543823,1.7880620956420898,1.9259233474731445
B11,1.0704026222229004,0.6750500798225403,0.5884877443313599,0.399569571018219,0.5651532411575317,0.8001744151115417,1.0257947444915771,1.372797966003418,1.3777356147766113,1.2035733461380005,1.1183319091796875,0.891650378704071,0.9074309468269348,0.953953206539154,0.936320960521698,1.5861765146255493,1.3170453310012817,0.9807551503181458,0.7835415601730347,0.6174544095993042,0.6749293804168701,0.9829189777374268,0.9899067878723145,0.7234726548194885,0.39770740270614624,0.0,0.3757127523422241,0.5990661978721619,0.9460704922676086,1.144887089729309,2.209440231323242,1.9809483289718628,1.6168279647827148,1.6191657781600952,1.3405131101608276,1.421587347984314,1.4092254638671875,1.2515608072280884,0.9355936646461487,1.133077621459961,1.1896355152130127,1.2014647722244263,1.5400182008743286,1.6903756856918335,2.028035879135132,2.19231915473938,1.968520164489746,1.7135971784591675,1.822147250175476,1.5960333347320557,1.7404595613479614,1.5449213981628418,1.72698974609375,1.6245505809783936,1.815245270729065,1.872288703918457,1.685018539428711,1.983156442642212,1.9744224548339844,2.2679672241210938,1.6327146291732788,1.3689446449279785,1.2715295553207397,1.4082260131835938,1.336003303527832,1.5348211526870728,1.4193378686904907,1.776995301246643,1.808058738708496,1.8701409101486206,1.8678826093673706,1.5806171894073486,1.7607982158660889,1.6670541763305664,1.8307949304580688
B12,0.9551140069961548,0.5752716660499573,0.42381152510643005,0.49811050295829773,0.6169611811637878,0.9610849022865295,1.147012710571289,1.4597270488739014,1.4090731143951416,1.2875505685806274,1.1646788120269775,0.8501726984977722,0.9080777764320374,0.8577606081962585,0.9498286247253418,1.25294828414917,0.9822912216186523,0.626180112361908,0.5289939045906067,0.4545411765575409,0.7312228679656982,1.0429236888885498,1.1534050703048706,0.9192802309989929,0.6736949682235718,0.3757127523422241,0.0,0.37713950872421265,0.6411780118942261,0.8921679258346558,1.8462491035461426,1.6337404251098633,1.272446632385254,1.3086169958114624,1.0808087587356567,1.2432715892791748,1.31963312625885,1.2431366443634033,0.9071214199066162,0.9880712628364563,0.9365271329879761,0.8772169351577759,1.1941514015197754,1.3202604055404663,1.6646698713302612,1.9473893642425537,1.7430325746536255,1.462532639503479,1.5926828384399414,1.3837015628814697,1.5692085027694702,1.4462618827819824,1.621395468711853,1.449562668800354,1.5870662927627563,1.5893561840057373,1.392115831375122,1.6804622411727905,1.6689680814743042,1.9868844747543335,1.5695409774780273,1.3317768573760986,1.1702144145965576,1.356191635131836,1.2581751346588135,1.4976274967193604,1.3973997831344604,1.7278523445129395,1.6793357133865356,1.7481354475021362,1.7109969854354858,1.4128588438034058,1.6128029823303223,1.5115801095962524,1.7400550842285156
B13,0.7924776673316956,0.4992118775844574,0.594301164150238,0.7821985483169556,0.9851655960083008,1.3208107948303223,1.50028657913208,1.8277748823165894,1.7858073711395264,1.6566762924194336,1.5038660764694214,1.1697726249694824,1.143817663192749,0.9803609848022461,0.998174250125885,1.0188456773757935,0.8152306079864502,0.5580762028694153,0.5161739587783813,0.682486891746521,0.9606338143348694,1.3209002017974854,1.4671255350112915,1.2590616941452026,0.954683244228363,0.5990661978721619,0.37713950872421265,0.0,0.3749724328517914,0.5575786232948303,1.8887708187103271,1.7322211265563965,1.3856345415115356,1.438190221786499,1.267857313156128,1.4343122243881226,1.5755460262298584,1.4743436574935913,1.099239468574524,1.0935416221618652,0.9514890313148499,0.941105842590332,1.1824901103973389,1.3093757629394531,1.661168098449707,2.131045341491699,1.9795540571212769,1.7032502889633179,1.8655023574829102,1.674084186553955,1.8666532039642334,1.7658213376998901,1.8980711698532104,1.676921010017395,1.8086156845092773,1.7808820009231567,1.6001545190811157,1.8686082363128662,1.8374022245407104,2.179518461227417,1.730007290840149,1.5630114078521729,1.4427646398544312,1.6811619997024536,1.6096831560134888,1.8654264211654663,1.7626169919967651,2.0795130729675293,2.008760452270508,2.0869140625,2.0262863636016846,1.7149947881698608,1.8910640478134155,1.7404553890228271,1.9788345098495483
