0.000000000000000000e+00,3.963544666767120361e-01,6.748520731925964355e-01,9.930554032325744629e-01,1.313531517982482910e+00,1.638308644294738770e+00,1.956536173820495605e+00,1.861562371253967285e+00,1.602496266365051270e+00,1.376242041587829590e+00,1.004337430000305176e+00,8.320419192314147949e-01,6.186344027519226074e-01,5.585359334945678711e-01,7.729081511497497559e-01,1.206956624984741211e+00,1.201402664184570312e+00,1.019472837448120117e+00,1.125342607498168945e+00,1.261392593383789062e+00,1.394093036651611328e+00,1.707726478576660156e+00,1.858330011367797852e+00,1.735706686973571777e+00,1.676025271415710449e+00,1.514337420463562012e+00,1.414677381515502930e+00,1.547618627548217773e+00,1.501569032669067383e+00,1.852026939392089844e+00,2.011578559875488281e+00,1.995297193527221680e+00,1.704647421836853027e+00,1.886469960212707520e+00,1.804954051971435547e+00,1.986140608787536621e+00,2.193544149398803711e+00,2.283273935317993164e+00,2.360707283020019531e+00,2.199463129043579102e+00,2.148721456527709961e+00,1.893171548843383789e+00,2.075704097747802734e+00,1.893628716468811035e+00,2.203436136245727539e+00,1.946990489959716797e+00,1.980641007423400879e+00,1.802464246749877930e+00,2.106079578399658203e+00,2.048459768295288086e+00,2.384285449981689453e+00,2.564643144607543945e+00,2.485919237136840820e+00,2.545371532440185547e+00,2.239352941513061523e+00,2.131275892257690430e+00,1.774304389953613281e+00,1.839836120605468750e+00,1.564642429351806641e+00,1.722533226013183594e+00,1.233016848564147949e+00,1.304964423179626465e+00,1.348284721374511719e+00,1.711268424987792969e+00,1.824539542198181152e+00,2.224318742752075195e+00,2.467738866806030273e+00,2.289969205856323242e+00,2.179250478744506836e+00,1.818916320800781250e+00,1.569485425949096680e+00,1.207258343696594238e+00,1.035736799240112305e+00,7.156054377555847168e-01,6.415578722953796387e-01
3.963544666767120361e-01,0.000000000000000000e+00,3.775238394737243652e-01,6.314422488212585449e-01,9.596509337425231934e-01,1.282273650169372559e+00,1.588125109672546387e+00,1.473735570907592773e+00,1.208418607711791992e+00,9.854195713996887207e-01,6.149972081184387207e-01,5.139971375465393066e-01,4.259611368179321289e-01,5.992566943168640137e-01,8.638518452644348145e-01,1.324897170066833496e+00,1.194156646728515625e+00,9.195600748062133789e-01,9.186420440673828125e-01,9.585441946983337402e-01,1.043892621994018555e+00,1.339459776878356934e+00,1.519048333168029785e+00,1.445114254951477051e+00,1.419423818588256836e+00,1.340782761573791504e+00,1.286251783370971680e+00,1.507406592369079590e+00,1.530307531356811523e+00,1.895078063011169434e+00,2.057791709899902344e+00,1.965733289718627930e+00,1.636289000511169434e+00,1.767997860908508301e+00,1.613705158233642578e+00,1.778535604476928711e+00,1.944603562355041504e+00,2.021226882934570312e+00,2.150640010833740234e+00,1.993909955024719238e+00,2.005455732345581055e+00,1.771015048027038574e+00,2.006831645965576172e+00,1.877463817596435547e+00,2.190278053283691406e+00,1.952423691749572754e+00,1.908587813377380371e+00,1.699149489402770996e+00,1.957543015480041504e+00,1.849460363388061523e+00,2.176109790802001953e+00,2.319629669189453125e+00,2.213655471801757812e+00,2.310048341751098633e+00,2.001444339752197266e+00,1.947073936462402344e+00,1.609955787658691406e+00,1.727386116981506348e+00,1.517364978790283203e+00,1.681405901908874512e+00,1.241119146347045898e+00,1.187550902366638184e+00,1.192761778831481934e+00,1.504519939422607422e+00,1.574145436286926270e+00,1.973792791366577148e+00,2.186874151229858398e+00,1.972512722015380859e+00,1.881410241127014160e+00,1.506833910942077637e+00,1.300080180168151855e+00,9.538517594337463379e-01,8.373343944549560547e-01,6.445551514625549316e-01,5.984062552452087402e-01
6.748520731925964355e-01,3.775238394737243652e-01,0.000000000000000000e+00,3.980507552623748779e-01,6.487056612968444824e-01,1.000563263893127441e+00,1.312894582748413086e+00,1.237223386764526367e+00,1.041496276855468750e+00,8.201292753219604492e-01,5.504895448684692383e-01,4.070077538490295410e-01,5.877671837806701660e-01,7.227498888969421387e-01,1.059581756591796875e+00,1.383894562721252441e+00,1.213488578796386719e+00,8.735217452049255371e-01,9.076490998268127441e-01,8.356029391288757324e-01,9.859602451324462891e-01,1.249197006225585938e+00,1.389464139938354492e+00,1.388308763504028320e+00,1.305031418800354004e+00,1.273874998092651367e+00,1.162575364112854004e+00,1.431054592132568359e+00,1.437262296676635742e+00,1.803554773330688477e+00,1.883503317832946777e+00,1.760262012481689453e+00,1.434466242790222168e+00,1.583755016326904297e+00,1.415251374244689941e+00,1.635033488273620605e+00,1.800290346145629883e+00,1.810246467590332031e+00,1.940193176269531250e+00,1.737836360931396484e+00,1.752405166625976562e+00,1.496873617172241211e+00,1.736098408699035645e+00,1.618832588195800781e+00,1.913326740264892578e+00,1.671964287757873535e+00,1.583824992179870605e+00,1.375128269195556641e+00,1.622709393501281738e+00,1.522630691528320312e+00,1.867055058479309082e+00,2.017983436584472656e+00,1.882304430007934570e+00,1.958574414253234863e+00,1.637078762054443359e+00,1.580444216728210449e+00,1.247625350952148438e+00,1.382603049278259277e+00,1.216512918472290039e+00,1.397293329238891602e+00,1.055626153945922852e+00,9.097707271575927734e-01,8.486982583999633789e-01,1.139202117919921875e+00,1.197063088417053223e+00,1.597167015075683594e+00,1.817371606826782227e+00,1.619009375572204590e+00,1.526510596275329590e+00,1.158720374107360840e+00,9.618303179740905762e-01,6.003305912017822266e-01,5.906886458396911621e-01,4.986729919910430908e-01,6.456968188285827637e-01
9.930554032325744629e-01,6.314422488212585449e-01,3.980507552623748779e-01,0.000000000000000000e+00,3.794347941875457764e-01,6.516089439392089844e-01,9.655966758728027344e-01,9.152985811233520508e-01,6.857365965843200684e-01,5.779870748519897461e-01,4.433309733867645264e-01,5.781463384628295898e-01,8.431716561317443848e-01,1.081085324287414551e+00,1.384220480918884277e+00,1.742905020713806152e+00,1.520684719085693359e+00,1.160690069198608398e+00,1.083151221275329590e+00,8.832166790962219238e-01,8.991729617118835449e-01,1.074582338333129883e+00,1.285273075103759766e+00,1.377590537071228027e+00,1.363118767738342285e+00,1.441578269004821777e+00,1.390403628349304199e+00,1.709536075592041016e+00,1.760667324066162109e+00,2.119025468826293945e+00,2.183680295944213867e+00,2.015269279479980469e+00,1.681661367416381836e+00,1.782289624214172363e+00,1.546725511550903320e+00,1.734816789627075195e+00,1.833580732345581055e+00,1.818679451942443848e+00,2.015102148056030273e+00,1.818077564239501953e+00,1.901953101158142090e+00,1.672233104705810547e+00,1.939051747322082520e+00,1.859919786453247070e+00,2.126731634140014648e+00,1.867258191108703613e+00,1.724852800369262695e+00,1.529720067977905273e+00,1.723278164863586426e+00,1.587159037590026855e+00,1.914760112762451172e+00,2.014739274978637695e+00,1.821440815925598145e+00,1.931433320045471191e+00,1.600031018257141113e+00,1.600397944450378418e+00,1.306536674499511719e+00,1.455579042434692383e+00,1.362142086029052734e+00,1.486591339111328125e+00,1.180993556976318359e+00,9.322563409805297852e-01,9.001265764236450195e-01,1.075954318046569824e+00,1.113609552383422852e+00,1.492003798484802246e+00,1.671709179878234863e+00,1.407191872596740723e+00,1.300483465194702148e+00,9.206070899963378906e-01,7.624979019165039062e-01,5.183970332145690918e-01,5.449177622795104980e-01,6.958434581756591797e-01,7.647021412849426270e-01
1.313531517982482910e+00,9.596509337425231934e-01,6.487056612968444824e-01,3.794347941875457764e-01,0.000000000000000000e+00,3.996586203575134277e-01,6.770229339599609375e-01,6.417707800865173340e-01,5.759227871894836426e-01,4.935264289379119873e-01,6.090733408927917480e-01,7.150846123695373535e-01,1.066950321197509766e+00,1.285187840461730957e+00,1.591914176940917969e+00,1.859307885169982910e+00,1.595137596130371094e+00,1.222395181655883789e+00,1.136935591697692871e+00,8.425536751747131348e-01,8.865325450897216797e-01,9.808343052864074707e-01,1.127133011817932129e+00,1.304127693176269531e+00,1.254581928253173828e+00,1.403231263160705566e+00,1.343231797218322754e+00,1.693580508232116699e+00,1.763209581375122070e+00,2.098523378372192383e+00,2.121622562408447266e+00,1.903434753417968750e+00,1.579865455627441406e+00,1.649276494979858398e+00,1.383556842803955078e+00,1.585952639579772949e+00,1.655227541923522949e+00,1.576398253440856934e+00,1.791122555732727051e+00,1.574834346771240234e+00,1.697097420692443848e+00,1.491152882575988770e+00,1.775026798248291016e+00,1.750287890434265137e+00,1.992965817451477051e+00,1.785512328147888184e+00,1.569740891456604004e+00,1.360171794891357422e+00,1.483458518981933594e+00,1.317141413688659668e+00,1.625778555870056152e+00,1.700211286544799805e+00,1.474274516105651855e+00,1.596920251846313477e+00,1.272773385047912598e+00,1.328850984573364258e+00,1.094285488128662109e+00,1.301694631576538086e+00,1.310525059700012207e+00,1.455225467681884766e+00,1.309046149253845215e+00,9.746572971343994141e-01,8.321604132652282715e-01,8.775003552436828613e-01,8.150333762168884277e-01,1.166565537452697754e+00,1.312770485877990723e+00,1.038466215133666992e+00,9.787740111351013184e-01,5.983405709266662598e-01,5.861690044403076172e-01,4.657851755619049072e-01,7.106827497482299805e-01,9.399546980857849121e-01,1.097804427146911621e+00
1.638308644294738770e+00,1.282273650169372559e+00,1.000563263893127441e+00,6.516089439392089844e-01,3.996586203575134277e-01,0.000000000000000000e+00,3.394867181777954102e-01,5.103107690811157227e-01,5.177572965621948242e-01,6.889685392379760742e-01,9.045677781105041504e-01,1.096007466316223145e+00,1.433352708816528320e+00,1.672176718711853027e+00,1.974870920181274414e+00,2.258947849273681641e+00,1.990262746810913086e+00,1.618306398391723633e+00,1.504912257194519043e+00,1.181317090988159180e+00,1.134703516960144043e+00,1.121767640113830566e+00,1.306528687477111816e+00,1.556548237800598145e+00,1.552576899528503418e+00,1.755166292190551758e+00,1.715776443481445312e+00,2.073763370513916016e+00,2.145776987075805664e+00,2.472266674041748047e+00,2.456203699111938477e+00,2.228533029556274414e+00,1.923308372497558594e+00,1.979564428329467773e+00,1.695501327514648438e+00,1.878928422927856445e+00,1.897252440452575684e+00,1.783133625984191895e+00,2.033624887466430664e+00,1.815831303596496582e+00,1.971634507179260254e+00,1.779049515724182129e+00,2.050026655197143555e+00,2.034568071365356445e+00,2.233590364456176758e+00,1.989021301269531250e+00,1.753166079521179199e+00,1.594868540763854980e+00,1.679453253746032715e+00,1.522155523300170898e+00,1.804799914360046387e+00,1.837466955184936523e+00,1.547929644584655762e+00,1.671474695205688477e+00,1.349181890487670898e+00,1.436398029327392578e+00,1.259163975715637207e+00,1.429345250129699707e+00,1.492556095123291016e+00,1.561075806617736816e+00,1.459635496139526367e+00,1.086494207382202148e+00,1.007350444793701172e+00,9.207997322082519531e-01,8.736190795898437500e-01,1.137123703956604004e+00,1.231867194175720215e+00,8.929082155227661133e-01,7.781527638435363770e-01,4.491173923015594482e-01,5.336475968360900879e-01,6.672089695930480957e-01,8.639453649520874023e-01,1.190237283706665039e+00,1.304150223731994629e+00
1.956536173820495605e+00,1.588125109672546387e+00,1.312894582748413086e+00,9.655966758728027344e-01,6.770229339599609375e-01,3.394867181777954102e-01,0.000000000000000000e+00,3.880501091480255127e-01,5.873997807502746582e-01,8.276736736297607422e-01,1.134403347969055176e+00,1.346426486968994141e+00,1.694131374359130859e+00,1.949439167976379395e+00,2.234245300292968750e+00,2.502189397811889648e+00,2.203700542449951172e+00,1.838732242584228516e+00,1.689184308052062988e+00,1.332685351371765137e+00,1.243365049362182617e+00,1.136779069900512695e+00,1.297074913978576660e+00,1.607309937477111816e+00,1.628182411193847656e+00,1.888303279876708984e+00,1.881475687026977539e+00,2.250586986541748047e+00,2.353577613830566406e+00,2.660026311874389648e+00,2.645542383193969727e+00,2.382831096649169922e+00,2.085708618164062500e+00,2.095194816589355469e+00,1.784665226936340332e+00,1.932567000389099121e+00,1.897038817405700684e+00,1.754958271980285645e+00,2.038860559463500977e+00,1.843088150024414062e+00,2.048847913742065430e+00,1.903127789497375488e+00,2.185497522354125977e+00,2.217833995819091797e+00,2.397678136825561523e+00,2.198910474777221680e+00,1.921557068824768066e+00,1.759795665740966797e+00,1.773066639900207520e+00,1.582949876785278320e+00,1.808065414428710938e+00,1.783038616180419922e+00,1.468020915985107422e+00,1.628627419471740723e+00,1.351129174232482910e+00,1.512390136718750000e+00,1.415332913398742676e+00,1.611923217773437500e+00,1.737610459327697754e+00,1.803506970405578613e+00,1.769937276840209961e+00,1.382441282272338867e+00,1.275478005409240723e+00,1.104764461517333984e+00,9.788731336593627930e-01,1.137657046318054199e+00,1.137551069259643555e+00,7.554675340652465820e-01,7.235004901885986328e-01,5.303104519844055176e-01,7.786579132080078125e-01,9.772897958755493164e-01,1.198214173316955566e+00,1.527612328529357910e+00,1.640189170837402344e+00
1.861562371253967285e+00,1.473735570907592773e+00,1.237223386764526367e+00,9.152985811233520508e-01,6.417707800865173340e-01,5.103107690811157227e-01,3.880501091480255127e-01,0.000000000000000000e+00,3.828391134738922119e-01,5.523374676704406738e-01,9.238731861114501953e-01,1.156279802322387695e+00,1.494157433509826660e+00,1.781985163688659668e+00,2.024585723876953125e+00,2.309741973876953125e+00,1.977034807205200195e+00,1.628235697746276855e+00,1.417235136032104492e+00,1.049569964408874512e+00,9.071340560913085938e-01,7.581636905670166016e-01,9.260198473930358887e-01,1.244476556777954102e+00,1.309966087341308594e+00,1.601809382438659668e+00,1.657832503318786621e+00,2.034170627593994141e+00,2.191829681396484375e+00,2.492265462875366211e+00,2.563770294189453125e+00,2.274811029434204102e+00,1.949677348136901855e+00,1.901360630989074707e+00,1.559117317199707031e+00,1.645847082138061523e+00,1.582499146461486816e+00,1.491277933120727539e+00,1.806048274040222168e+00,1.667920470237731934e+00,1.912520408630371094e+00,1.814508676528930664e+00,2.138462066650390625e+00,2.207129001617431641e+00,2.430746555328369141e+00,2.303205490112304688e+00,2.019138097763061523e+00,1.792097806930541992e+00,1.786154866218566895e+00,1.532035350799560547e+00,1.721469163894653320e+00,1.667353272438049316e+00,1.413637280464172363e+00,1.645563125610351562e+00,1.407329440116882324e+00,1.612330198287963867e+00,1.509682297706604004e+00,1.765185356140136719e+00,1.868200421333312988e+00,1.995818495750427246e+00,1.915441274642944336e+00,1.550697803497314453e+00,1.402660012245178223e+00,1.302461266517639160e+00,1.116370558738708496e+00,1.313609004020690918e+00,1.295208215713500977e+00,9.321885704994201660e-01,1.015687823295593262e+00,7.679029703140258789e-01,1.001976728439331055e+00,1.070353388786315918e+00,1.301666498184204102e+00,1.566110968589782715e+00,1.664573669433593750e+00
1.602496266365051270e+00,1.208418607711791992e+00,1.041496276855468750e+00,6.857365965843200684e-01,5.759227871894836426e-01,5.177572965621948242e-01,5.873997807502746582e-01,3.828391134738922119e-01,0.000000000000000000e+00,3.798475861549377441e-01,6.691253185272216797e-01,9.852339625358581543e-01,1.275278925895690918e+00,1.598827123641967773e+00,1.830041170120239258e+00,2.201486349105834961e+00,1.889973640441894531e+00,1.540285468101501465e+00,1.310162425041198730e+00,9.870371818542480469e-01,7.770279049873352051e-01,7.048820853233337402e-01,9.974536895751953125e-01,1.233764410018920898e+00,1.347368001937866211e+00,1.589229345321655273e+00,1.660839319229125977e+00,2.027353525161743164e+00,2.177928686141967773e+00,2.505714654922485352e+00,2.616700887680053711e+00,2.363273382186889648e+00,2.016537189483642578e+00,1.996465682983398438e+00,1.667511224746704102e+00,1.748023986816406250e+00,1.717201828956604004e+00,1.695803642272949219e+00,1.996565222740173340e+00,1.867573738098144531e+00,2.077424049377441406e+00,1.946032285690307617e+00,2.267585754394531250e+00,2.288305521011352539e+00,2.539713144302368164e+00,2.359089851379394531e+00,2.126573562622070312e+00,1.902749180793762207e+00,1.968030691146850586e+00,1.736499190330505371e+00,1.968440413475036621e+00,1.951896190643310547e+00,1.725913524627685547e+00,1.937710762023925781e+00,1.666006922721862793e+00,1.810468077659606934e+00,1.633292794227600098e+00,1.853008866310119629e+00,1.878922939300537109e+00,1.991812586784362793e+00,1.792718529701232910e+00,1.470015764236450195e+00,1.391003489494323730e+00,1.384904861450195312e+00,1.284620404243469238e+00,1.555713295936584473e+00,1.599542498588562012e+00,1.243346095085144043e+00,1.240856528282165527e+00,9.245288372039794922e-01,1.015445232391357422e+00,1.003919839859008789e+00,1.136272549629211426e+00,1.373910546302795410e+00,1.399849534034729004e+00
1.376242041587829590e+00,9.854195713996887207e-01,8.201292753219604492e-01,5.779870748519897461e-01,4.935264289379119873e-01,6.889685392379760742e-01,8.276736736297607422e-01,5.523374676704406738e-01,3.798475861549377441e-01,0.000000000000000000e+00,3.892014622688293457e-01,6.528244614601135254e-01,9.574437141418457031e-01,1.275304317474365234e+00,1.493208408355712891e+00,1.840513706207275391e+00,1.516368627548217773e+00,1.172856211662292480e+00,9.328514337539672852e-01,6.090458631515502930e-01,4.500699639320373535e-01,5.116919279098510742e-01,7.530328035354614258e-01,9.227080941200256348e-01,1.001576185226440430e+00,1.215478658676147461e+00,1.293868899345397949e+00,1.657103896141052246e+00,1.824586391448974609e+00,2.149811029434204102e+00,2.306534051895141602e+00,2.051182031631469727e+00,1.691490650177001953e+00,1.659722805023193359e+00,1.337229847908020020e+00,1.416091561317443848e+00,1.423080325126647949e+00,1.437716126441955566e+00,1.711895823478698730e+00,1.596906900405883789e+00,1.790273308753967285e+00,1.668912768363952637e+00,2.003981351852416992e+00,2.034768104553222656e+00,2.317728996276855469e+00,2.192332744598388672e+00,1.967560887336730957e+00,1.700335264205932617e+00,1.773899793624877930e+00,1.525060415267944336e+00,1.758042216300964355e+00,1.766538023948669434e+00,1.601225614547729492e+00,1.818437576293945312e+00,1.560241103172302246e+00,1.695114731788635254e+00,1.498551130294799805e+00,1.752805590629577637e+00,1.754620552062988281e+00,1.929123282432556152e+00,1.725590229034423828e+00,1.433231830596923828e+00,1.297298550605773926e+00,1.358291029930114746e+00,1.227944374084472656e+00,1.540051102638244629e+00,1.611883759498596191e+00,1.307011723518371582e+00,1.348255515098571777e+00,9.986016750335693359e-01,1.067128896713256836e+00,9.334755539894104004e-01,1.099498391151428223e+00,1.247835755348205566e+00,1.313823461532592773e+00
1.004337430000305176e+00,6.149972081184387207e-01,5.504895448684692383e-01,4.433309733867645264e-01,6.090733408927917480e-01,9.045677781105041504e-01,1.134403347969055176e+00,9.238731861114501953e-01,6.691253185272216797e-01,3.892014622688293457e-01,0.000000000000000000e+00,3.777176439762115479e-01,6.074182987213134766e-01,9.483501315116882324e-01,1.165405631065368652e+00,1.582683682441711426e+00,1.301841974258422852e+00,9.678049683570861816e-01,7.600845098495483398e-01,5.758532881736755371e-01,5.028877258300781250e-01,7.450143098831176758e-01,9.736093282699584961e-01,9.979093074798583984e-01,1.054318189620971680e+00,1.147523283958435059e+00,1.202365159988403320e+00,1.527465701103210449e+00,1.665110111236572266e+00,2.012228727340698242e+00,2.201088190078735352e+00,1.997914195060729980e+00,1.632737517356872559e+00,1.650245070457458496e+00,1.380899429321289062e+00,1.479545712471008301e+00,1.554020524024963379e+00,1.620059251785278320e+00,1.839669346809387207e+00,1.720828533172607422e+00,1.848358511924743652e+00,1.688206434249877930e+00,2.000511884689331055e+00,1.976975202560424805e+00,2.285204172134399414e+00,2.126811742782592773e+00,1.965398311614990234e+00,1.703717947006225586e+00,1.850780487060546875e+00,1.643916130065917969e+00,1.915149092674255371e+00,1.976992726325988770e+00,1.847525835037231445e+00,2.025591135025024414e+00,1.746706485748291016e+00,1.810602426528930664e+00,1.549608945846557617e+00,1.764484882354736328e+00,1.682694673538208008e+00,1.863420248031616211e+00,1.560174226760864258e+00,1.344155430793762207e+00,1.254322767257690430e+00,1.425754189491271973e+00,1.370644807815551758e+00,1.733695864677429199e+00,1.864955663681030273e+00,1.592730879783630371e+00,1.581241250038146973e+00,1.204176425933837891e+00,1.150443673133850098e+00,9.037870168685913086e-01,9.679277539253234863e-01,1.008925080299377441e+00,1.030117511749267578e+00
8.320419192314147949e-01,5.139971375465393066e-01,4.070077538490295410e-01,5.781463384628295898e-01,7.150846123695373535e-01,1.096007466316223145e+00,1.346426486968994141e+00,1.156279802322387695e+00,9.852339625358581543e-01,6.528244614601135254e-01,3.777176439762115479e-01,0.000000000000000000e+00,3.755862116813659668e-01,6.273003816604614258e-01,8.880274891853332520e-01,1.228687286376953125e+00,9.629847407341003418e-01,6.131541728973388672e-01,5.212354063987731934e-01,4.574562311172485352e-01,6.462067961692810059e-01,9.526762366294860840e-01,1.050821542739868164e+00,9.958090186119079590e-01,9.283424019813537598e-01,9.097447991371154785e-01,8.859043121337890625e-01,1.187535643577575684e+00,1.295536756515502930e+00,1.648793697357177734e+00,1.843060135841369629e+00,1.661277651786804199e+00,1.299255013465881348e+00,1.354836821556091309e+00,1.141894698143005371e+00,1.294014930725097656e+00,1.444721460342407227e+00,1.509374976158142090e+00,1.658011555671691895e+00,1.519516348838806152e+00,1.584759831428527832e+00,1.404273629188537598e+00,1.699803829193115234e+00,1.661713957786560059e+00,1.989477276802062988e+00,1.870620012283325195e+00,1.733074069023132324e+00,1.452138543128967285e+00,1.627242445945739746e+00,1.446459531784057617e+00,1.733004570007324219e+00,1.845040798187255859e+00,1.763606190681457520e+00,1.904729127883911133e+00,1.635301828384399414e+00,1.656150102615356445e+00,1.376242995262145996e+00,1.595704078674316406e+00,1.485819816589355469e+00,1.719223618507385254e+00,1.444610118865966797e+00,1.274116992950439453e+00,1.131236553192138672e+00,1.362147331237792969e+00,1.306851863861083984e+00,1.684648036956787109e+00,1.851693749427795410e+00,1.645967006683349609e+00,1.645917177200317383e+00,1.277730584144592285e+00,1.197612285614013672e+00,8.741374015808105469e-01,9.682139158248901367e-01,8.999254703521728516e-01,1.009871959686279297e+00
6.186344027519226074e-01,4.259611368179321289e-01,5.877671837806701660e-01,8.431716561317443848e-01,1.066950321197509766e+00,1.433352708816528320e+00,1.694131374359130859e+00,1.494157433509826660e+00,1.275278925895690918e+00,9.574437141418457031e-01,6.074182987213134766e-01,3.755862116813659668e-01,0.000000000000000000e+00,3.836221992969512939e-01,5.638813972473144531e-01,1.042335271835327148e+00,8.368551135063171387e-01,5.896031260490417480e-01,5.313729643821716309e-01,6.925147175788879395e-01,8.359843492507934570e-01,1.171343803405761719e+00,1.278333306312561035e+00,1.121000766754150391e+00,1.084699153900146484e+00,9.596331119537353516e-01,9.653193354606628418e-01,1.176703333854675293e+00,1.278154253959655762e+00,1.626814246177673340e+00,1.899237990379333496e+00,1.769070386886596680e+00,1.419479131698608398e+00,1.482923865318298340e+00,1.326468229293823242e+00,1.435945272445678711e+00,1.611165761947631836e+00,1.741581439971923828e+00,1.856158614158630371e+00,1.756260514259338379e+00,1.784618973731994629e+00,1.611951112747192383e+00,1.880718469619750977e+00,1.813223361968994141e+00,2.158607721328735352e+00,2.042141675949096680e+00,1.962773442268371582e+00,1.689630746841430664e+00,1.896551370620727539e+00,1.736610770225524902e+00,2.012759208679199219e+00,2.138124465942382812e+00,2.096770763397216797e+00,2.232113122940063477e+00,1.973778486251831055e+00,1.967142581939697266e+00,1.668496489524841309e+00,1.855812072753906250e+00,1.686472177505493164e+00,1.917852640151977539e+00,1.563791036605834961e+00,1.481867790222167969e+00,1.388794302940368652e+00,1.673257470130920410e+00,1.653691768646240234e+00,2.037681818008422852e+00,2.217788457870483398e+00,2.020599365234375000e+00,2.008569955825805664e+00,1.637287497520446777e+00,1.515404105186462402e+00,1.166396498680114746e+00,1.167362809181213379e+00,9.899172782897949219e-01,1.018234133720397949e+00
5.585359334945678711e-01,5.992566943168640137e-01,7.227498888969421387e-01,1.081085324287414551e+00,1.285187840461730957e+00,1.672176718711853027e+00,1.949439167976379395e+00,1.781985163688659668e+00,1.598827123641967773e+00,1.275304317474365234e+00,9.483501315116882324e-01,6.273003816604614258e-01,3.836221992969512939e-01,0.000000000000000000e+00,3.685576319694519043e-01,7.264204621315002441e-01,6.452863216400146484e-01,4.923038184642791748e-01,6.813863515853881836e-01,9.222043156623840332e-01,1.165485024452209473e+00,1.502173066139221191e+00,1.544854640960693359e+00,1.361334443092346191e+00,1.234375715255737305e+00,1.001575589179992676e+00,8.945621848106384277e-01,1.001528382301330566e+00,1.011898040771484375e+00,1.359640598297119141e+00,1.623223543167114258e+00,1.558556318283081055e+00,1.247537732124328613e+00,1.381267666816711426e+00,1.324680089950561523e+00,1.486344456672668457e+00,1.724540591239929199e+00,1.839662313461303711e+00,1.876530885696411133e+00,1.753856539726257324e+00,1.699037909507751465e+00,1.498289108276367188e+00,1.711180090904235840e+00,1.600938677787780762e+00,1.950899004936218262e+00,1.853203773498535156e+00,1.829641938209533691e+00,1.571668148040771484e+00,1.818007349967956543e+00,1.714785456657409668e+00,2.001551389694213867e+00,2.177162885665893555e+00,2.169934272766113281e+00,2.254568338394165039e+00,2.005133390426635742e+00,1.941286683082580566e+00,1.629783868789672852e+00,1.784482717514038086e+00,1.573146700859069824e+00,1.830140352249145508e+00,1.496334433555603027e+00,1.488603472709655762e+00,1.383926749229431152e+00,1.712571859359741211e+00,1.719595432281494141e+00,2.099976062774658203e+00,2.313251256942749023e+00,2.172452211380004883e+00,2.150439977645874023e+00,1.798502922058105469e+00,1.644145250320434570e+00,1.267859339714050293e+00,1.261383056640625000e+00,9.935697913169860840e-01,1.082306981086730957e+00
7.729081511497497559e-01,8.638518452644348145e-01,1.059581756591796875e+00,1.384220480918884277e+00,1.591914176940917969e+00,1.974870920181274414e+00,2.234245300292968750e+00,2.024585723876953125e+00,1.830041170120239258e+00,1.493208408355712891e+00,1.165405631065368652e+00,8.880274891853332520e-01,5.638813972473144531e-01,3.685576319694519043e-01,0.000000000000000000e+00,6.236134171485900879e-01,5.865147709846496582e-01,6.305535435676574707e-01,7.475108504295349121e-01,1.079738855361938477e+00,1.282929062843322754e+00,1.619656324386596680e+00,1.645670890808105469e+00,1.387594342231750488e+00,1.297274231910705566e+00,1.013749241828918457e+00,9.930734038352966309e-01,1.013410091400146484e+00,1.080941677093505859e+00,1.376710057258605957e+00,1.758099317550659180e+00,1.702729463577270508e+00,1.406556606292724609e+00,1.481222033500671387e+00,1.446609497070312500e+00,1.528811216354370117e+00,1.762452244758605957e+00,1.943556189537048340e+00,1.965687155723571777e+00,1.907507777214050293e+00,1.859383106231689453e+00,1.713784575462341309e+00,1.926998138427734375e+00,1.844636678695678711e+00,2.203669786453247070e+00,2.163220882415771484e+00,2.146881341934204102e+00,1.873198628425598145e+00,2.093254089355468750e+00,1.967080593109130859e+00,2.210841178894042969e+00,2.368190526962280273e+00,2.405849456787109375e+00,2.516442775726318359e+00,2.298275470733642578e+00,2.257488727569580078e+00,1.965226173400878906e+00,2.134291410446166992e+00,1.925326585769653320e+00,2.188776016235351562e+00,1.844098806381225586e+00,1.853959560394287109e+00,1.750868916511535645e+00,2.072497844696044922e+00,2.056113481521606445e+00,2.427855253219604492e+00,2.622230529785156250e+00,2.477859497070312500e+00,2.482995748519897461e+00,2.127866983413696289e+00,1.994891524314880371e+00,1.623526096343994141e+00,1.610801100730895996e+00,1.338770627975463867e+00,1.374001502990722656e+00
1.206956624984741211e+00,1.324897170066833496e+00,1.383894562721252441e+00,1.742905020713806152e+00,1.859307885169982910e+00,2.258947849273681641e+00,2.502189397811889648e+00,2.309741973876953125e+00,2.201486349105834961e+00,1.840513706207275391e+00,1.582683682441711426e+00,1.228687286376953125e+00,1.042335271835327148e+00,7.264204621315002441e-01,6.236134171485900879e-01,0.000000000000000000e+00,4.042599797248840332e-01,6.848113536834716797e-01,9.951900243759155273e-01,1.319259166717529297e+00,1.638028621673583984e+00,1.954886794090270996e+00,1.865014672279357910e+00,1.607223153114318848e+00,1.383025407791137695e+00,1.010992527008056641e+00,8.438194394111633301e-01,6.417346596717834473e-01,5.863575935363769531e-01,8.050475120544433594e-01,1.243143796920776367e+00,1.247194528579711914e+00,1.043703436851501465e+00,1.161565065383911133e+00,1.288015842437744141e+00,1.421717882156372070e+00,1.725902915000915527e+00,1.866358876228332520e+00,1.765133857727050781e+00,1.699241638183593750e+00,1.546304583549499512e+00,1.424651384353637695e+00,1.558994054794311523e+00,1.490236878395080566e+00,1.841705679893493652e+00,1.938120126724243164e+00,1.944638729095458984e+00,1.670599818229675293e+00,1.868299365043640137e+00,1.793178081512451172e+00,1.995556831359863281e+00,2.199719905853271484e+00,2.310780763626098633e+00,2.367194652557373047e+00,2.207027435302734375e+00,2.133467674255371094e+00,1.887118816375732422e+00,2.056125402450561523e+00,1.869819641113281250e+00,2.185345888137817383e+00,1.981739401817321777e+00,2.010080099105834961e+00,1.833521723747253418e+00,2.139267683029174805e+00,2.093692064285278320e+00,2.419175624847412109e+00,2.620136499404907227e+00,2.565018415451049805e+00,2.603947162628173828e+00,2.296475410461425781e+00,2.190181493759155273e+00,1.826885938644409180e+00,1.886905789375305176e+00,1.606005668640136719e+00,1.755021691322326660e+00
1.201402664184570312e+00,1.194156646728515625e+00,1.213488578796386719e+00,1.520684719085693359e+00,1.595137596130371094e+00,1.990262746810913086e+00,2.203700542449951172e+00,1.977034807205200195e+00,1.889973640441894531e+00,1.516368627548217773e+00,1.301841974258422852e+00,9.629847407341003418e-01,8.368551135063171387e-01,6.452863216400146484e-01,5.865147709846496582e-01,4.042599797248840332e-01,0.000000000000000000e+00,3.730786740779876709e-01,6.275902390480041504e-01,9.539627432823181152e-01,1.277106285095214844e+00,1.579896569252014160e+00,1.467578172683715820e+00,1.207363724708557129e+00,9.810084104537963867e-01,6.113825440406799316e-01,5.061635971069335938e-01,4.314536452293395996e-01,6.024926304817199707e-01,8.718159794807434082e-01,1.327438712120056152e+00,1.204014539718627930e+00,9.114817976951599121e-01,9.280609488487243652e-01,9.612237811088562012e-01,1.058002591133117676e+00,1.345855116844177246e+00,1.504762053489685059e+00,1.451187372207641602e+00,1.412411451339721680e+00,1.339190602302551270e+00,1.259672641754150391e+00,1.482093095779418945e+00,1.486788392066955566e+00,1.853134036064147949e+00,1.966180443763732910e+00,1.892214298248291016e+00,1.571185708045959473e+00,1.714814424514770508e+00,1.566339850425720215e+00,1.748081088066101074e+00,1.910367608070373535e+00,2.017863988876342773e+00,2.125628232955932617e+00,1.974794983863830566e+00,1.964902400970458984e+00,1.741830825805664062e+00,1.970340251922607422e+00,1.839193940162658691e+00,2.163842916488647461e+00,1.979541540145874023e+00,1.927911281585693359e+00,1.716640830039978027e+00,1.979347229003906250e+00,1.879512429237365723e+00,2.200298547744750977e+00,2.365974187850952148e+00,2.284377098083496094e+00,2.359899044036865234e+00,2.047723054885864258e+00,1.994387984275817871e+00,1.649737358093261719e+00,1.760841727256774902e+00,1.544179201126098633e+00,1.699257731437683105e+00
1.019472837448120117e+00,9.195600748062133789e-01,8.735217452049255371e-01,1.160690069198608398e+00,1.222395181655883789e+00,1.618306398391723633e+00,1.838732242584228516e+00,1.628235697746276855e+00,1.540285468101501465e+00,1.172856211662292480e+00,9.678049683570861816e-01,6.131541728973388672e-01,5.896031260490417480e-01,4.923038184642791748e-01,6.305535435676574707e-01,6.848113536834716797e-01,3.730786740779876709e-01,0.000000000000000000e+00,3.972171843051910400e-01,6.474332809448242188e-01,9.984005689620971680e-01,1.306748628616333008e+00,1.232406497001647949e+00,1.042000174522399902e+00,8.180385828018188477e-01,5.515860319137573242e-01,4.071224331855773926e-01,5.979596972465515137e-01,7.339583039283752441e-01,1.070215582847595215e+00,1.386700749397277832e+00,1.219890594482421875e+00,8.695850372314453125e-01,9.179245233535766602e-01,8.417739868164062500e-01,1.004571080207824707e+00,1.264974117279052734e+00,1.372302055358886719e+00,1.387714028358459473e+00,1.288951992988586426e+00,1.261385083198547363e+00,1.127472519874572754e+00,1.395183205604553223e+00,1.388602375984191895e+00,1.752591371536254883e+00,1.792159795761108398e+00,1.683291912078857422e+00,1.359112262725830078e+00,1.515702366828918457e+00,1.351069450378417969e+00,1.583012223243713379e+00,1.739945769309997559e+00,1.783390164375305176e+00,1.897608399391174316e+00,1.704501628875732422e+00,1.702656626701354980e+00,1.459469318389892578e+00,1.698931813240051270e+00,1.582628726959228516e+00,1.894253134727478027e+00,1.706507086753845215e+00,1.608642101287841797e+00,1.393724918365478516e+00,1.645397782325744629e+00,1.547886013984680176e+00,1.887265205383300781e+00,2.057533740997314453e+00,1.948613405227661133e+00,2.007440567016601562e+00,1.684310197830200195e+00,1.631029367446899414e+00,1.291439056396484375e+00,1.421568751335144043e+00,1.247809290885925293e+00,1.421040177345275879e+00
1.125342607498168945e+00,9.186420440673828125e-01,9.076490998268127441e-01,1.083151221275329590e+00,1.136935591697692871e+00,1.504912257194519043e+00,1.689184308052062988e+00,1.417235136032104492e+00,1.310162425041198730e+00,9.328514337539672852e-01,7.600845098495483398e-01,5.212354063987731934e-01,5.313729643821716309e-01,6.813863515853881836e-01,7.475108504295349121e-01,9.951900243759155273e-01,6.275902390480041504e-01,3.972171843051910400e-01,0.000000000000000000e+00,3.771049678325653076e-01,6.500709056854248047e-01,9.609361290931701660e-01,9.126335382461547852e-01,6.884112954139709473e-01,5.789992809295654297e-01,4.458611011505126953e-01,5.812332630157470703e-01,8.505533933639526367e-01,1.089788794517517090e+00,1.391539096832275391e+00,1.742404818534851074e+00,1.522571206092834473e+00,1.154592871665954590e+00,1.089065194129943848e+00,8.845848441123962402e-01,9.194197654724121094e-01,1.092851877212524414e+00,1.261093974113464355e+00,1.373728036880493164e+00,1.340729951858520508e+00,1.424681901931762695e+00,1.352173209190368652e+00,1.671668410301208496e+00,1.712656021118164062e+00,2.067852497100830078e+00,2.097065448760986328e+00,1.942807674407958984e+00,1.606450557708740234e+00,1.711044549942016602e+00,1.475790023803710938e+00,1.669750809669494629e+00,1.754032373428344727e+00,1.780760645866394043e+00,1.966866254806518555e+00,1.781807899475097656e+00,1.853332161903381348e+00,1.633880734443664551e+00,1.905702590942382812e+00,1.825018405914306641e+00,2.111962556838989258e+00,1.893823027610778809e+00,1.742666244506835938e+00,1.542602181434631348e+00,1.748515844345092773e+00,1.613413929939270020e+00,1.947474837303161621e+00,2.070331335067749023e+00,1.902065873146057129e+00,1.990063667297363281e+00,1.651361584663391113e+00,1.647414088249206543e+00,1.341741561889648438e+00,1.478240847587585449e+00,1.371840476989746094e+00,1.483400344848632812e+00
1.261392593383789062e+00,9.585441946983337402e-01,8.356029391288757324e-01,8.832166790962219238e-01,8.425536751747131348e-01,1.181317090988159180e+00,1.332685351371765137e+00,1.049569964408874512e+00,9.870371818542480469e-01,6.090458631515502930e-01,5.758532881736755371e-01,4.574562311172485352e-01,6.925147175788879395e-01,9.222043156623840332e-01,1.079738855361938477e+00,1.319259166717529297e+00,9.539627432823181152e-01,6.474332809448242188e-01,3.771049678325653076e-01,0.000000000000000000e+00,4.009765982627868652e-01,6.711128354072570801e-01,6.360909342765808105e-01,5.735635161399841309e-01,4.926474988460540771e-01,6.110303997993469238e-01,7.205124497413635254e-01,1.074047803878784180e+00,1.295948624610900879e+00,1.599869966506958008e+00,1.857473373413085938e+00,1.592659354209899902e+00,1.218335390090942383e+00,1.140124559402465820e+00,8.428282737731933594e-01,9.046083092689514160e-01,1.005185723304748535e+00,1.098420500755310059e+00,1.291754603385925293e+00,1.222998619079589844e+00,1.377316713333129883e+00,1.301793932914733887e+00,1.651181936264038086e+00,1.717486858367919922e+00,2.046581506729125977e+00,2.049044132232666016e+00,1.840647459030151367e+00,1.507911324501037598e+00,1.572805881500244141e+00,1.303071498870849609e+00,1.502139568328857422e+00,1.550184488296508789e+00,1.516764998435974121e+00,1.730289340019226074e+00,1.531517744064331055e+00,1.649670004844665527e+00,1.456701517105102539e+00,1.753524541854858398e+00,1.730104207992553711e+00,1.996594548225402832e+00,1.825315713882446289e+00,1.601170182228088379e+00,1.383213162422180176e+00,1.520549416542053223e+00,1.347826480865478516e+00,1.666866183280944824e+00,1.760923862457275391e+00,1.560985803604125977e+00,1.665947914123535156e+00,1.333544015884399414e+00,1.385709524154663086e+00,1.136397838592529297e+00,1.331054806709289551e+00,1.325239896774291992e+00,1.457061409950256348e+00
1.394093036651611328e+00,1.043892621994018555e+00,9.859602451324462891e-01,8.991729617118835449e-01,8.865325450897216797e-01,1.134703516960144043e+00,1.243365049362182617e+00,9.071340560913085938e-01,7.770279049873352051e-01,4.500699639320373535e-01,5.028877258300781250e-01,6.462067961692810059e-01,8.359843492507934570e-01,1.165485024452209473e+00,1.282929062843322754e+00,1.638028621673583984e+00,1.277106285095214844e+00,9.984005689620971680e-01,6.500709056854248047e-01,4.009765982627868652e-01,0.000000000000000000e+00,3.398199975490570068e-01,5.182669758796691895e-01,5.266911387443542480e-01,6.992686986923217773e-01,9.111019968986511230e-01,1.104105234146118164e+00,1.442205071449279785e+00,1.683254122734069824e+00,1.984032988548278809e+00,2.258343696594238281e+00,1.989682555198669434e+00,1.616498470306396484e+00,1.511435031890869141e+00,1.185118913650512695e+00,1.158871769905090332e+00,1.155521154403686523e+00,1.282709598541259766e+00,1.550299525260925293e+00,1.525118350982666016e+00,1.732965707778930664e+00,1.677118301391601562e+00,2.032739877700805664e+00,2.099926233291625977e+00,2.418869018554687500e+00,2.380477190017700195e+00,2.164534091949462891e+00,1.849769711494445801e+00,1.902596473693847656e+00,1.615856766700744629e+00,1.792793512344360352e+00,1.784338116645812988e+00,1.713795423507690430e+00,1.969025373458862305e+00,1.767464399337768555e+00,1.921889305114746094e+00,1.737205624580383301e+00,2.023071765899658203e+00,2.005232095718383789e+00,2.229559659957885742e+00,2.007505893707275391e+00,1.762871980667114258e+00,1.598098397254943848e+00,1.704091429710388184e+00,1.539834499359130859e+00,1.845999717712402344e+00,1.902121543884277344e+00,1.635504245758056641e+00,1.736345052719116211e+00,1.398794531822204590e+00,1.472358465194702148e+00,1.275620818138122559e+00,1.427710175514221191e+00,1.475602746009826660e+00,1.526390314102172852e+00
