,A1,A2,A3,A4,A5,A6,A7,A8,A9,A10,A11,A12,A13,A14,A15,B1,B2,B3,B4,B5,B6,B7,B8,B9,B10,B11,B12,B13,B14,B15,C1,C2,C3,C4,C5,C6,C7,C8,C9,C10,C11,C12,C13,C14,C15,D1,D2,D3,D4,D5,D6,D7,D8,D9,D10,D11,D12,D13,D14,D15,E1,E2,E3,E4,E5,E6,E7,E8,E9,E10,E11,E12,E13,E14,E15
A1,0.0,0.39635446667671204,0.6748520731925964,0.9930554032325745,1.313531517982483,1.6383086442947388,1.9565361738204956,1.8615623712539673,1.6024962663650513,1.3762420415878296,1.0043374300003052,0.8320419192314148,0.6186344027519226,0.5585359334945679,0.7729081511497498,1.2069566249847412,1.2014026641845703,1.0194728374481201,1.125342607498169,1.261392593383789,1.3940930366516113,1.7077264785766602,1.8583300113677979,1.7357066869735718,1.6760252714157104,1.514337420463562,1.414677381515503,1.5476186275482178,1.5015690326690674,1.8520269393920898,2.0115785598754883,1.9952971935272217,1.704647421836853,1.8864699602127075,1.8049540519714355,1.9861406087875366,2.1935441493988037,2.283273935317993,2.3607072830200195,2.199463129043579,2.14872145652771,1.8931715488433838,2.0757040977478027,1.893628716468811,2.2034361362457275,1.9469904899597168,1.9806410074234009,1.802464246749878,2.106079578399658,2.048459768295288,2.3842854499816895,2.564643144607544,2.485919237136841,2.5453715324401855,2.2393529415130615,2.1312758922576904,1.7743043899536133,1.8398361206054688,1.5646424293518066,1.7225332260131836,1.233016848564148,1.3049644231796265,1.3482847213745117,1.711268424987793,1.8245395421981812,2.224318742752075,2.4677388668060303,2.2899692058563232,2.179250478744507,1.8189163208007812,1.5694854259490967,1.2072583436965942,1.0357367992401123,0.7156054377555847,0.6415578722953796
A2,0.39635446667671204,0.0,0.37752383947372437,0.6314422488212585,0.9596509337425232,1.2822736501693726,1.5881251096725464,1.4737355709075928,1.208418607711792,0.9854195713996887,0.6149972081184387,0.5139971375465393,0.42596113681793213,0.599256694316864,0.8638518452644348,1.3248971700668335,1.1941566467285156,0.9195600748062134,0.9186420440673828,0.9585441946983337,1.0438926219940186,1.339459776878357,1.5190483331680298,1.445114254951477,1.4194238185882568,1.3407827615737915,1.2862517833709717,1.5074065923690796,1.5303075313568115,1.8950780630111694,2.0577917098999023,1.965733289718628,1.6362890005111694,1.7679978609085083,1.6137051582336426,1.7785356044769287,1.9446035623550415,2.0212268829345703,2.1506400108337402,1.9939099550247192,2.005455732345581,1.7710150480270386,2.006831645965576,1.8774638175964355,2.1902780532836914,1.9524236917495728,1.9085878133773804,1.699149489402771,1.9575430154800415,1.8494603633880615,2.176109790802002,2.319629669189453,2.213655471801758,2.3100483417510986,2.0014443397521973,1.9470739364624023,1.6099557876586914,1.7273861169815063,1.5173649787902832,1.6814059019088745,1.241119146347046,1.1875509023666382,1.192761778831482,1.5045199394226074,1.5741454362869263,1.9737927913665771,2.1868741512298584,1.9725127220153809,1.8814102411270142,1.5068339109420776,1.3000801801681519,0.9538517594337463,0.837334394454956,0.6445551514625549,0.5984062552452087
A3,0.6748520731925964,0.37752383947372437,0.0,0.3980507552623749,0.6487056612968445,1.0005632638931274,1.312894582748413,1.2372233867645264,1.0414962768554688,0.8201292753219604,0.5504895448684692,0.40700775384902954,0.5877671837806702,0.7227498888969421,1.0595817565917969,1.3838945627212524,1.2134885787963867,0.8735217452049255,0.9076490998268127,0.8356029391288757,0.9859602451324463,1.249197006225586,1.3894641399383545,1.3883087635040283,1.305031418800354,1.2738749980926514,1.162575364112854,1.4310545921325684,1.4372622966766357,1.8035547733306885,1.8835033178329468,1.7602620124816895,1.4344662427902222,1.5837550163269043,1.41525137424469,1.6350334882736206,1.8002903461456299,1.810246467590332,1.9401931762695312,1.7378363609313965,1.7524051666259766,1.4968736171722412,1.7360984086990356,1.6188325881958008,1.9133267402648926,1.6719642877578735,1.5838249921798706,1.3751282691955566,1.6227093935012817,1.5226306915283203,1.867055058479309,2.0179834365844727,1.8823044300079346,1.9585744142532349,1.6370787620544434,1.5804442167282104,1.2476253509521484,1.3826030492782593,1.21651291847229,1.3972933292388916,1.0556261539459229,0.9097707271575928,0.8486982583999634,1.1392021179199219,1.1970630884170532,1.5971670150756836,1.8173716068267822,1.6190093755722046,1.5265105962753296,1.1587203741073608,0.9618303179740906,0.6003305912017822,0.5906886458396912,0.4986729919910431,0.6456968188285828
A4,0.9930554032325745,0.6314422488212585,0.3980507552623749,0.0,0.3794347941875458,0.651608943939209,0.9655966758728027,0.915298581123352,0.6857365965843201,0.5779870748519897,0.4433309733867645,0.5781463384628296,0.8431716561317444,1.0810853242874146,1.3842204809188843,1.7429050207138062,1.5206847190856934,1.1606900691986084,1.0831512212753296,0.8832166790962219,0.8991729617118835,1.0745823383331299,1.2852730751037598,1.377590537071228,1.3631187677383423,1.4415782690048218,1.3904036283493042,1.709536075592041,1.760667324066162,2.119025468826294,2.183680295944214,2.0152692794799805,1.6816613674163818,1.7822896242141724,1.5467255115509033,1.7348167896270752,1.833580732345581,1.8186794519424438,2.0151021480560303,1.818077564239502,1.901953101158142,1.6722331047058105,1.9390517473220825,1.859919786453247,2.1267316341400146,1.8672581911087036,1.7248528003692627,1.5297200679779053,1.7232781648635864,1.5871590375900269,1.9147601127624512,2.0147392749786377,1.8214408159255981,1.9314333200454712,1.6000310182571411,1.6003979444503784,1.3065366744995117,1.4555790424346924,1.3621420860290527,1.4865913391113281,1.1809935569763184,0.9322563409805298,0.900126576423645,1.0759543180465698,1.1136095523834229,1.4920037984848022,1.6717091798782349,1.4071918725967407,1.3004834651947021,0.9206070899963379,0.7624979019165039,0.5183970332145691,0.5449177622795105,0.6958434581756592,0.7647021412849426
A5,1.313531517982483,0.9596509337425232,0.6487056612968445,0.3794347941875458,0.0,0.3996586203575134,0.6770229339599609,0.6417707800865173,0.5759227871894836,0.493526428937912,0.6090733408927917,0.7150846123695374,1.0669503211975098,1.285187840461731,1.591914176940918,1.859307885169983,1.595137596130371,1.2223951816558838,1.1369355916976929,0.8425536751747131,0.8865325450897217,0.9808343052864075,1.1271330118179321,1.3041276931762695,1.2545819282531738,1.4032312631607056,1.3432317972183228,1.6935805082321167,1.763209581375122,2.0985233783721924,2.1216225624084473,1.9034347534179688,1.5798654556274414,1.6492764949798584,1.383556842803955,1.585952639579773,1.655227541923523,1.576398253440857,1.791122555732727,1.5748343467712402,1.6970974206924438,1.4911528825759888,1.775026798248291,1.7502878904342651,1.992965817451477,1.7855123281478882,1.569740891456604,1.3601717948913574,1.4834585189819336,1.3171414136886597,1.6257785558700562,1.7002112865447998,1.4742745161056519,1.5969202518463135,1.2727733850479126,1.3288509845733643,1.094285488128662,1.301694631576538,1.3105250597000122,1.4552254676818848,1.3090461492538452,0.9746572971343994,0.8321604132652283,0.8775003552436829,0.8150333762168884,1.1665655374526978,1.3127704858779907,1.038466215133667,0.9787740111351013,0.5983405709266663,0.5861690044403076,0.4657851755619049,0.71068274974823,0.9399546980857849,1.0978044271469116
A6,1.6383086442947388,1.2822736501693726,1.0005632638931274,0.651608943939209,0.3996586203575134,0.0,0.3394867181777954,0.5103107690811157,0.5177572965621948,0.6889685392379761,0.9045677781105042,1.0960074663162231,1.4333527088165283,1.672176718711853,1.9748709201812744,2.2589478492736816,1.990262746810913,1.6183063983917236,1.504912257194519,1.1813170909881592,1.134703516960144,1.1217676401138306,1.3065286874771118,1.5565482378005981,1.5525768995285034,1.7551662921905518,1.7157764434814453,2.073763370513916,2.1457769870758057,2.472266674041748,2.4562036991119385,2.2285330295562744,1.9233083724975586,1.9795644283294678,1.6955013275146484,1.8789284229278564,1.8972524404525757,1.783133625984192,2.0336248874664307,1.8158313035964966,1.9716345071792603,1.7790495157241821,2.0500266551971436,2.0345680713653564,2.2335903644561768,1.9890213012695312,1.7531660795211792,1.594868540763855,1.6794532537460327,1.522155523300171,1.8047999143600464,1.8374669551849365,1.5479296445846558,1.6714746952056885,1.349181890487671,1.4363980293273926,1.2591639757156372,1.4293452501296997,1.492556095123291,1.5610758066177368,1.4596354961395264,1.0864942073822021,1.0073504447937012,0.920799732208252,0.8736190795898438,1.137123703956604,1.2318671941757202,0.8929082155227661,0.7781527638435364,0.44911739230155945,0.5336475968360901,0.6672089695930481,0.8639453649520874,1.190237283706665,1.3041502237319946
A7,1.9565361738204956,1.5881251096725464,1.312894582748413,0.9655966758728027,0.6770229339599609,0.3394867181777954,0.0,0.3880501091480255,0.5873997807502747,0.8276736736297607,1.1344033479690552,1.3464264869689941,1.6941313743591309,1.9494391679763794,2.2342453002929688,2.5021893978118896,2.203700542449951,1.8387322425842285,1.689184308052063,1.3326853513717651,1.2433650493621826,1.1367790699005127,1.2970749139785767,1.6073099374771118,1.6281824111938477,1.888303279876709,1.8814756870269775,2.250586986541748,2.3535776138305664,2.6600263118743896,2.6455423831939697,2.38283109664917,2.0857086181640625,2.0951948165893555,1.7846652269363403,1.9325670003890991,1.8970388174057007,1.7549582719802856,2.038860559463501,1.843088150024414,2.0488479137420654,1.9031277894973755,2.185497522354126,2.217833995819092,2.3976781368255615,2.1989104747772217,1.921557068824768,1.7597956657409668,1.7730666399002075,1.5829498767852783,1.808065414428711,1.78303861618042,1.4680209159851074,1.6286274194717407,1.351129174232483,1.51239013671875,1.4153329133987427,1.6119232177734375,1.7376104593276978,1.8035069704055786,1.76993727684021,1.3824412822723389,1.2754780054092407,1.104764461517334,0.9788731336593628,1.1376570463180542,1.1375510692596436,0.7554675340652466,0.7235004901885986,0.5303104519844055,0.7786579132080078,0.9772897958755493,1.1982141733169556,1.527612328529358,1.6401891708374023
A8,1.8615623712539673,1.4737355709075928,1.2372233867645264,0.915298581123352,0.6417707800865173,0.5103107690811157,0.3880501091480255,0.0,0.3828391134738922,0.5523374676704407,0.9238731861114502,1.1562798023223877,1.4941574335098267,1.7819851636886597,2.024585723876953,2.309741973876953,1.9770348072052002,1.6282356977462769,1.4172351360321045,1.0495699644088745,0.9071340560913086,0.7581636905670166,0.9260198473930359,1.244476556777954,1.3099660873413086,1.6018093824386597,1.6578325033187866,2.034170627593994,2.1918296813964844,2.492265462875366,2.563770294189453,2.274811029434204,1.9496773481369019,1.9013606309890747,1.559117317199707,1.6458470821380615,1.5824991464614868,1.4912779331207275,1.8060482740402222,1.667920470237732,1.912520408630371,1.8145086765289307,2.1384620666503906,2.2071290016174316,2.430746555328369,2.3032054901123047,2.0191380977630615,1.792097806930542,1.786154866218567,1.5320353507995605,1.7214691638946533,1.6673532724380493,1.4136372804641724,1.6455631256103516,1.4073294401168823,1.6123301982879639,1.509682297706604,1.7651853561401367,1.868200421333313,1.9958184957504272,1.9154412746429443,1.5506978034973145,1.4026600122451782,1.3024612665176392,1.1163705587387085,1.313609004020691,1.295208215713501,0.9321885704994202,1.0156878232955933,0.7679029703140259,1.001976728439331,1.070353388786316,1.301666498184204,1.5661109685897827,1.6645736694335938
A9,1.6024962663650513,1.208418607711792,1.0414962768554688,0.6857365965843201,0.5759227871894836,0.5177572965621948,0.5873997807502747,0.3828391134738922,0.0,0.37984758615493774,0.6691253185272217,0.9852339625358582,1.275278925895691,1.5988271236419678,1.8300411701202393,2.201486349105835,1.8899736404418945,1.5402854681015015,1.3101624250411987,0.987037181854248,0.7770279049873352,0.7048820853233337,0.9974536895751953,1.233764410018921,1.3473680019378662,1.5892293453216553,1.660839319229126,2.027353525161743,2.1779286861419678,2.5057146549224854,2.6167008876800537,2.3632733821868896,2.0165371894836426,1.9964656829833984,1.667511224746704,1.7480239868164062,1.717201828956604,1.6958036422729492,1.9965652227401733,1.8675737380981445,2.0774240493774414,1.9460322856903076,2.2675857543945312,2.2883055210113525,2.539713144302368,2.3590898513793945,2.1265735626220703,1.9027491807937622,1.9680306911468506,1.7364991903305054,1.9684404134750366,1.9518961906433105,1.7259135246276855,1.9377107620239258,1.6660069227218628,1.810468077659607,1.6332927942276,1.8530088663101196,1.878922939300537,1.9918125867843628,1.792718529701233,1.4700157642364502,1.3910034894943237,1.3849048614501953,1.2846204042434692,1.5557132959365845,1.599542498588562,1.243346095085144,1.2408565282821655,0.9245288372039795,1.0154452323913574,1.0039198398590088,1.1362725496292114,1.3739105463027954,1.399849534034729
A10,1.3762420415878296,0.9854195713996887,0.8201292753219604,0.5779870748519897,0.493526428937912,0.6889685392379761,0.8276736736297607,0.5523374676704407,0.37984758615493774,0.0,0.38920146226882935,0.6528244614601135,0.9574437141418457,1.2753043174743652,1.493208408355713,1.8405137062072754,1.5163686275482178,1.1728562116622925,0.9328514337539673,0.6090458631515503,0.45006996393203735,0.5116919279098511,0.7530328035354614,0.9227080941200256,1.0015761852264404,1.2154786586761475,1.293868899345398,1.6571038961410522,1.8245863914489746,2.149811029434204,2.3065340518951416,2.0511820316314697,1.691490650177002,1.6597228050231934,1.33722984790802,1.4160915613174438,1.423080325126648,1.4377161264419556,1.7118958234786987,1.5969069004058838,1.7902733087539673,1.6689127683639526,2.003981351852417,2.0347681045532227,2.3177289962768555,2.1923327445983887,1.967560887336731,1.7003352642059326,1.773899793624878,1.5250604152679443,1.7580422163009644,1.7665380239486694,1.6012256145477295,1.8184375762939453,1.5602411031723022,1.6951147317886353,1.4985511302947998,1.7528055906295776,1.7546205520629883,1.9291232824325562,1.7255902290344238,1.4332318305969238,1.297298550605774,1.3582910299301147,1.2279443740844727,1.5400511026382446,1.6118837594985962,1.3070117235183716,1.3482555150985718,0.9986016750335693,1.0671288967132568,0.9334755539894104,1.0994983911514282,1.2478357553482056,1.3138234615325928
A11,1.0043374300003052,0.6149972081184387,0.5504895448684692,0.4433309733867645,0.6090733408927917,0.9045677781105042,1.1344033479690552,0.9238731861114502,0.6691253185272217,0.38920146226882935,0.0,0.37771764397621155,0.6074182987213135,0.9483501315116882,1.1654056310653687,1.5826836824417114,1.3018419742584229,0.9678049683570862,0.7600845098495483,0.5758532881736755,0.5028877258300781,0.7450143098831177,0.9736093282699585,0.9979093074798584,1.0543181896209717,1.147523283958435,1.2023651599884033,1.5274657011032104,1.6651101112365723,2.0122287273406982,2.2010881900787354,1.99791419506073,1.6327375173568726,1.6502450704574585,1.380899429321289,1.4795457124710083,1.5540205240249634,1.6200592517852783,1.8396693468093872,1.7208285331726074,1.8483585119247437,1.688206434249878,2.000511884689331,1.9769752025604248,2.2852041721343994,2.1268117427825928,1.9653983116149902,1.7037179470062256,1.8507804870605469,1.643916130065918,1.9151490926742554,1.9769927263259888,1.8475258350372314,2.0255911350250244,1.746706485748291,1.8106024265289307,1.5496089458465576,1.7644848823547363,1.682694673538208,1.8634202480316162,1.5601742267608643,1.3441554307937622,1.2543227672576904,1.425754189491272,1.3706448078155518,1.7336958646774292,1.8649556636810303,1.5927308797836304,1.581241250038147,1.204176425933838,1.15044367313385,0.9037870168685913,0.9679277539253235,1.0089250802993774,1.0301175117492676
A12,0.8320419192314148,0.5139971375465393,0.40700775384902954,0.5781463384628296,0.7150846123695374,1.0960074663162231,1.3464264869689941,1.1562798023223877,0.9852339625358582,0.6528244614601135,0.37771764397621155,0.0,0.37558621168136597,0.6273003816604614,0.8880274891853333,1.2286872863769531,0.9629847407341003,0.6131541728973389,0.5212354063987732,0.45745623111724854,0.646206796169281,0.9526762366294861,1.0508215427398682,0.995809018611908,0.9283424019813538,0.9097447991371155,0.8859043121337891,1.1875356435775757,1.295536756515503,1.6487936973571777,1.8430601358413696,1.6612776517868042,1.2992550134658813,1.3548368215560913,1.1418946981430054,1.2940149307250977,1.4447214603424072,1.509374976158142,1.658011555671692,1.5195163488388062,1.5847598314285278,1.4042736291885376,1.6998038291931152,1.66171395778656,1.989477276802063,1.8706200122833252,1.7330740690231323,1.4521385431289673,1.6272424459457397,1.4464595317840576,1.7330045700073242,1.8450407981872559,1.7636061906814575,1.9047291278839111,1.6353018283843994,1.6561501026153564,1.376242995262146,1.5957040786743164,1.4858198165893555,1.7192236185073853,1.4446101188659668,1.2741169929504395,1.1312365531921387,1.362147331237793,1.306851863861084,1.684648036956787,1.8516937494277954,1.6459670066833496,1.6459171772003174,1.2777305841445923,1.1976122856140137,0.8741374015808105,0.9682139158248901,0.8999254703521729,1.0098719596862793
A13,0.6186344027519226,0.42596113681793213,0.5877671837806702,0.8431716561317444,1.0669503211975098,1.4333527088165283,1.6941313743591309,1.4941574335098267,1.275278925895691,0.9574437141418457,0.6074182987213135,0.37558621168136597,0.0,0.3836221992969513,0.5638813972473145,1.0423352718353271,0.8368551135063171,0.5896031260490417,0.5313729643821716,0.6925147175788879,0.8359843492507935,1.1713438034057617,1.278333306312561,1.1210007667541504,1.0846991539001465,0.9596331119537354,0.9653193354606628,1.1767033338546753,1.2781542539596558,1.6268142461776733,1.8992379903793335,1.7690703868865967,1.4194791316986084,1.4829238653182983,1.3264682292938232,1.4359452724456787,1.6111657619476318,1.7415814399719238,1.8561586141586304,1.7562605142593384,1.7846189737319946,1.6119511127471924,1.880718469619751,1.8132233619689941,2.1586077213287354,2.0421416759490967,1.9627734422683716,1.6896307468414307,1.8965513706207275,1.736610770225525,2.012759208679199,2.138124465942383,2.096770763397217,2.2321131229400635,1.973778486251831,1.9671425819396973,1.6684964895248413,1.8558120727539062,1.6864721775054932,1.9178526401519775,1.563791036605835,1.481867790222168,1.3887943029403687,1.6732574701309204,1.6536917686462402,2.037681818008423,2.2177884578704834,2.020599365234375,2.0085699558258057,1.6372874975204468,1.5154041051864624,1.1663964986801147,1.1673628091812134,0.9899172782897949,1.018234133720398
A14,0.5585359334945679,0.599256694316864,0.7227498888969421,1.0810853242874146,1.285187840461731,1.672176718711853,1.9494391679763794,1.7819851636886597,1.5988271236419678,1.2753043174743652,0.9483501315116882,0.6273003816604614,0.3836221992969513,0.0,0.3685576319694519,0.7264204621315002,0.6452863216400146,0.4923038184642792,0.6813863515853882,0.922204315662384,1.1654850244522095,1.5021730661392212,1.5448546409606934,1.3613344430923462,1.2343757152557373,1.0015755891799927,0.8945621848106384,1.0015283823013306,1.0118980407714844,1.3596405982971191,1.6232235431671143,1.558556318283081,1.2475377321243286,1.3812676668167114,1.3246800899505615,1.4863444566726685,1.7245405912399292,1.8396623134613037,1.8765308856964111,1.7538565397262573,1.6990379095077515,1.4982891082763672,1.7111800909042358,1.6009386777877808,1.9508990049362183,1.8532037734985352,1.8296419382095337,1.5716681480407715,1.8180073499679565,1.7147854566574097,2.001551389694214,2.1771628856658936,2.1699342727661133,2.254568338394165,2.0051333904266357,1.9412866830825806,1.6297838687896729,1.784482717514038,1.5731467008590698,1.8301403522491455,1.496334433555603,1.4886034727096558,1.3839267492294312,1.7125718593597412,1.7195954322814941,2.099976062774658,2.313251256942749,2.172452211380005,2.150439977645874,1.7985029220581055,1.6441452503204346,1.2678593397140503,1.261383056640625,0.9935697913169861,1.082306981086731
A15,0.7729081511497498,0.8638518452644348,1.0595817565917969,1.3842204809188843,1.591914176940918,1.9748709201812744,2.2342453002929688,2.024585723876953,1.8300411701202393,1.493208408355713,1.1654056310653687,0.8880274891853333,0.5638813972473145,0.3685576319694519,0.0,0.6236134171485901,0.5865147709846497,0.6305535435676575,0.7475108504295349,1.0797388553619385,1.2829290628433228,1.6196563243865967,1.6456708908081055,1.3875943422317505,1.2972742319107056,1.0137492418289185,0.9930734038352966,1.0134100914001465,1.0809416770935059,1.376710057258606,1.7580993175506592,1.7027294635772705,1.4065566062927246,1.4812220335006714,1.4466094970703125,1.5288112163543701,1.762452244758606,1.9435561895370483,1.9656871557235718,1.9075077772140503,1.8593831062316895,1.7137845754623413,1.9269981384277344,1.8446366786956787,2.203669786453247,2.1632208824157715,2.146881341934204,1.8731986284255981,2.0932540893554688,1.9670805931091309,2.210841178894043,2.3681905269622803,2.4058494567871094,2.5164427757263184,2.2982754707336426,2.25748872756958,1.965226173400879,2.134291410446167,1.9253265857696533,2.1887760162353516,1.8440988063812256,1.853959560394287,1.7508689165115356,2.072497844696045,2.0561134815216064,2.4278552532196045,2.6222305297851562,2.4778594970703125,2.4829957485198975,2.1278669834136963,1.9948915243148804,1.6235260963439941,1.610801100730896,1.3387706279754639,1.3740015029907227
B1,1.2069566249847412,1.3248971700668335,1.3838945627212524,1.7429050207138062,1.859307885169983,2.2589478492736816,2.5021893978118896,2.309741973876953,2.201486349105835,1.8405137062072754,1.5826836824417114,1.2286872863769531,1.0423352718353271,0.7264204621315002,0.6236134171485901,0.0,0.40425997972488403,0.6848113536834717,0.9951900243759155,1.3192591667175293,1.638028621673584,1.954886794090271,1.865014672279358,1.6072231531143188,1.3830254077911377,1.0109925270080566,0.8438194394111633,0.6417346596717834,0.586357593536377,0.8050475120544434,1.2431437969207764,1.247194528579712,1.0437034368515015,1.1615650653839111,1.2880158424377441,1.421717882156372,1.7259029150009155,1.8663588762283325,1.7651338577270508,1.6992416381835938,1.5463045835494995,1.4246513843536377,1.5589940547943115,1.4902368783950806,1.8417056798934937,1.9381201267242432,1.944638729095459,1.6705998182296753,1.8682993650436401,1.7931780815124512,1.9955568313598633,2.1997199058532715,2.3107807636260986,2.367194652557373,2.2070274353027344,2.133467674255371,1.8871188163757324,2.0561254024505615,1.8698196411132812,2.1853458881378174,1.9817394018173218,2.010080099105835,1.8335217237472534,2.139267683029175,2.0936920642852783,2.419175624847412,2.6201364994049072,2.56501841545105,2.603947162628174,2.296475410461426,2.1901814937591553,1.8268859386444092,1.8869057893753052,1.6060056686401367,1.7550216913223267
B2,1.2014026641845703,1.1941566467285156,1.2134885787963867,1.5206847190856934,1.595137596130371,1.990262746810913,2.203700542449951,1.9770348072052002,1.8899736404418945,1.5163686275482178,1.3018419742584229,0.9629847407341003,0.8368551135063171,0.6452863216400146,0.5865147709846497,0.40425997972488403,0.0,0.37307867407798767,0.6275902390480042,0.9539627432823181,1.2771062850952148,1.5798965692520142,1.4675781726837158,1.2073637247085571,0.9810084104537964,0.6113825440406799,0.5061635971069336,0.4314536452293396,0.60249263048172,0.8718159794807434,1.3274387121200562,1.204014539718628,0.9114817976951599,0.9280609488487244,0.9612237811088562,1.0580025911331177,1.3458551168441772,1.504762053489685,1.4511873722076416,1.4124114513397217,1.3391906023025513,1.2596726417541504,1.482093095779419,1.4867883920669556,1.853134036064148,1.966180443763733,1.892214298248291,1.5711857080459595,1.7148144245147705,1.5663398504257202,1.748081088066101,1.9103676080703735,2.0178639888763428,2.1256282329559326,1.9747949838638306,1.964902400970459,1.741830825805664,1.9703402519226074,1.8391939401626587,2.1638429164886475,1.979541540145874,1.9279112815856934,1.716640830039978,1.9793472290039062,1.8795124292373657,2.200298547744751,2.365974187850952,2.284377098083496,2.3598990440368652,2.0477230548858643,1.9943879842758179,1.6497373580932617,1.760841727256775,1.5441792011260986,1.699257731437683
B3,1.0194728374481201,0.9195600748062134,0.8735217452049255,1.1606900691986084,1.2223951816558838,1.6183063983917236,1.8387322425842285,1.6282356977462769,1.5402854681015015,1.1728562116622925,0.9678049683570862,0.6131541728973389,0.5896031260490417,0.4923038184642792,0.6305535435676575,0.6848113536834717,0.37307867407798767,0.0,0.39721718430519104,0.6474332809448242,0.9984005689620972,1.306748628616333,1.232406497001648,1.0420001745224,0.8180385828018188,0.5515860319137573,0.4071224331855774,0.5979596972465515,0.7339583039283752,1.0702155828475952,1.3867007493972778,1.2198905944824219,0.8695850372314453,0.9179245233535767,0.8417739868164062,1.0045710802078247,1.2649741172790527,1.3723020553588867,1.3877140283584595,1.2889519929885864,1.2613850831985474,1.1274725198745728,1.3951832056045532,1.388602375984192,1.7525913715362549,1.7921597957611084,1.6832919120788574,1.35911226272583,1.5157023668289185,1.351069450378418,1.5830122232437134,1.7399457693099976,1.7833901643753052,1.8976083993911743,1.7045016288757324,1.702656626701355,1.4594693183898926,1.6989318132400513,1.5826287269592285,1.894253134727478,1.7065070867538452,1.6086421012878418,1.3937249183654785,1.6453977823257446,1.5478860139846802,1.8872652053833008,2.0575337409973145,1.9486134052276611,2.0074405670166016,1.6843101978302002,1.6310293674468994,1.2914390563964844,1.421568751335144,1.2478092908859253,1.4210401773452759
B4,1.125342607498169,0.9186420440673828,0.9076490998268127,1.0831512212753296,1.1369355916976929,1.504912257194519,1.689184308052063,1.4172351360321045,1.3101624250411987,0.9328514337539673,0.7600845098495483,0.5212354063987732,0.5313729643821716,0.6813863515853882,0.7475108504295349,0.9951900243759155,0.6275902390480042,0.39721718430519104,0.0,0.3771049678325653,0.6500709056854248,0.9609361290931702,0.9126335382461548,0.688411295413971,0.5789992809295654,0.4458611011505127,0.5812332630157471,0.8505533933639526,1.089788794517517,1.3915390968322754,1.742404818534851,1.5225712060928345,1.1545928716659546,1.0890651941299438,0.8845848441123962,0.9194197654724121,1.0928518772125244,1.2610939741134644,1.3737280368804932,1.3407299518585205,1.4246819019317627,1.3521732091903687,1.6716684103012085,1.712656021118164,2.06785249710083,2.0970654487609863,1.942807674407959,1.6064505577087402,1.7110445499420166,1.475790023803711,1.6697508096694946,1.7540323734283447,1.780760645866394,1.9668662548065186,1.7818078994750977,1.8533321619033813,1.6338807344436646,1.9057025909423828,1.8250184059143066,2.1119625568389893,1.8938230276107788,1.742666244506836,1.5426021814346313,1.7485158443450928,1.61341392993927,1.9474748373031616,2.070331335067749,1.9020658731460571,1.9900636672973633,1.6513615846633911,1.6474140882492065,1.3417415618896484,1.4782408475875854,1.371840476989746,1.4834003448486328
B5,1.261392593383789,0.9585441946983337,0.8356029391288757,0.8832166790962219,0.8425536751747131,1.1813170909881592,1.3326853513717651,1.0495699644088745,0.987037181854248,0.6090458631515503,0.5758532881736755,0.45745623111724854,0.6925147175788879,0.922204315662384,1.0797388553619385,1.3192591667175293,0.9539627432823181,0.6474332809448242,0.3771049678325653,0.0,0.40097659826278687,0.6711128354072571,0.6360909342765808,0.5735635161399841,0.4926474988460541,0.6110303997993469,0.7205124497413635,1.0740478038787842,1.2959486246109009,1.599869966506958,1.857473373413086,1.5926593542099,1.2183353900909424,1.1401245594024658,0.8428282737731934,0.9046083092689514,1.0051857233047485,1.09842050075531,1.2917546033859253,1.2229986190795898,1.3773167133331299,1.3017939329147339,1.651181936264038,1.71748685836792,2.046581506729126,2.049044132232666,1.8406474590301514,1.5079113245010376,1.5728058815002441,1.3030714988708496,1.5021395683288574,1.5501844882965088,1.5167649984359741,1.730289340019226,1.531517744064331,1.6496700048446655,1.4567015171051025,1.7535245418548584,1.7301042079925537,1.9965945482254028,1.8253157138824463,1.6011701822280884,1.3832131624221802,1.5205494165420532,1.3478264808654785,1.6668661832809448,1.7609238624572754,1.560985803604126,1.6659479141235352,1.3335440158843994,1.385709524154663,1.1363978385925293,1.3310548067092896,1.325239896774292,1.4570614099502563
B6,1.3940930366516113,1.0438926219940186,0.9859602451324463,0.8991729617118835,0.8865325450897217,1.134703516960144,1.2433650493621826,0.9071340560913086,0.7770279049873352,0.45006996393203735,0.5028877258300781,0.646206796169281,0.8359843492507935,1.1654850244522095,1.2829290628433228,1.638028621673584,1.2771062850952148,0.9984005689620972,0.6500709056854248,0.40097659826278687,0.0,0.339819997549057,0.5182669758796692,0.5266911387443542,0.6992686986923218,0.9111019968986511,1.1041052341461182,1.4422050714492798,1.6832541227340698,1.9840329885482788,2.2583436965942383,1.9896825551986694,1.6164984703063965,1.5114350318908691,1.1851189136505127,1.1588717699050903,1.1555211544036865,1.2827095985412598,1.5502995252609253,1.525118350982666,1.7329657077789307,1.6771183013916016,2.0327398777008057,2.099926233291626,2.4188690185546875,2.3804771900177,2.164534091949463,1.8497697114944458,1.9025964736938477,1.6158567667007446,1.7927935123443604,1.784338116645813,1.7137954235076904,1.9690253734588623,1.7674643993377686,1.921889305114746,1.7372056245803833,2.023071765899658,2.005232095718384,2.2295596599578857,2.0075058937072754,1.7628719806671143,1.5980983972549438,1.7040914297103882,1.5398344993591309,1.8459997177124023,1.9021215438842773,1.6355042457580566,1.7363450527191162,1.3987945318222046,1.4723584651947021,1.2756208181381226,1.4277101755142212,1.4756027460098267,1.5263903141021729
B7,1.7077264785766602,1.339459776878357,1.249197006225586,1.0745823383331299,0.9808343052864075,1.1217676401138306,1.1367790699005127,0.7581636905670166,0.7048820853233337,0.5116919279098511,0.7450143098831177,0.9526762366294861,1.1713438034057617,1.5021730661392212,1.6196563243865967,1.954886794090271,1.5798965692520142,1.306748628616333,0.9609361290931702,0.6711128354072571,0.339819997549057,0.0,0.38934510946273804,0.5880378484725952,0.8295044898986816,1.1347969770431519,1.3481775522232056,1.6965813636779785,1.9546198844909668,2.2366943359375,2.492418050765991,2.192178964614868,1.828827977180481,1.6849033832550049,1.3251250982284546,1.2557183504104614,1.1626497507095337,1.2622838020324707,1.588193655014038,1.588155746459961,1.8542078733444214,1.835007667541504,2.2012763023376465,2.303257465362549,2.601275682449341,2.574639081954956,2.321657419204712,2.011920928955078,2.0128636360168457,1.6982102394104004,1.8306894302368164,1.7626316547393799,1.6676034927368164,1.9628136157989502,1.7882041931152344,1.997877836227417,1.8616371154785156,2.1624042987823486,2.1932101249694824,2.4002044200897217,2.2188823223114014,1.932942271232605,1.7631189823150635,1.7993566989898682,1.5974913835525513,1.853096842765808,1.85178804397583,1.5570825338363647,1.6970958709716797,1.3979374170303345,1.5441240072250366,1.4256668090820312,1.6059242486953735,1.7182945013046265,1.7665674686431885
B8,1.8583300113677979,1.5190483331680298,1.3894641399383545,1.2852730751037598,1.1271330118179321,1.3065286874771118,1.2970749139785767,0.9260198473930359,0.9974536895751953,0.7530328035354614,0.9736093282699585,1.0508215427398682,1.278333306312561,1.5448546409606934,1.6456708908081055,1.865014672279358,1.4675781726837158,1.232406497001648,0.9126335382461548,0.6360909342765808,0.5182669758796692,0.38934510946273804,0.0,0.3814023435115814,0.5533331632614136,0.9248808026313782,1.158053994178772,1.4956862926483154,1.7859002351760864,2.025434970855713,2.296414375305176,1.9624320268630981,1.6160426139831543,1.4094804525375366,1.0379387140274048,0.915842592716217,0.7834534645080566,0.888500988483429,1.2237201929092407,1.270232081413269,1.5687048435211182,1.614634394645691,1.9893895387649536,2.1470046043395996,2.4419729709625244,2.506014347076416,2.2270772457122803,1.8897837400436401,1.8322217464447021,1.4854090213775635,1.5523309707641602,1.458105444908142,1.4278616905212402,1.7481025457382202,1.6358038187026978,1.879817008972168,1.7942612171173096,2.1320888996124268,2.1985790729522705,2.446511745452881,2.3408854007720947,2.0513417720794678,1.8186427354812622,1.834830403327942,1.5737448930740356,1.7903965711593628,1.7630538940429688,1.5281991958618164,1.7368775606155396,1.4746530055999756,1.6660335063934326,1.5412384271621704,1.7805771827697754,1.869853138923645,1.979027509689331
B9,1.7357066869735718,1.445114254951477,1.3883087635040283,1.377590537071228,1.3041276931762695,1.5565482378005981,1.6073099374771118,1.244476556777954,1.233764410018921,0.9227080941200256,0.9979093074798584,0.995809018611908,1.1210007667541504,1.3613344430923462,1.3875943422317505,1.6072231531143188,1.2073637247085571,1.0420001745224,0.688411295413971,0.5735635161399841,0.5266911387443542,0.5880378484725952,0.3814023435115814,0.0,0.381199449300766,0.670624852180481,0.9886478781700134,1.2783551216125488,1.6045480966567993,1.8321948051452637,2.1928181648254395,1.881640911102295,1.529466986656189,1.3048856258392334,0.9757295250892639,0.7855409383773804,0.7168050408363342,0.9587498903274536,1.218461275100708,1.3151479959487915,1.564988374710083,1.6225475072860718,1.989894151687622,2.1362037658691406,2.4613444805145264,2.5533735752105713,2.312546730041504,1.9577064514160156,1.9343098402023315,1.6023998260498047,1.6720560789108276,1.617721438407898,1.6564589738845825,1.9528768062591553,1.844854712486267,2.0474445819854736,1.9275505542755127,2.2578330039978027,2.2753400802612305,2.5486953258514404,2.39605975151062,2.157351016998291,1.930426836013794,2.01538348197937,1.782078742980957,2.0351181030273438,2.0463368892669678,1.8388705253601074,2.025329351425171,1.7337925434112549,1.8665217161178589,1.670912742614746,1.8728152513504028,1.885190725326538,1.9778963327407837
B10,1.6760252714157104,1.4194238185882568,1.305031418800354,1.3631187677383423,1.2545819282531738,1.5525768995285034,1.6281824111938477,1.3099660873413086,1.3473680019378662,1.0015761852264404,1.0543181896209717,0.9283424019813538,1.0846991539001465,1.2343757152557373,1.2972742319107056,1.3830254077911377,0.9810084104537964,0.8180385828018188,0.5789992809295654,0.4926474988460541,0.6992686986923218,0.8295044898986816,0.5533331632614136,0.381199449300766,0.0,0.39023512601852417,0.6541624665260315,0.9578447341918945,1.2779123783111572,1.4927541017532349,1.828104853630066,1.505254864692688,1.1596126556396484,0.9258967638015747,0.597019374370575,0.4632243812084198,0.5315938591957092,0.7221905589103699,0.9103660583496094,0.9725717902183533,1.1920093297958374,1.2568100690841675,1.62083899974823,1.7844074964523315,2.108452796936035,2.2491631507873535,2.0061261653900146,1.6398555040359497,1.6047251224517822,1.280411720275879,1.3498749732971191,1.3403154611587524,1.418730616569519,1.6807217597961426,1.5877952575683594,1.769416093826294,1.662663221359253,2.0023651123046875,2.030996561050415,2.3331968784332275,2.2421131134033203,2.013154983520508,1.7436001300811768,1.8332709074020386,1.5859739780426025,1.8313697576522827,1.8654893636703491,1.7193549871444702,1.9136009216308594,1.6385688781738281,1.766060709953308,1.5517973899841309,1.7906744480133057,1.7790100574493408,1.9356886148452759
B11,1.514337420463562,1.3407827615737915,1.2738749980926514,1.4415782690048218,1.4032312631607056,1.7551662921905518,1.888303279876709,1.6018093824386597,1.5892293453216553,1.2154786586761475,1.147523283958435,0.9097447991371155,0.9596331119537354,1.0015755891799927,1.0137492418289185,1.0109925270080566,0.6113825440406799,0.5515860319137573,0.4458611011505127,0.6110303997993469,0.9111019968986511,1.1347969770431519,0.9248808026313782,0.670624852180481,0.39023512601852417,0.0,0.380731463432312,0.6091940999031067,0.9520933032035828,1.1669570207595825,1.57700514793396,1.301250696182251,0.9591661691665649,0.7627384662628174,0.5755073428153992,0.5216789245605469,0.7565569281578064,0.9573286771774292,1.0004000663757324,1.0431058406829834,1.1401493549346924,1.1759397983551025,1.5023192167282104,1.6302129030227661,1.9786733388900757,2.139504909515381,1.9513789415359497,1.5854588747024536,1.606445074081421,1.339029312133789,1.4399662017822266,1.5060491561889648,1.62423837184906,1.824554443359375,1.7214231491088867,1.8314918279647827,1.685214638710022,1.9961003065109253,1.969985008239746,2.293935775756836,2.1770403385162354,2.0110719203948975,1.7489168643951416,1.9074920415878296,1.706128716468811,1.981399416923523,2.0674102306365967,1.9578555822372437,2.1138792037963867,1.8229405879974365,1.8832346200942993,1.6085652112960815,1.809570074081421,1.7158514261245728,1.8794687986373901
B12,1.414677381515503,1.2862517833709717,1.162575364112854,1.3904036283493042,1.3432317972183228,1.7157764434814453,1.8814756870269775,1.6578325033187866,1.660839319229126,1.293868899345398,1.2023651599884033,0.8859043121337891,0.9653193354606628,0.8945621848106384,0.9930734038352966,0.8438194394111633,0.5061635971069336,0.4071224331855774,0.5812332630157471,0.7205124497413635,1.1041052341461182,1.3481775522232056,1.158053994178772,0.9886478781700134,0.6541624665260315,0.380731463432312,0.0,0.37668630480766296,0.6291620135307312,0.8888491988182068,1.2203043699264526,0.9608310461044312,0.6030395030975342,0.5280994772911072,0.46736302971839905,0.6650618314743042,0.9693639874458313,1.0442991256713867,0.9998794198036194,0.9210174679756165,0.9014770984649658,0.8580300807952881,1.1584781408309937,1.2570260763168335,1.6112604141235352,1.7798595428466797,1.6117842197418213,1.2514581680297852,1.3099902868270874,1.102104663848877,1.260190725326538,1.4077728986740112,1.5168312788009644,1.642980694770813,1.520031452178955,1.566019892692566,1.4038383960723877,1.6950052976608276,1.6581188440322876,1.9991633892059326,1.930845022201538,1.7886953353881836,1.506210207939148,1.6850764751434326,1.5094265937805176,1.7881935834884644,1.9187566041946411,1.8598490953445435,1.985460877418518,1.709951639175415,1.7347242832183838,1.4449031352996826,1.65630304813385,1.5373340845108032,1.7577992677688599
B13,1.5476186275482178,1.5074065923690796,1.4310545921325684,1.709536075592041,1.6935805082321167,2.073763370513916,2.250586986541748,2.034170627593994,2.027353525161743,1.6571038961410522,1.5274657011032104,1.1875356435775757,1.1767033338546753,1.0015283823013306,1.0134100914001465,0.6417346596717834,0.4314536452293396,0.5979596972465515,0.8505533933639526,1.0740478038787842,1.4422050714492798,1.6965813636779785,1.4956862926483154,1.2783551216125488,0.9578447341918945,0.6091940999031067,0.37668630480766296,0.0,0.38531258702278137,0.5635454058647156,1.0393095016479492,0.845291018486023,0.5845167636871338,0.5421521067619324,0.7016744017601013,0.8463801741600037,1.1757231950759888,1.2758595943450928,1.1310826539993286,1.0910041332244873,0.9688223600387573,0.9563595652580261,1.1663224697113037,1.253514289855957,1.6055313348770142,1.8437496423721313,1.729446530342102,1.3900902271270752,1.4604332447052002,1.3114269971847534,1.432044267654419,1.6080917119979858,1.7740341424942017,1.8616341352462769,1.7729758024215698,1.7788023948669434,1.6243982315063477,1.8822358846664429,1.8160669803619385,2.169421911239624,2.1083827018737793,2.0235977172851562,1.7501251697540283,1.956949234008789,1.8046512603759766,2.0686864852905273,2.2122890949249268,2.192185640335083,2.312645435333252,2.0491981506347656,2.0487635135650635,1.7420090436935425,1.9246540069580078,1.7500154972076416,1.969394564628601
