,A1,A2,A3,A4,A5,A6,A7,A8,A9,A10,A11,A12,A13,A14,A15,B1,B2,B3,B4,B5,B6,B7,B8,B9,B10,B11,B12,B13,B14,B15,C1,C2,C3,C4,C5,C6,C7,C8,C9,C10,C11,C12,C13,C14,C15,D1,D2,D3,D4,D5,D6,D7,D8,D9,D10,D11,D12,D13,D14,D15,E1,E2,E3,E4,E5,E6,E7,E8,E9,E10,E11,E12,E13,E14,E15
A1,0.0,0.3958500325679779,0.5783980488777161,0.7507352232933044,1.052716612815857,1.357905626296997,1.5960325002670288,1.9511613845825195,1.881903052330017,1.8201172351837158,1.56597101688385,1.2469137907028198,1.0832929611206055,0.8982242941856384,0.7936115860939026,2.355271339416504,2.014518976211548,1.9684921503067017,2.2214574813842773,2.252558708190918,2.526794910430908,2.7365097999572754,2.785813331604004,2.547633171081543,2.2351479530334473,2.046515703201294,1.8477739095687866,1.805240511894226,1.6269041299819946,1.8500310182571411,1.6789950132369995,1.650359869003296,1.2909866571426392,1.292618989944458,0.9639055728912354,1.086869716644287,0.906522274017334,1.009634017944336,1.1542598009109497,0.9378219246864319,1.1320925951004028,1.0436794757843018,1.3811253309249878,1.4538023471832275,1.7579374313354492,2.48274302482605,2.137824773788452,1.9134085178375244,1.9761289358139038,1.8442977666854858,1.9609754085540771,2.077495813369751,1.9669184684753418,1.721644401550293,1.3975796699523926,1.357660174369812,1.3912622928619385,1.533225655555725,1.5960780382156372,1.886873722076416,1.1352403163909912,0.8430560231208801,1.1299872398376465,1.3761935234069824,1.681366205215454,1.977895975112915,2.309818983078003,2.5413730144500732,2.3067915439605713,2.170168876647949,1.8282124996185303,1.5375982522964478,1.2396260499954224,0.9376968741416931,0.7797716856002808
A2,0.3958500325679779,0.0,0.3813244700431824,0.6454241275787354,0.966837465763092,1.2975735664367676,1.5825241804122925,1.886104702949524,1.7510244846343994,1.646332025527954,1.3511453866958618,1.0152190923690796,0.7948828339576721,0.5410560369491577,0.43825384974479675,1.9961190223693848,1.6754740476608276,1.6405889987945557,1.9250680208206177,1.9757180213928223,2.2830748558044434,2.493978500366211,2.5911784172058105,2.3772685527801514,2.0666656494140625,1.8674006462097168,1.6121693849563599,1.5650869607925415,1.3351364135742188,1.5682339668273926,1.6588398218154907,1.5494123697280884,1.205867052078247,1.2872686386108398,1.0070174932479858,1.2083016633987427,1.1367179155349731,1.2141492366790771,1.2453677654266357,0.934187114238739,1.0653088092803955,0.9183425307273865,1.2510385513305664,1.275745153427124,1.622329592704773,2.1540799140930176,1.8307369947433472,1.5710252523422241,1.611668586730957,1.456013798713684,1.57437002658844,1.6882679462432861,1.601935625076294,1.3656903505325317,1.0272412300109863,0.9852826595306396,1.0123462677001953,1.1969249248504639,1.2915068864822388,1.6047546863555908,0.8381930589675903,0.5319412350654602,0.7853716015815735,1.086125135421753,1.3675858974456787,1.6997236013412476,2.0032567977905273,2.255932092666626,2.057598114013672,1.9030412435531616,1.588462471961975,1.2554103136062622,1.008488655090332,0.658791184425354,0.588849663734436
A3,0.5783980488777161,0.3813244700431824,0.0,0.36978229880332947,0.607546865940094,0.9664478302001953,1.2295351028442383,1.5245673656463623,1.4064491987228394,1.287714958190918,1.0242472887039185,0.6793634295463562,0.5633087158203125,0.42024609446525574,0.5462038516998291,1.9387949705123901,1.615423321723938,1.4969680309295654,1.7458873987197876,1.733401894569397,2.0209269523620605,2.2010104656219482,2.268273115158081,2.0649070739746094,1.7350270748138428,1.57442045211792,1.3453667163848877,1.3700709342956543,1.2010791301727295,1.4962254762649536,1.2922611236572266,1.1893372535705566,0.8656303286552429,1.0100984573364258,0.8118630647659302,1.1108150482177734,1.12589693069458,1.3089245557785034,1.3066911697387695,1.0289684534072876,1.033647894859314,0.7675909399986267,1.0301614999771118,0.9817728400230408,1.3119819164276123,1.9243770837783813,1.5678105354309082,1.3658488988876343,1.4495881795883179,1.3825057744979858,1.556036114692688,1.7437093257904053,1.7280267477035522,1.46138334274292,1.1533080339431763,0.9835963249206543,0.9166362285614014,0.9918686747550964,1.0237171649932861,1.3096719980239868,1.1340456008911133,0.8137863278388977,0.9312623739242554,1.2541828155517578,1.4562015533447266,1.79921555519104,2.076646327972412,2.2854254245758057,2.0760231018066406,1.8611443042755127,1.5688135623931885,1.2399928569793701,1.0526992082595825,0.6994762420654297,0.7975731492042542
A4,0.7507352232933044,0.6454241275787354,0.36978229880332947,0.0,0.38202017545700073,0.6570143699645996,0.9698169231414795,1.2685188055038452,1.1458362340927124,1.1163157224655151,0.8479452133178711,0.6062829494476318,0.4989367723464966,0.6039054989814758,0.6631503105163574,2.1577653884887695,1.8669055700302124,1.7033417224884033,1.9429031610488892,1.8707528114318848,2.149279832839966,2.2708330154418945,2.3117880821228027,2.147491693496704,1.7881697416305542,1.7032240629196167,1.497680425643921,1.602047085762024,1.4613847732543945,1.7887159585952759,1.2292486429214478,1.2045985460281372,0.9539016485214233,1.1594734191894531,1.031949758529663,1.3534077405929565,1.3487884998321533,1.5843377113342285,1.626111626625061,1.3788810968399048,1.3735679388046265,1.07728111743927,1.2755024433135986,1.1449313163757324,1.4328371286392212,1.9803766012191772,1.6019628047943115,1.4472001791000366,1.4877632856369019,1.4771580696105957,1.6085139513015747,1.849251389503479,1.8209073543548584,1.5031241178512573,1.2631556987762451,1.02882981300354,1.0184416770935059,0.986531674861908,1.0618993043899536,1.2618998289108276,1.3725847005844116,1.110303282737732,1.2421391010284424,1.5887569189071655,1.7754764556884766,2.1338021755218506,2.388019323348999,2.5995407104492188,2.4060471057891846,2.166212320327759,1.8979132175445557,1.5629236698150635,1.4103683233261108,1.055562138557434,1.155832290649414
A5,1.052716612815857,0.966837465763092,0.607546865940094,0.38202017545700073,0.0,0.3846607804298401,0.6318367123603821,0.9219520092010498,0.8455901145935059,0.7977076172828674,0.6277298331260681,0.45717811584472656,0.604000449180603,0.7980724573135376,0.9809252619743347,2.1695075035095215,1.8849091529846191,1.6544857025146484,1.8360048532485962,1.6975526809692383,1.9339954853057861,2.0159637928009033,2.012995481491089,1.8632237911224365,1.4922983646392822,1.4667022228240967,1.318434476852417,1.4965004920959473,1.4373772144317627,1.790129542350769,0.8817504048347473,0.8902091979980469,0.7242056727409363,0.9917297959327698,0.9941045641899109,1.3564863204956055,1.4310442209243774,1.7239190340042114,1.7312191724777222,1.5238758325576782,1.4299124479293823,1.0844298601150513,1.1728472709655762,0.9714826941490173,1.1903035640716553,1.8296903371810913,1.4306703805923462,1.3654913902282715,1.4609684944152832,1.5427138805389404,1.7264759540557861,2.010291814804077,2.047142267227173,1.7338311672210693,1.5172427892684937,1.2242300510406494,1.1208244562149048,0.9752572774887085,0.9457358717918396,1.0720763206481934,1.6830992698669434,1.3979847431182861,1.453533411026001,1.786043405532837,1.9123512506484985,2.2590293884277344,2.490013599395752,2.6538472175598145,2.450869083404541,2.170689105987549,1.9314675331115723,1.6278865337371826,1.5257688760757446,1.211909294128418,1.3851925134658813
A6,1.357905626296997,1.2975735664367676,0.9664478302001953,0.6570143699645996,0.3846607804298401,0.0,0.3838525116443634,0.6354917883872986,0.5738925933837891,0.6973865032196045,0.6103059649467468,0.6744920015335083,0.826282799243927,1.111260175704956,1.2507350444793701,2.4249393939971924,2.1752545833587646,1.915766954421997,2.0791518688201904,1.890499234199524,2.103767156600952,2.118269205093384,2.0847368240356445,1.9881782531738281,1.6092345714569092,1.6685291528701782,1.554451823234558,1.7887756824493408,1.7524358034133911,2.115854501724243,0.9447959661483765,1.0453301668167114,1.0010888576507568,1.2806051969528198,1.334854006767273,1.6883422136306763,1.7510572671890259,2.0663070678710938,2.0963876247406006,1.903448462486267,1.8069827556610107,1.457027554512024,1.5042767524719238,1.259544849395752,1.4139503240585327,1.9369258880615234,1.5411583185195923,1.537397861480713,1.5929615497589111,1.7287583351135254,1.8749083280563354,2.194725751876831,2.2303948402404785,1.8924800157546997,1.738829493522644,1.4159544706344604,1.3506062030792236,1.1284071207046509,1.127109408378601,1.1325995922088623,1.986161708831787,1.735324501991272,1.796797275543213,2.1418731212615967,2.255472183227539,2.6103343963623047,2.8199033737182617,2.9823849201202393,2.7952659130096436,2.4977951049804688,2.282792091369629,1.9790197610855103,1.901035189628601,1.5852227210998535,1.7578216791152954
A7,1.5960325002670288,1.5825241804122925,1.2295351028442383,0.9698169231414795,0.6318367123603821,0.3838525116443634,0.0,0.4030763804912567,0.5860857367515564,0.7192421555519104,0.8238773345947266,0.9183886051177979,1.1577805280685425,1.4134901762008667,1.5931161642074585,2.6147189140319824,2.35791277885437,2.066467523574829,2.169177293777466,1.9369617700576782,2.085240602493286,2.068171262741089,1.9630537033081055,1.8681886196136475,1.5020687580108643,1.6194154024124146,1.5947188138961792,1.860853672027588,1.8992868661880493,2.257920742034912,0.7212547063827515,0.9427288174629211,0.9966863989830017,1.2411967515945435,1.3780744075775146,1.7129210233688354,1.8102861642837524,2.163693904876709,2.189973831176758,2.051321506500244,1.914696216583252,1.5698261260986328,1.5471854209899902,1.304275393486023,1.3578718900680542,2.0428340435028076,1.6489263772964478,1.720152497291565,1.8293976783752441,2.0080244541168213,2.1909549236297607,2.5182220935821533,2.5831105709075928,2.255089044570923,2.0919077396392822,1.7638111114501953,1.6498990058898926,1.4031060934066772,1.3164666891098022,1.2722899913787842,2.311246156692505,2.0293619632720947,2.0702462196350098,2.393433094024658,2.485450506210327,2.8184304237365723,3.0270347595214844,3.147324800491333,2.938261032104492,2.6267077922821045,2.420896530151367,2.1579620838165283,2.0873589515686035,1.8077811002731323,1.9921274185180664
A8,1.9511613845825195,1.886104702949524,1.5245673656463623,1.2685188055038452,0.9219520092010498,0.6354917883872986,0.4030763804912567,0.0,0.3744419515132904,0.5808228850364685,0.8225382566452026,1.0534204244613647,1.3257107734680176,1.623787522315979,1.8288182020187378,2.640042543411255,2.4295248985290527,2.105494737625122,2.1761667728424072,1.896864891052246,2.016957998275757,1.926925539970398,1.8104361295700073,1.7904406785964966,1.4383187294006348,1.637000322341919,1.6319071054458618,1.9497346878051758,2.0130209922790527,2.3747916221618652,0.8652673363685608,1.0368943214416504,1.2087959051132202,1.4935047626495361,1.6879918575286865,2.0370073318481445,2.172970771789551,2.5210931301116943,2.512965202331543,2.3599283695220947,2.185702323913574,1.821433424949646,1.741441011428833,1.4420911073684692,1.4442789554595947,1.9180974960327148,1.552567958831787,1.6976814270019531,1.7950736284255981,2.037182569503784,2.218207597732544,2.572474241256714,2.6787214279174805,2.358246326446533,2.242767572402954,1.8857754468917847,1.7516043186187744,1.4430181980133057,1.3408236503601074,1.1850723028182983,2.547776937484741,2.2884416580200195,2.2830698490142822,2.607102870941162,2.65152645111084,2.984386444091797,3.151045083999634,3.2540907859802246,3.0731894969940186,2.736229419708252,2.5786542892456055,2.32425856590271,2.311903953552246,2.0488641262054443,2.2764430046081543
A9,1.881903052330017,1.7510244846343994,1.4064491987228394,1.1458362340927124,0.8455901145935059,0.5738925933837891,0.5860857367515564,0.3744419515132904,0.0,0.37713974714279175,0.5327788591384888,0.8503679633140564,1.084945797920227,1.4186280965805054,1.6145217418670654,2.4010424613952637,2.2207906246185303,1.9075579643249512,2.018829822540283,1.758650779724121,1.9345126152038574,1.8492201566696167,1.8104686737060547,1.8143752813339233,1.4520103931427002,1.6205042600631714,1.534940242767334,1.8490173816680908,1.858534336090088,2.225569248199463,1.0494952201843262,1.0969960689544678,1.2302426099777222,1.5651237964630127,1.7231628894805908,2.0966694355010986,2.2286224365234375,2.54353666305542,2.5168299674987793,2.3128247261047363,2.148935079574585,1.771205186843872,1.7184137105941772,1.3891757726669312,1.4614968299865723,1.6795315742492676,1.3199549913406372,1.4348528385162354,1.4795163869857788,1.7251830101013184,1.8793340921401978,2.2427093982696533,2.353837013244629,2.0355288982391357,1.9546705484390259,1.5871440172195435,1.4712520837783813,1.1414252519607544,1.0973414182662964,0.9145197868347168,2.3277971744537354,2.106825590133667,2.0848116874694824,2.4218428134918213,2.4547104835510254,2.8038175106048584,2.948181390762329,3.07865834236145,2.931735038757324,2.594592332839966,2.4540867805480957,2.170604705810547,2.185553550720215,1.907773494720459,2.1515493392944336
A10,1.8201172351837158,1.646332025527954,1.287714958190918,1.1163157224655151,0.7977076172828674,0.6973865032196045,0.7192421555519104,0.5808228850364685,0.37713974714279175,0.0,0.3784850239753723,0.6532338857650757,0.9676461815834045,1.254699468612671,1.5201703310012817,2.0738308429718018,1.8896275758743286,1.5603039264678955,1.6493675708770752,1.3834542036056519,1.5628002882003784,1.499814510345459,1.4871783256530762,1.4757276773452759,1.1105268001556396,1.2624540328979492,1.166616439819336,1.4925339221954346,1.5250542163848877,1.886699914932251,0.8961976766586304,0.8202115297317505,0.9861788153648376,1.3431901931762695,1.5348740816116333,1.915061354637146,2.097466468811035,2.3935258388519287,2.3160011768341064,2.1064274311065674,1.900954246520996,1.519073247909546,1.4220949411392212,1.069319486618042,1.1348729133605957,1.3567782640457153,0.981497585773468,1.121261477470398,1.233285665512085,1.4981415271759033,1.7154589891433716,2.0680863857269287,2.2261109352111816,1.9420874118804932,1.8293185234069824,1.4629693031311035,1.2662056684494019,0.9324516654014587,0.791130006313324,0.60539710521698,2.183727979660034,1.945320725440979,1.8665525913238525,2.178936004638672,2.172287940979004,2.5044515132904053,2.6342763900756836,2.7397241592407227,2.59344482421875,2.246800661087036,2.127286195755005,1.8651537895202637,1.9169702529907227,1.6772820949554443,1.9609273672103882
A11,1.56597101688385,1.3511453866958618,1.0242472887039185,0.8479452133178711,0.6277298331260681,0.6103059649467468,0.8238773345947266,0.8225382566452026,0.5327788591384888,0.3784850239753723,0.0,0.37928470969200134,0.613276481628418,0.9342604279518127,1.1700633764266968,1.9173940420150757,1.7265299558639526,1.4419742822647095,1.6128383874893188,1.4175519943237305,1.6737337112426758,1.67242431640625,1.7297537326812744,1.6872138977050781,1.3206803798675537,1.377380609512329,1.1831084489822388,1.4491596221923828,1.389488697052002,1.756296157836914,1.0823336839675903,0.9650418758392334,0.9903609156608582,1.3520970344543457,1.4541879892349243,1.8389588594436646,1.9805654287338257,2.2419259548187256,2.1764400005340576,1.9235050678253174,1.7651891708374023,1.387648344039917,1.3754085302352905,1.0466443300247192,1.2304919958114624,1.3494369983673096,0.9669692516326904,0.9734811186790466,1.0177063941955566,1.221616506576538,1.4055793285369873,1.7531198263168335,1.8768848180770874,1.578884482383728,1.4655829668045044,1.098088264465332,0.9429044723510742,0.6221837997436523,0.604873538017273,0.5391207933425903,1.842175841331482,1.6317970752716064,1.5749382972717285,1.9106813669204712,1.9355251789093018,2.292463779449463,2.4348130226135254,2.5896763801574707,2.457446336746216,2.1329119205474854,1.98956298828125,1.6815707683563232,1.7133588790893555,1.4351741075515747,1.7019410133361816
A12,1.2469137907028198,1.0152190923690796,0.6793634295463562,0.6062829494476318,0.45717811584472656,0.6744920015335083,0.9183886051177979,1.0534204244613647,0.8503679633140564,0.6532338857650757,0.37928470969200134,0.0,0.37424391508102417,0.6050150990486145,0.8935425877571106,1.7535382509231567,1.5042797327041626,1.2567007541656494,1.4604549407958984,1.3310890197753906,1.6140037775039673,1.6994638442993164,1.7726515531539917,1.6561884880065918,1.2958698272705078,1.250123143196106,1.0168784856796265,1.211050271987915,1.1152608394622803,1.481011986732483,1.0274254083633423,0.8583673238754272,0.7475016117095947,1.0860880613327026,1.1294857263565063,1.509076714515686,1.647585153579712,1.88490891456604,1.8098336458206177,1.5465443134307861,1.4004037380218506,1.0292552709579468,1.0706568956375122,0.7910753488540649,1.0593866109848022,1.3961427211761475,1.0066121816635132,0.9120506048202515,1.0111298561096191,1.1209650039672852,1.3443777561187744,1.6440404653549194,1.7474818229675293,1.4656530618667603,1.2698228359222412,0.9388791918754578,0.7448992729187012,0.5462751388549805,0.49559420347213745,0.6660000085830688,1.5430794954299927,1.2930488586425781,1.24150550365448,1.5735626220703125,1.628113031387329,1.9840854406356812,2.1648786067962646,2.3289387226104736,2.1690847873687744,1.865920901298523,1.679682970046997,1.3611723184585571,1.35347580909729,1.0653916597366333,1.3295838832855225
A13,1.0832929611206055,0.7948828339576721,0.5633087158203125,0.4989367723464966,0.604000449180603,0.826282799243927,1.1577805280685425,1.3257107734680176,1.084945797920227,0.9676461815834045,0.613276481628418,0.37424391508102417,0.0,0.3689819574356079,0.5579727292060852,1.7526394128799438,1.514065146446228,1.3431878089904785,1.617065191268921,1.5572588443756104,1.8810195922851562,1.9916856288909912,2.1065101623535156,1.989103078842163,1.6419909000396729,1.5546252727508545,1.2717680931091309,1.3907338380813599,1.1984939575195312,1.5365383625030518,1.361768126487732,1.2097400426864624,1.0272051095962524,1.3147403001785278,1.2529451847076416,1.6025334596633911,1.6732381582260132,1.8596426248550415,1.813236951828003,1.5063629150390625,1.4418567419052124,1.114662528038025,1.2595586776733398,1.0502656698226929,1.370634913444519,1.5563204288482666,1.2063581943511963,1.005237102508545,0.9971731901168823,0.994096577167511,1.1377936601638794,1.411455512046814,1.4481451511383057,1.1431529521942139,0.9410120844841003,0.6235373616218567,0.5582247972488403,0.4989897906780243,0.6669003367424011,0.8876946568489075,1.2433099746704102,1.0452989339828491,1.0511218309402466,1.4151279926300049,1.5236440896987915,1.9033406972885132,2.095994234085083,2.319267988204956,2.1830332279205322,1.9188334941864014,1.7128651142120361,1.3520431518554688,1.3087005615234375,0.9727221727371216,1.1812058687210083
A14,0.8982242941856384,0.5410560369491577,0.42024609446525574,0.6039054989814758,0.7980724573135376,1.111260175704956,1.4134901762008667,1.623787522315979,1.4186280965805054,1.254699468612671,0.9342604279518127,0.6050150990486145,0.3689819574356079,0.0,0.3716316223144531,1.5997916460037231,1.3178462982177734,1.2190015316009521,1.5192312002182007,1.5386555194854736,1.8741283416748047,2.0520787239074707,2.1889848709106445,2.025277853012085,1.7084674835205078,1.5396478176116943,1.232765793800354,1.2501047849655151,1.0029491186141968,1.3010141849517822,1.483498454093933,1.2903507947921753,1.0277377367019653,1.2416772842407227,1.1043034791946411,1.4106765985488892,1.4732416868209839,1.598410725593567,1.5271964073181152,1.1922321319580078,1.1602474451065063,0.8850149512290955,1.1039299964904785,0.9925536513328552,1.3558086156845093,1.63200843334198,1.3129059076309204,1.045493245124817,1.0783146619796753,0.9697105288505554,1.1423389911651611,1.3317946195602417,1.3517183065414429,1.1019309759140015,0.8003789782524109,0.6015824675559998,0.5047767758369446,0.6627124547958374,0.7759698033332825,1.0945607423782349,0.9415712356567383,0.6975703835487366,0.6984034180641174,1.0616103410720825,1.208656907081604,1.5846738815307617,1.812439203262329,2.0509164333343506,1.8991845846176147,1.6721240282058716,1.4310024976730347,1.0604734420776367,0.9732041954994202,0.6240531206130981,0.8243144154548645
A15,0.7936115860939026,0.43825384974479675,0.5462038516998291,0.6631503105163574,0.9809252619743347,1.2507350444793701,1.5931161642074585,1.8288182020187378,1.6145217418670654,1.5201703310012817,1.1700633764266968,0.8935425877571106,0.5579727292060852,0.3716316223144531,0.0,1.8302184343338013,1.5716917514801025,1.52996027469635,1.8533989191055298,1.8951845169067383,2.2390217781066895,2.4140677452087402,2.5555684566497803,2.395859479904175,2.0745351314544678,1.909169316291809,1.6026709079742432,1.598598837852478,1.3234823942184448,1.5809836387634277,1.7679699659347534,1.622424602508545,1.3420796394348145,1.522977590560913,1.3210970163345337,1.5820202827453613,1.5573972463607788,1.6419744491577148,1.6338382959365845,1.2920202016830444,1.3622992038726807,1.15230393409729,1.4259315729141235,1.3512152433395386,1.713067650794983,1.9363967180252075,1.6354097127914429,1.3460739850997925,1.2997647523880005,1.1248010396957397,1.1816567182540894,1.3225715160369873,1.2301757335662842,0.9544341564178467,0.6509629487991333,0.568986713886261,0.6987572312355042,0.9023951292037964,1.1063425540924072,1.3937870264053345,0.7453475594520569,0.5929633378982544,0.7578479051589966,1.1193679571151733,1.3442796468734741,1.7181401252746582,1.9599812030792236,2.2459654808044434,2.1114933490753174,1.9303065538406372,1.6742054224014282,1.2995339632034302,1.159303903579712,0.8024163842201233,0.851867139339447
B1,2.355271339416504,1.9961190223693848,1.9387949705123901,2.1577653884887695,2.1695075035095215,2.4249393939971924,2.6147189140319824,2.640042543411255,2.4010424613952637,2.0738308429718018,1.9173940420150757,1.7535382509231567,1.7526394128799438,1.5997916460037231,1.8302184343338013,0.0,0.39542290568351746,0.5996065139770508,0.7626184821128845,1.0638622045516968,1.357819676399231,1.600968837738037,1.9558058977127075,1.884014368057251,1.821452260017395,1.5865224599838257,1.2702456712722778,1.1152671575546265,0.9166520237922668,0.8079552054405212,2.383591413497925,2.000326156616211,1.9335753917694092,2.1014208793640137,2.1277496814727783,2.3405210971832275,2.570344924926758,2.5717804431915283,2.283658504486084,1.9936954975128174,1.7964297533035278,1.681082010269165,1.6318461894989014,1.5569229125976562,1.7492763996124268,1.0769811868667603,1.20586097240448,0.9763153195381165,1.0841374397277832,0.9858101010322571,1.2644057273864746,1.2344491481781006,1.57892906665802,1.6832886934280396,1.5595545768737793,1.5291494131088257,1.2548704147338867,1.4013893604278564,1.3214820623397827,1.5127770900726318,1.7436470985412598,1.6987230777740479,1.3254064321517944,1.287912130355835,0.9399924874305725,1.0374932289123535,0.8533511757850647,0.9388336539268494,1.0747703313827515,0.8554604053497314,1.0594533681869507,0.9931930899620056,1.3466042280197144,1.4632999897003174,1.749169945716858
B2,2.014518976211548,1.6754740476608276,1.615423321723938,1.8669055700302124,1.8849091529846191,2.1752545833587646,2.35791277885437,2.4295248985290527,2.2207906246185303,1.8896275758743286,1.7265299558639526,1.5042797327041626,1.514065146446228,1.3178462982177734,1.5716917514801025,0.39542290568351746,0.0,0.3756130337715149,0.6225586533546448,0.9422184824943542,1.257325291633606,1.551202654838562,1.8552055358886719,1.717819094657898,1.6216799020767212,1.3401819467544556,1.0112755298614502,0.7957394123077393,0.5487850904464722,0.43872690200805664,2.0920023918151855,1.7149219512939453,1.6036081314086914,1.741538405418396,1.747632384300232,1.9481186866760254,2.1790213584899902,2.182192325592041,1.8925267457962036,1.6072865724563599,1.4011493921279907,1.295295238494873,1.263363242149353,1.2315928936004639,1.4523156881332397,1.1418710947036743,1.1415300369262695,0.8846930265426636,1.0686391592025757,0.9560086727142334,1.2845144271850586,1.2918678522109985,1.5791428089141846,1.6247774362564087,1.4207628965377808,1.3780488967895508,1.0722854137420654,1.2456188201904297,1.1280747652053833,1.3886297941207886,1.5144110918045044,1.4023391008377075,1.0261609554290771,0.9944555759429932,0.6643443703651428,0.8223838210105896,0.7878353595733643,0.8910674452781677,0.8850757479667664,0.6103877425193787,0.7115136981010437,0.6057973504066467,0.965675950050354,1.1005616188049316,1.396531343460083
B3,1.9684921503067017,1.6405889987945557,1.4969680309295654,1.7033417224884033,1.6544857025146484,1.915766954421997,2.066467523574829,2.105494737625122,1.9075579643249512,1.5603039264678955,1.4419742822647095,1.2567007541656494,1.3431878089904785,1.2190015316009521,1.52996027469635,0.5996065139770508,0.3756130337715149,0.0,0.36968061327934265,0.5989763736724854,0.9514989852905273,1.2198982238769531,1.5127705335617065,1.3919183015823364,1.270838737487793,1.0244033336639404,0.6804797649383545,0.5737399458885193,0.4202694594860077,0.5325461030006409,1.7874568700790405,1.4021975994110107,1.3492618799209595,1.532686710357666,1.6062980890274048,1.8558646440505981,2.1158366203308105,2.1863389015197754,1.9112523794174194,1.6403703689575195,1.3836292028427124,1.1915478706359863,1.0867831707000732,0.9665725231170654,1.1569430828094482,0.8485323190689087,0.7960865497589111,0.6020795702934265,0.8817653059959412,0.9007184505462646,1.2778350114822388,1.3916536569595337,1.6930094957351685,1.6660529375076294,1.4721119403839111,1.3318431377410889,0.9733181595802307,1.0391117334365845,0.840382993221283,1.0653495788574219,1.6496706008911133,1.4836195707321167,1.1370776891708374,1.2057454586029053,0.9455364346504211,1.1525200605392456,1.156865119934082,1.2095940113067627,1.1501708030700684,0.8033632040023804,0.8651605248451233,0.7238690853118896,1.0529377460479736,1.1142498254776,1.4607311487197876
B4,2.2214574813842773,1.9250680208206177,1.7458873987197876,1.9429031610488892,1.8360048532485962,2.0791518688201904,2.169177293777466,2.1761667728424072,2.018829822540283,1.6493675708770752,1.6128383874893188,1.4604549407958984,1.617065191268921,1.5192312002182007,1.8533989191055298,0.7626184821128845,0.6225586533546448,0.36968061327934265,0.0,0.3726298213005066,0.6365414261817932,0.9499509334564209,1.2512198686599731,1.1311284303665161,1.1011286973953247,0.8567160367965698,0.6205074787139893,0.5328674912452698,0.620021641254425,0.6460478901863098,1.7919105291366577,1.396654725074768,1.415756344795227,1.5696486234664917,1.7113937139511108,1.9410263299942017,2.2452313899993896,2.3320305347442627,2.0319182872772217,1.8135921955108643,1.5060774087905884,1.3309872150421143,1.1285600662231445,1.0178358554840088,1.0874435901641846,0.8377074003219604,0.8526950478553772,0.8213015198707581,1.142341136932373,1.234418272972107,1.6117463111877441,1.7348109483718872,2.053086280822754,2.0272843837738037,1.8384817838668823,1.679423451423645,1.310327172279358,1.3140594959259033,1.0459493398666382,1.1956071853637695,1.9961854219436646,1.8036683797836304,1.4627223014831543,1.4975197315216064,1.2173305749893188,1.342993974685669,1.3130863904953003,1.2488412857055664,1.1746443510055542,0.803663432598114,0.9498218894004822,0.941438615322113,1.2692594528198242,1.3787457942962646,1.7247190475463867
B5,2.252558708190918,1.9757180213928223,1.733401894569397,1.8707528114318848,1.6975526809692383,1.890499234199524,1.9369617700576782,1.896864891052246,1.758650779724121,1.3834542036056519,1.4175519943237305,1.3310890197753906,1.5572588443756104,1.5386555194854736,1.8951845169067383,1.0638622045516968,0.9422184824943542,0.5989763736724854,0.3726298213005066,0.0,0.3847563564777374,0.6293491721153259,0.9180561304092407,0.8410007357597351,0.7830964922904968,0.637405514717102,0.46565449237823486,0.616447389125824,0.7959313988685608,0.9466941952705383,1.5563769340515137,1.1695410013198853,1.2796181440353394,1.4790886640548706,1.6878857612609863,1.9573643207550049,2.2735185623168945,2.4201221466064453,2.147634983062744,1.9447604417800903,1.6186919212341309,1.3778553009033203,1.1238927841186523,0.916622519493103,0.9075480699539185,0.677666187286377,0.6313546299934387,0.7623549699783325,1.1117864847183228,1.306755781173706,1.6835532188415527,1.877642273902893,2.194458484649658,2.1156094074249268,1.9458513259887695,1.7211049795150757,1.3455554246902466,1.2461531162261963,0.9252627491950989,0.9793545007705688,2.167011022567749,1.9487282037734985,1.6437643766403198,1.7450053691864014,1.5109138488769531,1.680474042892456,1.6754976511001587,1.6203914880752563,1.5268911123275757,1.1510300636291504,1.2431414127349854,1.189762830734253,1.4691083431243896,1.5098741054534912,1.8713048696517944
B6,2.526794910430908,2.2830748558044434,2.0209269523620605,2.149279832839966,1.9339954853057861,2.103767156600952,2.085240602493286,2.016957998275757,1.9345126152038574,1.5628002882003784,1.6737337112426758,1.6140037775039673,1.8810195922851562,1.8741283416748047,2.2390217781066895,1.357819676399231,1.257325291633606,0.9514989852905273,0.6365414261817932,0.3847563564777374,0.0,0.3865148723125458,0.6390545964241028,0.5720800757408142,0.690113365650177,0.6169924139976501,0.6797733902931213,0.8264020085334778,1.1023494005203247,1.1986324787139893,1.6158729791641235,1.2553783655166626,1.4335448741912842,1.5870598554611206,1.8504918813705444,2.0905280113220215,2.4362244606018066,2.5977671146392822,2.313815116882324,2.1626648902893066,1.8084813356399536,1.593064308166504,1.2797878980636597,1.106624960899353,0.962813138961792,0.9201558232307434,0.9237658977508545,1.1302506923675537,1.472440481185913,1.687766432762146,2.0609869956970215,2.2555575370788574,2.5779972076416016,2.498720645904541,2.3258450031280518,2.0947675704956055,1.7189407348632812,1.5962440967559814,1.255631685256958,1.2553554773330688,2.5219924449920654,2.2828879356384277,1.984356164932251,2.0618906021118164,1.8207048177719116,1.941827654838562,1.9251645803451538,1.798482060432434,1.6893755197525024,1.3282724618911743,1.450418472290039,1.4735803604125977,1.739201307296753,1.811290979385376,2.1630074977874756
B7,2.7365097999572754,2.493978500366211,2.2010104656219482,2.2708330154418945,2.0159637928009033,2.118269205093384,2.068171262741089,1.926925539970398,1.8492201566696167,1.499814510345459,1.67242431640625,1.6994638442993164,1.9916856288909912,2.0520787239074707,2.4140677452087402,1.600968837738037,1.551202654838562,1.2198982238769531,0.9499509334564209,0.6293491721153259,0.3865148723125458,0.0,0.40176838636398315,0.5797838568687439,0.7026289105415344,0.8262553215026855,0.9217381477355957,1.1588740348815918,1.4082155227661133,1.5482760667800903,1.6534178256988525,1.3351646661758423,1.5885987281799316,1.7856985330581665,2.080122232437134,2.3499574661254883,2.6889829635620117,2.8857483863830566,2.6257822513580322,2.470172166824341,2.1211392879486084,1.8665522336959839,1.5541092157363892,1.3178411722183228,1.1433871984481812,0.8885604739189148,0.9242570996284485,1.230872631072998,1.5341600179672241,1.8143991231918335,2.163363456726074,2.397498369216919,2.7300894260406494,2.6295714378356934,2.4971139430999756,2.2290682792663574,1.8681718111038208,1.6776260137557983,1.348770260810852,1.238087773323059,2.766951560974121,2.5366263389587402,2.25344181060791,2.369905948638916,2.138143301010132,2.286766290664673,2.2547852993011475,2.1437361240386963,2.0602781772613525,1.6966605186462402,1.8181521892547607,1.8038158416748047,2.0618269443511963,2.0875661373138428,2.4468789100646973
B8,2.785813331604004,2.5911784172058105,2.268273115158081,2.3117880821228027,2.012995481491089,2.0847368240356445,1.9630537033081055,1.8104361295700073,1.8104686737060547,1.4871783256530762,1.7297537326812744,1.7726515531539917,2.1065101623535156,2.1889848709106445,2.5555684566497803,1.9558058977127075,1.8552055358886719,1.5127705335617065,1.2512198686599731,0.9180561304092407,0.6390545964241028,0.40176838636398315,0.0,0.37117692828178406,0.5678822994232178,0.818832278251648,1.0511146783828735,1.3193259239196777,1.6160672903060913,1.7813026905059814,1.487858772277832,1.2348577976226807,1.5459930896759033,1.712387204170227,2.0515899658203125,2.309000253677368,2.6556766033172607,2.8893089294433594,2.650315046310425,2.5390567779541016,2.1809048652648926,1.9225846529006958,1.582680106163025,1.3552913665771484,1.0899051427841187,1.2329189777374268,1.177021861076355,1.4989674091339111,1.8099884986877441,2.099510908126831,2.4490456581115723,2.705936908721924,3.01432466506958,2.8783721923828125,2.726229190826416,2.437112331390381,2.0819168090820312,1.863904595375061,1.5166497230529785,1.3883110284805298,2.968897819519043,2.7025156021118164,2.453437328338623,2.5859341621398926,2.3903703689575195,2.5442862510681152,2.553858995437622,2.4337284564971924,2.3031320571899414,1.943501591682434,2.0183820724487305,2.0102620124816895,2.2201385498046875,2.2303338050842285,2.5760223865509033
B9,2.547633171081543,2.3772685527801514,2.0649070739746094,2.147491693496704,1.8632237911224365,1.9881782531738281,1.8681886196136475,1.7904406785964966,1.8143752813339233,1.4757276773452759,1.6872138977050781,1.6561884880065918,1.989103078842163,2.025277853012085,2.395859479904175,1.884014368057251,1.717819094657898,1.3919183015823364,1.1311284303665161,0.8410007357597351,0.5720800757408142,0.5797838568687439,0.37117692828178406,0.0,0.37972941994667053,0.5284568071365356,0.847222626209259,1.0741981267929077,1.4097113609313965,1.5643850564956665,1.3007715940475464,1.0266753435134888,1.3005954027175903,1.41177499294281,1.7524389028549194,1.9806277751922607,2.338660955429077,2.563310384750366,2.3169164657592773,2.232635498046875,1.8665380477905273,1.6354329586029053,1.277748942375183,1.1060501337051392,0.8008943200111389,1.3337666988372803,1.2135261297225952,1.4710756540298462,1.8156712055206299,2.059244394302368,2.4275877475738525,2.6649842262268066,2.950263023376465,2.812567949295044,2.6166224479675293,2.347527265548706,1.9843920469284058,1.8081382513046265,1.4417132139205933,1.3984239101409912,2.7837727069854736,2.4913885593414307,2.252436637878418,2.365861177444458,2.1905524730682373,2.330810308456421,2.380850076675415,2.254669666290283,2.0771677494049072,1.7279976606369019,1.7630761861801147,1.7785030603408813,1.9582700729370117,1.9915632009506226,2.321274995803833
B10,2.2351479530334473,2.0666656494140625,1.7350270748138428,1.7881697416305542,1.4922983646392822,1.6092345714569092,1.5020687580108643,1.4383187294006348,1.4520103931427002,1.1105268001556396,1.3206803798675537,1.2958698272705078,1.6419909000396729,1.7084674835205078,2.0745351314544678,1.821452260017395,1.6216799020767212,1.270838737487793,1.1011286973953247,0.7830964922904968,0.690113365650177,0.7026289105415344,0.5678822994232178,0.37972941994667053,0.0,0.3793588876724243,0.6446532011032104,0.9571014642715454,1.247200608253479,1.480432152748108,0.9759411215782166,0.6789696216583252,0.9792226552963257,1.1559574604034424,1.494470477104187,1.7710485458374023,2.1053035259246826,2.3554718494415283,2.1427667140960693,2.0295233726501465,1.6841355562210083,1.399834394454956,1.0703603029251099,0.8238244652748108,0.5437726378440857,1.2211531400680542,0.996972382068634,1.2431997060775757,1.5758941173553467,1.8243874311447144,2.180558204650879,2.4437785148620605,2.7016801834106445,2.5304627418518066,2.334383010864258,2.0447821617126465,1.696869134902954,1.49586021900177,1.132544994354248,1.0880004167556763,2.5236477851867676,2.2264909744262695,2.0186171531677246,2.180722951889038,2.0487396717071533,2.244640827178955,2.3308675289154053,2.2682337760925293,2.081488847732544,1.7204326391220093,1.6949509382247925,1.632993459701538,1.7783583402633667,1.7491145133972168,2.0794429779052734
B11,2.046515703201294,1.8674006462097168,1.57442045211792,1.7032240629196167,1.4667022228240967,1.6685291528701782,1.6194154024124146,1.637000322341919,1.6205042600631714,1.2624540328979492,1.377380609512329,1.250123143196106,1.5546252727508545,1.5396478176116943,1.909169316291809,1.5865224599838257,1.3401819467544556,1.0244033336639404,0.8567160367965698,0.637405514717102,0.6169924139976501,0.8262553215026855,0.818832278251648,0.5284568071365356,0.3793588876724243,0.0,0.38370776176452637,0.6082431077957153,0.9359520673751831,1.1378782987594604,1.0640610456466675,0.7030134201049805,0.8625590205192566,0.9834727048873901,1.2813808917999268,1.5293830633163452,1.8776164054870605,2.084376335144043,1.8375450372695923,1.7213221788406372,1.3622961044311523,1.1148896217346191,0.7668516635894775,0.5968512296676636,0.35298582911491394,1.2252806425094604,1.0073086023330688,1.1499918699264526,1.5089370012283325,1.6905196905136108,2.065105438232422,2.2849647998809814,2.53515625,2.391702175140381,2.1591897010803223,1.9122912883758545,1.5502045154571533,1.4277875423431396,1.0619604587554932,1.139326810836792,2.275242567062378,1.9713680744171143,1.7434824705123901,1.865612506866455,1.7267950773239136,1.8987996578216553,2.0032799243927,1.93449068069458,1.7233233451843262,1.3715142011642456,1.3281561136245728,1.295748233795166,1.4449183940887451,1.4657686948776245,1.7929575443267822
B12,1.8477739095687866,1.6121693849563599,1.3453667163848877,1.497680425643921,1.318434476852417,1.554451823234558,1.5947188138961792,1.6319071054458618,1.534940242767334,1.166616439819336,1.1831084489822388,1.0168784856796265,1.2717680931091309,1.232765793800354,1.6026709079742432,1.2702456712722778,1.0112755298614502,0.6804797649383545,0.6205074787139893,0.46565449237823486,0.6797733902931213,0.9217381477355957,1.0511146783828735,0.847222626209259,0.6446532011032104,0.38370776176452637,0.0,0.3734407126903534,0.6045716404914856,0.868858814239502,1.1722816228866577,0.7771254777908325,0.8257681727409363,1.0178265571594238,1.2277764081954956,1.511029839515686,1.8250348567962646,1.9993906021118164,1.7518703937530518,1.563347339630127,1.2324347496032715,0.9548190236091614,0.6859121918678284,0.453612744808197,0.4981275498867035,0.998797595500946,0.7545748949050903,0.8037170171737671,1.1637003421783447,1.315251350402832,1.6926761865615845,1.9030731916427612,2.154229164123535,2.022247076034546,1.7943861484527588,1.55860435962677,1.1882351636886597,1.0997459888458252,0.74669349193573,0.9012677669525146,1.9403866529464722,1.663653016090393,1.411670207977295,1.5517981052398682,1.4059247970581055,1.61916983127594,1.720260500907898,1.710237741470337,1.5294537544250488,1.165608286857605,1.1118669509887695,1.003303050994873,1.1873735189437866,1.1843218803405762,1.5363801717758179
B13,1.805240511894226,1.5650869607925415,1.3700709342956543,1.602047085762024,1.4965004920959473,1.7887756824493408,1.860853672027588,1.9497346878051758,1.8490173816680908,1.4925339221954346,1.4491596221923828,1.211050271987915,1.3907338380813599,1.2501047849655151,1.598598837852478,1.1152671575546265,0.7957394123077393,0.5737399458885193,0.5328674912452698,0.616447389125824,0.8264020085334778,1.1588740348815918,1.3193259239196777,1.0741981267929077,0.9571014642715454,0.6082431077957153,0.3734407126903534,0.0,0.37212762236595154,0.5349977016448975,1.4199365377426147,1.0397542715072632,0.9734343886375427,1.0653537511825562,1.1949831247329712,1.4115225076675415,1.7268940210342407,1.833646535873413,1.5420963764190674,1.3534107208251953,1.0165516138076782,0.8332309722900391,0.6009293794631958,0.5795637965202332,0.6946424841880798,1.1892858743667603,1.0143500566482544,0.9485889077186584,1.2904709577560425,1.3445242643356323,1.723790168762207,1.865100622177124,2.1056952476501465,2.019988775253296,1.7563793659210205,1.5911873579025269,1.2274373769760132,1.2506966590881348,0.9520021677017212,1.1899293661117554,1.7981207370758057,1.5239275693893433,1.239229679107666,1.3002746105194092,1.1280415058135986,1.2919039726257324,1.411741852760315,1.384263038635254,1.1712994575500488,0.8197520971298218,0.7468959093093872,0.704370379447937,0.9199252724647522,1.0206310749053955,1.3556174039840698
