0.000000000000000000e+00,3.836147189140319824e-01,5.897185802459716797e-01,8.656790852546691895e-01,1.084713816642761230e+00,1.331598877906799316e+00,1.639528155326843262e+00,1.862899422645568848e+00,2.193539381027221680e+00,2.474834203720092773e+00,2.755841493606567383e+00,3.039890766143798828e+00,3.368005990982055664e+00,3.613629102706909180e+00,3.905164241790771484e+00,1.656147122383117676e+00,1.368612766265869141e+00,1.617388010025024414e+00,1.550714969635009766e+00,1.342866301536560059e+00,1.655009746551513672e+00,1.593937516212463379e+00,1.746374487876892090e+00,1.996802687644958496e+00,2.151247024536132812e+00,2.493103742599487305e+00,2.591670274734497070e+00,2.973773717880249023e+00,3.069821119308471680e+00,3.332735300064086914e+00,2.777802944183349609e+00,2.488900423049926758e+00,2.537669658660888672e+00,2.216660976409912109e+00,2.076622009277343750e+00,2.234556913375854492e+00,2.002382755279541016e+00,2.234945535659790039e+00,2.205412149429321289e+00,2.393229246139526367e+00,2.558771848678588867e+00,2.617649316787719727e+00,2.916894197463989258e+00,2.838365554809570312e+00,3.154187679290771484e+00,2.890238761901855469e+00,2.712545633316040039e+00,2.588690042495727539e+00,2.223377704620361328e+00,2.296710729598999023e+00,2.327826023101806641e+00,2.248619794845581055e+00,2.564600467681884766e+00,2.492109537124633789e+00,2.817824602127075195e+00,2.868849277496337891e+00,3.101709842681884766e+00,3.319972515106201172e+00,3.344631195068359375e+00,3.719592809677124023e+00,1.876087188720703125e+00,1.910369515419006348e+00,1.673703074455261230e+00,1.504466056823730469e+00,1.841688156127929688e+00,1.842964768409729004e+00,2.073737621307373047e+00,2.386797904968261719e+00,2.494848012924194336e+00,2.872077703475952148e+00,2.984729290008544922e+00,3.334500312805175781e+00,3.577655553817749023e+00,3.766986370086669922e+00,4.126709938049316406e+00
3.836147189140319824e-01,0.000000000000000000e+00,3.792044222354888916e-01,6.074860095977783203e-01,7.325003743171691895e-01,1.014569163322448730e+00,1.289902567863464355e+00,1.513795495033264160e+00,1.847394704818725586e+00,2.124274969100952148e+00,2.417497158050537109e+00,2.688029766082763672e+00,3.026045322418212891e+00,3.259137392044067383e+00,3.551397800445556641e+00,1.711680531501770020e+00,1.381238579750061035e+00,1.553021788597106934e+00,1.406059622764587402e+00,1.164474844932556152e+00,1.442740201950073242e+00,1.320407629013061523e+00,1.490339994430541992e+00,1.699450016021728516e+00,1.869074344635009766e+00,2.195147275924682617e+00,2.297005653381347656e+00,2.677271127700805664e+00,2.759354114532470703e+00,3.040637493133544922e+00,2.620378255844116211e+00,2.328176021575927734e+00,2.325575590133666992e+00,1.980695962905883789e+00,1.855958938598632812e+00,1.973663926124572754e+00,1.742173314094543457e+00,1.991165757179260254e+00,1.939953088760375977e+00,2.159311771392822266e+00,2.303593873977661133e+00,2.400957584381103516e+00,2.692881822586059570e+00,2.637995719909667969e+00,2.975722074508666992e+00,2.598094940185546875e+00,2.418580532073974609e+00,2.262902021408081055e+00,1.898770928382873535e+00,1.984641075134277344e+00,1.989585876464843750e+00,1.934035301208496094e+00,2.252958774566650391e+00,2.192795038223266602e+00,2.534773826599121094e+00,2.589846611022949219e+00,2.851028442382812500e+00,3.074444293975830078e+00,3.134991407394409180e+00,3.512931823730468750e+00,1.579292058944702148e+00,1.576110839843750000e+00,1.313444018363952637e+00,1.141395330429077148e+00,1.475485324859619141e+00,1.467070937156677246e+00,1.715448379516601562e+00,2.022870540618896484e+00,2.152669906616210938e+00,2.527880668640136719e+00,2.659461975097656250e+00,3.010376691818237305e+00,3.266395330429077148e+00,3.468887090682983398e+00,3.822623014450073242e+00
5.897185802459716797e-01,3.792044222354888916e-01,0.000000000000000000e+00,3.794098794460296631e-01,5.880346894264221191e-01,7.576872110366821289e-01,1.095599889755249023e+00,1.320107221603393555e+00,1.635113000869750977e+00,1.931901812553405762e+00,2.192258596420288086e+00,2.495256423950195312e+00,2.811532258987426758e+00,3.063521146774291992e+00,3.363224744796752930e+00,1.537392854690551758e+00,1.173199534416198730e+00,1.295728445053100586e+00,1.174278736114501953e+00,8.733699321746826172e-01,1.125361680984497070e+00,1.018042325973510742e+00,1.159109115600585938e+00,1.410725951194763184e+00,1.583959937095642090e+00,1.924231171607971191e+00,2.055473566055297852e+00,2.436935424804687500e+00,2.561645030975341797e+00,2.841702699661254883e+00,2.502319097518920898e+00,2.176609277725219727e+00,2.164155006408691406e+00,1.833146691322326660e+00,1.644444465637207031e+00,1.739760637283325195e+00,1.467803359031677246e+00,1.677784800529479980e+00,1.621715068817138672e+00,1.814590930938720703e+00,1.975787162780761719e+00,2.057182788848876953e+00,2.363873958587646484e+00,2.319166183471679688e+00,2.650877714157104492e+00,2.636114835739135742e+00,2.408610582351684570e+00,2.243358135223388672e+00,1.867731094360351562e+00,1.880883932113647461e+00,1.854937553405761719e+00,1.734941005706787109e+00,2.023832559585571289e+00,1.921523809432983398e+00,2.241714000701904297e+00,2.281172752380371094e+00,2.520710706710815430e+00,2.738147258758544922e+00,2.779141187667846680e+00,3.156187057495117188e+00,1.800496101379394531e+00,1.723582029342651367e+00,1.428905963897705078e+00,1.194696664810180664e+00,1.457504868507385254e+00,1.380096316337585449e+00,1.571504473686218262e+00,1.866196990013122559e+00,1.937133431434631348e+00,2.311955451965332031e+00,2.405325174331665039e+00,2.757097959518432617e+00,2.991597414016723633e+00,3.182955980300903320e+00,3.541471719741821289e+00
8.656790852546691895e-01,6.074860095977783203e-01,3.794098794460296631e-01,0.000000000000000000e+00,3.883388936519622803e-01,5.807409286499023438e-01,8.747556805610656738e-01,1.178132653236389160e+00,1.446282505989074707e+00,1.782294750213623047e+00,2.027154684066772461e+00,2.335621595382690430e+00,2.654483795166015625e+00,2.878927707672119141e+00,3.201430559158325195e+00,1.377491116523742676e+00,1.008610606193542480e+00,1.056905388832092285e+00,8.555017113685607910e-01,5.774857997894287109e-01,8.456119894981384277e-01,7.661672234535217285e-01,1.012736678123474121e+00,1.255989909172058105e+00,1.508752107620239258e+00,1.822864890098571777e+00,2.011881589889526367e+00,2.383811235427856445e+00,2.524374723434448242e+00,2.835335731506347656e+00,2.143893718719482422e+00,1.818862318992614746e+00,1.789992570877075195e+00,1.454640030860900879e+00,1.278083324432373047e+00,1.384446978569030762e+00,1.144713997840881348e+00,1.401816487312316895e+00,1.397644519805908203e+00,1.645440697669982910e+00,1.838122725486755371e+00,1.979203343391418457e+00,2.307000160217285156e+00,2.323694229125976562e+00,2.667163610458374023e+00,2.312283515930175781e+00,2.062666654586791992e+00,1.911512970924377441e+00,1.532901287078857422e+00,1.519528388977050781e+00,1.518487930297851562e+00,1.394546389579772949e+00,1.702639341354370117e+00,1.640225291252136230e+00,1.973843455314636230e+00,2.061480760574340820e+00,2.306522846221923828e+00,2.561827659606933594e+00,2.624907732009887695e+00,3.001159667968750000e+00,1.698205232620239258e+00,1.554329872131347656e+00,1.288499236106872559e+00,9.820241928100585938e-01,1.192431926727294922e+00,1.144844293594360352e+00,1.283762812614440918e+00,1.608300805091857910e+00,1.676344752311706543e+00,2.056498050689697266e+00,2.173505544662475586e+00,2.505562543869018555e+00,2.763941764831542969e+00,2.933053493499755859e+00,3.296994447708129883e+00
1.084713816642761230e+00,7.325003743171691895e-01,5.880346894264221191e-01,3.883388936519622803e-01,0.000000000000000000e+00,3.706398010253906250e-01,5.688924193382263184e-01,8.558014631271362305e-01,1.150455594062805176e+00,1.462915062904357910e+00,1.741075158119201660e+00,2.019901514053344727e+00,2.357964038848876953e+00,2.571710586547851562e+00,2.884739875793457031e+00,1.729043602943420410e+00,1.363230705261230469e+00,1.346129179000854492e+00,1.079659938812255859e+00,7.932639718055725098e-01,9.287486672401428223e-01,6.970963478088378906e-01,9.243776798248291016e-01,1.061148643493652344e+00,1.306424975395202637e+00,1.591845989227294922e+00,1.756705880165100098e+00,2.123703002929687500e+00,2.227433681488037109e+00,2.551516056060791016e+00,2.244507074356079102e+00,1.933341026306152344e+00,1.830598831176757812e+00,1.468603372573852539e+00,1.332016587257385254e+00,1.349648118019104004e+00,1.110221028327941895e+00,1.371009230613708496e+00,1.299242138862609863e+00,1.577944755554199219e+00,1.708793282508850098e+00,1.888645172119140625e+00,2.183146238327026367e+00,2.207635164260864258e+00,2.571302890777587891e+00,2.156620502471923828e+00,1.923801183700561523e+00,1.712532043457031250e+00,1.345343708992004395e+00,1.371086955070495605e+00,1.303856253623962402e+00,1.235898017883300781e+00,1.541056990623474121e+00,1.488983988761901855e+00,1.846884131431579590e+00,1.920051097869873047e+00,2.212463617324829102e+00,2.455502986907958984e+00,2.568677186965942383e+00,2.944299221038818359e+00,1.462226033210754395e+00,1.286882996559143066e+00,9.785941243171691895e-01,6.987140178680419922e-01,8.913258910179138184e-01,7.955846786499023438e-01,9.985453486442565918e-01,1.303310990333557129e+00,1.422333836555480957e+00,1.798925042152404785e+00,1.945112228393554688e+00,2.288723707199096680e+00,2.560836791992187500e+00,2.764201879501342773e+00,3.114106655120849609e+00
1.331598877906799316e+00,1.014569163322448730e+00,7.576872110366821289e-01,5.807409286499023438e-01,3.706398010253906250e-01,0.000000000000000000e+00,3.762185871601104736e-01,6.177428960800170898e-01,8.885347247123718262e-01,1.214912652969360352e+00,1.456287622451782227e+00,1.769515991210937500e+00,2.082688570022583008e+00,2.322712898254394531e+00,2.636754989624023438e+00,1.785053372383117676e+00,1.411215305328369141e+00,1.317362189292907715e+00,1.077489972114562988e+00,7.375709414482116699e-01,7.284120321273803711e-01,4.074511826038360596e-01,5.607880353927612305e-01,7.048110961914062500e-01,9.581120014190673828e-01,1.254085898399353027e+00,1.448094367980957031e+00,1.814093351364135742e+00,1.958147764205932617e+00,2.279661417007446289e+00,2.286441564559936523e+00,1.949108600616455078e+00,1.814330935478210449e+00,1.477323293685913086e+00,1.271721601486206055e+00,1.212090611457824707e+00,9.062660932540893555e-01,1.093094944953918457e+00,9.643131494522094727e-01,1.220463156700134277e+00,1.341461300849914551e+00,1.519141793251037598e+00,1.816766023635864258e+00,1.856271028518676758e+00,2.219909191131591797e+00,2.299693107604980469e+00,2.030216693878173828e+00,1.796710968017578125e+00,1.444155454635620117e+00,1.385636329650878906e+00,1.244547843933105469e+00,1.098131895065307617e+00,1.339171528816223145e+00,1.214694142341613770e+00,1.550320029258728027e+00,1.586061954498291016e+00,1.873086810111999512e+00,2.099347352981567383e+00,2.208981037139892578e+00,2.584922552108764648e+00,1.752712607383728027e+00,1.536206364631652832e+00,1.213851809501647949e+00,9.465045332908630371e-01,1.011203885078430176e+00,7.918062806129455566e-01,9.031546711921691895e-01,1.149022340774536133e+00,1.187279820442199707e+00,1.557922124862670898e+00,1.653805255889892578e+00,2.008646726608276367e+00,2.253134250640869141e+00,2.460662126541137695e+00,2.811371326446533203e+00
1.639528155326843262e+00,1.289902567863464355e+00,1.095599889755249023e+00,8.747556805610656738e-01,5.688924193382263184e-01,3.762185871601104736e-01,0.000000000000000000e+00,3.767395317554473877e-01,5.911725163459777832e-01,9.307431578636169434e-01,1.189008474349975586e+00,1.473681926727294922e+00,1.806434750556945801e+00,2.012521266937255859e+00,2.335578918457031250e+00,2.025239467620849609e+00,1.670907855033874512e+00,1.525415420532226562e+00,1.230394959449768066e+00,9.626593589782714844e-01,8.664016127586364746e-01,5.160288810729980469e-01,6.715792417526245117e-01,6.196537017822265625e-01,9.120060801506042480e-01,1.120303869247436523e+00,1.331515908241271973e+00,1.668378114700317383e+00,1.786037087440490723e+00,2.136672496795654297e+00,2.235155344009399414e+00,1.923452854156494141e+00,1.722953557968139648e+00,1.383144497871398926e+00,1.235953688621520996e+00,1.094906687736511230e+00,8.473345637321472168e-01,1.047295570373535156e+00,8.978121876716613770e-01,1.210074424743652344e+00,1.281705021858215332e+00,1.534720540046691895e+00,1.799996256828308105e+00,1.888936638832092285e+00,2.262254238128662109e+00,2.063599824905395508e+00,1.798836350440979004e+00,1.524770259857177734e+00,1.203951954841613770e+00,1.150498032569885254e+00,9.433034062385559082e-01,8.542379736900329590e-01,1.085988044738769531e+00,1.008518338203430176e+00,1.370335578918457031e+00,1.429163575172424316e+00,1.760508894920349121e+00,1.997415423393249512e+00,2.167189598083496094e+00,2.531981468200683594e+00,1.643198490142822266e+00,1.370257496833801270e+00,1.067885041236877441e+00,8.267263174057006836e-01,7.582921981811523438e-01,4.662609696388244629e-01,5.518536567687988281e-01,7.795616388320922852e-01,8.687794208526611328e-01,1.239557504653930664e+00,1.387509346008300781e+00,1.735721707344055176e+00,2.011653900146484375e+00,2.234122753143310547e+00,2.572752475738525391e+00
1.862899422645568848e+00,1.513795495033264160e+00,1.320107221603393555e+00,1.178132653236389160e+00,8.558014631271362305e-01,6.177428960800170898e-01,3.767395317554473877e-01,0.000000000000000000e+00,3.685595989227294922e-01,6.155360937118530273e-01,9.093664884567260742e-01,1.179645061492919922e+00,1.514449834823608398e+00,1.751182198524475098e+00,2.047587633132934570e+00,2.354924440383911133e+00,1.993107199668884277e+00,1.839973688125610352e+00,1.572072029113769531e+00,1.279287815093994141e+00,1.130085229873657227e+00,7.589237093925476074e-01,7.238318920135498047e-01,5.063039660453796387e-01,6.665386557579040527e-01,8.297301530838012695e-01,9.855855703353881836e-01,1.320245504379272461e+00,1.414911389350891113e+00,1.765099048614501953e+00,2.561776161193847656e+00,2.251898288726806641e+00,2.024505853652954102e+00,1.703682661056518555e+00,1.549147725105285645e+00,1.347237586975097656e+00,1.088169097900390625e+00,1.185944914817810059e+00,9.296819567680358887e-01,1.172750949859619141e+00,1.134973526000976562e+00,1.377153396606445312e+00,1.580216407775878906e+00,1.651771068572998047e+00,2.029515743255615234e+00,2.291374206542968750e+00,2.044064044952392578e+00,1.731440663337707520e+00,1.456607937812805176e+00,1.408749461174011230e+00,1.128665804862976074e+00,1.056398749351501465e+00,1.186778545379638672e+00,1.047389507293701172e+00,1.364403247833251953e+00,1.339623570442199707e+00,1.692807555198669434e+00,1.870571255683898926e+00,2.066860437393188477e+00,2.421055316925048828e+00,1.794338822364807129e+00,1.534078955650329590e+00,1.210923910140991211e+00,1.070799708366394043e+00,9.733396172523498535e-01,6.084428429603576660e-01,6.984377503395080566e-01,7.418204545974731445e-01,8.112940192222595215e-01,1.126889109611511230e+00,1.238570094108581543e+00,1.610057950019836426e+00,1.853144764900207520e+00,2.123515129089355469e+00,2.437677621841430664e+00
2.193539381027221680e+00,1.847394704818725586e+00,1.635113000869750977e+00,1.446282505989074707e+00,1.150455594062805176e+00,8.885347247123718262e-01,5.911725163459777832e-01,3.685595989227294922e-01,0.000000000000000000e+00,3.816450238227844238e-01,5.993992686271667480e-01,8.954526185989379883e-01,1.216395020484924316e+00,1.435245037078857422e+00,1.756730079650878906e+00,2.489327669143676758e+00,2.149306058883666992e+00,1.938467025756835938e+00,1.667058706283569336e+00,1.423390984535217285e+00,1.194383978843688965e+00,8.710532188415527344e-01,8.167387843132019043e-01,4.892260134220123291e-01,6.668879389762878418e-01,6.776232123374938965e-01,9.141452312469482422e-01,1.181080222129821777e+00,1.306662082672119141e+00,1.675133585929870605e+00,2.506327629089355469e+00,2.209100484848022461e+00,1.939317703247070312e+00,1.658933639526367188e+00,1.512474060058593750e+00,1.237515926361083984e+00,1.026320934295654297e+00,1.060534119606018066e+00,7.942081093788146973e-01,1.040746092796325684e+00,9.652582406997680664e-01,1.275954127311706543e+00,1.454952955245971680e+00,1.602700233459472656e+00,1.967686891555786133e+00,2.248500823974609375e+00,1.982503771781921387e+00,1.664033651351928711e+00,1.441166281700134277e+00,1.331147789955139160e+00,9.964978098869323730e-01,9.078139066696166992e-01,9.328176975250244141e-01,7.842255234718322754e-01,1.072006821632385254e+00,1.049319267272949219e+00,1.423552870750427246e+00,1.607350111007690430e+00,1.848067045211791992e+00,2.184382915496826172e+00,2.005525112152099609e+00,1.701996326446533203e+00,1.427376270294189453e+00,1.281966328620910645e+00,1.076788663864135742e+00,7.230942249298095703e-01,6.297538280487060547e-01,5.126409530639648438e-01,4.809007942676544189e-01,7.649827003479003906e-01,8.763400316238403320e-01,1.244145989418029785e+00,1.497948169708251953e+00,1.770631670951843262e+00,2.079318046569824219e+00
2.474834203720092773e+00,2.124274969100952148e+00,1.931901812553405762e+00,1.782294750213623047e+00,1.462915062904357910e+00,1.214912652969360352e+00,9.307431578636169434e-01,6.155360937118530273e-01,3.816450238227844238e-01,0.000000000000000000e+00,3.607464432716369629e-01,5.651154518127441406e-01,9.090628623962402344e-01,1.146139264106750488e+00,1.432497620582580566e+00,2.865569114685058594e+00,2.521494388580322266e+00,2.313493967056274414e+00,2.048170328140258789e+00,1.796086668968200684e+00,1.563058853149414062e+00,1.236950993537902832e+00,1.121434807777404785e+00,7.608966231346130371e-01,7.540777325630187988e-01,6.095756888389587402e-01,7.245928645133972168e-01,9.159438014030456543e-01,9.769654273986816406e-01,1.354968786239624023e+00,2.842539548873901367e+00,2.559418916702270508e+00,2.270221471786499023e+00,2.002921581268310547e+00,1.875411868095397949e+00,1.579326629638671875e+00,1.389404058456420898e+00,1.377655863761901855e+00,1.080235481262207031e+00,1.243575453758239746e+00,1.058795452117919922e+00,1.341556310653686523e+00,1.420515298843383789e+00,1.556894063949584961e+00,1.906796693801879883e+00,2.448446035385131836e+00,2.213500022888183594e+00,1.869471788406372070e+00,1.698091268539428711e+00,1.618012547492980957e+00,1.259384989738464355e+00,1.225044965744018555e+00,1.182414054870605469e+00,1.035105228424072266e+00,1.239853262901306152e+00,1.143988490104675293e+00,1.517175436019897461e+00,1.627364635467529297e+00,1.904673933982849121e+00,2.209656238555908203e+00,2.156656980514526367e+00,1.867957711219787598e+00,1.600135684013366699e+00,1.533398628234863281e+00,1.319425702095031738e+00,9.709922075271606445e-01,9.191974401473999023e-01,6.732895374298095703e-01,6.630328297615051270e-01,7.702850103378295898e-01,8.481703996658325195e-01,1.197762012481689453e+00,1.410395860671997070e+00,1.735899567604064941e+00,1.996011495590209961e+00
2.755841493606567383e+00,2.417497158050537109e+00,2.192258596420288086e+00,2.027154684066772461e+00,1.741075158119201660e+00,1.456287622451782227e+00,1.189008474349975586e+00,9.093664884567260742e-01,5.993992686271667480e-01,3.607464432716369629e-01,0.000000000000000000e+00,3.843374550342559814e-01,6.294095516204833984e-01,8.992735743522644043e-01,1.203510880470275879e+00,2.995124578475952148e+00,2.668255567550659180e+00,2.422458410263061523e+00,2.181053638458251953e+00,1.952031373977661133e+00,1.667679667472839355e+00,1.390268206596374512e+00,1.235826730728149414e+00,8.688871860504150391e-01,8.273208141326904297e-01,5.470003485679626465e-01,7.187370657920837402e-01,7.864486575126647949e-01,9.235095977783203125e-01,1.281142950057983398e+00,2.902232408523559570e+00,2.621784210205078125e+00,2.318142890930175781e+00,2.097488164901733398e+00,1.951555848121643066e+00,1.618562221527099609e+00,1.450881123542785645e+00,1.355746984481811523e+00,1.059076070785522461e+00,1.151694059371948242e+00,9.149117469787597656e-01,1.212464451789855957e+00,1.242738127708435059e+00,1.445222020149230957e+00,1.762447834014892578e+00,2.610719680786132812e+00,2.355388402938842773e+00,2.027492523193359375e+00,1.887170314788818359e+00,1.747641324996948242e+00,1.380707740783691406e+00,1.300059914588928223e+00,1.150440931320190430e+00,9.648246169090270996e-01,1.059763312339782715e+00,9.091469645500183105e-01,1.263788461685180664e+00,1.337005138397216797e+00,1.645494103431701660e+00,1.921237349510192871e+00,2.489423274993896484e+00,2.183150768280029297e+00,1.933631658554077148e+00,1.841863632202148438e+00,1.596422553062438965e+00,1.263113737106323242e+00,1.122790336608886719e+00,8.298274874687194824e-01,6.714835762977600098e-01,6.212224364280700684e-01,5.704562067985534668e-01,9.033139348030090332e-01,1.068651676177978516e+00,1.409619450569152832e+00,1.655372858047485352e+00
3.039890766143798828e+00,2.688029766082763672e+00,2.495256423950195312e+00,2.335621595382690430e+00,2.019901514053344727e+00,1.769515991210937500e+00,1.473681926727294922e+00,1.179645061492919922e+00,8.954526185989379883e-01,5.651154518127441406e-01,3.843374550342559814e-01,0.000000000000000000e+00,3.811008036136627197e-01,5.928350687026977539e-01,8.687319159507751465e-01,3.347561836242675781e+00,3.020386695861816406e+00,2.778529405593872070e+00,2.518353939056396484e+00,2.298882484436035156e+00,2.027698040008544922e+00,1.740445375442504883e+00,1.605669260025024414e+00,1.235925555229187012e+00,1.168836593627929688e+00,8.726257681846618652e-01,9.111223816871643066e-01,8.544678092002868652e-01,8.561090826988220215e-01,1.195669531822204590e+00,3.148244380950927734e+00,2.894618749618530273e+00,2.569828271865844727e+00,2.354463815689086914e+00,2.252885341644287109e+00,1.913661479949951172e+00,1.786617279052734375e+00,1.711880683898925781e+00,1.434558987617492676e+00,1.526410341262817383e+00,1.271385788917541504e+00,1.543318986892700195e+00,1.506562471389770508e+00,1.693604230880737305e+00,1.981870651245117188e+00,2.678901195526123047e+00,2.462370634078979492e+00,2.117593526840209961e+00,2.033556461334228516e+00,1.933840513229370117e+00,1.561196565628051758e+00,1.555714488029479980e+00,1.396373510360717773e+00,1.277881264686584473e+00,1.347218513488769531e+00,1.211010456085205078e+00,1.541218638420104980e+00,1.575030326843261719e+00,1.910736083984375000e+00,2.142777204513549805e+00,2.570942878723144531e+00,2.271127223968505859e+00,2.052365064620971680e+00,2.021097183227539062e+00,1.754921078681945801e+00,1.448846459388732910e+00,1.333443045616149902e+00,9.885146617889404297e-01,9.194658994674682617e-01,7.567755579948425293e-01,7.617969512939453125e-01,9.785368442535400391e-01,1.121438860893249512e+00,1.484711170196533203e+00,1.657953977584838867e+00
3.368005990982055664e+00,3.026045322418212891e+00,2.811532258987426758e+00,2.654483795166015625e+00,2.357964038848876953e+00,2.082688570022583008e+00,1.806434750556945801e+00,1.514449834823608398e+00,1.216395020484924316e+00,9.090628623962402344e-01,6.294095516204833984e-01,3.811008036136627197e-01,0.000000000000000000e+00,3.766512870788574219e-01,5.993191003799438477e-01,3.598096370697021484e+00,3.281551361083984375e+00,3.018887519836425781e+00,2.782370567321777344e+00,2.571110486984252930e+00,2.271638870239257812e+00,2.013642311096191406e+00,1.844041585922241211e+00,1.482957720756530762e+00,1.374295830726623535e+00,1.029505372047424316e+00,1.046788334846496582e+00,8.532484173774719238e-01,8.832950592041015625e-01,1.139782428741455078e+00,3.370638847351074219e+00,3.120290040969848633e+00,2.790487289428710938e+00,2.610902786254882812e+00,2.493814468383789062e+00,2.138006448745727539e+00,2.020896434783935547e+00,1.887556672096252441e+00,1.615371465682983398e+00,1.635444641113281250e+00,1.345195174217224121e+00,1.578953623771667480e+00,1.467502832412719727e+00,1.682611346244812012e+00,1.913972258567810059e+00,2.972584724426269531e+00,2.748406171798706055e+00,2.417957544326782227e+00,2.354945898056030273e+00,2.222154140472412109e+00,1.853060364723205566e+00,1.817127704620361328e+00,1.596535205841064453e+00,1.454962491989135742e+00,1.424636483192443848e+00,1.239073872566223145e+00,1.502452492713928223e+00,1.460512280464172363e+00,1.809041738510131836e+00,1.983827948570251465e+00,2.950088262557983398e+00,2.646898508071899414e+00,2.432525873184204102e+00,2.391866207122802734e+00,2.118036746978759766e+00,1.813779234886169434e+00,1.666955471038818359e+00,1.317896604537963867e+00,1.182062983512878418e+00,9.368974566459655762e-01,8.230513334274291992e-01,9.245595932006835938e-01,9.419379234313964844e-01,1.315195083618164062e+00,1.420890331268310547e+00
3.613629102706909180e+00,3.259137392044067383e+00,3.063521146774291992e+00,2.878927707672119141e+00,2.571710586547851562e+00,2.322712898254394531e+00,2.012521266937255859e+00,1.751182198524475098e+00,1.435245037078857422e+00,1.146139264106750488e+00,8.992735743522644043e-01,5.928350687026977539e-01,3.766512870788574219e-01,0.000000000000000000e+00,3.789877891540527344e-01,3.799818754196166992e+00,3.496288537979125977e+00,3.222307682037353516e+00,2.964948892593383789e+00,2.787802934646606445e+00,2.490935087203979492e+00,2.245592594146728516e+00,2.121702432632446289e+00,1.760366201400756836e+00,1.702854156494140625e+00,1.371267199516296387e+00,1.409296274185180664e+00,1.223862767219543457e+00,1.205674767494201660e+00,1.438598155975341797e+00,3.404372930526733398e+00,3.188790082931518555e+00,2.838601827621459961e+00,2.681868314743041992e+00,2.611933708190917969e+00,2.250041484832763672e+00,2.191380977630615234e+00,2.081847190856933594e+00,1.853252410888671875e+00,1.910433292388916016e+00,1.652213811874389648e+00,1.914021968841552734e+00,1.816249608993530273e+00,2.050330877304077148e+00,2.270782470703125000e+00,2.899729490280151367e+00,2.700525045394897461e+00,2.377768039703369141e+00,2.374434471130371094e+00,2.252298593521118164e+00,1.894701004028320312e+00,1.910479068756103516e+00,1.672641515731811523e+00,1.605726242065429688e+00,1.564282178878784180e+00,1.443069696426391602e+00,1.692651629447937012e+00,1.677077531814575195e+00,2.044375658035278320e+00,2.187597036361694336e+00,3.022660255432128906e+00,2.707916498184204102e+00,2.539603233337402344e+00,2.517055034637451172e+00,2.208401918411254883e+00,1.946774959564208984e+00,1.777081251144409180e+00,1.406227111816406250e+00,1.307246685028076172e+00,9.954522252082824707e-01,9.560745954513549805e-01,9.341913461685180664e-01,9.776265621185302734e-01,1.310708880424499512e+00,1.353569746017456055e+00
3.905164241790771484e+00,3.551397800445556641e+00,3.363224744796752930e+00,3.201430559158325195e+00,2.884739875793457031e+00,2.636754989624023438e+00,2.335578918457031250e+00,2.047587633132934570e+00,1.756730079650878906e+00,1.432497620582580566e+00,1.203510880470275879e+00,8.687319159507751465e-01,5.993191003799438477e-01,3.789877891540527344e-01,0.000000000000000000e+00,4.157427310943603516e+00,3.846970081329345703e+00,3.579248189926147461e+00,3.326402902603149414e+00,3.134297370910644531e+00,2.839726924896240234e+00,2.582523584365844727e+00,2.434685230255126953e+00,2.070241212844848633e+00,1.964145302772521973e+00,1.621553540229797363e+00,1.585390567779541016e+00,1.332018852233886719e+00,1.246468305587768555e+00,1.392003655433654785e+00,3.781049251556396484e+00,3.567710399627685547e+00,3.216834783554077148e+00,3.058743000030517578e+00,2.987894296646118164e+00,2.626607179641723633e+00,2.556918144226074219e+00,2.437583923339843750e+00,2.191757440567016602e+00,2.217767953872680664e+00,1.930352807044982910e+00,2.148594856262207031e+00,1.993281722068786621e+00,2.196552991867065430e+00,2.378994941711425781e+00,3.219092607498168945e+00,3.040916204452514648e+00,2.712579488754272461e+00,2.720737218856811523e+00,2.617589712142944336e+00,2.259684562683105469e+00,2.284907341003417969e+00,2.051139354705810547e+00,1.972928285598754883e+00,1.916639328002929688e+00,1.764322638511657715e+00,1.984429597854614258e+00,1.912308812141418457e+00,2.268261909484863281e+00,2.373223304748535156e+00,3.281759023666381836e+00,2.985996961593627930e+00,2.817351579666137695e+00,2.826225519180297852e+00,2.530456066131591797e+00,2.265619754791259766e+00,2.125893354415893555e+00,1.754980444908142090e+00,1.674340724945068359e+00,1.373170852661132812e+00,1.313585162162780762e+00,1.272750377655029297e+00,1.240397095680236816e+00,1.556939959526062012e+00,1.522855162620544434e+00
1.656147122383117676e+00,1.711680531501770020e+00,1.537392854690551758e+00,1.377491116523742676e+00,1.729043602943420410e+00,1.785053372383117676e+00,2.025239467620849609e+00,2.354924440383911133e+00,2.489327669143676758e+00,2.865569114685058594e+00,2.995124578475952148e+00,3.347561836242675781e+00,3.598096370697021484e+00,3.799818754196166992e+00,4.157427310943603516e+00,0.000000000000000000e+00,3.841963112354278564e-01,5.857895016670227051e-01,8.609353303909301758e-01,1.077476859092712402e+00,1.330335736274719238e+00,1.636218786239624023e+00,1.873137354850769043e+00,2.200339794158935547e+00,2.490097045898437500e+00,2.775178194046020508e+00,3.058804273605346680e+00,3.393083095550537109e+00,3.629035234451293945e+00,3.929697990417480469e+00,1.710583686828613281e+00,1.426684856414794922e+00,1.668817400932312012e+00,1.577232360839843750e+00,1.375919461250305176e+00,1.691963434219360352e+00,1.620337367057800293e+00,1.791206002235412598e+00,2.021743297576904297e+00,2.179816246032714844e+00,2.513862609863281250e+00,2.606222391128540039e+00,2.987538337707519531e+00,3.064855098724365234e+00,3.324642181396484375e+00,2.803593158721923828e+00,2.510054111480712891e+00,2.553753852844238281e+00,2.233566045761108398e+00,2.082532644271850586e+00,2.245210409164428711e+00,2.022506475448608398e+00,2.260148048400878906e+00,2.236180305480957031e+00,2.438561439514160156e+00,2.610050201416015625e+00,2.683455467224121094e+00,2.984983682632446289e+00,2.922561883926391602e+00,3.244457244873046875e+00,2.786325454711914062e+00,2.634041309356689453e+00,2.493072032928466797e+00,2.136443853378295898e+00,2.254651069641113281e+00,2.291968107223510742e+00,2.248949050903320312e+00,2.574303150177001953e+00,2.519426822662353516e+00,2.850107431411743164e+00,2.907106161117553711e+00,3.139268159866333008e+00,3.360703945159912109e+00,3.382766008377075195e+00,3.758942365646362305e+00
1.368612766265869141e+00,1.381238579750061035e+00,1.173199534416198730e+00,1.008610606193542480e+00,1.363230705261230469e+00,1.411215305328369141e+00,1.670907855033874512e+00,1.993107199668884277e+00,2.149306058883666992e+00,2.521494388580322266e+00,2.668255567550659180e+00,3.020386695861816406e+00,3.281551361083984375e+00,3.496288537979125977e+00,3.846970081329345703e+00,3.841963112354278564e-01,0.000000000000000000e+00,3.790643811225891113e-01,6.040073037147521973e-01,7.260602712631225586e-01,1.015760302543640137e+00,1.288680791854858398e+00,1.523810148239135742e+00,1.854990839958190918e+00,2.137573957443237305e+00,2.434649944305419922e+00,2.703717708587646484e+00,3.047108411788940430e+00,3.271748781204223633e+00,3.571680545806884766e+00,1.775070071220397949e+00,1.448701024055480957e+00,1.613333940505981445e+00,1.446697354316711426e+00,1.209896087646484375e+00,1.487421393394470215e+00,1.354382514953613281e+00,1.539844751358032227e+00,1.726469039916992188e+00,1.897296547889709473e+00,2.213243007659912109e+00,2.308897256851196289e+00,2.686886310577392578e+00,2.749835491180419922e+00,3.027681112289428711e+00,2.663722991943359375e+00,2.366245508193969727e+00,2.357326030731201172e+00,2.012795209884643555e+00,1.874179601669311523e+00,1.993945956230163574e+00,1.769187808036804199e+00,2.020919084548950195e+00,1.972127795219421387e+00,2.203166007995605469e+00,2.350964307785034180e+00,2.459819316864013672e+00,2.751469135284423828e+00,2.710788011550903320e+00,3.052441835403442383e+00,2.512065649032592773e+00,2.354928016662597656e+00,2.179302215576171875e+00,1.824977040290832520e+00,1.954000115394592285e+00,1.961146354675292969e+00,1.942588090896606445e+00,2.267172813415527344e+00,2.222739219665527344e+00,2.568354606628417969e+00,2.627627372741699219e+00,2.887945175170898438e+00,3.113074779510498047e+00,3.170516967773437500e+00,3.549122810363769531e+00
1.617388010025024414e+00,1.553021788597106934e+00,1.295728445053100586e+00,1.056905388832092285e+00,1.346129179000854492e+00,1.317362189292907715e+00,1.525415420532226562e+00,1.839973688125610352e+00,1.938467025756835938e+00,2.313493967056274414e+00,2.422458410263061523e+00,2.778529405593872070e+00,3.018887519836425781e+00,3.222307682037353516e+00,3.579248189926147461e+00,5.857895016670227051e-01,3.790643811225891113e-01,0.000000000000000000e+00,3.784906268119812012e-01,5.813027024269104004e-01,7.594101428985595703e-01,1.095041751861572266e+00,1.332800507545471191e+00,1.644875407218933105e+00,1.949675321578979492e+00,2.214881420135498047e+00,2.516960859298706055e+00,2.839161396026611328e+00,3.083319187164306641e+00,3.390446424484252930e+00,1.575098156929016113e+00,1.215460896492004395e+00,1.340376138687133789e+00,1.200660228729248047e+00,9.080031514167785645e-01,1.166499733924865723e+00,1.048959493637084961e+00,1.208416700363159180e+00,1.438634157180786133e+00,1.613075375556945801e+00,1.946813344955444336e+00,2.070055723190307617e+00,2.452083587646484375e+00,2.558977365493774414e+00,2.834985256195068359e+00,2.532690525054931641e+00,2.203291416168212891e+00,2.186361789703369141e+00,1.857218384742736816e+00,1.656519889831542969e+00,1.757693290710449219e+00,1.493413209915161133e+00,1.707871437072753906e+00,1.657091021537780762e+00,1.862539172172546387e+00,2.028741359710693359e+00,2.121128559112548828e+00,2.428204059600830078e+00,2.395789861679077148e+00,2.731170177459716797e+00,2.549626350402832031e+00,2.340285539627075195e+00,2.162559986114501953e+00,1.791479349136352539e+00,1.845627665519714355e+00,1.825981020927429199e+00,1.741148233413696289e+00,2.040747165679931641e+00,1.954704046249389648e+00,2.279785394668579102e+00,2.324033260345458984e+00,2.561992406845092773e+00,2.781437158584594727e+00,2.818410873413085938e+00,3.196272850036621094e+00
1.550714969635009766e+00,1.406059622764587402e+00,1.174278736114501953e+00,8.555017113685607910e-01,1.079659938812255859e+00,1.077489972114562988e+00,1.230394959449768066e+00,1.572072029113769531e+00,1.667058706283569336e+00,2.048170328140258789e+00,2.181053638458251953e+00,2.518353939056396484e+00,2.782370567321777344e+00,2.964948892593383789e+00,3.326402902603149414e+00,8.609353303909301758e-01,6.040073037147521973e-01,3.784906268119812012e-01,0.000000000000000000e+00,3.874088525772094727e-01,5.848687887191772461e-01,8.685194253921508789e-01,1.180901765823364258e+00,1.446139574050903320e+00,1.785678267478942871e+00,2.035478353500366211e+00,2.338681221008300781e+00,2.663250207901000977e+00,2.879992246627807617e+00,3.208011865615844727e+00,1.432204365730285645e+00,1.069012403488159180e+00,1.118367314338684082e+00,8.990116715431213379e-01,6.321779489517211914e-01,8.961116671562194824e-01,7.991602420806884766e-01,1.055841684341430664e+00,1.276469588279724121e+00,1.527574419975280762e+00,1.835689306259155273e+00,2.017036914825439453e+00,2.390217065811157227e+00,2.513328075408935547e+00,2.820723772048950195e+00,2.182622194290161133e+00,1.855323672294616699e+00,1.818495035171508789e+00,1.482422709465026855e+00,1.296756267547607422e+00,1.404533386230468750e+00,1.172905921936035156e+00,1.434249162673950195e+00,1.429785966873168945e+00,1.688746213912963867e+00,1.880818128585815430e+00,2.031696081161499023e+00,2.356622457504272461e+00,2.383297920227050781e+00,2.730484008789062500e+00,2.218206882476806641e+00,1.987183809280395508e+00,1.822324395179748535e+00,1.446189522743225098e+00,1.478087544441223145e+00,1.481632947921752930e+00,1.396689534187316895e+00,1.715667963027954102e+00,1.669918537139892578e+00,2.008110761642456055e+00,2.098431348800659180e+00,2.343964815139770508e+00,2.599551916122436523e+00,2.660192489624023438e+00,3.037135362625122070e+00
1.342866301536560059e+00,1.164474844932556152e+00,8.733699321746826172e-01,5.774857997894287109e-01,7.932639718055725098e-01,7.375709414482116699e-01,9.626593589782714844e-01,1.279287815093994141e+00,1.423390984535217285e+00,1.796086668968200684e+00,1.952031373977661133e+00,2.298882484436035156e+00,2.571110486984252930e+00,2.787802934646606445e+00,3.134297370910644531e+00,1.077476859092712402e+00,7.260602712631225586e-01,5.813027024269104004e-01,3.874088525772094727e-01,0.000000000000000000e+00,3.714568912982940674e-01,5.690445303916931152e-01,8.563327789306640625e-01,1.153298616409301758e+00,1.465003132820129395e+00,1.747729659080505371e+00,2.023004293441772461e+00,2.365082263946533203e+00,2.575411796569824219e+00,2.892030715942382812e+00,1.786003947257995605e+00,1.420889258384704590e+00,1.405350565910339355e+00,1.135464072227478027e+00,8.478474020957946777e-01,9.806848168373107910e-01,7.397876977920532227e-01,9.663053750991821289e-01,1.080437779426574707e+00,1.317315220832824707e+00,1.594745993614196777e+00,1.751095771789550781e+00,2.117490291595458984e+00,2.204041957855224609e+00,2.523229837417602539e+00,2.315441131591796875e+00,1.999146580696105957e+00,1.890700936317443848e+00,1.530629754066467285e+00,1.375420331954956055e+00,1.391592741012573242e+00,1.151052236557006836e+00,1.406985163688659668e+00,1.328883409500122070e+00,1.610522508621215820e+00,1.738840579986572266e+00,1.921302676200866699e+00,2.211113452911376953e+00,2.242021799087524414e+00,2.607070922851562500e+00,2.112849235534667969e+00,1.893766403198242188e+00,1.664746522903442383e+00,1.305996537208557129e+00,1.368034839630126953e+00,1.295577883720397949e+00,1.263456106185913086e+00,1.568176984786987305e+00,1.524581193923950195e+00,1.882972955703735352e+00,1.953735232353210449e+00,2.244601964950561523e+00,2.484798669815063477e+00,2.592676639556884766e+00,2.968677997589111328e+00
1.655009746551513672e+00,1.442740201950073242e+00,1.125361680984497070e+00,8.456119894981384277e-01,9.287486672401428223e-01,7.284120321273803711e-01,8.664016127586364746e-01,1.130085229873657227e+00,1.194383978843688965e+00,1.563058853149414062e+00,1.667679667472839355e+00,2.027698040008544922e+00,2.271638870239257812e+00,2.490935087203979492e+00,2.839726924896240234e+00,1.330335736274719238e+00,1.015760302543640137e+00,7.594101428985595703e-01,5.848687887191772461e-01,3.714568912982940674e-01,0.000000000000000000e+00,3.767508864402770996e-01,6.208171844482421875e-01,8.930139541625976562e-01,1.221929907798767090e+00,1.468393087387084961e+00,1.779785871505737305e+00,2.096906900405883789e+00,2.334692955017089844e+00,2.652034044265747070e+00,1.812478303909301758e+00,1.437420010566711426e+00,1.350165009498596191e+00,1.109326362609863281e+00,7.674117684364318848e-01,7.680635452270507812e-01,4.477241635322570801e-01,6.028255820274353027e-01,7.240906953811645508e-01,9.674217104911804199e-01,1.259245753288269043e+00,1.443860411643981934e+00,1.811982631683349609e+00,1.941402912139892578e+00,2.257575750350952148e+00,2.338702678680419922e+00,1.997490882873535156e+00,1.859108448028564453e+00,1.525278925895690918e+00,1.303447246551513672e+00,1.247969269752502441e+00,9.415429830551147461e-01,1.124917268753051758e+00,9.941468834877014160e-01,1.251790046691894531e+00,1.372798919677734375e+00,1.550249814987182617e+00,1.844471335411071777e+00,1.888027310371398926e+00,2.252582550048828125e+00,2.259784936904907227e+00,1.997562408447265625e+00,1.756699681282043457e+00,1.408939361572265625e+00,1.377872943878173828e+00,1.236442208290100098e+00,1.121235132217407227e+00,1.366636991500854492e+00,1.250868916511535645e+00,1.587357401847839355e+00,1.621527194976806641e+00,1.904881954193115234e+00,2.128765583038330078e+00,2.231291770935058594e+00,2.607638120651245117e+00
