,A1,A2,A3,A4,A5,A6,A7,A8,A9,A10,A11,A12,A13,A14,A15,B1,B2,B3,B4,B5,B6,B7,B8,B9,B10,B11,B12,B13,B14,B15,C1,C2,C3,C4,C5,C6,C7,C8,C9,C10,C11,C12,C13,C14,C15,D1,D2,D3,D4,D5,D6,D7,D8,D9,D10,D11,D12,D13,D14,D15,E1,E2,E3,E4,E5,E6,E7,E8,E9,E10,E11,E12,E13,E14,E15
A1,0.0,0.3783370852470398,0.6154510974884033,0.924952507019043,1.1444889307022095,0.9869452118873596,0.9044230580329895,0.6566040515899658,0.6404839754104614,0.6655001044273376,0.8209829330444336,1.1314858198165894,1.2964580059051514,1.6500229835510254,1.8714954853057861,1.7713682651519775,1.591961145401001,1.3491365909576416,1.5075101852416992,1.2587388753890991,1.3265665769577026,1.0584306716918945,1.26409113407135,1.2007976770401,1.4580845832824707,1.6319687366485596,1.8098422288894653,2.1697499752044678,2.2762949466705322,2.6528077125549316,1.8474246263504028,2.0064446926116943,1.8371011018753052,2.1558609008789062,2.1659996509552,2.1722702980041504,1.8251316547393799,1.7268730401992798,1.3580775260925293,1.350792646408081,1.1120085716247559,1.1554979085922241,1.2518155574798584,1.234360933303833,1.6143300533294678,1.8426713943481445,1.7607007026672363,1.4132899045944214,1.5230768918991089,1.4685068130493164,1.6971803903579712,1.466687560081482,1.6132259368896484,1.4001022577285767,1.6772193908691406,1.6911811828613281,1.935390591621399,2.17997145652771,2.2996938228607178,2.6915950775146484,1.1186883449554443,1.3628190755844116,1.2968350648880005,1.4844586849212646,1.78665292263031,1.8221631050109863,1.6915442943572998,1.5175727605819702,1.2619515657424927,1.3401496410369873,1.2030819654464722,1.5660719871520996,1.5801624059677124,1.920399785041809,2.1458592414855957
A2,0.3783370852470398,0.0,0.37874606251716614,0.6227347254753113,0.8041282296180725,0.6241258382797241,0.6339560747146606,0.5055353045463562,0.6639246344566345,0.8335859179496765,1.0850107669830322,1.3960936069488525,1.6214749813079834,1.954517126083374,2.1988987922668457,1.883217692375183,1.773197054862976,1.5296188592910767,1.7377766370773315,1.5445667505264282,1.6122885942459106,1.3048096895217896,1.4364243745803833,1.2791204452514648,1.4831254482269287,1.57468581199646,1.7196532487869263,2.052955150604248,2.113032102584839,2.5009257793426514,1.630366325378418,1.846421241760254,1.7187573909759521,2.056218385696411,2.1263208389282227,2.1092448234558105,1.781535267829895,1.627651572227478,1.242599368095398,1.1875485181808472,0.8748374581336975,0.9556690454483032,0.9809576869010925,1.0339531898498535,1.4068188667297363,1.659378170967102,1.5155198574066162,1.147975206375122,1.1962188482284546,1.1231873035430908,1.3900446891784668,1.2136772871017456,1.4208680391311646,1.2807631492614746,1.613434076309204,1.7015023231506348,1.9795951843261719,2.2595815658569336,2.41920804977417,2.8056087493896484,1.2676705121994019,1.5441124439239502,1.475081443786621,1.7215863466262817,1.978439450263977,1.9980510473251343,1.8044536113739014,1.6010453701019287,1.2823143005371094,1.293832778930664,1.058288335800171,1.3811049461364746,1.3372606039047241,1.6507340669631958,1.8784092664718628
A3,0.6154510974884033,0.37874606251716614,0.0,0.39495471119880676,0.5690937638282776,0.5663996338844299,0.5225623250007629,0.5792378187179565,0.6264986991882324,0.9309818148612976,1.1363437175750732,1.4906588792800903,1.7318239212036133,2.044419527053833,2.3346924781799316,1.746617078781128,1.6788454055786133,1.400493860244751,1.6158663034439087,1.4938794374465942,1.6074031591415405,1.304679036140442,1.4135719537734985,1.1834818124771118,1.4064304828643799,1.4312176704406738,1.6312347650527954,1.9223577976226807,2.0093798637390137,2.4049570560455322,1.3765240907669067,1.5768061876296997,1.4164226055145264,1.7329524755477905,1.8354138135910034,1.8521091938018799,1.5547055006027222,1.430413842201233,1.0458565950393677,1.0800144672393799,0.8084827065467834,1.0394951105117798,1.113830327987671,1.2752171754837036,1.639865517616272,1.3021363019943237,1.1652474403381348,0.8176872134208679,0.9515224695205688,0.888124942779541,1.0865672826766968,0.8644691109657288,1.0445187091827393,0.9106854796409607,1.2542152404785156,1.3821247816085815,1.6668531894683838,1.9695526361465454,2.150688648223877,2.5284252166748047,1.0899420976638794,1.359358787536621,1.2903534173965454,1.594667911529541,1.7977098226547241,1.7875862121582031,1.5457582473754883,1.325792670249939,0.9744991660118103,0.961801290512085,0.7056564688682556,1.0406432151794434,1.056028962135315,1.3600399494171143,1.6342874765396118
A4,0.924952507019043,0.6227347254753113,0.39495471119880676,0.0,0.3789914548397064,0.5494045615196228,0.7146535515785217,0.893014132976532,1.0107414722442627,1.3194971084594727,1.528294324874878,1.8845139741897583,2.116481304168701,2.435748338699341,2.719538450241089,2.0854134559631348,2.042607307434082,1.7500901222229004,1.9467434883117676,1.8400391340255737,1.985283613204956,1.6935303211212158,1.7984026670455933,1.5434424877166748,1.740852952003479,1.704776644706726,1.882578730583191,2.131077527999878,2.176170825958252,2.5726144313812256,1.4514251947402954,1.6979271173477173,1.5600919723510742,1.8517166376113892,2.0218217372894287,2.051607370376587,1.7977842092514038,1.6555496454238892,1.287992000579834,1.302223801612854,0.9927754998207092,1.2386029958724976,1.2046748399734497,1.3972777128219604,1.7169562578201294,1.307268738746643,1.070784568786621,0.7577822208404541,0.8247312903404236,0.6161409616470337,0.8236849308013916,0.6605138182640076,0.9571107029914856,0.9760765433311462,1.3281008005142212,1.548811435699463,1.8055312633514404,2.149686574935913,2.327524185180664,2.6948184967041016,1.2662333250045776,1.577878475189209,1.5710045099258423,1.9091343879699707,2.088189125061035,2.026951551437378,1.7583975791931152,1.4868175983428955,1.1395609378814697,0.9907702207565308,0.6370981335639954,0.8397325277328491,0.7320725321769714,1.0290327072143555,1.2698726654052734
A5,1.1444889307022095,0.8041282296180725,0.5690937638282776,0.3789914548397064,0.0,0.37708935141563416,0.5604361295700073,0.8688035607337952,1.04279625415802,1.3821433782577515,1.6404078006744385,1.9673576354980469,2.2527647018432617,2.5400919914245605,2.846865177154541,2.043609619140625,2.067401647567749,1.8159130811691284,2.069275379180908,2.0075786113739014,2.1076462268829346,1.7861580848693848,1.813610315322876,1.5087038278579712,1.6321182250976562,1.5253758430480957,1.6592845916748047,1.8673896789550781,1.8759183883666992,2.267601251602173,1.146531105041504,1.4390232563018799,1.3720464706420898,1.6837457418441772,1.8873738050460815,1.8674603700637817,1.6389718055725098,1.4440923929214478,1.1056784391403198,1.0766197443008423,0.7764918804168701,1.0670926570892334,1.0315371751785278,1.3089263439178467,1.595497727394104,1.1226747035980225,0.8486434817314148,0.5058788061141968,0.4555850625038147,0.332217812538147,0.6199682950973511,0.5895047187805176,0.8872449398040771,0.9570010900497437,1.3356214761734009,1.571874976158142,1.8774433135986328,2.204228639602661,2.4333925247192383,2.7810909748077393,1.5300755500793457,1.794154167175293,1.7241030931472778,2.059131622314453,2.1963253021240234,2.1714537143707275,1.869874119758606,1.6421363353729248,1.264721393585205,1.154076099395752,0.7924655675888062,0.936660885810852,0.8406931161880493,1.020556092262268,1.3120808601379395
A6,0.9869452118873596,0.6241258382797241,0.5663996338844299,0.5494045615196228,0.37708935141563416,0.0,0.373637855052948,0.6180911660194397,0.9077657461166382,1.188928484916687,1.5056530237197876,1.7905826568603516,2.0930161476135254,2.3792927265167236,2.6635427474975586,2.010519504547119,2.0174145698547363,1.8063422441482544,2.0851852893829346,1.9816464185714722,2.0250508785247803,1.680472731590271,1.692083716392517,1.4210678339004517,1.5092042684555054,1.4524258375167847,1.525538444519043,1.7827744483947754,1.763144850730896,2.1532251834869385,1.227819800376892,1.5327680110931396,1.5070927143096924,1.860630750656128,2.0159506797790527,1.9435299634933472,1.6707334518432617,1.429703950881958,1.0767747163772583,0.938373327255249,0.5630679130554199,0.7471150159835815,0.6743237972259521,0.9330706596374512,1.2337740659713745,1.380802869796753,1.1533538103103638,0.779390275478363,0.6530898213386536,0.639491081237793,0.9774141907691956,0.9570106267929077,1.2192373275756836,1.2069849967956543,1.5896077156066895,1.7624388933181763,2.0918078422546387,2.3881967067718506,2.6174228191375732,2.976574659347534,1.6511049270629883,1.908738136291504,1.8011629581451416,2.0921990871429443,2.2679946422576904,2.29225754737854,2.0212013721466064,1.8251869678497314,1.4471476078033447,1.4065086841583252,1.0740644931793213,1.285124659538269,1.1831263303756714,1.3822051286697388,1.6424707174301147
A7,0.9044230580329895,0.6339560747146606,0.5225623250007629,0.7146535515785217,0.5604361295700073,0.373637855052948,0.0,0.3695409595966339,0.6003758907318115,0.909195601940155,1.2238829135894775,1.4959228038787842,1.8246535062789917,2.082498788833618,2.3918166160583496,1.6432795524597168,1.6652469635009766,1.4802442789077759,1.7891035079956055,1.7137129306793213,1.7245053052902222,1.3710756301879883,1.343400478363037,1.055660367012024,1.1386704444885254,1.0963494777679443,1.2040051221847534,1.4875707626342773,1.5238237380981445,1.9189506769180298,1.0244485139846802,1.2781449556350708,1.236091136932373,1.607007384300232,1.7148289680480957,1.628143310546875,1.3296096324920654,1.098023533821106,0.7301849126815796,0.6198606491088867,0.290664404630661,0.5864933729171753,0.7279359102249146,0.9893491864204407,1.3271270990371704,1.2308348417282104,1.1022064685821533,0.725974440574646,0.7241625785827637,0.8493953943252563,1.1044844388961792,1.0099060535430908,1.1653696298599243,1.050044298171997,1.4154448509216309,1.5232810974121094,1.8791426420211792,2.136317253112793,2.38277006149292,2.7363100051879883,1.5246955156326294,1.721994400024414,1.5526150465011597,1.8177740573883057,1.977246880531311,2.044606924057007,1.7801733016967773,1.6402816772460938,1.2640613317489624,1.3192217350006104,1.0555509328842163,1.3364635705947876,1.342729091644287,1.5519415140151978,1.8627033233642578
A8,0.6566040515899658,0.5055353045463562,0.5792378187179565,0.893014132976532,0.8688035607337952,0.6180911660194397,0.3695409595966339,0.0,0.3850526213645935,0.5848250985145569,0.9369233846664429,1.1825799942016602,1.5051268339157104,1.7746647596359253,2.0604164600372314,1.546067476272583,1.5035650730133057,1.3411911725997925,1.6397215127944946,1.5075312852859497,1.4775843620300293,1.1194230318069458,1.1224802732467651,0.919399619102478,1.03529691696167,1.1199986934661865,1.2253540754318237,1.5735893249511719,1.6385774612426758,2.0193164348602295,1.2995902299880981,1.498702883720398,1.4293707609176636,1.7989505529403687,1.8364144563674927,1.7486320734024048,1.4060819149017334,1.2054247856140137,0.8426400423049927,0.7244499325752258,0.474105566740036,0.5443001389503479,0.7534724473953247,0.8809973001480103,1.2593188285827637,1.509229063987732,1.4298596382141113,1.0604420900344849,1.0931304693222046,1.1840779781341553,1.4440546035766602,1.301582932472229,1.4348186254501343,1.245171308517456,1.5780998468399048,1.6126086711883545,1.9537261724472046,2.179419994354248,2.396419048309326,2.762470245361328,1.4710338115692139,1.6526292562484741,1.4670127630233765,1.674854040145874,1.8859591484069824,1.9876291751861572,1.7775951623916626,1.6635438203811646,1.3224420547485352,1.43660569190979,1.2289215326309204,1.5656037330627441,1.5860079526901245,1.842792272567749,2.1346561908721924
A9,0.6404839754104614,0.6639246344566345,0.6264986991882324,1.0107414722442627,1.04279625415802,0.9077657461166382,0.6003758907318115,0.3850526213645935,0.0,0.3771737515926361,0.627953290939331,0.9294367432594299,1.2413753271102905,1.5035440921783447,1.8233065605163574,1.2275495529174805,1.1495354175567627,0.9598203301429749,1.2557674646377563,1.1438292264938354,1.1282750368118286,0.7756454944610596,0.8114641904830933,0.615345299243927,0.8475601673126221,0.9942742586135864,1.2071993350982666,1.556474208831787,1.7070958614349365,2.078958034515381,1.3178144693374634,1.4257830381393433,1.2776639461517334,1.6167494058609009,1.5990818738937378,1.5584681034088135,1.2013647556304932,1.097176194190979,0.7473524808883667,0.7973811030387878,0.7096185088157654,0.8561687469482422,1.128389835357666,1.2447600364685059,1.623550295829773,1.4198150634765625,1.4270718097686768,1.1028740406036377,1.2568413019180298,1.3592116832733154,1.540773630142212,1.3206748962402344,1.3633992671966553,1.0854154825210571,1.359015703201294,1.3217506408691406,1.6497530937194824,1.8454068899154663,2.050551652908325,2.416429281234741,1.207875370979309,1.3282394409179688,1.105007290840149,1.2957127094268799,1.5045292377471924,1.622709035873413,1.4336942434310913,1.360403299331665,1.0547510385513306,1.2515195608139038,1.142842173576355,1.5204859972000122,1.6293760538101196,1.9045745134353638,2.219327926635742
A10,0.6655001044273376,0.8335859179496765,0.9309818148612976,1.3194971084594727,1.3821433782577515,1.188928484916687,0.909195601940155,0.5848250985145569,0.3771737515926361,0.0,0.38804343342781067,0.6022514700889587,0.9249539971351624,1.191972017288208,1.4840315580368042,1.2254232168197632,1.0737977027893066,0.9591574668884277,1.2278776168823242,1.0478698015213013,0.9392120242118835,0.5892917513847351,0.6571563482284546,0.6510905027389526,0.864997148513794,1.131801724433899,1.300658941268921,1.6838030815124512,1.8420213460922241,2.185162305831909,1.6243830919265747,1.7049572467803955,1.5697095394134521,1.8972569704055786,1.819762110710144,1.7613025903701782,1.3894574642181396,1.3038218021392822,1.011954426765442,1.0139498710632324,0.9631302356719971,0.9668529033660889,1.2517070770263672,1.2657479047775269,1.6347239017486572,1.7749485969543457,1.8014554977416992,1.4775574207305908,1.607513427734375,1.7060273885726929,1.909617304801941,1.6896883249282837,1.731344223022461,1.4337198734283447,1.6705037355422974,1.5726854801177979,1.8729873895645142,2.01957631111145,2.193150520324707,2.5561413764953613,1.3557229042053223,1.4370821714401245,1.1995892524719238,1.284419298171997,1.541047215461731,1.708771824836731,1.593428134918213,1.5641350746154785,1.3191568851470947,1.5487524271011353,1.477087140083313,1.8656283617019653,1.9670495986938477,2.259982109069824,2.5584638118743896
A11,0.8209829330444336,1.0850107669830322,1.1363437175750732,1.528294324874878,1.6404078006744385,1.5056530237197876,1.2238829135894775,0.9369233846664429,0.627953290939331,0.38804343342781067,0.0,0.39403751492500305,0.6244453191757202,0.9090145826339722,1.223520278930664,1.095369815826416,0.8407767415046692,0.708388090133667,0.9008207321166992,0.6818646192550659,0.5649835467338562,0.25681376457214355,0.5240504145622253,0.6733179688453674,0.9736570715904236,1.281712293624878,1.5149542093276978,1.8779926300048828,2.0915470123291016,2.417452573776245,1.8395556211471558,1.8543797731399536,1.6582573652267456,1.9332243204116821,1.8016600608825684,1.800594687461853,1.4418115615844727,1.4553799629211426,1.2062406539916992,1.3037934303283691,1.3022657632827759,1.3477314710617065,1.6364916563034058,1.6437567472457886,2.012256622314453,1.8864744901657104,1.9659967422485352,1.6822640895843506,1.8772327899932861,1.961086392402649,2.1165308952331543,1.8473654985427856,1.8336783647537231,1.4913369417190552,1.650264859199524,1.4815269708633423,1.7254078388214111,1.8269985914230347,1.9549895524978638,2.3136796951293945,1.2042126655578613,1.2060836553573608,0.9577374458312988,0.9563392400741577,1.2466397285461426,1.4329675436019897,1.3889448642730713,1.4068443775177002,1.2506383657455444,1.5307341814041138,1.5532218217849731,1.951608657836914,2.10567045211792,2.414695978164673,2.71272349357605
A12,1.1314858198165894,1.3960936069488525,1.4906588792800903,1.8845139741897583,1.9673576354980469,1.7905826568603516,1.4959228038787842,1.1825799942016602,0.9294367432594299,0.6022514700889587,0.39403751492500305,0.0,0.40048038959503174,0.5927678942680359,0.9066390991210938,1.1049330234527588,0.8380842804908752,0.8771212697029114,1.0538502931594849,0.8550509214401245,0.561698853969574,0.3956003785133362,0.49704334139823914,0.8075792193412781,0.9992921352386475,1.3673040866851807,1.5422052145004272,1.9093036651611328,2.127373456954956,2.411731719970703,2.0514121055603027,2.0416862964630127,1.883679747581482,2.152940273284912,1.973548173904419,1.9299185276031494,1.5757112503051758,1.5887134075164795,1.4060367345809937,1.4614455699920654,1.5136387348175049,1.4815250635147095,1.7930110692977905,1.7547173500061035,2.0898847579956055,2.185455560684204,2.286264419555664,2.0034494400024414,2.171647310256958,2.2877819538116455,2.4594085216522217,2.2090821266174316,2.1876718997955322,1.8396599292755127,1.9835883378982544,1.7774312496185303,2.0179262161254883,2.0601072311401367,2.1847753524780273,2.516289472579956,1.569074273109436,1.5245736837387085,1.2534711360931396,1.1468636989593506,1.4125521183013916,1.6627360582351685,1.6663854122161865,1.7419700622558594,1.6126493215560913,1.9127182960510254,1.9385305643081665,2.3356175422668457,2.4869422912597656,2.788686513900757,3.091778039932251
A13,1.2964580059051514,1.6214749813079834,1.7318239212036133,2.116481304168701,2.2527647018432617,2.0930161476135254,1.8246535062789917,1.5051268339157104,1.2413753271102905,0.9249539971351624,0.6244453191757202,0.40048038959503174,0.0,0.3786875903606415,0.6117613911628723,1.3373502492904663,1.0000550746917725,1.0223486423492432,1.0503987073898315,0.7836984992027283,0.5107331871986389,0.5984070301055908,0.8168447017669678,1.149237036705017,1.3736485242843628,1.739437222480774,1.9336854219436646,2.2917773723602295,2.5222442150115967,2.7994298934936523,2.4119484424591064,2.387474298477173,2.194140911102295,2.4320716857910156,2.2334353923797607,2.2344417572021484,1.8955388069152832,1.9511631727218628,1.767043948173523,1.8475699424743652,1.8764498233795166,1.8470814228057861,2.1310133934020996,2.0593528747558594,2.393836736679077,2.4726929664611816,2.5795350074768066,2.305471658706665,2.496934652328491,2.57755970954895,2.737738609313965,2.459479331970215,2.4317715167999268,2.074852705001831,2.179325819015503,1.9489943981170654,2.124703884124756,2.1424148082733154,2.200509786605835,2.5242934226989746,1.5977734327316284,1.5206815004348755,1.3062878847122192,1.1143845319747925,1.417798638343811,1.6508820056915283,1.7367112636566162,1.8196724653244019,1.7638057470321655,2.0601561069488525,2.1316633224487305,2.5286028385162354,2.6885340213775635,3.012073040008545,3.294374704360962
A14,1.6500229835510254,1.954517126083374,2.044419527053833,2.435748338699341,2.5400919914245605,2.3792927265167236,2.082498788833618,1.7746647596359253,1.5035440921783447,1.191972017288208,0.9090145826339722,0.5927678942680359,0.3786875903606415,0.0,0.40012145042419434,1.2984672784805298,0.9798213243484497,1.1275677680969238,1.14725661277771,0.977419912815094,0.6334471702575684,0.7998538613319397,0.8906363844871521,1.267683744430542,1.4276578426361084,1.804364562034607,1.9803439378738403,2.311830997467041,2.564441442489624,2.799851655960083,2.5557994842529297,2.488145112991333,2.3105931282043457,2.5220916271209717,2.2775328159332275,2.2615716457366943,1.94744873046875,2.0326168537139893,1.915481448173523,2.004808187484741,2.09565806388855,2.0569417476654053,2.3717520236968994,2.307039260864258,2.621347427368164,2.653148651123047,2.798506498336792,2.5458076000213623,2.741626024246216,2.8585033416748047,3.006023645401001,2.7325451374053955,2.671825408935547,2.301229238510132,2.3739397525787354,2.102903127670288,2.2710533142089844,2.225475788116455,2.28651762008667,2.571424722671509,1.888587236404419,1.7538434267044067,1.5034029483795166,1.2464849948883057,1.4816935062408447,1.7689136266708374,1.8845549821853638,2.030996084213257,2.00080943107605,2.3278117179870605,2.4206089973449707,2.8145036697387695,2.9979822635650635,3.3069353103637695,3.607343912124634
A15,1.8714954853057861,2.1988987922668457,2.3346924781799316,2.719538450241089,2.846865177154541,2.6635427474975586,2.3918166160583496,2.0604164600372314,1.8233065605163574,1.4840315580368042,1.223520278930664,0.9066390991210938,0.6117613911628723,0.40012145042419434,0.0,1.692816972732544,1.3757801055908203,1.510817050933838,1.4853062629699707,1.2762506008148193,0.9829959273338318,1.1610764265060425,1.275958776473999,1.6494652032852173,1.7959431409835815,2.1782164573669434,2.3248181343078613,2.6638050079345703,2.897921085357666,3.1215145587921143,2.9294891357421875,2.87681245803833,2.704897165298462,2.9211370944976807,2.6769914627075195,2.6586220264434814,2.343242883682251,2.413992166519165,2.2862603664398193,2.3459198474884033,2.409574031829834,2.32914400100708,2.615900754928589,2.5007879734039307,2.7933077812194824,3.034735918045044,3.1634788513183594,2.894895315170288,3.0750017166137695,3.1724228858947754,3.3397862911224365,3.066619634628296,3.0276143550872803,2.6627438068389893,2.741847276687622,2.476635217666626,2.624622344970703,2.5778188705444336,2.6052825450897217,2.88328218460083,2.1600728034973145,2.040105104446411,1.8332431316375732,1.561544418334961,1.8141635656356812,2.0792157649993896,2.2272517681121826,2.3582115173339844,2.3429973125457764,2.6525826454162598,2.7405600547790527,3.1364545822143555,3.299917459487915,3.623629570007324,3.9051921367645264
B1,1.7713682651519775,1.883217692375183,1.746617078781128,2.0854134559631348,2.043609619140625,2.010519504547119,1.6432795524597168,1.546067476272583,1.2275495529174805,1.2254232168197632,1.095369815826416,1.1049330234527588,1.3373502492904663,1.2984672784805298,1.692816972732544,0.0,0.38032618165016174,0.6164777278900146,0.9118591547012329,1.1297249794006348,0.968946099281311,0.8868499994277954,0.6364792585372925,0.6289018392562866,0.6929486989974976,0.8618707656860352,1.1762949228286743,1.3594250679016113,1.708182454109192,1.9370702505111694,1.5735262632369995,1.3678998947143555,1.1881664991378784,1.3191133737564087,1.0220032930374146,0.9966906905174255,0.7570554614067078,0.99722820520401,1.0698601007461548,1.3303375244140625,1.5983299016952515,1.7562886476516724,2.138558864593506,2.284780502319336,2.607468366622925,1.6569232940673828,1.9198276996612549,1.8013440370559692,2.0529935359954834,2.2788898944854736,2.30788516998291,2.069819688796997,1.8789069652557373,1.5191268920898438,1.5149388313293457,1.2145781517028809,1.4737577438354492,1.3817509412765503,1.6293132305145264,1.864214539527893,1.7122068405151367,1.5232075452804565,1.1426328420639038,1.0758354663848877,1.0068001747131348,1.3324452638626099,1.2503429651260376,1.494736671447754,1.40950608253479,1.7770847082138062,1.8897007703781128,2.2130661010742188,2.482452392578125,2.6834490299224854,3.055980682373047
B2,1.591961145401001,1.773197054862976,1.6788454055786133,2.042607307434082,2.067401647567749,2.0174145698547363,1.6652469635009766,1.5035650730133057,1.1495354175567627,1.0737977027893066,0.8407767415046692,0.8380842804908752,1.0000550746917725,0.9798213243484497,1.3757801055908203,0.38032618165016174,0.0,0.37967443466186523,0.6194904446601868,0.7864125967025757,0.5964019894599915,0.5959174036979675,0.4700259864330292,0.6388537883758545,0.8422994613647461,1.1064294576644897,1.4150526523590088,1.6621828079223633,1.9863396883010864,2.2388288974761963,1.8049569129943848,1.6481786966323853,1.428842306137085,1.579128384590149,1.3078542947769165,1.3353861570358276,1.0627294778823853,1.2643243074417114,1.2313481569290161,1.4706088304519653,1.666940450668335,1.7968858480453491,2.163539171218872,2.260694742202759,2.6042299270629883,1.825187087059021,2.0542924404144287,1.895505428314209,2.158350706100464,2.3346927165985107,2.3864245414733887,2.1130893230438232,1.9509782791137695,1.56901216506958,1.571039080619812,1.2582286596298218,1.471210241317749,1.3951969146728516,1.5695462226867676,1.8408515453338623,1.5146459341049194,1.3122442960739136,0.9422160387039185,0.7919185757637024,0.8233746290206909,1.1653779745101929,1.1599173545837402,1.3902904987335205,1.3456109762191772,1.72145676612854,1.857147216796875,2.2109951972961426,2.472083806991577,2.7163708209991455,3.067443370819092
B3,1.3491365909576416,1.5296188592910767,1.400493860244751,1.7500901222229004,1.8159130811691284,1.8063422441482544,1.4802442789077759,1.3411911725997925,0.9598203301429749,0.9591574668884277,0.708388090133667,0.8771212697029114,1.0223486423492432,1.1275677680969238,1.510817050933838,0.6164777278900146,0.37967443466186523,0.0,0.3924310803413391,0.5567792057991028,0.5578135848045349,0.5058398842811584,0.568956196308136,0.6117927432060242,0.9397581219673157,1.1555968523025513,1.5063152313232422,1.7673938274383545,2.070486545562744,2.368147134780884,1.709453821182251,1.589492678642273,1.3139855861663818,1.4733039140701294,1.2640010118484497,1.3584566116333008,1.072568416595459,1.2648452520370483,1.1418222188949585,1.4143502712249756,1.5432143211364746,1.723219633102417,2.0565805435180664,2.1682050228118896,2.5350136756896973,1.6141847372055054,1.8194531202316284,1.658280849456787,1.9516606330871582,2.083456039428711,2.11942720413208,1.8181440830230713,1.6610445976257324,1.272946834564209,1.2750643491744995,0.9802722334861755,1.1874797344207764,1.1883742809295654,1.3487217426300049,1.6727147102355957,1.1388176679611206,0.9500956535339355,0.5753918290138245,0.5238201022148132,0.6271211504936218,0.8957861065864563,0.8506963849067688,1.0327593088150024,0.9879319071769714,1.3618452548980713,1.5181180238723755,1.8749525547027588,2.142441987991333,2.4016916751861572,2.7403013706207275
B4,1.5075101852416992,1.7377766370773315,1.6158663034439087,1.9467434883117676,2.069275379180908,2.0851852893829346,1.7891035079956055,1.6397215127944946,1.2557674646377563,1.2278776168823242,0.9008207321166992,1.0538502931594849,1.0503987073898315,1.14725661277771,1.4853062629699707,0.9118591547012329,0.6194904446601868,0.3924310803413391,0.0,0.37611904740333557,0.5484772324562073,0.7071518301963806,0.8879817128181458,0.9981400370597839,1.3268696069717407,1.5439530611038208,1.897550344467163,2.149836301803589,2.4595866203308105,2.752027750015259,2.0542330741882324,1.9237868785858154,1.6146812438964844,1.7170332670211792,1.499890923500061,1.6593047380447388,1.4155882596969604,1.6392943859100342,1.5121859312057495,1.7913326025009155,1.8877143859863281,2.0675501823425293,2.3796653747558594,2.4683189392089844,2.8443286418914795,1.858134150505066,2.0662600994110107,1.9272011518478394,2.2452073097229004,2.3341786861419678,2.346543073654175,2.0148911476135254,1.8449108600616455,1.4618116617202759,1.3945986032485962,1.0749410390853882,1.150545358657837,1.1069848537445068,1.1573282480239868,1.4807027578353882,1.060899019241333,0.7780637741088867,0.4789877235889435,0.17723308503627777,0.3730137348175049,0.6381305456161499,0.7536813616752625,0.9687070250511169,1.064023733139038,1.4225634336471558,1.649776816368103,1.9918107986450195,2.277768611907959,2.553657054901123,2.8680567741394043
B5,1.2587388753890991,1.5445667505264282,1.4938794374465942,1.8400391340255737,2.0075786113739014,1.9816464185714722,1.7137129306793213,1.5075312852859497,1.1438292264938354,1.0478698015213013,0.6818646192550659,0.8550509214401245,0.7836984992027283,0.977419912815094,1.2762506008148193,1.1297249794006348,0.7864125967025757,0.5567792057991028,0.37611904740333557,0.0,0.38131749629974365,0.5571590662002563,0.8694943189620972,1.0352741479873657,1.3855998516082764,1.6499934196472168,1.970508098602295,2.272840976715088,2.549685478210449,2.860835552215576,2.1650872230529785,2.09431529045105,1.8042196035385132,1.9646555185317993,1.7837904691696167,1.9074152708053589,1.6170884370803833,1.7734116315841675,1.5807229280471802,1.8019505739212036,1.8352839946746826,1.9677867889404297,2.251540422439575,2.2904155254364014,2.6691532135009766,2.0061123371124268,2.1554737091064453,1.959297776222229,2.2467613220214844,2.2990949153900146,2.360398530960083,2.028306722640991,1.9240880012512207,1.5526418685913086,1.557982087135315,1.2997238636016846,1.394421100616455,1.4232406616210938,1.4440844058990479,1.7900114059448242,0.9671595692634583,0.7784438133239746,0.5707646608352661,0.3579952120780945,0.7212117314338684,0.8809274435043335,0.9900695085525513,1.0876951217651367,1.1352229118347168,1.4530738592147827,1.6356303691864014,2.0041608810424805,2.242203950881958,2.5534720420837402,2.8422274589538574
B6,1.3265665769577026,1.6122885942459106,1.6074031591415405,1.985283613204956,2.1076462268829346,2.0250508785247803,1.7245053052902222,1.4775843620300293,1.1282750368118286,0.9392120242118835,0.5649835467338562,0.561698853969574,0.5107331871986389,0.6334471702575684,0.9829959273338318,0.968946099281311,0.5964019894599915,0.5578135848045349,0.5484772324562073,0.38131749629974365,0.0,0.3676058053970337,0.6201826930046082,0.9044322967529297,1.1966583728790283,1.5175271034240723,1.7957780361175537,2.1116843223571777,2.3896679878234863,2.674916982650757,2.157118082046509,2.078599214553833,1.8365885019302368,2.024214267730713,1.8073530197143555,1.864606261253357,1.555220603942871,1.6894022226333618,1.5345184803009033,1.7145936489105225,1.7917004823684692,1.8673908710479736,2.183012008666992,2.1986563205718994,2.5593786239624023,2.122648000717163,2.281203269958496,2.062354803085327,2.3146753311157227,2.4115195274353027,2.5070018768310547,2.203376293182373,2.108883857727051,1.730120301246643,1.7695460319519043,1.4969035387039185,1.6498401165008545,1.6386499404907227,1.7055429220199585,2.0242037773132324,1.3041715621948242,1.1413625478744507,0.8704899549484253,0.640956461429596,0.913214921951294,1.172253966331482,1.2600895166397095,1.3982385396957397,1.3877633810043335,1.7250224351882935,1.8605930805206299,2.243912935256958,2.4648358821868896,2.767566204071045,3.073647975921631
B7,1.0584306716918945,1.3048096895217896,1.304679036140442,1.6935303211212158,1.7861580848693848,1.680472731590271,1.3710756301879883,1.1194230318069458,0.7756454944610596,0.5892917513847351,0.25681376457214355,0.3956003785133362,0.5984070301055908,0.7998538613319397,1.1610764265060425,0.8868499994277954,0.5959174036979675,0.5058398842811584,0.7071518301963806,0.5571590662002563,0.3676058053970337,0.0,0.37197259068489075,0.6021570563316345,0.9119349718093872,1.2318633794784546,1.4959443807601929,1.8350610733032227,2.0863306522369385,2.3932394981384277,1.851456642150879,1.8137115240097046,1.6011927127838135,1.8422954082489014,1.6677614450454712,1.680993914604187,1.3376727104187012,1.4090393781661987,1.2153115272521973,1.3646425008773804,1.4281710386276245,1.5012675523757935,1.820152759552002,1.8521108627319336,2.214940309524536,1.8802613019943237,2.008310079574585,1.7601590156555176,1.9845613241195679,2.0946767330169678,2.2165257930755615,1.936859130859375,1.873708963394165,1.5078167915344238,1.6151037216186523,1.3932496309280396,1.6228601932525635,1.6739846467971802,1.8035953044891357,2.1442348957061768,1.2441779375076294,1.1664103269577026,0.8682100176811218,0.7977822422981262,1.055250644683838,1.2895346879959106,1.2722210884094238,1.3562586307525635,1.2446564435958862,1.5674669742584229,1.6382120847702026,2.030259609222412,2.223738431930542,2.5191457271575928,2.8335487842559814
B8,1.26409113407135,1.4364243745803833,1.4135719537734985,1.7984026670455933,1.813610315322876,1.692083716392517,1.343400478363037,1.1224802732467651,0.8114641904830933,0.6571563482284546,0.5240504145622253,0.49704334139823914,0.8168447017669678,0.8906363844871521,1.275958776473999,0.6364792585372925,0.4700259864330292,0.568956196308136,0.8879817128181458,0.8694943189620972,0.6201826930046082,0.37197259068489075,0.0,0.38143983483314514,0.5876471400260925,0.9403884410858154,1.1825721263885498,1.5115725994110107,1.7783453464508057,2.06111216545105,1.6682418584823608,1.6020379066467285,1.4418249130249023,1.6924165487289429,1.4928804636001587,1.4390342235565186,1.0933510065078735,1.151743769645691,1.0337021350860596,1.1717835664749146,1.326398253440857,1.3890191316604614,1.7527918815612793,1.8166776895523071,2.1550052165985107,1.8089048862457275,1.9650923013687134,1.7317310571670532,1.9324947595596313,2.1056923866271973,2.226855754852295,1.9836554527282715,1.9002900123596191,1.5403517484664917,1.654500126838684,1.4246490001678467,1.7043594121932983,1.7223838567733765,1.911956548690796,2.22312593460083,1.517215609550476,1.4266806840896606,1.0800049304962158,1.022810459136963,1.1768159866333008,1.460842490196228,1.4000682830810547,1.5282691717147827,1.3794959783554077,1.716281533241272,1.7601282596588135,2.1382269859313965,2.336191415786743,2.596266746520996,2.936884641647339
B9,1.2007976770401,1.2791204452514648,1.1834818124771118,1.5434424877166748,1.5087038278579712,1.4210678339004517,1.055660367012024,0.919399619102478,0.615345299243927,0.6510905027389526,0.6733179688453674,0.8075792193412781,1.149237036705017,1.267683744430542,1.6494652032852173,0.6289018392562866,0.6388537883758545,0.6117927432060242,0.9981400370597839,1.0352741479873657,0.9044322967529297,0.6021570563316345,0.38143983483314514,0.0,0.3785082995891571,0.6345916986465454,0.9367777705192566,1.2539057731628418,1.5156863927841187,1.8330132961273193,1.292231559753418,1.240479588508606,1.0853376388549805,1.3702980279922485,1.2239755392074585,1.1540417671203613,0.787083625793457,0.809269905090332,0.6585991382598877,0.8482701778411865,1.0303553342819214,1.1747088432312012,1.542472243309021,1.6791088581085205,2.020460367202759,1.4464930295944214,1.599707841873169,1.3766165971755981,1.5815507173538208,1.779915452003479,1.8839566707611084,1.6598976850509644,1.5695204734802246,1.2268872261047363,1.3747247457504272,1.194936752319336,1.5305854082107544,1.5995181798934937,1.842839241027832,2.159726142883301,1.4372498989105225,1.3890258073806763,1.0422981977462769,1.11344575881958,1.2162419557571411,1.4517803192138672,1.2964555025100708,1.3881198167800903,1.1696099042892456,1.486439824104309,1.4938762187957764,1.852489709854126,2.0516085624694824,2.2830820083618164,2.638885736465454
B10,1.4580845832824707,1.4831254482269287,1.4064304828643799,1.740852952003479,1.6321182250976562,1.5092042684555054,1.1386704444885254,1.03529691696167,0.8475601673126221,0.864997148513794,0.9736570715904236,0.9992921352386475,1.3736485242843628,1.4276578426361084,1.7959431409835815,0.6929486989974976,0.8422994613647461,0.9397581219673157,1.3268696069717407,1.3855998516082764,1.1966583728790283,0.9119349718093872,0.5876471400260925,0.3785082995891571,0.0,0.38559746742248535,0.6005289554595947,0.9284515380859375,1.1940207481384277,1.4852319955825806,1.2008620500564575,1.1394615173339844,1.0977321863174438,1.3950536251068115,1.2448477745056152,1.0624520778656006,0.7131682634353638,0.6415498852729797,0.6296272873878479,0.7243421077728271,1.0136654376983643,1.104952096939087,1.4994646310806274,1.6521416902542114,1.9477589130401611,1.532797932624817,1.6888295412063599,1.4780389070510864,1.6199326515197754,1.8770842552185059,1.996177077293396,1.830475926399231,1.7462424039840698,1.4435685873031616,1.605804681777954,1.4457770586013794,1.8031351566314697,1.8460440635681152,2.123028039932251,2.4089138507843018,1.8035316467285156,1.7588567733764648,1.4061671495437622,1.4595160484313965,1.5193825960159302,1.7793164253234863,1.6124597787857056,1.72218918800354,1.4855626821517944,1.7832266092300415,1.7507400512695312,2.082980155944824,2.2612147331237793,2.456059455871582,2.8224658966064453
B11,1.6319687366485596,1.57468581199646,1.4312176704406738,1.704776644706726,1.5253758430480957,1.4524258375167847,1.0963494777679443,1.1199986934661865,0.9942742586135864,1.131801724433899,1.281712293624878,1.3673040866851807,1.739437222480774,1.804364562034607,2.1782164573669434,0.8618707656860352,1.1064294576644897,1.1555968523025513,1.5439530611038208,1.6499934196472168,1.5175271034240723,1.2318633794784546,0.9403884410858154,0.6345916986465454,0.38559746742248535,0.0,0.39678019285202026,0.6325719356536865,0.9162249565124512,1.2315163612365723,0.8583451509475708,0.7762362360954285,0.8141462802886963,1.1252859830856323,1.0365546941757202,0.7895635962486267,0.4765273332595825,0.27172547578811646,0.4313254952430725,0.5692676305770874,0.9365512728691101,1.1103917360305786,1.4823896884918213,1.711829662322998,1.982888102531433,1.2763649225234985,1.445163369178772,1.2863837480545044,1.4126083850860596,1.7167489528656006,1.7994017601013184,1.6794792413711548,1.5740071535110474,1.3231401443481445,1.490079402923584,1.3850637674331665,1.767335295677185,1.83039128780365,2.150658130645752,2.4159047603607178,1.9125970602035522,1.8845409154891968,1.5465116500854492,1.664884328842163,1.667603611946106,1.890472173690796,1.6631239652633667,1.7571090459823608,1.4896900653839111,1.7500370740890503,1.6902507543563843,1.9715856313705444,2.1514196395874023,2.2933857440948486,2.6737678050994873
B12,1.8098422288894653,1.7196532487869263,1.6312347650527954,1.882578730583191,1.6592845916748047,1.525538444519043,1.2040051221847534,1.2253540754318237,1.2071993350982666,1.300658941268921,1.5149542093276978,1.5422052145004272,1.9336854219436646,1.9803439378738403,2.3248181343078613,1.1762949228286743,1.4150526523590088,1.5063152313232422,1.897550344467163,1.970508098602295,1.7957780361175537,1.4959443807601929,1.1825721263885498,0.9367777705192566,0.6005289554595947,0.39678019285202026,0.0,0.3999382257461548,0.5960134267807007,0.9062578678131104,0.952125072479248,0.9454855918884277,1.1104952096939087,1.4203717708587646,1.3620549440383911,1.0524364709854126,0.8224502801895142,0.5322554111480713,0.6921548247337341,0.5915217399597168,0.9666821360588074,1.0305103063583374,1.3886067867279053,1.6096034049987793,1.8176701068878174,1.5362865924835205,1.6522579193115234,1.4757434129714966,1.5026450157165527,1.8315526247024536,1.9591915607452393,1.901572585105896,1.8453861474990845,1.6420063972473145,1.8446599245071411,1.771004319190979,2.1577799320220947,2.223396062850952,2.5465357303619385,2.805809736251831,2.2519848346710205,2.250965118408203,1.9174110889434814,2.0235061645507812,2.0459702014923096,2.279667854309082,2.0570318698883057,2.1369283199310303,1.8491908311843872,2.081984281539917,1.9723883867263794,2.239229679107666,2.3703081607818604,2.49234676361084,2.8622734546661377
B13,2.1697499752044678,2.052955150604248,1.9223577976226807,2.131077527999878,1.8673896789550781,1.7827744483947754,1.4875707626342773,1.5735893249511719,1.556474208831787,1.6838030815124512,1.8779926300048828,1.9093036651611328,2.2917773723602295,2.311830997467041,2.6638050079345703,1.3594250679016113,1.6621828079223633,1.7673938274383545,2.149836301803589,2.272840976715088,2.1116843223571777,1.8350610733032227,1.5115725994110107,1.2539057731628418,0.9284515380859375,0.6325719356536865,0.3999382257461548,0.0,0.37666016817092896,0.61314857006073,0.9306842088699341,0.8536337614059448,1.115688681602478,1.3561519384384155,1.3189301490783691,0.95735764503479,0.873157799243927,0.622559130191803,0.9203185439109802,0.8745138049125671,1.248796820640564,1.35081946849823,1.668883204460144,1.9250463247299194,2.095613956451416,1.5579087734222412,1.7041257619857788,1.6081994771957397,1.6234079599380493,1.9829853773117065,2.0609498023986816,2.0429139137268066,1.9503337144851685,1.7887933254241943,1.9536231756210327,1.893380880355835,2.271522045135498,2.3133034706115723,2.661930799484253,2.88071346282959,2.5192453861236572,2.4991424083709717,2.164789915084839,2.2788896560668945,2.2437081336975098,2.4714882373809814,2.2301106452941895,2.3300769329071045,2.053879499435425,2.2734885215759277,2.1717593669891357,2.3908562660217285,2.535017251968384,2.6048641204833984,2.982832670211792
