,A1,A2,A3,A4,A5,A6,A7,A8,A9,A10,A11,A12,A13,A14,A15,B1,B2,B3,B4,B5,B6,B7,B8,B9,B10,B11,B12,B13,B14,B15,C1,C2,C3,C4,C5,C6,C7,C8,C9,C10,C11,C12,C13,C14,C15,D1,D2,D3,D4,D5,D6,D7,D8,D9,D10,D11,D12,D13,D14,D15,E1,E2,E3,E4,E5,E6,E7,E8,E9,E10,E11,E12,E13,E14,E15
A1,0.0,0.3787941634654999,0.6209508776664734,0.9644295573234558,1.1674968004226685,0.9849210977554321,0.8269706964492798,0.5607025027275085,0.5271690487861633,0.6377655863761902,0.7001560926437378,1.0451703071594238,1.1657601594924927,1.5200444459915161,1.719034194946289,1.5165115594863892,1.3667973279953003,1.149058222770691,1.268004298210144,1.0779213905334473,1.1289784908294678,0.8894519209861755,1.1228692531585693,1.0958315134048462,1.3742890357971191,1.5718151330947876,1.8246169090270996,2.1237761974334717,2.3520419597625732,2.697902202606201,1.4953601360321045,1.6768440008163452,1.4914461374282837,1.7426353693008423,1.9381613731384277,1.9955050945281982,1.7085682153701782,1.6465091705322266,1.2813191413879395,1.3054536581039429,1.0658953189849854,1.1738591194152832,1.232229471206665,1.2906582355499268,1.626205325126648,1.938108205795288,1.9735572338104248,2.087144136428833,2.3811397552490234,2.2126340866088867,1.941942811012268,1.659329891204834,1.5017062425613403,1.566409707069397,1.4905622005462646,1.8271268606185913,1.8029173612594604,2.169586658477783,2.294724941253662,2.5843875408172607,1.9379857778549194,2.235288143157959,2.3263726234436035,2.7123425006866455,2.798246383666992,2.6215672492980957,2.2731642723083496,1.9811793565750122,1.7255131006240845,1.3866376876831055,1.3506016731262207,0.991365373134613,1.1256277561187744,0.9899526238441467,1.1225897073745728
A2,0.3787941634654999,0.0,0.37392154335975647,0.6516207456588745,0.814074695110321,0.6296796202659607,0.5712283849716187,0.4672616124153137,0.6160725951194763,0.8805533647537231,1.008592963218689,1.3712022304534912,1.5226945877075195,1.865738868713379,2.0846142768859863,1.6274219751358032,1.4957070350646973,1.205973744392395,1.2834805250167847,1.1706002950668335,1.3195273876190186,1.1084455251693726,1.3398951292037964,1.2389533519744873,1.521074891090393,1.6346327066421509,1.8937071561813354,2.1529295444488525,2.3623170852661133,2.718367338180542,1.3142139911651611,1.5160505771636963,1.350156307220459,1.5941790342330933,1.8530762195587158,1.9136282205581665,1.667885422706604,1.5839357376098633,1.2335305213928223,1.2630386352539062,0.9656077027320862,1.1284286975860596,1.0984362363815308,1.2156033515930176,1.5032846927642822,2.0085394382476807,2.0782930850982666,2.249511241912842,2.557752847671509,2.412126064300537,2.106785297393799,1.8461791276931763,1.631725788116455,1.7123620510101318,1.585041880607605,1.9215683937072754,1.8670754432678223,2.2118337154388428,2.344660520553589,2.593498468399048,2.2130448818206787,2.480435371398926,2.5417492389678955,2.9197261333465576,2.9722228050231934,2.804424524307251,2.4410760402679443,2.1816697120666504,1.9339110851287842,1.6268993616104126,1.6177072525024414,1.2765698432922363,1.4420055150985718,1.2751126289367676,1.4330451488494873
A3,0.6209508776664734,0.37392154335975647,0.0,0.389047235250473,0.6118862628936768,0.608260989189148,0.5272207856178284,0.6201257705688477,0.6501748561859131,0.9873974323272705,1.0619932413101196,1.4399234056472778,1.600547194480896,1.9089140892028809,2.165536642074585,1.4034991264343262,1.2770898342132568,0.9445073008537292,1.0086088180541992,0.9984244704246521,1.1931054592132568,1.0094705820083618,1.2267513275146484,1.0950006246566772,1.4016845226287842,1.4554024934768677,1.7548366785049438,1.9658668041229248,2.2005348205566406,2.5412395000457764,1.120313286781311,1.2505043745040894,1.034786581993103,1.2399235963821411,1.5153748989105225,1.6108179092407227,1.406829833984375,1.3772584199905396,1.0759005546569824,1.2054924964904785,0.9718091487884521,1.2413246631622314,1.250750184059143,1.4552282094955444,1.7276732921600342,2.100879430770874,2.2308101654052734,2.403355836868286,2.7410197257995605,2.637284278869629,2.343832492828369,2.0558218955993652,1.804717779159546,1.817152976989746,1.620589256286621,1.91095769405365,1.7830698490142822,2.106184720993042,2.192673921585083,2.4168081283569336,2.2795581817626953,2.5166873931884766,2.5987966060638428,2.973508596420288,2.980372905731201,2.781808614730835,2.4215400218963623,2.165193557739258,1.971484661102295,1.680924892425537,1.754508376121521,1.4516865015029907,1.6749968528747559,1.5696958303451538,1.7391706705093384
A4,0.9644295573234558,0.6516207456588745,0.389047235250473,0.0,0.39726972579956055,0.5983325839042664,0.7168766260147095,0.9355164766311646,1.0278019905090332,1.374598503112793,1.4410675764083862,1.8204020261764526,1.962734341621399,2.265505075454712,2.515493154525757,1.6392441987991333,1.5004783868789673,1.1325172185897827,1.0909090042114258,1.1388407945632935,1.4175080060958862,1.3095906972885132,1.5428237915039062,1.4113256931304932,1.7185189723968506,1.715369462966919,2.0224180221557617,2.1832101345062256,2.410388469696045,2.741715908050537,1.2164478302001953,1.313146710395813,1.0979886054992676,1.2189322710037231,1.5560868978500366,1.6914706230163574,1.5652283430099487,1.5552386045455933,1.3125,1.460980772972107,1.219821810722351,1.5062363147735596,1.4462802410125732,1.6686195135116577,1.8844095468521118,2.401280164718628,2.546609878540039,2.745978355407715,3.085167169570923,2.9862847328186035,2.6771488189697266,2.406318426132202,2.139230489730835,2.1621696949005127,1.9444198608398438,2.2204105854034424,2.0651750564575195,2.359035015106201,2.4305946826934814,2.613330841064453,2.6582841873168945,2.883002281188965,2.9587581157684326,3.327366828918457,3.3132290840148926,3.1134285926818848,2.7525386810302734,2.511850595474243,2.33327579498291,2.0565929412841797,2.138292074203491,1.8362698554992676,2.051088809967041,1.9189435243606567,2.069944381713867
A5,1.1674968004226685,0.814074695110321,0.6118862628936768,0.39726972579956055,0.0,0.3847254812717438,0.5972887277603149,0.9340839385986328,1.1121641397476196,1.4795223474502563,1.6304519176483154,1.9946515560150146,2.193180799484253,2.4924468994140625,2.76517915725708,1.7952684164047241,1.7315804958343506,1.3807706832885742,1.4034559726715088,1.4985491037368774,1.7446457147598267,1.5835392475128174,1.7544491291046143,1.5457454919815063,1.794198989868164,1.727798581123352,1.9858310222625732,2.121155261993408,2.2952463626861572,2.635556697845459,0.9935418367385864,1.1463931798934937,1.0399287939071655,1.2064287662506104,1.5693804025650024,1.63552987575531,1.5277279615402222,1.4446338415145874,1.2293812036514282,1.3287631273269653,1.0737305879592896,1.3620115518569946,1.2524728775024414,1.5209847688674927,1.6809667348861694,2.2679147720336914,2.4362375736236572,2.6784322261810303,3.0213704109191895,2.95277738571167,2.6254312992095947,2.3789286613464355,2.07454776763916,2.110485553741455,1.8714827299118042,2.138415813446045,1.9893637895584106,2.2508511543273926,2.3549163341522217,2.4982385635375977,2.7296783924102783,2.9222233295440674,2.9523584842681885,3.3031084537506104,3.2664756774902344,3.095947027206421,2.7276036739349365,2.5339906215667725,2.3492934703826904,2.1165850162506104,2.199558973312378,1.9250825643539429,2.1647720336914062,2.0280234813690186,2.230349063873291
A6,0.9849210977554321,0.6296796202659607,0.608260989189148,0.5983325839042664,0.3847254812717438,0.0,0.37493935227394104,0.6594356894493103,0.9419668912887573,1.2811702489852905,1.4983104467391968,1.846274971961975,2.065289258956909,2.384037733078003,2.643458366394043,1.8679227828979492,1.818927526473999,1.4969455003738403,1.5771476030349731,1.6016793251037598,1.797377109527588,1.580863118171692,1.7412073612213135,1.5249278545379639,1.7460860013961792,1.7242928743362427,1.9407879114151,2.1289303302764893,2.2741997241973877,2.6366305351257324,1.0009129047393799,1.25603187084198,1.2041316032409668,1.4549776315689087,1.781917929649353,1.792255163192749,1.614906668663025,1.460858702659607,1.1777578592300415,1.1752222776412964,0.846433162689209,1.0620769262313843,0.9069802165031433,1.1453382968902588,1.3143426179885864,2.005117893218994,2.1352241039276123,2.3880579471588135,2.712954044342041,2.625969409942627,2.2862260341644287,2.0635159015655518,1.7693266868591309,1.855979084968567,1.660987377166748,1.9683173894882202,1.8849073648452759,2.1687073707580566,2.326036214828491,2.4970154762268066,2.5432069301605225,2.7490732669830322,2.7503905296325684,3.100569725036621,3.0966436862945557,2.958038806915283,2.5827620029449463,2.396169424057007,2.1654372215270996,1.9331903457641602,1.9618607759475708,1.6781220436096191,1.8957668542861938,1.7307261228561401,1.952691674232483
A7,0.8269706964492798,0.5712283849716187,0.5272207856178284,0.7168766260147095,0.5972887277603149,0.37493935227394104,0.0,0.3866465389728546,0.6151489615440369,0.9609982967376709,1.202055811882019,1.530720829963684,1.7842527627944946,2.083793878555298,2.3660929203033447,1.5715045928955078,1.5632096529006958,1.284023404121399,1.4478424787521362,1.4810278415679932,1.6073418855667114,1.3377591371536255,1.4409314393997192,1.193254828453064,1.3866394758224487,1.3774511814117432,1.5845011472702026,1.7984013557434082,1.9528249502182007,2.3190083503723145,0.7819713950157166,1.0502128601074219,1.0005995035171509,1.312907338142395,1.5850512981414795,1.559134840965271,1.328106164932251,1.1583157777786255,0.8360134959220886,0.8332047462463379,0.5215885043144226,0.7956266403198242,0.7722262740135193,1.050528645515442,1.2929905652999878,1.7049031257629395,1.8555132150650024,2.085374116897583,2.4280683994293213,2.362531900405884,2.0435595512390137,1.7859597206115723,1.4801945686340332,1.5213509798049927,1.3085517883300781,1.6119670867919922,1.5263932943344116,1.8271400928497314,1.985485315322876,2.1828720569610596,2.1845359802246094,2.381114959716797,2.389878988265991,2.7425777912139893,2.7349326610565186,2.5873639583587646,2.2128281593322754,2.021878242492676,1.7983267307281494,1.5725855827331543,1.6296119689941406,1.3726786375045776,1.6326055526733398,1.5267812013626099,1.7861154079437256
A8,0.5607025027275085,0.4672616124153137,0.6201257705688477,0.9355164766311646,0.9340839385986328,0.6594356894493103,0.3866465389728546,0.0,0.38101691007614136,0.6461899876594543,0.9294238686561584,1.237654209136963,1.4890164136886597,1.8062386512756348,2.065016508102417,1.5541104078292847,1.5274614095687866,1.2988910675048828,1.4942437410354614,1.4407281875610352,1.500304937362671,1.1954096555709839,1.2997362613677979,1.1001523733139038,1.2860511541366577,1.3773590326309204,1.5657013654708862,1.845407247543335,2.0073862075805664,2.376441478729248,1.0444806814193726,1.3099876642227173,1.2394671440124512,1.5654915571212769,1.7836591005325317,1.7516047954559326,1.461256504058838,1.2916721105575562,0.916009783744812,0.8474298119544983,0.5341098308563232,0.6695600152015686,0.7189958691596985,0.8900344371795654,1.210039496421814,1.5481611490249634,1.6390495300292969,1.8325577974319458,2.1578946113586426,2.0538694858551025,1.7431689500808716,1.4755138158798218,1.2131417989730835,1.2870135307312012,1.1485257148742676,1.4965648651123047,1.4795016050338745,1.8203012943267822,1.9995917081832886,2.2488210201263428,1.9133795499801636,2.147416591644287,2.163318157196045,2.528956413269043,2.5709927082061768,2.432375907897949,2.0608232021331787,1.8411660194396973,1.5742086172103882,1.3131980895996094,1.3095670938491821,1.0188894271850586,1.2538363933563232,1.1408836841583252,1.4078209400177002
A9,0.5271690487861633,0.6160725951194763,0.6501748561859131,1.0278019905090332,1.1121641397476196,0.9419668912887573,0.6151489615440369,0.38101691007614136,0.0,0.3725818991661072,0.5961899757385254,0.915841281414032,1.1794158220291138,1.4728806018829346,1.7599331140518188,1.2063230276107788,1.1848798990249634,1.0095417499542236,1.2632285356521606,1.2146135568618774,1.202958583831787,0.8636849522590637,0.9240910410881042,0.7340459823608398,0.9437020421028137,1.0915563106536865,1.317866325378418,1.6162333488464355,1.8284250497817993,2.1795454025268555,1.0679291486740112,1.2490309476852417,1.1184520721435547,1.4327155351638794,1.5849429368972778,1.568240761756897,1.2488714456558228,1.1452879905700684,0.7720997929573059,0.802997350692749,0.649630606174469,0.8337870836257935,1.0173157453536987,1.18896484375,1.5321085453033447,1.541626214981079,1.6565386056900024,1.7863363027572632,2.12884521484375,2.0421810150146484,1.7805651426315308,1.4591343402862549,1.2192920446395874,1.1938244104385376,1.0325473546981812,1.3444100618362427,1.2874940633773804,1.6487669944763184,1.7806296348571777,2.063385009765625,1.650884747505188,1.8907150030136108,1.9602245092391968,2.338325262069702,2.372945547103882,2.191791534423828,1.8303332328796387,1.5691927671432495,1.3387056589126587,1.0461094379425049,1.1144022941589355,0.8450021147727966,1.1323527097702026,1.122101068496704,1.376935601234436
A10,0.6377655863761902,0.8805533647537231,0.9873974323272705,1.374598503112793,1.4795223474502563,1.2811702489852905,0.9609982967376709,0.6461899876594543,0.3725818991661072,0.0,0.38242343068122864,0.6018425822257996,0.8982407450675964,1.188400149345398,1.4634101390838623,1.2529932260513306,1.2423977851867676,1.1677852869033813,1.448141098022461,1.3408869504928589,1.2292314767837524,0.8668761849403381,0.8633503317832947,0.7517377138137817,0.8865588307380676,1.1394121646881104,1.3123527765274048,1.6591602563858032,1.8655186891555786,2.2022087574005127,1.3527623414993286,1.5255006551742554,1.4086681604385376,1.7202613353729248,1.8115609884262085,1.7744141817092896,1.4233729839324951,1.3225761651992798,0.966763973236084,0.9406784176826477,0.861842930316925,0.9169577360153198,1.1624668836593628,1.2494173049926758,1.6168129444122314,1.4275078773498535,1.4896384477615356,1.5529190301895142,1.8762511014938354,1.768778681755066,1.5466253757476807,1.2037841081619263,1.0344502925872803,0.9952388405799866,0.9283339381217957,1.2420730590820312,1.257959246635437,1.6340947151184082,1.7765237092971802,2.1000988483428955,1.332527756690979,1.6085789203643799,1.6947813034057617,2.0813345909118652,2.1626839637756348,1.9880009889602661,1.6420360803604126,1.3524826765060425,1.0878678560256958,0.7551069259643555,0.7721481323242188,0.488728791475296,0.7916436195373535,0.86281818151474,1.1287548542022705
A11,0.7001560926437378,1.008592963218689,1.0619932413101196,1.4410675764083862,1.6304519176483154,1.4983104467391968,1.202055811882019,0.9294238686561584,0.5961899757385254,0.38242343068122864,0.0,0.3817909061908722,0.5869591236114502,0.8871341943740845,1.1674445867538452,1.0771878957748413,0.9928848147392273,0.9787976145744324,1.2438005208969116,1.0911015272140503,0.9057513475418091,0.5569369196891785,0.5799265503883362,0.6431915163993835,0.8521844744682312,1.1702260971069336,1.4009510278701782,1.7327121496200562,1.9953339099884033,2.29929780960083,1.5734020471572876,1.6722944974899292,1.4811935424804688,1.7319982051849365,1.7844072580337524,1.8079206943511963,1.4738401174545288,1.470383882522583,1.1569770574569702,1.2287076711654663,1.1899445056915283,1.292771339416504,1.529014229774475,1.6136821508407593,1.9824110269546509,1.7424538135528564,1.8032628297805786,1.8105735778808594,2.1186611652374268,2.000089168548584,1.8240230083465576,1.4728041887283325,1.3597500324249268,1.2743958234786987,1.2095447778701782,1.4619214534759521,1.4288920164108276,1.7981961965560913,1.8717108964920044,2.211266279220581,1.3369286060333252,1.6368056535720825,1.8014295101165771,2.191014289855957,2.2757697105407715,2.0538370609283447,1.739484429359436,1.3986949920654297,1.2003787755966187,0.8369380235671997,0.9060760140419006,0.6583899855613708,0.8836567401885986,1.0038580894470215,1.164920687675476
A12,1.0451703071594238,1.3712022304534912,1.4399234056472778,1.8204020261764526,1.9946515560150146,1.846274971961975,1.530720829963684,1.237654209136963,0.915841281414032,0.6018425822257996,0.3817909061908722,0.0,0.3740159571170807,0.5939756035804749,0.8922895789146423,1.178315281867981,1.1477569341659546,1.2430121898651123,1.529010534286499,1.3753080368041992,1.109210729598999,0.8009504675865173,0.6854671835899353,0.800783097743988,0.8688623309135437,1.2410401105880737,1.3999736309051514,1.7510020732879639,1.999752163887024,2.274050235748291,1.8216201066970825,1.90984308719635,1.7468857765197754,1.998660683631897,1.9908701181411743,1.9820365905761719,1.6338011026382446,1.6301321983337402,1.3537677526474,1.3918976783752441,1.4200446605682373,1.4617537260055542,1.742663860321045,1.7923921346664429,2.16225004196167,1.6989225149154663,1.729698657989502,1.6593904495239258,1.9408706426620483,1.829119324684143,1.7207289934158325,1.3639588356018066,1.325647234916687,1.1948881149291992,1.202131986618042,1.4011423587799072,1.4181760549545288,1.7715188264846802,1.8392139673233032,2.204130172729492,1.011900544166565,1.3373067378997803,1.5392308235168457,1.9230353832244873,2.042189359664917,1.8187987804412842,1.5414085388183594,1.1798020601272583,0.9948830008506775,0.6367114782333374,0.6994133591651917,0.5831134915351868,0.7663675546646118,1.0150574445724487,1.161293625831604
A13,1.1657601594924927,1.5226945877075195,1.600547194480896,1.962734341621399,2.193180799484253,2.065289258956909,1.7842527627944946,1.4890164136886597,1.1794158220291138,0.8982407450675964,0.5869591236114502,0.3740159571170807,0.0,0.3689929246902466,0.5818911790847778,1.3223743438720703,1.2055695056915283,1.3272790908813477,1.5472718477249146,1.3250749111175537,1.0185950994491577,0.8186715841293335,0.7901766300201416,1.0381686687469482,1.1582294702529907,1.5347793102264404,1.7226885557174683,2.055040121078491,2.327528953552246,2.5814266204833984,2.133626937866211,2.2010433673858643,1.9947130680084229,2.2040116786956787,2.1919195652008057,2.2334258556365967,1.9074434041976929,1.9496017694473267,1.6798399686813354,1.7458910942077637,1.746561884880066,1.7943387031555176,2.045095682144165,2.0672354698181152,2.4389760494232178,2.054374933242798,2.055391788482666,1.957742691040039,2.202181100845337,2.052485704421997,1.9696640968322754,1.6354273557662964,1.648407220840454,1.5449106693267822,1.5746736526489258,1.7651346921920776,1.7727491855621338,2.117340087890625,2.1536777019500732,2.519946813583374,1.2181400060653687,1.559204339981079,1.8012661933898926,2.170825481414795,2.314525842666626,2.078996181488037,1.8390038013458252,1.4656985998153687,1.3163583278656006,0.9791176319122314,0.9931801557540894,0.861598789691925,0.9071890115737915,1.1267285346984863,1.1504042148590088
A14,1.5200444459915161,1.865738868713379,1.9089140892028809,2.265505075454712,2.4924468994140625,2.384037733078003,2.083793878555298,1.8062386512756348,1.4728806018829346,1.188400149345398,0.8871341943740845,0.5939756035804749,0.3689929246902466,0.0,0.377880722284317,1.352891445159912,1.2770506143569946,1.4881186485290527,1.7215595245361328,1.5358779430389404,1.1815307140350342,1.0304667949676514,0.900205135345459,1.1729422807693481,1.215517520904541,1.5948323011398315,1.7493730783462524,2.0612611770629883,2.338517427444458,2.5480268001556396,2.3416342735290527,2.3708412647247314,2.1680819988250732,2.354628324508667,2.2826545238494873,2.316673994064331,2.0018115043640137,2.0769083499908447,1.8577039241790771,1.9417387247085571,2.00199818611145,2.052671194076538,2.3356993198394775,2.3695313930511475,2.7395520210266113,2.1824405193328857,2.193509340286255,2.045175075531006,2.273829698562622,2.1569950580596924,2.1319916248321533,1.7981823682785034,1.8358603715896606,1.6765626668930054,1.711790680885315,1.8313343524932861,1.8306258916854858,2.1409831047058105,2.135669708251953,2.506615161895752,1.1191591024398804,1.4309518337249756,1.7275458574295044,2.069913625717163,2.2110395431518555,1.9515506029129028,1.7674992084503174,1.3913708925247192,1.3232322931289673,1.0504167079925537,1.1198228597640991,1.104778528213501,1.1511317491531372,1.4271018505096436,1.4461294412612915
A15,1.719034194946289,2.0846142768859863,2.165536642074585,2.515493154525757,2.76517915725708,2.643458366394043,2.3660929203033447,2.065016508102417,1.7599331140518188,1.4634101390838623,1.1674445867538452,0.8922895789146423,0.5818911790847778,0.377880722284317,0.0,1.7046949863433838,1.5888855457305908,1.7866040468215942,1.9720478057861328,1.7341704368591309,1.3876858949661255,1.300832748413086,1.2398016452789307,1.5327098369598389,1.5917582511901855,1.9720580577850342,2.120515823364258,2.43509840965271,2.7056241035461426,2.909578561782837,2.6866607666015625,2.729731798171997,2.517979621887207,2.697542428970337,2.6364898681640625,2.68636155128479,2.374595880508423,2.4466066360473633,2.21217679977417,2.277902841567993,2.3082761764526367,2.3298308849334717,2.5913898944854736,2.58170747756958,2.949180841445923,2.4505951404571533,2.414722442626953,2.239441156387329,2.4192419052124023,2.260512590408325,2.2647340297698975,1.9645262956619263,2.0604898929595947,1.941983699798584,2.0239064693450928,2.1568150520324707,2.186718702316284,2.4961485862731934,2.4991142749786377,2.872114658355713,1.333109974861145,1.6553937196731567,1.949441909790039,2.270097017288208,2.4547536373138428,2.2171881198883057,2.063009262084961,1.6990141868591309,1.615639328956604,1.3543378114700317,1.3438657522201538,1.317517876625061,1.2586885690689087,1.5113338232040405,1.4407103061676025
B1,1.5165115594863892,1.6274219751358032,1.4034991264343262,1.6392441987991333,1.7952684164047241,1.8679227828979492,1.5715045928955078,1.5541104078292847,1.2063230276107788,1.2529932260513306,1.0771878957748413,1.178315281867981,1.3223743438720703,1.352891445159912,1.7046949863433838,0.0,0.3749125301837921,0.6170337200164795,0.9577040076255798,1.1408885717391968,0.966593861579895,0.8123194575309753,0.5544004440307617,0.5066836476325989,0.6220920085906982,0.6835360527038574,1.0316712856292725,1.1554187536239624,1.5289092063903809,1.725502371788025,1.4637256860733032,1.3021571636199951,1.0447604656219482,1.1147040128707886,0.9522193074226379,1.0445910692214966,0.8359473347663879,1.1059828996658325,1.0776647329330444,1.3895199298858643,1.5523855686187744,1.8261301517486572,2.0968942642211914,2.336944103240967,2.661569833755493,2.15024471282959,2.369677782058716,2.384345293045044,2.7450883388519287,2.759714365005493,2.619532823562622,2.247875452041626,2.0428426265716553,1.7944283485412598,1.5467605590820312,1.5795620679855347,1.3035221099853516,1.540156602859497,1.3962968587875366,1.6636383533477783,1.7093883752822876,1.8323997259140015,2.055495500564575,2.385885715484619,2.302316427230835,1.977118968963623,1.7220288515090942,1.4348993301391602,1.5036143064498901,1.3192700147628784,1.6393136978149414,1.5831395387649536,1.8868576288223267,2.0606822967529297,2.2399990558624268
B2,1.3667973279953003,1.4957070350646973,1.2770898342132568,1.5004783868789673,1.7315804958343506,1.818927526473999,1.5632096529006958,1.5274614095687866,1.1848798990249634,1.2423977851867676,0.9928848147392273,1.1477569341659546,1.2055695056915283,1.2770506143569946,1.5888855457305908,0.3749125301837921,0.0,0.3768952190876007,0.6570580005645752,0.7936148643493652,0.6121312379837036,0.5592035055160522,0.4636053740978241,0.6063846349716187,0.8691703677177429,1.0039535760879517,1.366457462310791,1.5176608562469482,1.88539719581604,2.0966639518737793,1.6176173686981201,1.4854581356048584,1.1687426567077637,1.2032290697097778,1.123500108718872,1.3009631633758545,1.11588454246521,1.3675851821899414,1.266147255897522,1.5675910711288452,1.649049162864685,1.9229458570480347,2.1555471420288086,2.368882179260254,2.704324960708618,2.356428623199463,2.5385513305664062,2.5542972087860107,2.9028232097625732,2.8686578273773193,2.7142183780670166,2.3447906970977783,2.1625614166259766,1.9622442722320557,1.7471184730529785,1.843428611755371,1.6035009622573853,1.8745336532592773,1.759138584136963,2.030103921890259,1.8657363653182983,2.046649694442749,2.2847187519073486,2.634725570678711,2.5922653675079346,2.2728495597839355,2.011624574661255,1.691625952720642,1.708963394165039,1.4589743614196777,1.722983956336975,1.5979677438735962,1.8578914403915405,1.9942290782928467,2.120598554611206
B3,1.149058222770691,1.205973744392395,0.9445073008537292,1.1325172185897827,1.3807706832885742,1.4969455003738403,1.284023404121399,1.2988910675048828,1.0095417499542236,1.1677852869033813,0.9787976145744324,1.2430121898651123,1.3272790908813477,1.4881186485290527,1.7866040468215942,0.6170337200164795,0.3768952190876007,0.0,0.3866564631462097,0.587762176990509,0.598173201084137,0.5331562161445618,0.630246102809906,0.6577478051185608,0.9979263544082642,1.0810561180114746,1.463888168334961,1.6169705390930176,1.9626609086990356,2.2142858505249023,1.4183591604232788,1.3132723569869995,0.9648230671882629,1.0045677423477173,1.0494651794433594,1.2563835382461548,1.0861096382141113,1.2986977100372314,1.1526068449020386,1.4566218852996826,1.467758059501648,1.770592451095581,1.9498679637908936,2.1760995388031006,2.4955244064331055,2.3444039821624756,2.525897264480591,2.591695785522461,2.9478037357330322,2.8955078125,2.6963019371032715,2.3399124145507812,2.1268534660339355,1.9765161275863647,1.7445088624954224,1.8961952924728394,1.6608129739761353,1.9492794275283813,1.8791260719299316,2.1270534992218018,2.0515198707580566,2.250864028930664,2.4476239681243896,2.8106305599212646,2.7721564769744873,2.4792473316192627,2.1816115379333496,1.8765594959259033,1.8352251052856445,1.5620722770690918,1.7863320112228394,1.59714674949646,1.8592009544372559,1.9278953075408936,2.061070442199707
B4,1.268004298210144,1.2834805250167847,1.0086088180541992,1.0909090042114258,1.4034559726715088,1.5771476030349731,1.4478424787521362,1.4942437410354614,1.2632285356521606,1.448141098022461,1.2438005208969116,1.529010534286499,1.5472718477249146,1.7215595245361328,1.9720478057861328,0.9577040076255798,0.6570580005645752,0.3866564631462097,0.0,0.3965224325656891,0.608715832233429,0.739311158657074,0.9520319104194641,1.0372565984725952,1.3837958574295044,1.4558686017990112,1.8411595821380615,1.9712146520614624,2.3165090084075928,2.5604426860809326,1.6578727960586548,1.5459030866622925,1.1749062538146973,1.123575210571289,1.2225534915924072,1.4991258382797241,1.3957725763320923,1.6178721189498901,1.4751216173171997,1.77420973777771,1.7325574159622192,2.041022300720215,2.168675661087036,2.384150743484497,2.690793991088867,2.6902449131011963,2.858617067337036,2.93497896194458,3.28414249420166,3.2066256999969482,2.993612051010132,2.647029161453247,2.441124677658081,2.3228540420532227,2.099860906600952,2.2711844444274902,2.037362813949585,2.321310043334961,2.2448718547821045,2.4728071689605713,2.4012515544891357,2.61759090423584,2.8211324214935303,3.1878821849823,3.1569604873657227,2.862010955810547,2.5670409202575684,2.256808280944824,2.206242084503174,1.9159140586853027,2.108964443206787,1.882179617881775,2.1062254905700684,2.130352020263672,2.21584415435791
B5,1.0779213905334473,1.1706002950668335,0.9984244704246521,1.1388407945632935,1.4985491037368774,1.6016793251037598,1.4810278415679932,1.4407281875610352,1.2146135568618774,1.3408869504928589,1.0911015272140503,1.3753080368041992,1.3250749111175537,1.5358779430389404,1.7341704368591309,1.1408885717391968,0.7936148643493652,0.587762176990509,0.3965224325656891,0.0,0.3829314708709717,0.597127377986908,0.9270648956298828,1.1032119989395142,1.4683496952056885,1.6280052661895752,1.9982119798660278,2.1879007816314697,2.526794672012329,2.7893495559692383,1.8478456735610962,1.8037766218185425,1.453072428703308,1.4705899953842163,1.5817252397537231,1.8220536708831787,1.6605511903762817,1.8339869976043701,1.6222624778747559,1.8675689697265625,1.7791482210159302,2.0368456840515137,2.1532506942749023,2.310875177383423,2.6337058544158936,2.6994900703430176,2.817718505859375,2.873918294906616,3.198117733001709,3.076843500137329,2.869091510772705,2.532715320587158,2.371511220932007,2.2914488315582275,2.1240732669830322,2.336498975753784,2.1577789783477783,2.4772377014160156,2.435980796813965,2.7013769149780273,2.3300883769989014,2.5917716026306152,2.803093671798706,3.1820924282073975,3.2004568576812744,2.9181127548217773,2.621779680252075,2.284407377243042,2.190854072570801,1.8620548248291016,1.9950370788574219,1.7322676181793213,1.8975543975830078,1.8983774185180664,1.9292174577713013
B6,1.1289784908294678,1.3195273876190186,1.1931054592132568,1.4175080060958862,1.7446457147598267,1.797377109527588,1.6073418855667114,1.500304937362671,1.202958583831787,1.2292314767837524,0.9057513475418091,1.109210729598999,1.0185950994491577,1.1815307140350342,1.3876858949661255,0.966593861579895,0.6121312379837036,0.598173201084137,0.608715832233429,0.3829314708709717,0.0,0.37699779868125916,0.6590787768363953,0.9411293268203735,1.2728971242904663,1.4968446493148804,1.8469469547271729,2.0607893466949463,2.4088549613952637,2.653663396835327,1.9250987768173218,1.8776835203170776,1.5448893308639526,1.5974328517913818,1.6296472549438477,1.8330215215682983,1.630197286605835,1.8119122982025146,1.6046656370162964,1.8403799533843994,1.8049026727676392,2.0321273803710938,2.2061126232147217,2.346683979034424,2.6933088302612305,2.5787551403045654,2.686577558517456,2.696462631225586,3.0106329917907715,2.896143674850464,2.727694272994995,2.3783533573150635,2.250887632369995,2.1358964443206787,1.9949573278427124,2.1798431873321533,2.01686429977417,2.338334083557129,2.283402919769287,2.5787482261657715,2.0365374088287354,2.3008058071136475,2.542124032974243,2.9157629013061523,2.94759202003479,2.653707504272461,2.3813865184783936,2.02588152885437,1.9556723833084106,1.629192590713501,1.77729070186615,1.557259440422058,1.7167402505874634,1.7843647003173828,1.811692237854004
B7,0.8894519209861755,1.1084455251693726,1.0094705820083618,1.3095906972885132,1.5835392475128174,1.580863118171692,1.3377591371536255,1.1954096555709839,0.8636849522590637,0.8668761849403381,0.5569369196891785,0.8009504675865173,0.8186715841293335,1.0304667949676514,1.300832748413086,0.8123194575309753,0.5592035055160522,0.5331562161445618,0.739311158657074,0.597127377986908,0.37699779868125916,0.0,0.3810167610645294,0.6184536814689636,0.9569498300552368,1.20867919921875,1.5398967266082764,1.7912460565567017,2.1184911727905273,2.3878726959228516,1.6481131315231323,1.641219139099121,1.3487931489944458,1.4850629568099976,1.523169755935669,1.6572002172470093,1.3980844020843506,1.5256930589675903,1.285117745399475,1.4918057918548584,1.4680932760238647,1.6791404485702515,1.8798351287841797,2.023569345474243,2.376504421234131,2.2019407749176025,2.3126723766326904,2.3307113647460938,2.653318405151367,2.5521552562713623,2.3770320415496826,2.0229461193084717,1.8811897039413452,1.7616357803344727,1.6204825639724731,1.8181339502334595,1.6764681339263916,2.0140342712402344,1.9962280988693237,2.305860757827759,1.7333265542984009,1.9974923133850098,2.2120089530944824,2.5914056301116943,2.625549077987671,2.349956512451172,2.0568413734436035,1.7078529596328735,1.608543872833252,1.27785325050354,1.4313985109329224,1.2148845195770264,1.4172375202178955,1.504111647605896,1.5933603048324585
B8,1.1228692531585693,1.3398951292037964,1.2267513275146484,1.5428237915039062,1.7544491291046143,1.7412073612213135,1.4409314393997192,1.2997362613677979,0.9240910410881042,0.8633503317832947,0.5799265503883362,0.6854671835899353,0.7901766300201416,0.900205135345459,1.2398016452789307,0.5544004440307617,0.4636053740978241,0.630246102809906,0.9520319104194641,0.9270648956298828,0.6590787768363953,0.3810167610645294,0.0,0.38036173582077026,0.6358320713043213,0.9260414838790894,1.2335416078567505,1.488175630569458,1.8220452070236206,2.068863868713379,1.5923043489456177,1.5556429624557495,1.3020424842834473,1.4587490558624268,1.4123470783233643,1.490058422088623,1.2047122716903687,1.346352219581604,1.1560211181640625,1.3722779750823975,1.444515347480774,1.6481919288635254,1.9112054109573364,2.0756096839904785,2.430445909500122,2.022017002105713,2.1614503860473633,2.1505112648010254,2.483240842819214,2.4288394451141357,2.2881104946136475,1.9182747602462769,1.7725235223770142,1.583237648010254,1.42600417137146,1.5593398809432983,1.3993078470230103,1.7191141843795776,1.6742219924926758,1.9985915422439575,1.4601316452026367,1.6861814260482788,1.9185905456542969,2.286311626434326,2.2959907054901123,2.001805067062378,1.7247477769851685,1.375025987625122,1.3319287300109863,1.0415164232254028,1.276181936264038,1.1560324430465698,1.408846139907837,1.5772159099578857,1.7161542177200317
B9,1.0958315134048462,1.2389533519744873,1.0950006246566772,1.4113256931304932,1.5457454919815063,1.5249278545379639,1.193254828453064,1.1001523733139038,0.7340459823608398,0.7517377138137817,0.6431915163993835,0.800783097743988,1.0381686687469482,1.1729422807693481,1.5327098369598389,0.5066836476325989,0.6063846349716187,0.6577478051185608,1.0372565984725952,1.1032119989395142,0.9411293268203735,0.6184536814689636,0.38036173582077026,0.0,0.3734618127346039,0.598388671875,0.9237807393074036,1.184840202331543,1.501796007156372,1.7808583974838257,1.234754204750061,1.2078683376312256,1.0005125999450684,1.2214540243148804,1.190635085105896,1.1998167037963867,0.8765631318092346,0.9731087684631348,0.7810262441635132,1.0166808366775513,1.1317005157470703,1.3663759231567383,1.6443954706192017,1.8548240661621094,2.1921839714050293,1.7520331144332886,1.9373195171356201,1.972638726234436,2.333029270172119,2.3174667358398438,2.1494991779327393,1.781266689300537,1.5726128816604614,1.365850806236267,1.1432600021362305,1.2721740007400513,1.077243447303772,1.4013670682907104,1.3841781616210938,1.694697618484497,1.4375686645507812,1.6189830303192139,1.7946467399597168,2.1585888862609863,2.1296441555023193,1.8539994955062866,1.5411838293075562,1.234880805015564,1.1806262731552124,0.9321326017379761,1.2074072360992432,1.107056736946106,1.4279613494873047,1.581894874572754,1.7939797639846802
B10,1.3742890357971191,1.521074891090393,1.4016845226287842,1.7185189723968506,1.794198989868164,1.7460860013961792,1.3866394758224487,1.2860511541366577,0.9437020421028137,0.8865588307380676,0.8521844744682312,0.8688623309135437,1.1582294702529907,1.215517520904541,1.5917582511901855,0.6220920085906982,0.8691703677177429,0.9979263544082642,1.3837958574295044,1.4683496952056885,1.2728971242904663,0.9569498300552368,0.6358320713043213,0.3734618127346039,0.0,0.38482218980789185,0.6069325804710388,0.9089879393577576,1.209923267364502,1.4757647514343262,1.2758408784866333,1.2438225746154785,1.1302082538604736,1.3734798431396484,1.2709110975265503,1.181193232536316,0.8320542573928833,0.885362446308136,0.7726482152938843,0.9588161110877991,1.182361125946045,1.3707737922668457,1.7009109258651733,1.9131324291229248,2.239180088043213,1.546794056892395,1.7607194185256958,1.7673554420471191,2.1324164867401123,2.170620918273926,2.040249824523926,1.6715483665466309,1.4639233350753784,1.1849284172058105,0.9502296447753906,0.984359860420227,0.7761806845664978,1.0842270851135254,1.0604602098464966,1.4001480340957642,1.2002619504928589,1.3179863691329956,1.4866384267807007,1.833001971244812,1.7750288248062134,1.4917161464691162,1.1838798522949219,0.8953493237495422,0.9045270085334778,0.7520046830177307,1.100991129875183,1.1207314729690552,1.4635045528411865,1.676769495010376,1.9251713752746582
B11,1.5718151330947876,1.6346327066421509,1.4554024934768677,1.715369462966919,1.727798581123352,1.7242928743362427,1.3774511814117432,1.3773590326309204,1.0915563106536865,1.1394121646881104,1.1702260971069336,1.2410401105880737,1.5347793102264404,1.5948323011398315,1.9720580577850342,0.6835360527038574,1.0039535760879517,1.0810561180114746,1.4558686017990112,1.6280052661895752,1.4968446493148804,1.20867919921875,0.9260414838790894,0.598388671875,0.38482218980789185,0.0,0.3866523504257202,0.5890306234359741,0.9133954048156738,1.190170407295227,1.0541667938232422,0.9531481266021729,0.9004068970680237,1.1389660835266113,1.004271388053894,0.8380237817764282,0.48888424038887024,0.5641167759895325,0.6113809943199158,0.8657887578010559,1.1542664766311646,1.3956822156906128,1.7101109027862549,1.9806097745895386,2.2700867652893066,1.5722849369049072,1.8503021001815796,1.9065202474594116,2.288177490234375,2.3717775344848633,2.222649574279785,1.8708202838897705,1.607572078704834,1.3196974992752075,1.0064488649368286,0.9712778925895691,0.6449716687202454,0.8797375559806824,0.8117653727531433,1.0994833707809448,1.4787763357162476,1.522708773612976,1.6410990953445435,1.950796127319336,1.8201063871383667,1.5453686714172363,1.2398196458816528,1.0502251386642456,1.1080172061920166,1.0446418523788452,1.3927422761917114,1.418097972869873,1.7795814275741577,1.963279366493225,2.237905263900757
B12,1.8246169090270996,1.8937071561813354,1.7548366785049438,2.0224180221557617,1.9858310222625732,1.9407879114151,1.5845011472702026,1.5657013654708862,1.317866325378418,1.3123527765274048,1.4009510278701782,1.3999736309051514,1.7226885557174683,1.7493730783462524,2.120515823364258,1.0316712856292725,1.366457462310791,1.463888168334961,1.8411595821380615,1.9982119798660278,1.8469469547271729,1.5398967266082764,1.2335416078567505,0.9237807393074036,0.6069325804710388,0.3866523504257202,0.0,0.381151407957077,0.6083422303199768,0.9000774025917053,1.1783130168914795,1.1184492111206055,1.1800447702407837,1.4359818696975708,1.2833523750305176,1.027828335762024,0.7234374284744263,0.6564684510231018,0.7699954509735107,0.8897607922554016,1.2459722757339478,1.4139729738235474,1.756483793258667,2.01505446434021,2.280360698699951,1.3565680980682373,1.663973331451416,1.7060178518295288,2.082324981689453,2.223464250564575,2.106194496154785,1.7756575345993042,1.5151424407958984,1.1830759048461914,0.8744038343429565,0.7027987837791443,0.34428468346595764,0.510146975517273,0.4771917164325714,0.8125343918800354,1.3648756742477417,1.3248766660690308,1.3887795209884644,1.6586759090423584,1.4857603311538696,1.2338171005249023,0.9314830303192139,0.8422567844390869,0.9521977305412292,1.0226725339889526,1.3733246326446533,1.4878308773040771,1.8475086688995361,2.060594081878662,2.3644866943359375
B13,2.1237761974334717,2.1529295444488525,1.9658668041229248,2.1832101345062256,2.121155261993408,2.1289303302764893,1.7984013557434082,1.845407247543335,1.6162333488464355,1.6591602563858032,1.7327121496200562,1.7510020732879639,2.055040121078491,2.0612611770629883,2.43509840965271,1.1554187536239624,1.5176608562469482,1.6169705390930176,1.9712146520614624,2.1879007816314697,2.0607893466949463,1.7912460565567017,1.488175630569458,1.184840202331543,0.9089879393577576,0.5890306234359741,0.381151407957077,0.0,0.3817709684371948,0.6058946251869202,1.2518219947814941,1.0988670587539673,1.200281023979187,1.3865817785263062,1.1713932752609253,0.8635672330856323,0.6857579946517944,0.6936291456222534,0.9635034799575806,1.1281322240829468,1.4906129837036133,1.692920207977295,2.0085058212280273,2.2996366024017334,2.5368492603302,1.6255059242248535,1.9621995687484741,2.019160509109497,2.3897345066070557,2.5614593029022217,2.4474575519561768,2.130741596221924,1.856456995010376,1.5284817218780518,1.2079418897628784,0.9924799203872681,0.6267978549003601,0.5548793077468872,0.3109881579875946,0.5180805325508118,1.694440245628357,1.6034430265426636,1.6599684953689575,1.8761426210403442,1.6356841325759888,1.3823412656784058,1.1471736431121826,1.1343953609466553,1.3035426139831543,1.39972722530365,1.753071904182434,1.8652287721633911,2.2267861366271973,2.431973457336426,2.7351021766662598
