,A1,A2,A3,A4,A5,A6,A7,A8,A9,A10,A11,A12,A13,A14,A15,B1,B2,B3,B4,B5,B6,B7,B8,B9,B10,B11,B12,B13,B14,B15,C1,C2,C3,C4,C5,C6,C7,C8,C9,C10,C11,C12,C13,C14,C15,D1,D2,D3,D4,D5,D6,D7,D8,D9,D10,D11,D12,D13,D14,D15,E1,E2,E3,E4,E5,E6,E7,E8,E9,E10,E11,E12,E13,E14,E15
A1,0.0,0.383614718914032,0.5897185802459717,0.8656790852546692,1.0847138166427612,1.3315988779067993,1.6395281553268433,1.8628994226455688,2.1935393810272217,2.4748342037200928,2.7558414936065674,3.039890766143799,3.3680059909820557,3.613629102706909,3.9051642417907715,1.6561471223831177,1.3686127662658691,1.6173880100250244,1.5507149696350098,1.34286630153656,1.6550097465515137,1.5939375162124634,1.746374487876892,1.9968026876449585,2.151247024536133,2.4931037425994873,2.591670274734497,2.973773717880249,3.0698211193084717,3.332735300064087,2.7778029441833496,2.4889004230499268,2.5376696586608887,2.216660976409912,2.0766220092773438,2.2345569133758545,2.002382755279541,2.23494553565979,2.2054121494293213,2.3932292461395264,2.558771848678589,2.6176493167877197,2.9168941974639893,2.8383655548095703,3.1541876792907715,2.8902387619018555,2.71254563331604,2.5886900424957275,2.2233777046203613,2.296710729598999,2.3278260231018066,2.248619794845581,2.5646004676818848,2.492109537124634,2.817824602127075,2.868849277496338,3.1017098426818848,3.319972515106201,3.3446311950683594,3.719592809677124,1.8760871887207031,1.9103695154190063,1.6737030744552612,1.5044660568237305,1.8416881561279297,1.842964768409729,2.073737621307373,2.3867979049682617,2.4948480129241943,2.872077703475952,2.984729290008545,3.334500312805176,3.577655553817749,3.76698637008667,4.126709938049316
A2,0.383614718914032,0.0,0.3792044222354889,0.6074860095977783,0.7325003743171692,1.0145691633224487,1.2899025678634644,1.5137954950332642,1.8473947048187256,2.124274969100952,2.417497158050537,2.6880297660827637,3.026045322418213,3.2591373920440674,3.5513978004455566,1.71168053150177,1.381238579750061,1.553021788597107,1.4060596227645874,1.1644748449325562,1.4427402019500732,1.3204076290130615,1.490339994430542,1.6994500160217285,1.8690743446350098,2.1951472759246826,2.2970056533813477,2.6772711277008057,2.7593541145324707,3.040637493133545,2.620378255844116,2.3281760215759277,2.325575590133667,1.9806959629058838,1.8559589385986328,1.9736639261245728,1.7421733140945435,1.9911657571792603,1.939953088760376,2.1593117713928223,2.303593873977661,2.4009575843811035,2.6928818225860596,2.637995719909668,2.975722074508667,2.598094940185547,2.4185805320739746,2.262902021408081,1.8987709283828735,1.9846410751342773,1.9895858764648438,1.934035301208496,2.2529587745666504,2.1927950382232666,2.534773826599121,2.589846611022949,2.8510284423828125,3.07444429397583,3.134991407394409,3.5129318237304688,1.5792920589447021,1.57611083984375,1.3134440183639526,1.1413953304290771,1.4754853248596191,1.4670709371566772,1.7154483795166016,2.0228705406188965,2.152669906616211,2.5278806686401367,2.6594619750976562,3.0103766918182373,3.266395330429077,3.4688870906829834,3.8226230144500732
A3,0.5897185802459717,0.3792044222354889,0.0,0.37940987944602966,0.5880346894264221,0.7576872110366821,1.095599889755249,1.3201072216033936,1.635113000869751,1.9319018125534058,2.192258596420288,2.4952564239501953,2.8115322589874268,3.063521146774292,3.363224744796753,1.5373928546905518,1.1731995344161987,1.2957284450531006,1.174278736114502,0.8733699321746826,1.125361680984497,1.0180423259735107,1.159109115600586,1.4107259511947632,1.583959937095642,1.9242311716079712,2.055473566055298,2.4369354248046875,2.561645030975342,2.841702699661255,2.502319097518921,2.1766092777252197,2.1641550064086914,1.8331466913223267,1.644444465637207,1.7397606372833252,1.4678033590316772,1.67778480052948,1.6217150688171387,1.8145909309387207,1.9757871627807617,2.057182788848877,2.3638739585876465,2.3191661834716797,2.6508777141571045,2.6361148357391357,2.4086105823516846,2.2433581352233887,1.8677310943603516,1.8808839321136475,1.8549375534057617,1.734941005706787,2.0238325595855713,1.9215238094329834,2.2417140007019043,2.281172752380371,2.5207107067108154,2.738147258758545,2.7791411876678467,3.156187057495117,1.8004961013793945,1.7235820293426514,1.428905963897705,1.1946966648101807,1.4575048685073853,1.3800963163375854,1.5715044736862183,1.8661969900131226,1.9371334314346313,2.311955451965332,2.405325174331665,2.7570979595184326,2.9915974140167236,3.1829559803009033,3.5414717197418213
A4,0.8656790852546692,0.6074860095977783,0.37940987944602966,0.0,0.3883388936519623,0.5807409286499023,0.8747556805610657,1.1781326532363892,1.4462825059890747,1.782294750213623,2.0271546840667725,2.3356215953826904,2.6544837951660156,2.878927707672119,3.201430559158325,1.3774911165237427,1.0086106061935425,1.0569053888320923,0.8555017113685608,0.5774857997894287,0.8456119894981384,0.7661672234535217,1.0127366781234741,1.255989909172058,1.5087521076202393,1.8228648900985718,2.0118815898895264,2.3838112354278564,2.5243747234344482,2.8353357315063477,2.1438937187194824,1.8188623189926147,1.7899925708770752,1.4546400308609009,1.278083324432373,1.3844469785690308,1.1447139978408813,1.401816487312317,1.3976445198059082,1.645440697669983,1.8381227254867554,1.9792033433914185,2.307000160217285,2.3236942291259766,2.667163610458374,2.312283515930176,2.062666654586792,1.9115129709243774,1.5329012870788574,1.5195283889770508,1.5184879302978516,1.394546389579773,1.7026393413543701,1.6402252912521362,1.9738434553146362,2.061480760574341,2.306522846221924,2.5618276596069336,2.6249077320098877,3.00115966796875,1.6982052326202393,1.5543298721313477,1.2884992361068726,0.9820241928100586,1.192431926727295,1.1448442935943604,1.283762812614441,1.608300805091858,1.6763447523117065,2.0564980506896973,2.1735055446624756,2.5055625438690186,2.763941764831543,2.933053493499756,3.29699444770813
A5,1.0847138166427612,0.7325003743171692,0.5880346894264221,0.3883388936519623,0.0,0.3706398010253906,0.5688924193382263,0.8558014631271362,1.1504555940628052,1.462915062904358,1.7410751581192017,2.0199015140533447,2.357964038848877,2.5717105865478516,2.884739875793457,1.7290436029434204,1.3632307052612305,1.3461291790008545,1.0796599388122559,0.7932639718055725,0.9287486672401428,0.6970963478088379,0.9243776798248291,1.0611486434936523,1.3064249753952026,1.591845989227295,1.7567058801651,2.1237030029296875,2.227433681488037,2.551516056060791,2.244507074356079,1.9333410263061523,1.8305988311767578,1.4686033725738525,1.3320165872573853,1.349648118019104,1.110221028327942,1.3710092306137085,1.2992421388626099,1.5779447555541992,1.70879328250885,1.8886451721191406,2.1831462383270264,2.2076351642608643,2.571302890777588,2.156620502471924,1.9238011837005615,1.7125320434570312,1.3453437089920044,1.3710869550704956,1.3038562536239624,1.2358980178833008,1.5410569906234741,1.4889839887619019,1.8468841314315796,1.920051097869873,2.212463617324829,2.455502986907959,2.5686771869659424,2.9442992210388184,1.4622260332107544,1.286882996559143,0.9785941243171692,0.698714017868042,0.8913258910179138,0.7955846786499023,0.9985453486442566,1.3033109903335571,1.422333836555481,1.7989250421524048,1.9451122283935547,2.2887237071990967,2.5608367919921875,2.7642018795013428,3.1141066551208496
A6,1.3315988779067993,1.0145691633224487,0.7576872110366821,0.5807409286499023,0.3706398010253906,0.0,0.3762185871601105,0.6177428960800171,0.8885347247123718,1.2149126529693604,1.4562876224517822,1.7695159912109375,2.082688570022583,2.3227128982543945,2.6367549896240234,1.7850533723831177,1.4112153053283691,1.3173621892929077,1.077489972114563,0.7375709414482117,0.7284120321273804,0.40745118260383606,0.5607880353927612,0.7048110961914062,0.9581120014190674,1.254085898399353,1.448094367980957,1.8140933513641357,1.9581477642059326,2.2796614170074463,2.2864415645599365,1.949108600616455,1.8143309354782104,1.477323293685913,1.271721601486206,1.2120906114578247,0.9062660932540894,1.0930949449539185,0.9643131494522095,1.2204631567001343,1.3414613008499146,1.5191417932510376,1.8167660236358643,1.8562710285186768,2.219909191131592,2.2996931076049805,2.030216693878174,1.7967109680175781,1.4441554546356201,1.385636329650879,1.2445478439331055,1.0981318950653076,1.3391715288162231,1.2146941423416138,1.550320029258728,1.586061954498291,1.8730868101119995,2.0993473529815674,2.2089810371398926,2.5849225521087646,1.752712607383728,1.5362063646316528,1.213851809501648,0.946504533290863,1.0112038850784302,0.7918062806129456,0.9031546711921692,1.1490223407745361,1.1872798204421997,1.557922124862671,1.6538052558898926,2.0086467266082764,2.253134250640869,2.4606621265411377,2.811371326446533
A7,1.6395281553268433,1.2899025678634644,1.095599889755249,0.8747556805610657,0.5688924193382263,0.3762185871601105,0.0,0.3767395317554474,0.5911725163459778,0.9307431578636169,1.1890084743499756,1.473681926727295,1.8064347505569458,2.012521266937256,2.3355789184570312,2.0252394676208496,1.6709078550338745,1.5254154205322266,1.230394959449768,0.9626593589782715,0.8664016127586365,0.516028881072998,0.6715792417526245,0.6196537017822266,0.9120060801506042,1.1203038692474365,1.331515908241272,1.6683781147003174,1.7860370874404907,2.1366724967956543,2.2351553440093994,1.9234528541564941,1.7229535579681396,1.383144497871399,1.235953688621521,1.0949066877365112,0.8473345637321472,1.0472955703735352,0.8978121876716614,1.2100744247436523,1.2817050218582153,1.534720540046692,1.799996256828308,1.8889366388320923,2.262254238128662,2.0635998249053955,1.798836350440979,1.5247702598571777,1.2039519548416138,1.1504980325698853,0.9433034062385559,0.854237973690033,1.0859880447387695,1.0085183382034302,1.370335578918457,1.4291635751724243,1.7605088949203491,1.9974154233932495,2.167189598083496,2.5319814682006836,1.6431984901428223,1.3702574968338013,1.0678850412368774,0.8267263174057007,0.7582921981811523,0.46626096963882446,0.5518536567687988,0.7795616388320923,0.8687794208526611,1.2395575046539307,1.3875093460083008,1.7357217073440552,2.0116539001464844,2.2341227531433105,2.5727524757385254
A8,1.8628994226455688,1.5137954950332642,1.3201072216033936,1.1781326532363892,0.8558014631271362,0.6177428960800171,0.3767395317554474,0.0,0.3685595989227295,0.615536093711853,0.9093664884567261,1.17964506149292,1.5144498348236084,1.751182198524475,2.0475876331329346,2.354924440383911,1.9931071996688843,1.8399736881256104,1.5720720291137695,1.2792878150939941,1.1300852298736572,0.7589237093925476,0.7238318920135498,0.5063039660453796,0.666538655757904,0.8297301530838013,0.9855855703353882,1.3202455043792725,1.4149113893508911,1.765099048614502,2.5617761611938477,2.2518982887268066,2.024505853652954,1.7036826610565186,1.5491477251052856,1.3472375869750977,1.0881690979003906,1.18594491481781,0.9296819567680359,1.1727509498596191,1.1349735260009766,1.3771533966064453,1.580216407775879,1.651771068572998,2.0295157432556152,2.2913742065429688,2.0440640449523926,1.7314406633377075,1.4566079378128052,1.4087494611740112,1.128665804862976,1.0563987493515015,1.1867785453796387,1.0473895072937012,1.364403247833252,1.3396235704421997,1.6928075551986694,1.870571255683899,2.0668604373931885,2.421055316925049,1.7943388223648071,1.5340789556503296,1.2109239101409912,1.070799708366394,0.9733396172523499,0.6084428429603577,0.6984377503395081,0.7418204545974731,0.8112940192222595,1.1268891096115112,1.2385700941085815,1.6100579500198364,1.8531447649002075,2.1235151290893555,2.4376776218414307
A9,2.1935393810272217,1.8473947048187256,1.635113000869751,1.4462825059890747,1.1504555940628052,0.8885347247123718,0.5911725163459778,0.3685595989227295,0.0,0.3816450238227844,0.5993992686271667,0.895452618598938,1.2163950204849243,1.4352450370788574,1.756730079650879,2.4893276691436768,2.149306058883667,1.938467025756836,1.6670587062835693,1.4233909845352173,1.194383978843689,0.8710532188415527,0.8167387843132019,0.48922601342201233,0.6668879389762878,0.6776232123374939,0.9141452312469482,1.1810802221298218,1.3066620826721191,1.6751335859298706,2.5063276290893555,2.2091004848480225,1.9393177032470703,1.6589336395263672,1.5124740600585938,1.237515926361084,1.0263209342956543,1.060534119606018,0.7942081093788147,1.0407460927963257,0.9652582406997681,1.2759541273117065,1.4549529552459717,1.6027002334594727,1.9676868915557861,2.2485008239746094,1.9825037717819214,1.6640336513519287,1.4411662817001343,1.3311477899551392,0.9964978098869324,0.9078139066696167,0.9328176975250244,0.7842255234718323,1.0720068216323853,1.0493192672729492,1.4235528707504272,1.6073501110076904,1.848067045211792,2.184382915496826,2.0055251121520996,1.7019963264465332,1.4273762702941895,1.2819663286209106,1.0767886638641357,0.7230942249298096,0.629753828048706,0.5126409530639648,0.4809007942676544,0.7649827003479004,0.8763400316238403,1.2441459894180298,1.497948169708252,1.7706316709518433,2.079318046569824
A10,2.4748342037200928,2.124274969100952,1.9319018125534058,1.782294750213623,1.462915062904358,1.2149126529693604,0.9307431578636169,0.615536093711853,0.3816450238227844,0.0,0.36074644327163696,0.5651154518127441,0.9090628623962402,1.1461392641067505,1.4324976205825806,2.8655691146850586,2.5214943885803223,2.3134939670562744,2.048170328140259,1.7960866689682007,1.563058853149414,1.2369509935379028,1.1214348077774048,0.760896623134613,0.7540777325630188,0.6095756888389587,0.7245928645133972,0.9159438014030457,0.9769654273986816,1.354968786239624,2.8425395488739014,2.5594189167022705,2.270221471786499,2.0029215812683105,1.875411868095398,1.5793266296386719,1.389404058456421,1.3776558637619019,1.080235481262207,1.2435754537582397,1.05879545211792,1.3415563106536865,1.4205152988433838,1.556894063949585,1.9067966938018799,2.448446035385132,2.2135000228881836,1.869471788406372,1.6980912685394287,1.618012547492981,1.2593849897384644,1.2250449657440186,1.1824140548706055,1.0351052284240723,1.2398532629013062,1.1439884901046753,1.5171754360198975,1.6273646354675293,1.9046739339828491,2.209656238555908,2.1566569805145264,1.8679577112197876,1.6001356840133667,1.5333986282348633,1.3194257020950317,0.9709922075271606,0.9191974401473999,0.6732895374298096,0.6630328297615051,0.7702850103378296,0.8481703996658325,1.1977620124816895,1.410395860671997,1.735899567604065,1.99601149559021
A11,2.7558414936065674,2.417497158050537,2.192258596420288,2.0271546840667725,1.7410751581192017,1.4562876224517822,1.1890084743499756,0.9093664884567261,0.5993992686271667,0.36074644327163696,0.0,0.384337455034256,0.6294095516204834,0.8992735743522644,1.2035108804702759,2.995124578475952,2.668255567550659,2.4224584102630615,2.181053638458252,1.9520313739776611,1.6676796674728394,1.3902682065963745,1.2358267307281494,0.868887186050415,0.8273208141326904,0.5470003485679626,0.7187370657920837,0.7864486575126648,0.9235095977783203,1.2811429500579834,2.9022324085235596,2.621784210205078,2.318142890930176,2.0974881649017334,1.951555848121643,1.6185622215270996,1.4508811235427856,1.3557469844818115,1.0590760707855225,1.1516940593719482,0.9149117469787598,1.212464451789856,1.242738127708435,1.445222020149231,1.7624478340148926,2.610719680786133,2.3553884029388428,2.0274925231933594,1.8871703147888184,1.7476413249969482,1.3807077407836914,1.3000599145889282,1.1504409313201904,0.9648246169090271,1.0597633123397827,0.9091469645500183,1.2637884616851807,1.3370051383972168,1.6454941034317017,1.9212373495101929,2.4894232749938965,2.1831507682800293,1.9336316585540771,1.8418636322021484,1.596422553062439,1.2631137371063232,1.1227903366088867,0.8298274874687195,0.67148357629776,0.6212224364280701,0.5704562067985535,0.903313934803009,1.0686516761779785,1.4096194505691528,1.6553728580474854
A12,3.039890766143799,2.6880297660827637,2.4952564239501953,2.3356215953826904,2.0199015140533447,1.7695159912109375,1.473681926727295,1.17964506149292,0.895452618598938,0.5651154518127441,0.384337455034256,0.0,0.3811008036136627,0.5928350687026978,0.8687319159507751,3.347561836242676,3.0203866958618164,2.778529405593872,2.5183539390563965,2.298882484436035,2.027698040008545,1.7404453754425049,1.6056692600250244,1.235925555229187,1.1688365936279297,0.8726257681846619,0.9111223816871643,0.8544678092002869,0.856109082698822,1.1956695318222046,3.1482443809509277,2.8946187496185303,2.5698282718658447,2.354463815689087,2.252885341644287,1.9136614799499512,1.7866172790527344,1.7118806838989258,1.4345589876174927,1.5264103412628174,1.2713857889175415,1.5433189868927002,1.5065624713897705,1.6936042308807373,1.9818706512451172,2.678901195526123,2.4623706340789795,2.11759352684021,2.0335564613342285,1.9338405132293701,1.5611965656280518,1.55571448802948,1.3963735103607178,1.2778812646865845,1.3472185134887695,1.211010456085205,1.541218638420105,1.5750303268432617,1.910736083984375,2.14277720451355,2.5709428787231445,2.271127223968506,2.0523650646209717,2.021097183227539,1.7549210786819458,1.448846459388733,1.33344304561615,0.9885146617889404,0.9194658994674683,0.7567755579948425,0.7617969512939453,0.97853684425354,1.1214388608932495,1.4847111701965332,1.6579539775848389
A13,3.3680059909820557,3.026045322418213,2.8115322589874268,2.6544837951660156,2.357964038848877,2.082688570022583,1.8064347505569458,1.5144498348236084,1.2163950204849243,0.9090628623962402,0.6294095516204834,0.3811008036136627,0.0,0.3766512870788574,0.5993191003799438,3.5980963706970215,3.2815513610839844,3.018887519836426,2.7823705673217773,2.571110486984253,2.271638870239258,2.0136423110961914,1.8440415859222412,1.4829577207565308,1.3742958307266235,1.0295053720474243,1.0467883348464966,0.8532484173774719,0.8832950592041016,1.139782428741455,3.370638847351074,3.1202900409698486,2.790487289428711,2.610902786254883,2.493814468383789,2.1380064487457275,2.0208964347839355,1.8875566720962524,1.6153714656829834,1.6354446411132812,1.3451951742172241,1.5789536237716675,1.4675028324127197,1.682611346244812,1.91397225856781,2.9725847244262695,2.748406171798706,2.4179575443267822,2.3549458980560303,2.222154140472412,1.8530603647232056,1.8171277046203613,1.5965352058410645,1.4549624919891357,1.4246364831924438,1.2390738725662231,1.5024524927139282,1.4605122804641724,1.8090417385101318,1.9838279485702515,2.9500882625579834,2.6468985080718994,2.432525873184204,2.3918662071228027,2.1180367469787598,1.8137792348861694,1.6669554710388184,1.3178966045379639,1.1820629835128784,0.9368974566459656,0.8230513334274292,0.9245595932006836,0.9419379234313965,1.315195083618164,1.4208903312683105
A14,3.613629102706909,3.2591373920440674,3.063521146774292,2.878927707672119,2.5717105865478516,2.3227128982543945,2.012521266937256,1.751182198524475,1.4352450370788574,1.1461392641067505,0.8992735743522644,0.5928350687026978,0.3766512870788574,0.0,0.37898778915405273,3.799818754196167,3.496288537979126,3.2223076820373535,2.964948892593384,2.7878029346466064,2.4909350872039795,2.2455925941467285,2.1217024326324463,1.7603662014007568,1.7028541564941406,1.3712671995162964,1.4092962741851807,1.2238627672195435,1.2056747674942017,1.4385981559753418,3.4043729305267334,3.1887900829315186,2.83860182762146,2.681868314743042,2.611933708190918,2.2500414848327637,2.1913809776306152,2.0818471908569336,1.8532524108886719,1.910433292388916,1.6522138118743896,1.9140219688415527,1.8162496089935303,2.050330877304077,2.270782470703125,2.8997294902801514,2.7005250453948975,2.377768039703369,2.374434471130371,2.252298593521118,1.8947010040283203,1.9104790687561035,1.6726415157318115,1.6057262420654297,1.5642821788787842,1.4430696964263916,1.692651629447937,1.6770775318145752,2.0443756580352783,2.1875970363616943,3.022660255432129,2.707916498184204,2.5396032333374023,2.517055034637451,2.208401918411255,1.946774959564209,1.7770812511444092,1.4062271118164062,1.3072466850280762,0.9954522252082825,0.956074595451355,0.9341913461685181,0.9776265621185303,1.3107088804244995,1.353569746017456
A15,3.9051642417907715,3.5513978004455566,3.363224744796753,3.201430559158325,2.884739875793457,2.6367549896240234,2.3355789184570312,2.0475876331329346,1.756730079650879,1.4324976205825806,1.2035108804702759,0.8687319159507751,0.5993191003799438,0.37898778915405273,0.0,4.1574273109436035,3.8469700813293457,3.5792481899261475,3.3264029026031494,3.1342973709106445,2.8397269248962402,2.5825235843658447,2.434685230255127,2.0702412128448486,1.964145302772522,1.6215535402297974,1.585390567779541,1.3320188522338867,1.2464683055877686,1.3920036554336548,3.7810492515563965,3.5677103996276855,3.216834783554077,3.0587430000305176,2.987894296646118,2.6266071796417236,2.556918144226074,2.4375839233398438,2.1917574405670166,2.2177679538726807,1.930352807044983,2.148594856262207,1.9932817220687866,2.1965529918670654,2.378994941711426,3.219092607498169,3.0409162044525146,2.7125794887542725,2.7207372188568115,2.6175897121429443,2.2596845626831055,2.284907341003418,2.0511393547058105,1.9729282855987549,1.9166393280029297,1.7643226385116577,1.9844295978546143,1.9123088121414185,2.2682619094848633,2.373223304748535,3.281759023666382,2.985996961593628,2.8173515796661377,2.826225519180298,2.530456066131592,2.2656197547912598,2.1258933544158936,1.754980444908142,1.6743407249450684,1.3731708526611328,1.3135851621627808,1.2727503776550293,1.2403970956802368,1.556939959526062,1.5228551626205444
B1,1.6561471223831177,1.71168053150177,1.5373928546905518,1.3774911165237427,1.7290436029434204,1.7850533723831177,2.0252394676208496,2.354924440383911,2.4893276691436768,2.8655691146850586,2.995124578475952,3.347561836242676,3.5980963706970215,3.799818754196167,4.1574273109436035,0.0,0.38419631123542786,0.5857895016670227,0.8609353303909302,1.0774768590927124,1.3303357362747192,1.636218786239624,1.873137354850769,2.2003397941589355,2.4900970458984375,2.7751781940460205,3.0588042736053467,3.393083095550537,3.629035234451294,3.9296979904174805,1.7105836868286133,1.426684856414795,1.668817400932312,1.5772323608398438,1.3759194612503052,1.6919634342193604,1.6203373670578003,1.7912060022354126,2.0217432975769043,2.179816246032715,2.5138626098632812,2.60622239112854,2.9875383377075195,3.0648550987243652,3.3246421813964844,2.803593158721924,2.510054111480713,2.5537538528442383,2.2335660457611084,2.0825326442718506,2.2452104091644287,2.0225064754486084,2.260148048400879,2.236180305480957,2.43856143951416,2.6100502014160156,2.683455467224121,2.9849836826324463,2.9225618839263916,3.244457244873047,2.786325454711914,2.6340413093566895,2.493072032928467,2.136443853378296,2.2546510696411133,2.2919681072235107,2.2489490509033203,2.574303150177002,2.5194268226623535,2.850107431411743,2.9071061611175537,3.139268159866333,3.360703945159912,3.382766008377075,3.7589423656463623
B2,1.3686127662658691,1.381238579750061,1.1731995344161987,1.0086106061935425,1.3632307052612305,1.4112153053283691,1.6709078550338745,1.9931071996688843,2.149306058883667,2.5214943885803223,2.668255567550659,3.0203866958618164,3.2815513610839844,3.496288537979126,3.8469700813293457,0.38419631123542786,0.0,0.3790643811225891,0.6040073037147522,0.7260602712631226,1.0157603025436401,1.2886807918548584,1.5238101482391357,1.854990839958191,2.1375739574432373,2.43464994430542,2.7037177085876465,3.0471084117889404,3.2717487812042236,3.5716805458068848,1.775070071220398,1.448701024055481,1.6133339405059814,1.4466973543167114,1.2098960876464844,1.4874213933944702,1.3543825149536133,1.5398447513580322,1.7264690399169922,1.8972965478897095,2.213243007659912,2.3088972568511963,2.6868863105773926,2.74983549118042,3.0276811122894287,2.6637229919433594,2.3662455081939697,2.357326030731201,2.0127952098846436,1.8741796016693115,1.9939459562301636,1.7691878080368042,2.02091908454895,1.9721277952194214,2.2031660079956055,2.350964307785034,2.4598193168640137,2.751469135284424,2.7107880115509033,3.0524418354034424,2.5120656490325928,2.3549280166625977,2.179302215576172,1.8249770402908325,1.9540001153945923,1.961146354675293,1.9425880908966064,2.2671728134155273,2.2227392196655273,2.568354606628418,2.627627372741699,2.8879451751708984,3.113074779510498,3.1705169677734375,3.5491228103637695
B3,1.6173880100250244,1.553021788597107,1.2957284450531006,1.0569053888320923,1.3461291790008545,1.3173621892929077,1.5254154205322266,1.8399736881256104,1.938467025756836,2.3134939670562744,2.4224584102630615,2.778529405593872,3.018887519836426,3.2223076820373535,3.5792481899261475,0.5857895016670227,0.3790643811225891,0.0,0.3784906268119812,0.5813027024269104,0.7594101428985596,1.0950417518615723,1.3328005075454712,1.644875407218933,1.9496753215789795,2.214881420135498,2.516960859298706,2.8391613960266113,3.0833191871643066,3.390446424484253,1.5750981569290161,1.2154608964920044,1.3403761386871338,1.200660228729248,0.9080031514167786,1.1664997339248657,1.048959493637085,1.2084167003631592,1.4386341571807861,1.6130753755569458,1.9468133449554443,2.0700557231903076,2.4520835876464844,2.5589773654937744,2.8349852561950684,2.5326905250549316,2.203291416168213,2.186361789703369,1.8572183847427368,1.656519889831543,1.7576932907104492,1.4934132099151611,1.707871437072754,1.6570910215377808,1.8625391721725464,2.0287413597106934,2.121128559112549,2.42820405960083,2.395789861679077,2.731170177459717,2.549626350402832,2.340285539627075,2.162559986114502,1.7914793491363525,1.8456276655197144,1.8259810209274292,1.7411482334136963,2.0407471656799316,1.9547040462493896,2.279785394668579,2.324033260345459,2.5619924068450928,2.7814371585845947,2.818410873413086,3.196272850036621
B4,1.5507149696350098,1.4060596227645874,1.174278736114502,0.8555017113685608,1.0796599388122559,1.077489972114563,1.230394959449768,1.5720720291137695,1.6670587062835693,2.048170328140259,2.181053638458252,2.5183539390563965,2.7823705673217773,2.964948892593384,3.3264029026031494,0.8609353303909302,0.6040073037147522,0.3784906268119812,0.0,0.3874088525772095,0.5848687887191772,0.8685194253921509,1.1809017658233643,1.4461395740509033,1.7856782674789429,2.035478353500366,2.338681221008301,2.663250207901001,2.8799922466278076,3.2080118656158447,1.4322043657302856,1.0690124034881592,1.118367314338684,0.8990116715431213,0.6321779489517212,0.8961116671562195,0.7991602420806885,1.0558416843414307,1.2764695882797241,1.5275744199752808,1.8356893062591553,2.0170369148254395,2.3902170658111572,2.5133280754089355,2.82072377204895,2.182622194290161,1.8553236722946167,1.8184950351715088,1.4824227094650269,1.2967562675476074,1.4045333862304688,1.1729059219360352,1.4342491626739502,1.429785966873169,1.6887462139129639,1.8808181285858154,2.031696081161499,2.3566224575042725,2.383297920227051,2.7304840087890625,2.2182068824768066,1.9871838092803955,1.8223243951797485,1.446189522743225,1.4780875444412231,1.481632947921753,1.396689534187317,1.715667963027954,1.6699185371398926,2.008110761642456,2.098431348800659,2.3439648151397705,2.5995519161224365,2.6601924896240234,3.037135362625122
B5,1.34286630153656,1.1644748449325562,0.8733699321746826,0.5774857997894287,0.7932639718055725,0.7375709414482117,0.9626593589782715,1.2792878150939941,1.4233909845352173,1.7960866689682007,1.9520313739776611,2.298882484436035,2.571110486984253,2.7878029346466064,3.1342973709106445,1.0774768590927124,0.7260602712631226,0.5813027024269104,0.3874088525772095,0.0,0.37145689129829407,0.5690445303916931,0.8563327789306641,1.1532986164093018,1.4650031328201294,1.7477296590805054,2.0230042934417725,2.365082263946533,2.575411796569824,2.892030715942383,1.7860039472579956,1.4208892583847046,1.4053505659103394,1.135464072227478,0.8478474020957947,0.9806848168373108,0.7397876977920532,0.9663053750991821,1.0804377794265747,1.3173152208328247,1.5947459936141968,1.7510957717895508,2.117490291595459,2.2040419578552246,2.5232298374176025,2.315441131591797,1.999146580696106,1.8907009363174438,1.5306297540664673,1.375420331954956,1.3915927410125732,1.1510522365570068,1.4069851636886597,1.328883409500122,1.6105225086212158,1.7388405799865723,1.9213026762008667,2.211113452911377,2.2420217990875244,2.6070709228515625,2.112849235534668,1.8937664031982422,1.6647465229034424,1.3059965372085571,1.368034839630127,1.295577883720398,1.263456106185913,1.5681769847869873,1.5245811939239502,1.8829729557037354,1.9537352323532104,2.2446019649505615,2.4847986698150635,2.5926766395568848,2.9686779975891113
B6,1.6550097465515137,1.4427402019500732,1.125361680984497,0.8456119894981384,0.9287486672401428,0.7284120321273804,0.8664016127586365,1.1300852298736572,1.194383978843689,1.563058853149414,1.6676796674728394,2.027698040008545,2.271638870239258,2.4909350872039795,2.8397269248962402,1.3303357362747192,1.0157603025436401,0.7594101428985596,0.5848687887191772,0.37145689129829407,0.0,0.3767508864402771,0.6208171844482422,0.8930139541625977,1.221929907798767,1.468393087387085,1.7797858715057373,2.096906900405884,2.33469295501709,2.652034044265747,1.8124783039093018,1.4374200105667114,1.3501650094985962,1.1093263626098633,0.7674117684364319,0.7680635452270508,0.4477241635322571,0.6028255820274353,0.7240906953811646,0.9674217104911804,1.259245753288269,1.443860411643982,1.8119826316833496,1.9414029121398926,2.257575750350952,2.33870267868042,1.9974908828735352,1.8591084480285645,1.525278925895691,1.3034472465515137,1.2479692697525024,0.9415429830551147,1.1249172687530518,0.9941468834877014,1.2517900466918945,1.3727989196777344,1.5502498149871826,1.8444713354110718,1.888027310371399,2.252582550048828,2.2597849369049072,1.9975624084472656,1.7566996812820435,1.4089393615722656,1.3778729438781738,1.2364422082901,1.1212351322174072,1.3666369915008545,1.2508689165115356,1.5873574018478394,1.6215271949768066,1.9048819541931152,2.12876558303833,2.2312917709350586,2.607638120651245
B7,1.5939375162124634,1.3204076290130615,1.0180423259735107,0.7661672234535217,0.6970963478088379,0.40745118260383606,0.516028881072998,0.7589237093925476,0.8710532188415527,1.2369509935379028,1.3902682065963745,1.7404453754425049,2.0136423110961914,2.2455925941467285,2.5825235843658447,1.636218786239624,1.2886807918548584,1.0950417518615723,0.8685194253921509,0.5690445303916931,0.3767508864402771,0.0,0.37687936425209045,0.5937724113464355,0.9325845241546631,1.1939098834991455,1.4760184288024902,1.8116512298583984,2.016997814178467,2.3429439067840576,2.0462746620178223,1.6901330947875977,1.5464859008789062,1.2536453008651733,0.9801108241081238,0.8876685500144958,0.5381749272346497,0.6964303851127625,0.6337947249412537,0.919042706489563,1.1207301616668701,1.3302295207977295,1.6672183275222778,1.7734788656234741,2.1204755306243896,2.2852001190185547,1.9687620401382446,1.7661503553390503,1.4285732507705688,1.262129545211792,1.1250778436660767,0.8707627654075623,1.0669550895690918,0.9124861359596252,1.2245548963546753,1.2957282066345215,1.5475372076034546,1.8096104860305786,1.9037716388702393,2.277606248855591,2.0374011993408203,1.7750344276428223,1.4961390495300293,1.1846452951431274,1.1488220691680908,0.9383239150047302,0.878037691116333,1.106573462486267,1.0344135761260986,1.3951177597045898,1.4524462223052979,1.780063509941101,2.015735626220703,2.178168773651123,2.543457269668579
B8,1.746374487876892,1.490339994430542,1.159109115600586,1.0127366781234741,0.9243776798248291,0.5607880353927612,0.6715792417526245,0.7238318920135498,0.8167387843132019,1.1214348077774048,1.2358267307281494,1.6056692600250244,1.8440415859222412,2.1217024326324463,2.434685230255127,1.873137354850769,1.5238101482391357,1.3328005075454712,1.1809017658233643,0.8563327789306641,0.6208171844482422,0.37687936425209045,0.0,0.3701525628566742,0.6186934113502502,0.9153330326080322,1.186702013015747,1.5234663486480713,1.7602040767669678,2.059488296508789,2.3715438842773438,2.008720636367798,1.8551881313323975,1.5902713537216187,1.2936123609542847,1.144827961921692,0.775295078754425,0.7505760192871094,0.5241361856460571,0.6800845861434937,0.828299880027771,0.9858817458152771,1.316780686378479,1.4003612995147705,1.7483148574829102,2.6041011810302734,2.289646625518799,2.0594608783721924,1.7417011260986328,1.5686136484146118,1.3698031902313232,1.1028944253921509,1.1971770524978638,0.9378604888916016,1.1807026863098145,1.1443265676498413,1.3844014406204224,1.5846428871154785,1.6622929573059082,2.039867877960205,2.2776496410369873,2.026895523071289,1.714276671409607,1.4510291814804077,1.4090396165847778,1.1260813474655151,1.0739408731460571,1.1986817121505737,1.0623950958251953,1.3796238899230957,1.3555494546890259,1.704512119293213,1.8827238082885742,2.0721707344055176,2.4262988567352295
B9,1.9968026876449585,1.6994500160217285,1.4107259511947632,1.255989909172058,1.0611486434936523,0.7048110961914062,0.6196537017822266,0.5063039660453796,0.48922601342201233,0.760896623134613,0.868887186050415,1.235925555229187,1.4829577207565308,1.7603662014007568,2.0702412128448486,2.2003397941589355,1.854990839958191,1.644875407218933,1.4461395740509033,1.1532986164093018,0.8930139541625977,0.5937724113464355,0.3701525628566742,0.0,0.38226979970932007,0.6007219552993774,0.8977721929550171,1.2197962999343872,1.4417821168899536,1.7648084163665771,2.4902098178863525,2.1490910053253174,1.9369175434112549,1.6713614463806152,1.4233392477035522,1.1921489238739014,0.8711403012275696,0.8209787607192993,0.4926762878894806,0.6719085574150085,0.674222469329834,0.920775294303894,1.1858469247817993,1.3072702884674072,1.672855019569397,2.5360782146453857,2.234943389892578,1.9631212949752808,1.6849902868270874,1.5218186378479004,1.2501403093338013,1.0269792079925537,1.0582695007324219,0.7858408689498901,1.0314167737960815,0.9558051824569702,1.2644517421722412,1.4418697357177734,1.5953171253204346,1.9609004259109497,2.2418718338012695,1.9674893617630005,1.6586213111877441,1.4453470706939697,1.3316980600357056,0.9972334504127502,0.9183392524719238,0.9372251629829407,0.7861481308937073,1.0755279064178467,1.053893804550171,1.4244825839996338,1.6104211807250977,1.8437916040420532,2.1806983947753906
B10,2.151247024536133,1.8690743446350098,1.583959937095642,1.5087521076202393,1.3064249753952026,0.9581120014190674,0.9120060801506042,0.666538655757904,0.6668879389762878,0.7540777325630188,0.8273208141326904,1.1688365936279297,1.3742958307266235,1.7028541564941406,1.964145302772522,2.4900970458984375,2.1375739574432373,1.9496753215789795,1.7856782674789429,1.4650031328201294,1.221929907798767,0.9325845241546631,0.6186934113502502,0.38226979970932007,0.0,0.36122140288352966,0.5698619484901428,0.9142041206359863,1.1534432172775269,1.4416693449020386,2.8686788082122803,2.5247626304626465,2.31345534324646,2.0532939434051514,1.7997440099716187,1.563140869140625,1.2414144277572632,1.1342494487762451,0.7719992399215698,0.7753999829292297,0.615976870059967,0.7519755959510803,0.9320819973945618,0.9904258847236633,1.3670015335083008,2.86498761177063,2.579150676727295,2.286597967147827,2.0219521522521973,1.8804231882095337,1.5856364965438843,1.3871499300003052,1.373250961303711,1.0726300477981567,1.2354240417480469,1.0497959852218628,1.3320196866989136,1.4079772233963013,1.5526151657104492,1.9023853540420532,2.4457335472106934,2.1983277797698975,1.8660694360733032,1.7067359685897827,1.6156924962997437,1.2561969757080078,1.2282707691192627,1.1743155717849731,1.0252176523208618,1.2319049835205078,1.1405702829360962,1.5125954151153564,1.6279425621032715,1.9010761976242065,2.205509662628174
B11,2.4931037425994873,2.1951472759246826,1.9242311716079712,1.8228648900985718,1.591845989227295,1.254085898399353,1.1203038692474365,0.8297301530838013,0.6776232123374939,0.6095756888389587,0.5470003485679626,0.8726257681846619,1.0295053720474243,1.3712671995162964,1.6215535402297974,2.7751781940460205,2.43464994430542,2.214881420135498,2.035478353500366,1.7477296590805054,1.468393087387085,1.1939098834991455,0.9153330326080322,0.6007219552993774,0.36122140288352966,0.0,0.3835335969924927,0.6310315132141113,0.9039338827133179,1.2080425024032593,2.9893062114715576,2.6632883548736572,2.414438247680664,2.1794092655181885,1.9506357908248901,1.662570595741272,1.3907995223999023,1.242817997932434,0.8782733082771301,0.8496514558792114,0.5664665699005127,0.7596551775932312,0.8232947587966919,0.9604394435882568,1.3138439655303955,2.9106388092041016,2.629981517791748,2.3220102787017822,2.1049673557281494,1.9501484632492065,1.618098258972168,1.4434019327163696,1.347198486328125,1.049009084701538,1.1406500339508057,0.9015939235687256,1.199427604675293,1.2268571853637695,1.4371802806854248,1.7548280954360962,2.602957248687744,2.333098888397217,2.024104356765747,1.8930712938308716,1.7395694255828857,1.3749140501022339,1.2951816320419312,1.1355246305465698,0.9461321234703064,1.043473482131958,0.8994778394699097,1.255308747291565,1.3368427753448486,1.6428669691085815,1.9178240299224854
B12,2.591670274734497,2.2970056533813477,2.055473566055298,2.0118815898895264,1.7567058801651,1.448094367980957,1.331515908241272,0.9855855703353882,0.9141452312469482,0.7245928645133972,0.7187370657920837,0.9111223816871643,1.0467883348464966,1.4092962741851807,1.585390567779541,3.0588042736053467,2.7037177085876465,2.516960859298706,2.338681221008301,2.0230042934417725,1.7797858715057373,1.4760184288024902,1.186702013015747,0.8977721929550171,0.5698619484901428,0.3835335969924927,0.0,0.3823189437389374,0.5933364033699036,0.8736346960067749,3.338541030883789,3.0136969089508057,2.7660579681396484,2.5115957260131836,2.295116662979126,2.0185818672180176,1.739748239517212,1.6148959398269653,1.247111201286316,1.1987258195877075,0.8967682719230652,0.9718226790428162,0.9156621098518372,0.9309139251708984,1.266840934753418,3.1434829235076904,2.8906915187835693,2.561119794845581,2.349619150161743,2.2408699989318848,1.9011174440383911,1.770431399345398,1.6955994367599487,1.4195069074630737,1.5122206211090088,1.2567428350448608,1.5317609310150146,1.492871642112732,1.6918630599975586,1.979409098625183,2.6706912517547607,2.4356753826141357,2.111992835998535,2.0402424335479736,1.918929100036621,1.5477714538574219,1.5410199165344238,1.3650007247924805,1.2465274333953857,1.3150780200958252,1.189645528793335,1.5223709344863892,1.568206548690796,1.9045674800872803,2.1350555419921875
B13,2.973773717880249,2.6772711277008057,2.4369354248046875,2.3838112354278564,2.1237030029296875,1.8140933513641357,1.6683781147003174,1.3202455043792725,1.1810802221298218,0.9159438014030457,0.7864486575126648,0.8544678092002869,0.8532484173774719,1.2238627672195435,1.3320188522338867,3.393083095550537,3.0471084117889404,2.8391613960266113,2.663250207901001,2.365082263946533,2.096906900405884,1.8116512298583984,1.5234663486480713,1.2197962999343872,0.9142041206359863,0.6310315132141113,0.3823189437389374,0.0,0.37592974305152893,0.6004506945610046,3.5842039585113525,3.2708749771118164,3.002603769302368,2.773026943206787,2.5661566257476807,2.2613043785095215,2.0126094818115234,1.8516258001327515,1.4939541816711426,1.4039682149887085,1.0573432445526123,1.1106061935424805,0.929419994354248,0.9776234030723572,1.2354801893234253,3.356137275695801,3.108949661254883,2.773758888244629,2.6000280380249023,2.4793176651000977,2.1228950023651123,2.0037953853607178,1.8701679706573486,1.6010481119155884,1.6207773685455322,1.3297384977340698,1.5658599138259888,1.4519672393798828,1.6781980991363525,1.9086023569107056,2.9639437198638916,2.7196857929229736,2.4150538444519043,2.3621065616607666,2.2060539722442627,1.8408654928207397,1.800158143043518,1.5640103816986084,1.421449899673462,1.3875223398208618,1.2127760648727417,1.4787095785140991,1.4504421949386597,1.8025789260864258,1.9748384952545166
