,A1,A2,A3,A4,A5,A6,A7,A8,A9,A10,A11,A12,A13,A14,A15,B1,B2,B3,B4,B5,B6,B7,B8,B9,B10,B11,B12,B13,B14,B15,C1,C2,C3,C4,C5,C6,C7,C8,C9,C10,C11,C12,C13,C14,C15,D1,D2,D3,D4,D5,D6,D7,D8,D9,D10,D11,D12,D13,D14,D15,E1,E2,E3,E4,E5,E6,E7,E8,E9,E10,E11,E12,E13,E14,E15
A1,0.0,0.3766321837902069,0.6116383671760559,0.9090405702590942,1.2072689533233643,1.4754148721694946,1.8217406272888184,2.0559334754943848,2.402512550354004,2.678166151046753,2.9885332584381104,3.2730307579040527,3.492302417755127,3.8070080280303955,4.039758205413818,0.7821932435035706,0.525546133518219,0.8289660811424255,0.7979350686073303,1.0929689407348633,1.3408876657485962,1.6304694414138794,1.9361720085144043,2.19777250289917,2.5505640506744385,2.7672152519226074,3.121763229370117,3.236098051071167,3.593573808670044,3.836653470993042,1.272445797920227,1.0517584085464478,1.248349905014038,1.0878398418426514,1.4151328802108765,1.4718836545944214,1.7827961444854736,1.99486243724823,2.2371344566345215,2.5488741397857666,2.712433338165283,3.0562994480133057,3.083984613418579,3.460557460784912,3.5555038452148438,1.2599537372589111,1.2344138622283936,1.3483177423477173,1.3201035261154175,1.6750224828720093,1.6751819849014282,2.0500967502593994,2.153625965118408,2.4843289852142334,2.7101354598999023,2.9509198665618896,3.240868091583252,3.3096091747283936,3.6848721504211426,3.7945690155029297,0.89918053150177,1.0070136785507202,1.1113580465316772,1.2854233980178833,1.6332931518554688,1.7148813009262085,2.1055757999420166,2.2325351238250732,2.5813989639282227,2.809476375579834,3.073655128479004,3.361421585083008,3.4346683025360107,3.816603183746338,3.890296220779419
A2,0.3766321837902069,0.0,0.37846389412879944,0.5690427422523499,0.889592707157135,1.158939003944397,1.5037857294082642,1.761420488357544,2.092946767807007,2.392326593399048,2.682385206222534,2.9850497245788574,3.1890640258789062,3.508951425552368,3.7434515953063965,0.9540501832962036,0.641327440738678,0.8326600193977356,0.6697319746017456,0.9825549721717834,1.1379504203796387,1.4365580081939697,1.711383581161499,1.9669419527053833,2.311237096786499,2.5123260021209717,2.866924285888672,2.9533865451812744,3.320361852645874,3.5428097248077393,1.2463313341140747,1.0478004217147827,1.1577717065811157,1.0079195499420166,1.3409072160720825,1.3378384113311768,1.6777030229568481,1.8328303098678589,2.1054909229278564,2.378333330154419,2.563507080078125,2.886291742324829,2.9158670902252197,3.297295093536377,3.37615704536438,1.0454353094100952,1.0511770248413086,1.089855670928955,1.1167904138565063,1.458542823791504,1.4657233953475952,1.8536046743392944,1.9437378644943237,2.3005759716033936,2.510206937789917,2.784830331802368,3.0610883235931396,3.166891098022461,3.53359317779541,3.6627769470214844,0.6139375567436218,0.6870853304862976,0.7427093386650085,0.9574646949768066,1.2913151979446411,1.4090615510940552,1.7986758947372437,1.948717474937439,2.3046956062316895,2.547309398651123,2.8252480030059814,3.1212143898010254,3.2227275371551514,3.6005425453186035,3.7041423320770264
A3,0.6116383671760559,0.37846389412879944,0.0,0.37540534138679504,0.6173214912414551,0.8777081966400146,1.2171211242675781,1.4479882717132568,1.7931066751480103,2.069434881210327,2.3796441555023193,2.6639907360076904,2.8881282806396484,3.1981699466705322,3.4375131130218506,1.0313953161239624,0.6633391976356506,0.667675256729126,0.3681371808052063,0.6208653450012207,0.7691127061843872,1.0623420476913452,1.3470101356506348,1.6080958843231201,1.954282283782959,2.169085741043091,2.5211856365203857,2.631078004837036,2.9919075965881348,3.230379819869995,1.3616944551467896,1.0930755138397217,1.0914170742034912,0.8451902270317078,1.1062328815460205,1.0281589031219482,1.3432693481445312,1.4784209728240967,1.7373794317245483,2.00830340385437,2.1858232021331787,2.5102601051330566,2.540590286254883,2.9214742183685303,3.0077035427093506,1.2464962005615234,1.172570824623108,1.0999869108200073,1.0421311855316162,1.3202674388885498,1.239315152168274,1.6069884300231934,1.6456331014633179,1.9968496561050415,2.180131435394287,2.449970245361328,2.7145490646362305,2.8119001388549805,3.1786270141601562,3.2978854179382324,0.8790726065635681,0.8537580966949463,0.732390284538269,0.8888688683509827,1.161991834640503,1.1982038021087646,1.5843654870986938,1.6763709783554077,2.0433621406555176,2.249687910079956,2.540599822998047,2.816232442855835,2.925031900405884,3.300602912902832,3.4043498039245605
A4,0.9090405702590942,0.5690427422523499,0.37540534138679504,0.0,0.3846583068370819,0.5951094627380371,0.951194167137146,1.205936312675476,1.5330684185028076,1.839147686958313,2.118842124938965,2.4287450313568115,2.623469114303589,2.9464685916900635,3.1796412467956543,1.251944661140442,0.9207935929298401,0.8700330257415771,0.5538501739501953,0.7644655704498291,0.727588951587677,1.0268192291259766,1.231274962425232,1.4906389713287354,1.8073030710220337,2.0076913833618164,2.3516831398010254,2.4256432056427,2.7996225357055664,3.0063889026641846,1.371525764465332,1.1616290807724,1.0797927379608154,0.9025450348854065,1.146754503250122,1.0216419696807861,1.360933542251587,1.4212576150894165,1.722233533859253,1.9365999698638916,2.1504979133605957,2.4417600631713867,2.4865314960479736,2.8671610355377197,2.9402735233306885,1.0963590145111084,1.047595500946045,0.8790127635002136,0.894804835319519,1.1312800645828247,1.0779657363891602,1.450021505355835,1.4871058464050293,1.8644516468048096,2.0372769832611084,2.3455569744110107,2.597599744796753,2.7430591583251953,3.0949976444244385,3.244311809539795,0.7872340083122253,0.6615028977394104,0.4069983959197998,0.5736729502677917,0.8076637983322144,0.8965321183204651,1.2784782648086548,1.4145277738571167,1.7825264930725098,2.01835036277771,2.316169261932373,2.607846736907959,2.743152141571045,3.112464427947998,3.2480123043060303
A5,1.2072689533233643,0.889592707157135,0.6173214912414551,0.3846583068370819,0.0,0.3707069456577301,0.6271507740020752,0.9258939027786255,1.2240782976150513,1.5439677238464355,1.8224506378173828,2.1292006969451904,2.3484487533569336,2.6507725715637207,2.908750295639038,1.5804824829101562,1.2319222688674927,1.1080996990203857,0.7427763938903809,0.7605706453323364,0.5943472385406494,0.76775062084198,0.9565721750259399,1.1565525531768799,1.4865249395370483,1.6529861688613892,2.0067079067230225,2.069103717803955,2.440250873565674,2.654040813446045,1.7262802124023438,1.4994373321533203,1.3593189716339111,1.1378644704818726,1.2820534706115723,1.0488319396972656,1.3139269351959229,1.2833775281906128,1.5471148490905762,1.7107089757919312,1.8963006734848022,2.1660685539245605,2.17887020111084,2.559002161026001,2.6046183109283447,1.431455373764038,1.3893563747406006,1.15508234500885,1.1521579027175903,1.2909737825393677,1.153801679611206,1.4699432849884033,1.4115991592407227,1.7831441164016724,1.8839610815048218,2.20432448387146,2.413607120513916,2.565272331237793,2.9054949283599854,3.0386364459991455,1.0692588090896606,0.9752621054649353,0.6352921724319458,0.7823183536529541,0.8459293246269226,0.8802412748336792,1.2117185592651367,1.280419111251831,1.6645057201385498,1.8491984605789185,2.182537078857422,2.4426581859588623,2.6187758445739746,2.9742283821105957,3.1339962482452393
A6,1.4754148721694946,1.158939003944397,0.8777081966400146,0.5951094627380371,0.3707069456577301,0.0,0.39571714401245117,0.6143907904624939,0.9437879920005798,1.2469708919525146,1.52509605884552,1.8344703912734985,2.0311715602874756,2.351612091064453,2.5880675315856934,1.6979342699050903,1.3861583471298218,1.187387228012085,0.8697184920310974,0.848018229007721,0.5472580790519714,0.7197754383087158,0.7611293792724609,1.0065339803695679,1.2687978744506836,1.470446228981018,1.7948909997940063,1.8646063804626465,2.2418019771575928,2.438157320022583,1.734764575958252,1.523271918296814,1.2983968257904053,1.1123327016830444,1.1804200410842896,0.912131130695343,1.1590149402618408,1.0635931491851807,1.3653384447097778,1.4834027290344238,1.7200889587402344,1.9625173807144165,2.022986888885498,2.3945374488830566,2.461714267730713,1.4860639572143555,1.3900046348571777,1.0800652503967285,1.0448023080825806,1.0741606950759888,0.9046021103858948,1.1742651462554932,1.093934178352356,1.470497727394104,1.5663777589797974,1.9068647623062134,2.1143996715545654,2.2997372150421143,2.628035068511963,2.791283130645752,1.2975481748580933,1.106819748878479,0.7390268445014954,0.7125113606452942,0.6335882544517517,0.5653463006019592,0.859786868095398,0.9112021923065186,1.2948085069656372,1.4883829355239868,1.8190927505493164,2.0876314640045166,2.2689037322998047,2.6216623783111572,2.7928733825683594
A7,1.8217406272888184,1.5037857294082642,1.2171211242675781,0.951194167137146,0.6271507740020752,0.39571714401245117,0.0,0.3763275444507599,0.6002604961395264,0.9473378658294678,1.1994858980178833,1.5179755687713623,1.7310974597930908,2.029405355453491,2.293952226638794,2.0840275287628174,1.763682246208191,1.5506086349487305,1.2235381603240967,1.1156554222106934,0.7752473950386047,0.7437169551849365,0.6627984642982483,0.7692844867706299,0.9964081048965454,1.1323676109313965,1.457586646080017,1.4899895191192627,1.8704733848571777,2.0586657524108887,2.1210131645202637,1.9143126010894775,1.6711574792861938,1.4804766178131104,1.490824818611145,1.174614429473877,1.324398398399353,1.1215153932571411,1.3587101697921753,1.3763304948806763,1.581106424331665,1.7687153816223145,1.7957924604415894,2.1562082767486572,2.183332920074463,1.825859785079956,1.7554852962493896,1.424927830696106,1.4066482782363892,1.37051260471344,1.1716924905776978,1.3490668535232544,1.1748218536376953,1.512799620628357,1.5093697309494019,1.8618637323379517,2.0043764114379883,2.210869550704956,2.510603427886963,2.6635804176330566,1.595579743385315,1.4337093830108643,1.0534958839416504,1.0506342649459839,0.8587583303451538,0.7774894833564758,0.9178146719932556,0.8849852085113525,1.2452106475830078,1.3695770502090454,1.7336766719818115,1.9599460363388062,2.1965556144714355,2.521010398864746,2.728477716445923
A8,2.0559334754943848,1.761420488357544,1.4479882717132568,1.205936312675476,0.9258939027786255,0.6143907904624939,0.3763275444507599,0.0,0.3897946774959564,0.6334904432296753,0.9364145398139954,1.2245413064956665,1.4426931142807007,1.7515040636062622,1.9947006702423096,2.2025139331817627,1.9114664793014526,1.6398961544036865,1.363159418106079,1.2067556381225586,0.8385749459266663,0.7639029622077942,0.5037379264831543,0.6383673548698425,0.7403165698051453,0.9525220394134521,1.2286317348480225,1.3140379190444946,1.6852549314498901,1.878131628036499,2.213836908340454,1.9993762969970703,1.703844428062439,1.5206903219223022,1.439959168434143,1.1058531999588013,1.1723164319992065,0.8948060274124146,1.1213268041610718,1.075690507888794,1.3227770328521729,1.4812523126602173,1.5651068687438965,1.9109313488006592,1.9759753942489624,2.025137424468994,1.8965080976486206,1.5430716276168823,1.4613171815872192,1.33110511302948,1.078939437866211,1.147401213645935,0.9027214646339417,1.1981531381607056,1.151031255722046,1.508642554283142,1.6379791498184204,1.8633095026016235,2.1522843837738037,2.3231730461120605,1.898277759552002,1.6920146942138672,1.3219707012176514,1.222893476486206,0.9871146082878113,0.7745921611785889,0.7889959216117859,0.6154493689537048,0.947919487953186,1.0135753154754639,1.3844882249832153,1.5927033424377441,1.832587480545044,2.1529757976531982,2.3611419200897217
A9,2.402512550354004,2.092946767807007,1.7931066751480103,1.5330684185028076,1.2240782976150513,0.9437879920005798,0.6002604961395264,0.3897946774959564,0.0,0.3967263400554657,0.6002947688102722,0.9251432418823242,1.138858437538147,1.4291834831237793,1.700404405593872,2.5856895446777344,2.2896668910980225,2.0272388458251953,1.7398627996444702,1.5746901035308838,1.210606575012207,1.068278431892395,0.7800678610801697,0.7223665714263916,0.6777927279472351,0.7532756924629211,0.9810762405395508,0.9853520393371582,1.3637042045593262,1.519314169883728,2.567100763320923,2.3719770908355713,2.0731117725372314,1.9066736698150635,1.8204883337020874,1.4863662719726562,1.5140049457550049,1.1944448947906494,1.3499342203140259,1.1939449310302734,1.3961482048034668,1.4608176946640015,1.5142021179199219,1.8239543437957764,1.8381301164627075,2.312500238418579,2.214829921722412,1.849878191947937,1.806260108947754,1.6509662866592407,1.4236379861831665,1.4394776821136475,1.1705825328826904,1.4000449180603027,1.2611740827560425,1.6120866537094116,1.6591652631759644,1.9170178174972534,2.1549620628356934,2.3243701457977295,2.1683530807495117,1.9754036664962769,1.6011245250701904,1.522904872894287,1.233365535736084,1.071123719215393,0.9770098924636841,0.7947338819503784,1.0185846090316772,1.0092964172363281,1.3833950757980347,1.5390937328338623,1.8402235507965088,2.113223075866699,2.3666069507598877
A10,2.678166151046753,2.392326593399048,2.069434881210327,1.839147686958313,1.5439677238464355,1.2469708919525146,0.9473378658294678,0.6334904432296753,0.3967263400554657,0.0,0.38081276416778564,0.5949329733848572,0.8582326173782349,1.1349451541900635,1.393442988395691,2.7868611812591553,2.510999917984009,2.2099668979644775,1.9599262475967407,1.753186583518982,1.398738145828247,1.218772292137146,0.864568293094635,0.7728574275970459,0.5191323757171631,0.6349467039108276,0.7325921654701233,0.8234829902648926,1.1589299440383911,1.328522801399231,2.775873899459839,2.5679879188537598,2.2413644790649414,2.0717697143554688,1.9150604009628296,1.5814049243927002,1.5179696083068848,1.1561508178710938,1.2358064651489258,0.9802999496459961,1.1794501543045044,1.1686211824417114,1.273547887802124,1.5433986186981201,1.5909982919692993,2.612372636795044,2.473292589187622,2.1046905517578125,2.0104243755340576,1.8009682893753052,1.5387784242630005,1.454303503036499,1.1314893960952759,1.253111481666565,1.0183374881744385,1.3350245952606201,1.3199889659881592,1.5914796590805054,1.796416163444519,1.9707527160644531,2.5171077251434326,2.3055286407470703,1.9367421865463257,1.815354824066162,1.5270370244979858,1.2976419925689697,1.1357591152191162,0.8487523198127747,0.9529233574867249,0.7921581268310547,1.149646282196045,1.2286893129348755,1.5477526187896729,1.7924436330795288,2.0495715141296387
A11,2.9885332584381104,2.682385206222534,2.3796441555023193,2.118842124938965,1.8224506378173828,1.52509605884552,1.1994858980178833,0.9364145398139954,0.6002947688102722,0.38081276416778564,0.0,0.3754343092441559,0.5485347509384155,0.8322781920433044,1.1060420274734497,3.113407850265503,2.8393783569335938,2.5515007972717285,2.2950148582458496,2.1105079650878906,1.749397873878479,1.5785136222839355,1.2360365390777588,1.1088610887527466,0.8357055187225342,0.8021852970123291,0.77100670337677,0.7131090760231018,1.0147268772125244,1.0816874504089355,3.045175790786743,2.866314649581909,2.5362708568573,2.3972530364990234,2.2548670768737793,1.9337729215621948,1.885218620300293,1.524810552597046,1.6002870798110962,1.312191128730774,1.483879566192627,1.3958158493041992,1.4834251403808594,1.6920464038848877,1.6930553913116455,2.820176601409912,2.706343650817871,2.328294038772583,2.273566722869873,2.046344518661499,1.824391484260559,1.7225195169448853,1.4260519742965698,1.5184746980667114,1.265714406967163,1.562058925628662,1.4882410764694214,1.792863130569458,1.933720588684082,2.1217687129974365,2.7417023181915283,2.5275893211364746,2.1629037857055664,2.0431325435638428,1.7154351472854614,1.5297274589538574,1.3047826290130615,1.068590521812439,1.0797938108444214,0.910736083984375,1.2110110521316528,1.2488566637039185,1.611647367477417,1.7949579954147339,2.098308563232422
A12,3.2730307579040527,2.9850497245788574,2.6639907360076904,2.4287450313568115,2.1292006969451904,1.8344703912734985,1.5179755687713623,1.2245413064956665,0.9251432418823242,0.5949329733848572,0.3754343092441559,0.0,0.3784031569957733,0.5506954789161682,0.8380308747291565,3.3639094829559326,3.098165512084961,2.7876579761505127,2.5501112937927246,2.331716537475586,1.984562873840332,1.7793022394180298,1.4229995012283325,1.2629673480987549,0.9081750512123108,0.8524963855743408,0.6534319519996643,0.6608520746231079,0.8389832377433777,0.9055590629577637,3.3210561275482178,3.1273391246795654,2.7857909202575684,2.6350033283233643,2.4491782188415527,2.128650426864624,2.0160465240478516,1.6437739133834839,1.6440433263778687,1.2956409454345703,1.4165881872177124,1.238741159439087,1.342545509338379,1.4772759675979614,1.4869561195373535,3.154778242111206,3.0174667835235596,2.641127347946167,2.553135395050049,2.3043088912963867,2.0578489303588867,1.9023401737213135,1.5800387859344482,1.5853033065795898,1.2634323835372925,1.4851926565170288,1.3248666524887085,1.6183202266693115,1.6987247467041016,1.8709474802017212,3.0843663215637207,2.868135452270508,2.5024216175079346,2.3704514503479004,2.0532803535461426,1.8341652154922485,1.5982612371444702,1.3165701627731323,1.2629313468933105,0.9879248142242432,1.218860387802124,1.1411973237991333,1.5099012851715088,1.6326565742492676,1.9364320039749146
A13,3.492302417755127,3.1890640258789062,2.8881282806396484,2.623469114303589,2.3484487533569336,2.0311715602874756,1.7310974597930908,1.4426931142807007,1.138858437538147,0.8582326173782349,0.5485347509384155,0.3784031569957733,0.0,0.38120368123054504,0.5661647319793701,3.55324387550354,3.304961681365967,3.0006821155548096,2.7758312225341797,2.5923428535461426,2.235886335372925,2.074734687805176,1.7131233215332031,1.5963499546051025,1.2591335773468018,1.2162091732025146,1.0204792022705078,0.9554107785224915,1.080348253250122,1.0159846544265747,3.431716203689575,3.2726058959960938,2.921337366104126,2.8142077922821045,2.636119842529297,2.3409457206726074,2.2540998458862305,1.8922879695892334,1.9319987297058105,1.5924619436264038,1.7509385347366333,1.5656473636627197,1.7006460428237915,1.8051490783691406,1.819632649421692,3.244029998779297,3.1120638847351074,2.730492115020752,2.6660282611846924,2.3883509635925293,2.1843676567077637,2.002997398376465,1.7208083868026733,1.7068753242492676,1.4122933149337769,1.629235863685608,1.4667965173721313,1.7988947629928589,1.8345719575881958,2.050217628479004,3.237757444381714,2.9990763664245605,2.6476218700408936,2.4885482788085938,2.1441032886505127,1.9438594579696655,1.6496835947036743,1.4102413654327393,1.270254135131836,1.022037148475647,1.168985366821289,1.082768201828003,1.4626692533493042,1.5324444770812988,1.8740400075912476
A14,3.8070080280303955,3.508951425552368,3.1981699466705322,2.9464685916900635,2.6507725715637207,2.351612091064453,2.029405355453491,1.7515040636062622,1.4291834831237793,1.1349451541900635,0.8322781920433044,0.5506954789161682,0.38120368123054504,0.0,0.37206918001174927,3.887702226638794,3.630629777908325,3.32100772857666,3.0891246795654297,2.8798651695251465,2.53035306930542,2.329521417617798,1.9735709428787231,1.8026145696640015,1.4424138069152832,1.3304046392440796,1.0481680631637573,0.9550580382347107,0.9358354210853577,0.7988132834434509,3.7970540523529053,3.6258251667022705,3.2758069038391113,3.1507723331451416,2.959890127182007,2.6537938117980957,2.5350756645202637,2.1656765937805176,2.1507599353790283,1.781814455986023,1.8728833198547363,1.6244324445724487,1.7197707891464233,1.7494614124298096,1.723321795463562,3.608664035797119,3.480687379837036,3.0995376110076904,3.030003309249878,2.7568583488464355,2.5380465984344482,2.349982976913452,2.0502054691314697,2.00612473487854,1.6753631830215454,1.837158441543579,1.6089495420455933,1.9044538736343384,1.8789469003677368,2.0524284839630127,3.568669080734253,3.3452794551849365,2.9865431785583496,2.8454055786132812,2.5049328804016113,2.3061044216156006,2.024549722671509,1.7733577489852905,1.6381309032440186,1.3581637144088745,1.472960114479065,1.3102353811264038,1.67360258102417,1.674139380455017,2.0084776878356934
A15,4.039758205413818,3.7434515953063965,3.4375131130218506,3.1796412467956543,2.908750295639038,2.5880675315856934,2.293952226638794,1.9947006702423096,1.700404405593872,1.393442988395691,1.1060420274734497,0.8380308747291565,0.5661647319793701,0.37206918001174927,0.0,4.063201904296875,3.8296613693237305,3.511923313140869,3.306597948074341,3.111196756362915,2.763314962387085,2.5913326740264893,2.2241322994232178,2.0945944786071777,1.7257202863693237,1.6627501249313354,1.3793631792068481,1.3228141069412231,1.2867181301116943,1.1299387216567993,3.9257969856262207,3.7725412845611572,3.4104056358337402,3.3142523765563965,3.106920003890991,2.826432943344116,2.700958251953125,2.3428585529327393,2.3359737396240234,1.9673144817352295,2.084272861480713,1.824498176574707,1.970497488975525,1.9694700241088867,1.983668565750122,3.7724883556365967,3.627521514892578,3.2475359439849854,3.1704185009002686,2.8671159744262695,2.667123794555664,2.4376842975616455,2.1631577014923096,2.070485830307007,1.7512482404708862,1.8728811740875244,1.630094289779663,1.9387601613998413,1.8599213361740112,2.067098617553711,3.797618865966797,3.5501511096954346,3.204089879989624,3.028883695602417,2.6823883056640625,2.471972703933716,2.155410051345825,1.9116038084030151,1.705981731414795,1.4203828573226929,1.4382507801055908,1.230286717414856,1.5634381771087646,1.489676594734192,1.834078073501587
B1,0.7821932435035706,0.9540501832962036,1.0313953161239624,1.251944661140442,1.5804824829101562,1.6979342699050903,2.0840275287628174,2.2025139331817627,2.5856895446777344,2.7868611812591553,3.113407850265503,3.3639094829559326,3.55324387550354,3.887702226638794,4.063201904296875,0.0,0.37490683794021606,0.6125605702400208,0.9119771122932434,1.2179006338119507,1.473469614982605,1.8264853954315186,2.0618815422058105,2.4030964374542236,2.69087290763855,2.984851360321045,3.297290325164795,3.465325355529785,3.817340612411499,4.060158729553223,0.7819437384605408,0.504368245601654,0.7978753447532654,0.7563867568969727,1.0535023212432861,1.2987866401672363,1.5949584245681763,1.897706389427185,2.159964084625244,2.5074117183685303,2.7235939502716064,3.072953462600708,3.187143564224243,3.544757604598999,3.713127851486206,1.3062149286270142,1.083695650100708,1.2606619596481323,1.085619330406189,1.4059232473373413,1.4498909711837769,1.7665878534317017,1.9652316570281982,2.229065418243408,2.5349693298339844,2.7180566787719727,3.0577547550201416,3.1060538291931152,3.4785261154174805,3.617114305496216,1.3950097560882568,1.3071446418762207,1.427075982093811,1.3887604475021362,1.7361819744110107,1.7204866409301758,2.0695881843566895,2.1843438148498535,2.46435809135437,2.702601194381714,2.8867506980895996,3.183457136154175,3.1712613105773926,3.5541298389434814,3.5666606426239014
B2,0.525546133518219,0.641327440738678,0.6633391976356506,0.9207935929298401,1.2319222688674927,1.3861583471298218,1.763682246208191,1.9114664793014526,2.2896668910980225,2.510999917984009,2.8393783569335938,3.098165512084961,3.304961681365967,3.630629777908325,3.8296613693237305,0.37490683794021606,0.0,0.3805360198020935,0.5745021104812622,0.8990784287452698,1.1605130434036255,1.5039418935775757,1.764428973197937,2.086305856704712,2.3966524600982666,2.670405626296997,2.9971365928649902,3.153052806854248,3.5067574977874756,3.753596305847168,0.9499805569648743,0.6311482191085815,0.8040443658828735,0.6303941607475281,0.952602744102478,1.1000925302505493,1.4134503602981567,1.6801249980926514,1.9406918287277222,2.2761991024017334,2.476942539215088,2.8256735801696777,2.911440134048462,3.2784078121185303,3.4227216243743896,1.241594910621643,1.057442545890808,1.1501585245132446,0.9921072125434875,1.3196945190429688,1.3087762594223022,1.6559070348739624,1.7999485731124878,2.0970730781555176,2.364858627319336,2.5754642486572266,2.8935840129852295,2.95229434967041,3.328176975250244,3.4559264183044434,1.1673294305801392,1.0999406576156616,1.1558289527893066,1.1706191301345825,1.5106083154678345,1.501463770866394,1.8734071254730225,1.9746315479278564,2.289896249771118,2.514660120010376,2.738394260406494,3.027357339859009,3.0552968978881836,3.4397006034851074,3.481245756149292
B3,0.8289660811424255,0.8326600193977356,0.667675256729126,0.8700330257415771,1.1080996990203857,1.187387228012085,1.5506086349487305,1.6398961544036865,2.0272388458251953,2.2099668979644775,2.5515007972717285,2.7876579761505127,3.0006821155548096,3.32100772857666,3.511923313140869,0.6125605702400208,0.3805360198020935,0.0,0.376556396484375,0.6274658441543579,0.8761135339736938,1.2243449687957764,1.4556905031204224,1.7980172634124756,2.083982229232788,2.382209300994873,2.6921029090881348,2.872788429260254,3.2179412841796875,3.471691846847534,1.0590790510177612,0.6909817457199097,0.6738128662109375,0.35481059551239014,0.5999251008033752,0.7309442162513733,1.03435218334198,1.3121604919433594,1.5738469362258911,1.9135193824768066,2.1253902912139893,2.472597599029541,2.5801024436950684,2.94122576713562,3.104388952255249,1.3874831199645996,1.140787124633789,1.1206886768341064,0.8686707615852356,1.114925742149353,1.02001953125,1.3380749225616455,1.4551342725753784,1.7372361421585083,1.9996793270111084,2.199781656265259,2.518245220184326,2.5722148418426514,2.9481711387634277,3.0776734352111816,1.3531709909439087,1.2156357765197754,1.1615231037139893,1.100626826286316,1.3790671825408936,1.2836484909057617,1.6343969106674194,1.683059573173523,1.9905049800872803,2.186469793319702,2.406559944152832,2.680791139602661,2.7031850814819336,3.0866172313690186,3.122879981994629
B4,0.7979350686073303,0.6697319746017456,0.3681371808052063,0.5538501739501953,0.7427763938903809,0.8697184920310974,1.2235381603240967,1.363159418106079,1.7398627996444702,1.9599262475967407,2.2950148582458496,2.5501112937927246,2.7758312225341797,3.0891246795654297,3.306597948074341,0.9119771122932434,0.5745021104812622,0.376556396484375,0.0,0.38182857632637024,0.5911362767219543,0.93913733959198,1.1990737915039062,1.5143916606903076,1.8301327228546143,2.0965282917022705,2.426532745361328,2.580751895904541,2.9332103729248047,3.183819055557251,1.2668970823287964,0.9407680034637451,0.8665956258773804,0.5447372198104858,0.7519922852516174,0.6941109299659729,1.0121854543685913,1.2004235982894897,1.4673181772232056,1.770702838897705,1.9692765474319458,2.3061141967773438,2.377894639968872,2.751682996749878,2.879077196121216,1.3570008277893066,1.1771557331085205,1.0757434368133545,0.8945148587226868,1.1255024671554565,0.98976069688797,1.33305025100708,1.380953073501587,1.706418514251709,1.9153974056243896,2.1576786041259766,2.443474292755127,2.52278995513916,2.895183801651001,3.019094467163086,1.1743415594100952,1.0571744441986084,0.9138918519020081,0.9218407273292542,1.1685717105865479,1.0979664325714111,1.4684138298034668,1.5141905546188354,1.8614001274108887,2.049896717071533,2.3160176277160645,2.5850613117218018,2.659914493560791,3.039726734161377,3.1161227226257324
B5,1.0929689407348633,0.9825549721717834,0.6208653450012207,0.7644655704498291,0.7605706453323364,0.848018229007721,1.1156554222106934,1.2067556381225586,1.5746901035308838,1.753186583518982,2.1105079650878906,2.331716537475586,2.5923428535461426,2.8798651695251465,3.111196756362915,1.2179006338119507,0.8990784287452698,0.6274658441543579,0.38182857632637024,0.0,0.36878377199172974,0.6252883076667786,0.9232927560806274,1.2197456359863281,1.544063925743103,1.816208004951477,2.1429648399353027,2.328669786453247,2.662930727005005,2.939487934112549,1.6105700731277466,1.2687406539916992,1.1339024305343628,0.7722635269165039,0.7967855930328369,0.5966238975524902,0.7907729744911194,0.9460150599479675,1.151912808418274,1.4630235433578491,1.6231368780136108,1.9698179960250854,2.0239622592926025,2.3961117267608643,2.5262231826782227,1.7092375755310059,1.5245980024337769,1.3674471378326416,1.1567063331604004,1.2912511825561523,1.0518605709075928,1.32151198387146,1.2709028720855713,1.5657076835632324,1.7157429456710815,1.9384652376174927,2.1973235607147217,2.2492475509643555,2.622631549835205,2.716693162918091,1.4779757261276245,1.3737589120864868,1.1553239822387695,1.1580970287322998,1.3103762865066528,1.163774013519287,1.4897092580795288,1.4430559873580933,1.7922461032867432,1.9109641313552856,2.1955957412719727,2.423074245452881,2.511094331741333,2.88181734085083,2.9566571712493896
B6,1.3408876657485962,1.1379504203796387,0.7691127061843872,0.727588951587677,0.5943472385406494,0.5472580790519714,0.7752473950386047,0.8385749459266663,1.210606575012207,1.398738145828247,1.749397873878479,1.984562873840332,2.235886335372925,2.53035306930542,2.763314962387085,1.473469614982605,1.1605130434036255,0.8761135339736938,0.5911362767219543,0.36878377199172974,0.0,0.3910138010978699,0.6084465980529785,0.9327628016471863,1.2390040159225464,1.5129711627960205,1.8368374109268188,2.0044004917144775,2.350656747817993,2.609328508377075,1.7133698463439941,1.4099600315093994,1.1963025331497192,0.8859918117523193,0.8614094257354736,0.5462884306907654,0.7341920137405396,0.7456368207931519,1.0030975341796875,1.242702841758728,1.4427411556243896,1.7567946910858154,1.8238006830215454,2.200678586959839,2.3180625438690186,1.7103674411773682,1.5348889827728271,1.294299602508545,1.110800862312317,1.1618515253067017,0.8865602016448975,1.1293928623199463,1.021262288093567,1.3464139699935913,1.4599831104278564,1.728840947151184,1.9659101963043213,2.0670056343078613,2.4274096488952637,2.5468392372131348,1.511897087097168,1.3589158058166504,1.0634363889694214,1.0249521732330322,1.0744222402572632,0.8893923163414001,1.1813786029815674,1.1111780405044556,1.4737461805343628,1.589327335357666,1.8976385593414307,2.127711534500122,2.252202033996582,2.617478609085083,2.7274229526519775
B7,1.6304694414138794,1.4365580081939697,1.0623420476913452,1.0268192291259766,0.76775062084198,0.7197754383087158,0.7437169551849365,0.7639029622077942,1.068278431892395,1.218772292137146,1.5785136222839355,1.7793022394180298,2.074734687805176,2.329521417617798,2.5913326740264893,1.8264853954315186,1.5039418935775757,1.2243449687957764,0.93913733959198,0.6252883076667786,0.3910138010978699,0.0,0.37452229857444763,0.597222626209259,0.9460998177528381,1.1947084665298462,1.5293631553649902,1.7152897119522095,2.042661190032959,2.3288047313690186,2.1042044162750244,1.7961890697479248,1.5785725116729736,1.2613693475723267,1.1781988143920898,0.8276497721672058,0.843485951423645,0.7274791598320007,0.8547003865242004,1.03444504737854,1.1609896421432495,1.4665814638137817,1.4810125827789307,1.86260986328125,1.9555182456970215,2.0650827884674072,1.9122434854507446,1.6535823345184326,1.4861762523651123,1.4930617809295654,1.185134768486023,1.344368577003479,1.1327095031738281,1.4049054384231567,1.4121193885803223,1.665960431098938,1.8408900499343872,1.9234474897384644,2.2706315517425537,2.3515849113464355,1.7937737703323364,1.6762958765029907,1.350247859954834,1.3485032320022583,1.3265537023544312,1.1300199031829834,1.3450928926467896,1.1910282373428345,1.537814974784851,1.565359354019165,1.9009332656860352,2.0741355419158936,2.235136032104492,2.577092409133911,2.701748847961426
B8,1.9361720085144043,1.711383581161499,1.3470101356506348,1.231274962425232,0.9565721750259399,0.7611293792724609,0.6627984642982483,0.5037379264831543,0.7800678610801697,0.864568293094635,1.2360365390777588,1.4229995012283325,1.7131233215332031,1.9735709428787231,2.2241322994232178,2.0618815422058105,1.764428973197937,1.4556905031204224,1.1990737915039062,0.9232927560806274,0.6084465980529785,0.37452229857444763,0.0,0.3863667845726013,0.6322311758995056,0.9349557757377625,1.2368987798690796,1.4359335899353027,1.7667920589447021,2.0380160808563232,2.2355737686157227,1.953650712966919,1.6787222623825073,1.4082047939300537,1.2655056715011597,0.8958046436309814,0.8479036092758179,0.577838659286499,0.7141514420509338,0.7706843614578247,0.962363600730896,1.2170895338058472,1.2822208404541016,1.6553376913070679,1.7612979412078857,2.1881985664367676,2.019174098968506,1.7123539447784424,1.5441820621490479,1.4578403234481812,1.1295905113220215,1.1951663494110107,0.9116287231445312,1.1558681726455688,1.1006088256835938,1.3831231594085693,1.5296317338943481,1.6584224700927734,1.9872359037399292,2.0981333255767822,2.0015251636505127,1.834000825881958,1.4836164712905884,1.4139472246170044,1.2962168455123901,1.0430771112442017,1.152283787727356,0.9228522181510925,1.2368265390396118,1.217758297920227,1.5637444257736206,1.7203223705291748,1.9068912267684937,2.23738956451416,2.385629653930664
B9,2.19777250289917,1.9669419527053833,1.6080958843231201,1.4906389713287354,1.1565525531768799,1.0065339803695679,0.7692844867706299,0.6383673548698425,0.7223665714263916,0.7728574275970459,1.1088610887527466,1.2629673480987549,1.5963499546051025,1.8026145696640015,2.0945944786071777,2.4030964374542236,2.086305856704712,1.7980172634124756,1.5143916606903076,1.2197456359863281,0.9327628016471863,0.597222626209259,0.3863667845726013,0.0,0.3969554901123047,0.598463773727417,0.9371271729469299,1.1293379068374634,1.4465358257293701,1.7419077157974243,2.5986380577087402,2.318666458129883,2.055401563644409,1.7796401977539062,1.6462736129760742,1.2762465476989746,1.1915841102600098,0.8975509405136108,0.8981602191925049,0.8246627449989319,0.8908601403236389,1.0760895013809204,1.0452913045883179,1.417474389076233,1.4599555730819702,2.485201597213745,2.350874423980713,2.037670850753784,1.9032868146896362,1.8179863691329956,1.5011301040649414,1.5444303750991821,1.230447769165039,1.4240312576293945,1.2709029912948608,1.5308904647827148,1.588742733001709,1.7110108137130737,2.001814842224121,2.0729012489318848,2.2250795364379883,2.0934224128723145,1.7274788618087769,1.706290602684021,1.5548988580703735,1.3420615196228027,1.4046622514724731,1.1598711013793945,1.4356335401535034,1.3465383052825928,1.7064316272735596,1.8023368120193481,2.0371150970458984,2.328416347503662,2.5035836696624756
B10,2.5505640506744385,2.311237096786499,1.954282283782959,1.8073030710220337,1.4865249395370483,1.2687978744506836,0.9964081048965454,0.7403165698051453,0.6777927279472351,0.5191323757171631,0.8357055187225342,0.9081750512123108,1.2591335773468018,1.4424138069152832,1.7257202863693237,2.69087290763855,2.3966524600982666,2.083982229232788,1.8301327228546143,1.544063925743103,1.2390040159225464,0.9460998177528381,0.6322311758995056,0.3969554901123047,0.0,0.38169920444488525,0.6113342046737671,0.8661207556724548,1.1601853370666504,1.4505270719528198,2.824824571609497,2.560710906982422,2.2610409259796143,2.016871690750122,1.8354377746582031,1.4744635820388794,1.334338665008545,0.9801997542381287,0.9292953014373779,0.6856391429901123,0.7616757154464722,0.8195680975914001,0.8457998633384705,1.1796573400497437,1.2388947010040283,2.7313027381896973,2.5784473419189453,2.2405176162719727,2.097612142562866,1.9435656070709229,1.6233561038970947,1.573305368423462,1.2188551425933838,1.3262311220169067,1.0776225328445435,1.3206936120986938,1.3040608167648315,1.462041974067688,1.7090805768966675,1.7963868379592896,2.5416924953460693,2.3755810260772705,2.0049538612365723,1.9325815439224243,1.7246229648590088,1.477239727973938,1.434632658958435,1.1285781860351562,1.3091278076171875,1.1246109008789062,1.4670583009719849,1.50167715549469,1.7651056051254272,2.0204553604125977,2.216442108154297
B11,2.7672152519226074,2.5123260021209717,2.169085741043091,2.0076913833618164,1.6529861688613892,1.470446228981018,1.1323676109313965,0.9525220394134521,0.7532756924629211,0.6349467039108276,0.8021852970123291,0.8524963855743408,1.2162091732025146,1.3304046392440796,1.6627501249313354,2.984851360321045,2.670405626296997,2.382209300994873,2.0965282917022705,1.816208004951477,1.5129711627960205,1.1947084665298462,0.9349557757377625,0.598463773727417,0.38169920444488525,0.0,0.37642616033554077,0.5481461882591248,0.8481681942939758,1.1534879207611084,3.119619131088257,2.864335536956787,2.5777008533477783,2.333733320236206,2.182954788208008,1.8169385194778442,1.6999602317810059,1.3544803857803345,1.2902826070785522,1.0337820053100586,1.0183051824569702,0.9835512042045593,0.8878247737884521,1.169966459274292,1.113411784172058,2.944572925567627,2.8307254314422607,2.488440990447998,2.3864216804504395,2.2474889755249023,1.948522686958313,1.9181538820266724,1.5720798969268799,1.6846498250961304,1.4140647649765015,1.6464416980743408,1.5704814195632935,1.7308849096298218,1.9273639917373657,1.9858908653259277,2.6952497959136963,2.55861759185791,2.1798572540283203,2.1508114337921143,1.9217897653579712,1.7252197265625,1.6696592569351196,1.3974077701568604,1.5635881423950195,1.3747485876083374,1.713828444480896,1.715969204902649,2.019148826599121,2.2330033779144287,2.4599192142486572
B12,3.121763229370117,2.866924285888672,2.5211856365203857,2.3516831398010254,2.0067079067230225,1.7948909997940063,1.457586646080017,1.2286317348480225,0.9810762405395508,0.7325921654701233,0.77100670337677,0.6534319519996643,1.0204792022705078,1.0481680631637573,1.3793631792068481,3.297290325164795,2.9971365928649902,2.6921029090881348,2.426532745361328,2.1429648399353027,1.8368374109268188,1.5293631553649902,1.2368987798690796,0.9371271729469299,0.6113342046737671,0.37642616033554077,0.0,0.3808397948741913,0.5629874467849731,0.8813350200653076,3.402891159057617,3.1547293663024902,2.847566843032837,2.619598627090454,2.436394214630127,2.0797665119171143,1.9245812892913818,1.562069058418274,1.4580962657928467,1.12615966796875,1.082864761352539,0.9125605821609497,0.8397879600524902,1.0136719942092896,0.9414010047912598,3.2496092319488525,3.122096061706543,2.7682912349700928,2.6571037769317627,2.477687358856201,2.17856502532959,2.088148832321167,1.7290529012680054,1.7689275741577148,1.439553141593933,1.622888445854187,1.464814305305481,1.6341956853866577,1.7616934776306152,1.8142856359481812,3.042555809020996,2.8871192932128906,2.5083301067352295,2.4494800567626953,2.1939282417297363,1.9782620668411255,1.8612196445465088,1.5621148347854614,1.6440119743347168,1.383924961090088,1.6735289096832275,1.5987828969955444,1.9175270795822144,2.0738844871520996,2.3143346309661865
B13,3.236098051071167,2.9533865451812744,2.631078004837036,2.4256432056427,2.069103717803955,1.8646063804626465,1.4899895191192627,1.3140379190444946,0.9853520393371582,0.8234829902648926,0.7131090760231018,0.6608520746231079,0.9554107785224915,0.9550580382347107,1.3228141069412231,3.465325355529785,3.153052806854248,2.872788429260254,2.580751895904541,2.328669786453247,2.0044004917144775,1.7152897119522095,1.4359335899353027,1.1293379068374634,0.8661207556724548,0.5481461882591248,0.3808397948741913,0.0,0.38461652398109436,0.6153039336204529,3.5274696350097656,3.303689956665039,3.0030107498168945,2.7949421405792236,2.6506755352020264,2.2929885387420654,2.1893820762634277,1.8269846439361572,1.7761420011520386,1.4629751443862915,1.4504221677780151,1.293069839477539,1.2007155418395996,1.348798394203186,1.207312822341919,3.283449172973633,3.1944420337677,2.8333675861358643,2.7708873748779297,2.5992071628570557,2.334165573120117,2.2697668075561523,1.9321238994598389,2.010462999343872,1.7014532089233398,1.9226735830307007,1.7697577476501465,1.976424217224121,2.0849785804748535,2.1574926376342773,3.0572729110717773,2.912846565246582,2.533302068710327,2.497530937194824,2.2141449451446533,2.049875497817993,1.9142422676086426,1.6646208763122559,1.7434238195419312,1.526456356048584,1.8207924365997314,1.767593264579773,2.1186881065368652,2.2578186988830566,2.535418748855591
