0.000000000000000000e+00,3.896189928054809570e-01,6.304961442947387695e-01,8.932617902755737305e-01,1.243728399276733398e+00,1.393386125564575195e+00,1.774792075157165527e+00,1.930763125419616699e+00,2.208006620407104492e+00,2.439375400543212891e+00,2.558795690536499023e+00,2.782754182815551758e+00,2.635432481765747070e+00,2.899691104888916016e+00,2.968985080718994141e+00,1.049677014350891113e+00,1.281299591064453125e+00,1.405787825584411621e+00,1.450710654258728027e+00,1.732715010643005371e+00,1.649955987930297852e+00,1.964617967605590820e+00,1.981777787208557129e+00,2.166639804840087891e+00,2.298797369003295898e+00,2.536075115203857422e+00,2.657085180282592773e+00,2.480134487152099609e+00,2.644719839096069336e+00,2.753362655639648438e+00,1.592522859573364258e+00,1.688305497169494629e+00,1.753391981124877930e+00,1.566695809364318848e+00,1.719370126724243164e+00,1.517999172210693359e+00,1.673793792724609375e+00,1.684536933898925781e+00,1.682069301605224609e+00,1.827425837516784668e+00,2.169424295425415039e+00,2.306327581405639648e+00,2.256145954132080078e+00,2.417504072189331055e+00,2.659682512283325195e+00,1.761368274688720703e+00,1.487893700599670410e+00,1.499422550201416016e+00,1.165462970733642578e+00,1.201468825340270996e+00,1.117119789123535156e+00,1.182262778282165527e+00,1.397315979003906250e+00,1.356533765792846680e+00,1.683287501335144043e+00,1.943579435348510742e+00,2.214257717132568359e+00,2.289150476455688477e+00,2.565109729766845703e+00,2.827465534210205078e+00,1.104480862617492676e+00,7.192739844322204590e-01,7.503364682197570801e-01,5.633748769760131836e-01,7.439858317375183105e-01,1.008479356765747070e+00,1.264154434204101562e+00,1.576616644859313965e+00,1.759834051132202148e+00,2.108061075210571289e+00,2.215922594070434570e+00,2.532183647155761719e+00,2.527236461639404297e+00,2.856859683990478516e+00,3.019380092620849609e+00
3.896189928054809570e-01,0.000000000000000000e+00,3.786111176013946533e-01,5.778473615646362305e-01,9.368566870689392090e-01,1.145516276359558105e+00,1.514547109603881836e+00,1.725798845291137695e+00,1.991340398788452148e+00,2.263907194137573242e+00,2.372592210769653320e+00,2.632260084152221680e+00,2.528828859329223633e+00,2.823250293731689453e+00,2.918240070343017578e+00,6.692379713058471680e-01,9.352467656135559082e-01,1.072763800621032715e+00,1.184921622276306152e+00,1.496883034706115723e+00,1.481985688209533691e+00,1.833938360214233398e+00,1.893570661544799805e+00,2.125150918960571289e+00,2.291573047637939453e+00,2.486316204071044922e+00,2.641075134277343750e+00,2.462571620941162109e+00,2.665045022964477539e+00,2.751169919967651367e+00,1.333001613616943359e+00,1.503421187400817871e+00,1.581062316894531250e+00,1.470226883888244629e+00,1.669763088226318359e+00,1.491480469703674316e+00,1.713501095771789551e+00,1.711160778999328613e+00,1.785184144973754883e+00,1.915004730224609375e+00,2.227161407470703125e+00,2.351886034011840820e+00,2.243479013442993164e+00,2.400909185409545898e+00,2.597574710845947266e+00,1.734998583793640137e+00,1.532885670661926270e+00,1.549928665161132812e+00,1.250508546829223633e+00,1.321807146072387695e+00,1.160093665122985840e+00,1.252048730850219727e+00,1.380081415176391602e+00,1.337427973747253418e+00,1.605330824851989746e+00,1.910639405250549316e+00,2.134375333786010742e+00,2.174445390701293945e+00,2.414879083633422852e+00,2.680510282516479492e+00,1.303903818130493164e+00,9.627652764320373535e-01,9.574278593063354492e-01,6.462866663932800293e-01,7.408320307731628418e-01,8.821929097175598145e-01,1.076848983764648438e+00,1.385648846626281738e+00,1.503997445106506348e+00,1.864248752593994141e+00,2.017081975936889648e+00,2.330532073974609375e+00,2.358932733535766602e+00,2.679530620574951172e+00,2.882205486297607422e+00
6.304961442947387695e-01,3.786111176013946533e-01,0.000000000000000000e+00,3.708766400814056396e-01,6.506868600845336914e-01,8.719254732131958008e-01,1.237954497337341309e+00,1.435406804084777832e+00,1.734341621398925781e+00,1.992964386940002441e+00,2.061444997787475586e+00,2.323671817779541016e+00,2.216465711593627930e+00,2.522377490997314453e+00,2.603059291839599609e+00,7.161386013031005859e-01,9.387838244438171387e-01,9.380206465721130371e-01,1.075170755386352539e+00,1.330484032630920410e+00,1.290688157081604004e+00,1.637749075889587402e+00,1.660401225090026855e+00,1.928261876106262207e+00,2.066932201385498047e+00,2.224256992340087891e+00,2.367153644561767578e+00,2.163816690444946289e+00,2.368778705596923828e+00,2.427374362945556641e+00,1.359271645545959473e+00,1.521725893020629883e+00,1.514907956123352051e+00,1.416775107383728027e+00,1.565025091171264648e+00,1.340002417564392090e+00,1.547258019447326660e+00,1.481860756874084473e+00,1.583229780197143555e+00,1.664260864257812500e+00,1.958648920059204102e+00,2.054683446884155273e+00,1.913122057914733887e+00,2.057977914810180664e+00,2.236799955368041992e+00,1.788020968437194824e+00,1.598443508148193359e+00,1.532239913940429688e+00,1.230730533599853516e+00,1.228107571601867676e+00,9.770250916481018066e-01,1.016221523284912109e+00,1.068226218223571777e+00,1.010210275650024414e+00,1.245161771774291992e+00,1.564027547836303711e+00,1.768534421920776367e+00,1.804174780845642090e+00,2.037926435470581055e+00,2.309226274490356445e+00,1.415846467018127441e+00,1.091563463211059570e+00,9.519616365432739258e-01,5.862495899200439453e-01,4.940565824508666992e-01,5.584183931350708008e-01,7.010522484779357910e-01,1.022054553031921387e+00,1.148945927619934082e+00,1.511839509010314941e+00,1.644684553146362305e+00,1.965089440345764160e+00,2.005558252334594727e+00,2.334809064865112305e+00,2.540046453475952148e+00
8.932617902755737305e-01,5.778473615646362305e-01,3.708766400814056396e-01,0.000000000000000000e+00,3.755044639110565186e-01,5.910443067550659180e-01,9.444347620010375977e-01,1.187589883804321289e+00,1.446192860603332520e+00,1.742114186286926270e+00,1.838349580764770508e+00,2.123315811157226562e+00,2.065445423126220703e+00,2.384349584579467773e+00,2.512130498886108398e+00,5.341431498527526855e-01,6.263355016708374023e-01,5.697851181030273438e-01,7.218979597091674805e-01,9.948453307151794434e-01,1.020740985870361328e+00,1.391462683677673340e+00,1.477127313613891602e+00,1.763020873069763184e+00,1.953500747680664062e+00,2.085490703582763672e+00,2.276438713073730469e+00,2.108455657958984375e+00,2.359569787979125977e+00,2.431014299392700195e+00,1.033625006675720215e+00,1.221741676330566406e+00,1.211774349212646484e+00,1.182847261428833008e+00,1.373353719711303711e+00,1.205843448638916016e+00,1.482450962066650391e+00,1.452534914016723633e+00,1.632959842681884766e+00,1.745545268058776855e+00,1.989373564720153809e+00,2.111338615417480469e+00,1.940154433250427246e+00,2.117435693740844727e+00,2.251637697219848633e+00,1.596073746681213379e+00,1.480581998825073242e+00,1.428558111190795898e+00,1.194829225540161133e+00,1.259802937507629395e+00,1.004034042358398438e+00,1.136523485183715820e+00,1.135062694549560547e+00,1.162629723548889160e+00,1.337067365646362305e+00,1.649337887763977051e+00,1.814832925796508789e+00,1.776489734649658203e+00,1.986774206161499023e+00,2.224674940109252930e+00,1.455621957778930664e+00,1.205941557884216309e+00,1.093979239463806152e+00,7.385790348052978516e-01,7.042537331581115723e-01,5.695824623107910156e-01,6.932418346405029297e-01,9.199604988098144531e-01,9.959517121315002441e-01,1.335661053657531738e+00,1.542451977729797363e+00,1.827462196350097656e+00,1.859786033630371094e+00,2.160475969314575195e+00,2.392987251281738281e+00
1.243728399276733398e+00,9.368566870689392090e-01,6.506868600845336914e-01,3.755044639110565186e-01,0.000000000000000000e+00,3.623750209808349609e-01,6.409398317337036133e-01,9.191250801086425781e-01,1.186939954757690430e+00,1.493143558502197266e+00,1.542791366577148438e+00,1.851338148117065430e+00,1.827471017837524414e+00,2.167236566543579102e+00,2.301250934600830078e+00,7.414058446884155273e-01,7.359977960586547852e-01,4.857752025127410889e-01,6.937200427055358887e-01,8.617095947265625000e-01,9.206214547157287598e-01,1.273590445518493652e+00,1.352436423301696777e+00,1.681860089302062988e+00,1.862032175064086914e+00,1.927883386611938477e+00,2.126706123352050781e+00,1.949681282043457031e+00,2.220308780670166016e+00,2.258187770843505859e+00,1.110011458396911621e+00,1.302106142044067383e+00,1.216070890426635742e+00,1.252676963806152344e+00,1.401300787925720215e+00,1.233221411705017090e+00,1.506124138832092285e+00,1.426862716674804688e+00,1.658914566040039062e+00,1.724178075790405273e+00,1.915090203285217285e+00,2.006924390792846680e+00,1.783200383186340332e+00,1.947217226028442383e+00,2.027327299118041992e+00,1.742828011512756348e+00,1.675814270973205566e+00,1.572678565979003906e+00,1.381768345832824707e+00,1.406647324562072754e+00,1.101177453994750977e+00,1.198902249336242676e+00,1.083644390106201172e+00,1.120808839797973633e+00,1.190125823020935059e+00,1.504018306732177734e+00,1.605938434600830078e+00,1.522706747055053711e+00,1.691852211952209473e+00,1.920804142951965332e+00,1.727786540985107422e+00,1.511894464492797852e+00,1.343469500541687012e+00,1.004955649375915527e+00,8.700866699218750000e-01,5.956575870513916016e-01,5.373732447624206543e-01,6.568143367767333984e-01,6.485101580619812012e-01,9.790264964103698730e-01,1.219193696975708008e+00,1.489848256111145020e+00,1.551461815834045410e+00,1.842240452766418457e+00,2.102678537368774414e+00
1.393386125564575195e+00,1.145516276359558105e+00,8.719254732131958008e-01,5.910443067550659180e-01,3.623750209808349609e-01,0.000000000000000000e+00,3.820708990097045898e-01,5.984874367713928223e-01,8.677975535392761230e-01,1.159001231193542480e+00,1.252900242805480957e+00,1.545366168022155762e+00,1.523715972900390625e+00,1.854388713836669922e+00,2.018075704574584961e+00,1.003937482833862305e+00,8.779814839363098145e-01,5.506508350372314453e-01,5.575054287910461426e-01,5.845246911048889160e-01,5.778180360794067383e-01,9.153634905815124512e-01,1.000248432159423828e+00,1.333085179328918457e+00,1.530739784240722656e+00,1.592009544372558594e+00,1.815602302551269531e+00,1.675315022468566895e+00,1.972622990608215332e+00,2.045279502868652344e+00,1.056784272193908691e+00,1.146833181381225586e+00,9.683775305747985840e-01,9.989094734191894531e-01,1.096892833709716797e+00,9.431608319282531738e-01,1.227606058120727539e+00,1.168988347053527832e+00,1.450995206832885742e+00,1.547762513160705566e+00,1.691136360168457031e+00,1.821299195289611816e+00,1.608699798583984375e+00,1.824207067489624023e+00,1.895853638648986816e+00,1.534732818603515625e+00,1.493158102035522461e+00,1.344023227691650391e+00,1.209872484207153320e+00,1.235669136047363281e+00,9.447455406188964844e-01,1.103133916854858398e+00,9.744110703468322754e-01,1.125689387321472168e+00,1.189378976821899414e+00,1.434940695762634277e+00,1.543374896049499512e+00,1.398637294769287109e+00,1.592518448829650879e+00,1.765804767608642578e+00,1.629845380783081055e+00,1.486250638961791992e+00,1.297713637351989746e+00,1.021658539772033691e+00,9.258140325546264648e-01,5.857902169227600098e-01,6.146747469902038574e-01,5.687752366065979004e-01,6.575942039489746094e-01,8.814876079559326172e-01,1.133889675140380859e+00,1.351037502288818359e+00,1.336540222167968750e+00,1.607438206672668457e+00,1.847535490989685059e+00
1.774792075157165527e+00,1.514547109603881836e+00,1.237954497337341309e+00,9.444347620010375977e-01,6.409398317337036133e-01,3.820708990097045898e-01,0.000000000000000000e+00,3.584876060485839844e-01,5.590621232986450195e-01,8.871995210647583008e-01,9.573295712471008301e-01,1.283529639244079590e+00,1.339302301406860352e+00,1.682788252830505371e+00,1.881845831871032715e+00,1.273258090019226074e+00,1.082130789756774902e+00,7.040818333625793457e-01,6.925070881843566895e-01,5.322440862655639648e-01,6.063386797904968262e-01,8.430761098861694336e-01,9.568662643432617188e-01,1.306059002876281738e+00,1.510922431945800781e+00,1.487641930580139160e+00,1.740082979202270508e+00,1.627905130386352539e+00,1.953798890113830566e+00,2.007193803787231445e+00,1.170067667961120605e+00,1.244884848594665527e+00,1.011382341384887695e+00,1.132707357406616211e+00,1.193967580795288086e+00,1.100878357887268066e+00,1.371674656867980957e+00,1.302993774414062500e+00,1.628955483436584473e+00,1.700287461280822754e+00,1.765762448310852051e+00,1.880825281143188477e+00,1.630176901817321777e+00,1.843253850936889648e+00,1.843191742897033691e+00,1.682796835899353027e+00,1.710341453552246094e+00,1.546377778053283691e+00,1.482589840888977051e+00,1.506518840789794922e+00,1.228346467018127441e+00,1.374908447265625000e+00,1.181672096252441406e+00,1.352215886116027832e+00,1.321022391319274902e+00,1.525098919868469238e+00,1.557927250862121582e+00,1.336999773979187012e+00,1.468102455139160156e+00,1.586631417274475098e+00,1.937106609344482422e+00,1.835514307022094727e+00,1.642671942710876465e+00,1.391613245010375977e+00,1.279899716377258301e+00,9.233065843582153320e-01,8.569505214691162109e-01,6.537997126579284668e-01,6.205725669860839844e-01,6.797627210617065430e-01,9.989433288574218750e-01,1.130768418312072754e+00,1.116536140441894531e+00,1.333800554275512695e+00,1.610155105590820312e+00
1.930763125419616699e+00,1.725798845291137695e+00,1.435406804084777832e+00,1.187589883804321289e+00,9.191250801086425781e-01,5.984874367713928223e-01,3.584876060485839844e-01,0.000000000000000000e+00,3.681162297725677490e-01,5.813272595405578613e-01,6.627005338668823242e-01,9.559797048568725586e-01,9.895600676536560059e-01,1.327365517616271973e+00,1.537577390670776367e+00,1.582063436508178711e+00,1.392271161079406738e+00,1.026474833488464355e+00,9.238236546516418457e-01,6.605102419853210449e-01,5.651704072952270508e-01,6.433621048927307129e-01,6.705132126808166504e-01,1.025220036506652832e+00,1.195797562599182129e+00,1.137199759483337402e+00,1.392648458480834961e+00,1.301580548286437988e+00,1.641352057456970215e+00,1.713890790939331055e+00,1.400763988494873047e+00,1.379788637161254883e+00,1.069641113281250000e+00,1.134419679641723633e+00,1.081463932991027832e+00,9.734200239181518555e-01,1.178250312805175781e+00,1.087469339370727539e+00,1.435063004493713379e+00,1.497178316116333008e+00,1.500415325164794922e+00,1.628779053688049316e+00,1.389358997344970703e+00,1.636306047439575195e+00,1.627165794372558594e+00,1.689165711402893066e+00,1.707557201385498047e+00,1.480152726173400879e+00,1.451947927474975586e+00,1.427144408226013184e+00,1.169694185256958008e+00,1.305410981178283691e+00,1.090360403060913086e+00,1.326394081115722656e+00,1.276338458061218262e+00,1.394353270530700684e+00,1.426218628883361816e+00,1.160667181015014648e+00,1.318150043487548828e+00,1.376381874084472656e+00,1.946157217025756836e+00,1.887893676757812500e+00,1.659414291381835938e+00,1.470870733261108398e+00,1.354382395744323730e+00,1.002568244934082031e+00,9.660978317260742188e-01,6.798743009567260742e-01,7.592481970787048340e-01,6.882638335227966309e-01,9.242776036262512207e-01,9.892137646675109863e-01,8.699132204055786133e-01,1.074389934539794922e+00,1.308026075363159180e+00
2.208006620407104492e+00,1.991340398788452148e+00,1.734341621398925781e+00,1.446192860603332520e+00,1.186939954757690430e+00,8.677975535392761230e-01,5.590621232986450195e-01,3.681162297725677490e-01,0.000000000000000000e+00,3.826772868633270264e-01,5.922364592552185059e-01,8.742611408233642578e-01,1.020843148231506348e+00,1.322753071784973145e+00,1.599985361099243164e+00,1.772529959678649902e+00,1.515633583068847656e+00,1.159157037734985352e+00,1.004897475242614746e+00,6.564759612083435059e-01,6.536703705787658691e-01,6.017456650733947754e-01,7.423889040946960449e-01,1.029949545860290527e+00,1.254825472831726074e+00,1.152334928512573242e+00,1.459943652153015137e+00,1.451910495758056641e+00,1.810040235519409180e+00,1.904030799865722656e+00,1.404264926910400391e+00,1.344737887382507324e+00,1.016196727752685547e+00,1.162564396858215332e+00,1.115577578544616699e+00,1.121901750564575195e+00,1.343197464942932129e+00,1.318872690200805664e+00,1.682256221771240234e+00,1.776571631431579590e+00,1.730834484100341797e+00,1.882302403450012207e+00,1.656497955322265625e+00,1.914944648742675781e+00,1.868129849433898926e+00,1.677818059921264648e+00,1.775185942649841309e+00,1.575103878974914551e+00,1.626738905906677246e+00,1.654834389686584473e+00,1.448868513107299805e+00,1.629573941230773926e+00,1.437933444976806641e+00,1.691077470779418945e+00,1.635072827339172363e+00,1.728577733039855957e+00,1.735040664672851562e+00,1.433610439300537109e+00,1.544427514076232910e+00,1.530879974365234375e+00,2.119294643402099609e+00,2.113558292388916016e+00,1.923529863357543945e+00,1.755024909973144531e+00,1.684477925300598145e+00,1.337684750556945801e+00,1.321342468261718750e+00,1.041117072105407715e+00,1.060187816619873047e+00,9.207848906517028809e-01,1.181301236152648926e+00,1.149768233299255371e+00,1.001043915748596191e+00,1.086224555969238281e+00,1.322734951972961426e+00
2.439375400543212891e+00,2.263907194137573242e+00,1.992964386940002441e+00,1.742114186286926270e+00,1.493143558502197266e+00,1.159001231193542480e+00,8.871995210647583008e-01,5.813272595405578613e-01,3.826772868633270264e-01,0.000000000000000000e+00,3.782977461814880371e-01,5.350240468978881836e-01,7.043126225471496582e-01,9.682582616806030273e-01,1.275324344635009766e+00,2.115414619445800781e+00,1.872955918312072754e+00,1.519503951072692871e+00,1.341700673103332520e+00,9.860534667968750000e-01,8.758649826049804688e-01,6.614490151405334473e-01,6.653451323509216309e-01,8.801324367523193359e-01,1.034955859184265137e+00,8.478924632072448730e-01,1.157927513122558594e+00,1.202383160591125488e+00,1.561398506164550781e+00,1.670319318771362305e+00,1.738139271736145020e+00,1.619905233383178711e+00,1.258468866348266602e+00,1.341555595397949219e+00,1.189196228981018066e+00,1.186990976333618164e+00,1.310731291770935059e+00,1.266518473625183105e+00,1.621541261672973633e+00,1.694152235984802246e+00,1.569560050964355469e+00,1.722282290458679199e+00,1.519112229347229004e+00,1.793101906776428223e+00,1.724625706672668457e+00,1.825459957122802734e+00,1.909137606620788574e+00,1.658606410026550293e+00,1.739623904228210449e+00,1.718522191047668457e+00,1.542480826377868652e+00,1.694638133049011230e+00,1.492314219474792480e+00,1.775923013687133789e+00,1.697497725486755371e+00,1.706710815429687500e+00,1.699600934982299805e+00,1.370310783386230469e+00,1.482133626937866211e+00,1.388630270957946777e+00,2.246960639953613281e+00,2.274720191955566406e+00,2.056787729263305664e+00,1.940412044525146484e+00,1.859576821327209473e+00,1.529791593551635742e+00,1.519922256469726562e+00,1.206508040428161621e+00,1.278670549392700195e+00,1.070197224617004395e+00,1.232275366783142090e+00,1.122508525848388672e+00,8.722525238990783691e-01,8.816763162612915039e-01,1.039433479309082031e+00
2.558795690536499023e+00,2.372592210769653320e+00,2.061444997787475586e+00,1.838349580764770508e+00,1.542791366577148438e+00,1.252900242805480957e+00,9.573295712471008301e-01,6.627005338668823242e-01,5.922364592552185059e-01,3.782977461814880371e-01,0.000000000000000000e+00,3.580076396465301514e-01,5.770297646522521973e-01,8.898277282714843750e-01,1.136034011840820312e+00,2.225847482681274414e+00,2.026214599609375000e+00,1.652084708213806152e+00,1.548083305358886719e+00,1.225226521492004395e+00,1.129206538200378418e+00,9.852226972579956055e-01,9.072379469871520996e-01,1.150112271308898926e+00,1.204849600791931152e+00,9.469854235649108887e-01,1.172677278518676758e+00,1.141493797302246094e+00,1.475701928138732910e+00,1.502919793128967285e+00,1.983475923538208008e+00,1.919398427009582520e+00,1.572685956954956055e+00,1.649976015090942383e+00,1.500720858573913574e+00,1.429180622100830078e+00,1.512766122817993164e+00,1.381477355957031250e+00,1.712476730346679688e+00,1.700511336326599121e+00,1.554073333740234375e+00,1.628690242767333984e+00,1.371696829795837402e+00,1.590959787368774414e+00,1.459985136985778809e+00,2.162064075469970703e+00,2.213104009628295898e+00,1.944603800773620605e+00,1.973843455314636230e+00,1.898865461349487305e+00,1.674298167228698730e+00,1.748391151428222656e+00,1.483260035514831543e+00,1.718562364578247070e+00,1.562223434448242188e+00,1.550039172172546387e+00,1.471382498741149902e+00,1.117495298385620117e+00,1.163990139961242676e+00,1.040241837501525879e+00,2.485417366027832031e+00,2.467751502990722656e+00,2.210559129714965820e+00,2.068957567214965820e+00,1.921199560165405273e+00,1.585423111915588379e+00,1.490855813026428223e+00,1.141638040542602539e+00,1.168831825256347656e+00,8.751737475395202637e-01,9.715836048126220703e-01,7.882440090179443359e-01,5.383107662200927734e-01,5.137203335762023926e-01,7.376638054847717285e-01
2.782754182815551758e+00,2.632260084152221680e+00,2.323671817779541016e+00,2.123315811157226562e+00,1.851338148117065430e+00,1.545366168022155762e+00,1.283529639244079590e+00,9.559797048568725586e-01,8.742611408233642578e-01,5.350240468978881836e-01,3.580076396465301514e-01,0.000000000000000000e+00,3.632885217666625977e-01,5.777401924133300781e-01,8.599026799201965332e-01,2.537430047988891602e+00,2.337166786193847656e+00,1.970113158226013184e+00,1.831710100173950195e+00,1.495578169822692871e+00,1.347352623939514160e+00,1.121320366859436035e+00,9.757345914840698242e-01,1.120475888252258301e+00,1.094334602355957031e+00,7.608869671821594238e-01,9.486999511718750000e-01,9.864650964736938477e-01,1.300483822822570801e+00,1.347812414169311523e+00,2.257238864898681641e+00,2.144525527954101562e+00,1.778153777122497559e+00,1.816422224044799805e+00,1.604361057281494141e+00,1.539810895919799805e+00,1.547656893730163574e+00,1.416708827018737793e+00,1.720557451248168945e+00,1.696687340736389160e+00,1.477343916893005371e+00,1.554356575012207031e+00,1.342532515525817871e+00,1.572781085968017578e+00,1.429905533790588379e+00,2.291646242141723633e+00,2.335957288742065430e+00,2.039557456970214844e+00,2.097185611724853516e+00,1.994647502899169922e+00,1.810066699981689453e+00,1.870870709419250488e+00,1.620698094367980957e+00,1.879090189933776855e+00,1.725499749183654785e+00,1.636352181434631348e+00,1.559914350509643555e+00,1.207284569740295410e+00,1.261318564414978027e+00,1.052329301834106445e+00,2.607893228530883789e+00,2.624210834503173828e+00,2.356769561767578125e+00,2.263288259506225586e+00,2.124780654907226562e+00,1.813341259956359863e+00,1.747244477272033691e+00,1.402051448822021484e+00,1.478307485580444336e+00,1.184925079345703125e+00,1.200029134750366211e+00,9.782761931419372559e-01,6.541349887847900391e-01,5.115593671798706055e-01,5.364270806312561035e-01
2.635432481765747070e+00,2.528828859329223633e+00,2.216465711593627930e+00,2.065445423126220703e+00,1.827471017837524414e+00,1.523715972900390625e+00,1.339302301406860352e+00,9.895600676536560059e-01,1.020843148231506348e+00,7.043126225471496582e-01,5.770297646522521973e-01,3.632885217666625977e-01,0.000000000000000000e+00,3.615240752696990967e-01,5.818468332290649414e-01,2.527178287506103516e+00,2.364238500595092773e+00,2.009095430374145508e+00,1.863986611366271973e+00,1.558559298515319824e+00,1.336654424667358398e+00,1.116259098052978516e+00,8.660215735435485840e-01,9.873533248901367188e-01,8.575111627578735352e-01,5.266359448432922363e-01,6.325292587280273438e-01,6.236289143562316895e-01,9.419815540313720703e-01,1.015882253646850586e+00,2.314827203750610352e+00,2.185943603515625000e+00,1.816155910491943359e+00,1.781540393829345703e+00,1.525788068771362305e+00,1.399607777595520020e+00,1.331473708152770996e+00,1.155578136444091797e+00,1.422289967536926270e+00,1.369898915290832520e+00,1.124858021736145020e+00,1.202742338180541992e+00,1.022946000099182129e+00,1.282530784606933594e+00,1.190771937370300293e+00,2.251702308654785156e+00,2.238296508789062500e+00,1.908325910568237305e+00,1.936437487602233887e+00,1.780457258224487305e+00,1.607045173645019531e+00,1.627940177917480469e+00,1.388437628746032715e+00,1.658285379409790039e+00,1.525601625442504883e+00,1.381728887557983398e+00,1.347825884819030762e+00,1.026845574378967285e+00,1.162244081497192383e+00,9.805403947830200195e-01,2.437903404235839844e+00,2.449146747589111328e+00,2.156414747238159180e+00,2.098221063613891602e+00,1.950392603874206543e+00,1.674968123435974121e+00,1.635193824768066406e+00,1.311728835105895996e+00,1.467137217521667480e+00,1.223534345626831055e+00,1.163308501243591309e+00,1.007613897323608398e+00,6.430699229240417480e-01,6.468234658241271973e-01,5.451810956001281738e-01
2.899691104888916016e+00,2.823250293731689453e+00,2.522377490997314453e+00,2.384349584579467773e+00,2.167236566543579102e+00,1.854388713836669922e+00,1.682788252830505371e+00,1.327365517616271973e+00,1.322753071784973145e+00,9.682582616806030273e-01,8.898277282714843750e-01,5.777401924133300781e-01,3.615240752696990967e-01,0.000000000000000000e+00,3.697291314601898193e-01,2.854511737823486328e+00,2.684712648391723633e+00,2.338208913803100586e+00,2.165628194808959961e+00,1.850985050201416016e+00,1.609395503997802734e+00,1.337947726249694824e+00,1.073916435241699219e+00,1.077598452568054199e+00,8.678192496299743652e-01,5.024476647377014160e-01,4.835859835147857666e-01,6.247392296791076660e-01,8.633430004119873047e-01,9.825536012649536133e-01,2.596457242965698242e+00,2.428293704986572266e+00,2.051179170608520508e+00,1.992037892341613770e+00,1.695520997047424316e+00,1.592737913131713867e+00,1.461252570152282715e+00,1.311508417129516602e+00,1.529076695442199707e+00,1.477504730224609375e+00,1.164854884147644043e+00,1.250838041305541992e+00,1.155353307723999023e+00,1.408900856971740723e+00,1.320907950401306152e+00,2.411943197250366211e+00,2.398106813430786133e+00,2.055677175521850586e+00,2.116207361221313477e+00,1.947755575180053711e+00,1.825553178787231445e+00,1.843472957611083984e+00,1.637683987617492676e+00,1.917577147483825684e+00,1.799936890602111816e+00,1.601706027984619141e+00,1.577739596366882324e+00,1.286231398582458496e+00,1.414688944816589355e+00,1.182631015777587891e+00,2.601384639739990234e+00,2.649791002273559570e+00,2.360584735870361328e+00,2.348499774932861328e+00,2.220473766326904297e+00,1.971661925315856934e+00,1.959798455238342285e+00,1.650520086288452148e+00,1.823817610740661621e+00,1.580911159515380859e+00,1.495113492012023926e+00,1.319593310356140137e+00,9.598259329795837402e-01,8.875277638435363770e-01,6.427716016769409180e-01
2.968985080718994141e+00,2.918240070343017578e+00,2.603059291839599609e+00,2.512130498886108398e+00,2.301250934600830078e+00,2.018075704574584961e+00,1.881845831871032715e+00,1.537577390670776367e+00,1.599985361099243164e+00,1.275324344635009766e+00,1.136034011840820312e+00,8.599026799201965332e-01,5.818468332290649414e-01,3.697291314601898193e-01,0.000000000000000000e+00,3.006581306457519531e+00,2.878374576568603516e+00,2.534561157226562500e+00,2.389709711074829102e+00,2.103930473327636719e+00,1.843133330345153809e+00,1.610459804534912109e+00,1.305498600006103516e+00,1.319318175315856934e+00,1.035946726799011230e+00,7.392562627792358398e-01,5.255042910575866699e-01,5.267167091369628906e-01,6.185097694396972656e-01,6.685087084770202637e-01,2.844890356063842773e+00,2.693192958831787109e+00,2.322808742523193359e+00,2.231481790542602539e+00,1.927346825599670410e+00,1.768873095512390137e+00,1.584591031074523926e+00,1.374177813529968262e+00,1.519882917404174805e+00,1.386594533920288086e+00,1.040806293487548828e+00,1.040488719940185547e+00,9.746835231781005859e-01,1.176993250846862793e+00,1.086679220199584961e+00,2.657119274139404297e+00,2.597607612609863281e+00,2.237397193908691406e+00,2.253622055053710938e+00,2.031037092208862305e+00,1.899974822998046875e+00,1.846061944961547852e+00,1.630555152893066406e+00,1.871667623519897461e+00,1.731349110603332520e+00,1.470455765724182129e+00,1.433190226554870605e+00,1.192803978919982910e+00,1.322972297668457031e+00,1.088249683380126953e+00,2.720842123031616211e+00,2.742281436920166016e+00,2.424087047576904297e+00,2.424828529357910156e+00,2.262032508850097656e+00,2.046740293502807617e+00,2.013451814651489258e+00,1.722914934158325195e+00,1.914197325706481934e+00,1.682657361030578613e+00,1.515684485435485840e+00,1.357750058174133301e+00,1.027481436729431152e+00,9.986101984977722168e-01,6.873760819435119629e-01
1.049677014350891113e+00,6.692379713058471680e-01,7.161386013031005859e-01,5.341431498527526855e-01,7.414058446884155273e-01,1.003937482833862305e+00,1.273258090019226074e+00,1.582063436508178711e+00,1.772529959678649902e+00,2.115414619445800781e+00,2.225847482681274414e+00,2.537430047988891602e+00,2.527178287506103516e+00,2.854511737823486328e+00,3.006581306457519531e+00,0.000000000000000000e+00,3.928304612636566162e-01,6.362581849098205566e-01,8.874497413635253906e-01,1.239706277847290039e+00,1.387186646461486816e+00,1.766672849655151367e+00,1.922560811042785645e+00,2.198051452636718750e+00,2.430617094039916992e+00,2.557946920394897461e+00,2.775596857070922852e+00,2.624152183532714844e+00,2.886632680892944336e+00,2.952996253967285156e+00,9.492390155792236328e-01,1.267708897590637207e+00,1.396911501884460449e+00,1.451001882553100586e+00,1.729563236236572266e+00,1.641185045242309570e+00,1.954067111015319824e+00,1.965985298156738281e+00,2.146842956542968750e+00,2.275221347808837891e+00,2.521977663040161133e+00,2.643959760665893555e+00,2.462808132171630859e+00,2.624331951141357422e+00,2.738543748855590820e+00,1.762586712837219238e+00,1.705073118209838867e+00,1.760128378868103027e+00,1.562386035919189453e+00,1.705462932586669922e+00,1.500845074653625488e+00,1.651138782501220703e+00,1.665252923965454102e+00,1.657072663307189941e+00,1.811341643333435059e+00,2.148033142089843750e+00,2.285863399505615234e+00,2.246402263641357422e+00,2.414211511611938477e+00,2.657567262649536133e+00,1.718372344970703125e+00,1.472039103507995605e+00,1.476780295372009277e+00,1.139771580696105957e+00,1.175459504127502441e+00,1.100910663604736328e+00,1.168005108833312988e+00,1.384853482246398926e+00,1.354513645172119141e+00,1.688947677612304688e+00,1.941704750061035156e+00,2.214690446853637695e+00,2.287444829940795898e+00,2.563582897186279297e+00,2.830834150314331055e+00
1.281299591064453125e+00,9.352467656135559082e-01,9.387838244438171387e-01,6.263355016708374023e-01,7.359977960586547852e-01,8.779814839363098145e-01,1.082130789756774902e+00,1.392271161079406738e+00,1.515633583068847656e+00,1.872955918312072754e+00,2.026214599609375000e+00,2.337166786193847656e+00,2.364238500595092773e+00,2.684712648391723633e+00,2.878374576568603516e+00,3.928304612636566162e-01,0.000000000000000000e+00,3.807778358459472656e-01,5.769168138504028320e-01,9.352057576179504395e-01,1.146958589553833008e+00,1.513224601745605469e+00,1.725817441940307617e+00,1.989425420761108398e+00,2.263566970825195312e+00,2.378312110900878906e+00,2.633187770843505859e+00,2.525920391082763672e+00,2.819815635681152344e+00,2.911126375198364258e+00,5.804283022880554199e-01,9.286950230598449707e-01,1.069598197937011719e+00,1.195420861244201660e+00,1.503726601600646973e+00,1.484855294227600098e+00,1.836239099502563477e+00,1.890024542808532715e+00,2.120528221130371094e+00,2.283271074295043945e+00,2.486524343490600586e+00,2.640478610992431641e+00,2.455481767654418945e+00,2.654256582260131836e+00,2.743303060531616211e+00,1.515334248542785645e+00,1.534988880157470703e+00,1.602441072463989258e+00,1.480589866638183594e+00,1.672288417816162109e+00,1.488756179809570312e+00,1.705811619758605957e+00,1.703816175460815430e+00,1.772325873374938965e+00,1.906321525573730469e+00,2.213555335998535156e+00,2.337752580642700195e+00,2.238272428512573242e+00,2.400458574295043945e+00,2.598478794097900391e+00,1.694044709205627441e+00,1.528973221778869629e+00,1.542647480964660645e+00,1.237483501434326172e+00,1.309713721275329590e+00,1.154265999794006348e+00,1.245024919509887695e+00,1.372555732727050781e+00,1.336231112480163574e+00,1.612575173377990723e+00,1.911168217658996582e+00,2.136123180389404297e+00,2.174519300460815430e+00,2.413901805877685547e+00,2.685538530349731445e+00
1.405787825584411621e+00,1.072763800621032715e+00,9.380206465721130371e-01,5.697851181030273438e-01,4.857752025127410889e-01,5.506508350372314453e-01,7.040818333625793457e-01,1.026474833488464355e+00,1.159157037734985352e+00,1.519503951072692871e+00,1.652084708213806152e+00,1.970113158226013184e+00,2.009095430374145508e+00,2.338208913803100586e+00,2.534561157226562500e+00,6.362581849098205566e-01,3.807778358459472656e-01,0.000000000000000000e+00,3.674885332584381104e-01,6.469343304634094238e-01,8.698815703392028809e-01,1.232805013656616211e+00,1.432147026062011719e+00,1.727870583534240723e+00,1.989237785339355469e+00,2.063956260681152344e+00,2.321269512176513672e+00,2.210882902145385742e+00,2.516635656356811523e+00,2.594451904296875000e+00,6.683879494667053223e-01,9.349849820137023926e-01,9.359888434410095215e-01,1.084797024726867676e+00,1.334786653518676758e+00,1.292913436889648438e+00,1.638511657714843750e+00,1.655703544616699219e+00,1.923062086105346680e+00,2.058969259262084961e+00,2.224382400512695312e+00,2.366122007369995117e+00,2.156637191772460938e+00,2.358367443084716797e+00,2.419344902038574219e+00,1.518952488899230957e+00,1.547235727310180664e+00,1.531519532203674316e+00,1.424880027770996094e+00,1.566429138183593750e+00,1.336828589439392090e+00,1.540043950080871582e+00,1.474412322044372559e+00,1.572071671485900879e+00,1.656208634376525879e+00,1.945256829261779785e+00,2.041041612625122070e+00,1.907345414161682129e+00,2.057332992553710938e+00,2.236951828002929688e+00,1.742895722389221191e+00,1.594599127769470215e+00,1.525956630706787109e+00,1.218125343322753906e+00,1.218627929687500000e+00,9.715583920478820801e-01,1.010835051536560059e+00,1.060706496238708496e+00,1.009740114212036133e+00,1.252496719360351562e+00,1.564826965332031250e+00,1.769590020179748535e+00,1.802442550659179688e+00,2.034762144088745117e+00,2.311790466308593750e+00
1.450710654258728027e+00,1.184921622276306152e+00,1.075170755386352539e+00,7.218979597091674805e-01,6.937200427055358887e-01,5.575054287910461426e-01,6.925070881843566895e-01,9.238236546516418457e-01,1.004897475242614746e+00,1.341700673103332520e+00,1.548083305358886719e+00,1.831710100173950195e+00,1.863986611366271973e+00,2.165628194808959961e+00,2.389709711074829102e+00,8.874497413635253906e-01,5.769168138504028320e-01,3.674885332584381104e-01,0.000000000000000000e+00,3.749099373817443848e-01,5.918444395065307617e-01,9.429047107696533203e-01,1.186015248298645020e+00,1.441280841827392578e+00,1.737959623336791992e+00,1.841763138771057129e+00,2.121704578399658203e+00,2.059662818908691406e+00,2.377829790115356445e+00,2.502810955047607422e+00,5.077326297760009766e-01,6.284239888191223145e-01,5.722301602363586426e-01,7.319126725196838379e-01,9.987605810165405273e-01,1.019628882408142090e+00,1.389142751693725586e+00,1.468987584114074707e+00,1.754469633102416992e+00,1.943145155906677246e+00,2.084441661834716797e+00,2.273817300796508789e+00,2.099642038345336914e+00,2.347691297531127930e+00,2.422330141067504883e+00,1.181251287460327148e+00,1.243375778198242188e+00,1.225543260574340820e+00,1.184441447257995605e+00,1.369645953178405762e+00,1.196608185768127441e+00,1.470001697540283203e+00,1.441172957420349121e+00,1.617860794067382812e+00,1.733103752136230469e+00,1.971287131309509277e+00,2.095413684844970703e+00,1.932839989662170410e+00,2.116584539413452148e+00,2.252839803695678711e+00,1.534835696220397949e+00,1.464103817939758301e+00,1.412690281867980957e+00,1.170905470848083496e+00,1.241744160652160645e+00,9.912497401237487793e-01,1.126421809196472168e+00,1.125949978828430176e+00,1.161951541900634766e+00,1.347112655639648438e+00,1.649459004402160645e+00,1.817652225494384766e+00,1.776487231254577637e+00,1.986912846565246582e+00,2.229613780975341797e+00
1.732715010643005371e+00,1.496883034706115723e+00,1.330484032630920410e+00,9.948453307151794434e-01,8.617095947265625000e-01,5.845246911048889160e-01,5.322440862655639648e-01,6.605102419853210449e-01,6.564759612083435059e-01,9.860534667968750000e-01,1.225226521492004395e+00,1.495578169822692871e+00,1.558559298515319824e+00,1.850985050201416016e+00,2.103930473327636719e+00,1.239706277847290039e+00,9.352057576179504395e-01,6.469343304634094238e-01,3.749099373817443848e-01,0.000000000000000000e+00,3.618135154247283936e-01,6.376497149467468262e-01,9.171891212463378906e-01,1.178308844566345215e+00,1.486984252929687500e+00,1.545516014099121094e+00,1.849784135818481445e+00,1.823018312454223633e+00,2.162540435791015625e+00,2.295351028442382812e+00,7.645248174667358398e-01,7.392440438270568848e-01,4.895704090595245361e-01,6.984735131263732910e-01,8.609234690666198730e-01,9.187102317810058594e-01,1.270541548728942871e+00,1.345584392547607422e+00,1.675596475601196289e+00,1.856320977210998535e+00,1.931391477584838867e+00,2.128329515457153320e+00,1.945989012718200684e+00,2.214336395263671875e+00,2.255079269409179688e+00,1.208246827125549316e+00,1.312872767448425293e+00,1.221878409385681152e+00,1.249890208244323730e+00,1.397060513496398926e+00,1.225261211395263672e+00,1.497224092483520508e+00,1.419560670852661133e+00,1.649865150451660156e+00,1.716635346412658691e+00,1.901534676551818848e+00,1.996885657310485840e+00,1.780529856681823730e+00,1.951837420463562012e+00,2.033891677856445312e+00,1.675187826156616211e+00,1.657180786132812500e+00,1.557632684707641602e+00,1.359508275985717773e+00,1.393222093582153320e+00,1.091929435729980469e+00,1.194462299346923828e+00,1.080358624458312988e+00,1.125906109809875488e+00,1.206597924232482910e+00,1.510173678398132324e+00,1.614516854286193848e+00,1.526615500450134277e+00,1.695700287818908691e+00,1.928259491920471191e+00
1.649955987930297852e+00,1.481985688209533691e+00,1.290688157081604004e+00,1.020740985870361328e+00,9.206214547157287598e-01,5.778180360794067383e-01,6.063386797904968262e-01,5.651704072952270508e-01,6.536703705787658691e-01,8.758649826049804688e-01,1.129206538200378418e+00,1.347352623939514160e+00,1.336654424667358398e+00,1.609395503997802734e+00,1.843133330345153809e+00,1.387186646461486816e+00,1.146958589553833008e+00,8.698815703392028809e-01,5.918444395065307617e-01,3.618135154247283936e-01,0.000000000000000000e+00,3.802580237388610840e-01,5.960026383399963379e-01,8.619639277458190918e-01,1.153652548789978027e+00,1.255079746246337891e+00,1.542610168457031250e+00,1.516821265220642090e+00,1.847149729728698730e+00,2.008418560028076172e+00,1.008412599563598633e+00,8.870844244956970215e-01,5.633038282394409180e-01,5.700501203536987305e-01,5.907799005508422852e-01,5.797457098960876465e-01,9.141057729721069336e-01,9.926464557647705078e-01,1.327159523963928223e+00,1.524355292320251465e+00,1.593453168869018555e+00,1.814513325691223145e+00,1.667488098144531250e+00,1.962535381317138672e+00,2.037028551101684570e+00,1.127899408340454102e+00,1.158560633659362793e+00,9.765754938125610352e-01,9.996876120567321777e-01,1.095367074012756348e+00,9.365049004554748535e-01,1.219317078590393066e+00,1.160552144050598145e+00,1.441508173942565918e+00,1.536668419837951660e+00,1.673045396804809570e+00,1.806541800498962402e+00,1.600269317626953125e+00,1.822075247764587402e+00,1.895125031471252441e+00,1.475823879241943359e+00,1.479399204254150391e+00,1.332827925682067871e+00,1.190857648849487305e+00,1.223949432373046875e+00,9.352876543998718262e-01,1.096832275390625000e+00,9.682152867317199707e-01,1.125863552093505859e+00,1.198049187660217285e+00,1.432158231735229492e+00,1.543661475181579590e+00,1.396656751632690430e+00,1.590918421745300293e+00,1.768848657608032227e+00
