0.000000000000000000e+00,3.746426701545715332e-01,6.214374303817749023e-01,9.668939709663391113e-01,1.271679878234863281e+00,1.539031028747558594e+00,1.893550038337707520e+00,1.786534309387207031e+00,1.586213350296020508e+00,1.236621499061584473e+00,1.119708180427551270e+00,9.415603280067443848e-01,1.051181197166442871e+00,7.462479472160339355e-01,6.478853225708007812e-01,1.977060556411743164e+00,2.050353527069091797e+00,1.786030054092407227e+00,1.929241418838500977e+00,1.821065902709960938e+00,1.962201595306396484e+00,2.017276763916015625e+00,1.755256533622741699e+00,1.506044507026672363e+00,1.399889469146728516e+00,1.409924745559692383e+00,1.246830701828002930e+00,1.409861683845520020e+00,1.664217352867126465e+00,1.477499246597290039e+00,1.387614369392395020e+00,1.019480347633361816e+00,9.007984995841979980e-01,6.412509679794311523e-01,5.893293619155883789e-01,7.741248607635498047e-01,9.881548285484313965e-01,9.563782215118408203e-01,1.064280867576599121e+00,9.972257614135742188e-01,1.197287678718566895e+00,1.404520511627197266e+00,1.643923640251159668e+00,1.595001459121704102e+00,1.615624666213989258e+00,2.485166549682617188e+00,2.381519079208374023e+00,2.131357669830322266e+00,2.268816232681274414e+00,2.116084575653076172e+00,2.451618194580078125e+00,2.501717329025268555e+00,2.130690097808837891e+00,2.096958160400390625e+00,1.919698476791381836e+00,2.230947017669677734e+00,2.136454343795776367e+00,2.493539094924926758e+00,2.594358444213867188e+00,2.318305969238281250e+00,2.357183218002319336e+00,2.219801664352416992e+00,1.946436524391174316e+00,1.949086308479309082e+00,1.670541286468505859e+00,1.859168887138366699e+00,1.756953597068786621e+00,1.388167023658752441e+00,1.459352135658264160e+00,1.500250101089477539e+00,1.808819890022277832e+00,1.835115671157836914e+00,2.172055006027221680e+00,2.356110095977783203e+00,2.171085357666015625e+00
3.746426701545715332e-01,0.000000000000000000e+00,3.762075603008270264e-01,6.469640135765075684e-01,9.689237475395202637e-01,1.234946608543395996e+00,1.592790246009826660e+00,1.511713147163391113e+00,1.357725262641906738e+00,1.043956398963928223e+00,9.962038397789001465e-01,9.396728873252868652e-01,1.103345513343811035e+00,8.645030856132507324e-01,8.389732837677001953e-01,2.063803434371948242e+00,2.088813781738281250e+00,1.813325524330139160e+00,1.922813057899475098e+00,1.762016773223876953e+00,1.925343751907348633e+00,1.936558246612548828e+00,1.628903508186340332e+00,1.448862671852111816e+00,1.376387119293212891e+00,1.486191630363464355e+00,1.365211606025695801e+00,1.605374932289123535e+00,1.839509725570678711e+00,1.628907561302185059e+00,1.024004340171813965e+00,6.546269655227661133e-01,6.146823763847351074e-01,4.842875003814697266e-01,6.356272101402282715e-01,9.062566161155700684e-01,1.209712147712707520e+00,1.147839188575744629e+00,1.144513607025146484e+00,9.539837837219238281e-01,1.076858162879943848e+00,1.204717874526977539e+00,1.432306170463562012e+00,1.318589448928833008e+00,1.320736408233642578e+00,2.388849735260009766e+00,2.323321104049682617e+00,2.052174091339111328e+00,2.216942787170410156e+00,2.073400735855102539e+00,2.394191741943359375e+00,2.451693058013916016e+00,2.085205078125000000e+00,1.993820786476135254e+00,1.810057640075683594e+00,2.092096567153930664e+00,1.965578436851501465e+00,2.300879478454589844e+00,2.432831764221191406e+00,2.153515815734863281e+00,2.244321346282958984e+00,2.152182340621948242e+00,1.861517190933227539e+00,1.905341386795043945e+00,1.652966260910034180e+00,1.833354234695434570e+00,1.763126730918884277e+00,1.405003309249877930e+00,1.379633069038391113e+00,1.385875463485717773e+00,1.635011553764343262e+00,1.623893260955810547e+00,1.931773662567138672e+00,2.145317316055297852e+00,1.960217237472534180e+00
6.214374303817749023e-01,3.762075603008270264e-01,0.000000000000000000e+00,3.755289614200592041e-01,6.565789580345153809e-01,9.257014989852905273e-01,1.272763490676879883e+00,1.177157282829284668e+00,9.899238944053649902e-01,6.713978648185729980e-01,6.437406539916992188e-01,6.578276157379150391e-01,8.823524713516235352e-01,7.643859982490539551e-01,7.575407624244689941e-01,1.820611119270324707e+00,1.835143685340881348e+00,1.588431835174560547e+00,1.722346663475036621e+00,1.581366539001464844e+00,1.807671904563903809e+00,1.858284950256347656e+00,1.521467447280883789e+00,1.365692138671875000e+00,1.230603694915771484e+00,1.382843732833862305e+00,1.236246705055236816e+00,1.536527872085571289e+00,1.708705306053161621e+00,1.455443739891052246e+00,9.128265976905822754e-01,6.199775338172912598e-01,5.661416053771972656e-01,6.136475801467895508e-01,7.014295458793640137e-01,1.059297561645507812e+00,1.329894065856933594e+00,1.160884141921997070e+00,1.132669806480407715e+00,8.764213919639587402e-01,1.048793673515319824e+00,1.087317466735839844e+00,1.382721066474914551e+00,1.278469681739807129e+00,1.177760720252990723e+00,2.213456630706787109e+00,2.126096010208129883e+00,1.815945744514465332e+00,1.949000000953674316e+00,1.774639725685119629e+00,2.072165489196777344e+00,2.109951257705688477e+00,1.744561910629272461e+00,1.643344521522521973e+00,1.488603830337524414e+00,1.784264922142028809e+00,1.695645928382873535e+00,2.032790899276733398e+00,2.199996232986450195e+00,1.955520868301391602e+00,1.972871899604797363e+00,1.871945381164550781e+00,1.553447008132934570e+00,1.583894491195678711e+00,1.333528995513916016e+00,1.496370911598205566e+00,1.450176358222961426e+00,1.106082916259765625e+00,1.026177048683166504e+00,1.029337048530578613e+00,1.267902493476867676e+00,1.286596059799194336e+00,1.590182900428771973e+00,1.814685702323913574e+00,1.666367173194885254e+00
9.668939709663391113e-01,6.469640135765075684e-01,3.755289614200592041e-01,0.000000000000000000e+00,3.738328218460083008e-01,5.883982181549072266e-01,9.510893821716308594e-01,9.256222248077392578e-01,7.987555861473083496e-01,6.013495922088623047e-01,6.679177284240722656e-01,8.594195842742919922e-01,1.064667224884033203e+00,1.024312496185302734e+00,1.089598894119262695e+00,2.001896381378173828e+00,1.981062531471252441e+00,1.751853585243225098e+00,1.859835624694824219e+00,1.686785817146301270e+00,1.936587214469909668e+00,1.952901244163513184e+00,1.584467887878417969e+00,1.512902140617370605e+00,1.405046701431274414e+00,1.627454042434692383e+00,1.511232972145080566e+00,1.845510005950927734e+00,1.986557006835937500e+00,1.717973470687866211e+00,6.552634835243225098e-01,4.853287339210510254e-01,6.143582463264465332e-01,8.374302387237548828e-01,1.016765236854553223e+00,1.371833443641662598e+00,1.669861197471618652e+00,1.494831085205078125e+00,1.410985112190246582e+00,1.094349503517150879e+00,1.183455705642700195e+00,1.106146216392517090e+00,1.375506043434143066e+00,1.196606159210205078e+00,1.034153223037719727e+00,2.253860950469970703e+00,2.200110435485839844e+00,1.869642019271850586e+00,2.009512186050415039e+00,1.835839033126831055e+00,2.092536211013793945e+00,2.117900848388671875e+00,1.770965456962585449e+00,1.615789055824279785e+00,1.487087726593017578e+00,1.741974949836730957e+00,1.639363527297973633e+00,1.936329007148742676e+00,2.151127815246582031e+00,1.924709558486938477e+00,1.970049977302551270e+00,1.915299534797668457e+00,1.582049727439880371e+00,1.639232397079467773e+00,1.425662159919738770e+00,1.544293284416198730e+00,1.522012948989868164e+00,1.233254909515380859e+00,1.047844409942626953e+00,1.032514929771423340e+00,1.159747481346130371e+00,1.153193235397338867e+00,1.388866782188415527e+00,1.663095235824584961e+00,1.545401811599731445e+00
1.271679878234863281e+00,9.689237475395202637e-01,6.565789580345153809e-01,3.738328218460083008e-01,0.000000000000000000e+00,3.761304914951324463e-01,6.485552191734313965e-01,5.585745573043823242e-01,5.127918124198913574e-01,4.484623670578002930e-01,7.042963504791259766e-01,9.568376541137695312e-01,1.218073964118957520e+00,1.272165894508361816e+00,1.296929121017456055e+00,1.912855386734008789e+00,1.838109731674194336e+00,1.624272584915161133e+00,1.701211452484130859e+00,1.516185760498046875e+00,1.796152591705322266e+00,1.814497351646423340e+00,1.434160709381103516e+00,1.428813099861145020e+00,1.319590330123901367e+00,1.599579095840454102e+00,1.522394537925720215e+00,1.891261577606201172e+00,1.991050839424133301e+00,1.728556752204895020e+00,6.086866855621337891e-01,6.393045186996459961e-01,7.056797146797180176e-01,1.016433238983154297e+00,1.173624753952026367e+00,1.531910300254821777e+00,1.817484259605407715e+00,1.602332472801208496e+00,1.460861086845397949e+00,1.107825279235839844e+00,1.164341926574707031e+00,9.800841808319091797e-01,1.262069344520568848e+00,1.100144267082214355e+00,8.388934731483459473e-01,2.022025108337402344e+00,1.981514453887939453e+00,1.636910200119018555e+00,1.776292681694030762e+00,1.618485331535339355e+00,1.844879984855651855e+00,1.889872431755065918e+00,1.574729561805725098e+00,1.360154986381530762e+00,1.229009389877319336e+00,1.439354538917541504e+00,1.335122704505920410e+00,1.606047272682189941e+00,1.851382493972778320e+00,1.656238913536071777e+00,1.689049005508422852e+00,1.671164631843566895e+00,1.342620611190795898e+00,1.442809581756591797e+00,1.298549294471740723e+00,1.421556234359741211e+00,1.481045365333557129e+00,1.237013816833496094e+00,9.618021249771118164e-01,8.516678214073181152e-01,8.739371299743652344e-01,8.152215480804443359e-01,1.023577809333801270e+00,1.305661916732788086e+00,1.204090118408203125e+00
1.539031028747558594e+00,1.234946608543395996e+00,9.257014989852905273e-01,5.883982181549072266e-01,3.761304914951324463e-01,0.000000000000000000e+00,3.849060535430908203e-01,5.312809944152832031e-01,4.974128603935241699e-01,6.340602040290832520e-01,7.978782057762145996e-01,1.133725881576538086e+00,1.311749696731567383e+00,1.413533329963684082e+00,1.517454743385314941e+00,2.101169824600219727e+00,2.044134140014648438e+00,1.882124900817871094e+00,1.983054876327514648e+00,1.822578668594360352e+00,2.124426126480102539e+00,2.149177074432373047e+00,1.768302798271179199e+00,1.786587476730346680e+00,1.660172462463378906e+00,1.934443950653076172e+00,1.828641891479492188e+00,2.196747064590454102e+00,2.259777545928955078e+00,1.967658758163452148e+00,7.940697669982910156e-01,9.018774032592773438e-01,1.058975696563720703e+00,1.365103244781494141e+00,1.524704456329345703e+00,1.889274358749389648e+00,2.167626380920410156e+00,1.939378142356872559e+00,1.822190880775451660e+00,1.476260423660278320e+00,1.537178516387939453e+00,1.328558325767517090e+00,1.586723446846008301e+00,1.389993309974670410e+00,1.105159163475036621e+00,2.289264678955078125e+00,2.245468378067016602e+00,1.883579254150390625e+00,1.980445981025695801e+00,1.787136316299438477e+00,1.950725078582763672e+00,1.933700919151306152e+00,1.638083338737487793e+00,1.428498864173889160e+00,1.389517784118652344e+00,1.585316538810729980e+00,1.529850721359252930e+00,1.754102349281311035e+00,2.046532154083251953e+00,1.897437930107116699e+00,1.879567980766296387e+00,1.864310264587402344e+00,1.520255923271179199e+00,1.578621864318847656e+00,1.433652997016906738e+00,1.463882327079772949e+00,1.494737148284912109e+00,1.327918529510498047e+00,1.017741799354553223e+00,9.863483905792236328e-01,9.106686115264892578e-01,9.238796830177307129e-01,1.003269672393798828e+00,1.345204949378967285e+00,1.338811397552490234e+00
1.893550038337707520e+00,1.592790246009826660e+00,1.272763490676879883e+00,9.510893821716308594e-01,6.485552191734313965e-01,3.849060535430908203e-01,0.000000000000000000e+00,3.766115307807922363e-01,5.329099893569946289e-01,8.347300887107849121e-01,1.060487747192382812e+00,1.399206876754760742e+00,1.591411113739013672e+00,1.744361162185668945e+00,1.827040553092956543e+00,2.174052715301513672e+00,2.074594736099243164e+00,1.945969104766845703e+00,2.017972230911254883e+00,1.859459400177001953e+00,2.174569129943847656e+00,2.197430849075317383e+00,1.826313972473144531e+00,1.904210329055786133e+00,1.784804344177246094e+00,2.088168621063232422e+00,2.012428522109985352e+00,2.392877101898193359e+00,2.418677091598510742e+00,2.136838436126708984e+00,9.939339756965637207e-01,1.197127461433410645e+00,1.324637889862060547e+00,1.658993482589721680e+00,1.808140754699707031e+00,2.166559457778930664e+00,2.434687614440917969e+00,2.185938835144042969e+00,2.035850524902343750e+00,1.682246446609497070e+00,1.714686274528503418e+00,1.443048357963562012e+00,1.677747488021850586e+00,1.497829318046569824e+00,1.164623618125915527e+00,2.231418371200561523e+00,2.204712867736816406e+00,1.843661427497863770e+00,1.924050807952880859e+00,1.748801112174987793e+00,1.850444555282592773e+00,1.835326194763183594e+00,1.598788619041442871e+00,1.340089321136474609e+00,1.336937904357910156e+00,1.456474900245666504e+00,1.419380307197570801e+00,1.574851512908935547e+00,1.904868483543395996e+00,1.811370015144348145e+00,1.771400690078735352e+00,1.799772024154663086e+00,1.481310486793518066e+00,1.566789269447326660e+00,1.500903367996215820e+00,1.506959080696105957e+00,1.604063749313354492e+00,1.504089713096618652e+00,1.149312257766723633e+00,1.060825347900390625e+00,8.390610814094543457e-01,8.158042430877685547e-01,7.444863319396972656e-01,1.108491778373718262e+00,1.173518180847167969e+00
1.786534309387207031e+00,1.511713147163391113e+00,1.177157282829284668e+00,9.256222248077392578e-01,5.585745573043823242e-01,5.312809944152832031e-01,3.766115307807922363e-01,0.000000000000000000e+00,3.726602792739868164e-01,6.524317264556884766e-01,9.781928062438964844e-01,1.259841203689575195e+00,1.524115443229675293e+00,1.683222532272338867e+00,1.690738201141357422e+00,1.889953851699829102e+00,1.752870917320251465e+00,1.605652689933776855e+00,1.652234911918640137e+00,1.490099072456359863e+00,1.810458302497863770e+00,1.851129889488220215e+00,1.489003062248229980e+00,1.570857524871826172e+00,1.446696639060974121e+00,1.763078927993774414e+00,1.719658613204956055e+00,2.105246067047119141e+00,2.127574920654296875e+00,1.873951196670532227e+00,9.639696478843688965e-01,1.139885663986206055e+00,1.159815073013305664e+00,1.487105369567871094e+00,1.595722198486328125e+00,1.941705703735351562e+00,2.188765287399291992e+00,1.926675438880920410e+00,1.749338865280151367e+00,1.400840282440185547e+00,1.437297940254211426e+00,1.152235627174377441e+00,1.415272474288940430e+00,1.304526090621948242e+00,9.493778944015502930e-01,1.862932682037353516e+00,1.828589916229248047e+00,1.468398928642272949e+00,1.564935803413391113e+00,1.418357372283935547e+00,1.551081895828247070e+00,1.597559690475463867e+00,1.361817836761474609e+00,1.066448450088500977e+00,9.946342706680297852e-01,1.105406045913696289e+00,1.053155064582824707e+00,1.243492603302001953e+00,1.558516383171081543e+00,1.459493637084960938e+00,1.407758712768554688e+00,1.442785859107971191e+00,1.137083888053894043e+00,1.273130178451538086e+00,1.252520442008972168e+00,1.333115220069885254e+00,1.498277902603149414e+00,1.365271568298339844e+00,1.008161067962646484e+00,8.093717694282531738e-01,5.766319036483764648e-01,4.525584280490875244e-01,4.884436428546905518e-01,8.191665410995483398e-01,8.283257484436035156e-01
1.586213350296020508e+00,1.357725262641906738e+00,9.899238944053649902e-01,7.987555861473083496e-01,5.127918124198913574e-01,4.974128603935241699e-01,5.329099893569946289e-01,3.726602792739868164e-01,0.000000000000000000e+00,3.709629774093627930e-01,6.359106898307800293e-01,9.339577555656433105e-01,1.171342849731445312e+00,1.366097450256347656e+00,1.394607782363891602e+00,1.654327869415283203e+00,1.582918643951416016e+00,1.463216781616210938e+00,1.592094182968139648e+00,1.494038105010986328e+00,1.838398814201354980e+00,1.939000487327575684e+00,1.582586765289306641e+00,1.577430129051208496e+00,1.379494428634643555e+00,1.637735843658447266e+00,1.521645665168762207e+00,1.896397948265075684e+00,1.898701786994934082e+00,1.608911633491516113e+00,1.087612390518188477e+00,1.147740483283996582e+00,1.141316413879394531e+00,1.409302234649658203e+00,1.457159161567687988e+00,1.822986841201782227e+00,2.035295486450195312e+00,1.745159864425659180e+00,1.633391618728637695e+00,1.316326975822448730e+00,1.449011683464050293e+00,1.239534139633178711e+00,1.563525915145874023e+00,1.478317260742187500e+00,1.155226230621337891e+00,1.975786685943603516e+00,1.875717043876647949e+00,1.493006467819213867e+00,1.531680703163146973e+00,1.307588338851928711e+00,1.458069801330566406e+00,1.441992759704589844e+00,1.148390769958496094e+00,9.330635070800781250e-01,9.230756759643554688e-01,1.159005999565124512e+00,1.191338539123535156e+00,1.448770046234130859e+00,1.739185094833374023e+00,1.637565612792968750e+00,1.472746729850769043e+00,1.413123250007629395e+00,1.055023312568664551e+00,1.090180754661560059e+00,9.797230958938598633e-01,1.025717258453369141e+00,1.144757628440856934e+00,1.007249712944030762e+00,6.492883563041687012e-01,5.330818295478820801e-01,4.200520515441894531e-01,5.387220978736877441e-01,7.002268433570861816e-01,9.943903088569641113e-01,1.028524875640869141e+00
1.236621499061584473e+00,1.043956398963928223e+00,6.713978648185729980e-01,6.013495922088623047e-01,4.484623670578002930e-01,6.340602040290832520e-01,8.347300887107849121e-01,6.524317264556884766e-01,3.709629774093627930e-01,0.000000000000000000e+00,3.844734132289886475e-01,6.108340024948120117e-01,9.080514907836914062e-01,1.056069731712341309e+00,1.042706012725830078e+00,1.492347359657287598e+00,1.455909967422485352e+00,1.287262082099914551e+00,1.442218422889709473e+00,1.348940134048461914e+00,1.674833655357360840e+00,1.790186047554016113e+00,1.439166545867919922e+00,1.359183073043823242e+00,1.139929533004760742e+00,1.360942482948303223e+00,1.217098712921142578e+00,1.585111260414123535e+00,1.627388119697570801e+00,1.337175011634826660e+00,1.032325148582458496e+00,9.720308780670166016e-01,8.966186642646789551e-01,1.101453065872192383e+00,1.109012007713317871e+00,1.479341149330139160e+00,1.682747483253479004e+00,1.396666288375854492e+00,1.314208865165710449e+00,1.015393018722534180e+00,1.205208063125610352e+00,1.078296065330505371e+00,1.434744119644165039e+00,1.378159284591674805e+00,1.113889932632446289e+00,1.927186131477355957e+00,1.806010603904724121e+00,1.435905218124389648e+00,1.497228980064392090e+00,1.274077892303466797e+00,1.505295634269714355e+00,1.516634464263916016e+00,1.173092007637023926e+00,1.020802855491638184e+00,9.341325759887695312e-01,1.237820148468017578e+00,1.242099046707153320e+00,1.562529087066650391e+00,1.795024037361145020e+00,1.640081286430358887e+00,1.500284910202026367e+00,1.395160198211669922e+00,1.033506155014038086e+00,1.052930474281311035e+00,8.615593314170837402e-01,9.890861511230468750e-01,1.061648130416870117e+00,8.119190931320190430e-01,5.350835919380187988e-01,4.353967010974884033e-01,6.008821725845336914e-01,6.971173882484436035e-01,9.870208501815795898e-01,1.217279076576232910e+00,1.161185622215270996e+00
1.119708180427551270e+00,9.962038397789001465e-01,6.437406539916992188e-01,6.679177284240722656e-01,7.042963504791259766e-01,7.978782057762145996e-01,1.060487747192382812e+00,9.781928062438964844e-01,6.359106898307800293e-01,3.844734132289886475e-01,0.000000000000000000e+00,3.671107590198516846e-01,5.488607287406921387e-01,7.374763488769531250e-01,8.156791329383850098e-01,1.494817376136779785e+00,1.553983926773071289e+00,1.427667021751403809e+00,1.654070734977722168e+00,1.617076992988586426e+00,1.935815691947937012e+00,2.080589056015014648e+00,1.746080398559570312e+00,1.605256795883178711e+00,1.350161790847778320e+00,1.484676957130432129e+00,1.254704117774963379e+00,1.576635599136352539e+00,1.606786489486694336e+00,1.274934530258178711e+00,1.261547446250915527e+00,1.121236443519592285e+00,1.079961895942687988e+00,1.195839285850524902e+00,1.156239867210388184e+00,1.524570822715759277e+00,1.690885782241821289e+00,1.402396440505981445e+00,1.419534087181091309e+00,1.184355974197387695e+00,1.436965823173522949e+00,1.385269165039062500e+00,1.743625044822692871e+00,1.677215218544006348e+00,1.450539946556091309e+00,2.243667840957641602e+00,2.085628509521484375e+00,1.718649744987487793e+00,1.730934739112854004e+00,1.454482197761535645e+00,1.674073934555053711e+00,1.610059976577758789e+00,1.238908410072326660e+00,1.197472214698791504e+00,1.189189910888671875e+00,1.540036797523498535e+00,1.593068122863769531e+00,1.922579050064086914e+00,2.146908998489379883e+00,1.996267557144165039e+00,1.801307797431945801e+00,1.637979865074157715e+00,1.268089413642883301e+00,1.180472850799560547e+00,8.852002620697021484e-01,9.260582923889160156e-01,8.557172417640686035e-01,5.837225317955017090e-01,4.282997846603393555e-01,6.017313003540039062e-01,8.499236702919006348e-01,1.048153400421142578e+00,1.309313416481018066e+00,1.545720577239990234e+00,1.525959253311157227e+00
9.415603280067443848e-01,9.396728873252868652e-01,6.578276157379150391e-01,8.594195842742919922e-01,9.568376541137695312e-01,1.133725881576538086e+00,1.399206876754760742e+00,1.259841203689575195e+00,9.339577555656433105e-01,6.108340024948120117e-01,3.671107590198516846e-01,0.000000000000000000e+00,3.842288255691528320e-01,5.363817214965820312e-01,4.905588030815124512e-01,1.290389657020568848e+00,1.397410392761230469e+00,1.257894158363342285e+00,1.518299341201782227e+00,1.524285554885864258e+00,1.816782355308532715e+00,1.997592568397521973e+00,1.701562523841857910e+00,1.489346385002136230e+00,1.202978849411010742e+00,1.250813603401184082e+00,9.709218740463256836e-01,1.253775835037231445e+00,1.298616409301757812e+00,9.687454700469970703e-01,1.451488375663757324e+00,1.239749073982238770e+00,1.108489632606506348e+00,1.112150669097900391e+00,9.651811718940734863e-01,1.302167773246765137e+00,1.405369877815246582e+00,1.102478623390197754e+00,1.190277338027954102e+00,1.038909792900085449e+00,1.359804630279541016e+00,1.396422147750854492e+00,1.764021635055541992e+00,1.755188345909118652e+00,1.578215599060058594e+00,2.202158451080322266e+00,2.011434555053710938e+00,1.672280550003051758e+00,1.675532460212707520e+00,1.405060291290283203e+00,1.670575976371765137e+00,1.630326628684997559e+00,1.248682022094726562e+00,1.273153901100158691e+00,1.225147128105163574e+00,1.603701829910278320e+00,1.662653207778930664e+00,2.022777080535888672e+00,2.194638013839721680e+00,2.027743816375732422e+00,1.812960147857666016e+00,1.604213714599609375e+00,1.264250159263610840e+00,1.148658156394958496e+00,8.133390545845031738e-01,9.283286333084106445e-01,8.361773490905761719e-01,4.665932655334472656e-01,5.426625013351440430e-01,6.942715048789978027e-01,1.046117901802062988e+00,1.228488087654113770e+00,1.545528054237365723e+00,1.722941756248474121e+00,1.661865234375000000e+00
1.051181197166442871e+00,1.103345513343811035e+00,8.823524713516235352e-01,1.064667224884033203e+00,1.218073964118957520e+00,1.311749696731567383e+00,1.591411113739013672e+00,1.524115443229675293e+00,1.171342849731445312e+00,9.080514907836914062e-01,5.488607287406921387e-01,3.842288255691528320e-01,0.000000000000000000e+00,3.680853247642517090e-01,5.391803383827209473e-01,1.464034557342529297e+00,1.644491076469421387e+00,1.562171936035156250e+00,1.857323884963989258e+00,1.894666910171508789e+00,2.184766054153442383e+00,2.374542713165283203e+00,2.083161830902099609e+00,1.859949588775634766e+00,1.569813728332519531e+00,1.572506189346313477e+00,1.253962039947509766e+00,1.467824816703796387e+00,1.484506964683532715e+00,1.138997912406921387e+00,1.707846283912658691e+00,1.480888724327087402e+00,1.410966038703918457e+00,1.387045979499816895e+00,1.245569705963134766e+00,1.554856777191162109e+00,1.626809716224670410e+00,1.349511146545410156e+00,1.505696773529052734e+00,1.393193721771240234e+00,1.715850949287414551e+00,1.766297698020935059e+00,2.125845432281494141e+00,2.090486764907836914e+00,1.917913079261779785e+00,2.574460744857788086e+00,2.367273330688476562e+00,2.026871919631958008e+00,1.991643548011779785e+00,1.685922741889953613e+00,1.910993337631225586e+00,1.797952771186828613e+00,1.422123670578002930e+00,1.513928413391113281e+00,1.539818763732910156e+00,1.928276777267456055e+00,2.020833492279052734e+00,2.372793674468994141e+00,2.558846950531005859e+00,2.405394554138183594e+00,2.153867721557617188e+00,1.921770095825195312e+00,1.578389167785644531e+00,1.397848606109619141e+00,1.031248450279235840e+00,1.024056911468505859e+00,7.840325236320495605e-01,5.053098797798156738e-01,7.028027176856994629e-01,9.844513535499572754e-01,1.304869771003723145e+00,1.542566061019897461e+00,1.819674968719482422e+00,2.020773887634277344e+00,2.002043247222900391e+00
7.462479472160339355e-01,8.645030856132507324e-01,7.643859982490539551e-01,1.024312496185302734e+00,1.272165894508361816e+00,1.413533329963684082e+00,1.744361162185668945e+00,1.683222532272338867e+00,1.366097450256347656e+00,1.056069731712341309e+00,7.374763488769531250e-01,5.363817214965820312e-01,3.680853247642517090e-01,0.000000000000000000e+00,3.676671683788299561e-01,1.681366562843322754e+00,1.850406765937805176e+00,1.709486126899719238e+00,1.972059130668640137e+00,1.970619320869445801e+00,2.216052532196044922e+00,2.369974136352539062e+00,2.084420680999755859e+00,1.839191794395446777e+00,1.594435095787048340e+00,1.579331159591674805e+00,1.279751420021057129e+00,1.458719253540039062e+00,1.558648824691772461e+00,1.255697250366210938e+00,1.654957413673400879e+00,1.366451621055603027e+00,1.303383946418762207e+00,1.206566333770751953e+00,1.077690005302429199e+00,1.353263258934020996e+00,1.443179011344909668e+00,1.235265612602233887e+00,1.417814254760742188e+00,1.331596612930297852e+00,1.636209726333618164e+00,1.743594288825988770e+00,2.073406696319580078e+00,2.023805379867553711e+00,1.911018133163452148e+00,2.666282176971435547e+00,2.484564542770385742e+00,2.168767452239990234e+00,2.185086011886596680e+00,1.919539093971252441e+00,2.185351371765136719e+00,2.115829229354858398e+00,1.735811114311218262e+00,1.797732353210449219e+00,1.760341525077819824e+00,2.136654376983642578e+00,2.171588182449340820e+00,2.533428907394409180e+00,2.695705413818359375e+00,2.498718500137329102e+00,2.334359884262084961e+00,2.122605562210083008e+00,1.794452071189880371e+00,1.662780165672302246e+00,1.308495759963989258e+00,1.363748073577880859e+00,1.146935105323791504e+00,8.383398056030273438e-01,1.008199572563171387e+00,1.223416686058044434e+00,1.552822232246398926e+00,1.730264186859130859e+00,2.030675172805786133e+00,2.238481044769287109e+00,2.167796611785888672e+00
6.478853225708007812e-01,8.389732837677001953e-01,7.575407624244689941e-01,1.089598894119262695e+00,1.296929121017456055e+00,1.517454743385314941e+00,1.827040553092956543e+00,1.690738201141357422e+00,1.394607782363891602e+00,1.042706012725830078e+00,8.156791329383850098e-01,4.905588030815124512e-01,5.391803383827209473e-01,3.676671683788299561e-01,0.000000000000000000e+00,1.450595140457153320e+00,1.604744315147399902e+00,1.430920720100402832e+00,1.683026075363159180e+00,1.694532275199890137e+00,1.913820385932922363e+00,2.086463451385498047e+00,1.834085345268249512e+00,1.553020954132080078e+00,1.300608158111572266e+00,1.239328861236572266e+00,9.381671547889709473e-01,1.100357294082641602e+00,1.234427332878112793e+00,9.658464789390563965e-01,1.661311030387878418e+00,1.361207604408264160e+00,1.198760271072387695e+00,1.044792652130126953e+00,8.193243145942687988e-01,1.066620945930480957e+00,1.108871221542358398e+00,8.759592175483703613e-01,1.086454033851623535e+00,1.060236692428588867e+00,1.399364113807678223e+00,1.554033398628234863e+00,1.886460781097412109e+00,1.897302508354187012e+00,1.808496952056884766e+00,2.401372671127319336e+00,2.210019350051879883e+00,1.923449993133544922e+00,1.953512191772460938e+00,1.722661852836608887e+00,2.026204109191894531e+00,2.012432575225830078e+00,1.639108061790466309e+00,1.698845863342285156e+00,1.604524493217468262e+00,1.975048780441284180e+00,1.996872425079345703e+00,2.371897935867309570e+00,2.491194963455200195e+00,2.283799171447753906e+00,2.126728296279907227e+00,1.906472921371459961e+00,1.614393115043640137e+00,1.508322238922119141e+00,1.178238511085510254e+00,1.324995160102844238e+00,1.184577703475952148e+00,8.270376920700073242e-01,1.020084738731384277e+00,1.147399187088012695e+00,1.515310645103454590e+00,1.653820157051086426e+00,1.996458530426025391e+00,2.153672695159912109e+00,2.041557073593139648e+00
1.977060556411743164e+00,2.063803434371948242e+00,1.820611119270324707e+00,2.001896381378173828e+00,1.912855386734008789e+00,2.101169824600219727e+00,2.174052715301513672e+00,1.889953851699829102e+00,1.654327869415283203e+00,1.492347359657287598e+00,1.494817376136779785e+00,1.290389657020568848e+00,1.464034557342529297e+00,1.681366562843322754e+00,1.450595140457153320e+00,0.000000000000000000e+00,3.762089610099792480e-01,6.203546524047851562e-01,9.754236936569213867e-01,1.289785861968994141e+00,1.554171919822692871e+00,1.919466018676757812e+00,1.814686536788940430e+00,1.591846108436584473e+00,1.233036756515502930e+00,1.091123461723327637e+00,8.983786106109619141e-01,9.841168522834777832e-01,6.657807826995849609e-01,5.715414285659790039e-01,2.404410600662231445e+00,2.276693344116210938e+00,2.003672122955322266e+00,1.981049060821533203e+00,1.689778566360473633e+00,1.858249425888061523e+00,1.730426430702209473e+00,1.368924975395202637e+00,1.445343852043151855e+00,1.500842928886413574e+00,1.828136205673217773e+00,1.866063714027404785e+00,2.212077856063842773e+00,2.395613908767700195e+00,2.203895092010498047e+00,1.810407996177673340e+00,1.462221264839172363e+00,1.240290284156799316e+00,9.987574219703674316e-01,7.484918236732482910e-01,9.450397491455078125e-01,9.861767292022705078e-01,8.205394744873046875e-01,1.047118902206420898e+00,1.044311404228210449e+00,1.331712722778320312e+00,1.576301455497741699e+00,1.881938695907592773e+00,1.922716140747070312e+00,1.906681776046752930e+00,1.374809384346008301e+00,1.013582229614257812e+00,9.376802444458007812e-01,6.985572576522827148e-01,6.945402026176452637e-01,9.033897519111633301e-01,1.107289671897888184e+00,1.053973317146301270e+00,1.193906068801879883e+00,1.123282074928283691e+00,1.374541163444519043e+00,1.541205644607543945e+00,1.826912641525268555e+00,1.746608018875122070e+00,1.727711200714111328e+00
2.050353527069091797e+00,2.088813781738281250e+00,1.835143685340881348e+00,1.981062531471252441e+00,1.838109731674194336e+00,2.044134140014648438e+00,2.074594736099243164e+00,1.752870917320251465e+00,1.582918643951416016e+00,1.455909967422485352e+00,1.553983926773071289e+00,1.397410392761230469e+00,1.644491076469421387e+00,1.850406765937805176e+00,1.604744315147399902e+00,3.762089610099792480e-01,0.000000000000000000e+00,3.774348497390747070e-01,6.642194390296936035e-01,9.971937537193298340e-01,1.269176125526428223e+00,1.637880206108093262e+00,1.553483009338378906e+00,1.380718111991882324e+00,1.050148129463195801e+00,9.799344539642333984e-01,9.090244770050048828e-01,1.060666799545288086e+00,8.093920350074768066e-01,7.821874618530273438e-01,2.290530443191528320e+00,2.205905199050903320e+00,1.917159438133239746e+00,1.933377861976623535e+00,1.673956632614135742e+00,1.838800668716430664e+00,1.747812271118164062e+00,1.397025346755981445e+00,1.376279711723327637e+00,1.398302674293518066e+00,1.672210574150085449e+00,1.669484019279479980e+00,1.992040157318115234e+00,2.203091859817504883e+00,2.006519794464111328e+00,1.452995061874389648e+00,1.101000428199768066e+00,8.864624500274658203e-01,6.290744543075561523e-01,4.538275599479675293e-01,7.100993394851684570e-01,9.042615294456481934e-01,7.940771579742431641e-01,9.001086950302124023e-01,8.100084066390991211e-01,1.025665163993835449e+00,1.263205766677856445e+00,1.548855781555175781e+00,1.562951922416687012e+00,1.567670702934265137e+00,1.017631888389587402e+00,6.591796875000000000e-01,6.758303046226501465e-01,5.672730803489685059e-01,7.355799674987792969e-01,1.013990044593811035e+00,1.301923036575317383e+00,1.223598599433898926e+00,1.259737610816955566e+00,1.077133774757385254e+00,1.262835860252380371e+00,1.352688670158386230e+00,1.630199670791625977e+00,1.493312120437622070e+00,1.446560502052307129e+00
1.786030054092407227e+00,1.813325524330139160e+00,1.588431835174560547e+00,1.751853585243225098e+00,1.624272584915161133e+00,1.882124900817871094e+00,1.945969104766845703e+00,1.605652689933776855e+00,1.463216781616210938e+00,1.287262082099914551e+00,1.427667021751403809e+00,1.257894158363342285e+00,1.562171936035156250e+00,1.709486126899719238e+00,1.430920720100402832e+00,6.203546524047851562e-01,3.774348497390747070e-01,0.000000000000000000e+00,3.798046410083770752e-01,6.707540154457092285e-01,9.453543424606323242e-01,1.302777290344238281e+00,1.206270456314086914e+00,1.007539987564086914e+00,6.756793856620788574e-01,6.302841901779174805e-01,6.350469589233398438e-01,8.567120432853698730e-01,7.347482442855834961e-01,7.255566120147705078e-01,2.015307426452636719e+00,1.916894912719726562e+00,1.602012515068054199e+00,1.604240059852600098e+00,1.350824713706970215e+00,1.500938057899475098e+00,1.437767028808593750e+00,1.100917220115661621e+00,1.023848176002502441e+00,1.043962955474853516e+00,1.305600881576538086e+00,1.328859329223632812e+00,1.643970847129821777e+00,1.870062112808227539e+00,1.707211852073669434e+00,1.240273833274841309e+00,9.241096377372741699e-01,6.957289576530456543e-01,6.156890988349914551e-01,5.554951429367065430e-01,9.214121699333190918e-01,1.164870977401733398e+00,9.817365407943725586e-01,9.769854545593261719e-01,7.422125339508056641e-01,9.634646177291870117e-01,1.085886836051940918e+00,1.414328694343566895e+00,1.406677842140197754e+00,1.332481741905212402e+00,9.290003180503845215e-01,6.365854740142822266e-01,6.181949973106384277e-01,6.692594289779663086e-01,7.749517560005187988e-01,1.132002949714660645e+00,1.394451022148132324e+00,1.215628385543823242e+00,1.223334074020385742e+00,9.850835204124450684e-01,1.204335451126098633e+00,1.216977238655090332e+00,1.546502113342285156e+00,1.432459473609924316e+00,1.296884298324584961e+00
1.929241418838500977e+00,1.922813057899475098e+00,1.722346663475036621e+00,1.859835624694824219e+00,1.701211452484130859e+00,1.983054876327514648e+00,2.017972230911254883e+00,1.652234911918640137e+00,1.592094182968139648e+00,1.442218422889709473e+00,1.654070734977722168e+00,1.518299341201782227e+00,1.857323884963989258e+00,1.972059130668640137e+00,1.683026075363159180e+00,9.754236936569213867e-01,6.642194390296936035e-01,3.798046410083770752e-01,0.000000000000000000e+00,3.763995766639709473e-01,6.078836917877197266e-01,9.785895943641662598e-01,9.477981328964233398e-01,8.117828369140625000e-01,5.932200551033020020e-01,6.435525417327880859e-01,8.353477716445922852e-01,1.041486859321594238e+00,1.002822756767272949e+00,1.065136909484863281e+00,2.001616954803466797e+00,1.939530611038208008e+00,1.606833100318908691e+00,1.628291845321655273e+00,1.416647791862487793e+00,1.522606492042541504e+00,1.487869024276733398e+00,1.210512399673461914e+00,1.028097629547119141e+00,1.037878870964050293e+00,1.197325825691223145e+00,1.198429703712463379e+00,1.452218413352966309e+00,1.727646231651306152e+00,1.594021320343017578e+00,8.740749955177307129e-01,5.693560242652893066e-01,4.268271327018737793e-01,5.229299068450927734e-01,6.974819898605346680e-01,1.039290547370910645e+00,1.371940016746520996e+00,1.243751049041748047e+00,1.143870472908020020e+00,8.233283162117004395e-01,8.953328132629394531e-01,9.145948886871337891e-01,1.208794951438903809e+00,1.121970057487487793e+00,1.031205058097839355e+00,7.392542362213134766e-01,5.746516585350036621e-01,7.054016590118408203e-01,9.151719808578491211e-01,1.088738441467285156e+00,1.447496771812438965e+00,1.732308149337768555e+00,1.539990305900573730e+00,1.491618156433105469e+00,1.192027807235717773e+00,1.339976310729980469e+00,1.244447231292724609e+00,1.556566119194030762e+00,1.389984011650085449e+00,1.183299183845520020e+00
1.821065902709960938e+00,1.762016773223876953e+00,1.581366539001464844e+00,1.686785817146301270e+00,1.516185760498046875e+00,1.822578668594360352e+00,1.859459400177001953e+00,1.490099072456359863e+00,1.494038105010986328e+00,1.348940134048461914e+00,1.617076992988586426e+00,1.524285554885864258e+00,1.894666910171508789e+00,1.970619320869445801e+00,1.694532275199890137e+00,1.289785861968994141e+00,9.971937537193298340e-01,6.707540154457092285e-01,3.763995766639709473e-01,0.000000000000000000e+00,3.797828555107116699e-01,6.652926802635192871e-01,5.759968757629394531e-01,5.153980255126953125e-01,4.338352978229522705e-01,6.768925786018371582e-01,9.363545179367065430e-01,1.197003126144409180e+00,1.256276965141296387e+00,1.281607508659362793e+00,1.725151777267456055e+00,1.689591169357299805e+00,1.356890201568603516e+00,1.413065910339355469e+00,1.271561145782470703e+00,1.380141258239746094e+00,1.430510878562927246e+00,1.201355695724487305e+00,9.227626919746398926e-01,8.481807112693786621e-01,9.035065174102783203e-01,8.657884001731872559e-01,1.086538314819335938e+00,1.376439809799194336e+00,1.266188025474548340e+00,7.096799015998840332e-01,5.642921924591064453e-01,4.140731990337371826e-01,7.257531285285949707e-01,9.161293506622314453e-01,1.253020882606506348e+00,1.587065219879150391e+00,1.429231643676757812e+00,1.245259881019592285e+00,8.639542460441589355e-01,8.810011148452758789e-01,7.358457446098327637e-01,1.039117813110351562e+00,9.485456347465515137e-01,7.538896203041076660e-01,7.357038855552673340e-01,7.330535650253295898e-01,7.981592416763305664e-01,1.093685507774353027e+00,1.237646698951721191e+00,1.599291324615478516e+00,1.871137976646423340e+00,1.638134717941284180e+00,1.532838702201843262e+00,1.197940945625305176e+00,1.308918952941894531e+00,1.120966196060180664e+00,1.437105536460876465e+00,1.295314669609069824e+00,1.007220506668090820e+00
1.962201595306396484e+00,1.925343751907348633e+00,1.807671904563903809e+00,1.936587214469909668e+00,1.796152591705322266e+00,2.124426126480102539e+00,2.174569129943847656e+00,1.810458302497863770e+00,1.838398814201354980e+00,1.674833655357360840e+00,1.935815691947937012e+00,1.816782355308532715e+00,2.184766054153442383e+00,2.216052532196044922e+00,1.913820385932922363e+00,1.554171919822692871e+00,1.269176125526428223e+00,9.453543424606323242e-01,6.078836917877197266e-01,3.797828555107116699e-01,0.000000000000000000e+00,3.938930630683898926e-01,5.406512618064880371e-01,4.949719905853271484e-01,6.225011944770812988e-01,7.681103348731994629e-01,1.111299753189086914e+00,1.286470532417297363e+00,1.400106310844421387e+00,1.503765940666198730e+00,1.908687233924865723e+00,1.860944867134094238e+00,1.510967254638671875e+00,1.516976714134216309e+00,1.379351139068603516e+00,1.389215230941772461e+00,1.413305163383483887e+00,1.270862102508544922e+00,9.650780558586120605e-01,9.783034324645996094e-01,9.447816014289855957e-01,9.818230271339416504e-01,1.087166428565979004e+00,1.432804107666015625e+00,1.412093877792358398e+00,6.315688490867614746e-01,5.959392786026000977e-01,6.849575042724609375e-01,1.004305601119995117e+00,1.253591895103454590e+00,1.576013207435607910e+00,1.930974125862121582e+00,1.791984677314758301e+00,1.619377732276916504e+00,1.240109205245971680e+00,1.211126208305358887e+00,1.014633178710937500e+00,1.245064973831176758e+00,1.054340720176696777e+00,8.229150176048278809e-01,9.954852461814880371e-01,1.042807102203369141e+00,1.169000387191772461e+00,1.455607295036315918e+00,1.592589139938354492e+00,1.961206197738647461e+00,2.219552516937255859e+00,1.967976570129394531e+00,1.887115359306335449e+00,1.562548637390136719e+00,1.680361747741699219e+00,1.467648983001708984e+00,1.769116878509521484e+00,1.613422632217407227e+00,1.295285940170288086e+00
