,A1,A2,A3,A4,A5,A6,A7,A8,A9,A10,A11,A12,A13,A14,A15,B1,B2,B3,B4,B5,B6,B7,B8,B9,B10,B11,B12,B13,B14,B15,C1,C2,C3,C4,C5,C6,C7,C8,C9,C10,C11,C12,C13,C14,C15,D1,D2,D3,D4,D5,D6,D7,D8,D9,D10,D11,D12,D13,D14,D15,E1,E2,E3,E4,E5,E6,E7,E8,E9,E10,E11,E12,E13,E14,E15
A1,0.0,0.38134291768074036,0.6108427047729492,0.9460160136222839,1.2618558406829834,1.5179708003997803,1.8850364685058594,1.80055832862854,1.5810822248458862,1.2331477403640747,1.0855112075805664,0.9083305597305298,1.0008825063705444,0.7077799439430237,0.6184884309768677,1.3236874341964722,0.9506679177284241,0.8877418041229248,0.6546902656555176,0.635669469833374,0.8146890997886658,1.0355846881866455,1.020093560218811,1.1225131750106812,1.0344431400299072,1.1898614168167114,1.3686227798461914,1.5973259210586548,1.5562740564346313,1.5985273122787476,2.6712825298309326,2.5689027309417725,2.225740909576416,2.2710349559783936,2.0279531478881836,2.236625909805298,2.1608455181121826,1.8046098947525024,1.7837446928024292,1.777801275253296,2.1404948234558105,2.163954019546509,2.4979865550994873,2.696810245513916,2.5212819576263428,2.0240888595581055,2.0949764251708984,1.8053326606750488,1.9740015268325806,1.8910062313079834,2.017303943634033,2.0887677669525146,1.8602769374847412,1.582442045211792,1.4647955894470215,1.5191211700439453,1.3381284475326538,1.5076024532318115,1.7429405450820923,1.5407283306121826,2.4963300228118896,2.3561198711395264,2.027172327041626,2.0128376483917236,1.72280752658844,1.8769161701202393,1.7411397695541382,1.3832582235336304,1.4471322298049927,1.5151307582855225,1.83487069606781,1.8828142881393433,2.2096567153930664,2.426302433013916,2.2712156772613525
A2,0.38134291768074036,0.0,0.37020668387413025,0.6260709166526794,0.9583914875984192,1.2214053869247437,1.5935884714126587,1.529009222984314,1.3610728979110718,1.0430426597595215,0.9604071974754333,0.909712016582489,1.060093641281128,0.8423360586166382,0.8313719034194946,0.9610782861709595,0.5975632667541504,0.6236053109169006,0.5437281727790833,0.7006865739822388,0.9708570241928101,1.2710959911346436,1.2148499488830566,1.2158962488174438,1.0092442035675049,1.1007510423660278,1.18282949924469,1.4153118133544922,1.3122692108154297,1.3103656768798828,2.570441722869873,2.4192137718200684,2.065765142440796,2.054290771484375,1.7734265327453613,1.9630430936813354,1.855573058128357,1.494784951210022,1.5307340621948242,1.5695750713348389,1.9478753805160522,2.0295119285583496,2.3592569828033447,2.5628268718719482,2.4282116889953613,2.1081292629241943,2.1369824409484863,1.8382468223571777,1.9939312934875488,1.8659790754318237,2.029315948486328,2.069364070892334,1.7859269380569458,1.5664080381393433,1.460353136062622,1.6076563596725464,1.460963487625122,1.7041114568710327,1.922060489654541,1.6989998817443848,2.3657054901123047,2.270397186279297,1.931659460067749,1.9561057090759277,1.7001272439956665,1.8498872518539429,1.749916434288025,1.4061553478240967,1.3713423013687134,1.4081408977508545,1.6744264364242554,1.6811374425888062,1.9836220741271973,2.222364664077759,2.059730291366577
A3,0.6108427047729492,0.37020668387413025,0.0,0.3746105134487152,0.6530827879905701,0.92742520570755,1.282285213470459,1.1945242881774902,0.9993674755096436,0.6737827658653259,0.6206707954406738,0.6282662749290466,0.8549171090126038,0.7637849450111389,0.756127119064331,0.9164987802505493,0.6350035071372986,0.5665481090545654,0.6339695453643799,0.7063905000686646,1.0629466772079468,1.3280812501907349,1.16630220413208,1.1492595672607422,0.890964925289154,1.054206132888794,1.0720468759536743,1.3786578178405762,1.3137892484664917,1.2214986085891724,2.294968366622925,2.128095865249634,1.7879672050476074,1.7893842458724976,1.5302510261535645,1.7714757919311523,1.7191615104675293,1.345138430595398,1.3857014179229736,1.3624597787857056,1.7491066455841064,1.823975682258606,2.1741676330566406,2.337510108947754,2.196718215942383,1.8332806825637817,1.8522504568099976,1.572934865951538,1.7554744482040405,1.6495165824890137,1.870058298110962,1.9525980949401855,1.6489425897598267,1.440740942955017,1.2704042196273804,1.447198510169983,1.2832022905349731,1.5798510313034058,1.74709153175354,1.4946659803390503,2.0515332221984863,1.9471806287765503,1.5971462726593018,1.6124194860458374,1.3657500743865967,1.510366439819336,1.4428479671478271,1.1082972288131714,1.0219837427139282,1.0487459897994995,1.306601881980896,1.331933617591858,1.6319044828414917,1.8764386177062988,1.7402352094650269
A4,0.9460160136222839,0.6260709166526794,0.3746105134487152,0.0,0.3732477128505707,0.5974377989768982,0.9703821539878845,0.9515962600708008,0.8195053339004517,0.6068686842918396,0.6251988410949707,0.8202309608459473,1.0151993036270142,0.9999714493751526,1.0780444145202637,0.7448691129684448,0.603795051574707,0.6721940040588379,0.894510805606842,1.0406181812286377,1.400673508644104,1.6845917701721191,1.5077261924743652,1.4484609365463257,1.1377954483032227,1.2448216676712036,1.150773048400879,1.4489643573760986,1.3236130475997925,1.1508899927139282,2.3245038986206055,2.102276563644409,1.7714402675628662,1.7084101438522339,1.4179340600967407,1.647650957107544,1.5701783895492554,1.1999750137329102,1.3340251445770264,1.3476887941360474,1.7349759340286255,1.8697097301483154,2.2092902660369873,2.3568906784057617,2.2586922645568848,2.0004382133483887,1.9984227418899536,1.742822527885437,1.9242026805877686,1.8006017208099365,2.058825969696045,2.125213384628296,1.78457510471344,1.6399561166763306,1.472165822982788,1.7043821811676025,1.5582953691482544,1.8865959644317627,2.0194027423858643,1.748290777206421,2.0328140258789062,1.9692187309265137,1.6152126789093018,1.64768648147583,1.4416029453277588,1.5403791666030884,1.4940398931503296,1.2211809158325195,1.0353144407272339,1.0587244033813477,1.2165783643722534,1.2173469066619873,1.4534636735916138,1.7394936084747314,1.6269302368164062
A5,1.2618558406829834,0.9583914875984192,0.6530827879905701,0.3732477128505707,0.0,0.3795650601387024,0.6677672863006592,0.5862751007080078,0.533129870891571,0.4435657262802124,0.6602637767791748,0.9238139986991882,1.1736671924591064,1.2541563510894775,1.297948956489563,0.7621827125549316,0.7789143323898315,0.7750366926193237,1.078237771987915,1.2008193731307983,1.5697925090789795,1.8403984308242798,1.6182178258895874,1.5072065591812134,1.1643155813217163,1.2620779275894165,1.0802433490753174,1.3977234363555908,1.3003162145614624,1.0422248840332031,2.058835506439209,1.8031057119369507,1.4900888204574585,1.4016120433807373,1.123146653175354,1.3819550275802612,1.3552547693252563,1.0004193782806396,1.155233383178711,1.1317028999328613,1.501267671585083,1.6562994718551636,1.990195631980896,2.1034469604492188,2.0292019844055176,1.911982536315918,1.8616610765457153,1.6253738403320312,1.7897249460220337,1.657052993774414,1.9536234140396118,2.0259222984313965,1.6675339937210083,1.5793232917785645,1.3993383646011353,1.679249882698059,1.5691050291061401,1.9323108196258545,2.0286309719085693,1.7652195692062378,1.7363618612289429,1.7074981927871704,1.365422010421753,1.436962366104126,1.3015213012695312,1.408612847328186,1.4469475746154785,1.217886209487915,0.9380598664283752,0.8754702210426331,0.9363658428192139,0.8874638676643372,1.0964525938034058,1.3874915838241577,1.284255027770996
A6,1.5179708003997803,1.2214053869247437,0.92742520570755,0.5974377989768982,0.3795650601387024,0.0,0.3919951021671295,0.541949450969696,0.504706084728241,0.6243559122085571,0.738940417766571,1.083337426185608,1.2421150207519531,1.3747775554656982,1.4983580112457275,1.018371820449829,1.0823866128921509,1.142196774482727,1.4341281652450562,1.5452954769134521,1.91970956325531,2.1730880737304688,1.932233214378357,1.854158639907837,1.52486252784729,1.6404504776000977,1.4469034671783447,1.755265474319458,1.636324167251587,1.3531450033187866,2.2529866695404053,1.9702410697937012,1.6994349956512451,1.5930758714675903,1.338133692741394,1.5948691368103027,1.5700442790985107,1.2514232397079468,1.458815336227417,1.4323192834854126,1.7750880718231201,1.940951943397522,2.2668495178222656,2.341433048248291,2.279177665710449,2.0463685989379883,2.025805950164795,1.8445805311203003,2.043355703353882,1.947859764099121,2.270838499069214,2.365161657333374,2.0078840255737305,1.9290510416030884,1.7209482192993164,1.9837194681167603,1.8412054777145386,2.2002766132354736,2.251112699508667,1.9572478532791138,1.8768786191940308,1.8432420492172241,1.5037353038787842,1.5250041484832764,1.3957395553588867,1.405948519706726,1.4177731275558472,1.277559518814087,0.9708653092384338,0.9921092987060547,0.9587771892547607,0.9754530191421509,1.0621381998062134,1.404436707496643,1.3897020816802979
A7,1.8850364685058594,1.5935884714126587,1.282285213470459,0.9703821539878845,0.6677672863006592,0.3919951021671295,0.0,0.3807307779788971,0.5278616547584534,0.8237313628196716,1.0088579654693604,1.3537155389785767,1.5223480463027954,1.70824134349823,1.8146024942398071,1.254866123199463,1.3945386409759521,1.424857258796692,1.742760419845581,1.8392103910446167,2.211503744125366,2.4507980346679688,2.1831932067871094,2.0785727500915527,1.7451413869857788,1.8511617183685303,1.6097919940948486,1.9084542989730835,1.8104956150054932,1.4827914237976074,2.146543264389038,1.8306039571762085,1.6132545471191406,1.4795188903808594,1.2731937170028687,1.531976342201233,1.5589659214019775,1.3019211292266846,1.521726369857788,1.46651291847229,1.7538751363754272,1.9322539567947388,2.2333199977874756,2.2587993144989014,2.2271971702575684,2.101548433303833,2.046596050262451,1.9085938930511475,2.091538906097412,2.0034775733947754,2.350811004638672,2.4517157077789307,2.095017671585083,2.0666511058807373,1.854498267173767,2.13616681098938,2.019914150238037,2.3907110691070557,2.4025685787200928,2.1190598011016846,1.7344841957092285,1.739309549331665,1.4387016296386719,1.4793950319290161,1.4352790117263794,1.419191837310791,1.5043097734451294,1.438680648803711,1.0866413116455078,1.0538458824157715,0.8729193210601807,0.8597610592842102,0.8040388226509094,1.1599100828170776,1.2099580764770508
A8,1.80055832862854,1.529009222984314,1.1945242881774902,0.9515962600708008,0.5862751007080078,0.541949450969696,0.3807307779788971,0.0,0.3713766634464264,0.6475974321365356,0.9535982608795166,1.2422404289245605,1.4919143915176392,1.6804020404815674,1.7094610929489136,1.1783086061477661,1.3071457147598267,1.2475107908248901,1.5652798414230347,1.6323516368865967,1.992224931716919,2.2179646492004395,1.939771294593811,1.7997890710830688,1.4678181409835815,1.573506474494934,1.3224159479141235,1.6339205503463745,1.5937764644622803,1.2619839906692505,1.7777643203735352,1.4689054489135742,1.2366348505020142,1.1253223419189453,0.9430810213088989,1.2490617036819458,1.3418855667114258,1.0817430019378662,1.2350951433181763,1.1231228113174438,1.4012765884399414,1.559263825416565,1.8665510416030884,1.8878241777420044,1.847416877746582,1.8576372861862183,1.7533555030822754,1.594091773033142,1.7438122034072876,1.6390703916549683,1.9881210327148438,2.0905046463012695,1.7396845817565918,1.7284796237945557,1.522214651107788,1.8225698471069336,1.7466437816619873,2.1267645359039307,2.145617961883545,1.8948031663894653,1.381725549697876,1.400811791419983,1.105371117591858,1.2082222700119019,1.2099723815917969,1.2812010049819946,1.440909743309021,1.32953679561615,0.9646505117416382,0.8105669617652893,0.6152876615524292,0.502200186252594,0.5442835092544556,0.8729663491249084,0.8630757331848145
A9,1.5810822248458862,1.3610728979110718,0.9993674755096436,0.8195053339004517,0.533129870891571,0.504706084728241,0.5278616547584534,0.3713766634464264,0.0,0.3695790469646454,0.6177966594696045,0.9102755188941956,1.1395293474197388,1.3603678941726685,1.4007209539413452,1.2697515487670898,1.2908505201339722,1.198014497756958,1.4547561407089233,1.4585726261138916,1.8282204866409302,2.016462802886963,1.7157448530197144,1.639281988143921,1.3433899879455566,1.5311648845672607,1.35679030418396,1.7113293409347534,1.6977362632751465,1.4098260402679443,1.8388938903808594,1.5845286846160889,1.344915509223938,1.3291071653366089,1.1736544370651245,1.513169288635254,1.6086095571517944,1.3024247884750366,1.402252435684204,1.2472673654556274,1.5600426197052002,1.6514931917190552,1.995683193206787,2.01584529876709,1.911184549331665,1.5922975540161133,1.5501174926757812,1.4037107229232788,1.6187419891357422,1.574569582939148,1.9293155670166016,2.0833747386932373,1.7561575174331665,1.6681573390960693,1.404767632484436,1.647795557975769,1.508763313293457,1.8754984140396118,1.8752732276916504,1.5941649675369263,1.4440194368362427,1.3647536039352417,1.0196970701217651,1.0232568979263306,0.9305009841918945,0.9739614129066467,1.088471531867981,0.9659020900726318,0.6034601330757141,0.5310809016227722,0.45889487862586975,0.5574146509170532,0.7124562859535217,1.0248332023620605,1.046462059020996
A10,1.2331477403640747,1.0430426597595215,0.6737827658653259,0.6068686842918396,0.4435657262802124,0.6243559122085571,0.8237313628196716,0.6475974321365356,0.3695790469646454,0.0,0.38572391867637634,0.6040477156639099,0.9025369882583618,1.0715736150741577,1.0648744106292725,1.134610891342163,1.0588208436965942,0.9152799248695374,1.121009111404419,1.0978283882141113,1.4695388078689575,1.6589438915252686,1.3704904317855835,1.3109108209609985,1.024168610572815,1.245182752609253,1.1368255615234375,1.5078176259994507,1.5117920637130737,1.2814868688583374,1.8504071235656738,1.6449774503707886,1.3568837642669678,1.3824924230575562,1.2014540433883667,1.5348241329193115,1.6049875020980835,1.259812593460083,1.3049309253692627,1.1532783508300781,1.5061510801315308,1.5662634372711182,1.9309440851211548,1.9981763362884521,1.8586139678955078,1.475120186805725,1.4516226053237915,1.2431646585464478,1.4622764587402344,1.4073611497879028,1.7314953804016113,1.8835986852645874,1.5657591819763184,1.4205455780029297,1.1554820537567139,1.3792442083358765,1.2226531505584717,1.5858678817749023,1.6338757276535034,1.3559635877609253,1.5180448293685913,1.4057104587554932,1.0406571626663208,1.0449910163879395,0.8662765622138977,0.9928757548332214,1.0542306900024414,0.8093584179878235,0.525628387928009,0.4571308493614197,0.6382766366004944,0.7159358859062195,0.9968371987342834,1.2525806427001953,1.1927428245544434
A11,1.0855112075805664,0.9604071974754333,0.6206707954406738,0.6251988410949707,0.6602637767791748,0.738940417766571,1.0088579654693604,0.9535982608795166,0.6177966594696045,0.38572391867637634,0.0,0.3637734353542328,0.5447177290916443,0.7439509630203247,0.8288963437080383,1.322546362876892,1.167264699935913,1.0713770389556885,1.1903403997421265,1.1281027793884277,1.492070198059082,1.6475902795791626,1.3663904666900635,1.4067652225494385,1.18156898021698,1.4473134279251099,1.4122647047042847,1.7777894735336304,1.7636176347732544,1.5747568607330322,2.1675403118133545,1.9907572269439697,1.714224100112915,1.764424443244934,1.5836912393569946,1.907881498336792,1.9486194849014282,1.5890452861785889,1.643337368965149,1.5099170207977295,1.870293378829956,1.9073678255081177,2.278829574584961,2.3482747077941895,2.1805570125579834,1.4853824377059937,1.5578370094299316,1.3821337223052979,1.6567878723144531,1.6570483446121216,1.9611257314682007,2.1395061016082764,1.8484011888504028,1.64522123336792,1.3587121963500977,1.498492956161499,1.2606056928634644,1.5755894184112549,1.609506368637085,1.2881864309310913,1.836743950843811,1.6700764894485474,1.3007309436798096,1.2050732374191284,0.9257970452308655,0.9578736424446106,0.8705989718437195,0.6110382080078125,0.4576691687107086,0.6428179740905762,0.8853710889816284,1.0614502429962158,1.304479956626892,1.5748614072799683,1.5570199489593506
A12,0.9083305597305298,0.909712016582489,0.6282662749290466,0.8202309608459473,0.9238139986991882,1.083337426185608,1.3537155389785767,1.2422404289245605,0.9102755188941956,0.6040477156639099,0.3637734353542328,0.0,0.3841637074947357,0.5453200936317444,0.5079032182693481,1.4741045236587524,1.244842767715454,1.0788525342941284,1.084442377090454,0.9204156994819641,1.2494510412216187,1.3457539081573486,1.0558350086212158,1.1645119190216064,1.021199107170105,1.3431601524353027,1.3990455865859985,1.761154294013977,1.7959827184677124,1.6671316623687744,2.159254789352417,2.0420761108398438,1.7620145082473755,1.8710085153579712,1.7176443338394165,2.0427613258361816,2.0982577800750732,1.7369288206100464,1.7222365140914917,1.5626507997512817,1.9136887788772583,1.8937276601791382,2.269641876220703,2.350907325744629,2.142036199569702,1.3021177053451538,1.4099291563034058,1.2151693105697632,1.500632643699646,1.5338293313980103,1.7995564937591553,2.0022480487823486,1.7560335397720337,1.4945919513702393,1.1962441205978394,1.2568587064743042,0.9771844744682312,1.2547311782836914,1.309080958366394,0.9918683767318726,1.8838366270065308,1.675626277923584,1.321291446685791,1.2048944234848022,0.8767420053482056,0.9735152721405029,0.8591055870056152,0.4979056715965271,0.5578303337097168,0.7187815308570862,1.060199499130249,1.2365933656692505,1.5335510969161987,1.751928448677063,1.7046351432800293
A13,1.0008825063705444,1.060093641281128,0.8549171090126038,1.0151993036270142,1.1736671924591064,1.2421150207519531,1.5223480463027954,1.4919143915176392,1.1395293474197388,0.9025369882583618,0.5447177290916443,0.3841637074947357,0.0,0.3612918257713318,0.536131739616394,1.730449914932251,1.485316514968872,1.383359670639038,1.3590995073318481,1.201760172843933,1.4953163862228394,1.5556561946868896,1.2961008548736572,1.4755500555038452,1.374194860458374,1.6926968097686768,1.7635494470596313,2.116283893585205,2.1247310638427734,2.001995325088501,2.5025949478149414,2.3880019187927246,2.124431848526001,2.2317874431610107,2.0746395587921143,2.3989615440368652,2.4363279342651367,2.0691351890563965,2.084095001220703,1.9398012161254883,2.293989896774292,2.2752485275268555,2.651665687561035,2.723341941833496,2.5070579051971436,1.4520145654678345,1.6390103101730347,1.5022372007369995,1.8179011344909668,1.8902653455734253,2.148132801055908,2.3650026321411133,2.13260555267334,1.8566615581512451,1.5559252500534058,1.5648305416107178,1.2456145286560059,1.451420545578003,1.4678326845169067,1.128127098083496,2.208573579788208,1.9750062227249146,1.6249051094055176,1.4441004991531372,1.0865477323532104,1.062964677810669,0.8064724206924438,0.5424612164497375,0.7245833873748779,1.0063111782073975,1.311890721321106,1.540518879890442,1.7916134595870972,2.033656358718872,2.030409097671509
A14,0.7077799439430237,0.8423360586166382,0.7637849450111389,0.9999714493751526,1.2541563510894775,1.3747775554656982,1.70824134349823,1.6804020404815674,1.3603678941726685,1.0715736150741577,0.7439509630203247,0.5453200936317444,0.3612918257713318,0.0,0.36435818672180176,1.6650199890136719,1.3648865222930908,1.2926400899887085,1.1974018812179565,1.0615898370742798,1.3164188861846924,1.3977737426757812,1.2153499126434326,1.414622187614441,1.33518385887146,1.6202658414840698,1.736593246459961,2.0554888248443604,2.0414578914642334,1.972983717918396,2.6832833290100098,2.5756869316101074,2.2815909385681152,2.37127947807312,2.178755760192871,2.469606876373291,2.462315082550049,2.088791608810425,2.099989414215088,2.002507448196411,2.3695783615112305,2.3622565269470215,2.7315263748168945,2.846968412399292,2.6362929344177246,1.6923514604568481,1.8643041849136353,1.6780427694320679,1.9578591585159302,1.9907406568527222,2.2027859687805176,2.3812754154205322,2.154085159301758,1.860823392868042,1.6093721389770508,1.6099998950958252,1.3084070682525635,1.4788345098495483,1.5714975595474243,1.2701772451400757,2.4258458614349365,2.2126452922821045,1.8632957935333252,1.7257344722747803,1.3748493194580078,1.4038251638412476,1.1627825498580933,0.8711291551589966,1.0338046550750732,1.258134365081787,1.5805608034133911,1.7583885192871094,2.036533832550049,2.2803664207458496,2.2305970191955566
A15,0.6184884309768677,0.8313719034194946,0.756127119064331,1.0780444145202637,1.297948956489563,1.4983580112457275,1.8146024942398071,1.7094610929489136,1.4007209539413452,1.0648744106292725,0.8288963437080383,0.5079032182693481,0.536131739616394,0.36435818672180176,0.0,1.6590685844421387,1.340630054473877,1.179827094078064,1.0206331014633179,0.7929060459136963,1.0140208005905151,1.0516482591629028,0.8550205826759338,1.08218252658844,1.0632174015045166,1.3760236501693726,1.5458290576934814,1.858197808265686,1.8990026712417603,1.8642021417617798,2.467168092727661,2.399104356765747,2.103109121322632,2.22904896736145,2.0631814002990723,2.352815628051758,2.372061252593994,2.008653163909912,1.9575105905532837,1.8333455324172974,2.1805882453918457,2.133704900741577,2.4969825744628906,2.620992422103882,2.3907809257507324,1.4987469911575317,1.6455916166305542,1.4263420104980469,1.679644227027893,1.7129677534103394,1.8911343812942505,2.0752551555633545,1.8809648752212524,1.5624889135360718,1.3201905488967896,1.2811846733093262,0.9861862063407898,1.1384702920913696,1.275390625,1.0130677223205566,2.260772705078125,2.04174542427063,1.7141071557998657,1.6044799089431763,1.2668057680130005,1.3835585117340088,1.2120604515075684,0.8612664937973022,1.0466805696487427,1.1872830390930176,1.5494309663772583,1.6970306634902954,2.0194733142852783,2.217454671859741,2.131012439727783
B1,1.3236874341964722,0.9610782861709595,0.9164987802505493,0.7448691129684448,0.7621827125549316,1.018371820449829,1.254866123199463,1.1783086061477661,1.2697515487670898,1.134610891342163,1.322546362876892,1.4741045236587524,1.730449914932251,1.6650199890136719,1.6590685844421387,0.0,0.38067710399627686,0.6056807041168213,0.9328308701515198,1.249864101409912,1.5203360319137573,1.8868976831436157,1.8027362823486328,1.6055091619491577,1.2531365156173706,1.1210399866104126,0.9099614024162292,1.0337742567062378,0.7643691897392273,0.6057482957839966,2.3372371196746826,2.086732864379883,1.7360955476760864,1.5528627634048462,1.1867135763168335,1.2413692474365234,1.017385482788086,0.6990962624549866,0.9167215824127197,1.1343412399291992,1.4704607725143433,1.7111132144927979,1.9681440591812134,2.191030263900757,2.189277410507202,2.485750675201416,2.3851115703582764,2.0768074989318848,2.1353976726531982,1.888803482055664,2.080373525619507,2.0095858573913574,1.6421432495117188,1.6243871450424194,1.6153126955032349,1.9345046281814575,1.9215553998947144,2.2545857429504395,2.451205253601074,2.2524633407592773,2.1248607635498047,2.183896780014038,1.8928179740905762,2.057130813598633,1.950827717781067,2.1256942749023438,2.1643080711364746,1.8802260160446167,1.6534045934677124,1.5371848344802856,1.6108835935592651,1.439394474029541,1.648902416229248,1.8741503953933716,1.6532009840011597
B2,0.9506679177284241,0.5975632667541504,0.6350035071372986,0.603795051574707,0.7789143323898315,1.0823866128921509,1.3945386409759521,1.3071457147598267,1.2908505201339722,1.0588208436965942,1.167264699935913,1.244842767715454,1.485316514968872,1.3648865222930908,1.340630054473877,0.38067710399627686,0.0,0.36943861842155457,0.6103894710540771,0.9396315217018127,1.2070761919021606,1.574425220489502,1.514680027961731,1.3641550540924072,1.046468734741211,0.9646568298339844,0.8778361082077026,1.045365333557129,0.8363933563232422,0.7901942729949951,2.392364978790283,2.1865532398223877,1.822942852973938,1.7132892608642578,1.3769923448562622,1.4868143796920776,1.3118478059768677,0.9698784947395325,1.0774937868118286,1.2284395694732666,1.5927722454071045,1.7673496007919312,2.05580472946167,2.285996675491333,2.22946834564209,2.3302342891693115,2.268636465072632,1.9484808444976807,2.0321433544158936,1.8145256042480469,1.9851841926574707,1.9429455995559692,1.6027007102966309,1.5037161111831665,1.4764808416366577,1.7442307472229004,1.6976984739303589,2.001718759536743,2.220889091491699,2.0221877098083496,2.195214033126831,2.196211338043213,1.8844542503356934,2.007146120071411,1.84432852268219,2.0267574787139893,2.0207018852233887,1.7011692523956299,1.5401334762573242,1.4655132293701172,1.6262630224227905,1.5142847299575806,1.7807729244232178,2.0076870918273926,1.7944294214248657
B3,0.8877418041229248,0.6236053109169006,0.5665481090545654,0.6721940040588379,0.7750366926193237,1.142196774482727,1.424857258796692,1.2475107908248901,1.198014497756958,0.9152799248695374,1.0713770389556885,1.0788525342941284,1.383359670639038,1.2926400899887085,1.179827094078064,0.6056807041168213,0.36943861842155457,0.0,0.3752495348453522,0.6497370600700378,0.9375631213188171,1.2891596555709839,1.1993852853775024,1.0141345262527466,0.6810976266860962,0.626945436000824,0.5829160213470459,0.8305330872535706,0.7518985271453857,0.7162306308746338,2.0894479751586914,1.9198726415634155,1.5523970127105713,1.500989556312561,1.207952618598938,1.3651623725891113,1.2748714685440063,0.9248380661010742,0.9113041162490845,0.9790357947349548,1.348560094833374,1.4693987369537354,1.7772260904312134,2.0027236938476562,1.9135452508926392,2.0321662425994873,1.949112057685852,1.61331045627594,1.6773521900177002,1.4577522277832031,1.6218070983886719,1.5992259979248047,1.2680045366287231,1.1414697170257568,1.1104867458343506,1.3819763660430908,1.3620338439941406,1.6717190742492676,1.8977831602096558,1.7273821830749512,1.9238388538360596,1.907318115234375,1.6088192462921143,1.7464971542358398,1.59624445438385,1.8286347389221191,1.8609687089920044,1.519281268119812,1.3760318756103516,1.2489715814590454,1.4483476877212524,1.33104407787323,1.6492558717727661,1.832176685333252,1.597980260848999
B4,0.6546902656555176,0.5437281727790833,0.6339695453643799,0.894510805606842,1.078237771987915,1.4341281652450562,1.742760419845581,1.5652798414230347,1.4547561407089233,1.121009111404419,1.1903403997421265,1.084442377090454,1.3590995073318481,1.1974018812179565,1.0206331014633179,0.9328308701515198,0.6103894710540771,0.3752495348453522,0.0,0.37429818511009216,0.5971146821975708,0.9680811166763306,0.9537754654884338,0.8167474865913391,0.595295250415802,0.5826135873794556,0.7483823895454407,0.9431617259979248,0.9306363463401794,1.0122506618499756,2.2317731380462646,2.118837594985962,1.756118655204773,1.7641239166259766,1.5100516080856323,1.6664782762527466,1.5893573760986328,1.2624112367630005,1.1819361448287964,1.216651439666748,1.5584971904754639,1.612849235534668,1.9169319868087769,2.156557083129883,2.02630352973938,2.0139238834381104,1.9627515077590942,1.6152162551879883,1.6778455972671509,1.4842615127563477,1.5857031345367432,1.571197748184204,1.3027242422103882,1.0964014530181885,1.087044358253479,1.2713391780853271,1.2404708862304688,1.487284541130066,1.7596218585968018,1.6200636625289917,2.1118085384368896,2.0529205799102783,1.7625946998596191,1.867927074432373,1.6777448654174805,1.9243673086166382,1.919792890548706,1.5488040447235107,1.4937820434570312,1.4012020826339722,1.6676148176193237,1.59349524974823,1.93977952003479,2.1041133403778076,1.8711731433868408
B5,0.635669469833374,0.7006865739822388,0.7063905000686646,1.0406181812286377,1.2008193731307983,1.5452954769134521,1.8392103910446167,1.6323516368865967,1.4585726261138916,1.0978283882141113,1.1281027793884277,0.9204156994819641,1.201760172843933,1.0615898370742798,0.7929060459136963,1.249864101409912,0.9396315217018127,0.6497370600700378,0.37429818511009216,0.0,0.37825340032577515,0.6625034213066101,0.5850751996040344,0.5207793116569519,0.42319944500923157,0.6222040057182312,0.8767315745353699,1.1218342781066895,1.2093852758407593,1.2675249576568604,2.1161468029022217,2.053804397583008,1.7122797966003418,1.800034999847412,1.6096843481063843,1.820443034172058,1.8156696557998657,1.4901084899902344,1.3551349639892578,1.2875207662582397,1.610347032546997,1.5829116106033325,1.907659649848938,2.1132123470306396,1.9268935918807983,1.711388349533081,1.6855217218399048,1.344062089920044,1.4299075603485107,1.2978707551956177,1.392913818359375,1.453599452972412,1.2395896911621094,0.9489004015922546,0.8720744848251343,0.966579020023346,0.898849368095398,1.1199047565460205,1.4000537395477295,1.2777773141860962,2.011561155319214,1.896105408668518,1.613901138305664,1.679165005683899,1.4657659530639648,1.730549931526184,1.7238332033157349,1.3419520854949951,1.3563110828399658,1.2733858823776245,1.592660665512085,1.5699530839920044,1.940561294555664,2.078263998031616,1.868328332901001
B6,0.8146890997886658,0.9708570241928101,1.0629466772079468,1.400673508644104,1.5697925090789795,1.91970956325531,2.211503744125366,1.992224931716919,1.8282204866409302,1.4695388078689575,1.492070198059082,1.2494510412216187,1.4953163862228394,1.3164188861846924,1.0140208005905151,1.5203360319137573,1.2070761919021606,0.9375631213188171,0.5971146821975708,0.37825340032577515,0.0,0.3921103775501251,0.5463467240333557,0.5007407069206238,0.6196135878562927,0.713973879814148,1.0554766654968262,1.2018764019012451,1.3302209377288818,1.4736248254776,2.2617087364196777,2.249213933944702,1.9186532497406006,2.0275421142578125,1.860190987586975,2.0329818725585938,2.0234568119049072,1.7328341007232666,1.5503911972045898,1.497668743133545,1.7696870565414429,1.704765796661377,1.9904416799545288,2.221817970275879,2.0255966186523438,1.878158450126648,1.8473460674285889,1.502193808555603,1.531542181968689,1.3948397636413574,1.3865633010864258,1.4094746112823486,1.2784137725830078,0.9714658260345459,0.9939123392105103,1.0009760856628418,0.9988518357276917,1.1066663265228271,1.4440028667449951,1.4039980173110962,2.2278923988342285,2.113781690597534,1.8710001707077026,1.9462578296661377,1.7453763484954834,2.028550148010254,2.021087169647217,1.6396080255508423,1.6959389448165894,1.6051236391067505,1.9299278259277344,1.8953382968902588,2.2735214233398438,2.3792262077331543,2.1472115516662598
B7,1.0355846881866455,1.2710959911346436,1.3280812501907349,1.6845917701721191,1.8403984308242798,2.1730880737304688,2.4507980346679688,2.2179646492004395,2.016462802886963,1.6589438915252686,1.6475902795791626,1.3457539081573486,1.5556561946868896,1.3977737426757812,1.0516482591629028,1.8868976831436157,1.574425220489502,1.2891596555709839,0.9680811166763306,0.6625034213066101,0.3921103775501251,0.0,0.3800595998764038,0.5275716185569763,0.8244957327842712,1.0016745328903198,1.350576400756836,1.5077944993972778,1.6844311952590942,1.8147375583648682,2.296572208404541,2.341871500015259,2.0455446243286133,2.216240644454956,2.10292911529541,2.303300380706787,2.3397433757781982,2.056243658065796,1.8447767496109009,1.7323206663131714,1.9703270196914673,1.8376128673553467,2.117788553237915,2.3156723976135254,2.074044942855835,1.7383655309677124,1.7392306327819824,1.4262773990631104,1.459084391593933,1.4007667303085327,1.349217176437378,1.4388457536697388,1.3976143598556519,1.0492738485336304,1.0348751544952393,0.8896243572235107,0.8708882927894592,0.8428401947021484,1.2009527683258057,1.2294131517410278,2.2946510314941406,2.1335253715515137,1.920182704925537,1.9551371335983276,1.746585488319397,2.031531572341919,2.018110513687134,1.6523048877716064,1.7778929471969604,1.7037214040756226,2.0523033142089844,2.0581743717193604,2.4416093826293945,2.519188165664673,2.309727430343628
B8,1.020093560218811,1.2148499488830566,1.16630220413208,1.5077261924743652,1.6182178258895874,1.932233214378357,2.1831932067871094,1.939771294593811,1.7157448530197144,1.3704904317855835,1.3663904666900635,1.0558350086212158,1.2961008548736572,1.2153499126434326,0.8550205826759338,1.8027362823486328,1.514680027961731,1.1993852853775024,0.9537754654884338,0.5850751996040344,0.5463467240333557,0.3800595998764038,0.0,0.3728792369365692,0.6514020562171936,0.9535800218582153,1.2495019435882568,1.4882320165634155,1.6766982078552246,1.7314776182174683,2.034541368484497,2.0711495876312256,1.787630558013916,1.9852006435394287,1.8973543643951416,2.146637439727783,2.2260820865631104,1.927641749382019,1.7253077030181885,1.5533748865127563,1.8046026229858398,1.6569201946258545,1.972540020942688,2.1250054836273193,1.8631724119186401,1.3753504753112793,1.3826172351837158,1.0745874643325806,1.1623221635818481,1.1538405418395996,1.1880134344100952,1.3603789806365967,1.2824914455413818,0.9151988625526428,0.7754877209663391,0.6088484525680542,0.5047993063926697,0.5692210793495178,0.8989778757095337,0.8821703195571899,1.9902607202529907,1.7995792627334595,1.573664665222168,1.5835168361663818,1.3699579238891602,1.6596605777740479,1.6678006649017334,1.3090182542800903,1.4354052543640137,1.3562666177749634,1.7110835313796997,1.7461236715316772,2.126162528991699,2.2011053562164307,2.0218300819396973
B9,1.1225131750106812,1.2158962488174438,1.1492595672607422,1.4484609365463257,1.5072065591812134,1.854158639907837,2.0785727500915527,1.7997890710830688,1.639281988143921,1.3109108209609985,1.4067652225494385,1.1645119190216064,1.4755500555038452,1.414622187614441,1.08218252658844,1.6055091619491577,1.3641550540924072,1.0141345262527466,0.8167474865913391,0.5207793116569519,0.5007407069206238,0.5275716185569763,0.3728792369365692,0.0,0.3754017651081085,0.6237067580223083,0.9273903965950012,1.1434822082519531,1.3696850538253784,1.4352463483810425,1.796690583229065,1.8203166723251343,1.5184389352798462,1.6943165063858032,1.6051478385925293,1.824466347694397,1.9092891216278076,1.6381423473358154,1.3997998237609863,1.2351469993591309,1.4657052755355835,1.3274586200714111,1.6312530040740967,1.8147122859954834,1.5806894302368164,1.482553243637085,1.3945530652999878,1.0381054878234863,1.0328657627105713,0.9119401574134827,0.9283211827278137,1.0381971597671509,0.9263660907745361,0.5672539472579956,0.521507203578949,0.515310525894165,0.6067038178443909,0.7849557995796204,1.0960149765014648,1.0971564054489136,1.7850537300109863,1.6555943489074707,1.4500569105148315,1.5468885898590088,1.4015462398529053,1.731909155845642,1.8049755096435547,1.4455621242523193,1.4809837341308594,1.3176225423812866,1.629167079925537,1.5888510942459106,1.973874807357788,2.0236194133758545,1.7969926595687866
B10,1.0344431400299072,1.0092442035675049,0.890964925289154,1.1377954483032227,1.1643155813217163,1.52486252784729,1.7451413869857788,1.4678181409835815,1.3433899879455566,1.024168610572815,1.18156898021698,1.021199107170105,1.374194860458374,1.33518385887146,1.0632174015045166,1.2531365156173706,1.046468734741211,0.6810976266860962,0.595295250415802,0.42319944500923157,0.6196135878562927,0.8244957327842712,0.6514020562171936,0.3754017651081085,0.0,0.3858639597892761,0.6057808995246887,0.8957470655441284,1.0804730653762817,1.092716932296753,1.7039999961853027,1.651021122932434,1.312883734703064,1.4269986152648926,1.2848886251449585,1.5097434520721436,1.5747005939483643,1.2814770936965942,1.0761998891830444,0.9334024786949158,1.225306749343872,1.166174292564392,1.49773371219635,1.6918598413467407,1.5048439502716064,1.548152208328247,1.4359863996505737,1.070211410522461,1.0885177850723267,0.9004037976264954,1.0208569765090942,1.0863507986068726,0.8428863883018494,0.5665497183799744,0.4928474426269531,0.7132951617240906,0.7673466205596924,1.0596874952316284,1.3110616207122803,1.2295401096343994,1.62891685962677,1.5440431833267212,1.297845721244812,1.4328877925872803,1.3018752336502075,1.622271180152893,1.7113075256347656,1.352227807044983,1.3013520240783691,1.1090879440307617,1.3871136903762817,1.3069096803665161,1.6878294944763184,1.7691903114318848,1.5292785167694092
B11,1.1898614168167114,1.1007510423660278,1.054206132888794,1.2448216676712036,1.2620779275894165,1.6404504776000977,1.8511617183685303,1.573506474494934,1.5311648845672607,1.245182752609253,1.4473134279251099,1.3431601524353027,1.6926968097686768,1.6202658414840698,1.3760236501693726,1.1210399866104126,0.9646568298339844,0.626945436000824,0.5826135873794556,0.6222040057182312,0.713973879814148,1.0016745328903198,0.9535800218582153,0.6237067580223083,0.3858639597892761,0.0,0.3670940101146698,0.5374293923377991,0.7485643625259399,0.8481682538986206,1.7702312469482422,1.6973726749420166,1.3443033695220947,1.3840700387954712,1.2013837099075317,1.33330237865448,1.3455421924591064,1.0940065383911133,0.8542523980140686,0.8230161070823669,1.085347056388855,1.0917283296585083,1.3684746026992798,1.6303436756134033,1.5088167190551758,1.9022295475006104,1.7489395141601562,1.3782232999801636,1.3190244436264038,1.040191888809204,1.089056134223938,1.0115610361099243,0.7327756881713867,0.589248776435852,0.7262463569641113,0.9950941801071167,1.128032922744751,1.3894275426864624,1.6617995500564575,1.6086063385009766,1.7424302101135254,1.7360541820526123,1.5227861404418945,1.720070481300354,1.6338216066360474,1.9548125267028809,2.058723211288452,1.7048810720443726,1.6102395057678223,1.391699194908142,1.611331582069397,1.455295205116272,1.8147807121276855,1.883304476737976,1.5914088487625122
B12,1.3686227798461914,1.18282949924469,1.0720468759536743,1.150773048400879,1.0802433490753174,1.4469034671783447,1.6097919940948486,1.3224159479141235,1.35679030418396,1.1368255615234375,1.4122647047042847,1.3990455865859985,1.7635494470596313,1.736593246459961,1.5458290576934814,0.9099614024162292,0.8778361082077026,0.5829160213470459,0.7483823895454407,0.8767315745353699,1.0554766654968262,1.350576400756836,1.2495019435882568,0.9273903965950012,0.6057808995246887,0.3670940101146698,0.0,0.38257288932800293,0.5531290173530579,0.5268175005912781,1.6421219110488892,1.5004087686538696,1.1347225904464722,1.0933735370635986,0.862420380115509,0.980222761631012,0.9912794828414917,0.7368425130844116,0.4968385696411133,0.514848530292511,0.8215138912200928,0.9323313236236572,1.2101266384124756,1.4672044515609741,1.4067025184631348,1.9805551767349243,1.7953346967697144,1.44268798828125,1.3823537826538086,1.072457194328308,1.195609211921692,1.100200891494751,0.7395352721214294,0.7451415657997131,0.8441880941390991,1.1948957443237305,1.3218756914138794,1.6351735591888428,1.8593776226043701,1.7725428342819214,1.5718120336532593,1.6264276504516602,1.4138988256454468,1.6552138328552246,1.6173169612884521,1.9229650497436523,2.0618202686309814,1.7381620407104492,1.5665565729141235,1.312025785446167,1.4534085988998413,1.2365370988845825,1.5639605522155762,1.6361926794052124,1.325769066810608
B13,1.5973259210586548,1.4153118133544922,1.3786578178405762,1.4489643573760986,1.3977234363555908,1.755265474319458,1.9084542989730835,1.6339205503463745,1.7113293409347534,1.5078176259994507,1.7777894735336304,1.761154294013977,2.116283893585205,2.0554888248443604,1.858197808265686,1.0337742567062378,1.045365333557129,0.8305330872535706,0.9431617259979248,1.1218342781066895,1.2018764019012451,1.5077944993972778,1.4882320165634155,1.1434822082519531,0.8957470655441284,0.5374293923377991,0.38257288932800293,0.0,0.3639386296272278,0.5406972765922546,1.8013558387756348,1.6762720346450806,1.3325886726379395,1.2461282014846802,1.0228588581085205,0.9966149926185608,0.9395237565040588,0.8016406297683716,0.5314903259277344,0.7042020559310913,0.8717844486236572,1.0174705982208252,1.1904155015945435,1.5097060203552246,1.5070253610610962,2.3160109519958496,2.109358072280884,1.7526973485946655,1.6343029737472534,1.2876027822494507,1.3176953792572021,1.1074233055114746,0.7941305041313171,0.8977658152580261,1.116010308265686,1.4420422315597534,1.6198039054870605,1.8941562175750732,2.1475677490234375,2.0984911918640137,1.803452730178833,1.9059637784957886,1.7374160289764404,2.0053675174713135,1.988502860069275,2.301457405090332,2.443598985671997,2.115914821624756,1.9486126899719238,1.6906771659851074,1.811646580696106,1.5646799802780151,1.8639483451843262,1.908531665802002,1.5700856447219849
