,A1,A2,A3,A4,A5,A6,A7,A8,A9,A10,A11,A12,A13,A14,A15,B1,B2,B3,B4,B5,B6,B7,B8,B9,B10,B11,B12,B13,B14,B15,C1,C2,C3,C4,C5,C6,C7,C8,C9,C10,C11,C12,C13,C14,C15,D1,D2,D3,D4,D5,D6,D7,D8,D9,D10,D11,D12,D13,D14,D15,E1,E2,E3,E4,E5,E6,E7,E8,E9,E10,E11,E12,E13,E14,E15
A1,0.0,0.38337981700897217,0.6243769526481628,0.9367810487747192,1.2634079456329346,1.49558687210083,1.872045636177063,1.8085198402404785,1.5781375169754028,1.229418158531189,1.0529226064682007,0.881869912147522,0.9199069738388062,0.5912219882011414,0.5468023419380188,1.4902431964874268,1.1233453750610352,0.9788130521774292,0.6988279223442078,0.5843074321746826,0.7224146127700806,0.915549635887146,0.899473249912262,1.033058762550354,0.9890891909599304,1.161718487739563,1.4166858196258545,1.6262637376785278,1.6075819730758667,1.651987910270691,2.3491005897521973,2.346712589263916,2.1389737129211426,2.408644437789917,2.4194095134735107,2.7463347911834717,2.910670757293701,2.5810046195983887,2.3970882892608643,2.1199452877044678,2.3408710956573486,2.13767147064209,2.4650049209594727,2.5019099712371826,2.157475471496582,2.013718366622925,2.0815842151641846,1.7839407920837402,1.910287857055664,1.8273383378982544,1.9096803665161133,1.9668930768966675,1.7635213136672974,1.4628227949142456,1.4047728776931763,1.4165188074111938,1.2596999406814575,1.4014757871627808,1.671834945678711,1.5120443105697632,2.658003807067871,2.4479715824127197,2.081676721572876,2.023956298828125,1.7088103294372559,1.842400074005127,1.6882604360580444,1.3297722339630127,1.400625228881836,1.5029329061508179,1.8289493322372437,1.9104135036468506,2.203831911087036,2.451509475708008,2.325392007827759
A2,0.38337981700897217,0.0,0.3812485635280609,0.6168137788772583,0.9508803486824036,1.1975780725479126,1.5755858421325684,1.524946689605713,1.3494433164596558,1.0284346342086792,0.9203479886054993,0.8777772784233093,0.9923325181007385,0.747430682182312,0.755643904209137,1.1375644207000732,0.7737603187561035,0.6976740956306458,0.5298783183097839,0.608705461025238,0.8718342781066895,1.161939024925232,1.0951412916183472,1.1168718338012695,0.9367825984954834,1.052347183227539,1.2263636589050293,1.437418818473816,1.3495264053344727,1.3636382818222046,2.2831361293792725,2.2679855823516846,2.0126688480377197,2.2521843910217285,2.223900556564331,2.523491144180298,2.65680193901062,2.324934244155884,2.1297354698181152,1.886613130569458,2.1241681575775146,1.9417928457260132,2.2673544883728027,2.3565897941589355,2.0300920009613037,2.0944461822509766,2.1190695762634277,1.8003952503204346,1.9177520275115967,1.786922812461853,1.9076690673828125,1.9287306070327759,1.6633034944534302,1.420431137084961,1.3740711212158203,1.4876039028167725,1.3607572317123413,1.5871208906173706,1.832064151763916,1.633379578590393,2.4992153644561768,2.336564779281616,1.9643765687942505,1.9602092504501343,1.6842045783996582,1.8281519412994385,1.7243844270706177,1.373231291770935,1.3383101224899292,1.3915404081344604,1.6713155508041382,1.7013195753097534,1.977676272392273,2.242147207260132,2.09917950630188
A3,0.6243769526481628,0.3812485635280609,0.0,0.3776087164878845,0.6470065116882324,0.9177996516227722,1.274718999862671,1.186246395111084,0.9835368990898132,0.6485784649848938,0.584469735622406,0.5950638055801392,0.8108331561088562,0.7089409232139587,0.6932811141014099,1.078169584274292,0.7824928760528564,0.6106118559837341,0.6082358360290527,0.6206117868423462,0.9790104627609253,1.2315624952316284,1.0437865257263184,1.0362075567245483,0.7948699593544006,0.9912260174751282,1.090497612953186,1.380731463432312,1.3123352527618408,1.227471947669983,2.0661306381225586,1.9993780851364136,1.7186092138290405,1.9296585321426392,1.879207968711853,2.1901016235351562,2.3191072940826416,1.9775937795639038,1.8076543807983398,1.5666215419769287,1.8345649242401123,1.6920101642608643,2.0423741340637207,2.1359682083129883,1.8345741033554077,1.8148677349090576,1.8299922943115234,1.5246201753616333,1.679169774055481,1.5739703178405762,1.7615416049957275,1.830886960029602,1.5320401191711426,1.2959548234939575,1.1691689491271973,1.317089557647705,1.1617963314056396,1.4484633207321167,1.6368526220321655,1.3951109647750854,2.137641668319702,1.9789355993270874,1.6019515991210938,1.6000906229019165,1.3402363061904907,1.4899635314941406,1.4318633079528809,1.08735191822052,0.9928086996078491,1.018654227256775,1.290540099143982,1.3278350830078125,1.6075009107589722,1.8691093921661377,1.7428295612335205
A4,0.9367810487747192,0.6168137788772583,0.3776087164878845,0.0,0.3738950788974762,0.5832033157348633,0.9594078660011292,0.9484214186668396,0.8090130090713501,0.5974520444869995,0.5849980711936951,0.7966799736022949,0.9719677567481995,0.9447150826454163,1.0264075994491577,0.9562063813209534,0.737652599811554,0.7163087129592896,0.8624590635299683,0.9740666151046753,1.3347870111465454,1.6065783500671387,1.4099277257919312,1.3733896017074585,1.0803316831588745,1.2217636108398438,1.219142198562622,1.4983948469161987,1.3510463237762451,1.2042100429534912,2.2316293716430664,2.1330392360687256,1.8058937788009644,1.9547990560531616,1.8347671031951904,2.1103010177612305,2.1771316528320312,1.8184877634048462,1.6721605062484741,1.505569577217102,1.8137859106063843,1.7287322282791138,2.074216842651367,2.225099802017212,1.9618982076644897,2.016317129135132,2.0211644172668457,1.7336283922195435,1.900584101676941,1.7811176776885986,2.0062315464019775,2.056325674057007,1.716112494468689,1.541945457458496,1.4121886491775513,1.6140834093093872,1.462031602859497,1.7762452363967896,1.9239771366119385,1.6465153694152832,2.1074352264404297,2.006309986114502,1.6314470767974854,1.6601016521453857,1.443811297416687,1.549566626548767,1.5143611431121826,1.2312699556350708,1.0351260900497437,1.0529699325561523,1.220609188079834,1.225594401359558,1.4381905794143677,1.7416945695877075,1.6355035305023193
A5,1.2634079456329346,0.9508803486824036,0.6470065116882324,0.3738950788974762,0.0,0.3838188648223877,0.6703393459320068,0.586885929107666,0.5348243117332458,0.44921791553497314,0.6476949453353882,0.9220478534698486,1.1627190113067627,1.226176142692566,1.2629034519195557,0.8969323635101318,0.8226523399353027,0.7809866070747375,1.0467756986618042,1.1635746955871582,1.5376808643341064,1.8036032915115356,1.5624985694885254,1.467110514640808,1.1323246955871582,1.2580552101135254,1.14980149269104,1.450149416923523,1.300753116607666,1.0606355667114258,2.0752995014190674,1.9404590129852295,1.5821400880813599,1.677074909210205,1.5149379968643188,1.76839017868042,1.8119821548461914,1.4516608715057373,1.3149701356887817,1.186792016029358,1.5199869871139526,1.490807056427002,1.8347063064575195,2.0155575275421143,1.7983769178390503,1.9548919200897217,1.9155446290969849,1.641708493232727,1.8043879270553589,1.6783596277236938,1.9490389823913574,2.0058510303497314,1.6375805139541626,1.5219403505325317,1.3682509660720825,1.6252703666687012,1.5015403032302856,1.8553452491760254,1.9564396142959595,1.6690852642059326,1.7996208667755127,1.7449092864990234,1.3868556022644043,1.4722932577133179,1.331825852394104,1.4553282260894775,1.5092811584472656,1.266982913017273,0.9824138283729553,0.8981339931488037,0.9756418466567993,0.9090232253074646,1.1045881509780884,1.4039950370788574,1.2892049551010132
A6,1.49558687210083,1.1975780725479126,0.9177996516227722,0.5832033157348633,0.3838188648223877,0.0,0.39286303520202637,0.5509638786315918,0.5148029923439026,0.6406309604644775,0.7259588837623596,1.0809214115142822,1.2300623655319214,1.3492088317871094,1.4709506034851074,1.176757574081421,1.1320774555206299,1.1525486707687378,1.396518349647522,1.4968235492706299,1.8712985515594482,2.11637282371521,1.859753131866455,1.8076841831207275,1.4932138919830322,1.6403944492340088,1.5269017219543457,1.8218588829040527,1.64945650100708,1.393469214439392,2.3877575397491455,2.212944507598877,1.8433454036712646,1.878633975982666,1.655347466468811,1.88481605052948,1.8562736511230469,1.4729042053222656,1.4230093955993652,1.3822355270385742,1.747518539428711,1.7811208963394165,2.1187593936920166,2.31605863571167,2.1302237510681152,2.1156556606292725,2.1147587299346924,1.889145016670227,2.0948245525360107,2.0056426525115967,2.298891544342041,2.375168561935425,2.0056540966033936,1.8907808065414429,1.7070118188858032,1.9411219358444214,1.7739914655685425,2.116103172302246,2.176568031311035,1.8545279502868652,1.892978549003601,1.8679935932159424,1.5228378772735596,1.5707699060440063,1.4407808780670166,1.4709501266479492,1.5011149644851685,1.342403769493103,1.025547981262207,1.020929217338562,0.9886455535888672,0.9770627021789551,1.0394237041473389,1.3927931785583496,1.3672682046890259
A7,1.872045636177063,1.5755858421325684,1.274718999862671,0.9594078660011292,0.6703393459320068,0.39286303520202637,0.0,0.3951821029186249,0.5469761490821838,0.848598837852478,1.0100054740905762,1.3642994165420532,1.5273162126541138,1.6974294185638428,1.8011194467544556,1.3626132011413574,1.410115122795105,1.4286216497421265,1.716513991355896,1.8160947561264038,2.1929314136505127,2.4290215969085693,2.146411657333374,2.067241907119751,1.7428863048553467,1.8782975673675537,1.7023829221725464,1.9935938119888306,1.8222936391830444,1.5141996145248413,2.434109687805176,2.220335006713867,1.837241768836975,1.7927240133285522,1.5084158182144165,1.6860880851745605,1.5894203186035156,1.2067244052886963,1.2298705577850342,1.2892372608184814,1.6651766300201416,1.7773714065551758,2.0915091037750244,2.313957691192627,2.187213659286499,2.2037432193756104,2.1774661540985107,1.9896667003631592,2.195693016052246,2.1164543628692627,2.4404115676879883,2.524796485900879,2.146735668182373,2.0790741443634033,1.8796666860580444,2.1364028453826904,1.985205888748169,2.3407716751098633,2.355295419692993,2.0286762714385986,1.721610188484192,1.763828158378601,1.4661762714385986,1.5513538122177124,1.508176326751709,1.5176374912261963,1.6183931827545166,1.529170036315918,1.1696711778640747,1.1070277690887451,0.9330083727836609,0.8675781488418579,0.7925649881362915,1.1509912014007568,1.174448847770691
A8,1.8085198402404785,1.524946689605713,1.186246395111084,0.9484214186668396,0.586885929107666,0.5509638786315918,0.3951821029186249,0.0,0.37850916385650635,0.6634882092475891,0.9570206999778748,1.2536005973815918,1.5015966892242432,1.6737422943115234,1.6945515871047974,1.2360405921936035,1.3059438467025757,1.2432136535644531,1.5538963079452515,1.6340599060058594,2.0036497116088867,2.2301273345947266,1.933600664138794,1.8099663257598877,1.4807102680206299,1.6114917993545532,1.404242753982544,1.7117191553115845,1.5891214609146118,1.253847360610962,2.0462746620178223,1.8301523923873901,1.4448707103729248,1.404638648033142,1.1375247240066528,1.3428702354431152,1.3092797994613647,0.9246793985366821,0.8947828412055969,0.9020950794219971,1.2825886011123657,1.3960022926330566,1.7179875373840332,1.9269382953643799,1.8095871210098267,1.9411672353744507,1.864731788635254,1.6629482507705688,1.8416563272476196,1.7528313398361206,2.0863962173461914,2.178539991378784,1.8041505813598633,1.7582902908325195,1.5544910430908203,1.8342498540878296,1.7236239910125732,2.0946836471557617,2.104789972305298,1.8041108846664429,1.385858178138733,1.4229735136032104,1.1255279779434204,1.27165687084198,1.2730461359024048,1.366880178451538,1.5395293235778809,1.4110584259033203,1.0459963083267212,0.8636698126792908,0.6981591582298279,0.521747887134552,0.5688614249229431,0.883112907409668,0.8273127675056458
A9,1.5781375169754028,1.3494433164596558,0.9835368990898132,0.8090130090713501,0.5348243117332458,0.5148029923439026,0.5469761490821838,0.37850916385650635,0.0,0.3813517689704895,0.6206309199333191,0.9164313673973083,1.147955060005188,1.3580641746520996,1.3889580965042114,1.366348147392273,1.331869125366211,1.2018707990646362,1.4422186613082886,1.4465326070785522,1.8162710666656494,1.9986014366149902,1.6783199310302734,1.6152400970458984,1.3300678730010986,1.54231595993042,1.4130094051361084,1.7621921300888062,1.6843607425689697,1.3871150016784668,2.0291314125061035,1.8033356666564941,1.4440369606018066,1.4583680629730225,1.244335412979126,1.5274046659469604,1.5527750253677368,1.1638246774673462,1.1537044048309326,1.0585598945617676,1.4370049238204956,1.5034537315368652,1.8611764907836914,2.00976300239563,1.8495925664901733,1.6656467914581299,1.6483336687088013,1.4618107080459595,1.697405219078064,1.665635108947754,2.0004870891571045,2.1426751613616943,1.7933919429779053,1.6707475185394287,1.415289282798767,1.6335031986236572,1.4613628387451172,1.8141833543777466,1.8114806413650513,1.4877153635025024,1.4294145107269287,1.3701941967010498,1.022263765335083,1.0624650716781616,0.9773337841033936,1.0413931608200073,1.1744019985198975,1.0403016805648804,0.6744356751441956,0.5619235634803772,0.4790349304676056,0.5145429968833923,0.6545972228050232,0.9779666662216187,0.9803422093391418
A10,1.229418158531189,1.0284346342086792,0.6485784649848938,0.5974520444869995,0.44921791553497314,0.6406309604644775,0.848598837852478,0.6634882092475891,0.3813517689704895,0.0,0.38745540380477905,0.6019530892372131,0.9025219082832336,1.0587670803070068,1.0378572940826416,1.2342615127563477,1.1165088415145874,0.9166996479034424,1.1021325588226318,1.07086181640625,1.4385740756988525,1.6199456453323364,1.3095134496688843,1.2553973197937012,0.9808520674705505,1.2257920503616333,1.1649967432022095,1.527434229850769,1.4839906692504883,1.2421122789382935,1.868295431137085,1.6911423206329346,1.3598246574401855,1.4724855422973633,1.3486990928649902,1.6708005666732788,1.771665334701538,1.4082000255584717,1.3163702487945557,1.1140005588531494,1.450630784034729,1.4246301651000977,1.7988078594207764,1.9083951711654663,1.6878474950790405,1.514758825302124,1.5036702156066895,1.2612454891204834,1.4836256504058838,1.4388504028320312,1.7411112785339355,1.8825538158416748,1.5497108697891235,1.3741192817687988,1.124998927116394,1.3236275911331177,1.1465909481048584,1.4994127750396729,1.551160216331482,1.2455413341522217,1.5614774227142334,1.4315824508666992,1.0518828630447388,1.0673738718032837,0.8880387544631958,1.0297564268112183,1.1084471940994263,0.8572668433189392,0.5680109262466431,0.4662363529205322,0.6510679721832275,0.7048964500427246,0.9746275544166565,1.2379393577575684,1.166844129562378
A11,1.0529226064682007,0.9203479886054993,0.584469735622406,0.5849980711936951,0.6476949453353882,0.7259588837623596,1.0100054740905762,0.9570206999778748,0.6206309199333191,0.38745540380477905,0.0,0.37114864587783813,0.5492497086524963,0.7402260303497314,0.8223987221717834,1.4534187316894531,1.2547552585601807,1.081161379814148,1.1598286628723145,1.0722968578338623,1.421756386756897,1.5635782480239868,1.2631518840789795,1.3176116943359375,1.1157039403915405,1.4041610956192017,1.430461049079895,1.7823896408081055,1.7352899312973022,1.5447834730148315,2.154101848602295,1.984604835510254,1.6850324869155884,1.816144347190857,1.7034574747085571,2.036566734313965,2.126953601837158,1.7522525787353516,1.6926909685134888,1.4975529909133911,1.830213189125061,1.7870198488235474,2.1633975505828857,2.24930477142334,2.003955602645874,1.5492439270019531,1.6282519102096558,1.4174752235412598,1.681464433670044,1.6815212965011597,1.9546102285385132,2.11484432220459,1.812324047088623,1.5771337747573853,1.3213940858840942,1.4308186769485474,1.17606520652771,1.4704889059066772,1.5283206701278687,1.198675513267517,1.8692994117736816,1.7011384963989258,1.3201699256896973,1.2309986352920532,0.9556518793106079,0.9949207305908203,0.9294567704200745,0.6706138253211975,0.4769042730331421,0.6408989429473877,0.8601025938987732,1.0303173065185547,1.2419710159301758,1.5307289361953735,1.5174163579940796
A12,0.881869912147522,0.8777772784233093,0.5950638055801392,0.7966799736022949,0.9220478534698486,1.0809214115142822,1.3642994165420532,1.2536005973815918,0.9164313673973083,0.6019530892372131,0.37114864587783813,0.0,0.3812119960784912,0.5437910556793213,0.5026084184646606,1.5943197011947632,1.348502278327942,1.097826361656189,1.0716301202774048,0.8709529638290405,1.1740986108779907,1.248246192932129,0.9309391379356384,1.0505727529525757,0.942375898361206,1.285463571548462,1.3933459520339966,1.744577407836914,1.7631441354751587,1.6231921911239624,2.0335028171539307,1.8920841217041016,1.6484177112579346,1.839011311531067,1.7995641231536865,2.1605844497680664,2.3091092109680176,1.9583077430725098,1.8731530904769897,1.6143262386322021,1.9012504816055298,1.8066141605377197,2.1812384128570557,2.209646224975586,1.9339776039123535,1.3337074518203735,1.441414475440979,1.2237721681594849,1.4894827604293823,1.5248091220855713,1.761372447013855,1.9521815776824951,1.7005687952041626,1.408742070198059,1.1407960653305054,1.1645454168319702,0.8723440766334534,1.1273608207702637,1.213168978691101,0.9065296649932861,1.9457850456237793,1.7164692878723145,1.3436028957366943,1.2110602855682373,0.8762974143028259,0.9681387543678284,0.8610669374465942,0.49875086545944214,0.5253580212593079,0.6969237327575684,1.0276600122451782,1.2141118049621582,1.4833284616470337,1.7180280685424805,1.6813139915466309
A13,0.9199069738388062,0.9923325181007385,0.8108331561088562,0.9719677567481995,1.1627190113067627,1.2300623655319214,1.5273162126541138,1.5015966892242432,1.147955060005188,0.9025219082832336,0.5492497086524963,0.3812119960784912,0.0,0.3682714104652405,0.5489321947097778,1.8646506071090698,1.5899834632873535,1.3922185897827148,1.3183149099349976,1.1135544776916504,1.3684405088424683,1.3978049755096436,1.1248860359191895,1.3313651084899902,1.2760486602783203,1.6114225387573242,1.7484618425369263,2.0846803188323975,2.083181858062744,1.9609858989715576,2.3950583934783936,2.2486379146575928,2.0157556533813477,2.193039655685425,2.1360256671905518,2.49587345123291,2.6190590858459473,2.2533318996429443,2.201559066772461,1.9686740636825562,2.2703676223754883,2.186429738998413,2.5617008209228516,2.588768243789673,2.310899019241333,1.5104483366012573,1.6930619478225708,1.5268285274505615,1.8154205083847046,1.8809447288513184,2.0996789932250977,2.2964932918548584,2.0620665550231934,1.753415822982788,1.4947566986083984,1.4638761281967163,1.1371618509292603,1.303108811378479,1.3713757991790771,1.0648707151412964,2.2493784427642822,2.013730525970459,1.6497787237167358,1.4593085050582886,1.1004050970077515,1.0714380741119385,0.8229069113731384,0.5551496744155884,0.6922235488891602,0.9889105558395386,1.267890453338623,1.506792664527893,1.720212697982788,1.981313705444336,1.9931761026382446
A14,0.5912219882011414,0.747430682182312,0.7089409232139587,0.9447150826454163,1.226176142692566,1.3492088317871094,1.6974294185638428,1.6737422943115234,1.3580641746520996,1.0587670803070068,0.7402260303497314,0.5437910556793213,0.3682714104652405,0.0,0.3725014626979828,1.7784514427185059,1.4557832479476929,1.2814146280288696,1.1251440048217773,0.9285140633583069,1.1389565467834473,1.1938155889511108,1.009401798248291,1.2345727682113647,1.2021725177764893,1.4972503185272217,1.690190315246582,1.9852455854415894,1.9754737615585327,1.916656255722046,2.4539802074432373,2.3627939224243164,2.14113187789917,2.3600032329559326,2.3293206691741943,2.68255615234375,2.820624828338623,2.461700916290283,2.3608038425445557,2.1083147525787354,2.385652780532837,2.2530789375305176,2.616492509841919,2.6443099975585938,2.334092378616333,1.7305978536605835,1.8859195709228516,1.6697494983673096,1.904420018196106,1.9225378036499023,2.086672306060791,2.2390174865722656,2.020129442214966,1.6991642713546753,1.5075984001159668,1.4717053174972534,1.1867785453796387,1.3221807479858398,1.4807660579681396,1.2352726459503174,2.4891791343688965,2.256258249282837,1.8859639167785645,1.7363929748535156,1.3811055421829224,1.4107637405395508,1.1784682273864746,0.8745654225349426,1.0055925846099854,1.2368056774139404,1.5437391996383667,1.7292718887329102,1.9735326766967773,2.2382984161376953,2.2010722160339355
A15,0.5468023419380188,0.755643904209137,0.6932811141014099,1.0264075994491577,1.2629034519195557,1.4709506034851074,1.8011194467544556,1.6945515871047974,1.3889580965042114,1.0378572940826416,0.8223987221717834,0.5026084184646606,0.5489321947097778,0.3725014626979828,0.0,1.7252808809280396,1.408000111579895,1.151909589767456,0.9555625319480896,0.6650477647781372,0.8428937196731567,0.8568497896194458,0.6376780867576599,0.8809306025505066,0.9121801257133484,1.2327543497085571,1.4629573822021484,1.7565712928771973,1.8080366849899292,1.7701624631881714,2.144346237182617,2.0811333656311035,1.8975780010223389,2.1550188064575195,2.1788525581359863,2.541149616241455,2.7264039516448975,2.394810438156128,2.2623496055603027,1.9646174907684326,2.1988086700439453,2.0311291217803955,2.38395619392395,2.3741302490234375,2.0514230728149414,1.5078916549682617,1.6294711828231812,1.3865867853164673,1.5878986120224,1.6071031093597412,1.7435953617095947,1.9088006019592285,1.7235933542251587,1.3803056478500366,1.1942853927612305,1.120882511138916,0.8548848032951355,0.9826581478118896,1.1892740726470947,0.9947002530097961,2.3438591957092285,2.0866172313690186,1.7307299375534058,1.6003667116165161,1.2539808750152588,1.3716208934783936,1.2054567337036133,0.8413137197494507,1.0072472095489502,1.153436541557312,1.5119529962539673,1.6680108308792114,1.9661812782287598,2.1831743717193604,2.1057562828063965
B1,1.4902431964874268,1.1375644207000732,1.078169584274292,0.9562063813209534,0.8969323635101318,1.176757574081421,1.3626132011413574,1.2360405921936035,1.366348147392273,1.2342615127563477,1.4534187316894531,1.5943197011947632,1.8646506071090698,1.7784514427185059,1.7252808809280396,0.0,0.3767642676830292,0.6223111748695374,0.9383600950241089,1.2691479921340942,1.533948540687561,1.90585196018219,1.8138680458068848,1.5875539779663086,1.2278492450714111,1.0598913431167603,0.8832805156707764,0.9365012049674988,0.6129242181777954,0.5331211090087891,2.0549941062927246,2.0671257972717285,1.7502774000167847,1.898746371269226,1.8182172775268555,1.9670041799545288,2.04176664352417,1.7979373931884766,1.5042436122894287,1.377652883529663,1.5401941537857056,1.3968310356140137,1.6181495189666748,1.858998417854309,1.6306700706481934,2.524786949157715,2.3879454135894775,2.037879705429077,2.0345005989074707,1.754730463027954,1.9014819860458374,1.7745087146759033,1.4099631309509277,1.4406918287277222,1.515010118484497,1.8455212116241455,1.8867791891098022,2.2223057746887207,2.421285390853882,2.232731342315674,2.214411497116089,2.214670181274414,1.9166882038116455,2.1164047718048096,2.0259971618652344,2.246837615966797,2.3268988132476807,2.0207295417785645,1.7955436706542969,1.6247906684875488,1.7322136163711548,1.5249900817871094,1.7511712312698364,1.952180027961731,1.6903340816497803
B2,1.1233453750610352,0.7737603187561035,0.7824928760528564,0.737652599811554,0.8226523399353027,1.1320774555206299,1.410115122795105,1.3059438467025757,1.331869125366211,1.1165088415145874,1.2547552585601807,1.348502278327942,1.5899834632873535,1.4557832479476929,1.408000111579895,0.3767642676830292,0.0,0.38955584168434143,0.6204050779342651,0.9649133682250977,1.2306907176971436,1.6072132587432861,1.537711262702942,1.3598970174789429,1.028438925743103,0.9097320437431335,0.8671107888221741,0.9736640453338623,0.725807249546051,0.7322320342063904,2.089129686355591,2.105584144592285,1.8074815273284912,2.003408908843994,1.948818325996399,2.157196521759033,2.2606863975524902,1.9820386171340942,1.7121855020523071,1.5283470153808594,1.7166953086853027,1.5395045280456543,1.803138017654419,1.9876240491867065,1.707797884941101,2.3844854831695557,2.291069507598877,1.9352664947509766,1.959634780883789,1.7101221084594727,1.838779330253601,1.7439907789230347,1.4044958353042603,1.340017557144165,1.3990343809127808,1.6776158809661865,1.682751178741455,1.992091417312622,2.218492031097412,2.0316953659057617,2.3151371479034424,2.2559285163879395,1.9242455959320068,2.064481496810913,1.910591959953308,2.1196813583374023,2.145540714263916,1.8140779733657837,1.6405055522918701,1.5286037921905518,1.7044936418533325,1.56868577003479,1.8276807069778442,2.0563547611236572,1.8247697353363037
B3,0.9788130521774292,0.6976740956306458,0.6106118559837341,0.7163087129592896,0.7809866070747375,1.1525486707687378,1.4286216497421265,1.2432136535644531,1.2018707990646362,0.9166996479034424,1.081161379814148,1.097826361656189,1.3922185897827148,1.2814146280288696,1.151909589767456,0.6223111748695374,0.38955584168434143,0.0,0.3797895908355713,0.6549002528190613,0.951072633266449,1.3024392127990723,1.1924089193344116,0.9891830682754517,0.6424490213394165,0.5763679146766663,0.5826880931854248,0.8025867938995361,0.7024776935577393,0.6748982667922974,1.76404869556427,1.7773561477661133,1.501448154449463,1.7376272678375244,1.730854868888855,1.9837701320648193,2.1429266929626465,1.8665030002593994,1.5967987775802612,1.3395254611968994,1.5167001485824585,1.308264970779419,1.605798602104187,1.7346320152282715,1.4276188611984253,2.0249838829040527,1.9236323833465576,1.560768961906433,1.581741452217102,1.347153663635254,1.4844703674316406,1.436967372894287,1.1022456884384155,0.9828097820281982,1.0147510766983032,1.2886720895767212,1.3057281970977783,1.620495319366455,1.8458077907562256,1.6787391901016235,2.075054883956909,1.9708141088485718,1.6381683349609375,1.7654359340667725,1.6047087907791138,1.8508628606796265,1.8959243297576904,1.5443320274353027,1.4031150341033936,1.2629390954971313,1.4943073987960815,1.3799458742141724,1.695236325263977,1.8902899026870728,1.6532824039459229
B4,0.6988279223442078,0.5298783183097839,0.6082358360290527,0.8624590635299683,1.0467756986618042,1.396518349647522,1.716513991355896,1.5538963079452515,1.4422186613082886,1.1021325588226318,1.1598286628723145,1.0716301202774048,1.3183149099349976,1.1251440048217773,0.9555625319480896,0.9383600950241089,0.6204050779342651,0.3797895908355713,0.0,0.37571844458580017,0.6120150685310364,0.9875205755233765,0.9580602049827576,0.8099860548973083,0.5784408450126648,0.5493005514144897,0.7672532200813293,0.9358939528465271,0.9164760112762451,0.9989975690841675,1.866109848022461,1.915204405784607,1.6932344436645508,1.9746506214141846,2.010915517807007,2.291445016860962,2.4777562618255615,2.1988513469696045,1.9393982887268066,1.6506279706954956,1.807550311088562,1.5630403757095337,1.8531734943389893,1.9234429597854614,1.5801503658294678,2.0204875469207764,1.9568206071853638,1.592820405960083,1.6103590726852417,1.403964877128601,1.4735209941864014,1.4351392984390259,1.1763064861297607,0.967873752117157,1.0291756391525269,1.205312967300415,1.2123976945877075,1.4617364406585693,1.7403522729873657,1.6122068166732788,2.3250601291656494,2.1704702377319336,1.8324129581451416,1.9039546251296997,1.688271403312683,1.9287575483322144,1.9164490699768066,1.5379109382629395,1.4867151975631714,1.4094786643981934,1.7031769752502441,1.649857521057129,1.9813594818115234,2.1773757934570312,1.9586273431777954
B5,0.5843074321746826,0.608705461025238,0.6206117868423462,0.9740666151046753,1.1635746955871582,1.4968235492706299,1.8160947561264038,1.6340599060058594,1.4465326070785522,1.07086181640625,1.0722968578338623,0.8709529638290405,1.1135544776916504,0.9285140633583069,0.6650477647781372,1.2691479921340942,0.9649133682250977,0.6549002528190613,0.37571844458580017,0.0,0.37718644738197327,0.6717440485954285,0.5875692963600159,0.5175488591194153,0.42489850521087646,0.6101310849189758,0.8999243974685669,1.1301041841506958,1.204940915107727,1.2484467029571533,1.7794690132141113,1.8102993965148926,1.6287773847579956,1.9333513975143433,2.0022032260894775,2.322993516921997,2.5394375324249268,2.254774808883667,2.027071237564087,1.7025588750839233,1.8620377779006958,1.6192657947540283,1.9308959245681763,1.9388736486434937,1.5860844850540161,1.7264297008514404,1.6991815567016602,1.352579116821289,1.4027990102767944,1.269155502319336,1.3384907245635986,1.389027714729309,1.1849442720413208,0.8789233565330505,0.858817994594574,0.9292886257171631,0.8898337483406067,1.103905200958252,1.395841360092163,1.288245439529419,2.263359785079956,2.054065465927124,1.7167115211486816,1.7287777662277222,1.4761009216308594,1.7183287143707275,1.6839150190353394,1.29422926902771,1.3222732543945312,1.2790831327438354,1.6244093179702759,1.6347769498825073,1.9850106239318848,2.1637682914733887,1.9764349460601807
B6,0.7224146127700806,0.8718342781066895,0.9790104627609253,1.3347870111465454,1.5376808643341064,1.8712985515594482,2.1929314136505127,2.0036497116088867,1.8162710666656494,1.4385740756988525,1.421756386756897,1.1740986108779907,1.3684405088424683,1.1389565467834473,0.8428937196731567,1.533948540687561,1.2306907176971436,0.951072633266449,0.6120150685310364,0.37718644738197327,0.0,0.3964601755142212,0.5496768951416016,0.5155786871910095,0.6402124166488647,0.7254279255867004,1.0857224464416504,1.2277965545654297,1.3603360652923584,1.4825153350830078,1.8444983959197998,1.9366518259048462,1.8216958045959473,2.159069538116455,2.2769668102264404,2.5946907997131348,2.840329885482788,2.578683614730835,2.3350155353546143,1.9909898042678833,2.1003406047821045,1.8190383911132812,2.0932252407073975,2.0545029640197754,1.6859965324401855,1.8586865663528442,1.8313052654266357,1.4929449558258057,1.4854791164398193,1.354206919670105,1.3195030689239502,1.3444275856018066,1.2409354448318481,0.9211412072181702,0.9905574321746826,0.9643093347549438,0.9914565086364746,1.0895916223526,1.43598210811615,1.4179795980453491,2.529381275177002,2.2988269329071045,1.987186074256897,1.9897358417510986,1.7358745336532593,1.988047480583191,1.9373033046722412,1.549127221107483,1.637384057044983,1.6013717651367188,1.9615623950958252,1.9748934507369995,2.3364603519439697,2.491523027420044,2.291111469268799
B7,0.915549635887146,1.161939024925232,1.2315624952316284,1.6065783500671387,1.8036032915115356,2.11637282371521,2.4290215969085693,2.2301273345947266,1.9986014366149902,1.6199456453323364,1.5635782480239868,1.248246192932129,1.3978049755096436,1.1938155889511108,0.8568497896194458,1.90585196018219,1.6072132587432861,1.3024392127990723,0.9875205755233765,0.6717440485954285,0.3964601755142212,0.0,0.39264243841171265,0.5496376156806946,0.8503804206848145,1.0184110403060913,1.3716360330581665,1.5332231521606445,1.7133491039276123,1.8131405115127563,1.8845633268356323,1.9703489542007446,1.9144606590270996,2.261852264404297,2.412158727645874,2.7520792484283447,3.0217175483703613,2.7650980949401855,2.548109769821167,2.185307741165161,2.28426456451416,2.009392261505127,2.2827348709106445,2.186540126800537,1.8262866735458374,1.7061389684677124,1.7202801704406738,1.4300916194915771,1.4365456104278564,1.393437147140503,1.3296401500701904,1.4343575239181519,1.412078857421875,1.055389404296875,1.064866304397583,0.8867394328117371,0.8856085538864136,0.8415850400924683,1.207934856414795,1.264042854309082,2.610562801361084,2.3356754779815674,2.0459113121032715,1.9934284687042236,1.722227931022644,1.9626381397247314,1.8894437551498413,1.5211981534957886,1.691301703453064,1.6873804330825806,2.0683767795562744,2.1301026344299316,2.494701862335205,2.626877546310425,2.454343557357788
B8,0.899473249912262,1.0951412916183472,1.0437865257263184,1.4099277257919312,1.5624985694885254,1.859753131866455,2.146411657333374,1.933600664138794,1.6783199310302734,1.3095134496688843,1.2631518840789795,0.9309391379356384,1.1248860359191895,1.009401798248291,0.6376780867576599,1.8138680458068848,1.537711262702942,1.1924089193344116,0.9580602049827576,0.5875692963600159,0.5496768951416016,0.39264243841171265,0.0,0.3752933442592621,0.6604767441749573,0.9574181437492371,1.2530096769332886,1.5006757974624634,1.675689697265625,1.6935533285140991,1.7024519443511963,1.7193877696990967,1.6369634866714478,1.9636826515197754,2.095935344696045,2.453016757965088,2.716287136077881,2.4489855766296387,2.263676881790161,1.9031156301498413,2.0331673622131348,1.797286033630371,2.1044962406158447,2.0136959552764893,1.672313928604126,1.3480253219604492,1.375394344329834,1.0900887250900269,1.1678931713104248,1.1785368919372559,1.2150081396102905,1.3992235660552979,1.3182640075683594,0.9409263730049133,0.8164612650871277,0.6212121248245239,0.5148089528083801,0.557884693145752,0.8964796662330627,0.8944801688194275,2.2663028240203857,1.9804555177688599,1.6827696561813354,1.6077357530593872,1.3302736282348633,1.5750949382781982,1.525195837020874,1.1576218605041504,1.3272087574005127,1.3185398578643799,1.7028526067733765,1.7893952131271362,2.1494078636169434,2.275554895401001,2.129450798034668
B9,1.033058762550354,1.1168718338012695,1.0362075567245483,1.3733896017074585,1.467110514640808,1.8076841831207275,2.067241907119751,1.8099663257598877,1.6152400970458984,1.2553973197937012,1.3176116943359375,1.0505727529525757,1.3313651084899902,1.2345727682113647,0.8809306025505066,1.5875539779663086,1.3598970174789429,0.9891830682754517,0.8099860548973083,0.5175488591194153,0.5155786871910095,0.5496376156806946,0.3752933442592621,0.0,0.3806760013103485,0.6278132796287537,0.9182038903236389,1.1520309448242188,1.3643577098846436,1.3911082744598389,1.3983376026153564,1.4559351205825806,1.3705641031265259,1.717909812927246,1.8741439580917358,2.2076504230499268,2.487572193145752,2.2501113414764404,2.024433135986328,1.651879906654358,1.7383278608322144,1.471157193183899,1.7591347694396973,1.6726689338684082,1.3197977542877197,1.4137831926345825,1.3379850387573242,0.9908280372619629,0.9724385142326355,0.881838321685791,0.903733491897583,1.0476750135421753,0.9451731443405151,0.5694490671157837,0.5194646716117859,0.4547156095504761,0.5582258701324463,0.7326849102973938,1.041045069694519,1.046799898147583,2.08976674079895,1.8357698917388916,1.5543283224105835,1.5650891065597534,1.3548263311386108,1.6593427658081055,1.6886342763900757,1.3166173696517944,1.3961219787597656,1.2867451906204224,1.6487338542938232,1.6590162515640259,2.039008855819702,2.1361019611358643,1.9372599124908447
B10,0.9890891909599304,0.9367825984954834,0.7948699593544006,1.0803316831588745,1.1323246955871582,1.4932138919830322,1.7428863048553467,1.4807102680206299,1.3300678730010986,0.9808520674705505,1.1157039403915405,0.942375898361206,1.2760486602783203,1.2021725177764893,0.9121801257133484,1.2278492450714111,1.028438925743103,0.6424490213394165,0.5784408450126648,0.42489850521087646,0.6402124166488647,0.8503804206848145,0.6604767441749573,0.3806760013103485,0.0,0.38624078035354614,0.6042594313621521,0.9035192728042603,1.0585960149765015,1.038149118423462,1.3663885593414307,1.3913114070892334,1.2137092351913452,1.533025860786438,1.6378536224365234,1.9553536176681519,2.205427885055542,1.954879641532898,1.711655855178833,1.3570526838302612,1.477057933807373,1.2236990928649902,1.537878394126892,1.5263773202896118,1.1798940896987915,1.514406442642212,1.4067221879959106,1.0326594114303589,1.033652663230896,0.8612399101257324,0.9786944389343262,1.0597820281982422,0.8195634484291077,0.5146411657333374,0.45833829045295715,0.6535876393318176,0.7215242981910706,1.017473578453064,1.2620131969451904,1.1729559898376465,1.9052836894989014,1.7023260593414307,1.3935974836349487,1.4644981622695923,1.2830760478973389,1.5909379720687866,1.6537890434265137,1.2809151411056519,1.2575933933258057,1.0998188257217407,1.4288579225540161,1.3866913318634033,1.7636438608169556,1.883315920829773,1.6623265743255615
B11,1.161718487739563,1.052347183227539,0.9912260174751282,1.2217636108398438,1.2580552101135254,1.6403944492340088,1.8782975673675537,1.6114917993545532,1.54231595993042,1.2257920503616333,1.4041610956192017,1.285463571548462,1.6114225387573242,1.4972503185272217,1.2327543497085571,1.0598913431167603,0.9097320437431335,0.5763679146766663,0.5493005514144897,0.6101310849189758,0.7254279255867004,1.0184110403060913,0.9574181437492371,0.6278132796287537,0.38624078035354614,0.0,0.37147948145866394,0.5491108298301697,0.7392427921295166,0.8219724893569946,1.351809024810791,1.4578502178192139,1.2905452251434326,1.6125584840774536,1.7311357259750366,1.9957060813903809,2.246397018432617,2.033076286315918,1.7354810237884521,1.3962740898132324,1.4509576559066772,1.147092342376709,1.4014315605163574,1.4202187061309814,1.0613492727279663,1.8519742488861084,1.6950613260269165,1.3109532594680786,1.2166026830673218,0.9370937347412109,0.9672539234161377,0.8955593109130859,0.6305675506591797,0.46116504073143005,0.656301736831665,0.9114721417427063,1.0752402544021606,1.3389184474945068,1.6010445356369019,1.5456211566925049,2.053373336791992,1.8999066352844238,1.6210089921951294,1.758941888809204,1.6240321397781372,1.9422293901443481,2.023549795150757,1.654014229774475,1.5944130420684814,1.4030028581619263,1.687881588935852,1.5729494094848633,1.9421188831329346,2.0471630096435547,1.7731657028198242
B12,1.4166858196258545,1.2263636589050293,1.090497612953186,1.219142198562622,1.14980149269104,1.5269017219543457,1.7023829221725464,1.404242753982544,1.4130094051361084,1.1649967432022095,1.430461049079895,1.3933459520339966,1.7484618425369263,1.690190315246582,1.4629573822021484,0.8832805156707764,0.8671107888221741,0.5826880931854248,0.7672532200813293,0.8999243974685669,1.0857224464416504,1.3716360330581665,1.2530096769332886,0.9182038903236389,0.6042594313621521,0.37147948145866394,0.0,0.38325801491737366,0.5425450205802917,0.504715621471405,1.2365756034851074,1.3132880926132202,1.0893054008483887,1.368272304534912,1.4598416090011597,1.6857194900512695,1.923601746559143,1.7329041957855225,1.4100353717803955,1.0905712842941284,1.1284534931182861,0.8341354727745056,1.090787649154663,1.1804789304733276,0.8604178428649902,1.9118351936340332,1.7097102403640747,1.3339899778366089,1.2298184633255005,0.9087325930595398,1.0184316635131836,0.9218739867210388,0.5493918657302856,0.5794687867164612,0.72743821144104,1.0806444883346558,1.2474278211593628,1.5618854761123657,1.76618492603302,1.6774691343307495,1.821881890296936,1.727334976196289,1.4702340364456177,1.6784672737121582,1.6122019290924072,1.9372583627700806,2.0755062103271484,1.735885500907898,1.600446105003357,1.345586895942688,1.5607643127441406,1.3738523721694946,1.7267484664916992,1.8082988262176514,1.5007075071334839
B13,1.6262637376785278,1.437418818473816,1.380731463432312,1.4983948469161987,1.450149416923523,1.8218588829040527,1.9935938119888306,1.7117191553115845,1.7621921300888062,1.527434229850769,1.7823896408081055,1.744577407836914,2.0846803188323975,1.9852455854415894,1.7565712928771973,0.9365012049674988,0.9736640453338623,0.8025867938995361,0.9358939528465271,1.1301041841506958,1.2277965545654297,1.5332231521606445,1.5006757974624634,1.1520309448242188,0.9035192728042603,0.5491108298301697,0.38325801491737366,0.0,0.36788272857666016,0.557466447353363,1.3468364477157593,1.5084002017974854,1.3367598056793213,1.6090158224105835,1.7227774858474731,1.8918325901031494,2.127981424331665,1.9834206104278564,1.6299638748168945,1.3461792469024658,1.3040051460266113,0.9817677736282349,1.1189911365509033,1.219920039176941,0.9184072017669678,2.249108076095581,2.026510000228882,1.6516146659851074,1.4846974611282349,1.1249078512191772,1.1251237392425537,0.889517068862915,0.5910107493400574,0.7537282109260559,1.0242726802825928,1.344878911972046,1.5610108375549316,1.8370757102966309,2.0696306228637695,2.018606185913086,2.1038806438446045,2.0375752449035645,1.813721776008606,2.04325008392334,1.990086555480957,2.3195648193359375,2.453788995742798,2.1071321964263916,1.9795522689819336,1.7277932167053223,1.9298266172409058,1.7174692153930664,2.0531551837921143,2.11906361579895,1.7860379219055176
