,A1,A2,A3,A4,A5,A6,A7,A8,A9,A10,A11,A12,A13,A14,A15,B1,B2,B3,B4,B5,B6,B7,B8,B9,B10,B11,B12,B13,B14,B15,C1,C2,C3,C4,C5,C6,C7,C8,C9,C10,C11,C12,C13,C14,C15,D1,D2,D3,D4,D5,D6,D7,D8,D9,D10,D11,D12,D13,D14,D15,E1,E2,E3,E4,E5,E6,E7,E8,E9,E10,E11,E12,E13,E14,E15
A1,0.0,0.3787670433521271,0.5937355756759644,0.9260367155075073,1.2077394723892212,1.4504905939102173,1.8394315242767334,1.9504352807998657,2.261329174041748,2.237102746963501,2.60491681098938,2.7523794174194336,3.1088240146636963,3.225998878479004,3.0882997512817383,0.9167051315307617,1.1239694356918335,1.1392712593078613,1.5173563957214355,1.6201716661453247,1.9803825616836548,2.313737630844116,2.337740421295166,2.5888054370880127,2.425524950027466,2.763918876647949,2.8070003986358643,3.1820390224456787,3.205524444580078,2.9989447593688965,1.4530701637268066,1.626341462135315,1.4366936683654785,1.7556737661361694,1.7135714292526245,2.031083345413208,2.321610927581787,2.1863203048706055,2.4380412101745605,2.24483585357666,2.5088422298431396,2.5549983978271484,2.8895957469940186,2.814984083175659,2.6583762168884277,1.3836920261383057,1.4970977306365967,1.2118127346038818,1.4102178812026978,1.3586385250091553,1.5261571407318115,1.6653904914855957,1.9713737964630127,2.095935106277466,2.0234107971191406,2.227651596069336,2.4136877059936523,2.6692471504211426,2.6292314529418945,2.6014769077301025,0.8038591742515564,0.867786169052124,0.7103617787361145,0.8786315321922302,1.046819806098938,1.1476812362670898,1.5118201971054077,1.5839968919754028,1.951967477798462,1.998860239982605,2.313910961151123,2.5467803478240967,2.8496932983398438,2.9346022605895996,2.8797125816345215
A2,0.3787670433521271,0.0,0.38247212767601013,0.6182129979133606,0.9315388202667236,1.1655837297439575,1.5527573823928833,1.6916427612304688,1.9805021286010742,1.9719278812408447,2.345341920852661,2.4950013160705566,2.847642660140991,2.9971847534179688,2.8607754707336426,0.9706254601478577,1.055006980895996,1.0703481435775757,1.4038453102111816,1.479702353477478,1.8591547012329102,2.1565206050872803,2.1957638263702393,2.410370111465454,2.228909730911255,2.5739176273345947,2.586683750152588,2.9694952964782715,3.01143217086792,2.781432867050171,1.5643248558044434,1.667944073677063,1.4572652578353882,1.7432711124420166,1.650838017463684,1.9953901767730713,2.2551426887512207,2.0928525924682617,2.2973685264587402,2.05941104888916,2.315764904022217,2.3135616779327393,2.656583309173584,2.5741117000579834,2.383852005004883,1.5790091753005981,1.6225850582122803,1.2837624549865723,1.4262970685958862,1.277227520942688,1.4527218341827393,1.5196915864944458,1.789485216140747,1.8573001623153687,1.7481318712234497,1.9222077131271362,2.0872409343719482,2.332777261734009,2.2705233097076416,2.245112895965576,1.032167673110962,0.9622381925582886,0.6943507194519043,0.7081205248832703,0.7800641655921936,0.8177523016929626,1.1556867361068726,1.2166887521743774,1.5889219045639038,1.6603609323501587,1.9635438919067383,2.2178380489349365,2.505059242248535,2.604259729385376,2.571463108062744
A3,0.5937355756759644,0.38247212767601013,0.0,0.39177000522613525,0.6157432794570923,0.8945582509040833,1.274303913116455,1.3638668060302734,1.668117642402649,1.6501026153564453,2.017239809036255,2.1802661418914795,2.528287887573242,2.661036491394043,2.541381359100342,0.7778621315956116,0.7661969065666199,0.7108868360519409,1.0285757780075073,1.0992698669433594,1.476979374885559,1.780068278312683,1.8306224346160889,2.0607845783233643,1.9072654247283936,2.2633728981018066,2.311160087585449,2.6903955936431885,2.758788824081421,2.553946018218994,1.281022548675537,1.3324484825134277,1.1239182949066162,1.4042402505874634,1.3279788494110107,1.6941051483154297,1.9711583852767944,1.8461182117462158,2.053767681121826,1.8299965858459473,2.1251866817474365,2.1359751224517822,2.500211238861084,2.4696762561798096,2.272056818008423,1.402819275856018,1.4204492568969727,1.08304762840271,1.2586313486099243,1.0988225936889648,1.3613877296447754,1.4624887704849243,1.6692683696746826,1.749768614768982,1.5946204662322998,1.81810462474823,1.941962718963623,2.2334673404693604,2.187643051147461,2.104243040084839,1.0666189193725586,0.9974604845046997,0.6449134945869446,0.7283366918563843,0.6672332286834717,0.8429320454597473,1.1587234735488892,1.1200062036514282,1.469759225845337,1.4595025777816772,1.7687492370605469,1.981190800666809,2.2905356884002686,2.3558804988861084,2.292818307876587
A4,0.9260367155075073,0.6182129979133606,0.39177000522613525,0.0,0.36920979619026184,0.5500091910362244,0.9348975419998169,1.091294527053833,1.3857232332229614,1.4288264513015747,1.7907854318618774,1.9869775772094727,2.3131394386291504,2.4900777339935303,2.3975777626037598,0.9176885485649109,0.7619364261627197,0.7750183343887329,0.978895902633667,1.056980848312378,1.4216588735580444,1.6783921718597412,1.7810161113739014,1.9724568128585815,1.8277369737625122,2.1943182945251465,2.2222466468811035,2.6035468578338623,2.7128729820251465,2.492414712905884,1.4730879068374634,1.4703081846237183,1.2988089323043823,1.5396583080291748,1.4454809427261353,1.8293015956878662,2.0768935680389404,1.9491991996765137,2.097773313522339,1.833081603050232,2.124244451522827,2.0717787742614746,2.4471375942230225,2.421586513519287,2.176178455352783,1.7329097986221313,1.721056580543518,1.380637288093567,1.5182108879089355,1.290468692779541,1.5572024583816528,1.5856242179870605,1.7244740724563599,1.7283589839935303,1.5054898262023926,1.6847262382507324,1.743918538093567,2.0276570320129395,1.9334746599197388,1.8273966312408447,1.4493892192840576,1.3375134468078613,0.9685452580451965,0.9269699454307556,0.7194108366966248,0.791736900806427,0.9849255084991455,0.8501355648040771,1.191524863243103,1.1925355195999146,1.4570298194885254,1.6980605125427246,1.9762237071990967,2.0308420658111572,2.0082437992095947
A5,1.2077394723892212,0.9315388202667236,0.6157432794570923,0.36920979619026184,0.0,0.3908610939979553,0.70694500207901,0.7682856917381287,1.0555015802383423,1.070356845855713,1.4328415393829346,1.6300604343414307,1.9565576314926147,2.1236722469329834,2.0383427143096924,1.0535974502563477,0.794593334197998,0.6864217519760132,0.7520185708999634,0.7504999041557312,1.1071012020111084,1.3276878595352173,1.4332126379013062,1.611397624015808,1.4807069301605225,1.85220468044281,1.8989804983139038,2.2744359970092773,2.40850830078125,2.2073304653167725,1.417160153388977,1.321333885192871,1.142816185951233,1.3149116039276123,1.2026482820510864,1.5865600109100342,1.8154549598693848,1.7115432024002075,1.8347121477127075,1.5765044689178467,1.88962721824646,1.8381826877593994,2.2248640060424805,2.2478888034820557,1.9985650777816772,1.7144666910171509,1.648132562637329,1.3239398002624512,1.436324119567871,1.1864866018295288,1.4934945106506348,1.5240366458892822,1.5817807912826538,1.5815483331680298,1.315777063369751,1.533003807067871,1.5455982685089111,1.8694870471954346,1.8046609163284302,1.6418346166610718,1.5771576166152954,1.4409819841384888,1.0624345541000366,1.0277241468429565,0.7317601442337036,0.894871175289154,1.0272713899612427,0.8026414513587952,1.0675694942474365,0.9608508348464966,1.2327364683151245,1.4157066345214844,1.7222154140472412,1.7543883323669434,1.6911706924438477
A6,1.4504905939102173,1.1655837297439575,0.8945582509040833,0.5500091910362244,0.3908610939979553,0.0,0.39102703332901,0.6131534576416016,0.9225237965583801,1.0724340677261353,1.3893288373947144,1.6556131839752197,1.9290565252304077,2.1352760791778564,2.1089437007904053,1.1358861923217773,0.8166738748550415,0.8494887948036194,0.8214787244796753,0.913367509841919,1.1871728897094727,1.3744468688964844,1.5654034614562988,1.7247196435928345,1.6469697952270508,2.017662763595581,2.0695443153381348,2.4303600788116455,2.610839605331421,2.413644790649414,1.5761719942092896,1.4868513345718384,1.3950060606002808,1.5706714391708374,1.503321886062622,1.8846232891082764,2.1105499267578125,2.0331175327301025,2.1241562366485596,1.858720302581787,2.1653285026550293,2.069990873336792,2.455836772918701,2.487088918685913,2.2033026218414307,2.0255041122436523,1.9883768558502197,1.6860411167144775,1.8190842866897583,1.5721768140792847,1.8772963285446167,1.883438229560852,1.9115684032440186,1.863403558731079,1.5575324296951294,1.7213563919067383,1.6583421230316162,1.96016263961792,1.831653118133545,1.6368701457977295,1.9223746061325073,1.8099559545516968,1.4306269884109497,1.3835338354110718,1.0838885307312012,1.1545805931091309,1.188088059425354,0.890960156917572,1.1044738292694092,1.0084269046783447,1.168777346611023,1.371809482574463,1.6169248819351196,1.5940924882888794,1.5925259590148926
A7,1.8394315242767334,1.5527573823928833,1.274303913116455,0.9348975419998169,0.70694500207901,0.39102703332901,0.0,0.37047770619392395,0.6189596056938171,0.8754810094833374,1.124459147453308,1.4358576536178589,1.6548351049423218,1.8890979290008545,1.9124763011932373,1.4519587755203247,1.096038818359375,1.1103318929672241,0.9438976049423218,0.9944254755973816,1.1610440015792847,1.2492011785507202,1.4903976917266846,1.5971989631652832,1.5655875205993652,1.9177647829055786,1.974416971206665,2.3085527420043945,2.5359947681427,2.3556644916534424,1.7905828952789307,1.6432900428771973,1.5884088277816772,1.698192834854126,1.6335276365280151,1.9884402751922607,2.178007125854492,2.126453399658203,2.16571044921875,1.9041194915771484,2.2021117210388184,2.074028491973877,2.452425956726074,2.5197055339813232,2.216865301132202,2.2980594635009766,2.234518527984619,1.9548330307006836,2.0654349327087402,1.806765079498291,2.113882303237915,2.0970237255096436,2.0541274547576904,1.9685084819793701,1.6245036125183105,1.7637338638305664,1.6164357662200928,1.9152271747589111,1.7710380554199219,1.5173778533935547,2.272698163986206,2.146954298019409,1.7689799070358276,1.705472469329834,1.373300552368164,1.4351387023925781,1.3840233087539673,1.0326154232025146,1.1197917461395264,0.9582706689834595,1.0054166316986084,1.1546422243118286,1.3578097820281982,1.2698800563812256,1.288292646408081
A8,1.9504352807998657,1.6916427612304688,1.3638668060302734,1.091294527053833,0.7682856917381287,0.6131534576416016,0.37047770619392395,0.0,0.3761766254901886,0.5733899474143982,0.8171208500862122,1.1349425315856934,1.365201711654663,1.5606399774551392,1.5880402326583862,1.535071849822998,1.168036699295044,1.073486089706421,0.8087469935417175,0.7602593302726746,0.8575538992881775,0.8886325359344482,1.133446455001831,1.2368329763412476,1.2402082681655884,1.5899220705032349,1.6873873472213745,2.0077757835388184,2.2491278648376465,2.1045150756835938,1.6912517547607422,1.4743261337280273,1.4153435230255127,1.4529218673706055,1.3882806301116943,1.7141587734222412,1.8862546682357788,1.8708724975585938,1.9009648561477661,1.674940586090088,1.9905496835708618,1.894695520401001,2.272581100463867,2.389558792114258,2.1111481189727783,2.176994562149048,2.076451539993286,1.8297113180160522,1.9240919351577759,1.6818439960479736,2.0064995288848877,2.015361785888672,1.9243253469467163,1.8675037622451782,1.5230282545089722,1.7146867513656616,1.55732262134552,1.8953371047973633,1.8153976202011108,1.525148868560791,2.2601609230041504,2.1307623386383057,1.765390157699585,1.7332340478897095,1.3944981098175049,1.5361082553863525,1.5111004114151,1.1672126054763794,1.207753300666809,0.9416856169700623,1.0196524858474731,1.0501916408538818,1.310672640800476,1.1969189643859863,1.1131049394607544
A9,2.261329174041748,1.9805021286010742,1.668117642402649,1.3857232332229614,1.0555015802383423,0.9225237965583801,0.6189596056938171,0.3761766254901886,0.0,0.37036532163619995,0.5138018727302551,0.8436095714569092,1.0360020399093628,1.2826590538024902,1.3264895677566528,1.9059940576553345,1.5421867370605469,1.4243522882461548,1.1451436281204224,1.0164109468460083,1.045520305633545,0.9247886538505554,1.1384828090667725,1.12308669090271,1.1254379749298096,1.428396224975586,1.489837646484375,1.7815757989883423,2.0552704334259033,1.912397861480713,2.0195610523223877,1.7667535543441772,1.6871644258499146,1.6527758836746216,1.5428518056869507,1.8192100524902344,1.917876124382019,1.893079161643982,1.8489055633544922,1.6163251399993896,1.8930208683013916,1.753401279449463,2.1086277961730957,2.2501211166381836,1.9605836868286133,2.4503705501556396,2.306504964828491,2.0624732971191406,2.100189447402954,1.8330281972885132,2.1240501403808594,2.0873312950134277,1.9279459714889526,1.823542833328247,1.4618655443191528,1.6132588386535645,1.3862276077270508,1.7096107006072998,1.6399551630020142,1.3094121217727661,2.530545234680176,2.363351345062256,2.0092926025390625,1.931525468826294,1.5737031698226929,1.6872438192367554,1.5894709825515747,1.2379145622253418,1.1603370904922485,0.850215494632721,0.8259236812591553,0.7522655725479126,0.9919842481613159,0.8507876992225647,0.7386260628700256
A10,2.237102746963501,1.9719278812408447,1.6501026153564453,1.4288264513015747,1.070356845855713,1.0724340677261353,0.8754810094833374,0.5733899474143982,0.37036532163619995,0.0,0.37898820638656616,0.5852853059768677,0.8863866925239563,1.0816941261291504,1.0455769300460815,1.9626586437225342,1.6230567693710327,1.4218767881393433,1.153856635093689,0.9136531352996826,0.946282148361206,0.7743648290634155,0.8777158260345459,0.8162274956703186,0.7625543475151062,1.0734505653381348,1.1372008323669434,1.445925235748291,1.7029918432235718,1.5677053928375244,1.9760336875915527,1.6887214183807373,1.553300142288208,1.45180082321167,1.2900904417037964,1.5267398357391357,1.5816501379013062,1.549363613128662,1.4851006269454956,1.266282320022583,1.5478745698928833,1.4382271766662598,1.7942882776260376,1.964866280555725,1.7066370248794556,2.2887680530548096,2.0981740951538086,1.8657755851745605,1.8561134338378906,1.5910189151763916,1.8667867183685303,1.8351370096206665,1.6368714570999146,1.557027816772461,1.2129300832748413,1.4150917530059814,1.2178655862808228,1.5760796070098877,1.588196873664856,1.26763117313385,2.392287015914917,2.202610492706299,1.8751147985458374,1.799783706665039,1.4520968198776245,1.6162525415420532,1.547393560409546,1.2385733127593994,1.147995114326477,0.7847115397453308,0.863189160823822,0.7079540491104126,1.041365146636963,0.9834026098251343,0.7504475712776184
A11,2.60491681098938,2.345341920852661,2.017239809036255,1.7907854318618774,1.4328415393829346,1.3893288373947144,1.124459147453308,0.8171208500862122,0.5138018727302551,0.37898820638656616,0.0,0.3833439350128174,0.550592303276062,0.7701007127761841,0.8341015577316284,2.270702600479126,1.91847825050354,1.7264569997787476,1.4117108583450317,1.1852636337280273,1.1004912853240967,0.80701744556427,0.9291757941246033,0.7650243639945984,0.8281822800636292,1.0398600101470947,1.1312282085418701,1.3580142259597778,1.6738215684890747,1.5926728248596191,2.2197022438049316,1.9057955741882324,1.8131325244903564,1.666244626045227,1.5347719192504883,1.71266508102417,1.724074363708496,1.7382668256759644,1.6273523569107056,1.4579720497131348,1.7052613496780396,1.5886601209640503,1.9029473066329956,2.118983268737793,1.8720743656158447,2.570439100265503,2.3720414638519287,2.1752703189849854,2.1606638431549072,1.9152392148971558,2.1825554370880127,2.1490478515625,1.9081742763519287,1.8169564008712769,1.483217716217041,1.6551755666732788,1.404676914215088,1.7312488555908203,1.7512775659561157,1.4004595279693604,2.7419774532318115,2.558746576309204,2.239579200744629,2.171935558319092,1.826906681060791,1.9854612350463867,1.8899219036102295,1.5760122537612915,1.4322916269302368,1.0743091106414795,1.0447769165039062,0.7771757245063782,1.020836591720581,0.8712949752807617,0.5656002163887024
A12,2.7523794174194336,2.4950013160705566,2.1802661418914795,1.9869775772094727,1.6300604343414307,1.6556131839752197,1.4358576536178589,1.1349425315856934,0.8436095714569092,0.5852853059768677,0.3833439350128174,0.0,0.3901815712451935,0.5703128576278687,0.500749945640564,2.511540651321411,2.180124044418335,1.9447746276855469,1.657802700996399,1.3712931871414185,1.300657033920288,0.9805428385734558,0.9583151340484619,0.6665642261505127,0.6497177481651306,0.7507289052009583,0.787795901298523,0.9865239262580872,1.311813235282898,1.242655634880066,2.4119069576263428,2.0812551975250244,1.9399949312210083,1.7356088161468506,1.549193024635315,1.6570401191711426,1.5806931257247925,1.5733816623687744,1.392311453819275,1.2454605102539062,1.4396162033081055,1.3227273225784302,1.598179817199707,1.8512030839920044,1.6378116607666016,2.641944408416748,2.3974831104278564,2.210542678833008,2.1326563358306885,1.885596752166748,2.104372501373291,2.0468149185180664,1.750256061553955,1.6526243686676025,1.355405569076538,1.5226958990097046,1.2771848440170288,1.592159628868103,1.6873029470443726,1.3551079034805298,2.8031580448150635,2.5888960361480713,2.302844524383545,2.213726043701172,1.8846015930175781,2.049238681793213,1.9449928998947144,1.6765798330307007,1.490882158279419,1.1333950757980347,1.1283345222473145,0.7957985997200012,1.0504745244979858,0.9966121315956116,0.6339210271835327
A13,3.1088240146636963,2.847642660140991,2.528287887573242,2.3131394386291504,1.9565576314926147,1.9290565252304077,1.6548351049423218,1.365201711654663,1.0360020399093628,0.8863866925239563,0.550592303276062,0.3901815712451935,0.0,0.37636569142341614,0.5287964344024658,2.808488607406616,2.461380958557129,2.249901533126831,1.9309667348861694,1.6762175559997559,1.5441527366638184,1.1813725233078003,1.2056812047958374,0.8969197273254395,0.9837108850479126,0.9892900586128235,1.0367716550827026,1.110133171081543,1.4756927490234375,1.459885835647583,2.6925151348114014,2.3533082008361816,2.2540974617004395,2.041588068008423,1.890751838684082,1.9753812551498413,1.8857676982879639,1.9131410121917725,1.7127724885940552,1.6001368761062622,1.7587310075759888,1.6281416416168213,1.8541598320007324,2.1244115829467773,1.9151109457015991,2.9801981449127197,2.7433691024780273,2.57542085647583,2.508608102798462,2.2717700004577637,2.4908196926116943,2.4293696880340576,2.1200544834136963,2.0061731338500977,1.7130885124206543,1.8390467166900635,1.55251944065094,1.8191381692886353,1.893280267715454,1.5463693141937256,3.1800127029418945,2.9743661880493164,2.683317184448242,2.5964226722717285,2.2610883712768555,2.4093434810638428,2.2783639430999756,1.9933109283447266,1.7782448530197144,1.437886118888855,1.3466272354125977,0.9842631816864014,1.1126054525375366,0.9738854765892029,0.6243923902511597
A14,3.225998878479004,2.9971847534179688,2.661036491394043,2.4900777339935303,2.1236722469329834,2.1352760791778564,1.8890979290008545,1.5606399774551392,1.2826590538024902,1.0816941261291504,0.7701007127761841,0.5703128576278687,0.37636569142341614,0.0,0.3654654622077942,2.9035487174987793,2.571014642715454,2.3254506587982178,1.9962809085845947,1.7213430404663086,1.532548427581787,1.1415247917175293,1.0997354984283447,0.7630956768989563,0.9351024627685547,0.8459442257881165,0.9916642904281616,0.9811413288116455,1.351594090461731,1.426412582397461,2.6763947010040283,2.315606117248535,2.2280354499816895,1.9660470485687256,1.8389384746551514,1.8560264110565186,1.737477421760559,1.8232812881469727,1.6282250881195068,1.5991122722625732,1.7605557441711426,1.7036761045455933,1.904626727104187,2.21618914604187,2.0600180625915527,2.9299724102020264,2.6802687644958496,2.561380624771118,2.491858720779419,2.299532413482666,2.520456075668335,2.4994444847106934,2.1801021099090576,2.119946002960205,1.8647481203079224,2.0380055904388428,1.7949618101119995,2.0774009227752686,2.1947922706604004,1.862596869468689,3.216963052749634,3.0289034843444824,2.7625372409820557,2.7153899669647217,2.4033195972442627,2.5987367630004883,2.5121724605560303,2.2438223361968994,2.0584232807159424,1.7028603553771973,1.6686502695083618,1.313761830329895,1.4783549308776855,1.3479124307632446,0.9953832626342773
A15,3.0882997512817383,2.8607754707336426,2.541381359100342,2.3975777626037598,2.0383427143096924,2.1089437007904053,1.9124763011932373,1.5880402326583862,1.3264895677566528,1.0455769300460815,0.8341015577316284,0.500749945640564,0.5287964344024658,0.3654654622077942,0.0,2.863312005996704,2.551506757736206,2.2756235599517822,1.9867289066314697,1.6695040464401245,1.541197657585144,1.1835670471191406,1.044590950012207,0.6672213077545166,0.7074949741363525,0.5377439260482788,0.6321951150894165,0.6334995031356812,1.0004061460494995,1.0635383129119873,2.64072322845459,2.2833058834075928,2.138718366622925,1.8592349290847778,1.6754010915756226,1.6655350923538208,1.4946757555007935,1.5374605655670166,1.3029769659042358,1.278050184249878,1.4094150066375732,1.366146206855774,1.5536307096481323,1.8764594793319702,1.7476623058319092,2.7850918769836426,2.505265235900879,2.3761394023895264,2.260218620300293,2.0609517097473145,2.2445430755615234,2.2076168060302734,1.8672600984573364,1.8130390644073486,1.5917243957519531,1.7745563983917236,1.5682954788208008,1.8537015914916992,2.021451473236084,1.7201848030090332,3.0253281593322754,2.8123867511749268,2.570566415786743,2.5055758953094482,2.210897445678711,2.410325288772583,2.3319950103759766,2.102792978286743,1.9150311946868896,1.5671923160552979,1.586175560951233,1.2387478351593018,1.4552098512649536,1.4164161682128906,1.0508852005004883
B1,0.9167051315307617,0.9706254601478577,0.7778621315956116,0.9176885485649109,1.0535974502563477,1.1358861923217773,1.4519587755203247,1.535071849822998,1.9059940576553345,1.9626586437225342,2.270702600479126,2.511540651321411,2.808488607406616,2.9035487174987793,2.863312005996704,0.0,0.37808966636657715,0.5946342349052429,0.9261094927787781,1.2085741758346558,1.4633857011795044,1.8425406217575073,1.9803223609924316,2.2923121452331543,2.2589099407196045,2.62414813041687,2.7658028602600098,3.1205332279205322,3.2346701622009277,3.0901589393615723,0.8423367142677307,1.0539113283157349,1.081094741821289,1.4564638137817383,1.5739986896514893,1.9267948865890503,2.2854506969451904,2.2784059047698975,2.5320725440979004,2.3752481937408447,2.717226982116699,2.7622337341308594,3.139906167984009,3.163071632385254,2.964887857437134,1.3749253749847412,1.5513032674789429,1.3651468753814697,1.6876600980758667,1.654510736465454,1.9758386611938477,2.158597946166992,2.341583013534546,2.454615354537964,2.268928050994873,2.5201473236083984,2.5847558975219727,2.9028944969177246,2.8313450813293457,2.688021659851074,1.3788909912109375,1.5071144104003906,1.2386671304702759,1.4651613235473633,1.420283317565918,1.6093510389328003,1.8826409578323364,1.7626067399978638,2.0852303504943848,2.0138988494873047,2.262425422668457,2.4348347187042236,2.7258546352386475,2.6905953884124756,2.627326488494873
B2,1.1239694356918335,1.055006980895996,0.7661969065666199,0.7619364261627197,0.794593334197998,0.8166738748550415,1.096038818359375,1.168036699295044,1.5421867370605469,1.6230567693710327,1.91847825050354,2.180124044418335,2.461380958557129,2.571014642715454,2.551506757736206,0.37808966636657715,0.0,0.38131183385849,0.6169322729110718,0.9284031391143799,1.17467200756073,1.5319886207580566,1.7076208591461182,2.001932144165039,1.9861409664154053,2.3583450317382812,2.501974105834961,2.8530147075653076,2.9988794326782227,2.8565399646759033,0.894020140171051,0.972714900970459,1.00344979763031,1.3318696022033691,1.4301409721374512,1.8035151958465576,2.142068386077881,2.1422696113586426,2.3575539588928223,2.184457302093506,2.5345964431762695,2.5520029067993164,2.938462495803833,2.9848949909210205,2.7641067504882812,1.5108305215835571,1.6136826276779175,1.4023369550704956,1.6884905099868774,1.597996711730957,1.9465177059173584,2.096323251724243,2.2197980880737305,2.298797845840454,2.069300651550293,2.3165502548217773,2.334709405899048,2.6630263328552246,2.5831291675567627,2.4066805839538574,1.5668739080429077,1.6212846040725708,1.2968388795852661,1.464910864830017,1.3265401124954224,1.5193055868148804,1.7359122037887573,1.5519002676010132,1.8389308452606201,1.7317085266113281,1.953511118888855,2.1074135303497314,2.3904542922973633,2.3333051204681396,2.2711992263793945
B3,1.1392712593078613,1.0703481435775757,0.7108868360519409,0.7750183343887329,0.6864217519760132,0.8494887948036194,1.1103318929672241,1.073486089706421,1.4243522882461548,1.4218767881393433,1.7264569997787476,1.9447746276855469,2.249901533126831,2.3254506587982178,2.2756235599517822,0.5946342349052429,0.38131183385849,0.0,0.39256736636161804,0.6159430742263794,0.903271496295929,1.273700475692749,1.39239501953125,1.6987005472183228,1.6698596477508545,2.0344717502593994,2.1913137435913086,2.5380337238311768,2.666290760040283,2.5399434566497803,0.7404104471206665,0.7118254899978638,0.6526830792427063,0.9640578627586365,1.0494604110717773,1.4226170778274536,1.76255202293396,1.7719038724899292,2.000061273574829,1.852501630783081,2.211501359939575,2.263338565826416,2.6451175212860107,2.714195489883423,2.5199074745178223,1.2521276473999023,1.2946577072143555,1.0835353136062622,1.3584330081939697,1.279016137123108,1.6483052968978882,1.824945092201233,1.9250636100769043,2.037416696548462,1.8247166872024536,2.112553596496582,2.1482057571411133,2.498875856399536,2.4699547290802,2.2853596210479736,1.3947771787643433,1.4189238548278809,1.0962021350860596,1.2913638353347778,1.1440362930297852,1.4173086881637573,1.6562601327896118,1.4812639951705933,1.7458010911941528,1.5903656482696533,1.8533138036727905,1.9621329307556152,2.284579277038574,2.2454261779785156,2.1287901401519775
B4,1.5173563957214355,1.4038453102111816,1.0285757780075073,0.978895902633667,0.7520185708999634,0.8214787244796753,0.9438976049423218,0.8087469935417175,1.1451436281204224,1.153856635093689,1.4117108583450317,1.657802700996399,1.9309667348861694,1.9962809085845947,1.9867289066314697,0.9261094927787781,0.6169322729110718,0.39256736636161804,0.0,0.3703960180282593,0.5588240623474121,0.9201778173446655,1.1023086309432983,1.4080228805541992,1.4415724277496338,1.8039294481277466,1.9937070608139038,2.3193142414093018,2.491504192352295,2.3931384086608887,0.8826406002044678,0.6998270750045776,0.7143084406852722,0.8983889222145081,1.0015075206756592,1.3578094244003296,1.672088861465454,1.7268526554107666,1.9124020338058472,1.7782071828842163,2.1481587886810303,2.186190605163574,2.569831132888794,2.684566020965576,2.4782660007476807,1.475189447402954,1.462473750114441,1.2870322465896606,1.5179555416107178,1.4135853052139282,1.797529697418213,1.9523248672485352,1.9721602201461792,2.059100866317749,1.8048604726791382,2.0962703227996826,2.0699915885925293,2.4363088607788086,2.411301612854004,2.177137851715088,1.7281968593597412,1.7178151607513428,1.3887895345687866,1.5389684438705444,1.3218718767166138,1.5950825214385986,1.7649943828582764,1.525557518005371,1.7195719480514526,1.4970909357070923,1.7149654626846313,1.763407588005066,2.078739643096924,1.992364764213562,1.8526428937911987
B5,1.6201716661453247,1.479702353477478,1.0992698669433594,1.056980848312378,0.7504999041557312,0.913367509841919,0.9944254755973816,0.7602593302726746,1.0164109468460083,0.9136531352996826,1.1852636337280273,1.3712931871414185,1.6762175559997559,1.7213430404663086,1.6695040464401245,1.2085741758346558,0.9284031391143799,0.6159430742263794,0.3703960180282593,0.0,0.3901858329772949,0.6947454810142517,0.7922295331954956,1.0841476917266846,1.0837310552597046,1.4463986158370972,1.6347609758377075,1.9619567394256592,2.123666763305664,2.0303871631622314,1.0670069456100464,0.7953432202339172,0.6712726950645447,0.7059105038642883,0.710871160030365,1.0639764070510864,1.3396024703979492,1.3856393098831177,1.5501247644424438,1.4234122037887573,1.7962499856948853,1.848859429359436,2.22688364982605,2.363649845123291,2.174830675125122,1.4559413194656372,1.3493852615356445,1.1623529195785522,1.31610107421875,1.1830748319625854,1.5628854036331177,1.706186056137085,1.6745009422302246,1.7686679363250732,1.520448923110962,1.8368875980377197,1.8148342370986938,2.1945624351501465,2.216306447982788,1.9771019220352173,1.71040678024292,1.6395879983901978,1.3225339651107788,1.4379571676254272,1.1957887411117554,1.5034970045089722,1.6569645404815674,1.426176905632019,1.5734186172485352,1.307054042816162,1.552854299545288,1.5526231527328491,1.9001866579055786,1.84454345703125,1.6544294357299805
B6,1.9803825616836548,1.8591547012329102,1.476979374885559,1.4216588735580444,1.1071012020111084,1.1871728897094727,1.1610440015792847,0.8575538992881775,1.045520305633545,0.946282148361206,1.1004912853240967,1.300657033920288,1.5441527366638184,1.532548427581787,1.541197657585144,1.4633857011795044,1.17467200756073,0.903271496295929,0.5588240623474121,0.3901858329772949,0.0,0.40002384781837463,0.5892784595489502,0.9209635257720947,1.053173303604126,1.375471591949463,1.633168339729309,1.9090096950531006,2.1099843978881836,2.0764212608337402,1.159705638885498,0.8213010430335999,0.8265812993049622,0.747106671333313,0.8468253016471863,1.1016100645065308,1.3557759523391724,1.4901659488677979,1.6305854320526123,1.5653244256973267,1.935737133026123,2.0028316974639893,2.3635952472686768,2.5507054328918457,2.3727810382843018,1.6335926055908203,1.5258456468582153,1.4210381507873535,1.5738072395324707,1.4814369678497314,1.8555266857147217,2.0092687606811523,1.9274650812149048,2.0226824283599854,1.767493724822998,2.084390163421631,2.016741991043091,2.40075945854187,2.4331753253936768,2.1558213233947754,2.0290677547454834,1.9810713529586792,1.6864125728607178,1.8163740634918213,1.5736511945724487,1.878758192062378,2.0031397342681885,1.7461779117584229,1.841599941253662,1.5336618423461914,1.7225394248962402,1.6479432582855225,1.9749107360839844,1.8586184978485107,1.6333845853805542
B7,2.313737630844116,2.1565206050872803,1.780068278312683,1.6783921718597412,1.3276878595352173,1.3744468688964844,1.2492011785507202,0.8886325359344482,0.9247886538505554,0.7743648290634155,0.80701744556427,0.9805428385734558,1.1813725233078003,1.1415247917175293,1.1835670471191406,1.8425406217575073,1.5319886207580566,1.273700475692749,0.9201778173446655,0.6947454810142517,0.40002384781837463,0.0,0.3695221245288849,0.6005420088768005,0.826641321182251,1.104791283607483,1.383490800857544,1.618019700050354,1.864241361618042,1.860917568206787,1.5505821704864502,1.1975489854812622,1.1781691312789917,1.0009756088256836,1.0197700262069702,1.1895631551742554,1.3367795944213867,1.4838515520095825,1.5383102893829346,1.4873377084732056,1.8311185836791992,1.87502920627594,2.2138609886169434,2.442225456237793,2.2641332149505615,1.958744764328003,1.7997578382492065,1.697765827178955,1.7797232866287231,1.6547205448150635,1.9972343444824219,2.1070005893707275,1.9484069347381592,2.006669282913208,1.7351850271224976,2.032360792160034,1.9112910032272339,2.289008855819702,2.3414652347564697,2.033931255340576,2.341906785964966,2.251145601272583,1.96017324924469,2.0378661155700684,1.7620253562927246,2.044443368911743,2.1066174507141113,1.8292115926742554,1.843143343925476,1.4951220750808716,1.6289114952087402,1.4708868265151978,1.779518485069275,1.6396006345748901,1.3694006204605103
B8,2.337740421295166,2.1957638263702393,1.8306224346160889,1.7810161113739014,1.4332126379013062,1.5654034614562988,1.4903976917266846,1.133446455001831,1.1384828090667725,0.8777158260345459,0.9291757941246033,0.9583151340484619,1.2056812047958374,1.0997354984283447,1.044590950012207,1.9803223609924316,1.7076208591461182,1.39239501953125,1.1023086309432983,0.7922295331954956,0.5892784595489502,0.3695221245288849,0.0,0.3787037134170532,0.5800183415412903,0.8259605169296265,1.1387172937393188,1.3650012016296387,1.5700688362121582,1.5932694673538208,1.6190252304077148,1.2507404088974,1.14915132522583,0.8723199367523193,0.8201147317886353,0.8987053632736206,0.9872667193412781,1.1572047472000122,1.2088115215301514,1.2157660722732544,1.55441153049469,1.653320074081421,1.970726490020752,2.220205545425415,2.088031768798828,1.8513472080230713,1.6340429782867432,1.5558297634124756,1.5783805847167969,1.4743297100067139,1.7876900434494019,1.9100580215454102,1.7238566875457764,1.8202425241470337,1.5963618755340576,1.9221911430358887,1.8421567678451538,2.222487688064575,2.3326010704040527,2.048422336578369,2.2488040924072266,2.1360321044921875,1.8860507011413574,1.9647271633148193,1.7167284488677979,2.0279526710510254,2.1100547313690186,1.877558708190918,1.8820250034332275,1.5309373140335083,1.7106908559799194,1.529563307762146,1.8683741092681885,1.7863600254058838,1.4763597249984741
B9,2.5888054370880127,2.410370111465454,2.0607845783233643,1.9724568128585815,1.611397624015808,1.7247196435928345,1.5971989631652832,1.2368329763412476,1.12308669090271,0.8162274956703186,0.7650243639945984,0.6665642261505127,0.8969197273254395,0.7630956768989563,0.6672213077545166,2.2923121452331543,2.001932144165039,1.6987005472183228,1.4080228805541992,1.0841476917266846,0.9209635257720947,0.6005420088768005,0.3787037134170532,0.0,0.3707318902015686,0.5197125673294067,0.8377109169960022,1.0274487733840942,1.2805668115615845,1.3198976516723633,1.988463282585144,1.6246014833450317,1.4975597858428955,1.2127009630203247,1.0840784311294556,1.1099737882614136,1.0642887353897095,1.1885768175125122,1.1185686588287354,1.119454264640808,1.4034879207611084,1.4640426635742188,1.7501208782196045,2.032762289047241,1.902171015739441,2.1704025268554688,1.919480323791504,1.819034457206726,1.7744933366775513,1.6268264055252075,1.8899927139282227,1.9510821104049683,1.6950080394744873,1.74092435836792,1.512092113494873,1.8021317720413208,1.6790046691894531,2.0399742126464844,2.176009178161621,1.8805197477340698,2.5024821758270264,2.3445146083831787,2.0976996421813965,2.116415023803711,1.8451428413391113,2.119450569152832,2.1412301063537598,1.9066357612609863,1.8369762897491455,1.4718129634857178,1.6043766736984253,1.3555015325546265,1.6724786758422852,1.6046147346496582,1.2596921920776367
B10,2.425524950027466,2.228909730911255,1.9072654247283936,1.8277369737625122,1.4807069301605225,1.6469697952270508,1.5655875205993652,1.2402082681655884,1.1254379749298096,0.7625543475151062,0.8281822800636292,0.6497177481651306,0.9837108850479126,0.9351024627685547,0.7074949741363525,2.2589099407196045,1.9861409664154053,1.6698596477508545,1.4415724277496338,1.0837310552597046,1.053173303604126,0.826641321182251,0.5800183415412903,0.3707318902015686,0.0,0.37818053364753723,0.5812731385231018,0.8789661526679993,1.0759605169296265,1.0377358198165894,2.032163143157959,1.6932250261306763,1.48784339427948,1.220521092414856,0.9878189563751221,1.0301839113235474,0.9333750009536743,0.9455030560493469,0.8282349705696106,0.7642285823822021,1.0517348051071167,1.1048284769058228,1.4100056886672974,1.6753860712051392,1.5475763082504272,2.1005406379699707,1.819238543510437,1.6705354452133179,1.564575433731079,1.3724801540374756,1.5957040786743164,1.6174602508544922,1.3387795686721802,1.3736129999160767,1.1594312191009521,1.4586856365203857,1.3720684051513672,1.7352614402770996,1.9024349451065063,1.6407675743103027,2.3203330039978027,2.118610143661499,1.8838084936141968,1.8572262525558472,1.589978575706482,1.8511651754379272,1.8651527166366577,1.6686385869979858,1.5899651050567627,1.241961121559143,1.422743558883667,1.1997534036636353,1.5498061180114746,1.5658472776412964,1.2338320016860962
B11,2.763918876647949,2.5739176273345947,2.2633728981018066,2.1943182945251465,1.85220468044281,2.017662763595581,1.9177647829055786,1.5899220705032349,1.428396224975586,1.0734505653381348,1.0398600101470947,0.7507289052009583,0.9892900586128235,0.8459442257881165,0.5377439260482788,2.62414813041687,2.3583450317382812,2.0344717502593994,1.8039294481277466,1.4463986158370972,1.375471591949463,1.104791283607483,0.8259605169296265,0.5197125673294067,0.37818053364753723,0.0,0.37920230627059937,0.5450149774551392,0.7617828249931335,0.8243341445922852,2.3460335731506348,1.9963058233261108,1.7942636013031006,1.4844869375228882,1.256050705909729,1.1896477937698364,0.9738985300064087,1.0073579549789429,0.7874628305435181,0.8332017064094543,1.0119683742523193,1.0942387580871582,1.3113396167755127,1.6344345808029175,1.564070463180542,2.350688934326172,2.0424814224243164,1.9315259456634521,1.7818182706832886,1.616274118423462,1.7825332880020142,1.7883660793304443,1.459177851676941,1.492032527923584,1.3350249528884888,1.6009681224822998,1.5086338520050049,1.832420825958252,2.04714035987854,1.7963837385177612,2.596034288406372,2.3837032318115234,2.184213876724243,2.148974895477295,1.9020299911499023,2.1530845165252686,2.148513078689575,1.9746630191802979,1.8545929193496704,1.5174767971038818,1.6617425680160522,1.38861882686615,1.6976368427276611,1.7245486974716187,1.3700041770935059
B12,2.8070003986358643,2.586683750152588,2.311160087585449,2.2222466468811035,1.8989804983139038,2.0695443153381348,1.974416971206665,1.6873873472213745,1.489837646484375,1.1372008323669434,1.1312282085418701,0.787795901298523,1.0367716550827026,0.9916642904281616,0.6321951150894165,2.7658028602600098,2.501974105834961,2.1913137435913086,1.9937070608139038,1.6347609758377075,1.633168339729309,1.383490800857544,1.1387172937393188,0.8377109169960022,0.5812731385231018,0.37920230627059937,0.0,0.38624390959739685,0.5665725469589233,0.4978013336658478,2.578822374343872,2.249953269958496,2.0106260776519775,1.733343482017517,1.4518407583236694,1.4138332605361938,1.1687140464782715,1.082540512084961,0.770049512386322,0.7183167338371277,0.7817894816398621,0.7794380784034729,0.9682021141052246,1.2978968620300293,1.2252874374389648,2.531388282775879,2.2103805541992188,2.0534110069274902,1.8533165454864502,1.6379867792129517,1.7402867078781128,1.6681911945343018,1.2963722944259644,1.2600300312042236,1.1227757930755615,1.3318517208099365,1.2361900806427002,1.5231908559799194,1.7739778757095337,1.5558096170425415,2.658578634262085,2.4019808769226074,2.2097275257110596,2.1097323894500732,1.8597396612167358,2.0589652061462402,2.005974531173706,1.8636666536331177,1.6957141160964966,1.3936148881912231,1.5238616466522217,1.2532986402511597,1.5421545505523682,1.6438933610916138,1.3147830963134766
B13,3.1820390224456787,2.9694952964782715,2.6903955936431885,2.6035468578338623,2.2744359970092773,2.4303600788116455,2.3085527420043945,2.0077757835388184,1.7815757989883423,1.445925235748291,1.3580142259597778,0.9865239262580872,1.110133171081543,0.9811413288116455,0.6334995031356812,3.1205332279205322,2.8530147075653076,2.5380337238311768,2.3193142414093018,1.9619567394256592,1.9090096950531006,1.618019700050354,1.3650012016296387,1.0274487733840942,0.8789661526679993,0.5450149774551392,0.38624390959739685,0.0,0.37624967098236084,0.5291212201118469,2.880030393600464,2.5358760356903076,2.31643009185791,2.0075953006744385,1.7517008781433105,1.651611566543579,1.3572739362716675,1.3217226266860962,0.9877439141273499,1.0373142957687378,1.0141524076461792,1.0333442687988281,1.0935899019241333,1.4607797861099243,1.4450432062149048,2.821955442428589,2.491077184677124,2.371367931365967,2.1624534130096436,1.9781030416488647,2.058506727218628,1.9904886484146118,1.6049864292144775,1.572504997253418,1.47409188747406,1.6447417736053467,1.532339334487915,1.7689790725708008,2.0368080139160156,1.8216723203659058,2.9978644847869873,2.7466378211975098,2.5728843212127686,2.4814438819885254,2.241732120513916,2.439223051071167,2.3757035732269287,2.2349302768707275,2.04364275932312,1.7456774711608887,1.832015872001648,1.5245271921157837,1.7581193447113037,1.8393478393554688,1.501388430595398
