,A1,A2,A3,A4,A5,A6,A7,A8,A9,A10,A11,A12,A13,A14,A15,B1,B2,B3,B4,B5,B6,B7,B8,B9,B10,B11,B12,B13,B14,B15,C1,C2,C3,C4,C5,C6,C7,C8,C9,C10,C11,C12,C13,C14,C15,D1,D2,D3,D4,D5,D6,D7,D8,D9,D10,D11,D12,D13,D14,D15,E1,E2,E3,E4,E5,E6,E7,E8,E9,E10,E11,E12,E13,E14,E15
A1,0.0,0.37464267015457153,0.6214374303817749,0.9668939709663391,1.2716798782348633,1.5390310287475586,1.8935500383377075,1.786534309387207,1.5862133502960205,1.2366214990615845,1.1197081804275513,0.9415603280067444,1.0511811971664429,0.7462479472160339,0.6478853225708008,1.9770605564117432,2.050353527069092,1.7860300540924072,1.929241418838501,1.821065902709961,1.9622015953063965,2.0172767639160156,1.7552565336227417,1.5060445070266724,1.3998894691467285,1.4099247455596924,1.246830701828003,1.40986168384552,1.6642173528671265,1.47749924659729,1.387614369392395,1.0194803476333618,0.900798499584198,0.6412509679794312,0.5893293619155884,0.7741248607635498,0.9881548285484314,0.9563782215118408,1.0642808675765991,0.9972257614135742,1.197287678718567,1.4045205116271973,1.6439236402511597,1.595001459121704,1.6156246662139893,2.485166549682617,2.381519079208374,2.1313576698303223,2.2688162326812744,2.116084575653076,2.451618194580078,2.5017173290252686,2.130690097808838,2.0969581604003906,1.9196984767913818,2.2309470176696777,2.1364543437957764,2.4935390949249268,2.594358444213867,2.3183059692382812,2.3571832180023193,2.219801664352417,1.9464365243911743,1.949086308479309,1.6705412864685059,1.8591688871383667,1.7569535970687866,1.3881670236587524,1.4593521356582642,1.5002501010894775,1.8088198900222778,1.835115671157837,2.1720550060272217,2.356110095977783,2.1710853576660156
A2,0.37464267015457153,0.0,0.376207560300827,0.6469640135765076,0.9689237475395203,1.234946608543396,1.5927902460098267,1.5117131471633911,1.3577252626419067,1.0439563989639282,0.9962038397789001,0.9396728873252869,1.103345513343811,0.8645030856132507,0.8389732837677002,2.0638034343719482,2.0888137817382812,1.8133255243301392,1.922813057899475,1.762016773223877,1.9253437519073486,1.9365582466125488,1.6289035081863403,1.4488626718521118,1.376387119293213,1.4861916303634644,1.3652116060256958,1.6053749322891235,1.8395097255706787,1.628907561302185,1.024004340171814,0.6546269655227661,0.6146823763847351,0.4842875003814697,0.6356272101402283,0.9062566161155701,1.2097121477127075,1.1478391885757446,1.1445136070251465,0.9539837837219238,1.0768581628799438,1.2047178745269775,1.432306170463562,1.318589448928833,1.3207364082336426,2.3888497352600098,2.3233211040496826,2.0521740913391113,2.21694278717041,2.0734007358551025,2.3941917419433594,2.451693058013916,2.085205078125,1.9938207864761353,1.8100576400756836,2.0920965671539307,1.9655784368515015,2.30087947845459,2.4328317642211914,2.1535158157348633,2.244321346282959,2.1521823406219482,1.8615171909332275,1.905341386795044,1.6529662609100342,1.8333542346954346,1.7631267309188843,1.405003309249878,1.3796330690383911,1.3858754634857178,1.6350115537643433,1.6238932609558105,1.9317736625671387,2.145317316055298,1.9602172374725342
A3,0.6214374303817749,0.376207560300827,0.0,0.3755289614200592,0.6565789580345154,0.9257014989852905,1.2727634906768799,1.1771572828292847,0.989923894405365,0.671397864818573,0.6437406539916992,0.657827615737915,0.8823524713516235,0.764385998249054,0.757540762424469,1.8206111192703247,1.8351436853408813,1.5884318351745605,1.7223466634750366,1.5813665390014648,1.8076719045639038,1.8582849502563477,1.5214674472808838,1.365692138671875,1.2306036949157715,1.3828437328338623,1.2362467050552368,1.5365278720855713,1.7087053060531616,1.4554437398910522,0.9128265976905823,0.6199775338172913,0.5661416053771973,0.6136475801467896,0.701429545879364,1.0592975616455078,1.3298940658569336,1.160884141921997,1.1326698064804077,0.8764213919639587,1.0487936735153198,1.0873174667358398,1.3827210664749146,1.2784696817398071,1.1777607202529907,2.213456630706787,2.12609601020813,1.8159457445144653,1.9490000009536743,1.7746397256851196,2.0721654891967773,2.1099512577056885,1.7445619106292725,1.643344521522522,1.4886038303375244,1.7842649221420288,1.6956459283828735,2.0327908992767334,2.19999623298645,1.9555208683013916,1.9728718996047974,1.8719453811645508,1.5534470081329346,1.5838944911956787,1.333528995513916,1.4963709115982056,1.4501763582229614,1.1060829162597656,1.0261770486831665,1.0293370485305786,1.2679024934768677,1.2865960597991943,1.590182900428772,1.8146857023239136,1.6663671731948853
A4,0.9668939709663391,0.6469640135765076,0.3755289614200592,0.0,0.3738328218460083,0.5883982181549072,0.9510893821716309,0.9256222248077393,0.7987555861473083,0.6013495922088623,0.6679177284240723,0.859419584274292,1.0646672248840332,1.0243124961853027,1.0895988941192627,2.001896381378174,1.9810625314712524,1.751853585243225,1.8598356246948242,1.6867858171463013,1.9365872144699097,1.9529012441635132,1.584467887878418,1.5129021406173706,1.4050467014312744,1.6274540424346924,1.5112329721450806,1.8455100059509277,1.9865570068359375,1.7179734706878662,0.6552634835243225,0.485328733921051,0.6143582463264465,0.8374302387237549,1.0167652368545532,1.3718334436416626,1.6698611974716187,1.4948310852050781,1.4109851121902466,1.0943495035171509,1.1834557056427002,1.106146216392517,1.375506043434143,1.196606159210205,1.0341532230377197,2.2538609504699707,2.20011043548584,1.8696420192718506,2.009512186050415,1.835839033126831,2.092536211013794,2.117900848388672,1.7709654569625854,1.6157890558242798,1.4870877265930176,1.741974949836731,1.6393635272979736,1.9363290071487427,2.151127815246582,1.9247095584869385,1.9700499773025513,1.9152995347976685,1.5820497274398804,1.6392323970794678,1.4256621599197388,1.5442932844161987,1.5220129489898682,1.2332549095153809,1.047844409942627,1.0325149297714233,1.1597474813461304,1.1531932353973389,1.3888667821884155,1.663095235824585,1.5454018115997314
A5,1.2716798782348633,0.9689237475395203,0.6565789580345154,0.3738328218460083,0.0,0.37613049149513245,0.6485552191734314,0.5585745573043823,0.5127918124198914,0.4484623670578003,0.704296350479126,0.9568376541137695,1.2180739641189575,1.2721658945083618,1.296929121017456,1.9128553867340088,1.8381097316741943,1.6242725849151611,1.7012114524841309,1.5161857604980469,1.7961525917053223,1.8144973516464233,1.4341607093811035,1.428813099861145,1.3195903301239014,1.599579095840454,1.5223945379257202,1.8912615776062012,1.9910508394241333,1.728556752204895,0.6086866855621338,0.639304518699646,0.705679714679718,1.0164332389831543,1.1736247539520264,1.5319103002548218,1.8174842596054077,1.6023324728012085,1.460861086845398,1.1078252792358398,1.164341926574707,0.9800841808319092,1.2620693445205688,1.1001442670822144,0.838893473148346,2.0220251083374023,1.9815144538879395,1.6369102001190186,1.7762926816940308,1.6184853315353394,1.8448799848556519,1.889872431755066,1.574729561805725,1.3601549863815308,1.2290093898773193,1.4393545389175415,1.3351227045059204,1.60604727268219,1.8513824939727783,1.6562389135360718,1.6890490055084229,1.671164631843567,1.342620611190796,1.4428095817565918,1.2985492944717407,1.4215562343597412,1.4810453653335571,1.237013816833496,0.9618021249771118,0.8516678214073181,0.8739371299743652,0.8152215480804443,1.0235778093338013,1.305661916732788,1.2040901184082031
A6,1.5390310287475586,1.234946608543396,0.9257014989852905,0.5883982181549072,0.37613049149513245,0.0,0.3849060535430908,0.5312809944152832,0.49741286039352417,0.6340602040290833,0.7978782057762146,1.133725881576538,1.3117496967315674,1.413533329963684,1.517454743385315,2.1011698246002197,2.0441341400146484,1.882124900817871,1.9830548763275146,1.8225786685943604,2.1244261264801025,2.149177074432373,1.7683027982711792,1.7865874767303467,1.660172462463379,1.9344439506530762,1.8286418914794922,2.196747064590454,2.259777545928955,1.9676587581634521,0.794069766998291,0.9018774032592773,1.0589756965637207,1.3651032447814941,1.5247044563293457,1.8892743587493896,2.16762638092041,1.9393781423568726,1.8221908807754517,1.4762604236602783,1.5371785163879395,1.328558325767517,1.5867234468460083,1.3899933099746704,1.1051591634750366,2.289264678955078,2.2454683780670166,1.8835792541503906,1.9804459810256958,1.7871363162994385,1.9507250785827637,1.9337009191513062,1.6380833387374878,1.4284988641738892,1.3895177841186523,1.58531653881073,1.529850721359253,1.754102349281311,2.046532154083252,1.8974379301071167,1.8795679807662964,1.8643102645874023,1.5202559232711792,1.5786218643188477,1.4336529970169067,1.463882327079773,1.494737148284912,1.327918529510498,1.0177417993545532,0.9863483905792236,0.9106686115264893,0.9238796830177307,1.0032696723937988,1.3452049493789673,1.3388113975524902
A7,1.8935500383377075,1.5927902460098267,1.2727634906768799,0.9510893821716309,0.6485552191734314,0.3849060535430908,0.0,0.37661153078079224,0.5329099893569946,0.8347300887107849,1.0604877471923828,1.3992068767547607,1.5914111137390137,1.744361162185669,1.8270405530929565,2.1740527153015137,2.074594736099243,1.9459691047668457,2.017972230911255,1.859459400177002,2.1745691299438477,2.1974308490753174,1.8263139724731445,1.9042103290557861,1.784804344177246,2.0881686210632324,2.0124285221099854,2.3928771018981934,2.4186770915985107,2.136838436126709,0.9939339756965637,1.1971274614334106,1.3246378898620605,1.6589934825897217,1.808140754699707,2.1665594577789307,2.434687614440918,2.185938835144043,2.0358505249023438,1.682246446609497,1.7146862745285034,1.443048357963562,1.6777474880218506,1.4978293180465698,1.1646236181259155,2.2314183712005615,2.2047128677368164,1.8436614274978638,1.9240508079528809,1.7488011121749878,1.8504445552825928,1.8353261947631836,1.5987886190414429,1.3400893211364746,1.3369379043579102,1.4564749002456665,1.4193803071975708,1.5748515129089355,1.904868483543396,1.8113700151443481,1.7714006900787354,1.799772024154663,1.481310486793518,1.5667892694473267,1.5009033679962158,1.506959080696106,1.6040637493133545,1.5040897130966187,1.1493122577667236,1.0608253479003906,0.8390610814094543,0.8158042430877686,0.7444863319396973,1.1084917783737183,1.173518180847168
A8,1.786534309387207,1.5117131471633911,1.1771572828292847,0.9256222248077393,0.5585745573043823,0.5312809944152832,0.37661153078079224,0.0,0.3726602792739868,0.6524317264556885,0.9781928062438965,1.2598412036895752,1.5241154432296753,1.6832225322723389,1.6907382011413574,1.889953851699829,1.7528709173202515,1.6056526899337769,1.6522349119186401,1.4900990724563599,1.8104583024978638,1.8511298894882202,1.48900306224823,1.5708575248718262,1.4466966390609741,1.7630789279937744,1.719658613204956,2.105246067047119,2.127574920654297,1.8739511966705322,0.9639696478843689,1.139885663986206,1.1598150730133057,1.487105369567871,1.5957221984863281,1.9417057037353516,2.188765287399292,1.9266754388809204,1.7493388652801514,1.4008402824401855,1.4372979402542114,1.1522356271743774,1.4152724742889404,1.3045260906219482,0.9493778944015503,1.8629326820373535,1.828589916229248,1.468398928642273,1.5649358034133911,1.4183573722839355,1.551081895828247,1.5975596904754639,1.3618178367614746,1.066448450088501,0.9946342706680298,1.1054060459136963,1.0531550645828247,1.243492603302002,1.5585163831710815,1.459493637084961,1.4077587127685547,1.4427858591079712,1.137083888053894,1.273130178451538,1.2525204420089722,1.3331152200698853,1.4982779026031494,1.3652715682983398,1.0081610679626465,0.8093717694282532,0.5766319036483765,0.4525584280490875,0.48844364285469055,0.8191665410995483,0.8283257484436035
A9,1.5862133502960205,1.3577252626419067,0.989923894405365,0.7987555861473083,0.5127918124198914,0.49741286039352417,0.5329099893569946,0.3726602792739868,0.0,0.3709629774093628,0.63591068983078,0.9339577555656433,1.1713428497314453,1.3660974502563477,1.3946077823638916,1.6543278694152832,1.582918643951416,1.463216781616211,1.5920941829681396,1.4940381050109863,1.838398814201355,1.9390004873275757,1.5825867652893066,1.5774301290512085,1.3794944286346436,1.6377358436584473,1.5216456651687622,1.8963979482650757,1.898701786994934,1.6089116334915161,1.0876123905181885,1.1477404832839966,1.1413164138793945,1.4093022346496582,1.457159161567688,1.8229868412017822,2.0352954864501953,1.7451598644256592,1.6333916187286377,1.3163269758224487,1.4490116834640503,1.2395341396331787,1.563525915145874,1.4783172607421875,1.155226230621338,1.9757866859436035,1.875717043876648,1.4930064678192139,1.531680703163147,1.3075883388519287,1.4580698013305664,1.4419927597045898,1.148390769958496,0.9330635070800781,0.9230756759643555,1.1590059995651245,1.1913385391235352,1.4487700462341309,1.739185094833374,1.6375656127929688,1.472746729850769,1.4131232500076294,1.0550233125686646,1.09018075466156,0.9797230958938599,1.0257172584533691,1.144757628440857,1.0072497129440308,0.6492883563041687,0.5330818295478821,0.42005205154418945,0.5387220978736877,0.7002268433570862,0.9943903088569641,1.0285248756408691
A10,1.2366214990615845,1.0439563989639282,0.671397864818573,0.6013495922088623,0.4484623670578003,0.6340602040290833,0.8347300887107849,0.6524317264556885,0.3709629774093628,0.0,0.38447341322898865,0.610834002494812,0.9080514907836914,1.0560697317123413,1.04270601272583,1.4923473596572876,1.4559099674224854,1.2872620820999146,1.4422184228897095,1.348940134048462,1.6748336553573608,1.7901860475540161,1.43916654586792,1.3591830730438232,1.1399295330047607,1.3609424829483032,1.2170987129211426,1.5851112604141235,1.6273881196975708,1.3371750116348267,1.0323251485824585,0.9720308780670166,0.896618664264679,1.1014530658721924,1.1090120077133179,1.4793411493301392,1.682747483253479,1.3966662883758545,1.3142088651657104,1.0153930187225342,1.2052080631256104,1.0782960653305054,1.434744119644165,1.3781592845916748,1.1138899326324463,1.927186131477356,1.8060106039047241,1.4359052181243896,1.497228980064392,1.2740778923034668,1.5052956342697144,1.516634464263916,1.173092007637024,1.0208028554916382,0.9341325759887695,1.2378201484680176,1.2420990467071533,1.5625290870666504,1.795024037361145,1.6400812864303589,1.5002849102020264,1.39516019821167,1.033506155014038,1.052930474281311,0.8615593314170837,0.9890861511230469,1.0616481304168701,0.811919093132019,0.5350835919380188,0.4353967010974884,0.6008821725845337,0.6971173882484436,0.9870208501815796,1.217279076576233,1.161185622215271
A11,1.1197081804275513,0.9962038397789001,0.6437406539916992,0.6679177284240723,0.704296350479126,0.7978782057762146,1.0604877471923828,0.9781928062438965,0.63591068983078,0.38447341322898865,0.0,0.3671107590198517,0.5488607287406921,0.7374763488769531,0.815679132938385,1.4948173761367798,1.5539839267730713,1.4276670217514038,1.6540707349777222,1.6170769929885864,1.935815691947937,2.0805890560150146,1.7460803985595703,1.6052567958831787,1.3501617908477783,1.4846769571304321,1.2547041177749634,1.5766355991363525,1.6067864894866943,1.2749345302581787,1.2615474462509155,1.1212364435195923,1.079961895942688,1.195839285850525,1.1562398672103882,1.5245708227157593,1.6908857822418213,1.4023964405059814,1.4195340871810913,1.1843559741973877,1.436965823173523,1.3852691650390625,1.7436250448226929,1.6772152185440063,1.4505399465560913,2.2436678409576416,2.0856285095214844,1.7186497449874878,1.730934739112854,1.4544821977615356,1.6740739345550537,1.6100599765777588,1.2389084100723267,1.1974722146987915,1.1891899108886719,1.5400367975234985,1.5930681228637695,1.922579050064087,2.14690899848938,1.996267557144165,1.8013077974319458,1.6379798650741577,1.2680894136428833,1.1804728507995605,0.8852002620697021,0.926058292388916,0.8557172417640686,0.5837225317955017,0.42829978466033936,0.6017313003540039,0.8499236702919006,1.0481534004211426,1.309313416481018,1.5457205772399902,1.5259592533111572
A12,0.9415603280067444,0.9396728873252869,0.657827615737915,0.859419584274292,0.9568376541137695,1.133725881576538,1.3992068767547607,1.2598412036895752,0.9339577555656433,0.610834002494812,0.3671107590198517,0.0,0.38422882556915283,0.536381721496582,0.49055880308151245,1.2903896570205688,1.3974103927612305,1.2578941583633423,1.5182993412017822,1.5242855548858643,1.8167823553085327,1.997592568397522,1.701562523841858,1.4893463850021362,1.2029788494110107,1.250813603401184,0.9709218740463257,1.2537758350372314,1.2986164093017578,0.9687454700469971,1.4514883756637573,1.2397490739822388,1.1084896326065063,1.1121506690979004,0.9651811718940735,1.3021677732467651,1.4053698778152466,1.1024786233901978,1.190277338027954,1.0389097929000854,1.359804630279541,1.3964221477508545,1.764021635055542,1.7551883459091187,1.5782155990600586,2.2021584510803223,2.011434555053711,1.6722805500030518,1.6755324602127075,1.4050602912902832,1.6705759763717651,1.6303266286849976,1.2486820220947266,1.2731539011001587,1.2251471281051636,1.6037018299102783,1.6626532077789307,2.0227770805358887,2.1946380138397217,2.0277438163757324,1.812960147857666,1.6042137145996094,1.2642501592636108,1.1486581563949585,0.8133390545845032,0.9283286333084106,0.8361773490905762,0.46659326553344727,0.542662501335144,0.6942715048789978,1.046117901802063,1.2284880876541138,1.5455280542373657,1.7229417562484741,1.661865234375
A13,1.0511811971664429,1.103345513343811,0.8823524713516235,1.0646672248840332,1.2180739641189575,1.3117496967315674,1.5914111137390137,1.5241154432296753,1.1713428497314453,0.9080514907836914,0.5488607287406921,0.38422882556915283,0.0,0.3680853247642517,0.539180338382721,1.4640345573425293,1.6444910764694214,1.5621719360351562,1.8573238849639893,1.8946669101715088,2.1847660541534424,2.374542713165283,2.0831618309020996,1.8599495887756348,1.5698137283325195,1.5725061893463135,1.2539620399475098,1.4678248167037964,1.4845069646835327,1.1389979124069214,1.7078462839126587,1.4808887243270874,1.4109660387039185,1.387045979499817,1.2455697059631348,1.554856777191162,1.6268097162246704,1.3495111465454102,1.5056967735290527,1.3931937217712402,1.7158509492874146,1.766297698020935,2.125845432281494,2.090486764907837,1.9179130792617798,2.574460744857788,2.3672733306884766,2.026871919631958,1.9916435480117798,1.6859227418899536,1.9109933376312256,1.7979527711868286,1.422123670578003,1.5139284133911133,1.5398187637329102,1.928276777267456,2.0208334922790527,2.372793674468994,2.558846950531006,2.4053945541381836,2.153867721557617,1.9217700958251953,1.5783891677856445,1.3978486061096191,1.0312484502792358,1.0240569114685059,0.7840325236320496,0.5053098797798157,0.7028027176856995,0.9844513535499573,1.3048697710037231,1.5425660610198975,1.8196749687194824,2.0207738876342773,2.0020432472229004
A14,0.7462479472160339,0.8645030856132507,0.764385998249054,1.0243124961853027,1.2721658945083618,1.413533329963684,1.744361162185669,1.6832225322723389,1.3660974502563477,1.0560697317123413,0.7374763488769531,0.536381721496582,0.3680853247642517,0.0,0.36766716837882996,1.6813665628433228,1.8504067659378052,1.7094861268997192,1.9720591306686401,1.9706193208694458,2.216052532196045,2.369974136352539,2.084420680999756,1.8391917943954468,1.5944350957870483,1.5793311595916748,1.2797514200210571,1.458719253540039,1.5586488246917725,1.255697250366211,1.6549574136734009,1.366451621055603,1.3033839464187622,1.206566333770752,1.0776900053024292,1.353263258934021,1.4431790113449097,1.2352656126022339,1.4178142547607422,1.3315966129302979,1.6362097263336182,1.7435942888259888,2.07340669631958,2.0238053798675537,1.9110181331634521,2.6662821769714355,2.4845645427703857,2.1687674522399902,2.1850860118865967,1.9195390939712524,2.1853513717651367,2.1158292293548584,1.7358111143112183,1.7977323532104492,1.7603415250778198,2.1366543769836426,2.171588182449341,2.533428907394409,2.6957054138183594,2.498718500137329,2.334359884262085,2.122605562210083,1.7944520711898804,1.6627801656723022,1.3084957599639893,1.3637480735778809,1.1469351053237915,0.8383398056030273,1.0081995725631714,1.2234166860580444,1.552822232246399,1.7302641868591309,2.030675172805786,2.238481044769287,2.1677966117858887
A15,0.6478853225708008,0.8389732837677002,0.757540762424469,1.0895988941192627,1.296929121017456,1.517454743385315,1.8270405530929565,1.6907382011413574,1.3946077823638916,1.04270601272583,0.815679132938385,0.49055880308151245,0.539180338382721,0.36766716837882996,0.0,1.4505951404571533,1.6047443151474,1.4309207201004028,1.6830260753631592,1.6945322751998901,1.9138203859329224,2.086463451385498,1.8340853452682495,1.55302095413208,1.3006081581115723,1.2393288612365723,0.938167154788971,1.1003572940826416,1.2344273328781128,0.9658464789390564,1.6613110303878784,1.3612076044082642,1.1987602710723877,1.044792652130127,0.8193243145942688,1.066620945930481,1.1088712215423584,0.8759592175483704,1.0864540338516235,1.0602366924285889,1.3993641138076782,1.5540333986282349,1.886460781097412,1.897302508354187,1.8084969520568848,2.4013726711273193,2.21001935005188,1.923449993133545,1.953512191772461,1.7226618528366089,2.0262041091918945,2.01243257522583,1.6391080617904663,1.6988458633422852,1.6045244932174683,1.9750487804412842,1.9968724250793457,2.3718979358673096,2.4911949634552,2.283799171447754,2.1267282962799072,1.90647292137146,1.6143931150436401,1.5083222389221191,1.1782385110855103,1.3249951601028442,1.1845777034759521,0.8270376920700073,1.0200847387313843,1.1473991870880127,1.5153106451034546,1.6538201570510864,1.9964585304260254,2.153672695159912,2.0415570735931396
B1,1.9770605564117432,2.0638034343719482,1.8206111192703247,2.001896381378174,1.9128553867340088,2.1011698246002197,2.1740527153015137,1.889953851699829,1.6543278694152832,1.4923473596572876,1.4948173761367798,1.2903896570205688,1.4640345573425293,1.6813665628433228,1.4505951404571533,0.0,0.37620896100997925,0.6203546524047852,0.9754236936569214,1.2897858619689941,1.5541719198226929,1.9194660186767578,1.8146865367889404,1.5918461084365845,1.233036756515503,1.0911234617233276,0.8983786106109619,0.9841168522834778,0.665780782699585,0.571541428565979,2.4044106006622314,2.276693344116211,2.0036721229553223,1.9810490608215332,1.6897785663604736,1.8582494258880615,1.7304264307022095,1.3689249753952026,1.4453438520431519,1.5008429288864136,1.8281362056732178,1.8660637140274048,2.2120778560638428,2.3956139087677,2.203895092010498,1.8104079961776733,1.4622212648391724,1.2402902841567993,0.9987574219703674,0.7484918236732483,0.9450397491455078,0.9861767292022705,0.8205394744873047,1.047118902206421,1.0443114042282104,1.3317127227783203,1.5763014554977417,1.8819386959075928,1.9227161407470703,1.906681776046753,1.3748093843460083,1.0135822296142578,0.9376802444458008,0.6985572576522827,0.6945402026176453,0.9033897519111633,1.1072896718978882,1.0539733171463013,1.1939060688018799,1.1232820749282837,1.374541163444519,1.541205644607544,1.8269126415252686,1.746608018875122,1.7277112007141113
B2,2.050353527069092,2.0888137817382812,1.8351436853408813,1.9810625314712524,1.8381097316741943,2.0441341400146484,2.074594736099243,1.7528709173202515,1.582918643951416,1.4559099674224854,1.5539839267730713,1.3974103927612305,1.6444910764694214,1.8504067659378052,1.6047443151474,0.37620896100997925,0.0,0.3774348497390747,0.6642194390296936,0.9971937537193298,1.2691761255264282,1.6378802061080933,1.553483009338379,1.3807181119918823,1.0501481294631958,0.9799344539642334,0.9090244770050049,1.060666799545288,0.8093920350074768,0.7821874618530273,2.2905304431915283,2.2059051990509033,1.9171594381332397,1.9333778619766235,1.6739566326141357,1.8388006687164307,1.747812271118164,1.3970253467559814,1.3762797117233276,1.398302674293518,1.6722105741500854,1.66948401927948,1.9920401573181152,2.203091859817505,2.0065197944641113,1.4529950618743896,1.101000428199768,0.8864624500274658,0.6290744543075562,0.45382755994796753,0.7100993394851685,0.9042615294456482,0.7940771579742432,0.9001086950302124,0.8100084066390991,1.0256651639938354,1.2632057666778564,1.5488557815551758,1.562951922416687,1.5676707029342651,1.0176318883895874,0.6591796875,0.6758303046226501,0.5672730803489685,0.7355799674987793,1.013990044593811,1.3019230365753174,1.223598599433899,1.2597376108169556,1.0771337747573853,1.2628358602523804,1.3526886701583862,1.630199670791626,1.493312120437622,1.4465605020523071
B3,1.7860300540924072,1.8133255243301392,1.5884318351745605,1.751853585243225,1.6242725849151611,1.882124900817871,1.9459691047668457,1.6056526899337769,1.463216781616211,1.2872620820999146,1.4276670217514038,1.2578941583633423,1.5621719360351562,1.7094861268997192,1.4309207201004028,0.6203546524047852,0.3774348497390747,0.0,0.3798046410083771,0.6707540154457092,0.9453543424606323,1.3027772903442383,1.206270456314087,1.007539987564087,0.6756793856620789,0.6302841901779175,0.6350469589233398,0.8567120432853699,0.7347482442855835,0.7255566120147705,2.0153074264526367,1.9168949127197266,1.6020125150680542,1.6042400598526,1.3508247137069702,1.500938057899475,1.4377670288085938,1.1009172201156616,1.0238481760025024,1.0439629554748535,1.305600881576538,1.3288593292236328,1.6439708471298218,1.8700621128082275,1.7072118520736694,1.2402738332748413,0.9241096377372742,0.6957289576530457,0.6156890988349915,0.5554951429367065,0.9214121699333191,1.1648709774017334,0.9817365407943726,0.9769854545593262,0.7422125339508057,0.963464617729187,1.085886836051941,1.414328694343567,1.4066778421401978,1.3324817419052124,0.9290003180503845,0.6365854740142822,0.6181949973106384,0.6692594289779663,0.7749517560005188,1.1320029497146606,1.3944510221481323,1.2156283855438232,1.2233340740203857,0.9850835204124451,1.2043354511260986,1.2169772386550903,1.5465021133422852,1.4324594736099243,1.296884298324585
B4,1.929241418838501,1.922813057899475,1.7223466634750366,1.8598356246948242,1.7012114524841309,1.9830548763275146,2.017972230911255,1.6522349119186401,1.5920941829681396,1.4422184228897095,1.6540707349777222,1.5182993412017822,1.8573238849639893,1.9720591306686401,1.6830260753631592,0.9754236936569214,0.6642194390296936,0.3798046410083771,0.0,0.37639957666397095,0.6078836917877197,0.9785895943641663,0.9477981328964233,0.8117828369140625,0.593220055103302,0.6435525417327881,0.8353477716445923,1.0414868593215942,1.002822756767273,1.0651369094848633,2.001616954803467,1.939530611038208,1.6068331003189087,1.6282918453216553,1.4166477918624878,1.5226064920425415,1.4878690242767334,1.210512399673462,1.0280976295471191,1.0378788709640503,1.1973258256912231,1.1984297037124634,1.4522184133529663,1.7276462316513062,1.5940213203430176,0.8740749955177307,0.5693560242652893,0.4268271327018738,0.5229299068450928,0.6974819898605347,1.0392905473709106,1.371940016746521,1.243751049041748,1.14387047290802,0.8233283162117004,0.8953328132629395,0.9145948886871338,1.2087949514389038,1.1219700574874878,1.0312050580978394,0.7392542362213135,0.5746516585350037,0.7054016590118408,0.9151719808578491,1.0887384414672852,1.447496771812439,1.7323081493377686,1.5399903059005737,1.4916181564331055,1.1920278072357178,1.3399763107299805,1.2444472312927246,1.5565661191940308,1.3899840116500854,1.18329918384552
B5,1.821065902709961,1.762016773223877,1.5813665390014648,1.6867858171463013,1.5161857604980469,1.8225786685943604,1.859459400177002,1.4900990724563599,1.4940381050109863,1.348940134048462,1.6170769929885864,1.5242855548858643,1.8946669101715088,1.9706193208694458,1.6945322751998901,1.2897858619689941,0.9971937537193298,0.6707540154457092,0.37639957666397095,0.0,0.37978285551071167,0.6652926802635193,0.5759968757629395,0.5153980255126953,0.43383529782295227,0.6768925786018372,0.9363545179367065,1.1970031261444092,1.2562769651412964,1.2816075086593628,1.725151777267456,1.6895911693572998,1.3568902015686035,1.4130659103393555,1.2715611457824707,1.380141258239746,1.4305108785629272,1.2013556957244873,0.9227626919746399,0.8481807112693787,0.9035065174102783,0.8657884001731873,1.086538314819336,1.3764398097991943,1.2661880254745483,0.709679901599884,0.5642921924591064,0.4140731990337372,0.725753128528595,0.9161293506622314,1.2530208826065063,1.5870652198791504,1.4292316436767578,1.2452598810195923,0.8639542460441589,0.8810011148452759,0.7358457446098328,1.0391178131103516,0.9485456347465515,0.7538896203041077,0.7357038855552673,0.7330535650253296,0.7981592416763306,1.093685507774353,1.2376466989517212,1.5992913246154785,1.8711379766464233,1.6381347179412842,1.5328387022018433,1.1979409456253052,1.3089189529418945,1.1209661960601807,1.4371055364608765,1.2953146696090698,1.0072205066680908
B6,1.9622015953063965,1.9253437519073486,1.8076719045639038,1.9365872144699097,1.7961525917053223,2.1244261264801025,2.1745691299438477,1.8104583024978638,1.838398814201355,1.6748336553573608,1.935815691947937,1.8167823553085327,2.1847660541534424,2.216052532196045,1.9138203859329224,1.5541719198226929,1.2691761255264282,0.9453543424606323,0.6078836917877197,0.37978285551071167,0.0,0.3938930630683899,0.540651261806488,0.49497199058532715,0.6225011944770813,0.7681103348731995,1.111299753189087,1.2864705324172974,1.4001063108444214,1.5037659406661987,1.9086872339248657,1.8609448671340942,1.5109672546386719,1.5169767141342163,1.3793511390686035,1.3892152309417725,1.4133051633834839,1.270862102508545,0.9650780558586121,0.9783034324645996,0.9447816014289856,0.9818230271339417,1.087166428565979,1.4328041076660156,1.4120938777923584,0.6315688490867615,0.5959392786026001,0.6849575042724609,1.0043056011199951,1.2535918951034546,1.576013207435608,1.9309741258621216,1.7919846773147583,1.6193777322769165,1.2401092052459717,1.2111262083053589,1.0146331787109375,1.2450649738311768,1.0543407201766968,0.8229150176048279,0.995485246181488,1.0428071022033691,1.1690003871917725,1.455607295036316,1.5925891399383545,1.9612061977386475,2.219552516937256,1.9679765701293945,1.8871153593063354,1.5625486373901367,1.6803617477416992,1.467648983001709,1.7691168785095215,1.6134226322174072,1.295285940170288
B7,2.0172767639160156,1.9365582466125488,1.8582849502563477,1.9529012441635132,1.8144973516464233,2.149177074432373,2.1974308490753174,1.8511298894882202,1.9390004873275757,1.7901860475540161,2.0805890560150146,1.997592568397522,2.374542713165283,2.369974136352539,2.086463451385498,1.9194660186767578,1.6378802061080933,1.3027772903442383,0.9785895943641663,0.6652926802635193,0.3938930630683899,0.0,0.38450416922569275,0.5347165465354919,0.8362746834754944,1.0471930503845215,1.389497995376587,1.5788325071334839,1.7431498765945435,1.8252991437911987,1.799653172492981,1.7834559679031372,1.4558595418930054,1.4848977327346802,1.4343183040618896,1.4185879230499268,1.5177381038665771,1.4481805562973022,1.0968855619430542,1.0533905029296875,0.8685505390167236,0.8799813985824585,0.8424944281578064,1.2107268571853638,1.2630068063735962,0.7041757106781006,0.8567299246788025,0.9531527757644653,1.3183724880218506,1.5690702199935913,1.8790147304534912,2.23315691947937,2.0840609073638916,1.8659348487854004,1.4737361669540405,1.4033290147781372,1.1098296642303467,1.2831860780715942,1.0814896821975708,0.7735912203788757,1.2060058116912842,1.3372890949249268,1.433517575263977,1.7515002489089966,1.8735897541046143,2.2347443103790283,2.481566905975342,2.209160327911377,2.092999219894409,1.759822130203247,1.8418567180633545,1.5708540678024292,1.8445326089859009,1.7120603322982788,1.3526268005371094
B8,1.7552565336227417,1.6289035081863403,1.5214674472808838,1.584467887878418,1.4341607093811035,1.7683027982711792,1.8263139724731445,1.48900306224823,1.5825867652893066,1.43916654586792,1.7460803985595703,1.701562523841858,2.0831618309020996,2.084420680999756,1.8340853452682495,1.8146865367889404,1.553483009338379,1.206270456314087,0.9477981328964233,0.5759968757629395,0.540651261806488,0.38450416922569275,0.0,0.37244898080825806,0.6562331914901733,0.9750929474830627,1.2573782205581665,1.52297043800354,1.6886224746704102,1.6937170028686523,1.4292957782745361,1.4260114431381226,1.1108121871948242,1.1987587213516235,1.1947276592254639,1.2653151750564575,1.4376018047332764,1.3253130912780762,0.9625304341316223,0.7970768809318542,0.5880789756774902,0.5071169137954712,0.5548321604728699,0.8982117772102356,0.9014518857002258,0.8445698618888855,0.9501861333847046,0.8838228583335876,1.251093864440918,1.4290400743484497,1.7479724884033203,2.064138174057007,1.8758026361465454,1.6335769891738892,1.2432786226272583,1.2160109281539917,0.8974462151527405,1.1294561624526978,1.0394761562347412,0.6938648223876953,1.11228346824646,1.2339791059494019,1.234659194946289,1.5538718700408936,1.6408573389053345,1.98655104637146,2.2177865505218506,1.9376795291900635,1.7885717153549194,1.4566137790679932,1.5288490056991577,1.2475639581680298,1.5343321561813354,1.4577291011810303,1.0922423601150513
B9,1.5060445070266724,1.4488626718521118,1.365692138671875,1.5129021406173706,1.428813099861145,1.7865874767303467,1.9042103290557861,1.5708575248718262,1.5774301290512085,1.3591830730438232,1.6052567958831787,1.4893463850021362,1.8599495887756348,1.8391917943954468,1.55302095413208,1.5918461084365845,1.3807181119918823,1.007539987564087,0.8117828369140625,0.5153980255126953,0.49497199058532715,0.5347165465354919,0.37244898080825806,0.0,0.3737930655479431,0.6339700222015381,0.9274349808692932,1.1689530611038208,1.3695875406265259,1.3928096294403076,1.4976552724838257,1.4016664028167725,1.0393288135528564,1.024749994277954,0.9215167164802551,0.962103545665741,1.0857477188110352,0.9627118706703186,0.6024712920188904,0.5250769257545471,0.45796728134155273,0.5900390148162842,0.7593585252761841,1.0663948059082031,1.0806816816329956,1.0276411771774292,1.0108797550201416,0.9199950098991394,1.2310516834259033,1.3564268350601196,1.7167123556137085,2.0065224170684814,1.7824628353118896,1.604478359222412,1.2260868549346924,1.3025628328323364,1.0714013576507568,1.3718606233596802,1.2945530414581299,0.9883605241775513,1.2143710851669312,1.2262669801712036,1.1951560974121094,1.4522716999053955,1.4831774234771729,1.8463388681411743,2.0439937114715576,1.7385540008544922,1.654750943183899,1.3608920574188232,1.5258227586746216,1.319227695465088,1.6622339487075806,1.6102465391159058,1.2791627645492554
B10,1.3998894691467285,1.376387119293213,1.2306036949157715,1.4050467014312744,1.3195903301239014,1.660172462463379,1.784804344177246,1.4466966390609741,1.3794944286346436,1.1399295330047607,1.3501617908477783,1.2029788494110107,1.5698137283325195,1.5944350957870483,1.3006081581115723,1.233036756515503,1.0501481294631958,0.6756793856620789,0.593220055103302,0.43383529782295227,0.6225011944770813,0.8362746834754944,0.6562331914901733,0.3737930655479431,0.0,0.38365164399147034,0.6066341400146484,0.908419132232666,1.057033896446228,1.0401614904403687,1.537952184677124,1.4173169136047363,1.0591216087341309,1.0423787832260132,0.8507753610610962,0.9752062559127808,1.0398744344711304,0.7947783470153809,0.516840934753418,0.4494134485721588,0.6394608616828918,0.7362777590751648,1.0280303955078125,1.272459864616394,1.198075532913208,1.124318242073059,0.985614538192749,0.795261561870575,1.0160287618637085,1.0616252422332764,1.4390554428100586,1.6949776411056519,1.4501522779464722,1.317401647567749,0.9656941890716553,1.1325924396514893,1.0094116926193237,1.3625844717025757,1.3385438919067383,1.0987894535064697,1.0945779085159302,1.0046980381011963,0.9208642244338989,1.1226731538772583,1.1289005279541016,1.4982026815414429,1.6955901384353638,1.4003465175628662,1.3455358743667603,1.0675458908081055,1.2850083112716675,1.15576171875,1.5275696516036987,1.4843881130218506,1.2116056680679321
B11,1.4099247455596924,1.4861916303634644,1.3828437328338623,1.6274540424346924,1.599579095840454,1.9344439506530762,2.0881686210632324,1.7630789279937744,1.6377358436584473,1.3609424829483032,1.4846769571304321,1.250813603401184,1.5725061893463135,1.5793311595916748,1.2393288612365723,1.0911234617233276,0.9799344539642334,0.6302841901779175,0.6435525417327881,0.6768925786018372,0.7681103348731995,1.0471930503845215,0.9750929474830627,0.6339700222015381,0.38365164399147034,0.0,0.36846157908439636,0.5525707006454468,0.7412471771240234,0.8184576034545898,1.847556233406067,1.671870470046997,1.3079068660736084,1.1926188468933105,0.8979025483131409,0.9335261583328247,0.8481894731521606,0.579825222492218,0.4435367286205292,0.633473813533783,0.8993409872055054,1.0880757570266724,1.3561969995498657,1.6053926944732666,1.5616083145141602,1.3288532495498657,1.125402808189392,0.9990860223770142,1.131083369255066,1.1521039009094238,1.5329326391220093,1.7667675018310547,1.5238271951675415,1.4815806150436401,1.1787699460983276,1.3851531744003296,1.3322845697402954,1.6805734634399414,1.6241103410720825,1.4148355722427368,1.319594144821167,1.151121735572815,1.1011109352111816,1.2100448608398438,1.1780978441238403,1.5465790033340454,1.7092329263687134,1.41402268409729,1.4578415155410767,1.2452921867370605,1.5248031616210938,1.4652684926986694,1.8425922393798828,1.7901870012283325,1.5502713918685913
B12,1.246830701828003,1.3652116060256958,1.2362467050552368,1.5112329721450806,1.5223945379257202,1.8286418914794922,2.0124285221099854,1.719658613204956,1.5216456651687622,1.2170987129211426,1.2547041177749634,0.9709218740463257,1.2539620399475098,1.2797514200210571,0.938167154788971,0.8983786106109619,0.9090244770050049,0.6350469589233398,0.8353477716445923,0.9363545179367065,1.111299753189087,1.389497995376587,1.2573782205581665,0.9274349808692932,0.6066341400146484,0.36846157908439636,0.0,0.38670018315315247,0.5381280183792114,0.493805468082428,1.8574267625808716,1.648701548576355,1.3175466060638428,1.189186692237854,0.8536151051521301,0.9646605849266052,0.8576370477676392,0.49115073680877686,0.5676140785217285,0.7165831923484802,1.0747240781784058,1.249700903892517,1.5697808265686035,1.7586079835891724,1.6770743131637573,1.6233437061309814,1.3844387531280518,1.185508370399475,1.2280281782150269,1.128199577331543,1.4959384202957153,1.6478667259216309,1.3614835739135742,1.3880144357681274,1.1610459089279175,1.4545211791992188,1.4732707738876343,1.8428764343261719,1.846627116203308,1.6630727052688599,1.4645638465881348,1.2300115823745728,1.0935252904891968,1.0914218425750732,0.9606146216392517,1.3007092475891113,1.4084113836288452,1.105531930923462,1.2170342206954956,1.0854501724243164,1.4244304895401,1.4538300037384033,1.8356709480285645,1.8292031288146973,1.647115707397461
B13,1.40986168384552,1.6053749322891235,1.5365278720855713,1.8455100059509277,1.8912615776062012,2.196747064590454,2.3928771018981934,2.105246067047119,1.8963979482650757,1.5851112604141235,1.5766355991363525,1.2537758350372314,1.4678248167037964,1.458719253540039,1.1003572940826416,0.9841168522834778,1.060666799545288,0.8567120432853699,1.0414868593215942,1.1970031261444092,1.2864705324172974,1.5788325071334839,1.52297043800354,1.1689530611038208,0.908419132232666,0.5525707006454468,0.38670018315315247,0.0,0.37040066719055176,0.5433613061904907,2.203212261199951,1.9664160013198853,1.6311131715774536,1.4390933513641357,1.0714969635009766,1.065046787261963,0.8130641579627991,0.5334742665290833,0.7407384514808655,1.013990044593811,1.346272587776184,1.5738028287887573,1.8584164381027222,2.069713592529297,2.0260322093963623,1.827704668045044,1.5711485147476196,1.4453489780426025,1.4594773054122925,1.3842357397079468,1.7320997714996338,1.8777146339416504,1.6205352544784546,1.701467752456665,1.4973399639129639,1.7743258476257324,1.8059202432632446,2.162630319595337,2.1243319511413574,1.947951316833496,1.7408884763717651,1.4884343147277832,1.4103214740753174,1.373491883277893,1.2473849058151245,1.558526635169983,1.631901502609253,1.3541419506072998,1.5336778163909912,1.443963646888733,1.7899202108383179,1.8330270051956177,2.2111141681671143,2.1850345134735107,2.003347396850586
