,A1,A2,A3,A4,A5,A6,A7,A8,A9,A10,A11,A12,A13,A14,A15,B1,B2,B3,B4,B5,B6,B7,B8,B9,B10,B11,B12,B13,B14,B15,C1,C2,C3,C4,C5,C6,C7,C8,C9,C10,C11,C12,C13,C14,C15,D1,D2,D3,D4,D5,D6,D7,D8,D9,D10,D11,D12,D13,D14,D15,E1,E2,E3,E4,E5,E6,E7,E8,E9,E10,E11,E12,E13,E14,E15
A1,0.0,0.3967297673225403,0.5903196334838867,0.8594096302986145,1.0968060493469238,1.3695276975631714,1.5013666152954102,1.6425535678863525,1.9897301197052002,2.1328296661376953,2.24259090423584,2.3893532752990723,2.756514072418213,3.0140750408172607,3.2773303985595703,2.957249879837036,2.9463486671447754,2.576657772064209,2.593411445617676,2.6557517051696777,2.5215113162994385,2.1448988914489746,2.174710512161255,1.907244324684143,2.0947582721710205,1.8486963510513306,1.5422581434249878,1.4627074003219604,1.2642271518707275,1.0441100597381592,3.2705187797546387,2.936326742172241,2.8096113204956055,2.444443702697754,2.2830970287323,1.9382896423339844,1.9585742950439453,1.746918797492981,1.6245659589767456,1.4282164573669434,1.7031502723693848,1.7633188962936401,1.7718505859375,1.8445959091186523,2.15210223197937,2.274322748184204,1.963218092918396,1.8262357711791992,2.004528284072876,1.7576369047164917,1.972994327545166,1.91047203540802,2.2808477878570557,2.353811264038086,2.733290195465088,2.791233777999878,2.6125895977020264,2.916562557220459,2.8875327110290527,3.080585479736328,3.4374828338623047,3.1768271923065186,2.8930745124816895,2.861487865447998,2.552567481994629,2.5365195274353027,2.4232897758483887,2.6954352855682373,2.5670573711395264,2.8967132568359375,3.008545398712158,2.7236599922180176,2.868381977081299,2.6643004417419434,2.8279592990875244
A2,0.3967297673225403,0.0,0.37364548444747925,0.558194637298584,0.7236435413360596,1.021083950996399,1.2078343629837036,1.382369875907898,1.735067367553711,1.895796298980713,2.054030418395996,2.1799633502960205,2.5512404441833496,2.7887887954711914,3.0772855281829834,2.896472930908203,2.834995746612549,2.4580788612365723,2.4263033866882324,2.451120138168335,2.2789852619171143,1.903164029121399,1.9282313585281372,1.6278228759765625,1.8247071504592896,1.622194528579712,1.283516526222229,1.2148473262786865,0.9659642577171326,0.8254159092903137,2.9319608211517334,2.6145267486572266,2.4748101234436035,2.10422420501709,1.9817309379577637,1.6215629577636719,1.6172071695327759,1.3742437362670898,1.256022334098816,1.0363467931747437,1.319352149963379,1.4066778421401978,1.4511281251907349,1.5775033235549927,1.9027291536331177,2.3087239265441895,1.9793133735656738,1.7680516242980957,1.925416350364685,1.6697598695755005,1.8156538009643555,1.6822266578674316,2.0342414379119873,2.055798053741455,2.438587188720703,2.4743826389312744,2.2690141201019287,2.5556833744049072,2.5109031200408936,2.692809581756592,3.059237480163574,2.8107335567474365,2.5232276916503906,2.515211820602417,2.2146711349487305,2.226801633834839,2.1099460124969482,2.4065561294555664,2.306326150894165,2.6554453372955322,2.7586300373077393,2.487426280975342,2.669340133666992,2.501915216445923,2.6757216453552246
A3,0.5903196334838867,0.37364548444747925,0.0,0.3893798291683197,0.59967041015625,0.8627161383628845,0.9472672343254089,1.1585993766784668,1.4805576801300049,1.6875481605529785,1.809195637702942,1.898429274559021,2.2741832733154297,2.496746778488159,2.7702410221099854,2.526085376739502,2.4621100425720215,2.0851082801818848,2.0628504753112793,2.097032070159912,1.9445127248764038,1.5676681995391846,1.614534616470337,1.347409725189209,1.579124093055725,1.3846721649169922,1.0538119077682495,1.082249641418457,0.9310865998268127,0.8860394954681396,2.8149094581604004,2.482311964035034,2.311931848526001,1.9646161794662476,1.811178207397461,1.456586480140686,1.4222276210784912,1.245642900466919,1.0866413116455078,0.9774537086486816,1.2718356847763062,1.271154522895813,1.3491212129592896,1.4166958332061768,1.7639477252960205,1.9794825315475464,1.6357730627059937,1.4083423614501953,1.5531032085418701,1.3035589456558228,1.4583903551101685,1.341659665107727,1.7015451192855835,1.7663453817367554,2.1444177627563477,2.203745126724243,2.035780668258667,2.353661060333252,2.3525619506835938,2.5701684951782227,2.907866954803467,2.638688325881958,2.348121166229248,2.2913081645965576,1.9902138710021973,1.9539663791656494,1.8347128629684448,2.106832265853882,1.991855263710022,2.3271286487579346,2.4502310752868652,2.1852684020996094,2.364967107772827,2.2058582305908203,2.4089508056640625
A4,0.8594096302986145,0.558194637298584,0.3893798291683197,0.0,0.39024844765663147,0.525739848613739,0.6667896509170532,0.8273690342903137,1.1776646375656128,1.3526333570480347,1.521773099899292,1.6336909532546997,2.004117965698242,2.2380590438842773,2.5358331203460693,2.5832839012145996,2.464738607406616,2.082495927810669,2.0461947917938232,2.0074148178100586,1.8511101007461548,1.4874885082244873,1.5939198732376099,1.318547248840332,1.6036477088928223,1.4951505661010742,1.1427127122879028,1.230088472366333,1.0397762060165405,1.0961706638336182,2.4435651302337646,2.1083366870880127,1.957975149154663,1.6014295816421509,1.4467511177062988,1.091355562210083,1.1035559177398682,0.9320392608642578,0.8686767220497131,0.7869672775268555,1.1381878852844238,1.1880766153335571,1.3688112497329712,1.5051339864730835,1.8695729970932007,2.181553840637207,1.8107655048370361,1.5449892282485962,1.6049474477767944,1.2998090982437134,1.357493281364441,1.2022922039031982,1.5593574047088623,1.562545895576477,1.9500033855438232,2.0296988487243652,1.8226228952407837,2.1197407245635986,2.0796422958374023,2.3069183826446533,2.6970901489257812,2.463502883911133,2.1436495780944824,2.1117348670959473,1.853783369064331,1.8211174011230469,1.6428570747375488,1.9182898998260498,1.7902487516403198,2.146144151687622,2.2213704586029053,1.941899061203003,2.1289758682250977,1.9774869680404663,2.155919313430786
A5,1.0968060493469238,0.7236435413360596,0.59967041015625,0.39024844765663147,0.0,0.38003161549568176,0.633165180683136,0.9044191241264343,1.2083210945129395,1.4323471784591675,1.651139259338379,1.701507806777954,2.066312313079834,2.2479796409606934,2.5663599967956543,2.6279330253601074,2.4750819206237793,2.1025214195251465,1.9924746751785278,1.9398386478424072,1.7168902158737183,1.3631269931793213,1.4098138809204102,1.0845528841018677,1.3369100093841553,1.2704511880874634,0.909313440322876,0.9837796688079834,0.7697718739509583,0.9355730414390564,2.3110098838806152,2.015171766281128,1.8242008686065674,1.4676806926727295,1.4050970077514648,1.0295028686523438,0.9338786005973816,0.6769155859947205,0.5385499000549316,0.40576255321502686,0.748969554901123,0.8168401718139648,1.0212010145187378,1.213293433189392,1.5721462965011597,2.2705044746398926,1.924527645111084,1.6049007177352905,1.6862910985946655,1.4395017623901367,1.4321798086166382,1.1722677946090698,1.4656379222869873,1.399490237236023,1.7795042991638184,1.7947824001312256,1.5595382452011108,1.8352245092391968,1.7913869619369507,1.9893893003463745,2.3604624271392822,2.1236891746520996,1.8173158168792725,1.816928505897522,1.5455745458602905,1.5730019807815552,1.4337780475616455,1.75636625289917,1.701332926750183,2.071122407913208,2.163268804550171,1.9288524389266968,2.1743199825286865,2.0883495807647705,2.292056083679199
A6,1.3695276975631714,1.021083950996399,0.8627161383628845,0.525739848613739,0.38003161549568176,0.0,0.37219446897506714,0.5764775276184082,0.8686642050743103,1.0750963687896729,1.3251005411148071,1.3790974617004395,1.73155677318573,1.9190890789031982,2.2510855197906494,2.5732834339141846,2.377790927886963,2.009506940841675,1.9061614274978638,1.7847540378570557,1.585607647895813,1.263249158859253,1.3963872194290161,1.1170638799667358,1.4300974607467651,1.447431206703186,1.11445152759552,1.2744219303131104,1.1065627336502075,1.310644507408142,1.9639904499053955,1.651031732559204,1.4683164358139038,1.112695336341858,1.0255101919174194,0.6502980589866638,0.5992307662963867,0.41750842332839966,0.4667002558708191,0.534649133682251,0.8703134655952454,0.9316869378089905,1.2334893941879272,1.4278184175491333,1.7859792709350586,2.3586554527282715,1.9922223091125488,1.6622624397277832,1.65497887134552,1.369688868522644,1.273486614227295,1.003514051437378,1.2826663255691528,1.1712415218353271,1.5527067184448242,1.6163848638534546,1.3627244234085083,1.630036473274231,1.564131736755371,1.8000825643539429,2.2167670726776123,2.0138978958129883,1.673511266708374,1.6690690517425537,1.4615073204040527,1.4529471397399902,1.2347666025161743,1.5330002307891846,1.4460594654083252,1.8239489793777466,1.8676961660385132,1.6186355352401733,1.8629275560379028,1.7874189615249634,1.9729379415512085
A7,1.5013666152954102,1.2078343629837036,0.9472672343254089,0.6667896509170532,0.633165180683136,0.37219446897506714,0.0,0.38448113203048706,0.5990695953369141,0.8934581875801086,1.0722867250442505,1.075029730796814,1.4415158033370972,1.6220288276672363,1.9350892305374146,2.2318673133850098,2.028482437133789,1.6607083082199097,1.5824862718582153,1.4521905183792114,1.298802375793457,0.9807027578353882,1.1888943910598755,0.9891153573989868,1.3526009321212769,1.3904037475585938,1.1021422147750854,1.3521722555160522,1.2832350730895996,1.497374415397644,1.9683775901794434,1.6297365427017212,1.417239785194397,1.1185460090637207,0.9477147459983826,0.6243446469306946,0.5479743480682373,0.6085258722305298,0.5975834727287292,0.8255271911621094,1.1088402271270752,1.052496314048767,1.3580753803253174,1.4669504165649414,1.8266183137893677,2.0998923778533936,1.7270820140838623,1.3972837924957275,1.332133412361145,1.0415664911270142,0.9061033725738525,0.6520190834999084,0.9638935923576355,0.9255733489990234,1.310483455657959,1.438836693763733,1.2516072988510132,1.5685380697250366,1.5709325075149536,1.8593196868896484,2.2311503887176514,2.006956100463867,1.6664446592330933,1.582075834274292,1.3895471096038818,1.2873650789260864,1.0369209051132202,1.2798590660095215,1.1390162706375122,1.5057389736175537,1.5666719675064087,1.306809663772583,1.541261911392212,1.4665552377700806,1.6884416341781616
A8,1.6425535678863525,1.382369875907898,1.1585993766784668,0.8273690342903137,0.9044191241264343,0.5764775276184082,0.38448113203048706,0.0,0.3757983148097992,0.5452620983123779,0.7518823146820068,0.8535344004631042,1.2068955898284912,1.4526922702789307,1.770084261894226,2.3592209815979004,2.145782232284546,1.7882483005523682,1.7650587558746338,1.5851694345474243,1.500605821609497,1.232526183128357,1.5032073259353638,1.3476214408874512,1.7190687656402588,1.7697809934616089,1.485170602798462,1.7266799211502075,1.6276274919509888,1.8128702640533447,1.7985998392105103,1.4242558479309082,1.2803030014038086,0.9913283586502075,0.7115476727485657,0.4606291949748993,0.619057297706604,0.7704654335975647,0.9109045267105103,1.1016355752944946,1.4061732292175293,1.4013934135437012,1.7237157821655273,1.8499637842178345,2.2085018157958984,2.3036067485809326,1.9135810136795044,1.6246281862258911,1.4875290393829346,1.1373108625411987,0.9674458503723145,0.8268532156944275,1.1219897270202637,1.0744572877883911,1.4271879196166992,1.6209585666656494,1.4289308786392212,1.7103545665740967,1.6698131561279297,1.9737175703048706,2.3984644412994385,2.22078537940979,1.8614100217819214,1.789311408996582,1.6619219779968262,1.5367575883865356,1.2241674661636353,1.399269461631775,1.1860342025756836,1.5327322483062744,1.5099880695343018,1.1967980861663818,1.3704230785369873,1.2445857524871826,1.4046599864959717
A9,1.9897301197052002,1.735067367553711,1.4805576801300049,1.1776646375656128,1.2083210945129395,0.8686642050743103,0.5990695953369141,0.3757983148097992,0.0,0.38503938913345337,0.5383097529411316,0.516476571559906,0.8632208108901978,1.0811173915863037,1.406764030456543,2.2050466537475586,1.948148250579834,1.6202019453048706,1.5936920642852783,1.3519983291625977,1.3112660646438599,1.1222957372665405,1.4479480981826782,1.3735935688018799,1.7500808238983154,1.860334873199463,1.6289249658584595,1.918839693069458,1.87346613407135,2.0963010787963867,1.6350384950637817,1.26075279712677,1.0857799053192139,0.8966267704963684,0.5796583890914917,0.5149194002151489,0.6246553659439087,0.9294030070304871,1.0708744525909424,1.3448503017425537,1.5946300029754639,1.539254069328308,1.8811352252960205,1.9769725799560547,2.316295862197876,2.315112352371216,1.9411406517028809,1.6503645181655884,1.4409974813461304,1.1302472352981567,0.8478496670722961,0.7261961102485657,0.9221787452697754,0.8683851361274719,1.1673442125320435,1.4209047555923462,1.275001049041748,1.5498607158660889,1.5462852716445923,1.8835735321044922,2.277341365814209,2.1140382289886475,1.7592194080352783,1.6450036764144897,1.5816129446029663,1.401258945465088,1.050086498260498,1.1399595737457275,0.8829258680343628,1.2070327997207642,1.1464287042617798,0.8268651366233826,1.0149357318878174,0.944496750831604,1.1332811117172241
A10,2.1328296661376953,1.895796298980713,1.6875481605529785,1.3526333570480347,1.4323471784591675,1.0750963687896729,0.8934581875801086,0.5452620983123779,0.38503938913345337,0.0,0.36649882793426514,0.5572122931480408,0.8031399250030518,1.0989452600479126,1.4174286127090454,2.4901063442230225,2.2370667457580566,1.9251410961151123,1.9352086782455444,1.6752930879592896,1.6683276891708374,1.5030314922332764,1.8321141004562378,1.7486261129379272,2.1227915287017822,2.228086471557617,1.9767731428146362,2.242685079574585,2.154078483581543,2.353379249572754,1.503539800643921,1.1038159132003784,1.0445541143417358,0.8782102465629578,0.4819655418395996,0.5847635269165039,0.8578526377677917,1.1287152767181396,1.3512635231018066,1.571884274482727,1.843049168586731,1.8447188138961792,2.1955206394195557,2.3236167430877686,2.667753219604492,2.6210384368896484,2.2376515865325928,1.9786187410354614,1.7501455545425415,1.4073936939239502,1.1523339748382568,1.101020336151123,1.2826344966888428,1.2054930925369263,1.4613808393478394,1.7273578643798828,1.5593492984771729,1.7793868780136108,1.7155488729476929,2.0389606952667236,2.485541343688965,2.3709590435028076,2.0075628757476807,1.9319440126419067,1.9078948497772217,1.7467846870422363,1.3809936046600342,1.4418693780899048,1.1721996068954468,1.4504648447036743,1.3017481565475464,0.9631242752075195,1.0523500442504883,0.9228625297546387,0.982686460018158
A11,2.24259090423584,2.054030418395996,1.809195637702942,1.521773099899292,1.651139259338379,1.3251005411148071,1.0722867250442505,0.7518823146820068,0.5383097529411316,0.36649882793426514,0.0,0.36839449405670166,0.5883193612098694,0.9447706341743469,1.2019587755203247,2.2847325801849365,2.048556327819824,1.757243037223816,1.833667516708374,1.584637999534607,1.661047339439392,1.5253708362579346,1.886303424835205,1.8626981973648071,2.24263072013855,2.3334953784942627,2.109435796737671,2.400388479232788,2.3517651557922363,2.535316228866577,1.7586638927459717,1.3669565916061401,1.3071086406707764,1.2067962884902954,0.8176682591438293,0.923090934753418,1.1383106708526611,1.4295538663864136,1.5964101552963257,1.8382385969161987,2.113921642303467,2.0708377361297607,2.403899908065796,2.4825029373168945,2.8252320289611816,2.480379819869995,2.1047170162200928,1.8923057317733765,1.613270878791809,1.2753642797470093,1.028397798538208,1.105934500694275,1.281721591949463,1.3043253421783447,1.5214349031448364,1.8366535902023315,1.7378485202789307,1.984161615371704,1.9731991291046143,2.315030336380005,2.716717004776001,2.5830678939819336,2.232935667037964,2.103679656982422,2.080054998397827,1.8617640733718872,1.5051432847976685,1.4916236400604248,1.1617578268051147,1.3715018033981323,1.2215702533721924,0.8578162789344788,0.8288198709487915,0.6033592224121094,0.6631938815116882
A12,2.3893532752990723,2.1799633502960205,1.898429274559021,1.6336909532546997,1.701507806777954,1.3790974617004395,1.075029730796814,0.8535344004631042,0.516476571559906,0.5572122931480408,0.36839449405670166,0.0,0.37717166543006897,0.6485245227813721,0.9293954372406006,2.0404109954833984,1.765002965927124,1.4963045120239258,1.5430630445480347,1.259111762046814,1.3562953472137451,1.2815196514129639,1.6561360359191895,1.6893727779388428,2.057523488998413,2.187438488006592,2.0099542140960693,2.333388090133667,2.3356494903564453,2.5557682514190674,1.7328308820724487,1.3704421520233154,1.230197548866272,1.1938931941986084,0.8604323267936707,0.9778631329536438,1.0818660259246826,1.4265395402908325,1.5491336584091187,1.8490477800369263,2.079181432723999,1.9830374717712402,2.3156495094299316,2.3616783618927,2.683145761489868,2.3463644981384277,1.995763897895813,1.761766791343689,1.4566937685012817,1.1883392333984375,0.8593125343322754,0.9190187454223633,0.999382495880127,1.0398948192596436,1.2033952474594116,1.544295072555542,1.499932885169983,1.7546629905700684,1.8008739948272705,2.1585733890533447,2.500175714492798,2.3537678718566895,2.0228636264801025,1.8501595258712769,1.8514703512191772,1.5965911149978638,1.2472195625305176,1.1714003086090088,0.8249002695083618,1.0055012702941895,0.863453209400177,0.49670395255088806,0.5291666984558105,0.44357094168663025,0.6684098839759827
A13,2.756514072418213,2.5512404441833496,2.2741832733154297,2.004117965698242,2.066312313079834,1.73155677318573,1.4415158033370972,1.2068955898284912,0.8632208108901978,0.8031399250030518,0.5883193612098694,0.37717166543006897,0.0,0.3826313614845276,0.6265256404876709,2.1580896377563477,1.8624898195266724,1.6563589572906494,1.7182339429855347,1.4013348817825317,1.54926598072052,1.5522382259368896,1.9284148216247559,1.999442219734192,2.3536922931671143,2.5109031200408936,2.355553150177002,2.6871323585510254,2.697173595428467,2.9270429611206055,1.7029445171356201,1.3746182918548584,1.2790255546569824,1.3474520444869995,1.0452523231506348,1.258938193321228,1.3735719919204712,1.7363613843917847,1.8818283081054688,2.190403461456299,2.402822732925415,2.3066625595092773,2.64691162109375,2.6905558109283447,2.9979610443115234,2.5950467586517334,2.2669179439544678,2.0569748878479004,1.720840573310852,1.4926974773406982,1.1595011949539185,1.2455122470855713,1.2415826320648193,1.2646815776824951,1.328317642211914,1.689943552017212,1.6795076131820679,1.883823037147522,1.9316184520721436,2.2866151332855225,2.6097657680511475,2.5009403228759766,2.1863951683044434,2.0083911418914795,2.0711076259613037,1.8046549558639526,1.4599738121032715,1.3050470352172852,0.9716528058052063,1.0314229726791382,0.7835732698440552,0.4868769347667694,0.3125758767127991,0.3447903096675873,0.45994701981544495
A14,3.0140750408172607,2.7887887954711914,2.496746778488159,2.2380590438842773,2.2479796409606934,1.9190890789031982,1.6220288276672363,1.4526922702789307,1.0811173915863037,1.0989452600479126,0.9447706341743469,0.6485245227813721,0.3826313614845276,0.0,0.3688729405403137,2.0944132804870605,1.7565032243728638,1.6075445413589478,1.623396396636963,1.269529104232788,1.432340383529663,1.526468276977539,1.8858579397201538,2.0074462890625,2.330702543258667,2.531320810317993,2.4223766326904297,2.7700324058532715,2.816126823425293,3.076756477355957,1.7015671730041504,1.435716152191162,1.2890989780426025,1.4391635656356812,1.2210665941238403,1.4460463523864746,1.481874704360962,1.8638499975204468,1.983871579170227,2.325119733810425,2.488654136657715,2.359393358230591,2.695512294769287,2.719062328338623,2.9960479736328125,2.652768611907959,2.360222339630127,2.136920213699341,1.7956583499908447,1.64540433883667,1.2779399156570435,1.3234790563583374,1.1998827457427979,1.2048722505569458,1.1543956995010376,1.5207449197769165,1.5711711645126343,1.7424088716506958,1.8374254703521729,2.189683198928833,2.4435348510742188,2.3456361293792725,2.065073013305664,1.8580913543701172,1.9731686115264893,1.6898834705352783,1.3758349418640137,1.1390050649642944,0.8532474040985107,0.796666145324707,0.4817729890346527,0.36871373653411865,0.26297739148139954,0.6057682633399963,0.7602700591087341
A15,3.2773303985595703,3.0772855281829834,2.7702410221099854,2.5358331203460693,2.5663599967956543,2.2510855197906494,1.9350892305374146,1.770084261894226,1.406764030456543,1.4174286127090454,1.2019587755203247,0.9293954372406006,0.6265256404876709,0.3688729405403137,0.0,2.0350546836853027,1.7089638710021973,1.6304092407226562,1.6969085931777954,1.3683066368103027,1.604537844657898,1.7425445318222046,2.0979721546173096,2.2644448280334473,2.574254035949707,2.7687630653381348,2.6873056888580322,3.045182704925537,3.116760730743408,3.369697332382202,2.006821870803833,1.7644866704940796,1.6374377012252808,1.8055992126464844,1.582021951675415,1.8033548593521118,1.8367301225662231,2.217341423034668,2.3161256313323975,2.6624574661254883,2.825282335281372,2.6742656230926514,2.995542049407959,2.987395763397217,3.2530124187469482,2.70314359664917,2.4423270225524902,2.264509677886963,1.8973097801208496,1.7919718027114868,1.453230381011963,1.568646788597107,1.4252829551696777,1.4929100275039673,1.3937561511993408,1.7617199420928955,1.867175579071045,2.0347743034362793,2.1598150730133057,2.5074753761291504,2.7149133682250977,2.6145682334899902,2.3598556518554688,2.1242384910583496,2.2470362186431885,1.9378349781036377,1.6589375734329224,1.3747295141220093,1.1000487804412842,0.9269019961357117,0.6632750034332275,0.6665105819702148,0.4106721878051758,0.7066136002540588,0.8178170919418335
B1,2.957249879837036,2.896472930908203,2.526085376739502,2.5832839012145996,2.6279330253601074,2.5732834339141846,2.2318673133850098,2.3592209815979004,2.2050466537475586,2.4901063442230225,2.2847325801849365,2.0404109954833984,2.1580896377563477,2.0944132804870605,2.0350546836853027,0.0,0.40292638540267944,0.6062501072883606,0.8685068488121033,1.146359920501709,1.422511339187622,1.508907675743103,1.619188666343689,1.9270206689834595,2.0589699745178223,2.0652103424072266,2.183781147003174,2.503180503845215,2.773098945617676,2.927576780319214,3.554431915283203,3.262932777404785,2.987811803817749,2.9450933933258057,2.731502056121826,2.64711332321167,2.4941325187683105,2.714151382446289,2.5210793018341064,2.815753221511841,2.923760175704956,2.6110875606536865,2.7034006118774414,2.446098566055298,2.6055397987365723,1.0327532291412354,1.0910871028900146,1.1634761095046997,0.9853372573852539,1.3457077741622925,1.3943368196487427,1.6212694644927979,1.5441731214523315,1.9313198328018188,1.918882966041565,2.107588052749634,2.362152576446533,2.6951889991760254,2.9844939708709717,3.3000035285949707,3.3022425174713135,2.9859097003936768,2.8389437198638916,2.483860969543457,2.3517582416534424,2.008798122406006,2.0263328552246094,1.8593294620513916,1.7307515144348145,1.6017210483551025,1.8948335647583008,1.9018092155456543,1.9159735441207886,1.944918155670166,2.270392417907715
B2,2.9463486671447754,2.834995746612549,2.4621100425720215,2.464738607406616,2.4750819206237793,2.377790927886963,2.028482437133789,2.145782232284546,1.948148250579834,2.2370667457580566,2.048556327819824,1.765002965927124,1.8624898195266724,1.7565032243728638,1.7089638710021973,0.40292638540267944,0.0,0.3829857110977173,0.5825849771499634,0.7861608266830444,1.0989656448364258,1.2501529455184937,1.40085768699646,1.7287917137145996,1.883815050125122,1.9566428661346436,2.063333749771118,2.40963077545166,2.6649703979492188,2.862711191177368,3.2015814781188965,2.927992343902588,2.6446995735168457,2.6320815086364746,2.4395248889923096,2.3842380046844482,2.2194879055023193,2.4696834087371826,2.301016092300415,2.6260743141174316,2.721219778060913,2.411533832550049,2.544217824935913,2.3186264038085938,2.4882709980010986,1.2871990203857422,1.248634696006775,1.1953916549682617,0.951503574848175,1.2687485218048096,1.202960729598999,1.3861267566680908,1.2370555400848389,1.6058720350265503,1.5518985986709595,1.7569829225540161,2.0264482498168945,2.3437821865081787,2.638166666030884,2.957378387451172,2.9574975967407227,2.6594784259796143,2.509542942047119,2.1489691734313965,2.056762218475342,1.6977289915084839,1.6998767852783203,1.494646668434143,1.376626968383789,1.2147730588912964,1.5169371366500854,1.5609915256500244,1.604467511177063,1.6920137405395508,2.031308650970459
B3,2.576657772064209,2.4580788612365723,2.0851082801818848,2.082495927810669,2.1025214195251465,2.009506940841675,1.6607083082199097,1.7882483005523682,1.6202019453048706,1.9251410961151123,1.757243037223816,1.4963045120239258,1.6563589572906494,1.6075445413589478,1.6304092407226562,0.6062501072883606,0.3829857110977173,0.0,0.3957350552082062,0.6075846552848816,0.8869084715843201,0.9448146224021912,1.1372648477554321,1.4274201393127441,1.6288765668869019,1.682165503501892,1.7435024976730347,2.0942580699920654,2.3260879516601562,2.518965244293213,2.97066330909729,2.6755199432373047,2.3952536582946777,2.3410351276397705,2.136794328689575,2.0501270294189453,1.8917773962020874,2.1262691020965576,1.9564058780670166,2.2716782093048096,2.3898091316223145,2.0943915843963623,2.240553617477417,2.0376803874969482,2.246206045150757,1.1526782512664795,1.007112741470337,0.8825069069862366,0.5996734499931335,0.9003439545631409,0.8398536443710327,1.0297733545303345,0.945412278175354,1.3386667966842651,1.3661736249923706,1.5825376510620117,1.8005759716033936,2.1465888023376465,2.41253399848938,2.738293409347534,2.796511173248291,2.492435932159424,2.3051958084106445,1.9661800861358643,1.8371095657348633,1.4849953651428223,1.4504252672195435,1.3030240535736084,1.1496739387512207,1.0880353450775146,1.3883724212646484,1.360531210899353,1.4390382766723633,1.484798550605774,1.837606430053711
B4,2.593411445617676,2.4263033866882324,2.0628504753112793,2.0461947917938232,1.9924746751785278,1.9061614274978638,1.5824862718582153,1.7650587558746338,1.5936920642852783,1.9352086782455444,1.833667516708374,1.5430630445480347,1.7182339429855347,1.623396396636963,1.6969085931777954,0.8685068488121033,0.5825849771499634,0.3957350552082062,0.0,0.3884638249874115,0.558306097984314,0.6951531767845154,0.8245084285736084,1.160873293876648,1.3223530054092407,1.4360754489898682,1.5385313034057617,1.8961313962936401,2.1483161449432373,2.3819761276245117,2.825289249420166,2.5621583461761475,2.2481179237365723,2.2012879848480225,2.0592455863952637,1.95913565158844,1.739558458328247,1.961039423942566,1.7662655115127563,2.0970242023468018,2.161863088607788,1.8439422845840454,1.9839832782745361,1.7769527435302734,1.9579250812530518,1.3214012384414673,1.1888176202774048,0.9570419192314148,0.77813321352005,1.0562809705734253,0.922642707824707,0.9460734128952026,0.753582775592804,1.1095428466796875,1.1000795364379883,1.2533560991287231,1.5005542039871216,1.8375834226608276,2.1309330463409424,2.4376111030578613,2.4485390186309814,2.131730318069458,1.9716600179672241,1.6214158535003662,1.4905394315719604,1.1413930654525757,1.1747452020645142,1.041127324104309,0.9940218925476074,0.9548583030700684,1.304883599281311,1.33501136302948,1.5072979927062988,1.6207979917526245,1.9843931198120117
B5,2.6557517051696777,2.451120138168335,2.097032070159912,2.0074148178100586,1.9398386478424072,1.7847540378570557,1.4521905183792114,1.5851694345474243,1.3519983291625977,1.6752930879592896,1.584637999534607,1.259111762046814,1.4013348817825317,1.269529104232788,1.3683066368103027,1.146359920501709,0.7861608266830444,0.6075846552848816,0.3884638249874115,0.0,0.38532087206840515,0.6249837875366211,0.87274569272995,1.1737669706344604,1.3920937776565552,1.5719186067581177,1.6198570728302002,1.991358757019043,2.1957623958587646,2.460543632507324,2.4724204540252686,2.2197213172912598,1.9078530073165894,1.9012601375579834,1.7675199508666992,1.7199541330337524,1.5126763582229614,1.7869000434875488,1.6534004211425781,2.0149991512298584,2.087090015411377,1.7988946437835693,2.0050156116485596,1.8640974760055542,2.069859266281128,1.6623432636260986,1.4720789194107056,1.2080532312393188,0.9644956588745117,1.1109851598739624,0.8428467512130737,0.8172193169593811,0.5165687203407288,0.8356983065605164,0.7735671997070312,1.0053703784942627,1.2517231702804565,1.5716501474380493,1.8541511297225952,2.1795654296875,2.225001573562622,1.9467532634735107,1.7581775188446045,1.411149263381958,1.352347493171692,0.9790125489234924,0.9264537692070007,0.7136312127113342,0.6361318826675415,0.5687758922576904,0.9215964078903198,0.9803979992866516,1.1867231130599976,1.3577709197998047,1.716485857963562
B6,2.5215113162994385,2.2789852619171143,1.9445127248764038,1.8511101007461548,1.7168902158737183,1.585607647895813,1.298802375793457,1.500605821609497,1.3112660646438599,1.6683276891708374,1.661047339439392,1.3562953472137451,1.54926598072052,1.432340383529663,1.604537844657898,1.422511339187622,1.0989656448364258,0.8869084715843201,0.558306097984314,0.38532087206840515,0.0,0.3775307834148407,0.5547492504119873,0.8495916128158569,1.0492326021194458,1.2787288427352905,1.3350499868392944,1.7004573345184326,1.9068975448608398,2.2001545429229736,2.3531079292297363,2.1215875148773193,1.7813674211502075,1.7434163093566895,1.6744078397750854,1.5800570249557495,1.30910062789917,1.5407606363296509,1.372671365737915,1.734583854675293,1.761145830154419,1.459236979484558,1.661891222000122,1.5350098609924316,1.7322516441345215,1.7598786354064941,1.5595868825912476,1.2279163599014282,1.084336757659912,1.1999831199645996,0.9391312003135681,0.7384076714515686,0.39338240027427673,0.6097483038902283,0.5891897678375244,0.7084460258483887,0.9431060552597046,1.2811615467071533,1.5747950077056885,1.8795139789581299,1.9118930101394653,1.60820472240448,1.42308509349823,1.0794209241867065,0.9770678877830505,0.609119713306427,0.6313678622245789,0.5350287556648254,0.6237155795097351,0.7150840163230896,1.0464648008346558,1.099796175956726,1.3887850046157837,1.5615754127502441,1.9114948511123657
B7,2.1448988914489746,1.903164029121399,1.5676681995391846,1.4874885082244873,1.3631269931793213,1.263249158859253,0.9807027578353882,1.232526183128357,1.1222957372665405,1.5030314922332764,1.5253708362579346,1.2815196514129639,1.5522382259368896,1.526468276977539,1.7425445318222046,1.508907675743103,1.2501529455184937,0.9448146224021912,0.6951531767845154,0.6249837875366211,0.3775307834148407,0.0,0.3830331563949585,0.571496307849884,0.8652117252349854,1.0308430194854736,1.0174487829208374,1.389838695526123,1.5748603343963623,1.8525311946868896,2.3394155502319336,2.0723888874053955,1.747179388999939,1.6279734373092651,1.5342823266983032,1.3673664331436157,1.0982446670532227,1.2800884246826172,1.0764344930648804,1.420312762260437,1.4864588975906372,1.1918137073516846,1.3982510566711426,1.2872838973999023,1.5416618585586548,1.6264008283615112,1.3709602355957031,0.9999547600746155,0.9106574058532715,0.9568275809288025,0.7446613907814026,0.46063151955604553,0.32741978764533997,0.57234126329422,0.771018922328949,0.8698946237564087,0.9667456746101379,1.3462765216827393,1.579417109489441,1.8827089071273804,1.9964330196380615,1.681418776512146,1.4507321119308472,1.166210412979126,0.9656157493591309,0.6642609238624573,0.6248732805252075,0.7171355485916138,0.7186340689659119,0.947784960269928,1.2233575582504272,1.164040446281433,1.4508957862854004,1.5425723791122437,1.8855782747268677
B8,2.174710512161255,1.9282313585281372,1.614534616470337,1.5939198732376099,1.4098138809204102,1.3963872194290161,1.1888943910598755,1.5032073259353638,1.4479480981826782,1.8321141004562378,1.886303424835205,1.6561360359191895,1.9284148216247559,1.8858579397201538,2.0979721546173096,1.619188666343689,1.40085768699646,1.1372648477554321,0.8245084285736084,0.87274569272995,0.5547492504119873,0.3830331563949585,0.0,0.37302809953689575,0.5240139365196228,0.7243831753730774,0.8196876645088196,1.172795295715332,1.4231961965560913,1.7125883102416992,2.562455415725708,2.32613468170166,1.9849437475204468,1.8505773544311523,1.8141947984695435,1.6095515489578247,1.2961797714233398,1.3911354541778564,1.1116842031478882,1.4126338958740234,1.399412989616394,1.0544856786727905,1.1749205589294434,0.9963285326957703,1.2018839120864868,1.6224968433380127,1.4270274639129639,1.0491886138916016,1.090259313583374,1.208368182182312,1.0829720497131348,0.8005211353302002,0.692656397819519,0.8237212896347046,0.972816526889801,0.9203991293907166,1.0270317792892456,1.3812751770019531,1.6378612518310547,1.8901329040527344,1.9266477823257446,1.5694773197174072,1.3982847929000854,1.1211553812026978,0.8388796448707581,0.6219833493232727,0.7773057818412781,0.933874785900116,1.0489979982376099,1.2466009855270386,1.5441266298294067,1.5255990028381348,1.8246108293533325,1.9255633354187012,2.26812481880188
B9,1.907244324684143,1.6278228759765625,1.347409725189209,1.318547248840332,1.0845528841018677,1.1170638799667358,0.9891153573989868,1.3476214408874512,1.3735935688018799,1.7486261129379272,1.8626981973648071,1.6893727779388428,1.999442219734192,2.0074462890625,2.2644448280334473,1.9270206689834595,1.7287917137145996,1.4274201393127441,1.160873293876648,1.1737669706344604,0.8495916128158569,0.571496307849884,0.37302809953689575,0.0,0.38270455598831177,0.5501554608345032,0.5140450596809387,0.8649722337722778,1.0718296766281128,1.3821924924850464,2.465754270553589,2.2260706424713135,1.8992608785629272,1.7040916681289673,1.6933977603912354,1.432735562324524,1.110703706741333,1.1150983572006226,0.7922351360321045,1.0574826002120972,1.0390818119049072,0.6959086656570435,0.8357868194580078,0.7263733148574829,1.006539225578308,1.7848422527313232,1.548274278640747,1.1560752391815186,1.247169852256775,1.2675578594207764,1.1699600219726562,0.8263128995895386,0.8476502299308777,0.8686171174049377,1.1174267530441284,1.0326050519943237,1.0018854141235352,1.3478134870529175,1.5342313051223755,1.7622510194778442,1.871856451034546,1.5235965251922607,1.3165454864501953,1.1288235187530518,0.7858626842498779,0.7107248306274414,0.8102343082427979,1.087971568107605,1.1907587051391602,1.4665954113006592,1.7111259698867798,1.639594316482544,1.9522595405578613,2.017019033432007,2.334977149963379
B10,2.0947582721710205,1.8247071504592896,1.579124093055725,1.6036477088928223,1.3369100093841553,1.4300974607467651,1.3526009321212769,1.7190687656402588,1.7500808238983154,2.1227915287017822,2.24263072013855,2.057523488998413,2.3536922931671143,2.330702543258667,2.574254035949707,2.0589699745178223,1.883815050125122,1.6288765668869019,1.3223530054092407,1.3920937776565552,1.0492326021194458,0.8652117252349854,0.5240139365196228,0.38270455598831177,0.0,0.3729082942008972,0.5583417415618896,0.8067033886909485,1.0932965278625488,1.4023594856262207,2.7263026237487793,2.5217857360839844,2.182979106903076,2.0018441677093506,2.035597324371338,1.7754048109054565,1.43617582321167,1.3950995206832886,1.0534956455230713,1.2491041421890259,1.1286978721618652,0.7623357176780701,0.7431313991546631,0.5172874331474304,0.6869416236877441,1.8729915618896484,1.7060803174972534,1.3367862701416016,1.4924728870391846,1.5816315412521362,1.5151915550231934,1.193703055381775,1.1593965291976929,1.166256070137024,1.3389499187469482,1.1622262001037598,1.1679409742355347,1.4584856033325195,1.6706933975219727,1.8402615785598755,1.8486179113388062,1.470712423324585,1.3496437072753906,1.175498366355896,0.8039230704307556,0.8277156352996826,1.0578643083572388,1.3181560039520264,1.48874831199646,1.7215943336486816,1.9921358823776245,1.9666155576705933,2.287395715713501,2.3753130435943604,2.700559139251709
B11,1.8486963510513306,1.622194528579712,1.3846721649169922,1.4951505661010742,1.2704511880874634,1.447431206703186,1.3904037475585938,1.7697809934616089,1.860334873199463,2.228086471557617,2.3334953784942627,2.187438488006592,2.5109031200408936,2.531320810317993,2.7687630653381348,2.0652103424072266,1.9566428661346436,1.682165503501892,1.4360754489898682,1.5719186067581177,1.2787288427352905,1.0308430194854736,0.7243831753730774,0.5501554608345032,0.3729082942008972,0.0,0.3646920323371887,0.5559943318367004,0.9103034734725952,1.1532444953918457,2.975487470626831,2.741917610168457,2.423046588897705,2.2010529041290283,2.1951184272766113,1.8977510929107666,1.5948914289474487,1.5073171854019165,1.1412092447280884,1.2573033571243286,1.18295156955719,0.8485227227210999,0.7198224067687988,0.38844242691993713,0.6096279621124268,1.6916708946228027,1.5338712930679321,1.193623661994934,1.4343231916427612,1.525394082069397,1.5530561208724976,1.2843431234359741,1.3456541299819946,1.4156339168548584,1.634475827217102,1.5044001340866089,1.4942775964736938,1.8003647327423096,1.9825212955474854,2.151740074157715,2.196388006210327,1.8236557245254517,1.6917064189910889,1.537595272064209,1.1617192029953003,1.1680598258972168,1.3460930585861206,1.6049407720565796,1.7152228355407715,1.9576460123062134,2.2317585945129395,2.163034677505493,2.4553656578063965,2.49204421043396,2.8147566318511963
B12,1.5422581434249878,1.283516526222229,1.0538119077682495,1.1427127122879028,0.909313440322876,1.11445152759552,1.1021422147750854,1.485170602798462,1.6289249658584595,1.9767731428146362,2.109435796737671,2.0099542140960693,2.355553150177002,2.4223766326904297,2.6873056888580322,2.183781147003174,2.063333749771118,1.7435024976730347,1.5385313034057617,1.6198570728302002,1.3350499868392944,1.0174487829208374,0.8196876645088196,0.5140450596809387,0.5583417415618896,0.3646920323371887,0.0,0.37330400943756104,0.6304803490638733,0.8980276584625244,2.7763776779174805,2.5231528282165527,2.2297258377075195,1.9672516584396362,1.9475340843200684,1.6223087310791016,1.3491812944412231,1.2172672748565674,0.8510379195213318,0.9281189441680908,0.9205555319786072,0.6313430070877075,0.5798110961914062,0.43803760409355164,0.7932111024856567,1.7830899953842163,1.5522398948669434,1.1987874507904053,1.412283182144165,1.4022173881530762,1.4322134256362915,1.1459215879440308,1.2942180633544922,1.3304506540298462,1.6184959411621094,1.528467059135437,1.4418267011642456,1.7570348978042603,1.879585862159729,2.0609002113342285,2.204430103302002,1.860781192779541,1.6672135591506958,1.5576269626617432,1.1868499517440796,1.205096960067749,1.2885044813156128,1.5888831615447998,1.651859164237976,1.9457396268844604,2.1763763427734375,2.0557820796966553,2.3426718711853027,2.343538761138916,2.6424927711486816
B13,1.4627074003219604,1.2148473262786865,1.082249641418457,1.230088472366333,0.9837796688079834,1.2744219303131104,1.3521722555160522,1.7266799211502075,1.918839693069458,2.242685079574585,2.400388479232788,2.333388090133667,2.6871323585510254,2.7700324058532715,3.045182704925537,2.503180503845215,2.40963077545166,2.0942580699920654,1.8961313962936401,1.991358757019043,1.7004573345184326,1.389838695526123,1.172795295715332,0.8649722337722778,0.8067033886909485,0.5559943318367004,0.37330400943756104,0.0,0.384019136428833,0.6108665466308594,2.9927451610565186,2.752925395965576,2.4758336544036865,2.1871132850646973,2.1930601596832275,1.8460512161254883,1.5920807123184204,1.382470726966858,1.0291955471038818,0.965765655040741,0.9091574549674988,0.7136046886444092,0.48126494884490967,0.3951108753681183,0.6935108304023743,1.9956765174865723,1.7893671989440918,1.4738370180130005,1.7303115129470825,1.7092721462249756,1.7747933864593506,1.4984136819839478,1.662399411201477,1.670535683631897,1.9602653980255127,1.8388078212738037,1.7200233936309814,1.997862458229065,2.0837857723236084,2.21677565574646,2.361196756362915,2.027578353881836,1.8593173027038574,1.8063271045684814,1.4298179149627686,1.516530156135559,1.6148937940597534,1.9355148077011108,2.0103745460510254,2.312495470046997,2.533970355987549,2.4058570861816406,2.6929407119750977,2.6786069869995117,2.9634909629821777
