,A1,A2,A3,A4,A5,A6,A7,A8,A9,A10,A11,A12,A13,A14,A15,B1,B2,B3,B4,B5,B6,B7,B8,B9,B10,B11,B12,B13,B14,B15,C1,C2,C3,C4,C5,C6,C7,C8,C9,C10,C11,C12,C13,C14,C15,D1,D2,D3,D4,D5,D6,D7,D8,D9,D10,D11,D12,D13,D14,D15,E1,E2,E3,E4,E5,E6,E7,E8,E9,E10,E11,E12,E13,E14,E15
A1,0.0,0.4056914746761322,0.6861045956611633,0.9406941533088684,1.2332260608673096,1.481054663658142,1.4275143146514893,1.549217939376831,1.8157881498336792,1.9994115829467773,1.9701710939407349,2.0699262619018555,2.413893699645996,2.6563310623168945,2.8175623416900635,2.720160961151123,2.3430380821228027,2.170032501220703,2.1641476154327393,1.792799711227417,1.9221261739730835,1.9935146570205688,2.326744556427002,2.3661630153656006,2.704724073410034,2.945777654647827,2.7647767066955566,3.0388848781585693,2.9224071502685547,3.2135963439941406,2.3205127716064453,2.321091651916504,1.9874026775360107,2.0007505416870117,2.1872639656066895,2.0995941162109375,1.7501717805862427,1.7527681589126587,1.588471531867981,1.7554659843444824,1.477392315864563,1.2456402778625488,1.2773689031600952,1.2796502113342285,1.1453545093536377,2.369720935821533,1.9777535200119019,1.965565800666809,1.7887098789215088,1.4314509630203247,1.376279354095459,1.6353087425231934,1.76897132396698,1.94513738155365,2.1213345527648926,2.467207193374634,2.463804006576538,2.7834219932556152,2.8404037952423096,3.1889710426330566,3.610835313796997,3.399548292160034,3.048224925994873,3.049245595932007,2.7956485748291016,2.661823272705078,2.302837371826172,2.3320109844207764,1.970170259475708,2.1341195106506348,1.9685802459716797,1.596360445022583,1.452135443687439,1.0898085832595825,0.9956281781196594
A2,0.4056914746761322,0.0,0.4028399884700775,0.6229172348976135,0.8517391681671143,1.1441802978515625,1.1531282663345337,1.3345006704330444,1.6359716653823853,1.854975938796997,1.8998663425445557,1.9887510538101196,2.362186908721924,2.5842983722686768,2.7909247875213623,2.4938137531280518,2.141108512878418,1.932288408279419,1.9712415933609009,1.6330313682556152,1.7748030424118042,1.7876596450805664,2.1451988220214844,2.1718902587890625,2.536979913711548,2.738088369369507,2.5408949851989746,2.826709747314453,2.7152159214019775,2.986194372177124,2.394857406616211,2.3324499130249023,1.9726839065551758,1.9642012119293213,2.082735538482666,1.9636515378952026,1.60227632522583,1.6135910749435425,1.3831090927124023,1.5808873176574707,1.3554844856262207,1.0493597984313965,1.0900431871414185,1.0044362545013428,0.9331924915313721,2.178561210632324,1.7779511213302612,1.7259873151779175,1.4938740730285645,1.1671514511108398,1.0354185104370117,1.2887532711029053,1.3805292844772339,1.564369559288025,1.7236238718032837,2.071117639541626,2.0868473052978516,2.4092652797698975,2.491886854171753,2.8402912616729736,3.239961862564087,3.0441341400146484,2.692957878112793,2.723752975463867,2.4878528118133545,2.3852052688598633,2.0182440280914307,2.0733397006988525,1.743276596069336,1.9414223432540894,1.7652908563613892,1.3886884450912476,1.3196312189102173,1.0267137289047241,0.9748737812042236
A3,0.6861045956611633,0.4028399884700775,0.0,0.39360547065734863,0.6310239434242249,0.8581770658493042,0.7909046411514282,1.0198599100112915,1.2847652435302734,1.5498547554016113,1.6077828407287598,1.65169095993042,2.035066843032837,2.22843074798584,2.449768543243408,2.2388124465942383,1.895622968673706,1.6454211473464966,1.6474233865737915,1.317381501197815,1.4139436483383179,1.3988637924194336,1.7513816356658936,1.7693884372711182,2.136591672897339,2.3355374336242676,2.143371820449829,2.436610221862793,2.343402624130249,2.626241683959961,2.1106743812561035,2.0053930282592773,1.6359467506408691,1.623531460762024,1.7058056592941284,1.5943756103515625,1.2342592477798462,1.2982147932052612,1.0857254266738892,1.356893539428711,1.2105876207351685,0.9025731682777405,1.0798735618591309,1.036055326461792,1.1047132015228271,1.9452335834503174,1.5431342124938965,1.4282914400100708,1.2228567600250244,0.8798655867576599,0.7558716535568237,0.9626013040542603,1.1362324953079224,1.3009822368621826,1.5357694625854492,1.8539036512374878,1.8220454454421997,2.1597633361816406,2.2224907875061035,2.56032395362854,2.938145637512207,2.7163639068603516,2.366719961166382,2.3674025535583496,2.1146326065063477,1.999089002609253,1.6381689310073853,1.7079684734344482,1.382269024848938,1.6188067197799683,1.4988114833831787,1.117205023765564,1.137174367904663,0.8831203579902649,0.9933716654777527
A4,0.9406941533088684,0.6229172348976135,0.39360547065734863,0.0,0.3947114646434784,0.5440793633460999,0.5858407020568848,0.7611602544784546,1.101522445678711,1.3262070417404175,1.4597142934799194,1.5577170848846436,1.946712851524353,2.163490056991577,2.4260590076446533,2.408332586288452,2.10295033454895,1.8051193952560425,1.8171225786209106,1.5337778329849243,1.5710135698318481,1.4641362428665161,1.7964204549789429,1.736379623413086,2.112523317337036,2.264051914215088,2.022437810897827,2.283578395843506,2.1455929279327393,2.3920998573303223,2.2284560203552246,2.1131339073181152,1.7424168586730957,1.7831015586853027,1.801076889038086,1.7282788753509521,1.3865351676940918,1.525641918182373,1.303911566734314,1.619279384613037,1.5351917743682861,1.2043461799621582,1.3745391368865967,1.242948293685913,1.3247867822647095,1.611100196838379,1.2101472616195679,1.1182976961135864,0.873167872428894,0.555984616279602,0.44144922494888306,0.7514313459396362,0.9213915467262268,1.1855183839797974,1.4115872383117676,1.7040985822677612,1.7188966274261475,2.0815377235412598,2.2001211643218994,2.5220415592193604,2.719169855117798,2.5327680110931396,2.166869640350342,2.174276828765869,1.9743657112121582,1.8452256917953491,1.4670641422271729,1.4832178354263306,1.168535590171814,1.3657522201538086,1.1849910020828247,0.8161143660545349,0.8617676496505737,0.7248140573501587,0.8371181488037109
A5,1.2332260608673096,0.8517391681671143,0.6310239434242249,0.3947114646434784,0.0,0.39253100752830505,0.6081113219261169,0.8917363286018372,1.209251880645752,1.4746421575546265,1.676581859588623,1.733289361000061,2.1265835762023926,2.295546054840088,2.5869874954223633,2.2090158462524414,1.9455198049545288,1.630629062652588,1.7105153799057007,1.4936776161193848,1.564279317855835,1.4039024114608765,1.7525850534439087,1.7026222944259644,2.0949153900146484,2.192655324935913,1.9515509605407715,2.233001232147217,2.123900890350342,2.340571880340576,2.457038640975952,2.285649299621582,1.913903832435608,1.9038281440734863,1.855501651763916,1.7297989130020142,1.404786467552185,1.5130828619003296,1.229442834854126,1.531593918800354,1.509140968322754,1.156531810760498,1.3063280582427979,1.1087369918823242,1.2634495496749878,1.687788724899292,1.3111531734466553,1.1460585594177246,0.8173445463180542,0.6484056711196899,0.3007940351963043,0.5079807043075562,0.5492841005325317,0.8230539560317993,1.020138144493103,1.3166779279708862,1.3572993278503418,1.7163853645324707,1.8651466369628906,2.1864380836486816,2.4033355712890625,2.233762502670288,1.8743855953216553,1.937641978263855,1.7577166557312012,1.6970738172531128,1.3254672288894653,1.4111909866333008,1.1857646703720093,1.4378019571304321,1.2771170139312744,0.9605554342269897,1.1211249828338623,1.082526445388794,1.1934971809387207
A6,1.481054663658142,1.1441802978515625,0.8581770658493042,0.5440793633460999,0.39253100752830505,0.0,0.3688165545463562,0.5878130197525024,0.8927236795425415,1.142210602760315,1.3955551385879517,1.457087516784668,1.839616060256958,2.0066866874694824,2.3232922554016113,2.3051135540008545,2.0693118572235107,1.7171367406845093,1.7405729293823242,1.556211233139038,1.529953956604004,1.3031253814697266,1.5975568294525146,1.469855546951294,1.8506323099136353,1.9204158782958984,1.6448462009429932,1.8938560485839844,1.7561522722244263,1.9603724479675293,2.319333791732788,2.1352148056030273,1.777557134628296,1.8177471160888672,1.7179725170135498,1.6544419527053833,1.3693125247955322,1.5711023807525635,1.350549578666687,1.7050856351852417,1.7417937517166138,1.422013521194458,1.634884238243103,1.4732693433761597,1.6495802402496338,1.3364334106445312,0.9765648245811462,0.766281247138977,0.44382911920547485,0.3594834804534912,0.10950330644845963,0.3170933425426483,0.5408198833465576,0.8563845753669739,1.1205371618270874,1.3283053636550903,1.3449811935424805,1.7244104146957397,1.8800978660583496,2.166382074356079,2.1960411071777344,2.0239999294281006,1.6513112783432007,1.6643478870391846,1.5116652250289917,1.3998076915740967,1.0216641426086426,1.0453917980194092,0.8312132358551025,1.0686943531036377,0.9240893721580505,0.6550471782684326,0.9187750220298767,1.0035901069641113,1.2007224559783936
A7,1.4275143146514893,1.1531282663345337,0.7909046411514282,0.5858407020568848,0.6081113219261169,0.3688165545463562,0.0,0.3964833915233612,0.6164477467536926,0.9375299215316772,1.1299102306365967,1.1398274898529053,1.5312495231628418,1.6890040636062622,1.9886224269866943,2.2085773944854736,1.949925422668457,1.5996953248977661,1.5443358421325684,1.3316813707351685,1.2462377548217773,1.0401638746261597,1.3171274662017822,1.1915698051452637,1.566912293434143,1.691602349281311,1.4380568265914917,1.7009069919586182,1.5838849544525146,1.845564365386963,1.9531006813049316,1.7671570777893066,1.409288763999939,1.4647669792175293,1.3801337480545044,1.3537428379058838,1.0731779336929321,1.3287547826766968,1.1832576990127563,1.5686967372894287,1.6155494451522827,1.3432567119598389,1.623887538909912,1.5492923259735107,1.7379955053329468,1.3352609872817993,0.9699516892433167,0.7199492454528809,0.5797066688537598,0.33503851294517517,0.37820953130722046,0.43194857239723206,0.804724395275116,1.0126361846923828,1.3497101068496704,1.5429598093032837,1.4767301082611084,1.8503656387329102,1.940229058265686,2.2218472957611084,2.3158769607543945,2.089756488800049,1.727495551109314,1.6651244163513184,1.450323462486267,1.2769765853881836,0.9030448794364929,0.920994758605957,0.6195533871650696,0.9092274904251099,0.871187686920166,0.5637241005897522,0.8486114144325256,0.8808374404907227,1.1804261207580566
A8,1.549217939376831,1.3345006704330444,1.0198599100112915,0.7611602544784546,0.8917363286018372,0.5878130197525024,0.3964833915233612,0.0,0.3934995234012604,0.585235595703125,0.810036301612854,0.9209167957305908,1.2941668033599854,1.519081711769104,1.8258216381072998,2.570909023284912,2.3148086071014404,1.964067816734314,1.8668431043624878,1.648750901222229,1.4999096393585205,1.2943427562713623,1.494247317314148,1.287392258644104,1.6152695417404175,1.738065242767334,1.4472159147262573,1.632025957107544,1.4366008043289185,1.6862651109695435,1.8840813636779785,1.747753381729126,1.417702555656433,1.5725034475326538,1.4985377788543701,1.5667074918746948,1.323370337486267,1.6306662559509277,1.539318561553955,1.9302067756652832,1.9604957103729248,1.6986130475997925,1.9751144647598267,1.8981364965438843,2.0470387935638428,0.9902881383895874,0.6208006739616394,0.4479248821735382,0.4923175275325775,0.2736574709415436,0.6193200945854187,0.755702555179596,1.0985554456710815,1.3557324409484863,1.6732218265533447,1.8368518352508545,1.7936310768127441,2.169978380203247,2.276616334915161,2.5349197387695312,2.449570417404175,2.2457494735717773,1.8807765245437622,1.7692639827728271,1.6035770177841187,1.3557361364364624,1.0077840089797974,0.8597179651260376,0.4886138439178467,0.6086280345916748,0.5181522369384766,0.20436759293079376,0.5353872179985046,0.7006371021270752,1.0380197763442993
A9,1.8157881498336792,1.6359716653823853,1.2847652435302734,1.101522445678711,1.209251880645752,0.8927236795425415,0.6164477467536926,0.3934995234012604,0.0,0.39704373478889465,0.5931048393249512,0.5832841396331787,0.9512290358543396,1.1372076272964478,1.458905577659607,2.535839557647705,2.3002512454986572,1.9490373134613037,1.7857959270477295,1.603821039199829,1.3686715364456177,1.1496022939682007,1.2548829317092896,0.9948273301124573,1.2770153284072876,1.4147526025772095,1.133133888244629,1.2974568605422974,1.1166633367538452,1.4134024381637573,1.6248518228530884,1.4590177536010742,1.1653317213058472,1.3565361499786377,1.2383732795715332,1.3805612325668335,1.213847279548645,1.5783494710922241,1.5716402530670166,1.9701473712921143,2.0493500232696533,1.8425023555755615,2.165437698364258,2.140151023864746,2.3219006061553955,1.0233062505722046,0.76274174451828,0.5247884392738342,0.7549526691436768,0.6519075632095337,0.9391822218894958,0.948119580745697,1.3267908096313477,1.5099873542785645,1.86675226688385,1.9812557697296143,1.8774902820587158,2.2360916137695312,2.298443078994751,2.524925470352173,2.4124200344085693,2.1707170009613037,1.8305258750915527,1.641586184501648,1.4534878730773926,1.1432180404663086,0.8585820198059082,0.6641141176223755,0.275165319442749,0.41573765873908997,0.6055862307548523,0.5192181468009949,0.8087528347969055,0.9632244110107422,1.3463398218154907
A10,1.9994115829467773,1.854975938796997,1.5498547554016113,1.3262070417404175,1.4746421575546265,1.142210602760315,0.9375299215316772,0.585235595703125,0.39704373478889465,0.0,0.3838188946247101,0.5783670544624329,0.844305694103241,1.1190738677978516,1.4330792427062988,2.9299325942993164,2.6965255737304688,2.34578800201416,2.175560235977173,1.9891034364700317,1.740425705909729,1.5316766500473022,1.5927852392196655,1.2943137884140015,1.5067869424819946,1.6204184293746948,1.3195228576660156,1.3750790357589722,1.102170467376709,1.3509875535964966,1.7152467966079712,1.6161091327667236,1.3751204013824463,1.6369662284851074,1.539874792098999,1.7337758541107178,1.587203860282898,1.9574311971664429,1.959989309310913,2.357227087020874,2.4158809185028076,2.2005932331085205,2.508333206176758,2.465219259262085,2.615506649017334,0.7424333095550537,0.5802870988845825,0.5317752957344055,0.8776489496231079,0.8401614427566528,1.192216157913208,1.2626535892486572,1.609245777130127,1.8380968570709229,2.1694891452789307,2.2709860801696777,2.2003326416015625,2.56089448928833,2.6482303142547607,2.859682083129883,2.5906612873077393,2.384692907333374,2.0493500232696533,1.840384602546692,1.7162206172943115,1.3775099515914917,1.1407885551452637,0.832501232624054,0.5463030934333801,0.28359514474868774,0.4491146504878998,0.5687636733055115,0.7398518919944763,0.9937362670898438,1.3448717594146729
A11,1.9701710939407349,1.8998663425445557,1.6077828407287598,1.4597142934799194,1.676581859588623,1.3955551385879517,1.1299102306365967,0.810036301612854,0.5931048393249512,0.3838188946247101,0.0,0.3787548840045929,0.5981798768043518,0.9512798190116882,1.1967580318450928,3.0209009647369385,2.7617297172546387,2.4376378059387207,2.221022605895996,2.0016109943389893,1.7322579622268677,1.5941135883331299,1.626362919807434,1.3636813163757324,1.5272756814956665,1.7139588594436646,1.4675616025924683,1.517533302307129,1.280855417251587,1.5689841508865356,1.404476523399353,1.3731094598770142,1.1694865226745605,1.4897944927215576,1.4645073413848877,1.7087658643722534,1.579390048980713,1.9510165452957153,2.011359691619873,2.3952908515930176,2.4271318912506104,2.2501487731933594,2.570246696472168,2.5762100219726562,2.706897020339966,1.0470411777496338,0.9009055495262146,0.9001144766807556,1.2075988054275513,1.072461485862732,1.423384189605713,1.5129170417785645,1.8840246200561523,2.0917229652404785,2.441542387008667,2.5679121017456055,2.470550537109375,2.827984571456909,2.879319906234741,3.0992090702056885,2.9214212894439697,2.687758684158325,2.362786054611206,2.1308460235595703,1.9641047716140747,1.6109422445297241,1.3981013298034668,1.131537914276123,0.8246768116950989,0.6476044058799744,0.7999103665351868,0.8220797181129456,0.8624111413955688,0.9972784519195557,1.3626779317855835
A12,2.0699262619018555,1.9887510538101196,1.65169095993042,1.5577170848846436,1.733289361000061,1.457087516784668,1.1398274898529053,0.9209167957305908,0.5832841396331787,0.5783670544624329,0.3787548840045929,0.0,0.3955549895763397,0.6460646390914917,0.9155539870262146,2.773998260498047,2.5313563346862793,2.2174837589263916,1.963043212890625,1.7762912511825562,1.4631829261779785,1.3342353105545044,1.3059710264205933,1.0497647523880005,1.175557017326355,1.3989170789718628,1.1998392343521118,1.2793104648590088,1.1229677200317383,1.4661308526992798,1.1620137691497803,1.0560038089752197,0.8701821565628052,1.1864873170852661,1.1250574588775635,1.4049032926559448,1.3356415033340454,1.724171757698059,1.838332176208496,2.2141170501708984,2.2882864475250244,2.155505895614624,2.5067856311798096,2.553028106689453,2.722107172012329,1.299256443977356,1.15247642993927,1.0291707515716553,1.324299931526184,1.1901599168777466,1.4886335134506226,1.4968026876449585,1.8878828287124634,2.0294668674468994,2.4058449268341064,2.5114781856536865,2.363312244415283,2.700310468673706,2.70740008354187,2.9114983081817627,2.8153810501098633,2.541323661804199,2.2401061058044434,1.9773519039154053,1.7669777870178223,1.408305048942566,1.245015263557434,1.0396523475646973,0.7806847095489502,0.7374775409698486,1.0147489309310913,1.0065234899520874,1.1412529945373535,1.2235088348388672,1.6194566488265991
A13,2.413893699645996,2.362186908721924,2.035066843032837,1.946712851524353,2.1265835762023926,1.839616060256958,1.5312495231628418,1.2941668033599854,0.9512290358543396,0.844305694103241,0.5981798768043518,0.3955549895763397,0.0,0.3988722264766693,0.6117364168167114,3.04833984375,2.8225367069244385,2.522104501724243,2.236462354660034,2.07515025138855,1.7311792373657227,1.621321439743042,1.5118926763534546,1.2459498643875122,1.2494436502456665,1.464329719543457,1.309507131576538,1.290248155593872,1.1366947889328003,1.4589707851409912,1.106407642364502,1.0540857315063477,1.0072016716003418,1.35723876953125,1.2976953983306885,1.6328965425491333,1.6303576231002808,2.018056869506836,2.175304412841797,2.5378835201263428,2.6227335929870605,2.5173847675323486,2.8760175704956055,2.938683032989502,3.1070480346679688,1.4679287672042847,1.4144816398620605,1.3332574367523193,1.6676169633865356,1.5669656991958618,1.8761755228042603,1.8744947910308838,2.261949062347412,2.393676519393921,2.7720165252685547,2.8538403511047363,2.6934561729431152,3.01676344871521,3.0092127323150635,3.1868062019348145,3.022019863128662,2.7465639114379883,2.473562717437744,2.1701700687408447,1.9825193881988525,1.606223464012146,1.5197080373764038,1.288275122642517,1.1110998392105103,0.9900452494621277,1.2898308038711548,1.354232668876648,1.4550275802612305,1.552385926246643,1.931003451347351
A14,2.6563310623168945,2.5842983722686768,2.22843074798584,2.163490056991577,2.295546054840088,2.0066866874694824,1.6890040636062622,1.519081711769104,1.1372076272964478,1.1190738677978516,0.9512798190116882,0.6460646390914917,0.3988722264766693,0.0,0.3740575313568115,2.9153733253479004,2.7267720699310303,2.4400041103363037,2.128002405166626,2.027783155441284,1.6507093906402588,1.54010009765625,1.3400731086730957,1.0824201107025146,0.9717506170272827,1.1881641149520874,1.1126757860183716,1.074198842048645,1.029462456703186,1.3677117824554443,1.0940841436386108,0.9444302320480347,0.9831607341766357,1.2774583101272583,1.1485302448272705,1.5085904598236084,1.5929999351501465,1.9761735200881958,2.175218105316162,2.518630027770996,2.6529746055603027,2.5861048698425293,2.9630825519561768,3.049643039703369,3.25333833694458,1.7264329195022583,1.686768651008606,1.534541130065918,1.8570460081100464,1.7846102714538574,2.050525188446045,1.980222225189209,2.3629837036132812,2.4364099502563477,2.824012517929077,2.8703911304473877,2.6698484420776367,2.961862802505493,2.9165430068969727,3.061481475830078,2.9266531467437744,2.62355637550354,2.390789270401001,2.0553762912750244,1.852160930633545,1.4861210584640503,1.4871528148651123,1.3144476413726807,1.2320733070373535,1.1869486570358276,1.5438933372497559,1.6106452941894531,1.7745088338851929,1.8670581579208374,2.261245012283325
A15,2.8175623416900635,2.7909247875213623,2.449768543243408,2.4260590076446533,2.5869874954223633,2.3232922554016113,1.9886224269866943,1.8258216381072998,1.458905577659607,1.4330792427062988,1.1967580318450928,0.9155539870262146,0.6117364168167114,0.3740575313568115,0.0,3.0860912799835205,2.8897950649261475,2.6365575790405273,2.2947046756744385,2.186349391937256,1.8079147338867188,1.7634776830673218,1.5402240753173828,1.3486965894699097,1.1827954053878784,1.4343832731246948,1.427173376083374,1.3823416233062744,1.3741332292556763,1.693359136581421,0.9213411211967468,0.8536032438278198,1.024835467338562,1.3265260457992554,1.2698554992675781,1.6499137878417969,1.7661399841308594,2.1231465339660645,2.3666932582855225,2.6829745769500732,2.802419900894165,2.773671865463257,3.1528210639953613,3.2745249271392822,3.4666361808776855,2.0485994815826416,2.0083489418029785,1.8808720111846924,2.1980228424072266,2.0911545753479004,2.357440948486328,2.299619674682617,2.6888155937194824,2.750699520111084,3.143887519836426,3.202319622039795,2.9872353076934814,3.2705771923065186,3.198838710784912,3.3423993587493896,3.2687883377075195,2.953068733215332,2.734560251235962,2.3938236236572266,2.174201488494873,1.821793794631958,1.834287166595459,1.6835917234420776,1.5812195539474487,1.5359950065612793,1.873099446296692,1.9182590246200562,2.0389671325683594,2.0868072509765625,2.471789836883545
B1,2.720160961151123,2.4938137531280518,2.2388124465942383,2.408332586288452,2.2090158462524414,2.3051135540008545,2.2085773944854736,2.570909023284912,2.535839557647705,2.9299325942993164,3.0209009647369385,2.773998260498047,3.04833984375,2.9153733253479004,3.0860912799835205,0.0,0.40392598509788513,0.6193058490753174,0.8383576273918152,1.1460862159729004,1.3774406909942627,1.4418176412582397,1.5808980464935303,1.9021245241165161,2.082392930984497,2.1526520252227783,2.260366201400757,2.6341755390167236,2.856658458709717,3.1083695888519287,2.846285343170166,2.5093328952789307,2.312450647354126,1.9673608541488647,1.8380868434906006,1.4695990085601807,1.5104985237121582,1.2375823259353638,1.1965059041976929,0.9906370639801025,1.3383727073669434,1.4939590692520142,1.6568628549575806,1.828691005706787,2.1669952869415283,3.410412311553955,3.119264841079712,2.7723662853240967,2.626605987548828,2.528717517852783,2.293708562850952,2.021670341491699,2.0397279262542725,1.6892883777618408,1.8321588039398193,1.8749330043792725,1.566556453704834,1.5126742124557495,1.1807314157485962,1.346420168876648,2.5885262489318848,2.2548720836639404,2.1756179332733154,2.229384183883667,1.8987876176834106,2.094024419784546,2.0574700832366943,2.4359142780303955,2.446575164794922,2.841127395629883,2.989832639694214,2.7598836421966553,3.037863254547119,2.9345669746398926,3.1853127479553223
B2,2.3430380821228027,2.141108512878418,1.895622968673706,2.10295033454895,1.9455198049545288,2.0693118572235107,1.949925422668457,2.3148086071014404,2.3002512454986572,2.6965255737304688,2.7617297172546387,2.5313563346862793,2.8225367069244385,2.7267720699310303,2.8897950649261475,0.40392598509788513,0.0,0.3850565552711487,0.5997453331947327,0.8082277178764343,1.1077628135681152,1.23154616355896,1.434108853340149,1.7636089324951172,1.982683539390564,2.1126792430877686,2.18802809715271,2.572544813156128,2.7590131759643555,3.04046368598938,2.5692903995513916,2.2594423294067383,2.0374066829681396,1.6927521228790283,1.6216620206832886,1.240865707397461,1.219527006149292,0.8954687118530273,0.8450136184692383,0.5948703289031982,0.9431043267250061,1.1245615482330322,1.3149359226226807,1.5311355590820312,1.856248140335083,3.2097742557525635,2.893179416656494,2.5663435459136963,2.4176132678985596,2.270777463912964,2.044022798538208,1.8121088743209839,1.8661292791366577,1.5564745664596558,1.7397373914718628,1.855756163597107,1.5670289993286133,1.6037975549697876,1.3292886018753052,1.5684045553207397,2.707095146179199,2.3710126876831055,2.2294015884399414,2.2622971534729004,1.9066091775894165,2.040950298309326,1.9433823823928833,2.298013210296631,2.2458956241607666,2.63881254196167,2.767772912979126,2.5056869983673096,2.7522783279418945,2.6131372451782227,2.8542115688323975
B3,2.170032501220703,1.932288408279419,1.6454211473464966,1.8051193952560425,1.630629062652588,1.7171367406845093,1.5996953248977661,1.964067816734314,1.9490373134613037,2.34578800201416,2.4376378059387207,2.2174837589263916,2.522104501724243,2.4400041103363037,2.6365575790405273,0.6193058490753174,0.3850565552711487,0.0,0.3959483206272125,0.6144680976867676,0.8714977502822876,0.9084542989730835,1.1527951955795288,1.4449079036712646,1.7038451433181763,1.817912220954895,1.8542826175689697,2.2416701316833496,2.4078454971313477,2.6833910942077637,2.3939080238342285,2.07189679145813,1.819010615348816,1.5109704732894897,1.3908809423446655,1.017899751663208,0.9594188332557678,0.7196580171585083,0.6086593270301819,0.555625855922699,0.9367680549621582,1.0043854713439941,1.2616589069366455,1.416810393333435,1.7636528015136719,2.8372671604156494,2.528395175933838,2.1941230297088623,2.0482492446899414,1.9222050905227661,1.7012884616851807,1.4475977420806885,1.5205416679382324,1.217166543006897,1.4484153985977173,1.5600110292434692,1.2609951496124268,1.360723853111267,1.127229928970337,1.3979350328445435,2.4042601585388184,2.0671746730804443,1.8927688598632812,1.9166113138198853,1.5591681003570557,1.6816142797470093,1.5649982690811157,1.920790672302246,1.87796151638031,2.2732996940612793,2.4018666744232178,2.1537985801696777,2.421562433242798,2.3159921169281006,2.5730693340301514
B4,2.1641476154327393,1.9712415933609009,1.6474233865737915,1.8171225786209106,1.7105153799057007,1.7405729293823242,1.5443358421325684,1.8668431043624878,1.7857959270477295,2.175560235977173,2.221022605895996,1.963043212890625,2.236462354660034,2.128002405166626,2.2947046756744385,0.8383576273918152,0.5997453331947327,0.3959483206272125,0.0,0.39657485485076904,0.5391864776611328,0.6632053256034851,0.8452787399291992,1.1854112148284912,1.4054735898971558,1.576453685760498,1.6489251852035522,2.0304815769195557,2.213015079498291,2.5192151069641113,2.037754535675049,1.7047046422958374,1.4810508489608765,1.1522382497787476,1.0313873291015625,0.6522440910339355,0.6807546615600586,0.47862735390663147,0.5976455807685852,0.6528527140617371,1.008160948753357,1.1162739992141724,1.443353295326233,1.6402064561843872,1.9627001285552979,2.738431930541992,2.4425339698791504,2.1089837551116943,2.029860496520996,1.8788219690322876,1.7294820547103882,1.4869797229766846,1.655085802078247,1.404390573501587,1.7033449411392212,1.8083456754684448,1.4957181215286255,1.6362073421478271,1.4049547910690308,1.6394230127334595,2.513359785079956,2.146561622619629,1.9650425910949707,1.9076640605926514,1.5188926458358765,1.5679744482040405,1.4756097793579102,1.8038456439971924,1.743259072303772,2.126041889190674,2.302474021911621,2.0675649642944336,2.3296964168548584,2.2189486026763916,2.516753911972046
B5,1.792799711227417,1.6330313682556152,1.317381501197815,1.5337778329849243,1.4936776161193848,1.556211233139038,1.3316813707351685,1.648750901222229,1.603821039199829,1.9891034364700317,2.0016109943389893,1.7762912511825562,2.07515025138855,2.027783155441284,2.186349391937256,1.1460862159729004,0.8082277178764343,0.6144680976867676,0.39657485485076904,0.0,0.39499542117118835,0.6296743154525757,0.9090700149536133,1.2056087255477905,1.4713149070739746,1.7010149955749512,1.7185152769088745,2.0927140712738037,2.2173900604248047,2.5467166900634766,1.8253991603851318,1.5399819612503052,1.2697649002075195,0.960933268070221,0.9508993029594421,0.6019456386566162,0.4451877772808075,0.10673703253269196,0.32943859696388245,0.5070312023162842,0.7524171471595764,0.8414165377616882,1.2083418369293213,1.4316191673278809,1.7169876098632812,2.580980062484741,2.2550370693206787,1.9562410116195679,1.8721272945404053,1.6571892499923706,1.5263758897781372,1.3541232347488403,1.5628376007080078,1.3866467475891113,1.705106496810913,1.879297137260437,1.6141608953475952,1.81915283203125,1.6494791507720947,1.9257138967514038,2.7057034969329834,2.3569672107696533,2.123952865600586,2.060194969177246,1.6769475936889648,1.656531810760498,1.4858115911483765,1.761379599571228,1.6136445999145508,1.9829909801483154,2.123944044113159,1.847843885421753,2.0630345344543457,1.9046306610107422,2.1893084049224854
B6,1.9221261739730835,1.7748030424118042,1.4139436483383179,1.5710135698318481,1.564279317855835,1.529953956604004,1.2462377548217773,1.4999096393585205,1.3686715364456177,1.740425705909729,1.7322579622268677,1.4631829261779785,1.7311792373657227,1.6507093906402588,1.8079147338867188,1.3774406909942627,1.1077628135681152,0.8714977502822876,0.5391864776611328,0.39499542117118835,0.0,0.3706636428833008,0.5609522461891174,0.8586153388023376,1.098678708076477,1.364098310470581,1.3952248096466064,1.7550048828125,1.8902599811553955,2.235365867614746,1.529524803161621,1.2065176963806152,0.9500126242637634,0.652735710144043,0.5613579750061035,0.22505776584148407,0.198689267039299,0.36359596252441406,0.6442698240280151,0.9012781381607056,1.1223398447036743,1.1674964427947998,1.5525920391082764,1.7416176795959473,2.01827073097229,2.3736658096313477,2.0814168453216553,1.7743281126022339,1.7661550045013428,1.5701549053192139,1.5198367834091187,1.3348422050476074,1.6153984069824219,1.4781862497329712,1.8425871133804321,1.975648283958435,1.6970669031143188,1.926235318183899,1.766501545906067,2.0065104961395264,2.621692180633545,2.2567861080169678,2.0227267742156982,1.8889952898025513,1.4991151094436646,1.411576747894287,1.2764278650283813,1.519197702407837,1.3845129013061523,1.7358016967773438,1.9353493452072144,1.703985571861267,1.939180850982666,1.8224713802337646,2.157864809036255
B7,1.9935146570205688,1.7876596450805664,1.3988637924194336,1.4641362428665161,1.4039024114608765,1.3031253814697266,1.0401638746261597,1.2943427562713623,1.1496022939682007,1.5316766500473022,1.5941135883331299,1.3342353105545044,1.621321439743042,1.54010009765625,1.7634776830673218,1.4418176412582397,1.23154616355896,0.9084542989730835,0.6632053256034851,0.6296743154525757,0.3706636428833008,0.0,0.39191657304763794,0.5954247713088989,0.9170297384262085,1.114418387413025,1.0925499200820923,1.4676491022109985,1.5953222513198853,1.920676589012146,1.6670488119125366,1.3264858722686768,1.0522528886795044,0.8600140810012817,0.6238150596618652,0.414273738861084,0.37172868847846985,0.6438405513763428,0.7500178217887878,1.0754330158233643,1.322826623916626,1.2778240442276,1.655565857887268,1.7668814659118652,2.0636415481567383,2.111067295074463,1.839927315711975,1.502565622329712,1.4969457387924194,1.3654087781906128,1.3157986402511597,1.077667236328125,1.3656060695648193,1.2340816259384155,1.6169122457504272,1.7101694345474243,1.4327889680862427,1.6857335567474365,1.5653926134109497,1.793845295906067,2.2751083374023438,1.916529893875122,1.6684852838516235,1.5275853872299194,1.1439896821975708,1.053228735923767,0.9130315780639648,1.1845088005065918,1.1053268909454346,1.4770303964614868,1.688941240310669,1.4962596893310547,1.7859736680984497,1.7418148517608643,2.0897653102874756
B8,2.326744556427002,2.1451988220214844,1.7513816356658936,1.7964204549789429,1.7525850534439087,1.5975568294525146,1.3171274662017822,1.494247317314148,1.2548829317092896,1.5927852392196655,1.626362919807434,1.3059710264205933,1.5118926763534546,1.3400731086730957,1.5402240753173828,1.5808980464935303,1.434108853340149,1.1527951955795288,0.8452787399291992,0.9090700149536133,0.5609522461891174,0.39191657304763794,0.0,0.383515864610672,0.5715581178665161,0.8055918216705322,0.883533239364624,1.2397921085357666,1.4368833303451538,1.7699419260025024,1.5614923238754272,1.178992509841919,0.9981021285057068,0.8225027322769165,0.4602278172969818,0.41690269112586975,0.6346036195755005,0.9095699191093445,1.1055437326431274,1.3829814195632935,1.650578260421753,1.6487915515899658,2.029175043106079,2.155369997024536,2.4527344703674316,2.1929256916046143,1.9775651693344116,1.6375590562820435,1.7101668119430542,1.617066502571106,1.6256572008132935,1.3799198865890503,1.678736686706543,1.545729160308838,1.9258066415786743,1.9641185998916626,1.6646201610565186,1.8834072351455688,1.732948660850525,1.8984729051589966,2.294405460357666,1.9122273921966553,1.7094436883926392,1.4932504892349243,1.1097800731658936,0.9792346954345703,0.9721588492393494,1.2107938528060913,1.2034196853637695,1.5299206972122192,1.814429759979248,1.6880556344985962,1.986428141593933,1.9767961502075195,2.352261543273926
B9,2.3661630153656006,2.1718902587890625,1.7693884372711182,1.736379623413086,1.7026222944259644,1.469855546951294,1.1915698051452637,1.287392258644104,0.9948273301124573,1.2943137884140015,1.3636813163757324,1.0497647523880005,1.2459498643875122,1.0824201107025146,1.3486965894699097,1.9021245241165161,1.7636089324951172,1.4449079036712646,1.1854112148284912,1.2056087255477905,0.8586153388023376,0.5954247713088989,0.383515864610672,0.0,0.3952094316482544,0.5881041288375854,0.5476871728897095,0.8965312242507935,1.058412790298462,1.3993165493011475,1.5585628747940063,1.199039101600647,1.0148729085922241,0.9849374890327454,0.6231154203414917,0.7419666051864624,0.8557506799697876,1.2020450830459595,1.3401405811309814,1.6693634986877441,1.9087668657302856,1.8448429107666016,2.2218761444091797,2.2971303462982178,2.581082582473755,1.8653901815414429,1.6919851303100586,1.3532989025115967,1.4869533777236938,1.4456380605697632,1.5177099704742432,1.2844884395599365,1.6107877492904663,1.545165777206421,1.9321768283843994,1.9476605653762817,1.6842174530029297,1.9380533695220947,1.8504444360733032,2.001779556274414,2.1498043537139893,1.7899425029754639,1.5617297887802124,1.2944179773330688,0.956820547580719,0.711172878742218,0.7188838124275208,0.8796754479408264,0.915316104888916,1.2047010660171509,1.5245457887649536,1.462914228439331,1.7814463376998901,1.839802861213684,2.228616952896118
B10,2.704724073410034,2.536979913711548,2.136591672897339,2.112523317337036,2.0949153900146484,1.8506323099136353,1.566912293434143,1.6152695417404175,1.2770153284072876,1.5067869424819946,1.5272756814956665,1.175557017326355,1.2494436502456665,0.9717506170272827,1.1827954053878784,2.082392930984497,1.982683539390564,1.7038451433181763,1.4054735898971558,1.4713149070739746,1.098678708076477,0.9170297384262085,0.5715581178665161,0.3952094316482544,0.0,0.385407030582428,0.5502529144287109,0.7904306054115295,1.0449862480163574,1.3763763904571533,1.523865818977356,1.1507220268249512,1.0921013355255127,1.0805834531784058,0.7120363116264343,0.9196500778198242,1.1379655599594116,1.4601773023605347,1.6592087745666504,1.9529727697372437,2.206462860107422,2.1845381259918213,2.567347288131714,2.66745924949646,2.9531171321868896,2.075892686843872,1.9581890106201172,1.641540765762329,1.8266030550003052,1.8003616333007812,1.9016482830047607,1.6734966039657593,1.9944299459457397,1.9165338277816772,2.295222520828247,2.279395580291748,1.9999713897705078,2.2170698642730713,2.0978293418884277,2.1995022296905518,2.2973036766052246,1.926927089691162,1.7566934823989868,1.4372738599777222,1.1353498697280884,0.8913783431053162,1.0276614427566528,1.1303507089614868,1.2142562866210938,1.4274004697799683,1.78941810131073,1.7770655155181885,2.078991174697876,2.147273063659668,2.5469512939453125
B11,2.945777654647827,2.738088369369507,2.3355374336242676,2.264051914215088,2.192655324935913,1.9204158782958984,1.691602349281311,1.738065242767334,1.4147526025772095,1.6204184293746948,1.7139588594436646,1.3989170789718628,1.464329719543457,1.1881641149520874,1.4343832731246948,2.1526520252227783,2.1126792430877686,1.817912220954895,1.576453685760498,1.7010149955749512,1.364098310470581,1.114418387413025,0.8055918216705322,0.5881041288375854,0.385407030582428,0.0,0.36069369316101074,0.5670057535171509,0.9073597192764282,1.1652352809906006,1.8919974565505981,1.5285496711730957,1.462450623512268,1.4505928754806519,1.0702385902404785,1.2086646556854248,1.4071857929229736,1.7099456787109375,1.8558601140975952,2.146801471710205,2.429582118988037,2.3827877044677734,2.7511656284332275,2.8125596046447754,3.1158628463745117,2.0764966011047363,2.005887269973755,1.6736986637115479,1.85329008102417,1.9053800106048584,1.987860918045044,1.7235966920852661,2.0003318786621094,1.9077391624450684,2.2591240406036377,2.1821701526641846,1.9076528549194336,2.095465660095215,1.9944109916687012,2.0448784828186035,1.9934619665145874,1.6289407014846802,1.5009100437164307,1.1505895853042603,0.9056622385978699,0.6946269869804382,0.9613234400749207,1.0757964849472046,1.2831693887710571,1.478930115699768,1.8415101766586304,1.8829398155212402,2.220224380493164,2.3427629470825195,2.733156681060791
B12,2.7647767066955566,2.5408949851989746,2.143371820449829,2.022437810897827,1.9515509605407715,1.6448462009429932,1.4380568265914917,1.4472159147262573,1.133133888244629,1.3195228576660156,1.4675616025924683,1.1998392343521118,1.309507131576538,1.1126757860183716,1.427173376083374,2.260366201400757,2.18802809715271,1.8542826175689697,1.6489251852035522,1.7185152769088745,1.3952248096466064,1.0925499200820923,0.883533239364624,0.5476871728897095,0.5502529144287109,0.36069369316101074,0.0,0.3880697786808014,0.6265485882759094,0.9077614545822144,1.9112167358398438,1.5784742832183838,1.451570749282837,1.4961940050125122,1.1368780136108398,1.279542088508606,1.38973867893219,1.7273576259613037,1.8179737329483032,2.1504127979278564,2.404513359069824,2.304144859313965,2.6634223461151123,2.6836678981781006,2.972123384475708,1.7270301580429077,1.665673017501831,1.3345028162002563,1.5288434028625488,1.615234375,1.721514344215393,1.4759583473205566,1.7595630884170532,1.7231435775756836,2.074509859085083,2.006709337234497,1.774505376815796,2.0078372955322266,1.9697991609573364,2.05039381980896,1.8583275079727173,1.5275388956069946,1.335615873336792,0.9814991354942322,0.7764920592308044,0.447112500667572,0.6808688044548035,0.7265297174453735,0.9711600542068481,1.1485720872879028,1.5044711828231812,1.575087070465088,1.9230865240097046,2.0846445560455322,2.4660403728485107
B13,3.0388848781585693,2.826709747314453,2.436610221862793,2.283578395843506,2.233001232147217,1.8938560485839844,1.7009069919586182,1.632025957107544,1.2974568605422974,1.3750790357589722,1.517533302307129,1.2793104648590088,1.290248155593872,1.074198842048645,1.3823416233062744,2.6341755390167236,2.572544813156128,2.2416701316833496,2.0304815769195557,2.0927140712738037,1.7550048828125,1.4676491022109985,1.2397921085357666,0.8965312242507935,0.7904306054115295,0.5670057535171509,0.3880697786808014,0.0,0.3850991725921631,0.6104098558425903,2.033641815185547,1.736850380897522,1.6626259088516235,1.7680425643920898,1.4290848970413208,1.625483751296997,1.7427847385406494,2.0951995849609375,2.1944077014923096,2.5331242084503174,2.777486801147461,2.669307231903076,3.0279438495635986,3.036190986633301,3.313213348388672,1.694616436958313,1.7226778268814087,1.441771388053894,1.697944164276123,1.8229132890701294,1.9781285524368286,1.7641714811325073,2.043398857116699,2.044173240661621,2.379859685897827,2.290109634399414,2.0853166580200195,2.311998128890991,2.296189069747925,2.3462588787078857,1.9514062404632568,1.6635375022888184,1.5051432847976685,1.119651198387146,1.03911292552948,0.722040593624115,0.967598021030426,0.8756616711616516,1.1484215259552002,1.20042085647583,1.5725822448730469,1.724806308746338,2.0517733097076416,2.2587456703186035,2.637333869934082
