,A1,A2,A3,A4,A5,A6,A7,A8,A9,A10,A11,A12,A13,A14,A15,B1,B2,B3,B4,B5,B6,B7,B8,B9,B10,B11,B12,B13,B14,B15,C1,C2,C3,C4,C5,C6,C7,C8,C9,C10,C11,C12,C13,C14,C15,D1,D2,D3,D4,D5,D6,D7,D8,D9,D10,D11,D12,D13,D14,D15,E1,E2,E3,E4,E5,E6,E7,E8,E9,E10,E11,E12,E13,E14,E15
A1,0.0,0.38214433193206787,0.605744481086731,0.8858745694160461,1.1339099407196045,1.4906635284423828,1.7018996477127075,2.0561623573303223,2.295210123062134,2.5881478786468506,2.762812852859497,2.6906559467315674,3.032817840576172,3.073439359664917,3.340132474899292,3.4309632778167725,3.1748504638671875,2.851128101348877,2.770484209060669,2.4456710815429688,2.1157541275024414,1.8036969900131226,1.567480444908142,1.222730278968811,1.1083663702011108,1.0416029691696167,0.9154092669487,0.6246883273124695,0.5870024561882019,0.7480537295341492,2.965226650238037,2.8323147296905518,2.4573018550872803,2.385645627975464,2.0284037590026855,1.8904286623001099,1.5883044004440308,1.4683939218521118,1.3500829935073853,1.4347926378250122,1.1043248176574707,1.0259901285171509,1.086577296257019,1.2764602899551392,1.2638663053512573,1.700627326965332,1.4867124557495117,1.5763272047042847,1.701462745666504,1.8139876127243042,1.8424413204193115,1.9528696537017822,2.2054312229156494,2.2793385982513428,2.5072202682495117,2.801384449005127,2.676481008529663,2.8904666900634766,2.8012006282806396,3.099086046218872,2.016362428665161,1.7267569303512573,1.7293139696121216,1.8522688150405884,1.8628841638565063,2.0078630447387695,1.9781655073165894,2.347165107727051,2.4001047611236572,2.7117390632629395,2.9323368072509766,2.7481491565704346,3.0482473373413086,2.9600093364715576,3.2952353954315186
A2,0.38214433193206787,0.0,0.3851328194141388,0.5810162425041199,0.8753423094749451,1.1939561367034912,1.4484983682632446,1.7819855213165283,2.0368614196777344,2.30446195602417,2.5121357440948486,2.466912269592285,2.815687894821167,2.8744239807128906,3.1666486263275146,3.184513568878174,2.9163334369659424,2.587477922439575,2.472930669784546,2.1443865299224854,1.8022582530975342,1.5043323040008545,1.2293463945388794,0.9067056179046631,0.739980936050415,0.6819020509719849,0.6372696757316589,0.46450451016426086,0.6305801272392273,0.9049899578094482,2.8353052139282227,2.7151057720184326,2.336400032043457,2.316577911376953,1.9525502920150757,1.8345329761505127,1.497763991355896,1.43587064743042,1.2637275457382202,1.4256953001022339,1.1334929466247559,0.9312676191329956,0.9740692973136902,1.0615590810775757,1.0375770330429077,1.5936137437820435,1.4253690242767334,1.4609497785568237,1.6520287990570068,1.717365026473999,1.7689142227172852,1.822253704071045,2.104372978210449,2.1481261253356934,2.4184207916259766,2.677933692932129,2.5121448040008545,2.7210264205932617,2.6085712909698486,2.8848769664764404,1.7172962427139282,1.4410288333892822,1.3990095853805542,1.5586682558059692,1.5429102182388306,1.7328317165374756,1.7117494344711304,2.0791285037994385,2.16884708404541,2.4832074642181396,2.692211866378784,2.5344250202178955,2.859053611755371,2.811105251312256,3.1511189937591553
A3,0.605744481086731,0.3851328194141388,0.0,0.393998384475708,0.5472872257232666,0.8931799530982971,1.1003378629684448,1.4522346258163452,1.6951216459274292,1.9825544357299805,2.164872884750366,2.1056277751922607,2.4545884132385254,2.517610549926758,2.8022079467773438,2.848917007446289,2.5801830291748047,2.2613942623138428,2.170093297958374,1.853692889213562,1.5195637941360474,1.2202917337417603,1.002278447151184,0.6656296849250793,0.6194376945495605,0.7026695013046265,0.5689421892166138,0.5699864625930786,0.6309074759483337,0.988001823425293,2.4544525146484375,2.3299989700317383,1.9512847661972046,1.937912940979004,1.575520396232605,1.4802826642990112,1.148451566696167,1.1475664377212524,1.0242140293121338,1.26017165184021,1.0443803071975708,0.8375341296195984,1.0159558057785034,1.1122021675109863,1.198120355606079,1.6405627727508545,1.4238215684890747,1.3650091886520386,1.5108972787857056,1.5027146339416504,1.4931939840316772,1.5037662982940674,1.7624216079711914,1.7807507514953613,2.0477535724639893,2.305377721786499,2.137333393096924,2.3413660526275635,2.2351086139678955,2.5216145515441895,1.842145323753357,1.5365723371505737,1.414717674255371,1.5219075679779053,1.4301286935806274,1.5818750858306885,1.4856688976287842,1.8592814207077026,1.903573989868164,2.2411060333251953,2.421157121658325,2.2320210933685303,2.5541515350341797,2.491649866104126,2.817845106124878
A4,0.8858745694160461,0.5810162425041199,0.393998384475708,0.0,0.3739829659461975,0.6707968711853027,0.9811475276947021,1.270626425743103,1.571955680847168,1.8029026985168457,2.0061936378479004,2.0141918659210205,2.3797101974487305,2.4955546855926514,2.80029296875,2.7678565979003906,2.4652857780456543,2.1644694805145264,2.011622667312622,1.7179409265518188,1.3494656085968018,1.122825264930725,0.8429755568504333,0.6179810166358948,0.4177536368370056,0.6758152842521667,0.735819935798645,0.8539888858795166,1.009395956993103,1.3632187843322754,2.38960862159729,2.317389488220215,1.9458882808685303,2.009744644165039,1.667946457862854,1.6474865674972534,1.3248281478881836,1.4177073240280151,1.2948377132415771,1.5828768014907837,1.4029990434646606,1.1447296142578125,1.284412145614624,1.2757970094680786,1.3128876686096191,1.8744597434997559,1.7092974185943604,1.6154080629348755,1.801004409790039,1.7421854734420776,1.7253321409225464,1.6559853553771973,1.9055994749069214,1.8542982339859009,2.141470432281494,2.3582873344421387,2.134901762008667,2.2938220500946045,2.1299140453338623,2.3758063316345215,1.799992561340332,1.5533925294876099,1.3698004484176636,1.5464197397232056,1.3984603881835938,1.6201298236846924,1.5131746530532837,1.8724052906036377,1.9498653411865234,2.295520305633545,2.436081886291504,2.267112970352173,2.61460280418396,2.5895259380340576,2.9007532596588135
A5,1.1339099407196045,0.8753423094749451,0.5472872257232666,0.3739829659461975,0.0,0.38517650961875916,0.6277357935905457,0.9410043358802795,1.22942316532135,1.484797477722168,1.661028265953064,1.6527622938156128,2.0189015865325928,2.139939069747925,2.43827486038208,2.4311113357543945,2.1291072368621826,1.8392055034637451,1.714097023010254,1.4369328022003174,1.0839786529541016,0.869343101978302,0.6929434537887573,0.5202063918113708,0.5458662509918213,0.8557853102684021,0.8309623003005981,1.0320426225662231,1.1168007850646973,1.487689733505249,2.0272881984710693,1.9487826824188232,1.5787320137023926,1.6618678569793701,1.3298929929733276,1.346522569656372,1.0461554527282715,1.222238540649414,1.1551061868667603,1.493889331817627,1.398838758468628,1.156945824623108,1.3784149885177612,1.379320502281189,1.5006897449493408,1.9380792379379272,1.742243766784668,1.5729032754898071,1.711791753768921,1.5813755989074707,1.50640070438385,1.3792188167572021,1.5956045389175415,1.507050633430481,1.7941794395446777,1.9982657432556152,1.7667418718338013,1.920147180557251,1.7622959613800049,2.0200388431549072,1.9580087661743164,1.6884359121322632,1.4508949518203735,1.5594881772994995,1.3451218605041504,1.512015700340271,1.3270537853240967,1.6765538454055786,1.7033478021621704,2.065769910812378,2.171175241470337,1.972652554512024,2.3146934509277344,2.2791333198547363,2.572570562362671
A6,1.4906635284423828,1.1939561367034912,0.8931799530982971,0.6707968711853027,0.38517650961875916,0.0,0.3810352385044098,0.6054803133010864,0.9190041422843933,1.1321284770965576,1.3494597673416138,1.3806450366973877,1.7472171783447266,1.8959075212478638,2.2178642749786377,2.1223113536834717,1.8052971363067627,1.5195928812026978,1.3536535501480103,1.0882511138916016,0.7211942672729492,0.5901769995689392,0.4612668454647064,0.5270606279373169,0.6242666244506836,0.958138644695282,0.9934086799621582,1.2839574813842773,1.40987229347229,1.7795159816741943,1.886328101158142,1.8249225616455078,1.477144479751587,1.6335729360580444,1.3359233140945435,1.3913476467132568,1.1134216785430908,1.356006383895874,1.2733688354492188,1.644273042678833,1.6142421960830688,1.33805513381958,1.5438083410263062,1.4702014923095703,1.6088823080062866,2.0267086029052734,1.8705008029937744,1.644837737083435,1.8042104244232178,1.6133629083633423,1.5445401668548584,1.3357747793197632,1.5474615097045898,1.4065728187561035,1.726746916770935,1.8647207021713257,1.5836173295974731,1.7183810472488403,1.5347269773483276,1.7559890747070312,1.9171030521392822,1.6789519786834717,1.3776311874389648,1.4744044542312622,1.1914136409759521,1.3675087690353394,1.1516997814178467,1.46063232421875,1.5047292709350586,1.8624390363693237,1.9245306253433228,1.7523117065429688,2.111107349395752,2.1229701042175293,2.40232253074646
A7,1.7018996477127075,1.4484983682632446,1.1003378629684448,0.9811475276947021,0.6277357935905457,0.3810352385044098,0.0,0.3836049437522888,0.6054291725158691,0.9001110792160034,1.0682703256607056,1.0351554155349731,1.3988763093948364,1.532494068145752,1.8452972173690796,1.8059591054916382,1.5046342611312866,1.2221285104751587,1.1317164897918701,0.8862972855567932,0.6011306643486023,0.4889522194862366,0.6253457069396973,0.7060822248458862,0.9427980184555054,1.2235387563705444,1.1669689416885376,1.465071201324463,1.5224930047988892,1.878679871559143,1.5728646516799927,1.4763399362564087,1.1330162286758423,1.2987557649612427,1.022826910018921,1.105574607849121,0.8833513855934143,1.1954169273376465,1.1789075136184692,1.561486840248108,1.6155306100845337,1.3847068548202515,1.6467469930648804,1.6063194274902344,1.8122986555099487,2.08270001411438,1.8957149982452393,1.6157681941986084,1.7099121809005737,1.4567286968231201,1.3267730474472046,1.0587602853775024,1.219923496246338,1.041678786277771,1.364996314048767,1.485662579536438,1.2037302255630493,1.356129765510559,1.2098090648651123,1.465512990951538,2.1349215507507324,1.868475317955017,1.559893012046814,1.5671374797821045,1.258504867553711,1.3322821855545044,1.0356218814849854,1.311316967010498,1.2715672254562378,1.6395443677902222,1.6653714179992676,1.4486688375473022,1.7912722826004028,1.7822340726852417,2.0435678958892822
A8,2.0561623573303223,1.7819855213165283,1.4522346258163452,1.270626425743103,0.9410043358802795,0.6054803133010864,0.3836049437522888,0.0,0.371290385723114,0.5486400723457336,0.7461463212966919,0.8182236552238464,1.1831549406051636,1.3886409997940063,1.714016318321228,1.5682867765426636,1.2289515733718872,0.9924628138542175,0.8344640135765076,0.6802981495857239,0.4494653642177582,0.60575932264328,0.7932882308959961,1.00479257106781,1.195329189300537,1.4916528463363647,1.4930834770202637,1.813550353050232,1.897512435913086,2.2545766830444336,1.4493920803070068,1.4120829105377197,1.1294749975204468,1.3914737701416016,1.1996479034423828,1.3500787019729614,1.1942211389541626,1.531478762626648,1.52060866355896,1.901961326599121,1.9805612564086914,1.738135814666748,1.9780681133270264,1.8925490379333496,2.084648609161377,2.368497610092163,2.2133312225341797,1.912868618965149,2.0158257484436035,1.7314186096191406,1.600000023841858,1.2795538902282715,1.3888142108917236,1.139042615890503,1.447074055671692,1.4778958559036255,1.1364470720291138,1.211453914642334,1.0002614259719849,1.18462336063385,2.284175157546997,2.063060760498047,1.720112681388855,1.7353756427764893,1.3892607688903809,1.4714044332504272,1.1675808429718018,1.3590099811553955,1.3258237838745117,1.6662931442260742,1.6149767637252808,1.4273616075515747,1.7679195404052734,1.8059847354888916,2.0220947265625
A9,2.295210123062134,2.0368614196777344,1.6951216459274292,1.571955680847168,1.22942316532135,0.9190041422843933,0.6054291725158691,0.371290385723114,0.0,0.3812558650970459,0.5389373302459717,0.4970667362213135,0.8431470990180969,1.0250741243362427,1.3620096445083618,1.2169958353042603,0.9004468321800232,0.6468729376792908,0.6003457903862,0.5003736019134521,0.5106090903282166,0.6869176626205444,1.0000495910644531,1.2083641290664673,1.4664543867111206,1.7161638736724854,1.6702271699905396,2.000149726867676,2.055626153945923,2.3917577266693115,1.3181158304214478,1.228460669517517,0.9957481026649475,1.2617008686065674,1.1266100406646729,1.2674188613891602,1.1778126955032349,1.5228406190872192,1.5357334613800049,1.8998916149139404,2.045673370361328,1.8311283588409424,2.085226058959961,2.006840229034424,2.242539644241333,2.4043164253234863,2.247549295425415,1.910375952720642,1.9728590250015259,1.6461572647094727,1.496516466140747,1.1354328393936157,1.1941211223602295,0.9232779145240784,1.2321645021438599,1.1943416595458984,0.8412789702415466,0.9482737183570862,0.8123936057090759,1.0082342624664307,2.425293207168579,2.190931558609009,1.8500337600708008,1.7910711765289307,1.441985011100769,1.4336683750152588,1.094041347503662,1.205424427986145,1.102647066116333,1.419991135597229,1.3167898654937744,1.1108479499816895,1.432185411453247,1.4825340509414673,1.6759679317474365
A10,2.5881478786468506,2.30446195602417,1.9825544357299805,1.8029026985168457,1.484797477722168,1.1321284770965576,0.9001110792160034,0.5486400723457336,0.3812558650970459,0.0,0.37488672137260437,0.568146288394928,0.8349193930625916,1.0993239879608154,1.4305299520492554,1.1100608110427856,0.7426098585128784,0.5936575531959534,0.3770812153816223,0.5025275349617004,0.6091665029525757,0.9274541735649109,1.1920956373214722,1.4674556255340576,1.6729133129119873,1.936240792274475,1.9484511613845825,2.293306350708008,2.3842520713806152,2.72813081741333,1.400760531425476,1.3899785280227661,1.2325807809829712,1.5514637231826782,1.4676913022994995,1.637906789779663,1.5586928129196167,1.9016878604888916,1.8964961767196655,2.2613699436187744,2.3986854553222656,2.1606054306030273,2.385796546936035,2.265169382095337,2.472557544708252,2.682094097137451,2.5600357055664062,2.223942995071411,2.314434051513672,1.9877952337265015,1.8604748249053955,1.4950462579727173,1.5409060716629028,1.2544291019439697,1.5276800394058228,1.420876145362854,1.049628496170044,1.050072193145752,0.8444189429283142,0.8917627334594727,2.5443601608276367,2.3600666522979736,1.9987913370132446,1.9685423374176025,1.6053833961486816,1.6328376531600952,1.3290818929672241,1.3736727237701416,1.3190237283706665,1.583428978919983,1.4187512397766113,1.2841769456863403,1.5867000818252563,1.6950690746307373,1.8403732776641846
A11,2.762812852859497,2.5121357440948486,2.164872884750366,2.0061936378479004,1.661028265953064,1.3494597673416138,1.0682703256607056,0.7461463212966919,0.5389373302459717,0.37488672137260437,0.0,0.3759535253047943,0.6087324023246765,0.9481161832809448,1.2213071584701538,1.0173039436340332,0.6552097201347351,0.6633391976356506,0.6337094902992249,0.8259093165397644,0.9448674917221069,1.209108591079712,1.48956298828125,1.7193005084991455,1.9374920129776,2.216940402984619,2.193657636642456,2.516843557357788,2.562174081802368,2.9018146991729736,1.0665600299835205,1.0964218378067017,1.015704870223999,1.372580885887146,1.3754656314849854,1.6096247434616089,1.612446904182434,1.9803526401519775,2.041961193084717,2.397928237915039,2.5580222606658936,2.3604319095611572,2.622478723526001,2.5420289039611816,2.7671520709991455,2.937204599380493,2.779953956604004,2.4364023208618164,2.473928689956665,2.1307244300842285,1.9430780410766602,1.5695158243179321,1.5233638286590576,1.1872915029525757,1.3794701099395752,1.2335906028747559,0.8642491698265076,0.7508944272994995,0.5059483051300049,0.520858883857727,2.8961894512176514,2.692106008529663,2.3382198810577393,2.2920563220977783,1.9342594146728516,1.926383376121521,1.5945188999176025,1.634597659111023,1.5060495138168335,1.7625584602355957,1.5601330995559692,1.369839072227478,1.6118954420089722,1.6685899496078491,1.7485246658325195
A12,2.6906559467315674,2.466912269592285,2.1056277751922607,2.0141918659210205,1.6527622938156128,1.3806450366973877,1.0351554155349731,0.8182236552238464,0.4970667362213135,0.568146288394928,0.3759535253047943,0.0,0.3755634129047394,0.6352815628051758,0.9264206886291504,0.890536367893219,0.6101828813552856,0.5404154658317566,0.7158176302909851,0.8231704831123352,0.9846654534339905,1.1552621126174927,1.490105390548706,1.6696728467941284,1.9457261562347412,2.1903791427612305,2.1069881916046143,2.4187324047088623,2.42482328414917,2.742156505584717,0.9892222285270691,0.8899098634719849,0.8024516701698303,1.107241153717041,1.1250799894332886,1.3270004987716675,1.3741830587387085,1.7311819791793823,1.8204185962677002,2.1530396938323975,2.3534719944000244,2.1927828788757324,2.47598934173584,2.4295949935913086,2.6923696994781494,2.7612831592559814,2.5820205211639404,2.225799322128296,2.2175686359405518,1.860028862953186,1.6485047340393066,1.2730437517166138,1.1841363906860352,0.8518903851509094,1.0405235290527344,0.8775317668914795,0.5072742700576782,0.5081160664558411,0.4635193347930908,0.6557232141494751,2.8864567279815674,2.6439363956451416,2.3105831146240234,2.2093021869659424,1.8701114654541016,1.7934043407440186,1.4391405582427979,1.4697387218475342,1.2693333625793457,1.524999737739563,1.329850435256958,1.079897165298462,1.2969975471496582,1.312294840812683,1.3986141681671143
A13,3.032817840576172,2.815687894821167,2.4545884132385254,2.3797101974487305,2.0189015865325928,1.7472171783447266,1.3988763093948364,1.1831549406051636,0.8431470990180969,0.8349193930625916,0.6087324023246765,0.3755634129047394,0.0,0.37622594833374023,0.618781328201294,0.598331868648529,0.44015780091285706,0.5604087114334106,0.8534455299377441,1.0421572923660278,1.2884937524795532,1.4659855365753174,1.819466471672058,2.004396915435791,2.2954800128936768,2.5206010341644287,2.4248814582824707,2.7382099628448486,2.7329554557800293,3.033437490463257,1.0506908893585205,0.9354636669158936,0.9852200746536255,1.2513670921325684,1.3491878509521484,1.5330873727798462,1.6337732076644897,1.9685299396514893,2.0700879096984863,2.3740806579589844,2.611481189727783,2.4710121154785156,2.751927137374878,2.705193519592285,2.9839987754821777,2.981825351715088,2.810199022293091,2.441140651702881,2.4051003456115723,2.034392833709717,1.8215301036834717,1.4536950588226318,1.3085129261016846,1.0058913230895996,1.110417127609253,0.8321743011474609,0.5542248487472534,0.49355289340019226,0.614400327205658,0.6868777275085449,3.1476104259490967,2.9095418453216553,2.5806472301483154,2.444129228591919,2.114410400390625,1.9923443794250488,1.649153470993042,1.6046127080917358,1.3694485425949097,1.5492186546325684,1.2882529497146606,1.0594367980957031,1.1779208183288574,1.2089529037475586,1.2001341581344604
A14,3.073439359664917,2.8744239807128906,2.517610549926758,2.4955546855926514,2.139939069747925,1.8959075212478638,1.532494068145752,1.3886409997940063,1.0250741243362427,1.0993239879608154,0.9481161832809448,0.6352815628051758,0.37622594833374023,0.0,0.3687029182910919,0.5846803188323975,0.6334001421928406,0.6575108170509338,1.0389482975006104,1.156731367111206,1.4305202960968018,1.5384900569915771,1.9143444299697876,2.065617561340332,2.3929781913757324,2.574113368988037,2.4375221729278564,2.7402050495147705,2.711681604385376,2.981614351272583,1.2569327354431152,1.0388799905776978,1.0904349088668823,1.2497472763061523,1.349901556968689,1.4564093351364136,1.5856573581695557,1.8747844696044922,1.9800053834915161,2.2424561977386475,2.519667863845825,2.41104793548584,2.690978527069092,2.6628432273864746,2.9689369201660156,2.860527753829956,2.6867318153381348,2.3112125396728516,2.2375807762145996,1.8627358675003052,1.6559441089630127,1.3127083778381348,1.138357162475586,0.9141225814819336,0.9935417771339417,0.6740669012069702,0.5412031412124634,0.6616495251655579,0.9147139191627502,1.0448715686798096,3.1572372913360596,2.898282527923584,2.594428300857544,2.405273914337158,2.1056911945343018,1.918086051940918,1.5850841999053955,1.4997221231460571,1.2097169160842896,1.3371126651763916,1.0736154317855835,0.8175801634788513,0.8481685519218445,0.8586239218711853,0.8260756731033325
A15,3.340132474899292,3.1666486263275146,2.8022079467773438,2.80029296875,2.43827486038208,2.2178642749786377,1.8452972173690796,1.714016318321228,1.3620096445083618,1.4305299520492554,1.2213071584701538,0.9264206886291504,0.618781328201294,0.3687029182910919,0.0,0.754871129989624,0.9033279418945312,1.012283444404602,1.3870517015457153,1.5245312452316284,1.7913124561309814,1.8876432180404663,2.262239456176758,2.391428232192993,2.724003791809082,2.905083417892456,2.746588945388794,3.030693292617798,2.970343828201294,3.2236316204071045,1.2641879320144653,1.0360872745513916,1.1955673694610596,1.3054959774017334,1.4887694120407104,1.6063039302825928,1.8010448217391968,2.0744106769561768,2.221806287765503,2.4537291526794434,2.7505548000335693,2.679720163345337,2.9745209217071533,2.9731085300445557,3.2902841567993164,3.1340034008026123,2.942323923110962,2.5706732273101807,2.452409267425537,2.0823097229003906,1.8459357023239136,1.535980463027954,1.2898731231689453,1.0913413763046265,1.0401562452316284,0.6717661023139954,0.7083411812782288,0.7465433478355408,1.0700074434280396,1.172438621520996,3.5073800086975098,3.238159656524658,2.9441475868225098,2.7413690090179443,2.453648805618286,2.245448112487793,1.9157865047454834,1.823499083518982,1.5094038248062134,1.5975456237792969,1.3315279483795166,1.080938696861267,0.990372359752655,0.9245678186416626,0.7391701936721802
B1,3.4309632778167725,3.184513568878174,2.848917007446289,2.7678565979003906,2.4311113357543945,2.1223113536834717,1.8059591054916382,1.5682867765426636,1.2169958353042603,1.1100608110427856,1.0173039436340332,0.890536367893219,0.598331868648529,0.5846803188323975,0.754871129989624,0.0,0.3812955915927887,0.6170820593833923,0.9123557209968567,1.162941575050354,1.5150409936904907,1.7240630388259888,2.0814788341522217,2.312680721282959,2.6064250469207764,2.788161516189575,2.716343879699707,3.055309534072876,3.0874407291412354,3.372847318649292,1.6158827543258667,1.503034234046936,1.5705897808074951,1.7959786653518677,1.8734625577926636,1.9850125312805176,2.0531046390533447,2.342724084854126,2.3837835788726807,2.6623291969299316,2.922929525375366,2.7611875534057617,2.9948232173919678,2.8985178470611572,3.1766250133514404,3.1158621311187744,3.0035316944122314,2.625108003616333,2.616183280944824,2.2470457553863525,2.1095705032348633,1.7582154273986816,1.6622563600540161,1.4457570314407349,1.5718036890029907,1.2554301023483276,1.069594383239746,1.0727823972702026,1.188329815864563,1.1433768272399902,3.2129292488098145,3.014127016067505,2.6891729831695557,2.5166542530059814,2.2043755054473877,2.0488040447235107,1.764560580253601,1.5929635763168335,1.3996151685714722,1.4413175582885742,1.0965391397476196,1.0321450233459473,1.0657230615615845,1.2464599609375,1.1840555667877197
B2,3.1748504638671875,2.9163334369659424,2.5801830291748047,2.4652857780456543,2.1291072368621826,1.8052971363067627,1.5046342611312866,1.2289515733718872,0.9004468321800232,0.7426098585128784,0.6552097201347351,0.6101828813552856,0.44015780091285706,0.6334001421928406,0.9033279418945312,0.3812955915927887,0.0,0.3791729509830475,0.5981534719467163,0.8904900550842285,1.211624264717102,1.4612990617752075,1.800578236579895,2.0493321418762207,2.3175487518310547,2.530118227005005,2.4850971698760986,2.828965425491333,2.878103733062744,3.1867690086364746,1.4285428524017334,1.3618894815444946,1.3761731386184692,1.6555194854736328,1.6983277797698975,1.846808671951294,1.879229187965393,2.199460744857788,2.2336413860321045,2.5474791526794434,2.771963119506836,2.584855079650879,2.8215906620025635,2.7168960571289062,2.974165916442871,3.005420684814453,2.886752128601074,2.5158002376556396,2.537472724914551,2.1725471019744873,2.027615785598755,1.6556363105773926,1.5926083326339722,1.3270328044891357,1.5001455545425415,1.2328755855560303,0.9499157667160034,0.9191122651100159,0.9260300397872925,0.8745691776275635,3.0177054405212402,2.8248422145843506,2.482180118560791,2.3551976680755615,2.0182206630706787,1.9193682670593262,1.617151141166687,1.5075929164886475,1.3502510786056519,1.4782670736312866,1.1766605377197266,1.0743229389190674,1.2246224880218506,1.3785244226455688,1.3910926580429077
B3,2.851128101348877,2.587477922439575,2.2613942623138428,2.1644694805145264,1.8392055034637451,1.5195928812026978,1.2221285104751587,0.9924628138542175,0.6468729376792908,0.5936575531959534,0.6633391976356506,0.5404154658317566,0.5604087114334106,0.6575108170509338,1.012283444404602,0.6170820593833923,0.3791729509830475,0.0,0.3967929780483246,0.5618891716003418,0.9015268087387085,1.1134010553359985,1.4657824039459229,1.7069954872131348,1.9913214445114136,2.180649995803833,2.1275806427001953,2.4750425815582275,2.534269094467163,2.8386054039001465,1.5112242698669434,1.388501763343811,1.305016279220581,1.5488555431365967,1.5143640041351318,1.6095373630523682,1.5898241996765137,1.891331434249878,1.8909116983413696,2.2072153091430664,2.423856735229492,2.2244598865509033,2.4502012729644775,2.3408091068267822,2.602442502975464,2.628721237182617,2.5158755779266357,2.1469037532806396,2.1885311603546143,1.830703616142273,1.7159032821655273,1.346864104270935,1.3500937223434448,1.1213020086288452,1.3736088275909424,1.1729156970977783,0.8722204566001892,0.9726904034614563,0.9806907773017883,1.048057198524475,2.6658408641815186,2.4584808349609375,2.1221728324890137,1.9842370748519897,1.6503626108169556,1.5447393655776978,1.238242745399475,1.1452500820159912,1.000438928604126,1.1724268198013306,0.9214343428611755,0.8050843477249146,1.0514130592346191,1.2177985906600952,1.3336031436920166
B4,2.770484209060669,2.472930669784546,2.170093297958374,2.011622667312622,1.714097023010254,1.3536535501480103,1.1317164897918701,0.8344640135765076,0.6003457903862,0.3770812153816223,0.6337094902992249,0.7158176302909851,0.8534455299377441,1.0389482975006104,1.3870517015457153,0.9123557209968567,0.5981534719467163,0.3967929780483246,0.0,0.37052398920059204,0.6819738149642944,0.9954842329025269,1.2872546911239624,1.5867981910705566,1.814464807510376,2.025691270828247,2.0394134521484375,2.402345657348633,2.5122432708740234,2.838364839553833,1.6604841947555542,1.6044262647628784,1.4768342971801758,1.760161280632019,1.6785309314727783,1.7897480726242065,1.703743815422058,2.011255979537964,1.9666800498962402,2.309997081756592,2.475036144256592,2.2280466556549072,2.4220852851867676,2.269144296646118,2.4870331287384033,2.6319940090179443,2.548910140991211,2.199796438217163,2.304452896118164,1.971882939338684,1.8931838274002075,1.5310859680175781,1.600584864616394,1.3635234832763672,1.6515567302703857,1.498388648033142,1.157782793045044,1.2105814218521118,1.094965934753418,1.1110334396362305,2.4755656719207764,2.309821844100952,1.951534390449524,1.8776500225067139,1.5232360363006592,1.5095577239990234,1.2379409074783325,1.1827198266983032,1.1549828052520752,1.351722002029419,1.150251030921936,1.100707769393921,1.3955498933792114,1.5788806676864624,1.7239471673965454
B5,2.4456710815429688,2.1443865299224854,1.853692889213562,1.7179409265518188,1.4369328022003174,1.0882511138916016,0.8862972855567932,0.6802981495857239,0.5003736019134521,0.5025275349617004,0.8259093165397644,0.8231704831123352,1.0421572923660278,1.156731367111206,1.5245312452316284,1.162941575050354,0.8904900550842285,0.5618891716003418,0.37052398920059204,0.0,0.38477954268455505,0.6468501687049866,0.952735424041748,1.2448861598968506,1.4920378923416138,1.6774014234542847,1.6816965341567993,2.0479955673217773,2.168909788131714,2.490358591079712,1.770329475402832,1.667059302330017,1.4644076824188232,1.6968753337860107,1.5422677993774414,1.594889760017395,1.448594570159912,1.7263418436050415,1.6413731575012207,1.985855221748352,2.1340363025665283,1.8728410005569458,2.0549368858337402,1.8987669944763184,2.1212830543518066,2.270484685897827,2.1900618076324463,1.848551630973816,1.97809898853302,1.6638355255126953,1.6208239793777466,1.280861735343933,1.425552248954773,1.2422678470611572,1.5828330516815186,1.5023117065429688,1.1796404123306274,1.322715401649475,1.2279398441314697,1.337663173675537,2.1490602493286133,1.9595000743865967,1.606298804283142,1.5255805253982544,1.1692098379135132,1.1635692119598389,0.8877648711204529,0.890921950340271,0.9076189398765564,1.1604382991790771,1.0550956726074219,0.9939203262329102,1.3468976020812988,1.5136117935180664,1.734397530555725
B6,2.1157541275024414,1.8022582530975342,1.5195637941360474,1.3494656085968018,1.0839786529541016,0.7211942672729492,0.6011306643486023,0.4494653642177582,0.5106090903282166,0.6091665029525757,0.9448674917221069,0.9846654534339905,1.2884937524795532,1.4305202960968018,1.7913124561309814,1.5150409936904907,1.211624264717102,0.9015268087387085,0.6819738149642944,0.38477954268455505,0.0,0.37826007604599,0.6099536418914795,0.9221275448799133,1.1325381994247437,1.3553894758224487,1.391481876373291,1.754388451576233,1.8967719078063965,2.2377514839172363,1.8104552030563354,1.728440761566162,1.4620935916900635,1.6851985454559326,1.4704163074493408,1.5247180461883545,1.3160912990570068,1.5908536911010742,1.4863451719284058,1.8529417514801025,1.9407711029052734,1.6546597480773926,1.8331973552703857,1.6786609888076782,1.8701426982879639,2.1330442428588867,2.0405704975128174,1.7312679290771484,1.893552303314209,1.6169136762619019,1.5789252519607544,1.2705724239349365,1.4627161026000977,1.2872095108032227,1.6435110569000244,1.642608404159546,1.3161036968231201,1.456763744354248,1.306639313697815,1.4546133279800415,1.9528076648712158,1.755717158317566,1.3965296745300293,1.3879472017288208,1.0253124237060547,1.1185603141784668,0.8581326007843018,1.0051370859146118,1.0684611797332764,1.3768103122711182,1.3525726795196533,1.2563321590423584,1.6269798278808594,1.7425981760025024,1.9955477714538574
B7,1.8036969900131226,1.5043323040008545,1.2202917337417603,1.122825264930725,0.869343101978302,0.5901769995689392,0.4889522194862366,0.60575932264328,0.6869176626205444,0.9274541735649109,1.209108591079712,1.1552621126174927,1.4659855365753174,1.5384900569915771,1.8876432180404663,1.7240630388259888,1.4612990617752075,1.1134010553359985,0.9954842329025269,0.6468501687049866,0.37826007604599,0.0,0.3814393877983093,0.6028424501419067,0.8933432102203369,1.0711547136306763,1.0456960201263428,1.4069879055023193,1.53663969039917,1.8692615032196045,1.9170316457748413,1.7804977893829346,1.4681788682937622,1.6104521751403809,1.3339000940322876,1.3089792728424072,1.0405371189117432,1.2657538652420044,1.1245824098587036,1.4894218444824219,1.5649582147598267,1.2772588729858398,1.4665652513504028,1.340714931488037,1.5614778995513916,1.790708065032959,1.674992322921753,1.3727467060089111,1.5406312942504883,1.2890756130218506,1.2779655456542969,1.019970178604126,1.2802397012710571,1.1843640804290771,1.5584975481033325,1.629685878753662,1.3567253351211548,1.5690524578094482,1.4726344347000122,1.6900930404663086,1.7672538757324219,1.5121173858642578,1.1820896863937378,1.1436882019042969,0.8073908090591431,0.8809322714805603,0.6107680797576904,0.8792639970779419,0.9421782493591309,1.2858927249908447,1.3553847074508667,1.2283662557601929,1.6024212837219238,1.6746256351470947,1.9766275882720947
B8,1.567480444908142,1.2293463945388794,1.002278447151184,0.8429755568504333,0.6929434537887573,0.4612668454647064,0.6253457069396973,0.7932882308959961,1.0000495910644531,1.1920956373214722,1.48956298828125,1.490105390548706,1.819466471672058,1.9143444299697876,2.262239456176758,2.0814788341522217,1.800578236579895,1.4657824039459229,1.2872546911239624,0.952735424041748,0.6099536418914795,0.3814393877983093,0.0,0.3688572943210602,0.5442647337913513,0.7472246885299683,0.8239603638648987,1.1856647729873657,1.3855705261230469,1.7293894290924072,2.178849697113037,2.072160482406616,1.737636923789978,1.87164306640625,1.5637061595916748,1.5302447080612183,1.2125352621078491,1.3834830522537231,1.1917028427124023,1.542250394821167,1.5261399745941162,1.1943576335906982,1.3244049549102783,1.1623988151550293,1.3116462230682373,1.7106091976165771,1.6225789785385132,1.3871275186538696,1.6186823844909668,1.442726731300354,1.4778333902359009,1.289053201675415,1.5785948038101196,1.504452109336853,1.8683841228485107,1.9755417108535767,1.704223394393921,1.8956587314605713,1.7588560581207275,1.9646000862121582,1.5194021463394165,1.2840287685394287,0.9556209444999695,1.0345494747161865,0.736784040927887,0.9566240310668945,0.8135433197021484,1.1182082891464233,1.2556285858154297,1.5792486667633057,1.6879682540893555,1.5903396606445312,1.964645266532898,2.03468918800354,2.3482072353363037
B9,1.222730278968811,0.9067056179046631,0.6656296849250793,0.6179810166358948,0.5202063918113708,0.5270606279373169,0.7060822248458862,1.00479257106781,1.2083641290664673,1.4674556255340576,1.7193005084991455,1.6696728467941284,2.004396915435791,2.065617561340332,2.391428232192993,2.312680721282959,2.0493321418762207,1.7069954872131348,1.5867981910705566,1.2448861598968506,0.9221275448799133,0.6028424501419067,0.3688572943210602,0.0,0.3795509934425354,0.533987820148468,0.49633559584617615,0.8403873443603516,1.0191518068313599,1.3689435720443726,2.257021427154541,2.1215200424194336,1.7608510255813599,1.8253761529922485,1.4797859191894531,1.392898678779602,1.0389494895935059,1.1396492719650269,0.9315032958984375,1.2658048868179321,1.1982816457748413,0.871804416179657,1.030796766281128,0.9452759623527527,1.112665057182312,1.506274938583374,1.3678100109100342,1.1733900308609009,1.3922184705734253,1.2721785306930542,1.3111945390701294,1.2040115594863892,1.513344168663025,1.4979561567306519,1.8417261838912964,2.0129621028900146,1.790018081665039,2.011342763900757,1.9054595232009888,2.1576108932495117,1.524540901184082,1.2281439304351807,0.9771618247032166,1.042844295501709,0.8405370712280273,1.0162041187286377,0.8970395922660828,1.2573587894439697,1.35556960105896,1.6888532638549805,1.8480076789855957,1.7117313146591187,2.0667970180511475,2.0829315185546875,2.415773630142212
B10,1.1083663702011108,0.739980936050415,0.6194376945495605,0.4177536368370056,0.5458662509918213,0.6242666244506836,0.9427980184555054,1.195329189300537,1.4664543867111206,1.6729133129119873,1.9374920129776,1.9457261562347412,2.2954800128936768,2.3929781913757324,2.724003791809082,2.6064250469207764,2.3175487518310547,1.9913214445114136,1.814464807510376,1.4920378923416138,1.1325381994247437,0.8933432102203369,0.5442647337913513,0.3795509934425354,0.0,0.3705887794494629,0.5632467865943909,0.8249582648277283,1.082453966140747,1.426265835762024,2.4874215126037598,2.394052505493164,2.030766248703003,2.1163957118988037,1.7728521823883057,1.7164661884307861,1.3661084175109863,1.4505585432052612,1.2426904439926147,1.5408824682235718,1.3943712711334229,1.0624158382415771,1.1358541250228882,1.0166045427322388,1.0561678409576416,1.64626944065094,1.5478335618972778,1.4286580085754395,1.6821192502975464,1.61294424533844,1.6668462753295898,1.5782322883605957,1.8779147863388062,1.8433939218521118,2.17627215385437,2.3512816429138184,2.109812021255493,2.2959144115448,2.1444711685180664,2.370516300201416,1.4301389455795288,1.192631483078003,0.9685885310173035,1.1642099618911743,1.0103354454040527,1.2775684595108032,1.223480224609375,1.5660932064056396,1.7065730094909668,2.026944875717163,2.182635545730591,2.0683465003967285,2.4306225776672363,2.4578189849853516,2.7858994007110596
B11,1.0416029691696167,0.6819020509719849,0.7026695013046265,0.6758152842521667,0.8557853102684021,0.958138644695282,1.2235387563705444,1.4916528463363647,1.7161638736724854,1.936240792274475,2.216940402984619,2.1903791427612305,2.5206010341644287,2.574113368988037,2.905083417892456,2.788161516189575,2.530118227005005,2.180649995803833,2.025691270828247,1.6774014234542847,1.3553894758224487,1.0711547136306763,0.7472246885299683,0.533987820148468,0.3705887794494629,0.0,0.37394076585769653,0.6105794310569763,0.9461039900779724,1.23739755153656,2.778332233428955,2.6497859954833984,2.2846286296844482,2.3292689323425293,1.9715417623519897,1.8477134704589844,1.479269027709961,1.4733318090438843,1.196666955947876,1.4276751279830933,1.2422903776168823,0.89003986120224,0.8521998524665833,0.6885694265365601,0.6861352324485779,1.3340444564819336,1.2813557386398315,1.2247376441955566,1.5281184911727905,1.5295034646987915,1.6614446640014648,1.6399885416030884,1.9786583185195923,2.008204460144043,2.3466298580169678,2.5312881469726562,2.3195817470550537,2.54476261138916,2.4296884536743164,2.6674466133117676,1.152983546257019,0.8794326782226562,0.7410770058631897,0.9442896246910095,0.9072017669677734,1.1731009483337402,1.2173861265182495,1.55324387550354,1.7303677797317505,2.014228105545044,2.2231783866882324,2.141211748123169,2.4919400215148926,2.5269227027893066,2.8789052963256836
B12,0.9154092669487,0.6372696757316589,0.5689421892166138,0.735819935798645,0.8309623003005981,0.9934086799621582,1.1669689416885376,1.4930834770202637,1.6702271699905396,1.9484511613845825,2.193657636642456,2.1069881916046143,2.4248814582824707,2.4375221729278564,2.746588945388794,2.716343879699707,2.4850971698760986,2.1275806427001953,2.0394134521484375,1.6816965341567993,1.391481876373291,1.0456960201263428,0.8239603638648987,0.49633559584617615,0.5632467865943909,0.37394076585769653,0.0,0.3777572214603424,0.6377449035644531,0.9436451196670532,2.655487060546875,2.486605644226074,2.118441343307495,2.107422113418579,1.740330457687378,1.5663232803344727,1.1965540647506714,1.1318649053573608,0.8461931347846985,1.059951663017273,0.8754587173461914,0.5249673128128052,0.5821980237960815,0.565468966960907,0.7218154072761536,1.1409682035446167,0.998729407787323,0.9287539124488831,1.1898024082183838,1.2102468013763428,1.3367528915405273,1.3691166639328003,1.7096692323684692,1.7878484725952148,2.1077728271484375,2.322808265686035,2.156132459640503,2.4137277603149414,2.345928192138672,2.6211302280426025,1.3651845455169678,1.0171897411346436,0.9183142185211182,0.9764606356620789,0.9539470672607422,1.1011792421340942,1.107128620147705,1.4658318758010864,1.5815463066101074,1.872979760169983,2.10483980178833,1.9844802618026733,2.3112876415252686,2.3041951656341553,2.6632919311523438
B13,0.6246883273124695,0.46450451016426086,0.5699864625930786,0.8539888858795166,1.0320426225662231,1.2839574813842773,1.465071201324463,1.813550353050232,2.000149726867676,2.293306350708008,2.516843557357788,2.4187324047088623,2.7382099628448486,2.7402050495147705,3.030693292617798,3.055309534072876,2.828965425491333,2.4750425815582275,2.402345657348633,2.0479955673217773,1.754388451576233,1.4069879055023193,1.1856647729873657,0.8403873443603516,0.8249582648277283,0.6105794310569763,0.3777572214603424,0.0,0.3741668164730072,0.6302637457847595,2.8829829692840576,2.7086827754974365,2.3353662490844727,2.2796614170074463,1.9076095819473267,1.710444688796997,1.3579005002975464,1.213762640953064,0.9594987034797668,1.0639994144439697,0.7662527561187744,0.5230302810668945,0.5105864405632019,0.6608312129974365,0.7320069074630737,1.1380301713943481,0.9623764753341675,1.0218645334243774,1.239970326423645,1.3532295227050781,1.4788870811462402,1.5872306823730469,1.9087291955947876,2.0195727348327637,2.3047091960906982,2.5575287342071533,2.4236295223236084,2.6839699745178223,2.6256492137908936,2.91778302192688,1.5159692764282227,1.1750636100769043,1.180959701538086,1.2481660842895508,1.2962133884429932,1.4200600385665894,1.4468227624893188,1.8004801273345947,1.8955711126327515,2.1759796142578125,2.427220582962036,2.29156231880188,2.597395420074463,2.5562744140625,2.9167349338531494
