,A1,A2,A3,A4,A5,A6,A7,A8,A9,A10,A11,A12,A13,A14,A15,B1,B2,B3,B4,B5,B6,B7,B8,B9,B10,B11,B12,B13,B14,B15,C1,C2,C3,C4,C5,C6,C7,C8,C9,C10,C11,C12,C13,C14,C15,D1,D2,D3,D4,D5,D6,D7,D8,D9,D10,D11,D12,D13,D14,D15,E1,E2,E3,E4,E5,E6,E7,E8,E9,E10,E11,E12,E13,E14,E15
A1,0.0,0.40148475766181946,0.6235037446022034,0.8400669097900391,1.1235722303390503,1.340098261833191,1.47129225730896,1.5924636125564575,1.943918228149414,2.065025568008423,2.179185628890991,2.3425168991088867,2.7054316997528076,2.9724512100219727,3.2699503898620605,3.226738929748535,3.013683795928955,2.7235941886901855,2.803098440170288,2.6151211261749268,2.6711983680725098,2.484973430633545,2.749662399291992,2.57029390335083,2.9220237731933594,2.9733009338378906,2.6351685523986816,2.7497212886810303,2.503349542617798,2.643022060394287,3.070978879928589,3.030363082885742,2.6492769718170166,2.69642972946167,2.749711513519287,2.7040421962738037,2.363598585128784,2.505964994430542,2.310105562210083,2.6046929359436035,2.4088099002838135,2.1258833408355713,2.238346576690674,2.1303560733795166,2.1055819988250732,1.5979843139648438,1.276289701461792,1.407066822052002,1.1389511823654175,0.9323134422302246,1.0735713243484497,1.4381811618804932,1.5477955341339111,1.8303894996643066,1.9301902055740356,2.229623794555664,2.3404204845428467,2.6683335304260254,2.8911664485931396,3.2202727794647217,3.2496979236602783,2.8692991733551025,2.731496810913086,2.4426698684692383,2.191354274749756,1.896090030670166,1.8922843933105469,1.6903842687606812,1.5711642503738403,1.422128677368164,1.7377426624298096,1.7814550399780273,1.8161827325820923,1.8995429277420044,2.2290618419647217
A2,0.40148475766181946,0.0,0.38640373945236206,0.5633489489555359,0.7606949210166931,1.026474952697754,1.2168594598770142,1.3875216245651245,1.7420175075531006,1.8936697244644165,2.062502861022949,2.191176652908325,2.5577051639556885,2.793570041656494,3.1134490966796875,2.841468095779419,2.6411283016204834,2.3549818992614746,2.461333990097046,2.2858669757843018,2.3746931552886963,2.2012901306152344,2.496419906616211,2.358750104904175,2.729983329772949,2.787283420562744,2.469916582107544,2.633542537689209,2.432760000228882,2.5989954471588135,3.0142321586608887,2.9242992401123047,2.5373952388763428,2.539456605911255,2.5627033710479736,2.4762327671051025,2.1245675086975098,2.2415716648101807,2.0073630809783936,2.2935376167297363,2.107154607772827,1.7975943088531494,1.8866499662399292,1.7497669458389282,1.7308404445648193,1.4267711639404297,1.0556983947753906,1.152849555015564,0.958737313747406,0.6857155561447144,0.9305550456047058,1.244327187538147,1.4456346035003662,1.7165367603302002,1.8916696310043335,2.1614320278167725,2.2255334854125977,2.5773417949676514,2.7795984745025635,3.1076037883758545,2.997762680053711,2.6344571113586426,2.474331855773926,2.1639482975006104,1.9563207626342773,1.6281471252441406,1.5837990045547485,1.3412688970565796,1.2112270593643188,1.0277738571166992,1.3411149978637695,1.411230206489563,1.4656816720962524,1.5983753204345703,1.9346493482589722
A3,0.6235037446022034,0.38640373945236206,0.0,0.3890503942966461,0.5917767882347107,0.8423638343811035,0.935451328754425,1.1612623929977417,1.4791895151138306,1.6873888969421387,1.8269346952438354,1.9100847244262695,2.286041259765625,2.501728057861328,2.812622547149658,2.6587531566619873,2.4221153259277344,2.1325440406799316,2.191213369369507,1.9942724704742432,2.0496418476104736,1.8770301342010498,2.157965660095215,2.0130324363708496,2.3781697750091553,2.4598278999328613,2.1495912075042725,2.3216373920440674,2.1356096267700195,2.337078809738159,2.642033576965332,2.5487420558929443,2.161586284637451,2.157625913619995,2.1955575942993164,2.1132609844207764,1.7625572681427002,1.8921030759811401,1.6885305643081665,1.9926501512527466,1.8220854997634888,1.5328718423843384,1.6860681772232056,1.6077594757080078,1.6596835851669312,1.3180911540985107,0.948432445526123,0.928172767162323,0.6762745976448059,0.3447495102882385,0.5471172332763672,0.8616969585418701,1.0653177499771118,1.3332079648971558,1.5221309661865234,1.7837367057800293,1.8399661779403687,2.1936354637145996,2.3986077308654785,2.72318696975708,2.8027920722961426,2.4395763874053955,2.24446439743042,1.9652096033096313,1.7403727769851685,1.4332305192947388,1.3475455045700073,1.1695823669433594,0.9897910356521606,0.9258852601051331,1.2412023544311523,1.2191369533538818,1.3095858097076416,1.3874300718307495,1.7439347505569458
A4,0.8400669097900391,0.5633489489555359,0.3890503942966461,0.0,0.39198869466781616,0.5051822066307068,0.6640790700912476,0.8328548669815063,1.1825486421585083,1.3541511297225952,1.5410994291305542,1.647434949874878,2.0119311809539795,2.237943410873413,2.5652363300323486,2.4834606647491455,2.2813899517059326,1.9564188718795776,2.022885322570801,1.8897147178649902,1.9342427253723145,1.7105042934417725,1.9880226850509644,1.8380917310714722,2.212937116622925,2.245110034942627,1.9304351806640625,2.1117355823516846,1.9412997961044312,2.1197285652160645,2.6159465312957764,2.4828524589538574,2.0997307300567627,2.106335401535034,2.076676845550537,2.0075206756591797,1.6778483390808105,1.8476088047027588,1.633171558380127,1.9694031476974487,1.8655208349227905,1.5431830883026123,1.7037791013717651,1.5743732452392578,1.6732385158538818,1.6217070817947388,1.2357361316680908,1.1519402265548706,0.9645896553993225,0.5738191604614258,0.6945528984069824,0.9110665321350098,1.178745985031128,1.3519177436828613,1.600472092628479,1.8756152391433716,1.8572425842285156,2.2127938270568848,2.357776403427124,2.701117515563965,2.453315258026123,2.087843656539917,1.9180835485458374,1.6218445301055908,1.3998936414718628,1.0810576677322388,1.052992820739746,0.8739258050918579,0.8113551735877991,0.7729600071907043,1.1468204259872437,1.184659719467163,1.375752568244934,1.5206321477890015,1.885054349899292
A5,1.1235722303390503,0.7606949210166931,0.5917767882347107,0.39198869466781616,0.0,0.3812330961227417,0.6354795098304749,0.9074783325195312,1.2038464546203613,1.4282269477844238,1.6661320924758911,1.7044907808303833,2.059987783432007,2.2279412746429443,2.572532892227173,2.120734214782715,1.9245175123214722,1.613775610923767,1.7208284139633179,1.5894813537597656,1.6912468671798706,1.5092658996582031,1.8338327407836914,1.7582651376724243,2.147860050201416,2.206080198287964,1.9355533123016357,2.177284002304077,2.071748733520508,2.283325672149658,2.6751906871795654,2.4966063499450684,2.118978500366211,2.057366371154785,2.007258415222168,1.8722633123397827,1.5287927389144897,1.638729214668274,1.3682299852371216,1.6769495010375977,1.576086163520813,1.2264814376831055,1.3503077030181885,1.1922043561935425,1.3083685636520386,1.494955062866211,1.1115458011627197,0.9813011884689331,0.9310044050216675,0.5825344920158386,0.8009178042411804,0.8840045928955078,1.23386812210083,1.3947126865386963,1.7010552883148193,1.912635326385498,1.8577394485473633,2.22682523727417,2.359471321105957,2.6835572719573975,2.361492872238159,2.031054973602295,1.8185285329818726,1.5010827779769897,1.3642736673355103,1.0096697807312012,0.8673539757728577,0.6051920056343079,0.46460282802581787,0.39062559604644775,0.7591501474380493,0.8165765404701233,1.0411871671676636,1.241207242012024,1.5952399969100952
A6,1.340098261833191,1.026474952697754,0.8423638343811035,0.5051822066307068,0.3812330961227417,0.0,0.3777015209197998,0.5657373070716858,0.8624457120895386,1.0611573457717896,1.3283452987670898,1.3769128322601318,1.7176588773727417,1.8967918157577515,2.248159170150757,2.0593061447143555,1.8855232000350952,1.533334732055664,1.6056491136550903,1.5439172983169556,1.5917390584945679,1.3395920991897583,1.630920648574829,1.5278902053833008,1.913740873336792,1.9202326536178589,1.6427676677703857,1.8816497325897217,1.7903958559036255,1.9818813800811768,2.532637119293213,2.3295810222625732,1.9643713235855103,1.931618332862854,1.8220620155334473,1.7260273694992065,1.4241793155670166,1.6001453399658203,1.3657459020614624,1.7137607336044312,1.6959630250930786,1.3561577796936035,1.5242375135421753,1.3658775091171265,1.5484399795532227,1.843377709388733,1.4705084562301636,1.29171621799469,1.2142980098724365,0.8571476936340332,0.9332301616668701,0.9496890306472778,1.2899925708770752,1.3505128622055054,1.682029366493225,1.9101444482803345,1.7940948009490967,2.148125648498535,2.2220990657806396,2.561945915222168,2.001410722732544,1.6596025228500366,1.46699059009552,1.1493109464645386,0.9910767674446106,0.6353616118431091,0.5728510618209839,0.39406105875968933,0.4971020519733429,0.5982661843299866,0.9446410536766052,1.002886414527893,1.3069933652877808,1.5018328428268433,1.8505431413650513
A7,1.47129225730896,1.2168594598770142,0.935451328754425,0.6640790700912476,0.6354795098304749,0.3777015209197998,0.0,0.38350504636764526,0.5922569036483765,0.8855918049812317,1.0794129371643066,1.074701189994812,1.4365291595458984,1.6109404563903809,1.9471579790115356,2.1052465438842773,1.8868963718414307,1.5325835943222046,1.5118122100830078,1.4302496910095215,1.394667387008667,1.1076111793518066,1.352251648902893,1.1978340148925781,1.5778448581695557,1.5995211601257324,1.3083786964416504,1.5430771112442017,1.4550517797470093,1.6818217039108276,2.157287120819092,1.9570392370224,1.5914838314056396,1.5802263021469116,1.4768978357315063,1.4203636646270752,1.1352812051773071,1.3726041316986084,1.2149181365966797,1.5968749523162842,1.6153110265731812,1.3265472650527954,1.5773440599441528,1.5041779279708862,1.7398253679275513,1.9050954580307007,1.5638216733932495,1.3218148946762085,1.1961020231246948,0.883989155292511,0.804686427116394,0.7352485060691833,1.0352331399917603,1.021005392074585,1.3623547554016113,1.590749740600586,1.4491255283355713,1.7927720546722412,1.8543493747711182,2.200850486755371,1.8990880250930786,1.5460712909698486,1.3193385601043701,1.0770834684371948,0.8457892537117004,0.5857236981391907,0.5026626586914062,0.5869207382202148,0.6202989220619202,0.8787740468978882,1.1715689897537231,1.1124444007873535,1.423198938369751,1.5345245599746704,1.883588194847107
A8,1.5924636125564575,1.3875216245651245,1.1612623929977417,0.8328548669815063,0.9074783325195312,0.5657373070716858,0.38350504636764526,0.0,0.3818010091781616,0.5384831428527832,0.7643617391586304,0.8590773344039917,1.2009994983673096,1.4404370784759521,1.7751554250717163,2.2975292205810547,2.119802236557007,1.7460507154464722,1.7129253149032593,1.6994572877883911,1.6233665943145752,1.2835637331008911,1.456929087638855,1.2463313341140747,1.5927501916885376,1.524359107017517,1.201504111289978,1.3817695379257202,1.2641977071762085,1.4255400896072388,2.1956136226654053,1.9995760917663574,1.657619833946228,1.7142845392227173,1.5607304573059082,1.5785619020462036,1.3603835105895996,1.6480066776275635,1.528637409210205,1.9150702953338623,1.971895456314087,1.688871145248413,1.9333373308181763,1.832667350769043,2.065889835357666,2.261087417602539,1.9078274965286255,1.6901005506515503,1.5318659543991089,1.1959010362625122,1.0842260122299194,1.0622928142547607,1.295388102531433,1.2209222316741943,1.52419912815094,1.789431095123291,1.6242287158966064,1.9313772916793823,1.9392169713974,2.30147385597229,1.691828727722168,1.3075597286224365,1.1602004766464233,0.934315025806427,0.6144802570343018,0.4363991320133209,0.621314525604248,0.7676044702529907,0.945529580116272,1.1545084714889526,1.468800663948059,1.4628902673721313,1.7864779233932495,1.9159660339355469,2.2638957500457764
A9,1.943918228149414,1.7420175075531006,1.4791895151138306,1.1825486421585083,1.2038464546203613,0.8624457120895386,0.5922569036483765,0.3818010091781616,0.0,0.3924868404865265,0.5627116560935974,0.5191394686698914,0.8573299646377563,1.0642468929290771,1.4038723707199097,2.2166967391967773,2.033524513244629,1.6644611358642578,1.560497522354126,1.5867996215820312,1.4424402713775635,1.0701016187667847,1.1650714874267578,0.9287938475608826,1.2498435974121094,1.1495654582977295,0.8369180560112,1.048585295677185,1.006483554840088,1.1993381977081299,1.9577029943466187,1.7240322828292847,1.4151885509490967,1.4769216775894165,1.2664049863815308,1.3244857788085938,1.1822900772094727,1.5080432891845703,1.456138014793396,1.8395228385925293,1.9632238149642944,1.7260903120040894,2.0041470527648926,1.9449933767318726,2.2266244888305664,2.469888925552368,2.1444520950317383,1.8783949613571167,1.7415167093276978,1.4531370401382446,1.2885864973068237,1.1668232679367065,1.3600349426269531,1.1805622577667236,1.4920092821121216,1.7135963439941406,1.4813652038574219,1.7507083415985107,1.6910879611968994,2.046321153640747,1.4298986196517944,1.0570213794708252,0.8709895610809326,0.7530383467674255,0.4013507664203644,0.47122976183891296,0.6319593191146851,0.9336130023002625,1.1123583316802979,1.397646188735962,1.6533374786376953,1.5985352993011475,1.9419089555740356,2.0398874282836914,2.3657145500183105
A10,2.065025568008423,1.8936697244644165,1.6873888969421387,1.3541511297225952,1.4282269477844238,1.0611573457717896,0.8855918049812317,0.5384831428527832,0.3924868404865265,0.0,0.38153302669525146,0.5570117235183716,0.7844880819320679,1.0750715732574463,1.395848274230957,2.449644088745117,2.3145785331726074,1.9373046159744263,1.857147455215454,1.9326413869857788,1.7928707599639893,1.4130686521530151,1.4692161083221436,1.2243484258651733,1.4858794212341309,1.292304515838623,0.9835151433944702,1.0980867147445679,1.0213147401809692,1.090476155281067,2.179328680038452,1.9623945951461792,1.6874929666519165,1.7984554767608643,1.5638667345046997,1.6646159887313843,1.5602421760559082,1.889284372329712,1.8335853815078735,2.211228132247925,2.3415780067443848,2.0888571739196777,2.3435072898864746,2.244230031967163,2.5076074600219727,2.7865099906921387,2.4406847953796387,2.2056140899658203,2.050060987472534,1.7281780242919922,1.577890396118164,1.5159096717834473,1.693000316619873,1.5196033716201782,1.7914924621582031,2.0426082611083984,1.8172961473464966,2.057183265686035,1.9658503532409668,2.32185435295105,1.2966169118881226,0.894234836101532,0.8626167178153992,0.7653999328613281,0.38876062631607056,0.58076411485672,0.9002649784088135,1.1476269960403442,1.4008824825286865,1.6273773908615112,1.9084248542785645,1.9115242958068848,2.2602972984313965,2.3898160457611084,2.7216579914093018
A11,2.179185628890991,2.062502861022949,1.8269346952438354,1.5410994291305542,1.6661320924758911,1.3283452987670898,1.0794129371643066,0.7643617391586304,0.5627116560935974,0.38153302669525146,0.0,0.3799522817134857,0.5872392654418945,0.950503945350647,1.207942008972168,2.71795392036438,2.5516536235809326,2.1866447925567627,2.0512330532073975,2.0987679958343506,1.9019834995269775,1.5232868194580078,1.5014069080352783,1.185815453529358,1.3793957233428955,1.1676841974258423,0.8255016803741455,0.8189308047294617,0.67103511095047,0.7139073610305786,1.920419454574585,1.7423323392868042,1.4955534934997559,1.6790635585784912,1.4679620265960693,1.6499117612838745,1.5914816856384277,1.9548808336257935,1.9673821926116943,2.3483760356903076,2.481783390045166,2.267411947250366,2.559257984161377,2.505096673965454,2.777756452560425,2.920959234237671,2.5947132110595703,2.349334478378296,2.1513261795043945,1.8611366748809814,1.6401411294937134,1.5767087936401367,1.6685802936553955,1.4474890232086182,1.6554096937179565,1.915499210357666,1.695112705230713,1.88509202003479,1.7737431526184082,2.130828380584717,1.4519199132919312,1.0725374221801758,1.0520190000534058,1.068494200706482,0.7018876671791077,0.9243532419204712,1.18255615234375,1.4581810235977173,1.6543875932693481,1.9075220823287964,2.193655252456665,2.149505853652954,2.4822468757629395,2.562350273132324,2.894665241241455
A12,2.3425168991088867,2.191176652908325,1.9100847244262695,1.647434949874878,1.7044907808303833,1.3769128322601318,1.074701189994812,0.8590773344039917,0.5191394686698914,0.5570117235183716,0.3799522817134857,0.0,0.3800460994243622,0.6506723165512085,0.9388111233711243,2.5031514167785645,2.3159477710723877,1.970350980758667,1.7839337587356567,1.8355932235717773,1.5993365049362183,1.2263352870941162,1.1496769189834595,0.8274135589599609,1.0030238628387451,0.7992416620254517,0.45391181111335754,0.5554489493370056,0.5711652040481567,0.7625207304954529,1.6701122522354126,1.4395474195480347,1.2099095582962036,1.3615363836288452,1.1127697229385376,1.30634343624115,1.299883484840393,1.6678361892700195,1.7257156372070312,2.0905120372772217,2.261915922164917,2.087501049041748,2.399289846420288,2.3864777088165283,2.6919023990631104,2.8702023029327393,2.5715270042419434,2.284789562225342,2.122310161590576,1.8748031854629517,1.6387640237808228,1.4896608591079712,1.5758904218673706,1.2975006103515625,1.5318753719329834,1.7288037538528442,1.4558672904968262,1.627889633178711,1.474655270576477,1.8193185329437256,1.3454411029815674,1.008177638053894,0.8814681768417358,0.9808492660522461,0.6733415126800537,0.9401822686195374,1.0974498987197876,1.4370722770690918,1.596896767616272,1.9063559770584106,2.142587184906006,2.0494205951690674,2.3859126567840576,2.4367690086364746,2.7456865310668945
A13,2.7054316997528076,2.5577051639556885,2.286041259765625,2.0119311809539795,2.059987783432007,1.7176588773727417,1.4365291595458984,1.2009994983673096,0.8573299646377563,0.7844880819320679,0.5872392654418945,0.3800460994243622,0.0,0.3909093141555786,0.6281222701072693,2.641279458999634,2.4838602542877197,2.152623414993286,1.943507194519043,2.0478885173797607,1.7870756387710571,1.426360845565796,1.2694056034088135,0.9799184203147888,1.0267750024795532,0.706625759601593,0.4947696030139923,0.46598297357559204,0.6255792379379272,0.7004459500312805,1.73917555809021,1.495926022529602,1.356913447380066,1.5239516496658325,1.2318726778030396,1.465760350227356,1.542724370956421,1.9011396169662476,1.9899734258651733,2.3306374549865723,2.541440486907959,2.3871469497680664,2.694671630859375,2.681781768798828,3.0005717277526855,3.2374141216278076,2.942960739135742,2.6486644744873047,2.49696683883667,2.252831220626831,2.0169904232025146,1.8556022644042969,1.9277300834655762,1.623591661453247,1.8311476707458496,1.997636079788208,1.7004799842834473,1.8107041120529175,1.584929347038269,1.8933292627334595,1.1790624856948853,0.9066379070281982,0.8679617643356323,1.0901641845703125,0.8691423535346985,1.207816481590271,1.3863905668258667,1.7380406856536865,1.927464246749878,2.2380759716033936,2.4562480449676514,2.3709003925323486,2.7170825004577637,2.7713375091552734,3.0661325454711914
A14,2.9724512100219727,2.793570041656494,2.501728057861328,2.237943410873413,2.2279412746429443,1.8967918157577515,1.6109404563903809,1.4404370784759521,1.0642468929290771,1.0750715732574463,0.950503945350647,0.6506723165512085,0.3909093141555786,0.0,0.36904871463775635,2.4826853275299072,2.329253673553467,2.0322976112365723,1.7807960510253906,1.918651819229126,1.6309722661972046,1.3067374229431152,1.072947382926941,0.8582039475440979,0.802322506904602,0.42593374848365784,0.46151450276374817,0.5539274215698242,0.8769478797912598,1.0077247619628906,1.693787932395935,1.3913594484329224,1.3179147243499756,1.422548532485962,1.0797441005706787,1.3044618368148804,1.46334969997406,1.7905267477035522,1.9168903827667236,2.2165658473968506,2.4736721515655518,2.3602190017700195,2.6666667461395264,2.681204080581665,3.024130344390869,3.334810256958008,3.064462661743164,2.7427384853363037,2.6340444087982178,2.4221293926239014,2.194643020629883,1.9743554592132568,2.052107334136963,1.721738576889038,1.9445478916168213,2.0401995182037354,1.7020375728607178,1.7774242162704468,1.4960955381393433,1.7563132047653198,1.086667537689209,0.9281297922134399,0.8183314204216003,1.1319689750671387,1.028511643409729,1.3694998025894165,1.4715774059295654,1.847618818283081,2.018550157546997,2.3568832874298096,2.521514415740967,2.4098520278930664,2.7561473846435547,2.795835256576538,3.05854868888855
A15,3.2699503898620605,3.1134490966796875,2.812622547149658,2.5652363300323486,2.572532892227173,2.248159170150757,1.9471579790115356,1.7751554250717163,1.4038723707199097,1.395848274230957,1.207942008972168,0.9388111233711243,0.6281222701072693,0.36904871463775635,0.0,2.769737720489502,2.6130778789520264,2.3404953479766846,2.0613315105438232,2.193685531616211,1.8783490657806396,1.5886660814285278,1.2981213331222534,1.0899001359939575,0.904025137424469,0.5458071827888489,0.6917219758033752,0.6132388114929199,0.9620006680488586,1.0399999618530273,1.630569338798523,1.3539429903030396,1.379359483718872,1.5223164558410645,1.206613302230835,1.483899474143982,1.6995385885238647,2.019548177719116,2.192997455596924,2.471644401550293,2.7391366958618164,2.6587939262390137,2.9769365787506104,3.015326738357544,3.3637657165527344,3.6258225440979004,3.370861291885376,3.043104410171509,2.921724557876587,2.7295238971710205,2.4758245944976807,2.2526614665985107,2.2837963104248047,1.9310225248336792,2.1013343334198,2.171569585800171,1.8360041379928589,1.837887167930603,1.5091766119003296,1.7201818227767944,1.3064333200454712,1.2171381711959839,1.1577402353286743,1.4912630319595337,1.3895201683044434,1.733200192451477,1.8337070941925049,2.211503028869629,2.3676466941833496,2.7127625942230225,2.8747129440307617,2.7451090812683105,3.081982374191284,3.0965068340301514,3.348896026611328
B1,3.226738929748535,2.841468095779419,2.6587531566619873,2.4834606647491455,2.120734214782715,2.0593061447143555,2.1052465438842773,2.2975292205810547,2.2166967391967773,2.449644088745117,2.71795392036438,2.5031514167785645,2.641279458999634,2.4826853275299072,2.769737720489502,0.0,0.4005924463272095,0.6004302501678467,0.85248863697052,1.0791406631469727,1.3512471914291382,1.493167519569397,1.7313536405563354,2.049337148666382,2.268308162689209,2.3679146766662598,2.4286623001098633,2.805999994277954,3.000960111618042,3.25756573677063,3.285874605178833,2.9278318881988525,2.7303593158721924,2.444791316986084,2.2450413703918457,1.9247167110443115,1.8393319845199585,1.6657726764678955,1.4371869564056396,1.3366749286651611,1.561145305633545,1.4679316282272339,1.3771483898162842,1.3079754114151,1.5759592056274414,2.7005422115325928,2.541471242904663,2.2822742462158203,2.53936505317688,2.45013689994812,2.5632741451263428,2.295224905014038,2.6135618686676025,2.5534074306488037,2.927133321762085,2.8763914108276367,2.6277506351470947,2.879194974899292,2.8268871307373047,2.977632522583008,2.1835131645202637,2.200521469116211,1.9073292016983032,1.7845442295074463,2.0750293731689453,1.9634168148040771,1.6766016483306885,1.6811307668685913,1.6846314668655396,1.8226503133773804,1.5554734468460083,1.5334181785583496,1.7268681526184082,1.9023624658584595,1.915675401687622
B2,3.013683795928955,2.6411283016204834,2.4221153259277344,2.2813899517059326,1.9245175123214722,1.8855232000350952,1.8868963718414307,2.119802236557007,2.033524513244629,2.3145785331726074,2.5516536235809326,2.3159477710723877,2.4838602542877197,2.329253673553467,2.6130778789520264,0.4005924463272095,0.0,0.3842821419239044,0.5705418586730957,0.7050371170043945,1.0066511631011963,1.2041693925857544,1.4621866941452026,1.7847023010253906,2.0118842124938965,2.162158966064453,2.2125508785247803,2.592719078063965,2.777588129043579,3.062126636505127,2.9599106311798096,2.614959239959717,2.410247802734375,2.1070239543914795,1.9449399709701538,1.6018598079681396,1.497597336769104,1.2882306575775146,1.0646682977676392,0.9373098015785217,1.1789838075637817,1.1214549541473389,1.0824074745178223,1.1032181978225708,1.4189388751983643,2.4066457748413086,2.266984224319458,1.9801082611083984,2.2347912788391113,2.181356906890869,2.270761013031006,1.9791713953018188,2.2765674591064453,2.218860387802124,2.5816524028778076,2.508439064025879,2.271768569946289,2.5229344367980957,2.4960498809814453,2.6402587890625,2.210632562637329,2.1770102977752686,1.841021180152893,1.7257131338119507,1.9593408107757568,1.8389639854431152,1.5068910121917725,1.5374853610992432,1.4707707166671753,1.6577658653259277,1.3966152667999268,1.2851635217666626,1.4715877771377563,1.5902214050292969,1.6063625812530518
B3,2.7235941886901855,2.3549818992614746,2.1325440406799316,1.9564188718795776,1.613775610923767,1.533334732055664,1.5325835943222046,1.7460507154464722,1.6644611358642578,1.9373046159744263,2.1866447925567627,1.970350980758667,2.152623414993286,2.0322976112365723,2.3404953479766846,0.6004302501678467,0.3842821419239044,0.0,0.38531601428985596,0.5852993130683899,0.8538342714309692,0.9397602081298828,1.2375065088272095,1.516717791557312,1.7854691743850708,1.900916337966919,1.9103045463562012,2.2886993885040283,2.453422784805298,2.7255027294158936,2.7619402408599854,2.4193003177642822,2.1859130859375,1.9208126068115234,1.7314612865447998,1.4176779985427856,1.2812176942825317,1.1561511754989624,0.9016380906105042,0.9267756342887878,1.1654201745986938,1.0130119323730469,1.0496385097503662,1.0113155841827393,1.3607399463653564,2.3014674186706543,2.1078133583068848,1.8126908540725708,2.021512746810913,1.9162479639053345,1.9918586015701294,1.7125895023345947,2.0295817852020264,1.9613878726959229,2.3403337001800537,2.3143491744995117,2.067394971847534,2.341470241546631,2.3088386058807373,2.498756170272827,1.9164862632751465,1.8412178754806519,1.5048820972442627,1.3596688508987427,1.583014726638794,1.455140233039856,1.1292673349380493,1.1784756183624268,1.156036615371704,1.3737810850143433,1.1753677129745483,1.0854040384292603,1.3535012006759644,1.5072600841522217,1.6113338470458984
B4,2.803098440170288,2.461333990097046,2.191213369369507,2.022885322570801,1.7208284139633179,1.6056491136550903,1.5118122100830078,1.7129253149032593,1.560497522354126,1.857147455215454,2.0512330532073975,1.7839337587356567,1.943507194519043,1.7807960510253906,2.0613315105438232,0.85248863697052,0.5705418586730957,0.38531601428985596,0.0,0.3938824534416199,0.5261564254760742,0.6555581092834473,0.8973259925842285,1.2189594507217407,1.4476622343063354,1.5959774255752563,1.6482049226760864,2.0279417037963867,2.225728988647461,2.516101121902466,2.4354567527770996,2.080612897872925,1.8782343864440918,1.5978174209594727,1.3965967893600464,1.0768520832061768,1.0084309577941895,0.893311619758606,0.7523917555809021,0.798221230506897,1.1235196590423584,1.0510202646255493,1.2001129388809204,1.2591774463653564,1.629668116569519,2.3851778507232666,2.206526279449463,1.8721766471862793,2.0401463508605957,1.9550766944885254,1.9584366083145142,1.634996771812439,1.9031941890716553,1.775667667388916,2.1410317420959473,2.0820748805999756,1.802932620048523,2.042863130569458,1.9785668849945068,2.1486833095550537,1.822676658630371,1.752210021018982,1.3844571113586426,1.3257544040679932,1.5152066946029663,1.4578604698181152,1.135886788368225,1.2947161197662354,1.2598628997802734,1.5550490617752075,1.4143809080123901,1.246530294418335,1.5196641683578491,1.5927770137786865,1.7051396369934082
B5,2.6151211261749268,2.2858669757843018,1.9942724704742432,1.8897147178649902,1.5894813537597656,1.5439172983169556,1.4302496910095215,1.6994572877883911,1.5867996215820312,1.9326413869857788,2.0987679958343506,1.8355932235717773,2.0478885173797607,1.918651819229126,2.193685531616211,1.0791406631469727,0.7050371170043945,0.5852993130683899,0.3938824534416199,0.0,0.3734544813632965,0.6323404312133789,0.9260703921318054,1.2111735343933105,1.4640793800354004,1.6824051141738892,1.6943435668945312,2.0640311241149902,2.2227048873901367,2.542713165283203,2.294079542160034,1.9723925590515137,1.7426766157150269,1.4347814321517944,1.3246426582336426,0.9659821391105652,0.8101794123649597,0.5911039113998413,0.39959952235221863,0.41745591163635254,0.7420961260795593,0.7178224921226501,0.9286081194877625,1.0868853330612183,1.4562548398971558,2.0531768798828125,1.9092305898666382,1.561120629310608,1.7443418502807617,1.7194178104400635,1.7211073637008667,1.382368564605713,1.631088137626648,1.5434448719024658,1.8934787511825562,1.8059964179992676,1.5687133073806763,1.8274385929107666,1.831601858139038,1.9958858489990234,2.119178056716919,1.9940104484558105,1.6148242950439453,1.5295674800872803,1.6365312337875366,1.531699299812317,1.1665469408035278,1.290981650352478,1.1415371894836426,1.4457584619522095,1.2956713438034058,1.0381219387054443,1.2616961002349854,1.2636250257492065,1.3695271015167236
B6,2.6711983680725098,2.3746931552886963,2.0496418476104736,1.9342427253723145,1.6912468671798706,1.5917390584945679,1.394667387008667,1.6233665943145752,1.4424402713775635,1.7928707599639893,1.9019834995269775,1.5993365049362183,1.7870756387710571,1.6309722661972046,1.8783490657806396,1.3512471914291382,1.0066511631011963,0.8538342714309692,0.5261564254760742,0.3734544813632965,0.0,0.3841017484664917,0.5838178992271423,0.8876533508300781,1.104621410369873,1.3517986536026,1.3929024934768677,1.75504732131958,1.940059781074524,2.270077705383301,1.9540520906448364,1.6170926094055176,1.411780834197998,1.1005282402038574,0.9647958874702454,0.603870153427124,0.5379488468170166,0.4066017270088196,0.47557106614112854,0.6111993193626404,0.9442514777183533,0.9609429240226746,1.2457863092422485,1.4143141508102417,1.7835512161254883,2.221435546875,2.0711140632629395,1.70265793800354,1.814682126045227,1.78187096118927,1.702767014503479,1.3380085229873657,1.527439832687378,1.3603699207305908,1.6951572895050049,1.5919424295425415,1.3068325519561768,1.530941128730774,1.4901736974716187,1.6534250974655151,1.9841234683990479,1.8548016548156738,1.4678400754928589,1.457932949066162,1.5227606296539307,1.491398811340332,1.1655082702636719,1.3861734867095947,1.2710579633712769,1.6256613731384277,1.5515472888946533,1.2836006879806519,1.5274559259414673,1.4865394830703735,1.6233463287353516
B7,2.484973430633545,2.2012901306152344,1.8770301342010498,1.7105042934417725,1.5092658996582031,1.3395920991897583,1.1076111793518066,1.2835637331008911,1.0701016187667847,1.4130686521530151,1.5232868194580078,1.2263352870941162,1.426360845565796,1.3067374229431152,1.5886660814285278,1.493167519569397,1.2041693925857544,0.9397602081298828,0.6555581092834473,0.6323404312133789,0.3841017484664917,0.0,0.38498520851135254,0.5979391932487488,0.9000173807144165,1.0780047178268433,1.0625213384628296,1.4342561960220337,1.6068507432937622,1.922296404838562,1.8379002809524536,1.4973307847976685,1.2555022239685059,1.026526927947998,0.809262216091156,0.5493407845497131,0.45640918612480164,0.6046690344810486,0.6336917877197266,0.9198974370956421,1.188921570777893,1.102226734161377,1.4066230058670044,1.500200867652893,1.8667131662368774,2.280580520629883,2.0728838443756104,1.712593674659729,1.7583696842193604,1.653189778327942,1.5420618057250977,1.19925856590271,1.4046608209609985,1.1989006996154785,1.5581638813018799,1.5338321924209595,1.222988247871399,1.4706305265426636,1.3982893228530884,1.6315066814422607,1.6880351305007935,1.5150222778320312,1.1317131519317627,1.1239159107208252,1.1511609554290771,1.1521785259246826,0.8689690232276917,1.1595624685287476,1.1201425790786743,1.4988808631896973,1.5098029375076294,1.2902072668075562,1.594327688217163,1.6007670164108276,1.8075600862503052
B8,2.749662399291992,2.496419906616211,2.157965660095215,1.9880226850509644,1.8338327407836914,1.630920648574829,1.352251648902893,1.456929087638855,1.1650714874267578,1.4692161083221436,1.5014069080352783,1.1496769189834595,1.2694056034088135,1.072947382926941,1.2981213331222534,1.7313536405563354,1.4621866941452026,1.2375065088272095,0.8973259925842285,0.9260703921318054,0.5838178992271423,0.38498520851135254,0.0,0.3859010338783264,0.5540297031402588,0.768975555896759,0.8578753471374512,1.2156109809875488,1.4564765691757202,1.7731428146362305,1.6010864973068237,1.2277579307556152,1.0613665580749512,0.8474311232566833,0.5383943915367126,0.376356303691864,0.5640259981155396,0.7713978290557861,0.9473111629486084,1.1793007850646973,1.4751101732254028,1.448204517364502,1.7634867429733276,1.8790769577026367,2.2471485137939453,2.5936033725738525,2.399336099624634,2.033010244369507,2.042196750640869,1.9453965425491333,1.7770593166351318,1.4329551458358765,1.560352087020874,1.2783987522125244,1.5871580839157104,1.5332343578338623,1.175749659538269,1.337835431098938,1.1717000007629395,1.3802000284194946,1.6212658882141113,1.4848240613937378,1.1170932054519653,1.2333685159683228,1.2422771453857422,1.349001169204712,1.1465378999710083,1.482956051826477,1.4768527746200562,1.8603624105453491,1.8918806314468384,1.670086145401001,1.964525818824768,1.939319133758545,2.132626533508301
B9,2.57029390335083,2.358750104904175,2.0130324363708496,1.8380917310714722,1.7582651376724243,1.5278902053833008,1.1978340148925781,1.2463313341140747,0.9287938475608826,1.2243484258651733,1.185815453529358,0.8274135589599609,0.9799184203147888,0.8582039475440979,1.0899001359939575,2.049337148666382,1.7847023010253906,1.516717791557312,1.2189594507217407,1.2111735343933105,0.8876533508300781,0.5979391932487488,0.3859010338783264,0.0,0.39202195405960083,0.5629591941833496,0.5227994322776794,0.869363009929657,1.0790904760360718,1.4085010290145874,1.3607733249664307,1.0140269994735718,0.7969117164611816,0.7146814465522766,0.3838959336280823,0.4899898171424866,0.6118983626365662,0.9511973857879639,1.1268821954727173,1.4270696640014648,1.6619998216629028,1.599299669265747,1.9416499137878418,2.039374351501465,2.390122175216675,2.5970654487609863,2.3789572715759277,2.025444507598877,1.960449457168579,1.836108922958374,1.6119269132614136,1.3026412725448608,1.381291151046753,1.056187391281128,1.340960144996643,1.3512790203094482,0.9912140369415283,1.1548748016357422,0.979300320148468,1.2643274068832397,1.6048076152801514,1.3984746932983398,1.0710320472717285,1.195291519165039,1.0875073671340942,1.2312161922454834,1.1066125631332397,1.4669266939163208,1.4804794788360596,1.8638867139816284,1.9710493087768555,1.761187195777893,2.062620162963867,2.0325214862823486,2.2713098526000977
B10,2.9220237731933594,2.729983329772949,2.3781697750091553,2.212937116622925,2.147860050201416,1.913740873336792,1.5778448581695557,1.5927501916885376,1.2498435974121094,1.4858794212341309,1.3793957233428955,1.0030238628387451,1.0267750024795532,0.802322506904602,0.904025137424469,2.268308162689209,2.0118842124938965,1.7854691743850708,1.4476622343063354,1.4640793800354004,1.104621410369873,0.9000173807144165,0.5540297031402588,0.39202195405960083,0.0,0.38452011346817017,0.5685897469520569,0.8154686689376831,1.1118139028549194,1.4226480722427368,1.185226559638977,0.8008463978767395,0.7421824932098389,0.6947228312492371,0.33084774017333984,0.6021137833595276,0.8833839297294617,1.1701984405517578,1.4182755947113037,1.6612764596939087,1.924294114112854,1.9162187576293945,2.2597906589508057,2.3843061923980713,2.7423298358917236,2.9230687618255615,2.7287614345550537,2.369279384613037,2.299253463745117,2.1992578506469727,1.9506332874298096,1.6409351825714111,1.6594234704971313,1.3032361268997192,1.5120360851287842,1.4693740606307983,1.0962355136871338,1.1320003271102905,0.8400187492370605,1.059877872467041,1.6853827238082886,1.5408211946487427,1.2515658140182495,1.4647128582000732,1.3762948513031006,1.5776678323745728,1.4837380647659302,1.8510067462921143,1.869725227355957,2.254272937774658,2.3488473892211914,2.1271560192108154,2.4157326221466064,2.358558416366577,2.571300506591797
B11,2.9733009338378906,2.787283420562744,2.4598278999328613,2.245110034942627,2.206080198287964,1.9202326536178589,1.5995211601257324,1.524359107017517,1.1495654582977295,1.292304515838623,1.1676841974258423,0.7992416620254517,0.706625759601593,0.42593374848365784,0.5458071827888489,2.3679146766662598,2.162158966064453,1.900916337966919,1.5959774255752563,1.6824051141738892,1.3517986536026,1.0780047178268433,0.768975555896759,0.5629591941833496,0.38452011346817017,0.0,0.3764772415161133,0.5899835228919983,0.9461374878883362,1.191649317741394,1.3855069875717163,1.0381510257720947,0.9895493984222412,1.0418195724487305,0.6886672377586365,0.9396041035652161,1.1635092496871948,1.4753612279891968,1.6654789447784424,1.9368942975997925,2.203463315963745,2.145061492919922,2.472989797592163,2.545485019683838,2.9007277488708496,3.1484062671661377,2.916896343231201,2.5722618103027344,2.482146978378296,2.326950788497925,2.0830698013305664,1.8126637935638428,1.857607126235962,1.5046135187149048,1.7185009717941284,1.7452256679534912,1.3855066299438477,1.4315537214279175,1.1294870376586914,1.3662493228912354,1.3892465829849243,1.2496216297149658,1.0245331525802612,1.2991875410079956,1.2062679529190063,1.4816093444824219,1.4777768850326538,1.8608037233352661,1.9550431966781616,2.324068069458008,2.4520223140716553,2.2811484336853027,2.6015303134918213,2.590934991836548,2.8279078006744385
B12,2.6351685523986816,2.469916582107544,2.1495912075042725,1.9304351806640625,1.9355533123016357,1.6427676677703857,1.3083786964416504,1.201504111289978,0.8369180560112,0.9835151433944702,0.8255016803741455,0.45391181111335754,0.4947696030139923,0.46151450276374817,0.6917219758033752,2.4286623001098633,2.2125508785247803,1.9103045463562012,1.6482049226760864,1.6943435668945312,1.3929024934768677,1.0625213384628296,0.8578753471374512,0.5227994322776794,0.5685897469520569,0.3764772415161133,0.0,0.38020074367523193,0.6440304517745972,0.9251490831375122,1.3661503791809082,1.074344515800476,0.9118850827217102,1.0354433059692383,0.7383818626403809,0.9930123686790466,1.103420376777649,1.4641488790512085,1.6100717782974243,1.9346561431884766,2.151271104812622,2.047455072402954,2.3823654651641846,2.4311599731445312,2.766681432723999,2.940277099609375,2.6853246688842773,2.3602817058563232,2.2303833961486816,2.047480583190918,1.7904584407806396,1.5610719919204712,1.60520601272583,1.265384316444397,1.4845577478408813,1.5857317447662354,1.2568483352661133,1.3630348443984985,1.133222222328186,1.444111704826355,1.4204468727111816,1.1788983345031738,0.9699596762657166,1.1679184436798096,0.9723963141441345,1.2322183847427368,1.271368384361267,1.6446011066436768,1.7448625564575195,2.0997378826141357,2.276618003845215,2.122241497039795,2.4450619220733643,2.446194887161255,2.7182672023773193
B13,2.7497212886810303,2.633542537689209,2.3216373920440674,2.1117355823516846,2.177284002304077,1.8816497325897217,1.5430771112442017,1.3817695379257202,1.048585295677185,1.0980867147445679,0.8189308047294617,0.5554489493370056,0.46598297357559204,0.5539274215698242,0.6132388114929199,2.805999994277954,2.592719078063965,2.2886993885040283,2.0279417037963867,2.0640311241149902,1.75504732131958,1.4342561960220337,1.2156109809875488,0.869363009929657,0.8154686689376831,0.5899835228919983,0.38020074367523193,0.0,0.3819100558757782,0.6163513660430908,1.2859059572219849,1.0733890533447266,0.9758036732673645,1.2119140625,0.9838315844535828,1.3012938499450684,1.4213985204696655,1.7900091409683228,1.9551045894622803,2.2830982208251953,2.4819509983062744,2.3823087215423584,2.725729465484619,2.7750391960144043,3.0996203422546387,3.179429769515991,2.9230196475982666,2.6137263774871826,2.4389147758483887,2.2529919147491455,1.9622292518615723,1.7781139612197876,1.7620561122894287,1.416731595993042,1.5527819395065308,1.6841375827789307,1.3920716047286987,1.4334179162979126,1.1865415573120117,1.4888265132904053,1.5888053178787231,1.3461296558380127,1.2305947542190552,1.4427248239517212,1.2005747556686401,1.4800360202789307,1.5790475606918335,1.9373912811279297,2.0450849533081055,2.3837151527404785,2.593332529067993,2.444866180419922,2.759392738342285,2.748511791229248,3.0314908027648926
