,A1,A2,A3,A4,A5,A6,A7,A8,A9,A10,A11,A12,A13,A14,A15,B1,B2,B3,B4,B5,B6,B7,B8,B9,B10,B11,B12,B13,B14,B15,C1,C2,C3,C4,C5,C6,C7,C8,C9,C10,C11,C12,C13,C14,C15,D1,D2,D3,D4,D5,D6,D7,D8,D9,D10,D11,D12,D13,D14,D15,E1,E2,E3,E4,E5,E6,E7,E8,E9,E10,E11,E12,E13,E14,E15
A1,0.0,0.3930060565471649,0.6090880632400513,0.9369792342185974,1.2047542333602905,1.475890874862671,1.733027696609497,1.631617546081543,1.6253225803375244,1.9667595624923706,2.0968847274780273,2.0079498291015625,2.0571646690368652,2.297133445739746,2.5244951248168945,2.8314478397369385,2.590548276901245,2.281198263168335,1.9754066467285156,1.8314743041992188,1.46096670627594,1.4729342460632324,1.6898341178894043,1.4899019002914429,1.1996506452560425,1.4694509506225586,1.636346697807312,1.3860561847686768,1.0798938274383545,1.320220947265625,1.6693675518035889,1.4772659540176392,1.124144434928894,1.0955754518508911,0.789604127407074,0.796870231628418,0.7297446727752686,1.0241105556488037,1.2115248441696167,1.1927763223648071,1.3003169298171997,1.5532490015029907,1.6717920303344727,1.580011248588562,1.829030156135559,3.0351569652557373,2.8255233764648438,2.545039653778076,2.2297165393829346,2.253000020980835,1.9037714004516602,2.0501646995544434,2.1376805305480957,1.8143460750579834,1.6690808534622192,1.966597080230713,1.95602285861969,1.609031319618225,1.4513590335845947,1.6907403469085693,1.565086841583252,1.535692811012268,1.706084132194519,1.6548470258712769,2.0190041065216064,2.075671672821045,2.3915011882781982,2.216658115386963,1.9765783548355103,2.3000621795654297,2.5026519298553467,2.261697292327881,2.153801202774048,2.452847719192505,2.706382989883423
A2,0.3930060565471649,0.0,0.37911850214004517,0.61724454164505,0.8892667293548584,1.1820522546768188,1.411335825920105,1.2655797004699707,1.2704052925109863,1.6238913536071777,1.7266476154327393,1.6245237588882446,1.695417881011963,1.946760654449463,2.153494358062744,2.608546018600464,2.333775758743286,2.051699638366699,1.7180078029632568,1.5792970657348633,1.2218334674835205,1.2240216732025146,1.3790770769119263,1.1586161851882935,0.8709577322006226,1.1345716714859009,1.2618333101272583,0.9977869391441345,0.7001848816871643,0.9642052054405212,1.4796463251113892,1.332210659980774,0.9514698386192322,0.9350823163986206,0.7348352670669556,0.6818760633468628,0.805401623249054,1.0866509675979614,1.161805510520935,1.1867934465408325,1.3939759731292725,1.595426321029663,1.6408342123031616,1.569667100906372,1.8738495111465454,2.74423885345459,2.562346935272217,2.2603421211242676,1.973541021347046,2.0106608867645264,1.6620831489562988,1.8500598669052124,1.9752564430236816,1.660037875175476,1.5398226976394653,1.8822484016418457,1.899474859237671,1.573244333267212,1.4201053380966187,1.7203158140182495,1.480055570602417,1.4671821594238281,1.5586183071136475,1.504885196685791,1.8624613285064697,1.8734818696975708,2.2183175086975098,2.0995752811431885,1.8381623029708862,2.132758855819702,2.3825840950012207,2.183314561843872,2.041727066040039,2.296721935272217,2.5867490768432617
A3,0.6090880632400513,0.37911850214004517,0.0,0.38268229365348816,0.6060267686843872,0.8740953207015991,1.1300235986709595,1.0720202922821045,1.0805612802505493,1.3919999599456787,1.5374376773834229,1.506795883178711,1.5637073516845703,1.753872275352478,1.9927369356155396,2.5127060413360596,2.242396354675293,1.9924019575119019,1.645424723625183,1.5909489393234253,1.2394784688949585,1.3432890176773071,1.4428348541259766,1.1440510749816895,0.9643465280532837,1.274881362915039,1.304758071899414,0.9801105856895447,0.8112596273422241,1.1241533756256104,1.1375232934951782,0.9591245651245117,0.5776588320732117,0.5794388651847839,0.4593011140823364,0.5526002645492554,0.7710147500038147,0.9272629618644714,0.9881574511528015,1.132564902305603,1.3278157711029053,1.450645923614502,1.51131010055542,1.5315693616867065,1.840203881263733,2.5547592639923096,2.341146469116211,2.0297443866729736,1.7335325479507446,1.7164664268493652,1.3522003889083862,1.5012109279632568,1.6467154026031494,1.356332540512085,1.1926790475845337,1.5352120399475098,1.5929683446884155,1.293294906616211,1.0958970785140991,1.4074523448944092,1.6692728996276855,1.5792510509490967,1.6145117282867432,1.473688006401062,1.798931360244751,1.7482506036758423,2.080843448638916,1.9628243446350098,1.6577824354171753,1.921236515045166,2.1793301105499268,1.9669712781906128,1.7804388999938965,2.0313260555267334,2.3197224140167236
A4,0.9369792342185974,0.61724454164505,0.38268229365348816,0.0,0.3749185800552368,0.5780846476554871,0.8507950901985168,0.7564345598220825,0.7041437029838562,1.0304392576217651,1.1927855014801025,1.1483573913574219,1.1831836700439453,1.3762801885604858,1.619499683380127,2.2067811489105225,1.9148707389831543,1.6975406408309937,1.3339117765426636,1.3150596618652344,1.0007680654525757,1.1412665843963623,1.163098931312561,0.8253687024116516,0.7429438829421997,1.0589584112167358,1.0141304731369019,0.6817665100097656,0.6493799686431885,0.9933291673660278,1.103385090827942,0.9528740048408508,0.6043602228164673,0.5240145325660706,0.6019401550292969,0.5639925599098206,0.9118499755859375,1.0266731977462769,0.9434012174606323,1.1173261404037476,1.388857126235962,1.4508780241012573,1.4249577522277832,1.4697641134262085,1.812127709388733,2.1948444843292236,2.002765417098999,1.6796090602874756,1.4070533514022827,1.4187668561935425,1.0689506530761719,1.2856537103652954,1.4460153579711914,1.1635167598724365,1.0718061923980713,1.44956636428833,1.5091300010681152,1.2475134134292603,1.1091523170471191,1.466553807258606,1.5945929288864136,1.4940303564071655,1.4405773878097534,1.2806857824325562,1.5740103721618652,1.471892237663269,1.8212122917175293,1.761277198791504,1.445863962173462,1.6715447902679443,1.9700132608413696,1.8099699020385742,1.6025749444961548,1.7994704246520996,2.1196365356445312
A5,1.2047542333602905,0.8892667293548584,0.6060267686843872,0.3749185800552368,0.0,0.37742215394973755,0.5290066003799438,0.5169400572776794,0.6185113191604614,0.8572843074798584,0.9743037819862366,1.0351002216339111,1.1401758193969727,1.257562279701233,1.4765814542770386,2.350879669189453,2.0430610179901123,1.8864167928695679,1.5152487754821777,1.5519378185272217,1.2871142625808716,1.430729866027832,1.3704527616500854,1.0176278352737427,1.005436897277832,1.252397060394287,1.1022894382476807,0.743820309638977,0.8272509574890137,1.096627950668335,0.7965891361236572,0.7528303861618042,0.48919641971588135,0.5965266823768616,0.8230875134468079,0.8999783992767334,1.2401267290115356,1.288454294204712,1.2070565223693848,1.4426301717758179,1.6933339834213257,1.7040345668792725,1.6839107275009155,1.7843562364578247,2.1222116947174072,2.1770591735839844,1.989808201789856,1.6348803043365479,1.4072456359863281,1.3445539474487305,0.9871930480003357,1.1532903909683228,1.4009196758270264,1.1988375186920166,1.0500869750976562,1.4170777797698975,1.5629581212997437,1.368224024772644,1.169811487197876,1.5104011297225952,1.9455913305282593,1.846060872077942,1.7540184259414673,1.5699762105941772,1.8200079202651978,1.6513025760650635,1.9890646934509277,1.9656705856323242,1.622110366821289,1.7813609838485718,2.1023528575897217,1.9560590982437134,1.692509651184082,1.8441873788833618,2.1718318462371826
A6,1.475890874862671,1.1820522546768188,0.8740953207015991,0.5780846476554871,0.37742215394973755,0.0,0.38341024518013,0.5350084900856018,0.48332223296165466,0.6005393266677856,0.8417968153953552,0.960479199886322,0.9733186960220337,1.0054082870483398,1.2814953327178955,2.101076602935791,1.8089038133621216,1.6962008476257324,1.3421876430511475,1.4677523374557495,1.2550321817398071,1.4767872095108032,1.3781013488769531,1.0078786611557007,1.1244293451309204,1.3850433826446533,1.1884735822677612,0.8794997334480286,1.0666221380233765,1.3498601913452148,0.8278359770774841,0.7359572649002075,0.6136181950569153,0.5851180553436279,0.9163041114807129,0.9725087881088257,1.329594373703003,1.2930415868759155,1.1330488920211792,1.417472004890442,1.670446515083313,1.6029963493347168,1.5442754030227661,1.70701265335083,2.0374550819396973,1.8556170463562012,1.6446924209594727,1.2914352416992188,1.0643762350082397,0.9707831740379333,0.6185866594314575,0.8106908798217773,1.0660332441329956,0.9046087265014648,0.8087008595466614,1.1707663536071777,1.3236554861068726,1.1943166255950928,1.0506513118743896,1.3944770097732544,2.0080440044403076,1.855129599571228,1.7055346965789795,1.4654650688171387,1.6509426832199097,1.423035979270935,1.7328641414642334,1.7368659973144531,1.3795078992843628,1.4806102514266968,1.8132364749908447,1.6945576667785645,1.4025278091430664,1.5100990533828735,1.8445850610733032
A7,1.733027696609497,1.411335825920105,1.1300235986709595,0.8507950901985168,0.5290066003799438,0.38341024518013,0.0,0.3787555694580078,0.5449284315109253,0.5099622011184692,0.6000424027442932,0.8349740505218506,0.9564020037651062,0.9235513806343079,1.1182268857955933,2.289360761642456,1.9731101989746094,1.916368007659912,1.5639861822128296,1.691627025604248,1.523755669593811,1.6988474130630493,1.5329463481903076,1.18923020362854,1.3169982433319092,1.4959261417388916,1.2264745235443115,0.9390790462493896,1.1862684488296509,1.386238694190979,0.7796288132667542,0.8684763312339783,0.8323712348937988,0.9316795468330383,1.2581665515899658,1.328601360321045,1.687606930732727,1.6673009395599365,1.5162403583526611,1.7928686141967773,2.0526366233825684,1.9836424589157104,1.9153192043304443,2.0755555629730225,2.411104440689087,1.8993330001831055,1.736603021621704,1.359554648399353,1.228965401649475,1.1037969589233398,0.8200631737709045,0.9609905481338501,1.2841817140579224,1.2087724208831787,1.1024001836776733,1.4226746559143066,1.6283513307571411,1.5448150634765625,1.3760278224945068,1.6918913125991821,2.2898941040039062,2.172822952270508,2.000119209289551,1.7851958274841309,1.949572205543518,1.691629409790039,1.9967775344848633,2.049708604812622,1.6991150379180908,1.7466158866882324,2.0959739685058594,2.0119545459747314,1.7001512050628662,1.7473078966140747,2.0853912830352783
A8,1.631617546081543,1.2655797004699707,1.0720202922821045,0.7564345598220825,0.5169400572776794,0.5350084900856018,0.3787555694580078,0.0,0.3747406303882599,0.5275188684463501,0.4852703809738159,0.5660788416862488,0.7710585594177246,0.8775373697280884,1.0135563611984253,2.2266499996185303,1.8801237344741821,1.8013664484024048,1.4353077411651611,1.4933674335479736,1.335536003112793,1.440423607826233,1.2484185695648193,0.937514066696167,1.0390336513519287,1.158045768737793,0.8713388442993164,0.59722501039505,0.8831630349159241,1.0396877527236938,1.059166669845581,1.1342027187347412,0.9762645959854126,1.0430020093917847,1.2978262901306152,1.2834171056747437,1.6529308557510376,1.7134935855865479,1.5487713813781738,1.7591392993927002,2.0618295669555664,2.0453953742980957,1.9445445537567139,2.037433385848999,2.3934810161590576,1.9203852415084839,1.8128540515899658,1.4357513189315796,1.3193869590759277,1.299193024635315,1.0292282104492188,1.2598626613616943,1.5363781452178955,1.39517080783844,1.3416062593460083,1.696919560432434,1.848013997077942,1.7100868225097656,1.573133111000061,1.9193353652954102,2.069552183151245,2.0083911418914795,1.8348428010940552,1.683269739151001,1.8760943412780762,1.6544394493103027,1.9961094856262207,2.06899356842041,1.7472188472747803,1.8319165706634521,2.194350242614746,2.132195234298706,1.8599656820297241,1.9130160808563232,2.2693512439727783
A9,1.6253225803375244,1.2704052925109863,1.0805612802505493,0.7041437029838562,0.6185113191604614,0.48332223296165466,0.5449284315109253,0.3747406303882599,0.0,0.3808937668800354,0.5569448471069336,0.5194169878959656,0.5247355103492737,0.683797299861908,0.917576253414154,1.8607310056686401,1.5208348035812378,1.4332494735717773,1.0687187910079956,1.1626055240631104,1.0312260389328003,1.1960324048995972,1.0006202459335327,0.6656101942062378,0.8734548091888428,1.0443202257156372,0.7793102860450745,0.5613884329795837,0.879413366317749,1.1062053442001343,1.2458477020263672,1.2122527360916138,1.0355333089828491,0.9619631767272949,1.2101542949676514,1.1191024780273438,1.4970377683639526,1.5413283109664917,1.3125511407852173,1.507245421409607,1.8310045003890991,1.7923036813735962,1.644871473312378,1.738741159439087,2.0947911739349365,1.6292096376419067,1.5093755722045898,1.1474474668502808,1.0006924867630005,1.0552105903625488,0.812514066696167,1.1257503032684326,1.3315790891647339,1.1557530164718628,1.1954025030136108,1.5555778741836548,1.644546627998352,1.505942940711975,1.4491825103759766,1.810226321220398,1.8229496479034424,1.7267571687698364,1.5169150829315186,1.3460159301757812,1.512591004371643,1.2822438478469849,1.6260998249053955,1.7123106718063354,1.4055365324020386,1.490399956703186,1.8566354513168335,1.8196619749069214,1.5725829601287842,1.6153188943862915,1.9790054559707642
A10,1.9667595624923706,1.6238913536071777,1.3919999599456787,1.0304392576217651,0.8572843074798584,0.6005393266677856,0.5099622011184692,0.5275188684463501,0.3808937668800354,0.0,0.3841346502304077,0.5487595200538635,0.5148835778236389,0.4237295091152191,0.689090371131897,1.8493006229400635,1.5210106372833252,1.5239341259002686,1.2004787921905518,1.381881833076477,1.3189812898635864,1.5150142908096313,1.2796493768692017,0.9798423647880554,1.2395387887954712,1.3787403106689453,1.0705302953720093,0.9090996980667114,1.249472737312317,1.4415359497070312,1.2617944478988647,1.2730354070663452,1.2079061269760132,1.1573715209960938,1.4670937061309814,1.4207676649093628,1.79482102394104,1.7770739793777466,1.5292999744415283,1.76603364944458,2.0698015689849854,1.9709254503250122,1.8120787143707275,1.9628442525863647,2.3018836975097656,1.4203245639801025,1.3072509765625,0.9253723621368408,0.8706357479095459,0.8614785075187683,0.7095323801040649,0.987667441368103,1.2277039289474487,1.157794713973999,1.2162364721298218,1.5262552499771118,1.6557754278182983,1.6003801822662354,1.5519331693649292,1.8848354816436768,2.143031358718872,2.0197792053222656,1.7720470428466797,1.565765380859375,1.6574249267578125,1.3600564002990723,1.6534479856491089,1.7861133813858032,1.4760273694992065,1.4649440050125122,1.8393148183822632,1.841497778892517,1.5586034059524536,1.5222419500350952,1.883009910583496
A11,2.0968847274780273,1.7266476154327393,1.5374376773834229,1.1927855014801025,0.9743037819862366,0.8417968153953552,0.6000424027442932,0.4852703809738159,0.5569448471069336,0.3841346502304077,0.0,0.37209969758987427,0.5781700015068054,0.5348854660987854,0.5682295560836792,2.09879732131958,1.745603322982788,1.7675236463546753,1.445029616355896,1.5678478479385376,1.5220940113067627,1.6374998092651367,1.3578709363937378,1.109364628791809,1.3255239725112915,1.3706897497177124,1.0132595300674438,0.8946754932403564,1.2556288242340088,1.3524142503738403,1.360242486000061,1.4654958248138428,1.389359951019287,1.4166122674942017,1.707578420639038,1.663618803024292,2.041701078414917,2.0699403285980225,1.8463878631591797,2.0592827796936035,2.377187728881836,2.311880111694336,2.156442880630493,2.2728359699249268,2.62383770942688,1.6212613582611084,1.5833200216293335,1.2099180221557617,1.225103497505188,1.223118782043457,1.0829471349716187,1.3231805562973022,1.5950849056243896,1.5333389043807983,1.555475115776062,1.8697556257247925,2.022953510284424,1.9540404081344604,1.8698254823684692,2.204054355621338,2.3066093921661377,2.240596055984497,1.9976935386657715,1.844312310218811,1.9540868997573853,1.6756536960601807,1.9805090427398682,2.1339778900146484,1.8381537199020386,1.8313615322113037,2.2088732719421387,2.22141170501709,1.942611813545227,1.8978602886199951,2.2576708793640137
A12,2.0079498291015625,1.6245237588882446,1.506795883178711,1.1483573913574219,1.0351002216339111,0.960479199886322,0.8349740505218506,0.5660788416862488,0.5194169878959656,0.5487595200538635,0.37209969758987427,0.0,0.3698815405368805,0.5736799836158752,0.5738443732261658,1.939784049987793,1.5659877061843872,1.5596530437469482,1.2372665405273438,1.2967056035995483,1.2829402685165405,1.3422287702560425,1.0317083597183228,0.8443112969398499,1.0696526765823364,1.0532160997390747,0.6837330460548401,0.6720920205116272,1.0520408153533936,1.118202567100525,1.5974504947662354,1.65447199344635,1.498150110244751,1.473396897315979,1.7058759927749634,1.5856049060821533,1.9570547342300415,2.0394022464752197,1.7979201078414917,1.9477699995040894,2.295435905456543,2.267972469329834,2.080594778060913,2.1381874084472656,2.4976882934570312,1.6030588150024414,1.6067209243774414,1.2568953037261963,1.258391261100769,1.3592727184295654,1.2199029922485352,1.5261924266815186,1.7443395853042603,1.6174604892730713,1.68643319606781,2.0278334617614746,2.124023914337158,2.009706735610962,1.9646185636520386,2.3215506076812744,2.0283703804016113,2.0031895637512207,1.7532711029052734,1.6583292484283447,1.7815961837768555,1.5458698272705078,1.875564694404602,2.0415656566619873,1.7827633619308472,1.8146082162857056,2.192105293273926,2.2222542762756348,1.9892985820770264,1.9600205421447754,2.328296422958374
A13,2.0571646690368652,1.695417881011963,1.5637073516845703,1.1831836700439453,1.1401758193969727,0.9733186960220337,0.9564020037651062,0.7710585594177246,0.5247355103492737,0.5148835778236389,0.5781700015068054,0.3698815405368805,0.0,0.38280215859413147,0.5367406606674194,1.5744143724441528,1.2046173810958862,1.2190552949905396,0.9166092276573181,1.0449868440628052,1.0923420190811157,1.220207929611206,0.9074885845184326,0.7272869348526001,1.053961992263794,1.0928980112075806,0.7778869271278381,0.8042464852333069,1.16952645778656,1.3057900667190552,1.7199853658676147,1.7042949199676514,1.5549988746643066,1.4428545236587524,1.6736372709274292,1.5122852325439453,1.8753180503845215,1.9266924858093262,1.6371716260910034,1.7764887809753418,2.1274728775024414,2.067608118057251,1.8400623798370361,1.9095375537872314,2.257033586502075,1.2774943113327026,1.2762449979782104,0.947826623916626,0.9545083045959473,1.1303409337997437,1.0552139282226562,1.4019838571548462,1.5526801347732544,1.4215542078018188,1.5685760974884033,1.8915908336639404,1.9389350414276123,1.843319058418274,1.8660929203033447,2.2196860313415527,1.8823896646499634,1.8129558563232422,1.5211513042449951,1.401403784751892,1.4705206155776978,1.2120082378387451,1.525460958480835,1.7195767164230347,1.4862279891967773,1.492484211921692,1.8678719997406006,1.9336379766464233,1.725822925567627,1.6685456037521362,2.034867525100708
A14,2.297133445739746,1.946760654449463,1.753872275352478,1.3762801885604858,1.257562279701233,1.0054082870483398,0.9235513806343079,0.8775373697280884,0.683797299861908,0.4237295091152191,0.5348854660987854,0.5736799836158752,0.38280215859413147,0.0,0.36798718571662903,1.6169997453689575,1.2809202671051025,1.376875877380371,1.11803138256073,1.3353294134140015,1.3894950151443481,1.5704536437988281,1.2749735116958618,1.06926691532135,1.3980289697647095,1.4683915376663208,1.1442365646362305,1.1153963804244995,1.4846173524856567,1.6334762573242188,1.6744050979614258,1.6820091009140015,1.6184684038162231,1.5248347520828247,1.81377112865448,1.7090389728546143,2.075397253036499,2.0630226135253906,1.7685960531234741,1.9644025564193726,2.2872471809387207,2.1709110736846924,1.9519269466400146,2.087524890899658,2.416924238204956,1.0891683101654053,1.0763459205627441,0.7233832478523254,0.8285782933235168,0.9298716187477112,0.9401612281799316,1.236836552619934,1.4077284336090088,1.3694288730621338,1.5180072784423828,1.7938677072525024,1.879575490951538,1.8554136753082275,1.8747860193252563,2.200979709625244,2.2088325023651123,2.096437454223633,1.7928084135055542,1.6158393621444702,1.6295109987258911,1.3094125986099243,1.5644190311431885,1.779943585395813,1.5299636125564575,1.450939655303955,1.8262664079666138,1.9124209880828857,1.6656166315078735,1.5449235439300537,1.901517391204834
A15,2.5244951248168945,2.153494358062744,1.9927369356155396,1.619499683380127,1.4765814542770386,1.2814953327178955,1.1182268857955933,1.0135563611984253,0.917576253414154,0.689090371131897,0.5682295560836792,0.5738443732261658,0.5367406606674194,0.36798718571662903,0.0,1.8131864070892334,1.4668703079223633,1.5999642610549927,1.3655704259872437,1.5341441631317139,1.6234668493270874,1.7373908758163452,1.39829683303833,1.2579681873321533,1.563550353050232,1.5475293397903442,1.1919617652893066,1.2304798364639282,1.6121087074279785,1.68264639377594,1.881078839302063,1.947373867034912,1.8802337646484375,1.829676866531372,2.1114749908447266,2.0013930797576904,2.3725523948669434,2.391230344772339,2.1052963733673096,2.2812154293060303,2.6176702976226807,2.521077871322632,2.2959229946136475,2.4048373699188232,2.740434169769287,1.2267502546310425,1.3143020868301392,1.006144642829895,1.1773666143417358,1.2762399911880493,1.2944209575653076,1.5676060914993286,1.7610563039779663,1.7348030805587769,1.864903450012207,2.1425650119781494,2.243635892868042,2.216170310974121,2.2176527976989746,2.5467233657836914,2.4034042358398438,2.338256597518921,2.029099702835083,1.900423288345337,1.9140044450759888,1.6121759414672852,1.8617274761199951,2.104362726211548,1.8768012523651123,1.7915799617767334,2.1625313758850098,2.2692043781280518,2.0296943187713623,1.891423225402832,2.2410507202148438
B1,2.8314478397369385,2.608546018600464,2.5127060413360596,2.2067811489105225,2.350879669189453,2.101076602935791,2.289360761642456,2.2266499996185303,1.8607310056686401,1.8493006229400635,2.09879732131958,1.939784049987793,1.5744143724441528,1.6169997453689575,1.8131864070892334,0.0,0.3832587003707886,0.5859829783439636,0.9125580191612244,1.1545534133911133,1.440809965133667,1.667014718055725,1.570091724395752,1.612545371055603,1.9308757781982422,2.0404937267303467,1.983318567276001,2.0911059379577637,2.298013687133789,2.51237416267395,2.8880207538604736,2.691943883895874,2.5653326511383057,2.252457857131958,2.3657374382019043,2.101369857788086,2.290823459625244,2.2502408027648926,1.8859899044036865,1.8678654432296753,2.1205239295959473,1.9665966033935547,1.6052427291870117,1.6453256607055664,1.8006443977355957,0.9827406406402588,1.0073561668395996,1.1887065172195435,1.2045096158981323,1.5604280233383179,1.743572473526001,2.034095525741577,1.8561910390853882,1.7419273853302002,2.110462188720703,2.261108875274658,2.066701650619507,2.05268931388855,2.3389477729797363,2.589745283126831,1.8883858919143677,1.683711051940918,1.3338515758514404,1.234209418296814,0.9001256823539734,0.8026583194732666,0.6500545740127563,0.9992256164550781,1.167839527130127,1.043852686882019,1.1555509567260742,1.4583537578582764,1.5446407794952393,1.3793622255325317,1.558418869972229
B2,2.590548276901245,2.333775758743286,2.242396354675293,1.9148707389831543,2.0430610179901123,1.8089038133621216,1.9731101989746094,1.8801237344741821,1.5208348035812378,1.5210106372833252,1.745603322982788,1.5659877061843872,1.2046173810958862,1.2809202671051025,1.4668703079223633,0.3832587003707886,0.0,0.38559386134147644,0.6181906461715698,0.877582311630249,1.1783615350723267,1.390371322631836,1.2390735149383545,1.2765558958053589,1.6144649982452393,1.7029597759246826,1.617302656173706,1.7364155054092407,1.9650793075561523,2.1629412174224854,2.615025520324707,2.4487898349761963,2.304790496826172,2.017656087875366,2.149035692214966,1.8820172548294067,2.1152076721191406,2.107410430908203,1.7400165796279907,1.7433849573135376,2.042994737625122,1.9180330038070679,1.5640532970428467,1.5959949493408203,1.8213337659835815,0.8718523979187012,0.9197397828102112,0.9835370182991028,1.0047698020935059,1.3799303770065308,1.5210902690887451,1.848917841911316,1.7339229583740234,1.597402811050415,1.9408111572265625,2.143988847732544,1.9941474199295044,1.948960781097412,2.1888110637664795,2.4768433570861816,1.7298694849014282,1.5607715845108032,1.1857351064682007,1.091801404953003,0.8404898643493652,0.6695231199264526,0.7124726176261902,1.0588805675506592,1.115614891052246,1.032578706741333,1.2570409774780273,1.5057060718536377,1.5167516469955444,1.3739372491836548,1.6294957399368286
B3,2.281198263168335,2.051699638366699,1.9924019575119019,1.6975406408309937,1.8864167928695679,1.6962008476257324,1.916368007659912,1.8013664484024048,1.4332494735717773,1.5239341259002686,1.7675236463546753,1.5596530437469482,1.2190552949905396,1.376875877380371,1.5999642610549927,0.5859829783439636,0.38559386134147644,0.0,0.37720566987991333,0.5750988721847534,0.8593073487281799,1.0859742164611816,1.020517110824585,1.0674216747283936,1.3591402769088745,1.486193299293518,1.4730417728424072,1.5747379064559937,1.7418158054351807,1.9641879796981812,2.5109660625457764,2.3124380111694336,2.1254334449768066,1.8156474828720093,1.8905882835388184,1.5913983583450317,1.7923452854156494,1.8151068687438965,1.4584755897521973,1.4081010818481445,1.7157652378082275,1.6340399980545044,1.278082251548767,1.2518128156661987,1.4923452138900757,1.2036802768707275,1.1633700132369995,1.1569522619247437,1.0513333082199097,1.4204128980636597,1.4779452085494995,1.8184627294540405,1.6944243907928467,1.4833171367645264,1.8113958835601807,2.0392796993255615,1.859635353088379,1.7527501583099365,1.99769926071167,2.2931487560272217,1.3618700504302979,1.1760835647583008,0.8032549619674683,0.7281643152236938,0.5051524043083191,0.46156182885169983,0.6190277338027954,0.86606764793396,0.9302489757537842,0.9825983643531799,1.1979708671569824,1.3753321170806885,1.418317437171936,1.3755497932434082,1.6373094320297241
B4,1.9754066467285156,1.7180078029632568,1.645424723625183,1.3339117765426636,1.5152487754821777,1.3421876430511475,1.5639861822128296,1.4353077411651611,1.0687187910079956,1.2004787921905518,1.445029616355896,1.2372665405273438,0.9166092276573181,1.11803138256073,1.3655704259872437,0.9125580191612244,0.6181906461715698,0.37720566987991333,0.0,0.37699922919273376,0.5785087943077087,0.8504119515419006,0.751388430595398,0.7129632830619812,1.0284427404403687,1.1887180805206299,1.14791738986969,1.2110815048217773,1.3902313709259033,1.6289105415344238,2.163900375366211,1.9811300039291382,1.7784876823425293,1.4891008138656616,1.5816823244094849,1.291393518447876,1.5412349700927734,1.5832624435424805,1.2317122220993042,1.2277332544326782,1.5720165967941284,1.51190984249115,1.1904715299606323,1.1841109991073608,1.4908349514007568,1.2521443367004395,1.1719082593917847,1.0428615808486938,0.8824479579925537,1.2256369590759277,1.2076603174209595,1.5704575777053833,1.5058071613311768,1.2656590938568115,1.5521644353866577,1.826948642730713,1.6933249235153198,1.5543277263641357,1.7451285123825073,2.070239305496216,1.2742449045181274,1.102312684059143,0.7437256574630737,0.6131550073623657,0.581196665763855,0.43991246819496155,0.7763590812683105,0.9505540132522583,0.8652682900428772,0.9739245176315308,1.2676562070846558,1.3673925399780273,1.3292677402496338,1.3316973447799683,1.6453688144683838
B5,1.8314743041992188,1.5792970657348633,1.5909489393234253,1.3150596618652344,1.5519378185272217,1.4677523374557495,1.691627025604248,1.4933674335479736,1.1626055240631104,1.381881833076477,1.5678478479385376,1.2967056035995483,1.0449868440628052,1.3353294134140015,1.5341441631317139,1.1545534133911133,0.877582311630249,0.5750988721847534,0.37699922919273376,0.0,0.37494373321533203,0.5161527991294861,0.4879817068576813,0.5995380878448486,0.8215383291244507,0.9355453252792358,0.9999642372131348,1.1205869913101196,1.224664330482483,1.4307429790496826,2.2778406143188477,2.1019678115844727,1.8415459394454956,1.568299651145935,1.5911868810653687,1.2540178298950195,1.4735209941864014,1.6028680801391602,1.292635440826416,1.1999326944351196,1.5640220642089844,1.5918244123458862,1.2929643392562866,1.1752325296401978,1.4925605058670044,1.5878986120224,1.5419254302978516,1.3967020511627197,1.2331502437591553,1.5526185035705566,1.4718480110168457,1.8382900953292847,1.7990938425064087,1.5169275999069214,1.7573093175888062,2.062061071395874,1.9247715473175049,1.7256824970245361,1.889400839805603,2.226181745529175,0.9527969360351562,0.8687609434127808,0.5254132151603699,0.5917246341705322,0.7024646997451782,0.7441273927688599,1.066420555114746,1.174957513809204,1.1194219589233398,1.3033677339553833,1.5655430555343628,1.6255791187286377,1.6137540340423584,1.6699274778366089,1.9747601747512817
B6,1.46096670627594,1.2218334674835205,1.2394784688949585,1.0007680654525757,1.2871142625808716,1.2550321817398071,1.523755669593811,1.335536003112793,1.0312260389328003,1.3189812898635864,1.5220940113067627,1.2829402685165405,1.0923420190811157,1.3894950151443481,1.6234668493270874,1.440809965133667,1.1783615350723267,0.8593073487281799,0.5785087943077087,0.37494373321533203,0.0,0.381045937538147,0.5187861919403076,0.46069809794425964,0.5689525604248047,0.8157757520675659,0.9279791712760925,0.9430240988731384,0.9700842499732971,1.2373449802398682,2.0244407653808594,1.8280302286148071,1.5377556085586548,1.2635494470596313,1.2426140308380127,0.8938263654708862,1.1157039403915405,1.2765986919403076,1.001237154006958,0.9082974791526794,1.2860348224639893,1.3573837280273438,1.1165105104446411,0.9912089705467224,1.3434953689575195,1.8047912120819092,1.693472981452942,1.4979966878890991,1.2606724500656128,1.5167121887207031,1.3523657321929932,1.6980772018432617,1.6794768571853638,1.3561546802520752,1.5376746654510498,1.863456130027771,1.7383970022201538,1.4900965690612793,1.6141880750656128,1.9568606615066528,0.8400609493255615,0.7253174185752869,0.503680408000946,0.4967048466205597,0.783078134059906,0.8371960520744324,1.1928280591964722,1.1992895603179932,1.0671356916427612,1.3258640766143799,1.5888365507125854,1.5618170499801636,1.5233055353164673,1.6561830043792725,1.964154601097107
B7,1.4729342460632324,1.2240216732025146,1.3432890176773071,1.1412665843963623,1.430729866027832,1.4767872095108032,1.6988474130630493,1.440423607826233,1.1960324048995972,1.5150142908096313,1.6374998092651367,1.3422287702560425,1.220207929611206,1.5704536437988281,1.7373908758163452,1.667014718055725,1.390371322631836,1.0859742164611816,0.8504119515419006,0.5161527991294861,0.381045937538147,0.0,0.37631118297576904,0.5380235314369202,0.47533118724823,0.5713421106338501,0.8118158578872681,0.9230889678001404,0.876728355884552,1.0549613237380981,2.212989091873169,2.0546109676361084,1.7301642894744873,1.508192777633667,1.4497307538986206,1.0983009338378906,1.2879563570022583,1.5271613597869873,1.3079758882522583,1.1644113063812256,1.5294899940490723,1.6644245386123657,1.4481106996536255,1.2563728094100952,1.5882967710494995,2.051989793777466,1.9937738180160522,1.7899118661880493,1.592814564704895,1.8507133722305298,1.6729843616485596,2.0228869915008545,2.037856101989746,1.7159643173217773,1.8648169040679932,2.207341194152832,2.0984718799591064,1.8310304880142212,1.9199109077453613,2.26678204536438,0.6914756894111633,0.7693772912025452,0.6346124410629272,0.810019314289093,1.0840190649032593,1.1786997318267822,1.5204471349716187,1.5437285900115967,1.4428530931472778,1.696138620376587,1.9544566869735718,1.934890627861023,1.903841257095337,2.032353162765503,2.3422839641571045
B8,1.6898341178894043,1.3790770769119263,1.4428348541259766,1.163098931312561,1.3704527616500854,1.3781013488769531,1.5329463481903076,1.2484185695648193,1.0006202459335327,1.2796493768692017,1.3578709363937378,1.0317083597183228,0.9074885845184326,1.2749735116958618,1.39829683303833,1.570091724395752,1.2390735149383545,1.020517110824585,0.751388430595398,0.4879817068576813,0.5187861919403076,0.37631118297576904,0.0,0.37329480051994324,0.5118150115013123,0.47433316707611084,0.5544110536575317,0.7612826228141785,0.8623315691947937,0.9892007112503052,2.1474404335021973,2.038449287414551,1.744916558265686,1.5552704334259033,1.5836588144302368,1.2703096866607666,1.532955288887024,1.729666829109192,1.473994493484497,1.4107686281204224,1.7892073392868042,1.8678672313690186,1.626920461654663,1.504113793373108,1.8481987714767456,1.8148128986358643,1.8044525384902954,1.578993558883667,1.4464261531829834,1.713675856590271,1.5665804147720337,1.9357422590255737,1.988221526145935,1.7091432809829712,1.8706191778182983,2.2215683460235596,2.1526174545288086,1.9283769130706787,2.002743721008301,2.3651278018951416,1.0467931032180786,1.1030774116516113,0.873164176940918,0.976236879825592,1.171384334564209,1.161148190498352,1.5137561559677124,1.6181751489639282,1.4917415380477905,1.6740479469299316,1.9770007133483887,2.0028510093688965,1.9277074337005615,1.993480920791626,2.3286867141723633
B9,1.4899019002914429,1.1586161851882935,1.1440510749816895,0.8253687024116516,1.0176278352737427,1.0078786611557007,1.18923020362854,0.937514066696167,0.6656101942062378,0.9798423647880554,1.109364628791809,0.8443112969398499,0.7272869348526001,1.06926691532135,1.2579681873321533,1.612545371055603,1.2765558958053589,1.0674216747283936,0.7129632830619812,0.5995380878448486,0.46069809794425964,0.5380235314369202,0.37329480051994324,0.0,0.3796231150627136,0.5609593391418457,0.5112329721450806,0.526309609413147,0.6885976195335388,0.9219153523445129,1.7842351198196411,1.6684844493865967,1.386439561843872,1.2005523443222046,1.2714171409606934,0.9967254996299744,1.3125383853912354,1.4697526693344116,1.2146846055984497,1.2341700792312622,1.6093991994857788,1.6576181650161743,1.4493104219436646,1.3981786966323853,1.76173734664917,1.7331815958023071,1.659438133239746,1.3869510889053345,1.2083430290222168,1.4238969087600708,1.2313402891159058,1.5903702974319458,1.6695139408111572,1.3913400173187256,1.5206114053726196,1.8818515539169312,1.8450206518173218,1.6253106594085693,1.666610836982727,2.034849166870117,1.1980905532836914,1.1639071702957153,0.9505369067192078,0.915125846862793,1.1412742137908936,1.057684302330017,1.4353959560394287,1.5085010528564453,1.3042869567871094,1.4890037775039673,1.8154979944229126,1.8006868362426758,1.6745373010635376,1.7603428363800049,2.107414722442627
B10,1.1996506452560425,0.8709577322006226,0.9643465280532837,0.7429438829421997,1.005436897277832,1.1244293451309204,1.3169982433319092,1.0390336513519287,0.8734548091888428,1.2395387887954712,1.3255239725112915,1.0696526765823364,1.053961992263794,1.3980289697647095,1.563550353050232,1.9308757781982422,1.6144649982452393,1.3591402769088745,1.0284427404403687,0.8215383291244507,0.5689525604248047,0.47533118724823,0.5118150115013123,0.3796231150627136,0.0,0.3819584250450134,0.5422982573509216,0.5006997585296631,0.4170761704444885,0.6736118197441101,1.8003524541854858,1.6843370199203491,1.3472007513046265,1.199246883392334,1.177213430404663,0.8941429257392883,1.165071964263916,1.4058884382247925,1.2322832345962524,1.1992021799087524,1.5580205917358398,1.6851773262023926,1.534920334815979,1.42428719997406,1.7827914953231812,2.1115660667419434,2.0241732597351074,1.7469251155853271,1.5383073091506958,1.71686851978302,1.4692997932434082,1.7956537008285522,1.888540506362915,1.5792717933654785,1.6438034772872925,2.0160574913024902,1.981601357460022,1.7097296714782715,1.7064766883850098,2.0690500736236572,1.0645102262496948,1.103515625,1.0107417106628418,1.0426020622253418,1.3464725017547607,1.3394056558609009,1.7146059274673462,1.7253029346466064,1.5239380598068237,1.7656891345977783,2.066073179244995,1.9999018907546997,1.8874915838241577,2.031484603881836,2.3655014038085938
B11,1.4694509506225586,1.1345716714859009,1.274881362915039,1.0589584112167358,1.252397060394287,1.3850433826446533,1.4959261417388916,1.158045768737793,1.0443202257156372,1.3787403106689453,1.3706897497177124,1.0532160997390747,1.0928980112075806,1.4683915376663208,1.5475293397903442,2.0404937267303467,1.7029597759246826,1.486193299293518,1.1887180805206299,0.9355453252792358,0.8157757520675659,0.5713421106338501,0.47433316707611084,0.5609593391418457,0.3819584250450134,0.0,0.3777896761894226,0.5665171146392822,0.5256731510162354,0.5421409010887146,2.041360855102539,1.980012059211731,1.6509658098220825,1.54728364944458,1.5419925451278687,1.2723385095596313,1.5280866622924805,1.7851094007492065,1.609785556793213,1.5564593076705933,1.9174034595489502,2.051990032196045,1.8795660734176636,1.744081735610962,2.094621181488037,2.20279598236084,2.1810944080352783,1.906259536743164,1.760392427444458,1.9620728492736816,1.7437057495117188,2.083566904067993,2.1980364322662354,1.911056399345398,1.9855554103851318,2.3613288402557373,2.3392441272735596,2.0813539028167725,2.074814558029175,2.4405860900878906,1.1757394075393677,1.3125547170639038,1.2000982761383057,1.309988021850586,1.5747745037078857,1.568840742111206,1.937690019607544,1.998910665512085,1.827164649963379,2.0377681255340576,2.348982810974121,2.322009325027466,2.2130773067474365,2.318645477294922,2.6619386672973633
B12,1.636346697807312,1.2618333101272583,1.304758071899414,1.0141304731369019,1.1022894382476807,1.1884735822677612,1.2264745235443115,0.8713388442993164,0.7793102860450745,1.0705302953720093,1.0132595300674438,0.6837330460548401,0.7778869271278381,1.1442365646362305,1.1919617652893066,1.983318567276001,1.617302656173706,1.4730417728424072,1.14791738986969,0.9999642372131348,0.9279791712760925,0.8118158578872681,0.5544110536575317,0.5112329721450806,0.5422982573509216,0.3777896761894226,0.0,0.36452174186706543,0.5818423628807068,0.595477283000946,1.8567345142364502,1.8417786359786987,1.5577431917190552,1.4870468378067017,1.5721441507339478,1.3524335622787476,1.6692066192626953,1.8679801225662231,1.6628895998001099,1.6889928579330444,2.0559046268463135,2.132786273956299,1.9499473571777344,1.8847723007202148,2.247887134552002,1.9795783758163452,1.9740209579467773,1.6698379516601562,1.5700421333312988,1.7480931282043457,1.5465147495269775,1.8859621286392212,2.0406646728515625,1.7996482849121094,1.8714953660964966,2.247178316116333,2.2684102058410645,2.0542290210723877,2.0292742252349854,2.401609420776367,1.4839388132095337,1.557993769645691,1.3787622451782227,1.4108242988586426,1.628766417503357,1.534140706062317,1.903968095779419,2.0099997520446777,1.8018699884414673,1.9542418718338013,2.298177719116211,2.2931575775146484,2.137176513671875,2.1971752643585205,2.556680202484131
B13,1.3860561847686768,0.9977869391441345,0.9801105856895447,0.6817665100097656,0.743820309638977,0.8794997334480286,0.9390790462493896,0.59722501039505,0.5613884329795837,0.9090996980667114,0.8946754932403564,0.6720920205116272,0.8042464852333069,1.1153963804244995,1.2304798364639282,2.0911059379577637,1.7364155054092407,1.5747379064559937,1.2110815048217773,1.1205869913101196,0.9430240988731384,0.9230889678001404,0.7612826228141785,0.526309609413147,0.5006997585296631,0.5665171146392822,0.36452174186706543,0.0,0.3819088637828827,0.5526252388954163,1.507846713066101,1.4907180070877075,1.2011958360671997,1.1648123264312744,1.2688132524490356,1.1073390245437622,1.446227788925171,1.622987985610962,1.4524141550064087,1.5354769229888916,1.8804985284805298,1.9497814178466797,1.8156754970550537,1.793626070022583,2.1603944301605225,2.0337376594543457,1.9637541770935059,1.6292613744735718,1.4780569076538086,1.5896811485290527,1.3294992446899414,1.636269211769104,1.8201000690460205,1.577380895614624,1.5908101797103882,1.972920298576355,2.0261783599853516,1.8057758808135986,1.7326058149337769,2.1018056869506836,1.5615074634552002,1.579471468925476,1.4365264177322388,1.3941534757614136,1.6449124813079834,1.5267142057418823,1.9035124778747559,1.9630401134490967,1.7029403448104858,1.8708308935165405,2.215994119644165,2.1616976261138916,1.9715101718902588,2.0668301582336426,2.424302577972412
